{"conf_id": 0, "data_type": "random\n", "num_data_points": 1, "s_rank": 0, "unitary": "[[-0.45070455-0.02711853j,0.78437395-0.06613086j,0.06358678+0.19963393j,-0.07343613+0.35668523j],[-0.01890143-0.03813363j,0.32408202+0.25557629j,0.05872864-0.68979805j,0.55466693-0.20227297j],[-0.11215405+0.64023111j,-0.13344055+0.29565494j,-0.49012687-0.19046288j,-0.04241254+0.44046348j],[0.55771659+0.24656916j,0.31851997-0.05798805j,0.28761525-0.34294258j,-0.56718418+0.03616933j]]", "databatch_0": {"databatch": "[[[-0.11458899+0.03928362j,0.0435563+0.05453538j,0.02294759-0.11649752j,0.14355952+0.05525074j],[0.239814+0.27457382j,0.10239304-0.18339806j,-0.35068906+0.06859816j,-0.00938315-0.46283845j],[0.1138846+0.30497249j,0.14333106-0.12098589j,-0.31463533-0.05315627j,0.13796413-0.38968998j],[0.0272455-0.04205309j,-0.02810213-0.00661599j,0.02229414+0.04376376j,-0.06082023+0.01869768j]]]", "nelder_mead": {"0": {"maxiter": 100, "fatol": 1e-05, "xatol": 1e-05, "duration": 0.04510784149169922, "fun": "0.0006461134762503207", "nit": "100", "nfev": "162", "status": "2", "success": "False", "message": "Maximum number of iterations has been exceeded.", "x": "[6.06153775 0.83472313 6.00487563 1.49505751 3.49400917 4.24205107]", "final_simplex": "(array([[6.06153775, 0.83472313, 6.00487563, 1.49505751, 3.49400917,\n        4.24205107],\n       [6.28205579, 0.77611327, 5.93121178, 1.51399194, 3.66386239,\n        4.15595169],\n       [6.17156969, 0.79575959, 5.80321448, 1.54917597, 3.67876389,\n        4.06524209],\n       [6.10124746, 0.7962304 , 6.06375067, 1.56820097, 3.69432228,\n        4.14244647],\n       [6.49365193, 0.75920655, 5.92701055, 1.58189649, 3.74344272,\n        4.12714125],\n       [6.51240615, 0.75021345, 5.94008172, 1.60499982, 3.95868972,\n        4.26745906],\n       [6.35795956, 0.8234013 , 5.58065174, 1.59504518, 3.75868946,\n        3.84968464]]), array([0.00064611, 0.00509772, 0.00574307, 0.01061558, 0.01129937,\n       0.01284053, 0.0133702 ]))"}, "1": {"maxiter": 100, "fatol": 1e-05, "xatol": 1e-10, "duration": 0.04420590400695801, "fun": "0.0006461134762503207", "nit": "100", "nfev": "162", "status": "2", "success": "False", "message": "Maximum number of iterations has been exceeded.", "x": "[6.06153775 0.83472313 6.00487563 1.49505751 3.49400917 4.24205107]", "final_simplex": "(array([[6.06153775, 0.83472313, 6.00487563, 1.49505751, 3.49400917,\n        4.24205107],\n       [6.28205579, 0.77611327, 5.93121178, 1.51399194, 3.66386239,\n        4.15595169],\n       [6.17156969, 0.79575959, 5.80321448, 1.54917597, 3.67876389,\n        4.06524209],\n       [6.10124746, 0.7962304 , 6.06375067, 1.56820097, 3.69432228,\n        4.14244647],\n       [6.49365193, 0.75920655, 5.92701055, 1.58189649, 3.74344272,\n        4.12714125],\n       [6.51240615, 0.75021345, 5.94008172, 1.60499982, 3.95868972,\n        4.26745906],\n       [6.35795956, 0.8234013 , 5.58065174, 1.59504518, 3.75868946,\n        3.84968464]]), array([0.00064611, 0.00509772, 0.00574307, 0.01061558, 0.01129937,\n       0.01284053, 0.0133702 ]))"}, "2": {"maxiter": 100, "fatol": 1e-10, "xatol": 1e-05, "duration": 0.04250693321228027, "fun": "0.0006461134762503207", "nit": "100", "nfev": "162", "status": "2", "success": "False", "message": "Maximum number of iterations has been exceeded.", "x": "[6.06153775 0.83472313 6.00487563 1.49505751 3.49400917 4.24205107]", "final_simplex": "(array([[6.06153775, 0.83472313, 6.00487563, 1.49505751, 3.49400917,\n        4.24205107],\n       [6.28205579, 0.77611327, 5.93121178, 1.51399194, 3.66386239,\n        4.15595169],\n       [6.17156969, 0.79575959, 5.80321448, 1.54917597, 3.67876389,\n        4.06524209],\n       [6.10124746, 0.7962304 , 6.06375067, 1.56820097, 3.69432228,\n        4.14244647],\n       [6.49365193, 0.75920655, 5.92701055, 1.58189649, 3.74344272,\n        4.12714125],\n       [6.51240615, 0.75021345, 5.94008172, 1.60499982, 3.95868972,\n        4.26745906],\n       [6.35795956, 0.8234013 , 5.58065174, 1.59504518, 3.75868946,\n        3.84968464]]), array([0.00064611, 0.00509772, 0.00574307, 0.01061558, 0.01129937,\n       0.01284053, 0.0133702 ]))"}, "3": {"maxiter": 100, "fatol": 1e-10, "xatol": 1e-10, "duration": 0.0450589656829834, "fun": "0.0006461134762503207", "nit": "100", "nfev": "162", "status": "2", "success": "False", "message": "Maximum number of iterations has been exceeded.", "x": "[6.06153775 0.83472313 6.00487563 1.49505751 3.49400917 4.24205107]", "final_simplex": "(array([[6.06153775, 0.83472313, 6.00487563, 1.49505751, 3.49400917,\n        4.24205107],\n       [6.28205579, 0.77611327, 5.93121178, 1.51399194, 3.66386239,\n        4.15595169],\n       [6.17156969, 0.79575959, 5.80321448, 1.54917597, 3.67876389,\n        4.06524209],\n       [6.10124746, 0.7962304 , 6.06375067, 1.56820097, 3.69432228,\n        4.14244647],\n       [6.49365193, 0.75920655, 5.92701055, 1.58189649, 3.74344272,\n        4.12714125],\n       [6.51240615, 0.75021345, 5.94008172, 1.60499982, 3.95868972,\n        4.26745906],\n       [6.35795956, 0.8234013 , 5.58065174, 1.59504518, 3.75868946,\n        3.84968464]]), array([0.00064611, 0.00509772, 0.00574307, 0.01061558, 0.01129937,\n       0.01284053, 0.0133702 ]))"}, "4": {"maxiter": 500, "fatol": 1e-05, "xatol": 1e-05, "duration": 0.13782310485839844, "fun": "0.00012071691162418574", "nit": "316", "nfev": "528", "status": "0", "success": "True", "message": "Optimization terminated successfully.", "x": "[6.10579107 0.7248688  6.11419727 1.53212438 3.5163032  4.22575477]", "final_simplex": "(array([[6.10579107, 0.7248688 , 6.11419727, 1.53212438, 3.5163032 ,\n        4.22575477],\n       [6.10578493, 0.72487045, 6.11419835, 1.5321204 , 3.51629967,\n        4.22575543],\n       [6.10579136, 0.72487055, 6.11419672, 1.53212453, 3.51630377,\n        4.22575482],\n       [6.105787  , 0.72487182, 6.11419673, 1.53212166, 3.51630044,\n        4.22575563],\n       [6.10578897, 0.72487109, 6.11419791, 1.53212297, 3.51630125,\n        4.22575649],\n       [6.10578868, 0.72486935, 6.11419826, 1.53212342, 3.5163018 ,\n        4.2257549 ],\n       [6.10578873, 0.72487144, 6.11419655, 1.53212308, 3.51630164,\n        4.22575607]]), array([0.00012072, 0.00012072, 0.00012072, 0.00012072, 0.00012072,\n       0.00012072, 0.00012072]))"}, "5": {"maxiter": 500, "fatol": 1e-05, "xatol": 1e-10, "duration": 0.16690778732299805, "fun": "0.00012071691162418574", "nit": "332", "nfev": "656", "status": "0", "success": "True", "message": "Optimization terminated successfully.", "x": "[6.10579107 0.7248688  6.11419727 1.53212438 3.5163032  4.22575477]", "final_simplex": "(array([[6.10579107, 0.7248688 , 6.11419727, 1.53212438, 3.5163032 ,\n        4.22575477],\n       [6.10579107, 0.7248688 , 6.11419727, 1.53212438, 3.5163032 ,\n        4.22575477],\n       [6.10579107, 0.7248688 , 6.11419727, 1.53212438, 3.5163032 ,\n        4.22575477],\n       [6.10579107, 0.7248688 , 6.11419727, 1.53212438, 3.5163032 ,\n        4.22575477],\n       [6.10579107, 0.7248688 , 6.11419727, 1.53212438, 3.5163032 ,\n        4.22575477],\n       [6.10579107, 0.7248688 , 6.11419727, 1.53212438, 3.5163032 ,\n        4.22575477],\n       [6.10579107, 0.7248688 , 6.11419727, 1.53212438, 3.5163032 ,\n        4.22575477]]), array([0.00012072, 0.00012072, 0.00012072, 0.00012072, 0.00012072,\n       0.00012072, 0.00012072]))"}, "6": {"maxiter": 500, "fatol": 1e-10, "xatol": 1e-05, "duration": 0.13978290557861328, "fun": "0.00012071691162418574", "nit": "316", "nfev": "528", "status": "0", "success": "True", "message": "Optimization terminated successfully.", "x": "[6.10579107 0.7248688  6.11419727 1.53212438 3.5163032  4.22575477]", "final_simplex": "(array([[6.10579107, 0.7248688 , 6.11419727, 1.53212438, 3.5163032 ,\n        4.22575477],\n       [6.10578493, 0.72487045, 6.11419835, 1.5321204 , 3.51629967,\n        4.22575543],\n       [6.10579136, 0.72487055, 6.11419672, 1.53212453, 3.51630377,\n        4.22575482],\n       [6.105787  , 0.72487182, 6.11419673, 1.53212166, 3.51630044,\n        4.22575563],\n       [6.10578897, 0.72487109, 6.11419791, 1.53212297, 3.51630125,\n        4.22575649],\n       [6.10578868, 0.72486935, 6.11419826, 1.53212342, 3.5163018 ,\n        4.2257549 ],\n       [6.10578873, 0.72487144, 6.11419655, 1.53212308, 3.51630164,\n        4.22575607]]), array([0.00012072, 0.00012072, 0.00012072, 0.00012072, 0.00012072,\n       0.00012072, 0.00012072]))"}, "7": {"maxiter": 500, "fatol": 1e-10, "xatol": 1e-10, "duration": 0.17252397537231445, "fun": "0.00012071691162418574", "nit": "332", "nfev": "656", "status": "0", "success": "True", "message": "Optimization terminated successfully.", "x": "[6.10579107 0.7248688  6.11419727 1.53212438 3.5163032  4.22575477]", "final_simplex": "(array([[6.10579107, 0.7248688 , 6.11419727, 1.53212438, 3.5163032 ,\n        4.22575477],\n       [6.10579107, 0.7248688 , 6.11419727, 1.53212438, 3.5163032 ,\n        4.22575477],\n       [6.10579107, 0.7248688 , 6.11419727, 1.53212438, 3.5163032 ,\n        4.22575477],\n       [6.10579107, 0.7248688 , 6.11419727, 1.53212438, 3.5163032 ,\n        4.22575477],\n       [6.10579107, 0.7248688 , 6.11419727, 1.53212438, 3.5163032 ,\n        4.22575477],\n       [6.10579107, 0.7248688 , 6.11419727, 1.53212438, 3.5163032 ,\n        4.22575477],\n       [6.10579107, 0.7248688 , 6.11419727, 1.53212438, 3.5163032 ,\n        4.22575477]]), array([0.00012072, 0.00012072, 0.00012072, 0.00012072, 0.00012072,\n       0.00012072, 0.00012072]))"}, "8": {"maxiter": 1000, "fatol": 1e-05, "xatol": 1e-05, "duration": 0.15687870979309082, "fun": "0.00012071691162418574", "nit": "316", "nfev": "528", "status": "0", "success": "True", "message": "Optimization terminated successfully.", "x": "[6.10579107 0.7248688  6.11419727 1.53212438 3.5163032  4.22575477]", "final_simplex": "(array([[6.10579107, 0.7248688 , 6.11419727, 1.53212438, 3.5163032 ,\n        4.22575477],\n       [6.10578493, 0.72487045, 6.11419835, 1.5321204 , 3.51629967,\n        4.22575543],\n       [6.10579136, 0.72487055, 6.11419672, 1.53212453, 3.51630377,\n        4.22575482],\n       [6.105787  , 0.72487182, 6.11419673, 1.53212166, 3.51630044,\n        4.22575563],\n       [6.10578897, 0.72487109, 6.11419791, 1.53212297, 3.51630125,\n        4.22575649],\n       [6.10578868, 0.72486935, 6.11419826, 1.53212342, 3.5163018 ,\n        4.2257549 ],\n       [6.10578873, 0.72487144, 6.11419655, 1.53212308, 3.51630164,\n        4.22575607]]), array([0.00012072, 0.00012072, 0.00012072, 0.00012072, 0.00012072,\n       0.00012072, 0.00012072]))"}, "9": {"maxiter": 1000, "fatol": 1e-05, "xatol": 1e-10, "duration": 0.18381309509277344, "fun": "0.00012071691162418574", "nit": "332", "nfev": "656", "status": "0", "success": "True", "message": "Optimization terminated successfully.", "x": "[6.10579107 0.7248688  6.11419727 1.53212438 3.5163032  4.22575477]", "final_simplex": "(array([[6.10579107, 0.7248688 , 6.11419727, 1.53212438, 3.5163032 ,\n        4.22575477],\n       [6.10579107, 0.7248688 , 6.11419727, 1.53212438, 3.5163032 ,\n        4.22575477],\n       [6.10579107, 0.7248688 , 6.11419727, 1.53212438, 3.5163032 ,\n        4.22575477],\n       [6.10579107, 0.7248688 , 6.11419727, 1.53212438, 3.5163032 ,\n        4.22575477],\n       [6.10579107, 0.7248688 , 6.11419727, 1.53212438, 3.5163032 ,\n        4.22575477],\n       [6.10579107, 0.7248688 , 6.11419727, 1.53212438, 3.5163032 ,\n        4.22575477],\n       [6.10579107, 0.7248688 , 6.11419727, 1.53212438, 3.5163032 ,\n        4.22575477]]), array([0.00012072, 0.00012072, 0.00012072, 0.00012072, 0.00012072,\n       0.00012072, 0.00012072]))"}, "10": {"maxiter": 1000, "fatol": 1e-10, "xatol": 1e-05, "duration": 0.13500499725341797, "fun": "0.00012071691162418574", "nit": "316", "nfev": "528", "status": "0", "success": "True", "message": "Optimization terminated successfully.", "x": "[6.10579107 0.7248688  6.11419727 1.53212438 3.5163032  4.22575477]", "final_simplex": "(array([[6.10579107, 0.7248688 , 6.11419727, 1.53212438, 3.5163032 ,\n        4.22575477],\n       [6.10578493, 0.72487045, 6.11419835, 1.5321204 , 3.51629967,\n        4.22575543],\n       [6.10579136, 0.72487055, 6.11419672, 1.53212453, 3.51630377,\n        4.22575482],\n       [6.105787  , 0.72487182, 6.11419673, 1.53212166, 3.51630044,\n        4.22575563],\n       [6.10578897, 0.72487109, 6.11419791, 1.53212297, 3.51630125,\n        4.22575649],\n       [6.10578868, 0.72486935, 6.11419826, 1.53212342, 3.5163018 ,\n        4.2257549 ],\n       [6.10578873, 0.72487144, 6.11419655, 1.53212308, 3.51630164,\n        4.22575607]]), array([0.00012072, 0.00012072, 0.00012072, 0.00012072, 0.00012072,\n       0.00012072, 0.00012072]))"}, "11": {"maxiter": 1000, "fatol": 1e-10, "xatol": 1e-10, "duration": 0.17368316650390625, "fun": "0.00012071691162418574", "nit": "332", "nfev": "656", "status": "0", "success": "True", "message": "Optimization terminated successfully.", "x": "[6.10579107 0.7248688  6.11419727 1.53212438 3.5163032  4.22575477]", "final_simplex": "(array([[6.10579107, 0.7248688 , 6.11419727, 1.53212438, 3.5163032 ,\n        4.22575477],\n       [6.10579107, 0.7248688 , 6.11419727, 1.53212438, 3.5163032 ,\n        4.22575477],\n       [6.10579107, 0.7248688 , 6.11419727, 1.53212438, 3.5163032 ,\n        4.22575477],\n       [6.10579107, 0.7248688 , 6.11419727, 1.53212438, 3.5163032 ,\n        4.22575477],\n       [6.10579107, 0.7248688 , 6.11419727, 1.53212438, 3.5163032 ,\n        4.22575477],\n       [6.10579107, 0.7248688 , 6.11419727, 1.53212438, 3.5163032 ,\n        4.22575477],\n       [6.10579107, 0.7248688 , 6.11419727, 1.53212438, 3.5163032 ,\n        4.22575477]]), array([0.00012072, 0.00012072, 0.00012072, 0.00012072, 0.00012072,\n       0.00012072, 0.00012072]))"}}, "bfgs": {"0": {"maxiter": 100, "gtol": 1e-05, "xrtol": 1e-05, "eps": 1e-05, "duration": 0.0706939697265625, "fun": "0.00012071727542206645", "jac": "[-3.63797881e-06  3.63797881e-06  9.45874490e-06  8.00355338e-06\n  4.36557457e-06 -3.63797881e-06]", "hess_inv": "[[  8.19539441  -3.20748703   9.5902417    0.62891416 -16.38080546\n   -7.71237972]\n [ -3.20748703   7.34136112  -2.28380074  -5.19103745   8.58598725\n    8.18843493]\n [  9.5902417   -2.28380074  14.65262177  -0.8797388  -23.2828394\n   -9.48640711]\n [  0.62891416  -5.19103745  -0.8797388    5.98375812  -2.17875946\n   -4.29346915]\n [-16.38080546   8.58598725 -23.2828394   -2.17875946  44.36528525\n   22.2708024 ]\n [ -7.71237972   8.18843493  -9.48640711  -4.29346915  22.2708024\n   15.77569851]]", "nfev": "217", "njev": "31", "status": "0", "success": "True", "message": "Optimization terminated successfully.", "x": "[5.04283331 3.27764549 3.05969076 2.60664771 4.8247284  4.80969408]", "nit": "28"}, "1": {"maxiter": 100, "gtol": 1e-05, "xrtol": 1e-05, "eps": 1e-10, "duration": 0.0021810531616210938, "fun": "0.7904753684997559", "jac": "[0. 0. 0. 0. 0. 0.]", "hess_inv": "[[1 0 0 0 0 0]\n [0 1 0 0 0 0]\n [0 0 1 0 0 0]\n [0 0 0 1 0 0]\n [0 0 0 0 1 0]\n [0 0 0 0 0 1]]", "nfev": "7", "njev": "1", "status": "0", "success": "True", "message": "Optimization terminated successfully.", "x": "[3.7793272  1.15686936 3.51963179 1.36619598 3.2106089  2.53783832]", "nit": "0"}, "2": {"maxiter": 100, "gtol": 1e-05, "xrtol": 1e-10, "eps": 1e-05, "duration": 0.07386898994445801, "fun": "0.00012071727542206645", "jac": "[-3.63797881e-06  3.63797881e-06  9.45874490e-06  8.00355338e-06\n  4.36557457e-06 -3.63797881e-06]", "hess_inv": "[[  8.19539441  -3.20748703   9.5902417    0.62891416 -16.38080546\n   -7.71237972]\n [ -3.20748703   7.34136112  -2.28380074  -5.19103745   8.58598725\n    8.18843493]\n [  9.5902417   -2.28380074  14.65262177  -0.8797388  -23.2828394\n   -9.48640711]\n [  0.62891416  -5.19103745  -0.8797388    5.98375812  -2.17875946\n   -4.29346915]\n [-16.38080546   8.58598725 -23.2828394   -2.17875946  44.36528525\n   22.2708024 ]\n [ -7.71237972   8.18843493  -9.48640711  -4.29346915  22.2708024\n   15.77569851]]", "nfev": "217", "njev": "31", "status": "0", "success": "True", "message": "Optimization terminated successfully.", "x": "[5.04283331 3.27764549 3.05969076 2.60664771 4.8247284  4.80969408]", "nit": "28"}, "3": {"maxiter": 100, "gtol": 1e-05, "xrtol": 1e-10, "eps": 1e-10, "duration": 0.0028228759765625, "fun": "0.7904753684997559", "jac": "[0. 0. 0. 0. 0. 0.]", "hess_inv": "[[1 0 0 0 0 0]\n [0 1 0 0 0 0]\n [0 0 1 0 0 0]\n [0 0 0 1 0 0]\n [0 0 0 0 1 0]\n [0 0 0 0 0 1]]", "nfev": "7", "njev": "1", "status": "0", "success": "True", "message": "Optimization terminated successfully.", "x": "[3.7793272  1.15686936 3.51963179 1.36619598 3.2106089  2.53783832]", "nit": "0"}, "4": {"maxiter": 100, "gtol": 1e-10, "xrtol": 1e-05, "eps": 1e-05, "duration": 0.07138204574584961, "fun": "0.0001207170425914228", "jac": "[-2.91038305e-06 -2.18278728e-06  4.36557457e-06  7.27595761e-07\n  1.45519152e-06  1.45519152e-06]", "hess_inv": "[[  8.13880598  -3.33809914   9.48768481   0.87499602 -16.39117842\n   -7.8189758 ]\n [ -3.33809914   7.63554179  -2.54373422  -5.63654712   9.0745421\n    8.60533179]\n [  9.48768481  -2.54373422  14.46766013  -0.39424638 -23.32161826\n   -9.7054387 ]\n [  0.87499602  -5.63654712  -0.39424638   6.63809644  -3.00566359\n   -4.95790025]\n [-16.39117842   9.0745421  -23.32161826  -3.00566359  44.80433757\n   22.82165142]\n [ -7.8189758    8.60533179  -9.7054387   -4.95790025  22.82165142\n   16.31271972]]", "nfev": "224", "njev": "32", "status": "0", "success": "True", "message": "Optimization terminated successfully.", "x": "[5.04282143 3.27766643 3.05966734 2.60661708 4.82476783 4.80972553]", "nit": "29"}, "5": {"maxiter": 100, "gtol": 1e-10, "xrtol": 1e-05, "eps": 1e-10, "duration": 0.002140045166015625, "fun": "0.7904753684997559", "jac": "[0. 0. 0. 0. 0. 0.]", "hess_inv": "[[1 0 0 0 0 0]\n [0 1 0 0 0 0]\n [0 0 1 0 0 0]\n [0 0 0 1 0 0]\n [0 0 0 0 1 0]\n [0 0 0 0 0 1]]", "nfev": "7", "njev": "1", "status": "0", "success": "True", "message": "Optimization terminated successfully.", "x": "[3.7793272  1.15686936 3.51963179 1.36619598 3.2106089  2.53783832]", "nit": "0"}, "6": {"maxiter": 100, "gtol": 1e-10, "xrtol": 1e-10, "eps": 1e-05, "duration": 0.12071871757507324, "fun": "0.0001207170425914228", "jac": "[-2.91038305e-06 -2.18278728e-06  4.36557457e-06  7.27595761e-07\n  1.45519152e-06  1.45519152e-06]", "hess_inv": "[[  7.27703086  -2.43436074   8.32658124  -0.14623277 -13.96887669\n   -6.01883201]\n [ -2.43436074   7.12714495  -1.70986164  -5.42262789   6.84712303\n    7.06092386]\n [  8.32658124  -1.70986164  13.23848167  -1.02156782 -20.33121578\n   -7.57998633]\n [ -0.14623277  -5.42262789  -1.02156782   7.09973443  -0.74541128\n   -3.49453254]\n [-13.96887669   6.84712303 -20.33121578  -0.74541128  38.21841479\n   18.00626613]\n [ -6.01883201   7.06092386  -7.57998633  -3.49453254  18.00626613\n   12.8208308 ]]", "nfev": "439", "njev": "61", "status": "2", "success": "False", "message": "Desired error not necessarily achieved due to precision loss.", "x": "[5.04282143 3.27766643 3.05966734 2.60661708 4.82476783 4.80972553]", "nit": "29"}, "7": {"maxiter": 100, "gtol": 1e-10, "xrtol": 1e-10, "eps": 1e-10, "duration": 0.0023288726806640625, "fun": "0.7904753684997559", "jac": "[0. 0. 0. 0. 0. 0.]", "hess_inv": "[[1 0 0 0 0 0]\n [0 1 0 0 0 0]\n [0 0 1 0 0 0]\n [0 0 0 1 0 0]\n [0 0 0 0 1 0]\n [0 0 0 0 0 1]]", "nfev": "7", "njev": "1", "status": "0", "success": "True", "message": "Optimization terminated successfully.", "x": "[3.7793272  1.15686936 3.51963179 1.36619598 3.2106089  2.53783832]", "nit": "0"}, "8": {"maxiter": 500, "gtol": 1e-05, "xrtol": 1e-05, "eps": 1e-05, "duration": 0.0577089786529541, "fun": "0.00012071727542206645", "jac": "[-3.63797881e-06  3.63797881e-06  9.45874490e-06  8.00355338e-06\n  4.36557457e-06 -3.63797881e-06]", "hess_inv": "[[  8.19539441  -3.20748703   9.5902417    0.62891416 -16.38080546\n   -7.71237972]\n [ -3.20748703   7.34136112  -2.28380074  -5.19103745   8.58598725\n    8.18843493]\n [  9.5902417   -2.28380074  14.65262177  -0.8797388  -23.2828394\n   -9.48640711]\n [  0.62891416  -5.19103745  -0.8797388    5.98375812  -2.17875946\n   -4.29346915]\n [-16.38080546   8.58598725 -23.2828394   -2.17875946  44.36528525\n   22.2708024 ]\n [ -7.71237972   8.18843493  -9.48640711  -4.29346915  22.2708024\n   15.77569851]]", "nfev": "217", "njev": "31", "status": "0", "success": "True", "message": "Optimization terminated successfully.", "x": "[5.04283331 3.27764549 3.05969076 2.60664771 4.8247284  4.80969408]", "nit": "28"}, "9": {"maxiter": 500, "gtol": 1e-05, "xrtol": 1e-05, "eps": 1e-10, "duration": 0.002141237258911133, "fun": "0.7904753684997559", "jac": "[0. 0. 0. 0. 0. 0.]", "hess_inv": "[[1 0 0 0 0 0]\n [0 1 0 0 0 0]\n [0 0 1 0 0 0]\n [0 0 0 1 0 0]\n [0 0 0 0 1 0]\n [0 0 0 0 0 1]]", "nfev": "7", "njev": "1", "status": "0", "success": "True", "message": "Optimization terminated successfully.", "x": "[3.7793272  1.15686936 3.51963179 1.36619598 3.2106089  2.53783832]", "nit": "0"}, "10": {"maxiter": 500, "gtol": 1e-05, "xrtol": 1e-10, "eps": 1e-05, "duration": 0.07071685791015625, "fun": "0.00012071727542206645", "jac": "[-3.63797881e-06  3.63797881e-06  9.45874490e-06  8.00355338e-06\n  4.36557457e-06 -3.63797881e-06]", "hess_inv": "[[  8.19539441  -3.20748703   9.5902417    0.62891416 -16.38080546\n   -7.71237972]\n [ -3.20748703   7.34136112  -2.28380074  -5.19103745   8.58598725\n    8.18843493]\n [  9.5902417   -2.28380074  14.65262177  -0.8797388  -23.2828394\n   -9.48640711]\n [  0.62891416  -5.19103745  -0.8797388    5.98375812  -2.17875946\n   -4.29346915]\n [-16.38080546   8.58598725 -23.2828394   -2.17875946  44.36528525\n   22.2708024 ]\n [ -7.71237972   8.18843493  -9.48640711  -4.29346915  22.2708024\n   15.77569851]]", "nfev": "217", "njev": "31", "status": "0", "success": "True", "message": "Optimization terminated successfully.", "x": "[5.04283331 3.27764549 3.05969076 2.60664771 4.8247284  4.80969408]", "nit": "28"}, "11": {"maxiter": 500, "gtol": 1e-05, "xrtol": 1e-10, "eps": 1e-10, "duration": 0.002147197723388672, "fun": "0.7904753684997559", "jac": "[0. 0. 0. 0. 0. 0.]", "hess_inv": "[[1 0 0 0 0 0]\n [0 1 0 0 0 0]\n [0 0 1 0 0 0]\n [0 0 0 1 0 0]\n [0 0 0 0 1 0]\n [0 0 0 0 0 1]]", "nfev": "7", "njev": "1", "status": "0", "success": "True", "message": "Optimization terminated successfully.", "x": "[3.7793272  1.15686936 3.51963179 1.36619598 3.2106089  2.53783832]", "nit": "0"}, "12": {"maxiter": 500, "gtol": 1e-10, "xrtol": 1e-05, "eps": 1e-05, "duration": 0.07765412330627441, "fun": "0.0001207170425914228", "jac": "[-2.91038305e-06 -2.18278728e-06  4.36557457e-06  7.27595761e-07\n  1.45519152e-06  1.45519152e-06]", "hess_inv": "[[  8.13880598  -3.33809914   9.48768481   0.87499602 -16.39117842\n   -7.8189758 ]\n [ -3.33809914   7.63554179  -2.54373422  -5.63654712   9.0745421\n    8.60533179]\n [  9.48768481  -2.54373422  14.46766013  -0.39424638 -23.32161826\n   -9.7054387 ]\n [  0.87499602  -5.63654712  -0.39424638   6.63809644  -3.00566359\n   -4.95790025]\n [-16.39117842   9.0745421  -23.32161826  -3.00566359  44.80433757\n   22.82165142]\n [ -7.8189758    8.60533179  -9.7054387   -4.95790025  22.82165142\n   16.31271972]]", "nfev": "224", "njev": "32", "status": "0", "success": "True", "message": "Optimization terminated successfully.", "x": "[5.04282143 3.27766643 3.05966734 2.60661708 4.82476783 4.80972553]", "nit": "29"}, "13": {"maxiter": 500, "gtol": 1e-10, "xrtol": 1e-05, "eps": 1e-10, "duration": 0.0020868778228759766, "fun": "0.7904753684997559", "jac": "[0. 0. 0. 0. 0. 0.]", "hess_inv": "[[1 0 0 0 0 0]\n [0 1 0 0 0 0]\n [0 0 1 0 0 0]\n [0 0 0 1 0 0]\n [0 0 0 0 1 0]\n [0 0 0 0 0 1]]", "nfev": "7", "njev": "1", "status": "0", "success": "True", "message": "Optimization terminated successfully.", "x": "[3.7793272  1.15686936 3.51963179 1.36619598 3.2106089  2.53783832]", "nit": "0"}, "14": {"maxiter": 500, "gtol": 1e-10, "xrtol": 1e-10, "eps": 1e-05, "duration": 0.12432384490966797, "fun": "0.0001207170425914228", "jac": "[-2.91038305e-06 -2.18278728e-06  4.36557457e-06  7.27595761e-07\n  1.45519152e-06  1.45519152e-06]", "hess_inv": "[[  7.27703086  -2.43436074   8.32658124  -0.14623277 -13.96887669\n   -6.01883201]\n [ -2.43436074   7.12714495  -1.70986164  -5.42262789   6.84712303\n    7.06092386]\n [  8.32658124  -1.70986164  13.23848167  -1.02156782 -20.33121578\n   -7.57998633]\n [ -0.14623277  -5.42262789  -1.02156782   7.09973443  -0.74541128\n   -3.49453254]\n [-13.96887669   6.84712303 -20.33121578  -0.74541128  38.21841479\n   18.00626613]\n [ -6.01883201   7.06092386  -7.57998633  -3.49453254  18.00626613\n   12.8208308 ]]", "nfev": "439", "njev": "61", "status": "2", "success": "False", "message": "Desired error not necessarily achieved due to precision loss.", "x": "[5.04282143 3.27766643 3.05966734 2.60661708 4.82476783 4.80972553]", "nit": "29"}, "15": {"maxiter": 500, "gtol": 1e-10, "xrtol": 1e-10, "eps": 1e-10, "duration": 0.0019462108612060547, "fun": "0.7904753684997559", "jac": "[0. 0. 0. 0. 0. 0.]", "hess_inv": "[[1 0 0 0 0 0]\n [0 1 0 0 0 0]\n [0 0 1 0 0 0]\n [0 0 0 1 0 0]\n [0 0 0 0 1 0]\n [0 0 0 0 0 1]]", "nfev": "7", "njev": "1", "status": "0", "success": "True", "message": "Optimization terminated successfully.", "x": "[3.7793272  1.15686936 3.51963179 1.36619598 3.2106089  2.53783832]", "nit": "0"}, "16": {"maxiter": 1000, "gtol": 1e-05, "xrtol": 1e-05, "eps": 1e-05, "duration": 0.059606075286865234, "fun": "0.00012071727542206645", "jac": "[-3.63797881e-06  3.63797881e-06  9.45874490e-06  8.00355338e-06\n  4.36557457e-06 -3.63797881e-06]", "hess_inv": "[[  8.19539441  -3.20748703   9.5902417    0.62891416 -16.38080546\n   -7.71237972]\n [ -3.20748703   7.34136112  -2.28380074  -5.19103745   8.58598725\n    8.18843493]\n [  9.5902417   -2.28380074  14.65262177  -0.8797388  -23.2828394\n   -9.48640711]\n [  0.62891416  -5.19103745  -0.8797388    5.98375812  -2.17875946\n   -4.29346915]\n [-16.38080546   8.58598725 -23.2828394   -2.17875946  44.36528525\n   22.2708024 ]\n [ -7.71237972   8.18843493  -9.48640711  -4.29346915  22.2708024\n   15.77569851]]", "nfev": "217", "njev": "31", "status": "0", "success": "True", "message": "Optimization terminated successfully.", "x": "[5.04283331 3.27764549 3.05969076 2.60664771 4.8247284  4.80969408]", "nit": "28"}, "17": {"maxiter": 1000, "gtol": 1e-05, "xrtol": 1e-05, "eps": 1e-10, "duration": 0.0017778873443603516, "fun": "0.7904753684997559", "jac": "[0. 0. 0. 0. 0. 0.]", "hess_inv": "[[1 0 0 0 0 0]\n [0 1 0 0 0 0]\n [0 0 1 0 0 0]\n [0 0 0 1 0 0]\n [0 0 0 0 1 0]\n [0 0 0 0 0 1]]", "nfev": "7", "njev": "1", "status": "0", "success": "True", "message": "Optimization terminated successfully.", "x": "[3.7793272  1.15686936 3.51963179 1.36619598 3.2106089  2.53783832]", "nit": "0"}, "18": {"maxiter": 1000, "gtol": 1e-05, "xrtol": 1e-10, "eps": 1e-05, "duration": 0.05989408493041992, "fun": "0.00012071727542206645", "jac": "[-3.63797881e-06  3.63797881e-06  9.45874490e-06  8.00355338e-06\n  4.36557457e-06 -3.63797881e-06]", "hess_inv": "[[  8.19539441  -3.20748703   9.5902417    0.62891416 -16.38080546\n   -7.71237972]\n [ -3.20748703   7.34136112  -2.28380074  -5.19103745   8.58598725\n    8.18843493]\n [  9.5902417   -2.28380074  14.65262177  -0.8797388  -23.2828394\n   -9.48640711]\n [  0.62891416  -5.19103745  -0.8797388    5.98375812  -2.17875946\n   -4.29346915]\n [-16.38080546   8.58598725 -23.2828394   -2.17875946  44.36528525\n   22.2708024 ]\n [ -7.71237972   8.18843493  -9.48640711  -4.29346915  22.2708024\n   15.77569851]]", "nfev": "217", "njev": "31", "status": "0", "success": "True", "message": "Optimization terminated successfully.", "x": "[5.04283331 3.27764549 3.05969076 2.60664771 4.8247284  4.80969408]", "nit": "28"}, "19": {"maxiter": 1000, "gtol": 1e-05, "xrtol": 1e-10, "eps": 1e-10, "duration": 0.002125978469848633, "fun": "0.7904753684997559", "jac": "[0. 0. 0. 0. 0. 0.]", "hess_inv": "[[1 0 0 0 0 0]\n [0 1 0 0 0 0]\n [0 0 1 0 0 0]\n [0 0 0 1 0 0]\n [0 0 0 0 1 0]\n [0 0 0 0 0 1]]", "nfev": "7", "njev": "1", "status": "0", "success": "True", "message": "Optimization terminated successfully.", "x": "[3.7793272  1.15686936 3.51963179 1.36619598 3.2106089  2.53783832]", "nit": "0"}, "20": {"maxiter": 1000, "gtol": 1e-10, "xrtol": 1e-05, "eps": 1e-05, "duration": 0.07284402847290039, "fun": "0.0001207170425914228", "jac": "[-2.91038305e-06 -2.18278728e-06  4.36557457e-06  7.27595761e-07\n  1.45519152e-06  1.45519152e-06]", "hess_inv": "[[  8.13880598  -3.33809914   9.48768481   0.87499602 -16.39117842\n   -7.8189758 ]\n [ -3.33809914   7.63554179  -2.54373422  -5.63654712   9.0745421\n    8.60533179]\n [  9.48768481  -2.54373422  14.46766013  -0.39424638 -23.32161826\n   -9.7054387 ]\n [  0.87499602  -5.63654712  -0.39424638   6.63809644  -3.00566359\n   -4.95790025]\n [-16.39117842   9.0745421  -23.32161826  -3.00566359  44.80433757\n   22.82165142]\n [ -7.8189758    8.60533179  -9.7054387   -4.95790025  22.82165142\n   16.31271972]]", "nfev": "224", "njev": "32", "status": "0", "success": "True", "message": "Optimization terminated successfully.", "x": "[5.04282143 3.27766643 3.05966734 2.60661708 4.82476783 4.80972553]", "nit": "29"}, "21": {"maxiter": 1000, "gtol": 1e-10, "xrtol": 1e-05, "eps": 1e-10, "duration": 0.0017981529235839844, "fun": "0.7904753684997559", "jac": "[0. 0. 0. 0. 0. 0.]", "hess_inv": "[[1 0 0 0 0 0]\n [0 1 0 0 0 0]\n [0 0 1 0 0 0]\n [0 0 0 1 0 0]\n [0 0 0 0 1 0]\n [0 0 0 0 0 1]]", "nfev": "7", "njev": "1", "status": "0", "success": "True", "message": "Optimization terminated successfully.", "x": "[3.7793272  1.15686936 3.51963179 1.36619598 3.2106089  2.53783832]", "nit": "0"}, "22": {"maxiter": 1000, "gtol": 1e-10, "xrtol": 1e-10, "eps": 1e-05, "duration": 0.11909890174865723, "fun": "0.0001207170425914228", "jac": "[-2.91038305e-06 -2.18278728e-06  4.36557457e-06  7.27595761e-07\n  1.45519152e-06  1.45519152e-06]", "hess_inv": "[[  7.27703086  -2.43436074   8.32658124  -0.14623277 -13.96887669\n   -6.01883201]\n [ -2.43436074   7.12714495  -1.70986164  -5.42262789   6.84712303\n    7.06092386]\n [  8.32658124  -1.70986164  13.23848167  -1.02156782 -20.33121578\n   -7.57998633]\n [ -0.14623277  -5.42262789  -1.02156782   7.09973443  -0.74541128\n   -3.49453254]\n [-13.96887669   6.84712303 -20.33121578  -0.74541128  38.21841479\n   18.00626613]\n [ -6.01883201   7.06092386  -7.57998633  -3.49453254  18.00626613\n   12.8208308 ]]", "nfev": "439", "njev": "61", "status": "2", "success": "False", "message": "Desired error not necessarily achieved due to precision loss.", "x": "[5.04282143 3.27766643 3.05966734 2.60661708 4.82476783 4.80972553]", "nit": "29"}, "23": {"maxiter": 1000, "gtol": 1e-10, "xrtol": 1e-10, "eps": 1e-10, "duration": 0.0019009113311767578, "fun": "0.7904753684997559", "jac": "[0. 0. 0. 0. 0. 0.]", "hess_inv": "[[1 0 0 0 0 0]\n [0 1 0 0 0 0]\n [0 0 1 0 0 0]\n [0 0 0 1 0 0]\n [0 0 0 0 1 0]\n [0 0 0 0 0 1]]", "nfev": "7", "njev": "1", "status": "0", "success": "True", "message": "Optimization terminated successfully.", "x": "[3.7793272  1.15686936 3.51963179 1.36619598 3.2106089  2.53783832]", "nit": "0"}}, "cobyla": {"0": {"maxiter": 100, "tol": 1e-05, "catol": 1e-05, "duration": 0.027373075485229492, "x": "[5.96101824 1.21316109 5.54959635 1.56860962 3.32784574 4.12297528]", "status": "2", "success": "False", "message": "Maximum number of function evaluations has been exceeded.", "nfev": "100", "fun": "0.003030140185728669", "maxcv": "0.0"}, "1": {"maxiter": 100, "tol": 1e-05, "catol": 1e-10, "duration": 0.03633618354797363, "x": "[5.96101824 1.21316109 5.54959635 1.56860962 3.32784574 4.12297528]", "status": "2", "success": "False", "message": "Maximum number of function evaluations has been exceeded.", "nfev": "100", "fun": "0.003030140185728669", "maxcv": "0.0"}, "2": {"maxiter": 100, "tol": 1e-10, "catol": 1e-05, "duration": 0.03148484230041504, "x": "[5.96101824 1.21316109 5.54959635 1.56860962 3.32784574 4.12297528]", "status": "2", "success": "False", "message": "Maximum number of function evaluations has been exceeded.", "nfev": "100", "fun": "0.003030140185728669", "maxcv": "0.0"}, "3": {"maxiter": 100, "tol": 1e-10, "catol": 1e-10, "duration": 0.02797532081604004, "x": "[5.96101824 1.21316109 5.54959635 1.56860962 3.32784574 4.12297528]", "status": "2", "success": "False", "message": "Maximum number of function evaluations has been exceeded.", "nfev": "100", "fun": "0.003030140185728669", "maxcv": "0.0"}, "4": {"maxiter": 500, "tol": 1e-05, "catol": 1e-05, "duration": 0.12668871879577637, "x": "[6.20645202 1.19799544 5.60530719 1.63062258 3.58474379 4.21180922]", "status": "2", "success": "False", "message": "Maximum number of function evaluations has been exceeded.", "nfev": "500", "fun": "0.00012091939424863085", "maxcv": "0.0"}, "5": {"maxiter": 500, "tol": 1e-05, "catol": 1e-10, "duration": 0.12694334983825684, "x": "[6.20645202 1.19799544 5.60530719 1.63062258 3.58474379 4.21180922]", "status": "2", "success": "False", "message": "Maximum number of function evaluations has been exceeded.", "nfev": "500", "fun": "0.00012091939424863085", "maxcv": "0.0"}, "6": {"maxiter": 500, "tol": 1e-10, "catol": 1e-05, "duration": 0.12681794166564941, "x": "[6.20645202 1.19799544 5.60530719 1.63062258 3.58474379 4.21180922]", "status": "2", "success": "False", "message": "Maximum number of function evaluations has been exceeded.", "nfev": "500", "fun": "0.00012091939424863085", "maxcv": "0.0"}, "7": {"maxiter": 500, "tol": 1e-10, "catol": 1e-10, "duration": 0.12763071060180664, "x": "[6.20645202 1.19799544 5.60530719 1.63062258 3.58474379 4.21180922]", "status": "2", "success": "False", "message": "Maximum number of function evaluations has been exceeded.", "nfev": "500", "fun": "0.00012091939424863085", "maxcv": "0.0"}, "8": {"maxiter": 1000, "tol": 1e-05, "catol": 1e-05, "duration": 0.1813046932220459, "x": "[6.20881048 1.19726576 5.60516106 1.6312077  3.58716068 4.21154828]", "status": "1", "success": "True", "message": "Optimization terminated successfully.", "nfev": "728", "fun": "0.00012071762466803193", "maxcv": "0.0"}, "9": {"maxiter": 1000, "tol": 1e-05, "catol": 1e-10, "duration": 0.18597888946533203, "x": "[6.20881048 1.19726576 5.60516106 1.6312077  3.58716068 4.21154828]", "status": "1", "success": "True", "message": "Optimization terminated successfully.", "nfev": "728", "fun": "0.00012071762466803193", "maxcv": "0.0"}, "10": {"maxiter": 1000, "tol": 1e-10, "catol": 1e-05, "duration": 0.21030020713806152, "x": "[6.2088758  1.19724077 5.60516419 1.63123359 3.58722972 4.211553  ]", "status": "1", "success": "True", "message": "Optimization terminated successfully.", "nfev": "830", "fun": "0.00012071711535099894", "maxcv": "0.0"}, "11": {"maxiter": 1000, "tol": 1e-10, "catol": 1e-10, "duration": 0.20847511291503906, "x": "[6.2088758  1.19724077 5.60516419 1.63123359 3.58722972 4.211553  ]", "status": "1", "success": "True", "message": "Optimization terminated successfully.", "nfev": "830", "fun": "0.00012071711535099894", "maxcv": "0.0"}}, "powell": {"0": {"maxiter": 100, "ftol": 1e-05, "xtol": 1e-05, "duration": 0.32245302200317383, "fun": "0.0001207169407280162", "direc": "[[ 5.79347015e-02  5.76432661e-04  7.72009737e-02 -9.73440579e-03\n  -1.27633762e-01 -4.48600077e-02]\n [-9.52674141e-02  1.44357478e-01 -2.38535884e-01  3.17446516e-02\n   5.02913830e-01  4.12847736e-01]\n [ 0.00000000e+00  0.00000000e+00  1.00000000e+00  0.00000000e+00\n   0.00000000e+00  0.00000000e+00]\n [ 0.00000000e+00  0.00000000e+00  0.00000000e+00  1.00000000e+00\n   0.00000000e+00  0.00000000e+00]\n [ 1.96375087e-02  5.68527588e-02 -6.99772977e-02 -4.69476247e-02\n   1.62663884e-01  7.70107169e-02]\n [ 5.30558184e-04 -6.53356031e-04  2.01277652e-04  3.36276460e-04\n  -7.97164485e-04 -7.39944389e-04]]", "nit": "16", "nfev": "1275", "status": "0", "success": "True", "message": "Optimization terminated successfully.", "x": "[5.0847305  3.28594192 3.07132257 2.58961718 4.74483874 4.74676267]"}, "1": {"maxiter": 100, "ftol": 1e-05, "xtol": 1e-10, "duration": 0.7469561100006104, "fun": "0.0001207169407280162", "direc": "[[ 5.96651887e-02  7.98034950e-04  7.88966061e-02 -1.04104512e-02\n  -1.31622381e-01 -4.68278277e-02]\n [-9.55337670e-02  1.43919394e-01 -2.39134148e-01  3.22686348e-02\n   5.02344687e-01  4.11429211e-01]\n [ 0.00000000e+00  0.00000000e+00  1.00000000e+00  0.00000000e+00\n   0.00000000e+00  0.00000000e+00]\n [ 0.00000000e+00  0.00000000e+00  0.00000000e+00  1.00000000e+00\n   0.00000000e+00  0.00000000e+00]\n [ 2.02226879e-02  5.70753157e-02 -7.02243041e-02 -4.70391325e-02\n   1.63335060e-01  7.76011416e-02]\n [ 6.05783329e-04 -7.13918275e-04  2.41474544e-04  3.46689170e-04\n  -9.13404604e-04 -8.20902600e-04]]", "nit": "16", "nfev": "2969", "status": "0", "success": "True", "message": "Optimization terminated successfully.", "x": "[5.08871501 3.28669971 3.07242686 2.58787906 4.73746433 4.74100824]"}, "2": {"maxiter": 100, "ftol": 1e-10, "xtol": 1e-05, "duration": 0.40509986877441406, "fun": "0.00012071691162418574", "direc": "[[ 5.30558184e-04 -6.53356031e-04  2.01277652e-04  3.36276460e-04\n  -7.97164485e-04 -7.39944389e-04]\n [-9.52674141e-02  1.44357478e-01 -2.38535884e-01  3.17446516e-02\n   5.02913830e-01  4.12847736e-01]\n [ 0.00000000e+00  0.00000000e+00  1.00000000e+00  0.00000000e+00\n   0.00000000e+00  0.00000000e+00]\n [ 0.00000000e+00  0.00000000e+00  0.00000000e+00  1.00000000e+00\n   0.00000000e+00  0.00000000e+00]\n [ 1.96375087e-02  5.68527588e-02 -6.99772977e-02 -4.69476247e-02\n   1.62663884e-01  7.70107169e-02]\n [ 6.47227830e-06  2.11521340e-07  8.58184103e-06 -1.58157307e-06\n  -1.43418562e-05 -4.93809535e-06]]", "nit": "18", "nfev": "1595", "status": "0", "success": "True", "message": "Optimization terminated successfully.", "x": "[5.0847435  3.28594239 3.07133916 2.58961327 4.7448099  4.74675277]"}, "3": {"maxiter": 100, "ftol": 1e-10, "xtol": 1e-10, "duration": 1.037480354309082, "fun": "0.00012071691162418574", "direc": "[[ 6.05783329e-04 -7.13918275e-04  2.41474544e-04  3.46689170e-04\n  -9.13404604e-04 -8.20902600e-04]\n [-9.55337670e-02  1.43919394e-01 -2.39134148e-01  3.22686348e-02\n   5.02344687e-01  4.11429211e-01]\n [ 0.00000000e+00  0.00000000e+00  1.00000000e+00  0.00000000e+00\n   0.00000000e+00  0.00000000e+00]\n [ 0.00000000e+00  0.00000000e+00  0.00000000e+00  1.00000000e+00\n   0.00000000e+00  0.00000000e+00]\n [ 2.02226879e-02  5.70753157e-02 -7.02243041e-02 -4.70391325e-02\n   1.63335060e-01  7.76011416e-02]\n [ 5.65739931e-06  1.95387367e-07  7.57367823e-06 -3.06331630e-06\n  -1.25504430e-05 -4.38288996e-06]]", "nit": "19", "nfev": "3671", "status": "0", "success": "True", "message": "Optimization terminated successfully.", "x": "[5.08872817 3.2867056  3.07244282 2.58786874 4.73744176 4.7410076 ]"}, "4": {"maxiter": 500, "ftol": 1e-05, "xtol": 1e-05, "duration": 0.3379509449005127, "fun": "0.0001207169407280162", "direc": "[[ 5.79347015e-02  5.76432661e-04  7.72009737e-02 -9.73440579e-03\n  -1.27633762e-01 -4.48600077e-02]\n [-9.52674141e-02  1.44357478e-01 -2.38535884e-01  3.17446516e-02\n   5.02913830e-01  4.12847736e-01]\n [ 0.00000000e+00  0.00000000e+00  1.00000000e+00  0.00000000e+00\n   0.00000000e+00  0.00000000e+00]\n [ 0.00000000e+00  0.00000000e+00  0.00000000e+00  1.00000000e+00\n   0.00000000e+00  0.00000000e+00]\n [ 1.96375087e-02  5.68527588e-02 -6.99772977e-02 -4.69476247e-02\n   1.62663884e-01  7.70107169e-02]\n [ 5.30558184e-04 -6.53356031e-04  2.01277652e-04  3.36276460e-04\n  -7.97164485e-04 -7.39944389e-04]]", "nit": "16", "nfev": "1275", "status": "0", "success": "True", "message": "Optimization terminated successfully.", "x": "[5.0847305  3.28594192 3.07132257 2.58961718 4.74483874 4.74676267]"}, "5": {"maxiter": 500, "ftol": 1e-05, "xtol": 1e-10, "duration": 0.7627401351928711, "fun": "0.0001207169407280162", "direc": "[[ 5