{"date": "2024/10/08/, 15:58:37", "conf_id": 10, "data_type": "random\n", "num_data_points": 1, "s_rank": 0, "unitary": "[[-0.45070455-0.02711853j,0.78437395-0.06613086j,0.06358678+0.19963393j,-0.07343613+0.35668523j],[-0.01890143-0.03813363j,0.32408202+0.25557629j,0.05872864-0.68979805j,0.55466693-0.20227297j],[-0.11215405+0.64023111j,-0.13344055+0.29565494j,-0.49012687-0.19046288j,-0.04241254+0.44046348j],[0.55771659+0.24656916j,0.31851997-0.05798805j,0.28761525-0.34294258j,-0.56718418+0.03616933j]]", "databatch_0": {"databatch": "[[[-0.22050833-0.13826777j,0.0007044-0.09354267j,-0.06469118+0.08001349j,-0.03834947-0.1512912j],[0.12055698-0.04461869j,-0.04450315-0.04520032j,0.04984929-0.12202348j,-0.43594289+0.28089956j],[-0.43069217-0.00074036j,0.13286521+0.06579084j,-0.07559421-0.13850831j,-0.16257475+0.1837869j],[0.00874133-0.10409884j,0.14590901+0.38376716j,0.12654374-0.23992015j,0.18284941-0.05111795j]]]", "initial param values": "[4.02543674,2.95980732,5.34071432,5.36503738,5.04819861,1.44234857]", "nelder_mead": {"type": "gradient-free", "0": {"maxiter": 100, "fatol": 1e-05, "xatol": 1e-05, "duration": 0.06505513191223145, "fun": "0.3529309569768134", "nit": "100", "nfev": "156", "status": "2", "success": "False", "message": "Maximum number of iterations has been exceeded.", "x": "[4.94545984 3.79351644 2.6022836  4.40105423 7.90322248 1.53908142]", "final_simplex": "(array([[4.94545984, 3.79351644, 2.6022836 , 4.40105423, 7.90322248,\n        1.53908142],\n       [4.92889376, 3.71728139, 2.64544108, 4.39484263, 7.95160459,\n        1.52454543],\n       [4.76593571, 3.77556774, 2.8627298 , 4.43184311, 7.75397501,\n        1.55830154],\n       [4.97297503, 3.6313822 , 2.82544424, 4.30478984, 8.04214243,\n        1.5670727 ],\n       [4.9657672 , 3.66482915, 2.49882448, 4.18552931, 8.06857808,\n        1.57656719],\n       [4.87463734, 3.61638449, 2.58936473, 4.3309777 , 8.06390373,\n        1.61597874],\n       [5.00532843, 3.54713749, 2.76643429, 4.31367677, 7.89628878,\n        1.57727161]]), array([0.35293096, 0.35377018, 0.35828728, 0.36322133, 0.36552633,\n       0.37065497, 0.37209116]))", "callback": [0.8827667317294915, 0.7977677523612517, 0.7078538494258195, 0.552441797849187, 0.4361780794094461, 0.39909729784810277, 0.39506135942984033, 0.3899764674875854, 0.3836297060969054, 0.37580871237752]}, "1": {"maxiter": 100, "fatol": 1e-05, "xatol": 1e-10, "duration": 0.043673038482666016, "fun": "0.3529309569768134", "nit": "100", "nfev": "156", "status": "2", "success": "False", "message": "Maximum number of iterations has been exceeded.", "x": "[4.94545984 3.79351644 2.6022836  4.40105423 7.90322248 1.53908142]", "final_simplex": "(array([[4.94545984, 3.79351644, 2.6022836 , 4.40105423, 7.90322248,\n        1.53908142],\n       [4.92889376, 3.71728139, 2.64544108, 4.39484263, 7.95160459,\n        1.52454543],\n       [4.76593571, 3.77556774, 2.8627298 , 4.43184311, 7.75397501,\n        1.55830154],\n       [4.97297503, 3.6313822 , 2.82544424, 4.30478984, 8.04214243,\n        1.5670727 ],\n       [4.9657672 , 3.66482915, 2.49882448, 4.18552931, 8.06857808,\n        1.57656719],\n       [4.87463734, 3.61638449, 2.58936473, 4.3309777 , 8.06390373,\n        1.61597874],\n       [5.00532843, 3.54713749, 2.76643429, 4.31367677, 7.89628878,\n        1.57727161]]), array([0.35293096, 0.35377018, 0.35828728, 0.36322133, 0.36552633,\n       0.37065497, 0.37209116]))", "callback": [0.8827667317294915, 0.7977677523612517, 0.7078538494258195, 0.552441797849187, 0.4361780794094461, 0.39909729784810277, 0.39506135942984033, 0.3899764674875854, 0.3836297060969054, 0.37580871237752]}, "2": {"maxiter": 100, "fatol": 1e-10, "xatol": 1e-05, "duration": 0.0409090518951416, "fun": "0.3529309569768134", "nit": "100", "nfev": "156", "status": "2", "success": "False", "message": "Maximum number of iterations has been exceeded.", "x": "[4.94545984 3.79351644 2.6022836  4.40105423 7.90322248 1.53908142]", "final_simplex": "(array([[4.94545984, 3.79351644, 2.6022836 , 4.40105423, 7.90322248,\n        1.53908142],\n       [4.92889376, 3.71728139, 2.64544108, 4.39484263, 7.95160459,\n        1.52454543],\n       [4.76593571, 3.77556774, 2.8627298 , 4.43184311, 7.75397501,\n        1.55830154],\n       [4.97297503, 3.6313822 , 2.82544424, 4.30478984, 8.04214243,\n        1.5670727 ],\n       [4.9657672 , 3.66482915, 2.49882448, 4.18552931, 8.06857808,\n        1.57656719],\n       [4.87463734, 3.61638449, 2.58936473, 4.3309777 , 8.06390373,\n        1.61597874],\n       [5.00532843, 3.54713749, 2.76643429, 4.31367677, 7.89628878,\n        1.57727161]]), array([0.35293096, 0.35377018, 0.35828728, 0.36322133, 0.36552633,\n       0.37065497, 0.37209116]))", "callback": [0.8827667317294915, 0.7977677523612517, 0.7078538494258195, 0.552441797849187, 0.4361780794094461, 0.39909729784810277, 0.39506135942984033, 0.3899764674875854, 0.3836297060969054, 0.37580871237752]}, "3": {"maxiter": 100, "fatol": 1e-10, "xatol": 1e-10, "duration": 0.04871416091918945, "fun": "0.3529309569768134", "nit": "100", "nfev": "156", "status": "2", "success": "False", "message": "Maximum number of iterations has been exceeded.", "x": "[4.94545984 3.79351644 2.6022836  4.40105423 7.90322248 1.53908142]", "final_simplex": "(array([[4.94545984, 3.79351644, 2.6022836 , 4.40105423, 7.90322248,\n        1.53908142],\n       [4.92889376, 3.71728139, 2.64544108, 4.39484263, 7.95160459,\n        1.52454543],\n       [4.76593571, 3.77556774, 2.8627298 , 4.43184311, 7.75397501,\n        1.55830154],\n       [4.97297503, 3.6313822 , 2.82544424, 4.30478984, 8.04214243,\n        1.5670727 ],\n       [4.9657672 , 3.66482915, 2.49882448, 4.18552931, 8.06857808,\n        1.57656719],\n       [4.87463734, 3.61638449, 2.58936473, 4.3309777 , 8.06390373,\n        1.61597874],\n       [5.00532843, 3.54713749, 2.76643429, 4.31367677, 7.89628878,\n        1.57727161]]), array([0.35293096, 0.35377018, 0.35828728, 0.36322133, 0.36552633,\n       0.37065497, 0.37209116]))", "callback": [0.8827667317294915, 0.7977677523612517, 0.7078538494258195, 0.552441797849187, 0.4361780794094461, 0.39909729784810277, 0.39506135942984033, 0.3899764674875854, 0.3836297060969054, 0.37580871237752]}, "4": {"maxiter": 500, "fatol": 1e-05, "xatol": 1e-05, "duration": 0.16280603408813477, "fun": "0.34016922783431713", "nit": "329", "nfev": "521", "status": "0", "success": "True", "message": "Optimization terminated successfully.", "x": "[4.9753426  3.86960685 2.69040372 4.41659949 7.82232776 1.31398413]", "final_simplex": "(array([[4.9753426 , 3.86960685, 2.69040372, 4.41659949, 7.82232776,\n        1.31398413],\n       [4.97533883, 3.86960864, 2.69040569, 4.41660669, 7.82232506,\n        1.31398663],\n       [4.9753401 , 3.86961006, 2.69041204, 4.41660706, 7.82232308,\n        1.31398976],\n       [4.97534203, 3.8696097 , 2.69040873, 4.41660542, 7.82232652,\n        1.31398609],\n       [4.97534026, 3.86961425, 2.69040553, 4.41660621, 7.82232406,\n        1.31399019],\n       [4.97534484, 3.86961065, 2.69040596, 4.41660404, 7.82232782,\n        1.31399234],\n       [4.97533615, 3.86960206, 2.69040074, 4.41659672, 7.82233082,\n        1.3139825 ]]), array([0.34016923, 0.34016923, 0.34016923, 0.34016923, 0.34016923,\n       0.34016923, 0.34016923]))", "callback": [0.8827667317294915, 0.7977677523612517, 0.7078538494258195, 0.552441797849187, 0.4361780794094461, 0.39909729784810277, 0.39506135942984033, 0.3899764674875854, 0.3836297060969054, 0.37580871237752, 0.34411503367428486, 0.34223950300730654, 0.34150713854188663, 0.3412597318648778, 0.34114875896497376, 0.34104798717854623, 0.3407721865084128, 0.34064862669850604, 0.340556767883757, 0.34041056310901274, 0.3403019743172957, 0.34022915462485037, 0.3401966810650361, 0.340175905736523, 0.34017102942284194, 0.3401701279360826, 0.34016930621993857, 0.34016925405901177, 0.3401692311215412, 0.3401692286157707, 0.3401692279779651, 0.3401692278473476, 0.3401692278408507]}, "5": {"maxiter": 500, "fatol": 1e-05, "xatol": 1e-10, "duration": 0.23372912406921387, "fun": "0.3401692278323609", "nit": "420", "nfev": "733", "status": "0", "success": "True", "message": "Optimization terminated successfully.", "x": "[4.97534044 3.86960798 2.69040559 4.41660338 7.82232653 1.3139861 ]", "final_simplex": "(array([[4.97534044, 3.86960798, 2.69040559, 4.41660338, 7.82232653,\n        1.3139861 ],\n       [4.97534044, 3.86960798, 2.69040559, 4.41660338, 7.82232653,\n        1.3139861 ],\n       [4.97534044, 3.86960798, 2.69040559, 4.41660338, 7.82232653,\n        1.3139861 ],\n       [4.97534044, 3.86960798, 2.69040559, 4.41660338, 7.82232653,\n        1.3139861 ],\n       [4.97534044, 3.86960798, 2.69040559, 4.41660338, 7.82232653,\n        1.3139861 ],\n       [4.97534044, 3.86960798, 2.69040559, 4.41660338, 7.82232653,\n        1.3139861 ],\n       [4.97534044, 3.86960798, 2.69040559, 4.41660338, 7.82232653,\n        1.3139861 ]]), array([0.34016923, 0.34016923, 0.34016923, 0.34016923, 0.34016923,\n       0.34016923, 0.34016923]))", "callback": [0.8827667317294915, 0.7977677523612517, 0.7078538494258195, 0.552441797849187, 0.4361780794094461, 0.39909729784810277, 0.39506135942984033, 0.3899764674875854, 0.3836297060969054, 0.37580871237752, 0.34411503367428486, 0.34223950300730654, 0.34150713854188663, 0.3412597318648778, 0.34114875896497376, 0.34104798717854623, 0.3407721865084128, 0.34064862669850604, 0.340556767883757, 0.34041056310901274, 0.3403019743172957, 0.34022915462485037, 0.3401966810650361, 0.340175905736523, 0.34017102942284194, 0.3401701279360826, 0.34016930621993857, 0.34016925405901177, 0.3401692311215412, 0.3401692286157707, 0.3401692279779651, 0.3401692278473476, 0.3401692278408507, 0.3401692278332359, 0.34016922783243586, 0.340169227832381, 0.34016922783236914, 0.34016922783236303, 0.3401692278323615, 0.34016922783236125, 0.34016922783236103, 0.3401692278323609]}, "6": {"maxiter": 500, "fatol": 1e-10, "xatol": 1e-05, "duration": 0.19565582275390625, "fun": "0.34016922783431713", "nit": "329", "nfev": "521", "status": "0", "success": "True", "message": "Optimization terminated successfully.", "x": "[4.9753426  3.86960685 2.69040372 4.41659949 7.82232776 1.31398413]", "final_simplex": "(array([[4.9753426 , 3.86960685, 2.69040372, 4.41659949, 7.82232776,\n        1.31398413],\n       [4.97533883, 3.86960864, 2.69040569, 4.41660669, 7.82232506,\n        1.31398663],\n       [4.9753401 , 3.86961006, 2.69041204, 4.41660706, 7.82232308,\n        1.31398976],\n       [4.97534203, 3.8696097 , 2.69040873, 4.41660542, 7.82232652,\n        1.31398609],\n       [4.97534026, 3.86961425, 2.69040553, 4.41660621, 7.82232406,\n        1.31399019],\n       [4.97534484, 3.86961065, 2.69040596, 4.41660404, 7.82232782,\n        1.31399234],\n       [4.97533615, 3.86960206, 2.69040074, 4.41659672, 7.82233082,\n        1.3139825 ]]), array([0.34016923, 0.34016923, 0.34016923, 0.34016923, 0.34016923,\n       0.34016923, 0.34016923]))", "callback": [0.8827667317294915, 0.7977677523612517, 0.7078538494258195, 0.552441797849187, 0.4361780794094461, 0.39909729784810277, 0.39506135942984033, 0.3899764674875854, 0.3836297060969054, 0.37580871237752, 0.34411503367428486, 0.34223950300730654, 0.34150713854188663, 0.3412597318648778, 0.34114875896497376, 0.34104798717854623, 0.3407721865084128, 0.34064862669850604, 0.340556767883757, 0.34041056310901274, 0.3403019743172957, 0.34022915462485037, 0.3401966810650361, 0.340175905736523, 0.34017102942284194, 0.3401701279360826, 0.34016930621993857, 0.34016925405901177, 0.3401692311215412, 0.3401692286157707, 0.3401692279779651, 0.3401692278473476, 0.3401692278408507]}, "7": {"maxiter": 500, "fatol": 1e-10, "xatol": 1e-10, "duration": 0.22048306465148926, "fun": "0.3401692278323609", "nit": "420", "nfev": "733", "status": "0", "success": "True", "message": "Optimization terminated successfully.", "x": "[4.97534044 3.86960798 2.69040559 4.41660338 7.82232653 1.3139861 ]", "final_simplex": "(array([[4.97534044, 3.86960798, 2.69040559, 4.41660338, 7.82232653,\n        1.3139861 ],\n       [4.97534044, 3.86960798, 2.69040559, 4.41660338, 7.82232653,\n        1.3139861 ],\n       [4.97534044, 3.86960798, 2.69040559, 4.41660338, 7.82232653,\n        1.3139861 ],\n       [4.97534044, 3.86960798, 2.69040559, 4.41660338, 7.82232653,\n        1.3139861 ],\n       [4.97534044, 3.86960798, 2.69040559, 4.41660338, 7.82232653,\n        1.3139861 ],\n       [4.97534044, 3.86960798, 2.69040559, 4.41660338, 7.82232653,\n        1.3139861 ],\n       [4.97534044, 3.86960798, 2.69040559, 4.41660338, 7.82232653,\n        1.3139861 ]]), array([0.34016923, 0.34016923, 0.34016923, 0.34016923, 0.34016923,\n       0.34016923, 0.34016923]))", "callback": [0.8827667317294915, 0.7977677523612517, 0.7078538494258195, 0.552441797849187, 0.4361780794094461, 0.39909729784810277, 0.39506135942984033, 0.3899764674875854, 0.3836297060969054, 0.37580871237752, 0.34411503367428486, 0.34223950300730654, 0.34150713854188663, 0.3412597318648778, 0.34114875896497376, 0.34104798717854623, 0.3407721865084128, 0.34064862669850604, 0.340556767883757, 0.34041056310901274, 0.3403019743172957, 0.34022915462485037, 0.3401966810650361, 0.340175905736523, 0.34017102942284194, 0.3401701279360826, 0.34016930621993857, 0.34016925405901177, 0.3401692311215412, 0.3401692286157707, 0.3401692279779651, 0.3401692278473476, 0.3401692278408507, 0.3401692278332359, 0.34016922783243586, 0.340169227832381, 0.34016922783236914, 0.34016922783236303, 0.3401692278323615, 0.34016922783236125, 0.34016922783236103, 0.3401692278323609]}, "8": {"maxiter": 1000, "fatol": 1e-05, "xatol": 1e-05, "duration": 0.1710059642791748, "fun": "0.34016922783431713", "nit": "329", "nfev": "521", "status": "0", "success": "True", "message": "Optimization terminated successfully.", "x": "[4.9753426  3.86960685 2.69040372 4.41659949 7.82232776 1.31398413]", "final_simplex": "(array([[4.9753426 , 3.86960685, 2.69040372, 4.41659949, 7.82232776,\n        1.31398413],\n       [4.97533883, 3.86960864, 2.69040569, 4.41660669, 7.82232506,\n        1.31398663],\n       [4.9753401 , 3.86961006, 2.69041204, 4.41660706, 7.82232308,\n        1.31398976],\n       [4.97534203, 3.8696097 , 2.69040873, 4.41660542, 7.82232652,\n        1.31398609],\n       [4.97534026, 3.86961425, 2.69040553, 4.41660621, 7.82232406,\n        1.31399019],\n       [4.97534484, 3.86961065, 2.69040596, 4.41660404, 7.82232782,\n        1.31399234],\n       [4.97533615, 3.86960206, 2.69040074, 4.41659672, 7.82233082,\n        1.3139825 ]]), array([0.34016923, 0.34016923, 0.34016923, 0.34016923, 0.34016923,\n       0.34016923, 0.34016923]))", "callback": [0.8827667317294915, 0.7977677523612517, 0.7078538494258195, 0.552441797849187, 0.4361780794094461, 0.39909729784810277, 0.39506135942984033, 0.3899764674875854, 0.3836297060969054, 0.37580871237752, 0.34411503367428486, 0.34223950300730654, 0.34150713854188663, 0.3412597318648778, 0.34114875896497376, 0.34104798717854623, 0.3407721865084128, 0.34064862669850604, 0.340556767883757, 0.34041056310901274, 0.3403019743172957, 0.34022915462485037, 0.3401966810650361, 0.340175905736523, 0.34017102942284194, 0.3401701279360826, 0.34016930621993857, 0.34016925405901177, 0.3401692311215412, 0.3401692286157707, 0.3401692279779651, 0.3401692278473476, 0.3401692278408507]}, "9": {"maxiter": 1000, "fatol": 1e-05, "xatol": 1e-10, "duration": 0.23900485038757324, "fun": "0.3401692278323609", "nit": "420", "nfev": "733", "status": "0", "success": "True", "message": "Optimization terminated successfully.", "x": "[4.97534044 3.86960798 2.69040559 4.41660338 7.82232653 1.3139861 ]", "final_simplex": "(array([[4.97534044, 3.86960798, 2.69040559, 4.41660338, 7.82232653,\n        1.3139861 ],\n       [4.97534044, 3.86960798, 2.69040559, 4.41660338, 7.82232653,\n        1.3139861 ],\n       [4.97534044, 3.86960798, 2.69040559, 4.41660338, 7.82232653,\n        1.3139861 ],\n       [4.97534044, 3.86960798, 2.69040559, 4.41660338, 7.82232653,\n        1.3139861 ],\n       [4.97534044, 3.86960798, 2.69040559, 4.41660338, 7.82232653,\n        1.3139861 ],\n       [4.97534044, 3.86960798, 2.69040559, 4.41660338, 7.82232653,\n        1.3139861 ],\n       [4.97534044, 3.86960798, 2.69040559, 4.41660338, 7.82232653,\n        1.3139861 ]]), array([0.34016923, 0.34016923, 0.34016923, 0.34016923, 0.34016923,\n       0.34016923, 0.34016923]))", "callback": [0.8827667317294915, 0.7977677523612517, 0.7078538494258195, 0.552441797849187, 0.4361780794094461, 0.39909729784810277, 0.39506135942984033, 0.3899764674875854, 0.3836297060969054, 0.37580871237752, 0.34411503367428486, 0.34223950300730654, 0.34150713854188663, 0.3412597318648778, 0.34114875896497376, 0.34104798717854623, 0.3407721865084128, 0.34064862669850604, 0.340556767883757, 0.34041056310901274, 0.3403019743172957, 0.34022915462485037, 0.3401966810650361, 0.340175905736523, 0.34017102942284194, 0.3401701279360826, 0.34016930621993857, 0.34016925405901177, 0.3401692311215412, 0.3401692286157707, 0.3401692279779651, 0.3401692278473476, 0.3401692278408507, 0.3401692278332359, 0.34016922783243586, 0.340169227832381, 0.34016922783236914, 0.34016922783236303, 0.3401692278323615, 0.34016922783236125, 0.34016922783236103, 0.3401692278323609]}, "10": {"maxiter": 1000, "fatol": 1e-10, "xatol": 1e-05, "duration": 0.1657710075378418, "fun": "0.34016922783431713", "nit": "329", "nfev": "521", "status": "0", "success": "True", "message": "Optimization terminated successfully.", "x": "[4.9753426  3.86960685 2.69040372 4.41659949 7.82232776 1.31398413]", "final_simplex": "(array([[4.9753426 , 3.86960685, 2.69040372, 4.41659949, 7.82232776,\n        1.31398413],\n       [4.97533883, 3.86960864, 2.69040569, 4.41660669, 7.82232506,\n        1.31398663],\n       [4.9753401 , 3.86961006, 2.69041204, 4.41660706, 7.82232308,\n        1.31398976],\n       [4.97534203, 3.8696097 , 2.69040873, 4.41660542, 7.82232652,\n        1.31398609],\n       [4.97534026, 3.86961425, 2.69040553, 4.41660621, 7.82232406,\n        1.31399019],\n       [4.97534484, 3.86961065, 2.69040596, 4.41660404, 7.82232782,\n        1.31399234],\n       [4.97533615, 3.86960206, 2.69040074, 4.41659672, 7.82233082,\n        1.3139825 ]]), array([0.34016923, 0.34016923, 0.34016923, 0.34016923, 0.34016923,\n       0.34016923, 0.34016923]))", "callback": [0.8827667317294915, 0.7977677523612517, 0.7078538494258195, 0.552441797849187, 0.4361780794094461, 0.39909729784810277, 0.39506135942984033, 0.3899764674875854, 0.3836297060969054, 0.37580871237752, 0.34411503367428486, 0.34223950300730654, 0.34150713854188663, 0.3412597318648778, 0.34114875896497376, 0.34104798717854623, 0.3407721865084128, 0.34064862669850604, 0.340556767883757, 0.34041056310901274, 0.3403019743172957, 0.34022915462485037, 0.3401966810650361, 0.340175905736523, 0.34017102942284194, 0.3401701279360826, 0.34016930621993857, 0.34016925405901177, 0.3401692311215412, 0.3401692286157707, 0.3401692279779651, 0.3401692278473476, 0.3401692278408507]}, "11": {"maxiter": 1000, "fatol": 1e-10, "xatol": 1e-10, "duration": 0.24450182914733887, "fun": "0.3401692278323609", "nit": "420", "nfev": "733", "status": "0", "success": "True", "message": "Optimization terminated successfully.", "x": "[4.97534044 3.86960798 2.69040559 4.41660338 7.82232653 1.3139861 ]", "final_simplex": "(array([[4.97534044, 3.86960798, 2.69040559, 4.41660338, 7.82232653,\n        1.3139861 ],\n       [4.97534044, 3.86960798, 2.69040559, 4.41660338, 7.82232653,\n        1.3139861 ],\n       [4.97534044, 3.86960798, 2.69040559, 4.41660338, 7.82232653,\n        1.3139861 ],\n       [4.97534044, 3.86960798, 2.69040559, 4.41660338, 7.82232653,\n        1.3139861 ],\n       [4.97534044, 3.86960798, 2.69040559, 4.41660338, 7.82232653,\n        1.3139861 ],\n       [4.97534044, 3.86960798, 2.69040559, 4.41660338, 7.82232653,\n        1.3139861 ],\n       [4.97534044, 3.86960798, 2.69040559, 4.41660338, 7.82232653,\n        1.3139861 ]]), array([0.34016923, 0.34016923, 0.34016923, 0.34016923, 0.34016923,\n       0.34016923, 0.34016923]))", "callback": [0.8827667317294915, 0.7977677523612517, 0.7078538494258195, 0.552441797849187, 0.4361780794094461, 0.39909729784810277, 0.39506135942984033, 0.3899764674875854, 0.3836297060969054, 0.37580871237752, 0.34411503367428486, 0.34223950300730654, 0.34150713854188663, 0.3412597318648778, 0.34114875896497376, 0.34104798717854623, 0.3407721865084128, 0.34064862669850604, 0.340556767883757, 0.34041056310901274, 0.3403019743172957, 0.34022915462485037, 0.3401966810650361, 0.340175905736523, 0.34017102942284194, 0.3401701279360826, 0.34016930621993857, 0.34016925405901177, 0.3401692311215412, 0.3401692286157707, 0.3401692279779651, 0.3401692278473476, 0.3401692278408507, 0.3401692278332359, 0.34016922783243586, 0.340169227832381, 0.34016922783236914, 0.34016922783236303, 0.3401692278323615, 0.34016922783236125, 0.34016922783236103, 0.3401692278323609]}}, "bfgs": {"type": "gradient", "0": {"maxiter": 100, "gtol": 1e-05, "xrtol": 1e-05, "eps": 1e-05, "duration": 0.07214093208312988, "fun": "0.34016922792828375", "jac": "[-2.16694440e-06  4.43626247e-06 -6.54309940e-07 -3.15536486e-07\n  1.62115876e-06 -1.73598913e-06]", "hess_inv": "[[ 3.40976089 -0.56057823 -0.90992848 -0.8316136   0.05104732 -0.8489775 ]\n [-0.56057823  6.17995073  3.34847286  2.99524452 -3.45564395  3.76850643]\n [-0.90992848  3.34847286 10.82586613  4.95066029 -5.88491647  5.27335984]\n [-0.8316136   2.99524452  4.95066029  6.1968415  -2.9601659   3.18572666]\n [ 0.05104732 -3.45564395 -5.88491647 -2.9601659   6.72626949 -2.75274161]\n [-0.8489775   3.76850643  5.27335984  3.18572666 -2.75274161  6.89257898]]", "nfev": "203", "njev": "29", "status": "0", "success": "True", "message": "Optimization terminated successfully.", "x": "[4.97533405 3.86960248 2.69037183 4.41658416 7.82234029 1.31396241]", "nit": "23", "callback": [0.846148168770414, 0.8333302722354148, 0.8131653512935204, 0.7996432858504533, 0.611146609757995, 0.5962794006008652, 0.5677080254560029, 0.514887120477034, 0.4320188784058817, 0.3887267527668784, 0.37568205488792983, 0.35780707012164403, 0.35038443144247444, 0.3478914841011975, 0.3445427136871163, 0.3426973780759812, 0.34093692643043416, 0.3402783298526547, 0.3401763451631552, 0.34016985620004414, 0.34016927625107884, 0.3401692294361983, 0.34016922792828375]}, "1": {"maxiter": 100, "gtol": 1e-05, "xrtol": 1e-05, "eps": 1e-10, "duration": 0.059007883071899414, "fun": "0.34016922806831196", "jac": "[-3.33066880e-06  7.77156053e-06  0.00000000e+00 -5.55111466e-06\n  1.11022293e-06 -5.55111466e-06]", "hess_inv": "[[ 3.45733302 -0.61213231 -0.90159198 -0.88992625 -0.01803858 -0.87671592]\n [-0.61213231  6.2460127   3.52111239  3.13066836 -3.51048681  3.96400935]\n [-0.90159198  3.52111239 11.13244268  5.21905451 -6.03196932  5.58477959]\n [-0.88992625  3.13066836  5.21905451  6.39375895 -3.07462654  3.48809945]\n [-0.01803858 -3.51048681 -6.03196932 -3.07462654  6.83416436 -2.8584522 ]\n [-0.87671592  3.96400935  5.58477959  3.48809945 -2.8584522   7.21895775]]", "nfev": "203", "njev": "29", "status": "0", "success": "True", "message": "Optimization terminated successfully.", "x": "[4.97533472 3.86959453 2.6903565  4.41656881 7.82234719 1.31394268]", "nit": "23", "callback": [0.8461482178377402, 0.833329413351076, 0.8131639581332237, 0.7996436250852822, 0.6111838449903687, 0.5963140295710697, 0.567739728492346, 0.5149182425898557, 0.4320637285270664, 0.38875681457447975, 0.37570443107271045, 0.3578097075121296, 0.3503878506134048, 0.3478936601988665, 0.3445449264805346, 0.34270048850474055, 0.3409368175462305, 0.34027829703287926, 0.34017636245951066, 0.3401698618380904, 0.34016927792764107, 0.3401692296779011, 0.34016922806831196]}, "2": {"maxiter": 100, "gtol": 1e-05, "xrtol": 1e-10, "eps": 1e-05, "duration": 0.07042789459228516, "fun": "0.34016922792828375", "jac": "[-2.16694440e-06  4.43626247e-06 -6.54309940e-07 -3.15536486e-07\n  1.62115876e-06 -1.73598913e-06]", "hess_inv": "[[ 3.40976089 -0.56057823 -0.90992848 -0.8316136   0.05104732 -0.8489775 ]\n [-0.56057823  6.17995073  3.34847286  2.99524452 -3.45564395  3.76850643]\n [-0.90992848  3.34847286 10.82586613  4.95066029 -5.88491647  5.27335984]\n [-0.8316136   2.99524452  4.95066029  6.1968415  -2.9601659   3.18572666]\n [ 0.05104732 -3.45564395 -5.88491647 -2.9601659   6.72626949 -2.75274161]\n [-0.8489775   3.76850643  5.27335984  3.18572666 -2.75274161  6.89257898]]", "nfev": "203", "njev": "29", "status": "0", "success": "True", "message": "Optimization terminated successfully.", "x": "[4.97533405 3.86960248 2.69037183 4.41658416 7.82234029 1.31396241]", "nit": "23", "callback": [0.846148168770414, 0.8333302722354148, 0.8131653512935204, 0.7996432858504533, 0.611146609757995, 0.5962794006008652, 0.5677080254560029, 0.514887120477034, 0.4320188784058817, 0.3887267527668784, 0.37568205488792983, 0.35780707012164403, 0.35038443144247444, 0.3478914841011975, 0.3445427136871163, 0.3426973780759812, 0.34093692643043416, 0.3402783298526547, 0.3401763451631552, 0.34016985620004414, 0.34016927625107884, 0.3401692294361983, 0.34016922792828375]}, "3": {"maxiter": 100, "gtol": 1e-05, "xrtol": 1e-10, "eps": 1e-10, "duration": 0.06113409996032715, "fun": "0.34016922806831196", "jac": "[-3.33066880e-06  7.77156053e-06  0.00000000e+00 -5.55111466e-06\n  1.11022293e-06 -5.55111466e-06]", "hess_inv": "[[ 3.45733302 -0.61213231 -0.90159198 -0.88992625 -0.01803858 -0.87671592]\n [-0.61213231  6.2460127   3.52111239  3.13066836 -3.51048681  3.96400935]\n [-0.90159198  3.52111239 11.13244268  5.21905451 -6.03196932  5.58477959]\n [-0.88992625  3.13066836  5.21905451  6.39375895 -3.07462654  3.48809945]\n [-0.01803858 -3.51048681 -6.03196932 -3.07462654  6.83416436 -2.8584522 ]\n [-0.87671592  3.96400935  5.58477959  3.48809945 -2.8584522   7.21895775]]", "nfev": "203", "njev": "29", "status": "0", "success": "True", "message": "Optimization terminated successfully.", "x": "[4.97533472 3.86959453 2.6903565  4.41656881 7.82234719 1.31394268]", "nit": "23", "callback": [0.8461482178377402, 0.833329413351076, 0.8131639581332237, 0.7996436250852822, 0.6111838449903687, 0.5963140295710697, 0.567739728492346, 0.5149182425898557, 0.4320637285270664, 0.38875681457447975, 0.37570443107271045, 0.3578097075121296, 0.3503878506134048, 0.3478936601988665, 0.3445449264805346, 0.34270048850474055, 0.3409368175462305, 0.34027829703287926, 0.34017636245951066, 0.3401698618380904, 0.34016927792764107, 0.3401692296779011, 0.34016922806831196]}, "4": {"maxiter": 100, "gtol": 1e-10, "xrtol": 1e-05, "eps": 1e-05, "duration": 0.05725574493408203, "fun": "0.3401692278934495", "jac": "[ 1.29485311e-07  1.14219745e-07  1.90736316e-08  9.60453939e-08\n -1.51079149e-07 -2.45381493e-07]", "hess_inv": "[[ 3.31846449 -0.60904956 -1.06568918 -0.98683221  0.16309585 -1.06488998]\n [-0.60904956  6.79429415  3.34769832  3.36580969 -3.54886923  4.2203004 ]\n [-1.06568918  3.34769832 10.57060803  4.74381728 -5.71329618  4.97748764]\n [-0.98683221  3.36580969  4.74381728  6.25350841 -2.87773915  3.21949298]\n [ 0.16309585 -3.54886923 -5.71329618 -2.87773915  6.62518744 -2.6228933 ]\n [-1.06488998  4.2203004   4.97748764  3.21949298 -2.6228933   6.88320466]]", "nfev": "210", "njev": "30", "status": "0", "success": "True", "message": "Optimization terminated successfully.", "x": "[4.97534082 3.86958735 2.69038099 4.41658242 7.82233645 1.31396185]", "nit": "24", "callback": [0.846148168770414, 0.8333302722354148, 0.8131653512935204, 0.7996432858504533, 0.611146609757995, 0.5962794006008652, 0.5677080254560029, 0.514887120477034, 0.4320188784058817, 0.3887267527668784, 0.37568205488792983, 0.35780707012164403, 0.35038443144247444, 0.3478914841011975, 0.3445427136871163, 0.3426973780759812, 0.34093692643043416, 0.3402783298526547, 0.3401763451631552, 0.34016985620004414, 0.34016927625107884, 0.3401692294361983, 0.34016922792828375, 0.3401692278934495]}, "5": {"maxiter": 100, "gtol": 1e-10, "xrtol": 1e-05, "eps": 1e-10, "duration": 0.06553292274475098, "fun": "0.3401692278940792", "jac": "[-4.44089173e-06 -4.44089173e-06 -3.33066880e-06  0.00000000e+00\n -3.33066880e-06 -3.33066880e-06]", "hess_inv": "[[ 3.43543435 -0.65549759 -1.02688807 -1.02885875  0.03851917 -1.0292013 ]\n [-0.65549759  6.84502803  3.30038966  3.20143    -3.51578504  4.21553196]\n [-1.02688807  3.30038966 10.41664104  4.43797073 -5.71305911  4.73445577]\n [-1.02885875  3.20143     4.43797073  5.68700513 -2.77504346  2.80020412]\n [ 0.03851917 -3.51578504 -5.71305911 -2.77504346  6.70818158 -2.55942061]\n [-1.0292013   4.21553196  4.73445577  2.80020412 -2.55942061  6.60445928]]", "nfev": "210", "njev": "30", "status": "0", "success": "True", "message": "Optimization terminated successfully.", "x": "[4.97533979 3.86958422 2.69038469 4.4165907  7.82233758 1.31396154]", "nit": "24", "callback": [0.8461482178377402, 0.833329413351076, 0.8131639581332237, 0.7996436250852822, 0.6111838449903687, 0.5963140295710697, 0.567739728492346, 0.5149182425898557, 0.4320637285270664, 0.38875681457447975, 0.37570443107271045, 0.3578097075121296, 0.3503878506134048, 0.3478936601988665, 0.3445449264805346, 0.34270048850474055, 0.3409368175462305, 0.34027829703287926, 0.34017636245951066, 0.3401698618380904, 0.34016927792764107, 0.3401692296779011, 0.34016922806831196, 0.3401692278940792]}, "6": {"maxiter": 100, "gtol": 1e-10, "xrtol": 1e-10, "eps": 1e-05, "duration": 0.1515791416168213, "fun": "0.3401692278934495", "jac": "[ 1.29485311e-07  1.14219745e-07  1.90736316e-08  9.60453939e-08\n -1.51079149e-07 -2.45381493e-07]", "hess_inv": "[[ 3.24985279 -0.57751707 -1.15055327 -1.02171661  0.26460523 -1.02224577]\n [-0.57751707  6.99591136  3.37265954  3.47501931 -3.70656461  4.1350169 ]\n [-1.15055327  3.37265954 10.46655398  4.69461593 -5.5805273   5.03450073]\n [-1.02171661  3.47501931  4.69461593  6.27594645 -2.87400615  3.21285388]\n [ 0.26460523 -3.70656461 -5.5805273  -2.87400615  6.53206467 -2.65223322]\n [-1.02224577  4.1350169   5.03450073  3.21285388 -2.65223322  6.87666466]]", "nfev": "431", "njev": "60", "status": "2", "success": "False", "message": "Desired error not necessarily achieved due to precision loss.", "x": "[4.97534082 3.86958735 2.69038099 4.41658242 7.82233645 1.31396185]", "nit": "24", "callback": [0.846148168770414, 0.8333302722354148, 0.8131653512935204, 0.7996432858504533, 0.611146609757995, 0.5962794006008652, 0.5677080254560029, 0.514887120477034, 0.4320188784058817, 0.3887267527668784, 0.37568205488792983, 0.35780707012164403, 0.35038443144247444, 0.3478914841011975, 0.3445427136871163, 0.3426973780759812, 0.34093692643043416, 0.3402783298526547, 0.3401763451631552, 0.34016985620004414, 0.34016927625107884, 0.3401692294361983, 0.34016922792828375, 0.3401692278934495]}, "7": {"maxiter": 100, "gtol": 1e-10, "xrtol": 1e-10, "eps": 1e-10, "duration": 0.21839213371276855, "fun": "0.3401692278501418", "jac": "[-2.22044587e-06  0.00000000e+00  1.11022293e-06 -2.22044587e-06\n -1.11022293e-06 -2.22044587e-06]", "hess_inv": "[[ 3.38868521 -0.82451506 -3.40705167 -4.06817494  0.82241048 -0.54922882]\n [-0.82451506  0.20147061  0.82875159  0.99088253 -0.20113999  0.13410651]\n [-3.40705167  0.82875159  3.42912254  4.09073346 -0.8279343   0.55081363]\n [-4.06817494  0.99088253  4.09073346  4.88609516 -0.98936512  0.65953204]\n [ 0.82241048 -0.20113999 -0.8279343  -0.98936512  0.20183837 -0.13342106]\n [-0.54922882  0.13410651  0.55081363  0.65953204 -0.13342106  0.08996938]]", "nfev": "672", "njev": "96", "status": "2", "success": "False", "message": "Desired error not necessarily achieved due to precision loss.", "x": "[4.97533952 3.86959518 2.69039982 4.41659422 7.82233016 1.31397419]", "nit": "41", "callback": [0.8461482178377402, 0.833329413351076, 0.8131639581332237, 0.7996436250852822, 0.6111838449903687, 0.5963140295710697, 0.567739728492346, 0.5149182425898557, 0.4320637285270664, 0.38875681457447975, 0.37570443107271045, 0.3578097075121296, 0.3503878506134048, 0.3478936601988665, 0.3445449264805346, 0.34270048850474055, 0.3409368175462305, 0.34027829703287926, 0.34017636245951066, 0.3401698618380904, 0.34016927792764107, 0.3401692296779011, 0.34016922806831196, 0.3401692278940792, 0.34016922787466686, 0.3401692278637636, 0.3401692278563082, 0.3401692278512992, 0.34016922785056003, 0.3401692278505475, 0.34016922785054293, 0.3401692278505377, 0.34016922785042114, 0.34016922785037607, 0.34016922785036596, 0.34016922785032655, 0.3401692278502927, 0.3401692278502647, 0.34016922785023795, 0.3401692278501418, 0.3401692278501418]}, "8": {"maxiter": 500, "gtol": 1e-05, "xrtol": 1e-05, "eps": 1e-05, "duration": 0.06375288963317871, "fun": "0.34016922792828375", "jac": "[-2.16694440e-06  4.43626247e-06 -6.54309940e-07 -3.15536486e-07\n  1.62115876e-06 -1.73598913e-06]", "hess_inv": "[[ 3.40976089 -0.56057823 -0.90992848 -0.8316136   0.05104732 -0.8489775 ]\n [-0.56057823  6.17995073  3.34847286  2.99524452 -3.45564395  3.76850643]\n [-0.90992848  3.34847286 10.82586613  4.95066029 -5.88491647  5.27335984]\n [-0.8316136   2.99524452  4.95066029  6.1968415  -2.9601659   3.18572666]\n [ 0.05104732 -3.45564395 -5.88491647 -2.9601659   6.72626949 -2.75274161]\n [-0.8489775   3.76850643  5.27335984  3.18572666 -2.75274161  6.89257898]]", "nfev": "203", "njev": "29", "status": "0", "success": "True", "message": "Optimization terminated successfully.", "x": "[4.97533405 3.86960248 2.69037183 4.41658416 7.82234029 1.31396241]", "nit": "23", "callback": [0.846148168770414, 0.8333302722354148, 0.8131653512935204, 0.7996432858504533, 0.611146609757995, 0.5962794006008652, 0.5677080254560029, 0.514887120477034, 0.4320188784058817, 0.3887267527668784, 0.37568205488792983, 0.35780707012164403, 0.35038443144247444, 0.3478914841011975, 0.3445427136871163, 0.3426973780759812, 0.34093692643043416, 0.3402783298526547, 0.3401763451631552, 0.34016985620004414, 0.34016927625107884, 0.3401692294361983, 0.34016922792828375]}, "9": {"maxiter": 500, "gtol": 1e-05, "xrtol": 1e-05, "eps": 1e-10, "duration": 0.059008121490478516, "fun": "0.34016922806831196", "jac": "[-3.33066880e-06  7.77156053e-06  0.00000000e+00 -5.55111466e-06\n  1.11022293e-06 -5.55111466e-06]", "hess_inv": "[[ 3.45733302 -0.61213231 -0.90159198 -0.88992625 -0.01803858 -0.87671592]\n [-0.61213231  6.2460127   3.52111239  3.13066836 -3.51048681  3.96400935]\n [-0.90159198  3.52111239 11.13244268  5.21905451 -6.03196932  5.58477959]\n [-0.88992625  3.13066836  5.21905451  6.39375895 -3.07462654  3.48809945]\n [-0.01803858 -3.51048681 -6.03196932 -3.07462654  6.83416436 -2.8584522 ]\n [-0.87671592  3.96400935  5.58477959  3.48809945 -2.8584522   7.21895775]]", "nfev": "203", "njev": "29", "status": "0", "success": "True", "message": "Optimization terminated successfully.", "x": "[4.97533472 3.86959453 2.6903565  4.41656881 7.82234719 1.31394268]", "nit": "23", "callback": [0.8461482178377402, 0.833329413351076, 0.8131639581332237, 0.7996436250852822, 0.6111838449903687, 0.5963140295710697, 0.567739728492346, 0.5149182425898557, 0.4320637285270664, 0.38875681457447975, 0.37570443107271045, 0.3578097075121296, 0.3503878506134048, 0.3478936601988665, 0.3445449264805346, 0.34270048850474055, 0.3409368175462305, 0.34027829703287926, 0.34017636245951066, 0.3401698618380904, 0.34016927792764107, 0.3401692296779011, 0.34016922806831196]}, "10": {"maxiter": 500, "gtol": 1e-05, "xrtol": 1e-10, "eps": 1e-05, "duration": 0.06257796287536621, "fun": "0.34016922792828375", "jac": "[-2.16694440e-06  4.43626247e-06 -6.54309940e-07 -3.15536486e-07\n  1.62115876e-06 -1.73598913e-06]", "hess_inv": "[[ 3.40976089 -0.56057823 -0.90992848 -0.8316136   0.05104732 -0.8489775 ]\n [-0.56057823  6.17995073  3.34847286  2.99524452 -3.45564395  3.76850643]\n [-0.90992848  3.34847286 10.82586613  4.95066029 -5.88491647  5.27335984]\n [-0.8316136   2.99524452  4.95066029  6.1968415  -2.9601659   3.18572666]\n [ 0.05104732 -3.45564395 -5.88491647 -2.9601659   6.72626949 -2.75274161]\n [-0.8489775   3.76850643  5.27335984  3.18572666 -2.75274161  6.89257898]]", "nfev": "203", "njev": "29", "status": "0", "success": "True", "message": "Optimization terminated successfully.", "x": "[4.97533405 3.86960248 2.69037183 4.41658416 7.82234029 1.31396241]", "nit": "23", "callback": [0.846148168770414, 0.8333302722354148, 0.8131653512935204, 0.7996432858504533, 0.611146609757995, 0.5962794006008652, 0.5677080254560029, 0.514887120477034, 0.4320188784058817, 0.3887267527668784, 0.37568205488792983, 0.35780707012164403, 0.35038443144247444, 0.3478914841011975, 0.3445427136871163, 0.3426973780759812, 0.34093692643043416, 0.3402783298526547, 0.3401763451631552, 0.34016985620004414, 0.34016927625107884, 0.3401692294361983, 0.34016922792828375]}, "11": {"maxiter": 500, "gtol": 1e-05, "xrtol": 1e-10, "eps": 1e-10, "duration": 0.06085777282714844, "fun": "0.34016922806831196", "jac": "[-3.33066880e-06  7.77156053e-06  0.00000000e+00 -5.55111466e-06\n  1.11022293e-06 -5.55111466e-06]", "hess_inv": "[[ 3.45733302 -0.61213231 -0.90159198 -0.88992625 -0.01803858 -0.87671592]\n [-0.61213231  6.2460127   3.52111239  3.13066836 -3.51048681  3.96400935]\n [-0.90159198  3.52111239 11.13244268  5.21905451 -6.03196932  5.58477959]\n [-0.88992625  3.13066836  5.21905451  6.39375895 -3.07462654  3.48809945]\n [-0.01803858 -3.51048681 -6.03196932 -3.07462654  6.83416436 -2.8584522 ]\n [-0.87671592  3.96400935  5.58477959  3.48809945 -2.8584522   7.21895775]]", "nfev": "203", "njev": "29", "status": "0", "success": "True", "message": "Optimization terminated successfully.", "x": "[4.97533472 3.86959453 2.6903565  4.41656881 7.82234719 1.31394268]", "nit": "23", "callback": [0.8461482178377402, 0.833329413351076, 0.8131639581332237, 0.7996436250852822, 0.6111838449903687, 0.5963140295710697, 0.567739728492346, 0.5149182425898557, 0.4320637285270664, 0.38875681457447975, 0.37570443107271045, 0.3578097075121296, 0.3503878506134048, 0.3478936601988665, 0.3445449264805346, 0.34270048850474055, 0.3409368175462305, 0.34027829703287926, 0.34017636245951066, 0.3401698618380904, 0.34016927792764107, 0.3401692296779011, 0.34016922806831196]}, "12": {"maxiter": 500, "gtol": 1e-10, "xrtol": 1e-05, "eps": 1e-05, "duration": 0.06306982040405273, "fun": "0.3401692278934495", "jac": "[ 1.29485311e-07  1.14219745e-07  1.90736316e-08  9.60453939e-08\n -1.51079149e-07 -2.45381493e-07]", "hess_inv": "[[ 3.31846449 -0.60904956 -1.06568918 -0.98683221  0.16309585 -1.06488998]\n [-0.60904956  6.79429415  3.34769832  3.36580969 -3.54886923  4.2203004 ]\n [-1.06568918  3.34769832 10.57060803  4.74381728 -5.71329618  4.97748764]\n [-0.98683221  3.36580969  4.74381728  6.25350841 -2.87773915  3.21949298]\n [ 0.16309585 -3.54886923 -5.71329618 -2.87773915  6.62518744 -2.6228933 ]\n [-1.06488998  4.2203004   4.97748764  3.21949298 -2.6228933   6.88320466]]", "nfev": "210", "njev": "30", "status": "0", "success": "True", "message": "Optimization terminated successfully.", "x": "[4.97534082 3.86958735 2.69038099 4.41658242 7.82233645 1.31396185]", "nit": "24", "callback": [0.846148168770414, 0.8333302722354148, 0.8131653512935204, 0.7996432858504533, 0.611146609757995, 0.5962794006008652, 0.5677080254560029, 0.514887120477034, 0.4320188784058817, 0.3887267527668784, 0.37568205488792983, 0.35780707012164403, 0.35038443144247444, 0.3478914841011975, 0.3445427136871163, 0.3426973780759812, 0.34093692643043416, 0.3402783298526547, 0.3401763451631552, 0.34016985620004414, 0.34016927625107884, 0.3401692294361983, 0.34016922792828375, 0.3401692278934495]}, "13": {"maxiter": 500, "gtol": 1e-10, "xrtol": 1e-05, "eps": 1e-10, "duration": 0.06638693809509277, "fun": "0.3401692278940792", "jac": "[-4.44089173e-06 -4.44089173e-06 -3.33066880e-06  0.00000000e+00\n -3.33066880e-06 -3.33066880e-06]", "hess_inv": "[[ 3.43543435 -0.65549759 -1.02688807 -1.02885875  0.03851917 -1.0292013 ]\n [-0.65549759  6.84502803  3.30038966  3.2