{"date": "2024/10/08/, 16:13:19", "conf_id": 11, "data_type": "random\n", "num_data_points": 1, "s_rank": 0, "unitary": "[[-0.56303964-0.00798273j,-0.21670212-0.15784972j,-0.06047197-0.73952673j,-0.01438004+0.24552571j],[-0.06976756+0.23474685j,-0.01275565-0.5435098j,-0.02703657-0.08917885j,-0.08210486-0.79311774j],[-0.38559961+0.10714929j,0.5933431-0.2687392j,-0.24060861+0.29149289j,-0.45147719+0.26241743j],[-0.50180421+0.45931857j,-0.11617175+0.44134496j,0.49642745+0.22684508j,-0.08544628-0.15407063j]]", "databatch_0": {"databatch": "[[[-8.22985968e-02+0.0291351j,1.90420483e-01-0.1882464j,-7.48408687e-02-0.0082646j,-4.65823903e-02+0.39050678j],[7.33465532e-02-0.05463021j,4.38038726e-04+0.21991403j,2.68177032e-01-0.15636738j,-5.19274354e-01-0.05624281j],[-1.48989410e-01+0.01910971j,-4.70140139e-02+0.15259522j,-2.12927055e-01-0.02813783j,1.85702715e-01+0.0272768j],[1.05868519e-01+0.09118286j,1.54868276e-01-0.00912822j,2.45774167e-02-0.15346227j,3.83157408e-02+0.36852483j]]]", "initial param values": "[5.47467889,1.08480672,3.15083904,6.27501999,0.72385987,3.20730093]", "nelder_mead": {"type": "gradient-free", "0": {"maxiter": 100, "fatol": 1e-05, "xatol": 1e-05, "duration": 0.05542397499084473, "fun": "0.36429013020178513", "nit": "100", "nfev": "157", "status": "2", "success": "False", "message": "Maximum number of iterations has been exceeded.", "x": "[3.53764187 1.71618363 2.03011313 6.8196459  0.95842136 4.52718822]", "final_simplex": "(array([[3.53764187, 1.71618363, 2.03011313, 6.8196459 , 0.95842136,\n        4.52718822],\n       [3.54895237, 1.72305846, 2.06023333, 6.80166627, 0.96241732,\n        4.51125935],\n       [3.56842508, 1.71774018, 2.04000752, 6.8372739 , 0.95515165,\n        4.51710928],\n       [3.52639036, 1.73893926, 2.04372243, 6.83841441, 0.96879836,\n        4.48958723],\n       [3.55080695, 1.72908988, 2.02202714, 6.84022604, 0.95955633,\n        4.50360641],\n       [3.5659857 , 1.73838117, 2.03001465, 6.81255848, 0.95773886,\n        4.50581827],\n       [3.55770952, 1.71517554, 2.05005427, 6.82148562, 0.95756103,\n        4.50301957]]), array([0.36429013, 0.3643322 , 0.3643404 , 0.36434998, 0.36439789,\n       0.36445327, 0.36449753]))", "callback": [0.9035890807499177, 0.7951522931340378, 0.5182875523208548, 0.4605386215883458, 0.3879211491993122, 0.38639979123977386, 0.36736440074038224, 0.36589587697869475, 0.3650866272381761, 0.364397890996659]}, "1": {"maxiter": 100, "fatol": 1e-05, "xatol": 1e-10, "duration": 0.043734073638916016, "fun": "0.36429013020178513", "nit": "100", "nfev": "157", "status": "2", "success": "False", "message": "Maximum number of iterations has been exceeded.", "x": "[3.53764187 1.71618363 2.03011313 6.8196459  0.95842136 4.52718822]", "final_simplex": "(array([[3.53764187, 1.71618363, 2.03011313, 6.8196459 , 0.95842136,\n        4.52718822],\n       [3.54895237, 1.72305846, 2.06023333, 6.80166627, 0.96241732,\n        4.51125935],\n       [3.56842508, 1.71774018, 2.04000752, 6.8372739 , 0.95515165,\n        4.51710928],\n       [3.52639036, 1.73893926, 2.04372243, 6.83841441, 0.96879836,\n        4.48958723],\n       [3.55080695, 1.72908988, 2.02202714, 6.84022604, 0.95955633,\n        4.50360641],\n       [3.5659857 , 1.73838117, 2.03001465, 6.81255848, 0.95773886,\n        4.50581827],\n       [3.55770952, 1.71517554, 2.05005427, 6.82148562, 0.95756103,\n        4.50301957]]), array([0.36429013, 0.3643322 , 0.3643404 , 0.36434998, 0.36439789,\n       0.36445327, 0.36449753]))", "callback": [0.9035890807499177, 0.7951522931340378, 0.5182875523208548, 0.4605386215883458, 0.3879211491993122, 0.38639979123977386, 0.36736440074038224, 0.36589587697869475, 0.3650866272381761, 0.364397890996659]}, "2": {"maxiter": 100, "fatol": 1e-10, "xatol": 1e-05, "duration": 0.04901885986328125, "fun": "0.36429013020178513", "nit": "100", "nfev": "157", "status": "2", "success": "False", "message": "Maximum number of iterations has been exceeded.", "x": "[3.53764187 1.71618363 2.03011313 6.8196459  0.95842136 4.52718822]", "final_simplex": "(array([[3.53764187, 1.71618363, 2.03011313, 6.8196459 , 0.95842136,\n        4.52718822],\n       [3.54895237, 1.72305846, 2.06023333, 6.80166627, 0.96241732,\n        4.51125935],\n       [3.56842508, 1.71774018, 2.04000752, 6.8372739 , 0.95515165,\n        4.51710928],\n       [3.52639036, 1.73893926, 2.04372243, 6.83841441, 0.96879836,\n        4.48958723],\n       [3.55080695, 1.72908988, 2.02202714, 6.84022604, 0.95955633,\n        4.50360641],\n       [3.5659857 , 1.73838117, 2.03001465, 6.81255848, 0.95773886,\n        4.50581827],\n       [3.55770952, 1.71517554, 2.05005427, 6.82148562, 0.95756103,\n        4.50301957]]), array([0.36429013, 0.3643322 , 0.3643404 , 0.36434998, 0.36439789,\n       0.36445327, 0.36449753]))", "callback": [0.9035890807499177, 0.7951522931340378, 0.5182875523208548, 0.4605386215883458, 0.3879211491993122, 0.38639979123977386, 0.36736440074038224, 0.36589587697869475, 0.3650866272381761, 0.364397890996659]}, "3": {"maxiter": 100, "fatol": 1e-10, "xatol": 1e-10, "duration": 0.05268692970275879, "fun": "0.36429013020178513", "nit": "100", "nfev": "157", "status": "2", "success": "False", "message": "Maximum number of iterations has been exceeded.", "x": "[3.53764187 1.71618363 2.03011313 6.8196459  0.95842136 4.52718822]", "final_simplex": "(array([[3.53764187, 1.71618363, 2.03011313, 6.8196459 , 0.95842136,\n        4.52718822],\n       [3.54895237, 1.72305846, 2.06023333, 6.80166627, 0.96241732,\n        4.51125935],\n       [3.56842508, 1.71774018, 2.04000752, 6.8372739 , 0.95515165,\n        4.51710928],\n       [3.52639036, 1.73893926, 2.04372243, 6.83841441, 0.96879836,\n        4.48958723],\n       [3.55080695, 1.72908988, 2.02202714, 6.84022604, 0.95955633,\n        4.50360641],\n       [3.5659857 , 1.73838117, 2.03001465, 6.81255848, 0.95773886,\n        4.50581827],\n       [3.55770952, 1.71517554, 2.05005427, 6.82148562, 0.95756103,\n        4.50301957]]), array([0.36429013, 0.3643322 , 0.3643404 , 0.36434998, 0.36439789,\n       0.36445327, 0.36449753]))", "callback": [0.9035890807499177, 0.7951522931340378, 0.5182875523208548, 0.4605386215883458, 0.3879211491993122, 0.38639979123977386, 0.36736440074038224, 0.36589587697869475, 0.3650866272381761, 0.364397890996659]}, "4": {"maxiter": 500, "fatol": 1e-05, "xatol": 1e-05, "duration": 0.22234702110290527, "fun": "0.3064062387211769", "nit": "500", "nfev": "761", "status": "2", "success": "False", "message": "Maximum number of iterations has been exceeded.", "x": "[ 4.08033084  2.88930103  3.3709914   7.64067572 -0.0080573   5.02138797]", "final_simplex": "(array([[ 4.08033084e+00,  2.88930103e+00,  3.37099140e+00,\n         7.64067572e+00, -8.05730499e-03,  5.02138797e+00],\n       [ 4.08032689e+00,  2.89059582e+00,  3.37274069e+00,\n         7.64137058e+00, -8.60061267e-03,  5.02150128e+00],\n       [ 4.08002718e+00,  2.89035467e+00,  3.37165731e+00,\n         7.64050165e+00, -8.56028888e-03,  5.02069382e+00],\n       [ 4.07906992e+00,  2.89045322e+00,  3.37079567e+00,\n         7.64159161e+00, -8.31415655e-03,  5.02106875e+00],\n       [ 4.08009348e+00,  2.89020455e+00,  3.37104559e+00,\n         7.64042750e+00, -8.45874784e-03,  5.02225466e+00],\n       [ 4.08149285e+00,  2.89002806e+00,  3.37209170e+00,\n         7.64118058e+00, -7.36173302e-03,  5.02130491e+00],\n       [ 4.07917658e+00,  2.88987185e+00,  3.37091822e+00,\n         7.63854996e+00, -6.02464226e-03,  5.02066837e+00]]), array([0.30640624, 0.3064064 , 0.30640647, 0.30640653, 0.30640655,\n       0.30640686, 0.30640688]))", "callback": [0.9035890807499177, 0.7951522931340378, 0.5182875523208548, 0.4605386215883458, 0.3879211491993122, 0.38639979123977386, 0.36736440074038224, 0.36589587697869475, 0.3650866272381761, 0.364397890996659, 0.3642123069414436, 0.3638135241818845, 0.3614264487862189, 0.35652573165673684, 0.3524594720932551, 0.3491395378808869, 0.3477720610412839, 0.34728612956319427, 0.34711109224106673, 0.3470672285814702, 0.3470218159765993, 0.3470117944916763, 0.34698835282319074, 0.34693918991409434, 0.34682724723638314, 0.3465309789003902, 0.3453561288387683, 0.3417933967059652, 0.3302672376697309, 0.32808702121530076, 0.3247814045657018, 0.32189602707789544, 0.3213929948710643, 0.3187874956197637, 0.31477474731550004, 0.31325177291576567, 0.3122588737683426, 0.3094810612294845, 0.30728800906735365, 0.307018209773377, 0.30675516060636077, 0.3064831154887946, 0.3064724479711507, 0.3064295504627267, 0.3064184828640615, 0.30641035013058515, 0.30640979574040406, 0.30640801598037426, 0.30640757975447275, 0.30640685706970183]}, "5": {"maxiter": 500, "fatol": 1e-05, "xatol": 1e-10, "duration": 0.2455298900604248, "fun": "0.3064062387211769", "nit": "500", "nfev": "761", "status": "2", "success": "False", "message": "Maximum number of iterations has been exceeded.", "x": "[ 4.08033084  2.88930103  3.3709914   7.64067572 -0.0080573   5.02138797]", "final_simplex": "(array([[ 4.08033084e+00,  2.88930103e+00,  3.37099140e+00,\n         7.64067572e+00, -8.05730499e-03,  5.02138797e+00],\n       [ 4.08032689e+00,  2.89059582e+00,  3.37274069e+00,\n         7.64137058e+00, -8.60061267e-03,  5.02150128e+00],\n       [ 4.08002718e+00,  2.89035467e+00,  3.37165731e+00,\n         7.64050165e+00, -8.56028888e-03,  5.02069382e+00],\n       [ 4.07906992e+00,  2.89045322e+00,  3.37079567e+00,\n         7.64159161e+00, -8.31415655e-03,  5.02106875e+00],\n       [ 4.08009348e+00,  2.89020455e+00,  3.37104559e+00,\n         7.64042750e+00, -8.45874784e-03,  5.02225466e+00],\n       [ 4.08149285e+00,  2.89002806e+00,  3.37209170e+00,\n         7.64118058e+00, -7.36173302e-03,  5.02130491e+00],\n       [ 4.07917658e+00,  2.88987185e+00,  3.37091822e+00,\n         7.63854996e+00, -6.02464226e-03,  5.02066837e+00]]), array([0.30640624, 0.3064064 , 0.30640647, 0.30640653, 0.30640655,\n       0.30640686, 0.30640688]))", "callback": [0.9035890807499177, 0.7951522931340378, 0.5182875523208548, 0.4605386215883458, 0.3879211491993122, 0.38639979123977386, 0.36736440074038224, 0.36589587697869475, 0.3650866272381761, 0.364397890996659, 0.3642123069414436, 0.3638135241818845, 0.3614264487862189, 0.35652573165673684, 0.3524594720932551, 0.3491395378808869, 0.3477720610412839, 0.34728612956319427, 0.34711109224106673, 0.3470672285814702, 0.3470218159765993, 0.3470117944916763, 0.34698835282319074, 0.34693918991409434, 0.34682724723638314, 0.3465309789003902, 0.3453561288387683, 0.3417933967059652, 0.3302672376697309, 0.32808702121530076, 0.3247814045657018, 0.32189602707789544, 0.3213929948710643, 0.3187874956197637, 0.31477474731550004, 0.31325177291576567, 0.3122588737683426, 0.3094810612294845, 0.30728800906735365, 0.307018209773377, 0.30675516060636077, 0.3064831154887946, 0.3064724479711507, 0.3064295504627267, 0.3064184828640615, 0.30641035013058515, 0.30640979574040406, 0.30640801598037426, 0.30640757975447275, 0.30640685706970183]}, "6": {"maxiter": 500, "fatol": 1e-10, "xatol": 1e-05, "duration": 0.22889494895935059, "fun": "0.3064062387211769", "nit": "500", "nfev": "761", "status": "2", "success": "False", "message": "Maximum number of iterations has been exceeded.", "x": "[ 4.08033084  2.88930103  3.3709914   7.64067572 -0.0080573   5.02138797]", "final_simplex": "(array([[ 4.08033084e+00,  2.88930103e+00,  3.37099140e+00,\n         7.64067572e+00, -8.05730499e-03,  5.02138797e+00],\n       [ 4.08032689e+00,  2.89059582e+00,  3.37274069e+00,\n         7.64137058e+00, -8.60061267e-03,  5.02150128e+00],\n       [ 4.08002718e+00,  2.89035467e+00,  3.37165731e+00,\n         7.64050165e+00, -8.56028888e-03,  5.02069382e+00],\n       [ 4.07906992e+00,  2.89045322e+00,  3.37079567e+00,\n         7.64159161e+00, -8.31415655e-03,  5.02106875e+00],\n       [ 4.08009348e+00,  2.89020455e+00,  3.37104559e+00,\n         7.64042750e+00, -8.45874784e-03,  5.02225466e+00],\n       [ 4.08149285e+00,  2.89002806e+00,  3.37209170e+00,\n         7.64118058e+00, -7.36173302e-03,  5.02130491e+00],\n       [ 4.07917658e+00,  2.88987185e+00,  3.37091822e+00,\n         7.63854996e+00, -6.02464226e-03,  5.02066837e+00]]), array([0.30640624, 0.3064064 , 0.30640647, 0.30640653, 0.30640655,\n       0.30640686, 0.30640688]))", "callback": [0.9035890807499177, 0.7951522931340378, 0.5182875523208548, 0.4605386215883458, 0.3879211491993122, 0.38639979123977386, 0.36736440074038224, 0.36589587697869475, 0.3650866272381761, 0.364397890996659, 0.3642123069414436, 0.3638135241818845, 0.3614264487862189, 0.35652573165673684, 0.3524594720932551, 0.3491395378808869, 0.3477720610412839, 0.34728612956319427, 0.34711109224106673, 0.3470672285814702, 0.3470218159765993, 0.3470117944916763, 0.34698835282319074, 0.34693918991409434, 0.34682724723638314, 0.3465309789003902, 0.3453561288387683, 0.3417933967059652, 0.3302672376697309, 0.32808702121530076, 0.3247814045657018, 0.32189602707789544, 0.3213929948710643, 0.3187874956197637, 0.31477474731550004, 0.31325177291576567, 0.3122588737683426, 0.3094810612294845, 0.30728800906735365, 0.307018209773377, 0.30675516060636077, 0.3064831154887946, 0.3064724479711507, 0.3064295504627267, 0.3064184828640615, 0.30641035013058515, 0.30640979574040406, 0.30640801598037426, 0.30640757975447275, 0.30640685706970183]}, "7": {"maxiter": 500, "fatol": 1e-10, "xatol": 1e-10, "duration": 0.23560690879821777, "fun": "0.3064062387211769", "nit": "500", "nfev": "761", "status": "2", "success": "False", "message": "Maximum number of iterations has been exceeded.", "x": "[ 4.08033084  2.88930103  3.3709914   7.64067572 -0.0080573   5.02138797]", "final_simplex": "(array([[ 4.08033084e+00,  2.88930103e+00,  3.37099140e+00,\n         7.64067572e+00, -8.05730499e-03,  5.02138797e+00],\n       [ 4.08032689e+00,  2.89059582e+00,  3.37274069e+00,\n         7.64137058e+00, -8.60061267e-03,  5.02150128e+00],\n       [ 4.08002718e+00,  2.89035467e+00,  3.37165731e+00,\n         7.64050165e+00, -8.56028888e-03,  5.02069382e+00],\n       [ 4.07906992e+00,  2.89045322e+00,  3.37079567e+00,\n         7.64159161e+00, -8.31415655e-03,  5.02106875e+00],\n       [ 4.08009348e+00,  2.89020455e+00,  3.37104559e+00,\n         7.64042750e+00, -8.45874784e-03,  5.02225466e+00],\n       [ 4.08149285e+00,  2.89002806e+00,  3.37209170e+00,\n         7.64118058e+00, -7.36173302e-03,  5.02130491e+00],\n       [ 4.07917658e+00,  2.88987185e+00,  3.37091822e+00,\n         7.63854996e+00, -6.02464226e-03,  5.02066837e+00]]), array([0.30640624, 0.3064064 , 0.30640647, 0.30640653, 0.30640655,\n       0.30640686, 0.30640688]))", "callback": [0.9035890807499177, 0.7951522931340378, 0.5182875523208548, 0.4605386215883458, 0.3879211491993122, 0.38639979123977386, 0.36736440074038224, 0.36589587697869475, 0.3650866272381761, 0.364397890996659, 0.3642123069414436, 0.3638135241818845, 0.3614264487862189, 0.35652573165673684, 0.3524594720932551, 0.3491395378808869, 0.3477720610412839, 0.34728612956319427, 0.34711109224106673, 0.3470672285814702, 0.3470218159765993, 0.3470117944916763, 0.34698835282319074, 0.34693918991409434, 0.34682724723638314, 0.3465309789003902, 0.3453561288387683, 0.3417933967059652, 0.3302672376697309, 0.32808702121530076, 0.3247814045657018, 0.32189602707789544, 0.3213929948710643, 0.3187874956197637, 0.31477474731550004, 0.31325177291576567, 0.3122588737683426, 0.3094810612294845, 0.30728800906735365, 0.307018209773377, 0.30675516060636077, 0.3064831154887946, 0.3064724479711507, 0.3064295504627267, 0.3064184828640615, 0.30641035013058515, 0.30640979574040406, 0.30640801598037426, 0.30640757975447275, 0.30640685706970183]}, "8": {"maxiter": 1000, "fatol": 1e-05, "xatol": 1e-05, "duration": 0.30648088455200195, "fun": "0.30640572659719767", "nit": "598", "nfev": "920", "status": "0", "success": "True", "message": "Optimization terminated successfully.", "x": "[ 4.07869722  2.88863646  3.37107615  7.64104158 -0.00966817  5.02203033]", "final_simplex": "(array([[ 4.07869722,  2.88863646,  3.37107615,  7.64104158, -0.00966817,\n         5.02203033],\n       [ 4.07870485,  2.88863319,  3.37108117,  7.64104246, -0.00966726,\n         5.02203212],\n       [ 4.07870113,  2.88863373,  3.37107934,  7.64104328, -0.00967064,\n         5.02202828],\n       [ 4.07870203,  2.88863607,  3.37107583,  7.64104452, -0.00967047,\n         5.0220308 ],\n       [ 4.07869801,  2.88863196,  3.37107407,  7.64104196, -0.0096697 ,\n         5.02203045],\n       [ 4.07869923,  2.8886343 ,  3.37107364,  7.64103959, -0.00967261,\n         5.02203354],\n       [ 4.07869814,  2.88863133,  3.37107549,  7.64104967, -0.00967788,\n         5.02202991]]), array([0.30640573, 0.30640573, 0.30640573, 0.30640573, 0.30640573,\n       0.30640573, 0.30640573]))", "callback": [0.9035890807499177, 0.7951522931340378, 0.5182875523208548, 0.4605386215883458, 0.3879211491993122, 0.38639979123977386, 0.36736440074038224, 0.36589587697869475, 0.3650866272381761, 0.364397890996659, 0.3642123069414436, 0.3638135241818845, 0.3614264487862189, 0.35652573165673684, 0.3524594720932551, 0.3491395378808869, 0.3477720610412839, 0.34728612956319427, 0.34711109224106673, 0.3470672285814702, 0.3470218159765993, 0.3470117944916763, 0.34698835282319074, 0.34693918991409434, 0.34682724723638314, 0.3465309789003902, 0.3453561288387683, 0.3417933967059652, 0.3302672376697309, 0.32808702121530076, 0.3247814045657018, 0.32189602707789544, 0.3213929948710643, 0.3187874956197637, 0.31477474731550004, 0.31325177291576567, 0.3122588737683426, 0.3094810612294845, 0.30728800906735365, 0.307018209773377, 0.30675516060636077, 0.3064831154887946, 0.3064724479711507, 0.3064295504627267, 0.3064184828640615, 0.30641035013058515, 0.30640979574040406, 0.30640801598037426, 0.30640757975447275, 0.30640685706970183, 0.3064061310868418, 0.3064058425552876, 0.3064058031289759, 0.30640574093407313, 0.30640572941353017, 0.3064057271259293, 0.3064057267554601, 0.30640572662464005, 0.30640572660999765, 0.30640572659790666]}, "9": {"maxiter": 1000, "fatol": 1e-05, "xatol": 1e-10, "duration": 0.3762180805206299, "fun": "0.3064057265949498", "nit": "739", "nfev": "1196", "status": "0", "success": "True", "message": "Optimization terminated successfully.", "x": "[ 4.07870068  2.88863612  3.37107992  7.64104485 -0.00967211  5.02203123]", "final_simplex": "(array([[ 4.07870068,  2.88863612,  3.37107992,  7.64104485, -0.00967211,\n         5.02203123],\n       [ 4.07870068,  2.88863612,  3.37107992,  7.64104485, -0.00967211,\n         5.02203123],\n       [ 4.07870068,  2.88863612,  3.37107992,  7.64104485, -0.00967211,\n         5.02203123],\n       [ 4.07870068,  2.88863612,  3.37107992,  7.64104485, -0.00967211,\n         5.02203123],\n       [ 4.07870068,  2.88863612,  3.37107992,  7.64104485, -0.00967211,\n         5.02203123],\n       [ 4.07870068,  2.88863612,  3.37107992,  7.64104485, -0.00967211,\n         5.02203123],\n       [ 4.07870068,  2.88863612,  3.37107992,  7.64104485, -0.00967211,\n         5.02203123]]), array([0.30640573, 0.30640573, 0.30640573, 0.30640573, 0.30640573,\n       0.30640573, 0.30640573]))", "callback": [0.9035890807499177, 0.7951522931340378, 0.5182875523208548, 0.4605386215883458, 0.3879211491993122, 0.38639979123977386, 0.36736440074038224, 0.36589587697869475, 0.3650866272381761, 0.364397890996659, 0.3642123069414436, 0.3638135241818845, 0.3614264487862189, 0.35652573165673684, 0.3524594720932551, 0.3491395378808869, 0.3477720610412839, 0.34728612956319427, 0.34711109224106673, 0.3470672285814702, 0.3470218159765993, 0.3470117944916763, 0.34698835282319074, 0.34693918991409434, 0.34682724723638314, 0.3465309789003902, 0.3453561288387683, 0.3417933967059652, 0.3302672376697309, 0.32808702121530076, 0.3247814045657018, 0.32189602707789544, 0.3213929948710643, 0.3187874956197637, 0.31477474731550004, 0.31325177291576567, 0.3122588737683426, 0.3094810612294845, 0.30728800906735365, 0.307018209773377, 0.30675516060636077, 0.3064831154887946, 0.3064724479711507, 0.3064295504627267, 0.3064184828640615, 0.30641035013058515, 0.30640979574040406, 0.30640801598037426, 0.30640757975447275, 0.30640685706970183, 0.3064061310868418, 0.3064058425552876, 0.3064058031289759, 0.30640574093407313, 0.30640572941353017, 0.3064057271259293, 0.3064057267554601, 0.30640572662464005, 0.30640572660999765, 0.30640572659790666, 0.3064057265957414, 0.3064057265953446, 0.30640572659504883, 0.306405726595, 0.30640572659496834, 0.30640572659496046, 0.3064057265949556, 0.3064057265949539, 0.306405726594952, 0.3064057265949506, 0.30640572659495025, 0.3064057265949498, 0.3064057265949498, 0.3064057265949498]}, "10": {"maxiter": 1000, "fatol": 1e-10, "xatol": 1e-05, "duration": 0.298443078994751, "fun": "0.30640572659719767", "nit": "598", "nfev": "920", "status": "0", "success": "True", "message": "Optimization terminated successfully.", "x": "[ 4.07869722  2.88863646  3.37107615  7.64104158 -0.00966817  5.02203033]", "final_simplex": "(array([[ 4.07869722,  2.88863646,  3.37107615,  7.64104158, -0.00966817,\n         5.02203033],\n       [ 4.07870485,  2.88863319,  3.37108117,  7.64104246, -0.00966726,\n         5.02203212],\n       [ 4.07870113,  2.88863373,  3.37107934,  7.64104328, -0.00967064,\n         5.02202828],\n       [ 4.07870203,  2.88863607,  3.37107583,  7.64104452, -0.00967047,\n         5.0220308 ],\n       [ 4.07869801,  2.88863196,  3.37107407,  7.64104196, -0.0096697 ,\n         5.02203045],\n       [ 4.07869923,  2.8886343 ,  3.37107364,  7.64103959, -0.00967261,\n         5.02203354],\n       [ 4.07869814,  2.88863133,  3.37107549,  7.64104967, -0.00967788,\n         5.02202991]]), array([0.30640573, 0.30640573, 0.30640573, 0.30640573, 0.30640573,\n       0.30640573, 0.30640573]))", "callback": [0.9035890807499177, 0.7951522931340378, 0.5182875523208548, 0.4605386215883458, 0.3879211491993122, 0.38639979123977386, 0.36736440074038224, 0.36589587697869475, 0.3650866272381761, 0.364397890996659, 0.3642123069414436, 0.3638135241818845, 0.3614264487862189, 0.35652573165673684, 0.3524594720932551, 0.3491395378808869, 0.3477720610412839, 0.34728612956319427, 0.34711109224106673, 0.3470672285814702, 0.3470218159765993, 0.3470117944916763, 0.34698835282319074, 0.34693918991409434, 0.34682724723638314, 0.3465309789003902, 0.3453561288387683, 0.3417933967059652, 0.3302672376697309, 0.32808702121530076, 0.3247814045657018, 0.32189602707789544, 0.3213929948710643, 0.3187874956197637, 0.31477474731550004, 0.31325177291576567, 0.3122588737683426, 0.3094810612294845, 0.30728800906735365, 0.307018209773377, 0.30675516060636077, 0.3064831154887946, 0.3064724479711507, 0.3064295504627267, 0.3064184828640615, 0.30641035013058515, 0.30640979574040406, 0.30640801598037426, 0.30640757975447275, 0.30640685706970183, 0.3064061310868418, 0.3064058425552876, 0.3064058031289759, 0.30640574093407313, 0.30640572941353017, 0.3064057271259293, 0.3064057267554601, 0.30640572662464005, 0.30640572660999765, 0.30640572659790666]}, "11": {"maxiter": 1000, "fatol": 1e-10, "xatol": 1e-10, "duration": 0.3668959140777588, "fun": "0.3064057265949498", "nit": "739", "nfev": "1196", "status": "0", "success": "True", "message": "Optimization terminated successfully.", "x": "[ 4.07870068  2.88863612  3.37107992  7.64104485 -0.00967211  5.02203123]", "final_simplex": "(array([[ 4.07870068,  2.88863612,  3.37107992,  7.64104485, -0.00967211,\n         5.02203123],\n       [ 4.07870068,  2.88863612,  3.37107992,  7.64104485, -0.00967211,\n         5.02203123],\n       [ 4.07870068,  2.88863612,  3.37107992,  7.64104485, -0.00967211,\n         5.02203123],\n       [ 4.07870068,  2.88863612,  3.37107992,  7.64104485, -0.00967211,\n         5.02203123],\n       [ 4.07870068,  2.88863612,  3.37107992,  7.64104485, -0.00967211,\n         5.02203123],\n       [ 4.07870068,  2.88863612,  3.37107992,  7.64104485, -0.00967211,\n         5.02203123],\n       [ 4.07870068,  2.88863612,  3.37107992,  7.64104485, -0.00967211,\n         5.02203123]]), array([0.30640573, 0.30640573, 0.30640573, 0.30640573, 0.30640573,\n       0.30640573, 0.30640573]))", "callback": [0.9035890807499177, 0.7951522931340378, 0.5182875523208548, 0.4605386215883458, 0.3879211491993122, 0.38639979123977386, 0.36736440074038224, 0.36589587697869475, 0.3650866272381761, 0.364397890996659, 0.3642123069414436, 0.3638135241818845, 0.3614264487862189, 0.35652573165673684, 0.3524594720932551, 0.3491395378808869, 0.3477720610412839, 0.34728612956319427, 0.34711109224106673, 0.3470672285814702, 0.3470218159765993, 0.3470117944916763, 0.34698835282319074, 0.34693918991409434, 0.34682724723638314, 0.3465309789003902, 0.3453561288387683, 0.3417933967059652, 0.3302672376697309, 0.32808702121530076, 0.3247814045657018, 0.32189602707789544, 0.3213929948710643, 0.3187874956197637, 0.31477474731550004, 0.31325177291576567, 0.3122588737683426, 0.3094810612294845, 0.30728800906735365, 0.307018209773377, 0.30675516060636077, 0.3064831154887946, 0.3064724479711507, 0.3064295504627267, 0.3064184828640615, 0.30641035013058515, 0.30640979574040406, 0.30640801598037426, 0.30640757975447275, 0.30640685706970183, 0.3064061310868418, 0.3064058425552876, 0.3064058031289759, 0.30640574093407313, 0.30640572941353017, 0.3064057271259293, 0.3064057267554601, 0.30640572662464005, 0.30640572660999765, 0.30640572659790666, 0.3064057265957414, 0.3064057265953446, 0.30640572659504883, 0.306405726595, 0.30640572659496834, 0.30640572659496046, 0.3064057265949556, 0.3064057265949539, 0.306405726594952, 0.3064057265949506, 0.30640572659495025, 0.3064057265949498, 0.3064057265949498, 0.3064057265949498]}}, "bfgs": {"type": "gradient", "0": {"maxiter": 100, "gtol": 1e-05, "xrtol": 1e-05, "eps": 1e-05, "duration": 0.07211422920227051, "fun": "0.3064057269490392", "jac": "[ 5.17170751e-06 -8.50697290e-07  4.94460028e-07 -7.58454410e-06\n  4.97075714e-06 -1.64503966e-06]", "hess_inv": "[[ 7.09934353 -0.8440646   2.95384293 -1.85450297  0.48004217  0.8200439 ]\n [-0.8440646   5.25500965  2.58695598 -0.56112178 -0.45864869 -1.24899717]\n [ 2.95384293  2.58695598  6.20695193 -1.99817422  0.39341287  0.85313215]\n [-1.85450297 -0.56112178 -1.99817422  6.91855746  4.92452054  0.36495113]\n [ 0.48004217 -0.45864869  0.39341287  4.92452054  9.26899526  0.3064264 ]\n [ 0.8200439  -1.24899717  0.85313215  0.36495113  0.3064264   3.90697932]]", "nfev": "245", "njev": "35", "status": "0", "success": "True", "message": "Optimization terminated successfully.", "x": "[4.07875171 2.88862638 3.37110166 4.92527362 3.13191951 8.16361468]", "nit": "25", "callback": [0.8778181762861348, 0.6684560353272707, 0.656943949672729, 0.38803597189868944, 0.3645467913125784, 0.35627691441763465, 0.3508757769308716, 0.3462416649900141, 0.33990486894809135, 0.33660883026188393, 0.3322430292222641, 0.3251994008617627, 0.31621826615043347, 0.31163341027264635, 0.309691452559792, 0.30811930402447285, 0.3072048376942291, 0.30679223206570905, 0.3066500964950827, 0.3065903548480744, 0.3064986099473521, 0.3064224384312685, 0.3064077112586886, 0.3064057751188981, 0.3064057269490392]}, "1": {"maxiter": 100, "gtol": 1e-05, "xrtol": 1e-05, "eps": 1e-10, "duration": 0.07124018669128418, "fun": "0.30640572714466807", "jac": "[ 4.44089173e-06 -2.22044587e-06  2.22044587e-06 -8.88178346e-06\n  1.11022293e-06  2.22044587e-06]", "hess_inv": "[[ 7.09795464 -0.82708257  2.96015155 -1.86157127  0.46610638  0.80993456]\n [-0.82708257  5.24354765  2.60343457 -0.56730343 -0.45753062 -1.23969457]\n [ 2.96015155  2.60343457  6.22816027 -1.98605616  0.4016189   0.84413449]\n [-1.86157127 -0.56730343 -1.98605616  6.90916362  4.90374922  0.39753722]\n [ 0.46610638 -0.45753062  0.4016189   4.90374922  9.22424852  0.33619868]\n [ 0.80993456 -1.23969457  0.84413449  0.39753722  0.33619868  3.90571256]]", "nfev": "245", "njev": "35", "status": "0", "success": "True", "message": "Optimization terminated successfully.", "x": "[4.07877179 2.88862842 3.37112541 4.92525349 3.13189779 8.16362648]", "nit": "25", "callback": [0.8778150963926898, 0.6684546871046884, 0.6569416063694399, 0.38803742473441016, 0.3645535505663672, 0.3562779752340852, 0.3508754526199944, 0.3462447659958864, 0.339909077076594, 0.3366099325181652, 0.3322555280593129, 0.32522493577177425, 0.3162376217270608, 0.3116349528129947, 0.30969065521708994, 0.3081170032180679, 0.3072032762540067, 0.3067972046437659, 0.30665080004021095, 0.3065907064906107, 0.3064992515886784, 0.30642392076585645, 0.3064077974153667, 0.30640578239877847, 0.30640572714466807]}, "2": {"maxiter": 100, "gtol": 1e-05, "xrtol": 1e-10, "eps": 1e-05, "duration": 0.07787299156188965, "fun": "0.3064057269490392", "jac": "[ 5.17170751e-06 -8.50697290e-07  4.94460028e-07 -7.58454410e-06\n  4.97075714e-06 -1.64503966e-06]", "hess_inv": "[[ 7.09934353 -0.8440646   2.95384293 -1.85450297  0.48004217  0.8200439 ]\n [-0.8440646   5.25500965  2.58695598 -0.56112178 -0.45864869 -1.24899717]\n [ 2.95384293  2.58695598  6.20695193 -1.99817422  0.39341287  0.85313215]\n [-1.85450297 -0.56112178 -1.99817422  6.91855746  4.92452054  0.36495113]\n [ 0.48004217 -0.45864869  0.39341287  4.92452054  9.26899526  0.3064264 ]\n [ 0.8200439  -1.24899717  0.85313215  0.36495113  0.3064264   3.90697932]]", "nfev": "245", "njev": "35", "status": "0", "success": "True", "message": "Optimization terminated successfully.", "x": "[4.07875171 2.88862638 3.37110166 4.92527362 3.13191951 8.16361468]", "nit": "25", "callback": [0.8778181762861348, 0.6684560353272707, 0.656943949672729, 0.38803597189868944, 0.3645467913125784, 0.35627691441763465, 0.3508757769308716, 0.3462416649900141, 0.33990486894809135, 0.33660883026188393, 0.3322430292222641, 0.3251994008617627, 0.31621826615043347, 0.31163341027264635, 0.309691452559792, 0.30811930402447285, 0.3072048376942291, 0.30679223206570905, 0.3066500964950827, 0.3065903548480744, 0.3064986099473521, 0.3064224384312685, 0.3064077112586886, 0.3064057751188981, 0.3064057269490392]}, "3": {"maxiter": 100, "gtol": 1e-05, "xrtol": 1e-10, "eps": 1e-10, "duration": 0.0762171745300293, "fun": "0.30640572714466807", "jac": "[ 4.44089173e-06 -2.22044587e-06  2.22044587e-06 -8.88178346e-06\n  1.11022293e-06  2.22044587e-06]", "hess_inv": "[[ 7.09795464 -0.82708257  2.96015155 -1.86157127  0.46610638  0.80993456]\n [-0.82708257  5.24354765  2.60343457 -0.56730343 -0.45753062 -1.23969457]\n [ 2.96015155  2.60343457  6.22816027 -1.98605616  0.4016189   0.84413449]\n [-1.86157127 -0.56730343 -1.98605616  6.90916362  4.90374922  0.39753722]\n [ 0.46610638 -0.45753062  0.4016189   4.90374922  9.22424852  0.33619868]\n [ 0.80993456 -1.23969457  0.84413449  0.39753722  0.33619868  3.90571256]]", "nfev": "245", "njev": "35", "status": "0", "success": "True", "message": "Optimization terminated successfully.", "x": "[4.07877179 2.88862842 3.37112541 4.92525349 3.13189779 8.16362648]", "nit": "25", "callback": [0.8778150963926898, 0.6684546871046884, 0.6569416063694399, 0.38803742473441016, 0.3645535505663672, 0.3562779752340852, 0.3508754526199944, 0.3462447659958864, 0.339909077076594, 0.3366099325181652, 0.3322555280593129, 0.32522493577177425, 0.3162376217270608, 0.3116349528129947, 0.30969065521708994, 0.3081170032180679, 0.3072032762540067, 0.3067972046437659, 0.30665080004021095, 0.3065907064906107, 0.3064992515886784, 0.30642392076585645, 0.3064077974153667, 0.30640578239877847, 0.30640572714466807]}, "4": {"maxiter": 100, "gtol": 1e-10, "xrtol": 1e-05, "eps": 1e-05, "duration": 0.07666206359863281, "fun": "0.3064057266317908", "jac": "[ 2.15782947e-07  6.04882811e-07 -5.46052092e-07 -6.23401331e-07\n  5.38069589e-07 -1.39865897e-07]", "hess_inv": "[[ 7.55998581 -0.96643713  3.21299474 -2.15542894  0.61383019  0.90380549]\n [-0.96643713  5.19992656  2.50617629 -0.45346876 -0.45860014 -1.17599447]\n [ 3.21299474  2.50617629  6.35112156 -2.16369606  0.47352954  0.91323378]\n [-2.15542894 -0.45346876 -2.16369606  7.10637857  4.8258611   0.28009763]\n [ 0.61383019 -0.45860014  0.47352954  4.8258611   9.29339149  0.29205041]\n [ 0.90380549 -1.17599447  0.91323378  0.28009763  0.29205041  3.81862309]]", "nfev": "252", "njev": "36", "status": "0", "success": "True", "message": "Optimization terminated successfully.", "x": "[4.07869229 2.88863147 3.37106677 4.92531583 3.1319066  8.16361551]", "nit": "26", "callback": [0.8778181762861348, 0.6684560353272707, 0.656943949672729, 0.38803597189868944, 0.3645467913125784, 0.35627691441763465, 0.3508757769308716, 0.3462416649900141, 0.33990486894809135, 0.33660883026188393, 0.3322430292222641, 0.3251994008617627, 0.31621826615043347, 0.31163341027264635, 0.309691452559792, 0.30811930402447285, 0.3072048376942291, 0.30679223206570905, 0.3066500964950827, 0.3065903548480744, 0.3064986099473521, 0.3064224384312685, 0.3064077112586886, 0.3064057751188981, 0.3064057269490392, 0.3064057266317908]}, "5": {"maxiter": 100, "gtol": 1e-10, "xrtol": 1e-05, "eps": 1e-10, "duration": 0.07737088203430176, "fun": "0.30640572662826115", "jac": "[ 1.11022293e-06 -1.11022293e-06  0.00000000e+00 -2.22044587e-06\n  1.11022293e-06 -3.33066880e-06]", "hess_inv": "[[ 7.55453697 -0.96841098  3.25218961 -2.28885866  0.38080252  0.98199362]\n [-0.96841098  5.21058865  2.48689728 -0.35091946 -0.30173295 -1.23113133]\n [ 3.25218961  2.48689728  6.40604399 -2.23068735  0.3911543   0.97525532]\n [-2.28885866 -0.35091946 -2.23068735  7.21677665  4.84167306  0.16871728]\n [ 0.38080252 -0.30173295  0.3911543   4.84167306  9.02191414  0.19976646]\n [ 0.98199362 -1.23113133  0.97525532  0.16871728  0.19976646  3.9207255 ]]", "nfev": "252", "njev": "36", "status": "0", "success": "True", "message": "Optimization terminated successfully.", "x": "[4.07870593 2.88863872 3.37107985 4.92532618 3.13192711 8.16360979]", "nit": "26", "callback": [0.8778150963926898, 0.6684546871046884, 0.6569416063694399, 0.38803742473441016, 0.3645535505663672, 0.3562779752340852, 0.3508754526199944, 0.3462447659958864, 0.339909077076594, 0.3366099325181652, 0.3322555280593129, 0.32522493577177425, 0.3162376217270608, 0.3116349528129947, 0.30969065521708994, 0.3081170032180679, 0.3072032762540067, 0.3067972046437659, 0.30665080004021095, 0.3065907064906107, 0.3064992515886784, 0.30642392076585645, 0.3064077974153667, 0.30640578239877847, 0.30640572714466807, 0.30640572662826115]}, "6": {"maxiter": 100, "gtol": 1e-10, "xrtol": 1e-10, "eps": 1e-05, "duration": 0.12791705131530762, "fun": "0.3064057266306005", "jac": "[ 2.42694753e-08  2.27329267e-07 -2.19013696e-07 -1.30861988e-07\n  1.49114054e-07  1.07613918e-07]", "hess_inv": "[[ 7.30381599 -0.88127273  3.0262732  -1.94015303  0.7344696   0.99696865]\n [-0.88127273  5.62457595  2.44597519 -0.60473753  0.09936734 -1.2999424 ]\n [ 3.0262732   2.44597519  6.24431659 -1.976692    0.41791401  1.02602081]\n [-1.94015303 -0.60473753 -1.976692    6.91968701  4.57790433  0.17247819]\n [ 0.7344696   0.09936734  0.41791401  4.57790433  9.93994633  0.03003983]\n [ 0.99696865 -1.2999424   1.02602081  0.17247819  0.03003983  3.69842861]]", "nfev": "423", "njev": "59", "status": "2", "success": "False", "message": "Desired error not necessarily achieved due to precision loss.", "x": "[4.07869122 2.88862966 3.37106643 4.92531745 3.13190496 8.16361713]", "nit": "27", "callback": [0.8778181762861348, 0.6684560353272707, 0.656943949672729, 0.38803597189868944, 0.3645467913125784, 0.35627691441763465, 0.3508757769308716, 0.3462416649900141, 0.33990486894809135, 0.33660883026188393, 0.3322430292222641, 0.3251994008617627, 0.31621826615043347, 0.31163341027264635, 0.309691452559792, 0.30811930402447285, 0.3072048376942291, 0.30679223206570905, 0.3066500964950827, 0.3065903548480744, 0.3064986099473521, 0.3064224384312685, 0.3064077112586886, 0.3064057751188981, 0.3064057269490392, 0.3064057266317908, 0.3064057266306005]}, "7": {"maxiter": 100, "gtol": 1e-10, "xrtol": 1e-10, "eps": 1e-10, "duration": 0.09716320037841797, "fun": "0.3064057266089879", "jac": "[ 2.22044587e-06 -1.11022293e-06  0.00000000e+00  0.00000000e+00\n -2.22044587e-06 -2.22044587e-06]", "hess_inv": "[[ 0.68690856 -0.30165362 -0.18445812 -1.2566225   2.02707159  0.20421242]\n [-0.30165362  0.33332521 -0.13580476  0.53392646 -0.79957416  0.13476078]\n [-0.18445812 -0.13580476  3.86492104  1.92442959 -5.87278369  2.74356033]\n [-1.2566225   0.53392646  1.92442959  3.26418687 -6.23898121  1.50121362]\n [ 2.02707159 -0.79957416 -5.87278369 -6.23898121 14.13620931 -3.92694037]\n [ 0.20421242  0.13476078  2.74356033  1.50121362 -3.92694037  4.39694882]]", "nfev": "329", "njev": "47", "status": "0", "success": "True", "message": "Optimization terminated successfully.", "x": "[4.0786929  2.88864155 3.37107531 4.92533601 3.13192668 8.1636184 ]", "nit": "32", "callback": [0.8778150963926898, 0.6684546871046884, 0.6569416063694399, 0.38803742473441016, 0.3645535505663672, 0.3562779752340852, 0.3508754526199944, 0.3462447659958864, 0.339909077076594, 0.3366099325181652, 0.3322555280593129, 0.32522493577177425, 0.3162376217270608, 0.3116349528129947, 0.30969065521708994, 0.3081170032180679, 0.3072032762540067, 0.3067972046437659, 0.30665080004021095, 0.3065907064906107, 0.3064992515886784, 0.30642392076585645, 0.3064077974153667, 0.30640578239877847, 0.30640572714466807, 0.30640572662826115, 0.3064057266202689, 0.30640572660970433, 0.30640572660904963, 0.3064057266089881, 0.306405726608988, 0.3064057266089879]}, "8": {"maxiter": 500, "gtol": 1e-05, "xrtol": 1e-05, "eps": 1e-05, "duration": 0.07741999626159668, "fun": "0.3064057269490392", "jac": "[ 5.17170751e-06 -8.50697290e-07  4.94460028e-07 -7.58454410e-06\n  4.97075714e-06 -1.64503966e-06]", "hess_inv": "[[ 7.09934353 -0.8440646   2.95384293 -1.85450297  0.48004217  0.8200439 ]\n [-0.8440646   5.25500965  2.58695598 -0.56112178 -0.45864869 -1.24899717]\n [ 2.95384293  2.58695598  6.20695193 -1.99817422  0.39341287  0.85313215]\n [-1.85450297 -0.56112178 -1.99817422  6.91855746  4.92452054  0.36495113]\n [ 0.48004217 -0.45864869  0.39341287  4.92452054  9.26899526  0.3064264 ]\n [ 0.8200439  -1.24899717  0.85313215  0.36495113  0.3064264   3.90697932]]", "nfev": "245", "njev": "35", "status": "0", "success": "True", "message": "Optimization terminated successfully.", "x": "[4.07875171 2.88862638 3.37110166 4.92527362 3.13191951 8.16361468]", "nit": "25", "callback": [0.8778181762861348, 0.6684560353272707, 0.656943949672729, 0.38803597189868944, 0.3645467913125784, 0.35627691441763465, 0.3508757769308716, 0.3462416649900141, 0.33990486894809135, 0.33660883026188393, 0.3322430292222641, 0.3251994008617627, 0.31621826615043347, 0.31163341027264635, 0.309691452559792, 0.30811930402447285, 0.3072048376942291, 0.30679223206570905, 0.3066500964950827, 0.3065903548480744, 0.3064986099473521, 0.3064224384312685, 0.3064077112586886, 0.3064057751188981, 0.3064057269490392]}, "9": {"maxiter": 500, "gtol": 1e-05, "xrtol": 1e-05, "eps": 1e-10, "duration": 0.07813382148742676, "fun": "0.30640572714466807", "jac": "[ 4.44089173e-06 -2.22044587e-06  2.22044587e-06 -8.88178346e-06\n  1.11022293e-06  2.22044587e-06]", "hess_inv": "[[ 7.09795464 -0.82708257  2.96015155 -1.86157127  0.46610638  0.80993456]\n [-0.82708257  5.24354765  2.60343457 -0.56730343 -0.45753062 -1.23969457]\n [ 2.96015155  2.60343457  6.22816027 -1.98605616  0.4016189   0.84413449]\n [-1.86157127 -0.56730343 -1.98605616  6.90916362  4.90374922  0.39753722]\n [ 0.46610638 -0.45753062  0.4016189   4.90374922  9.22424852  0.33619868]\n [ 0.80993456 -1.23969457  0.84413449  0.39753722  0.33619868  3.90571256]]", "nfev": "245", "njev": "35", "status": "0", "success": "True", "message": "Optimization terminated successfully.", "x": "[4.07877179 2.88862842 3.37112541 4.92525349 3.13189779 8.16362648]", "nit": "25", "callback": [0.8778150963926898, 0.6684546871046884, 0.6569416063694399, 0.38803742473441016, 0.3645535505663672, 0.3562779752340852, 0.3508754526199944, 0.3462447659958864, 0.339909077076594, 0.3366099325181652, 0.3322555280593129, 0.32522493577177425, 0.3162376217270608, 0.3116349528129947, 0