{"date": "2024/10/08/, 17:31:55", "conf_id": 16, "data_type": "random\n", "num_data_points": 1, "s_rank": 0, "unitary": "[[-0.56303964-0.00798273j,-0.21670212-0.15784972j,-0.06047197-0.73952673j,-0.01438004+0.24552571j],[-0.06976756+0.23474685j,-0.01275565-0.5435098j,-0.02703657-0.08917885j,-0.08210486-0.79311774j],[-0.38559961+0.10714929j,0.5933431-0.2687392j,-0.24060861+0.29149289j,-0.45147719+0.26241743j],[-0.50180421+0.45931857j,-0.11617175+0.44134496j,0.49642745+0.22684508j,-0.08544628-0.15407063j]]", "databatch_0": {"databatch": "[[[-0.0614879+0.00321898j,0.04280336+0.10074511j,-0.29405908-0.0369363j,-0.17410045-0.18110969j],[0.16784124+0.22723763j,-0.33304912+0.28476402j,0.05144488-0.09289161j,-0.01366117+0.15559987j],[-0.06549786-0.07868375j,-0.03657885-0.23616318j,-0.25114759-0.18958824j,0.14527834+0.32905069j],[0.0899245-0.06833849j,-0.15307423-0.05119806j,-0.20134536-0.21892521j,-0.24932107-0.20089137j]]]", "initial param values": "[0.04727073,1.36858818,5.56460452,2.64218853,5.56706482,2.14611914]", "nelder_mead": {"type": "gradient-free", "0": {"maxiter": 100, "fatol": 1e-05, "xatol": 1e-05, "duration": 0.06201601028442383, "fun": "0.7223626010059899", "nit": "100", "nfev": "155", "status": "2", "success": "False", "message": "Maximum number of iterations has been exceeded.", "x": "[0.05269792 0.69339578 5.87965221 4.42738657 3.74887455 2.02023294]", "final_simplex": "(array([[0.05269792, 0.69339578, 5.87965221, 4.42738657, 3.74887455,\n        2.02023294],\n       [0.04948448, 0.80313232, 5.78636958, 4.45307932, 3.67502068,\n        2.08199005],\n       [0.04816035, 0.88702395, 5.61795606, 4.46984527, 3.70939793,\n        2.11077895],\n       [0.0520527 , 0.78535384, 5.79750225, 4.39386923, 3.66583978,\n        2.07687882],\n       [0.05143258, 0.63985826, 5.90288894, 4.43707801, 3.60896349,\n        2.00643722],\n       [0.0490069 , 0.99195035, 5.52862828, 4.43116803, 3.74847245,\n        2.11117672],\n       [0.05076647, 0.86154545, 5.71032364, 4.34456263, 3.7794864 ,\n        2.0861539 ]]), array([0.7223626 , 0.72310486, 0.72331192, 0.72360278, 0.72387095,\n       0.72408338, 0.72428082]))", "callback": [0.9133905716130801, 0.8405656719292808, 0.7980734523828286, 0.7544656645259809, 0.7313317801154295, 0.7287304363795675, 0.7270709423522206, 0.7264385092863328, 0.7256482095650201, 0.7243214300452964]}, "1": {"maxiter": 100, "fatol": 1e-05, "xatol": 1e-10, "duration": 0.044241905212402344, "fun": "0.7223626010059899", "nit": "100", "nfev": "155", "status": "2", "success": "False", "message": "Maximum number of iterations has been exceeded.", "x": "[0.05269792 0.69339578 5.87965221 4.42738657 3.74887455 2.02023294]", "final_simplex": "(array([[0.05269792, 0.69339578, 5.87965221, 4.42738657, 3.74887455,\n        2.02023294],\n       [0.04948448, 0.80313232, 5.78636958, 4.45307932, 3.67502068,\n        2.08199005],\n       [0.04816035, 0.88702395, 5.61795606, 4.46984527, 3.70939793,\n        2.11077895],\n       [0.0520527 , 0.78535384, 5.79750225, 4.39386923, 3.66583978,\n        2.07687882],\n       [0.05143258, 0.63985826, 5.90288894, 4.43707801, 3.60896349,\n        2.00643722],\n       [0.0490069 , 0.99195035, 5.52862828, 4.43116803, 3.74847245,\n        2.11117672],\n       [0.05076647, 0.86154545, 5.71032364, 4.34456263, 3.7794864 ,\n        2.0861539 ]]), array([0.7223626 , 0.72310486, 0.72331192, 0.72360278, 0.72387095,\n       0.72408338, 0.72428082]))", "callback": [0.9133905716130801, 0.8405656719292808, 0.7980734523828286, 0.7544656645259809, 0.7313317801154295, 0.7287304363795675, 0.7270709423522206, 0.7264385092863328, 0.7256482095650201, 0.7243214300452964]}, "2": {"maxiter": 100, "fatol": 1e-10, "xatol": 1e-05, "duration": 0.049199819564819336, "fun": "0.7223626010059899", "nit": "100", "nfev": "155", "status": "2", "success": "False", "message": "Maximum number of iterations has been exceeded.", "x": "[0.05269792 0.69339578 5.87965221 4.42738657 3.74887455 2.02023294]", "final_simplex": "(array([[0.05269792, 0.69339578, 5.87965221, 4.42738657, 3.74887455,\n        2.02023294],\n       [0.04948448, 0.80313232, 5.78636958, 4.45307932, 3.67502068,\n        2.08199005],\n       [0.04816035, 0.88702395, 5.61795606, 4.46984527, 3.70939793,\n        2.11077895],\n       [0.0520527 , 0.78535384, 5.79750225, 4.39386923, 3.66583978,\n        2.07687882],\n       [0.05143258, 0.63985826, 5.90288894, 4.43707801, 3.60896349,\n        2.00643722],\n       [0.0490069 , 0.99195035, 5.52862828, 4.43116803, 3.74847245,\n        2.11117672],\n       [0.05076647, 0.86154545, 5.71032364, 4.34456263, 3.7794864 ,\n        2.0861539 ]]), array([0.7223626 , 0.72310486, 0.72331192, 0.72360278, 0.72387095,\n       0.72408338, 0.72428082]))", "callback": [0.9133905716130801, 0.8405656719292808, 0.7980734523828286, 0.7544656645259809, 0.7313317801154295, 0.7287304363795675, 0.7270709423522206, 0.7264385092863328, 0.7256482095650201, 0.7243214300452964]}, "3": {"maxiter": 100, "fatol": 1e-10, "xatol": 1e-10, "duration": 0.05549502372741699, "fun": "0.7223626010059899", "nit": "100", "nfev": "155", "status": "2", "success": "False", "message": "Maximum number of iterations has been exceeded.", "x": "[0.05269792 0.69339578 5.87965221 4.42738657 3.74887455 2.02023294]", "final_simplex": "(array([[0.05269792, 0.69339578, 5.87965221, 4.42738657, 3.74887455,\n        2.02023294],\n       [0.04948448, 0.80313232, 5.78636958, 4.45307932, 3.67502068,\n        2.08199005],\n       [0.04816035, 0.88702395, 5.61795606, 4.46984527, 3.70939793,\n        2.11077895],\n       [0.0520527 , 0.78535384, 5.79750225, 4.39386923, 3.66583978,\n        2.07687882],\n       [0.05143258, 0.63985826, 5.90288894, 4.43707801, 3.60896349,\n        2.00643722],\n       [0.0490069 , 0.99195035, 5.52862828, 4.43116803, 3.74847245,\n        2.11117672],\n       [0.05076647, 0.86154545, 5.71032364, 4.34456263, 3.7794864 ,\n        2.0861539 ]]), array([0.7223626 , 0.72310486, 0.72331192, 0.72360278, 0.72387095,\n       0.72408338, 0.72428082]))", "callback": [0.9133905716130801, 0.8405656719292808, 0.7980734523828286, 0.7544656645259809, 0.7313317801154295, 0.7287304363795675, 0.7270709423522206, 0.7264385092863328, 0.7256482095650201, 0.7243214300452964]}, "4": {"maxiter": 500, "fatol": 1e-05, "xatol": 1e-05, "duration": 0.2516472339630127, "fun": "0.338094256467363", "nit": "500", "nfev": "764", "status": "2", "success": "False", "message": "Maximum number of iterations has been exceeded.", "x": "[ 2.5509743  -1.61386747  5.32466939  4.15624385  6.06864337  5.15565354]", "final_simplex": "(array([[ 2.5509743 , -1.61386747,  5.32466939,  4.15624385,  6.06864337,\n         5.15565354],\n       [ 2.55028069, -1.61440372,  5.32291251,  4.15588066,  6.0672098 ,\n         5.15427493],\n       [ 2.55176598, -1.61103317,  5.32685881,  4.15541739,  6.06766837,\n         5.15407823],\n       [ 2.55055335, -1.61010759,  5.32906539,  4.15309742,  6.06698682,\n         5.15396939],\n       [ 2.55113534, -1.61362732,  5.32355535,  4.15522512,  6.06894728,\n         5.15537259],\n       [ 2.54930333, -1.61467741,  5.32432862,  4.1550008 ,  6.06861376,\n         5.15275547],\n       [ 2.54880176, -1.61331306,  5.3248205 ,  4.15552365,  6.06883102,\n         5.15465133]]), array([0.33809426, 0.33809436, 0.33809454, 0.33809556, 0.33809562,\n       0.33809594, 0.33809626]))", "callback": [0.9133905716130801, 0.8405656719292808, 0.7980734523828286, 0.7544656645259809, 0.7313317801154295, 0.7287304363795675, 0.7270709423522206, 0.7264385092863328, 0.7256482095650201, 0.7243214300452964, 0.7223626010059899, 0.7211316635267475, 0.7187782475702205, 0.7163832272687312, 0.7125257054040649, 0.7122367103765832, 0.7103208296578364, 0.7017456803813615, 0.6881858907782294, 0.6609939873767667, 0.5520553699157325, 0.4225238116193313, 0.4165221017348071, 0.40213558851055053, 0.39752314762085517, 0.39653274281817996, 0.39552212111063834, 0.3943887187234444, 0.39378283465123465, 0.3925661322359638, 0.38954625728863257, 0.3638343999723014, 0.35609597077759936, 0.3468694213841539, 0.34186543071413944, 0.3407805363829489, 0.3396660117658261, 0.33911369378351663, 0.3384383471078618, 0.33816862730371966, 0.33812551355858556, 0.33811277775435633, 0.33810983306548614, 0.3381096239156831, 0.33810936656744095, 0.3381089006930069, 0.3381070524481774, 0.33810415664990356, 0.33809905479937774, 0.33809626456092023]}, "5": {"maxiter": 500, "fatol": 1e-05, "xatol": 1e-10, "duration": 0.23226594924926758, "fun": "0.338094256467363", "nit": "500", "nfev": "764", "status": "2", "success": "False", "message": "Maximum number of iterations has been exceeded.", "x": "[ 2.5509743  -1.61386747  5.32466939  4.15624385  6.06864337  5.15565354]", "final_simplex": "(array([[ 2.5509743 , -1.61386747,  5.32466939,  4.15624385,  6.06864337,\n         5.15565354],\n       [ 2.55028069, -1.61440372,  5.32291251,  4.15588066,  6.0672098 ,\n         5.15427493],\n       [ 2.55176598, -1.61103317,  5.32685881,  4.15541739,  6.06766837,\n         5.15407823],\n       [ 2.55055335, -1.61010759,  5.32906539,  4.15309742,  6.06698682,\n         5.15396939],\n       [ 2.55113534, -1.61362732,  5.32355535,  4.15522512,  6.06894728,\n         5.15537259],\n       [ 2.54930333, -1.61467741,  5.32432862,  4.1550008 ,  6.06861376,\n         5.15275547],\n       [ 2.54880176, -1.61331306,  5.3248205 ,  4.15552365,  6.06883102,\n         5.15465133]]), array([0.33809426, 0.33809436, 0.33809454, 0.33809556, 0.33809562,\n       0.33809594, 0.33809626]))", "callback": [0.9133905716130801, 0.8405656719292808, 0.7980734523828286, 0.7544656645259809, 0.7313317801154295, 0.7287304363795675, 0.7270709423522206, 0.7264385092863328, 0.7256482095650201, 0.7243214300452964, 0.7223626010059899, 0.7211316635267475, 0.7187782475702205, 0.7163832272687312, 0.7125257054040649, 0.7122367103765832, 0.7103208296578364, 0.7017456803813615, 0.6881858907782294, 0.6609939873767667, 0.5520553699157325, 0.4225238116193313, 0.4165221017348071, 0.40213558851055053, 0.39752314762085517, 0.39653274281817996, 0.39552212111063834, 0.3943887187234444, 0.39378283465123465, 0.3925661322359638, 0.38954625728863257, 0.3638343999723014, 0.35609597077759936, 0.3468694213841539, 0.34186543071413944, 0.3407805363829489, 0.3396660117658261, 0.33911369378351663, 0.3384383471078618, 0.33816862730371966, 0.33812551355858556, 0.33811277775435633, 0.33810983306548614, 0.3381096239156831, 0.33810936656744095, 0.3381089006930069, 0.3381070524481774, 0.33810415664990356, 0.33809905479937774, 0.33809626456092023]}, "6": {"maxiter": 500, "fatol": 1e-10, "xatol": 1e-05, "duration": 0.24610686302185059, "fun": "0.338094256467363", "nit": "500", "nfev": "764", "status": "2", "success": "False", "message": "Maximum number of iterations has been exceeded.", "x": "[ 2.5509743  -1.61386747  5.32466939  4.15624385  6.06864337  5.15565354]", "final_simplex": "(array([[ 2.5509743 , -1.61386747,  5.32466939,  4.15624385,  6.06864337,\n         5.15565354],\n       [ 2.55028069, -1.61440372,  5.32291251,  4.15588066,  6.0672098 ,\n         5.15427493],\n       [ 2.55176598, -1.61103317,  5.32685881,  4.15541739,  6.06766837,\n         5.15407823],\n       [ 2.55055335, -1.61010759,  5.32906539,  4.15309742,  6.06698682,\n         5.15396939],\n       [ 2.55113534, -1.61362732,  5.32355535,  4.15522512,  6.06894728,\n         5.15537259],\n       [ 2.54930333, -1.61467741,  5.32432862,  4.1550008 ,  6.06861376,\n         5.15275547],\n       [ 2.54880176, -1.61331306,  5.3248205 ,  4.15552365,  6.06883102,\n         5.15465133]]), array([0.33809426, 0.33809436, 0.33809454, 0.33809556, 0.33809562,\n       0.33809594, 0.33809626]))", "callback": [0.9133905716130801, 0.8405656719292808, 0.7980734523828286, 0.7544656645259809, 0.7313317801154295, 0.7287304363795675, 0.7270709423522206, 0.7264385092863328, 0.7256482095650201, 0.7243214300452964, 0.7223626010059899, 0.7211316635267475, 0.7187782475702205, 0.7163832272687312, 0.7125257054040649, 0.7122367103765832, 0.7103208296578364, 0.7017456803813615, 0.6881858907782294, 0.6609939873767667, 0.5520553699157325, 0.4225238116193313, 0.4165221017348071, 0.40213558851055053, 0.39752314762085517, 0.39653274281817996, 0.39552212111063834, 0.3943887187234444, 0.39378283465123465, 0.3925661322359638, 0.38954625728863257, 0.3638343999723014, 0.35609597077759936, 0.3468694213841539, 0.34186543071413944, 0.3407805363829489, 0.3396660117658261, 0.33911369378351663, 0.3384383471078618, 0.33816862730371966, 0.33812551355858556, 0.33811277775435633, 0.33810983306548614, 0.3381096239156831, 0.33810936656744095, 0.3381089006930069, 0.3381070524481774, 0.33810415664990356, 0.33809905479937774, 0.33809626456092023]}, "7": {"maxiter": 500, "fatol": 1e-10, "xatol": 1e-10, "duration": 0.2464280128479004, "fun": "0.338094256467363", "nit": "500", "nfev": "764", "status": "2", "success": "False", "message": "Maximum number of iterations has been exceeded.", "x": "[ 2.5509743  -1.61386747  5.32466939  4.15624385  6.06864337  5.15565354]", "final_simplex": "(array([[ 2.5509743 , -1.61386747,  5.32466939,  4.15624385,  6.06864337,\n         5.15565354],\n       [ 2.55028069, -1.61440372,  5.32291251,  4.15588066,  6.0672098 ,\n         5.15427493],\n       [ 2.55176598, -1.61103317,  5.32685881,  4.15541739,  6.06766837,\n         5.15407823],\n       [ 2.55055335, -1.61010759,  5.32906539,  4.15309742,  6.06698682,\n         5.15396939],\n       [ 2.55113534, -1.61362732,  5.32355535,  4.15522512,  6.06894728,\n         5.15537259],\n       [ 2.54930333, -1.61467741,  5.32432862,  4.1550008 ,  6.06861376,\n         5.15275547],\n       [ 2.54880176, -1.61331306,  5.3248205 ,  4.15552365,  6.06883102,\n         5.15465133]]), array([0.33809426, 0.33809436, 0.33809454, 0.33809556, 0.33809562,\n       0.33809594, 0.33809626]))", "callback": [0.9133905716130801, 0.8405656719292808, 0.7980734523828286, 0.7544656645259809, 0.7313317801154295, 0.7287304363795675, 0.7270709423522206, 0.7264385092863328, 0.7256482095650201, 0.7243214300452964, 0.7223626010059899, 0.7211316635267475, 0.7187782475702205, 0.7163832272687312, 0.7125257054040649, 0.7122367103765832, 0.7103208296578364, 0.7017456803813615, 0.6881858907782294, 0.6609939873767667, 0.5520553699157325, 0.4225238116193313, 0.4165221017348071, 0.40213558851055053, 0.39752314762085517, 0.39653274281817996, 0.39552212111063834, 0.3943887187234444, 0.39378283465123465, 0.3925661322359638, 0.38954625728863257, 0.3638343999723014, 0.35609597077759936, 0.3468694213841539, 0.34186543071413944, 0.3407805363829489, 0.3396660117658261, 0.33911369378351663, 0.3384383471078618, 0.33816862730371966, 0.33812551355858556, 0.33811277775435633, 0.33810983306548614, 0.3381096239156831, 0.33810936656744095, 0.3381089006930069, 0.3381070524481774, 0.33810415664990356, 0.33809905479937774, 0.33809626456092023]}, "8": {"maxiter": 1000, "fatol": 1e-05, "xatol": 1e-05, "duration": 0.2781832218170166, "fun": "0.33809159796821553", "nit": "594", "nfev": "924", "status": "0", "success": "True", "message": "Optimization terminated successfully.", "x": "[ 2.55151936 -1.62107677  5.31896566  4.1597304   6.06611081  5.153681  ]", "final_simplex": "(array([[ 2.55151936, -1.62107677,  5.31896566,  4.1597304 ,  6.06611081,\n         5.153681  ],\n       [ 2.55152226, -1.62107217,  5.31897119,  4.15972744,  6.06610861,\n         5.15368109],\n       [ 2.55152023, -1.62107452,  5.31896803,  4.15972556,  6.06610639,\n         5.15367795],\n       [ 2.55151898, -1.62108224,  5.31896112,  4.15973189,  6.06610474,\n         5.15367846],\n       [ 2.55151723, -1.62106776,  5.31897255,  4.15972596,  6.06610398,\n         5.1536793 ],\n       [ 2.5515206 , -1.62108167,  5.31896423,  4.15973283,  6.06610636,\n         5.15367686],\n       [ 2.55152223, -1.62107726,  5.31896274,  4.15972756,  6.06610879,\n         5.15367653]]), array([0.3380916, 0.3380916, 0.3380916, 0.3380916, 0.3380916, 0.3380916,\n       0.3380916]))", "callback": [0.9133905716130801, 0.8405656719292808, 0.7980734523828286, 0.7544656645259809, 0.7313317801154295, 0.7287304363795675, 0.7270709423522206, 0.7264385092863328, 0.7256482095650201, 0.7243214300452964, 0.7223626010059899, 0.7211316635267475, 0.7187782475702205, 0.7163832272687312, 0.7125257054040649, 0.7122367103765832, 0.7103208296578364, 0.7017456803813615, 0.6881858907782294, 0.6609939873767667, 0.5520553699157325, 0.4225238116193313, 0.4165221017348071, 0.40213558851055053, 0.39752314762085517, 0.39653274281817996, 0.39552212111063834, 0.3943887187234444, 0.39378283465123465, 0.3925661322359638, 0.38954625728863257, 0.3638343999723014, 0.35609597077759936, 0.3468694213841539, 0.34186543071413944, 0.3407805363829489, 0.3396660117658261, 0.33911369378351663, 0.3384383471078618, 0.33816862730371966, 0.33812551355858556, 0.33811277775435633, 0.33810983306548614, 0.3381096239156831, 0.33810936656744095, 0.3381089006930069, 0.3381070524481774, 0.33810415664990356, 0.33809905479937774, 0.33809626456092023, 0.33809412699691266, 0.3380919080855307, 0.3380917463272488, 0.338091620372712, 0.3380916041801152, 0.3380915991570108, 0.33809159819651646, 0.3380915980039235, 0.3380915979791266, 0.3380915979686967]}, "9": {"maxiter": 1000, "fatol": 1e-05, "xatol": 1e-10, "duration": 0.3692619800567627, "fun": "0.3380915979668895", "nit": "723", "nfev": "1181", "status": "0", "success": "True", "message": "Optimization terminated successfully.", "x": "[ 2.55151934 -1.62107628  5.31896723  4.15972862  6.06610861  5.15368094]", "final_simplex": "(array([[ 2.55151934, -1.62107628,  5.31896723,  4.15972862,  6.06610861,\n         5.15368094],\n       [ 2.55151934, -1.62107628,  5.31896723,  4.15972862,  6.06610861,\n         5.15368094],\n       [ 2.55151934, -1.62107628,  5.31896723,  4.15972862,  6.06610861,\n         5.15368094],\n       [ 2.55151934, -1.62107628,  5.31896723,  4.15972862,  6.06610861,\n         5.15368094],\n       [ 2.55151934, -1.62107628,  5.31896723,  4.15972862,  6.06610861,\n         5.15368094],\n       [ 2.55151934, -1.62107628,  5.31896723,  4.15972862,  6.06610861,\n         5.15368094],\n       [ 2.55151934, -1.62107628,  5.31896723,  4.15972862,  6.06610861,\n         5.15368094]]), array([0.3380916, 0.3380916, 0.3380916, 0.3380916, 0.3380916, 0.3380916,\n       0.3380916]))", "callback": [0.9133905716130801, 0.8405656719292808, 0.7980734523828286, 0.7544656645259809, 0.7313317801154295, 0.7287304363795675, 0.7270709423522206, 0.7264385092863328, 0.7256482095650201, 0.7243214300452964, 0.7223626010059899, 0.7211316635267475, 0.7187782475702205, 0.7163832272687312, 0.7125257054040649, 0.7122367103765832, 0.7103208296578364, 0.7017456803813615, 0.6881858907782294, 0.6609939873767667, 0.5520553699157325, 0.4225238116193313, 0.4165221017348071, 0.40213558851055053, 0.39752314762085517, 0.39653274281817996, 0.39552212111063834, 0.3943887187234444, 0.39378283465123465, 0.3925661322359638, 0.38954625728863257, 0.3638343999723014, 0.35609597077759936, 0.3468694213841539, 0.34186543071413944, 0.3407805363829489, 0.3396660117658261, 0.33911369378351663, 0.3384383471078618, 0.33816862730371966, 0.33812551355858556, 0.33811277775435633, 0.33810983306548614, 0.3381096239156831, 0.33810936656744095, 0.3381089006930069, 0.3381070524481774, 0.33810415664990356, 0.33809905479937774, 0.33809626456092023, 0.33809412699691266, 0.3380919080855307, 0.3380917463272488, 0.338091620372712, 0.3380916041801152, 0.3380915991570108, 0.33809159819651646, 0.3380915980039235, 0.3380915979791266, 0.3380915979686967, 0.3380915979675746, 0.33809159796716615, 0.33809159796702537, 0.33809159796697064, 0.338091597966919, 0.33809159796690413, 0.33809159796689603, 0.3380915979668906, 0.3380915979668898, 0.3380915979668897, 0.3380915979668895, 0.3380915979668895, 0.3380915979668895]}, "10": {"maxiter": 1000, "fatol": 1e-10, "xatol": 1e-05, "duration": 0.2731759548187256, "fun": "0.33809159796821553", "nit": "594", "nfev": "924", "status": "0", "success": "True", "message": "Optimization terminated successfully.", "x": "[ 2.55151936 -1.62107677  5.31896566  4.1597304   6.06611081  5.153681  ]", "final_simplex": "(array([[ 2.55151936, -1.62107677,  5.31896566,  4.1597304 ,  6.06611081,\n         5.153681  ],\n       [ 2.55152226, -1.62107217,  5.31897119,  4.15972744,  6.06610861,\n         5.15368109],\n       [ 2.55152023, -1.62107452,  5.31896803,  4.15972556,  6.06610639,\n         5.15367795],\n       [ 2.55151898, -1.62108224,  5.31896112,  4.15973189,  6.06610474,\n         5.15367846],\n       [ 2.55151723, -1.62106776,  5.31897255,  4.15972596,  6.06610398,\n         5.1536793 ],\n       [ 2.5515206 , -1.62108167,  5.31896423,  4.15973283,  6.06610636,\n         5.15367686],\n       [ 2.55152223, -1.62107726,  5.31896274,  4.15972756,  6.06610879,\n         5.15367653]]), array([0.3380916, 0.3380916, 0.3380916, 0.3380916, 0.3380916, 0.3380916,\n       0.3380916]))", "callback": [0.9133905716130801, 0.8405656719292808, 0.7980734523828286, 0.7544656645259809, 0.7313317801154295, 0.7287304363795675, 0.7270709423522206, 0.7264385092863328, 0.7256482095650201, 0.7243214300452964, 0.7223626010059899, 0.7211316635267475, 0.7187782475702205, 0.7163832272687312, 0.7125257054040649, 0.7122367103765832, 0.7103208296578364, 0.7017456803813615, 0.6881858907782294, 0.6609939873767667, 0.5520553699157325, 0.4225238116193313, 0.4165221017348071, 0.40213558851055053, 0.39752314762085517, 0.39653274281817996, 0.39552212111063834, 0.3943887187234444, 0.39378283465123465, 0.3925661322359638, 0.38954625728863257, 0.3638343999723014, 0.35609597077759936, 0.3468694213841539, 0.34186543071413944, 0.3407805363829489, 0.3396660117658261, 0.33911369378351663, 0.3384383471078618, 0.33816862730371966, 0.33812551355858556, 0.33811277775435633, 0.33810983306548614, 0.3381096239156831, 0.33810936656744095, 0.3381089006930069, 0.3381070524481774, 0.33810415664990356, 0.33809905479937774, 0.33809626456092023, 0.33809412699691266, 0.3380919080855307, 0.3380917463272488, 0.338091620372712, 0.3380916041801152, 0.3380915991570108, 0.33809159819651646, 0.3380915980039235, 0.3380915979791266, 0.3380915979686967]}, "11": {"maxiter": 1000, "fatol": 1e-10, "xatol": 1e-10, "duration": 0.37552499771118164, "fun": "0.3380915979668895", "nit": "723", "nfev": "1181", "status": "0", "success": "True", "message": "Optimization terminated successfully.", "x": "[ 2.55151934 -1.62107628  5.31896723  4.15972862  6.06610861  5.15368094]", "final_simplex": "(array([[ 2.55151934, -1.62107628,  5.31896723,  4.15972862,  6.06610861,\n         5.15368094],\n       [ 2.55151934, -1.62107628,  5.31896723,  4.15972862,  6.06610861,\n         5.15368094],\n       [ 2.55151934, -1.62107628,  5.31896723,  4.15972862,  6.06610861,\n         5.15368094],\n       [ 2.55151934, -1.62107628,  5.31896723,  4.15972862,  6.06610861,\n         5.15368094],\n       [ 2.55151934, -1.62107628,  5.31896723,  4.15972862,  6.06610861,\n         5.15368094],\n       [ 2.55151934, -1.62107628,  5.31896723,  4.15972862,  6.06610861,\n         5.15368094],\n       [ 2.55151934, -1.62107628,  5.31896723,  4.15972862,  6.06610861,\n         5.15368094]]), array([0.3380916, 0.3380916, 0.3380916, 0.3380916, 0.3380916, 0.3380916,\n       0.3380916]))", "callback": [0.9133905716130801, 0.8405656719292808, 0.7980734523828286, 0.7544656645259809, 0.7313317801154295, 0.7287304363795675, 0.7270709423522206, 0.7264385092863328, 0.7256482095650201, 0.7243214300452964, 0.7223626010059899, 0.7211316635267475, 0.7187782475702205, 0.7163832272687312, 0.7125257054040649, 0.7122367103765832, 0.7103208296578364, 0.7017456803813615, 0.6881858907782294, 0.6609939873767667, 0.5520553699157325, 0.4225238116193313, 0.4165221017348071, 0.40213558851055053, 0.39752314762085517, 0.39653274281817996, 0.39552212111063834, 0.3943887187234444, 0.39378283465123465, 0.3925661322359638, 0.38954625728863257, 0.3638343999723014, 0.35609597077759936, 0.3468694213841539, 0.34186543071413944, 0.3407805363829489, 0.3396660117658261, 0.33911369378351663, 0.3384383471078618, 0.33816862730371966, 0.33812551355858556, 0.33811277775435633, 0.33810983306548614, 0.3381096239156831, 0.33810936656744095, 0.3381089006930069, 0.3381070524481774, 0.33810415664990356, 0.33809905479937774, 0.33809626456092023, 0.33809412699691266, 0.3380919080855307, 0.3380917463272488, 0.338091620372712, 0.3380916041801152, 0.3380915991570108, 0.33809159819651646, 0.3380915980039235, 0.3380915979791266, 0.3380915979686967, 0.3380915979675746, 0.33809159796716615, 0.33809159796702537, 0.33809159796697064, 0.338091597966919, 0.33809159796690413, 0.33809159796689603, 0.3380915979668906, 0.3380915979668898, 0.3380915979668897, 0.3380915979668895, 0.3380915979668895, 0.3380915979668895]}}, "bfgs": {"type": "gradient", "0": {"maxiter": 100, "gtol": 1e-05, "xrtol": 1e-05, "eps": 1e-05, "duration": 0.09267973899841309, "fun": "0.33809159828797386", "jac": "[ 9.52760093e-07  7.58315633e-07 -2.52378118e-06  2.30537811e-07\n  1.39095402e-06  1.32672762e-06]", "hess_inv": "[[ 3.29606232  0.710811    0.5741304   0.22413694  0.55490012  0.11503943]\n [ 0.710811   19.29413174 16.63341496  7.44591823  0.62476144 -0.97285813]\n [ 0.5741304  16.63341496 17.97455953  7.38768672  1.09622666 -0.05282892]\n [ 0.22413694  7.44591823  7.38768672  6.43804187  0.39372247 -0.17092452]\n [ 0.55490012  0.62476144  1.09622666  0.39372247  4.23908512  2.03103562]\n [ 0.11503943 -0.97285813 -0.05282892 -0.17092452  2.03103562  4.00721485]]", "nfev": "266", "njev": "38", "status": "0", "success": "True", "message": "Optimization terminated successfully.", "x": "[ 2.55151369 -1.62118765  5.3188529   2.12340585  2.9245115   2.01209083]", "nit": "28", "callback": [0.8234097460663576, 0.8117965021821545, 0.7283529645059577, 0.7007136050023652, 0.6567850905803895, 0.5832157097341056, 0.49390757408683017, 0.42949387301283304, 0.41050720261208606, 0.4057999571054497, 0.3995504730741609, 0.39634617582610077, 0.39428743114090126, 0.3917360645732937, 0.3639034637985209, 0.36258892852769076, 0.35156789743444616, 0.3428901535038781, 0.34176268098771334, 0.340687440647106, 0.3391018629797613, 0.33822406506910707, 0.3381037448924815, 0.3380927549776056, 0.3380918353624415, 0.3380916303994659, 0.3380916012822568, 0.33809159828797386]}, "1": {"maxiter": 100, "gtol": 1e-05, "xrtol": 1e-05, "eps": 1e-10, "duration": 0.08655786514282227, "fun": "0.33809159804834066", "jac": "[ 4.44089173e-06  2.22044587e-06 -1.11022293e-06  1.11022293e-06\n  4.44089173e-06  1.11022293e-06]", "hess_inv": "[[ 3.3306171   0.82332971  0.66408902  0.25511953  0.62182363  0.09475756]\n [ 0.82332971 19.26326701 16.72508028  7.43694294  0.76634849 -1.04705822]\n [ 0.66408902 16.72508028 18.16932681  7.44276632  1.23736207 -0.10363913]\n [ 0.25511953  7.43694294  7.44276632  6.4506895   0.45418525 -0.18904602]\n [ 0.62182363  0.76634849  1.23736207  0.45418525  4.34074716  2.01587485]\n [ 0.09475756 -1.04705822 -0.10363913 -0.18904602  2.01587485  4.01380765]]", "nfev": "266", "njev": "38", "status": "0", "success": "True", "message": "Optimization terminated successfully.", "x": "[ 2.55153069 -1.62109995  5.31894055  2.12344222  2.92453522  2.01209812]", "nit": "28", "callback": [0.8234102971449967, 0.8117971501018502, 0.7283551455704746, 0.700715920300893, 0.656787027060139, 0.5832159335562209, 0.49391134771065914, 0.4294973413996529, 0.41051000950361793, 0.4058025190195562, 0.3995547344921726, 0.396347294309781, 0.39428900137282197, 0.39173844759072185, 0.3639067871919611, 0.3625874692366595, 0.35153599270132896, 0.3428865590111564, 0.34176294805143126, 0.34068137387981545, 0.3390918792140569, 0.3382241394887864, 0.3381036935706664, 0.33809275621194435, 0.3380918323735146, 0.33809162556829875, 0.33809160032231655, 0.33809159804834066]}, "2": {"maxiter": 100, "gtol": 1e-05, "xrtol": 1e-10, "eps": 1e-05, "duration": 0.08459305763244629, "fun": "0.33809159828797386", "jac": "[ 9.52760093e-07  7.58315633e-07 -2.52378118e-06  2.30537811e-07\n  1.39095402e-06  1.32672762e-06]", "hess_inv": "[[ 3.29606232  0.710811    0.5741304   0.22413694  0.55490012  0.11503943]\n [ 0.710811   19.29413174 16.63341496  7.44591823  0.62476144 -0.97285813]\n [ 0.5741304  16.63341496 17.97455953  7.38768672  1.09622666 -0.05282892]\n [ 0.22413694  7.44591823  7.38768672  6.43804187  0.39372247 -0.17092452]\n [ 0.55490012  0.62476144  1.09622666  0.39372247  4.23908512  2.03103562]\n [ 0.11503943 -0.97285813 -0.05282892 -0.17092452  2.03103562  4.00721485]]", "nfev": "266", "njev": "38", "status": "0", "success": "True", "message": "Optimization terminated successfully.", "x": "[ 2.55151369 -1.62118765  5.3188529   2.12340585  2.9245115   2.01209083]", "nit": "28", "callback": [0.8234097460663576, 0.8117965021821545, 0.7283529645059577, 0.7007136050023652, 0.6567850905803895, 0.5832157097341056, 0.49390757408683017, 0.42949387301283304, 0.41050720261208606, 0.4057999571054497, 0.3995504730741609, 0.39634617582610077, 0.39428743114090126, 0.3917360645732937, 0.3639034637985209, 0.36258892852769076, 0.35156789743444616, 0.3428901535038781, 0.34176268098771334, 0.340687440647106, 0.3391018629797613, 0.33822406506910707, 0.3381037448924815, 0.3380927549776056, 0.3380918353624415, 0.3380916303994659, 0.3380916012822568, 0.33809159828797386]}, "3": {"maxiter": 100, "gtol": 1e-05, "xrtol": 1e-10, "eps": 1e-10, "duration": 0.07675385475158691, "fun": "0.33809159804834066", "jac": "[ 4.44089173e-06  2.22044587e-06 -1.11022293e-06  1.11022293e-06\n  4.44089173e-06  1.11022293e-06]", "hess_inv": "[[ 3.3306171   0.82332971  0.66408902  0.25511953  0.62182363  0.09475756]\n [ 0.82332971 19.26326701 16.72508028  7.43694294  0.76634849 -1.04705822]\n [ 0.66408902 16.72508028 18.16932681  7.44276632  1.23736207 -0.10363913]\n [ 0.25511953  7.43694294  7.44276632  6.4506895   0.45418525 -0.18904602]\n [ 0.62182363  0.76634849  1.23736207  0.45418525  4.34074716  2.01587485]\n [ 0.09475756 -1.04705822 -0.10363913 -0.18904602  2.01587485  4.01380765]]", "nfev": "266", "njev": "38", "status": "0", "success": "True", "message": "Optimization terminated successfully.", "x": "[ 2.55153069 -1.62109995  5.31894055  2.12344222  2.92453522  2.01209812]", "nit": "28", "callback": [0.8234102971449967, 0.8117971501018502, 0.7283551455704746, 0.700715920300893, 0.656787027060139, 0.5832159335562209, 0.49391134771065914, 0.4294973413996529, 0.41051000950361793, 0.4058025190195562, 0.3995547344921726, 0.396347294309781, 0.39428900137282197, 0.39173844759072185, 0.3639067871919611, 0.3625874692366595, 0.35153599270132896, 0.3428865590111564, 0.34176294805143126, 0.34068137387981545, 0.3390918792140569, 0.3382241394887864, 0.3381036935706664, 0.33809275621194435, 0.3380918323735146, 0.33809162556829875, 0.33809160032231655, 0.33809159804834066]}, "4": {"maxiter": 100, "gtol": 1e-10, "xrtol": 1e-05, "eps": 1e-05, "duration": 0.08346724510192871, "fun": "0.3380915981492063", "jac": "[ 1.00164321e-07 -4.34818848e-07  3.03668202e-07  1.57374114e-07\n  2.77977641e-07 -5.84310378e-08]", "hess_inv": "[[ 3.13794535  0.70203294  0.60890688  0.26261625  0.40660317  0.08432619]\n [ 0.70203294 21.31048036 18.87209592  8.25305056  0.30791791 -1.52581212]\n [ 0.60890688 18.87209592 20.44755469  8.27199582  0.78658198 -0.6574305 ]\n [ 0.26261625  8.25305056  8.27199582  6.74998218  0.3066337  -0.38347461]\n [ 0.40660317  0.30791791  0.78658198  0.3066337   4.14722106  2.08658044]\n [ 0.08432619 -1.52581212 -0.6574305  -0.38347461  2.08658044  4.15191835]]", "nfev": "273", "njev": "39", "status": "0", "success": "True", "message": "Optimization terminated successfully.", "x": "[ 2.55151097 -1.62115716  5.31888748  2.12341874  2.92450426  2.01208192]", "nit": "29", "callback": [0.8234097460663576, 0.8117965021821545, 0.7283529645059577, 0.7007136050023652, 0.6567850905803895, 0.5832157097341056, 0.49390757408683017, 0.42949387301283304, 0.41050720261208606, 0.4057999571054497, 0.3995504730741609, 0.39634617582610077, 0.39428743114090126, 0.3917360645732937, 0.3639034637985209, 0.36258892852769076, 0.35156789743444616, 0.3428901535038781, 0.34176268098771334, 0.340687440647106, 0.3391018629797613, 0.33822406506910707, 0.3381037448924815, 0.3380927549776056, 0.3380918353624415, 0.3380916303994659, 0.3380916012822568, 0.33809159828797386, 0.3380915981492063]}, "5": {"maxiter": 100, "gtol": 1e-10, "xrtol": 1e-05, "eps": 1e-10, "duration": 0.08885502815246582, "fun": "0.3380915980400675", "jac": "[-2.22044587e-06 -2.22044587e-06 -1.11022293e-06 -1.11022293e-06\n -1.11022293e-06  1.11022293e-06]", "hess_inv": "[[ 3.02906732e+00  9.40419109e-02 -1.28232951e-02 -5.98211366e-02\n   2.79717586e-01  1.11164179e-02]\n [ 9.40419109e-02  1.78764701e+01  1.55384522e+01  6.75021990e+00\n  -2.33900071e-01 -1.55068218e+00]\n [-1.28232951e-02  1.55384522e+01  1.71881018e+01  6.82535852e+00\n   2.62825270e-01 -6.51491642e-01]\n [-5.98211366e-02  6.75021990e+00  6.82535852e+00  6.13666546e+00\n   6.25146747e-02 -3.36316236e-01]\n [ 2.79717586e-01 -2.33900071e-01  2.62825270e-01  6.25146747e-02\n   4.03191289e+00  2.05918159e+00]\n [ 1.11164179e-02 -1.55068218e+00 -6.51491642e-01 -3.36316236e-01\n   2.05918159e+00  4.23149854e+00]]", "nfev": "273", "njev": "39", "status": "0", "success": "True", "message": "Optimization terminated successfully.", "x": "[ 2.55151583 -1.62112754  5.31891716  2.12342836  2.92451452  2.01208733]", "nit": "29", "callback": [0.8234102971449967, 0.8117971501018502, 0.7283551455704746, 0.700715920300893, 0.656787027060139, 0.5832159335562209, 0.49391134771065914, 0.4294973413996529, 0.41051000950361793, 0.4058025190195562, 0.3995547344921726, 0.396347294309781, 0.39428900137282197, 0.39173844759072185, 0.3639067871919611, 0.3625874692366595, 0.35153599270132896, 0.3428865590111564, 0.34176294805143126, 0.34068137387981545, 0.3390918792140569, 0.3382241394887864, 0.3381036935706664, 0.33809275621194435, 0.3380918323735146, 0.33809162556829875, 0.33809160032231655, 0.33809159804834066, 0.3380915980400675]}, "6": {"maxiter": 100, "gtol": 1e-10, "xrtol": 1e-10, "eps": 1e-05, "duration": 0.12256598472595215, "fun": "0.33809159814760026", "jac": "[ 3.06421555e-08  6.59694521e-08 -3.66040531e-08 -4.66071626e-08\n  3.24185123e-09  4.28546088e-09]", "hess_inv": "[[ 3.23597413  0.3642141   0.43015279  0.20064987  0.62931654  0.22955085]\n [ 0.3642141  21.59712055 19.20979269  8.52874512 -0.1371339  -1.78648371]\n [ 0.43015279 19.20979269 20.35125501  8.22014522  0.38511786 -0.85927273]\n [ 0.20064987  8.52874512  8.22014522  6.6827671   0.08907339 -0.49948444]\n [ 0.62931654 -0.1371339   0.38511786  0.08907339  4.50619584  2.32458629]\n [ 0.22955085 -1.78648371 -0.85927273 -0.49948444  2.32458629  4.30102487]]", "nfev": "432", "njev": "60", "status": "2", "success": "False", "message": "Desired error not necessarily achieved due to precision loss.", "x": "[ 2.55151058 -1.62115472  5.31888831  2.12341878  2.9245029   2.01208104]", "nit": "30", "callback": [0.8234097460663576, 0.8117965021821545, 0.7283529645059577, 0.7007136050023652, 0.6567850905803895, 0.5832157097341056, 0.49390757408683017, 0.42949387301283304, 0.41050720261208606, 0.4057999571054497, 0.3995504730741609, 0.39634617582610077, 0.39428743114090126, 0.3917360645732937, 0.3639034637985209, 0.36258892852769076, 0.35156789743444616, 0.3428901535038781, 0.34176268098771334, 0.340687440647106, 0.3391018629797613, 0.33822406506910707, 0.3381037448924815, 0.3380927549776056, 0.3380918353624415, 0.3380916303994659, 0.3380916012822568, 0.33809159828797386, 0.3380915981492063, 0.33809159814760026]}, "7": {"maxiter": 100, "gtol": 1e-10, "xrtol": 1e-10, "eps": 1e-10, "duration": 0.1878829002380371, "fun": "0.33809159797276844", "jac": "[3.33066880e-06 0.00000000e+00 0.00000000e+00 3.33066880e-06\n 1.11022293e-06 2.22044587e-06]", "hess_inv": "[[ 11.56261705 -66.07529951 -50.85574459 -14.17689393  -8.24995937\n  -17.02289649]\n [-66.07529951 462.93676543 348.7286666   90.31597133  56.61264715\n  119.72370868]\n [-50.85574459 348.7286666  265.75044588  68.20920797  41.88996515\n   90.10983243]\n [-14.17689393  90.31597133  68.20920797  20.16868193   9.15339838\n   21.75624452]\n [ -8.24995937  56.61264715  41.88996515   9.15339838  11.96819918\n   17.8145414 ]\n [-17.02289649 119.72370868  90.10983243  21.75624452  17.8145414\n   35.71889956]]", "nfev": "560", "njev": "80", "status": "0", "success": "True", "message": "Optimization terminated successfully.", "x": "[ 2.55151842 -1.62107361  5.31897111  2.12346111  2.92451117  2.01208349]", "nit": "33", "callback": [0.8234102971449967, 0.8117971501018502, 0.7283551455704746, 0.700715920300893, 0.656787027060139, 0.5832159335562209, 0.49391134771065914, 0.4294973413996529, 0.41051000950361793, 0.4058025190195562, 0.3995547344921726, 0.396347294309781, 0.39428900137282197, 0.39173844759072185, 0.3639067871919611, 0.3625874692366595, 0.35153599270132896, 0.3428865590111564, 0.34176294805143126, 0.34068137387981545, 0.3390918792140569, 0.3382241394887864, 0.3381036935706664, 0.33809275621194435, 0.3380918323735146, 0.33809162556829875, 0.33809160032231655, 0.33809159804834066, 0.3380915980400675, 0.3380915979910467, 0.33809159798691557, 0.33809159797276844, 0.33809159797276844]}, "8": {"maxiter": 500, "gtol": 1e-05, "xrtol": 1e-05, "eps": 1e-05, "duration": 0.08211088180541992, "fun": "0.33809159828797386", "jac": "[ 9.52760093e-07  7.58315633e-07 -2.52378118e-06  2.30537811e-07\n  1.39095402e-06  1.32672762e-06]", "hess_inv": "[[ 3.29606232  0.710811    0.5741304   0.22413694  0.55490012  0.11503943]\n [ 0.710811   19.29413174 16.63341496  7.44591823  0.62476144 -0.97285813]\n [ 0.5741304  16.63341496 17.97455953  7.38768672  1.09622666 -0.05282892]\n [ 0.22413694  7.44591823  7.38768672  6.43804187  0.39372247 -0.17092452]\n [ 0.55490012  0.62476144  1.09622666  0.39372247  4.23908512  2.03103562]\n [ 0.11503943 -0.97285813 -0.05282892 -0.17092452  2.03103562  4.00721485]]", "nfev": "266", "njev": "38", "status": "0", "success": "True", "message": "Optimization terminated successfully.", "x": "[ 2.55151369 -1.62118765  5.3188529   2.12340585  2.9245115   2.01209083]", "nit": "28", "callback": [0.8234097460663576, 0.8117965021821545, 0.7283529645059577, 0.7007136050023652, 0.6567850905803895, 0.5832157097341056, 0.49390757408683017, 0.42949387301283304, 0.41050720261208606, 0.4057999571054497, 0.3995504730741609, 0.39634617582610077, 0.39428743114090126, 0.3917360645732937, 0.3639034637985209, 0.36258892852769076, 0.35156789743444616, 0.3428901535038781, 0.34176268098771334, 0.340687440647106, 0.3391018629797613, 0.33822406506910707, 0.3381037448924815, 0.3380927549776056, 0.3380918353624415, 0.3380916303994659, 0.3380916012822568, 0.33809159828797386]}, "9": {"maxiter": 500, "gtol": 1e-05, "xrtol": 1e-05, "eps": 1e-10, "duration": 0.08185601234436035, "fun": "0.33809159804834066", "jac": "[ 4.44089173e-06  2.22044587e-06 -1.11022293e-06  1.11022293e-06\n  4.44089173e-06  1.11022293e-06]", "hess_inv": "[[ 3.3306171   0.82332971  0.66408902  0.25511953  0.62182363  0.09475756]\n [ 0.82332971 19.26326701 16.72508028  7.43694294  0.76634849 -1.04705822]\n [ 0.66408902 16.72508028 18.16932681  7.44276632  1.23736207 -0.10363913]\n [ 0.25511953  7.43694294  7.44276632  6.4506895   0.45418525 -0.18904602]\n [ 0.62182363  0.76634849  1.23736207  0.45418525  4.34074716  2.01587485]\n [ 0.09475756 -1.04705822 -0.10363913 -0.18904602  2.01587485  4.01380765]]", "nfev": "266", "njev": "38", "status": "0", "success": "True", "message": "Optimization terminated successfully.", "x": "[ 2.55153069 -1.62109995  5.31894055  2.12344222  2.92453522  2.01209812]", "nit": "28", "callback": [0.8234102971449967, 0.8117971501018502, 0.7283551455704746, 0.700715920300893, 0.656787027060139, 0.5832159335562209, 0.49391134771065914, 0.4294973413996529, 0.41051000950361793, 0.4058025190195562, 0.3995547344921726, 0.396347294309781, 0.39428900137282197, 0.39173844759072185, 0.3639067871919611, 0.3625874692