{"date": "2024/09/24/, 00:40:53", "conf_id": 165, "data_type": "non_lin_ind\n", "num_data_points": 1, "s_rank": 0, "unitary": "[[-0.45070455-0.02711853j,0.78437395-0.06613086j,0.06358678+0.19963393j,-0.07343613+0.35668523j],[-0.01890143-0.03813363j,0.32408202+0.25557629j,0.05872864-0.68979805j,0.55466693-0.20227297j],[-0.11215405+0.64023111j,-0.13344055+0.29565494j,-0.49012687-0.19046288j,-0.04241254+0.44046348j],[0.55771659+0.24656916j,0.31851997-0.05798805j,0.28761525-0.34294258j,-0.56718418+0.03616933j]]", "databatch_0": {"databatch": "[[[0.19445049+0.03752407j,-0.03256621-0.40606338j,-0.08418518+0.22534215j,0.15330499-0.06214725j],[-0.19245991+0.02502174j,-0.1822939+0.22183984j,0.18494723+0.09423632j,-0.04324472-0.20367791j],[0.07903411-0.34469221j,-0.06994035-0.06958505j,-0.19000409-0.17016711j,0.07351492+0.27171283j],[0.31159755-0.04560485j,-0.15494101-0.1144796j,0.20955556-0.06520138j,-0.19790267-0.01874723j]]]", "initial param values": "[2.16409174,2.64234701,2.98571633,0.11390128,0.70889235,0.39809735]", "nelder_mead": {"type": "gradient-free", "0": {"maxiter": 100, "fatol": 1e-05, "xatol": 1e-05, "duration": 0.042340755462646484, "fun": "0.4085086381901848", "nit": "100", "nfev": "153", "status": "2", "success": "False", "message": "Maximum number of iterations has been exceeded.", "x": "[ 0.61359873  2.30396821  4.7908805   0.2749842  -1.75614151 -0.17885876]", "final_simplex": "(array([[ 0.61359873,  2.30396821,  4.7908805 ,  0.2749842 , -1.75614151,\n        -0.17885876],\n       [ 0.47062609,  2.35605484,  4.90456546,  0.28139223, -1.91378662,\n        -0.15400691],\n       [ 0.43162548,  2.49279026,  4.6886369 ,  0.28305222, -1.77871549,\n        -0.19712954],\n       [ 0.5991833 ,  2.44655148,  4.87745926,  0.27134181, -1.84804201,\n        -0.1219816 ],\n       [ 0.68610533,  2.38345913,  4.81300979,  0.26668479, -1.72275209,\n        -0.09616071],\n       [ 0.65479656,  2.28659615,  4.88272959,  0.28045452, -1.93797401,\n        -0.10368812],\n       [ 0.31339432,  2.22190527,  4.93997228,  0.29205977, -1.86815844,\n        -0.22295168]]), array([0.40850864, 0.41089937, 0.41107256, 0.41189815, 0.41257216,\n       0.41350805, 0.41420269]))", "callback": [0.7357057591931635, 0.7250364612502616, 0.6998957710062363, 0.6533582697456564, 0.5449499345171277, 0.48745983506103263, 0.45591593547146514, 0.44901575694900675, 0.41486590259770906]}, "1": {"maxiter": 100, "fatol": 1e-05, "xatol": 1e-10, "duration": 0.044196128845214844, "fun": "0.4085086381901848", "nit": "100", "nfev": "153", "status": "2", "success": "False", "message": "Maximum number of iterations has been exceeded.", "x": "[ 0.61359873  2.30396821  4.7908805   0.2749842  -1.75614151 -0.17885876]", "final_simplex": "(array([[ 0.61359873,  2.30396821,  4.7908805 ,  0.2749842 , -1.75614151,\n        -0.17885876],\n       [ 0.47062609,  2.35605484,  4.90456546,  0.28139223, -1.91378662,\n        -0.15400691],\n       [ 0.43162548,  2.49279026,  4.6886369 ,  0.28305222, -1.77871549,\n        -0.19712954],\n       [ 0.5991833 ,  2.44655148,  4.87745926,  0.27134181, -1.84804201,\n        -0.1219816 ],\n       [ 0.68610533,  2.38345913,  4.81300979,  0.26668479, -1.72275209,\n        -0.09616071],\n       [ 0.65479656,  2.28659615,  4.88272959,  0.28045452, -1.93797401,\n        -0.10368812],\n       [ 0.31339432,  2.22190527,  4.93997228,  0.29205977, -1.86815844,\n        -0.22295168]]), array([0.40850864, 0.41089937, 0.41107256, 0.41189815, 0.41257216,\n       0.41350805, 0.41420269]))", "callback": [0.7357057591931635, 0.7250364612502616, 0.6998957710062363, 0.6533582697456564, 0.5449499345171277, 0.48745983506103263, 0.45591593547146514, 0.44901575694900675, 0.41486590259770906]}, "2": {"maxiter": 100, "fatol": 1e-10, "xatol": 1e-05, "duration": 0.03804183006286621, "fun": "0.4085086381901848", "nit": "100", "nfev": "153", "status": "2", "success": "False", "message": "Maximum number of iterations has been exceeded.", "x": "[ 0.61359873  2.30396821  4.7908805   0.2749842  -1.75614151 -0.17885876]", "final_simplex": "(array([[ 0.61359873,  2.30396821,  4.7908805 ,  0.2749842 , -1.75614151,\n        -0.17885876],\n       [ 0.47062609,  2.35605484,  4.90456546,  0.28139223, -1.91378662,\n        -0.15400691],\n       [ 0.43162548,  2.49279026,  4.6886369 ,  0.28305222, -1.77871549,\n        -0.19712954],\n       [ 0.5991833 ,  2.44655148,  4.87745926,  0.27134181, -1.84804201,\n        -0.1219816 ],\n       [ 0.68610533,  2.38345913,  4.81300979,  0.26668479, -1.72275209,\n        -0.09616071],\n       [ 0.65479656,  2.28659615,  4.88272959,  0.28045452, -1.93797401,\n        -0.10368812],\n       [ 0.31339432,  2.22190527,  4.93997228,  0.29205977, -1.86815844,\n        -0.22295168]]), array([0.40850864, 0.41089937, 0.41107256, 0.41189815, 0.41257216,\n       0.41350805, 0.41420269]))", "callback": [0.7357057591931635, 0.7250364612502616, 0.6998957710062363, 0.6533582697456564, 0.5449499345171277, 0.48745983506103263, 0.45591593547146514, 0.44901575694900675, 0.41486590259770906]}, "3": {"maxiter": 100, "fatol": 1e-10, "xatol": 1e-10, "duration": 0.036190032958984375, "fun": "0.4085086381901848", "nit": "100", "nfev": "153", "status": "2", "success": "False", "message": "Maximum number of iterations has been exceeded.", "x": "[ 0.61359873  2.30396821  4.7908805   0.2749842  -1.75614151 -0.17885876]", "final_simplex": "(array([[ 0.61359873,  2.30396821,  4.7908805 ,  0.2749842 , -1.75614151,\n        -0.17885876],\n       [ 0.47062609,  2.35605484,  4.90456546,  0.28139223, -1.91378662,\n        -0.15400691],\n       [ 0.43162548,  2.49279026,  4.6886369 ,  0.28305222, -1.77871549,\n        -0.19712954],\n       [ 0.5991833 ,  2.44655148,  4.87745926,  0.27134181, -1.84804201,\n        -0.1219816 ],\n       [ 0.68610533,  2.38345913,  4.81300979,  0.26668479, -1.72275209,\n        -0.09616071],\n       [ 0.65479656,  2.28659615,  4.88272959,  0.28045452, -1.93797401,\n        -0.10368812],\n       [ 0.31339432,  2.22190527,  4.93997228,  0.29205977, -1.86815844,\n        -0.22295168]]), array([0.40850864, 0.41089937, 0.41107256, 0.41189815, 0.41257216,\n       0.41350805, 0.41420269]))", "callback": [0.7357057591931635, 0.7250364612502616, 0.6998957710062363, 0.6533582697456564, 0.5449499345171277, 0.48745983506103263, 0.45591593547146514, 0.44901575694900675, 0.41486590259770906]}, "4": {"maxiter": 500, "fatol": 1e-05, "xatol": 1e-05, "duration": 0.17892098426818848, "fun": "0.16002649765160393", "nit": "500", "nfev": "776", "status": "2", "success": "False", "message": "Maximum number of iterations has been exceeded.", "x": "[ 2.01044374  1.5946212   2.29114214  1.95180091  1.93385332 -1.50144878]", "final_simplex": "(array([[ 2.01044374,  1.5946212 ,  2.29114214,  1.95180091,  1.93385332,\n        -1.50144878],\n       [ 2.01044296,  1.59464514,  2.29117878,  1.95180736,  1.93382349,\n        -1.5014697 ],\n       [ 2.01045223,  1.59463486,  2.2911721 ,  1.95181204,  1.93381552,\n        -1.50147591],\n       [ 2.01044204,  1.5946416 ,  2.29116291,  1.95181643,  1.93381386,\n        -1.50147845],\n       [ 2.0104505 ,  1.59462401,  2.29114233,  1.9518143 ,  1.9338536 ,\n        -1.50146477],\n       [ 2.01045435,  1.59464467,  2.29116967,  1.95179575,  1.93383101,\n        -1.50146068],\n       [ 2.01046164,  1.5946523 ,  2.29119891,  1.95178728,  1.9337977 ,\n        -1.50148781]]), array([0.1600265, 0.1600265, 0.1600265, 0.1600265, 0.1600265, 0.1600265,\n       0.1600265]))", "callback": [0.7357057591931635, 0.7250364612502616, 0.6998957710062363, 0.6533582697456564, 0.5449499345171277, 0.48745983506103263, 0.45591593547146514, 0.44901575694900675, 0.41486590259770906, 0.4085086381901848, 0.40705118836038545, 0.4032331587720458, 0.3926999131468296, 0.3880518904295692, 0.38761723982449814, 0.38723882803686094, 0.38689326115570355, 0.38629348656134554, 0.3835843683317929, 0.3757949842126648, 0.36457477340882494, 0.3029253006221404, 0.23587214363008058, 0.22205128630704307, 0.2160988956343346, 0.21198299812652033, 0.20348892086191472, 0.19564180779166462, 0.189418831063057, 0.18791205928532728, 0.18424010203350982, 0.17468524795996432, 0.16611622049637176, 0.1640638547653417, 0.1630194290203545, 0.1612953963534003, 0.16055889748070706, 0.16016706462629615, 0.16008057826433886, 0.16004207472666865, 0.16003213296887853, 0.1600285768866252, 0.1600271247224896, 0.1600266266011896, 0.16002655677832367, 0.160026508540712, 0.1600264998358496, 0.1600264983331967, 0.16002649775832167]}, "5": {"maxiter": 500, "fatol": 1e-05, "xatol": 1e-10, "duration": 0.17262697219848633, "fun": "0.16002649765160393", "nit": "500", "nfev": "776", "status": "2", "success": "False", "message": "Maximum number of iterations has been exceeded.", "x": "[ 2.01044374  1.5946212   2.29114214  1.95180091  1.93385332 -1.50144878]", "final_simplex": "(array([[ 2.01044374,  1.5946212 ,  2.29114214,  1.95180091,  1.93385332,\n        -1.50144878],\n       [ 2.01044296,  1.59464514,  2.29117878,  1.95180736,  1.93382349,\n        -1.5014697 ],\n       [ 2.01045223,  1.59463486,  2.2911721 ,  1.95181204,  1.93381552,\n        -1.50147591],\n       [ 2.01044204,  1.5946416 ,  2.29116291,  1.95181643,  1.93381386,\n        -1.50147845],\n       [ 2.0104505 ,  1.59462401,  2.29114233,  1.9518143 ,  1.9338536 ,\n        -1.50146477],\n       [ 2.01045435,  1.59464467,  2.29116967,  1.95179575,  1.93383101,\n        -1.50146068],\n       [ 2.01046164,  1.5946523 ,  2.29119891,  1.95178728,  1.9337977 ,\n        -1.50148781]]), array([0.1600265, 0.1600265, 0.1600265, 0.1600265, 0.1600265, 0.1600265,\n       0.1600265]))", "callback": [0.7357057591931635, 0.7250364612502616, 0.6998957710062363, 0.6533582697456564, 0.5449499345171277, 0.48745983506103263, 0.45591593547146514, 0.44901575694900675, 0.41486590259770906, 0.4085086381901848, 0.40705118836038545, 0.4032331587720458, 0.3926999131468296, 0.3880518904295692, 0.38761723982449814, 0.38723882803686094, 0.38689326115570355, 0.38629348656134554, 0.3835843683317929, 0.3757949842126648, 0.36457477340882494, 0.3029253006221404, 0.23587214363008058, 0.22205128630704307, 0.2160988956343346, 0.21198299812652033, 0.20348892086191472, 0.19564180779166462, 0.189418831063057, 0.18791205928532728, 0.18424010203350982, 0.17468524795996432, 0.16611622049637176, 0.1640638547653417, 0.1630194290203545, 0.1612953963534003, 0.16055889748070706, 0.16016706462629615, 0.16008057826433886, 0.16004207472666865, 0.16003213296887853, 0.1600285768866252, 0.1600271247224896, 0.1600266266011896, 0.16002655677832367, 0.160026508540712, 0.1600264998358496, 0.1600264983331967, 0.16002649775832167]}, "6": {"maxiter": 500, "fatol": 1e-10, "xatol": 1e-05, "duration": 0.21512389183044434, "fun": "0.16002649765160393", "nit": "500", "nfev": "776", "status": "2", "success": "False", "message": "Maximum number of iterations has been exceeded.", "x": "[ 2.01044374  1.5946212   2.29114214  1.95180091  1.93385332 -1.50144878]", "final_simplex": "(array([[ 2.01044374,  1.5946212 ,  2.29114214,  1.95180091,  1.93385332,\n        -1.50144878],\n       [ 2.01044296,  1.59464514,  2.29117878,  1.95180736,  1.93382349,\n        -1.5014697 ],\n       [ 2.01045223,  1.59463486,  2.2911721 ,  1.95181204,  1.93381552,\n        -1.50147591],\n       [ 2.01044204,  1.5946416 ,  2.29116291,  1.95181643,  1.93381386,\n        -1.50147845],\n       [ 2.0104505 ,  1.59462401,  2.29114233,  1.9518143 ,  1.9338536 ,\n        -1.50146477],\n       [ 2.01045435,  1.59464467,  2.29116967,  1.95179575,  1.93383101,\n        -1.50146068],\n       [ 2.01046164,  1.5946523 ,  2.29119891,  1.95178728,  1.9337977 ,\n        -1.50148781]]), array([0.1600265, 0.1600265, 0.1600265, 0.1600265, 0.1600265, 0.1600265,\n       0.1600265]))", "callback": [0.7357057591931635, 0.7250364612502616, 0.6998957710062363, 0.6533582697456564, 0.5449499345171277, 0.48745983506103263, 0.45591593547146514, 0.44901575694900675, 0.41486590259770906, 0.4085086381901848, 0.40705118836038545, 0.4032331587720458, 0.3926999131468296, 0.3880518904295692, 0.38761723982449814, 0.38723882803686094, 0.38689326115570355, 0.38629348656134554, 0.3835843683317929, 0.3757949842126648, 0.36457477340882494, 0.3029253006221404, 0.23587214363008058, 0.22205128630704307, 0.2160988956343346, 0.21198299812652033, 0.20348892086191472, 0.19564180779166462, 0.189418831063057, 0.18791205928532728, 0.18424010203350982, 0.17468524795996432, 0.16611622049637176, 0.1640638547653417, 0.1630194290203545, 0.1612953963534003, 0.16055889748070706, 0.16016706462629615, 0.16008057826433886, 0.16004207472666865, 0.16003213296887853, 0.1600285768866252, 0.1600271247224896, 0.1600266266011896, 0.16002655677832367, 0.160026508540712, 0.1600264998358496, 0.1600264983331967, 0.16002649775832167]}, "7": {"maxiter": 500, "fatol": 1e-10, "xatol": 1e-10, "duration": 0.18233203887939453, "fun": "0.16002649765160393", "nit": "500", "nfev": "776", "status": "2", "success": "False", "message": "Maximum number of iterations has been exceeded.", "x": "[ 2.01044374  1.5946212   2.29114214  1.95180091  1.93385332 -1.50144878]", "final_simplex": "(array([[ 2.01044374,  1.5946212 ,  2.29114214,  1.95180091,  1.93385332,\n        -1.50144878],\n       [ 2.01044296,  1.59464514,  2.29117878,  1.95180736,  1.93382349,\n        -1.5014697 ],\n       [ 2.01045223,  1.59463486,  2.2911721 ,  1.95181204,  1.93381552,\n        -1.50147591],\n       [ 2.01044204,  1.5946416 ,  2.29116291,  1.95181643,  1.93381386,\n        -1.50147845],\n       [ 2.0104505 ,  1.59462401,  2.29114233,  1.9518143 ,  1.9338536 ,\n        -1.50146477],\n       [ 2.01045435,  1.59464467,  2.29116967,  1.95179575,  1.93383101,\n        -1.50146068],\n       [ 2.01046164,  1.5946523 ,  2.29119891,  1.95178728,  1.9337977 ,\n        -1.50148781]]), array([0.1600265, 0.1600265, 0.1600265, 0.1600265, 0.1600265, 0.1600265,\n       0.1600265]))", "callback": [0.7357057591931635, 0.7250364612502616, 0.6998957710062363, 0.6533582697456564, 0.5449499345171277, 0.48745983506103263, 0.45591593547146514, 0.44901575694900675, 0.41486590259770906, 0.4085086381901848, 0.40705118836038545, 0.4032331587720458, 0.3926999131468296, 0.3880518904295692, 0.38761723982449814, 0.38723882803686094, 0.38689326115570355, 0.38629348656134554, 0.3835843683317929, 0.3757949842126648, 0.36457477340882494, 0.3029253006221404, 0.23587214363008058, 0.22205128630704307, 0.2160988956343346, 0.21198299812652033, 0.20348892086191472, 0.19564180779166462, 0.189418831063057, 0.18791205928532728, 0.18424010203350982, 0.17468524795996432, 0.16611622049637176, 0.1640638547653417, 0.1630194290203545, 0.1612953963534003, 0.16055889748070706, 0.16016706462629615, 0.16008057826433886, 0.16004207472666865, 0.16003213296887853, 0.1600285768866252, 0.1600271247224896, 0.1600266266011896, 0.16002655677832367, 0.160026508540712, 0.1600264998358496, 0.1600264983331967, 0.16002649775832167]}, "8": {"maxiter": 1000, "fatol": 1e-05, "xatol": 1e-05, "duration": 0.1863241195678711, "fun": "0.16002649760169296", "nit": "519", "nfev": "809", "status": "0", "success": "True", "message": "Optimization terminated successfully.", "x": "[ 2.0104415   1.59462914  2.29115239  1.95181186  1.93383172 -1.50146008]", "final_simplex": "(array([[ 2.0104415 ,  1.59462914,  2.29115239,  1.95181186,  1.93383172,\n        -1.50146008],\n       [ 2.01044289,  1.5946294 ,  2.29115272,  1.95180816,  1.93383558,\n        -1.50145806],\n       [ 2.01044414,  1.59463344,  2.29116098,  1.95180695,  1.93382342,\n        -1.50146403],\n       [ 2.01044492,  1.59463375,  2.29116131,  1.95181015,  1.93382633,\n        -1.50146541],\n       [ 2.01044256,  1.59462837,  2.29115335,  1.95180796,  1.93383263,\n        -1.50145678],\n       [ 2.01044287,  1.59462723,  2.29114651,  1.95181165,  1.93383669,\n        -1.50145733],\n       [ 2.01044575,  1.59462445,  2.29114724,  1.95180906,  1.93383731,\n        -1.50145941]]), array([0.1600265, 0.1600265, 0.1600265, 0.1600265, 0.1600265, 0.1600265,\n       0.1600265]))", "callback": [0.7357057591931635, 0.7250364612502616, 0.6998957710062363, 0.6533582697456564, 0.5449499345171277, 0.48745983506103263, 0.45591593547146514, 0.44901575694900675, 0.41486590259770906, 0.4085086381901848, 0.40705118836038545, 0.4032331587720458, 0.3926999131468296, 0.3880518904295692, 0.38761723982449814, 0.38723882803686094, 0.38689326115570355, 0.38629348656134554, 0.3835843683317929, 0.3757949842126648, 0.36457477340882494, 0.3029253006221404, 0.23587214363008058, 0.22205128630704307, 0.2160988956343346, 0.21198299812652033, 0.20348892086191472, 0.19564180779166462, 0.189418831063057, 0.18791205928532728, 0.18424010203350982, 0.17468524795996432, 0.16611622049637176, 0.1640638547653417, 0.1630194290203545, 0.1612953963534003, 0.16055889748070706, 0.16016706462629615, 0.16008057826433886, 0.16004207472666865, 0.16003213296887853, 0.1600285768866252, 0.1600271247224896, 0.1600266266011896, 0.16002655677832367, 0.160026508540712, 0.1600264998358496, 0.1600264983331967, 0.16002649775832167, 0.16002649765160393, 0.16002649760647403]}, "9": {"maxiter": 1000, "fatol": 1e-05, "xatol": 1e-10, "duration": 0.26544904708862305, "fun": "0.1600264976001562", "nit": "641", "nfev": "1063", "status": "0", "success": "True", "message": "Optimization terminated successfully.", "x": "[ 2.01044185  1.59462903  2.29115332  1.9518101   1.93383326 -1.50146048]", "final_simplex": "(array([[ 2.01044185,  1.59462903,  2.29115332,  1.9518101 ,  1.93383326,\n        -1.50146048],\n       [ 2.01044185,  1.59462903,  2.29115332,  1.9518101 ,  1.93383326,\n        -1.50146048],\n       [ 2.01044185,  1.59462903,  2.29115332,  1.9518101 ,  1.93383326,\n        -1.50146048],\n       [ 2.01044185,  1.59462903,  2.29115332,  1.9518101 ,  1.93383326,\n        -1.50146048],\n       [ 2.01044185,  1.59462903,  2.29115332,  1.9518101 ,  1.93383326,\n        -1.50146048],\n       [ 2.01044185,  1.59462903,  2.29115332,  1.9518101 ,  1.93383326,\n        -1.50146048],\n       [ 2.01044185,  1.59462903,  2.29115332,  1.9518101 ,  1.93383326,\n        -1.50146048]]), array([0.1600265, 0.1600265, 0.1600265, 0.1600265, 0.1600265, 0.1600265,\n       0.1600265]))", "callback": [0.7357057591931635, 0.7250364612502616, 0.6998957710062363, 0.6533582697456564, 0.5449499345171277, 0.48745983506103263, 0.45591593547146514, 0.44901575694900675, 0.41486590259770906, 0.4085086381901848, 0.40705118836038545, 0.4032331587720458, 0.3926999131468296, 0.3880518904295692, 0.38761723982449814, 0.38723882803686094, 0.38689326115570355, 0.38629348656134554, 0.3835843683317929, 0.3757949842126648, 0.36457477340882494, 0.3029253006221404, 0.23587214363008058, 0.22205128630704307, 0.2160988956343346, 0.21198299812652033, 0.20348892086191472, 0.19564180779166462, 0.189418831063057, 0.18791205928532728, 0.18424010203350982, 0.17468524795996432, 0.16611622049637176, 0.1640638547653417, 0.1630194290203545, 0.1612953963534003, 0.16055889748070706, 0.16016706462629615, 0.16008057826433886, 0.16004207472666865, 0.16003213296887853, 0.1600285768866252, 0.1600271247224896, 0.1600266266011896, 0.16002655677832367, 0.160026508540712, 0.1600264998358496, 0.1600264983331967, 0.16002649775832167, 0.16002649765160393, 0.16002649760647403, 0.16002649760169296, 0.1600264976007978, 0.16002649760034515, 0.16002649760028587, 0.16002649760019216, 0.16002649760016763, 0.1600264976001582, 0.1600264976001573, 0.1600264976001562, 0.1600264976001562, 0.1600264976001562, 0.1600264976001562, 0.1600264976001562]}, "10": {"maxiter": 1000, "fatol": 1e-10, "xatol": 1e-05, "duration": 0.18673181533813477, "fun": "0.16002649760169296", "nit": "519", "nfev": "809", "status": "0", "success": "True", "message": "Optimization terminated successfully.", "x": "[ 2.0104415   1.59462914  2.29115239  1.95181186  1.93383172 -1.50146008]", "final_simplex": "(array([[ 2.0104415 ,  1.59462914,  2.29115239,  1.95181186,  1.93383172,\n        -1.50146008],\n       [ 2.01044289,  1.5946294 ,  2.29115272,  1.95180816,  1.93383558,\n        -1.50145806],\n       [ 2.01044414,  1.59463344,  2.29116098,  1.95180695,  1.93382342,\n        -1.50146403],\n       [ 2.01044492,  1.59463375,  2.29116131,  1.95181015,  1.93382633,\n        -1.50146541],\n       [ 2.01044256,  1.59462837,  2.29115335,  1.95180796,  1.93383263,\n        -1.50145678],\n       [ 2.01044287,  1.59462723,  2.29114651,  1.95181165,  1.93383669,\n        -1.50145733],\n       [ 2.01044575,  1.59462445,  2.29114724,  1.95180906,  1.93383731,\n        -1.50145941]]), array([0.1600265, 0.1600265, 0.1600265, 0.1600265, 0.1600265, 0.1600265,\n       0.1600265]))", "callback": [0.7357057591931635, 0.7250364612502616, 0.6998957710062363, 0.6533582697456564, 0.5449499345171277, 0.48745983506103263, 0.45591593547146514, 0.44901575694900675, 0.41486590259770906, 0.4085086381901848, 0.40705118836038545, 0.4032331587720458, 0.3926999131468296, 0.3880518904295692, 0.38761723982449814, 0.38723882803686094, 0.38689326115570355, 0.38629348656134554, 0.3835843683317929, 0.3757949842126648, 0.36457477340882494, 0.3029253006221404, 0.23587214363008058, 0.22205128630704307, 0.2160988956343346, 0.21198299812652033, 0.20348892086191472, 0.19564180779166462, 0.189418831063057, 0.18791205928532728, 0.18424010203350982, 0.17468524795996432, 0.16611622049637176, 0.1640638547653417, 0.1630194290203545, 0.1612953963534003, 0.16055889748070706, 0.16016706462629615, 0.16008057826433886, 0.16004207472666865, 0.16003213296887853, 0.1600285768866252, 0.1600271247224896, 0.1600266266011896, 0.16002655677832367, 0.160026508540712, 0.1600264998358496, 0.1600264983331967, 0.16002649775832167, 0.16002649765160393, 0.16002649760647403]}, "11": {"maxiter": 1000, "fatol": 1e-10, "xatol": 1e-10, "duration": 0.25203704833984375, "fun": "0.1600264976001562", "nit": "641", "nfev": "1063", "status": "0", "success": "True", "message": "Optimization terminated successfully.", "x": "[ 2.01044185  1.59462903  2.29115332  1.9518101   1.93383326 -1.50146048]", "final_simplex": "(array([[ 2.01044185,  1.59462903,  2.29115332,  1.9518101 ,  1.93383326,\n        -1.50146048],\n       [ 2.01044185,  1.59462903,  2.29115332,  1.9518101 ,  1.93383326,\n        -1.50146048],\n       [ 2.01044185,  1.59462903,  2.29115332,  1.9518101 ,  1.93383326,\n        -1.50146048],\n       [ 2.01044185,  1.59462903,  2.29115332,  1.9518101 ,  1.93383326,\n        -1.50146048],\n       [ 2.01044185,  1.59462903,  2.29115332,  1.9518101 ,  1.93383326,\n        -1.50146048],\n       [ 2.01044185,  1.59462903,  2.29115332,  1.9518101 ,  1.93383326,\n        -1.50146048],\n       [ 2.01044185,  1.59462903,  2.29115332,  1.9518101 ,  1.93383326,\n        -1.50146048]]), array([0.1600265, 0.1600265, 0.1600265, 0.1600265, 0.1600265, 0.1600265,\n       0.1600265]))", "callback": [0.7357057591931635, 0.7250364612502616, 0.6998957710062363, 0.6533582697456564, 0.5449499345171277, 0.48745983506103263, 0.45591593547146514, 0.44901575694900675, 0.41486590259770906, 0.4085086381901848, 0.40705118836038545, 0.4032331587720458, 0.3926999131468296, 0.3880518904295692, 0.38761723982449814, 0.38723882803686094, 0.38689326115570355, 0.38629348656134554, 0.3835843683317929, 0.3757949842126648, 0.36457477340882494, 0.3029253006221404, 0.23587214363008058, 0.22205128630704307, 0.2160988956343346, 0.21198299812652033, 0.20348892086191472, 0.19564180779166462, 0.189418831063057, 0.18791205928532728, 0.18424010203350982, 0.17468524795996432, 0.16611622049637176, 0.1640638547653417, 0.1630194290203545, 0.1612953963534003, 0.16055889748070706, 0.16016706462629615, 0.16008057826433886, 0.16004207472666865, 0.16003213296887853, 0.1600285768866252, 0.1600271247224896, 0.1600266266011896, 0.16002655677832367, 0.160026508540712, 0.1600264998358496, 0.1600264983331967, 0.16002649775832167, 0.16002649765160393, 0.16002649760647403, 0.16002649760169296, 0.1600264976007978, 0.16002649760034515, 0.16002649760028587, 0.16002649760019216, 0.16002649760016763, 0.1600264976001582, 0.1600264976001573, 0.1600264976001562, 0.1600264976001562, 0.1600264976001562, 0.1600264976001562, 0.1600264976001562]}}, "bfgs": {"type": "gradient", "0": {"maxiter": 100, "gtol": 1e-05, "xrtol": 1e-05, "eps": 1e-05, "duration": 0.0529789924621582, "fun": "0.16002649775131417", "jac": "[ 2.37967424e-06  3.16612292e-06  6.76310119e-06 -4.83257878e-06\n  9.46765999e-06  2.86753954e-06]", "hess_inv": "[[  3.12092418   1.63003213   2.40778207  -1.3225087   -2.29265633\n   -1.36428665]\n [  1.63003213   9.26550261  11.02274558  -2.85536681 -10.14808669\n   -4.89827905]\n [  2.40778207  11.02274558  18.43075252  -4.59191596 -15.85391555\n   -7.18803078]\n [ -1.3225087   -2.85536681  -4.59191596   4.12780161   3.51588257\n    1.82739679]\n [ -2.29265633 -10.14808669 -15.85391555   3.51588257  17.20021235\n    7.62043973]\n [ -1.36428665  -4.89827905  -7.18803078   1.82739679   7.62043973\n    5.8676579 ]]", "nfev": "217", "njev": "31", "status": "0", "success": "True", "message": "Optimization terminated successfully.", "x": "[ 2.01044465  1.5946278   2.29115443  1.95179056  1.9338547  -1.50145248]", "nit": "28", "callback": [0.2627413704530366, 0.16984569882294265]}, "1": {"maxiter": 100, "gtol": 1e-05, "xrtol": 1e-05, "eps": 1e-10, "duration": 0.05186200141906738, "fun": "0.1600264977584771", "jac": "[ 0.00000000e+00  0.00000000e+00  2.22044587e-06 -8.88178346e-06\n  2.22044587e-06  1.11022293e-06]", "hess_inv": "[[  3.19201916   1.77506857   2.59714531  -1.36918457  -2.44133298\n   -1.43854735]\n [  1.77506857   9.45269225  11.25109624  -2.91714515 -10.30249999\n   -5.03099996]\n [  2.59714531  11.25109624  18.69967666  -4.67435123 -16.02729176\n   -7.35826815]\n [ -1.36918457  -2.91714515  -4.67435123   4.15064127   3.57988233\n    1.88322285]\n [ -2.44133298 -10.30249999 -16.02729176   3.57988233  17.29355579\n    7.73253851]\n [ -1.43854735  -5.03099996  -7.35826815   1.88322285   7.73253851\n    5.92812677]]", "nfev": "217", "njev": "31", "status": "0", "success": "True", "message": "Optimization terminated successfully.", "x": "[ 2.01045221  1.5946536   2.29119111  1.95178326  1.93381784 -1.50146722]", "nit": "28", "callback": [0.262737276088138, 0.16983341982763633]}, "2": {"maxiter": 100, "gtol": 1e-05, "xrtol": 1e-10, "eps": 1e-05, "duration": 0.0525820255279541, "fun": "0.16002649775131417", "jac": "[ 2.37967424e-06  3.16612292e-06  6.76310119e-06 -4.83257878e-06\n  9.46765999e-06  2.86753954e-06]", "hess_inv": "[[  3.12092418   1.63003213   2.40778207  -1.3225087   -2.29265633\n   -1.36428665]\n [  1.63003213   9.26550261  11.02274558  -2.85536681 -10.14808669\n   -4.89827905]\n [  2.40778207  11.02274558  18.43075252  -4.59191596 -15.85391555\n   -7.18803078]\n [ -1.3225087   -2.85536681  -4.59191596   4.12780161   3.51588257\n    1.82739679]\n [ -2.29265633 -10.14808669 -15.85391555   3.51588257  17.20021235\n    7.62043973]\n [ -1.36428665  -4.89827905  -7.18803078   1.82739679   7.62043973\n    5.8676579 ]]", "nfev": "217", "njev": "31", "status": "0", "success": "True", "message": "Optimization terminated successfully.", "x": "[ 2.01044465  1.5946278   2.29115443  1.95179056  1.9338547  -1.50145248]", "nit": "28", "callback": [0.2627413704530366, 0.16984569882294265]}, "3": {"maxiter": 100, "gtol": 1e-05, "xrtol": 1e-10, "eps": 1e-10, "duration": 0.05034494400024414, "fun": "0.1600264977584771", "jac": "[ 0.00000000e+00  0.00000000e+00  2.22044587e-06 -8.88178346e-06\n  2.22044587e-06  1.11022293e-06]", "hess_inv": "[[  3.19201916   1.77506857   2.59714531  -1.36918457  -2.44133298\n   -1.43854735]\n [  1.77506857   9.45269225  11.25109624  -2.91714515 -10.30249999\n   -5.03099996]\n [  2.59714531  11.25109624  18.69967666  -4.67435123 -16.02729176\n   -7.35826815]\n [ -1.36918457  -2.91714515  -4.67435123   4.15064127   3.57988233\n    1.88322285]\n [ -2.44133298 -10.30249999 -16.02729176   3.57988233  17.29355579\n    7.73253851]\n [ -1.43854735  -5.03099996  -7.35826815   1.88322285   7.73253851\n    5.92812677]]", "nfev": "217", "njev": "31", "status": "0", "success": "True", "message": "Optimization terminated successfully.", "x": "[ 2.01045221  1.5946536   2.29119111  1.95178326  1.93381784 -1.50146722]", "nit": "28", "callback": [0.262737276088138, 0.16983341982763633]}, "4": {"maxiter": 100, "gtol": 1e-10, "xrtol": 1e-05, "eps": 1e-05, "duration": 0.0518798828125, "fun": "0.16002649762525345", "jac": "[ 1.47259982e-07  1.28952404e-07 -3.05089287e-08  7.71827047e-08\n -2.98983061e-08  2.14539497e-07]", "hess_inv": "[[  3.08045693   1.57238269   2.32433479  -1.2224443   -2.40141105\n   -1.43127861]\n [  1.57238269   9.21961134  10.95312629  -2.69998769 -10.2554948\n   -4.94348484]\n [  2.32433479  10.95312629  18.32563983  -4.36813544 -16.01357445\n   -7.2578906 ]\n [ -1.2224443   -2.69998769  -4.36813544   3.88491101   3.80162691\n    2.01083171]\n [ -2.40141105 -10.2554948  -16.01357445   3.80162691  16.97026361\n    7.506278  ]\n [ -1.43127861  -4.94348484  -7.2578906    2.01083171   7.506278\n    5.82638572]]", "nfev": "224", "njev": "32", "status": "0", "success": "True", "message": "Optimization terminated successfully.", "x": "[ 2.01043756  1.59461901  2.29114159  1.95180857  1.93383737 -1.50146239]", "nit": "29", "callback": [0.2627413704530366, 0.16984569882294265]}, "5": {"maxiter": 100, "gtol": 1e-10, "xrtol": 1e-05, "eps": 1e-10, "duration": 0.056182146072387695, "fun": "0.16002649761549004", "jac": "[1.11022293e-06 2.22044587e-06 2.22044587e-06 3.33066880e-06\n 3.33066880e-06 2.22044587e-06]", "hess_inv": "[[  4.31394468   4.80565278   7.45905103  -4.01213281  -5.77003616\n   -3.37740057]\n [  4.80565278  17.52620591  24.3504667  -10.55765519 -19.20098263\n   -9.96409762]\n [  7.45905103  24.3504667   39.85839767 -16.61224541 -30.52861026\n  -15.50956742]\n [ -4.01213281 -10.55765519 -16.61224541   9.27246409  12.18501237\n    7.26604744]\n [ -5.77003616 -19.20098263 -30.52861026  12.18501237  27.20170321\n   13.06688542]\n [ -3.37740057  -9.96409762 -15.50956742   7.26604744  13.06688542\n    8.71453473]]", "nfev": "245", "njev": "35", "status": "0", "success": "True", "message": "Optimization terminated successfully.", "x": "[ 2.01044213  1.59463055  2.29115176  1.95181522  1.93384105 -1.50145612]", "nit": "30", "callback": [0.262737276088138, 0.16983341982763633, 0.16002649761549004]}, "6": {"maxiter": 100, "gtol": 1e-10, "xrtol": 1e-10, "eps": 1e-05, "duration": 0.09310293197631836, "fun": "0.16002649762525345", "jac": "[ 1.47259982e-07  1.28952404e-07 -3.05089287e-08  7.71827047e-08\n -2.98983061e-08  2.14539497e-07]", "hess_inv": "[[  3.08878693   1.57935122   2.32756075  -1.22846301  -2.38827975\n   -1.41623295]\n [  1.57935122   9.22409753  10.95107025  -2.69894715 -10.24740852\n   -4.92952941]\n [  2.32756075  10.95107025  18.31006034  -4.34896266 -16.01874908\n   -7.24721895]\n [ -1.22846301  -2.69894715  -4.34896266   3.86178265   3.80524916\n    1.99376991]\n [ -2.38827975 -10.24740852 -16.01874908   3.80524916  16.98470843\n    7.53294956]\n [ -1.41623295  -4.92952941  -7.24721895   1.99376991   7.53294956\n    5.85216637]]", "nfev": "411", "njev": "57", "status": "2", "success": "False", "message": "Desired error not necessarily achieved due to precision loss.", "x": "[ 2.01043756  1.59461901  2.29114159  1.95180857  1.93383737 -1.50146239]", "nit": "29", "callback": [0.2627413704530366, 0.16984569882294265]}, "7": {"maxiter": 100, "gtol": 1e-10, "xrtol": 1e-10, "eps": 1e-10, "duration": 0.07642602920532227, "fun": "0.16002649760677157", "jac": "[0.00000000e+00 0.00000000e+00 2.22044587e-06 4.44089173e-06\n 1.11022293e-06 2.22044587e-06]", "hess_inv": "[[ 2.29335123e+00  1.95428715e+00  2.56951542e+00 -1.52458663e+00\n  -2.69969596e+00  1.35646552e-02]\n [ 1.95428715e+00  1.65190408e+01  1.14766686e+01 -6.48234367e+00\n  -1.64298283e+01 -2.05371311e+00]\n [ 2.56951542e+00  1.14766686e+01  9.13088972e+00 -4.79611787e+00\n  -1.24283996e+01 -1.51965769e+00]\n [-1.52458663e+00 -6.48234367e+00 -4.79611787e+00  3.16077271e+00\n   5.94625365e+00  3.47820300e-01]\n [-2.69969596e+00 -1.64298283e+01 -1.24283996e+01  5.94625365e+00\n   1.95569147e+01  2.32163896e+00]\n [ 1.35646552e-02 -2.05371311e+00 -1.51965769e+00  3.47820300e-01\n   2.32163896e+00  9.50118059e-01]]", "nfev": "336", "njev": "48", "status": "2", "success": "False", "message": "Desired error not necessarily achieved due to precision loss.", "x": "[ 2.01043985  1.59462854  2.29115165  1.9518159   1.93383654 -1.50145679]", "nit": "33", "callback": [0.262737276088138, 0.16983341982763633, 0.16002649761549004]}, "8": {"maxiter": 500, "gtol": 1e-05, "xrtol": 1e-05, "eps": 1e-05, "duration": 0.04939603805541992, "fun": "0.16002649775131417", "jac": "[ 2.37967424e-06  3.16612292e-06  6.76310119e-06 -4.83257878e-06\n  9.46765999e-06  2.86753954e-06]", "hess_inv": "[[  3.12092418   1.63003213   2.40778207  -1.3225087   -2.29265633\n   -1.36428665]\n [  1.63003213   9.26550261  11.02274558  -2.85536681 -10.14808669\n   -4.89827905]\n [  2.40778207  11.02274558  18.43075252  -4.59191596 -15.85391555\n   -7.18803078]\n [ -1.3225087   -2.85536681  -4.59191596   4.12780161   3.51588257\n    1.82739679]\n [ -2.29265633 -10.14808669 -15.85391555   3.51588257  17.20021235\n    7.62043973]\n [ -1.36428665  -4.89827905  -7.18803078   1.82739679   7.62043973\n    5.8676579 ]]", "nfev": "217", "njev": "31", "status": "0", "success": "True", "message": "Optimization terminated successfully.", "x": "[ 2.01044465  1.5946278   2.29115443  1.95179056  1.9338547  -1.50145248]", "nit": "28", "callback": [0.2627413704530366, 0.16984569882294265]}, "9": {"maxiter": 500, "gtol": 1e-05, "xrtol": 1e-05, "eps": 1e-10, "duration": 0.049114227294921875, "fun": "0.1600264977584771", "jac": "[ 0.00000000e+00  0.00000000e+00  2.22044587e-06 -8.88178346e-06\n  2.22044587e-06  1.11022293e-06]", "hess_inv": "[[  3.19201916   1.77506857   2.59714531  -1.36918457  -2.44133298\n   -1.43854735]\n [  1.77506857   9.45269225  11.25109624  -2.91714515 -10.30249999\n   -5.03099996]\n [  2.59714531  11.25109624  18.69967666  -4.67435123 -16.02729176\n   -7.35826815]\n [ -1.36918457  -2.91714515  -4.67435123   4.15064127   3.57988233\n    1.88322285]\n [ -2.44133298 -10.30249999 -16.02729176   3.57988233  17.29355579\n    7.73253851]\n [ -1.43854735  -5.03099996  -7.35826815   1.88322285   7.73253851\n    5.92812677]]", "nfev": "217", "njev": "31", "status": "0", "success": "True", "message": "Optimization terminated successfully.", "x": "[ 2.01045221  1.5946536   2.29119111  1.95178326  1.93381784 -1.50146722]", "nit": "28", "callback": [0.262737276088138, 0.16983341982763633]}, "10": {"maxiter": 500, "gtol": 1e-05, "xrtol": 1e-10, "eps": 1e-05, "duration": 0.04944419860839844, "fun": "0.16002649775131417", "jac": "[ 2.37967424e-06  3.16612292e-06  6.76310119e-06 -4.83257878e-06\n  9.46765999e-06  2.86753954e-06]", "hess_inv": "[[  3.12092418   1.63003213   2.40778207  -1.3225087   -2.29265633\n   -1.36428665]\n [  1.63003213   9.26550261  11.02274558  -2.85536681 -10.14808669\n   -4.89827905]\n [  2.40778207  11.02274558  18.43075252  -4.59191596 -15.85391555\n   -7.18803078]\n [ -1.3225087   -2.85536681  -4.59191596   4.12780161   3.51588257\n    1.82739679]\n [ -2.29265633 -10.14808669 -15.85391555   3.51588257  17.20021235\n    7.62043973]\n [ -1.36428665  -4.89827905  -7.18803078   1.82739679   7.62043973\n    5.8676579 ]]", "nfev": "217", "njev": "31", "status": "0", "success": "True", "message": "Optimization terminated successfully.", "x": "[ 2.01044465  1.5946278   2.29115443  1.95179056  1.9338547  -1.50145248]", "nit": "28", "callback": [0.2627413704530366, 0.16984569882294265]}, "11": {"maxiter": 500, "gtol": 1e-05, "xrtol": 1e-10, "eps": 1e-10, "duration": 0.04955101013183594, "fun": "0.1600264977584771", "jac": "[ 0.00000000e+00  0.00000000e+00  2.22044587e-06 -8.88178346e-06\n  2.22044587e-06  1.11022293e-06]", "hess_inv": "[[  3.19201916   1.77506857   2.59714531  -1.36918457  -2.44133298\n   -1.43854735]\n [  1.77506857   9.45269225  11.25109624  -2.91714515 -10.30249999\n   -5.03099996]\n [  2.59714531  11.25109624  18.69967666  -4.67435123 -16.02729176\n   -7.35826815]\n [ -1.36918457  -2.91714515  -4.67435123   4.15064127   3.57988233\n    1.88322285]\n [ -2.44133298 -10.30249999 -16.02729176   3.57988233  17.29355579\n    7.73253851]\n [ -1.43854735  -5.03099996  -7.35826815   1.88322285   7.73253851\n    5.92812677]]", "nfev": "217", "njev": "31", "status": "0", "success": "True", "message": "Optimization terminated successfully.", "x": "[ 2.01045221  1.5946536   2.29119111  1.95178326  1.93381784 -1.50146722]", "nit": "28", "callback": [0.262737276088138, 0.16983341982763633]}, "12": {"maxiter": 500, "gtol": 1e-10, "xrtol": 1e-05, "eps": 1e-05, "duration": 0.05081319808959961, "fun": "0.16002649762525345", "jac": "[ 1.47259982e-07  1.28952404e-07 -3.05089287e-08  7.71827047e-08\n -2.98983061e-08  2.14539497e-07]", "hess_inv": "[[  3.08045693   1.57238269   2.32433479  -1.2224443   -2.40141105\n   -1.43127861]\n [  1.57238269   9.21961134  10.95312629  -2.69998769 -10.2554948\n   -4.94348484]\n [  2.32433479  10.95312629  18.32563983  -4.36813544 -16.01357445\n   -7.2578906 ]\n [ -1.2224443   -2.69998769  -4.36813544   3.88491101   3.80162691\n    2.01083171]\n [ -2.40141105 -10.2554948  -16.01357445   3.80162691  16.97026361\n    7.506278  ]\n [ -1.43127861  -4.94348484  -7.2578906    2.01083171   7.506278\n    5.82638572]]", "nfev": "224", "njev": "32", "status": "0", "success": "True", "message": "Optimization terminated successfully.", "x": "[ 2.01043756  1.59461901  2.29114159  1.95180857  1.93383737 -1.50146239]", "nit": "29", "callback": [0.2627413704530366, 0.16984569882294265]}, "13": {"maxiter": 500, "gtol": 1e-10, "xrtol": 1e-05, "eps": 1e-10, "duration": 0.05544900894165039, "fun": "0.16002649761549004", "jac": "[1.11022293e-06 2.22044587e-06 2.22044587e-06 3.33066880e-06\n 3.33066880e-06 2.22044587e-06]", "hess_inv": "[[  4.31394468   4.80565278   7.45905103  -4.01213281  -5.77003616\n   -3.37740057]\n [  4.80565278  17.52620591  24.3504667  -10.55765519 -19.20098263\n   -9.96409762]\n [  7.45905103  24.3504667   39.85839767 -16.61224541 -30.52861026\n  -15.50956742]\n [ -4.01213281 -10.55765519 -16.61224541   9.27246409  12.18501237\n    7.26604744]\n [ -5.77003616 -19.20098263 -30.52861026  12.18501237  27.20170321\n   13.06688542]\n [ -3.37740057  -9.96409762 -15.50956742   7.26604744  13.06688542\n    8.71453473]]", "nfev": "245", "njev": "35", "status": "0", "success": "True", "message": "Optimization terminated successfully.", "x": "[ 2.01044213  1.59463055  2.29115176  1.95181522  1.93384105 -1.50145612]", "nit": "30", "callback": [0.262737276088138, 0.16983341982763633, 0.16002649761549004]}, "14": {"maxiter": 500, "gtol": 1e-10, "xrtol": 1e-10, "eps": 1e-05, "duration": 0.09348893165588379, "fun": "0.16002649762525345", "jac": "[ 1.47259982e-07  1.28952404e-07 -3.05089287e-08  7.71827047e-08\n -2.98983061e-08  2.14539497e-07]", "hess_inv": "[[  3.08878693   1.57935122   2.32756075  -1.22846301  -2.38827975\n   -1.41623295]\n [  1.57935122   9.22409753  10.95107025  -2.69894715 -10.24740852\n   -4.92952941]\n [  2.32756075  10.95107025  18.31006034  -4.34896266 -16.01874908\n   -7.24721895]\n [ -1.22846301  -2.69894715  -4.34896266   3.86178265   3.80524916\n    1.99376991]\n [ -2.38827975 -10.24740852 -16.01874908   3.80524916  16.98470843\n    7.53294956]\n [ -1.41623295  -4.92952941  -7.24721895   1.99376991   7.53294956\n    5.85216637]]", "nfev": "411", "njev": "57", "status": "2", "success": "False", "message": "Desired error not necessarily achieved due to precision loss.", "x": "[ 2.01043756  1.59461901  2.29114159  1.95180857  1.93383737 -1.50146239]", "nit": "29", "callback": [0.2627413704530366, 0.16984569882294265]}, "15": {"maxiter": 500, "gtol": 1e-10, "xrtol": 1e-10, "eps": 1e-10, "duration": 0.07572102546691895, "fun": "0.16002649760677157", "jac": "[0.0000000