{"conf_id": 23, "data_type": "random\n", "num_data_points": 2, "s_rank": 0, "unitary": "[[-0.53618537-0.34368723j,-0.12107031-0.46226139j,-0.07699282-0.46603512j,0.36022595-0.11472301j],[0.26026499-0.63450712j,-0.56616638+0.37832564j,-0.14988651+0.08458591j,0.10363514-0.16008501j],[-0.32580188-0.11070003j,-0.36476308-0.23593218j,0.02559343+0.41761608j,-0.25598305+0.6725303j],[0.07406738-0.0126433j,0.28513701+0.19483972j,-0.74939717-0.10299659j,0.29798249+0.46269921j]]", "databatch_0": {"databatch": "[[[0.25232538+0.17469278j,0.10238591+0.30834507j,0.05601251-0.01687769j,0.05557338+0.19318533j],[-0.14649414+0.25181871j,-0.28416096+0.11989603j,0.02015086+0.05174775j,-0.17867307+0.06700394j],[0.19872886+0.01007406j,0.1617563+0.13494817j,0.02510204-0.02843533j,0.09661921+0.08747702j],[-0.40399764-0.06935735j,-0.29774173-0.31569779j,-0.05831812+0.05200199j,-0.17615961-0.20262341j]],[[-0.25177649+0.14857523j,-0.17084318+0.19954057j,0.06273525+0.19129999j,0.1618039+0.02102805j],[0.21076008-0.06293708j,0.16087866-0.11480409j,-0.01119368-0.15105911j,-0.11435879-0.04463996j],[-0.17700725+0.41281133j,-0.03042693+0.402442j,0.25151129+0.18004863j,0.21959097-0.12092705j],[0.17481237-0.1395861j,0.10802454-0.16951432j,-0.06806009-0.13820464j,-0.12484613+0.0014321j]]]", "nelder_mead": {"0": {"maxiter": 100, "fatol": 1e-05, "xatol": 1e-05, "duration": 0.04023599624633789, "fun": "0.49274036288261414", "nit": "100", "nfev": "152", "status": "2", "success": "False", "message": "Maximum number of iterations has been exceeded.", "x": "[ 0.28628345  0.30165463  2.22457261  2.09067172 -1.22677222  4.43285526]", "final_simplex": "(array([[ 0.28628345,  0.30165463,  2.22457261,  2.09067172, -1.22677222,\n         4.43285526],\n       [ 0.28484904,  0.269466  ,  2.37127423,  2.2789006 , -0.96237763,\n         4.46546976],\n       [ 0.27202201,  0.25422049,  2.44183492,  2.2964857 , -0.7874008 ,\n         4.78232964],\n       [ 0.27615455,  0.25813655,  2.41406161,  2.30480605, -0.8698206 ,\n         4.79446125],\n       [ 0.2737377 ,  0.26586982,  2.31538073,  2.32209721, -0.90428661,\n         4.74973552],\n       [ 0.28102522,  0.26335608,  2.39308751,  2.33661901, -0.93152833,\n         4.53667767],\n       [ 0.28080725,  0.25722778,  2.50625995,  2.39958241, -0.93355881,\n         4.62931205]]), array([0.49274036, 0.50416648, 0.50441569, 0.50490415, 0.50803846,\n       0.50805557, 0.51006526]))"}, "1": {"maxiter": 100, "fatol": 1e-05, "xatol": 1e-10, "duration": 0.03961658477783203, "fun": "0.49274036288261414", "nit": "100", "nfev": "152", "status": "2", "success": "False", "message": "Maximum number of iterations has been exceeded.", "x": "[ 0.28628345  0.30165463  2.22457261  2.09067172 -1.22677222  4.43285526]", "final_simplex": "(array([[ 0.28628345,  0.30165463,  2.22457261,  2.09067172, -1.22677222,\n         4.43285526],\n       [ 0.28484904,  0.269466  ,  2.37127423,  2.2789006 , -0.96237763,\n         4.46546976],\n       [ 0.27202201,  0.25422049,  2.44183492,  2.2964857 , -0.7874008 ,\n         4.78232964],\n       [ 0.27615455,  0.25813655,  2.41406161,  2.30480605, -0.8698206 ,\n         4.79446125],\n       [ 0.2737377 ,  0.26586982,  2.31538073,  2.32209721, -0.90428661,\n         4.74973552],\n       [ 0.28102522,  0.26335608,  2.39308751,  2.33661901, -0.93152833,\n         4.53667767],\n       [ 0.28080725,  0.25722778,  2.50625995,  2.39958241, -0.93355881,\n         4.62931205]]), array([0.49274036, 0.50416648, 0.50441569, 0.50490415, 0.50803846,\n       0.50805557, 0.51006526]))"}, "2": {"maxiter": 100, "fatol": 1e-10, "xatol": 1e-05, "duration": 0.0405278205871582, "fun": "0.49274036288261414", "nit": "100", "nfev": "152", "status": "2", "success": "False", "message": "Maximum number of iterations has been exceeded.", "x": "[ 0.28628345  0.30165463  2.22457261  2.09067172 -1.22677222  4.43285526]", "final_simplex": "(array([[ 0.28628345,  0.30165463,  2.22457261,  2.09067172, -1.22677222,\n         4.43285526],\n       [ 0.28484904,  0.269466  ,  2.37127423,  2.2789006 , -0.96237763,\n         4.46546976],\n       [ 0.27202201,  0.25422049,  2.44183492,  2.2964857 , -0.7874008 ,\n         4.78232964],\n       [ 0.27615455,  0.25813655,  2.41406161,  2.30480605, -0.8698206 ,\n         4.79446125],\n       [ 0.2737377 ,  0.26586982,  2.31538073,  2.32209721, -0.90428661,\n         4.74973552],\n       [ 0.28102522,  0.26335608,  2.39308751,  2.33661901, -0.93152833,\n         4.53667767],\n       [ 0.28080725,  0.25722778,  2.50625995,  2.39958241, -0.93355881,\n         4.62931205]]), array([0.49274036, 0.50416648, 0.50441569, 0.50490415, 0.50803846,\n       0.50805557, 0.51006526]))"}, "3": {"maxiter": 100, "fatol": 1e-10, "xatol": 1e-10, "duration": 0.040223121643066406, "fun": "0.49274036288261414", "nit": "100", "nfev": "152", "status": "2", "success": "False", "message": "Maximum number of iterations has been exceeded.", "x": "[ 0.28628345  0.30165463  2.22457261  2.09067172 -1.22677222  4.43285526]", "final_simplex": "(array([[ 0.28628345,  0.30165463,  2.22457261,  2.09067172, -1.22677222,\n         4.43285526],\n       [ 0.28484904,  0.269466  ,  2.37127423,  2.2789006 , -0.96237763,\n         4.46546976],\n       [ 0.27202201,  0.25422049,  2.44183492,  2.2964857 , -0.7874008 ,\n         4.78232964],\n       [ 0.27615455,  0.25813655,  2.41406161,  2.30480605, -0.8698206 ,\n         4.79446125],\n       [ 0.2737377 ,  0.26586982,  2.31538073,  2.32209721, -0.90428661,\n         4.74973552],\n       [ 0.28102522,  0.26335608,  2.39308751,  2.33661901, -0.93152833,\n         4.53667767],\n       [ 0.28080725,  0.25722778,  2.50625995,  2.39958241, -0.93355881,\n         4.62931205]]), array([0.49274036, 0.50416648, 0.50441569, 0.50490415, 0.50803846,\n       0.50805557, 0.51006526]))"}, "4": {"maxiter": 500, "fatol": 1e-05, "xatol": 1e-05, "duration": 0.2021481990814209, "fun": "0.310062974691391", "nit": "470", "nfev": "775", "status": "0", "success": "True", "message": "Optimization terminated successfully.", "x": "[ 1.36011394 -0.8010471   3.35324072  0.53536403 -0.33444579  2.71765114]", "final_simplex": "(array([[ 1.36011394, -0.8010471 ,  3.35324072,  0.53536403, -0.33444579,\n         2.71765114],\n       [ 1.3601152 , -0.80104838,  3.35324457,  0.53536498, -0.33444826,\n         2.71765307],\n       [ 1.36011383, -0.80104703,  3.35324216,  0.53536613, -0.33444756,\n         2.71765345],\n       [ 1.36011433, -0.8010476 ,  3.35324457,  0.53536396, -0.33444491,\n         2.71764985],\n       [ 1.36011222, -0.8010451 ,  3.35324213,  0.53536599, -0.33445153,\n         2.71765807],\n       [ 1.36011289, -0.80104594,  3.35324139,  0.53536657, -0.33445012,\n         2.71765718],\n       [ 1.360113  , -0.80104613,  3.35324192,  0.53536565, -0.33444746,\n         2.71765342]]), array([0.31006297, 0.31006297, 0.31006297, 0.31006297, 0.31006297,\n       0.31006297, 0.31006297]))"}, "5": {"maxiter": 500, "fatol": 1e-05, "xatol": 1e-10, "duration": 0.23408794403076172, "fun": "0.310062974691391", "nit": "487", "nfev": "911", "status": "0", "success": "True", "message": "Optimization terminated successfully.", "x": "[ 1.36011394 -0.8010471   3.35324072  0.53536403 -0.33444579  2.71765114]", "final_simplex": "(array([[ 1.36011394, -0.8010471 ,  3.35324072,  0.53536403, -0.33444579,\n         2.71765114],\n       [ 1.36011394, -0.8010471 ,  3.35324072,  0.53536403, -0.33444579,\n         2.71765114],\n       [ 1.36011394, -0.8010471 ,  3.35324072,  0.53536403, -0.33444579,\n         2.71765114],\n       [ 1.36011394, -0.8010471 ,  3.35324072,  0.53536403, -0.33444579,\n         2.71765114],\n       [ 1.36011394, -0.8010471 ,  3.35324072,  0.53536403, -0.33444579,\n         2.71765114],\n       [ 1.36011394, -0.8010471 ,  3.35324072,  0.53536403, -0.33444579,\n         2.71765114],\n       [ 1.36011394, -0.8010471 ,  3.35324072,  0.53536403, -0.33444579,\n         2.71765114]]), array([0.31006297, 0.31006297, 0.31006297, 0.31006297, 0.31006297,\n       0.31006297, 0.31006297]))"}, "6": {"maxiter": 500, "fatol": 1e-10, "xatol": 1e-05, "duration": 0.19730377197265625, "fun": "0.310062974691391", "nit": "470", "nfev": "775", "status": "0", "success": "True", "message": "Optimization terminated successfully.", "x": "[ 1.36011394 -0.8010471   3.35324072  0.53536403 -0.33444579  2.71765114]", "final_simplex": "(array([[ 1.36011394, -0.8010471 ,  3.35324072,  0.53536403, -0.33444579,\n         2.71765114],\n       [ 1.3601152 , -0.80104838,  3.35324457,  0.53536498, -0.33444826,\n         2.71765307],\n       [ 1.36011383, -0.80104703,  3.35324216,  0.53536613, -0.33444756,\n         2.71765345],\n       [ 1.36011433, -0.8010476 ,  3.35324457,  0.53536396, -0.33444491,\n         2.71764985],\n       [ 1.36011222, -0.8010451 ,  3.35324213,  0.53536599, -0.33445153,\n         2.71765807],\n       [ 1.36011289, -0.80104594,  3.35324139,  0.53536657, -0.33445012,\n         2.71765718],\n       [ 1.360113  , -0.80104613,  3.35324192,  0.53536565, -0.33444746,\n         2.71765342]]), array([0.31006297, 0.31006297, 0.31006297, 0.31006297, 0.31006297,\n       0.31006297, 0.31006297]))"}, "7": {"maxiter": 500, "fatol": 1e-10, "xatol": 1e-10, "duration": 0.23333311080932617, "fun": "0.310062974691391", "nit": "487", "nfev": "911", "status": "0", "success": "True", "message": "Optimization terminated successfully.", "x": "[ 1.36011394 -0.8010471   3.35324072  0.53536403 -0.33444579  2.71765114]", "final_simplex": "(array([[ 1.36011394, -0.8010471 ,  3.35324072,  0.53536403, -0.33444579,\n         2.71765114],\n       [ 1.36011394, -0.8010471 ,  3.35324072,  0.53536403, -0.33444579,\n         2.71765114],\n       [ 1.36011394, -0.8010471 ,  3.35324072,  0.53536403, -0.33444579,\n         2.71765114],\n       [ 1.36011394, -0.8010471 ,  3.35324072,  0.53536403, -0.33444579,\n         2.71765114],\n       [ 1.36011394, -0.8010471 ,  3.35324072,  0.53536403, -0.33444579,\n         2.71765114],\n       [ 1.36011394, -0.8010471 ,  3.35324072,  0.53536403, -0.33444579,\n         2.71765114],\n       [ 1.36011394, -0.8010471 ,  3.35324072,  0.53536403, -0.33444579,\n         2.71765114]]), array([0.31006297, 0.31006297, 0.31006297, 0.31006297, 0.31006297,\n       0.31006297, 0.31006297]))"}, "8": {"maxiter": 1000, "fatol": 1e-05, "xatol": 1e-05, "duration": 0.20213794708251953, "fun": "0.310062974691391", "nit": "470", "nfev": "775", "status": "0", "success": "True", "message": "Optimization terminated successfully.", "x": "[ 1.36011394 -0.8010471   3.35324072  0.53536403 -0.33444579  2.71765114]", "final_simplex": "(array([[ 1.36011394, -0.8010471 ,  3.35324072,  0.53536403, -0.33444579,\n         2.71765114],\n       [ 1.3601152 , -0.80104838,  3.35324457,  0.53536498, -0.33444826,\n         2.71765307],\n       [ 1.36011383, -0.80104703,  3.35324216,  0.53536613, -0.33444756,\n         2.71765345],\n       [ 1.36011433, -0.8010476 ,  3.35324457,  0.53536396, -0.33444491,\n         2.71764985],\n       [ 1.36011222, -0.8010451 ,  3.35324213,  0.53536599, -0.33445153,\n         2.71765807],\n       [ 1.36011289, -0.80104594,  3.35324139,  0.53536657, -0.33445012,\n         2.71765718],\n       [ 1.360113  , -0.80104613,  3.35324192,  0.53536565, -0.33444746,\n         2.71765342]]), array([0.31006297, 0.31006297, 0.31006297, 0.31006297, 0.31006297,\n       0.31006297, 0.31006297]))"}, "9": {"maxiter": 1000, "fatol": 1e-05, "xatol": 1e-10, "duration": 0.23505926132202148, "fun": "0.310062974691391", "nit": "487", "nfev": "911", "status": "0", "success": "True", "message": "Optimization terminated successfully.", "x": "[ 1.36011394 -0.8010471   3.35324072  0.53536403 -0.33444579  2.71765114]", "final_simplex": "(array([[ 1.36011394, -0.8010471 ,  3.35324072,  0.53536403, -0.33444579,\n         2.71765114],\n       [ 1.36011394, -0.8010471 ,  3.35324072,  0.53536403, -0.33444579,\n         2.71765114],\n       [ 1.36011394, -0.8010471 ,  3.35324072,  0.53536403, -0.33444579,\n         2.71765114],\n       [ 1.36011394, -0.8010471 ,  3.35324072,  0.53536403, -0.33444579,\n         2.71765114],\n       [ 1.36011394, -0.8010471 ,  3.35324072,  0.53536403, -0.33444579,\n         2.71765114],\n       [ 1.36011394, -0.8010471 ,  3.35324072,  0.53536403, -0.33444579,\n         2.71765114],\n       [ 1.36011394, -0.8010471 ,  3.35324072,  0.53536403, -0.33444579,\n         2.71765114]]), array([0.31006297, 0.31006297, 0.31006297, 0.31006297, 0.31006297,\n       0.31006297, 0.31006297]))"}, "10": {"maxiter": 1000, "fatol": 1e-10, "xatol": 1e-05, "duration": 0.20304417610168457, "fun": "0.310062974691391", "nit": "470", "nfev": "775", "status": "0", "success": "True", "message": "Optimization terminated successfully.", "x": "[ 1.36011394 -0.8010471   3.35324072  0.53536403 -0.33444579  2.71765114]", "final_simplex": "(array([[ 1.36011394, -0.8010471 ,  3.35324072,  0.53536403, -0.33444579,\n         2.71765114],\n       [ 1.3601152 , -0.80104838,  3.35324457,  0.53536498, -0.33444826,\n         2.71765307],\n       [ 1.36011383, -0.80104703,  3.35324216,  0.53536613, -0.33444756,\n         2.71765345],\n       [ 1.36011433, -0.8010476 ,  3.35324457,  0.53536396, -0.33444491,\n         2.71764985],\n       [ 1.36011222, -0.8010451 ,  3.35324213,  0.53536599, -0.33445153,\n         2.71765807],\n       [ 1.36011289, -0.80104594,  3.35324139,  0.53536657, -0.33445012,\n         2.71765718],\n       [ 1.360113  , -0.80104613,  3.35324192,  0.53536565, -0.33444746,\n         2.71765342]]), array([0.31006297, 0.31006297, 0.31006297, 0.31006297, 0.31006297,\n       0.31006297, 0.31006297]))"}, "11": {"maxiter": 1000, "fatol": 1e-10, "xatol": 1e-10, "duration": 0.23355388641357422, "fun": "0.310062974691391", "nit": "487", "nfev": "911", "status": "0", "success": "True", "message": "Optimization terminated successfully.", "x": "[ 1.36011394 -0.8010471   3.35324072  0.53536403 -0.33444579  2.71765114]", "final_simplex": "(array([[ 1.36011394, -0.8010471 ,  3.35324072,  0.53536403, -0.33444579,\n         2.71765114],\n       [ 1.36011394, -0.8010471 ,  3.35324072,  0.53536403, -0.33444579,\n         2.71765114],\n       [ 1.36011394, -0.8010471 ,  3.35324072,  0.53536403, -0.33444579,\n         2.71765114],\n       [ 1.36011394, -0.8010471 ,  3.35324072,  0.53536403, -0.33444579,\n         2.71765114],\n       [ 1.36011394, -0.8010471 ,  3.35324072,  0.53536403, -0.33444579,\n         2.71765114],\n       [ 1.36011394, -0.8010471 ,  3.35324072,  0.53536403, -0.33444579,\n         2.71765114],\n       [ 1.36011394, -0.8010471 ,  3.35324072,  0.53536403, -0.33444579,\n         2.71765114]]), array([0.31006297, 0.31006297, 0.31006297, 0.31006297, 0.31006297,\n       0.31006297, 0.31006297]))"}}, "bfgs": {"0": {"maxiter": 100, "gtol": 1e-05, "xrtol": 1e-05, "eps": 1e-05, "duration": 0.06090998649597168, "fun": "0.14587052166461945", "jac": "[0. 0. 0. 0. 0. 0.]", "hess_inv": "[[ 2.46287171  0.30810693 -0.35446279  0.0854851  -2.13722562 -0.53813789]\n [ 0.30810693  3.0516008   1.02700362 -1.05556111 -1.43156274 -1.96712156]\n [-0.35446279  1.02700362  2.06761986 -1.87514948 -0.01087553 -0.65212785]\n [ 0.0854851  -1.05556111 -1.87514948  2.34645586  0.24807274  0.70292403]\n [-2.13722562 -1.43156274 -0.01087553  0.24807274  2.86766743  0.87829131]\n [-0.53813789 -1.96712156 -0.65212785  0.70292403  0.87829131  1.68389167]]", "nfev": "224", "njev": "32", "status": "0", "success": "True", "message": "Optimization terminated successfully.", "x": "[ 4.37891782  0.30658978  1.19607786  1.53311809 -1.80586948  4.63342571]", "nit": "23"}, "1": {"maxiter": 100, "gtol": 1e-05, "xrtol": 1e-05, "eps": 1e-10, "duration": 0.0019481182098388672, "fun": "0.8328809142112732", "jac": "[0. 0. 0. 0. 0. 0.]", "hess_inv": "[[1 0 0 0 0 0]\n [0 1 0 0 0 0]\n [0 0 1 0 0 0]\n [0 0 0 1 0 0]\n [0 0 0 0 1 0]\n [0 0 0 0 0 1]]", "nfev": "7", "njev": "1", "status": "0", "success": "True", "message": "Optimization terminated successfully.", "x": "[0.21312122 0.17396846 2.12817037 1.79373316 1.16320159 4.5559601 ]", "nit": "0"}, "2": {"maxiter": 100, "gtol": 1e-05, "xrtol": 1e-10, "eps": 1e-05, "duration": 0.05837726593017578, "fun": "0.14587052166461945", "jac": "[0. 0. 0. 0. 0. 0.]", "hess_inv": "[[ 2.46287171  0.30810693 -0.35446279  0.0854851  -2.13722562 -0.53813789]\n [ 0.30810693  3.0516008   1.02700362 -1.05556111 -1.43156274 -1.96712156]\n [-0.35446279  1.02700362  2.06761986 -1.87514948 -0.01087553 -0.65212785]\n [ 0.0854851  -1.05556111 -1.87514948  2.34645586  0.24807274  0.70292403]\n [-2.13722562 -1.43156274 -0.01087553  0.24807274  2.86766743  0.87829131]\n [-0.53813789 -1.96712156 -0.65212785  0.70292403  0.87829131  1.68389167]]", "nfev": "224", "njev": "32", "status": "0", "success": "True", "message": "Optimization terminated successfully.", "x": "[ 4.37891782  0.30658978  1.19607786  1.53311809 -1.80586948  4.63342571]", "nit": "23"}, "3": {"maxiter": 100, "gtol": 1e-05, "xrtol": 1e-10, "eps": 1e-10, "duration": 0.0018880367279052734, "fun": "0.8328809142112732", "jac": "[0. 0. 0. 0. 0. 0.]", "hess_inv": "[[1 0 0 0 0 0]\n [0 1 0 0 0 0]\n [0 0 1 0 0 0]\n [0 0 0 1 0 0]\n [0 0 0 0 1 0]\n [0 0 0 0 0 1]]", "nfev": "7", "njev": "1", "status": "0", "success": "True", "message": "Optimization terminated successfully.", "x": "[0.21312122 0.17396846 2.12817037 1.79373316 1.16320159 4.5559601 ]", "nit": "0"}, "4": {"maxiter": 100, "gtol": 1e-10, "xrtol": 1e-05, "eps": 1e-05, "duration": 0.06041407585144043, "fun": "0.14587052166461945", "jac": "[0. 0. 0. 0. 0. 0.]", "hess_inv": "[[ 2.46287171  0.30810693 -0.35446279  0.0854851  -2.13722562 -0.53813789]\n [ 0.30810693  3.0516008   1.02700362 -1.05556111 -1.43156274 -1.96712156]\n [-0.35446279  1.02700362  2.06761986 -1.87514948 -0.01087553 -0.65212785]\n [ 0.0854851  -1.05556111 -1.87514948  2.34645586  0.24807274  0.70292403]\n [-2.13722562 -1.43156274 -0.01087553  0.24807274  2.86766743  0.87829131]\n [-0.53813789 -1.96712156 -0.65212785  0.70292403  0.87829131  1.68389167]]", "nfev": "224", "njev": "32", "status": "0", "success": "True", "message": "Optimization terminated successfully.", "x": "[ 4.37891782  0.30658978  1.19607786  1.53311809 -1.80586948  4.63342571]", "nit": "23"}, "5": {"maxiter": 100, "gtol": 1e-10, "xrtol": 1e-05, "eps": 1e-10, "duration": 0.0017039775848388672, "fun": "0.8328809142112732", "jac": "[0. 0. 0. 0. 0. 0.]", "hess_inv": "[[1 0 0 0 0 0]\n [0 1 0 0 0 0]\n [0 0 1 0 0 0]\n [0 0 0 1 0 0]\n [0 0 0 0 1 0]\n [0 0 0 0 0 1]]", "nfev": "7", "njev": "1", "status": "0", "success": "True", "message": "Optimization terminated successfully.", "x": "[0.21312122 0.17396846 2.12817037 1.79373316 1.16320159 4.5559601 ]", "nit": "0"}, "6": {"maxiter": 100, "gtol": 1e-10, "xrtol": 1e-10, "eps": 1e-05, "duration": 0.0588078498840332, "fun": "0.14587052166461945", "jac": "[0. 0. 0. 0. 0. 0.]", "hess_inv": "[[ 2.46287171  0.30810693 -0.35446279  0.0854851  -2.13722562 -0.53813789]\n [ 0.30810693  3.0516008   1.02700362 -1.05556111 -1.43156274 -1.96712156]\n [-0.35446279  1.02700362  2.06761986 -1.87514948 -0.01087553 -0.65212785]\n [ 0.0854851  -1.05556111 -1.87514948  2.34645586  0.24807274  0.70292403]\n [-2.13722562 -1.43156274 -0.01087553  0.24807274  2.86766743  0.87829131]\n [-0.53813789 -1.96712156 -0.65212785  0.70292403  0.87829131  1.68389167]]", "nfev": "224", "njev": "32", "status": "0", "success": "True", "message": "Optimization terminated successfully.", "x": "[ 4.37891782  0.30658978  1.19607786  1.53311809 -1.80586948  4.63342571]", "nit": "23"}, "7": {"maxiter": 100, "gtol": 1e-10, "xrtol": 1e-10, "eps": 1e-10, "duration": 0.002026081085205078, "fun": "0.8328809142112732", "jac": "[0. 0. 0. 0. 0. 0.]", "hess_inv": "[[1 0 0 0 0 0]\n [0 1 0 0 0 0]\n [0 0 1 0 0 0]\n [0 0 0 1 0 0]\n [0 0 0 0 1 0]\n [0 0 0 0 0 1]]", "nfev": "7", "njev": "1", "status": "0", "success": "True", "message": "Optimization terminated successfully.", "x": "[0.21312122 0.17396846 2.12817037 1.79373316 1.16320159 4.5559601 ]", "nit": "0"}, "8": {"maxiter": 500, "gtol": 1e-05, "xrtol": 1e-05, "eps": 1e-05, "duration": 0.06175875663757324, "fun": "0.14587052166461945", "jac": "[0. 0. 0. 0. 0. 0.]", "hess_inv": "[[ 2.46287171  0.30810693 -0.35446279  0.0854851  -2.13722562 -0.53813789]\n [ 0.30810693  3.0516008   1.02700362 -1.05556111 -1.43156274 -1.96712156]\n [-0.35446279  1.02700362  2.06761986 -1.87514948 -0.01087553 -0.65212785]\n [ 0.0854851  -1.05556111 -1.87514948  2.34645586  0.24807274  0.70292403]\n [-2.13722562 -1.43156274 -0.01087553  0.24807274  2.86766743  0.87829131]\n [-0.53813789 -1.96712156 -0.65212785  0.70292403  0.87829131  1.68389167]]", "nfev": "224", "njev": "32", "status": "0", "success": "True", "message": "Optimization terminated successfully.", "x": "[ 4.37891782  0.30658978  1.19607786  1.53311809 -1.80586948  4.63342571]", "nit": "23"}, "9": {"maxiter": 500, "gtol": 1e-05, "xrtol": 1e-05, "eps": 1e-10, "duration": 0.002022981643676758, "fun": "0.8328809142112732", "jac": "[0. 0. 0. 0. 0. 0.]", "hess_inv": "[[1 0 0 0 0 0]\n [0 1 0 0 0 0]\n [0 0 1 0 0 0]\n [0 0 0 1 0 0]\n [0 0 0 0 1 0]\n [0 0 0 0 0 1]]", "nfev": "7", "njev": "1", "status": "0", "success": "True", "message": "Optimization terminated successfully.", "x": "[0.21312122 0.17396846 2.12817037 1.79373316 1.16320159 4.5559601 ]", "nit": "0"}, "10": {"maxiter": 500, "gtol": 1e-05, "xrtol": 1e-10, "eps": 1e-05, "duration": 0.058788299560546875, "fun": "0.14587052166461945", "jac": "[0. 0. 0. 0. 0. 0.]", "hess_inv": "[[ 2.46287171  0.30810693 -0.35446279  0.0854851  -2.13722562 -0.53813789]\n [ 0.30810693  3.0516008   1.02700362 -1.05556111 -1.43156274 -1.96712156]\n [-0.35446279  1.02700362  2.06761986 -1.87514948 -0.01087553 -0.65212785]\n [ 0.0854851  -1.05556111 -1.87514948  2.34645586  0.24807274  0.70292403]\n [-2.13722562 -1.43156274 -0.01087553  0.24807274  2.86766743  0.87829131]\n [-0.53813789 -1.96712156 -0.65212785  0.70292403  0.87829131  1.68389167]]", "nfev": "224", "njev": "32", "status": "0", "success": "True", "message": "Optimization terminated successfully.", "x": "[ 4.37891782  0.30658978  1.19607786  1.53311809 -1.80586948  4.63342571]", "nit": "23"}, "11": {"maxiter": 500, "gtol": 1e-05, "xrtol": 1e-10, "eps": 1e-10, "duration": 0.0019288063049316406, "fun": "0.8328809142112732", "jac": "[0. 0. 0. 0. 0. 0.]", "hess_inv": "[[1 0 0 0 0 0]\n [0 1 0 0 0 0]\n [0 0 1 0 0 0]\n [0 0 0 1 0 0]\n [0 0 0 0 1 0]\n [0 0 0 0 0 1]]", "nfev": "7", "njev": "1", "status": "0", "success": "True", "message": "Optimization terminated successfully.", "x": "[0.21312122 0.17396846 2.12817037 1.79373316 1.16320159 4.5559601 ]", "nit": "0"}, "12": {"maxiter": 500, "gtol": 1e-10, "xrtol": 1e-05, "eps": 1e-05, "duration": 0.05946779251098633, "fun": "0.14587052166461945", "jac": "[0. 0. 0. 0. 0. 0.]", "hess_inv": "[[ 2.46287171  0.30810693 -0.35446279  0.0854851  -2.13722562 -0.53813789]\n [ 0.30810693  3.0516008   1.02700362 -1.05556111 -1.43156274 -1.96712156]\n [-0.35446279  1.02700362  2.06761986 -1.87514948 -0.01087553 -0.65212785]\n [ 0.0854851  -1.05556111 -1.87514948  2.34645586  0.24807274  0.70292403]\n [-2.13722562 -1.43156274 -0.01087553  0.24807274  2.86766743  0.87829131]\n [-0.53813789 -1.96712156 -0.65212785  0.70292403  0.87829131  1.68389167]]", "nfev": "224", "njev": "32", "status": "0", "success": "True", "message": "Optimization terminated successfully.", "x": "[ 4.37891782  0.30658978  1.19607786  1.53311809 -1.80586948  4.63342571]", "nit": "23"}, "13": {"maxiter": 500, "gtol": 1e-10, "xrtol": 1e-05, "eps": 1e-10, "duration": 0.0019099712371826172, "fun": "0.8328809142112732", "jac": "[0. 0. 0. 0. 0. 0.]", "hess_inv": "[[1 0 0 0 0 0]\n [0 1 0 0 0 0]\n [0 0 1 0 0 0]\n [0 0 0 1 0 0]\n [0 0 0 0 1 0]\n [0 0 0 0 0 1]]", "nfev": "7", "njev": "1", "status": "0", "success": "True", "message": "Optimization terminated successfully.", "x": "[0.21312122 0.17396846 2.12817037 1.79373316 1.16320159 4.5559601 ]", "nit": "0"}, "14": {"maxiter": 500, "gtol": 1e-10, "xrtol": 1e-10, "eps": 1e-05, "duration": 0.05807185173034668, "fun": "0.14587052166461945", "jac": "[0. 0. 0. 0. 0. 0.]", "hess_inv": "[[ 2.46287171  0.30810693 -0.35446279  0.0854851  -2.13722562 -0.53813789]\n [ 0.30810693  3.0516008   1.02700362 -1.05556111 -1.43156274 -1.96712156]\n [-0.35446279  1.02700362  2.06761986 -1.87514948 -0.01087553 -0.65212785]\n [ 0.0854851  -1.05556111 -1.87514948  2.34645586  0.24807274  0.70292403]\n [-2.13722562 -1.43156274 -0.01087553  0.24807274  2.86766743  0.87829131]\n [-0.53813789 -1.96712156 -0.65212785  0.70292403  0.87829131  1.68389167]]", "nfev": "224", "njev": "32", "status": "0", "success": "True", "message": "Optimization terminated successfully.", "x": "[ 4.37891782  0.30658978  1.19607786  1.53311809 -1.80586948  4.63342571]", "nit": "23"}, "15": {"maxiter": 500, "gtol": 1e-10, "xrtol": 1e-10, "eps": 1e-10, "duration": 0.0020110607147216797, "fun": "0.8328809142112732", "jac": "[0. 0. 0. 0. 0. 0.]", "hess_inv": "[[1 0 0 0 0 0]\n [0 1 0 0 0 0]\n [0 0 1 0 0 0]\n [0 0 0 1 0 0]\n [0 0 0 0 1 0]\n [0 0 0 0 0 1]]", "nfev": "7", "njev": "1", "status": "0", "success": "True", "message": "Optimization terminated successfully.", "x": "[0.21312122 0.17396846 2.12817037 1.79373316 1.16320159 4.5559601 ]", "nit": "0"}, "16": {"maxiter": 1000, "gtol": 1e-05, "xrtol": 1e-05, "eps": 1e-05, "duration": 0.05902886390686035, "fun": "0.14587052166461945", "jac": "[0. 0. 0. 0. 0. 0.]", "hess_inv": "[[ 2.46287171  0.30810693 -0.35446279  0.0854851  -2.13722562 -0.53813789]\n [ 0.30810693  3.0516008   1.02700362 -1.05556111 -1.43156274 -1.96712156]\n [-0.35446279  1.02700362  2.06761986 -1.87514948 -0.01087553 -0.65212785]\n [ 0.0854851  -1.05556111 -1.87514948  2.34645586  0.24807274  0.70292403]\n [-2.13722562 -1.43156274 -0.01087553  0.24807274  2.86766743  0.87829131]\n [-0.53813789 -1.96712156 -0.65212785  0.70292403  0.87829131  1.68389167]]", "nfev": "224", "njev": "32", "status": "0", "success": "True", "message": "Optimization terminated successfully.", "x": "[ 4.37891782  0.30658978  1.19607786  1.53311809 -1.80586948  4.63342571]", "nit": "23"}, "17": {"maxiter": 1000, "gtol": 1e-05, "xrtol": 1e-05, "eps": 1e-10, "duration": 0.0018811225891113281, "fun": "0.8328809142112732", "jac": "[0. 0. 0. 0. 0. 0.]", "hess_inv": "[[1 0 0 0 0 0]\n [0 1 0 0 0 0]\n [0 0 1 0 0 0]\n [0 0 0 1 0 0]\n [0 0 0 0 1 0]\n [0 0 0 0 0 1]]", "nfev": "7", "njev": "1", "status": "0", "success": "True", "message": "Optimization terminated successfully.", "x": "[0.21312122 0.17396846 2.12817037 1.79373316 1.16320159 4.5559601 ]", "nit": "0"}, "18": {"maxiter": 1000, "gtol": 1e-05, "xrtol": 1e-10, "eps": 1e-05, "duration": 0.06052684783935547, "fun": "0.14587052166461945", "jac": "[0. 0. 0. 0. 0. 0.]", "hess_inv": "[[ 2.46287171  0.30810693 -0.35446279  0.0854851  -2.13722562 -0.53813789]\n [ 0.30810693  3.0516008   1.02700362 -1.05556111 -1.43156274 -1.96712156]\n [-0.35446279  1.02700362  2.06761986 -1.87514948 -0.01087553 -0.65212785]\n [ 0.0854851  -1.05556111 -1.87514948  2.34645586  0.24807274  0.70292403]\n [-2.13722562 -1.43156274 -0.01087553  0.24807274  2.86766743  0.87829131]\n [-0.53813789 -1.96712156 -0.65212785  0.70292403  0.87829131  1.68389167]]", "nfev": "224", "njev": "32", "status": "0", "success": "True", "message": "Optimization terminated successfully.", "x": "[ 4.37891782  0.30658978  1.19607786  1.53311809 -1.80586948  4.63342571]", "nit": "23"}, "19": {"maxiter": 1000, "gtol": 1e-05, "xrtol": 1e-10, "eps": 1e-10, "duration": 0.0018949508666992188, "fun": "0.8328809142112732", "jac": "[0. 0. 0. 0. 0. 0.]", "hess_inv": "[[1 0 0 0 0 0]\n [0 1 0 0 0 0]\n [0 0 1 0 0 0]\n [0 0 0 1 0 0]\n [0 0 0 0 1 0]\n [0 0 0 0 0 1]]", "nfev": "7", "njev": "1", "status": "0", "success": "True", "message": "Optimization terminated successfully.", "x": "[0.21312122 0.17396846 2.12817037 1.79373316 1.16320159 4.5559601 ]", "nit": "0"}, "20": {"maxiter": 1000, "gtol": 1e-10, "xrtol": 1e-05, "eps": 1e-05, "duration": 0.06539392471313477, "fun": "0.14587052166461945", "jac": "[0. 0. 0. 0. 0. 0.]", "hess_inv": "[[ 2.46287171  0.30810693 -0.35446279  0.0854851  -2.13722562 -0.53813789]\n [ 0.30810693  3.0516008   1.02700362 -1.05556111 -1.43156274 -1.96712156]\n [-0.35446279  1.02700362  2.06761986 -1.87514948 -0.01087553 -0.65212785]\n [ 0.0854851  -1.05556111 -1.87514948  2.34645586  0.24807274  0.70292403]\n [-2.13722562 -1.43156274 -0.01087553  0.24807274  2.86766743  0.87829131]\n [-0.53813789 -1.96712156 -0.65212785  0.70292403  0.87829131  1.68389167]]", "nfev": "224", "njev": "32", "status": "0", "success": "True", "message": "Optimization terminated successfully.", "x": "[ 4.37891782  0.30658978  1.19607786  1.53311809 -1.80586948  4.63342571]", "nit": "23"}, "21": {"maxiter": 1000, "gtol": 1e-10, "xrtol": 1e-05, "eps": 1e-10, "duration": 0.0021119117736816406, "fun": "0.8328809142112732", "jac": "[0. 0. 0. 0. 0. 0.]", "hess_inv": "[[1 0 0 0 0 0]\n [0 1 0 0 0 0]\n [0 0 1 0 0 0]\n [0 0 0 1 0 0]\n [0 0 0 0 1 0]\n [0 0 0 0 0 1]]", "nfev": "7", "njev": "1", "status": "0", "success": "True", "message": "Optimization terminated successfully.", "x": "[0.21312122 0.17396846 2.12817037 1.79373316 1.16320159 4.5559601 ]", "nit": "0"}, "22": {"maxiter": 1000, "gtol": 1e-10, "xrtol": 1e-10, "eps": 1e-05, "duration": 0.06732511520385742, "fun": "0.14587052166461945", "jac": "[0. 0. 0. 0. 0. 0.]", "hess_inv": "[[ 2.46287171  0.30810693 -0.35446279  0.0854851  -2.13722562 -0.53813789]\n [ 0.30810693  3.0516008   1.02700362 -1.05556111 -1.43156274 -1.96712156]\n [-0.35446279  1.02700362  2.06761986 -1.87514948 -0.01087553 -0.65212785]\n [ 0.0854851  -1.05556111 -1.87514948  2.34645586  0.24807274  0.70292403]\n [-2.13722562 -1.43156274 -0.01087553  0.24807274  2.86766743  0.87829131]\n [-0.53813789 -1.96712156 -0.65212785  0.70292403  0.87829131  1.68389167]]", "nfev": "224", "njev": "32", "status": "0", "success": "True", "message": "Optimization terminated successfully.", "x": "[ 4.37891782  0.30658978  1.19607786  1.53311809 -1.80586948  4.63342571]", "nit": "23"}, "23": {"maxiter": 1000, "gtol": 1e-10, "xrtol": 1e-10, "eps": 1e-10, "duration": 0.002578258514404297, "fun": "0.8328809142112732", "jac": "[0. 0. 0. 0. 0. 0.]", "hess_inv": "[[1 0 0 0 0 0]\n [0 1 0 0 0 0]\n [0 0 1 0 0 0]\n [0 0 0 1 0 0]\n [0 0 0 0 1 0]\n [0 0 0 0 0 1]]", "nfev": "7", "njev": "1", "status": "0", "success": "True", "message": "Optimization terminated successfully.", "x": "[0.21312122 0.17396846 2.12817037 1.79373316 1.16320159 4.5559601 ]", "nit": "0"}}, "cobyla": {"0": {"maxiter": 100, "tol": 1e-05, "catol": 1e-05, "duration": 0.029349803924560547, "x": "[ 2.53803842  2.52882597  3.87240682  2.35858352 -1.66263652  5.04844508]", "status": "2", "success": "False", "message": "Maximum number of function evaluations has been exceeded.", "nfev": "100", "fun": "0.2045598030090332", "maxcv": "0.0"}, "1": {"maxiter": 100, "tol": 1e-05, "catol": 1e-10, "duration": 0.029849767684936523, "x": "[ 2.53803842  2.52882597  3.87240682  2.35858352 -1.66263652  5.04844508]", "status": "2", "success": "False", "message": "Maximum number of function evaluations has been exceeded.", "nfev": "100", "fun": "0.2045598030090332", "maxcv": "0.0"}, "2": {"maxiter": 100, "tol": 1e-10, "catol": 1e-05, "duration": 0.028577089309692383, "x": "[ 2.53803842  2.52882597  3.87240682  2.35858352 -1.66263652  5.04844508]", "status": "2", "success": "False", "message": "Maximum number of function evaluations has been exceeded.", "nfev": "100", "fun": "0.2045598030090332", "maxcv": "0.0"}, "3": {"maxiter": 100, "tol": 1e-10, "catol": 1e-10, "duration": 0.025228023529052734, "x": "[ 2.53803842  2.52882597  3.87240682  2.35858352 -1.66263652  5.04844508]", "status": "2", "success": "False", "message": "Maximum number of function evaluations has been exceeded.", "nfev": "100", "fun": "0.2045598030090332", "maxcv": "0.0"}, "4": {"maxiter": 500, "tol": 1e-05, "catol": 1e-05, "duration": 0.07040786743164062, "x": "[ 1.90579867  3.44717978  4.33520064  1.53120026 -1.80646804  4.6317236 ]", "status": "1", "success": "True", "message": "Optimization terminated successfully.", "nfev": "269", "fun": "0.14586836099624634", "maxcv": "0.0"}, "5": {"maxiter": 500, "tol": 1e-05, "catol": 1e-10, "duration": 0.06915831565856934, "x": "[ 1.90579867  3.44717978  4.33520064  1.53120026 -1.80646804  4.6317236 ]", "status": "1", "success": "True", "message": "Optimization terminated successfully.", "nfev": "269", "fun": "0.14586836099624634", "maxcv": "0.0"}, "6": {"maxiter": 500, "tol": 1e-10, "catol": 1e-05, "duration": 0.07861900329589844, "x": "[ 1.90579867  3.44717978  4.33520064  1.53120026 -1.80646804  4.6317236 ]", "status": "1", "success": "True", "message": "Optimization terminated successfully.", "nfev": "305", "fun": "0.14586836099624634", "maxcv": "0.0"}, "7": {"maxiter": 500, "tol": 1e-10, "catol": 1e-10, "duration": 0.07942700386047363, "x": "[ 1.90579867  3.44717978  4.33520064  1.53120026 -1.80646804  4.6317236 ]", "status": "1", "success": "True", "message": "Optimization terminated successfully.", "nfev": "305", "fun": "0.14586836099624634", "maxcv": "0.0"}, "8": {"maxiter": 1000, "tol": 1e-05, "catol": 1e-05, "duration": 0.0711517333984375, "x": "[ 1.90579867  3.44717978  4.33520064  1.53120026 -1.80646804  4.6317236 ]", "status": "1", "success": "True", "message": "Optimization terminated successfully.", "nfev": "269", "fun": "0.14586836099624634", "maxcv": "0.0"}, "9": {"maxiter": 1000, "tol": 1e-05, "catol": 1e-10, "duration": 0.07240009307861328, "x": "[ 1.90579867  3.44717978  4.33520064  1.53120026 -1.80646804  4.6317236 ]", "status": "1", "success": "True", "message": "Optimization terminated successfully.", "nfev": "269", "fun": "0.14586836099624634", "maxcv": "0.0"}, "10": {"maxiter": 1000, "tol": 1e-10, "catol": 1e-05, "duration": 0.07808709144592285, "x": "[ 1.90579867  3.44717978  4.33520064  1.53120026 -1.80646804  4.6317236 ]", "status": "1", "success": "True", "message": "Optimization terminated successfully.", "nfev": "305", "fun": "0.14586836099624634", "maxcv": "0.0"}, "11": {"maxiter": 1000, "tol": 1e-10, "catol": 1e-10, "duration": 0.07783174514770508, "x": "[ 1.90579867  3.44717978  4.33520064  1.53120026 -1.80646804  4.6317236 ]", "status": "1", "success": "True", "message": "Optimization terminated successfully.", "nfev": "305", "fun": "0.14586836099624634", "maxcv": "0.0"}}, "powell": {"0": {"maxiter": 100, "ftol": 1e-05, "xtol": 1e-05, "duration": 0.18323874473571777, "fun": "0.14586837589740753", "direc": "[[ 1.          0.          0.          0.          0.          0.        ]\n [ 0.          0.          0.          0.          0.          1.        ]\n [ 0.          0.          1.          0.          0.          0.        ]\n [ 0.          0.          0.          1.          0.          0.        ]\n [ 0.          0.          0.          0.          1.          0.        ]\n [-0.06960259 -0.11240368  0.00593291  0.10175248 -0.02517575  0.04848383]]", "nit": "8", "nfev": "703", "status": "0", "success": "True", "message": "Optimization terminated successfully.", "x": "[ 4.37752089  0.30543726  1.19341363  1.53056279 -1.80641607  4.63168051]"}, "1": {"maxiter": 100, "ftol": 1e-05, "xtol": 1e-10, "duration": 0.40468287467956543, "fun": "0.14586837589740753", "direc": "[[ 1.          0.          0.          0.          0.          0.        ]\n [ 0.          0.          0.          0.          0.          1.        ]\n [ 0.          0.          1.          0.          0.          0.        ]\n [ 0.          0.          0.          1.          0.          0.        ]\n [ 0.          0.          0.          0.          1.          0.        ]\n [-0.0696057  -0.11228643  0.00585444  0.1016528  -0.02540981  0.04819483]]", "nit": "8", "nfev": "1570", "status": "0", "success": "True", "message": "Optimization terminated successfully.", "x": "[ 4.37766945  0.30543142  1.19338938  1.53056474 -1.80644226  4.63171514]"}, "2": {"maxiter": 100, "ftol": 1e-10, "xtol": 1e-05, "duration": 0.2679569721221924, "fun": "0.14586836099624634", "direc": "[[ 1.00000000e+00  0.00000000e+00  0.00000000e+00  0.00000000e+00\n   0.00000000e+00  0.00000000e+00]\n [ 0.00000000e+00  0.00000000e+00  0.00000000e+00  0.00000000e+00\n   0.00000000e+00  1.00000000e+00]\n [ 0.00000000e+00  0.00000000e+00  1.00000000e+00  0.00000000e+00\n   0.00000000e+00  0.00000000e+00]\n [-6.96025934e-02 -1.12403677e-01  5.93290629e-03  1.01752477e-01\n  -2.51757530e-02  4.84838258e-02]\n [ 0.00000000e+00  0.00000000e+00  0.00000000e+00  0.00000000e+00\n   1.00000000e+00  0.00000000e+00]\n [ 8.43564436e-05  1.36230177e-04 -7.19051058e-06  4.71980412e-05\n   1.04764750e-06 -5.87610604e-05]]", "nit": "10", "nfev": "1067", "status": "0", "success": "True", "message": "Optimization terminated successfully.", "x": "[ 4.37768746  0.3058779   1.19339037  1.53071546 -1.80646498  4.63149044]"}, "3": {"maxiter": 100, "ftol": 1e-10, "xtol": 1e-10, "duration": 0.5194239616394043, "fun": "0.14586836099624634", "direc": "[[ 1.00000000e+00  0.00000000e+00  0.00000000e+00  0.00000000e+00\n   0.00000000e+00  0.00000000e+00]\n [ 0.00000000e+00  0.00000000e+00  0.00000000e+00  0.00000000e+00\n   0.00000000e+00  1.00000000e+00]\n [ 0.00000000e+00  0.00000000e+00  1.00000000e+00  0.00000000e+00\n   0.00000000e+00  0.00000000e+00]\n [-6.96057048e-02 -1.12286426e-01  5.85444150e-03  1.01652798e-01\n  -2.54098071e-02  4.81948294e-02]\n [ 0.00000000e+00  0.00000000e+00  0.00000000e+00  0.00000000e+00\n   1.00000000e+00  0.00000000e+00]\n [ 3.27185425e-07  1.35381055e-04 -7.05855340e-06  4.87821429e-05\n   1.28812454e-05 -5.81073413e-05]]", "nit": "10", "nfev": "2087", "status": "0", "success": "True", "message": "Optimization terminated successfully.", "x": "[ 4.37763496  0.30586953  1.19336654  1.5307226  -1.80646349  4.6315271 ]"}, "4": {"maxiter": 500, "ftol": 1e-05, "xtol": 1e-05, "duration": 0.178358793258667, "fun": "0.14586837589740753", "direc": "[[ 1.          0.          0.          0.          0.          0.        ]\n [ 0.          0.          0.          0.          0.          1.        ]\n [ 0.          0.          1.          0.          0.          0.        ]\n [ 0.          0.          0.          1.          0.          0.        ]\n [ 0.          0.          0.          0.          1.          0.        ]\n [-0.06960259 -0.11240368  0.00593291  0.10175248 -0.02517575  0.04848383]]", "nit": "8", "nfev": "703", "status": "0", "success": "True", "message": "Optimization terminated successfully.", "x": "[ 4.37752089  0.30543726  1.19341363  1.53056279 -1.80641607  4.63168051]"}, "5": {"maxiter": 500, "ftol": 1e-05, "xtol": 1e-10, "duration": 0.39334583282470703, "fun": "0.14586837589740753", "direc": "[[ 1.          0.          0.          0.          0.          0.        ]\n [ 0.          0.          0.          0.          0.          1.        ]\n [ 0.          0.          1.          0.          0.          0.        ]\n [ 0.          0.          0.          1.          0.          0.        ]\n [ 0.          0.          0.          0.          1.          0.        ]\n [-0.0696057  -0.11228643  0.00585444  0.1016528  -0.02540981  0.04819483]]", "nit": "8", "nfev": "1570", "status": "0", "success": "True", "message": "Optimization terminated successfully.", "x": "[ 4.37766945  0.30543142  1.19338938  1.53056474 -1.80644226  4.63171514]"}, "6": {"maxiter": 500, "ftol": 1e-10, "xtol": 1e-05, "duration": 0.27112507820129395, "fun": "0.14586836099624634", "direc": "[[ 1.00000000e+00  0.00000000e+00  0.00000000e+00  0.00000000e+00\n   0.00000000e+00  0.00000000e+00]\n [ 0.00000000e+00  0.00000000e+00  0.00000000e+00  0.00000000e+00\n   0.00000000e+00  1.00000000e+00]\n [ 0.00000000e+00  0.00000000e+00  1.00000000e+00  0.00000000e+00\n   0.00000000e+00  0.00000000e+00]\n [-6.96025934e-02 -1.12403677e-01  5.93290629e-03  1.01752477e-01\n  -2.51757530e-02  4.84838258e-02]\n [ 0.00000000e+00  0.00000000e+00 