{"date": "2024/10/08/, 18:01:12", "conf_id": 18, "data_type": "random\n", "num_data_points": 1, "s_rank": 0, "unitary": "[[-0.53618537-0.34368723j,-0.12107031-0.46226139j,-0.07699282-0.46603512j,0.36022595-0.11472301j],[0.26026499-0.63450712j,-0.56616638+0.37832564j,-0.14988651+0.08458591j,0.10363514-0.16008501j],[-0.32580188-0.11070003j,-0.36476308-0.23593218j,0.02559343+0.41761608j,-0.25598305+0.6725303j],[0.07406738-0.0126433j,0.28513701+0.19483972j,-0.74939717-0.10299659j,0.29798249+0.46269921j]]", "databatch_0": {"databatch": "[[[-0.07795419+0.29819206j,-0.27920523+0.30634329j,0.24090422-0.25277829j,-0.19851574-0.05390677j],[0.14148921-0.00563487j,0.19780328+0.26749474j,0.00702299-0.10053885j,0.16637329+0.20192603j],[-0.01382119+0.08774322j,-0.05077223+0.14263597j,-0.08386457+0.04476311j,-0.09673325-0.0103696j],[0.17755784-0.10153512j,-0.18264166-0.02059411j,0.08262112-0.26555682j,0.00847636+0.39656431j]]]", "initial param values": "[2.48572908,2.72108981,0.01030304,3.78779623,0.56595386,5.18461826]", "nelder_mead": {"type": "gradient-free", "0": {"maxiter": 100, "fatol": 1e-05, "xatol": 1e-05, "duration": 0.037782907485961914, "fun": "0.3608100483318556", "nit": "100", "nfev": "148", "status": "2", "success": "False", "message": "Maximum number of iterations has been exceeded.", "x": "[ 4.08977812 -0.5843281   0.01302187  5.96232124  0.77400986  3.20689088]", "final_simplex": "(array([[ 4.08977812, -0.5843281 ,  0.01302187,  5.96232124,  0.77400986,\n         3.20689088],\n       [ 4.17980105, -0.61116186,  0.01309117,  5.95999391,  0.77049663,\n         3.22181874],\n       [ 4.13364754, -0.57997686,  0.01311361,  5.91318546,  0.76332368,\n         3.19325675],\n       [ 4.08103112, -0.64797543,  0.01331823,  5.91870254,  0.78151404,\n         3.12050274],\n       [ 4.09209587, -0.69479025,  0.0132464 ,  5.94062411,  0.78608135,\n         3.15764433],\n       [ 4.13823652, -0.63756477,  0.01302398,  6.07488518,  0.75789035,\n         3.18431917],\n       [ 4.10083357, -0.63257284,  0.01299426,  6.0397504 ,  0.76872175,\n         3.28501615]]), array([0.36081005, 0.36096039, 0.36138703, 0.36160818, 0.3619186 ,\n       0.36200159, 0.36204534]))", "callback": [0.9434820666218906, 0.8761465448131527, 0.8306983833464008, 0.5354297551681308, 0.45509828594501334, 0.4182005962333075, 0.3805599125001775, 0.3680861387163439, 0.36406965137502445, 0.36160818205457346]}, "1": {"maxiter": 100, "fatol": 1e-05, "xatol": 1e-10, "duration": 0.05301499366760254, "fun": "0.3608100483318556", "nit": "100", "nfev": "148", "status": "2", "success": "False", "message": "Maximum number of iterations has been exceeded.", "x": "[ 4.08977812 -0.5843281   0.01302187  5.96232124  0.77400986  3.20689088]", "final_simplex": "(array([[ 4.08977812, -0.5843281 ,  0.01302187,  5.96232124,  0.77400986,\n         3.20689088],\n       [ 4.17980105, -0.61116186,  0.01309117,  5.95999391,  0.77049663,\n         3.22181874],\n       [ 4.13364754, -0.57997686,  0.01311361,  5.91318546,  0.76332368,\n         3.19325675],\n       [ 4.08103112, -0.64797543,  0.01331823,  5.91870254,  0.78151404,\n         3.12050274],\n       [ 4.09209587, -0.69479025,  0.0132464 ,  5.94062411,  0.78608135,\n         3.15764433],\n       [ 4.13823652, -0.63756477,  0.01302398,  6.07488518,  0.75789035,\n         3.18431917],\n       [ 4.10083357, -0.63257284,  0.01299426,  6.0397504 ,  0.76872175,\n         3.28501615]]), array([0.36081005, 0.36096039, 0.36138703, 0.36160818, 0.3619186 ,\n       0.36200159, 0.36204534]))", "callback": [0.9434820666218906, 0.8761465448131527, 0.8306983833464008, 0.5354297551681308, 0.45509828594501334, 0.4182005962333075, 0.3805599125001775, 0.3680861387163439, 0.36406965137502445, 0.36160818205457346]}, "2": {"maxiter": 100, "fatol": 1e-10, "xatol": 1e-05, "duration": 0.044486045837402344, "fun": "0.3608100483318556", "nit": "100", "nfev": "148", "status": "2", "success": "False", "message": "Maximum number of iterations has been exceeded.", "x": "[ 4.08977812 -0.5843281   0.01302187  5.96232124  0.77400986  3.20689088]", "final_simplex": "(array([[ 4.08977812, -0.5843281 ,  0.01302187,  5.96232124,  0.77400986,\n         3.20689088],\n       [ 4.17980105, -0.61116186,  0.01309117,  5.95999391,  0.77049663,\n         3.22181874],\n       [ 4.13364754, -0.57997686,  0.01311361,  5.91318546,  0.76332368,\n         3.19325675],\n       [ 4.08103112, -0.64797543,  0.01331823,  5.91870254,  0.78151404,\n         3.12050274],\n       [ 4.09209587, -0.69479025,  0.0132464 ,  5.94062411,  0.78608135,\n         3.15764433],\n       [ 4.13823652, -0.63756477,  0.01302398,  6.07488518,  0.75789035,\n         3.18431917],\n       [ 4.10083357, -0.63257284,  0.01299426,  6.0397504 ,  0.76872175,\n         3.28501615]]), array([0.36081005, 0.36096039, 0.36138703, 0.36160818, 0.3619186 ,\n       0.36200159, 0.36204534]))", "callback": [0.9434820666218906, 0.8761465448131527, 0.8306983833464008, 0.5354297551681308, 0.45509828594501334, 0.4182005962333075, 0.3805599125001775, 0.3680861387163439, 0.36406965137502445, 0.36160818205457346]}, "3": {"maxiter": 100, "fatol": 1e-10, "xatol": 1e-10, "duration": 0.03486514091491699, "fun": "0.3608100483318556", "nit": "100", "nfev": "148", "status": "2", "success": "False", "message": "Maximum number of iterations has been exceeded.", "x": "[ 4.08977812 -0.5843281   0.01302187  5.96232124  0.77400986  3.20689088]", "final_simplex": "(array([[ 4.08977812, -0.5843281 ,  0.01302187,  5.96232124,  0.77400986,\n         3.20689088],\n       [ 4.17980105, -0.61116186,  0.01309117,  5.95999391,  0.77049663,\n         3.22181874],\n       [ 4.13364754, -0.57997686,  0.01311361,  5.91318546,  0.76332368,\n         3.19325675],\n       [ 4.08103112, -0.64797543,  0.01331823,  5.91870254,  0.78151404,\n         3.12050274],\n       [ 4.09209587, -0.69479025,  0.0132464 ,  5.94062411,  0.78608135,\n         3.15764433],\n       [ 4.13823652, -0.63756477,  0.01302398,  6.07488518,  0.75789035,\n         3.18431917],\n       [ 4.10083357, -0.63257284,  0.01299426,  6.0397504 ,  0.76872175,\n         3.28501615]]), array([0.36081005, 0.36096039, 0.36138703, 0.36160818, 0.3619186 ,\n       0.36200159, 0.36204534]))", "callback": [0.9434820666218906, 0.8761465448131527, 0.8306983833464008, 0.5354297551681308, 0.45509828594501334, 0.4182005962333075, 0.3805599125001775, 0.3680861387163439, 0.36406965137502445, 0.36160818205457346]}, "4": {"maxiter": 500, "fatol": 1e-05, "xatol": 1e-05, "duration": 0.2107391357421875, "fun": "0.2617854817896449", "nit": "500", "nfev": "756", "status": "2", "success": "False", "message": "Maximum number of iterations has been exceeded.", "x": "[4.8797914  0.0100704  1.07646008 5.72665316 1.70924571 1.87220717]", "final_simplex": "(array([[4.8797914 , 0.0100704 , 1.07646008, 5.72665316, 1.70924571,\n        1.87220717],\n       [4.88124265, 0.0089985 , 1.07686299, 5.72359836, 1.71934476,\n        1.86447651],\n       [4.88431637, 0.01157447, 1.08114759, 5.72488601, 1.71895515,\n        1.85830831],\n       [4.89045185, 0.01137245, 1.08330738, 5.72428193, 1.71279089,\n        1.86532163],\n       [4.88476707, 0.01514896, 1.07761861, 5.72187353, 1.71205719,\n        1.86978414],\n       [4.88349281, 0.01051356, 1.07317941, 5.72904002, 1.7219531 ,\n        1.8574054 ],\n       [4.88048492, 0.00966956, 1.0771762 , 5.71948741, 1.71146213,\n        1.87208223]]), array([0.26178548, 0.26178861, 0.2617892 , 0.26178965, 0.26179099,\n       0.26179217, 0.26179331]))", "callback": [0.9434820666218906, 0.8761465448131527, 0.8306983833464008, 0.5354297551681308, 0.45509828594501334, 0.4182005962333075, 0.3805599125001775, 0.3680861387163439, 0.36406965137502445, 0.36160818205457346, 0.3608100483318556, 0.3604208104712596, 0.35943386320792725, 0.3566998004799581, 0.3495590960551943, 0.34611219027588425, 0.34203419555362635, 0.3414927267576102, 0.3413321768969796, 0.3413164537707112, 0.341310822361807, 0.3413097920664019, 0.3413094194170275, 0.34130873372882475, 0.3413082021823628, 0.3413066749752781, 0.3413015494711322, 0.3412953183550047, 0.34128301664742067, 0.3412481763424653, 0.3411714228921323, 0.34097556274368435, 0.3403957406855216, 0.33925958329145944, 0.3367262587906794, 0.3337869715735815, 0.33050647420655155, 0.3261725692537224, 0.3206778805579634, 0.2877507248385782, 0.2727622407727518, 0.2693139036708444, 0.26756534987071323, 0.26577774673703036, 0.26356352730822485, 0.2629735577775455, 0.26242602200282306, 0.2619331752775852, 0.2618305028089364, 0.26179216546955486]}, "5": {"maxiter": 500, "fatol": 1e-05, "xatol": 1e-10, "duration": 0.20273780822753906, "fun": "0.2617854817896449", "nit": "500", "nfev": "756", "status": "2", "success": "False", "message": "Maximum number of iterations has been exceeded.", "x": "[4.8797914  0.0100704  1.07646008 5.72665316 1.70924571 1.87220717]", "final_simplex": "(array([[4.8797914 , 0.0100704 , 1.07646008, 5.72665316, 1.70924571,\n        1.87220717],\n       [4.88124265, 0.0089985 , 1.07686299, 5.72359836, 1.71934476,\n        1.86447651],\n       [4.88431637, 0.01157447, 1.08114759, 5.72488601, 1.71895515,\n        1.85830831],\n       [4.89045185, 0.01137245, 1.08330738, 5.72428193, 1.71279089,\n        1.86532163],\n       [4.88476707, 0.01514896, 1.07761861, 5.72187353, 1.71205719,\n        1.86978414],\n       [4.88349281, 0.01051356, 1.07317941, 5.72904002, 1.7219531 ,\n        1.8574054 ],\n       [4.88048492, 0.00966956, 1.0771762 , 5.71948741, 1.71146213,\n        1.87208223]]), array([0.26178548, 0.26178861, 0.2617892 , 0.26178965, 0.26179099,\n       0.26179217, 0.26179331]))", "callback": [0.9434820666218906, 0.8761465448131527, 0.8306983833464008, 0.5354297551681308, 0.45509828594501334, 0.4182005962333075, 0.3805599125001775, 0.3680861387163439, 0.36406965137502445, 0.36160818205457346, 0.3608100483318556, 0.3604208104712596, 0.35943386320792725, 0.3566998004799581, 0.3495590960551943, 0.34611219027588425, 0.34203419555362635, 0.3414927267576102, 0.3413321768969796, 0.3413164537707112, 0.341310822361807, 0.3413097920664019, 0.3413094194170275, 0.34130873372882475, 0.3413082021823628, 0.3413066749752781, 0.3413015494711322, 0.3412953183550047, 0.34128301664742067, 0.3412481763424653, 0.3411714228921323, 0.34097556274368435, 0.3403957406855216, 0.33925958329145944, 0.3367262587906794, 0.3337869715735815, 0.33050647420655155, 0.3261725692537224, 0.3206778805579634, 0.2877507248385782, 0.2727622407727518, 0.2693139036708444, 0.26756534987071323, 0.26577774673703036, 0.26356352730822485, 0.2629735577775455, 0.26242602200282306, 0.2619331752775852, 0.2618305028089364, 0.26179216546955486]}, "6": {"maxiter": 500, "fatol": 1e-10, "xatol": 1e-05, "duration": 0.20279383659362793, "fun": "0.2617854817896449", "nit": "500", "nfev": "756", "status": "2", "success": "False", "message": "Maximum number of iterations has been exceeded.", "x": "[4.8797914  0.0100704  1.07646008 5.72665316 1.70924571 1.87220717]", "final_simplex": "(array([[4.8797914 , 0.0100704 , 1.07646008, 5.72665316, 1.70924571,\n        1.87220717],\n       [4.88124265, 0.0089985 , 1.07686299, 5.72359836, 1.71934476,\n        1.86447651],\n       [4.88431637, 0.01157447, 1.08114759, 5.72488601, 1.71895515,\n        1.85830831],\n       [4.89045185, 0.01137245, 1.08330738, 5.72428193, 1.71279089,\n        1.86532163],\n       [4.88476707, 0.01514896, 1.07761861, 5.72187353, 1.71205719,\n        1.86978414],\n       [4.88349281, 0.01051356, 1.07317941, 5.72904002, 1.7219531 ,\n        1.8574054 ],\n       [4.88048492, 0.00966956, 1.0771762 , 5.71948741, 1.71146213,\n        1.87208223]]), array([0.26178548, 0.26178861, 0.2617892 , 0.26178965, 0.26179099,\n       0.26179217, 0.26179331]))", "callback": [0.9434820666218906, 0.8761465448131527, 0.8306983833464008, 0.5354297551681308, 0.45509828594501334, 0.4182005962333075, 0.3805599125001775, 0.3680861387163439, 0.36406965137502445, 0.36160818205457346, 0.3608100483318556, 0.3604208104712596, 0.35943386320792725, 0.3566998004799581, 0.3495590960551943, 0.34611219027588425, 0.34203419555362635, 0.3414927267576102, 0.3413321768969796, 0.3413164537707112, 0.341310822361807, 0.3413097920664019, 0.3413094194170275, 0.34130873372882475, 0.3413082021823628, 0.3413066749752781, 0.3413015494711322, 0.3412953183550047, 0.34128301664742067, 0.3412481763424653, 0.3411714228921323, 0.34097556274368435, 0.3403957406855216, 0.33925958329145944, 0.3367262587906794, 0.3337869715735815, 0.33050647420655155, 0.3261725692537224, 0.3206778805579634, 0.2877507248385782, 0.2727622407727518, 0.2693139036708444, 0.26756534987071323, 0.26577774673703036, 0.26356352730822485, 0.2629735577775455, 0.26242602200282306, 0.2619331752775852, 0.2618305028089364, 0.26179216546955486]}, "7": {"maxiter": 500, "fatol": 1e-10, "xatol": 1e-10, "duration": 0.2104501724243164, "fun": "0.2617854817896449", "nit": "500", "nfev": "756", "status": "2", "success": "False", "message": "Maximum number of iterations has been exceeded.", "x": "[4.8797914  0.0100704  1.07646008 5.72665316 1.70924571 1.87220717]", "final_simplex": "(array([[4.8797914 , 0.0100704 , 1.07646008, 5.72665316, 1.70924571,\n        1.87220717],\n       [4.88124265, 0.0089985 , 1.07686299, 5.72359836, 1.71934476,\n        1.86447651],\n       [4.88431637, 0.01157447, 1.08114759, 5.72488601, 1.71895515,\n        1.85830831],\n       [4.89045185, 0.01137245, 1.08330738, 5.72428193, 1.71279089,\n        1.86532163],\n       [4.88476707, 0.01514896, 1.07761861, 5.72187353, 1.71205719,\n        1.86978414],\n       [4.88349281, 0.01051356, 1.07317941, 5.72904002, 1.7219531 ,\n        1.8574054 ],\n       [4.88048492, 0.00966956, 1.0771762 , 5.71948741, 1.71146213,\n        1.87208223]]), array([0.26178548, 0.26178861, 0.2617892 , 0.26178965, 0.26179099,\n       0.26179217, 0.26179331]))", "callback": [0.9434820666218906, 0.8761465448131527, 0.8306983833464008, 0.5354297551681308, 0.45509828594501334, 0.4182005962333075, 0.3805599125001775, 0.3680861387163439, 0.36406965137502445, 0.36160818205457346, 0.3608100483318556, 0.3604208104712596, 0.35943386320792725, 0.3566998004799581, 0.3495590960551943, 0.34611219027588425, 0.34203419555362635, 0.3414927267576102, 0.3413321768969796, 0.3413164537707112, 0.341310822361807, 0.3413097920664019, 0.3413094194170275, 0.34130873372882475, 0.3413082021823628, 0.3413066749752781, 0.3413015494711322, 0.3412953183550047, 0.34128301664742067, 0.3412481763424653, 0.3411714228921323, 0.34097556274368435, 0.3403957406855216, 0.33925958329145944, 0.3367262587906794, 0.3337869715735815, 0.33050647420655155, 0.3261725692537224, 0.3206778805579634, 0.2877507248385782, 0.2727622407727518, 0.2693139036708444, 0.26756534987071323, 0.26577774673703036, 0.26356352730822485, 0.2629735577775455, 0.26242602200282306, 0.2619331752775852, 0.2618305028089364, 0.26179216546955486]}, "8": {"maxiter": 1000, "fatol": 1e-05, "xatol": 1e-05, "duration": 0.2760472297668457, "fun": "0.26178425393410787", "nit": "645", "nfev": "997", "status": "0", "success": "True", "message": "Optimization terminated successfully.", "x": "[4.88329452 0.01154946 1.07777374 5.72591838 1.7121307  1.86799108]", "final_simplex": "(array([[4.88329452, 0.01154946, 1.07777374, 5.72591838, 1.7121307 ,\n        1.86799108],\n       [4.88329009, 0.01154781, 1.07777245, 5.72591958, 1.71213704,\n        1.86798676],\n       [4.88328778, 0.01154636, 1.07776851, 5.72592132, 1.71213655,\n        1.86799015],\n       [4.88328895, 0.0115439 , 1.07777023, 5.72591962, 1.71212795,\n        1.86799592],\n       [4.88328892, 0.01154361, 1.0777729 , 5.72591925, 1.71213286,\n        1.86799292],\n       [4.88328674, 0.01154721, 1.07777004, 5.72592252, 1.71213101,\n        1.86799383],\n       [4.88328844, 0.01154792, 1.07777036, 5.72591543, 1.71213593,\n        1.8679893 ]]), array([0.26178425, 0.26178425, 0.26178425, 0.26178425, 0.26178425,\n       0.26178425, 0.26178425]))", "callback": [0.9434820666218906, 0.8761465448131527, 0.8306983833464008, 0.5354297551681308, 0.45509828594501334, 0.4182005962333075, 0.3805599125001775, 0.3680861387163439, 0.36406965137502445, 0.36160818205457346, 0.3608100483318556, 0.3604208104712596, 0.35943386320792725, 0.3566998004799581, 0.3495590960551943, 0.34611219027588425, 0.34203419555362635, 0.3414927267576102, 0.3413321768969796, 0.3413164537707112, 0.341310822361807, 0.3413097920664019, 0.3413094194170275, 0.34130873372882475, 0.3413082021823628, 0.3413066749752781, 0.3413015494711322, 0.3412953183550047, 0.34128301664742067, 0.3412481763424653, 0.3411714228921323, 0.34097556274368435, 0.3403957406855216, 0.33925958329145944, 0.3367262587906794, 0.3337869715735815, 0.33050647420655155, 0.3261725692537224, 0.3206778805579634, 0.2877507248385782, 0.2727622407727518, 0.2693139036708444, 0.26756534987071323, 0.26577774673703036, 0.26356352730822485, 0.2629735577775455, 0.26242602200282306, 0.2619331752775852, 0.2618305028089364, 0.26179216546955486, 0.2617854817896449, 0.2617847525326926, 0.2617843681856076, 0.2617842757363792, 0.26178426828486157, 0.26178426214070694, 0.26178426021397594, 0.261784256578814, 0.26178425504637004, 0.2617842544790083, 0.2617842542817497, 0.2617842541056188, 0.2617842539585262, 0.26178425394442717, 0.26178425393410787]}, "9": {"maxiter": 1000, "fatol": 1e-05, "xatol": 1e-10, "duration": 0.34178686141967773, "fun": "0.2617842539323514", "nit": "752", "nfev": "1231", "status": "0", "success": "True", "message": "Optimization terminated successfully.", "x": "[4.8832916  0.01154678 1.0777709  5.72591952 1.7121337  1.86799012]", "final_simplex": "(array([[4.8832916 , 0.01154678, 1.0777709 , 5.72591952, 1.7121337 ,\n        1.86799012],\n       [4.8832916 , 0.01154678, 1.0777709 , 5.72591952, 1.7121337 ,\n        1.86799012],\n       [4.8832916 , 0.01154678, 1.0777709 , 5.72591952, 1.7121337 ,\n        1.86799012],\n       [4.8832916 , 0.01154678, 1.0777709 , 5.72591952, 1.7121337 ,\n        1.86799012],\n       [4.8832916 , 0.01154678, 1.0777709 , 5.72591952, 1.7121337 ,\n        1.86799012],\n       [4.8832916 , 0.01154678, 1.0777709 , 5.72591952, 1.7121337 ,\n        1.86799012],\n       [4.8832916 , 0.01154678, 1.0777709 , 5.72591952, 1.7121337 ,\n        1.86799012]]), array([0.26178425, 0.26178425, 0.26178425, 0.26178425, 0.26178425,\n       0.26178425, 0.26178425]))", "callback": [0.9434820666218906, 0.8761465448131527, 0.8306983833464008, 0.5354297551681308, 0.45509828594501334, 0.4182005962333075, 0.3805599125001775, 0.3680861387163439, 0.36406965137502445, 0.36160818205457346, 0.3608100483318556, 0.3604208104712596, 0.35943386320792725, 0.3566998004799581, 0.3495590960551943, 0.34611219027588425, 0.34203419555362635, 0.3414927267576102, 0.3413321768969796, 0.3413164537707112, 0.341310822361807, 0.3413097920664019, 0.3413094194170275, 0.34130873372882475, 0.3413082021823628, 0.3413066749752781, 0.3413015494711322, 0.3412953183550047, 0.34128301664742067, 0.3412481763424653, 0.3411714228921323, 0.34097556274368435, 0.3403957406855216, 0.33925958329145944, 0.3367262587906794, 0.3337869715735815, 0.33050647420655155, 0.3261725692537224, 0.3206778805579634, 0.2877507248385782, 0.2727622407727518, 0.2693139036708444, 0.26756534987071323, 0.26577774673703036, 0.26356352730822485, 0.2629735577775455, 0.26242602200282306, 0.2619331752775852, 0.2618305028089364, 0.26179216546955486, 0.2617854817896449, 0.2617847525326926, 0.2617843681856076, 0.2617842757363792, 0.26178426828486157, 0.26178426214070694, 0.26178426021397594, 0.261784256578814, 0.26178425504637004, 0.2617842544790083, 0.2617842542817497, 0.2617842541056188, 0.2617842539585262, 0.26178425394442717, 0.26178425393410787, 0.2617842539327607, 0.2617842539324422, 0.26178425393240434, 0.26178425393236504, 0.2617842539323577, 0.26178425393235316, 0.26178425393235194, 0.2617842539323514, 0.2617842539323514, 0.2617842539323514, 0.2617842539323514]}, "10": {"maxiter": 1000, "fatol": 1e-10, "xatol": 1e-05, "duration": 0.29952311515808105, "fun": "0.26178425393410787", "nit": "645", "nfev": "997", "status": "0", "success": "True", "message": "Optimization terminated successfully.", "x": "[4.88329452 0.01154946 1.07777374 5.72591838 1.7121307  1.86799108]", "final_simplex": "(array([[4.88329452, 0.01154946, 1.07777374, 5.72591838, 1.7121307 ,\n        1.86799108],\n       [4.88329009, 0.01154781, 1.07777245, 5.72591958, 1.71213704,\n        1.86798676],\n       [4.88328778, 0.01154636, 1.07776851, 5.72592132, 1.71213655,\n        1.86799015],\n       [4.88328895, 0.0115439 , 1.07777023, 5.72591962, 1.71212795,\n        1.86799592],\n       [4.88328892, 0.01154361, 1.0777729 , 5.72591925, 1.71213286,\n        1.86799292],\n       [4.88328674, 0.01154721, 1.07777004, 5.72592252, 1.71213101,\n        1.86799383],\n       [4.88328844, 0.01154792, 1.07777036, 5.72591543, 1.71213593,\n        1.8679893 ]]), array([0.26178425, 0.26178425, 0.26178425, 0.26178425, 0.26178425,\n       0.26178425, 0.26178425]))", "callback": [0.9434820666218906, 0.8761465448131527, 0.8306983833464008, 0.5354297551681308, 0.45509828594501334, 0.4182005962333075, 0.3805599125001775, 0.3680861387163439, 0.36406965137502445, 0.36160818205457346, 0.3608100483318556, 0.3604208104712596, 0.35943386320792725, 0.3566998004799581, 0.3495590960551943, 0.34611219027588425, 0.34203419555362635, 0.3414927267576102, 0.3413321768969796, 0.3413164537707112, 0.341310822361807, 0.3413097920664019, 0.3413094194170275, 0.34130873372882475, 0.3413082021823628, 0.3413066749752781, 0.3413015494711322, 0.3412953183550047, 0.34128301664742067, 0.3412481763424653, 0.3411714228921323, 0.34097556274368435, 0.3403957406855216, 0.33925958329145944, 0.3367262587906794, 0.3337869715735815, 0.33050647420655155, 0.3261725692537224, 0.3206778805579634, 0.2877507248385782, 0.2727622407727518, 0.2693139036708444, 0.26756534987071323, 0.26577774673703036, 0.26356352730822485, 0.2629735577775455, 0.26242602200282306, 0.2619331752775852, 0.2618305028089364, 0.26179216546955486, 0.2617854817896449, 0.2617847525326926, 0.2617843681856076, 0.2617842757363792, 0.26178426828486157, 0.26178426214070694, 0.26178426021397594, 0.261784256578814, 0.26178425504637004, 0.2617842544790083, 0.2617842542817497, 0.2617842541056188, 0.2617842539585262, 0.26178425394442717, 0.26178425393410787]}, "11": {"maxiter": 1000, "fatol": 1e-10, "xatol": 1e-10, "duration": 0.33886003494262695, "fun": "0.2617842539323514", "nit": "752", "nfev": "1231", "status": "0", "success": "True", "message": "Optimization terminated successfully.", "x": "[4.8832916  0.01154678 1.0777709  5.72591952 1.7121337  1.86799012]", "final_simplex": "(array([[4.8832916 , 0.01154678, 1.0777709 , 5.72591952, 1.7121337 ,\n        1.86799012],\n       [4.8832916 , 0.01154678, 1.0777709 , 5.72591952, 1.7121337 ,\n        1.86799012],\n       [4.8832916 , 0.01154678, 1.0777709 , 5.72591952, 1.7121337 ,\n        1.86799012],\n       [4.8832916 , 0.01154678, 1.0777709 , 5.72591952, 1.7121337 ,\n        1.86799012],\n       [4.8832916 , 0.01154678, 1.0777709 , 5.72591952, 1.7121337 ,\n        1.86799012],\n       [4.8832916 , 0.01154678, 1.0777709 , 5.72591952, 1.7121337 ,\n        1.86799012],\n       [4.8832916 , 0.01154678, 1.0777709 , 5.72591952, 1.7121337 ,\n        1.86799012]]), array([0.26178425, 0.26178425, 0.26178425, 0.26178425, 0.26178425,\n       0.26178425, 0.26178425]))", "callback": [0.9434820666218906, 0.8761465448131527, 0.8306983833464008, 0.5354297551681308, 0.45509828594501334, 0.4182005962333075, 0.3805599125001775, 0.3680861387163439, 0.36406965137502445, 0.36160818205457346, 0.3608100483318556, 0.3604208104712596, 0.35943386320792725, 0.3566998004799581, 0.3495590960551943, 0.34611219027588425, 0.34203419555362635, 0.3414927267576102, 0.3413321768969796, 0.3413164537707112, 0.341310822361807, 0.3413097920664019, 0.3413094194170275, 0.34130873372882475, 0.3413082021823628, 0.3413066749752781, 0.3413015494711322, 0.3412953183550047, 0.34128301664742067, 0.3412481763424653, 0.3411714228921323, 0.34097556274368435, 0.3403957406855216, 0.33925958329145944, 0.3367262587906794, 0.3337869715735815, 0.33050647420655155, 0.3261725692537224, 0.3206778805579634, 0.2877507248385782, 0.2727622407727518, 0.2693139036708444, 0.26756534987071323, 0.26577774673703036, 0.26356352730822485, 0.2629735577775455, 0.26242602200282306, 0.2619331752775852, 0.2618305028089364, 0.26179216546955486, 0.2617854817896449, 0.2617847525326926, 0.2617843681856076, 0.2617842757363792, 0.26178426828486157, 0.26178426214070694, 0.26178426021397594, 0.261784256578814, 0.26178425504637004, 0.2617842544790083, 0.2617842542817497, 0.2617842541056188, 0.2617842539585262, 0.26178425394442717, 0.26178425393410787, 0.2617842539327607, 0.2617842539324422, 0.26178425393240434, 0.26178425393236504, 0.2617842539323577, 0.26178425393235316, 0.26178425393235194, 0.2617842539323514, 0.2617842539323514, 0.2617842539323514, 0.2617842539323514]}}, "bfgs": {"type": "gradient", "0": {"maxiter": 100, "gtol": 1e-05, "xrtol": 1e-05, "eps": 1e-05, "duration": 0.09928488731384277, "fun": "0.2617842539717129", "jac": "[-2.17958984e-07  8.63309424e-07  4.62840877e-07 -1.67902359e-06\n -9.94526683e-07 -1.38501433e-06]", "hess_inv": "[[  7.13995685  -1.4645829   -2.98097856  -0.703527    -0.93620379\n    3.12145564]\n [ -1.4645829    3.63581759   1.11958089   0.12216086  -0.0487094\n   -2.02746089]\n [ -2.98097856   1.11958089   5.13091382   0.56576947  -2.38291306\n   -0.55434746]\n [ -0.703527     0.12216086   0.56576947   2.78953087  -0.91797824\n    0.54545976]\n [ -0.93620379  -0.0487094   -2.38291306  -0.91797824  16.39350624\n  -13.89766649]\n [  3.12145564  -2.02746089  -0.55434746   0.54545976 -13.89766649\n   16.50326723]]", "nfev": "294", "njev": "42", "status": "0", "success": "True", "message": "Optimization terminated successfully.", "x": "[ 1.39988432  3.15314399  4.219366    6.84044129 -1.42945334  5.00956511]", "nit": "32", "callback": [0.8361487199382946, 0.7277688053618804, 0.5701081829866878, 0.5498445414758641, 0.5151577586258971, 0.48047015870603405, 0.4747731361815509, 0.46795609390200876, 0.45802655713305973, 0.44236392640774846, 0.4020089169106893, 0.3941748229130727, 0.38186263324593706, 0.3611246432682451, 0.33130214898522103, 0.31930917157788863, 0.3152727895117411, 0.3134974521019104, 0.3132641670229469, 0.3129391257024171, 0.3123323235582337, 0.3081572740706203, 0.30548222845602546, 0.3004550325419888, 0.2911298174148941, 0.2755868410966462, 0.26305763526534487, 0.26192820415348406, 0.26179701254543064, 0.2617848468978554, 0.2617842584799991, 0.2617842539717129]}, "1": {"maxiter": 100, "gtol": 1e-05, "xrtol": 1e-05, "eps": 1e-10, "duration": 0.08402681350708008, "fun": "0.2617842539576153", "jac": "[-1.11022293e-06 -4.44089173e-06 -1.11022293e-06 -2.22044587e-06\n -2.22044587e-06 -1.11022293e-06]", "hess_inv": "[[ 7.21636009e+00 -1.38446337e+00 -3.00444295e+00 -6.85316761e-01\n  -7.45736251e-01  2.90653685e+00]\n [-1.38446337e+00  3.62744150e+00  1.11261476e+00  1.20753017e-02\n  -8.04923608e-02 -2.00730082e+00]\n [-3.00444295e+00  1.11261476e+00  5.21167604e+00  4.96826378e-01\n  -2.54147555e+00 -4.69555168e-01]\n [-6.85316761e-01  1.20753017e-02  4.96826378e-01  2.89496269e+00\n  -9.61819305e-01  6.28895517e-01]\n [-7.45736251e-01 -8.04923608e-02 -2.54147555e+00 -9.61819305e-01\n   1.61696624e+01 -1.34819143e+01]\n [ 2.90653685e+00 -2.00730082e+00 -4.69555168e-01  6.28895517e-01\n  -1.34819143e+01  1.58746766e+01]]", "nfev": "287", "njev": "41", "status": "0", "success": "True", "message": "Optimization terminated successfully.", "x": "[ 1.39989749  3.15313135  4.21936635  6.84045579 -1.4294812   5.00960612]", "nit": "31", "callback": [0.8361460655583991, 0.727724046260643, 0.5700847123125165, 0.5498129008407775, 0.5151191889487319, 0.4804747642040057, 0.4747763665345909, 0.46796562187898527, 0.45802593634178046, 0.44233251838623866, 0.4020818831241161, 0.39429327903216527, 0.3819966835862366, 0.3612714518221378, 0.33141728526037795, 0.3193310413931508, 0.3152926415390386, 0.3134851654176075, 0.3132579996844519, 0.3129227822363756, 0.3122980227276756, 0.30813595587016596, 0.30509623689743226, 0.29958956200311404, 0.28972774975655535, 0.2740074640823663, 0.2629869191585529, 0.2619967873169017, 0.26180345468182786, 0.2617846559519489, 0.2617842539576153]}, "2": {"maxiter": 100, "gtol": 1e-05, "xrtol": 1e-10, "eps": 1e-05, "duration": 0.08017897605895996, "fun": "0.2617842539717129", "jac": "[-2.17958984e-07  8.63309424e-07  4.62840877e-07 -1.67902359e-06\n -9.94526683e-07 -1.38501433e-06]", "hess_inv": "[[  7.13995685  -1.4645829   -2.98097856  -0.703527    -0.93620379\n    3.12145564]\n [ -1.4645829    3.63581759   1.11958089   0.12216086  -0.0487094\n   -2.02746089]\n [ -2.98097856   1.11958089   5.13091382   0.56576947  -2.38291306\n   -0.55434746]\n [ -0.703527     0.12216086   0.56576947   2.78953087  -0.91797824\n    0.54545976]\n [ -0.93620379  -0.0487094   -2.38291306  -0.91797824  16.39350624\n  -13.89766649]\n [  3.12145564  -2.02746089  -0.55434746   0.54545976 -13.89766649\n   16.50326723]]", "nfev": "294", "njev": "42", "status": "0", "success": "True", "message": "Optimization terminated successfully.", "x": "[ 1.39988432  3.15314399  4.219366    6.84044129 -1.42945334  5.00956511]", "nit": "32", "callback": [0.8361487199382946, 0.7277688053618804, 0.5701081829866878, 0.5498445414758641, 0.5151577586258971, 0.48047015870603405, 0.4747731361815509, 0.46795609390200876, 0.45802655713305973, 0.44236392640774846, 0.4020089169106893, 0.3941748229130727, 0.38186263324593706, 0.3611246432682451, 0.33130214898522103, 0.31930917157788863, 0.3152727895117411, 0.3134974521019104, 0.3132641670229469, 0.3129391257024171, 0.3123323235582337, 0.3081572740706203, 0.30548222845602546, 0.3004550325419888, 0.2911298174148941, 0.2755868410966462, 0.26305763526534487, 0.26192820415348406, 0.26179701254543064, 0.2617848468978554, 0.2617842584799991, 0.2617842539717129]}, "3": {"maxiter": 100, "gtol": 1e-05, "xrtol": 1e-10, "eps": 1e-10, "duration": 0.0805811882019043, "fun": "0.2617842539576153", "jac": "[-1.11022293e-06 -4.44089173e-06 -1.11022293e-06 -2.22044587e-06\n -2.22044587e-06 -1.11022293e-06]", "hess_inv": "[[ 7.21636009e+00 -1.38446337e+00 -3.00444295e+00 -6.85316761e-01\n  -7.45736251e-01  2.90653685e+00]\n [-1.38446337e+00  3.62744150e+00  1.11261476e+00  1.20753017e-02\n  -8.04923608e-02 -2.00730082e+00]\n [-3.00444295e+00  1.11261476e+00  5.21167604e+00  4.96826378e-01\n  -2.54147555e+00 -4.69555168e-01]\n [-6.85316761e-01  1.20753017e-02  4.96826378e-01  2.89496269e+00\n  -9.61819305e-01  6.28895517e-01]\n [-7.45736251e-01 -8.04923608e-02 -2.54147555e+00 -9.61819305e-01\n   1.61696624e+01 -1.34819143e+01]\n [ 2.90653685e+00 -2.00730082e+00 -4.69555168e-01  6.28895517e-01\n  -1.34819143e+01  1.58746766e+01]]", "nfev": "287", "njev": "41", "status": "0", "success": "True", "message": "Optimization terminated successfully.", "x": "[ 1.39989749  3.15313135  4.21936635  6.84045579 -1.4294812   5.00960612]", "nit": "31", "callback": [0.8361460655583991, 0.727724046260643, 0.5700847123125165, 0.5498129008407775, 0.5151191889487319, 0.4804747642040057, 0.4747763665345909, 0.46796562187898527, 0.45802593634178046, 0.44233251838623866, 0.4020818831241161, 0.39429327903216527, 0.3819966835862366, 0.3612714518221378, 0.33141728526037795, 0.3193310413931508, 0.3152926415390386, 0.3134851654176075, 0.3132579996844519, 0.3129227822363756, 0.3122980227276756, 0.30813595587016596, 0.30509623689743226, 0.29958956200311404, 0.28972774975655535, 0.2740074640823663, 0.2629869191585529, 0.2619967873169017, 0.26180345468182786, 0.2617846559519489, 0.2617842539576153]}, "4": {"maxiter": 100, "gtol": 1e-10, "xrtol": 1e-05, "eps": 1e-05, "duration": 0.09031295776367188, "fun": "0.26178425394651283", "jac": "[-7.72604203e-08  1.61881619e-07 -1.88615790e-07 -5.74207348e-08\n -5.50448576e-08 -1.85296223e-08]", "hess_inv": "[[  7.07651743  -1.41657284  -2.98551433  -0.61219528  -0.79124178\n    2.96917891]\n [ -1.41657284   3.60334227   1.13743409   0.02428522  -0.18254235\n   -1.90624393]\n [ -2.98551433   1.13743409   5.1844911    0.46481067  -2.46273379\n   -0.54289742]\n [ -0.61219528   0.02428522   0.46481067   2.87239425  -0.94683105\n    0.72014305]\n [ -0.79124178  -0.18254235  -2.46273379  -0.94683105  16.21315425\n  -13.58708097]\n [  2.96917891  -1.90624393  -0.54289742   0.72014305 -13.58708097\n   16.14700689]]", "nfev": "301", "njev": "43", "status": "0", "success": "True", "message": "Optimization terminated successfully.", "x": "[ 1.39989077  3.15313726  4.21935954  6.84044579 -1.4294565   5.00957772]", "nit": "33", "callback": [0.8361487199382946, 0.7277688053618804, 0.5701081829866878, 0.5498445414758641, 0.5151577586258971, 0.48047015870603405, 0.4747731361815509, 0.46795609390200876, 0.45802655713305973, 0.44236392640774846, 0.4020089169106893, 0.3941748229130727, 0.38186263324593706, 0.3611246432682451, 0.33130214898522103, 0.31930917157788863, 0.3152727895117411, 0.3134974521019104, 0.3132641670229469, 0.3129391257024171, 0.3123323235582337, 0.3081572740706203, 0.30548222845602546, 0.3004550325419888, 0.2911298174148941, 0.2755868410966462, 0.26305763526534487, 0.26192820415348406, 0.26179701254543064, 0.2617848468978554, 0.2617842584799991, 0.2617842539717129, 0.26178425394651283]}, "5": {"maxiter": 100, "gtol": 1e-10, "xrtol": 1e-05, "eps": 1e-10, "duration": 0.08083629608154297, "fun": "0.2617842539481272", "jac": "[-2.22044587e-06 -3.33066880e-06 -1.11022293e-06 -1.11022293e-06\n  0.00000000e+00 -1.11022293e-06]", "hess_inv": "[[ 7.21738584e+00 -1.38317421e+00 -3.00219995e+00 -6.87456130e-01\n  -7.45026263e-01  2.90405403e+00]\n [-1.38317421e+00  3.60192086e+00  1.10572736e+00  6.05503004e-03\n  -1.07745439e-01 -1.97373246e+00]\n [-3.00219995e+00  1.10572736e+00  5.21310952e+00  4.90956758e-01\n  -2.54998868e+00 -4.61863308e-01]\n [-6.87456130e-01  6.05503004e-03  4.90956758e-01  2.89901576e+00\n  -9.66754924e-01  6.38577357e-01]\n [-7.45026263e-01 -1.07745439e-01 -2.54998868e+00 -9.66754924e-01\n   1.61409667e+01 -1.34455861e+01]\n [ 2.90405403e+00 -1.97373246e+00 -4.61863308e-01  6.38577357e-01\n  -1.34455861e+01  1.58310907e+01]]", "nfev": "301", "njev": "43", "status": "0", "success": "True", "message": "Optimization terminated successfully.", "x": "[ 1.39989693  3.15313654  4.21936724  6.84045768 -1.42947547  5.0095995 ]", "nit": "32", "callback": [0.8361460655583991, 0.727724046260643, 0.5700847123125165, 0.5498129008407775, 0.5151191889487319, 0.4804747642040057, 0.4747763665345909, 0.46796562187898527, 0.45802593634178046, 0.44233251838623866, 0.4020818831241161, 0.39429327903216527, 0.3819966835862366, 0.3612714518221378, 0.33141728526037795, 0.3193310413931508, 0.3152926415390386, 0.3134851654176075, 0.3132579996844519, 0.3129227822363756, 0.3122980227276756, 0.30813595587016596, 0.30509623689743226, 0.29958956200311404, 0.28972774975655535, 0.2740074640823663, 0.2629869191585529, 0.2619967873169017, 0.26180345468182786, 0.2617846559519489, 0.2617842539576153, 0.2617842539481272]}, "6": {"maxiter": 100, "gtol": 1e-10, "xrtol": 1e-10, "eps": 1e-05, "duration": 0.09714198112487793, "fun": "0.26178425394573157", "jac": "[ 1.11022302e-11 -1.11022302e-11 -2.22044605e-11  3.33066907e-11\n  4.44089210e-11  0.00000000e+00]", "hess_inv": "[[  7.34105304  -1.75257019  -2.67274631  -0.49612235  -0.78189435\n    2.99089894]\n [ -1.75257019   3.85383678   0.96644115  -0.07619304  -0.1105131\n   -2.02764826]\n [ -2.67274631   0.96644115   5.21755649   0.55769278  -2.5615633\n   -0.36707306]\n [ -0.49612235  -0.07619304   0.55769278   2.90610285  -0.96357509\n    0.74321333]\n [ -0.78189435  -0.1105131   -2.5615633   -0.96357509  16.17419512\n  -13.54148429]\n [  2.99089894  -2.02764826  -0.36707306   0.74321333 -13.54148429\n   16.08178636]]", "nfev": "322", "njev": "46", "status": "0", "success": "True", "message": "Optimization terminated successfully.", "x": "[ 1.3998911   3.15313662  4.21936005  6.840446   -1.42945644  5.00957782]", "nit": "36", "callback": [0.8361487199382946, 0.7277688053618804, 0.5701081829866878, 0.5498445414758641, 0.5151577586258971, 0.48047015870603405, 0.4747731361815509, 0.46795609390200876, 0.45802655713305973, 0.44236392640774846, 0.4020089169106893, 0.3941748229130727, 0.38186263324593706, 0.3611246432682451, 0.33130214898522103, 0.31930917157788863, 0.3152727895117411, 0.3134974521019104, 0.3132641670229469, 0.3129391257024171, 0.3123323235582337, 0.3081572740706203, 0.30548222845602546, 0.3004550325419888, 0.2911298174148941, 0.2755868410966462, 0.26305763526534487, 0.26192820415348406, 0.26179701254543064, 0.2617848468978554, 0.2617842584799991, 0.2617842539717129, 0.26178425394651283, 0.2617842539458506, 0.2617842539457327, 0.26178425394573157]}, "7": {"maxiter": 100, "gtol": 1e-10, "xrtol": 1e-10, "eps": 1e-10, "duration": 0.1078956127166748, "fun": "0.2617842539481271", "jac": "[2.22044587e-06 2.22044587e-06 3.33066880e-06 1.11022293e-06\n 3.33066880e-06 3.33066880e-06]", "hess_inv": "[[ 6.67318578  0.91047971 -2.6465591   0.14149851  2.56034354 -0.7485018 ]\n [ 0.91047971  8.28539938  2.27022331  1.72236148 -2.20873067 -1.12707859]\n [-2.6465591   2.27022331  5.47501713  0.91620736 -2.51443078 -0.7749136 ]\n [ 0.14149851  1.72236148  0.91620736  3.52789263 -1.70658866  0.92060359]\n [ 2.56034354 -2.20873067 -2.51443078 -1.70658866  5.81729285 -3.25350463]\n [-0.7485018  -1.12707859 -0.7749136   0.92060359 -3.25350463  6.0637522 ]]", "nfev": "364", "njev": "52", "status": "0", "success": "True", "message": "Optimization terminated successfully.", "x": "[ 1.39989693  3.15313654  4.21936724  6.84045768 -1.42947547  5.0095995 ]", "nit": "33", "callback": [0.8361460655583991, 0.727724046260643, 0.5700847123125165, 0.5498129008407775, 0.5151191889487319, 0.4804747642040057, 0.4747763665345909, 0.46796562187898527, 0.45802593634178046, 0.44233251838623866, 0.4020818831241161, 0.39429327903216527, 0.3819966835862366, 0.3612714518221378, 0.33141728526037795, 0.3193310413931508, 0.3152926415390386, 0.3134851654176075, 0.3132579996844519, 0.3129227822363756, 0.3122980227276756, 0.30813595587016596, 0.30509623689743226, 0.29958956200311404, 0.28972774975655535, 0.2740074640823663, 0.2629869191585529, 0.2619967873169017, 0.26180345468182786, 0.2617846559519489, 0.2617842539576153, 0.2617842539481272, 0.2617842539481271]}, "8": {"maxiter": 500, "gtol": 1e-05, "xrtol": 1e-05, "eps": 1e-05, "duration": 0.0805208683013916, "fun": "0.2617842539717129", "jac": "[-2.17958984e-07  8.63309424e-07  4.62840877e-07 -1.67902359e-06\n -9.94526683e-07 -1.38501433e-06]", "hess_inv": "[[  7.13995685  -1.4645829   -2.98097856  -0.703527    -0.93620379\n    3.12145564]\n [ -1.4645829    3.63581759   1.11958089   0.12216086  -0.0487094\n   -2.02746089]\n [ -2.98097856   1.11958089   5.13091382   0.56576947  -2.38291306\n   -0.55434746]\n [ -0.703527     0.12216086   0.56576947   2.78953087  -0.91797824\n    0.54545976]\n [ -0.93620379  -0.0487094   -2.38291306  -0.91797824  16.39350624\n  -13.89766649]\n [  3.12145564  -2.02746089  -0.55434746   0.54545976 -13.89766649\n   16.50326723]]", "nfev": "294", "njev": "42", "status": "0", "success": "True", "message": "Optimization terminated successfully.", "x": "[ 1.39988432  3.15314399  4.219366    6.84044129 -1.42945334  5.00956511]", "nit": "32", "callback": [0.8361487199382946, 0.7277688053618804, 0.5701081829866878, 0.5498445414758641, 0.5151577586258971, 0.48047015870603405, 0.4747731361815509, 0.46795609390200876, 0.45802655713305973, 0.44236392640774846, 0.4020089169106893, 0.3941748229130727, 0.38186263324593706, 0.3611246432682451, 0.33130214898522103, 0.31930917157788863, 0.3152727895117411, 0.3134974521019104, 0.3132641670229469, 0.3129391257024171, 0.3123323235582337, 0.3081572740706203, 0.30548222845602546, 0.3004550325419888, 0.2911298174148941, 0.2755868410966462, 0.26305763526534487, 0.26192820415348406, 0.26179701254543064, 0.2