{"date": "2024/09/24/, 06:40:28", "conf_id": 313, "data_type": "var_s_rank\n", "num_data_points": 4, "s_rank": 0, "unitary": "[[-0.53618537-0.34368723j,-0.12107031-0.46226139j,-0.07699282-0.46603512j,0.36022595-0.11472301j],[0.26026499-0.63450712j,-0.56616638+0.37832564j,-0.14988651+0.08458591j,0.10363514-0.16008501j],[-0.32580188-0.11070003j,-0.36476308-0.23593218j,0.02559343+0.41761608j,-0.25598305+0.6725303j],[0.07406738-0.0126433j,0.28513701+0.19483972j,-0.74939717-0.10299659j,0.29798249+0.46269921j]]", "databatch_0": {"databatch": "[[[0.05585409-0.3275441j,0.37229459-0.03657887j,-0.04661977+0.15164267j,0.08355285+0.33595981j],[0.23036289-0.10821911j,0.1759684+0.0418747j,0.03334864-0.01246789j,-0.02707942-0.01398485j],[-0.04550765-0.18983603j,-0.15165248+0.36300966j,-0.10060362+0.28841739j,0.25221866+0.05511051j],[-0.06329941+0.12799645j,0.03117836+0.12202704j,0.20618015+0.21679227j,0.01185627-0.16186142j]],[[0.06714262+0.0600765j,0.1628925+0.06542415j,0.16553557+0.01127331j,-0.07680267+0.1315286j],[-0.16803314-0.15746383j,-0.16334623+0.26223047j,0.03985421-0.25406623j,-0.44489318+0.11028452j],[-0.23906069+0.06530339j,-0.17681869+0.31221733j,-0.22183527+0.14895534j,-0.21370558-0.03218894j],[0.04596295-0.05573141j,0.06799097-0.23373063j,-0.09647942-0.16210244j,0.26725426+0.07673281j]],[[-0.37854375+0.37407316j,-0.32942869+0.10977886j,0.09986224+0.10499184j,0.08869221-0.26809124j],[-0.22015254-0.18811183j,0.15705351+0.14631467j,-0.09378992+0.14120884j,-0.03031415+0.20249535j],[0.07933706-0.16691173j,0.02988037+0.12455804j,-0.07152138-0.00309317j,-0.13889981+0.04478182j],[0.28157784+0.0971385j,0.29623856+0.06625448j,-0.03160852+0.13366977j,0.13451233-0.00796366j]],[[-0.07646009+0.1650194j,0.12242644+0.01854431j,0.08527842+0.34913588j,0.35265842-0.06234192j],[-0.0644605+0.07093562j,0.0393755-0.13023401j,0.05961433+0.09653584j,-0.089612+0.03932333j],[-0.09645583+0.10216317j,-0.21759201-0.39503078j,-0.08212839+0.09603383j,0.30846992-0.05143489j],[0.21524041-0.04260967j,0.09985746-0.07629814j,0.15856619-0.29561373j,0.36060225+0.02478862j]]]", "initial param values": "[0.2997811,2.86652043,3.98332035,2.89262792,0.62013001,5.79334551]", "nelder_mead": {"type": "gradient-free", "0": {"maxiter": 100, "fatol": 1e-05, "xatol": 1e-05, "duration": 0.036209821701049805, "fun": "0.6731442623885078", "nit": "100", "nfev": "153", "status": "2", "success": "False", "message": "Maximum number of iterations has been exceeded.", "x": "[0.79197966 1.58519476 3.34054979 6.17065308 0.58612814 4.16061209]", "final_simplex": "(array([[0.79197966, 1.58519476, 3.34054979, 6.17065308, 0.58612814,\n        4.16061209],\n       [0.82223706, 1.38516014, 3.41893471, 6.47981677, 0.54622106,\n        4.39088939],\n       [0.85122012, 1.4347726 , 3.30213598, 6.48229006, 0.538236  ,\n        4.18278721],\n       [0.88814765, 1.15967428, 3.32461744, 6.46758157, 0.57157578,\n        4.75261584],\n       [0.79799335, 1.52796716, 3.22426991, 6.57992569, 0.53210487,\n        4.47817432],\n       [0.77230521, 1.69135493, 3.30283099, 6.6961981 , 0.52097511,\n        4.0993968 ],\n       [0.61182195, 2.28559962, 3.57484979, 5.82328223, 0.562808  ,\n        3.6681989 ]]), array([0.67314426, 0.67376939, 0.67776701, 0.68229317, 0.68242865,\n       0.6864018 , 0.69117864]))", "callback": [0.8970821842716361, 0.839937501158794, 0.8302047602087296, 0.788776523544233, 0.7723045851733941, 0.7673730345801064, 0.7590843870741955, 0.741638761222511, 0.6936581304495245]}, "1": {"maxiter": 100, "fatol": 1e-05, "xatol": 1e-10, "duration": 0.0367741584777832, "fun": "0.6731442623885078", "nit": "100", "nfev": "153", "status": "2", "success": "False", "message": "Maximum number of iterations has been exceeded.", "x": "[0.79197966 1.58519476 3.34054979 6.17065308 0.58612814 4.16061209]", "final_simplex": "(array([[0.79197966, 1.58519476, 3.34054979, 6.17065308, 0.58612814,\n        4.16061209],\n       [0.82223706, 1.38516014, 3.41893471, 6.47981677, 0.54622106,\n        4.39088939],\n       [0.85122012, 1.4347726 , 3.30213598, 6.48229006, 0.538236  ,\n        4.18278721],\n       [0.88814765, 1.15967428, 3.32461744, 6.46758157, 0.57157578,\n        4.75261584],\n       [0.79799335, 1.52796716, 3.22426991, 6.57992569, 0.53210487,\n        4.47817432],\n       [0.77230521, 1.69135493, 3.30283099, 6.6961981 , 0.52097511,\n        4.0993968 ],\n       [0.61182195, 2.28559962, 3.57484979, 5.82328223, 0.562808  ,\n        3.6681989 ]]), array([0.67314426, 0.67376939, 0.67776701, 0.68229317, 0.68242865,\n       0.6864018 , 0.69117864]))", "callback": [0.8970821842716361, 0.839937501158794, 0.8302047602087296, 0.788776523544233, 0.7723045851733941, 0.7673730345801064, 0.7590843870741955, 0.741638761222511, 0.6936581304495245]}, "2": {"maxiter": 100, "fatol": 1e-10, "xatol": 1e-05, "duration": 0.03455209732055664, "fun": "0.6731442623885078", "nit": "100", "nfev": "153", "status": "2", "success": "False", "message": "Maximum number of iterations has been exceeded.", "x": "[0.79197966 1.58519476 3.34054979 6.17065308 0.58612814 4.16061209]", "final_simplex": "(array([[0.79197966, 1.58519476, 3.34054979, 6.17065308, 0.58612814,\n        4.16061209],\n       [0.82223706, 1.38516014, 3.41893471, 6.47981677, 0.54622106,\n        4.39088939],\n       [0.85122012, 1.4347726 , 3.30213598, 6.48229006, 0.538236  ,\n        4.18278721],\n       [0.88814765, 1.15967428, 3.32461744, 6.46758157, 0.57157578,\n        4.75261584],\n       [0.79799335, 1.52796716, 3.22426991, 6.57992569, 0.53210487,\n        4.47817432],\n       [0.77230521, 1.69135493, 3.30283099, 6.6961981 , 0.52097511,\n        4.0993968 ],\n       [0.61182195, 2.28559962, 3.57484979, 5.82328223, 0.562808  ,\n        3.6681989 ]]), array([0.67314426, 0.67376939, 0.67776701, 0.68229317, 0.68242865,\n       0.6864018 , 0.69117864]))", "callback": [0.8970821842716361, 0.839937501158794, 0.8302047602087296, 0.788776523544233, 0.7723045851733941, 0.7673730345801064, 0.7590843870741955, 0.741638761222511, 0.6936581304495245]}, "3": {"maxiter": 100, "fatol": 1e-10, "xatol": 1e-10, "duration": 0.034322261810302734, "fun": "0.6731442623885078", "nit": "100", "nfev": "153", "status": "2", "success": "False", "message": "Maximum number of iterations has been exceeded.", "x": "[0.79197966 1.58519476 3.34054979 6.17065308 0.58612814 4.16061209]", "final_simplex": "(array([[0.79197966, 1.58519476, 3.34054979, 6.17065308, 0.58612814,\n        4.16061209],\n       [0.82223706, 1.38516014, 3.41893471, 6.47981677, 0.54622106,\n        4.39088939],\n       [0.85122012, 1.4347726 , 3.30213598, 6.48229006, 0.538236  ,\n        4.18278721],\n       [0.88814765, 1.15967428, 3.32461744, 6.46758157, 0.57157578,\n        4.75261584],\n       [0.79799335, 1.52796716, 3.22426991, 6.57992569, 0.53210487,\n        4.47817432],\n       [0.77230521, 1.69135493, 3.30283099, 6.6961981 , 0.52097511,\n        4.0993968 ],\n       [0.61182195, 2.28559962, 3.57484979, 5.82328223, 0.562808  ,\n        3.6681989 ]]), array([0.67314426, 0.67376939, 0.67776701, 0.68229317, 0.68242865,\n       0.6864018 , 0.69117864]))", "callback": [0.8970821842716361, 0.839937501158794, 0.8302047602087296, 0.788776523544233, 0.7723045851733941, 0.7673730345801064, 0.7590843870741955, 0.741638761222511, 0.6936581304495245]}, "4": {"maxiter": 500, "fatol": 1e-05, "xatol": 1e-05, "duration": 0.16147208213806152, "fun": "0.45728801695209764", "nit": "464", "nfev": "725", "status": "0", "success": "True", "message": "Optimization terminated successfully.", "x": "[ 2.10169999  2.24984724  3.86684694  7.53927947 -1.27521218  5.54868382]", "final_simplex": "(array([[ 2.10169999,  2.24984724,  3.86684694,  7.53927947, -1.27521218,\n         5.54868382],\n       [ 2.10169437,  2.24984675,  3.8668477 ,  7.53927837, -1.27521712,\n         5.54868735],\n       [ 2.10170194,  2.24984814,  3.866847  ,  7.53928041, -1.27521824,\n         5.54868518],\n       [ 2.10169588,  2.2498498 ,  3.8668467 ,  7.53928428, -1.27521137,\n         5.54868074],\n       [ 2.10169174,  2.24984544,  3.86684537,  7.53927281, -1.27521306,\n         5.54868227],\n       [ 2.10169687,  2.24984101,  3.86684061,  7.53928046, -1.27520675,\n         5.54867963],\n       [ 2.10169987,  2.24984724,  3.86683862,  7.53928054, -1.27521196,\n         5.54868371]]), array([0.45728802, 0.45728802, 0.45728802, 0.45728802, 0.45728802,\n       0.45728802, 0.45728802]))", "callback": [0.8970821842716361, 0.839937501158794, 0.8302047602087296, 0.788776523544233, 0.7723045851733941, 0.7673730345801064, 0.7590843870741955, 0.741638761222511, 0.6936581304495245, 0.6726360034443077, 0.6650840926297767, 0.6591731033044403, 0.6586755674440246, 0.656990950412799, 0.6541369797546779, 0.6422166865514499, 0.5777556373710073, 0.5143571235613529, 0.4872790678171641, 0.4644521286387555, 0.46216618733253834, 0.46121112294682853, 0.46073375837846064, 0.46060189835496157, 0.4605419797705297, 0.46050739904871263, 0.46047850303896154, 0.46041881802957174, 0.46033270621485256, 0.46005663340168934, 0.45970723008196024, 0.4593205603122771, 0.45846406392192873, 0.45795751893353553, 0.4574124516452458, 0.4573074325273647, 0.45729360862126767, 0.45728949452046597, 0.4572883237575769, 0.4572880753766556, 0.45728803317790456, 0.457288019835534, 0.45728801727420276, 0.45728801710760203, 0.4572880169787862, 0.45728801695520116]}, "5": {"maxiter": 500, "fatol": 1e-05, "xatol": 1e-10, "duration": 0.17688417434692383, "fun": "0.45728801694977317", "nit": "500", "nfev": "789", "status": "2", "success": "False", "message": "Maximum number of iterations has been exceeded.", "x": "[ 2.10169731  2.24984477  3.86684527  7.53927947 -1.27521413  5.54868389]", "final_simplex": "(array([[ 2.10169731,  2.24984477,  3.86684527,  7.53927947, -1.27521413,\n         5.54868389],\n       [ 2.10169683,  2.24984495,  3.86684528,  7.53927925, -1.27521382,\n         5.54868373],\n       [ 2.10169722,  2.24984522,  3.86684537,  7.53927931, -1.27521419,\n         5.54868375],\n       [ 2.10169695,  2.24984466,  3.86684503,  7.53927909, -1.27521373,\n         5.54868368],\n       [ 2.10169732,  2.24984476,  3.86684556,  7.53927932, -1.2752137 ,\n         5.54868373],\n       [ 2.10169717,  2.24984466,  3.86684485,  7.53927954, -1.27521365,\n         5.54868362],\n       [ 2.10169732,  2.249845  ,  3.86684542,  7.53927907, -1.27521409,\n         5.54868412]]), array([0.45728802, 0.45728802, 0.45728802, 0.45728802, 0.45728802,\n       0.45728802, 0.45728802]))", "callback": [0.8970821842716361, 0.839937501158794, 0.8302047602087296, 0.788776523544233, 0.7723045851733941, 0.7673730345801064, 0.7590843870741955, 0.741638761222511, 0.6936581304495245, 0.6726360034443077, 0.6650840926297767, 0.6591731033044403, 0.6586755674440246, 0.656990950412799, 0.6541369797546779, 0.6422166865514499, 0.5777556373710073, 0.5143571235613529, 0.4872790678171641, 0.4644521286387555, 0.46216618733253834, 0.46121112294682853, 0.46073375837846064, 0.46060189835496157, 0.4605419797705297, 0.46050739904871263, 0.46047850303896154, 0.46041881802957174, 0.46033270621485256, 0.46005663340168934, 0.45970723008196024, 0.4593205603122771, 0.45846406392192873, 0.45795751893353553, 0.4574124516452458, 0.4573074325273647, 0.45729360862126767, 0.45728949452046597, 0.4572883237575769, 0.4572880753766556, 0.45728803317790456, 0.457288019835534, 0.45728801727420276, 0.45728801710760203, 0.4572880169787862, 0.45728801695520116, 0.4572880169506519, 0.45728801695012145, 0.45728801694983223]}, "6": {"maxiter": 500, "fatol": 1e-10, "xatol": 1e-05, "duration": 0.16873788833618164, "fun": "0.45728801695209764", "nit": "464", "nfev": "725", "status": "0", "success": "True", "message": "Optimization terminated successfully.", "x": "[ 2.10169999  2.24984724  3.86684694  7.53927947 -1.27521218  5.54868382]", "final_simplex": "(array([[ 2.10169999,  2.24984724,  3.86684694,  7.53927947, -1.27521218,\n         5.54868382],\n       [ 2.10169437,  2.24984675,  3.8668477 ,  7.53927837, -1.27521712,\n         5.54868735],\n       [ 2.10170194,  2.24984814,  3.866847  ,  7.53928041, -1.27521824,\n         5.54868518],\n       [ 2.10169588,  2.2498498 ,  3.8668467 ,  7.53928428, -1.27521137,\n         5.54868074],\n       [ 2.10169174,  2.24984544,  3.86684537,  7.53927281, -1.27521306,\n         5.54868227],\n       [ 2.10169687,  2.24984101,  3.86684061,  7.53928046, -1.27520675,\n         5.54867963],\n       [ 2.10169987,  2.24984724,  3.86683862,  7.53928054, -1.27521196,\n         5.54868371]]), array([0.45728802, 0.45728802, 0.45728802, 0.45728802, 0.45728802,\n       0.45728802, 0.45728802]))", "callback": [0.8970821842716361, 0.839937501158794, 0.8302047602087296, 0.788776523544233, 0.7723045851733941, 0.7673730345801064, 0.7590843870741955, 0.741638761222511, 0.6936581304495245, 0.6726360034443077, 0.6650840926297767, 0.6591731033044403, 0.6586755674440246, 0.656990950412799, 0.6541369797546779, 0.6422166865514499, 0.5777556373710073, 0.5143571235613529, 0.4872790678171641, 0.4644521286387555, 0.46216618733253834, 0.46121112294682853, 0.46073375837846064, 0.46060189835496157, 0.4605419797705297, 0.46050739904871263, 0.46047850303896154, 0.46041881802957174, 0.46033270621485256, 0.46005663340168934, 0.45970723008196024, 0.4593205603122771, 0.45846406392192873, 0.45795751893353553, 0.4574124516452458, 0.4573074325273647, 0.45729360862126767, 0.45728949452046597, 0.4572883237575769, 0.4572880753766556, 0.45728803317790456, 0.457288019835534, 0.45728801727420276, 0.45728801710760203, 0.4572880169787862, 0.45728801695520116]}, "7": {"maxiter": 500, "fatol": 1e-10, "xatol": 1e-10, "duration": 0.1915879249572754, "fun": "0.45728801694977317", "nit": "500", "nfev": "789", "status": "2", "success": "False", "message": "Maximum number of iterations has been exceeded.", "x": "[ 2.10169731  2.24984477  3.86684527  7.53927947 -1.27521413  5.54868389]", "final_simplex": "(array([[ 2.10169731,  2.24984477,  3.86684527,  7.53927947, -1.27521413,\n         5.54868389],\n       [ 2.10169683,  2.24984495,  3.86684528,  7.53927925, -1.27521382,\n         5.54868373],\n       [ 2.10169722,  2.24984522,  3.86684537,  7.53927931, -1.27521419,\n         5.54868375],\n       [ 2.10169695,  2.24984466,  3.86684503,  7.53927909, -1.27521373,\n         5.54868368],\n       [ 2.10169732,  2.24984476,  3.86684556,  7.53927932, -1.2752137 ,\n         5.54868373],\n       [ 2.10169717,  2.24984466,  3.86684485,  7.53927954, -1.27521365,\n         5.54868362],\n       [ 2.10169732,  2.249845  ,  3.86684542,  7.53927907, -1.27521409,\n         5.54868412]]), array([0.45728802, 0.45728802, 0.45728802, 0.45728802, 0.45728802,\n       0.45728802, 0.45728802]))", "callback": [0.8970821842716361, 0.839937501158794, 0.8302047602087296, 0.788776523544233, 0.7723045851733941, 0.7673730345801064, 0.7590843870741955, 0.741638761222511, 0.6936581304495245, 0.6726360034443077, 0.6650840926297767, 0.6591731033044403, 0.6586755674440246, 0.656990950412799, 0.6541369797546779, 0.6422166865514499, 0.5777556373710073, 0.5143571235613529, 0.4872790678171641, 0.4644521286387555, 0.46216618733253834, 0.46121112294682853, 0.46073375837846064, 0.46060189835496157, 0.4605419797705297, 0.46050739904871263, 0.46047850303896154, 0.46041881802957174, 0.46033270621485256, 0.46005663340168934, 0.45970723008196024, 0.4593205603122771, 0.45846406392192873, 0.45795751893353553, 0.4574124516452458, 0.4573074325273647, 0.45729360862126767, 0.45728949452046597, 0.4572883237575769, 0.4572880753766556, 0.45728803317790456, 0.457288019835534, 0.45728801727420276, 0.45728801710760203, 0.4572880169787862, 0.45728801695520116, 0.4572880169506519, 0.45728801695012145, 0.45728801694983223]}, "8": {"maxiter": 1000, "fatol": 1e-05, "xatol": 1e-05, "duration": 0.16387104988098145, "fun": "0.45728801695209764", "nit": "464", "nfev": "725", "status": "0", "success": "True", "message": "Optimization terminated successfully.", "x": "[ 2.10169999  2.24984724  3.86684694  7.53927947 -1.27521218  5.54868382]", "final_simplex": "(array([[ 2.10169999,  2.24984724,  3.86684694,  7.53927947, -1.27521218,\n         5.54868382],\n       [ 2.10169437,  2.24984675,  3.8668477 ,  7.53927837, -1.27521712,\n         5.54868735],\n       [ 2.10170194,  2.24984814,  3.866847  ,  7.53928041, -1.27521824,\n         5.54868518],\n       [ 2.10169588,  2.2498498 ,  3.8668467 ,  7.53928428, -1.27521137,\n         5.54868074],\n       [ 2.10169174,  2.24984544,  3.86684537,  7.53927281, -1.27521306,\n         5.54868227],\n       [ 2.10169687,  2.24984101,  3.86684061,  7.53928046, -1.27520675,\n         5.54867963],\n       [ 2.10169987,  2.24984724,  3.86683862,  7.53928054, -1.27521196,\n         5.54868371]]), array([0.45728802, 0.45728802, 0.45728802, 0.45728802, 0.45728802,\n       0.45728802, 0.45728802]))", "callback": [0.8970821842716361, 0.839937501158794, 0.8302047602087296, 0.788776523544233, 0.7723045851733941, 0.7673730345801064, 0.7590843870741955, 0.741638761222511, 0.6936581304495245, 0.6726360034443077, 0.6650840926297767, 0.6591731033044403, 0.6586755674440246, 0.656990950412799, 0.6541369797546779, 0.6422166865514499, 0.5777556373710073, 0.5143571235613529, 0.4872790678171641, 0.4644521286387555, 0.46216618733253834, 0.46121112294682853, 0.46073375837846064, 0.46060189835496157, 0.4605419797705297, 0.46050739904871263, 0.46047850303896154, 0.46041881802957174, 0.46033270621485256, 0.46005663340168934, 0.45970723008196024, 0.4593205603122771, 0.45846406392192873, 0.45795751893353553, 0.4574124516452458, 0.4573074325273647, 0.45729360862126767, 0.45728949452046597, 0.4572883237575769, 0.4572880753766556, 0.45728803317790456, 0.457288019835534, 0.45728801727420276, 0.45728801710760203, 0.4572880169787862, 0.45728801695520116]}, "9": {"maxiter": 1000, "fatol": 1e-05, "xatol": 1e-10, "duration": 0.23760533332824707, "fun": "0.45728801694974974", "nit": "575", "nfev": "965", "status": "0", "success": "True", "message": "Optimization terminated successfully.", "x": "[ 2.10169703  2.24984497  3.86684555  7.53927935 -1.27521413  5.5486835 ]", "final_simplex": "(array([[ 2.10169703,  2.24984497,  3.86684555,  7.53927935, -1.27521413,\n         5.5486835 ],\n       [ 2.10169703,  2.24984497,  3.86684555,  7.53927935, -1.27521413,\n         5.5486835 ],\n       [ 2.10169703,  2.24984497,  3.86684555,  7.53927935, -1.27521413,\n         5.5486835 ],\n       [ 2.10169703,  2.24984497,  3.86684555,  7.53927935, -1.27521413,\n         5.5486835 ],\n       [ 2.10169703,  2.24984497,  3.86684555,  7.53927935, -1.27521413,\n         5.54868351],\n       [ 2.10169703,  2.24984497,  3.86684555,  7.53927935, -1.27521413,\n         5.5486835 ],\n       [ 2.10169703,  2.24984497,  3.86684555,  7.53927935, -1.27521413,\n         5.54868351]]), array([0.45728802, 0.45728802, 0.45728802, 0.45728802, 0.45728802,\n       0.45728802, 0.45728802]))", "callback": [0.8970821842716361, 0.839937501158794, 0.8302047602087296, 0.788776523544233, 0.7723045851733941, 0.7673730345801064, 0.7590843870741955, 0.741638761222511, 0.6936581304495245, 0.6726360034443077, 0.6650840926297767, 0.6591731033044403, 0.6586755674440246, 0.656990950412799, 0.6541369797546779, 0.6422166865514499, 0.5777556373710073, 0.5143571235613529, 0.4872790678171641, 0.4644521286387555, 0.46216618733253834, 0.46121112294682853, 0.46073375837846064, 0.46060189835496157, 0.4605419797705297, 0.46050739904871263, 0.46047850303896154, 0.46041881802957174, 0.46033270621485256, 0.46005663340168934, 0.45970723008196024, 0.4593205603122771, 0.45846406392192873, 0.45795751893353553, 0.4574124516452458, 0.4573074325273647, 0.45729360862126767, 0.45728949452046597, 0.4572883237575769, 0.4572880753766556, 0.45728803317790456, 0.457288019835534, 0.45728801727420276, 0.45728801710760203, 0.4572880169787862, 0.45728801695520116, 0.4572880169506519, 0.45728801695012145, 0.45728801694983223, 0.45728801694977317, 0.45728801694975707, 0.4572880169497533, 0.45728801694975085, 0.45728801694974996, 0.45728801694974974, 0.45728801694974974, 0.45728801694974974]}, "10": {"maxiter": 1000, "fatol": 1e-10, "xatol": 1e-05, "duration": 0.16933894157409668, "fun": "0.45728801695209764", "nit": "464", "nfev": "725", "status": "0", "success": "True", "message": "Optimization terminated successfully.", "x": "[ 2.10169999  2.24984724  3.86684694  7.53927947 -1.27521218  5.54868382]", "final_simplex": "(array([[ 2.10169999,  2.24984724,  3.86684694,  7.53927947, -1.27521218,\n         5.54868382],\n       [ 2.10169437,  2.24984675,  3.8668477 ,  7.53927837, -1.27521712,\n         5.54868735],\n       [ 2.10170194,  2.24984814,  3.866847  ,  7.53928041, -1.27521824,\n         5.54868518],\n       [ 2.10169588,  2.2498498 ,  3.8668467 ,  7.53928428, -1.27521137,\n         5.54868074],\n       [ 2.10169174,  2.24984544,  3.86684537,  7.53927281, -1.27521306,\n         5.54868227],\n       [ 2.10169687,  2.24984101,  3.86684061,  7.53928046, -1.27520675,\n         5.54867963],\n       [ 2.10169987,  2.24984724,  3.86683862,  7.53928054, -1.27521196,\n         5.54868371]]), array([0.45728802, 0.45728802, 0.45728802, 0.45728802, 0.45728802,\n       0.45728802, 0.45728802]))", "callback": [0.8970821842716361, 0.839937501158794, 0.8302047602087296, 0.788776523544233, 0.7723045851733941, 0.7673730345801064, 0.7590843870741955, 0.741638761222511, 0.6936581304495245, 0.6726360034443077, 0.6650840926297767, 0.6591731033044403, 0.6586755674440246, 0.656990950412799, 0.6541369797546779, 0.6422166865514499, 0.5777556373710073, 0.5143571235613529, 0.4872790678171641, 0.4644521286387555, 0.46216618733253834, 0.46121112294682853, 0.46073375837846064, 0.46060189835496157, 0.4605419797705297, 0.46050739904871263, 0.46047850303896154, 0.46041881802957174, 0.46033270621485256, 0.46005663340168934, 0.45970723008196024, 0.4593205603122771, 0.45846406392192873, 0.45795751893353553, 0.4574124516452458, 0.4573074325273647, 0.45729360862126767, 0.45728949452046597, 0.4572883237575769, 0.4572880753766556, 0.45728803317790456, 0.457288019835534, 0.45728801727420276, 0.45728801710760203, 0.4572880169787862, 0.45728801695520116]}, "11": {"maxiter": 1000, "fatol": 1e-10, "xatol": 1e-10, "duration": 0.22319412231445312, "fun": "0.45728801694974974", "nit": "575", "nfev": "965", "status": "0", "success": "True", "message": "Optimization terminated successfully.", "x": "[ 2.10169703  2.24984497  3.86684555  7.53927935 -1.27521413  5.5486835 ]", "final_simplex": "(array([[ 2.10169703,  2.24984497,  3.86684555,  7.53927935, -1.27521413,\n         5.5486835 ],\n       [ 2.10169703,  2.24984497,  3.86684555,  7.53927935, -1.27521413,\n         5.5486835 ],\n       [ 2.10169703,  2.24984497,  3.86684555,  7.53927935, -1.27521413,\n         5.5486835 ],\n       [ 2.10169703,  2.24984497,  3.86684555,  7.53927935, -1.27521413,\n         5.5486835 ],\n       [ 2.10169703,  2.24984497,  3.86684555,  7.53927935, -1.27521413,\n         5.54868351],\n       [ 2.10169703,  2.24984497,  3.86684555,  7.53927935, -1.27521413,\n         5.5486835 ],\n       [ 2.10169703,  2.24984497,  3.86684555,  7.53927935, -1.27521413,\n         5.54868351]]), array([0.45728802, 0.45728802, 0.45728802, 0.45728802, 0.45728802,\n       0.45728802, 0.45728802]))", "callback": [0.8970821842716361, 0.839937501158794, 0.8302047602087296, 0.788776523544233, 0.7723045851733941, 0.7673730345801064, 0.7590843870741955, 0.741638761222511, 0.6936581304495245, 0.6726360034443077, 0.6650840926297767, 0.6591731033044403, 0.6586755674440246, 0.656990950412799, 0.6541369797546779, 0.6422166865514499, 0.5777556373710073, 0.5143571235613529, 0.4872790678171641, 0.4644521286387555, 0.46216618733253834, 0.46121112294682853, 0.46073375837846064, 0.46060189835496157, 0.4605419797705297, 0.46050739904871263, 0.46047850303896154, 0.46041881802957174, 0.46033270621485256, 0.46005663340168934, 0.45970723008196024, 0.4593205603122771, 0.45846406392192873, 0.45795751893353553, 0.4574124516452458, 0.4573074325273647, 0.45729360862126767, 0.45728949452046597, 0.4572883237575769, 0.4572880753766556, 0.45728803317790456, 0.457288019835534, 0.45728801727420276, 0.45728801710760203, 0.4572880169787862, 0.45728801695520116, 0.4572880169506519, 0.45728801695012145, 0.45728801694983223, 0.45728801694977317, 0.45728801694975707, 0.4572880169497533, 0.45728801694975085, 0.45728801694974996, 0.45728801694974974, 0.45728801694974974, 0.45728801694974974]}}, "bfgs": {"type": "gradient", "0": {"maxiter": 100, "gtol": 1e-05, "xrtol": 1e-05, "eps": 1e-05, "duration": 0.04451870918273926, "fun": "0.4572880170260992", "jac": "[-1.96862526e-06  2.06054063e-06  8.13371592e-07 -2.28252972e-06\n  1.69292358e-06  1.61481939e-07]", "hess_inv": "[[ 4.81042403  1.13156257  0.63051417  1.95872829  0.45711704  0.0443087 ]\n [ 1.13156257  6.7847503   3.58869846  2.17485702 -1.13799412 -0.3423145 ]\n [ 0.63051417  3.58869846  7.10899425  0.65824215 -1.71387619 -0.65138004]\n [ 1.95872829  2.17485702  0.65824215  5.52782288  0.54171778 -0.17027087]\n [ 0.45711704 -1.13799412 -1.71387619  0.54171778  5.22426396 -1.00276194]\n [ 0.0443087  -0.3423145  -0.65138004 -0.17027087 -1.00276194  4.49381294]]", "nfev": "189", "njev": "27", "status": "0", "success": "True", "message": "Optimization terminated successfully.", "x": "[ 2.10167576  2.2498414   3.86684468  1.25607014 -1.27521305  5.54867808]", "nit": "21", "callback": [0.4931899693897147, 0.4572880227367915]}, "1": {"maxiter": 100, "gtol": 1e-05, "xrtol": 1e-05, "eps": 1e-10, "duration": 0.04410815238952637, "fun": "0.4572880170452098", "jac": "[-3.33066880e-06  2.22044587e-06  2.22044587e-06 -2.22044587e-06\n  2.22044587e-06  1.11022293e-06]", "hess_inv": "[[ 4.77536661  1.14720693  0.65084525  1.96174667  0.43473478  0.0178025 ]\n [ 1.14720693  6.85520617  3.66237507  2.18317994 -1.21082313 -0.32127497]\n [ 0.65084525  3.66237507  7.19694153  0.67532323 -1.78365018 -0.62790106]\n [ 1.96174667  2.18317994  0.67532323  5.50568662  0.49013305 -0.17509492]\n [ 0.43473478 -1.21082313 -1.78365018  0.49013305  5.2354765  -1.01534222]\n [ 0.0178025  -0.32127497 -0.62790106 -0.17509492 -1.01534222  4.49487998]]", "nfev": "189", "njev": "27", "status": "0", "success": "True", "message": "Optimization terminated successfully.", "x": "[ 2.10169053  2.24987286  3.86687458  1.25609576 -1.27521573  5.5486843 ]", "nit": "21", "callback": [0.49324727556786907, 0.4572880209818264]}, "2": {"maxiter": 100, "gtol": 1e-05, "xrtol": 1e-10, "eps": 1e-05, "duration": 0.044981956481933594, "fun": "0.4572880170260992", "jac": "[-1.96862526e-06  2.06054063e-06  8.13371592e-07 -2.28252972e-06\n  1.69292358e-06  1.61481939e-07]", "hess_inv": "[[ 4.81042403  1.13156257  0.63051417  1.95872829  0.45711704  0.0443087 ]\n [ 1.13156257  6.7847503   3.58869846  2.17485702 -1.13799412 -0.3423145 ]\n [ 0.63051417  3.58869846  7.10899425  0.65824215 -1.71387619 -0.65138004]\n [ 1.95872829  2.17485702  0.65824215  5.52782288  0.54171778 -0.17027087]\n [ 0.45711704 -1.13799412 -1.71387619  0.54171778  5.22426396 -1.00276194]\n [ 0.0443087  -0.3423145  -0.65138004 -0.17027087 -1.00276194  4.49381294]]", "nfev": "189", "njev": "27", "status": "0", "success": "True", "message": "Optimization terminated successfully.", "x": "[ 2.10167576  2.2498414   3.86684468  1.25607014 -1.27521305  5.54867808]", "nit": "21", "callback": [0.4931899693897147, 0.4572880227367915]}, "3": {"maxiter": 100, "gtol": 1e-05, "xrtol": 1e-10, "eps": 1e-10, "duration": 0.04463481903076172, "fun": "0.4572880170452098", "jac": "[-3.33066880e-06  2.22044587e-06  2.22044587e-06 -2.22044587e-06\n  2.22044587e-06  1.11022293e-06]", "hess_inv": "[[ 4.77536661  1.14720693  0.65084525  1.96174667  0.43473478  0.0178025 ]\n [ 1.14720693  6.85520617  3.66237507  2.18317994 -1.21082313 -0.32127497]\n [ 0.65084525  3.66237507  7.19694153  0.67532323 -1.78365018 -0.62790106]\n [ 1.96174667  2.18317994  0.67532323  5.50568662  0.49013305 -0.17509492]\n [ 0.43473478 -1.21082313 -1.78365018  0.49013305  5.2354765  -1.01534222]\n [ 0.0178025  -0.32127497 -0.62790106 -0.17509492 -1.01534222  4.49487998]]", "nfev": "189", "njev": "27", "status": "0", "success": "True", "message": "Optimization terminated successfully.", "x": "[ 2.10169053  2.24987286  3.86687458  1.25609576 -1.27521573  5.5486843 ]", "nit": "21", "callback": [0.49324727556786907, 0.4572880209818264]}, "4": {"maxiter": 100, "gtol": 1e-10, "xrtol": 1e-05, "eps": 1e-05, "duration": 0.04528689384460449, "fun": "0.45728801697826493", "jac": "[-1.21025412e-07  6.86561918e-08  9.05275854e-08 -5.78759263e-08\n -1.20525812e-07 -1.45417012e-07]", "hess_inv": "[[ 4.99949361  1.01809079  0.52816067  2.13893918  0.38605069  0.07596803]\n [ 1.01809079  6.73115034  3.50403687  2.1249907  -1.01048262 -0.34716871]\n [ 0.52816067  3.50403687  6.9890373   0.63065426 -1.57353774 -0.65153756]\n [ 2.13893918  2.1249907   0.63065426  5.67167265  0.43333721 -0.14687035]\n [ 0.38605069 -1.01048262 -1.57353774  0.43333721  5.19180402 -1.02452596]\n [ 0.07596803 -0.34716871 -0.65153756 -0.14687035 -1.02452596  4.49746986]]", "nfev": "196", "njev": "28", "status": "0", "success": "True", "message": "Optimization terminated successfully.", "x": "[ 2.10168729  2.2498333   3.86683702  1.25608169 -1.27521657  5.54868015]", "nit": "22", "callback": [0.4931899693897147, 0.4572880227367915]}, "5": {"maxiter": 100, "gtol": 1e-10, "xrtol": 1e-05, "eps": 1e-10, "duration": 0.04520988464355469, "fun": "0.4572880169898711", "jac": "[ 2.22044587e-06  1.11022293e-06 -1.11022293e-06  1.11022293e-06\n -1.11022293e-06  0.00000000e+00]", "hess_inv": "[[ 5.17512867  0.99856737  0.45313313  2.26587988  0.29535764  0.01906103]\n [ 0.99856737  6.63815013  3.3597191   2.06508766 -0.97540756 -0.36772293]\n [ 0.45313313  3.3597191   6.77510947  0.51798699 -1.46111546 -0.69203726]\n [ 2.26587988  2.06508766  0.51798699  5.73697463  0.38747415 -0.17498326]\n [ 0.29535764 -0.97540756 -1.46111546  0.38747415  5.16029778 -0.98478262]\n [ 0.01906103 -0.36772293 -0.69203726 -0.17498326 -0.98478262  4.48712051]]", "nfev": "196", "njev": "28", "status": "0", "success": "True", "message": "Optimization terminated successfully.", "x": "[ 2.1017089   2.24986114  3.86685875  1.25610964 -1.27521884  5.54868353]", "nit": "22", "callback": [0.49324727556786907, 0.4572880209818264]}, "6": {"maxiter": 100, "gtol": 1e-10, "xrtol": 1e-10, "eps": 1e-05, "duration": 0.09905409812927246, "fun": "0.45728801697700716", "jac": "[ 1.17794663e-08  1.14019905e-08  9.68114477e-09  5.82867088e-09\n  3.81916720e-09 -1.11799459e-08]", "hess_inv": "[[ 4.83177149  0.82609507  0.39077947  1.98507595  0.3005727   0.14203926]\n [ 0.82609507  7.29732124  4.17854287  2.03870357 -1.26746066 -0.71474677]\n [ 0.39077947  4.17854287  7.73612816  0.5867607  -1.759964   -1.0459741 ]\n [ 1.98507595  2.03870357  0.5867607   5.53267279  0.36934745 -0.12406819]\n [ 0.3005727  -1.26746066 -1.759964    0.36934745  5.04946258 -0.9527479 ]\n [ 0.14203926 -0.71474677 -1.0459741  -0.12406819 -0.9527479   4.70102716]]", "nfev": "432", "njev": "60", "status": "2", "success": "False", "message": "Desired error not necessarily achieved due to precision loss.", "x": "[ 2.10168804  2.24983253  3.86683589  1.25608218 -1.27521579  5.5486808 ]", "nit": "23", "callback": [0.4931899693897147, 0.4572880227367915]}, "7": {"maxiter": 100, "gtol": 1e-10, "xrtol": 1e-10, "eps": 1e-10, "duration": 0.06371879577636719, "fun": "0.45728801695372634", "jac": "[1.11022293e-06 0.00000000e+00 2.22044587e-06 1.11022293e-06\n 2.22044587e-06 2.22044587e-06]", "hess_inv": "[[ 3.0077586  -0.83378179  1.34247581  1.55906242 -0.67363371 -1.50069659]\n [-0.83378179  2.87513673 -0.19579457  0.38275044 -0.76491539 -1.2740641 ]\n [ 1.34247581 -0.19579457  2.2955864   2.34050456 -0.69451574 -0.45422675]\n [ 1.55906242  0.38275044  2.34050456  7.69286975 -0.50228295 -1.44202363]\n [-0.67363371 -0.76491539 -0.69451574 -0.50228295  1.10234766  0.33596868]\n [-1.50069659 -1.2740641  -0.45422675 -1.44202363  0.33596868  2.43950736]]", "nfev": "280", "njev": "40", "status": "2", "success": "False", "message": "Desired error not necessarily achieved due to precision loss.", "x": "[ 2.10169463  2.24984729  3.8668497   1.25609287 -1.27521575  5.5486873 ]", "nit": "27", "callback": [0.49324727556786907, 0.4572880209818264]}, "8": {"maxiter": 500, "gtol": 1e-05, "xrtol": 1e-05, "eps": 1e-05, "duration": 0.04283905029296875, "fun": "0.4572880170260992", "jac": "[-1.96862526e-06  2.06054063e-06  8.13371592e-07 -2.28252972e-06\n  1.69292358e-06  1.61481939e-07]", "hess_inv": "[[ 4.81042403  1.13156257  0.63051417  1.95872829  0.45711704  0.0443087 ]\n [ 1.13156257  6.7847503   3.58869846  2.17485702 -1.13799412 -0.3423145 ]\n [ 0.63051417  3.58869846  7.10899425  0.65824215 -1.71387619 -0.65138004]\n [ 1.95872829  2.17485702  0.65824215  5.52782288  0.54171778 -0.17027087]\n [ 0.45711704 -1.13799412 -1.71387619  0.54171778  5.22426396 -1.00276194]\n [ 0.0443087  -0.3423145  -0.65138004 -0.17027087 -1.00276194  4.49381294]]", "nfev": "189", "njev": "27", "status": "0", "success": "True", "message": "Optimization terminated successfully.", "x": "[ 2.10167576  2.2498414   3.86684468  1.25607014 -1.27521305  5.54867808]", "nit": "21", "callback": [0.4931899693897147, 0.4572880227367915]}, "9": {"maxiter": 500, "gtol": 1e-05, "xrtol": 1e-05, "eps": 1e-10, "duration": 0.042466163635253906, "fun": "0.4572880170452098", "jac": "[-3.33066880e-06  2.22044587e-06  2.22044587e-06 -2.22044587e-06\n  2.22044587e-06  1.11022293e-06]", "hess_inv": "[[ 4.77536661  1.14720693  0.65084525  1.96174667  0.43473478  0.0178025 ]\n [ 1.14720693  6.85520617  3.66237507  2.18317994 -1.21082313 -0.32127497]\n [ 0.65084525  3.66237507  7.19694153  0.67532323 -1.78365018 -0.62790106]\n [ 1.96174667  2.18317994  0.67532323  5.50568662  0.49013305 -0.17509492]\n [ 0.43473478 -1.21082313 -1.78365018  0.49013305  5.2354765  -1.01534222]\n [ 0.0178025  -0.32127497 -0.62790106 -0.17509492 -1.01534222  4.49487998]]", "nfev": "189", "njev": "27", "status": "0", "success": "True", "message": "Optimization terminated successfully.", "x": "[ 2.10169053  2.24987286  3.86687458  1.25609576 -1.27521573  5.5486843 ]", "nit": "21", "callback": [0.49324727556786907, 0.4572880209818264]}, "10": {"maxiter": 500, "gtol": 1e-05, "xrtol": 1e-10, "eps": 1e-05, "duration": 0.0431981086730957, "fun": "0.4572880170260992", "jac": "[-1.96862526e-06  2.06054063e-06  8.13371592e-07 -2.28252972e-06\n  1.69292358e-06  1.61481939e-07]", "hess_inv": "[[ 4.81042403  1.13156257  0.63051417  1.95872829  0.45711704  0.0443087 ]\n [ 1.13156257  6.7847503   3.58869846  2.17485702 -1.13799412 -0.3423145 ]\n [ 0.63051417  3.58869846  7.10899425  0.65824215 -1.71387619 -0.65138004]\n [ 1.95872829  2.17485702  0.65824215  5.52782288  0.54171778 -0.17027087]\n [ 0.45711704 -1.13799412 -1.71387619  0.54171778  5.22426396 -1.00276194]\n [ 0.0443087  -0.3423145  -0.65138004 -0.17027087 -1.00276194  4.49381294]]", "nfev": "189", "njev": "27", "status": "0", "success": "True", "message": "Optimization terminated successfully.", "x": "[ 2.10167576  2.2498414   3.86684468  1.25607014 -1.27521305  5.54867808]", "nit": "21", "callback": [0.4931899693897147, 0.4572880227367915]}, "11": {"maxiter": 500, "gtol": 1e-05, "xrtol": 1e-10, "eps": 1e-10, "duration": 0.04295611381530762, "fun": "0.4572880170452098", "jac": "[-3.33066880e-06  2.22044587e-06  2.22044587e-06 -2.22044587e-06\n  2.22044587e-06  1.11022293e-06]", "hess_inv": "[[ 4.77536661  1.14720693  0.65084525  1.96174667  0.43473478  0.0178025 ]\n [ 1.14720693  6.85520617  3.66237507  2.18317994 -1.21082313 -0.32127497]\n [ 0.65084525  3.66237507  7.19694153  0.67532323 -1.78365018 -0.62790106]\n [ 1.96174667  2.18317994  0.67532323  5.50568662  0.49013305 -0.17509492]\n [ 0.43473478 -1.21082313 -1.78365018  0.49013305  5.2354765  -1.01534222]\n [ 0.0178025  -0.32127497 -0.62790106 -0.17509492 -1.01534222  4.49487998]]", "nfev": "189", "njev": "27", "status": "0", "success": "True", "message": "Optimization terminated successfully.", "x": "[ 2.10169053  2.24987286  3.86687458  1.25609576 -1.27521573  5.5486843 ]", "nit": "21", "callback": [0.49324727556786907, 0.4572880209818264]}, "12": {"maxiter": 500, "gtol": 1e-10, "xrtol": 1e-05, "eps": 1e-05, "duration": 0.04392814636230469, "fun": "0.45728801697826493", "jac": "[-1.21025412e-07  6.86561918e-08  9.05275854e-08 -5.78759263e-08\n -1.20525812e-07 -1.45417012e-07]", "hess_inv": "[[ 4.99949361  1.01809079  0.52816067  2.13893918  0.38605069  0.07596803]\n [ 1.01809079  6.73115034  3.50403687  2.1249907  -1.01048262 -0.34716871]\n [ 0.52816067  3.50403687  6.9890373   0.63065426 -1.57353774 -0.65153756]\n [ 2.13893918  2.1249907   0.63065426  5.67167265  0.43333721 -0.14687035]\n [ 0.38605069 -1.01048262 -1.57353774  0.43333721  5.19180402 -1.02452596]\n [ 0.07596803 -0.34716871 -0.65153756 -0.14687035 -1.02452596  4.49746986]]", "nfev": "196", "njev": "28", "status": "0", "success": "True", "message": "Optimization terminated successfully.", "x": "[ 2.10168729  2.2498333   3.86683702  1.25608169 -1.27521657  5.54868015]", "nit": "22", "callback": [0.4931899693897147, 0.4572880227367915]}, "13": {"maxiter": 500, "gtol": 1e-10, "xrtol": 1e-05, "eps": 1e-10, "duration": 0.04463005065917969, "fun": "0.4572880169898711", "jac": "[ 2.22044587e-06  1.11022293e-06 -1.11022293e-06  1.11022293e-06\n -1.11022293e-06  0.00000000e+00]", "hess_inv": "[[ 5.17512867  0.99856737  0.45313313  2.26587988  0.29535764  0.01906103]\n [ 0.99856737  6.63815013  3.3597191   2.06508766 -0.97540756 -0.36772293]\n [ 0.45313313  3.3597191   6.77510947  0.51798699 -1.46111546 -0.69203726]\n [ 2.26587988  2.06508766  0.51798699  5.73697463  0.38747415 -0.17498326]\n [ 0.29535764 -0.97540756 -1.46111546  0.38747415  5.16029778 -0.98478262]\n [ 0.01906103 -0.36772293 -0.69203726 -0.17498326 -0.98478262  4.48712051]]", "nfev": "196", "njev": "28", "status": "0", "success": "True", "message": "Optimization terminated successfully.", "x": "[ 2.1017089   2.24986114  3.86685875  1.25610964 -1.27521884  5.54868353]", "nit": "22", "callback": [0.49324727556786907, 0.4572880209818264]}, "14": {"maxiter": 500, "gtol": 1e-10, "xrtol": 1e-10, "eps": 1e-05, "duration": 0.09639668464660645, "fun": "0.45728801697700716", "jac": "[ 1.17794663e-08  1.14019905e-08  9.68114477e-09  5.82867088e-09\n  3.81916720e-09 -1.11799459e-08]", "hess_inv": "[[ 4.83177149  0.82609507  0.39077947  1.98507595  0.3005727   0.14203926]\n [ 0.82609507  7.29732124  4.17854287  2.03870357 -1.26746066 -0.71474677]\n [ 0.39077947  4.17854287  7.73612816  0.5867607  -1.759964   -1.0459741 ]\n [ 1.98507595  2.03870357  0.5867607   5.53267279  0.36934745 -0.12406819]\n [ 0.3005727  -1.26746066 -1.759964    0.36934745  5.04946258 -0.9527479 ]\n [ 0.14203926 -0.71474677 -1.0459741  -0.12406819 -0.9527479   4.70102716]]", "nfev": "432", "njev": "60", "status": "2", "success": "False", "message": "Desired error not necessarily achieved due to precision loss.", "x": "[ 2.10168804  2.24983253  3.86683589  1.25608218 -1.27521579  5.5486808 ]", "nit": "23", "callback": [0.4931899693897147, 0.4572880227367915]}, "15": {"maxiter": 500, "gtol": 1e-10, "xrtol": 1e-10, "eps": 1e-10, "duration": 0.06356191635131836, "fun": "0.45728801695372634", "jac": "[1.11022293e-06 0.00000000e+00 2.22044587e-06 1.11022293e-06\n 2.22044587e-06 2.22044587e-06]", "hess_inv": "[[ 3.0077586  -0.83378179  1.34247581  1.55906242 -0.67363371 -1.50069659]\n [-0.83378179  2.87513673 -0.19579457  0.38275044 -0.76491539 -1.2740641 ]\n [ 1.34247581 -0.19579457  2.2955864   2.34050456 -0.69451574 -0.45422675]\n [ 1.55906242  0.38275044  2.34050456  7.69286975 -0.50228295 -1.44202363]\n [-0.67363371 -0.76491539 -0.69451574 -0.50228295  1.10234766  0.33596868]\n [-1.50069659 -1.2740641  -0.45422675 -1.44202363  0.33596868  2.43950736]]", "nfev": "280", "njev": "40", "status": "2", "success": "False", "message": "Desired error not necessarily achieved due to precision loss.",