{"conf_id": 2, "data_type": "random\n", "num_data_points": 1, "s_rank": 0, "unitary": "[[0.18663085-0.53122324j,-0.11886349-0.70040876j,0.28555095-0.02789305j,-0.12262021-0.2844587j],[-0.16702216+0.27758472j,0.27526351-0.29738586j,-0.01109314+0.22495461j,-0.77239203+0.28900673j],[0.61935415+0.12301792j,-0.31269928-0.03315917j,-0.61902762-0.19039079j,-0.27120731-0.0968989j],[0.42341754+0.0023929j,-0.05847358+0.47832119j,0.64900495-0.16218422j,-0.37182676-0.05229966j]]", "databatch_0": {"databatch": "[[[0.03295737+0.04137968j,0.01552371-0.01069846j,0.10604814-0.00721455j,-0.08606907-0.08819267j],[-0.00582368-0.16755208j,-0.05971444-0.002056j,-0.28362439-0.18175859j,0.05270892+0.38697193j],[-0.02675402-0.04052926j,-0.01506857+0.00851388j,-0.09755661-0.00206852j,0.07149257+0.08767339j],[-0.24612452-0.0240792j,-0.0146227+0.08691341j,-0.32093855+0.37935233j,0.57607701-0.00179106j]]]", "Nelder-Mead": {"0": {"maxiter": 100, "fatol": 1e-05, "xatol": 1e-05, "duration": 0.02857184410095215, "fun": "0.2083078920841217", "nit": "100", "nfev": "159", "status": "2", "success": "False", "message": "Maximum number of iterations has been exceeded.", "x": "[3.96508986 0.37532792 3.05189718 5.37297534 2.57532603 2.45515711]", "final_simplex": "(array([[3.96508986, 0.37532792, 3.05189718, 5.37297534, 2.57532603,\n        2.45515711],\n       [4.00864645, 0.21764795, 3.14625115, 5.50768546, 2.33668543,\n        2.45568349],\n       [3.88389576, 0.27437188, 3.01762617, 5.37875651, 2.44003331,\n        2.60205291],\n       [3.99378658, 0.28539103, 2.96494701, 5.39196351, 2.60155707,\n        2.49995243],\n       [4.03112585, 0.14137509, 3.03073809, 5.48809626, 2.54769133,\n        2.45186651],\n       [4.08793996, 0.27797207, 3.0543078 , 5.56840758, 2.58527711,\n        2.34473007],\n       [4.00046585, 0.24669935, 3.00472597, 5.44534993, 2.48549979,\n        2.44811081]]), array([0.20830789, 0.21072757, 0.21428214, 0.21581478, 0.21589828,\n       0.21740688, 0.21824399]))"}, "1": {"maxiter": 100, "fatol": 1e-05, "xatol": 1e-10, "duration": 0.028543949127197266, "fun": "0.2083078920841217", "nit": "100", "nfev": "159", "status": "2", "success": "False", "message": "Maximum number of iterations has been exceeded.", "x": "[3.96508986 0.37532792 3.05189718 5.37297534 2.57532603 2.45515711]", "final_simplex": "(array([[3.96508986, 0.37532792, 3.05189718, 5.37297534, 2.57532603,\n        2.45515711],\n       [4.00864645, 0.21764795, 3.14625115, 5.50768546, 2.33668543,\n        2.45568349],\n       [3.88389576, 0.27437188, 3.01762617, 5.37875651, 2.44003331,\n        2.60205291],\n       [3.99378658, 0.28539103, 2.96494701, 5.39196351, 2.60155707,\n        2.49995243],\n       [4.03112585, 0.14137509, 3.03073809, 5.48809626, 2.54769133,\n        2.45186651],\n       [4.08793996, 0.27797207, 3.0543078 , 5.56840758, 2.58527711,\n        2.34473007],\n       [4.00046585, 0.24669935, 3.00472597, 5.44534993, 2.48549979,\n        2.44811081]]), array([0.20830789, 0.21072757, 0.21428214, 0.21581478, 0.21589828,\n       0.21740688, 0.21824399]))"}, "2": {"maxiter": 100, "fatol": 1e-10, "xatol": 1e-05, "duration": 0.02845001220703125, "fun": "0.2083078920841217", "nit": "100", "nfev": "159", "status": "2", "success": "False", "message": "Maximum number of iterations has been exceeded.", "x": "[3.96508986 0.37532792 3.05189718 5.37297534 2.57532603 2.45515711]", "final_simplex": "(array([[3.96508986, 0.37532792, 3.05189718, 5.37297534, 2.57532603,\n        2.45515711],\n       [4.00864645, 0.21764795, 3.14625115, 5.50768546, 2.33668543,\n        2.45568349],\n       [3.88389576, 0.27437188, 3.01762617, 5.37875651, 2.44003331,\n        2.60205291],\n       [3.99378658, 0.28539103, 2.96494701, 5.39196351, 2.60155707,\n        2.49995243],\n       [4.03112585, 0.14137509, 3.03073809, 5.48809626, 2.54769133,\n        2.45186651],\n       [4.08793996, 0.27797207, 3.0543078 , 5.56840758, 2.58527711,\n        2.34473007],\n       [4.00046585, 0.24669935, 3.00472597, 5.44534993, 2.48549979,\n        2.44811081]]), array([0.20830789, 0.21072757, 0.21428214, 0.21581478, 0.21589828,\n       0.21740688, 0.21824399]))"}, "3": {"maxiter": 100, "fatol": 1e-10, "xatol": 1e-10, "duration": 0.028342008590698242, "fun": "0.2083078920841217", "nit": "100", "nfev": "159", "status": "2", "success": "False", "message": "Maximum number of iterations has been exceeded.", "x": "[3.96508986 0.37532792 3.05189718 5.37297534 2.57532603 2.45515711]", "final_simplex": "(array([[3.96508986, 0.37532792, 3.05189718, 5.37297534, 2.57532603,\n        2.45515711],\n       [4.00864645, 0.21764795, 3.14625115, 5.50768546, 2.33668543,\n        2.45568349],\n       [3.88389576, 0.27437188, 3.01762617, 5.37875651, 2.44003331,\n        2.60205291],\n       [3.99378658, 0.28539103, 2.96494701, 5.39196351, 2.60155707,\n        2.49995243],\n       [4.03112585, 0.14137509, 3.03073809, 5.48809626, 2.54769133,\n        2.45186651],\n       [4.08793996, 0.27797207, 3.0543078 , 5.56840758, 2.58527711,\n        2.34473007],\n       [4.00046585, 0.24669935, 3.00472597, 5.44534993, 2.48549979,\n        2.44811081]]), array([0.20830789, 0.21072757, 0.21428214, 0.21581478, 0.21589828,\n       0.21740688, 0.21824399]))"}, "4": {"maxiter": 500, "fatol": 1e-05, "xatol": 1e-05, "duration": 0.07226085662841797, "fun": "0.14839938282966614", "nit": "221", "nfev": "407", "status": "0", "success": "True", "message": "Optimization terminated successfully.", "x": "[4.01548956 1.46472859 4.50232654 5.34397094 2.10387445 2.13165867]", "final_simplex": "(array([[4.01548956, 1.46472859, 4.50232654, 5.34397094, 2.10387445,\n        2.13165867],\n       [4.01548984, 1.46473363, 4.50233215, 5.34397205, 2.10387179,\n        2.13165693],\n       [4.0154914 , 1.46473741, 4.50233387, 5.34397098, 2.10387336,\n        2.13165343],\n       [4.01548991, 1.4647338 , 4.50233024, 5.34397055, 2.103873  ,\n        2.13165633],\n       [4.01548986, 1.46473599, 4.50233378, 5.34397086, 2.10387219,\n        2.13165654],\n       [4.01548947, 1.46473175, 4.50232752, 5.34397087, 2.10387385,\n        2.13165766],\n       [4.0154899 , 1.46473431, 4.50233047, 5.34397167, 2.10387426,\n        2.13165664]]), array([0.14839938, 0.14839938, 0.14839938, 0.14839938, 0.14839938,\n       0.14839938, 0.14839938]))"}, "5": {"maxiter": 500, "fatol": 1e-05, "xatol": 1e-10, "duration": 0.09651803970336914, "fun": "0.14839938282966614", "nit": "238", "nfev": "543", "status": "0", "success": "True", "message": "Optimization terminated successfully.", "x": "[4.01548956 1.46472859 4.50232654 5.34397094 2.10387445 2.13165867]", "final_simplex": "(array([[4.01548956, 1.46472859, 4.50232654, 5.34397094, 2.10387445,\n        2.13165867],\n       [4.01548956, 1.46472859, 4.50232654, 5.34397094, 2.10387445,\n        2.13165867],\n       [4.01548956, 1.46472859, 4.50232654, 5.34397094, 2.10387445,\n        2.13165867],\n       [4.01548956, 1.46472859, 4.50232654, 5.34397094, 2.10387445,\n        2.13165867],\n       [4.01548956, 1.46472859, 4.50232654, 5.34397094, 2.10387445,\n        2.13165867],\n       [4.01548956, 1.46472859, 4.50232654, 5.34397094, 2.10387445,\n        2.13165867],\n       [4.01548956, 1.46472859, 4.50232654, 5.34397094, 2.10387445,\n        2.13165867]]), array([0.14839938, 0.14839938, 0.14839938, 0.14839938, 0.14839938,\n       0.14839938, 0.14839938]))"}, "6": {"maxiter": 500, "fatol": 1e-10, "xatol": 1e-05, "duration": 0.07251906394958496, "fun": "0.14839938282966614", "nit": "221", "nfev": "407", "status": "0", "success": "True", "message": "Optimization terminated successfully.", "x": "[4.01548956 1.46472859 4.50232654 5.34397094 2.10387445 2.13165867]", "final_simplex": "(array([[4.01548956, 1.46472859, 4.50232654, 5.34397094, 2.10387445,\n        2.13165867],\n       [4.01548984, 1.46473363, 4.50233215, 5.34397205, 2.10387179,\n        2.13165693],\n       [4.0154914 , 1.46473741, 4.50233387, 5.34397098, 2.10387336,\n        2.13165343],\n       [4.01548991, 1.4647338 , 4.50233024, 5.34397055, 2.103873  ,\n        2.13165633],\n       [4.01548986, 1.46473599, 4.50233378, 5.34397086, 2.10387219,\n        2.13165654],\n       [4.01548947, 1.46473175, 4.50232752, 5.34397087, 2.10387385,\n        2.13165766],\n       [4.0154899 , 1.46473431, 4.50233047, 5.34397167, 2.10387426,\n        2.13165664]]), array([0.14839938, 0.14839938, 0.14839938, 0.14839938, 0.14839938,\n       0.14839938, 0.14839938]))"}, "7": {"maxiter": 500, "fatol": 1e-10, "xatol": 1e-10, "duration": 0.09615015983581543, "fun": "0.14839938282966614", "nit": "238", "nfev": "543", "status": "0", "success": "True", "message": "Optimization terminated successfully.", "x": "[4.01548956 1.46472859 4.50232654 5.34397094 2.10387445 2.13165867]", "final_simplex": "(array([[4.01548956, 1.46472859, 4.50232654, 5.34397094, 2.10387445,\n        2.13165867],\n       [4.01548956, 1.46472859, 4.50232654, 5.34397094, 2.10387445,\n        2.13165867],\n       [4.01548956, 1.46472859, 4.50232654, 5.34397094, 2.10387445,\n        2.13165867],\n       [4.01548956, 1.46472859, 4.50232654, 5.34397094, 2.10387445,\n        2.13165867],\n       [4.01548956, 1.46472859, 4.50232654, 5.34397094, 2.10387445,\n        2.13165867],\n       [4.01548956, 1.46472859, 4.50232654, 5.34397094, 2.10387445,\n        2.13165867],\n       [4.01548956, 1.46472859, 4.50232654, 5.34397094, 2.10387445,\n        2.13165867]]), array([0.14839938, 0.14839938, 0.14839938, 0.14839938, 0.14839938,\n       0.14839938, 0.14839938]))"}, "8": {"maxiter": 1000, "fatol": 1e-05, "xatol": 1e-05, "duration": 0.07255196571350098, "fun": "0.14839938282966614", "nit": "221", "nfev": "407", "status": "0", "success": "True", "message": "Optimization terminated successfully.", "x": "[4.01548956 1.46472859 4.50232654 5.34397094 2.10387445 2.13165867]", "final_simplex": "(array([[4.01548956, 1.46472859, 4.50232654, 5.34397094, 2.10387445,\n        2.13165867],\n       [4.01548984, 1.46473363, 4.50233215, 5.34397205, 2.10387179,\n        2.13165693],\n       [4.0154914 , 1.46473741, 4.50233387, 5.34397098, 2.10387336,\n        2.13165343],\n       [4.01548991, 1.4647338 , 4.50233024, 5.34397055, 2.103873  ,\n        2.13165633],\n       [4.01548986, 1.46473599, 4.50233378, 5.34397086, 2.10387219,\n        2.13165654],\n       [4.01548947, 1.46473175, 4.50232752, 5.34397087, 2.10387385,\n        2.13165766],\n       [4.0154899 , 1.46473431, 4.50233047, 5.34397167, 2.10387426,\n        2.13165664]]), array([0.14839938, 0.14839938, 0.14839938, 0.14839938, 0.14839938,\n       0.14839938, 0.14839938]))"}, "9": {"maxiter": 1000, "fatol": 1e-05, "xatol": 1e-10, "duration": 0.09579801559448242, "fun": "0.14839938282966614", "nit": "238", "nfev": "543", "status": "0", "success": "True", "message": "Optimization terminated successfully.", "x": "[4.01548956 1.46472859 4.50232654 5.34397094 2.10387445 2.13165867]", "final_simplex": "(array([[4.01548956, 1.46472859, 4.50232654, 5.34397094, 2.10387445,\n        2.13165867],\n       [4.01548956, 1.46472859, 4.50232654, 5.34397094, 2.10387445,\n        2.13165867],\n       [4.01548956, 1.46472859, 4.50232654, 5.34397094, 2.10387445,\n        2.13165867],\n       [4.01548956, 1.46472859, 4.50232654, 5.34397094, 2.10387445,\n        2.13165867],\n       [4.01548956, 1.46472859, 4.50232654, 5.34397094, 2.10387445,\n        2.13165867],\n       [4.01548956, 1.46472859, 4.50232654, 5.34397094, 2.10387445,\n        2.13165867],\n       [4.01548956, 1.46472859, 4.50232654, 5.34397094, 2.10387445,\n        2.13165867]]), array([0.14839938, 0.14839938, 0.14839938, 0.14839938, 0.14839938,\n       0.14839938, 0.14839938]))"}, "10": {"maxiter": 1000, "fatol": 1e-10, "xatol": 1e-05, "duration": 0.0724937915802002, "fun": "0.14839938282966614", "nit": "221", "nfev": "407", "status": "0", "success": "True", "message": "Optimization terminated successfully.", "x": "[4.01548956 1.46472859 4.50232654 5.34397094 2.10387445 2.13165867]", "final_simplex": "(array([[4.01548956, 1.46472859, 4.50232654, 5.34397094, 2.10387445,\n        2.13165867],\n       [4.01548984, 1.46473363, 4.50233215, 5.34397205, 2.10387179,\n        2.13165693],\n       [4.0154914 , 1.46473741, 4.50233387, 5.34397098, 2.10387336,\n        2.13165343],\n       [4.01548991, 1.4647338 , 4.50233024, 5.34397055, 2.103873  ,\n        2.13165633],\n       [4.01548986, 1.46473599, 4.50233378, 5.34397086, 2.10387219,\n        2.13165654],\n       [4.01548947, 1.46473175, 4.50232752, 5.34397087, 2.10387385,\n        2.13165766],\n       [4.0154899 , 1.46473431, 4.50233047, 5.34397167, 2.10387426,\n        2.13165664]]), array([0.14839938, 0.14839938, 0.14839938, 0.14839938, 0.14839938,\n       0.14839938, 0.14839938]))"}, "11": {"maxiter": 1000, "fatol": 1e-10, "xatol": 1e-10, "duration": 0.09615111351013184, "fun": "0.14839938282966614", "nit": "238", "nfev": "543", "status": "0", "success": "True", "message": "Optimization terminated successfully.", "x": "[4.01548956 1.46472859 4.50232654 5.34397094 2.10387445 2.13165867]", "final_simplex": "(array([[4.01548956, 1.46472859, 4.50232654, 5.34397094, 2.10387445,\n        2.13165867],\n       [4.01548956, 1.46472859, 4.50232654, 5.34397094, 2.10387445,\n        2.13165867],\n       [4.01548956, 1.46472859, 4.50232654, 5.34397094, 2.10387445,\n        2.13165867],\n       [4.01548956, 1.46472859, 4.50232654, 5.34397094, 2.10387445,\n        2.13165867],\n       [4.01548956, 1.46472859, 4.50232654, 5.34397094, 2.10387445,\n        2.13165867],\n       [4.01548956, 1.46472859, 4.50232654, 5.34397094, 2.10387445,\n        2.13165867],\n       [4.01548956, 1.46472859, 4.50232654, 5.34397094, 2.10387445,\n        2.13165867]]), array([0.14839938, 0.14839938, 0.14839938, 0.14839938, 0.14839938,\n       0.14839938, 0.14839938]))"}}, "BFGS": {"0": {"maxiter": 100, "gtol": 1e-05, "xrtol": 1e-05, "eps": 1e-05, "duration": 0.03819108009338379, "fun": "0.14840002357959747", "jac": "[0. 0. 0. 0. 0. 0.]", "hess_inv": "[[ 2.02321076 -0.49409896 -0.56341275  0.48140857  0.76250364 -1.49558279]\n [-0.49409896  2.29523229  0.56008051 -1.25688175 -0.52157344  1.96416176]\n [-0.56341275  0.56008051  2.83906406  0.19962853 -1.25715286  1.65144468]\n [ 0.48140857 -1.25688175  0.19962853  3.25826629 -0.02693012 -1.40916098]\n [ 0.76250364 -0.52157344 -1.25715286 -0.02693012  1.84114752 -1.31076025]\n [-1.49558279  1.96416176  1.65144468 -1.40916098 -1.31076025  4.70287923]]", "nfev": "210", "njev": "30", "status": "0", "success": "True", "message": "Optimization terminated successfully.", "x": "[4.05382182 1.26047015 4.31133422 5.30891793 2.04699942 2.3298081 ]", "nit": "22"}, "1": {"maxiter": 100, "gtol": 1e-05, "xrtol": 1e-05, "eps": 1e-10, "duration": 0.001291036605834961, "fun": "0.941123902797699", "jac": "[0. 0. 0. 0. 0. 0.]", "hess_inv": "[[1 0 0 0 0 0]\n [0 1 0 0 0 0]\n [0 0 1 0 0 0]\n [0 0 0 1 0 0]\n [0 0 0 0 1 0]\n [0 0 0 0 0 1]]", "nfev": "7", "njev": "1", "status": "0", "success": "True", "message": "Optimization terminated successfully.", "x": "[2.76997961 2.8871961  1.82611572 3.68945858 3.52888689 3.03603112]", "nit": "0"}, "2": {"maxiter": 100, "gtol": 1e-05, "xrtol": 1e-10, "eps": 1e-05, "duration": 0.038420915603637695, "fun": "0.14840002357959747", "jac": "[0. 0. 0. 0. 0. 0.]", "hess_inv": "[[ 2.02321076 -0.49409896 -0.56341275  0.48140857  0.76250364 -1.49558279]\n [-0.49409896  2.29523229  0.56008051 -1.25688175 -0.52157344  1.96416176]\n [-0.56341275  0.56008051  2.83906406  0.19962853 -1.25715286  1.65144468]\n [ 0.48140857 -1.25688175  0.19962853  3.25826629 -0.02693012 -1.40916098]\n [ 0.76250364 -0.52157344 -1.25715286 -0.02693012  1.84114752 -1.31076025]\n [-1.49558279  1.96416176  1.65144468 -1.40916098 -1.31076025  4.70287923]]", "nfev": "210", "njev": "30", "status": "0", "success": "True", "message": "Optimization terminated successfully.", "x": "[4.05382182 1.26047015 4.31133422 5.30891793 2.04699942 2.3298081 ]", "nit": "22"}, "3": {"maxiter": 100, "gtol": 1e-05, "xrtol": 1e-10, "eps": 1e-10, "duration": 0.00133514404296875, "fun": "0.941123902797699", "jac": "[0. 0. 0. 0. 0. 0.]", "hess_inv": "[[1 0 0 0 0 0]\n [0 1 0 0 0 0]\n [0 0 1 0 0 0]\n [0 0 0 1 0 0]\n [0 0 0 0 1 0]\n [0 0 0 0 0 1]]", "nfev": "7", "njev": "1", "status": "0", "success": "True", "message": "Optimization terminated successfully.", "x": "[2.76997961 2.8871961  1.82611572 3.68945858 3.52888689 3.03603112]", "nit": "0"}, "4": {"maxiter": 100, "gtol": 1e-10, "xrtol": 1e-05, "eps": 1e-05, "duration": 0.03811979293823242, "fun": "0.14840002357959747", "jac": "[0. 0. 0. 0. 0. 0.]", "hess_inv": "[[ 2.02321076 -0.49409896 -0.56341275  0.48140857  0.76250364 -1.49558279]\n [-0.49409896  2.29523229  0.56008051 -1.25688175 -0.52157344  1.96416176]\n [-0.56341275  0.56008051  2.83906406  0.19962853 -1.25715286  1.65144468]\n [ 0.48140857 -1.25688175  0.19962853  3.25826629 -0.02693012 -1.40916098]\n [ 0.76250364 -0.52157344 -1.25715286 -0.02693012  1.84114752 -1.31076025]\n [-1.49558279  1.96416176  1.65144468 -1.40916098 -1.31076025  4.70287923]]", "nfev": "210", "njev": "30", "status": "0", "success": "True", "message": "Optimization terminated successfully.", "x": "[4.05382182 1.26047015 4.31133422 5.30891793 2.04699942 2.3298081 ]", "nit": "22"}, "5": {"maxiter": 100, "gtol": 1e-10, "xrtol": 1e-05, "eps": 1e-10, "duration": 0.0012922286987304688, "fun": "0.941123902797699", "jac": "[0. 0. 0. 0. 0. 0.]", "hess_inv": "[[1 0 0 0 0 0]\n [0 1 0 0 0 0]\n [0 0 1 0 0 0]\n [0 0 0 1 0 0]\n [0 0 0 0 1 0]\n [0 0 0 0 0 1]]", "nfev": "7", "njev": "1", "status": "0", "success": "True", "message": "Optimization terminated successfully.", "x": "[2.76997961 2.8871961  1.82611572 3.68945858 3.52888689 3.03603112]", "nit": "0"}, "6": {"maxiter": 100, "gtol": 1e-10, "xrtol": 1e-10, "eps": 1e-05, "duration": 0.037799835205078125, "fun": "0.14840002357959747", "jac": "[0. 0. 0. 0. 0. 0.]", "hess_inv": "[[ 2.02321076 -0.49409896 -0.56341275  0.48140857  0.76250364 -1.49558279]\n [-0.49409896  2.29523229  0.56008051 -1.25688175 -0.52157344  1.96416176]\n [-0.56341275  0.56008051  2.83906406  0.19962853 -1.25715286  1.65144468]\n [ 0.48140857 -1.25688175  0.19962853  3.25826629 -0.02693012 -1.40916098]\n [ 0.76250364 -0.52157344 -1.25715286 -0.02693012  1.84114752 -1.31076025]\n [-1.49558279  1.96416176  1.65144468 -1.40916098 -1.31076025  4.70287923]]", "nfev": "210", "njev": "30", "status": "0", "success": "True", "message": "Optimization terminated successfully.", "x": "[4.05382182 1.26047015 4.31133422 5.30891793 2.04699942 2.3298081 ]", "nit": "22"}, "7": {"maxiter": 100, "gtol": 1e-10, "xrtol": 1e-10, "eps": 1e-10, "duration": 0.0012819766998291016, "fun": "0.941123902797699", "jac": "[0. 0. 0. 0. 0. 0.]", "hess_inv": "[[1 0 0 0 0 0]\n [0 1 0 0 0 0]\n [0 0 1 0 0 0]\n [0 0 0 1 0 0]\n [0 0 0 0 1 0]\n [0 0 0 0 0 1]]", "nfev": "7", "njev": "1", "status": "0", "success": "True", "message": "Optimization terminated successfully.", "x": "[2.76997961 2.8871961  1.82611572 3.68945858 3.52888689 3.03603112]", "nit": "0"}, "8": {"maxiter": 500, "gtol": 1e-05, "xrtol": 1e-05, "eps": 1e-05, "duration": 0.03855705261230469, "fun": "0.14840002357959747", "jac": "[0. 0. 0. 0. 0. 0.]", "hess_inv": "[[ 2.02321076 -0.49409896 -0.56341275  0.48140857  0.76250364 -1.49558279]\n [-0.49409896  2.29523229  0.56008051 -1.25688175 -0.52157344  1.96416176]\n [-0.56341275  0.56008051  2.83906406  0.19962853 -1.25715286  1.65144468]\n [ 0.48140857 -1.25688175  0.19962853  3.25826629 -0.02693012 -1.40916098]\n [ 0.76250364 -0.52157344 -1.25715286 -0.02693012  1.84114752 -1.31076025]\n [-1.49558279  1.96416176  1.65144468 -1.40916098 -1.31076025  4.70287923]]", "nfev": "210", "njev": "30", "status": "0", "success": "True", "message": "Optimization terminated successfully.", "x": "[4.05382182 1.26047015 4.31133422 5.30891793 2.04699942 2.3298081 ]", "nit": "22"}, "9": {"maxiter": 500, "gtol": 1e-05, "xrtol": 1e-05, "eps": 1e-10, "duration": 0.0013229846954345703, "fun": "0.941123902797699", "jac": "[0. 0. 0. 0. 0. 0.]", "hess_inv": "[[1 0 0 0 0 0]\n [0 1 0 0 0 0]\n [0 0 1 0 0 0]\n [0 0 0 1 0 0]\n [0 0 0 0 1 0]\n [0 0 0 0 0 1]]", "nfev": "7", "njev": "1", "status": "0", "success": "True", "message": "Optimization terminated successfully.", "x": "[2.76997961 2.8871961  1.82611572 3.68945858 3.52888689 3.03603112]", "nit": "0"}, "10": {"maxiter": 500, "gtol": 1e-05, "xrtol": 1e-10, "eps": 1e-05, "duration": 0.03929400444030762, "fun": "0.14840002357959747", "jac": "[0. 0. 0. 0. 0. 0.]", "hess_inv": "[[ 2.02321076 -0.49409896 -0.56341275  0.48140857  0.76250364 -1.49558279]\n [-0.49409896  2.29523229  0.56008051 -1.25688175 -0.52157344  1.96416176]\n [-0.56341275  0.56008051  2.83906406  0.19962853 -1.25715286  1.65144468]\n [ 0.48140857 -1.25688175  0.19962853  3.25826629 -0.02693012 -1.40916098]\n [ 0.76250364 -0.52157344 -1.25715286 -0.02693012  1.84114752 -1.31076025]\n [-1.49558279  1.96416176  1.65144468 -1.40916098 -1.31076025  4.70287923]]", "nfev": "210", "njev": "30", "status": "0", "success": "True", "message": "Optimization terminated successfully.", "x": "[4.05382182 1.26047015 4.31133422 5.30891793 2.04699942 2.3298081 ]", "nit": "22"}, "11": {"maxiter": 500, "gtol": 1e-05, "xrtol": 1e-10, "eps": 1e-10, "duration": 0.00136566162109375, "fun": "0.941123902797699", "jac": "[0. 0. 0. 0. 0. 0.]", "hess_inv": "[[1 0 0 0 0 0]\n [0 1 0 0 0 0]\n [0 0 1 0 0 0]\n [0 0 0 1 0 0]\n [0 0 0 0 1 0]\n [0 0 0 0 0 1]]", "nfev": "7", "njev": "1", "status": "0", "success": "True", "message": "Optimization terminated successfully.", "x": "[2.76997961 2.8871961  1.82611572 3.68945858 3.52888689 3.03603112]", "nit": "0"}, "12": {"maxiter": 500, "gtol": 1e-10, "xrtol": 1e-05, "eps": 1e-05, "duration": 0.03958868980407715, "fun": "0.14840002357959747", "jac": "[0. 0. 0. 0. 0. 0.]", "hess_inv": "[[ 2.02321076 -0.49409896 -0.56341275  0.48140857  0.76250364 -1.49558279]\n [-0.49409896  2.29523229  0.56008051 -1.25688175 -0.52157344  1.96416176]\n [-0.56341275  0.56008051  2.83906406  0.19962853 -1.25715286  1.65144468]\n [ 0.48140857 -1.25688175  0.19962853  3.25826629 -0.02693012 -1.40916098]\n [ 0.76250364 -0.52157344 -1.25715286 -0.02693012  1.84114752 -1.31076025]\n [-1.49558279  1.96416176  1.65144468 -1.40916098 -1.31076025  4.70287923]]", "nfev": "210", "njev": "30", "status": "0", "success": "True", "message": "Optimization terminated successfully.", "x": "[4.05382182 1.26047015 4.31133422 5.30891793 2.04699942 2.3298081 ]", "nit": "22"}, "13": {"maxiter": 500, "gtol": 1e-10, "xrtol": 1e-05, "eps": 1e-10, "duration": 0.0013408660888671875, "fun": "0.941123902797699", "jac": "[0. 0. 0. 0. 0. 0.]", "hess_inv": "[[1 0 0 0 0 0]\n [0 1 0 0 0 0]\n [0 0 1 0 0 0]\n [0 0 0 1 0 0]\n [0 0 0 0 1 0]\n [0 0 0 0 0 1]]", "nfev": "7", "njev": "1", "status": "0", "success": "True", "message": "Optimization terminated successfully.", "x": "[2.76997961 2.8871961  1.82611572 3.68945858 3.52888689 3.03603112]", "nit": "0"}, "14": {"maxiter": 500, "gtol": 1e-10, "xrtol": 1e-10, "eps": 1e-05, "duration": 0.03965306282043457, "fun": "0.14840002357959747", "jac": "[0. 0. 0. 0. 0. 0.]", "hess_inv": "[[ 2.02321076 -0.49409896 -0.56341275  0.48140857  0.76250364 -1.49558279]\n [-0.49409896  2.29523229  0.56008051 -1.25688175 -0.52157344  1.96416176]\n [-0.56341275  0.56008051  2.83906406  0.19962853 -1.25715286  1.65144468]\n [ 0.48140857 -1.25688175  0.19962853  3.25826629 -0.02693012 -1.40916098]\n [ 0.76250364 -0.52157344 -1.25715286 -0.02693012  1.84114752 -1.31076025]\n [-1.49558279  1.96416176  1.65144468 -1.40916098 -1.31076025  4.70287923]]", "nfev": "210", "njev": "30", "status": "0", "success": "True", "message": "Optimization terminated successfully.", "x": "[4.05382182 1.26047015 4.31133422 5.30891793 2.04699942 2.3298081 ]", "nit": "22"}, "15": {"maxiter": 500, "gtol": 1e-10, "xrtol": 1e-10, "eps": 1e-10, "duration": 0.0014028549194335938, "fun": "0.941123902797699", "jac": "[0. 0. 0. 0. 0. 0.]", "hess_inv": "[[1 0 0 0 0 0]\n [0 1 0 0 0 0]\n [0 0 1 0 0 0]\n [0 0 0 1 0 0]\n [0 0 0 0 1 0]\n [0 0 0 0 0 1]]", "nfev": "7", "njev": "1", "status": "0", "success": "True", "message": "Optimization terminated successfully.", "x": "[2.76997961 2.8871961  1.82611572 3.68945858 3.52888689 3.03603112]", "nit": "0"}, "16": {"maxiter": 1000, "gtol": 1e-05, "xrtol": 1e-05, "eps": 1e-05, "duration": 0.040281057357788086, "fun": "0.14840002357959747", "jac": "[0. 0. 0. 0. 0. 0.]", "hess_inv": "[[ 2.02321076 -0.49409896 -0.56341275  0.48140857  0.76250364 -1.49558279]\n [-0.49409896  2.29523229  0.56008051 -1.25688175 -0.52157344  1.96416176]\n [-0.56341275  0.56008051  2.83906406  0.19962853 -1.25715286  1.65144468]\n [ 0.48140857 -1.25688175  0.19962853  3.25826629 -0.02693012 -1.40916098]\n [ 0.76250364 -0.52157344 -1.25715286 -0.02693012  1.84114752 -1.31076025]\n [-1.49558279  1.96416176  1.65144468 -1.40916098 -1.31076025  4.70287923]]", "nfev": "210", "njev": "30", "status": "0", "success": "True", "message": "Optimization terminated successfully.", "x": "[4.05382182 1.26047015 4.31133422 5.30891793 2.04699942 2.3298081 ]", "nit": "22"}, "17": {"maxiter": 1000, "gtol": 1e-05, "xrtol": 1e-05, "eps": 1e-10, "duration": 0.0013191699981689453, "fun": "0.941123902797699", "jac": "[0. 0. 0. 0. 0. 0.]", "hess_inv": "[[1 0 0 0 0 0]\n [0 1 0 0 0 0]\n [0 0 1 0 0 0]\n [0 0 0 1 0 0]\n [0 0 0 0 1 0]\n [0 0 0 0 0 1]]", "nfev": "7", "njev": "1", "status": "0", "success": "True", "message": "Optimization terminated successfully.", "x": "[2.76997961 2.8871961  1.82611572 3.68945858 3.52888689 3.03603112]", "nit": "0"}, "18": {"maxiter": 1000, "gtol": 1e-05, "xrtol": 1e-10, "eps": 1e-05, "duration": 0.04042696952819824, "fun": "0.14840002357959747", "jac": "[0. 0. 0. 0. 0. 0.]", "hess_inv": "[[ 2.02321076 -0.49409896 -0.56341275  0.48140857  0.76250364 -1.49558279]\n [-0.49409896  2.29523229  0.56008051 -1.25688175 -0.52157344  1.96416176]\n [-0.56341275  0.56008051  2.83906406  0.19962853 -1.25715286  1.65144468]\n [ 0.48140857 -1.25688175  0.19962853  3.25826629 -0.02693012 -1.40916098]\n [ 0.76250364 -0.52157344 -1.25715286 -0.02693012  1.84114752 -1.31076025]\n [-1.49558279  1.96416176  1.65144468 -1.40916098 -1.31076025  4.70287923]]", "nfev": "210", "njev": "30", "status": "0", "success": "True", "message": "Optimization terminated successfully.", "x": "[4.05382182 1.26047015 4.31133422 5.30891793 2.04699942 2.3298081 ]", "nit": "22"}, "19": {"maxiter": 1000, "gtol": 1e-05, "xrtol": 1e-10, "eps": 1e-10, "duration": 0.0013689994812011719, "fun": "0.941123902797699", "jac": "[0. 0. 0. 0. 0. 0.]", "hess_inv": "[[1 0 0 0 0 0]\n [0 1 0 0 0 0]\n [0 0 1 0 0 0]\n [0 0 0 1 0 0]\n [0 0 0 0 1 0]\n [0 0 0 0 0 1]]", "nfev": "7", "njev": "1", "status": "0", "success": "True", "message": "Optimization terminated successfully.", "x": "[2.76997961 2.8871961  1.82611572 3.68945858 3.52888689 3.03603112]", "nit": "0"}, "20": {"maxiter": 1000, "gtol": 1e-10, "xrtol": 1e-05, "eps": 1e-05, "duration": 0.04024004936218262, "fun": "0.14840002357959747", "jac": "[0. 0. 0. 0. 0. 0.]", "hess_inv": "[[ 2.02321076 -0.49409896 -0.56341275  0.48140857  0.76250364 -1.49558279]\n [-0.49409896  2.29523229  0.56008051 -1.25688175 -0.52157344  1.96416176]\n [-0.56341275  0.56008051  2.83906406  0.19962853 -1.25715286  1.65144468]\n [ 0.48140857 -1.25688175  0.19962853  3.25826629 -0.02693012 -1.40916098]\n [ 0.76250364 -0.52157344 -1.25715286 -0.02693012  1.84114752 -1.31076025]\n [-1.49558279  1.96416176  1.65144468 -1.40916098 -1.31076025  4.70287923]]", "nfev": "210", "njev": "30", "status": "0", "success": "True", "message": "Optimization terminated successfully.", "x": "[4.05382182 1.26047015 4.31133422 5.30891793 2.04699942 2.3298081 ]", "nit": "22"}, "21": {"maxiter": 1000, "gtol": 1e-10, "xrtol": 1e-05, "eps": 1e-10, "duration": 0.0013370513916015625, "fun": "0.941123902797699", "jac": "[0. 0. 0. 0. 0. 0.]", "hess_inv": "[[1 0 0 0 0 0]\n [0 1 0 0 0 0]\n [0 0 1 0 0 0]\n [0 0 0 1 0 0]\n [0 0 0 0 1 0]\n [0 0 0 0 0 1]]", "nfev": "7", "njev": "1", "status": "0", "success": "True", "message": "Optimization terminated successfully.", "x": "[2.76997961 2.8871961  1.82611572 3.68945858 3.52888689 3.03603112]", "nit": "0"}, "22": {"maxiter": 1000, "gtol": 1e-10, "xrtol": 1e-10, "eps": 1e-05, "duration": 0.038622140884399414, "fun": "0.14840002357959747", "jac": "[0. 0. 0. 0. 0. 0.]", "hess_inv": "[[ 2.02321076 -0.49409896 -0.56341275  0.48140857  0.76250364 -1.49558279]\n [-0.49409896  2.29523229  0.56008051 -1.25688175 -0.52157344  1.96416176]\n [-0.56341275  0.56008051  2.83906406  0.19962853 -1.25715286  1.65144468]\n [ 0.48140857 -1.25688175  0.19962853  3.25826629 -0.02693012 -1.40916098]\n [ 0.76250364 -0.52157344 -1.25715286 -0.02693012  1.84114752 -1.31076025]\n [-1.49558279  1.96416176  1.65144468 -1.40916098 -1.31076025  4.70287923]]", "nfev": "210", "njev": "30", "status": "0", "success": "True", "message": "Optimization terminated successfully.", "x": "[4.05382182 1.26047015 4.31133422 5.30891793 2.04699942 2.3298081 ]", "nit": "22"}, "23": {"maxiter": 1000, "gtol": 1e-10, "xrtol": 1e-10, "eps": 1e-10, "duration": 0.0013461112976074219, "fun": "0.941123902797699", "jac": "[0. 0. 0. 0. 0. 0.]", "hess_inv": "[[1 0 0 0 0 0]\n [0 1 0 0 0 0]\n [0 0 1 0 0 0]\n [0 0 0 1 0 0]\n [0 0 0 0 1 0]\n [0 0 0 0 0 1]]", "nfev": "7", "njev": "1", "status": "0", "success": "True", "message": "Optimization terminated successfully.", "x": "[2.76997961 2.8871961  1.82611572 3.68945858 3.52888689 3.03603112]", "nit": "0"}}, "COBYLA": {"0": {"maxiter": 100, "tol": 1e-05, "catol": 1e-05, "duration": 0.018124103546142578, "x": "[4.44766249 0.66534373 3.75066125 5.09068106 1.95745746 3.04000864]", "status": "2", "success": "False", "message": "Maximum number of function evaluations has been exceeded.", "nfev": "100", "fun": "0.14842966198921204", "maxcv": "0.0"}, "1": {"maxiter": 100, "tol": 1e-05, "catol": 1e-10, "duration": 0.017808914184570312, "x": "[4.44766249 0.66534373 3.75066125 5.09068106 1.95745746 3.04000864]", "status": "2", "success": "False", "message": "Maximum number of function evaluations has been exceeded.", "nfev": "100", "fun": "0.14842966198921204", "maxcv": "0.0"}, "2": {"maxiter": 100, "tol": 1e-10, "catol": 1e-05, "duration": 0.01770305633544922, "x": "[4.44766249 0.66534373 3.75066125 5.09068106 1.95745746 3.04000864]", "status": "2", "success": "False", "message": "Maximum number of function evaluations has been exceeded.", "nfev": "100", "fun": "0.14842966198921204", "maxcv": "0.0"}, "3": {"maxiter": 100, "tol": 1e-10, "catol": 1e-10, "duration": 0.017600059509277344, "x": "[4.44766249 0.66534373 3.75066125 5.09068106 1.95745746 3.04000864]", "status": "2", "success": "False", "message": "Maximum number of function evaluations has been exceeded.", "nfev": "100", "fun": "0.14842966198921204", "maxcv": "0.0"}, "4": {"maxiter": 500, "tol": 1e-05, "catol": 1e-05, "duration": 0.031295061111450195, "x": "[4.43932936 0.66196155 3.76115409 5.09987071 1.94406126 3.0469707 ]", "status": "1", "success": "True", "message": "Optimization terminated successfully.", "nfev": "178", "fun": "0.14839939773082733", "maxcv": "0.0"}, "5": {"maxiter": 500, "tol": 1e-05, "catol": 1e-10, "duration": 0.031244754791259766, "x": "[4.43932936 0.66196155 3.76115409 5.09987071 1.94406126 3.0469707 ]", "status": "1", "success": "True", "message": "Optimization terminated successfully.", "nfev": "178", "fun": "0.14839939773082733", "maxcv": "0.0"}, "6": {"maxiter": 500, "tol": 1e-10, "catol": 1e-05, "duration": 0.03782916069030762, "x": "[4.43932936 0.66196155 3.76115409 5.09987071 1.94406126 3.0469707 ]", "status": "1", "success": "True", "message": "Optimization terminated successfully.", "nfev": "213", "fun": "0.14839939773082733", "maxcv": "0.0"}, "7": {"maxiter": 500, "tol": 1e-10, "catol": 1e-10, "duration": 0.03756976127624512, "x": "[4.43932936 0.66196155 3.76115409 5.09987071 1.94406126 3.0469707 ]", "status": "1", "success": "True", "message": "Optimization terminated successfully.", "nfev": "213", "fun": "0.14839939773082733", "maxcv": "0.0"}, "8": {"maxiter": 1000, "tol": 1e-05, "catol": 1e-05, "duration": 0.0312650203704834, "x": "[4.43932936 0.66196155 3.76115409 5.09987071 1.94406126 3.0469707 ]", "status": "1", "success": "True", "message": "Optimization terminated successfully.", "nfev": "178", "fun": "0.14839939773082733", "maxcv": "0.0"}, "9": {"maxiter": 1000, "tol": 1e-05, "catol": 1e-10, "duration": 0.03213810920715332, "x": "[4.43932936 0.66196155 3.76115409 5.09987071 1.94406126 3.0469707 ]", "status": "1", "success": "True", "message": "Optimization terminated successfully.", "nfev": "178", "fun": "0.14839939773082733", "maxcv": "0.0"}, "10": {"maxiter": 1000, "tol": 1e-10, "catol": 1e-05, "duration": 0.03851819038391113, "x": "[4.43932936 0.66196155 3.76115409 5.09987071 1.94406126 3.0469707 ]", "status": "1", "success": "True", "message": "Optimization terminated successfully.", "nfev": "213", "fun": "0.14839939773082733", "maxcv": "0.0"}, "11": {"maxiter": 1000, "tol": 1e-10, "catol": 1e-10, "duration": 0.03781867027282715, "x": "[4.43932936 0.66196155 3.76115409 5.09987071 1.94406126 3.0469707 ]", "status": "1", "success": "True", "message": "Optimization terminated successfully.", "nfev": "213", "fun": "0.14839939773082733", "maxcv": "0.0"}}, "Powell": {"0": {"maxiter": 100, "ftol": 1e-05, "xtol": 1e-05, "duration": 0.15464496612548828, "fun": "0.14839939773082733", "direc": "[[ 0.35490351 -0.52057328  0.19124655  0.22368979 -0.12959031  0.30586465]\n [ 0.          0.          0.          0.          0.          1.        ]\n [ 0.          0.          1.          0.          0.          0.        ]\n [-0.19700835 -0.26091181  0.15215761  0.16819963  0.0566048   0.1624157 ]\n [ 0.          0.          0.          0.          1.          0.        ]\n [ 0.05019037 -0.09229515  0.08585999 -0.0246748  -0.02788114  0.05594168]]", "nit": "10", "nfev": "849", "status": "0", "success": "True", "message": "Optimization terminated successfully.", "x": "[ 5.69737299 -0.01282885  3.40052042  4.73256326  2.21495774  4.43906109]"}, "1": {"maxiter": 100, "ftol": 1e-05, "xtol": 1e-10, "duration": 0.36140918731689453, "fun": "0.14839942753314972", "direc": "[[ 0.35537493 -0.52087384  0.19111789  0.22313154 -0.12994377  0.30590414]\n [ 0.          0.          0.          0.          0.          1.        ]\n [ 0.          0.          1.          0.          0.          0.        ]\n [-0.19556884 -0.26253923  0.15292239  0.16887913  0.05754082  0.16477375]\n [ 0.          0.          0.          0.          1.          0.        ]\n [ 0.05130644 -0.09481231  0.08849146 -0.02499874 -0.02780815  0.05707636]]", "nit": "10", "nfev": "2049", "status": "0", "success": "True", "message": "Optimization terminated successfully.", "x": "[ 5.7060241  -0.01793538  3.40137816  4.73180804  2.21818758  4.44840314]"}, "2": {"maxiter": 100, "ftol": 1e-10, "xtol": 1e-05, "duration": 0.2188107967376709, "fun": "0.14839938282966614", "direc": "[[ 5.01903661e-02 -9.22951502e-02  8.58599901e-02 -2.46748026e-02\n  -2.78811409e-02  5.59416783e-02]\n [ 0.00000000e+00  0.00000000e+00  0.00000000e+00  0.00000000e+00\n   0.00000000e+00  1.00000000e+00]\n [ 0.00000000e+00  0.00000000e+00  1.00000000e+00  0.00000000e+00\n   0.00000000e+00  0.00000000e+00]\n [-1.47318153e-14  1.05558827e-14  8.44034189e-15 -1.82162126e-14\n   1.63956611e-15 -5.70510708e-15]\n [ 0.00000000e+00  0.00000000e+00  0.00000000e+00  0.00000000e+00\n   1.00000000e+00  0.00000000e+00]\n [-1.15511181e-04 -1.52979465e-04  4.79376542e-05  9.86198745e-05\n   3.31888988e-05  9.52286152e-05]]", "nit": "12", "nfev": "1230", "status": "0", "success": "True", "message": "Optimization terminated successfully.", "x": "[ 5.69721367 -0.01303985  3.40054875  4.73269928  2.21500352  4.43916649]"}, "3": {"maxiter": 100, "ftol": 1e-10, "xtol": 1e-10, "duration": 0.4512901306152344, "fun": "0.14839938282966614", "direc": "[[ 5.13064390e-02 -9.48123144e-02  8.84914587e-02 -2.49987376e-02\n  -2.78081509e-02  5.70763598e-02]\n [ 0.00000000e+00  0.00000000e+00  0.00000000e+00  0.00000000e+00\n   0.00000000e+00  1.00000000e+00]\n [ 0.00000000e+00  0.00000000e+00  1.00000000e+00  0.00000000e+00\n   0.00000000e+00  0.00000000e+00]\n [-1.95568842e-01 -2.62539235e-01  1.52922391e-01  1.68879128e-01\n   5.75408170e-02  1.64773753e-01]\n [ 0.00000000e+00  0.00000000e+00  0.00000000e+00  0.00000000e+00\n   1.00000000e+00  0.00000000e+00]\n [-1.65732031e-14  1.16709470e-14  8.41173049e-15 -1.86122504e-14\n   3.48216246e-15 -4.60773389e-15]]", "nit": "12", "nfev": "2518", "status": "0", "success": "True", "message": "Optimization terminated successfully.", "x": "[ 5.70586054 -0.01825459  3.40129111  4.73196103  2.21822796  4.44839717]"}, "4": {"maxiter": 500, "ftol": 1e-05, "xtol": 1e-05, "duration": 0.15119433403015137, "fun": "0.14839939773082733", "direc": "[[ 0.35490351 -0.52057328  0.19124655  0.22368979 -0.12959031  0.30586465]\n [ 0.          0.          0.          0.          0.          1.        ]\n [ 0.          0.          1.          0.          0.          0.        ]\n [-0.19700835 -0.26091181  0.15215761  0.16819963  0.0566048   0.1624157 ]\n [ 0.          0.          0.          0.          1.          0.        ]\n [ 0.05019037 -0.09229515  0.08585999 -0.0246748  -0.02788114  0.05594168]]", "nit": "10", "nfev": "849", "status": "0", "success": "True", "message": "Optimization terminated successfully.", "x": "[ 5.69737299 -0.01282885  3.40052042  4.73256326  2.21495774  4.43906109]"}, "5": {"maxiter": 500, "ftol": 1e-05, "xtol": 1e-10, "duration": 0.37087392807006836, "fun": "0.14839942753314972", "direc": "[[ 0.35537493 -0.52087384  0.19111789  0.22313154 -0.12994377  0.30590414]\n [ 0.          0.          0.          0.          0.          1.        ]\n [ 0.          0.          1.          0.          0.          0.        ]\n [-0.19556884 -0.26253923  0.15292239  0.16887913  0.05754082  0.16477375]\n [ 0.          0.          0.          0.          1.          0.        ]\n [ 0.05130644 -0.09481231  0.08849146 -0.02499874 -0.02780815  0.05707636]]", "nit": "10", "nfev": "2049", "status": "0", "success": "True", "message": "Optimization terminated successfully.", "x": "[ 5.7060241  -0.01793538  3.40137816  4.73180804  2.21818758  4.44840314]"}, "6": {"maxiter": 500, "ftol": 1e-10, "xtol": 1e-05, "duration": 0.2248990535736084, "fun": "0.14839938282966614", "direc": "[[ 5.01903661e-02 -9.22951502e-02  8.58599901e-02 -2.46748026e-02\n  -2.78811409e-02  5.59416783e-02]\n [ 0.00000000e+00  0.00000000e+00  0.00000000e+00  0.00000000e+00\n   0.00000000e+00  1.00000000e+00]\n [ 0.00000000e+00  0.00000000e+00  1.00000000e+00  0.00000000e+00\n   0.00000000e+00  0.00000000e+00]\n [-1.47318153e-14  1.05558827e-14  8.44034189e-15 -1.82162126e-14\n   1.63956611e-15 -5.70510708e-15]\n [ 0.00000000e+00  0.00000000e+00  0.00000000e+00  0.00000000e+00\n   1.00000000e+00  0.00000000e+00]\n [-1.15511181e-04 -1.52979465e-04  4.79376542e-05  9.86198745e-05\n   3.31888988e-05  9.52286152e-05]]", "nit": "12", "nfev": "1230", "status": "0", "success": "True", "message": "Optimization terminated successfully.", "x": "[ 5.69721367 -0.01303985  3.40054875  4.73269928  2.21500352  4.43916649]"}, "7": {"maxiter": 500, "ftol": 1e-10, "xtol": 1e-10, "duration": 0.44205784797668457, "fun": "0.14839938282966614", "direc": "[[ 5.13064390e-02 -9.48123144e-02  8.84914587e-02 -2.49987376e-02\n  -2.78081509e-02  5.70763598e-02]\n [ 0.00000000e+00  0.00000000e+00  0.00000000e+00  0.00000000e+00\n   0.00000000e+00  1.00000000e+00]\n [ 0.00000000e+00  0.00000000e+00  1.00000000e+00  0.00000000e+00\n   0.00000000e+00  0.00000000e+00]\n [-1.95568842e-01 -2.62539235e-01  1.52922391e-01  1.68879128e-01\n   5.75408170e-02  1.64773753e-01]\n [ 0.00000000e+00  0.00000000e+00  0.00000000e+00  0.00000000e+00\n   1.00000000e+00  0.00000000e+00]\n [-1.65732031e-14  1.16709470e-14  8.41173049e-15 -1.86122504e-14\n   3.4821