{"date": "2024/10/08/, 17:00:11", "conf_id": 14, "data_type": "random\n", "num_data_points": 1, "s_rank": 0, "unitary": "[[-0.24866696+0.58742286j,-0.44704345-0.43151574j,-0.35669027-0.20570733j,-0.10517633+0.1626036j],[0.10596805-0.19687975j,-0.30269685-0.15056416j,0.18246286+0.30440582j,-0.83484447-0.11310748j],[0.26054512-0.52548482j,0.0285017-0.50723956j,-0.43110112+0.17165838j,0.15243271+0.39915801j],[0.42978035+0.11991271j,-0.17224126-0.46030424j,0.6827807-0.15164662j,0.26483638+0.0061855j]]", "databatch_0": {"databatch": "[[[0.15169572-0.09500404j,0.04355583+0.05107387j,-0.1302028+0.01970885j,-0.04737121+0.06704456j],[0.11428584-0.13513436j,0.05028393+0.08793043j,-0.09232017-0.00222247j,-0.07440784+0.08119812j],[-0.65663537-0.21386257j,0.2183777-0.37342643j,0.27817202+0.12417652j,0.13061599+0.12095881j],[0.23683184+0.08193342j,0.03608788+0.05901949j,-0.1232546-0.01767372j,-0.03685959-0.06443045j]]]", "initial param values": "[0.82791944,2.14564477,4.78170514,5.84950488,0.39014433,0.68326704]", "nelder_mead": {"type": "gradient-free", "0": {"maxiter": 100, "fatol": 1e-05, "xatol": 1e-05, "duration": 0.03881430625915527, "fun": "0.21242383174130475", "nit": "100", "nfev": "151", "status": "2", "success": "False", "message": "Maximum number of iterations has been exceeded.", "x": "[ 1.94578893 -0.08137572  3.24875023  4.58034723 -0.79758915  1.32349485]", "final_simplex": "(array([[ 1.94578893, -0.08137572,  3.24875023,  4.58034723, -0.79758915,\n         1.32349485],\n       [ 1.91821047,  0.0511329 ,  3.22838438,  4.58552196, -0.76716615,\n         1.29759704],\n       [ 1.95221552, -0.12457926,  3.05295238,  4.30085924, -0.88795415,\n         1.3936013 ],\n       [ 1.77800224,  0.03626544,  3.21753042,  4.77902114, -0.59523511,\n         1.23569946],\n       [ 2.23714341, -0.06002872,  2.76342295,  4.08594921, -1.13360456,\n         1.49172149],\n       [ 1.71680461,  0.10732126,  2.95415208,  4.89601025, -0.56853109,\n         1.25174837],\n       [ 1.81021972,  0.37510698,  2.8587718 ,  4.83581125, -0.61940679,\n         1.26692588]]), array([0.21242383, 0.21789713, 0.25184012, 0.25701332, 0.270086  ,\n       0.27414692, 0.28116626]))", "callback": [0.927319214988839, 0.7344780004292812, 0.6929255520199685, 0.6578856318498971, 0.5488639469256351, 0.5037449868277373, 0.5037449868277373, 0.5022675713151383, 0.4712194071423754, 0.21789712870003564]}, "1": {"maxiter": 100, "fatol": 1e-05, "xatol": 1e-10, "duration": 0.043444156646728516, "fun": "0.21242383174130475", "nit": "100", "nfev": "151", "status": "2", "success": "False", "message": "Maximum number of iterations has been exceeded.", "x": "[ 1.94578893 -0.08137572  3.24875023  4.58034723 -0.79758915  1.32349485]", "final_simplex": "(array([[ 1.94578893, -0.08137572,  3.24875023,  4.58034723, -0.79758915,\n         1.32349485],\n       [ 1.91821047,  0.0511329 ,  3.22838438,  4.58552196, -0.76716615,\n         1.29759704],\n       [ 1.95221552, -0.12457926,  3.05295238,  4.30085924, -0.88795415,\n         1.3936013 ],\n       [ 1.77800224,  0.03626544,  3.21753042,  4.77902114, -0.59523511,\n         1.23569946],\n       [ 2.23714341, -0.06002872,  2.76342295,  4.08594921, -1.13360456,\n         1.49172149],\n       [ 1.71680461,  0.10732126,  2.95415208,  4.89601025, -0.56853109,\n         1.25174837],\n       [ 1.81021972,  0.37510698,  2.8587718 ,  4.83581125, -0.61940679,\n         1.26692588]]), array([0.21242383, 0.21789713, 0.25184012, 0.25701332, 0.270086  ,\n       0.27414692, 0.28116626]))", "callback": [0.927319214988839, 0.7344780004292812, 0.6929255520199685, 0.6578856318498971, 0.5488639469256351, 0.5037449868277373, 0.5037449868277373, 0.5022675713151383, 0.4712194071423754, 0.21789712870003564]}, "2": {"maxiter": 100, "fatol": 1e-10, "xatol": 1e-05, "duration": 0.04524731636047363, "fun": "0.21242383174130475", "nit": "100", "nfev": "151", "status": "2", "success": "False", "message": "Maximum number of iterations has been exceeded.", "x": "[ 1.94578893 -0.08137572  3.24875023  4.58034723 -0.79758915  1.32349485]", "final_simplex": "(array([[ 1.94578893, -0.08137572,  3.24875023,  4.58034723, -0.79758915,\n         1.32349485],\n       [ 1.91821047,  0.0511329 ,  3.22838438,  4.58552196, -0.76716615,\n         1.29759704],\n       [ 1.95221552, -0.12457926,  3.05295238,  4.30085924, -0.88795415,\n         1.3936013 ],\n       [ 1.77800224,  0.03626544,  3.21753042,  4.77902114, -0.59523511,\n         1.23569946],\n       [ 2.23714341, -0.06002872,  2.76342295,  4.08594921, -1.13360456,\n         1.49172149],\n       [ 1.71680461,  0.10732126,  2.95415208,  4.89601025, -0.56853109,\n         1.25174837],\n       [ 1.81021972,  0.37510698,  2.8587718 ,  4.83581125, -0.61940679,\n         1.26692588]]), array([0.21242383, 0.21789713, 0.25184012, 0.25701332, 0.270086  ,\n       0.27414692, 0.28116626]))", "callback": [0.927319214988839, 0.7344780004292812, 0.6929255520199685, 0.6578856318498971, 0.5488639469256351, 0.5037449868277373, 0.5037449868277373, 0.5022675713151383, 0.4712194071423754, 0.21789712870003564]}, "3": {"maxiter": 100, "fatol": 1e-10, "xatol": 1e-10, "duration": 0.03950214385986328, "fun": "0.21242383174130475", "nit": "100", "nfev": "151", "status": "2", "success": "False", "message": "Maximum number of iterations has been exceeded.", "x": "[ 1.94578893 -0.08137572  3.24875023  4.58034723 -0.79758915  1.32349485]", "final_simplex": "(array([[ 1.94578893, -0.08137572,  3.24875023,  4.58034723, -0.79758915,\n         1.32349485],\n       [ 1.91821047,  0.0511329 ,  3.22838438,  4.58552196, -0.76716615,\n         1.29759704],\n       [ 1.95221552, -0.12457926,  3.05295238,  4.30085924, -0.88795415,\n         1.3936013 ],\n       [ 1.77800224,  0.03626544,  3.21753042,  4.77902114, -0.59523511,\n         1.23569946],\n       [ 2.23714341, -0.06002872,  2.76342295,  4.08594921, -1.13360456,\n         1.49172149],\n       [ 1.71680461,  0.10732126,  2.95415208,  4.89601025, -0.56853109,\n         1.25174837],\n       [ 1.81021972,  0.37510698,  2.8587718 ,  4.83581125, -0.61940679,\n         1.26692588]]), array([0.21242383, 0.21789713, 0.25184012, 0.25701332, 0.270086  ,\n       0.27414692, 0.28116626]))", "callback": [0.927319214988839, 0.7344780004292812, 0.6929255520199685, 0.6578856318498971, 0.5488639469256351, 0.5037449868277373, 0.5037449868277373, 0.5022675713151383, 0.4712194071423754, 0.21789712870003564]}, "4": {"maxiter": 500, "fatol": 1e-05, "xatol": 1e-05, "duration": 0.22173500061035156, "fun": "0.04371779985392177", "nit": "500", "nfev": "747", "status": "2", "success": "False", "message": "Maximum number of iterations has been exceeded.", "x": "[ 1.59557277 -0.21242103  4.06403951  4.49948121 -1.54562172  2.2974114 ]", "final_simplex": "(array([[ 1.59557277, -0.21242103,  4.06403951,  4.49948121, -1.54562172,\n         2.2974114 ],\n       [ 1.60045279, -0.21156793,  4.06591737,  4.4964444 , -1.54475548,\n         2.29755347],\n       [ 1.59181545, -0.21546797,  4.08132427,  4.49160631, -1.54260388,\n         2.3141416 ],\n       [ 1.5961861 , -0.21504338,  4.06892006,  4.49474729, -1.5453934 ,\n         2.29955078],\n       [ 1.59928822, -0.21546606,  4.06556947,  4.49463309, -1.54325741,\n         2.30397077],\n       [ 1.59503202, -0.21784724,  4.07615987,  4.49694068, -1.54328796,\n         2.30541799],\n       [ 1.59439042, -0.21186234,  4.07623011,  4.49254474, -1.53643944,\n         2.30844533]]), array([0.0437178 , 0.04371786, 0.04371832, 0.04371833, 0.04372014,\n       0.04372166, 0.0437234 ]))", "callback": [0.927319214988839, 0.7344780004292812, 0.6929255520199685, 0.6578856318498971, 0.5488639469256351, 0.5037449868277373, 0.5037449868277373, 0.5022675713151383, 0.4712194071423754, 0.21789712870003564, 0.21242383174130475, 0.17257294803864498, 0.17031384570145724, 0.16468782328606324, 0.14578284301459865, 0.13379052552450077, 0.12405660942066143, 0.12112688001282546, 0.12112688001282546, 0.11506917692215701, 0.1054997242472393, 0.07741548170761114, 0.056220706831017875, 0.05246397510296086, 0.05125363151942208, 0.05096260033126587, 0.05092272984624424, 0.050912873323103125, 0.05091160147280582, 0.050910031595210015, 0.05090758509931592, 0.050903647228269566, 0.0508863406937341, 0.050779203304713194, 0.050368954241511554, 0.049918909900678266, 0.049133448614028685, 0.04847941051272131, 0.04730604131786409, 0.04671179006224635, 0.045547476841447, 0.04519237803989806, 0.04472782282875676, 0.044398732248222994, 0.044225091410397654, 0.04406989446187315, 0.043967429978285844, 0.04382440251349495, 0.04373232175841568, 0.04372492818799556]}, "5": {"maxiter": 500, "fatol": 1e-05, "xatol": 1e-10, "duration": 0.2110147476196289, "fun": "0.04371779985392177", "nit": "500", "nfev": "747", "status": "2", "success": "False", "message": "Maximum number of iterations has been exceeded.", "x": "[ 1.59557277 -0.21242103  4.06403951  4.49948121 -1.54562172  2.2974114 ]", "final_simplex": "(array([[ 1.59557277, -0.21242103,  4.06403951,  4.49948121, -1.54562172,\n         2.2974114 ],\n       [ 1.60045279, -0.21156793,  4.06591737,  4.4964444 , -1.54475548,\n         2.29755347],\n       [ 1.59181545, -0.21546797,  4.08132427,  4.49160631, -1.54260388,\n         2.3141416 ],\n       [ 1.5961861 , -0.21504338,  4.06892006,  4.49474729, -1.5453934 ,\n         2.29955078],\n       [ 1.59928822, -0.21546606,  4.06556947,  4.49463309, -1.54325741,\n         2.30397077],\n       [ 1.59503202, -0.21784724,  4.07615987,  4.49694068, -1.54328796,\n         2.30541799],\n       [ 1.59439042, -0.21186234,  4.07623011,  4.49254474, -1.53643944,\n         2.30844533]]), array([0.0437178 , 0.04371786, 0.04371832, 0.04371833, 0.04372014,\n       0.04372166, 0.0437234 ]))", "callback": [0.927319214988839, 0.7344780004292812, 0.6929255520199685, 0.6578856318498971, 0.5488639469256351, 0.5037449868277373, 0.5037449868277373, 0.5022675713151383, 0.4712194071423754, 0.21789712870003564, 0.21242383174130475, 0.17257294803864498, 0.17031384570145724, 0.16468782328606324, 0.14578284301459865, 0.13379052552450077, 0.12405660942066143, 0.12112688001282546, 0.12112688001282546, 0.11506917692215701, 0.1054997242472393, 0.07741548170761114, 0.056220706831017875, 0.05246397510296086, 0.05125363151942208, 0.05096260033126587, 0.05092272984624424, 0.050912873323103125, 0.05091160147280582, 0.050910031595210015, 0.05090758509931592, 0.050903647228269566, 0.0508863406937341, 0.050779203304713194, 0.050368954241511554, 0.049918909900678266, 0.049133448614028685, 0.04847941051272131, 0.04730604131786409, 0.04671179006224635, 0.045547476841447, 0.04519237803989806, 0.04472782282875676, 0.044398732248222994, 0.044225091410397654, 0.04406989446187315, 0.043967429978285844, 0.04382440251349495, 0.04373232175841568, 0.04372492818799556]}, "6": {"maxiter": 500, "fatol": 1e-10, "xatol": 1e-05, "duration": 0.22269487380981445, "fun": "0.04371779985392177", "nit": "500", "nfev": "747", "status": "2", "success": "False", "message": "Maximum number of iterations has been exceeded.", "x": "[ 1.59557277 -0.21242103  4.06403951  4.49948121 -1.54562172  2.2974114 ]", "final_simplex": "(array([[ 1.59557277, -0.21242103,  4.06403951,  4.49948121, -1.54562172,\n         2.2974114 ],\n       [ 1.60045279, -0.21156793,  4.06591737,  4.4964444 , -1.54475548,\n         2.29755347],\n       [ 1.59181545, -0.21546797,  4.08132427,  4.49160631, -1.54260388,\n         2.3141416 ],\n       [ 1.5961861 , -0.21504338,  4.06892006,  4.49474729, -1.5453934 ,\n         2.29955078],\n       [ 1.59928822, -0.21546606,  4.06556947,  4.49463309, -1.54325741,\n         2.30397077],\n       [ 1.59503202, -0.21784724,  4.07615987,  4.49694068, -1.54328796,\n         2.30541799],\n       [ 1.59439042, -0.21186234,  4.07623011,  4.49254474, -1.53643944,\n         2.30844533]]), array([0.0437178 , 0.04371786, 0.04371832, 0.04371833, 0.04372014,\n       0.04372166, 0.0437234 ]))", "callback": [0.927319214988839, 0.7344780004292812, 0.6929255520199685, 0.6578856318498971, 0.5488639469256351, 0.5037449868277373, 0.5037449868277373, 0.5022675713151383, 0.4712194071423754, 0.21789712870003564, 0.21242383174130475, 0.17257294803864498, 0.17031384570145724, 0.16468782328606324, 0.14578284301459865, 0.13379052552450077, 0.12405660942066143, 0.12112688001282546, 0.12112688001282546, 0.11506917692215701, 0.1054997242472393, 0.07741548170761114, 0.056220706831017875, 0.05246397510296086, 0.05125363151942208, 0.05096260033126587, 0.05092272984624424, 0.050912873323103125, 0.05091160147280582, 0.050910031595210015, 0.05090758509931592, 0.050903647228269566, 0.0508863406937341, 0.050779203304713194, 0.050368954241511554, 0.049918909900678266, 0.049133448614028685, 0.04847941051272131, 0.04730604131786409, 0.04671179006224635, 0.045547476841447, 0.04519237803989806, 0.04472782282875676, 0.044398732248222994, 0.044225091410397654, 0.04406989446187315, 0.043967429978285844, 0.04382440251349495, 0.04373232175841568, 0.04372492818799556]}, "7": {"maxiter": 500, "fatol": 1e-10, "xatol": 1e-10, "duration": 0.21080899238586426, "fun": "0.04371779985392177", "nit": "500", "nfev": "747", "status": "2", "success": "False", "message": "Maximum number of iterations has been exceeded.", "x": "[ 1.59557277 -0.21242103  4.06403951  4.49948121 -1.54562172  2.2974114 ]", "final_simplex": "(array([[ 1.59557277, -0.21242103,  4.06403951,  4.49948121, -1.54562172,\n         2.2974114 ],\n       [ 1.60045279, -0.21156793,  4.06591737,  4.4964444 , -1.54475548,\n         2.29755347],\n       [ 1.59181545, -0.21546797,  4.08132427,  4.49160631, -1.54260388,\n         2.3141416 ],\n       [ 1.5961861 , -0.21504338,  4.06892006,  4.49474729, -1.5453934 ,\n         2.29955078],\n       [ 1.59928822, -0.21546606,  4.06556947,  4.49463309, -1.54325741,\n         2.30397077],\n       [ 1.59503202, -0.21784724,  4.07615987,  4.49694068, -1.54328796,\n         2.30541799],\n       [ 1.59439042, -0.21186234,  4.07623011,  4.49254474, -1.53643944,\n         2.30844533]]), array([0.0437178 , 0.04371786, 0.04371832, 0.04371833, 0.04372014,\n       0.04372166, 0.0437234 ]))", "callback": [0.927319214988839, 0.7344780004292812, 0.6929255520199685, 0.6578856318498971, 0.5488639469256351, 0.5037449868277373, 0.5037449868277373, 0.5022675713151383, 0.4712194071423754, 0.21789712870003564, 0.21242383174130475, 0.17257294803864498, 0.17031384570145724, 0.16468782328606324, 0.14578284301459865, 0.13379052552450077, 0.12405660942066143, 0.12112688001282546, 0.12112688001282546, 0.11506917692215701, 0.1054997242472393, 0.07741548170761114, 0.056220706831017875, 0.05246397510296086, 0.05125363151942208, 0.05096260033126587, 0.05092272984624424, 0.050912873323103125, 0.05091160147280582, 0.050910031595210015, 0.05090758509931592, 0.050903647228269566, 0.0508863406937341, 0.050779203304713194, 0.050368954241511554, 0.049918909900678266, 0.049133448614028685, 0.04847941051272131, 0.04730604131786409, 0.04671179006224635, 0.045547476841447, 0.04519237803989806, 0.04472782282875676, 0.044398732248222994, 0.044225091410397654, 0.04406989446187315, 0.043967429978285844, 0.04382440251349495, 0.04373232175841568, 0.04372492818799556]}, "8": {"maxiter": 1000, "fatol": 1e-05, "xatol": 1e-05, "duration": 0.26671695709228516, "fun": "0.04371551175846744", "nit": "582", "nfev": "892", "status": "0", "success": "True", "message": "Optimization terminated successfully.", "x": "[ 1.59589652 -0.21329508  4.07147168  4.49601373 -1.54370242  2.30366454]", "final_simplex": "(array([[ 1.59589652, -0.21329508,  4.07147168,  4.49601373, -1.54370242,\n         2.30366454],\n       [ 1.59589446, -0.21329488,  4.07146646,  4.4960175 , -1.54370385,\n         2.30365673],\n       [ 1.59589576, -0.21329763,  4.07146925,  4.49601514, -1.54370484,\n         2.30365689],\n       [ 1.59589332, -0.21329939,  4.07147816,  4.49600856, -1.54370123,\n         2.3036697 ],\n       [ 1.59589868, -0.21329353,  4.07147023,  4.4960122 , -1.54370051,\n         2.30366115],\n       [ 1.59589691, -0.21329711,  4.07146583,  4.49601428, -1.54370253,\n         2.30365818],\n       [ 1.59589474, -0.21329547,  4.07147359,  4.49601653, -1.54370129,\n         2.30365983]]), array([0.04371551, 0.04371551, 0.04371551, 0.04371551, 0.04371551,\n       0.04371551, 0.04371551]))", "callback": [0.927319214988839, 0.7344780004292812, 0.6929255520199685, 0.6578856318498971, 0.5488639469256351, 0.5037449868277373, 0.5037449868277373, 0.5022675713151383, 0.4712194071423754, 0.21789712870003564, 0.21242383174130475, 0.17257294803864498, 0.17031384570145724, 0.16468782328606324, 0.14578284301459865, 0.13379052552450077, 0.12405660942066143, 0.12112688001282546, 0.12112688001282546, 0.11506917692215701, 0.1054997242472393, 0.07741548170761114, 0.056220706831017875, 0.05246397510296086, 0.05125363151942208, 0.05096260033126587, 0.05092272984624424, 0.050912873323103125, 0.05091160147280582, 0.050910031595210015, 0.05090758509931592, 0.050903647228269566, 0.0508863406937341, 0.050779203304713194, 0.050368954241511554, 0.049918909900678266, 0.049133448614028685, 0.04847941051272131, 0.04730604131786409, 0.04671179006224635, 0.045547476841447, 0.04519237803989806, 0.04472782282875676, 0.044398732248222994, 0.044225091410397654, 0.04406989446187315, 0.043967429978285844, 0.04382440251349495, 0.04373232175841568, 0.04372492818799556, 0.04371713617064088, 0.043715631501836105, 0.04371553497916503, 0.04371551745841784, 0.04371551324549583, 0.04371551195262935, 0.043715511797739026, 0.043715511764847004, 0.04371551175846744]}, "9": {"maxiter": 1000, "fatol": 1e-05, "xatol": 1e-10, "duration": 0.31702589988708496, "fun": "0.04371551175612898", "nit": "683", "nfev": "1113", "status": "0", "success": "True", "message": "Optimization terminated successfully.", "x": "[ 1.59589373 -0.21329517  4.07147419  4.49601228 -1.54370281  2.3036641 ]", "final_simplex": "(array([[ 1.59589373, -0.21329517,  4.07147419,  4.49601228, -1.54370281,\n         2.3036641 ],\n       [ 1.59589373, -0.21329517,  4.07147419,  4.49601228, -1.54370281,\n         2.3036641 ],\n       [ 1.59589373, -0.21329517,  4.07147419,  4.49601228, -1.54370281,\n         2.3036641 ],\n       [ 1.59589373, -0.21329517,  4.07147419,  4.49601228, -1.54370281,\n         2.3036641 ],\n       [ 1.59589373, -0.21329517,  4.07147419,  4.49601228, -1.54370281,\n         2.3036641 ],\n       [ 1.59589373, -0.21329517,  4.07147419,  4.49601228, -1.54370281,\n         2.3036641 ],\n       [ 1.59589373, -0.21329517,  4.07147419,  4.49601228, -1.54370281,\n         2.3036641 ]]), array([0.04371551, 0.04371551, 0.04371551, 0.04371551, 0.04371551,\n       0.04371551, 0.04371551]))", "callback": [0.927319214988839, 0.7344780004292812, 0.6929255520199685, 0.6578856318498971, 0.5488639469256351, 0.5037449868277373, 0.5037449868277373, 0.5022675713151383, 0.4712194071423754, 0.21789712870003564, 0.21242383174130475, 0.17257294803864498, 0.17031384570145724, 0.16468782328606324, 0.14578284301459865, 0.13379052552450077, 0.12405660942066143, 0.12112688001282546, 0.12112688001282546, 0.11506917692215701, 0.1054997242472393, 0.07741548170761114, 0.056220706831017875, 0.05246397510296086, 0.05125363151942208, 0.05096260033126587, 0.05092272984624424, 0.050912873323103125, 0.05091160147280582, 0.050910031595210015, 0.05090758509931592, 0.050903647228269566, 0.0508863406937341, 0.050779203304713194, 0.050368954241511554, 0.049918909900678266, 0.049133448614028685, 0.04847941051272131, 0.04730604131786409, 0.04671179006224635, 0.045547476841447, 0.04519237803989806, 0.04472782282875676, 0.044398732248222994, 0.044225091410397654, 0.04406989446187315, 0.043967429978285844, 0.04382440251349495, 0.04373232175841568, 0.04372492818799556, 0.04371713617064088, 0.043715631501836105, 0.04371553497916503, 0.04371551745841784, 0.04371551324549583, 0.04371551195262935, 0.043715511797739026, 0.043715511764847004, 0.04371551175846744, 0.04371551175692201, 0.04371551175626154, 0.04371551175615973, 0.04371551175613886, 0.04371551175613164, 0.04371551175613009, 0.04371551175612909, 0.04371551175612898, 0.04371551175612898, 0.04371551175612898]}, "10": {"maxiter": 1000, "fatol": 1e-10, "xatol": 1e-05, "duration": 0.26822400093078613, "fun": "0.04371551175846744", "nit": "582", "nfev": "892", "status": "0", "success": "True", "message": "Optimization terminated successfully.", "x": "[ 1.59589652 -0.21329508  4.07147168  4.49601373 -1.54370242  2.30366454]", "final_simplex": "(array([[ 1.59589652, -0.21329508,  4.07147168,  4.49601373, -1.54370242,\n         2.30366454],\n       [ 1.59589446, -0.21329488,  4.07146646,  4.4960175 , -1.54370385,\n         2.30365673],\n       [ 1.59589576, -0.21329763,  4.07146925,  4.49601514, -1.54370484,\n         2.30365689],\n       [ 1.59589332, -0.21329939,  4.07147816,  4.49600856, -1.54370123,\n         2.3036697 ],\n       [ 1.59589868, -0.21329353,  4.07147023,  4.4960122 , -1.54370051,\n         2.30366115],\n       [ 1.59589691, -0.21329711,  4.07146583,  4.49601428, -1.54370253,\n         2.30365818],\n       [ 1.59589474, -0.21329547,  4.07147359,  4.49601653, -1.54370129,\n         2.30365983]]), array([0.04371551, 0.04371551, 0.04371551, 0.04371551, 0.04371551,\n       0.04371551, 0.04371551]))", "callback": [0.927319214988839, 0.7344780004292812, 0.6929255520199685, 0.6578856318498971, 0.5488639469256351, 0.5037449868277373, 0.5037449868277373, 0.5022675713151383, 0.4712194071423754, 0.21789712870003564, 0.21242383174130475, 0.17257294803864498, 0.17031384570145724, 0.16468782328606324, 0.14578284301459865, 0.13379052552450077, 0.12405660942066143, 0.12112688001282546, 0.12112688001282546, 0.11506917692215701, 0.1054997242472393, 0.07741548170761114, 0.056220706831017875, 0.05246397510296086, 0.05125363151942208, 0.05096260033126587, 0.05092272984624424, 0.050912873323103125, 0.05091160147280582, 0.050910031595210015, 0.05090758509931592, 0.050903647228269566, 0.0508863406937341, 0.050779203304713194, 0.050368954241511554, 0.049918909900678266, 0.049133448614028685, 0.04847941051272131, 0.04730604131786409, 0.04671179006224635, 0.045547476841447, 0.04519237803989806, 0.04472782282875676, 0.044398732248222994, 0.044225091410397654, 0.04406989446187315, 0.043967429978285844, 0.04382440251349495, 0.04373232175841568, 0.04372492818799556, 0.04371713617064088, 0.043715631501836105, 0.04371553497916503, 0.04371551745841784, 0.04371551324549583, 0.04371551195262935, 0.043715511797739026, 0.043715511764847004, 0.04371551175846744]}, "11": {"maxiter": 1000, "fatol": 1e-10, "xatol": 1e-10, "duration": 0.30860018730163574, "fun": "0.04371551175612898", "nit": "683", "nfev": "1113", "status": "0", "success": "True", "message": "Optimization terminated successfully.", "x": "[ 1.59589373 -0.21329517  4.07147419  4.49601228 -1.54370281  2.3036641 ]", "final_simplex": "(array([[ 1.59589373, -0.21329517,  4.07147419,  4.49601228, -1.54370281,\n         2.3036641 ],\n       [ 1.59589373, -0.21329517,  4.07147419,  4.49601228, -1.54370281,\n         2.3036641 ],\n       [ 1.59589373, -0.21329517,  4.07147419,  4.49601228, -1.54370281,\n         2.3036641 ],\n       [ 1.59589373, -0.21329517,  4.07147419,  4.49601228, -1.54370281,\n         2.3036641 ],\n       [ 1.59589373, -0.21329517,  4.07147419,  4.49601228, -1.54370281,\n         2.3036641 ],\n       [ 1.59589373, -0.21329517,  4.07147419,  4.49601228, -1.54370281,\n         2.3036641 ],\n       [ 1.59589373, -0.21329517,  4.07147419,  4.49601228, -1.54370281,\n         2.3036641 ]]), array([0.04371551, 0.04371551, 0.04371551, 0.04371551, 0.04371551,\n       0.04371551, 0.04371551]))", "callback": [0.927319214988839, 0.7344780004292812, 0.6929255520199685, 0.6578856318498971, 0.5488639469256351, 0.5037449868277373, 0.5037449868277373, 0.5022675713151383, 0.4712194071423754, 0.21789712870003564, 0.21242383174130475, 0.17257294803864498, 0.17031384570145724, 0.16468782328606324, 0.14578284301459865, 0.13379052552450077, 0.12405660942066143, 0.12112688001282546, 0.12112688001282546, 0.11506917692215701, 0.1054997242472393, 0.07741548170761114, 0.056220706831017875, 0.05246397510296086, 0.05125363151942208, 0.05096260033126587, 0.05092272984624424, 0.050912873323103125, 0.05091160147280582, 0.050910031595210015, 0.05090758509931592, 0.050903647228269566, 0.0508863406937341, 0.050779203304713194, 0.050368954241511554, 0.049918909900678266, 0.049133448614028685, 0.04847941051272131, 0.04730604131786409, 0.04671179006224635, 0.045547476841447, 0.04519237803989806, 0.04472782282875676, 0.044398732248222994, 0.044225091410397654, 0.04406989446187315, 0.043967429978285844, 0.04382440251349495, 0.04373232175841568, 0.04372492818799556, 0.04371713617064088, 0.043715631501836105, 0.04371553497916503, 0.04371551745841784, 0.04371551324549583, 0.04371551195262935, 0.043715511797739026, 0.043715511764847004, 0.04371551175846744, 0.04371551175692201, 0.04371551175626154, 0.04371551175615973, 0.04371551175613886, 0.04371551175613164, 0.04371551175613009, 0.04371551175612909, 0.04371551175612898, 0.04371551175612898, 0.04371551175612898]}}, "bfgs": {"type": "gradient", "0": {"maxiter": 100, "gtol": 1e-05, "xrtol": 1e-05, "eps": 1e-05, "duration": 0.07784509658813477, "fun": "0.04371551185664857", "jac": "[-2.61604072e-06 -7.48134887e-07  6.56696919e-07  1.21294086e-06\n  1.63447034e-07  8.82982576e-07]", "hess_inv": "[[  5.84981504  -1.01438977  10.18375491  -2.71290884   2.3776757\n    9.16486708]\n [ -1.01438977   3.04412543  -2.6056472    1.27622533   0.44439246\n   -2.82640532]\n [ 10.18375491  -2.6056472   31.25008287 -10.60191307   7.37970548\n   24.66218268]\n [ -2.71290884   1.27622533 -10.60191307   6.93456743  -3.01521094\n  -10.79319326]\n [  2.3776757    0.44439246   7.37970548  -3.01521094   4.78337294\n    7.69768958]\n [  9.16486708  -2.82640532  24.66218268 -10.79319326   7.69768958\n   28.95871093]]", "nfev": "273", "njev": "39", "status": "0", "success": "True", "message": "Optimization terminated successfully.", "x": "[-1.59592327  2.92829194  7.2130178   4.4960219  -1.54372397  2.30361891]", "nit": "33", "callback": [0.8904215996095337, 0.7293583182912728, 0.7077507547899936, 0.6671406804359639, 0.5965560259452187, 0.5234367349266296, 0.5023199729179764, 0.33053998021842734, 0.3089674305627794, 0.26750388877884523, 0.1926131849072923, 0.10323214356760813, 0.08937370317263726, 0.08389494674421161, 0.08274025560812381, 0.08109412585913489, 0.07988977075461379, 0.07860929405528427, 0.07669769610719679, 0.073918322739844, 0.06985236197699607, 0.06416037630091076, 0.05653389933059083, 0.04889087648292523, 0.046948600189312906, 0.044537103137565426, 0.043889000208677365, 0.04375460549653665, 0.04371839375324971, 0.0437159329316652, 0.04371553118467186, 0.04371551281370123, 0.04371551185664857]}, "1": {"maxiter": 100, "gtol": 1e-05, "xrtol": 1e-05, "eps": 1e-10, "duration": 0.08037471771240234, "fun": "0.04371551179948918", "jac": "[-5.55111466e-06 -1.11022293e-06 -1.11022293e-06 -2.22044587e-06\n -1.11022293e-06 -1.11022293e-06]", "hess_inv": "[[ 4.44355204 -0.98313414  6.78286941 -1.70597846  1.55272206  6.44301589]\n [-0.98313414  2.96617471 -2.41028039  1.32150612  0.51186493 -2.63446743]\n [ 6.78286941 -2.41028039 23.31223661 -7.85334628  5.37349746 17.33783035]\n [-1.70597846  1.32150612 -7.85334628  5.73131173 -2.27348277 -7.890299  ]\n [ 1.55272206  0.51186493  5.37349746 -2.27348277  4.38286446  5.80995704]\n [ 6.44301589 -2.63446743 17.33783035 -7.890299    5.80995704 22.31114393]]", "nfev": "280", "njev": "40", "status": "0", "success": "True", "message": "Optimization terminated successfully.", "x": "[-1.59588719  2.92829659  7.21310876  4.49599307 -1.54368888  2.30370431]", "nit": "33", "callback": [0.8904212654120773, 0.729361558137344, 0.7077541820722957, 0.6671457176254245, 0.5965647698762058, 0.5234503172553343, 0.5023283719629441, 0.33058689232883753, 0.30849124565250285, 0.2660845130509363, 0.18986204401810247, 0.10232914236843216, 0.0892590159778569, 0.08381335573466364, 0.08267877611543273, 0.0810974837302515, 0.07979980563443112, 0.07856703757121442, 0.07669029322568544, 0.07393358674972694, 0.07003994961483084, 0.0643418875855678, 0.05679698152292234, 0.04897806516513448, 0.04572797062030576, 0.0446401921841999, 0.04392084251297301, 0.043726897683913246, 0.04371746020277367, 0.04371561424849435, 0.04371552726815808, 0.04371551525126627, 0.04371551179948918]}, "2": {"maxiter": 100, "gtol": 1e-05, "xrtol": 1e-10, "eps": 1e-05, "duration": 0.0925607681274414, "fun": "0.04371551185664857", "jac": "[-2.61604072e-06 -7.48134887e-07  6.56696919e-07  1.21294086e-06\n  1.63447034e-07  8.82982576e-07]", "hess_inv": "[[  5.84981504  -1.01438977  10.18375491  -2.71290884   2.3776757\n    9.16486708]\n [ -1.01438977   3.04412543  -2.6056472    1.27622533   0.44439246\n   -2.82640532]\n [ 10.18375491  -2.6056472   31.25008287 -10.60191307   7.37970548\n   24.66218268]\n [ -2.71290884   1.27622533 -10.60191307   6.93456743  -3.01521094\n  -10.79319326]\n [  2.3776757    0.44439246   7.37970548  -3.01521094   4.78337294\n    7.69768958]\n [  9.16486708  -2.82640532  24.66218268 -10.79319326   7.69768958\n   28.95871093]]", "nfev": "273", "njev": "39", "status": "0", "success": "True", "message": "Optimization terminated successfully.", "x": "[-1.59592327  2.92829194  7.2130178   4.4960219  -1.54372397  2.30361891]", "nit": "33", "callback": [0.8904215996095337, 0.7293583182912728, 0.7077507547899936, 0.6671406804359639, 0.5965560259452187, 0.5234367349266296, 0.5023199729179764, 0.33053998021842734, 0.3089674305627794, 0.26750388877884523, 0.1926131849072923, 0.10323214356760813, 0.08937370317263726, 0.08389494674421161, 0.08274025560812381, 0.08109412585913489, 0.07988977075461379, 0.07860929405528427, 0.07669769610719679, 0.073918322739844, 0.06985236197699607, 0.06416037630091076, 0.05653389933059083, 0.04889087648292523, 0.046948600189312906, 0.044537103137565426, 0.043889000208677365, 0.04375460549653665, 0.04371839375324971, 0.0437159329316652, 0.04371553118467186, 0.04371551281370123, 0.04371551185664857]}, "3": {"maxiter": 100, "gtol": 1e-05, "xrtol": 1e-10, "eps": 1e-10, "duration": 0.07693791389465332, "fun": "0.04371551179948918", "jac": "[-5.55111466e-06 -1.11022293e-06 -1.11022293e-06 -2.22044587e-06\n -1.11022293e-06 -1.11022293e-06]", "hess_inv": "[[ 4.44355204 -0.98313414  6.78286941 -1.70597846  1.55272206  6.44301589]\n [-0.98313414  2.96617471 -2.41028039  1.32150612  0.51186493 -2.63446743]\n [ 6.78286941 -2.41028039 23.31223661 -7.85334628  5.37349746 17.33783035]\n [-1.70597846  1.32150612 -7.85334628  5.73131173 -2.27348277 -7.890299  ]\n [ 1.55272206  0.51186493  5.37349746 -2.27348277  4.38286446  5.80995704]\n [ 6.44301589 -2.63446743 17.33783035 -7.890299    5.80995704 22.31114393]]", "nfev": "280", "njev": "40", "status": "0", "success": "True", "message": "Optimization terminated successfully.", "x": "[-1.59588719  2.92829659  7.21310876  4.49599307 -1.54368888  2.30370431]", "nit": "33", "callback": [0.8904212654120773, 0.729361558137344, 0.7077541820722957, 0.6671457176254245, 0.5965647698762058, 0.5234503172553343, 0.5023283719629441, 0.33058689232883753, 0.30849124565250285, 0.2660845130509363, 0.18986204401810247, 0.10232914236843216, 0.0892590159778569, 0.08381335573466364, 0.08267877611543273, 0.0810974837302515, 0.07979980563443112, 0.07856703757121442, 0.07669029322568544, 0.07393358674972694, 0.07003994961483084, 0.0643418875855678, 0.05679698152292234, 0.04897806516513448, 0.04572797062030576, 0.0446401921841999, 0.04392084251297301, 0.043726897683913246, 0.04371746020277367, 0.04371561424849435, 0.04371552726815808, 0.04371551525126627, 0.04371551179948918]}, "4": {"maxiter": 100, "gtol": 1e-10, "xrtol": 1e-05, "eps": 1e-05, "duration": 0.08101677894592285, "fun": "0.04371551185664857", "jac": "[-2.61604072e-06 -7.48134887e-07  6.56696919e-07  1.21294086e-06\n  1.63447034e-07  8.82982576e-07]", "hess_inv": "[[  5.84981504  -1.01438977  10.18375491  -2.71290884   2.3776757\n    9.16486708]\n [ -1.01438977   3.04412543  -2.6056472    1.27622533   0.44439246\n   -2.82640532]\n [ 10.18375491  -2.6056472   31.25008287 -10.60191307   7.37970548\n   24.66218268]\n [ -2.71290884   1.27622533 -10.60191307   6.93456743  -3.01521094\n  -10.79319326]\n [  2.3776757    0.44439246   7.37970548  -3.01521094   4.78337294\n    7.69768958]\n [  9.16486708  -2.82640532  24.66218268 -10.79319326   7.69768958\n   28.95871093]]", "nfev": "273", "njev": "39", "status": "0", "success": "True", "message": "Optimization terminated successfully.", "x": "[-1.59592327  2.92829194  7.2130178   4.4960219  -1.54372397  2.30361891]", "nit": "33", "callback": [0.8904215996095337, 0.7293583182912728, 0.7077507547899936, 0.6671406804359639, 0.5965560259452187, 0.5234367349266296, 0.5023199729179764, 0.33053998021842734, 0.3089674305627794, 0.26750388877884523, 0.1926131849072923, 0.10323214356760813, 0.08937370317263726, 0.08389494674421161, 0.08274025560812381, 0.08109412585913489, 0.07988977075461379, 0.07860929405528427, 0.07669769610719679, 0.073918322739844, 0.06985236197699607, 0.06416037630091076, 0.05653389933059083, 0.04889087648292523, 0.046948600189312906, 0.044537103137565426, 0.043889000208677365, 0.04375460549653665, 0.04371839375324971, 0.0437159329316652, 0.04371553118467186, 0.04371551281370123, 0.04371551185664857]}, "5": {"maxiter": 100, "gtol": 1e-10, "xrtol": 1e-05, "eps": 1e-10, "duration": 0.1066429615020752, "fun": "0.04371551179948885", "jac": "[-2.22044587e-06  2.22044587e-06  2.22044587e-06 -1.11022293e-06\n -1.11022293e-06  1.11022293e-06]", "hess_inv": "[[ 3.7878893  -0.83745672  5.16145377 -1.24790398  1.05318747  4.93454183]\n [-0.83745672  2.96546748 -2.22487947  1.30356236  0.57129726 -2.44575872]\n [ 5.16145377 -2.22487947 20.26823464 -7.1835458   4.42291047 14.41627056]\n [-1.24790398  1.30356236 -7.1835458   5.63326355 -2.06100232 -7.22419939]\n [ 1.05318747  0.57129726  4.42291047 -2.06100232  4.08623586  4.89916766]\n [ 4.93454183 -2.44575872 14.41627056 -7.22419939  4.89916766 19.51805004]]", "nfev": "357", "njev": "51", "status": "0", "success": "True", "message": "Optimization terminated successfully.", "x": "[-1.59588719  2.92829659  7.21310876  4.49599307 -1.54368888  2.30370431]", "nit": "34", "callback": [0.8904212654120773, 0.729361558137344, 0.7077541820722957, 0.6671457176254245, 0.5965647698762058, 0.5234503172553343, 0.5023283719629441, 0.33058689232883753, 0.30849124565250285, 0.2660845130509363, 0.18986204401810247, 0.10232914236843216, 0.0892590159778569, 0.08381335573466364, 0.08267877611543273, 0.0810974837302515, 0.07979980563443112, 0.07856703757121442, 0.07669029322568544, 0.07393358674972694, 0.07003994961483084, 0.0643418875855678, 0.05679698152292234, 0.04897806516513448, 0.04572797062030576, 0.0446401921841999, 0.04392084251297301, 0.043726897683913246, 0.04371746020277367, 0.04371561424849435, 0.04371552726815808, 0.04371551525126627, 0.04371551179948918, 0.04371551179948885]}, "6": {"maxiter": 100, "gtol": 1e-10, "xrtol": 1e-10, "eps": 1e-05, "duration": 0.12459874153137207, "fun": "0.043715511847388866", "jac": "[-1.48681067e-07  6.54809540e-08  1.37834189e-07  1.16417986e-07\n  1.09579013e-08 -2.38142839e-08]", "hess_inv": "[[  5.94197725  -0.99083715   9.86226518  -2.64715543   2.27038496\n    8.92819922]\n [ -0.99083715   2.93236205  -2.50827468   1.2675825    0.40785792\n   -2.683081  ]\n [  9.86226518  -2.50827468  31.5475087  -10.81180349   7.6931648\n   25.03937447]\n [ -2.64715543   1.2675825  -10.81180349   6.97530428  -3.09634803\n  -10.92284495]\n [  2.27038496   0.40785792   7.6931648   -3.09634803   4.89743189\n    7.97028815]\n [  8.92819922  -2.683081    25.03937447 -10.92284495   7.97028815\n   29.17933997]]", "nfev": "432", "njev": "60", "status": "2", "success": "False", "message": "Desired error not necessarily achieved due to precision loss.", "x": "[-1.59592008  2.92829416  7.2130117   4.49602473 -1.54372661  2.30361007]", "nit": "34", "callback": [0.8904215996095337, 0.7293583182912728, 0.7077507547899936, 0.6671406804359639, 0.5965560259452187, 0.5234367349266296, 0.5023199729179764, 0.33053998021842734, 0.3089674305627794, 0.26750388877884523, 0.1926131849072923, 0.10323214356760813, 0.08937370317263726, 0.08389494674421161, 0.08274025560812381, 0.08109412585913489, 0.07988977075461379, 0.07860929405528427, 0.07669769610719679, 0.073918322739844, 0.06985236197699607, 0.06416037630091076, 0.05653389933059083, 0.04889087648292523, 0.046948600189312906, 0.044537103137565426, 0.043889000208677365, 0.04375460549653665, 0.04371839375324971, 0.0437159329316652, 0.04371553118467186, 0.04371551281370123, 0.04371551185664857, 0.043715511847388866]}, "7": {"maxiter": 100, "gtol": 1e-10, "xrtol": 1e-10, "eps": 1e-10, "duration": 0.09239602088928223, "fun": "0.04371551179948885", "jac": "[-2.22044587e-06  2.22044587e-06  2.22044587e-06 -1.11022293e-06\n -1.11022293e-06  1.11022293e-06]", "hess_inv": "[[ 3.7878893  -0.83745672  5.16145377 -1.24790398  1.05318747  4.93454183]\n [-0.83745672  2.96546748 -2.22487947  1.30356236  0.57129726 -2.44575872]\n [ 5.16145377 -2.22487947 20.26823464 -7.1835458   4.42291047 14.41627056]\n [-1.24790398  1.30356236 -7.1835458   5.63326355 -2.06100232 -7.22419939]\n [ 1.05318747  0.57129726  4.42291047 -2.06100232  4.08623586  4.89916766]\n [ 4.93454183 -2.44575872 14.41627056 -7.22419939  4.89916766 19.51805004]]", "nfev": "357", "njev": "51", "status": "0", "success": "True", "message": "Optimization terminated successfully.", "x": "[-1.59588719  2.92829659  7.21310876  4.49599307 -1.54368888  2.30370431]", "nit": "34", "callback": [0.8904212654120773, 0.729361558137344, 0.7077541820722957, 0.6671457176254245, 0.5965647698762058, 0.5234503172553343, 0.5023283719629441, 0.33058689232883753, 0.30849124565250285, 0.2660845130509363, 0.18986204401810247, 0.10232914236843216, 0.0892590159778569, 0.08381335573466364, 0.08267877611543273, 0.0810974837302515, 0.07979980563443112, 0.07856703757121442, 0.07669029322568544, 0.07393358674972694, 0.07003994961483084, 0.0643418875855678, 0.05679698152292234, 0.04897806516513448, 0.04572797062030576, 0.0446401921841999, 0.04392084251297301, 0.043726897683913246, 0.04371746020277367, 0.04371561424849435, 0.04371552726815808, 0.04371551525126627, 0.04371551179948918, 0.04371551179948885]}, "8": {"maxiter": 500, "gtol": 1e-05, "xrtol": 1e-05, "eps": 1e-05, "duration": 0.08468079566955566, "fun": "0.04371551185664857", "jac": "[-2.61604072e-06 -7.48134887e-07  6.56696919e-07  1.21294086e-06\n  1.63447034e-07  8.82982576e-07]", "hess_inv": "[[  5.84981504  -1.01438977  10.18375491  -2.71290884   2.3776757\n    9.16486708]\n [ -1.01438977   3.04412543  -2.6056472    1.27622533   0.44439246\n   -2.82640532]\n [ 10.18375491  -2.6056472   31.25008287 -10.60191307   7.37970548\n   24.66218268]\n [ -2.71290884   1.27622533 -10.60191307   6.93456743  -3.01521094\n  -10.79319326]\n [  2.3776757    0.44439246   7.37970548  -3.01521094   4.78337294\n    7.69768958]\n [  9.16486708  -2.82640532  24.66218268 -10.79319326   7.69768958\n   28.95871093]]", "nfev": "273", "njev": "39", "status": "0", "success": "True", "message": "Optimization terminated successfully.", "x": "[-1.59592327  2.92829194  7.2130178   4.4960219  -1.54372397  2.30361891]", "nit": "33", "callback": [0.8904215996095337, 0.7293583182912728, 0.7077507547899936, 0.6671406804359639, 0.5965560259452187, 0.5234367349266296, 0.5023199729179764, 0.33053998021842734, 0.3089674305627794, 0.26750388877884523, 0.1926131849072923, 0.10323214356760813, 0.08937370317263726, 0.08389494674421161, 0.08274025560812381, 0.08109412585913489, 0.07988977075461379, 0.07860929405528427, 0.07669769610719679, 0.073918322739844, 0.06985236197699607, 0.06416037630091076, 0.05653389933059083, 0.04889087648292523, 0.046948600189312906, 0.044537103137565426, 0.043889000208677365, 0.04375460549653665, 0.04371839375324971, 0.0437159329316652, 0.04371553118467186, 0.04