{"date": "2024/10/08/, 18:01:12", "conf_id": 18, "data_type": "random\n", "num_data_points": 1, "s_rank": 0, "unitary": "[[-0.53618537-0.34368723j,-0.12107031-0.46226139j,-0.07699282-0.46603512j,0.36022595-0.11472301j],[0.26026499-0.63450712j,-0.56616638+0.37832564j,-0.14988651+0.08458591j,0.10363514-0.16008501j],[-0.32580188-0.11070003j,-0.36476308-0.23593218j,0.02559343+0.41761608j,-0.25598305+0.6725303j],[0.07406738-0.0126433j,0.28513701+0.19483972j,-0.74939717-0.10299659j,0.29798249+0.46269921j]]", "databatch_0": {"databatch": "[[[-0.07795419+0.29819206j,-0.27920523+0.30634329j,0.24090422-0.25277829j,-0.19851574-0.05390677j],[0.14148921-0.00563487j,0.19780328+0.26749474j,0.00702299-0.10053885j,0.16637329+0.20192603j],[-0.01382119+0.08774322j,-0.05077223+0.14263597j,-0.08386457+0.04476311j,-0.09673325-0.0103696j],[0.17755784-0.10153512j,-0.18264166-0.02059411j,0.08262112-0.26555682j,0.00847636+0.39656431j]]]", "initial param values": "[2.14174394,0.75891268,5.97015051,3.60198216,0.37068911,4.92910886]", "nelder_mead": {"type": "gradient-free", "0": {"maxiter": 100, "fatol": 1e-05, "xatol": 1e-05, "duration": 0.05425620079040527, "fun": "0.4459621821608124", "nit": "100", "nfev": "152", "status": "2", "success": "False", "message": "Maximum number of iterations has been exceeded.", "x": "[3.99475633 0.19063451 6.78752301 5.91954013 0.17688122 4.12496581]", "final_simplex": "(array([[3.99475633, 0.19063451, 6.78752301, 5.91954013, 0.17688122,\n        4.12496581],\n       [4.18805279, 0.16812121, 6.55587532, 5.89768951, 0.18483531,\n        4.11005466],\n       [3.66725882, 0.28504729, 6.8346185 , 6.13327256, 0.17289867,\n        4.00015934],\n       [3.74135893, 0.26759294, 6.80541808, 5.8989237 , 0.18577983,\n        4.03507815],\n       [3.50385274, 0.33101406, 6.99482433, 5.96672375, 0.18726758,\n        3.86924161],\n       [4.47264484, 0.09080369, 6.4732861 , 5.70507458, 0.20502695,\n        4.12810931],\n       [3.43323491, 0.3303729 , 7.04991373, 5.83334889, 0.19419295,\n        4.06898738]]), array([0.44596218, 0.44734695, 0.4560758 , 0.46515452, 0.46846527,\n       0.46906728, 0.50160148]))", "callback": [0.9176451237383044, 0.7859775667925015, 0.7374239860515823, 0.6106586506351253, 0.5833651466176435, 0.5702591264771353, 0.5618452646616929, 0.5589582395485608, 0.5544565958453009, 0.5166499103252178]}, "1": {"maxiter": 100, "fatol": 1e-05, "xatol": 1e-10, "duration": 0.05375409126281738, "fun": "0.4459621821608124", "nit": "100", "nfev": "152", "status": "2", "success": "False", "message": "Maximum number of iterations has been exceeded.", "x": "[3.99475633 0.19063451 6.78752301 5.91954013 0.17688122 4.12496581]", "final_simplex": "(array([[3.99475633, 0.19063451, 6.78752301, 5.91954013, 0.17688122,\n        4.12496581],\n       [4.18805279, 0.16812121, 6.55587532, 5.89768951, 0.18483531,\n        4.11005466],\n       [3.66725882, 0.28504729, 6.8346185 , 6.13327256, 0.17289867,\n        4.00015934],\n       [3.74135893, 0.26759294, 6.80541808, 5.8989237 , 0.18577983,\n        4.03507815],\n       [3.50385274, 0.33101406, 6.99482433, 5.96672375, 0.18726758,\n        3.86924161],\n       [4.47264484, 0.09080369, 6.4732861 , 5.70507458, 0.20502695,\n        4.12810931],\n       [3.43323491, 0.3303729 , 7.04991373, 5.83334889, 0.19419295,\n        4.06898738]]), array([0.44596218, 0.44734695, 0.4560758 , 0.46515452, 0.46846527,\n       0.46906728, 0.50160148]))", "callback": [0.9176451237383044, 0.7859775667925015, 0.7374239860515823, 0.6106586506351253, 0.5833651466176435, 0.5702591264771353, 0.5618452646616929, 0.5589582395485608, 0.5544565958453009, 0.5166499103252178]}, "2": {"maxiter": 100, "fatol": 1e-10, "xatol": 1e-05, "duration": 0.05022096633911133, "fun": "0.4459621821608124", "nit": "100", "nfev": "152", "status": "2", "success": "False", "message": "Maximum number of iterations has been exceeded.", "x": "[3.99475633 0.19063451 6.78752301 5.91954013 0.17688122 4.12496581]", "final_simplex": "(array([[3.99475633, 0.19063451, 6.78752301, 5.91954013, 0.17688122,\n        4.12496581],\n       [4.18805279, 0.16812121, 6.55587532, 5.89768951, 0.18483531,\n        4.11005466],\n       [3.66725882, 0.28504729, 6.8346185 , 6.13327256, 0.17289867,\n        4.00015934],\n       [3.74135893, 0.26759294, 6.80541808, 5.8989237 , 0.18577983,\n        4.03507815],\n       [3.50385274, 0.33101406, 6.99482433, 5.96672375, 0.18726758,\n        3.86924161],\n       [4.47264484, 0.09080369, 6.4732861 , 5.70507458, 0.20502695,\n        4.12810931],\n       [3.43323491, 0.3303729 , 7.04991373, 5.83334889, 0.19419295,\n        4.06898738]]), array([0.44596218, 0.44734695, 0.4560758 , 0.46515452, 0.46846527,\n       0.46906728, 0.50160148]))", "callback": [0.9176451237383044, 0.7859775667925015, 0.7374239860515823, 0.6106586506351253, 0.5833651466176435, 0.5702591264771353, 0.5618452646616929, 0.5589582395485608, 0.5544565958453009, 0.5166499103252178]}, "3": {"maxiter": 100, "fatol": 1e-10, "xatol": 1e-10, "duration": 0.06582784652709961, "fun": "0.4459621821608124", "nit": "100", "nfev": "152", "status": "2", "success": "False", "message": "Maximum number of iterations has been exceeded.", "x": "[3.99475633 0.19063451 6.78752301 5.91954013 0.17688122 4.12496581]", "final_simplex": "(array([[3.99475633, 0.19063451, 6.78752301, 5.91954013, 0.17688122,\n        4.12496581],\n       [4.18805279, 0.16812121, 6.55587532, 5.89768951, 0.18483531,\n        4.11005466],\n       [3.66725882, 0.28504729, 6.8346185 , 6.13327256, 0.17289867,\n        4.00015934],\n       [3.74135893, 0.26759294, 6.80541808, 5.8989237 , 0.18577983,\n        4.03507815],\n       [3.50385274, 0.33101406, 6.99482433, 5.96672375, 0.18726758,\n        3.86924161],\n       [4.47264484, 0.09080369, 6.4732861 , 5.70507458, 0.20502695,\n        4.12810931],\n       [3.43323491, 0.3303729 , 7.04991373, 5.83334889, 0.19419295,\n        4.06898738]]), array([0.44596218, 0.44734695, 0.4560758 , 0.46515452, 0.46846527,\n       0.46906728, 0.50160148]))", "callback": [0.9176451237383044, 0.7859775667925015, 0.7374239860515823, 0.6106586506351253, 0.5833651466176435, 0.5702591264771353, 0.5618452646616929, 0.5589582395485608, 0.5544565958453009, 0.5166499103252178]}, "4": {"maxiter": 500, "fatol": 1e-05, "xatol": 1e-05, "duration": 0.22357916831970215, "fun": "0.26385250481268985", "nit": "500", "nfev": "753", "status": "2", "success": "False", "message": "Maximum number of iterations has been exceeded.", "x": "[ 4.89122428  0.11961654  7.34453986  6.83582895 -1.31841967  4.88572592]", "final_simplex": "(array([[ 4.89122428,  0.11961654,  7.34453986,  6.83582895, -1.31841967,\n         4.88572592],\n       [ 4.93449116,  0.12274477,  7.36700334,  6.84636021, -1.28463659,\n         4.83707565],\n       [ 4.93878711,  0.11577954,  7.35085006,  6.84296689, -1.25547732,\n         4.81181531],\n       [ 4.90395405,  0.11078141,  7.33278399,  6.85039432, -1.26224419,\n         4.83964225],\n       [ 4.90338048,  0.12261386,  7.35115601,  6.84649917, -1.28042267,\n         4.82473753],\n       [ 4.91842655,  0.12882196,  7.34392393,  6.85334185, -1.29814169,\n         4.85229148],\n       [ 4.91332409,  0.12210613,  7.33549479,  6.82237347, -1.26124547,\n         4.82380614]]), array([0.2638525 , 0.26404988, 0.26407864, 0.26408559, 0.26416095,\n       0.26420806, 0.26422163]))", "callback": [0.9176451237383044, 0.7859775667925015, 0.7374239860515823, 0.6106586506351253, 0.5833651466176435, 0.5702591264771353, 0.5618452646616929, 0.5589582395485608, 0.5544565958453009, 0.5166499103252178, 0.4244756021090934, 0.378191096964818, 0.36109100431955, 0.3278199740522818, 0.3131497126996291, 0.31225117672812064, 0.3117372363479809, 0.31138887647250735, 0.3113450064860086, 0.3113063650383815, 0.31127853618079393, 0.31113348361291926, 0.31040898116787563, 0.3082947823906067, 0.3033808995019962, 0.2873039824744883, 0.28181733860239955, 0.2809326910978174, 0.27897715071236584, 0.2757253829229337, 0.2700176281292146, 0.26691647365724536, 0.2657234583537147, 0.26530140691040605, 0.2651659484518921, 0.26513879065499557, 0.26513468812185315, 0.2651334982812591, 0.26513289027681464, 0.2651312469742484, 0.2651261939169255, 0.2651157628440258, 0.2650952447359338, 0.2650750131999562, 0.26504379074560025, 0.2650075510614862, 0.264928543017528, 0.26473710780981863, 0.2644210895359337, 0.26420805866032215]}, "5": {"maxiter": 500, "fatol": 1e-05, "xatol": 1e-10, "duration": 0.29673218727111816, "fun": "0.26385250481268985", "nit": "500", "nfev": "753", "status": "2", "success": "False", "message": "Maximum number of iterations has been exceeded.", "x": "[ 4.89122428  0.11961654  7.34453986  6.83582895 -1.31841967  4.88572592]", "final_simplex": "(array([[ 4.89122428,  0.11961654,  7.34453986,  6.83582895, -1.31841967,\n         4.88572592],\n       [ 4.93449116,  0.12274477,  7.36700334,  6.84636021, -1.28463659,\n         4.83707565],\n       [ 4.93878711,  0.11577954,  7.35085006,  6.84296689, -1.25547732,\n         4.81181531],\n       [ 4.90395405,  0.11078141,  7.33278399,  6.85039432, -1.26224419,\n         4.83964225],\n       [ 4.90338048,  0.12261386,  7.35115601,  6.84649917, -1.28042267,\n         4.82473753],\n       [ 4.91842655,  0.12882196,  7.34392393,  6.85334185, -1.29814169,\n         4.85229148],\n       [ 4.91332409,  0.12210613,  7.33549479,  6.82237347, -1.26124547,\n         4.82380614]]), array([0.2638525 , 0.26404988, 0.26407864, 0.26408559, 0.26416095,\n       0.26420806, 0.26422163]))", "callback": [0.9176451237383044, 0.7859775667925015, 0.7374239860515823, 0.6106586506351253, 0.5833651466176435, 0.5702591264771353, 0.5618452646616929, 0.5589582395485608, 0.5544565958453009, 0.5166499103252178, 0.4244756021090934, 0.378191096964818, 0.36109100431955, 0.3278199740522818, 0.3131497126996291, 0.31225117672812064, 0.3117372363479809, 0.31138887647250735, 0.3113450064860086, 0.3113063650383815, 0.31127853618079393, 0.31113348361291926, 0.31040898116787563, 0.3082947823906067, 0.3033808995019962, 0.2873039824744883, 0.28181733860239955, 0.2809326910978174, 0.27897715071236584, 0.2757253829229337, 0.2700176281292146, 0.26691647365724536, 0.2657234583537147, 0.26530140691040605, 0.2651659484518921, 0.26513879065499557, 0.26513468812185315, 0.2651334982812591, 0.26513289027681464, 0.2651312469742484, 0.2651261939169255, 0.2651157628440258, 0.2650952447359338, 0.2650750131999562, 0.26504379074560025, 0.2650075510614862, 0.264928543017528, 0.26473710780981863, 0.2644210895359337, 0.26420805866032215]}, "6": {"maxiter": 500, "fatol": 1e-10, "xatol": 1e-05, "duration": 0.23591303825378418, "fun": "0.26385250481268985", "nit": "500", "nfev": "753", "status": "2", "success": "False", "message": "Maximum number of iterations has been exceeded.", "x": "[ 4.89122428  0.11961654  7.34453986  6.83582895 -1.31841967  4.88572592]", "final_simplex": "(array([[ 4.89122428,  0.11961654,  7.34453986,  6.83582895, -1.31841967,\n         4.88572592],\n       [ 4.93449116,  0.12274477,  7.36700334,  6.84636021, -1.28463659,\n         4.83707565],\n       [ 4.93878711,  0.11577954,  7.35085006,  6.84296689, -1.25547732,\n         4.81181531],\n       [ 4.90395405,  0.11078141,  7.33278399,  6.85039432, -1.26224419,\n         4.83964225],\n       [ 4.90338048,  0.12261386,  7.35115601,  6.84649917, -1.28042267,\n         4.82473753],\n       [ 4.91842655,  0.12882196,  7.34392393,  6.85334185, -1.29814169,\n         4.85229148],\n       [ 4.91332409,  0.12210613,  7.33549479,  6.82237347, -1.26124547,\n         4.82380614]]), array([0.2638525 , 0.26404988, 0.26407864, 0.26408559, 0.26416095,\n       0.26420806, 0.26422163]))", "callback": [0.9176451237383044, 0.7859775667925015, 0.7374239860515823, 0.6106586506351253, 0.5833651466176435, 0.5702591264771353, 0.5618452646616929, 0.5589582395485608, 0.5544565958453009, 0.5166499103252178, 0.4244756021090934, 0.378191096964818, 0.36109100431955, 0.3278199740522818, 0.3131497126996291, 0.31225117672812064, 0.3117372363479809, 0.31138887647250735, 0.3113450064860086, 0.3113063650383815, 0.31127853618079393, 0.31113348361291926, 0.31040898116787563, 0.3082947823906067, 0.3033808995019962, 0.2873039824744883, 0.28181733860239955, 0.2809326910978174, 0.27897715071236584, 0.2757253829229337, 0.2700176281292146, 0.26691647365724536, 0.2657234583537147, 0.26530140691040605, 0.2651659484518921, 0.26513879065499557, 0.26513468812185315, 0.2651334982812591, 0.26513289027681464, 0.2651312469742484, 0.2651261939169255, 0.2651157628440258, 0.2650952447359338, 0.2650750131999562, 0.26504379074560025, 0.2650075510614862, 0.264928543017528, 0.26473710780981863, 0.2644210895359337, 0.26420805866032215]}, "7": {"maxiter": 500, "fatol": 1e-10, "xatol": 1e-10, "duration": 0.2508528232574463, "fun": "0.26385250481268985", "nit": "500", "nfev": "753", "status": "2", "success": "False", "message": "Maximum number of iterations has been exceeded.", "x": "[ 4.89122428  0.11961654  7.34453986  6.83582895 -1.31841967  4.88572592]", "final_simplex": "(array([[ 4.89122428,  0.11961654,  7.34453986,  6.83582895, -1.31841967,\n         4.88572592],\n       [ 4.93449116,  0.12274477,  7.36700334,  6.84636021, -1.28463659,\n         4.83707565],\n       [ 4.93878711,  0.11577954,  7.35085006,  6.84296689, -1.25547732,\n         4.81181531],\n       [ 4.90395405,  0.11078141,  7.33278399,  6.85039432, -1.26224419,\n         4.83964225],\n       [ 4.90338048,  0.12261386,  7.35115601,  6.84649917, -1.28042267,\n         4.82473753],\n       [ 4.91842655,  0.12882196,  7.34392393,  6.85334185, -1.29814169,\n         4.85229148],\n       [ 4.91332409,  0.12210613,  7.33549479,  6.82237347, -1.26124547,\n         4.82380614]]), array([0.2638525 , 0.26404988, 0.26407864, 0.26408559, 0.26416095,\n       0.26420806, 0.26422163]))", "callback": [0.9176451237383044, 0.7859775667925015, 0.7374239860515823, 0.6106586506351253, 0.5833651466176435, 0.5702591264771353, 0.5618452646616929, 0.5589582395485608, 0.5544565958453009, 0.5166499103252178, 0.4244756021090934, 0.378191096964818, 0.36109100431955, 0.3278199740522818, 0.3131497126996291, 0.31225117672812064, 0.3117372363479809, 0.31138887647250735, 0.3113450064860086, 0.3113063650383815, 0.31127853618079393, 0.31113348361291926, 0.31040898116787563, 0.3082947823906067, 0.3033808995019962, 0.2873039824744883, 0.28181733860239955, 0.2809326910978174, 0.27897715071236584, 0.2757253829229337, 0.2700176281292146, 0.26691647365724536, 0.2657234583537147, 0.26530140691040605, 0.2651659484518921, 0.26513879065499557, 0.26513468812185315, 0.2651334982812591, 0.26513289027681464, 0.2651312469742484, 0.2651261939169255, 0.2651157628440258, 0.2650952447359338, 0.2650750131999562, 0.26504379074560025, 0.2650075510614862, 0.264928543017528, 0.26473710780981863, 0.2644210895359337, 0.26420805866032215]}, "8": {"maxiter": 1000, "fatol": 1e-05, "xatol": 1e-05, "duration": 0.3316199779510498, "fun": "0.2617842539369707", "nit": "662", "nfev": "1020", "status": "0", "success": "True", "message": "Optimization terminated successfully.", "x": "[ 4.88328609  0.01154195  7.36095626  6.84045069 -1.42946105  5.00958646]", "final_simplex": "(array([[ 4.88328609,  0.01154195,  7.36095626,  6.84045069, -1.42946105,\n         5.00958646],\n       [ 4.88328612,  0.01154421,  7.36095633,  6.84045165, -1.42946725,\n         5.00959314],\n       [ 4.88328841,  0.01154461,  7.36095124,  6.84045001, -1.42946209,\n         5.00959114],\n       [ 4.88329243,  0.0115438 ,  7.36095904,  6.84045381, -1.42946826,\n         5.00958958],\n       [ 4.88329269,  0.01154556,  7.36096401,  6.84045038, -1.42946206,\n         5.00958175],\n       [ 4.88328768,  0.01154166,  7.36095921,  6.84045   , -1.42946478,\n         5.00959137],\n       [ 4.88329547,  0.01154589,  7.36096261,  6.84045714, -1.42946381,\n         5.0095876 ]]), array([0.26178425, 0.26178425, 0.26178425, 0.26178425, 0.26178425,\n       0.26178425, 0.26178425]))", "callback": [0.9176451237383044, 0.7859775667925015, 0.7374239860515823, 0.6106586506351253, 0.5833651466176435, 0.5702591264771353, 0.5618452646616929, 0.5589582395485608, 0.5544565958453009, 0.5166499103252178, 0.4244756021090934, 0.378191096964818, 0.36109100431955, 0.3278199740522818, 0.3131497126996291, 0.31225117672812064, 0.3117372363479809, 0.31138887647250735, 0.3113450064860086, 0.3113063650383815, 0.31127853618079393, 0.31113348361291926, 0.31040898116787563, 0.3082947823906067, 0.3033808995019962, 0.2873039824744883, 0.28181733860239955, 0.2809326910978174, 0.27897715071236584, 0.2757253829229337, 0.2700176281292146, 0.26691647365724536, 0.2657234583537147, 0.26530140691040605, 0.2651659484518921, 0.26513879065499557, 0.26513468812185315, 0.2651334982812591, 0.26513289027681464, 0.2651312469742484, 0.2651261939169255, 0.2651157628440258, 0.2650952447359338, 0.2650750131999562, 0.26504379074560025, 0.2650075510614862, 0.264928543017528, 0.26473710780981863, 0.2644210895359337, 0.26420805866032215, 0.2637290348127256, 0.26323978069691456, 0.2626553390012316, 0.26200049622627153, 0.2618214773519486, 0.26181651830617736, 0.26179062929866026, 0.26178542777315816, 0.2617844385054907, 0.2617842810144627, 0.2617842615949445, 0.26178425553911855, 0.26178425413833484, 0.2617842540888824, 0.26178425397800364, 0.2617842539464077, 0.2617842539369707]}, "9": {"maxiter": 1000, "fatol": 1e-05, "xatol": 1e-10, "duration": 0.3852238655090332, "fun": "0.26178425393235116", "nit": "768", "nfev": "1251", "status": "0", "success": "True", "message": "Optimization terminated successfully.", "x": "[ 4.8832916   0.01154677  7.36095624  6.84045114 -1.42945893  5.00958273]", "final_simplex": "(array([[ 4.8832916 ,  0.01154677,  7.36095624,  6.84045114, -1.42945893,\n         5.00958273],\n       [ 4.8832916 ,  0.01154677,  7.36095624,  6.84045114, -1.42945893,\n         5.00958273],\n       [ 4.8832916 ,  0.01154677,  7.36095624,  6.84045114, -1.42945893,\n         5.00958273],\n       [ 4.8832916 ,  0.01154677,  7.36095624,  6.84045114, -1.42945893,\n         5.00958273],\n       [ 4.8832916 ,  0.01154677,  7.36095624,  6.84045114, -1.42945893,\n         5.00958273],\n       [ 4.8832916 ,  0.01154677,  7.36095624,  6.84045114, -1.42945893,\n         5.00958273],\n       [ 4.8832916 ,  0.01154677,  7.36095624,  6.84045114, -1.42945893,\n         5.00958273]]), array([0.26178425, 0.26178425, 0.26178425, 0.26178425, 0.26178425,\n       0.26178425, 0.26178425]))", "callback": [0.9176451237383044, 0.7859775667925015, 0.7374239860515823, 0.6106586506351253, 0.5833651466176435, 0.5702591264771353, 0.5618452646616929, 0.5589582395485608, 0.5544565958453009, 0.5166499103252178, 0.4244756021090934, 0.378191096964818, 0.36109100431955, 0.3278199740522818, 0.3131497126996291, 0.31225117672812064, 0.3117372363479809, 0.31138887647250735, 0.3113450064860086, 0.3113063650383815, 0.31127853618079393, 0.31113348361291926, 0.31040898116787563, 0.3082947823906067, 0.3033808995019962, 0.2873039824744883, 0.28181733860239955, 0.2809326910978174, 0.27897715071236584, 0.2757253829229337, 0.2700176281292146, 0.26691647365724536, 0.2657234583537147, 0.26530140691040605, 0.2651659484518921, 0.26513879065499557, 0.26513468812185315, 0.2651334982812591, 0.26513289027681464, 0.2651312469742484, 0.2651261939169255, 0.2651157628440258, 0.2650952447359338, 0.2650750131999562, 0.26504379074560025, 0.2650075510614862, 0.264928543017528, 0.26473710780981863, 0.2644210895359337, 0.26420805866032215, 0.2637290348127256, 0.26323978069691456, 0.2626553390012316, 0.26200049622627153, 0.2618214773519486, 0.26181651830617736, 0.26179062929866026, 0.26178542777315816, 0.2617844385054907, 0.2617842810144627, 0.2617842615949445, 0.26178425553911855, 0.26178425413833484, 0.2617842540888824, 0.26178425397800364, 0.2617842539464077, 0.2617842539369707, 0.2617842539331884, 0.26178425393251015, 0.26178425393241234, 0.2617842539323598, 0.2617842539323545, 0.2617842539323524, 0.2617842539323517, 0.2617842539323513, 0.26178425393235116, 0.26178425393235116]}, "10": {"maxiter": 1000, "fatol": 1e-10, "xatol": 1e-05, "duration": 0.3265810012817383, "fun": "0.2617842539369707", "nit": "662", "nfev": "1020", "status": "0", "success": "True", "message": "Optimization terminated successfully.", "x": "[ 4.88328609  0.01154195  7.36095626  6.84045069 -1.42946105  5.00958646]", "final_simplex": "(array([[ 4.88328609,  0.01154195,  7.36095626,  6.84045069, -1.42946105,\n         5.00958646],\n       [ 4.88328612,  0.01154421,  7.36095633,  6.84045165, -1.42946725,\n         5.00959314],\n       [ 4.88328841,  0.01154461,  7.36095124,  6.84045001, -1.42946209,\n         5.00959114],\n       [ 4.88329243,  0.0115438 ,  7.36095904,  6.84045381, -1.42946826,\n         5.00958958],\n       [ 4.88329269,  0.01154556,  7.36096401,  6.84045038, -1.42946206,\n         5.00958175],\n       [ 4.88328768,  0.01154166,  7.36095921,  6.84045   , -1.42946478,\n         5.00959137],\n       [ 4.88329547,  0.01154589,  7.36096261,  6.84045714, -1.42946381,\n         5.0095876 ]]), array([0.26178425, 0.26178425, 0.26178425, 0.26178425, 0.26178425,\n       0.26178425, 0.26178425]))", "callback": [0.9176451237383044, 0.7859775667925015, 0.7374239860515823, 0.6106586506351253, 0.5833651466176435, 0.5702591264771353, 0.5618452646616929, 0.5589582395485608, 0.5544565958453009, 0.5166499103252178, 0.4244756021090934, 0.378191096964818, 0.36109100431955, 0.3278199740522818, 0.3131497126996291, 0.31225117672812064, 0.3117372363479809, 0.31138887647250735, 0.3113450064860086, 0.3113063650383815, 0.31127853618079393, 0.31113348361291926, 0.31040898116787563, 0.3082947823906067, 0.3033808995019962, 0.2873039824744883, 0.28181733860239955, 0.2809326910978174, 0.27897715071236584, 0.2757253829229337, 0.2700176281292146, 0.26691647365724536, 0.2657234583537147, 0.26530140691040605, 0.2651659484518921, 0.26513879065499557, 0.26513468812185315, 0.2651334982812591, 0.26513289027681464, 0.2651312469742484, 0.2651261939169255, 0.2651157628440258, 0.2650952447359338, 0.2650750131999562, 0.26504379074560025, 0.2650075510614862, 0.264928543017528, 0.26473710780981863, 0.2644210895359337, 0.26420805866032215, 0.2637290348127256, 0.26323978069691456, 0.2626553390012316, 0.26200049622627153, 0.2618214773519486, 0.26181651830617736, 0.26179062929866026, 0.26178542777315816, 0.2617844385054907, 0.2617842810144627, 0.2617842615949445, 0.26178425553911855, 0.26178425413833484, 0.2617842540888824, 0.26178425397800364, 0.2617842539464077, 0.2617842539369707]}, "11": {"maxiter": 1000, "fatol": 1e-10, "xatol": 1e-10, "duration": 0.40598607063293457, "fun": "0.26178425393235116", "nit": "768", "nfev": "1251", "status": "0", "success": "True", "message": "Optimization terminated successfully.", "x": "[ 4.8832916   0.01154677  7.36095624  6.84045114 -1.42945893  5.00958273]", "final_simplex": "(array([[ 4.8832916 ,  0.01154677,  7.36095624,  6.84045114, -1.42945893,\n         5.00958273],\n       [ 4.8832916 ,  0.01154677,  7.36095624,  6.84045114, -1.42945893,\n         5.00958273],\n       [ 4.8832916 ,  0.01154677,  7.36095624,  6.84045114, -1.42945893,\n         5.00958273],\n       [ 4.8832916 ,  0.01154677,  7.36095624,  6.84045114, -1.42945893,\n         5.00958273],\n       [ 4.8832916 ,  0.01154677,  7.36095624,  6.84045114, -1.42945893,\n         5.00958273],\n       [ 4.8832916 ,  0.01154677,  7.36095624,  6.84045114, -1.42945893,\n         5.00958273],\n       [ 4.8832916 ,  0.01154677,  7.36095624,  6.84045114, -1.42945893,\n         5.00958273]]), array([0.26178425, 0.26178425, 0.26178425, 0.26178425, 0.26178425,\n       0.26178425, 0.26178425]))", "callback": [0.9176451237383044, 0.7859775667925015, 0.7374239860515823, 0.6106586506351253, 0.5833651466176435, 0.5702591264771353, 0.5618452646616929, 0.5589582395485608, 0.5544565958453009, 0.5166499103252178, 0.4244756021090934, 0.378191096964818, 0.36109100431955, 0.3278199740522818, 0.3131497126996291, 0.31225117672812064, 0.3117372363479809, 0.31138887647250735, 0.3113450064860086, 0.3113063650383815, 0.31127853618079393, 0.31113348361291926, 0.31040898116787563, 0.3082947823906067, 0.3033808995019962, 0.2873039824744883, 0.28181733860239955, 0.2809326910978174, 0.27897715071236584, 0.2757253829229337, 0.2700176281292146, 0.26691647365724536, 0.2657234583537147, 0.26530140691040605, 0.2651659484518921, 0.26513879065499557, 0.26513468812185315, 0.2651334982812591, 0.26513289027681464, 0.2651312469742484, 0.2651261939169255, 0.2651157628440258, 0.2650952447359338, 0.2650750131999562, 0.26504379074560025, 0.2650075510614862, 0.264928543017528, 0.26473710780981863, 0.2644210895359337, 0.26420805866032215, 0.2637290348127256, 0.26323978069691456, 0.2626553390012316, 0.26200049622627153, 0.2618214773519486, 0.26181651830617736, 0.26179062929866026, 0.26178542777315816, 0.2617844385054907, 0.2617842810144627, 0.2617842615949445, 0.26178425553911855, 0.26178425413833484, 0.2617842540888824, 0.26178425397800364, 0.2617842539464077, 0.2617842539369707, 0.2617842539331884, 0.26178425393251015, 0.26178425393241234, 0.2617842539323598, 0.2617842539323545, 0.2617842539323524, 0.2617842539323517, 0.2617842539323513, 0.26178425393235116, 0.26178425393235116]}}, "bfgs": {"type": "gradient", "0": {"maxiter": 100, "gtol": 1e-05, "xrtol": 1e-05, "eps": 1e-05, "duration": 0.07038521766662598, "fun": "0.26178425398061667", "jac": "[-1.00608410e-06  7.08555437e-07  2.20194973e-06 -3.15809601e-06\n  1.36279876e-06  1.54665170e-07]", "hess_inv": "[[ 7.34644018e+00  1.51733227e+00  3.03780088e+00 -4.78907922e-01\n   1.41930633e+00 -3.56470021e+00]\n [ 1.51733227e+00  3.39293996e+00  8.33544582e-01 -1.50225492e-02\n   9.29419558e-01 -2.61830673e+00]\n [ 3.03780088e+00  8.33544582e-01  5.58962434e+00 -7.72432285e-01\n  -1.74677176e+00 -1.33007835e+00]\n [-4.78907922e-01 -1.50225492e-02 -7.72432285e-01  3.33862506e+00\n   3.02721582e-01  1.18999190e-01]\n [ 1.41930633e+00  9.29419558e-01 -1.74677176e+00  3.02721582e-01\n   1.52552729e+01 -1.32847725e+01]\n [-3.56470021e+00 -2.61830673e+00 -1.33007835e+00  1.18999190e-01\n  -1.32847725e+01  1.61396060e+01]]", "nfev": "210", "njev": "30", "status": "0", "success": "True", "message": "Optimization terminated successfully.", "x": "[4.88328385 0.01154283 7.36095732 5.72590641 1.71214128 1.8679809 ]", "nit": "23", "callback": [0.7132592700829266, 0.46211333031764235, 0.39537905336127155, 0.34032979884777936, 0.3220705663799317, 0.31410050512158527, 0.30810215609559, 0.2972895931114714, 0.2817938173756702, 0.27852152744689984, 0.2752422787310319, 0.2703197302805602, 0.26703792751219513, 0.26507549773191963, 0.26253242053404113, 0.26190139147604674, 0.261801653476606, 0.2617900876303002, 0.26178569361314774, 0.26178449715321406, 0.26178426618765793, 0.2617842543730271, 0.26178425398061667]}, "1": {"maxiter": 100, "gtol": 1e-05, "xrtol": 1e-05, "eps": 1e-10, "duration": 0.0721590518951416, "fun": "0.26178425403326344", "jac": "[-1.11022293e-06  2.22044606e-06  3.33066880e-06 -1.11022293e-06\n  2.22044587e-06 -2.22044587e-06]", "hess_inv": "[[  7.32904135   1.51672364   3.11301846  -0.49219128   1.27832913\n   -3.45453444]\n [  1.51672364   3.41463331   0.83448072   0.08251898   0.83351077\n   -2.4911289 ]\n [  3.11301846   0.83448072   5.65400329  -0.7969195   -1.62500049\n   -1.51039291]\n [ -0.49219128   0.08251898  -0.7969195    3.29940653   0.39976547\n    0.07322237]\n [  1.27832913   0.83351077  -1.62500049   0.39976547  14.67767238\n  -12.77294219]\n [ -3.45453444  -2.4911289   -1.51039291   0.07322237 -12.77294219\n   15.76163635]]", "nfev": "210", "njev": "30", "status": "0", "success": "True", "message": "Optimization terminated successfully.", "x": "[4.88330576 0.01155903 7.36097588 5.72592442 1.71216317 1.86795025]", "nit": "23", "callback": [0.7132586394512315, 0.46211180969294896, 0.3953781733936196, 0.3403299479162293, 0.3220700557290186, 0.31409967800578664, 0.30810195951142005, 0.29729072845977644, 0.281795625417953, 0.2785240817971306, 0.27524556378129705, 0.27032369885156915, 0.2670392472755375, 0.2650760526071143, 0.26253276906095513, 0.26190178856010715, 0.26180166318335174, 0.2617900833415848, 0.2617856900131843, 0.2617844941447023, 0.26178426687357603, 0.26178425437317465, 0.26178425403326344]}, "2": {"maxiter": 100, "gtol": 1e-05, "xrtol": 1e-10, "eps": 1e-05, "duration": 0.06474518775939941, "fun": "0.26178425398061667", "jac": "[-1.00608410e-06  7.08555437e-07  2.20194973e-06 -3.15809601e-06\n  1.36279876e-06  1.54665170e-07]", "hess_inv": "[[ 7.34644018e+00  1.51733227e+00  3.03780088e+00 -4.78907922e-01\n   1.41930633e+00 -3.56470021e+00]\n [ 1.51733227e+00  3.39293996e+00  8.33544582e-01 -1.50225492e-02\n   9.29419558e-01 -2.61830673e+00]\n [ 3.03780088e+00  8.33544582e-01  5.58962434e+00 -7.72432285e-01\n  -1.74677176e+00 -1.33007835e+00]\n [-4.78907922e-01 -1.50225492e-02 -7.72432285e-01  3.33862506e+00\n   3.02721582e-01  1.18999190e-01]\n [ 1.41930633e+00  9.29419558e-01 -1.74677176e+00  3.02721582e-01\n   1.52552729e+01 -1.32847725e+01]\n [-3.56470021e+00 -2.61830673e+00 -1.33007835e+00  1.18999190e-01\n  -1.32847725e+01  1.61396060e+01]]", "nfev": "210", "njev": "30", "status": "0", "success": "True", "message": "Optimization terminated successfully.", "x": "[4.88328385 0.01154283 7.36095732 5.72590641 1.71214128 1.8679809 ]", "nit": "23", "callback": [0.7132592700829266, 0.46211333031764235, 0.39537905336127155, 0.34032979884777936, 0.3220705663799317, 0.31410050512158527, 0.30810215609559, 0.2972895931114714, 0.2817938173756702, 0.27852152744689984, 0.2752422787310319, 0.2703197302805602, 0.26703792751219513, 0.26507549773191963, 0.26253242053404113, 0.26190139147604674, 0.261801653476606, 0.2617900876303002, 0.26178569361314774, 0.26178449715321406, 0.26178426618765793, 0.2617842543730271, 0.26178425398061667]}, "3": {"maxiter": 100, "gtol": 1e-05, "xrtol": 1e-10, "eps": 1e-10, "duration": 0.06485509872436523, "fun": "0.26178425403326344", "jac": "[-1.11022293e-06  2.22044606e-06  3.33066880e-06 -1.11022293e-06\n  2.22044587e-06 -2.22044587e-06]", "hess_inv": "[[  7.32904135   1.51672364   3.11301846  -0.49219128   1.27832913\n   -3.45453444]\n [  1.51672364   3.41463331   0.83448072   0.08251898   0.83351077\n   -2.4911289 ]\n [  3.11301846   0.83448072   5.65400329  -0.7969195   -1.62500049\n   -1.51039291]\n [ -0.49219128   0.08251898  -0.7969195    3.29940653   0.39976547\n    0.07322237]\n [  1.27832913   0.83351077  -1.62500049   0.39976547  14.67767238\n  -12.77294219]\n [ -3.45453444  -2.4911289   -1.51039291   0.07322237 -12.77294219\n   15.76163635]]", "nfev": "210", "njev": "30", "status": "0", "success": "True", "message": "Optimization terminated successfully.", "x": "[4.88330576 0.01155903 7.36097588 5.72592442 1.71216317 1.86795025]", "nit": "23", "callback": [0.7132586394512315, 0.46211180969294896, 0.3953781733936196, 0.3403299479162293, 0.3220700557290186, 0.31409967800578664, 0.30810195951142005, 0.29729072845977644, 0.281795625417953, 0.2785240817971306, 0.27524556378129705, 0.27032369885156915, 0.2670392472755375, 0.2650760526071143, 0.26253276906095513, 0.26190178856010715, 0.26180166318335174, 0.2617900833415848, 0.2617856900131843, 0.2617844941447023, 0.26178426687357603, 0.26178425437317465, 0.26178425403326344]}, "4": {"maxiter": 100, "gtol": 1e-10, "xrtol": 1e-05, "eps": 1e-05, "duration": 0.06812405586242676, "fun": "0.26178425395114435", "jac": "[-1.05249143e-08 -3.07975867e-08  6.20281604e-08 -2.40918396e-08\n  1.04871667e-07  8.75410855e-08]", "hess_inv": "[[  7.44348381   1.47851978   2.81196093  -0.32107263   1.26033501\n   -3.4013148 ]\n [  1.47851978   3.34730289   0.7091945    0.12854101   0.76324099\n   -2.40219277]\n [  2.81196093   0.7091945    5.36168233  -0.41425721  -2.18327756\n   -0.722373  ]\n [ -0.32107263   0.12854101  -0.41425721   2.89682963   0.82063194\n   -0.56645402]\n [  1.26033501   0.76324099  -2.18327756   0.82063194  14.65255928\n  -12.49506625]\n [ -3.4013148   -2.40219277  -0.722373    -0.56645402 -12.49506625\n   15.11940351]]", "nfev": "217", "njev": "31", "status": "0", "success": "True", "message": "Optimization terminated successfully.", "x": "[4.88328189 0.01154012 7.36094962 5.72591502 1.71213137 1.86799367]", "nit": "24", "callback": [0.7132592700829266, 0.46211333031764235, 0.39537905336127155, 0.34032979884777936, 0.3220705663799317, 0.31410050512158527, 0.30810215609559, 0.2972895931114714, 0.2817938173756702, 0.27852152744689984, 0.2752422787310319, 0.2703197302805602, 0.26703792751219513, 0.26507549773191963, 0.26253242053404113, 0.26190139147604674, 0.261801653476606, 0.2617900876303002, 0.26178569361314774, 0.26178449715321406, 0.26178426618765793, 0.2617842543730271, 0.26178425398061667, 0.26178425395114435]}, "5": {"maxiter": 100, "gtol": 1e-10, "xrtol": 1e-05, "eps": 1e-10, "duration": 0.06522274017333984, "fun": "0.26178425403326344", "jac": "[-1.11022293e-06  2.22044606e-06  3.33066880e-06 -1.11022293e-06\n  2.22044587e-06 -2.22044587e-06]", "hess_inv": "[[  7.32904135   1.51672364   3.11301846  -0.49219128   1.27832913\n   -3.45453444]\n [  1.51672364   3.41463331   0.83448072   0.08251898   0.83351077\n   -2.4911289 ]\n [  3.11301846   0.83448072   5.65400329  -0.7969195   -1.62500049\n   -1.51039291]\n [ -0.49219128   0.08251898  -0.7969195    3.29940653   0.39976547\n    0.07322237]\n [  1.27832913   0.83351077  -1.62500049   0.39976547  14.67767238\n  -12.77294219]\n [ -3.45453444  -2.4911289   -1.51039291   0.07322237 -12.77294219\n   15.76163635]]", "nfev": "210", "njev": "30", "status": "0", "success": "True", "message": "Optimization terminated successfully.", "x": "[4.88330576 0.01155903 7.36097588 5.72592442 1.71216317 1.86795025]", "nit": "23", "callback": [0.7132586394512315, 0.46211180969294896, 0.3953781733936196, 0.3403299479162293, 0.3220700557290186, 0.31409967800578664, 0.30810195951142005, 0.29729072845977644, 0.281795625417953, 0.2785240817971306, 0.27524556378129705, 0.27032369885156915, 0.2670392472755375, 0.2650760526071143, 0.26253276906095513, 0.26190178856010715, 0.26180166318335174, 0.2617900833415848, 0.2617856900131843, 0.2617844941447023, 0.26178426687357603, 0.26178425437317465, 0.26178425403326344]}, "6": {"maxiter": 100, "gtol": 1e-10, "xrtol": 1e-10, "eps": 1e-05, "duration": 0.08327889442443848, "fun": "0.26178425395109883", "jac": "[ 0.00000000e+00 -9.99200722e-11 -4.44089210e-11  1.11022302e-11\n -3.33066907e-11 -7.77156117e-11]", "hess_inv": "[[  7.52255728   1.67580206   2.87781969  -0.30899533   0.98561998\n   -3.35273746]\n [  1.67580206   3.80973961   0.83672862   0.1759115    0.13041687\n   -2.33924706]\n [  2.87781969   0.83672862   5.35483494  -0.36617675  -2.36191615\n   -0.74938122]\n [ -0.30899533   0.1759115   -0.36617675   2.870405     0.76811136\n   -0.53690846]\n [  0.98561998   0.13041687  -2.36191615   0.76811136  15.48013303\n  -12.52609849]\n [ -3.35273746  -2.33924706  -0.74938122  -0.53690846 -12.52609849\n   14.98793048]]", "nfev": "259", "njev": "37", "status": "0", "success": "True", "message": "Optimization terminated successfully.", "x": "[4.88328203 0.0115404  7.36094965 5.72591508 1.71213102 1.8679936 ]", "nit": "28", "callback": [0.7132592700829266, 0.46211333031764235, 0.39537905336127155, 0.34032979884777936, 0.3220705663799317, 0.31410050512158527, 0.30810215609559, 0.2972895931114714, 0.2817938173756702, 0.27852152744689984, 0.2752422787310319, 0.2703197302805602, 0.26703792751219513, 0.26507549773191963, 0.26253242053404113, 0.26190139147604674, 0.261801653476606, 0.2617900876303002, 0.26178569361314774, 0.26178449715321406, 0.26178426618765793, 0.2617842543730271, 0.26178425398061667, 0.26178425395114435, 0.261784253951143, 0.2617842539511277, 0.2617842539511004, 0.26178425395109883]}, "7": {"maxiter": 100, "gtol": 1e-10, "xrtol": 1e-10, "eps": 1e-10, "duration": 0.08957529067993164, "fun": "0.2617842539380728", "jac": "[2.22044587e-06 0.00000000e+00 1.11022293e-06 2.22044587e-06\n 1.11022293e-06 2.22044587e-06]", "hess_inv": "[[ 3.59881274  1.47874723 -1.07411698 -1.33285327 -0.17353861 -0.07581688]\n [ 1.47874723  1.23421124 -0.41537127 -1.36203099  0.1453956  -0.00463622]\n [-1.07411698 -0.41537127  1.82107823  0.51983687 -0.11949613  0.00624893]\n [-1.33285327 -1.36203099  0.51983687  2.2461096  -0.82353853  0.07855981]\n [-0.17353861  0.1453956  -0.11949613 -0.82353853  0.71015039 -0.07553113]\n [-0.07581688 -0.00463622  0.00624893  0.07855981 -0.07553113  0.11098701]]", "nfev": "301", "njev": "43", "status": "0", "success": "True", "message": "Optimization terminated successfully.", "x": "[4.88329676 0.0115469  7.36096037 5.72591822 1.71212431 1.86799852]", "nit": "29", "callback": [0.7132586394512315, 0.46211180969294896, 0.3953781733936196, 0.3403299479162293, 0.3220700557290186, 0.31409967800578664, 0.30810195951142005, 0.29729072845977644, 0.281795625417953, 0.2785240817971306, 0.27524556378129705, 0.27032369885156915, 0.2670392472755375, 0.2650760526071143, 0.26253276906095513, 0.26190178856010715, 0.26180166318335174, 0.2617900833415848, 0.2617856900131843, 0.2617844941447023, 0.26178426687357603, 0.26178425437317465, 0.26178425403326344, 0.26178425394508575, 0.2617842539385492, 0.26178425393821847, 0.26178425393812266, 0.2617842539380729, 0.2617842539380728]}, "8": {"maxiter": 500, "gtol": 1e-05, "xrtol": 1e-05, "eps": 1e-05, "duration": 0.07122421264648438, "fun": "0.26178425398061667", "jac": "[-1.00608410e-06  7.08555437e-07  2.20194973e-06 -3.15809601e-06\n  1.36279876e-06  1.54665170e-07]", "hess_inv": "[[ 7.34644018e+00  1.51733227e+00  3.03780088e+00 -4.78907922e-01\n   1.41930633e+00 -3.56470021e+00]\n [ 1.51733227e+00  3.39293996e+00  8.33544582e-01 -1.50225492e-02\n   9.29419558e-01 -2.61830673e+00]\n [ 3.03780088e+00  8.33544582e-01  5.58962434e+00 -7.72432285e-01\n  -1.74677176e+00 -1.33007835e+00]\n [-4.78907922e-01 -1.50225492e-02 -7.72432285e-01  3.33862506e+00\n   3.02721582e-01  1.18999190e-01]\n [ 1.41930633e+00  9.29419558e-01 -1.74677176e+00  3.02721582e-01\n   1.52552729e+01 -1.32847725e+01]\n [-3.56470021e+00 -2.61830673e+00 -1.33007835e+00  1.18999190e-01\n  -1.32847725e+01  1.61396060e+01]]", "nfev": "210", "njev": "30", "status": "0", "success": "True", "message": "Optimization terminated successfully.", "x": "[4.88328385 0.01154283 7.36095732 5.72590641 1.71214128 1.8679809 ]", "nit": "23", "callback": [0.7132592700829266, 0.46211333031764235, 0.39537905336127155, 0.34032979884777936, 0.3220705663799317, 0.31410050512158527, 0.30810215609559, 0.2972895931114714, 0.2817938173756702, 0.27852152744689984, 0.2752422787310319, 0.2703197302805602, 0.26703792751219513, 0.26507549773191963, 0.26253242053404113, 0.26190139147604674, 0.261801653476606, 0.2617900876303002, 0.26178569361314774, 0.26178449715321406, 0.26178426618765793, 0.2617842543730271, 0.26178425398061667]}, "9": {"maxiter": 500, "gtol": 1e-05, "xrtol": 1e-05, "eps": 1e-10, "duration": 0.06386303901672363, "fun": "0.26178425403326344", "jac": "[-1.11022293e-06  2.22044606e-06  3.33066880e-06 -1.11022293e-06\n  2.22044587e-06 -2.22044587e-06]", "hess_inv": "[[  7.32904135   1.51672364   3.11301846  -0.49219128   1.27832913\n   -3.45453444]\n [  1.51672364   3.41463331   0.83448072   0.08251898   0.83351077\n   -2.4911289 ]\n [  3.11301846   0.83448072   5.65400329  -0.7969195   -1.62500049\n   -1.51039291]\n [ -0.49219128   0.08251898  -0.7969195    3.29940653   0.39976547\n    0.07322237]\n [  1.27832913   0.83351077  -1.62500049   0.39976547  14.67767238\n  -12.77294219]\n [ -3.45453444  -2.4911289   -1.51039291   0.07322237 -12.77294219\n   15.76163635]]", "nfev": "210", "njev": "30", "status": "0", "success": "True", "message": "Optimization terminated successfully.", "x": "[4.88330576 0.01155903 7.36097588 5.72592442 1.71216317 1.86795025]", "nit": "23", "callback": [0.7132586394512315, 0.46211180969294896, 0.3953781733936196, 0.3403299479162293, 0.3220700557290186, 0.31409967800578664, 0.30810195951142005, 0.29729072845977644, 0.281795