{"date": "2024/09/24/, 18:48:56", "conf_id": 24, "data_type": "random\n", "num_data_points": 2, "s_rank": 0, "unitary": "[[-0.24866696+0.58742286j,-0.44704345-0.43151574j,-0.35669027-0.20570733j,-0.10517633+0.1626036j],[0.10596805-0.19687975j,-0.30269685-0.15056416j,0.18246286+0.30440582j,-0.83484447-0.11310748j],[0.26054512-0.52548482j,0.0285017-0.50723956j,-0.43110112+0.17165838j,0.15243271+0.39915801j],[0.42978035+0.11991271j,-0.17224126-0.46030424j,0.6827807-0.15164662j,0.26483638+0.0061855j]]", "databatch_0": {"databatch": "[[[0.04112659-0.08692824j,-0.09813167-0.0176443j,-0.04838679-0.02919342j,-0.08896484+0.05602346j],[0.05160174+0.00692314j,-0.00703166-0.05352026j,0.00710397-0.02975896j,-0.04352482-0.0366805j],[-0.23788366+0.26437206j,0.32896465+0.16656713j,0.1404757+0.15473757j,0.37460129-0.10415293j],[-0.36503886-0.06994747j,0.02875252+0.38428484j,-0.06251593+0.20927743j,0.29558863+0.27882506j]],[[-0.32170727-0.06451401j,0.19085931-0.12596561j,0.17650671-0.00048111j,0.24021808-0.14083736j],[0.10092083+0.03602157j,-0.06761957+0.03170557j,-0.05706296-0.00816933j,-0.08427186+0.03418358j],[0.28081556-0.41128331j,0.06289189+0.3413443j,-0.10394032+0.24691693j,0.05441798+0.41912725j],[-0.18197069+0.02180092j,0.07934839-0.10009733j,0.09358982-0.03100151j,0.10295296-0.11658783j]]]", "initial param values": "[3.15716337,2.07302735,4.53618481,0.28424599,0.05438696,2.21080191]", "nelder_mead": {"type": "gradient-free", "0": {"maxiter": 100, "fatol": 1e-05, "xatol": 1e-05, "duration": 0.041342973709106445, "fun": "0.4001491371960292", "nit": "100", "nfev": "159", "status": "2", "success": "False", "message": "Maximum number of iterations has been exceeded.", "x": "[4.93191242e+00 1.59108684e+00 5.54484875e+00 3.65804159e-01\n 1.47981036e-03 3.44150823e+00]", "final_simplex": "(array([[4.93191242e+00, 1.59108684e+00, 5.54484875e+00, 3.65804159e-01,\n        1.47981036e-03, 3.44150823e+00],\n       [4.96308823e+00, 1.59983071e+00, 5.50498225e+00, 3.57842956e-01,\n        4.57174605e-03, 3.35958072e+00],\n       [5.00535593e+00, 1.53186360e+00, 5.54692899e+00, 3.46646689e-01,\n        7.01811313e-03, 3.36640747e+00],\n       [4.90762687e+00, 1.52487393e+00, 5.56379378e+00, 3.42848158e-01,\n        9.86294999e-03, 3.33264053e+00],\n       [4.94493112e+00, 1.53263098e+00, 5.53361044e+00, 3.41282473e-01,\n        9.39677732e-03, 3.37124386e+00],\n       [4.96485780e+00, 1.55329502e+00, 5.58246813e+00, 3.38007492e-01,\n        8.31374435e-03, 3.38401860e+00],\n       [4.94961924e+00, 1.55738797e+00, 5.55528693e+00, 3.35137246e-01,\n        9.10201085e-03, 3.38027649e+00]]), array([0.40014914, 0.40050271, 0.40082594, 0.4012349 , 0.4013555 ,\n       0.40151046, 0.40188368]))", "callback": [0.7429018544970841, 0.5726823806767657, 0.4717136403296205, 0.4511869390880012, 0.43580379603823216, 0.4044133587630766, 0.40395932087099784, 0.4031811243466149, 0.4028523343483258, 0.4019856350108191]}, "1": {"maxiter": 100, "fatol": 1e-05, "xatol": 1e-10, "duration": 0.039749860763549805, "fun": "0.4001491371960292", "nit": "100", "nfev": "159", "status": "2", "success": "False", "message": "Maximum number of iterations has been exceeded.", "x": "[4.93191242e+00 1.59108684e+00 5.54484875e+00 3.65804159e-01\n 1.47981036e-03 3.44150823e+00]", "final_simplex": "(array([[4.93191242e+00, 1.59108684e+00, 5.54484875e+00, 3.65804159e-01,\n        1.47981036e-03, 3.44150823e+00],\n       [4.96308823e+00, 1.59983071e+00, 5.50498225e+00, 3.57842956e-01,\n        4.57174605e-03, 3.35958072e+00],\n       [5.00535593e+00, 1.53186360e+00, 5.54692899e+00, 3.46646689e-01,\n        7.01811313e-03, 3.36640747e+00],\n       [4.90762687e+00, 1.52487393e+00, 5.56379378e+00, 3.42848158e-01,\n        9.86294999e-03, 3.33264053e+00],\n       [4.94493112e+00, 1.53263098e+00, 5.53361044e+00, 3.41282473e-01,\n        9.39677732e-03, 3.37124386e+00],\n       [4.96485780e+00, 1.55329502e+00, 5.58246813e+00, 3.38007492e-01,\n        8.31374435e-03, 3.38401860e+00],\n       [4.94961924e+00, 1.55738797e+00, 5.55528693e+00, 3.35137246e-01,\n        9.10201085e-03, 3.38027649e+00]]), array([0.40014914, 0.40050271, 0.40082594, 0.4012349 , 0.4013555 ,\n       0.40151046, 0.40188368]))", "callback": [0.7429018544970841, 0.5726823806767657, 0.4717136403296205, 0.4511869390880012, 0.43580379603823216, 0.4044133587630766, 0.40395932087099784, 0.4031811243466149, 0.4028523343483258, 0.4019856350108191]}, "2": {"maxiter": 100, "fatol": 1e-10, "xatol": 1e-05, "duration": 0.038046836853027344, "fun": "0.4001491371960292", "nit": "100", "nfev": "159", "status": "2", "success": "False", "message": "Maximum number of iterations has been exceeded.", "x": "[4.93191242e+00 1.59108684e+00 5.54484875e+00 3.65804159e-01\n 1.47981036e-03 3.44150823e+00]", "final_simplex": "(array([[4.93191242e+00, 1.59108684e+00, 5.54484875e+00, 3.65804159e-01,\n        1.47981036e-03, 3.44150823e+00],\n       [4.96308823e+00, 1.59983071e+00, 5.50498225e+00, 3.57842956e-01,\n        4.57174605e-03, 3.35958072e+00],\n       [5.00535593e+00, 1.53186360e+00, 5.54692899e+00, 3.46646689e-01,\n        7.01811313e-03, 3.36640747e+00],\n       [4.90762687e+00, 1.52487393e+00, 5.56379378e+00, 3.42848158e-01,\n        9.86294999e-03, 3.33264053e+00],\n       [4.94493112e+00, 1.53263098e+00, 5.53361044e+00, 3.41282473e-01,\n        9.39677732e-03, 3.37124386e+00],\n       [4.96485780e+00, 1.55329502e+00, 5.58246813e+00, 3.38007492e-01,\n        8.31374435e-03, 3.38401860e+00],\n       [4.94961924e+00, 1.55738797e+00, 5.55528693e+00, 3.35137246e-01,\n        9.10201085e-03, 3.38027649e+00]]), array([0.40014914, 0.40050271, 0.40082594, 0.4012349 , 0.4013555 ,\n       0.40151046, 0.40188368]))", "callback": [0.7429018544970841, 0.5726823806767657, 0.4717136403296205, 0.4511869390880012, 0.43580379603823216, 0.4044133587630766, 0.40395932087099784, 0.4031811243466149, 0.4028523343483258, 0.4019856350108191]}, "3": {"maxiter": 100, "fatol": 1e-10, "xatol": 1e-10, "duration": 0.0370481014251709, "fun": "0.4001491371960292", "nit": "100", "nfev": "159", "status": "2", "success": "False", "message": "Maximum number of iterations has been exceeded.", "x": "[4.93191242e+00 1.59108684e+00 5.54484875e+00 3.65804159e-01\n 1.47981036e-03 3.44150823e+00]", "final_simplex": "(array([[4.93191242e+00, 1.59108684e+00, 5.54484875e+00, 3.65804159e-01,\n        1.47981036e-03, 3.44150823e+00],\n       [4.96308823e+00, 1.59983071e+00, 5.50498225e+00, 3.57842956e-01,\n        4.57174605e-03, 3.35958072e+00],\n       [5.00535593e+00, 1.53186360e+00, 5.54692899e+00, 3.46646689e-01,\n        7.01811313e-03, 3.36640747e+00],\n       [4.90762687e+00, 1.52487393e+00, 5.56379378e+00, 3.42848158e-01,\n        9.86294999e-03, 3.33264053e+00],\n       [4.94493112e+00, 1.53263098e+00, 5.53361044e+00, 3.41282473e-01,\n        9.39677732e-03, 3.37124386e+00],\n       [4.96485780e+00, 1.55329502e+00, 5.58246813e+00, 3.38007492e-01,\n        8.31374435e-03, 3.38401860e+00],\n       [4.94961924e+00, 1.55738797e+00, 5.55528693e+00, 3.35137246e-01,\n        9.10201085e-03, 3.38027649e+00]]), array([0.40014914, 0.40050271, 0.40082594, 0.4012349 , 0.4013555 ,\n       0.40151046, 0.40188368]))", "callback": [0.7429018544970841, 0.5726823806767657, 0.4717136403296205, 0.4511869390880012, 0.43580379603823216, 0.4044133587630766, 0.40395932087099784, 0.4031811243466149, 0.4028523343483258, 0.4019856350108191]}, "4": {"maxiter": 500, "fatol": 1e-05, "xatol": 1e-05, "duration": 0.1866168975830078, "fun": "0.1307052008084869", "nit": "500", "nfev": "784", "status": "2", "success": "False", "message": "Maximum number of iterations has been exceeded.", "x": "[4.50782634 1.83226018 5.60823159 2.54743961 0.47591122 5.10142572]", "final_simplex": "(array([[4.50782634, 1.83226018, 5.60823159, 2.54743961, 0.47591122,\n        5.10142572],\n       [4.5078069 , 1.83226057, 5.60822171, 2.54760649, 0.47610702,\n        5.10169876],\n       [4.50778415, 1.8322565 , 5.60809323, 2.54752894, 0.47568291,\n        5.10126569],\n       [4.50776815, 1.83221721, 5.60817053, 2.54751937, 0.47598439,\n        5.10148492],\n       [4.50772521, 1.83229482, 5.60830898, 2.54747038, 0.4758748 ,\n        5.10138946],\n       [4.50773184, 1.83231916, 5.60812805, 2.54749769, 0.47598217,\n        5.101502  ],\n       [4.5076962 , 1.83222268, 5.60813815, 2.5474636 , 0.47587915,\n        5.10150355]]), array([0.1307052, 0.1307052, 0.1307052, 0.1307052, 0.1307052, 0.1307052,\n       0.1307052]))", "callback": [0.7429018544970841, 0.5726823806767657, 0.4717136403296205, 0.4511869390880012, 0.43580379603823216, 0.4044133587630766, 0.40395932087099784, 0.4031811243466149, 0.4028523343483258, 0.4019856350108191, 0.3983141217244407, 0.37569123853694686, 0.2373559857424674, 0.20458052727618348, 0.1668718800431086, 0.16128588775908126, 0.1596210381808052, 0.15782711356737222, 0.1576458375701013, 0.15752593778183765, 0.1573096591053651, 0.1572423508624161, 0.1571674226301305, 0.15714206948853504, 0.1571351324491821, 0.1571328039658868, 0.15713137416293366, 0.1571290441370229, 0.15712697982872414, 0.15710308519205018, 0.15698383514035474, 0.15649518923849504, 0.15564803440990527, 0.1548048217584026, 0.15397055291770323, 0.15067001566250005, 0.14386124833307445, 0.139979032821686, 0.13938381442310832, 0.13673832921156848, 0.1322933713517076, 0.1311309269256301, 0.13098344838591314, 0.13075765230887126, 0.13072221860757094, 0.13070992043897744, 0.13070637162066145, 0.1307054296578818, 0.1307052490742293, 0.13070520520788853]}, "5": {"maxiter": 500, "fatol": 1e-05, "xatol": 1e-10, "duration": 0.18655610084533691, "fun": "0.1307052008084869", "nit": "500", "nfev": "784", "status": "2", "success": "False", "message": "Maximum number of iterations has been exceeded.", "x": "[4.50782634 1.83226018 5.60823159 2.54743961 0.47591122 5.10142572]", "final_simplex": "(array([[4.50782634, 1.83226018, 5.60823159, 2.54743961, 0.47591122,\n        5.10142572],\n       [4.5078069 , 1.83226057, 5.60822171, 2.54760649, 0.47610702,\n        5.10169876],\n       [4.50778415, 1.8322565 , 5.60809323, 2.54752894, 0.47568291,\n        5.10126569],\n       [4.50776815, 1.83221721, 5.60817053, 2.54751937, 0.47598439,\n        5.10148492],\n       [4.50772521, 1.83229482, 5.60830898, 2.54747038, 0.4758748 ,\n        5.10138946],\n       [4.50773184, 1.83231916, 5.60812805, 2.54749769, 0.47598217,\n        5.101502  ],\n       [4.5076962 , 1.83222268, 5.60813815, 2.5474636 , 0.47587915,\n        5.10150355]]), array([0.1307052, 0.1307052, 0.1307052, 0.1307052, 0.1307052, 0.1307052,\n       0.1307052]))", "callback": [0.7429018544970841, 0.5726823806767657, 0.4717136403296205, 0.4511869390880012, 0.43580379603823216, 0.4044133587630766, 0.40395932087099784, 0.4031811243466149, 0.4028523343483258, 0.4019856350108191, 0.3983141217244407, 0.37569123853694686, 0.2373559857424674, 0.20458052727618348, 0.1668718800431086, 0.16128588775908126, 0.1596210381808052, 0.15782711356737222, 0.1576458375701013, 0.15752593778183765, 0.1573096591053651, 0.1572423508624161, 0.1571674226301305, 0.15714206948853504, 0.1571351324491821, 0.1571328039658868, 0.15713137416293366, 0.1571290441370229, 0.15712697982872414, 0.15710308519205018, 0.15698383514035474, 0.15649518923849504, 0.15564803440990527, 0.1548048217584026, 0.15397055291770323, 0.15067001566250005, 0.14386124833307445, 0.139979032821686, 0.13938381442310832, 0.13673832921156848, 0.1322933713517076, 0.1311309269256301, 0.13098344838591314, 0.13075765230887126, 0.13072221860757094, 0.13070992043897744, 0.13070637162066145, 0.1307054296578818, 0.1307052490742293, 0.13070520520788853]}, "6": {"maxiter": 500, "fatol": 1e-10, "xatol": 1e-05, "duration": 0.1859450340270996, "fun": "0.1307052008084869", "nit": "500", "nfev": "784", "status": "2", "success": "False", "message": "Maximum number of iterations has been exceeded.", "x": "[4.50782634 1.83226018 5.60823159 2.54743961 0.47591122 5.10142572]", "final_simplex": "(array([[4.50782634, 1.83226018, 5.60823159, 2.54743961, 0.47591122,\n        5.10142572],\n       [4.5078069 , 1.83226057, 5.60822171, 2.54760649, 0.47610702,\n        5.10169876],\n       [4.50778415, 1.8322565 , 5.60809323, 2.54752894, 0.47568291,\n        5.10126569],\n       [4.50776815, 1.83221721, 5.60817053, 2.54751937, 0.47598439,\n        5.10148492],\n       [4.50772521, 1.83229482, 5.60830898, 2.54747038, 0.4758748 ,\n        5.10138946],\n       [4.50773184, 1.83231916, 5.60812805, 2.54749769, 0.47598217,\n        5.101502  ],\n       [4.5076962 , 1.83222268, 5.60813815, 2.5474636 , 0.47587915,\n        5.10150355]]), array([0.1307052, 0.1307052, 0.1307052, 0.1307052, 0.1307052, 0.1307052,\n       0.1307052]))", "callback": [0.7429018544970841, 0.5726823806767657, 0.4717136403296205, 0.4511869390880012, 0.43580379603823216, 0.4044133587630766, 0.40395932087099784, 0.4031811243466149, 0.4028523343483258, 0.4019856350108191, 0.3983141217244407, 0.37569123853694686, 0.2373559857424674, 0.20458052727618348, 0.1668718800431086, 0.16128588775908126, 0.1596210381808052, 0.15782711356737222, 0.1576458375701013, 0.15752593778183765, 0.1573096591053651, 0.1572423508624161, 0.1571674226301305, 0.15714206948853504, 0.1571351324491821, 0.1571328039658868, 0.15713137416293366, 0.1571290441370229, 0.15712697982872414, 0.15710308519205018, 0.15698383514035474, 0.15649518923849504, 0.15564803440990527, 0.1548048217584026, 0.15397055291770323, 0.15067001566250005, 0.14386124833307445, 0.139979032821686, 0.13938381442310832, 0.13673832921156848, 0.1322933713517076, 0.1311309269256301, 0.13098344838591314, 0.13075765230887126, 0.13072221860757094, 0.13070992043897744, 0.13070637162066145, 0.1307054296578818, 0.1307052490742293, 0.13070520520788853]}, "7": {"maxiter": 500, "fatol": 1e-10, "xatol": 1e-10, "duration": 0.2386331558227539, "fun": "0.1307052008084869", "nit": "500", "nfev": "784", "status": "2", "success": "False", "message": "Maximum number of iterations has been exceeded.", "x": "[4.50782634 1.83226018 5.60823159 2.54743961 0.47591122 5.10142572]", "final_simplex": "(array([[4.50782634, 1.83226018, 5.60823159, 2.54743961, 0.47591122,\n        5.10142572],\n       [4.5078069 , 1.83226057, 5.60822171, 2.54760649, 0.47610702,\n        5.10169876],\n       [4.50778415, 1.8322565 , 5.60809323, 2.54752894, 0.47568291,\n        5.10126569],\n       [4.50776815, 1.83221721, 5.60817053, 2.54751937, 0.47598439,\n        5.10148492],\n       [4.50772521, 1.83229482, 5.60830898, 2.54747038, 0.4758748 ,\n        5.10138946],\n       [4.50773184, 1.83231916, 5.60812805, 2.54749769, 0.47598217,\n        5.101502  ],\n       [4.5076962 , 1.83222268, 5.60813815, 2.5474636 , 0.47587915,\n        5.10150355]]), array([0.1307052, 0.1307052, 0.1307052, 0.1307052, 0.1307052, 0.1307052,\n       0.1307052]))", "callback": [0.7429018544970841, 0.5726823806767657, 0.4717136403296205, 0.4511869390880012, 0.43580379603823216, 0.4044133587630766, 0.40395932087099784, 0.4031811243466149, 0.4028523343483258, 0.4019856350108191, 0.3983141217244407, 0.37569123853694686, 0.2373559857424674, 0.20458052727618348, 0.1668718800431086, 0.16128588775908126, 0.1596210381808052, 0.15782711356737222, 0.1576458375701013, 0.15752593778183765, 0.1573096591053651, 0.1572423508624161, 0.1571674226301305, 0.15714206948853504, 0.1571351324491821, 0.1571328039658868, 0.15713137416293366, 0.1571290441370229, 0.15712697982872414, 0.15710308519205018, 0.15698383514035474, 0.15649518923849504, 0.15564803440990527, 0.1548048217584026, 0.15397055291770323, 0.15067001566250005, 0.14386124833307445, 0.139979032821686, 0.13938381442310832, 0.13673832921156848, 0.1322933713517076, 0.1311309269256301, 0.13098344838591314, 0.13075765230887126, 0.13072221860757094, 0.13070992043897744, 0.13070637162066145, 0.1307054296578818, 0.1307052490742293, 0.13070520520788853]}, "8": {"maxiter": 1000, "fatol": 1e-05, "xatol": 1e-05, "duration": 0.2232499122619629, "fun": "0.13070519862841823", "nit": "546", "nfev": "864", "status": "0", "success": "True", "message": "Optimization terminated successfully.", "x": "[4.50778742 1.83231906 5.60822912 2.54753741 0.47596217 5.10153395]", "final_simplex": "(array([[4.50778742, 1.83231906, 5.60822912, 2.54753741, 0.47596217,\n        5.10153395],\n       [4.50778603, 1.83231578, 5.60823272, 2.54753739, 0.4759659 ,\n        5.10153791],\n       [4.50778809, 1.83231708, 5.60823315, 2.54753578, 0.47595511,\n        5.1015258 ],\n       [4.50778853, 1.83231471, 5.60823128, 2.54753946, 0.47596356,\n        5.1015376 ],\n       [4.50778619, 1.832316  , 5.60822885, 2.5475406 , 0.47596359,\n        5.10153413],\n       [4.50779172, 1.83232298, 5.60823507, 2.54753996, 0.47597136,\n        5.10153856],\n       [4.50778722, 1.83231982, 5.60823465, 2.5475416 , 0.47596556,\n        5.10154088]]), array([0.1307052, 0.1307052, 0.1307052, 0.1307052, 0.1307052, 0.1307052,\n       0.1307052]))", "callback": [0.7429018544970841, 0.5726823806767657, 0.4717136403296205, 0.4511869390880012, 0.43580379603823216, 0.4044133587630766, 0.40395932087099784, 0.4031811243466149, 0.4028523343483258, 0.4019856350108191, 0.3983141217244407, 0.37569123853694686, 0.2373559857424674, 0.20458052727618348, 0.1668718800431086, 0.16128588775908126, 0.1596210381808052, 0.15782711356737222, 0.1576458375701013, 0.15752593778183765, 0.1573096591053651, 0.1572423508624161, 0.1571674226301305, 0.15714206948853504, 0.1571351324491821, 0.1571328039658868, 0.15713137416293366, 0.1571290441370229, 0.15712697982872414, 0.15710308519205018, 0.15698383514035474, 0.15649518923849504, 0.15564803440990527, 0.1548048217584026, 0.15397055291770323, 0.15067001566250005, 0.14386124833307445, 0.139979032821686, 0.13938381442310832, 0.13673832921156848, 0.1322933713517076, 0.1311309269256301, 0.13098344838591314, 0.13075765230887126, 0.13072221860757094, 0.13070992043897744, 0.13070637162066145, 0.1307054296578818, 0.1307052490742293, 0.13070520520788853, 0.13070519999686936, 0.13070519905451783, 0.13070519869603447, 0.13070519863616525, 0.1307051986329475]}, "9": {"maxiter": 1000, "fatol": 1e-05, "xatol": 1e-10, "duration": 0.25641608238220215, "fun": "0.1307051986235912", "nit": "664", "nfev": "1106", "status": "0", "success": "True", "message": "Optimization terminated successfully.", "x": "[4.50779269 1.83231741 5.60823068 2.54753453 0.47596286 5.10153304]", "final_simplex": "(array([[4.50779269, 1.83231741, 5.60823068, 2.54753453, 0.47596286,\n        5.10153304],\n       [4.50779269, 1.83231741, 5.60823068, 2.54753453, 0.47596286,\n        5.10153304],\n       [4.50779269, 1.83231741, 5.60823068, 2.54753453, 0.47596286,\n        5.10153304],\n       [4.50779269, 1.83231741, 5.60823068, 2.54753453, 0.47596286,\n        5.10153304],\n       [4.50779269, 1.83231741, 5.60823068, 2.54753453, 0.47596286,\n        5.10153304],\n       [4.50779269, 1.83231741, 5.60823068, 2.54753453, 0.47596286,\n        5.10153304],\n       [4.50779269, 1.83231741, 5.60823068, 2.54753453, 0.47596286,\n        5.10153304]]), array([0.1307052, 0.1307052, 0.1307052, 0.1307052, 0.1307052, 0.1307052,\n       0.1307052]))", "callback": [0.7429018544970841, 0.5726823806767657, 0.4717136403296205, 0.4511869390880012, 0.43580379603823216, 0.4044133587630766, 0.40395932087099784, 0.4031811243466149, 0.4028523343483258, 0.4019856350108191, 0.3983141217244407, 0.37569123853694686, 0.2373559857424674, 0.20458052727618348, 0.1668718800431086, 0.16128588775908126, 0.1596210381808052, 0.15782711356737222, 0.1576458375701013, 0.15752593778183765, 0.1573096591053651, 0.1572423508624161, 0.1571674226301305, 0.15714206948853504, 0.1571351324491821, 0.1571328039658868, 0.15713137416293366, 0.1571290441370229, 0.15712697982872414, 0.15710308519205018, 0.15698383514035474, 0.15649518923849504, 0.15564803440990527, 0.1548048217584026, 0.15397055291770323, 0.15067001566250005, 0.14386124833307445, 0.139979032821686, 0.13938381442310832, 0.13673832921156848, 0.1322933713517076, 0.1311309269256301, 0.13098344838591314, 0.13075765230887126, 0.13072221860757094, 0.13070992043897744, 0.13070637162066145, 0.1307054296578818, 0.1307052490742293, 0.13070520520788853, 0.13070519999686936, 0.13070519905451783, 0.13070519869603447, 0.13070519863616525, 0.1307051986329475, 0.1307051986255896, 0.1307051986242901, 0.13070519862383123, 0.13070519862367092, 0.13070519862361651, 0.13070519862359897, 0.13070519862359298, 0.13070519862359187, 0.13070519862359142, 0.13070519862359142, 0.1307051986235912, 0.1307051986235912]}, "10": {"maxiter": 1000, "fatol": 1e-10, "xatol": 1e-05, "duration": 0.20236420631408691, "fun": "0.13070519862841823", "nit": "546", "nfev": "864", "status": "0", "success": "True", "message": "Optimization terminated successfully.", "x": "[4.50778742 1.83231906 5.60822912 2.54753741 0.47596217 5.10153395]", "final_simplex": "(array([[4.50778742, 1.83231906, 5.60822912, 2.54753741, 0.47596217,\n        5.10153395],\n       [4.50778603, 1.83231578, 5.60823272, 2.54753739, 0.4759659 ,\n        5.10153791],\n       [4.50778809, 1.83231708, 5.60823315, 2.54753578, 0.47595511,\n        5.1015258 ],\n       [4.50778853, 1.83231471, 5.60823128, 2.54753946, 0.47596356,\n        5.1015376 ],\n       [4.50778619, 1.832316  , 5.60822885, 2.5475406 , 0.47596359,\n        5.10153413],\n       [4.50779172, 1.83232298, 5.60823507, 2.54753996, 0.47597136,\n        5.10153856],\n       [4.50778722, 1.83231982, 5.60823465, 2.5475416 , 0.47596556,\n        5.10154088]]), array([0.1307052, 0.1307052, 0.1307052, 0.1307052, 0.1307052, 0.1307052,\n       0.1307052]))", "callback": [0.7429018544970841, 0.5726823806767657, 0.4717136403296205, 0.4511869390880012, 0.43580379603823216, 0.4044133587630766, 0.40395932087099784, 0.4031811243466149, 0.4028523343483258, 0.4019856350108191, 0.3983141217244407, 0.37569123853694686, 0.2373559857424674, 0.20458052727618348, 0.1668718800431086, 0.16128588775908126, 0.1596210381808052, 0.15782711356737222, 0.1576458375701013, 0.15752593778183765, 0.1573096591053651, 0.1572423508624161, 0.1571674226301305, 0.15714206948853504, 0.1571351324491821, 0.1571328039658868, 0.15713137416293366, 0.1571290441370229, 0.15712697982872414, 0.15710308519205018, 0.15698383514035474, 0.15649518923849504, 0.15564803440990527, 0.1548048217584026, 0.15397055291770323, 0.15067001566250005, 0.14386124833307445, 0.139979032821686, 0.13938381442310832, 0.13673832921156848, 0.1322933713517076, 0.1311309269256301, 0.13098344838591314, 0.13075765230887126, 0.13072221860757094, 0.13070992043897744, 0.13070637162066145, 0.1307054296578818, 0.1307052490742293, 0.13070520520788853, 0.13070519999686936, 0.13070519905451783, 0.13070519869603447, 0.13070519863616525, 0.1307051986329475]}, "11": {"maxiter": 1000, "fatol": 1e-10, "xatol": 1e-10, "duration": 0.2551422119140625, "fun": "0.1307051986235912", "nit": "664", "nfev": "1106", "status": "0", "success": "True", "message": "Optimization terminated successfully.", "x": "[4.50779269 1.83231741 5.60823068 2.54753453 0.47596286 5.10153304]", "final_simplex": "(array([[4.50779269, 1.83231741, 5.60823068, 2.54753453, 0.47596286,\n        5.10153304],\n       [4.50779269, 1.83231741, 5.60823068, 2.54753453, 0.47596286,\n        5.10153304],\n       [4.50779269, 1.83231741, 5.60823068, 2.54753453, 0.47596286,\n        5.10153304],\n       [4.50779269, 1.83231741, 5.60823068, 2.54753453, 0.47596286,\n        5.10153304],\n       [4.50779269, 1.83231741, 5.60823068, 2.54753453, 0.47596286,\n        5.10153304],\n       [4.50779269, 1.83231741, 5.60823068, 2.54753453, 0.47596286,\n        5.10153304],\n       [4.50779269, 1.83231741, 5.60823068, 2.54753453, 0.47596286,\n        5.10153304]]), array([0.1307052, 0.1307052, 0.1307052, 0.1307052, 0.1307052, 0.1307052,\n       0.1307052]))", "callback": [0.7429018544970841, 0.5726823806767657, 0.4717136403296205, 0.4511869390880012, 0.43580379603823216, 0.4044133587630766, 0.40395932087099784, 0.4031811243466149, 0.4028523343483258, 0.4019856350108191, 0.3983141217244407, 0.37569123853694686, 0.2373559857424674, 0.20458052727618348, 0.1668718800431086, 0.16128588775908126, 0.1596210381808052, 0.15782711356737222, 0.1576458375701013, 0.15752593778183765, 0.1573096591053651, 0.1572423508624161, 0.1571674226301305, 0.15714206948853504, 0.1571351324491821, 0.1571328039658868, 0.15713137416293366, 0.1571290441370229, 0.15712697982872414, 0.15710308519205018, 0.15698383514035474, 0.15649518923849504, 0.15564803440990527, 0.1548048217584026, 0.15397055291770323, 0.15067001566250005, 0.14386124833307445, 0.139979032821686, 0.13938381442310832, 0.13673832921156848, 0.1322933713517076, 0.1311309269256301, 0.13098344838591314, 0.13075765230887126, 0.13072221860757094, 0.13070992043897744, 0.13070637162066145, 0.1307054296578818, 0.1307052490742293, 0.13070520520788853, 0.13070519999686936, 0.13070519905451783, 0.13070519869603447, 0.13070519863616525, 0.1307051986329475, 0.1307051986255896, 0.1307051986242901, 0.13070519862383123, 0.13070519862367092, 0.13070519862361651, 0.13070519862359897, 0.13070519862359298, 0.13070519862359187, 0.13070519862359142, 0.13070519862359142, 0.1307051986235912, 0.1307051986235912]}}, "bfgs": {"type": "gradient", "0": {"maxiter": 100, "gtol": 1e-05, "xrtol": 1e-05, "eps": 1e-05, "duration": 0.0651710033416748, "fun": "0.13070519885188192", "jac": "[ 7.15827397e-07 -7.89512899e-06  6.85274060e-06 -5.10975706e-06\n -1.29415367e-06  3.84804411e-06]", "hess_inv": "[[ 5.80946707e+00 -1.25328103e-01 -5.27244729e-01 -1.48920759e+00\n  -1.18722105e-01 -2.14125482e+00]\n [-1.25328103e-01  2.86542716e+00  1.80429145e+00 -4.37056730e-03\n   1.68237994e+00  1.32597633e+00]\n [-5.27244729e-01  1.80429145e+00  5.08032836e+00  4.15647727e-01\n   2.93116460e+00  1.75427677e+00]\n [-1.48920759e+00 -4.37056730e-03  4.15647727e-01  3.22731616e+00\n   2.19319699e+00  3.28751225e+00]\n [-1.18722105e-01  1.68237994e+00  2.93116460e+00  2.19319699e+00\n   1.97008953e+01  1.76616106e+01]\n [-2.14125482e+00  1.32597633e+00  1.75427677e+00  3.28751225e+00\n   1.76616106e+01  2.00310900e+01]]", "nfev": "273", "njev": "39", "status": "0", "success": "True", "message": "Optimization terminated successfully.", "x": "[4.50779106 1.83229335 5.60823949 2.54751408 0.47594155 5.10151626]", "nit": "33", "callback": [0.5415222148164098, 0.49421439481576646, 0.43680783534280865, 0.42636390330965335, 0.4157681918393008, 0.4108456621960699, 0.40844850992332316, 0.40455616030114017, 0.3864427379398576, 0.37661675295760566, 0.3580421413891193, 0.3226184320546903, 0.2581339150560912, 0.20057451740936716, 0.19073689623200962, 0.18820386483408325, 0.1860985291309305, 0.18311178050930754, 0.17753392292100612, 0.17397021149945102, 0.1711862281738865, 0.16625469362325862, 0.15734406555100322, 0.1433122314661286, 0.1337560328837668, 0.13196641249037644, 0.13086515401070464, 0.1307755772300575, 0.1307489854972803, 0.13071845621813982, 0.13070546322508547, 0.1307052036340911, 0.13070519885188192]}, "1": {"maxiter": 100, "gtol": 1e-05, "xrtol": 1e-05, "eps": 1e-10, "duration": 0.06617999076843262, "fun": "0.13070519887607035", "jac": "[ 3.33066880e-06 -8.88178346e-06  6.66133760e-06 -8.88178346e-06\n  0.00000000e+00  0.00000000e+00]", "hess_inv": "[[ 5.83071974e+00 -1.32964175e-01 -5.51836651e-01 -1.52237560e+00\n  -6.78477366e-02 -2.12769012e+00]\n [-1.32964175e-01  2.85060540e+00  1.77195083e+00  1.27376633e-02\n   1.62527854e+00  1.30283114e+00]\n [-5.51836651e-01  1.77195083e+00  5.05965816e+00  4.28235197e-01\n   2.76839162e+00  1.66347257e+00]\n [-1.52237560e+00  1.27376633e-02  4.28235197e-01  3.27304205e+00\n   2.22700853e+00  3.36702985e+00]\n [-6.78477366e-02  1.62527854e+00  2.76839162e+00  2.22700853e+00\n   1.93254656e+01  1.73265266e+01]\n [-2.12769012e+00  1.30283114e+00  1.66347257e+00  3.36702985e+00\n   1.73265266e+01  1.97584165e+01]]", "nfev": "273", "njev": "39", "status": "0", "success": "True", "message": "Optimization terminated successfully.", "x": "[4.50779453 1.83230712 5.6082594  2.54751502 0.47600429 5.10156935]", "nit": "33", "callback": [0.5415219327741072, 0.4942143738250677, 0.43680850892327894, 0.42636418011163213, 0.41576884569157246, 0.41084610083768847, 0.40844891715722587, 0.4045565973340848, 0.38645281267968945, 0.3766226573887502, 0.35804248620715784, 0.3226095346268405, 0.25811001458402627, 0.20059096204470284, 0.1907408625702558, 0.18820485189556002, 0.18610425257050034, 0.1831242137622986, 0.17755666525140734, 0.17397762536060313, 0.17120624519292227, 0.1662972005203215, 0.15742384333683523, 0.14342590175664172, 0.13376968012498902, 0.13197398857834042, 0.13086690206625284, 0.13077494329414385, 0.1307485536289289, 0.13071690957227278, 0.130705659706274, 0.1307052065613662, 0.13070519887607035]}, "2": {"maxiter": 100, "gtol": 1e-05, "xrtol": 1e-10, "eps": 1e-05, "duration": 0.0635068416595459, "fun": "0.13070519885188192", "jac": "[ 7.15827397e-07 -7.89512899e-06  6.85274060e-06 -5.10975706e-06\n -1.29415367e-06  3.84804411e-06]", "hess_inv": "[[ 5.80946707e+00 -1.25328103e-01 -5.27244729e-01 -1.48920759e+00\n  -1.18722105e-01 -2.14125482e+00]\n [-1.25328103e-01  2.86542716e+00  1.80429145e+00 -4.37056730e-03\n   1.68237994e+00  1.32597633e+00]\n [-5.27244729e-01  1.80429145e+00  5.08032836e+00  4.15647727e-01\n   2.93116460e+00  1.75427677e+00]\n [-1.48920759e+00 -4.37056730e-03  4.15647727e-01  3.22731616e+00\n   2.19319699e+00  3.28751225e+00]\n [-1.18722105e-01  1.68237994e+00  2.93116460e+00  2.19319699e+00\n   1.97008953e+01  1.76616106e+01]\n [-2.14125482e+00  1.32597633e+00  1.75427677e+00  3.28751225e+00\n   1.76616106e+01  2.00310900e+01]]", "nfev": "273", "njev": "39", "status": "0", "success": "True", "message": "Optimization terminated successfully.", "x": "[4.50779106 1.83229335 5.60823949 2.54751408 0.47594155 5.10151626]", "nit": "33", "callback": [0.5415222148164098, 0.49421439481576646, 0.43680783534280865, 0.42636390330965335, 0.4157681918393008, 0.4108456621960699, 0.40844850992332316, 0.40455616030114017, 0.3864427379398576, 0.37661675295760566, 0.3580421413891193, 0.3226184320546903, 0.2581339150560912, 0.20057451740936716, 0.19073689623200962, 0.18820386483408325, 0.1860985291309305, 0.18311178050930754, 0.17753392292100612, 0.17397021149945102, 0.1711862281738865, 0.16625469362325862, 0.15734406555100322, 0.1433122314661286, 0.1337560328837668, 0.13196641249037644, 0.13086515401070464, 0.1307755772300575, 0.1307489854972803, 0.13071845621813982, 0.13070546322508547, 0.1307052036340911, 0.13070519885188192]}, "3": {"maxiter": 100, "gtol": 1e-05, "xrtol": 1e-10, "eps": 1e-10, "duration": 0.06451416015625, "fun": "0.13070519887607035", "jac": "[ 3.33066880e-06 -8.88178346e-06  6.66133760e-06 -8.88178346e-06\n  0.00000000e+00  0.00000000e+00]", "hess_inv": "[[ 5.83071974e+00 -1.32964175e-01 -5.51836651e-01 -1.52237560e+00\n  -6.78477366e-02 -2.12769012e+00]\n [-1.32964175e-01  2.85060540e+00  1.77195083e+00  1.27376633e-02\n   1.62527854e+00  1.30283114e+00]\n [-5.51836651e-01  1.77195083e+00  5.05965816e+00  4.28235197e-01\n   2.76839162e+00  1.66347257e+00]\n [-1.52237560e+00  1.27376633e-02  4.28235197e-01  3.27304205e+00\n   2.22700853e+00  3.36702985e+00]\n [-6.78477366e-02  1.62527854e+00  2.76839162e+00  2.22700853e+00\n   1.93254656e+01  1.73265266e+01]\n [-2.12769012e+00  1.30283114e+00  1.66347257e+00  3.36702985e+00\n   1.73265266e+01  1.97584165e+01]]", "nfev": "273", "njev": "39", "status": "0", "success": "True", "message": "Optimization terminated successfully.", "x": "[4.50779453 1.83230712 5.6082594  2.54751502 0.47600429 5.10156935]", "nit": "33", "callback": [0.5415219327741072, 0.4942143738250677, 0.43680850892327894, 0.42636418011163213, 0.41576884569157246, 0.41084610083768847, 0.40844891715722587, 0.4045565973340848, 0.38645281267968945, 0.3766226573887502, 0.35804248620715784, 0.3226095346268405, 0.25811001458402627, 0.20059096204470284, 0.1907408625702558, 0.18820485189556002, 0.18610425257050034, 0.1831242137622986, 0.17755666525140734, 0.17397762536060313, 0.17120624519292227, 0.1662972005203215, 0.15742384333683523, 0.14342590175664172, 0.13376968012498902, 0.13197398857834042, 0.13086690206625284, 0.13077494329414385, 0.1307485536289289, 0.13071690957227278, 0.130705659706274, 0.1307052065613662, 0.13070519887607035]}, "4": {"maxiter": 100, "gtol": 1e-10, "xrtol": 1e-05, "eps": 1e-05, "duration": 0.06642389297485352, "fun": "0.13070519880097997", "jac": "[-4.07907041e-07 -2.09277040e-06  1.47525325e-06 -2.06377138e-06\n -1.16775478e-06  1.26400002e-06]", "hess_inv": "[[ 5.73685190e+00 -1.19394986e-02 -6.43774818e-01 -1.41739832e+00\n  -1.83571096e-01 -2.20574152e+00]\n [-1.19394986e-02  2.73751274e+00  1.82102443e+00 -8.38839115e-02\n   1.46702614e+00  1.11457289e+00]\n [-6.43774818e-01  1.82102443e+00  5.44887040e+00  4.21217654e-01\n   3.89164693e+00  2.70015615e+00]\n [-1.41739832e+00 -8.38839115e-02  4.21217654e-01  3.17795255e+00\n   2.04717985e+00  3.14413429e+00]\n [-1.83571096e-01  1.46702614e+00  3.89164693e+00  2.04717985e+00\n   2.16828985e+01  1.96148407e+01]\n [-2.20574152e+00  1.11457289e+00  2.70015615e+00  3.14413429e+00\n   1.96148407e+01  2.19559602e+01]]", "nfev": "280", "njev": "40", "status": "0", "success": "True", "message": "Optimization terminated successfully.", "x": "[4.50779228 1.83229967 5.60821378 2.54751834 0.47588964 5.1014651 ]", "nit": "34", "callback": [0.5415222148164098, 0.49421439481576646, 0.43680783534280865, 0.42636390330965335, 0.4157681918393008, 0.4108456621960699, 0.40844850992332316, 0.40455616030114017, 0.3864427379398576, 0.37661675295760566, 0.3580421413891193, 0.3226184320546903, 0.2581339150560912, 0.20057451740936716, 0.19073689623200962, 0.18820386483408325, 0.1860985291309305, 0.18311178050930754, 0.17753392292100612, 0.17397021149945102, 0.1711862281738865, 0.16625469362325862, 0.15734406555100322, 0.1433122314661286, 0.1337560328837668, 0.13196641249037644, 0.13086515401070464, 0.1307755772300575, 0.1307489854972803, 0.13071845621813982, 0.13070546322508547, 0.1307052036340911, 0.13070519885188192, 0.13070519880097997]}, "5": {"maxiter": 100, "gtol": 1e-10, "xrtol": 1e-05, "eps": 1e-10, "duration": 0.06438779830932617, "fun": "0.1307051987361033", "jac": "[-5.55111466e-06 -1.11022293e-06  3.33066880e-06 -2.22044587e-06\n -1.11022293e-06  3.33066880e-06]", "hess_inv": "[[ 5.48143554  0.08189267 -0.46851419 -1.21900719  0.63013506 -1.29443857]\n [ 0.08189267  2.73750392  1.80086747 -0.19416481  1.37946188  0.93414026]\n [-0.46851419  1.80086747  5.37692349  0.27054085  3.37370953  2.06971656]\n [-1.21900719 -0.19416481  0.27054085  3.03114792  1.42544441  2.49019468]\n [ 0.63013506  1.37946188  3.37370953  1.42544441 19.69761364 17.04649475]\n [-1.29443857  0.93414026  2.06971656  2.49019468 17.04649475 18.85634758]]", "nfev": "280", "njev": "40", "status": "0", "success": "True", "message": "Optimization terminated successfully.", "x": "[4.5077693  1.83231744 5.60824354 2.54754248 0.47600463 5.10159028]", "nit": "34", "callback": [0.5415219327741072, 0.4942143738250677, 0.43680850892327894, 0.42636418011163213, 0.41576884569157246, 0.41084610083768847, 0.40844891715722587, 0.4045565973340848, 0.38645281267968945, 0.3766226573887502, 0.35804248620715784, 0.3226095346268405, 0.25811001458402627, 0.20059096204470284, 0.1907408625702558, 0.18820485189556002, 0.18610425257050034, 0.1831242137622986, 0.17755666525140734, 0.17397762536060313, 0.17120624519292227, 0.1662972005203215, 0.15742384333683523, 0.14342590175664172, 0.13376968012498902, 0.13197398857834042, 0.13086690206625284, 0.13077494329414385, 0.1307485536289289, 0.13071690957227278, 0.130705659706274, 0.1307052065613662, 0.13070519887607035, 0.1307051987361033]}, "6": {"maxiter": 100, "gtol": 1e-10, "xrtol": 1e-10, "eps": 1e-05, "duration": 0.07323694229125977, "fun": "0.13070519877057596", "jac": "[-1.11022302e-11 -3.33066907e-11 -4.44089210e-11  0.00000000e+00\n -2.22044605e-11 -4.44089210e-11]", "hess_inv": "[[ 5.18562116  0.17810922 -0.72563069 -1.60831353 -0.88969537 -2.74408852]\n [ 0.17810922  2.98723335  1.66338507  0.17896033  1.55134785  0.99167063]\n [-0.72563069  1.66338507  5.62340161  0.27056408  3.89168153  2.80823716]\n [-1.60831353  0.17896033  0.27056408  3.2351296   1.69068066  2.75363956]\n [-0.88969537  1.55134785  3.89168153  1.69068066 20.5353801  18.77931754]\n [-2.74408852  0.99167063  2.80823716  2.75363956 18.77931754 21.45096901]]", "nfev": "308", "njev": "44", "status": "0", "success": "True", "message": "Optimization terminated successfully.", "x": "[4.50779493 1.8323045  5.60821028 2.54752283 0.47589061 5.10146248]", "nit": "38", "callback": [0.5415222148164098, 0.49421439481576646, 0.43680783534280865, 0.42636390330965335, 0.4157681918393008, 0.4108456621960699, 0.40844850992332316, 0.40455616030114017, 0.3864427379398576, 0.37661675295760566, 0.3580421413891193, 0.3226184320546903, 0.2581339150560912, 0.20057451740936716, 0.19073689623200962, 0.18820386483408325, 0.1860985291309305, 0.18311178050930754, 0.17753392292100612, 0.17397021149945102, 0.1711862281738865, 0.16625469362325862, 0.15734406555100322, 0.1433122314661286, 0.1337560328837668, 0.13196641249037644, 0.13086515401070464, 0.1307755772300575, 0.1307489854972803, 0.13071845621813982, 0.13070546322508547, 0.1307052036340911, 0.13070519885188192, 0.13070519880097997, 0.13070519877418174, 0.13070519877130204, 0.13070519877058961, 0.13070519877057596]}, "7": {"maxiter": 100, "gtol": 1e-10, "xrtol": 1e-10, "eps": 1e-10, "duration": 0.08602595329284668, "fun": "0.1307051986414145", "jac": "[-2.22044587e-06  0.00000000e+00  1.11022293e-06  1.11022293e-06\n  2.22044587e-06  1.11022293e-06]", "hess_inv": "[[ 11.5863462    4.15639959  -7.50442232  20.02094439  31.13077444\n   39.93584705]\n [  4.15639959   3.58373125  -2.81774322  10.79492271  14.51146994\n   19.58941477]\n [ -7.50442232  -2.81774322   6.28326289 -14.14629359 -22.3434886\n  -27.39298374]\n [ 20.02094439  10.79492271 -14.14629359  45.45030134  62.92599108\n   81.61859128]\n [ 31.13077444  14.51146994 -22.3434886   62.92599108  95.60887704\n  121.4265202 ]\n [ 39.93584705  19.58941477 -27.39298374  81.61859128 121.4265202\n  157.28812702]]", "nfev": "371", "njev": "53", "status": "0", "success": "True", "message": "Optimization terminated successfully.", "x": "[4.50778242 1.8323182  5.60823169 2.54753664 0.47597946 5.10155316]", "nit": "39", "callback": [0.5415219327741072, 0.4942143738250677, 0.43680850892327894, 0.42636418011163213, 0.41576884569157246, 0.41084610083768847, 0.40844891715722587, 0.4045565973340848, 0.38645281267968945, 0.3766226573887502, 0.35804248620715784, 0.3226095346268405, 0.25811001458402627, 0.20059096204470284, 0.1907408625702558, 0.18820485189556002, 0.18610425257050034, 0.1831242137622986, 0.17755666525140734, 0.17397762536060313, 0.17120624519292227, 0.1662972005203215, 0.15742384333683523, 0.14342590175664172, 0.13376968012498902, 0.13197398857834042, 0.13086690206625284, 0.13077494329414385, 0.1307485536289289, 0.13071690957227278, 0.130705659706274, 0.1307052065613662, 0.13070519887607035, 0.1307051987361033, 0.13070519869275965, 0.1307051986505703, 0.1307051986434985, 0.1307051986414145, 0.1307051986414145]}, "8": {"maxiter": 500, "gtol": 1e-05, "xrtol": 1e-05, "eps": 1e-05, "duration": 0.06504106521606445, "fun": "0.13070519885188192", "jac": "[ 7.15827397e-07 -7.89512899e-06  6.85274060e-06 -5.10975706e-06\n -1.29415367e-06  3.84804411e-06]", "hess_inv": "[[ 5.80946707e+00 -1.25328103e-01 -5.27244729e-01 -1.48920759e+00\n  -1.18722105e-01 -2.14125482e+00]\n [-1.25328103e-01  2.86542716e+00  1.80429145e+00 -4.37056730e-03\n   1.68237994e+00  1.32597633e+00]\n [-5.27244729e-01  1.80429145e+00  5.08032836e+00  4.15647727e-01\n   2.93116460e+00  1.75427677e+00]\n [-1.48920759e+00 -4.37056730e-03  4.15647727e-01  3.22731616e+00\n   2.19319699e+00  3.28751225e+00]\n [-1.18722105e-01  1.68237994e+00  2.93116460e+00  2.19319699e+00\n   1.97008953e+01  1.76616106e+01]\n [-2.14125482e+00  1.32597633e+00  1.75427677e+0