{"date": "2024/10/08/, 14:40:29", "conf_id": 5, "data_type": "random\n", "num_data_points": 1, "s_rank": 0, "unitary": "[[-0.45070455-0.02711853j,0.78437395-0.06613086j,0.06358678+0.19963393j,-0.07343613+0.35668523j],[-0.01890143-0.03813363j,0.32408202+0.25557629j,0.05872864-0.68979805j,0.55466693-0.20227297j],[-0.11215405+0.64023111j,-0.13344055+0.29565494j,-0.49012687-0.19046288j,-0.04241254+0.44046348j],[0.55771659+0.24656916j,0.31851997-0.05798805j,0.28761525-0.34294258j,-0.56718418+0.03616933j]]", "databatch_0": {"databatch": "[[[-0.0432541-0.28844675j,0.4705842-0.07034148j,0.00252631+0.01368257j,-0.12723209+0.39829035j],[-0.02121673-0.22621814j,0.29424341+0.11710418j,0.02619764+0.02937616j,-0.13752709+0.32457863j],[-0.09412163+0.10463779j,0.09609346+0.00817881j,0.04253871-0.04780907j,0.22119709-0.03226716j],[0.07284152-0.12307488j,0.23950445+0.17586569j,0.00831376+0.00091005j,-0.16877261+0.12373264j]]]", "initial param values": "[4.60431795,2.75657651,3.25479944,4.29391229,5.84326726,2.25267813]", "nelder_mead": {"type": "gradient-free", "0": {"maxiter": 100, "fatol": 1e-05, "xatol": 1e-05, "duration": 0.03908205032348633, "fun": "0.17087571717227468", "nit": "100", "nfev": "160", "status": "2", "success": "False", "message": "Maximum number of iterations has been exceeded.", "x": "[2.8991574  2.04664279 3.01654207 4.99829717 4.95343645 2.59380577]", "final_simplex": "(array([[2.8991574 , 2.04664279, 3.01654207, 4.99829717, 4.95343645,\n        2.59380577],\n       [2.92504305, 2.16466832, 3.19633012, 4.97791454, 4.97363545,\n        2.56159049],\n       [2.91602432, 2.10822312, 3.13201135, 4.98980105, 4.97493147,\n        2.56761458],\n       [2.89558737, 2.02736866, 3.00586761, 4.99808764, 4.95971889,\n        2.59869428],\n       [2.94125025, 2.19815526, 3.22384395, 4.99497897, 4.97655245,\n        2.55011624],\n       [2.97066027, 2.25004863, 3.26299221, 5.00182557, 5.00971682,\n        2.529291  ],\n       [2.88857633, 2.08626072, 3.08714796, 4.97612901, 4.97945334,\n        2.58803128]]), array([0.17087572, 0.1710083 , 0.17103699, 0.17112361, 0.17113068,\n       0.17129962, 0.17150735]))", "callback": [0.455836002893353, 0.23459251557935368, 0.1766348008916917, 0.17486086775052367, 0.17285180791915278, 0.17251260672887803, 0.17236967697858363, 0.17235512788003748, 0.17211788186313948, 0.17153743537129496]}, "1": {"maxiter": 100, "fatol": 1e-05, "xatol": 1e-10, "duration": 0.03154397010803223, "fun": "0.17087571717227468", "nit": "100", "nfev": "160", "status": "2", "success": "False", "message": "Maximum number of iterations has been exceeded.", "x": "[2.8991574  2.04664279 3.01654207 4.99829717 4.95343645 2.59380577]", "final_simplex": "(array([[2.8991574 , 2.04664279, 3.01654207, 4.99829717, 4.95343645,\n        2.59380577],\n       [2.92504305, 2.16466832, 3.19633012, 4.97791454, 4.97363545,\n        2.56159049],\n       [2.91602432, 2.10822312, 3.13201135, 4.98980105, 4.97493147,\n        2.56761458],\n       [2.89558737, 2.02736866, 3.00586761, 4.99808764, 4.95971889,\n        2.59869428],\n       [2.94125025, 2.19815526, 3.22384395, 4.99497897, 4.97655245,\n        2.55011624],\n       [2.97066027, 2.25004863, 3.26299221, 5.00182557, 5.00971682,\n        2.529291  ],\n       [2.88857633, 2.08626072, 3.08714796, 4.97612901, 4.97945334,\n        2.58803128]]), array([0.17087572, 0.1710083 , 0.17103699, 0.17112361, 0.17113068,\n       0.17129962, 0.17150735]))", "callback": [0.455836002893353, 0.23459251557935368, 0.1766348008916917, 0.17486086775052367, 0.17285180791915278, 0.17251260672887803, 0.17236967697858363, 0.17235512788003748, 0.17211788186313948, 0.17153743537129496]}, "2": {"maxiter": 100, "fatol": 1e-10, "xatol": 1e-05, "duration": 0.03557324409484863, "fun": "0.17087571717227468", "nit": "100", "nfev": "160", "status": "2", "success": "False", "message": "Maximum number of iterations has been exceeded.", "x": "[2.8991574  2.04664279 3.01654207 4.99829717 4.95343645 2.59380577]", "final_simplex": "(array([[2.8991574 , 2.04664279, 3.01654207, 4.99829717, 4.95343645,\n        2.59380577],\n       [2.92504305, 2.16466832, 3.19633012, 4.97791454, 4.97363545,\n        2.56159049],\n       [2.91602432, 2.10822312, 3.13201135, 4.98980105, 4.97493147,\n        2.56761458],\n       [2.89558737, 2.02736866, 3.00586761, 4.99808764, 4.95971889,\n        2.59869428],\n       [2.94125025, 2.19815526, 3.22384395, 4.99497897, 4.97655245,\n        2.55011624],\n       [2.97066027, 2.25004863, 3.26299221, 5.00182557, 5.00971682,\n        2.529291  ],\n       [2.88857633, 2.08626072, 3.08714796, 4.97612901, 4.97945334,\n        2.58803128]]), array([0.17087572, 0.1710083 , 0.17103699, 0.17112361, 0.17113068,\n       0.17129962, 0.17150735]))", "callback": [0.455836002893353, 0.23459251557935368, 0.1766348008916917, 0.17486086775052367, 0.17285180791915278, 0.17251260672887803, 0.17236967697858363, 0.17235512788003748, 0.17211788186313948, 0.17153743537129496]}, "3": {"maxiter": 100, "fatol": 1e-10, "xatol": 1e-10, "duration": 0.03319907188415527, "fun": "0.17087571717227468", "nit": "100", "nfev": "160", "status": "2", "success": "False", "message": "Maximum number of iterations has been exceeded.", "x": "[2.8991574  2.04664279 3.01654207 4.99829717 4.95343645 2.59380577]", "final_simplex": "(array([[2.8991574 , 2.04664279, 3.01654207, 4.99829717, 4.95343645,\n        2.59380577],\n       [2.92504305, 2.16466832, 3.19633012, 4.97791454, 4.97363545,\n        2.56159049],\n       [2.91602432, 2.10822312, 3.13201135, 4.98980105, 4.97493147,\n        2.56761458],\n       [2.89558737, 2.02736866, 3.00586761, 4.99808764, 4.95971889,\n        2.59869428],\n       [2.94125025, 2.19815526, 3.22384395, 4.99497897, 4.97655245,\n        2.55011624],\n       [2.97066027, 2.25004863, 3.26299221, 5.00182557, 5.00971682,\n        2.529291  ],\n       [2.88857633, 2.08626072, 3.08714796, 4.97612901, 4.97945334,\n        2.58803128]]), array([0.17087572, 0.1710083 , 0.17103699, 0.17112361, 0.17113068,\n       0.17129962, 0.17150735]))", "callback": [0.455836002893353, 0.23459251557935368, 0.1766348008916917, 0.17486086775052367, 0.17285180791915278, 0.17251260672887803, 0.17236967697858363, 0.17235512788003748, 0.17211788186313948, 0.17153743537129496]}, "4": {"maxiter": 500, "fatol": 1e-05, "xatol": 1e-05, "duration": 0.15977191925048828, "fun": "0.15557467131780678", "nit": "427", "nfev": "672", "status": "0", "success": "True", "message": "Optimization terminated successfully.", "x": "[2.59666238 1.16082374 1.67525158 4.96731606 4.33744388 2.70351776]", "final_simplex": "(array([[2.59666238, 1.16082374, 1.67525158, 4.96731606, 4.33744388,\n        2.70351776],\n       [2.59665905, 1.16082521, 1.67524961, 4.96731305, 4.3374352 ,\n        2.70352056],\n       [2.59666208, 1.16082048, 1.67525072, 4.96731325, 4.33744127,\n        2.70351576],\n       [2.59666246, 1.16082112, 1.6752462 , 4.96731278, 4.337438  ,\n        2.70351945],\n       [2.59666057, 1.16081981, 1.6752494 , 4.96731649, 4.33743915,\n        2.7035188 ],\n       [2.59666304, 1.16082456, 1.67525161, 4.96731329, 4.33743769,\n        2.70352236],\n       [2.59666348, 1.16081657, 1.67524817, 4.96731596, 4.33743712,\n        2.70351799]]), array([0.15557467, 0.15557467, 0.15557467, 0.15557467, 0.15557467,\n       0.15557467, 0.15557467]))", "callback": [0.455836002893353, 0.23459251557935368, 0.1766348008916917, 0.17486086775052367, 0.17285180791915278, 0.17251260672887803, 0.17236967697858363, 0.17235512788003748, 0.17211788186313948, 0.17153743537129496, 0.1708003405649775, 0.16859351597074035, 0.1657018604091549, 0.16499233617974018, 0.164190387586987, 0.1637488102877347, 0.16294591859672924, 0.1617582417746256, 0.15915539538366263, 0.15877863181744922, 0.157967692438562, 0.15697193406111054, 0.15580881268373414, 0.1557916839685367, 0.15570213824032098, 0.15569991432165486, 0.15567047530295763, 0.15563793884870214, 0.15559863046210276, 0.15557617057850148, 0.15557617057850148, 0.15557520780531064, 0.15557480625481845, 0.1555747036662637, 0.1555746821876426, 0.1555746761436948, 0.15557467514443113, 0.15557467328625607, 0.15557467208315912, 0.15557467142456438, 0.15557467133488534, 0.15557467133488534, 0.1555746713203755]}, "5": {"maxiter": 500, "fatol": 1e-05, "xatol": 1e-10, "duration": 0.19823384284973145, "fun": "0.15557467131597869", "nit": "500", "nfev": "788", "status": "2", "success": "False", "message": "Maximum number of iterations has been exceeded.", "x": "[2.59666079 1.160821   1.67524454 4.96731542 4.33743894 2.70351932]", "final_simplex": "(array([[2.59666079, 1.160821  , 1.67524454, 4.96731542, 4.33743894,\n        2.70351932],\n       [2.5966607 , 1.16082098, 1.67524449, 4.96731544, 4.33743899,\n        2.70351919],\n       [2.59666077, 1.16082102, 1.67524448, 4.96731554, 4.33743893,\n        2.70351934],\n       [2.59666076, 1.16082121, 1.6752446 , 4.96731536, 4.33743892,\n        2.70351935],\n       [2.5966608 , 1.16082088, 1.67524453, 4.9673155 , 4.33743891,\n        2.70351926],\n       [2.59666083, 1.1608211 , 1.67524471, 4.96731542, 4.33743912,\n        2.70351922],\n       [2.5966607 , 1.16082104, 1.67524467, 4.96731544, 4.33743896,\n        2.70351922]]), array([0.15557467, 0.15557467, 0.15557467, 0.15557467, 0.15557467,\n       0.15557467, 0.15557467]))", "callback": [0.455836002893353, 0.23459251557935368, 0.1766348008916917, 0.17486086775052367, 0.17285180791915278, 0.17251260672887803, 0.17236967697858363, 0.17235512788003748, 0.17211788186313948, 0.17153743537129496, 0.1708003405649775, 0.16859351597074035, 0.1657018604091549, 0.16499233617974018, 0.164190387586987, 0.1637488102877347, 0.16294591859672924, 0.1617582417746256, 0.15915539538366263, 0.15877863181744922, 0.157967692438562, 0.15697193406111054, 0.15580881268373414, 0.1557916839685367, 0.15570213824032098, 0.15569991432165486, 0.15567047530295763, 0.15563793884870214, 0.15559863046210276, 0.15557617057850148, 0.15557617057850148, 0.15557520780531064, 0.15557480625481845, 0.1555747036662637, 0.1555746821876426, 0.1555746761436948, 0.15557467514443113, 0.15557467328625607, 0.15557467208315912, 0.15557467142456438, 0.15557467133488534, 0.15557467133488534, 0.1555746713203755, 0.15557467131700542, 0.15557467131641567, 0.1555746713161935, 0.15557467131608171, 0.15557467131600056, 0.1555746713159919, 0.15557467131598635]}, "6": {"maxiter": 500, "fatol": 1e-10, "xatol": 1e-05, "duration": 0.15363502502441406, "fun": "0.15557467131780678", "nit": "427", "nfev": "672", "status": "0", "success": "True", "message": "Optimization terminated successfully.", "x": "[2.59666238 1.16082374 1.67525158 4.96731606 4.33744388 2.70351776]", "final_simplex": "(array([[2.59666238, 1.16082374, 1.67525158, 4.96731606, 4.33744388,\n        2.70351776],\n       [2.59665905, 1.16082521, 1.67524961, 4.96731305, 4.3374352 ,\n        2.70352056],\n       [2.59666208, 1.16082048, 1.67525072, 4.96731325, 4.33744127,\n        2.70351576],\n       [2.59666246, 1.16082112, 1.6752462 , 4.96731278, 4.337438  ,\n        2.70351945],\n       [2.59666057, 1.16081981, 1.6752494 , 4.96731649, 4.33743915,\n        2.7035188 ],\n       [2.59666304, 1.16082456, 1.67525161, 4.96731329, 4.33743769,\n        2.70352236],\n       [2.59666348, 1.16081657, 1.67524817, 4.96731596, 4.33743712,\n        2.70351799]]), array([0.15557467, 0.15557467, 0.15557467, 0.15557467, 0.15557467,\n       0.15557467, 0.15557467]))", "callback": [0.455836002893353, 0.23459251557935368, 0.1766348008916917, 0.17486086775052367, 0.17285180791915278, 0.17251260672887803, 0.17236967697858363, 0.17235512788003748, 0.17211788186313948, 0.17153743537129496, 0.1708003405649775, 0.16859351597074035, 0.1657018604091549, 0.16499233617974018, 0.164190387586987, 0.1637488102877347, 0.16294591859672924, 0.1617582417746256, 0.15915539538366263, 0.15877863181744922, 0.157967692438562, 0.15697193406111054, 0.15580881268373414, 0.1557916839685367, 0.15570213824032098, 0.15569991432165486, 0.15567047530295763, 0.15563793884870214, 0.15559863046210276, 0.15557617057850148, 0.15557617057850148, 0.15557520780531064, 0.15557480625481845, 0.1555747036662637, 0.1555746821876426, 0.1555746761436948, 0.15557467514443113, 0.15557467328625607, 0.15557467208315912, 0.15557467142456438, 0.15557467133488534, 0.15557467133488534, 0.1555746713203755]}, "7": {"maxiter": 500, "fatol": 1e-10, "xatol": 1e-10, "duration": 0.18500900268554688, "fun": "0.15557467131597869", "nit": "500", "nfev": "788", "status": "2", "success": "False", "message": "Maximum number of iterations has been exceeded.", "x": "[2.59666079 1.160821   1.67524454 4.96731542 4.33743894 2.70351932]", "final_simplex": "(array([[2.59666079, 1.160821  , 1.67524454, 4.96731542, 4.33743894,\n        2.70351932],\n       [2.5966607 , 1.16082098, 1.67524449, 4.96731544, 4.33743899,\n        2.70351919],\n       [2.59666077, 1.16082102, 1.67524448, 4.96731554, 4.33743893,\n        2.70351934],\n       [2.59666076, 1.16082121, 1.6752446 , 4.96731536, 4.33743892,\n        2.70351935],\n       [2.5966608 , 1.16082088, 1.67524453, 4.9673155 , 4.33743891,\n        2.70351926],\n       [2.59666083, 1.1608211 , 1.67524471, 4.96731542, 4.33743912,\n        2.70351922],\n       [2.5966607 , 1.16082104, 1.67524467, 4.96731544, 4.33743896,\n        2.70351922]]), array([0.15557467, 0.15557467, 0.15557467, 0.15557467, 0.15557467,\n       0.15557467, 0.15557467]))", "callback": [0.455836002893353, 0.23459251557935368, 0.1766348008916917, 0.17486086775052367, 0.17285180791915278, 0.17251260672887803, 0.17236967697858363, 0.17235512788003748, 0.17211788186313948, 0.17153743537129496, 0.1708003405649775, 0.16859351597074035, 0.1657018604091549, 0.16499233617974018, 0.164190387586987, 0.1637488102877347, 0.16294591859672924, 0.1617582417746256, 0.15915539538366263, 0.15877863181744922, 0.157967692438562, 0.15697193406111054, 0.15580881268373414, 0.1557916839685367, 0.15570213824032098, 0.15569991432165486, 0.15567047530295763, 0.15563793884870214, 0.15559863046210276, 0.15557617057850148, 0.15557617057850148, 0.15557520780531064, 0.15557480625481845, 0.1555747036662637, 0.1555746821876426, 0.1555746761436948, 0.15557467514443113, 0.15557467328625607, 0.15557467208315912, 0.15557467142456438, 0.15557467133488534, 0.15557467133488534, 0.1555746713203755, 0.15557467131700542, 0.15557467131641567, 0.1555746713161935, 0.15557467131608171, 0.15557467131600056, 0.1555746713159919, 0.15557467131598635]}, "8": {"maxiter": 1000, "fatol": 1e-05, "xatol": 1e-05, "duration": 0.1621079444885254, "fun": "0.15557467131780678", "nit": "427", "nfev": "672", "status": "0", "success": "True", "message": "Optimization terminated successfully.", "x": "[2.59666238 1.16082374 1.67525158 4.96731606 4.33744388 2.70351776]", "final_simplex": "(array([[2.59666238, 1.16082374, 1.67525158, 4.96731606, 4.33744388,\n        2.70351776],\n       [2.59665905, 1.16082521, 1.67524961, 4.96731305, 4.3374352 ,\n        2.70352056],\n       [2.59666208, 1.16082048, 1.67525072, 4.96731325, 4.33744127,\n        2.70351576],\n       [2.59666246, 1.16082112, 1.6752462 , 4.96731278, 4.337438  ,\n        2.70351945],\n       [2.59666057, 1.16081981, 1.6752494 , 4.96731649, 4.33743915,\n        2.7035188 ],\n       [2.59666304, 1.16082456, 1.67525161, 4.96731329, 4.33743769,\n        2.70352236],\n       [2.59666348, 1.16081657, 1.67524817, 4.96731596, 4.33743712,\n        2.70351799]]), array([0.15557467, 0.15557467, 0.15557467, 0.15557467, 0.15557467,\n       0.15557467, 0.15557467]))", "callback": [0.455836002893353, 0.23459251557935368, 0.1766348008916917, 0.17486086775052367, 0.17285180791915278, 0.17251260672887803, 0.17236967697858363, 0.17235512788003748, 0.17211788186313948, 0.17153743537129496, 0.1708003405649775, 0.16859351597074035, 0.1657018604091549, 0.16499233617974018, 0.164190387586987, 0.1637488102877347, 0.16294591859672924, 0.1617582417746256, 0.15915539538366263, 0.15877863181744922, 0.157967692438562, 0.15697193406111054, 0.15580881268373414, 0.1557916839685367, 0.15570213824032098, 0.15569991432165486, 0.15567047530295763, 0.15563793884870214, 0.15559863046210276, 0.15557617057850148, 0.15557617057850148, 0.15557520780531064, 0.15557480625481845, 0.1555747036662637, 0.1555746821876426, 0.1555746761436948, 0.15557467514443113, 0.15557467328625607, 0.15557467208315912, 0.15557467142456438, 0.15557467133488534, 0.15557467133488534, 0.1555746713203755]}, "9": {"maxiter": 1000, "fatol": 1e-05, "xatol": 1e-10, "duration": 0.24022293090820312, "fun": "0.15557467131595393", "nit": "589", "nfev": "989", "status": "0", "success": "True", "message": "Optimization terminated successfully.", "x": "[2.59666051 1.16082069 1.67524395 4.96731537 4.33743881 2.70351951]", "final_simplex": "(array([[2.59666051, 1.16082069, 1.67524395, 4.96731537, 4.33743881,\n        2.70351951],\n       [2.59666051, 1.16082069, 1.67524395, 4.96731537, 4.33743881,\n        2.70351951],\n       [2.59666051, 1.16082069, 1.67524395, 4.96731537, 4.33743881,\n        2.70351951],\n       [2.59666051, 1.16082069, 1.67524395, 4.96731537, 4.33743881,\n        2.70351951],\n       [2.59666051, 1.16082069, 1.67524395, 4.96731537, 4.33743881,\n        2.70351951],\n       [2.59666051, 1.16082069, 1.67524395, 4.96731537, 4.33743881,\n        2.70351951],\n       [2.59666051, 1.16082069, 1.67524395, 4.96731537, 4.33743881,\n        2.70351951]]), array([0.15557467, 0.15557467, 0.15557467, 0.15557467, 0.15557467,\n       0.15557467, 0.15557467]))", "callback": [0.455836002893353, 0.23459251557935368, 0.1766348008916917, 0.17486086775052367, 0.17285180791915278, 0.17251260672887803, 0.17236967697858363, 0.17235512788003748, 0.17211788186313948, 0.17153743537129496, 0.1708003405649775, 0.16859351597074035, 0.1657018604091549, 0.16499233617974018, 0.164190387586987, 0.1637488102877347, 0.16294591859672924, 0.1617582417746256, 0.15915539538366263, 0.15877863181744922, 0.157967692438562, 0.15697193406111054, 0.15580881268373414, 0.1557916839685367, 0.15570213824032098, 0.15569991432165486, 0.15567047530295763, 0.15563793884870214, 0.15559863046210276, 0.15557617057850148, 0.15557617057850148, 0.15557520780531064, 0.15557480625481845, 0.1555747036662637, 0.1555746821876426, 0.1555746761436948, 0.15557467514443113, 0.15557467328625607, 0.15557467208315912, 0.15557467142456438, 0.15557467133488534, 0.15557467133488534, 0.1555746713203755, 0.15557467131700542, 0.15557467131641567, 0.1555746713161935, 0.15557467131608171, 0.15557467131600056, 0.1555746713159919, 0.15557467131598635, 0.15557467131597869, 0.15557467131597313, 0.15557467131596237, 0.15557467131595748, 0.15557467131595526, 0.15557467131595448, 0.15557467131595404, 0.15557467131595404, 0.15557467131595404]}, "10": {"maxiter": 1000, "fatol": 1e-10, "xatol": 1e-05, "duration": 0.1693589687347412, "fun": "0.15557467131780678", "nit": "427", "nfev": "672", "status": "0", "success": "True", "message": "Optimization terminated successfully.", "x": "[2.59666238 1.16082374 1.67525158 4.96731606 4.33744388 2.70351776]", "final_simplex": "(array([[2.59666238, 1.16082374, 1.67525158, 4.96731606, 4.33744388,\n        2.70351776],\n       [2.59665905, 1.16082521, 1.67524961, 4.96731305, 4.3374352 ,\n        2.70352056],\n       [2.59666208, 1.16082048, 1.67525072, 4.96731325, 4.33744127,\n        2.70351576],\n       [2.59666246, 1.16082112, 1.6752462 , 4.96731278, 4.337438  ,\n        2.70351945],\n       [2.59666057, 1.16081981, 1.6752494 , 4.96731649, 4.33743915,\n        2.7035188 ],\n       [2.59666304, 1.16082456, 1.67525161, 4.96731329, 4.33743769,\n        2.70352236],\n       [2.59666348, 1.16081657, 1.67524817, 4.96731596, 4.33743712,\n        2.70351799]]), array([0.15557467, 0.15557467, 0.15557467, 0.15557467, 0.15557467,\n       0.15557467, 0.15557467]))", "callback": [0.455836002893353, 0.23459251557935368, 0.1766348008916917, 0.17486086775052367, 0.17285180791915278, 0.17251260672887803, 0.17236967697858363, 0.17235512788003748, 0.17211788186313948, 0.17153743537129496, 0.1708003405649775, 0.16859351597074035, 0.1657018604091549, 0.16499233617974018, 0.164190387586987, 0.1637488102877347, 0.16294591859672924, 0.1617582417746256, 0.15915539538366263, 0.15877863181744922, 0.157967692438562, 0.15697193406111054, 0.15580881268373414, 0.1557916839685367, 0.15570213824032098, 0.15569991432165486, 0.15567047530295763, 0.15563793884870214, 0.15559863046210276, 0.15557617057850148, 0.15557617057850148, 0.15557520780531064, 0.15557480625481845, 0.1555747036662637, 0.1555746821876426, 0.1555746761436948, 0.15557467514443113, 0.15557467328625607, 0.15557467208315912, 0.15557467142456438, 0.15557467133488534, 0.15557467133488534, 0.1555746713203755]}, "11": {"maxiter": 1000, "fatol": 1e-10, "xatol": 1e-10, "duration": 0.22678279876708984, "fun": "0.15557467131595393", "nit": "589", "nfev": "989", "status": "0", "success": "True", "message": "Optimization terminated successfully.", "x": "[2.59666051 1.16082069 1.67524395 4.96731537 4.33743881 2.70351951]", "final_simplex": "(array([[2.59666051, 1.16082069, 1.67524395, 4.96731537, 4.33743881,\n        2.70351951],\n       [2.59666051, 1.16082069, 1.67524395, 4.96731537, 4.33743881,\n        2.70351951],\n       [2.59666051, 1.16082069, 1.67524395, 4.96731537, 4.33743881,\n        2.70351951],\n       [2.59666051, 1.16082069, 1.67524395, 4.96731537, 4.33743881,\n        2.70351951],\n       [2.59666051, 1.16082069, 1.67524395, 4.96731537, 4.33743881,\n        2.70351951],\n       [2.59666051, 1.16082069, 1.67524395, 4.96731537, 4.33743881,\n        2.70351951],\n       [2.59666051, 1.16082069, 1.67524395, 4.96731537, 4.33743881,\n        2.70351951]]), array([0.15557467, 0.15557467, 0.15557467, 0.15557467, 0.15557467,\n       0.15557467, 0.15557467]))", "callback": [0.455836002893353, 0.23459251557935368, 0.1766348008916917, 0.17486086775052367, 0.17285180791915278, 0.17251260672887803, 0.17236967697858363, 0.17235512788003748, 0.17211788186313948, 0.17153743537129496, 0.1708003405649775, 0.16859351597074035, 0.1657018604091549, 0.16499233617974018, 0.164190387586987, 0.1637488102877347, 0.16294591859672924, 0.1617582417746256, 0.15915539538366263, 0.15877863181744922, 0.157967692438562, 0.15697193406111054, 0.15580881268373414, 0.1557916839685367, 0.15570213824032098, 0.15569991432165486, 0.15567047530295763, 0.15563793884870214, 0.15559863046210276, 0.15557617057850148, 0.15557617057850148, 0.15557520780531064, 0.15557480625481845, 0.1555747036662637, 0.1555746821876426, 0.1555746761436948, 0.15557467514443113, 0.15557467328625607, 0.15557467208315912, 0.15557467142456438, 0.15557467133488534, 0.15557467133488534, 0.1555746713203755, 0.15557467131700542, 0.15557467131641567, 0.1555746713161935, 0.15557467131608171, 0.15557467131600056, 0.1555746713159919, 0.15557467131598635, 0.15557467131597869, 0.15557467131597313, 0.15557467131596237, 0.15557467131595748, 0.15557467131595526, 0.15557467131595448, 0.15557467131595404, 0.15557467131595404, 0.15557467131595404]}}, "bfgs": {"type": "gradient", "0": {"maxiter": 100, "gtol": 1e-05, "xrtol": 1e-05, "eps": 1e-05, "duration": 0.07430505752563477, "fun": "0.1555746718858615", "jac": "[-2.69126943e-06  4.66456873e-06 -2.05659934e-06  7.98997535e-06\n -3.25115490e-06 -3.84128285e-06]", "hess_inv": "[[  7.69130462  -1.69740991   6.91843378   0.90930022   9.98099709\n   -3.81794761]\n [ -1.69740991  13.43266434   8.3612124   -2.67832197  -1.53285144\n    3.52205018]\n [  6.91843378   8.3612124   26.73600183  -4.7706034   17.88207262\n   -8.17514704]\n [  0.90930022  -2.67832197  -4.7706034    4.42365037  -2.20284862\n    1.43207337]\n [  9.98099709  -1.53285144  17.88207262  -2.20284862  27.35560577\n  -12.50767795]\n [ -3.81794761   3.52205018  -8.17514704   1.43207337 -12.50767795\n    9.58181062]]", "nfev": "315", "njev": "45", "status": "0", "success": "True", "message": "Optimization terminated successfully.", "x": "[2.59658195 1.16082519 1.67511945 4.9673294  4.33728795 2.70357004]", "nit": "41", "callback": [0.4733625984082638, 0.28422660448283765, 0.24566575461524276, 0.20485607249911175, 0.18591192409863566, 0.17648949905021127, 0.17564876817369046, 0.17514401660137324, 0.1746533424350244, 0.17393823421631638, 0.17337816434943898, 0.1730725685986345, 0.1729197350035916, 0.1728060083879681, 0.17275018201766923, 0.17274142494435685, 0.17274020592994455, 0.17273865447473868, 0.1727358181166223, 0.17273039728181216, 0.1726844278888191, 0.17261514722074112, 0.17251434824432155, 0.17231872152093852, 0.17195442716480458, 0.1715566786463688, 0.16824273512311982, 0.16514499679874073, 0.16402991440205006, 0.16203551627593638, 0.15883423706075006, 0.15651186274258377, 0.15613779910666858, 0.15593967314186752, 0.15589876182653806, 0.15582906818673226, 0.15571507350937597, 0.15558927797013233, 0.15557578445407982, 0.15557469635573784, 0.1555746718858615]}, "1": {"maxiter": 100, "gtol": 1e-05, "xrtol": 1e-05, "eps": 1e-10, "duration": 0.08038187026977539, "fun": "0.15557467145741855", "jac": "[-4.44089173e-06  0.00000000e+00  3.33066880e-06  1.11022293e-06\n  1.11022293e-06 -1.11022293e-06]", "hess_inv": "[[  8.36236323  -1.44499231   8.32597007   0.95307105  11.38587589\n   -4.2295956 ]\n [ -1.44499231  13.41885734   8.66170917  -3.15320096  -1.49710291\n    3.1674835 ]\n [  8.32597007   8.66170917  29.77457527  -4.97905448  20.66865152\n   -9.783362  ]\n [  0.95307105  -3.15320096  -4.97905448   4.61436185  -1.61957086\n    1.29543544]\n [ 11.38587589  -1.49710291  20.66865152  -1.61957086  30.21663546\n  -14.01052166]\n [ -4.2295956    3.1674835   -9.783362     1.29543544 -14.01052166\n   10.48571589]]", "nfev": "315", "njev": "45", "status": "0", "success": "True", "message": "Optimization terminated successfully.", "x": "[2.59666308 1.16085122 1.67531655 4.96730144 4.33748654 2.70349424]", "nit": "41", "callback": [0.4733628882953209, 0.2842269681571876, 0.24566645680182253, 0.20485657123478962, 0.18591252880066844, 0.17648931652189215, 0.175648660990118, 0.1751438687769864, 0.1746530620433403, 0.17393768483321548, 0.17337776547133477, 0.17307211531639366, 0.1729196917588368, 0.17280574745526955, 0.17275020479514347, 0.17274143877401937, 0.17274022224390229, 0.1727386498346003, 0.1727357374925902, 0.17273013452939945, 0.17268216099016143, 0.17261306838009505, 0.17250150329630998, 0.17229585999655483, 0.17191145292753496, 0.17147784706671254, 0.16795346708912917, 0.1645158917147459, 0.162538082325154, 0.15974345802902357, 0.15741677189667358, 0.15657541386704876, 0.1563473285911714, 0.15623039274962025, 0.15603988233500243, 0.15576748722718847, 0.15561964182649324, 0.15558543722074725, 0.15557517541623822, 0.15557467510677014, 0.15557467145741855]}, "2": {"maxiter": 100, "gtol": 1e-05, "xrtol": 1e-10, "eps": 1e-05, "duration": 0.08106184005737305, "fun": "0.1555746718858615", "jac": "[-2.69126943e-06  4.66456873e-06 -2.05659934e-06  7.98997535e-06\n -3.25115490e-06 -3.84128285e-06]", "hess_inv": "[[  7.69130462  -1.69740991   6.91843378   0.90930022   9.98099709\n   -3.81794761]\n [ -1.69740991  13.43266434   8.3612124   -2.67832197  -1.53285144\n    3.52205018]\n [  6.91843378   8.3612124   26.73600183  -4.7706034   17.88207262\n   -8.17514704]\n [  0.90930022  -2.67832197  -4.7706034    4.42365037  -2.20284862\n    1.43207337]\n [  9.98099709  -1.53285144  17.88207262  -2.20284862  27.35560577\n  -12.50767795]\n [ -3.81794761   3.52205018  -8.17514704   1.43207337 -12.50767795\n    9.58181062]]", "nfev": "315", "njev": "45", "status": "0", "success": "True", "message": "Optimization terminated successfully.", "x": "[2.59658195 1.16082519 1.67511945 4.9673294  4.33728795 2.70357004]", "nit": "41", "callback": [0.4733625984082638, 0.28422660448283765, 0.24566575461524276, 0.20485607249911175, 0.18591192409863566, 0.17648949905021127, 0.17564876817369046, 0.17514401660137324, 0.1746533424350244, 0.17393823421631638, 0.17337816434943898, 0.1730725685986345, 0.1729197350035916, 0.1728060083879681, 0.17275018201766923, 0.17274142494435685, 0.17274020592994455, 0.17273865447473868, 0.1727358181166223, 0.17273039728181216, 0.1726844278888191, 0.17261514722074112, 0.17251434824432155, 0.17231872152093852, 0.17195442716480458, 0.1715566786463688, 0.16824273512311982, 0.16514499679874073, 0.16402991440205006, 0.16203551627593638, 0.15883423706075006, 0.15651186274258377, 0.15613779910666858, 0.15593967314186752, 0.15589876182653806, 0.15582906818673226, 0.15571507350937597, 0.15558927797013233, 0.15557578445407982, 0.15557469635573784, 0.1555746718858615]}, "3": {"maxiter": 100, "gtol": 1e-05, "xrtol": 1e-10, "eps": 1e-10, "duration": 0.07255101203918457, "fun": "0.15557467145741855", "jac": "[-4.44089173e-06  0.00000000e+00  3.33066880e-06  1.11022293e-06\n  1.11022293e-06 -1.11022293e-06]", "hess_inv": "[[  8.36236323  -1.44499231   8.32597007   0.95307105  11.38587589\n   -4.2295956 ]\n [ -1.44499231  13.41885734   8.66170917  -3.15320096  -1.49710291\n    3.1674835 ]\n [  8.32597007   8.66170917  29.77457527  -4.97905448  20.66865152\n   -9.783362  ]\n [  0.95307105  -3.15320096  -4.97905448   4.61436185  -1.61957086\n    1.29543544]\n [ 11.38587589  -1.49710291  20.66865152  -1.61957086  30.21663546\n  -14.01052166]\n [ -4.2295956    3.1674835   -9.783362     1.29543544 -14.01052166\n   10.48571589]]", "nfev": "315", "njev": "45", "status": "0", "success": "True", "message": "Optimization terminated successfully.", "x": "[2.59666308 1.16085122 1.67531655 4.96730144 4.33748654 2.70349424]", "nit": "41", "callback": [0.4733628882953209, 0.2842269681571876, 0.24566645680182253, 0.20485657123478962, 0.18591252880066844, 0.17648931652189215, 0.175648660990118, 0.1751438687769864, 0.1746530620433403, 0.17393768483321548, 0.17337776547133477, 0.17307211531639366, 0.1729196917588368, 0.17280574745526955, 0.17275020479514347, 0.17274143877401937, 0.17274022224390229, 0.1727386498346003, 0.1727357374925902, 0.17273013452939945, 0.17268216099016143, 0.17261306838009505, 0.17250150329630998, 0.17229585999655483, 0.17191145292753496, 0.17147784706671254, 0.16795346708912917, 0.1645158917147459, 0.162538082325154, 0.15974345802902357, 0.15741677189667358, 0.15657541386704876, 0.1563473285911714, 0.15623039274962025, 0.15603988233500243, 0.15576748722718847, 0.15561964182649324, 0.15558543722074725, 0.15557517541623822, 0.15557467510677014, 0.15557467145741855]}, "4": {"maxiter": 100, "gtol": 1e-10, "xrtol": 1e-05, "eps": 1e-05, "duration": 0.09293794631958008, "fun": "0.15557467137995618", "jac": "[ 5.11257703e-08 -8.64863736e-09  4.47419879e-09 -3.36508599e-08\n -1.18682841e-08  5.30575583e-08]", "hess_inv": "[[  8.26103308  -2.03394122   7.12439919   1.4226099   10.64433335\n   -3.83670886]\n [ -2.03394122  13.54912398   8.05319977  -2.84045844  -1.9760826\n    3.60255195]\n [  7.12439919   8.05319977  25.6098402   -3.39960874  17.14445953\n   -7.34440647]\n [  1.4226099   -2.84045844  -3.39960874   3.68120376  -0.55953029\n    0.53955717]\n [ 10.64433335  -1.9760826   17.14445953  -0.55953029  27.14382758\n  -11.73392457]\n [ -3.83670886   3.60255195  -7.34440647   0.53955717 -11.73392457\n    8.92948215]]", "nfev": "329", "njev": "47", "status": "0", "success": "True", "message": "Optimization terminated successfully.", "x": "[2.59663682 1.16080318 1.67520841 4.96731033 4.33740872 2.70351965]", "nit": "43", "callback": [0.4733625984082638, 0.28422660448283765, 0.24566575461524276, 0.20485607249911175, 0.18591192409863566, 0.17648949905021127, 0.17564876817369046, 0.17514401660137324, 0.1746533424350244, 0.17393823421631638, 0.17337816434943898, 0.1730725685986345, 0.1729197350035916, 0.1728060083879681, 0.17275018201766923, 0.17274142494435685, 0.17274020592994455, 0.17273865447473868, 0.1727358181166223, 0.17273039728181216, 0.1726844278888191, 0.17261514722074112, 0.17251434824432155, 0.17231872152093852, 0.17195442716480458, 0.1715566786463688, 0.16824273512311982, 0.16514499679874073, 0.16402991440205006, 0.16203551627593638, 0.15883423706075006, 0.15651186274258377, 0.15613779910666858, 0.15593967314186752, 0.15589876182653806, 0.15582906818673226, 0.15571507350937597, 0.15558927797013233, 0.15557578445407982, 0.15557469635573784, 0.1555746718858615, 0.1555746713888595, 0.15557467137995618]}, "5": {"maxiter": 100, "gtol": 1e-10, "xrtol": 1e-05, "eps": 1e-10, "duration": 0.0916299819946289, "fun": "0.15557467132629854", "jac": "[3.33066880e-06 1.11022293e-06 0.00000000e+00 1.11022293e-06\n 1.11022293e-06 3.33066880e-06]", "hess_inv": "[[ 7.92553113 -2.66013331  3.5181996   2.15101846  8.00551053 -1.84353379]\n [-2.66013331 14.14513861  8.04576055 -3.58413394 -2.04728606  3.4470057 ]\n [ 3.5181996   8.04576055 17.09218847 -3.80567634 11.29811928 -3.80894327]\n [ 2.15101846 -3.58413394 -3.80567634  4.9492826  -0.63916335  0.8649472 ]\n [ 8.00551053 -2.04728606 11.29811928 -0.63916335 23.32615363 -9.54818869]\n [-1.84353379  3.4470057  -3.80894327  0.8649472  -9.54818869  7.77494635]]", "nfev": "336", "njev": "48", "status": "0", "success": "True", "message": "Optimization terminated successfully.", "x": "[2.59666619 1.16082598 1.675253   4.96731994 4.33744169 2.70352298]", "nit": "43", "callback": [0.4733628882953209, 0.2842269681571876, 0.24566645680182253, 0.20485657123478962, 0.18591252880066844, 0.17648931652189215, 0.175648660990118, 0.1751438687769864, 0.1746530620433403, 0.17393768483321548, 0.17337776547133477, 0.17307211531639366, 0.1729196917588368, 0.17280574745526955, 0.17275020479514347, 0.17274143877401937, 0.17274022224390229, 0.1727386498346003, 0.1727357374925902, 0.17273013452939945, 0.17268216099016143, 0.17261306838009505, 0.17250150329630998, 0.17229585999655483, 0.17191145292753496, 0.17147784706671254, 0.16795346708912917, 0.1645158917147459, 0.162538082325154, 0.15974345802902357, 0.15741677189667358, 0.15657541386704876, 0.1563473285911714, 0.15623039274962025, 0.15603988233500243, 0.15576748722718847, 0.15561964182649324, 0.15558543722074725, 0.15557517541623822, 0.15557467510677014, 0.15557467145741855, 0.15557467133111036, 0.15557467132629854]}, "6": {"maxiter": 100, "gtol": 1e-10, "xrtol": 1e-10, "eps": 1e-05, "duration": 0.1397538185119629, "fun": "0.15557467137995618", "jac": "[ 5.11257703e-08 -8.64863736e-09  4.47419879e-09 -3.36508599e-08\n -1.18682841e-08  5.30575583e-08]", "hess_inv": "[[  8.29333721  -2.00618523   7.15491155   1.40409966  10.62509849\n   -3.79333017]\n [ -2.00618523  13.56369611   8.1126357   -2.86629648  -1.94397943\n    3.59611732]\n [  7.15491155   8.1126357   25.51969454  -3.38151706  16.95213784\n   -7.14691376]\n [  1.40409966  -2.86629648  -3.38151706   3.68117177  -0.49643017\n    0.46789579]\n [ 10.62509849  -1.94397943  16.95213784  -0.49643017  26.90033714\n  -11.53062402]\n [ -3.79333017   3.59611732  -7.14691376   0.46789579 -11.53062402\n    8.78180263]]", "nfev": "558", "njev": "78", "status": "2", "success": "False", "message": "Desired error not necessarily achieved due to precision loss.", "x": "[2.59663682 1.16080318 1.67520841 4.96731033 4.33740872 2.70351965]", "nit": "43", "callback": [0.4733625984082638, 0.28422660448283765, 0.24566575461524276, 0.20485607249911175, 0.18591192409863566, 0.17648949905021127, 0.17564876817369046, 0.17514401660137324, 0.1746533424350244, 0.17393823421631638, 0.17337816434943898, 0.1730725685986345, 0.1729197350035916, 0.1728060083879681, 0.17275018201766923, 0.17274142494435685, 0.17274020592994455, 0.17273865447473868, 0.1727358181166223, 0.17273039728181216, 0.1726844278888191, 0.17261514722074112, 0.17251434824432155, 0.17231872152093852, 0.17195442716480458, 0.1715566786463688, 0.16824273512311982, 0.16514499679874073, 0.16402991440205006, 0.16203551627593638, 0.15883423706075006, 0.15651186274258377, 0.15613779910666858, 0.15593967314186752, 0.15589876182653806, 0.15582906818673226, 0.15571507350937597, 0.15558927797013233, 0.15557578445407982, 0.15557469635573784, 0.1555746718858615, 0.1555746713888595, 0.15557467137995618]}, "7": {"maxiter": 100, "gtol": 1e-10, "xrtol": 1e-10, "eps": 1e-10, "duration": 0.11536478996276855, "fun": "0.15557467132163394", "jac": "[ 1.11022293e-06  2.22044587e-06  1.11022293e-06  2.22044587e-06\n -1.11022293e-06 -1.11022293e-06]", "hess_inv": "[[ 3.71474596 -4.15514797  0.67602245 -0.25311489  0.87203545 -0.91561922]\n [-4.15514797  5.84058486 -1.63369223  0.82277927 -2.95324615  1.42087801]\n [ 0.67602245 -1.63369223  1.32773809 -0.69185102  1.95021858 -0.84161347]\n [-0.25311489  0.82277927 -0.69185102  0.70800464 -1.71627045  0.79501075]\n [ 0.87203545 -2.95324615  1.95021858 -1.71627045  5.32359593 -2.10325514]\n [-0.91561922  1.42087801 -0.84161347  0.79501075 -2.10325514  1.96911884]]", "nfev": "413", "njev": "59", "status": "0", "success": "True", "message": "Optimization terminated successfully.", "x": "[2.59666588 1.16082466 1.67525443 4.9673184  4.33744558 2.70351836]", "nit": "48", "callback": [0.4733628882953209, 0.2842269681571876, 0.24566645680182253, 0.20485657123478962, 0.18591252880066844, 0.17648931652189215, 0.175648660990118, 0.1751438687769864, 0.1746530620433403, 0.17393768483321548, 0.17337776547133477, 0.17307211531639366, 0.1729196917588368, 0.17280574745526955, 0.17275020479514347, 0.17274143877401937, 0.17274022224390229, 0.1727386498346003, 0.1727357374925902, 0.17273013452939945, 0.17268216099016143, 0.17261306838009505, 0.17250150329630998, 0.17229585999655483, 0.17191145292753496, 0.17147784706671254, 0.16795346708912917, 0.1645158917147459, 0.162538082325154, 0.15974345802902357, 0.15741677189667358, 0.15657541386704876, 0.1563473285911714, 0.15623039274962025, 0.15603988233500243, 0.15576748722718847, 0.15561964182649324, 0.15558543722074725, 0.15557517541623822, 0.15557467510677014, 0.15557467145741855, 0.15557467133111036, 0.15557467132629854, 0.15557467132439662, 0.15557467132307778, 0.15557467132221914, 0.15557467132163405, 0.15557467132163394]}, "8": {"maxiter": 500, "gtol": 1e-05, "xrtol": 1e-05, "eps": 1e-05, "duration": 0.07793998718261719, "fun": "0.1555746718858615", "jac": "[-2.69126943e-06  4.66456873e-06 -2.05659934e-06  7.98997535e-06\n -3.25115490e-06 -3.84128285e-06]", "hess_inv": "[[  7.69130462  -1.69740991   6.91843378   0.90930022   9.98099709\n   -3.81794761]\n [ -1.69740991  13.43266434   8.3612124   -2.67832197  -1.53285144\n    3.52205018]\n [  6.91843378   8.3612124   26.73600183  -4.7706034   17.88207262\n   -8.17514704]\n [  0.90930022  -2.67832197  -4.7706034    4.42365037  -2.20284862\n    1.43207337]\n [  9.98099709  -1.53285144  17.88207262  -2.20284862  27.35560577\n  -12.50767795]\n [ -3.81794761   3.52205018  -8.17514704   1.43207337 -12.50767795\n    9.58181062]]", "nfev": "315", "njev": "45", "status": "0", "success": "True", "message": "Optimization terminated successfully.", "x": "[2.59658195 1.16082519 1.67511945 4.9673294  4.33728795 2.70357004]", "nit": "41", "callback": [0.4733625984082638, 0.28422660448283765, 0.24566575461524276, 0.20485607249911175, 0.18591192409863566, 0.17648949905021127, 0.17564876817369046, 0.17514401660137324, 0.1746533424350244, 0.17393823421631638, 0.17337816434943898, 0.1730725685986345, 0.1729197350035916, 0.1728060083879681, 0.17275018201766923, 0.17274142494435685, 0.17274020592994455, 0.17273865447473868, 0.1727358181166223, 0.17273039728181216, 0.1726844278888191, 0.17261514722074112, 0.17251434824432155, 0.17231872152093852, 0.17195442716480458, 0.1715566786463688, 0.16824273512311982, 0.16514499679874073, 0.16402991440205006, 0.16203551627593638, 0.15883423706075006, 0.15651186274258377, 0.15613779910666858, 0.15593967314186752, 0.15589876182653806, 0.15582906818673226, 0.15571507350937597, 0.15558927797013233, 0.15557578445407982, 0.15557469635573784, 0.1555746718858615]}, "9": {"maxiter": 500, "gtol": 1e-05, "xrtol": 1e-05, "eps": 1e-10, "duration": 0.08153295516967773, "fun": "0.15557467145741855", "jac": "[-4.44089173e-06  0.00000000e+00  3.33066880e-06  1.11022293e-06\n  1.11022293e-06 -1.11022293e-06]", "hess_inv": "[[  8.36236323  -1.444992