{"date": "2024/09/12/, 00:55:54", "conf_id": 8, "data_type": "random\n", "num_data_points": 1, "s_rank": 0, "unitary": "[[-0.53618537-0.34368723j,-0.12107031-0.46226139j,-0.07699282-0.46603512j,0.36022595-0.11472301j],[0.26026499-0.63450712j,-0.56616638+0.37832564j,-0.14988651+0.08458591j,0.10363514-0.16008501j],[-0.32580188-0.11070003j,-0.36476308-0.23593218j,0.02559343+0.41761608j,-0.25598305+0.6725303j],[0.07406738-0.0126433j,0.28513701+0.19483972j,-0.74939717-0.10299659j,0.29798249+0.46269921j]]", "databatch_0": {"databatch": "[[[0.18664674-0.20586671j,0.0082868+0.05830784j,0.24829257-0.29379374j,-0.01400689-0.0178309j],[-0.33694511+0.19352878j,0.01374088+0.17041161j,0.02493475+0.36437238j,-0.01675287+0.14985817j],[0.26392997+0.05129105j,-0.16856768-0.23678552j,-0.19455295+0.21013692j,-0.02182336-0.16448424j],[0.22927016-0.06827879j,-0.20484602-0.09937959j,-0.02442271+0.20243956j,-0.0746889-0.10936305j]]]", "initial param values": "[5.82127186,1.94917825,1.69521955,0.33500075,3.30932475,5.2466906]", "nelder_mead": {"type": "gradient-free", "0": {"maxiter": 100, "fatol": 1e-05, "xatol": 1e-05, "duration": 0.044589996337890625, "fun": "0.27837390863972034", "nit": "100", "nfev": "158", "status": "2", "success": "False", "message": "Maximum number of iterations has been exceeded.", "x": "[ 4.26065909 -0.95093525  1.88456136  0.6979199   4.20719654  6.709767  ]", "final_simplex": "(array([[ 4.26065909, -0.95093525,  1.88456136,  0.6979199 ,  4.20719654,\n         6.709767  ],\n       [ 4.02308548, -0.92852543,  1.92610429,  0.68023663,  4.34557931,\n         6.69012098],\n       [ 4.06630761, -0.85965325,  1.7946652 ,  0.67740003,  4.48164098,\n         6.73082232],\n       [ 4.12394296, -0.74492329,  1.93093281,  0.65656109,  4.42895532,\n         6.48728183],\n       [ 4.21275787, -0.95163582,  1.89531348,  0.69195961,  4.14970649,\n         6.90824133],\n       [ 3.9865933 , -0.80963292,  1.9739702 ,  0.66957785,  4.28016554,\n         6.64805235],\n       [ 4.35890795, -0.66934996,  1.85052796,  0.6557377 ,  4.20623975,\n         6.69524508]]), array([0.27837391, 0.28584897, 0.28658618, 0.28752187, 0.28942028,\n       0.28962515, 0.29015579]))", "callback": [0.859524393516487, 0.7496251907610016, 0.6856610460113882, 0.6347210915790715, 0.5537947478781516, 0.5260150389635407, 0.407613203040079, 0.29667411219061157, 0.28962515060265703]}, "1": {"maxiter": 100, "fatol": 1e-05, "xatol": 1e-10, "duration": 0.04353904724121094, "fun": "0.27837390863972034", "nit": "100", "nfev": "158", "status": "2", "success": "False", "message": "Maximum number of iterations has been exceeded.", "x": "[ 4.26065909 -0.95093525  1.88456136  0.6979199   4.20719654  6.709767  ]", "final_simplex": "(array([[ 4.26065909, -0.95093525,  1.88456136,  0.6979199 ,  4.20719654,\n         6.709767  ],\n       [ 4.02308548, -0.92852543,  1.92610429,  0.68023663,  4.34557931,\n         6.69012098],\n       [ 4.06630761, -0.85965325,  1.7946652 ,  0.67740003,  4.48164098,\n         6.73082232],\n       [ 4.12394296, -0.74492329,  1.93093281,  0.65656109,  4.42895532,\n         6.48728183],\n       [ 4.21275787, -0.95163582,  1.89531348,  0.69195961,  4.14970649,\n         6.90824133],\n       [ 3.9865933 , -0.80963292,  1.9739702 ,  0.66957785,  4.28016554,\n         6.64805235],\n       [ 4.35890795, -0.66934996,  1.85052796,  0.6557377 ,  4.20623975,\n         6.69524508]]), array([0.27837391, 0.28584897, 0.28658618, 0.28752187, 0.28942028,\n       0.28962515, 0.29015579]))", "callback": [0.859524393516487, 0.7496251907610016, 0.6856610460113882, 0.6347210915790715, 0.5537947478781516, 0.5260150389635407, 0.407613203040079, 0.29667411219061157, 0.28962515060265703]}, "2": {"maxiter": 100, "fatol": 1e-10, "xatol": 1e-05, "duration": 0.042874813079833984, "fun": "0.27837390863972034", "nit": "100", "nfev": "158", "status": "2", "success": "False", "message": "Maximum number of iterations has been exceeded.", "x": "[ 4.26065909 -0.95093525  1.88456136  0.6979199   4.20719654  6.709767  ]", "final_simplex": "(array([[ 4.26065909, -0.95093525,  1.88456136,  0.6979199 ,  4.20719654,\n         6.709767  ],\n       [ 4.02308548, -0.92852543,  1.92610429,  0.68023663,  4.34557931,\n         6.69012098],\n       [ 4.06630761, -0.85965325,  1.7946652 ,  0.67740003,  4.48164098,\n         6.73082232],\n       [ 4.12394296, -0.74492329,  1.93093281,  0.65656109,  4.42895532,\n         6.48728183],\n       [ 4.21275787, -0.95163582,  1.89531348,  0.69195961,  4.14970649,\n         6.90824133],\n       [ 3.9865933 , -0.80963292,  1.9739702 ,  0.66957785,  4.28016554,\n         6.64805235],\n       [ 4.35890795, -0.66934996,  1.85052796,  0.6557377 ,  4.20623975,\n         6.69524508]]), array([0.27837391, 0.28584897, 0.28658618, 0.28752187, 0.28942028,\n       0.28962515, 0.29015579]))", "callback": [0.859524393516487, 0.7496251907610016, 0.6856610460113882, 0.6347210915790715, 0.5537947478781516, 0.5260150389635407, 0.407613203040079, 0.29667411219061157, 0.28962515060265703]}, "3": {"maxiter": 100, "fatol": 1e-10, "xatol": 1e-10, "duration": 0.0433650016784668, "fun": "0.27837390863972034", "nit": "100", "nfev": "158", "status": "2", "success": "False", "message": "Maximum number of iterations has been exceeded.", "x": "[ 4.26065909 -0.95093525  1.88456136  0.6979199   4.20719654  6.709767  ]", "final_simplex": "(array([[ 4.26065909, -0.95093525,  1.88456136,  0.6979199 ,  4.20719654,\n         6.709767  ],\n       [ 4.02308548, -0.92852543,  1.92610429,  0.68023663,  4.34557931,\n         6.69012098],\n       [ 4.06630761, -0.85965325,  1.7946652 ,  0.67740003,  4.48164098,\n         6.73082232],\n       [ 4.12394296, -0.74492329,  1.93093281,  0.65656109,  4.42895532,\n         6.48728183],\n       [ 4.21275787, -0.95163582,  1.89531348,  0.69195961,  4.14970649,\n         6.90824133],\n       [ 3.9865933 , -0.80963292,  1.9739702 ,  0.66957785,  4.28016554,\n         6.64805235],\n       [ 4.35890795, -0.66934996,  1.85052796,  0.6557377 ,  4.20623975,\n         6.69524508]]), array([0.27837391, 0.28584897, 0.28658618, 0.28752187, 0.28942028,\n       0.28962515, 0.29015579]))", "callback": [0.859524393516487, 0.7496251907610016, 0.6856610460113882, 0.6347210915790715, 0.5537947478781516, 0.5260150389635407, 0.407613203040079, 0.29667411219061157, 0.28962515060265703]}, "4": {"maxiter": 500, "fatol": 1e-05, "xatol": 1e-05, "duration": 0.21135210990905762, "fun": "0.1682562569220487", "nit": "492", "nfev": "770", "status": "0", "success": "True", "message": "Optimization terminated successfully.", "x": "[ 4.07949673 -1.18413812  1.10605978  1.47778003  4.81242886  6.36719221]", "final_simplex": "(array([[ 4.07949673, -1.18413812,  1.10605978,  1.47778003,  4.81242886,\n         6.36719221],\n       [ 4.07949821, -1.18413505,  1.10606667,  1.47777941,  4.81242362,\n         6.36719712],\n       [ 4.07949287, -1.18414057,  1.10606014,  1.47778315,  4.81242784,\n         6.36719366],\n       [ 4.07949432, -1.18413976,  1.1060578 ,  1.47777815,  4.81242803,\n         6.36719574],\n       [ 4.07949645, -1.18414081,  1.10605554,  1.47778136,  4.81242702,\n         6.36719523],\n       [ 4.07949406, -1.18413245,  1.10606269,  1.47777885,  4.81242727,\n         6.3671929 ],\n       [ 4.07949382, -1.1841413 ,  1.10606097,  1.47778187,  4.81242308,\n         6.36719349]]), array([0.16825626, 0.16825626, 0.16825626, 0.16825626, 0.16825626,\n       0.16825626, 0.16825626]))", "callback": [0.859524393516487, 0.7496251907610016, 0.6856610460113882, 0.6347210915790715, 0.5537947478781516, 0.5260150389635407, 0.407613203040079, 0.29667411219061157, 0.28962515060265703, 0.27837390863972034, 0.27445833191195823, 0.2712945177865733, 0.2651025356924166, 0.2574372392750569, 0.2436021604211227, 0.23030566168817557, 0.22725810281213432, 0.22315087775738607, 0.2209374831597879, 0.2198935528206324, 0.21937194970539065, 0.21869964629684135, 0.21756461058584042, 0.21318455695758876, 0.20448643487896567, 0.20096879900687648, 0.18739565321687413, 0.17417222233926266, 0.17105957920533288, 0.16894929895843191, 0.16838413657702989, 0.16832356361519651, 0.16829591309395764, 0.16828101814906948, 0.16826298889752977, 0.16825862897019006, 0.16825721145234673, 0.16825649926873787, 0.16825633887366065, 0.16825629959553345, 0.16825627437015367, 0.16825626383750358, 0.16825625997649696, 0.1682562579417366, 0.16825625730165816, 0.16825625707539482, 0.16825625696489366, 0.16825625693891433, 0.16825625692334734]}, "5": {"maxiter": 500, "fatol": 1e-05, "xatol": 1e-10, "duration": 0.21826934814453125, "fun": "0.1682562569209779", "nit": "500", "nfev": "786", "status": "2", "success": "False", "message": "Maximum number of iterations has been exceeded.", "x": "[ 4.07949584 -1.18413791  1.1060608   1.4777801   4.81242763  6.36719329]", "final_simplex": "(array([[ 4.07949584, -1.18413791,  1.1060608 ,  1.4777801 ,  4.81242763,\n         6.36719329],\n       [ 4.0794949 , -1.18413849,  1.10606127,  1.47778052,  4.81242596,\n         6.36719411],\n       [ 4.0794966 , -1.18413651,  1.1060639 ,  1.47777981,  4.81242531,\n         6.36719547],\n       [ 4.07949482, -1.1841387 ,  1.10605994,  1.47777932,  4.81242727,\n         6.36719493],\n       [ 4.07949425, -1.18413894,  1.1060611 ,  1.4777815 ,  4.81242713,\n         6.367194  ],\n       [ 4.07949466, -1.18413679,  1.10606385,  1.47777968,  4.8124266 ,\n         6.36719401],\n       [ 4.0794948 , -1.18413571,  1.1060614 ,  1.47777968,  4.81242701,\n         6.36719378]]), array([0.16825626, 0.16825626, 0.16825626, 0.16825626, 0.16825626,\n       0.16825626, 0.16825626]))", "callback": [0.859524393516487, 0.7496251907610016, 0.6856610460113882, 0.6347210915790715, 0.5537947478781516, 0.5260150389635407, 0.407613203040079, 0.29667411219061157, 0.28962515060265703, 0.27837390863972034, 0.27445833191195823, 0.2712945177865733, 0.2651025356924166, 0.2574372392750569, 0.2436021604211227, 0.23030566168817557, 0.22725810281213432, 0.22315087775738607, 0.2209374831597879, 0.2198935528206324, 0.21937194970539065, 0.21869964629684135, 0.21756461058584042, 0.21318455695758876, 0.20448643487896567, 0.20096879900687648, 0.18739565321687413, 0.17417222233926266, 0.17105957920533288, 0.16894929895843191, 0.16838413657702989, 0.16832356361519651, 0.16829591309395764, 0.16828101814906948, 0.16826298889752977, 0.16825862897019006, 0.16825721145234673, 0.16825649926873787, 0.16825633887366065, 0.16825629959553345, 0.16825627437015367, 0.16825626383750358, 0.16825625997649696, 0.1682562579417366, 0.16825625730165816, 0.16825625707539482, 0.16825625696489366, 0.16825625693891433, 0.16825625692334734]}, "6": {"maxiter": 500, "fatol": 1e-10, "xatol": 1e-05, "duration": 0.21337604522705078, "fun": "0.1682562569220487", "nit": "492", "nfev": "770", "status": "0", "success": "True", "message": "Optimization terminated successfully.", "x": "[ 4.07949673 -1.18413812  1.10605978  1.47778003  4.81242886  6.36719221]", "final_simplex": "(array([[ 4.07949673, -1.18413812,  1.10605978,  1.47778003,  4.81242886,\n         6.36719221],\n       [ 4.07949821, -1.18413505,  1.10606667,  1.47777941,  4.81242362,\n         6.36719712],\n       [ 4.07949287, -1.18414057,  1.10606014,  1.47778315,  4.81242784,\n         6.36719366],\n       [ 4.07949432, -1.18413976,  1.1060578 ,  1.47777815,  4.81242803,\n         6.36719574],\n       [ 4.07949645, -1.18414081,  1.10605554,  1.47778136,  4.81242702,\n         6.36719523],\n       [ 4.07949406, -1.18413245,  1.10606269,  1.47777885,  4.81242727,\n         6.3671929 ],\n       [ 4.07949382, -1.1841413 ,  1.10606097,  1.47778187,  4.81242308,\n         6.36719349]]), array([0.16825626, 0.16825626, 0.16825626, 0.16825626, 0.16825626,\n       0.16825626, 0.16825626]))", "callback": [0.859524393516487, 0.7496251907610016, 0.6856610460113882, 0.6347210915790715, 0.5537947478781516, 0.5260150389635407, 0.407613203040079, 0.29667411219061157, 0.28962515060265703, 0.27837390863972034, 0.27445833191195823, 0.2712945177865733, 0.2651025356924166, 0.2574372392750569, 0.2436021604211227, 0.23030566168817557, 0.22725810281213432, 0.22315087775738607, 0.2209374831597879, 0.2198935528206324, 0.21937194970539065, 0.21869964629684135, 0.21756461058584042, 0.21318455695758876, 0.20448643487896567, 0.20096879900687648, 0.18739565321687413, 0.17417222233926266, 0.17105957920533288, 0.16894929895843191, 0.16838413657702989, 0.16832356361519651, 0.16829591309395764, 0.16828101814906948, 0.16826298889752977, 0.16825862897019006, 0.16825721145234673, 0.16825649926873787, 0.16825633887366065, 0.16825629959553345, 0.16825627437015367, 0.16825626383750358, 0.16825625997649696, 0.1682562579417366, 0.16825625730165816, 0.16825625707539482, 0.16825625696489366, 0.16825625693891433, 0.16825625692334734]}, "7": {"maxiter": 500, "fatol": 1e-10, "xatol": 1e-10, "duration": 0.21358799934387207, "fun": "0.1682562569209779", "nit": "500", "nfev": "786", "status": "2", "success": "False", "message": "Maximum number of iterations has been exceeded.", "x": "[ 4.07949584 -1.18413791  1.1060608   1.4777801   4.81242763  6.36719329]", "final_simplex": "(array([[ 4.07949584, -1.18413791,  1.1060608 ,  1.4777801 ,  4.81242763,\n         6.36719329],\n       [ 4.0794949 , -1.18413849,  1.10606127,  1.47778052,  4.81242596,\n         6.36719411],\n       [ 4.0794966 , -1.18413651,  1.1060639 ,  1.47777981,  4.81242531,\n         6.36719547],\n       [ 4.07949482, -1.1841387 ,  1.10605994,  1.47777932,  4.81242727,\n         6.36719493],\n       [ 4.07949425, -1.18413894,  1.1060611 ,  1.4777815 ,  4.81242713,\n         6.367194  ],\n       [ 4.07949466, -1.18413679,  1.10606385,  1.47777968,  4.8124266 ,\n         6.36719401],\n       [ 4.0794948 , -1.18413571,  1.1060614 ,  1.47777968,  4.81242701,\n         6.36719378]]), array([0.16825626, 0.16825626, 0.16825626, 0.16825626, 0.16825626,\n       0.16825626, 0.16825626]))", "callback": [0.859524393516487, 0.7496251907610016, 0.6856610460113882, 0.6347210915790715, 0.5537947478781516, 0.5260150389635407, 0.407613203040079, 0.29667411219061157, 0.28962515060265703, 0.27837390863972034, 0.27445833191195823, 0.2712945177865733, 0.2651025356924166, 0.2574372392750569, 0.2436021604211227, 0.23030566168817557, 0.22725810281213432, 0.22315087775738607, 0.2209374831597879, 0.2198935528206324, 0.21937194970539065, 0.21869964629684135, 0.21756461058584042, 0.21318455695758876, 0.20448643487896567, 0.20096879900687648, 0.18739565321687413, 0.17417222233926266, 0.17105957920533288, 0.16894929895843191, 0.16838413657702989, 0.16832356361519651, 0.16829591309395764, 0.16828101814906948, 0.16826298889752977, 0.16825862897019006, 0.16825721145234673, 0.16825649926873787, 0.16825633887366065, 0.16825629959553345, 0.16825627437015367, 0.16825626383750358, 0.16825625997649696, 0.1682562579417366, 0.16825625730165816, 0.16825625707539482, 0.16825625696489366, 0.16825625693891433, 0.16825625692334734]}, "8": {"maxiter": 1000, "fatol": 1e-05, "xatol": 1e-05, "duration": 0.21444988250732422, "fun": "0.1682562569220487", "nit": "492", "nfev": "770", "status": "0", "success": "True", "message": "Optimization terminated successfully.", "x": "[ 4.07949673 -1.18413812  1.10605978  1.47778003  4.81242886  6.36719221]", "final_simplex": "(array([[ 4.07949673, -1.18413812,  1.10605978,  1.47778003,  4.81242886,\n         6.36719221],\n       [ 4.07949821, -1.18413505,  1.10606667,  1.47777941,  4.81242362,\n         6.36719712],\n       [ 4.07949287, -1.18414057,  1.10606014,  1.47778315,  4.81242784,\n         6.36719366],\n       [ 4.07949432, -1.18413976,  1.1060578 ,  1.47777815,  4.81242803,\n         6.36719574],\n       [ 4.07949645, -1.18414081,  1.10605554,  1.47778136,  4.81242702,\n         6.36719523],\n       [ 4.07949406, -1.18413245,  1.10606269,  1.47777885,  4.81242727,\n         6.3671929 ],\n       [ 4.07949382, -1.1841413 ,  1.10606097,  1.47778187,  4.81242308,\n         6.36719349]]), array([0.16825626, 0.16825626, 0.16825626, 0.16825626, 0.16825626,\n       0.16825626, 0.16825626]))", "callback": [0.859524393516487, 0.7496251907610016, 0.6856610460113882, 0.6347210915790715, 0.5537947478781516, 0.5260150389635407, 0.407613203040079, 0.29667411219061157, 0.28962515060265703, 0.27837390863972034, 0.27445833191195823, 0.2712945177865733, 0.2651025356924166, 0.2574372392750569, 0.2436021604211227, 0.23030566168817557, 0.22725810281213432, 0.22315087775738607, 0.2209374831597879, 0.2198935528206324, 0.21937194970539065, 0.21869964629684135, 0.21756461058584042, 0.21318455695758876, 0.20448643487896567, 0.20096879900687648, 0.18739565321687413, 0.17417222233926266, 0.17105957920533288, 0.16894929895843191, 0.16838413657702989, 0.16832356361519651, 0.16829591309395764, 0.16828101814906948, 0.16826298889752977, 0.16825862897019006, 0.16825721145234673, 0.16825649926873787, 0.16825633887366065, 0.16825629959553345, 0.16825627437015367, 0.16825626383750358, 0.16825625997649696, 0.1682562579417366, 0.16825625730165816, 0.16825625707539482, 0.16825625696489366, 0.16825625693891433, 0.16825625692334734]}, "9": {"maxiter": 1000, "fatol": 1e-05, "xatol": 1e-10, "duration": 0.26731181144714355, "fun": "0.16825625692062007", "nit": "573", "nfev": "963", "status": "0", "success": "True", "message": "Optimization terminated successfully.", "x": "[ 4.07949579 -1.18413826  1.10606159  1.47777998  4.81242665  6.36719457]", "final_simplex": "(array([[ 4.07949579, -1.18413826,  1.10606159,  1.47777998,  4.81242665,\n         6.36719457],\n       [ 4.07949579, -1.18413826,  1.10606159,  1.47777998,  4.81242665,\n         6.36719457],\n       [ 4.07949579, -1.18413826,  1.10606159,  1.47777998,  4.81242665,\n         6.36719457],\n       [ 4.07949579, -1.18413826,  1.10606159,  1.47777998,  4.81242665,\n         6.36719457],\n       [ 4.07949579, -1.18413826,  1.10606159,  1.47777998,  4.81242665,\n         6.36719457],\n       [ 4.07949579, -1.18413826,  1.10606159,  1.47777998,  4.81242665,\n         6.36719457],\n       [ 4.07949579, -1.18413826,  1.10606159,  1.47777998,  4.81242665,\n         6.36719457]]), array([0.16825626, 0.16825626, 0.16825626, 0.16825626, 0.16825626,\n       0.16825626, 0.16825626]))", "callback": [0.859524393516487, 0.7496251907610016, 0.6856610460113882, 0.6347210915790715, 0.5537947478781516, 0.5260150389635407, 0.407613203040079, 0.29667411219061157, 0.28962515060265703, 0.27837390863972034, 0.27445833191195823, 0.2712945177865733, 0.2651025356924166, 0.2574372392750569, 0.2436021604211227, 0.23030566168817557, 0.22725810281213432, 0.22315087775738607, 0.2209374831597879, 0.2198935528206324, 0.21937194970539065, 0.21869964629684135, 0.21756461058584042, 0.21318455695758876, 0.20448643487896567, 0.20096879900687648, 0.18739565321687413, 0.17417222233926266, 0.17105957920533288, 0.16894929895843191, 0.16838413657702989, 0.16832356361519651, 0.16829591309395764, 0.16828101814906948, 0.16826298889752977, 0.16825862897019006, 0.16825721145234673, 0.16825649926873787, 0.16825633887366065, 0.16825629959553345, 0.16825627437015367, 0.16825626383750358, 0.16825625997649696, 0.1682562579417366, 0.16825625730165816, 0.16825625707539482, 0.16825625696489366, 0.16825625693891433, 0.16825625692334734, 0.1682562569209779, 0.16825625692069035, 0.16825625692062907, 0.16825625692062152, 0.16825625692062074, 0.16825625692062007, 0.16825625692062007, 0.16825625692062007]}, "10": {"maxiter": 1000, "fatol": 1e-10, "xatol": 1e-05, "duration": 0.2112560272216797, "fun": "0.1682562569220487", "nit": "492", "nfev": "770", "status": "0", "success": "True", "message": "Optimization terminated successfully.", "x": "[ 4.07949673 -1.18413812  1.10605978  1.47778003  4.81242886  6.36719221]", "final_simplex": "(array([[ 4.07949673, -1.18413812,  1.10605978,  1.47778003,  4.81242886,\n         6.36719221],\n       [ 4.07949821, -1.18413505,  1.10606667,  1.47777941,  4.81242362,\n         6.36719712],\n       [ 4.07949287, -1.18414057,  1.10606014,  1.47778315,  4.81242784,\n         6.36719366],\n       [ 4.07949432, -1.18413976,  1.1060578 ,  1.47777815,  4.81242803,\n         6.36719574],\n       [ 4.07949645, -1.18414081,  1.10605554,  1.47778136,  4.81242702,\n         6.36719523],\n       [ 4.07949406, -1.18413245,  1.10606269,  1.47777885,  4.81242727,\n         6.3671929 ],\n       [ 4.07949382, -1.1841413 ,  1.10606097,  1.47778187,  4.81242308,\n         6.36719349]]), array([0.16825626, 0.16825626, 0.16825626, 0.16825626, 0.16825626,\n       0.16825626, 0.16825626]))", "callback": [0.859524393516487, 0.7496251907610016, 0.6856610460113882, 0.6347210915790715, 0.5537947478781516, 0.5260150389635407, 0.407613203040079, 0.29667411219061157, 0.28962515060265703, 0.27837390863972034, 0.27445833191195823, 0.2712945177865733, 0.2651025356924166, 0.2574372392750569, 0.2436021604211227, 0.23030566168817557, 0.22725810281213432, 0.22315087775738607, 0.2209374831597879, 0.2198935528206324, 0.21937194970539065, 0.21869964629684135, 0.21756461058584042, 0.21318455695758876, 0.20448643487896567, 0.20096879900687648, 0.18739565321687413, 0.17417222233926266, 0.17105957920533288, 0.16894929895843191, 0.16838413657702989, 0.16832356361519651, 0.16829591309395764, 0.16828101814906948, 0.16826298889752977, 0.16825862897019006, 0.16825721145234673, 0.16825649926873787, 0.16825633887366065, 0.16825629959553345, 0.16825627437015367, 0.16825626383750358, 0.16825625997649696, 0.1682562579417366, 0.16825625730165816, 0.16825625707539482, 0.16825625696489366, 0.16825625693891433, 0.16825625692334734]}, "11": {"maxiter": 1000, "fatol": 1e-10, "xatol": 1e-10, "duration": 0.2593190670013428, "fun": "0.16825625692062007", "nit": "573", "nfev": "963", "status": "0", "success": "True", "message": "Optimization terminated successfully.", "x": "[ 4.07949579 -1.18413826  1.10606159  1.47777998  4.81242665  6.36719457]", "final_simplex": "(array([[ 4.07949579, -1.18413826,  1.10606159,  1.47777998,  4.81242665,\n         6.36719457],\n       [ 4.07949579, -1.18413826,  1.10606159,  1.47777998,  4.81242665,\n         6.36719457],\n       [ 4.07949579, -1.18413826,  1.10606159,  1.47777998,  4.81242665,\n         6.36719457],\n       [ 4.07949579, -1.18413826,  1.10606159,  1.47777998,  4.81242665,\n         6.36719457],\n       [ 4.07949579, -1.18413826,  1.10606159,  1.47777998,  4.81242665,\n         6.36719457],\n       [ 4.07949579, -1.18413826,  1.10606159,  1.47777998,  4.81242665,\n         6.36719457],\n       [ 4.07949579, -1.18413826,  1.10606159,  1.47777998,  4.81242665,\n         6.36719457]]), array([0.16825626, 0.16825626, 0.16825626, 0.16825626, 0.16825626,\n       0.16825626, 0.16825626]))", "callback": [0.859524393516487, 0.7496251907610016, 0.6856610460113882, 0.6347210915790715, 0.5537947478781516, 0.5260150389635407, 0.407613203040079, 0.29667411219061157, 0.28962515060265703, 0.27837390863972034, 0.27445833191195823, 0.2712945177865733, 0.2651025356924166, 0.2574372392750569, 0.2436021604211227, 0.23030566168817557, 0.22725810281213432, 0.22315087775738607, 0.2209374831597879, 0.2198935528206324, 0.21937194970539065, 0.21869964629684135, 0.21756461058584042, 0.21318455695758876, 0.20448643487896567, 0.20096879900687648, 0.18739565321687413, 0.17417222233926266, 0.17105957920533288, 0.16894929895843191, 0.16838413657702989, 0.16832356361519651, 0.16829591309395764, 0.16828101814906948, 0.16826298889752977, 0.16825862897019006, 0.16825721145234673, 0.16825649926873787, 0.16825633887366065, 0.16825629959553345, 0.16825627437015367, 0.16825626383750358, 0.16825625997649696, 0.1682562579417366, 0.16825625730165816, 0.16825625707539482, 0.16825625696489366, 0.16825625693891433, 0.16825625692334734, 0.1682562569209779, 0.16825625692069035, 0.16825625692062907, 0.16825625692062152, 0.16825625692062074, 0.16825625692062007, 0.16825625692062007, 0.16825625692062007]}}, "bfgs": {"type": "gradient", "0": {"maxiter": 100, "gtol": 1e-05, "xrtol": 1e-05, "eps": 1e-05, "duration": 0.05581092834472656, "fun": "0.16825625696733326", "jac": "[-9.59743396e-07  2.78876922e-07 -1.99928962e-07 -1.48361323e-06\n  9.21041021e-08  4.70101735e-07]", "hess_inv": "[[ 2.87417949  1.49017015  0.74473703 -0.18326872 -0.46740789  0.12745127]\n [ 1.49017015  7.37370694  5.19220141 -1.21967872 -2.31569538  0.32046369]\n [ 0.74473703  5.19220141  9.45043337 -2.414743   -5.20698762  1.70481252]\n [-0.18326872 -1.21967872 -2.414743    2.84012033  1.3705581  -0.49431108]\n [-0.46740789 -2.31569538 -5.20698762  1.3705581   5.31756858 -1.25449247]\n [ 0.12745127  0.32046369  1.70481252 -0.49431108 -1.25449247  2.74288378]]", "nfev": "203", "njev": "29", "status": "0", "success": "True", "message": "Optimization terminated successfully.", "x": "[ 4.0794858  -1.18415309  1.10605088  1.47777354  4.81242743  6.36718991]", "nit": "21", "callback": [0.1786257327932581, 0.16825625798069965]}, "1": {"maxiter": 100, "gtol": 1e-05, "xrtol": 1e-05, "eps": 1e-10, "duration": 0.05923914909362793, "fun": "0.1682562569345769", "jac": "[-1.11022293e-06  1.11022293e-06  0.00000000e+00 -4.44089173e-06\n -1.11022293e-06 -3.33066880e-06]", "hess_inv": "[[ 2.85852707  1.46242641  0.75202983 -0.1783292  -0.47917173  0.14951529]\n [ 1.46242641  7.31632052  5.22232219 -1.21146869 -2.35426769  0.374495  ]\n [ 0.75202983  5.22232219  9.61633763 -2.44856412 -5.31408783  1.76697739]\n [-0.1783292  -1.21146869 -2.44856412  2.84402027  1.39647699 -0.51171819]\n [-0.47917173 -2.35426769 -5.31408783  1.39647699  5.38026584 -1.28005309]\n [ 0.14951529  0.374495    1.76697739 -0.51171819 -1.28005309  2.72632801]]", "nfev": "203", "njev": "29", "status": "0", "success": "True", "message": "Optimization terminated successfully.", "x": "[ 4.0794953  -1.18413394  1.10605725  1.47777859  4.81243065  6.36718761]", "nit": "21", "callback": [0.1786249482597131, 0.16825625798860278]}, "2": {"maxiter": 100, "gtol": 1e-05, "xrtol": 1e-10, "eps": 1e-05, "duration": 0.05911397933959961, "fun": "0.16825625696733326", "jac": "[-9.59743396e-07  2.78876922e-07 -1.99928962e-07 -1.48361323e-06\n  9.21041021e-08  4.70101735e-07]", "hess_inv": "[[ 2.87417949  1.49017015  0.74473703 -0.18326872 -0.46740789  0.12745127]\n [ 1.49017015  7.37370694  5.19220141 -1.21967872 -2.31569538  0.32046369]\n [ 0.74473703  5.19220141  9.45043337 -2.414743   -5.20698762  1.70481252]\n [-0.18326872 -1.21967872 -2.414743    2.84012033  1.3705581  -0.49431108]\n [-0.46740789 -2.31569538 -5.20698762  1.3705581   5.31756858 -1.25449247]\n [ 0.12745127  0.32046369  1.70481252 -0.49431108 -1.25449247  2.74288378]]", "nfev": "203", "njev": "29", "status": "0", "success": "True", "message": "Optimization terminated successfully.", "x": "[ 4.0794858  -1.18415309  1.10605088  1.47777354  4.81242743  6.36718991]", "nit": "21", "callback": [0.1786257327932581, 0.16825625798069965]}, "3": {"maxiter": 100, "gtol": 1e-05, "xrtol": 1e-10, "eps": 1e-10, "duration": 0.059179067611694336, "fun": "0.1682562569345769", "jac": "[-1.11022293e-06  1.11022293e-06  0.00000000e+00 -4.44089173e-06\n -1.11022293e-06 -3.33066880e-06]", "hess_inv": "[[ 2.85852707  1.46242641  0.75202983 -0.1783292  -0.47917173  0.14951529]\n [ 1.46242641  7.31632052  5.22232219 -1.21146869 -2.35426769  0.374495  ]\n [ 0.75202983  5.22232219  9.61633763 -2.44856412 -5.31408783  1.76697739]\n [-0.1783292  -1.21146869 -2.44856412  2.84402027  1.39647699 -0.51171819]\n [-0.47917173 -2.35426769 -5.31408783  1.39647699  5.38026584 -1.28005309]\n [ 0.14951529  0.374495    1.76697739 -0.51171819 -1.28005309  2.72632801]]", "nfev": "203", "njev": "29", "status": "0", "success": "True", "message": "Optimization terminated successfully.", "x": "[ 4.0794953  -1.18413394  1.10605725  1.47777859  4.81243065  6.36718761]", "nit": "21", "callback": [0.1786249482597131, 0.16825625798860278]}, "4": {"maxiter": 100, "gtol": 1e-10, "xrtol": 1e-05, "eps": 1e-05, "duration": 0.06102800369262695, "fun": "0.1682562569575371", "jac": "[-3.91464638e-08  1.04360964e-09 -2.67563749e-08 -3.83471033e-08\n -4.22994972e-09  3.12194715e-08]", "hess_inv": "[[ 2.86903318  1.40258184  0.62327741 -0.11272103 -0.4134325   0.12168642]\n [ 1.40258184  7.34946981  5.19246657 -1.3106626  -2.3183907   0.37346437]\n [ 0.62327741  5.19246657  9.49855845 -2.57074845 -5.23200766  1.78179983]\n [-0.11272103 -1.3106626  -2.57074845  3.01073634  1.44215554 -0.54838752]\n [-0.4134325  -2.3183907  -5.23200766  1.44215554  5.33030656 -1.28897043]\n [ 0.12168642  0.37346437  1.78179983 -0.54838752 -1.28897043  2.75199809]]", "nfev": "210", "njev": "30", "status": "0", "success": "True", "message": "Optimization terminated successfully.", "x": "[ 4.0794881  -1.18415466  1.10604776  1.47777788  4.81242889  6.36718829]", "nit": "22", "callback": [0.1786257327932581, 0.16825625798069965]}, "5": {"maxiter": 100, "gtol": 1e-10, "xrtol": 1e-05, "eps": 1e-10, "duration": 0.0629580020904541, "fun": "0.16825625693141122", "jac": "[ 0.00000000e+00  0.00000000e+00 -1.11022293e-06 -2.22044587e-06\n  0.00000000e+00 -2.22044587e-06]", "hess_inv": "[[ 2.86035784  1.42907086  0.71167913 -0.14407164 -0.45392815  0.16194394]\n [ 1.42907086  7.91253527  5.98020654 -1.81969846 -2.81210035  0.19530534]\n [ 0.71167913  5.98020654 10.46080865 -3.23505623 -5.87459111  1.39972324]\n [-0.14407164 -1.81969846 -3.23505623  3.46301194  1.86594401 -0.34455698]\n [-0.45392815 -2.81210035 -5.87459111  1.86594401  5.72795694 -1.11726649]\n [ 0.16194394  0.19530534  1.39972324 -0.34455698 -1.11726649  2.61660052]]", "nfev": "217", "njev": "31", "status": "0", "success": "True", "message": "Optimization terminated successfully.", "x": "[ 4.07949559 -1.18413919  1.10605071  1.47778397  4.81243466  6.36718936]", "nit": "22", "callback": [0.1786249482597131, 0.16825625798860278]}, "6": {"maxiter": 100, "gtol": 1e-10, "xrtol": 1e-10, "eps": 1e-05, "duration": 0.06890702247619629, "fun": "0.1682562569570143", "jac": "[ 9.99200722e-11 -5.55111512e-11  4.44089210e-11 -1.11022302e-11\n  1.11022302e-11 -4.44089210e-11]", "hess_inv": "[[ 2.81162301  1.24273969  0.42834801 -0.03986301 -0.33329517  0.09280814]\n [ 1.24273969  7.4999252   5.08563025 -1.15217671 -2.23120704  0.3459573 ]\n [ 0.42834801  5.08563025  9.19925582 -2.41588772 -5.08294252  1.75549771]\n [-0.03986301 -1.15217671 -2.41588772  3.00417915  1.38313941 -0.55985427]\n [-0.33329517 -2.23120704 -5.08294252  1.38313941  5.26218553 -1.27896466]\n [ 0.09280814  0.3459573   1.75549771 -0.55985427 -1.27896466  2.76032558]]", "nfev": "238", "njev": "34", "status": "0", "success": "True", "message": "Optimization terminated successfully.", "x": "[ 4.07948822 -1.18415454  1.10604786  1.47777795  4.81242885  6.36718823]", "nit": "25", "callback": [0.1786257327932581, 0.16825625798069965]}, "7": {"maxiter": 100, "gtol": 1e-10, "xrtol": 1e-10, "eps": 1e-10, "duration": 0.11689591407775879, "fun": "0.16825625692420232", "jac": "[-1.11022293e-06  0.00000000e+00  1.11022293e-06  1.11022293e-06\n  0.00000000e+00  1.11022293e-06]", "hess_inv": "[[ 0.67195721  1.22764898 -0.54238379  0.30620925  0.44414215  0.63735815]\n [ 1.22764898  2.78186476 -1.33858198  0.64909214  1.42927414  1.29833445]\n [-0.54238379 -1.33858198  0.7214015  -0.25831982 -0.81286026 -0.58229149]\n [ 0.30620925  0.64909214 -0.25831982  0.20807293  0.25610606  0.33566297]\n [ 0.44414215  1.42927414 -0.81286026  0.25610606  1.1672677   0.50265331]\n [ 0.63735815  1.29833445 -0.58229149  0.33566297  0.50265331  0.67779603]]", "nfev": "406", "njev": "58", "status": "0", "success": "True", "message": "Optimization terminated successfully.", "x": "[ 4.07949567 -1.18414352  1.10605483  1.47778344  4.81242982  6.36719253]", "nit": "31", "callback": [0.1786249482597131, 0.16825625798860278, 0.16825625692420232]}, "8": {"maxiter": 500, "gtol": 1e-05, "xrtol": 1e-05, "eps": 1e-05, "duration": 0.058413028717041016, "fun": "0.16825625696733326", "jac": "[-9.59743396e-07  2.78876922e-07 -1.99928962e-07 -1.48361323e-06\n  9.21041021e-08  4.70101735e-07]", "hess_inv": "[[ 2.87417949  1.49017015  0.74473703 -0.18326872 -0.46740789  0.12745127]\n [ 1.49017015  7.37370694  5.19220141 -1.21967872 -2.31569538  0.32046369]\n [ 0.74473703  5.19220141  9.45043337 -2.414743   -5.20698762  1.70481252]\n [-0.18326872 -1.21967872 -2.414743    2.84012033  1.3705581  -0.49431108]\n [-0.46740789 -2.31569538 -5.20698762  1.3705581   5.31756858 -1.25449247]\n [ 0.12745127  0.32046369  1.70481252 -0.49431108 -1.25449247  2.74288378]]", "nfev": "203", "njev": "29", "status": "0", "success": "True", "message": "Optimization terminated successfully.", "x": "[ 4.0794858  -1.18415309  1.10605088  1.47777354  4.81242743  6.36718991]", "nit": "21", "callback": [0.1786257327932581, 0.16825625798069965]}, "9": {"maxiter": 500, "gtol": 1e-05, "xrtol": 1e-05, "eps": 1e-10, "duration": 0.05937981605529785, "fun": "0.1682562569345769", "jac": "[-1.11022293e-06  1.11022293e-06  0.00000000e+00 -4.44089173e-06\n -1.11022293e-06 -3.33066880e-06]", "hess_inv": "[[ 2.85852707  1.46242641  0.75202983 -0.1783292  -0.47917173  0.14951529]\n [ 1.46242641  7.31632052  5.22232219 -1.21146869 -2.35426769  0.374495  ]\n [ 0.75202983  5.22232219  9.61633763 -2.44856412 -5.31408783  1.76697739]\n [-0.1783292  -1.21146869 -2.44856412  2.84402027  1.39647699 -0.51171819]\n [-0.47917173 -2.35426769 -5.31408783  1.39647699  5.38026584 -1.28005309]\n [ 0.14951529  0.374495    1.76697739 -0.51171819 -1.28005309  2.72632801]]", "nfev": "203", "njev": "29", "status": "0", "success": "True", "message": "Optimization terminated successfully.", "x": "[ 4.0794953  -1.18413394  1.10605725  1.47777859  4.81243065  6.36718761]", "nit": "21", "callback": [0.1786249482597131, 0.16825625798860278]}, "10": {"maxiter": 500, "gtol": 1e-05, "xrtol": 1e-10, "eps": 1e-05, "duration": 0.05929279327392578, "fun": "0.16825625696733326", "jac": "[-9.59743396e-07  2.78876922e-07 -1.99928962e-07 -1.48361323e-06\n  9.21041021e-08  4.70101735e-07]", "hess_inv": "[[ 2.87417949  1.49017015  0.74473703 -0.18326872 -0.46740789  0.12745127]\n [ 1.49017015  7.37370694  5.19220141 -1.21967872 -2.31569538  0.32046369]\n [ 0.74473703  5.19220141  9.45043337 -2.414743   -5.20698762  1.70481252]\n [-0.18326872 -1.21967872 -2.414743    2.84012033  1.3705581  -0.49431108]\n [-0.46740789 -2.31569538 -5.20698762  1.3705581   5.31756858 -1.25449247]\n [ 0.12745127  0.32046369  1.70481252 -0.49431108 -1.25449247  2.74288378]]", "nfev": "203", "njev": "29", "status": "0", "success": "True", "message": "Optimization terminated successfully.", "x": "[ 4.0794858  -1.18415309  1.10605088  1.47777354  4.81242743  6.36718991]", "nit": "21", "callback": [0.1786257327932581, 0.16825625798069965]}, "11": {"maxiter": 500, "gtol": 1e-05, "xrtol": 1e-10, "eps": 1e-10, "duration": 0.05923199653625488, "fun": "0.1682562569345769", "jac": "[-1.11022293e-06  1.11022293e-06  0.00000000e+00 -4.44089173e-06\n -1.11022293e-06 -3.33066880e-06]", "hess_inv": "[[ 2.85852707  1.46242641  0.75202983 -0.1783292  -0.47917173  0.14951529]\n [ 1.46242641  7.31632052  5.22232219 -1.21146869 -2.35426769  0.374495  ]\n [ 0.75202983  5.22232219  9.61633763 -2.44856412 -5.31408783  1.76697739]\n [-0.1783292  -1.21146869 -2.44856412  2.84402027  1.39647699 -0.51171819]\n [-0.47917173 -2.35426769 -5.31408783  1.39647699  5.38026584 -1.28005309]\n [ 0.14951529  0.374495    1.76697739 -0.51171819 -1.28005309  2.72632801]]", "nfev": "203", "njev": "29", "status": "0", "success": "True", "message": "Optimization terminated successfully.", "x": "[ 4.0794953  -1.18413394  1.10605725  1.47777859  4.81243065  6.36718761]", "nit": "21", "callback": [0.1786249482597131, 0.16825625798860278]}, "12": {"maxiter": 500, "gtol": 1e-10, "xrtol": 1e-05, "eps": 1e-05, "duration": 0.06128096580505371, "fun": "0.1682562569575371", "jac": "[-3.91464638e-08  1.04360964e-09 -2.67563749e-08 -3.83471033e-08\n -4.22994972e-09  3.12194715e-08]", "hess_inv": "[[ 2.86903318  1.40258184  0.62327741 -0.11272103 -0.4134325   0.12168642]\n [ 1.40258184  7.34946981  5.19246657 -1.3106626  -2.3183907   0.37346437]\n [ 0.62327741  5.19246657  9.49855845 -2.57074845 -5.23200766  1.78179983]\n [-0.11272103 -1.3106626  -2.57074845  3.01073634  1.44215554 -0.54838752]\n [-0.4134325  -2.3183907  -5.23200766  1.44215554  5.33030656 -1.28897043]\n [ 0.12168642  0.37346437  1.78179983 -0.54838752 -1.28897043  2.75199809]]", "nfev": "210", "njev": "30", "status": "0", "success": "True", "message": "Optimization terminated successfully.", "x": "[ 4.0794881  -1.18415466  1.10604776  1.47777788  4.81242889  6.36718829]", "nit": "22", "callback": [0.1786257327932581, 0.16825625798069965]}, "13": {"maxiter": 500, "gtol": 1e-10, "xrtol": 1e-05, "eps": 1e-10, "duration": 0.0631110668182373, "fun": "0.16825625693141122", "jac": "[ 0.00000000e+00  0.00000000e+00 -1.11022293e-06 -2.22044587e-06\n  0.00000000e+00 -2.22044587e-06]", "hess_inv": "[[ 2.86035784  1.42907086  0.71167913 -0.14407164 -0.45392815  0.16194394]\n [ 1.42907086  7.91253527  5.98020654 -1.81969846 -2.81210035  0.19530534]\n [ 0.71167913  5.98020654 10.46080865 -3.23505623 -5.87459111  1.39972324]\n [-0.14407164 -1.81969846 -3.23505623  3.46301194  1.86594401 -0.34455698]\n [-0.45392815 -2.81210035 -5.87459111  1.86594401  5.72795694 -1.11726649]\n [ 0.16194394  0.19530534  1.39972324 -0.34455698 -1.11726649  2.61660052]]", "nfev": "217", "njev": "31", "status": "0", "success": "True", "message": "Optimization terminated successfully.", "x": "[ 4.07949559 -1.18413919  1.10605071  1.47778397  4.81243466  6.36718936]", "nit": "22", "callback": [0.1786249482597131, 0.16825625798860278]}, "14": {"maxiter": 500, "gtol": 1e-10, "xrtol": 1e-10, "eps": 1e-05, "duration": 0.06948399543762207, "fun": "0.1682562569570143", "jac": "[ 9.99200722e-11 -5.55111512e-11  4.44089210e-11 -1.11022302e-11\n  1.11022302e-11 -4.44089210e-11]", "hess_inv": "[[ 2.81162301  1.24273969  0.42834801 -0.03986301 -0.33329517  0.09280814]\n [ 1.24273969  7.4999252   5.08563025 -1.15217671 -2.23120704  0.3459573 ]\n [ 0.42834801  5.08563025  9.19925582 -2.41588772 -5.08294252  1.75549771]\n [-0.03986301 -1.15217671 -2.41588772  3.00417915  1.38313941 -0.55985427]\n [-0.33329517 -2.23120704 -5.08294252  1.38313941  5.26218553 -1.27896466]\n [ 0.09280814  0.3459573   1.75549771 -0.55985427 -1.27896466  2.76032558]]", "nfev": "238", "njev": "34", "status": "0", "success": "True", "message": "Optimization terminated successfully.", "x": "[ 4.07948822 -1.18415454  1.10604786  1.47777795  4.81242885  6.36718823]", "nit": "25", "callback": [0.1786257327932581, 0.16825625798069965]}, "15": {"maxiter": 500, "gtol": 1e-10, "xrtol": 1e-10, "eps": 1e-10, "duration": 0.11638808250427246, "fun": "0.16825625692420232", "jac": "[-1.11022293e-06  0.00000000e+00  1.11022293e-06  1.11022293e-06\n  0.00000000e+00  1.11022293e-06]", "hess_inv": "[[ 0.67195721  1.22764898 -0.54238379  0.30620925  0.44414215  0.63735815]\n [ 1.22764898  2.78186476 -1.33858198  0.64909214  1.42927414  1.29833445]\n [-0.54238379 -1.33858198  0.7214015  -0.25831982 -0.81286026 -0.58229149]\n [ 0.30620925  0.64909214 -0.25831982  0.20807293  0.25610606  0.33566297]\n [ 0.44414215  1.42927414 -0.81286026  0.25610606  1.1672677   0.50265331]\n [ 0.63735815  1.29833445 -0.58229149  0.33566297  0.50265331  0.67779603]]", "nfev": "406", "njev": "58", "status": "0", "success": "True", "message": "Optimization terminated successfully.", "x": "[ 4.07949567 -1.18414352  1.10605483  1.47778344  4.81242982  6.36719253]", "nit": "31", "callback": [0.1786249482597131, 0.16825625798860278, 0.16825625692420232]}, "16": {"maxiter": 1000, "gtol": 1e-05, "xrtol": 1e-05, "eps": 1e-05, "duration": 0.05657792091369629, "fun": "0.16825625696733326", "jac": "[-9.59743396e-07  2.78876922e-07 -1.99928962e-07 -1.48361323e-06\n  9.21041021e-08  4.70101735e-07]", "hess_inv": "[[ 2.87417949  1.49017015  0.74473703 -0.18326872 -0.46740789  0.12745127]\n [ 1.49017015  7.37370694  5.19220141 -1.21967872 -2.31569538  0.32046369]\n [ 0.74473703  5.19220141  9.4504333