{"date": "2024/10/08/, 14:55:53", "conf_id": 6, "data_type": "random\n", "num_data_points": 1, "s_rank": 0, "unitary": "[[-0.56303964-0.00798273j,-0.21670212-0.15784972j,-0.06047197-0.73952673j,-0.01438004+0.24552571j],[-0.06976756+0.23474685j,-0.01275565-0.5435098j,-0.02703657-0.08917885j,-0.08210486-0.79311774j],[-0.38559961+0.10714929j,0.5933431-0.2687392j,-0.24060861+0.29149289j,-0.45147719+0.26241743j],[-0.50180421+0.45931857j,-0.11617175+0.44134496j,0.49642745+0.22684508j,-0.08544628-0.15407063j]]", "databatch_0": {"databatch": "[[[0.11096773-0.07836851j,-0.19388433+0.09069114j,0.08827422-0.08731563j,0.1920038+0.10781195j],[0.07523734-0.21089263j,-0.17451617+0.34913665j,-0.04069336-0.16236217j,0.29306809-0.20220965j],[0.03763085+0.15366371j,-0.11536663-0.22454734j,-0.07401196-0.02583415j,0.15126961-0.08239015j],[0.23619754-0.05822173j,-0.25955159+0.15063308j,0.08449099+0.24417336j,-0.41708822+0.00241639j]]]", "initial param values": "[3.06717647,1.07891225,2.78812891,4.76782612,5.92889219,5.76325192]", "nelder_mead": {"type": "gradient-free", "0": {"maxiter": 100, "fatol": 1e-05, "xatol": 1e-05, "duration": 0.03939080238342285, "fun": "0.17904180903729106", "nit": "100", "nfev": "157", "status": "2", "success": "False", "message": "Maximum number of iterations has been exceeded.", "x": "[ 0.53854936  2.16988151  4.40689     5.46026586 10.02423672  2.47018515]", "final_simplex": "(array([[ 0.53854936,  2.16988151,  4.40689   ,  5.46026586, 10.02423672,\n         2.47018515],\n       [ 0.59059553,  2.16177877,  4.44304807,  5.46287077, 10.00145217,\n         2.54581585],\n       [ 0.56788842,  2.17583702,  4.39533976,  5.48813007, 10.03974883,\n         2.49447275],\n       [ 0.5415017 ,  2.17775951,  4.42658084,  5.45294163, 10.03932916,\n         2.49985796],\n       [ 0.53216761,  2.15036405,  4.41606764,  5.47826958,  9.96015225,\n         2.55080517],\n       [ 0.59197335,  2.17807308,  4.41391079,  5.53153491, 10.03120721,\n         2.43603971],\n       [ 0.57783777,  2.1573563 ,  4.4044795 ,  5.43314606,  9.95033938,\n         2.53144352]]), array([0.17904181, 0.17904744, 0.17905794, 0.17913759, 0.17925869,\n       0.17969231, 0.17981736]))", "callback": [0.9498690266768242, 0.6834810496780908, 0.604247118382998, 0.5068234461617365, 0.4037404351281836, 0.3398328651834249, 0.201224120421712, 0.20055538678030804, 0.1822486852037315, 0.1796923121521321]}, "1": {"maxiter": 100, "fatol": 1e-05, "xatol": 1e-10, "duration": 0.039524078369140625, "fun": "0.17904180903729106", "nit": "100", "nfev": "157", "status": "2", "success": "False", "message": "Maximum number of iterations has been exceeded.", "x": "[ 0.53854936  2.16988151  4.40689     5.46026586 10.02423672  2.47018515]", "final_simplex": "(array([[ 0.53854936,  2.16988151,  4.40689   ,  5.46026586, 10.02423672,\n         2.47018515],\n       [ 0.59059553,  2.16177877,  4.44304807,  5.46287077, 10.00145217,\n         2.54581585],\n       [ 0.56788842,  2.17583702,  4.39533976,  5.48813007, 10.03974883,\n         2.49447275],\n       [ 0.5415017 ,  2.17775951,  4.42658084,  5.45294163, 10.03932916,\n         2.49985796],\n       [ 0.53216761,  2.15036405,  4.41606764,  5.47826958,  9.96015225,\n         2.55080517],\n       [ 0.59197335,  2.17807308,  4.41391079,  5.53153491, 10.03120721,\n         2.43603971],\n       [ 0.57783777,  2.1573563 ,  4.4044795 ,  5.43314606,  9.95033938,\n         2.53144352]]), array([0.17904181, 0.17904744, 0.17905794, 0.17913759, 0.17925869,\n       0.17969231, 0.17981736]))", "callback": [0.9498690266768242, 0.6834810496780908, 0.604247118382998, 0.5068234461617365, 0.4037404351281836, 0.3398328651834249, 0.201224120421712, 0.20055538678030804, 0.1822486852037315, 0.1796923121521321]}, "2": {"maxiter": 100, "fatol": 1e-10, "xatol": 1e-05, "duration": 0.04588603973388672, "fun": "0.17904180903729106", "nit": "100", "nfev": "157", "status": "2", "success": "False", "message": "Maximum number of iterations has been exceeded.", "x": "[ 0.53854936  2.16988151  4.40689     5.46026586 10.02423672  2.47018515]", "final_simplex": "(array([[ 0.53854936,  2.16988151,  4.40689   ,  5.46026586, 10.02423672,\n         2.47018515],\n       [ 0.59059553,  2.16177877,  4.44304807,  5.46287077, 10.00145217,\n         2.54581585],\n       [ 0.56788842,  2.17583702,  4.39533976,  5.48813007, 10.03974883,\n         2.49447275],\n       [ 0.5415017 ,  2.17775951,  4.42658084,  5.45294163, 10.03932916,\n         2.49985796],\n       [ 0.53216761,  2.15036405,  4.41606764,  5.47826958,  9.96015225,\n         2.55080517],\n       [ 0.59197335,  2.17807308,  4.41391079,  5.53153491, 10.03120721,\n         2.43603971],\n       [ 0.57783777,  2.1573563 ,  4.4044795 ,  5.43314606,  9.95033938,\n         2.53144352]]), array([0.17904181, 0.17904744, 0.17905794, 0.17913759, 0.17925869,\n       0.17969231, 0.17981736]))", "callback": [0.9498690266768242, 0.6834810496780908, 0.604247118382998, 0.5068234461617365, 0.4037404351281836, 0.3398328651834249, 0.201224120421712, 0.20055538678030804, 0.1822486852037315, 0.1796923121521321]}, "3": {"maxiter": 100, "fatol": 1e-10, "xatol": 1e-10, "duration": 0.04329228401184082, "fun": "0.17904180903729106", "nit": "100", "nfev": "157", "status": "2", "success": "False", "message": "Maximum number of iterations has been exceeded.", "x": "[ 0.53854936  2.16988151  4.40689     5.46026586 10.02423672  2.47018515]", "final_simplex": "(array([[ 0.53854936,  2.16988151,  4.40689   ,  5.46026586, 10.02423672,\n         2.47018515],\n       [ 0.59059553,  2.16177877,  4.44304807,  5.46287077, 10.00145217,\n         2.54581585],\n       [ 0.56788842,  2.17583702,  4.39533976,  5.48813007, 10.03974883,\n         2.49447275],\n       [ 0.5415017 ,  2.17775951,  4.42658084,  5.45294163, 10.03932916,\n         2.49985796],\n       [ 0.53216761,  2.15036405,  4.41606764,  5.47826958,  9.96015225,\n         2.55080517],\n       [ 0.59197335,  2.17807308,  4.41391079,  5.53153491, 10.03120721,\n         2.43603971],\n       [ 0.57783777,  2.1573563 ,  4.4044795 ,  5.43314606,  9.95033938,\n         2.53144352]]), array([0.17904181, 0.17904744, 0.17905794, 0.17913759, 0.17925869,\n       0.17969231, 0.17981736]))", "callback": [0.9498690266768242, 0.6834810496780908, 0.604247118382998, 0.5068234461617365, 0.4037404351281836, 0.3398328651834249, 0.201224120421712, 0.20055538678030804, 0.1822486852037315, 0.1796923121521321]}, "4": {"maxiter": 500, "fatol": 1e-05, "xatol": 1e-05, "duration": 0.14814496040344238, "fun": "0.16644085849016443", "nit": "327", "nfev": "527", "status": "0", "success": "True", "message": "Optimization terminated successfully.", "x": "[ 0.62356957  1.52892913  5.07707677  5.27146495 10.28730944  2.2689188 ]", "final_simplex": "(array([[ 0.62356957,  1.52892913,  5.07707677,  5.27146495, 10.28730944,\n         2.2689188 ],\n       [ 0.6235665 ,  1.52893716,  5.07707285,  5.27146546, 10.28730493,\n         2.26892167],\n       [ 0.62356983,  1.52893079,  5.07708199,  5.27145916, 10.28730797,\n         2.26892439],\n       [ 0.62356762,  1.52892692,  5.07708045,  5.27146361, 10.28731258,\n         2.26891533],\n       [ 0.62356537,  1.52892791,  5.07707952,  5.27146497, 10.28730819,\n         2.26892075],\n       [ 0.62356945,  1.52893018,  5.0770798 ,  5.27146819, 10.28730742,\n         2.26891822],\n       [ 0.62356824,  1.52893149,  5.07707441,  5.27146252, 10.28730303,\n         2.26892285]]), array([0.16644086, 0.16644086, 0.16644086, 0.16644086, 0.16644086,\n       0.16644086, 0.16644086]))", "callback": [0.9498690266768242, 0.6834810496780908, 0.604247118382998, 0.5068234461617365, 0.4037404351281836, 0.3398328651834249, 0.201224120421712, 0.20055538678030804, 0.1822486852037315, 0.1796923121521321, 0.17897116330997975, 0.17859099768508868, 0.1783318218136667, 0.17729962855902248, 0.17316954942455232, 0.17106855022118428, 0.17025071813801007, 0.1691748436643299, 0.1679637650092769, 0.16737182189203748, 0.16669423862273158, 0.1665554229325219, 0.16650764676285235, 0.1664595770863052, 0.16644320172213045, 0.16644139637956767, 0.1664409768031614, 0.16644088245869304, 0.16644086339497488, 0.16644085924305063, 0.1664408586861995, 0.1664408585114261, 0.16644085849106127]}, "5": {"maxiter": 500, "fatol": 1e-05, "xatol": 1e-10, "duration": 0.2202291488647461, "fun": "0.16644085848641543", "nit": "458", "nfev": "800", "status": "0", "success": "True", "message": "Optimization terminated successfully.", "x": "[ 0.62356883  1.52893256  5.07707745  5.27146443 10.28731014  2.26892075]", "final_simplex": "(array([[ 0.62356883,  1.52893256,  5.07707745,  5.27146443, 10.28731014,\n         2.26892075],\n       [ 0.62356883,  1.52893256,  5.07707745,  5.27146443, 10.28731014,\n         2.26892075],\n       [ 0.62356883,  1.52893256,  5.07707745,  5.27146443, 10.28731014,\n         2.26892075],\n       [ 0.62356883,  1.52893256,  5.07707745,  5.27146443, 10.28731014,\n         2.26892075],\n       [ 0.62356883,  1.52893256,  5.07707745,  5.27146443, 10.28731014,\n         2.26892075],\n       [ 0.62356883,  1.52893256,  5.07707745,  5.27146443, 10.28731014,\n         2.26892075],\n       [ 0.62356883,  1.52893256,  5.07707745,  5.27146443, 10.28731014,\n         2.26892075]]), array([0.16644086, 0.16644086, 0.16644086, 0.16644086, 0.16644086,\n       0.16644086, 0.16644086]))", "callback": [0.9498690266768242, 0.6834810496780908, 0.604247118382998, 0.5068234461617365, 0.4037404351281836, 0.3398328651834249, 0.201224120421712, 0.20055538678030804, 0.1822486852037315, 0.1796923121521321, 0.17897116330997975, 0.17859099768508868, 0.1783318218136667, 0.17729962855902248, 0.17316954942455232, 0.17106855022118428, 0.17025071813801007, 0.1691748436643299, 0.1679637650092769, 0.16737182189203748, 0.16669423862273158, 0.1665554229325219, 0.16650764676285235, 0.1664595770863052, 0.16644320172213045, 0.16644139637956767, 0.1664409768031614, 0.16644088245869304, 0.16644086339497488, 0.16644085924305063, 0.1664408586861995, 0.1664408585114261, 0.16644085849106127, 0.16644085848777834, 0.16644085848659274, 0.1664408584865651, 0.16644085848647983, 0.16644085848646206, 0.16644085848643586, 0.16644085848642498, 0.16644085848642143, 0.1664408584864172, 0.16644085848641565, 0.16644085848641565, 0.16644085848641554, 0.16644085848641543]}, "6": {"maxiter": 500, "fatol": 1e-10, "xatol": 1e-05, "duration": 0.1479778289794922, "fun": "0.16644085849016443", "nit": "327", "nfev": "527", "status": "0", "success": "True", "message": "Optimization terminated successfully.", "x": "[ 0.62356957  1.52892913  5.07707677  5.27146495 10.28730944  2.2689188 ]", "final_simplex": "(array([[ 0.62356957,  1.52892913,  5.07707677,  5.27146495, 10.28730944,\n         2.2689188 ],\n       [ 0.6235665 ,  1.52893716,  5.07707285,  5.27146546, 10.28730493,\n         2.26892167],\n       [ 0.62356983,  1.52893079,  5.07708199,  5.27145916, 10.28730797,\n         2.26892439],\n       [ 0.62356762,  1.52892692,  5.07708045,  5.27146361, 10.28731258,\n         2.26891533],\n       [ 0.62356537,  1.52892791,  5.07707952,  5.27146497, 10.28730819,\n         2.26892075],\n       [ 0.62356945,  1.52893018,  5.0770798 ,  5.27146819, 10.28730742,\n         2.26891822],\n       [ 0.62356824,  1.52893149,  5.07707441,  5.27146252, 10.28730303,\n         2.26892285]]), array([0.16644086, 0.16644086, 0.16644086, 0.16644086, 0.16644086,\n       0.16644086, 0.16644086]))", "callback": [0.9498690266768242, 0.6834810496780908, 0.604247118382998, 0.5068234461617365, 0.4037404351281836, 0.3398328651834249, 0.201224120421712, 0.20055538678030804, 0.1822486852037315, 0.1796923121521321, 0.17897116330997975, 0.17859099768508868, 0.1783318218136667, 0.17729962855902248, 0.17316954942455232, 0.17106855022118428, 0.17025071813801007, 0.1691748436643299, 0.1679637650092769, 0.16737182189203748, 0.16669423862273158, 0.1665554229325219, 0.16650764676285235, 0.1664595770863052, 0.16644320172213045, 0.16644139637956767, 0.1664409768031614, 0.16644088245869304, 0.16644086339497488, 0.16644085924305063, 0.1664408586861995, 0.1664408585114261, 0.16644085849106127]}, "7": {"maxiter": 500, "fatol": 1e-10, "xatol": 1e-10, "duration": 0.22188782691955566, "fun": "0.16644085848641543", "nit": "458", "nfev": "800", "status": "0", "success": "True", "message": "Optimization terminated successfully.", "x": "[ 0.62356883  1.52893256  5.07707745  5.27146443 10.28731014  2.26892075]", "final_simplex": "(array([[ 0.62356883,  1.52893256,  5.07707745,  5.27146443, 10.28731014,\n         2.26892075],\n       [ 0.62356883,  1.52893256,  5.07707745,  5.27146443, 10.28731014,\n         2.26892075],\n       [ 0.62356883,  1.52893256,  5.07707745,  5.27146443, 10.28731014,\n         2.26892075],\n       [ 0.62356883,  1.52893256,  5.07707745,  5.27146443, 10.28731014,\n         2.26892075],\n       [ 0.62356883,  1.52893256,  5.07707745,  5.27146443, 10.28731014,\n         2.26892075],\n       [ 0.62356883,  1.52893256,  5.07707745,  5.27146443, 10.28731014,\n         2.26892075],\n       [ 0.62356883,  1.52893256,  5.07707745,  5.27146443, 10.28731014,\n         2.26892075]]), array([0.16644086, 0.16644086, 0.16644086, 0.16644086, 0.16644086,\n       0.16644086, 0.16644086]))", "callback": [0.9498690266768242, 0.6834810496780908, 0.604247118382998, 0.5068234461617365, 0.4037404351281836, 0.3398328651834249, 0.201224120421712, 0.20055538678030804, 0.1822486852037315, 0.1796923121521321, 0.17897116330997975, 0.17859099768508868, 0.1783318218136667, 0.17729962855902248, 0.17316954942455232, 0.17106855022118428, 0.17025071813801007, 0.1691748436643299, 0.1679637650092769, 0.16737182189203748, 0.16669423862273158, 0.1665554229325219, 0.16650764676285235, 0.1664595770863052, 0.16644320172213045, 0.16644139637956767, 0.1664409768031614, 0.16644088245869304, 0.16644086339497488, 0.16644085924305063, 0.1664408586861995, 0.1664408585114261, 0.16644085849106127, 0.16644085848777834, 0.16644085848659274, 0.1664408584865651, 0.16644085848647983, 0.16644085848646206, 0.16644085848643586, 0.16644085848642498, 0.16644085848642143, 0.1664408584864172, 0.16644085848641565, 0.16644085848641565, 0.16644085848641554, 0.16644085848641543]}, "8": {"maxiter": 1000, "fatol": 1e-05, "xatol": 1e-05, "duration": 0.15683507919311523, "fun": "0.16644085849016443", "nit": "327", "nfev": "527", "status": "0", "success": "True", "message": "Optimization terminated successfully.", "x": "[ 0.62356957  1.52892913  5.07707677  5.27146495 10.28730944  2.2689188 ]", "final_simplex": "(array([[ 0.62356957,  1.52892913,  5.07707677,  5.27146495, 10.28730944,\n         2.2689188 ],\n       [ 0.6235665 ,  1.52893716,  5.07707285,  5.27146546, 10.28730493,\n         2.26892167],\n       [ 0.62356983,  1.52893079,  5.07708199,  5.27145916, 10.28730797,\n         2.26892439],\n       [ 0.62356762,  1.52892692,  5.07708045,  5.27146361, 10.28731258,\n         2.26891533],\n       [ 0.62356537,  1.52892791,  5.07707952,  5.27146497, 10.28730819,\n         2.26892075],\n       [ 0.62356945,  1.52893018,  5.0770798 ,  5.27146819, 10.28730742,\n         2.26891822],\n       [ 0.62356824,  1.52893149,  5.07707441,  5.27146252, 10.28730303,\n         2.26892285]]), array([0.16644086, 0.16644086, 0.16644086, 0.16644086, 0.16644086,\n       0.16644086, 0.16644086]))", "callback": [0.9498690266768242, 0.6834810496780908, 0.604247118382998, 0.5068234461617365, 0.4037404351281836, 0.3398328651834249, 0.201224120421712, 0.20055538678030804, 0.1822486852037315, 0.1796923121521321, 0.17897116330997975, 0.17859099768508868, 0.1783318218136667, 0.17729962855902248, 0.17316954942455232, 0.17106855022118428, 0.17025071813801007, 0.1691748436643299, 0.1679637650092769, 0.16737182189203748, 0.16669423862273158, 0.1665554229325219, 0.16650764676285235, 0.1664595770863052, 0.16644320172213045, 0.16644139637956767, 0.1664409768031614, 0.16644088245869304, 0.16644086339497488, 0.16644085924305063, 0.1664408586861995, 0.1664408585114261, 0.16644085849106127]}, "9": {"maxiter": 1000, "fatol": 1e-05, "xatol": 1e-10, "duration": 0.21354293823242188, "fun": "0.16644085848641543", "nit": "458", "nfev": "800", "status": "0", "success": "True", "message": "Optimization terminated successfully.", "x": "[ 0.62356883  1.52893256  5.07707745  5.27146443 10.28731014  2.26892075]", "final_simplex": "(array([[ 0.62356883,  1.52893256,  5.07707745,  5.27146443, 10.28731014,\n         2.26892075],\n       [ 0.62356883,  1.52893256,  5.07707745,  5.27146443, 10.28731014,\n         2.26892075],\n       [ 0.62356883,  1.52893256,  5.07707745,  5.27146443, 10.28731014,\n         2.26892075],\n       [ 0.62356883,  1.52893256,  5.07707745,  5.27146443, 10.28731014,\n         2.26892075],\n       [ 0.62356883,  1.52893256,  5.07707745,  5.27146443, 10.28731014,\n         2.26892075],\n       [ 0.62356883,  1.52893256,  5.07707745,  5.27146443, 10.28731014,\n         2.26892075],\n       [ 0.62356883,  1.52893256,  5.07707745,  5.27146443, 10.28731014,\n         2.26892075]]), array([0.16644086, 0.16644086, 0.16644086, 0.16644086, 0.16644086,\n       0.16644086, 0.16644086]))", "callback": [0.9498690266768242, 0.6834810496780908, 0.604247118382998, 0.5068234461617365, 0.4037404351281836, 0.3398328651834249, 0.201224120421712, 0.20055538678030804, 0.1822486852037315, 0.1796923121521321, 0.17897116330997975, 0.17859099768508868, 0.1783318218136667, 0.17729962855902248, 0.17316954942455232, 0.17106855022118428, 0.17025071813801007, 0.1691748436643299, 0.1679637650092769, 0.16737182189203748, 0.16669423862273158, 0.1665554229325219, 0.16650764676285235, 0.1664595770863052, 0.16644320172213045, 0.16644139637956767, 0.1664409768031614, 0.16644088245869304, 0.16644086339497488, 0.16644085924305063, 0.1664408586861995, 0.1664408585114261, 0.16644085849106127, 0.16644085848777834, 0.16644085848659274, 0.1664408584865651, 0.16644085848647983, 0.16644085848646206, 0.16644085848643586, 0.16644085848642498, 0.16644085848642143, 0.1664408584864172, 0.16644085848641565, 0.16644085848641565, 0.16644085848641554, 0.16644085848641543]}, "10": {"maxiter": 1000, "fatol": 1e-10, "xatol": 1e-05, "duration": 0.13701987266540527, "fun": "0.16644085849016443", "nit": "327", "nfev": "527", "status": "0", "success": "True", "message": "Optimization terminated successfully.", "x": "[ 0.62356957  1.52892913  5.07707677  5.27146495 10.28730944  2.2689188 ]", "final_simplex": "(array([[ 0.62356957,  1.52892913,  5.07707677,  5.27146495, 10.28730944,\n         2.2689188 ],\n       [ 0.6235665 ,  1.52893716,  5.07707285,  5.27146546, 10.28730493,\n         2.26892167],\n       [ 0.62356983,  1.52893079,  5.07708199,  5.27145916, 10.28730797,\n         2.26892439],\n       [ 0.62356762,  1.52892692,  5.07708045,  5.27146361, 10.28731258,\n         2.26891533],\n       [ 0.62356537,  1.52892791,  5.07707952,  5.27146497, 10.28730819,\n         2.26892075],\n       [ 0.62356945,  1.52893018,  5.0770798 ,  5.27146819, 10.28730742,\n         2.26891822],\n       [ 0.62356824,  1.52893149,  5.07707441,  5.27146252, 10.28730303,\n         2.26892285]]), array([0.16644086, 0.16644086, 0.16644086, 0.16644086, 0.16644086,\n       0.16644086, 0.16644086]))", "callback": [0.9498690266768242, 0.6834810496780908, 0.604247118382998, 0.5068234461617365, 0.4037404351281836, 0.3398328651834249, 0.201224120421712, 0.20055538678030804, 0.1822486852037315, 0.1796923121521321, 0.17897116330997975, 0.17859099768508868, 0.1783318218136667, 0.17729962855902248, 0.17316954942455232, 0.17106855022118428, 0.17025071813801007, 0.1691748436643299, 0.1679637650092769, 0.16737182189203748, 0.16669423862273158, 0.1665554229325219, 0.16650764676285235, 0.1664595770863052, 0.16644320172213045, 0.16644139637956767, 0.1664409768031614, 0.16644088245869304, 0.16644086339497488, 0.16644085924305063, 0.1664408586861995, 0.1664408585114261, 0.16644085849106127]}, "11": {"maxiter": 1000, "fatol": 1e-10, "xatol": 1e-10, "duration": 0.23052191734313965, "fun": "0.16644085848641543", "nit": "458", "nfev": "800", "status": "0", "success": "True", "message": "Optimization terminated successfully.", "x": "[ 0.62356883  1.52893256  5.07707745  5.27146443 10.28731014  2.26892075]", "final_simplex": "(array([[ 0.62356883,  1.52893256,  5.07707745,  5.27146443, 10.28731014,\n         2.26892075],\n       [ 0.62356883,  1.52893256,  5.07707745,  5.27146443, 10.28731014,\n         2.26892075],\n       [ 0.62356883,  1.52893256,  5.07707745,  5.27146443, 10.28731014,\n         2.26892075],\n       [ 0.62356883,  1.52893256,  5.07707745,  5.27146443, 10.28731014,\n         2.26892075],\n       [ 0.62356883,  1.52893256,  5.07707745,  5.27146443, 10.28731014,\n         2.26892075],\n       [ 0.62356883,  1.52893256,  5.07707745,  5.27146443, 10.28731014,\n         2.26892075],\n       [ 0.62356883,  1.52893256,  5.07707745,  5.27146443, 10.28731014,\n         2.26892075]]), array([0.16644086, 0.16644086, 0.16644086, 0.16644086, 0.16644086,\n       0.16644086, 0.16644086]))", "callback": [0.9498690266768242, 0.6834810496780908, 0.604247118382998, 0.5068234461617365, 0.4037404351281836, 0.3398328651834249, 0.201224120421712, 0.20055538678030804, 0.1822486852037315, 0.1796923121521321, 0.17897116330997975, 0.17859099768508868, 0.1783318218136667, 0.17729962855902248, 0.17316954942455232, 0.17106855022118428, 0.17025071813801007, 0.1691748436643299, 0.1679637650092769, 0.16737182189203748, 0.16669423862273158, 0.1665554229325219, 0.16650764676285235, 0.1664595770863052, 0.16644320172213045, 0.16644139637956767, 0.1664409768031614, 0.16644088245869304, 0.16644086339497488, 0.16644085924305063, 0.1664408586861995, 0.1664408585114261, 0.16644085849106127, 0.16644085848777834, 0.16644085848659274, 0.1664408584865651, 0.16644085848647983, 0.16644085848646206, 0.16644085848643586, 0.16644085848642498, 0.16644085848642143, 0.1664408584864172, 0.16644085848641565, 0.16644085848641565, 0.16644085848641554, 0.16644085848641543]}}, "bfgs": {"type": "gradient", "0": {"maxiter": 100, "gtol": 1e-05, "xrtol": 1e-05, "eps": 1e-05, "duration": 0.059578895568847656, "fun": "0.16644085870167014", "jac": "[-5.42148548e-06 -1.20613519e-06 -3.67271769e-06 -2.53643773e-06\n  7.07943704e-06  8.06416045e-06]", "hess_inv": "[[  2.60024947  -1.00517376   1.08930837  -0.92905702   1.08727082\n   -0.24785292]\n [ -1.00517376  12.70467603 -12.08179021   5.15704345  -4.11382319\n    2.36970712]\n [  1.08930837 -12.08179021  14.58908116  -6.14797082   4.89103647\n   -2.25744935]\n [ -0.92905702   5.15704345  -6.14797082   5.59473466  -1.45132387\n    0.28479486]\n [  1.08727082  -4.11382319   4.89103647  -1.45132387   5.81352846\n   -3.88449408]\n [ -0.24785292   2.36970712  -2.25744935   0.28479486  -3.88449408\n    4.827385  ]]", "nfev": "210", "njev": "30", "status": "0", "success": "True", "message": "Optimization terminated successfully.", "x": "[ 0.62354579  1.52895819  5.07704112  5.27146316 10.28729276  2.26895497]", "nit": "25", "callback": [0.792063892093344, 0.7571834321624583, 0.5351804727827556, 0.41880177281505915, 0.36988555284884395, 0.34274338449651, 0.3141670284094724, 0.28906966468945916, 0.2695608411306507, 0.26014775805498047, 0.24558379097184035, 0.23011689201747776, 0.2178516203463906, 0.19468665801376794, 0.18589375191465218, 0.17816303922374233, 0.17304154235557057, 0.16692166115660467, 0.16648736445413248, 0.16647380814839186, 0.16645525175605713, 0.16644253614117, 0.1664409625265253, 0.1664408601699574, 0.16644085870167014]}, "1": {"maxiter": 100, "gtol": 1e-05, "xrtol": 1e-05, "eps": 1e-10, "duration": 0.06890487670898438, "fun": "0.16644085858976998", "jac": "[-2.22044587e-06  1.11022293e-06 -1.11022293e-06 -4.44089173e-06\n  2.22044587e-06 -1.11022293e-06]", "hess_inv": "[[  3.01110834  -1.95121864   2.11340133  -1.05460714   1.26279127\n   -0.87106704]\n [ -1.95121864  13.90560623 -13.64970138   5.25985442  -4.00990549\n    2.66497326]\n [  2.11340133 -13.64970138  16.23311574  -6.00739281   4.79454739\n   -2.90546202]\n [ -1.05460714   5.25985442  -6.00739281   5.42178566  -1.6675017\n    0.73543978]\n [  1.26279127  -4.00990549   4.79454739  -1.6675017    5.88298897\n   -4.2400194 ]\n [ -0.87106704   2.66497326  -2.90546202   0.73543978  -4.2400194\n    5.77988756]]", "nfev": "224", "njev": "32", "status": "0", "success": "True", "message": "Optimization terminated successfully.", "x": "[ 0.62357086  1.52894654  5.07706286  5.27146342 10.28732972  2.26890107]", "nit": "27", "callback": [0.792065092805202, 0.7571861626663464, 0.5351715133972517, 0.41879506296634783, 0.36989892768033217, 0.34280724322695877, 0.31406376936161784, 0.2890159379717079, 0.26954368322358, 0.26012106754115194, 0.24555651545215407, 0.23016504915527924, 0.21785360700477296, 0.19468103044576157, 0.1860662440464399, 0.178489875108105, 0.17307225088085476, 0.16680549623216268, 0.1665052053766547, 0.16648623391690487, 0.16645851929144695, 0.1664441640675054, 0.16644156028682722, 0.1664409085632037, 0.16644086131013247, 0.16644085868464398, 0.16644085858976998]}, "2": {"maxiter": 100, "gtol": 1e-05, "xrtol": 1e-10, "eps": 1e-05, "duration": 0.06565189361572266, "fun": "0.16644085870167014", "jac": "[-5.42148548e-06 -1.20613519e-06 -3.67271769e-06 -2.53643773e-06\n  7.07943704e-06  8.06416045e-06]", "hess_inv": "[[  2.60024947  -1.00517376   1.08930837  -0.92905702   1.08727082\n   -0.24785292]\n [ -1.00517376  12.70467603 -12.08179021   5.15704345  -4.11382319\n    2.36970712]\n [  1.08930837 -12.08179021  14.58908116  -6.14797082   4.89103647\n   -2.25744935]\n [ -0.92905702   5.15704345  -6.14797082   5.59473466  -1.45132387\n    0.28479486]\n [  1.08727082  -4.11382319   4.89103647  -1.45132387   5.81352846\n   -3.88449408]\n [ -0.24785292   2.36970712  -2.25744935   0.28479486  -3.88449408\n    4.827385  ]]", "nfev": "210", "njev": "30", "status": "0", "success": "True", "message": "Optimization terminated successfully.", "x": "[ 0.62354579  1.52895819  5.07704112  5.27146316 10.28729276  2.26895497]", "nit": "25", "callback": [0.792063892093344, 0.7571834321624583, 0.5351804727827556, 0.41880177281505915, 0.36988555284884395, 0.34274338449651, 0.3141670284094724, 0.28906966468945916, 0.2695608411306507, 0.26014775805498047, 0.24558379097184035, 0.23011689201747776, 0.2178516203463906, 0.19468665801376794, 0.18589375191465218, 0.17816303922374233, 0.17304154235557057, 0.16692166115660467, 0.16648736445413248, 0.16647380814839186, 0.16645525175605713, 0.16644253614117, 0.1664409625265253, 0.1664408601699574, 0.16644085870167014]}, "3": {"maxiter": 100, "gtol": 1e-05, "xrtol": 1e-10, "eps": 1e-10, "duration": 0.06384801864624023, "fun": "0.16644085858976998", "jac": "[-2.22044587e-06  1.11022293e-06 -1.11022293e-06 -4.44089173e-06\n  2.22044587e-06 -1.11022293e-06]", "hess_inv": "[[  3.01110834  -1.95121864   2.11340133  -1.05460714   1.26279127\n   -0.87106704]\n [ -1.95121864  13.90560623 -13.64970138   5.25985442  -4.00990549\n    2.66497326]\n [  2.11340133 -13.64970138  16.23311574  -6.00739281   4.79454739\n   -2.90546202]\n [ -1.05460714   5.25985442  -6.00739281   5.42178566  -1.6675017\n    0.73543978]\n [  1.26279127  -4.00990549   4.79454739  -1.6675017    5.88298897\n   -4.2400194 ]\n [ -0.87106704   2.66497326  -2.90546202   0.73543978  -4.2400194\n    5.77988756]]", "nfev": "224", "njev": "32", "status": "0", "success": "True", "message": "Optimization terminated successfully.", "x": "[ 0.62357086  1.52894654  5.07706286  5.27146342 10.28732972  2.26890107]", "nit": "27", "callback": [0.792065092805202, 0.7571861626663464, 0.5351715133972517, 0.41879506296634783, 0.36989892768033217, 0.34280724322695877, 0.31406376936161784, 0.2890159379717079, 0.26954368322358, 0.26012106754115194, 0.24555651545215407, 0.23016504915527924, 0.21785360700477296, 0.19468103044576157, 0.1860662440464399, 0.178489875108105, 0.17307225088085476, 0.16680549623216268, 0.1665052053766547, 0.16648623391690487, 0.16645851929144695, 0.1664441640675054, 0.16644156028682722, 0.1664409085632037, 0.16644086131013247, 0.16644085868464398, 0.16644085858976998]}, "4": {"maxiter": 100, "gtol": 1e-10, "xrtol": 1e-05, "eps": 1e-05, "duration": 0.0617520809173584, "fun": "0.16644085870167014", "jac": "[-5.42148548e-06 -1.20613519e-06 -3.67271769e-06 -2.53643773e-06\n  7.07943704e-06  8.06416045e-06]", "hess_inv": "[[  2.60024947  -1.00517376   1.08930837  -0.92905702   1.08727082\n   -0.24785292]\n [ -1.00517376  12.70467603 -12.08179021   5.15704345  -4.11382319\n    2.36970712]\n [  1.08930837 -12.08179021  14.58908116  -6.14797082   4.89103647\n   -2.25744935]\n [ -0.92905702   5.15704345  -6.14797082   5.59473466  -1.45132387\n    0.28479486]\n [  1.08727082  -4.11382319   4.89103647  -1.45132387   5.81352846\n   -3.88449408]\n [ -0.24785292   2.36970712  -2.25744935   0.28479486  -3.88449408\n    4.827385  ]]", "nfev": "210", "njev": "30", "status": "0", "success": "True", "message": "Optimization terminated successfully.", "x": "[ 0.62354579  1.52895819  5.07704112  5.27146316 10.28729276  2.26895497]", "nit": "25", "callback": [0.792063892093344, 0.7571834321624583, 0.5351804727827556, 0.41880177281505915, 0.36988555284884395, 0.34274338449651, 0.3141670284094724, 0.28906966468945916, 0.2695608411306507, 0.26014775805498047, 0.24558379097184035, 0.23011689201747776, 0.2178516203463906, 0.19468665801376794, 0.18589375191465218, 0.17816303922374233, 0.17304154235557057, 0.16692166115660467, 0.16648736445413248, 0.16647380814839186, 0.16645525175605713, 0.16644253614117, 0.1664409625265253, 0.1664408601699574, 0.16644085870167014]}, "5": {"maxiter": 100, "gtol": 1e-10, "xrtol": 1e-05, "eps": 1e-10, "duration": 0.05727195739746094, "fun": "0.16644085858976998", "jac": "[-2.22044587e-06  1.11022293e-06 -1.11022293e-06 -4.44089173e-06\n  2.22044587e-06 -1.11022293e-06]", "hess_inv": "[[  3.01110834  -1.95121864   2.11340133  -1.05460714   1.26279127\n   -0.87106704]\n [ -1.95121864  13.90560623 -13.64970138   5.25985442  -4.00990549\n    2.66497326]\n [  2.11340133 -13.64970138  16.23311574  -6.00739281   4.79454739\n   -2.90546202]\n [ -1.05460714   5.25985442  -6.00739281   5.42178566  -1.6675017\n    0.73543978]\n [  1.26279127  -4.00990549   4.79454739  -1.6675017    5.88298897\n   -4.2400194 ]\n [ -0.87106704   2.66497326  -2.90546202   0.73543978  -4.2400194\n    5.77988756]]", "nfev": "224", "njev": "32", "status": "0", "success": "True", "message": "Optimization terminated successfully.", "x": "[ 0.62357086  1.52894654  5.07706286  5.27146342 10.28732972  2.26890107]", "nit": "27", "callback": [0.792065092805202, 0.7571861626663464, 0.5351715133972517, 0.41879506296634783, 0.36989892768033217, 0.34280724322695877, 0.31406376936161784, 0.2890159379717079, 0.26954368322358, 0.26012106754115194, 0.24555651545215407, 0.23016504915527924, 0.21785360700477296, 0.19468103044576157, 0.1860662440464399, 0.178489875108105, 0.17307225088085476, 0.16680549623216268, 0.1665052053766547, 0.16648623391690487, 0.16645851929144695, 0.1664441640675054, 0.16644156028682722, 0.1664409085632037, 0.16644086131013247, 0.16644085868464398, 0.16644085858976998]}, "6": {"maxiter": 100, "gtol": 1e-10, "xrtol": 1e-10, "eps": 1e-05, "duration": 0.14238309860229492, "fun": "0.166440858508083", "jac": "[-6.49258425e-08 -1.23212551e-07 -2.45592435e-07  2.32025510e-07\n  2.56306087e-07  4.20996571e-08]", "hess_inv": "[[  2.91227161  -1.73959471   1.93341008  -1.02822951   1.2732991\n   -0.89997757]\n [ -1.73959471  14.64604736 -14.41744012   5.77501938  -4.46690759\n    3.68086269]\n [  1.93341008 -14.41744012  17.39026089  -6.87796844   5.30024987\n   -3.79091296]\n [ -1.02822951   5.77501938  -6.87796844   5.79674263  -1.49687766\n    0.51078738]\n [  1.2732991   -4.46690759   5.30024987  -1.49687766   5.92102625\n   -4.24978296]\n [ -0.89997757   3.68086269  -3.79091296   0.51078738  -4.24978296\n    6.0842769 ]]", "nfev": "508", "njev": "71", "status": "2", "success": "False", "message": "Desired error not necessarily achieved due to precision loss.", "x": "[ 0.62356279  1.52893143  5.07707143  5.2714632  10.28730318  2.26892049]", "nit": "28", "callback": [0.792063892093344, 0.7571834321624583, 0.5351804727827556, 0.41880177281505915, 0.36988555284884395, 0.34274338449651, 0.3141670284094724, 0.28906966468945916, 0.2695608411306507, 0.26014775805498047, 0.24558379097184035, 0.23011689201747776, 0.2178516203463906, 0.19468665801376794, 0.18589375191465218, 0.17816303922374233, 0.17304154235557057, 0.16692166115660467, 0.16648736445413248, 0.16647380814839186, 0.16645525175605713, 0.16644253614117, 0.1664409625265253, 0.1664408601699574, 0.16644085870167014, 0.16644085853348645, 0.1664408585081023, 0.166440858508083]}, "7": {"maxiter": 100, "gtol": 1e-10, "xrtol": 1e-10, "eps": 1e-10, "duration": 0.09585785865783691, "fun": "0.16644085849903867", "jac": "[ 2.22044587e-06  2.22044587e-06  0.00000000e+00 -3.33066880e-06\n  2.22044587e-06  0.00000000e+00]", "hess_inv": "[[ 0.50575494 -0.85524017  0.15353365  0.61472465  0.3329898  -0.80220735]\n [-0.85524017  3.76927382 -1.85453665 -2.53038836 -1.23285019  2.70283056]\n [ 0.15353365 -1.85453665  1.51470965  1.40933427  0.60905632 -1.60321506]\n [ 0.61472465 -2.53038836  1.40933427  2.21845233  1.25663519 -3.15947681]\n [ 0.3329898  -1.23285019  0.60905632  1.25663519  0.89107819 -2.0515409 ]\n [-0.80220735  2.70283056 -1.60321506 -3.15947681 -2.0515409   5.73587272]]", "nfev": "336", "njev": "48", "status": "0", "success": "True", "message": "Optimization terminated successfully.", "x": "[ 0.62357471  1.52892935  5.07708654  5.27145715 10.28731477  2.26891864]", "nit": "35", "callback": [0.792065092805202, 0.7571861626663464, 0.5351715133972517, 0.41879506296634783, 0.36989892768033217, 0.34280724322695877, 0.31406376936161784, 0.2890159379717079, 0.26954368322358, 0.26012106754115194, 0.24555651545215407, 0.23016504915527924, 0.21785360700477296, 0.19468103044576157, 0.1860662440464399, 0.178489875108105, 0.17307225088085476, 0.16680549623216268, 0.1665052053766547, 0.16648623391690487, 0.16645851929144695, 0.1664441640675054, 0.16644156028682722, 0.1664409085632037, 0.16644086131013247, 0.16644085868464398, 0.16644085858976998, 0.16644085853019108, 0.1664408585267747, 0.16644085852546664, 0.16644085852376422, 0.16644085852070312, 0.16644085851500423, 0.16644085849903878, 0.16644085849903867]}, "8": {"maxiter": 500, "gtol": 1e-05, "xrtol": 1e-05, "eps": 1e-05, "duration": 0.05966997146606445, "fun": "0.16644085870167014", "jac": "[-5.42148548e-06 -1.20613519e-06 -3.67271769e-06 -2.53643773e-06\n  7.07943704e-06  8.06416045e-06]", "hess_inv": "[[  2.60024947  -1.00517376   1.08930837  -0.92905702   1.08727082\n   -0.24785292]\n [ -1.00517376  12.70467603 -12.08179021   5.15704345  -4.11382319\n    2.36970712]\n [  1.08930837 -12.08179021  14.58908116  -6.14797082   4.89103647\n   -2.25744935]\n [ -0.92905702   5.15704345  -6.14797082   5.59473466  -1.45132387\n    0.28479486]\n [  1.08727082  -4.11382319   4.89103647  -1.45132387   5.81352846\n   -3.88449408]\n [ -0.24785292   2.36970712  -2.25744935   0.28479486  -3.88449408\n    4.827385  ]]", "nfev": "210", "njev": "30", "status": "0", "success": "True", "message": "Optimization terminated successfully.", "x": "[ 0.62354579  1.52895819  5.07704112  5.27146316 10.28729276  2.26895497]", "nit": "25", "callback": [0.792063892093344, 0.7571834321624583, 0.5351804727827556, 0.41880177281505915, 0.36988555284884395, 0.34274338449651, 0.3141670284094724, 0.28906966468945916, 0.2695608411306507, 0.26014775805498047, 0.24558379097184035, 0.23011689201747776, 0.2178516203463906, 0.19468665801376794, 0.18589375191465218, 0.17816303922374233, 0.17304154235557057, 0.16692166115660467, 0.16648736445413248, 0.16647380814839186, 0.16645525175605713, 0.16644253614117, 0.1664409625265253, 0.1664408601699574, 0.16644085870167014]}, "9": {"maxiter": 500, "gtol": 1e-05, "xrtol": 1e-05, "eps": 1e-10, "duration": 0.06330227851867676, "fun": "0.16644085858976998", "jac": "[-2.22044587e-06  1.11022293e-06 -1.11022293e-06 -4.44089173e-06\n  2.22044587e-06 -1.11022293e-06]", "hess_inv": "[[  3.01110834  -1.95121864   2.11340133  -1.05460714   1.26279127\n   -0.87106704]\n [ -1.95121864  13.90560623 -13.64970138   5.25985442  -4.00990549\n    2.66497326]\n [  2.11340133 -13.64970138  16.23311574  -6.00739281   4.79454739\n   -2.90546202]\n [ -1.05460714   5.25985442  -6.00739281   5.42178566  -1.6675017\n    0.73543978]\n [  1.26279127  -4.00990549   4.79454739  -1.6675017    5.88298897\n   -4.2400194 ]\n [ -0.87106704   2.66497326  -2.90546202   0.73543978  -4.2400194\n    5.77988756]]", "nfev": "224", "njev": "32", "status": "0", "success": "True", "message": "Optimization terminated successfully.", "x": "[ 0.62357086  1.52894654  5.07706286  5.27146342 10.28732972  2.26890107]", "nit": "27", "callback": [0.792065092805202, 0.7571861626663464, 0.5351715133972517, 0.41879506296634783, 0.36989892768033217, 0.34280724322695877, 0.31406376936161784, 0.2890159379717079, 0.26954368322358, 0.26012106754115194, 0.24555651545215407, 0.23016504915527924, 0.21785360700477296, 0.19468103044576157, 0.1860662440464399, 0.178489875108105, 0.17307225088085476, 0.16680549623216268, 0.1665052053766547, 0.16648623391690487, 0.16645851929144695, 0.1664441640675054, 0.16644156028682722, 0.1664409085632037, 0.16644086131013247, 0.16644085868464398, 0.16644085858976998]}, "10": {"maxiter": 500, "gtol": 1e-05, "xrtol": 1e-10, "eps": 1e-05, "duration": 0.07172298431396484, "fun": "0.16644085870167014", "jac": "[-5.42148548e-06 -1.20613519e-06 -3.67271769e-06 -2.53643773e-06\n  7.07943704e-06  8.06416045e-06]", "hess_inv": "[[  2.60024947  -1.00517376   1.08930837  -0.92905702   1.08727082\n   -0.24785292]\n [ -1.00517376  12.70467603 -12.08179021   5.15704345  -4.11382319\n    2.36970712]\n [  1.08930837 -12.08179021  14.58908116  -6.14797082   4.89103647\n   -2.25744935]\n [ -0.92905702   5.15704345  -6.14797082   5.59473466  -1.45132387\n    0.28479486]\n [  1.08727082  -4.11382319   4.89103647  -1.45132387   5.81352846\n   -3.88449408]\n [ -0.24785292   2.36970712  -2.25744935   0.28479486  -3.88449408\n    4.827385  ]]", "nfev": "210", "njev": "30", "status": "0", "success": "True", "message": "Optimization terminated successfully.", "x": "[ 0.62354579  1.52895819  5.07704112  5.27146316 10.28729276  2.26895497]", "nit": "25", "callback": [0.792063892093344, 0.7571834321624583, 0.5351804727827556, 0.41880177281505915, 0.36988555284884395, 0.34274338449651, 0.3141670284094724, 0.28906966468945916, 0.2695608411306507, 0.26014775805498047, 0.24558379097184035, 0.23011689201747776, 0.2178516203463906, 0.19468665801376794, 0.18589375191465218, 0.17816303922374233, 0.17304154235557057, 0.16692166115660467, 0.16648736445413248, 0.16647380814839186, 0.16645525175605713, 0.16644253614117, 0.1664409625265253, 0.1664408601699574, 0.16644085870167014]}, "11": {"maxiter": 500, "gtol": 1e-05, "xrtol": 1e-10, "eps": 1e-10, "duration": 0.06243896484375, "fun": "0.16644085858976998", "jac": "[-2.22044587e-06  1.11022293e-06 -1.11022293e-06 -4.44089173e-06\n  2.22044587e-06 -1.11022293e-06]", "hess_inv": "[[  3.01110834  -1.95121864   2.11340133  -1.05460714   1.26279127\n   -0.87106704]\n [ -1.95121864  13.90560623 -13.64970138   5.25985442  -4.00990549\n    2.66497326]\n [  2.11340133 -13.64970138  16.23311574  -6.00739281   4.79454739\n   -2.90546202]\n [ -1.05460714   5.25985442  -6.00739281   5.42178566  -1.6675017\n    0.73543978]\n [  1.26279127  -4.00990549   4.79454739  -1.6675017    5.88298897\n   -4.2400194 ]\n [ -0.87106704   2.66497326  -2.90546202   0.73543978  -4.2400194\n    5.77988756]]", "nfev": "224", "njev": "32", "status": "0", "success": "True", "message": "Optimization terminated successfully.", "x": "[ 0.62357086  1.52894654  5.07706286  5.27146342 10.28732972  2.26890107]", "nit": "27", "callback": [0.792065092805202, 0.7571861626663464, 0.5351715133972517, 0.41879506296634783, 0.36989892768033217, 0.34280724322695877, 0.3