{"date": "2024/09/24/, 04:56:49", "conf_id": 270, "data_type": "var_s_rank\n", "num_data_points": 2, "s_rank": 0, "unitary": "[[-0.45070455-0.02711853j,0.78437395-0.06613086j,0.06358678+0.19963393j,-0.07343613+0.35668523j],[-0.01890143-0.03813363j,0.32408202+0.25557629j,0.05872864-0.68979805j,0.55466693-0.20227297j],[-0.11215405+0.64023111j,-0.13344055+0.29565494j,-0.49012687-0.19046288j,-0.04241254+0.44046348j],[0.55771659+0.24656916j,0.31851997-0.05798805j,0.28761525-0.34294258j,-0.56718418+0.03616933j]]", "databatch_0": {"databatch": "[[[0.10539487-0.11975096j,-0.07223971+0.25971005j,-0.02873803+0.18277228j,0.04580644+0.13134577j],[-0.20088957+0.12566402j,0.09128802+0.20078937j,-0.04756078-0.01967121j,0.38819574+0.3407457j],[-0.0967099-0.24709034j,0.14268616+0.0824567j,0.21168337+0.00576208j,-0.14284283+0.01236906j],[-0.17672653+0.20060005j,-0.29077786-0.26417897j,0.24934606+0.02634048j,0.04323257+0.14330198j]],[[-0.13555465-0.02734299j,0.09753345-0.02494198j,0.02360912+0.05670471j,0.01144217+0.11627778j],[-0.13040691-0.09372654j,0.21325069+0.11603315j,0.13416932+0.13431993j,-0.13826348-0.43643429j],[-0.02704384+0.23379452j,-0.08761076-0.12753137j,0.08878623-0.09818261j,0.27968623-0.14533932j],[-0.29044887+0.09384484j,0.19332391-0.04132117j,0.24007143+0.16479097j,0.31887515-0.32867993j]]]", "initial param values": "[3.42484947,0.20134384,0.81863874,2.46487133,1.66718101,0.91691374]", "nelder_mead": {"type": "gradient-free", "0": {"maxiter": 100, "fatol": 1e-05, "xatol": 1e-05, "duration": 0.03722095489501953, "fun": "0.6108784392766243", "nit": "100", "nfev": "159", "status": "2", "success": "False", "message": "Maximum number of iterations has been exceeded.", "x": "[ 7.62532605  0.02897878  0.05756187  2.46527543  4.89995182 -0.18147021]", "final_simplex": "(array([[ 7.62532605e+00,  2.89787774e-02,  5.75618695e-02,\n         2.46527543e+00,  4.89995182e+00, -1.81470211e-01],\n       [ 7.44997867e+00,  1.36143894e-02,  2.70120141e-01,\n         2.56873167e+00,  4.85439377e+00, -2.59597661e-01],\n       [ 7.53351175e+00, -4.15025919e-03,  3.01996599e-01,\n         2.42895787e+00,  4.97330229e+00, -2.91121278e-01],\n       [ 7.37925445e+00,  3.57596939e-03,  3.32585780e-01,\n         2.44210036e+00,  4.76462591e+00, -2.23988329e-01],\n       [ 7.16005730e+00,  1.47761400e-02,  3.54692244e-01,\n         2.47319808e+00,  4.79051995e+00, -2.23935481e-01],\n       [ 7.33367304e+00, -2.70334203e-02,  4.77168290e-01,\n         2.36741760e+00,  4.80103982e+00, -2.49418271e-01],\n       [ 7.16853556e+00, -2.16359115e-02,  5.26322566e-01,\n         2.31870820e+00,  4.90499631e+00, -2.84526931e-01]]), array([0.61087844, 0.62216944, 0.6249707 , 0.62517643, 0.62950806,\n       0.63696707, 0.63786165]))", "callback": [0.9156128787067626, 0.8529805692827837, 0.7954056588696163, 0.7355494203981604, 0.6877761136620257, 0.6673713722832525, 0.6610515819333168, 0.6586459332655833, 0.6434922693435758]}, "1": {"maxiter": 100, "fatol": 1e-05, "xatol": 1e-10, "duration": 0.035964250564575195, "fun": "0.6108784392766243", "nit": "100", "nfev": "159", "status": "2", "success": "False", "message": "Maximum number of iterations has been exceeded.", "x": "[ 7.62532605  0.02897878  0.05756187  2.46527543  4.89995182 -0.18147021]", "final_simplex": "(array([[ 7.62532605e+00,  2.89787774e-02,  5.75618695e-02,\n         2.46527543e+00,  4.89995182e+00, -1.81470211e-01],\n       [ 7.44997867e+00,  1.36143894e-02,  2.70120141e-01,\n         2.56873167e+00,  4.85439377e+00, -2.59597661e-01],\n       [ 7.53351175e+00, -4.15025919e-03,  3.01996599e-01,\n         2.42895787e+00,  4.97330229e+00, -2.91121278e-01],\n       [ 7.37925445e+00,  3.57596939e-03,  3.32585780e-01,\n         2.44210036e+00,  4.76462591e+00, -2.23988329e-01],\n       [ 7.16005730e+00,  1.47761400e-02,  3.54692244e-01,\n         2.47319808e+00,  4.79051995e+00, -2.23935481e-01],\n       [ 7.33367304e+00, -2.70334203e-02,  4.77168290e-01,\n         2.36741760e+00,  4.80103982e+00, -2.49418271e-01],\n       [ 7.16853556e+00, -2.16359115e-02,  5.26322566e-01,\n         2.31870820e+00,  4.90499631e+00, -2.84526931e-01]]), array([0.61087844, 0.62216944, 0.6249707 , 0.62517643, 0.62950806,\n       0.63696707, 0.63786165]))", "callback": [0.9156128787067626, 0.8529805692827837, 0.7954056588696163, 0.7355494203981604, 0.6877761136620257, 0.6673713722832525, 0.6610515819333168, 0.6586459332655833, 0.6434922693435758]}, "2": {"maxiter": 100, "fatol": 1e-10, "xatol": 1e-05, "duration": 0.03571486473083496, "fun": "0.6108784392766243", "nit": "100", "nfev": "159", "status": "2", "success": "False", "message": "Maximum number of iterations has been exceeded.", "x": "[ 7.62532605  0.02897878  0.05756187  2.46527543  4.89995182 -0.18147021]", "final_simplex": "(array([[ 7.62532605e+00,  2.89787774e-02,  5.75618695e-02,\n         2.46527543e+00,  4.89995182e+00, -1.81470211e-01],\n       [ 7.44997867e+00,  1.36143894e-02,  2.70120141e-01,\n         2.56873167e+00,  4.85439377e+00, -2.59597661e-01],\n       [ 7.53351175e+00, -4.15025919e-03,  3.01996599e-01,\n         2.42895787e+00,  4.97330229e+00, -2.91121278e-01],\n       [ 7.37925445e+00,  3.57596939e-03,  3.32585780e-01,\n         2.44210036e+00,  4.76462591e+00, -2.23988329e-01],\n       [ 7.16005730e+00,  1.47761400e-02,  3.54692244e-01,\n         2.47319808e+00,  4.79051995e+00, -2.23935481e-01],\n       [ 7.33367304e+00, -2.70334203e-02,  4.77168290e-01,\n         2.36741760e+00,  4.80103982e+00, -2.49418271e-01],\n       [ 7.16853556e+00, -2.16359115e-02,  5.26322566e-01,\n         2.31870820e+00,  4.90499631e+00, -2.84526931e-01]]), array([0.61087844, 0.62216944, 0.6249707 , 0.62517643, 0.62950806,\n       0.63696707, 0.63786165]))", "callback": [0.9156128787067626, 0.8529805692827837, 0.7954056588696163, 0.7355494203981604, 0.6877761136620257, 0.6673713722832525, 0.6610515819333168, 0.6586459332655833, 0.6434922693435758]}, "3": {"maxiter": 100, "fatol": 1e-10, "xatol": 1e-10, "duration": 0.035804033279418945, "fun": "0.6108784392766243", "nit": "100", "nfev": "159", "status": "2", "success": "False", "message": "Maximum number of iterations has been exceeded.", "x": "[ 7.62532605  0.02897878  0.05756187  2.46527543  4.89995182 -0.18147021]", "final_simplex": "(array([[ 7.62532605e+00,  2.89787774e-02,  5.75618695e-02,\n         2.46527543e+00,  4.89995182e+00, -1.81470211e-01],\n       [ 7.44997867e+00,  1.36143894e-02,  2.70120141e-01,\n         2.56873167e+00,  4.85439377e+00, -2.59597661e-01],\n       [ 7.53351175e+00, -4.15025919e-03,  3.01996599e-01,\n         2.42895787e+00,  4.97330229e+00, -2.91121278e-01],\n       [ 7.37925445e+00,  3.57596939e-03,  3.32585780e-01,\n         2.44210036e+00,  4.76462591e+00, -2.23988329e-01],\n       [ 7.16005730e+00,  1.47761400e-02,  3.54692244e-01,\n         2.47319808e+00,  4.79051995e+00, -2.23935481e-01],\n       [ 7.33367304e+00, -2.70334203e-02,  4.77168290e-01,\n         2.36741760e+00,  4.80103982e+00, -2.49418271e-01],\n       [ 7.16853556e+00, -2.16359115e-02,  5.26322566e-01,\n         2.31870820e+00,  4.90499631e+00, -2.84526931e-01]]), array([0.61087844, 0.62216944, 0.6249707 , 0.62517643, 0.62950806,\n       0.63696707, 0.63786165]))", "callback": [0.9156128787067626, 0.8529805692827837, 0.7954056588696163, 0.7355494203981604, 0.6877761136620257, 0.6673713722832525, 0.6610515819333168, 0.6586459332655833, 0.6434922693435758]}, "4": {"maxiter": 500, "fatol": 1e-05, "xatol": 1e-05, "duration": 0.16990327835083008, "fun": "0.3559187875908625", "nit": "500", "nfev": "759", "status": "2", "success": "False", "message": "Maximum number of iterations has been exceeded.", "x": "[ 7.72453475  1.33257195 -0.40866561  1.80054147  4.50910496 -1.01068078]", "final_simplex": "(array([[ 7.72453475,  1.33257195, -0.40866561,  1.80054147,  4.50910496,\n        -1.01068078],\n       [ 7.72611725,  1.33430479, -0.40756693,  1.79964522,  4.50893971,\n        -1.01052342],\n       [ 7.72548913,  1.33267191, -0.40822787,  1.80276006,  4.50801565,\n        -1.0106651 ],\n       [ 7.72530919,  1.33288302, -0.40797648,  1.79995896,  4.5100829 ,\n        -1.01204685],\n       [ 7.72495589,  1.33296807, -0.4063524 ,  1.7987494 ,  4.50913656,\n        -1.01156872],\n       [ 7.72735398,  1.33338405, -0.40706105,  1.79907823,  4.51089202,\n        -1.00911973],\n       [ 7.7253386 ,  1.33507832, -0.40844368,  1.80227679,  4.50918426,\n        -1.00887052]]), array([0.35591879, 0.35591879, 0.35591914, 0.35591924, 0.35591924,\n       0.3559193 , 0.35591937]))", "callback": [0.9156128787067626, 0.8529805692827837, 0.7954056588696163, 0.7355494203981604, 0.6877761136620257, 0.6673713722832525, 0.6610515819333168, 0.6586459332655833, 0.6434922693435758, 0.6108784392766243, 0.5952751988359517, 0.5888911491978667, 0.5816009640733781, 0.5816009640733781, 0.5778319480774818, 0.5631959677003835, 0.5491977077174006, 0.5367119973063434, 0.45510774009215593, 0.4019109487625804, 0.39489546289300215, 0.3933167649966157, 0.39265386166034677, 0.3925223167527403, 0.3925023227371328, 0.39249361278321704, 0.3924897585567345, 0.3924874809643336, 0.3924850334242982, 0.39248031550675677, 0.392458824531965, 0.3924444238520085, 0.3923911728053505, 0.39211748914196254, 0.39166946170998485, 0.39059313530631123, 0.38988982030928687, 0.38822031365666876, 0.3855506771566217, 0.3813875587130874, 0.3734463646371984, 0.36022623862694325, 0.3582930947673155, 0.3569330254686819, 0.3562779195971981, 0.3560561265125176, 0.35598008700290484, 0.3559243813198526, 0.355920104456964]}, "5": {"maxiter": 500, "fatol": 1e-05, "xatol": 1e-10, "duration": 0.16933894157409668, "fun": "0.3559187875908625", "nit": "500", "nfev": "759", "status": "2", "success": "False", "message": "Maximum number of iterations has been exceeded.", "x": "[ 7.72453475  1.33257195 -0.40866561  1.80054147  4.50910496 -1.01068078]", "final_simplex": "(array([[ 7.72453475,  1.33257195, -0.40866561,  1.80054147,  4.50910496,\n        -1.01068078],\n       [ 7.72611725,  1.33430479, -0.40756693,  1.79964522,  4.50893971,\n        -1.01052342],\n       [ 7.72548913,  1.33267191, -0.40822787,  1.80276006,  4.50801565,\n        -1.0106651 ],\n       [ 7.72530919,  1.33288302, -0.40797648,  1.79995896,  4.5100829 ,\n        -1.01204685],\n       [ 7.72495589,  1.33296807, -0.4063524 ,  1.7987494 ,  4.50913656,\n        -1.01156872],\n       [ 7.72735398,  1.33338405, -0.40706105,  1.79907823,  4.51089202,\n        -1.00911973],\n       [ 7.7253386 ,  1.33507832, -0.40844368,  1.80227679,  4.50918426,\n        -1.00887052]]), array([0.35591879, 0.35591879, 0.35591914, 0.35591924, 0.35591924,\n       0.3559193 , 0.35591937]))", "callback": [0.9156128787067626, 0.8529805692827837, 0.7954056588696163, 0.7355494203981604, 0.6877761136620257, 0.6673713722832525, 0.6610515819333168, 0.6586459332655833, 0.6434922693435758, 0.6108784392766243, 0.5952751988359517, 0.5888911491978667, 0.5816009640733781, 0.5816009640733781, 0.5778319480774818, 0.5631959677003835, 0.5491977077174006, 0.5367119973063434, 0.45510774009215593, 0.4019109487625804, 0.39489546289300215, 0.3933167649966157, 0.39265386166034677, 0.3925223167527403, 0.3925023227371328, 0.39249361278321704, 0.3924897585567345, 0.3924874809643336, 0.3924850334242982, 0.39248031550675677, 0.392458824531965, 0.3924444238520085, 0.3923911728053505, 0.39211748914196254, 0.39166946170998485, 0.39059313530631123, 0.38988982030928687, 0.38822031365666876, 0.3855506771566217, 0.3813875587130874, 0.3734463646371984, 0.36022623862694325, 0.3582930947673155, 0.3569330254686819, 0.3562779195971981, 0.3560561265125176, 0.35598008700290484, 0.3559243813198526, 0.355920104456964]}, "6": {"maxiter": 500, "fatol": 1e-10, "xatol": 1e-05, "duration": 0.17502188682556152, "fun": "0.3559187875908625", "nit": "500", "nfev": "759", "status": "2", "success": "False", "message": "Maximum number of iterations has been exceeded.", "x": "[ 7.72453475  1.33257195 -0.40866561  1.80054147  4.50910496 -1.01068078]", "final_simplex": "(array([[ 7.72453475,  1.33257195, -0.40866561,  1.80054147,  4.50910496,\n        -1.01068078],\n       [ 7.72611725,  1.33430479, -0.40756693,  1.79964522,  4.50893971,\n        -1.01052342],\n       [ 7.72548913,  1.33267191, -0.40822787,  1.80276006,  4.50801565,\n        -1.0106651 ],\n       [ 7.72530919,  1.33288302, -0.40797648,  1.79995896,  4.5100829 ,\n        -1.01204685],\n       [ 7.72495589,  1.33296807, -0.4063524 ,  1.7987494 ,  4.50913656,\n        -1.01156872],\n       [ 7.72735398,  1.33338405, -0.40706105,  1.79907823,  4.51089202,\n        -1.00911973],\n       [ 7.7253386 ,  1.33507832, -0.40844368,  1.80227679,  4.50918426,\n        -1.00887052]]), array([0.35591879, 0.35591879, 0.35591914, 0.35591924, 0.35591924,\n       0.3559193 , 0.35591937]))", "callback": [0.9156128787067626, 0.8529805692827837, 0.7954056588696163, 0.7355494203981604, 0.6877761136620257, 0.6673713722832525, 0.6610515819333168, 0.6586459332655833, 0.6434922693435758, 0.6108784392766243, 0.5952751988359517, 0.5888911491978667, 0.5816009640733781, 0.5816009640733781, 0.5778319480774818, 0.5631959677003835, 0.5491977077174006, 0.5367119973063434, 0.45510774009215593, 0.4019109487625804, 0.39489546289300215, 0.3933167649966157, 0.39265386166034677, 0.3925223167527403, 0.3925023227371328, 0.39249361278321704, 0.3924897585567345, 0.3924874809643336, 0.3924850334242982, 0.39248031550675677, 0.392458824531965, 0.3924444238520085, 0.3923911728053505, 0.39211748914196254, 0.39166946170998485, 0.39059313530631123, 0.38988982030928687, 0.38822031365666876, 0.3855506771566217, 0.3813875587130874, 0.3734463646371984, 0.36022623862694325, 0.3582930947673155, 0.3569330254686819, 0.3562779195971981, 0.3560561265125176, 0.35598008700290484, 0.3559243813198526, 0.355920104456964]}, "7": {"maxiter": 500, "fatol": 1e-10, "xatol": 1e-10, "duration": 0.19370007514953613, "fun": "0.3559187875908625", "nit": "500", "nfev": "759", "status": "2", "success": "False", "message": "Maximum number of iterations has been exceeded.", "x": "[ 7.72453475  1.33257195 -0.40866561  1.80054147  4.50910496 -1.01068078]", "final_simplex": "(array([[ 7.72453475,  1.33257195, -0.40866561,  1.80054147,  4.50910496,\n        -1.01068078],\n       [ 7.72611725,  1.33430479, -0.40756693,  1.79964522,  4.50893971,\n        -1.01052342],\n       [ 7.72548913,  1.33267191, -0.40822787,  1.80276006,  4.50801565,\n        -1.0106651 ],\n       [ 7.72530919,  1.33288302, -0.40797648,  1.79995896,  4.5100829 ,\n        -1.01204685],\n       [ 7.72495589,  1.33296807, -0.4063524 ,  1.7987494 ,  4.50913656,\n        -1.01156872],\n       [ 7.72735398,  1.33338405, -0.40706105,  1.79907823,  4.51089202,\n        -1.00911973],\n       [ 7.7253386 ,  1.33507832, -0.40844368,  1.80227679,  4.50918426,\n        -1.00887052]]), array([0.35591879, 0.35591879, 0.35591914, 0.35591924, 0.35591924,\n       0.3559193 , 0.35591937]))", "callback": [0.9156128787067626, 0.8529805692827837, 0.7954056588696163, 0.7355494203981604, 0.6877761136620257, 0.6673713722832525, 0.6610515819333168, 0.6586459332655833, 0.6434922693435758, 0.6108784392766243, 0.5952751988359517, 0.5888911491978667, 0.5816009640733781, 0.5816009640733781, 0.5778319480774818, 0.5631959677003835, 0.5491977077174006, 0.5367119973063434, 0.45510774009215593, 0.4019109487625804, 0.39489546289300215, 0.3933167649966157, 0.39265386166034677, 0.3925223167527403, 0.3925023227371328, 0.39249361278321704, 0.3924897585567345, 0.3924874809643336, 0.3924850334242982, 0.39248031550675677, 0.392458824531965, 0.3924444238520085, 0.3923911728053505, 0.39211748914196254, 0.39166946170998485, 0.39059313530631123, 0.38988982030928687, 0.38822031365666876, 0.3855506771566217, 0.3813875587130874, 0.3734463646371984, 0.36022623862694325, 0.3582930947673155, 0.3569330254686819, 0.3562779195971981, 0.3560561265125176, 0.35598008700290484, 0.3559243813198526, 0.355920104456964]}, "8": {"maxiter": 1000, "fatol": 1e-05, "xatol": 1e-05, "duration": 0.2094101905822754, "fun": "0.35591817480495724", "nit": "584", "nfev": "901", "status": "0", "success": "True", "message": "Optimization terminated successfully.", "x": "[ 7.7262941   1.33335363 -0.40688726  1.80082302  4.50914123 -1.00874754]", "final_simplex": "(array([[ 7.7262941 ,  1.33335363, -0.40688726,  1.80082302,  4.50914123,\n        -1.00874754],\n       [ 7.72629239,  1.3333578 , -0.40688656,  1.80081905,  4.50914718,\n        -1.0087406 ],\n       [ 7.72629591,  1.3333601 , -0.40688374,  1.80081901,  4.50914038,\n        -1.00874297],\n       [ 7.72629524,  1.33335968, -0.406884  ,  1.80081631,  4.50914602,\n        -1.00874627],\n       [ 7.72628889,  1.33335704, -0.40688978,  1.80082233,  4.50914516,\n        -1.00874688],\n       [ 7.72629144,  1.33335107, -0.40688212,  1.80081815,  4.50914061,\n        -1.00874379],\n       [ 7.72629658,  1.33335981, -0.40687749,  1.80081958,  4.50914468,\n        -1.0087431 ]]), array([0.35591817, 0.35591817, 0.35591817, 0.35591817, 0.35591817,\n       0.35591817, 0.35591817]))", "callback": [0.9156128787067626, 0.8529805692827837, 0.7954056588696163, 0.7355494203981604, 0.6877761136620257, 0.6673713722832525, 0.6610515819333168, 0.6586459332655833, 0.6434922693435758, 0.6108784392766243, 0.5952751988359517, 0.5888911491978667, 0.5816009640733781, 0.5816009640733781, 0.5778319480774818, 0.5631959677003835, 0.5491977077174006, 0.5367119973063434, 0.45510774009215593, 0.4019109487625804, 0.39489546289300215, 0.3933167649966157, 0.39265386166034677, 0.3925223167527403, 0.3925023227371328, 0.39249361278321704, 0.3924897585567345, 0.3924874809643336, 0.3924850334242982, 0.39248031550675677, 0.392458824531965, 0.3924444238520085, 0.3923911728053505, 0.39211748914196254, 0.39166946170998485, 0.39059313530631123, 0.38988982030928687, 0.38822031365666876, 0.3855506771566217, 0.3813875587130874, 0.3734463646371984, 0.36022623862694325, 0.3582930947673155, 0.3569330254686819, 0.3562779195971981, 0.3560561265125176, 0.35598008700290484, 0.3559243813198526, 0.355920104456964, 0.3559185361137076, 0.35591833330791256, 0.35591821121111933, 0.3559181782579879, 0.35591817746388554, 0.3559181753598325, 0.35591817492094324, 0.3559181748294097, 0.35591817480785626]}, "9": {"maxiter": 1000, "fatol": 1e-05, "xatol": 1e-10, "duration": 0.32107114791870117, "fun": "0.3559181747962217", "nit": "709", "nfev": "1164", "status": "0", "success": "True", "message": "Optimization terminated successfully.", "x": "[ 7.72630197  1.33335947 -0.40688614  1.80082249  4.50914773 -1.00873655]", "final_simplex": "(array([[ 7.72630197,  1.33335947, -0.40688614,  1.80082249,  4.50914773,\n        -1.00873655],\n       [ 7.72630197,  1.33335947, -0.40688614,  1.80082249,  4.50914773,\n        -1.00873655],\n       [ 7.72630197,  1.33335947, -0.40688614,  1.80082249,  4.50914773,\n        -1.00873655],\n       [ 7.72630197,  1.33335947, -0.40688614,  1.80082249,  4.50914773,\n        -1.00873655],\n       [ 7.72630197,  1.33335947, -0.40688614,  1.80082249,  4.50914773,\n        -1.00873655],\n       [ 7.72630197,  1.33335947, -0.40688614,  1.80082249,  4.50914773,\n        -1.00873655],\n       [ 7.72630197,  1.33335947, -0.40688614,  1.80082249,  4.50914773,\n        -1.00873655]]), array([0.35591817, 0.35591817, 0.35591817, 0.35591817, 0.35591817,\n       0.35591817, 0.35591817]))", "callback": [0.9156128787067626, 0.8529805692827837, 0.7954056588696163, 0.7355494203981604, 0.6877761136620257, 0.6673713722832525, 0.6610515819333168, 0.6586459332655833, 0.6434922693435758, 0.6108784392766243, 0.5952751988359517, 0.5888911491978667, 0.5816009640733781, 0.5816009640733781, 0.5778319480774818, 0.5631959677003835, 0.5491977077174006, 0.5367119973063434, 0.45510774009215593, 0.4019109487625804, 0.39489546289300215, 0.3933167649966157, 0.39265386166034677, 0.3925223167527403, 0.3925023227371328, 0.39249361278321704, 0.3924897585567345, 0.3924874809643336, 0.3924850334242982, 0.39248031550675677, 0.392458824531965, 0.3924444238520085, 0.3923911728053505, 0.39211748914196254, 0.39166946170998485, 0.39059313530631123, 0.38988982030928687, 0.38822031365666876, 0.3855506771566217, 0.3813875587130874, 0.3734463646371984, 0.36022623862694325, 0.3582930947673155, 0.3569330254686819, 0.3562779195971981, 0.3560561265125176, 0.35598008700290484, 0.3559243813198526, 0.355920104456964, 0.3559185361137076, 0.35591833330791256, 0.35591821121111933, 0.3559181782579879, 0.35591817746388554, 0.3559181753598325, 0.35591817492094324, 0.3559181748294097, 0.35591817480785626, 0.3559181748015082, 0.3559181747985851, 0.355918174797621, 0.35591817479673504, 0.35591817479639865, 0.3559181747962529, 0.35591817479622834, 0.355918174796223, 0.3559181747962221, 0.3559181747962219, 0.3559181747962218, 0.3559181747962217]}, "10": {"maxiter": 1000, "fatol": 1e-10, "xatol": 1e-05, "duration": 0.21189093589782715, "fun": "0.35591817480495724", "nit": "584", "nfev": "901", "status": "0", "success": "True", "message": "Optimization terminated successfully.", "x": "[ 7.7262941   1.33335363 -0.40688726  1.80082302  4.50914123 -1.00874754]", "final_simplex": "(array([[ 7.7262941 ,  1.33335363, -0.40688726,  1.80082302,  4.50914123,\n        -1.00874754],\n       [ 7.72629239,  1.3333578 , -0.40688656,  1.80081905,  4.50914718,\n        -1.0087406 ],\n       [ 7.72629591,  1.3333601 , -0.40688374,  1.80081901,  4.50914038,\n        -1.00874297],\n       [ 7.72629524,  1.33335968, -0.406884  ,  1.80081631,  4.50914602,\n        -1.00874627],\n       [ 7.72628889,  1.33335704, -0.40688978,  1.80082233,  4.50914516,\n        -1.00874688],\n       [ 7.72629144,  1.33335107, -0.40688212,  1.80081815,  4.50914061,\n        -1.00874379],\n       [ 7.72629658,  1.33335981, -0.40687749,  1.80081958,  4.50914468,\n        -1.0087431 ]]), array([0.35591817, 0.35591817, 0.35591817, 0.35591817, 0.35591817,\n       0.35591817, 0.35591817]))", "callback": [0.9156128787067626, 0.8529805692827837, 0.7954056588696163, 0.7355494203981604, 0.6877761136620257, 0.6673713722832525, 0.6610515819333168, 0.6586459332655833, 0.6434922693435758, 0.6108784392766243, 0.5952751988359517, 0.5888911491978667, 0.5816009640733781, 0.5816009640733781, 0.5778319480774818, 0.5631959677003835, 0.5491977077174006, 0.5367119973063434, 0.45510774009215593, 0.4019109487625804, 0.39489546289300215, 0.3933167649966157, 0.39265386166034677, 0.3925223167527403, 0.3925023227371328, 0.39249361278321704, 0.3924897585567345, 0.3924874809643336, 0.3924850334242982, 0.39248031550675677, 0.392458824531965, 0.3924444238520085, 0.3923911728053505, 0.39211748914196254, 0.39166946170998485, 0.39059313530631123, 0.38988982030928687, 0.38822031365666876, 0.3855506771566217, 0.3813875587130874, 0.3734463646371984, 0.36022623862694325, 0.3582930947673155, 0.3569330254686819, 0.3562779195971981, 0.3560561265125176, 0.35598008700290484, 0.3559243813198526, 0.355920104456964, 0.3559185361137076, 0.35591833330791256, 0.35591821121111933, 0.3559181782579879, 0.35591817746388554, 0.3559181753598325, 0.35591817492094324, 0.3559181748294097, 0.35591817480785626]}, "11": {"maxiter": 1000, "fatol": 1e-10, "xatol": 1e-10, "duration": 0.26822495460510254, "fun": "0.3559181747962217", "nit": "709", "nfev": "1164", "status": "0", "success": "True", "message": "Optimization terminated successfully.", "x": "[ 7.72630197  1.33335947 -0.40688614  1.80082249  4.50914773 -1.00873655]", "final_simplex": "(array([[ 7.72630197,  1.33335947, -0.40688614,  1.80082249,  4.50914773,\n        -1.00873655],\n       [ 7.72630197,  1.33335947, -0.40688614,  1.80082249,  4.50914773,\n        -1.00873655],\n       [ 7.72630197,  1.33335947, -0.40688614,  1.80082249,  4.50914773,\n        -1.00873655],\n       [ 7.72630197,  1.33335947, -0.40688614,  1.80082249,  4.50914773,\n        -1.00873655],\n       [ 7.72630197,  1.33335947, -0.40688614,  1.80082249,  4.50914773,\n        -1.00873655],\n       [ 7.72630197,  1.33335947, -0.40688614,  1.80082249,  4.50914773,\n        -1.00873655],\n       [ 7.72630197,  1.33335947, -0.40688614,  1.80082249,  4.50914773,\n        -1.00873655]]), array([0.35591817, 0.35591817, 0.35591817, 0.35591817, 0.35591817,\n       0.35591817, 0.35591817]))", "callback": [0.9156128787067626, 0.8529805692827837, 0.7954056588696163, 0.7355494203981604, 0.6877761136620257, 0.6673713722832525, 0.6610515819333168, 0.6586459332655833, 0.6434922693435758, 0.6108784392766243, 0.5952751988359517, 0.5888911491978667, 0.5816009640733781, 0.5816009640733781, 0.5778319480774818, 0.5631959677003835, 0.5491977077174006, 0.5367119973063434, 0.45510774009215593, 0.4019109487625804, 0.39489546289300215, 0.3933167649966157, 0.39265386166034677, 0.3925223167527403, 0.3925023227371328, 0.39249361278321704, 0.3924897585567345, 0.3924874809643336, 0.3924850334242982, 0.39248031550675677, 0.392458824531965, 0.3924444238520085, 0.3923911728053505, 0.39211748914196254, 0.39166946170998485, 0.39059313530631123, 0.38988982030928687, 0.38822031365666876, 0.3855506771566217, 0.3813875587130874, 0.3734463646371984, 0.36022623862694325, 0.3582930947673155, 0.3569330254686819, 0.3562779195971981, 0.3560561265125176, 0.35598008700290484, 0.3559243813198526, 0.355920104456964, 0.3559185361137076, 0.35591833330791256, 0.35591821121111933, 0.3559181782579879, 0.35591817746388554, 0.3559181753598325, 0.35591817492094324, 0.3559181748294097, 0.35591817480785626, 0.3559181748015082, 0.3559181747985851, 0.355918174797621, 0.35591817479673504, 0.35591817479639865, 0.3559181747962529, 0.35591817479622834, 0.355918174796223, 0.3559181747962221, 0.3559181747962219, 0.3559181747962218, 0.3559181747962217]}}, "bfgs": {"type": "gradient", "0": {"maxiter": 100, "gtol": 1e-05, "xrtol": 1e-05, "eps": 1e-05, "duration": 0.05384993553161621, "fun": "0.355918179044279", "jac": "[ 4.50111060e-06 -1.28301592e-05  1.87732718e-05 -6.95890012e-06\n -3.21382809e-05  1.44570578e-05]", "hess_inv": "[[ 6.6794293   2.74548173  0.46938785  0.44930924  2.03790927  4.95463852]\n [ 2.74548173  4.96756217  0.83253463 -0.43285666  0.95183522  3.27375764]\n [ 0.46938785  0.83253463  2.67796688 -0.42450108  0.88425944  0.59059069]\n [ 0.44930924 -0.43285666 -0.42450108  3.33121953 -0.25562975  0.63373517]\n [ 2.03790927  0.95183522  0.88425944 -0.25562975  2.68524225  2.89449904]\n [ 4.95463852  3.27375764  0.59059069  0.63373517  2.89449904  8.71812931]]", "nfev": "231", "njev": "33", "status": "0", "success": "True", "message": "Optimization terminated successfully.", "x": "[ 14.00949421 -17.51627373  12.15957932   1.80078748  10.79219442\n  -7.29186201]", "nit": "19", "callback": [0.36158866924027444]}, "1": {"maxiter": 100, "gtol": 1e-05, "xrtol": 1e-05, "eps": 1e-10, "duration": 0.053751230239868164, "fun": "0.35591818090883665", "jac": "[ 4.44089173e-06 -1.22126692e-05  2.44249045e-05 -6.66133760e-06\n -3.99680256e-05  1.55431211e-05]", "hess_inv": "[[ 6.49461152  2.69172802  0.53359176  0.51377073  1.89439729  4.85613514]\n [ 2.69172802  5.12309534  0.83132066 -0.36684447  0.96889182  3.17231982]\n [ 0.53359176  0.83132066  2.66902399 -0.33610456  0.89893744  0.61987553]\n [ 0.51377073 -0.36684447 -0.33610456  3.37443434 -0.18889741  0.67611144]\n [ 1.89439729  0.96889182  0.89893744 -0.18889741  2.6253125   2.77476983]\n [ 4.85613514  3.17231982  0.61987553  0.67611144  2.77476983  8.6479476 ]]", "nfev": "231", "njev": "33", "status": "0", "success": "True", "message": "Optimization terminated successfully.", "x": "[ 14.00950998 -17.51626276  12.15961267   1.80077892  10.79217303\n  -7.29183511]", "nit": "19", "callback": [0.3615729819657303]}, "2": {"maxiter": 100, "gtol": 1e-05, "xrtol": 1e-10, "eps": 1e-05, "duration": 0.05531787872314453, "fun": "0.3559181751299344", "jac": "[-1.57837077e-06  2.28955743e-06  4.66021666e-06 -7.06767977e-07\n -9.95677985e-06  3.40869555e-06]", "hess_inv": "[[ 6.68207472  2.65680849  0.86240257  0.38159116  1.55280942  5.21013134]\n [ 2.65680849  5.27994936  0.03995746 -0.27154727  1.91122553  2.70869511]\n [ 0.86240257  0.03995746  3.43532016 -0.67017747  0.0373885   1.31483422]\n [ 0.38159116 -0.27154727 -0.67017747  3.39316661  0.03263414  0.43453089]\n [ 1.55280942  1.91122553  0.0373885   0.03263414  3.62186781  2.05737245]\n [ 5.21013134  2.70869511  1.31483422  0.43453089  2.05737245  9.33877024]]", "nfev": "238", "njev": "34", "status": "0", "success": "True", "message": "Optimization terminated successfully.", "x": "[ 14.00946387 -17.51620827  12.1595009    1.80080984  10.79228445\n  -7.29193081]", "nit": "20", "callback": [0.36158866924027444, 0.3559181751299344]}, "3": {"maxiter": 100, "gtol": 1e-05, "xrtol": 1e-10, "eps": 1e-10, "duration": 0.05582594871520996, "fun": "0.3559181748514568", "jac": "[-2.22044587e-06  3.33072796e-06  2.22044587e-06  3.33066880e-06\n  2.22044587e-06 -2.22044587e-06]", "hess_inv": "[[ 6.58352076  2.57456986  0.91948809  0.41442583  1.44452256  5.12045051]\n [ 2.57456986  4.81057652  0.13517404 -0.34840327  1.6485025   2.77763899]\n [ 0.91948809  0.13517404  3.63289919 -0.92693197 -0.26757381  1.65468906]\n [ 0.41442583 -0.34840327 -0.92693197  3.43774526  0.46993513  0.35271805]\n [ 1.44452256  1.6485025  -0.26757381  0.46993513  3.99770225  1.55678783]\n [ 5.12045051  2.77763899  1.65468906  0.35271805  1.55678783  9.41528268]]", "nfev": "245", "njev": "35", "status": "0", "success": "True", "message": "Optimization terminated successfully.", "x": "[ 14.00947063 -17.51619835  12.15947892   1.80083166  10.792332\n  -7.29194611]", "nit": "21", "callback": [0.3615729819657303, 0.35591817523134717]}, "4": {"maxiter": 100, "gtol": 1e-10, "xrtol": 1e-05, "eps": 1e-05, "duration": 0.05305671691894531, "fun": "0.355918179044279", "jac": "[ 4.50111060e-06 -1.28301592e-05  1.87732718e-05 -6.95890012e-06\n -3.21382809e-05  1.44570578e-05]", "hess_inv": "[[ 6.6794293   2.74548173  0.46938785  0.44930924  2.03790927  4.95463852]\n [ 2.74548173  4.96756217  0.83253463 -0.43285666  0.95183522  3.27375764]\n [ 0.46938785  0.83253463  2.67796688 -0.42450108  0.88425944  0.59059069]\n [ 0.44930924 -0.43285666 -0.42450108  3.33121953 -0.25562975  0.63373517]\n [ 2.03790927  0.95183522  0.88425944 -0.25562975  2.68524225  2.89449904]\n [ 4.95463852  3.27375764  0.59059069  0.63373517  2.89449904  8.71812931]]", "nfev": "231", "njev": "33", "status": "0", "success": "True", "message": "Optimization terminated successfully.", "x": "[ 14.00949421 -17.51627373  12.15957932   1.80078748  10.79219442\n  -7.29186201]", "nit": "19", "callback": [0.36158866924027444]}, "5": {"maxiter": 100, "gtol": 1e-10, "xrtol": 1e-05, "eps": 1e-10, "duration": 0.05323004722595215, "fun": "0.35591818090883665", "jac": "[ 4.44089173e-06 -1.22126692e-05  2.44249045e-05 -6.66133760e-06\n -3.99680256e-05  1.55431211e-05]", "hess_inv": "[[ 6.49461152  2.69172802  0.53359176  0.51377073  1.89439729  4.85613514]\n [ 2.69172802  5.12309534  0.83132066 -0.36684447  0.96889182  3.17231982]\n [ 0.53359176  0.83132066  2.66902399 -0.33610456  0.89893744  0.61987553]\n [ 0.51377073 -0.36684447 -0.33610456  3.37443434 -0.18889741  0.67611144]\n [ 1.89439729  0.96889182  0.89893744 -0.18889741  2.6253125   2.77476983]\n [ 4.85613514  3.17231982  0.61987553  0.67611144  2.77476983  8.6479476 ]]", "nfev": "231", "njev": "33", "status": "0", "success": "True", "message": "Optimization terminated successfully.", "x": "[ 14.00950998 -17.51626276  12.15961267   1.80077892  10.79217303\n  -7.29183511]", "nit": "19", "callback": [0.3615729819657303]}, "6": {"maxiter": 100, "gtol": 1e-10, "xrtol": 1e-10, "eps": 1e-05, "duration": 0.061585187911987305, "fun": "0.35591817485423916", "jac": "[ 3.33066907e-11 -2.22044605e-11 -4.44089210e-11 -1.11022302e-11\n  0.00000000e+00 -1.11022302e-11]", "hess_inv": "[[ 6.71760178  2.57270413  0.82405788  0.43015837  1.66064992  5.18793844]\n [ 2.57270413  5.49411675  0.21165878 -0.40326519  1.54397284  2.82316586]\n [ 0.82405788  0.21165878  3.60802541 -0.70065997 -0.24552268  1.4484315 ]\n [ 0.43015837 -0.40326519 -0.70065997  3.41553666  0.12730086  0.42145112]\n [ 1.66064992  1.54397284 -0.24552268  0.12730086  4.14468921  1.85248772]\n [ 5.18793844  2.82316586  1.4484315   0.42145112  1.85248772  9.44257658]]", "nfev": "273", "njev": "39", "status": "0", "success": "True", "message": "Optimization terminated successfully.", "x": "[ 14.00946425 -17.51621246  12.1594769    1.80081731  10.79232019\n  -7.29194909]", "nit": "25", "callback": [0.36158866924027444, 0.3559181751299344]}, "7": {"maxiter": 100, "gtol": 1e-10, "xrtol": 1e-10, "eps": 1e-10, "duration": 0.08234596252441406, "fun": "0.3559181748039917", "jac": "[ 0.00000000e+00 -2.22048531e-06 -2.22044587e-06  0.00000000e+00\n  0.00000000e+00 -1.11022293e-06]", "hess_inv": "[[ 6.31967492  2.43950772 -0.39327674 -1.85183436  1.09535362  2.73563631]\n [ 2.43950772  2.64920902 -1.20395135 -0.96604712  0.33464959  1.62211495]\n [-0.39327674 -1.20395135  2.74449226 -1.00823899 -0.62424426 -0.29659431]\n [-1.85183436 -0.96604712 -1.00823899  4.0746457   0.07439773 -1.78165709]\n [ 1.09535362  0.33464959 -0.62424426  0.07439773  2.3890841   1.27605225]\n [ 2.73563631  1.62211495 -0.29659431 -1.78165709  1.27605225  4.60090176]]", "nfev": "364", "njev": "52", "status": "0", "success": "True", "message": "Optimization terminated successfully.", "x": "[ 14.00948239 -17.5162026   12.15947991   1.80082438  10.79233474\n  -7.29192824]", "nit": "26", "callback": [0.3615729819657303, 0.35591817523134717]}, "8": {"maxiter": 500, "gtol": 1e-05, "xrtol": 1e-05, "eps": 1e-05, "duration": 0.05254673957824707, "fun": "0.355918179044279", "jac": "[ 4.50111060e-06 -1.28301592e-05  1.87732718e-05 -6.95890012e-06\n -3.21382809e-05  1.44570578e-05]", "hess_inv": "[[ 6.6794293   2.74548173  0.46938785  0.44930924  2.03790927  4.95463852]\n [ 2.74548173  4.96756217  0.83253463 -0.43285666  0.95183522  3.27375764]\n [ 0.46938785  0.83253463  2.67796688 -0.42450108  0.88425944  0.59059069]\n [ 0.44930924 -0.43285666 -0.42450108  3.33121953 -0.25562975  0.63373517]\n [ 2.03790927  0.95183522  0.88425944 -0.25562975  2.68524225  2.89449904]\n [ 4.95463852  3.27375764  0.59059069  0.63373517  2.89449904  8.71812931]]", "nfev": "231", "njev": "33", "status": "0", "success": "True", "message": "Optimization terminated successfully.", "x": "[ 14.00949421 -17.51627373  12.15957932   1.80078748  10.79219442\n  -7.29186201]", "nit": "19", "callback": [0.36158866924027444]}, "9": {"maxiter": 500, "gtol": 1e-05, "xrtol": 1e-05, "eps": 1e-10, "duration": 0.05253410339355469, "fun": "0.35591818090883665", "jac": "[ 4.44089173e-06 -1.22126692e-05  2.44249045e-05 -6.66133760e-06\n -3.99680256e-05  1.55431211e-05]", "hess_inv": "[[ 6.49461152  2.69172802  0.53359176  0.51377073  1.89439729  4.85613514]\n [ 2.69172802  5.12309534  0.83132066 -0.36684447  0.96889182  3.17231982]\n [ 0.53359176  0.83132066  2.66902399 -0.33610456  0.89893744  0.61987553]\n [ 0.51377073 -0.36684447 -0.33610456  3.37443434 -0.18889741  0.67611144]\n [ 1.89439729  0.96889182  0.89893744 -0.18889741  2.6253125   2.77476983]\n [ 4.85613514  3.17231982  0.61987553  0.67611144  2.77476983  8.6479476 ]]", "nfev": "231", "njev": "33", "status": "0", "success": "True", "message": "Optimization terminated successfully.", "x": "[ 14.00950998 -17.51626276  12.15961267   1.80077892  10.79217303\n  -7.29183511]", "nit": "19", "callback": [0.3615729819657303]}, "10": {"maxiter": 500, "gtol": 1e-05, "xrtol": 1e-10, "eps": 1e-05, "duration": 0.0541231632232666, "fun": "0.3559181751299344", "jac": "[-1.57837077e-06  2.28955743e-06  4.66021666e-06 -7.06767977e-07\n -9.95677985e-06  3.40869555e-06]", "hess_inv": "[[ 6.68207472  2.65680849  0.86240257  0.38159116  1.55280942  5.21013134]\n [ 2.65680849  5.27994936  0.03995746 -0.27154727  1.91122553  2.70869511]\n [ 0.86240257  0.03995746  3.43532016 -0.67017747  0.0373885   1.31483422]\n [ 0.38159116 -0.27154727 -0.67017747  3.39316661  0.03263414  0.43453089]\n [ 1.55280942  1.91122553  0.0373885   0.03263414  3.62186781  2.05737245]\n [ 5.21013134  2.70869511  1.31483422  0.43453089  2.05737245  9.33877024]]", "nfev": "238", "njev": "34", "status": "0", "success": "True", "message": "Optimization terminated successfully.", "x": "[ 14.00946387 -17.51620827  12.1595009    1.80080984  10.79228445\n  -7.29193081]", "nit": "20", "callback": [0.36158866924027444, 0.3559181751299344]}, "11": {"maxiter": 500, "gtol": 1e-05, "xrtol": 1e-10, "eps": 1e-10, "duration": 0.05621194839477539, "fun": "0.3559181748514568", "jac": "[-2.22044587e-06  3.33072796e-06  2.22044587e-06  3.33066880e-06\n  2.22044587e-06 -2.22044587e-06]", "hess_inv": "[[ 6.58352076  2.57456986  0.91948809  0.41442583  1.44452256  5.12045051]\n [ 2.57456986  4.81057652  0.13517404 -0.34840327  1.6485025   2.77763899]\n [ 0.91948809  0.13517404  3.63289919 -0.92693197 -0.26757381  1.65468906]\n [ 0.41442583 -0.34840327 -0.92693197  3.43774526  0.46993513  0.35271805]\n [ 1.44452256  1.6485025  -0.26757381  0.46993513  3.99770225  1.55678783]\n [ 5.12045051  2.77763899  1.65468906  0.35271805  1.55678783  9.41528268]]", "nfev": "245", "njev": "35", "status": "0", "success": "True", "message": "Optimization terminated successfully.", "x": "[ 14.00947063 -17.51619835  12.15947892   1.80083166  10.792332\n  -7.29194611]", "nit": "21", "callback": [0.3615729819657303, 0.35591817523134717]}, "12": {"maxiter": 500, "gtol": 1e-10, "xrtol": 1e-05, "eps": 1e-05, "duration": 0.052865028381347656, "fun": "0.355918179044279", "jac": "[ 4.50111060e-06 -1.28301592e-05  1.87732718e-05 -6.95890012e-06\n -3.21382809e-05  1.44570578e-05]", "hess_inv": "[[ 6.6794293   2.74548173  0.46938785  0.44930924  2.03790927  4.95463852]\n [ 2.74548173  4.96756217  0.83253463 -0.43285666  0.95183522  3.27375764]\n [ 0.46938785  0.83253463  2.67796688 -0.42450108  0.88425944  0.59059069]\n [ 0.44930924 -0.43285666 -0.42450108  3.33121953 -0.25562975  0.63373517]\n [ 2.03790927  0.95183522  0.88425944 -0.25562975  2.68524225  2.89449904]\n [ 4.95463852  3.27375764  0.59059069  0.63373517  2.89449904  8.71812931]]", "nfev": "231", "njev": "33", "status": "0", "success": "True", "message": "Optimization terminated successfully.", "x": "[ 14.00949421 -17.51627373  12.15957932   1.80078748  10.79219442\n  -7.29186201]", "nit": "19", "callback": [0.36158866924027444]}, "13": {"maxiter": 500, "gtol": 1e-10, "xrtol": 1e-05, "eps": 1e-10, "duration": 0.05225396156311035, "fun": "0.35591818090883665", "jac": "[ 4.44089173e-06 -1.22126692e-05  2.44249045e-05 -6.66133760e-06\n -3.99680256e-05  1.55431211e-05]", "hess_inv": "[[ 6.49461152  2.69172802  0.53359176  0.51377073  1.89439729  4.85613514]\n [ 2.69172802  5.12309534  0.83132066 -0.36684447  0.96889182  3.17231982]\n [ 0.53359176  0.83132066  2.66902399 -0.33610456  0.89893744  0.61987553]\n [ 0.51377073 -0.36684447 -0.33610456  3.37443434 -0.18889741  0.67611144]\n [ 1.89439729  0.96889182  0.89893744 -0.18889741  2.6253125   2.77476983]\n [ 4.85613514  3.17231982  0.61987553  0.67611144  2.77476983  8.6479476 ]]", "nfev": "231", "njev": "33", "status": "0", "success": "True", "message": "Optimization terminated successfully.", "x": "[ 14.00950998 -17.51626276  12.15961267   1.80077892  10.79217303\n  -7.29183511]", "nit": "19", "callback": [0.3615729819657303]}, "14": {"maxiter": 500, "gtol": 1e-10, "xrtol": 1e-10, "eps": 1e-05, "duration": 0.06267905235290527, "fun": "0.35591817485423916", "jac": "[ 3.33066907e-11 -2.22044605e-11 -4.44089210e-11 -1.11022302e-11\n  0.00000000e+00 -1.11022302e-11]", "hess_inv": "[[ 6.71760178  2.57270413  0.82405788  0.43015837  1.66064992  5.18793844]\n [ 2.57270413  5.49411675  0.21165878 -0.40326519  1.54397284  2.82316586]\n [ 0.82405788  0.21165878  3.60802541 -0.70065997 -0.24552268  1.4484315 ]\n [ 0.43015837 -0.40326519 -0.70065997  3.41553666  0.12730086  0.42145112]\n [ 1.66064992  1.54397284 -0.24552268  0.12730086  4.14468921  1.85248772]\n [ 5.18793844  2.82316586  1.4484315   0.42145112  1.85248772  9.44257658]]",