{"date": "2024/10/08/, 15:27:14", "conf_id": 8, "data_type": "random\n", "num_data_points": 1, "s_rank": 0, "unitary": "[[-0.53618537-0.34368723j,-0.12107031-0.46226139j,-0.07699282-0.46603512j,0.36022595-0.11472301j],[0.26026499-0.63450712j,-0.56616638+0.37832564j,-0.14988651+0.08458591j,0.10363514-0.16008501j],[-0.32580188-0.11070003j,-0.36476308-0.23593218j,0.02559343+0.41761608j,-0.25598305+0.6725303j],[0.07406738-0.0126433j,0.28513701+0.19483972j,-0.74939717-0.10299659j,0.29798249+0.46269921j]]", "databatch_0": {"databatch": "[[[0.18664674-0.20586671j,0.0082868+0.05830784j,0.24829257-0.29379374j,-0.01400689-0.0178309j],[-0.33694511+0.19352878j,0.01374088+0.17041161j,0.02493475+0.36437238j,-0.01675287+0.14985817j],[0.26392997+0.05129105j,-0.16856768-0.23678552j,-0.19455295+0.21013692j,-0.02182336-0.16448424j],[0.22927016-0.06827879j,-0.20484602-0.09937959j,-0.02442271+0.20243956j,-0.0746889-0.10936305j]]]", "initial param values": "[0.46980657,5.28671349,4.0552076,2.28640916,0.36916287,2.33421786]", "nelder_mead": {"type": "gradient-free", "0": {"maxiter": 100, "fatol": 1e-05, "xatol": 1e-05, "duration": 0.06693601608276367, "fun": "0.35912726794489924", "nit": "100", "nfev": "148", "status": "2", "success": "False", "message": "Maximum number of iterations has been exceeded.", "x": "[ 2.0249104   8.33711055  2.90264471  2.28582565 -0.07484207  0.34998129]", "final_simplex": "(array([[ 2.02491040e+00,  8.33711055e+00,  2.90264471e+00,\n         2.28582565e+00, -7.48420650e-02,  3.49981292e-01],\n       [ 1.91488545e+00,  8.18223223e+00,  2.58251035e+00,\n         2.25861874e+00, -1.38759481e-02,  1.03937850e-01],\n       [ 1.88937733e+00,  8.29387798e+00,  3.04095653e+00,\n         2.42924636e+00, -3.63992789e-02,  2.88263394e-01],\n       [ 2.04780481e+00,  8.20004292e+00,  2.66566187e+00,\n         2.56459300e+00, -4.82211985e-02,  1.20512639e-01],\n       [ 1.54904773e+00,  8.15552211e+00,  2.68160142e+00,\n         2.40185179e+00,  1.72753441e-01,  1.83228961e-01],\n       [ 1.42978491e+00,  7.95225252e+00,  2.60917652e+00,\n         2.37511224e+00,  1.76578958e-01,  4.97731155e-01],\n       [ 1.78005707e+00,  8.47571519e+00,  2.87632693e+00,\n         2.44748923e+00,  5.74588353e-03,  4.36051723e-01]]), array([0.35912727, 0.36413482, 0.37026049, 0.38823225, 0.39267706,\n       0.39329559, 0.39717693]))", "callback": [0.8665413044214607, 0.7710115158711544, 0.6212815704746293, 0.5653445471752263, 0.5418652096228114, 0.5265009102201883, 0.5180867069957017, 0.5019809799146011, 0.47065897956924085, 0.4203544435298776]}, "1": {"maxiter": 100, "fatol": 1e-05, "xatol": 1e-10, "duration": 0.06919693946838379, "fun": "0.35912726794489924", "nit": "100", "nfev": "148", "status": "2", "success": "False", "message": "Maximum number of iterations has been exceeded.", "x": "[ 2.0249104   8.33711055  2.90264471  2.28582565 -0.07484207  0.34998129]", "final_simplex": "(array([[ 2.02491040e+00,  8.33711055e+00,  2.90264471e+00,\n         2.28582565e+00, -7.48420650e-02,  3.49981292e-01],\n       [ 1.91488545e+00,  8.18223223e+00,  2.58251035e+00,\n         2.25861874e+00, -1.38759481e-02,  1.03937850e-01],\n       [ 1.88937733e+00,  8.29387798e+00,  3.04095653e+00,\n         2.42924636e+00, -3.63992789e-02,  2.88263394e-01],\n       [ 2.04780481e+00,  8.20004292e+00,  2.66566187e+00,\n         2.56459300e+00, -4.82211985e-02,  1.20512639e-01],\n       [ 1.54904773e+00,  8.15552211e+00,  2.68160142e+00,\n         2.40185179e+00,  1.72753441e-01,  1.83228961e-01],\n       [ 1.42978491e+00,  7.95225252e+00,  2.60917652e+00,\n         2.37511224e+00,  1.76578958e-01,  4.97731155e-01],\n       [ 1.78005707e+00,  8.47571519e+00,  2.87632693e+00,\n         2.44748923e+00,  5.74588353e-03,  4.36051723e-01]]), array([0.35912727, 0.36413482, 0.37026049, 0.38823225, 0.39267706,\n       0.39329559, 0.39717693]))", "callback": [0.8665413044214607, 0.7710115158711544, 0.6212815704746293, 0.5653445471752263, 0.5418652096228114, 0.5265009102201883, 0.5180867069957017, 0.5019809799146011, 0.47065897956924085, 0.4203544435298776]}, "2": {"maxiter": 100, "fatol": 1e-10, "xatol": 1e-05, "duration": 0.07775306701660156, "fun": "0.35912726794489924", "nit": "100", "nfev": "148", "status": "2", "success": "False", "message": "Maximum number of iterations has been exceeded.", "x": "[ 2.0249104   8.33711055  2.90264471  2.28582565 -0.07484207  0.34998129]", "final_simplex": "(array([[ 2.02491040e+00,  8.33711055e+00,  2.90264471e+00,\n         2.28582565e+00, -7.48420650e-02,  3.49981292e-01],\n       [ 1.91488545e+00,  8.18223223e+00,  2.58251035e+00,\n         2.25861874e+00, -1.38759481e-02,  1.03937850e-01],\n       [ 1.88937733e+00,  8.29387798e+00,  3.04095653e+00,\n         2.42924636e+00, -3.63992789e-02,  2.88263394e-01],\n       [ 2.04780481e+00,  8.20004292e+00,  2.66566187e+00,\n         2.56459300e+00, -4.82211985e-02,  1.20512639e-01],\n       [ 1.54904773e+00,  8.15552211e+00,  2.68160142e+00,\n         2.40185179e+00,  1.72753441e-01,  1.83228961e-01],\n       [ 1.42978491e+00,  7.95225252e+00,  2.60917652e+00,\n         2.37511224e+00,  1.76578958e-01,  4.97731155e-01],\n       [ 1.78005707e+00,  8.47571519e+00,  2.87632693e+00,\n         2.44748923e+00,  5.74588353e-03,  4.36051723e-01]]), array([0.35912727, 0.36413482, 0.37026049, 0.38823225, 0.39267706,\n       0.39329559, 0.39717693]))", "callback": [0.8665413044214607, 0.7710115158711544, 0.6212815704746293, 0.5653445471752263, 0.5418652096228114, 0.5265009102201883, 0.5180867069957017, 0.5019809799146011, 0.47065897956924085, 0.4203544435298776]}, "3": {"maxiter": 100, "fatol": 1e-10, "xatol": 1e-10, "duration": 0.06999397277832031, "fun": "0.35912726794489924", "nit": "100", "nfev": "148", "status": "2", "success": "False", "message": "Maximum number of iterations has been exceeded.", "x": "[ 2.0249104   8.33711055  2.90264471  2.28582565 -0.07484207  0.34998129]", "final_simplex": "(array([[ 2.02491040e+00,  8.33711055e+00,  2.90264471e+00,\n         2.28582565e+00, -7.48420650e-02,  3.49981292e-01],\n       [ 1.91488545e+00,  8.18223223e+00,  2.58251035e+00,\n         2.25861874e+00, -1.38759481e-02,  1.03937850e-01],\n       [ 1.88937733e+00,  8.29387798e+00,  3.04095653e+00,\n         2.42924636e+00, -3.63992789e-02,  2.88263394e-01],\n       [ 2.04780481e+00,  8.20004292e+00,  2.66566187e+00,\n         2.56459300e+00, -4.82211985e-02,  1.20512639e-01],\n       [ 1.54904773e+00,  8.15552211e+00,  2.68160142e+00,\n         2.40185179e+00,  1.72753441e-01,  1.83228961e-01],\n       [ 1.42978491e+00,  7.95225252e+00,  2.60917652e+00,\n         2.37511224e+00,  1.76578958e-01,  4.97731155e-01],\n       [ 1.78005707e+00,  8.47571519e+00,  2.87632693e+00,\n         2.44748923e+00,  5.74588353e-03,  4.36051723e-01]]), array([0.35912727, 0.36413482, 0.37026049, 0.38823225, 0.39267706,\n       0.39329559, 0.39717693]))", "callback": [0.8665413044214607, 0.7710115158711544, 0.6212815704746293, 0.5653445471752263, 0.5418652096228114, 0.5265009102201883, 0.5180867069957017, 0.5019809799146011, 0.47065897956924085, 0.4203544435298776]}, "4": {"maxiter": 500, "fatol": 1e-05, "xatol": 1e-05, "duration": 0.24764013290405273, "fun": "0.1682562569293612", "nit": "348", "nfev": "549", "status": "0", "success": "True", "message": "Optimization terminated successfully.", "x": "[ 2.20369063  8.24064394  4.24766131  1.47777841 -1.47076014  0.08401501]", "final_simplex": "(array([[ 2.20369063,  8.24064394,  4.24766131,  1.47777841, -1.47076014,\n         0.08401501],\n       [ 2.20368959,  8.24064462,  4.2476645 ,  1.47777889, -1.47076418,\n         0.08401661],\n       [ 2.20369337,  8.24064576,  4.24766575,  1.4777771 , -1.47076737,\n         0.08401011],\n       [ 2.2036934 ,  8.2406344 ,  4.24765733,  1.47778363, -1.47076133,\n         0.08401334],\n       [ 2.20368719,  8.24064525,  4.24766905,  1.47777858, -1.47076601,\n         0.08401401],\n       [ 2.20369136,  8.24064132,  4.24765831,  1.47778716, -1.47076219,\n         0.08401217],\n       [ 2.20369307,  8.24064683,  4.24766653,  1.47778175, -1.47076258,\n         0.08401273]]), array([0.16825626, 0.16825626, 0.16825626, 0.16825626, 0.16825626,\n       0.16825626, 0.16825626]))", "callback": [0.8665413044214607, 0.7710115158711544, 0.6212815704746293, 0.5653445471752263, 0.5418652096228114, 0.5265009102201883, 0.5180867069957017, 0.5019809799146011, 0.47065897956924085, 0.4203544435298776, 0.3528088584556732, 0.32355550490758334, 0.31518615552260887, 0.3000658062887358, 0.2952676030453818, 0.28827544215563927, 0.26476096815526995, 0.24876072319588483, 0.2101712628559571, 0.18497667135405138, 0.1739045792859918, 0.17015719641190696, 0.16901784927565888, 0.1683721738093341, 0.16828176792496097, 0.16826054839585947, 0.16825728788742533, 0.16825643882986596, 0.16825632290399672, 0.16825626793685688, 0.16825626152939754, 0.16825625858258442, 0.1682562572569679, 0.16825625698709867, 0.1682562569377829]}, "5": {"maxiter": 500, "fatol": 1e-05, "xatol": 1e-10, "duration": 0.3672938346862793, "fun": "0.1682562569206204", "nit": "471", "nfev": "807", "status": "0", "success": "True", "message": "Optimization terminated successfully.", "x": "[ 2.20368951  8.24063971  4.24765426  1.47777996 -1.47075868  0.08400925]", "final_simplex": "(array([[ 2.20368951,  8.24063971,  4.24765426,  1.47777996, -1.47075868,\n         0.08400925],\n       [ 2.20368951,  8.24063971,  4.24765426,  1.47777996, -1.47075868,\n         0.08400925],\n       [ 2.20368951,  8.24063971,  4.24765426,  1.47777996, -1.47075868,\n         0.08400925],\n       [ 2.20368951,  8.24063971,  4.24765426,  1.47777996, -1.47075868,\n         0.08400925],\n       [ 2.20368951,  8.24063971,  4.24765426,  1.47777996, -1.47075868,\n         0.08400925],\n       [ 2.20368951,  8.24063971,  4.24765426,  1.47777996, -1.47075868,\n         0.08400925],\n       [ 2.20368951,  8.24063971,  4.24765426,  1.47777996, -1.47075868,\n         0.08400925]]), array([0.16825626, 0.16825626, 0.16825626, 0.16825626, 0.16825626,\n       0.16825626, 0.16825626]))", "callback": [0.8665413044214607, 0.7710115158711544, 0.6212815704746293, 0.5653445471752263, 0.5418652096228114, 0.5265009102201883, 0.5180867069957017, 0.5019809799146011, 0.47065897956924085, 0.4203544435298776, 0.3528088584556732, 0.32355550490758334, 0.31518615552260887, 0.3000658062887358, 0.2952676030453818, 0.28827544215563927, 0.26476096815526995, 0.24876072319588483, 0.2101712628559571, 0.18497667135405138, 0.1739045792859918, 0.17015719641190696, 0.16901784927565888, 0.1683721738093341, 0.16828176792496097, 0.16826054839585947, 0.16825728788742533, 0.16825643882986596, 0.16825632290399672, 0.16825626793685688, 0.16825626152939754, 0.16825625858258442, 0.1682562572569679, 0.16825625698709867, 0.1682562569377829, 0.1682562569279299, 0.1682562569245315, 0.16825625692191648, 0.16825625692085455, 0.1682562569207866, 0.16825625692065105, 0.1682562569206375, 0.1682562569206263, 0.1682562569206213, 0.16825625692062063, 0.1682562569206204, 0.1682562569206204, 0.1682562569206204]}, "6": {"maxiter": 500, "fatol": 1e-10, "xatol": 1e-05, "duration": 0.24739313125610352, "fun": "0.1682562569293612", "nit": "348", "nfev": "549", "status": "0", "success": "True", "message": "Optimization terminated successfully.", "x": "[ 2.20369063  8.24064394  4.24766131  1.47777841 -1.47076014  0.08401501]", "final_simplex": "(array([[ 2.20369063,  8.24064394,  4.24766131,  1.47777841, -1.47076014,\n         0.08401501],\n       [ 2.20368959,  8.24064462,  4.2476645 ,  1.47777889, -1.47076418,\n         0.08401661],\n       [ 2.20369337,  8.24064576,  4.24766575,  1.4777771 , -1.47076737,\n         0.08401011],\n       [ 2.2036934 ,  8.2406344 ,  4.24765733,  1.47778363, -1.47076133,\n         0.08401334],\n       [ 2.20368719,  8.24064525,  4.24766905,  1.47777858, -1.47076601,\n         0.08401401],\n       [ 2.20369136,  8.24064132,  4.24765831,  1.47778716, -1.47076219,\n         0.08401217],\n       [ 2.20369307,  8.24064683,  4.24766653,  1.47778175, -1.47076258,\n         0.08401273]]), array([0.16825626, 0.16825626, 0.16825626, 0.16825626, 0.16825626,\n       0.16825626, 0.16825626]))", "callback": [0.8665413044214607, 0.7710115158711544, 0.6212815704746293, 0.5653445471752263, 0.5418652096228114, 0.5265009102201883, 0.5180867069957017, 0.5019809799146011, 0.47065897956924085, 0.4203544435298776, 0.3528088584556732, 0.32355550490758334, 0.31518615552260887, 0.3000658062887358, 0.2952676030453818, 0.28827544215563927, 0.26476096815526995, 0.24876072319588483, 0.2101712628559571, 0.18497667135405138, 0.1739045792859918, 0.17015719641190696, 0.16901784927565888, 0.1683721738093341, 0.16828176792496097, 0.16826054839585947, 0.16825728788742533, 0.16825643882986596, 0.16825632290399672, 0.16825626793685688, 0.16825626152939754, 0.16825625858258442, 0.1682562572569679, 0.16825625698709867, 0.1682562569377829]}, "7": {"maxiter": 500, "fatol": 1e-10, "xatol": 1e-10, "duration": 0.38427305221557617, "fun": "0.1682562569206204", "nit": "471", "nfev": "807", "status": "0", "success": "True", "message": "Optimization terminated successfully.", "x": "[ 2.20368951  8.24063971  4.24765426  1.47777996 -1.47075868  0.08400925]", "final_simplex": "(array([[ 2.20368951,  8.24063971,  4.24765426,  1.47777996, -1.47075868,\n         0.08400925],\n       [ 2.20368951,  8.24063971,  4.24765426,  1.47777996, -1.47075868,\n         0.08400925],\n       [ 2.20368951,  8.24063971,  4.24765426,  1.47777996, -1.47075868,\n         0.08400925],\n       [ 2.20368951,  8.24063971,  4.24765426,  1.47777996, -1.47075868,\n         0.08400925],\n       [ 2.20368951,  8.24063971,  4.24765426,  1.47777996, -1.47075868,\n         0.08400925],\n       [ 2.20368951,  8.24063971,  4.24765426,  1.47777996, -1.47075868,\n         0.08400925],\n       [ 2.20368951,  8.24063971,  4.24765426,  1.47777996, -1.47075868,\n         0.08400925]]), array([0.16825626, 0.16825626, 0.16825626, 0.16825626, 0.16825626,\n       0.16825626, 0.16825626]))", "callback": [0.8665413044214607, 0.7710115158711544, 0.6212815704746293, 0.5653445471752263, 0.5418652096228114, 0.5265009102201883, 0.5180867069957017, 0.5019809799146011, 0.47065897956924085, 0.4203544435298776, 0.3528088584556732, 0.32355550490758334, 0.31518615552260887, 0.3000658062887358, 0.2952676030453818, 0.28827544215563927, 0.26476096815526995, 0.24876072319588483, 0.2101712628559571, 0.18497667135405138, 0.1739045792859918, 0.17015719641190696, 0.16901784927565888, 0.1683721738093341, 0.16828176792496097, 0.16826054839585947, 0.16825728788742533, 0.16825643882986596, 0.16825632290399672, 0.16825626793685688, 0.16825626152939754, 0.16825625858258442, 0.1682562572569679, 0.16825625698709867, 0.1682562569377829, 0.1682562569279299, 0.1682562569245315, 0.16825625692191648, 0.16825625692085455, 0.1682562569207866, 0.16825625692065105, 0.1682562569206375, 0.1682562569206263, 0.1682562569206213, 0.16825625692062063, 0.1682562569206204, 0.1682562569206204, 0.1682562569206204]}, "8": {"maxiter": 1000, "fatol": 1e-05, "xatol": 1e-05, "duration": 0.24090909957885742, "fun": "0.1682562569293612", "nit": "348", "nfev": "549", "status": "0", "success": "True", "message": "Optimization terminated successfully.", "x": "[ 2.20369063  8.24064394  4.24766131  1.47777841 -1.47076014  0.08401501]", "final_simplex": "(array([[ 2.20369063,  8.24064394,  4.24766131,  1.47777841, -1.47076014,\n         0.08401501],\n       [ 2.20368959,  8.24064462,  4.2476645 ,  1.47777889, -1.47076418,\n         0.08401661],\n       [ 2.20369337,  8.24064576,  4.24766575,  1.4777771 , -1.47076737,\n         0.08401011],\n       [ 2.2036934 ,  8.2406344 ,  4.24765733,  1.47778363, -1.47076133,\n         0.08401334],\n       [ 2.20368719,  8.24064525,  4.24766905,  1.47777858, -1.47076601,\n         0.08401401],\n       [ 2.20369136,  8.24064132,  4.24765831,  1.47778716, -1.47076219,\n         0.08401217],\n       [ 2.20369307,  8.24064683,  4.24766653,  1.47778175, -1.47076258,\n         0.08401273]]), array([0.16825626, 0.16825626, 0.16825626, 0.16825626, 0.16825626,\n       0.16825626, 0.16825626]))", "callback": [0.8665413044214607, 0.7710115158711544, 0.6212815704746293, 0.5653445471752263, 0.5418652096228114, 0.5265009102201883, 0.5180867069957017, 0.5019809799146011, 0.47065897956924085, 0.4203544435298776, 0.3528088584556732, 0.32355550490758334, 0.31518615552260887, 0.3000658062887358, 0.2952676030453818, 0.28827544215563927, 0.26476096815526995, 0.24876072319588483, 0.2101712628559571, 0.18497667135405138, 0.1739045792859918, 0.17015719641190696, 0.16901784927565888, 0.1683721738093341, 0.16828176792496097, 0.16826054839585947, 0.16825728788742533, 0.16825643882986596, 0.16825632290399672, 0.16825626793685688, 0.16825626152939754, 0.16825625858258442, 0.1682562572569679, 0.16825625698709867, 0.1682562569377829]}, "9": {"maxiter": 1000, "fatol": 1e-05, "xatol": 1e-10, "duration": 0.36084985733032227, "fun": "0.1682562569206204", "nit": "471", "nfev": "807", "status": "0", "success": "True", "message": "Optimization terminated successfully.", "x": "[ 2.20368951  8.24063971  4.24765426  1.47777996 -1.47075868  0.08400925]", "final_simplex": "(array([[ 2.20368951,  8.24063971,  4.24765426,  1.47777996, -1.47075868,\n         0.08400925],\n       [ 2.20368951,  8.24063971,  4.24765426,  1.47777996, -1.47075868,\n         0.08400925],\n       [ 2.20368951,  8.24063971,  4.24765426,  1.47777996, -1.47075868,\n         0.08400925],\n       [ 2.20368951,  8.24063971,  4.24765426,  1.47777996, -1.47075868,\n         0.08400925],\n       [ 2.20368951,  8.24063971,  4.24765426,  1.47777996, -1.47075868,\n         0.08400925],\n       [ 2.20368951,  8.24063971,  4.24765426,  1.47777996, -1.47075868,\n         0.08400925],\n       [ 2.20368951,  8.24063971,  4.24765426,  1.47777996, -1.47075868,\n         0.08400925]]), array([0.16825626, 0.16825626, 0.16825626, 0.16825626, 0.16825626,\n       0.16825626, 0.16825626]))", "callback": [0.8665413044214607, 0.7710115158711544, 0.6212815704746293, 0.5653445471752263, 0.5418652096228114, 0.5265009102201883, 0.5180867069957017, 0.5019809799146011, 0.47065897956924085, 0.4203544435298776, 0.3528088584556732, 0.32355550490758334, 0.31518615552260887, 0.3000658062887358, 0.2952676030453818, 0.28827544215563927, 0.26476096815526995, 0.24876072319588483, 0.2101712628559571, 0.18497667135405138, 0.1739045792859918, 0.17015719641190696, 0.16901784927565888, 0.1683721738093341, 0.16828176792496097, 0.16826054839585947, 0.16825728788742533, 0.16825643882986596, 0.16825632290399672, 0.16825626793685688, 0.16825626152939754, 0.16825625858258442, 0.1682562572569679, 0.16825625698709867, 0.1682562569377829, 0.1682562569279299, 0.1682562569245315, 0.16825625692191648, 0.16825625692085455, 0.1682562569207866, 0.16825625692065105, 0.1682562569206375, 0.1682562569206263, 0.1682562569206213, 0.16825625692062063, 0.1682562569206204, 0.1682562569206204, 0.1682562569206204]}, "10": {"maxiter": 1000, "fatol": 1e-10, "xatol": 1e-05, "duration": 0.24271512031555176, "fun": "0.1682562569293612", "nit": "348", "nfev": "549", "status": "0", "success": "True", "message": "Optimization terminated successfully.", "x": "[ 2.20369063  8.24064394  4.24766131  1.47777841 -1.47076014  0.08401501]", "final_simplex": "(array([[ 2.20369063,  8.24064394,  4.24766131,  1.47777841, -1.47076014,\n         0.08401501],\n       [ 2.20368959,  8.24064462,  4.2476645 ,  1.47777889, -1.47076418,\n         0.08401661],\n       [ 2.20369337,  8.24064576,  4.24766575,  1.4777771 , -1.47076737,\n         0.08401011],\n       [ 2.2036934 ,  8.2406344 ,  4.24765733,  1.47778363, -1.47076133,\n         0.08401334],\n       [ 2.20368719,  8.24064525,  4.24766905,  1.47777858, -1.47076601,\n         0.08401401],\n       [ 2.20369136,  8.24064132,  4.24765831,  1.47778716, -1.47076219,\n         0.08401217],\n       [ 2.20369307,  8.24064683,  4.24766653,  1.47778175, -1.47076258,\n         0.08401273]]), array([0.16825626, 0.16825626, 0.16825626, 0.16825626, 0.16825626,\n       0.16825626, 0.16825626]))", "callback": [0.8665413044214607, 0.7710115158711544, 0.6212815704746293, 0.5653445471752263, 0.5418652096228114, 0.5265009102201883, 0.5180867069957017, 0.5019809799146011, 0.47065897956924085, 0.4203544435298776, 0.3528088584556732, 0.32355550490758334, 0.31518615552260887, 0.3000658062887358, 0.2952676030453818, 0.28827544215563927, 0.26476096815526995, 0.24876072319588483, 0.2101712628559571, 0.18497667135405138, 0.1739045792859918, 0.17015719641190696, 0.16901784927565888, 0.1683721738093341, 0.16828176792496097, 0.16826054839585947, 0.16825728788742533, 0.16825643882986596, 0.16825632290399672, 0.16825626793685688, 0.16825626152939754, 0.16825625858258442, 0.1682562572569679, 0.16825625698709867, 0.1682562569377829]}, "11": {"maxiter": 1000, "fatol": 1e-10, "xatol": 1e-10, "duration": 0.32802581787109375, "fun": "0.1682562569206204", "nit": "471", "nfev": "807", "status": "0", "success": "True", "message": "Optimization terminated successfully.", "x": "[ 2.20368951  8.24063971  4.24765426  1.47777996 -1.47075868  0.08400925]", "final_simplex": "(array([[ 2.20368951,  8.24063971,  4.24765426,  1.47777996, -1.47075868,\n         0.08400925],\n       [ 2.20368951,  8.24063971,  4.24765426,  1.47777996, -1.47075868,\n         0.08400925],\n       [ 2.20368951,  8.24063971,  4.24765426,  1.47777996, -1.47075868,\n         0.08400925],\n       [ 2.20368951,  8.24063971,  4.24765426,  1.47777996, -1.47075868,\n         0.08400925],\n       [ 2.20368951,  8.24063971,  4.24765426,  1.47777996, -1.47075868,\n         0.08400925],\n       [ 2.20368951,  8.24063971,  4.24765426,  1.47777996, -1.47075868,\n         0.08400925],\n       [ 2.20368951,  8.24063971,  4.24765426,  1.47777996, -1.47075868,\n         0.08400925]]), array([0.16825626, 0.16825626, 0.16825626, 0.16825626, 0.16825626,\n       0.16825626, 0.16825626]))", "callback": [0.8665413044214607, 0.7710115158711544, 0.6212815704746293, 0.5653445471752263, 0.5418652096228114, 0.5265009102201883, 0.5180867069957017, 0.5019809799146011, 0.47065897956924085, 0.4203544435298776, 0.3528088584556732, 0.32355550490758334, 0.31518615552260887, 0.3000658062887358, 0.2952676030453818, 0.28827544215563927, 0.26476096815526995, 0.24876072319588483, 0.2101712628559571, 0.18497667135405138, 0.1739045792859918, 0.17015719641190696, 0.16901784927565888, 0.1683721738093341, 0.16828176792496097, 0.16826054839585947, 0.16825728788742533, 0.16825643882986596, 0.16825632290399672, 0.16825626793685688, 0.16825626152939754, 0.16825625858258442, 0.1682562572569679, 0.16825625698709867, 0.1682562569377829, 0.1682562569279299, 0.1682562569245315, 0.16825625692191648, 0.16825625692085455, 0.1682562569207866, 0.16825625692065105, 0.1682562569206375, 0.1682562569206263, 0.1682562569206213, 0.16825625692062063, 0.1682562569206204, 0.1682562569206204, 0.1682562569206204]}}, "bfgs": {"type": "gradient", "0": {"maxiter": 100, "gtol": 1e-05, "xrtol": 1e-05, "eps": 1e-05, "duration": 0.07560300827026367, "fun": "0.16825625694039525", "jac": "[1.07689413e-06 1.62769798e-07 2.70072853e-07 5.68323166e-07\n 3.26760841e-07 2.18414176e-07]", "hess_inv": "[[ 2.70997512 -1.29053185 -0.71389149  0.07009812  0.36696423 -0.10615484]\n [-1.29053185  8.05671879  5.44020232 -1.06639195 -2.56177157  0.50707165]\n [-0.71389149  5.44020232  9.3551927  -2.38518894 -5.14683532  1.77619137]\n [ 0.07009812 -1.06639195 -2.38518894  2.91154159  1.33481246 -0.56592952]\n [ 0.36696423 -2.56177157 -5.14683532  1.33481246  5.30738713 -1.19146462]\n [-0.10615484  0.50707165  1.77619137 -0.56592952 -1.19146462  2.77285807]]", "nfev": "182", "njev": "26", "status": "0", "success": "True", "message": "Optimization terminated successfully.", "x": "[ 2.20368896  8.24062864  4.24764305  1.47777897 -1.47075706  0.08400358]", "nit": "22", "callback": [0.8391048947898504, 0.794818009017913, 0.7032026970758201, 0.5999132805629215, 0.46761570262523466, 0.3546793334430589, 0.2982711568041242, 0.27045767503176943, 0.24998585396969308, 0.23081755478238897, 0.20220291687923564, 0.18122949241277575, 0.17173444545391214, 0.1693662860325048, 0.16885958565392156, 0.16835899608127491, 0.1682768132866046, 0.1682599135493945, 0.16825702495675332, 0.16825628838903195, 0.16825625752997253, 0.16825625694039525]}, "1": {"maxiter": 100, "gtol": 1e-05, "xrtol": 1e-05, "eps": 1e-10, "duration": 0.0800638198852539, "fun": "0.16825625693721213", "jac": "[-5.55111466e-06 -3.33066880e-06 -3.33066880e-06 -1.11022293e-06\n -3.33066880e-06 -1.11022309e-06]", "hess_inv": "[[ 2.74042443 -1.31312448 -0.7366513   0.1226895   0.38893952 -0.17437074]\n [-1.31312448  7.94300885  5.36520953 -1.05116793 -2.55648491  0.48463495]\n [-0.7366513   5.36520953  9.30466518 -2.37025984 -5.14877403  1.75366676]\n [ 0.1226895  -1.05116793 -2.37025984  2.91128213  1.38443481 -0.55519605]\n [ 0.38893952 -2.55648491 -5.14877403  1.38443481  5.31382819 -1.25232467]\n [-0.17437074  0.48463495  1.75366676 -0.55519605 -1.25232467  2.7600568 ]]", "nfev": "182", "njev": "26", "status": "0", "success": "True", "message": "Optimization terminated successfully.", "x": "[ 2.20368807  8.24063111  4.24764146  1.47778335 -1.47075751  0.08400837]", "nit": "22", "callback": [0.8391051405223693, 0.7948205336256133, 0.7032244008090134, 0.5999107430228083, 0.4676091098213997, 0.35486042934426676, 0.29831633392224133, 0.2704975090346672, 0.24999844283981743, 0.23085279418925975, 0.20225490619506648, 0.181254781454796, 0.17175625189093513, 0.1693667265516281, 0.16886015286553913, 0.16835953900029466, 0.1682769119493459, 0.16825992501916887, 0.1682570325237297, 0.16825628756144206, 0.16825625770964803, 0.16825625693721213]}, "2": {"maxiter": 100, "gtol": 1e-05, "xrtol": 1e-10, "eps": 1e-05, "duration": 0.07403111457824707, "fun": "0.16825625694039525", "jac": "[1.07689413e-06 1.62769798e-07 2.70072853e-07 5.68323166e-07\n 3.26760841e-07 2.18414176e-07]", "hess_inv": "[[ 2.70997512 -1.29053185 -0.71389149  0.07009812  0.36696423 -0.10615484]\n [-1.29053185  8.05671879  5.44020232 -1.06639195 -2.56177157  0.50707165]\n [-0.71389149  5.44020232  9.3551927  -2.38518894 -5.14683532  1.77619137]\n [ 0.07009812 -1.06639195 -2.38518894  2.91154159  1.33481246 -0.56592952]\n [ 0.36696423 -2.56177157 -5.14683532  1.33481246  5.30738713 -1.19146462]\n [-0.10615484  0.50707165  1.77619137 -0.56592952 -1.19146462  2.77285807]]", "nfev": "182", "njev": "26", "status": "0", "success": "True", "message": "Optimization terminated successfully.", "x": "[ 2.20368896  8.24062864  4.24764305  1.47777897 -1.47075706  0.08400358]", "nit": "22", "callback": [0.8391048947898504, 0.794818009017913, 0.7032026970758201, 0.5999132805629215, 0.46761570262523466, 0.3546793334430589, 0.2982711568041242, 0.27045767503176943, 0.24998585396969308, 0.23081755478238897, 0.20220291687923564, 0.18122949241277575, 0.17173444545391214, 0.1693662860325048, 0.16885958565392156, 0.16835899608127491, 0.1682768132866046, 0.1682599135493945, 0.16825702495675332, 0.16825628838903195, 0.16825625752997253, 0.16825625694039525]}, "3": {"maxiter": 100, "gtol": 1e-05, "xrtol": 1e-10, "eps": 1e-10, "duration": 0.0662989616394043, "fun": "0.16825625693721213", "jac": "[-5.55111466e-06 -3.33066880e-06 -3.33066880e-06 -1.11022293e-06\n -3.33066880e-06 -1.11022309e-06]", "hess_inv": "[[ 2.74042443 -1.31312448 -0.7366513   0.1226895   0.38893952 -0.17437074]\n [-1.31312448  7.94300885  5.36520953 -1.05116793 -2.55648491  0.48463495]\n [-0.7366513   5.36520953  9.30466518 -2.37025984 -5.14877403  1.75366676]\n [ 0.1226895  -1.05116793 -2.37025984  2.91128213  1.38443481 -0.55519605]\n [ 0.38893952 -2.55648491 -5.14877403  1.38443481  5.31382819 -1.25232467]\n [-0.17437074  0.48463495  1.75366676 -0.55519605 -1.25232467  2.7600568 ]]", "nfev": "182", "njev": "26", "status": "0", "success": "True", "message": "Optimization terminated successfully.", "x": "[ 2.20368807  8.24063111  4.24764146  1.47778335 -1.47075751  0.08400837]", "nit": "22", "callback": [0.8391051405223693, 0.7948205336256133, 0.7032244008090134, 0.5999107430228083, 0.4676091098213997, 0.35486042934426676, 0.29831633392224133, 0.2704975090346672, 0.24999844283981743, 0.23085279418925975, 0.20225490619506648, 0.181254781454796, 0.17175625189093513, 0.1693667265516281, 0.16886015286553913, 0.16835953900029466, 0.1682769119493459, 0.16825992501916887, 0.1682570325237297, 0.16825628756144206, 0.16825625770964803, 0.16825625693721213]}, "4": {"maxiter": 100, "gtol": 1e-10, "xrtol": 1e-05, "eps": 1e-05, "duration": 0.08063006401062012, "fun": "0.16825625694039525", "jac": "[1.07689413e-06 1.62769798e-07 2.70072853e-07 5.68323166e-07\n 3.26760841e-07 2.18414176e-07]", "hess_inv": "[[ 2.70997512 -1.29053185 -0.71389149  0.07009812  0.36696423 -0.10615484]\n [-1.29053185  8.05671879  5.44020232 -1.06639195 -2.56177157  0.50707165]\n [-0.71389149  5.44020232  9.3551927  -2.38518894 -5.14683532  1.77619137]\n [ 0.07009812 -1.06639195 -2.38518894  2.91154159  1.33481246 -0.56592952]\n [ 0.36696423 -2.56177157 -5.14683532  1.33481246  5.30738713 -1.19146462]\n [-0.10615484  0.50707165  1.77619137 -0.56592952 -1.19146462  2.77285807]]", "nfev": "182", "njev": "26", "status": "0", "success": "True", "message": "Optimization terminated successfully.", "x": "[ 2.20368896  8.24062864  4.24764305  1.47777897 -1.47075706  0.08400358]", "nit": "22", "callback": [0.8391048947898504, 0.794818009017913, 0.7032026970758201, 0.5999132805629215, 0.46761570262523466, 0.3546793334430589, 0.2982711568041242, 0.27045767503176943, 0.24998585396969308, 0.23081755478238897, 0.20220291687923564, 0.18122949241277575, 0.17173444545391214, 0.1693662860325048, 0.16885958565392156, 0.16835899608127491, 0.1682768132866046, 0.1682599135493945, 0.16825702495675332, 0.16825628838903195, 0.16825625752997253, 0.16825625694039525]}, "5": {"maxiter": 100, "gtol": 1e-10, "xrtol": 1e-05, "eps": 1e-10, "duration": 0.07239603996276855, "fun": "0.16825625693721213", "jac": "[-5.55111466e-06 -3.33066880e-06 -3.33066880e-06 -1.11022293e-06\n -3.33066880e-06 -1.11022309e-06]", "hess_inv": "[[ 2.74042443 -1.31312448 -0.7366513   0.1226895   0.38893952 -0.17437074]\n [-1.31312448  7.94300885  5.36520953 -1.05116793 -2.55648491  0.48463495]\n [-0.7366513   5.36520953  9.30466518 -2.37025984 -5.14877403  1.75366676]\n [ 0.1226895  -1.05116793 -2.37025984  2.91128213  1.38443481 -0.55519605]\n [ 0.38893952 -2.55648491 -5.14877403  1.38443481  5.31382819 -1.25232467]\n [-0.17437074  0.48463495  1.75366676 -0.55519605 -1.25232467  2.7600568 ]]", "nfev": "182", "njev": "26", "status": "0", "success": "True", "message": "Optimization terminated successfully.", "x": "[ 2.20368807  8.24063111  4.24764146  1.47778335 -1.47075751  0.08400837]", "nit": "22", "callback": [0.8391051405223693, 0.7948205336256133, 0.7032244008090134, 0.5999107430228083, 0.4676091098213997, 0.35486042934426676, 0.29831633392224133, 0.2704975090346672, 0.24999844283981743, 0.23085279418925975, 0.20225490619506648, 0.181254781454796, 0.17175625189093513, 0.1693667265516281, 0.16886015286553913, 0.16835953900029466, 0.1682769119493459, 0.16825992501916887, 0.1682570325237297, 0.16825628756144206, 0.16825625770964803, 0.16825625693721213]}, "6": {"maxiter": 100, "gtol": 1e-10, "xrtol": 1e-10, "eps": 1e-05, "duration": 0.17044830322265625, "fun": "0.16825625694039525", "jac": "[1.07689413e-06 1.62769798e-07 2.70072853e-07 5.68323166e-07\n 3.26760841e-07 2.18414176e-07]", "hess_inv": "[[ 2.82822119 -1.33770685 -0.74954719  0.15112439  0.42515228 -0.13535537]\n [-1.33770685  8.01016146  5.40795889 -1.06403686 -2.55663073  0.46031274]\n [-0.74954719  5.40795889  9.33291604 -2.38497137 -5.14422724  1.74348159]\n [ 0.15112439 -1.06403686 -2.38497137  2.94866639  1.35964331 -0.55495477]\n [ 0.42515228 -2.55663073 -5.14422724  1.35964331  5.32372298 -1.18050141]\n [-0.13535537  0.46031274  1.74348159 -0.55495477 -1.18050141  2.7278869 ]]", "nfev": "396", "njev": "55", "status": "2", "success": "False", "message": "Desired error not necessarily achieved due to precision loss.", "x": "[ 2.20368896  8.24062864  4.24764305  1.47777897 -1.47075706  0.08400358]", "nit": "22", "callback": [0.8391048947898504, 0.794818009017913, 0.7032026970758201, 0.5999132805629215, 0.46761570262523466, 0.3546793334430589, 0.2982711568041242, 0.27045767503176943, 0.24998585396969308, 0.23081755478238897, 0.20220291687923564, 0.18122949241277575, 0.17173444545391214, 0.1693662860325048, 0.16885958565392156, 0.16835899608127491, 0.1682768132866046, 0.1682599135493945, 0.16825702495675332, 0.16825628838903195, 0.16825625752997253, 0.16825625694039525]}, "7": {"maxiter": 100, "gtol": 1e-10, "xrtol": 1e-10, "eps": 1e-10, "duration": 0.18167901039123535, "fun": "0.16825625692512236", "jac": "[0.00000000e+00 3.33066880e-06 1.11022293e-06 0.00000000e+00\n 1.11022293e-06 0.00000000e+00]", "hess_inv": "[[ 2.52926007 -0.53916834 -2.19466786 -3.07253311  2.34966849  0.69922587]\n [-0.53916834  0.15415855  0.45959148  0.63189613 -0.48787788 -0.15214111]\n [-2.19466786  0.45959148  1.92957877  2.67657276 -2.04161577 -0.61828019]\n [-3.07253311  0.63189613  2.67657276  3.76412678 -2.86217292 -0.8587005 ]\n [ 2.34966849 -0.48787788 -2.04161577 -2.86217292  2.18727134  0.6486207 ]\n [ 0.69922587 -0.15214111 -0.61828019 -0.8587005   0.6486207   0.20836654]]", "nfev": "448", "njev": "64", "status": "0", "success": "True", "message": "Optimization terminated successfully.", "x": "[ 2.20369042  8.24064414  4.24765372  1.47778229 -1.47075839  0.08401046]", "nit": "33", "callback": [0.8391051405223693, 0.7948205336256133, 0.7032244008090134, 0.5999107430228083, 0.4676091098213997, 0.35486042934426676, 0.29831633392224133, 0.2704975090346672, 0.24999844283981743, 0.23085279418925975, 0.20225490619506648, 0.181254781454796, 0.17175625189093513, 0.1693667265516281, 0.16886015286553913, 0.16835953900029466, 0.1682769119493459, 0.16825992501916887, 0.1682570325237297, 0.16825628756144206, 0.16825625770964803, 0.16825625693721213, 0.16825625692788115, 0.16825625692588175, 0.16825625692574053, 0.16825625692564505, 0.16825625692553203, 0.1682562569253102, 0.16825625692529222, 0.1682562569252921, 0.16825625692512902, 0.16825625692512236, 0.16825625692512236]}, "8": {"maxiter": 500, "gtol": 1e-05, "xrtol": 1e-05, "eps": 1e-05, "duration": 0.07910394668579102, "fun": "0.16825625694039525", "jac": "[1.07689413e-06 1.62769798e-07 2.70072853e-07 5.68323166e-07\n 3.26760841e-07 2.18414176e-07]", "hess_inv": "[[ 2.70997512 -1.29053185 -0.71389149  0.07009812  0.36696423 -0.10615484]\n [-1.29053185  8.05671879  5.44020232 -1.06639195 -2.56177157  0.50707165]\n [-0.71389149  5.44020232  9.3551927  -2.38518894 -5.14683532  1.77619137]\n [ 0.07009812 -1.06639195 -2.38518894  2.91154159  1.33481246 -0.56592952]\n [ 0.36696423 -2.56177157 -5.14683532  1.33481246  5.30738713 -1.19146462]\n [-0.10615484  0.50707165  1.77619137 -0.56592952 -1.19146462  2.77285807]]", "nfev": "182", "njev": "26", "status": "0", "success": "True", "message": "Optimization terminated successfully.", "x": "[ 2.20368896  8.24062864  4.24764305  1.47777897 -1.47075706  0.08400358]", "nit": "22", "callback": [0.8391048947898504, 0.794818009017913, 0.7032026970758201, 0.5999132805629215, 0.46761570262523466, 0.3546793334430589, 0.2982711568041242, 0.27045767503176943, 0.24998585396969308, 0.23081755478238897, 0.20220291687923564, 0.18122949241277575, 0.17173444545391214, 0.1693662860325048, 0.16885958565392156, 0.16835899608127491, 0.1682768132866046, 0.1682599135493945, 0.16825702495675332, 0.16825628838903195, 0.16825625752997253, 0.16825625694039525]}, "9": {"maxiter": 500, "gtol": 1e-05, "xrtol": 1e-05, "eps": 1e-10, "duration": 0.07968425750732422, "fun": "0.16825625693721213", "jac": "[-5.55111466e-06 -3.33066880e-06 -3.33066880e-06 -1.11022293e-06\n -3.33066880e-06 -1.11022309e-06]", "hess_inv": "[[ 2.74042443 -1.31312448 -0.7366513   0.1226895   0.38893952 -0.17437074]\n [-1.31312448  7.94300885  5.36520953 -1.05116793 -2.55648491  0.48463495]\n [-0.7366513   5.36520953  9.30466518 -2.37025984 -5.14877403  1.75366676]\n [ 0.1226895  -1.05116793 -2.37025984  2.91128213  1.38443481 -0.55519605]\n [ 0.38893952 -2.55648491 -5.14877403  1.38443481  5.31382819 -1.25232467]\n [-0.17437074  0.48463495  1.75366676 -0.55519605 -1.25232467  2.7600568 ]]", "nfev": "182", "njev": "26", "status": "0", "success": "True", "message": "Optimization terminated successfully.", "x": "[ 2.20368807  8.24063111  4.24764146  1.47778335 -1.47075751  0.08400837]", "nit": "22", "callback": [0.8391051405223693, 0.7948205336256133, 0.7032244008090134, 0.5999107430228083, 0.4676091098213997, 0.35486042934426676, 0.29831633392224133, 0.2704975090346672, 0.24999844283981743, 0.23085279418925975, 0.20225490619506648, 0.181254781454796, 0.17175625189093513, 0.1693667265516281, 0.16886015286553913, 0.16835953900029466, 0.1682769119493459, 0.16825992501916887, 0.1682570325237297, 0.16825628756144206, 0.16825625770964803, 0.16825625693721213]}, "10": {"maxiter": 500, "gtol": 1e-05, "xrtol": 1e-10, "eps": 1e-05, "duration": 0.07662200927734375, "fun": "0.16825625694039525", "jac": "[1.07689413e-06 1.62769798e-07 2.70072853e-07 5.68323166e-07\n 3.26760841e-07 2.18414176e-07]", "hess_inv": "[[ 2.70997512 -1.29053185 -0.71389149  0.07009812  0.36696423 -0.10615484]\n [-1.29053185  8.05671879  5.44020232 -1.06639195 -2.56177157  0.50707165]\n [-0.71389149  5.44020232  9.3551927  -2.38518894 -5.14683532  1.77619137]\n [ 0.07009812 -1.06639195 -2.38518894  2.91154159  1.33481246 -0.56592952]\n [ 0.36696423 -2.56177157 -5.14683532  1.33481246  5.30738713 -1.19146462]\n [-0.10615484  0.50707165  1.77619137 -0.56592952 -1.19146462  2.77285807]]", "nfev": "182", "njev": "26", "status": "0", "success": "True", "message": "Optimization terminated successfully.", "x": "[ 2.20368896  8.24062864  4.24764305  1.47777897 -1.47075706  0.08400358]", "nit": "22", "callback": [0.8391048947898504, 0.794818009017913, 0.7032026970758201, 0.5999132805629215, 0.46761570262523466, 0.3546793334430589, 0.2982711568041242, 0.27045767503176943, 0.24998585396969308, 0.23081755478238897, 0.20220291687923564, 0.18122949241277575, 0.17173444545391214, 0.1693662860325048, 0.16885958565392156, 0.16835899608127491, 0.1682768132866046, 0.1682599135493945, 0.16825702495675332, 0.16825628838903195, 0.16825625752997253, 0.16825625694039525]}, "11": {"maxiter": 500, "gtol": 1e-05, "xrtol": 1e-10, "eps": 1e-10, "duration": 0.08204197883605957, "fun": "0.16825625693721213", "jac": "[-5.55111466e-06 -3.33066880e-06 -3.33066880e-06 -1.11022293e-06\n -3.33066880e-06 -1.11022309e-06]", "hess_inv": "[[ 2.74042443 -1.31312448 -0.7366513   0.1226895   0.38893952 -0.17437074]\n [-1.31312448  7.94300885  5.36520953 -1.05116793 -2.55648491  0.48463495]\n [-0.7366513   5.36520953  9.30466518 -2.37025984 -5.14877403  1.75366676]\n [ 0.1226895  -1.05116793 -2.37025984  2.91128213  1.38443481 -0.55519605]\n [ 0.38893952 -2.55648491 -5.14877403  1.38443481  5.31382819 -1.25232467]\n [-0.17437074  0.48463495  1.75366676 -0.55519605 -1.25232467  2.7600568 ]]", "nfev": "182", "njev": "26", "status": "0", "success": "True", "message": "Optimization terminated successfully.", "x": "[ 2.20368807  8.24063111  4.24764146  1.47778335 -1.47075751  0.08400837]", "nit": "22", "callback": [0.8391051405223693, 0.7948205336256133, 0.7032244008090134, 0.5999107430228083, 0.4676091098213997, 0.35486042934426676, 0.29831633392224133, 0.2704975090346672, 0.24999844283981743, 0.23085279418925975, 0.20225490619506648, 0.181254781454796, 0.17175625189093513, 0.1693667265516281, 0.16886015286553913, 0.16835953900029466, 0.1682769119493459, 0.16825992501916887, 0.1682570325237297, 0.16825628756144206, 0.16825625770964803, 0.16825625693721213]}, "12": {"maxiter": 500, "gtol": 1e-10, "xrtol": 1e-05, "eps": 1e-05, "duration": 0.07634139060974121, "fun": "0.16825625694039525", "jac": "[1.07689413e-06 1.62