{"date": "2024/10/26/, 20:41:15", "conf_id": 88, "data_type": "orthogonal\n", "num_data_points": 1, "s_rank": 0, "unitary": "[[-0.53618537-0.34368723j,-0.12107031-0.46226139j,-0.07699282-0.46603512j,0.36022595-0.11472301j],[0.26026499-0.63450712j,-0.56616638+0.37832564j,-0.14988651+0.08458591j,0.10363514-0.16008501j],[-0.32580188-0.11070003j,-0.36476308-0.23593218j,0.02559343+0.41761608j,-0.25598305+0.6725303j],[0.07406738-0.0126433j,0.28513701+0.19483972j,-0.74939717-0.10299659j,0.29798249+0.46269921j]]", "databatch_0": {"databatch": "[[[-0.00151955-0.20669363j,0.07499185-0.15669283j,0.02477301+0.1041425j,0.05416165-0.03537788j],[-0.08734966+0.10942425j,-0.03948997+0.11232024j,-0.12321475-0.02653367j,-0.15975924+0.05739236j],[0.11896375+0.21785312j,0.22233801-0.08971433j,0.14844846+0.50097931j,0.26890106+0.50022625j],[-0.07077679+0.19293427j,-0.17338999+0.1029195j,0.08460271-0.16123591j,-0.01670726-0.04475558j]]]", "initial param values": "[3.72299766,3.90701198,1.78368661,0.28461202,1.15767073,0.21376244]", "nelder_mead": {"type": "gradient-free", "0": {"maxiter": 100, "fatol": 1e-05, "xatol": 1e-05, "duration": 0.12513446807861328, "fun": "0.25796324559457595", "nit": "100", "nfev": "156", "status": "2", "success": "False", "message": "Maximum number of iterations has been exceeded.", "x": "[ 2.51937787  8.53024791  3.46209877 -1.58615359  2.01459123  1.17733153]", "final_simplex": "(array([[ 2.51937787,  8.53024791,  3.46209877, -1.58615359,  2.01459123,\n         1.17733153],\n       [ 2.54519664,  8.40102134,  3.17214012, -1.43989558,  1.88685319,\n         1.11233545],\n       [ 2.59620066,  8.75619678,  3.46239576, -1.62496928,  1.95504295,\n         1.20323861],\n       [ 2.34862916,  8.47559039,  3.25810413, -1.44608856,  1.9219265 ,\n         1.11448192],\n       [ 2.57286487,  8.65115956,  3.3805256 , -1.58568153,  2.02922135,\n         1.17500137],\n       [ 2.5094028 ,  8.46668647,  3.49129086, -1.49791508,  1.92218027,\n         1.12575269],\n       [ 2.57076381,  8.69942854,  3.5219468 , -1.64878936,  2.06993275,\n         1.19828883]]), array([0.25796325, 0.2607917 , 0.26154706, 0.26167802, 0.26389116,\n       0.26707017, 0.26715146]))", "callback": [0.8359719450255896, 0.7633145525596523, 0.7451314006837386, 0.7034498098222965, 0.5956283119200004, 0.43101636514045827, 0.35800351991602386, 0.31686169917062124, 0.2816299653758372, 0.2680624730748735]}, "1": {"maxiter": 100, "fatol": 1e-05, "xatol": 1e-10, "duration": 0.12343144416809082, "fun": "0.25796324559457595", "nit": "100", "nfev": "156", "status": "2", "success": "False", "message": "Maximum number of iterations has been exceeded.", "x": "[ 2.51937787  8.53024791  3.46209877 -1.58615359  2.01459123  1.17733153]", "final_simplex": "(array([[ 2.51937787,  8.53024791,  3.46209877, -1.58615359,  2.01459123,\n         1.17733153],\n       [ 2.54519664,  8.40102134,  3.17214012, -1.43989558,  1.88685319,\n         1.11233545],\n       [ 2.59620066,  8.75619678,  3.46239576, -1.62496928,  1.95504295,\n         1.20323861],\n       [ 2.34862916,  8.47559039,  3.25810413, -1.44608856,  1.9219265 ,\n         1.11448192],\n       [ 2.57286487,  8.65115956,  3.3805256 , -1.58568153,  2.02922135,\n         1.17500137],\n       [ 2.5094028 ,  8.46668647,  3.49129086, -1.49791508,  1.92218027,\n         1.12575269],\n       [ 2.57076381,  8.69942854,  3.5219468 , -1.64878936,  2.06993275,\n         1.19828883]]), array([0.25796325, 0.2607917 , 0.26154706, 0.26167802, 0.26389116,\n       0.26707017, 0.26715146]))", "callback": [0.8359719450255896, 0.7633145525596523, 0.7451314006837386, 0.7034498098222965, 0.5956283119200004, 0.43101636514045827, 0.35800351991602386, 0.31686169917062124, 0.2816299653758372, 0.2680624730748735]}, "2": {"maxiter": 100, "fatol": 1e-10, "xatol": 1e-05, "duration": 0.12027955055236816, "fun": "0.25796324559457595", "nit": "100", "nfev": "156", "status": "2", "success": "False", "message": "Maximum number of iterations has been exceeded.", "x": "[ 2.51937787  8.53024791  3.46209877 -1.58615359  2.01459123  1.17733153]", "final_simplex": "(array([[ 2.51937787,  8.53024791,  3.46209877, -1.58615359,  2.01459123,\n         1.17733153],\n       [ 2.54519664,  8.40102134,  3.17214012, -1.43989558,  1.88685319,\n         1.11233545],\n       [ 2.59620066,  8.75619678,  3.46239576, -1.62496928,  1.95504295,\n         1.20323861],\n       [ 2.34862916,  8.47559039,  3.25810413, -1.44608856,  1.9219265 ,\n         1.11448192],\n       [ 2.57286487,  8.65115956,  3.3805256 , -1.58568153,  2.02922135,\n         1.17500137],\n       [ 2.5094028 ,  8.46668647,  3.49129086, -1.49791508,  1.92218027,\n         1.12575269],\n       [ 2.57076381,  8.69942854,  3.5219468 , -1.64878936,  2.06993275,\n         1.19828883]]), array([0.25796325, 0.2607917 , 0.26154706, 0.26167802, 0.26389116,\n       0.26707017, 0.26715146]))", "callback": [0.8359719450255896, 0.7633145525596523, 0.7451314006837386, 0.7034498098222965, 0.5956283119200004, 0.43101636514045827, 0.35800351991602386, 0.31686169917062124, 0.2816299653758372, 0.2680624730748735]}, "3": {"maxiter": 100, "fatol": 1e-10, "xatol": 1e-10, "duration": 0.12071347236633301, "fun": "0.25796324559457595", "nit": "100", "nfev": "156", "status": "2", "success": "False", "message": "Maximum number of iterations has been exceeded.", "x": "[ 2.51937787  8.53024791  3.46209877 -1.58615359  2.01459123  1.17733153]", "final_simplex": "(array([[ 2.51937787,  8.53024791,  3.46209877, -1.58615359,  2.01459123,\n         1.17733153],\n       [ 2.54519664,  8.40102134,  3.17214012, -1.43989558,  1.88685319,\n         1.11233545],\n       [ 2.59620066,  8.75619678,  3.46239576, -1.62496928,  1.95504295,\n         1.20323861],\n       [ 2.34862916,  8.47559039,  3.25810413, -1.44608856,  1.9219265 ,\n         1.11448192],\n       [ 2.57286487,  8.65115956,  3.3805256 , -1.58568153,  2.02922135,\n         1.17500137],\n       [ 2.5094028 ,  8.46668647,  3.49129086, -1.49791508,  1.92218027,\n         1.12575269],\n       [ 2.57076381,  8.69942854,  3.5219468 , -1.64878936,  2.06993275,\n         1.19828883]]), array([0.25796325, 0.2607917 , 0.26154706, 0.26167802, 0.26389116,\n       0.26707017, 0.26715146]))", "callback": [0.8359719450255896, 0.7633145525596523, 0.7451314006837386, 0.7034498098222965, 0.5956283119200004, 0.43101636514045827, 0.35800351991602386, 0.31686169917062124, 0.2816299653758372, 0.2680624730748735]}, "4": {"maxiter": 500, "fatol": 1e-05, "xatol": 1e-05, "duration": 0.6113941669464111, "fun": "0.10032001549588765", "nit": "444", "nfev": "708", "status": "0", "success": "True", "message": "Optimization terminated successfully.", "x": "[ 2.40431176  7.35759513  2.33961602 -2.27645909  1.45774018  1.19263652]", "final_simplex": "(array([[ 2.40431176,  7.35759513,  2.33961602, -2.27645909,  1.45774018,\n         1.19263652],\n       [ 2.40431066,  7.35759953,  2.33961665, -2.27645467,  1.4577445 ,\n         1.19264395],\n       [ 2.40431377,  7.35759249,  2.33961452, -2.27645301,  1.45774473,\n         1.19263802],\n       [ 2.40430769,  7.35758663,  2.33960945, -2.27645849,  1.45774331,\n         1.19263508],\n       [ 2.40431086,  7.35759586,  2.33962341, -2.27645241,  1.45774848,\n         1.19264577],\n       [ 2.40430591,  7.35759808,  2.33961835, -2.27645387,  1.45773673,\n         1.19263069],\n       [ 2.40431073,  7.35759289,  2.33961   , -2.27645352,  1.45773393,\n         1.1926343 ]]), array([0.10032002, 0.10032002, 0.10032002, 0.10032002, 0.10032002,\n       0.10032002, 0.10032002]))", "callback": [0.8359719450255896, 0.7633145525596523, 0.7451314006837386, 0.7034498098222965, 0.5956283119200004, 0.43101636514045827, 0.35800351991602386, 0.31686169917062124, 0.2816299653758372, 0.2680624730748735, 0.2554747038516698, 0.23015312096613938, 0.1874325811279688, 0.13202094209958748, 0.12444267611021897, 0.12273188830465265, 0.1216039532454477, 0.12101119668518745, 0.12093489235757371, 0.12079775164274897, 0.12064894775148727, 0.1205163500189752, 0.11978378258162359, 0.11830969421348325, 0.11554861649607018, 0.10926157593349672, 0.10409504352247745, 0.10149773343509783, 0.1007362569166732, 0.10050012967084032, 0.10035541315159358, 0.10032922018374979, 0.10032325895585126, 0.1003214739021665, 0.10032055554057318, 0.10032017667343429, 0.10032010958638604, 0.10032005979955949, 0.10032002811013951, 0.10032002227610926, 0.10032001801569124, 0.10032001598617535, 0.10032001559610282, 0.10032001552458059, 0.10032001550444569]}, "5": {"maxiter": 500, "fatol": 1e-05, "xatol": 1e-10, "duration": 0.6736664772033691, "fun": "0.10032001549374447", "nit": "500", "nfev": "800", "status": "2", "success": "False", "message": "Maximum number of iterations has been exceeded.", "x": "[ 2.40431335  7.35759415  2.33961552 -2.27646054  1.45774314  1.19264037]", "final_simplex": "(array([[ 2.40431335,  7.35759415,  2.33961552, -2.27646054,  1.45774314,\n         1.19264037],\n       [ 2.40431331,  7.35759422,  2.33961564, -2.27646054,  1.45774328,\n         1.19264039],\n       [ 2.40431346,  7.35759424,  2.33961579, -2.27646059,  1.45774335,\n         1.19264064],\n       [ 2.40431341,  7.35759417,  2.33961559, -2.27646049,  1.45774344,\n         1.19264053],\n       [ 2.40431338,  7.35759436,  2.33961587, -2.27646044,  1.45774339,\n         1.19264072],\n       [ 2.40431346,  7.35759439,  2.33961562, -2.27646051,  1.45774333,\n         1.19264052],\n       [ 2.40431319,  7.35759423,  2.33961532, -2.27646066,  1.45774308,\n         1.19264024]]), array([0.10032002, 0.10032002, 0.10032002, 0.10032002, 0.10032002,\n       0.10032002, 0.10032002]))", "callback": [0.8359719450255896, 0.7633145525596523, 0.7451314006837386, 0.7034498098222965, 0.5956283119200004, 0.43101636514045827, 0.35800351991602386, 0.31686169917062124, 0.2816299653758372, 0.2680624730748735, 0.2554747038516698, 0.23015312096613938, 0.1874325811279688, 0.13202094209958748, 0.12444267611021897, 0.12273188830465265, 0.1216039532454477, 0.12101119668518745, 0.12093489235757371, 0.12079775164274897, 0.12064894775148727, 0.1205163500189752, 0.11978378258162359, 0.11830969421348325, 0.11554861649607018, 0.10926157593349672, 0.10409504352247745, 0.10149773343509783, 0.1007362569166732, 0.10050012967084032, 0.10035541315159358, 0.10032922018374979, 0.10032325895585126, 0.1003214739021665, 0.10032055554057318, 0.10032017667343429, 0.10032010958638604, 0.10032005979955949, 0.10032002811013951, 0.10032002227610926, 0.10032001801569124, 0.10032001598617535, 0.10032001559610282, 0.10032001552458059, 0.10032001550444569, 0.10032001549588765, 0.10032001549435632, 0.1003200154941124, 0.10032001549379577, 0.1003200154937518]}, "6": {"maxiter": 500, "fatol": 1e-10, "xatol": 1e-05, "duration": 0.6139755249023438, "fun": "0.10032001549588765", "nit": "444", "nfev": "708", "status": "0", "success": "True", "message": "Optimization terminated successfully.", "x": "[ 2.40431176  7.35759513  2.33961602 -2.27645909  1.45774018  1.19263652]", "final_simplex": "(array([[ 2.40431176,  7.35759513,  2.33961602, -2.27645909,  1.45774018,\n         1.19263652],\n       [ 2.40431066,  7.35759953,  2.33961665, -2.27645467,  1.4577445 ,\n         1.19264395],\n       [ 2.40431377,  7.35759249,  2.33961452, -2.27645301,  1.45774473,\n         1.19263802],\n       [ 2.40430769,  7.35758663,  2.33960945, -2.27645849,  1.45774331,\n         1.19263508],\n       [ 2.40431086,  7.35759586,  2.33962341, -2.27645241,  1.45774848,\n         1.19264577],\n       [ 2.40430591,  7.35759808,  2.33961835, -2.27645387,  1.45773673,\n         1.19263069],\n       [ 2.40431073,  7.35759289,  2.33961   , -2.27645352,  1.45773393,\n         1.1926343 ]]), array([0.10032002, 0.10032002, 0.10032002, 0.10032002, 0.10032002,\n       0.10032002, 0.10032002]))", "callback": [0.8359719450255896, 0.7633145525596523, 0.7451314006837386, 0.7034498098222965, 0.5956283119200004, 0.43101636514045827, 0.35800351991602386, 0.31686169917062124, 0.2816299653758372, 0.2680624730748735, 0.2554747038516698, 0.23015312096613938, 0.1874325811279688, 0.13202094209958748, 0.12444267611021897, 0.12273188830465265, 0.1216039532454477, 0.12101119668518745, 0.12093489235757371, 0.12079775164274897, 0.12064894775148727, 0.1205163500189752, 0.11978378258162359, 0.11830969421348325, 0.11554861649607018, 0.10926157593349672, 0.10409504352247745, 0.10149773343509783, 0.1007362569166732, 0.10050012967084032, 0.10035541315159358, 0.10032922018374979, 0.10032325895585126, 0.1003214739021665, 0.10032055554057318, 0.10032017667343429, 0.10032010958638604, 0.10032005979955949, 0.10032002811013951, 0.10032002227610926, 0.10032001801569124, 0.10032001598617535, 0.10032001559610282, 0.10032001552458059, 0.10032001550444569]}, "7": {"maxiter": 500, "fatol": 1e-10, "xatol": 1e-10, "duration": 0.738633394241333, "fun": "0.10032001549374447", "nit": "500", "nfev": "800", "status": "2", "success": "False", "message": "Maximum number of iterations has been exceeded.", "x": "[ 2.40431335  7.35759415  2.33961552 -2.27646054  1.45774314  1.19264037]", "final_simplex": "(array([[ 2.40431335,  7.35759415,  2.33961552, -2.27646054,  1.45774314,\n         1.19264037],\n       [ 2.40431331,  7.35759422,  2.33961564, -2.27646054,  1.45774328,\n         1.19264039],\n       [ 2.40431346,  7.35759424,  2.33961579, -2.27646059,  1.45774335,\n         1.19264064],\n       [ 2.40431341,  7.35759417,  2.33961559, -2.27646049,  1.45774344,\n         1.19264053],\n       [ 2.40431338,  7.35759436,  2.33961587, -2.27646044,  1.45774339,\n         1.19264072],\n       [ 2.40431346,  7.35759439,  2.33961562, -2.27646051,  1.45774333,\n         1.19264052],\n       [ 2.40431319,  7.35759423,  2.33961532, -2.27646066,  1.45774308,\n         1.19264024]]), array([0.10032002, 0.10032002, 0.10032002, 0.10032002, 0.10032002,\n       0.10032002, 0.10032002]))", "callback": [0.8359719450255896, 0.7633145525596523, 0.7451314006837386, 0.7034498098222965, 0.5956283119200004, 0.43101636514045827, 0.35800351991602386, 0.31686169917062124, 0.2816299653758372, 0.2680624730748735, 0.2554747038516698, 0.23015312096613938, 0.1874325811279688, 0.13202094209958748, 0.12444267611021897, 0.12273188830465265, 0.1216039532454477, 0.12101119668518745, 0.12093489235757371, 0.12079775164274897, 0.12064894775148727, 0.1205163500189752, 0.11978378258162359, 0.11830969421348325, 0.11554861649607018, 0.10926157593349672, 0.10409504352247745, 0.10149773343509783, 0.1007362569166732, 0.10050012967084032, 0.10035541315159358, 0.10032922018374979, 0.10032325895585126, 0.1003214739021665, 0.10032055554057318, 0.10032017667343429, 0.10032010958638604, 0.10032005979955949, 0.10032002811013951, 0.10032002227610926, 0.10032001801569124, 0.10032001598617535, 0.10032001559610282, 0.10032001552458059, 0.10032001550444569, 0.10032001549588765, 0.10032001549435632, 0.1003200154941124, 0.10032001549379577, 0.1003200154937518]}, "8": {"maxiter": 1000, "fatol": 1e-05, "xatol": 1e-05, "duration": 0.6592197418212891, "fun": "0.10032001549588765", "nit": "444", "nfev": "708", "status": "0", "success": "True", "message": "Optimization terminated successfully.", "x": "[ 2.40431176  7.35759513  2.33961602 -2.27645909  1.45774018  1.19263652]", "final_simplex": "(array([[ 2.40431176,  7.35759513,  2.33961602, -2.27645909,  1.45774018,\n         1.19263652],\n       [ 2.40431066,  7.35759953,  2.33961665, -2.27645467,  1.4577445 ,\n         1.19264395],\n       [ 2.40431377,  7.35759249,  2.33961452, -2.27645301,  1.45774473,\n         1.19263802],\n       [ 2.40430769,  7.35758663,  2.33960945, -2.27645849,  1.45774331,\n         1.19263508],\n       [ 2.40431086,  7.35759586,  2.33962341, -2.27645241,  1.45774848,\n         1.19264577],\n       [ 2.40430591,  7.35759808,  2.33961835, -2.27645387,  1.45773673,\n         1.19263069],\n       [ 2.40431073,  7.35759289,  2.33961   , -2.27645352,  1.45773393,\n         1.1926343 ]]), array([0.10032002, 0.10032002, 0.10032002, 0.10032002, 0.10032002,\n       0.10032002, 0.10032002]))", "callback": [0.8359719450255896, 0.7633145525596523, 0.7451314006837386, 0.7034498098222965, 0.5956283119200004, 0.43101636514045827, 0.35800351991602386, 0.31686169917062124, 0.2816299653758372, 0.2680624730748735, 0.2554747038516698, 0.23015312096613938, 0.1874325811279688, 0.13202094209958748, 0.12444267611021897, 0.12273188830465265, 0.1216039532454477, 0.12101119668518745, 0.12093489235757371, 0.12079775164274897, 0.12064894775148727, 0.1205163500189752, 0.11978378258162359, 0.11830969421348325, 0.11554861649607018, 0.10926157593349672, 0.10409504352247745, 0.10149773343509783, 0.1007362569166732, 0.10050012967084032, 0.10035541315159358, 0.10032922018374979, 0.10032325895585126, 0.1003214739021665, 0.10032055554057318, 0.10032017667343429, 0.10032010958638604, 0.10032005979955949, 0.10032002811013951, 0.10032002227610926, 0.10032001801569124, 0.10032001598617535, 0.10032001559610282, 0.10032001552458059, 0.10032001550444569]}, "9": {"maxiter": 1000, "fatol": 1e-05, "xatol": 1e-10, "duration": 0.7440011501312256, "fun": "0.10032001549373826", "nit": "558", "nfev": "946", "status": "0", "success": "True", "message": "Optimization terminated successfully.", "x": "[ 2.40431329  7.35759416  2.33961553 -2.27646061  1.45774328  1.19264055]", "final_simplex": "(array([[ 2.40431329,  7.35759416,  2.33961553, -2.27646061,  1.45774328,\n         1.19264055],\n       [ 2.40431329,  7.35759416,  2.33961553, -2.27646061,  1.45774328,\n         1.19264055],\n       [ 2.40431329,  7.35759416,  2.33961553, -2.27646061,  1.45774328,\n         1.19264055],\n       [ 2.40431329,  7.35759416,  2.33961553, -2.27646061,  1.45774328,\n         1.19264055],\n       [ 2.40431329,  7.35759416,  2.33961553, -2.27646061,  1.45774328,\n         1.19264055],\n       [ 2.40431329,  7.35759416,  2.33961553, -2.27646061,  1.45774328,\n         1.19264055],\n       [ 2.40431329,  7.35759416,  2.33961553, -2.27646061,  1.45774328,\n         1.19264055]]), array([0.10032002, 0.10032002, 0.10032002, 0.10032002, 0.10032002,\n       0.10032002, 0.10032002]))", "callback": [0.8359719450255896, 0.7633145525596523, 0.7451314006837386, 0.7034498098222965, 0.5956283119200004, 0.43101636514045827, 0.35800351991602386, 0.31686169917062124, 0.2816299653758372, 0.2680624730748735, 0.2554747038516698, 0.23015312096613938, 0.1874325811279688, 0.13202094209958748, 0.12444267611021897, 0.12273188830465265, 0.1216039532454477, 0.12101119668518745, 0.12093489235757371, 0.12079775164274897, 0.12064894775148727, 0.1205163500189752, 0.11978378258162359, 0.11830969421348325, 0.11554861649607018, 0.10926157593349672, 0.10409504352247745, 0.10149773343509783, 0.1007362569166732, 0.10050012967084032, 0.10035541315159358, 0.10032922018374979, 0.10032325895585126, 0.1003214739021665, 0.10032055554057318, 0.10032017667343429, 0.10032010958638604, 0.10032005979955949, 0.10032002811013951, 0.10032002227610926, 0.10032001801569124, 0.10032001598617535, 0.10032001559610282, 0.10032001552458059, 0.10032001550444569, 0.10032001549588765, 0.10032001549435632, 0.1003200154941124, 0.10032001549379577, 0.1003200154937518, 0.10032001549374225, 0.10032001549374014, 0.10032001549373881, 0.10032001549373848, 0.10032001549373826, 0.10032001549373826]}, "10": {"maxiter": 1000, "fatol": 1e-10, "xatol": 1e-05, "duration": 0.681769847869873, "fun": "0.10032001549588765", "nit": "444", "nfev": "708", "status": "0", "success": "True", "message": "Optimization terminated successfully.", "x": "[ 2.40431176  7.35759513  2.33961602 -2.27645909  1.45774018  1.19263652]", "final_simplex": "(array([[ 2.40431176,  7.35759513,  2.33961602, -2.27645909,  1.45774018,\n         1.19263652],\n       [ 2.40431066,  7.35759953,  2.33961665, -2.27645467,  1.4577445 ,\n         1.19264395],\n       [ 2.40431377,  7.35759249,  2.33961452, -2.27645301,  1.45774473,\n         1.19263802],\n       [ 2.40430769,  7.35758663,  2.33960945, -2.27645849,  1.45774331,\n         1.19263508],\n       [ 2.40431086,  7.35759586,  2.33962341, -2.27645241,  1.45774848,\n         1.19264577],\n       [ 2.40430591,  7.35759808,  2.33961835, -2.27645387,  1.45773673,\n         1.19263069],\n       [ 2.40431073,  7.35759289,  2.33961   , -2.27645352,  1.45773393,\n         1.1926343 ]]), array([0.10032002, 0.10032002, 0.10032002, 0.10032002, 0.10032002,\n       0.10032002, 0.10032002]))", "callback": [0.8359719450255896, 0.7633145525596523, 0.7451314006837386, 0.7034498098222965, 0.5956283119200004, 0.43101636514045827, 0.35800351991602386, 0.31686169917062124, 0.2816299653758372, 0.2680624730748735, 0.2554747038516698, 0.23015312096613938, 0.1874325811279688, 0.13202094209958748, 0.12444267611021897, 0.12273188830465265, 0.1216039532454477, 0.12101119668518745, 0.12093489235757371, 0.12079775164274897, 0.12064894775148727, 0.1205163500189752, 0.11978378258162359, 0.11830969421348325, 0.11554861649607018, 0.10926157593349672, 0.10409504352247745, 0.10149773343509783, 0.1007362569166732, 0.10050012967084032, 0.10035541315159358, 0.10032922018374979, 0.10032325895585126, 0.1003214739021665, 0.10032055554057318, 0.10032017667343429, 0.10032010958638604, 0.10032005979955949, 0.10032002811013951, 0.10032002227610926, 0.10032001801569124, 0.10032001598617535, 0.10032001559610282, 0.10032001552458059, 0.10032001550444569]}, "11": {"maxiter": 1000, "fatol": 1e-10, "xatol": 1e-10, "duration": 0.8626716136932373, "fun": "0.10032001549373826", "nit": "558", "nfev": "946", "status": "0", "success": "True", "message": "Optimization terminated successfully.", "x": "[ 2.40431329  7.35759416  2.33961553 -2.27646061  1.45774328  1.19264055]", "final_simplex": "(array([[ 2.40431329,  7.35759416,  2.33961553, -2.27646061,  1.45774328,\n         1.19264055],\n       [ 2.40431329,  7.35759416,  2.33961553, -2.27646061,  1.45774328,\n         1.19264055],\n       [ 2.40431329,  7.35759416,  2.33961553, -2.27646061,  1.45774328,\n         1.19264055],\n       [ 2.40431329,  7.35759416,  2.33961553, -2.27646061,  1.45774328,\n         1.19264055],\n       [ 2.40431329,  7.35759416,  2.33961553, -2.27646061,  1.45774328,\n         1.19264055],\n       [ 2.40431329,  7.35759416,  2.33961553, -2.27646061,  1.45774328,\n         1.19264055],\n       [ 2.40431329,  7.35759416,  2.33961553, -2.27646061,  1.45774328,\n         1.19264055]]), array([0.10032002, 0.10032002, 0.10032002, 0.10032002, 0.10032002,\n       0.10032002, 0.10032002]))", "callback": [0.8359719450255896, 0.7633145525596523, 0.7451314006837386, 0.7034498098222965, 0.5956283119200004, 0.43101636514045827, 0.35800351991602386, 0.31686169917062124, 0.2816299653758372, 0.2680624730748735, 0.2554747038516698, 0.23015312096613938, 0.1874325811279688, 0.13202094209958748, 0.12444267611021897, 0.12273188830465265, 0.1216039532454477, 0.12101119668518745, 0.12093489235757371, 0.12079775164274897, 0.12064894775148727, 0.1205163500189752, 0.11978378258162359, 0.11830969421348325, 0.11554861649607018, 0.10926157593349672, 0.10409504352247745, 0.10149773343509783, 0.1007362569166732, 0.10050012967084032, 0.10035541315159358, 0.10032922018374979, 0.10032325895585126, 0.1003214739021665, 0.10032055554057318, 0.10032017667343429, 0.10032010958638604, 0.10032005979955949, 0.10032002811013951, 0.10032002227610926, 0.10032001801569124, 0.10032001598617535, 0.10032001559610282, 0.10032001552458059, 0.10032001550444569, 0.10032001549588765, 0.10032001549435632, 0.1003200154941124, 0.10032001549379577, 0.1003200154937518, 0.10032001549374225, 0.10032001549374014, 0.10032001549373881, 0.10032001549373848, 0.10032001549373826, 0.10032001549373826]}}, "bfgs": {"type": "gradient", "0": {"maxiter": 100, "gtol": 1e-05, "xrtol": 1e-05, "eps": 1e-05, "duration": 0.20292997360229492, "fun": "0.10032001557494974", "jac": "[ 1.22124533e-09  2.47741827e-06 -2.01536565e-06 -7.33924033e-07\n -1.39036560e-06  1.99833483e-06]", "hess_inv": "[[ 2.40032393 -0.44455299 -0.79631002  0.23700926 -0.84483832 -1.24409218]\n [-0.44455299  6.85065401  4.51445302  1.04870806  1.76723238  1.9829021 ]\n [-0.79631002  4.51445302  9.06666552  1.51494854  1.64059709  3.66846248]\n [ 0.23700926  1.04870806  1.51494854  2.89746323  0.17975368 -0.69264533]\n [-0.84483832  1.76723238  1.64059709  0.17975368  4.72837442  3.49133182]\n [-1.24409218  1.9829021   3.66846248 -0.69264533  3.49133182  7.69307352]]", "nfev": "182", "njev": "26", "status": "0", "success": "True", "message": "Optimization terminated successfully.", "x": "[ 3.87886872  4.21598559 -0.80200767 -2.27647555  1.45772799  1.19262727]", "nit": "21", "callback": [0.4901604839961313, 0.3551266052111237, 0.28589642541362104, 0.24748189480197924, 0.22361347738118886, 0.18878447032333578, 0.1803272966502495, 0.16846426774328183, 0.15652197221325714, 0.14067117712039012, 0.12323840835146316, 0.11846405154587414, 0.11129279967350358, 0.10232017387743042, 0.10071219403925302, 0.10045130191222174, 0.10034749403986676, 0.10032291996991605, 0.10032009348887949, 0.1003200178660818, 0.10032001557494974]}, "1": {"maxiter": 100, "gtol": 1e-05, "xrtol": 1e-05, "eps": 1e-10, "duration": 0.1407308578491211, "fun": "0.10032001560598136", "jac": "[ 2.22044587e-06  4.44089173e-06 -4.44089173e-06 -2.22044587e-06\n -2.22044587e-06  0.00000000e+00]", "hess_inv": "[[ 2.39843378 -0.43863483 -0.78094296  0.247368   -0.82192091 -1.2098126 ]\n [-0.43863483  6.82394906  4.49465238  1.0384458   1.69785945  1.86892524]\n [-0.78094296  4.49465238  9.0414645   1.49419832  1.58512347  3.60528971]\n [ 0.247368    1.0384458   1.49419832  2.89350265  0.18462799 -0.65561352]\n [-0.82192091  1.69785945  1.58512347  0.18462799  4.6222424   3.37713424]\n [-1.2098126   1.86892524  3.60528971 -0.65561352  3.37713424  7.57434251]]", "nfev": "182", "njev": "26", "status": "0", "success": "True", "message": "Optimization terminated successfully.", "x": "[ 3.87887237  4.21597956 -0.80201777 -2.27647481  1.45772313  1.19261804]", "nit": "21", "callback": [0.4901596305676561, 0.3551266388965194, 0.28589666228643595, 0.24747897849681555, 0.22361280287051843, 0.1887835900173619, 0.18033285885883943, 0.16847407707052375, 0.1565264223722298, 0.14068866782054867, 0.12324154476933946, 0.1184636239844733, 0.11131234682260582, 0.10231899130968891, 0.10071136956625337, 0.10045114251370268, 0.10034748066595667, 0.10032293879027654, 0.10032009329894287, 0.10032001799160928, 0.10032001560598136]}, "2": {"maxiter": 100, "gtol": 1e-05, "xrtol": 1e-10, "eps": 1e-05, "duration": 0.14038777351379395, "fun": "0.10032001557494974", "jac": "[ 1.22124533e-09  2.47741827e-06 -2.01536565e-06 -7.33924033e-07\n -1.39036560e-06  1.99833483e-06]", "hess_inv": "[[ 2.40032393 -0.44455299 -0.79631002  0.23700926 -0.84483832 -1.24409218]\n [-0.44455299  6.85065401  4.51445302  1.04870806  1.76723238  1.9829021 ]\n [-0.79631002  4.51445302  9.06666552  1.51494854  1.64059709  3.66846248]\n [ 0.23700926  1.04870806  1.51494854  2.89746323  0.17975368 -0.69264533]\n [-0.84483832  1.76723238  1.64059709  0.17975368  4.72837442  3.49133182]\n [-1.24409218  1.9829021   3.66846248 -0.69264533  3.49133182  7.69307352]]", "nfev": "182", "njev": "26", "status": "0", "success": "True", "message": "Optimization terminated successfully.", "x": "[ 3.87886872  4.21598559 -0.80200767 -2.27647555  1.45772799  1.19262727]", "nit": "21", "callback": [0.4901604839961313, 0.3551266052111237, 0.28589642541362104, 0.24748189480197924, 0.22361347738118886, 0.18878447032333578, 0.1803272966502495, 0.16846426774328183, 0.15652197221325714, 0.14067117712039012, 0.12323840835146316, 0.11846405154587414, 0.11129279967350358, 0.10232017387743042, 0.10071219403925302, 0.10045130191222174, 0.10034749403986676, 0.10032291996991605, 0.10032009348887949, 0.1003200178660818, 0.10032001557494974]}, "3": {"maxiter": 100, "gtol": 1e-05, "xrtol": 1e-10, "eps": 1e-10, "duration": 0.16524863243103027, "fun": "0.10032001560598136", "jac": "[ 2.22044587e-06  4.44089173e-06 -4.44089173e-06 -2.22044587e-06\n -2.22044587e-06  0.00000000e+00]", "hess_inv": "[[ 2.39843378 -0.43863483 -0.78094296  0.247368   -0.82192091 -1.2098126 ]\n [-0.43863483  6.82394906  4.49465238  1.0384458   1.69785945  1.86892524]\n [-0.78094296  4.49465238  9.0414645   1.49419832  1.58512347  3.60528971]\n [ 0.247368    1.0384458   1.49419832  2.89350265  0.18462799 -0.65561352]\n [-0.82192091  1.69785945  1.58512347  0.18462799  4.6222424   3.37713424]\n [-1.2098126   1.86892524  3.60528971 -0.65561352  3.37713424  7.57434251]]", "nfev": "182", "njev": "26", "status": "0", "success": "True", "message": "Optimization terminated successfully.", "x": "[ 3.87887237  4.21597956 -0.80201777 -2.27647481  1.45772313  1.19261804]", "nit": "21", "callback": [0.4901596305676561, 0.3551266388965194, 0.28589666228643595, 0.24747897849681555, 0.22361280287051843, 0.1887835900173619, 0.18033285885883943, 0.16847407707052375, 0.1565264223722298, 0.14068866782054867, 0.12324154476933946, 0.1184636239844733, 0.11131234682260582, 0.10231899130968891, 0.10071136956625337, 0.10045114251370268, 0.10034748066595667, 0.10032293879027654, 0.10032009329894287, 0.10032001799160928, 0.10032001560598136]}, "4": {"maxiter": 100, "gtol": 1e-10, "xrtol": 1e-05, "eps": 1e-05, "duration": 0.1934809684753418, "fun": "0.10032001556245307", "jac": "[ 6.41819931e-08  1.25943700e-07  4.77395901e-09  1.59317004e-07\n -1.85629290e-08  5.64992497e-08]", "hess_inv": "[[ 2.40583025 -0.43618488 -0.78124064  0.21782053 -0.85184286 -1.24727958]\n [-0.43618488  6.67108089  4.54634893  1.16480229  1.75475638  1.82610903]\n [-0.78124064  4.54634893  9.10748588  1.45563943  1.6215131   3.66684688]\n [ 0.21782053  1.16480229  1.45563943  2.85460708  0.20554663 -0.56675554]\n [-0.85184286  1.75475638  1.6215131   0.20554663  4.7372674   3.49393963]\n [-1.24727958  1.82610903  3.66684688 -0.56675554  3.49393963  7.57484748]]", "nfev": "189", "njev": "27", "status": "0", "success": "True", "message": "Optimization terminated successfully.", "x": "[ 3.87886969  4.21597787 -0.80200458 -2.27647199  1.45772667  1.19261944]", "nit": "22", "callback": [0.4901604839961313, 0.3551266052111237, 0.28589642541362104, 0.24748189480197924, 0.22361347738118886, 0.18878447032333578, 0.1803272966502495, 0.16846426774328183, 0.15652197221325714, 0.14067117712039012, 0.12323840835146316, 0.11846405154587414, 0.11129279967350358, 0.10232017387743042, 0.10071219403925302, 0.10045130191222174, 0.10034749403986676, 0.10032291996991605, 0.10032009348887949, 0.1003200178660818, 0.10032001557494974, 0.10032001556245307]}, "5": {"maxiter": 100, "gtol": 1e-10, "xrtol": 1e-05, "eps": 1e-10, "duration": 0.14651751518249512, "fun": "0.10032001554178938", "jac": "[-2.22044587e-06 -1.11022293e-06  2.22044587e-06 -1.11022293e-06\n  0.00000000e+00  2.22044587e-06]", "hess_inv": "[[ 2.36708957e+00 -5.56178573e-01 -7.66334824e-01  3.72851223e-01\n  -8.04415076e-01 -1.26696493e+00]\n [-5.56178573e-01  6.87698249e+00  5.00356561e+00  1.06896476e+00\n   1.89917268e+00  2.22273509e+00]\n [-7.66334824e-01  5.00356561e+00  9.45227734e+00  1.03103984e+00\n   1.70172260e+00  4.15438648e+00]\n [ 3.72851223e-01  1.06896476e+00  1.03103984e+00  2.78327671e+00\n  -6.34555423e-03 -9.33076512e-01]\n [-8.04415076e-01  1.89917268e+00  1.70172260e+00 -6.34555423e-03\n   4.64973480e+00  3.56513100e+00]\n [-1.26696493e+00  2.22273509e+00  4.15438648e+00 -9.33076512e-01\n   3.56513100e+00  8.12375138e+00]]", "nfev": "189", "njev": "27", "status": "0", "success": "True", "message": "Optimization terminated successfully.", "x": "[ 3.87886522  4.21597907 -0.80199024 -2.27646964  1.45773435  1.19263528]", "nit": "22", "callback": [0.4901596305676561, 0.3551266388965194, 0.28589666228643595, 0.24747897849681555, 0.22361280287051843, 0.1887835900173619, 0.18033285885883943, 0.16847407707052375, 0.1565264223722298, 0.14068866782054867, 0.12324154476933946, 0.1184636239844733, 0.11131234682260582, 0.10231899130968891, 0.10071136956625337, 0.10045114251370268, 0.10034748066595667, 0.10032293879027654, 0.10032009329894287, 0.10032001799160928, 0.10032001560598136, 0.10032001554178938]}, "6": {"maxiter": 100, "gtol": 1e-10, "xrtol": 1e-10, "eps": 1e-05, "duration": 0.2193760871887207, "fun": "0.10032001556245307", "jac": "[ 6.41819931e-08  1.25943700e-07  4.77395901e-09  1.59317004e-07\n -1.85629290e-08  5.64992497e-08]", "hess_inv": "[[ 2.4019685  -0.44556643 -0.81089721  0.19635153 -0.8565159  -1.24104273]\n [-0.44556643  7.06413657  4.65463319  1.18848826  1.84648628  2.09953769]\n [-0.81089721  4.65463319  8.95793583  1.32365521  1.63032746  3.82674422]\n [ 0.19635153  1.18848826  1.32365521  2.74908426  0.19836739 -0.48497806]\n [-0.8565159   1.84648628  1.63032746  0.19836739  4.75716525  3.5655099 ]\n [-1.24104273  2.09953769  3.82674422 -0.48497806  3.5655099   7.72518742]]", "nfev": "285", "njev": "39", "status": "2", "success": "False", "message": "Desired error not necessarily achieved due to precision loss.", "x": "[ 3.87886969  4.21597787 -0.80200458 -2.27647199  1.45772667  1.19261944]", "nit": "22", "callback": [0.4901604839961313, 0.3551266052111237, 0.28589642541362104, 0.24748189480197924, 0.22361347738118886, 0.18878447032333578, 0.1803272966502495, 0.16846426774328183, 0.15652197221325714, 0.14067117712039012, 0.12323840835146316, 0.11846405154587414, 0.11129279967350358, 0.10232017387743042, 0.10071219403925302, 0.10045130191222174, 0.10034749403986676, 0.10032291996991605, 0.10032009348887949, 0.1003200178660818, 0.10032001557494974, 0.10032001556245307]}, "7": {"maxiter": 100, "gtol": 1e-10, "xrtol": 1e-10, "eps": 1e-10, "duration": 0.6587846279144287, "fun": "0.10032001552932246", "jac": "[-2.22044587e-06 -2.22044587e-06  0.00000000e+00  0.00000000e+00\n -2.22044587e-06 -2.22044587e-06]", "hess_inv": "[[ 34.43981335  33.31524546  -5.03379555  -1.74390128 -25.39105463\n  -35.72535078]\n [ 33.31524546  32.23646854  -4.87162382  -1.68966874 -24.56711765\n  -34.56155577]\n [ -5.03379555  -4.87162382   0.73808143   0.25575377   3.71388639\n    5.22166686]\n [ -1.74390128  -1.68966874   0.25575377   0.09109612   1.28926372\n    1.8088801 ]\n [-25.39105463 -24.56711765   3.71388639   1.28926372  18.72849147\n   26.33813985]\n [-35.72535078 -34.56155577   5.22166686   1.8088801   26.33813985\n   37.06208216]]", "nfev": "767", "njev": "108", "status": "2", "success": "False", "message": "Desired error not necessarily achieved due to precision loss.", "x": "[ 3.87887164  4.21598433 -0.80199216 -2.27646971  1.4577292   1.19262797]", "nit": "38", "callback": [0.4901596305676561, 0.3551266388965194, 0.28589666228643595, 0.24747897849681555, 0.22361280287051843, 0.1887835900173619, 0.18033285885883943, 0.16847407707052375, 0.1565264223722298, 0.14068866782054867, 0.12324154476933946, 0.1184636239844733, 0.11131234682260582, 0.10231899130968891, 0.10071136956625337, 0.10045114251370268, 0.10034748066595667, 0.10032293879027654, 0.10032009329894287, 0.10032001799160928, 0.10032001560598136, 0.10032001554178938, 0.10032001554171788, 0.10032001554166958, 0.10032001554148451, 0.10032001554140235, 0.10032001554126757, 0.1003200155411601, 0.10032001554106684, 0.10032001554100134, 0.1003200155409385, 0.100320015540863, 0.10032001554079328, 0.10032001554075287, 0.10032001554073167, 0.10032001554048775, 0.10032001553749303, 0.10032001552932246]}, "8": {"maxiter": 500, "gtol": 1e-05, "xrtol": 1e-05, "eps": 1e-05, "duration": 0.14038944244384766, "fun": "0.10032001557494974", "jac": "[ 1.22124533e-09  2.47741827e-06 -2.01536565e-06 -7.33924033e-07\n -1.39036560e-06  1.99833483e-06]", "hess_inv": "[[ 2.40032393 -0.44455299 -0.79631002  0.23700926 -0.84483832 -1.24409218]\n [-0.44455299  6.85065401  4.51445302  1.04870806  1.76723238  1.9829021 ]\n [-0.79631002  4.51445302  9.06666552  1.51494854  1.64059709  3.66846248]\n [ 0.23700926  1.04870806  1.51494854  2.89746323  0.17975368 -0.69264533]\n [-0.84483832  1.76723238  1.64059709  0.17975368  4.72837442  3.49133182]\n [-1.24409218  1.9829021   3.66846248 -0.69264533  3.49133182  7.69307352]]", "nfev": "182", "njev": "26", "status": "0", "success": "True", "message": "Optimization terminated successfully.", "x": "[ 3.87886872  4.21598559 -0.80200767 -2.27647555  1.45772799  1.19262727]", "nit": "21", "callback": [0.4901604839961313, 0.3551266052111237, 0.28589642541362104, 0.24748189480197924, 0.22361347738118886, 0.18878447032333578, 0.1803272966502495, 0.16846426774328183, 0.15652197221325714, 0.14067117712039012, 0.12323840835146316, 0.11846405154587414, 0.11129279967350358, 0.10232017387743042, 0.10071219403925302, 0.10045130191222174, 0.10034749403986676, 0.10032291996991605, 0.10032009348887949, 0.1003200178660818, 0.10032001557494974]}, "9": {"maxiter": 500, "gtol": 1e-05, "xrtol": 1e-05, "eps": 1e-10, "duration": 0.21778655052185059, "fun": "0.10032001560598136", "jac": "[ 2.22044587e-06  4.44089173e-06 -4.44089173e-06 -2.22044587e-06\n -2.22044587e-06  0.00000000e+00]", "hess_inv": "[[ 2.39843378 -0.43863483 -0.78094296  0.247368   -0.82192091 -1.2098126 ]\n [-0.43863483  6.82394906  4.49465238  1.0384458   1.69785945  1.86892524]\n [-0.78094296  4.49465238  9.0414645   1.49419832  1.58512347  3.60528971]\n [ 0.247368    1.0384458   1.49419832  2.89350265  0.18462799 -0.65561352]\n [-0.82192091  1.69785945  1.58512347  0.18462799  4.6222424   3.37713424]\n [-1.2098126   1.86892524  3.60528971 -0.65561352  3.37713424  7.57434251]]", "nfev": "182", "njev": "26", "status": "0", "success": "True", "message": "Optimization terminated successfully.", "x": "[ 3.87887237  4.21597956 -0.80201777 -2.27647481  1.45772313  1.19261804]", "nit": "21", "callback": [0.4901596305676561, 0.3551266388965194, 0.28589666228643595, 0.24747897849681555, 0.22361280287051843, 0.1887835900173619, 0.18033285885883943, 0.16847407707052375, 0.1565264223722298, 0.14068866782054867, 0.12324154476933946, 0.1184636239844733, 0.11131234682260582, 0.10231899130968891, 0.10071136956625337, 0.10045114251370268, 0.10034748066595667, 0.10032293879027654, 0.10032009329894287, 0.10032001799160928, 0.10032001560598136]}, "10": {"maxiter": 500, "gtol": 1e-05, "xrtol": 1e-10, "eps": 1e-05, "duration": 0.18744778633117676, "fun": "0.10032001557494974", "jac": "[ 1.22124533e-09  2.47741827e-06 -2.01536565e-06 -7.33924033e-07\n -1.39036560e-06  1.99833483e-06]", "hess_inv": "[[ 2.40032393 -0.44455299 -0.79631002  0.23700926 -0.84483832 -1.24409218]\n [-0.44455299  6.85065401  4.51445302  1.04870806  1.76723238  1.9829021 ]\n [-0.79631002  4.51445302  9.06666552  1.51494854  1.64059709  3.66846248]\n [ 0.23700926  1.04870806  1.51494854  2.89746323  0.17975368 -0.69264533]\n [-0.84483832  1.76723238  1.64059709  0.17975368  4.72837442  3.49133182]\n [-1.24409218  1.9829021   3.66846248 -0.69264533  3.49133182  7.69307352]]", "nfev": "182", "njev": "26", "status": "0", "success": "True", "message": "Optimization terminated successfully.", "x": "[ 3.87886872  4.21598559 -0.80200767 -2.27647555  1.45772799  1.19262727]", "nit": "21", "callback": [0.4901604839961313, 0.3551266052111237, 0.28589642541362104, 0.24748189480197924, 0.22361347738118886, 0.18878447032333578, 0.1803272966502495, 0.16846426774328183, 0.15652197221325714, 0.14067117712039012, 0.12323840835146316, 0.11846405154587414, 0.11129279967350358, 0.10232017387743042, 0.10071219403925302, 0.10045130191222174, 0.10034749403986676, 0.10032291996991605, 0.10032009348887949, 0.1003200178660818, 0.10032001557494974]}, "11": {"maxiter": 500, "gtol": 1e-05, "xrtol": 1e-10, "eps": 1e-10, "duration": 0.13927412033081055, "fun": "0.10032001560598136", "jac": "[ 2.22044587e-06  4.44089173e-06 -4.44089173e-06 -2.22044587e-06\n -2.22044587e-06  0.00000000e+00]", "hess_inv": "[[ 2.39843378 -0.43863483 -0.78094296  0.247368   -0.82192091 -1.2098126 ]\n [-0.43863483  6.82394906  4.49465238  1.0384458   1.69785945  1.86892524]\n [-0.78094296  4.49465238  9.0414645   1.49419832  1.58512347  3.60528971]\n [ 0.247368    1.0384458   1.49419832  2.89350265  0.18462799 -0.65561352]\n [