{"date": "2024/10/26/, 09:31:25", "conf_id": 59, "data_type": "random\n", "num_data_points": 3, "s_rank": 0, "unitary": "[[-0.24866696+0.58742286j,-0.44704345-0.43151574j,-0.35669027-0.20570733j,-0.10517633+0.1626036j],[0.10596805-0.19687975j,-0.30269685-0.15056416j,0.18246286+0.30440582j,-0.83484447-0.11310748j],[0.26054512-0.52548482j,0.0285017-0.50723956j,-0.43110112+0.17165838j,0.15243271+0.39915801j],[0.42978035+0.11991271j,-0.17224126-0.46030424j,0.6827807-0.15164662j,0.26483638+0.0061855j]]", "databatch_0": {"databatch": "[[[0.17157358-0.07798459j,-0.08839413+0.06250474j,-0.03478321-0.01615606j,0.06487103-0.09870706j],[-0.00183664+0.03912014j,0.09873122-0.2085407j,-0.2638837+0.01540496j,-0.08290729+0.30157786j],[-0.33281029+0.46157298j,0.0492362-0.10195487j,-0.10804141-0.10162756j,-0.26718464+0.08386147j],[-0.06675868+0.15499759j,-0.15403058-0.13705654j,-0.05345537+0.4000205j,-0.00823533+0.20949311j]],[[-0.19199022-0.12752091j,0.15197815+0.13982583j,0.27386034-0.20383362j,-0.1542649+0.19640729j],[0.1798436-0.15066118j,-0.24168084+0.11929704j,0.35186308-0.15046556j,0.20853944+0.13552109j],[0.15676187-0.08160625j,0.04115641-0.08228637j,-0.25841007-0.24232903j,0.05299827-0.04390688j],[-0.03535891-0.03430887j,0.35787474-0.12371109j,-0.00769113-0.18761905j,0.1762939-0.08510062j]],[[-0.1696929+0.18420872j,0.17776438-0.21584313j,-0.14350119+0.03766348j,0.08329359-0.24571032j],[-0.06578927+0.01197611j,0.1729687-0.02683646j,-0.09778451-0.02601784j,-0.49750336-0.03381283j],[-0.12599263-0.01633227j,0.08392069-0.25630653j,0.41378334+0.00769004j,-0.04020456-0.09803841j],[0.16761856-0.20732145j,-0.28384606+0.04953342j,0.10789067+0.04202991j,-0.03226859-0.18928827j]]]", "initial param values": "[3.72299766,3.90701198,1.78368661,0.28461202,1.15767073,0.21376244]", "nelder_mead": {"type": "gradient-free", "0": {"maxiter": 100, "fatol": 1e-05, "xatol": 1e-05, "duration": 0.17382431030273438, "fun": "0.6938604590586273", "nit": "100", "nfev": "158", "status": "2", "success": "False", "message": "Maximum number of iterations has been exceeded.", "x": "[4.62480125 3.20689478 1.23566759 0.33670798 2.10117376 0.15930277]", "final_simplex": "(array([[4.62480125, 3.20689478, 1.23566759, 0.33670798, 2.10117376,\n        0.15930277],\n       [4.53815848, 3.25392882, 1.41553817, 0.32061719, 2.00787453,\n        0.16144547],\n       [4.471868  , 3.28112112, 1.31084114, 0.32424252, 2.04715812,\n        0.17269764],\n       [4.7400757 , 3.18234046, 1.19157565, 0.30891949, 1.93795264,\n        0.18948402],\n       [4.52434992, 3.21371401, 1.26894649, 0.30714771, 1.99993224,\n        0.19167452],\n       [4.59207215, 3.16942872, 1.14645074, 0.31191123, 1.8512554 ,\n        0.20406089],\n       [4.57237465, 3.27179112, 1.20094868, 0.30435003, 1.91987876,\n        0.19637856]]), array([0.69386046, 0.69625279, 0.69628932, 0.6967551 , 0.6975633 ,\n       0.69762785, 0.69784557]))", "callback": [0.7624964826968824, 0.7264940748302744, 0.7064151862785328, 0.7049879263542509, 0.7040724553813408, 0.7032219168119225, 0.7018450369815459, 0.7008729316464475, 0.7004136282572777, 0.6987230389082741]}, "1": {"maxiter": 100, "fatol": 1e-05, "xatol": 1e-10, "duration": 0.12390255928039551, "fun": "0.6938604590586273", "nit": "100", "nfev": "158", "status": "2", "success": "False", "message": "Maximum number of iterations has been exceeded.", "x": "[4.62480125 3.20689478 1.23566759 0.33670798 2.10117376 0.15930277]", "final_simplex": "(array([[4.62480125, 3.20689478, 1.23566759, 0.33670798, 2.10117376,\n        0.15930277],\n       [4.53815848, 3.25392882, 1.41553817, 0.32061719, 2.00787453,\n        0.16144547],\n       [4.471868  , 3.28112112, 1.31084114, 0.32424252, 2.04715812,\n        0.17269764],\n       [4.7400757 , 3.18234046, 1.19157565, 0.30891949, 1.93795264,\n        0.18948402],\n       [4.52434992, 3.21371401, 1.26894649, 0.30714771, 1.99993224,\n        0.19167452],\n       [4.59207215, 3.16942872, 1.14645074, 0.31191123, 1.8512554 ,\n        0.20406089],\n       [4.57237465, 3.27179112, 1.20094868, 0.30435003, 1.91987876,\n        0.19637856]]), array([0.69386046, 0.69625279, 0.69628932, 0.6967551 , 0.6975633 ,\n       0.69762785, 0.69784557]))", "callback": [0.7624964826968824, 0.7264940748302744, 0.7064151862785328, 0.7049879263542509, 0.7040724553813408, 0.7032219168119225, 0.7018450369815459, 0.7008729316464475, 0.7004136282572777, 0.6987230389082741]}, "2": {"maxiter": 100, "fatol": 1e-10, "xatol": 1e-05, "duration": 0.1211392879486084, "fun": "0.6938604590586273", "nit": "100", "nfev": "158", "status": "2", "success": "False", "message": "Maximum number of iterations has been exceeded.", "x": "[4.62480125 3.20689478 1.23566759 0.33670798 2.10117376 0.15930277]", "final_simplex": "(array([[4.62480125, 3.20689478, 1.23566759, 0.33670798, 2.10117376,\n        0.15930277],\n       [4.53815848, 3.25392882, 1.41553817, 0.32061719, 2.00787453,\n        0.16144547],\n       [4.471868  , 3.28112112, 1.31084114, 0.32424252, 2.04715812,\n        0.17269764],\n       [4.7400757 , 3.18234046, 1.19157565, 0.30891949, 1.93795264,\n        0.18948402],\n       [4.52434992, 3.21371401, 1.26894649, 0.30714771, 1.99993224,\n        0.19167452],\n       [4.59207215, 3.16942872, 1.14645074, 0.31191123, 1.8512554 ,\n        0.20406089],\n       [4.57237465, 3.27179112, 1.20094868, 0.30435003, 1.91987876,\n        0.19637856]]), array([0.69386046, 0.69625279, 0.69628932, 0.6967551 , 0.6975633 ,\n       0.69762785, 0.69784557]))", "callback": [0.7624964826968824, 0.7264940748302744, 0.7064151862785328, 0.7049879263542509, 0.7040724553813408, 0.7032219168119225, 0.7018450369815459, 0.7008729316464475, 0.7004136282572777, 0.6987230389082741]}, "3": {"maxiter": 100, "fatol": 1e-10, "xatol": 1e-10, "duration": 0.12141823768615723, "fun": "0.6938604590586273", "nit": "100", "nfev": "158", "status": "2", "success": "False", "message": "Maximum number of iterations has been exceeded.", "x": "[4.62480125 3.20689478 1.23566759 0.33670798 2.10117376 0.15930277]", "final_simplex": "(array([[4.62480125, 3.20689478, 1.23566759, 0.33670798, 2.10117376,\n        0.15930277],\n       [4.53815848, 3.25392882, 1.41553817, 0.32061719, 2.00787453,\n        0.16144547],\n       [4.471868  , 3.28112112, 1.31084114, 0.32424252, 2.04715812,\n        0.17269764],\n       [4.7400757 , 3.18234046, 1.19157565, 0.30891949, 1.93795264,\n        0.18948402],\n       [4.52434992, 3.21371401, 1.26894649, 0.30714771, 1.99993224,\n        0.19167452],\n       [4.59207215, 3.16942872, 1.14645074, 0.31191123, 1.8512554 ,\n        0.20406089],\n       [4.57237465, 3.27179112, 1.20094868, 0.30435003, 1.91987876,\n        0.19637856]]), array([0.69386046, 0.69625279, 0.69628932, 0.6967551 , 0.6975633 ,\n       0.69762785, 0.69784557]))", "callback": [0.7624964826968824, 0.7264940748302744, 0.7064151862785328, 0.7049879263542509, 0.7040724553813408, 0.7032219168119225, 0.7018450369815459, 0.7008729316464475, 0.7004136282572777, 0.6987230389082741]}, "4": {"maxiter": 500, "fatol": 1e-05, "xatol": 1e-05, "duration": 0.6820933818817139, "fun": "0.494300089915667", "nit": "449", "nfev": "700", "status": "0", "success": "True", "message": "Optimization terminated successfully.", "x": "[ 4.87482552  3.29556622  1.24430548  1.71411332  2.90864926 -0.96860239]", "final_simplex": "(array([[ 4.87482552,  3.29556622,  1.24430548,  1.71411332,  2.90864926,\n        -0.96860239],\n       [ 4.87482945,  3.29557412,  1.24430773,  1.71412063,  2.90864783,\n        -0.96861115],\n       [ 4.8748318 ,  3.29556476,  1.24429922,  1.71411441,  2.90864766,\n        -0.96860766],\n       [ 4.87483346,  3.29557086,  1.24429861,  1.71411662,  2.90865004,\n        -0.9686029 ],\n       [ 4.87483504,  3.29556822,  1.2443072 ,  1.71411298,  2.90864751,\n        -0.96860725],\n       [ 4.87483451,  3.29556293,  1.24430325,  1.71411919,  2.90864534,\n        -0.96860409],\n       [ 4.87482993,  3.29556051,  1.24431148,  1.7141205 ,  2.90865669,\n        -0.96860418]]), array([0.49430009, 0.49430009, 0.49430009, 0.49430009, 0.49430009,\n       0.49430009, 0.49430009]))", "callback": [0.7624964826968824, 0.7264940748302744, 0.7064151862785328, 0.7049879263542509, 0.7040724553813408, 0.7032219168119225, 0.7018450369815459, 0.7008729316464475, 0.7004136282572777, 0.6987230389082741, 0.6938604590586273, 0.6747945647478282, 0.6090922470427171, 0.5606395464820406, 0.5467759145303872, 0.5275823397970716, 0.5111114131373304, 0.5015664125666519, 0.49545797849692397, 0.4949068611290277, 0.4947429485461644, 0.49469422337374336, 0.49468638516172103, 0.49468385171273155, 0.49468335375120887, 0.49468292757157084, 0.49468190332282747, 0.49468135494358, 0.49467632668724426, 0.49465417869188133, 0.4946371700669535, 0.4945851672909335, 0.49454164406987733, 0.49436995650186066, 0.4943136054169589, 0.4943055037010221, 0.49430074174314875, 0.4943002707112404, 0.4943001635720913, 0.4943001060790265, 0.49430009352195026, 0.49430009086484905, 0.4943000901692097, 0.49430008994643726, 0.4943000899331439]}, "5": {"maxiter": 500, "fatol": 1e-05, "xatol": 1e-10, "duration": 0.6775624752044678, "fun": "0.4943000899112473", "nit": "500", "nfev": "786", "status": "2", "success": "False", "message": "Maximum number of iterations has been exceeded.", "x": "[ 4.87482566  3.2955707   1.24430592  1.71411833  2.90864798 -0.96860452]", "final_simplex": "(array([[ 4.87482566,  3.2955707 ,  1.24430592,  1.71411833,  2.90864798,\n        -0.96860452],\n       [ 4.87482587,  3.29557102,  1.24430563,  1.71411831,  2.90864809,\n        -0.96860455],\n       [ 4.87482563,  3.29557069,  1.24430554,  1.71411827,  2.90864821,\n        -0.96860444],\n       [ 4.87482588,  3.29557097,  1.24430579,  1.71411841,  2.90864822,\n        -0.96860453],\n       [ 4.874826  ,  3.2955707 ,  1.24430563,  1.71411814,  2.90864814,\n        -0.9686044 ],\n       [ 4.87482587,  3.29557082,  1.24430575,  1.71411806,  2.90864811,\n        -0.96860437],\n       [ 4.87482571,  3.29557073,  1.24430594,  1.71411825,  2.90864813,\n        -0.96860474]]), array([0.49430009, 0.49430009, 0.49430009, 0.49430009, 0.49430009,\n       0.49430009, 0.49430009]))", "callback": [0.7624964826968824, 0.7264940748302744, 0.7064151862785328, 0.7049879263542509, 0.7040724553813408, 0.7032219168119225, 0.7018450369815459, 0.7008729316464475, 0.7004136282572777, 0.6987230389082741, 0.6938604590586273, 0.6747945647478282, 0.6090922470427171, 0.5606395464820406, 0.5467759145303872, 0.5275823397970716, 0.5111114131373304, 0.5015664125666519, 0.49545797849692397, 0.4949068611290277, 0.4947429485461644, 0.49469422337374336, 0.49468638516172103, 0.49468385171273155, 0.49468335375120887, 0.49468292757157084, 0.49468190332282747, 0.49468135494358, 0.49467632668724426, 0.49465417869188133, 0.4946371700669535, 0.4945851672909335, 0.49454164406987733, 0.49436995650186066, 0.4943136054169589, 0.4943055037010221, 0.49430074174314875, 0.4943002707112404, 0.4943001635720913, 0.4943001060790265, 0.49430009352195026, 0.49430009086484905, 0.4943000901692097, 0.49430008994643726, 0.4943000899331439, 0.494300089915667, 0.4943000899124397, 0.49430008991156893, 0.49430008991132046, 0.4943000899112735]}, "6": {"maxiter": 500, "fatol": 1e-10, "xatol": 1e-05, "duration": 0.7234368324279785, "fun": "0.494300089915667", "nit": "449", "nfev": "700", "status": "0", "success": "True", "message": "Optimization terminated successfully.", "x": "[ 4.87482552  3.29556622  1.24430548  1.71411332  2.90864926 -0.96860239]", "final_simplex": "(array([[ 4.87482552,  3.29556622,  1.24430548,  1.71411332,  2.90864926,\n        -0.96860239],\n       [ 4.87482945,  3.29557412,  1.24430773,  1.71412063,  2.90864783,\n        -0.96861115],\n       [ 4.8748318 ,  3.29556476,  1.24429922,  1.71411441,  2.90864766,\n        -0.96860766],\n       [ 4.87483346,  3.29557086,  1.24429861,  1.71411662,  2.90865004,\n        -0.9686029 ],\n       [ 4.87483504,  3.29556822,  1.2443072 ,  1.71411298,  2.90864751,\n        -0.96860725],\n       [ 4.87483451,  3.29556293,  1.24430325,  1.71411919,  2.90864534,\n        -0.96860409],\n       [ 4.87482993,  3.29556051,  1.24431148,  1.7141205 ,  2.90865669,\n        -0.96860418]]), array([0.49430009, 0.49430009, 0.49430009, 0.49430009, 0.49430009,\n       0.49430009, 0.49430009]))", "callback": [0.7624964826968824, 0.7264940748302744, 0.7064151862785328, 0.7049879263542509, 0.7040724553813408, 0.7032219168119225, 0.7018450369815459, 0.7008729316464475, 0.7004136282572777, 0.6987230389082741, 0.6938604590586273, 0.6747945647478282, 0.6090922470427171, 0.5606395464820406, 0.5467759145303872, 0.5275823397970716, 0.5111114131373304, 0.5015664125666519, 0.49545797849692397, 0.4949068611290277, 0.4947429485461644, 0.49469422337374336, 0.49468638516172103, 0.49468385171273155, 0.49468335375120887, 0.49468292757157084, 0.49468190332282747, 0.49468135494358, 0.49467632668724426, 0.49465417869188133, 0.4946371700669535, 0.4945851672909335, 0.49454164406987733, 0.49436995650186066, 0.4943136054169589, 0.4943055037010221, 0.49430074174314875, 0.4943002707112404, 0.4943001635720913, 0.4943001060790265, 0.49430009352195026, 0.49430009086484905, 0.4943000901692097, 0.49430008994643726, 0.4943000899331439]}, "7": {"maxiter": 500, "fatol": 1e-10, "xatol": 1e-10, "duration": 0.6295232772827148, "fun": "0.4943000899112473", "nit": "500", "nfev": "786", "status": "2", "success": "False", "message": "Maximum number of iterations has been exceeded.", "x": "[ 4.87482566  3.2955707   1.24430592  1.71411833  2.90864798 -0.96860452]", "final_simplex": "(array([[ 4.87482566,  3.2955707 ,  1.24430592,  1.71411833,  2.90864798,\n        -0.96860452],\n       [ 4.87482587,  3.29557102,  1.24430563,  1.71411831,  2.90864809,\n        -0.96860455],\n       [ 4.87482563,  3.29557069,  1.24430554,  1.71411827,  2.90864821,\n        -0.96860444],\n       [ 4.87482588,  3.29557097,  1.24430579,  1.71411841,  2.90864822,\n        -0.96860453],\n       [ 4.874826  ,  3.2955707 ,  1.24430563,  1.71411814,  2.90864814,\n        -0.9686044 ],\n       [ 4.87482587,  3.29557082,  1.24430575,  1.71411806,  2.90864811,\n        -0.96860437],\n       [ 4.87482571,  3.29557073,  1.24430594,  1.71411825,  2.90864813,\n        -0.96860474]]), array([0.49430009, 0.49430009, 0.49430009, 0.49430009, 0.49430009,\n       0.49430009, 0.49430009]))", "callback": [0.7624964826968824, 0.7264940748302744, 0.7064151862785328, 0.7049879263542509, 0.7040724553813408, 0.7032219168119225, 0.7018450369815459, 0.7008729316464475, 0.7004136282572777, 0.6987230389082741, 0.6938604590586273, 0.6747945647478282, 0.6090922470427171, 0.5606395464820406, 0.5467759145303872, 0.5275823397970716, 0.5111114131373304, 0.5015664125666519, 0.49545797849692397, 0.4949068611290277, 0.4947429485461644, 0.49469422337374336, 0.49468638516172103, 0.49468385171273155, 0.49468335375120887, 0.49468292757157084, 0.49468190332282747, 0.49468135494358, 0.49467632668724426, 0.49465417869188133, 0.4946371700669535, 0.4945851672909335, 0.49454164406987733, 0.49436995650186066, 0.4943136054169589, 0.4943055037010221, 0.49430074174314875, 0.4943002707112404, 0.4943001635720913, 0.4943001060790265, 0.49430009352195026, 0.49430009086484905, 0.4943000901692097, 0.49430008994643726, 0.4943000899331439, 0.494300089915667, 0.4943000899124397, 0.49430008991156893, 0.49430008991132046, 0.4943000899112735]}, "8": {"maxiter": 1000, "fatol": 1e-05, "xatol": 1e-05, "duration": 0.6243488788604736, "fun": "0.494300089915667", "nit": "449", "nfev": "700", "status": "0", "success": "True", "message": "Optimization terminated successfully.", "x": "[ 4.87482552  3.29556622  1.24430548  1.71411332  2.90864926 -0.96860239]", "final_simplex": "(array([[ 4.87482552,  3.29556622,  1.24430548,  1.71411332,  2.90864926,\n        -0.96860239],\n       [ 4.87482945,  3.29557412,  1.24430773,  1.71412063,  2.90864783,\n        -0.96861115],\n       [ 4.8748318 ,  3.29556476,  1.24429922,  1.71411441,  2.90864766,\n        -0.96860766],\n       [ 4.87483346,  3.29557086,  1.24429861,  1.71411662,  2.90865004,\n        -0.9686029 ],\n       [ 4.87483504,  3.29556822,  1.2443072 ,  1.71411298,  2.90864751,\n        -0.96860725],\n       [ 4.87483451,  3.29556293,  1.24430325,  1.71411919,  2.90864534,\n        -0.96860409],\n       [ 4.87482993,  3.29556051,  1.24431148,  1.7141205 ,  2.90865669,\n        -0.96860418]]), array([0.49430009, 0.49430009, 0.49430009, 0.49430009, 0.49430009,\n       0.49430009, 0.49430009]))", "callback": [0.7624964826968824, 0.7264940748302744, 0.7064151862785328, 0.7049879263542509, 0.7040724553813408, 0.7032219168119225, 0.7018450369815459, 0.7008729316464475, 0.7004136282572777, 0.6987230389082741, 0.6938604590586273, 0.6747945647478282, 0.6090922470427171, 0.5606395464820406, 0.5467759145303872, 0.5275823397970716, 0.5111114131373304, 0.5015664125666519, 0.49545797849692397, 0.4949068611290277, 0.4947429485461644, 0.49469422337374336, 0.49468638516172103, 0.49468385171273155, 0.49468335375120887, 0.49468292757157084, 0.49468190332282747, 0.49468135494358, 0.49467632668724426, 0.49465417869188133, 0.4946371700669535, 0.4945851672909335, 0.49454164406987733, 0.49436995650186066, 0.4943136054169589, 0.4943055037010221, 0.49430074174314875, 0.4943002707112404, 0.4943001635720913, 0.4943001060790265, 0.49430009352195026, 0.49430009086484905, 0.4943000901692097, 0.49430008994643726, 0.4943000899331439]}, "9": {"maxiter": 1000, "fatol": 1e-05, "xatol": 1e-10, "duration": 0.7919793128967285, "fun": "0.4943000899112281", "nit": "569", "nfev": "956", "status": "0", "success": "True", "message": "Optimization terminated successfully.", "x": "[ 4.87482577  3.29557089  1.24430582  1.71411864  2.90864778 -0.9686044 ]", "final_simplex": "(array([[ 4.87482577,  3.29557089,  1.24430582,  1.71411864,  2.90864778,\n        -0.9686044 ],\n       [ 4.87482577,  3.29557089,  1.24430582,  1.71411864,  2.90864778,\n        -0.9686044 ],\n       [ 4.87482577,  3.29557089,  1.24430582,  1.71411864,  2.90864778,\n        -0.9686044 ],\n       [ 4.87482577,  3.29557089,  1.24430582,  1.71411864,  2.90864778,\n        -0.9686044 ],\n       [ 4.87482577,  3.29557089,  1.24430582,  1.71411864,  2.90864778,\n        -0.9686044 ],\n       [ 4.87482577,  3.29557089,  1.24430582,  1.71411864,  2.90864778,\n        -0.9686044 ],\n       [ 4.87482577,  3.29557089,  1.24430582,  1.71411864,  2.90864778,\n        -0.9686044 ]]), array([0.49430009, 0.49430009, 0.49430009, 0.49430009, 0.49430009,\n       0.49430009, 0.49430009]))", "callback": [0.7624964826968824, 0.7264940748302744, 0.7064151862785328, 0.7049879263542509, 0.7040724553813408, 0.7032219168119225, 0.7018450369815459, 0.7008729316464475, 0.7004136282572777, 0.6987230389082741, 0.6938604590586273, 0.6747945647478282, 0.6090922470427171, 0.5606395464820406, 0.5467759145303872, 0.5275823397970716, 0.5111114131373304, 0.5015664125666519, 0.49545797849692397, 0.4949068611290277, 0.4947429485461644, 0.49469422337374336, 0.49468638516172103, 0.49468385171273155, 0.49468335375120887, 0.49468292757157084, 0.49468190332282747, 0.49468135494358, 0.49467632668724426, 0.49465417869188133, 0.4946371700669535, 0.4945851672909335, 0.49454164406987733, 0.49436995650186066, 0.4943136054169589, 0.4943055037010221, 0.49430074174314875, 0.4943002707112404, 0.4943001635720913, 0.4943001060790265, 0.49430009352195026, 0.49430009086484905, 0.4943000901692097, 0.49430008994643726, 0.4943000899331439, 0.494300089915667, 0.4943000899124397, 0.49430008991156893, 0.49430008991132046, 0.4943000899112735, 0.4943000899112473, 0.49430008991123486, 0.494300089911231, 0.4943000899112283, 0.4943000899112282, 0.4943000899112281, 0.4943000899112281]}, "10": {"maxiter": 1000, "fatol": 1e-10, "xatol": 1e-05, "duration": 0.6084692478179932, "fun": "0.494300089915667", "nit": "449", "nfev": "700", "status": "0", "success": "True", "message": "Optimization terminated successfully.", "x": "[ 4.87482552  3.29556622  1.24430548  1.71411332  2.90864926 -0.96860239]", "final_simplex": "(array([[ 4.87482552,  3.29556622,  1.24430548,  1.71411332,  2.90864926,\n        -0.96860239],\n       [ 4.87482945,  3.29557412,  1.24430773,  1.71412063,  2.90864783,\n        -0.96861115],\n       [ 4.8748318 ,  3.29556476,  1.24429922,  1.71411441,  2.90864766,\n        -0.96860766],\n       [ 4.87483346,  3.29557086,  1.24429861,  1.71411662,  2.90865004,\n        -0.9686029 ],\n       [ 4.87483504,  3.29556822,  1.2443072 ,  1.71411298,  2.90864751,\n        -0.96860725],\n       [ 4.87483451,  3.29556293,  1.24430325,  1.71411919,  2.90864534,\n        -0.96860409],\n       [ 4.87482993,  3.29556051,  1.24431148,  1.7141205 ,  2.90865669,\n        -0.96860418]]), array([0.49430009, 0.49430009, 0.49430009, 0.49430009, 0.49430009,\n       0.49430009, 0.49430009]))", "callback": [0.7624964826968824, 0.7264940748302744, 0.7064151862785328, 0.7049879263542509, 0.7040724553813408, 0.7032219168119225, 0.7018450369815459, 0.7008729316464475, 0.7004136282572777, 0.6987230389082741, 0.6938604590586273, 0.6747945647478282, 0.6090922470427171, 0.5606395464820406, 0.5467759145303872, 0.5275823397970716, 0.5111114131373304, 0.5015664125666519, 0.49545797849692397, 0.4949068611290277, 0.4947429485461644, 0.49469422337374336, 0.49468638516172103, 0.49468385171273155, 0.49468335375120887, 0.49468292757157084, 0.49468190332282747, 0.49468135494358, 0.49467632668724426, 0.49465417869188133, 0.4946371700669535, 0.4945851672909335, 0.49454164406987733, 0.49436995650186066, 0.4943136054169589, 0.4943055037010221, 0.49430074174314875, 0.4943002707112404, 0.4943001635720913, 0.4943001060790265, 0.49430009352195026, 0.49430009086484905, 0.4943000901692097, 0.49430008994643726, 0.4943000899331439]}, "11": {"maxiter": 1000, "fatol": 1e-10, "xatol": 1e-10, "duration": 0.8391377925872803, "fun": "0.4943000899112281", "nit": "569", "nfev": "956", "status": "0", "success": "True", "message": "Optimization terminated successfully.", "x": "[ 4.87482577  3.29557089  1.24430582  1.71411864  2.90864778 -0.9686044 ]", "final_simplex": "(array([[ 4.87482577,  3.29557089,  1.24430582,  1.71411864,  2.90864778,\n        -0.9686044 ],\n       [ 4.87482577,  3.29557089,  1.24430582,  1.71411864,  2.90864778,\n        -0.9686044 ],\n       [ 4.87482577,  3.29557089,  1.24430582,  1.71411864,  2.90864778,\n        -0.9686044 ],\n       [ 4.87482577,  3.29557089,  1.24430582,  1.71411864,  2.90864778,\n        -0.9686044 ],\n       [ 4.87482577,  3.29557089,  1.24430582,  1.71411864,  2.90864778,\n        -0.9686044 ],\n       [ 4.87482577,  3.29557089,  1.24430582,  1.71411864,  2.90864778,\n        -0.9686044 ],\n       [ 4.87482577,  3.29557089,  1.24430582,  1.71411864,  2.90864778,\n        -0.9686044 ]]), array([0.49430009, 0.49430009, 0.49430009, 0.49430009, 0.49430009,\n       0.49430009, 0.49430009]))", "callback": [0.7624964826968824, 0.7264940748302744, 0.7064151862785328, 0.7049879263542509, 0.7040724553813408, 0.7032219168119225, 0.7018450369815459, 0.7008729316464475, 0.7004136282572777, 0.6987230389082741, 0.6938604590586273, 0.6747945647478282, 0.6090922470427171, 0.5606395464820406, 0.5467759145303872, 0.5275823397970716, 0.5111114131373304, 0.5015664125666519, 0.49545797849692397, 0.4949068611290277, 0.4947429485461644, 0.49469422337374336, 0.49468638516172103, 0.49468385171273155, 0.49468335375120887, 0.49468292757157084, 0.49468190332282747, 0.49468135494358, 0.49467632668724426, 0.49465417869188133, 0.4946371700669535, 0.4945851672909335, 0.49454164406987733, 0.49436995650186066, 0.4943136054169589, 0.4943055037010221, 0.49430074174314875, 0.4943002707112404, 0.4943001635720913, 0.4943001060790265, 0.49430009352195026, 0.49430009086484905, 0.4943000901692097, 0.49430008994643726, 0.4943000899331439, 0.494300089915667, 0.4943000899124397, 0.49430008991156893, 0.49430008991132046, 0.4943000899112735, 0.4943000899112473, 0.49430008991123486, 0.494300089911231, 0.4943000899112283, 0.4943000899112282, 0.4943000899112281, 0.4943000899112281]}}, "bfgs": {"type": "gradient", "0": {"maxiter": 100, "gtol": 1e-05, "xrtol": 1e-05, "eps": 1e-05, "duration": 0.17464423179626465, "fun": "0.4943000900279396", "jac": "[ 4.86677365e-07  7.69340147e-07 -5.10711473e-06  1.69555481e-06\n  1.28470568e-06  5.91842131e-06]", "hess_inv": "[[ 5.58965265  0.3728014  -2.0079846  -0.34273279 -1.53653652 -1.32978475]\n [ 0.3728014   4.94759339 -0.96546343  0.51646863 -1.67986122 -0.97113746]\n [-2.0079846  -0.96546343  7.13501319  1.08910357  1.20327688  2.83203103]\n [-0.34273279  0.51646863  1.08910357  4.78577403  0.25412023  0.05222545]\n [-1.53653652 -1.67986122  1.20327688  0.25412023  5.35249928  1.00006848]\n [-1.32978475 -0.97113746  2.83203103  0.05222545  1.00006848  4.59694408]]", "nfev": "224", "njev": "32", "status": "0", "success": "True", "message": "Optimization terminated successfully.", "x": "[ 4.87482874  3.29557056  1.24427355  1.71411663  2.90864946 -0.96859502]", "nit": "27", "callback": [0.7606158835578997, 0.7393912248319761, 0.7317806473275379, 0.7140107270453486, 0.6516428306843047, 0.642579302078683, 0.6266779892678016, 0.5986859364015364, 0.5570023790330372, 0.5358225621420762, 0.5222153232520081, 0.5013193839237631, 0.4953278006723424, 0.49448774303512366, 0.4943984907575044, 0.49435993372391274, 0.4943304499894431, 0.4943085685338534, 0.49430447318361004, 0.49430299040077774, 0.4943018135692344, 0.4943009070486143, 0.4943004673419876, 0.49430023872716444, 0.4943001247425428, 0.4943000931738256, 0.4943000900279396]}, "1": {"maxiter": 100, "gtol": 1e-05, "xrtol": 1e-05, "eps": 1e-10, "duration": 0.1737504005432129, "fun": "0.4943000900320067", "jac": "[-1.11022293e-06  0.00000000e+00 -5.55111466e-06  1.11022293e-06\n  2.22044587e-06  5.55111466e-06]", "hess_inv": "[[ 5.57691645  0.42281863 -1.98891508 -0.31937266 -1.52497331 -1.29602826]\n [ 0.42281863  5.04717553 -0.95001945  0.55130398 -1.68832951 -0.94216615]\n [-1.98891508 -0.95001945  7.11380137  1.11282639  1.16165944  2.79753897]\n [-0.31937266  0.55130398  1.11282639  4.77488724  0.27468084  0.0704383 ]\n [-1.52497331 -1.68832951  1.16165944  0.27468084  5.32221176  0.97762498]\n [-1.29602826 -0.94216615  2.79753897  0.0704383   0.97762498  4.59693967]]", "nfev": "224", "njev": "32", "status": "0", "success": "True", "message": "Optimization terminated successfully.", "x": "[ 4.87481333  3.29556092  1.24429295  1.71412173  2.90866467 -0.96858243]", "nit": "27", "callback": [0.760615848782526, 0.7393910801386627, 0.7317805441701364, 0.714007109716261, 0.6516174927176377, 0.642551583595744, 0.626648920556526, 0.5986579791637399, 0.5569843029916552, 0.5358134256860612, 0.5221890355731529, 0.5012876405627738, 0.4953208190148015, 0.4944870114421226, 0.4943978085810631, 0.4943597835334512, 0.49433034280099186, 0.4943086199335346, 0.49430449395453646, 0.4943030080740817, 0.49430181958052855, 0.49430091586915503, 0.4943004696925596, 0.49430024242346815, 0.49430012477990204, 0.49430009372249895, 0.4943000900320067]}, "2": {"maxiter": 100, "gtol": 1e-05, "xrtol": 1e-10, "eps": 1e-05, "duration": 0.1911330223083496, "fun": "0.4943000900279396", "jac": "[ 4.86677365e-07  7.69340147e-07 -5.10711473e-06  1.69555481e-06\n  1.28470568e-06  5.91842131e-06]", "hess_inv": "[[ 5.58965265  0.3728014  -2.0079846  -0.34273279 -1.53653652 -1.32978475]\n [ 0.3728014   4.94759339 -0.96546343  0.51646863 -1.67986122 -0.97113746]\n [-2.0079846  -0.96546343  7.13501319  1.08910357  1.20327688  2.83203103]\n [-0.34273279  0.51646863  1.08910357  4.78577403  0.25412023  0.05222545]\n [-1.53653652 -1.67986122  1.20327688  0.25412023  5.35249928  1.00006848]\n [-1.32978475 -0.97113746  2.83203103  0.05222545  1.00006848  4.59694408]]", "nfev": "224", "njev": "32", "status": "0", "success": "True", "message": "Optimization terminated successfully.", "x": "[ 4.87482874  3.29557056  1.24427355  1.71411663  2.90864946 -0.96859502]", "nit": "27", "callback": [0.7606158835578997, 0.7393912248319761, 0.7317806473275379, 0.7140107270453486, 0.6516428306843047, 0.642579302078683, 0.6266779892678016, 0.5986859364015364, 0.5570023790330372, 0.5358225621420762, 0.5222153232520081, 0.5013193839237631, 0.4953278006723424, 0.49448774303512366, 0.4943984907575044, 0.49435993372391274, 0.4943304499894431, 0.4943085685338534, 0.49430447318361004, 0.49430299040077774, 0.4943018135692344, 0.4943009070486143, 0.4943004673419876, 0.49430023872716444, 0.4943001247425428, 0.4943000931738256, 0.4943000900279396]}, "3": {"maxiter": 100, "gtol": 1e-05, "xrtol": 1e-10, "eps": 1e-10, "duration": 0.17450881004333496, "fun": "0.4943000900320067", "jac": "[-1.11022293e-06  0.00000000e+00 -5.55111466e-06  1.11022293e-06\n  2.22044587e-06  5.55111466e-06]", "hess_inv": "[[ 5.57691645  0.42281863 -1.98891508 -0.31937266 -1.52497331 -1.29602826]\n [ 0.42281863  5.04717553 -0.95001945  0.55130398 -1.68832951 -0.94216615]\n [-1.98891508 -0.95001945  7.11380137  1.11282639  1.16165944  2.79753897]\n [-0.31937266  0.55130398  1.11282639  4.77488724  0.27468084  0.0704383 ]\n [-1.52497331 -1.68832951  1.16165944  0.27468084  5.32221176  0.97762498]\n [-1.29602826 -0.94216615  2.79753897  0.0704383   0.97762498  4.59693967]]", "nfev": "224", "njev": "32", "status": "0", "success": "True", "message": "Optimization terminated successfully.", "x": "[ 4.87481333  3.29556092  1.24429295  1.71412173  2.90866467 -0.96858243]", "nit": "27", "callback": [0.760615848782526, 0.7393910801386627, 0.7317805441701364, 0.714007109716261, 0.6516174927176377, 0.642551583595744, 0.626648920556526, 0.5986579791637399, 0.5569843029916552, 0.5358134256860612, 0.5221890355731529, 0.5012876405627738, 0.4953208190148015, 0.4944870114421226, 0.4943978085810631, 0.4943597835334512, 0.49433034280099186, 0.4943086199335346, 0.49430449395453646, 0.4943030080740817, 0.49430181958052855, 0.49430091586915503, 0.4943004696925596, 0.49430024242346815, 0.49430012477990204, 0.49430009372249895, 0.4943000900320067]}, "4": {"maxiter": 100, "gtol": 1e-10, "xrtol": 1e-05, "eps": 1e-05, "duration": 0.1952517032623291, "fun": "0.4943000899304998", "jac": "[-2.13118412e-07 -3.89155375e-07 -5.37614397e-07  4.00945943e-07\n -1.70063963e-07  4.21351842e-07]", "hess_inv": "[[ 5.60067123  0.36691785 -2.13157075 -0.3172265  -1.51262142 -1.25734537]\n [ 0.36691785  4.87716559 -1.19806193  0.57090736 -1.66849519 -0.88167202]\n [-2.13157075 -1.19806193  7.30931787  1.07924269  1.03299952  2.53963248]\n [-0.3172265   0.57090736  1.07924269  4.78185718  0.28715207  0.10136513]\n [-1.51262142 -1.66849519  1.03299952  0.28715207  5.39648714  1.1152526 ]\n [-1.25734537 -0.88167202  2.53963248  0.10136513  1.1152526   4.84997333]]", "nfev": "231", "njev": "33", "status": "0", "success": "True", "message": "Optimization terminated successfully.", "x": "[ 4.87482477  3.2955669   1.24429465  1.71411278  2.90864274 -0.96861106]", "nit": "28", "callback": [0.7606158835578997, 0.7393912248319761, 0.7317806473275379, 0.7140107270453486, 0.6516428306843047, 0.642579302078683, 0.6266779892678016, 0.5986859364015364, 0.5570023790330372, 0.5358225621420762, 0.5222153232520081, 0.5013193839237631, 0.4953278006723424, 0.49448774303512366, 0.4943984907575044, 0.49435993372391274, 0.4943304499894431, 0.4943085685338534, 0.49430447318361004, 0.49430299040077774, 0.4943018135692344, 0.4943009070486143, 0.4943004673419876, 0.49430023872716444, 0.4943001247425428, 0.4943000931738256, 0.4943000900279396, 0.4943000899304998]}, "5": {"maxiter": 100, "gtol": 1e-10, "xrtol": 1e-05, "eps": 1e-10, "duration": 0.17894458770751953, "fun": "0.49430008992315155", "jac": "[-1.11022293e-06  0.00000000e+00  0.00000000e+00  1.11022293e-06\n  0.00000000e+00  1.11022293e-06]", "hess_inv": "[[ 5.48478521  0.26723156 -2.06625755 -0.32497712 -1.51819281 -1.33465622]\n [ 0.26723156  4.83586623 -1.17889526  0.54834655 -1.58230575 -0.88308945]\n [-2.06625755 -1.17889526  7.23658484  1.09569108  0.98668985  2.52764425]\n [-0.32497712  0.54834655  1.09569108  4.77536947  0.28705696  0.0838139 ]\n [-1.51819281 -1.58230575  0.98668985  0.28705696  5.49558984  1.20901722]\n [-1.33465622 -0.88308945  2.52764425  0.0838139   1.20901722  4.88115638]]", "nfev": "231", "njev": "33", "status": "0", "success": "True", "message": "Optimization terminated successfully.", "x": "[ 4.87481909  3.29556248  1.24431339  1.71412104  2.90864923 -0.96859976]", "nit": "28", "callback": [0.760615848782526, 0.7393910801386627, 0.7317805441701364, 0.714007109716261, 0.6516174927176377, 0.642551583595744, 0.626648920556526, 0.5986579791637399, 0.5569843029916552, 0.5358134256860612, 0.5221890355731529, 0.5012876405627738, 0.4953208190148015, 0.4944870114421226, 0.4943978085810631, 0.4943597835334512, 0.49433034280099186, 0.4943086199335346, 0.49430449395453646, 0.4943030080740817, 0.49430181958052855, 0.49430091586915503, 0.4943004696925596, 0.49430024242346815, 0.49430012477990204, 0.49430009372249895, 0.4943000900320067, 0.49430008992315155]}, "6": {"maxiter": 100, "gtol": 1e-10, "xrtol": 1e-10, "eps": 1e-05, "duration": 0.5499725341796875, "fun": "0.4943000899283968", "jac": "[-2.70339307e-08 -4.23772128e-08 -5.95079541e-09  4.25437463e-08\n -2.58015831e-08  9.15933995e-09]", "hess_inv": "[[ 5.63082454  0.41628785 -2.01733122 -0.40637622 -1.54282558 -1.37799488]\n [ 0.41628785  4.94460087 -1.06211895  0.4354693  -1.71482101 -1.05962485]\n [-2.01733122 -1.06211895  7.29465709  0.91501435  1.03075065  2.43465535]\n [-0.40637622  0.4354693   0.91501435  4.96672802  0.32105201  0.2961849 ]\n [-1.54282558 -1.71482101  1.03075065  0.32105201  5.38621671  1.12141612]\n [-1.37799488 -1.05962485  2.43465535  0.2961849   1.12141612  4.99937897]]", "nfev": "453", "njev": "63", "status": "2", "success": "False", "message": "Desired error not necessarily achieved due to precision loss.", "x": "[ 4.87482538  3.29556816  1.2442966   1.71411148  2.9086426  -0.9686124 ]", "nit": "29", "callback": [0.7606158835578997, 0.7393912248319761, 0.7317806473275379, 0.7140107270453486, 0.6516428306843047, 0.642579302078683, 0.6266779892678016, 0.5986859364015364, 0.5570023790330372, 0.5358225621420762, 0.5222153232520081, 0.5013193839237631, 0.4953278006723424, 0.49448774303512366, 0.4943984907575044, 0.49435993372391274, 0.4943304499894431, 0.4943085685338534, 0.49430447318361004, 0.49430299040077774, 0.4943018135692344, 0.4943009070486143, 0.4943004673419876, 0.49430023872716444, 0.4943001247425428, 0.4943000931738256, 0.4943000900279396, 0.4943000899304998, 0.4943000899283968]}, "7": {"maxiter": 100, "gtol": 1e-10, "xrtol": 1e-10, "eps": 1e-10, "duration": 0.8763620853424072, "fun": "0.49430008991348207", "jac": "[2.22044587e-06 0.00000000e+00 0.00000000e+00 2.22044587e-06\n 1.11022293e-06 2.22044587e-06]", "hess_inv": "[[ 60.2346792  -19.92499504  -4.23734883  -8.21390431  -4.43146674\n  -10.55982603]\n [-19.92499504   9.86125989   0.16427879   3.36350917   0.09605071\n    3.3291755 ]\n [ -4.23734883   0.16427879   4.82450876   0.17327422   0.3263789\n    1.15288361]\n [ -8.21390431   3.36350917   0.17327422   1.55485397   1.18835599\n    0.84145425]\n [ -4.43146674   0.09605071   0.3263789    1.18835599   3.46799689\n   -0.85499054]\n [-10.55982603   3.3291755    1.15288361   0.84145425  -0.85499054\n    3.00570519]]", "nfev": "558", "njev": "78", "status": "2", "success": "False", "message": "Desired error not necessarily achieved due to precision loss.", "x": "[ 4.87482563  3.29556991  1.24430241  1.71411468  2.90864912 -0.96860581]", "nit": "33", "callback": [0.760615848782526, 0.7393910801386627, 0.7317805441701364, 0.714007109716261, 0.6516174927176377, 0.642551583595744, 0.626648920556526, 0.5986579791637399, 0.5569843029916552, 0.5358134256860612, 0.5221890355731529, 0.5012876405627738, 0.4953208190148015, 0.4944870114421226, 0.4943978085810631, 0.4943597835334512, 0.49433034280099186, 0.4943086199335346, 0.49430449395453646, 0.4943030080740817, 0.49430181958052855, 0.49430091586915503, 0.4943004696925596, 0.49430024242346815, 0.49430012477990204, 0.49430009372249895, 0.4943000900320067, 0.49430008992315155, 0.49430008992075536, 0.4943000899137896, 0.4943000899136113, 0.4943000899135567, 0.49430008991348207]}, "8": {"maxiter": 500, "gtol": 1e-05, "xrtol": 1e-05, "eps": 1e-05, "duration": 0.3517627716064453, "fun": "0.4943000900279396", "jac": "[ 4.86677365e-07  7.69340147e-07 -5.10711473e-06  1.69555481e-06\n  1.28470568e-06  5.91842131e-06]", "hess_inv": "[[ 5.58965265  0.3728014  -2.0079846  -0.34273279 -1.53653652 -1.32978475]\n [ 0.3728014   4.94759339 -0.96546343  0.51646863 -1.67986122 -0.97113746]\n [-2.0079846  -0.96546343  7.13501319  1.08910357  1.20327688  2.83203103]\n [-0.34273279  0.51646863  1.08910357  4.78577403  0.25412023  0.05222545]\n [-1.53653652 -1.67986122  1.20327688  0.25412023  5.35249928  1.00006848]\n [-1.32978475 -0.97113746  2.83203103  0.05222545  1.00006848  4.59694408]]", "nfev": "224", "njev": "32", "status": "0", "success": "True", "message": "Optimization terminated successfully.", "x": "[ 4.87482874  3.29557056  1.24427355  1.71411663  2.90864946 -0.96859502]", "nit": "27", "callback": [0.7606158835578997, 0.7393912248319761, 0.7317806473275379, 0.7140107270453486, 0.6516428306843047, 0.642579302078683, 0.6266779892678016, 0.5986859364015364, 0.5570023790330372, 0.5358225621420762, 0.5222153232520081, 0.5013193839237631, 0.4953278006723424, 0.49448774303512366, 0.4943984907575044, 0.49435993372391274, 0.4943304499894431, 0.4943085685338534, 0.49430447318361004, 0.49430299040077774, 0.4943018135692344, 0.4943009070486143, 0.4943004673419876, 0.49430023872716444, 0.4943001247425428, 0.4943000931738256, 0.4943000900279396]}, "9": {"maxiter": 500, "gtol": 1e-05, "xrtol": 1e-05, "eps": 1e-10, "duration": 0.35460877418518066, "fun": "0.4943000900320067", "jac": "[-1.11022293e-06  0.00000000e+00 -5.55111466e-06  1.11022293e-06\n  2.22044587e-06  5.55111466e-06]", "hess_inv": "[[ 5.57691645  0.42281863 -1.98891508 -0.31937266 -1.52497331 -1.29602826]\n [ 0.42281863  5.04717553 -0.95001945  0.55130398 -1.68832951 -0.94216615]\n [-1.98891508 -0.95001945  7.11380137  1.11282639  1.16165944  2.79753897]\n [-0.31937266  0.55130398  1.11282639  4.77488724  0.27468084  0.0704383 ]\n [-1.52497331 -1.68832951  1.16165944  0.27468084  5.32221176  0.97762498]\n [-1.29602826 -0.94216615  2.79753897  0.0704383   0.97762498  4.59693967]]", "nfev": "224", "njev": "32", "status": "0", "success": "True", "message": "Optimization terminated successfully.", "x": "[ 4.87481333  3.29556092  1.24429295  1.71412173  2.90866467 -0.96858243]", "nit": "27", "callback": [0.760615848782526, 0.7393910801386627, 0.7317805441701364, 0.714007109716261, 0.6516174927176377, 0.642551583595744, 0.626648920556526, 0.5986579791637399, 0.5569843029916552, 0.5358134256860612, 0.5221890355731529, 0.5012876405627738, 0.4953208190148015, 0.4944870114421226, 0.4943978085810631, 0.4943597835334512, 0.49433034280099186, 0.4943086199335346, 0.49430449395453646, 0.4943030080740817, 0.49430181958052855, 0.49430091586915503, 0.4943004696925596, 0.49430024242346815, 0.49430012477990204, 0.49430009372249895, 0.4943000900320067]}, "10": {"maxiter": 500, "gtol": 1e-05, "xrtol": 1e-10, "eps": 1e-05, "duration": 0.17372727394104004, "fun": "0.4943000900279396", "jac": "[ 4.86677365e-07  7.69340147e-07 -5.10711473e-06  1.69555481e-06\n  1.28470568e-06  5.91842131e-06]", "hess_inv": "[[ 5.58965265  0.3728014  -2.0079846  -0.34273279 -1.53653652 -1.32978475]\n [ 0.3728014   4.94759339 -0.96546343  0.51646863 -1.67986122 -0.97113746]\n [-2.0079846  -0.96546343  7.13501319  1.08910357  1.20327688  2.83203103]\n [-0.34273279  0.51646863  1.08910357  4.78577403  0.25412023  0.05222545]\n [-1.53653652 -1.67986122  1.20327688  0.25412023  5.35249928  1.00006848]\n [-1.32978475 -0.97113746  2.83203103  0.05222545  1.00006848  4.59694408]]", "nfev": "224", "njev": "32", "status": "0", "success": "True", "message": "Optimization terminated successfully.", "x": "[ 4.87482874  