{"date": "2024/10/27/, 20:07:36", "conf_id": 149, "data_type": "orthogonal\n", "num_data_points": 4, "s_rank": 0, "unitary": "[[-0.24866696+0.58742286j,-0.44704345-0.43151574j,-0.35669027-0.20570733j,-0.10517633+0.1626036j],[0.10596805-0.19687975j,-0.30269685-0.15056416j,0.18246286+0.30440582j,-0.83484447-0.11310748j],[0.26054512-0.52548482j,0.0285017-0.50723956j,-0.43110112+0.17165838j,0.15243271+0.39915801j],[0.42978035+0.11991271j,-0.17224126-0.46030424j,0.6827807-0.15164662j,0.26483638+0.0061855j]]", "databatch_0": {"databatch": "[[[0.04370076-0.08496168j,0.43221805+0.36943846j,0.01097211+0.17627964j,0.42679235-0.03941867j],[0.00696052-0.08213632j,0.45528929+0.09922461j,0.07545294+0.11891347j,0.30627552-0.19698855j],[0.00641793+0.02697637j,-0.19980846-0.03407505j,-0.03822347-0.05460447j,-0.11503786+0.08109835j],[-0.00825567-0.01962105j,0.07423286+0.01479044j,0.00882509+0.02246837j,0.03768401-0.0448407j]],[[0.10256264+0.12210292j,-0.16514396-0.32757874j,0.09030822-0.16508051j,-0.06967409+0.08344485j],[-0.20276721-0.05738952j,0.17235131+0.1548544j,-0.03176035+0.16762099j,-0.14289293-0.11325856j],[-0.04574965-0.04370441j,-0.39056556-0.24366603j,-0.08422719-0.14324832j,-0.33202713-0.09470647j],[0.0147768-0.21325056j,0.1795406-0.07476006j,-0.02367859-0.01152776j,0.16059851-0.39946909j]],[[0.03207658-0.08585165j,0.43061703+0.37304412j,0.00803343+0.18203707j,0.41023289-0.04188323j],[0.03531246-0.0920641j,0.43316288+0.08460319j,0.07093367+0.09601831j,0.33481154-0.20426728j],[0.03077116-0.00360642j,-0.22547059-0.03755074j,-0.05587225-0.07550585j,-0.08471949+0.04931095j],[-0.04091514-0.05122764j,0.06593643+0.04670137j,-0.01833106+0.04099834j,0.00430781-0.08169292j]],[[0.17231211+0.14792262j,-0.10215583-0.30148662j,0.1219784-0.17146787j,0.06566206+0.13819018j],[-0.29226358-0.06643535j,0.15229868+0.2106027j,-0.06388584+0.21817657j,-0.26573736-0.11831386j],[-0.03658532-0.11528606j,-0.30115532-0.11892692j,-0.1167166-0.09857843j,-0.21312205-0.15618518j],[0.0445844-0.27154549j,0.01828975-0.0193434j,-0.10591715-0.05097093j,0.15220764-0.39961561j]]]", "initial param values": "[3.72299766,3.90701198,1.78368661,0.28461202,1.15767073,0.21376244]", "nelder_mead": {"type": "gradient-free", "0": {"maxiter": 100, "fatol": 1e-05, "xatol": 1e-05, "duration": 0.1248621940612793, "fun": "0.30413849082092437", "nit": "100", "nfev": "157", "status": "2", "success": "False", "message": "Maximum number of iterations has been exceeded.", "x": "[4.20523402 2.96483392 2.30086113 0.30238833 2.10576188 0.24134067]", "final_simplex": "(array([[4.20523402, 2.96483392, 2.30086113, 0.30238833, 2.10576188,\n        0.24134067],\n       [4.25311877, 2.95701016, 2.29072507, 0.29966462, 2.13090857,\n        0.24508817],\n       [4.23145207, 2.98011906, 2.27530219, 0.29849879, 2.10289732,\n        0.24128964],\n       [4.2448693 , 2.95287428, 2.30837784, 0.29880726, 2.12197469,\n        0.24042057],\n       [4.2156151 , 2.95632399, 2.2939871 , 0.29689442, 2.10893905,\n        0.2406059 ],\n       [4.22178476, 2.99209133, 2.35383443, 0.29706036, 2.1078687 ,\n        0.23947307],\n       [4.2370623 , 2.96281567, 2.28923728, 0.29419711, 2.07959616,\n        0.23959803]]), array([0.30413849, 0.30423662, 0.30429049, 0.30431464, 0.30435371,\n       0.30457193, 0.30457698]))", "callback": [0.4538583284429536, 0.4219509432782913, 0.4046881771432602, 0.3850297812533692, 0.363574911430662, 0.3411183100385945, 0.3072947896651692, 0.3072947896651692, 0.30565133784675724, 0.3043146368744464]}, "1": {"maxiter": 100, "fatol": 1e-05, "xatol": 1e-10, "duration": 0.12084746360778809, "fun": "0.30413849082092437", "nit": "100", "nfev": "157", "status": "2", "success": "False", "message": "Maximum number of iterations has been exceeded.", "x": "[4.20523402 2.96483392 2.30086113 0.30238833 2.10576188 0.24134067]", "final_simplex": "(array([[4.20523402, 2.96483392, 2.30086113, 0.30238833, 2.10576188,\n        0.24134067],\n       [4.25311877, 2.95701016, 2.29072507, 0.29966462, 2.13090857,\n        0.24508817],\n       [4.23145207, 2.98011906, 2.27530219, 0.29849879, 2.10289732,\n        0.24128964],\n       [4.2448693 , 2.95287428, 2.30837784, 0.29880726, 2.12197469,\n        0.24042057],\n       [4.2156151 , 2.95632399, 2.2939871 , 0.29689442, 2.10893905,\n        0.2406059 ],\n       [4.22178476, 2.99209133, 2.35383443, 0.29706036, 2.1078687 ,\n        0.23947307],\n       [4.2370623 , 2.96281567, 2.28923728, 0.29419711, 2.07959616,\n        0.23959803]]), array([0.30413849, 0.30423662, 0.30429049, 0.30431464, 0.30435371,\n       0.30457193, 0.30457698]))", "callback": [0.4538583284429536, 0.4219509432782913, 0.4046881771432602, 0.3850297812533692, 0.363574911430662, 0.3411183100385945, 0.3072947896651692, 0.3072947896651692, 0.30565133784675724, 0.3043146368744464]}, "2": {"maxiter": 100, "fatol": 1e-10, "xatol": 1e-05, "duration": 0.1210174560546875, "fun": "0.30413849082092437", "nit": "100", "nfev": "157", "status": "2", "success": "False", "message": "Maximum number of iterations has been exceeded.", "x": "[4.20523402 2.96483392 2.30086113 0.30238833 2.10576188 0.24134067]", "final_simplex": "(array([[4.20523402, 2.96483392, 2.30086113, 0.30238833, 2.10576188,\n        0.24134067],\n       [4.25311877, 2.95701016, 2.29072507, 0.29966462, 2.13090857,\n        0.24508817],\n       [4.23145207, 2.98011906, 2.27530219, 0.29849879, 2.10289732,\n        0.24128964],\n       [4.2448693 , 2.95287428, 2.30837784, 0.29880726, 2.12197469,\n        0.24042057],\n       [4.2156151 , 2.95632399, 2.2939871 , 0.29689442, 2.10893905,\n        0.2406059 ],\n       [4.22178476, 2.99209133, 2.35383443, 0.29706036, 2.1078687 ,\n        0.23947307],\n       [4.2370623 , 2.96281567, 2.28923728, 0.29419711, 2.07959616,\n        0.23959803]]), array([0.30413849, 0.30423662, 0.30429049, 0.30431464, 0.30435371,\n       0.30457193, 0.30457698]))", "callback": [0.4538583284429536, 0.4219509432782913, 0.4046881771432602, 0.3850297812533692, 0.363574911430662, 0.3411183100385945, 0.3072947896651692, 0.3072947896651692, 0.30565133784675724, 0.3043146368744464]}, "3": {"maxiter": 100, "fatol": 1e-10, "xatol": 1e-10, "duration": 0.1212306022644043, "fun": "0.30413849082092437", "nit": "100", "nfev": "157", "status": "2", "success": "False", "message": "Maximum number of iterations has been exceeded.", "x": "[4.20523402 2.96483392 2.30086113 0.30238833 2.10576188 0.24134067]", "final_simplex": "(array([[4.20523402, 2.96483392, 2.30086113, 0.30238833, 2.10576188,\n        0.24134067],\n       [4.25311877, 2.95701016, 2.29072507, 0.29966462, 2.13090857,\n        0.24508817],\n       [4.23145207, 2.98011906, 2.27530219, 0.29849879, 2.10289732,\n        0.24128964],\n       [4.2448693 , 2.95287428, 2.30837784, 0.29880726, 2.12197469,\n        0.24042057],\n       [4.2156151 , 2.95632399, 2.2939871 , 0.29689442, 2.10893905,\n        0.2406059 ],\n       [4.22178476, 2.99209133, 2.35383443, 0.29706036, 2.1078687 ,\n        0.23947307],\n       [4.2370623 , 2.96281567, 2.28923728, 0.29419711, 2.07959616,\n        0.23959803]]), array([0.30413849, 0.30423662, 0.30429049, 0.30431464, 0.30435371,\n       0.30457193, 0.30457698]))", "callback": [0.4538583284429536, 0.4219509432782913, 0.4046881771432602, 0.3850297812533692, 0.363574911430662, 0.3411183100385945, 0.3072947896651692, 0.3072947896651692, 0.30565133784675724, 0.3043146368744464]}, "4": {"maxiter": 500, "fatol": 1e-05, "xatol": 1e-05, "duration": 0.5475687980651855, "fun": "0.2930904723429356", "nit": "451", "nfev": "711", "status": "0", "success": "True", "message": "Optimization terminated successfully.", "x": "[4.22098451 2.89944791 2.31167305 0.49166917 1.56823203 0.83619537]", "final_simplex": "(array([[4.22098451, 2.89944791, 2.31167305, 0.49166917, 1.56823203,\n        0.83619537],\n       [4.22098524, 2.89944874, 2.31167139, 0.49166876, 1.56823077,\n        0.83619629],\n       [4.22098592, 2.89944449, 2.31167029, 0.49166999, 1.56823515,\n        0.83619439],\n       [4.22098429, 2.8994458 , 2.31167428, 0.49167061, 1.56823617,\n        0.83619386],\n       [4.22098413, 2.8994448 , 2.3116707 , 0.49167175, 1.56823754,\n        0.83619065],\n       [4.22098466, 2.89944815, 2.31167394, 0.49167063, 1.56823123,\n        0.83619519],\n       [4.22098561, 2.89944628, 2.31167171, 0.49166935, 1.56824065,\n        0.83618842]]), array([0.29309047, 0.29309047, 0.29309047, 0.29309047, 0.29309047,\n       0.29309047, 0.29309047]))", "callback": [0.4538583284429536, 0.4219509432782913, 0.4046881771432602, 0.3850297812533692, 0.363574911430662, 0.3411183100385945, 0.3072947896651692, 0.3072947896651692, 0.30565133784675724, 0.3043146368744464, 0.30413849082092437, 0.3038251204419964, 0.3033812938787408, 0.30071437425309555, 0.2992235736043697, 0.2989846196360719, 0.2988935635550156, 0.29883476360905314, 0.298778742069005, 0.2986709734806794, 0.29849428676298384, 0.2980039205174473, 0.2970772444673575, 0.2960806872589762, 0.2951394790498343, 0.2946810739815978, 0.29382044989193123, 0.2933100496282126, 0.29322723306971477, 0.29315108141630697, 0.29310842211911825, 0.2930981608063482, 0.2930938516722351, 0.2930925176822221, 0.29309160921910027, 0.293091072878339, 0.2930906021679852, 0.29309054758188724, 0.2930904819621114, 0.2930904731135642, 0.2930904727204411, 0.2930904724379444, 0.2930904723673138, 0.29309047234807595, 0.29309047234402874, 0.2930904723429356]}, "5": {"maxiter": 500, "fatol": 1e-05, "xatol": 1e-10, "duration": 0.8063094615936279, "fun": "0.29309047234247676", "nit": "500", "nfev": "794", "status": "2", "success": "False", "message": "Maximum number of iterations has been exceeded.", "x": "[4.22098481 2.89944641 2.31167204 0.49167044 1.56823447 0.83619445]", "final_simplex": "(array([[4.22098481, 2.89944641, 2.31167204, 0.49167044, 1.56823447,\n        0.83619445],\n       [4.2209849 , 2.89944643, 2.31167195, 0.49167045, 1.56823399,\n        0.83619476],\n       [4.22098477, 2.89944653, 2.31167222, 0.49167049, 1.56823407,\n        0.83619466],\n       [4.22098481, 2.89944639, 2.31167205, 0.49167052, 1.56823401,\n        0.83619498],\n       [4.22098479, 2.89944654, 2.31167203, 0.49167033, 1.56823379,\n        0.83619505],\n       [4.22098484, 2.89944639, 2.31167215, 0.49167039, 1.56823422,\n        0.83619472],\n       [4.22098476, 2.89944635, 2.31167198, 0.4916705 , 1.56823404,\n        0.83619485]]), array([0.29309047, 0.29309047, 0.29309047, 0.29309047, 0.29309047,\n       0.29309047, 0.29309047]))", "callback": [0.4538583284429536, 0.4219509432782913, 0.4046881771432602, 0.3850297812533692, 0.363574911430662, 0.3411183100385945, 0.3072947896651692, 0.3072947896651692, 0.30565133784675724, 0.3043146368744464, 0.30413849082092437, 0.3038251204419964, 0.3033812938787408, 0.30071437425309555, 0.2992235736043697, 0.2989846196360719, 0.2988935635550156, 0.29883476360905314, 0.298778742069005, 0.2986709734806794, 0.29849428676298384, 0.2980039205174473, 0.2970772444673575, 0.2960806872589762, 0.2951394790498343, 0.2946810739815978, 0.29382044989193123, 0.2933100496282126, 0.29322723306971477, 0.29315108141630697, 0.29310842211911825, 0.2930981608063482, 0.2930938516722351, 0.2930925176822221, 0.29309160921910027, 0.293091072878339, 0.2930906021679852, 0.29309054758188724, 0.2930904819621114, 0.2930904731135642, 0.2930904727204411, 0.2930904724379444, 0.2930904723673138, 0.29309047234807595, 0.29309047234402874, 0.29309047234281427, 0.29309047234257934, 0.2930904723425094, 0.29309047234249364, 0.2930904723424822]}, "6": {"maxiter": 500, "fatol": 1e-10, "xatol": 1e-05, "duration": 1.0986742973327637, "fun": "0.2930904723429356", "nit": "451", "nfev": "711", "status": "0", "success": "True", "message": "Optimization terminated successfully.", "x": "[4.22098451 2.89944791 2.31167305 0.49166917 1.56823203 0.83619537]", "final_simplex": "(array([[4.22098451, 2.89944791, 2.31167305, 0.49166917, 1.56823203,\n        0.83619537],\n       [4.22098524, 2.89944874, 2.31167139, 0.49166876, 1.56823077,\n        0.83619629],\n       [4.22098592, 2.89944449, 2.31167029, 0.49166999, 1.56823515,\n        0.83619439],\n       [4.22098429, 2.8994458 , 2.31167428, 0.49167061, 1.56823617,\n        0.83619386],\n       [4.22098413, 2.8994448 , 2.3116707 , 0.49167175, 1.56823754,\n        0.83619065],\n       [4.22098466, 2.89944815, 2.31167394, 0.49167063, 1.56823123,\n        0.83619519],\n       [4.22098561, 2.89944628, 2.31167171, 0.49166935, 1.56824065,\n        0.83618842]]), array([0.29309047, 0.29309047, 0.29309047, 0.29309047, 0.29309047,\n       0.29309047, 0.29309047]))", "callback": [0.4538583284429536, 0.4219509432782913, 0.4046881771432602, 0.3850297812533692, 0.363574911430662, 0.3411183100385945, 0.3072947896651692, 0.3072947896651692, 0.30565133784675724, 0.3043146368744464, 0.30413849082092437, 0.3038251204419964, 0.3033812938787408, 0.30071437425309555, 0.2992235736043697, 0.2989846196360719, 0.2988935635550156, 0.29883476360905314, 0.298778742069005, 0.2986709734806794, 0.29849428676298384, 0.2980039205174473, 0.2970772444673575, 0.2960806872589762, 0.2951394790498343, 0.2946810739815978, 0.29382044989193123, 0.2933100496282126, 0.29322723306971477, 0.29315108141630697, 0.29310842211911825, 0.2930981608063482, 0.2930938516722351, 0.2930925176822221, 0.29309160921910027, 0.293091072878339, 0.2930906021679852, 0.29309054758188724, 0.2930904819621114, 0.2930904731135642, 0.2930904727204411, 0.2930904724379444, 0.2930904723673138, 0.29309047234807595, 0.29309047234402874, 0.2930904723429356]}, "7": {"maxiter": 500, "fatol": 1e-10, "xatol": 1e-10, "duration": 0.7886266708374023, "fun": "0.29309047234247676", "nit": "500", "nfev": "794", "status": "2", "success": "False", "message": "Maximum number of iterations has been exceeded.", "x": "[4.22098481 2.89944641 2.31167204 0.49167044 1.56823447 0.83619445]", "final_simplex": "(array([[4.22098481, 2.89944641, 2.31167204, 0.49167044, 1.56823447,\n        0.83619445],\n       [4.2209849 , 2.89944643, 2.31167195, 0.49167045, 1.56823399,\n        0.83619476],\n       [4.22098477, 2.89944653, 2.31167222, 0.49167049, 1.56823407,\n        0.83619466],\n       [4.22098481, 2.89944639, 2.31167205, 0.49167052, 1.56823401,\n        0.83619498],\n       [4.22098479, 2.89944654, 2.31167203, 0.49167033, 1.56823379,\n        0.83619505],\n       [4.22098484, 2.89944639, 2.31167215, 0.49167039, 1.56823422,\n        0.83619472],\n       [4.22098476, 2.89944635, 2.31167198, 0.4916705 , 1.56823404,\n        0.83619485]]), array([0.29309047, 0.29309047, 0.29309047, 0.29309047, 0.29309047,\n       0.29309047, 0.29309047]))", "callback": [0.4538583284429536, 0.4219509432782913, 0.4046881771432602, 0.3850297812533692, 0.363574911430662, 0.3411183100385945, 0.3072947896651692, 0.3072947896651692, 0.30565133784675724, 0.3043146368744464, 0.30413849082092437, 0.3038251204419964, 0.3033812938787408, 0.30071437425309555, 0.2992235736043697, 0.2989846196360719, 0.2988935635550156, 0.29883476360905314, 0.298778742069005, 0.2986709734806794, 0.29849428676298384, 0.2980039205174473, 0.2970772444673575, 0.2960806872589762, 0.2951394790498343, 0.2946810739815978, 0.29382044989193123, 0.2933100496282126, 0.29322723306971477, 0.29315108141630697, 0.29310842211911825, 0.2930981608063482, 0.2930938516722351, 0.2930925176822221, 0.29309160921910027, 0.293091072878339, 0.2930906021679852, 0.29309054758188724, 0.2930904819621114, 0.2930904731135642, 0.2930904727204411, 0.2930904724379444, 0.2930904723673138, 0.29309047234807595, 0.29309047234402874, 0.29309047234281427, 0.29309047234257934, 0.2930904723425094, 0.29309047234249364, 0.2930904723424822]}, "8": {"maxiter": 1000, "fatol": 1e-05, "xatol": 1e-05, "duration": 0.6573443412780762, "fun": "0.2930904723429356", "nit": "451", "nfev": "711", "status": "0", "success": "True", "message": "Optimization terminated successfully.", "x": "[4.22098451 2.89944791 2.31167305 0.49166917 1.56823203 0.83619537]", "final_simplex": "(array([[4.22098451, 2.89944791, 2.31167305, 0.49166917, 1.56823203,\n        0.83619537],\n       [4.22098524, 2.89944874, 2.31167139, 0.49166876, 1.56823077,\n        0.83619629],\n       [4.22098592, 2.89944449, 2.31167029, 0.49166999, 1.56823515,\n        0.83619439],\n       [4.22098429, 2.8994458 , 2.31167428, 0.49167061, 1.56823617,\n        0.83619386],\n       [4.22098413, 2.8994448 , 2.3116707 , 0.49167175, 1.56823754,\n        0.83619065],\n       [4.22098466, 2.89944815, 2.31167394, 0.49167063, 1.56823123,\n        0.83619519],\n       [4.22098561, 2.89944628, 2.31167171, 0.49166935, 1.56824065,\n        0.83618842]]), array([0.29309047, 0.29309047, 0.29309047, 0.29309047, 0.29309047,\n       0.29309047, 0.29309047]))", "callback": [0.4538583284429536, 0.4219509432782913, 0.4046881771432602, 0.3850297812533692, 0.363574911430662, 0.3411183100385945, 0.3072947896651692, 0.3072947896651692, 0.30565133784675724, 0.3043146368744464, 0.30413849082092437, 0.3038251204419964, 0.3033812938787408, 0.30071437425309555, 0.2992235736043697, 0.2989846196360719, 0.2988935635550156, 0.29883476360905314, 0.298778742069005, 0.2986709734806794, 0.29849428676298384, 0.2980039205174473, 0.2970772444673575, 0.2960806872589762, 0.2951394790498343, 0.2946810739815978, 0.29382044989193123, 0.2933100496282126, 0.29322723306971477, 0.29315108141630697, 0.29310842211911825, 0.2930981608063482, 0.2930938516722351, 0.2930925176822221, 0.29309160921910027, 0.293091072878339, 0.2930906021679852, 0.29309054758188724, 0.2930904819621114, 0.2930904731135642, 0.2930904727204411, 0.2930904724379444, 0.2930904723673138, 0.29309047234807595, 0.29309047234402874, 0.2930904723429356]}, "9": {"maxiter": 1000, "fatol": 1e-05, "xatol": 1e-10, "duration": 0.8248083591461182, "fun": "0.2930904723424689", "nit": "563", "nfev": "960", "status": "0", "success": "True", "message": "Optimization terminated successfully.", "x": "[4.22098492 2.89944663 2.31167209 0.49167046 1.56823403 0.83619481]", "final_simplex": "(array([[4.22098492, 2.89944663, 2.31167209, 0.49167046, 1.56823403,\n        0.83619481],\n       [4.22098492, 2.89944663, 2.31167209, 0.49167046, 1.56823403,\n        0.83619481],\n       [4.22098492, 2.89944663, 2.31167209, 0.49167046, 1.56823403,\n        0.83619481],\n       [4.22098492, 2.89944663, 2.31167209, 0.49167046, 1.56823403,\n        0.83619481],\n       [4.22098492, 2.89944663, 2.31167209, 0.49167046, 1.56823403,\n        0.83619481],\n       [4.22098492, 2.89944663, 2.31167209, 0.49167046, 1.56823403,\n        0.83619481],\n       [4.22098492, 2.89944663, 2.31167209, 0.49167046, 1.56823403,\n        0.83619481]]), array([0.29309047, 0.29309047, 0.29309047, 0.29309047, 0.29309047,\n       0.29309047, 0.29309047]))", "callback": [0.4538583284429536, 0.4219509432782913, 0.4046881771432602, 0.3850297812533692, 0.363574911430662, 0.3411183100385945, 0.3072947896651692, 0.3072947896651692, 0.30565133784675724, 0.3043146368744464, 0.30413849082092437, 0.3038251204419964, 0.3033812938787408, 0.30071437425309555, 0.2992235736043697, 0.2989846196360719, 0.2988935635550156, 0.29883476360905314, 0.298778742069005, 0.2986709734806794, 0.29849428676298384, 0.2980039205174473, 0.2970772444673575, 0.2960806872589762, 0.2951394790498343, 0.2946810739815978, 0.29382044989193123, 0.2933100496282126, 0.29322723306971477, 0.29315108141630697, 0.29310842211911825, 0.2930981608063482, 0.2930938516722351, 0.2930925176822221, 0.29309160921910027, 0.293091072878339, 0.2930906021679852, 0.29309054758188724, 0.2930904819621114, 0.2930904731135642, 0.2930904727204411, 0.2930904724379444, 0.2930904723673138, 0.29309047234807595, 0.29309047234402874, 0.29309047234281427, 0.29309047234257934, 0.2930904723425094, 0.29309047234249364, 0.2930904723424822, 0.2930904723424739, 0.2930904723424711, 0.29309047234246965, 0.293090472342469, 0.2930904723424689, 0.2930904723424689, 0.2930904723424689]}, "10": {"maxiter": 1000, "fatol": 1e-10, "xatol": 1e-05, "duration": 0.6652812957763672, "fun": "0.2930904723429356", "nit": "451", "nfev": "711", "status": "0", "success": "True", "message": "Optimization terminated successfully.", "x": "[4.22098451 2.89944791 2.31167305 0.49166917 1.56823203 0.83619537]", "final_simplex": "(array([[4.22098451, 2.89944791, 2.31167305, 0.49166917, 1.56823203,\n        0.83619537],\n       [4.22098524, 2.89944874, 2.31167139, 0.49166876, 1.56823077,\n        0.83619629],\n       [4.22098592, 2.89944449, 2.31167029, 0.49166999, 1.56823515,\n        0.83619439],\n       [4.22098429, 2.8994458 , 2.31167428, 0.49167061, 1.56823617,\n        0.83619386],\n       [4.22098413, 2.8994448 , 2.3116707 , 0.49167175, 1.56823754,\n        0.83619065],\n       [4.22098466, 2.89944815, 2.31167394, 0.49167063, 1.56823123,\n        0.83619519],\n       [4.22098561, 2.89944628, 2.31167171, 0.49166935, 1.56824065,\n        0.83618842]]), array([0.29309047, 0.29309047, 0.29309047, 0.29309047, 0.29309047,\n       0.29309047, 0.29309047]))", "callback": [0.4538583284429536, 0.4219509432782913, 0.4046881771432602, 0.3850297812533692, 0.363574911430662, 0.3411183100385945, 0.3072947896651692, 0.3072947896651692, 0.30565133784675724, 0.3043146368744464, 0.30413849082092437, 0.3038251204419964, 0.3033812938787408, 0.30071437425309555, 0.2992235736043697, 0.2989846196360719, 0.2988935635550156, 0.29883476360905314, 0.298778742069005, 0.2986709734806794, 0.29849428676298384, 0.2980039205174473, 0.2970772444673575, 0.2960806872589762, 0.2951394790498343, 0.2946810739815978, 0.29382044989193123, 0.2933100496282126, 0.29322723306971477, 0.29315108141630697, 0.29310842211911825, 0.2930981608063482, 0.2930938516722351, 0.2930925176822221, 0.29309160921910027, 0.293091072878339, 0.2930906021679852, 0.29309054758188724, 0.2930904819621114, 0.2930904731135642, 0.2930904727204411, 0.2930904724379444, 0.2930904723673138, 0.29309047234807595, 0.29309047234402874, 0.2930904723429356]}, "11": {"maxiter": 1000, "fatol": 1e-10, "xatol": 1e-10, "duration": 1.0637073516845703, "fun": "0.2930904723424689", "nit": "563", "nfev": "960", "status": "0", "success": "True", "message": "Optimization terminated successfully.", "x": "[4.22098492 2.89944663 2.31167209 0.49167046 1.56823403 0.83619481]", "final_simplex": "(array([[4.22098492, 2.89944663, 2.31167209, 0.49167046, 1.56823403,\n        0.83619481],\n       [4.22098492, 2.89944663, 2.31167209, 0.49167046, 1.56823403,\n        0.83619481],\n       [4.22098492, 2.89944663, 2.31167209, 0.49167046, 1.56823403,\n        0.83619481],\n       [4.22098492, 2.89944663, 2.31167209, 0.49167046, 1.56823403,\n        0.83619481],\n       [4.22098492, 2.89944663, 2.31167209, 0.49167046, 1.56823403,\n        0.83619481],\n       [4.22098492, 2.89944663, 2.31167209, 0.49167046, 1.56823403,\n        0.83619481],\n       [4.22098492, 2.89944663, 2.31167209, 0.49167046, 1.56823403,\n        0.83619481]]), array([0.29309047, 0.29309047, 0.29309047, 0.29309047, 0.29309047,\n       0.29309047, 0.29309047]))", "callback": [0.4538583284429536, 0.4219509432782913, 0.4046881771432602, 0.3850297812533692, 0.363574911430662, 0.3411183100385945, 0.3072947896651692, 0.3072947896651692, 0.30565133784675724, 0.3043146368744464, 0.30413849082092437, 0.3038251204419964, 0.3033812938787408, 0.30071437425309555, 0.2992235736043697, 0.2989846196360719, 0.2988935635550156, 0.29883476360905314, 0.298778742069005, 0.2986709734806794, 0.29849428676298384, 0.2980039205174473, 0.2970772444673575, 0.2960806872589762, 0.2951394790498343, 0.2946810739815978, 0.29382044989193123, 0.2933100496282126, 0.29322723306971477, 0.29315108141630697, 0.29310842211911825, 0.2930981608063482, 0.2930938516722351, 0.2930925176822221, 0.29309160921910027, 0.293091072878339, 0.2930906021679852, 0.29309054758188724, 0.2930904819621114, 0.2930904731135642, 0.2930904727204411, 0.2930904724379444, 0.2930904723673138, 0.29309047234807595, 0.29309047234402874, 0.29309047234281427, 0.29309047234257934, 0.2930904723425094, 0.29309047234249364, 0.2930904723424822, 0.2930904723424739, 0.2930904723424711, 0.29309047234246965, 0.293090472342469, 0.2930904723424689, 0.2930904723424689, 0.2930904723424689]}}, "bfgs": {"type": "gradient", "0": {"maxiter": 100, "gtol": 1e-05, "xrtol": 1e-05, "eps": 1e-05, "duration": 0.22987031936645508, "fun": "0.2930904724819319", "jac": "[-6.32549568e-07 -3.55393492e-07  8.11795076e-08 -1.00395248e-06\n -1.40436551e-06  1.41116008e-06]", "hess_inv": "[[  3.68697742  -0.28837944  -0.78684209  -0.34831521  -0.52126317\n    1.37721304]\n [ -0.28837944   6.73459967   1.57850657  -2.33704842  -7.29121797\n    4.264641  ]\n [ -0.78684209   1.57850657   4.51431783   0.05446256  -0.11387\n   -0.12986241]\n [ -0.34831521  -2.33704842   0.05446256   3.39391624   2.41234186\n   -1.29787051]\n [ -0.52126317  -7.29121797  -0.11387      2.41234186  29.98694754\n  -25.03740953]\n [  1.37721304   4.264641    -0.12986241  -1.29787051 -25.03740953\n   24.15439748]]", "nfev": "147", "njev": "21", "status": "0", "success": "True", "message": "Optimization terminated successfully.", "x": "[4.22098068 2.89946258 2.31166531 0.49165732 1.56814283 0.8362696 ]", "nit": "19", "callback": [0.3099626920275509, 0.3048054771329072, 0.29874222014928975, 0.29439190582660657, 0.2937986935009955, 0.29340937133767775, 0.2931970359936533, 0.29311464206945037, 0.29310191731649526, 0.2930996306941718, 0.293098675849926, 0.2930981314808414, 0.2930973072577464, 0.29309594502541614, 0.2930937884297994, 0.29309141279567286, 0.29309064861067113, 0.29309047912779695, 0.2930904724819319]}, "1": {"maxiter": 100, "gtol": 1e-05, "xrtol": 1e-05, "eps": 1e-10, "duration": 0.24489426612854004, "fun": "0.293090472566916", "jac": "[ 1.11022293e-06  1.11022293e-06 -2.22044587e-06 -2.22044587e-06\n -1.11022293e-06 -1.11022293e-06]", "hess_inv": "[[  3.68211006  -0.32923765  -0.77627558  -0.32126959  -0.42277223\n    1.32253759]\n [ -0.32923765   6.76684079   1.54457293  -2.35889087  -7.30414158\n    4.24018857]\n [ -0.77627558   1.54457293   4.52136153   0.07323847  -0.04744322\n   -0.16691922]\n [ -0.32126959  -2.35889087   0.07323847   3.40813644   2.42819188\n   -1.28934733]\n [ -0.42277223  -7.30414158  -0.04744322   2.42819188  29.81469084\n  -24.84392206]\n [  1.32253759   4.24018857  -0.16691922  -1.28934733 -24.84392206\n   23.97758457]]", "nfev": "147", "njev": "21", "status": "0", "success": "True", "message": "Optimization terminated successfully.", "x": "[4.22098418 2.89947862 2.31166241 0.49165025 1.56811622 0.83628763]", "nit": "19", "callback": [0.30996231234690996, 0.3048051709779689, 0.2987418163379728, 0.29439200562127266, 0.29379864320184546, 0.2934094735150159, 0.2931969661311359, 0.2931146201741953, 0.29310190467484687, 0.2930996267418621, 0.2930986794069571, 0.2930981396050045, 0.2930973261079922, 0.293095976690406, 0.2930938504220414, 0.2930914870150648, 0.29309066628443914, 0.2930904809591297, 0.293090472566916]}, "2": {"maxiter": 100, "gtol": 1e-05, "xrtol": 1e-10, "eps": 1e-05, "duration": 0.2263014316558838, "fun": "0.2930904724819319", "jac": "[-6.32549568e-07 -3.55393492e-07  8.11795076e-08 -1.00395248e-06\n -1.40436551e-06  1.41116008e-06]", "hess_inv": "[[  3.68697742  -0.28837944  -0.78684209  -0.34831521  -0.52126317\n    1.37721304]\n [ -0.28837944   6.73459967   1.57850657  -2.33704842  -7.29121797\n    4.264641  ]\n [ -0.78684209   1.57850657   4.51431783   0.05446256  -0.11387\n   -0.12986241]\n [ -0.34831521  -2.33704842   0.05446256   3.39391624   2.41234186\n   -1.29787051]\n [ -0.52126317  -7.29121797  -0.11387      2.41234186  29.98694754\n  -25.03740953]\n [  1.37721304   4.264641    -0.12986241  -1.29787051 -25.03740953\n   24.15439748]]", "nfev": "147", "njev": "21", "status": "0", "success": "True", "message": "Optimization terminated successfully.", "x": "[4.22098068 2.89946258 2.31166531 0.49165732 1.56814283 0.8362696 ]", "nit": "19", "callback": [0.3099626920275509, 0.3048054771329072, 0.29874222014928975, 0.29439190582660657, 0.2937986935009955, 0.29340937133767775, 0.2931970359936533, 0.29311464206945037, 0.29310191731649526, 0.2930996306941718, 0.293098675849926, 0.2930981314808414, 0.2930973072577464, 0.29309594502541614, 0.2930937884297994, 0.29309141279567286, 0.29309064861067113, 0.29309047912779695, 0.2930904724819319]}, "3": {"maxiter": 100, "gtol": 1e-05, "xrtol": 1e-10, "eps": 1e-10, "duration": 0.2276139259338379, "fun": "0.293090472566916", "jac": "[ 1.11022293e-06  1.11022293e-06 -2.22044587e-06 -2.22044587e-06\n -1.11022293e-06 -1.11022293e-06]", "hess_inv": "[[  3.68211006  -0.32923765  -0.77627558  -0.32126959  -0.42277223\n    1.32253759]\n [ -0.32923765   6.76684079   1.54457293  -2.35889087  -7.30414158\n    4.24018857]\n [ -0.77627558   1.54457293   4.52136153   0.07323847  -0.04744322\n   -0.16691922]\n [ -0.32126959  -2.35889087   0.07323847   3.40813644   2.42819188\n   -1.28934733]\n [ -0.42277223  -7.30414158  -0.04744322   2.42819188  29.81469084\n  -24.84392206]\n [  1.32253759   4.24018857  -0.16691922  -1.28934733 -24.84392206\n   23.97758457]]", "nfev": "147", "njev": "21", "status": "0", "success": "True", "message": "Optimization terminated successfully.", "x": "[4.22098418 2.89947862 2.31166241 0.49165025 1.56811622 0.83628763]", "nit": "19", "callback": [0.30996231234690996, 0.3048051709779689, 0.2987418163379728, 0.29439200562127266, 0.29379864320184546, 0.2934094735150159, 0.2931969661311359, 0.2931146201741953, 0.29310190467484687, 0.2930996267418621, 0.2930986794069571, 0.2930981396050045, 0.2930973261079922, 0.293095976690406, 0.2930938504220414, 0.2930914870150648, 0.29309066628443914, 0.2930904809591297, 0.293090472566916]}, "4": {"maxiter": 100, "gtol": 1e-10, "xrtol": 1e-05, "eps": 1e-05, "duration": 0.2552464008331299, "fun": "0.2930904723622212", "jac": "[-1.13797860e-08  1.31561428e-08 -1.00697228e-08  6.12843110e-09\n  4.15223411e-09  2.60902411e-09]", "hess_inv": "[[  3.59791308  -0.21592072  -0.82553071  -0.38662339  -0.593976\n    1.3974774 ]\n [ -0.21592072   6.97062065   1.60815963  -2.43425536  -8.55050044\n    5.40977833]\n [ -0.82553071   1.60815963   4.49752299   0.03862071  -0.13729691\n   -0.12824805]\n [ -0.38662339  -2.43425536   0.03862071   3.43311565   2.95439864\n   -1.79429799]\n [ -0.593976    -8.55050044  -0.13729691   2.95439864  35.81955159\n  -30.21205208]\n [  1.3974774    5.40977833  -0.12824805  -1.79429799 -30.21205208\n   28.72354216]]", "nfev": "161", "njev": "23", "status": "0", "success": "True", "message": "Optimization terminated successfully.", "x": "[4.22097975 2.8994427  2.31166502 0.49166634 1.56823533 0.83618766]", "nit": "21", "callback": [0.3099626920275509, 0.3048054771329072, 0.29874222014928975, 0.29439190582660657, 0.2937986935009955, 0.29340937133767775, 0.2931970359936533, 0.29311464206945037, 0.29310191731649526, 0.2930996306941718, 0.293098675849926, 0.2930981314808414, 0.2930973072577464, 0.29309594502541614, 0.2930937884297994, 0.29309141279567286, 0.29309064861067113, 0.29309047912779695, 0.2930904724819319, 0.29309047236437513, 0.2930904723622212]}, "5": {"maxiter": 100, "gtol": 1e-10, "xrtol": 1e-05, "eps": 1e-10, "duration": 0.2816476821899414, "fun": "0.29309047238861874", "jac": "[-2.22044587e-06 -1.11022293e-06  1.11022293e-06  0.00000000e+00\n -1.11022293e-06  0.00000000e+00]", "hess_inv": "[[  2.73056108  -0.53831265  -0.37922967   0.14639757  -2.12913405\n    2.96712882]\n [ -0.53831265  10.28195674  -0.40767369  -5.16293092 -17.91123137\n   11.87252946]\n [ -0.37922967  -0.40767369   5.52056471   1.54124285   6.5463665\n   -5.03911892]\n [  0.14639757  -5.16293092   1.54124285   5.55018875  11.63022268\n   -8.04393299]\n [ -2.12913405 -17.91123137   6.5463665   11.63022268  56.00797686\n  -42.6388667 ]\n [  2.96712882  11.87252946  -5.03911892  -8.04393299 -42.6388667\n   35.83252702]]", "nfev": "175", "njev": "25", "status": "0", "success": "True", "message": "Optimization terminated successfully.", "x": "[4.22098216 2.89944873 2.31168064 0.49167554 1.56819367 0.83623455]", "nit": "21", "callback": [0.30996231234690996, 0.3048051709779689, 0.2987418163379728, 0.29439200562127266, 0.29379864320184546, 0.2934094735150159, 0.2931969661311359, 0.2931146201741953, 0.29310190467484687, 0.2930996267418621, 0.2930986794069571, 0.2930981396050045, 0.2930973261079922, 0.293095976690406, 0.2930938504220414, 0.2930914870150648, 0.29309066628443914, 0.2930904809591297, 0.293090472566916, 0.2930904724658756, 0.29309047238861874]}, "6": {"maxiter": 100, "gtol": 1e-10, "xrtol": 1e-10, "eps": 1e-05, "duration": 0.6473572254180908, "fun": "0.29309047236217023", "jac": "[ 2.55351296e-10  1.37667655e-09 -3.55271368e-10  1.59872116e-09\n  4.21884749e-10  2.10942375e-10]", "hess_inv": "[[ 3.58452246e+00 -3.21046575e-01 -8.39530638e-01 -4.79148203e-01\n  -5.77564609e-01  1.39315296e+00]\n [-3.21046575e-01  7.22257858e+00  1.57379949e+00 -2.31877131e+00\n  -8.58251189e+00  5.36245477e+00]\n [-8.39530638e-01  1.57379949e+00  4.48810371e+00 -6.44271787e-04\n  -1.36753374e-01 -1.28852798e-01]\n [-4.79148203e-01 -2.31877131e+00 -6.44271787e-04  3.42110506e+00\n   2.83816074e+00 -1.74004364e+00]\n [-5.77564609e-01 -8.58251189e+00 -1.36753374e-01  2.83816074e+00\n   3.54704753e+01 -2.98835148e+01]\n [ 1.39315296e+00  5.36245477e+00 -1.28852798e-01 -1.74004364e+00\n  -2.98835148e+01  2.84299571e+01]]", "nfev": "417", "njev": "58", "status": "2", "success": "False", "message": "Desired error not necessarily achieved due to precision loss.", "x": "[4.22097979 2.89944266 2.31166504 0.49166634 1.56823535 0.83618766]", "nit": "22", "callback": [0.3099626920275509, 0.3048054771329072, 0.29874222014928975, 0.29439190582660657, 0.2937986935009955, 0.29340937133767775, 0.2931970359936533, 0.29311464206945037, 0.29310191731649526, 0.2930996306941718, 0.293098675849926, 0.2930981314808414, 0.2930973072577464, 0.29309594502541614, 0.2930937884297994, 0.29309141279567286, 0.29309064861067113, 0.29309047912779695, 0.2930904724819319, 0.29309047236437513, 0.2930904723622212, 0.29309047236217023]}, "7": {"maxiter": 100, "gtol": 1e-10, "xrtol": 1e-10, "eps": 1e-10, "duration": 0.5088996887207031, "fun": "0.2930904723567672", "jac": "[ 1.11022293e-06  0.00000000e+00  1.11022293e-06 -1.11022293e-06\n  1.11022293e-06  1.11022293e-06]", "hess_inv": "[[  8.4195099  -21.31580029  -1.01502377   6.65556795  12.52519765\n    9.03956458]\n [-21.31580029  57.08362082   3.11349444 -18.53406671 -32.97078441\n  -22.24040282]\n [ -1.01502377   3.11349444   3.02759234  -0.33226943  -3.87219821\n    2.05134582]\n [  6.65556795 -18.53406671  -0.33226943   7.4891357   10.31019962\n    8.14628718]\n [ 12.52519765 -32.97078441  -3.87219821  10.31019962  22.17694798\n   10.58585929]\n [  9.03956458 -22.24040282   2.05134582   8.14628718  10.58585929\n   14.28500573]]", "nfev": "322", "njev": "46", "status": "0", "success": "True", "message": "Optimization terminated successfully.", "x": "[4.22098233 2.8994539  2.31167756 0.49166826 1.56820697 0.83621851]", "nit": "26", "callback": [0.30996231234690996, 0.3048051709779689, 0.2987418163379728, 0.29439200562127266, 0.29379864320184546, 0.2934094735150159, 0.2931969661311359, 0.2931146201741953, 0.29310190467484687, 0.2930996267418621, 0.2930986794069571, 0.2930981396050045, 0.2930973261079922, 0.293095976690406, 0.2930938504220414, 0.2930914870150648, 0.29309066628443914, 0.2930904809591297, 0.293090472566916, 0.2930904724658756, 0.29309047238861874, 0.2930904723784149, 0.2930904723629507, 0.29309047235879526, 0.29309047235676733, 0.2930904723567672]}, "8": {"maxiter": 500, "gtol": 1e-05, "xrtol": 1e-05, "eps": 1e-05, "duration": 0.24456477165222168, "fun": "0.2930904724819319", "jac": "[-6.32549568e-07 -3.55393492e-07  8.11795076e-08 -1.00395248e-06\n -1.40436551e-06  1.41116008e-06]", "hess_inv": "[[  3.68697742  -0.28837944  -0.78684209  -0.34831521  -0.52126317\n    1.37721304]\n [ -0.28837944   6.73459967   1.57850657  -2.33704842  -7.29121797\n    4.264641  ]\n [ -0.78684209   1.57850657   4.51431783   0.05446256  -0.11387\n   -0.12986241]\n [ -0.34831521  -2.33704842   0.05446256   3.39391624   2.41234186\n   -1.29787051]\n [ -0.52126317  -7.29121797  -0.11387      2.41234186  29.98694754\n  -25.03740953]\n [  1.37721304   4.264641    -0.12986241  -1.29787051 -25.03740953\n   24.15439748]]", "nfev": "147", "njev": "21", "status": "0", "success": "True", "message": "Optimization terminated successfully.", "x": "[4.22098068 2.89946258 2.31166531 0.49165732 1.56814283 0.8362696 ]", "nit": "19", "callback": [0.3099626920275509, 0.3048054771329072, 0.29874222014928975, 0.29439190582660657, 0.2937986935009955, 0.29340937133767775, 0.2931970359936533, 0.29311464206945037, 0.29310191731649526, 0.2930996306941718, 0.293098675849926, 0.2930981314808414, 0.2930973072577464, 0.29309594502541614, 0.2930937884297994, 0.29309141279567286, 0.29309064861067113, 0.29309047912779695, 0.2930904724819319]}, "9": {"maxiter": 500, "gtol": 1e-05, "xrtol": 1e-05, "eps": 1e-10, "duration": 0.23093342781066895, "fun": "0.293090472566916", "jac": "[ 1.11022293e-06  1.11022293e-06 -2.22044587e-06 -2.22044587e-06\n -1.11022293e-06 -1.11022293e-06]", "hess_inv": "[[  3.68211006  -0.32923765  -0.77627558  -0.32126959  -0.42277223\n    1.32253759]\n [ -0.32923765   6.76684079   1.54457293  -2.35889087  -7.30414158\n    4.24018857]\n [ -0.77627558   1.54457293   4.52136153   0.07323847  -0.04744322\n   -0.16691922]\n [ -0.32126959  -2.35889087   0.07323847   3.40813644   2.42819188\n   -1.28934733]\n [ -0.42277223  -7.30414158  -0.04744322   2.42819188  29.81469084\n  -24.84392206]\n [  1.32253759   4.24018857  -0.16691922  -1.28934733 -24.84392206\n   23.97758457]]", "nfev": "147", "njev": "21", "status": "0", "success": "True", "message": "Optimization terminated successfully.", "x": "[4.22098418 2.89947862 2.31166241 0.49165025 1.56811622 0.83628763]", "nit": "19", "callback": [0.30996231234690996, 0.3048051709779689, 0.2987418163379728, 0.29439200562127266, 0.29379864320184546, 0.2934094735150159, 0.2931969661311359, 0.2931146201741953, 0.29310190467484687, 0.2930996267418621, 0.2930986794069571, 0.2930981396050045, 0.2930973261079922, 0.293095976690406, 0.2930938504220414, 0.2930914870150648, 0.29309066628443914, 0.2930904809591297, 0.293090472566916]}, "10": {"maxiter": 500, "gtol": 1e-05, "xrtol": 1e-10, "eps": 1e-05, "duration": 0.22820281982421875, "fun": "0.2930904724819319", "jac": "[-6.32549568e-07 -3.55393492e-07  8.11795076e-08 -1.00395248e-06\n -1.40436551e-06  1.41116008e-06]", "hess_inv": "[[  3.68697742  -0.28837944  -0.78684209  -0.34831521  -0.52126317\n    1.37721304]\n [ -0.28837944   6.73459967   1.57850657  -2.33704842  -7.29121797\n    4.264641  ]\n [ -0.78684209   1.57850657   4.51431783   0.05446256  -0.11387\n   -0.12986241]\n [ -0.34831521  -2.33704842   0.05446256   3.39391624   2.41234186\n   -1.29787051]\n [ -0.52126317  -7.29121797  -0.11387      2.41234186  29.98694754\n  -25.03740953]\n [  1.37721304   4.264641    -0.12986241  -1.29787051 -25.03740953\n   24.15439748]]", "nfev": "147", "njev": "21", "status": "0", "success": "True", "message": "Optimization terminated successfully.", "x": "[4.22098068 2.89946258 2.31166531 0.49165732 1.56814283 0.8362696 ]", "nit": "19", "callback": [0.3099626920275509, 0.3048054771329072, 0.29874222014928975, 0.29439190582660657, 0.2937986935009955, 0.29340937133767775, 0.2931970359936533, 0.29311464206945037, 0.29310191731649526, 0.2930996306941718, 0.293098675849926, 0.2930981314808414, 0.2930973072577464, 0.29309594502541614, 0.2930937884297994, 0.29309141279567286, 0.29309064861067113, 0.29309047912779695, 0.2930904724819319]}, "11": {"maxiter": 500, "gtol": 1e-05, "xrtol": 1e-10, "eps": 1e-10, "duration": 0.19566893577575684, "fun": "0.293090472566916", "jac": "[ 1.11022293e-06  1.11022293e-06 -2.22044587e-06 -2.22044587e-06\n -1.11022293e-06 -1.11022293e-06]", "hess_inv": "[[  3.68211006  -0.32923765  -0.77627558  -0.32126959  -0.42277223\n    1.32253759]\n [ -0.32923765   6.76684079   1.54457293  -2.35889087  -7.30414158