{"date": "2024/10/08/, 17:16:35", "conf_id": 15, "data_type": "random\n", "num_data_points": 1, "s_rank": 0, "unitary": "[[-0.45070455-0.02711853j,0.78437395-0.06613086j,0.06358678+0.19963393j,-0.07343613+0.35668523j],[-0.01890143-0.03813363j,0.32408202+0.25557629j,0.05872864-0.68979805j,0.55466693-0.20227297j],[-0.11215405+0.64023111j,-0.13344055+0.29565494j,-0.49012687-0.19046288j,-0.04241254+0.44046348j],[0.55771659+0.24656916j,0.31851997-0.05798805j,0.28761525-0.34294258j,-0.56718418+0.03616933j]]", "databatch_0": {"databatch": "[[[0.04825078-0.04281163j,-0.22970037+0.12409915j,0.28065501-0.24073082j,-0.0622342+0.24174145j],[-0.01314943+0.20267982j,0.01947458-0.11997878j,0.01982135-0.02196487j,-0.14900793+0.04154397j],[0.0443335+0.0269559j,-0.33889203-0.16919102j,-0.04412654+0.20506365j,-0.29372605-0.01268455j],[-0.00935639-0.18411391j,0.4502821-0.09271809j,0.21673413-0.1612324j,-0.22621694+0.04165805j]]]", "initial param values": "[5.09369248,4.29547977,4.15573424,2.27571991,4.68139785,1.14486514]", "nelder_mead": {"type": "gradient-free", "0": {"maxiter": 100, "fatol": 1e-05, "xatol": 1e-05, "duration": 0.0353848934173584, "fun": "0.24528918879082817", "nit": "100", "nfev": "161", "status": "2", "success": "False", "message": "Maximum number of iterations has been exceeded.", "x": "[4.98033974 4.84100319 4.31290714 4.67188201 7.54617429 0.67293151]", "final_simplex": "(array([[4.98033974, 4.84100319, 4.31290714, 4.67188201, 7.54617429,\n        0.67293151],\n       [4.99570679, 4.8306873 , 4.3072384 , 4.69670079, 7.6686868 ,\n        0.66692362],\n       [4.96018698, 4.85119165, 4.33637292, 4.64896198, 7.63533259,\n        0.67748475],\n       [4.9587168 , 4.78579037, 4.19901641, 4.69062185, 7.5556249 ,\n        0.68895283],\n       [4.96384459, 4.85168622, 4.27416645, 4.73851476, 7.63686659,\n        0.65763272],\n       [4.93218791, 4.87531712, 4.29504966, 4.72898775, 7.60326682,\n        0.66302897],\n       [5.01673311, 4.89635381, 4.29731004, 4.68593159, 7.62165613,\n        0.66084037]]), array([0.24528919, 0.24544502, 0.24580094, 0.24631492, 0.24638141,\n       0.24655371, 0.24668516]))", "callback": [0.9369961722152519, 0.7819959118707593, 0.7653967862208003, 0.7301722941264837, 0.5685896424484848, 0.41258809814595576, 0.33529762143118846, 0.2579104550421619, 0.25516471179485145, 0.24631492036678182]}, "1": {"maxiter": 100, "fatol": 1e-05, "xatol": 1e-10, "duration": 0.035408973693847656, "fun": "0.24528918879082817", "nit": "100", "nfev": "161", "status": "2", "success": "False", "message": "Maximum number of iterations has been exceeded.", "x": "[4.98033974 4.84100319 4.31290714 4.67188201 7.54617429 0.67293151]", "final_simplex": "(array([[4.98033974, 4.84100319, 4.31290714, 4.67188201, 7.54617429,\n        0.67293151],\n       [4.99570679, 4.8306873 , 4.3072384 , 4.69670079, 7.6686868 ,\n        0.66692362],\n       [4.96018698, 4.85119165, 4.33637292, 4.64896198, 7.63533259,\n        0.67748475],\n       [4.9587168 , 4.78579037, 4.19901641, 4.69062185, 7.5556249 ,\n        0.68895283],\n       [4.96384459, 4.85168622, 4.27416645, 4.73851476, 7.63686659,\n        0.65763272],\n       [4.93218791, 4.87531712, 4.29504966, 4.72898775, 7.60326682,\n        0.66302897],\n       [5.01673311, 4.89635381, 4.29731004, 4.68593159, 7.62165613,\n        0.66084037]]), array([0.24528919, 0.24544502, 0.24580094, 0.24631492, 0.24638141,\n       0.24655371, 0.24668516]))", "callback": [0.9369961722152519, 0.7819959118707593, 0.7653967862208003, 0.7301722941264837, 0.5685896424484848, 0.41258809814595576, 0.33529762143118846, 0.2579104550421619, 0.25516471179485145, 0.24631492036678182]}, "2": {"maxiter": 100, "fatol": 1e-10, "xatol": 1e-05, "duration": 0.039080142974853516, "fun": "0.24528918879082817", "nit": "100", "nfev": "161", "status": "2", "success": "False", "message": "Maximum number of iterations has been exceeded.", "x": "[4.98033974 4.84100319 4.31290714 4.67188201 7.54617429 0.67293151]", "final_simplex": "(array([[4.98033974, 4.84100319, 4.31290714, 4.67188201, 7.54617429,\n        0.67293151],\n       [4.99570679, 4.8306873 , 4.3072384 , 4.69670079, 7.6686868 ,\n        0.66692362],\n       [4.96018698, 4.85119165, 4.33637292, 4.64896198, 7.63533259,\n        0.67748475],\n       [4.9587168 , 4.78579037, 4.19901641, 4.69062185, 7.5556249 ,\n        0.68895283],\n       [4.96384459, 4.85168622, 4.27416645, 4.73851476, 7.63686659,\n        0.65763272],\n       [4.93218791, 4.87531712, 4.29504966, 4.72898775, 7.60326682,\n        0.66302897],\n       [5.01673311, 4.89635381, 4.29731004, 4.68593159, 7.62165613,\n        0.66084037]]), array([0.24528919, 0.24544502, 0.24580094, 0.24631492, 0.24638141,\n       0.24655371, 0.24668516]))", "callback": [0.9369961722152519, 0.7819959118707593, 0.7653967862208003, 0.7301722941264837, 0.5685896424484848, 0.41258809814595576, 0.33529762143118846, 0.2579104550421619, 0.25516471179485145, 0.24631492036678182]}, "3": {"maxiter": 100, "fatol": 1e-10, "xatol": 1e-10, "duration": 0.03889894485473633, "fun": "0.24528918879082817", "nit": "100", "nfev": "161", "status": "2", "success": "False", "message": "Maximum number of iterations has been exceeded.", "x": "[4.98033974 4.84100319 4.31290714 4.67188201 7.54617429 0.67293151]", "final_simplex": "(array([[4.98033974, 4.84100319, 4.31290714, 4.67188201, 7.54617429,\n        0.67293151],\n       [4.99570679, 4.8306873 , 4.3072384 , 4.69670079, 7.6686868 ,\n        0.66692362],\n       [4.96018698, 4.85119165, 4.33637292, 4.64896198, 7.63533259,\n        0.67748475],\n       [4.9587168 , 4.78579037, 4.19901641, 4.69062185, 7.5556249 ,\n        0.68895283],\n       [4.96384459, 4.85168622, 4.27416645, 4.73851476, 7.63686659,\n        0.65763272],\n       [4.93218791, 4.87531712, 4.29504966, 4.72898775, 7.60326682,\n        0.66302897],\n       [5.01673311, 4.89635381, 4.29731004, 4.68593159, 7.62165613,\n        0.66084037]]), array([0.24528919, 0.24544502, 0.24580094, 0.24631492, 0.24638141,\n       0.24655371, 0.24668516]))", "callback": [0.9369961722152519, 0.7819959118707593, 0.7653967862208003, 0.7301722941264837, 0.5685896424484848, 0.41258809814595576, 0.33529762143118846, 0.2579104550421619, 0.25516471179485145, 0.24631492036678182]}, "4": {"maxiter": 500, "fatol": 1e-05, "xatol": 1e-05, "duration": 0.1504049301147461, "fun": "0.22821192081236674", "nit": "371", "nfev": "591", "status": "0", "success": "True", "message": "Optimization terminated successfully.", "x": "[5.05874508 4.64525998 4.22958184 4.77721357 7.55557994 1.02218948]", "final_simplex": "(array([[5.05874508, 4.64525998, 4.22958184, 4.77721357, 7.55557994,\n        1.02218948],\n       [5.0587466 , 4.64525543, 4.2295832 , 4.77721183, 7.55557644,\n        1.02218611],\n       [5.05874258, 4.64525823, 4.22957728, 4.77721607, 7.55557808,\n        1.02218469],\n       [5.05874997, 4.64525609, 4.22957665, 4.77720936, 7.55557741,\n        1.02219651],\n       [5.05874466, 4.64525598, 4.22957786, 4.7772119 , 7.55558561,\n        1.02219169],\n       [5.05875476, 4.64525874, 4.22958243, 4.77721799, 7.5555835 ,\n        1.0221876 ],\n       [5.0587398 , 4.6452647 , 4.22957484, 4.7772118 , 7.55558154,\n        1.02218869]]), array([0.22821192, 0.22821192, 0.22821192, 0.22821192, 0.22821192,\n       0.22821192, 0.22821192]))", "callback": [0.9369961722152519, 0.7819959118707593, 0.7653967862208003, 0.7301722941264837, 0.5685896424484848, 0.41258809814595576, 0.33529762143118846, 0.2579104550421619, 0.25516471179485145, 0.24631492036678182, 0.2450408186488362, 0.24429004988292513, 0.24355814648405316, 0.24306995210198656, 0.2423967955790628, 0.24228537927223992, 0.242098372454999, 0.24150482436025889, 0.24090087715309316, 0.2400158022115756, 0.2369646990311709, 0.23254000040829914, 0.23097410963201548, 0.23014100577930263, 0.22880679766230183, 0.22842275439953952, 0.2282664275885189, 0.22822592642355022, 0.22821355083449535, 0.22821224669146112, 0.22821198943622656, 0.22821193867477896, 0.22821192765693987, 0.22821192336410612, 0.22821192137209778, 0.22821192086997522, 0.22821192084598452, 0.22821192081236674]}, "5": {"maxiter": 500, "fatol": 1e-05, "xatol": 1e-10, "duration": 0.20857596397399902, "fun": "0.22821192080313124", "nit": "500", "nfev": "846", "status": "2", "success": "False", "message": "Maximum number of iterations has been exceeded.", "x": "[5.05874719 4.64525713 4.22957501 4.77721713 7.55557707 1.02219381]", "final_simplex": "(array([[5.05874719, 4.64525713, 4.22957501, 4.77721713, 7.55557707,\n        1.02219381],\n       [5.05874719, 4.64525713, 4.22957501, 4.77721713, 7.55557707,\n        1.02219381],\n       [5.05874719, 4.64525713, 4.22957501, 4.77721713, 7.55557707,\n        1.02219381],\n       [5.05874719, 4.64525713, 4.22957501, 4.77721713, 7.55557707,\n        1.02219381],\n       [5.05874719, 4.64525713, 4.22957501, 4.77721713, 7.55557707,\n        1.02219381],\n       [5.05874719, 4.64525713, 4.22957501, 4.77721713, 7.55557707,\n        1.02219381],\n       [5.05874719, 4.64525713, 4.22957501, 4.77721713, 7.55557707,\n        1.02219381]]), array([0.22821192, 0.22821192, 0.22821192, 0.22821192, 0.22821192,\n       0.22821192, 0.22821192]))", "callback": [0.9369961722152519, 0.7819959118707593, 0.7653967862208003, 0.7301722941264837, 0.5685896424484848, 0.41258809814595576, 0.33529762143118846, 0.2579104550421619, 0.25516471179485145, 0.24631492036678182, 0.2450408186488362, 0.24429004988292513, 0.24355814648405316, 0.24306995210198656, 0.2423967955790628, 0.24228537927223992, 0.242098372454999, 0.24150482436025889, 0.24090087715309316, 0.2400158022115756, 0.2369646990311709, 0.23254000040829914, 0.23097410963201548, 0.23014100577930263, 0.22880679766230183, 0.22842275439953952, 0.2282664275885189, 0.22822592642355022, 0.22821355083449535, 0.22821224669146112, 0.22821198943622656, 0.22821193867477896, 0.22821192765693987, 0.22821192336410612, 0.22821192137209778, 0.22821192086997522, 0.22821192084598452, 0.2282119208110981, 0.22821192080655606, 0.2282119208045802, 0.22821192080333508, 0.22821192080333508, 0.22821192080322839, 0.22821192080315933, 0.22821192080313435, 0.22821192080313213, 0.22821192080313168, 0.22821192080313124, 0.22821192080313124, 0.22821192080313124]}, "6": {"maxiter": 500, "fatol": 1e-10, "xatol": 1e-05, "duration": 0.1413109302520752, "fun": "0.22821192081236674", "nit": "371", "nfev": "591", "status": "0", "success": "True", "message": "Optimization terminated successfully.", "x": "[5.05874508 4.64525998 4.22958184 4.77721357 7.55557994 1.02218948]", "final_simplex": "(array([[5.05874508, 4.64525998, 4.22958184, 4.77721357, 7.55557994,\n        1.02218948],\n       [5.0587466 , 4.64525543, 4.2295832 , 4.77721183, 7.55557644,\n        1.02218611],\n       [5.05874258, 4.64525823, 4.22957728, 4.77721607, 7.55557808,\n        1.02218469],\n       [5.05874997, 4.64525609, 4.22957665, 4.77720936, 7.55557741,\n        1.02219651],\n       [5.05874466, 4.64525598, 4.22957786, 4.7772119 , 7.55558561,\n        1.02219169],\n       [5.05875476, 4.64525874, 4.22958243, 4.77721799, 7.5555835 ,\n        1.0221876 ],\n       [5.0587398 , 4.6452647 , 4.22957484, 4.7772118 , 7.55558154,\n        1.02218869]]), array([0.22821192, 0.22821192, 0.22821192, 0.22821192, 0.22821192,\n       0.22821192, 0.22821192]))", "callback": [0.9369961722152519, 0.7819959118707593, 0.7653967862208003, 0.7301722941264837, 0.5685896424484848, 0.41258809814595576, 0.33529762143118846, 0.2579104550421619, 0.25516471179485145, 0.24631492036678182, 0.2450408186488362, 0.24429004988292513, 0.24355814648405316, 0.24306995210198656, 0.2423967955790628, 0.24228537927223992, 0.242098372454999, 0.24150482436025889, 0.24090087715309316, 0.2400158022115756, 0.2369646990311709, 0.23254000040829914, 0.23097410963201548, 0.23014100577930263, 0.22880679766230183, 0.22842275439953952, 0.2282664275885189, 0.22822592642355022, 0.22821355083449535, 0.22821224669146112, 0.22821198943622656, 0.22821193867477896, 0.22821192765693987, 0.22821192336410612, 0.22821192137209778, 0.22821192086997522, 0.22821192084598452, 0.22821192081236674]}, "7": {"maxiter": 500, "fatol": 1e-10, "xatol": 1e-10, "duration": 0.20897316932678223, "fun": "0.22821192080313124", "nit": "500", "nfev": "846", "status": "2", "success": "False", "message": "Maximum number of iterations has been exceeded.", "x": "[5.05874719 4.64525713 4.22957501 4.77721713 7.55557707 1.02219381]", "final_simplex": "(array([[5.05874719, 4.64525713, 4.22957501, 4.77721713, 7.55557707,\n        1.02219381],\n       [5.05874719, 4.64525713, 4.22957501, 4.77721713, 7.55557707,\n        1.02219381],\n       [5.05874719, 4.64525713, 4.22957501, 4.77721713, 7.55557707,\n        1.02219381],\n       [5.05874719, 4.64525713, 4.22957501, 4.77721713, 7.55557707,\n        1.02219381],\n       [5.05874719, 4.64525713, 4.22957501, 4.77721713, 7.55557707,\n        1.02219381],\n       [5.05874719, 4.64525713, 4.22957501, 4.77721713, 7.55557707,\n        1.02219381],\n       [5.05874719, 4.64525713, 4.22957501, 4.77721713, 7.55557707,\n        1.02219381]]), array([0.22821192, 0.22821192, 0.22821192, 0.22821192, 0.22821192,\n       0.22821192, 0.22821192]))", "callback": [0.9369961722152519, 0.7819959118707593, 0.7653967862208003, 0.7301722941264837, 0.5685896424484848, 0.41258809814595576, 0.33529762143118846, 0.2579104550421619, 0.25516471179485145, 0.24631492036678182, 0.2450408186488362, 0.24429004988292513, 0.24355814648405316, 0.24306995210198656, 0.2423967955790628, 0.24228537927223992, 0.242098372454999, 0.24150482436025889, 0.24090087715309316, 0.2400158022115756, 0.2369646990311709, 0.23254000040829914, 0.23097410963201548, 0.23014100577930263, 0.22880679766230183, 0.22842275439953952, 0.2282664275885189, 0.22822592642355022, 0.22821355083449535, 0.22821224669146112, 0.22821198943622656, 0.22821193867477896, 0.22821192765693987, 0.22821192336410612, 0.22821192137209778, 0.22821192086997522, 0.22821192084598452, 0.2282119208110981, 0.22821192080655606, 0.2282119208045802, 0.22821192080333508, 0.22821192080333508, 0.22821192080322839, 0.22821192080315933, 0.22821192080313435, 0.22821192080313213, 0.22821192080313168, 0.22821192080313124, 0.22821192080313124, 0.22821192080313124]}, "8": {"maxiter": 1000, "fatol": 1e-05, "xatol": 1e-05, "duration": 0.14062213897705078, "fun": "0.22821192081236674", "nit": "371", "nfev": "591", "status": "0", "success": "True", "message": "Optimization terminated successfully.", "x": "[5.05874508 4.64525998 4.22958184 4.77721357 7.55557994 1.02218948]", "final_simplex": "(array([[5.05874508, 4.64525998, 4.22958184, 4.77721357, 7.55557994,\n        1.02218948],\n       [5.0587466 , 4.64525543, 4.2295832 , 4.77721183, 7.55557644,\n        1.02218611],\n       [5.05874258, 4.64525823, 4.22957728, 4.77721607, 7.55557808,\n        1.02218469],\n       [5.05874997, 4.64525609, 4.22957665, 4.77720936, 7.55557741,\n        1.02219651],\n       [5.05874466, 4.64525598, 4.22957786, 4.7772119 , 7.55558561,\n        1.02219169],\n       [5.05875476, 4.64525874, 4.22958243, 4.77721799, 7.5555835 ,\n        1.0221876 ],\n       [5.0587398 , 4.6452647 , 4.22957484, 4.7772118 , 7.55558154,\n        1.02218869]]), array([0.22821192, 0.22821192, 0.22821192, 0.22821192, 0.22821192,\n       0.22821192, 0.22821192]))", "callback": [0.9369961722152519, 0.7819959118707593, 0.7653967862208003, 0.7301722941264837, 0.5685896424484848, 0.41258809814595576, 0.33529762143118846, 0.2579104550421619, 0.25516471179485145, 0.24631492036678182, 0.2450408186488362, 0.24429004988292513, 0.24355814648405316, 0.24306995210198656, 0.2423967955790628, 0.24228537927223992, 0.242098372454999, 0.24150482436025889, 0.24090087715309316, 0.2400158022115756, 0.2369646990311709, 0.23254000040829914, 0.23097410963201548, 0.23014100577930263, 0.22880679766230183, 0.22842275439953952, 0.2282664275885189, 0.22822592642355022, 0.22821355083449535, 0.22821224669146112, 0.22821198943622656, 0.22821193867477896, 0.22821192765693987, 0.22821192336410612, 0.22821192137209778, 0.22821192086997522, 0.22821192084598452, 0.22821192081236674]}, "9": {"maxiter": 1000, "fatol": 1e-05, "xatol": 1e-10, "duration": 0.20572495460510254, "fun": "0.22821192080313124", "nit": "503", "nfev": "856", "status": "0", "success": "True", "message": "Optimization terminated successfully.", "x": "[5.05874719 4.64525713 4.22957501 4.77721713 7.55557707 1.02219381]", "final_simplex": "(array([[5.05874719, 4.64525713, 4.22957501, 4.77721713, 7.55557707,\n        1.02219381],\n       [5.05874719, 4.64525713, 4.22957501, 4.77721713, 7.55557707,\n        1.02219381],\n       [5.05874719, 4.64525713, 4.22957501, 4.77721713, 7.55557707,\n        1.02219381],\n       [5.05874719, 4.64525713, 4.22957501, 4.77721713, 7.55557707,\n        1.02219381],\n       [5.05874719, 4.64525713, 4.22957501, 4.77721713, 7.55557707,\n        1.02219381],\n       [5.05874719, 4.64525713, 4.22957501, 4.77721713, 7.55557707,\n        1.02219381],\n       [5.05874719, 4.64525713, 4.22957501, 4.77721713, 7.55557707,\n        1.02219381]]), array([0.22821192, 0.22821192, 0.22821192, 0.22821192, 0.22821192,\n       0.22821192, 0.22821192]))", "callback": [0.9369961722152519, 0.7819959118707593, 0.7653967862208003, 0.7301722941264837, 0.5685896424484848, 0.41258809814595576, 0.33529762143118846, 0.2579104550421619, 0.25516471179485145, 0.24631492036678182, 0.2450408186488362, 0.24429004988292513, 0.24355814648405316, 0.24306995210198656, 0.2423967955790628, 0.24228537927223992, 0.242098372454999, 0.24150482436025889, 0.24090087715309316, 0.2400158022115756, 0.2369646990311709, 0.23254000040829914, 0.23097410963201548, 0.23014100577930263, 0.22880679766230183, 0.22842275439953952, 0.2282664275885189, 0.22822592642355022, 0.22821355083449535, 0.22821224669146112, 0.22821198943622656, 0.22821193867477896, 0.22821192765693987, 0.22821192336410612, 0.22821192137209778, 0.22821192086997522, 0.22821192084598452, 0.2282119208110981, 0.22821192080655606, 0.2282119208045802, 0.22821192080333508, 0.22821192080333508, 0.22821192080322839, 0.22821192080315933, 0.22821192080313435, 0.22821192080313213, 0.22821192080313168, 0.22821192080313124, 0.22821192080313124, 0.22821192080313124, 0.22821192080313124]}, "10": {"maxiter": 1000, "fatol": 1e-10, "xatol": 1e-05, "duration": 0.1470639705657959, "fun": "0.22821192081236674", "nit": "371", "nfev": "591", "status": "0", "success": "True", "message": "Optimization terminated successfully.", "x": "[5.05874508 4.64525998 4.22958184 4.77721357 7.55557994 1.02218948]", "final_simplex": "(array([[5.05874508, 4.64525998, 4.22958184, 4.77721357, 7.55557994,\n        1.02218948],\n       [5.0587466 , 4.64525543, 4.2295832 , 4.77721183, 7.55557644,\n        1.02218611],\n       [5.05874258, 4.64525823, 4.22957728, 4.77721607, 7.55557808,\n        1.02218469],\n       [5.05874997, 4.64525609, 4.22957665, 4.77720936, 7.55557741,\n        1.02219651],\n       [5.05874466, 4.64525598, 4.22957786, 4.7772119 , 7.55558561,\n        1.02219169],\n       [5.05875476, 4.64525874, 4.22958243, 4.77721799, 7.5555835 ,\n        1.0221876 ],\n       [5.0587398 , 4.6452647 , 4.22957484, 4.7772118 , 7.55558154,\n        1.02218869]]), array([0.22821192, 0.22821192, 0.22821192, 0.22821192, 0.22821192,\n       0.22821192, 0.22821192]))", "callback": [0.9369961722152519, 0.7819959118707593, 0.7653967862208003, 0.7301722941264837, 0.5685896424484848, 0.41258809814595576, 0.33529762143118846, 0.2579104550421619, 0.25516471179485145, 0.24631492036678182, 0.2450408186488362, 0.24429004988292513, 0.24355814648405316, 0.24306995210198656, 0.2423967955790628, 0.24228537927223992, 0.242098372454999, 0.24150482436025889, 0.24090087715309316, 0.2400158022115756, 0.2369646990311709, 0.23254000040829914, 0.23097410963201548, 0.23014100577930263, 0.22880679766230183, 0.22842275439953952, 0.2282664275885189, 0.22822592642355022, 0.22821355083449535, 0.22821224669146112, 0.22821198943622656, 0.22821193867477896, 0.22821192765693987, 0.22821192336410612, 0.22821192137209778, 0.22821192086997522, 0.22821192084598452, 0.22821192081236674]}, "11": {"maxiter": 1000, "fatol": 1e-10, "xatol": 1e-10, "duration": 0.21162080764770508, "fun": "0.22821192080313124", "nit": "503", "nfev": "856", "status": "0", "success": "True", "message": "Optimization terminated successfully.", "x": "[5.05874719 4.64525713 4.22957501 4.77721713 7.55557707 1.02219381]", "final_simplex": "(array([[5.05874719, 4.64525713, 4.22957501, 4.77721713, 7.55557707,\n        1.02219381],\n       [5.05874719, 4.64525713, 4.22957501, 4.77721713, 7.55557707,\n        1.02219381],\n       [5.05874719, 4.64525713, 4.22957501, 4.77721713, 7.55557707,\n        1.02219381],\n       [5.05874719, 4.64525713, 4.22957501, 4.77721713, 7.55557707,\n        1.02219381],\n       [5.05874719, 4.64525713, 4.22957501, 4.77721713, 7.55557707,\n        1.02219381],\n       [5.05874719, 4.64525713, 4.22957501, 4.77721713, 7.55557707,\n        1.02219381],\n       [5.05874719, 4.64525713, 4.22957501, 4.77721713, 7.55557707,\n        1.02219381]]), array([0.22821192, 0.22821192, 0.22821192, 0.22821192, 0.22821192,\n       0.22821192, 0.22821192]))", "callback": [0.9369961722152519, 0.7819959118707593, 0.7653967862208003, 0.7301722941264837, 0.5685896424484848, 0.41258809814595576, 0.33529762143118846, 0.2579104550421619, 0.25516471179485145, 0.24631492036678182, 0.2450408186488362, 0.24429004988292513, 0.24355814648405316, 0.24306995210198656, 0.2423967955790628, 0.24228537927223992, 0.242098372454999, 0.24150482436025889, 0.24090087715309316, 0.2400158022115756, 0.2369646990311709, 0.23254000040829914, 0.23097410963201548, 0.23014100577930263, 0.22880679766230183, 0.22842275439953952, 0.2282664275885189, 0.22822592642355022, 0.22821355083449535, 0.22821224669146112, 0.22821198943622656, 0.22821193867477896, 0.22821192765693987, 0.22821192336410612, 0.22821192137209778, 0.22821192086997522, 0.22821192084598452, 0.2282119208110981, 0.22821192080655606, 0.2282119208045802, 0.22821192080333508, 0.22821192080333508, 0.22821192080322839, 0.22821192080315933, 0.22821192080313435, 0.22821192080313213, 0.22821192080313168, 0.22821192080313124, 0.22821192080313124, 0.22821192080313124, 0.22821192080313124]}}, "bfgs": {"type": "gradient", "0": {"maxiter": 100, "gtol": 1e-05, "xrtol": 1e-05, "eps": 1e-05, "duration": 0.05791020393371582, "fun": "0.2282119208293133", "jac": "[ 7.44637685e-07 -6.02295991e-08 -1.10379483e-06 -3.61366492e-07\n  5.81268367e-07 -4.55990801e-07]", "hess_inv": "[[ 3.34718962 -0.97079793  0.97133366  0.36028611  0.86834437  0.28186062]\n [-0.97079793  4.6214653  -1.82108283  0.14219866  0.1916299  -1.53120287]\n [ 0.97133366 -1.82108283  5.52838846 -1.23725786  1.40394412 -1.55325831]\n [ 0.36028611  0.14219866 -1.23725786  2.97976238 -0.28408117  0.49296477]\n [ 0.86834437  0.1916299   1.40394412 -0.28408117  3.84277398 -0.88990867]\n [ 0.28186062 -1.53120287 -1.55325831  0.49296477 -0.88990867  4.00691079]]", "nfev": "217", "njev": "31", "status": "0", "success": "True", "message": "Optimization terminated successfully.", "x": "[5.05874033 4.64525767 4.22956747 4.77721192 7.55557127 1.02219033]", "nit": "27", "callback": [0.7427375030703902, 0.724920495023973, 0.6929291073712947, 0.655454250981735, 0.6491096572215707, 0.6371751353998402, 0.6156811669726882, 0.5873415369871667, 0.5647973223573026, 0.5321569811453544, 0.5059586691787583, 0.46569274321667853, 0.39088544341383125, 0.30615240857437853, 0.28849857925214717, 0.2688145368243642, 0.2595954822552331, 0.24850549123205812, 0.23492175709600105, 0.23077071750098088, 0.2286241622560068, 0.22824382704864876, 0.22822178096876167, 0.22821380006172665, 0.22821199235294232, 0.22821192199894003, 0.2282119208293133]}, "1": {"maxiter": 100, "gtol": 1e-05, "xrtol": 1e-05, "eps": 1e-10, "duration": 0.05416083335876465, "fun": "0.2282119209609209", "jac": "[ 1.11022293e-06 -2.22044587e-06 -5.55111466e-06  0.00000000e+00\n  9.99200639e-06 -5.55111466e-06]", "hess_inv": "[[ 3.48157028 -0.9434321   0.91351107  0.40591194  0.9303088   0.3518434 ]\n [-0.9434321   4.69744013 -1.86321379  0.09043976  0.150414   -1.55046508]\n [ 0.91351107 -1.86321379  5.3464448  -1.17675444  1.38295211 -1.5249058 ]\n [ 0.40591194  0.09043976 -1.17675444  3.02552811 -0.30151792  0.54943103]\n [ 0.9303088   0.150414    1.38295211 -0.30151792  3.80975305 -0.83867355]\n [ 0.3518434  -1.55046508 -1.5249058   0.54943103 -0.83867355  4.10702921]]", "nfev": "203", "njev": "29", "status": "0", "success": "True", "message": "Optimization terminated successfully.", "x": "[5.05874616 4.64526178 4.22956765 4.77721406 7.55560186 1.02217747]", "nit": "26", "callback": [0.7427383331889631, 0.7249252587956075, 0.692939550510601, 0.6554589741642409, 0.6491114548010504, 0.637175602601608, 0.6156874992862942, 0.5873832456907423, 0.5648149780059685, 0.5321151313859127, 0.5059360619333754, 0.46581652709108823, 0.39122783717226994, 0.30594846287136856, 0.2885211348723017, 0.27102525179538206, 0.26314737647107656, 0.2511362473125357, 0.23878346138003348, 0.23227104904308205, 0.22914293326267188, 0.22824177838934556, 0.22822335514735892, 0.22821266441650112, 0.22821194578729187, 0.2282119209609209]}, "2": {"maxiter": 100, "gtol": 1e-05, "xrtol": 1e-10, "eps": 1e-05, "duration": 0.05141305923461914, "fun": "0.2282119208293133", "jac": "[ 7.44637685e-07 -6.02295991e-08 -1.10379483e-06 -3.61366492e-07\n  5.81268367e-07 -4.55990801e-07]", "hess_inv": "[[ 3.34718962 -0.97079793  0.97133366  0.36028611  0.86834437  0.28186062]\n [-0.97079793  4.6214653  -1.82108283  0.14219866  0.1916299  -1.53120287]\n [ 0.97133366 -1.82108283  5.52838846 -1.23725786  1.40394412 -1.55325831]\n [ 0.36028611  0.14219866 -1.23725786  2.97976238 -0.28408117  0.49296477]\n [ 0.86834437  0.1916299   1.40394412 -0.28408117  3.84277398 -0.88990867]\n [ 0.28186062 -1.53120287 -1.55325831  0.49296477 -0.88990867  4.00691079]]", "nfev": "217", "njev": "31", "status": "0", "success": "True", "message": "Optimization terminated successfully.", "x": "[5.05874033 4.64525767 4.22956747 4.77721192 7.55557127 1.02219033]", "nit": "27", "callback": [0.7427375030703902, 0.724920495023973, 0.6929291073712947, 0.655454250981735, 0.6491096572215707, 0.6371751353998402, 0.6156811669726882, 0.5873415369871667, 0.5647973223573026, 0.5321569811453544, 0.5059586691787583, 0.46569274321667853, 0.39088544341383125, 0.30615240857437853, 0.28849857925214717, 0.2688145368243642, 0.2595954822552331, 0.24850549123205812, 0.23492175709600105, 0.23077071750098088, 0.2286241622560068, 0.22824382704864876, 0.22822178096876167, 0.22821380006172665, 0.22821199235294232, 0.22821192199894003, 0.2282119208293133]}, "3": {"maxiter": 100, "gtol": 1e-05, "xrtol": 1e-10, "eps": 1e-10, "duration": 0.05028271675109863, "fun": "0.2282119209609209", "jac": "[ 1.11022293e-06 -2.22044587e-06 -5.55111466e-06  0.00000000e+00\n  9.99200639e-06 -5.55111466e-06]", "hess_inv": "[[ 3.48157028 -0.9434321   0.91351107  0.40591194  0.9303088   0.3518434 ]\n [-0.9434321   4.69744013 -1.86321379  0.09043976  0.150414   -1.55046508]\n [ 0.91351107 -1.86321379  5.3464448  -1.17675444  1.38295211 -1.5249058 ]\n [ 0.40591194  0.09043976 -1.17675444  3.02552811 -0.30151792  0.54943103]\n [ 0.9303088   0.150414    1.38295211 -0.30151792  3.80975305 -0.83867355]\n [ 0.3518434  -1.55046508 -1.5249058   0.54943103 -0.83867355  4.10702921]]", "nfev": "203", "njev": "29", "status": "0", "success": "True", "message": "Optimization terminated successfully.", "x": "[5.05874616 4.64526178 4.22956765 4.77721406 7.55560186 1.02217747]", "nit": "26", "callback": [0.7427383331889631, 0.7249252587956075, 0.692939550510601, 0.6554589741642409, 0.6491114548010504, 0.637175602601608, 0.6156874992862942, 0.5873832456907423, 0.5648149780059685, 0.5321151313859127, 0.5059360619333754, 0.46581652709108823, 0.39122783717226994, 0.30594846287136856, 0.2885211348723017, 0.27102525179538206, 0.26314737647107656, 0.2511362473125357, 0.23878346138003348, 0.23227104904308205, 0.22914293326267188, 0.22824177838934556, 0.22822335514735892, 0.22821266441650112, 0.22821194578729187, 0.2282119209609209]}, "4": {"maxiter": 100, "gtol": 1e-10, "xrtol": 1e-05, "eps": 1e-05, "duration": 0.06074213981628418, "fun": "0.2282119208293133", "jac": "[ 7.44637685e-07 -6.02295991e-08 -1.10379483e-06 -3.61366492e-07\n  5.81268367e-07 -4.55990801e-07]", "hess_inv": "[[ 3.34718962 -0.97079793  0.97133366  0.36028611  0.86834437  0.28186062]\n [-0.97079793  4.6214653  -1.82108283  0.14219866  0.1916299  -1.53120287]\n [ 0.97133366 -1.82108283  5.52838846 -1.23725786  1.40394412 -1.55325831]\n [ 0.36028611  0.14219866 -1.23725786  2.97976238 -0.28408117  0.49296477]\n [ 0.86834437  0.1916299   1.40394412 -0.28408117  3.84277398 -0.88990867]\n [ 0.28186062 -1.53120287 -1.55325831  0.49296477 -0.88990867  4.00691079]]", "nfev": "217", "njev": "31", "status": "0", "success": "True", "message": "Optimization terminated successfully.", "x": "[5.05874033 4.64525767 4.22956747 4.77721192 7.55557127 1.02219033]", "nit": "27", "callback": [0.7427375030703902, 0.724920495023973, 0.6929291073712947, 0.655454250981735, 0.6491096572215707, 0.6371751353998402, 0.6156811669726882, 0.5873415369871667, 0.5647973223573026, 0.5321569811453544, 0.5059586691787583, 0.46569274321667853, 0.39088544341383125, 0.30615240857437853, 0.28849857925214717, 0.2688145368243642, 0.2595954822552331, 0.24850549123205812, 0.23492175709600105, 0.23077071750098088, 0.2286241622560068, 0.22824382704864876, 0.22822178096876167, 0.22821380006172665, 0.22821199235294232, 0.22821192199894003, 0.2282119208293133]}, "5": {"maxiter": 100, "gtol": 1e-10, "xrtol": 1e-05, "eps": 1e-10, "duration": 0.059056997299194336, "fun": "0.22821192082842734", "jac": "[-4.44089173e-06 -2.22044587e-06 -1.11022293e-06  1.11022293e-06\n -1.11022293e-06 -2.22044587e-06]", "hess_inv": "[[ 3.37646473 -0.98801806  0.86092629  0.41360702  0.7007795   0.4821638 ]\n [-0.98801806  4.71855374 -1.93196715  0.10335559  0.18276082 -1.55850485]\n [ 0.86092629 -1.93196715  5.37403258 -1.18410408  1.11759987 -1.3862281 ]\n [ 0.41360702  0.10335559 -1.18410408  3.02729197 -0.25343613  0.52462135]\n [ 0.7007795   0.18276082  1.11759987 -0.25343613  3.72886325 -0.75928408]\n [ 0.4821638  -1.55850485 -1.3862281   0.52462135 -0.75928408  4.04561877]]", "nfev": "210", "njev": "30", "status": "0", "success": "True", "message": "Optimization terminated successfully.", "x": "[5.05874067 4.64525216 4.22957337 4.7772127  7.55556622 1.02219582]", "nit": "27", "callback": [0.7427383331889631, 0.7249252587956075, 0.692939550510601, 0.6554589741642409, 0.6491114548010504, 0.637175602601608, 0.6156874992862942, 0.5873832456907423, 0.5648149780059685, 0.5321151313859127, 0.5059360619333754, 0.46581652709108823, 0.39122783717226994, 0.30594846287136856, 0.2885211348723017, 0.27102525179538206, 0.26314737647107656, 0.2511362473125357, 0.23878346138003348, 0.23227104904308205, 0.22914293326267188, 0.22824177838934556, 0.22822335514735892, 0.22821266441650112, 0.22821194578729187, 0.2282119209609209, 0.22821192082842734]}, "6": {"maxiter": 100, "gtol": 1e-10, "xrtol": 1e-10, "eps": 1e-05, "duration": 0.10601496696472168, "fun": "0.2282119208291461", "jac": "[ 4.04898337e-08 -1.49213975e-08 -2.40141240e-08 -2.20934382e-09\n  2.20934382e-09 -2.90545366e-08]", "hess_inv": "[[ 3.36112633 -0.91487153  0.8367693   0.37244776  0.88564381  0.30187642]\n [-0.91487153  4.64148549 -1.87562311  0.15090139  0.22464066 -1.54942425]\n [ 0.8367693  -1.87562311  5.65988957 -1.2549789   1.31532285 -1.505846  ]\n [ 0.37244776  0.15090139 -1.2549789   2.98116417 -0.27370393  0.48910175]\n [ 0.88564381  0.22464066  1.31532285 -0.27370393  3.85338958 -0.87901358]\n [ 0.30187642 -1.54942425 -1.505846    0.48910175 -0.87901358  3.98518237]]", "nfev": "390", "njev": "54", "status": "2", "success": "False", "message": "Desired error not necessarily achieved due to precision loss.", "x": "[5.05873857 4.64525576 4.22957105 4.77721174 7.55556937 1.02219081]", "nit": "28", "callback": [0.7427375030703902, 0.724920495023973, 0.6929291073712947, 0.655454250981735, 0.6491096572215707, 0.6371751353998402, 0.6156811669726882, 0.5873415369871667, 0.5647973223573026, 0.5321569811453544, 0.5059586691787583, 0.46569274321667853, 0.39088544341383125, 0.30615240857437853, 0.28849857925214717, 0.2688145368243642, 0.2595954822552331, 0.24850549123205812, 0.23492175709600105, 0.23077071750098088, 0.2286241622560068, 0.22824382704864876, 0.22822178096876167, 0.22821380006172665, 0.22821199235294232, 0.22821192199894003, 0.2282119208293133, 0.2282119208291461]}, "7": {"maxiter": 100, "gtol": 1e-10, "xrtol": 1e-10, "eps": 1e-10, "duration": 0.06982302665710449, "fun": "0.2282119208258404", "jac": "[ 1.11022293e-06 -2.22044587e-06  0.00000000e+00 -1.11022293e-06\n -5.55111466e-06  0.00000000e+00]", "hess_inv": "[[ 1.73406226 -1.17919991  1.7330114   0.43291069 -0.41149685 -0.42935901]\n [-1.17919991  4.74048701 -2.12514223  0.14278476  0.17766755 -1.62452909]\n [ 1.7330114  -2.12514223  6.39639433 -1.39074762  0.8230852  -0.92132386]\n [ 0.43291069  0.14278476 -1.39074762  3.05280916 -0.12972465  0.54238471]\n [-0.41149685  0.17766755  0.8230852  -0.12972465  3.31926249 -1.23500497]\n [-0.42935901 -1.62452909 -0.92132386  0.54238471 -1.23500497  3.44770952]]", "nfev": "301", "njev": "43", "status": "0", "success": "True", "message": "Optimization terminated successfully.", "x": "[5.05874437 4.64525185 4.22957494 4.77721218 7.5555665  1.02219791]", "nit": "29", "callback": [0.7427383331889631, 0.7249252587956075, 0.692939550510601, 0.6554589741642409, 0.6491114548010504, 0.637175602601608, 0.6156874992862942, 0.5873832456907423, 0.5648149780059685, 0.5321151313859127, 0.5059360619333754, 0.46581652709108823, 0.39122783717226994, 0.30594846287136856, 0.2885211348723017, 0.27102525179538206, 0.26314737647107656, 0.2511362473125357, 0.23878346138003348, 0.23227104904308205, 0.22914293326267188, 0.22824177838934556, 0.22822335514735892, 0.22821266441650112, 0.22821194578729187, 0.2282119209609209, 0.22821192082842734, 0.2282119208258404, 0.2282119208258404]}, "8": {"maxiter": 500, "gtol": 1e-05, "xrtol": 1e-05, "eps": 1e-05, "duration": 0.05125880241394043, "fun": "0.2282119208293133", "jac": "[ 7.44637685e-07 -6.02295991e-08 -1.10379483e-06 -3.61366492e-07\n  5.81268367e-07 -4.55990801e-07]", "hess_inv": "[[ 3.34718962 -0.97079793  0.97133366  0.36028611  0.86834437  0.28186062]\n [-0.97079793  4.6214653  -1.82108283  0.14219866  0.1916299  -1.53120287]\n [ 0.97133366 -1.82108283  5.52838846 -1.23725786  1.40394412 -1.55325831]\n [ 0.36028611  0.14219866 -1.23725786  2.97976238 -0.28408117  0.49296477]\n [ 0.86834437  0.1916299   1.40394412 -0.28408117  3.84277398 -0.88990867]\n [ 0.28186062 -1.53120287 -1.55325831  0.49296477 -0.88990867  4.00691079]]", "nfev": "217", "njev": "31", "status": "0", "success": "True", "message": "Optimization terminated successfully.", "x": "[5.05874033 4.64525767 4.22956747 4.77721192 7.55557127 1.02219033]", "nit": "27", "callback": [0.7427375030703902, 0.724920495023973, 0.6929291073712947, 0.655454250981735, 0.6491096572215707, 0.6371751353998402, 0.6156811669726882, 0.5873415369871667, 0.5647973223573026, 0.5321569811453544, 0.5059586691787583, 0.46569274321667853, 0.39088544341383125, 0.30615240857437853, 0.28849857925214717, 0.2688145368243642, 0.2595954822552331, 0.24850549123205812, 0.23492175709600105, 0.23077071750098088, 0.2286241622560068, 0.22824382704864876, 0.22822178096876167, 0.22821380006172665, 0.22821199235294232, 0.22821192199894003, 0.2282119208293133]}, "9": {"maxiter": 500, "gtol": 1e-05, "xrtol": 1e-05, "eps": 1e-10, "duration": 0.04614686965942383, "fun": "0.2282119209609209", "jac": "[ 1.11022293e-06 -2.22044587e-06 -5.55111466e-06  0.00000000e+00\n  9.99200639e-06 -5.55111466e-06]", "hess_inv": "[[ 3.48157028 -0.9434321   0.91351107  0.40591194  0.9303088   0.3518434 ]\n [-0.9434321   4.69744013 -1.86321379  0.09043976  0.150414   -1.55046508]\n [ 0.91351107 -1.86321379  5.3464448  -1.17675444  1.38295211 -1.5249058 ]\n [ 0.40591194  0.09043976 -1.17675444  3.02552811 -0.30151792  0.54943103]\n [ 0.9303088   0.150414    1.38295211 -0.30151792  3.80975305 -0.83867355]\n [ 0.3518434  -1.55046508 -1.5249058   0.54943103 -0.83867355  4.10702921]]", "nfev": "203", "njev": "29", "status": "0", "success": "True", "message": "Optimization terminated successfully.", "x": "[5.05874616 4.64526178 4.22956765 4.77721406 7.55560186 1.02217747]", "nit": "26", "callback": [0.7427383331889631, 0.7249252587956075, 0.692939550510601, 0.6554589741642409, 0.6491114548010504, 0.637175602601608, 0.6156874992862942, 0.5873832456907423, 0.5648149780059685, 0.5321151313859127, 0.5059360619333754, 0.46581652709108823, 0.39122783717226994, 0.30594846287136856, 0.2885211348723017, 0.27102525179538206, 0.26314737647107656, 0.2511362473125357, 0.23878346138003348, 0.23227104904308205, 0.22914293326267188, 0.22824177838934556, 0.22822335514735892, 0.22821266441650112, 0.22821194578729187, 0.2282119209609209]}, "10": {"maxiter": 500, "gtol": 1e-05, "xrtol": 1e-10, "eps": 1e-05, "duration": 0.052887678146362305, "fun": "0.2282119208293133", "jac": "[ 7.44637685e-07 -6.02295991e-08 -1.10379483e-06 -3.61366492e-07\n  5.81268367e-07 -4.55990801e-07]", "hess_inv": "[[ 3.34718962 -0.97079793  0.97133366  0.36028611  0.86834437  0.28186062]\n [-0.97079793  4.6214653  -1.82108283  0.14219866  0.1916299  -1.53120287]\n [ 0.97133366 -1.82108283  5.52838846 -1.23725786  1.40394412 -1.55325831]\n [ 0.36028611  0.14219866 -1.23725786  2.97976238 -0.28408117  0.49296477]\n [ 0.86834437  0.1916299   1.40394412 -0.28408117  3.84277398 -0.88990867]\n [ 0.28186062 -1.53120287 -1.55325831  0.49296477 -0.88990867  4.00691079]]", "nfev": "217", "njev": "31", "status": "0", "success": "True", "message": "Optimization terminated successfully.", "x": "[5.05874033 4.64525767 4.22956747 4.77721192 7.55557127 1.02219033]", "nit": "27", "callback": [0.7427375030703902, 0.724920495023973, 0.6929291073712947, 0.655454250981735, 0.6491096572215707, 0.6371751353998402, 0.6156811669726882, 0.5873415369871667, 0.5647973223573026, 0.5321569811453544, 0.5059586691787583, 0.46569274321667853, 0.39088544341383125, 0.30615240857437853, 0.28849857925214717, 0.2688145368243642, 0.2595954822552331, 0.24850549123205812, 0.23492175709600105, 0.23077071750098088, 0.2286241622560068, 0.22824382704864876, 0.22822178096876167, 0.22821380006172665, 0.22821199235294232, 0.22821192199894003, 0.2282119208293133]}, "11": {"maxiter": 500, "gtol": 1e-05, "xrtol": 1e-10, "eps": 1e-10, "duration": 0.05178403854370117, "fun": "0.2282119209609209", "jac": "[ 1.11022293e-06 -2.22044587e-06 -5.55111466e-06  0.00000000e+00\n  9.99200639e-06 -5.55111466e-06]", "hess_inv": "[[ 3.48157028 -0.9434321   0.91351107  0.40591194  0.9303088   0.3518434 ]\n [-0.9434321   4.69744013 -1.86321379  0.09043976  0.150414   -1.55046508]\n [ 0.91351107 -1.86321379  5.3464448  -1.17675444  1.38295211 -1.5249058 ]\n [ 0.40591194  0.09043976 -1.17675444  3.02552811 -0.30151792  0.54943103]\n [ 0.9303088   0.150414    1.38295211 -0.30151792  3.80975305 -0.83867355]\n [ 0.3518434  -1.55046508 -1.5249058   0.54943103 -0.83867355  4.10702921]]", "nfev": "203", "njev": "29", "status": "0", "success": "True", "message": "Optimization terminated successfully.", "x": "[5.05874616 4.64526178 4.22956765 4.77721406 7.55560186 1.02217747]", "nit": "26", "callback": [0.7427383331889631, 0.7249252587956075, 0.692939550510601, 0.6554589741642409, 0.6491114548010504, 0.637175602601608, 0.6156874992862942, 0.5873832456907423, 0.5648149780059685, 0.5321151313859127, 0.5059360619333754, 0.46581652709108823, 0.39122783717226994, 0.30594846287136856, 0.2885211348723017, 0.27102525179538206, 0.26314737647107656, 0.2511362473125357, 0.23878346138003348, 0.23227104904308205, 0.22914293326267188, 0.22824177838934556, 0.22822335514735892, 0.2282126