{"date": "2024/09/24/, 00:26:45", "conf_id": 159, "data_type": "orthogonal\n", "num_data_points": 4, "s_rank": 0, "unitary": "[[-0.24866696+0.58742286j,-0.44704345-0.43151574j,-0.35669027-0.20570733j,-0.10517633+0.1626036j],[0.10596805-0.19687975j,-0.30269685-0.15056416j,0.18246286+0.30440582j,-0.83484447-0.11310748j],[0.26054512-0.52548482j,0.0285017-0.50723956j,-0.43110112+0.17165838j,0.15243271+0.39915801j],[0.42978035+0.11991271j,-0.17224126-0.46030424j,0.6827807-0.15164662j,0.26483638+0.0061855j]]", "databatch_0": {"databatch": "[[[-0.08365737-0.14462101j,-0.29896004+0.1646434j,-0.20136963-0.0139801j,0.22810943-0.24471766j],[0.13522972-0.02490647j,0.22123382+0.05600595j,-0.16055882-0.03760221j,-0.32182371-0.0834541j],[-0.12986418+0.21860368j,-0.11308658+0.23861146j,-0.24110394+0.15832477j,0.27986519+0.11711546j],[0.10000483-0.22091569j,-0.13479857-0.1377186j,0.04471359+0.1568886j,0.24041743+0.06518346j]],[[-0.05828153-0.03477091j,-0.14418948-0.18166583j,-0.26606344+0.04695848j,0.01389348-0.27510985j],[0.08932327-0.26516463j,0.26988643+0.21193166j,-0.1915977-0.16555499j,-0.01403177+0.05078433j],[-0.06813893+0.08672863j,0.13198949+0.25628913j,-0.16173983+0.04507657j,0.20017252+0.23421492j],[0.28588947-0.27635311j,-0.13494241+0.22819773j,0.17857457+0.15824764j,0.04192187+0.1559666j]],[[0.00958161-0.09867099j,-0.18443906-0.09528432j,-0.35580318+0.10316966j,0.103874-0.29881945j],[0.2235965-0.26991368j,0.29738252+0.17014663j,-0.2531086-0.10365875j,-0.07063045-0.02707343j],[-0.07708342+0.01402179j,0.02928347+0.21068819j,-0.05946024-0.03217867j,0.21884542+0.08661791j],[0.18270061-0.34098479j,-0.17933239+0.18048479j,0.04079266+0.17558388j,0.01160146+0.17498869j]],[[-0.13752643-0.02829325j,-0.30529719+0.05368174j,-0.22801774+0.0638599j,0.27923457-0.30240169j],[0.14178383-0.10336972j,0.37587564+0.14188793j,-0.07776215-0.07327395j,-0.22452135-0.03108741j],[-0.12300401+0.01740929j,-0.09877551+0.24934865j,-0.10464624+0.01499069j,0.30861832+0.01140168j],[0.12461883-0.24187778j,-0.23578282+0.05530409j,0.05504559+0.0646035j,0.15102322+0.21702616j]]]", "initial param values": "[6.2700799,2.37067807,2.13166795,2.03742211,5.65910559,0.92546144]", "nelder_mead": {"type": "gradient-free", "0": {"maxiter": 100, "fatol": 1e-05, "xatol": 1e-05, "duration": 0.03748202323913574, "fun": "0.6698918356455708", "nit": "100", "nfev": "152", "status": "2", "success": "False", "message": "Maximum number of iterations has been exceeded.", "x": "[5.52184184 2.92509239 1.36408802 3.61319676 5.0402613  0.76977376]", "final_simplex": "(array([[5.52184184, 2.92509239, 1.36408802, 3.61319676, 5.0402613 ,\n        0.76977376],\n       [5.53532328, 2.84027779, 1.42213214, 3.67220195, 5.10862611,\n        0.74614643],\n       [5.61018357, 2.63576109, 1.58636317, 3.53887913, 5.04722306,\n        0.75273555],\n       [5.58120034, 2.55491182, 1.57638999, 3.52779107, 4.97664546,\n        0.76743626],\n       [5.5042635 , 2.58523767, 1.65249417, 3.53084532, 4.96999419,\n        0.76475569],\n       [5.59278915, 2.54851809, 1.64595844, 3.50541053, 5.0732873 ,\n        0.74868479],\n       [5.49235377, 2.47145073, 1.68910278, 3.49538509, 5.05733545,\n        0.76346778]]), array([0.66989184, 0.67179894, 0.67253534, 0.67276564, 0.6733422 ,\n       0.67372355, 0.67427633]))", "callback": [0.788641853345372, 0.6921488101301825, 0.6903058520434375, 0.685385559412348, 0.6810630798069242, 0.677799049914128, 0.6773513232466402, 0.67596689139954, 0.6745014643550498]}, "1": {"maxiter": 100, "fatol": 1e-05, "xatol": 1e-10, "duration": 0.03497505187988281, "fun": "0.6698918356455708", "nit": "100", "nfev": "152", "status": "2", "success": "False", "message": "Maximum number of iterations has been exceeded.", "x": "[5.52184184 2.92509239 1.36408802 3.61319676 5.0402613  0.76977376]", "final_simplex": "(array([[5.52184184, 2.92509239, 1.36408802, 3.61319676, 5.0402613 ,\n        0.76977376],\n       [5.53532328, 2.84027779, 1.42213214, 3.67220195, 5.10862611,\n        0.74614643],\n       [5.61018357, 2.63576109, 1.58636317, 3.53887913, 5.04722306,\n        0.75273555],\n       [5.58120034, 2.55491182, 1.57638999, 3.52779107, 4.97664546,\n        0.76743626],\n       [5.5042635 , 2.58523767, 1.65249417, 3.53084532, 4.96999419,\n        0.76475569],\n       [5.59278915, 2.54851809, 1.64595844, 3.50541053, 5.0732873 ,\n        0.74868479],\n       [5.49235377, 2.47145073, 1.68910278, 3.49538509, 5.05733545,\n        0.76346778]]), array([0.66989184, 0.67179894, 0.67253534, 0.67276564, 0.6733422 ,\n       0.67372355, 0.67427633]))", "callback": [0.788641853345372, 0.6921488101301825, 0.6903058520434375, 0.685385559412348, 0.6810630798069242, 0.677799049914128, 0.6773513232466402, 0.67596689139954, 0.6745014643550498]}, "2": {"maxiter": 100, "fatol": 1e-10, "xatol": 1e-05, "duration": 0.03478097915649414, "fun": "0.6698918356455708", "nit": "100", "nfev": "152", "status": "2", "success": "False", "message": "Maximum number of iterations has been exceeded.", "x": "[5.52184184 2.92509239 1.36408802 3.61319676 5.0402613  0.76977376]", "final_simplex": "(array([[5.52184184, 2.92509239, 1.36408802, 3.61319676, 5.0402613 ,\n        0.76977376],\n       [5.53532328, 2.84027779, 1.42213214, 3.67220195, 5.10862611,\n        0.74614643],\n       [5.61018357, 2.63576109, 1.58636317, 3.53887913, 5.04722306,\n        0.75273555],\n       [5.58120034, 2.55491182, 1.57638999, 3.52779107, 4.97664546,\n        0.76743626],\n       [5.5042635 , 2.58523767, 1.65249417, 3.53084532, 4.96999419,\n        0.76475569],\n       [5.59278915, 2.54851809, 1.64595844, 3.50541053, 5.0732873 ,\n        0.74868479],\n       [5.49235377, 2.47145073, 1.68910278, 3.49538509, 5.05733545,\n        0.76346778]]), array([0.66989184, 0.67179894, 0.67253534, 0.67276564, 0.6733422 ,\n       0.67372355, 0.67427633]))", "callback": [0.788641853345372, 0.6921488101301825, 0.6903058520434375, 0.685385559412348, 0.6810630798069242, 0.677799049914128, 0.6773513232466402, 0.67596689139954, 0.6745014643550498]}, "3": {"maxiter": 100, "fatol": 1e-10, "xatol": 1e-10, "duration": 0.034484148025512695, "fun": "0.6698918356455708", "nit": "100", "nfev": "152", "status": "2", "success": "False", "message": "Maximum number of iterations has been exceeded.", "x": "[5.52184184 2.92509239 1.36408802 3.61319676 5.0402613  0.76977376]", "final_simplex": "(array([[5.52184184, 2.92509239, 1.36408802, 3.61319676, 5.0402613 ,\n        0.76977376],\n       [5.53532328, 2.84027779, 1.42213214, 3.67220195, 5.10862611,\n        0.74614643],\n       [5.61018357, 2.63576109, 1.58636317, 3.53887913, 5.04722306,\n        0.75273555],\n       [5.58120034, 2.55491182, 1.57638999, 3.52779107, 4.97664546,\n        0.76743626],\n       [5.5042635 , 2.58523767, 1.65249417, 3.53084532, 4.96999419,\n        0.76475569],\n       [5.59278915, 2.54851809, 1.64595844, 3.50541053, 5.0732873 ,\n        0.74868479],\n       [5.49235377, 2.47145073, 1.68910278, 3.49538509, 5.05733545,\n        0.76346778]]), array([0.66989184, 0.67179894, 0.67253534, 0.67276564, 0.6733422 ,\n       0.67372355, 0.67427633]))", "callback": [0.788641853345372, 0.6921488101301825, 0.6903058520434375, 0.685385559412348, 0.6810630798069242, 0.677799049914128, 0.6773513232466402, 0.67596689139954, 0.6745014643550498]}, "4": {"maxiter": 500, "fatol": 1e-05, "xatol": 1e-05, "duration": 0.16800475120544434, "fun": "0.5001830706524306", "nit": "477", "nfev": "746", "status": "0", "success": "True", "message": "Optimization terminated successfully.", "x": "[5.23921818 3.01715783 1.1745056  4.62825709 6.23180267 2.19557637]", "final_simplex": "(array([[5.23921818, 3.01715783, 1.1745056 , 4.62825709, 6.23180267,\n        2.19557637],\n       [5.23922252, 3.01715625, 1.17450328, 4.62825536, 6.23180349,\n        2.19557496],\n       [5.23921657, 3.01715791, 1.17450419, 4.62825832, 6.23179828,\n        2.19558235],\n       [5.23921996, 3.01715685, 1.17450847, 4.62825555, 6.23179327,\n        2.19557737],\n       [5.2392176 , 3.01715603, 1.1745078 , 4.6282554 , 6.2317995 ,\n        2.1955843 ],\n       [5.23921515, 3.01715972, 1.17450565, 4.62825178, 6.23179701,\n        2.19557681],\n       [5.23921858, 3.01716125, 1.17450257, 4.62825614, 6.23179477,\n        2.19557986]]), array([0.50018307, 0.50018307, 0.50018307, 0.50018307, 0.50018307,\n       0.50018307, 0.50018307]))", "callback": [0.788641853345372, 0.6921488101301825, 0.6903058520434375, 0.685385559412348, 0.6810630798069242, 0.677799049914128, 0.6773513232466402, 0.67596689139954, 0.6745014643550498, 0.6698918356455708, 0.6687992346510457, 0.6680817458341691, 0.6672697079079134, 0.6667218749864678, 0.6664049530532423, 0.6664049530532423, 0.6663523962277311, 0.6662075503505367, 0.6658164617986249, 0.663826420631694, 0.6551980304558755, 0.6433423668141611, 0.6229304862158684, 0.6061993228087257, 0.5885797216161945, 0.5685213409462412, 0.5573410057768414, 0.5399169109689124, 0.525961055019072, 0.5148776704969967, 0.5077656162814559, 0.5026690004281584, 0.5006702283898745, 0.500289499966737, 0.5002254894615674, 0.5001928574032162, 0.5001851161877607, 0.5001834482906005, 0.5001831779159607, 0.5001831265489185, 0.5001830999485126, 0.5001830790601759, 0.5001830725774103, 0.5001830712297493, 0.5001830707810377, 0.5001830706808219, 0.5001830706527078]}, "5": {"maxiter": 500, "fatol": 1e-05, "xatol": 1e-10, "duration": 0.17627596855163574, "fun": "0.5001830706462862", "nit": "500", "nfev": "783", "status": "2", "success": "False", "message": "Maximum number of iterations has been exceeded.", "x": "[5.23922046 3.01715259 1.17450699 4.62825591 6.23180066 2.19557854]", "final_simplex": "(array([[5.23922046, 3.01715259, 1.17450699, 4.62825591, 6.23180066,\n        2.19557854],\n       [5.23921962, 3.01715124, 1.1745095 , 4.62825495, 6.23179987,\n        2.19558084],\n       [5.23921966, 3.01715332, 1.17450823, 4.62825485, 6.23179929,\n        2.19557803],\n       [5.23921905, 3.01715307, 1.17450805, 4.62825417, 6.23180052,\n        2.19557991],\n       [5.23922055, 3.01715298, 1.17450811, 4.62825486, 6.23179829,\n        2.19557895],\n       [5.23922177, 3.01715014, 1.17450966, 4.62825385, 6.23180042,\n        2.19557854],\n       [5.23922096, 3.01715195, 1.17450905, 4.62825627, 6.23180036,\n        2.19557929]]), array([0.50018307, 0.50018307, 0.50018307, 0.50018307, 0.50018307,\n       0.50018307, 0.50018307]))", "callback": [0.788641853345372, 0.6921488101301825, 0.6903058520434375, 0.685385559412348, 0.6810630798069242, 0.677799049914128, 0.6773513232466402, 0.67596689139954, 0.6745014643550498, 0.6698918356455708, 0.6687992346510457, 0.6680817458341691, 0.6672697079079134, 0.6667218749864678, 0.6664049530532423, 0.6664049530532423, 0.6663523962277311, 0.6662075503505367, 0.6658164617986249, 0.663826420631694, 0.6551980304558755, 0.6433423668141611, 0.6229304862158684, 0.6061993228087257, 0.5885797216161945, 0.5685213409462412, 0.5573410057768414, 0.5399169109689124, 0.525961055019072, 0.5148776704969967, 0.5077656162814559, 0.5026690004281584, 0.5006702283898745, 0.500289499966737, 0.5002254894615674, 0.5001928574032162, 0.5001851161877607, 0.5001834482906005, 0.5001831779159607, 0.5001831265489185, 0.5001830999485126, 0.5001830790601759, 0.5001830725774103, 0.5001830712297493, 0.5001830707810377, 0.5001830706808219, 0.5001830706527078, 0.5001830706493475, 0.5001830706468005]}, "6": {"maxiter": 500, "fatol": 1e-10, "xatol": 1e-05, "duration": 0.17314815521240234, "fun": "0.5001830706524306", "nit": "477", "nfev": "746", "status": "0", "success": "True", "message": "Optimization terminated successfully.", "x": "[5.23921818 3.01715783 1.1745056  4.62825709 6.23180267 2.19557637]", "final_simplex": "(array([[5.23921818, 3.01715783, 1.1745056 , 4.62825709, 6.23180267,\n        2.19557637],\n       [5.23922252, 3.01715625, 1.17450328, 4.62825536, 6.23180349,\n        2.19557496],\n       [5.23921657, 3.01715791, 1.17450419, 4.62825832, 6.23179828,\n        2.19558235],\n       [5.23921996, 3.01715685, 1.17450847, 4.62825555, 6.23179327,\n        2.19557737],\n       [5.2392176 , 3.01715603, 1.1745078 , 4.6282554 , 6.2317995 ,\n        2.1955843 ],\n       [5.23921515, 3.01715972, 1.17450565, 4.62825178, 6.23179701,\n        2.19557681],\n       [5.23921858, 3.01716125, 1.17450257, 4.62825614, 6.23179477,\n        2.19557986]]), array([0.50018307, 0.50018307, 0.50018307, 0.50018307, 0.50018307,\n       0.50018307, 0.50018307]))", "callback": [0.788641853345372, 0.6921488101301825, 0.6903058520434375, 0.685385559412348, 0.6810630798069242, 0.677799049914128, 0.6773513232466402, 0.67596689139954, 0.6745014643550498, 0.6698918356455708, 0.6687992346510457, 0.6680817458341691, 0.6672697079079134, 0.6667218749864678, 0.6664049530532423, 0.6664049530532423, 0.6663523962277311, 0.6662075503505367, 0.6658164617986249, 0.663826420631694, 0.6551980304558755, 0.6433423668141611, 0.6229304862158684, 0.6061993228087257, 0.5885797216161945, 0.5685213409462412, 0.5573410057768414, 0.5399169109689124, 0.525961055019072, 0.5148776704969967, 0.5077656162814559, 0.5026690004281584, 0.5006702283898745, 0.500289499966737, 0.5002254894615674, 0.5001928574032162, 0.5001851161877607, 0.5001834482906005, 0.5001831779159607, 0.5001831265489185, 0.5001830999485126, 0.5001830790601759, 0.5001830725774103, 0.5001830712297493, 0.5001830707810377, 0.5001830706808219, 0.5001830706527078]}, "7": {"maxiter": 500, "fatol": 1e-10, "xatol": 1e-10, "duration": 0.1906440258026123, "fun": "0.5001830706462862", "nit": "500", "nfev": "783", "status": "2", "success": "False", "message": "Maximum number of iterations has been exceeded.", "x": "[5.23922046 3.01715259 1.17450699 4.62825591 6.23180066 2.19557854]", "final_simplex": "(array([[5.23922046, 3.01715259, 1.17450699, 4.62825591, 6.23180066,\n        2.19557854],\n       [5.23921962, 3.01715124, 1.1745095 , 4.62825495, 6.23179987,\n        2.19558084],\n       [5.23921966, 3.01715332, 1.17450823, 4.62825485, 6.23179929,\n        2.19557803],\n       [5.23921905, 3.01715307, 1.17450805, 4.62825417, 6.23180052,\n        2.19557991],\n       [5.23922055, 3.01715298, 1.17450811, 4.62825486, 6.23179829,\n        2.19557895],\n       [5.23922177, 3.01715014, 1.17450966, 4.62825385, 6.23180042,\n        2.19557854],\n       [5.23922096, 3.01715195, 1.17450905, 4.62825627, 6.23180036,\n        2.19557929]]), array([0.50018307, 0.50018307, 0.50018307, 0.50018307, 0.50018307,\n       0.50018307, 0.50018307]))", "callback": [0.788641853345372, 0.6921488101301825, 0.6903058520434375, 0.685385559412348, 0.6810630798069242, 0.677799049914128, 0.6773513232466402, 0.67596689139954, 0.6745014643550498, 0.6698918356455708, 0.6687992346510457, 0.6680817458341691, 0.6672697079079134, 0.6667218749864678, 0.6664049530532423, 0.6664049530532423, 0.6663523962277311, 0.6662075503505367, 0.6658164617986249, 0.663826420631694, 0.6551980304558755, 0.6433423668141611, 0.6229304862158684, 0.6061993228087257, 0.5885797216161945, 0.5685213409462412, 0.5573410057768414, 0.5399169109689124, 0.525961055019072, 0.5148776704969967, 0.5077656162814559, 0.5026690004281584, 0.5006702283898745, 0.500289499966737, 0.5002254894615674, 0.5001928574032162, 0.5001851161877607, 0.5001834482906005, 0.5001831779159607, 0.5001831265489185, 0.5001830999485126, 0.5001830790601759, 0.5001830725774103, 0.5001830712297493, 0.5001830707810377, 0.5001830706808219, 0.5001830706527078, 0.5001830706493475, 0.5001830706468005]}, "8": {"maxiter": 1000, "fatol": 1e-05, "xatol": 1e-05, "duration": 0.1701500415802002, "fun": "0.5001830706524306", "nit": "477", "nfev": "746", "status": "0", "success": "True", "message": "Optimization terminated successfully.", "x": "[5.23921818 3.01715783 1.1745056  4.62825709 6.23180267 2.19557637]", "final_simplex": "(array([[5.23921818, 3.01715783, 1.1745056 , 4.62825709, 6.23180267,\n        2.19557637],\n       [5.23922252, 3.01715625, 1.17450328, 4.62825536, 6.23180349,\n        2.19557496],\n       [5.23921657, 3.01715791, 1.17450419, 4.62825832, 6.23179828,\n        2.19558235],\n       [5.23921996, 3.01715685, 1.17450847, 4.62825555, 6.23179327,\n        2.19557737],\n       [5.2392176 , 3.01715603, 1.1745078 , 4.6282554 , 6.2317995 ,\n        2.1955843 ],\n       [5.23921515, 3.01715972, 1.17450565, 4.62825178, 6.23179701,\n        2.19557681],\n       [5.23921858, 3.01716125, 1.17450257, 4.62825614, 6.23179477,\n        2.19557986]]), array([0.50018307, 0.50018307, 0.50018307, 0.50018307, 0.50018307,\n       0.50018307, 0.50018307]))", "callback": [0.788641853345372, 0.6921488101301825, 0.6903058520434375, 0.685385559412348, 0.6810630798069242, 0.677799049914128, 0.6773513232466402, 0.67596689139954, 0.6745014643550498, 0.6698918356455708, 0.6687992346510457, 0.6680817458341691, 0.6672697079079134, 0.6667218749864678, 0.6664049530532423, 0.6664049530532423, 0.6663523962277311, 0.6662075503505367, 0.6658164617986249, 0.663826420631694, 0.6551980304558755, 0.6433423668141611, 0.6229304862158684, 0.6061993228087257, 0.5885797216161945, 0.5685213409462412, 0.5573410057768414, 0.5399169109689124, 0.525961055019072, 0.5148776704969967, 0.5077656162814559, 0.5026690004281584, 0.5006702283898745, 0.500289499966737, 0.5002254894615674, 0.5001928574032162, 0.5001851161877607, 0.5001834482906005, 0.5001831779159607, 0.5001831265489185, 0.5001830999485126, 0.5001830790601759, 0.5001830725774103, 0.5001830712297493, 0.5001830707810377, 0.5001830706808219, 0.5001830706527078]}, "9": {"maxiter": 1000, "fatol": 1e-05, "xatol": 1e-10, "duration": 0.25304698944091797, "fun": "0.5001830706440438", "nit": "620", "nfev": "1030", "status": "0", "success": "True", "message": "Optimization terminated successfully.", "x": "[5.23921751 3.01714904 1.17450747 4.62825558 6.23180038 2.19557905]", "final_simplex": "(array([[5.23921751, 3.01714904, 1.17450747, 4.62825558, 6.23180038,\n        2.19557905],\n       [5.23921751, 3.01714904, 1.17450747, 4.62825558, 6.23180038,\n        2.19557905],\n       [5.23921751, 3.01714904, 1.17450747, 4.62825558, 6.23180038,\n        2.19557905],\n       [5.23921751, 3.01714904, 1.17450747, 4.62825558, 6.23180038,\n        2.19557905],\n       [5.23921751, 3.01714904, 1.17450747, 4.62825558, 6.23180038,\n        2.19557905],\n       [5.23921751, 3.01714904, 1.17450747, 4.62825558, 6.23180038,\n        2.19557905],\n       [5.23921751, 3.01714904, 1.17450747, 4.62825558, 6.23180038,\n        2.19557905]]), array([0.50018307, 0.50018307, 0.50018307, 0.50018307, 0.50018307,\n       0.50018307, 0.50018307]))", "callback": [0.788641853345372, 0.6921488101301825, 0.6903058520434375, 0.685385559412348, 0.6810630798069242, 0.677799049914128, 0.6773513232466402, 0.67596689139954, 0.6745014643550498, 0.6698918356455708, 0.6687992346510457, 0.6680817458341691, 0.6672697079079134, 0.6667218749864678, 0.6664049530532423, 0.6664049530532423, 0.6663523962277311, 0.6662075503505367, 0.6658164617986249, 0.663826420631694, 0.6551980304558755, 0.6433423668141611, 0.6229304862158684, 0.6061993228087257, 0.5885797216161945, 0.5685213409462412, 0.5573410057768414, 0.5399169109689124, 0.525961055019072, 0.5148776704969967, 0.5077656162814559, 0.5026690004281584, 0.5006702283898745, 0.500289499966737, 0.5002254894615674, 0.5001928574032162, 0.5001851161877607, 0.5001834482906005, 0.5001831779159607, 0.5001831265489185, 0.5001830999485126, 0.5001830790601759, 0.5001830725774103, 0.5001830712297493, 0.5001830707810377, 0.5001830706808219, 0.5001830706527078, 0.5001830706493475, 0.5001830706468005, 0.5001830706461656, 0.5001830706450496, 0.5001830706444497, 0.5001830706442442, 0.5001830706441149, 0.5001830706440742, 0.5001830706440502, 0.5001830706440461, 0.5001830706440444, 0.500183070644044, 0.500183070644044, 0.5001830706440438, 0.5001830706440438]}, "10": {"maxiter": 1000, "fatol": 1e-10, "xatol": 1e-05, "duration": 0.1816692352294922, "fun": "0.5001830706524306", "nit": "477", "nfev": "746", "status": "0", "success": "True", "message": "Optimization terminated successfully.", "x": "[5.23921818 3.01715783 1.1745056  4.62825709 6.23180267 2.19557637]", "final_simplex": "(array([[5.23921818, 3.01715783, 1.1745056 , 4.62825709, 6.23180267,\n        2.19557637],\n       [5.23922252, 3.01715625, 1.17450328, 4.62825536, 6.23180349,\n        2.19557496],\n       [5.23921657, 3.01715791, 1.17450419, 4.62825832, 6.23179828,\n        2.19558235],\n       [5.23921996, 3.01715685, 1.17450847, 4.62825555, 6.23179327,\n        2.19557737],\n       [5.2392176 , 3.01715603, 1.1745078 , 4.6282554 , 6.2317995 ,\n        2.1955843 ],\n       [5.23921515, 3.01715972, 1.17450565, 4.62825178, 6.23179701,\n        2.19557681],\n       [5.23921858, 3.01716125, 1.17450257, 4.62825614, 6.23179477,\n        2.19557986]]), array([0.50018307, 0.50018307, 0.50018307, 0.50018307, 0.50018307,\n       0.50018307, 0.50018307]))", "callback": [0.788641853345372, 0.6921488101301825, 0.6903058520434375, 0.685385559412348, 0.6810630798069242, 0.677799049914128, 0.6773513232466402, 0.67596689139954, 0.6745014643550498, 0.6698918356455708, 0.6687992346510457, 0.6680817458341691, 0.6672697079079134, 0.6667218749864678, 0.6664049530532423, 0.6664049530532423, 0.6663523962277311, 0.6662075503505367, 0.6658164617986249, 0.663826420631694, 0.6551980304558755, 0.6433423668141611, 0.6229304862158684, 0.6061993228087257, 0.5885797216161945, 0.5685213409462412, 0.5573410057768414, 0.5399169109689124, 0.525961055019072, 0.5148776704969967, 0.5077656162814559, 0.5026690004281584, 0.5006702283898745, 0.500289499966737, 0.5002254894615674, 0.5001928574032162, 0.5001851161877607, 0.5001834482906005, 0.5001831779159607, 0.5001831265489185, 0.5001830999485126, 0.5001830790601759, 0.5001830725774103, 0.5001830712297493, 0.5001830707810377, 0.5001830706808219, 0.5001830706527078]}, "11": {"maxiter": 1000, "fatol": 1e-10, "xatol": 1e-10, "duration": 0.23785114288330078, "fun": "0.5001830706440438", "nit": "620", "nfev": "1030", "status": "0", "success": "True", "message": "Optimization terminated successfully.", "x": "[5.23921751 3.01714904 1.17450747 4.62825558 6.23180038 2.19557905]", "final_simplex": "(array([[5.23921751, 3.01714904, 1.17450747, 4.62825558, 6.23180038,\n        2.19557905],\n       [5.23921751, 3.01714904, 1.17450747, 4.62825558, 6.23180038,\n        2.19557905],\n       [5.23921751, 3.01714904, 1.17450747, 4.62825558, 6.23180038,\n        2.19557905],\n       [5.23921751, 3.01714904, 1.17450747, 4.62825558, 6.23180038,\n        2.19557905],\n       [5.23921751, 3.01714904, 1.17450747, 4.62825558, 6.23180038,\n        2.19557905],\n       [5.23921751, 3.01714904, 1.17450747, 4.62825558, 6.23180038,\n        2.19557905],\n       [5.23921751, 3.01714904, 1.17450747, 4.62825558, 6.23180038,\n        2.19557905]]), array([0.50018307, 0.50018307, 0.50018307, 0.50018307, 0.50018307,\n       0.50018307, 0.50018307]))", "callback": [0.788641853345372, 0.6921488101301825, 0.6903058520434375, 0.685385559412348, 0.6810630798069242, 0.677799049914128, 0.6773513232466402, 0.67596689139954, 0.6745014643550498, 0.6698918356455708, 0.6687992346510457, 0.6680817458341691, 0.6672697079079134, 0.6667218749864678, 0.6664049530532423, 0.6664049530532423, 0.6663523962277311, 0.6662075503505367, 0.6658164617986249, 0.663826420631694, 0.6551980304558755, 0.6433423668141611, 0.6229304862158684, 0.6061993228087257, 0.5885797216161945, 0.5685213409462412, 0.5573410057768414, 0.5399169109689124, 0.525961055019072, 0.5148776704969967, 0.5077656162814559, 0.5026690004281584, 0.5006702283898745, 0.500289499966737, 0.5002254894615674, 0.5001928574032162, 0.5001851161877607, 0.5001834482906005, 0.5001831779159607, 0.5001831265489185, 0.5001830999485126, 0.5001830790601759, 0.5001830725774103, 0.5001830712297493, 0.5001830707810377, 0.5001830706808219, 0.5001830706527078, 0.5001830706493475, 0.5001830706468005, 0.5001830706461656, 0.5001830706450496, 0.5001830706444497, 0.5001830706442442, 0.5001830706441149, 0.5001830706440742, 0.5001830706440502, 0.5001830706440461, 0.5001830706440444, 0.500183070644044, 0.500183070644044, 0.5001830706440438, 0.5001830706440438]}}, "bfgs": {"type": "gradient", "0": {"maxiter": 100, "gtol": 1e-05, "xrtol": 1e-05, "eps": 1e-05, "duration": 0.04147768020629883, "fun": "0.5001830707616545", "jac": "[ 6.82942591e-06 -6.85285162e-07 -2.98853164e-06  1.08074660e-06\n -1.64880332e-06  1.88878913e-06]", "hess_inv": "[[ 4.0883124   0.01746286  0.27986234 -0.35082599 -0.5782797  -1.18142644]\n [ 0.01746286  7.85880564 -3.99595235  0.26776233 -0.58307317 -1.30389591]\n [ 0.27986234 -3.99595235  6.97597227 -0.64953301 -1.398016    1.3300777 ]\n [-0.35082599  0.26776233 -0.64953301  5.78727666  0.3059755   0.33223839]\n [-0.5782797  -0.58307317 -1.398016    0.3059755   4.44289561  0.58482364]\n [-1.18142644 -1.30389591  1.3300777   0.33223839  0.58482364  5.00202371]]", "nfev": "175", "njev": "25", "status": "0", "success": "True", "message": "Optimization terminated successfully.", "x": "[5.23924356 3.01715493 1.17448966 4.62825649 6.23178989 2.19557059]", "nit": "21", "callback": [0.5147501493030944, 0.5001830843994873]}, "1": {"maxiter": 100, "gtol": 1e-05, "xrtol": 1e-05, "eps": 1e-10, "duration": 0.04308509826660156, "fun": "0.5001830707678807", "jac": "[ 5.55111466e-06 -3.33066880e-06 -4.44089173e-06  0.00000000e+00\n -2.22044587e-06  2.22044587e-06]", "hess_inv": "[[ 4.09323756  0.02740004  0.27549207 -0.34427254 -0.58222156 -1.18641135]\n [ 0.02740004  7.87625965 -3.98761658  0.28443853 -0.59061727 -1.32303893]\n [ 0.27549207 -3.98761658  6.95880646 -0.65412603 -1.39897132  1.33797977]\n [-0.34427254  0.28443853 -0.65412603  5.79473612  0.30004988  0.32099038]\n [-0.58222156 -0.59061727 -1.39897132  0.30004988  4.44482077  0.59025165]\n [-1.18641135 -1.32303893  1.33797977  0.32099038  0.59025165  5.00874847]]", "nfev": "175", "njev": "25", "status": "0", "success": "True", "message": "Optimization terminated successfully.", "x": "[5.23924459 3.01713983 1.17449816 4.62825934 6.23179687 2.19557992]", "nit": "21", "callback": [0.514752805360229, 0.5001830848580842]}, "2": {"maxiter": 100, "gtol": 1e-05, "xrtol": 1e-10, "eps": 1e-05, "duration": 0.041181087493896484, "fun": "0.5001830707616545", "jac": "[ 6.82942591e-06 -6.85285162e-07 -2.98853164e-06  1.08074660e-06\n -1.64880332e-06  1.88878913e-06]", "hess_inv": "[[ 4.0883124   0.01746286  0.27986234 -0.35082599 -0.5782797  -1.18142644]\n [ 0.01746286  7.85880564 -3.99595235  0.26776233 -0.58307317 -1.30389591]\n [ 0.27986234 -3.99595235  6.97597227 -0.64953301 -1.398016    1.3300777 ]\n [-0.35082599  0.26776233 -0.64953301  5.78727666  0.3059755   0.33223839]\n [-0.5782797  -0.58307317 -1.398016    0.3059755   4.44289561  0.58482364]\n [-1.18142644 -1.30389591  1.3300777   0.33223839  0.58482364  5.00202371]]", "nfev": "175", "njev": "25", "status": "0", "success": "True", "message": "Optimization terminated successfully.", "x": "[5.23924356 3.01715493 1.17448966 4.62825649 6.23178989 2.19557059]", "nit": "21", "callback": [0.5147501493030944, 0.5001830843994873]}, "3": {"maxiter": 100, "gtol": 1e-05, "xrtol": 1e-10, "eps": 1e-10, "duration": 0.041275739669799805, "fun": "0.5001830707678807", "jac": "[ 5.55111466e-06 -3.33066880e-06 -4.44089173e-06  0.00000000e+00\n -2.22044587e-06  2.22044587e-06]", "hess_inv": "[[ 4.09323756  0.02740004  0.27549207 -0.34427254 -0.58222156 -1.18641135]\n [ 0.02740004  7.87625965 -3.98761658  0.28443853 -0.59061727 -1.32303893]\n [ 0.27549207 -3.98761658  6.95880646 -0.65412603 -1.39897132  1.33797977]\n [-0.34427254  0.28443853 -0.65412603  5.79473612  0.30004988  0.32099038]\n [-0.58222156 -0.59061727 -1.39897132  0.30004988  4.44482077  0.59025165]\n [-1.18641135 -1.32303893  1.33797977  0.32099038  0.59025165  5.00874847]]", "nfev": "175", "njev": "25", "status": "0", "success": "True", "message": "Optimization terminated successfully.", "x": "[5.23924459 3.01713983 1.17449816 4.62825934 6.23179687 2.19557992]", "nit": "21", "callback": [0.514752805360229, 0.5001830848580842]}, "4": {"maxiter": 100, "gtol": 1e-10, "xrtol": 1e-05, "eps": 1e-05, "duration": 0.04246401786804199, "fun": "0.5001830706585274", "jac": "[ 2.15105711e-07 -1.51090251e-07 -2.88558066e-07 -1.84907645e-07\n -3.07187609e-07  2.14628315e-07]", "hess_inv": "[[ 4.48056597  0.11582311  0.14443371 -0.24847529 -0.65712645 -1.27470196]\n [ 0.11582311  7.87927632 -4.04516896  0.28931222 -0.60355098 -1.31005362]\n [ 0.14443371 -4.04516896  6.96722589 -0.69984149 -1.37336357  1.42497021]\n [-0.24847529  0.28931222 -0.69984149  5.80994488  0.28470881  0.32480891]\n [-0.65712645 -0.60355098 -1.37336357  0.28470881  4.45862556  0.6064756 ]\n [-1.27470196 -1.31005362  1.42497021  0.32480891  0.6064756   4.95340152]]", "nfev": "182", "njev": "26", "status": "0", "success": "True", "message": "Optimization terminated successfully.", "x": "[5.23921506 3.01714862 1.17450252 4.62824987 6.23179576 2.19557395]", "nit": "22", "callback": [0.5147501493030944, 0.5001830843994873]}, "5": {"maxiter": 100, "gtol": 1e-10, "xrtol": 1e-05, "eps": 1e-10, "duration": 0.042713165283203125, "fun": "0.5001830706478049", "jac": "[ 2.22044587e-06  1.11022293e-06 -1.11022293e-06  1.11022293e-06\n  1.11022293e-06  0.00000000e+00]", "hess_inv": "[[ 4.44485167 -0.02256563  0.1675926  -0.29113204 -0.64846778 -1.26279656]\n [-0.02256563  7.77383508 -4.031399    0.23184051 -0.57860605 -1.21949087]\n [ 0.1675926  -4.031399    6.96001034 -0.69474678 -1.37724049  1.4114507 ]\n [-0.29113204  0.23184051 -0.69474678  5.78424018  0.29110618  0.34757   ]\n [-0.64846778 -0.57860605 -1.37724049  0.29110618  4.45724035  0.60244486]\n [-1.26279656 -1.21949087  1.4114507   0.34757     0.60244486  4.94689389]]", "nfev": "182", "njev": "26", "status": "0", "success": "True", "message": "Optimization terminated successfully.", "x": "[5.23922195 3.01714937 1.17450852 4.62825852 6.23180098 2.19557949]", "nit": "22", "callback": [0.514752805360229, 0.5001830848580842]}, "6": {"maxiter": 100, "gtol": 1e-10, "xrtol": 1e-10, "eps": 1e-05, "duration": 0.1060481071472168, "fun": "0.5001830706566017", "jac": "[-1.21014310e-08  3.41948692e-09 -8.10462808e-09  2.08055795e-08\n -2.86437540e-08  2.60236277e-08]", "hess_inv": "[[ 4.42660296  0.1550367   0.11822762 -0.16048789 -0.78838851 -1.13604182]\n [ 0.1550367   7.85161097 -4.06565124  0.18262245 -0.65734421 -1.2959616 ]\n [ 0.11822762 -4.06565124  7.01283236 -0.71265793 -1.25399827  1.33399195]\n [-0.16048789  0.18262245 -0.71265793  5.47035964  0.24660602  0.27295401]\n [-0.78838851 -0.65734421 -1.25399827  0.24660602  4.68984414  0.45412989]\n [-1.13604182 -1.2959616   1.33399195  0.27295401  0.45412989  5.02456455]]", "nfev": "453", "njev": "63", "status": "2", "success": "False", "message": "Desired error not necessarily achieved due to precision loss.", "x": "[5.23921407 3.01714875 1.17450309 4.62825088 6.23179675 2.19557361]", "nit": "23", "callback": [0.5147501493030944, 0.5001830843994873]}, "7": {"maxiter": 100, "gtol": 1e-10, "xrtol": 1e-10, "eps": 1e-10, "duration": 0.0472102165222168, "fun": "0.5001830706468156", "jac": "[0. 0. 0. 0. 0. 0.]", "hess_inv": "[[ 2.80079671 -0.57810901  1.6663478  -0.9010037  -0.51002828 -0.48847856]\n [-0.57810901  5.93060031 -2.4996421  -0.67436791 -1.07915542 -0.34343937]\n [ 1.6663478  -2.4996421   4.95944766  0.29546356 -1.17155318  0.31542648]\n [-0.9010037  -0.67436791  0.29546356  5.26244626  0.10500954  0.88652132]\n [-0.51002828 -1.07915542 -1.17155318  0.10500954  4.33221381  0.83211272]\n [-0.48847856 -0.34343937  0.31542648  0.88652132  0.83211272  4.4787225 ]]", "nfev": "203", "njev": "29", "status": "0", "success": "True", "message": "Optimization terminated successfully.", "x": "[5.23921777 3.01714589 1.17451373 4.62825621 6.23179943 2.19558056]", "nit": "24", "callback": [0.514752805360229, 0.5001830848580842]}, "8": {"maxiter": 500, "gtol": 1e-05, "xrtol": 1e-05, "eps": 1e-05, "duration": 0.04038405418395996, "fun": "0.5001830707616545", "jac": "[ 6.82942591e-06 -6.85285162e-07 -2.98853164e-06  1.08074660e-06\n -1.64880332e-06  1.88878913e-06]", "hess_inv": "[[ 4.0883124   0.01746286  0.27986234 -0.35082599 -0.5782797  -1.18142644]\n [ 0.01746286  7.85880564 -3.99595235  0.26776233 -0.58307317 -1.30389591]\n [ 0.27986234 -3.99595235  6.97597227 -0.64953301 -1.398016    1.3300777 ]\n [-0.35082599  0.26776233 -0.64953301  5.78727666  0.3059755   0.33223839]\n [-0.5782797  -0.58307317 -1.398016    0.3059755   4.44289561  0.58482364]\n [-1.18142644 -1.30389591  1.3300777   0.33223839  0.58482364  5.00202371]]", "nfev": "175", "njev": "25", "status": "0", "success": "True", "message": "Optimization terminated successfully.", "x": "[5.23924356 3.01715493 1.17448966 4.62825649 6.23178989 2.19557059]", "nit": "21", "callback": [0.5147501493030944, 0.5001830843994873]}, "9": {"maxiter": 500, "gtol": 1e-05, "xrtol": 1e-05, "eps": 1e-10, "duration": 0.0413818359375, "fun": "0.5001830707678807", "jac": "[ 5.55111466e-06 -3.33066880e-06 -4.44089173e-06  0.00000000e+00\n -2.22044587e-06  2.22044587e-06]", "hess_inv": "[[ 4.09323756  0.02740004  0.27549207 -0.34427254 -0.58222156 -1.18641135]\n [ 0.02740004  7.87625965 -3.98761658  0.28443853 -0.59061727 -1.32303893]\n [ 0.27549207 -3.98761658  6.95880646 -0.65412603 -1.39897132  1.33797977]\n [-0.34427254  0.28443853 -0.65412603  5.79473612  0.30004988  0.32099038]\n [-0.58222156 -0.59061727 -1.39897132  0.30004988  4.44482077  0.59025165]\n [-1.18641135 -1.32303893  1.33797977  0.32099038  0.59025165  5.00874847]]", "nfev": "175", "njev": "25", "status": "0", "success": "True", "message": "Optimization terminated successfully.", "x": "[5.23924459 3.01713983 1.17449816 4.62825934 6.23179687 2.19557992]", "nit": "21", "callback": [0.514752805360229, 0.5001830848580842]}, "10": {"maxiter": 500, "gtol": 1e-05, "xrtol": 1e-10, "eps": 1e-05, "duration": 0.040776968002319336, "fun": "0.5001830707616545", "jac": "[ 6.82942591e-06 -6.85285162e-07 -2.98853164e-06  1.08074660e-06\n -1.64880332e-06  1.88878913e-06]", "hess_inv": "[[ 4.0883124   0.01746286  0.27986234 -0.35082599 -0.5782797  -1.18142644]\n [ 0.01746286  7.85880564 -3.99595235  0.26776233 -0.58307317 -1.30389591]\n [ 0.27986234 -3.99595235  6.97597227 -0.64953301 -1.398016    1.3300777 ]\n [-0.35082599  0.26776233 -0.64953301  5.78727666  0.3059755   0.33223839]\n [-0.5782797  -0.58307317 -1.398016    0.3059755   4.44289561  0.58482364]\n [-1.18142644 -1.30389591  1.3300777   0.33223839  0.58482364  5.00202371]]", "nfev": "175", "njev": "25", "status": "0", "success": "True", "message": "Optimization terminated successfully.", "x": "[5.23924356 3.01715493 1.17448966 4.62825649 6.23178989 2.19557059]", "nit": "21", "callback": [0.5147501493030944, 0.5001830843994873]}, "11": {"maxiter": 500, "gtol": 1e-05, "xrtol": 1e-10, "eps": 1e-10, "duration": 0.03989601135253906, "fun": "0.5001830707678807", "jac": "[ 5.55111466e-06 -3.33066880e-06 -4.44089173e-06  0.00000000e+00\n -2.22044587e-06  2.22044587e-06]", "hess_inv": "[[ 4.09323756  0.02740004  0.27549207 -0.34427254 -0.58222156 -1.18641135]\n [ 0.02740004  7.87625965 -3.98761658  0.28443853 -0.59061727 -1.32303893]\n [ 0.27549207 -3.98761658  6.95880646 -0.65412603 -1.39897132  1.33797977]\n [-0.34427254  0.28443853 -0.65412603  5.79473612  0.30004988  0.32099038]\n [-0.58222156 -0.59061727 -1.39897132  0.30004988  4.44482077  0.59025165]\n [-1.18641135 -1.32303893  1.33797977  0.32099038  0.59025165  5.00874847]]", "nfev": "175", "njev": "25", "status": "0", "success": "True", "message": "Optimization terminated successfully.", "x": "[5.23924459 3.01713983 1.17449816 4.62825934 6.23179687 2.19557992]", "nit": "21", "callback": [0.514752805360229, 0.5001830848580842]}, "12": {"maxiter": 500, "gtol": 1e-10, "xrtol": 1e-05, "eps": 1e-05, "duration": 0.04223203659057617, "fun": "0.5001830706585274", "jac": "[ 2.15105711e-07 -1.51090251e-07 -2.88558066e-07 -1.84907645e-07\n -3.07187609e-07  2.14628315e-07]", "hess_inv": "[[ 4.48056597  0.11582311  0.14443371 -0.24847529 -0.65712645 -1.27470196]\n [ 0.11582311  7.87927632 -4.04516896  0.28931222 -0.60355098 -1.31005362]\n [ 0.14443371 -4.04516896  6.96722589 -0.69984149 -1.37336357  1.42497021]\n [-0.24847529  0.28931222 -0.69984149  5.80994488  0.28470881  0.32480891]\n [-0.65712645 -0.60355098 -1.37336357  0.28470881  4.45862556  0.6064756 ]\n [-1.27470196 -1.31005362  1.42497021  0.32480891  0.6064756   4.95340152]]", "nfev": "182", "njev": "26", "status": "0", "success": "True", "message": "Optimization terminated successfully.", "x": "[5.23921506 3.01714862 1.17450252 4.62824987 6.23179576 2.19557395]", "nit": "22", "callback": [0.5147501493030944, 0.5001830843994873]}, "13": {"maxiter": 500, "gtol": 1e-10, "xrtol": 1e-05, "eps": 1e-10, "duration": 0.0413820743560791, "fun": "0.5001830706478049", "jac": "[ 2.22044587e-06  1.11022293e-06 -1.11022293e-06  1.11022293e-06\n  1.11022293e-06  0.00000000e+00]", "hess_inv": "[[ 4.44485167 -0.02256563  0.1675926  -0.29113204 -0.64846778 -1.26279656]\n [-0.02256563  7.77383508 -4.031399    0.23184051 -0.57860605 -1.21949087]\n [ 0.1675926  -4.031399    6.96001034 -0.69474678 -1.37724049  1.4114507 ]\n [-0.29113204  0.23184051 -0.69474678  5.78424018  0.29110618  0.34757   ]\n [-0.64846778 -0.57860605 -1.37724049  0.29110618  4.45724035  0.60244486]\n [-1.26279656 -1.21949087  1.4114507   0.34757     0.60244486  4.94689389]]", "nfev": "182", "njev": "26", "status": "0", "success": "True", "message": "Optimization terminated successfully.", "x": "[5.23922195 3.01714937 1.17450852 4.62825852 6.23180098 2.19557949]", "nit": "22", "callback": [0.514752805360229, 0.5001830848580842]}, "14": {"maxiter": 500, "gtol": 1e-10, "xrtol": 1e-10, "eps": 1e-05, "duration": 0.10157585144042969, "fun": "0.5001830706566017", "jac": "[-1.21014310e-08  3.41948692e-09 -8.10462808e-09  2.08055795e-08\n -2.86437540e-08  2.60236277e-08]", "hess_inv": "[[ 4.42660296  0.1550367   0.11822762 -0.16048789 -0.78838851 -1.13604182]\n [ 0.1550367   7.85161097 -4.06565124  0.18262245 -0.65734421 -1.2959616 ]\n [ 0.11822762 -4.06565124  7.01283236 -0.71265793 -1.25399827  1.33399195]\n [-0.16048789  0.18262245 -0.71265793  5.47035964  0.24660602  0.27295401]\n [-0.78838851 -0.65734421 -1.25399827  0.24660602  4.68984414  0.45412989]\n [-1.13604182 -1.2959616   1.33399195  0.27295401  0.45412989  5.02456455]]", "nfev": "453", "njev": "63", "status": "2", "success": "False", "message": "Desired error not necessarily achieved due to precision loss.", "x": "[5.23921407 3.01714875 1.17450309 4.62825088 6.23179675 2.19557361]", "nit": "23", "callback": [0.5147501493030944, 0.5001830843994873]}, "15": {"maxiter": 500, "gtol": 1e-10, "xrtol": 1e-10, "eps": 1e-10, "duration": 0.046929121017456055, "fun": "0.5001830706468156", "jac": "[0. 0. 0. 0. 0. 0.]", "hess_inv": "[[ 2.80079671 -0.57810901  1.6663478  -0.9010037  -0.51002828 -0.48847856]\n [-0.57810901  5.93060031 -2.4996421  -0.67436791 -1.07915542 -0.34343937]\n [ 1.6663478  -2.4996421   4.95944766  0.29546356 -1.17155318  0.31542648]\n [-0.9010037  -0.67436791  0.29546356  5.26244626  0.10500954  0.88652132]\n [-0.51002828 -1.07915542 -1.17155318  0.10500954  4.33221381  0.83211272]\n [-0.48847856 -0.34343937  0.31542648  0.88652132  0.83211272  4.4787225 ]]", "nfev": "203", "njev": "29", "status": "0", "success": "True", "message": "Optimization terminated successfully.", "x": "[5.23921777 3.01714589 1.17451373 4.62825621 6.23179943 2.19558056]", "nit": "24", "callback": [0.514752805360229, 0.5001830848580842]}, "16": {"maxiter": 1000, "gtol": 1e-05, "xrtol": 1e-05, "eps": 1e-05, "duration": 0.03999495506286621, "fun": "0.5001830707616545", "jac": "[ 6.82942591e-06 -6.85285162e-07 -2.98853164e-06  1.08074660e-06\n -1.64880332e-06  1.88878913e-06]", "hess_inv": "[[ 4.0883124   0.01746286  0.27986234 -0.35082599 -0.5782797  -1.18142644]\n [ 0.01746286  7.85880564 -3.99595235  0.26776233 -0.58307317 -1.30389591]\n [ 0.27986234 -3.99595235  6.97597227 -0.64953301 -1.398016    1.3300777 ]\