{"date": "2024/10/08/, 17:16:35", "conf_id": 15, "data_type": "random\n", "num_data_points": 1, "s_rank": 0, "unitary": "[[-0.45070455-0.02711853j,0.78437395-0.06613086j,0.06358678+0.19963393j,-0.07343613+0.35668523j],[-0.01890143-0.03813363j,0.32408202+0.25557629j,0.05872864-0.68979805j,0.55466693-0.20227297j],[-0.11215405+0.64023111j,-0.13344055+0.29565494j,-0.49012687-0.19046288j,-0.04241254+0.44046348j],[0.55771659+0.24656916j,0.31851997-0.05798805j,0.28761525-0.34294258j,-0.56718418+0.03616933j]]", "databatch_0": {"databatch": "[[[0.04825078-0.04281163j,-0.22970037+0.12409915j,0.28065501-0.24073082j,-0.0622342+0.24174145j],[-0.01314943+0.20267982j,0.01947458-0.11997878j,0.01982135-0.02196487j,-0.14900793+0.04154397j],[0.0443335+0.0269559j,-0.33889203-0.16919102j,-0.04412654+0.20506365j,-0.29372605-0.01268455j],[-0.00935639-0.18411391j,0.4502821-0.09271809j,0.21673413-0.1612324j,-0.22621694+0.04165805j]]]", "initial param values": "[5.48234274,0.8548793,5.60501138,0.3555702,4.05767664,1.12093869]", "nelder_mead": {"type": "gradient-free", "0": {"maxiter": 100, "fatol": 1e-05, "xatol": 1e-05, "duration": 0.03982114791870117, "fun": "0.4210620018625755", "nit": "100", "nfev": "158", "status": "2", "success": "False", "message": "Maximum number of iterations has been exceeded.", "x": "[ 7.21315733  1.19108305  8.05742408 -0.815851    1.86878578  0.25851696]", "final_simplex": "(array([[ 7.21315733,  1.19108305,  8.05742408, -0.815851  ,  1.86878578,\n         0.25851696],\n       [ 7.1180253 ,  1.11796542,  8.12537512, -0.82581609,  1.92541446,\n         0.28967411],\n       [ 7.23415219,  1.22606857,  7.97216676, -0.83262789,  1.85323692,\n         0.19176907],\n       [ 7.10735035,  1.23285271,  8.01109987, -0.80725655,  1.84817859,\n         0.23189408],\n       [ 7.14251922,  1.2237009 ,  7.9235324 , -0.76404188,  1.80922011,\n         0.25117064],\n       [ 7.19803254,  1.1774163 ,  8.05089324, -0.78638212,  1.82115649,\n         0.2651572 ],\n       [ 7.16328129,  1.21697632,  7.86976906, -0.7670255 ,  1.93363002,\n         0.2455218 ]]), array([0.421062  , 0.42135068, 0.42261793, 0.4231938 , 0.42344505,\n       0.4244603 , 0.42475286]))", "callback": [0.8512458378987956, 0.7039729573496644, 0.6889936041391402, 0.6728756247477093, 0.6329076690585678, 0.5179152076937552, 0.447378075199663, 0.4326752982858668, 0.4282499350496274, 0.42515501872448347]}, "1": {"maxiter": 100, "fatol": 1e-05, "xatol": 1e-10, "duration": 0.03990292549133301, "fun": "0.4210620018625755", "nit": "100", "nfev": "158", "status": "2", "success": "False", "message": "Maximum number of iterations has been exceeded.", "x": "[ 7.21315733  1.19108305  8.05742408 -0.815851    1.86878578  0.25851696]", "final_simplex": "(array([[ 7.21315733,  1.19108305,  8.05742408, -0.815851  ,  1.86878578,\n         0.25851696],\n       [ 7.1180253 ,  1.11796542,  8.12537512, -0.82581609,  1.92541446,\n         0.28967411],\n       [ 7.23415219,  1.22606857,  7.97216676, -0.83262789,  1.85323692,\n         0.19176907],\n       [ 7.10735035,  1.23285271,  8.01109987, -0.80725655,  1.84817859,\n         0.23189408],\n       [ 7.14251922,  1.2237009 ,  7.9235324 , -0.76404188,  1.80922011,\n         0.25117064],\n       [ 7.19803254,  1.1774163 ,  8.05089324, -0.78638212,  1.82115649,\n         0.2651572 ],\n       [ 7.16328129,  1.21697632,  7.86976906, -0.7670255 ,  1.93363002,\n         0.2455218 ]]), array([0.421062  , 0.42135068, 0.42261793, 0.4231938 , 0.42344505,\n       0.4244603 , 0.42475286]))", "callback": [0.8512458378987956, 0.7039729573496644, 0.6889936041391402, 0.6728756247477093, 0.6329076690585678, 0.5179152076937552, 0.447378075199663, 0.4326752982858668, 0.4282499350496274, 0.42515501872448347]}, "2": {"maxiter": 100, "fatol": 1e-10, "xatol": 1e-05, "duration": 0.03307819366455078, "fun": "0.4210620018625755", "nit": "100", "nfev": "158", "status": "2", "success": "False", "message": "Maximum number of iterations has been exceeded.", "x": "[ 7.21315733  1.19108305  8.05742408 -0.815851    1.86878578  0.25851696]", "final_simplex": "(array([[ 7.21315733,  1.19108305,  8.05742408, -0.815851  ,  1.86878578,\n         0.25851696],\n       [ 7.1180253 ,  1.11796542,  8.12537512, -0.82581609,  1.92541446,\n         0.28967411],\n       [ 7.23415219,  1.22606857,  7.97216676, -0.83262789,  1.85323692,\n         0.19176907],\n       [ 7.10735035,  1.23285271,  8.01109987, -0.80725655,  1.84817859,\n         0.23189408],\n       [ 7.14251922,  1.2237009 ,  7.9235324 , -0.76404188,  1.80922011,\n         0.25117064],\n       [ 7.19803254,  1.1774163 ,  8.05089324, -0.78638212,  1.82115649,\n         0.2651572 ],\n       [ 7.16328129,  1.21697632,  7.86976906, -0.7670255 ,  1.93363002,\n         0.2455218 ]]), array([0.421062  , 0.42135068, 0.42261793, 0.4231938 , 0.42344505,\n       0.4244603 , 0.42475286]))", "callback": [0.8512458378987956, 0.7039729573496644, 0.6889936041391402, 0.6728756247477093, 0.6329076690585678, 0.5179152076937552, 0.447378075199663, 0.4326752982858668, 0.4282499350496274, 0.42515501872448347]}, "3": {"maxiter": 100, "fatol": 1e-10, "xatol": 1e-10, "duration": 0.04025673866271973, "fun": "0.4210620018625755", "nit": "100", "nfev": "158", "status": "2", "success": "False", "message": "Maximum number of iterations has been exceeded.", "x": "[ 7.21315733  1.19108305  8.05742408 -0.815851    1.86878578  0.25851696]", "final_simplex": "(array([[ 7.21315733,  1.19108305,  8.05742408, -0.815851  ,  1.86878578,\n         0.25851696],\n       [ 7.1180253 ,  1.11796542,  8.12537512, -0.82581609,  1.92541446,\n         0.28967411],\n       [ 7.23415219,  1.22606857,  7.97216676, -0.83262789,  1.85323692,\n         0.19176907],\n       [ 7.10735035,  1.23285271,  8.01109987, -0.80725655,  1.84817859,\n         0.23189408],\n       [ 7.14251922,  1.2237009 ,  7.9235324 , -0.76404188,  1.80922011,\n         0.25117064],\n       [ 7.19803254,  1.1774163 ,  8.05089324, -0.78638212,  1.82115649,\n         0.2651572 ],\n       [ 7.16328129,  1.21697632,  7.86976906, -0.7670255 ,  1.93363002,\n         0.2455218 ]]), array([0.421062  , 0.42135068, 0.42261793, 0.4231938 , 0.42344505,\n       0.4244603 , 0.42475286]))", "callback": [0.8512458378987956, 0.7039729573496644, 0.6889936041391402, 0.6728756247477093, 0.6329076690585678, 0.5179152076937552, 0.447378075199663, 0.4326752982858668, 0.4282499350496274, 0.42515501872448347]}, "4": {"maxiter": 500, "fatol": 1e-05, "xatol": 1e-05, "duration": 0.1183328628540039, "fun": "0.22821192080555075", "nit": "341", "nfev": "537", "status": "0", "success": "True", "message": "Optimization terminated successfully.", "x": "[ 7.50762356  1.50366187  7.37116896 -1.50597012  1.2723932   1.02219244]", "final_simplex": "(array([[ 7.50762356,  1.50366187,  7.37116896, -1.50597012,  1.2723932 ,\n         1.02219244],\n       [ 7.50762206,  1.50366118,  7.3711671 , -1.50596622,  1.27238915,\n         1.02219923],\n       [ 7.50762523,  1.50366743,  7.3711672 , -1.50596819,  1.27238682,\n         1.02219337],\n       [ 7.5076251 ,  1.50366082,  7.37116761, -1.50596374,  1.27238973,\n         1.02219555],\n       [ 7.507619  ,  1.50366699,  7.37116309, -1.50596514,  1.27239289,\n         1.02219367],\n       [ 7.50762898,  1.50366515,  7.37116144, -1.50596756,  1.27238669,\n         1.02219468],\n       [ 7.50762759,  1.50366772,  7.37116681, -1.50596748,  1.27239193,\n         1.02219909]]), array([0.22821192, 0.22821192, 0.22821192, 0.22821192, 0.22821192,\n       0.22821192, 0.22821192]))", "callback": [0.8512458378987956, 0.7039729573496644, 0.6889936041391402, 0.6728756247477093, 0.6329076690585678, 0.5179152076937552, 0.447378075199663, 0.4326752982858668, 0.4282499350496274, 0.42515501872448347, 0.4179505261621559, 0.4115416553776906, 0.38795271991063274, 0.29225632798395496, 0.2693459791762365, 0.23996841250440426, 0.23511115964077012, 0.23173747892938346, 0.23020544742171667, 0.2291348014722464, 0.2285529482772578, 0.2282637837771082, 0.22823402356225841, 0.2282179730838132, 0.22821267558265013, 0.2282122805862925, 0.2282119952152606, 0.22821194228511454, 0.2282119227284365, 0.2282119227284365, 0.2282119216338937, 0.22821192091802245, 0.2282119208920843, 0.22821192082003838, 0.22821192080555075]}, "5": {"maxiter": 500, "fatol": 1e-05, "xatol": 1e-10, "duration": 0.1889638900756836, "fun": "0.22821192080313124", "nit": "433", "nfev": "746", "status": "0", "success": "True", "message": "Optimization terminated successfully.", "x": "[ 7.50762343  1.50366447  7.37116767 -1.5059682   1.27239176  1.02219381]", "final_simplex": "(array([[ 7.50762343,  1.50366447,  7.37116767, -1.5059682 ,  1.27239176,\n         1.02219381],\n       [ 7.50762343,  1.50366447,  7.37116767, -1.5059682 ,  1.27239176,\n         1.02219381],\n       [ 7.50762343,  1.50366447,  7.37116767, -1.5059682 ,  1.27239176,\n         1.02219381],\n       [ 7.50762343,  1.50366447,  7.37116767, -1.5059682 ,  1.27239176,\n         1.02219381],\n       [ 7.50762343,  1.50366447,  7.37116767, -1.5059682 ,  1.27239176,\n         1.02219381],\n       [ 7.50762343,  1.50366447,  7.37116767, -1.5059682 ,  1.27239176,\n         1.02219381],\n       [ 7.50762343,  1.50366447,  7.37116767, -1.5059682 ,  1.27239176,\n         1.02219381]]), array([0.22821192, 0.22821192, 0.22821192, 0.22821192, 0.22821192,\n       0.22821192, 0.22821192]))", "callback": [0.8512458378987956, 0.7039729573496644, 0.6889936041391402, 0.6728756247477093, 0.6329076690585678, 0.5179152076937552, 0.447378075199663, 0.4326752982858668, 0.4282499350496274, 0.42515501872448347, 0.4179505261621559, 0.4115416553776906, 0.38795271991063274, 0.29225632798395496, 0.2693459791762365, 0.23996841250440426, 0.23511115964077012, 0.23173747892938346, 0.23020544742171667, 0.2291348014722464, 0.2285529482772578, 0.2282637837771082, 0.22823402356225841, 0.2282179730838132, 0.22821267558265013, 0.2282122805862925, 0.2282119952152606, 0.22821194228511454, 0.2282119227284365, 0.2282119227284365, 0.2282119216338937, 0.22821192091802245, 0.2282119208920843, 0.22821192082003838, 0.22821192080555075, 0.2282119208033755, 0.22821192080327313, 0.22821192080316766, 0.22821192080314012, 0.22821192080313357, 0.2282119208031318, 0.22821192080313124, 0.22821192080313124, 0.22821192080313124]}, "6": {"maxiter": 500, "fatol": 1e-10, "xatol": 1e-05, "duration": 0.1320018768310547, "fun": "0.22821192080555075", "nit": "341", "nfev": "537", "status": "0", "success": "True", "message": "Optimization terminated successfully.", "x": "[ 7.50762356  1.50366187  7.37116896 -1.50597012  1.2723932   1.02219244]", "final_simplex": "(array([[ 7.50762356,  1.50366187,  7.37116896, -1.50597012,  1.2723932 ,\n         1.02219244],\n       [ 7.50762206,  1.50366118,  7.3711671 , -1.50596622,  1.27238915,\n         1.02219923],\n       [ 7.50762523,  1.50366743,  7.3711672 , -1.50596819,  1.27238682,\n         1.02219337],\n       [ 7.5076251 ,  1.50366082,  7.37116761, -1.50596374,  1.27238973,\n         1.02219555],\n       [ 7.507619  ,  1.50366699,  7.37116309, -1.50596514,  1.27239289,\n         1.02219367],\n       [ 7.50762898,  1.50366515,  7.37116144, -1.50596756,  1.27238669,\n         1.02219468],\n       [ 7.50762759,  1.50366772,  7.37116681, -1.50596748,  1.27239193,\n         1.02219909]]), array([0.22821192, 0.22821192, 0.22821192, 0.22821192, 0.22821192,\n       0.22821192, 0.22821192]))", "callback": [0.8512458378987956, 0.7039729573496644, 0.6889936041391402, 0.6728756247477093, 0.6329076690585678, 0.5179152076937552, 0.447378075199663, 0.4326752982858668, 0.4282499350496274, 0.42515501872448347, 0.4179505261621559, 0.4115416553776906, 0.38795271991063274, 0.29225632798395496, 0.2693459791762365, 0.23996841250440426, 0.23511115964077012, 0.23173747892938346, 0.23020544742171667, 0.2291348014722464, 0.2285529482772578, 0.2282637837771082, 0.22823402356225841, 0.2282179730838132, 0.22821267558265013, 0.2282122805862925, 0.2282119952152606, 0.22821194228511454, 0.2282119227284365, 0.2282119227284365, 0.2282119216338937, 0.22821192091802245, 0.2282119208920843, 0.22821192082003838, 0.22821192080555075]}, "7": {"maxiter": 500, "fatol": 1e-10, "xatol": 1e-10, "duration": 0.17427372932434082, "fun": "0.22821192080313124", "nit": "433", "nfev": "746", "status": "0", "success": "True", "message": "Optimization terminated successfully.", "x": "[ 7.50762343  1.50366447  7.37116767 -1.5059682   1.27239176  1.02219381]", "final_simplex": "(array([[ 7.50762343,  1.50366447,  7.37116767, -1.5059682 ,  1.27239176,\n         1.02219381],\n       [ 7.50762343,  1.50366447,  7.37116767, -1.5059682 ,  1.27239176,\n         1.02219381],\n       [ 7.50762343,  1.50366447,  7.37116767, -1.5059682 ,  1.27239176,\n         1.02219381],\n       [ 7.50762343,  1.50366447,  7.37116767, -1.5059682 ,  1.27239176,\n         1.02219381],\n       [ 7.50762343,  1.50366447,  7.37116767, -1.5059682 ,  1.27239176,\n         1.02219381],\n       [ 7.50762343,  1.50366447,  7.37116767, -1.5059682 ,  1.27239176,\n         1.02219381],\n       [ 7.50762343,  1.50366447,  7.37116767, -1.5059682 ,  1.27239176,\n         1.02219381]]), array([0.22821192, 0.22821192, 0.22821192, 0.22821192, 0.22821192,\n       0.22821192, 0.22821192]))", "callback": [0.8512458378987956, 0.7039729573496644, 0.6889936041391402, 0.6728756247477093, 0.6329076690585678, 0.5179152076937552, 0.447378075199663, 0.4326752982858668, 0.4282499350496274, 0.42515501872448347, 0.4179505261621559, 0.4115416553776906, 0.38795271991063274, 0.29225632798395496, 0.2693459791762365, 0.23996841250440426, 0.23511115964077012, 0.23173747892938346, 0.23020544742171667, 0.2291348014722464, 0.2285529482772578, 0.2282637837771082, 0.22823402356225841, 0.2282179730838132, 0.22821267558265013, 0.2282122805862925, 0.2282119952152606, 0.22821194228511454, 0.2282119227284365, 0.2282119227284365, 0.2282119216338937, 0.22821192091802245, 0.2282119208920843, 0.22821192082003838, 0.22821192080555075, 0.2282119208033755, 0.22821192080327313, 0.22821192080316766, 0.22821192080314012, 0.22821192080313357, 0.2282119208031318, 0.22821192080313124, 0.22821192080313124, 0.22821192080313124]}, "8": {"maxiter": 1000, "fatol": 1e-05, "xatol": 1e-05, "duration": 0.13534021377563477, "fun": "0.22821192080555075", "nit": "341", "nfev": "537", "status": "0", "success": "True", "message": "Optimization terminated successfully.", "x": "[ 7.50762356  1.50366187  7.37116896 -1.50597012  1.2723932   1.02219244]", "final_simplex": "(array([[ 7.50762356,  1.50366187,  7.37116896, -1.50597012,  1.2723932 ,\n         1.02219244],\n       [ 7.50762206,  1.50366118,  7.3711671 , -1.50596622,  1.27238915,\n         1.02219923],\n       [ 7.50762523,  1.50366743,  7.3711672 , -1.50596819,  1.27238682,\n         1.02219337],\n       [ 7.5076251 ,  1.50366082,  7.37116761, -1.50596374,  1.27238973,\n         1.02219555],\n       [ 7.507619  ,  1.50366699,  7.37116309, -1.50596514,  1.27239289,\n         1.02219367],\n       [ 7.50762898,  1.50366515,  7.37116144, -1.50596756,  1.27238669,\n         1.02219468],\n       [ 7.50762759,  1.50366772,  7.37116681, -1.50596748,  1.27239193,\n         1.02219909]]), array([0.22821192, 0.22821192, 0.22821192, 0.22821192, 0.22821192,\n       0.22821192, 0.22821192]))", "callback": [0.8512458378987956, 0.7039729573496644, 0.6889936041391402, 0.6728756247477093, 0.6329076690585678, 0.5179152076937552, 0.447378075199663, 0.4326752982858668, 0.4282499350496274, 0.42515501872448347, 0.4179505261621559, 0.4115416553776906, 0.38795271991063274, 0.29225632798395496, 0.2693459791762365, 0.23996841250440426, 0.23511115964077012, 0.23173747892938346, 0.23020544742171667, 0.2291348014722464, 0.2285529482772578, 0.2282637837771082, 0.22823402356225841, 0.2282179730838132, 0.22821267558265013, 0.2282122805862925, 0.2282119952152606, 0.22821194228511454, 0.2282119227284365, 0.2282119227284365, 0.2282119216338937, 0.22821192091802245, 0.2282119208920843, 0.22821192082003838, 0.22821192080555075]}, "9": {"maxiter": 1000, "fatol": 1e-05, "xatol": 1e-10, "duration": 0.18309974670410156, "fun": "0.22821192080313124", "nit": "433", "nfev": "746", "status": "0", "success": "True", "message": "Optimization terminated successfully.", "x": "[ 7.50762343  1.50366447  7.37116767 -1.5059682   1.27239176  1.02219381]", "final_simplex": "(array([[ 7.50762343,  1.50366447,  7.37116767, -1.5059682 ,  1.27239176,\n         1.02219381],\n       [ 7.50762343,  1.50366447,  7.37116767, -1.5059682 ,  1.27239176,\n         1.02219381],\n       [ 7.50762343,  1.50366447,  7.37116767, -1.5059682 ,  1.27239176,\n         1.02219381],\n       [ 7.50762343,  1.50366447,  7.37116767, -1.5059682 ,  1.27239176,\n         1.02219381],\n       [ 7.50762343,  1.50366447,  7.37116767, -1.5059682 ,  1.27239176,\n         1.02219381],\n       [ 7.50762343,  1.50366447,  7.37116767, -1.5059682 ,  1.27239176,\n         1.02219381],\n       [ 7.50762343,  1.50366447,  7.37116767, -1.5059682 ,  1.27239176,\n         1.02219381]]), array([0.22821192, 0.22821192, 0.22821192, 0.22821192, 0.22821192,\n       0.22821192, 0.22821192]))", "callback": [0.8512458378987956, 0.7039729573496644, 0.6889936041391402, 0.6728756247477093, 0.6329076690585678, 0.5179152076937552, 0.447378075199663, 0.4326752982858668, 0.4282499350496274, 0.42515501872448347, 0.4179505261621559, 0.4115416553776906, 0.38795271991063274, 0.29225632798395496, 0.2693459791762365, 0.23996841250440426, 0.23511115964077012, 0.23173747892938346, 0.23020544742171667, 0.2291348014722464, 0.2285529482772578, 0.2282637837771082, 0.22823402356225841, 0.2282179730838132, 0.22821267558265013, 0.2282122805862925, 0.2282119952152606, 0.22821194228511454, 0.2282119227284365, 0.2282119227284365, 0.2282119216338937, 0.22821192091802245, 0.2282119208920843, 0.22821192082003838, 0.22821192080555075, 0.2282119208033755, 0.22821192080327313, 0.22821192080316766, 0.22821192080314012, 0.22821192080313357, 0.2282119208031318, 0.22821192080313124, 0.22821192080313124, 0.22821192080313124]}, "10": {"maxiter": 1000, "fatol": 1e-10, "xatol": 1e-05, "duration": 0.1355290412902832, "fun": "0.22821192080555075", "nit": "341", "nfev": "537", "status": "0", "success": "True", "message": "Optimization terminated successfully.", "x": "[ 7.50762356  1.50366187  7.37116896 -1.50597012  1.2723932   1.02219244]", "final_simplex": "(array([[ 7.50762356,  1.50366187,  7.37116896, -1.50597012,  1.2723932 ,\n         1.02219244],\n       [ 7.50762206,  1.50366118,  7.3711671 , -1.50596622,  1.27238915,\n         1.02219923],\n       [ 7.50762523,  1.50366743,  7.3711672 , -1.50596819,  1.27238682,\n         1.02219337],\n       [ 7.5076251 ,  1.50366082,  7.37116761, -1.50596374,  1.27238973,\n         1.02219555],\n       [ 7.507619  ,  1.50366699,  7.37116309, -1.50596514,  1.27239289,\n         1.02219367],\n       [ 7.50762898,  1.50366515,  7.37116144, -1.50596756,  1.27238669,\n         1.02219468],\n       [ 7.50762759,  1.50366772,  7.37116681, -1.50596748,  1.27239193,\n         1.02219909]]), array([0.22821192, 0.22821192, 0.22821192, 0.22821192, 0.22821192,\n       0.22821192, 0.22821192]))", "callback": [0.8512458378987956, 0.7039729573496644, 0.6889936041391402, 0.6728756247477093, 0.6329076690585678, 0.5179152076937552, 0.447378075199663, 0.4326752982858668, 0.4282499350496274, 0.42515501872448347, 0.4179505261621559, 0.4115416553776906, 0.38795271991063274, 0.29225632798395496, 0.2693459791762365, 0.23996841250440426, 0.23511115964077012, 0.23173747892938346, 0.23020544742171667, 0.2291348014722464, 0.2285529482772578, 0.2282637837771082, 0.22823402356225841, 0.2282179730838132, 0.22821267558265013, 0.2282122805862925, 0.2282119952152606, 0.22821194228511454, 0.2282119227284365, 0.2282119227284365, 0.2282119216338937, 0.22821192091802245, 0.2282119208920843, 0.22821192082003838, 0.22821192080555075]}, "11": {"maxiter": 1000, "fatol": 1e-10, "xatol": 1e-10, "duration": 0.1808760166168213, "fun": "0.22821192080313124", "nit": "433", "nfev": "746", "status": "0", "success": "True", "message": "Optimization terminated successfully.", "x": "[ 7.50762343  1.50366447  7.37116767 -1.5059682   1.27239176  1.02219381]", "final_simplex": "(array([[ 7.50762343,  1.50366447,  7.37116767, -1.5059682 ,  1.27239176,\n         1.02219381],\n       [ 7.50762343,  1.50366447,  7.37116767, -1.5059682 ,  1.27239176,\n         1.02219381],\n       [ 7.50762343,  1.50366447,  7.37116767, -1.5059682 ,  1.27239176,\n         1.02219381],\n       [ 7.50762343,  1.50366447,  7.37116767, -1.5059682 ,  1.27239176,\n         1.02219381],\n       [ 7.50762343,  1.50366447,  7.37116767, -1.5059682 ,  1.27239176,\n         1.02219381],\n       [ 7.50762343,  1.50366447,  7.37116767, -1.5059682 ,  1.27239176,\n         1.02219381],\n       [ 7.50762343,  1.50366447,  7.37116767, -1.5059682 ,  1.27239176,\n         1.02219381]]), array([0.22821192, 0.22821192, 0.22821192, 0.22821192, 0.22821192,\n       0.22821192, 0.22821192]))", "callback": [0.8512458378987956, 0.7039729573496644, 0.6889936041391402, 0.6728756247477093, 0.6329076690585678, 0.5179152076937552, 0.447378075199663, 0.4326752982858668, 0.4282499350496274, 0.42515501872448347, 0.4179505261621559, 0.4115416553776906, 0.38795271991063274, 0.29225632798395496, 0.2693459791762365, 0.23996841250440426, 0.23511115964077012, 0.23173747892938346, 0.23020544742171667, 0.2291348014722464, 0.2285529482772578, 0.2282637837771082, 0.22823402356225841, 0.2282179730838132, 0.22821267558265013, 0.2282122805862925, 0.2282119952152606, 0.22821194228511454, 0.2282119227284365, 0.2282119227284365, 0.2282119216338937, 0.22821192091802245, 0.2282119208920843, 0.22821192082003838, 0.22821192080555075, 0.2282119208033755, 0.22821192080327313, 0.22821192080316766, 0.22821192080314012, 0.22821192080313357, 0.2282119208031318, 0.22821192080313124, 0.22821192080313124, 0.22821192080313124]}}, "bfgs": {"type": "gradient", "0": {"maxiter": 100, "gtol": 1e-05, "xrtol": 1e-05, "eps": 1e-05, "duration": 0.0553278923034668, "fun": "0.22821192082091335", "jac": "[ 4.75952611e-08  3.40605322e-07 -6.16728890e-08  1.96098693e-07\n  6.81532608e-07  3.54349883e-07]", "hess_inv": "[[ 3.32286421  0.78558096 -0.8803264   0.37500194 -0.83952982 -0.41499286]\n [ 0.78558096  4.45605891 -1.8738826  -0.37477709  0.04167536 -1.23908997]\n [-0.8803264  -1.8738826   5.46559113  1.05415665  1.24099661 -1.4726851 ]\n [ 0.37500194 -0.37477709  1.05415665  2.93902078  0.19247697 -0.55064908]\n [-0.83952982  0.04167536  1.24099661  0.19247697  3.43852998 -0.83200766]\n [-0.41499286 -1.23908997 -1.4726851  -0.55064908 -0.83200766  3.65869929]]", "nfev": "189", "njev": "27", "status": "0", "success": "True", "message": "Optimization terminated successfully.", "x": "[ 7.5076186   1.50366216  7.37116174  1.50596131  4.41398131 -2.11939847]", "nit": "21", "callback": [0.6972621649081525, 0.694500237094315, 0.6918508293509754, 0.6902907873333407, 0.6285327040139168, 0.5613686822929477, 0.43621776899900255, 0.3272725668247837, 0.2839674517980476, 0.24759761463004004, 0.23769933689950806, 0.234407002424748, 0.23075043833859088, 0.22873049476097984, 0.2282400337183187, 0.22821881997430404, 0.22821485156292654, 0.22821226047755028, 0.228211940067236, 0.22821192095819698, 0.22821192082091335]}, "1": {"maxiter": 100, "gtol": 1e-05, "xrtol": 1e-05, "eps": 1e-10, "duration": 0.04233193397521973, "fun": "0.22821192088992737", "jac": "[-2.22044587e-06  1.11022293e-06 -2.22044587e-06 -6.66133760e-06\n -6.66133760e-06  0.00000000e+00]", "hess_inv": "[[ 3.353931    0.94799293 -1.02169046  0.30719072 -0.90429762 -0.46488416]\n [ 0.94799293  4.45377076 -1.6928038  -0.35673533  0.08565299 -1.40739025]\n [-1.02169046 -1.6928038   5.01488235  0.95535084  0.98570909 -1.33646026]\n [ 0.30719072 -0.35673533  0.95535084  2.91445171  0.00603757 -0.46361862]\n [-0.90429762  0.08565299  0.98570909  0.00603757  3.42181517 -0.72364673]\n [-0.46488416 -1.40739025 -1.33646026 -0.46361862 -0.72364673  3.80784756]]", "nfev": "182", "njev": "26", "status": "0", "success": "True", "message": "Optimization terminated successfully.", "x": "[ 7.50762435  1.50367976  7.37114401  1.50595604  4.41397021 -2.11939452]", "nit": "20", "callback": [0.6972618230325317, 0.6945003010039061, 0.6918511030012543, 0.6902907535965177, 0.6286160232492289, 0.5607702327002858, 0.4345796871137474, 0.3285498642142908, 0.2841143902642601, 0.2487488814442328, 0.23749568938038013, 0.233545721952108, 0.23088152020964503, 0.22870241299176008, 0.22822737330933496, 0.22821941483336428, 0.22821291263316867, 0.22821200898261007, 0.22821192216634112, 0.22821192088992737]}, "2": {"maxiter": 100, "gtol": 1e-05, "xrtol": 1e-10, "eps": 1e-05, "duration": 0.0482637882232666, "fun": "0.22821192082091335", "jac": "[ 4.75952611e-08  3.40605322e-07 -6.16728890e-08  1.96098693e-07\n  6.81532608e-07  3.54349883e-07]", "hess_inv": "[[ 3.32286421  0.78558096 -0.8803264   0.37500194 -0.83952982 -0.41499286]\n [ 0.78558096  4.45605891 -1.8738826  -0.37477709  0.04167536 -1.23908997]\n [-0.8803264  -1.8738826   5.46559113  1.05415665  1.24099661 -1.4726851 ]\n [ 0.37500194 -0.37477709  1.05415665  2.93902078  0.19247697 -0.55064908]\n [-0.83952982  0.04167536  1.24099661  0.19247697  3.43852998 -0.83200766]\n [-0.41499286 -1.23908997 -1.4726851  -0.55064908 -0.83200766  3.65869929]]", "nfev": "189", "njev": "27", "status": "0", "success": "True", "message": "Optimization terminated successfully.", "x": "[ 7.5076186   1.50366216  7.37116174  1.50596131  4.41398131 -2.11939847]", "nit": "21", "callback": [0.6972621649081525, 0.694500237094315, 0.6918508293509754, 0.6902907873333407, 0.6285327040139168, 0.5613686822929477, 0.43621776899900255, 0.3272725668247837, 0.2839674517980476, 0.24759761463004004, 0.23769933689950806, 0.234407002424748, 0.23075043833859088, 0.22873049476097984, 0.2282400337183187, 0.22821881997430404, 0.22821485156292654, 0.22821226047755028, 0.228211940067236, 0.22821192095819698, 0.22821192082091335]}, "3": {"maxiter": 100, "gtol": 1e-05, "xrtol": 1e-10, "eps": 1e-10, "duration": 0.041474103927612305, "fun": "0.22821192088992737", "jac": "[-2.22044587e-06  1.11022293e-06 -2.22044587e-06 -6.66133760e-06\n -6.66133760e-06  0.00000000e+00]", "hess_inv": "[[ 3.353931    0.94799293 -1.02169046  0.30719072 -0.90429762 -0.46488416]\n [ 0.94799293  4.45377076 -1.6928038  -0.35673533  0.08565299 -1.40739025]\n [-1.02169046 -1.6928038   5.01488235  0.95535084  0.98570909 -1.33646026]\n [ 0.30719072 -0.35673533  0.95535084  2.91445171  0.00603757 -0.46361862]\n [-0.90429762  0.08565299  0.98570909  0.00603757  3.42181517 -0.72364673]\n [-0.46488416 -1.40739025 -1.33646026 -0.46361862 -0.72364673  3.80784756]]", "nfev": "182", "njev": "26", "status": "0", "success": "True", "message": "Optimization terminated successfully.", "x": "[ 7.50762435  1.50367976  7.37114401  1.50595604  4.41397021 -2.11939452]", "nit": "20", "callback": [0.6972618230325317, 0.6945003010039061, 0.6918511030012543, 0.6902907535965177, 0.6286160232492289, 0.5607702327002858, 0.4345796871137474, 0.3285498642142908, 0.2841143902642601, 0.2487488814442328, 0.23749568938038013, 0.233545721952108, 0.23088152020964503, 0.22870241299176008, 0.22822737330933496, 0.22821941483336428, 0.22821291263316867, 0.22821200898261007, 0.22821192216634112, 0.22821192088992737]}, "4": {"maxiter": 100, "gtol": 1e-10, "xrtol": 1e-05, "eps": 1e-05, "duration": 0.04747915267944336, "fun": "0.22821192082091335", "jac": "[ 4.75952611e-08  3.40605322e-07 -6.16728890e-08  1.96098693e-07\n  6.81532608e-07  3.54349883e-07]", "hess_inv": "[[ 3.32286421  0.78558096 -0.8803264   0.37500194 -0.83952982 -0.41499286]\n [ 0.78558096  4.45605891 -1.8738826  -0.37477709  0.04167536 -1.23908997]\n [-0.8803264  -1.8738826   5.46559113  1.05415665  1.24099661 -1.4726851 ]\n [ 0.37500194 -0.37477709  1.05415665  2.93902078  0.19247697 -0.55064908]\n [-0.83952982  0.04167536  1.24099661  0.19247697  3.43852998 -0.83200766]\n [-0.41499286 -1.23908997 -1.4726851  -0.55064908 -0.83200766  3.65869929]]", "nfev": "189", "njev": "27", "status": "0", "success": "True", "message": "Optimization terminated successfully.", "x": "[ 7.5076186   1.50366216  7.37116174  1.50596131  4.41398131 -2.11939847]", "nit": "21", "callback": [0.6972621649081525, 0.694500237094315, 0.6918508293509754, 0.6902907873333407, 0.6285327040139168, 0.5613686822929477, 0.43621776899900255, 0.3272725668247837, 0.2839674517980476, 0.24759761463004004, 0.23769933689950806, 0.234407002424748, 0.23075043833859088, 0.22873049476097984, 0.2282400337183187, 0.22821881997430404, 0.22821485156292654, 0.22821226047755028, 0.228211940067236, 0.22821192095819698, 0.22821192082091335]}, "5": {"maxiter": 100, "gtol": 1e-10, "xrtol": 1e-05, "eps": 1e-10, "duration": 0.0463869571685791, "fun": "0.22821192088992737", "jac": "[-2.22044587e-06  1.11022293e-06 -2.22044587e-06 -6.66133760e-06\n -6.66133760e-06  0.00000000e+00]", "hess_inv": "[[ 3.353931    0.94799293 -1.02169046  0.30719072 -0.90429762 -0.46488416]\n [ 0.94799293  4.45377076 -1.6928038  -0.35673533  0.08565299 -1.40739025]\n [-1.02169046 -1.6928038   5.01488235  0.95535084  0.98570909 -1.33646026]\n [ 0.30719072 -0.35673533  0.95535084  2.91445171  0.00603757 -0.46361862]\n [-0.90429762  0.08565299  0.98570909  0.00603757  3.42181517 -0.72364673]\n [-0.46488416 -1.40739025 -1.33646026 -0.46361862 -0.72364673  3.80784756]]", "nfev": "182", "njev": "26", "status": "0", "success": "True", "message": "Optimization terminated successfully.", "x": "[ 7.50762435  1.50367976  7.37114401  1.50595604  4.41397021 -2.11939452]", "nit": "20", "callback": [0.6972618230325317, 0.6945003010039061, 0.6918511030012543, 0.6902907535965177, 0.6286160232492289, 0.5607702327002858, 0.4345796871137474, 0.3285498642142908, 0.2841143902642601, 0.2487488814442328, 0.23749568938038013, 0.233545721952108, 0.23088152020964503, 0.22870241299176008, 0.22822737330933496, 0.22821941483336428, 0.22821291263316867, 0.22821200898261007, 0.22821192216634112, 0.22821192088992737]}, "6": {"maxiter": 100, "gtol": 1e-10, "xrtol": 1e-10, "eps": 1e-05, "duration": 0.07912397384643555, "fun": "0.22821192082091335", "jac": "[ 4.75952611e-08  3.40605322e-07 -6.16728890e-08  1.96098693e-07\n  6.81532608e-07  3.54349883e-07]", "hess_inv": "[[ 3.31178429  0.7974495  -0.90530656  0.37684107 -0.84768448 -0.39414748]\n [ 0.7974495   4.4909867  -1.85246327 -0.36210771  0.14983895 -1.26336437]\n [-0.90530656 -1.85246327  5.40987057  1.05666252  1.21146932 -1.4254703 ]\n [ 0.37684107 -0.36210771  1.05666252  2.94321398  0.22438348 -0.55470694]\n [-0.84768448  0.14983895  1.21146932  0.22438348  3.64003888 -0.82072578]\n [-0.39414748 -1.26336437 -1.4254703  -0.55470694 -0.82072578  3.61956096]]", "nfev": "369", "njev": "51", "status": "2", "success": "False", "message": "Desired error not necessarily achieved due to precision loss.", "x": "[ 7.5076186   1.50366216  7.37116174  1.50596131  4.41398131 -2.11939847]", "nit": "21", "callback": [0.6972621649081525, 0.694500237094315, 0.6918508293509754, 0.6902907873333407, 0.6285327040139168, 0.5613686822929477, 0.43621776899900255, 0.3272725668247837, 0.2839674517980476, 0.24759761463004004, 0.23769933689950806, 0.234407002424748, 0.23075043833859088, 0.22873049476097984, 0.2282400337183187, 0.22821881997430404, 0.22821485156292654, 0.22821226047755028, 0.228211940067236, 0.22821192095819698, 0.22821192082091335]}, "7": {"maxiter": 100, "gtol": 1e-10, "xrtol": 1e-10, "eps": 1e-10, "duration": 0.07351398468017578, "fun": "0.2282119208066925", "jac": "[ 2.22044587e-06  1.11022293e-06  5.55111466e-06  1.11022293e-06\n -1.11022293e-06  3.33066880e-06]", "hess_inv": "[[ 0.24746207 -0.1454666  -0.12427658 -0.22282396  0.39123631 -0.30549569]\n [-0.1454666   0.10955206  0.04986282  0.13747625 -0.25200351  0.1849593 ]\n [-0.12427658  0.04986282  0.19409162 -0.11884706 -0.02297966  0.0191071 ]\n [-0.22282396  0.13747625 -0.11884706  0.85429409 -0.82848597  0.40102803]\n [ 0.39123631 -0.25200351 -0.02297966 -0.82848597  0.99591349 -0.58810272]\n [-0.30549569  0.1849593   0.0191071   0.40102803 -0.58810272  0.76096928]]", "nfev": "308", "njev": "44", "status": "0", "success": "True", "message": "Optimization terminated successfully.", "x": "[ 7.50762349  1.50366345  7.37116821  1.50596778  4.41398743 -2.11939578]", "nit": "30", "callback": [0.6972618230325317, 0.6945003010039061, 0.6918511030012543, 0.6902907535965177, 0.6286160232492289, 0.5607702327002858, 0.4345796871137474, 0.3285498642142908, 0.2841143902642601, 0.2487488814442328, 0.23749568938038013, 0.233545721952108, 0.23088152020964503, 0.22870241299176008, 0.22822737330933496, 0.22821941483336428, 0.22821291263316867, 0.22821200898261007, 0.22821192216634112, 0.22821192088992737, 0.22821192081981323, 0.228211920813583, 0.22821192081249742, 0.2282119208122717, 0.22821192081219066, 0.22821192081209574, 0.22821192081198272, 0.22821192080895913, 0.2282119208066925, 0.2282119208066925]}, "8": {"maxiter": 500, "gtol": 1e-05, "xrtol": 1e-05, "eps": 1e-05, "duration": 0.05117511749267578, "fun": "0.22821192082091335", "jac": "[ 4.75952611e-08  3.40605322e-07 -6.16728890e-08  1.96098693e-07\n  6.81532608e-07  3.54349883e-07]", "hess_inv": "[[ 3.32286421  0.78558096 -0.8803264   0.37500194 -0.83952982 -0.41499286]\n [ 0.78558096  4.45605891 -1.8738826  -0.37477709  0.04167536 -1.23908997]\n [-0.8803264  -1.8738826   5.46559113  1.05415665  1.24099661 -1.4726851 ]\n [ 0.37500194 -0.37477709  1.05415665  2.93902078  0.19247697 -0.55064908]\n [-0.83952982  0.04167536  1.24099661  0.19247697  3.43852998 -0.83200766]\n [-0.41499286 -1.23908997 -1.4726851  -0.55064908 -0.83200766  3.65869929]]", "nfev": "189", "njev": "27", "status": "0", "success": "True", "message": "Optimization terminated successfully.", "x": "[ 7.5076186   1.50366216  7.37116174  1.50596131  4.41398131 -2.11939847]", "nit": "21", "callback": [0.6972621649081525, 0.694500237094315, 0.6918508293509754, 0.6902907873333407, 0.6285327040139168, 0.5613686822929477, 0.43621776899900255, 0.3272725668247837, 0.2839674517980476, 0.24759761463004004, 0.23769933689950806, 0.234407002424748, 0.23075043833859088, 0.22873049476097984, 0.2282400337183187, 0.22821881997430404, 0.22821485156292654, 0.22821226047755028, 0.228211940067236, 0.22821192095819698, 0.22821192082091335]}, "9": {"maxiter": 500, "gtol": 1e-05, "xrtol": 1e-05, "eps": 1e-10, "duration": 0.046155691146850586, "fun": "0.22821192088992737", "jac": "[-2.22044587e-06  1.11022293e-06 -2.22044587e-06 -6.66133760e-06\n -6.66133760e-06  0.00000000e+00]", "hess_inv": "[[ 3.353931    0.94799293 -1.02169046  0.30719072 -0.90429762 -0.46488416]\n [ 0.94799293  4.45377076 -1.6928038  -0.35673533  0.08565299 -1.40739025]\n [-1.02169046 -1.6928038   5.01488235  0.95535084  0.98570909 -1.33646026]\n [ 0.30719072 -0.35673533  0.95535084  2.91445171  0.00603757 -0.46361862]\n [-0.90429762  0.08565299  0.98570909  0.00603757  3.42181517 -0.72364673]\n [-0.46488416 -1.40739025 -1.33646026 -0.46361862 -0.72364673  3.80784756]]", "nfev": "182", "njev": "26", "status": "0", "success": "True", "message": "Optimization terminated successfully.", "x": "[ 7.50762435  1.50367976  7.37114401  1.50595604  4.41397021 -2.11939452]", "nit": "20", "callback": [0.6972618230325317, 0.6945003010039061, 0.6918511030012543, 0.6902907535965177, 0.6286160232492289, 0.5607702327002858, 0.4345796871137474, 0.3285498642142908, 0.2841143902642601, 0.2487488814442328, 0.23749568938038013, 0.233545721952108, 0.23088152020964503, 0.22870241299176008, 0.22822737330933496, 0.22821941483336428, 0.22821291263316867, 0.22821200898261007, 0.22821192216634112, 0.22821192088992737]}, "10": {"maxiter": 500, "gtol": 1e-05, "xrtol": 1e-10, "eps": 1e-05, "duration": 0.03973793983459473, "fun": "0.22821192082091335", "jac": "[ 4.75952611e-08  3.40605322e-07 -6.16728890e-08  1.96098693e-07\n  6.81532608e-07  3.54349883e-07]", "hess_inv": "[[ 3.32286421  0.78558096 -0.8803264   0.37500194 -0.83952982 -0.41499286]\n [ 0.78558096  4.45605891 -1.8738826  -0.37477709  0.04167536 -1.23908997]\n [-0.8803264  -1.8738826   5.46559113  1.05415665  1.24099661 -1.4726851 ]\n [ 0.37500194 -0.37477709  1.05415665  2.93902078  0.19247697 -0.55064908]\n [-0.83952982  0.04167536  1.24099661  0.19247697  3.43852998 -0.83200766]\n [-0.41499286 -1.23908997 -1.4726851  -0.55064908 -0.83200766  3.65869929]]", "nfev": "189", "njev": "27", "status": "0", "success": "True", "message": "Optimization terminated successfully.", "x": "[ 7.5076186   1.50366216  7.37116174  1.50596131  4.41398131 -2.11939847]", "nit": "21", "callback": [0.6972621649081525, 0.694500237094315, 0.6918508293509754, 0.6902907873333407, 0.6285327040139168, 0.5613686822929477, 0.43621776899900255, 0.3272725668247837, 0.2839674517980476, 0.24759761463004004, 0.23769933689950806, 0.234407002424748, 0.23075043833859088, 0.22873049476097984, 0.2282400337183187, 0.22821881997430404, 0.22821485156292654, 0.22821226047755028, 0.228211940067236, 0.22821192095819698, 0.22821192082091335]}, "11": {"maxiter": 500, "gtol": 1e-05, "xrtol": 1e-10, "eps": 1e-10, "duration": 0.04658007621765137, "fun": "0.22821192088992737", "jac": "[-2.22044587e-06  1.11022293e-06 -2.22044587e-06 -6.66133760e-06\n -6.66133760e-06  0.00000000e+00]", "hess_inv": "[[ 3.353931    0.94799293 -1.02169046  0.30719072 -0.90429762 -0.46488416]\n [ 0.94799293  4.45377076 -1.6928038  -0.35673533  0.08565299 -1.40739025]\n [-1.02169046 -1.6928038   5.01488235  0.95535084  0.98570909 -1.33646026]\n [ 0.30719072 -0.35673533  0.95535084  2.91445171  0.00603757 -0.46361862]\n [-0.90429762  0.08565299  0.98570909  0.00603757  3.42181517 -0.72364673]\n [-0.46488416 -1.40739025 -1.33646026 -0.46361862 -0.72364673  3.80784756]]", "nfev": "182", "njev": "26", "status": "0", "success": "True", "message": "Optimization terminated successfully.", "x": "[ 7.50762435  1.50367976  7.37114401  1.50595604  4.41397021 -2.11939452]", "nit": "20", "callback": [0.6972618230325317, 0.6945003010039061, 0.6918511030012543, 0.6902907535965177, 0.6286160232492289, 0.5607702327002858, 0.4345796871137474, 0.3285498642142908, 0.2841143902642601, 0.2487488814442328, 0.23749568938038013, 0.233545721952108, 0.23088152020964503, 0.22870241299176008, 0.22822737330933496, 0.22821941483336428, 0.22821291263316867, 0.22821200898261007, 0.22821192216634112, 0.22821192088992737]}, "12": {"maxiter": 500, "gtol": 1e-10, "xrtol": 1e-05, "eps": 1e-05, "duration": 0.04827690124511719, "fun": "0.22821192082091335", "jac": "[ 4.75952611e-08  3.40605322e-07 -6.16728890e-08  1.96098693e-07\n  6.81532608e-07  3.54349883e-07]", "hess_inv": "[[ 3.32286421  0.78558096 -0.8803264   0.37500194 -0.83952982 -0.41499286]\n [ 0.78558096  4.45605891 -1.8738826  -0.37477709  0.04167536 -1.23908997]\n [-0.8803264  -1.8738826   5.46559113  1.05415665  1.24099661 -1.4726851 ]\n [ 0.37500194 -0.37477709  1.05415665  2.93902078  0.19247697 -0.55064908]\n [-0.83952982  0.04167536  1.24099661  0.19247697  3.43852998 -0.83200766]\n [-0.41499286 -1.23908997 -1.4726851  -0.55064908 -0.83200766  3.65869929]]", "nfev": "189", "njev": "27", "status": "0", "success": "True", "message": "Optimization terminated successfully.", "x": "[ 7.5076186   1.50366216  7.37116174  1.50596131  4.41398131 -2.11939847]", "nit": "21", "callback": [0.6972621649081525, 0.694500237094315, 0.6918508293509754, 0.6902907873333407, 0.6285327040139168, 0.5613686822929477, 0.43621776899900255, 0.3272725668247837, 0.2839674517980476, 0.24759761463004004, 0.23769933689950806, 0.234407002424748, 0.23075043833859088, 0.22873049476097984, 0.2282400337183187, 0.22821881997430404, 0.22821485156292654, 0.22821226047755028, 0.228211940067236, 0.22821192095819698, 0.22821192082091335]}, "13": {"maxiter": 500, "gtol": 1e-10, "xrtol": 1e-05, "eps": 1e-10, "duration": 0.05731511116027832, "fun": "0.22821192088992737", "jac": "[-2.22044587e-06  1.11022293e-06 -2.22044587e-06 -6.66133760e-06\n -6.66133760e