{"date": "2024/10/08/, 18:45:27", "conf_id": 21, "data_type": "random\n", "num_data_points": 2, "s_rank": 0, "unitary": "[[-0.56303964-0.00798273j,-0.21670212-0.15784972j,-0.06047197-0.73952673j,-0.01438004+0.24552571j],[-0.06976756+0.23474685j,-0.01275565-0.5435098j,-0.02703657-0.08917885j,-0.08210486-0.79311774j],[-0.38559961+0.10714929j,0.5933431-0.2687392j,-0.24060861+0.29149289j,-0.45147719+0.26241743j],[-0.50180421+0.45931857j,-0.11617175+0.44134496j,0.49642745+0.22684508j,-0.08544628-0.15407063j]]", "databatch_0": {"databatch": "[[[-0.09742541+0.10331464j,-0.12213221-0.00333875j,-0.13265878+0.09270072j,0.04526118-0.05472582j],[-0.38276946-0.19185166j,-0.09616655-0.3556018j,-0.38264145-0.30279848j,0.19725614+0.08329968j],[0.14712313+0.07516279j,0.03605049+0.13749543j,0.14674438+0.11797155j,-0.07586455-0.03272699j],[-0.19734061-0.18521414j,0.0058141-0.23278118j,-0.17727043-0.25241151j,0.10450291+0.08601517j]],[[0.10266853-0.10093211j,0.23319304+0.11176509j,-0.03052019-0.02540776j,-0.00726933+0.22386035j],[0.04605064+0.01956382j,-0.00491674+0.08973289j,0.00410536-0.01317611j,-0.07285555+0.02740111j],[0.15681666+0.00461397j,0.08799151+0.26769393j,-0.0030384-0.04316659j,-0.18153705+0.16313249j],[-0.30094113+0.10172236j,-0.35563432-0.44618041j,0.03617983+0.079804j,0.22968716-0.43757737j]]]", "initial param values": "[3.84254073,5.84204915,1.26443001,2.76532292,2.44783995,5.55432759]", "nelder_mead": {"type": "gradient-free", "0": {"maxiter": 100, "fatol": 1e-05, "xatol": 1e-05, "duration": 0.05302715301513672, "fun": "0.32515935504713955", "nit": "100", "nfev": "155", "status": "2", "success": "False", "message": "Maximum number of iterations has been exceeded.", "x": "[2.90039841 8.71733537 1.24882466 1.36202945 4.16333329 2.12055822]", "final_simplex": "(array([[2.90039841, 8.71733537, 1.24882466, 1.36202945, 4.16333329,\n        2.12055822],\n       [2.92878065, 8.54063914, 1.25979879, 1.34462349, 4.17931593,\n        2.05642436],\n       [2.86550452, 8.70117123, 1.28482613, 1.45803078, 4.08187928,\n        2.08329718],\n       [2.94682878, 8.57649382, 1.27200348, 1.47511691, 4.07090987,\n        2.1364341 ],\n       [2.8014974 , 8.80333092, 1.27295324, 1.40627114, 4.09734673,\n        2.06898315],\n       [2.7741866 , 8.61945268, 1.31584129, 1.49808929, 4.03466364,\n        2.08615579],\n       [2.83438554, 8.65164175, 1.30393418, 1.4254633 , 4.09276603,\n        2.01942294]]), array([0.32515936, 0.33135639, 0.33309688, 0.33383303, 0.33387304,\n       0.33586052, 0.33610873]))", "callback": [0.6599265355916097, 0.5597050004739407, 0.532265799378426, 0.5165310369829451, 0.5035989826288539, 0.363418612665253, 0.363418612665253, 0.3557238014823577, 0.348736358091155, 0.33586052019670065]}, "1": {"maxiter": 100, "fatol": 1e-05, "xatol": 1e-10, "duration": 0.04705500602722168, "fun": "0.32515935504713955", "nit": "100", "nfev": "155", "status": "2", "success": "False", "message": "Maximum number of iterations has been exceeded.", "x": "[2.90039841 8.71733537 1.24882466 1.36202945 4.16333329 2.12055822]", "final_simplex": "(array([[2.90039841, 8.71733537, 1.24882466, 1.36202945, 4.16333329,\n        2.12055822],\n       [2.92878065, 8.54063914, 1.25979879, 1.34462349, 4.17931593,\n        2.05642436],\n       [2.86550452, 8.70117123, 1.28482613, 1.45803078, 4.08187928,\n        2.08329718],\n       [2.94682878, 8.57649382, 1.27200348, 1.47511691, 4.07090987,\n        2.1364341 ],\n       [2.8014974 , 8.80333092, 1.27295324, 1.40627114, 4.09734673,\n        2.06898315],\n       [2.7741866 , 8.61945268, 1.31584129, 1.49808929, 4.03466364,\n        2.08615579],\n       [2.83438554, 8.65164175, 1.30393418, 1.4254633 , 4.09276603,\n        2.01942294]]), array([0.32515936, 0.33135639, 0.33309688, 0.33383303, 0.33387304,\n       0.33586052, 0.33610873]))", "callback": [0.6599265355916097, 0.5597050004739407, 0.532265799378426, 0.5165310369829451, 0.5035989826288539, 0.363418612665253, 0.363418612665253, 0.3557238014823577, 0.348736358091155, 0.33586052019670065]}, "2": {"maxiter": 100, "fatol": 1e-10, "xatol": 1e-05, "duration": 0.04330706596374512, "fun": "0.32515935504713955", "nit": "100", "nfev": "155", "status": "2", "success": "False", "message": "Maximum number of iterations has been exceeded.", "x": "[2.90039841 8.71733537 1.24882466 1.36202945 4.16333329 2.12055822]", "final_simplex": "(array([[2.90039841, 8.71733537, 1.24882466, 1.36202945, 4.16333329,\n        2.12055822],\n       [2.92878065, 8.54063914, 1.25979879, 1.34462349, 4.17931593,\n        2.05642436],\n       [2.86550452, 8.70117123, 1.28482613, 1.45803078, 4.08187928,\n        2.08329718],\n       [2.94682878, 8.57649382, 1.27200348, 1.47511691, 4.07090987,\n        2.1364341 ],\n       [2.8014974 , 8.80333092, 1.27295324, 1.40627114, 4.09734673,\n        2.06898315],\n       [2.7741866 , 8.61945268, 1.31584129, 1.49808929, 4.03466364,\n        2.08615579],\n       [2.83438554, 8.65164175, 1.30393418, 1.4254633 , 4.09276603,\n        2.01942294]]), array([0.32515936, 0.33135639, 0.33309688, 0.33383303, 0.33387304,\n       0.33586052, 0.33610873]))", "callback": [0.6599265355916097, 0.5597050004739407, 0.532265799378426, 0.5165310369829451, 0.5035989826288539, 0.363418612665253, 0.363418612665253, 0.3557238014823577, 0.348736358091155, 0.33586052019670065]}, "3": {"maxiter": 100, "fatol": 1e-10, "xatol": 1e-10, "duration": 0.0386962890625, "fun": "0.32515935504713955", "nit": "100", "nfev": "155", "status": "2", "success": "False", "message": "Maximum number of iterations has been exceeded.", "x": "[2.90039841 8.71733537 1.24882466 1.36202945 4.16333329 2.12055822]", "final_simplex": "(array([[2.90039841, 8.71733537, 1.24882466, 1.36202945, 4.16333329,\n        2.12055822],\n       [2.92878065, 8.54063914, 1.25979879, 1.34462349, 4.17931593,\n        2.05642436],\n       [2.86550452, 8.70117123, 1.28482613, 1.45803078, 4.08187928,\n        2.08329718],\n       [2.94682878, 8.57649382, 1.27200348, 1.47511691, 4.07090987,\n        2.1364341 ],\n       [2.8014974 , 8.80333092, 1.27295324, 1.40627114, 4.09734673,\n        2.06898315],\n       [2.7741866 , 8.61945268, 1.31584129, 1.49808929, 4.03466364,\n        2.08615579],\n       [2.83438554, 8.65164175, 1.30393418, 1.4254633 , 4.09276603,\n        2.01942294]]), array([0.32515936, 0.33135639, 0.33309688, 0.33383303, 0.33387304,\n       0.33586052, 0.33610873]))", "callback": [0.6599265355916097, 0.5597050004739407, 0.532265799378426, 0.5165310369829451, 0.5035989826288539, 0.363418612665253, 0.363418612665253, 0.3557238014823577, 0.348736358091155, 0.33586052019670065]}, "4": {"maxiter": 500, "fatol": 1e-05, "xatol": 1e-05, "duration": 0.21556615829467773, "fun": "0.3007519753564629", "nit": "479", "nfev": "743", "status": "0", "success": "True", "message": "Optimization terminated successfully.", "x": "[2.78201459 9.10264513 1.43556635 1.28665094 4.37354651 2.4378128 ]", "final_simplex": "(array([[2.78201459, 9.10264513, 1.43556635, 1.28665094, 4.37354651,\n        2.4378128 ],\n       [2.7820166 , 9.10263928, 1.43555769, 1.28664857, 4.37355446,\n        2.43781242],\n       [2.78201569, 9.10263753, 1.43556159, 1.28665055, 4.37354861,\n        2.43781334],\n       [2.78201515, 9.10263583, 1.43555745, 1.28664822, 4.37354944,\n        2.4378139 ],\n       [2.78201197, 9.10264452, 1.43557344, 1.28664803, 4.37354011,\n        2.43781465],\n       [2.78201755, 9.10264403, 1.43556426, 1.28664825, 4.37355139,\n        2.4378107 ],\n       [2.78201392, 9.10264208, 1.43556342, 1.28664897, 4.37354944,\n        2.43781057]]), array([0.30075198, 0.30075198, 0.30075198, 0.30075198, 0.30075198,\n       0.30075198, 0.30075198]))", "callback": [0.6599265355916097, 0.5597050004739407, 0.532265799378426, 0.5165310369829451, 0.5035989826288539, 0.363418612665253, 0.363418612665253, 0.3557238014823577, 0.348736358091155, 0.33586052019670065, 0.32515935504713955, 0.31305545931488465, 0.30388965291987746, 0.30388965291987746, 0.30333676884818783, 0.3032206734752285, 0.30281879972538506, 0.3024476898778198, 0.3020970585692003, 0.3014370765280653, 0.30092724997475306, 0.30084603958925527, 0.3008381382697223, 0.3008283046842013, 0.30082769047347235, 0.30082738718200774, 0.3008272390920048, 0.30082709730002355, 0.30082642741112753, 0.30082520133200963, 0.30082194526486505, 0.300814792220669, 0.3007942404177165, 0.30077815604953506, 0.30076243981389195, 0.30075458000436783, 0.30075279250168896, 0.30075274409919406, 0.3007522105862064, 0.30075203543391593, 0.30075201271021546, 0.3007519818746205, 0.3007519767526372, 0.30075197552322663, 0.30075197542063836, 0.30075197537723686, 0.30075197536639897, 0.30075197536066733]}, "5": {"maxiter": 500, "fatol": 1e-05, "xatol": 1e-10, "duration": 0.22398805618286133, "fun": "0.300751975352181", "nit": "500", "nfev": "774", "status": "2", "success": "False", "message": "Maximum number of iterations has been exceeded.", "x": "[2.78201529 9.10265166 1.43556893 1.28665018 4.37354853 2.43781713]", "final_simplex": "(array([[2.78201529, 9.10265166, 1.43556893, 1.28665018, 4.37354853,\n        2.43781713],\n       [2.78201457, 9.10264865, 1.43556776, 1.28665113, 4.3735488 ,\n        2.43781613],\n       [2.78201377, 9.10264981, 1.43556888, 1.28665308, 4.37354608,\n        2.43781873],\n       [2.78201586, 9.10264841, 1.43556511, 1.28665155, 4.37354965,\n        2.43781629],\n       [2.78201478, 9.10265099, 1.43556901, 1.28665143, 4.37354755,\n        2.43781543],\n       [2.78201276, 9.10264473, 1.43556495, 1.28665035, 4.37354481,\n        2.43781865],\n       [2.78201449, 9.10265129, 1.43557352, 1.28665247, 4.37354323,\n        2.43781672]]), array([0.30075198, 0.30075198, 0.30075198, 0.30075198, 0.30075198,\n       0.30075198, 0.30075198]))", "callback": [0.6599265355916097, 0.5597050004739407, 0.532265799378426, 0.5165310369829451, 0.5035989826288539, 0.363418612665253, 0.363418612665253, 0.3557238014823577, 0.348736358091155, 0.33586052019670065, 0.32515935504713955, 0.31305545931488465, 0.30388965291987746, 0.30388965291987746, 0.30333676884818783, 0.3032206734752285, 0.30281879972538506, 0.3024476898778198, 0.3020970585692003, 0.3014370765280653, 0.30092724997475306, 0.30084603958925527, 0.3008381382697223, 0.3008283046842013, 0.30082769047347235, 0.30082738718200774, 0.3008272390920048, 0.30082709730002355, 0.30082642741112753, 0.30082520133200963, 0.30082194526486505, 0.300814792220669, 0.3007942404177165, 0.30077815604953506, 0.30076243981389195, 0.30075458000436783, 0.30075279250168896, 0.30075274409919406, 0.3007522105862064, 0.30075203543391593, 0.30075201271021546, 0.3007519818746205, 0.3007519767526372, 0.30075197552322663, 0.30075197542063836, 0.30075197537723686, 0.30075197536639897, 0.30075197536066733, 0.3007519753564629, 0.3007519753534502]}, "6": {"maxiter": 500, "fatol": 1e-10, "xatol": 1e-05, "duration": 0.23099517822265625, "fun": "0.3007519753564629", "nit": "479", "nfev": "743", "status": "0", "success": "True", "message": "Optimization terminated successfully.", "x": "[2.78201459 9.10264513 1.43556635 1.28665094 4.37354651 2.4378128 ]", "final_simplex": "(array([[2.78201459, 9.10264513, 1.43556635, 1.28665094, 4.37354651,\n        2.4378128 ],\n       [2.7820166 , 9.10263928, 1.43555769, 1.28664857, 4.37355446,\n        2.43781242],\n       [2.78201569, 9.10263753, 1.43556159, 1.28665055, 4.37354861,\n        2.43781334],\n       [2.78201515, 9.10263583, 1.43555745, 1.28664822, 4.37354944,\n        2.4378139 ],\n       [2.78201197, 9.10264452, 1.43557344, 1.28664803, 4.37354011,\n        2.43781465],\n       [2.78201755, 9.10264403, 1.43556426, 1.28664825, 4.37355139,\n        2.4378107 ],\n       [2.78201392, 9.10264208, 1.43556342, 1.28664897, 4.37354944,\n        2.43781057]]), array([0.30075198, 0.30075198, 0.30075198, 0.30075198, 0.30075198,\n       0.30075198, 0.30075198]))", "callback": [0.6599265355916097, 0.5597050004739407, 0.532265799378426, 0.5165310369829451, 0.5035989826288539, 0.363418612665253, 0.363418612665253, 0.3557238014823577, 0.348736358091155, 0.33586052019670065, 0.32515935504713955, 0.31305545931488465, 0.30388965291987746, 0.30388965291987746, 0.30333676884818783, 0.3032206734752285, 0.30281879972538506, 0.3024476898778198, 0.3020970585692003, 0.3014370765280653, 0.30092724997475306, 0.30084603958925527, 0.3008381382697223, 0.3008283046842013, 0.30082769047347235, 0.30082738718200774, 0.3008272390920048, 0.30082709730002355, 0.30082642741112753, 0.30082520133200963, 0.30082194526486505, 0.300814792220669, 0.3007942404177165, 0.30077815604953506, 0.30076243981389195, 0.30075458000436783, 0.30075279250168896, 0.30075274409919406, 0.3007522105862064, 0.30075203543391593, 0.30075201271021546, 0.3007519818746205, 0.3007519767526372, 0.30075197552322663, 0.30075197542063836, 0.30075197537723686, 0.30075197536639897, 0.30075197536066733]}, "7": {"maxiter": 500, "fatol": 1e-10, "xatol": 1e-10, "duration": 0.216292142868042, "fun": "0.300751975352181", "nit": "500", "nfev": "774", "status": "2", "success": "False", "message": "Maximum number of iterations has been exceeded.", "x": "[2.78201529 9.10265166 1.43556893 1.28665018 4.37354853 2.43781713]", "final_simplex": "(array([[2.78201529, 9.10265166, 1.43556893, 1.28665018, 4.37354853,\n        2.43781713],\n       [2.78201457, 9.10264865, 1.43556776, 1.28665113, 4.3735488 ,\n        2.43781613],\n       [2.78201377, 9.10264981, 1.43556888, 1.28665308, 4.37354608,\n        2.43781873],\n       [2.78201586, 9.10264841, 1.43556511, 1.28665155, 4.37354965,\n        2.43781629],\n       [2.78201478, 9.10265099, 1.43556901, 1.28665143, 4.37354755,\n        2.43781543],\n       [2.78201276, 9.10264473, 1.43556495, 1.28665035, 4.37354481,\n        2.43781865],\n       [2.78201449, 9.10265129, 1.43557352, 1.28665247, 4.37354323,\n        2.43781672]]), array([0.30075198, 0.30075198, 0.30075198, 0.30075198, 0.30075198,\n       0.30075198, 0.30075198]))", "callback": [0.6599265355916097, 0.5597050004739407, 0.532265799378426, 0.5165310369829451, 0.5035989826288539, 0.363418612665253, 0.363418612665253, 0.3557238014823577, 0.348736358091155, 0.33586052019670065, 0.32515935504713955, 0.31305545931488465, 0.30388965291987746, 0.30388965291987746, 0.30333676884818783, 0.3032206734752285, 0.30281879972538506, 0.3024476898778198, 0.3020970585692003, 0.3014370765280653, 0.30092724997475306, 0.30084603958925527, 0.3008381382697223, 0.3008283046842013, 0.30082769047347235, 0.30082738718200774, 0.3008272390920048, 0.30082709730002355, 0.30082642741112753, 0.30082520133200963, 0.30082194526486505, 0.300814792220669, 0.3007942404177165, 0.30077815604953506, 0.30076243981389195, 0.30075458000436783, 0.30075279250168896, 0.30075274409919406, 0.3007522105862064, 0.30075203543391593, 0.30075201271021546, 0.3007519818746205, 0.3007519767526372, 0.30075197552322663, 0.30075197542063836, 0.30075197537723686, 0.30075197536639897, 0.30075197536066733, 0.3007519753564629, 0.3007519753534502]}, "8": {"maxiter": 1000, "fatol": 1e-05, "xatol": 1e-05, "duration": 0.21309280395507812, "fun": "0.3007519753564629", "nit": "479", "nfev": "743", "status": "0", "success": "True", "message": "Optimization terminated successfully.", "x": "[2.78201459 9.10264513 1.43556635 1.28665094 4.37354651 2.4378128 ]", "final_simplex": "(array([[2.78201459, 9.10264513, 1.43556635, 1.28665094, 4.37354651,\n        2.4378128 ],\n       [2.7820166 , 9.10263928, 1.43555769, 1.28664857, 4.37355446,\n        2.43781242],\n       [2.78201569, 9.10263753, 1.43556159, 1.28665055, 4.37354861,\n        2.43781334],\n       [2.78201515, 9.10263583, 1.43555745, 1.28664822, 4.37354944,\n        2.4378139 ],\n       [2.78201197, 9.10264452, 1.43557344, 1.28664803, 4.37354011,\n        2.43781465],\n       [2.78201755, 9.10264403, 1.43556426, 1.28664825, 4.37355139,\n        2.4378107 ],\n       [2.78201392, 9.10264208, 1.43556342, 1.28664897, 4.37354944,\n        2.43781057]]), array([0.30075198, 0.30075198, 0.30075198, 0.30075198, 0.30075198,\n       0.30075198, 0.30075198]))", "callback": [0.6599265355916097, 0.5597050004739407, 0.532265799378426, 0.5165310369829451, 0.5035989826288539, 0.363418612665253, 0.363418612665253, 0.3557238014823577, 0.348736358091155, 0.33586052019670065, 0.32515935504713955, 0.31305545931488465, 0.30388965291987746, 0.30388965291987746, 0.30333676884818783, 0.3032206734752285, 0.30281879972538506, 0.3024476898778198, 0.3020970585692003, 0.3014370765280653, 0.30092724997475306, 0.30084603958925527, 0.3008381382697223, 0.3008283046842013, 0.30082769047347235, 0.30082738718200774, 0.3008272390920048, 0.30082709730002355, 0.30082642741112753, 0.30082520133200963, 0.30082194526486505, 0.300814792220669, 0.3007942404177165, 0.30077815604953506, 0.30076243981389195, 0.30075458000436783, 0.30075279250168896, 0.30075274409919406, 0.3007522105862064, 0.30075203543391593, 0.30075201271021546, 0.3007519818746205, 0.3007519767526372, 0.30075197552322663, 0.30075197542063836, 0.30075197537723686, 0.30075197536639897, 0.30075197536066733]}, "9": {"maxiter": 1000, "fatol": 1e-05, "xatol": 1e-10, "duration": 0.29309892654418945, "fun": "0.30075197535098996", "nit": "605", "nfev": "1000", "status": "0", "success": "True", "message": "Optimization terminated successfully.", "x": "[2.78201228 9.10265567 1.43557783 1.28665019 4.37354281 2.43782009]", "final_simplex": "(array([[2.78201228, 9.10265567, 1.43557783, 1.28665019, 4.37354281,\n        2.43782009],\n       [2.78201228, 9.10265567, 1.43557783, 1.28665019, 4.37354281,\n        2.43782009],\n       [2.78201228, 9.10265567, 1.43557783, 1.28665019, 4.37354281,\n        2.43782009],\n       [2.78201228, 9.10265567, 1.43557783, 1.28665019, 4.37354281,\n        2.43782009],\n       [2.78201228, 9.10265567, 1.43557783, 1.28665019, 4.37354281,\n        2.43782009],\n       [2.78201228, 9.10265567, 1.43557783, 1.28665019, 4.37354281,\n        2.43782009],\n       [2.78201228, 9.10265567, 1.43557783, 1.28665019, 4.37354281,\n        2.43782009]]), array([0.30075198, 0.30075198, 0.30075198, 0.30075198, 0.30075198,\n       0.30075198, 0.30075198]))", "callback": [0.6599265355916097, 0.5597050004739407, 0.532265799378426, 0.5165310369829451, 0.5035989826288539, 0.363418612665253, 0.363418612665253, 0.3557238014823577, 0.348736358091155, 0.33586052019670065, 0.32515935504713955, 0.31305545931488465, 0.30388965291987746, 0.30388965291987746, 0.30333676884818783, 0.3032206734752285, 0.30281879972538506, 0.3024476898778198, 0.3020970585692003, 0.3014370765280653, 0.30092724997475306, 0.30084603958925527, 0.3008381382697223, 0.3008283046842013, 0.30082769047347235, 0.30082738718200774, 0.3008272390920048, 0.30082709730002355, 0.30082642741112753, 0.30082520133200963, 0.30082194526486505, 0.300814792220669, 0.3007942404177165, 0.30077815604953506, 0.30076243981389195, 0.30075458000436783, 0.30075279250168896, 0.30075274409919406, 0.3007522105862064, 0.30075203543391593, 0.30075201271021546, 0.3007519818746205, 0.3007519767526372, 0.30075197552322663, 0.30075197542063836, 0.30075197537723686, 0.30075197536639897, 0.30075197536066733, 0.3007519753564629, 0.3007519753534502, 0.300751975352181, 0.3007519753512915, 0.30075197535104525, 0.30075197535102216, 0.3007519753509953, 0.3007519753509911, 0.3007519753509902, 0.3007519753509901, 0.30075197535098996, 0.30075197535098996, 0.30075197535098996]}, "10": {"maxiter": 1000, "fatol": 1e-10, "xatol": 1e-05, "duration": 0.2136549949645996, "fun": "0.3007519753564629", "nit": "479", "nfev": "743", "status": "0", "success": "True", "message": "Optimization terminated successfully.", "x": "[2.78201459 9.10264513 1.43556635 1.28665094 4.37354651 2.4378128 ]", "final_simplex": "(array([[2.78201459, 9.10264513, 1.43556635, 1.28665094, 4.37354651,\n        2.4378128 ],\n       [2.7820166 , 9.10263928, 1.43555769, 1.28664857, 4.37355446,\n        2.43781242],\n       [2.78201569, 9.10263753, 1.43556159, 1.28665055, 4.37354861,\n        2.43781334],\n       [2.78201515, 9.10263583, 1.43555745, 1.28664822, 4.37354944,\n        2.4378139 ],\n       [2.78201197, 9.10264452, 1.43557344, 1.28664803, 4.37354011,\n        2.43781465],\n       [2.78201755, 9.10264403, 1.43556426, 1.28664825, 4.37355139,\n        2.4378107 ],\n       [2.78201392, 9.10264208, 1.43556342, 1.28664897, 4.37354944,\n        2.43781057]]), array([0.30075198, 0.30075198, 0.30075198, 0.30075198, 0.30075198,\n       0.30075198, 0.30075198]))", "callback": [0.6599265355916097, 0.5597050004739407, 0.532265799378426, 0.5165310369829451, 0.5035989826288539, 0.363418612665253, 0.363418612665253, 0.3557238014823577, 0.348736358091155, 0.33586052019670065, 0.32515935504713955, 0.31305545931488465, 0.30388965291987746, 0.30388965291987746, 0.30333676884818783, 0.3032206734752285, 0.30281879972538506, 0.3024476898778198, 0.3020970585692003, 0.3014370765280653, 0.30092724997475306, 0.30084603958925527, 0.3008381382697223, 0.3008283046842013, 0.30082769047347235, 0.30082738718200774, 0.3008272390920048, 0.30082709730002355, 0.30082642741112753, 0.30082520133200963, 0.30082194526486505, 0.300814792220669, 0.3007942404177165, 0.30077815604953506, 0.30076243981389195, 0.30075458000436783, 0.30075279250168896, 0.30075274409919406, 0.3007522105862064, 0.30075203543391593, 0.30075201271021546, 0.3007519818746205, 0.3007519767526372, 0.30075197552322663, 0.30075197542063836, 0.30075197537723686, 0.30075197536639897, 0.30075197536066733]}, "11": {"maxiter": 1000, "fatol": 1e-10, "xatol": 1e-10, "duration": 0.30447983741760254, "fun": "0.30075197535098996", "nit": "605", "nfev": "1000", "status": "0", "success": "True", "message": "Optimization terminated successfully.", "x": "[2.78201228 9.10265567 1.43557783 1.28665019 4.37354281 2.43782009]", "final_simplex": "(array([[2.78201228, 9.10265567, 1.43557783, 1.28665019, 4.37354281,\n        2.43782009],\n       [2.78201228, 9.10265567, 1.43557783, 1.28665019, 4.37354281,\n        2.43782009],\n       [2.78201228, 9.10265567, 1.43557783, 1.28665019, 4.37354281,\n        2.43782009],\n       [2.78201228, 9.10265567, 1.43557783, 1.28665019, 4.37354281,\n        2.43782009],\n       [2.78201228, 9.10265567, 1.43557783, 1.28665019, 4.37354281,\n        2.43782009],\n       [2.78201228, 9.10265567, 1.43557783, 1.28665019, 4.37354281,\n        2.43782009],\n       [2.78201228, 9.10265567, 1.43557783, 1.28665019, 4.37354281,\n        2.43782009]]), array([0.30075198, 0.30075198, 0.30075198, 0.30075198, 0.30075198,\n       0.30075198, 0.30075198]))", "callback": [0.6599265355916097, 0.5597050004739407, 0.532265799378426, 0.5165310369829451, 0.5035989826288539, 0.363418612665253, 0.363418612665253, 0.3557238014823577, 0.348736358091155, 0.33586052019670065, 0.32515935504713955, 0.31305545931488465, 0.30388965291987746, 0.30388965291987746, 0.30333676884818783, 0.3032206734752285, 0.30281879972538506, 0.3024476898778198, 0.3020970585692003, 0.3014370765280653, 0.30092724997475306, 0.30084603958925527, 0.3008381382697223, 0.3008283046842013, 0.30082769047347235, 0.30082738718200774, 0.3008272390920048, 0.30082709730002355, 0.30082642741112753, 0.30082520133200963, 0.30082194526486505, 0.300814792220669, 0.3007942404177165, 0.30077815604953506, 0.30076243981389195, 0.30075458000436783, 0.30075279250168896, 0.30075274409919406, 0.3007522105862064, 0.30075203543391593, 0.30075201271021546, 0.3007519818746205, 0.3007519767526372, 0.30075197552322663, 0.30075197542063836, 0.30075197537723686, 0.30075197536639897, 0.30075197536066733, 0.3007519753564629, 0.3007519753534502, 0.300751975352181, 0.3007519753512915, 0.30075197535104525, 0.30075197535102216, 0.3007519753509953, 0.3007519753509911, 0.3007519753509902, 0.3007519753509901, 0.30075197535098996, 0.30075197535098996, 0.30075197535098996]}}, "bfgs": {"type": "gradient", "0": {"maxiter": 100, "gtol": 1e-05, "xrtol": 1e-05, "eps": 1e-05, "duration": 0.06918907165527344, "fun": "0.30075197549370236", "jac": "[ 7.35755901e-07  1.70052861e-07  3.76032538e-08 -1.73711046e-06\n -6.01230177e-07 -5.95956617e-07]", "hess_inv": "[[  8.9026306   -6.44893485 -14.32245878  -2.57706672  12.65949248\n   -4.97479696]\n [ -6.44893485  38.97945209  48.80603143   3.72577885 -17.3585779\n    6.85514286]\n [-14.32245878  48.80603143  74.89678889   7.19853427 -36.387614\n   12.79667373]\n [ -2.57706672   3.72577885   7.19853427   4.4793348   -5.13703495\n    2.20954537]\n [ 12.65949248 -17.3585779  -36.387614    -5.13703495  29.00914985\n  -10.37774428]\n [ -4.97479696   6.85514286  12.79667373   2.20954537 -10.37774428\n    7.69087594]]", "nfev": "245", "njev": "35", "status": "0", "success": "True", "message": "Optimization terminated successfully.", "x": "[2.78202176 2.81937745 1.43546518 4.9965158  1.23198102 5.57939217]", "nit": "33", "callback": [0.5778203117185413, 0.5720204368296931, 0.5655041886320418, 0.5542665448807035, 0.5324376127267635, 0.5112975769857684, 0.4966176220344327, 0.4692141122912109, 0.42280555742755954, 0.3981687308145644, 0.3844416118771119, 0.3741945390200455, 0.35897392829117136, 0.35016002922412914, 0.3447430605643502, 0.33549183331452936, 0.32145784435563496, 0.31580891867858973, 0.30906924525116264, 0.30425975323706, 0.3022000548531699, 0.3018749680759618, 0.301799892611057, 0.30170647274055606, 0.3015767831573819, 0.3013628885454158, 0.3010360333792923, 0.3007926165834527, 0.30075540840681514, 0.3007527317467782, 0.30075208811414456, 0.3007519781569191, 0.30075197549370236]}, "1": {"maxiter": 100, "gtol": 1e-05, "xrtol": 1e-05, "eps": 1e-10, "duration": 0.06878209114074707, "fun": "0.300751975889072", "jac": "[ 2.22044587e-06 -1.11022293e-06 -2.22044587e-06 -4.44089173e-06\n -2.22044587e-06 -2.22044587e-06]", "hess_inv": "[[  8.93647285  -5.83799483 -13.69483147  -2.55002996  12.60593504\n   -4.9664453 ]\n [ -5.83799483  36.38799355  45.30221729   3.31730307 -15.9696331\n    6.30771157]\n [-13.69483147  45.30221729  70.37293637   6.73743449 -34.83191703\n   12.2083903 ]\n [ -2.55002996   3.31730307   6.73743449   4.44339364  -5.04525729\n    2.1866147 ]\n [ 12.60593504 -15.9696331  -34.83191703  -5.04525729  28.70772529\n  -10.28474504]\n [ -4.9664453    6.30771157  12.2083903    2.1866147  -10.28474504\n    7.67112265]]", "nfev": "245", "njev": "35", "status": "0", "success": "True", "message": "Optimization terminated successfully.", "x": "[2.78204502 2.81928616 1.43535021 4.9964962  1.23202171 5.5793685 ]", "nit": "33", "callback": [0.5778198451390308, 0.5720202872218865, 0.5655039967588025, 0.5542657050138353, 0.5324361349689193, 0.5113007393802776, 0.49662191350322116, 0.46922155525064013, 0.42281605843807135, 0.39818153407272094, 0.3844442149734464, 0.37420288590370965, 0.3589843949979866, 0.3501611166548222, 0.3447512363807207, 0.33550855279912994, 0.3214758833456849, 0.3158305709717155, 0.3090946535433837, 0.3042960830292225, 0.30220559598004115, 0.3018765239966149, 0.30180107064332085, 0.3017079169880018, 0.301578759259446, 0.3013656336092607, 0.3010393624850243, 0.30079358746225426, 0.300755546213045, 0.300752834289984, 0.3007520828735649, 0.30075197750411586, 0.300751975889072]}, "2": {"maxiter": 100, "gtol": 1e-05, "xrtol": 1e-10, "eps": 1e-05, "duration": 0.07065176963806152, "fun": "0.30075197549370236", "jac": "[ 7.35755901e-07  1.70052861e-07  3.76032538e-08 -1.73711046e-06\n -6.01230177e-07 -5.95956617e-07]", "hess_inv": "[[  8.9026306   -6.44893485 -14.32245878  -2.57706672  12.65949248\n   -4.97479696]\n [ -6.44893485  38.97945209  48.80603143   3.72577885 -17.3585779\n    6.85514286]\n [-14.32245878  48.80603143  74.89678889   7.19853427 -36.387614\n   12.79667373]\n [ -2.57706672   3.72577885   7.19853427   4.4793348   -5.13703495\n    2.20954537]\n [ 12.65949248 -17.3585779  -36.387614    -5.13703495  29.00914985\n  -10.37774428]\n [ -4.97479696   6.85514286  12.79667373   2.20954537 -10.37774428\n    7.69087594]]", "nfev": "245", "njev": "35", "status": "0", "success": "True", "message": "Optimization terminated successfully.", "x": "[2.78202176 2.81937745 1.43546518 4.9965158  1.23198102 5.57939217]", "nit": "33", "callback": [0.5778203117185413, 0.5720204368296931, 0.5655041886320418, 0.5542665448807035, 0.5324376127267635, 0.5112975769857684, 0.4966176220344327, 0.4692141122912109, 0.42280555742755954, 0.3981687308145644, 0.3844416118771119, 0.3741945390200455, 0.35897392829117136, 0.35016002922412914, 0.3447430605643502, 0.33549183331452936, 0.32145784435563496, 0.31580891867858973, 0.30906924525116264, 0.30425975323706, 0.3022000548531699, 0.3018749680759618, 0.301799892611057, 0.30170647274055606, 0.3015767831573819, 0.3013628885454158, 0.3010360333792923, 0.3007926165834527, 0.30075540840681514, 0.3007527317467782, 0.30075208811414456, 0.3007519781569191, 0.30075197549370236]}, "3": {"maxiter": 100, "gtol": 1e-05, "xrtol": 1e-10, "eps": 1e-10, "duration": 0.07021594047546387, "fun": "0.300751975889072", "jac": "[ 2.22044587e-06 -1.11022293e-06 -2.22044587e-06 -4.44089173e-06\n -2.22044587e-06 -2.22044587e-06]", "hess_inv": "[[  8.93647285  -5.83799483 -13.69483147  -2.55002996  12.60593504\n   -4.9664453 ]\n [ -5.83799483  36.38799355  45.30221729   3.31730307 -15.9696331\n    6.30771157]\n [-13.69483147  45.30221729  70.37293637   6.73743449 -34.83191703\n   12.2083903 ]\n [ -2.55002996   3.31730307   6.73743449   4.44339364  -5.04525729\n    2.1866147 ]\n [ 12.60593504 -15.9696331  -34.83191703  -5.04525729  28.70772529\n  -10.28474504]\n [ -4.9664453    6.30771157  12.2083903    2.1866147  -10.28474504\n    7.67112265]]", "nfev": "245", "njev": "35", "status": "0", "success": "True", "message": "Optimization terminated successfully.", "x": "[2.78204502 2.81928616 1.43535021 4.9964962  1.23202171 5.5793685 ]", "nit": "33", "callback": [0.5778198451390308, 0.5720202872218865, 0.5655039967588025, 0.5542657050138353, 0.5324361349689193, 0.5113007393802776, 0.49662191350322116, 0.46922155525064013, 0.42281605843807135, 0.39818153407272094, 0.3844442149734464, 0.37420288590370965, 0.3589843949979866, 0.3501611166548222, 0.3447512363807207, 0.33550855279912994, 0.3214758833456849, 0.3158305709717155, 0.3090946535433837, 0.3042960830292225, 0.30220559598004115, 0.3018765239966149, 0.30180107064332085, 0.3017079169880018, 0.301578759259446, 0.3013656336092607, 0.3010393624850243, 0.30079358746225426, 0.300755546213045, 0.300752834289984, 0.3007520828735649, 0.30075197750411586, 0.300751975889072]}, "4": {"maxiter": 100, "gtol": 1e-10, "xrtol": 1e-05, "eps": 1e-05, "duration": 0.07574605941772461, "fun": "0.30075197548819865", "jac": "[ 8.68749517e-08 -8.63531469e-08  9.80993065e-08 -1.69875225e-07\n -2.25264252e-08  4.32986980e-09]", "hess_inv": "[[  9.01623514  -6.43708572 -14.42540734  -2.74082015  12.79772005\n   -5.11469019]\n [ -6.43708572  38.79371998  48.39615353   3.71842754 -17.15663888\n    6.74128297]\n [-14.42540734  48.39615353  74.13799444   7.3676961  -36.11255376\n   12.71152557]\n [ -2.74082015   3.71842754   7.3676961    4.71486836  -5.34603808\n    2.41635743]\n [ 12.79772005 -17.15663888 -36.11255376  -5.34603808  28.98926032\n  -10.44839565]\n [ -5.11469019   6.74128297  12.71152557   2.41635743 -10.44839565\n    7.81043541]]", "nfev": "252", "njev": "36", "status": "0", "success": "True", "message": "Optimization terminated successfully.", "x": "[2.78201664 2.81937393 1.43546344 4.99652332 1.2319778  5.57939688]", "nit": "34", "callback": [0.5778203117185413, 0.5720204368296931, 0.5655041886320418, 0.5542665448807035, 0.5324376127267635, 0.5112975769857684, 0.4966176220344327, 0.4692141122912109, 0.42280555742755954, 0.3981687308145644, 0.3844416118771119, 0.3741945390200455, 0.35897392829117136, 0.35016002922412914, 0.3447430605643502, 0.33549183331452936, 0.32145784435563496, 0.31580891867858973, 0.30906924525116264, 0.30425975323706, 0.3022000548531699, 0.3018749680759618, 0.301799892611057, 0.30170647274055606, 0.3015767831573819, 0.3013628885454158, 0.3010360333792923, 0.3007926165834527, 0.30075540840681514, 0.3007527317467782, 0.30075208811414456, 0.3007519781569191, 0.30075197549370236, 0.30075197548819865]}, "5": {"maxiter": 100, "gtol": 1e-10, "xrtol": 1e-05, "eps": 1e-10, "duration": 0.08102083206176758, "fun": "0.30075197578341095", "jac": "[ 2.22044587e-06 -9.99200639e-06  6.66133760e-06  6.66133760e-06\n  2.22044587e-06  6.66133760e-06]", "hess_inv": "[[  7.25465431  -3.66241936  -9.76752207  -2.37041953   9.69966059\n   -4.19330602]\n [ -3.66241936  38.39731346  46.87093985   5.98493169 -13.62306456\n    7.71489051]\n [ -9.76752207  46.87093985  69.35545393   9.16120979 -29.46980991\n   12.67943857]\n [ -2.37041953   5.98493169   9.16120979   4.85105567  -4.98758486\n    2.36287504]\n [  9.69966059 -13.62306456 -29.46980991  -4.98758486  23.82892433\n   -9.11520542]\n [ -4.19330602   7.71489051  12.67943857   2.36287504  -9.11520542\n    7.44436075]]", "nfev": "259", "njev": "37", "status": "0", "success": "True", "message": "Optimization terminated successfully.", "x": "[2.78197532 2.81949991 1.4356886  4.99658396 1.23186234 5.57946766]", "nit": "35", "callback": [0.5778198451390308, 0.5720202872218865, 0.5655039967588025, 0.5542657050138353, 0.5324361349689193, 0.5113007393802776, 0.49662191350322116, 0.46922155525064013, 0.42281605843807135, 0.39818153407272094, 0.3844442149734464, 0.37420288590370965, 0.3589843949979866, 0.3501611166548222, 0.3447512363807207, 0.33550855279912994, 0.3214758833456849, 0.3158305709717155, 0.3090946535433837, 0.3042960830292225, 0.30220559598004115, 0.3018765239966149, 0.30180107064332085, 0.3017079169880018, 0.301578759259446, 0.3013656336092607, 0.3010393624850243, 0.30079358746225426, 0.300755546213045, 0.300752834289984, 0.3007520828735649, 0.30075197750411586, 0.300751975889072, 0.3007519758548657, 0.30075197578341095]}, "6": {"maxiter": 100, "gtol": 1e-10, "xrtol": 1e-10, "eps": 1e-05, "duration": 0.13499808311462402, "fun": "0.30075197548819865", "jac": "[ 8.68749517e-08 -8.63531469e-08  9.80993065e-08 -1.69875225e-07\n -2.25264252e-08  4.32986980e-09]", "hess_inv": "[[  8.94510131  -6.3139269  -14.01609921  -2.75430697  12.51360407\n   -5.00303355]\n [ -6.3139269   38.9970081   48.73660162   3.45579686 -17.24364226\n    6.65957447]\n [-14.01609921  48.73660162  74.42525505   6.72498599 -35.93586742\n   12.35016453]\n [ -2.75430697   3.45579686   6.72498599   4.90866454  -5.00242752\n    2.3608963 ]\n [ 12.51360407 -17.24364226 -35.93586742  -5.00242752  28.65908757\n  -10.15755158]\n [ -5.00303355   6.65957447  12.35016453   2.3608963  -10.15755158\n    7.66507817]]", "nfev": "460", "njev": "64", "status": "2", "success": "False", "message": "Desired error not necessarily achieved due to precision loss.", "x": "[2.78201664 2.81937393 1.43546344 4.99652332 1.2319778  5.57939688]", "nit": "34", "callback": [0.5778203117185413, 0.5720204368296931, 0.5655041886320418, 0.5542665448807035, 0.5324376127267635, 0.5112975769857684, 0.4966176220344327, 0.4692141122912109, 0.42280555742755954, 0.3981687308145644, 0.3844416118771119, 0.3741945390200455, 0.35897392829117136, 0.35016002922412914, 0.3447430605643502, 0.33549183331452936, 0.32145784435563496, 0.31580891867858973, 0.30906924525116264, 0.30425975323706, 0.3022000548531699, 0.3018749680759618, 0.301799892611057, 0.30170647274055606, 0.3015767831573819, 0.3013628885454158, 0.3010360333792923, 0.3007926165834527, 0.30075540840681514, 0.3007527317467782, 0.30075208811414456, 0.3007519781569191, 0.30075197549370236, 0.30075197548819865]}, "7": {"maxiter": 100, "gtol": 1e-10, "xrtol": 1e-10, "eps": 1e-10, "duration": 0.12691092491149902, "fun": "0.300751975442748", "jac": "[-1.11022293e-06 -4.44089173e-06  2.22044587e-06 -1.11022293e-06\n  0.00000000e+00  3.33066880e-06]", "hess_inv": "[[11.82386795 -4.81675903 -1.16422065 -4.47863443  7.03342217 -0.86303752]\n [-4.81675903  2.94314559  1.48718822  2.16429112 -3.54416066  0.55609315]\n [-1.16422065  1.48718822  4.38889882  3.09840006 -2.83475456 -0.3889122 ]\n [-4.47863443  2.16429112  3.09840006  3.70983253 -4.25257823  0.04275482]\n [ 7.03342217 -3.54416066 -2.83475456 -4.25257823  5.88453621 -0.55998196]\n [-0.86303752  0.55609315 -0.3889122   0.04275482 -0.55998196  1.77239857]]", "nfev": "406", "njev": "58", "status": "0", "success": "True", "message": "Optimization terminated successfully.", "x": "[2.78198491 2.81951805 1.43567836 4.99654543 1.23188604 5.57943856]", "nit": "42", "callback": [0.5778198451390308, 0.5720202872218865, 0.5655039967588025, 0.5542657050138353, 0.5324361349689193, 0.5113007393802776, 0.49662191350322116, 0.46922155525064013, 0.42281605843807135, 0.39818153407272094, 0.3844442149734464, 0.37420288590370965, 0.3589843949979866, 0.3501611166548222, 0.3447512363807207, 0.33550855279912994, 0.3214758833456849, 0.3158305709717155, 0.3090946535433837, 0.3042960830292225, 0.30220559598004115, 0.3018765239966149, 0.30180107064332085, 0.3017079169880018, 0.301578759259446, 0.3013656336092607, 0.3010393624850243, 0.30079358746225426, 0.300755546213045, 0.300752834289984, 0.3007520828735649, 0.30075197750411586, 0.300751975889072, 0.3007519758548657, 0.30075197578341095, 0.30075197565254674, 0.3007519754929371, 0.3007519754569836, 0.30075197545696675, 0.3007519754452779, 0.3007519754427481, 0.300751975442748]}, "8": {"maxiter": 500, "gtol": 1e-05, "xrtol": 1e-05, "eps": 1e-05, "duration": 0.06517505645751953, "fun": "0.30075197549370236", "jac": "[ 7.35755901e-07  1.70052861e-07  3.76032538e-08 -1.73711046e-06\n -6.01230177e-07 -5.95956617e-07]", "hess_inv": "[[  8.9026306   -6.44893485 -14.32245878  -2.57706672  12.65949248\n   -4.97479696]\n [ -6.44893485  38.97945209  48.80603143   3.72577885 -17.3585779\n    6.85514286]\n [-14.32245878  48.80603143  74.89678889   7.19853427 -36.387614\n   12.79667373]\n [ -2.57706672   3.72577885   7.19853427   4.4793348   -5.13703495\n    2.20954537]\n [ 12.65949248 -17.3585779  -36.387614    -5.13703495  29.00914985\n  -10.37774428]\n [ -4.97479696   6.85514286  12.79667373   2.20954537 -10.37774428\n    7.69087594]]", "nfev": "245", "njev": "35", "status": "0", "success": "True", "message": "Optimization terminated successfully.", "x": "[2.78202176 2.81937745 1.43546518 4.9965158  1.23198102 5.57939217]", "nit": "33", "callback": [0.5778203117185413, 0.5720204368296931, 0.5655041886320418, 0.5542665448807035, 0.5324376127267635, 0.5112975769857684, 0.4966176220344327, 0.4692141122912109, 0.42280555742755954, 0.3981687308145644, 0.3844416118771119, 0.3741945390200455, 0.35897392829117136, 0.35016002922412914, 0.3447430605643502, 0.33549183331452936, 0.32145784435563496, 0.31580891867858973, 0.30906924525116264, 0.30425975323706, 0.3022000548531699, 0.3018749680759618, 0.301799892611057, 0.30170647274055606, 0.3015767831573819, 0.3013628885454158, 0.3010360333792923, 0.3007926165834527, 0.30075540840681514, 0.3007527317467782, 0.30075208811414456, 0.3007519781569191, 0.30075197549370236]}, "9": {"maxiter": 500, "gtol": 1e-05, "xrtol": 1e-05, "eps": 1e-10, "duration": 0.0722799301147461, "fun": "0.300751975889072", "jac": "[ 2.22044587e-06 -1.11022293e-06 -2.22044587e-06 -4.44089173e-06\n -2.22044587e-06 -2.22044587e-06]", "hess_inv": "[[  8.93647285  -5.83799483 -13.69483147  -2.55002996  12.60593504\n   -4.9664453 ]\n [ -5.83799483  36.38799355  45.30221729   3.31730307 -15.9696331\n    6.30771157]\n [-13.69483147  45.30221729  70.37293637   6.73743449 -34.83191703\n   12.2083903 ]\n [ -2.55002996   3.31730307   6.73743449   4.44339364  -5.04525729\n    2.1866147 ]\n [ 12.60593504 -15.9696331  -34.83191703  -5.04525729  28.70772529\n  -10.28474504]\n [ -4.9664453    6.30771157  12.2083903    2.1866147  -10.28474504\n    7.67112265]]", "nfev": "245", "njev": "35", "status": "0", "success": "True", "message": "Optimization terminated successfully.", "x": "[2.78204502 2.81928616 1.43535021 4.9964962  1.23202171 5.5793685 ]", "nit": "33", "callback": [0.5778198451390308, 0.5720202872218865, 0.5655039967588025, 0.5542657050138353, 0.5324361349689193, 0.5113007393802776, 0.49662191350322116, 0.4692215552506