{"date": "2024/09/24/, 17:05:33", "conf_id": 2, "data_type": "random\n", "num_data_points": 1, "s_rank": 0, "unitary": "[[0.18663085-0.53122324j,-0.11886349-0.70040876j,0.28555095-0.02789305j,-0.12262021-0.2844587j],[-0.16702216+0.27758472j,0.27526351-0.29738586j,-0.01109314+0.22495461j,-0.77239203+0.28900673j],[0.61935415+0.12301792j,-0.31269928-0.03315917j,-0.61902762-0.19039079j,-0.27120731-0.0968989j],[0.42341754+0.0023929j,-0.05847358+0.47832119j,0.64900495-0.16218422j,-0.37182676-0.05229966j]]", "databatch_0": {"databatch": "[[[-0.1875805+0.30741893j,-0.11333682+0.12206049j,-0.07120492-0.20203254j,-0.2769391+0.17236235j],[-0.06182243-0.2550768j,-0.00452656-0.12130828j,0.14082712+0.0673847j,0.05383348-0.23155632j],[0.17541693+0.31435694j,0.05055329+0.15864003j,-0.21085522-0.03730237j,0.01394107+0.32577055j],[-0.30092933+0.00151583j,-0.13653631-0.02703087j,0.11242157-0.13929522j,-0.24410221-0.12129706j]]]", "initial param values": "[5.93703964,4.16270204,5.35969294,5.25741322,3.57202947,5.9378698]", "nelder_mead": {"type": "gradient-free", "0": {"maxiter": 100, "fatol": 1e-05, "xatol": 1e-05, "duration": 0.027811765670776367, "fun": "0.029621296047127155", "nit": "100", "nfev": "156", "status": "2", "success": "False", "message": "Maximum number of iterations has been exceeded.", "x": "[7.59660886 4.82028852 4.86986987 5.84249383 3.24783883 6.22334076]", "final_simplex": "(array([[7.59660886, 4.82028852, 4.86986987, 5.84249383, 3.24783883,\n        6.22334076],\n       [7.61860594, 4.76525514, 4.84630206, 5.93497331, 3.18359654,\n        6.32729471],\n       [7.58737018, 4.81145226, 4.86697608, 5.83031162, 3.24892743,\n        6.210823  ],\n       [7.58935397, 4.79695167, 4.82527489, 5.87243254, 3.27439397,\n        6.26395446],\n       [7.59338999, 4.81618945, 4.85010253, 5.78498179, 3.31431785,\n        6.18633798],\n       [7.56361487, 4.79820796, 4.84694032, 5.84487068, 3.27901117,\n        6.2014904 ],\n       [7.54159668, 4.7897019 , 4.90829607, 5.87093242, 3.2093531 ,\n        6.28525118]]), array([0.0296213 , 0.02974361, 0.03012361, 0.03042435, 0.03047855,\n       0.03064853, 0.0308266 ]))", "callback": [0.31948492367634507, 0.22833678140937197, 0.22833678140937197, 0.08375576690974385, 0.047565110045092895, 0.041116861395018134, 0.036223838622662874, 0.034814640656993245, 0.03195385855857813, 0.030478548604810918]}, "1": {"maxiter": 100, "fatol": 1e-05, "xatol": 1e-10, "duration": 0.030171871185302734, "fun": "0.029621296047127155", "nit": "100", "nfev": "156", "status": "2", "success": "False", "message": "Maximum number of iterations has been exceeded.", "x": "[7.59660886 4.82028852 4.86986987 5.84249383 3.24783883 6.22334076]", "final_simplex": "(array([[7.59660886, 4.82028852, 4.86986987, 5.84249383, 3.24783883,\n        6.22334076],\n       [7.61860594, 4.76525514, 4.84630206, 5.93497331, 3.18359654,\n        6.32729471],\n       [7.58737018, 4.81145226, 4.86697608, 5.83031162, 3.24892743,\n        6.210823  ],\n       [7.58935397, 4.79695167, 4.82527489, 5.87243254, 3.27439397,\n        6.26395446],\n       [7.59338999, 4.81618945, 4.85010253, 5.78498179, 3.31431785,\n        6.18633798],\n       [7.56361487, 4.79820796, 4.84694032, 5.84487068, 3.27901117,\n        6.2014904 ],\n       [7.54159668, 4.7897019 , 4.90829607, 5.87093242, 3.2093531 ,\n        6.28525118]]), array([0.0296213 , 0.02974361, 0.03012361, 0.03042435, 0.03047855,\n       0.03064853, 0.0308266 ]))", "callback": [0.31948492367634507, 0.22833678140937197, 0.22833678140937197, 0.08375576690974385, 0.047565110045092895, 0.041116861395018134, 0.036223838622662874, 0.034814640656993245, 0.03195385855857813, 0.030478548604810918]}, "2": {"maxiter": 100, "fatol": 1e-10, "xatol": 1e-05, "duration": 0.027815818786621094, "fun": "0.029621296047127155", "nit": "100", "nfev": "156", "status": "2", "success": "False", "message": "Maximum number of iterations has been exceeded.", "x": "[7.59660886 4.82028852 4.86986987 5.84249383 3.24783883 6.22334076]", "final_simplex": "(array([[7.59660886, 4.82028852, 4.86986987, 5.84249383, 3.24783883,\n        6.22334076],\n       [7.61860594, 4.76525514, 4.84630206, 5.93497331, 3.18359654,\n        6.32729471],\n       [7.58737018, 4.81145226, 4.86697608, 5.83031162, 3.24892743,\n        6.210823  ],\n       [7.58935397, 4.79695167, 4.82527489, 5.87243254, 3.27439397,\n        6.26395446],\n       [7.59338999, 4.81618945, 4.85010253, 5.78498179, 3.31431785,\n        6.18633798],\n       [7.56361487, 4.79820796, 4.84694032, 5.84487068, 3.27901117,\n        6.2014904 ],\n       [7.54159668, 4.7897019 , 4.90829607, 5.87093242, 3.2093531 ,\n        6.28525118]]), array([0.0296213 , 0.02974361, 0.03012361, 0.03042435, 0.03047855,\n       0.03064853, 0.0308266 ]))", "callback": [0.31948492367634507, 0.22833678140937197, 0.22833678140937197, 0.08375576690974385, 0.047565110045092895, 0.041116861395018134, 0.036223838622662874, 0.034814640656993245, 0.03195385855857813, 0.030478548604810918]}, "3": {"maxiter": 100, "fatol": 1e-10, "xatol": 1e-10, "duration": 0.028239965438842773, "fun": "0.029621296047127155", "nit": "100", "nfev": "156", "status": "2", "success": "False", "message": "Maximum number of iterations has been exceeded.", "x": "[7.59660886 4.82028852 4.86986987 5.84249383 3.24783883 6.22334076]", "final_simplex": "(array([[7.59660886, 4.82028852, 4.86986987, 5.84249383, 3.24783883,\n        6.22334076],\n       [7.61860594, 4.76525514, 4.84630206, 5.93497331, 3.18359654,\n        6.32729471],\n       [7.58737018, 4.81145226, 4.86697608, 5.83031162, 3.24892743,\n        6.210823  ],\n       [7.58935397, 4.79695167, 4.82527489, 5.87243254, 3.27439397,\n        6.26395446],\n       [7.59338999, 4.81618945, 4.85010253, 5.78498179, 3.31431785,\n        6.18633798],\n       [7.56361487, 4.79820796, 4.84694032, 5.84487068, 3.27901117,\n        6.2014904 ],\n       [7.54159668, 4.7897019 , 4.90829607, 5.87093242, 3.2093531 ,\n        6.28525118]]), array([0.0296213 , 0.02974361, 0.03012361, 0.03042435, 0.03047855,\n       0.03064853, 0.0308266 ]))", "callback": [0.31948492367634507, 0.22833678140937197, 0.22833678140937197, 0.08375576690974385, 0.047565110045092895, 0.041116861395018134, 0.036223838622662874, 0.034814640656993245, 0.03195385855857813, 0.030478548604810918]}, "4": {"maxiter": 500, "fatol": 1e-05, "xatol": 1e-05, "duration": 0.09804821014404297, "fun": "0.025952760384534423", "nit": "334", "nfev": "546", "status": "0", "success": "True", "message": "Optimization terminated successfully.", "x": "[7.39851235 5.30060076 4.67184602 5.79961273 3.32281755 6.17697148]", "final_simplex": "(array([[7.39851235, 5.30060076, 4.67184602, 5.79961273, 3.32281755,\n        6.17697148],\n       [7.39851139, 5.30060305, 4.67184487, 5.79961098, 3.32281949,\n        6.17696917],\n       [7.39850948, 5.30060893, 4.67184196, 5.79960641, 3.32282484,\n        6.17696344],\n       [7.39850998, 5.30060788, 4.67184245, 5.79960749, 3.3228234 ,\n        6.17696492],\n       [7.39851025, 5.30060714, 4.67184264, 5.79960782, 3.32282313,\n        6.17696531],\n       [7.39851133, 5.30060413, 4.67184432, 5.79960949, 3.32282123,\n        6.17696731],\n       [7.39851278, 5.3005997 , 4.67184656, 5.79961385, 3.32281667,\n        6.17697259]]), array([0.02595276, 0.02595276, 0.02595276, 0.02595276, 0.02595276,\n       0.02595276, 0.02595276]))", "callback": [0.31948492367634507, 0.22833678140937197, 0.22833678140937197, 0.08375576690974385, 0.047565110045092895, 0.041116861395018134, 0.036223838622662874, 0.034814640656993245, 0.03195385855857813, 0.030478548604810918, 0.029204214130812756, 0.028588982926724626, 0.02843094964851023, 0.028341728672635957, 0.028056744473601958, 0.02759273537916651, 0.026936476487191108, 0.026449764612646032, 0.026065792418450195, 0.026033296388307425, 0.02596582351104304, 0.02595753197625128, 0.025952954870595346, 0.025952815019550268, 0.02595280112611653, 0.025952765391554, 0.02595276171919636, 0.025952760615665982, 0.025952760414603704, 0.025952760403130215, 0.02595276038652161, 0.02595276038485239, 0.025952760384564177, 0.025952760384536977]}, "5": {"maxiter": 500, "fatol": 1e-05, "xatol": 1e-10, "duration": 0.12708687782287598, "fun": "0.025952760384526874", "nit": "399", "nfev": "730", "status": "0", "success": "True", "message": "Optimization terminated successfully.", "x": "[7.39851081 5.30060522 4.67184377 5.79960934 3.32282144 6.17696716]", "final_simplex": "(array([[7.39851081, 5.30060522, 4.67184377, 5.79960934, 3.32282144,\n        6.17696716],\n       [7.39851081, 5.30060522, 4.67184377, 5.79960934, 3.32282144,\n        6.17696716],\n       [7.39851081, 5.30060522, 4.67184377, 5.79960934, 3.32282144,\n        6.17696716],\n       [7.39851081, 5.30060522, 4.67184377, 5.79960934, 3.32282144,\n        6.17696716],\n       [7.39851081, 5.30060522, 4.67184377, 5.79960934, 3.32282144,\n        6.17696716],\n       [7.39851081, 5.30060522, 4.67184377, 5.79960934, 3.32282144,\n        6.17696716],\n       [7.39851081, 5.30060522, 4.67184377, 5.79960934, 3.32282144,\n        6.17696716]]), array([0.02595276, 0.02595276, 0.02595276, 0.02595276, 0.02595276,\n       0.02595276, 0.02595276]))", "callback": [0.31948492367634507, 0.22833678140937197, 0.22833678140937197, 0.08375576690974385, 0.047565110045092895, 0.041116861395018134, 0.036223838622662874, 0.034814640656993245, 0.03195385855857813, 0.030478548604810918, 0.029204214130812756, 0.028588982926724626, 0.02843094964851023, 0.028341728672635957, 0.028056744473601958, 0.02759273537916651, 0.026936476487191108, 0.026449764612646032, 0.026065792418450195, 0.026033296388307425, 0.02596582351104304, 0.02595753197625128, 0.025952954870595346, 0.025952815019550268, 0.02595280112611653, 0.025952765391554, 0.02595276171919636, 0.025952760615665982, 0.025952760414603704, 0.025952760403130215, 0.02595276038652161, 0.02595276038485239, 0.025952760384564177, 0.025952760384536977, 0.025952760384528095, 0.025952760384527096, 0.025952760384526874, 0.025952760384526874, 0.025952760384526874, 0.025952760384526874]}, "6": {"maxiter": 500, "fatol": 1e-10, "xatol": 1e-05, "duration": 0.09466695785522461, "fun": "0.025952760384534423", "nit": "334", "nfev": "546", "status": "0", "success": "True", "message": "Optimization terminated successfully.", "x": "[7.39851235 5.30060076 4.67184602 5.79961273 3.32281755 6.17697148]", "final_simplex": "(array([[7.39851235, 5.30060076, 4.67184602, 5.79961273, 3.32281755,\n        6.17697148],\n       [7.39851139, 5.30060305, 4.67184487, 5.79961098, 3.32281949,\n        6.17696917],\n       [7.39850948, 5.30060893, 4.67184196, 5.79960641, 3.32282484,\n        6.17696344],\n       [7.39850998, 5.30060788, 4.67184245, 5.79960749, 3.3228234 ,\n        6.17696492],\n       [7.39851025, 5.30060714, 4.67184264, 5.79960782, 3.32282313,\n        6.17696531],\n       [7.39851133, 5.30060413, 4.67184432, 5.79960949, 3.32282123,\n        6.17696731],\n       [7.39851278, 5.3005997 , 4.67184656, 5.79961385, 3.32281667,\n        6.17697259]]), array([0.02595276, 0.02595276, 0.02595276, 0.02595276, 0.02595276,\n       0.02595276, 0.02595276]))", "callback": [0.31948492367634507, 0.22833678140937197, 0.22833678140937197, 0.08375576690974385, 0.047565110045092895, 0.041116861395018134, 0.036223838622662874, 0.034814640656993245, 0.03195385855857813, 0.030478548604810918, 0.029204214130812756, 0.028588982926724626, 0.02843094964851023, 0.028341728672635957, 0.028056744473601958, 0.02759273537916651, 0.026936476487191108, 0.026449764612646032, 0.026065792418450195, 0.026033296388307425, 0.02596582351104304, 0.02595753197625128, 0.025952954870595346, 0.025952815019550268, 0.02595280112611653, 0.025952765391554, 0.02595276171919636, 0.025952760615665982, 0.025952760414603704, 0.025952760403130215, 0.02595276038652161, 0.02595276038485239, 0.025952760384564177, 0.025952760384536977]}, "7": {"maxiter": 500, "fatol": 1e-10, "xatol": 1e-10, "duration": 0.12545990943908691, "fun": "0.025952760384526874", "nit": "399", "nfev": "730", "status": "0", "success": "True", "message": "Optimization terminated successfully.", "x": "[7.39851081 5.30060522 4.67184377 5.79960934 3.32282144 6.17696716]", "final_simplex": "(array([[7.39851081, 5.30060522, 4.67184377, 5.79960934, 3.32282144,\n        6.17696716],\n       [7.39851081, 5.30060522, 4.67184377, 5.79960934, 3.32282144,\n        6.17696716],\n       [7.39851081, 5.30060522, 4.67184377, 5.79960934, 3.32282144,\n        6.17696716],\n       [7.39851081, 5.30060522, 4.67184377, 5.79960934, 3.32282144,\n        6.17696716],\n       [7.39851081, 5.30060522, 4.67184377, 5.79960934, 3.32282144,\n        6.17696716],\n       [7.39851081, 5.30060522, 4.67184377, 5.79960934, 3.32282144,\n        6.17696716],\n       [7.39851081, 5.30060522, 4.67184377, 5.79960934, 3.32282144,\n        6.17696716]]), array([0.02595276, 0.02595276, 0.02595276, 0.02595276, 0.02595276,\n       0.02595276, 0.02595276]))", "callback": [0.31948492367634507, 0.22833678140937197, 0.22833678140937197, 0.08375576690974385, 0.047565110045092895, 0.041116861395018134, 0.036223838622662874, 0.034814640656993245, 0.03195385855857813, 0.030478548604810918, 0.029204214130812756, 0.028588982926724626, 0.02843094964851023, 0.028341728672635957, 0.028056744473601958, 0.02759273537916651, 0.026936476487191108, 0.026449764612646032, 0.026065792418450195, 0.026033296388307425, 0.02596582351104304, 0.02595753197625128, 0.025952954870595346, 0.025952815019550268, 0.02595280112611653, 0.025952765391554, 0.02595276171919636, 0.025952760615665982, 0.025952760414603704, 0.025952760403130215, 0.02595276038652161, 0.02595276038485239, 0.025952760384564177, 0.025952760384536977, 0.025952760384528095, 0.025952760384527096, 0.025952760384526874, 0.025952760384526874, 0.025952760384526874, 0.025952760384526874]}, "8": {"maxiter": 1000, "fatol": 1e-05, "xatol": 1e-05, "duration": 0.09754204750061035, "fun": "0.025952760384534423", "nit": "334", "nfev": "546", "status": "0", "success": "True", "message": "Optimization terminated successfully.", "x": "[7.39851235 5.30060076 4.67184602 5.79961273 3.32281755 6.17697148]", "final_simplex": "(array([[7.39851235, 5.30060076, 4.67184602, 5.79961273, 3.32281755,\n        6.17697148],\n       [7.39851139, 5.30060305, 4.67184487, 5.79961098, 3.32281949,\n        6.17696917],\n       [7.39850948, 5.30060893, 4.67184196, 5.79960641, 3.32282484,\n        6.17696344],\n       [7.39850998, 5.30060788, 4.67184245, 5.79960749, 3.3228234 ,\n        6.17696492],\n       [7.39851025, 5.30060714, 4.67184264, 5.79960782, 3.32282313,\n        6.17696531],\n       [7.39851133, 5.30060413, 4.67184432, 5.79960949, 3.32282123,\n        6.17696731],\n       [7.39851278, 5.3005997 , 4.67184656, 5.79961385, 3.32281667,\n        6.17697259]]), array([0.02595276, 0.02595276, 0.02595276, 0.02595276, 0.02595276,\n       0.02595276, 0.02595276]))", "callback": [0.31948492367634507, 0.22833678140937197, 0.22833678140937197, 0.08375576690974385, 0.047565110045092895, 0.041116861395018134, 0.036223838622662874, 0.034814640656993245, 0.03195385855857813, 0.030478548604810918, 0.029204214130812756, 0.028588982926724626, 0.02843094964851023, 0.028341728672635957, 0.028056744473601958, 0.02759273537916651, 0.026936476487191108, 0.026449764612646032, 0.026065792418450195, 0.026033296388307425, 0.02596582351104304, 0.02595753197625128, 0.025952954870595346, 0.025952815019550268, 0.02595280112611653, 0.025952765391554, 0.02595276171919636, 0.025952760615665982, 0.025952760414603704, 0.025952760403130215, 0.02595276038652161, 0.02595276038485239, 0.025952760384564177, 0.025952760384536977]}, "9": {"maxiter": 1000, "fatol": 1e-05, "xatol": 1e-10, "duration": 0.12737202644348145, "fun": "0.025952760384526874", "nit": "399", "nfev": "730", "status": "0", "success": "True", "message": "Optimization terminated successfully.", "x": "[7.39851081 5.30060522 4.67184377 5.79960934 3.32282144 6.17696716]", "final_simplex": "(array([[7.39851081, 5.30060522, 4.67184377, 5.79960934, 3.32282144,\n        6.17696716],\n       [7.39851081, 5.30060522, 4.67184377, 5.79960934, 3.32282144,\n        6.17696716],\n       [7.39851081, 5.30060522, 4.67184377, 5.79960934, 3.32282144,\n        6.17696716],\n       [7.39851081, 5.30060522, 4.67184377, 5.79960934, 3.32282144,\n        6.17696716],\n       [7.39851081, 5.30060522, 4.67184377, 5.79960934, 3.32282144,\n        6.17696716],\n       [7.39851081, 5.30060522, 4.67184377, 5.79960934, 3.32282144,\n        6.17696716],\n       [7.39851081, 5.30060522, 4.67184377, 5.79960934, 3.32282144,\n        6.17696716]]), array([0.02595276, 0.02595276, 0.02595276, 0.02595276, 0.02595276,\n       0.02595276, 0.02595276]))", "callback": [0.31948492367634507, 0.22833678140937197, 0.22833678140937197, 0.08375576690974385, 0.047565110045092895, 0.041116861395018134, 0.036223838622662874, 0.034814640656993245, 0.03195385855857813, 0.030478548604810918, 0.029204214130812756, 0.028588982926724626, 0.02843094964851023, 0.028341728672635957, 0.028056744473601958, 0.02759273537916651, 0.026936476487191108, 0.026449764612646032, 0.026065792418450195, 0.026033296388307425, 0.02596582351104304, 0.02595753197625128, 0.025952954870595346, 0.025952815019550268, 0.02595280112611653, 0.025952765391554, 0.02595276171919636, 0.025952760615665982, 0.025952760414603704, 0.025952760403130215, 0.02595276038652161, 0.02595276038485239, 0.025952760384564177, 0.025952760384536977, 0.025952760384528095, 0.025952760384527096, 0.025952760384526874, 0.025952760384526874, 0.025952760384526874, 0.025952760384526874]}, "10": {"maxiter": 1000, "fatol": 1e-10, "xatol": 1e-05, "duration": 0.09496808052062988, "fun": "0.025952760384534423", "nit": "334", "nfev": "546", "status": "0", "success": "True", "message": "Optimization terminated successfully.", "x": "[7.39851235 5.30060076 4.67184602 5.79961273 3.32281755 6.17697148]", "final_simplex": "(array([[7.39851235, 5.30060076, 4.67184602, 5.79961273, 3.32281755,\n        6.17697148],\n       [7.39851139, 5.30060305, 4.67184487, 5.79961098, 3.32281949,\n        6.17696917],\n       [7.39850948, 5.30060893, 4.67184196, 5.79960641, 3.32282484,\n        6.17696344],\n       [7.39850998, 5.30060788, 4.67184245, 5.79960749, 3.3228234 ,\n        6.17696492],\n       [7.39851025, 5.30060714, 4.67184264, 5.79960782, 3.32282313,\n        6.17696531],\n       [7.39851133, 5.30060413, 4.67184432, 5.79960949, 3.32282123,\n        6.17696731],\n       [7.39851278, 5.3005997 , 4.67184656, 5.79961385, 3.32281667,\n        6.17697259]]), array([0.02595276, 0.02595276, 0.02595276, 0.02595276, 0.02595276,\n       0.02595276, 0.02595276]))", "callback": [0.31948492367634507, 0.22833678140937197, 0.22833678140937197, 0.08375576690974385, 0.047565110045092895, 0.041116861395018134, 0.036223838622662874, 0.034814640656993245, 0.03195385855857813, 0.030478548604810918, 0.029204214130812756, 0.028588982926724626, 0.02843094964851023, 0.028341728672635957, 0.028056744473601958, 0.02759273537916651, 0.026936476487191108, 0.026449764612646032, 0.026065792418450195, 0.026033296388307425, 0.02596582351104304, 0.02595753197625128, 0.025952954870595346, 0.025952815019550268, 0.02595280112611653, 0.025952765391554, 0.02595276171919636, 0.025952760615665982, 0.025952760414603704, 0.025952760403130215, 0.02595276038652161, 0.02595276038485239, 0.025952760384564177, 0.025952760384536977]}, "11": {"maxiter": 1000, "fatol": 1e-10, "xatol": 1e-10, "duration": 0.1276416778564453, "fun": "0.025952760384526874", "nit": "399", "nfev": "730", "status": "0", "success": "True", "message": "Optimization terminated successfully.", "x": "[7.39851081 5.30060522 4.67184377 5.79960934 3.32282144 6.17696716]", "final_simplex": "(array([[7.39851081, 5.30060522, 4.67184377, 5.79960934, 3.32282144,\n        6.17696716],\n       [7.39851081, 5.30060522, 4.67184377, 5.79960934, 3.32282144,\n        6.17696716],\n       [7.39851081, 5.30060522, 4.67184377, 5.79960934, 3.32282144,\n        6.17696716],\n       [7.39851081, 5.30060522, 4.67184377, 5.79960934, 3.32282144,\n        6.17696716],\n       [7.39851081, 5.30060522, 4.67184377, 5.79960934, 3.32282144,\n        6.17696716],\n       [7.39851081, 5.30060522, 4.67184377, 5.79960934, 3.32282144,\n        6.17696716],\n       [7.39851081, 5.30060522, 4.67184377, 5.79960934, 3.32282144,\n        6.17696716]]), array([0.02595276, 0.02595276, 0.02595276, 0.02595276, 0.02595276,\n       0.02595276, 0.02595276]))", "callback": [0.31948492367634507, 0.22833678140937197, 0.22833678140937197, 0.08375576690974385, 0.047565110045092895, 0.041116861395018134, 0.036223838622662874, 0.034814640656993245, 0.03195385855857813, 0.030478548604810918, 0.029204214130812756, 0.028588982926724626, 0.02843094964851023, 0.028341728672635957, 0.028056744473601958, 0.02759273537916651, 0.026936476487191108, 0.026449764612646032, 0.026065792418450195, 0.026033296388307425, 0.02596582351104304, 0.02595753197625128, 0.025952954870595346, 0.025952815019550268, 0.02595280112611653, 0.025952765391554, 0.02595276171919636, 0.025952760615665982, 0.025952760414603704, 0.025952760403130215, 0.02595276038652161, 0.02595276038485239, 0.025952760384564177, 0.025952760384536977, 0.025952760384528095, 0.025952760384527096, 0.025952760384526874, 0.025952760384526874, 0.025952760384526874, 0.025952760384526874]}}, "bfgs": {"type": "gradient", "0": {"maxiter": 100, "gtol": 1e-05, "xrtol": 1e-05, "eps": 1e-05, "duration": 0.04030275344848633, "fun": "0.025952760402419894", "jac": "[ 1.36148870e-06  5.99520433e-08  1.17070798e-06  5.36648503e-07\n -3.28470584e-07 -7.74225128e-07]", "hess_inv": "[[  6.34351433   7.68595193  -2.71420326  -0.18440465  -8.43197157\n    8.009013  ]\n [  7.68595193  17.46821401  -6.25076938  -1.05897402 -11.39587654\n   11.73512358]\n [ -2.71420326  -6.25076938   4.36306335  -0.11265361   5.03874111\n   -5.30374279]\n [ -0.18440465  -1.05897402  -0.11265361   2.9485884    0.13138137\n   -0.29078455]\n [ -8.43197157 -11.39587654   5.03874111   0.13138137  12.93839629\n  -11.2195458 ]\n [  8.009013    11.73512358  -5.30374279  -0.29078455 -11.2195458\n   11.68391192]]", "nfev": "224", "njev": "32", "status": "0", "success": "True", "message": "Optimization terminated successfully.", "x": "[5.05364087 1.88857411 7.9334427  6.57527735 5.95620876 3.5758961 ]", "nit": "28", "callback": [0.26216859058185427, 0.23454840423776435, 0.2311868853200849, 0.23006256810299808, 0.22854516365598498, 0.22057197137446227, 0.2042738006936936, 0.19249307214550027, 0.1865530287288859, 0.17552220541713415, 0.15495537833291007, 0.11919290296380192, 0.06953303866004634, 0.04536172462476884, 0.03578703015657836, 0.03194145755950539, 0.03080669716679796, 0.028821522551762957, 0.026618738016511823, 0.02628455948747721, 0.026077408948972147, 0.026024430870660642, 0.025960220668915346, 0.02595353325936589, 0.02595285810505521, 0.02595276694163129, 0.025952760680237885, 0.025952760402419894]}, "1": {"maxiter": 100, "gtol": 1e-05, "xrtol": 1e-05, "eps": 1e-10, "duration": 0.03815102577209473, "fun": "0.025952760667854236", "jac": "[-4.44089173e-06  6.66133760e-06  8.88178346e-06  0.00000000e+00\n -8.88178346e-06 -8.88178346e-06]", "hess_inv": "[[  6.39153111   7.79881589  -2.75537739  -0.19496824  -8.49316244\n    8.07948013]\n [  7.79881589  17.4434982   -6.48952222  -0.86653379 -11.44071444\n   12.06236049]\n [ -2.75537739  -6.48952222   4.56437424  -0.03511759   5.1943874\n   -5.45612578]\n [ -0.19496824  -0.86653379  -0.03511759   2.82012838   0.0661009\n   -0.40061807]\n [ -8.49316244 -11.44071444   5.1943874    0.0661009   12.99021455\n  -11.40216664]\n [  8.07948013  12.06236049  -5.45612578  -0.40061807 -11.40216664\n   11.82471577]]", "nfev": "217", "njev": "31", "status": "0", "success": "True", "message": "Optimization terminated successfully.", "x": "[5.05366331 1.88864258 7.93344225 6.57527603 5.956206   3.57588559]", "nit": "27", "callback": [0.26216881418009486, 0.23454877272190588, 0.23118695278687085, 0.23006258404358992, 0.22854501333959099, 0.22056814172921801, 0.2042534897240713, 0.19249304531805345, 0.18655624550471317, 0.17553482457845582, 0.15498752466729082, 0.1192669410171292, 0.0697020194628607, 0.04562371308787028, 0.035996819754187115, 0.03208550474407468, 0.030936874428445282, 0.02891946085648789, 0.026636844877849786, 0.026291326036257168, 0.026081222323784736, 0.026027006447046253, 0.025960651037751803, 0.025953529348467952, 0.02595286763980653, 0.02595276585118178, 0.025952760667854236]}, "2": {"maxiter": 100, "gtol": 1e-05, "xrtol": 1e-10, "eps": 1e-05, "duration": 0.03993797302246094, "fun": "0.025952760402419894", "jac": "[ 1.36148870e-06  5.99520433e-08  1.17070798e-06  5.36648503e-07\n -3.28470584e-07 -7.74225128e-07]", "hess_inv": "[[  6.34351433   7.68595193  -2.71420326  -0.18440465  -8.43197157\n    8.009013  ]\n [  7.68595193  17.46821401  -6.25076938  -1.05897402 -11.39587654\n   11.73512358]\n [ -2.71420326  -6.25076938   4.36306335  -0.11265361   5.03874111\n   -5.30374279]\n [ -0.18440465  -1.05897402  -0.11265361   2.9485884    0.13138137\n   -0.29078455]\n [ -8.43197157 -11.39587654   5.03874111   0.13138137  12.93839629\n  -11.2195458 ]\n [  8.009013    11.73512358  -5.30374279  -0.29078455 -11.2195458\n   11.68391192]]", "nfev": "224", "njev": "32", "status": "0", "success": "True", "message": "Optimization terminated successfully.", "x": "[5.05364087 1.88857411 7.9334427  6.57527735 5.95620876 3.5758961 ]", "nit": "28", "callback": [0.26216859058185427, 0.23454840423776435, 0.2311868853200849, 0.23006256810299808, 0.22854516365598498, 0.22057197137446227, 0.2042738006936936, 0.19249307214550027, 0.1865530287288859, 0.17552220541713415, 0.15495537833291007, 0.11919290296380192, 0.06953303866004634, 0.04536172462476884, 0.03578703015657836, 0.03194145755950539, 0.03080669716679796, 0.028821522551762957, 0.026618738016511823, 0.02628455948747721, 0.026077408948972147, 0.026024430870660642, 0.025960220668915346, 0.02595353325936589, 0.02595285810505521, 0.02595276694163129, 0.025952760680237885, 0.025952760402419894]}, "3": {"maxiter": 100, "gtol": 1e-05, "xrtol": 1e-10, "eps": 1e-10, "duration": 0.03856611251831055, "fun": "0.025952760667854236", "jac": "[-4.44089173e-06  6.66133760e-06  8.88178346e-06  0.00000000e+00\n -8.88178346e-06 -8.88178346e-06]", "hess_inv": "[[  6.39153111   7.79881589  -2.75537739  -0.19496824  -8.49316244\n    8.07948013]\n [  7.79881589  17.4434982   -6.48952222  -0.86653379 -11.44071444\n   12.06236049]\n [ -2.75537739  -6.48952222   4.56437424  -0.03511759   5.1943874\n   -5.45612578]\n [ -0.19496824  -0.86653379  -0.03511759   2.82012838   0.0661009\n   -0.40061807]\n [ -8.49316244 -11.44071444   5.1943874    0.0661009   12.99021455\n  -11.40216664]\n [  8.07948013  12.06236049  -5.45612578  -0.40061807 -11.40216664\n   11.82471577]]", "nfev": "217", "njev": "31", "status": "0", "success": "True", "message": "Optimization terminated successfully.", "x": "[5.05366331 1.88864258 7.93344225 6.57527603 5.956206   3.57588559]", "nit": "27", "callback": [0.26216881418009486, 0.23454877272190588, 0.23118695278687085, 0.23006258404358992, 0.22854501333959099, 0.22056814172921801, 0.2042534897240713, 0.19249304531805345, 0.18655624550471317, 0.17553482457845582, 0.15498752466729082, 0.1192669410171292, 0.0697020194628607, 0.04562371308787028, 0.035996819754187115, 0.03208550474407468, 0.030936874428445282, 0.02891946085648789, 0.026636844877849786, 0.026291326036257168, 0.026081222323784736, 0.026027006447046253, 0.025960651037751803, 0.025953529348467952, 0.02595286763980653, 0.02595276585118178, 0.025952760667854236]}, "4": {"maxiter": 100, "gtol": 1e-10, "xrtol": 1e-05, "eps": 1e-05, "duration": 0.039795875549316406, "fun": "0.025952760402419894", "jac": "[ 1.36148870e-06  5.99520433e-08  1.17070798e-06  5.36648503e-07\n -3.28470584e-07 -7.74225128e-07]", "hess_inv": "[[  6.34351433   7.68595193  -2.71420326  -0.18440465  -8.43197157\n    8.009013  ]\n [  7.68595193  17.46821401  -6.25076938  -1.05897402 -11.39587654\n   11.73512358]\n [ -2.71420326  -6.25076938   4.36306335  -0.11265361   5.03874111\n   -5.30374279]\n [ -0.18440465  -1.05897402  -0.11265361   2.9485884    0.13138137\n   -0.29078455]\n [ -8.43197157 -11.39587654   5.03874111   0.13138137  12.93839629\n  -11.2195458 ]\n [  8.009013    11.73512358  -5.30374279  -0.29078455 -11.2195458\n   11.68391192]]", "nfev": "224", "njev": "32", "status": "0", "success": "True", "message": "Optimization terminated successfully.", "x": "[5.05364087 1.88857411 7.9334427  6.57527735 5.95620876 3.5758961 ]", "nit": "28", "callback": [0.26216859058185427, 0.23454840423776435, 0.2311868853200849, 0.23006256810299808, 0.22854516365598498, 0.22057197137446227, 0.2042738006936936, 0.19249307214550027, 0.1865530287288859, 0.17552220541713415, 0.15495537833291007, 0.11919290296380192, 0.06953303866004634, 0.04536172462476884, 0.03578703015657836, 0.03194145755950539, 0.03080669716679796, 0.028821522551762957, 0.026618738016511823, 0.02628455948747721, 0.026077408948972147, 0.026024430870660642, 0.025960220668915346, 0.02595353325936589, 0.02595285810505521, 0.02595276694163129, 0.025952760680237885, 0.025952760402419894]}, "5": {"maxiter": 100, "gtol": 1e-10, "xrtol": 1e-05, "eps": 1e-10, "duration": 0.039743900299072266, "fun": "0.025952760395938523", "jac": "[-3.33066880e-06 -1.11022293e-06 -1.11022293e-06 -5.55111466e-06\n  0.00000000e+00 -3.33066880e-06]", "hess_inv": "[[  6.39797956   7.85312657  -2.68747131  -0.19188129  -8.50228453\n    8.03240799]\n [  7.85312657  17.82614822  -6.18071693  -0.89493913 -11.55633012\n   11.85572712]\n [ -2.68747131  -6.18071693   4.35353956  -0.19406162   4.96183401\n   -5.28383382]\n [ -0.19188129  -0.89493913  -0.19406162   2.78202024   0.03351193\n   -0.28503349]\n [ -8.50228453 -11.55633012   4.96183401   0.03351193  12.98299834\n  -11.23710814]\n [  8.03240799  11.85572712  -5.28383382  -0.28503349 -11.23710814\n   11.68642396]]", "nfev": "224", "njev": "32", "status": "0", "success": "True", "message": "Optimization terminated successfully.", "x": "[5.05365911 1.88861626 7.93342996 6.57528063 5.95621666 3.5758932 ]", "nit": "28", "callback": [0.26216881418009486, 0.23454877272190588, 0.23118695278687085, 0.23006258404358992, 0.22854501333959099, 0.22056814172921801, 0.2042534897240713, 0.19249304531805345, 0.18655624550471317, 0.17553482457845582, 0.15498752466729082, 0.1192669410171292, 0.0697020194628607, 0.04562371308787028, 0.035996819754187115, 0.03208550474407468, 0.030936874428445282, 0.02891946085648789, 0.026636844877849786, 0.026291326036257168, 0.026081222323784736, 0.026027006447046253, 0.025960651037751803, 0.025953529348467952, 0.02595286763980653, 0.02595276585118178, 0.025952760667854236, 0.025952760395938523]}, "6": {"maxiter": 100, "gtol": 1e-10, "xrtol": 1e-10, "eps": 1e-05, "duration": 0.09192204475402832, "fun": "0.02595276040233041", "jac": "[ 1.16875398e-06  3.99902333e-08  8.26361202e-07  3.99791311e-07\n -2.06390460e-07 -6.72017997e-07]", "hess_inv": "[[  5.86327745   7.53845465  -2.90904186  -0.43095757  -7.91431834\n    7.62305979]\n [  7.53845465  17.94146706  -6.92272181  -1.10940761 -11.42543832\n   12.16048359]\n [ -2.90904186  -6.92272181   4.92993261  -0.20758494   5.47381658\n   -6.02707472]\n [ -0.43095757  -1.10940761  -0.20758494   2.80724395   0.38719343\n   -0.49720757]\n [ -7.91431834 -11.42543832   5.47381658   0.38719343  12.44625063\n  -11.00051879]\n [  7.62305979  12.16048359  -6.02707472  -0.49720757 -11.00051879\n   11.86633946]]", "nfev": "508", "njev": "71", "status": "2", "success": "False", "message": "Desired error not necessarily achieved due to precision loss.", "x": "[5.05364047 1.88857469 7.93344178 6.57527714 5.95620898 3.57589639]", "nit": "30", "callback": [0.26216859058185427, 0.23454840423776435, 0.2311868853200849, 0.23006256810299808, 0.22854516365598498, 0.22057197137446227, 0.2042738006936936, 0.19249307214550027, 0.1865530287288859, 0.17552220541713415, 0.15495537833291007, 0.11919290296380192, 0.06953303866004634, 0.04536172462476884, 0.03578703015657836, 0.03194145755950539, 0.03080669716679796, 0.028821522551762957, 0.026618738016511823, 0.02628455948747721, 0.026077408948972147, 0.026024430870660642, 0.025960220668915346, 0.02595353325936589, 0.02595285810505521, 0.02595276694163129, 0.025952760680237885, 0.025952760402419894, 0.025952760402416564, 0.02595276040233041]}, "7": {"maxiter": 100, "gtol": 1e-10, "xrtol": 1e-10, "eps": 1e-10, "duration": 0.06416916847229004, "fun": "0.02595276039260619", "jac": "[0. 0. 0. 0. 0. 0.]", "hess_inv": "[[ 0.4482591  -1.42698774 -1.86734267  1.62999887  0.33344727  0.01542339]\n [-1.42698774  5.22353357  6.98273973 -6.13978985 -1.25978452 -0.11923202]\n [-1.86734267  6.98273973  9.39322179 -8.26103337 -1.6958868  -0.16233179]\n [ 1.62999887 -6.13978985 -8.26103337  7.27000075  1.49143112  0.14906202]\n [ 0.33344727 -1.25978452 -1.6958868   1.49143112  0.31195766  0.0271814 ]\n [ 0.01542339 -0.11923202 -0.16233179  0.14906202  0.0271814   0.01501133]]", "nfev": "357", "njev": "51", "status": "0", "success": "True", "message": "Optimization terminated successfully.", "x": "[5.05365982 1.88861484 7.9334279  6.57528241 5.95621677 3.5758936 ]", "nit": "36", "callback": [0.26216881418009486, 0.23454877272190588, 0.23118695278687085, 0.23006258404358992, 0.22854501333959099, 0.22056814172921801, 0.2042534897240713, 0.19249304531805345, 0.18655624550471317, 0.17553482457845582, 0.15498752466729082, 0.1192669410171292, 0.0697020194628607, 0.04562371308787028, 0.035996819754187115, 0.03208550474407468, 0.030936874428445282, 0.02891946085648789, 0.026636844877849786, 0.026291326036257168, 0.026081222323784736, 0.026027006447046253, 0.025960651037751803, 0.025953529348467952, 0.02595286763980653, 0.02595276585118178, 0.025952760667854236, 0.025952760395938523, 0.025952760395921426, 0.025952760395903773, 0.025952760395796304, 0.025952760395721808, 0.025952760395660857, 0.025952760395576813, 0.025952760395176355, 0.02595276039260619]}, "8": {"maxiter": 500, "gtol": 1e-05, "xrtol": 1e-05, "eps": 1e-05, "duration": 0.04138779640197754, "fun": "0.025952760402419894", "jac": "[ 1.36148870e-06  5.99520433e-08  1.17070798e-06  5.36648503e-07\n -3.28470584e-07 -7.74225128e-07]", "hess_inv": "[[  6.34351433   7.68595193  -2.71420326  -0.18440465  -8.43197157\n    8.009013  ]\n [  7.68595193  17.46821401  -6.25076938  -1.05897402 -11.39587654\n   11.73512358]\n [ -2.71420326  -6.25076938   4.36306335  -0.11265361   5.03874111\n   -5.30374279]\n [ -0.18440465  -1.05897402  -0.11265361   2.9485884    0.13138137\n   -0.29078455]\n [ -8.43197157 -11.39587654   5.03874111   0.13138137  12.93839629\n  -11.2195458 ]\n [  8.009013    11.73512358  -5.30374279  -0.29078455 -11.2195458\n   11.68391192]]", "nfev": "224", "njev": "32", "status": "0", "success": "True", "message": "Optimization terminated successfully.", "x": "[5.05364087 1.88857411 7.9334427  6.57527735 5.95620876 3.5758961 ]", "nit": "28", "callback": [0.26216859058185427, 0.23454840423776435, 0.2311868853200849, 0.23006256810299808, 0.22854516365598498, 0.22057197137446227, 0.2042738006936936, 0.19249307214550027, 0.1865530287288859, 0.17552220541713415, 0.15495537833291007, 0.11919290296380192, 0.06953303866004634, 0.04536172462476884, 0.03578703015657836, 0.03194145755950539, 0.03080669716679796, 0.028821522551762957, 0.026618738016511823, 0.02628455948747721, 0.026077408948972147, 0.026024430870660642, 0.025960220668915346, 0.02595353325936589, 0.02595285810505521, 0.02595276694163129, 0.025952760680237885, 0.025952760402419894]}, "9": {"maxiter": 500, "gtol": 1e-05, "xrtol": 1e-05, "eps": 1e-10, "duration": 0.04047107696533203, "fun": "0.025952760667854236", "jac": "[-4.44089173e-06  6.66133760e-06  8.88178346e-06  0.00000000e+00\n -8.88178346e-06 -8.88178346e-06]", "hess_inv": "[[  6.39153111   7.79881589  -2.75537739  -0.19496824  -8.49316244\n    8.07948013]\n [  7.79881589  17.4434982   -6.48952222  -0.86653379 -11.44071444\n   12.06236049]\n [ -2.75537739  -6.48952222   4.56437424  -0.03511759   5.1943874\n   -5.45612578]\n [ -0.19496824  -0.86653379  -0.03511759   2.82012838   0.0661009\n   -0.40061807]\n [ -8.49316244 -11.44071444   5.1943874    0.0661009   12.99021455\n  -11.40216664]\n [  8.07948013  12.06236049  -5.45612578  -0.40061807 -11.40216664\n   11.82471577]]", "nfev": "217", "njev": "31", "status": "0", "success": "True", "message": "Optimization terminated successfully.", "x": "[5.05366331 1.88864258 7.93344225 6.57527603 5.956206   3.57588559]", "nit": "27", "callback": [0.26216881418009486, 0.23454877272190588, 0.23118695278687085, 0.23006258404358992, 0.22854501333959099, 0.22056814172921801, 0.2042534897240713, 0.19249304531805345, 0.18655624550471317, 0.17553482457845582, 0.15498752466729082, 0.1192669410171292, 0.0697020194628607, 0.04562371308787028, 0.035996819754187115, 0.03208550474407468, 0.030936874428445282, 0.02891946085648789, 0.026636844877849786, 0.026291326036257168, 0.026081222323784736, 0.026027006447046253, 0.025960651037751803, 0.025953529348467952, 0.02595286763980653, 0.02595276585118178, 0.025952760667854236]}, "10": {"maxiter": 500, "gtol": 1e-05, "xrtol": 1e-10, "eps": 1e-05, "duration": 0.04205679893493652, "fun": "0.025952760402419894", "jac": "[ 1.36148870e-06  5.99520433e-08  1.17070798e-06  5.36648503e-07\n -3.28470584e-07 -7.74225128e-07]", "hess_inv": "[[  6.34351433   7.68595193  -2.71420326  -0.18440465  -8.43197157\n    8.009013  ]\n [  7.68595193  17.46821401  -6.25076938  -1.05897402 -11.39587654\n   11.73512358]\n [ -2.71420326  -6.25076938   4.36306335  -0.11265361   5.03874111\n   -5.30374279]\n [ -0.18440465  -1.05897402  -0.11265361   2.9485884    0.13138137\n   -0.29078455]\n [ -8.43197157 -11.39587654   5.03874111   0.13138137  12.93839629\n  -11.2195458 ]\n [  8.009013    11.73512358  -5.30374279  -0.29078455 -11.2195458\n   11.68391192]]", "nfev": "224", "njev": "32", "status": "0", "success": "True", "message": "Optimization terminated successfully.", "x": "[5.05364087 1.88857411 7.9334427  6.57527735 5.95620876 3.5758961 ]", "nit": "28", "callback": [0.26216859058185427, 0.23454840423776435, 0.2311868853200849, 0.23006256810299808, 0.22854516365598498, 0.22057197137446227, 0.2042738006936936, 0.19249307214550027, 0.1865530287288859, 0.17552220541713415, 0.15495537833291007, 0.11919290296380192, 0.06953303866004634, 0.04536172462476884, 0.03578703015657836, 0.03194145755950539, 0.03080669716679796, 0.028821522551762957, 0.026618738016511823, 0.02628455948747721, 0.026077408948972147, 0.026024430870660642, 0.025960220668915346, 0.02595353325936589, 0.02595285810505521, 0.02595276694163129, 0.025952760680237885, 0.025952760402419894]}, "11": {"maxiter": 500, "gtol": 1e-05, "xrtol": 1e-10, "eps": 1e-10, "duration": 0.04149508476257324, "fun": "0.025952760667854236", "jac": "[-4.44089173e-06  6.66133760e-06  8.88178346e-06  0.00000000e+00\n -8.88178346e-06 -8.88178346e-06]", "hess_inv": "[[  6.39153111   7.79881589  -2.75537739  -0.19496824  -8.49316244\n    8.07948013]\n [  7.79881589  17.4434982   -6.48952222  -0.86653379 -11.44071444\n   12.06236049]\n [ -2.75537739  -6.48952222   4.56437424  -0.03511759   5.1943874\n   -5.45612578]\n [ -0.19496824  -0.86653379  -0.03511759   2.82012838   0.0661009\n   -0.40061807]\n [ -8.49316244 -11.44071444   5.1943874    0.0661009   12.99021455\n  -11.40216664]\n [  8.07948013  12.06236049  -5.45612578  -0.40061807 -11.40216664\n   11.82471577]]", "nfev": "217", "njev": "31", "status": "0", "success": "True", "message": "Optimization terminated successfully.", "x": "[5.05366331 1.88864258 7.93344225 6.57527603 5.956206   3.57588559]", "nit": "27", "callback": [0.26216881418009486, 0.23454877272190588, 0.23118695278687085, 0.23006258404358992, 0.22854501333959099, 0.22056814172921801, 0.2042534897240713, 0.19249304531805345, 0.18655624550471317, 0.17553482457845582, 0.15498752466729082