{"date": "2024/10/08/, 19:51:07", "conf_id": 25, "data_type": "random\n", "num_data_points": 2, "s_rank": 0, "unitary": "[[-0.45070455-0.02711853j,0.78437395-0.06613086j,0.06358678+0.19963393j,-0.07343613+0.35668523j],[-0.01890143-0.03813363j,0.32408202+0.25557629j,0.05872864-0.68979805j,0.55466693-0.20227297j],[-0.11215405+0.64023111j,-0.13344055+0.29565494j,-0.49012687-0.19046288j,-0.04241254+0.44046348j],[0.55771659+0.24656916j,0.31851997-0.05798805j,0.28761525-0.34294258j,-0.56718418+0.03616933j]]", "databatch_0": {"databatch": "[[[-0.12778013-0.43886437j,-0.08094243-0.23253382j,0.15326139-0.16396138j,-0.07043013+0.0266035j],[0.17638663+0.00410025j,0.04793947+0.05065442j,-0.07075337+0.00193461j,-0.04839257-0.06368894j],[-0.32482096+0.06899533j,-0.06007311-0.03644456j,0.07580858+0.06894052j,0.09073027+0.13867266j],[0.19067832-0.12476006j,-0.19319213-0.14024552j,0.1467408-0.51843189j,0.01202126-0.27289738j]],[[0.04132262+0.04107102j,0.05508871-0.05433065j,-0.01387878+0.07497709j,0.07132992+0.04414447j],[0.01112669+0.02504513j,0.01750795+0.0015736j,-0.01702596+0.01411888j,0.01149121+0.0223104j],[0.02736504-0.2267915j,-0.25284014-0.02612563j,0.2318194-0.12362916j,-0.03986633-0.29346972j],[0.38238345+0.01969608j,0.05293426-0.39166783j,0.19593269+0.37129883j,0.46679111-0.07141285j]]]", "initial param values": "[3.34871278,5.10535,1.55883694,2.47130923,4.8216941,2.73773064]", "nelder_mead": {"type": "gradient-free", "0": {"maxiter": 100, "fatol": 1e-05, "xatol": 1e-05, "duration": 0.044603824615478516, "fun": "0.25361600686240515", "nit": "100", "nfev": "158", "status": "2", "success": "False", "message": "Maximum number of iterations has been exceeded.", "x": "[ 4.97849394  4.55733289 -1.08582987  2.10491327  5.43951574  4.53683823]", "final_simplex": "(array([[ 4.97849394,  4.55733289, -1.08582987,  2.10491327,  5.43951574,\n         4.53683823],\n       [ 4.91339371,  4.6933165 , -1.23323908,  2.02067714,  5.32764469,\n         4.78478213],\n       [ 4.9288788 ,  4.84667455, -1.1810061 ,  1.99541562,  5.32054925,\n         4.686146  ],\n       [ 5.10676698,  4.75131761, -1.08591787,  1.94607254,  5.36355073,\n         4.62196196],\n       [ 4.95409376,  4.76878683, -0.9198338 ,  2.01786055,  5.28062581,\n         4.5711918 ],\n       [ 4.90684603,  4.81138718, -1.05215689,  1.97740955,  5.38377102,\n         4.68047822],\n       [ 5.06957392,  4.78208292, -1.0808044 ,  2.02057605,  5.35946512,\n         4.63083304]]), array([0.25361601, 0.25796473, 0.25806022, 0.26164295, 0.2675594 ,\n       0.2676346 , 0.2693847 ]))", "callback": [0.7334316240796322, 0.6782018942178119, 0.57767645170574, 0.36167952426157424, 0.33648129715955344, 0.3265198235479714, 0.3017176338582912, 0.286051906393197, 0.28346085576787294, 0.2733033498040002]}, "1": {"maxiter": 100, "fatol": 1e-05, "xatol": 1e-10, "duration": 0.03613591194152832, "fun": "0.25361600686240515", "nit": "100", "nfev": "158", "status": "2", "success": "False", "message": "Maximum number of iterations has been exceeded.", "x": "[ 4.97849394  4.55733289 -1.08582987  2.10491327  5.43951574  4.53683823]", "final_simplex": "(array([[ 4.97849394,  4.55733289, -1.08582987,  2.10491327,  5.43951574,\n         4.53683823],\n       [ 4.91339371,  4.6933165 , -1.23323908,  2.02067714,  5.32764469,\n         4.78478213],\n       [ 4.9288788 ,  4.84667455, -1.1810061 ,  1.99541562,  5.32054925,\n         4.686146  ],\n       [ 5.10676698,  4.75131761, -1.08591787,  1.94607254,  5.36355073,\n         4.62196196],\n       [ 4.95409376,  4.76878683, -0.9198338 ,  2.01786055,  5.28062581,\n         4.5711918 ],\n       [ 4.90684603,  4.81138718, -1.05215689,  1.97740955,  5.38377102,\n         4.68047822],\n       [ 5.06957392,  4.78208292, -1.0808044 ,  2.02057605,  5.35946512,\n         4.63083304]]), array([0.25361601, 0.25796473, 0.25806022, 0.26164295, 0.2675594 ,\n       0.2676346 , 0.2693847 ]))", "callback": [0.7334316240796322, 0.6782018942178119, 0.57767645170574, 0.36167952426157424, 0.33648129715955344, 0.3265198235479714, 0.3017176338582912, 0.286051906393197, 0.28346085576787294, 0.2733033498040002]}, "2": {"maxiter": 100, "fatol": 1e-10, "xatol": 1e-05, "duration": 0.033299922943115234, "fun": "0.25361600686240515", "nit": "100", "nfev": "158", "status": "2", "success": "False", "message": "Maximum number of iterations has been exceeded.", "x": "[ 4.97849394  4.55733289 -1.08582987  2.10491327  5.43951574  4.53683823]", "final_simplex": "(array([[ 4.97849394,  4.55733289, -1.08582987,  2.10491327,  5.43951574,\n         4.53683823],\n       [ 4.91339371,  4.6933165 , -1.23323908,  2.02067714,  5.32764469,\n         4.78478213],\n       [ 4.9288788 ,  4.84667455, -1.1810061 ,  1.99541562,  5.32054925,\n         4.686146  ],\n       [ 5.10676698,  4.75131761, -1.08591787,  1.94607254,  5.36355073,\n         4.62196196],\n       [ 4.95409376,  4.76878683, -0.9198338 ,  2.01786055,  5.28062581,\n         4.5711918 ],\n       [ 4.90684603,  4.81138718, -1.05215689,  1.97740955,  5.38377102,\n         4.68047822],\n       [ 5.06957392,  4.78208292, -1.0808044 ,  2.02057605,  5.35946512,\n         4.63083304]]), array([0.25361601, 0.25796473, 0.25806022, 0.26164295, 0.2675594 ,\n       0.2676346 , 0.2693847 ]))", "callback": [0.7334316240796322, 0.6782018942178119, 0.57767645170574, 0.36167952426157424, 0.33648129715955344, 0.3265198235479714, 0.3017176338582912, 0.286051906393197, 0.28346085576787294, 0.2733033498040002]}, "3": {"maxiter": 100, "fatol": 1e-10, "xatol": 1e-10, "duration": 0.04051613807678223, "fun": "0.25361600686240515", "nit": "100", "nfev": "158", "status": "2", "success": "False", "message": "Maximum number of iterations has been exceeded.", "x": "[ 4.97849394  4.55733289 -1.08582987  2.10491327  5.43951574  4.53683823]", "final_simplex": "(array([[ 4.97849394,  4.55733289, -1.08582987,  2.10491327,  5.43951574,\n         4.53683823],\n       [ 4.91339371,  4.6933165 , -1.23323908,  2.02067714,  5.32764469,\n         4.78478213],\n       [ 4.9288788 ,  4.84667455, -1.1810061 ,  1.99541562,  5.32054925,\n         4.686146  ],\n       [ 5.10676698,  4.75131761, -1.08591787,  1.94607254,  5.36355073,\n         4.62196196],\n       [ 4.95409376,  4.76878683, -0.9198338 ,  2.01786055,  5.28062581,\n         4.5711918 ],\n       [ 4.90684603,  4.81138718, -1.05215689,  1.97740955,  5.38377102,\n         4.68047822],\n       [ 5.06957392,  4.78208292, -1.0808044 ,  2.02057605,  5.35946512,\n         4.63083304]]), array([0.25361601, 0.25796473, 0.25806022, 0.26164295, 0.2675594 ,\n       0.2676346 , 0.2693847 ]))", "callback": [0.7334316240796322, 0.6782018942178119, 0.57767645170574, 0.36167952426157424, 0.33648129715955344, 0.3265198235479714, 0.3017176338582912, 0.286051906393197, 0.28346085576787294, 0.2733033498040002]}, "4": {"maxiter": 500, "fatol": 1e-05, "xatol": 1e-05, "duration": 0.12711882591247559, "fun": "0.11256486358238549", "nit": "303", "nfev": "488", "status": "0", "success": "True", "message": "Optimization terminated successfully.", "x": "[ 4.99921659  4.60550177 -1.93110143  1.45706604  4.71158136  4.32101863]", "final_simplex": "(array([[ 4.99921659,  4.60550177, -1.93110143,  1.45706604,  4.71158136,\n         4.32101863],\n       [ 4.99921682,  4.60550238, -1.93111099,  1.45707013,  4.71158794,\n         4.32102019],\n       [ 4.99921869,  4.60550214, -1.93110573,  1.45707266,  4.711583  ,\n         4.32101645],\n       [ 4.99921851,  4.60549652, -1.93110577,  1.45706838,  4.71158723,\n         4.32101677],\n       [ 4.99921587,  4.60550094, -1.93110675,  1.45706913,  4.71159106,\n         4.32101502],\n       [ 4.99921917,  4.60550096, -1.9311075 ,  1.45707313,  4.71159068,\n         4.32102064],\n       [ 4.99921269,  4.60549813, -1.93109992,  1.45707328,  4.71158728,\n         4.32101499]]), array([0.11256486, 0.11256486, 0.11256486, 0.11256486, 0.11256486,\n       0.11256486, 0.11256486]))", "callback": [0.7334316240796322, 0.6782018942178119, 0.57767645170574, 0.36167952426157424, 0.33648129715955344, 0.3265198235479714, 0.3017176338582912, 0.286051906393197, 0.28346085576787294, 0.2733033498040002, 0.23470364888401063, 0.2078282265779049, 0.11890312529618974, 0.11562884531322215, 0.11338137854547825, 0.11271324114868575, 0.11264284322333884, 0.11259222107087663, 0.1125733396653511, 0.11256766886181646, 0.11256531744632037, 0.1125650573053818, 0.11256490489959536, 0.11256487833172146, 0.11256486960315626, 0.11256486454264492, 0.11256486437395608, 0.11256486380119535, 0.11256486371604546, 0.1125648636097405, 0.11256486358238549]}, "5": {"maxiter": 500, "fatol": 1e-05, "xatol": 1e-10, "duration": 0.17916512489318848, "fun": "0.11256486357777507", "nit": "426", "nfev": "728", "status": "0", "success": "True", "message": "Optimization terminated successfully.", "x": "[ 4.9992173   4.605505   -1.93110483  1.45706573  4.71158323  4.32101741]", "final_simplex": "(array([[ 4.9992173 ,  4.605505  , -1.93110483,  1.45706573,  4.71158323,\n         4.32101741],\n       [ 4.9992173 ,  4.605505  , -1.93110483,  1.45706573,  4.71158323,\n         4.32101741],\n       [ 4.9992173 ,  4.605505  , -1.93110483,  1.45706573,  4.71158323,\n         4.32101741],\n       [ 4.9992173 ,  4.605505  , -1.93110483,  1.45706573,  4.71158323,\n         4.32101741],\n       [ 4.9992173 ,  4.605505  , -1.93110483,  1.45706573,  4.71158323,\n         4.32101741],\n       [ 4.9992173 ,  4.605505  , -1.93110483,  1.45706573,  4.71158323,\n         4.32101741],\n       [ 4.9992173 ,  4.605505  , -1.93110483,  1.45706573,  4.71158323,\n         4.32101741]]), array([0.11256486, 0.11256486, 0.11256486, 0.11256486, 0.11256486,\n       0.11256486, 0.11256486]))", "callback": [0.7334316240796322, 0.6782018942178119, 0.57767645170574, 0.36167952426157424, 0.33648129715955344, 0.3265198235479714, 0.3017176338582912, 0.286051906393197, 0.28346085576787294, 0.2733033498040002, 0.23470364888401063, 0.2078282265779049, 0.11890312529618974, 0.11562884531322215, 0.11338137854547825, 0.11271324114868575, 0.11264284322333884, 0.11259222107087663, 0.1125733396653511, 0.11256766886181646, 0.11256531744632037, 0.1125650573053818, 0.11256490489959536, 0.11256487833172146, 0.11256486960315626, 0.11256486454264492, 0.11256486437395608, 0.11256486380119535, 0.11256486371604546, 0.1125648636097405, 0.11256486358238549, 0.1125648635791967, 0.11256486357846174, 0.11256486357789575, 0.11256486357782569, 0.11256486357779427, 0.11256486357778317, 0.1125648635777785, 0.11256486357777606, 0.1125648635777754, 0.11256486357777518, 0.11256486357777518, 0.11256486357777518]}, "6": {"maxiter": 500, "fatol": 1e-10, "xatol": 1e-05, "duration": 0.12261009216308594, "fun": "0.11256486358238549", "nit": "303", "nfev": "488", "status": "0", "success": "True", "message": "Optimization terminated successfully.", "x": "[ 4.99921659  4.60550177 -1.93110143  1.45706604  4.71158136  4.32101863]", "final_simplex": "(array([[ 4.99921659,  4.60550177, -1.93110143,  1.45706604,  4.71158136,\n         4.32101863],\n       [ 4.99921682,  4.60550238, -1.93111099,  1.45707013,  4.71158794,\n         4.32102019],\n       [ 4.99921869,  4.60550214, -1.93110573,  1.45707266,  4.711583  ,\n         4.32101645],\n       [ 4.99921851,  4.60549652, -1.93110577,  1.45706838,  4.71158723,\n         4.32101677],\n       [ 4.99921587,  4.60550094, -1.93110675,  1.45706913,  4.71159106,\n         4.32101502],\n       [ 4.99921917,  4.60550096, -1.9311075 ,  1.45707313,  4.71159068,\n         4.32102064],\n       [ 4.99921269,  4.60549813, -1.93109992,  1.45707328,  4.71158728,\n         4.32101499]]), array([0.11256486, 0.11256486, 0.11256486, 0.11256486, 0.11256486,\n       0.11256486, 0.11256486]))", "callback": [0.7334316240796322, 0.6782018942178119, 0.57767645170574, 0.36167952426157424, 0.33648129715955344, 0.3265198235479714, 0.3017176338582912, 0.286051906393197, 0.28346085576787294, 0.2733033498040002, 0.23470364888401063, 0.2078282265779049, 0.11890312529618974, 0.11562884531322215, 0.11338137854547825, 0.11271324114868575, 0.11264284322333884, 0.11259222107087663, 0.1125733396653511, 0.11256766886181646, 0.11256531744632037, 0.1125650573053818, 0.11256490489959536, 0.11256487833172146, 0.11256486960315626, 0.11256486454264492, 0.11256486437395608, 0.11256486380119535, 0.11256486371604546, 0.1125648636097405, 0.11256486358238549]}, "7": {"maxiter": 500, "fatol": 1e-10, "xatol": 1e-10, "duration": 0.1882011890411377, "fun": "0.11256486357777507", "nit": "426", "nfev": "728", "status": "0", "success": "True", "message": "Optimization terminated successfully.", "x": "[ 4.9992173   4.605505   -1.93110483  1.45706573  4.71158323  4.32101741]", "final_simplex": "(array([[ 4.9992173 ,  4.605505  , -1.93110483,  1.45706573,  4.71158323,\n         4.32101741],\n       [ 4.9992173 ,  4.605505  , -1.93110483,  1.45706573,  4.71158323,\n         4.32101741],\n       [ 4.9992173 ,  4.605505  , -1.93110483,  1.45706573,  4.71158323,\n         4.32101741],\n       [ 4.9992173 ,  4.605505  , -1.93110483,  1.45706573,  4.71158323,\n         4.32101741],\n       [ 4.9992173 ,  4.605505  , -1.93110483,  1.45706573,  4.71158323,\n         4.32101741],\n       [ 4.9992173 ,  4.605505  , -1.93110483,  1.45706573,  4.71158323,\n         4.32101741],\n       [ 4.9992173 ,  4.605505  , -1.93110483,  1.45706573,  4.71158323,\n         4.32101741]]), array([0.11256486, 0.11256486, 0.11256486, 0.11256486, 0.11256486,\n       0.11256486, 0.11256486]))", "callback": [0.7334316240796322, 0.6782018942178119, 0.57767645170574, 0.36167952426157424, 0.33648129715955344, 0.3265198235479714, 0.3017176338582912, 0.286051906393197, 0.28346085576787294, 0.2733033498040002, 0.23470364888401063, 0.2078282265779049, 0.11890312529618974, 0.11562884531322215, 0.11338137854547825, 0.11271324114868575, 0.11264284322333884, 0.11259222107087663, 0.1125733396653511, 0.11256766886181646, 0.11256531744632037, 0.1125650573053818, 0.11256490489959536, 0.11256487833172146, 0.11256486960315626, 0.11256486454264492, 0.11256486437395608, 0.11256486380119535, 0.11256486371604546, 0.1125648636097405, 0.11256486358238549, 0.1125648635791967, 0.11256486357846174, 0.11256486357789575, 0.11256486357782569, 0.11256486357779427, 0.11256486357778317, 0.1125648635777785, 0.11256486357777606, 0.1125648635777754, 0.11256486357777518, 0.11256486357777518, 0.11256486357777518]}, "8": {"maxiter": 1000, "fatol": 1e-05, "xatol": 1e-05, "duration": 0.13195013999938965, "fun": "0.11256486358238549", "nit": "303", "nfev": "488", "status": "0", "success": "True", "message": "Optimization terminated successfully.", "x": "[ 4.99921659  4.60550177 -1.93110143  1.45706604  4.71158136  4.32101863]", "final_simplex": "(array([[ 4.99921659,  4.60550177, -1.93110143,  1.45706604,  4.71158136,\n         4.32101863],\n       [ 4.99921682,  4.60550238, -1.93111099,  1.45707013,  4.71158794,\n         4.32102019],\n       [ 4.99921869,  4.60550214, -1.93110573,  1.45707266,  4.711583  ,\n         4.32101645],\n       [ 4.99921851,  4.60549652, -1.93110577,  1.45706838,  4.71158723,\n         4.32101677],\n       [ 4.99921587,  4.60550094, -1.93110675,  1.45706913,  4.71159106,\n         4.32101502],\n       [ 4.99921917,  4.60550096, -1.9311075 ,  1.45707313,  4.71159068,\n         4.32102064],\n       [ 4.99921269,  4.60549813, -1.93109992,  1.45707328,  4.71158728,\n         4.32101499]]), array([0.11256486, 0.11256486, 0.11256486, 0.11256486, 0.11256486,\n       0.11256486, 0.11256486]))", "callback": [0.7334316240796322, 0.6782018942178119, 0.57767645170574, 0.36167952426157424, 0.33648129715955344, 0.3265198235479714, 0.3017176338582912, 0.286051906393197, 0.28346085576787294, 0.2733033498040002, 0.23470364888401063, 0.2078282265779049, 0.11890312529618974, 0.11562884531322215, 0.11338137854547825, 0.11271324114868575, 0.11264284322333884, 0.11259222107087663, 0.1125733396653511, 0.11256766886181646, 0.11256531744632037, 0.1125650573053818, 0.11256490489959536, 0.11256487833172146, 0.11256486960315626, 0.11256486454264492, 0.11256486437395608, 0.11256486380119535, 0.11256486371604546, 0.1125648636097405, 0.11256486358238549]}, "9": {"maxiter": 1000, "fatol": 1e-05, "xatol": 1e-10, "duration": 0.20211029052734375, "fun": "0.11256486357777507", "nit": "426", "nfev": "728", "status": "0", "success": "True", "message": "Optimization terminated successfully.", "x": "[ 4.9992173   4.605505   -1.93110483  1.45706573  4.71158323  4.32101741]", "final_simplex": "(array([[ 4.9992173 ,  4.605505  , -1.93110483,  1.45706573,  4.71158323,\n         4.32101741],\n       [ 4.9992173 ,  4.605505  , -1.93110483,  1.45706573,  4.71158323,\n         4.32101741],\n       [ 4.9992173 ,  4.605505  , -1.93110483,  1.45706573,  4.71158323,\n         4.32101741],\n       [ 4.9992173 ,  4.605505  , -1.93110483,  1.45706573,  4.71158323,\n         4.32101741],\n       [ 4.9992173 ,  4.605505  , -1.93110483,  1.45706573,  4.71158323,\n         4.32101741],\n       [ 4.9992173 ,  4.605505  , -1.93110483,  1.45706573,  4.71158323,\n         4.32101741],\n       [ 4.9992173 ,  4.605505  , -1.93110483,  1.45706573,  4.71158323,\n         4.32101741]]), array([0.11256486, 0.11256486, 0.11256486, 0.11256486, 0.11256486,\n       0.11256486, 0.11256486]))", "callback": [0.7334316240796322, 0.6782018942178119, 0.57767645170574, 0.36167952426157424, 0.33648129715955344, 0.3265198235479714, 0.3017176338582912, 0.286051906393197, 0.28346085576787294, 0.2733033498040002, 0.23470364888401063, 0.2078282265779049, 0.11890312529618974, 0.11562884531322215, 0.11338137854547825, 0.11271324114868575, 0.11264284322333884, 0.11259222107087663, 0.1125733396653511, 0.11256766886181646, 0.11256531744632037, 0.1125650573053818, 0.11256490489959536, 0.11256487833172146, 0.11256486960315626, 0.11256486454264492, 0.11256486437395608, 0.11256486380119535, 0.11256486371604546, 0.1125648636097405, 0.11256486358238549, 0.1125648635791967, 0.11256486357846174, 0.11256486357789575, 0.11256486357782569, 0.11256486357779427, 0.11256486357778317, 0.1125648635777785, 0.11256486357777606, 0.1125648635777754, 0.11256486357777518, 0.11256486357777518, 0.11256486357777518]}, "10": {"maxiter": 1000, "fatol": 1e-10, "xatol": 1e-05, "duration": 0.12518882751464844, "fun": "0.11256486358238549", "nit": "303", "nfev": "488", "status": "0", "success": "True", "message": "Optimization terminated successfully.", "x": "[ 4.99921659  4.60550177 -1.93110143  1.45706604  4.71158136  4.32101863]", "final_simplex": "(array([[ 4.99921659,  4.60550177, -1.93110143,  1.45706604,  4.71158136,\n         4.32101863],\n       [ 4.99921682,  4.60550238, -1.93111099,  1.45707013,  4.71158794,\n         4.32102019],\n       [ 4.99921869,  4.60550214, -1.93110573,  1.45707266,  4.711583  ,\n         4.32101645],\n       [ 4.99921851,  4.60549652, -1.93110577,  1.45706838,  4.71158723,\n         4.32101677],\n       [ 4.99921587,  4.60550094, -1.93110675,  1.45706913,  4.71159106,\n         4.32101502],\n       [ 4.99921917,  4.60550096, -1.9311075 ,  1.45707313,  4.71159068,\n         4.32102064],\n       [ 4.99921269,  4.60549813, -1.93109992,  1.45707328,  4.71158728,\n         4.32101499]]), array([0.11256486, 0.11256486, 0.11256486, 0.11256486, 0.11256486,\n       0.11256486, 0.11256486]))", "callback": [0.7334316240796322, 0.6782018942178119, 0.57767645170574, 0.36167952426157424, 0.33648129715955344, 0.3265198235479714, 0.3017176338582912, 0.286051906393197, 0.28346085576787294, 0.2733033498040002, 0.23470364888401063, 0.2078282265779049, 0.11890312529618974, 0.11562884531322215, 0.11338137854547825, 0.11271324114868575, 0.11264284322333884, 0.11259222107087663, 0.1125733396653511, 0.11256766886181646, 0.11256531744632037, 0.1125650573053818, 0.11256490489959536, 0.11256487833172146, 0.11256486960315626, 0.11256486454264492, 0.11256486437395608, 0.11256486380119535, 0.11256486371604546, 0.1125648636097405, 0.11256486358238549]}, "11": {"maxiter": 1000, "fatol": 1e-10, "xatol": 1e-10, "duration": 0.18324613571166992, "fun": "0.11256486357777507", "nit": "426", "nfev": "728", "status": "0", "success": "True", "message": "Optimization terminated successfully.", "x": "[ 4.9992173   4.605505   -1.93110483  1.45706573  4.71158323  4.32101741]", "final_simplex": "(array([[ 4.9992173 ,  4.605505  , -1.93110483,  1.45706573,  4.71158323,\n         4.32101741],\n       [ 4.9992173 ,  4.605505  , -1.93110483,  1.45706573,  4.71158323,\n         4.32101741],\n       [ 4.9992173 ,  4.605505  , -1.93110483,  1.45706573,  4.71158323,\n         4.32101741],\n       [ 4.9992173 ,  4.605505  , -1.93110483,  1.45706573,  4.71158323,\n         4.32101741],\n       [ 4.9992173 ,  4.605505  , -1.93110483,  1.45706573,  4.71158323,\n         4.32101741],\n       [ 4.9992173 ,  4.605505  , -1.93110483,  1.45706573,  4.71158323,\n         4.32101741],\n       [ 4.9992173 ,  4.605505  , -1.93110483,  1.45706573,  4.71158323,\n         4.32101741]]), array([0.11256486, 0.11256486, 0.11256486, 0.11256486, 0.11256486,\n       0.11256486, 0.11256486]))", "callback": [0.7334316240796322, 0.6782018942178119, 0.57767645170574, 0.36167952426157424, 0.33648129715955344, 0.3265198235479714, 0.3017176338582912, 0.286051906393197, 0.28346085576787294, 0.2733033498040002, 0.23470364888401063, 0.2078282265779049, 0.11890312529618974, 0.11562884531322215, 0.11338137854547825, 0.11271324114868575, 0.11264284322333884, 0.11259222107087663, 0.1125733396653511, 0.11256766886181646, 0.11256531744632037, 0.1125650573053818, 0.11256490489959536, 0.11256487833172146, 0.11256486960315626, 0.11256486454264492, 0.11256486437395608, 0.11256486380119535, 0.11256486371604546, 0.1125648636097405, 0.11256486358238549, 0.1125648635791967, 0.11256486357846174, 0.11256486357789575, 0.11256486357782569, 0.11256486357779427, 0.11256486357778317, 0.1125648635777785, 0.11256486357777606, 0.1125648635777754, 0.11256486357777518, 0.11256486357777518, 0.11256486357777518]}}, "bfgs": {"type": "gradient", "0": {"maxiter": 100, "gtol": 1e-05, "xrtol": 1e-05, "eps": 1e-05, "duration": 0.04225921630859375, "fun": "0.11256486373017716", "jac": "[-1.90403249e-06 -7.03692660e-07 -2.93348679e-06 -5.28580513e-06\n -4.44877468e-07  2.38631337e-07]", "hess_inv": "[[ 2.52287777e+00  4.92875997e-02 -5.76908969e-01 -3.96123815e-01\n   4.32438231e-01 -1.86115360e-01]\n [ 4.92875997e-02  3.09811269e+00 -1.14182954e+00 -7.12197921e-01\n  -4.35246926e-01  6.84611760e-01]\n [-5.76908969e-01 -1.14182954e+00  7.68502564e+00  5.44842653e-01\n   1.51838431e-01 -3.11423591e+00]\n [-3.96123815e-01 -7.12197921e-01  5.44842653e-01  2.66402369e+00\n   5.91294434e-01 -6.17800419e-03]\n [ 4.32438231e-01 -4.35246926e-01  1.51838431e-01  5.91294434e-01\n   4.18583391e+00  1.94887542e-01]\n [-1.86115360e-01  6.84611760e-01 -3.11423591e+00 -6.17800419e-03\n   1.94887542e-01  3.89039815e+00]]", "nfev": "140", "njev": "20", "status": "0", "success": "True", "message": "Optimization terminated successfully.", "x": "[ 4.99921148  4.60550729 -1.9311332   1.45704376  4.71156872  4.32102312]", "nit": "18", "callback": [0.6879292601633801, 0.6069653382829752, 0.5599510498486512, 0.47650489567223464, 0.3381442769486206, 0.23201126910580105, 0.1888893300057939, 0.1566390443990313, 0.12348557909110147, 0.11427138437921758, 0.11330393612447243, 0.11263810507404415, 0.11259880769582353, 0.11256858025196659, 0.11256674497954222, 0.11256502331446194, 0.11256487664073633, 0.11256486373017716]}, "1": {"maxiter": 100, "gtol": 1e-05, "xrtol": 1e-05, "eps": 1e-10, "duration": 0.03782010078430176, "fun": "0.11256486369613306", "jac": "[-6.66133760e-06 -1.11022293e-06 -4.44089173e-06 -9.99200639e-06\n -1.11022293e-06 -1.11022293e-06]", "hess_inv": "[[ 2.52718676  0.04519313 -0.57668736 -0.39818776  0.42713564 -0.19452166]\n [ 0.04519313  3.09406054 -1.15908121 -0.69221536 -0.38170534  0.71393926]\n [-0.57668736 -1.15908121  7.72608768  0.57767169  0.17030062 -3.13569449]\n [-0.39818776 -0.69221536  0.57767169  2.65647181  0.57186533 -0.01568673]\n [ 0.42713564 -0.38170534  0.17030062  0.57186533  4.17124792  0.21375264]\n [-0.19452166  0.71393926 -3.13569449 -0.01568673  0.21375264  3.92791137]]", "nfev": "140", "njev": "20", "status": "0", "success": "True", "message": "Optimization terminated successfully.", "x": "[ 4.9992103   4.6055148  -1.93113509  1.4570477   4.71157771  4.32103191]", "nit": "18", "callback": [0.6879294922531155, 0.6069661399013762, 0.559949412630665, 0.47650222772697404, 0.33814102884439, 0.23202096157999452, 0.18889146267007684, 0.15664076379397074, 0.12348471466280408, 0.11427128461907043, 0.11330393541663286, 0.11263815802916322, 0.11259885134594894, 0.11256857411696763, 0.11256674604377592, 0.11256501733532565, 0.11256487645996538, 0.11256486369613306]}, "2": {"maxiter": 100, "gtol": 1e-05, "xrtol": 1e-10, "eps": 1e-05, "duration": 0.030951976776123047, "fun": "0.11256486373017716", "jac": "[-1.90403249e-06 -7.03692660e-07 -2.93348679e-06 -5.28580513e-06\n -4.44877468e-07  2.38631337e-07]", "hess_inv": "[[ 2.52287777e+00  4.92875997e-02 -5.76908969e-01 -3.96123815e-01\n   4.32438231e-01 -1.86115360e-01]\n [ 4.92875997e-02  3.09811269e+00 -1.14182954e+00 -7.12197921e-01\n  -4.35246926e-01  6.84611760e-01]\n [-5.76908969e-01 -1.14182954e+00  7.68502564e+00  5.44842653e-01\n   1.51838431e-01 -3.11423591e+00]\n [-3.96123815e-01 -7.12197921e-01  5.44842653e-01  2.66402369e+00\n   5.91294434e-01 -6.17800419e-03]\n [ 4.32438231e-01 -4.35246926e-01  1.51838431e-01  5.91294434e-01\n   4.18583391e+00  1.94887542e-01]\n [-1.86115360e-01  6.84611760e-01 -3.11423591e+00 -6.17800419e-03\n   1.94887542e-01  3.89039815e+00]]", "nfev": "140", "njev": "20", "status": "0", "success": "True", "message": "Optimization terminated successfully.", "x": "[ 4.99921148  4.60550729 -1.9311332   1.45704376  4.71156872  4.32102312]", "nit": "18", "callback": [0.6879292601633801, 0.6069653382829752, 0.5599510498486512, 0.47650489567223464, 0.3381442769486206, 0.23201126910580105, 0.1888893300057939, 0.1566390443990313, 0.12348557909110147, 0.11427138437921758, 0.11330393612447243, 0.11263810507404415, 0.11259880769582353, 0.11256858025196659, 0.11256674497954222, 0.11256502331446194, 0.11256487664073633, 0.11256486373017716]}, "3": {"maxiter": 100, "gtol": 1e-05, "xrtol": 1e-10, "eps": 1e-10, "duration": 0.030951976776123047, "fun": "0.11256486369613306", "jac": "[-6.66133760e-06 -1.11022293e-06 -4.44089173e-06 -9.99200639e-06\n -1.11022293e-06 -1.11022293e-06]", "hess_inv": "[[ 2.52718676  0.04519313 -0.57668736 -0.39818776  0.42713564 -0.19452166]\n [ 0.04519313  3.09406054 -1.15908121 -0.69221536 -0.38170534  0.71393926]\n [-0.57668736 -1.15908121  7.72608768  0.57767169  0.17030062 -3.13569449]\n [-0.39818776 -0.69221536  0.57767169  2.65647181  0.57186533 -0.01568673]\n [ 0.42713564 -0.38170534  0.17030062  0.57186533  4.17124792  0.21375264]\n [-0.19452166  0.71393926 -3.13569449 -0.01568673  0.21375264  3.92791137]]", "nfev": "140", "njev": "20", "status": "0", "success": "True", "message": "Optimization terminated successfully.", "x": "[ 4.9992103   4.6055148  -1.93113509  1.4570477   4.71157771  4.32103191]", "nit": "18", "callback": [0.6879294922531155, 0.6069661399013762, 0.559949412630665, 0.47650222772697404, 0.33814102884439, 0.23202096157999452, 0.18889146267007684, 0.15664076379397074, 0.12348471466280408, 0.11427128461907043, 0.11330393541663286, 0.11263815802916322, 0.11259885134594894, 0.11256857411696763, 0.11256674604377592, 0.11256501733532565, 0.11256487645996538, 0.11256486369613306]}, "4": {"maxiter": 100, "gtol": 1e-10, "xrtol": 1e-05, "eps": 1e-05, "duration": 0.03997492790222168, "fun": "0.1125648636022818", "jac": "[-5.87863092e-08  1.99429362e-07 -2.26818564e-08 -3.52562424e-07\n  1.05027098e-08  2.06379358e-07]", "hess_inv": "[[ 2.5234005   0.05420135 -0.5606691  -0.38938856  0.43647342 -0.18712363]\n [ 0.05420135  3.00666097 -1.11407869 -0.6641398  -0.42948343  0.61633293]\n [-0.5606691  -1.11407869  8.07621079  0.74024871  0.24801078 -3.19892186]\n [-0.38938856 -0.6641398   0.74024871  2.74911635  0.6397224  -0.02568664]\n [ 0.43647342 -0.42948343  0.24801078  0.6397224   4.20946575  0.17336171]\n [-0.18712363  0.61633293 -3.19892186 -0.02568664  0.17336171  3.86722338]]", "nfev": "147", "njev": "21", "status": "0", "success": "True", "message": "Optimization terminated successfully.", "x": "[ 4.99921286  4.6055024  -1.93110657  1.45705955  4.71157519  4.32101283]", "nit": "19", "callback": [0.6879292601633801, 0.6069653382829752, 0.5599510498486512, 0.47650489567223464, 0.3381442769486206, 0.23201126910580105, 0.1888893300057939, 0.1566390443990313, 0.12348557909110147, 0.11427138437921758, 0.11330393612447243, 0.11263810507404415, 0.11259880769582353, 0.11256858025196659, 0.11256674497954222, 0.11256502331446194, 0.11256487664073633, 0.11256486373017716, 0.1125648636022818]}, "5": {"maxiter": 100, "gtol": 1e-10, "xrtol": 1e-05, "eps": 1e-10, "duration": 0.039852142333984375, "fun": "0.11256486363367335", "jac": "[1.11022293e-06 3.33066880e-06 0.00000000e+00 2.22044587e-06\n 0.00000000e+00 1.11022293e-06]", "hess_inv": "[[ 2.52861286  0.10416093 -0.47236932 -0.3587118   0.46465699 -0.17663133]\n [ 0.10416093  2.95329464 -1.14382907 -0.60368773 -0.36251586  0.62748289]\n [-0.47236932 -1.14382907  8.19351211  0.89247481  0.36126319 -3.20397934]\n [-0.3587118  -0.60368773  0.89247481  2.82513574  0.69329716 -0.01501575]\n [ 0.46465699 -0.36251586  0.36126319  0.69329716  4.24807549  0.19358179]\n [-0.17663133  0.62748289 -3.20397934 -0.01501575  0.19358179  3.88766597]]", "nfev": "147", "njev": "21", "status": "0", "success": "True", "message": "Optimization terminated successfully.", "x": "[ 4.9992219   4.60550795 -1.93109735  1.45707758  4.71159387  4.32102158]", "nit": "19", "callback": [0.6879294922531155, 0.6069661399013762, 0.559949412630665, 0.47650222772697404, 0.33814102884439, 0.23202096157999452, 0.18889146267007684, 0.15664076379397074, 0.12348471466280408, 0.11427128461907043, 0.11330393541663286, 0.11263815802916322, 0.11259885134594894, 0.11256857411696763, 0.11256674604377592, 0.11256501733532565, 0.11256487645996538, 0.11256486369613306, 0.11256486363367335]}, "6": {"maxiter": 100, "gtol": 1e-10, "xrtol": 1e-10, "eps": 1e-05, "duration": 0.09243607521057129, "fun": "0.11256486360171825", "jac": "[ 4.22994972e-09  7.94919686e-09  5.66213743e-09 -3.24185123e-09\n  1.88737914e-09  7.63833441e-09]", "hess_inv": "[[ 2.52261735  0.05710472 -0.57283171 -0.39677116  0.43346747 -0.18200092]\n [ 0.05710472  3.10119882 -1.28540705 -0.7987055  -0.46280109  0.72814825]\n [-0.57283171 -1.28540705  8.2201089   0.89667063  0.26759614 -3.3577939 ]\n [-0.39677116 -0.7987055   0.89667063  2.89451908  0.66591902 -0.16179208]\n [ 0.43346747 -0.46280109  0.26759614  0.66591902  4.21107173  0.14461065]\n [-0.18200092  0.72814825 -3.3577939  -0.16179208  0.14461065  3.98794879]]", "nfev": "362", "njev": "50", "status": "2", "success": "False", "message": "Desired error not necessarily achieved due to precision loss.", "x": "[ 4.99921288  4.60550135 -1.93110515  1.45706074  4.71157548  4.32101173]", "nit": "20", "callback": [0.6879292601633801, 0.6069653382829752, 0.5599510498486512, 0.47650489567223464, 0.3381442769486206, 0.23201126910580105, 0.1888893300057939, 0.1566390443990313, 0.12348557909110147, 0.11427138437921758, 0.11330393612447243, 0.11263810507404415, 0.11259880769582353, 0.11256858025196659, 0.11256674497954222, 0.11256502331446194, 0.11256487664073633, 0.11256486373017716, 0.1125648636022818, 0.11256486360171825]}, "7": {"maxiter": 100, "gtol": 1e-10, "xrtol": 1e-10, "eps": 1e-10, "duration": 0.06862783432006836, "fun": "0.11256486359078366", "jac": "[ 0.00000000e+00  1.11022293e-06  2.22044587e-06  2.22044587e-06\n  2.22044587e-06 -1.11022293e-06]", "hess_inv": "[[  6.25045731  14.73159378  -4.22363109  -1.96773127   1.15481619\n    4.9406241 ]\n [ 14.73159378  38.61248092 -10.83338758  -5.78955315   2.79776971\n   13.07796954]\n [ -4.22363109 -10.83338758   3.57397135   2.03033719  -0.84510936\n   -3.88135041]\n [ -1.96773127  -5.78955315   2.03033719   1.80938427  -0.28934964\n   -2.46654638]\n [  1.15481619   2.79776971  -0.84510936  -0.28934964   0.31261187\n    0.83759123]\n [  4.9406241   13.07796954  -3.88135041  -2.46654638   0.83759123\n    4.82003202]]", "nfev": "273", "njev": "39", "status": "0", "success": "True", "message": "Optimization terminated successfully.", "x": "[ 4.99921729  4.6055071  -1.93109869  1.45706874  4.71159002  4.32101924]", "nit": "28", "callback": [0.6879294922531155, 0.6069661399013762, 0.559949412630665, 0.47650222772697404, 0.33814102884439, 0.23202096157999452, 0.18889146267007684, 0.15664076379397074, 0.12348471466280408, 0.11427128461907043, 0.11330393541663286, 0.11263815802916322, 0.11259885134594894, 0.11256857411696763, 0.11256674604377592, 0.11256501733532565, 0.11256487645996538, 0.11256486369613306, 0.11256486363367335, 0.11256486362141016, 0.11256486360785789, 0.1125648636025458, 0.11256486360125773, 0.11256486360040396, 0.11256486359841733, 0.11256486359304829, 0.11256486359078366, 0.11256486359078366]}, "8": {"maxiter": 500, "gtol": 1e-05, "xrtol": 1e-05, "eps": 1e-05, "duration": 0.03885602951049805, "fun": "0.11256486373017716", "jac": "[-1.90403249e-06 -7.03692660e-07 -2.93348679e-06 -5.28580513e-06\n -4.44877468e-07  2.38631337e-07]", "hess_inv": "[[ 2.52287777e+00  4.92875997e-02 -5.76908969e-01 -3.96123815e-01\n   4.32438231e-01 -1.86115360e-01]\n [ 4.92875997e-02  3.09811269e+00 -1.14182954e+00 -7.12197921e-01\n  -4.35246926e-01  6.84611760e-01]\n [-5.76908969e-01 -1.14182954e+00  7.68502564e+00  5.44842653e-01\n   1.51838431e-01 -3.11423591e+00]\n [-3.96123815e-01 -7.12197921e-01  5.44842653e-01  2.66402369e+00\n   5.91294434e-01 -6.17800419e-03]\n [ 4.32438231e-01 -4.35246926e-01  1.51838431e-01  5.91294434e-01\n   4.18583391e+00  1.94887542e-01]\n [-1.86115360e-01  6.84611760e-01 -3.11423591e+00 -6.17800419e-03\n   1.94887542e-01  3.89039815e+00]]", "nfev": "140", "njev": "20", "status": "0", "success": "True", "message": "Optimization terminated successfully.", "x": "[ 4.99921148  4.60550729 -1.9311332   1.45704376  4.71156872  4.32102312]", "nit": "18", "callback": [0.6879292601633801, 0.6069653382829752, 0.5599510498486512, 0.47650489567223464, 0.3381442769486206, 0.23201126910580105, 0.1888893300057939, 0.1566390443990313, 0.12348557909110147, 0.11427138437921758, 0.11330393612447243, 0.11263810507404415, 0.11259880769582353, 0.11256858025196659, 0.11256674497954222, 0.11256502331446194, 0.11256487664073633, 0.11256486373017716]}, "9": {"maxiter": 500, "gtol": 1e-05, "xrtol": 1e-05, "eps": 1e-10, "duration": 0.03937697410583496, "fun": "0.11256486369613306", "jac": "[-6.66133760e-06 -1.11022293e-06 -4.44089173e-06 -9.99200639e-06\n -1.11022293e-06 -1.11022293e-06]", "hess_inv": "[[ 2.52718676  0.04519313 -0.57668736 -0.39818776  0.42713564 -0.19452166]\n [ 0.04519313  3.09406054 -1.15908121 -0.69221536 -0.38170534  0.71393926]\n [-0.57668736 -1.15908121  7.72608768  0.57767169  0.17030062 -3.13569449]\n [-0.39818776 -0.69221536  0.57767169  2.65647181  0.57186533 -0.01568673]\n [ 0.42713564 -0.38170534  0.17030062  0.57186533  4.17124792  0.21375264]\n [-0.19452166  0.71393926 -3.13569449 -0.01568673  0.21375264  3.92791137]]", "nfev": "140", "njev": "20", "status": "0", "success": "True", "message": "Optimization terminated successfully.", "x": "[ 4.9992103   4.6055148  -1.93113509  1.4570477   4.71157771  4.32103191]", "nit": "18", "callback": [0.6879294922531155, 0.6069661399013762, 0.559949412630665, 0.47650222772697404, 0.33814102884439, 0.23202096157999452, 0.18889146267007684, 0.15664076379397074, 0.12348471466280408, 0.11427128461907043, 0.11330393541663286, 0.11263815802916322, 0.11259885134594894, 0.11256857411696763, 0.11256674604377592, 0.11256501733532565, 0.11256487645996538, 0.11256486369613306]}, "10": {"maxiter": 500, "gtol": 1e-05, "xrtol": 1e-10, "eps": 1e-05, "duration": 0.032959938049316406, "fun": "0.11256486373017716", "jac": "[-1.90403249e-06 -7.03692660e-07 -2.93348679e-06 -5.28580513e-06\n -4.44877468e-07  2.38631337e-07]", "hess_inv": "[[ 2.52287777e+00  4.92875997e-02 -5.76908969e-01 -3.96123815e-01\n   4.32438231e-01 -1.86115360e-01]\n [ 4.92875997e-02  3.09811269e+00 -1.14182954e+00 -7.12197921e-01\n  -4.35246926e-01  6.84611760e-01]\n [-5.76908969e-01 -1.14182954e+00  7.68502564e+00  5.44842653e-01\n   1.51838431e-01 -3.11423591e+00]\n [-3.96123815e-01 -7.12197921e-01  5.44842653e-01  2.66402369e+00\n   5.91294434e-01 -6.17800419e-03]\n [ 4.32438231e-01 -4.35246926e-01  1.51838431e-01  5.91294434e-01\n   4.18583391e+00  1.94887542e-01]\n [-1.86115360e-01  6.84611760e-01 -3.11423591e+00 -6.17800419e-03\n   1.94887542e-01  3.89039815e+00]]", "nfev": "140", "njev": "20", "status": "0", "success": "True", "message": "Optimization terminated successfully.", "x": "[ 4.99921148  4.60550729 -1.9311332   1.45704376  4.71156872  4.32102312]", "nit": "18", "callback": [0.6879292601633801, 0.6069653382829752, 0.5599510498486512, 0.47650489567223464, 0.3381442769486206, 0.23201126910580105, 0.1888893300057939, 0.1566390443990313, 0.12348557909110147, 0.11427138437921758, 0.11330393612447243, 0.11263810507404415, 0.11259880769582353, 0.11256858025196659, 0.11256674497954222, 0.11256502331446194, 0.11256487664073633, 0.11256486373017716]}, "11": {"maxiter": 500, "gtol": 1e-05, "xrtol": 1e-10, "eps": 1e-10, "duration": 0.038763999938964844, "fun": "0.11256486369613306", "jac": "[-6.66133760e-06 -1.11022293e-06 -4.44089173e-06 -9.99200639e-06\n -1.11022293e-06 -1.11022293e-06]", "hess_inv": "[[ 2.52718676  0.04519313 -0.57668736 -0.39818776  0.42713564 -0.19452166]\n [ 0.04519313  3.09406054 -1.15908121 -0.69221536 -0.38170534  0.71393926]\n [-0.57668736 -1.15908121  7.72608768  0.57767169  0.17030062 -3.13569449]\n [-0.39818776 -0.69221536  0.57767169  2.65647181  0.57186533 -0.01568673]\n [ 0.42713564 -0.38170534  0.17030062  0.57186533  4.17124792  0.21375264]\n [-0.19452166  0.71393926 -3.13569449 -0.01568673  0.21375264  3.92791137]]", "nfev": "140", "njev": "20", "status": "0", "success": "True", "message": "Optimization terminated successfully.", "x": "[ 4.9992103   4.6055148  -1.93113509  1.4570477   4.71157771  4.32103191]", "nit": "18", "callback": [0.6879294922531155, 0.6069661399013762, 0.559949412630665, 0.47650222772697404, 0.33814102884439, 0.23202096157999452, 0.18889146267007684, 0.15664076379397074, 0.12348471466280408, 0.11427128461907043, 0.11330393541663286, 0.11263815802916322, 0.11259885134594894, 0.11256857411696763, 0.11256674604377592, 0.11256501733532565, 0.11256487645996538, 0.11256486369613306]}, "12": {"maxiter": 500, "gtol": 1e-10, "xrtol": 1e-05, "eps": 1e-05, "duration": 0.037513017654418945, "fun": "0.1125648636022818", "jac": "[-5.87863092e-08  1.99429362e-07 -2.26818564e-08 -3.52562424e-07\n  1.05027098e-08  2.06379358e-07]", "hess_inv": "[[ 2.5234005   0.05420135 -0.5606691  -0.38938856  0.43647342 -0.18712363]\n [ 0.05420135  3.00666097 -1.11407869 -0.6641398  -0.42948343  0.61633293]\n [-0.5606691  -1.11407869  8.07621079  0.74024871  0.24801078 -3.19892186]\n [-0.38938856 -0.6641398   0.74024871  2.74911635  0.6397224  -0.02568664]\n [ 0.43647342 -0.42948343  0.24801078  0.6397224   4.20946575  0.17336171]\n [-0.18712363  0.61633293 -3.19892186 -0.02568664  0.17336171  3.86722338]]", "nfev": "147", "njev": "21", "status": "0", "success": "True", "message": "Optimization terminated successfully.", "x": "[ 4.99921286  4.6055024  -1.93110657  1.45705955  4.71157519  4.32101283]", "nit": "19", "callback": [0.6879292601633801, 0.6069653382829752, 0.5599510498486512, 0.47650489567223464, 0.3381442769486206, 0.23201126910580105, 0.1888893300057939, 0.1566390443990313, 0.12348557909110147, 0.11427138437921758, 0.11330393612447243, 0.11263810507404415, 0.11259880769582353, 0.11256858025196659, 0.11256674497954222, 0.11256502331446194, 0.11256487664073633, 0.11256486373017716, 0.1