{"date": "2024/10/08/, 16:13:19", "conf_id": 11, "data_type": "random\n", "num_data_points": 1, "s_rank": 0, "unitary": "[[-0.56303964-0.00798273j,-0.21670212-0.15784972j,-0.06047197-0.73952673j,-0.01438004+0.24552571j],[-0.06976756+0.23474685j,-0.01275565-0.5435098j,-0.02703657-0.08917885j,-0.08210486-0.79311774j],[-0.38559961+0.10714929j,0.5933431-0.2687392j,-0.24060861+0.29149289j,-0.45147719+0.26241743j],[-0.50180421+0.45931857j,-0.11617175+0.44134496j,0.49642745+0.22684508j,-0.08544628-0.15407063j]]", "databatch_0": {"databatch": "[[[-8.22985968e-02+0.0291351j,1.90420483e-01-0.1882464j,-7.48408687e-02-0.0082646j,-4.65823903e-02+0.39050678j],[7.33465532e-02-0.05463021j,4.38038726e-04+0.21991403j,2.68177032e-01-0.15636738j,-5.19274354e-01-0.05624281j],[-1.48989410e-01+0.01910971j,-4.70140139e-02+0.15259522j,-2.12927055e-01-0.02813783j,1.85702715e-01+0.0272768j],[1.05868519e-01+0.09118286j,1.54868276e-01-0.00912822j,2.45774167e-02-0.15346227j,3.83157408e-02+0.36852483j]]]", "initial param values": "[2.90444411,0.75676341,0.42492588,0.13059007,1.60529938,2.50655636]", "nelder_mead": {"type": "gradient-free", "0": {"maxiter": 100, "fatol": 1e-05, "xatol": 1e-05, "duration": 0.06122088432312012, "fun": "0.40852568184321714", "nit": "100", "nfev": "157", "status": "2", "success": "False", "message": "Maximum number of iterations has been exceeded.", "x": "[ 3.12468433  0.17181302  0.74890271 -0.05054718  3.17808399  2.65309859]", "final_simplex": "(array([[ 3.12468433,  0.17181302,  0.74890271, -0.05054718,  3.17808399,\n         2.65309859],\n       [ 3.12501148,  0.14974263,  0.74901726, -0.04919767,  3.2291393 ,\n         2.60831504],\n       [ 3.11642833,  0.16089983,  0.74961679, -0.05001449,  3.16911701,\n         2.67655831],\n       [ 3.08246168,  0.15083235,  0.7544483 , -0.05076131,  3.19935932,\n         2.65985684],\n       [ 3.12006257,  0.16273495,  0.74535808, -0.04678439,  3.15766641,\n         2.65816886],\n       [ 3.08037091,  0.15145809,  0.75649155, -0.04950691,  3.19689204,\n         2.63532364],\n       [ 3.12214217,  0.16064946,  0.74456656, -0.04690408,  3.17503621,\n         2.6705912 ]]), array([0.40852568, 0.40863943, 0.40873026, 0.40874127, 0.40877705,\n       0.40877997, 0.40879442]))", "callback": [0.6339732175042885, 0.5155410698260973, 0.48019235409022154, 0.4577347667128733, 0.42071985910014664, 0.4141241689995603, 0.40958045334448, 0.40895921722465733, 0.40880372863033443, 0.40880372863033443]}, "1": {"maxiter": 100, "fatol": 1e-05, "xatol": 1e-10, "duration": 0.04215383529663086, "fun": "0.40852568184321714", "nit": "100", "nfev": "157", "status": "2", "success": "False", "message": "Maximum number of iterations has been exceeded.", "x": "[ 3.12468433  0.17181302  0.74890271 -0.05054718  3.17808399  2.65309859]", "final_simplex": "(array([[ 3.12468433,  0.17181302,  0.74890271, -0.05054718,  3.17808399,\n         2.65309859],\n       [ 3.12501148,  0.14974263,  0.74901726, -0.04919767,  3.2291393 ,\n         2.60831504],\n       [ 3.11642833,  0.16089983,  0.74961679, -0.05001449,  3.16911701,\n         2.67655831],\n       [ 3.08246168,  0.15083235,  0.7544483 , -0.05076131,  3.19935932,\n         2.65985684],\n       [ 3.12006257,  0.16273495,  0.74535808, -0.04678439,  3.15766641,\n         2.65816886],\n       [ 3.08037091,  0.15145809,  0.75649155, -0.04950691,  3.19689204,\n         2.63532364],\n       [ 3.12214217,  0.16064946,  0.74456656, -0.04690408,  3.17503621,\n         2.6705912 ]]), array([0.40852568, 0.40863943, 0.40873026, 0.40874127, 0.40877705,\n       0.40877997, 0.40879442]))", "callback": [0.6339732175042885, 0.5155410698260973, 0.48019235409022154, 0.4577347667128733, 0.42071985910014664, 0.4141241689995603, 0.40958045334448, 0.40895921722465733, 0.40880372863033443, 0.40880372863033443]}, "2": {"maxiter": 100, "fatol": 1e-10, "xatol": 1e-05, "duration": 0.040293216705322266, "fun": "0.40852568184321714", "nit": "100", "nfev": "157", "status": "2", "success": "False", "message": "Maximum number of iterations has been exceeded.", "x": "[ 3.12468433  0.17181302  0.74890271 -0.05054718  3.17808399  2.65309859]", "final_simplex": "(array([[ 3.12468433,  0.17181302,  0.74890271, -0.05054718,  3.17808399,\n         2.65309859],\n       [ 3.12501148,  0.14974263,  0.74901726, -0.04919767,  3.2291393 ,\n         2.60831504],\n       [ 3.11642833,  0.16089983,  0.74961679, -0.05001449,  3.16911701,\n         2.67655831],\n       [ 3.08246168,  0.15083235,  0.7544483 , -0.05076131,  3.19935932,\n         2.65985684],\n       [ 3.12006257,  0.16273495,  0.74535808, -0.04678439,  3.15766641,\n         2.65816886],\n       [ 3.08037091,  0.15145809,  0.75649155, -0.04950691,  3.19689204,\n         2.63532364],\n       [ 3.12214217,  0.16064946,  0.74456656, -0.04690408,  3.17503621,\n         2.6705912 ]]), array([0.40852568, 0.40863943, 0.40873026, 0.40874127, 0.40877705,\n       0.40877997, 0.40879442]))", "callback": [0.6339732175042885, 0.5155410698260973, 0.48019235409022154, 0.4577347667128733, 0.42071985910014664, 0.4141241689995603, 0.40958045334448, 0.40895921722465733, 0.40880372863033443, 0.40880372863033443]}, "3": {"maxiter": 100, "fatol": 1e-10, "xatol": 1e-10, "duration": 0.04927468299865723, "fun": "0.40852568184321714", "nit": "100", "nfev": "157", "status": "2", "success": "False", "message": "Maximum number of iterations has been exceeded.", "x": "[ 3.12468433  0.17181302  0.74890271 -0.05054718  3.17808399  2.65309859]", "final_simplex": "(array([[ 3.12468433,  0.17181302,  0.74890271, -0.05054718,  3.17808399,\n         2.65309859],\n       [ 3.12501148,  0.14974263,  0.74901726, -0.04919767,  3.2291393 ,\n         2.60831504],\n       [ 3.11642833,  0.16089983,  0.74961679, -0.05001449,  3.16911701,\n         2.67655831],\n       [ 3.08246168,  0.15083235,  0.7544483 , -0.05076131,  3.19935932,\n         2.65985684],\n       [ 3.12006257,  0.16273495,  0.74535808, -0.04678439,  3.15766641,\n         2.65816886],\n       [ 3.08037091,  0.15145809,  0.75649155, -0.04950691,  3.19689204,\n         2.63532364],\n       [ 3.12214217,  0.16064946,  0.74456656, -0.04690408,  3.17503621,\n         2.6705912 ]]), array([0.40852568, 0.40863943, 0.40873026, 0.40874127, 0.40877705,\n       0.40877997, 0.40879442]))", "callback": [0.6339732175042885, 0.5155410698260973, 0.48019235409022154, 0.4577347667128733, 0.42071985910014664, 0.4141241689995603, 0.40958045334448, 0.40895921722465733, 0.40880372863033443, 0.40880372863033443]}, "4": {"maxiter": 500, "fatol": 1e-05, "xatol": 1e-05, "duration": 0.2465529441833496, "fun": "0.30665394143320923", "nit": "500", "nfev": "760", "status": "2", "success": "False", "message": "Maximum number of iterations has been exceeded.", "x": "[ 4.05696574  2.85346128  3.35780358 -1.33758758  3.12636189  1.87962768]", "final_simplex": "(array([[ 4.05696574,  2.85346128,  3.35780358, -1.33758758,  3.12636189,\n         1.87962768],\n       [ 4.049138  ,  2.89859454,  3.38089829, -1.38231837,  3.09018262,\n         1.8524486 ],\n       [ 4.06648852,  2.8918298 ,  3.40758875, -1.37821952,  3.09549033,\n         1.86772766],\n       [ 4.03253523,  2.89876166,  3.39114849, -1.34889085,  3.11482972,\n         1.87456709],\n       [ 4.06878355,  2.90966344,  3.42027023, -1.35812864,  3.11324015,\n         1.87585582],\n       [ 4.02798139,  2.89935136,  3.37662769, -1.34304551,  3.12573054,\n         1.85270539],\n       [ 4.03971641,  2.87609463,  3.36724554, -1.33826005,  3.11080938,\n         1.85672237]]), array([0.30665394, 0.30667146, 0.3067245 , 0.30674216, 0.30676704,\n       0.30677719, 0.30681191]))", "callback": [0.6339732175042885, 0.5155410698260973, 0.48019235409022154, 0.4577347667128733, 0.42071985910014664, 0.4141241689995603, 0.40958045334448, 0.40895921722465733, 0.40880372863033443, 0.40880372863033443, 0.40852568184321714, 0.407268483518645, 0.4049881981929415, 0.4007078882983679, 0.3977727816841423, 0.3964553549775589, 0.3959229131899791, 0.3950832048024022, 0.39096637166146886, 0.38452912213789925, 0.37442447468278417, 0.3706738551701668, 0.3671852936948248, 0.3582635613706867, 0.34387708283417495, 0.33790975188637706, 0.33702606323958295, 0.33259328026293467, 0.3304680533565737, 0.32999518559540286, 0.32977699912910163, 0.3297683645098213, 0.32974505591931036, 0.32971091593089874, 0.32958537358045614, 0.32917399001887504, 0.3286033085076855, 0.32790073843832956, 0.3269090125327203, 0.32613305884773447, 0.3242374572111002, 0.32033362793906495, 0.3176521569948114, 0.31536146282853617, 0.31312816524665743, 0.31044819413573044, 0.3092400336186736, 0.30834901673465265, 0.30709014957728553, 0.30693201450663166]}, "5": {"maxiter": 500, "fatol": 1e-05, "xatol": 1e-10, "duration": 0.25582289695739746, "fun": "0.30665394143320923", "nit": "500", "nfev": "760", "status": "2", "success": "False", "message": "Maximum number of iterations has been exceeded.", "x": "[ 4.05696574  2.85346128  3.35780358 -1.33758758  3.12636189  1.87962768]", "final_simplex": "(array([[ 4.05696574,  2.85346128,  3.35780358, -1.33758758,  3.12636189,\n         1.87962768],\n       [ 4.049138  ,  2.89859454,  3.38089829, -1.38231837,  3.09018262,\n         1.8524486 ],\n       [ 4.06648852,  2.8918298 ,  3.40758875, -1.37821952,  3.09549033,\n         1.86772766],\n       [ 4.03253523,  2.89876166,  3.39114849, -1.34889085,  3.11482972,\n         1.87456709],\n       [ 4.06878355,  2.90966344,  3.42027023, -1.35812864,  3.11324015,\n         1.87585582],\n       [ 4.02798139,  2.89935136,  3.37662769, -1.34304551,  3.12573054,\n         1.85270539],\n       [ 4.03971641,  2.87609463,  3.36724554, -1.33826005,  3.11080938,\n         1.85672237]]), array([0.30665394, 0.30667146, 0.3067245 , 0.30674216, 0.30676704,\n       0.30677719, 0.30681191]))", "callback": [0.6339732175042885, 0.5155410698260973, 0.48019235409022154, 0.4577347667128733, 0.42071985910014664, 0.4141241689995603, 0.40958045334448, 0.40895921722465733, 0.40880372863033443, 0.40880372863033443, 0.40852568184321714, 0.407268483518645, 0.4049881981929415, 0.4007078882983679, 0.3977727816841423, 0.3964553549775589, 0.3959229131899791, 0.3950832048024022, 0.39096637166146886, 0.38452912213789925, 0.37442447468278417, 0.3706738551701668, 0.3671852936948248, 0.3582635613706867, 0.34387708283417495, 0.33790975188637706, 0.33702606323958295, 0.33259328026293467, 0.3304680533565737, 0.32999518559540286, 0.32977699912910163, 0.3297683645098213, 0.32974505591931036, 0.32971091593089874, 0.32958537358045614, 0.32917399001887504, 0.3286033085076855, 0.32790073843832956, 0.3269090125327203, 0.32613305884773447, 0.3242374572111002, 0.32033362793906495, 0.3176521569948114, 0.31536146282853617, 0.31312816524665743, 0.31044819413573044, 0.3092400336186736, 0.30834901673465265, 0.30709014957728553, 0.30693201450663166]}, "6": {"maxiter": 500, "fatol": 1e-10, "xatol": 1e-05, "duration": 0.23494386672973633, "fun": "0.30665394143320923", "nit": "500", "nfev": "760", "status": "2", "success": "False", "message": "Maximum number of iterations has been exceeded.", "x": "[ 4.05696574  2.85346128  3.35780358 -1.33758758  3.12636189  1.87962768]", "final_simplex": "(array([[ 4.05696574,  2.85346128,  3.35780358, -1.33758758,  3.12636189,\n         1.87962768],\n       [ 4.049138  ,  2.89859454,  3.38089829, -1.38231837,  3.09018262,\n         1.8524486 ],\n       [ 4.06648852,  2.8918298 ,  3.40758875, -1.37821952,  3.09549033,\n         1.86772766],\n       [ 4.03253523,  2.89876166,  3.39114849, -1.34889085,  3.11482972,\n         1.87456709],\n       [ 4.06878355,  2.90966344,  3.42027023, -1.35812864,  3.11324015,\n         1.87585582],\n       [ 4.02798139,  2.89935136,  3.37662769, -1.34304551,  3.12573054,\n         1.85270539],\n       [ 4.03971641,  2.87609463,  3.36724554, -1.33826005,  3.11080938,\n         1.85672237]]), array([0.30665394, 0.30667146, 0.3067245 , 0.30674216, 0.30676704,\n       0.30677719, 0.30681191]))", "callback": [0.6339732175042885, 0.5155410698260973, 0.48019235409022154, 0.4577347667128733, 0.42071985910014664, 0.4141241689995603, 0.40958045334448, 0.40895921722465733, 0.40880372863033443, 0.40880372863033443, 0.40852568184321714, 0.407268483518645, 0.4049881981929415, 0.4007078882983679, 0.3977727816841423, 0.3964553549775589, 0.3959229131899791, 0.3950832048024022, 0.39096637166146886, 0.38452912213789925, 0.37442447468278417, 0.3706738551701668, 0.3671852936948248, 0.3582635613706867, 0.34387708283417495, 0.33790975188637706, 0.33702606323958295, 0.33259328026293467, 0.3304680533565737, 0.32999518559540286, 0.32977699912910163, 0.3297683645098213, 0.32974505591931036, 0.32971091593089874, 0.32958537358045614, 0.32917399001887504, 0.3286033085076855, 0.32790073843832956, 0.3269090125327203, 0.32613305884773447, 0.3242374572111002, 0.32033362793906495, 0.3176521569948114, 0.31536146282853617, 0.31312816524665743, 0.31044819413573044, 0.3092400336186736, 0.30834901673465265, 0.30709014957728553, 0.30693201450663166]}, "7": {"maxiter": 500, "fatol": 1e-10, "xatol": 1e-10, "duration": 0.2632732391357422, "fun": "0.30665394143320923", "nit": "500", "nfev": "760", "status": "2", "success": "False", "message": "Maximum number of iterations has been exceeded.", "x": "[ 4.05696574  2.85346128  3.35780358 -1.33758758  3.12636189  1.87962768]", "final_simplex": "(array([[ 4.05696574,  2.85346128,  3.35780358, -1.33758758,  3.12636189,\n         1.87962768],\n       [ 4.049138  ,  2.89859454,  3.38089829, -1.38231837,  3.09018262,\n         1.8524486 ],\n       [ 4.06648852,  2.8918298 ,  3.40758875, -1.37821952,  3.09549033,\n         1.86772766],\n       [ 4.03253523,  2.89876166,  3.39114849, -1.34889085,  3.11482972,\n         1.87456709],\n       [ 4.06878355,  2.90966344,  3.42027023, -1.35812864,  3.11324015,\n         1.87585582],\n       [ 4.02798139,  2.89935136,  3.37662769, -1.34304551,  3.12573054,\n         1.85270539],\n       [ 4.03971641,  2.87609463,  3.36724554, -1.33826005,  3.11080938,\n         1.85672237]]), array([0.30665394, 0.30667146, 0.3067245 , 0.30674216, 0.30676704,\n       0.30677719, 0.30681191]))", "callback": [0.6339732175042885, 0.5155410698260973, 0.48019235409022154, 0.4577347667128733, 0.42071985910014664, 0.4141241689995603, 0.40958045334448, 0.40895921722465733, 0.40880372863033443, 0.40880372863033443, 0.40852568184321714, 0.407268483518645, 0.4049881981929415, 0.4007078882983679, 0.3977727816841423, 0.3964553549775589, 0.3959229131899791, 0.3950832048024022, 0.39096637166146886, 0.38452912213789925, 0.37442447468278417, 0.3706738551701668, 0.3671852936948248, 0.3582635613706867, 0.34387708283417495, 0.33790975188637706, 0.33702606323958295, 0.33259328026293467, 0.3304680533565737, 0.32999518559540286, 0.32977699912910163, 0.3297683645098213, 0.32974505591931036, 0.32971091593089874, 0.32958537358045614, 0.32917399001887504, 0.3286033085076855, 0.32790073843832956, 0.3269090125327203, 0.32613305884773447, 0.3242374572111002, 0.32033362793906495, 0.3176521569948114, 0.31536146282853617, 0.31312816524665743, 0.31044819413573044, 0.3092400336186736, 0.30834901673465265, 0.30709014957728553, 0.30693201450663166]}, "8": {"maxiter": 1000, "fatol": 1e-05, "xatol": 1e-05, "duration": 0.3520169258117676, "fun": "0.3064057266048722", "nit": "673", "nfev": "1040", "status": "0", "success": "True", "message": "Optimization terminated successfully.", "x": "[ 4.07870293  2.88863793  3.37107427 -1.35785832  3.13192626  1.88043718]", "final_simplex": "(array([[ 4.07870293,  2.88863793,  3.37107427, -1.35785832,  3.13192626,\n         1.88043718],\n       [ 4.07869794,  2.88863444,  3.37107285, -1.35785171,  3.13193128,\n         1.88044045],\n       [ 4.07870109,  2.88863288,  3.37107272, -1.35786358,  3.13191748,\n         1.8804406 ],\n       [ 4.07870538,  2.88863302,  3.37107581, -1.35785641,  3.13192541,\n         1.88043256],\n       [ 4.07870411,  2.88863161,  3.37107066, -1.35785595,  3.13192673,\n         1.88043736],\n       [ 4.078712  ,  2.88863515,  3.37107892, -1.35785646,  3.13192664,\n         1.88044451],\n       [ 4.07871056,  2.88862916,  3.37107799, -1.3578661 ,  3.13192475,\n         1.88044094]]), array([0.30640573, 0.30640573, 0.30640573, 0.30640573, 0.30640573,\n       0.30640573, 0.30640573]))", "callback": [0.6339732175042885, 0.5155410698260973, 0.48019235409022154, 0.4577347667128733, 0.42071985910014664, 0.4141241689995603, 0.40958045334448, 0.40895921722465733, 0.40880372863033443, 0.40880372863033443, 0.40852568184321714, 0.407268483518645, 0.4049881981929415, 0.4007078882983679, 0.3977727816841423, 0.3964553549775589, 0.3959229131899791, 0.3950832048024022, 0.39096637166146886, 0.38452912213789925, 0.37442447468278417, 0.3706738551701668, 0.3671852936948248, 0.3582635613706867, 0.34387708283417495, 0.33790975188637706, 0.33702606323958295, 0.33259328026293467, 0.3304680533565737, 0.32999518559540286, 0.32977699912910163, 0.3297683645098213, 0.32974505591931036, 0.32971091593089874, 0.32958537358045614, 0.32917399001887504, 0.3286033085076855, 0.32790073843832956, 0.3269090125327203, 0.32613305884773447, 0.3242374572111002, 0.32033362793906495, 0.3176521569948114, 0.31536146282853617, 0.31312816524665743, 0.31044819413573044, 0.3092400336186736, 0.30834901673465265, 0.30709014957728553, 0.30693201450663166, 0.3066401053779304, 0.30650963880214466, 0.30643043377836743, 0.3064080675552594, 0.30640752889186107, 0.30640599713234373, 0.3064058285294705, 0.3064057844468696, 0.30640574023518563, 0.3064057303495936, 0.30640572827338686, 0.30640572720542525, 0.3064057269573728, 0.30640572677196465, 0.30640572666148547, 0.3064057266432467, 0.3064057266172495, 0.30640572660520027]}, "9": {"maxiter": 1000, "fatol": 1e-05, "xatol": 1e-10, "duration": 0.41582417488098145, "fun": "0.30640572659494936", "nit": "790", "nfev": "1291", "status": "0", "success": "True", "message": "Optimization terminated successfully.", "x": "[ 4.07870062  2.88863616  3.37107992 -1.35785953  3.1319205   1.88043853]", "final_simplex": "(array([[ 4.07870062,  2.88863616,  3.37107992, -1.35785953,  3.1319205 ,\n         1.88043853],\n       [ 4.07870062,  2.88863616,  3.37107992, -1.35785953,  3.1319205 ,\n         1.88043853],\n       [ 4.07870062,  2.88863616,  3.37107992, -1.35785953,  3.1319205 ,\n         1.88043853],\n       [ 4.07870062,  2.88863616,  3.37107993, -1.35785953,  3.1319205 ,\n         1.88043853],\n       [ 4.07870062,  2.88863616,  3.37107992, -1.35785953,  3.1319205 ,\n         1.88043853],\n       [ 4.07870062,  2.88863616,  3.37107992, -1.35785953,  3.1319205 ,\n         1.88043853],\n       [ 4.07870062,  2.88863616,  3.37107992, -1.35785953,  3.1319205 ,\n         1.88043853]]), array([0.30640573, 0.30640573, 0.30640573, 0.30640573, 0.30640573,\n       0.30640573, 0.30640573]))", "callback": [0.6339732175042885, 0.5155410698260973, 0.48019235409022154, 0.4577347667128733, 0.42071985910014664, 0.4141241689995603, 0.40958045334448, 0.40895921722465733, 0.40880372863033443, 0.40880372863033443, 0.40852568184321714, 0.407268483518645, 0.4049881981929415, 0.4007078882983679, 0.3977727816841423, 0.3964553549775589, 0.3959229131899791, 0.3950832048024022, 0.39096637166146886, 0.38452912213789925, 0.37442447468278417, 0.3706738551701668, 0.3671852936948248, 0.3582635613706867, 0.34387708283417495, 0.33790975188637706, 0.33702606323958295, 0.33259328026293467, 0.3304680533565737, 0.32999518559540286, 0.32977699912910163, 0.3297683645098213, 0.32974505591931036, 0.32971091593089874, 0.32958537358045614, 0.32917399001887504, 0.3286033085076855, 0.32790073843832956, 0.3269090125327203, 0.32613305884773447, 0.3242374572111002, 0.32033362793906495, 0.3176521569948114, 0.31536146282853617, 0.31312816524665743, 0.31044819413573044, 0.3092400336186736, 0.30834901673465265, 0.30709014957728553, 0.30693201450663166, 0.3066401053779304, 0.30650963880214466, 0.30643043377836743, 0.3064080675552594, 0.30640752889186107, 0.30640599713234373, 0.3064058285294705, 0.3064057844468696, 0.30640574023518563, 0.3064057303495936, 0.30640572827338686, 0.30640572720542525, 0.3064057269573728, 0.30640572677196465, 0.30640572666148547, 0.3064057266432467, 0.3064057266172495, 0.30640572660520027, 0.30640572659816934, 0.30640572659542686, 0.3064057265950608, 0.3064057265949751, 0.3064057265949536, 0.3064057265949516, 0.30640572659495, 0.3064057265949497, 0.30640572659494936, 0.30640572659494936, 0.30640572659494936]}, "10": {"maxiter": 1000, "fatol": 1e-10, "xatol": 1e-05, "duration": 0.3179590702056885, "fun": "0.3064057266048722", "nit": "673", "nfev": "1040", "status": "0", "success": "True", "message": "Optimization terminated successfully.", "x": "[ 4.07870293  2.88863793  3.37107427 -1.35785832  3.13192626  1.88043718]", "final_simplex": "(array([[ 4.07870293,  2.88863793,  3.37107427, -1.35785832,  3.13192626,\n         1.88043718],\n       [ 4.07869794,  2.88863444,  3.37107285, -1.35785171,  3.13193128,\n         1.88044045],\n       [ 4.07870109,  2.88863288,  3.37107272, -1.35786358,  3.13191748,\n         1.8804406 ],\n       [ 4.07870538,  2.88863302,  3.37107581, -1.35785641,  3.13192541,\n         1.88043256],\n       [ 4.07870411,  2.88863161,  3.37107066, -1.35785595,  3.13192673,\n         1.88043736],\n       [ 4.078712  ,  2.88863515,  3.37107892, -1.35785646,  3.13192664,\n         1.88044451],\n       [ 4.07871056,  2.88862916,  3.37107799, -1.3578661 ,  3.13192475,\n         1.88044094]]), array([0.30640573, 0.30640573, 0.30640573, 0.30640573, 0.30640573,\n       0.30640573, 0.30640573]))", "callback": [0.6339732175042885, 0.5155410698260973, 0.48019235409022154, 0.4577347667128733, 0.42071985910014664, 0.4141241689995603, 0.40958045334448, 0.40895921722465733, 0.40880372863033443, 0.40880372863033443, 0.40852568184321714, 0.407268483518645, 0.4049881981929415, 0.4007078882983679, 0.3977727816841423, 0.3964553549775589, 0.3959229131899791, 0.3950832048024022, 0.39096637166146886, 0.38452912213789925, 0.37442447468278417, 0.3706738551701668, 0.3671852936948248, 0.3582635613706867, 0.34387708283417495, 0.33790975188637706, 0.33702606323958295, 0.33259328026293467, 0.3304680533565737, 0.32999518559540286, 0.32977699912910163, 0.3297683645098213, 0.32974505591931036, 0.32971091593089874, 0.32958537358045614, 0.32917399001887504, 0.3286033085076855, 0.32790073843832956, 0.3269090125327203, 0.32613305884773447, 0.3242374572111002, 0.32033362793906495, 0.3176521569948114, 0.31536146282853617, 0.31312816524665743, 0.31044819413573044, 0.3092400336186736, 0.30834901673465265, 0.30709014957728553, 0.30693201450663166, 0.3066401053779304, 0.30650963880214466, 0.30643043377836743, 0.3064080675552594, 0.30640752889186107, 0.30640599713234373, 0.3064058285294705, 0.3064057844468696, 0.30640574023518563, 0.3064057303495936, 0.30640572827338686, 0.30640572720542525, 0.3064057269573728, 0.30640572677196465, 0.30640572666148547, 0.3064057266432467, 0.3064057266172495, 0.30640572660520027]}, "11": {"maxiter": 1000, "fatol": 1e-10, "xatol": 1e-10, "duration": 0.38990163803100586, "fun": "0.30640572659494936", "nit": "790", "nfev": "1291", "status": "0", "success": "True", "message": "Optimization terminated successfully.", "x": "[ 4.07870062  2.88863616  3.37107992 -1.35785953  3.1319205   1.88043853]", "final_simplex": "(array([[ 4.07870062,  2.88863616,  3.37107992, -1.35785953,  3.1319205 ,\n         1.88043853],\n       [ 4.07870062,  2.88863616,  3.37107992, -1.35785953,  3.1319205 ,\n         1.88043853],\n       [ 4.07870062,  2.88863616,  3.37107992, -1.35785953,  3.1319205 ,\n         1.88043853],\n       [ 4.07870062,  2.88863616,  3.37107993, -1.35785953,  3.1319205 ,\n         1.88043853],\n       [ 4.07870062,  2.88863616,  3.37107992, -1.35785953,  3.1319205 ,\n         1.88043853],\n       [ 4.07870062,  2.88863616,  3.37107992, -1.35785953,  3.1319205 ,\n         1.88043853],\n       [ 4.07870062,  2.88863616,  3.37107992, -1.35785953,  3.1319205 ,\n         1.88043853]]), array([0.30640573, 0.30640573, 0.30640573, 0.30640573, 0.30640573,\n       0.30640573, 0.30640573]))", "callback": [0.6339732175042885, 0.5155410698260973, 0.48019235409022154, 0.4577347667128733, 0.42071985910014664, 0.4141241689995603, 0.40958045334448, 0.40895921722465733, 0.40880372863033443, 0.40880372863033443, 0.40852568184321714, 0.407268483518645, 0.4049881981929415, 0.4007078882983679, 0.3977727816841423, 0.3964553549775589, 0.3959229131899791, 0.3950832048024022, 0.39096637166146886, 0.38452912213789925, 0.37442447468278417, 0.3706738551701668, 0.3671852936948248, 0.3582635613706867, 0.34387708283417495, 0.33790975188637706, 0.33702606323958295, 0.33259328026293467, 0.3304680533565737, 0.32999518559540286, 0.32977699912910163, 0.3297683645098213, 0.32974505591931036, 0.32971091593089874, 0.32958537358045614, 0.32917399001887504, 0.3286033085076855, 0.32790073843832956, 0.3269090125327203, 0.32613305884773447, 0.3242374572111002, 0.32033362793906495, 0.3176521569948114, 0.31536146282853617, 0.31312816524665743, 0.31044819413573044, 0.3092400336186736, 0.30834901673465265, 0.30709014957728553, 0.30693201450663166, 0.3066401053779304, 0.30650963880214466, 0.30643043377836743, 0.3064080675552594, 0.30640752889186107, 0.30640599713234373, 0.3064058285294705, 0.3064057844468696, 0.30640574023518563, 0.3064057303495936, 0.30640572827338686, 0.30640572720542525, 0.3064057269573728, 0.30640572677196465, 0.30640572666148547, 0.3064057266432467, 0.3064057266172495, 0.30640572660520027, 0.30640572659816934, 0.30640572659542686, 0.3064057265950608, 0.3064057265949751, 0.3064057265949536, 0.3064057265949516, 0.30640572659495, 0.3064057265949497, 0.30640572659494936, 0.30640572659494936, 0.30640572659494936]}}, "bfgs": {"type": "gradient", "0": {"maxiter": 100, "gtol": 1e-05, "xrtol": 1e-05, "eps": 1e-05, "duration": 0.08335399627685547, "fun": "0.3064057266290685", "jac": "[ 6.35880237e-07 -1.88737914e-10  8.65307825e-08 -6.59394761e-07\n  1.68676184e-07  4.66704453e-07]", "hess_inv": "[[ 7.562411    1.02038649 -2.69481694  1.87954163 -0.59979703 -0.85329576]\n [ 1.02038649  5.56905355  2.27751698 -0.72314462  0.10803822 -1.46506925]\n [-2.69481694  2.27751698  5.76345904 -1.86766201  0.33922267  0.97375576]\n [ 1.87954163 -0.72314462 -1.86766201  6.98353397  4.80282734  0.41996435]\n [-0.59979703  0.10803822  0.33922267  4.80282734 10.29109072  0.44995273]\n [-0.85329576 -1.46506925  0.97375576  0.41996435  0.44995273  3.65902311]]", "nfev": "252", "njev": "36", "status": "0", "success": "True", "message": "Optimization terminated successfully.", "x": "[ 2.20448204 -0.25296533  0.2294803  -1.35787446  3.13190333  1.8804344 ]", "nit": "31", "callback": [0.47293171753315044, 0.45184913450284014, 0.4279893471570273, 0.420278458768123, 0.4132000442830063, 0.4109966890686475, 0.4099663246352272, 0.40834937091629686, 0.4064816517009955, 0.4044540885694937, 0.3945804105390933, 0.3924320111690598, 0.38837802333717963, 0.3807735844913753, 0.3675467894360913, 0.34986737706396565, 0.3423158886071428, 0.3381405144020001, 0.3340802241326073, 0.3288842962450854, 0.32091816228711734, 0.31627239160602094, 0.3122042292036624, 0.3075127772135027, 0.30668602731346195, 0.30643404616767533, 0.3064091424100812, 0.30640616544662747, 0.3064057401682061, 0.3064057270559212, 0.3064057266290685]}, "1": {"maxiter": 100, "gtol": 1e-05, "xrtol": 1e-05, "eps": 1e-10, "duration": 0.08465003967285156, "fun": "0.3064057266212745", "jac": "[-1.11022293e-06 -1.11022293e-06  2.22044587e-06  0.00000000e+00\n  2.22044587e-06 -5.55111466e-06]", "hess_inv": "[[ 7.70386787  1.06087047 -2.65480819  1.79739809 -0.81218013 -0.76997169]\n [ 1.06087047  5.59368079  2.31842675 -0.77603564  0.06642499 -1.40898457]\n [-2.65480819  2.31842675  5.73495744 -1.82706468  0.62691714  0.94649521]\n [ 1.79739809 -0.77603564 -1.82706468  6.93071244  4.5102377   0.43383979]\n [-0.81218013  0.06642499  0.62691714  4.5102377   9.92315083  0.80366245]\n [-0.76997169 -1.40898457  0.94649521  0.43383979  0.80366245  3.67514994]]", "nfev": "252", "njev": "36", "status": "0", "success": "True", "message": "Optimization terminated successfully.", "x": "[ 2.20448263 -0.25295577  0.22949171 -1.35785588  3.13193475  1.88043025]", "nit": "31", "callback": [0.4729290650564839, 0.4518472580329136, 0.4279891882026685, 0.42027813294341165, 0.41319954780092516, 0.4109966657210906, 0.40996650001594526, 0.40834970946083016, 0.4064810112306412, 0.40445568004632226, 0.39457720759837844, 0.3924297611355566, 0.3883769602602438, 0.3807741417406052, 0.367548596609631, 0.34986809033520394, 0.34232197836646494, 0.33814757915208593, 0.3340861533011601, 0.32889576729251435, 0.3209317504588084, 0.31628943458294634, 0.312221149997146, 0.3075195992404989, 0.3066866601114093, 0.3064346692208113, 0.3064092483556683, 0.30640617975785334, 0.3064057377139736, 0.30640572701913005, 0.3064057266212745]}, "2": {"maxiter": 100, "gtol": 1e-05, "xrtol": 1e-10, "eps": 1e-05, "duration": 0.0759279727935791, "fun": "0.3064057266290685", "jac": "[ 6.35880237e-07 -1.88737914e-10  8.65307825e-08 -6.59394761e-07\n  1.68676184e-07  4.66704453e-07]", "hess_inv": "[[ 7.562411    1.02038649 -2.69481694  1.87954163 -0.59979703 -0.85329576]\n [ 1.02038649  5.56905355  2.27751698 -0.72314462  0.10803822 -1.46506925]\n [-2.69481694  2.27751698  5.76345904 -1.86766201  0.33922267  0.97375576]\n [ 1.87954163 -0.72314462 -1.86766201  6.98353397  4.80282734  0.41996435]\n [-0.59979703  0.10803822  0.33922267  4.80282734 10.29109072  0.44995273]\n [-0.85329576 -1.46506925  0.97375576  0.41996435  0.44995273  3.65902311]]", "nfev": "252", "njev": "36", "status": "0", "success": "True", "message": "Optimization terminated successfully.", "x": "[ 2.20448204 -0.25296533  0.2294803  -1.35787446  3.13190333  1.8804344 ]", "nit": "31", "callback": [0.47293171753315044, 0.45184913450284014, 0.4279893471570273, 0.420278458768123, 0.4132000442830063, 0.4109966890686475, 0.4099663246352272, 0.40834937091629686, 0.4064816517009955, 0.4044540885694937, 0.3945804105390933, 0.3924320111690598, 0.38837802333717963, 0.3807735844913753, 0.3675467894360913, 0.34986737706396565, 0.3423158886071428, 0.3381405144020001, 0.3340802241326073, 0.3288842962450854, 0.32091816228711734, 0.31627239160602094, 0.3122042292036624, 0.3075127772135027, 0.30668602731346195, 0.30643404616767533, 0.3064091424100812, 0.30640616544662747, 0.3064057401682061, 0.3064057270559212, 0.3064057266290685]}, "3": {"maxiter": 100, "gtol": 1e-05, "xrtol": 1e-10, "eps": 1e-10, "duration": 0.07421207427978516, "fun": "0.3064057266212745", "jac": "[-1.11022293e-06 -1.11022293e-06  2.22044587e-06  0.00000000e+00\n  2.22044587e-06 -5.55111466e-06]", "hess_inv": "[[ 7.70386787  1.06087047 -2.65480819  1.79739809 -0.81218013 -0.76997169]\n [ 1.06087047  5.59368079  2.31842675 -0.77603564  0.06642499 -1.40898457]\n [-2.65480819  2.31842675  5.73495744 -1.82706468  0.62691714  0.94649521]\n [ 1.79739809 -0.77603564 -1.82706468  6.93071244  4.5102377   0.43383979]\n [-0.81218013  0.06642499  0.62691714  4.5102377   9.92315083  0.80366245]\n [-0.76997169 -1.40898457  0.94649521  0.43383979  0.80366245  3.67514994]]", "nfev": "252", "njev": "36", "status": "0", "success": "True", "message": "Optimization terminated successfully.", "x": "[ 2.20448263 -0.25295577  0.22949171 -1.35785588  3.13193475  1.88043025]", "nit": "31", "callback": [0.4729290650564839, 0.4518472580329136, 0.4279891882026685, 0.42027813294341165, 0.41319954780092516, 0.4109966657210906, 0.40996650001594526, 0.40834970946083016, 0.4064810112306412, 0.40445568004632226, 0.39457720759837844, 0.3924297611355566, 0.3883769602602438, 0.3807741417406052, 0.367548596609631, 0.34986809033520394, 0.34232197836646494, 0.33814757915208593, 0.3340861533011601, 0.32889576729251435, 0.3209317504588084, 0.31628943458294634, 0.312221149997146, 0.3075195992404989, 0.3066866601114093, 0.3064346692208113, 0.3064092483556683, 0.30640617975785334, 0.3064057377139736, 0.30640572701913005, 0.3064057266212745]}, "4": {"maxiter": 100, "gtol": 1e-10, "xrtol": 1e-05, "eps": 1e-05, "duration": 0.07287287712097168, "fun": "0.3064057266290685", "jac": "[ 6.35880237e-07 -1.88737914e-10  8.65307825e-08 -6.59394761e-07\n  1.68676184e-07  4.66704453e-07]", "hess_inv": "[[ 7.562411    1.02038649 -2.69481694  1.87954163 -0.59979703 -0.85329576]\n [ 1.02038649  5.56905355  2.27751698 -0.72314462  0.10803822 -1.46506925]\n [-2.69481694  2.27751698  5.76345904 -1.86766201  0.33922267  0.97375576]\n [ 1.87954163 -0.72314462 -1.86766201  6.98353397  4.80282734  0.41996435]\n [-0.59979703  0.10803822  0.33922267  4.80282734 10.29109072  0.44995273]\n [-0.85329576 -1.46506925  0.97375576  0.41996435  0.44995273  3.65902311]]", "nfev": "252", "njev": "36", "status": "0", "success": "True", "message": "Optimization terminated successfully.", "x": "[ 2.20448204 -0.25296533  0.2294803  -1.35787446  3.13190333  1.8804344 ]", "nit": "31", "callback": [0.47293171753315044, 0.45184913450284014, 0.4279893471570273, 0.420278458768123, 0.4132000442830063, 0.4109966890686475, 0.4099663246352272, 0.40834937091629686, 0.4064816517009955, 0.4044540885694937, 0.3945804105390933, 0.3924320111690598, 0.38837802333717963, 0.3807735844913753, 0.3675467894360913, 0.34986737706396565, 0.3423158886071428, 0.3381405144020001, 0.3340802241326073, 0.3288842962450854, 0.32091816228711734, 0.31627239160602094, 0.3122042292036624, 0.3075127772135027, 0.30668602731346195, 0.30643404616767533, 0.3064091424100812, 0.30640616544662747, 0.3064057401682061, 0.3064057270559212, 0.3064057266290685]}, "5": {"maxiter": 100, "gtol": 1e-10, "xrtol": 1e-05, "eps": 1e-10, "duration": 0.08118295669555664, "fun": "0.3064057266074287", "jac": "[ 2.22044587e-06 -4.44089173e-06  0.00000000e+00 -3.33066880e-06\n -1.11022293e-06 -1.11022293e-06]", "hess_inv": "[[ 7.53491634e+00  1.15445863e+00 -2.65972034e+00  2.31957334e+00\n  -7.60499420e-01 -1.15942305e+00]\n [ 1.15445863e+00  5.54503952e+00  2.30137105e+00 -9.86734897e-01\n   5.40723586e-03 -1.22658634e+00]\n [-2.65972034e+00  2.30137105e+00  5.85702077e+00 -2.29727802e+00\n   8.28567160e-01  1.14114348e+00]\n [ 2.31957334e+00 -9.86734897e-01 -2.29727802e+00  7.24479510e+00\n   3.55553594e+00  8.19404404e-01]\n [-7.60499420e-01  5.40723586e-03  8.28567160e-01  3.55553594e+00\n   1.02351407e+01  1.26012879e+00]\n [-1.15942305e+00 -1.22658634e+00  1.14114348e+00  8.19404404e-01\n   1.26012879e+00  3.12457545e+00]]", "nfev": "259", "njev": "37", "status": "0", "success": "True", "message": "Optimization terminated successfully.", "x": "[ 2.20449344 -0.25296026  0.2294828  -1.35785264  3.13191634  1.88043961]", "nit": "32", "callback": [0.4729290650564839, 0.4518472580329136, 0.4279891882026685, 0.42027813294341165, 0.41319954780092516, 0.4109966657210906, 0.40996650001594526, 0.40834970946083016, 0.4064810112306412, 0.40445568004632226, 0.39457720759837844, 0.3924297611355566, 0.3883769602602438, 0.3807741417406052, 0.367548596609631, 0.34986809033520394, 0.34232197836646494, 0.33814757915208593, 0.3340861533011601, 0.32889576729251435, 0.3209317504588084, 0.31628943458294634, 0.312221149997146, 0.3075195992404989, 0.3066866601114093, 0.3064346692208113, 0.3064092483556683, 0.30640617975785334, 0.3064057377139736, 0.30640572701913005, 0.3064057266212745, 0.3064057266074287]}, "6": {"maxiter": 100, "gtol": 1e-10, "xrtol": 1e-10, "eps": 1e-05, "duration": 0.12012219429016113, "fun": "0.30640572662839927", "jac": "[ 3.16968674e-08 -1.69531056e-08  4.26658708e-08 -2.58681965e-09\n -1.16351373e-08 -2.03947970e-08]", "hess_inv": "[[ 7.80619185  1.06745346 -2.62998023  1.60355771 -0.7310088  -0.82760052]\n [ 1.06745346  5.5678547   2.27942452 -0.79806101  0.09990574 -1.46099134]\n [-2.62998023  2.27942452  5.76617291 -1.95894931  0.32349898  0.98752027]\n [ 1.60355771 -0.79806101 -1.95894931  7.24501212  4.98577837  0.37933148]\n [-0.7310088   0.09990574  0.32349898  4.98577837 10.3323794   0.43447035]\n [-0.82760052 -1.46099134  0.98752027  0.37933148  0.43447035  3.64450443]]", "nfev": "381", "njev": "53", "status": "2", "success": "False", "message": "Desired error not necessarily achieved due to precision loss.", "x": "[ 2.20447901 -0.252966    0.22947977 -1.35787165  3.13190495  1.88043328]", "nit": "32", "callback": [0.47293171753315044, 0.45184913450284014, 0.4279893471570273, 0.420278458768123, 0.4132000442830063, 0.4109966890686475, 0.4099663246352272, 0.40834937091629686, 0.4064816517009955, 0.4044540885694937, 0.3945804105390933, 0.3924320111690598, 0.38837802333717963, 0.3807735844913753, 0.3675467894360913, 0.34986737706396565, 0.3423158886071428, 0.3381405144020001, 0.3340802241326073, 0.3288842962450854, 0.32091816228711734, 0.31627239160602094, 0.3122042292036624, 0.3075127772135027, 0.30668602731346195, 0.30643404616767533, 0.3064091424100812, 0.30640616544662747, 0.3064057401682061, 0.3064057270559212, 0.3064057266290685, 0.30640572662839927]}, "7": {"maxiter": 100, "gtol": 1e-10, "xrtol": 1e-10, "eps": 1e-10, "duration": 0.09727692604064941, "fun": "0.3064057266074284", "jac": "[ 2.22044587e-06 -1.11022293e-06  2.22044587e-06  2.22044587e-06\n  3.33066880e-06  0.00000000e+00]", "hess_inv": "[[ 7.76388062  2.04917078 -2.46986392  3.79823384 -0.08385207 -0.3020032 ]\n [ 2.04917078  4.76138413  1.40631987 -1.30526424 -1.96250331 -0.72525325]\n [-2.46986392  1.40631987  5.38836002 -3.40297757 -0.37433553  0.76238108]\n [ 3.79823384 -1.30526424 -3.40297757  8.10951131  1.35561529  2.29806876]\n [-0.08385207 -1.96250331 -0.37433553  1.35561529  7.26488431  0.72375251]\n [-0.3020032  -0.72525325  0.76238108  2.29806876  0.72375251  4.4386998 ]]", "nfev": "329", "njev": "47", "status": "0", "success": "True", "message": "Optimization terminated successfully.", "x": "[ 2.20449344 -0.25296026  0.2294828  -1.35785264  3.13191634  1.88043961]", "nit": "33", "callback": [0.4729290650564839, 0.4518472580329136, 0.4279891882026685, 0.42027813294341165, 0.41319954780092516, 0.4109966657210906, 0.40996650001594526, 0.40834970946083016, 0.4064810112306412, 0.40445568004632226, 0.39457720759837844, 0.3924297611355566, 0.3883769602602438, 0.3807741417406052, 0.367548596609631, 0.34986809033520394, 0.34232197836646494, 0.33814757915208593, 0.3340861533011601, 0.32889576729251435, 0.3209317504588084, 0.31628943458294634, 0.312221149997146, 0.3075195992404989, 0.3066866601114093, 0.3064346692208113, 0.3064092483556683, 0.30640617975785334, 0.3064057377139736, 0.30640572701913005, 0.3064057266212745, 0.3064057266074287, 0.3064057266074284]}, "8": {"maxiter": 500, "gtol": 1e-05, "xrtol": 1e-05, "eps": 1e-05, "duration": 0.08119678497314453, "fun": "0.3064057266290685", "jac": "[ 6.35880237e-07 -1.88737914e-10  8.65307825e-08 -6.59394761e-07\n  1.68676184e-07  4.66704453e-07]", "hess_inv": "[[ 7.562411    1.02038649 -2.69481694  1.87954163 -0.59979703 -0.85329576]\n [ 1.02038649  5.56905355  2.27751698 -0.72314462  0.10803822 -1.46506925]\n [-2.69481694  2.27751698  5.76345904 -1.86766201  0.33922267  0.97375576]\n [ 1.87954163 -0.72314462 -1.86766201  6.98353397  4.80282734  0.41996435]\n [-0.59979703  0.10803822  0.33922267  4.80282734 10.29109072  0.44995273]\n [-0.85329576 -1.46506925  0.97375576  0.41996435  0.44995273  3.65902311]]", "nfev": "252", "njev": "36", "status": "0", "success": "True", "message": "Optimization terminated successfully.", "x": "[ 2.20448204 -0.25296533  0.2294803  -1.35787446  3.13190333  1.8804344 ]", "nit": "31", "callback": [0.47293171753315044, 0.45184913450284014, 0.4279893471570273, 0.420278458768123, 0.4132000442830063, 0.4109966890686475, 0.4099663246352272, 0.40834937091629686, 0.4064816517009955, 0.4044540885694937, 0.3945804105390933, 0.3924320111690598, 0.38837802333717963, 0.3807735844913753, 0.3675467894360913, 0.34986737706396565, 0.3423158886071428, 0.3381405144020001, 0.3340802241326073, 0.3288842962450854, 0.32091816228711734, 0.31627239160602094, 0.3122042292036624, 0.3075127772135027, 0.30668602731346195, 0.3064340461