{"date": "2024/10/29/, 04:28:11", "conf_id": 233, "data_type": "non_lin_ind\n", "num_data_points": 4, "s_rank": 0, "unitary": "[[-0.53618537-0.34368723j,-0.12107031-0.46226139j,-0.07699282-0.46603512j,0.36022595-0.11472301j],[0.26026499-0.63450712j,-0.56616638+0.37832564j,-0.14988651+0.08458591j,0.10363514-0.16008501j],[-0.32580188-0.11070003j,-0.36476308-0.23593218j,0.02559343+0.41761608j,-0.25598305+0.6725303j],[0.07406738-0.0126433j,0.28513701+0.19483972j,-0.74939717-0.10299659j,0.29798249+0.46269921j]]", "databatch_0": {"databatch": "[[[0.10638414-0.28980523j,0.08335341-0.07800805j,0.29999884+0.2267966j,0.0043358+0.10052883j],[0.03382306-0.08356703j,0.06811379-0.05833315j,0.16521369-0.14439031j,-0.25639737-0.34324096j],[0.17509536+0.0545443j,-0.01266185-0.01492039j,0.16290759-0.20881261j,-0.4415416-0.14081252j],[-0.10442233-0.30344068j,0.06693161-0.06392901j,0.10114878-0.21559402j,0.01553423-0.06919773j]],[[-0.19054282+0.12467628j,-0.26902013+0.39232654j,0.0291947+0.15422919j,-0.12335643+0.31738766j],[0.18172658+0.04748054j,-0.03453688+0.03365044j,0.0312016+0.06858925j,0.09988232-0.0224467j],[0.31966131-0.07908149j,0.00787803+0.24785222j,0.00124806-0.07918679j,0.53446703-0.10806287j],[-0.01120362+0.01190406j,0.26875193+0.0121469j,0.01788528+0.13038862j,-0.14212746-0.25127427j]],[[-0.2177478+0.10470725j,0.23698312+0.16614312j,-0.23735964+0.01224157j,0.18429168+0.08093215j],[0.09679689-0.17144155j,-0.22120524+0.11736884j,0.11508222-0.10326972j,-0.1324177+0.0330951j],[-0.10119873+0.06296277j,0.30248317+0.16154538j,-0.18761875+0.04938439j,0.1024787+0.01531568j],[0.30113682-0.02920774j,-0.26396363-0.34113431j,0.299541+0.12768722j,-0.16493479-0.16079422j]],[[-0.40261351+0.10951268j,0.09258688-0.19267256j,-0.19346229-0.01593357j,0.13422744+0.39157354j],[-0.02172115-0.31090437j,-0.06209368-0.14626447j,-0.27268521+0.19148499j,-0.14357369+0.12646691j],[-0.20421157-0.07529624j,0.11412151+0.20365751j,0.11029247+0.27850842j,-0.10768062+0.06490075j],[0.162265+0.00174272j,-0.00970093-0.43628909j,-0.2523321-0.03727614j,0.06995849+0.10604846j]]]", "initial param values": "[3.72299766,3.90701198,1.78368661,0.28461202,1.15767073,0.21376244]", "nelder_mead": {"type": "gradient-free", "0": {"maxiter": 100, "fatol": 1e-05, "xatol": 1e-05, "duration": 0.11970782279968262, "fun": "0.44521122389633383", "nit": "100", "nfev": "150", "status": "2", "success": "False", "message": "Maximum number of iterations has been exceeded.", "x": "[ 3.7505956   3.04625482 -0.65694559 -0.32893337  1.49833476  0.91704672]", "final_simplex": "(array([[ 3.7505956 ,  3.04625482, -0.65694559, -0.32893337,  1.49833476,\n         0.91704672],\n       [ 3.96403188,  3.58333507, -0.1772028 , -0.31301076,  1.40207138,\n         0.83272988],\n       [ 4.07511319,  3.15763402, -0.64757761, -0.26528842,  1.49440255,\n         0.88063285],\n       [ 4.24542314,  3.10718563, -0.74643259, -0.40908786,  1.48156548,\n         0.99001477],\n       [ 4.22338171,  3.33130331, -0.47117372, -0.13585874,  1.51791221,\n         0.76036156],\n       [ 4.04730804,  3.27203658, -0.68358381, -0.0832731 ,  1.53100973,\n         0.74054099],\n       [ 4.28201336,  3.2920366 , -0.39576131, -0.16460133,  1.45170779,\n         0.77715971]]), array([0.44521122, 0.44522965, 0.45012175, 0.46280906, 0.46294039,\n       0.46414163, 0.47063316]))", "callback": [0.7069353264227007, 0.6495001743334643, 0.6221666494775131, 0.6142934242932883, 0.5758469095115342, 0.5611938113728407, 0.5565425290123127, 0.5463780972526142, 0.5071510341895609, 0.46294039371150186]}, "1": {"maxiter": 100, "fatol": 1e-05, "xatol": 1e-10, "duration": 0.11667513847351074, "fun": "0.44521122389633383", "nit": "100", "nfev": "150", "status": "2", "success": "False", "message": "Maximum number of iterations has been exceeded.", "x": "[ 3.7505956   3.04625482 -0.65694559 -0.32893337  1.49833476  0.91704672]", "final_simplex": "(array([[ 3.7505956 ,  3.04625482, -0.65694559, -0.32893337,  1.49833476,\n         0.91704672],\n       [ 3.96403188,  3.58333507, -0.1772028 , -0.31301076,  1.40207138,\n         0.83272988],\n       [ 4.07511319,  3.15763402, -0.64757761, -0.26528842,  1.49440255,\n         0.88063285],\n       [ 4.24542314,  3.10718563, -0.74643259, -0.40908786,  1.48156548,\n         0.99001477],\n       [ 4.22338171,  3.33130331, -0.47117372, -0.13585874,  1.51791221,\n         0.76036156],\n       [ 4.04730804,  3.27203658, -0.68358381, -0.0832731 ,  1.53100973,\n         0.74054099],\n       [ 4.28201336,  3.2920366 , -0.39576131, -0.16460133,  1.45170779,\n         0.77715971]]), array([0.44521122, 0.44522965, 0.45012175, 0.46280906, 0.46294039,\n       0.46414163, 0.47063316]))", "callback": [0.7069353264227007, 0.6495001743334643, 0.6221666494775131, 0.6142934242932883, 0.5758469095115342, 0.5611938113728407, 0.5565425290123127, 0.5463780972526142, 0.5071510341895609, 0.46294039371150186]}, "2": {"maxiter": 100, "fatol": 1e-10, "xatol": 1e-05, "duration": 0.11648917198181152, "fun": "0.44521122389633383", "nit": "100", "nfev": "150", "status": "2", "success": "False", "message": "Maximum number of iterations has been exceeded.", "x": "[ 3.7505956   3.04625482 -0.65694559 -0.32893337  1.49833476  0.91704672]", "final_simplex": "(array([[ 3.7505956 ,  3.04625482, -0.65694559, -0.32893337,  1.49833476,\n         0.91704672],\n       [ 3.96403188,  3.58333507, -0.1772028 , -0.31301076,  1.40207138,\n         0.83272988],\n       [ 4.07511319,  3.15763402, -0.64757761, -0.26528842,  1.49440255,\n         0.88063285],\n       [ 4.24542314,  3.10718563, -0.74643259, -0.40908786,  1.48156548,\n         0.99001477],\n       [ 4.22338171,  3.33130331, -0.47117372, -0.13585874,  1.51791221,\n         0.76036156],\n       [ 4.04730804,  3.27203658, -0.68358381, -0.0832731 ,  1.53100973,\n         0.74054099],\n       [ 4.28201336,  3.2920366 , -0.39576131, -0.16460133,  1.45170779,\n         0.77715971]]), array([0.44521122, 0.44522965, 0.45012175, 0.46280906, 0.46294039,\n       0.46414163, 0.47063316]))", "callback": [0.7069353264227007, 0.6495001743334643, 0.6221666494775131, 0.6142934242932883, 0.5758469095115342, 0.5611938113728407, 0.5565425290123127, 0.5463780972526142, 0.5071510341895609, 0.46294039371150186]}, "3": {"maxiter": 100, "fatol": 1e-10, "xatol": 1e-10, "duration": 0.16527509689331055, "fun": "0.44521122389633383", "nit": "100", "nfev": "150", "status": "2", "success": "False", "message": "Maximum number of iterations has been exceeded.", "x": "[ 3.7505956   3.04625482 -0.65694559 -0.32893337  1.49833476  0.91704672]", "final_simplex": "(array([[ 3.7505956 ,  3.04625482, -0.65694559, -0.32893337,  1.49833476,\n         0.91704672],\n       [ 3.96403188,  3.58333507, -0.1772028 , -0.31301076,  1.40207138,\n         0.83272988],\n       [ 4.07511319,  3.15763402, -0.64757761, -0.26528842,  1.49440255,\n         0.88063285],\n       [ 4.24542314,  3.10718563, -0.74643259, -0.40908786,  1.48156548,\n         0.99001477],\n       [ 4.22338171,  3.33130331, -0.47117372, -0.13585874,  1.51791221,\n         0.76036156],\n       [ 4.04730804,  3.27203658, -0.68358381, -0.0832731 ,  1.53100973,\n         0.74054099],\n       [ 4.28201336,  3.2920366 , -0.39576131, -0.16460133,  1.45170779,\n         0.77715971]]), array([0.44521122, 0.44522965, 0.45012175, 0.46280906, 0.46294039,\n       0.46414163, 0.47063316]))", "callback": [0.7069353264227007, 0.6495001743334643, 0.6221666494775131, 0.6142934242932883, 0.5758469095115342, 0.5611938113728407, 0.5565425290123127, 0.5463780972526142, 0.5071510341895609, 0.46294039371150186]}, "4": {"maxiter": 500, "fatol": 1e-05, "xatol": 1e-05, "duration": 0.6979837417602539, "fun": "0.3301339861810464", "nit": "500", "nfev": "778", "status": "2", "success": "False", "message": "Maximum number of iterations has been exceeded.", "x": "[ 2.17583215  2.34878572 -2.22642448 -1.23128973  1.74115612  1.87627858]", "final_simplex": "(array([[ 2.17583215,  2.34878572, -2.22642448, -1.23128973,  1.74115612,\n         1.87627858],\n       [ 2.17582312,  2.34878923, -2.22642024, -1.23128683,  1.74115157,\n         1.87628519],\n       [ 2.17581192,  2.34877994, -2.22642084, -1.23129155,  1.74115477,\n         1.87628824],\n       [ 2.17583188,  2.34878842, -2.22641922, -1.23129256,  1.7411578 ,\n         1.87627213],\n       [ 2.17582415,  2.34879836, -2.2264132 , -1.23129367,  1.74117161,\n         1.87628601],\n       [ 2.1758215 ,  2.34879336, -2.2264243 , -1.2312797 ,  1.74115937,\n         1.87628172],\n       [ 2.1758157 ,  2.34879637, -2.22642061, -1.23130509,  1.74116117,\n         1.87628559]]), array([0.33013399, 0.33013399, 0.33013399, 0.33013399, 0.33013399,\n       0.33013399, 0.33013399]))", "callback": [0.7069353264227007, 0.6495001743334643, 0.6221666494775131, 0.6142934242932883, 0.5758469095115342, 0.5611938113728407, 0.5565425290123127, 0.5463780972526142, 0.5071510341895609, 0.46294039371150186, 0.4277943404610648, 0.38368118235783766, 0.3480645159074498, 0.3346124912822668, 0.3333368738569099, 0.3328086612474652, 0.3327325750097354, 0.3327095044539058, 0.3326825061682209, 0.3325486534377755, 0.33236667615105553, 0.3322944321167598, 0.3322584041781963, 0.3322534353036396, 0.3322483816369215, 0.33224676061873504, 0.33224089654202404, 0.33222693637891276, 0.33220434551095623, 0.3320916137299066, 0.3317041864031357, 0.33099994073559835, 0.3307765465617687, 0.3305996897145116, 0.330488470395749, 0.33038642254150385, 0.33025017246457544, 0.33018347769333445, 0.3301417601182234, 0.3301417601182234, 0.33013799059597926, 0.330135252407742, 0.33013446340957664, 0.33013419023303303, 0.33013402532819025, 0.33013400796432024, 0.33013399153625467, 0.3301339870400848, 0.33013398634133073, 0.330133986200982]}, "5": {"maxiter": 500, "fatol": 1e-05, "xatol": 1e-10, "duration": 0.7871925830841064, "fun": "0.3301339861810464", "nit": "500", "nfev": "778", "status": "2", "success": "False", "message": "Maximum number of iterations has been exceeded.", "x": "[ 2.17583215  2.34878572 -2.22642448 -1.23128973  1.74115612  1.87627858]", "final_simplex": "(array([[ 2.17583215,  2.34878572, -2.22642448, -1.23128973,  1.74115612,\n         1.87627858],\n       [ 2.17582312,  2.34878923, -2.22642024, -1.23128683,  1.74115157,\n         1.87628519],\n       [ 2.17581192,  2.34877994, -2.22642084, -1.23129155,  1.74115477,\n         1.87628824],\n       [ 2.17583188,  2.34878842, -2.22641922, -1.23129256,  1.7411578 ,\n         1.87627213],\n       [ 2.17582415,  2.34879836, -2.2264132 , -1.23129367,  1.74117161,\n         1.87628601],\n       [ 2.1758215 ,  2.34879336, -2.2264243 , -1.2312797 ,  1.74115937,\n         1.87628172],\n       [ 2.1758157 ,  2.34879637, -2.22642061, -1.23130509,  1.74116117,\n         1.87628559]]), array([0.33013399, 0.33013399, 0.33013399, 0.33013399, 0.33013399,\n       0.33013399, 0.33013399]))", "callback": [0.7069353264227007, 0.6495001743334643, 0.6221666494775131, 0.6142934242932883, 0.5758469095115342, 0.5611938113728407, 0.5565425290123127, 0.5463780972526142, 0.5071510341895609, 0.46294039371150186, 0.4277943404610648, 0.38368118235783766, 0.3480645159074498, 0.3346124912822668, 0.3333368738569099, 0.3328086612474652, 0.3327325750097354, 0.3327095044539058, 0.3326825061682209, 0.3325486534377755, 0.33236667615105553, 0.3322944321167598, 0.3322584041781963, 0.3322534353036396, 0.3322483816369215, 0.33224676061873504, 0.33224089654202404, 0.33222693637891276, 0.33220434551095623, 0.3320916137299066, 0.3317041864031357, 0.33099994073559835, 0.3307765465617687, 0.3305996897145116, 0.330488470395749, 0.33038642254150385, 0.33025017246457544, 0.33018347769333445, 0.3301417601182234, 0.3301417601182234, 0.33013799059597926, 0.330135252407742, 0.33013446340957664, 0.33013419023303303, 0.33013402532819025, 0.33013400796432024, 0.33013399153625467, 0.3301339870400848, 0.33013398634133073, 0.330133986200982]}, "6": {"maxiter": 500, "fatol": 1e-10, "xatol": 1e-05, "duration": 0.6145951747894287, "fun": "0.3301339861810464", "nit": "500", "nfev": "778", "status": "2", "success": "False", "message": "Maximum number of iterations has been exceeded.", "x": "[ 2.17583215  2.34878572 -2.22642448 -1.23128973  1.74115612  1.87627858]", "final_simplex": "(array([[ 2.17583215,  2.34878572, -2.22642448, -1.23128973,  1.74115612,\n         1.87627858],\n       [ 2.17582312,  2.34878923, -2.22642024, -1.23128683,  1.74115157,\n         1.87628519],\n       [ 2.17581192,  2.34877994, -2.22642084, -1.23129155,  1.74115477,\n         1.87628824],\n       [ 2.17583188,  2.34878842, -2.22641922, -1.23129256,  1.7411578 ,\n         1.87627213],\n       [ 2.17582415,  2.34879836, -2.2264132 , -1.23129367,  1.74117161,\n         1.87628601],\n       [ 2.1758215 ,  2.34879336, -2.2264243 , -1.2312797 ,  1.74115937,\n         1.87628172],\n       [ 2.1758157 ,  2.34879637, -2.22642061, -1.23130509,  1.74116117,\n         1.87628559]]), array([0.33013399, 0.33013399, 0.33013399, 0.33013399, 0.33013399,\n       0.33013399, 0.33013399]))", "callback": [0.7069353264227007, 0.6495001743334643, 0.6221666494775131, 0.6142934242932883, 0.5758469095115342, 0.5611938113728407, 0.5565425290123127, 0.5463780972526142, 0.5071510341895609, 0.46294039371150186, 0.4277943404610648, 0.38368118235783766, 0.3480645159074498, 0.3346124912822668, 0.3333368738569099, 0.3328086612474652, 0.3327325750097354, 0.3327095044539058, 0.3326825061682209, 0.3325486534377755, 0.33236667615105553, 0.3322944321167598, 0.3322584041781963, 0.3322534353036396, 0.3322483816369215, 0.33224676061873504, 0.33224089654202404, 0.33222693637891276, 0.33220434551095623, 0.3320916137299066, 0.3317041864031357, 0.33099994073559835, 0.3307765465617687, 0.3305996897145116, 0.330488470395749, 0.33038642254150385, 0.33025017246457544, 0.33018347769333445, 0.3301417601182234, 0.3301417601182234, 0.33013799059597926, 0.330135252407742, 0.33013446340957664, 0.33013419023303303, 0.33013402532819025, 0.33013400796432024, 0.33013399153625467, 0.3301339870400848, 0.33013398634133073, 0.330133986200982]}, "7": {"maxiter": 500, "fatol": 1e-10, "xatol": 1e-10, "duration": 0.614814043045044, "fun": "0.3301339861810464", "nit": "500", "nfev": "778", "status": "2", "success": "False", "message": "Maximum number of iterations has been exceeded.", "x": "[ 2.17583215  2.34878572 -2.22642448 -1.23128973  1.74115612  1.87627858]", "final_simplex": "(array([[ 2.17583215,  2.34878572, -2.22642448, -1.23128973,  1.74115612,\n         1.87627858],\n       [ 2.17582312,  2.34878923, -2.22642024, -1.23128683,  1.74115157,\n         1.87628519],\n       [ 2.17581192,  2.34877994, -2.22642084, -1.23129155,  1.74115477,\n         1.87628824],\n       [ 2.17583188,  2.34878842, -2.22641922, -1.23129256,  1.7411578 ,\n         1.87627213],\n       [ 2.17582415,  2.34879836, -2.2264132 , -1.23129367,  1.74117161,\n         1.87628601],\n       [ 2.1758215 ,  2.34879336, -2.2264243 , -1.2312797 ,  1.74115937,\n         1.87628172],\n       [ 2.1758157 ,  2.34879637, -2.22642061, -1.23130509,  1.74116117,\n         1.87628559]]), array([0.33013399, 0.33013399, 0.33013399, 0.33013399, 0.33013399,\n       0.33013399, 0.33013399]))", "callback": [0.7069353264227007, 0.6495001743334643, 0.6221666494775131, 0.6142934242932883, 0.5758469095115342, 0.5611938113728407, 0.5565425290123127, 0.5463780972526142, 0.5071510341895609, 0.46294039371150186, 0.4277943404610648, 0.38368118235783766, 0.3480645159074498, 0.3346124912822668, 0.3333368738569099, 0.3328086612474652, 0.3327325750097354, 0.3327095044539058, 0.3326825061682209, 0.3325486534377755, 0.33236667615105553, 0.3322944321167598, 0.3322584041781963, 0.3322534353036396, 0.3322483816369215, 0.33224676061873504, 0.33224089654202404, 0.33222693637891276, 0.33220434551095623, 0.3320916137299066, 0.3317041864031357, 0.33099994073559835, 0.3307765465617687, 0.3305996897145116, 0.330488470395749, 0.33038642254150385, 0.33025017246457544, 0.33018347769333445, 0.3301417601182234, 0.3301417601182234, 0.33013799059597926, 0.330135252407742, 0.33013446340957664, 0.33013419023303303, 0.33013402532819025, 0.33013400796432024, 0.33013399153625467, 0.3301339870400848, 0.33013398634133073, 0.330133986200982]}, "8": {"maxiter": 1000, "fatol": 1e-05, "xatol": 1e-05, "duration": 0.6426169872283936, "fun": "0.3301339861720731", "nit": "508", "nfev": "792", "status": "0", "success": "True", "message": "Optimization terminated successfully.", "x": "[ 2.17581762  2.34878925 -2.2264219  -1.23129006  1.74115878  1.87628917]", "final_simplex": "(array([[ 2.17581762,  2.34878925, -2.2264219 , -1.23129006,  1.74115878,\n         1.87628917],\n       [ 2.17582615,  2.34878795, -2.22642266, -1.23129072,  1.7411584 ,\n         1.87628179],\n       [ 2.17582388,  2.34879312, -2.22641721, -1.23129213,  1.74116407,\n         1.87628383],\n       [ 2.17581716,  2.34878505, -2.226421  , -1.23129078,  1.74115638,\n         1.8762865 ],\n       [ 2.17581969,  2.3487897 , -2.22642235, -1.23129448,  1.74116601,\n         1.87628474],\n       [ 2.17581991,  2.34879277, -2.2264205 , -1.23129705,  1.74115986,\n         1.87628379],\n       [ 2.17582268,  2.34879122, -2.22642202, -1.2312858 ,  1.741159  ,\n         1.87628202]]), array([0.33013399, 0.33013399, 0.33013399, 0.33013399, 0.33013399,\n       0.33013399, 0.33013399]))", "callback": [0.7069353264227007, 0.6495001743334643, 0.6221666494775131, 0.6142934242932883, 0.5758469095115342, 0.5611938113728407, 0.5565425290123127, 0.5463780972526142, 0.5071510341895609, 0.46294039371150186, 0.4277943404610648, 0.38368118235783766, 0.3480645159074498, 0.3346124912822668, 0.3333368738569099, 0.3328086612474652, 0.3327325750097354, 0.3327095044539058, 0.3326825061682209, 0.3325486534377755, 0.33236667615105553, 0.3322944321167598, 0.3322584041781963, 0.3322534353036396, 0.3322483816369215, 0.33224676061873504, 0.33224089654202404, 0.33222693637891276, 0.33220434551095623, 0.3320916137299066, 0.3317041864031357, 0.33099994073559835, 0.3307765465617687, 0.3305996897145116, 0.330488470395749, 0.33038642254150385, 0.33025017246457544, 0.33018347769333445, 0.3301417601182234, 0.3301417601182234, 0.33013799059597926, 0.330135252407742, 0.33013446340957664, 0.33013419023303303, 0.33013402532819025, 0.33013400796432024, 0.33013399153625467, 0.3301339870400848, 0.33013398634133073, 0.330133986200982, 0.330133986178174]}, "9": {"maxiter": 1000, "fatol": 1e-05, "xatol": 1e-10, "duration": 0.8672256469726562, "fun": "0.33013398616919687", "nit": "611", "nfev": "1018", "status": "0", "success": "True", "message": "Optimization terminated successfully.", "x": "[ 2.1758222   2.34878726 -2.22642087 -1.23129041  1.74116004  1.87628663]", "final_simplex": "(array([[ 2.1758222 ,  2.34878726, -2.22642087, -1.23129041,  1.74116004,\n         1.87628663],\n       [ 2.1758222 ,  2.34878726, -2.22642087, -1.23129041,  1.74116004,\n         1.87628663],\n       [ 2.1758222 ,  2.34878726, -2.22642087, -1.23129041,  1.74116004,\n         1.87628663],\n       [ 2.1758222 ,  2.34878726, -2.22642087, -1.23129041,  1.74116004,\n         1.87628663],\n       [ 2.1758222 ,  2.34878726, -2.22642087, -1.23129041,  1.74116004,\n         1.87628663],\n       [ 2.1758222 ,  2.34878726, -2.22642087, -1.23129041,  1.74116004,\n         1.87628663],\n       [ 2.1758222 ,  2.34878726, -2.22642087, -1.23129041,  1.74116004,\n         1.87628663]]), array([0.33013399, 0.33013399, 0.33013399, 0.33013399, 0.33013399,\n       0.33013399, 0.33013399]))", "callback": [0.7069353264227007, 0.6495001743334643, 0.6221666494775131, 0.6142934242932883, 0.5758469095115342, 0.5611938113728407, 0.5565425290123127, 0.5463780972526142, 0.5071510341895609, 0.46294039371150186, 0.4277943404610648, 0.38368118235783766, 0.3480645159074498, 0.3346124912822668, 0.3333368738569099, 0.3328086612474652, 0.3327325750097354, 0.3327095044539058, 0.3326825061682209, 0.3325486534377755, 0.33236667615105553, 0.3322944321167598, 0.3322584041781963, 0.3322534353036396, 0.3322483816369215, 0.33224676061873504, 0.33224089654202404, 0.33222693637891276, 0.33220434551095623, 0.3320916137299066, 0.3317041864031357, 0.33099994073559835, 0.3307765465617687, 0.3305996897145116, 0.330488470395749, 0.33038642254150385, 0.33025017246457544, 0.33018347769333445, 0.3301417601182234, 0.3301417601182234, 0.33013799059597926, 0.330135252407742, 0.33013446340957664, 0.33013419023303303, 0.33013402532819025, 0.33013400796432024, 0.33013399153625467, 0.3301339870400848, 0.33013398634133073, 0.330133986200982, 0.330133986178174, 0.3301339861706529, 0.3301339861695305, 0.3301339861692919, 0.33013398616921474, 0.3301339861692032, 0.33013398616919853, 0.33013398616919765, 0.3301339861691971, 0.330133986169197, 0.33013398616919687, 0.33013398616919687]}, "10": {"maxiter": 1000, "fatol": 1e-10, "xatol": 1e-05, "duration": 0.6754119396209717, "fun": "0.3301339861720731", "nit": "508", "nfev": "792", "status": "0", "success": "True", "message": "Optimization terminated successfully.", "x": "[ 2.17581762  2.34878925 -2.2264219  -1.23129006  1.74115878  1.87628917]", "final_simplex": "(array([[ 2.17581762,  2.34878925, -2.2264219 , -1.23129006,  1.74115878,\n         1.87628917],\n       [ 2.17582615,  2.34878795, -2.22642266, -1.23129072,  1.7411584 ,\n         1.87628179],\n       [ 2.17582388,  2.34879312, -2.22641721, -1.23129213,  1.74116407,\n         1.87628383],\n       [ 2.17581716,  2.34878505, -2.226421  , -1.23129078,  1.74115638,\n         1.8762865 ],\n       [ 2.17581969,  2.3487897 , -2.22642235, -1.23129448,  1.74116601,\n         1.87628474],\n       [ 2.17581991,  2.34879277, -2.2264205 , -1.23129705,  1.74115986,\n         1.87628379],\n       [ 2.17582268,  2.34879122, -2.22642202, -1.2312858 ,  1.741159  ,\n         1.87628202]]), array([0.33013399, 0.33013399, 0.33013399, 0.33013399, 0.33013399,\n       0.33013399, 0.33013399]))", "callback": [0.7069353264227007, 0.6495001743334643, 0.6221666494775131, 0.6142934242932883, 0.5758469095115342, 0.5611938113728407, 0.5565425290123127, 0.5463780972526142, 0.5071510341895609, 0.46294039371150186, 0.4277943404610648, 0.38368118235783766, 0.3480645159074498, 0.3346124912822668, 0.3333368738569099, 0.3328086612474652, 0.3327325750097354, 0.3327095044539058, 0.3326825061682209, 0.3325486534377755, 0.33236667615105553, 0.3322944321167598, 0.3322584041781963, 0.3322534353036396, 0.3322483816369215, 0.33224676061873504, 0.33224089654202404, 0.33222693637891276, 0.33220434551095623, 0.3320916137299066, 0.3317041864031357, 0.33099994073559835, 0.3307765465617687, 0.3305996897145116, 0.330488470395749, 0.33038642254150385, 0.33025017246457544, 0.33018347769333445, 0.3301417601182234, 0.3301417601182234, 0.33013799059597926, 0.330135252407742, 0.33013446340957664, 0.33013419023303303, 0.33013402532819025, 0.33013400796432024, 0.33013399153625467, 0.3301339870400848, 0.33013398634133073, 0.330133986200982, 0.330133986178174]}, "11": {"maxiter": 1000, "fatol": 1e-10, "xatol": 1e-10, "duration": 0.8986849784851074, "fun": "0.33013398616919687", "nit": "611", "nfev": "1018", "status": "0", "success": "True", "message": "Optimization terminated successfully.", "x": "[ 2.1758222   2.34878726 -2.22642087 -1.23129041  1.74116004  1.87628663]", "final_simplex": "(array([[ 2.1758222 ,  2.34878726, -2.22642087, -1.23129041,  1.74116004,\n         1.87628663],\n       [ 2.1758222 ,  2.34878726, -2.22642087, -1.23129041,  1.74116004,\n         1.87628663],\n       [ 2.1758222 ,  2.34878726, -2.22642087, -1.23129041,  1.74116004,\n         1.87628663],\n       [ 2.1758222 ,  2.34878726, -2.22642087, -1.23129041,  1.74116004,\n         1.87628663],\n       [ 2.1758222 ,  2.34878726, -2.22642087, -1.23129041,  1.74116004,\n         1.87628663],\n       [ 2.1758222 ,  2.34878726, -2.22642087, -1.23129041,  1.74116004,\n         1.87628663],\n       [ 2.1758222 ,  2.34878726, -2.22642087, -1.23129041,  1.74116004,\n         1.87628663]]), array([0.33013399, 0.33013399, 0.33013399, 0.33013399, 0.33013399,\n       0.33013399, 0.33013399]))", "callback": [0.7069353264227007, 0.6495001743334643, 0.6221666494775131, 0.6142934242932883, 0.5758469095115342, 0.5611938113728407, 0.5565425290123127, 0.5463780972526142, 0.5071510341895609, 0.46294039371150186, 0.4277943404610648, 0.38368118235783766, 0.3480645159074498, 0.3346124912822668, 0.3333368738569099, 0.3328086612474652, 0.3327325750097354, 0.3327095044539058, 0.3326825061682209, 0.3325486534377755, 0.33236667615105553, 0.3322944321167598, 0.3322584041781963, 0.3322534353036396, 0.3322483816369215, 0.33224676061873504, 0.33224089654202404, 0.33222693637891276, 0.33220434551095623, 0.3320916137299066, 0.3317041864031357, 0.33099994073559835, 0.3307765465617687, 0.3305996897145116, 0.330488470395749, 0.33038642254150385, 0.33025017246457544, 0.33018347769333445, 0.3301417601182234, 0.3301417601182234, 0.33013799059597926, 0.330135252407742, 0.33013446340957664, 0.33013419023303303, 0.33013402532819025, 0.33013400796432024, 0.33013399153625467, 0.3301339870400848, 0.33013398634133073, 0.330133986200982, 0.330133986178174, 0.3301339861706529, 0.3301339861695305, 0.3301339861692919, 0.33013398616921474, 0.3301339861692032, 0.33013398616919853, 0.33013398616919765, 0.3301339861691971, 0.330133986169197, 0.33013398616919687, 0.33013398616919687]}}, "bfgs": {"type": "gradient", "0": {"maxiter": 100, "gtol": 1e-05, "xrtol": 1e-05, "eps": 1e-05, "duration": 0.2651097774505615, "fun": "0.3301339862101921", "jac": "[ 1.69608771e-07  1.07208686e-06 -8.55726601e-07 -6.84496904e-07\n -5.40156808e-07 -4.19553281e-08]", "hess_inv": "[[ 7.15630177  0.8805565   0.98438731  0.35338844  0.80626082  2.64701359]\n [ 0.8805565   5.67335394  3.33731875 -1.37223052  0.91068899  0.24927145]\n [ 0.98438731  3.33731875  4.92551939 -1.1199594   0.62870849  0.21538414]\n [ 0.35338844 -1.37223052 -1.1199594   4.41098177 -0.33753908  0.09905057]\n [ 0.80626082  0.91068899  0.62870849 -0.33753908  4.16785387 -0.35310936]\n [ 2.64701359  0.24927145  0.21538414  0.09905057 -0.35310936  4.86438513]]", "nfev": "224", "njev": "32", "status": "0", "success": "True", "message": "Optimization terminated successfully.", "x": "[ 4.1073507   5.49037109  0.91515879 -1.2312961   1.74115181  1.87627732]", "nit": "30", "callback": [0.6826259484467083, 0.6058321099899249, 0.5865607381508857, 0.5525622478144161, 0.5102678137736314, 0.4820358381638207, 0.43390487216081575, 0.39880143257868284, 0.3843925775529091, 0.37607239645332813, 0.3727396170129027, 0.3714273287665868, 0.3690731156281156, 0.36538525400057276, 0.3626587556303934, 0.36043890059098604, 0.35637524913511687, 0.34935124378278526, 0.3439878446566804, 0.3389228506085785, 0.33325306183284986, 0.33107145428649554, 0.33058264238741275, 0.3301490395995065, 0.3301391283811166, 0.33013775219056163, 0.33013550028322614, 0.3301339986599825, 0.33013398809737593, 0.3301339862101921]}, "1": {"maxiter": 100, "gtol": 1e-05, "xrtol": 1e-05, "eps": 1e-10, "duration": 0.1953413486480713, "fun": "0.33013398622704193", "jac": "[-1.11022293e-06 -1.11022293e-06 -1.11022293e-06 -3.33066880e-06\n -3.33066880e-06 -1.11022293e-06]", "hess_inv": "[[ 7.15064655  0.92876287  0.82457804  0.60576149  0.65412896  2.49070112]\n [ 0.92876287  5.71630204  3.24584958 -1.19793862  0.75748475  0.20436721]\n [ 0.82457804  3.24584958  4.73206871 -0.98471959  0.46150058  0.0798032 ]\n [ 0.60576149 -1.19793862 -0.98471959  4.47223703 -0.23965034  0.15452397]\n [ 0.65412896  0.75748475  0.46150058 -0.23965034  4.06429277 -0.43566966]\n [ 2.49070112  0.20436721  0.0798032   0.15452397 -0.43566966  4.71389251]]", "nfev": "224", "njev": "32", "status": "0", "success": "True", "message": "Optimization terminated successfully.", "x": "[ 4.10734243  5.49036996  0.91516039 -1.23129535  1.74114789  1.87627694]", "nit": "30", "callback": [0.6826260547390406, 0.6058322952350224, 0.5865608422671604, 0.5525625042294757, 0.5102696337843495, 0.4820373686524537, 0.43390581696361497, 0.39880065466191184, 0.38439322910364626, 0.37607300003282906, 0.37273959197625217, 0.37142730397993895, 0.3690728679376871, 0.36538434350169946, 0.36265745656117643, 0.3604378673845199, 0.3563747550958394, 0.3493515092113072, 0.3439803581184201, 0.33891889089716876, 0.33324942883481334, 0.3310636217789461, 0.3305848231500843, 0.3301489786253804, 0.3301391659534746, 0.3301377777895822, 0.3301355067943903, 0.33013399760055573, 0.33013398780654246, 0.33013398622704193]}, "2": {"maxiter": 100, "gtol": 1e-05, "xrtol": 1e-10, "eps": 1e-05, "duration": 0.17925357818603516, "fun": "0.3301339862101921", "jac": "[ 1.69608771e-07  1.07208686e-06 -8.55726601e-07 -6.84496904e-07\n -5.40156808e-07 -4.19553281e-08]", "hess_inv": "[[ 7.15630177  0.8805565   0.98438731  0.35338844  0.80626082  2.64701359]\n [ 0.8805565   5.67335394  3.33731875 -1.37223052  0.91068899  0.24927145]\n [ 0.98438731  3.33731875  4.92551939 -1.1199594   0.62870849  0.21538414]\n [ 0.35338844 -1.37223052 -1.1199594   4.41098177 -0.33753908  0.09905057]\n [ 0.80626082  0.91068899  0.62870849 -0.33753908  4.16785387 -0.35310936]\n [ 2.64701359  0.24927145  0.21538414  0.09905057 -0.35310936  4.86438513]]", "nfev": "224", "njev": "32", "status": "0", "success": "True", "message": "Optimization terminated successfully.", "x": "[ 4.1073507   5.49037109  0.91515879 -1.2312961   1.74115181  1.87627732]", "nit": "30", "callback": [0.6826259484467083, 0.6058321099899249, 0.5865607381508857, 0.5525622478144161, 0.5102678137736314, 0.4820358381638207, 0.43390487216081575, 0.39880143257868284, 0.3843925775529091, 0.37607239645332813, 0.3727396170129027, 0.3714273287665868, 0.3690731156281156, 0.36538525400057276, 0.3626587556303934, 0.36043890059098604, 0.35637524913511687, 0.34935124378278526, 0.3439878446566804, 0.3389228506085785, 0.33325306183284986, 0.33107145428649554, 0.33058264238741275, 0.3301490395995065, 0.3301391283811166, 0.33013775219056163, 0.33013550028322614, 0.3301339986599825, 0.33013398809737593, 0.3301339862101921]}, "3": {"maxiter": 100, "gtol": 1e-05, "xrtol": 1e-10, "eps": 1e-10, "duration": 0.19523215293884277, "fun": "0.33013398622704193", "jac": "[-1.11022293e-06 -1.11022293e-06 -1.11022293e-06 -3.33066880e-06\n -3.33066880e-06 -1.11022293e-06]", "hess_inv": "[[ 7.15064655  0.92876287  0.82457804  0.60576149  0.65412896  2.49070112]\n [ 0.92876287  5.71630204  3.24584958 -1.19793862  0.75748475  0.20436721]\n [ 0.82457804  3.24584958  4.73206871 -0.98471959  0.46150058  0.0798032 ]\n [ 0.60576149 -1.19793862 -0.98471959  4.47223703 -0.23965034  0.15452397]\n [ 0.65412896  0.75748475  0.46150058 -0.23965034  4.06429277 -0.43566966]\n [ 2.49070112  0.20436721  0.0798032   0.15452397 -0.43566966  4.71389251]]", "nfev": "224", "njev": "32", "status": "0", "success": "True", "message": "Optimization terminated successfully.", "x": "[ 4.10734243  5.49036996  0.91516039 -1.23129535  1.74114789  1.87627694]", "nit": "30", "callback": [0.6826260547390406, 0.6058322952350224, 0.5865608422671604, 0.5525625042294757, 0.5102696337843495, 0.4820373686524537, 0.43390581696361497, 0.39880065466191184, 0.38439322910364626, 0.37607300003282906, 0.37273959197625217, 0.37142730397993895, 0.3690728679376871, 0.36538434350169946, 0.36265745656117643, 0.3604378673845199, 0.3563747550958394, 0.3493515092113072, 0.3439803581184201, 0.33891889089716876, 0.33324942883481334, 0.3310636217789461, 0.3305848231500843, 0.3301489786253804, 0.3301391659534746, 0.3301377777895822, 0.3301355067943903, 0.33013399760055573, 0.33013398780654246, 0.33013398622704193]}, "4": {"maxiter": 100, "gtol": 1e-10, "xrtol": 1e-05, "eps": 1e-05, "duration": 0.18415141105651855, "fun": "0.3301339862061029", "jac": "[ 5.69988501e-08  1.76625381e-07 -1.51478829e-07 -1.78035364e-07\n -7.32858219e-08  1.12132525e-08]", "hess_inv": "[[ 7.14802261  0.85778974  0.97419315  0.38849161  0.80576385  2.63158948]\n [ 0.85778974  5.69962341  3.28292935 -1.31554302  0.85434967  0.18688922]\n [ 0.97419315  3.28292935  4.92078345 -1.06492119  0.64439906  0.20231388]\n [ 0.38849161 -1.31554302 -1.06492119  4.28000726 -0.31078806  0.17339932]\n [ 0.80576385  0.85434967  0.64439906 -0.31078806  4.20182664 -0.34168451]\n [ 2.63158948  0.18688922  0.20231388  0.17339932 -0.34168451  4.84013607]]", "nfev": "231", "njev": "33", "status": "0", "success": "True", "message": "Optimization terminated successfully.", "x": "[ 4.10735021  5.49036721  0.91515894 -1.2312929   1.74115335  1.87627698]", "nit": "31", "callback": [0.6826259484467083, 0.6058321099899249, 0.5865607381508857, 0.5525622478144161, 0.5102678137736314, 0.4820358381638207, 0.43390487216081575, 0.39880143257868284, 0.3843925775529091, 0.37607239645332813, 0.3727396170129027, 0.3714273287665868, 0.3690731156281156, 0.36538525400057276, 0.3626587556303934, 0.36043890059098604, 0.35637524913511687, 0.34935124378278526, 0.3439878446566804, 0.3389228506085785, 0.33325306183284986, 0.33107145428649554, 0.33058264238741275, 0.3301490395995065, 0.3301391283811166, 0.33013775219056163, 0.33013550028322614, 0.3301339986599825, 0.33013398809737593, 0.3301339862101921, 0.3301339862061029]}, "5": {"maxiter": 100, "gtol": 1e-10, "xrtol": 1e-05, "eps": 1e-10, "duration": 0.20453643798828125, "fun": "0.33013398617581313", "jac": "[-2.22044587e-06  0.00000000e+00 -2.22044587e-06  0.00000000e+00\n  1.11022293e-06  1.11022293e-06]", "hess_inv": "[[ 7.05318263  0.72792031  0.95006445  0.25006351  0.79951315  2.69810492]\n [ 0.72792031  5.53128406  3.23128546 -1.48223712  0.69544992  0.23564865]\n [ 0.95006445  3.23128546  4.89652579 -1.06228207  0.70593751  0.28555069]\n [ 0.25006351 -1.48223712 -1.06228207  4.05377264 -0.41805277  0.13485129]\n [ 0.79951315  0.69544992  0.70593751 -0.41805277  4.4188506  -0.11913062]\n [ 2.69810492  0.23564865  0.28555069  0.13485129 -0.11913062  4.95814445]]", "nfev": "231", "njev": "33", "status": "0", "success": "True", "message": "Optimization terminated successfully.", "x": "[ 4.10735862  5.49037813  0.9151696  -1.23128564  1.74116353  1.87628607]", "nit": "31", "callback": [0.6826260547390406, 0.6058322952350224, 0.5865608422671604, 0.5525625042294757, 0.5102696337843495, 0.4820373686524537, 0.43390581696361497, 0.39880065466191184, 0.38439322910364626, 0.37607300003282906, 0.37273959197625217, 0.37142730397993895, 0.3690728679376871, 0.36538434350169946, 0.36265745656117643, 0.3604378673845199, 0.3563747550958394, 0.3493515092113072, 0.3439803581184201, 0.33891889089716876, 0.33324942883481334, 0.3310636217789461, 0.3305848231500843, 0.3301489786253804, 0.3301391659534746, 0.3301377777895822, 0.3301355067943903, 0.33013399760055573, 0.33013398780654246, 0.33013398622704193, 0.33013398617581313]}, "6": {"maxiter": 100, "gtol": 1e-10, "xrtol": 1e-10, "eps": 1e-05, "duration": 0.494795560836792, "fun": "0.3301339862061029", "jac": "[ 5.69988501e-08  1.76625381e-07 -1.51478829e-07 -1.78035364e-07\n -7.32858219e-08  1.12132525e-08]", "hess_inv": "[[ 7.19158165  1.06112762  0.97133325  0.20573591  0.73586409  2.66044407]\n [ 1.06112762  6.17497521  3.30549685 -1.82632491  0.75243344  0.31747585]\n [ 0.97133325  3.30549685  4.91824865 -1.0788716   0.63198017  0.20073091]\n [ 0.20573591 -1.82632491 -1.0788716   4.79944605 -0.17962629  0.05530632]\n [ 0.73586409  0.75243344  0.63198017 -0.17962629  4.20774337 -0.38604189]\n [ 2.66044407  0.31747585  0.20073091  0.05530632 -0.38604189  4.85921443]]", "nfev": "507", "njev": "71", "status": "2", "success": "False", "message": "Desired error not necessarily achieved due to precision loss.", "x": "[ 4.10735021  5.49036721  0.91515894 -1.2312929   1.74115335  1.87627698]", "nit": "31", "callback": [0.6826259484467083, 0.6058321099899249, 0.5865607381508857, 0.5525622478144161, 0.5102678137736314, 0.4820358381638207, 0.43390487216081575, 0.39880143257868284, 0.3843925775529091, 0.37607239645332813, 0.3727396170129027, 0.3714273287665868, 0.3690731156281156, 0.36538525400057276, 0.3626587556303934, 0.36043890059098604, 0.35637524913511687, 0.34935124378278526, 0.3439878446566804, 0.3389228506085785, 0.33325306183284986, 0.33107145428649554, 0.33058264238741275, 0.3301490395995065, 0.3301391283811166, 0.33013775219056163, 0.33013550028322614, 0.3301339986599825, 0.33013398809737593, 0.3301339862101921, 0.3301339862061029]}, "7": {"maxiter": 100, "gtol": 1e-10, "xrtol": 1e-10, "eps": 1e-10, "duration": 0.35091209411621094, "fun": "0.3301339861725291", "jac": "[ 0.00000000e+00  0.00000000e+00  1.11022293e-06  3.33066880e-06\n -1.11022293e-06  0.00000000e+00]", "hess_inv": "[[ 41.47255509 -14.94619716 -19.19391075  10.45476286 -11.67583674\n   19.50184209]\n [-14.94619716   7.55345983   7.32306125  -4.89645453   4.20072301\n   -7.43549342]\n [-19.19391075   7.32306125   9.34496466  -5.4260483    5.23052181\n   -9.45868096]\n [ 10.45476286  -4.89645453  -5.4260483    3.59572032  -2.78359464\n    5.49304084]\n [-11.67583674   4.20072301   5.23052181  -2.78359464   3.69085457\n   -5.36463399]\n [ 19.50184209  -7.43549342  -9.45868096   5.49304084  -5.36463399\n    9.62771791]]", "nfev": "364", "njev": "52", "status": "0", "success": "True", "message": "Optimization terminated successfully.", "x": "[ 4.10736241  5.49037807  0.91517099 -1.23128541  1.7411619   1.87628703]", "nit": "37", "callback": [0.6826260547390406, 0.6058322952350224, 0.5865608422671604, 0.5525625042294757, 0.5102696337843495, 0.4820373686524537, 0.43390581696361497, 0.39880065466191184, 0.38439322910364626, 0.37607300003282906, 0.37273959197625217, 0.37142730397993895, 0.3690728679376871, 0.36538434350169946, 0.36265745656117643, 0.3604378673845199, 0.3563747550958394, 0.3493515092113072, 0.3439803581184201, 0.33891889089716876, 0.33324942883481334, 0.3310636217789461, 0.3305848231500843, 0.3301489786253804, 0.3301391659534746, 0.3301377777895822, 0.3301355067943903, 0.33013399760055573, 0.33013398780654246, 0.33013398622704193, 0.33013398617581313, 0.33013398617535694, 0.33013398617484857, 0.3301339861727439, 0.3301339861725293, 0.3301339861725292, 0.3301339861725291]}, "8": {"maxiter": 500, "gtol": 1e-05, "xrtol": 1e-05, "eps": 1e-05, "duration": 0.24070239067077637, "fun": "0.3301339862101921", "jac": "[ 1.69608771e-07  1.07208686e-06 -8.55726601e-07 -6.84496904e-07\n -5.40156808e-07 -4.19553281e-08]", "hess_inv": "[[ 7.15630177  0.8805565   0.98438731  0.35338844  0.80626082  2.64701359]\n [ 0.8805565   5.67335394  3.33731875 -1.37223052  0.91068899  0.24927145]\n [ 0.98438731  3.33731875  4.92551939 -1.1199594   0.62870849  0.21538414]\n [ 0.35338844 -1.37223052 -1.1199594   4.41098177 -0.33753908  0.09905057]\n [ 0.80626082  0.91068899  0.62870849 -0.33753908  4.16785387 -0.35310936]\n [ 2.64701359  0.24927145  0.21538414  0.09905057 -0.35310936  4.86438513]]", "nfev": "224", "njev": "32", "status": "0", "success": "True", "message": "Optimization terminated successfully.", "x": "[ 4.1073507   5.49037109  0.91515879 -1.2312961   1.74115181  1.87627732]", "nit": "30", "callback": [0.6826259484467083, 0.6058321099899249, 0.5865607381508857, 0.5525622478144161, 0.5102678137736314, 0.4820358381638207, 0.43390487216081575, 0.39880143257868284, 0.3843925775529091, 0.37607239645332813, 0.3727396170129027, 0.3714273287665868, 0.3690731156281156, 0.36538525400057276, 0.3626587556303934, 0.36043890059098604, 0.35637524913511687, 0.34935124378278526, 0.3439878446566804, 0.3389228506085785, 0.33325306183284986, 0.33107145428649554, 0.33058264238741275, 0.3301490395995065, 0.3301391283811166, 0.33013775219056163, 0.33013550028322614, 0.3301339986599825, 0.33013398809737593, 0.3301339862101921]}, "9": {"maxiter": 500, "gtol": 1e-05, "xrtol": 1e-05, "eps": 1e-10, "duration": 0.17857027053833008, "fun": "0.33013398622704193", "jac": "[-1.11022293e-06 -1.11022293e-06 -1.11022293e-06 -3.33066880e-06\n -3.33066880e-06 -1.11022293e-06]", "hess_inv": "[[ 7.15064655  0.92876287  0.82457804  0.60576149  0.65412896  2.49070112]\n [ 0.92876287  5.71630204  3.24584958 -1.19793862  0.75748475  0.20436721]\n [ 0.82457804  3.24584958  4.73206871 -0.98