{"date": "2024/10/27/, 20:53:47", "conf_id": 151, "data_type": "orthogonal\n", "num_data_points": 4, "s_rank": 0, "unitary": "[[-0.56303964-0.00798273j,-0.21670212-0.15784972j,-0.06047197-0.73952673j,-0.01438004+0.24552571j],[-0.06976756+0.23474685j,-0.01275565-0.5435098j,-0.02703657-0.08917885j,-0.08210486-0.79311774j],[-0.38559961+0.10714929j,0.5933431-0.2687392j,-0.24060861+0.29149289j,-0.45147719+0.26241743j],[-0.50180421+0.45931857j,-0.11617175+0.44134496j,0.49642745+0.22684508j,-0.08544628-0.15407063j]]", "databatch_0": {"databatch": "[[[0.17410621+0.13344407j,0.15876163+0.05896667j,-0.06290828+0.37601601j,0.22722012-0.40333994j],[0.1989732+0.03760563j,0.08662039+0.15530354j,-0.04741714-0.05723651j,-0.10047067+0.11839269j],[0.00208445+0.41175493j,-0.13000903-0.0352222j,0.09765891-0.02833535j,0.03200754-0.12449514j],[0.13147333+0.08813547j,0.22621831-0.31093378j,0.11098686-0.00557789j,0.19012522+0.15912224j]],[[0.14276819-0.18114409j,0.32138184-0.26384925j,0.06691142+0.17979314j,0.18369599+0.00126092j],[0.00622433-0.31116824j,-0.18973464+0.09820355j,-0.2600286-0.05404936j,0.14178492-0.02505182j],[-0.25549782-0.30868207j,0.12583783+0.0129468j,0.04249916-0.01521924j,-0.19519082+0.21618562j],[-0.01947375-0.07283033j,-0.0010387-0.01496497j,-0.06408158-0.24038598j,-0.01633304+0.37157948j]],[[0.03897995-0.10929254j,0.02125004-0.06743062j,-0.06539832+0.0091975j,0.12862111+0.02071744j],[0.27251867+0.2698787j,-0.01900715+0.0646192j,-0.22387979+0.10168237j,0.3922825-0.16373425j],[0.06901231+0.3280638j,-0.12384919+0.04010573j,0.21726216-0.00248686j,-0.23288734-0.22970973j],[-0.16932937-0.12849375j,-0.19245852+0.3594649j,-0.26349272-0.01160008j,-0.04616422-0.02700195j]],[[-0.04303926-0.0977059j,0.01068136+0.11976031j,-0.17723898+0.11917611j,0.14101311-0.07618555j],[-0.04062475-0.0440077j,0.37830907-0.01295345j,-0.17442036+0.09718837j,0.27648611+0.33642328j],[-0.11976945-0.32471569j,-0.06988639-0.21495413j,0.12531582-0.13851151j,-0.12596206+0.11278802j],[0.22283795+0.20579011j,0.03840542+0.11829834j,-0.0325931+0.23016749j,0.09265314-0.3493164j]]]", "initial param values": "[3.72299766,3.90701198,1.78368661,0.28461202,1.15767073,0.21376244]", "nelder_mead": {"type": "gradient-free", "0": {"maxiter": 100, "fatol": 1e-05, "xatol": 1e-05, "duration": 0.12280392646789551, "fun": "0.7007055081781326", "nit": "100", "nfev": "154", "status": "2", "success": "False", "message": "Maximum number of iterations has been exceeded.", "x": "[ 4.28972071  7.5703284   1.14247137  0.86126792 -2.50279435  0.18743077]", "final_simplex": "(array([[ 4.28972071,  7.5703284 ,  1.14247137,  0.86126792, -2.50279435,\n         0.18743077],\n       [ 4.38941632,  7.35523095,  1.22581273,  0.81792351, -2.20052966,\n         0.17696949],\n       [ 4.49013984,  7.66353588,  1.04930503,  0.84110674, -2.43053924,\n         0.18766678],\n       [ 4.15472936,  7.36315117,  1.17220901,  0.77525455, -2.00002516,\n         0.18921936],\n       [ 4.26935397,  7.66872157,  1.08721314,  0.79178864, -2.22162757,\n         0.18596957],\n       [ 4.16647815,  7.3600125 ,  1.17838179,  0.73858371, -1.88664783,\n         0.1890546 ],\n       [ 4.1292694 ,  7.76782553,  1.08804369,  0.78508026, -2.22835017,\n         0.18953195]]), array([0.70070551, 0.70589467, 0.70611467, 0.70629385, 0.70667532,\n       0.71030824, 0.7115911 ]))", "callback": [0.8869310128350263, 0.8622189825761676, 0.8515290166238357, 0.834419766095684, 0.7866288435273081, 0.7829403330458291, 0.7797329931470134, 0.7762404255640464, 0.7484237500960161, 0.7134372370732003]}, "1": {"maxiter": 100, "fatol": 1e-05, "xatol": 1e-10, "duration": 0.11977696418762207, "fun": "0.7007055081781326", "nit": "100", "nfev": "154", "status": "2", "success": "False", "message": "Maximum number of iterations has been exceeded.", "x": "[ 4.28972071  7.5703284   1.14247137  0.86126792 -2.50279435  0.18743077]", "final_simplex": "(array([[ 4.28972071,  7.5703284 ,  1.14247137,  0.86126792, -2.50279435,\n         0.18743077],\n       [ 4.38941632,  7.35523095,  1.22581273,  0.81792351, -2.20052966,\n         0.17696949],\n       [ 4.49013984,  7.66353588,  1.04930503,  0.84110674, -2.43053924,\n         0.18766678],\n       [ 4.15472936,  7.36315117,  1.17220901,  0.77525455, -2.00002516,\n         0.18921936],\n       [ 4.26935397,  7.66872157,  1.08721314,  0.79178864, -2.22162757,\n         0.18596957],\n       [ 4.16647815,  7.3600125 ,  1.17838179,  0.73858371, -1.88664783,\n         0.1890546 ],\n       [ 4.1292694 ,  7.76782553,  1.08804369,  0.78508026, -2.22835017,\n         0.18953195]]), array([0.70070551, 0.70589467, 0.70611467, 0.70629385, 0.70667532,\n       0.71030824, 0.7115911 ]))", "callback": [0.8869310128350263, 0.8622189825761676, 0.8515290166238357, 0.834419766095684, 0.7866288435273081, 0.7829403330458291, 0.7797329931470134, 0.7762404255640464, 0.7484237500960161, 0.7134372370732003]}, "2": {"maxiter": 100, "fatol": 1e-10, "xatol": 1e-05, "duration": 0.12001824378967285, "fun": "0.7007055081781326", "nit": "100", "nfev": "154", "status": "2", "success": "False", "message": "Maximum number of iterations has been exceeded.", "x": "[ 4.28972071  7.5703284   1.14247137  0.86126792 -2.50279435  0.18743077]", "final_simplex": "(array([[ 4.28972071,  7.5703284 ,  1.14247137,  0.86126792, -2.50279435,\n         0.18743077],\n       [ 4.38941632,  7.35523095,  1.22581273,  0.81792351, -2.20052966,\n         0.17696949],\n       [ 4.49013984,  7.66353588,  1.04930503,  0.84110674, -2.43053924,\n         0.18766678],\n       [ 4.15472936,  7.36315117,  1.17220901,  0.77525455, -2.00002516,\n         0.18921936],\n       [ 4.26935397,  7.66872157,  1.08721314,  0.79178864, -2.22162757,\n         0.18596957],\n       [ 4.16647815,  7.3600125 ,  1.17838179,  0.73858371, -1.88664783,\n         0.1890546 ],\n       [ 4.1292694 ,  7.76782553,  1.08804369,  0.78508026, -2.22835017,\n         0.18953195]]), array([0.70070551, 0.70589467, 0.70611467, 0.70629385, 0.70667532,\n       0.71030824, 0.7115911 ]))", "callback": [0.8869310128350263, 0.8622189825761676, 0.8515290166238357, 0.834419766095684, 0.7866288435273081, 0.7829403330458291, 0.7797329931470134, 0.7762404255640464, 0.7484237500960161, 0.7134372370732003]}, "3": {"maxiter": 100, "fatol": 1e-10, "xatol": 1e-10, "duration": 0.11956620216369629, "fun": "0.7007055081781326", "nit": "100", "nfev": "154", "status": "2", "success": "False", "message": "Maximum number of iterations has been exceeded.", "x": "[ 4.28972071  7.5703284   1.14247137  0.86126792 -2.50279435  0.18743077]", "final_simplex": "(array([[ 4.28972071,  7.5703284 ,  1.14247137,  0.86126792, -2.50279435,\n         0.18743077],\n       [ 4.38941632,  7.35523095,  1.22581273,  0.81792351, -2.20052966,\n         0.17696949],\n       [ 4.49013984,  7.66353588,  1.04930503,  0.84110674, -2.43053924,\n         0.18766678],\n       [ 4.15472936,  7.36315117,  1.17220901,  0.77525455, -2.00002516,\n         0.18921936],\n       [ 4.26935397,  7.66872157,  1.08721314,  0.79178864, -2.22162757,\n         0.18596957],\n       [ 4.16647815,  7.3600125 ,  1.17838179,  0.73858371, -1.88664783,\n         0.1890546 ],\n       [ 4.1292694 ,  7.76782553,  1.08804369,  0.78508026, -2.22835017,\n         0.18953195]]), array([0.70070551, 0.70589467, 0.70611467, 0.70629385, 0.70667532,\n       0.71030824, 0.7115911 ]))", "callback": [0.8869310128350263, 0.8622189825761676, 0.8515290166238357, 0.834419766095684, 0.7866288435273081, 0.7829403330458291, 0.7797329931470134, 0.7762404255640464, 0.7484237500960161, 0.7134372370732003]}, "4": {"maxiter": 500, "fatol": 1e-05, "xatol": 1e-05, "duration": 0.6516268253326416, "fun": "0.6362886993311092", "nit": "500", "nfev": "755", "status": "2", "success": "False", "message": "Maximum number of iterations has been exceeded.", "x": "[ 4.39461955  7.1328554   0.75702849  0.52772786 -3.54248343  1.30919488]", "final_simplex": "(array([[ 4.39461955,  7.1328554 ,  0.75702849,  0.52772786, -3.54248343,\n         1.30919488],\n       [ 4.41416207,  7.12345035,  0.73103783,  0.53576018, -3.51507342,\n         1.25588621],\n       [ 4.40141252,  7.12820315,  0.7512035 ,  0.52990076, -3.55316743,\n         1.30248509],\n       [ 4.39861162,  7.11189253,  0.7592055 ,  0.55577934, -3.54630446,\n         1.32512922],\n       [ 4.39085182,  7.15474384,  0.75048057,  0.52917008, -3.55812347,\n         1.29909985],\n       [ 4.38435965,  7.12389785,  0.75522809,  0.53051807, -3.50414296,\n         1.26986212],\n       [ 4.40074537,  7.11876603,  0.72723743,  0.5313909 , -3.57213391,\n         1.32231702]]), array([0.6362887 , 0.63630039, 0.63631929, 0.63634856, 0.63635317,\n       0.63636251, 0.63636787]))", "callback": [0.8869310128350263, 0.8622189825761676, 0.8515290166238357, 0.834419766095684, 0.7866288435273081, 0.7829403330458291, 0.7797329931470134, 0.7762404255640464, 0.7484237500960161, 0.7134372370732003, 0.7007055081781326, 0.6988026442961625, 0.6956156422898943, 0.6925231252954409, 0.6884721408555987, 0.6831551492453753, 0.6819255436980863, 0.6811458036212018, 0.6804002859080289, 0.6776149727758171, 0.6649815271505106, 0.6521027429937141, 0.6501103195326442, 0.6475853626845154, 0.6465444134488713, 0.6462240852527562, 0.6461652624532935, 0.6460238585266183, 0.6460050851447177, 0.645997293890666, 0.6459927221917711, 0.6459908373523955, 0.6459889076041377, 0.6459884997711205, 0.6459875961544206, 0.645985389036455, 0.645980993884539, 0.6459614540603991, 0.6459178698405525, 0.6457671028972276, 0.6453771454363746, 0.6438621222783419, 0.6414909254325358, 0.6406503707037554, 0.6397003584315268, 0.6382358146003271, 0.6376937268111725, 0.6372483463515373, 0.6366183044898276, 0.6363678657405752]}, "5": {"maxiter": 500, "fatol": 1e-05, "xatol": 1e-10, "duration": 0.6454615592956543, "fun": "0.6362886993311092", "nit": "500", "nfev": "755", "status": "2", "success": "False", "message": "Maximum number of iterations has been exceeded.", "x": "[ 4.39461955  7.1328554   0.75702849  0.52772786 -3.54248343  1.30919488]", "final_simplex": "(array([[ 4.39461955,  7.1328554 ,  0.75702849,  0.52772786, -3.54248343,\n         1.30919488],\n       [ 4.41416207,  7.12345035,  0.73103783,  0.53576018, -3.51507342,\n         1.25588621],\n       [ 4.40141252,  7.12820315,  0.7512035 ,  0.52990076, -3.55316743,\n         1.30248509],\n       [ 4.39861162,  7.11189253,  0.7592055 ,  0.55577934, -3.54630446,\n         1.32512922],\n       [ 4.39085182,  7.15474384,  0.75048057,  0.52917008, -3.55812347,\n         1.29909985],\n       [ 4.38435965,  7.12389785,  0.75522809,  0.53051807, -3.50414296,\n         1.26986212],\n       [ 4.40074537,  7.11876603,  0.72723743,  0.5313909 , -3.57213391,\n         1.32231702]]), array([0.6362887 , 0.63630039, 0.63631929, 0.63634856, 0.63635317,\n       0.63636251, 0.63636787]))", "callback": [0.8869310128350263, 0.8622189825761676, 0.8515290166238357, 0.834419766095684, 0.7866288435273081, 0.7829403330458291, 0.7797329931470134, 0.7762404255640464, 0.7484237500960161, 0.7134372370732003, 0.7007055081781326, 0.6988026442961625, 0.6956156422898943, 0.6925231252954409, 0.6884721408555987, 0.6831551492453753, 0.6819255436980863, 0.6811458036212018, 0.6804002859080289, 0.6776149727758171, 0.6649815271505106, 0.6521027429937141, 0.6501103195326442, 0.6475853626845154, 0.6465444134488713, 0.6462240852527562, 0.6461652624532935, 0.6460238585266183, 0.6460050851447177, 0.645997293890666, 0.6459927221917711, 0.6459908373523955, 0.6459889076041377, 0.6459884997711205, 0.6459875961544206, 0.645985389036455, 0.645980993884539, 0.6459614540603991, 0.6459178698405525, 0.6457671028972276, 0.6453771454363746, 0.6438621222783419, 0.6414909254325358, 0.6406503707037554, 0.6397003584315268, 0.6382358146003271, 0.6376937268111725, 0.6372483463515373, 0.6366183044898276, 0.6363678657405752]}, "6": {"maxiter": 500, "fatol": 1e-10, "xatol": 1e-05, "duration": 0.6587178707122803, "fun": "0.6362886993311092", "nit": "500", "nfev": "755", "status": "2", "success": "False", "message": "Maximum number of iterations has been exceeded.", "x": "[ 4.39461955  7.1328554   0.75702849  0.52772786 -3.54248343  1.30919488]", "final_simplex": "(array([[ 4.39461955,  7.1328554 ,  0.75702849,  0.52772786, -3.54248343,\n         1.30919488],\n       [ 4.41416207,  7.12345035,  0.73103783,  0.53576018, -3.51507342,\n         1.25588621],\n       [ 4.40141252,  7.12820315,  0.7512035 ,  0.52990076, -3.55316743,\n         1.30248509],\n       [ 4.39861162,  7.11189253,  0.7592055 ,  0.55577934, -3.54630446,\n         1.32512922],\n       [ 4.39085182,  7.15474384,  0.75048057,  0.52917008, -3.55812347,\n         1.29909985],\n       [ 4.38435965,  7.12389785,  0.75522809,  0.53051807, -3.50414296,\n         1.26986212],\n       [ 4.40074537,  7.11876603,  0.72723743,  0.5313909 , -3.57213391,\n         1.32231702]]), array([0.6362887 , 0.63630039, 0.63631929, 0.63634856, 0.63635317,\n       0.63636251, 0.63636787]))", "callback": [0.8869310128350263, 0.8622189825761676, 0.8515290166238357, 0.834419766095684, 0.7866288435273081, 0.7829403330458291, 0.7797329931470134, 0.7762404255640464, 0.7484237500960161, 0.7134372370732003, 0.7007055081781326, 0.6988026442961625, 0.6956156422898943, 0.6925231252954409, 0.6884721408555987, 0.6831551492453753, 0.6819255436980863, 0.6811458036212018, 0.6804002859080289, 0.6776149727758171, 0.6649815271505106, 0.6521027429937141, 0.6501103195326442, 0.6475853626845154, 0.6465444134488713, 0.6462240852527562, 0.6461652624532935, 0.6460238585266183, 0.6460050851447177, 0.645997293890666, 0.6459927221917711, 0.6459908373523955, 0.6459889076041377, 0.6459884997711205, 0.6459875961544206, 0.645985389036455, 0.645980993884539, 0.6459614540603991, 0.6459178698405525, 0.6457671028972276, 0.6453771454363746, 0.6438621222783419, 0.6414909254325358, 0.6406503707037554, 0.6397003584315268, 0.6382358146003271, 0.6376937268111725, 0.6372483463515373, 0.6366183044898276, 0.6363678657405752]}, "7": {"maxiter": 500, "fatol": 1e-10, "xatol": 1e-10, "duration": 0.6655046939849854, "fun": "0.6362886993311092", "nit": "500", "nfev": "755", "status": "2", "success": "False", "message": "Maximum number of iterations has been exceeded.", "x": "[ 4.39461955  7.1328554   0.75702849  0.52772786 -3.54248343  1.30919488]", "final_simplex": "(array([[ 4.39461955,  7.1328554 ,  0.75702849,  0.52772786, -3.54248343,\n         1.30919488],\n       [ 4.41416207,  7.12345035,  0.73103783,  0.53576018, -3.51507342,\n         1.25588621],\n       [ 4.40141252,  7.12820315,  0.7512035 ,  0.52990076, -3.55316743,\n         1.30248509],\n       [ 4.39861162,  7.11189253,  0.7592055 ,  0.55577934, -3.54630446,\n         1.32512922],\n       [ 4.39085182,  7.15474384,  0.75048057,  0.52917008, -3.55812347,\n         1.29909985],\n       [ 4.38435965,  7.12389785,  0.75522809,  0.53051807, -3.50414296,\n         1.26986212],\n       [ 4.40074537,  7.11876603,  0.72723743,  0.5313909 , -3.57213391,\n         1.32231702]]), array([0.6362887 , 0.63630039, 0.63631929, 0.63634856, 0.63635317,\n       0.63636251, 0.63636787]))", "callback": [0.8869310128350263, 0.8622189825761676, 0.8515290166238357, 0.834419766095684, 0.7866288435273081, 0.7829403330458291, 0.7797329931470134, 0.7762404255640464, 0.7484237500960161, 0.7134372370732003, 0.7007055081781326, 0.6988026442961625, 0.6956156422898943, 0.6925231252954409, 0.6884721408555987, 0.6831551492453753, 0.6819255436980863, 0.6811458036212018, 0.6804002859080289, 0.6776149727758171, 0.6649815271505106, 0.6521027429937141, 0.6501103195326442, 0.6475853626845154, 0.6465444134488713, 0.6462240852527562, 0.6461652624532935, 0.6460238585266183, 0.6460050851447177, 0.645997293890666, 0.6459927221917711, 0.6459908373523955, 0.6459889076041377, 0.6459884997711205, 0.6459875961544206, 0.645985389036455, 0.645980993884539, 0.6459614540603991, 0.6459178698405525, 0.6457671028972276, 0.6453771454363746, 0.6438621222783419, 0.6414909254325358, 0.6406503707037554, 0.6397003584315268, 0.6382358146003271, 0.6376937268111725, 0.6372483463515373, 0.6366183044898276, 0.6363678657405752]}, "8": {"maxiter": 1000, "fatol": 1e-05, "xatol": 1e-05, "duration": 0.9015772342681885, "fun": "0.6361782517996636", "nit": "656", "nfev": "1016", "status": "0", "success": "True", "message": "Optimization terminated successfully.", "x": "[ 4.42053299  7.14088574  0.74607253  0.53941222 -3.5245905   1.29642834]", "final_simplex": "(array([[ 4.42053299,  7.14088574,  0.74607253,  0.53941222, -3.5245905 ,\n         1.29642834],\n       [ 4.42053205,  7.14088169,  0.7460754 ,  0.53941524, -3.5245965 ,\n         1.29643763],\n       [ 4.42053403,  7.14088632,  0.74607769,  0.53941077, -3.52459072,\n         1.29642917],\n       [ 4.42053319,  7.14088195,  0.74607673,  0.53941171, -3.52459111,\n         1.29642696],\n       [ 4.420535  ,  7.14088135,  0.74607402,  0.53941667, -3.52459278,\n         1.29643379],\n       [ 4.42052836,  7.14088973,  0.74607586,  0.53941846, -3.52458837,\n         1.29642753],\n       [ 4.42053518,  7.14089029,  0.74607702,  0.53941404, -3.52459927,\n         1.29643144]]), array([0.63617825, 0.63617825, 0.63617825, 0.63617825, 0.63617825,\n       0.63617825, 0.63617825]))", "callback": [0.8869310128350263, 0.8622189825761676, 0.8515290166238357, 0.834419766095684, 0.7866288435273081, 0.7829403330458291, 0.7797329931470134, 0.7762404255640464, 0.7484237500960161, 0.7134372370732003, 0.7007055081781326, 0.6988026442961625, 0.6956156422898943, 0.6925231252954409, 0.6884721408555987, 0.6831551492453753, 0.6819255436980863, 0.6811458036212018, 0.6804002859080289, 0.6776149727758171, 0.6649815271505106, 0.6521027429937141, 0.6501103195326442, 0.6475853626845154, 0.6465444134488713, 0.6462240852527562, 0.6461652624532935, 0.6460238585266183, 0.6460050851447177, 0.645997293890666, 0.6459927221917711, 0.6459908373523955, 0.6459889076041377, 0.6459884997711205, 0.6459875961544206, 0.645985389036455, 0.645980993884539, 0.6459614540603991, 0.6459178698405525, 0.6457671028972276, 0.6453771454363746, 0.6438621222783419, 0.6414909254325358, 0.6406503707037554, 0.6397003584315268, 0.6382358146003271, 0.6376937268111725, 0.6372483463515373, 0.6366183044898276, 0.6363678657405752, 0.6362734877922303, 0.6362251630579556, 0.6361989261697945, 0.6361827423001561, 0.636180537263632, 0.6361785053177994, 0.6361784065646329, 0.6361783494820348, 0.6361782953675128, 0.6361782602066921, 0.6361782548277364, 0.6361782526314033, 0.6361782520543918, 0.6361782518623922, 0.6361782518125252, 0.6361782518009282]}, "9": {"maxiter": 1000, "fatol": 1e-05, "xatol": 1e-10, "duration": 1.0345711708068848, "fun": "0.6361782517976651", "nit": "756", "nfev": "1236", "status": "0", "success": "True", "message": "Optimization terminated successfully.", "x": "[ 4.42052982  7.1408846   0.74607537  0.53941284 -3.52459248  1.29643056]", "final_simplex": "(array([[ 4.42052982,  7.1408846 ,  0.74607537,  0.53941284, -3.52459248,\n         1.29643056],\n       [ 4.42052982,  7.1408846 ,  0.74607537,  0.53941284, -3.52459248,\n         1.29643056],\n       [ 4.42052982,  7.1408846 ,  0.74607537,  0.53941284, -3.52459248,\n         1.29643056],\n       [ 4.42052982,  7.1408846 ,  0.74607537,  0.53941284, -3.52459248,\n         1.29643056],\n       [ 4.42052982,  7.1408846 ,  0.74607537,  0.53941284, -3.52459248,\n         1.29643056],\n       [ 4.42052982,  7.1408846 ,  0.74607537,  0.53941284, -3.52459248,\n         1.29643056],\n       [ 4.42052982,  7.1408846 ,  0.74607537,  0.53941284, -3.52459248,\n         1.29643056]]), array([0.63617825, 0.63617825, 0.63617825, 0.63617825, 0.63617825,\n       0.63617825, 0.63617825]))", "callback": [0.8869310128350263, 0.8622189825761676, 0.8515290166238357, 0.834419766095684, 0.7866288435273081, 0.7829403330458291, 0.7797329931470134, 0.7762404255640464, 0.7484237500960161, 0.7134372370732003, 0.7007055081781326, 0.6988026442961625, 0.6956156422898943, 0.6925231252954409, 0.6884721408555987, 0.6831551492453753, 0.6819255436980863, 0.6811458036212018, 0.6804002859080289, 0.6776149727758171, 0.6649815271505106, 0.6521027429937141, 0.6501103195326442, 0.6475853626845154, 0.6465444134488713, 0.6462240852527562, 0.6461652624532935, 0.6460238585266183, 0.6460050851447177, 0.645997293890666, 0.6459927221917711, 0.6459908373523955, 0.6459889076041377, 0.6459884997711205, 0.6459875961544206, 0.645985389036455, 0.645980993884539, 0.6459614540603991, 0.6459178698405525, 0.6457671028972276, 0.6453771454363746, 0.6438621222783419, 0.6414909254325358, 0.6406503707037554, 0.6397003584315268, 0.6382358146003271, 0.6376937268111725, 0.6372483463515373, 0.6366183044898276, 0.6363678657405752, 0.6362734877922303, 0.6362251630579556, 0.6361989261697945, 0.6361827423001561, 0.636180537263632, 0.6361785053177994, 0.6361784065646329, 0.6361783494820348, 0.6361782953675128, 0.6361782602066921, 0.6361782548277364, 0.6361782526314033, 0.6361782520543918, 0.6361782518623922, 0.6361782518125252, 0.6361782518009282, 0.6361782517987945, 0.6361782517978328, 0.6361782517977003, 0.6361782517976702, 0.6361782517976668, 0.6361782517976654, 0.6361782517976651, 0.6361782517976651, 0.6361782517976651, 0.6361782517976651]}, "10": {"maxiter": 1000, "fatol": 1e-10, "xatol": 1e-05, "duration": 1.006805658340454, "fun": "0.6361782517996636", "nit": "656", "nfev": "1016", "status": "0", "success": "True", "message": "Optimization terminated successfully.", "x": "[ 4.42053299  7.14088574  0.74607253  0.53941222 -3.5245905   1.29642834]", "final_simplex": "(array([[ 4.42053299,  7.14088574,  0.74607253,  0.53941222, -3.5245905 ,\n         1.29642834],\n       [ 4.42053205,  7.14088169,  0.7460754 ,  0.53941524, -3.5245965 ,\n         1.29643763],\n       [ 4.42053403,  7.14088632,  0.74607769,  0.53941077, -3.52459072,\n         1.29642917],\n       [ 4.42053319,  7.14088195,  0.74607673,  0.53941171, -3.52459111,\n         1.29642696],\n       [ 4.420535  ,  7.14088135,  0.74607402,  0.53941667, -3.52459278,\n         1.29643379],\n       [ 4.42052836,  7.14088973,  0.74607586,  0.53941846, -3.52458837,\n         1.29642753],\n       [ 4.42053518,  7.14089029,  0.74607702,  0.53941404, -3.52459927,\n         1.29643144]]), array([0.63617825, 0.63617825, 0.63617825, 0.63617825, 0.63617825,\n       0.63617825, 0.63617825]))", "callback": [0.8869310128350263, 0.8622189825761676, 0.8515290166238357, 0.834419766095684, 0.7866288435273081, 0.7829403330458291, 0.7797329931470134, 0.7762404255640464, 0.7484237500960161, 0.7134372370732003, 0.7007055081781326, 0.6988026442961625, 0.6956156422898943, 0.6925231252954409, 0.6884721408555987, 0.6831551492453753, 0.6819255436980863, 0.6811458036212018, 0.6804002859080289, 0.6776149727758171, 0.6649815271505106, 0.6521027429937141, 0.6501103195326442, 0.6475853626845154, 0.6465444134488713, 0.6462240852527562, 0.6461652624532935, 0.6460238585266183, 0.6460050851447177, 0.645997293890666, 0.6459927221917711, 0.6459908373523955, 0.6459889076041377, 0.6459884997711205, 0.6459875961544206, 0.645985389036455, 0.645980993884539, 0.6459614540603991, 0.6459178698405525, 0.6457671028972276, 0.6453771454363746, 0.6438621222783419, 0.6414909254325358, 0.6406503707037554, 0.6397003584315268, 0.6382358146003271, 0.6376937268111725, 0.6372483463515373, 0.6366183044898276, 0.6363678657405752, 0.6362734877922303, 0.6362251630579556, 0.6361989261697945, 0.6361827423001561, 0.636180537263632, 0.6361785053177994, 0.6361784065646329, 0.6361783494820348, 0.6361782953675128, 0.6361782602066921, 0.6361782548277364, 0.6361782526314033, 0.6361782520543918, 0.6361782518623922, 0.6361782518125252, 0.6361782518009282]}, "11": {"maxiter": 1000, "fatol": 1e-10, "xatol": 1e-10, "duration": 1.0949201583862305, "fun": "0.6361782517976651", "nit": "756", "nfev": "1236", "status": "0", "success": "True", "message": "Optimization terminated successfully.", "x": "[ 4.42052982  7.1408846   0.74607537  0.53941284 -3.52459248  1.29643056]", "final_simplex": "(array([[ 4.42052982,  7.1408846 ,  0.74607537,  0.53941284, -3.52459248,\n         1.29643056],\n       [ 4.42052982,  7.1408846 ,  0.74607537,  0.53941284, -3.52459248,\n         1.29643056],\n       [ 4.42052982,  7.1408846 ,  0.74607537,  0.53941284, -3.52459248,\n         1.29643056],\n       [ 4.42052982,  7.1408846 ,  0.74607537,  0.53941284, -3.52459248,\n         1.29643056],\n       [ 4.42052982,  7.1408846 ,  0.74607537,  0.53941284, -3.52459248,\n         1.29643056],\n       [ 4.42052982,  7.1408846 ,  0.74607537,  0.53941284, -3.52459248,\n         1.29643056],\n       [ 4.42052982,  7.1408846 ,  0.74607537,  0.53941284, -3.52459248,\n         1.29643056]]), array([0.63617825, 0.63617825, 0.63617825, 0.63617825, 0.63617825,\n       0.63617825, 0.63617825]))", "callback": [0.8869310128350263, 0.8622189825761676, 0.8515290166238357, 0.834419766095684, 0.7866288435273081, 0.7829403330458291, 0.7797329931470134, 0.7762404255640464, 0.7484237500960161, 0.7134372370732003, 0.7007055081781326, 0.6988026442961625, 0.6956156422898943, 0.6925231252954409, 0.6884721408555987, 0.6831551492453753, 0.6819255436980863, 0.6811458036212018, 0.6804002859080289, 0.6776149727758171, 0.6649815271505106, 0.6521027429937141, 0.6501103195326442, 0.6475853626845154, 0.6465444134488713, 0.6462240852527562, 0.6461652624532935, 0.6460238585266183, 0.6460050851447177, 0.645997293890666, 0.6459927221917711, 0.6459908373523955, 0.6459889076041377, 0.6459884997711205, 0.6459875961544206, 0.645985389036455, 0.645980993884539, 0.6459614540603991, 0.6459178698405525, 0.6457671028972276, 0.6453771454363746, 0.6438621222783419, 0.6414909254325358, 0.6406503707037554, 0.6397003584315268, 0.6382358146003271, 0.6376937268111725, 0.6372483463515373, 0.6366183044898276, 0.6363678657405752, 0.6362734877922303, 0.6362251630579556, 0.6361989261697945, 0.6361827423001561, 0.636180537263632, 0.6361785053177994, 0.6361784065646329, 0.6361783494820348, 0.6361782953675128, 0.6361782602066921, 0.6361782548277364, 0.6361782526314033, 0.6361782520543918, 0.6361782518623922, 0.6361782518125252, 0.6361782518009282, 0.6361782517987945, 0.6361782517978328, 0.6361782517977003, 0.6361782517976702, 0.6361782517976668, 0.6361782517976654, 0.6361782517976651, 0.6361782517976651, 0.6361782517976651, 0.6361782517976651]}}, "bfgs": {"type": "gradient", "0": {"maxiter": 100, "gtol": 1e-05, "xrtol": 1e-05, "eps": 1e-05, "duration": 0.20025253295898438, "fun": "0.6361782520134462", "jac": "[ 2.44896325e-06 -1.08878462e-06  1.52624580e-06  4.01841893e-06\n -2.43471909e-07 -3.90094623e-06]", "hess_inv": "[[ 5.69854171e+00  7.49544152e-02 -4.41407172e-01 -2.03051737e-01\n  -2.10702505e+00  1.14246882e+00]\n [ 7.49544152e-02  8.21467655e+00  4.51344347e-01  8.64600713e-01\n  -1.81904305e+00 -2.06823280e+00]\n [-4.41407172e-01  4.51344347e-01  7.80977551e+00  1.71173399e-01\n   1.52542914e-02  3.51860294e+00]\n [-2.03051737e-01  8.64600713e-01  1.71173399e-01  6.21595602e+00\n  -3.87388136e-01  1.31012726e-02]\n [-2.10702505e+00 -1.81904305e+00  1.52542914e-02 -3.87388136e-01\n   2.07965913e+01 -1.66263719e+01]\n [ 1.14246882e+00 -2.06823280e+00  3.51860294e+00  1.31012726e-02\n  -1.66263719e+01  2.29022940e+01]]", "nfev": "238", "njev": "34", "status": "0", "success": "True", "message": "Optimization terminated successfully.", "x": "[ 4.42053478  7.14088295  0.74606307 -0.53939083 -0.38293853 -1.84525248]", "nit": "32", "callback": [0.8815126044709868, 0.8636703957438935, 0.8548499702264112, 0.8408952798865881, 0.8180267974241222, 0.7813647139795684, 0.7362234183775547, 0.7258296062641221, 0.7222171494162788, 0.7167918132626325, 0.7111216950768177, 0.7070260795696887, 0.70395457729726, 0.6992487290029876, 0.6915253223414766, 0.6812538890995755, 0.6652195344833027, 0.6491433494459907, 0.6435712315110662, 0.6410684966803901, 0.6391291691764144, 0.6374711929902824, 0.6369088604236236, 0.6367942245965359, 0.6367382782323149, 0.6366405584216931, 0.6364782030357365, 0.636269992095045, 0.6362028466290128, 0.6361793104141884, 0.6361782840583479, 0.6361782520134462]}, "1": {"maxiter": 100, "gtol": 1e-05, "xrtol": 1e-05, "eps": 1e-10, "duration": 0.18668651580810547, "fun": "0.6361782520263007", "jac": "[ 3.33066880e-06 -1.11022293e-06  0.00000000e+00  3.33066880e-06\n  0.00000000e+00 -4.44089173e-06]", "hess_inv": "[[ 5.71141411e+00  7.27279317e-02 -4.55100686e-01 -1.99199489e-01\n  -2.10678281e+00  1.13111008e+00]\n [ 7.27279317e-02  8.21267602e+00  4.52001220e-01  8.63813757e-01\n  -1.81369535e+00 -2.07125694e+00]\n [-4.55100686e-01  4.52001220e-01  7.80716259e+00  1.67969961e-01\n   3.60256352e-02  3.50405397e+00]\n [-1.99199489e-01  8.63813757e-01  1.67969961e-01  6.21834893e+00\n  -3.82626148e-01  5.20971837e-03]\n [-2.10678281e+00 -1.81369535e+00  3.60256352e-02 -3.82626148e-01\n   2.07718895e+01 -1.65951347e+01]\n [ 1.13111008e+00 -2.07125694e+00  3.50405397e+00  5.20971837e-03\n  -1.65951347e+01  2.28721230e+01]]", "nfev": "238", "njev": "34", "status": "0", "success": "True", "message": "Optimization terminated successfully.", "x": "[ 4.42054195  7.14088794  0.74606721 -0.53938648 -0.38293564 -1.84524932]", "nit": "32", "callback": [0.8815127924885923, 0.8636714776557074, 0.8548510940099714, 0.8408958822440833, 0.8180258779778362, 0.7813616701244718, 0.7362203535438352, 0.7258271424938174, 0.7222142731738298, 0.7167884125833169, 0.7111180968540247, 0.7070224419540423, 0.7039508926446438, 0.6992450499381934, 0.6915216175621165, 0.6812515434398769, 0.6652176894149513, 0.6491399267884578, 0.6435720841215442, 0.6410682279786196, 0.6391289189935977, 0.6374717513136344, 0.6369087525950613, 0.6367939743614223, 0.6367380628421236, 0.6366403944532063, 0.6364780763230107, 0.6362698937512824, 0.6362028208939705, 0.636179303148497, 0.6361782835766853, 0.6361782520263007]}, "2": {"maxiter": 100, "gtol": 1e-05, "xrtol": 1e-10, "eps": 1e-05, "duration": 0.2187802791595459, "fun": "0.6361782520134462", "jac": "[ 2.44896325e-06 -1.08878462e-06  1.52624580e-06  4.01841893e-06\n -2.43471909e-07 -3.90094623e-06]", "hess_inv": "[[ 5.69854171e+00  7.49544152e-02 -4.41407172e-01 -2.03051737e-01\n  -2.10702505e+00  1.14246882e+00]\n [ 7.49544152e-02  8.21467655e+00  4.51344347e-01  8.64600713e-01\n  -1.81904305e+00 -2.06823280e+00]\n [-4.41407172e-01  4.51344347e-01  7.80977551e+00  1.71173399e-01\n   1.52542914e-02  3.51860294e+00]\n [-2.03051737e-01  8.64600713e-01  1.71173399e-01  6.21595602e+00\n  -3.87388136e-01  1.31012726e-02]\n [-2.10702505e+00 -1.81904305e+00  1.52542914e-02 -3.87388136e-01\n   2.07965913e+01 -1.66263719e+01]\n [ 1.14246882e+00 -2.06823280e+00  3.51860294e+00  1.31012726e-02\n  -1.66263719e+01  2.29022940e+01]]", "nfev": "238", "njev": "34", "status": "0", "success": "True", "message": "Optimization terminated successfully.", "x": "[ 4.42053478  7.14088295  0.74606307 -0.53939083 -0.38293853 -1.84525248]", "nit": "32", "callback": [0.8815126044709868, 0.8636703957438935, 0.8548499702264112, 0.8408952798865881, 0.8180267974241222, 0.7813647139795684, 0.7362234183775547, 0.7258296062641221, 0.7222171494162788, 0.7167918132626325, 0.7111216950768177, 0.7070260795696887, 0.70395457729726, 0.6992487290029876, 0.6915253223414766, 0.6812538890995755, 0.6652195344833027, 0.6491433494459907, 0.6435712315110662, 0.6410684966803901, 0.6391291691764144, 0.6374711929902824, 0.6369088604236236, 0.6367942245965359, 0.6367382782323149, 0.6366405584216931, 0.6364782030357365, 0.636269992095045, 0.6362028466290128, 0.6361793104141884, 0.6361782840583479, 0.6361782520134462]}, "3": {"maxiter": 100, "gtol": 1e-05, "xrtol": 1e-10, "eps": 1e-10, "duration": 0.24007821083068848, "fun": "0.6361782520263007", "jac": "[ 3.33066880e-06 -1.11022293e-06  0.00000000e+00  3.33066880e-06\n  0.00000000e+00 -4.44089173e-06]", "hess_inv": "[[ 5.71141411e+00  7.27279317e-02 -4.55100686e-01 -1.99199489e-01\n  -2.10678281e+00  1.13111008e+00]\n [ 7.27279317e-02  8.21267602e+00  4.52001220e-01  8.63813757e-01\n  -1.81369535e+00 -2.07125694e+00]\n [-4.55100686e-01  4.52001220e-01  7.80716259e+00  1.67969961e-01\n   3.60256352e-02  3.50405397e+00]\n [-1.99199489e-01  8.63813757e-01  1.67969961e-01  6.21834893e+00\n  -3.82626148e-01  5.20971837e-03]\n [-2.10678281e+00 -1.81369535e+00  3.60256352e-02 -3.82626148e-01\n   2.07718895e+01 -1.65951347e+01]\n [ 1.13111008e+00 -2.07125694e+00  3.50405397e+00  5.20971837e-03\n  -1.65951347e+01  2.28721230e+01]]", "nfev": "238", "njev": "34", "status": "0", "success": "True", "message": "Optimization terminated successfully.", "x": "[ 4.42054195  7.14088794  0.74606721 -0.53938648 -0.38293564 -1.84524932]", "nit": "32", "callback": [0.8815127924885923, 0.8636714776557074, 0.8548510940099714, 0.8408958822440833, 0.8180258779778362, 0.7813616701244718, 0.7362203535438352, 0.7258271424938174, 0.7222142731738298, 0.7167884125833169, 0.7111180968540247, 0.7070224419540423, 0.7039508926446438, 0.6992450499381934, 0.6915216175621165, 0.6812515434398769, 0.6652176894149513, 0.6491399267884578, 0.6435720841215442, 0.6410682279786196, 0.6391289189935977, 0.6374717513136344, 0.6369087525950613, 0.6367939743614223, 0.6367380628421236, 0.6366403944532063, 0.6364780763230107, 0.6362698937512824, 0.6362028208939705, 0.636179303148497, 0.6361782835766853, 0.6361782520263007]}, "4": {"maxiter": 100, "gtol": 1e-10, "xrtol": 1e-05, "eps": 1e-05, "duration": 0.20000910758972168, "fun": "0.6361782518107717", "jac": "[-2.04281037e-09  9.17044218e-09 -1.22346577e-08  1.23900890e-08\n -8.99280650e-09 -2.22044605e-09]", "hess_inv": "[[ 5.61558086e+00  5.76184773e-02 -4.42882024e-01 -1.91270278e-01\n  -1.80812149e+00  8.64190913e-01]\n [ 5.76184773e-02  8.19991519e+00  4.57452129e-01  8.31924660e-01\n  -1.87590117e+00 -1.98366650e+00]\n [-4.42882024e-01  4.57452129e-01  7.80809905e+00  1.68368785e-01\n   9.75391647e-03  3.52770372e+00]\n [-1.91270278e-01  8.31924660e-01  1.68368785e-01  6.36780484e+00\n   9.80667240e-02 -5.91457957e-01]\n [-1.80812149e+00 -1.87590117e+00  9.75391647e-03  9.80667240e-02\n   2.15347937e+01 -1.78381186e+01]\n [ 8.64190913e-01 -1.98366650e+00  3.52770372e+00 -5.91457957e-01\n  -1.78381186e+01  2.46698397e+01]]", "nfev": "252", "njev": "36", "status": "0", "success": "True", "message": "Optimization terminated successfully.", "x": "[ 4.42052547  7.1408795   0.74606582 -0.53941758 -0.38300089 -1.84516787]", "nit": "34", "callback": [0.8815126044709868, 0.8636703957438935, 0.8548499702264112, 0.8408952798865881, 0.8180267974241222, 0.7813647139795684, 0.7362234183775547, 0.7258296062641221, 0.7222171494162788, 0.7167918132626325, 0.7111216950768177, 0.7070260795696887, 0.70395457729726, 0.6992487290029876, 0.6915253223414766, 0.6812538890995755, 0.6652195344833027, 0.6491433494459907, 0.6435712315110662, 0.6410684966803901, 0.6391291691764144, 0.6374711929902824, 0.6369088604236236, 0.6367942245965359, 0.6367382782323149, 0.6366405584216931, 0.6364782030357365, 0.636269992095045, 0.6362028466290128, 0.6361793104141884, 0.6361782840583479, 0.6361782520134462, 0.6361782518107745, 0.6361782518107717]}, "5": {"maxiter": 100, "gtol": 1e-10, "xrtol": 1e-05, "eps": 1e-10, "duration": 0.24125242233276367, "fun": "0.6361782518021486", "jac": "[0.00000000e+00 1.11022293e-06 0.00000000e+00 0.00000000e+00\n 0.00000000e+00 0.00000000e+00]", "hess_inv": "[[  5.40048866  -0.05385035  -0.16512838  -0.18483422  -2.50442253\n    1.84811727]\n [ -0.05385035   8.15918389   0.6271252    0.75209196  -2.42502008\n   -1.22295311]\n [ -0.16512838   0.6271252    7.4416514    0.12017734   0.84063155\n    2.35414316]\n [ -0.18483422   0.75209196   0.12017734   6.79669361   0.60167694\n   -1.34682078]\n [ -2.50442253  -2.42502008   0.84063155   0.60167694  19.3911026\n  -15.04872654]\n [  1.84811727  -1.22295311   2.35414316  -1.34682078 -15.04872654\n   20.99902195]]", "nfev": "252", "njev": "36", "status": "0", "success": "True", "message": "Optimization terminated successfully.", "x": "[ 4.42053273  7.14088925  0.74607851 -0.53941365 -0.38299883 -1.84515909]", "nit": "34", "callback": [0.8815127924885923, 0.8636714776557074, 0.8548510940099714, 0.8408958822440833, 0.8180258779778362, 0.7813616701244718, 0.7362203535438352, 0.7258271424938174, 0.7222142731738298, 0.7167884125833169, 0.7111180968540247, 0.7070224419540423, 0.7039508926446438, 0.6992450499381934, 0.6915216175621165, 0.6812515434398769, 0.6652176894149513, 0.6491399267884578, 0.6435720841215442, 0.6410682279786196, 0.6391289189935977, 0.6374717513136344, 0.6369087525950613, 0.6367939743614223, 0.6367380628421236, 0.6366403944532063, 0.6364780763230107, 0.6362698937512824, 0.6362028208939705, 0.636179303148497, 0.6361782835766853, 0.6361782520263007, 0.636178251813266, 0.6361782518021486]}, "6": {"maxiter": 100, "gtol": 1e-10, "xrtol": 1e-10, "eps": 1e-05, "duration": 0.20955300331115723, "fun": "0.6361782518107315", "jac": "[-8.88178420e-11 -3.33066907e-11 -1.11022302e-11 -1.11022302e-11\n -2.22044605e-11 -3.33066907e-11]", "hess_inv": "[[ 5.60257778e+00  2.18565141e-02 -4.28277517e-01 -2.05741037e-01\n  -1.82120123e+00  8.92184603e-01]\n [ 2.18565141e-02  7.49296218e+00  9.28474198e-01  5.05043828e-01\n  -1.40116967e+00 -1.99018479e+00]\n [-4.28277517e-01  9.28474198e-01  7.55845396e+00  2.95096521e-01\n  -9.08398407e-02  3.46541247e+00]\n [-2.05741037e-01  5.05043828e-01  2.95096521e-01  6.33616219e+00\n   6.15925486e-03 -4.83427125e-01]\n [-1.82120123e+00 -1.40116967e+00 -9.08398407e-02  6.15925486e-03\n   2.19379738e+01 -1.80485510e+01]\n [ 8.92184603e-01 -1.99018479e+00  3.46541247e+00 -4.83427125e-01\n  -1.80485510e+01  2.47108810e+01]]", "nfev": "266", "njev": "38", "status": "0", "success": "True", "message": "Optimization terminated successfully.", "x": "[ 4.42052546  7.14087942  0.74606591 -0.53941766 -0.38300073 -1.84516791]", "nit": "36", "callback": [0.8815126044709868, 0.8636703957438935, 0.8548499702264112, 0.8408952798865881, 0.8180267974241222, 0.7813647139795684, 0.7362234183775547, 0.7258296062641221, 0.7222171494162788, 0.7167918132626325, 0.7111216950768177, 0.7070260795696887, 0.70395457729726, 0.6992487290029876, 0.6915253223414766, 0.6812538890995755, 0.6652195344833027, 0.6491433494459907, 0.6435712315110662, 0.6410684966803901, 0.6391291691764144, 0.6374711929902824, 0.6369088604236236, 0.6367942245965359, 0.6367382782323149, 0.6366405584216931, 0.6364782030357365, 0.636269992095045, 0.6362028466290128, 0.6361793104141884, 0.6361782840583479, 0.6361782520134462, 0.6361782518107745, 0.6361782518107717, 0.6361782518107426, 0.6361782518107315]}, "7": {"maxiter": 100, "gtol": 1e-10, "xrtol": 1e-10, "eps": 1e-10, "duration": 0.4545435905456543, "fun": "0.6361782518007363", "jac": "[1.11022293e-06 1.11022293e-06 1.11022293e-06 1.11022293e-06\n 1.11022293e-06 1.11022293e-06]", "hess_inv": "[[ 0.94467299  0.75266325 -1.79828857 -1.33466087 -0.70306521  1.68814762]\n [ 0.75266325  0.62658907 -1.46178315 -1.07321959 -0.56196621  1.36470167]\n [-1.79828857 -1.46178315  3.46237718  2.54781989  1.34673827 -3.24695313]\n [-1.33466087 -1.07321959  2.54781989  1.90918426  0.98446099 -2.38221109]\n [-0.70306521 -0.56196621  1.34673827  0.98446099  0.54774424 -1.28482494]\n [ 1.68814762  1.36470167 -3.24695313 -2.38221109 -1.28482494  3.0798117 ]]", "nfev": "504", "njev": "72", "status": "0", "success": "True", "message": "Optimization terminated successfully.", "x": "[ 4.42053237  7.14088578  0.74608014 -0.53941241 -0.38299604 -1.84516166]", "nit": "47", "callback": [0.8815127924885923, 0.8636714776557074, 0.8548510940099714, 0.8408958822440833, 0.8180258779778362, 0.7813616701244718, 0.7362203535438352, 0.7258271424938174, 0.7222142731738298, 0.7167884125833169, 0.7111180968540247, 0.7070224419540423, 0.7039508926446438, 0.6992450499381934, 0.6915216175621165, 0.6812515434398769, 0.6652176894149513, 0.6491399267884578, 0.6435720841215442, 0.6410682279786196, 0.6391289189935977, 0.6374717513136344, 0.6369087525950613, 0.6367939743614223, 0.6367380628421236, 0.6366403944532063, 0.6364780763230107, 0.6362698937512