{"conf_id": 6, "data_type": "random\n", "num_data_points": 1, "s_rank": 0, "unitary": "[[-0.56303964-0.00798273j,-0.21670212-0.15784972j,-0.06047197-0.73952673j,-0.01438004+0.24552571j],[-0.06976756+0.23474685j,-0.01275565-0.5435098j,-0.02703657-0.08917885j,-0.08210486-0.79311774j],[-0.38559961+0.10714929j,0.5933431-0.2687392j,-0.24060861+0.29149289j,-0.45147719+0.26241743j],[-0.50180421+0.45931857j,-0.11617175+0.44134496j,0.49642745+0.22684508j,-0.08544628-0.15407063j]]", "databatch_0": {"databatch": "[[[0.36710987-0.16365503j,-0.14622709+0.21158961j,-0.10012118+0.1207779j,-0.01911325+0.14084891j],[0.24682593-0.19527458j,-0.18405057+0.07027965j,-0.08788909+0.17173535j,-0.16562656+0.05309288j],[0.15287225-0.08205305j,-0.32576065+0.20215266j,0.03593997+0.15332315j,-0.21680394+0.31333213j],[0.11575056-0.19485065j,0.06424287+0.25897354j,0.03265725+0.04913167j,0.16138829+0.1516147j]]]", "nelder_mead": {"0": {"maxiter": 100, "fatol": 1e-05, "xatol": 1e-05, "duration": 0.029320240020751953, "fun": "0.18024556781174728", "nit": "100", "nfev": "166", "status": "2", "success": "False", "message": "Maximum number of iterations has been exceeded.", "x": "[6.7183416  1.83622817 4.56414269 2.79092585 3.10006538 2.40854073]", "final_simplex": "(array([[6.7183416 , 1.83622817, 4.56414269, 2.79092585, 3.10006538,\n        2.40854073],\n       [6.75421417, 1.80496478, 4.56886098, 2.74649296, 3.1201163 ,\n        2.42531817],\n       [6.78395323, 1.84593557, 4.54087994, 2.79924692, 3.10308575,\n        2.41527941],\n       [6.62007542, 1.67931606, 4.72845221, 2.75089766, 3.12292758,\n        2.42004407],\n       [6.63832161, 1.68676842, 4.71411853, 2.77854068, 3.13508252,\n        2.42384751],\n       [6.67540011, 1.69899908, 4.68076465, 2.76166198, 3.14296743,\n        2.42922411],\n       [6.60533768, 1.64472651, 4.78241319, 2.73809071, 3.1292185 ,\n        2.40949035]]), array([0.18024557, 0.181179  , 0.18177379, 0.18199771, 0.18213168,\n       0.18229127, 0.18279299]))"}, "1": {"maxiter": 100, "fatol": 1e-05, "xatol": 1e-10, "duration": 0.0290679931640625, "fun": "0.18024556781174728", "nit": "100", "nfev": "166", "status": "2", "success": "False", "message": "Maximum number of iterations has been exceeded.", "x": "[6.7183416  1.83622817 4.56414269 2.79092585 3.10006538 2.40854073]", "final_simplex": "(array([[6.7183416 , 1.83622817, 4.56414269, 2.79092585, 3.10006538,\n        2.40854073],\n       [6.75421417, 1.80496478, 4.56886098, 2.74649296, 3.1201163 ,\n        2.42531817],\n       [6.78395323, 1.84593557, 4.54087994, 2.79924692, 3.10308575,\n        2.41527941],\n       [6.62007542, 1.67931606, 4.72845221, 2.75089766, 3.12292758,\n        2.42004407],\n       [6.63832161, 1.68676842, 4.71411853, 2.77854068, 3.13508252,\n        2.42384751],\n       [6.67540011, 1.69899908, 4.68076465, 2.76166198, 3.14296743,\n        2.42922411],\n       [6.60533768, 1.64472651, 4.78241319, 2.73809071, 3.1292185 ,\n        2.40949035]]), array([0.18024557, 0.181179  , 0.18177379, 0.18199771, 0.18213168,\n       0.18229127, 0.18279299]))"}, "2": {"maxiter": 100, "fatol": 1e-10, "xatol": 1e-05, "duration": 0.029106855392456055, "fun": "0.18024556781174728", "nit": "100", "nfev": "166", "status": "2", "success": "False", "message": "Maximum number of iterations has been exceeded.", "x": "[6.7183416  1.83622817 4.56414269 2.79092585 3.10006538 2.40854073]", "final_simplex": "(array([[6.7183416 , 1.83622817, 4.56414269, 2.79092585, 3.10006538,\n        2.40854073],\n       [6.75421417, 1.80496478, 4.56886098, 2.74649296, 3.1201163 ,\n        2.42531817],\n       [6.78395323, 1.84593557, 4.54087994, 2.79924692, 3.10308575,\n        2.41527941],\n       [6.62007542, 1.67931606, 4.72845221, 2.75089766, 3.12292758,\n        2.42004407],\n       [6.63832161, 1.68676842, 4.71411853, 2.77854068, 3.13508252,\n        2.42384751],\n       [6.67540011, 1.69899908, 4.68076465, 2.76166198, 3.14296743,\n        2.42922411],\n       [6.60533768, 1.64472651, 4.78241319, 2.73809071, 3.1292185 ,\n        2.40949035]]), array([0.18024557, 0.181179  , 0.18177379, 0.18199771, 0.18213168,\n       0.18229127, 0.18279299]))"}, "3": {"maxiter": 100, "fatol": 1e-10, "xatol": 1e-10, "duration": 0.029149293899536133, "fun": "0.18024556781174728", "nit": "100", "nfev": "166", "status": "2", "success": "False", "message": "Maximum number of iterations has been exceeded.", "x": "[6.7183416  1.83622817 4.56414269 2.79092585 3.10006538 2.40854073]", "final_simplex": "(array([[6.7183416 , 1.83622817, 4.56414269, 2.79092585, 3.10006538,\n        2.40854073],\n       [6.75421417, 1.80496478, 4.56886098, 2.74649296, 3.1201163 ,\n        2.42531817],\n       [6.78395323, 1.84593557, 4.54087994, 2.79924692, 3.10308575,\n        2.41527941],\n       [6.62007542, 1.67931606, 4.72845221, 2.75089766, 3.12292758,\n        2.42004407],\n       [6.63832161, 1.68676842, 4.71411853, 2.77854068, 3.13508252,\n        2.42384751],\n       [6.67540011, 1.69899908, 4.68076465, 2.76166198, 3.14296743,\n        2.42922411],\n       [6.60533768, 1.64472651, 4.78241319, 2.73809071, 3.1292185 ,\n        2.40949035]]), array([0.18024557, 0.181179  , 0.18177379, 0.18199771, 0.18213168,\n       0.18229127, 0.18279299]))"}, "4": {"maxiter": 500, "fatol": 1e-05, "xatol": 1e-05, "duration": 0.12289214134216309, "fun": "0.17089099937398589", "nit": "449", "nfev": "701", "status": "0", "success": "True", "message": "Optimization terminated successfully.", "x": "[6.58104459 2.79141934 3.6859524  2.58535533 3.01745336 2.3577065 ]", "final_simplex": "(array([[6.58104459, 2.79141934, 3.6859524 , 2.58535533, 3.01745336,\n        2.3577065 ],\n       [6.58104577, 2.79142182, 3.68595025, 2.58535322, 3.01745283,\n        2.357705  ],\n       [6.58104619, 2.79140936, 3.68596176, 2.58535549, 3.01745564,\n        2.35770935],\n       [6.58104489, 2.79142036, 3.68595245, 2.58535418, 3.01745277,\n        2.35770519],\n       [6.58104446, 2.79142225, 3.68595047, 2.58535676, 3.01745354,\n        2.3577079 ],\n       [6.58104578, 2.79142906, 3.68594259, 2.58535205, 3.01744903,\n        2.35770227],\n       [6.58104471, 2.79142577, 3.68594634, 2.58535266, 3.01745517,\n        2.35770767]]), array([0.170891, 0.170891, 0.170891, 0.170891, 0.170891, 0.170891,\n       0.170891]))"}, "5": {"maxiter": 500, "fatol": 1e-05, "xatol": 1e-10, "duration": 0.1393280029296875, "fun": "0.1708909993738008", "nit": "500", "nfev": "796", "status": "2", "success": "False", "message": "Maximum number of iterations has been exceeded.", "x": "[6.58104533 2.79142067 3.68595107 2.58535444 3.01745366 2.35770699]", "final_simplex": "(array([[6.58104533, 2.79142067, 3.68595107, 2.58535444, 3.01745366,\n        2.35770699],\n       [6.58104535, 2.79142063, 3.68595112, 2.58535444, 3.01745364,\n        2.35770699],\n       [6.58104535, 2.79142061, 3.68595114, 2.58535443, 3.01745366,\n        2.35770701],\n       [6.58104536, 2.79142064, 3.68595109, 2.58535442, 3.01745366,\n        2.35770701],\n       [6.58104535, 2.79142052, 3.68595123, 2.58535446, 3.0174537 ,\n        2.35770705],\n       [6.58104534, 2.79142066, 3.68595109, 2.58535443, 3.01745365,\n        2.357707  ],\n       [6.58104534, 2.79142059, 3.68595115, 2.58535447, 3.01745367,\n        2.35770703]]), array([0.170891, 0.170891, 0.170891, 0.170891, 0.170891, 0.170891,\n       0.170891]))"}, "6": {"maxiter": 500, "fatol": 1e-10, "xatol": 1e-05, "duration": 0.12032508850097656, "fun": "0.17089099937398589", "nit": "449", "nfev": "701", "status": "0", "success": "True", "message": "Optimization terminated successfully.", "x": "[6.58104459 2.79141934 3.6859524  2.58535533 3.01745336 2.3577065 ]", "final_simplex": "(array([[6.58104459, 2.79141934, 3.6859524 , 2.58535533, 3.01745336,\n        2.3577065 ],\n       [6.58104577, 2.79142182, 3.68595025, 2.58535322, 3.01745283,\n        2.357705  ],\n       [6.58104619, 2.79140936, 3.68596176, 2.58535549, 3.01745564,\n        2.35770935],\n       [6.58104489, 2.79142036, 3.68595245, 2.58535418, 3.01745277,\n        2.35770519],\n       [6.58104446, 2.79142225, 3.68595047, 2.58535676, 3.01745354,\n        2.3577079 ],\n       [6.58104578, 2.79142906, 3.68594259, 2.58535205, 3.01744903,\n        2.35770227],\n       [6.58104471, 2.79142577, 3.68594634, 2.58535266, 3.01745517,\n        2.35770767]]), array([0.170891, 0.170891, 0.170891, 0.170891, 0.170891, 0.170891,\n       0.170891]))"}, "7": {"maxiter": 500, "fatol": 1e-10, "xatol": 1e-10, "duration": 0.13303804397583008, "fun": "0.1708909993738008", "nit": "500", "nfev": "796", "status": "2", "success": "False", "message": "Maximum number of iterations has been exceeded.", "x": "[6.58104533 2.79142067 3.68595107 2.58535444 3.01745366 2.35770699]", "final_simplex": "(array([[6.58104533, 2.79142067, 3.68595107, 2.58535444, 3.01745366,\n        2.35770699],\n       [6.58104535, 2.79142063, 3.68595112, 2.58535444, 3.01745364,\n        2.35770699],\n       [6.58104535, 2.79142061, 3.68595114, 2.58535443, 3.01745366,\n        2.35770701],\n       [6.58104536, 2.79142064, 3.68595109, 2.58535442, 3.01745366,\n        2.35770701],\n       [6.58104535, 2.79142052, 3.68595123, 2.58535446, 3.0174537 ,\n        2.35770705],\n       [6.58104534, 2.79142066, 3.68595109, 2.58535443, 3.01745365,\n        2.357707  ],\n       [6.58104534, 2.79142059, 3.68595115, 2.58535447, 3.01745367,\n        2.35770703]]), array([0.170891, 0.170891, 0.170891, 0.170891, 0.170891, 0.170891,\n       0.170891]))"}, "8": {"maxiter": 1000, "fatol": 1e-05, "xatol": 1e-05, "duration": 0.11699986457824707, "fun": "0.17089099937398589", "nit": "449", "nfev": "701", "status": "0", "success": "True", "message": "Optimization terminated successfully.", "x": "[6.58104459 2.79141934 3.6859524  2.58535533 3.01745336 2.3577065 ]", "final_simplex": "(array([[6.58104459, 2.79141934, 3.6859524 , 2.58535533, 3.01745336,\n        2.3577065 ],\n       [6.58104577, 2.79142182, 3.68595025, 2.58535322, 3.01745283,\n        2.357705  ],\n       [6.58104619, 2.79140936, 3.68596176, 2.58535549, 3.01745564,\n        2.35770935],\n       [6.58104489, 2.79142036, 3.68595245, 2.58535418, 3.01745277,\n        2.35770519],\n       [6.58104446, 2.79142225, 3.68595047, 2.58535676, 3.01745354,\n        2.3577079 ],\n       [6.58104578, 2.79142906, 3.68594259, 2.58535205, 3.01744903,\n        2.35770227],\n       [6.58104471, 2.79142577, 3.68594634, 2.58535266, 3.01745517,\n        2.35770767]]), array([0.170891, 0.170891, 0.170891, 0.170891, 0.170891, 0.170891,\n       0.170891]))"}, "9": {"maxiter": 1000, "fatol": 1e-05, "xatol": 1e-10, "duration": 0.1585981845855713, "fun": "0.1708909993738007", "nit": "539", "nfev": "918", "status": "0", "success": "True", "message": "Optimization terminated successfully.", "x": "[6.58104534 2.79142069 3.68595105 2.58535443 3.01745366 2.35770699]", "final_simplex": "(array([[6.58104534, 2.79142069, 3.68595105, 2.58535443, 3.01745366,\n        2.35770699],\n       [6.58104534, 2.79142069, 3.68595105, 2.58535443, 3.01745366,\n        2.35770699],\n       [6.58104534, 2.79142069, 3.68595105, 2.58535443, 3.01745366,\n        2.35770699],\n       [6.58104534, 2.79142069, 3.68595105, 2.58535443, 3.01745366,\n        2.35770699],\n       [6.58104534, 2.79142069, 3.68595105, 2.58535443, 3.01745366,\n        2.35770699],\n       [6.58104534, 2.79142069, 3.68595105, 2.58535443, 3.01745366,\n        2.35770699],\n       [6.58104534, 2.79142069, 3.68595105, 2.58535443, 3.01745366,\n        2.35770699]]), array([0.170891, 0.170891, 0.170891, 0.170891, 0.170891, 0.170891,\n       0.170891]))"}, "10": {"maxiter": 1000, "fatol": 1e-10, "xatol": 1e-05, "duration": 0.11922907829284668, "fun": "0.17089099937398589", "nit": "449", "nfev": "701", "status": "0", "success": "True", "message": "Optimization terminated successfully.", "x": "[6.58104459 2.79141934 3.6859524  2.58535533 3.01745336 2.3577065 ]", "final_simplex": "(array([[6.58104459, 2.79141934, 3.6859524 , 2.58535533, 3.01745336,\n        2.3577065 ],\n       [6.58104577, 2.79142182, 3.68595025, 2.58535322, 3.01745283,\n        2.357705  ],\n       [6.58104619, 2.79140936, 3.68596176, 2.58535549, 3.01745564,\n        2.35770935],\n       [6.58104489, 2.79142036, 3.68595245, 2.58535418, 3.01745277,\n        2.35770519],\n       [6.58104446, 2.79142225, 3.68595047, 2.58535676, 3.01745354,\n        2.3577079 ],\n       [6.58104578, 2.79142906, 3.68594259, 2.58535205, 3.01744903,\n        2.35770227],\n       [6.58104471, 2.79142577, 3.68594634, 2.58535266, 3.01745517,\n        2.35770767]]), array([0.170891, 0.170891, 0.170891, 0.170891, 0.170891, 0.170891,\n       0.170891]))"}, "11": {"maxiter": 1000, "fatol": 1e-10, "xatol": 1e-10, "duration": 0.15309739112854004, "fun": "0.1708909993738007", "nit": "539", "nfev": "918", "status": "0", "success": "True", "message": "Optimization terminated successfully.", "x": "[6.58104534 2.79142069 3.68595105 2.58535443 3.01745366 2.35770699]", "final_simplex": "(array([[6.58104534, 2.79142069, 3.68595105, 2.58535443, 3.01745366,\n        2.35770699],\n       [6.58104534, 2.79142069, 3.68595105, 2.58535443, 3.01745366,\n        2.35770699],\n       [6.58104534, 2.79142069, 3.68595105, 2.58535443, 3.01745366,\n        2.35770699],\n       [6.58104534, 2.79142069, 3.68595105, 2.58535443, 3.01745366,\n        2.35770699],\n       [6.58104534, 2.79142069, 3.68595105, 2.58535443, 3.01745366,\n        2.35770699],\n       [6.58104534, 2.79142069, 3.68595105, 2.58535443, 3.01745366,\n        2.35770699],\n       [6.58104534, 2.79142069, 3.68595105, 2.58535443, 3.01745366,\n        2.35770699]]), array([0.170891, 0.170891, 0.170891, 0.170891, 0.170891, 0.170891,\n       0.170891]))"}}, "bfgs": {"0": {"maxiter": 100, "gtol": 1e-05, "xrtol": 1e-05, "eps": 1e-05, "duration": 0.03856992721557617, "fun": "0.17089099960555842", "jac": "[ 6.61748434e-07 -6.34048369e-08 -4.80415707e-07  2.96511704e-06\n -2.49653631e-06  1.60746971e-06]", "hess_inv": "[[   3.20761095   -6.36887868    6.11884374   -0.21057653    0.32754354\n     1.08487224]\n [  -6.36887868  152.89482749 -147.07933764  -28.95155636  -36.65600537\n   -39.93903094]\n [   6.11884374 -147.07933764  143.80453515   28.02271419   34.32085003\n    37.74283737]\n [  -0.21057653  -28.95155636   28.02271419   11.87368964   10.85671208\n    11.608915  ]\n [   0.32754354  -36.65600537   34.32085003   10.85671208   20.52589643\n    20.49127257]\n [   1.08487224  -39.93903094   37.74283737   11.608915     20.49127257\n    23.32756743]]", "nfev": "224", "njev": "32", "status": "0", "success": "True", "message": "Optimization terminated successfully.", "x": "[6.58103636 2.79162001 3.68576027 2.5853196  3.01736261 2.357616  ]", "nit": "31"}, "1": {"maxiter": 100, "gtol": 1e-05, "xrtol": 1e-05, "eps": 1e-10, "duration": 0.03832507133483887, "fun": "0.1708909997533864", "jac": "[ 3.33066880e-06 -2.22044587e-06 -3.33066880e-06  1.11022293e-06\n -7.77156053e-06  3.33066880e-06]", "hess_inv": "[[   3.18124042   -5.8447393     5.55254974   -0.32467319    0.2454708\n     0.9413012 ]\n [  -5.8447393   112.30343699 -108.0559688   -17.30398495  -15.28314557\n   -19.50224523]\n [   5.55254974 -108.0559688   106.23848895   16.88149773   14.09339563\n    18.29723141]\n [  -0.32467319  -17.30398495   16.88149773    8.45500874    4.45120282\n     5.64182115]\n [   0.2454708   -15.28314557   14.09339563    4.45120282    9.42052199\n     9.87293566]\n [   0.9413012   -19.50224523   18.29723141    5.64182115    9.87293566\n    13.21085637]]", "nfev": "224", "njev": "32", "status": "0", "success": "True", "message": "Optimization terminated successfully.", "x": "[6.58104838 2.79160702 3.68577925 2.58531281 3.01733677 2.35760666]", "nit": "31"}, "2": {"maxiter": 100, "gtol": 1e-05, "xrtol": 1e-10, "eps": 1e-05, "duration": 0.038304805755615234, "fun": "0.17089099960555842", "jac": "[ 6.61748434e-07 -6.34048369e-08 -4.80415707e-07  2.96511704e-06\n -2.49653631e-06  1.60746971e-06]", "hess_inv": "[[   3.20761095   -6.36887868    6.11884374   -0.21057653    0.32754354\n     1.08487224]\n [  -6.36887868  152.89482749 -147.07933764  -28.95155636  -36.65600537\n   -39.93903094]\n [   6.11884374 -147.07933764  143.80453515   28.02271419   34.32085003\n    37.74283737]\n [  -0.21057653  -28.95155636   28.02271419   11.87368964   10.85671208\n    11.608915  ]\n [   0.32754354  -36.65600537   34.32085003   10.85671208   20.52589643\n    20.49127257]\n [   1.08487224  -39.93903094   37.74283737   11.608915     20.49127257\n    23.32756743]]", "nfev": "224", "njev": "32", "status": "0", "success": "True", "message": "Optimization terminated successfully.", "x": "[6.58103636 2.79162001 3.68576027 2.5853196  3.01736261 2.357616  ]", "nit": "31"}, "3": {"maxiter": 100, "gtol": 1e-05, "xrtol": 1e-10, "eps": 1e-10, "duration": 0.038259029388427734, "fun": "0.1708909997533864", "jac": "[ 3.33066880e-06 -2.22044587e-06 -3.33066880e-06  1.11022293e-06\n -7.77156053e-06  3.33066880e-06]", "hess_inv": "[[   3.18124042   -5.8447393     5.55254974   -0.32467319    0.2454708\n     0.9413012 ]\n [  -5.8447393   112.30343699 -108.0559688   -17.30398495  -15.28314557\n   -19.50224523]\n [   5.55254974 -108.0559688   106.23848895   16.88149773   14.09339563\n    18.29723141]\n [  -0.32467319  -17.30398495   16.88149773    8.45500874    4.45120282\n     5.64182115]\n [   0.2454708   -15.28314557   14.09339563    4.45120282    9.42052199\n     9.87293566]\n [   0.9413012   -19.50224523   18.29723141    5.64182115    9.87293566\n    13.21085637]]", "nfev": "224", "njev": "32", "status": "0", "success": "True", "message": "Optimization terminated successfully.", "x": "[6.58104838 2.79160702 3.68577925 2.58531281 3.01733677 2.35760666]", "nit": "31"}, "4": {"maxiter": 100, "gtol": 1e-10, "xrtol": 1e-05, "eps": 1e-05, "duration": 0.038095712661743164, "fun": "0.17089099960555842", "jac": "[ 6.61748434e-07 -6.34048369e-08 -4.80415707e-07  2.96511704e-06\n -2.49653631e-06  1.60746971e-06]", "hess_inv": "[[   3.20761095   -6.36887868    6.11884374   -0.21057653    0.32754354\n     1.08487224]\n [  -6.36887868  152.89482749 -147.07933764  -28.95155636  -36.65600537\n   -39.93903094]\n [   6.11884374 -147.07933764  143.80453515   28.02271419   34.32085003\n    37.74283737]\n [  -0.21057653  -28.95155636   28.02271419   11.87368964   10.85671208\n    11.608915  ]\n [   0.32754354  -36.65600537   34.32085003   10.85671208   20.52589643\n    20.49127257]\n [   1.08487224  -39.93903094   37.74283737   11.608915     20.49127257\n    23.32756743]]", "nfev": "224", "njev": "32", "status": "0", "success": "True", "message": "Optimization terminated successfully.", "x": "[6.58103636 2.79162001 3.68576027 2.5853196  3.01736261 2.357616  ]", "nit": "31"}, "5": {"maxiter": 100, "gtol": 1e-10, "xrtol": 1e-05, "eps": 1e-10, "duration": 0.04515194892883301, "fun": "0.17089099941482944", "jac": "[-4.44089173e-06 -1.11022293e-06  1.11022293e-06 -2.22044587e-06\n  0.00000000e+00 -1.11022293e-06]", "hess_inv": "[[  2.97440215  -3.27548254   3.56873286  -1.17589173  -2.04888047\n   -1.40694048]\n [ -3.27548254  73.84781988 -71.33015376 -20.52795673 -34.37361965\n  -36.02456555]\n [  3.56873286 -71.33015376  70.56653506  19.79511071  32.17494665\n   34.25801902]\n [ -1.17589173 -20.52795673  19.79511071  11.810036    14.85019001\n   14.8541985 ]\n [ -2.04888047 -34.37361965  32.17494665  14.85019001  38.40035741\n   35.76982123]\n [ -1.40694048 -36.02456555  34.25801902  14.8541985   35.76982123\n   36.06710228]]", "nfev": "266", "njev": "38", "status": "0", "success": "True", "message": "Optimization terminated successfully.", "x": "[6.58103728 2.79137414 3.68600426 2.58536406 3.01745911 2.35771115]", "nit": "34"}, "6": {"maxiter": 100, "gtol": 1e-10, "xrtol": 1e-10, "eps": 1e-05, "duration": 0.07532191276550293, "fun": "0.1708909995972071", "jac": "[ 3.30224736e-07  7.37343520e-07  6.83120227e-07  3.12361248e-07\n -3.14315240e-07  2.43161047e-07]", "hess_inv": "[[   3.13739499   -6.24705969    5.88291019   -0.22587112    0.41235706\n     1.09667148]\n [  -6.24705969  152.35565325 -146.3135141   -27.71591599  -36.78724416\n   -39.46235309]\n [   5.88291019 -146.3135141   142.66290291   27.16304222   34.56949386\n    37.42956548]\n [  -0.22587112  -27.71591599   27.16304222   14.02347532   10.56794782\n    12.22816944]\n [   0.41235706  -36.78724416   34.56949386   10.56794782   20.43202305\n    20.3607904 ]\n [   1.09667148  -39.46235309   37.42956548   12.22816944   20.3607904\n    23.47961245]]", "nfev": "445", "njev": "62", "status": "2", "success": "False", "message": "Desired error not necessarily achieved due to precision loss.", "x": "[6.58103717 2.79162093 3.68575947 2.58529827 3.01736201 2.35760755]", "nit": "32"}, "7": {"maxiter": 100, "gtol": 1e-10, "xrtol": 1e-10, "eps": 1e-10, "duration": 0.06085085868835449, "fun": "0.1708909993949076", "jac": "[ 1.11022293e-06  1.11022293e-06  0.00000000e+00 -2.22044587e-06\n -1.11022293e-06 -3.33066880e-06]", "hess_inv": "[[ 6.8316852  -3.686803    3.19889213 -2.62919925  1.01925421  4.55136405]\n [-3.686803    2.42506877 -2.00735765  1.39941524 -0.40685197 -2.93700604]\n [ 3.19889213 -2.00735765  3.0360152  -1.30579495  0.79266564  2.80742431]\n [-2.62919925  1.39941524 -1.30579495  2.71304008 -0.4580887  -1.84807822]\n [ 1.01925421 -0.40685197  0.79266564 -0.4580887   0.72825064  0.51759886]\n [ 4.55136405 -2.93700604  2.80742431 -1.84807822  0.51759886  3.99166724]]", "nfev": "357", "njev": "51", "status": "0", "success": "True", "message": "Optimization terminated successfully.", "x": "[6.58105231 2.79136876 3.68600678 2.58536454 3.01746191 2.35771641]", "nit": "39"}, "8": {"maxiter": 500, "gtol": 1e-05, "xrtol": 1e-05, "eps": 1e-05, "duration": 0.03824210166931152, "fun": "0.17089099960555842", "jac": "[ 6.61748434e-07 -6.34048369e-08 -4.80415707e-07  2.96511704e-06\n -2.49653631e-06  1.60746971e-06]", "hess_inv": "[[   3.20761095   -6.36887868    6.11884374   -0.21057653    0.32754354\n     1.08487224]\n [  -6.36887868  152.89482749 -147.07933764  -28.95155636  -36.65600537\n   -39.93903094]\n [   6.11884374 -147.07933764  143.80453515   28.02271419   34.32085003\n    37.74283737]\n [  -0.21057653  -28.95155636   28.02271419   11.87368964   10.85671208\n    11.608915  ]\n [   0.32754354  -36.65600537   34.32085003   10.85671208   20.52589643\n    20.49127257]\n [   1.08487224  -39.93903094   37.74283737   11.608915     20.49127257\n    23.32756743]]", "nfev": "224", "njev": "32", "status": "0", "success": "True", "message": "Optimization terminated successfully.", "x": "[6.58103636 2.79162001 3.68576027 2.5853196  3.01736261 2.357616  ]", "nit": "31"}, "9": {"maxiter": 500, "gtol": 1e-05, "xrtol": 1e-05, "eps": 1e-10, "duration": 0.038133859634399414, "fun": "0.1708909997533864", "jac": "[ 3.33066880e-06 -2.22044587e-06 -3.33066880e-06  1.11022293e-06\n -7.77156053e-06  3.33066880e-06]", "hess_inv": "[[   3.18124042   -5.8447393     5.55254974   -0.32467319    0.2454708\n     0.9413012 ]\n [  -5.8447393   112.30343699 -108.0559688   -17.30398495  -15.28314557\n   -19.50224523]\n [   5.55254974 -108.0559688   106.23848895   16.88149773   14.09339563\n    18.29723141]\n [  -0.32467319  -17.30398495   16.88149773    8.45500874    4.45120282\n     5.64182115]\n [   0.2454708   -15.28314557   14.09339563    4.45120282    9.42052199\n     9.87293566]\n [   0.9413012   -19.50224523   18.29723141    5.64182115    9.87293566\n    13.21085637]]", "nfev": "224", "njev": "32", "status": "0", "success": "True", "message": "Optimization terminated successfully.", "x": "[6.58104838 2.79160702 3.68577925 2.58531281 3.01733677 2.35760666]", "nit": "31"}, "10": {"maxiter": 500, "gtol": 1e-05, "xrtol": 1e-10, "eps": 1e-05, "duration": 0.038166046142578125, "fun": "0.17089099960555842", "jac": "[ 6.61748434e-07 -6.34048369e-08 -4.80415707e-07  2.96511704e-06\n -2.49653631e-06  1.60746971e-06]", "hess_inv": "[[   3.20761095   -6.36887868    6.11884374   -0.21057653    0.32754354\n     1.08487224]\n [  -6.36887868  152.89482749 -147.07933764  -28.95155636  -36.65600537\n   -39.93903094]\n [   6.11884374 -147.07933764  143.80453515   28.02271419   34.32085003\n    37.74283737]\n [  -0.21057653  -28.95155636   28.02271419   11.87368964   10.85671208\n    11.608915  ]\n [   0.32754354  -36.65600537   34.32085003   10.85671208   20.52589643\n    20.49127257]\n [   1.08487224  -39.93903094   37.74283737   11.608915     20.49127257\n    23.32756743]]", "nfev": "224", "njev": "32", "status": "0", "success": "True", "message": "Optimization terminated successfully.", "x": "[6.58103636 2.79162001 3.68576027 2.5853196  3.01736261 2.357616  ]", "nit": "31"}, "11": {"maxiter": 500, "gtol": 1e-05, "xrtol": 1e-10, "eps": 1e-10, "duration": 0.038175106048583984, "fun": "0.1708909997533864", "jac": "[ 3.33066880e-06 -2.22044587e-06 -3.33066880e-06  1.11022293e-06\n -7.77156053e-06  3.33066880e-06]", "hess_inv": "[[   3.18124042   -5.8447393     5.55254974   -0.32467319    0.2454708\n     0.9413012 ]\n [  -5.8447393   112.30343699 -108.0559688   -17.30398495  -15.28314557\n   -19.50224523]\n [   5.55254974 -108.0559688   106.23848895   16.88149773   14.09339563\n    18.29723141]\n [  -0.32467319  -17.30398495   16.88149773    8.45500874    4.45120282\n     5.64182115]\n [   0.2454708   -15.28314557   14.09339563    4.45120282    9.42052199\n     9.87293566]\n [   0.9413012   -19.50224523   18.29723141    5.64182115    9.87293566\n    13.21085637]]", "nfev": "224", "njev": "32", "status": "0", "success": "True", "message": "Optimization terminated successfully.", "x": "[6.58104838 2.79160702 3.68577925 2.58531281 3.01733677 2.35760666]", "nit": "31"}, "12": {"maxiter": 500, "gtol": 1e-10, "xrtol": 1e-05, "eps": 1e-05, "duration": 0.038161277770996094, "fun": "0.17089099960555842", "jac": "[ 6.61748434e-07 -6.34048369e-08 -4.80415707e-07  2.96511704e-06\n -2.49653631e-06  1.60746971e-06]", "hess_inv": "[[   3.20761095   -6.36887868    6.11884374   -0.21057653    0.32754354\n     1.08487224]\n [  -6.36887868  152.89482749 -147.07933764  -28.95155636  -36.65600537\n   -39.93903094]\n [   6.11884374 -147.07933764  143.80453515   28.02271419   34.32085003\n    37.74283737]\n [  -0.21057653  -28.95155636   28.02271419   11.87368964   10.85671208\n    11.608915  ]\n [   0.32754354  -36.65600537   34.32085003   10.85671208   20.52589643\n    20.49127257]\n [   1.08487224  -39.93903094   37.74283737   11.608915     20.49127257\n    23.32756743]]", "nfev": "224", "njev": "32", "status": "0", "success": "True", "message": "Optimization terminated successfully.", "x": "[6.58103636 2.79162001 3.68576027 2.5853196  3.01736261 2.357616  ]", "nit": "31"}, "13": {"maxiter": 500, "gtol": 1e-10, "xrtol": 1e-05, "eps": 1e-10, "duration": 0.04527997970581055, "fun": "0.17089099941482944", "jac": "[-4.44089173e-06 -1.11022293e-06  1.11022293e-06 -2.22044587e-06\n  0.00000000e+00 -1.11022293e-06]", "hess_inv": "[[  2.97440215  -3.27548254   3.56873286  -1.17589173  -2.04888047\n   -1.40694048]\n [ -3.27548254  73.84781988 -71.33015376 -20.52795673 -34.37361965\n  -36.02456555]\n [  3.56873286 -71.33015376  70.56653506  19.79511071  32.17494665\n   34.25801902]\n [ -1.17589173 -20.52795673  19.79511071  11.810036    14.85019001\n   14.8541985 ]\n [ -2.04888047 -34.37361965  32.17494665  14.85019001  38.40035741\n   35.76982123]\n [ -1.40694048 -36.02456555  34.25801902  14.8541985   35.76982123\n   36.06710228]]", "nfev": "266", "njev": "38", "status": "0", "success": "True", "message": "Optimization terminated successfully.", "x": "[6.58103728 2.79137414 3.68600426 2.58536406 3.01745911 2.35771115]", "nit": "34"}, "14": {"maxiter": 500, "gtol": 1e-10, "xrtol": 1e-10, "eps": 1e-05, "duration": 0.07728409767150879, "fun": "0.1708909995972071", "jac": "[ 3.30224736e-07  7.37343520e-07  6.83120227e-07  3.12361248e-07\n -3.14315240e-07  2.43161047e-07]", "hess_inv": "[[   3.13739499   -6.24705969    5.88291019   -0.22587112    0.41235706\n     1.09667148]\n [  -6.24705969  152.35565325 -146.3135141   -27.71591599  -36.78724416\n   -39.46235309]\n [   5.88291019 -146.3135141   142.66290291   27.16304222   34.56949386\n    37.42956548]\n [  -0.22587112  -27.71591599   27.16304222   14.02347532   10.56794782\n    12.22816944]\n [   0.41235706  -36.78724416   34.56949386   10.56794782   20.43202305\n    20.3607904 ]\n [   1.09667148  -39.46235309   37.42956548   12.22816944   20.3607904\n    23.47961245]]", "nfev": "445", "njev": "62", "status": "2", "success": "False", "message": "Desired error not necessarily achieved due to precision loss.", "x": "[6.58103717 2.79162093 3.68575947 2.58529827 3.01736201 2.35760755]", "nit": "32"}, "15": {"maxiter": 500, "gtol": 1e-10, "xrtol": 1e-10, "eps": 1e-10, "duration": 0.062203168869018555, "fun": "0.1708909993949076", "jac": "[ 1.11022293e-06  1.11022293e-06  0.00000000e+00 -2.22044587e-06\n -1.11022293e-06 -3.33066880e-06]", "hess_inv": "[[ 6.8316852  -3.686803    3.19889213 -2.62919925  1.01925421  4.55136405]\n [-3.686803    2.42506877 -2.00735765  1.39941524 -0.40685197 -2.93700604]\n [ 3.19889213 -2.00735765  3.0360152  -1.30579495  0.79266564  2.80742431]\n [-2.62919925  1.39941524 -1.30579495  2.71304008 -0.4580887  -1.84807822]\n [ 1.01925421 -0.40685197  0.79266564 -0.4580887   0.72825064  0.51759886]\n [ 4.55136405 -2.93700604  2.80742431 -1.84807822  0.51759886  3.99166724]]", "nfev": "357", "njev": "51", "status": "0", "success": "True", "message": "Optimization terminated successfully.", "x": "[6.58105231 2.79136876 3.68600678 2.58536454 3.01746191 2.35771641]", "nit": "39"}, "16": {"maxiter": 1000, "gtol": 1e-05, "xrtol": 1e-05, "eps": 1e-05, "duration": 0.04025912284851074, "fun": "0.17089099960555842", "jac": "[ 6.61748434e-07 -6.34048369e-08 -4.80415707e-07  2.96511704e-06\n -2.49653631e-06  1.60746971e-06]", "hess_inv": "[[   3.20761095   -6.36887868    6.11884374   -0.21057653    0.32754354\n     1.08487224]\n [  -6.36887868  152.89482749 -147.07933764  -28.95155636  -36.65600537\n   -39.93903094]\n [   6.11884374 -147.07933764  143.80453515   28.02271419   34.32085003\n    37.74283737]\n [  -0.21057653  -28.95155636   28.02271419   11.87368964   10.85671208\n    11.608915  ]\n [   0.32754354  -36.65600537   34.32085003   10.85671208   20.52589643\n    20.49127257]\n [   1.08487224  -39.93903094   37.74283737   11.608915     20.49127257\n    23.32756743]]", "nfev": "224", "njev": "32", "status": "0", "success": "True", "message": "Optimization terminated successfully.", "x": "[6.58103636 2.79162001 3.68576027 2.5853196  3.01736261 2.357616  ]", "nit": "31"}, "17": {"maxiter": 1000, "gtol": 1e-05, "xrtol": 1e-05, "eps": 1e-10, "duration": 0.04030895233154297, "fun": "0.1708909997533864", "jac": "[ 3.33066880e-06 -2.22044587e-06 -3.33066880e-06  1.11022293e-06\n -7.77156053e-06  3.33066880e-06]", "hess_inv": "[[   3.18124042   -5.8447393     5.55254974   -0.32467319    0.2454708\n     0.9413012 ]\n [  -5.8447393   112.30343699 -108.0559688   -17.30398495  -15.28314557\n   -19.50224523]\n [   5.55254974 -108.0559688   106.23848895   16.88149773   14.09339563\n    18.29723141]\n [  -0.32467319  -17.30398495   16.88149773    8.45500874    4.45120282\n     5.64182115]\n [   0.2454708   -15.28314557   14.09339563    4.45120282    9.42052199\n     9.87293566]\n [   0.9413012   -19.50224523   18.29723141    5.64182115    9.87293566\n    13.21085637]]", "nfev": "224", "njev": "32", "status": "0", "success": "True", "message": "Optimization terminated successfully.", "x": "[6.58104838 2.79160702 3.68577925 2.58531281 3.01733677 2.35760666]", "nit": "31"}, "18": {"maxiter": 1000, "gtol": 1e-05, "xrtol": 1e-10, "eps": 1e-05, "duration": 0.04028797149658203, "fun": "0.17089099960555842", "jac": "[ 6.61748434e-07 -6.34048369e-08 -4.80415707e-07  2.96511704e-06\n -2.49653631e-06  1.60746971e-06]", "hess_inv": "[[   3.20761095   -6.36887868    6.11884374   -0.21057653    0.32754354\n     1.08487224]\n [  -6.36887868  152.89482749 -147.07933764  -28.95155636  -36.65600537\n   -39.93903094]\n [   6.11884374 -147.07933764  143.80453515   28.02271419   34.32085003\n    37.74283737]\n [  -0.21057653  -28.95155636   28.02271419   11.87368964   10.85671208\n    11.608915  ]\n [   0.32754354  -36.65600537   34.32085003   10.85671208   20.52589643\n    20.49127257]\n [   1.08487224  -39.93903094   37.74283737   11.608915     20.49127257\n    23.32756743]]", "nfev": "224", "njev": "32", "status": "0", "success": "True", "message": "Optimization terminated successfully.", "x": "[6.58103636 2.79162001 3.68576027 2.5853196  3.01736261 2.357616  ]", "nit": "31"}, "19": {"maxiter": 1000, "gtol": 1e-05, "xrtol": 1e-10, "eps": 1e-10, "duration": 0.04012918472290039, "fun": "0.1708909997533864", "jac": "[ 3.33066880e-06 -2.22044587e-06 -3.33066880e-06  1.11022293e-06\n -7.77156053e-06  3.33066880e-06]", "hess_inv": "[[   3.18124042   -5.8447393     5.55254974   -0.32467319    0.2454708\n     0.9413012 ]\n [  -5.8447393   112.30343699 -108.0559688   -17.30398495  -15.28314557\n   -19.50224523]\n [   5.55254974 -108.0559688   106.23848895   16.88149773   14.09339563\n    18.29723141]\n [  -0.32467319  -17.30398495   16.88149773    8.45500874    4.45120282\n     5.64182115]\n [   0.2454708   -15.28314557   14.09339563    4.45120282    9.42052199\n     9.87293566]\n [   0.9413012   -19.50224523   18.29723141    5.64182115    9.87293566\n    13.21085637]]", "nfev": "224", "njev": "32", "status": "0", "success": "True", "message": "Optimization terminated successfully.", "x": "[6.58104838 2.79160702 3.68577925 2.58531281 3.01733677 2.35760666]", "nit": "31"}, "20": {"maxiter": 1000, "gtol": 1e-10, "xrtol": 1e-05, "eps": 1e-05, "duration": 0.04025769233703613, "fun": "0.17089099960555842", "jac": "[ 6.61748434e-07 -6.34048369e-08 -4.80415707e-07  2.96511704e-06\n -2.49653631e-06  1.60746971e-06]", "hess_inv": "[[   3.20761095   -6.36887868    6.11884374   -0.21057653    0.32754354\n     1.08487224]\n [  -6.36887868  152.89482749 -147.07933764  -28.95155636  -36.65600537\n   -39.93903094]\n [   6.11884374 -147.07933764  143.80453515   28.02271419   34.32085003\n    37.74283737]\n [  -0.21057653  -28.95155636   28.02271419   11.87368964   10.85671208\n    11.608915  ]\n [   0.32754354  -36.65600537   34.32085003   10.85671208   20.52589643\n    20.49127257]\n [   1.08487224  -39.93903094   37.74283737   11.608915     20.49127257\n    23.32756743]]", "nfev": "224", "njev": "32", "status": "0", "success": "True", "message": "Optimization terminated successfully.", "x": "[6.58103636 2.79162001 3.68576027 2.5853196  3.01736261 2.357616  ]", "nit": "31"}, "21": {"maxiter": 1000, "gtol": 1e-10, "xrtol": 1e-05, "eps": 1e-10, "duration": 0.04770517349243164, "fun": "0.17089099941482944", "jac": "[-4.44089173e-06 -1.11022293e-06  1.11022293e-06 -2.22044587e-06\n  0.00000000e+00 -1.11022293e-06]", "hess_inv": "[[  2.97440215  -3.27548254   3.56873286  -1.17589173  -2.04888047\n   -1.40694048]\n [ -3.27548254  73.84781988 -71.33015376 -20.52795673 -34.37361965\n  -36.02456555]\n [  3.56873286 -71.33015376  70.56653506  19.79511071  32.17494665\n   34.25801902]\n [ -1.17589173 -20.52795673  19.79511071  11.810036    14.85019001\n   14.8541985 ]\n [ -2.04888047 -34.37361965  32.17494665  14.85019001  38.40035741\n   35.76982123]\n [ -1.40694048 -36.02456555  34.25801902  14.8541985   35.76982123\n   36.06710228]]", "nfev": "266", "njev": "38", "status": "0", "success": "True", "message": "Optimization terminated successfully.", "x": "[6.58103728 2.79137414 3.68600426 2.58536406 3.01745911 2.35771115]", "nit": "34"}, "22": {"maxiter": 1000, "gtol": 1e-10, "xrtol": 1e-10, "eps": 1e-05, "duration": 0.0788569450378418, "fun": "0.1708909995972071", "jac": "[ 3.30224736e-07  7.37343520e-07  6.83120227e-07  3.12361248e-07\n -3.14315240e-07  2.43161047e-07]", "hess_inv": "[[   3.13739499   -6.24705969    5.88291019   -0.22587112    0.41235706\n     1.09667148]\n [  -6.24705969  152.35565325 -146.3135141   -27.71591599  -36.78724416\n   -39.46235309]\n [   5.88291019 -146.3135141   142.66290291   27.16304222   34.56949386\n    37.42956548]\n [  -0.22587112  -27.71591599   27.16304222   14.02347532   10.56794782\n    12.22816944]\n [   0.41235706  -36.78724416   34.56949386   10.56794782   20.43202305\n    20.3607904 ]\n [   1.09667148  -39.46235309   37.42956548   12.22816944   20.3607904\n    23.47961245]]", "nfev": "445", "njev": "62", "status": "2", "success": "False", "message": "Desired error not necessarily achieved due to precision loss.", "x": "[6.58103717 2.79162093 3.68575947 2.58529827 3.01736201 2.35760755]", "nit": "32"}, "23": {"maxiter": 1000, "gtol": 1e-10, "xrtol": 1e-10, "eps": 1e-10, "duration": 0.06341075897216797, "fun": "0.1708909993949076", "jac": "[ 1.11022293e-06  1.11022293e-06  0.00000000e+00 -2.22044587e-06\n -1.11022293e-06 -3.33066880e-06]", "hess_inv": "[[ 6.8316852  -3.686803    3.19889213 -2.62919925  1.01925421  4.55136405]\n [-3.686803    2.42506877 -2.00735765  1.39941524 -0.40685197 -2.93700604]\n [ 3.19889213 -2.00735765  3.0360152  -1.30579495  0.79266564  2.80742431]\n [-2.62919925  1.39941524 -1.30579495  2.71304008 -0.4580887  -1.84807822]\n [ 1.01925421 -0.40685197  0.79266564 -0.4580887   0.72825064  0.51759886]\n [ 4.55136405 -2.93700604  2.80742431 -1.84807822  0.51759886  3.99166724]]", "nfev": "357", "njev": "51", "status": "0", "success": "True", "message": "Optimization terminated successfully.", "x": "[6.58105231 2.79136876 3.68600678 2.58536454 3.01746191 2.35771641]", "nit": "39"}}, "cobyla": {"0": {"maxiter": 100, "tol": 1e-05, "catol": 1e-05, "duration": 0.017058849334716797, "x": "[6.57619898 2.9883774  3.49672552 2.54863647 2.97358792 2.30999184]", "status": "2", "success": "False", "message": "Maximum number of function evaluations has been exceeded.", "nfev": "100", "fun": "0.17100709654966306", "maxcv": "0.0"}, "1": {"maxiter": 100, "tol": 1e-05, "catol": 1e-10, "duration": 0.01697826385498047, "x": "[6.57619898 2.9883774  3.49672552 2.54863647 2.97358792 2.30999184]", "status": "2", "success": "False", "message": "Maximum number of function evaluations has been exceeded.", "nfev": "100", "fun": "0.17100709654966306", "maxcv": "0.0"}, "2": {"maxiter": 100, "tol": 1e-10, "catol": 1e-05, "duration": 0.0170443058013916, "x": "[6.57619898 2.9883774  3.49672552 2.54863647 2.97358792 2.30999184]", "status": "2", "success": "False", "message": "Maximum number of function evaluations has been exceeded.", "nfev": "100", "fun": "0.17100709654966306", "maxcv": "0.0"}, "3": {"maxiter": 100, "tol": 1e-10, "catol": 1e-10, "duration": 0.016930103302001953, "x": "[6.57619898 2.9883774  3.49672552 2.54863647 2.97358792 2.30999184]", "status": "2", "success": "False", "message": "Maximum number of function evaluations has been exceeded.", "nfev": "100", "fun": "0.17100709654966306", "maxcv": "0.0"}, "4": {"maxiter": 500, "tol": 1e-05, "catol": 1e-05, "duration": 0.08399796485900879, "x": "[6.57812174 2.89619067 3.58626497 2.56573658 2.99295703 2.33101655]", "status": "2", "success": "False", "message": "Maximum number of function evaluations has been exceeded.", "nfev": "500", "fun": "0.17092402296501985", "maxcv": "0.0"}, "5": {"maxiter": 500, "tol": 1e-05, "catol": 1e-10, "duration": 0.08161783218383789, "x": "[6.57812174 2.89619067 3.58626497 2.56573658 2.99295703 2.33101655]", "status": "2", "success": "False", "message": "Maximum number of function evaluations has been exceeded.", "nfev": "500", "fun": "0.17092402296501985", "maxcv": "0.0"}, "6": {"maxiter": 500, "tol": 1e-10, "catol": 1e-05, "duration": 0.08117103576660156, "x": "[6.57812174 2.89619067 3.58626497 2.56573658 2.99295703 2.33101655]", "status": "2", "success": "False", "message": "Maximum number of function evaluations has been exceeded.", "nfev": "500", "fun": "0.17092402296501985", "maxcv": "0.0"}, "7": {"maxiter": 500, "tol": 1e-10, "catol": 1e-10, "duration": 0.08084321022033691, "x": "[6.57812174 2.89619067 3.586264