{"date": "2024/10/08/, 15:27:14", "conf_id": 8, "data_type": "random\n", "num_data_points": 1, "s_rank": 0, "unitary": "[[-0.53618537-0.34368723j,-0.12107031-0.46226139j,-0.07699282-0.46603512j,0.36022595-0.11472301j],[0.26026499-0.63450712j,-0.56616638+0.37832564j,-0.14988651+0.08458591j,0.10363514-0.16008501j],[-0.32580188-0.11070003j,-0.36476308-0.23593218j,0.02559343+0.41761608j,-0.25598305+0.6725303j],[0.07406738-0.0126433j,0.28513701+0.19483972j,-0.74939717-0.10299659j,0.29798249+0.46269921j]]", "databatch_0": {"databatch": "[[[0.18664674-0.20586671j,0.0082868+0.05830784j,0.24829257-0.29379374j,-0.01400689-0.0178309j],[-0.33694511+0.19352878j,0.01374088+0.17041161j,0.02493475+0.36437238j,-0.01675287+0.14985817j],[0.26392997+0.05129105j,-0.16856768-0.23678552j,-0.19455295+0.21013692j,-0.02182336-0.16448424j],[0.22927016-0.06827879j,-0.20484602-0.09937959j,-0.02442271+0.20243956j,-0.0746889-0.10936305j]]]", "initial param values": "[2.12811255,3.8898076,4.69795236,4.2953515,5.59116558,2.81531781]", "nelder_mead": {"type": "gradient-free", "0": {"maxiter": 100, "fatol": 1e-05, "xatol": 1e-05, "duration": 0.07175922393798828, "fun": "0.16863448568298078", "nit": "100", "nfev": "161", "status": "2", "success": "False", "message": "Maximum number of iterations has been exceeded.", "x": "[2.22886192 1.99475547 4.30945131 4.82790199 7.92263222 3.2364808 ]", "final_simplex": "(array([[2.22886192, 1.99475547, 4.30945131, 4.82790199, 7.92263222,\n        3.2364808 ],\n       [2.23722303, 1.95471484, 4.29967214, 4.82203663, 7.92682945,\n        3.24078068],\n       [2.22827628, 1.98177423, 4.29899093, 4.81296018, 7.92717408,\n        3.26232787],\n       [2.23254988, 1.98356359, 4.30039967, 4.83185925, 7.93836744,\n        3.25721969],\n       [2.22868002, 1.99468548, 4.32649566, 4.82025928, 7.92443996,\n        3.24024196],\n       [2.24688722, 1.98827837, 4.29271317, 4.81492283, 7.92740488,\n        3.2416957 ],\n       [2.24190725, 1.95848855, 4.29533641, 4.82880489, 7.91903248,\n        3.26136374]]), array([0.16863449, 0.16868321, 0.16869292, 0.16876207, 0.16878457,\n       0.16880952, 0.16883526]))", "callback": [0.7955495318101831, 0.6102417480235522, 0.33080699909625744, 0.18178008460002648, 0.17872287710369572, 0.17291877808388256, 0.17048785175743342, 0.16953311560237627, 0.169189836479411, 0.1688474643859199]}, "1": {"maxiter": 100, "fatol": 1e-05, "xatol": 1e-10, "duration": 0.06042194366455078, "fun": "0.16863448568298078", "nit": "100", "nfev": "161", "status": "2", "success": "False", "message": "Maximum number of iterations has been exceeded.", "x": "[2.22886192 1.99475547 4.30945131 4.82790199 7.92263222 3.2364808 ]", "final_simplex": "(array([[2.22886192, 1.99475547, 4.30945131, 4.82790199, 7.92263222,\n        3.2364808 ],\n       [2.23722303, 1.95471484, 4.29967214, 4.82203663, 7.92682945,\n        3.24078068],\n       [2.22827628, 1.98177423, 4.29899093, 4.81296018, 7.92717408,\n        3.26232787],\n       [2.23254988, 1.98356359, 4.30039967, 4.83185925, 7.93836744,\n        3.25721969],\n       [2.22868002, 1.99468548, 4.32649566, 4.82025928, 7.92443996,\n        3.24024196],\n       [2.24688722, 1.98827837, 4.29271317, 4.81492283, 7.92740488,\n        3.2416957 ],\n       [2.24190725, 1.95848855, 4.29533641, 4.82880489, 7.91903248,\n        3.26136374]]), array([0.16863449, 0.16868321, 0.16869292, 0.16876207, 0.16878457,\n       0.16880952, 0.16883526]))", "callback": [0.7955495318101831, 0.6102417480235522, 0.33080699909625744, 0.18178008460002648, 0.17872287710369572, 0.17291877808388256, 0.17048785175743342, 0.16953311560237627, 0.169189836479411, 0.1688474643859199]}, "2": {"maxiter": 100, "fatol": 1e-10, "xatol": 1e-05, "duration": 0.07738709449768066, "fun": "0.16863448568298078", "nit": "100", "nfev": "161", "status": "2", "success": "False", "message": "Maximum number of iterations has been exceeded.", "x": "[2.22886192 1.99475547 4.30945131 4.82790199 7.92263222 3.2364808 ]", "final_simplex": "(array([[2.22886192, 1.99475547, 4.30945131, 4.82790199, 7.92263222,\n        3.2364808 ],\n       [2.23722303, 1.95471484, 4.29967214, 4.82203663, 7.92682945,\n        3.24078068],\n       [2.22827628, 1.98177423, 4.29899093, 4.81296018, 7.92717408,\n        3.26232787],\n       [2.23254988, 1.98356359, 4.30039967, 4.83185925, 7.93836744,\n        3.25721969],\n       [2.22868002, 1.99468548, 4.32649566, 4.82025928, 7.92443996,\n        3.24024196],\n       [2.24688722, 1.98827837, 4.29271317, 4.81492283, 7.92740488,\n        3.2416957 ],\n       [2.24190725, 1.95848855, 4.29533641, 4.82880489, 7.91903248,\n        3.26136374]]), array([0.16863449, 0.16868321, 0.16869292, 0.16876207, 0.16878457,\n       0.16880952, 0.16883526]))", "callback": [0.7955495318101831, 0.6102417480235522, 0.33080699909625744, 0.18178008460002648, 0.17872287710369572, 0.17291877808388256, 0.17048785175743342, 0.16953311560237627, 0.169189836479411, 0.1688474643859199]}, "3": {"maxiter": 100, "fatol": 1e-10, "xatol": 1e-10, "duration": 0.07460999488830566, "fun": "0.16863448568298078", "nit": "100", "nfev": "161", "status": "2", "success": "False", "message": "Maximum number of iterations has been exceeded.", "x": "[2.22886192 1.99475547 4.30945131 4.82790199 7.92263222 3.2364808 ]", "final_simplex": "(array([[2.22886192, 1.99475547, 4.30945131, 4.82790199, 7.92263222,\n        3.2364808 ],\n       [2.23722303, 1.95471484, 4.29967214, 4.82203663, 7.92682945,\n        3.24078068],\n       [2.22827628, 1.98177423, 4.29899093, 4.81296018, 7.92717408,\n        3.26232787],\n       [2.23254988, 1.98356359, 4.30039967, 4.83185925, 7.93836744,\n        3.25721969],\n       [2.22868002, 1.99468548, 4.32649566, 4.82025928, 7.92443996,\n        3.24024196],\n       [2.24688722, 1.98827837, 4.29271317, 4.81492283, 7.92740488,\n        3.2416957 ],\n       [2.24190725, 1.95848855, 4.29533641, 4.82880489, 7.91903248,\n        3.26136374]]), array([0.16863449, 0.16868321, 0.16869292, 0.16876207, 0.16878457,\n       0.16880952, 0.16883526]))", "callback": [0.7955495318101831, 0.6102417480235522, 0.33080699909625744, 0.18178008460002648, 0.17872287710369572, 0.17291877808388256, 0.17048785175743342, 0.16953311560237627, 0.169189836479411, 0.1688474643859199]}, "4": {"maxiter": 500, "fatol": 1e-05, "xatol": 1e-05, "duration": 0.18646907806396484, "fun": "0.1682562569230951", "nit": "248", "nfev": "407", "status": "0", "success": "True", "message": "Optimization terminated successfully.", "x": "[2.20369101 1.95745438 4.24765466 4.80540415 7.95401653 3.22560104]", "final_simplex": "(array([[2.20369101, 1.95745438, 4.24765466, 4.80540415, 7.95401653,\n        3.22560104],\n       [2.2036851 , 1.9574555 , 4.24765174, 4.80540583, 7.95401939,\n        3.22559974],\n       [2.20368863, 1.95745087, 4.24764966, 4.80540241, 7.9540185 ,\n        3.2255973 ],\n       [2.20368968, 1.95745686, 4.24765191, 4.8054045 , 7.95401791,\n        3.22559569],\n       [2.20369149, 1.95745551, 4.2476518 , 4.80540991, 7.95401737,\n        3.22559949],\n       [2.20369105, 1.95745744, 4.24765137, 4.80540542, 7.95401514,\n        3.22559956],\n       [2.20368578, 1.9574534 , 4.24765811, 4.80540534, 7.95401392,\n        3.2255966 ]]), array([0.16825626, 0.16825626, 0.16825626, 0.16825626, 0.16825626,\n       0.16825626, 0.16825626]))", "callback": [0.7955495318101831, 0.6102417480235522, 0.33080699909625744, 0.18178008460002648, 0.17872287710369572, 0.17291877808388256, 0.17048785175743342, 0.16953311560237627, 0.169189836479411, 0.1688474643859199, 0.16863448568298078, 0.1684451600240099, 0.16834028422278813, 0.1682928832935362, 0.16827778573021002, 0.16826375352776557, 0.16825907888500047, 0.1682575614019478, 0.16825639992755426, 0.16825628172939655, 0.16825626297478524, 0.16825625816356427, 0.16825625713582415, 0.16825625696884572, 0.1682562569230951]}, "5": {"maxiter": 500, "fatol": 1e-05, "xatol": 1e-10, "duration": 0.29560017585754395, "fun": "0.16825625692062063", "nit": "362", "nfev": "648", "status": "0", "success": "True", "message": "Optimization terminated successfully.", "x": "[2.20368953 1.95745438 4.24765421 4.80540535 7.95401928 3.22560192]", "final_simplex": "(array([[2.20368953, 1.95745438, 4.24765421, 4.80540535, 7.95401928,\n        3.22560192],\n       [2.20368953, 1.95745438, 4.24765421, 4.80540535, 7.95401928,\n        3.22560192],\n       [2.20368953, 1.95745438, 4.24765421, 4.80540535, 7.95401928,\n        3.22560192],\n       [2.20368953, 1.95745438, 4.24765421, 4.80540535, 7.95401928,\n        3.22560192],\n       [2.20368953, 1.95745438, 4.24765421, 4.80540535, 7.95401928,\n        3.22560192],\n       [2.20368953, 1.95745438, 4.24765421, 4.80540535, 7.95401928,\n        3.22560192],\n       [2.20368953, 1.95745438, 4.24765421, 4.80540535, 7.95401928,\n        3.22560192]]), array([0.16825626, 0.16825626, 0.16825626, 0.16825626, 0.16825626,\n       0.16825626, 0.16825626]))", "callback": [0.7955495318101831, 0.6102417480235522, 0.33080699909625744, 0.18178008460002648, 0.17872287710369572, 0.17291877808388256, 0.17048785175743342, 0.16953311560237627, 0.169189836479411, 0.1688474643859199, 0.16863448568298078, 0.1684451600240099, 0.16834028422278813, 0.1682928832935362, 0.16827778573021002, 0.16826375352776557, 0.16825907888500047, 0.1682575614019478, 0.16825639992755426, 0.16825628172939655, 0.16825626297478524, 0.16825625816356427, 0.16825625713582415, 0.16825625696884572, 0.1682562569230951, 0.1682562569230951, 0.16825625692187418, 0.16825625692096935, 0.16825625692071255, 0.1682562569206396, 0.1682562569206265, 0.16825625692062274, 0.16825625692062152, 0.16825625692062085, 0.16825625692062063, 0.16825625692062063, 0.16825625692062063]}, "6": {"maxiter": 500, "fatol": 1e-10, "xatol": 1e-05, "duration": 0.18640995025634766, "fun": "0.1682562569230951", "nit": "248", "nfev": "407", "status": "0", "success": "True", "message": "Optimization terminated successfully.", "x": "[2.20369101 1.95745438 4.24765466 4.80540415 7.95401653 3.22560104]", "final_simplex": "(array([[2.20369101, 1.95745438, 4.24765466, 4.80540415, 7.95401653,\n        3.22560104],\n       [2.2036851 , 1.9574555 , 4.24765174, 4.80540583, 7.95401939,\n        3.22559974],\n       [2.20368863, 1.95745087, 4.24764966, 4.80540241, 7.9540185 ,\n        3.2255973 ],\n       [2.20368968, 1.95745686, 4.24765191, 4.8054045 , 7.95401791,\n        3.22559569],\n       [2.20369149, 1.95745551, 4.2476518 , 4.80540991, 7.95401737,\n        3.22559949],\n       [2.20369105, 1.95745744, 4.24765137, 4.80540542, 7.95401514,\n        3.22559956],\n       [2.20368578, 1.9574534 , 4.24765811, 4.80540534, 7.95401392,\n        3.2255966 ]]), array([0.16825626, 0.16825626, 0.16825626, 0.16825626, 0.16825626,\n       0.16825626, 0.16825626]))", "callback": [0.7955495318101831, 0.6102417480235522, 0.33080699909625744, 0.18178008460002648, 0.17872287710369572, 0.17291877808388256, 0.17048785175743342, 0.16953311560237627, 0.169189836479411, 0.1688474643859199, 0.16863448568298078, 0.1684451600240099, 0.16834028422278813, 0.1682928832935362, 0.16827778573021002, 0.16826375352776557, 0.16825907888500047, 0.1682575614019478, 0.16825639992755426, 0.16825628172939655, 0.16825626297478524, 0.16825625816356427, 0.16825625713582415, 0.16825625696884572, 0.1682562569230951]}, "7": {"maxiter": 500, "fatol": 1e-10, "xatol": 1e-10, "duration": 0.29462122917175293, "fun": "0.16825625692062063", "nit": "362", "nfev": "648", "status": "0", "success": "True", "message": "Optimization terminated successfully.", "x": "[2.20368953 1.95745438 4.24765421 4.80540535 7.95401928 3.22560192]", "final_simplex": "(array([[2.20368953, 1.95745438, 4.24765421, 4.80540535, 7.95401928,\n        3.22560192],\n       [2.20368953, 1.95745438, 4.24765421, 4.80540535, 7.95401928,\n        3.22560192],\n       [2.20368953, 1.95745438, 4.24765421, 4.80540535, 7.95401928,\n        3.22560192],\n       [2.20368953, 1.95745438, 4.24765421, 4.80540535, 7.95401928,\n        3.22560192],\n       [2.20368953, 1.95745438, 4.24765421, 4.80540535, 7.95401928,\n        3.22560192],\n       [2.20368953, 1.95745438, 4.24765421, 4.80540535, 7.95401928,\n        3.22560192],\n       [2.20368953, 1.95745438, 4.24765421, 4.80540535, 7.95401928,\n        3.22560192]]), array([0.16825626, 0.16825626, 0.16825626, 0.16825626, 0.16825626,\n       0.16825626, 0.16825626]))", "callback": [0.7955495318101831, 0.6102417480235522, 0.33080699909625744, 0.18178008460002648, 0.17872287710369572, 0.17291877808388256, 0.17048785175743342, 0.16953311560237627, 0.169189836479411, 0.1688474643859199, 0.16863448568298078, 0.1684451600240099, 0.16834028422278813, 0.1682928832935362, 0.16827778573021002, 0.16826375352776557, 0.16825907888500047, 0.1682575614019478, 0.16825639992755426, 0.16825628172939655, 0.16825626297478524, 0.16825625816356427, 0.16825625713582415, 0.16825625696884572, 0.1682562569230951, 0.1682562569230951, 0.16825625692187418, 0.16825625692096935, 0.16825625692071255, 0.1682562569206396, 0.1682562569206265, 0.16825625692062274, 0.16825625692062152, 0.16825625692062085, 0.16825625692062063, 0.16825625692062063, 0.16825625692062063]}, "8": {"maxiter": 1000, "fatol": 1e-05, "xatol": 1e-05, "duration": 0.18882203102111816, "fun": "0.1682562569230951", "nit": "248", "nfev": "407", "status": "0", "success": "True", "message": "Optimization terminated successfully.", "x": "[2.20369101 1.95745438 4.24765466 4.80540415 7.95401653 3.22560104]", "final_simplex": "(array([[2.20369101, 1.95745438, 4.24765466, 4.80540415, 7.95401653,\n        3.22560104],\n       [2.2036851 , 1.9574555 , 4.24765174, 4.80540583, 7.95401939,\n        3.22559974],\n       [2.20368863, 1.95745087, 4.24764966, 4.80540241, 7.9540185 ,\n        3.2255973 ],\n       [2.20368968, 1.95745686, 4.24765191, 4.8054045 , 7.95401791,\n        3.22559569],\n       [2.20369149, 1.95745551, 4.2476518 , 4.80540991, 7.95401737,\n        3.22559949],\n       [2.20369105, 1.95745744, 4.24765137, 4.80540542, 7.95401514,\n        3.22559956],\n       [2.20368578, 1.9574534 , 4.24765811, 4.80540534, 7.95401392,\n        3.2255966 ]]), array([0.16825626, 0.16825626, 0.16825626, 0.16825626, 0.16825626,\n       0.16825626, 0.16825626]))", "callback": [0.7955495318101831, 0.6102417480235522, 0.33080699909625744, 0.18178008460002648, 0.17872287710369572, 0.17291877808388256, 0.17048785175743342, 0.16953311560237627, 0.169189836479411, 0.1688474643859199, 0.16863448568298078, 0.1684451600240099, 0.16834028422278813, 0.1682928832935362, 0.16827778573021002, 0.16826375352776557, 0.16825907888500047, 0.1682575614019478, 0.16825639992755426, 0.16825628172939655, 0.16825626297478524, 0.16825625816356427, 0.16825625713582415, 0.16825625696884572, 0.1682562569230951]}, "9": {"maxiter": 1000, "fatol": 1e-05, "xatol": 1e-10, "duration": 0.2929530143737793, "fun": "0.16825625692062063", "nit": "362", "nfev": "648", "status": "0", "success": "True", "message": "Optimization terminated successfully.", "x": "[2.20368953 1.95745438 4.24765421 4.80540535 7.95401928 3.22560192]", "final_simplex": "(array([[2.20368953, 1.95745438, 4.24765421, 4.80540535, 7.95401928,\n        3.22560192],\n       [2.20368953, 1.95745438, 4.24765421, 4.80540535, 7.95401928,\n        3.22560192],\n       [2.20368953, 1.95745438, 4.24765421, 4.80540535, 7.95401928,\n        3.22560192],\n       [2.20368953, 1.95745438, 4.24765421, 4.80540535, 7.95401928,\n        3.22560192],\n       [2.20368953, 1.95745438, 4.24765421, 4.80540535, 7.95401928,\n        3.22560192],\n       [2.20368953, 1.95745438, 4.24765421, 4.80540535, 7.95401928,\n        3.22560192],\n       [2.20368953, 1.95745438, 4.24765421, 4.80540535, 7.95401928,\n        3.22560192]]), array([0.16825626, 0.16825626, 0.16825626, 0.16825626, 0.16825626,\n       0.16825626, 0.16825626]))", "callback": [0.7955495318101831, 0.6102417480235522, 0.33080699909625744, 0.18178008460002648, 0.17872287710369572, 0.17291877808388256, 0.17048785175743342, 0.16953311560237627, 0.169189836479411, 0.1688474643859199, 0.16863448568298078, 0.1684451600240099, 0.16834028422278813, 0.1682928832935362, 0.16827778573021002, 0.16826375352776557, 0.16825907888500047, 0.1682575614019478, 0.16825639992755426, 0.16825628172939655, 0.16825626297478524, 0.16825625816356427, 0.16825625713582415, 0.16825625696884572, 0.1682562569230951, 0.1682562569230951, 0.16825625692187418, 0.16825625692096935, 0.16825625692071255, 0.1682562569206396, 0.1682562569206265, 0.16825625692062274, 0.16825625692062152, 0.16825625692062085, 0.16825625692062063, 0.16825625692062063, 0.16825625692062063]}, "10": {"maxiter": 1000, "fatol": 1e-10, "xatol": 1e-05, "duration": 0.17642688751220703, "fun": "0.1682562569230951", "nit": "248", "nfev": "407", "status": "0", "success": "True", "message": "Optimization terminated successfully.", "x": "[2.20369101 1.95745438 4.24765466 4.80540415 7.95401653 3.22560104]", "final_simplex": "(array([[2.20369101, 1.95745438, 4.24765466, 4.80540415, 7.95401653,\n        3.22560104],\n       [2.2036851 , 1.9574555 , 4.24765174, 4.80540583, 7.95401939,\n        3.22559974],\n       [2.20368863, 1.95745087, 4.24764966, 4.80540241, 7.9540185 ,\n        3.2255973 ],\n       [2.20368968, 1.95745686, 4.24765191, 4.8054045 , 7.95401791,\n        3.22559569],\n       [2.20369149, 1.95745551, 4.2476518 , 4.80540991, 7.95401737,\n        3.22559949],\n       [2.20369105, 1.95745744, 4.24765137, 4.80540542, 7.95401514,\n        3.22559956],\n       [2.20368578, 1.9574534 , 4.24765811, 4.80540534, 7.95401392,\n        3.2255966 ]]), array([0.16825626, 0.16825626, 0.16825626, 0.16825626, 0.16825626,\n       0.16825626, 0.16825626]))", "callback": [0.7955495318101831, 0.6102417480235522, 0.33080699909625744, 0.18178008460002648, 0.17872287710369572, 0.17291877808388256, 0.17048785175743342, 0.16953311560237627, 0.169189836479411, 0.1688474643859199, 0.16863448568298078, 0.1684451600240099, 0.16834028422278813, 0.1682928832935362, 0.16827778573021002, 0.16826375352776557, 0.16825907888500047, 0.1682575614019478, 0.16825639992755426, 0.16825628172939655, 0.16825626297478524, 0.16825625816356427, 0.16825625713582415, 0.16825625696884572, 0.1682562569230951]}, "11": {"maxiter": 1000, "fatol": 1e-10, "xatol": 1e-10, "duration": 0.2755720615386963, "fun": "0.16825625692062063", "nit": "362", "nfev": "648", "status": "0", "success": "True", "message": "Optimization terminated successfully.", "x": "[2.20368953 1.95745438 4.24765421 4.80540535 7.95401928 3.22560192]", "final_simplex": "(array([[2.20368953, 1.95745438, 4.24765421, 4.80540535, 7.95401928,\n        3.22560192],\n       [2.20368953, 1.95745438, 4.24765421, 4.80540535, 7.95401928,\n        3.22560192],\n       [2.20368953, 1.95745438, 4.24765421, 4.80540535, 7.95401928,\n        3.22560192],\n       [2.20368953, 1.95745438, 4.24765421, 4.80540535, 7.95401928,\n        3.22560192],\n       [2.20368953, 1.95745438, 4.24765421, 4.80540535, 7.95401928,\n        3.22560192],\n       [2.20368953, 1.95745438, 4.24765421, 4.80540535, 7.95401928,\n        3.22560192],\n       [2.20368953, 1.95745438, 4.24765421, 4.80540535, 7.95401928,\n        3.22560192]]), array([0.16825626, 0.16825626, 0.16825626, 0.16825626, 0.16825626,\n       0.16825626, 0.16825626]))", "callback": [0.7955495318101831, 0.6102417480235522, 0.33080699909625744, 0.18178008460002648, 0.17872287710369572, 0.17291877808388256, 0.17048785175743342, 0.16953311560237627, 0.169189836479411, 0.1688474643859199, 0.16863448568298078, 0.1684451600240099, 0.16834028422278813, 0.1682928832935362, 0.16827778573021002, 0.16826375352776557, 0.16825907888500047, 0.1682575614019478, 0.16825639992755426, 0.16825628172939655, 0.16825626297478524, 0.16825625816356427, 0.16825625713582415, 0.16825625696884572, 0.1682562569230951, 0.1682562569230951, 0.16825625692187418, 0.16825625692096935, 0.16825625692071255, 0.1682562569206396, 0.1682562569206265, 0.16825625692062274, 0.16825625692062152, 0.16825625692062085, 0.16825625692062063, 0.16825625692062063, 0.16825625692062063]}}, "bfgs": {"type": "gradient", "0": {"maxiter": 100, "gtol": 1e-05, "xrtol": 1e-05, "eps": 1e-05, "duration": 0.06139230728149414, "fun": "0.16825625755021878", "jac": "[-6.02882189e-06 -6.07649486e-06  4.59421390e-06 -1.56434643e-05\n  5.45385959e-07  1.66441305e-06]", "hess_inv": "[[ 2.80046183 -1.47145816 -0.73044629 -0.32098554  0.43454471 -0.09662356]\n [-1.47145816  7.07348603  4.64782231  0.32707752 -1.93746836  0.55054633]\n [-0.73044629  4.64782231  8.37719802  1.76967057 -4.63416369  1.64666336]\n [-0.32098554  0.32707752  1.76967057  2.06457211 -1.09580246  0.49152765]\n [ 0.43454471 -1.93746836 -4.63416369 -1.09580246  4.92056463 -1.19233382]\n [-0.09662356  0.55054633  1.64666336  0.49152765 -1.19233382  2.70537466]]", "nfev": "154", "njev": "22", "status": "0", "success": "True", "message": "Optimization terminated successfully.", "x": "[2.2036756  1.95740628 4.24760902 4.80535208 7.95403635 3.2255954 ]", "nit": "18", "callback": [0.6267356954770927, 0.5944233074104601, 0.3792631308433815, 0.23926854981624546, 0.2096508941028591, 0.1905006264839484, 0.18036743176774883, 0.1770031221735312, 0.1741825800660639, 0.1702701292527683, 0.1686767995317563, 0.16836289004300586, 0.16828417324017564, 0.1682592176820259, 0.16825639081725619, 0.16825626845276653, 0.16825626073853983, 0.16825625755021878]}, "1": {"maxiter": 100, "gtol": 1e-05, "xrtol": 1e-05, "eps": 1e-10, "duration": 0.07254195213317871, "fun": "0.16825625771130426", "jac": "[-1.22124523e-05 -8.88178346e-06  5.55111466e-06 -1.55431211e-05\n  2.22044587e-06  3.33066880e-06]", "hess_inv": "[[ 2.81664750e+00 -1.58338323e+00 -7.15254767e-01 -3.72191144e-01\n   4.34960050e-01 -5.09256170e-03]\n [-1.58338323e+00  6.66044397e+00  4.18776861e+00  1.15256940e-01\n  -1.77926033e+00  4.22325784e-01]\n [-7.15254767e-01  4.18776861e+00  7.83916527e+00  1.44079257e+00\n  -4.40676228e+00  1.43014874e+00]\n [-3.72191144e-01  1.15256940e-01  1.44079257e+00  1.92599888e+00\n  -9.56490328e-01  3.02495888e-01]\n [ 4.34960050e-01 -1.77926033e+00 -4.40676228e+00 -9.56490328e-01\n   4.82360251e+00 -1.07147386e+00]\n [-5.09256170e-03  4.22325784e-01  1.43014874e+00  3.02495888e-01\n  -1.07147386e+00  2.54008094e+00]]", "nfev": "154", "njev": "22", "status": "0", "success": "True", "message": "Optimization terminated successfully.", "x": "[2.20367121 1.95738651 4.24759746 4.80535307 7.95404508 3.22559736]", "nit": "18", "callback": [0.6267367030620298, 0.594425159256088, 0.3792638951281996, 0.2392722301587089, 0.20966102297417777, 0.1904968768597859, 0.18036808192994547, 0.17700288033124623, 0.1741832236151757, 0.17027073508796664, 0.16867660751871894, 0.16836293420396453, 0.16828416837795346, 0.16825922065358623, 0.16825639239911405, 0.1682562682546902, 0.16825626065135058, 0.16825625771130426]}, "2": {"maxiter": 100, "gtol": 1e-05, "xrtol": 1e-10, "eps": 1e-05, "duration": 0.061810970306396484, "fun": "0.1682562570117465", "jac": "[ 1.03734799e-06 -6.85951296e-07  1.11012310e-06 -3.62531116e-06\n  3.56281671e-07 -2.53141952e-07]", "hess_inv": "[[ 2.77838207 -1.15690787 -0.49470678  0.16245175  0.29755744 -0.07190253]\n [-1.15690787  7.41454024  4.87265713  0.6840033  -1.98890252  0.46936739]\n [-0.49470678  4.87265713  8.52283756  1.9909476  -4.65993096  1.58409474]\n [ 0.16245175  0.6840033   1.9909476   2.36189479 -1.10538409  0.35736348]\n [ 0.29755744 -1.98890252 -4.65993096 -1.10538409  4.90263402 -1.15152359]\n [-0.07190253  0.46936739  1.58409474  0.35736348 -1.15152359  2.69292618]]", "nfev": "161", "njev": "23", "status": "0", "success": "True", "message": "Optimization terminated successfully.", "x": "[2.2036901  1.95743298 4.24762754 4.80538503 7.95402941 3.22559228]", "nit": "19", "callback": [0.6267356954770927, 0.5944233074104601, 0.3792631308433815, 0.23926854981624546, 0.2096508941028591, 0.1905006264839484, 0.18036743176774883, 0.1770031221735312, 0.1741825800660639, 0.1702701292527683, 0.1686767995317563, 0.16836289004300586, 0.16828417324017564, 0.1682592176820259, 0.16825639081725619, 0.16825626845276653, 0.16825626073853983, 0.16825625755021878, 0.1682562570117465]}, "3": {"maxiter": 100, "gtol": 1e-05, "xrtol": 1e-10, "eps": 1e-10, "duration": 0.06890416145324707, "fun": "0.16825625706468483", "jac": "[ 3.33066880e-06 -3.33066880e-06 -1.11022293e-06 -4.44089173e-06\n -3.33066880e-06 -2.22044587e-06]", "hess_inv": "[[ 3.13317655 -1.08109817 -0.44459364  0.10318833  0.21167459 -0.15024821]\n [-1.08109817  7.07489424  4.47105775  0.49347713 -1.89453172  0.32520488]\n [-0.44459364  4.47105775  8.01473135  1.70354562 -4.50633952  1.35693698]\n [ 0.10318833  0.49347713  1.70354562  2.27016677 -1.05682143  0.21546238]\n [ 0.21167459 -1.89453172 -4.50633952 -1.05682143  4.83175395 -1.05231405]\n [-0.15024821  0.32520488  1.35693698  0.21546238 -1.05231405  2.56026091]]", "nfev": "161", "njev": "23", "status": "0", "success": "True", "message": "Optimization terminated successfully.", "x": "[2.20370397 1.95742212 4.24761922 4.80538618 7.95403221 3.22558804]", "nit": "19", "callback": [0.6267367030620298, 0.594425159256088, 0.3792638951281996, 0.2392722301587089, 0.20966102297417777, 0.1904968768597859, 0.18036808192994547, 0.17700288033124623, 0.1741832236151757, 0.17027073508796664, 0.16867660751871894, 0.16836293420396453, 0.16828416837795346, 0.16825922065358623, 0.16825639239911405, 0.1682562682546902, 0.16825626065135058, 0.16825625771130426, 0.16825625706468483]}, "4": {"maxiter": 100, "gtol": 1e-10, "xrtol": 1e-05, "eps": 1e-05, "duration": 0.06596684455871582, "fun": "0.16825625755021878", "jac": "[-6.02882189e-06 -6.07649486e-06  4.59421390e-06 -1.56434643e-05\n  5.45385959e-07  1.66441305e-06]", "hess_inv": "[[ 2.80046183 -1.47145816 -0.73044629 -0.32098554  0.43454471 -0.09662356]\n [-1.47145816  7.07348603  4.64782231  0.32707752 -1.93746836  0.55054633]\n [-0.73044629  4.64782231  8.37719802  1.76967057 -4.63416369  1.64666336]\n [-0.32098554  0.32707752  1.76967057  2.06457211 -1.09580246  0.49152765]\n [ 0.43454471 -1.93746836 -4.63416369 -1.09580246  4.92056463 -1.19233382]\n [-0.09662356  0.55054633  1.64666336  0.49152765 -1.19233382  2.70537466]]", "nfev": "154", "njev": "22", "status": "0", "success": "True", "message": "Optimization terminated successfully.", "x": "[2.2036756  1.95740628 4.24760902 4.80535208 7.95403635 3.2255954 ]", "nit": "18", "callback": [0.6267356954770927, 0.5944233074104601, 0.3792631308433815, 0.23926854981624546, 0.2096508941028591, 0.1905006264839484, 0.18036743176774883, 0.1770031221735312, 0.1741825800660639, 0.1702701292527683, 0.1686767995317563, 0.16836289004300586, 0.16828417324017564, 0.1682592176820259, 0.16825639081725619, 0.16825626845276653, 0.16825626073853983, 0.16825625755021878]}, "5": {"maxiter": 100, "gtol": 1e-10, "xrtol": 1e-05, "eps": 1e-10, "duration": 0.07551002502441406, "fun": "0.16825625771130426", "jac": "[-1.22124523e-05 -8.88178346e-06  5.55111466e-06 -1.55431211e-05\n  2.22044587e-06  3.33066880e-06]", "hess_inv": "[[ 2.81664750e+00 -1.58338323e+00 -7.15254767e-01 -3.72191144e-01\n   4.34960050e-01 -5.09256170e-03]\n [-1.58338323e+00  6.66044397e+00  4.18776861e+00  1.15256940e-01\n  -1.77926033e+00  4.22325784e-01]\n [-7.15254767e-01  4.18776861e+00  7.83916527e+00  1.44079257e+00\n  -4.40676228e+00  1.43014874e+00]\n [-3.72191144e-01  1.15256940e-01  1.44079257e+00  1.92599888e+00\n  -9.56490328e-01  3.02495888e-01]\n [ 4.34960050e-01 -1.77926033e+00 -4.40676228e+00 -9.56490328e-01\n   4.82360251e+00 -1.07147386e+00]\n [-5.09256170e-03  4.22325784e-01  1.43014874e+00  3.02495888e-01\n  -1.07147386e+00  2.54008094e+00]]", "nfev": "154", "njev": "22", "status": "0", "success": "True", "message": "Optimization terminated successfully.", "x": "[2.20367121 1.95738651 4.24759746 4.80535307 7.95404508 3.22559736]", "nit": "18", "callback": [0.6267367030620298, 0.594425159256088, 0.3792638951281996, 0.2392722301587089, 0.20966102297417777, 0.1904968768597859, 0.18036808192994547, 0.17700288033124623, 0.1741832236151757, 0.17027073508796664, 0.16867660751871894, 0.16836293420396453, 0.16828416837795346, 0.16825922065358623, 0.16825639239911405, 0.1682562682546902, 0.16825626065135058, 0.16825625771130426]}, "6": {"maxiter": 100, "gtol": 1e-10, "xrtol": 1e-10, "eps": 1e-05, "duration": 0.1779320240020752, "fun": "0.1682562569660062", "jac": "[ 2.28261854e-08  8.43769499e-09 -3.11972670e-09  4.39648318e-09\n  1.37667655e-09 -5.81756865e-09]", "hess_inv": "[[ 2.85969641 -1.3492848  -0.68163768 -0.13278243  0.41311734 -0.11078037]\n [-1.3492848   7.61020871  5.06401899  1.03858098 -2.1317918   0.53956286]\n [-0.68163768  5.06401899  8.71364338  2.3346541  -4.80099996  1.65306269]\n [-0.13278243  1.03858098  2.3346541   2.97966357 -1.35089696  0.46920201]\n [ 0.41311734 -2.1317918  -4.80099996 -1.35089696  5.00191899 -1.19610286]\n [-0.11078037  0.53956286  1.65306269  0.46920201 -1.19610286  2.70979974]]", "nfev": "411", "njev": "57", "status": "2", "success": "False", "message": "Desired error not necessarily achieved due to precision loss.", "x": "[2.20368647 1.95743881 4.24763269 4.8053949  7.95402587 3.22559369]", "nit": "21", "callback": [0.6267356954770927, 0.5944233074104601, 0.3792631308433815, 0.23926854981624546, 0.2096508941028591, 0.1905006264839484, 0.18036743176774883, 0.1770031221735312, 0.1741825800660639, 0.1702701292527683, 0.1686767995317563, 0.16836289004300586, 0.16828417324017564, 0.1682592176820259, 0.16825639081725619, 0.16825626845276653, 0.16825626073853983, 0.16825625755021878, 0.1682562570117465, 0.1682562569665953, 0.1682562569660062]}, "7": {"maxiter": 100, "gtol": 1e-10, "xrtol": 1e-10, "eps": 1e-10, "duration": 0.11793208122253418, "fun": "0.16825625692537483", "jac": "[-1.11022293e-06  0.00000000e+00  1.11022293e-06  3.33066880e-06\n  3.33066880e-06  2.22044587e-06]", "hess_inv": "[[ 1.65437295  0.75058481  0.12619435  0.41591489  0.35637636 -0.63360013]\n [ 0.75058481  7.00338398 -0.13699219  0.82210409  3.61336285 -0.83364978]\n [ 0.12619435 -0.13699219  2.3539636  -0.83513442 -0.91988651 -0.10504716]\n [ 0.41591489  0.82210409 -0.83513442  0.78228018  1.09731268 -0.38055071]\n [ 0.35637636  3.61336285 -0.91988651  1.09731268  3.2795056  -0.73413146]\n [-0.63360013 -0.83364978 -0.10504716 -0.38055071 -0.73413146  0.67971706]]", "nfev": "287", "njev": "41", "status": "0", "success": "True", "message": "Optimization terminated successfully.", "x": "[2.20368878 1.95745184 4.24765132 4.80540474 7.95402033 3.22559716]", "nit": "25", "callback": [0.6267367030620298, 0.594425159256088, 0.3792638951281996, 0.2392722301587089, 0.20966102297417777, 0.1904968768597859, 0.18036808192994547, 0.17700288033124623, 0.1741832236151757, 0.17027073508796664, 0.16867660751871894, 0.16836293420396453, 0.16828416837795346, 0.16825922065358623, 0.16825639239911405, 0.1682562682546902, 0.16825626065135058, 0.16825625771130426, 0.16825625706468483, 0.16825625695748203, 0.1682562569500745, 0.16825625694086999, 0.16825625693048518, 0.16825625692537483, 0.16825625692537483]}, "8": {"maxiter": 500, "gtol": 1e-05, "xrtol": 1e-05, "eps": 1e-05, "duration": 0.0715029239654541, "fun": "0.16825625755021878", "jac": "[-6.02882189e-06 -6.07649486e-06  4.59421390e-06 -1.56434643e-05\n  5.45385959e-07  1.66441305e-06]", "hess_inv": "[[ 2.80046183 -1.47145816 -0.73044629 -0.32098554  0.43454471 -0.09662356]\n [-1.47145816  7.07348603  4.64782231  0.32707752 -1.93746836  0.55054633]\n [-0.73044629  4.64782231  8.37719802  1.76967057 -4.63416369  1.64666336]\n [-0.32098554  0.32707752  1.76967057  2.06457211 -1.09580246  0.49152765]\n [ 0.43454471 -1.93746836 -4.63416369 -1.09580246  4.92056463 -1.19233382]\n [-0.09662356  0.55054633  1.64666336  0.49152765 -1.19233382  2.70537466]]", "nfev": "154", "njev": "22", "status": "0", "success": "True", "message": "Optimization terminated successfully.", "x": "[2.2036756  1.95740628 4.24760902 4.80535208 7.95403635 3.2255954 ]", "nit": "18", "callback": [0.6267356954770927, 0.5944233074104601, 0.3792631308433815, 0.23926854981624546, 0.2096508941028591, 0.1905006264839484, 0.18036743176774883, 0.1770031221735312, 0.1741825800660639, 0.1702701292527683, 0.1686767995317563, 0.16836289004300586, 0.16828417324017564, 0.1682592176820259, 0.16825639081725619, 0.16825626845276653, 0.16825626073853983, 0.16825625755021878]}, "9": {"maxiter": 500, "gtol": 1e-05, "xrtol": 1e-05, "eps": 1e-10, "duration": 0.07502412796020508, "fun": "0.16825625771130426", "jac": "[-1.22124523e-05 -8.88178346e-06  5.55111466e-06 -1.55431211e-05\n  2.22044587e-06  3.33066880e-06]", "hess_inv": "[[ 2.81664750e+00 -1.58338323e+00 -7.15254767e-01 -3.72191144e-01\n   4.34960050e-01 -5.09256170e-03]\n [-1.58338323e+00  6.66044397e+00  4.18776861e+00  1.15256940e-01\n  -1.77926033e+00  4.22325784e-01]\n [-7.15254767e-01  4.18776861e+00  7.83916527e+00  1.44079257e+00\n  -4.40676228e+00  1.43014874e+00]\n [-3.72191144e-01  1.15256940e-01  1.44079257e+00  1.92599888e+00\n  -9.56490328e-01  3.02495888e-01]\n [ 4.34960050e-01 -1.77926033e+00 -4.40676228e+00 -9.56490328e-01\n   4.82360251e+00 -1.07147386e+00]\n [-5.09256170e-03  4.22325784e-01  1.43014874e+00  3.02495888e-01\n  -1.07147386e+00  2.54008094e+00]]", "nfev": "154", "njev": "22", "status": "0", "success": "True", "message": "Optimization terminated successfully.", "x": "[2.20367121 1.95738651 4.24759746 4.80535307 7.95404508 3.22559736]", "nit": "18", "callback": [0.6267367030620298, 0.594425159256088, 0.3792638951281996, 0.2392722301587089, 0.20966102297417777, 0.1904968768597859, 0.18036808192994547, 0.17700288033124623, 0.1741832236151757, 0.17027073508796664, 0.16867660751871894, 0.16836293420396453, 0.16828416837795346, 0.16825922065358623, 0.16825639239911405, 0.1682562682546902, 0.16825626065135058, 0.16825625771130426]}, "10": {"maxiter": 500, "gtol": 1e-05, "xrtol": 1e-10, "eps": 1e-05, "duration": 0.06530308723449707, "fun": "0.1682562570117465", "jac": "[ 1.03734799e-06 -6.85951296e-07  1.11012310e-06 -3.62531116e-06\n  3.56281671e-07 -2.53141952e-07]", "hess_inv": "[[ 2.77838207 -1.15690787 -0.49470678  0.16245175  0.29755744 -0.07190253]\n [-1.15690787  7.41454024  4.87265713  0.6840033  -1.98890252  0.46936739]\n [-0.49470678  4.87265713  8.52283756  1.9909476  -4.65993096  1.58409474]\n [ 0.16245175  0.6840033   1.9909476   2.36189479 -1.10538409  0.35736348]\n [ 0.29755744 -1.98890252 -4.65993096 -1.10538409  4.90263402 -1.15152359]\n [-0.07190253  0.46936739  1.58409474  0.35736348 -1.15152359  2.69292618]]", "nfev": "161", "njev": "23", "status": "0", "success": "True", "message": "Optimization terminated successfully.", "x": "[2.2036901  1.95743298 4.24762754 4.80538503 7.95402941 3.22559228]", "nit": "19", "callback": [0.6267356954770927, 0.5944233074104601, 0.3792631308433815, 0.23926854981624546, 0.2096508941028591, 0.1905006264839484, 0.18036743176774883, 0.1770031221735312, 0.1741825800660639, 0.1702701292527683, 0.1686767995317563, 0.16836289004300586, 0.16828417324017564, 0.1682592176820259, 0.16825639081725619, 0.16825626845276653, 0.16825626073853983, 0.16825625755021878, 0.1682562570117465]}, "11": {"maxiter": 500, "gtol": 1e-05, "xrtol": 1e-10, "eps": 1e-10, "duration": 0.0643610954284668, "fun": "0.16825625706468483", "jac": "[ 3.33066880e-06 -3.33066880e-06 -1.11022293e-06 -4.44089173e-06\n -3.33066880e-06 -2.22044587e-06]", "hess_inv": "[[ 3.13317655 -1.08109817 -0.44459364  0.10318833  0.21167459 -0.15024821]\n [-1.08109817  7.07489424  4.47105775  0.49347713 -1.89453172  0.32520488]\n [-0.44459364  4.47105775  8.01473135  1.70354562 -4.50633952  1.35693698]\n [ 0.10318833  0.49347713  1.70354562  2.27016677 -1.05682143  0.21546238]\n [ 0.21167459 -1.89453172 -4.50633952 -1.05682143  4.83175395 -1.05231405]\n [-0.15024821  0.32520488  1.35693698  0.21546238 -1.05231405  2.56026091]]", "nfev": "161", "njev": "23", "status": "0", "success": "True", "message": "Optimization terminated successfully.", "x": "[2.20370397 1.95742212 4.24761922 4.80538618 7.95403221 3.22558804]", "nit": "19", "callback": [0.6267367030620298, 0.594425159256088, 0.3792638951281996, 0.2392722301587089, 0.20966102297417777, 0.1904968768597859, 0.18036808192994547, 0.17700288033124623, 0.1741832236151757, 0.17027073508796664, 0.16867660751871894, 0.16836293420396453, 0.16828416837795346, 0.16825922065358623, 0.16825639239911405, 0.1682562682546902, 0.16825626065135058, 0.16825625771130426, 0.16825625706468483]}, "12": {"maxiter": 500, "gtol": 1e-10, "xrtol": 1e-05, "eps": 1e-05, "duration": 0.07059669494628906, "fun": "0.16825625755021878", "jac": "[-6.02882189e-06 -6.07649486e-06  4.59421390e-06 -1.56434643e-05\n  5.45385959e-07  1.66441305e-06]", "hess_inv": "[[ 2.80046183 -1.47145816 -0.73044629 -0.32098554  0.43454471 -0.09662356]\n [-1.47145816  7.07348603  4.64782231  0.32707752 -1.93746836  0.55054633]\n [-0.73044629  4.64782231  8.37719802  1.76967057 -4.63416369  1.64666336]\n [-0.32098554  0.32707752  1.76967057  2.06457211 -1.09580246  0.49152765]\n [ 0.43454471 -1.93746836 -4.63416369 -1.09580246  4.92056463 -1.19233382]\n [-0.09662356  0.55054633  1.64666336  0.49152765 -1.19233382  2.70537466]]", "nfev": "154", "njev": "22", "status": "0", "success": "True", "message": "Optimization terminated successfully.", "x": "[2.2036756  1.95740628 4.24760902 4.80535208 7.95403635 3.2255954 ]", "nit": "18", "callback": [0.6267356954770927, 0.5944233074104601, 0.3792631308433815, 0.23926854981624546, 0.2096508941028591, 0.1905006264839484, 0.18036743176774883, 0.1770031221735312, 0.1741825800660639, 0.1702701292527683, 0.1686767995317563, 0.16836289004300586, 0.16828417324017564, 0.1682592176820259, 0.16825639081725619, 0.16825626845276653, 0.16825626073853983, 0.16825625755021878]}, "13": {"maxiter": 500, "gtol": 1e-10, "xrtol": 1e-05, "eps": 1e-10, "duration": 0.06562209129333496, "fun": "0.16825625771130426", "jac": "[-1.22124523e-05 -8.88178346e-06  5.55111466e-06 -1.55431211e-05\n  2.22044587e-06  3.33066880e-06]", "hess_inv": "[[ 2.81664750e+00 -1.58338323e+00 -7.15254767e-01 -3.72191144e-01\n   4.34960050e-01 -5.09256170e-03]\n [-1.58338323e+00  6.66044397e+00  4.18776861e+00  1.15256940e-01\n  -1.77926033e+00  4.22325784e-01]\n [-7.15254767e-01  4.18776861e+00  7.83916527e+00  1.44079257e+00\n  -4.40676228e+00  1.43014874e+00]\n [-3.72191144e-01  1.15256940e-01  1.44079257e+00  1.92599888e+00\n  -9.56490328e-01  3.02495888e-01]\n [ 4.34960050e-01 -1.77926033e+00 -4.40676228e+00 -9.56490328e-01\n   4.82360251e+00 -1.07147386e+00]\n [-5.09256170e-03  4.22325784e-01  1.43014874e+00  3.02495888e-01\n  -1.07147386e+00  2.54008094e+00]]", "nfev": "154", "njev": "22", "status": "0", "success": "True", "message": "Optimization terminated successfully.", "x": "[2.20367121 1.95738651 4.24759746 4.80535307 7.95404508 3.22559736]", "nit": "18", "callback": [0.6267367030620298, 0.594425159256088, 0.3792638951281996, 0.2392722301587089, 0.20966102297417777, 0.1904968768597859, 0.18036808192994547, 0.17700288033124623, 0.1741832236151757, 0.17027073508796664, 0.16867660751871894, 0.16836293420396453, 0.16828416837795346, 0.16825922065358623, 0.16825639239911405, 0.1682562682546902, 0.16825626065135058, 0.16825625771130426]}, "14": {"maxiter": 500, "gtol": 1e-10, "xrtol": 1e-10, "eps": 1e-05, "duration": 0.1756441593170166, "fun": "0.1682562569660062", "jac": "[ 2.28261854e-08  8.43769499e-09 -3.11972670e-09  4.39648318e-09\n  1.37667655e-09 -5.81756865e-09]", "hess_inv": "[[ 2.85969641 -1.3492848  -0.68163768 -0.13278243  0.41311734 -0.11078037]\n [-1.3492848   7.61020871  5.06401899  1.03858098 -2.1317918   0.53956286]\n [-0.68163768  5.06401899  8.71364338  2.3346541  -4.80099996  1.65306269]\n [-0.13278243  1.03858098  2.3346541   2.97966357 -1.35089696  0.46920201]\n [ 0.41311734 -2.1317918  -4.80099996 -1.35089696  5.00191899 -1.19610286]\n [-0.11078037  0.53956286  1.65306269  0.46920201 -1.19610286  2.70979974]]", "nfev": "411", "njev": "57", "status": "2", "success": "False", "messag