{"date": "2024/09/25/, 07:15:14", "conf_id": 168, "data_type": "non_lin_ind\n", "num_data_points": 1, "s_rank": 0, "unitary": "[[-0.53618537-0.34368723j,-0.12107031-0.46226139j,-0.07699282-0.46603512j,0.36022595-0.11472301j],[0.26026499-0.63450712j,-0.56616638+0.37832564j,-0.14988651+0.08458591j,0.10363514-0.16008501j],[-0.32580188-0.11070003j,-0.36476308-0.23593218j,0.02559343+0.41761608j,-0.25598305+0.6725303j],[0.07406738-0.0126433j,0.28513701+0.19483972j,-0.74939717-0.10299659j,0.29798249+0.46269921j]]", "databatch_0": {"databatch": "[[[-0.21187113+0.12038001j,-0.00931835+0.01652072j,0.13552997-0.08560635j,0.41616492+0.04135895j],[-0.15935402+0.33027567j,-0.04421941-0.01718575j,0.06905548-0.16884549j,0.34513264-0.2235643j],[-0.33209329+0.06608918j,0.0374419-0.04721995j,0.14438793-0.08363507j,0.40941361-0.02901271j],[0.02330155+0.10042669j,0.00288329+0.06355065j,0.03173256-0.07955891j,0.24137574-0.07545769j]]]", "initial param values": "[3.75409823,2.530845,6.23253013,2.84267741,0.28400395,1.33301466]", "nelder_mead": {"type": "gradient-free", "0": {"maxiter": 100, "fatol": 1e-05, "xatol": 1e-05, "duration": 0.03650784492492676, "fun": "0.21163155832889202", "nit": "100", "nfev": "151", "status": "2", "success": "False", "message": "Maximum number of iterations has been exceeded.", "x": "[7.72671254 4.4429125  2.84292521 4.84242833 0.10192631 0.50202483]", "final_simplex": "(array([[7.72671254, 4.4429125 , 2.84292521, 4.84242833, 0.10192631,\n        0.50202483],\n       [7.71128029, 4.35152254, 2.81554371, 5.04715464, 0.09655526,\n        0.45421579],\n       [8.10136859, 4.50379706, 2.89418229, 5.09972843, 0.07291253,\n        0.39122465],\n       [7.82836374, 4.28401316, 3.01073487, 4.84689964, 0.09163563,\n        0.48868969],\n       [8.04134699, 4.39929004, 2.8148243 , 4.96563241, 0.093949  ,\n        0.40528368],\n       [7.80630481, 4.0911164 , 2.80256332, 4.93948164, 0.08348657,\n        0.46343501],\n       [7.59225906, 4.24079252, 3.17688191, 4.5900992 , 0.11406837,\n        0.54005041]]), array([0.21163156, 0.21305411, 0.21574158, 0.21932111, 0.22474127,\n       0.23297582, 0.2332057 ]))", "callback": [0.921422817591598, 0.7465685843133079, 0.6619877286367681, 0.4331178497784265, 0.3915882896439259, 0.3325880108177398, 0.302242571228707, 0.28643796836287416, 0.25229658183714276, 0.23297581701072534]}, "1": {"maxiter": 100, "fatol": 1e-05, "xatol": 1e-10, "duration": 0.03587913513183594, "fun": "0.21163155832889202", "nit": "100", "nfev": "151", "status": "2", "success": "False", "message": "Maximum number of iterations has been exceeded.", "x": "[7.72671254 4.4429125  2.84292521 4.84242833 0.10192631 0.50202483]", "final_simplex": "(array([[7.72671254, 4.4429125 , 2.84292521, 4.84242833, 0.10192631,\n        0.50202483],\n       [7.71128029, 4.35152254, 2.81554371, 5.04715464, 0.09655526,\n        0.45421579],\n       [8.10136859, 4.50379706, 2.89418229, 5.09972843, 0.07291253,\n        0.39122465],\n       [7.82836374, 4.28401316, 3.01073487, 4.84689964, 0.09163563,\n        0.48868969],\n       [8.04134699, 4.39929004, 2.8148243 , 4.96563241, 0.093949  ,\n        0.40528368],\n       [7.80630481, 4.0911164 , 2.80256332, 4.93948164, 0.08348657,\n        0.46343501],\n       [7.59225906, 4.24079252, 3.17688191, 4.5900992 , 0.11406837,\n        0.54005041]]), array([0.21163156, 0.21305411, 0.21574158, 0.21932111, 0.22474127,\n       0.23297582, 0.2332057 ]))", "callback": [0.921422817591598, 0.7465685843133079, 0.6619877286367681, 0.4331178497784265, 0.3915882896439259, 0.3325880108177398, 0.302242571228707, 0.28643796836287416, 0.25229658183714276, 0.23297581701072534]}, "2": {"maxiter": 100, "fatol": 1e-10, "xatol": 1e-05, "duration": 0.036866188049316406, "fun": "0.21163155832889202", "nit": "100", "nfev": "151", "status": "2", "success": "False", "message": "Maximum number of iterations has been exceeded.", "x": "[7.72671254 4.4429125  2.84292521 4.84242833 0.10192631 0.50202483]", "final_simplex": "(array([[7.72671254, 4.4429125 , 2.84292521, 4.84242833, 0.10192631,\n        0.50202483],\n       [7.71128029, 4.35152254, 2.81554371, 5.04715464, 0.09655526,\n        0.45421579],\n       [8.10136859, 4.50379706, 2.89418229, 5.09972843, 0.07291253,\n        0.39122465],\n       [7.82836374, 4.28401316, 3.01073487, 4.84689964, 0.09163563,\n        0.48868969],\n       [8.04134699, 4.39929004, 2.8148243 , 4.96563241, 0.093949  ,\n        0.40528368],\n       [7.80630481, 4.0911164 , 2.80256332, 4.93948164, 0.08348657,\n        0.46343501],\n       [7.59225906, 4.24079252, 3.17688191, 4.5900992 , 0.11406837,\n        0.54005041]]), array([0.21163156, 0.21305411, 0.21574158, 0.21932111, 0.22474127,\n       0.23297582, 0.2332057 ]))", "callback": [0.921422817591598, 0.7465685843133079, 0.6619877286367681, 0.4331178497784265, 0.3915882896439259, 0.3325880108177398, 0.302242571228707, 0.28643796836287416, 0.25229658183714276, 0.23297581701072534]}, "3": {"maxiter": 100, "fatol": 1e-10, "xatol": 1e-10, "duration": 0.03586220741271973, "fun": "0.21163155832889202", "nit": "100", "nfev": "151", "status": "2", "success": "False", "message": "Maximum number of iterations has been exceeded.", "x": "[7.72671254 4.4429125  2.84292521 4.84242833 0.10192631 0.50202483]", "final_simplex": "(array([[7.72671254, 4.4429125 , 2.84292521, 4.84242833, 0.10192631,\n        0.50202483],\n       [7.71128029, 4.35152254, 2.81554371, 5.04715464, 0.09655526,\n        0.45421579],\n       [8.10136859, 4.50379706, 2.89418229, 5.09972843, 0.07291253,\n        0.39122465],\n       [7.82836374, 4.28401316, 3.01073487, 4.84689964, 0.09163563,\n        0.48868969],\n       [8.04134699, 4.39929004, 2.8148243 , 4.96563241, 0.093949  ,\n        0.40528368],\n       [7.80630481, 4.0911164 , 2.80256332, 4.93948164, 0.08348657,\n        0.46343501],\n       [7.59225906, 4.24079252, 3.17688191, 4.5900992 , 0.11406837,\n        0.54005041]]), array([0.21163156, 0.21305411, 0.21574158, 0.21932111, 0.22474127,\n       0.23297582, 0.2332057 ]))", "callback": [0.921422817591598, 0.7465685843133079, 0.6619877286367681, 0.4331178497784265, 0.3915882896439259, 0.3325880108177398, 0.302242571228707, 0.28643796836287416, 0.25229658183714276, 0.23297581701072534]}, "4": {"maxiter": 500, "fatol": 1e-05, "xatol": 1e-05, "duration": 0.17906498908996582, "fun": "0.17441603675043127", "nit": "500", "nfev": "779", "status": "2", "success": "False", "message": "Maximum number of iterations has been exceeded.", "x": "[7.41296041 2.9431054  2.85737359 4.63932562 1.85193731 0.49577722]", "final_simplex": "(array([[7.41296041, 2.9431054 , 2.85737359, 4.63932562, 1.85193731,\n        0.49577722],\n       [7.4129643 , 2.9431193 , 2.85737559, 4.6393279 , 1.85192166,\n        0.49577729],\n       [7.4129634 , 2.94310996, 2.85737696, 4.63932921, 1.85193166,\n        0.49577647],\n       [7.41295974, 2.94310537, 2.85737668, 4.63932623, 1.85193118,\n        0.49577764],\n       [7.41296084, 2.94312149, 2.85737461, 4.63932802, 1.8519225 ,\n        0.49577719],\n       [7.41297028, 2.94312066, 2.85737246, 4.63933229, 1.85192049,\n        0.49577193],\n       [7.4129626 , 2.94312377, 2.85736912, 4.63932412, 1.85192429,\n        0.49577069]]), array([0.17441604, 0.17441604, 0.17441604, 0.17441604, 0.17441604,\n       0.17441604, 0.17441604]))", "callback": [0.921422817591598, 0.7465685843133079, 0.6619877286367681, 0.4331178497784265, 0.3915882896439259, 0.3325880108177398, 0.302242571228707, 0.28643796836287416, 0.25229658183714276, 0.23297581701072534, 0.20669806682945502, 0.20186863018253698, 0.20023607130887489, 0.19991666243804262, 0.19988786924211333, 0.1998651517727308, 0.19982581481060357, 0.19979510464428896, 0.1996160446582418, 0.19899020162235292, 0.19861739586336957, 0.1984239004833932, 0.19826969870966948, 0.1981250751711623, 0.1980730731970639, 0.1978838539703427, 0.19748608635574438, 0.1969189175190299, 0.19478048352525923, 0.19132389998467159, 0.18068312066948733, 0.17913970663759882, 0.17671635476644287, 0.175695060253657, 0.17463031255457817, 0.17450262136090855, 0.17443039375062042, 0.1744189139288126, 0.17441709659293414, 0.17441647732548082, 0.17441625934845995, 0.17441606220048944, 0.17441604268225686, 0.17441604079828865, 0.17441603789382376, 0.17441603703632202, 0.17441603685558982, 0.17441603678333295, 0.1744160367601355, 0.17441603675472772]}, "5": {"maxiter": 500, "fatol": 1e-05, "xatol": 1e-10, "duration": 0.17902493476867676, "fun": "0.17441603675043127", "nit": "500", "nfev": "779", "status": "2", "success": "False", "message": "Maximum number of iterations has been exceeded.", "x": "[7.41296041 2.9431054  2.85737359 4.63932562 1.85193731 0.49577722]", "final_simplex": "(array([[7.41296041, 2.9431054 , 2.85737359, 4.63932562, 1.85193731,\n        0.49577722],\n       [7.4129643 , 2.9431193 , 2.85737559, 4.6393279 , 1.85192166,\n        0.49577729],\n       [7.4129634 , 2.94310996, 2.85737696, 4.63932921, 1.85193166,\n        0.49577647],\n       [7.41295974, 2.94310537, 2.85737668, 4.63932623, 1.85193118,\n        0.49577764],\n       [7.41296084, 2.94312149, 2.85737461, 4.63932802, 1.8519225 ,\n        0.49577719],\n       [7.41297028, 2.94312066, 2.85737246, 4.63933229, 1.85192049,\n        0.49577193],\n       [7.4129626 , 2.94312377, 2.85736912, 4.63932412, 1.85192429,\n        0.49577069]]), array([0.17441604, 0.17441604, 0.17441604, 0.17441604, 0.17441604,\n       0.17441604, 0.17441604]))", "callback": [0.921422817591598, 0.7465685843133079, 0.6619877286367681, 0.4331178497784265, 0.3915882896439259, 0.3325880108177398, 0.302242571228707, 0.28643796836287416, 0.25229658183714276, 0.23297581701072534, 0.20669806682945502, 0.20186863018253698, 0.20023607130887489, 0.19991666243804262, 0.19988786924211333, 0.1998651517727308, 0.19982581481060357, 0.19979510464428896, 0.1996160446582418, 0.19899020162235292, 0.19861739586336957, 0.1984239004833932, 0.19826969870966948, 0.1981250751711623, 0.1980730731970639, 0.1978838539703427, 0.19748608635574438, 0.1969189175190299, 0.19478048352525923, 0.19132389998467159, 0.18068312066948733, 0.17913970663759882, 0.17671635476644287, 0.175695060253657, 0.17463031255457817, 0.17450262136090855, 0.17443039375062042, 0.1744189139288126, 0.17441709659293414, 0.17441647732548082, 0.17441625934845995, 0.17441606220048944, 0.17441604268225686, 0.17441604079828865, 0.17441603789382376, 0.17441603703632202, 0.17441603685558982, 0.17441603678333295, 0.1744160367601355, 0.17441603675472772]}, "6": {"maxiter": 500, "fatol": 1e-10, "xatol": 1e-05, "duration": 0.19273066520690918, "fun": "0.17441603675043127", "nit": "500", "nfev": "779", "status": "2", "success": "False", "message": "Maximum number of iterations has been exceeded.", "x": "[7.41296041 2.9431054  2.85737359 4.63932562 1.85193731 0.49577722]", "final_simplex": "(array([[7.41296041, 2.9431054 , 2.85737359, 4.63932562, 1.85193731,\n        0.49577722],\n       [7.4129643 , 2.9431193 , 2.85737559, 4.6393279 , 1.85192166,\n        0.49577729],\n       [7.4129634 , 2.94310996, 2.85737696, 4.63932921, 1.85193166,\n        0.49577647],\n       [7.41295974, 2.94310537, 2.85737668, 4.63932623, 1.85193118,\n        0.49577764],\n       [7.41296084, 2.94312149, 2.85737461, 4.63932802, 1.8519225 ,\n        0.49577719],\n       [7.41297028, 2.94312066, 2.85737246, 4.63933229, 1.85192049,\n        0.49577193],\n       [7.4129626 , 2.94312377, 2.85736912, 4.63932412, 1.85192429,\n        0.49577069]]), array([0.17441604, 0.17441604, 0.17441604, 0.17441604, 0.17441604,\n       0.17441604, 0.17441604]))", "callback": [0.921422817591598, 0.7465685843133079, 0.6619877286367681, 0.4331178497784265, 0.3915882896439259, 0.3325880108177398, 0.302242571228707, 0.28643796836287416, 0.25229658183714276, 0.23297581701072534, 0.20669806682945502, 0.20186863018253698, 0.20023607130887489, 0.19991666243804262, 0.19988786924211333, 0.1998651517727308, 0.19982581481060357, 0.19979510464428896, 0.1996160446582418, 0.19899020162235292, 0.19861739586336957, 0.1984239004833932, 0.19826969870966948, 0.1981250751711623, 0.1980730731970639, 0.1978838539703427, 0.19748608635574438, 0.1969189175190299, 0.19478048352525923, 0.19132389998467159, 0.18068312066948733, 0.17913970663759882, 0.17671635476644287, 0.175695060253657, 0.17463031255457817, 0.17450262136090855, 0.17443039375062042, 0.1744189139288126, 0.17441709659293414, 0.17441647732548082, 0.17441625934845995, 0.17441606220048944, 0.17441604268225686, 0.17441604079828865, 0.17441603789382376, 0.17441603703632202, 0.17441603685558982, 0.17441603678333295, 0.1744160367601355, 0.17441603675472772]}, "7": {"maxiter": 500, "fatol": 1e-10, "xatol": 1e-10, "duration": 0.18014121055603027, "fun": "0.17441603675043127", "nit": "500", "nfev": "779", "status": "2", "success": "False", "message": "Maximum number of iterations has been exceeded.", "x": "[7.41296041 2.9431054  2.85737359 4.63932562 1.85193731 0.49577722]", "final_simplex": "(array([[7.41296041, 2.9431054 , 2.85737359, 4.63932562, 1.85193731,\n        0.49577722],\n       [7.4129643 , 2.9431193 , 2.85737559, 4.6393279 , 1.85192166,\n        0.49577729],\n       [7.4129634 , 2.94310996, 2.85737696, 4.63932921, 1.85193166,\n        0.49577647],\n       [7.41295974, 2.94310537, 2.85737668, 4.63932623, 1.85193118,\n        0.49577764],\n       [7.41296084, 2.94312149, 2.85737461, 4.63932802, 1.8519225 ,\n        0.49577719],\n       [7.41297028, 2.94312066, 2.85737246, 4.63933229, 1.85192049,\n        0.49577193],\n       [7.4129626 , 2.94312377, 2.85736912, 4.63932412, 1.85192429,\n        0.49577069]]), array([0.17441604, 0.17441604, 0.17441604, 0.17441604, 0.17441604,\n       0.17441604, 0.17441604]))", "callback": [0.921422817591598, 0.7465685843133079, 0.6619877286367681, 0.4331178497784265, 0.3915882896439259, 0.3325880108177398, 0.302242571228707, 0.28643796836287416, 0.25229658183714276, 0.23297581701072534, 0.20669806682945502, 0.20186863018253698, 0.20023607130887489, 0.19991666243804262, 0.19988786924211333, 0.1998651517727308, 0.19982581481060357, 0.19979510464428896, 0.1996160446582418, 0.19899020162235292, 0.19861739586336957, 0.1984239004833932, 0.19826969870966948, 0.1981250751711623, 0.1980730731970639, 0.1978838539703427, 0.19748608635574438, 0.1969189175190299, 0.19478048352525923, 0.19132389998467159, 0.18068312066948733, 0.17913970663759882, 0.17671635476644287, 0.175695060253657, 0.17463031255457817, 0.17450262136090855, 0.17443039375062042, 0.1744189139288126, 0.17441709659293414, 0.17441647732548082, 0.17441625934845995, 0.17441606220048944, 0.17441604268225686, 0.17441604079828865, 0.17441603789382376, 0.17441603703632202, 0.17441603685558982, 0.17441603678333295, 0.1744160367601355, 0.17441603675472772]}, "8": {"maxiter": 1000, "fatol": 1e-05, "xatol": 1e-05, "duration": 0.1864020824432373, "fun": "0.17441603674930395", "nit": "508", "nfev": "794", "status": "0", "success": "True", "message": "Optimization terminated successfully.", "x": "[7.41296222 2.94311057 2.8573742  4.63932717 1.85193193 0.49577672]", "final_simplex": "(array([[7.41296222, 2.94311057, 2.8573742 , 4.63932717, 1.85193193,\n        0.49577672],\n       [7.41296387, 2.94311659, 2.85737507, 4.6393281 , 1.85192513,\n        0.4957768 ],\n       [7.41296182, 2.94311706, 2.85737469, 4.63932775, 1.8519256 ,\n        0.49577662],\n       [7.4129634 , 2.94311304, 2.85737539, 4.63932841, 1.85192924,\n        0.49577606],\n       [7.41296486, 2.94311918, 2.8573733 , 4.63932848, 1.85192605,\n        0.49577501],\n       [7.41296408, 2.9431116 , 2.8573767 , 4.6393298 , 1.85192889,\n        0.49577866],\n       [7.41296611, 2.94311702, 2.85737369, 4.63932974, 1.85192443,\n        0.49577424]]), array([0.17441604, 0.17441604, 0.17441604, 0.17441604, 0.17441604,\n       0.17441604, 0.17441604]))", "callback": [0.921422817591598, 0.7465685843133079, 0.6619877286367681, 0.4331178497784265, 0.3915882896439259, 0.3325880108177398, 0.302242571228707, 0.28643796836287416, 0.25229658183714276, 0.23297581701072534, 0.20669806682945502, 0.20186863018253698, 0.20023607130887489, 0.19991666243804262, 0.19988786924211333, 0.1998651517727308, 0.19982581481060357, 0.19979510464428896, 0.1996160446582418, 0.19899020162235292, 0.19861739586336957, 0.1984239004833932, 0.19826969870966948, 0.1981250751711623, 0.1980730731970639, 0.1978838539703427, 0.19748608635574438, 0.1969189175190299, 0.19478048352525923, 0.19132389998467159, 0.18068312066948733, 0.17913970663759882, 0.17671635476644287, 0.175695060253657, 0.17463031255457817, 0.17450262136090855, 0.17443039375062042, 0.1744189139288126, 0.17441709659293414, 0.17441647732548082, 0.17441625934845995, 0.17441606220048944, 0.17441604268225686, 0.17441604079828865, 0.17441603789382376, 0.17441603703632202, 0.17441603685558982, 0.17441603678333295, 0.1744160367601355, 0.17441603675472772, 0.17441603675007733]}, "9": {"maxiter": 1000, "fatol": 1e-05, "xatol": 1e-10, "duration": 0.23424100875854492, "fun": "0.17441603674899042", "nit": "600", "nfev": "1009", "status": "0", "success": "True", "message": "Optimization terminated successfully.", "x": "[7.41296313 2.94311454 2.85737401 4.63932846 1.85192783 0.4957764 ]", "final_simplex": "(array([[7.41296313, 2.94311454, 2.85737401, 4.63932846, 1.85192783,\n        0.4957764 ],\n       [7.41296313, 2.94311454, 2.85737401, 4.63932846, 1.85192783,\n        0.4957764 ],\n       [7.41296313, 2.94311454, 2.85737401, 4.63932846, 1.85192783,\n        0.4957764 ],\n       [7.41296313, 2.94311454, 2.85737401, 4.63932846, 1.85192783,\n        0.4957764 ],\n       [7.41296313, 2.94311454, 2.85737401, 4.63932846, 1.85192783,\n        0.4957764 ],\n       [7.41296313, 2.94311454, 2.85737401, 4.63932846, 1.85192783,\n        0.4957764 ],\n       [7.41296313, 2.94311454, 2.85737401, 4.63932846, 1.85192783,\n        0.4957764 ]]), array([0.17441604, 0.17441604, 0.17441604, 0.17441604, 0.17441604,\n       0.17441604, 0.17441604]))", "callback": [0.921422817591598, 0.7465685843133079, 0.6619877286367681, 0.4331178497784265, 0.3915882896439259, 0.3325880108177398, 0.302242571228707, 0.28643796836287416, 0.25229658183714276, 0.23297581701072534, 0.20669806682945502, 0.20186863018253698, 0.20023607130887489, 0.19991666243804262, 0.19988786924211333, 0.1998651517727308, 0.19982581481060357, 0.19979510464428896, 0.1996160446582418, 0.19899020162235292, 0.19861739586336957, 0.1984239004833932, 0.19826969870966948, 0.1981250751711623, 0.1980730731970639, 0.1978838539703427, 0.19748608635574438, 0.1969189175190299, 0.19478048352525923, 0.19132389998467159, 0.18068312066948733, 0.17913970663759882, 0.17671635476644287, 0.175695060253657, 0.17463031255457817, 0.17450262136090855, 0.17443039375062042, 0.1744189139288126, 0.17441709659293414, 0.17441647732548082, 0.17441625934845995, 0.17441606220048944, 0.17441604268225686, 0.17441604079828865, 0.17441603789382376, 0.17441603703632202, 0.17441603685558982, 0.17441603678333295, 0.1744160367601355, 0.17441603675472772, 0.17441603675007733, 0.17441603674925132, 0.17441603674903505, 0.17441603674900408, 0.1744160367489932, 0.17441603674899142, 0.17441603674899064, 0.17441603674899042, 0.17441603674899042, 0.17441603674899042]}, "10": {"maxiter": 1000, "fatol": 1e-10, "xatol": 1e-05, "duration": 0.18233489990234375, "fun": "0.17441603674930395", "nit": "508", "nfev": "794", "status": "0", "success": "True", "message": "Optimization terminated successfully.", "x": "[7.41296222 2.94311057 2.8573742  4.63932717 1.85193193 0.49577672]", "final_simplex": "(array([[7.41296222, 2.94311057, 2.8573742 , 4.63932717, 1.85193193,\n        0.49577672],\n       [7.41296387, 2.94311659, 2.85737507, 4.6393281 , 1.85192513,\n        0.4957768 ],\n       [7.41296182, 2.94311706, 2.85737469, 4.63932775, 1.8519256 ,\n        0.49577662],\n       [7.4129634 , 2.94311304, 2.85737539, 4.63932841, 1.85192924,\n        0.49577606],\n       [7.41296486, 2.94311918, 2.8573733 , 4.63932848, 1.85192605,\n        0.49577501],\n       [7.41296408, 2.9431116 , 2.8573767 , 4.6393298 , 1.85192889,\n        0.49577866],\n       [7.41296611, 2.94311702, 2.85737369, 4.63932974, 1.85192443,\n        0.49577424]]), array([0.17441604, 0.17441604, 0.17441604, 0.17441604, 0.17441604,\n       0.17441604, 0.17441604]))", "callback": [0.921422817591598, 0.7465685843133079, 0.6619877286367681, 0.4331178497784265, 0.3915882896439259, 0.3325880108177398, 0.302242571228707, 0.28643796836287416, 0.25229658183714276, 0.23297581701072534, 0.20669806682945502, 0.20186863018253698, 0.20023607130887489, 0.19991666243804262, 0.19988786924211333, 0.1998651517727308, 0.19982581481060357, 0.19979510464428896, 0.1996160446582418, 0.19899020162235292, 0.19861739586336957, 0.1984239004833932, 0.19826969870966948, 0.1981250751711623, 0.1980730731970639, 0.1978838539703427, 0.19748608635574438, 0.1969189175190299, 0.19478048352525923, 0.19132389998467159, 0.18068312066948733, 0.17913970663759882, 0.17671635476644287, 0.175695060253657, 0.17463031255457817, 0.17450262136090855, 0.17443039375062042, 0.1744189139288126, 0.17441709659293414, 0.17441647732548082, 0.17441625934845995, 0.17441606220048944, 0.17441604268225686, 0.17441604079828865, 0.17441603789382376, 0.17441603703632202, 0.17441603685558982, 0.17441603678333295, 0.1744160367601355, 0.17441603675472772, 0.17441603675007733]}, "11": {"maxiter": 1000, "fatol": 1e-10, "xatol": 1e-10, "duration": 0.23261284828186035, "fun": "0.17441603674899042", "nit": "600", "nfev": "1009", "status": "0", "success": "True", "message": "Optimization terminated successfully.", "x": "[7.41296313 2.94311454 2.85737401 4.63932846 1.85192783 0.4957764 ]", "final_simplex": "(array([[7.41296313, 2.94311454, 2.85737401, 4.63932846, 1.85192783,\n        0.4957764 ],\n       [7.41296313, 2.94311454, 2.85737401, 4.63932846, 1.85192783,\n        0.4957764 ],\n       [7.41296313, 2.94311454, 2.85737401, 4.63932846, 1.85192783,\n        0.4957764 ],\n       [7.41296313, 2.94311454, 2.85737401, 4.63932846, 1.85192783,\n        0.4957764 ],\n       [7.41296313, 2.94311454, 2.85737401, 4.63932846, 1.85192783,\n        0.4957764 ],\n       [7.41296313, 2.94311454, 2.85737401, 4.63932846, 1.85192783,\n        0.4957764 ],\n       [7.41296313, 2.94311454, 2.85737401, 4.63932846, 1.85192783,\n        0.4957764 ]]), array([0.17441604, 0.17441604, 0.17441604, 0.17441604, 0.17441604,\n       0.17441604, 0.17441604]))", "callback": [0.921422817591598, 0.7465685843133079, 0.6619877286367681, 0.4331178497784265, 0.3915882896439259, 0.3325880108177398, 0.302242571228707, 0.28643796836287416, 0.25229658183714276, 0.23297581701072534, 0.20669806682945502, 0.20186863018253698, 0.20023607130887489, 0.19991666243804262, 0.19988786924211333, 0.1998651517727308, 0.19982581481060357, 0.19979510464428896, 0.1996160446582418, 0.19899020162235292, 0.19861739586336957, 0.1984239004833932, 0.19826969870966948, 0.1981250751711623, 0.1980730731970639, 0.1978838539703427, 0.19748608635574438, 0.1969189175190299, 0.19478048352525923, 0.19132389998467159, 0.18068312066948733, 0.17913970663759882, 0.17671635476644287, 0.175695060253657, 0.17463031255457817, 0.17450262136090855, 0.17443039375062042, 0.1744189139288126, 0.17441709659293414, 0.17441647732548082, 0.17441625934845995, 0.17441606220048944, 0.17441604268225686, 0.17441604079828865, 0.17441603789382376, 0.17441603703632202, 0.17441603685558982, 0.17441603678333295, 0.1744160367601355, 0.17441603675472772, 0.17441603675007733, 0.17441603674925132, 0.17441603674903505, 0.17441603674900408, 0.1744160367489932, 0.17441603674899142, 0.17441603674899064, 0.17441603674899042, 0.17441603674899042, 0.17441603674899042]}}, "bfgs": {"type": "gradient", "0": {"maxiter": 100, "gtol": 1e-05, "xrtol": 1e-05, "eps": 1e-05, "duration": 0.06728506088256836, "fun": "0.17441603682357298", "jac": "[-6.48037179e-07 -1.77825532e-06  4.52060611e-06 -2.21906937e-06\n -1.03641540e-06  2.67064149e-07]", "hess_inv": "[[  8.50326053 -14.56601335   1.78569555  -5.34194019  12.81509429\n    3.38758337]\n [-14.56601335  55.23219766  -8.82438544   7.50332219 -45.78063755\n  -10.91270655]\n [  1.78569555  -8.82438544   6.90388942   0.23463813   4.95587218\n    4.89199026]\n [ -5.34194019   7.50332219   0.23463813   6.1156838   -8.00210084\n   -1.50040425]\n [ 12.81509429 -45.78063755   4.95587218  -8.00210084  44.2041559\n    8.43528523]\n [  3.38758337 -10.91270655   4.89199026  -1.50040425   8.43528523\n    6.53603519]]", "nfev": "287", "njev": "41", "status": "0", "success": "True", "message": "Optimization terminated successfully.", "x": "[ 5.15342168 -0.19854121  5.99898778  4.63931416  1.85196565  0.4957894 ]", "nit": "32", "callback": [0.7398648631715545, 0.6040703397736387, 0.5896358805821105, 0.47069900954559263, 0.3801347580927539, 0.3464658863478708, 0.306132659265547, 0.2510939655545106, 0.21880050451843602, 0.21374718538644188, 0.2072235391233943, 0.2023566955983478, 0.20107560451607775, 0.2007469034755377, 0.20020904679120455, 0.19925198811060607, 0.19748719487402844, 0.19422764834476225, 0.1887304748148284, 0.18606530848931757, 0.1820541929075995, 0.17721100419084979, 0.17529040936590934, 0.17479804487384487, 0.1745132680438224, 0.1744905487974432, 0.1744699724067973, 0.1744436906768857, 0.1744226121331942, 0.17441658149896, 0.17441605147035466, 0.17441603682357298]}, "1": {"maxiter": 100, "gtol": 1e-05, "xrtol": 1e-05, "eps": 1e-10, "duration": 0.0667719841003418, "fun": "0.17441603738327505", "jac": "[ 3.33066880e-06 -4.44089173e-06  4.44089173e-06 -2.22044587e-06\n  0.00000000e+00  0.00000000e+00]", "hess_inv": "[[  8.49866652 -14.5286601    1.80345791  -5.33105112  12.77122858\n    3.40196464]\n [-14.5286601   55.08402267  -8.88316798   7.49641578 -45.62850222\n  -10.99659865]\n [  1.80345791  -8.88316798   6.91247253   0.23957103   5.0054988\n    4.89340538]\n [ -5.33105112   7.49641578   0.23957103   6.13114655  -7.98733089\n   -1.49917375]\n [ 12.77122858 -45.62850222   5.0054988   -7.98733089  44.03551356\n    8.48581972]\n [  3.40196464 -10.99659865   4.89340538  -1.49917375   8.48581972\n    6.53064592]]", "nfev": "287", "njev": "41", "status": "0", "success": "True", "message": "Optimization terminated successfully.", "x": "[ 5.15347599 -0.19870807  5.99905471  4.63930364  1.85209951  0.49585792]", "nit": "32", "callback": [0.7398701584310108, 0.604072945767083, 0.589639723681747, 0.4706917691380418, 0.3800906680428161, 0.3464167229447317, 0.3060865482882812, 0.25106438333105274, 0.21879717663905685, 0.21374499634649125, 0.2072154880268352, 0.20235347777297497, 0.20107368116354174, 0.20074493912727054, 0.20020699717277446, 0.1992499030686139, 0.19748507218555544, 0.19422540901712737, 0.18872835365333662, 0.18606845016921958, 0.18206169870245958, 0.17721128460300828, 0.17529088952111138, 0.17479840806391578, 0.17451483738317852, 0.17449192091738475, 0.17447073760339937, 0.17444415432101468, 0.17442256446119997, 0.1744165835853122, 0.17441605402013294, 0.17441603738327505]}, "2": {"maxiter": 100, "gtol": 1e-05, "xrtol": 1e-10, "eps": 1e-05, "duration": 0.0675959587097168, "fun": "0.17441603682357298", "jac": "[-6.48037179e-07 -1.77825532e-06  4.52060611e-06 -2.21906937e-06\n -1.03641540e-06  2.67064149e-07]", "hess_inv": "[[  8.50326053 -14.56601335   1.78569555  -5.34194019  12.81509429\n    3.38758337]\n [-14.56601335  55.23219766  -8.82438544   7.50332219 -45.78063755\n  -10.91270655]\n [  1.78569555  -8.82438544   6.90388942   0.23463813   4.95587218\n    4.89199026]\n [ -5.34194019   7.50332219   0.23463813   6.1156838   -8.00210084\n   -1.50040425]\n [ 12.81509429 -45.78063755   4.95587218  -8.00210084  44.2041559\n    8.43528523]\n [  3.38758337 -10.91270655   4.89199026  -1.50040425   8.43528523\n    6.53603519]]", "nfev": "287", "njev": "41", "status": "0", "success": "True", "message": "Optimization terminated successfully.", "x": "[ 5.15342168 -0.19854121  5.99898778  4.63931416  1.85196565  0.4957894 ]", "nit": "32", "callback": [0.7398648631715545, 0.6040703397736387, 0.5896358805821105, 0.47069900954559263, 0.3801347580927539, 0.3464658863478708, 0.306132659265547, 0.2510939655545106, 0.21880050451843602, 0.21374718538644188, 0.2072235391233943, 0.2023566955983478, 0.20107560451607775, 0.2007469034755377, 0.20020904679120455, 0.19925198811060607, 0.19748719487402844, 0.19422764834476225, 0.1887304748148284, 0.18606530848931757, 0.1820541929075995, 0.17721100419084979, 0.17529040936590934, 0.17479804487384487, 0.1745132680438224, 0.1744905487974432, 0.1744699724067973, 0.1744436906768857, 0.1744226121331942, 0.17441658149896, 0.17441605147035466, 0.17441603682357298]}, "3": {"maxiter": 100, "gtol": 1e-05, "xrtol": 1e-10, "eps": 1e-10, "duration": 0.06570076942443848, "fun": "0.17441603738327505", "jac": "[ 3.33066880e-06 -4.44089173e-06  4.44089173e-06 -2.22044587e-06\n  0.00000000e+00  0.00000000e+00]", "hess_inv": "[[  8.49866652 -14.5286601    1.80345791  -5.33105112  12.77122858\n    3.40196464]\n [-14.5286601   55.08402267  -8.88316798   7.49641578 -45.62850222\n  -10.99659865]\n [  1.80345791  -8.88316798   6.91247253   0.23957103   5.0054988\n    4.89340538]\n [ -5.33105112   7.49641578   0.23957103   6.13114655  -7.98733089\n   -1.49917375]\n [ 12.77122858 -45.62850222   5.0054988   -7.98733089  44.03551356\n    8.48581972]\n [  3.40196464 -10.99659865   4.89340538  -1.49917375   8.48581972\n    6.53064592]]", "nfev": "287", "njev": "41", "status": "0", "success": "True", "message": "Optimization terminated successfully.", "x": "[ 5.15347599 -0.19870807  5.99905471  4.63930364  1.85209951  0.49585792]", "nit": "32", "callback": [0.7398701584310108, 0.604072945767083, 0.589639723681747, 0.4706917691380418, 0.3800906680428161, 0.3464167229447317, 0.3060865482882812, 0.25106438333105274, 0.21879717663905685, 0.21374499634649125, 0.2072154880268352, 0.20235347777297497, 0.20107368116354174, 0.20074493912727054, 0.20020699717277446, 0.1992499030686139, 0.19748507218555544, 0.19422540901712737, 0.18872835365333662, 0.18606845016921958, 0.18206169870245958, 0.17721128460300828, 0.17529088952111138, 0.17479840806391578, 0.17451483738317852, 0.17449192091738475, 0.17447073760339937, 0.17444415432101468, 0.17442256446119997, 0.1744165835853122, 0.17441605402013294, 0.17441603738327505]}, "4": {"maxiter": 100, "gtol": 1e-10, "xrtol": 1e-05, "eps": 1e-05, "duration": 0.12417197227478027, "fun": "0.1744160368100287", "jac": "[-1.44462220e-07 -2.11652917e-07  3.30291350e-07  1.55830904e-07\n -1.15463195e-09 -3.66129349e-07]", "hess_inv": "[[ 8.73487420e+00 -1.58533646e+01  2.29592585e+00 -5.46235565e+00\n   1.37322961e+01  3.80372512e+00]\n [-1.58533646e+01  6.14135776e+01 -1.13451387e+01  8.24223160e+00\n  -5.01693495e+01 -1.30574638e+01]\n [ 2.29592585e+00 -1.13451387e+01  7.90673873e+00 -2.32874655e-02\n   6.73740572e+00  5.71524925e+00]\n [-5.46235565e+00  8.24223160e+00 -2.32874655e-02  6.12670673e+00\n  -8.51488311e+00 -1.66789092e+00]\n [ 1.37322961e+01 -5.01693495e+01  6.73740572e+00 -8.51488311e+00\n   4.73151341e+01  9.94141998e+00]\n [ 3.80372512e+00 -1.30574638e+01  5.71524925e+00 -1.66789092e+00\n   9.94141998e+00  7.17510558e+00]]", "nfev": "550", "njev": "77", "status": "2", "success": "False", "message": "Desired error not necessarily achieved due to precision loss.", "x": "[ 5.15339046 -0.19842954  5.99894133  4.63933121  1.8518882   0.49574869]", "nit": "33", "callback": [0.7398648631715545, 0.6040703397736387, 0.5896358805821105, 0.47069900954559263, 0.3801347580927539, 0.3464658863478708, 0.306132659265547, 0.2510939655545106, 0.21880050451843602, 0.21374718538644188, 0.2072235391233943, 0.2023566955983478, 0.20107560451607775, 0.2007469034755377, 0.20020904679120455, 0.19925198811060607, 0.19748719487402844, 0.19422764834476225, 0.1887304748148284, 0.18606530848931757, 0.1820541929075995, 0.17721100419084979, 0.17529040936590934, 0.17479804487384487, 0.1745132680438224, 0.1744905487974432, 0.1744699724067973, 0.1744436906768857, 0.1744226121331942, 0.17441658149896, 0.17441605147035466, 0.17441603682357298, 0.1744160368100287]}, "5": {"maxiter": 100, "gtol": 1e-10, "xrtol": 1e-05, "eps": 1e-10, "duration": 0.06884098052978516, "fun": "0.1744160373737107", "jac": "[3.33066880e-06 3.33066880e-06 3.33066880e-06 1.11022293e-05\n 1.11022293e-06 0.00000000e+00]", "hess_inv": "[[  6.66818578  -9.27503693   1.76075531  -3.98548688   7.74138014\n    2.70472183]\n [ -9.27503693  40.08865399  -9.07550902   3.61823655 -31.08837716\n   -9.22396034]\n [  1.76075531  -9.07550902   7.7148564    0.55799716   4.6170886\n    5.29075781]\n [ -3.98548688   3.61823655   0.55799716   5.0160081   -4.38160654\n   -0.68114615]\n [  7.74138014 -31.08837716   4.6170886   -4.38160654  30.30569389\n    6.42677238]\n [  2.70472183  -9.22396034   5.29075781  -0.68114615   6.42677238\n    6.36919636]]", "nfev": "301", "njev": "43", "status": "0", "success": "True", "message": "Optimization terminated successfully.", "x": "[ 5.15332812 -0.19825153  5.99894285  4.63939821  1.8517292   0.4957288 ]", "nit": "34", "callback": [0.7398701584310108, 0.604072945767083, 0.589639723681747, 0.4706917691380418, 0.3800906680428161, 0.3464167229447317, 0.3060865482882812, 0.25106438333105274, 0.21879717663905685, 0.21374499634649125, 0.2072154880268352, 0.20235347777297497, 0.20107368116354174, 0.20074493912727054, 0.20020699717277446, 0.1992499030686139, 0.19748507218555544, 0.19422540901712737, 0.18872835365333662, 0.18606845016921958, 0.18206169870245958, 0.17721128460300828, 0.17529088952111138, 0.17479840806391578, 0.17451483738317852, 0.17449192091738475, 0.17447073760339937, 0.17444415432101468, 0.17442256446119997, 0.1744165835853122, 0.17441605402013294, 0.17441603738327505, 0.17441603737949873, 0.1744160373737107]}, "6": {"maxiter": 100, "gtol": 1e-10, "xrtol": 1e-10, "eps": 1e-05, "duration": 0.12419414520263672, "fun": "0.1744160368100287", "jac": "[-1.44462220e-07 -2.11652917e-07  3.30291350e-07  1.55830904e-07\n -1.15463195e-09 -3.66129349e-07]", "hess_inv": "[[ 8.73487420e+00 -1.58533646e+01  2.29592585e+00 -5.46235565e+00\n   1.37322961e+01  3.80372512e+00]\n [-1.58533646e+01  6.14135776e+01 -1.13451387e+01  8.24223160e+00\n  -5.01693495e+01 -1.30574638e+01]\n [ 2.29592585e+00 -1.13451387e+01  7.90673873e+00 -2.32874655e-02\n   6.73740572e+00  5.71524925e+00]\n [-5.46235565e+00  8.24223160e+00 -2.32874655e-02  6.12670673e+00\n  -8.51488311e+00 -1.66789092e+00]\n [ 1.37322961e+01 -5.01693495e+01  6.73740572e+00 -8.51488311e+00\n   4.73151341e+01  9.94141998e+00]\n [ 3.80372512e+00 -1.30574638e+01  5.71524925e+00 -1.66789092e+00\n   9.94141998e+00  7.17510558e+00]]", "nfev": "550", "njev": "77", "status": "2", "success": "False", "message": "Desired error not necessarily achieved due to precision loss.", "x": "[ 5.15339046 -0.19842954  5.99894133  4.63933121  1.8518882   0.49574869]", "nit": "33", "callback": [0.7398648631715545, 0.6040703397736387, 0.5896358805821105, 0.47069900954559263, 0.3801347580927539, 0.3464658863478708, 0.306132659265547, 0.2510939655545106, 0.21880050451843602, 0.21374718538644188, 0.2072235391233943, 0.2023566955983478, 0.20107560451607775, 0.2007469034755377, 0.20020904679120455, 0.19925198811060607, 0.19748719487402844, 0.19422764834476225, 0.1887304748148284, 0.18606530848931757, 0.1820541929075995, 0.17721100419084979, 0.17529040936590934, 0.17479804487384487, 0.1745132680438224, 0.1744905487974432, 0.1744699724067973, 0.1744436906768857, 0.1744226121331942, 0.17441658149896, 0.17441605147035466, 0.17441603682357298, 0.1744160368100287]}, "7": {"maxiter": 100, "gtol": 1e-10, "xrtol": 1e-10, "eps": 1e-10, "duration": 0.161513090133667, "fun": "0.17441603678184103", "jac": "[ 0.00000000e+00  1.11022293e-06  0.00000000e+00 -2.22044587e-06\n  0.00000000e+00  2.22044587e-06]", "hess_inv": "[[ 4.34068755 -0.49566939  1.11592114 -2.67273484 -4.73326926  0.26527511]\n [-0.49566939  0.2263509  -0.11901476  0.28142187  0.46442217 -0.06174364]\n [ 1.11592114 -0.11901476  0.39024343 -0.76673033 -1.26056513  0.02891373]\n [-2.67273484  0.28142187 -0.76673033  1.7177211   2.9525737  -0.13165674]\n [-4.73326926  0.46442217 -1.26056513  2.9525737   5.26594445 -0.29454102]\n [ 0.26527511 -0.06174364  0.02891373 -0.13165674 -0.29454102  0.06955528]]", "nfev": "728", "njev": "104", "status": "0", "success": "True", "message": "Optimization terminated successfully.", "x": "[ 5.15339395 -0.19842594  5.9989551   4.63932845  1.85188271  0.4957653 ]", "nit": "65", "callback": [0.7398701584310108, 0.604072945767083, 0.589639723681747, 0.4706917691380418, 0.3800906680428161, 0.3464167229447317, 0.3060865482882812, 0.25106438333105274, 0.21879717663905685, 0.21374499634649125, 0.2072154880268352, 0.20235347777297497, 0.20107368116354174, 0.20074493912727054, 0.20020699717277446, 0.1992499030686139, 0.19748507218555544, 0.19422540901712737, 0.18872835365333662, 0.18606845016921958, 0.18206169870245958, 0.17721128460300828, 0.17529088952111138, 0.17479840806391578, 0.17451483738317852, 0.17449192091738475, 0.17447073760339937, 0.17444415432101468, 0.17442256446119997, 0.1744165835853122, 0.17441605402013294, 0.17441603738327505, 0.17441603737949873, 0.1744160373737107, 0.17441603736229327, 0.17441603734169664, 0.17441603730791688, 0.1744160372927529, 0.17441603728852262, 0.17441603728518928, 0.17441603727964528, 0.17441603726918364, 0.17441603719672993, 0.17441603718744147, 0.17441603718315513, 0.1744160371402692, 0.17441603699872554, 0.1744160369926221, 0.17441603698167107, 0.17441603689320995, 0.17441603683708595, 0.17441603680717388, 0.17441603680695317, 0.17441603680672935, 0.1744160368009079, 0.17441603679694617, 0.174416036795926, 0.1744160367947456, 0.17441603679351436, 0.17441603679202156, 0.17441603679026674, 0.1744160367878117, 0.17441603678225093, 0.17441603678184103, 0.17441603678184103]}, "8": {"maxiter": 500, "gtol": 1e-05, "xrtol": 1e-05, "eps": 1e-05, "duration": 0.06420588493347168, "fun": "0.17441603682357298", "jac": "[-6.48037179e-07 -1.77825532e-06  4.52060611e-06 -2.21906937e-06\n -1.03641540e-06  2.67064149e-07]", "hess_inv": "[[  8.50326053 -14.56601335   1.78569555  -5.34194019  12.81509429\n    3.38758337]\n [-14.56601335  55.23219766  -8.82438544   7.50332219 -45.78063755\n  -10.91270655]\n [  1.78569555  -8.82438544   6.90388942   0.23463813   4.95587218\n    4.89199026]\n [ -5.34194019   7.50332219   0.23463813   6.1156838   -8.00210084\n   -1.50040425]\n [ 12.81509429 -45.78063755   4.95587218  -8.00210084  44.2041559\n    8.43528523]\n [  3.38758337 -10.91270655   4.89199026  -1.50040425   8.43528523\n    6.53603519]]", "nfev": "287", "njev": "41", "status": "0", "success": "True", "message": "Optimization terminated successfully.", "x": "[ 5.15342168 -0.19854121  5.99898778  4.63931416  1.85196565  0.4957894 ]", "nit": "32", "callback": [0.7398648631715545, 0.6040703397736387, 0.5896358805821105, 0.47069900954559263, 0.3801347580927539, 0.3464658863478708, 0.306132659265547, 0.2510939655545106, 0.21880050451843602, 0.21374718538644188, 0.2072235391233943, 0.2023566955983478, 0.20107560451607775, 0.2007469034755377, 0.20020904679120455, 0.19925198811060607, 0.19748719487402844, 0.19422764834476225, 0.1887304748148284, 0.18606530848931757, 0.1820541929075995, 0.17721100419084979, 0.17529040936590934, 0.17479804487384487, 0.1745132680438224, 0.1744905487974432, 0.1744699724067973, 0.1744436906768857, 0.1744226121331942, 0.17441658149896, 0.17441605147035466, 0.17441603682357298]}, "9": {"maxiter": 500, "gtol": 1e-05, "xrtol": 1e-05, "eps": 1e-10, "duration": 0.06548309326171875, "fun": "0.17441603738327505", "jac": "[ 3.33066880e-06 -4.44089173e-06  4.44089173e-06 -2.22044587e-06\n  0.00000000e+00  0.00000000e+00]", "hess_inv": "[[  8.49866652 -14.5286601    1.80345791  -5.33105112  12.77122858\n    3.40196464]\n [-14.5286601   55.08402267  -8.88316798   7.49641578 -45.62850222\n  -10.99659865]\n [  1.80345791  -8.88316798   6.91247253   0.23957103   5.0054988\n    4.89340538]\n [ -5.33105112   7.49641578   0.23957103