{"date": "2024/10/08/, 16:29:24", "conf_id": 12, "data_type": "random\n", "num_data_points": 1, "s_rank": 0, "unitary": "[[0.18663085-0.53122324j,-0.11886349-0.70040876j,0.28555095-0.02789305j,-0.12262021-0.2844587j],[-0.16702216+0.27758472j,0.27526351-0.29738586j,-0.01109314+0.22495461j,-0.77239203+0.28900673j],[0.61935415+0.12301792j,-0.31269928-0.03315917j,-0.61902762-0.19039079j,-0.27120731-0.0968989j],[0.42341754+0.0023929j,-0.05847358+0.47832119j,0.64900495-0.16218422j,-0.37182676-0.05229966j]]", "databatch_0": {"databatch": "[[[0.37499282-0.1988711j,-0.09805211+0.51312565j,-0.06018494-0.1195844j,0.01312463+0.17626814j],[-0.18377631-0.13956889j,-0.13231969+0.24612149j,-0.22095146+0.05001798j,-0.16555035+0.06802536j],[0.10817082+0.07249202j,-0.16364044-0.05995084j,0.09724384-0.07431174j,0.13547491+0.13020586j],[0.18773009-0.00895319j,0.26216462-0.05488097j,0.17452986+0.02131652j,0.05918097+0.20967497j]]]", "initial param values": "[1.50283967,3.03654974,3.87910855,3.96573637,5.88917938,0.3027368]", "nelder_mead": {"type": "gradient-free", "0": {"maxiter": 100, "fatol": 1e-05, "xatol": 1e-05, "duration": 0.052514076232910156, "fun": "0.3364256996873416", "nit": "100", "nfev": "155", "status": "2", "success": "False", "message": "Maximum number of iterations has been exceeded.", "x": "[ 0.58148594  6.86811113 -2.84364659  3.47638968  5.22887538  0.55445381]", "final_simplex": "(array([[ 0.58148594,  6.86811113, -2.84364659,  3.47638968,  5.22887538,\n         0.55445381],\n       [ 0.60829987,  6.78229648, -3.04296728,  3.64937648,  5.31584077,\n         0.54080052],\n       [ 0.66272042,  6.4317029 , -2.39885217,  3.52566847,  5.55738989,\n         0.5299375 ],\n       [ 0.67184894,  6.62631868, -2.79321895,  3.83417139,  5.18007665,\n         0.52932424],\n       [ 0.53071133,  6.70499247, -2.74881341,  3.3993792 ,  5.68962519,\n         0.5562928 ],\n       [ 0.72167147,  6.49162986, -2.41553625,  3.8912388 ,  5.16211032,\n         0.51227115],\n       [ 0.54351131,  7.17038078, -2.97432998,  3.34142603,  5.45415794,\n         0.55708448]]), array([0.3364257 , 0.33879473, 0.34127338, 0.34279768, 0.35144347,\n       0.35856638, 0.35919737]))", "callback": [0.9822744540614217, 0.8312352210276666, 0.7961322691240997, 0.7829441584227589, 0.7304495659244079, 0.6179639463094384, 0.5671225980904979, 0.5472477632847033, 0.490582448570383, 0.3514434718200399]}, "1": {"maxiter": 100, "fatol": 1e-05, "xatol": 1e-10, "duration": 0.0422520637512207, "fun": "0.3364256996873416", "nit": "100", "nfev": "155", "status": "2", "success": "False", "message": "Maximum number of iterations has been exceeded.", "x": "[ 0.58148594  6.86811113 -2.84364659  3.47638968  5.22887538  0.55445381]", "final_simplex": "(array([[ 0.58148594,  6.86811113, -2.84364659,  3.47638968,  5.22887538,\n         0.55445381],\n       [ 0.60829987,  6.78229648, -3.04296728,  3.64937648,  5.31584077,\n         0.54080052],\n       [ 0.66272042,  6.4317029 , -2.39885217,  3.52566847,  5.55738989,\n         0.5299375 ],\n       [ 0.67184894,  6.62631868, -2.79321895,  3.83417139,  5.18007665,\n         0.52932424],\n       [ 0.53071133,  6.70499247, -2.74881341,  3.3993792 ,  5.68962519,\n         0.5562928 ],\n       [ 0.72167147,  6.49162986, -2.41553625,  3.8912388 ,  5.16211032,\n         0.51227115],\n       [ 0.54351131,  7.17038078, -2.97432998,  3.34142603,  5.45415794,\n         0.55708448]]), array([0.3364257 , 0.33879473, 0.34127338, 0.34279768, 0.35144347,\n       0.35856638, 0.35919737]))", "callback": [0.9822744540614217, 0.8312352210276666, 0.7961322691240997, 0.7829441584227589, 0.7304495659244079, 0.6179639463094384, 0.5671225980904979, 0.5472477632847033, 0.490582448570383, 0.3514434718200399]}, "2": {"maxiter": 100, "fatol": 1e-10, "xatol": 1e-05, "duration": 0.04188418388366699, "fun": "0.3364256996873416", "nit": "100", "nfev": "155", "status": "2", "success": "False", "message": "Maximum number of iterations has been exceeded.", "x": "[ 0.58148594  6.86811113 -2.84364659  3.47638968  5.22887538  0.55445381]", "final_simplex": "(array([[ 0.58148594,  6.86811113, -2.84364659,  3.47638968,  5.22887538,\n         0.55445381],\n       [ 0.60829987,  6.78229648, -3.04296728,  3.64937648,  5.31584077,\n         0.54080052],\n       [ 0.66272042,  6.4317029 , -2.39885217,  3.52566847,  5.55738989,\n         0.5299375 ],\n       [ 0.67184894,  6.62631868, -2.79321895,  3.83417139,  5.18007665,\n         0.52932424],\n       [ 0.53071133,  6.70499247, -2.74881341,  3.3993792 ,  5.68962519,\n         0.5562928 ],\n       [ 0.72167147,  6.49162986, -2.41553625,  3.8912388 ,  5.16211032,\n         0.51227115],\n       [ 0.54351131,  7.17038078, -2.97432998,  3.34142603,  5.45415794,\n         0.55708448]]), array([0.3364257 , 0.33879473, 0.34127338, 0.34279768, 0.35144347,\n       0.35856638, 0.35919737]))", "callback": [0.9822744540614217, 0.8312352210276666, 0.7961322691240997, 0.7829441584227589, 0.7304495659244079, 0.6179639463094384, 0.5671225980904979, 0.5472477632847033, 0.490582448570383, 0.3514434718200399]}, "3": {"maxiter": 100, "fatol": 1e-10, "xatol": 1e-10, "duration": 0.041845083236694336, "fun": "0.3364256996873416", "nit": "100", "nfev": "155", "status": "2", "success": "False", "message": "Maximum number of iterations has been exceeded.", "x": "[ 0.58148594  6.86811113 -2.84364659  3.47638968  5.22887538  0.55445381]", "final_simplex": "(array([[ 0.58148594,  6.86811113, -2.84364659,  3.47638968,  5.22887538,\n         0.55445381],\n       [ 0.60829987,  6.78229648, -3.04296728,  3.64937648,  5.31584077,\n         0.54080052],\n       [ 0.66272042,  6.4317029 , -2.39885217,  3.52566847,  5.55738989,\n         0.5299375 ],\n       [ 0.67184894,  6.62631868, -2.79321895,  3.83417139,  5.18007665,\n         0.52932424],\n       [ 0.53071133,  6.70499247, -2.74881341,  3.3993792 ,  5.68962519,\n         0.5562928 ],\n       [ 0.72167147,  6.49162986, -2.41553625,  3.8912388 ,  5.16211032,\n         0.51227115],\n       [ 0.54351131,  7.17038078, -2.97432998,  3.34142603,  5.45415794,\n         0.55708448]]), array([0.3364257 , 0.33879473, 0.34127338, 0.34279768, 0.35144347,\n       0.35856638, 0.35919737]))", "callback": [0.9822744540614217, 0.8312352210276666, 0.7961322691240997, 0.7829441584227589, 0.7304495659244079, 0.6179639463094384, 0.5671225980904979, 0.5472477632847033, 0.490582448570383, 0.3514434718200399]}, "4": {"maxiter": 500, "fatol": 1e-05, "xatol": 1e-05, "duration": 0.22737360000610352, "fun": "0.2878047763381504", "nit": "500", "nfev": "768", "status": "2", "success": "False", "message": "Maximum number of iterations has been exceeded.", "x": "[ 0.47193558  6.84906037 -2.54750947  3.90844579  4.40368759 -0.6396915 ]", "final_simplex": "(array([[ 0.47193558,  6.84906037, -2.54750947,  3.90844579,  4.40368759,\n        -0.6396915 ],\n       [ 0.47221278,  6.84883788, -2.54786917,  3.90845571,  4.40384452,\n        -0.63925324],\n       [ 0.47184682,  6.84781523, -2.54674821,  3.90842226,  4.40415513,\n        -0.63932801],\n       [ 0.47141199,  6.84813183, -2.54687798,  3.90846176,  4.40396978,\n        -0.63990673],\n       [ 0.47215711,  6.84910892, -2.54787942,  3.90810515,  4.40343708,\n        -0.63922038],\n       [ 0.47198013,  6.84845207, -2.54693322,  3.90851467,  4.40324405,\n        -0.64030723],\n       [ 0.47191499,  6.84845974, -2.54745971,  3.90780841,  4.40416965,\n        -0.63906942]]), array([0.28780478, 0.28780478, 0.28780478, 0.28780479, 0.2878048 ,\n       0.28780482, 0.28780483]))", "callback": [0.9822744540614217, 0.8312352210276666, 0.7961322691240997, 0.7829441584227589, 0.7304495659244079, 0.6179639463094384, 0.5671225980904979, 0.5472477632847033, 0.490582448570383, 0.3514434718200399, 0.33560674818191605, 0.32855598921988516, 0.32626688949825766, 0.32430467654224004, 0.32272531568107965, 0.3187101448021771, 0.3168061606810647, 0.31652847233706727, 0.31641212964329335, 0.3163794034916142, 0.31637198949175893, 0.3163693255445629, 0.3163626937066283, 0.3163343090282138, 0.31620596127005784, 0.3160801833555116, 0.31558930068739366, 0.3153600356906744, 0.31472117739516037, 0.31412431554036413, 0.31274544140405935, 0.3094998943410858, 0.3061444274994847, 0.297112537607928, 0.2929016650443641, 0.29073385323695156, 0.28976624560720954, 0.28906106680852894, 0.28882595268116107, 0.2885610291332289, 0.2882145089556023, 0.2880773581966124, 0.2878794251931893, 0.28783999378036806, 0.2878208382248586, 0.28781078686700334, 0.2878075893769664, 0.2878054068811182, 0.2878049899805927, 0.28780483889381403]}, "5": {"maxiter": 500, "fatol": 1e-05, "xatol": 1e-10, "duration": 0.23176097869873047, "fun": "0.2878047763381504", "nit": "500", "nfev": "768", "status": "2", "success": "False", "message": "Maximum number of iterations has been exceeded.", "x": "[ 0.47193558  6.84906037 -2.54750947  3.90844579  4.40368759 -0.6396915 ]", "final_simplex": "(array([[ 0.47193558,  6.84906037, -2.54750947,  3.90844579,  4.40368759,\n        -0.6396915 ],\n       [ 0.47221278,  6.84883788, -2.54786917,  3.90845571,  4.40384452,\n        -0.63925324],\n       [ 0.47184682,  6.84781523, -2.54674821,  3.90842226,  4.40415513,\n        -0.63932801],\n       [ 0.47141199,  6.84813183, -2.54687798,  3.90846176,  4.40396978,\n        -0.63990673],\n       [ 0.47215711,  6.84910892, -2.54787942,  3.90810515,  4.40343708,\n        -0.63922038],\n       [ 0.47198013,  6.84845207, -2.54693322,  3.90851467,  4.40324405,\n        -0.64030723],\n       [ 0.47191499,  6.84845974, -2.54745971,  3.90780841,  4.40416965,\n        -0.63906942]]), array([0.28780478, 0.28780478, 0.28780478, 0.28780479, 0.2878048 ,\n       0.28780482, 0.28780483]))", "callback": [0.9822744540614217, 0.8312352210276666, 0.7961322691240997, 0.7829441584227589, 0.7304495659244079, 0.6179639463094384, 0.5671225980904979, 0.5472477632847033, 0.490582448570383, 0.3514434718200399, 0.33560674818191605, 0.32855598921988516, 0.32626688949825766, 0.32430467654224004, 0.32272531568107965, 0.3187101448021771, 0.3168061606810647, 0.31652847233706727, 0.31641212964329335, 0.3163794034916142, 0.31637198949175893, 0.3163693255445629, 0.3163626937066283, 0.3163343090282138, 0.31620596127005784, 0.3160801833555116, 0.31558930068739366, 0.3153600356906744, 0.31472117739516037, 0.31412431554036413, 0.31274544140405935, 0.3094998943410858, 0.3061444274994847, 0.297112537607928, 0.2929016650443641, 0.29073385323695156, 0.28976624560720954, 0.28906106680852894, 0.28882595268116107, 0.2885610291332289, 0.2882145089556023, 0.2880773581966124, 0.2878794251931893, 0.28783999378036806, 0.2878208382248586, 0.28781078686700334, 0.2878075893769664, 0.2878054068811182, 0.2878049899805927, 0.28780483889381403]}, "6": {"maxiter": 500, "fatol": 1e-10, "xatol": 1e-05, "duration": 0.2381269931793213, "fun": "0.2878047763381504", "nit": "500", "nfev": "768", "status": "2", "success": "False", "message": "Maximum number of iterations has been exceeded.", "x": "[ 0.47193558  6.84906037 -2.54750947  3.90844579  4.40368759 -0.6396915 ]", "final_simplex": "(array([[ 0.47193558,  6.84906037, -2.54750947,  3.90844579,  4.40368759,\n        -0.6396915 ],\n       [ 0.47221278,  6.84883788, -2.54786917,  3.90845571,  4.40384452,\n        -0.63925324],\n       [ 0.47184682,  6.84781523, -2.54674821,  3.90842226,  4.40415513,\n        -0.63932801],\n       [ 0.47141199,  6.84813183, -2.54687798,  3.90846176,  4.40396978,\n        -0.63990673],\n       [ 0.47215711,  6.84910892, -2.54787942,  3.90810515,  4.40343708,\n        -0.63922038],\n       [ 0.47198013,  6.84845207, -2.54693322,  3.90851467,  4.40324405,\n        -0.64030723],\n       [ 0.47191499,  6.84845974, -2.54745971,  3.90780841,  4.40416965,\n        -0.63906942]]), array([0.28780478, 0.28780478, 0.28780478, 0.28780479, 0.2878048 ,\n       0.28780482, 0.28780483]))", "callback": [0.9822744540614217, 0.8312352210276666, 0.7961322691240997, 0.7829441584227589, 0.7304495659244079, 0.6179639463094384, 0.5671225980904979, 0.5472477632847033, 0.490582448570383, 0.3514434718200399, 0.33560674818191605, 0.32855598921988516, 0.32626688949825766, 0.32430467654224004, 0.32272531568107965, 0.3187101448021771, 0.3168061606810647, 0.31652847233706727, 0.31641212964329335, 0.3163794034916142, 0.31637198949175893, 0.3163693255445629, 0.3163626937066283, 0.3163343090282138, 0.31620596127005784, 0.3160801833555116, 0.31558930068739366, 0.3153600356906744, 0.31472117739516037, 0.31412431554036413, 0.31274544140405935, 0.3094998943410858, 0.3061444274994847, 0.297112537607928, 0.2929016650443641, 0.29073385323695156, 0.28976624560720954, 0.28906106680852894, 0.28882595268116107, 0.2885610291332289, 0.2882145089556023, 0.2880773581966124, 0.2878794251931893, 0.28783999378036806, 0.2878208382248586, 0.28781078686700334, 0.2878075893769664, 0.2878054068811182, 0.2878049899805927, 0.28780483889381403]}, "7": {"maxiter": 500, "fatol": 1e-10, "xatol": 1e-10, "duration": 0.21580171585083008, "fun": "0.2878047763381504", "nit": "500", "nfev": "768", "status": "2", "success": "False", "message": "Maximum number of iterations has been exceeded.", "x": "[ 0.47193558  6.84906037 -2.54750947  3.90844579  4.40368759 -0.6396915 ]", "final_simplex": "(array([[ 0.47193558,  6.84906037, -2.54750947,  3.90844579,  4.40368759,\n        -0.6396915 ],\n       [ 0.47221278,  6.84883788, -2.54786917,  3.90845571,  4.40384452,\n        -0.63925324],\n       [ 0.47184682,  6.84781523, -2.54674821,  3.90842226,  4.40415513,\n        -0.63932801],\n       [ 0.47141199,  6.84813183, -2.54687798,  3.90846176,  4.40396978,\n        -0.63990673],\n       [ 0.47215711,  6.84910892, -2.54787942,  3.90810515,  4.40343708,\n        -0.63922038],\n       [ 0.47198013,  6.84845207, -2.54693322,  3.90851467,  4.40324405,\n        -0.64030723],\n       [ 0.47191499,  6.84845974, -2.54745971,  3.90780841,  4.40416965,\n        -0.63906942]]), array([0.28780478, 0.28780478, 0.28780478, 0.28780479, 0.2878048 ,\n       0.28780482, 0.28780483]))", "callback": [0.9822744540614217, 0.8312352210276666, 0.7961322691240997, 0.7829441584227589, 0.7304495659244079, 0.6179639463094384, 0.5671225980904979, 0.5472477632847033, 0.490582448570383, 0.3514434718200399, 0.33560674818191605, 0.32855598921988516, 0.32626688949825766, 0.32430467654224004, 0.32272531568107965, 0.3187101448021771, 0.3168061606810647, 0.31652847233706727, 0.31641212964329335, 0.3163794034916142, 0.31637198949175893, 0.3163693255445629, 0.3163626937066283, 0.3163343090282138, 0.31620596127005784, 0.3160801833555116, 0.31558930068739366, 0.3153600356906744, 0.31472117739516037, 0.31412431554036413, 0.31274544140405935, 0.3094998943410858, 0.3061444274994847, 0.297112537607928, 0.2929016650443641, 0.29073385323695156, 0.28976624560720954, 0.28906106680852894, 0.28882595268116107, 0.2885610291332289, 0.2882145089556023, 0.2880773581966124, 0.2878794251931893, 0.28783999378036806, 0.2878208382248586, 0.28781078686700334, 0.2878075893769664, 0.2878054068811182, 0.2878049899805927, 0.28780483889381403]}, "8": {"maxiter": 1000, "fatol": 1e-05, "xatol": 1e-05, "duration": 0.27020788192749023, "fun": "0.28780474732788974", "nit": "578", "nfev": "903", "status": "0", "success": "True", "message": "Optimization terminated successfully.", "x": "[ 0.47172944  6.84854586 -2.54717547  3.90865772  4.4038907  -0.63948057]", "final_simplex": "(array([[ 0.47172944,  6.84854586, -2.54717547,  3.90865772,  4.4038907 ,\n        -0.63948057],\n       [ 0.47173322,  6.84854626, -2.54718004,  3.90865451,  4.40388628,\n        -0.63948077],\n       [ 0.4717357 ,  6.84855153, -2.54718371,  3.90865467,  4.40388643,\n        -0.63948255],\n       [ 0.47172689,  6.84854225, -2.54717484,  3.90865261,  4.40389749,\n        -0.63947591],\n       [ 0.47172965,  6.84853872, -2.5471707 ,  3.90865617,  4.40389014,\n        -0.6394811 ],\n       [ 0.47173177,  6.84854326, -2.54717864,  3.9086577 ,  4.4038898 ,\n        -0.63948238],\n       [ 0.47172465,  6.8485469 , -2.5471746 ,  3.90865863,  4.40388956,\n        -0.63948889]]), array([0.28780475, 0.28780475, 0.28780475, 0.28780475, 0.28780475,\n       0.28780475, 0.28780475]))", "callback": [0.9822744540614217, 0.8312352210276666, 0.7961322691240997, 0.7829441584227589, 0.7304495659244079, 0.6179639463094384, 0.5671225980904979, 0.5472477632847033, 0.490582448570383, 0.3514434718200399, 0.33560674818191605, 0.32855598921988516, 0.32626688949825766, 0.32430467654224004, 0.32272531568107965, 0.3187101448021771, 0.3168061606810647, 0.31652847233706727, 0.31641212964329335, 0.3163794034916142, 0.31637198949175893, 0.3163693255445629, 0.3163626937066283, 0.3163343090282138, 0.31620596127005784, 0.3160801833555116, 0.31558930068739366, 0.3153600356906744, 0.31472117739516037, 0.31412431554036413, 0.31274544140405935, 0.3094998943410858, 0.3061444274994847, 0.297112537607928, 0.2929016650443641, 0.29073385323695156, 0.28976624560720954, 0.28906106680852894, 0.28882595268116107, 0.2885610291332289, 0.2882145089556023, 0.2880773581966124, 0.2878794251931893, 0.28783999378036806, 0.2878208382248586, 0.28781078686700334, 0.2878075893769664, 0.2878054068811182, 0.2878049899805927, 0.28780483889381403, 0.2878047747534349, 0.2878047535769147, 0.2878047492383853, 0.2878047479714735, 0.28780474745909035, 0.2878047473778076, 0.28780474734003336, 0.2878047473300408]}, "9": {"maxiter": 1000, "fatol": 1e-05, "xatol": 1e-10, "duration": 0.3673059940338135, "fun": "0.28780474732484684", "nit": "695", "nfev": "1148", "status": "0", "success": "True", "message": "Optimization terminated successfully.", "x": "[ 0.47173023  6.84855099 -2.54718396  3.90865576  4.40389228 -0.63947834]", "final_simplex": "(array([[ 0.47173023,  6.84855099, -2.54718396,  3.90865576,  4.40389228,\n        -0.63947834],\n       [ 0.47173023,  6.84855099, -2.54718396,  3.90865576,  4.40389228,\n        -0.63947834],\n       [ 0.47173023,  6.84855099, -2.54718396,  3.90865576,  4.40389228,\n        -0.63947834],\n       [ 0.47173023,  6.84855099, -2.54718396,  3.90865576,  4.40389228,\n        -0.63947834],\n       [ 0.47173023,  6.84855099, -2.54718396,  3.90865576,  4.40389228,\n        -0.63947834],\n       [ 0.47173023,  6.84855099, -2.54718396,  3.90865576,  4.40389228,\n        -0.63947834],\n       [ 0.47173023,  6.84855099, -2.54718396,  3.90865576,  4.40389228,\n        -0.63947834]]), array([0.28780475, 0.28780475, 0.28780475, 0.28780475, 0.28780475,\n       0.28780475, 0.28780475]))", "callback": [0.9822744540614217, 0.8312352210276666, 0.7961322691240997, 0.7829441584227589, 0.7304495659244079, 0.6179639463094384, 0.5671225980904979, 0.5472477632847033, 0.490582448570383, 0.3514434718200399, 0.33560674818191605, 0.32855598921988516, 0.32626688949825766, 0.32430467654224004, 0.32272531568107965, 0.3187101448021771, 0.3168061606810647, 0.31652847233706727, 0.31641212964329335, 0.3163794034916142, 0.31637198949175893, 0.3163693255445629, 0.3163626937066283, 0.3163343090282138, 0.31620596127005784, 0.3160801833555116, 0.31558930068739366, 0.3153600356906744, 0.31472117739516037, 0.31412431554036413, 0.31274544140405935, 0.3094998943410858, 0.3061444274994847, 0.297112537607928, 0.2929016650443641, 0.29073385323695156, 0.28976624560720954, 0.28906106680852894, 0.28882595268116107, 0.2885610291332289, 0.2882145089556023, 0.2880773581966124, 0.2878794251931893, 0.28783999378036806, 0.2878208382248586, 0.28781078686700334, 0.2878075893769664, 0.2878054068811182, 0.2878049899805927, 0.28780483889381403, 0.2878047747534349, 0.2878047535769147, 0.2878047492383853, 0.2878047479714735, 0.28780474745909035, 0.2878047473778076, 0.28780474734003336, 0.2878047473300408, 0.28780474732613825, 0.2878047473256873, 0.2878047473250862, 0.28780474732495653, 0.2878047473249178, 0.28780474732485817, 0.2878047473248516, 0.28780474732484795, 0.28780474732484707, 0.28780474732484695, 0.28780474732484695, 0.28780474732484684]}, "10": {"maxiter": 1000, "fatol": 1e-10, "xatol": 1e-05, "duration": 0.27745914459228516, "fun": "0.28780474732788974", "nit": "578", "nfev": "903", "status": "0", "success": "True", "message": "Optimization terminated successfully.", "x": "[ 0.47172944  6.84854586 -2.54717547  3.90865772  4.4038907  -0.63948057]", "final_simplex": "(array([[ 0.47172944,  6.84854586, -2.54717547,  3.90865772,  4.4038907 ,\n        -0.63948057],\n       [ 0.47173322,  6.84854626, -2.54718004,  3.90865451,  4.40388628,\n        -0.63948077],\n       [ 0.4717357 ,  6.84855153, -2.54718371,  3.90865467,  4.40388643,\n        -0.63948255],\n       [ 0.47172689,  6.84854225, -2.54717484,  3.90865261,  4.40389749,\n        -0.63947591],\n       [ 0.47172965,  6.84853872, -2.5471707 ,  3.90865617,  4.40389014,\n        -0.6394811 ],\n       [ 0.47173177,  6.84854326, -2.54717864,  3.9086577 ,  4.4038898 ,\n        -0.63948238],\n       [ 0.47172465,  6.8485469 , -2.5471746 ,  3.90865863,  4.40388956,\n        -0.63948889]]), array([0.28780475, 0.28780475, 0.28780475, 0.28780475, 0.28780475,\n       0.28780475, 0.28780475]))", "callback": [0.9822744540614217, 0.8312352210276666, 0.7961322691240997, 0.7829441584227589, 0.7304495659244079, 0.6179639463094384, 0.5671225980904979, 0.5472477632847033, 0.490582448570383, 0.3514434718200399, 0.33560674818191605, 0.32855598921988516, 0.32626688949825766, 0.32430467654224004, 0.32272531568107965, 0.3187101448021771, 0.3168061606810647, 0.31652847233706727, 0.31641212964329335, 0.3163794034916142, 0.31637198949175893, 0.3163693255445629, 0.3163626937066283, 0.3163343090282138, 0.31620596127005784, 0.3160801833555116, 0.31558930068739366, 0.3153600356906744, 0.31472117739516037, 0.31412431554036413, 0.31274544140405935, 0.3094998943410858, 0.3061444274994847, 0.297112537607928, 0.2929016650443641, 0.29073385323695156, 0.28976624560720954, 0.28906106680852894, 0.28882595268116107, 0.2885610291332289, 0.2882145089556023, 0.2880773581966124, 0.2878794251931893, 0.28783999378036806, 0.2878208382248586, 0.28781078686700334, 0.2878075893769664, 0.2878054068811182, 0.2878049899805927, 0.28780483889381403, 0.2878047747534349, 0.2878047535769147, 0.2878047492383853, 0.2878047479714735, 0.28780474745909035, 0.2878047473778076, 0.28780474734003336, 0.2878047473300408]}, "11": {"maxiter": 1000, "fatol": 1e-10, "xatol": 1e-10, "duration": 0.32450199127197266, "fun": "0.28780474732484684", "nit": "695", "nfev": "1148", "status": "0", "success": "True", "message": "Optimization terminated successfully.", "x": "[ 0.47173023  6.84855099 -2.54718396  3.90865576  4.40389228 -0.63947834]", "final_simplex": "(array([[ 0.47173023,  6.84855099, -2.54718396,  3.90865576,  4.40389228,\n        -0.63947834],\n       [ 0.47173023,  6.84855099, -2.54718396,  3.90865576,  4.40389228,\n        -0.63947834],\n       [ 0.47173023,  6.84855099, -2.54718396,  3.90865576,  4.40389228,\n        -0.63947834],\n       [ 0.47173023,  6.84855099, -2.54718396,  3.90865576,  4.40389228,\n        -0.63947834],\n       [ 0.47173023,  6.84855099, -2.54718396,  3.90865576,  4.40389228,\n        -0.63947834],\n       [ 0.47173023,  6.84855099, -2.54718396,  3.90865576,  4.40389228,\n        -0.63947834],\n       [ 0.47173023,  6.84855099, -2.54718396,  3.90865576,  4.40389228,\n        -0.63947834]]), array([0.28780475, 0.28780475, 0.28780475, 0.28780475, 0.28780475,\n       0.28780475, 0.28780475]))", "callback": [0.9822744540614217, 0.8312352210276666, 0.7961322691240997, 0.7829441584227589, 0.7304495659244079, 0.6179639463094384, 0.5671225980904979, 0.5472477632847033, 0.490582448570383, 0.3514434718200399, 0.33560674818191605, 0.32855598921988516, 0.32626688949825766, 0.32430467654224004, 0.32272531568107965, 0.3187101448021771, 0.3168061606810647, 0.31652847233706727, 0.31641212964329335, 0.3163794034916142, 0.31637198949175893, 0.3163693255445629, 0.3163626937066283, 0.3163343090282138, 0.31620596127005784, 0.3160801833555116, 0.31558930068739366, 0.3153600356906744, 0.31472117739516037, 0.31412431554036413, 0.31274544140405935, 0.3094998943410858, 0.3061444274994847, 0.297112537607928, 0.2929016650443641, 0.29073385323695156, 0.28976624560720954, 0.28906106680852894, 0.28882595268116107, 0.2885610291332289, 0.2882145089556023, 0.2880773581966124, 0.2878794251931893, 0.28783999378036806, 0.2878208382248586, 0.28781078686700334, 0.2878075893769664, 0.2878054068811182, 0.2878049899805927, 0.28780483889381403, 0.2878047747534349, 0.2878047535769147, 0.2878047492383853, 0.2878047479714735, 0.28780474745909035, 0.2878047473778076, 0.28780474734003336, 0.2878047473300408, 0.28780474732613825, 0.2878047473256873, 0.2878047473250862, 0.28780474732495653, 0.2878047473249178, 0.28780474732485817, 0.2878047473248516, 0.28780474732484795, 0.28780474732484707, 0.28780474732484695, 0.28780474732484695, 0.28780474732484684]}}, "bfgs": {"type": "gradient", "0": {"maxiter": 100, "gtol": 1e-05, "xrtol": 1e-05, "eps": 1e-05, "duration": 0.06922507286071777, "fun": "0.28780474745505435", "jac": "[-6.77924383e-07  2.34834374e-07 -2.62123656e-07 -9.75075576e-07\n  5.69533309e-07  4.99100761e-07]", "hess_inv": "[[  8.93055182  -1.03301265   4.90303635   4.44967965   3.72206368\n   -3.78500979]\n [ -1.03301265  13.5742726  -12.24306977   0.83639334  -1.28932155\n    0.70311516]\n [  4.90303635 -12.24306977  17.43083076   2.74320612   2.51196197\n   -4.06084546]\n [  4.44967965   0.83639334   2.74320612   6.00107795   1.30933567\n   -3.1178958 ]\n [  3.72206368  -1.28932155   2.51196197   1.30933567   7.64455179\n    2.70488457]\n [ -3.78500979   0.70311516  -4.06084546  -3.1178958    2.70488457\n    8.15278779]]", "nfev": "245", "njev": "35", "status": "0", "success": "True", "message": "Optimization terminated successfully.", "x": "[-0.4717731  -2.57622002  0.59437429  3.90862354  4.40386424 -0.6394664 ]", "nit": "27", "callback": [0.5080940895264444, 0.47185632754008544, 0.41786517413887925, 0.34335857163693895, 0.3211155071110453, 0.3132369353711574, 0.30186380773463584, 0.2975776895102554, 0.29602240658504997, 0.2941410500054409, 0.29358850448293516, 0.29331375594123754, 0.2928470379886149, 0.2920245147040339, 0.2906534962633852, 0.28953670490045347, 0.28865248861236903, 0.2879986899491529, 0.28790923861951057, 0.28787013821983976, 0.2878481595615905, 0.28783336654257496, 0.2878171764312294, 0.28780708284958534, 0.2878049154344988, 0.2878047515514015, 0.28780474745505435]}, "1": {"maxiter": 100, "gtol": 1e-05, "xrtol": 1e-05, "eps": 1e-10, "duration": 0.06499242782592773, "fun": "0.2878047474059581", "jac": "[-1.11022293e-06  3.33066880e-06 -1.11022293e-06  1.11022293e-06\n  3.33066880e-06 -1.11022293e-06]", "hess_inv": "[[  8.86952017  -1.05028044   4.88056073   4.40790417   3.63231507\n   -3.77977371]\n [ -1.05028044  13.59746289 -12.26912091   0.8439921   -1.31264833\n    0.70219777]\n [  4.88056073 -12.26912091  17.41204206   2.72292621   2.46436962\n   -4.06024878]\n [  4.40790417   0.8439921    2.72292621   5.99375999   1.26499975\n   -3.11885304]\n [  3.63231507  -1.31264833   2.46436962   1.26499975   7.49600054\n    2.69328476]\n [ -3.77977371   0.70219777  -4.06024878  -3.11885304   2.69328476\n    8.14831159]]", "nfev": "245", "njev": "35", "status": "0", "success": "True", "message": "Optimization terminated successfully.", "x": "[-0.47173875 -2.57619131  0.59436875  3.90864597  4.40390484 -0.63946132]", "nit": "27", "callback": [0.5080994979959402, 0.4718462595810635, 0.417470644342961, 0.3431265930962635, 0.3211535307264022, 0.3132493648084549, 0.3018478922455595, 0.29757149155620777, 0.29601435493835715, 0.2941374902721341, 0.2935834280137859, 0.2933081474409629, 0.2928408237686231, 0.29201753294324595, 0.29064578504307526, 0.2895314247391585, 0.2886459601395518, 0.2879977177269719, 0.28790817708685723, 0.2878696293109534, 0.28784782658726915, 0.28783322623769625, 0.2878171737478473, 0.2878070796243717, 0.28780491867793423, 0.28780475172070574, 0.2878047474059581]}, "2": {"maxiter": 100, "gtol": 1e-05, "xrtol": 1e-10, "eps": 1e-05, "duration": 0.07220792770385742, "fun": "0.28780474745505435", "jac": "[-6.77924383e-07  2.34834374e-07 -2.62123656e-07 -9.75075576e-07\n  5.69533309e-07  4.99100761e-07]", "hess_inv": "[[  8.93055182  -1.03301265   4.90303635   4.44967965   3.72206368\n   -3.78500979]\n [ -1.03301265  13.5742726  -12.24306977   0.83639334  -1.28932155\n    0.70311516]\n [  4.90303635 -12.24306977  17.43083076   2.74320612   2.51196197\n   -4.06084546]\n [  4.44967965   0.83639334   2.74320612   6.00107795   1.30933567\n   -3.1178958 ]\n [  3.72206368  -1.28932155   2.51196197   1.30933567   7.64455179\n    2.70488457]\n [ -3.78500979   0.70311516  -4.06084546  -3.1178958    2.70488457\n    8.15278779]]", "nfev": "245", "njev": "35", "status": "0", "success": "True", "message": "Optimization terminated successfully.", "x": "[-0.4717731  -2.57622002  0.59437429  3.90862354  4.40386424 -0.6394664 ]", "nit": "27", "callback": [0.5080940895264444, 0.47185632754008544, 0.41786517413887925, 0.34335857163693895, 0.3211155071110453, 0.3132369353711574, 0.30186380773463584, 0.2975776895102554, 0.29602240658504997, 0.2941410500054409, 0.29358850448293516, 0.29331375594123754, 0.2928470379886149, 0.2920245147040339, 0.2906534962633852, 0.28953670490045347, 0.28865248861236903, 0.2879986899491529, 0.28790923861951057, 0.28787013821983976, 0.2878481595615905, 0.28783336654257496, 0.2878171764312294, 0.28780708284958534, 0.2878049154344988, 0.2878047515514015, 0.28780474745505435]}, "3": {"maxiter": 100, "gtol": 1e-05, "xrtol": 1e-10, "eps": 1e-10, "duration": 0.08484792709350586, "fun": "0.2878047474059581", "jac": "[-1.11022293e-06  3.33066880e-06 -1.11022293e-06  1.11022293e-06\n  3.33066880e-06 -1.11022293e-06]", "hess_inv": "[[  8.86952017  -1.05028044   4.88056073   4.40790417   3.63231507\n   -3.77977371]\n [ -1.05028044  13.59746289 -12.26912091   0.8439921   -1.31264833\n    0.70219777]\n [  4.88056073 -12.26912091  17.41204206   2.72292621   2.46436962\n   -4.06024878]\n [  4.40790417   0.8439921    2.72292621   5.99375999   1.26499975\n   -3.11885304]\n [  3.63231507  -1.31264833   2.46436962   1.26499975   7.49600054\n    2.69328476]\n [ -3.77977371   0.70219777  -4.06024878  -3.11885304   2.69328476\n    8.14831159]]", "nfev": "245", "njev": "35", "status": "0", "success": "True", "message": "Optimization terminated successfully.", "x": "[-0.47173875 -2.57619131  0.59436875  3.90864597  4.40390484 -0.63946132]", "nit": "27", "callback": [0.5080994979959402, 0.4718462595810635, 0.417470644342961, 0.3431265930962635, 0.3211535307264022, 0.3132493648084549, 0.3018478922455595, 0.29757149155620777, 0.29601435493835715, 0.2941374902721341, 0.2935834280137859, 0.2933081474409629, 0.2928408237686231, 0.29201753294324595, 0.29064578504307526, 0.2895314247391585, 0.2886459601395518, 0.2879977177269719, 0.28790817708685723, 0.2878696293109534, 0.28784782658726915, 0.28783322623769625, 0.2878171737478473, 0.2878070796243717, 0.28780491867793423, 0.28780475172070574, 0.2878047474059581]}, "4": {"maxiter": 100, "gtol": 1e-10, "xrtol": 1e-05, "eps": 1e-05, "duration": 0.07415413856506348, "fun": "0.2878047474122226", "jac": "[-5.32573985e-08 -2.86326518e-08 -1.15241150e-08  3.67150754e-08\n -3.20854454e-08  5.99964523e-08]", "hess_inv": "[[  8.95099352  -1.11386919   5.07622113   4.61655816   3.47667497\n   -4.01830273]\n [ -1.11386919  13.6390102  -12.39061766   0.71525327  -1.20007988\n    0.86098553]\n [  5.07622113 -12.39061766  17.76558727   3.02145135   2.29010768\n   -4.42563581]\n [  4.61655816   0.71525327   3.02145135   6.22474899   1.16824074\n   -3.4063266 ]\n [  3.47667497  -1.20007988   2.29010768   1.16824074   7.54489063\n    2.86246274]\n [ -4.01830273   0.86098553  -4.42563581  -3.4063266    2.86246274\n    8.52158095]]", "nfev": "252", "njev": "36", "status": "0", "success": "True", "message": "Optimization terminated successfully.", "x": "[-0.47176091 -2.57622628  0.59438915  3.9086344   4.40386289 -0.63947969]", "nit": "28", "callback": [0.5080940895264444, 0.47185632754008544, 0.41786517413887925, 0.34335857163693895, 0.3211155071110453, 0.3132369353711574, 0.30186380773463584, 0.2975776895102554, 0.29602240658504997, 0.2941410500054409, 0.29358850448293516, 0.29331375594123754, 0.2928470379886149, 0.2920245147040339, 0.2906534962633852, 0.28953670490045347, 0.28865248861236903, 0.2879986899491529, 0.28790923861951057, 0.28787013821983976, 0.2878481595615905, 0.28783336654257496, 0.2878171764312294, 0.28780708284958534, 0.2878049154344988, 0.2878047515514015, 0.28780474745505435, 0.2878047474122226]}, "5": {"maxiter": 100, "gtol": 1e-10, "xrtol": 1e-05, "eps": 1e-10, "duration": 0.07697796821594238, "fun": "0.28780474734913253", "jac": "[-2.22044587e-06 -3.33066880e-06 -1.11022293e-06 -4.44089173e-06\n  0.00000000e+00  0.00000000e+00]", "hess_inv": "[[ 8.87608431 -0.80709712  4.6382578   4.37124025  3.76606847 -3.68298826]\n [-0.80709712  9.99872355 -8.2523311   0.19914906 -1.95560249 -0.66805609]\n [ 4.6382578  -8.2523311  12.94136639  3.2320612   3.41185804 -2.44763371]\n [ 4.37124025  0.19914906  3.2320612   5.66680384  1.3552769  -3.02787945]\n [ 3.76606847 -1.95560249  3.41185804  1.3552769   7.18423994  2.09293831]\n [-3.68298826 -0.66805609 -2.44763371 -3.02787945  2.09293831  7.37642735]]", "nfev": "259", "njev": "37", "status": "0", "success": "True", "message": "Optimization terminated successfully.", "x": "[-0.47174168 -2.57623943  0.59441044  3.90864     4.40389201 -0.63946726]", "nit": "29", "callback": [0.5080994979959402, 0.4718462595810635, 0.417470644342961, 0.3431265930962635, 0.3211535307264022, 0.3132493648084549, 0.3018478922455595, 0.29757149155620777, 0.29601435493835715, 0.2941374902721341, 0.2935834280137859, 0.2933081474409629, 0.2928408237686231, 0.29201753294324595, 0.29064578504307526, 0.2895314247391585, 0.2886459601395518, 0.2879977177269719, 0.28790817708685723, 0.2878696293109534, 0.28784782658726915, 0.28783322623769625, 0.2878171737478473, 0.2878070796243717, 0.28780491867793423, 0.28780475172070574, 0.2878047474059581, 0.28780474736872974, 0.28780474734913253]}, "6": {"maxiter": 100, "gtol": 1e-10, "xrtol": 1e-10, "eps": 1e-05, "duration": 0.13886308670043945, "fun": "0.2878047474102713", "jac": "[-6.55031585e-10 -2.87547763e-09  2.15383267e-09  7.24975635e-09\n -4.24105195e-09  9.58122470e-09]", "hess_inv": "[[  9.27912816  -0.69060142   4.85888838   4.67781422   3.37868432\n   -4.592316  ]\n [ -0.69060142  13.65553305 -12.13788475   0.94542556  -1.13373604\n    0.47019062]\n [  4.85888838 -12.13788475  17.37145152   2.82477341   2.17063214\n   -4.38647692]\n [  4.67781422   0.94542556   2.82477341   6.18179489   1.12269271\n   -3.58175673]\n [  3.37868432  -1.13373604   2.17063214   1.12269271   7.43533861\n    2.82862246]\n [ -4.592316     0.47019062  -4.38647692  -3.58175673   2.82862246\n    9.20625622]]", "nfev": "445", "njev": "62", "status": "2", "success": "False", "message": "Desired error not necessarily achieved due to precision loss.", "x": "[-0.47176019 -2.57622621  0.59438953  3.90863474  4.4038631  -0.63948026]", "nit": "29", "callback": [0.5080940895264444, 0.47185632754008544, 0.41786517413887925, 0.34335857163693895, 0.3211155071110453, 0.3132369353711574, 0.30186380773463584, 0.2975776895102554, 0.29602240658504997, 0.2941410500054409, 0.29358850448293516, 0.29331375594123754, 0.2928470379886149, 0.2920245147040339, 0.2906534962633852, 0.28953670490045347, 0.28865248861236903, 0.2879986899491529, 0.28790923861951057, 0.28787013821983976, 0.2878481595615905, 0.28783336654257496, 0.2878171764312294, 0.28780708284958534, 0.2878049154344988, 0.2878047515514015, 0.28780474745505435, 0.2878047474122226, 0.2878047474102713]}, "7": {"maxiter": 100, "gtol": 1e-10, "xrtol": 1e-10, "eps": 1e-10, "duration": 0.14092063903808594, "fun": "0.2878047473330325", "jac": "[0. 0. 0. 0. 0. 0.]", "hess_inv": "[[ 3.04426647e-01  3.24910316e-02 -3.65550948e-01  1.97472095e-02\n  -8.42327079e-01  5.38742243e-01]\n [ 3.24910316e-02  3.48163626e-02 -5.35340953e-02 -1.26544664e-03\n  -1.11562796e-01  6.17379588e-02]\n [-3.65550948e-01 -5.35340953e-02  4.51814339e-01 -2.50128440e-02\n   1.03666798e+00 -6.59833210e-01]\n [ 1.97472095e-02 -1.26544664e-03 -2.50128440e-02  1.12775942e-02\n  -6.66306290e-02  4.36227636e-02]\n [-8.42327079e-01 -1.11562796e-01  1.03666798e+00 -6.66306290e-02\n   2.40509300e+00 -1.52603569e+00]\n [ 5.38742243e-01  6.17379588e-02 -6.59833210e-01  4.36227636e-02\n  -1.52603569e+00  9.76749152e-01]]", "nfev": "441", "njev": "63", "status": "0", "success": "True", "message": "Optimization terminated successfully.", "x": "[-0.47173688 -2.57623304  0.59440732  3.90864647  4.40389204 -0.63947259]", "nit": "45", "callback": [0.5080994979959402, 0.4718462595810635, 0.417470644342961, 0.3431265930962635, 0.3211535307264022, 0.3132493648084549, 0.3018478922455595, 0.29757149155620777, 0.29601435493835715, 0.2941374902721341, 0.2935834280137859, 0.2933081474409629, 0.2928408237686231, 0.29201753294324595, 0.29064578504307526, 0.2895314247391585, 0.2886459601395518, 0.2879977177269719, 0.28790817708685723, 0.2878696293109534, 0.28784782658726915, 0.28783322623769625, 0.2878171737478473, 0.2878070796243717, 0.28780491867793423, 0.28780475172070574, 0.2878047474059581, 0.28780474736872974, 0.28780474734913253, 0.2878047473445585, 0.2878047473406735, 0.28780474733837214, 0.2878047473373859, 0.28780474733666495, 0.2878047473360884, 0.28780474733556805, 0.28780474733457084, 0.28780474733384875, 0.28780474733316186, 0.28780474733310946, 0.2878047473331, 0.28780474733305705, 0.28780474733303774, 0.2878047473330353, 0.2878047473330325]}, "8": {"maxiter": 500, "gtol": 1e-05, "xrtol": 1e-05, "eps": 1e-05, "duration": 0.07546687126159668, "fun": "0.28780474745505435", "jac": "[-6.77924383e-07  2.34834374e-07 -2.62123656e-07 -9.75075576e-07\n  5.69533309e-07  4.99100761e-07]", "hess_inv": "[[  8.93055182  -1.03301265   4.90303635   4.44967965   3.72206368\n   -3.78500979]\n [ -1.03301265  13.5742726  -12.24306977   0.83639334  -1.28932155\n    0.70311516]\n [  4.90303635 -12.24306977  17.43083076   2.74320612   2.51196197\n   -4.06084546]\n [  4.44967965   0.83639334   2.74320612   6.00107795   1.30933567\n   -3.1178958 ]\n [  3.72206368  -1.28932155   2.51196197   1.30933567   7.64455179\n    2.70488457]\n [ -3.78500979   0.70311516  -4.06084546  -3.1178958    2.70488457\n    8.15278779]]", "nfev": "245", "njev": "35", "status": "0", "success": "True", "message": "Optimization terminated successfully.", "x": "[-0.4717731  -2.57622002  0.59437429  3.90862354  4.40386424 -0.6394664 ]", "nit": "27", "callback": [0.5080940895264444, 0.47185632754008544, 0.41786517413887925, 0.34335857163693895, 0.3211155071110453, 0.3132369353711574, 0.30186380773463584, 0.2975776895102554, 0.29602240658504997, 0.2941410500054409, 0.29358850448293516, 0.29331375594123754, 0.2928470379886149, 0.2920245147040339, 0.2906534962633852, 0.28953670490045347, 0.28865248861236903, 0.2879986899491529, 0.28790923861951057, 0.28787013821983976, 0.2878481595615905, 0.28783336654257496, 0.2878171764312294, 0.28780708284958534, 0.2878049154344988, 0.2878047515514015, 0.28780474745505435]}, "9": {"maxiter": 500, "gtol": 1e-05, "xrtol": 1e-05, "eps": 1e-10, "duration": 0.07483100891113281, "fun": "0.2878047474059581", "jac": "[-1.11022293e-06  3.33066880e-06 -1.11022293e-06  1.11022293e-06\n  3.33066880e-06 -1.11022293e-06]", "hess_inv": "[[  8.86952017  -1.05028044   4.88056073   4.40790417   3.63231507\n   -3.77977371]\n [ -1.05028044  13.59746289 -12.26912091   0.8439921   -1.31264833\n    0.70219777]\n [  4.88056073 -12.26912091  17.41204206   2.72292621   2.46436962\n   -4.06024878]\n [  4.40790417   0.8439921    2.72292621   5.99375999   1.26499975\n   -3.11885304]\n [  3.63231507  -1.31264833   2.46436962   1.26499975   7.49600054\n    2.69328476]\n [ -3.77977371   0.70219777  -4.06024878  -3.11885304   2.69328476\n    8.14831159]]", "nfev": "245", "njev": "35", "status": "0", "success": "True", "mes