{"date": "2024/09/23/, 20:04:20", "conf_id": 63, "data_type": "random\n", "num_data_points": 4, "s_rank": 0, "unitary": "[[-0.53618537-0.34368723j,-0.12107031-0.46226139j,-0.07699282-0.46603512j,0.36022595-0.11472301j],[0.26026499-0.63450712j,-0.56616638+0.37832564j,-0.14988651+0.08458591j,0.10363514-0.16008501j],[-0.32580188-0.11070003j,-0.36476308-0.23593218j,0.02559343+0.41761608j,-0.25598305+0.6725303j],[0.07406738-0.0126433j,0.28513701+0.19483972j,-0.74939717-0.10299659j,0.29798249+0.46269921j]]", "databatch_0": {"databatch": "[[[-0.09285846+0.05749572j,0.10680975-0.07935786j,-0.46162775-0.17026263j,-0.0912946-0.41554024j],[-0.01442219-0.05677017j,0.02335235+0.06743331j,0.16157078-0.20862524j,0.22725964+0.02036051j],[0.04282089+0.00624384j,-0.05262655-0.00317182j,0.09657025+0.16934919j,-0.07827976+0.1492926j],[-0.04288818+0.08530167j,0.04328431-0.10796971j,-0.421789+0.08426049j,-0.25805088-0.26783778j]],[[0.11323112+0.05392199j,-0.00269359+0.17389576j,-0.021919-0.14516863j,-0.00095579-0.02051217j],[-0.15978981-0.05979432j,-0.01675409-0.2359978j,0.04674084+0.19417578j,0.00370226+0.02768809j],[-0.20210866+0.22890667j,-0.40524243-0.12285441j,0.3544952+0.04598865j,0.0486546+0.01151051j],[0.30506741+0.01792507j,0.15334588+0.39505863j,-0.18257465-0.3076392j,-0.02096328-0.04543226j]],[[0.29911361-0.0473401j,0.14124422-0.29519042j,0.0772148-0.0825331j,-0.15713529-0.48347289j],[-0.01873971+0.0042531j,-0.00770363+0.01928304j,-0.00454238+0.00554977j,0.0119788+0.02995152j],[-0.09361579-0.12865122j,-0.1718721+0.00443577j,-0.05706721-0.01641164j,-0.18868461+0.18903852j],[-0.09657705+0.26153897j,0.17352657+0.24627517j,0.03154129+0.09915514j,0.45901608+0.09135409j]],[[0.00174996-0.00700362j,0.00960092-0.00607667j,-0.00868976-0.00755342j,-0.00581322-0.01002961j],[-0.09103137+0.08042652j,-0.1910526-0.00727134j,0.04848+0.1875741j,-0.01501093+0.19448509j],[0.06952819-0.02243353j,0.10356491+0.04997117j,0.01840242-0.11505998j,0.05506326-0.10359504j],[-0.03780594-0.30774333j,0.29121984-0.39160415j,-0.46479845-0.16885729j,-0.38765103-0.31246641j]]]", "initial param values": "[3.44655748,1.46274892,3.03470386,2.67474737,1.94965209,2.13897568]", "nelder_mead": {"type": "gradient-free", "0": {"maxiter": 100, "fatol": 1e-05, "xatol": 1e-05, "duration": 0.05436897277832031, "fun": "0.37896189535469627", "nit": "100", "nfev": "154", "status": "2", "success": "False", "message": "Maximum number of iterations has been exceeded.", "x": "[1.1224638  0.13526055 3.77766679 5.34634431 2.96925147 3.75605241]", "final_simplex": "(array([[1.1224638 , 0.13526055, 3.77766679, 5.34634431, 2.96925147,\n        3.75605241],\n       [1.0546689 , 0.18726479, 3.74238119, 5.29959155, 2.89169295,\n        3.72094251],\n       [1.10063865, 0.1683155 , 3.76787531, 5.34057896, 2.9311925 ,\n        3.74610892],\n       [1.10664292, 0.18257938, 3.74554245, 5.29388716, 2.97459418,\n        3.720249  ],\n       [1.06558416, 0.20995354, 3.7275364 , 5.32395313, 2.91442251,\n        3.72213591],\n       [1.14007173, 0.14831167, 3.78143016, 5.3401881 , 2.95967879,\n        3.73853163],\n       [1.10361982, 0.13183403, 3.79621486, 5.36656294, 2.95827153,\n        3.76443387]]), array([0.3789619 , 0.37914193, 0.37915487, 0.3791678 , 0.37921695,\n       0.37936574, 0.37941487]))", "callback": [0.6984199421672949, 0.6251051238762018, 0.4004532279700338, 0.4004532279700338, 0.39383009906064137, 0.38790171121456907, 0.3824350483417229, 0.38041706144612797, 0.37941486705101646]}, "1": {"maxiter": 100, "fatol": 1e-05, "xatol": 1e-10, "duration": 0.051625967025756836, "fun": "0.37896189535469627", "nit": "100", "nfev": "154", "status": "2", "success": "False", "message": "Maximum number of iterations has been exceeded.", "x": "[1.1224638  0.13526055 3.77766679 5.34634431 2.96925147 3.75605241]", "final_simplex": "(array([[1.1224638 , 0.13526055, 3.77766679, 5.34634431, 2.96925147,\n        3.75605241],\n       [1.0546689 , 0.18726479, 3.74238119, 5.29959155, 2.89169295,\n        3.72094251],\n       [1.10063865, 0.1683155 , 3.76787531, 5.34057896, 2.9311925 ,\n        3.74610892],\n       [1.10664292, 0.18257938, 3.74554245, 5.29388716, 2.97459418,\n        3.720249  ],\n       [1.06558416, 0.20995354, 3.7275364 , 5.32395313, 2.91442251,\n        3.72213591],\n       [1.14007173, 0.14831167, 3.78143016, 5.3401881 , 2.95967879,\n        3.73853163],\n       [1.10361982, 0.13183403, 3.79621486, 5.36656294, 2.95827153,\n        3.76443387]]), array([0.3789619 , 0.37914193, 0.37915487, 0.3791678 , 0.37921695,\n       0.37936574, 0.37941487]))", "callback": [0.6984199421672949, 0.6251051238762018, 0.4004532279700338, 0.4004532279700338, 0.39383009906064137, 0.38790171121456907, 0.3824350483417229, 0.38041706144612797, 0.37941486705101646]}, "2": {"maxiter": 100, "fatol": 1e-10, "xatol": 1e-05, "duration": 0.06473088264465332, "fun": "0.37896189535469627", "nit": "100", "nfev": "154", "status": "2", "success": "False", "message": "Maximum number of iterations has been exceeded.", "x": "[1.1224638  0.13526055 3.77766679 5.34634431 2.96925147 3.75605241]", "final_simplex": "(array([[1.1224638 , 0.13526055, 3.77766679, 5.34634431, 2.96925147,\n        3.75605241],\n       [1.0546689 , 0.18726479, 3.74238119, 5.29959155, 2.89169295,\n        3.72094251],\n       [1.10063865, 0.1683155 , 3.76787531, 5.34057896, 2.9311925 ,\n        3.74610892],\n       [1.10664292, 0.18257938, 3.74554245, 5.29388716, 2.97459418,\n        3.720249  ],\n       [1.06558416, 0.20995354, 3.7275364 , 5.32395313, 2.91442251,\n        3.72213591],\n       [1.14007173, 0.14831167, 3.78143016, 5.3401881 , 2.95967879,\n        3.73853163],\n       [1.10361982, 0.13183403, 3.79621486, 5.36656294, 2.95827153,\n        3.76443387]]), array([0.3789619 , 0.37914193, 0.37915487, 0.3791678 , 0.37921695,\n       0.37936574, 0.37941487]))", "callback": [0.6984199421672949, 0.6251051238762018, 0.4004532279700338, 0.4004532279700338, 0.39383009906064137, 0.38790171121456907, 0.3824350483417229, 0.38041706144612797, 0.37941486705101646]}, "3": {"maxiter": 100, "fatol": 1e-10, "xatol": 1e-10, "duration": 0.06112504005432129, "fun": "0.37896189535469627", "nit": "100", "nfev": "154", "status": "2", "success": "False", "message": "Maximum number of iterations has been exceeded.", "x": "[1.1224638  0.13526055 3.77766679 5.34634431 2.96925147 3.75605241]", "final_simplex": "(array([[1.1224638 , 0.13526055, 3.77766679, 5.34634431, 2.96925147,\n        3.75605241],\n       [1.0546689 , 0.18726479, 3.74238119, 5.29959155, 2.89169295,\n        3.72094251],\n       [1.10063865, 0.1683155 , 3.76787531, 5.34057896, 2.9311925 ,\n        3.74610892],\n       [1.10664292, 0.18257938, 3.74554245, 5.29388716, 2.97459418,\n        3.720249  ],\n       [1.06558416, 0.20995354, 3.7275364 , 5.32395313, 2.91442251,\n        3.72213591],\n       [1.14007173, 0.14831167, 3.78143016, 5.3401881 , 2.95967879,\n        3.73853163],\n       [1.10361982, 0.13183403, 3.79621486, 5.36656294, 2.95827153,\n        3.76443387]]), array([0.3789619 , 0.37914193, 0.37915487, 0.3791678 , 0.37921695,\n       0.37936574, 0.37941487]))", "callback": [0.6984199421672949, 0.6251051238762018, 0.4004532279700338, 0.4004532279700338, 0.39383009906064137, 0.38790171121456907, 0.3824350483417229, 0.38041706144612797, 0.37941486705101646]}, "4": {"maxiter": 500, "fatol": 1e-05, "xatol": 1e-05, "duration": 0.21232199668884277, "fun": "0.37486518266165225", "nit": "326", "nfev": "517", "status": "0", "success": "True", "message": "Optimization terminated successfully.", "x": "[1.14573346 0.0140172  3.56175166 5.18439961 3.02661221 3.86739622]", "final_simplex": "(array([[1.14573346, 0.0140172 , 3.56175166, 5.18439961, 3.02661221,\n        3.86739622],\n       [1.14573538, 0.01401286, 3.56175471, 5.18440329, 3.02661419,\n        3.86740015],\n       [1.14573685, 0.0140113 , 3.56175089, 5.18440166, 3.02661485,\n        3.8674021 ],\n       [1.14573483, 0.01401496, 3.56174885, 5.18440032, 3.02661919,\n        3.86739482],\n       [1.14573246, 0.01401959, 3.56175331, 5.18440595, 3.02660963,\n        3.86739758],\n       [1.14573802, 0.01402083, 3.56174875, 5.18439938, 3.02661342,\n        3.86739759],\n       [1.14572721, 0.01402649, 3.56174979, 5.18440107, 3.0266059 ,\n        3.86739644]]), array([0.37486518, 0.37486518, 0.37486518, 0.37486518, 0.37486518,\n       0.37486518, 0.37486518]))", "callback": [0.6984199421672949, 0.6251051238762018, 0.4004532279700338, 0.4004532279700338, 0.39383009906064137, 0.38790171121456907, 0.3824350483417229, 0.38041706144612797, 0.37941486705101646, 0.37896189535469627, 0.3780761978253324, 0.3773368284782761, 0.375368447793733, 0.3753599609225112, 0.37498723869058337, 0.37488647643004236, 0.37487094090418216, 0.374866980870426, 0.374865594895637, 0.37486531021576286, 0.37486521693752706, 0.3748651935116921, 0.3748651872961818, 0.37486518579241057, 0.3748651843571875, 0.37486518382183853, 0.3748651833467469, 0.3748651829773757, 0.3748651828373162, 0.37486518269653646, 0.37486518267552427, 0.3748651826624052]}, "5": {"maxiter": 500, "fatol": 1e-05, "xatol": 1e-10, "duration": 0.3265421390533447, "fun": "0.3748651826602005", "nit": "447", "nfev": "767", "status": "0", "success": "True", "message": "Optimization terminated successfully.", "x": "[1.14573354 0.01401729 3.56174975 5.18439978 3.026614   3.86739889]", "final_simplex": "(array([[1.14573354, 0.01401729, 3.56174975, 5.18439978, 3.026614  ,\n        3.86739889],\n       [1.14573354, 0.01401729, 3.56174975, 5.18439978, 3.026614  ,\n        3.86739889],\n       [1.14573354, 0.01401729, 3.56174975, 5.18439978, 3.026614  ,\n        3.86739889],\n       [1.14573354, 0.01401729, 3.56174975, 5.18439978, 3.026614  ,\n        3.86739889],\n       [1.14573354, 0.01401729, 3.56174975, 5.18439978, 3.026614  ,\n        3.86739889],\n       [1.14573354, 0.01401729, 3.56174975, 5.18439978, 3.026614  ,\n        3.86739889],\n       [1.14573354, 0.01401729, 3.56174975, 5.18439978, 3.026614  ,\n        3.86739889]]), array([0.37486518, 0.37486518, 0.37486518, 0.37486518, 0.37486518,\n       0.37486518, 0.37486518]))", "callback": [0.6984199421672949, 0.6251051238762018, 0.4004532279700338, 0.4004532279700338, 0.39383009906064137, 0.38790171121456907, 0.3824350483417229, 0.38041706144612797, 0.37941486705101646, 0.37896189535469627, 0.3780761978253324, 0.3773368284782761, 0.375368447793733, 0.3753599609225112, 0.37498723869058337, 0.37488647643004236, 0.37487094090418216, 0.374866980870426, 0.374865594895637, 0.37486531021576286, 0.37486521693752706, 0.3748651935116921, 0.3748651872961818, 0.37486518579241057, 0.3748651843571875, 0.37486518382183853, 0.3748651833467469, 0.3748651829773757, 0.3748651828373162, 0.37486518269653646, 0.37486518267552427, 0.3748651826624052, 0.37486518266085966, 0.37486518266049207, 0.3748651826602577, 0.37486518266023283, 0.3748651826602184, 0.37486518266020785, 0.3748651826602034, 0.3748651826602014, 0.3748651826602013, 0.37486518266020064, 0.37486518266020064, 0.3748651826602005]}, "6": {"maxiter": 500, "fatol": 1e-10, "xatol": 1e-05, "duration": 0.20728087425231934, "fun": "0.37486518266165225", "nit": "326", "nfev": "517", "status": "0", "success": "True", "message": "Optimization terminated successfully.", "x": "[1.14573346 0.0140172  3.56175166 5.18439961 3.02661221 3.86739622]", "final_simplex": "(array([[1.14573346, 0.0140172 , 3.56175166, 5.18439961, 3.02661221,\n        3.86739622],\n       [1.14573538, 0.01401286, 3.56175471, 5.18440329, 3.02661419,\n        3.86740015],\n       [1.14573685, 0.0140113 , 3.56175089, 5.18440166, 3.02661485,\n        3.8674021 ],\n       [1.14573483, 0.01401496, 3.56174885, 5.18440032, 3.02661919,\n        3.86739482],\n       [1.14573246, 0.01401959, 3.56175331, 5.18440595, 3.02660963,\n        3.86739758],\n       [1.14573802, 0.01402083, 3.56174875, 5.18439938, 3.02661342,\n        3.86739759],\n       [1.14572721, 0.01402649, 3.56174979, 5.18440107, 3.0266059 ,\n        3.86739644]]), array([0.37486518, 0.37486518, 0.37486518, 0.37486518, 0.37486518,\n       0.37486518, 0.37486518]))", "callback": [0.6984199421672949, 0.6251051238762018, 0.4004532279700338, 0.4004532279700338, 0.39383009906064137, 0.38790171121456907, 0.3824350483417229, 0.38041706144612797, 0.37941486705101646, 0.37896189535469627, 0.3780761978253324, 0.3773368284782761, 0.375368447793733, 0.3753599609225112, 0.37498723869058337, 0.37488647643004236, 0.37487094090418216, 0.374866980870426, 0.374865594895637, 0.37486531021576286, 0.37486521693752706, 0.3748651935116921, 0.3748651872961818, 0.37486518579241057, 0.3748651843571875, 0.37486518382183853, 0.3748651833467469, 0.3748651829773757, 0.3748651828373162, 0.37486518269653646, 0.37486518267552427, 0.3748651826624052]}, "7": {"maxiter": 500, "fatol": 1e-10, "xatol": 1e-10, "duration": 0.6276509761810303, "fun": "0.3748651826602005", "nit": "447", "nfev": "767", "status": "0", "success": "True", "message": "Optimization terminated successfully.", "x": "[1.14573354 0.01401729 3.56174975 5.18439978 3.026614   3.86739889]", "final_simplex": "(array([[1.14573354, 0.01401729, 3.56174975, 5.18439978, 3.026614  ,\n        3.86739889],\n       [1.14573354, 0.01401729, 3.56174975, 5.18439978, 3.026614  ,\n        3.86739889],\n       [1.14573354, 0.01401729, 3.56174975, 5.18439978, 3.026614  ,\n        3.86739889],\n       [1.14573354, 0.01401729, 3.56174975, 5.18439978, 3.026614  ,\n        3.86739889],\n       [1.14573354, 0.01401729, 3.56174975, 5.18439978, 3.026614  ,\n        3.86739889],\n       [1.14573354, 0.01401729, 3.56174975, 5.18439978, 3.026614  ,\n        3.86739889],\n       [1.14573354, 0.01401729, 3.56174975, 5.18439978, 3.026614  ,\n        3.86739889]]), array([0.37486518, 0.37486518, 0.37486518, 0.37486518, 0.37486518,\n       0.37486518, 0.37486518]))", "callback": [0.6984199421672949, 0.6251051238762018, 0.4004532279700338, 0.4004532279700338, 0.39383009906064137, 0.38790171121456907, 0.3824350483417229, 0.38041706144612797, 0.37941486705101646, 0.37896189535469627, 0.3780761978253324, 0.3773368284782761, 0.375368447793733, 0.3753599609225112, 0.37498723869058337, 0.37488647643004236, 0.37487094090418216, 0.374866980870426, 0.374865594895637, 0.37486531021576286, 0.37486521693752706, 0.3748651935116921, 0.3748651872961818, 0.37486518579241057, 0.3748651843571875, 0.37486518382183853, 0.3748651833467469, 0.3748651829773757, 0.3748651828373162, 0.37486518269653646, 0.37486518267552427, 0.3748651826624052, 0.37486518266085966, 0.37486518266049207, 0.3748651826602577, 0.37486518266023283, 0.3748651826602184, 0.37486518266020785, 0.3748651826602034, 0.3748651826602014, 0.3748651826602013, 0.37486518266020064, 0.37486518266020064, 0.3748651826602005]}, "8": {"maxiter": 1000, "fatol": 1e-05, "xatol": 1e-05, "duration": 0.4343419075012207, "fun": "0.37486518266165225", "nit": "326", "nfev": "517", "status": "0", "success": "True", "message": "Optimization terminated successfully.", "x": "[1.14573346 0.0140172  3.56175166 5.18439961 3.02661221 3.86739622]", "final_simplex": "(array([[1.14573346, 0.0140172 , 3.56175166, 5.18439961, 3.02661221,\n        3.86739622],\n       [1.14573538, 0.01401286, 3.56175471, 5.18440329, 3.02661419,\n        3.86740015],\n       [1.14573685, 0.0140113 , 3.56175089, 5.18440166, 3.02661485,\n        3.8674021 ],\n       [1.14573483, 0.01401496, 3.56174885, 5.18440032, 3.02661919,\n        3.86739482],\n       [1.14573246, 0.01401959, 3.56175331, 5.18440595, 3.02660963,\n        3.86739758],\n       [1.14573802, 0.01402083, 3.56174875, 5.18439938, 3.02661342,\n        3.86739759],\n       [1.14572721, 0.01402649, 3.56174979, 5.18440107, 3.0266059 ,\n        3.86739644]]), array([0.37486518, 0.37486518, 0.37486518, 0.37486518, 0.37486518,\n       0.37486518, 0.37486518]))", "callback": [0.6984199421672949, 0.6251051238762018, 0.4004532279700338, 0.4004532279700338, 0.39383009906064137, 0.38790171121456907, 0.3824350483417229, 0.38041706144612797, 0.37941486705101646, 0.37896189535469627, 0.3780761978253324, 0.3773368284782761, 0.375368447793733, 0.3753599609225112, 0.37498723869058337, 0.37488647643004236, 0.37487094090418216, 0.374866980870426, 0.374865594895637, 0.37486531021576286, 0.37486521693752706, 0.3748651935116921, 0.3748651872961818, 0.37486518579241057, 0.3748651843571875, 0.37486518382183853, 0.3748651833467469, 0.3748651829773757, 0.3748651828373162, 0.37486518269653646, 0.37486518267552427, 0.3748651826624052]}, "9": {"maxiter": 1000, "fatol": 1e-05, "xatol": 1e-10, "duration": 0.5127129554748535, "fun": "0.3748651826602005", "nit": "447", "nfev": "767", "status": "0", "success": "True", "message": "Optimization terminated successfully.", "x": "[1.14573354 0.01401729 3.56174975 5.18439978 3.026614   3.86739889]", "final_simplex": "(array([[1.14573354, 0.01401729, 3.56174975, 5.18439978, 3.026614  ,\n        3.86739889],\n       [1.14573354, 0.01401729, 3.56174975, 5.18439978, 3.026614  ,\n        3.86739889],\n       [1.14573354, 0.01401729, 3.56174975, 5.18439978, 3.026614  ,\n        3.86739889],\n       [1.14573354, 0.01401729, 3.56174975, 5.18439978, 3.026614  ,\n        3.86739889],\n       [1.14573354, 0.01401729, 3.56174975, 5.18439978, 3.026614  ,\n        3.86739889],\n       [1.14573354, 0.01401729, 3.56174975, 5.18439978, 3.026614  ,\n        3.86739889],\n       [1.14573354, 0.01401729, 3.56174975, 5.18439978, 3.026614  ,\n        3.86739889]]), array([0.37486518, 0.37486518, 0.37486518, 0.37486518, 0.37486518,\n       0.37486518, 0.37486518]))", "callback": [0.6984199421672949, 0.6251051238762018, 0.4004532279700338, 0.4004532279700338, 0.39383009906064137, 0.38790171121456907, 0.3824350483417229, 0.38041706144612797, 0.37941486705101646, 0.37896189535469627, 0.3780761978253324, 0.3773368284782761, 0.375368447793733, 0.3753599609225112, 0.37498723869058337, 0.37488647643004236, 0.37487094090418216, 0.374866980870426, 0.374865594895637, 0.37486531021576286, 0.37486521693752706, 0.3748651935116921, 0.3748651872961818, 0.37486518579241057, 0.3748651843571875, 0.37486518382183853, 0.3748651833467469, 0.3748651829773757, 0.3748651828373162, 0.37486518269653646, 0.37486518267552427, 0.3748651826624052, 0.37486518266085966, 0.37486518266049207, 0.3748651826602577, 0.37486518266023283, 0.3748651826602184, 0.37486518266020785, 0.3748651826602034, 0.3748651826602014, 0.3748651826602013, 0.37486518266020064, 0.37486518266020064, 0.3748651826602005]}, "10": {"maxiter": 1000, "fatol": 1e-10, "xatol": 1e-05, "duration": 0.3218560218811035, "fun": "0.37486518266165225", "nit": "326", "nfev": "517", "status": "0", "success": "True", "message": "Optimization terminated successfully.", "x": "[1.14573346 0.0140172  3.56175166 5.18439961 3.02661221 3.86739622]", "final_simplex": "(array([[1.14573346, 0.0140172 , 3.56175166, 5.18439961, 3.02661221,\n        3.86739622],\n       [1.14573538, 0.01401286, 3.56175471, 5.18440329, 3.02661419,\n        3.86740015],\n       [1.14573685, 0.0140113 , 3.56175089, 5.18440166, 3.02661485,\n        3.8674021 ],\n       [1.14573483, 0.01401496, 3.56174885, 5.18440032, 3.02661919,\n        3.86739482],\n       [1.14573246, 0.01401959, 3.56175331, 5.18440595, 3.02660963,\n        3.86739758],\n       [1.14573802, 0.01402083, 3.56174875, 5.18439938, 3.02661342,\n        3.86739759],\n       [1.14572721, 0.01402649, 3.56174979, 5.18440107, 3.0266059 ,\n        3.86739644]]), array([0.37486518, 0.37486518, 0.37486518, 0.37486518, 0.37486518,\n       0.37486518, 0.37486518]))", "callback": [0.6984199421672949, 0.6251051238762018, 0.4004532279700338, 0.4004532279700338, 0.39383009906064137, 0.38790171121456907, 0.3824350483417229, 0.38041706144612797, 0.37941486705101646, 0.37896189535469627, 0.3780761978253324, 0.3773368284782761, 0.375368447793733, 0.3753599609225112, 0.37498723869058337, 0.37488647643004236, 0.37487094090418216, 0.374866980870426, 0.374865594895637, 0.37486531021576286, 0.37486521693752706, 0.3748651935116921, 0.3748651872961818, 0.37486518579241057, 0.3748651843571875, 0.37486518382183853, 0.3748651833467469, 0.3748651829773757, 0.3748651828373162, 0.37486518269653646, 0.37486518267552427, 0.3748651826624052]}, "11": {"maxiter": 1000, "fatol": 1e-10, "xatol": 1e-10, "duration": 0.3544900417327881, "fun": "0.3748651826602005", "nit": "447", "nfev": "767", "status": "0", "success": "True", "message": "Optimization terminated successfully.", "x": "[1.14573354 0.01401729 3.56174975 5.18439978 3.026614   3.86739889]", "final_simplex": "(array([[1.14573354, 0.01401729, 3.56174975, 5.18439978, 3.026614  ,\n        3.86739889],\n       [1.14573354, 0.01401729, 3.56174975, 5.18439978, 3.026614  ,\n        3.86739889],\n       [1.14573354, 0.01401729, 3.56174975, 5.18439978, 3.026614  ,\n        3.86739889],\n       [1.14573354, 0.01401729, 3.56174975, 5.18439978, 3.026614  ,\n        3.86739889],\n       [1.14573354, 0.01401729, 3.56174975, 5.18439978, 3.026614  ,\n        3.86739889],\n       [1.14573354, 0.01401729, 3.56174975, 5.18439978, 3.026614  ,\n        3.86739889],\n       [1.14573354, 0.01401729, 3.56174975, 5.18439978, 3.026614  ,\n        3.86739889]]), array([0.37486518, 0.37486518, 0.37486518, 0.37486518, 0.37486518,\n       0.37486518, 0.37486518]))", "callback": [0.6984199421672949, 0.6251051238762018, 0.4004532279700338, 0.4004532279700338, 0.39383009906064137, 0.38790171121456907, 0.3824350483417229, 0.38041706144612797, 0.37941486705101646, 0.37896189535469627, 0.3780761978253324, 0.3773368284782761, 0.375368447793733, 0.3753599609225112, 0.37498723869058337, 0.37488647643004236, 0.37487094090418216, 0.374866980870426, 0.374865594895637, 0.37486531021576286, 0.37486521693752706, 0.3748651935116921, 0.3748651872961818, 0.37486518579241057, 0.3748651843571875, 0.37486518382183853, 0.3748651833467469, 0.3748651829773757, 0.3748651828373162, 0.37486518269653646, 0.37486518267552427, 0.3748651826624052, 0.37486518266085966, 0.37486518266049207, 0.3748651826602577, 0.37486518266023283, 0.3748651826602184, 0.37486518266020785, 0.3748651826602034, 0.3748651826602014, 0.3748651826602013, 0.37486518266020064, 0.37486518266020064, 0.3748651826602005]}}, "bfgs": {"type": "gradient", "0": {"maxiter": 100, "gtol": 1e-05, "xrtol": 1e-05, "eps": 1e-05, "duration": 0.1378922462463379, "fun": "0.3748651829129932", "jac": "[-2.51076937e-06 -2.77264878e-06 -2.70858891e-06 -2.45687914e-06\n -2.60140798e-06 -4.26214619e-08]", "hess_inv": "[[ 8.94286431 -5.85907072 -0.09252064  0.86977962  6.24294216 -0.03604373]\n [-5.85907072 15.14663706 -1.73463748 -1.41348911 -8.79798904 -1.53266871]\n [-0.09252064 -1.73463748  8.99441502  5.42261865 -2.56031025 -0.40216533]\n [ 0.86977962 -1.41348911  5.42261865  8.21146008 -1.56755963 -0.07005098]\n [ 6.24294216 -8.79798904 -2.56031025 -1.56755963 15.41888075 -2.2168738 ]\n [-0.03604373 -1.53266871 -0.40216533 -0.07005098 -2.2168738   6.0896746 ]]", "nfev": "357", "njev": "51", "status": "0", "success": "True", "message": "Optimization terminated successfully.", "x": "[1.14569557 0.01402711 3.56170717 5.18435235 3.02658537 3.86740896]", "nit": "36", "callback": [0.42947585607293604, 0.38355141133406645, 0.3751068126646815]}, "1": {"maxiter": 100, "gtol": 1e-05, "xrtol": 1e-05, "eps": 1e-10, "duration": 0.16024017333984375, "fun": "0.37486518274952874", "jac": "[-2.22044587e-06 -3.33066909e-06 -3.33066880e-06 -3.33066880e-06\n -1.11022293e-06 -3.33066880e-06]", "hess_inv": "[[ 9.13331995 -6.00088869  0.10771402  1.10977409  6.60845169 -0.10734712]\n [-6.00088869 15.13891026 -2.12028299 -1.86952421 -9.01935464 -1.53544873]\n [ 0.10771402 -2.12028299  8.96771847  5.40028225 -2.12717413 -0.50747476]\n [ 1.10977409 -1.86952421  5.40028225  8.2314642  -1.07785141 -0.07648847]\n [ 6.60845169 -9.01935464 -2.12717413 -1.07785141 15.92488754 -2.28078085]\n [-0.10734712 -1.53544873 -0.50747476 -0.07648847 -2.28078085  6.27815619]]", "nfev": "364", "njev": "52", "status": "0", "success": "True", "message": "Optimization terminated successfully.", "x": "[1.14573339 0.01400005 3.56172267 5.18436889 3.02662052 3.86741203]", "nit": "36", "callback": [0.42947796697731455, 0.38355132160248484, 0.375143137250882]}, "2": {"maxiter": 100, "gtol": 1e-05, "xrtol": 1e-10, "eps": 1e-05, "duration": 0.18775486946105957, "fun": "0.3748651829129932", "jac": "[-2.51076937e-06 -2.77264878e-06 -2.70858891e-06 -2.45687914e-06\n -2.60140798e-06 -4.26214619e-08]", "hess_inv": "[[ 8.94286431 -5.85907072 -0.09252064  0.86977962  6.24294216 -0.03604373]\n [-5.85907072 15.14663706 -1.73463748 -1.41348911 -8.79798904 -1.53266871]\n [-0.09252064 -1.73463748  8.99441502  5.42261865 -2.56031025 -0.40216533]\n [ 0.86977962 -1.41348911  5.42261865  8.21146008 -1.56755963 -0.07005098]\n [ 6.24294216 -8.79798904 -2.56031025 -1.56755963 15.41888075 -2.2168738 ]\n [-0.03604373 -1.53266871 -0.40216533 -0.07005098 -2.2168738   6.0896746 ]]", "nfev": "357", "njev": "51", "status": "0", "success": "True", "message": "Optimization terminated successfully.", "x": "[1.14569557 0.01402711 3.56170717 5.18435235 3.02658537 3.86740896]", "nit": "36", "callback": [0.42947585607293604, 0.38355141133406645, 0.3751068126646815]}, "3": {"maxiter": 100, "gtol": 1e-05, "xrtol": 1e-10, "eps": 1e-10, "duration": 0.1709597110748291, "fun": "0.37486518274952874", "jac": "[-2.22044587e-06 -3.33066909e-06 -3.33066880e-06 -3.33066880e-06\n -1.11022293e-06 -3.33066880e-06]", "hess_inv": "[[ 9.13331995 -6.00088869  0.10771402  1.10977409  6.60845169 -0.10734712]\n [-6.00088869 15.13891026 -2.12028299 -1.86952421 -9.01935464 -1.53544873]\n [ 0.10771402 -2.12028299  8.96771847  5.40028225 -2.12717413 -0.50747476]\n [ 1.10977409 -1.86952421  5.40028225  8.2314642  -1.07785141 -0.07648847]\n [ 6.60845169 -9.01935464 -2.12717413 -1.07785141 15.92488754 -2.28078085]\n [-0.10734712 -1.53544873 -0.50747476 -0.07648847 -2.28078085  6.27815619]]", "nfev": "364", "njev": "52", "status": "0", "success": "True", "message": "Optimization terminated successfully.", "x": "[1.14573339 0.01400005 3.56172267 5.18436889 3.02662052 3.86741203]", "nit": "36", "callback": [0.42947796697731455, 0.38355132160248484, 0.375143137250882]}, "4": {"maxiter": 100, "gtol": 1e-10, "xrtol": 1e-05, "eps": 1e-05, "duration": 0.17826294898986816, "fun": "0.37486518268257096", "jac": "[-5.57331958e-08 -1.18682841e-08 -1.33804079e-07 -4.14779322e-08\n  5.09037257e-08  7.22755189e-09]", "hess_inv": "[[ 9.26734553 -5.87172864  0.17089281  1.18736464  6.61059055 -0.20078376]\n [-5.87172864 15.1146472  -1.6750688  -1.36707417 -8.89171266 -1.51223947]\n [ 0.17089281 -1.6750688   9.05807859  5.5539973  -2.09117188 -0.56600902]\n [ 1.18736464 -1.36707417  5.5539973   8.4158452  -1.06402324 -0.25663847]\n [ 6.61059055 -8.89171266 -2.09117188 -1.06402324 15.64145019 -2.36931069]\n [-0.20078376 -1.51223947 -0.56600902 -0.25663847 -2.36931069  6.16727738]]", "nfev": "364", "njev": "52", "status": "0", "success": "True", "message": "Optimization terminated successfully.", "x": "[1.14572313 0.01402319 3.56173567 5.18438449 3.02660963 3.8673962 ]", "nit": "37", "callback": [0.42947585607293604, 0.38355141133406645, 0.3751068126646815]}, "5": {"maxiter": 100, "gtol": 1e-10, "xrtol": 1e-05, "eps": 1e-10, "duration": 0.1487417221069336, "fun": "0.3748651827266587", "jac": "[ 0.00000000e+00  2.22044606e-06  1.11022293e-06  0.00000000e+00\n -1.11022293e-06  3.33066880e-06]", "hess_inv": "[[ 9.2211493  -5.91908659  0.30613537  1.31337005  6.6252346  -0.1169591 ]\n [-5.91908659 15.21014416 -1.90527393 -1.64295704 -9.05178199 -1.51172865]\n [ 0.30613537 -1.90527393  9.23185341  5.63502744 -1.79628255 -0.72836875]\n [ 1.31337005 -1.64295704  5.63502744  8.42795951 -0.68060783 -0.34238574]\n [ 6.6252346  -9.05178199 -1.79628255 -0.68060783 15.46193527 -1.96570069]\n [-0.1169591  -1.51172865 -0.72836875 -0.34238574 -1.96570069  6.0637532 ]]", "nfev": "371", "njev": "53", "status": "0", "success": "True", "message": "Optimization terminated successfully.", "x": "[1.14574651 0.01401066 3.5617621  5.18441127 3.02660746 3.86742118]", "nit": "37", "callback": [0.42947796697731455, 0.38355132160248484, 0.375143137250882]}, "6": {"maxiter": 100, "gtol": 1e-10, "xrtol": 1e-10, "eps": 1e-05, "duration": 0.3231790065765381, "fun": "0.37486518267993973", "jac": "[ 1.44328993e-10 -2.99760217e-10 -2.88657986e-10  2.44249065e-10\n -1.22124533e-10 -3.21964677e-10]", "hess_inv": "[[ 9.11981199 -5.57588157  0.24484156  1.17117228  6.42823807 -0.10329096]\n [-5.57588157 14.57276965 -1.80930519 -1.3072555  -8.53468007 -1.67698633]\n [ 0.24484156 -1.80930519  9.53766843  5.90318892 -2.34872413 -0.6468628 ]\n [ 1.17117228 -1.3072555   5.90318892  8.63909898 -1.30704066 -0.26492175]\n [ 6.42823807 -8.53468007 -2.34872413 -1.30704066 15.64413966 -2.21687782]\n [-0.10329096 -1.67698633 -0.6468628  -0.26492175 -2.21687782  6.11185059]]", "nfev": "641", "njev": "90", "status": "2", "success": "False", "message": "Desired error not necessarily achieved due to precision loss.", "x": "[1.14572335 0.01402318 3.56173729 5.18438576 3.02660878 3.86739614]", "nit": "39", "callback": [0.42947585607293604, 0.38355141133406645, 0.3751068126646815]}, "7": {"maxiter": 100, "gtol": 1e-10, "xrtol": 1e-10, "eps": 1e-10, "duration": 0.2384629249572754, "fun": "0.3748651827000202", "jac": "[2.22044587e-06 2.22044606e-06 1.11022293e-06 1.11022293e-06\n 3.33066880e-06 3.33066880e-06]", "hess_inv": "[[ 1.32159443  0.20032293  1.46236729  0.62754992 -2.18683503  0.4835616 ]\n [ 0.20032293  0.79167195 -0.08662089  0.26140448 -1.13137259  0.51771599]\n [ 1.46236729 -0.08662089 16.15162282  7.86701258 -9.52199363  0.72292239]\n [ 0.62754992  0.26140448  7.86701258  4.4047186  -5.52072809  0.9762157 ]\n [-2.18683503 -1.13137259 -9.52199363 -5.52072809 10.40265688 -3.12619807]\n [ 0.4835616   0.51771599  0.72292239  0.9762157  -3.12619807  1.86655054]]", "nfev": "518", "njev": "74", "status": "0", "success": "True", "message": "Optimization terminated successfully.", "x": "[1.14575604 0.01399884 3.56174931 5.18440308 3.0266388  3.86740553]", "nit": "44", "callback": [0.42947796697731455, 0.38355132160248484, 0.375143137250882, 0.37486518271853364]}, "8": {"maxiter": 500, "gtol": 1e-05, "xrtol": 1e-05, "eps": 1e-05, "duration": 0.12737512588500977, "fun": "0.3748651829129932", "jac": "[-2.51076937e-06 -2.77264878e-06 -2.70858891e-06 -2.45687914e-06\n -2.60140798e-06 -4.26214619e-08]", "hess_inv": "[[ 8.94286431 -5.85907072 -0.09252064  0.86977962  6.24294216 -0.03604373]\n [-5.85907072 15.14663706 -1.73463748 -1.41348911 -8.79798904 -1.53266871]\n [-0.09252064 -1.73463748  8.99441502  5.42261865 -2.56031025 -0.40216533]\n [ 0.86977962 -1.41348911  5.42261865  8.21146008 -1.56755963 -0.07005098]\n [ 6.24294216 -8.79798904 -2.56031025 -1.56755963 15.41888075 -2.2168738 ]\n [-0.03604373 -1.53266871 -0.40216533 -0.07005098 -2.2168738   6.0896746 ]]", "nfev": "357", "njev": "51", "status": "0", "success": "True", "message": "Optimization terminated successfully.", "x": "[1.14569557 0.01402711 3.56170717 5.18435235 3.02658537 3.86740896]", "nit": "36", "callback": [0.42947585607293604, 0.38355141133406645, 0.3751068126646815]}, "9": {"maxiter": 500, "gtol": 1e-05, "xrtol": 1e-05, "eps": 1e-10, "duration": 0.11696124076843262, "fun": "0.37486518274952874", "jac": "[-2.22044587e-06 -3.33066909e-06 -3.33066880e-06 -3.33066880e-06\n -1.11022293e-06 -3.33066880e-06]", "hess_inv": "[[ 9.13331995 -6.00088869  0.10771402  1.10977409  6.60845169 -0.10734712]\n [-6.00088869 15.13891026 -2.12028299 -1.86952421 -9.01935464 -1.53544873]\n [ 0.10771402 -2.12028299  8.96771847  5.40028225 -2.12717413 -0.50747476]\n [ 1.10977409 -1.86952421  5.40028225  8.2314642  -1.07785141 -0.07648847]\n [ 6.60845169 -9.01935464 -2.12717413 -1.07785141 15.92488754 -2.28078085]\n [-0.10734712 -1.53544873 -0.50747476 -0.07648847 -2.28078085  6.27815619]]", "nfev": "364", "njev": "52", "status": "0", "success": "True", "message": "Optimization terminated successfully.", "x": "[1.14573339 0.01400005 3.56172267 5.18436889 3.02662052 3.86741203]", "nit": "36", "callback": [0.42947796697731455, 0.38355132160248484, 0.375143137250882]}, "10": {"maxiter": 500, "gtol": 1e-05, "xrtol": 1e-10, "eps": 1e-05, "duration": 0.11500382423400879, "fun": "0.3748651829129932", "jac": "[-2.51076937e-06 -2.77264878e-06 -2.70858891e-06 -2.45687914e-06\n -2.60140798e-06 -4.26214619e-08]", "hess_inv": "[[ 8.94286431 -5.85907072 -0.09252064  0.86977962  6.24294216 -0.03604373]\n [-5.85907072 15.14663706 -1.73463748 -1.41348911 -8.79798904 -1.53266871]\n [-0.09252064 -1.73463748  8.99441502  5.42261865 -2.56031025 -0.40216533]\n [ 0.86977962 -1.41348911  5.42261865  8.21146008 -1.56755963 -0.07005098]\n [ 6.24294216 -8.79798904 -2.56031025 -1.56755963 15.41888075 -2.2168738 ]\n [-0.03604373 -1.53266871 -0.40216533 -0.07005098 -2.2168738   6.0896746 ]]", "nfev": "357", "njev": "51", "status": "0", "success": "True", "message": "Optimization terminated successfully.", "x": "[1.14569557 0.01402711 3.56170717 5.18435235 3.02658537 3.86740896]", "nit": "36", "callback": [0.42947585607293604, 0.38355141133406645, 0.3751068126646815]}, "11": {"maxiter": 500, "gtol": 1e-05, "xrtol": 1e-10, "eps": 1e-10, "duration": 0.14124321937561035, "fun": "0.37486518274952874", "jac": "[-2.22044587e-06 -3.33066909e-06 -3.33066880e-06 -3.33066880e-06\n -1.11022293e-06 -3.33066880e-06]", "hess_inv": "[[ 9.13331995 -6.00088869  0.10771402  1.10977409  6.60845169 -0.10734712]\n [-6.00088869 15.13891026 -2.12028299 -1.86952421 -9.01935464 -1.53544873]\n [ 0.10771402 -2.12028299  8.96771847  5.40028225 -2.12717413 -0.50747476]\n [ 1.10977409 -1.86952421  5.40028225  8.2314642  -1.07785141 -0.07648847]\n [ 6.60845169 -9.01935464 -2.12717413 -1.07785141 15.92488754 -2.28078085]\n [-0.10734712 -1.53544873 -0.50747476 -0.07648847 -2.28078085  6.27815619]]", "nfev": "364", "njev": "52", "status": "0", "success": "True", "message": "Optimization terminated successfully.", "x": "[1.14573339 0.01400005 3.56172267 5.18436889 3.02662052 3.86741203]", "nit": "36", "callback": [0.42947796697731455, 0.38355132160248484, 0.375143137250882]}, "12": {"maxiter": 500, "gtol": 1e-10, "xrtol": 1e-05, "eps": 1e-05, "duration": 0.14148688316345215, "fun": "0.37486518268257096", "jac": "[-5.57331958e-08 -1.18682841e-08 -1.33804079e-07 -4.14779322e-08\n  5.09037257e-08  7.22755189e-09]", "hess_inv": "[[ 9.26734553 -5.87172864  0.17089281  1.18736464  6.61059055 -0.20078376]\n [-5.87172864 15.1146472  -1.6750688  -1.36707417 -8.89171266 -1.51223947]\n [ 0.17089281 -1.6750688   9.05807859  5.5539973  -2.09117188 -0.56600902]\n [ 1.18736464 -1.36707417  5.5539973   8.4158452  -1.06402324 -0.25663847]\n [ 6.61059055 -8.89171266 -2.09117188 -1.06402324 15.64145019 -2.36931069]\n [-0.20078376 -1.51223947 -0.56600902 -0.25663847 -2.36931069  6.16727738]]", "nfev": "364", "njev": "52", "status": "0", "success": "True", "message": "Optimization terminated successfully.", "x": "[1.14572313 0.01402319 3.56173567 5.18438449 3.02660963 3.8673962 ]", "nit": "37", "callback": [0.42947585607293604, 0.38355141133406645, 0.3751068126646815]}, "13": {"maxiter": 500, "gtol": 1e-10, "xrtol": 1e-05, "eps": 1e-10, "duration": 0.1457667350769043, "fun": "0.3748651827266587", "jac": "[ 0.00000000e+00  2.22044606e-06  1.11022293e-06  0.00000000e+00\n -1.11022293e-06  3.33066880e-06]", "hess_inv": "[[ 9.2211493  -5.91908659  0.30613537  1.31337005  6.6252346  -0.1169591 ]\n [-5.91908659 15.21014416 -1.90527393 -1.64295704 -9.05178199 -1.51172865]\n [ 0.30613537 -1.90527393  9.23185341  5.63502744 -1.79628255 -0.72836875]\n [ 1.31337005 -1.64295704  5.63502744  8.42795951 -0.68060783 -0.34238574]\n [ 6.6252346  -9.05178199 -1.79628255 -0.68060783 15.46193527 -1.96570069]\n [-0.1169591  -1.51172865 -0.72836875 -0.34238574 -1.96570069  6.0637532 ]]", "nfev": "371", "njev": "53", "status": "0", "success": "True", "message": "Optimization terminated successfully.", "x": "[1.14574651 0.01401066 3.5617621  5.18441127 3.02660746 3.86742118]", "nit": "37", "callback": [0.42947796697731455, 0.38355132160248484, 0.375143137250882]}, "14": {"maxiter": 500, "gtol": 1e-10, "xrtol": 1e-10, "eps": 1e-05, "duration": 0.3053319454193115, "fun": "0.37486518267993973", "jac": "[ 1.44328993e-10 -2.99760217e-10 -2.88657986e-10  2.44249065e-10\n -1.22124533e-10 -3.21964677e-10]", "hess_inv": "[[ 9.11981199 -5.57588157  0.24484156  1.17117228  6.42823807 -0.10329096]\n [-5.57588157 14.57276965 -1.80930519 -1.3072555  -8.53468007 -1.67698633]\n [ 0.24484156 -1.80930519  9.53766843  5.90318892 -2.34872413 -0.6468628 ]\n [ 1.17117228 -1.3072555   5.90318892  8.63909898 -1.30704066 -0.26492175]\n [ 6.42823807 -8.53468007 -2.34872413 -1.30704066 15.64413966 -2.21687782]\n [-0.10329096 -1.67698633 -0.6468628  -0.26492175 -2.21687782  6.11185059]]", "nfev": "641", "njev": "90", "status": "2", "success": "False", "message": "Desired error not necessarily achieved due to precision loss.", "x": "[1.14572335 0.01402318 3.56173729 5.18438576 3.02660878 3.86739614]", "nit": "39", "callback": [0.42947585607293604, 0.38355141133406645, 0.3751068126646815]}, "15": {"maxiter": 500, "gtol": 1e-10, "xrtol": 1e-10, "eps": 1e-10, "duration": 0.2609999179840088, "fun": "0.3748651827000202", "jac": "[2.22044587e-06 2.22044606e-06 1.11022293e-06 1.11022293e-06\n 3.33066880e-06 3.33066880e-06]", "hess_inv": "[[ 1.32159443  0.20032293  1.46236729  0.62754992 -2.18683503  0.4835616 ]\n [ 0.20032293  0.79167195 -0.08662089  0.26140448 -1.13137259  0.51771599]\n [ 1.46236729 -0.08662089 16.15162282  7.86701258 -9.52199363  0.72292239]\n [ 0.62754992  0.26140448  7.86701258  4.4047186  -5.52072809  0.9762157 ]\n [-2.18683503 -1.13137259 -9.52199363 -5.52072809 10.40265688 -3.12619807]\n [ 0.4835616   0.51771599  0.72292239  0.9762157  -3.12619807  1.86655054]]", "nfev": "518", "njev": "74", "status": "0", "success": "True", "message": "Optimization terminated successfully.", "x": "[1.14575604 0.01399884 3.56174931 5.18440308 3.0266388  3.86740553]", "nit": "44", "callback": [0.42947796697731455, 0.38355132160248484, 0.375143137250882, 0.37486518271853364]}, "16": {"maxiter": 1000, "gtol": 1e-05, "xrtol": 1e-05, "eps": 1e-05, "duration": 0.14038300514221191, "fun": "0.3748651829129932", "jac": "[-2.51076937e-06 -2.77264878e-06 -2.70858891e-06 -2.45687914e-06\n -2.60140798e-06 -4.26214619e-08]", "hess_inv": "[[ 8.94286431 -5.85907072 -0.09252064  0.86977962  6.24294216 -0.03604373]\n [-5.85907072 15.14663706 -1.73463748 -1.41348911 -8.79798904 -1.53266871]\n [-0.09252064 -1.73463748  8.99441502  5.42261865 -2.56031025 -0.40216533]\n [ 0.86977962 -1.41348911  5.42261865  8.21146008 -1.56755963 -0.07005098]\n [ 6.24294216 -8.79798904 -2.56031025 -1.56755963 15.41888075 -2.2168738 ]\n [-0.03604373 -1.53266871 -0.40216533 -0.07005098 -2.2168738   6.0896746 ]]", "nfev": "357", "njev": "51", "status": "0", "success": "True", "message": "Optimization terminated successfully.", "x": "[1.14569557 0.01402711 3.56170717 5.18435235 3.02658537 3.86740896]", "nit": "36", "callback": [0.42947585607293604, 0.38355141133406645, 0.3751068126646815]}, "17": {"maxiter": 1000, "gtol": 1e-05, "xrtol": 1e-05, "eps": 1e-10, "duration": 0.13195204734802246, "fun": "0.37486518274952874", "jac": "[-2.22044587e-06 -3.33066909e-06 -3.33066880e-06 -3.33066880e-06\n -1.11022293e-06 -3.33066880e-06]", "hess_inv": "[[ 9.13331995 -6.00088869  0.10771402  1.10977409  6.60845169 -0.10734712]\n [-6.00088869 15.13891026 -2.12028299 -1.86952421 -9.01935464 -1.53544873]\n [ 0.10771402 -2.12028299  8.96771847  5.40028225 -2.12717413 -0.50747476]\n [ 1.10977409 -1.86952421  5.40028225  8.2314642  -1.07785141 -0.07648847]\n [ 6.60845169 -9.01935464 -2.12717413 -1.07785141 15.92488754 -2.28078085]\n [-0.10734712 -1.53544873 -0.50747476 -0.07648847 -2.28078085  6.27815619]]", "nfev": "364", "njev": "52", "status": "0", "success": "True", "message": "Optimization terminated successfully.", "x": "[1.14573339 0.01400005 3.56172267 5.1843