{"date": "2024/10/08/, 15:43:46", "conf_id": 9, "data_type": "random\n", "num_data_points": 1, "s_rank": 0, "unitary": "[[-0.24866696+0.58742286j,-0.44704345-0.43151574j,-0.35669027-0.20570733j,-0.10517633+0.1626036j],[0.10596805-0.19687975j,-0.30269685-0.15056416j,0.18246286+0.30440582j,-0.83484447-0.11310748j],[0.26054512-0.52548482j,0.0285017-0.50723956j,-0.43110112+0.17165838j,0.15243271+0.39915801j],[0.42978035+0.11991271j,-0.17224126-0.46030424j,0.6827807-0.15164662j,0.26483638+0.0061855j]]", "databatch_0": {"databatch": "[[[-0.05012474+0.22127544j,0.12734145-0.15668901j,0.02782199+0.05051984j,-0.16151511+0.37167767j],[0.14567095+0.110306j,-0.11281021-0.05375086j,-0.01639116-0.04239441j,0.27927989+0.50898365j],[0.18634099-0.03919098j,-0.20605792-0.02393237j,0.0197494-0.07138802j,0.27750977+0.10162602j],[-0.12051519+0.06068917j,0.06497505-0.01559109j,0.00380134-0.00675199j,-0.37686039+0.1232733j]]]", "initial param values": "[1.54190494,1.64488304,0.25802847,4.70501125,5.16732394,3.51256392]", "nelder_mead": {"type": "gradient-free", "0": {"maxiter": 100, "fatol": 1e-05, "xatol": 1e-05, "duration": 0.05478382110595703, "fun": "0.26337765831225746", "nit": "100", "nfev": "158", "status": "2", "success": "False", "message": "Maximum number of iterations has been exceeded.", "x": "[1.78375693 1.80383544 0.30465218 4.13491988 3.91836881 1.50633688]", "final_simplex": "(array([[1.78375693, 1.80383544, 0.30465218, 4.13491988, 3.91836881,\n        1.50633688],\n       [1.78427578, 1.80779172, 0.30722573, 4.13737554, 3.91229079,\n        1.49233692],\n       [1.80776682, 1.79586766, 0.30822219, 4.13016023, 3.92547946,\n        1.50236534],\n       [1.79619805, 1.79814713, 0.30574845, 4.15428331, 3.95710665,\n        1.51894512],\n       [1.80743656, 1.7924077 , 0.30796997, 4.14138351, 3.94187508,\n        1.53221068],\n       [1.79847905, 1.80368136, 0.30978248, 4.14469959, 3.8637201 ,\n        1.49086443],\n       [1.79527154, 1.79721412, 0.3090438 , 4.17782688, 3.93268197,\n        1.51040857]]), array([0.26337766, 0.26345195, 0.26352075, 0.26354528, 0.26358156,\n       0.26360922, 0.26362141]))", "callback": [0.677442397559616, 0.47172185501902864, 0.4153296785076437, 0.3441597537531178, 0.27176565576499756, 0.26823873879522775, 0.26579557296996936, 0.2653217312716074, 0.26427873696288073, 0.2637763231212116]}, "1": {"maxiter": 100, "fatol": 1e-05, "xatol": 1e-10, "duration": 0.04539895057678223, "fun": "0.26337765831225746", "nit": "100", "nfev": "158", "status": "2", "success": "False", "message": "Maximum number of iterations has been exceeded.", "x": "[1.78375693 1.80383544 0.30465218 4.13491988 3.91836881 1.50633688]", "final_simplex": "(array([[1.78375693, 1.80383544, 0.30465218, 4.13491988, 3.91836881,\n        1.50633688],\n       [1.78427578, 1.80779172, 0.30722573, 4.13737554, 3.91229079,\n        1.49233692],\n       [1.80776682, 1.79586766, 0.30822219, 4.13016023, 3.92547946,\n        1.50236534],\n       [1.79619805, 1.79814713, 0.30574845, 4.15428331, 3.95710665,\n        1.51894512],\n       [1.80743656, 1.7924077 , 0.30796997, 4.14138351, 3.94187508,\n        1.53221068],\n       [1.79847905, 1.80368136, 0.30978248, 4.14469959, 3.8637201 ,\n        1.49086443],\n       [1.79527154, 1.79721412, 0.3090438 , 4.17782688, 3.93268197,\n        1.51040857]]), array([0.26337766, 0.26345195, 0.26352075, 0.26354528, 0.26358156,\n       0.26360922, 0.26362141]))", "callback": [0.677442397559616, 0.47172185501902864, 0.4153296785076437, 0.3441597537531178, 0.27176565576499756, 0.26823873879522775, 0.26579557296996936, 0.2653217312716074, 0.26427873696288073, 0.2637763231212116]}, "2": {"maxiter": 100, "fatol": 1e-10, "xatol": 1e-05, "duration": 0.050599098205566406, "fun": "0.26337765831225746", "nit": "100", "nfev": "158", "status": "2", "success": "False", "message": "Maximum number of iterations has been exceeded.", "x": "[1.78375693 1.80383544 0.30465218 4.13491988 3.91836881 1.50633688]", "final_simplex": "(array([[1.78375693, 1.80383544, 0.30465218, 4.13491988, 3.91836881,\n        1.50633688],\n       [1.78427578, 1.80779172, 0.30722573, 4.13737554, 3.91229079,\n        1.49233692],\n       [1.80776682, 1.79586766, 0.30822219, 4.13016023, 3.92547946,\n        1.50236534],\n       [1.79619805, 1.79814713, 0.30574845, 4.15428331, 3.95710665,\n        1.51894512],\n       [1.80743656, 1.7924077 , 0.30796997, 4.14138351, 3.94187508,\n        1.53221068],\n       [1.79847905, 1.80368136, 0.30978248, 4.14469959, 3.8637201 ,\n        1.49086443],\n       [1.79527154, 1.79721412, 0.3090438 , 4.17782688, 3.93268197,\n        1.51040857]]), array([0.26337766, 0.26345195, 0.26352075, 0.26354528, 0.26358156,\n       0.26360922, 0.26362141]))", "callback": [0.677442397559616, 0.47172185501902864, 0.4153296785076437, 0.3441597537531178, 0.27176565576499756, 0.26823873879522775, 0.26579557296996936, 0.2653217312716074, 0.26427873696288073, 0.2637763231212116]}, "3": {"maxiter": 100, "fatol": 1e-10, "xatol": 1e-10, "duration": 0.04897117614746094, "fun": "0.26337765831225746", "nit": "100", "nfev": "158", "status": "2", "success": "False", "message": "Maximum number of iterations has been exceeded.", "x": "[1.78375693 1.80383544 0.30465218 4.13491988 3.91836881 1.50633688]", "final_simplex": "(array([[1.78375693, 1.80383544, 0.30465218, 4.13491988, 3.91836881,\n        1.50633688],\n       [1.78427578, 1.80779172, 0.30722573, 4.13737554, 3.91229079,\n        1.49233692],\n       [1.80776682, 1.79586766, 0.30822219, 4.13016023, 3.92547946,\n        1.50236534],\n       [1.79619805, 1.79814713, 0.30574845, 4.15428331, 3.95710665,\n        1.51894512],\n       [1.80743656, 1.7924077 , 0.30796997, 4.14138351, 3.94187508,\n        1.53221068],\n       [1.79847905, 1.80368136, 0.30978248, 4.14469959, 3.8637201 ,\n        1.49086443],\n       [1.79527154, 1.79721412, 0.3090438 , 4.17782688, 3.93268197,\n        1.51040857]]), array([0.26337766, 0.26345195, 0.26352075, 0.26354528, 0.26358156,\n       0.26360922, 0.26362141]))", "callback": [0.677442397559616, 0.47172185501902864, 0.4153296785076437, 0.3441597537531178, 0.27176565576499756, 0.26823873879522775, 0.26579557296996936, 0.2653217312716074, 0.26427873696288073, 0.2637763231212116]}, "4": {"maxiter": 500, "fatol": 1e-05, "xatol": 1e-05, "duration": 0.24424505233764648, "fun": "0.18339171947188426", "nit": "500", "nfev": "776", "status": "2", "success": "False", "message": "Maximum number of iterations has been exceeded.", "x": "[ 0.76005944  0.71981102 -1.25814313  4.50369689  6.09252152  1.92118736]", "final_simplex": "(array([[ 0.76005944,  0.71981102, -1.25814313,  4.50369689,  6.09252152,\n         1.92118736],\n       [ 0.76007189,  0.71980649, -1.25813829,  4.50369675,  6.09251646,\n         1.92117872],\n       [ 0.76007805,  0.71977945, -1.25810936,  4.50369002,  6.09251605,\n         1.92121182],\n       [ 0.76009845,  0.71980991, -1.25813303,  4.50369666,  6.09247658,\n         1.92117626],\n       [ 0.76004979,  0.71980275, -1.25816291,  4.50369316,  6.09252767,\n         1.92117737],\n       [ 0.76007767,  0.71977486, -1.25812868,  4.50371317,  6.09252993,\n         1.92119591],\n       [ 0.76007453,  0.71981881, -1.25817159,  4.50371479,  6.09253055,\n         1.92119281]]), array([0.18339172, 0.18339172, 0.18339172, 0.18339172, 0.18339172,\n       0.18339172, 0.18339172]))", "callback": [0.677442397559616, 0.47172185501902864, 0.4153296785076437, 0.3441597537531178, 0.27176565576499756, 0.26823873879522775, 0.26579557296996936, 0.2653217312716074, 0.26427873696288073, 0.2637763231212116, 0.26337765831225746, 0.2631768634703773, 0.2626026420594473, 0.2598994503219467, 0.25210068968100585, 0.23554618491564083, 0.20948776650171452, 0.20551129915560895, 0.20149134674098668, 0.195984857764943, 0.1936288754141957, 0.19220794445649592, 0.19220794445649592, 0.19101699457638288, 0.1897725676477997, 0.18818713301924628, 0.18764718830956129, 0.18760305877371464, 0.18754791177270247, 0.1875243281716461, 0.18751001857816452, 0.1874780451374567, 0.1873208574049583, 0.18701305171534655, 0.18655255856424924, 0.18511227478372105, 0.1838586770736399, 0.18353784679316154, 0.18349964695720367, 0.18344690198036062, 0.18341085698990778, 0.18339674219186208, 0.18339368155812297, 0.18339217449602585, 0.1833917550173837, 0.1833917330980107, 0.18339172218100508, 0.18339172007004367, 0.183391719670722, 0.18339171959433065]}, "5": {"maxiter": 500, "fatol": 1e-05, "xatol": 1e-10, "duration": 0.2600541114807129, "fun": "0.18339171947188426", "nit": "500", "nfev": "776", "status": "2", "success": "False", "message": "Maximum number of iterations has been exceeded.", "x": "[ 0.76005944  0.71981102 -1.25814313  4.50369689  6.09252152  1.92118736]", "final_simplex": "(array([[ 0.76005944,  0.71981102, -1.25814313,  4.50369689,  6.09252152,\n         1.92118736],\n       [ 0.76007189,  0.71980649, -1.25813829,  4.50369675,  6.09251646,\n         1.92117872],\n       [ 0.76007805,  0.71977945, -1.25810936,  4.50369002,  6.09251605,\n         1.92121182],\n       [ 0.76009845,  0.71980991, -1.25813303,  4.50369666,  6.09247658,\n         1.92117626],\n       [ 0.76004979,  0.71980275, -1.25816291,  4.50369316,  6.09252767,\n         1.92117737],\n       [ 0.76007767,  0.71977486, -1.25812868,  4.50371317,  6.09252993,\n         1.92119591],\n       [ 0.76007453,  0.71981881, -1.25817159,  4.50371479,  6.09253055,\n         1.92119281]]), array([0.18339172, 0.18339172, 0.18339172, 0.18339172, 0.18339172,\n       0.18339172, 0.18339172]))", "callback": [0.677442397559616, 0.47172185501902864, 0.4153296785076437, 0.3441597537531178, 0.27176565576499756, 0.26823873879522775, 0.26579557296996936, 0.2653217312716074, 0.26427873696288073, 0.2637763231212116, 0.26337765831225746, 0.2631768634703773, 0.2626026420594473, 0.2598994503219467, 0.25210068968100585, 0.23554618491564083, 0.20948776650171452, 0.20551129915560895, 0.20149134674098668, 0.195984857764943, 0.1936288754141957, 0.19220794445649592, 0.19220794445649592, 0.19101699457638288, 0.1897725676477997, 0.18818713301924628, 0.18764718830956129, 0.18760305877371464, 0.18754791177270247, 0.1875243281716461, 0.18751001857816452, 0.1874780451374567, 0.1873208574049583, 0.18701305171534655, 0.18655255856424924, 0.18511227478372105, 0.1838586770736399, 0.18353784679316154, 0.18349964695720367, 0.18344690198036062, 0.18341085698990778, 0.18339674219186208, 0.18339368155812297, 0.18339217449602585, 0.1833917550173837, 0.1833917330980107, 0.18339172218100508, 0.18339172007004367, 0.183391719670722, 0.18339171959433065]}, "6": {"maxiter": 500, "fatol": 1e-10, "xatol": 1e-05, "duration": 0.25171518325805664, "fun": "0.18339171947188426", "nit": "500", "nfev": "776", "status": "2", "success": "False", "message": "Maximum number of iterations has been exceeded.", "x": "[ 0.76005944  0.71981102 -1.25814313  4.50369689  6.09252152  1.92118736]", "final_simplex": "(array([[ 0.76005944,  0.71981102, -1.25814313,  4.50369689,  6.09252152,\n         1.92118736],\n       [ 0.76007189,  0.71980649, -1.25813829,  4.50369675,  6.09251646,\n         1.92117872],\n       [ 0.76007805,  0.71977945, -1.25810936,  4.50369002,  6.09251605,\n         1.92121182],\n       [ 0.76009845,  0.71980991, -1.25813303,  4.50369666,  6.09247658,\n         1.92117626],\n       [ 0.76004979,  0.71980275, -1.25816291,  4.50369316,  6.09252767,\n         1.92117737],\n       [ 0.76007767,  0.71977486, -1.25812868,  4.50371317,  6.09252993,\n         1.92119591],\n       [ 0.76007453,  0.71981881, -1.25817159,  4.50371479,  6.09253055,\n         1.92119281]]), array([0.18339172, 0.18339172, 0.18339172, 0.18339172, 0.18339172,\n       0.18339172, 0.18339172]))", "callback": [0.677442397559616, 0.47172185501902864, 0.4153296785076437, 0.3441597537531178, 0.27176565576499756, 0.26823873879522775, 0.26579557296996936, 0.2653217312716074, 0.26427873696288073, 0.2637763231212116, 0.26337765831225746, 0.2631768634703773, 0.2626026420594473, 0.2598994503219467, 0.25210068968100585, 0.23554618491564083, 0.20948776650171452, 0.20551129915560895, 0.20149134674098668, 0.195984857764943, 0.1936288754141957, 0.19220794445649592, 0.19220794445649592, 0.19101699457638288, 0.1897725676477997, 0.18818713301924628, 0.18764718830956129, 0.18760305877371464, 0.18754791177270247, 0.1875243281716461, 0.18751001857816452, 0.1874780451374567, 0.1873208574049583, 0.18701305171534655, 0.18655255856424924, 0.18511227478372105, 0.1838586770736399, 0.18353784679316154, 0.18349964695720367, 0.18344690198036062, 0.18341085698990778, 0.18339674219186208, 0.18339368155812297, 0.18339217449602585, 0.1833917550173837, 0.1833917330980107, 0.18339172218100508, 0.18339172007004367, 0.183391719670722, 0.18339171959433065]}, "7": {"maxiter": 500, "fatol": 1e-10, "xatol": 1e-10, "duration": 0.24618101119995117, "fun": "0.18339171947188426", "nit": "500", "nfev": "776", "status": "2", "success": "False", "message": "Maximum number of iterations has been exceeded.", "x": "[ 0.76005944  0.71981102 -1.25814313  4.50369689  6.09252152  1.92118736]", "final_simplex": "(array([[ 0.76005944,  0.71981102, -1.25814313,  4.50369689,  6.09252152,\n         1.92118736],\n       [ 0.76007189,  0.71980649, -1.25813829,  4.50369675,  6.09251646,\n         1.92117872],\n       [ 0.76007805,  0.71977945, -1.25810936,  4.50369002,  6.09251605,\n         1.92121182],\n       [ 0.76009845,  0.71980991, -1.25813303,  4.50369666,  6.09247658,\n         1.92117626],\n       [ 0.76004979,  0.71980275, -1.25816291,  4.50369316,  6.09252767,\n         1.92117737],\n       [ 0.76007767,  0.71977486, -1.25812868,  4.50371317,  6.09252993,\n         1.92119591],\n       [ 0.76007453,  0.71981881, -1.25817159,  4.50371479,  6.09253055,\n         1.92119281]]), array([0.18339172, 0.18339172, 0.18339172, 0.18339172, 0.18339172,\n       0.18339172, 0.18339172]))", "callback": [0.677442397559616, 0.47172185501902864, 0.4153296785076437, 0.3441597537531178, 0.27176565576499756, 0.26823873879522775, 0.26579557296996936, 0.2653217312716074, 0.26427873696288073, 0.2637763231212116, 0.26337765831225746, 0.2631768634703773, 0.2626026420594473, 0.2598994503219467, 0.25210068968100585, 0.23554618491564083, 0.20948776650171452, 0.20551129915560895, 0.20149134674098668, 0.195984857764943, 0.1936288754141957, 0.19220794445649592, 0.19220794445649592, 0.19101699457638288, 0.1897725676477997, 0.18818713301924628, 0.18764718830956129, 0.18760305877371464, 0.18754791177270247, 0.1875243281716461, 0.18751001857816452, 0.1874780451374567, 0.1873208574049583, 0.18701305171534655, 0.18655255856424924, 0.18511227478372105, 0.1838586770736399, 0.18353784679316154, 0.18349964695720367, 0.18344690198036062, 0.18341085698990778, 0.18339674219186208, 0.18339368155812297, 0.18339217449602585, 0.1833917550173837, 0.1833917330980107, 0.18339172218100508, 0.18339172007004367, 0.183391719670722, 0.18339171959433065]}, "8": {"maxiter": 1000, "fatol": 1e-05, "xatol": 1e-05, "duration": 0.2813708782196045, "fun": "0.18339171946476895", "nit": "529", "nfev": "822", "status": "0", "success": "True", "message": "Optimization terminated successfully.", "x": "[ 0.76006125  0.71981587 -1.25814467  4.50369882  6.09251812  1.92117918]", "final_simplex": "(array([[ 0.76006125,  0.71981587, -1.25814467,  4.50369882,  6.09251812,\n         1.92117918],\n       [ 0.76005872,  0.71981469, -1.2581464 ,  4.50370114,  6.09252178,\n         1.9211826 ],\n       [ 0.76005966,  0.71980935, -1.25813962,  4.50369775,  6.09252121,\n         1.92118404],\n       [ 0.76006346,  0.71981538, -1.25814067,  4.50369682,  6.09250897,\n         1.92118063],\n       [ 0.76006277,  0.71981168, -1.25813985,  4.50370017,  6.09252023,\n         1.92118355],\n       [ 0.76006155,  0.71981392, -1.25814224,  4.5036977 ,  6.09251815,\n         1.92118326],\n       [ 0.76006229,  0.71981179, -1.25814702,  4.50370111,  6.09251869,\n         1.92118412]]), array([0.18339172, 0.18339172, 0.18339172, 0.18339172, 0.18339172,\n       0.18339172, 0.18339172]))", "callback": [0.677442397559616, 0.47172185501902864, 0.4153296785076437, 0.3441597537531178, 0.27176565576499756, 0.26823873879522775, 0.26579557296996936, 0.2653217312716074, 0.26427873696288073, 0.2637763231212116, 0.26337765831225746, 0.2631768634703773, 0.2626026420594473, 0.2598994503219467, 0.25210068968100585, 0.23554618491564083, 0.20948776650171452, 0.20551129915560895, 0.20149134674098668, 0.195984857764943, 0.1936288754141957, 0.19220794445649592, 0.19220794445649592, 0.19101699457638288, 0.1897725676477997, 0.18818713301924628, 0.18764718830956129, 0.18760305877371464, 0.18754791177270247, 0.1875243281716461, 0.18751001857816452, 0.1874780451374567, 0.1873208574049583, 0.18701305171534655, 0.18655255856424924, 0.18511227478372105, 0.1838586770736399, 0.18353784679316154, 0.18349964695720367, 0.18344690198036062, 0.18341085698990778, 0.18339674219186208, 0.18339368155812297, 0.18339217449602585, 0.1833917550173837, 0.1833917330980107, 0.18339172218100508, 0.18339172007004367, 0.183391719670722, 0.18339171959433065, 0.18339171947188426, 0.18339171947069322, 0.18339171946538746]}, "9": {"maxiter": 1000, "fatol": 1e-05, "xatol": 1e-10, "duration": 0.3396639823913574, "fun": "0.1833917194625787", "nit": "627", "nfev": "1035", "status": "0", "success": "True", "message": "Optimization terminated successfully.", "x": "[ 0.76006105  0.71981185 -1.25814251  4.50370089  6.09251748  1.92118195]", "final_simplex": "(array([[ 0.76006105,  0.71981185, -1.25814251,  4.50370089,  6.09251748,\n         1.92118195],\n       [ 0.76006105,  0.71981185, -1.25814251,  4.50370089,  6.09251748,\n         1.92118195],\n       [ 0.76006105,  0.71981185, -1.25814251,  4.50370089,  6.09251748,\n         1.92118195],\n       [ 0.76006105,  0.71981185, -1.25814251,  4.50370089,  6.09251748,\n         1.92118195],\n       [ 0.76006105,  0.71981185, -1.25814251,  4.50370089,  6.09251748,\n         1.92118195],\n       [ 0.76006105,  0.71981185, -1.25814251,  4.50370089,  6.09251748,\n         1.92118195],\n       [ 0.76006105,  0.71981185, -1.25814251,  4.50370089,  6.09251748,\n         1.92118195]]), array([0.18339172, 0.18339172, 0.18339172, 0.18339172, 0.18339172,\n       0.18339172, 0.18339172]))", "callback": [0.677442397559616, 0.47172185501902864, 0.4153296785076437, 0.3441597537531178, 0.27176565576499756, 0.26823873879522775, 0.26579557296996936, 0.2653217312716074, 0.26427873696288073, 0.2637763231212116, 0.26337765831225746, 0.2631768634703773, 0.2626026420594473, 0.2598994503219467, 0.25210068968100585, 0.23554618491564083, 0.20948776650171452, 0.20551129915560895, 0.20149134674098668, 0.195984857764943, 0.1936288754141957, 0.19220794445649592, 0.19220794445649592, 0.19101699457638288, 0.1897725676477997, 0.18818713301924628, 0.18764718830956129, 0.18760305877371464, 0.18754791177270247, 0.1875243281716461, 0.18751001857816452, 0.1874780451374567, 0.1873208574049583, 0.18701305171534655, 0.18655255856424924, 0.18511227478372105, 0.1838586770736399, 0.18353784679316154, 0.18349964695720367, 0.18344690198036062, 0.18341085698990778, 0.18339674219186208, 0.18339368155812297, 0.18339217449602585, 0.1833917550173837, 0.1833917330980107, 0.18339172218100508, 0.18339172007004367, 0.183391719670722, 0.18339171959433065, 0.18339171947188426, 0.18339171947069322, 0.18339171946538746, 0.18339171946275834, 0.18339171946275834, 0.18339171946269195, 0.18339171946259425, 0.18339171946258082, 0.18339171946257926, 0.18339171946257893, 0.1833917194625787, 0.1833917194625787, 0.1833917194625787]}, "10": {"maxiter": 1000, "fatol": 1e-10, "xatol": 1e-05, "duration": 0.2649531364440918, "fun": "0.18339171946476895", "nit": "529", "nfev": "822", "status": "0", "success": "True", "message": "Optimization terminated successfully.", "x": "[ 0.76006125  0.71981587 -1.25814467  4.50369882  6.09251812  1.92117918]", "final_simplex": "(array([[ 0.76006125,  0.71981587, -1.25814467,  4.50369882,  6.09251812,\n         1.92117918],\n       [ 0.76005872,  0.71981469, -1.2581464 ,  4.50370114,  6.09252178,\n         1.9211826 ],\n       [ 0.76005966,  0.71980935, -1.25813962,  4.50369775,  6.09252121,\n         1.92118404],\n       [ 0.76006346,  0.71981538, -1.25814067,  4.50369682,  6.09250897,\n         1.92118063],\n       [ 0.76006277,  0.71981168, -1.25813985,  4.50370017,  6.09252023,\n         1.92118355],\n       [ 0.76006155,  0.71981392, -1.25814224,  4.5036977 ,  6.09251815,\n         1.92118326],\n       [ 0.76006229,  0.71981179, -1.25814702,  4.50370111,  6.09251869,\n         1.92118412]]), array([0.18339172, 0.18339172, 0.18339172, 0.18339172, 0.18339172,\n       0.18339172, 0.18339172]))", "callback": [0.677442397559616, 0.47172185501902864, 0.4153296785076437, 0.3441597537531178, 0.27176565576499756, 0.26823873879522775, 0.26579557296996936, 0.2653217312716074, 0.26427873696288073, 0.2637763231212116, 0.26337765831225746, 0.2631768634703773, 0.2626026420594473, 0.2598994503219467, 0.25210068968100585, 0.23554618491564083, 0.20948776650171452, 0.20551129915560895, 0.20149134674098668, 0.195984857764943, 0.1936288754141957, 0.19220794445649592, 0.19220794445649592, 0.19101699457638288, 0.1897725676477997, 0.18818713301924628, 0.18764718830956129, 0.18760305877371464, 0.18754791177270247, 0.1875243281716461, 0.18751001857816452, 0.1874780451374567, 0.1873208574049583, 0.18701305171534655, 0.18655255856424924, 0.18511227478372105, 0.1838586770736399, 0.18353784679316154, 0.18349964695720367, 0.18344690198036062, 0.18341085698990778, 0.18339674219186208, 0.18339368155812297, 0.18339217449602585, 0.1833917550173837, 0.1833917330980107, 0.18339172218100508, 0.18339172007004367, 0.183391719670722, 0.18339171959433065, 0.18339171947188426, 0.18339171947069322, 0.18339171946538746]}, "11": {"maxiter": 1000, "fatol": 1e-10, "xatol": 1e-10, "duration": 0.3290708065032959, "fun": "0.1833917194625787", "nit": "627", "nfev": "1035", "status": "0", "success": "True", "message": "Optimization terminated successfully.", "x": "[ 0.76006105  0.71981185 -1.25814251  4.50370089  6.09251748  1.92118195]", "final_simplex": "(array([[ 0.76006105,  0.71981185, -1.25814251,  4.50370089,  6.09251748,\n         1.92118195],\n       [ 0.76006105,  0.71981185, -1.25814251,  4.50370089,  6.09251748,\n         1.92118195],\n       [ 0.76006105,  0.71981185, -1.25814251,  4.50370089,  6.09251748,\n         1.92118195],\n       [ 0.76006105,  0.71981185, -1.25814251,  4.50370089,  6.09251748,\n         1.92118195],\n       [ 0.76006105,  0.71981185, -1.25814251,  4.50370089,  6.09251748,\n         1.92118195],\n       [ 0.76006105,  0.71981185, -1.25814251,  4.50370089,  6.09251748,\n         1.92118195],\n       [ 0.76006105,  0.71981185, -1.25814251,  4.50370089,  6.09251748,\n         1.92118195]]), array([0.18339172, 0.18339172, 0.18339172, 0.18339172, 0.18339172,\n       0.18339172, 0.18339172]))", "callback": [0.677442397559616, 0.47172185501902864, 0.4153296785076437, 0.3441597537531178, 0.27176565576499756, 0.26823873879522775, 0.26579557296996936, 0.2653217312716074, 0.26427873696288073, 0.2637763231212116, 0.26337765831225746, 0.2631768634703773, 0.2626026420594473, 0.2598994503219467, 0.25210068968100585, 0.23554618491564083, 0.20948776650171452, 0.20551129915560895, 0.20149134674098668, 0.195984857764943, 0.1936288754141957, 0.19220794445649592, 0.19220794445649592, 0.19101699457638288, 0.1897725676477997, 0.18818713301924628, 0.18764718830956129, 0.18760305877371464, 0.18754791177270247, 0.1875243281716461, 0.18751001857816452, 0.1874780451374567, 0.1873208574049583, 0.18701305171534655, 0.18655255856424924, 0.18511227478372105, 0.1838586770736399, 0.18353784679316154, 0.18349964695720367, 0.18344690198036062, 0.18341085698990778, 0.18339674219186208, 0.18339368155812297, 0.18339217449602585, 0.1833917550173837, 0.1833917330980107, 0.18339172218100508, 0.18339172007004367, 0.183391719670722, 0.18339171959433065, 0.18339171947188426, 0.18339171947069322, 0.18339171946538746, 0.18339171946275834, 0.18339171946275834, 0.18339171946269195, 0.18339171946259425, 0.18339171946258082, 0.18339171946257926, 0.18339171946257893, 0.1833917194625787, 0.1833917194625787, 0.1833917194625787]}}, "bfgs": {"type": "gradient", "0": {"maxiter": 100, "gtol": 1e-05, "xrtol": 1e-05, "eps": 1e-05, "duration": 0.07116580009460449, "fun": "0.18339171988365333", "jac": "[-5.95993255e-06 -6.36881659e-06  1.38615786e-06  8.99934571e-06\n -3.63745700e-06 -5.45675727e-06]", "hess_inv": "[[ 10.4014082    0.46291784   6.5643981   -1.82223051 -11.06697063\n    0.91166818]\n [  0.46291784  12.14922676  -8.60082427   1.34899302  -2.87559811\n   -6.32139627]\n [  6.5643981   -8.60082427  18.98381902  -7.35839211  -9.24041692\n    5.19763223]\n [ -1.82223051   1.34899302  -7.35839211   6.60023323   5.62570277\n   -0.81959515]\n [-11.06697063  -2.87559811  -9.24041692   5.62570277  19.69270997\n    0.56735831]\n [  0.91166818  -6.32139627   5.19763223  -0.81959515   0.56735831\n    5.95919282]]", "nfev": "210", "njev": "30", "status": "0", "success": "True", "message": "Optimization terminated successfully.", "x": "[ 0.75999984  0.71977242 -1.25817814  4.50374191  6.09258218  1.92117248]", "nit": "28", "callback": [0.48841448102647067, 0.3581438906632225, 0.3166632064433872, 0.28330085172483965, 0.24960186799726247, 0.2423231458151296, 0.2308596333962898, 0.22051262962387774, 0.21599287863998806, 0.20922871185826641, 0.20388484866915224, 0.1980114757973488, 0.19149242836289204, 0.19082773956670573, 0.18988036039740108, 0.1888313966577133, 0.18727486329055165, 0.1853180795515036, 0.184033708493064, 0.1835872026460763, 0.18346799322907792, 0.18343890510183292, 0.18341773143597195, 0.1833975307665361, 0.1833933026364044, 0.18339191368136099, 0.18339173516684415, 0.18339171988365333]}, "1": {"maxiter": 100, "gtol": 1e-05, "xrtol": 1e-05, "eps": 1e-10, "duration": 0.0619809627532959, "fun": "0.18339171955072608", "jac": "[-1.11022293e-06  0.00000000e+00 -3.33066880e-06  4.44089173e-06\n  2.22044587e-06  1.11022293e-06]", "hess_inv": "[[ 10.2564796    0.91703202   6.28268798  -1.99452014 -11.02212352\n    0.99500034]\n [  0.91703202  12.41662051  -8.72384564   1.32036605  -2.67306219\n   -6.15706465]\n [  6.28268798  -8.72384564  19.63398412  -7.60094905  -9.67222569\n    5.32538499]\n [ -1.99452014   1.32036605  -7.60094905   6.75628563   5.84530947\n   -0.90828279]\n [-11.02212352  -2.67306219  -9.67222569   5.84530947  19.85582337\n    0.20346947]\n [  0.99500034  -6.15706465   5.32538499  -0.90828279   0.20346947\n    5.68663125]]", "nfev": "217", "njev": "31", "status": "0", "success": "True", "message": "Optimization terminated successfully.", "x": "[ 0.76002926  0.71982039 -1.25819199  4.50373019  6.09256235  1.92117067]", "nit": "29", "callback": [0.48841801881333213, 0.3581458253861396, 0.31666616521182034, 0.283303434942879, 0.24960412437137314, 0.24232456230708588, 0.23086042507386706, 0.22051456035051187, 0.21599266805497808, 0.20922656237783244, 0.20388578084476183, 0.19800904667700814, 0.19148823617805988, 0.19074918270268848, 0.18978479909378398, 0.1888207835457929, 0.18728615934050374, 0.18532040095007962, 0.1839670234719788, 0.18355511591451001, 0.1834601815832051, 0.18343173603542506, 0.1834143974570055, 0.18339751520396963, 0.18339309579595375, 0.18339192072208887, 0.18339173826548172, 0.18339172036890028, 0.18339171955072608]}, "2": {"maxiter": 100, "gtol": 1e-05, "xrtol": 1e-10, "eps": 1e-05, "duration": 0.06571578979492188, "fun": "0.18339171988365333", "jac": "[-5.95993255e-06 -6.36881659e-06  1.38615786e-06  8.99934571e-06\n -3.63745700e-06 -5.45675727e-06]", "hess_inv": "[[ 10.4014082    0.46291784   6.5643981   -1.82223051 -11.06697063\n    0.91166818]\n [  0.46291784  12.14922676  -8.60082427   1.34899302  -2.87559811\n   -6.32139627]\n [  6.5643981   -8.60082427  18.98381902  -7.35839211  -9.24041692\n    5.19763223]\n [ -1.82223051   1.34899302  -7.35839211   6.60023323   5.62570277\n   -0.81959515]\n [-11.06697063  -2.87559811  -9.24041692   5.62570277  19.69270997\n    0.56735831]\n [  0.91166818  -6.32139627   5.19763223  -0.81959515   0.56735831\n    5.95919282]]", "nfev": "210", "njev": "30", "status": "0", "success": "True", "message": "Optimization terminated successfully.", "x": "[ 0.75999984  0.71977242 -1.25817814  4.50374191  6.09258218  1.92117248]", "nit": "28", "callback": [0.48841448102647067, 0.3581438906632225, 0.3166632064433872, 0.28330085172483965, 0.24960186799726247, 0.2423231458151296, 0.2308596333962898, 0.22051262962387774, 0.21599287863998806, 0.20922871185826641, 0.20388484866915224, 0.1980114757973488, 0.19149242836289204, 0.19082773956670573, 0.18988036039740108, 0.1888313966577133, 0.18727486329055165, 0.1853180795515036, 0.184033708493064, 0.1835872026460763, 0.18346799322907792, 0.18343890510183292, 0.18341773143597195, 0.1833975307665361, 0.1833933026364044, 0.18339191368136099, 0.18339173516684415, 0.18339171988365333]}, "3": {"maxiter": 100, "gtol": 1e-05, "xrtol": 1e-10, "eps": 1e-10, "duration": 0.07823705673217773, "fun": "0.18339171955072608", "jac": "[-1.11022293e-06  0.00000000e+00 -3.33066880e-06  4.44089173e-06\n  2.22044587e-06  1.11022293e-06]", "hess_inv": "[[ 10.2564796    0.91703202   6.28268798  -1.99452014 -11.02212352\n    0.99500034]\n [  0.91703202  12.41662051  -8.72384564   1.32036605  -2.67306219\n   -6.15706465]\n [  6.28268798  -8.72384564  19.63398412  -7.60094905  -9.67222569\n    5.32538499]\n [ -1.99452014   1.32036605  -7.60094905   6.75628563   5.84530947\n   -0.90828279]\n [-11.02212352  -2.67306219  -9.67222569   5.84530947  19.85582337\n    0.20346947]\n [  0.99500034  -6.15706465   5.32538499  -0.90828279   0.20346947\n    5.68663125]]", "nfev": "217", "njev": "31", "status": "0", "success": "True", "message": "Optimization terminated successfully.", "x": "[ 0.76002926  0.71982039 -1.25819199  4.50373019  6.09256235  1.92117067]", "nit": "29", "callback": [0.48841801881333213, 0.3581458253861396, 0.31666616521182034, 0.283303434942879, 0.24960412437137314, 0.24232456230708588, 0.23086042507386706, 0.22051456035051187, 0.21599266805497808, 0.20922656237783244, 0.20388578084476183, 0.19800904667700814, 0.19148823617805988, 0.19074918270268848, 0.18978479909378398, 0.1888207835457929, 0.18728615934050374, 0.18532040095007962, 0.1839670234719788, 0.18355511591451001, 0.1834601815832051, 0.18343173603542506, 0.1834143974570055, 0.18339751520396963, 0.18339309579595375, 0.18339192072208887, 0.18339173826548172, 0.18339172036890028, 0.18339171955072608]}, "4": {"maxiter": 100, "gtol": 1e-10, "xrtol": 1e-05, "eps": 1e-05, "duration": 0.0729970932006836, "fun": "0.18339171948863453", "jac": "[ 2.18192131e-07 -3.84581256e-07  1.84763316e-07  6.54742927e-07\n  1.03483888e-07 -6.67754740e-07]", "hess_inv": "[[ 10.82081491   0.96606773   6.88413781  -2.49442686 -11.78230842\n    0.96677507]\n [  0.96606773  12.63137447  -8.26950673   0.74798005  -3.5260789\n   -6.32023833]\n [  6.88413781  -8.26950673  19.19479713  -7.76663789  -9.69711509\n    5.21186309]\n [ -2.49442686   0.74798005  -7.76663789   7.3058942    6.4220951\n   -0.79833897]\n [-11.78230842  -3.5260789   -9.69711509   6.4220951   20.55762016\n    0.58443819]\n [  0.96677507  -6.32023833   5.21186309  -0.79833897   0.58443819\n    5.93169862]]", "nfev": "231", "njev": "33", "status": "0", "success": "True", "message": "Optimization terminated successfully.", "x": "[ 0.76004545  0.7198142  -1.25815466  4.50369949  6.09252611  1.92117164]", "nit": "30", "callback": [0.48841448102647067, 0.3581438906632225, 0.3166632064433872, 0.28330085172483965, 0.24960186799726247, 0.2423231458151296, 0.2308596333962898, 0.22051262962387774, 0.21599287863998806, 0.20922871185826641, 0.20388484866915224, 0.1980114757973488, 0.19149242836289204, 0.19082773956670573, 0.18988036039740108, 0.1888313966577133, 0.18727486329055165, 0.1853180795515036, 0.184033708493064, 0.1835872026460763, 0.18346799322907792, 0.18343890510183292, 0.18341773143597195, 0.1833975307665361, 0.1833933026364044, 0.18339191368136099, 0.18339173516684415, 0.18339171988365333, 0.18339171948933664, 0.18339171948863453]}, "5": {"maxiter": 100, "gtol": 1e-10, "xrtol": 1e-05, "eps": 1e-10, "duration": 0.06639480590820312, "fun": "0.1833917194791186", "jac": "[0.00000000e+00 2.22044587e-06 1.11022293e-06 1.11022293e-06\n 1.11022293e-06 0.00000000e+00]", "hess_inv": "[[ 9.31993969  3.09892393  3.38044935 -1.41588615 -8.88275715  0.87046967]\n [ 3.09892393 12.83511557 -5.2963994  -1.28915968 -6.2648969  -5.54643052]\n [ 3.38044935 -5.2963994  12.66063541 -5.04338751 -3.88629406  4.74525066]\n [-1.41588615 -1.28915968 -5.04338751  6.68801422  4.20427964 -0.90483049]\n [-8.88275715 -6.2648969  -3.88629406  4.20427964 15.3211614   0.56905043]\n [ 0.87046967 -5.54643052  4.74525066 -0.90483049  0.56905043  5.68874429]]", "nfev": "231", "njev": "33", "status": "0", "success": "True", "message": "Optimization terminated successfully.", "x": "[ 0.76005031  0.71982562 -1.25815965  4.50370475  6.09252801  1.92117663]", "nit": "30", "callback": [0.48841801881333213, 0.3581458253861396, 0.31666616521182034, 0.283303434942879, 0.24960412437137314, 0.24232456230708588, 0.23086042507386706, 0.22051456035051187, 0.21599266805497808, 0.20922656237783244, 0.20388578084476183, 0.19800904667700814, 0.19148823617805988, 0.19074918270268848, 0.18978479909378398, 0.1888207835457929, 0.18728615934050374, 0.18532040095007962, 0.1839670234719788, 0.18355511591451001, 0.1834601815832051, 0.18343173603542506, 0.1834143974570055, 0.18339751520396963, 0.18339309579595375, 0.18339192072208887, 0.18339173826548172, 0.18339172036890028, 0.18339171955072608, 0.1833917194791186]}, "6": {"maxiter": 100, "gtol": 1e-10, "xrtol": 1e-10, "eps": 1e-05, "duration": 0.1645200252532959, "fun": "0.18339171948861765", "jac": "[ 1.92657001e-07 -3.38706840e-07  1.62991842e-07  5.77682346e-07\n  9.12048215e-08 -5.88418203e-07]", "hess_inv": "[[ 10.76749348   0.80463479   6.77078406  -2.1888035  -11.51139726\n    0.90192587]\n [  0.80463479  12.55016964  -8.29813517   0.7917578   -3.34884488\n   -6.32061655]\n [  6.77078406  -8.29813517  19.1964544   -7.79696237  -9.61729833\n    5.22521776]\n [ -2.1888035    0.7917578   -7.79696237   7.46007597   6.25967524\n   -0.85042397]\n [-11.51139726  -3.34884488  -9.61729833   6.25967524  20.195407\n    0.60479914]\n [  0.90192587  -6.32061655   5.22521776  -0.85042397   0.60479914\n    5.94704346]]", "nfev": "523", "njev": "73", "status": "2", "success": "False", "message": "Desired error not necessarily achieved due to precision loss.", "x": "[ 0.76004545  0.71981442 -1.25815449  4.50369903  6.09252577  1.92117175]", "nit": "31", "callback": [0.48841448102647067, 0.3581438906632225, 0.3166632064433872, 0.28330085172483965, 0.24960186799726247, 0.2423231458151296, 0.2308596333962898, 0.22051262962387774, 0.21599287863998806, 0.20922871185826641, 0.20388484866915224, 0.1980114757973488, 0.19149242836289204, 0.19082773956670573, 0.18988036039740108, 0.1888313966577133, 0.18727486329055165, 0.1853180795515036, 0.184033708493064, 0.1835872026460763, 0.18346799322907792, 0.18343890510183292, 0.18341773143597195, 0.1833975307665361, 0.1833933026364044, 0.18339191368136099, 0.18339173516684415, 0.18339171988365333, 0.18339171948933664, 0.18339171948863453, 0.18339171948861765]}, "7": {"maxiter": 100, "gtol": 1e-10, "xrtol": 1e-10, "eps": 1e-10, "duration": 0.1927030086517334, "fun": "0.18339171947011113", "jac": "[0.00000000e+00 0.00000000e+00 0.00000000e+00 1.11022293e-06\n 0.00000000e+00 0.00000000e+00]", "hess_inv": "[[ 0.3854908  -0.26490983 -0.29329535  0.15450135  0.23459901 -0.24743743]\n [-0.26490983  0.20322772  0.20304477 -0.10535818 -0.1772567   0.17472572]\n [-0.29329535  0.20304477  0.22917659 -0.1227554  -0.18336333  0.19147999]\n [ 0.15450135 -0.10535818 -0.1227554   0.07002007  0.09922086 -0.10601991]\n [ 0.23459901 -0.1772567  -0.18336333  0.09922086  0.16086483 -0.15991563]\n [-0.24743743  0.17472572  0.19147999 -0.10601991 -0.15991563  0.16843065]]", "nfev": "613", "njev": "86", "status": "2", "success": "False", "message": "Desired error not necessarily achieved due to precision loss.", "x": "[ 0.76005382  0.71981894 -1.25815745  4.50370357  6.092525    1.92117892]", "nit": "42", "callback": [0.48841801881333213, 0.3581458253861396, 0.31666616521182034, 0.283303434942879, 0.24960412437137314, 0.24232456230708588, 0.23086042507386706, 0.22051456035051187, 0.21599266805497808, 0.20922656237783244, 0.20388578084476183, 0.19800904667700814, 0.19148823617805988, 0.19074918270268848, 0.18978479909378398, 0.1888207835457929, 0.18728615934050374, 0.18532040095007962, 0.1839670234719788, 0.18355511591451001, 0.1834601815832051, 0.18343173603542506, 0.1834143974570055, 0.18339751520396963, 0.18339309579595375, 0.18339192072208887, 0.18339173826548172, 0.18339172036890028, 0.18339171955072608, 0.1833917194791186, 0.1833917194715663, 0.1833917194715151, 0.1833917194714907, 0.18339171947123356, 0.1833917194710759, 0.18339171947101085, 0.18339171947093247, 0.18339171947091026, 0.18339171947088628, 0.1833917194708814, 0.18339171947016875, 0.18339171947011113]}, "8": {"maxiter": 500, "gtol": 1e-05, "xrtol": 1e-05, "eps": 1e-05, "duration": 0.07058119773864746, "fun": "0.18339171988365333", "jac": "[-5.95993255e-06 -6.36881659e-06  1.38615786e-06  8.99934571e-06\n -3.63745700e-06 -5.45675727e-06]", "hess_inv": "[[ 10.4014082    0.46291784   6.5643981   -1.82223051 -11.06697063\n    0.91166818]\n [  0.46291784  12.14922676  -8.60082427   1.34899302  -2.87559811\n   -6.32139627]\n [  6.5643981   -8.60082427  18.98381902  -7.35839211  -9.24041692\n    5.19763223]\n [ -1.82223051   1.34899302  -7.35839211   6.60023323   5.62570277\n   -0.81959515]\n [-11.06697063  -2.87559811  -9.24041692   5.62570277  19.69270997\n    0.56735831]\n [  0.91166818  -6.32139627   5.19763223  -0.81959515   0.56735831\n    5.95919282]]", "nfev": "210", "njev": "30", "status": "0", "success": "True", "message": "Optimization terminated successfully.", "x": "[ 0.75999984  0.71977242 -1.25817814  4.50374191  6.09258218  1.92117248]", "nit": "28", "callback": [0.48841448102647067, 0.3581438906632225, 0.3166632064433872, 0.28330085172483965, 0.24960186799726247, 0.2423231458151296, 0.2308596333962898, 0.22051262962387774, 0.21599287863998806, 0.20922871185826641, 0.20388484866915224, 0.1980114757973488, 0.19149242836289204, 0.19082773956670573, 0.18988036039740108, 0.1888313966577133, 0.18727486329055165, 0.1853180795515036, 0.184033708493064, 0.1835872026460763, 0.18346799322907792, 0.18343890510183292, 0.18341773143597195, 0.1833975307665361, 0.1833933026364044, 0.18339191368136099, 0.18339173516684415, 0.18339171988365333]}, "9": {"maxiter": 500, "gtol": 1e-05, "xrtol": 1e-05, "eps": 1e-10, "duration": 0.0727529525756836, "fun": "0.18339171955072608", "jac": "[-1.11022293e-06  0.00000000e+00 -3.33066880e-06  4.44089173e-06\n  2.22044587e-06  1.11022293e-06]", "hess_inv": "[[ 10.2564796    0.91703202   6.28268798  -1.99452014 -11.02212352\n    0.99500034]\n [  0.91703202  12.41662051  -8.72384564   1.32036605  -2.67306219\n   -6.15706465]\n [  6.28268798  -8.72384564  19.63398412  -7.60094905  -9.67222569\n    5.32538499]\n [ -1.99452014   1.32036605  -7.60094905   6.75628563   5.84530947\n   -0.90828279]\n [-11.02212352  -2.67306219  -9.67222569   5.84530947  19.85582337\n    0.20346947]\n [  0.99500034  -6.15706465   5.32538499  -0.90828279   0.20346947\n    5.68663125]]", "nfev": "217", "njev": "31", "status": "0", "success": "True", "message": "Optimization terminated successfully.", "x": "[ 0.76002926  0.71982039 -1.25819199  4.50373019  6.09256235  1.92117067]", "nit": "29", "callback": [0.48841801881333213, 0.3581458253861396, 0.31666616521182034, 0.283303434942879, 0.24960412437137314, 0.24232456230708588, 0.23086042507386706, 0.22051456035051187, 0.21599266805497808, 0.20922656237783244, 0.20388578084476183, 0.198