{"date": "2024/10/08/, 15:10:30", "conf_id": 7, "data_type": "random\n", "num_data_points": 1, "s_rank": 0, "unitary": "[[0.18663085-0.53122324j,-0.11886349-0.70040876j,0.28555095-0.02789305j,-0.12262021-0.2844587j],[-0.16702216+0.27758472j,0.27526351-0.29738586j,-0.01109314+0.22495461j,-0.77239203+0.28900673j],[0.61935415+0.12301792j,-0.31269928-0.03315917j,-0.61902762-0.19039079j,-0.27120731-0.0968989j],[0.42341754+0.0023929j,-0.05847358+0.47832119j,0.64900495-0.16218422j,-0.37182676-0.05229966j]]", "databatch_0": {"databatch": "[[[0.15886146+0.0610829j,0.07932448+0.02639176j,0.07338829+0.00374489j,-0.07714906-0.02806378j],[0.48686462+0.0135062j,0.14521341+0.04967288j,0.0622276+0.10469281j,-0.21623799-0.10218724j],[0.38315917-0.12754217j,0.16841432-0.08746805j,0.0978711-0.12289051j,-0.16188911+0.06284061j],[-0.20485272+0.24791507j,0.10587479+0.22720328j,0.39303651+0.18255967j,-0.0976712-0.03953698j]]]", "initial param values": "[3.09240508,4.96524255,1.93607243,3.22901127,3.10540174,6.25153142]", "nelder_mead": {"type": "gradient-free", "0": {"maxiter": 100, "fatol": 1e-05, "xatol": 1e-05, "duration": 0.04078817367553711, "fun": "0.21642713665596858", "nit": "100", "nfev": "151", "status": "2", "success": "False", "message": "Maximum number of iterations has been exceeded.", "x": "[0.57961949 8.445559   1.58176727 2.53244577 3.61400142 5.49470046]", "final_simplex": "(array([[0.57961949, 8.445559  , 1.58176727, 2.53244577, 3.61400142,\n        5.49470046],\n       [0.83456256, 8.29029169, 1.5582769 , 2.6897818 , 3.65245627,\n        5.47312006],\n       [0.65003644, 8.32863586, 1.44841387, 2.63842862, 3.66276674,\n        5.54995326],\n       [0.59613904, 8.41454711, 1.3953388 , 2.53802462, 3.64465433,\n        5.47416197],\n       [0.68375887, 8.37953812, 1.46145208, 2.6639656 , 3.59404344,\n        5.38951424],\n       [0.53848269, 8.49657076, 1.41602991, 2.53583686, 3.52678336,\n        5.6663582 ],\n       [0.77393843, 8.31919901, 1.50121076, 2.57371893, 3.50529363,\n        5.49212562]]), array([0.21642714, 0.21957142, 0.2252678 , 0.23026769, 0.23050308,\n       0.23059136, 0.23558634]))", "callback": [0.887424709252184, 0.7565860218260401, 0.6989197819179005, 0.5842754863441804, 0.5740452786655237, 0.47325889232393115, 0.35190006437482624, 0.2545934771462963, 0.249541133265909, 0.23888475977441304]}, "1": {"maxiter": 100, "fatol": 1e-05, "xatol": 1e-10, "duration": 0.04345893859863281, "fun": "0.21642713665596858", "nit": "100", "nfev": "151", "status": "2", "success": "False", "message": "Maximum number of iterations has been exceeded.", "x": "[0.57961949 8.445559   1.58176727 2.53244577 3.61400142 5.49470046]", "final_simplex": "(array([[0.57961949, 8.445559  , 1.58176727, 2.53244577, 3.61400142,\n        5.49470046],\n       [0.83456256, 8.29029169, 1.5582769 , 2.6897818 , 3.65245627,\n        5.47312006],\n       [0.65003644, 8.32863586, 1.44841387, 2.63842862, 3.66276674,\n        5.54995326],\n       [0.59613904, 8.41454711, 1.3953388 , 2.53802462, 3.64465433,\n        5.47416197],\n       [0.68375887, 8.37953812, 1.46145208, 2.6639656 , 3.59404344,\n        5.38951424],\n       [0.53848269, 8.49657076, 1.41602991, 2.53583686, 3.52678336,\n        5.6663582 ],\n       [0.77393843, 8.31919901, 1.50121076, 2.57371893, 3.50529363,\n        5.49212562]]), array([0.21642714, 0.21957142, 0.2252678 , 0.23026769, 0.23050308,\n       0.23059136, 0.23558634]))", "callback": [0.887424709252184, 0.7565860218260401, 0.6989197819179005, 0.5842754863441804, 0.5740452786655237, 0.47325889232393115, 0.35190006437482624, 0.2545934771462963, 0.249541133265909, 0.23888475977441304]}, "2": {"maxiter": 100, "fatol": 1e-10, "xatol": 1e-05, "duration": 0.044317007064819336, "fun": "0.21642713665596858", "nit": "100", "nfev": "151", "status": "2", "success": "False", "message": "Maximum number of iterations has been exceeded.", "x": "[0.57961949 8.445559   1.58176727 2.53244577 3.61400142 5.49470046]", "final_simplex": "(array([[0.57961949, 8.445559  , 1.58176727, 2.53244577, 3.61400142,\n        5.49470046],\n       [0.83456256, 8.29029169, 1.5582769 , 2.6897818 , 3.65245627,\n        5.47312006],\n       [0.65003644, 8.32863586, 1.44841387, 2.63842862, 3.66276674,\n        5.54995326],\n       [0.59613904, 8.41454711, 1.3953388 , 2.53802462, 3.64465433,\n        5.47416197],\n       [0.68375887, 8.37953812, 1.46145208, 2.6639656 , 3.59404344,\n        5.38951424],\n       [0.53848269, 8.49657076, 1.41602991, 2.53583686, 3.52678336,\n        5.6663582 ],\n       [0.77393843, 8.31919901, 1.50121076, 2.57371893, 3.50529363,\n        5.49212562]]), array([0.21642714, 0.21957142, 0.2252678 , 0.23026769, 0.23050308,\n       0.23059136, 0.23558634]))", "callback": [0.887424709252184, 0.7565860218260401, 0.6989197819179005, 0.5842754863441804, 0.5740452786655237, 0.47325889232393115, 0.35190006437482624, 0.2545934771462963, 0.249541133265909, 0.23888475977441304]}, "3": {"maxiter": 100, "fatol": 1e-10, "xatol": 1e-10, "duration": 0.04924607276916504, "fun": "0.21642713665596858", "nit": "100", "nfev": "151", "status": "2", "success": "False", "message": "Maximum number of iterations has been exceeded.", "x": "[0.57961949 8.445559   1.58176727 2.53244577 3.61400142 5.49470046]", "final_simplex": "(array([[0.57961949, 8.445559  , 1.58176727, 2.53244577, 3.61400142,\n        5.49470046],\n       [0.83456256, 8.29029169, 1.5582769 , 2.6897818 , 3.65245627,\n        5.47312006],\n       [0.65003644, 8.32863586, 1.44841387, 2.63842862, 3.66276674,\n        5.54995326],\n       [0.59613904, 8.41454711, 1.3953388 , 2.53802462, 3.64465433,\n        5.47416197],\n       [0.68375887, 8.37953812, 1.46145208, 2.6639656 , 3.59404344,\n        5.38951424],\n       [0.53848269, 8.49657076, 1.41602991, 2.53583686, 3.52678336,\n        5.6663582 ],\n       [0.77393843, 8.31919901, 1.50121076, 2.57371893, 3.50529363,\n        5.49212562]]), array([0.21642714, 0.21957142, 0.2252678 , 0.23026769, 0.23050308,\n       0.23059136, 0.23558634]))", "callback": [0.887424709252184, 0.7565860218260401, 0.6989197819179005, 0.5842754863441804, 0.5740452786655237, 0.47325889232393115, 0.35190006437482624, 0.2545934771462963, 0.249541133265909, 0.23888475977441304]}, "4": {"maxiter": 500, "fatol": 1e-05, "xatol": 1e-05, "duration": 0.16523289680480957, "fun": "0.10962969441676429", "nit": "348", "nfev": "561", "status": "0", "success": "True", "message": "Optimization terminated successfully.", "x": "[0.99522182 7.78833963 2.71806993 2.83610158 5.9211653  7.67287571]", "final_simplex": "(array([[0.99522182, 7.78833963, 2.71806993, 2.83610158, 5.9211653 ,\n        7.67287571],\n       [0.99522163, 7.78833799, 2.71807358, 2.83610336, 5.9211735 ,\n        7.67288409],\n       [0.99522139, 7.78833951, 2.71807142, 2.83610197, 5.92116776,\n        7.67287955],\n       [0.99522016, 7.78833937, 2.7180693 , 2.83610341, 5.92115916,\n        7.67287082],\n       [0.99522197, 7.7883393 , 2.71807071, 2.8361035 , 5.9211713 ,\n        7.67288129],\n       [0.99522147, 7.78833951, 2.71807094, 2.83610229, 5.92117053,\n        7.67288057],\n       [0.99522155, 7.78834052, 2.71806936, 2.83610178, 5.92116208,\n        7.67287291]]), array([0.10962969, 0.10962969, 0.10962969, 0.10962969, 0.10962969,\n       0.10962969, 0.10962969]))", "callback": [0.887424709252184, 0.7565860218260401, 0.6989197819179005, 0.5842754863441804, 0.5740452786655237, 0.47325889232393115, 0.35190006437482624, 0.2545934771462963, 0.249541133265909, 0.23888475977441304, 0.21642713665596858, 0.1478139736611056, 0.13159421857319897, 0.12576686101981138, 0.11879762409150585, 0.1174182005077623, 0.11711172514019963, 0.1163164035961416, 0.1139924305792559, 0.11071319855922479, 0.11006175801335805, 0.10981466804277618, 0.10969703664377295, 0.10966125204043875, 0.10963818310808338, 0.1096314482027515, 0.10963022579454973, 0.10962972824915973, 0.10962970186077559, 0.10962969557370472, 0.10962969453627647, 0.10962969445014303, 0.10962969442957993, 0.10962969441932202, 0.10962969441815407]}, "5": {"maxiter": 500, "fatol": 1e-05, "xatol": 1e-10, "duration": 0.26188015937805176, "fun": "0.10962969440526393", "nit": "490", "nfev": "852", "status": "0", "success": "True", "message": "Optimization terminated successfully.", "x": "[0.99522675 7.78832553 2.71808134 2.83610458 5.92120123 7.67290806]", "final_simplex": "(array([[0.99522675, 7.78832553, 2.71808134, 2.83610458, 5.92120123,\n        7.67290806],\n       [0.99522675, 7.78832553, 2.71808134, 2.83610458, 5.92120123,\n        7.67290806],\n       [0.99522675, 7.78832553, 2.71808134, 2.83610458, 5.92120123,\n        7.67290806],\n       [0.99522675, 7.78832553, 2.71808134, 2.83610458, 5.92120123,\n        7.67290806],\n       [0.99522675, 7.78832553, 2.71808134, 2.83610458, 5.92120123,\n        7.67290806],\n       [0.99522675, 7.78832553, 2.71808134, 2.83610458, 5.92120123,\n        7.67290806],\n       [0.99522675, 7.78832553, 2.71808134, 2.83610458, 5.92120123,\n        7.67290806]]), array([0.10962969, 0.10962969, 0.10962969, 0.10962969, 0.10962969,\n       0.10962969, 0.10962969]))", "callback": [0.887424709252184, 0.7565860218260401, 0.6989197819179005, 0.5842754863441804, 0.5740452786655237, 0.47325889232393115, 0.35190006437482624, 0.2545934771462963, 0.249541133265909, 0.23888475977441304, 0.21642713665596858, 0.1478139736611056, 0.13159421857319897, 0.12576686101981138, 0.11879762409150585, 0.1174182005077623, 0.11711172514019963, 0.1163164035961416, 0.1139924305792559, 0.11071319855922479, 0.11006175801335805, 0.10981466804277618, 0.10969703664377295, 0.10966125204043875, 0.10963818310808338, 0.1096314482027515, 0.10963022579454973, 0.10962972824915973, 0.10962970186077559, 0.10962969557370472, 0.10962969453627647, 0.10962969445014303, 0.10962969442957993, 0.10962969441932202, 0.10962969441815407, 0.10962969441676429, 0.10962969441097492, 0.10962969440846282, 0.10962969440616444, 0.10962969440538095, 0.10962969440533243, 0.10962969440528247, 0.1096296944052707, 0.1096296944052666, 0.10962969440526527, 0.10962969440526427, 0.10962969440526393, 0.10962969440526393, 0.10962969440526393]}, "6": {"maxiter": 500, "fatol": 1e-10, "xatol": 1e-05, "duration": 0.1531538963317871, "fun": "0.10962969441676429", "nit": "348", "nfev": "561", "status": "0", "success": "True", "message": "Optimization terminated successfully.", "x": "[0.99522182 7.78833963 2.71806993 2.83610158 5.9211653  7.67287571]", "final_simplex": "(array([[0.99522182, 7.78833963, 2.71806993, 2.83610158, 5.9211653 ,\n        7.67287571],\n       [0.99522163, 7.78833799, 2.71807358, 2.83610336, 5.9211735 ,\n        7.67288409],\n       [0.99522139, 7.78833951, 2.71807142, 2.83610197, 5.92116776,\n        7.67287955],\n       [0.99522016, 7.78833937, 2.7180693 , 2.83610341, 5.92115916,\n        7.67287082],\n       [0.99522197, 7.7883393 , 2.71807071, 2.8361035 , 5.9211713 ,\n        7.67288129],\n       [0.99522147, 7.78833951, 2.71807094, 2.83610229, 5.92117053,\n        7.67288057],\n       [0.99522155, 7.78834052, 2.71806936, 2.83610178, 5.92116208,\n        7.67287291]]), array([0.10962969, 0.10962969, 0.10962969, 0.10962969, 0.10962969,\n       0.10962969, 0.10962969]))", "callback": [0.887424709252184, 0.7565860218260401, 0.6989197819179005, 0.5842754863441804, 0.5740452786655237, 0.47325889232393115, 0.35190006437482624, 0.2545934771462963, 0.249541133265909, 0.23888475977441304, 0.21642713665596858, 0.1478139736611056, 0.13159421857319897, 0.12576686101981138, 0.11879762409150585, 0.1174182005077623, 0.11711172514019963, 0.1163164035961416, 0.1139924305792559, 0.11071319855922479, 0.11006175801335805, 0.10981466804277618, 0.10969703664377295, 0.10966125204043875, 0.10963818310808338, 0.1096314482027515, 0.10963022579454973, 0.10962972824915973, 0.10962970186077559, 0.10962969557370472, 0.10962969453627647, 0.10962969445014303, 0.10962969442957993, 0.10962969441932202, 0.10962969441815407]}, "7": {"maxiter": 500, "fatol": 1e-10, "xatol": 1e-10, "duration": 0.23609590530395508, "fun": "0.10962969440526393", "nit": "490", "nfev": "852", "status": "0", "success": "True", "message": "Optimization terminated successfully.", "x": "[0.99522675 7.78832553 2.71808134 2.83610458 5.92120123 7.67290806]", "final_simplex": "(array([[0.99522675, 7.78832553, 2.71808134, 2.83610458, 5.92120123,\n        7.67290806],\n       [0.99522675, 7.78832553, 2.71808134, 2.83610458, 5.92120123,\n        7.67290806],\n       [0.99522675, 7.78832553, 2.71808134, 2.83610458, 5.92120123,\n        7.67290806],\n       [0.99522675, 7.78832553, 2.71808134, 2.83610458, 5.92120123,\n        7.67290806],\n       [0.99522675, 7.78832553, 2.71808134, 2.83610458, 5.92120123,\n        7.67290806],\n       [0.99522675, 7.78832553, 2.71808134, 2.83610458, 5.92120123,\n        7.67290806],\n       [0.99522675, 7.78832553, 2.71808134, 2.83610458, 5.92120123,\n        7.67290806]]), array([0.10962969, 0.10962969, 0.10962969, 0.10962969, 0.10962969,\n       0.10962969, 0.10962969]))", "callback": [0.887424709252184, 0.7565860218260401, 0.6989197819179005, 0.5842754863441804, 0.5740452786655237, 0.47325889232393115, 0.35190006437482624, 0.2545934771462963, 0.249541133265909, 0.23888475977441304, 0.21642713665596858, 0.1478139736611056, 0.13159421857319897, 0.12576686101981138, 0.11879762409150585, 0.1174182005077623, 0.11711172514019963, 0.1163164035961416, 0.1139924305792559, 0.11071319855922479, 0.11006175801335805, 0.10981466804277618, 0.10969703664377295, 0.10966125204043875, 0.10963818310808338, 0.1096314482027515, 0.10963022579454973, 0.10962972824915973, 0.10962970186077559, 0.10962969557370472, 0.10962969453627647, 0.10962969445014303, 0.10962969442957993, 0.10962969441932202, 0.10962969441815407, 0.10962969441676429, 0.10962969441097492, 0.10962969440846282, 0.10962969440616444, 0.10962969440538095, 0.10962969440533243, 0.10962969440528247, 0.1096296944052707, 0.1096296944052666, 0.10962969440526527, 0.10962969440526427, 0.10962969440526393, 0.10962969440526393, 0.10962969440526393]}, "8": {"maxiter": 1000, "fatol": 1e-05, "xatol": 1e-05, "duration": 0.16610383987426758, "fun": "0.10962969441676429", "nit": "348", "nfev": "561", "status": "0", "success": "True", "message": "Optimization terminated successfully.", "x": "[0.99522182 7.78833963 2.71806993 2.83610158 5.9211653  7.67287571]", "final_simplex": "(array([[0.99522182, 7.78833963, 2.71806993, 2.83610158, 5.9211653 ,\n        7.67287571],\n       [0.99522163, 7.78833799, 2.71807358, 2.83610336, 5.9211735 ,\n        7.67288409],\n       [0.99522139, 7.78833951, 2.71807142, 2.83610197, 5.92116776,\n        7.67287955],\n       [0.99522016, 7.78833937, 2.7180693 , 2.83610341, 5.92115916,\n        7.67287082],\n       [0.99522197, 7.7883393 , 2.71807071, 2.8361035 , 5.9211713 ,\n        7.67288129],\n       [0.99522147, 7.78833951, 2.71807094, 2.83610229, 5.92117053,\n        7.67288057],\n       [0.99522155, 7.78834052, 2.71806936, 2.83610178, 5.92116208,\n        7.67287291]]), array([0.10962969, 0.10962969, 0.10962969, 0.10962969, 0.10962969,\n       0.10962969, 0.10962969]))", "callback": [0.887424709252184, 0.7565860218260401, 0.6989197819179005, 0.5842754863441804, 0.5740452786655237, 0.47325889232393115, 0.35190006437482624, 0.2545934771462963, 0.249541133265909, 0.23888475977441304, 0.21642713665596858, 0.1478139736611056, 0.13159421857319897, 0.12576686101981138, 0.11879762409150585, 0.1174182005077623, 0.11711172514019963, 0.1163164035961416, 0.1139924305792559, 0.11071319855922479, 0.11006175801335805, 0.10981466804277618, 0.10969703664377295, 0.10966125204043875, 0.10963818310808338, 0.1096314482027515, 0.10963022579454973, 0.10962972824915973, 0.10962970186077559, 0.10962969557370472, 0.10962969453627647, 0.10962969445014303, 0.10962969442957993, 0.10962969441932202, 0.10962969441815407]}, "9": {"maxiter": 1000, "fatol": 1e-05, "xatol": 1e-10, "duration": 0.25246381759643555, "fun": "0.10962969440526393", "nit": "490", "nfev": "852", "status": "0", "success": "True", "message": "Optimization terminated successfully.", "x": "[0.99522675 7.78832553 2.71808134 2.83610458 5.92120123 7.67290806]", "final_simplex": "(array([[0.99522675, 7.78832553, 2.71808134, 2.83610458, 5.92120123,\n        7.67290806],\n       [0.99522675, 7.78832553, 2.71808134, 2.83610458, 5.92120123,\n        7.67290806],\n       [0.99522675, 7.78832553, 2.71808134, 2.83610458, 5.92120123,\n        7.67290806],\n       [0.99522675, 7.78832553, 2.71808134, 2.83610458, 5.92120123,\n        7.67290806],\n       [0.99522675, 7.78832553, 2.71808134, 2.83610458, 5.92120123,\n        7.67290806],\n       [0.99522675, 7.78832553, 2.71808134, 2.83610458, 5.92120123,\n        7.67290806],\n       [0.99522675, 7.78832553, 2.71808134, 2.83610458, 5.92120123,\n        7.67290806]]), array([0.10962969, 0.10962969, 0.10962969, 0.10962969, 0.10962969,\n       0.10962969, 0.10962969]))", "callback": [0.887424709252184, 0.7565860218260401, 0.6989197819179005, 0.5842754863441804, 0.5740452786655237, 0.47325889232393115, 0.35190006437482624, 0.2545934771462963, 0.249541133265909, 0.23888475977441304, 0.21642713665596858, 0.1478139736611056, 0.13159421857319897, 0.12576686101981138, 0.11879762409150585, 0.1174182005077623, 0.11711172514019963, 0.1163164035961416, 0.1139924305792559, 0.11071319855922479, 0.11006175801335805, 0.10981466804277618, 0.10969703664377295, 0.10966125204043875, 0.10963818310808338, 0.1096314482027515, 0.10963022579454973, 0.10962972824915973, 0.10962970186077559, 0.10962969557370472, 0.10962969453627647, 0.10962969445014303, 0.10962969442957993, 0.10962969441932202, 0.10962969441815407, 0.10962969441676429, 0.10962969441097492, 0.10962969440846282, 0.10962969440616444, 0.10962969440538095, 0.10962969440533243, 0.10962969440528247, 0.1096296944052707, 0.1096296944052666, 0.10962969440526527, 0.10962969440526427, 0.10962969440526393, 0.10962969440526393, 0.10962969440526393]}, "10": {"maxiter": 1000, "fatol": 1e-10, "xatol": 1e-05, "duration": 0.17238187789916992, "fun": "0.10962969441676429", "nit": "348", "nfev": "561", "status": "0", "success": "True", "message": "Optimization terminated successfully.", "x": "[0.99522182 7.78833963 2.71806993 2.83610158 5.9211653  7.67287571]", "final_simplex": "(array([[0.99522182, 7.78833963, 2.71806993, 2.83610158, 5.9211653 ,\n        7.67287571],\n       [0.99522163, 7.78833799, 2.71807358, 2.83610336, 5.9211735 ,\n        7.67288409],\n       [0.99522139, 7.78833951, 2.71807142, 2.83610197, 5.92116776,\n        7.67287955],\n       [0.99522016, 7.78833937, 2.7180693 , 2.83610341, 5.92115916,\n        7.67287082],\n       [0.99522197, 7.7883393 , 2.71807071, 2.8361035 , 5.9211713 ,\n        7.67288129],\n       [0.99522147, 7.78833951, 2.71807094, 2.83610229, 5.92117053,\n        7.67288057],\n       [0.99522155, 7.78834052, 2.71806936, 2.83610178, 5.92116208,\n        7.67287291]]), array([0.10962969, 0.10962969, 0.10962969, 0.10962969, 0.10962969,\n       0.10962969, 0.10962969]))", "callback": [0.887424709252184, 0.7565860218260401, 0.6989197819179005, 0.5842754863441804, 0.5740452786655237, 0.47325889232393115, 0.35190006437482624, 0.2545934771462963, 0.249541133265909, 0.23888475977441304, 0.21642713665596858, 0.1478139736611056, 0.13159421857319897, 0.12576686101981138, 0.11879762409150585, 0.1174182005077623, 0.11711172514019963, 0.1163164035961416, 0.1139924305792559, 0.11071319855922479, 0.11006175801335805, 0.10981466804277618, 0.10969703664377295, 0.10966125204043875, 0.10963818310808338, 0.1096314482027515, 0.10963022579454973, 0.10962972824915973, 0.10962970186077559, 0.10962969557370472, 0.10962969453627647, 0.10962969445014303, 0.10962969442957993, 0.10962969441932202, 0.10962969441815407]}, "11": {"maxiter": 1000, "fatol": 1e-10, "xatol": 1e-10, "duration": 0.24810409545898438, "fun": "0.10962969440526393", "nit": "490", "nfev": "852", "status": "0", "success": "True", "message": "Optimization terminated successfully.", "x": "[0.99522675 7.78832553 2.71808134 2.83610458 5.92120123 7.67290806]", "final_simplex": "(array([[0.99522675, 7.78832553, 2.71808134, 2.83610458, 5.92120123,\n        7.67290806],\n       [0.99522675, 7.78832553, 2.71808134, 2.83610458, 5.92120123,\n        7.67290806],\n       [0.99522675, 7.78832553, 2.71808134, 2.83610458, 5.92120123,\n        7.67290806],\n       [0.99522675, 7.78832553, 2.71808134, 2.83610458, 5.92120123,\n        7.67290806],\n       [0.99522675, 7.78832553, 2.71808134, 2.83610458, 5.92120123,\n        7.67290806],\n       [0.99522675, 7.78832553, 2.71808134, 2.83610458, 5.92120123,\n        7.67290806],\n       [0.99522675, 7.78832553, 2.71808134, 2.83610458, 5.92120123,\n        7.67290806]]), array([0.10962969, 0.10962969, 0.10962969, 0.10962969, 0.10962969,\n       0.10962969, 0.10962969]))", "callback": [0.887424709252184, 0.7565860218260401, 0.6989197819179005, 0.5842754863441804, 0.5740452786655237, 0.47325889232393115, 0.35190006437482624, 0.2545934771462963, 0.249541133265909, 0.23888475977441304, 0.21642713665596858, 0.1478139736611056, 0.13159421857319897, 0.12576686101981138, 0.11879762409150585, 0.1174182005077623, 0.11711172514019963, 0.1163164035961416, 0.1139924305792559, 0.11071319855922479, 0.11006175801335805, 0.10981466804277618, 0.10969703664377295, 0.10966125204043875, 0.10963818310808338, 0.1096314482027515, 0.10963022579454973, 0.10962972824915973, 0.10962970186077559, 0.10962969557370472, 0.10962969453627647, 0.10962969445014303, 0.10962969442957993, 0.10962969441932202, 0.10962969441815407, 0.10962969441676429, 0.10962969441097492, 0.10962969440846282, 0.10962969440616444, 0.10962969440538095, 0.10962969440533243, 0.10962969440528247, 0.1096296944052707, 0.1096296944052666, 0.10962969440526527, 0.10962969440526427, 0.10962969440526393, 0.10962969440526393, 0.10962969440526393]}}, "bfgs": {"type": "gradient", "0": {"maxiter": 100, "gtol": 1e-05, "xrtol": 1e-05, "eps": 1e-05, "duration": 0.08313107490539551, "fun": "0.10962969543817991", "jac": "[ 3.41168205e-06 -7.50223217e-06 -6.96716018e-06  5.79506443e-06\n -1.17397203e-06  1.65487624e-06]", "hess_inv": "[[  3.83288696   1.77428223  -2.17865161  -0.28640846  -9.80707543\n   -7.68071207]\n [  1.77428223   9.14418541  -8.82825457   2.0201626  -24.47896395\n  -22.93158018]\n [ -2.17865161  -8.82825457  13.0476682   -0.21340459  32.70272694\n   32.00307102]\n [ -0.28640846   2.0201626   -0.21340459   3.43044877  -2.23159794\n   -1.68453938]\n [ -9.80707543 -24.47896395  32.70272694  -2.23159794 119.01675505\n  110.65023781]\n [ -7.68071207 -22.93158018  32.00307102  -1.68453938 110.65023781\n  107.19814062]]", "nfev": "308", "njev": "44", "status": "0", "success": "True", "message": "Optimization terminated successfully.", "x": "[ 5.28800175  4.64681401 -0.42365896  3.44708504  2.7791297   4.53086329]", "nit": "35", "callback": [0.7059382397935208, 0.6835168745081899, 0.48760654081742427, 0.37536520327173195, 0.3516952712282454, 0.30784464128023525, 0.2550148458121506, 0.24680419602060244, 0.2420083564569957, 0.23364877579903298, 0.21924017068440904, 0.19924105534602898, 0.17199961163480715, 0.1412021539096181, 0.12766343824400628, 0.12272091941373542, 0.1219242795733454, 0.12082629559360814, 0.1204505761034238, 0.1201901246535444, 0.11973574335558457, 0.11899881830870551, 0.1181006251446961, 0.11692512951602962, 0.11485876861920752, 0.11171512586851762, 0.10998219638111617, 0.10976472433079898, 0.10966880421684222, 0.10963720149182854, 0.10963096291998686, 0.10963033582828452, 0.10962980434902514, 0.10962970026994445, 0.10962969543817991]}, "1": {"maxiter": 100, "gtol": 1e-05, "xrtol": 1e-05, "eps": 1e-10, "duration": 0.08928108215332031, "fun": "0.10962969463251004", "jac": "[ 2.22044587e-06  4.44089173e-06 -1.11022293e-06  5.55111466e-06\n -1.11022293e-06 -1.11022293e-06]", "hess_inv": "[[ 3.78099675e+00  1.20975732e+00 -1.52100653e+00 -3.62234558e-01\n  -7.73751915e+00 -5.64434122e+00]\n [ 1.20975732e+00  7.05815934e+00 -6.24071716e+00  1.62054166e+00\n  -1.68097795e+01 -1.57831178e+01]\n [-1.52100653e+00 -6.24071716e+00  9.78041296e+00  1.84347596e-02\n   2.27036438e+01  2.24671386e+01]\n [-3.62234558e-01  1.62054166e+00  1.84347596e-02  3.19912313e+00\n  -1.49190905e+00 -1.10921149e+00]\n [-7.73751915e+00 -1.68097795e+01  2.27036438e+01 -1.49190905e+00\n   8.76744890e+01  8.07874424e+01]\n [-5.64434122e+00 -1.57831178e+01  2.24671386e+01 -1.10921149e+00\n   8.07874424e+01  7.87838273e+01]]", "nfev": "308", "njev": "44", "status": "0", "success": "True", "message": "Optimization terminated successfully.", "x": "[ 5.28797657  4.64679164 -0.42357378  3.44710428  2.7794043   4.53112706]", "nit": "36", "callback": [0.7059444809366883, 0.6835228957636421, 0.48761118182936924, 0.3753688569588247, 0.3516987459840605, 0.30784821893214187, 0.255018360648414, 0.24680947419450505, 0.2420130553145302, 0.23365218629836904, 0.21924183869615188, 0.19923630015440053, 0.1719888580629162, 0.14119180934175324, 0.12765937953271533, 0.12272271216012265, 0.12191714620427097, 0.12081431406944232, 0.12044761103429702, 0.12018279901696771, 0.1197226487260834, 0.11898064902950001, 0.11807572234896879, 0.11686049919366615, 0.11473440215240749, 0.11154558238867096, 0.1099573836873049, 0.10980198277951303, 0.10966573689583803, 0.10963554952564947, 0.10963093110704669, 0.10963024758041395, 0.10962985643325651, 0.1096297131929298, 0.10962970042778941, 0.10962969463251004]}, "2": {"maxiter": 100, "gtol": 1e-05, "xrtol": 1e-10, "eps": 1e-05, "duration": 0.09060478210449219, "fun": "0.10962969543817991", "jac": "[ 3.41168205e-06 -7.50223217e-06 -6.96716018e-06  5.79506443e-06\n -1.17397203e-06  1.65487624e-06]", "hess_inv": "[[  3.83288696   1.77428223  -2.17865161  -0.28640846  -9.80707543\n   -7.68071207]\n [  1.77428223   9.14418541  -8.82825457   2.0201626  -24.47896395\n  -22.93158018]\n [ -2.17865161  -8.82825457  13.0476682   -0.21340459  32.70272694\n   32.00307102]\n [ -0.28640846   2.0201626   -0.21340459   3.43044877  -2.23159794\n   -1.68453938]\n [ -9.80707543 -24.47896395  32.70272694  -2.23159794 119.01675505\n  110.65023781]\n [ -7.68071207 -22.93158018  32.00307102  -1.68453938 110.65023781\n  107.19814062]]", "nfev": "308", "njev": "44", "status": "0", "success": "True", "message": "Optimization terminated successfully.", "x": "[ 5.28800175  4.64681401 -0.42365896  3.44708504  2.7791297   4.53086329]", "nit": "35", "callback": [0.7059382397935208, 0.6835168745081899, 0.48760654081742427, 0.37536520327173195, 0.3516952712282454, 0.30784464128023525, 0.2550148458121506, 0.24680419602060244, 0.2420083564569957, 0.23364877579903298, 0.21924017068440904, 0.19924105534602898, 0.17199961163480715, 0.1412021539096181, 0.12766343824400628, 0.12272091941373542, 0.1219242795733454, 0.12082629559360814, 0.1204505761034238, 0.1201901246535444, 0.11973574335558457, 0.11899881830870551, 0.1181006251446961, 0.11692512951602962, 0.11485876861920752, 0.11171512586851762, 0.10998219638111617, 0.10976472433079898, 0.10966880421684222, 0.10963720149182854, 0.10963096291998686, 0.10963033582828452, 0.10962980434902514, 0.10962970026994445, 0.10962969543817991]}, "3": {"maxiter": 100, "gtol": 1e-05, "xrtol": 1e-10, "eps": 1e-10, "duration": 0.08893704414367676, "fun": "0.10962969463251004", "jac": "[ 2.22044587e-06  4.44089173e-06 -1.11022293e-06  5.55111466e-06\n -1.11022293e-06 -1.11022293e-06]", "hess_inv": "[[ 3.78099675e+00  1.20975732e+00 -1.52100653e+00 -3.62234558e-01\n  -7.73751915e+00 -5.64434122e+00]\n [ 1.20975732e+00  7.05815934e+00 -6.24071716e+00  1.62054166e+00\n  -1.68097795e+01 -1.57831178e+01]\n [-1.52100653e+00 -6.24071716e+00  9.78041296e+00  1.84347596e-02\n   2.27036438e+01  2.24671386e+01]\n [-3.62234558e-01  1.62054166e+00  1.84347596e-02  3.19912313e+00\n  -1.49190905e+00 -1.10921149e+00]\n [-7.73751915e+00 -1.68097795e+01  2.27036438e+01 -1.49190905e+00\n   8.76744890e+01  8.07874424e+01]\n [-5.64434122e+00 -1.57831178e+01  2.24671386e+01 -1.10921149e+00\n   8.07874424e+01  7.87838273e+01]]", "nfev": "308", "njev": "44", "status": "0", "success": "True", "message": "Optimization terminated successfully.", "x": "[ 5.28797657  4.64679164 -0.42357378  3.44710428  2.7794043   4.53112706]", "nit": "36", "callback": [0.7059444809366883, 0.6835228957636421, 0.48761118182936924, 0.3753688569588247, 0.3516987459840605, 0.30784821893214187, 0.255018360648414, 0.24680947419450505, 0.2420130553145302, 0.23365218629836904, 0.21924183869615188, 0.19923630015440053, 0.1719888580629162, 0.14119180934175324, 0.12765937953271533, 0.12272271216012265, 0.12191714620427097, 0.12081431406944232, 0.12044761103429702, 0.12018279901696771, 0.1197226487260834, 0.11898064902950001, 0.11807572234896879, 0.11686049919366615, 0.11473440215240749, 0.11154558238867096, 0.1099573836873049, 0.10980198277951303, 0.10966573689583803, 0.10963554952564947, 0.10963093110704669, 0.10963024758041395, 0.10962985643325651, 0.1096297131929298, 0.10962970042778941, 0.10962969463251004]}, "4": {"maxiter": 100, "gtol": 1e-10, "xrtol": 1e-05, "eps": 1e-05, "duration": 0.08781003952026367, "fun": "0.10962969517206289", "jac": "[-1.01041397e-07 -4.24138502e-07 -2.71538347e-07  9.41469125e-09\n -2.04225525e-07  1.30651046e-07]", "hess_inv": "[[  3.95071153   1.78488021  -2.297213    -0.18260641 -10.01359513\n   -7.76388964]\n [  1.78488021   9.14481461  -8.8330937    2.03441859 -24.47461988\n  -22.91186526]\n [ -2.297213    -8.8330937   13.06226201  -0.40628205  32.49854323\n   31.59790043]\n [ -0.18260641   2.03441859  -0.40628205   3.44722156  -2.76146714\n   -2.17066491]\n [-10.01359513 -24.47461988  32.49854323  -2.76146714 117.75767532\n  108.8724961 ]\n [ -7.76388964 -22.91186526  31.59790043  -2.17066491 108.8724961\n  104.97441736]]", "nfev": "315", "njev": "45", "status": "0", "success": "True", "message": "Optimization terminated successfully.", "x": "[ 5.28798781  4.64681238 -0.42363817  3.44707847  2.77918074  4.53090471]", "nit": "36", "callback": [0.7059382397935208, 0.6835168745081899, 0.48760654081742427, 0.37536520327173195, 0.3516952712282454, 0.30784464128023525, 0.2550148458121506, 0.24680419602060244, 0.2420083564569957, 0.23364877579903298, 0.21924017068440904, 0.19924105534602898, 0.17199961163480715, 0.1412021539096181, 0.12766343824400628, 0.12272091941373542, 0.1219242795733454, 0.12082629559360814, 0.1204505761034238, 0.1201901246535444, 0.11973574335558457, 0.11899881830870551, 0.1181006251446961, 0.11692512951602962, 0.11485876861920752, 0.11171512586851762, 0.10998219638111617, 0.10976472433079898, 0.10966880421684222, 0.10963720149182854, 0.10963096291998686, 0.10963033582828452, 0.10962980434902514, 0.10962970026994445, 0.10962969543817991, 0.10962969517206289]}, "5": {"maxiter": 100, "gtol": 1e-10, "xrtol": 1e-05, "eps": 1e-10, "duration": 0.11055994033813477, "fun": "0.10962969440974013", "jac": "[ 0.00000000e+00  0.00000000e+00 -2.22044587e-06  1.11022293e-06\n  1.11022293e-06 -1.11022293e-06]", "hess_inv": "[[  3.86277979   1.78806272  -2.04756298  -0.25148582  -8.51352803\n   -6.45476729]\n [  1.78806272   9.6155872   -9.21140948   1.85077527 -24.38886438\n  -23.37655676]\n [ -2.04756298  -9.21140948  12.43431734  -0.72736073  28.02783028\n   27.75840215]\n [ -0.25148582   1.85077527  -0.72736073   2.89737792  -3.85607081\n   -3.55374418]\n [ -8.51352803 -24.38886438  28.02783028  -3.85607081  91.60414137\n   85.13542737]\n [ -6.45476729 -23.37655676  27.75840215  -3.55374418  85.13542737\n   83.47869883]]", "nfev": "378", "njev": "54", "status": "0", "success": "True", "message": "Optimization terminated successfully.", "x": "[ 5.28795659  4.64673503 -0.42351115  3.44708592  2.77961007  4.53131563]", "nit": "39", "callback": [0.7059444809366883, 0.6835228957636421, 0.48761118182936924, 0.3753688569588247, 0.3516987459840605, 0.30784821893214187, 0.255018360648414, 0.24680947419450505, 0.2420130553145302, 0.23365218629836904, 0.21924183869615188, 0.19923630015440053, 0.1719888580629162, 0.14119180934175324, 0.12765937953271533, 0.12272271216012265, 0.12191714620427097, 0.12081431406944232, 0.12044761103429702, 0.12018279901696771, 0.1197226487260834, 0.11898064902950001, 0.11807572234896879, 0.11686049919366615, 0.11473440215240749, 0.11154558238867096, 0.1099573836873049, 0.10980198277951303, 0.10966573689583803, 0.10963554952564947, 0.10963093110704669, 0.10963024758041395, 0.10962985643325651, 0.1096297131929298, 0.10962970042778941, 0.10962969463251004, 0.10962969454993976, 0.10962969441060055, 0.10962969440974013]}, "6": {"maxiter": 100, "gtol": 1e-10, "xrtol": 1e-10, "eps": 1e-05, "duration": 0.16739106178283691, "fun": "0.10962969514106136", "jac": "[-4.84057239e-09  1.74305015e-09  8.65973959e-10 -1.99840144e-09\n -4.47419879e-09  4.51860771e-09]", "hess_inv": "[[  3.96516175   1.85728303  -2.5338167   -0.24385842 -10.9582421\n   -8.55415409]\n [  1.85728303   9.21389662  -9.00953373   2.00155487 -25.11814133\n  -23.55462341]\n [ -2.5338167   -9.00953373  13.65955388  -0.32698579  34.56797743\n   33.58569116]\n [ -0.24385842   2.00155487  -0.32698579   3.43555118  -2.52239895\n   -1.92502173]\n [-10.9582421  -25.11814133  34.56797743  -2.52239895 124.80102268\n  115.84160412]\n [ -8.55415409 -23.55462341  33.58569116  -1.92502173 115.84160412\n  111.62046971]]", "nfev": "599", "njev": "84", "status": "2", "success": "False", "message": "Desired error not necessarily achieved due to precision loss.", "x": "[ 5.28798719  4.64681196 -0.42363585  3.44707891  2.77918877  4.5309121 ]", "nit": "38", "callback": [0.7059382397935208, 0.6835168745081899, 0.48760654081742427, 0.37536520327173195, 0.3516952712282454, 0.30784464128023525, 0.2550148458121506, 0.24680419602060244, 0.2420083564569957, 0.23364877579903298, 0.21924017068440904, 0.19924105534602898, 0.17199961163480715, 0.1412021539096181, 0.12766343824400628, 0.12272091941373542, 0.1219242795733454, 0.12082629559360814, 0.1204505761034238, 0.1201901246535444, 0.11973574335558457, 0.11899881830870551, 0.1181006251446961, 0.11692512951602962, 0.11485876861920752, 0.11171512586851762, 0.10998219638111617, 0.10976472433079898, 0.10966880421684222, 0.10963720149182854, 0.10963096291998686, 0.10963033582828452, 0.10962980434902514, 0.10962970026994445, 0.10962969543817991, 0.10962969517206289, 0.10962969514214094, 0.10962969514106136]}, "7": {"maxiter": 100, "gtol": 1e-10, "xrtol": 1e-10, "eps": 1e-10, "duration": 0.15836715698242188, "fun": "0.10962969440972314", "jac": "[ 0.00000000e+00  2.22044587e-06  0.00000000e+00  3.33066880e-06\n  1.11022293e-06 -2.22044587e-06]", "hess_inv": "[[ 13.63167635  -2.69718313  31.77277775  -1.35690981  32.81788771\n   54.97778354]\n [ -2.69718313   2.23815525 -10.72926643  -0.39450285 -12.57567126\n  -17.7403572 ]\n [ 31.77277775 -10.72926643 108.13993466  -1.01913686 126.9609683\n  191.35656764]\n [ -1.35690981  -0.39450285  -1.01913686   1.69606887   1.92301889\n    0.46676308]\n [ 32.81788771 -12.57567126 126.9609683    1.92301889 161.86110192\n  231.53471018]\n [ 54.97778354 -17.7403572  191.35656764   0.46676308 231.53471018\n  346.12684034]]", "nfev": "544", "njev": "76", "status": "2", "success": "False", "message": "Desired error not necessarily achieved due to precision loss.", "x": "[ 5.2879571   4.646735   -0.42350957  3.44708603  2.77961127  4.53131789]", "nit": "40", "callback": [0.7059444809366883, 0.6835228957636421, 0.48761118182936924, 0.3753688569588247, 0.3516987459840605, 0.30784821893214187, 0.255018360648414, 0.24680947419450505, 0.2420130553145302, 0.23365218629836904, 0.21924183869615188, 0.19923630015440053, 0.1719888580629162, 0.14119180934175324, 0.12765937953271533, 0.12272271216012265, 0.12191714620427097, 0.12081431406944232, 0.12044761103429702, 0.12018279901696771, 0.1197226487260834, 0.11898064902950001, 0.11807572234896879, 0.11686049919366615, 0.11473440215240749, 0.11154558238867096, 0.1099573836873049, 0.10980198277951303, 0.10966573689583803, 0.10963554952564947, 0.10963093110704669, 0.10963024758041395, 0.10962985643325651, 0.1096297131929298, 0.10962970042778941, 0.10962969463251004, 0.10962969454993976, 0.10962969441060055, 0.10962969440974013, 0.10962969440972314]}, "8": {"maxiter": 500, "gtol": 1e-05, "xrtol": 1e-05, "eps": 1e-05, "duration": 0.08765792846679688, "fun": "0.10962969543817991", "jac": "[ 3.41168205e-06 -7.50223217e-06 -6.96716018e-06  5.79506443e-06\n -1.17397203e-06  1.65487624e-06]", "hess_inv": "[[  3.83288696   1.77428223  -2.17865161  -0.28640846  -9.80707543\n   -7.68071207]\n [  1.77428223   9.14418541  -8.82825457   2.0201626  -24.47896395\n  -22.93158018]\n [ -2.17865161  -8.82825457  13.0476682   -0.21340459  32.70272694\n   32.00307102]\n [ -0.28640846   2.0201626   -0.21340459   3.43044877  -2.23159794\n   -1.68453938]\n [ -9.80707543 -24.47896395  32.70272694  -2.23159794 119.01675505\n  110.65023781]\n [ -7.68071207 -22.93158018  32.00307102  -1.68453938 110.65023781\n  107.19814062]]", "nfev": "308", "njev": "44", "status": "0", "success": "True", "message": "Optimization terminated successfully.", "x": "[ 5.28800175  4.64681401 -0.42365896  3.44708504  2.7791297   4.53086329]", "nit": "35", "callback": [0.7059382397935208, 0.6835168745081899, 0.48760654081742427, 0.37536520327173195, 0.3516952712282454, 0.30784464128023525, 0.2550148458121506, 0.24680419602060244, 0.2420083564569957, 0.23364877579903298, 0.21924017068440904, 0.19924105534602898, 0.17199961163480715, 0.1412021539096181, 0.12766343824400628, 0.12272091941373542, 0.1219242795733454, 0.12082629559360814, 0.1204505761034238, 0.1201901246535444, 0.11973574335558457, 0.11899881830870551, 0.1181006251446961, 0.11692512951602962, 0.11485876861920752, 0.11171512586851762, 0.10998219638111617, 0.10976472433079898, 0.10966880421684222, 0.10963720149182854, 0.10963096291998686, 0.10963033582828452, 0.10962980434902514, 0.10962970026994445, 0.10962969543817991]}, "9": {"maxiter": 500, "gtol": 1e-05, "xrtol": 1e-05, "eps": 1e-10, "duration": 0.0953209400177002, "fun": "0.10962969463251004", "jac": "[ 2.22044587e-06  4.44089173e-06 -1.11022293e-06  5.55111466e-06\n -1.11022293e-06 -1.11022293e-06]", "hess_inv": "[[ 3.78099675e+00  1.20975732e+00 -1.52100653e+00 -3.62234558e-01\n  -7.73751915e+00 -5.64434122e+00]\n [ 1.20975732e+00  7.05815934e+00 -6.24071716e+00  1.62054166e+00\n  -1.68097795e+01 -1.57831178e+01]\n [-1.52100653e+00 -6.24071716e+00  9.78041296e+00  1.84347596e-02\n   2.27036438e+01  2.24671386e+01]\n [-3.62234558e-01  1.62054166e+00  1.84347596e-02  3.19912313e+00\n  -1.49190905e+00 -1.10921149e+00]\n [-7.73751915e+00 -1.68097795e+01  2.27036438e+01 -1.49190905e+00\n   8.76744890e+01  8.07874424e+01]\n [-5.64434122e+00 -1.57831178e+01  2.24671386e+01 -1.10921149e+00\n   8.07874424e+01  7.87838273e+01]]", "nfev": "308", "njev": "44", "status": "0", "success": "True", "message": "Optimization terminated successfully.", "x": "[ 5.28797657  4.64679164 -0.42357378  3.44710428  2.7794043   4.53112706]", "nit": "36", "callback": [0.7059444809366883, 0.6835228957636421, 0.48761118182936924, 0.3753688569588247, 0.3516987459840605, 0.30784821893214187, 0.255018360648414, 0.24680947419450505, 0.2420130553145302, 0.23365218629836904, 0.21924183869615188, 0.19923630015440053, 0.1719888580629162, 0.14119180934175324, 0.12765937953271533, 0.12272271216012265, 0.12191714620427097, 0.12081431406944232, 0.12044761103429702, 0.12018279901696771, 0.1197226487260834, 0.11898064902950001, 0.11807572234896879, 0.11686049919366615, 0.11473440215240749, 0.11154558238867096, 0.1099573836873049, 0.10980198277951303, 0.10966573689583803, 0.10963554952564947, 0.10963093110704669, 0.10963024758041395, 0.10962985643325651, 0.1096297131929298, 0.10962970042778941, 0.10962969463251004]}, "10": {"maxiter": 500, "gtol": 1e-05, "xrtol": 1e-10, "eps": 1e-05, "duration": 0.09550690650939941, "fun": "0.10962969543817991", "jac": "[ 3.41168205e-06 -7.50223217e-06 -6.96716018e-06  5.79506443e-06\n -1.17397203e-06  1.65487624e-06]", "hess_inv": "[[  3.83288696   1.77428