{"conf_id": 30, "data_type": "random\n", "num_data_points": 2, "s_rank": 0, "unitary": "[[-0.45070455-0.02711853j,0.78437395-0.06613086j,0.06358678+0.19963393j,-0.07343613+0.35668523j],[-0.01890143-0.03813363j,0.32408202+0.25557629j,0.05872864-0.68979805j,0.55466693-0.20227297j],[-0.11215405+0.64023111j,-0.13344055+0.29565494j,-0.49012687-0.19046288j,-0.04241254+0.44046348j],[0.55771659+0.24656916j,0.31851997-0.05798805j,0.28761525-0.34294258j,-0.56718418+0.03616933j]]", "databatch_0": {"databatch": "[[[-0.10593666-0.17723121j,-0.29669621-0.10607942j,-0.21888379-0.04192092j,0.14931144-0.31538708j],[0.11996781-0.1402852j,0.00827368+0.32391837j,0.02672356-0.09787446j,0.06603538-0.02800184j],[0.242482-0.04415524j,0.17817783-0.05748749j,-0.29531801-0.00947368j,0.14908492-0.24848011j],[0.23789056-0.33558078j,-0.01522738+0.07792244j,0.25072452-0.01969918j,0.02792497+0.1598162j]],[[0.12106418+0.01478304j,0.15773165-0.42859052j,-0.00877621-0.21682976j,0.08973294+0.12590858j],[-0.03130416-0.04452231j,-0.12836399-0.05366584j,0.05716207-0.00535587j,0.00240225+0.0571994j],[-0.17821317+0.06211227j,0.1157934+0.0144499j,0.04029442-0.28422183j,0.32505084-0.05510499j],[-0.27528895+0.10569198j,-0.05586289+0.3874206j,-0.01331875-0.23626866j,0.33906898-0.15872028j]]]", "nelder_mead": {"0": {"maxiter": 100, "fatol": 1e-05, "xatol": 1e-05, "duration": 0.04358816146850586, "fun": "0.3894761800765991", "nit": "100", "nfev": "155", "status": "2", "success": "False", "message": "Maximum number of iterations has been exceeded.", "x": "[1.40366764 1.08147743 1.05953782 4.15118948 0.85429019 1.09711474]", "final_simplex": "(array([[1.40366764, 1.08147743, 1.05953782, 4.15118948, 0.85429019,\n        1.09711474],\n       [1.38375978, 1.14529377, 1.0557425 , 4.16161946, 0.95046379,\n        1.07519357],\n       [1.33397946, 1.06228705, 1.09396319, 4.20098365, 0.9834691 ,\n        1.14653573],\n       [1.33292485, 1.03561179, 1.12858408, 4.17112309, 0.90260563,\n        1.13094477],\n       [1.42315149, 1.10377952, 1.0654744 , 4.08724911, 0.87701454,\n        1.11731883],\n       [1.31432912, 1.14445507, 1.05683421, 4.26453583, 0.88010491,\n        1.11828681],\n       [1.29027369, 1.17253214, 1.06643905, 4.12596935, 0.92536719,\n        1.06233401]]), array([0.38947618, 0.38955513, 0.38978544, 0.39090589, 0.39121369,\n       0.39135996, 0.39174041]))"}, "1": {"maxiter": 100, "fatol": 1e-05, "xatol": 1e-10, "duration": 0.04029417037963867, "fun": "0.3894761800765991", "nit": "100", "nfev": "155", "status": "2", "success": "False", "message": "Maximum number of iterations has been exceeded.", "x": "[1.40366764 1.08147743 1.05953782 4.15118948 0.85429019 1.09711474]", "final_simplex": "(array([[1.40366764, 1.08147743, 1.05953782, 4.15118948, 0.85429019,\n        1.09711474],\n       [1.38375978, 1.14529377, 1.0557425 , 4.16161946, 0.95046379,\n        1.07519357],\n       [1.33397946, 1.06228705, 1.09396319, 4.20098365, 0.9834691 ,\n        1.14653573],\n       [1.33292485, 1.03561179, 1.12858408, 4.17112309, 0.90260563,\n        1.13094477],\n       [1.42315149, 1.10377952, 1.0654744 , 4.08724911, 0.87701454,\n        1.11731883],\n       [1.31432912, 1.14445507, 1.05683421, 4.26453583, 0.88010491,\n        1.11828681],\n       [1.29027369, 1.17253214, 1.06643905, 4.12596935, 0.92536719,\n        1.06233401]]), array([0.38947618, 0.38955513, 0.38978544, 0.39090589, 0.39121369,\n       0.39135996, 0.39174041]))"}, "2": {"maxiter": 100, "fatol": 1e-10, "xatol": 1e-05, "duration": 0.03890585899353027, "fun": "0.3894761800765991", "nit": "100", "nfev": "155", "status": "2", "success": "False", "message": "Maximum number of iterations has been exceeded.", "x": "[1.40366764 1.08147743 1.05953782 4.15118948 0.85429019 1.09711474]", "final_simplex": "(array([[1.40366764, 1.08147743, 1.05953782, 4.15118948, 0.85429019,\n        1.09711474],\n       [1.38375978, 1.14529377, 1.0557425 , 4.16161946, 0.95046379,\n        1.07519357],\n       [1.33397946, 1.06228705, 1.09396319, 4.20098365, 0.9834691 ,\n        1.14653573],\n       [1.33292485, 1.03561179, 1.12858408, 4.17112309, 0.90260563,\n        1.13094477],\n       [1.42315149, 1.10377952, 1.0654744 , 4.08724911, 0.87701454,\n        1.11731883],\n       [1.31432912, 1.14445507, 1.05683421, 4.26453583, 0.88010491,\n        1.11828681],\n       [1.29027369, 1.17253214, 1.06643905, 4.12596935, 0.92536719,\n        1.06233401]]), array([0.38947618, 0.38955513, 0.38978544, 0.39090589, 0.39121369,\n       0.39135996, 0.39174041]))"}, "3": {"maxiter": 100, "fatol": 1e-10, "xatol": 1e-10, "duration": 0.039849042892456055, "fun": "0.3894761800765991", "nit": "100", "nfev": "155", "status": "2", "success": "False", "message": "Maximum number of iterations has been exceeded.", "x": "[1.40366764 1.08147743 1.05953782 4.15118948 0.85429019 1.09711474]", "final_simplex": "(array([[1.40366764, 1.08147743, 1.05953782, 4.15118948, 0.85429019,\n        1.09711474],\n       [1.38375978, 1.14529377, 1.0557425 , 4.16161946, 0.95046379,\n        1.07519357],\n       [1.33397946, 1.06228705, 1.09396319, 4.20098365, 0.9834691 ,\n        1.14653573],\n       [1.33292485, 1.03561179, 1.12858408, 4.17112309, 0.90260563,\n        1.13094477],\n       [1.42315149, 1.10377952, 1.0654744 , 4.08724911, 0.87701454,\n        1.11731883],\n       [1.31432912, 1.14445507, 1.05683421, 4.26453583, 0.88010491,\n        1.11828681],\n       [1.29027369, 1.17253214, 1.06643905, 4.12596935, 0.92536719,\n        1.06233401]]), array([0.38947618, 0.38955513, 0.38978544, 0.39090589, 0.39121369,\n       0.39135996, 0.39174041]))"}, "4": {"maxiter": 500, "fatol": 1e-05, "xatol": 1e-05, "duration": 0.12426114082336426, "fun": "0.38564425706863403", "nit": "275", "nfev": "478", "status": "0", "success": "True", "message": "Optimization terminated successfully.", "x": "[1.35908747 1.05713629 0.87422065 4.21509529 0.91992674 1.22769932]", "final_simplex": "(array([[1.35908747, 1.05713629, 0.87422065, 4.21509529, 0.91992674,\n        1.22769932],\n       [1.35908741, 1.05713823, 0.87421873, 4.21509515, 0.91992289,\n        1.227696  ],\n       [1.35908915, 1.05714019, 0.8742172 , 4.21509437, 0.91992346,\n        1.22769755],\n       [1.35908618, 1.05713937, 0.87421759, 4.21509249, 0.91992244,\n        1.22769626],\n       [1.35908712, 1.05713713, 0.87421614, 4.21509657, 0.91992277,\n        1.22769854],\n       [1.35908741, 1.05714139, 0.87421705, 4.21509805, 0.91992512,\n        1.22770228],\n       [1.35908584, 1.05713888, 0.87421967, 4.21509572, 0.91992461,\n        1.22769628]]), array([0.38564426, 0.38564426, 0.38564426, 0.38564426, 0.38564426,\n       0.38564426, 0.38564426]))"}, "5": {"maxiter": 500, "fatol": 1e-05, "xatol": 1e-10, "duration": 0.15925240516662598, "fun": "0.38564425706863403", "nit": "291", "nfev": "606", "status": "0", "success": "True", "message": "Optimization terminated successfully.", "x": "[1.35908747 1.05713629 0.87422065 4.21509529 0.91992674 1.22769932]", "final_simplex": "(array([[1.35908747, 1.05713629, 0.87422065, 4.21509529, 0.91992674,\n        1.22769932],\n       [1.35908747, 1.05713629, 0.87422065, 4.21509529, 0.91992674,\n        1.22769932],\n       [1.35908747, 1.05713629, 0.87422065, 4.21509529, 0.91992674,\n        1.22769932],\n       [1.35908747, 1.05713629, 0.87422065, 4.21509529, 0.91992674,\n        1.22769932],\n       [1.35908747, 1.05713629, 0.87422065, 4.21509529, 0.91992674,\n        1.22769932],\n       [1.35908747, 1.05713629, 0.87422065, 4.21509529, 0.91992674,\n        1.22769932],\n       [1.35908747, 1.05713629, 0.87422065, 4.21509529, 0.91992674,\n        1.22769932]]), array([0.38564426, 0.38564426, 0.38564426, 0.38564426, 0.38564426,\n       0.38564426, 0.38564426]))"}, "6": {"maxiter": 500, "fatol": 1e-10, "xatol": 1e-05, "duration": 0.12100911140441895, "fun": "0.38564425706863403", "nit": "275", "nfev": "478", "status": "0", "success": "True", "message": "Optimization terminated successfully.", "x": "[1.35908747 1.05713629 0.87422065 4.21509529 0.91992674 1.22769932]", "final_simplex": "(array([[1.35908747, 1.05713629, 0.87422065, 4.21509529, 0.91992674,\n        1.22769932],\n       [1.35908741, 1.05713823, 0.87421873, 4.21509515, 0.91992289,\n        1.227696  ],\n       [1.35908915, 1.05714019, 0.8742172 , 4.21509437, 0.91992346,\n        1.22769755],\n       [1.35908618, 1.05713937, 0.87421759, 4.21509249, 0.91992244,\n        1.22769626],\n       [1.35908712, 1.05713713, 0.87421614, 4.21509657, 0.91992277,\n        1.22769854],\n       [1.35908741, 1.05714139, 0.87421705, 4.21509805, 0.91992512,\n        1.22770228],\n       [1.35908584, 1.05713888, 0.87421967, 4.21509572, 0.91992461,\n        1.22769628]]), array([0.38564426, 0.38564426, 0.38564426, 0.38564426, 0.38564426,\n       0.38564426, 0.38564426]))"}, "7": {"maxiter": 500, "fatol": 1e-10, "xatol": 1e-10, "duration": 0.14993715286254883, "fun": "0.38564425706863403", "nit": "291", "nfev": "606", "status": "0", "success": "True", "message": "Optimization terminated successfully.", "x": "[1.35908747 1.05713629 0.87422065 4.21509529 0.91992674 1.22769932]", "final_simplex": "(array([[1.35908747, 1.05713629, 0.87422065, 4.21509529, 0.91992674,\n        1.22769932],\n       [1.35908747, 1.05713629, 0.87422065, 4.21509529, 0.91992674,\n        1.22769932],\n       [1.35908747, 1.05713629, 0.87422065, 4.21509529, 0.91992674,\n        1.22769932],\n       [1.35908747, 1.05713629, 0.87422065, 4.21509529, 0.91992674,\n        1.22769932],\n       [1.35908747, 1.05713629, 0.87422065, 4.21509529, 0.91992674,\n        1.22769932],\n       [1.35908747, 1.05713629, 0.87422065, 4.21509529, 0.91992674,\n        1.22769932],\n       [1.35908747, 1.05713629, 0.87422065, 4.21509529, 0.91992674,\n        1.22769932]]), array([0.38564426, 0.38564426, 0.38564426, 0.38564426, 0.38564426,\n       0.38564426, 0.38564426]))"}, "8": {"maxiter": 1000, "fatol": 1e-05, "xatol": 1e-05, "duration": 0.1492938995361328, "fun": "0.38564425706863403", "nit": "275", "nfev": "478", "status": "0", "success": "True", "message": "Optimization terminated successfully.", "x": "[1.35908747 1.05713629 0.87422065 4.21509529 0.91992674 1.22769932]", "final_simplex": "(array([[1.35908747, 1.05713629, 0.87422065, 4.21509529, 0.91992674,\n        1.22769932],\n       [1.35908741, 1.05713823, 0.87421873, 4.21509515, 0.91992289,\n        1.227696  ],\n       [1.35908915, 1.05714019, 0.8742172 , 4.21509437, 0.91992346,\n        1.22769755],\n       [1.35908618, 1.05713937, 0.87421759, 4.21509249, 0.91992244,\n        1.22769626],\n       [1.35908712, 1.05713713, 0.87421614, 4.21509657, 0.91992277,\n        1.22769854],\n       [1.35908741, 1.05714139, 0.87421705, 4.21509805, 0.91992512,\n        1.22770228],\n       [1.35908584, 1.05713888, 0.87421967, 4.21509572, 0.91992461,\n        1.22769628]]), array([0.38564426, 0.38564426, 0.38564426, 0.38564426, 0.38564426,\n       0.38564426, 0.38564426]))"}, "9": {"maxiter": 1000, "fatol": 1e-05, "xatol": 1e-10, "duration": 0.19992494583129883, "fun": "0.38564425706863403", "nit": "291", "nfev": "606", "status": "0", "success": "True", "message": "Optimization terminated successfully.", "x": "[1.35908747 1.05713629 0.87422065 4.21509529 0.91992674 1.22769932]", "final_simplex": "(array([[1.35908747, 1.05713629, 0.87422065, 4.21509529, 0.91992674,\n        1.22769932],\n       [1.35908747, 1.05713629, 0.87422065, 4.21509529, 0.91992674,\n        1.22769932],\n       [1.35908747, 1.05713629, 0.87422065, 4.21509529, 0.91992674,\n        1.22769932],\n       [1.35908747, 1.05713629, 0.87422065, 4.21509529, 0.91992674,\n        1.22769932],\n       [1.35908747, 1.05713629, 0.87422065, 4.21509529, 0.91992674,\n        1.22769932],\n       [1.35908747, 1.05713629, 0.87422065, 4.21509529, 0.91992674,\n        1.22769932],\n       [1.35908747, 1.05713629, 0.87422065, 4.21509529, 0.91992674,\n        1.22769932]]), array([0.38564426, 0.38564426, 0.38564426, 0.38564426, 0.38564426,\n       0.38564426, 0.38564426]))"}, "10": {"maxiter": 1000, "fatol": 1e-10, "xatol": 1e-05, "duration": 0.1364128589630127, "fun": "0.38564425706863403", "nit": "275", "nfev": "478", "status": "0", "success": "True", "message": "Optimization terminated successfully.", "x": "[1.35908747 1.05713629 0.87422065 4.21509529 0.91992674 1.22769932]", "final_simplex": "(array([[1.35908747, 1.05713629, 0.87422065, 4.21509529, 0.91992674,\n        1.22769932],\n       [1.35908741, 1.05713823, 0.87421873, 4.21509515, 0.91992289,\n        1.227696  ],\n       [1.35908915, 1.05714019, 0.8742172 , 4.21509437, 0.91992346,\n        1.22769755],\n       [1.35908618, 1.05713937, 0.87421759, 4.21509249, 0.91992244,\n        1.22769626],\n       [1.35908712, 1.05713713, 0.87421614, 4.21509657, 0.91992277,\n        1.22769854],\n       [1.35908741, 1.05714139, 0.87421705, 4.21509805, 0.91992512,\n        1.22770228],\n       [1.35908584, 1.05713888, 0.87421967, 4.21509572, 0.91992461,\n        1.22769628]]), array([0.38564426, 0.38564426, 0.38564426, 0.38564426, 0.38564426,\n       0.38564426, 0.38564426]))"}, "11": {"maxiter": 1000, "fatol": 1e-10, "xatol": 1e-10, "duration": 0.1865990161895752, "fun": "0.38564425706863403", "nit": "291", "nfev": "606", "status": "0", "success": "True", "message": "Optimization terminated successfully.", "x": "[1.35908747 1.05713629 0.87422065 4.21509529 0.91992674 1.22769932]", "final_simplex": "(array([[1.35908747, 1.05713629, 0.87422065, 4.21509529, 0.91992674,\n        1.22769932],\n       [1.35908747, 1.05713629, 0.87422065, 4.21509529, 0.91992674,\n        1.22769932],\n       [1.35908747, 1.05713629, 0.87422065, 4.21509529, 0.91992674,\n        1.22769932],\n       [1.35908747, 1.05713629, 0.87422065, 4.21509529, 0.91992674,\n        1.22769932],\n       [1.35908747, 1.05713629, 0.87422065, 4.21509529, 0.91992674,\n        1.22769932],\n       [1.35908747, 1.05713629, 0.87422065, 4.21509529, 0.91992674,\n        1.22769932],\n       [1.35908747, 1.05713629, 0.87422065, 4.21509529, 0.91992674,\n        1.22769932]]), array([0.38564426, 0.38564426, 0.38564426, 0.38564426, 0.38564426,\n       0.38564426, 0.38564426]))"}}, "bfgs": {"0": {"maxiter": 100, "gtol": 1e-05, "xrtol": 1e-05, "eps": 1e-05, "duration": 0.04781794548034668, "fun": "0.38565191626548767", "jac": "[0. 0. 0. 0. 0. 0.]", "hess_inv": "[[   7.58311236    0.63812268  -22.66496365   26.35671244   18.04611666\n    26.05960616]\n [   0.63812268    2.9492253    -3.92015073    4.15022778    3.34849432\n     4.15563089]\n [ -22.66496365   -3.92015073  101.59144163 -116.32619262  -76.89845948\n  -115.25920548]\n [  26.35671244    4.15022778 -116.32619262  136.61205157   91.22178785\n   135.2348709 ]\n [  18.04611666    3.34849432  -76.89845948   91.22178785   64.56068698\n    90.3988902 ]\n [  26.05960616    4.15563089 -115.25920548  135.2348709    90.3988902\n   134.16139531]]", "nfev": "133", "njev": "19", "status": "0", "success": "True", "message": "Optimization terminated successfully.", "x": "[1.3662321  1.05958918 0.8745382  4.21610876 0.92199311 1.22424199]", "nit": "14"}, "1": {"maxiter": 100, "gtol": 1e-05, "xrtol": 1e-05, "eps": 1e-10, "duration": 0.00209808349609375, "fun": "0.8990676999092102", "jac": "[0. 0. 0. 0. 0. 0.]", "hess_inv": "[[1 0 0 0 0 0]\n [0 1 0 0 0 0]\n [0 0 1 0 0 0]\n [0 0 0 1 0 0]\n [0 0 0 0 1 0]\n [0 0 0 0 0 1]]", "nfev": "7", "njev": "1", "status": "0", "success": "True", "message": "Optimization terminated successfully.", "x": "[2.96567103 0.93332672 0.5101024  5.23752331 3.40932318 0.90005888]", "nit": "0"}, "2": {"maxiter": 100, "gtol": 1e-05, "xrtol": 1e-10, "eps": 1e-05, "duration": 0.04180598258972168, "fun": "0.38565191626548767", "jac": "[0. 0. 0. 0. 0. 0.]", "hess_inv": "[[   7.58311236    0.63812268  -22.66496365   26.35671244   18.04611666\n    26.05960616]\n [   0.63812268    2.9492253    -3.92015073    4.15022778    3.34849432\n     4.15563089]\n [ -22.66496365   -3.92015073  101.59144163 -116.32619262  -76.89845948\n  -115.25920548]\n [  26.35671244    4.15022778 -116.32619262  136.61205157   91.22178785\n   135.2348709 ]\n [  18.04611666    3.34849432  -76.89845948   91.22178785   64.56068698\n    90.3988902 ]\n [  26.05960616    4.15563089 -115.25920548  135.2348709    90.3988902\n   134.16139531]]", "nfev": "133", "njev": "19", "status": "0", "success": "True", "message": "Optimization terminated successfully.", "x": "[1.3662321  1.05958918 0.8745382  4.21610876 0.92199311 1.22424199]", "nit": "14"}, "3": {"maxiter": 100, "gtol": 1e-05, "xrtol": 1e-10, "eps": 1e-10, "duration": 0.002087831497192383, "fun": "0.8990676999092102", "jac": "[0. 0. 0. 0. 0. 0.]", "hess_inv": "[[1 0 0 0 0 0]\n [0 1 0 0 0 0]\n [0 0 1 0 0 0]\n [0 0 0 1 0 0]\n [0 0 0 0 1 0]\n [0 0 0 0 0 1]]", "nfev": "7", "njev": "1", "status": "0", "success": "True", "message": "Optimization terminated successfully.", "x": "[2.96567103 0.93332672 0.5101024  5.23752331 3.40932318 0.90005888]", "nit": "0"}, "4": {"maxiter": 100, "gtol": 1e-10, "xrtol": 1e-05, "eps": 1e-05, "duration": 0.039315223693847656, "fun": "0.38565191626548767", "jac": "[0. 0. 0. 0. 0. 0.]", "hess_inv": "[[   7.58311236    0.63812268  -22.66496365   26.35671244   18.04611666\n    26.05960616]\n [   0.63812268    2.9492253    -3.92015073    4.15022778    3.34849432\n     4.15563089]\n [ -22.66496365   -3.92015073  101.59144163 -116.32619262  -76.89845948\n  -115.25920548]\n [  26.35671244    4.15022778 -116.32619262  136.61205157   91.22178785\n   135.2348709 ]\n [  18.04611666    3.34849432  -76.89845948   91.22178785   64.56068698\n    90.3988902 ]\n [  26.05960616    4.15563089 -115.25920548  135.2348709    90.3988902\n   134.16139531]]", "nfev": "133", "njev": "19", "status": "0", "success": "True", "message": "Optimization terminated successfully.", "x": "[1.3662321  1.05958918 0.8745382  4.21610876 0.92199311 1.22424199]", "nit": "14"}, "5": {"maxiter": 100, "gtol": 1e-10, "xrtol": 1e-05, "eps": 1e-10, "duration": 0.0019948482513427734, "fun": "0.8990676999092102", "jac": "[0. 0. 0. 0. 0. 0.]", "hess_inv": "[[1 0 0 0 0 0]\n [0 1 0 0 0 0]\n [0 0 1 0 0 0]\n [0 0 0 1 0 0]\n [0 0 0 0 1 0]\n [0 0 0 0 0 1]]", "nfev": "7", "njev": "1", "status": "0", "success": "True", "message": "Optimization terminated successfully.", "x": "[2.96567103 0.93332672 0.5101024  5.23752331 3.40932318 0.90005888]", "nit": "0"}, "6": {"maxiter": 100, "gtol": 1e-10, "xrtol": 1e-10, "eps": 1e-05, "duration": 0.03710198402404785, "fun": "0.38565191626548767", "jac": "[0. 0. 0. 0. 0. 0.]", "hess_inv": "[[   7.58311236    0.63812268  -22.66496365   26.35671244   18.04611666\n    26.05960616]\n [   0.63812268    2.9492253    -3.92015073    4.15022778    3.34849432\n     4.15563089]\n [ -22.66496365   -3.92015073  101.59144163 -116.32619262  -76.89845948\n  -115.25920548]\n [  26.35671244    4.15022778 -116.32619262  136.61205157   91.22178785\n   135.2348709 ]\n [  18.04611666    3.34849432  -76.89845948   91.22178785   64.56068698\n    90.3988902 ]\n [  26.05960616    4.15563089 -115.25920548  135.2348709    90.3988902\n   134.16139531]]", "nfev": "133", "njev": "19", "status": "0", "success": "True", "message": "Optimization terminated successfully.", "x": "[1.3662321  1.05958918 0.8745382  4.21610876 0.92199311 1.22424199]", "nit": "14"}, "7": {"maxiter": 100, "gtol": 1e-10, "xrtol": 1e-10, "eps": 1e-10, "duration": 0.0018780231475830078, "fun": "0.8990676999092102", "jac": "[0. 0. 0. 0. 0. 0.]", "hess_inv": "[[1 0 0 0 0 0]\n [0 1 0 0 0 0]\n [0 0 1 0 0 0]\n [0 0 0 1 0 0]\n [0 0 0 0 1 0]\n [0 0 0 0 0 1]]", "nfev": "7", "njev": "1", "status": "0", "success": "True", "message": "Optimization terminated successfully.", "x": "[2.96567103 0.93332672 0.5101024  5.23752331 3.40932318 0.90005888]", "nit": "0"}, "8": {"maxiter": 500, "gtol": 1e-05, "xrtol": 1e-05, "eps": 1e-05, "duration": 0.03635573387145996, "fun": "0.38565191626548767", "jac": "[0. 0. 0. 0. 0. 0.]", "hess_inv": "[[   7.58311236    0.63812268  -22.66496365   26.35671244   18.04611666\n    26.05960616]\n [   0.63812268    2.9492253    -3.92015073    4.15022778    3.34849432\n     4.15563089]\n [ -22.66496365   -3.92015073  101.59144163 -116.32619262  -76.89845948\n  -115.25920548]\n [  26.35671244    4.15022778 -116.32619262  136.61205157   91.22178785\n   135.2348709 ]\n [  18.04611666    3.34849432  -76.89845948   91.22178785   64.56068698\n    90.3988902 ]\n [  26.05960616    4.15563089 -115.25920548  135.2348709    90.3988902\n   134.16139531]]", "nfev": "133", "njev": "19", "status": "0", "success": "True", "message": "Optimization terminated successfully.", "x": "[1.3662321  1.05958918 0.8745382  4.21610876 0.92199311 1.22424199]", "nit": "14"}, "9": {"maxiter": 500, "gtol": 1e-05, "xrtol": 1e-05, "eps": 1e-10, "duration": 0.001895904541015625, "fun": "0.8990676999092102", "jac": "[0. 0. 0. 0. 0. 0.]", "hess_inv": "[[1 0 0 0 0 0]\n [0 1 0 0 0 0]\n [0 0 1 0 0 0]\n [0 0 0 1 0 0]\n [0 0 0 0 1 0]\n [0 0 0 0 0 1]]", "nfev": "7", "njev": "1", "status": "0", "success": "True", "message": "Optimization terminated successfully.", "x": "[2.96567103 0.93332672 0.5101024  5.23752331 3.40932318 0.90005888]", "nit": "0"}, "10": {"maxiter": 500, "gtol": 1e-05, "xrtol": 1e-10, "eps": 1e-05, "duration": 0.036907196044921875, "fun": "0.38565191626548767", "jac": "[0. 0. 0. 0. 0. 0.]", "hess_inv": "[[   7.58311236    0.63812268  -22.66496365   26.35671244   18.04611666\n    26.05960616]\n [   0.63812268    2.9492253    -3.92015073    4.15022778    3.34849432\n     4.15563089]\n [ -22.66496365   -3.92015073  101.59144163 -116.32619262  -76.89845948\n  -115.25920548]\n [  26.35671244    4.15022778 -116.32619262  136.61205157   91.22178785\n   135.2348709 ]\n [  18.04611666    3.34849432  -76.89845948   91.22178785   64.56068698\n    90.3988902 ]\n [  26.05960616    4.15563089 -115.25920548  135.2348709    90.3988902\n   134.16139531]]", "nfev": "133", "njev": "19", "status": "0", "success": "True", "message": "Optimization terminated successfully.", "x": "[1.3662321  1.05958918 0.8745382  4.21610876 0.92199311 1.22424199]", "nit": "14"}, "11": {"maxiter": 500, "gtol": 1e-05, "xrtol": 1e-10, "eps": 1e-10, "duration": 0.0020618438720703125, "fun": "0.8990676999092102", "jac": "[0. 0. 0. 0. 0. 0.]", "hess_inv": "[[1 0 0 0 0 0]\n [0 1 0 0 0 0]\n [0 0 1 0 0 0]\n [0 0 0 1 0 0]\n [0 0 0 0 1 0]\n [0 0 0 0 0 1]]", "nfev": "7", "njev": "1", "status": "0", "success": "True", "message": "Optimization terminated successfully.", "x": "[2.96567103 0.93332672 0.5101024  5.23752331 3.40932318 0.90005888]", "nit": "0"}, "12": {"maxiter": 500, "gtol": 1e-10, "xrtol": 1e-05, "eps": 1e-05, "duration": 0.03782081604003906, "fun": "0.38565191626548767", "jac": "[0. 0. 0. 0. 0. 0.]", "hess_inv": "[[   7.58311236    0.63812268  -22.66496365   26.35671244   18.04611666\n    26.05960616]\n [   0.63812268    2.9492253    -3.92015073    4.15022778    3.34849432\n     4.15563089]\n [ -22.66496365   -3.92015073  101.59144163 -116.32619262  -76.89845948\n  -115.25920548]\n [  26.35671244    4.15022778 -116.32619262  136.61205157   91.22178785\n   135.2348709 ]\n [  18.04611666    3.34849432  -76.89845948   91.22178785   64.56068698\n    90.3988902 ]\n [  26.05960616    4.15563089 -115.25920548  135.2348709    90.3988902\n   134.16139531]]", "nfev": "133", "njev": "19", "status": "0", "success": "True", "message": "Optimization terminated successfully.", "x": "[1.3662321  1.05958918 0.8745382  4.21610876 0.92199311 1.22424199]", "nit": "14"}, "13": {"maxiter": 500, "gtol": 1e-10, "xrtol": 1e-05, "eps": 1e-10, "duration": 0.0019378662109375, "fun": "0.8990676999092102", "jac": "[0. 0. 0. 0. 0. 0.]", "hess_inv": "[[1 0 0 0 0 0]\n [0 1 0 0 0 0]\n [0 0 1 0 0 0]\n [0 0 0 1 0 0]\n [0 0 0 0 1 0]\n [0 0 0 0 0 1]]", "nfev": "7", "njev": "1", "status": "0", "success": "True", "message": "Optimization terminated successfully.", "x": "[2.96567103 0.93332672 0.5101024  5.23752331 3.40932318 0.90005888]", "nit": "0"}, "14": {"maxiter": 500, "gtol": 1e-10, "xrtol": 1e-10, "eps": 1e-05, "duration": 0.0363621711730957, "fun": "0.38565191626548767", "jac": "[0. 0. 0. 0. 0. 0.]", "hess_inv": "[[   7.58311236    0.63812268  -22.66496365   26.35671244   18.04611666\n    26.05960616]\n [   0.63812268    2.9492253    -3.92015073    4.15022778    3.34849432\n     4.15563089]\n [ -22.66496365   -3.92015073  101.59144163 -116.32619262  -76.89845948\n  -115.25920548]\n [  26.35671244    4.15022778 -116.32619262  136.61205157   91.22178785\n   135.2348709 ]\n [  18.04611666    3.34849432  -76.89845948   91.22178785   64.56068698\n    90.3988902 ]\n [  26.05960616    4.15563089 -115.25920548  135.2348709    90.3988902\n   134.16139531]]", "nfev": "133", "njev": "19", "status": "0", "success": "True", "message": "Optimization terminated successfully.", "x": "[1.3662321  1.05958918 0.8745382  4.21610876 0.92199311 1.22424199]", "nit": "14"}, "15": {"maxiter": 500, "gtol": 1e-10, "xrtol": 1e-10, "eps": 1e-10, "duration": 0.0017321109771728516, "fun": "0.8990676999092102", "jac": "[0. 0. 0. 0. 0. 0.]", "hess_inv": "[[1 0 0 0 0 0]\n [0 1 0 0 0 0]\n [0 0 1 0 0 0]\n [0 0 0 1 0 0]\n [0 0 0 0 1 0]\n [0 0 0 0 0 1]]", "nfev": "7", "njev": "1", "status": "0", "success": "True", "message": "Optimization terminated successfully.", "x": "[2.96567103 0.93332672 0.5101024  5.23752331 3.40932318 0.90005888]", "nit": "0"}, "16": {"maxiter": 1000, "gtol": 1e-05, "xrtol": 1e-05, "eps": 1e-05, "duration": 0.03400993347167969, "fun": "0.38565191626548767", "jac": "[0. 0. 0. 0. 0. 0.]", "hess_inv": "[[   7.58311236    0.63812268  -22.66496365   26.35671244   18.04611666\n    26.05960616]\n [   0.63812268    2.9492253    -3.92015073    4.15022778    3.34849432\n     4.15563089]\n [ -22.66496365   -3.92015073  101.59144163 -116.32619262  -76.89845948\n  -115.25920548]\n [  26.35671244    4.15022778 -116.32619262  136.61205157   91.22178785\n   135.2348709 ]\n [  18.04611666    3.34849432  -76.89845948   91.22178785   64.56068698\n    90.3988902 ]\n [  26.05960616    4.15563089 -115.25920548  135.2348709    90.3988902\n   134.16139531]]", "nfev": "133", "njev": "19", "status": "0", "success": "True", "message": "Optimization terminated successfully.", "x": "[1.3662321  1.05958918 0.8745382  4.21610876 0.92199311 1.22424199]", "nit": "14"}, "17": {"maxiter": 1000, "gtol": 1e-05, "xrtol": 1e-05, "eps": 1e-10, "duration": 0.0018110275268554688, "fun": "0.8990676999092102", "jac": "[0. 0. 0. 0. 0. 0.]", "hess_inv": "[[1 0 0 0 0 0]\n [0 1 0 0 0 0]\n [0 0 1 0 0 0]\n [0 0 0 1 0 0]\n [0 0 0 0 1 0]\n [0 0 0 0 0 1]]", "nfev": "7", "njev": "1", "status": "0", "success": "True", "message": "Optimization terminated successfully.", "x": "[2.96567103 0.93332672 0.5101024  5.23752331 3.40932318 0.90005888]", "nit": "0"}, "18": {"maxiter": 1000, "gtol": 1e-05, "xrtol": 1e-10, "eps": 1e-05, "duration": 0.034388065338134766, "fun": "0.38565191626548767", "jac": "[0. 0. 0. 0. 0. 0.]", "hess_inv": "[[   7.58311236    0.63812268  -22.66496365   26.35671244   18.04611666\n    26.05960616]\n [   0.63812268    2.9492253    -3.92015073    4.15022778    3.34849432\n     4.15563089]\n [ -22.66496365   -3.92015073  101.59144163 -116.32619262  -76.89845948\n  -115.25920548]\n [  26.35671244    4.15022778 -116.32619262  136.61205157   91.22178785\n   135.2348709 ]\n [  18.04611666    3.34849432  -76.89845948   91.22178785   64.56068698\n    90.3988902 ]\n [  26.05960616    4.15563089 -115.25920548  135.2348709    90.3988902\n   134.16139531]]", "nfev": "133", "njev": "19", "status": "0", "success": "True", "message": "Optimization terminated successfully.", "x": "[1.3662321  1.05958918 0.8745382  4.21610876 0.92199311 1.22424199]", "nit": "14"}, "19": {"maxiter": 1000, "gtol": 1e-05, "xrtol": 1e-10, "eps": 1e-10, "duration": 0.001703023910522461, "fun": "0.8990676999092102", "jac": "[0. 0. 0. 0. 0. 0.]", "hess_inv": "[[1 0 0 0 0 0]\n [0 1 0 0 0 0]\n [0 0 1 0 0 0]\n [0 0 0 1 0 0]\n [0 0 0 0 1 0]\n [0 0 0 0 0 1]]", "nfev": "7", "njev": "1", "status": "0", "success": "True", "message": "Optimization terminated successfully.", "x": "[2.96567103 0.93332672 0.5101024  5.23752331 3.40932318 0.90005888]", "nit": "0"}, "20": {"maxiter": 1000, "gtol": 1e-10, "xrtol": 1e-05, "eps": 1e-05, "duration": 0.03412294387817383, "fun": "0.38565191626548767", "jac": "[0. 0. 0. 0. 0. 0.]", "hess_inv": "[[   7.58311236    0.63812268  -22.66496365   26.35671244   18.04611666\n    26.05960616]\n [   0.63812268    2.9492253    -3.92015073    4.15022778    3.34849432\n     4.15563089]\n [ -22.66496365   -3.92015073  101.59144163 -116.32619262  -76.89845948\n  -115.25920548]\n [  26.35671244    4.15022778 -116.32619262  136.61205157   91.22178785\n   135.2348709 ]\n [  18.04611666    3.34849432  -76.89845948   91.22178785   64.56068698\n    90.3988902 ]\n [  26.05960616    4.15563089 -115.25920548  135.2348709    90.3988902\n   134.16139531]]", "nfev": "133", "njev": "19", "status": "0", "success": "True", "message": "Optimization terminated successfully.", "x": "[1.3662321  1.05958918 0.8745382  4.21610876 0.92199311 1.22424199]", "nit": "14"}, "21": {"maxiter": 1000, "gtol": 1e-10, "xrtol": 1e-05, "eps": 1e-10, "duration": 0.0018858909606933594, "fun": "0.8990676999092102", "jac": "[0. 0. 0. 0. 0. 0.]", "hess_inv": "[[1 0 0 0 0 0]\n [0 1 0 0 0 0]\n [0 0 1 0 0 0]\n [0 0 0 1 0 0]\n [0 0 0 0 1 0]\n [0 0 0 0 0 1]]", "nfev": "7", "njev": "1", "status": "0", "success": "True", "message": "Optimization terminated successfully.", "x": "[2.96567103 0.93332672 0.5101024  5.23752331 3.40932318 0.90005888]", "nit": "0"}, "22": {"maxiter": 1000, "gtol": 1e-10, "xrtol": 1e-10, "eps": 1e-05, "duration": 0.034548282623291016, "fun": "0.38565191626548767", "jac": "[0. 0. 0. 0. 0. 0.]", "hess_inv": "[[   7.58311236    0.63812268  -22.66496365   26.35671244   18.04611666\n    26.05960616]\n [   0.63812268    2.9492253    -3.92015073    4.15022778    3.34849432\n     4.15563089]\n [ -22.66496365   -3.92015073  101.59144163 -116.32619262  -76.89845948\n  -115.25920548]\n [  26.35671244    4.15022778 -116.32619262  136.61205157   91.22178785\n   135.2348709 ]\n [  18.04611666    3.34849432  -76.89845948   91.22178785   64.56068698\n    90.3988902 ]\n [  26.05960616    4.15563089 -115.25920548  135.2348709    90.3988902\n   134.16139531]]", "nfev": "133", "njev": "19", "status": "0", "success": "True", "message": "Optimization terminated successfully.", "x": "[1.3662321  1.05958918 0.8745382  4.21610876 0.92199311 1.22424199]", "nit": "14"}, "23": {"maxiter": 1000, "gtol": 1e-10, "xrtol": 1e-10, "eps": 1e-10, "duration": 0.0018429756164550781, "fun": "0.8990676999092102", "jac": "[0. 0. 0. 0. 0. 0.]", "hess_inv": "[[1 0 0 0 0 0]\n [0 1 0 0 0 0]\n [0 0 1 0 0 0]\n [0 0 0 1 0 0]\n [0 0 0 0 1 0]\n [0 0 0 0 0 1]]", "nfev": "7", "njev": "1", "status": "0", "success": "True", "message": "Optimization terminated successfully.", "x": "[2.96567103 0.93332672 0.5101024  5.23752331 3.40932318 0.90005888]", "nit": "0"}}, "cobyla": {"0": {"maxiter": 100, "tol": 1e-05, "catol": 1e-05, "duration": 0.025784015655517578, "x": "[1.35890715 1.05750655 0.87239627 4.21525577 0.92034512 1.22950808]", "status": "2", "success": "False", "message": "Maximum number of function evaluations has been exceeded.", "nfev": "100", "fun": "0.38564440608024597", "maxcv": "0.0"}, "1": {"maxiter": 100, "tol": 1e-05, "catol": 1e-10, "duration": 0.027328968048095703, "x": "[1.35890715 1.05750655 0.87239627 4.21525577 0.92034512 1.22950808]", "status": "2", "success": "False", "message": "Maximum number of function evaluations has been exceeded.", "nfev": "100", "fun": "0.38564440608024597", "maxcv": "0.0"}, "2": {"maxiter": 100, "tol": 1e-10, "catol": 1e-05, "duration": 0.027875900268554688, "x": "[1.35890715 1.05750655 0.87239627 4.21525577 0.92034512 1.22950808]", "status": "2", "success": "False", "message": "Maximum number of function evaluations has been exceeded.", "nfev": "100", "fun": "0.38564440608024597", "maxcv": "0.0"}, "3": {"maxiter": 100, "tol": 1e-10, "catol": 1e-10, "duration": 0.03114485740661621, "x": "[1.35890715 1.05750655 0.87239627 4.21525577 0.92034512 1.22950808]", "status": "2", "success": "False", "message": "Maximum number of function evaluations has been exceeded.", "nfev": "100", "fun": "0.38564440608024597", "maxcv": "0.0"}, "4": {"maxiter": 500, "tol": 1e-05, "catol": 1e-05, "duration": 0.03732919692993164, "x": "[1.35882357 1.05749325 0.87261813 4.21529491 0.92030441 1.22950262]", "status": "1", "success": "True", "message": "Optimization terminated successfully.", "nfev": "119", "fun": "0.3856443762779236", "maxcv": "0.0"}, "5": {"maxiter": 500, "tol": 1e-05, "catol": 1e-10, "duration": 0.03617691993713379, "x": "[1.35882357 1.05749325 0.87261813 4.21529491 0.92030441 1.22950262]", "status": "1", "success": "True", "message": "Optimization terminated successfully.", "nfev": "119", "fun": "0.3856443762779236", "maxcv": "0.0"}, "6": {"maxiter": 500, "tol": 1e-10, "catol": 1e-05, "duration": 0.04758191108703613, "x": "[1.35882357 1.05749325 0.87261813 4.21529491 0.92030441 1.22950262]", "status": "1", "success": "True", "message": "Optimization terminated successfully.", "nfev": "154", "fun": "0.3856443762779236", "maxcv": "0.0"}, "7": {"maxiter": 500, "tol": 1e-10, "catol": 1e-10, "duration": 0.044466257095336914, "x": "[1.35882357 1.05749325 0.87261813 4.21529491 0.92030441 1.22950262]", "status": "1", "success": "True", "message": "Optimization terminated successfully.", "nfev": "154", "fun": "0.3856443762779236", "maxcv": "0.0"}, "8": {"maxiter": 1000, "tol": 1e-05, "catol": 1e-05, "duration": 0.03259587287902832, "x": "[1.35882357 1.05749325 0.87261813 4.21529491 0.92030441 1.22950262]", "status": "1", "success": "True", "message": "Optimization terminated successfully.", "nfev": "119", "fun": "0.3856443762779236", "maxcv": "0.0"}, "9": {"maxiter": 1000, "tol": 1e-05, "catol": 1e-10, "duration": 0.03202009201049805, "x": "[1.35882357 1.05749325 0.87261813 4.21529491 0.92030441 1.22950262]", "status": "1", "success": "True", "message": "Optimization terminated successfully.", "nfev": "119", "fun": "0.3856443762779236", "maxcv": "0.0"}, "10": {"maxiter": 1000, "tol": 1e-10, "catol": 1e-05, "duration": 0.04085588455200195, "x": "[1.35882357 1.05749325 0.87261813 4.21529491 0.92030441 1.22950262]", "status": "1", "success": "True", "message": "Optimization terminated successfully.", "nfev": "154", "fun": "0.3856443762779236", "maxcv": "0.0"}, "11": {"maxiter": 1000, "tol": 1e-10, "catol": 1e-10, "duration": 0.039234161376953125, "x": "[1.35882357 1.05749325 0.87261813 4.21529491 0.92030441 1.22950262]", "status": "1", "success": "True", "message": "Optimization terminated successfully.", "nfev": "154", "fun": "0.3856443762779236", "maxcv": "0.0"}}, "powell": {"0": {"maxiter": 100, "ftol": 1e-05, "xtol": 1e-05, "duration": 0.1527690887451172, "fun": "0.3856451213359833", "direc": "[[1. 0. 0. 0. 0. 0.]\n [0. 1. 0. 0. 0. 0.]\n [0. 0. 1. 0. 0. 0.]\n [0. 0. 0. 1. 0. 0.]\n [0. 0. 0. 0. 1. 0.]\n [0. 0. 0. 0. 0. 1.]]", "nit": "8", "nfev": "619", "status": "0", "success": "True", "message": "Optimization terminated successfully.", "x": "[1.3604514  1.05857608 0.8722323  4.21642704 0.92298168 1.23012604]"}, "1": {"maxiter": 100, "ftol": 1e-05, "xtol": 1e-10, "duration": 0.37035608291625977, "fun": "0.3856450319290161", "direc": "[[1. 0. 0. 0. 0. 0.]\n [0. 1. 0. 0. 0. 0.]\n [0. 0. 1. 0. 0. 0.]\n [0. 0. 0. 1. 0. 0.]\n [0. 0. 0. 0. 1. 0.]\n [0. 0. 0. 0. 0. 1.]]", "nit": "8", "nfev": "1520", "status": "0", "success": "True", "message": "Optimization terminated successfully.", "x": "[1.36044016 1.05856069 0.87238528 4.21636729 0.92277214 1.22990996]"}, "2": {"maxiter": 100, "ftol": 1e-10, "xtol": 1e-05, "duration": 0.26598691940307617, "fun": "0.38564419746398926", "direc": "[[ 1.          0.          0.          0.          0.          0.        ]\n [ 0.          1.          0.          0.          0.          0.        ]\n [ 0.          0.          1.          0.          0.          0.        ]\n [ 0.          0.          0.          1.          0.          0.        ]\n [ 0.          0.          0.          0.          0.          1.        ]\n [-0.00131712 -0.00116153  0.00156009 -0.00145269 -0.00236369 -0.00195745]]", "nit": "10", "nfev": "1084", "status": "0", "success": "True", "message": "Optimization terminated successfully.", "x": "[1.35909223 1.05741455 0.87379239 4.21525173 0.92061799 1.22816859]"}, "3": {"maxiter": 100, "ftol": 1e-10, "xtol": 1e-10, "duration": 0.6458649635314941, "fun": "0.38564419746398926", "direc": "[[ 1.00000000e+00  0.00000000e+00  0.00000000e+00  0.00000000e+00\n   0.00000000e+00  0.00000000e+00]\n [ 0.00000000e+00  1.00000000e+00  0.00000000e+00  0.00000000e+00\n   0.00000000e+00  0.00000000e+00]\n [ 0.00000000e+00  0.00000000e+00  1.00000000e+00  0.00000000e+00\n   0.00000000e+00  0.00000000e+00]\n [ 0.00000000e+00  0.00000000e+00  0.00000000e+00  1.00000000e+00\n   0.00000000e+00  0.00000000e+00]\n [ 0.00000000e+00  0.00000000e+00  0.00000000e+00  0.00000000e+00\n   0.00000000e+00  1.00000000e+00]\n [-1.57530788e-04 -1.55577042e-04  2.24521278e-04 -1.85175384e-04\n  -3.74991285e-04 -2.86820257e-04]]", "nit": "11", "nfev": "2245", "status": "0", "success": "True", "message": "Optimization terminated successfully.", "x": "[1.35905979 1.0574568  0.87387742 4.21520225 0.92032441 1.22802956]"}, "4": {"maxiter": 500, "ftol": 1e-05, "xtol": 1e-05, "duration": 0.16062688827514648, "fun": "0.3856451213359833", "direc": "[[1. 0. 0. 0. 0. 0.]\n [0. 1. 0. 0. 0. 0.]\n [0. 0. 1. 0. 0. 0.]\n [0. 0. 0. 1. 0. 0.]\n [0. 0. 0. 0. 1. 0.]\n [0. 0. 0. 0. 0. 1.]]", "nit": "8", "nfev": "619", "status": "0", "success": "True", "message": "Optimization terminated successfully.", "x": "[1.3604514  1.05857608 0.8722323  4.21642704 0.92298168 1.23012604]"}, "5": {"maxiter": 500, "ftol": 1e-05, "xtol": 1e-10, "duration": 0.37201809883117676, "fun": "0.3856450319290161", "direc": "[[1. 0. 0. 0. 0. 0.]\n [0. 1. 0. 0. 0. 0.]\n [0. 0. 1. 0. 0. 0.]\n [0. 0. 0. 1. 0. 0.]\n [0. 0. 0. 0. 1. 0.]\n [0. 0. 0. 0. 0. 1.]]", "nit": "8", "nfev": "1520", "status": "0", "success": "True", "message": "Optimization terminated successfully.", "x": "[1.36044016 1.05856069 0.87238528 4.21636729 0.92277214 1.22990996]"}, "6": {"maxiter": 500, "ftol": 1e-10, "xtol": 1e-05, "duration": 0.2682807445526123, "fun": "0.38564419746398926", "direc": "[[ 1.          0.          0.          0.          0.          0.        ]\n [ 0.          1.          0.          0.          0.          0.        ]\n [ 0.          0.          1.          0.          0.          0.        ]\n [ 0.          0.          0.          1.          0.          0.        ]\n [ 0.          0.          0.          0.          0.          1.        ]\n [-0.00131712 -0.00116153  0.00156009 -0.00145269 -0.00236369 -0.00195745]]", "nit": "10", "nfev": "1084", "status": "0", "success": "True", "message": "Optimization terminated successfully.", "x": "[1.35909223 1.05741455 0.87379239 4.21525173 0.92061799 1.22816859]"}, "7": {"maxiter": 500, "ftol": 1e-10, "xtol": 1e-10, "duration": 0.6219871044158936, "fun": "0.38564419746398926", "direc": "[[ 1.00000000e+00  0.00000000e+00  0.00000000e+00  0.00000000e+00\n   0.00000000e+00  0.00000000e+00]\n [ 0.00000000e+00  1.00000000e+00  0.00000000e+00  0.00000000e+00\n   0.00000000e+00  0.00000000e+00]\n [ 0.00000000e+00  0.00000000e+00  1.00000000e+00  0.00000000e+00\n   0.00000000e+00  0.00000000e+00]\n [ 0.00000000e+00  0.00000000e+00  0.00000000e+00  1.00000000e+00\n   0.00000000e+00  0.00000000e+00]\n [ 0.00000000e+00  0.00000000e+00  0.00000000e+00  0.00000000e+00\n   0.00000000e+00  1.00000000e+00]\n [-1.57530788e-04 -1.55577042e-04  2.24521278e-04 -1.85175384e-04\n  -3.74991285e-04 -2.86820257e-04]]", "nit": "11", "nfev": "2245", "status": "0", "success": "True", "message": "Optimization terminated successfully.", "x": "[1.35905979 1.0574568  0.87387742 4.21520225 0.92032441 1.22802956]"}, "8": {