{"date": "2024/10/08/, 17:16:35", "conf_id": 15, "data_type": "random\n", "num_data_points": 1, "s_rank": 0, "unitary": "[[-0.45070455-0.02711853j,0.78437395-0.06613086j,0.06358678+0.19963393j,-0.07343613+0.35668523j],[-0.01890143-0.03813363j,0.32408202+0.25557629j,0.05872864-0.68979805j,0.55466693-0.20227297j],[-0.11215405+0.64023111j,-0.13344055+0.29565494j,-0.49012687-0.19046288j,-0.04241254+0.44046348j],[0.55771659+0.24656916j,0.31851997-0.05798805j,0.28761525-0.34294258j,-0.56718418+0.03616933j]]", "databatch_0": {"databatch": "[[[0.04825078-0.04281163j,-0.22970037+0.12409915j,0.28065501-0.24073082j,-0.0622342+0.24174145j],[-0.01314943+0.20267982j,0.01947458-0.11997878j,0.01982135-0.02196487j,-0.14900793+0.04154397j],[0.0443335+0.0269559j,-0.33889203-0.16919102j,-0.04412654+0.20506365j,-0.29372605-0.01268455j],[-0.00935639-0.18411391j,0.4502821-0.09271809j,0.21673413-0.1612324j,-0.22621694+0.04165805j]]]", "initial param values": "[4.2990495,3.73664157,2.5287865,5.15680179,4.87124939,6.16098097]", "nelder_mead": {"type": "gradient-free", "0": {"maxiter": 100, "fatol": 1e-05, "xatol": 1e-05, "duration": 0.05477404594421387, "fun": "0.569775370770297", "nit": "100", "nfev": "154", "status": "2", "success": "False", "message": "Maximum number of iterations has been exceeded.", "x": "[3.22694366 3.72302069 2.25202804 5.10526315 6.73762282 7.40197098]", "final_simplex": "(array([[3.22694366, 3.72302069, 2.25202804, 5.10526315, 6.73762282,\n        7.40197098],\n       [3.22262719, 3.68620178, 2.23703663, 5.05757013, 6.79687612,\n        7.49979746],\n       [3.25882928, 3.66917   , 2.22079399, 5.17609922, 6.78843954,\n        7.47561416],\n       [3.28919073, 3.6495863 , 2.23867691, 5.05274705, 6.77703015,\n        7.48781393],\n       [3.23646216, 3.65140169, 2.28650569, 5.05665946, 6.7821284 ,\n        7.46500449],\n       [3.24470072, 3.68600863, 2.23888399, 5.1418262 , 6.75275179,\n        7.47019838],\n       [3.2209255 , 3.68688766, 2.25944531, 5.15286349, 6.75052602,\n        7.42963752]]), array([0.56977537, 0.5703557 , 0.57046644, 0.57079054, 0.57109905,\n       0.57111572, 0.57112425]))", "callback": [0.9768464923274729, 0.7478348539637523, 0.6551492775819198, 0.607250658683374, 0.6068735330645237, 0.5863453472100705, 0.5831793667375051, 0.5773229963280984, 0.5740936646832133, 0.5711157160892335]}, "1": {"maxiter": 100, "fatol": 1e-05, "xatol": 1e-10, "duration": 0.0523838996887207, "fun": "0.569775370770297", "nit": "100", "nfev": "154", "status": "2", "success": "False", "message": "Maximum number of iterations has been exceeded.", "x": "[3.22694366 3.72302069 2.25202804 5.10526315 6.73762282 7.40197098]", "final_simplex": "(array([[3.22694366, 3.72302069, 2.25202804, 5.10526315, 6.73762282,\n        7.40197098],\n       [3.22262719, 3.68620178, 2.23703663, 5.05757013, 6.79687612,\n        7.49979746],\n       [3.25882928, 3.66917   , 2.22079399, 5.17609922, 6.78843954,\n        7.47561416],\n       [3.28919073, 3.6495863 , 2.23867691, 5.05274705, 6.77703015,\n        7.48781393],\n       [3.23646216, 3.65140169, 2.28650569, 5.05665946, 6.7821284 ,\n        7.46500449],\n       [3.24470072, 3.68600863, 2.23888399, 5.1418262 , 6.75275179,\n        7.47019838],\n       [3.2209255 , 3.68688766, 2.25944531, 5.15286349, 6.75052602,\n        7.42963752]]), array([0.56977537, 0.5703557 , 0.57046644, 0.57079054, 0.57109905,\n       0.57111572, 0.57112425]))", "callback": [0.9768464923274729, 0.7478348539637523, 0.6551492775819198, 0.607250658683374, 0.6068735330645237, 0.5863453472100705, 0.5831793667375051, 0.5773229963280984, 0.5740936646832133, 0.5711157160892335]}, "2": {"maxiter": 100, "fatol": 1e-10, "xatol": 1e-05, "duration": 0.04807901382446289, "fun": "0.569775370770297", "nit": "100", "nfev": "154", "status": "2", "success": "False", "message": "Maximum number of iterations has been exceeded.", "x": "[3.22694366 3.72302069 2.25202804 5.10526315 6.73762282 7.40197098]", "final_simplex": "(array([[3.22694366, 3.72302069, 2.25202804, 5.10526315, 6.73762282,\n        7.40197098],\n       [3.22262719, 3.68620178, 2.23703663, 5.05757013, 6.79687612,\n        7.49979746],\n       [3.25882928, 3.66917   , 2.22079399, 5.17609922, 6.78843954,\n        7.47561416],\n       [3.28919073, 3.6495863 , 2.23867691, 5.05274705, 6.77703015,\n        7.48781393],\n       [3.23646216, 3.65140169, 2.28650569, 5.05665946, 6.7821284 ,\n        7.46500449],\n       [3.24470072, 3.68600863, 2.23888399, 5.1418262 , 6.75275179,\n        7.47019838],\n       [3.2209255 , 3.68688766, 2.25944531, 5.15286349, 6.75052602,\n        7.42963752]]), array([0.56977537, 0.5703557 , 0.57046644, 0.57079054, 0.57109905,\n       0.57111572, 0.57112425]))", "callback": [0.9768464923274729, 0.7478348539637523, 0.6551492775819198, 0.607250658683374, 0.6068735330645237, 0.5863453472100705, 0.5831793667375051, 0.5773229963280984, 0.5740936646832133, 0.5711157160892335]}, "3": {"maxiter": 100, "fatol": 1e-10, "xatol": 1e-10, "duration": 0.041684865951538086, "fun": "0.569775370770297", "nit": "100", "nfev": "154", "status": "2", "success": "False", "message": "Maximum number of iterations has been exceeded.", "x": "[3.22694366 3.72302069 2.25202804 5.10526315 6.73762282 7.40197098]", "final_simplex": "(array([[3.22694366, 3.72302069, 2.25202804, 5.10526315, 6.73762282,\n        7.40197098],\n       [3.22262719, 3.68620178, 2.23703663, 5.05757013, 6.79687612,\n        7.49979746],\n       [3.25882928, 3.66917   , 2.22079399, 5.17609922, 6.78843954,\n        7.47561416],\n       [3.28919073, 3.6495863 , 2.23867691, 5.05274705, 6.77703015,\n        7.48781393],\n       [3.23646216, 3.65140169, 2.28650569, 5.05665946, 6.7821284 ,\n        7.46500449],\n       [3.24470072, 3.68600863, 2.23888399, 5.1418262 , 6.75275179,\n        7.47019838],\n       [3.2209255 , 3.68688766, 2.25944531, 5.15286349, 6.75052602,\n        7.42963752]]), array([0.56977537, 0.5703557 , 0.57046644, 0.57079054, 0.57109905,\n       0.57111572, 0.57112425]))", "callback": [0.9768464923274729, 0.7478348539637523, 0.6551492775819198, 0.607250658683374, 0.6068735330645237, 0.5863453472100705, 0.5831793667375051, 0.5773229963280984, 0.5740936646832133, 0.5711157160892335]}, "4": {"maxiter": 500, "fatol": 1e-05, "xatol": 1e-05, "duration": 0.22527790069580078, "fun": "0.22821192638610543", "nit": "500", "nfev": "775", "status": "2", "success": "False", "message": "Maximum number of iterations has been exceeded.", "x": "[5.05864133 4.64521858 4.22969392 4.7772042  7.55567431 7.305317  ]", "final_simplex": "(array([[5.05864133, 4.64521858, 4.22969392, 4.7772042 , 7.55567431,\n        7.305317  ],\n       [5.058679  , 4.64527915, 4.2296559 , 4.77703746, 7.55556969,\n        7.30530332],\n       [5.0586461 , 4.64536982, 4.22948311, 4.77716559, 7.55566386,\n        7.30551078],\n       [5.05878493, 4.6453589 , 4.22973938, 4.77714198, 7.555808  ,\n        7.30525854],\n       [5.0587236 , 4.64525053, 4.22965505, 4.77712685, 7.55563202,\n        7.30556034],\n       [5.0589201 , 4.64538576, 4.22951472, 4.77742082, 7.5556996 ,\n        7.30536075],\n       [5.05884068, 4.64519314, 4.22964633, 4.77708145, 7.55582433,\n        7.30548197]]), array([0.22821193, 0.22821193, 0.22821193, 0.22821193, 0.22821193,\n       0.22821193, 0.22821194]))", "callback": [0.9768464923274729, 0.7478348539637523, 0.6551492775819198, 0.607250658683374, 0.6068735330645237, 0.5863453472100705, 0.5831793667375051, 0.5773229963280984, 0.5740936646832133, 0.5711157160892335, 0.5693498393736529, 0.5649911440196158, 0.5612174783924735, 0.5533102783735321, 0.5515854508796649, 0.5513057334678999, 0.5510402709496456, 0.5509755888676523, 0.5508797806074854, 0.5506299911603947, 0.5497352981564898, 0.5455858823086944, 0.4643015274853719, 0.4098027806815634, 0.3040042698696396, 0.2350867193080789, 0.2350867193080789, 0.23278869047451, 0.2322138414284619, 0.23171199270090048, 0.23157288565780432, 0.2307857539043836, 0.23004257483033852, 0.22927095729757274, 0.22903802707717924, 0.22835448748085585, 0.2282729988683343, 0.22824545158531495, 0.22824267420061106, 0.22824015256009778, 0.22823934814314129, 0.22823712712868782, 0.22823264571160395, 0.22822077377424066, 0.22821677072683988, 0.2282141455792681, 0.22821297011630304, 0.22821224897215653, 0.22821195129439165, 0.22821193467864076]}, "5": {"maxiter": 500, "fatol": 1e-05, "xatol": 1e-10, "duration": 0.22189998626708984, "fun": "0.22821192638610543", "nit": "500", "nfev": "775", "status": "2", "success": "False", "message": "Maximum number of iterations has been exceeded.", "x": "[5.05864133 4.64521858 4.22969392 4.7772042  7.55567431 7.305317  ]", "final_simplex": "(array([[5.05864133, 4.64521858, 4.22969392, 4.7772042 , 7.55567431,\n        7.305317  ],\n       [5.058679  , 4.64527915, 4.2296559 , 4.77703746, 7.55556969,\n        7.30530332],\n       [5.0586461 , 4.64536982, 4.22948311, 4.77716559, 7.55566386,\n        7.30551078],\n       [5.05878493, 4.6453589 , 4.22973938, 4.77714198, 7.555808  ,\n        7.30525854],\n       [5.0587236 , 4.64525053, 4.22965505, 4.77712685, 7.55563202,\n        7.30556034],\n       [5.0589201 , 4.64538576, 4.22951472, 4.77742082, 7.5556996 ,\n        7.30536075],\n       [5.05884068, 4.64519314, 4.22964633, 4.77708145, 7.55582433,\n        7.30548197]]), array([0.22821193, 0.22821193, 0.22821193, 0.22821193, 0.22821193,\n       0.22821193, 0.22821194]))", "callback": [0.9768464923274729, 0.7478348539637523, 0.6551492775819198, 0.607250658683374, 0.6068735330645237, 0.5863453472100705, 0.5831793667375051, 0.5773229963280984, 0.5740936646832133, 0.5711157160892335, 0.5693498393736529, 0.5649911440196158, 0.5612174783924735, 0.5533102783735321, 0.5515854508796649, 0.5513057334678999, 0.5510402709496456, 0.5509755888676523, 0.5508797806074854, 0.5506299911603947, 0.5497352981564898, 0.5455858823086944, 0.4643015274853719, 0.4098027806815634, 0.3040042698696396, 0.2350867193080789, 0.2350867193080789, 0.23278869047451, 0.2322138414284619, 0.23171199270090048, 0.23157288565780432, 0.2307857539043836, 0.23004257483033852, 0.22927095729757274, 0.22903802707717924, 0.22835448748085585, 0.2282729988683343, 0.22824545158531495, 0.22824267420061106, 0.22824015256009778, 0.22823934814314129, 0.22823712712868782, 0.22823264571160395, 0.22822077377424066, 0.22821677072683988, 0.2282141455792681, 0.22821297011630304, 0.22821224897215653, 0.22821195129439165, 0.22821193467864076]}, "6": {"maxiter": 500, "fatol": 1e-10, "xatol": 1e-05, "duration": 0.24657368659973145, "fun": "0.22821192638610543", "nit": "500", "nfev": "775", "status": "2", "success": "False", "message": "Maximum number of iterations has been exceeded.", "x": "[5.05864133 4.64521858 4.22969392 4.7772042  7.55567431 7.305317  ]", "final_simplex": "(array([[5.05864133, 4.64521858, 4.22969392, 4.7772042 , 7.55567431,\n        7.305317  ],\n       [5.058679  , 4.64527915, 4.2296559 , 4.77703746, 7.55556969,\n        7.30530332],\n       [5.0586461 , 4.64536982, 4.22948311, 4.77716559, 7.55566386,\n        7.30551078],\n       [5.05878493, 4.6453589 , 4.22973938, 4.77714198, 7.555808  ,\n        7.30525854],\n       [5.0587236 , 4.64525053, 4.22965505, 4.77712685, 7.55563202,\n        7.30556034],\n       [5.0589201 , 4.64538576, 4.22951472, 4.77742082, 7.5556996 ,\n        7.30536075],\n       [5.05884068, 4.64519314, 4.22964633, 4.77708145, 7.55582433,\n        7.30548197]]), array([0.22821193, 0.22821193, 0.22821193, 0.22821193, 0.22821193,\n       0.22821193, 0.22821194]))", "callback": [0.9768464923274729, 0.7478348539637523, 0.6551492775819198, 0.607250658683374, 0.6068735330645237, 0.5863453472100705, 0.5831793667375051, 0.5773229963280984, 0.5740936646832133, 0.5711157160892335, 0.5693498393736529, 0.5649911440196158, 0.5612174783924735, 0.5533102783735321, 0.5515854508796649, 0.5513057334678999, 0.5510402709496456, 0.5509755888676523, 0.5508797806074854, 0.5506299911603947, 0.5497352981564898, 0.5455858823086944, 0.4643015274853719, 0.4098027806815634, 0.3040042698696396, 0.2350867193080789, 0.2350867193080789, 0.23278869047451, 0.2322138414284619, 0.23171199270090048, 0.23157288565780432, 0.2307857539043836, 0.23004257483033852, 0.22927095729757274, 0.22903802707717924, 0.22835448748085585, 0.2282729988683343, 0.22824545158531495, 0.22824267420061106, 0.22824015256009778, 0.22823934814314129, 0.22823712712868782, 0.22823264571160395, 0.22822077377424066, 0.22821677072683988, 0.2282141455792681, 0.22821297011630304, 0.22821224897215653, 0.22821195129439165, 0.22821193467864076]}, "7": {"maxiter": 500, "fatol": 1e-10, "xatol": 1e-10, "duration": 0.23949694633483887, "fun": "0.22821192638610543", "nit": "500", "nfev": "775", "status": "2", "success": "False", "message": "Maximum number of iterations has been exceeded.", "x": "[5.05864133 4.64521858 4.22969392 4.7772042  7.55567431 7.305317  ]", "final_simplex": "(array([[5.05864133, 4.64521858, 4.22969392, 4.7772042 , 7.55567431,\n        7.305317  ],\n       [5.058679  , 4.64527915, 4.2296559 , 4.77703746, 7.55556969,\n        7.30530332],\n       [5.0586461 , 4.64536982, 4.22948311, 4.77716559, 7.55566386,\n        7.30551078],\n       [5.05878493, 4.6453589 , 4.22973938, 4.77714198, 7.555808  ,\n        7.30525854],\n       [5.0587236 , 4.64525053, 4.22965505, 4.77712685, 7.55563202,\n        7.30556034],\n       [5.0589201 , 4.64538576, 4.22951472, 4.77742082, 7.5556996 ,\n        7.30536075],\n       [5.05884068, 4.64519314, 4.22964633, 4.77708145, 7.55582433,\n        7.30548197]]), array([0.22821193, 0.22821193, 0.22821193, 0.22821193, 0.22821193,\n       0.22821193, 0.22821194]))", "callback": [0.9768464923274729, 0.7478348539637523, 0.6551492775819198, 0.607250658683374, 0.6068735330645237, 0.5863453472100705, 0.5831793667375051, 0.5773229963280984, 0.5740936646832133, 0.5711157160892335, 0.5693498393736529, 0.5649911440196158, 0.5612174783924735, 0.5533102783735321, 0.5515854508796649, 0.5513057334678999, 0.5510402709496456, 0.5509755888676523, 0.5508797806074854, 0.5506299911603947, 0.5497352981564898, 0.5455858823086944, 0.4643015274853719, 0.4098027806815634, 0.3040042698696396, 0.2350867193080789, 0.2350867193080789, 0.23278869047451, 0.2322138414284619, 0.23171199270090048, 0.23157288565780432, 0.2307857539043836, 0.23004257483033852, 0.22927095729757274, 0.22903802707717924, 0.22835448748085585, 0.2282729988683343, 0.22824545158531495, 0.22824267420061106, 0.22824015256009778, 0.22823934814314129, 0.22823712712868782, 0.22823264571160395, 0.22822077377424066, 0.22821677072683988, 0.2282141455792681, 0.22821297011630304, 0.22821224897215653, 0.22821195129439165, 0.22821193467864076]}, "8": {"maxiter": 1000, "fatol": 1e-05, "xatol": 1e-05, "duration": 0.273651123046875, "fun": "0.22821192080824693", "nit": "551", "nfev": "859", "status": "0", "success": "True", "message": "Optimization terminated successfully.", "x": "[5.0587436  4.64525537 4.2295733  4.7772163  7.55557367 7.30538336]", "final_simplex": "(array([[5.0587436 , 4.64525537, 4.2295733 , 4.7772163 , 7.55557367,\n        7.30538336],\n       [5.05874517, 4.64526056, 4.22957209, 4.77721274, 7.55557559,\n        7.30538118],\n       [5.0587465 , 4.64525849, 4.22957298, 4.77721318, 7.55557684,\n        7.30538382],\n       [5.05874901, 4.64525568, 4.22957835, 4.77721242, 7.55557234,\n        7.30537661],\n       [5.05875099, 4.64525628, 4.22957467, 4.77721084, 7.55558274,\n        7.30538065],\n       [5.05874662, 4.64525278, 4.22957224, 4.77721063, 7.55557287,\n        7.3053836 ],\n       [5.0587535 , 4.64525542, 4.22957   , 4.77721971, 7.55557114,\n        7.30538174]]), array([0.22821192, 0.22821192, 0.22821192, 0.22821192, 0.22821192,\n       0.22821192, 0.22821192]))", "callback": [0.9768464923274729, 0.7478348539637523, 0.6551492775819198, 0.607250658683374, 0.6068735330645237, 0.5863453472100705, 0.5831793667375051, 0.5773229963280984, 0.5740936646832133, 0.5711157160892335, 0.5693498393736529, 0.5649911440196158, 0.5612174783924735, 0.5533102783735321, 0.5515854508796649, 0.5513057334678999, 0.5510402709496456, 0.5509755888676523, 0.5508797806074854, 0.5506299911603947, 0.5497352981564898, 0.5455858823086944, 0.4643015274853719, 0.4098027806815634, 0.3040042698696396, 0.2350867193080789, 0.2350867193080789, 0.23278869047451, 0.2322138414284619, 0.23171199270090048, 0.23157288565780432, 0.2307857539043836, 0.23004257483033852, 0.22927095729757274, 0.22903802707717924, 0.22835448748085585, 0.2282729988683343, 0.22824545158531495, 0.22824267420061106, 0.22824015256009778, 0.22823934814314129, 0.22823712712868782, 0.22823264571160395, 0.22822077377424066, 0.22821677072683988, 0.2282141455792681, 0.22821297011630304, 0.22821224897215653, 0.22821195129439165, 0.22821193467864076, 0.22821192447077787, 0.22821192263116297, 0.22821192119604605, 0.2282119208980926, 0.22821192082178665, 0.22821192080824693]}, "9": {"maxiter": 1000, "fatol": 1e-05, "xatol": 1e-10, "duration": 0.3621842861175537, "fun": "0.22821192080313213", "nit": "712", "nfev": "1167", "status": "0", "success": "True", "message": "Optimization terminated successfully.", "x": "[5.05874717 4.64525711 4.22957507 4.77721706 7.55557706 7.30537914]", "final_simplex": "(array([[5.05874717, 4.64525711, 4.22957507, 4.77721706, 7.55557706,\n        7.30537914],\n       [5.05874717, 4.64525711, 4.22957507, 4.77721706, 7.55557706,\n        7.30537914],\n       [5.05874717, 4.64525711, 4.22957507, 4.77721706, 7.55557706,\n        7.30537914],\n       [5.05874717, 4.64525711, 4.22957507, 4.77721706, 7.55557706,\n        7.30537914],\n       [5.05874717, 4.64525711, 4.22957507, 4.77721706, 7.55557706,\n        7.30537914],\n       [5.05874717, 4.64525711, 4.22957507, 4.77721706, 7.55557706,\n        7.30537914],\n       [5.05874717, 4.64525711, 4.22957507, 4.77721706, 7.55557706,\n        7.30537914]]), array([0.22821192, 0.22821192, 0.22821192, 0.22821192, 0.22821192,\n       0.22821192, 0.22821192]))", "callback": [0.9768464923274729, 0.7478348539637523, 0.6551492775819198, 0.607250658683374, 0.6068735330645237, 0.5863453472100705, 0.5831793667375051, 0.5773229963280984, 0.5740936646832133, 0.5711157160892335, 0.5693498393736529, 0.5649911440196158, 0.5612174783924735, 0.5533102783735321, 0.5515854508796649, 0.5513057334678999, 0.5510402709496456, 0.5509755888676523, 0.5508797806074854, 0.5506299911603947, 0.5497352981564898, 0.5455858823086944, 0.4643015274853719, 0.4098027806815634, 0.3040042698696396, 0.2350867193080789, 0.2350867193080789, 0.23278869047451, 0.2322138414284619, 0.23171199270090048, 0.23157288565780432, 0.2307857539043836, 0.23004257483033852, 0.22927095729757274, 0.22903802707717924, 0.22835448748085585, 0.2282729988683343, 0.22824545158531495, 0.22824267420061106, 0.22824015256009778, 0.22823934814314129, 0.22823712712868782, 0.22823264571160395, 0.22822077377424066, 0.22821677072683988, 0.2282141455792681, 0.22821297011630304, 0.22821224897215653, 0.22821195129439165, 0.22821193467864076, 0.22821192447077787, 0.22821192263116297, 0.22821192119604605, 0.2282119208980926, 0.22821192082178665, 0.22821192080824693, 0.22821192080412012, 0.22821192080353736, 0.22821192080323893, 0.22821192080315755, 0.228211920803153, 0.228211920803145, 0.22821192080314012, 0.22821192080313757, 0.22821192080313646, 0.22821192080313568, 0.2282119208031348, 0.22821192080313313, 0.22821192080313268, 0.22821192080313224, 0.22821192080313213, 0.22821192080313213]}, "10": {"maxiter": 1000, "fatol": 1e-10, "xatol": 1e-05, "duration": 0.24701809883117676, "fun": "0.22821192080824693", "nit": "551", "nfev": "859", "status": "0", "success": "True", "message": "Optimization terminated successfully.", "x": "[5.0587436  4.64525537 4.2295733  4.7772163  7.55557367 7.30538336]", "final_simplex": "(array([[5.0587436 , 4.64525537, 4.2295733 , 4.7772163 , 7.55557367,\n        7.30538336],\n       [5.05874517, 4.64526056, 4.22957209, 4.77721274, 7.55557559,\n        7.30538118],\n       [5.0587465 , 4.64525849, 4.22957298, 4.77721318, 7.55557684,\n        7.30538382],\n       [5.05874901, 4.64525568, 4.22957835, 4.77721242, 7.55557234,\n        7.30537661],\n       [5.05875099, 4.64525628, 4.22957467, 4.77721084, 7.55558274,\n        7.30538065],\n       [5.05874662, 4.64525278, 4.22957224, 4.77721063, 7.55557287,\n        7.3053836 ],\n       [5.0587535 , 4.64525542, 4.22957   , 4.77721971, 7.55557114,\n        7.30538174]]), array([0.22821192, 0.22821192, 0.22821192, 0.22821192, 0.22821192,\n       0.22821192, 0.22821192]))", "callback": [0.9768464923274729, 0.7478348539637523, 0.6551492775819198, 0.607250658683374, 0.6068735330645237, 0.5863453472100705, 0.5831793667375051, 0.5773229963280984, 0.5740936646832133, 0.5711157160892335, 0.5693498393736529, 0.5649911440196158, 0.5612174783924735, 0.5533102783735321, 0.5515854508796649, 0.5513057334678999, 0.5510402709496456, 0.5509755888676523, 0.5508797806074854, 0.5506299911603947, 0.5497352981564898, 0.5455858823086944, 0.4643015274853719, 0.4098027806815634, 0.3040042698696396, 0.2350867193080789, 0.2350867193080789, 0.23278869047451, 0.2322138414284619, 0.23171199270090048, 0.23157288565780432, 0.2307857539043836, 0.23004257483033852, 0.22927095729757274, 0.22903802707717924, 0.22835448748085585, 0.2282729988683343, 0.22824545158531495, 0.22824267420061106, 0.22824015256009778, 0.22823934814314129, 0.22823712712868782, 0.22823264571160395, 0.22822077377424066, 0.22821677072683988, 0.2282141455792681, 0.22821297011630304, 0.22821224897215653, 0.22821195129439165, 0.22821193467864076, 0.22821192447077787, 0.22821192263116297, 0.22821192119604605, 0.2282119208980926, 0.22821192082178665, 0.22821192080824693]}, "11": {"maxiter": 1000, "fatol": 1e-10, "xatol": 1e-10, "duration": 0.3420112133026123, "fun": "0.22821192080313213", "nit": "712", "nfev": "1167", "status": "0", "success": "True", "message": "Optimization terminated successfully.", "x": "[5.05874717 4.64525711 4.22957507 4.77721706 7.55557706 7.30537914]", "final_simplex": "(array([[5.05874717, 4.64525711, 4.22957507, 4.77721706, 7.55557706,\n        7.30537914],\n       [5.05874717, 4.64525711, 4.22957507, 4.77721706, 7.55557706,\n        7.30537914],\n       [5.05874717, 4.64525711, 4.22957507, 4.77721706, 7.55557706,\n        7.30537914],\n       [5.05874717, 4.64525711, 4.22957507, 4.77721706, 7.55557706,\n        7.30537914],\n       [5.05874717, 4.64525711, 4.22957507, 4.77721706, 7.55557706,\n        7.30537914],\n       [5.05874717, 4.64525711, 4.22957507, 4.77721706, 7.55557706,\n        7.30537914],\n       [5.05874717, 4.64525711, 4.22957507, 4.77721706, 7.55557706,\n        7.30537914]]), array([0.22821192, 0.22821192, 0.22821192, 0.22821192, 0.22821192,\n       0.22821192, 0.22821192]))", "callback": [0.9768464923274729, 0.7478348539637523, 0.6551492775819198, 0.607250658683374, 0.6068735330645237, 0.5863453472100705, 0.5831793667375051, 0.5773229963280984, 0.5740936646832133, 0.5711157160892335, 0.5693498393736529, 0.5649911440196158, 0.5612174783924735, 0.5533102783735321, 0.5515854508796649, 0.5513057334678999, 0.5510402709496456, 0.5509755888676523, 0.5508797806074854, 0.5506299911603947, 0.5497352981564898, 0.5455858823086944, 0.4643015274853719, 0.4098027806815634, 0.3040042698696396, 0.2350867193080789, 0.2350867193080789, 0.23278869047451, 0.2322138414284619, 0.23171199270090048, 0.23157288565780432, 0.2307857539043836, 0.23004257483033852, 0.22927095729757274, 0.22903802707717924, 0.22835448748085585, 0.2282729988683343, 0.22824545158531495, 0.22824267420061106, 0.22824015256009778, 0.22823934814314129, 0.22823712712868782, 0.22823264571160395, 0.22822077377424066, 0.22821677072683988, 0.2282141455792681, 0.22821297011630304, 0.22821224897215653, 0.22821195129439165, 0.22821193467864076, 0.22821192447077787, 0.22821192263116297, 0.22821192119604605, 0.2282119208980926, 0.22821192082178665, 0.22821192080824693, 0.22821192080412012, 0.22821192080353736, 0.22821192080323893, 0.22821192080315755, 0.228211920803153, 0.228211920803145, 0.22821192080314012, 0.22821192080313757, 0.22821192080313646, 0.22821192080313568, 0.2282119208031348, 0.22821192080313313, 0.22821192080313268, 0.22821192080313224, 0.22821192080313213, 0.22821192080313213]}}, "bfgs": {"type": "gradient", "0": {"maxiter": 100, "gtol": 1e-05, "xrtol": 1e-05, "eps": 1e-05, "duration": 0.049842119216918945, "fun": "0.22821192101779197", "jac": "[ 2.08368878e-06  6.38050723e-06  3.13126192e-06 -5.58426638e-06\n -6.35784758e-06  5.02741182e-06]", "hess_inv": "[[ 3.3936819  -0.72121635  0.86490452  0.34413847  0.90358794  0.20689734]\n [-0.72121635  4.28202327 -1.94345998  0.51939342  0.43991816 -1.45516534]\n [ 0.86490452 -1.94345998  5.39609219 -1.21902798  1.04019107 -1.36815354]\n [ 0.34413847  0.51939342 -1.21902798  2.63558606 -0.62535528  0.65234862]\n [ 0.90358794  0.43991816  1.04019107 -0.62535528  2.95597143 -0.37190279]\n [ 0.20689734 -1.45516534 -1.36815354  0.65234862 -0.37190279  3.57247634]]", "nfev": "182", "njev": "26", "status": "0", "success": "True", "message": "Optimization terminated successfully.", "x": "[5.05873656 4.64526806 4.22956966 4.77719722 7.55554938 7.30538581]", "nit": "17", "callback": [0.6162792454799776, 0.6114906259519346, 0.42505884990681053, 0.34536352668662473, 0.2809856357452092, 0.2506779347102729, 0.23755061618057705, 0.23218178144608637, 0.23014105364869009, 0.22870686979760335, 0.22821927745980475, 0.22821641083646882, 0.2282134950849134, 0.22821220242894635, 0.22821193793332029, 0.2282119219330062, 0.22821192101779197]}, "1": {"maxiter": 100, "gtol": 1e-05, "xrtol": 1e-05, "eps": 1e-10, "duration": 0.05413699150085449, "fun": "0.22821192098620613", "jac": "[ 3.33066880e-06  5.55111466e-06  2.22044587e-06 -6.66133760e-06\n -4.44089173e-06  6.66133760e-06]", "hess_inv": "[[ 3.51193673 -0.66856101  0.76053247  0.29019651  1.05685148  0.32440854]\n [-0.66856101  4.22601894 -1.83541236  0.57918271  0.44332043 -1.43708733]\n [ 0.76053247 -1.83541236  5.21683    -1.3241107   0.99655619 -1.39202373]\n [ 0.29019651  0.57918271 -1.3241107   2.57845401 -0.62212175  0.63308219]\n [ 1.05685148  0.44332043  0.99655619 -0.62212175  3.08163694 -0.22290505]\n [ 0.32440854 -1.43708733 -1.39202373  0.63308219 -0.22290505  3.64813372]]", "nfev": "182", "njev": "26", "status": "0", "success": "True", "message": "Optimization terminated successfully.", "x": "[5.05875661 4.64526982 4.22956714 4.77721156 7.55556371 7.30539999]", "nit": "17", "callback": [0.6162797095781705, 0.6114930111525406, 0.4250967282891124, 0.34534912319376476, 0.28099982933990664, 0.25068435293262736, 0.2375572879888952, 0.23218703780199512, 0.23014190737780804, 0.22870900471951816, 0.22821928598631613, 0.22821641020651884, 0.22821350737614465, 0.2282122087843439, 0.2282119370503679, 0.228211922000931, 0.22821192098620613]}, "2": {"maxiter": 100, "gtol": 1e-05, "xrtol": 1e-10, "eps": 1e-05, "duration": 0.051603078842163086, "fun": "0.22821192101779197", "jac": "[ 2.08368878e-06  6.38050723e-06  3.13126192e-06 -5.58426638e-06\n -6.35784758e-06  5.02741182e-06]", "hess_inv": "[[ 3.3936819  -0.72121635  0.86490452  0.34413847  0.90358794  0.20689734]\n [-0.72121635  4.28202327 -1.94345998  0.51939342  0.43991816 -1.45516534]\n [ 0.86490452 -1.94345998  5.39609219 -1.21902798  1.04019107 -1.36815354]\n [ 0.34413847  0.51939342 -1.21902798  2.63558606 -0.62535528  0.65234862]\n [ 0.90358794  0.43991816  1.04019107 -0.62535528  2.95597143 -0.37190279]\n [ 0.20689734 -1.45516534 -1.36815354  0.65234862 -0.37190279  3.57247634]]", "nfev": "182", "njev": "26", "status": "0", "success": "True", "message": "Optimization terminated successfully.", "x": "[5.05873656 4.64526806 4.22956966 4.77719722 7.55554938 7.30538581]", "nit": "17", "callback": [0.6162792454799776, 0.6114906259519346, 0.42505884990681053, 0.34536352668662473, 0.2809856357452092, 0.2506779347102729, 0.23755061618057705, 0.23218178144608637, 0.23014105364869009, 0.22870686979760335, 0.22821927745980475, 0.22821641083646882, 0.2282134950849134, 0.22821220242894635, 0.22821193793332029, 0.2282119219330062, 0.22821192101779197]}, "3": {"maxiter": 100, "gtol": 1e-05, "xrtol": 1e-10, "eps": 1e-10, "duration": 0.0539548397064209, "fun": "0.22821192098620613", "jac": "[ 3.33066880e-06  5.55111466e-06  2.22044587e-06 -6.66133760e-06\n -4.44089173e-06  6.66133760e-06]", "hess_inv": "[[ 3.51193673 -0.66856101  0.76053247  0.29019651  1.05685148  0.32440854]\n [-0.66856101  4.22601894 -1.83541236  0.57918271  0.44332043 -1.43708733]\n [ 0.76053247 -1.83541236  5.21683    -1.3241107   0.99655619 -1.39202373]\n [ 0.29019651  0.57918271 -1.3241107   2.57845401 -0.62212175  0.63308219]\n [ 1.05685148  0.44332043  0.99655619 -0.62212175  3.08163694 -0.22290505]\n [ 0.32440854 -1.43708733 -1.39202373  0.63308219 -0.22290505  3.64813372]]", "nfev": "182", "njev": "26", "status": "0", "success": "True", "message": "Optimization terminated successfully.", "x": "[5.05875661 4.64526982 4.22956714 4.77721156 7.55556371 7.30539999]", "nit": "17", "callback": [0.6162797095781705, 0.6114930111525406, 0.4250967282891124, 0.34534912319376476, 0.28099982933990664, 0.25068435293262736, 0.2375572879888952, 0.23218703780199512, 0.23014190737780804, 0.22870900471951816, 0.22821928598631613, 0.22821641020651884, 0.22821350737614465, 0.2282122087843439, 0.2282119370503679, 0.228211922000931, 0.22821192098620613]}, "4": {"maxiter": 100, "gtol": 1e-10, "xrtol": 1e-05, "eps": 1e-05, "duration": 0.058905839920043945, "fun": "0.22821192101779197", "jac": "[ 2.08368878e-06  6.38050723e-06  3.13126192e-06 -5.58426638e-06\n -6.35784758e-06  5.02741182e-06]", "hess_inv": "[[ 3.3936819  -0.72121635  0.86490452  0.34413847  0.90358794  0.20689734]\n [-0.72121635  4.28202327 -1.94345998  0.51939342  0.43991816 -1.45516534]\n [ 0.86490452 -1.94345998  5.39609219 -1.21902798  1.04019107 -1.36815354]\n [ 0.34413847  0.51939342 -1.21902798  2.63558606 -0.62535528  0.65234862]\n [ 0.90358794  0.43991816  1.04019107 -0.62535528  2.95597143 -0.37190279]\n [ 0.20689734 -1.45516534 -1.36815354  0.65234862 -0.37190279  3.57247634]]", "nfev": "182", "njev": "26", "status": "0", "success": "True", "message": "Optimization terminated successfully.", "x": "[5.05873656 4.64526806 4.22956966 4.77719722 7.55554938 7.30538581]", "nit": "17", "callback": [0.6162792454799776, 0.6114906259519346, 0.42505884990681053, 0.34536352668662473, 0.2809856357452092, 0.2506779347102729, 0.23755061618057705, 0.23218178144608637, 0.23014105364869009, 0.22870686979760335, 0.22821927745980475, 0.22821641083646882, 0.2282134950849134, 0.22821220242894635, 0.22821193793332029, 0.2282119219330062, 0.22821192101779197]}, "5": {"maxiter": 100, "gtol": 1e-10, "xrtol": 1e-05, "eps": 1e-10, "duration": 0.060434818267822266, "fun": "0.22821192098620613", "jac": "[ 3.33066880e-06  5.55111466e-06  2.22044587e-06 -6.66133760e-06\n -4.44089173e-06  6.66133760e-06]", "hess_inv": "[[ 3.51193673 -0.66856101  0.76053247  0.29019651  1.05685148  0.32440854]\n [-0.66856101  4.22601894 -1.83541236  0.57918271  0.44332043 -1.43708733]\n [ 0.76053247 -1.83541236  5.21683    -1.3241107   0.99655619 -1.39202373]\n [ 0.29019651  0.57918271 -1.3241107   2.57845401 -0.62212175  0.63308219]\n [ 1.05685148  0.44332043  0.99655619 -0.62212175  3.08163694 -0.22290505]\n [ 0.32440854 -1.43708733 -1.39202373  0.63308219 -0.22290505  3.64813372]]", "nfev": "182", "njev": "26", "status": "0", "success": "True", "message": "Optimization terminated successfully.", "x": "[5.05875661 4.64526982 4.22956714 4.77721156 7.55556371 7.30539999]", "nit": "17", "callback": [0.6162797095781705, 0.6114930111525406, 0.4250967282891124, 0.34534912319376476, 0.28099982933990664, 0.25068435293262736, 0.2375572879888952, 0.23218703780199512, 0.23014190737780804, 0.22870900471951816, 0.22821928598631613, 0.22821641020651884, 0.22821350737614465, 0.2282122087843439, 0.2282119370503679, 0.228211922000931, 0.22821192098620613]}, "6": {"maxiter": 100, "gtol": 1e-10, "xrtol": 1e-10, "eps": 1e-05, "duration": 0.12995290756225586, "fun": "0.22821192082703634", "jac": "[ 2.75779399e-07  2.75890422e-08 -1.31061828e-07 -1.99951167e-07\n  1.06725739e-07  3.61832786e-07]", "hess_inv": "[[ 3.33860016 -0.71410306  0.90673338  0.34387516  0.79664471  0.17202229]\n [-0.71410306  4.4193986  -1.98448376  0.32375235  0.154005   -1.26015374]\n [ 0.90673338 -1.98448376  5.37354187 -1.16804228  1.20008873 -1.39160939]\n [ 0.34387516  0.32375235 -1.16804228  2.91623341 -0.18715734  0.37405836]\n [ 0.79664471  0.154005    1.20008873 -0.18715734  3.45444388 -0.88562174]\n [ 0.17202229 -1.26015374 -1.39160939  0.37405836 -0.88562174  3.83224087]]", "nfev": "445", "njev": "62", "status": "2", "success": "False", "message": "Desired error not necessarily achieved due to precision loss.", "x": "[5.0587394  4.64525537 4.22957037 4.77721155 7.55556956 7.30537768]", "nit": "19", "callback": [0.6162792454799776, 0.6114906259519346, 0.42505884990681053, 0.34536352668662473, 0.2809856357452092, 0.2506779347102729, 0.23755061618057705, 0.23218178144608637, 0.23014105364869009, 0.22870686979760335, 0.22821927745980475, 0.22821641083646882, 0.2282134950849134, 0.22821220242894635, 0.22821193793332029, 0.2282119219330062, 0.22821192101779197, 0.22821192084225528, 0.22821192082703634]}, "7": {"maxiter": 100, "gtol": 1e-10, "xrtol": 1e-10, "eps": 1e-10, "duration": 0.09351396560668945, "fun": "0.22821192080955077", "jac": "[ 2.22044587e-06  0.00000000e+00 -1.11022293e-06  1.11022293e-06\n -1.11022293e-06 -1.11022293e-06]", "hess_inv": "[[ 0.2330283   0.12585188  0.04094202  0.0301274   0.01110933  0.39498717]\n [ 0.12585188  0.19362423 -0.00150647  0.10158891 -0.0015418   0.37649961]\n [ 0.04094202 -0.00150647  0.06998378 -0.03068895 -0.02469236  0.02681348]\n [ 0.0301274   0.10158891 -0.03068895  0.112348   -0.04795491  0.15576714]\n [ 0.01110933 -0.0015418  -0.02469236 -0.04795491  0.28076496  0.10493916]\n [ 0.39498717  0.37649961  0.02681348  0.15576714  0.10493916  0.96627204]]", "nfev": "329", "njev": "47", "status": "0", "success": "True", "message": "Optimization terminated successfully.", "x": "[5.05875282 4.64525561 4.22957437 4.77722063 7.5555771  7.30537998]", "nit": "28", "callback": [0.6162797095781705, 0.6114930111525406, 0.4250967282891124, 0.34534912319376476, 0.28099982933990664, 0.25068435293262736, 0.2375572879888952, 0.23218703780199512, 0.23014190737780804, 0.22870900471951816, 0.22821928598631613, 0.22821641020651884, 0.22821350737614465, 0.2282122087843439, 0.2282119370503679, 0.228211922000931, 0.22821192098620613, 0.22821192086701536, 0.22821192086309827, 0.22821192085998288, 0.2282119208547274, 0.22821192081814035, 0.22821192081063535, 0.22821192081030528, 0.22821192081015784, 0.2282119208096446, 0.22821192080955077, 0.22821192080955077]}, "8": {"maxiter": 500, "gtol": 1e-05, "xrtol": 1e-05, "eps": 1e-05, "duration": 0.05107307434082031, "fun": "0.22821192101779197", "jac": "[ 2.08368878e-06  6.38050723e-06  3.13126192e-06 -5.58426638e-06\n -6.35784758e-06  5.02741182e-06]", "hess_inv": "[[ 3.3936819  -0.72121635  0.86490452  0.34413847  0.90358794  0.20689734]\n [-0.72121635  4.28202327 -1.94345998  0.51939342  0.43991816 -1.45516534]\n [ 0.86490452 -1.94345998  5.39609219 -1.21902798  1.04019107 -1.36815354]\n [ 0.34413847  0.51939342 -1.21902798  2.63558606 -0.62535528  0.65234862]\n [ 0.90358794  0.43991816  1.04019107 -0.62535528  2.95597143 -0.37190279]\n [ 0.20689734 -1.45516534 -1.36815354  0.65234862 -0.37190279  3.57247634]]", "nfev": "182", "njev": "26", "status": "0", "success": "True", "message": "Optimization terminated successfully.", "x": "[5.05873656 4.64526806 4.22956966 4.77719722 7.55554938 7.30538581]", "nit": "17", "callback": [0.6162792454799776, 0.6114906259519346, 0.42505884990681053, 0.34536352668662473, 0.2809856357452092, 0.2506779347102729, 0.23755061618057705, 0.23218178144608637, 0.23014105364869009, 0.22870686979760335, 0.22821927745980475, 0.22821641083646882, 0.2282134950849134, 0.22821220242894635, 0.22821193793332029, 0.2282119219330062, 0.22821192101779197]}, "9": {"maxiter": 500, "gtol": 1e-05, "xrtol": 1e-05, "eps": 1e-10, "duration": 0.05229592323303223, "fun": "0.22821192098620613", "jac": "[ 3.33066880e-06  5.55111466e-06  2.22044587e-06 -6.66133760e-06\n -4.44089173e-06  6.66133760e-06]", "hess_inv": "[[ 3.51193673 -0.66856101  0.76053247  0.29019651  1.05685148  0.32440854]\n [-0.66856101  4.22601894 -1.83541236  0.57918271  0.44332043 -1.43708733]\n [ 0.76053247 -1.83541236  5.21683    -1.3241107   0.99655619 -1.39202373]\n [ 0.29019651  0.57918271 -1.3241107   2.57845401 -0.62212175  0.63308219]\n [ 1.05685148  0.44332043  0.99655619 -0.62212175  3.08163694 -0.22290505]\n [ 0.32440854 -1.43708733 -1.39202373  0.63308219 -0.22290505  3.64813372]]", "nfev": "182", "njev": "26", "status": "0", "success": "True", "message": "Optimization terminated successfully.", "x": "[5.05875661 4.64526982 4.22956714 4.77721156 7.55556371 7.30539999]", "nit": "17", "callback": [0.6162797095781705, 0.6114930111525406, 0.4250967282891124, 0.34534912319376476, 0.28099982933990664, 0.25068435293262736, 0.2375572879888952, 0.23218703780199512, 0.23014190737780804, 0.22870900471951816, 0.22821928598631613, 0.22821641020651884, 0.22821350737614465, 0.2282122087843439, 0.2282119370503679, 0.228211922000931, 0.22821192098620613]}, "10": {"maxiter": 500, "gtol": 1e-05, "xrtol": 1e-10, "eps": 1e-05, "duration": 0.0667121410369873, "fun": "0.22821192101779197", "jac": "[ 2.08368878e-06  6.38050723e-06  3.13126192e-06 -5.58426638e-06\n -6.35784758e-06  5.02741182e-06]", "hess_inv": "[[ 3.3936819  -0.72121635  0.86490452  0.34413847  0.90358794  0.20689734]\n [-0.72121635  4.28202327 -1.94345998  0.51939342  0.43991816 -1.45516534]\n [ 0.86490452 -1.94345998  5.39609219 -1.21902798  1.04019107 -1.36815354]\n [ 0.34413847  0.51939342 -1.21902798  2.63558606 -0.62535528  0.65234862]\n [ 0.90358794  0.43991816  1.04019107 -0.62535528  2.95597143 -0.37190279]\n [ 0.20689734 -1.45516534 -1.36815354  0.65234862 -0.37190279  3.57247634]]", "nfev": "182", "njev": "26", "status": "0", "success": "True", "message": "Optimization terminated successfully.", "x": "[5.05873656 4.64526806 4.22956966 4.77719722 7.55554938 7.30538581]", "nit": "17", "callback": [0.6162792454799776, 0.6114906259519346, 0.42505884990681053, 0.34536352668662473, 0.2809856357452092, 0.2506779347102729, 0.23755061618057705, 0.23218178144608637, 0.23014105364869009, 0.22870686979760335, 0.22821927745980475, 0.22821641083646882, 0.2282134950849134, 0.22821220242894635, 0.22821193793332029, 0.2282119219330062, 0.22821192101779197]}, "11": {"maxiter": 500, "gtol": 1e-05, "xrtol": 1e-10, "eps": 1e-10, "duration": 0.05345606803894043, "fun": "0.22821192098620613", "jac": "[ 3.33066880e-06  5.55111466e-06  2.22044587e-06 -6.66133760e-06\n -4.44089173e-06  6.66133760e-06]", "hess_inv": "[[ 3.51193673 -0.66856101  0.76053247  0.29019651  1.05685148  0.32440854]\n [-0.66856101  4.22601894 -1.83541236  0.57918271  0.44332043 -1.43708733]\n [ 0.76053247 -1.83541236  5.21683    -1.3241107   0.99655619 -1.39202373]\n [ 0.29019651  0.57918271 -1.3241107   2.57845401 -0.62212175  0.63308219]\n [ 1.05685148  0.44332043  0.99655619 -0.62212175  3.08163694 -0.22290505]\n [ 0.32440854 -1.43708733 -1.39202373  0.63308219 -0.22290505  3.64813372]]", "nfev": "182", "njev": "26", "status": "0", "success": "True", "message": "Optimization terminated successfully.", "x": "[5.05875661 4.64526982 4.22956714 4.77721156 7.55556371 7.30539999]", "nit": "17", "callback": [0.6162797095781705, 0.6114930111525406, 0.4250967282891124, 0.34534912319376476, 0.28099982933990664, 0.25068435293262736, 0.2375572879888952, 0.23218703780199512, 0.23014190737780804, 0.22870900471951816, 0.22821928598631613, 0.22821641020651884, 0.22821350737614465, 0.2282122087843439, 0.2282119370503679, 0.228211922000931, 0.22821192098620613]}, "12": {"maxiter": 500, "gtol": 1e-10, "xrtol": 1e-05, "eps": 1e-05, "duration": 0.05062603950