{"date": "2024/09/24/, 04:34:13", "conf_id": 261, "data_type": "var_s_rank\n", "num_data_points": 2, "s_rank": 0, "unitary": "[[-0.56303964-0.00798273j,-0.21670212-0.15784972j,-0.06047197-0.73952673j,-0.01438004+0.24552571j],[-0.06976756+0.23474685j,-0.01275565-0.5435098j,-0.02703657-0.08917885j,-0.08210486-0.79311774j],[-0.38559961+0.10714929j,0.5933431-0.2687392j,-0.24060861+0.29149289j,-0.45147719+0.26241743j],[-0.50180421+0.45931857j,-0.11617175+0.44134496j,0.49642745+0.22684508j,-0.08544628-0.15407063j]]", "databatch_0": {"databatch": "[[[8.98765739e-02-4.53036112e-03j,3.46794175e-02+9.43165540e-04j,-3.54863996e-02-1.01617072e-01j,8.27523158e-03-1.98545811e-01j],[-3.04420668e-01-1.14831423e-01j,-1.13574477e-01-5.32278784e-02j,-2.91963416e-02+3.88054630e-01j,-3.14269037e-01+6.46079805e-01j],[-3.17659434e-02+1.33815339e-01j,-1.62060208e-02+5.04832143e-02j,1.64273282e-01-8.63901580e-03j,2.87796376e-01+9.70015771e-02j],[-3.53439014e-02+3.14935720e-03j,-1.36785103e-02+1.54813782e-04j,1.55247060e-02+3.94999140e-02j,-2.46629373e-04+7.83555445e-02j]],[[-2.58933803e-02+3.53115202e-01j,-1.85265528e-01+7.20797780e-02j,-9.50387682e-03+2.39248695e-01j,-7.26323901e-02-1.45178804e-01j],[5.27642528e-01-9.40028479e-02j,1.74976620e-01+2.44813960e-01j,3.54492389e-01-7.54836247e-02j,-1.85806506e-01+1.60803945e-01j],[2.55824371e-01-5.89879221e-02j,9.16354048e-02+1.15460479e-01j,1.71569829e-01-4.56621035e-02j,-8.69412312e-02+8.32479986e-02j],[-1.21080445e-01-9.02974023e-02j,1.65609624e-02-8.31724841e-02j,-8.38803658e-02-5.82878420e-02j,6.88796525e-02+7.16870794e-03j]]]", "initial param values": "[3.76936794,4.91554059,2.04636347,4.82224435,2.24681381,5.16794571]", "nelder_mead": {"type": "gradient-free", "0": {"maxiter": 100, "fatol": 1e-05, "xatol": 1e-05, "duration": 0.0373690128326416, "fun": "0.14000822749391229", "nit": "100", "nfev": "153", "status": "2", "success": "False", "message": "Maximum number of iterations has been exceeded.", "x": "[3.56263182 7.86282528 7.45078613 5.70846632 1.98536149 8.4249861 ]", "final_simplex": "(array([[3.56263182, 7.86282528, 7.45078613, 5.70846632, 1.98536149,\n        8.4249861 ],\n       [3.3454965 , 7.58029533, 7.33419939, 5.85166764, 2.08118635,\n        8.33564576],\n       [3.29291568, 7.17187866, 6.59617829, 5.75574653, 2.09526692,\n        7.96412644],\n       [3.24685025, 7.22558197, 6.76128641, 5.6421014 , 2.14216398,\n        8.06388312],\n       [3.10925557, 7.25102064, 6.66501751, 5.601427  , 2.15257727,\n        7.92504897],\n       [3.33307015, 7.28403705, 7.02425905, 5.87925543, 2.16870276,\n        8.09187979],\n       [3.22327616, 7.33537147, 6.5910894 , 5.69786661, 2.10519204,\n        7.99125693]]), array([0.14000823, 0.15265427, 0.15574188, 0.15703061, 0.15883562,\n       0.15980239, 0.16145369]))", "callback": [0.3266391848618181, 0.3266391848618181, 0.3054174419970086, 0.3011765537742015, 0.2888969712798073, 0.27342763600609354, 0.24833201371482172, 0.18353244996023388, 0.1634473476122802]}, "1": {"maxiter": 100, "fatol": 1e-05, "xatol": 1e-10, "duration": 0.0342869758605957, "fun": "0.14000822749391229", "nit": "100", "nfev": "153", "status": "2", "success": "False", "message": "Maximum number of iterations has been exceeded.", "x": "[3.56263182 7.86282528 7.45078613 5.70846632 1.98536149 8.4249861 ]", "final_simplex": "(array([[3.56263182, 7.86282528, 7.45078613, 5.70846632, 1.98536149,\n        8.4249861 ],\n       [3.3454965 , 7.58029533, 7.33419939, 5.85166764, 2.08118635,\n        8.33564576],\n       [3.29291568, 7.17187866, 6.59617829, 5.75574653, 2.09526692,\n        7.96412644],\n       [3.24685025, 7.22558197, 6.76128641, 5.6421014 , 2.14216398,\n        8.06388312],\n       [3.10925557, 7.25102064, 6.66501751, 5.601427  , 2.15257727,\n        7.92504897],\n       [3.33307015, 7.28403705, 7.02425905, 5.87925543, 2.16870276,\n        8.09187979],\n       [3.22327616, 7.33537147, 6.5910894 , 5.69786661, 2.10519204,\n        7.99125693]]), array([0.14000823, 0.15265427, 0.15574188, 0.15703061, 0.15883562,\n       0.15980239, 0.16145369]))", "callback": [0.3266391848618181, 0.3266391848618181, 0.3054174419970086, 0.3011765537742015, 0.2888969712798073, 0.27342763600609354, 0.24833201371482172, 0.18353244996023388, 0.1634473476122802]}, "2": {"maxiter": 100, "fatol": 1e-10, "xatol": 1e-05, "duration": 0.03442788124084473, "fun": "0.14000822749391229", "nit": "100", "nfev": "153", "status": "2", "success": "False", "message": "Maximum number of iterations has been exceeded.", "x": "[3.56263182 7.86282528 7.45078613 5.70846632 1.98536149 8.4249861 ]", "final_simplex": "(array([[3.56263182, 7.86282528, 7.45078613, 5.70846632, 1.98536149,\n        8.4249861 ],\n       [3.3454965 , 7.58029533, 7.33419939, 5.85166764, 2.08118635,\n        8.33564576],\n       [3.29291568, 7.17187866, 6.59617829, 5.75574653, 2.09526692,\n        7.96412644],\n       [3.24685025, 7.22558197, 6.76128641, 5.6421014 , 2.14216398,\n        8.06388312],\n       [3.10925557, 7.25102064, 6.66501751, 5.601427  , 2.15257727,\n        7.92504897],\n       [3.33307015, 7.28403705, 7.02425905, 5.87925543, 2.16870276,\n        8.09187979],\n       [3.22327616, 7.33537147, 6.5910894 , 5.69786661, 2.10519204,\n        7.99125693]]), array([0.14000823, 0.15265427, 0.15574188, 0.15703061, 0.15883562,\n       0.15980239, 0.16145369]))", "callback": [0.3266391848618181, 0.3266391848618181, 0.3054174419970086, 0.3011765537742015, 0.2888969712798073, 0.27342763600609354, 0.24833201371482172, 0.18353244996023388, 0.1634473476122802]}, "3": {"maxiter": 100, "fatol": 1e-10, "xatol": 1e-10, "duration": 0.03433394432067871, "fun": "0.14000822749391229", "nit": "100", "nfev": "153", "status": "2", "success": "False", "message": "Maximum number of iterations has been exceeded.", "x": "[3.56263182 7.86282528 7.45078613 5.70846632 1.98536149 8.4249861 ]", "final_simplex": "(array([[3.56263182, 7.86282528, 7.45078613, 5.70846632, 1.98536149,\n        8.4249861 ],\n       [3.3454965 , 7.58029533, 7.33419939, 5.85166764, 2.08118635,\n        8.33564576],\n       [3.29291568, 7.17187866, 6.59617829, 5.75574653, 2.09526692,\n        7.96412644],\n       [3.24685025, 7.22558197, 6.76128641, 5.6421014 , 2.14216398,\n        8.06388312],\n       [3.10925557, 7.25102064, 6.66501751, 5.601427  , 2.15257727,\n        7.92504897],\n       [3.33307015, 7.28403705, 7.02425905, 5.87925543, 2.16870276,\n        8.09187979],\n       [3.22327616, 7.33537147, 6.5910894 , 5.69786661, 2.10519204,\n        7.99125693]]), array([0.14000823, 0.15265427, 0.15574188, 0.15703061, 0.15883562,\n       0.15980239, 0.16145369]))", "callback": [0.3266391848618181, 0.3266391848618181, 0.3054174419970086, 0.3011765537742015, 0.2888969712798073, 0.27342763600609354, 0.24833201371482172, 0.18353244996023388, 0.1634473476122802]}, "4": {"maxiter": 500, "fatol": 1e-05, "xatol": 1e-05, "duration": 0.13306593894958496, "fun": "0.10589362144043801", "nit": "388", "nfev": "604", "status": "0", "success": "True", "message": "Optimization terminated successfully.", "x": "[3.48586186 9.04768708 8.80415997 5.4771106  1.50906827 8.75528604]", "final_simplex": "(array([[3.48586186, 9.04768708, 8.80415997, 5.4771106 , 1.50906827,\n        8.75528604],\n       [3.48586225, 9.04769446, 8.80416804, 5.47710802, 1.50906763,\n        8.75528332],\n       [3.4858625 , 9.04768668, 8.80416202, 5.47711036, 1.50906566,\n        8.75528821],\n       [3.48585986, 9.04768306, 8.8041574 , 5.47711401, 1.50906753,\n        8.7552844 ],\n       [3.48586224, 9.04768026, 8.80415   , 5.4771134 , 1.50907101,\n        8.75527892],\n       [3.48586036, 9.04768   , 8.8041534 , 5.47711075, 1.50907091,\n        8.75528145],\n       [3.48585865, 9.04768825, 8.80416406, 5.47710888, 1.50906166,\n        8.75529178]]), array([0.10589362, 0.10589362, 0.10589362, 0.10589362, 0.10589362,\n       0.10589362, 0.10589362]))", "callback": [0.3266391848618181, 0.3266391848618181, 0.3054174419970086, 0.3011765537742015, 0.2888969712798073, 0.27342763600609354, 0.24833201371482172, 0.18353244996023388, 0.1634473476122802, 0.14000822749391229, 0.14000822749391229, 0.12447007284807488, 0.11491092342455023, 0.11156090562371124, 0.11028390083370965, 0.10945252297308161, 0.1081822693089769, 0.10737398374645579, 0.10688983929702944, 0.1067814114447121, 0.10651074486862533, 0.1063038717476621, 0.10614130122435239, 0.10595675015022454, 0.10592999044545015, 0.1058985813275154, 0.10589680601922558, 0.10589437503222676, 0.10589382702886996, 0.1058937142605687, 0.1058936330576431, 0.10589363130405482, 0.1058936227398557, 0.1058936220169504, 0.10589362157347804, 0.10589362147645898, 0.10589362145338788, 0.10589362144194026]}, "5": {"maxiter": 500, "fatol": 1e-05, "xatol": 1e-10, "duration": 0.18003416061401367, "fun": "0.10589362143934289", "nit": "476", "nfev": "819", "status": "0", "success": "True", "message": "Optimization terminated successfully.", "x": "[3.48586187 9.04769086 8.80416307 5.4771105  1.50906895 8.75528275]", "final_simplex": "(array([[3.48586187, 9.04769086, 8.80416307, 5.4771105 , 1.50906895,\n        8.75528275],\n       [3.48586187, 9.04769086, 8.80416307, 5.4771105 , 1.50906895,\n        8.75528275],\n       [3.48586187, 9.04769086, 8.80416307, 5.4771105 , 1.50906895,\n        8.75528275],\n       [3.48586187, 9.04769086, 8.80416307, 5.4771105 , 1.50906895,\n        8.75528275],\n       [3.48586187, 9.04769086, 8.80416307, 5.4771105 , 1.50906895,\n        8.75528275],\n       [3.48586187, 9.04769086, 8.80416307, 5.4771105 , 1.50906895,\n        8.75528275],\n       [3.48586187, 9.04769086, 8.80416307, 5.4771105 , 1.50906895,\n        8.75528275]]), array([0.10589362, 0.10589362, 0.10589362, 0.10589362, 0.10589362,\n       0.10589362, 0.10589362]))", "callback": [0.3266391848618181, 0.3266391848618181, 0.3054174419970086, 0.3011765537742015, 0.2888969712798073, 0.27342763600609354, 0.24833201371482172, 0.18353244996023388, 0.1634473476122802, 0.14000822749391229, 0.14000822749391229, 0.12447007284807488, 0.11491092342455023, 0.11156090562371124, 0.11028390083370965, 0.10945252297308161, 0.1081822693089769, 0.10737398374645579, 0.10688983929702944, 0.1067814114447121, 0.10651074486862533, 0.1063038717476621, 0.10614130122435239, 0.10595675015022454, 0.10592999044545015, 0.1058985813275154, 0.10589680601922558, 0.10589437503222676, 0.10589382702886996, 0.1058937142605687, 0.1058936330576431, 0.10589363130405482, 0.1058936227398557, 0.1058936220169504, 0.10589362157347804, 0.10589362147645898, 0.10589362145338788, 0.10589362144194026, 0.10589362144026015, 0.10589362143946779, 0.10589362143937175, 0.10589362143935144, 0.10589362143934422, 0.10589362143934322, 0.10589362143934289, 0.10589362143934289, 0.10589362143934289]}, "6": {"maxiter": 500, "fatol": 1e-10, "xatol": 1e-05, "duration": 0.13434410095214844, "fun": "0.10589362144043801", "nit": "388", "nfev": "604", "status": "0", "success": "True", "message": "Optimization terminated successfully.", "x": "[3.48586186 9.04768708 8.80415997 5.4771106  1.50906827 8.75528604]", "final_simplex": "(array([[3.48586186, 9.04768708, 8.80415997, 5.4771106 , 1.50906827,\n        8.75528604],\n       [3.48586225, 9.04769446, 8.80416804, 5.47710802, 1.50906763,\n        8.75528332],\n       [3.4858625 , 9.04768668, 8.80416202, 5.47711036, 1.50906566,\n        8.75528821],\n       [3.48585986, 9.04768306, 8.8041574 , 5.47711401, 1.50906753,\n        8.7552844 ],\n       [3.48586224, 9.04768026, 8.80415   , 5.4771134 , 1.50907101,\n        8.75527892],\n       [3.48586036, 9.04768   , 8.8041534 , 5.47711075, 1.50907091,\n        8.75528145],\n       [3.48585865, 9.04768825, 8.80416406, 5.47710888, 1.50906166,\n        8.75529178]]), array([0.10589362, 0.10589362, 0.10589362, 0.10589362, 0.10589362,\n       0.10589362, 0.10589362]))", "callback": [0.3266391848618181, 0.3266391848618181, 0.3054174419970086, 0.3011765537742015, 0.2888969712798073, 0.27342763600609354, 0.24833201371482172, 0.18353244996023388, 0.1634473476122802, 0.14000822749391229, 0.14000822749391229, 0.12447007284807488, 0.11491092342455023, 0.11156090562371124, 0.11028390083370965, 0.10945252297308161, 0.1081822693089769, 0.10737398374645579, 0.10688983929702944, 0.1067814114447121, 0.10651074486862533, 0.1063038717476621, 0.10614130122435239, 0.10595675015022454, 0.10592999044545015, 0.1058985813275154, 0.10589680601922558, 0.10589437503222676, 0.10589382702886996, 0.1058937142605687, 0.1058936330576431, 0.10589363130405482, 0.1058936227398557, 0.1058936220169504, 0.10589362157347804, 0.10589362147645898, 0.10589362145338788, 0.10589362144194026]}, "7": {"maxiter": 500, "fatol": 1e-10, "xatol": 1e-10, "duration": 0.20341730117797852, "fun": "0.10589362143934289", "nit": "476", "nfev": "819", "status": "0", "success": "True", "message": "Optimization terminated successfully.", "x": "[3.48586187 9.04769086 8.80416307 5.4771105  1.50906895 8.75528275]", "final_simplex": "(array([[3.48586187, 9.04769086, 8.80416307, 5.4771105 , 1.50906895,\n        8.75528275],\n       [3.48586187, 9.04769086, 8.80416307, 5.4771105 , 1.50906895,\n        8.75528275],\n       [3.48586187, 9.04769086, 8.80416307, 5.4771105 , 1.50906895,\n        8.75528275],\n       [3.48586187, 9.04769086, 8.80416307, 5.4771105 , 1.50906895,\n        8.75528275],\n       [3.48586187, 9.04769086, 8.80416307, 5.4771105 , 1.50906895,\n        8.75528275],\n       [3.48586187, 9.04769086, 8.80416307, 5.4771105 , 1.50906895,\n        8.75528275],\n       [3.48586187, 9.04769086, 8.80416307, 5.4771105 , 1.50906895,\n        8.75528275]]), array([0.10589362, 0.10589362, 0.10589362, 0.10589362, 0.10589362,\n       0.10589362, 0.10589362]))", "callback": [0.3266391848618181, 0.3266391848618181, 0.3054174419970086, 0.3011765537742015, 0.2888969712798073, 0.27342763600609354, 0.24833201371482172, 0.18353244996023388, 0.1634473476122802, 0.14000822749391229, 0.14000822749391229, 0.12447007284807488, 0.11491092342455023, 0.11156090562371124, 0.11028390083370965, 0.10945252297308161, 0.1081822693089769, 0.10737398374645579, 0.10688983929702944, 0.1067814114447121, 0.10651074486862533, 0.1063038717476621, 0.10614130122435239, 0.10595675015022454, 0.10592999044545015, 0.1058985813275154, 0.10589680601922558, 0.10589437503222676, 0.10589382702886996, 0.1058937142605687, 0.1058936330576431, 0.10589363130405482, 0.1058936227398557, 0.1058936220169504, 0.10589362157347804, 0.10589362147645898, 0.10589362145338788, 0.10589362144194026, 0.10589362144026015, 0.10589362143946779, 0.10589362143937175, 0.10589362143935144, 0.10589362143934422, 0.10589362143934322, 0.10589362143934289, 0.10589362143934289, 0.10589362143934289]}, "8": {"maxiter": 1000, "fatol": 1e-05, "xatol": 1e-05, "duration": 0.1366746425628662, "fun": "0.10589362144043801", "nit": "388", "nfev": "604", "status": "0", "success": "True", "message": "Optimization terminated successfully.", "x": "[3.48586186 9.04768708 8.80415997 5.4771106  1.50906827 8.75528604]", "final_simplex": "(array([[3.48586186, 9.04768708, 8.80415997, 5.4771106 , 1.50906827,\n        8.75528604],\n       [3.48586225, 9.04769446, 8.80416804, 5.47710802, 1.50906763,\n        8.75528332],\n       [3.4858625 , 9.04768668, 8.80416202, 5.47711036, 1.50906566,\n        8.75528821],\n       [3.48585986, 9.04768306, 8.8041574 , 5.47711401, 1.50906753,\n        8.7552844 ],\n       [3.48586224, 9.04768026, 8.80415   , 5.4771134 , 1.50907101,\n        8.75527892],\n       [3.48586036, 9.04768   , 8.8041534 , 5.47711075, 1.50907091,\n        8.75528145],\n       [3.48585865, 9.04768825, 8.80416406, 5.47710888, 1.50906166,\n        8.75529178]]), array([0.10589362, 0.10589362, 0.10589362, 0.10589362, 0.10589362,\n       0.10589362, 0.10589362]))", "callback": [0.3266391848618181, 0.3266391848618181, 0.3054174419970086, 0.3011765537742015, 0.2888969712798073, 0.27342763600609354, 0.24833201371482172, 0.18353244996023388, 0.1634473476122802, 0.14000822749391229, 0.14000822749391229, 0.12447007284807488, 0.11491092342455023, 0.11156090562371124, 0.11028390083370965, 0.10945252297308161, 0.1081822693089769, 0.10737398374645579, 0.10688983929702944, 0.1067814114447121, 0.10651074486862533, 0.1063038717476621, 0.10614130122435239, 0.10595675015022454, 0.10592999044545015, 0.1058985813275154, 0.10589680601922558, 0.10589437503222676, 0.10589382702886996, 0.1058937142605687, 0.1058936330576431, 0.10589363130405482, 0.1058936227398557, 0.1058936220169504, 0.10589362157347804, 0.10589362147645898, 0.10589362145338788, 0.10589362144194026]}, "9": {"maxiter": 1000, "fatol": 1e-05, "xatol": 1e-10, "duration": 0.18674397468566895, "fun": "0.10589362143934289", "nit": "476", "nfev": "819", "status": "0", "success": "True", "message": "Optimization terminated successfully.", "x": "[3.48586187 9.04769086 8.80416307 5.4771105  1.50906895 8.75528275]", "final_simplex": "(array([[3.48586187, 9.04769086, 8.80416307, 5.4771105 , 1.50906895,\n        8.75528275],\n       [3.48586187, 9.04769086, 8.80416307, 5.4771105 , 1.50906895,\n        8.75528275],\n       [3.48586187, 9.04769086, 8.80416307, 5.4771105 , 1.50906895,\n        8.75528275],\n       [3.48586187, 9.04769086, 8.80416307, 5.4771105 , 1.50906895,\n        8.75528275],\n       [3.48586187, 9.04769086, 8.80416307, 5.4771105 , 1.50906895,\n        8.75528275],\n       [3.48586187, 9.04769086, 8.80416307, 5.4771105 , 1.50906895,\n        8.75528275],\n       [3.48586187, 9.04769086, 8.80416307, 5.4771105 , 1.50906895,\n        8.75528275]]), array([0.10589362, 0.10589362, 0.10589362, 0.10589362, 0.10589362,\n       0.10589362, 0.10589362]))", "callback": [0.3266391848618181, 0.3266391848618181, 0.3054174419970086, 0.3011765537742015, 0.2888969712798073, 0.27342763600609354, 0.24833201371482172, 0.18353244996023388, 0.1634473476122802, 0.14000822749391229, 0.14000822749391229, 0.12447007284807488, 0.11491092342455023, 0.11156090562371124, 0.11028390083370965, 0.10945252297308161, 0.1081822693089769, 0.10737398374645579, 0.10688983929702944, 0.1067814114447121, 0.10651074486862533, 0.1063038717476621, 0.10614130122435239, 0.10595675015022454, 0.10592999044545015, 0.1058985813275154, 0.10589680601922558, 0.10589437503222676, 0.10589382702886996, 0.1058937142605687, 0.1058936330576431, 0.10589363130405482, 0.1058936227398557, 0.1058936220169504, 0.10589362157347804, 0.10589362147645898, 0.10589362145338788, 0.10589362144194026, 0.10589362144026015, 0.10589362143946779, 0.10589362143937175, 0.10589362143935144, 0.10589362143934422, 0.10589362143934322, 0.10589362143934289, 0.10589362143934289, 0.10589362143934289]}, "10": {"maxiter": 1000, "fatol": 1e-10, "xatol": 1e-05, "duration": 0.1546649932861328, "fun": "0.10589362144043801", "nit": "388", "nfev": "604", "status": "0", "success": "True", "message": "Optimization terminated successfully.", "x": "[3.48586186 9.04768708 8.80415997 5.4771106  1.50906827 8.75528604]", "final_simplex": "(array([[3.48586186, 9.04768708, 8.80415997, 5.4771106 , 1.50906827,\n        8.75528604],\n       [3.48586225, 9.04769446, 8.80416804, 5.47710802, 1.50906763,\n        8.75528332],\n       [3.4858625 , 9.04768668, 8.80416202, 5.47711036, 1.50906566,\n        8.75528821],\n       [3.48585986, 9.04768306, 8.8041574 , 5.47711401, 1.50906753,\n        8.7552844 ],\n       [3.48586224, 9.04768026, 8.80415   , 5.4771134 , 1.50907101,\n        8.75527892],\n       [3.48586036, 9.04768   , 8.8041534 , 5.47711075, 1.50907091,\n        8.75528145],\n       [3.48585865, 9.04768825, 8.80416406, 5.47710888, 1.50906166,\n        8.75529178]]), array([0.10589362, 0.10589362, 0.10589362, 0.10589362, 0.10589362,\n       0.10589362, 0.10589362]))", "callback": [0.3266391848618181, 0.3266391848618181, 0.3054174419970086, 0.3011765537742015, 0.2888969712798073, 0.27342763600609354, 0.24833201371482172, 0.18353244996023388, 0.1634473476122802, 0.14000822749391229, 0.14000822749391229, 0.12447007284807488, 0.11491092342455023, 0.11156090562371124, 0.11028390083370965, 0.10945252297308161, 0.1081822693089769, 0.10737398374645579, 0.10688983929702944, 0.1067814114447121, 0.10651074486862533, 0.1063038717476621, 0.10614130122435239, 0.10595675015022454, 0.10592999044545015, 0.1058985813275154, 0.10589680601922558, 0.10589437503222676, 0.10589382702886996, 0.1058937142605687, 0.1058936330576431, 0.10589363130405482, 0.1058936227398557, 0.1058936220169504, 0.10589362157347804, 0.10589362147645898, 0.10589362145338788, 0.10589362144194026]}, "11": {"maxiter": 1000, "fatol": 1e-10, "xatol": 1e-10, "duration": 0.1948990821838379, "fun": "0.10589362143934289", "nit": "476", "nfev": "819", "status": "0", "success": "True", "message": "Optimization terminated successfully.", "x": "[3.48586187 9.04769086 8.80416307 5.4771105  1.50906895 8.75528275]", "final_simplex": "(array([[3.48586187, 9.04769086, 8.80416307, 5.4771105 , 1.50906895,\n        8.75528275],\n       [3.48586187, 9.04769086, 8.80416307, 5.4771105 , 1.50906895,\n        8.75528275],\n       [3.48586187, 9.04769086, 8.80416307, 5.4771105 , 1.50906895,\n        8.75528275],\n       [3.48586187, 9.04769086, 8.80416307, 5.4771105 , 1.50906895,\n        8.75528275],\n       [3.48586187, 9.04769086, 8.80416307, 5.4771105 , 1.50906895,\n        8.75528275],\n       [3.48586187, 9.04769086, 8.80416307, 5.4771105 , 1.50906895,\n        8.75528275],\n       [3.48586187, 9.04769086, 8.80416307, 5.4771105 , 1.50906895,\n        8.75528275]]), array([0.10589362, 0.10589362, 0.10589362, 0.10589362, 0.10589362,\n       0.10589362, 0.10589362]))", "callback": [0.3266391848618181, 0.3266391848618181, 0.3054174419970086, 0.3011765537742015, 0.2888969712798073, 0.27342763600609354, 0.24833201371482172, 0.18353244996023388, 0.1634473476122802, 0.14000822749391229, 0.14000822749391229, 0.12447007284807488, 0.11491092342455023, 0.11156090562371124, 0.11028390083370965, 0.10945252297308161, 0.1081822693089769, 0.10737398374645579, 0.10688983929702944, 0.1067814114447121, 0.10651074486862533, 0.1063038717476621, 0.10614130122435239, 0.10595675015022454, 0.10592999044545015, 0.1058985813275154, 0.10589680601922558, 0.10589437503222676, 0.10589382702886996, 0.1058937142605687, 0.1058936330576431, 0.10589363130405482, 0.1058936227398557, 0.1058936220169504, 0.10589362157347804, 0.10589362147645898, 0.10589362145338788, 0.10589362144194026, 0.10589362144026015, 0.10589362143946779, 0.10589362143937175, 0.10589362143935144, 0.10589362143934422, 0.10589362143934322, 0.10589362143934289, 0.10589362143934289, 0.10589362143934289]}}, "bfgs": {"type": "gradient", "0": {"maxiter": 100, "gtol": 1e-05, "xrtol": 1e-05, "eps": 1e-05, "duration": 0.07171201705932617, "fun": "0.10589362165968974", "jac": "[ 9.87099291e-07  8.29158964e-07 -1.26170185e-06  1.42150736e-06\n -1.38629108e-06 -2.49389398e-07]", "hess_inv": "[[  3.57204968   1.41264422   0.56538243  -0.8584345    3.0913451\n   -2.85502793]\n [  1.41264422  32.2960429   31.67948101  -4.28131459  -4.57952964\n    2.28407761]\n [  0.56538243  31.67948101  40.89157114  -4.70095328 -10.86551645\n   13.80915445]\n [ -0.8584345   -4.28131459  -4.70095328   3.3441663    1.25939317\n   -1.27436463]\n [  3.0913451   -4.57952964 -10.86551645   1.25939317  14.76722445\n  -16.32337645]\n [ -2.85502793   2.28407761  13.80915445  -1.27436463 -16.32337645\n   23.79487243]]", "nfev": "308", "njev": "44", "status": "0", "success": "True", "message": "Optimization terminated successfully.", "x": "[3.4858519  9.04758649 2.52084475 5.47712638 1.50907996 2.47206669]", "nit": "38", "callback": [0.2917295354888345, 0.12225607901917923, 0.10853969448187739]}, "1": {"maxiter": 100, "gtol": 1e-05, "xrtol": 1e-05, "eps": 1e-10, "duration": 0.07190418243408203, "fun": "0.10589362163592919", "jac": "[-3.33066880e-06  6.66133760e-06  4.44089173e-06  8.88178346e-06\n  4.44089173e-06  1.11022293e-06]", "hess_inv": "[[  3.46446797   1.41347058   0.33414661  -0.87744423   3.39327605\n   -3.16538628]\n [  1.41347058  34.02638022  33.30992359  -4.14776242  -3.94583703\n    2.22018364]\n [  0.33414661  33.30992359  42.53775707  -4.77790567  -9.70889822\n   13.28424548]\n [ -0.87744423  -4.14776242  -4.77790567   3.19762572   0.80968723\n   -1.25115427]\n [  3.39327605  -3.94583703  -9.70889822   0.80968723  14.08844463\n  -15.73261946]\n [ -3.16538628   2.22018364  13.28424548  -1.25115427 -15.73261946\n   23.32559696]]", "nfev": "308", "njev": "44", "status": "0", "success": "True", "message": "Optimization terminated successfully.", "x": "[3.48585052 9.04778354 2.5210897  5.4771113  1.5090446  2.47212989]", "nit": "37", "callback": [0.29172610443963365, 0.1219247340019145, 0.1084008581951722]}, "2": {"maxiter": 100, "gtol": 1e-05, "xrtol": 1e-10, "eps": 1e-05, "duration": 0.07131600379943848, "fun": "0.10589362165968974", "jac": "[ 9.87099291e-07  8.29158964e-07 -1.26170185e-06  1.42150736e-06\n -1.38629108e-06 -2.49389398e-07]", "hess_inv": "[[  3.57204968   1.41264422   0.56538243  -0.8584345    3.0913451\n   -2.85502793]\n [  1.41264422  32.2960429   31.67948101  -4.28131459  -4.57952964\n    2.28407761]\n [  0.56538243  31.67948101  40.89157114  -4.70095328 -10.86551645\n   13.80915445]\n [ -0.8584345   -4.28131459  -4.70095328   3.3441663    1.25939317\n   -1.27436463]\n [  3.0913451   -4.57952964 -10.86551645   1.25939317  14.76722445\n  -16.32337645]\n [ -2.85502793   2.28407761  13.80915445  -1.27436463 -16.32337645\n   23.79487243]]", "nfev": "308", "njev": "44", "status": "0", "success": "True", "message": "Optimization terminated successfully.", "x": "[3.4858519  9.04758649 2.52084475 5.47712638 1.50907996 2.47206669]", "nit": "38", "callback": [0.2917295354888345, 0.12225607901917923, 0.10853969448187739]}, "3": {"maxiter": 100, "gtol": 1e-05, "xrtol": 1e-10, "eps": 1e-10, "duration": 0.07182788848876953, "fun": "0.10589362163592919", "jac": "[-3.33066880e-06  6.66133760e-06  4.44089173e-06  8.88178346e-06\n  4.44089173e-06  1.11022293e-06]", "hess_inv": "[[  3.46446797   1.41347058   0.33414661  -0.87744423   3.39327605\n   -3.16538628]\n [  1.41347058  34.02638022  33.30992359  -4.14776242  -3.94583703\n    2.22018364]\n [  0.33414661  33.30992359  42.53775707  -4.77790567  -9.70889822\n   13.28424548]\n [ -0.87744423  -4.14776242  -4.77790567   3.19762572   0.80968723\n   -1.25115427]\n [  3.39327605  -3.94583703  -9.70889822   0.80968723  14.08844463\n  -15.73261946]\n [ -3.16538628   2.22018364  13.28424548  -1.25115427 -15.73261946\n   23.32559696]]", "nfev": "308", "njev": "44", "status": "0", "success": "True", "message": "Optimization terminated successfully.", "x": "[3.48585052 9.04778354 2.5210897  5.4771113  1.5090446  2.47212989]", "nit": "37", "callback": [0.29172610443963365, 0.1219247340019145, 0.1084008581951722]}, "4": {"maxiter": 100, "gtol": 1e-10, "xrtol": 1e-05, "eps": 1e-05, "duration": 0.0735013484954834, "fun": "0.10589362159432325", "jac": "[ 1.84319227e-07  2.26152430e-08 -6.44151399e-08  1.41875400e-07\n -2.65243383e-07 -1.85107485e-07]", "hess_inv": "[[  3.57522087   1.50900359   0.74697248  -0.90610461   3.10557521\n   -2.8038238 ]\n [  1.50900359  33.40846205  33.34326009  -4.66779413  -4.43562107\n    2.44426174]\n [  0.74697248  33.34326009  43.10869806  -5.17623353 -10.66305615\n   13.77847444]\n [ -0.90610461  -4.66779413  -5.17623353   3.43951846   1.21423486\n   -1.22765234]\n [  3.10557521  -4.43562107 -10.66305615   1.21423486  14.78523965\n  -16.31538082]\n [ -2.8038238    2.44426174  13.77847444  -1.22765234 -16.31538082\n   23.54870707]]", "nfev": "315", "njev": "45", "status": "0", "success": "True", "message": "Optimization terminated successfully.", "x": "[3.48585296 9.04760046 2.52086677 5.4771211  1.50908182 2.47206981]", "nit": "39", "callback": [0.2917295354888345, 0.12225607901917923, 0.10853969448187739]}, "5": {"maxiter": 100, "gtol": 1e-10, "xrtol": 1e-05, "eps": 1e-10, "duration": 0.07422018051147461, "fun": "0.10589362151542536", "jac": "[ 2.22044587e-06  1.11022293e-06  2.22044587e-06  4.44089173e-06\n -2.22044587e-06  2.22044587e-06]", "hess_inv": "[[  3.60553777   3.23684463   2.25808541  -1.141992     3.59695536\n   -3.24200204]\n [  3.23684463  35.72075243  34.83317149  -6.82156187   1.28047908\n   -1.20769151]\n [  2.25808541  34.83317149  43.86265031  -7.59015526  -4.16296191\n    9.63782792]\n [ -1.141992    -6.82156187  -7.59015526   3.66831812   0.33932018\n   -1.02438996]\n [  3.59695536   1.28047908  -4.16296191   0.33932018  14.07496625\n  -15.55419456]\n [ -3.24200204  -1.20769151   9.63782792  -1.02438996 -15.55419456\n   23.09555941]]", "nfev": "322", "njev": "46", "status": "0", "success": "True", "message": "Optimization terminated successfully.", "x": "[3.48584531 9.04770572 2.52100746 5.47712143 1.50903831 2.47213156]", "nit": "38", "callback": [0.29172610443963365, 0.1219247340019145, 0.1084008581951722]}, "6": {"maxiter": 100, "gtol": 1e-10, "xrtol": 1e-10, "eps": 1e-05, "duration": 0.07792997360229492, "fun": "0.1058936215879025", "jac": "[ 1.11022302e-11 -4.44089210e-11  0.00000000e+00  0.00000000e+00\n -4.44089210e-11  0.00000000e+00]", "hess_inv": "[[  3.60991072   1.26005533   0.37919515  -0.88292393   3.20014806\n   -3.02612456]\n [  1.26005533  33.92894954  34.5495433   -4.80834373  -4.92860056\n    3.6544104 ]\n [  0.37919515  34.5495433   45.59460816  -5.53287614 -11.3957541\n   15.76553923]\n [ -0.88292393  -4.80834373  -5.53287614   3.51712601   1.26563136\n   -1.45819647]\n [  3.20014806  -4.92860056 -11.3957541    1.26563136  15.0001108\n  -16.79951437]\n [ -3.02612456   3.6544104   15.76553923  -1.45819647 -16.79951437\n   24.81129488]]", "nfev": "336", "njev": "48", "status": "0", "success": "True", "message": "Optimization terminated successfully.", "x": "[3.4858527  9.04760174 2.52086956 5.47712057 1.5090813  2.47207165]", "nit": "42", "callback": [0.2917295354888345, 0.12225607901917923, 0.10853969448187739, 0.10589362158799043]}, "7": {"maxiter": 100, "gtol": 1e-10, "xrtol": 1e-10, "eps": 1e-10, "duration": 0.15169501304626465, "fun": "0.10589362144089054", "jac": "[1.11022293e-06 2.22044587e-06 1.11022293e-06 2.22044587e-06\n 2.22044587e-06 3.33066880e-06]", "hess_inv": "[[ 3.27172329 -0.05466016  0.80313002  0.14759441  3.11990838 -2.79034235]\n [-0.05466016  1.78381746 -1.05737441 -0.48376987 -2.61527784  0.36845733]\n [ 0.80313002 -1.05737441  1.56424243 -0.3248898   2.8594906  -1.21941501]\n [ 0.14759441 -0.48376987 -0.3248898   1.00782987  0.44156893 -0.1416123 ]\n [ 3.11990838 -2.61527784  2.8594906   0.44156893  8.14176754 -3.92069045]\n [-2.79034235  0.36845733 -1.21941501 -0.1416123  -3.92069045  2.98239511]]", "nfev": "677", "njev": "95", "status": "2", "success": "False", "message": "Desired error not necessarily achieved due to precision loss.", "x": "[3.48586126 9.04768906 2.5209716  5.47711214 1.50907291 2.47209026]", "nit": "46", "callback": [0.29172610443963365, 0.1219247340019145, 0.1084008581951722, 0.10589362146991088]}, "8": {"maxiter": 500, "gtol": 1e-05, "xrtol": 1e-05, "eps": 1e-05, "duration": 0.06993365287780762, "fun": "0.10589362165968974", "jac": "[ 9.87099291e-07  8.29158964e-07 -1.26170185e-06  1.42150736e-06\n -1.38629108e-06 -2.49389398e-07]", "hess_inv": "[[  3.57204968   1.41264422   0.56538243  -0.8584345    3.0913451\n   -2.85502793]\n [  1.41264422  32.2960429   31.67948101  -4.28131459  -4.57952964\n    2.28407761]\n [  0.56538243  31.67948101  40.89157114  -4.70095328 -10.86551645\n   13.80915445]\n [ -0.8584345   -4.28131459  -4.70095328   3.3441663    1.25939317\n   -1.27436463]\n [  3.0913451   -4.57952964 -10.86551645   1.25939317  14.76722445\n  -16.32337645]\n [ -2.85502793   2.28407761  13.80915445  -1.27436463 -16.32337645\n   23.79487243]]", "nfev": "308", "njev": "44", "status": "0", "success": "True", "message": "Optimization terminated successfully.", "x": "[3.4858519  9.04758649 2.52084475 5.47712638 1.50907996 2.47206669]", "nit": "38", "callback": [0.2917295354888345, 0.12225607901917923, 0.10853969448187739]}, "9": {"maxiter": 500, "gtol": 1e-05, "xrtol": 1e-05, "eps": 1e-10, "duration": 0.06981825828552246, "fun": "0.10589362163592919", "jac": "[-3.33066880e-06  6.66133760e-06  4.44089173e-06  8.88178346e-06\n  4.44089173e-06  1.11022293e-06]", "hess_inv": "[[  3.46446797   1.41347058   0.33414661  -0.87744423   3.39327605\n   -3.16538628]\n [  1.41347058  34.02638022  33.30992359  -4.14776242  -3.94583703\n    2.22018364]\n [  0.33414661  33.30992359  42.53775707  -4.77790567  -9.70889822\n   13.28424548]\n [ -0.87744423  -4.14776242  -4.77790567   3.19762572   0.80968723\n   -1.25115427]\n [  3.39327605  -3.94583703  -9.70889822   0.80968723  14.08844463\n  -15.73261946]\n [ -3.16538628   2.22018364  13.28424548  -1.25115427 -15.73261946\n   23.32559696]]", "nfev": "308", "njev": "44", "status": "0", "success": "True", "message": "Optimization terminated successfully.", "x": "[3.48585052 9.04778354 2.5210897  5.4771113  1.5090446  2.47212989]", "nit": "37", "callback": [0.29172610443963365, 0.1219247340019145, 0.1084008581951722]}, "10": {"maxiter": 500, "gtol": 1e-05, "xrtol": 1e-10, "eps": 1e-05, "duration": 0.07069611549377441, "fun": "0.10589362165968974", "jac": "[ 9.87099291e-07  8.29158964e-07 -1.26170185e-06  1.42150736e-06\n -1.38629108e-06 -2.49389398e-07]", "hess_inv": "[[  3.57204968   1.41264422   0.56538243  -0.8584345    3.0913451\n   -2.85502793]\n [  1.41264422  32.2960429   31.67948101  -4.28131459  -4.57952964\n    2.28407761]\n [  0.56538243  31.67948101  40.89157114  -4.70095328 -10.86551645\n   13.80915445]\n [ -0.8584345   -4.28131459  -4.70095328   3.3441663    1.25939317\n   -1.27436463]\n [  3.0913451   -4.57952964 -10.86551645   1.25939317  14.76722445\n  -16.32337645]\n [ -2.85502793   2.28407761  13.80915445  -1.27436463 -16.32337645\n   23.79487243]]", "nfev": "308", "njev": "44", "status": "0", "success": "True", "message": "Optimization terminated successfully.", "x": "[3.4858519  9.04758649 2.52084475 5.47712638 1.50907996 2.47206669]", "nit": "38", "callback": [0.2917295354888345, 0.12225607901917923, 0.10853969448187739]}, "11": {"maxiter": 500, "gtol": 1e-05, "xrtol": 1e-10, "eps": 1e-10, "duration": 0.06935405731201172, "fun": "0.10589362163592919", "jac": "[-3.33066880e-06  6.66133760e-06  4.44089173e-06  8.88178346e-06\n  4.44089173e-06  1.11022293e-06]", "hess_inv": "[[  3.46446797   1.41347058   0.33414661  -0.87744423   3.39327605\n   -3.16538628]\n [  1.41347058  34.02638022  33.30992359  -4.14776242  -3.94583703\n    2.22018364]\n [  0.33414661  33.30992359  42.53775707  -4.77790567  -9.70889822\n   13.28424548]\n [ -0.87744423  -4.14776242  -4.77790567   3.19762572   0.80968723\n   -1.25115427]\n [  3.39327605  -3.94583703  -9.70889822   0.80968723  14.08844463\n  -15.73261946]\n [ -3.16538628   2.22018364  13.28424548  -1.25115427 -15.73261946\n   23.32559696]]", "nfev": "308", "njev": "44", "status": "0", "success": "True", "message": "Optimization terminated successfully.", "x": "[3.48585052 9.04778354 2.5210897  5.4771113  1.5090446  2.47212989]", "nit": "37", "callback": [0.29172610443963365, 0.1219247340019145, 0.1084008581951722]}, "12": {"maxiter": 500, "gtol": 1e-10, "xrtol": 1e-05, "eps": 1e-05, "duration": 0.07056593894958496, "fun": "0.10589362159432325", "jac": "[ 1.84319227e-07  2.26152430e-08 -6.44151399e-08  1.41875400e-07\n -2.65243383e-07 -1.85107485e-07]", "hess_inv": "[[  3.57522087   1.50900359   0.74697248  -0.90610461   3.10557521\n   -2.8038238 ]\n [  1.50900359  33.40846205  33.34326009  -4.66779413  -4.43562107\n    2.44426174]\n [  0.74697248  33.34326009  43.10869806  -5.17623353 -10.66305615\n   13.77847444]\n [ -0.90610461  -4.66779413  -5.17623353   3.43951846   1.21423486\n   -1.22765234]\n [  3.10557521  -4.43562107 -10.66305615   1.21423486  14.78523965\n  -16.31538082]\n [ -2.8038238    2.44426174  13.77847444  -1.22765234 -16.31538082\n   23.54870707]]", "nfev": "315", "njev": "45", "status": "0", "success": "True", "message": "Optimization terminated successfully.", "x": "[3.48585296 9.04760046 2.52086677 5.4771211  1.50908182 2.47206981]", "nit": "39", "callback": [0.2917295354888345, 0.12225607901917923, 0.10853969448187739]}, "13": {"maxiter": 500, "gtol": 1e-10, "xrtol": 1e-05, "eps": 1e-10, "duration": 0.07228589057922363, "fun": "0.10589362151542536", "jac": "[ 2.22044587e-06  1.11022293e-06  2.22044587e-06  4.44089173e-06\n -2.22044587e-06  2.22044587e-06]", "hess_inv": "[[  3.60553777   3.23684463   2.25808541  -1.141992     3.59695536\n   -3.24200204]\n [  3.23684463  35.72075243  34.83317149  -6.82156187   1.28047908\n   -1.20769151]\n [  2.25808541  34.83317149  43.86265031  -7.59015526  -4.16296191\n    9.63782792]\n [ -1.141992    -6.82156187  -7.59015526   3.66831812   0.33932018\n   -1.02438996]\n [  3.59695536   1.28047908  -4.16296191   0.33932018  14.07496625\n  -15.55419456]\n [ -3.24200204  -1.20769151   9.63782792  -1.02438996 -15.55419456\n   23.09555941]]", "nfev": "322", "njev": "46", "status": "0", "success": "True", "message": "Optimization terminated successfully.", "x": "[3.48584531 9.04770572 2.52100746 5.47712143 1.50903831 2.47213156]", "nit": "38", "callback": [0.29172610443963365, 0.1219247340019145, 0.1084008581951722]}, "14": {"maxiter": 500, "gtol": 1e-10, "xrtol": 1e-10, "eps": 1e-05, "duration": 0.07581305503845215, "fun": "0.1058936215879025", "jac": "[ 1.11022302e-11 -4.44089210e-11  0.00000000e+00  0.00000000e+00\n -4.44089210e-11  0.00000000e+00]", "hess_inv": "[[  3.60991072   1.26005533   0.37919515  -0.88292393   3.20014806\n   -3.02612456]\n [  1.26005533  33.92894954  34.5495433   -4.80834373  -4.92860056\n    3.6544104 ]\n [  0.37919515  34.5495433   45.59460816  -5.53287614 -11.3957541\n   15.76553923]\n [ -0.88292393  -4.80834373  -5.53287614   3.51712601   1.26563136\n   -1.45819647]\n [  3.20014806  -4.92860056 -11.3957541    1.26563136  15.0001108\n  -16.79951437]\n [ -3.02612456   3.6544104   15.76553923  -1.45819647 -16.79951437\n   24.81129488]]", "nfev": "336", "njev": "48", "status": "0", "success": "True", "message": "Optimization terminated successfully.", "x": "[3.4858527  9.04760174 2.52086956 5.47712057 1.5090813  2.47207165]", "nit": "42", "callback": [0.2917295354888345, 0.12225607901917923, 0.10853969448187739, 0.10589362158799043]}, "15": {"maxiter": 500, "gtol": 1e-10, "xrtol": 1e-10, "eps": 1e-10, "duration": 0.15301132202148438, "fun": "0.10589362144089054", "jac": "[1.11022293e-06 2.22044587e-06 1.11022293e-06 2.22044587e-06\n 2.22044587e-06 3.33066880e-06]", "hess_inv": "[[ 3.27172329 -0.05466016  0.80313002  0.14759441  3.11990838 -2.79034235]\n [-0.05466016  1.78381746 -1.05737441 -0.48376987 -2.61527784  0.36845733]\n [ 0.80313002 -1.05737441  1.56424243 -0.3248898   2.8594906  -1.21941501]\n [ 0.14759441 -0.48376987 -0.3248898   1.00782987  0.44156893 -0.1416123 ]\n [ 3.11990838 -2.61527784  2.8594906   0.44156893  8.14176754 -3.92069045]\n [-2.79034235  0.36845733 -1.21941501 -0.1416123  -3.92069045  2.98239511]]", "nfev": "677", "njev": "95", "status": "2", "success": "False", "message": "Desired error not necessarily achieved due to precision loss.", "x": "[3.48586126 9.04768906 2.5209716  5.47711214 1.50907291 2.47209026]", "nit": "46", "callback": [0.29172610443963365, 0.1219247340019145, 0.1084008581951722, 0.10589362146991088]}, "16": {"maxiter": 1000, "gtol": 1e-05, "xrtol": 1e-05, "eps": 1e-05, "duration": 0.07012796401977539, "fun": "0.10589362165968974", "jac": "[ 9.87099291e-07  8.29158964e-07 -1.26170185e-06  1.42150736e-06\n -1.38629108e-06 -2.49389398e-07]", "hess_inv": "[[  3.57204968   1.41264422   0.56538243  -0.8584345    3.0913451\n   -2.85502793]\n [  1.41264422  32.2960429   31.67948101  -4.28131459  -4.57952964\n    2.28407761]\n [  0.56538243  31.67948101  40.89157114  -4.70095328 -10.86551645\n   13.80915445]\n [ -0.8584345   -4.28131459  -4.70095328   3.3441663    1.25939317\n   -1.27436463]\n [  3.0913451   -4.57952964 -10.86551645   1.25939317  14.76722445\n  -16.32337645]\n [ -2.85502793   2.28407761  13.8091