{"date": "2024/09/12/, 00:43:18", "conf_id": 4, "data_type": "random\n", "num_data_points": 1, "s_rank": 0, "unitary": "[[-0.24866696+0.58742286j,-0.44704345-0.43151574j,-0.35669027-0.20570733j,-0.10517633+0.1626036j],[0.10596805-0.19687975j,-0.30269685-0.15056416j,0.18246286+0.30440582j,-0.83484447-0.11310748j],[0.26054512-0.52548482j,0.0285017-0.50723956j,-0.43110112+0.17165838j,0.15243271+0.39915801j],[0.42978035+0.11991271j,-0.17224126-0.46030424j,0.6827807-0.15164662j,0.26483638+0.0061855j]]", "databatch_0": {"databatch": "[[[0.08218006+0.38581094j,-0.1011434-0.50187746j,0.03711803-0.01106927j,0.15583-0.03455803j],[0.04202506+0.03192283j,-0.05408408-0.04202945j,0.00279498-0.00436369j,0.01277446-0.01711239j],[0.27576245+0.18246308j,-0.35527774-0.24073787j,0.01569657-0.02842207j,0.07289535-0.11219766j],[0.25842392+0.12411181j,-0.33360916-0.16476221j,0.01012122-0.0262674j,0.04934375-0.10498455j]]]", "initial param values": "[0.88407341,6.19139751,4.40365732,2.46535939,1.98900012,3.25507341]", "nelder_mead": {"type": "gradient-free", "0": {"maxiter": 100, "fatol": 1e-05, "xatol": 1e-05, "duration": 0.04621124267578125, "fun": "0.038281870192075185", "nit": "100", "nfev": "160", "status": "2", "success": "False", "message": "Maximum number of iterations has been exceeded.", "x": "[1.09534839 8.84144412 4.18221985 1.55666577 2.63193686 1.80530734]", "final_simplex": "(array([[1.09534839, 8.84144412, 4.18221985, 1.55666577, 2.63193686,\n        1.80530734],\n       [1.09537436, 8.83053406, 4.18133404, 1.54863616, 2.6342509 ,\n        1.80273762],\n       [1.09351088, 8.8502656 , 4.16448116, 1.55193495, 2.62514629,\n        1.81611877],\n       [1.09576278, 8.86086739, 4.16212092, 1.53750727, 2.61925025,\n        1.80556561],\n       [1.09089766, 8.84172751, 4.17765502, 1.55386723, 2.63987418,\n        1.81391027],\n       [1.09712458, 8.87340667, 4.16446219, 1.54677646, 2.63089595,\n        1.80384408],\n       [1.09933062, 8.88743492, 4.15450216, 1.52993838, 2.61923579,\n        1.78625544]]), array([0.03828187, 0.03828962, 0.03829743, 0.03830321, 0.03830881,\n       0.03830951, 0.03831283]))", "callback": [0.28523023671813075, 0.10805286394498714, 0.06781987215246543, 0.050535247751594015, 0.04516712126299782, 0.043486178391025865, 0.038749063126210403, 0.03845723195403372, 0.038321319635806095]}, "1": {"maxiter": 100, "fatol": 1e-05, "xatol": 1e-10, "duration": 0.045623064041137695, "fun": "0.038281870192075185", "nit": "100", "nfev": "160", "status": "2", "success": "False", "message": "Maximum number of iterations has been exceeded.", "x": "[1.09534839 8.84144412 4.18221985 1.55666577 2.63193686 1.80530734]", "final_simplex": "(array([[1.09534839, 8.84144412, 4.18221985, 1.55666577, 2.63193686,\n        1.80530734],\n       [1.09537436, 8.83053406, 4.18133404, 1.54863616, 2.6342509 ,\n        1.80273762],\n       [1.09351088, 8.8502656 , 4.16448116, 1.55193495, 2.62514629,\n        1.81611877],\n       [1.09576278, 8.86086739, 4.16212092, 1.53750727, 2.61925025,\n        1.80556561],\n       [1.09089766, 8.84172751, 4.17765502, 1.55386723, 2.63987418,\n        1.81391027],\n       [1.09712458, 8.87340667, 4.16446219, 1.54677646, 2.63089595,\n        1.80384408],\n       [1.09933062, 8.88743492, 4.15450216, 1.52993838, 2.61923579,\n        1.78625544]]), array([0.03828187, 0.03828962, 0.03829743, 0.03830321, 0.03830881,\n       0.03830951, 0.03831283]))", "callback": [0.28523023671813075, 0.10805286394498714, 0.06781987215246543, 0.050535247751594015, 0.04516712126299782, 0.043486178391025865, 0.038749063126210403, 0.03845723195403372, 0.038321319635806095]}, "2": {"maxiter": 100, "fatol": 1e-10, "xatol": 1e-05, "duration": 0.044944047927856445, "fun": "0.038281870192075185", "nit": "100", "nfev": "160", "status": "2", "success": "False", "message": "Maximum number of iterations has been exceeded.", "x": "[1.09534839 8.84144412 4.18221985 1.55666577 2.63193686 1.80530734]", "final_simplex": "(array([[1.09534839, 8.84144412, 4.18221985, 1.55666577, 2.63193686,\n        1.80530734],\n       [1.09537436, 8.83053406, 4.18133404, 1.54863616, 2.6342509 ,\n        1.80273762],\n       [1.09351088, 8.8502656 , 4.16448116, 1.55193495, 2.62514629,\n        1.81611877],\n       [1.09576278, 8.86086739, 4.16212092, 1.53750727, 2.61925025,\n        1.80556561],\n       [1.09089766, 8.84172751, 4.17765502, 1.55386723, 2.63987418,\n        1.81391027],\n       [1.09712458, 8.87340667, 4.16446219, 1.54677646, 2.63089595,\n        1.80384408],\n       [1.09933062, 8.88743492, 4.15450216, 1.52993838, 2.61923579,\n        1.78625544]]), array([0.03828187, 0.03828962, 0.03829743, 0.03830321, 0.03830881,\n       0.03830951, 0.03831283]))", "callback": [0.28523023671813075, 0.10805286394498714, 0.06781987215246543, 0.050535247751594015, 0.04516712126299782, 0.043486178391025865, 0.038749063126210403, 0.03845723195403372, 0.038321319635806095]}, "3": {"maxiter": 100, "fatol": 1e-10, "xatol": 1e-10, "duration": 0.0430147647857666, "fun": "0.038281870192075185", "nit": "100", "nfev": "160", "status": "2", "success": "False", "message": "Maximum number of iterations has been exceeded.", "x": "[1.09534839 8.84144412 4.18221985 1.55666577 2.63193686 1.80530734]", "final_simplex": "(array([[1.09534839, 8.84144412, 4.18221985, 1.55666577, 2.63193686,\n        1.80530734],\n       [1.09537436, 8.83053406, 4.18133404, 1.54863616, 2.6342509 ,\n        1.80273762],\n       [1.09351088, 8.8502656 , 4.16448116, 1.55193495, 2.62514629,\n        1.81611877],\n       [1.09576278, 8.86086739, 4.16212092, 1.53750727, 2.61925025,\n        1.80556561],\n       [1.09089766, 8.84172751, 4.17765502, 1.55386723, 2.63987418,\n        1.81391027],\n       [1.09712458, 8.87340667, 4.16446219, 1.54677646, 2.63089595,\n        1.80384408],\n       [1.09933062, 8.88743492, 4.15450216, 1.52993838, 2.61923579,\n        1.78625544]]), array([0.03828187, 0.03828962, 0.03829743, 0.03830321, 0.03830881,\n       0.03830951, 0.03831283]))", "callback": [0.28523023671813075, 0.10805286394498714, 0.06781987215246543, 0.050535247751594015, 0.04516712126299782, 0.043486178391025865, 0.038749063126210403, 0.03845723195403372, 0.038321319635806095]}, "4": {"maxiter": 500, "fatol": 1e-05, "xatol": 1e-05, "duration": 0.09229803085327148, "fun": "0.03827141280442614", "nit": "210", "nfev": "346", "status": "0", "success": "True", "message": "Optimization terminated successfully.", "x": "[1.0962699  8.85049297 4.17140422 1.54704602 2.62827497 1.80201063]", "final_simplex": "(array([[1.0962699 , 8.85049297, 4.17140422, 1.54704602, 2.62827497,\n        1.80201063],\n       [1.09627018, 8.85048883, 4.17140583, 1.54705019, 2.62827463,\n        1.80201131],\n       [1.09626998, 8.85048855, 4.17140705, 1.54704714, 2.62827399,\n        1.80201067],\n       [1.09627081, 8.8504884 , 4.17140544, 1.54704767, 2.62827373,\n        1.80201119],\n       [1.09626924, 8.85048665, 4.17140752, 1.54705181, 2.62827495,\n        1.80201513],\n       [1.09626956, 8.85049705, 4.17139986, 1.54704495, 2.62827488,\n        1.80200848],\n       [1.09626961, 8.85049964, 4.17140097, 1.5470432 , 2.62827395,\n        1.80200905]]), array([0.03827141, 0.03827141, 0.03827141, 0.03827141, 0.03827141,\n       0.03827141, 0.03827141]))", "callback": [0.28523023671813075, 0.10805286394498714, 0.06781987215246543, 0.050535247751594015, 0.04516712126299782, 0.043486178391025865, 0.038749063126210403, 0.03845723195403372, 0.038321319635806095, 0.03828082961271129, 0.03827319620152281, 0.03827169347920867, 0.03827145981209634, 0.038271425151282124, 0.03827141527038491, 0.038271413598256476, 0.038271412999766996, 0.03827141284162194, 0.03827141281001245, 0.038271412805295, 0.03827141280442614]}, "5": {"maxiter": 500, "fatol": 1e-05, "xatol": 1e-10, "duration": 0.15219593048095703, "fun": "0.03827141280382573", "nit": "308", "nfev": "573", "status": "0", "success": "True", "message": "Optimization terminated successfully.", "x": "[1.09626973 8.85049353 4.17140415 1.54704684 2.62827419 1.8020095 ]", "final_simplex": "(array([[1.09626973, 8.85049353, 4.17140415, 1.54704684, 2.62827419,\n        1.8020095 ],\n       [1.09626973, 8.85049353, 4.17140415, 1.54704684, 2.62827419,\n        1.8020095 ],\n       [1.09626973, 8.85049353, 4.17140415, 1.54704684, 2.62827419,\n        1.8020095 ],\n       [1.09626973, 8.85049353, 4.17140415, 1.54704684, 2.62827419,\n        1.8020095 ],\n       [1.09626973, 8.85049353, 4.17140415, 1.54704684, 2.62827419,\n        1.8020095 ],\n       [1.09626973, 8.85049353, 4.17140415, 1.54704684, 2.62827419,\n        1.8020095 ],\n       [1.09626973, 8.85049353, 4.17140415, 1.54704684, 2.62827419,\n        1.8020095 ]]), array([0.03827141, 0.03827141, 0.03827141, 0.03827141, 0.03827141,\n       0.03827141, 0.03827141]))", "callback": [0.28523023671813075, 0.10805286394498714, 0.06781987215246543, 0.050535247751594015, 0.04516712126299782, 0.043486178391025865, 0.038749063126210403, 0.03845723195403372, 0.038321319635806095, 0.03828082961271129, 0.03827319620152281, 0.03827169347920867, 0.03827145981209634, 0.038271425151282124, 0.03827141527038491, 0.038271413598256476, 0.038271412999766996, 0.03827141284162194, 0.03827141281001245, 0.038271412805295, 0.03827141280426327, 0.03827141280395341, 0.03827141280386548, 0.03827141280383295, 0.0382714128038274, 0.038271412803826066, 0.038271412803825955, 0.03827141280382573, 0.03827141280382573, 0.03827141280382573]}, "6": {"maxiter": 500, "fatol": 1e-10, "xatol": 1e-05, "duration": 0.09596610069274902, "fun": "0.03827141280442614", "nit": "210", "nfev": "346", "status": "0", "success": "True", "message": "Optimization terminated successfully.", "x": "[1.0962699  8.85049297 4.17140422 1.54704602 2.62827497 1.80201063]", "final_simplex": "(array([[1.0962699 , 8.85049297, 4.17140422, 1.54704602, 2.62827497,\n        1.80201063],\n       [1.09627018, 8.85048883, 4.17140583, 1.54705019, 2.62827463,\n        1.80201131],\n       [1.09626998, 8.85048855, 4.17140705, 1.54704714, 2.62827399,\n        1.80201067],\n       [1.09627081, 8.8504884 , 4.17140544, 1.54704767, 2.62827373,\n        1.80201119],\n       [1.09626924, 8.85048665, 4.17140752, 1.54705181, 2.62827495,\n        1.80201513],\n       [1.09626956, 8.85049705, 4.17139986, 1.54704495, 2.62827488,\n        1.80200848],\n       [1.09626961, 8.85049964, 4.17140097, 1.5470432 , 2.62827395,\n        1.80200905]]), array([0.03827141, 0.03827141, 0.03827141, 0.03827141, 0.03827141,\n       0.03827141, 0.03827141]))", "callback": [0.28523023671813075, 0.10805286394498714, 0.06781987215246543, 0.050535247751594015, 0.04516712126299782, 0.043486178391025865, 0.038749063126210403, 0.03845723195403372, 0.038321319635806095, 0.03828082961271129, 0.03827319620152281, 0.03827169347920867, 0.03827145981209634, 0.038271425151282124, 0.03827141527038491, 0.038271413598256476, 0.038271412999766996, 0.03827141284162194, 0.03827141281001245, 0.038271412805295, 0.03827141280442614]}, "7": {"maxiter": 500, "fatol": 1e-10, "xatol": 1e-10, "duration": 0.16030478477478027, "fun": "0.03827141280382573", "nit": "308", "nfev": "573", "status": "0", "success": "True", "message": "Optimization terminated successfully.", "x": "[1.09626973 8.85049353 4.17140415 1.54704684 2.62827419 1.8020095 ]", "final_simplex": "(array([[1.09626973, 8.85049353, 4.17140415, 1.54704684, 2.62827419,\n        1.8020095 ],\n       [1.09626973, 8.85049353, 4.17140415, 1.54704684, 2.62827419,\n        1.8020095 ],\n       [1.09626973, 8.85049353, 4.17140415, 1.54704684, 2.62827419,\n        1.8020095 ],\n       [1.09626973, 8.85049353, 4.17140415, 1.54704684, 2.62827419,\n        1.8020095 ],\n       [1.09626973, 8.85049353, 4.17140415, 1.54704684, 2.62827419,\n        1.8020095 ],\n       [1.09626973, 8.85049353, 4.17140415, 1.54704684, 2.62827419,\n        1.8020095 ],\n       [1.09626973, 8.85049353, 4.17140415, 1.54704684, 2.62827419,\n        1.8020095 ]]), array([0.03827141, 0.03827141, 0.03827141, 0.03827141, 0.03827141,\n       0.03827141, 0.03827141]))", "callback": [0.28523023671813075, 0.10805286394498714, 0.06781987215246543, 0.050535247751594015, 0.04516712126299782, 0.043486178391025865, 0.038749063126210403, 0.03845723195403372, 0.038321319635806095, 0.03828082961271129, 0.03827319620152281, 0.03827169347920867, 0.03827145981209634, 0.038271425151282124, 0.03827141527038491, 0.038271413598256476, 0.038271412999766996, 0.03827141284162194, 0.03827141281001245, 0.038271412805295, 0.03827141280426327, 0.03827141280395341, 0.03827141280386548, 0.03827141280383295, 0.0382714128038274, 0.038271412803826066, 0.038271412803825955, 0.03827141280382573, 0.03827141280382573, 0.03827141280382573]}, "8": {"maxiter": 1000, "fatol": 1e-05, "xatol": 1e-05, "duration": 0.09699606895446777, "fun": "0.03827141280442614", "nit": "210", "nfev": "346", "status": "0", "success": "True", "message": "Optimization terminated successfully.", "x": "[1.0962699  8.85049297 4.17140422 1.54704602 2.62827497 1.80201063]", "final_simplex": "(array([[1.0962699 , 8.85049297, 4.17140422, 1.54704602, 2.62827497,\n        1.80201063],\n       [1.09627018, 8.85048883, 4.17140583, 1.54705019, 2.62827463,\n        1.80201131],\n       [1.09626998, 8.85048855, 4.17140705, 1.54704714, 2.62827399,\n        1.80201067],\n       [1.09627081, 8.8504884 , 4.17140544, 1.54704767, 2.62827373,\n        1.80201119],\n       [1.09626924, 8.85048665, 4.17140752, 1.54705181, 2.62827495,\n        1.80201513],\n       [1.09626956, 8.85049705, 4.17139986, 1.54704495, 2.62827488,\n        1.80200848],\n       [1.09626961, 8.85049964, 4.17140097, 1.5470432 , 2.62827395,\n        1.80200905]]), array([0.03827141, 0.03827141, 0.03827141, 0.03827141, 0.03827141,\n       0.03827141, 0.03827141]))", "callback": [0.28523023671813075, 0.10805286394498714, 0.06781987215246543, 0.050535247751594015, 0.04516712126299782, 0.043486178391025865, 0.038749063126210403, 0.03845723195403372, 0.038321319635806095, 0.03828082961271129, 0.03827319620152281, 0.03827169347920867, 0.03827145981209634, 0.038271425151282124, 0.03827141527038491, 0.038271413598256476, 0.038271412999766996, 0.03827141284162194, 0.03827141281001245, 0.038271412805295, 0.03827141280442614]}, "9": {"maxiter": 1000, "fatol": 1e-05, "xatol": 1e-10, "duration": 0.15885710716247559, "fun": "0.03827141280382573", "nit": "308", "nfev": "573", "status": "0", "success": "True", "message": "Optimization terminated successfully.", "x": "[1.09626973 8.85049353 4.17140415 1.54704684 2.62827419 1.8020095 ]", "final_simplex": "(array([[1.09626973, 8.85049353, 4.17140415, 1.54704684, 2.62827419,\n        1.8020095 ],\n       [1.09626973, 8.85049353, 4.17140415, 1.54704684, 2.62827419,\n        1.8020095 ],\n       [1.09626973, 8.85049353, 4.17140415, 1.54704684, 2.62827419,\n        1.8020095 ],\n       [1.09626973, 8.85049353, 4.17140415, 1.54704684, 2.62827419,\n        1.8020095 ],\n       [1.09626973, 8.85049353, 4.17140415, 1.54704684, 2.62827419,\n        1.8020095 ],\n       [1.09626973, 8.85049353, 4.17140415, 1.54704684, 2.62827419,\n        1.8020095 ],\n       [1.09626973, 8.85049353, 4.17140415, 1.54704684, 2.62827419,\n        1.8020095 ]]), array([0.03827141, 0.03827141, 0.03827141, 0.03827141, 0.03827141,\n       0.03827141, 0.03827141]))", "callback": [0.28523023671813075, 0.10805286394498714, 0.06781987215246543, 0.050535247751594015, 0.04516712126299782, 0.043486178391025865, 0.038749063126210403, 0.03845723195403372, 0.038321319635806095, 0.03828082961271129, 0.03827319620152281, 0.03827169347920867, 0.03827145981209634, 0.038271425151282124, 0.03827141527038491, 0.038271413598256476, 0.038271412999766996, 0.03827141284162194, 0.03827141281001245, 0.038271412805295, 0.03827141280426327, 0.03827141280395341, 0.03827141280386548, 0.03827141280383295, 0.0382714128038274, 0.038271412803826066, 0.038271412803825955, 0.03827141280382573, 0.03827141280382573, 0.03827141280382573]}, "10": {"maxiter": 1000, "fatol": 1e-10, "xatol": 1e-05, "duration": 0.09746599197387695, "fun": "0.03827141280442614", "nit": "210", "nfev": "346", "status": "0", "success": "True", "message": "Optimization terminated successfully.", "x": "[1.0962699  8.85049297 4.17140422 1.54704602 2.62827497 1.80201063]", "final_simplex": "(array([[1.0962699 , 8.85049297, 4.17140422, 1.54704602, 2.62827497,\n        1.80201063],\n       [1.09627018, 8.85048883, 4.17140583, 1.54705019, 2.62827463,\n        1.80201131],\n       [1.09626998, 8.85048855, 4.17140705, 1.54704714, 2.62827399,\n        1.80201067],\n       [1.09627081, 8.8504884 , 4.17140544, 1.54704767, 2.62827373,\n        1.80201119],\n       [1.09626924, 8.85048665, 4.17140752, 1.54705181, 2.62827495,\n        1.80201513],\n       [1.09626956, 8.85049705, 4.17139986, 1.54704495, 2.62827488,\n        1.80200848],\n       [1.09626961, 8.85049964, 4.17140097, 1.5470432 , 2.62827395,\n        1.80200905]]), array([0.03827141, 0.03827141, 0.03827141, 0.03827141, 0.03827141,\n       0.03827141, 0.03827141]))", "callback": [0.28523023671813075, 0.10805286394498714, 0.06781987215246543, 0.050535247751594015, 0.04516712126299782, 0.043486178391025865, 0.038749063126210403, 0.03845723195403372, 0.038321319635806095, 0.03828082961271129, 0.03827319620152281, 0.03827169347920867, 0.03827145981209634, 0.038271425151282124, 0.03827141527038491, 0.038271413598256476, 0.038271412999766996, 0.03827141284162194, 0.03827141281001245, 0.038271412805295, 0.03827141280442614]}, "11": {"maxiter": 1000, "fatol": 1e-10, "xatol": 1e-10, "duration": 0.16086387634277344, "fun": "0.03827141280382573", "nit": "308", "nfev": "573", "status": "0", "success": "True", "message": "Optimization terminated successfully.", "x": "[1.09626973 8.85049353 4.17140415 1.54704684 2.62827419 1.8020095 ]", "final_simplex": "(array([[1.09626973, 8.85049353, 4.17140415, 1.54704684, 2.62827419,\n        1.8020095 ],\n       [1.09626973, 8.85049353, 4.17140415, 1.54704684, 2.62827419,\n        1.8020095 ],\n       [1.09626973, 8.85049353, 4.17140415, 1.54704684, 2.62827419,\n        1.8020095 ],\n       [1.09626973, 8.85049353, 4.17140415, 1.54704684, 2.62827419,\n        1.8020095 ],\n       [1.09626973, 8.85049353, 4.17140415, 1.54704684, 2.62827419,\n        1.8020095 ],\n       [1.09626973, 8.85049353, 4.17140415, 1.54704684, 2.62827419,\n        1.8020095 ],\n       [1.09626973, 8.85049353, 4.17140415, 1.54704684, 2.62827419,\n        1.8020095 ]]), array([0.03827141, 0.03827141, 0.03827141, 0.03827141, 0.03827141,\n       0.03827141, 0.03827141]))", "callback": [0.28523023671813075, 0.10805286394498714, 0.06781987215246543, 0.050535247751594015, 0.04516712126299782, 0.043486178391025865, 0.038749063126210403, 0.03845723195403372, 0.038321319635806095, 0.03828082961271129, 0.03827319620152281, 0.03827169347920867, 0.03827145981209634, 0.038271425151282124, 0.03827141527038491, 0.038271413598256476, 0.038271412999766996, 0.03827141284162194, 0.03827141281001245, 0.038271412805295, 0.03827141280426327, 0.03827141280395341, 0.03827141280386548, 0.03827141280383295, 0.0382714128038274, 0.038271412803826066, 0.038271412803825955, 0.03827141280382573, 0.03827141280382573, 0.03827141280382573]}}, "bfgs": {"type": "gradient", "0": {"maxiter": 100, "gtol": 1e-05, "xrtol": 1e-05, "eps": 1e-05, "duration": 0.0392460823059082, "fun": "0.03827141285614877", "jac": "[ 1.09970921e-06 -1.09504628e-06  3.25828253e-07  3.89754895e-07\n  1.39384060e-06  1.35178535e-06]", "hess_inv": "[[ 5.16564996 -4.19311648 -0.93997746  0.52098219 -2.24605327 -2.5033103 ]\n [-4.19311648  8.68504164  2.27718288  0.76800733  3.81302137  4.21187905]\n [-0.93997746  2.27718288  2.97894066  0.15349477  1.76834732  0.98963287]\n [ 0.52098219  0.76800733  0.15349477  2.35356496  0.11477434  0.20721865]\n [-2.24605327  3.81302137  1.76834732  0.11477434  3.36259727  1.93509449]\n [-2.5033103   4.21187905  0.98963287  0.20721865  1.93509449  3.43649768]]", "nfev": "133", "njev": "19", "status": "0", "success": "True", "message": "Optimization terminated successfully.", "x": "[1.89765821 7.55649057 4.50524952 2.45287702 3.41059324 3.23110937]", "nit": "17", "callback": [0.03871274685932247]}, "1": {"maxiter": 100, "gtol": 1e-05, "xrtol": 1e-05, "eps": 1e-10, "duration": 0.03539705276489258, "fun": "0.038271413114941755", "jac": "[ 6.66133760e-06  4.44089173e-06  9.99200639e-06  2.22044587e-06\n -6.66133760e-06  1.11022293e-06]", "hess_inv": "[[ 4.91114899 -3.90616362 -0.94607753  0.56399455 -1.98419262 -2.44680504]\n [-3.90616362  8.36823186  2.2960441   0.73086315  3.56609242  4.12797246]\n [-0.94607753  2.2960441   2.98977488  0.17370051  1.83949108  0.97267951]\n [ 0.56399455  0.73086315  0.17370051  2.35693662  0.11419592  0.1812299 ]\n [-1.98419262  3.56609242  1.83949108  0.11419592  3.24527594  1.83265375]\n [-2.44680504  4.12797246  0.97267951  0.1812299   1.83265375  3.43249033]]", "nfev": "126", "njev": "18", "status": "0", "success": "True", "message": "Optimization terminated successfully.", "x": "[1.89770571 7.55648443 4.50528158 2.45290506 3.41064571 3.23116698]", "nit": "16", "callback": [0.03871305100802014]}, "2": {"maxiter": 100, "gtol": 1e-05, "xrtol": 1e-10, "eps": 1e-05, "duration": 0.037017822265625, "fun": "0.03827141285614877", "jac": "[ 1.09970921e-06 -1.09504628e-06  3.25828253e-07  3.89754895e-07\n  1.39384060e-06  1.35178535e-06]", "hess_inv": "[[ 5.16564996 -4.19311648 -0.93997746  0.52098219 -2.24605327 -2.5033103 ]\n [-4.19311648  8.68504164  2.27718288  0.76800733  3.81302137  4.21187905]\n [-0.93997746  2.27718288  2.97894066  0.15349477  1.76834732  0.98963287]\n [ 0.52098219  0.76800733  0.15349477  2.35356496  0.11477434  0.20721865]\n [-2.24605327  3.81302137  1.76834732  0.11477434  3.36259727  1.93509449]\n [-2.5033103   4.21187905  0.98963287  0.20721865  1.93509449  3.43649768]]", "nfev": "133", "njev": "19", "status": "0", "success": "True", "message": "Optimization terminated successfully.", "x": "[1.89765821 7.55649057 4.50524952 2.45287702 3.41059324 3.23110937]", "nit": "17", "callback": [0.03871274685932247]}, "3": {"maxiter": 100, "gtol": 1e-05, "xrtol": 1e-10, "eps": 1e-10, "duration": 0.03560209274291992, "fun": "0.038271413114941755", "jac": "[ 6.66133760e-06  4.44089173e-06  9.99200639e-06  2.22044587e-06\n -6.66133760e-06  1.11022293e-06]", "hess_inv": "[[ 4.91114899 -3.90616362 -0.94607753  0.56399455 -1.98419262 -2.44680504]\n [-3.90616362  8.36823186  2.2960441   0.73086315  3.56609242  4.12797246]\n [-0.94607753  2.2960441   2.98977488  0.17370051  1.83949108  0.97267951]\n [ 0.56399455  0.73086315  0.17370051  2.35693662  0.11419592  0.1812299 ]\n [-1.98419262  3.56609242  1.83949108  0.11419592  3.24527594  1.83265375]\n [-2.44680504  4.12797246  0.97267951  0.1812299   1.83265375  3.43249033]]", "nfev": "126", "njev": "18", "status": "0", "success": "True", "message": "Optimization terminated successfully.", "x": "[1.89770571 7.55648443 4.50528158 2.45290506 3.41064571 3.23116698]", "nit": "16", "callback": [0.03871305100802014]}, "4": {"maxiter": 100, "gtol": 1e-10, "xrtol": 1e-05, "eps": 1e-05, "duration": 0.03729701042175293, "fun": "0.03827141285614877", "jac": "[ 1.09970921e-06 -1.09504628e-06  3.25828253e-07  3.89754895e-07\n  1.39384060e-06  1.35178535e-06]", "hess_inv": "[[ 5.16564996 -4.19311648 -0.93997746  0.52098219 -2.24605327 -2.5033103 ]\n [-4.19311648  8.68504164  2.27718288  0.76800733  3.81302137  4.21187905]\n [-0.93997746  2.27718288  2.97894066  0.15349477  1.76834732  0.98963287]\n [ 0.52098219  0.76800733  0.15349477  2.35356496  0.11477434  0.20721865]\n [-2.24605327  3.81302137  1.76834732  0.11477434  3.36259727  1.93509449]\n [-2.5033103   4.21187905  0.98963287  0.20721865  1.93509449  3.43649768]]", "nfev": "133", "njev": "19", "status": "0", "success": "True", "message": "Optimization terminated successfully.", "x": "[1.89765821 7.55649057 4.50524952 2.45287702 3.41059324 3.23110937]", "nit": "17", "callback": [0.03871274685932247]}, "5": {"maxiter": 100, "gtol": 1e-10, "xrtol": 1e-05, "eps": 1e-10, "duration": 0.03687691688537598, "fun": "0.03827141284400026", "jac": "[ 0.00000000e+00  0.00000000e+00  0.00000000e+00 -1.11022293e-06\n  1.11022293e-06 -3.33066880e-06]", "hess_inv": "[[ 5.03705271 -3.91763585 -0.86964482  0.59622877 -2.07378023 -2.4336405 ]\n [-3.91763585  8.16601374  2.15180162  0.62835178  3.41471903  4.1053784 ]\n [-0.86964482  2.15180162  2.94346168  0.1260196   1.67735874  0.96622213]\n [ 0.59622877  0.62835178  0.1260196   2.31641013  0.01310608  0.17411963]\n [-2.07378023  3.41471903  1.67735874  0.01310608  3.18380626  1.8064944 ]\n [-2.4336405   4.1053784   0.96622213  0.17411963  1.8064944   3.43161494]]", "nfev": "133", "njev": "19", "status": "0", "success": "True", "message": "Optimization terminated successfully.", "x": "[1.89768581 7.55646955 4.50525823 2.45289178 3.41064677 3.23116314]", "nit": "17", "callback": [0.03871305100802014]}, "6": {"maxiter": 100, "gtol": 1e-10, "xrtol": 1e-10, "eps": 1e-05, "duration": 0.0800180435180664, "fun": "0.03827141285614877", "jac": "[ 1.09970921e-06 -1.09504628e-06  3.25828253e-07  3.89754895e-07\n  1.39384060e-06  1.35178535e-06]", "hess_inv": "[[ 5.54462017 -4.44447009 -0.81030901  0.60386183 -2.21368978 -2.51611522]\n [-4.44447009  8.83303162  2.18823986  0.69493765  3.74014051  4.19353932]\n [-0.81030901  2.18823986  3.02284636  0.17901067  1.7713469   0.98103794]\n [ 0.60386183  0.69493765  0.17901067  2.35419239  0.07214468  0.17847705]\n [-2.21368978  3.74014051  1.7713469   0.07214468  3.22415531  1.86030886]\n [-2.51611522  4.19353932  0.98103794  0.17847705  1.86030886  3.39847209]]", "nfev": "278", "njev": "38", "status": "2", "success": "False", "message": "Desired error not necessarily achieved due to precision loss.", "x": "[1.89765821 7.55649057 4.50524952 2.45287702 3.41059324 3.23110937]", "nit": "17", "callback": [0.03871274685932247]}, "7": {"maxiter": 100, "gtol": 1e-10, "xrtol": 1e-10, "eps": 1e-10, "duration": 0.10160326957702637, "fun": "0.03827141280980806", "jac": "[4.44089173e-06 3.33066880e-06 3.33066880e-06 2.22044587e-06\n 3.33066880e-06 0.00000000e+00]", "hess_inv": "[[ 0.19581975 -0.21194551 -0.234732   -0.30764487  0.11565376 -0.05656603]\n [-0.21194551  0.33596921  0.20338468  0.33476984 -0.04955289  0.06138715]\n [-0.234732    0.20338468  0.31476282  0.38665275 -0.18308798  0.07655365]\n [-0.30764487  0.33476984  0.38665275  0.5496973  -0.20645448  0.12154033]\n [ 0.11565376 -0.04955289 -0.18308798 -0.20645448  0.13664907 -0.04558132]\n [-0.05656603  0.06138715  0.07655365  0.12154033 -0.04558132  0.03280948]]", "nfev": "350", "njev": "50", "status": "0", "success": "True", "message": "Optimization terminated successfully.", "x": "[1.89767769 7.55648159 4.50525391 2.45289299 3.41064954 3.23117662]", "nit": "27", "callback": [0.03871305100802014, 0.03827141281237256]}, "8": {"maxiter": 500, "gtol": 1e-05, "xrtol": 1e-05, "eps": 1e-05, "duration": 0.03852415084838867, "fun": "0.03827141285614877", "jac": "[ 1.09970921e-06 -1.09504628e-06  3.25828253e-07  3.89754895e-07\n  1.39384060e-06  1.35178535e-06]", "hess_inv": "[[ 5.16564996 -4.19311648 -0.93997746  0.52098219 -2.24605327 -2.5033103 ]\n [-4.19311648  8.68504164  2.27718288  0.76800733  3.81302137  4.21187905]\n [-0.93997746  2.27718288  2.97894066  0.15349477  1.76834732  0.98963287]\n [ 0.52098219  0.76800733  0.15349477  2.35356496  0.11477434  0.20721865]\n [-2.24605327  3.81302137  1.76834732  0.11477434  3.36259727  1.93509449]\n [-2.5033103   4.21187905  0.98963287  0.20721865  1.93509449  3.43649768]]", "nfev": "133", "njev": "19", "status": "0", "success": "True", "message": "Optimization terminated successfully.", "x": "[1.89765821 7.55649057 4.50524952 2.45287702 3.41059324 3.23110937]", "nit": "17", "callback": [0.03871274685932247]}, "9": {"maxiter": 500, "gtol": 1e-05, "xrtol": 1e-05, "eps": 1e-10, "duration": 0.036561012268066406, "fun": "0.038271413114941755", "jac": "[ 6.66133760e-06  4.44089173e-06  9.99200639e-06  2.22044587e-06\n -6.66133760e-06  1.11022293e-06]", "hess_inv": "[[ 4.91114899 -3.90616362 -0.94607753  0.56399455 -1.98419262 -2.44680504]\n [-3.90616362  8.36823186  2.2960441   0.73086315  3.56609242  4.12797246]\n [-0.94607753  2.2960441   2.98977488  0.17370051  1.83949108  0.97267951]\n [ 0.56399455  0.73086315  0.17370051  2.35693662  0.11419592  0.1812299 ]\n [-1.98419262  3.56609242  1.83949108  0.11419592  3.24527594  1.83265375]\n [-2.44680504  4.12797246  0.97267951  0.1812299   1.83265375  3.43249033]]", "nfev": "126", "njev": "18", "status": "0", "success": "True", "message": "Optimization terminated successfully.", "x": "[1.89770571 7.55648443 4.50528158 2.45290506 3.41064571 3.23116698]", "nit": "16", "callback": [0.03871305100802014]}, "10": {"maxiter": 500, "gtol": 1e-05, "xrtol": 1e-10, "eps": 1e-05, "duration": 0.03857111930847168, "fun": "0.03827141285614877", "jac": "[ 1.09970921e-06 -1.09504628e-06  3.25828253e-07  3.89754895e-07\n  1.39384060e-06  1.35178535e-06]", "hess_inv": "[[ 5.16564996 -4.19311648 -0.93997746  0.52098219 -2.24605327 -2.5033103 ]\n [-4.19311648  8.68504164  2.27718288  0.76800733  3.81302137  4.21187905]\n [-0.93997746  2.27718288  2.97894066  0.15349477  1.76834732  0.98963287]\n [ 0.52098219  0.76800733  0.15349477  2.35356496  0.11477434  0.20721865]\n [-2.24605327  3.81302137  1.76834732  0.11477434  3.36259727  1.93509449]\n [-2.5033103   4.21187905  0.98963287  0.20721865  1.93509449  3.43649768]]", "nfev": "133", "njev": "19", "status": "0", "success": "True", "message": "Optimization terminated successfully.", "x": "[1.89765821 7.55649057 4.50524952 2.45287702 3.41059324 3.23110937]", "nit": "17", "callback": [0.03871274685932247]}, "11": {"maxiter": 500, "gtol": 1e-05, "xrtol": 1e-10, "eps": 1e-10, "duration": 0.03667306900024414, "fun": "0.038271413114941755", "jac": "[ 6.66133760e-06  4.44089173e-06  9.99200639e-06  2.22044587e-06\n -6.66133760e-06  1.11022293e-06]", "hess_inv": "[[ 4.91114899 -3.90616362 -0.94607753  0.56399455 -1.98419262 -2.44680504]\n [-3.90616362  8.36823186  2.2960441   0.73086315  3.56609242  4.12797246]\n [-0.94607753  2.2960441   2.98977488  0.17370051  1.83949108  0.97267951]\n [ 0.56399455  0.73086315  0.17370051  2.35693662  0.11419592  0.1812299 ]\n [-1.98419262  3.56609242  1.83949108  0.11419592  3.24527594  1.83265375]\n [-2.44680504  4.12797246  0.97267951  0.1812299   1.83265375  3.43249033]]", "nfev": "126", "njev": "18", "status": "0", "success": "True", "message": "Optimization terminated successfully.", "x": "[1.89770571 7.55648443 4.50528158 2.45290506 3.41064571 3.23116698]", "nit": "16", "callback": [0.03871305100802014]}, "12": {"maxiter": 500, "gtol": 1e-10, "xrtol": 1e-05, "eps": 1e-05, "duration": 0.03910183906555176, "fun": "0.03827141285614877", "jac": "[ 1.09970921e-06 -1.09504628e-06  3.25828253e-07  3.89754895e-07\n  1.39384060e-06  1.35178535e-06]", "hess_inv": "[[ 5.16564996 -4.19311648 -0.93997746  0.52098219 -2.24605327 -2.5033103 ]\n [-4.19311648  8.68504164  2.27718288  0.76800733  3.81302137  4.21187905]\n [-0.93997746  2.27718288  2.97894066  0.15349477  1.76834732  0.98963287]\n [ 0.52098219  0.76800733  0.15349477  2.35356496  0.11477434  0.20721865]\n [-2.24605327  3.81302137  1.76834732  0.11477434  3.36259727  1.93509449]\n [-2.5033103   4.21187905  0.98963287  0.20721865  1.93509449  3.43649768]]", "nfev": "133", "njev": "19", "status": "0", "success": "True", "message": "Optimization terminated successfully.", "x": "[1.89765821 7.55649057 4.50524952 2.45287702 3.41059324 3.23110937]", "nit": "17", "callback": [0.03871274685932247]}, "13": {"maxiter": 500, "gtol": 1e-10, "xrtol": 1e-05, "eps": 1e-10, "duration": 0.03889918327331543, "fun": "0.03827141284400026", "jac": "[ 0.00000000e+00  0.00000000e+00  0.00000000e+00 -1.11022293e-06\n  1.11022293e-06 -3.33066880e-06]", "hess_inv": "[[ 5.03705271 -3.91763585 -0.86964482  0.59622877 -2.07378023 -2.4336405 ]\n [-3.91763585  8.16601374  2.15180162  0.62835178  3.41471903  4.1053784 ]\n [-0.86964482  2.15180162  2.94346168  0.1260196   1.67735874  0.96622213]\n [ 0.59622877  0.62835178  0.1260196   2.31641013  0.01310608  0.17411963]\n [-2.07378023  3.41471903  1.67735874  0.01310608  3.18380626  1.8064944 ]\n [-2.4336405   4.1053784   0.96622213  0.17411963  1.8064944   3.43161494]]", "nfev": "133", "njev": "19", "status": "0", "success": "True", "message": "Optimization terminated successfully.", "x": "[1.89768581 7.55646955 4.50525823 2.45289178 3.41064677 3.23116314]", "nit": "17", "callback": [0.03871305100802014]}, "14": {"maxiter": 500, "gtol": 1e-10, "xrtol": 1e-10, "eps": 1e-05, "duration": 0.08036923408508301, "fun": "0.03827141285614877", "jac": "[ 1.09970921e-06 -1.09504628e-06  3.25828253e-07  3.89754895e-07\n  1.39384060e-06  1.35178535e-06]", "hess_inv": "[[ 5.54462017 -4.44447009 -0.81030901  0.60386183 -2.21368978 -2.51611522]\n [-4.44447009  8.83303162  2.18823986  0.69493765  3.74014051  4.19353932]\n [-0.81030901  2.18823986  3.02284636  0.17901067  1.7713469   0.98103794]\n [ 0.60386183  0.69493765  0.17901067  2.35419239  0.07214468  0.17847705]\n [-2.21368978  3.74014051  1.7713469   0.07214468  3.22415531  1.86030886]\n [-2.51611522  4.19353932  0.98103794  0.17847705  1.86030886  3.39847209]]", "nfev": "278", "njev": "38", "status": "2", "success": "False", "message": "Desired error not necessarily achieved due to precision loss.", "x": "[1.89765821 7.55649057 4.50524952 2.45287702 3.41059324 3.23110937]", "nit": "17", "callback": [0.03871274685932247]}, "15": {"maxiter": 500, "gtol": 1e-10, "xrtol": 1e-10, "eps": 1e-10, "duration": 0.1013479232788086, "fun": "0.03827141280980806", "jac": "[4.44089173e-06 3.33066880e-06 3.33066880e-06 2.22044587e-06\n 3.33066880e-06 0.00000000e+00]", "hess_inv": "[[ 0.19581975 -0.21194551 -0.234732   -0.30764487  0.11565376 -0.05656603]\n [-0.21194551  0.33596921  0.20338468  0.33476984 -0.04955289  0.06138715]\n [-0.234732    0.20338468  0.31476282  0.38665275 -0.18308798  0.07655365]\n [-0.30764487  0.33476984  0.38665275  0.5496973  -0.20645448  0.12154033]\n [ 0.11565376 -0.04955289 -0.18308798 -0.20645448  0.13664907 -0.04558132]\n [-0.05656603  0.06138715  0.07655365  0.12154033 -0.04558132  0.03280948]]", "nfev": "350", "njev": "50", "status": "0", "success": "True", "message": "Optimization terminated successfully.", "x": "[1.89767769 7.55648159 4.50525391 2.45289299 3.41064954 3.23117662]", "nit": "27", "callback": [0.03871305100802014, 0.03827141281237256]}, "16": {"maxiter": 1000, "gtol": 1e-05, "xrtol": 1e-05, "eps": 1e-05, "duration": 0.03812098503112793, "fun": "0.03827141285614877", "jac": "[ 1.09970921e-06 -1.09504628e-06  3.25828253e-07  3.89754895e-07\n  1.39384060e-06  1.35178535e-06]", "hess_inv": "[[ 5.16564996 -4.19311648 -0.93997746  0.52098219 -2.24605327 -2.5033103 ]\n [-4.19311648  8.68504164  2.27718288  0.76800733  3.81302137  4.21187905]\n [-0.93997746  2.27718288  2.97894066  0.15349477  1.76834732  0.98963287]\n [ 0.52098219  0.76800733  0.15349477  2.35356496  0.11477434  0.20721865]\n [-2.24605327  3.81302137  1.76834732  0.11477434  3.36259727  1.93509449]\n [-2.5033103   4.21187905  0.98963287  0.20721865  1.93509449  3.43649768]]", "nfev": "133", "njev": "19", "status": "0", "success": "True", "message": "Optimization terminated successfully.", "x": "[1.89765821 7.55649057 4.50524952 2.45287702 3.41059324 3.23110937]", "nit": "17", "callback": [0.03871274685932247]}, "17": {"maxiter": 1000, "gtol": 1e-05, "xrtol": 1e-05, "eps": 1e-10, "duration": 0.035897016525268555, "fun": "0.038271413114941755", "jac": "[ 6.66133760e-06  4.44089173e-06  9.99200639e-06  2.22044587e-06\n -6.66133760e-06  1.11022293e-06]", "hess_inv": "[[ 4.91114899 -3.90616362 -0.94607753  0.56399455 -1.98419262 -2.44680504]\n [-3.90616362  8.36823186  2.2960441   0.73086315  3.56609242  4.12797246]\n [-0.94607753  2.2960441   2.98977488  0.17370051  1.83949108  0.97267951]\n [ 0.56399455  0.73086315  0.17370051  2.35693662  0.11419592  0.1812299 ]\n [-1.98419262  3.56609242  1.83949108  0.11419592  3.24527594  1.83265375]\n [-2.44680504  4.12797246  0.97267951  0.1812299   1.83265375  3.43249033]]", "nfev": "126", "njev": "18", "status": "0", "success": "True", "message": "Optimization terminated successfully.", "x": "[1.89770571 7.55648443 4.50528158 2.45290506 3.41064571 3.23116698]", "nit": "16", "callback": [0.03871305100802014]}, "18": {"maxiter": 1000, "gtol": 1e-05, "xrtol": 1e-10, "eps": 1e-05, "duration": 0.037825584411621094, "fun": "0.03827141285614877", "jac": "[ 1.09970921e-06 -1.09504628e-06  3.25828253e-07  3.89754895e-07\n  1.39384060e-06  1.35178535e-06]", "hess_inv": "[[ 5.16564996 -4.19311648 -0.93997746  0.52098219 -2.24605327 -2.5033103 ]\n [-4.19311648  8.68504164  2.27718288  0.76800733  3.81302137  4.21187905]\n [-0.93997746  2.27718288  2.97894066  0.15349477  1.76834732  0.98963287]\n [ 0.52098219  0.76800733  0.15349477  2.35356496  0.11477434  0.20721865]\n [-2.24605327  3.81302137  1.76834732  0.11477434  3.36259727  1.93509449]\n [-2.5033103   4.21187905  0.98963287  0.20721865  1.93509449  3.43649768]]", "nfev": "133", "njev": "19", "status": "0", "success": "True", "message": "Optimization terminated successfully.", "x": "[1.89765821 7.55649057 4.50524952 2.45287702 3.41059324 3.23110937]", "nit": "17", "callback": [0.03871274685932247]}, "19": {"maxiter": 1000, "gtol": 1e-05, "xrtol": 1e-10, "eps": 1e-10, "duration": 0.035861968994140625, "fun": "0.038271413114941755", "jac": "[ 6.66133760e-06  4.44089173e-06  9.99200639e-06  2.22044587e-06\n -6.66133760e-06  1.11022293e-06]", "hess_inv": "[[ 4.91114899 -3.90616362 -0.94607753  0.56399455 -1.98419262 -2.44680504]\n [-3.90616362  8.36823186  2.2960441   0.73086315  3.56609242  4.12797246]\n [-0.94607753  2.2960441   2.98977488  0.17370051  1.83949108  0.97267951]\n [ 0.56399455  0.73086315  0.17370051  2.35693662  0.11419592  0.1812299 ]\n [-1.98419262  3.56609242  1.83949108  0.11419592  3.24527594  1.83265375]\n [-2.44680504  4.12797246  0.97267951  0.1812299   1.83265375  3.43249033]]", "nfev": "126", "njev": "18", "status": "0", "success": "True", "message": "Optimization terminated successfully.", "x": "[1.89770571 7.55648443 4.50528158 2.45290506 3.41064571 3.23116698]", "nit": "16", "callback": [0.03871305100802014]}, "20": {"maxiter": 1000, "gtol": 1e-10, "xrtol": 1e-05, "eps": 1e-05, "duration": 0.037927865982055664, "fun": "0.03827141285614877", "jac": "[ 1.09970921e-06 -1.09504628e-06  3.25828253e-07  3.89754895e-07\n  1.39384060e-06  1.35178535e-06]", "hess_inv": "[[ 5.16564996 -4.19311648 -0.93997746  0.52098219 -2.24605327 -2.5033103 ]\n [-4.19311648  8.68504164  2.27718288  0.76800733  3.81302137  4.21187905]\n [-0.93997746  2.27718288  2.97894066  0.15349477  1.76834732  0.98963287]\n [ 0.52098219  0.76800733  0.15349477  2.35356496  0.11477434  0.20721865]\n [-2.24605327  3.81302137  1.76834732  0.11477434  3.36259727  1.93509449]\n [-2.5033103   4.21187905  0.98963287  0.20721865  1.93509449  3.43649768]]", "nfev": "133", "njev": "19", "status": "0", "success": "True", "message": "Optimization terminated successfully.", "x": "[1.89765821 7.55649057 4.50524952 2.45287702 3.41059324 3.23110937]", "nit": "17", "callback": [0.03871274685932247]}, "21": {"maxiter": 1000, "gtol": 1e-10, "xrtol": 1e-05, "eps": 1e-10, "duration": 0.037927865982055664, "fun": "0.03827141284400026", "jac": "[ 0.00000000e+00  0.00000000e+00  0.00000000e+00 -1.11022293e-06\n  1.11022293e-06 -3.33066880e-06]", "hess_inv": "[[ 5.03705271 -3.91763585 -0.86964482  0.59622877 -2.07378023 -2.4336405 ]\n [-3.91763585  8.16601374  2.15180162  0.62835178  3.41471903  4.1053784 ]\n [-0.86964482  2.15180162  2.94346168  0.1260196   1.67735874  0.96622213]\n [ 0.59622877  0.62835178  0.1260196   2.31641013  0.01310608  0.17411963]\n [-2.07378023  3.41471903  1.67735874  0.01310608  3.18380626  1.8064944 ]\n [-2.4336405   4.1053784   0.96622213  0.17411963  1.806494