{"date": "2024/10/08/, 19:17:26", "conf_id": 23, "data_type": "random\n", "num_data_points": 2, "s_rank": 0, "unitary": "[[-0.53618537-0.34368723j,-0.12107031-0.46226139j,-0.07699282-0.46603512j,0.36022595-0.11472301j],[0.26026499-0.63450712j,-0.56616638+0.37832564j,-0.14988651+0.08458591j,0.10363514-0.16008501j],[-0.32580188-0.11070003j,-0.36476308-0.23593218j,0.02559343+0.41761608j,-0.25598305+0.6725303j],[0.07406738-0.0126433j,0.28513701+0.19483972j,-0.74939717-0.10299659j,0.29798249+0.46269921j]]", "databatch_0": {"databatch": "[[[-0.28604775+0.05366445j,0.08347066-0.12062127j,-0.17962117+0.18971649j,0.28679751+0.04425749j],[-0.21966528+0.38703982j,-0.05848338-0.21654165j,0.04427476+0.39703389j,0.33476697-0.29126304j],[0.16507617-0.02211605j,-0.0513085+0.06643749j,0.10832281-0.10304958j,-0.16257696-0.03386719j],[0.1186124-0.053574j,-0.02350962+0.06123944j,0.05797882-0.10143185j,-0.12929584+0.01110588j]],[[-0.08743311-0.10669002j,-0.35090993-0.00787388j,-0.08023911-0.01943367j,-0.07050058+0.05487746j],[0.15501397+0.04392438j,0.34163819-0.2266341j,0.08988668-0.03491891j,0.03095928-0.09965475j],[0.25452536+0.00653973j,0.43428543-0.48076713j,0.12393958-0.08866222j,0.00837057-0.16469398j],[-0.07487098-0.07586981j,-0.27057167+0.01892079j,-0.06312417-0.00924163j,-0.05034094+0.04724457j]]]", "initial param values": "[1.52459405,2.81673583,6.02243488,3.71873687,1.72280544,2.89824555]", "nelder_mead": {"type": "gradient-free", "0": {"maxiter": 100, "fatol": 1e-05, "xatol": 1e-05, "duration": 0.05263376235961914, "fun": "0.2394726577024331", "nit": "100", "nfev": "155", "status": "2", "success": "False", "message": "Maximum number of iterations has been exceeded.", "x": "[0.17348465 3.26406378 4.03857222 3.41504336 1.58835041 2.74165393]", "final_simplex": "(array([[0.17348465, 3.26406378, 4.03857222, 3.41504336, 1.58835041,\n        2.74165393],\n       [0.51018471, 3.19301321, 4.26836291, 3.53484932, 1.53205219,\n        2.66657441],\n       [0.46140899, 3.17901351, 4.14574738, 3.52478021, 1.79435043,\n        3.013798  ],\n       [0.40114165, 3.22776704, 4.14304746, 3.43567455, 1.70361415,\n        2.92628018],\n       [0.33869074, 3.24272498, 4.10362868, 3.4609546 , 1.85650561,\n        3.11616408],\n       [0.48478674, 3.17267598, 4.20339719, 3.52573838, 1.66109629,\n        2.77975876],\n       [0.36663577, 3.26781067, 4.01515137, 3.40615476, 1.61840106,\n        2.7799747 ]]), array([0.23947266, 0.23954678, 0.24044772, 0.24186791, 0.24205248,\n       0.24205785, 0.24319298]))", "callback": [0.3702981109110075, 0.29951222667053523, 0.2947533066012835, 0.2906913164188365, 0.2794605577032111, 0.2720381199569245, 0.2691903886697129, 0.2680425061003411, 0.2579212851025975, 0.24205247521061724]}, "1": {"maxiter": 100, "fatol": 1e-05, "xatol": 1e-10, "duration": 0.06196093559265137, "fun": "0.2394726577024331", "nit": "100", "nfev": "155", "status": "2", "success": "False", "message": "Maximum number of iterations has been exceeded.", "x": "[0.17348465 3.26406378 4.03857222 3.41504336 1.58835041 2.74165393]", "final_simplex": "(array([[0.17348465, 3.26406378, 4.03857222, 3.41504336, 1.58835041,\n        2.74165393],\n       [0.51018471, 3.19301321, 4.26836291, 3.53484932, 1.53205219,\n        2.66657441],\n       [0.46140899, 3.17901351, 4.14574738, 3.52478021, 1.79435043,\n        3.013798  ],\n       [0.40114165, 3.22776704, 4.14304746, 3.43567455, 1.70361415,\n        2.92628018],\n       [0.33869074, 3.24272498, 4.10362868, 3.4609546 , 1.85650561,\n        3.11616408],\n       [0.48478674, 3.17267598, 4.20339719, 3.52573838, 1.66109629,\n        2.77975876],\n       [0.36663577, 3.26781067, 4.01515137, 3.40615476, 1.61840106,\n        2.7799747 ]]), array([0.23947266, 0.23954678, 0.24044772, 0.24186791, 0.24205248,\n       0.24205785, 0.24319298]))", "callback": [0.3702981109110075, 0.29951222667053523, 0.2947533066012835, 0.2906913164188365, 0.2794605577032111, 0.2720381199569245, 0.2691903886697129, 0.2680425061003411, 0.2579212851025975, 0.24205247521061724]}, "2": {"maxiter": 100, "fatol": 1e-10, "xatol": 1e-05, "duration": 0.06047320365905762, "fun": "0.2394726577024331", "nit": "100", "nfev": "155", "status": "2", "success": "False", "message": "Maximum number of iterations has been exceeded.", "x": "[0.17348465 3.26406378 4.03857222 3.41504336 1.58835041 2.74165393]", "final_simplex": "(array([[0.17348465, 3.26406378, 4.03857222, 3.41504336, 1.58835041,\n        2.74165393],\n       [0.51018471, 3.19301321, 4.26836291, 3.53484932, 1.53205219,\n        2.66657441],\n       [0.46140899, 3.17901351, 4.14574738, 3.52478021, 1.79435043,\n        3.013798  ],\n       [0.40114165, 3.22776704, 4.14304746, 3.43567455, 1.70361415,\n        2.92628018],\n       [0.33869074, 3.24272498, 4.10362868, 3.4609546 , 1.85650561,\n        3.11616408],\n       [0.48478674, 3.17267598, 4.20339719, 3.52573838, 1.66109629,\n        2.77975876],\n       [0.36663577, 3.26781067, 4.01515137, 3.40615476, 1.61840106,\n        2.7799747 ]]), array([0.23947266, 0.23954678, 0.24044772, 0.24186791, 0.24205248,\n       0.24205785, 0.24319298]))", "callback": [0.3702981109110075, 0.29951222667053523, 0.2947533066012835, 0.2906913164188365, 0.2794605577032111, 0.2720381199569245, 0.2691903886697129, 0.2680425061003411, 0.2579212851025975, 0.24205247521061724]}, "3": {"maxiter": 100, "fatol": 1e-10, "xatol": 1e-10, "duration": 0.044571876525878906, "fun": "0.2394726577024331", "nit": "100", "nfev": "155", "status": "2", "success": "False", "message": "Maximum number of iterations has been exceeded.", "x": "[0.17348465 3.26406378 4.03857222 3.41504336 1.58835041 2.74165393]", "final_simplex": "(array([[0.17348465, 3.26406378, 4.03857222, 3.41504336, 1.58835041,\n        2.74165393],\n       [0.51018471, 3.19301321, 4.26836291, 3.53484932, 1.53205219,\n        2.66657441],\n       [0.46140899, 3.17901351, 4.14574738, 3.52478021, 1.79435043,\n        3.013798  ],\n       [0.40114165, 3.22776704, 4.14304746, 3.43567455, 1.70361415,\n        2.92628018],\n       [0.33869074, 3.24272498, 4.10362868, 3.4609546 , 1.85650561,\n        3.11616408],\n       [0.48478674, 3.17267598, 4.20339719, 3.52573838, 1.66109629,\n        2.77975876],\n       [0.36663577, 3.26781067, 4.01515137, 3.40615476, 1.61840106,\n        2.7799747 ]]), array([0.23947266, 0.23954678, 0.24044772, 0.24186791, 0.24205248,\n       0.24205785, 0.24319298]))", "callback": [0.3702981109110075, 0.29951222667053523, 0.2947533066012835, 0.2906913164188365, 0.2794605577032111, 0.2720381199569245, 0.2691903886697129, 0.2680425061003411, 0.2579212851025975, 0.24205247521061724]}, "4": {"maxiter": 500, "fatol": 1e-05, "xatol": 1e-05, "duration": 0.2581331729888916, "fun": "0.13241477164943105", "nit": "500", "nfev": "775", "status": "2", "success": "False", "message": "Maximum number of iterations has been exceeded.", "x": "[-0.29637629  1.73830735  5.74636147  4.34005625  0.7516684   2.19144233]", "final_simplex": "(array([[-0.29637629,  1.73830735,  5.74636147,  4.34005625,  0.7516684 ,\n         2.19144233],\n       [-0.29637804,  1.73830884,  5.74635719,  4.34005343,  0.75167002,\n         2.19144049],\n       [-0.29637573,  1.73829861,  5.74636963,  4.34005325,  0.75166663,\n         2.19143906],\n       [-0.2963788 ,  1.73832742,  5.74633841,  4.34005176,  0.75166646,\n         2.19143963],\n       [-0.29638022,  1.7383169 ,  5.74635217,  4.34005265,  0.7516665 ,\n         2.19144341],\n       [-0.29638041,  1.73831042,  5.74635013,  4.34004632,  0.75166653,\n         2.19144031],\n       [-0.29637764,  1.73831589,  5.7463546 ,  4.3400513 ,  0.75166995,\n         2.19144461]]), array([0.13241477, 0.13241477, 0.13241477, 0.13241477, 0.13241477,\n       0.13241477, 0.13241477]))", "callback": [0.3702981109110075, 0.29951222667053523, 0.2947533066012835, 0.2906913164188365, 0.2794605577032111, 0.2720381199569245, 0.2691903886697129, 0.2680425061003411, 0.2579212851025975, 0.24205247521061724, 0.238264218013147, 0.2171672722264988, 0.17968152541537752, 0.16759351096541764, 0.16502284210549778, 0.1611025707377478, 0.15511016768641395, 0.1450893187886464, 0.141824874370035, 0.14127155106466582, 0.14118032529084423, 0.14108425511820255, 0.141000255404222, 0.14077920728619708, 0.14015053151915113, 0.13952415996592615, 0.13631681699461784, 0.13551867804866258, 0.13369951770954658, 0.13304789199840772, 0.1328837105104015, 0.13270023614596238, 0.13261624770506608, 0.1325187954486543, 0.13250229029475258, 0.13248160873605164, 0.1324584157745432, 0.13243549516530473, 0.13242301517349475, 0.13241779958154354, 0.1324162267841944, 0.13241542593310107, 0.13241494923078934, 0.13241479468463124, 0.13241478665807804, 0.13241477610353924, 0.13241477208580632, 0.1324147720019777, 0.13241477170903282, 0.1324147716579872]}, "5": {"maxiter": 500, "fatol": 1e-05, "xatol": 1e-10, "duration": 0.2645077705383301, "fun": "0.13241477164943105", "nit": "500", "nfev": "775", "status": "2", "success": "False", "message": "Maximum number of iterations has been exceeded.", "x": "[-0.29637629  1.73830735  5.74636147  4.34005625  0.7516684   2.19144233]", "final_simplex": "(array([[-0.29637629,  1.73830735,  5.74636147,  4.34005625,  0.7516684 ,\n         2.19144233],\n       [-0.29637804,  1.73830884,  5.74635719,  4.34005343,  0.75167002,\n         2.19144049],\n       [-0.29637573,  1.73829861,  5.74636963,  4.34005325,  0.75166663,\n         2.19143906],\n       [-0.2963788 ,  1.73832742,  5.74633841,  4.34005176,  0.75166646,\n         2.19143963],\n       [-0.29638022,  1.7383169 ,  5.74635217,  4.34005265,  0.7516665 ,\n         2.19144341],\n       [-0.29638041,  1.73831042,  5.74635013,  4.34004632,  0.75166653,\n         2.19144031],\n       [-0.29637764,  1.73831589,  5.7463546 ,  4.3400513 ,  0.75166995,\n         2.19144461]]), array([0.13241477, 0.13241477, 0.13241477, 0.13241477, 0.13241477,\n       0.13241477, 0.13241477]))", "callback": [0.3702981109110075, 0.29951222667053523, 0.2947533066012835, 0.2906913164188365, 0.2794605577032111, 0.2720381199569245, 0.2691903886697129, 0.2680425061003411, 0.2579212851025975, 0.24205247521061724, 0.238264218013147, 0.2171672722264988, 0.17968152541537752, 0.16759351096541764, 0.16502284210549778, 0.1611025707377478, 0.15511016768641395, 0.1450893187886464, 0.141824874370035, 0.14127155106466582, 0.14118032529084423, 0.14108425511820255, 0.141000255404222, 0.14077920728619708, 0.14015053151915113, 0.13952415996592615, 0.13631681699461784, 0.13551867804866258, 0.13369951770954658, 0.13304789199840772, 0.1328837105104015, 0.13270023614596238, 0.13261624770506608, 0.1325187954486543, 0.13250229029475258, 0.13248160873605164, 0.1324584157745432, 0.13243549516530473, 0.13242301517349475, 0.13241779958154354, 0.1324162267841944, 0.13241542593310107, 0.13241494923078934, 0.13241479468463124, 0.13241478665807804, 0.13241477610353924, 0.13241477208580632, 0.1324147720019777, 0.13241477170903282, 0.1324147716579872]}, "6": {"maxiter": 500, "fatol": 1e-10, "xatol": 1e-05, "duration": 0.2663578987121582, "fun": "0.13241477164943105", "nit": "500", "nfev": "775", "status": "2", "success": "False", "message": "Maximum number of iterations has been exceeded.", "x": "[-0.29637629  1.73830735  5.74636147  4.34005625  0.7516684   2.19144233]", "final_simplex": "(array([[-0.29637629,  1.73830735,  5.74636147,  4.34005625,  0.7516684 ,\n         2.19144233],\n       [-0.29637804,  1.73830884,  5.74635719,  4.34005343,  0.75167002,\n         2.19144049],\n       [-0.29637573,  1.73829861,  5.74636963,  4.34005325,  0.75166663,\n         2.19143906],\n       [-0.2963788 ,  1.73832742,  5.74633841,  4.34005176,  0.75166646,\n         2.19143963],\n       [-0.29638022,  1.7383169 ,  5.74635217,  4.34005265,  0.7516665 ,\n         2.19144341],\n       [-0.29638041,  1.73831042,  5.74635013,  4.34004632,  0.75166653,\n         2.19144031],\n       [-0.29637764,  1.73831589,  5.7463546 ,  4.3400513 ,  0.75166995,\n         2.19144461]]), array([0.13241477, 0.13241477, 0.13241477, 0.13241477, 0.13241477,\n       0.13241477, 0.13241477]))", "callback": [0.3702981109110075, 0.29951222667053523, 0.2947533066012835, 0.2906913164188365, 0.2794605577032111, 0.2720381199569245, 0.2691903886697129, 0.2680425061003411, 0.2579212851025975, 0.24205247521061724, 0.238264218013147, 0.2171672722264988, 0.17968152541537752, 0.16759351096541764, 0.16502284210549778, 0.1611025707377478, 0.15511016768641395, 0.1450893187886464, 0.141824874370035, 0.14127155106466582, 0.14118032529084423, 0.14108425511820255, 0.141000255404222, 0.14077920728619708, 0.14015053151915113, 0.13952415996592615, 0.13631681699461784, 0.13551867804866258, 0.13369951770954658, 0.13304789199840772, 0.1328837105104015, 0.13270023614596238, 0.13261624770506608, 0.1325187954486543, 0.13250229029475258, 0.13248160873605164, 0.1324584157745432, 0.13243549516530473, 0.13242301517349475, 0.13241779958154354, 0.1324162267841944, 0.13241542593310107, 0.13241494923078934, 0.13241479468463124, 0.13241478665807804, 0.13241477610353924, 0.13241477208580632, 0.1324147720019777, 0.13241477170903282, 0.1324147716579872]}, "7": {"maxiter": 500, "fatol": 1e-10, "xatol": 1e-10, "duration": 0.27347302436828613, "fun": "0.13241477164943105", "nit": "500", "nfev": "775", "status": "2", "success": "False", "message": "Maximum number of iterations has been exceeded.", "x": "[-0.29637629  1.73830735  5.74636147  4.34005625  0.7516684   2.19144233]", "final_simplex": "(array([[-0.29637629,  1.73830735,  5.74636147,  4.34005625,  0.7516684 ,\n         2.19144233],\n       [-0.29637804,  1.73830884,  5.74635719,  4.34005343,  0.75167002,\n         2.19144049],\n       [-0.29637573,  1.73829861,  5.74636963,  4.34005325,  0.75166663,\n         2.19143906],\n       [-0.2963788 ,  1.73832742,  5.74633841,  4.34005176,  0.75166646,\n         2.19143963],\n       [-0.29638022,  1.7383169 ,  5.74635217,  4.34005265,  0.7516665 ,\n         2.19144341],\n       [-0.29638041,  1.73831042,  5.74635013,  4.34004632,  0.75166653,\n         2.19144031],\n       [-0.29637764,  1.73831589,  5.7463546 ,  4.3400513 ,  0.75166995,\n         2.19144461]]), array([0.13241477, 0.13241477, 0.13241477, 0.13241477, 0.13241477,\n       0.13241477, 0.13241477]))", "callback": [0.3702981109110075, 0.29951222667053523, 0.2947533066012835, 0.2906913164188365, 0.2794605577032111, 0.2720381199569245, 0.2691903886697129, 0.2680425061003411, 0.2579212851025975, 0.24205247521061724, 0.238264218013147, 0.2171672722264988, 0.17968152541537752, 0.16759351096541764, 0.16502284210549778, 0.1611025707377478, 0.15511016768641395, 0.1450893187886464, 0.141824874370035, 0.14127155106466582, 0.14118032529084423, 0.14108425511820255, 0.141000255404222, 0.14077920728619708, 0.14015053151915113, 0.13952415996592615, 0.13631681699461784, 0.13551867804866258, 0.13369951770954658, 0.13304789199840772, 0.1328837105104015, 0.13270023614596238, 0.13261624770506608, 0.1325187954486543, 0.13250229029475258, 0.13248160873605164, 0.1324584157745432, 0.13243549516530473, 0.13242301517349475, 0.13241779958154354, 0.1324162267841944, 0.13241542593310107, 0.13241494923078934, 0.13241479468463124, 0.13241478665807804, 0.13241477610353924, 0.13241477208580632, 0.1324147720019777, 0.13241477170903282, 0.1324147716579872]}, "8": {"maxiter": 1000, "fatol": 1e-05, "xatol": 1e-05, "duration": 0.265362024307251, "fun": "0.13241477164860527", "nit": "505", "nfev": "785", "status": "0", "success": "True", "message": "Optimization terminated successfully.", "x": "[-0.29637917  1.73831092  5.74635288  4.34004983  0.75166695  2.19144048]", "final_simplex": "(array([[-0.29637917,  1.73831092,  5.74635288,  4.34004983,  0.75166695,\n         2.19144048],\n       [-0.2963783 ,  1.73831778,  5.74634838,  4.3400524 ,  0.75166699,\n         2.19144008],\n       [-0.29637698,  1.73830497,  5.74636222,  4.34005308,  0.75166711,\n         2.19143988],\n       [-0.29637899,  1.73831366,  5.74635396,  4.34005276,  0.75166697,\n         2.19144179],\n       [-0.29637855,  1.73830944,  5.74635495,  4.34005276,  0.75166616,\n         2.191439  ],\n       [-0.29637629,  1.73830735,  5.74636147,  4.34005625,  0.7516684 ,\n         2.19144233],\n       [-0.29637804,  1.73830884,  5.74635719,  4.34005343,  0.75167002,\n         2.19144049]]), array([0.13241477, 0.13241477, 0.13241477, 0.13241477, 0.13241477,\n       0.13241477, 0.13241477]))", "callback": [0.3702981109110075, 0.29951222667053523, 0.2947533066012835, 0.2906913164188365, 0.2794605577032111, 0.2720381199569245, 0.2691903886697129, 0.2680425061003411, 0.2579212851025975, 0.24205247521061724, 0.238264218013147, 0.2171672722264988, 0.17968152541537752, 0.16759351096541764, 0.16502284210549778, 0.1611025707377478, 0.15511016768641395, 0.1450893187886464, 0.141824874370035, 0.14127155106466582, 0.14118032529084423, 0.14108425511820255, 0.141000255404222, 0.14077920728619708, 0.14015053151915113, 0.13952415996592615, 0.13631681699461784, 0.13551867804866258, 0.13369951770954658, 0.13304789199840772, 0.1328837105104015, 0.13270023614596238, 0.13261624770506608, 0.1325187954486543, 0.13250229029475258, 0.13248160873605164, 0.1324584157745432, 0.13243549516530473, 0.13242301517349475, 0.13241779958154354, 0.1324162267841944, 0.13241542593310107, 0.13241494923078934, 0.13241479468463124, 0.13241478665807804, 0.13241477610353924, 0.13241477208580632, 0.1324147720019777, 0.13241477170903282, 0.1324147716579872, 0.13241477164860527]}, "9": {"maxiter": 1000, "fatol": 1e-05, "xatol": 1e-10, "duration": 0.36756205558776855, "fun": "0.1324147716468893", "nit": "626", "nfev": "1038", "status": "0", "success": "True", "message": "Optimization terminated successfully.", "x": "[-0.29637644  1.73830825  5.74635682  4.34005208  0.75166735  2.19144148]", "final_simplex": "(array([[-0.29637644,  1.73830825,  5.74635682,  4.34005208,  0.75166735,\n         2.19144148],\n       [-0.29637644,  1.73830825,  5.74635682,  4.34005208,  0.75166735,\n         2.19144148],\n       [-0.29637644,  1.73830825,  5.74635682,  4.34005208,  0.75166735,\n         2.19144148],\n       [-0.29637644,  1.73830825,  5.74635682,  4.34005208,  0.75166735,\n         2.19144148],\n       [-0.29637644,  1.73830825,  5.74635682,  4.34005208,  0.75166735,\n         2.19144148],\n       [-0.29637644,  1.73830825,  5.74635682,  4.34005208,  0.75166735,\n         2.19144148],\n       [-0.29637644,  1.73830825,  5.74635682,  4.34005208,  0.75166735,\n         2.19144148]]), array([0.13241477, 0.13241477, 0.13241477, 0.13241477, 0.13241477,\n       0.13241477, 0.13241477]))", "callback": [0.3702981109110075, 0.29951222667053523, 0.2947533066012835, 0.2906913164188365, 0.2794605577032111, 0.2720381199569245, 0.2691903886697129, 0.2680425061003411, 0.2579212851025975, 0.24205247521061724, 0.238264218013147, 0.2171672722264988, 0.17968152541537752, 0.16759351096541764, 0.16502284210549778, 0.1611025707377478, 0.15511016768641395, 0.1450893187886464, 0.141824874370035, 0.14127155106466582, 0.14118032529084423, 0.14108425511820255, 0.141000255404222, 0.14077920728619708, 0.14015053151915113, 0.13952415996592615, 0.13631681699461784, 0.13551867804866258, 0.13369951770954658, 0.13304789199840772, 0.1328837105104015, 0.13270023614596238, 0.13261624770506608, 0.1325187954486543, 0.13250229029475258, 0.13248160873605164, 0.1324584157745432, 0.13243549516530473, 0.13242301517349475, 0.13241779958154354, 0.1324162267841944, 0.13241542593310107, 0.13241494923078934, 0.13241479468463124, 0.13241478665807804, 0.13241477610353924, 0.13241477208580632, 0.1324147720019777, 0.13241477170903282, 0.1324147716579872, 0.13241477164860527, 0.1324147716475409, 0.13241477164713422, 0.13241477164694526, 0.1324147716469226, 0.1324147716469093, 0.1324147716468943, 0.13241477164689086, 0.13241477164688997, 0.13241477164688942, 0.1324147716468893, 0.1324147716468893, 0.1324147716468893]}, "10": {"maxiter": 1000, "fatol": 1e-10, "xatol": 1e-05, "duration": 0.23675799369812012, "fun": "0.13241477164860527", "nit": "505", "nfev": "785", "status": "0", "success": "True", "message": "Optimization terminated successfully.", "x": "[-0.29637917  1.73831092  5.74635288  4.34004983  0.75166695  2.19144048]", "final_simplex": "(array([[-0.29637917,  1.73831092,  5.74635288,  4.34004983,  0.75166695,\n         2.19144048],\n       [-0.2963783 ,  1.73831778,  5.74634838,  4.3400524 ,  0.75166699,\n         2.19144008],\n       [-0.29637698,  1.73830497,  5.74636222,  4.34005308,  0.75166711,\n         2.19143988],\n       [-0.29637899,  1.73831366,  5.74635396,  4.34005276,  0.75166697,\n         2.19144179],\n       [-0.29637855,  1.73830944,  5.74635495,  4.34005276,  0.75166616,\n         2.191439  ],\n       [-0.29637629,  1.73830735,  5.74636147,  4.34005625,  0.7516684 ,\n         2.19144233],\n       [-0.29637804,  1.73830884,  5.74635719,  4.34005343,  0.75167002,\n         2.19144049]]), array([0.13241477, 0.13241477, 0.13241477, 0.13241477, 0.13241477,\n       0.13241477, 0.13241477]))", "callback": [0.3702981109110075, 0.29951222667053523, 0.2947533066012835, 0.2906913164188365, 0.2794605577032111, 0.2720381199569245, 0.2691903886697129, 0.2680425061003411, 0.2579212851025975, 0.24205247521061724, 0.238264218013147, 0.2171672722264988, 0.17968152541537752, 0.16759351096541764, 0.16502284210549778, 0.1611025707377478, 0.15511016768641395, 0.1450893187886464, 0.141824874370035, 0.14127155106466582, 0.14118032529084423, 0.14108425511820255, 0.141000255404222, 0.14077920728619708, 0.14015053151915113, 0.13952415996592615, 0.13631681699461784, 0.13551867804866258, 0.13369951770954658, 0.13304789199840772, 0.1328837105104015, 0.13270023614596238, 0.13261624770506608, 0.1325187954486543, 0.13250229029475258, 0.13248160873605164, 0.1324584157745432, 0.13243549516530473, 0.13242301517349475, 0.13241779958154354, 0.1324162267841944, 0.13241542593310107, 0.13241494923078934, 0.13241479468463124, 0.13241478665807804, 0.13241477610353924, 0.13241477208580632, 0.1324147720019777, 0.13241477170903282, 0.1324147716579872, 0.13241477164860527]}, "11": {"maxiter": 1000, "fatol": 1e-10, "xatol": 1e-10, "duration": 0.3410787582397461, "fun": "0.1324147716468893", "nit": "626", "nfev": "1038", "status": "0", "success": "True", "message": "Optimization terminated successfully.", "x": "[-0.29637644  1.73830825  5.74635682  4.34005208  0.75166735  2.19144148]", "final_simplex": "(array([[-0.29637644,  1.73830825,  5.74635682,  4.34005208,  0.75166735,\n         2.19144148],\n       [-0.29637644,  1.73830825,  5.74635682,  4.34005208,  0.75166735,\n         2.19144148],\n       [-0.29637644,  1.73830825,  5.74635682,  4.34005208,  0.75166735,\n         2.19144148],\n       [-0.29637644,  1.73830825,  5.74635682,  4.34005208,  0.75166735,\n         2.19144148],\n       [-0.29637644,  1.73830825,  5.74635682,  4.34005208,  0.75166735,\n         2.19144148],\n       [-0.29637644,  1.73830825,  5.74635682,  4.34005208,  0.75166735,\n         2.19144148],\n       [-0.29637644,  1.73830825,  5.74635682,  4.34005208,  0.75166735,\n         2.19144148]]), array([0.13241477, 0.13241477, 0.13241477, 0.13241477, 0.13241477,\n       0.13241477, 0.13241477]))", "callback": [0.3702981109110075, 0.29951222667053523, 0.2947533066012835, 0.2906913164188365, 0.2794605577032111, 0.2720381199569245, 0.2691903886697129, 0.2680425061003411, 0.2579212851025975, 0.24205247521061724, 0.238264218013147, 0.2171672722264988, 0.17968152541537752, 0.16759351096541764, 0.16502284210549778, 0.1611025707377478, 0.15511016768641395, 0.1450893187886464, 0.141824874370035, 0.14127155106466582, 0.14118032529084423, 0.14108425511820255, 0.141000255404222, 0.14077920728619708, 0.14015053151915113, 0.13952415996592615, 0.13631681699461784, 0.13551867804866258, 0.13369951770954658, 0.13304789199840772, 0.1328837105104015, 0.13270023614596238, 0.13261624770506608, 0.1325187954486543, 0.13250229029475258, 0.13248160873605164, 0.1324584157745432, 0.13243549516530473, 0.13242301517349475, 0.13241779958154354, 0.1324162267841944, 0.13241542593310107, 0.13241494923078934, 0.13241479468463124, 0.13241478665807804, 0.13241477610353924, 0.13241477208580632, 0.1324147720019777, 0.13241477170903282, 0.1324147716579872, 0.13241477164860527, 0.1324147716475409, 0.13241477164713422, 0.13241477164694526, 0.1324147716469226, 0.1324147716469093, 0.1324147716468943, 0.13241477164689086, 0.13241477164688997, 0.13241477164688942, 0.1324147716468893, 0.1324147716468893, 0.1324147716468893]}}, "bfgs": {"type": "gradient", "0": {"maxiter": 100, "gtol": 1e-05, "xrtol": 1e-05, "eps": 1e-05, "duration": 0.08111190795898438, "fun": "0.1324147716720574", "jac": "[ 3.75610654e-07  2.49023024e-07  4.21007673e-07  1.32538425e-07\n -1.42574841e-07  4.75663953e-07]", "hess_inv": "[[ 5.12616320e+00 -6.70006043e+00  7.30205779e+00  1.98747832e+00\n   4.03207364e-02 -2.08882440e+00]\n [-6.70006043e+00  5.71997935e+01 -5.96702239e+01 -5.31920760e+00\n  -1.00249593e+00 -3.76474967e-01]\n [ 7.30205779e+00 -5.96702239e+01  6.58875879e+01  7.43526217e+00\n   1.22493633e+00  7.49472335e-01]\n [ 1.98747832e+00 -5.31920760e+00  7.43526217e+00  6.95119989e+00\n  -1.55807598e-01 -1.23402411e+00]\n [ 4.03207364e-02 -1.00249593e+00  1.22493633e+00 -1.55807598e-01\n   3.48292079e+00  1.60177526e+00]\n [-2.08882440e+00 -3.76474967e-01  7.49472335e-01 -1.23402411e+00\n   1.60177526e+00  4.28196288e+00]]", "nfev": "217", "njev": "31", "status": "0", "success": "True", "message": "Optimization terminated successfully.", "x": "[-0.29638126  1.73831378  5.74634325  4.34004464  0.75165802  2.19143479]", "nit": "30", "callback": [0.4415862385715511, 0.3298395476107726, 0.28952405495886735, 0.2808705997052975, 0.26487174940786884, 0.23864414405867285, 0.21621692923169555, 0.20033408933679475, 0.18467836248581615, 0.16759817690500223, 0.1512122922098469, 0.14692009999836542, 0.14405672352603016, 0.14168492625093276, 0.13912011170569683, 0.13895007736581788, 0.13863452709674484, 0.1380380726309378, 0.13692089090069048, 0.13504797218029907, 0.13391066815640917, 0.1331640176279757, 0.13268982816055508, 0.132427950486526, 0.13241575527021598, 0.13241523006471012, 0.13241493857621345, 0.1324147837096631, 0.13241477199255314, 0.1324147716720574]}, "1": {"maxiter": 100, "gtol": 1e-05, "xrtol": 1e-05, "eps": 1e-10, "duration": 0.07817506790161133, "fun": "0.13241477173005156", "jac": "[ 1.11022293e-06 -1.11022293e-06  1.11022293e-06  1.11022293e-06\n  1.11022293e-06  1.11022293e-06]", "hess_inv": "[[  5.51805309  -6.91586612   7.71266113   2.3567837    0.07792516\n   -2.42699576]\n [ -6.91586612  53.39472805 -56.07185667  -5.71644571  -0.59624048\n    0.8528139 ]\n [  7.71266113 -56.07185667  62.55400007   7.97510677   0.78323868\n   -0.70436784]\n [  2.3567837   -5.71644571   7.97510677   7.25437682  -0.1412936\n   -1.55303868]\n [  0.07792516  -0.59624048   0.78323868  -0.1412936    3.39940333\n    1.36267133]\n [ -2.42699576   0.8528139   -0.70436784  -1.55303868   1.36267133\n    4.13265661]]", "nfev": "217", "njev": "31", "status": "0", "success": "True", "message": "Optimization terminated successfully.", "x": "[-0.29635779  1.73823689  5.74643743  4.34006886  0.75168001  2.19144852]", "nit": "30", "callback": [0.44158634497266736, 0.32983980149125536, 0.2895250504314457, 0.28087284629173104, 0.2648757624931245, 0.2386515673793952, 0.21622668694225577, 0.20034108237474468, 0.18468680553831474, 0.16760816923171418, 0.15121326982425454, 0.14691947212639178, 0.14405612085377462, 0.14168399236042373, 0.13911801123313405, 0.13894799530637858, 0.1386327177006954, 0.13803698433462963, 0.13692150321112428, 0.13505196259188923, 0.1339141889495491, 0.13316650026289967, 0.13269053869414482, 0.13242802556612254, 0.13241575987372922, 0.1324152336548765, 0.13241493954252503, 0.13241478476482205, 0.13241477201380403, 0.13241477173005156]}, "2": {"maxiter": 100, "gtol": 1e-05, "xrtol": 1e-10, "eps": 1e-05, "duration": 0.07368612289428711, "fun": "0.1324147716720574", "jac": "[ 3.75610654e-07  2.49023024e-07  4.21007673e-07  1.32538425e-07\n -1.42574841e-07  4.75663953e-07]", "hess_inv": "[[ 5.12616320e+00 -6.70006043e+00  7.30205779e+00  1.98747832e+00\n   4.03207364e-02 -2.08882440e+00]\n [-6.70006043e+00  5.71997935e+01 -5.96702239e+01 -5.31920760e+00\n  -1.00249593e+00 -3.76474967e-01]\n [ 7.30205779e+00 -5.96702239e+01  6.58875879e+01  7.43526217e+00\n   1.22493633e+00  7.49472335e-01]\n [ 1.98747832e+00 -5.31920760e+00  7.43526217e+00  6.95119989e+00\n  -1.55807598e-01 -1.23402411e+00]\n [ 4.03207364e-02 -1.00249593e+00  1.22493633e+00 -1.55807598e-01\n   3.48292079e+00  1.60177526e+00]\n [-2.08882440e+00 -3.76474967e-01  7.49472335e-01 -1.23402411e+00\n   1.60177526e+00  4.28196288e+00]]", "nfev": "217", "njev": "31", "status": "0", "success": "True", "message": "Optimization terminated successfully.", "x": "[-0.29638126  1.73831378  5.74634325  4.34004464  0.75165802  2.19143479]", "nit": "30", "callback": [0.4415862385715511, 0.3298395476107726, 0.28952405495886735, 0.2808705997052975, 0.26487174940786884, 0.23864414405867285, 0.21621692923169555, 0.20033408933679475, 0.18467836248581615, 0.16759817690500223, 0.1512122922098469, 0.14692009999836542, 0.14405672352603016, 0.14168492625093276, 0.13912011170569683, 0.13895007736581788, 0.13863452709674484, 0.1380380726309378, 0.13692089090069048, 0.13504797218029907, 0.13391066815640917, 0.1331640176279757, 0.13268982816055508, 0.132427950486526, 0.13241575527021598, 0.13241523006471012, 0.13241493857621345, 0.1324147837096631, 0.13241477199255314, 0.1324147716720574]}, "3": {"maxiter": 100, "gtol": 1e-05, "xrtol": 1e-10, "eps": 1e-10, "duration": 0.07702779769897461, "fun": "0.13241477173005156", "jac": "[ 1.11022293e-06 -1.11022293e-06  1.11022293e-06  1.11022293e-06\n  1.11022293e-06  1.11022293e-06]", "hess_inv": "[[  5.51805309  -6.91586612   7.71266113   2.3567837    0.07792516\n   -2.42699576]\n [ -6.91586612  53.39472805 -56.07185667  -5.71644571  -0.59624048\n    0.8528139 ]\n [  7.71266113 -56.07185667  62.55400007   7.97510677   0.78323868\n   -0.70436784]\n [  2.3567837   -5.71644571   7.97510677   7.25437682  -0.1412936\n   -1.55303868]\n [  0.07792516  -0.59624048   0.78323868  -0.1412936    3.39940333\n    1.36267133]\n [ -2.42699576   0.8528139   -0.70436784  -1.55303868   1.36267133\n    4.13265661]]", "nfev": "217", "njev": "31", "status": "0", "success": "True", "message": "Optimization terminated successfully.", "x": "[-0.29635779  1.73823689  5.74643743  4.34006886  0.75168001  2.19144852]", "nit": "30", "callback": [0.44158634497266736, 0.32983980149125536, 0.2895250504314457, 0.28087284629173104, 0.2648757624931245, 0.2386515673793952, 0.21622668694225577, 0.20034108237474468, 0.18468680553831474, 0.16760816923171418, 0.15121326982425454, 0.14691947212639178, 0.14405612085377462, 0.14168399236042373, 0.13911801123313405, 0.13894799530637858, 0.1386327177006954, 0.13803698433462963, 0.13692150321112428, 0.13505196259188923, 0.1339141889495491, 0.13316650026289967, 0.13269053869414482, 0.13242802556612254, 0.13241575987372922, 0.1324152336548765, 0.13241493954252503, 0.13241478476482205, 0.13241477201380403, 0.13241477173005156]}, "4": {"maxiter": 100, "gtol": 1e-10, "xrtol": 1e-05, "eps": 1e-05, "duration": 0.14667892456054688, "fun": "0.1324147716720574", "jac": "[ 3.75610654e-07  2.49023024e-07  4.21007673e-07  1.32538425e-07\n -1.42574841e-07  4.75663953e-07]", "hess_inv": "[[  5.09226932  -6.9881284    7.62379238   1.97318332   0.08105701\n   -1.9167426 ]\n [ -6.9881284   60.2338976  -63.21080356  -5.71550878  -1.20842545\n   -1.07377863]\n [  7.62379238 -63.21080356  70.01579277   7.88549213   1.47022907\n    1.58810399]\n [  1.97318332  -5.71550878   7.88549213   6.95894551  -0.11095019\n   -1.05318512]\n [  0.08105701  -1.20842545   1.47022907  -0.11095019   3.48956967\n    1.6124788 ]\n [ -1.9167426   -1.07377863   1.58810399  -1.05318512   1.6124788\n    4.25917969]]", "nfev": "444", "njev": "62", "status": "2", "success": "False", "message": "Desired error not necessarily achieved due to precision loss.", "x": "[-0.29638126  1.73831378  5.74634325  4.34004464  0.75165802  2.19143479]", "nit": "30", "callback": [0.4415862385715511, 0.3298395476107726, 0.28952405495886735, 0.2808705997052975, 0.26487174940786884, 0.23864414405867285, 0.21621692923169555, 0.20033408933679475, 0.18467836248581615, 0.16759817690500223, 0.1512122922098469, 0.14692009999836542, 0.14405672352603016, 0.14168492625093276, 0.13912011170569683, 0.13895007736581788, 0.13863452709674484, 0.1380380726309378, 0.13692089090069048, 0.13504797218029907, 0.13391066815640917, 0.1331640176279757, 0.13268982816055508, 0.132427950486526, 0.13241575527021598, 0.13241523006471012, 0.13241493857621345, 0.1324147837096631, 0.13241477199255314, 0.1324147716720574]}, "5": {"maxiter": 100, "gtol": 1e-10, "xrtol": 1e-05, "eps": 1e-10, "duration": 0.09324502944946289, "fun": "0.13241477165437732", "jac": "[-1.11022293e-06  1.11022293e-06  0.00000000e+00 -2.22044587e-06\n -2.22044587e-06 -2.22044587e-06]", "hess_inv": "[[ 4.66309170e+00 -2.78545410e+00  3.19152181e+00  1.53231765e+00\n  -2.25116320e-02 -2.04774687e+00]\n [-2.78545410e+00  2.58614071e+01 -2.67013423e+01 -1.91137231e+00\n  -3.02897801e+00 -2.91103600e+00]\n [ 3.19152181e+00 -2.67013423e+01  3.12607147e+01  3.86527744e+00\n   3.50061487e+00  3.62327086e+00]\n [ 1.53231765e+00 -1.91137231e+00  3.86527744e+00  6.51258287e+00\n  -3.21150046e-02 -9.16251622e-01]\n [-2.25116320e-02 -3.02897801e+00  3.50061487e+00 -3.21150046e-02\n   3.57650000e+00  2.17596454e+00]\n [-2.04774687e+00 -2.91103600e+00  3.62327086e+00 -9.16251622e-01\n   2.17596454e+00  5.21516930e+00]]", "nfev": "245", "njev": "35", "status": "0", "success": "True", "message": "Optimization terminated successfully.", "x": "[-0.29636877  1.73830822  5.74635613  4.34005473  0.75166676  2.19143614]", "nit": "32", "callback": [0.44158634497266736, 0.32983980149125536, 0.2895250504314457, 0.28087284629173104, 0.2648757624931245, 0.2386515673793952, 0.21622668694225577, 0.20034108237474468, 0.18468680553831474, 0.16760816923171418, 0.15121326982425454, 0.14691947212639178, 0.14405612085377462, 0.14168399236042373, 0.13911801123313405, 0.13894799530637858, 0.1386327177006954, 0.13803698433462963, 0.13692150321112428, 0.13505196259188923, 0.1339141889495491, 0.13316650026289967, 0.13269053869414482, 0.13242802556612254, 0.13241575987372922, 0.1324152336548765, 0.13241493954252503, 0.13241478476482205, 0.13241477201380403, 0.13241477173005156, 0.13241477172621918, 0.13241477165437732]}, "6": {"maxiter": 100, "gtol": 1e-10, "xrtol": 1e-10, "eps": 1e-05, "duration": 0.1482241153717041, "fun": "0.1324147716720574", "jac": "[ 3.75610654e-07  2.49023024e-07  4.21007673e-07  1.32538425e-07\n -1.42574841e-07  4.75663953e-07]", "hess_inv": "[[  5.09226932  -6.9881284    7.62379238   1.97318332   0.08105701\n   -1.9167426 ]\n [ -6.9881284   60.2338976  -63.21080356  -5.71550878  -1.20842545\n   -1.07377863]\n [  7.62379238 -63.21080356  70.01579277   7.88549213   1.47022907\n    1.58810399]\n [  1.97318332  -5.71550878   7.88549213   6.95894551  -0.11095019\n   -1.05318512]\n [  0.08105701  -1.20842545   1.47022907  -0.11095019   3.48956967\n    1.6124788 ]\n [ -1.9167426   -1.07377863   1.58810399  -1.05318512   1.6124788\n    4.25917969]]", "nfev": "444", "njev": "62", "status": "2", "success": "False", "message": "Desired error not necessarily achieved due to precision loss.", "x": "[-0.29638126  1.73831378  5.74634325  4.34004464  0.75165802  2.19143479]", "nit": "30", "callback": [0.4415862385715511, 0.3298395476107726, 0.28952405495886735, 0.2808705997052975, 0.26487174940786884, 0.23864414405867285, 0.21621692923169555, 0.20033408933679475, 0.18467836248581615, 0.16759817690500223, 0.1512122922098469, 0.14692009999836542, 0.14405672352603016, 0.14168492625093276, 0.13912011170569683, 0.13895007736581788, 0.13863452709674484, 0.1380380726309378, 0.13692089090069048, 0.13504797218029907, 0.13391066815640917, 0.1331640176279757, 0.13268982816055508, 0.132427950486526, 0.13241575527021598, 0.13241523006471012, 0.13241493857621345, 0.1324147837096631, 0.13241477199255314, 0.1324147716720574]}, "7": {"maxiter": 100, "gtol": 1e-10, "xrtol": 1e-10, "eps": 1e-10, "duration": 0.10726189613342285, "fun": "0.13241477165139415", "jac": "[ 0.00000000e+00 -1.11022293e-06 -1.11022293e-06 -1.11022293e-06\n  0.00000000e+00  1.11022293e-06]", "hess_inv": "[[  29.39163322   48.00979714  -88.16810624  -16.21111306  -11.81010002\n   -19.564907  ]\n [  48.00979714   85.68046941 -152.72123422  -22.89526224  -19.90375339\n   -33.61263319]\n [ -88.16810624 -152.72123422  276.23709131   44.44238553   35.71041351\n    61.75618822]\n [ -16.21111306  -22.89526224   44.44238553   12.04322997    5.07115567\n     9.97255093]\n [ -11.81010002  -19.90375339   35.71041351    5.07115567    6.49512445\n     8.20729003]\n [ -19.564907    -33.61263319   61.75618822    9.97255093    8.20729003\n    14.88475778]]", "nfev": "343", "njev": "49", "status": "0", "success": "True", "message": "Optimization terminated successfully.", "x": "[-0.29637124  1.73829604  5.7463733   4.34005732  0.75166855  2.19144026]", "nit": "36", "callback": [0.44158634497266736, 0.32983980149125536, 0.2895250504314457, 0.28087284629173104, 0.2648757624931245, 0.2386515673793952, 0.21622668694225577, 0.20034108237474468, 0.18468680553831474, 0.16760816923171418, 0.15121326982425454, 0.14691947212639178, 0.14405612085377462, 0.14168399236042373, 0.13911801123313405, 0.13894799530637858, 0.1386327177006954, 0.13803698433462963, 0.13692150321112428, 0.13505196259188923, 0.1339141889495491, 0.13316650026289967, 0.13269053869414482, 0.13242802556612254, 0.13241575987372922, 0.1324152336548765, 0.13241493954252503, 0.13241478476482205, 0.13241477201380403, 0.13241477173005156, 0.13241477172621918, 0.13241477165437732, 0.13241477165262028, 0.13241477165189386, 0.13241477165139415, 0.13241477165139415]}, "8": {"maxiter": 500, "gtol": 1e-05, "xrtol": 1e-05, "eps": 1e-05, "duration": 0.07084798812866211, "fun": "0.1324147716720574", "jac": "[ 3.75610654e-07  2.49023024e-07  4.21007673e-07  1.32538425e-07\n -1.42574841e-07  4.75663953e-07]", "hess_inv": "[[ 5.12616320e+00 -6.70006043e+00  7.30205779e+00  1.98747832e+00\n   4.03207364e-02 -2.08882440e+00]\n [-6.70006043e+00  5.71997935e+01 -5.96702239e+01 -5.31920760e+00\n  -1.00249593e+00 -3.76474967e-01]\n [ 7.30205779e+00 -5.96702239e+01  6.58875879e+01  7.43526217e+00\n   1.22493633e+00  7.49472335e-01]\n [ 1.98747832e+00 -5.31920760e+00  7.43526217e+00  6.95119989e+00\n  -1.55807598e-01 -1.23402411e+00]\n [ 4.03207364e-02 -1.00249593e+00  1.22493633e+00 -1.55807598e-01\n   3.48292079e+00  1.60177526e+00]\n [-2.08882440e+00 -3.76474967e-01  7.49472335e-01 -1.23402411e+00\n   1.60177526e+00  4.28196288e+00]]", "nfev": "217", "njev": "31", "status": "0", "success": "True", "message": "Optimization terminated successfully.", "x": "[-0.29638126  1.73831378  5.74634325  4.34004464  0.75165802  2.19143479]", "nit": "30", "callback": [0.4415862385715511, 0.3298395476107726, 0.28952405495886735, 0.2808705997052975, 0.26487174940786884, 0.23864414405867285, 0.21621692923169555, 0.20033408933679475, 0.18467836248581615, 0.16759817690500223, 0.1512122922098469, 0.14692009999836542, 0.14405672352603016, 0.14168492625093276, 0.13912011170569683, 0.13895007736581788, 0.13863452709674484, 0.1380380726309378, 0.13692089090069048, 0.13504797218029907, 0.13391066815640917, 0.1331640176279757, 0.13268982816055508, 0.132427950486526, 0.13241575527021598, 0.13241523006471012, 0.13241493857621345, 0.1324147837096631, 0.13241477199255314, 0.1324147716720574]}, "9": {"maxiter": 500, "gtol": 1e-05, "xrtol": 1e-05, "eps": 1e-10, "duration": 0.07126212120056152, "fun": "0.13241477173005156", "jac": "[ 1.11022293e-06 -1.11022293e-06  1.11022293e-06  1.11022293e-06\n  1.11022293e-06  1.11022293e-06]", "hess_inv": "[[  5.51805309  -6.91586612