{"date": "2024/09/23/, 21:03:36", "conf_id": 82, "data_type": "orthogonal\n", "num_data_points": 1, "s_rank": 0, "unitary": "[[0.18663085-0.53122324j,-0.11886349-0.70040876j,0.28555095-0.02789305j,-0.12262021-0.2844587j],[-0.16702216+0.27758472j,0.27526351-0.29738586j,-0.01109314+0.22495461j,-0.77239203+0.28900673j],[0.61935415+0.12301792j,-0.31269928-0.03315917j,-0.61902762-0.19039079j,-0.27120731-0.0968989j],[0.42341754+0.0023929j,-0.05847358+0.47832119j,0.64900495-0.16218422j,-0.37182676-0.05229966j]]", "databatch_0": {"databatch": "[[[0.03974854+0.04435574j,-0.0160825-0.03836022j,0.01960767+0.12181822j,-0.02568484+0.08745243j],[0.19524827+0.08328138j,-0.10978596-0.09961375j,0.24703839+0.36379145j,0.04895469+0.32112992j],[-0.21578744+0.03400241j,0.15016577+0.02692161j,-0.41417138-0.18237786j,-0.21809691-0.25335853j],[-0.04742841+0.15671047j,0.06714107-0.09255747j,-0.25814849+0.22001942j,-0.24210333+0.06455232j]]]", "initial param values": "[3.534015,4.5747212,0.04668928,3.42557533,1.14411207,5.66869569]", "nelder_mead": {"type": "gradient-free", "0": {"maxiter": 100, "fatol": 1e-05, "xatol": 1e-05, "duration": 0.03575015068054199, "fun": "0.0749964420607645", "nit": "100", "nfev": "159", "status": "2", "success": "False", "message": "Maximum number of iterations has been exceeded.", "x": "[3.47014272 3.96944098 0.04423473 3.64879747 0.99263152 8.41976965]", "final_simplex": "(array([[3.47014272, 3.96944098, 0.04423473, 3.64879747, 0.99263152,\n        8.41976965],\n       [3.45350646, 3.99034902, 0.04439981, 3.63011432, 0.99693201,\n        8.38913738],\n       [3.43830022, 3.9661509 , 0.0445436 , 3.64021025, 0.9996217 ,\n        8.40699113],\n       [3.49861419, 3.97317555, 0.04453487, 3.61000154, 1.00022926,\n        8.410789  ],\n       [3.49636246, 3.95449661, 0.04427468, 3.62741618, 0.99697703,\n        8.45656466],\n       [3.43291487, 3.99985409, 0.04410281, 3.66235176, 0.99400963,\n        8.37367008],\n       [3.42918332, 4.00630985, 0.0443283 , 3.6797926 , 0.984787  ,\n        8.35189599]]), array([0.07499644, 0.07499926, 0.07502838, 0.07504333, 0.07505017,\n       0.07505388, 0.07513622]))", "callback": [0.3148471628037197, 0.2339204452036927, 0.18822656809110994, 0.15746019724150784, 0.10176500773896191, 0.07772096510115234, 0.07772096510115234, 0.07611512119767616, 0.07523719454784938]}, "1": {"maxiter": 100, "fatol": 1e-05, "xatol": 1e-10, "duration": 0.03435802459716797, "fun": "0.0749964420607645", "nit": "100", "nfev": "159", "status": "2", "success": "False", "message": "Maximum number of iterations has been exceeded.", "x": "[3.47014272 3.96944098 0.04423473 3.64879747 0.99263152 8.41976965]", "final_simplex": "(array([[3.47014272, 3.96944098, 0.04423473, 3.64879747, 0.99263152,\n        8.41976965],\n       [3.45350646, 3.99034902, 0.04439981, 3.63011432, 0.99693201,\n        8.38913738],\n       [3.43830022, 3.9661509 , 0.0445436 , 3.64021025, 0.9996217 ,\n        8.40699113],\n       [3.49861419, 3.97317555, 0.04453487, 3.61000154, 1.00022926,\n        8.410789  ],\n       [3.49636246, 3.95449661, 0.04427468, 3.62741618, 0.99697703,\n        8.45656466],\n       [3.43291487, 3.99985409, 0.04410281, 3.66235176, 0.99400963,\n        8.37367008],\n       [3.42918332, 4.00630985, 0.0443283 , 3.6797926 , 0.984787  ,\n        8.35189599]]), array([0.07499644, 0.07499926, 0.07502838, 0.07504333, 0.07505017,\n       0.07505388, 0.07513622]))", "callback": [0.3148471628037197, 0.2339204452036927, 0.18822656809110994, 0.15746019724150784, 0.10176500773896191, 0.07772096510115234, 0.07772096510115234, 0.07611512119767616, 0.07523719454784938]}, "2": {"maxiter": 100, "fatol": 1e-10, "xatol": 1e-05, "duration": 0.03502798080444336, "fun": "0.0749964420607645", "nit": "100", "nfev": "159", "status": "2", "success": "False", "message": "Maximum number of iterations has been exceeded.", "x": "[3.47014272 3.96944098 0.04423473 3.64879747 0.99263152 8.41976965]", "final_simplex": "(array([[3.47014272, 3.96944098, 0.04423473, 3.64879747, 0.99263152,\n        8.41976965],\n       [3.45350646, 3.99034902, 0.04439981, 3.63011432, 0.99693201,\n        8.38913738],\n       [3.43830022, 3.9661509 , 0.0445436 , 3.64021025, 0.9996217 ,\n        8.40699113],\n       [3.49861419, 3.97317555, 0.04453487, 3.61000154, 1.00022926,\n        8.410789  ],\n       [3.49636246, 3.95449661, 0.04427468, 3.62741618, 0.99697703,\n        8.45656466],\n       [3.43291487, 3.99985409, 0.04410281, 3.66235176, 0.99400963,\n        8.37367008],\n       [3.42918332, 4.00630985, 0.0443283 , 3.6797926 , 0.984787  ,\n        8.35189599]]), array([0.07499644, 0.07499926, 0.07502838, 0.07504333, 0.07505017,\n       0.07505388, 0.07513622]))", "callback": [0.3148471628037197, 0.2339204452036927, 0.18822656809110994, 0.15746019724150784, 0.10176500773896191, 0.07772096510115234, 0.07772096510115234, 0.07611512119767616, 0.07523719454784938]}, "3": {"maxiter": 100, "fatol": 1e-10, "xatol": 1e-10, "duration": 0.03529691696166992, "fun": "0.0749964420607645", "nit": "100", "nfev": "159", "status": "2", "success": "False", "message": "Maximum number of iterations has been exceeded.", "x": "[3.47014272 3.96944098 0.04423473 3.64879747 0.99263152 8.41976965]", "final_simplex": "(array([[3.47014272, 3.96944098, 0.04423473, 3.64879747, 0.99263152,\n        8.41976965],\n       [3.45350646, 3.99034902, 0.04439981, 3.63011432, 0.99693201,\n        8.38913738],\n       [3.43830022, 3.9661509 , 0.0445436 , 3.64021025, 0.9996217 ,\n        8.40699113],\n       [3.49861419, 3.97317555, 0.04453487, 3.61000154, 1.00022926,\n        8.410789  ],\n       [3.49636246, 3.95449661, 0.04427468, 3.62741618, 0.99697703,\n        8.45656466],\n       [3.43291487, 3.99985409, 0.04410281, 3.66235176, 0.99400963,\n        8.37367008],\n       [3.42918332, 4.00630985, 0.0443283 , 3.6797926 , 0.984787  ,\n        8.35189599]]), array([0.07499644, 0.07499926, 0.07502838, 0.07504333, 0.07505017,\n       0.07505388, 0.07513622]))", "callback": [0.3148471628037197, 0.2339204452036927, 0.18822656809110994, 0.15746019724150784, 0.10176500773896191, 0.07772096510115234, 0.07772096510115234, 0.07611512119767616, 0.07523719454784938]}, "4": {"maxiter": 500, "fatol": 1e-05, "xatol": 1e-05, "duration": 0.17200589179992676, "fun": "0.06337130199333918", "nit": "500", "nfev": "787", "status": "2", "success": "False", "message": "Maximum number of iterations has been exceeded.", "x": "[ 4.54768809  4.16661796  0.15633079  3.65584059 -1.54762584  6.51713614]", "final_simplex": "(array([[ 4.54768809,  4.16661796,  0.15633079,  3.65584059, -1.54762584,\n         6.51713614],\n       [ 4.54769023,  4.16661779,  0.15633092,  3.65584172, -1.54762948,\n         6.51713516],\n       [ 4.5476883 ,  4.16661729,  0.15633086,  3.6558395 , -1.54762661,\n         6.51713649],\n       [ 4.54769023,  4.1666175 ,  0.15633092,  3.65584226, -1.54762951,\n         6.51713477],\n       [ 4.54767994,  4.16661815,  0.15633042,  3.65583603, -1.54761519,\n         6.51714268],\n       [ 4.54768799,  4.16661825,  0.15633059,  3.65584076, -1.54762223,\n         6.5171396 ],\n       [ 4.54768617,  4.16661625,  0.15633085,  3.65583909, -1.54762527,\n         6.51713582]]), array([0.0633713, 0.0633713, 0.0633713, 0.0633713, 0.0633713, 0.0633713,\n       0.0633713]))", "callback": [0.3148471628037197, 0.2339204452036927, 0.18822656809110994, 0.15746019724150784, 0.10176500773896191, 0.07772096510115234, 0.07772096510115234, 0.07611512119767616, 0.07523719454784938, 0.0749964420607645, 0.07491163672063061, 0.07487745551520875, 0.07482779763874081, 0.07476831713885568, 0.07463248044039406, 0.07443653781005721, 0.07406118477314438, 0.07370488176534473, 0.07324447530828848, 0.07173113671892772, 0.06969504860408948, 0.06843924522521139, 0.06809674245279818, 0.06695501658496894, 0.06632800608677492, 0.06575809324467152, 0.06479971323220435, 0.06434676230853109, 0.06383801591772442, 0.06376285824848515, 0.06373121914454138, 0.06371981276632277, 0.06368218204068865, 0.06355731805734088, 0.06348210811958854, 0.06340729254215316, 0.06338504299827474, 0.06338291983124078, 0.06337428606531781, 0.06337220043571101, 0.06337145458057092, 0.0633713268920223, 0.06337130732264462, 0.06337130269018987, 0.06337130214521469, 0.0633713020196296, 0.06337130200052354, 0.06337130199553642, 0.06337130199403795]}, "5": {"maxiter": 500, "fatol": 1e-05, "xatol": 1e-10, "duration": 0.1731562614440918, "fun": "0.06337130199333918", "nit": "500", "nfev": "787", "status": "2", "success": "False", "message": "Maximum number of iterations has been exceeded.", "x": "[ 4.54768809  4.16661796  0.15633079  3.65584059 -1.54762584  6.51713614]", "final_simplex": "(array([[ 4.54768809,  4.16661796,  0.15633079,  3.65584059, -1.54762584,\n         6.51713614],\n       [ 4.54769023,  4.16661779,  0.15633092,  3.65584172, -1.54762948,\n         6.51713516],\n       [ 4.5476883 ,  4.16661729,  0.15633086,  3.6558395 , -1.54762661,\n         6.51713649],\n       [ 4.54769023,  4.1666175 ,  0.15633092,  3.65584226, -1.54762951,\n         6.51713477],\n       [ 4.54767994,  4.16661815,  0.15633042,  3.65583603, -1.54761519,\n         6.51714268],\n       [ 4.54768799,  4.16661825,  0.15633059,  3.65584076, -1.54762223,\n         6.5171396 ],\n       [ 4.54768617,  4.16661625,  0.15633085,  3.65583909, -1.54762527,\n         6.51713582]]), array([0.0633713, 0.0633713, 0.0633713, 0.0633713, 0.0633713, 0.0633713,\n       0.0633713]))", "callback": [0.3148471628037197, 0.2339204452036927, 0.18822656809110994, 0.15746019724150784, 0.10176500773896191, 0.07772096510115234, 0.07772096510115234, 0.07611512119767616, 0.07523719454784938, 0.0749964420607645, 0.07491163672063061, 0.07487745551520875, 0.07482779763874081, 0.07476831713885568, 0.07463248044039406, 0.07443653781005721, 0.07406118477314438, 0.07370488176534473, 0.07324447530828848, 0.07173113671892772, 0.06969504860408948, 0.06843924522521139, 0.06809674245279818, 0.06695501658496894, 0.06632800608677492, 0.06575809324467152, 0.06479971323220435, 0.06434676230853109, 0.06383801591772442, 0.06376285824848515, 0.06373121914454138, 0.06371981276632277, 0.06368218204068865, 0.06355731805734088, 0.06348210811958854, 0.06340729254215316, 0.06338504299827474, 0.06338291983124078, 0.06337428606531781, 0.06337220043571101, 0.06337145458057092, 0.0633713268920223, 0.06337130732264462, 0.06337130269018987, 0.06337130214521469, 0.0633713020196296, 0.06337130200052354, 0.06337130199553642, 0.06337130199403795]}, "6": {"maxiter": 500, "fatol": 1e-10, "xatol": 1e-05, "duration": 0.17966890335083008, "fun": "0.06337130199333918", "nit": "500", "nfev": "787", "status": "2", "success": "False", "message": "Maximum number of iterations has been exceeded.", "x": "[ 4.54768809  4.16661796  0.15633079  3.65584059 -1.54762584  6.51713614]", "final_simplex": "(array([[ 4.54768809,  4.16661796,  0.15633079,  3.65584059, -1.54762584,\n         6.51713614],\n       [ 4.54769023,  4.16661779,  0.15633092,  3.65584172, -1.54762948,\n         6.51713516],\n       [ 4.5476883 ,  4.16661729,  0.15633086,  3.6558395 , -1.54762661,\n         6.51713649],\n       [ 4.54769023,  4.1666175 ,  0.15633092,  3.65584226, -1.54762951,\n         6.51713477],\n       [ 4.54767994,  4.16661815,  0.15633042,  3.65583603, -1.54761519,\n         6.51714268],\n       [ 4.54768799,  4.16661825,  0.15633059,  3.65584076, -1.54762223,\n         6.5171396 ],\n       [ 4.54768617,  4.16661625,  0.15633085,  3.65583909, -1.54762527,\n         6.51713582]]), array([0.0633713, 0.0633713, 0.0633713, 0.0633713, 0.0633713, 0.0633713,\n       0.0633713]))", "callback": [0.3148471628037197, 0.2339204452036927, 0.18822656809110994, 0.15746019724150784, 0.10176500773896191, 0.07772096510115234, 0.07772096510115234, 0.07611512119767616, 0.07523719454784938, 0.0749964420607645, 0.07491163672063061, 0.07487745551520875, 0.07482779763874081, 0.07476831713885568, 0.07463248044039406, 0.07443653781005721, 0.07406118477314438, 0.07370488176534473, 0.07324447530828848, 0.07173113671892772, 0.06969504860408948, 0.06843924522521139, 0.06809674245279818, 0.06695501658496894, 0.06632800608677492, 0.06575809324467152, 0.06479971323220435, 0.06434676230853109, 0.06383801591772442, 0.06376285824848515, 0.06373121914454138, 0.06371981276632277, 0.06368218204068865, 0.06355731805734088, 0.06348210811958854, 0.06340729254215316, 0.06338504299827474, 0.06338291983124078, 0.06337428606531781, 0.06337220043571101, 0.06337145458057092, 0.0633713268920223, 0.06337130732264462, 0.06337130269018987, 0.06337130214521469, 0.0633713020196296, 0.06337130200052354, 0.06337130199553642, 0.06337130199403795]}, "7": {"maxiter": 500, "fatol": 1e-10, "xatol": 1e-10, "duration": 0.17047667503356934, "fun": "0.06337130199333918", "nit": "500", "nfev": "787", "status": "2", "success": "False", "message": "Maximum number of iterations has been exceeded.", "x": "[ 4.54768809  4.16661796  0.15633079  3.65584059 -1.54762584  6.51713614]", "final_simplex": "(array([[ 4.54768809,  4.16661796,  0.15633079,  3.65584059, -1.54762584,\n         6.51713614],\n       [ 4.54769023,  4.16661779,  0.15633092,  3.65584172, -1.54762948,\n         6.51713516],\n       [ 4.5476883 ,  4.16661729,  0.15633086,  3.6558395 , -1.54762661,\n         6.51713649],\n       [ 4.54769023,  4.1666175 ,  0.15633092,  3.65584226, -1.54762951,\n         6.51713477],\n       [ 4.54767994,  4.16661815,  0.15633042,  3.65583603, -1.54761519,\n         6.51714268],\n       [ 4.54768799,  4.16661825,  0.15633059,  3.65584076, -1.54762223,\n         6.5171396 ],\n       [ 4.54768617,  4.16661625,  0.15633085,  3.65583909, -1.54762527,\n         6.51713582]]), array([0.0633713, 0.0633713, 0.0633713, 0.0633713, 0.0633713, 0.0633713,\n       0.0633713]))", "callback": [0.3148471628037197, 0.2339204452036927, 0.18822656809110994, 0.15746019724150784, 0.10176500773896191, 0.07772096510115234, 0.07772096510115234, 0.07611512119767616, 0.07523719454784938, 0.0749964420607645, 0.07491163672063061, 0.07487745551520875, 0.07482779763874081, 0.07476831713885568, 0.07463248044039406, 0.07443653781005721, 0.07406118477314438, 0.07370488176534473, 0.07324447530828848, 0.07173113671892772, 0.06969504860408948, 0.06843924522521139, 0.06809674245279818, 0.06695501658496894, 0.06632800608677492, 0.06575809324467152, 0.06479971323220435, 0.06434676230853109, 0.06383801591772442, 0.06376285824848515, 0.06373121914454138, 0.06371981276632277, 0.06368218204068865, 0.06355731805734088, 0.06348210811958854, 0.06340729254215316, 0.06338504299827474, 0.06338291983124078, 0.06337428606531781, 0.06337220043571101, 0.06337145458057092, 0.0633713268920223, 0.06337130732264462, 0.06337130269018987, 0.06337130214521469, 0.0633713020196296, 0.06337130200052354, 0.06337130199553642, 0.06337130199403795]}, "8": {"maxiter": 1000, "fatol": 1e-05, "xatol": 1e-05, "duration": 0.18664193153381348, "fun": "0.06337130199316077", "nit": "503", "nfev": "791", "status": "0", "success": "True", "message": "Optimization terminated successfully.", "x": "[ 4.54768437  4.16661805  0.15633063  3.65583843 -1.54762125  6.51713941]", "final_simplex": "(array([[ 4.54768437,  4.16661805,  0.15633063,  3.65583843, -1.54762125,\n         6.51713941],\n       [ 4.54768809,  4.16661796,  0.15633079,  3.65584059, -1.54762584,\n         6.51713614],\n       [ 4.54769023,  4.16661779,  0.15633092,  3.65584172, -1.54762948,\n         6.51713516],\n       [ 4.5476883 ,  4.16661729,  0.15633086,  3.6558395 , -1.54762661,\n         6.51713649],\n       [ 4.54769023,  4.1666175 ,  0.15633092,  3.65584226, -1.54762951,\n         6.51713477],\n       [ 4.54768876,  4.1666194 ,  0.15633065,  3.65584119, -1.54762435,\n         6.51713912],\n       [ 4.54768719,  4.16661778,  0.15633093,  3.65583967, -1.5476281 ,\n         6.51713518]]), array([0.0633713, 0.0633713, 0.0633713, 0.0633713, 0.0633713, 0.0633713,\n       0.0633713]))", "callback": [0.3148471628037197, 0.2339204452036927, 0.18822656809110994, 0.15746019724150784, 0.10176500773896191, 0.07772096510115234, 0.07772096510115234, 0.07611512119767616, 0.07523719454784938, 0.0749964420607645, 0.07491163672063061, 0.07487745551520875, 0.07482779763874081, 0.07476831713885568, 0.07463248044039406, 0.07443653781005721, 0.07406118477314438, 0.07370488176534473, 0.07324447530828848, 0.07173113671892772, 0.06969504860408948, 0.06843924522521139, 0.06809674245279818, 0.06695501658496894, 0.06632800608677492, 0.06575809324467152, 0.06479971323220435, 0.06434676230853109, 0.06383801591772442, 0.06376285824848515, 0.06373121914454138, 0.06371981276632277, 0.06368218204068865, 0.06355731805734088, 0.06348210811958854, 0.06340729254215316, 0.06338504299827474, 0.06338291983124078, 0.06337428606531781, 0.06337220043571101, 0.06337145458057092, 0.0633713268920223, 0.06337130732264462, 0.06337130269018987, 0.06337130214521469, 0.0633713020196296, 0.06337130200052354, 0.06337130199553642, 0.06337130199403795, 0.06337130199333918]}, "9": {"maxiter": 1000, "fatol": 1e-05, "xatol": 1e-10, "duration": 0.21760106086730957, "fun": "0.06337130199306729", "nit": "575", "nfev": "974", "status": "0", "success": "True", "message": "Optimization terminated successfully.", "x": "[ 4.54768508  4.16661887  0.1563306   3.65583921 -1.54762149  6.51713929]", "final_simplex": "(array([[ 4.54768508,  4.16661887,  0.1563306 ,  3.65583921, -1.54762149,\n         6.51713929],\n       [ 4.54768507,  4.16661887,  0.1563306 ,  3.65583921, -1.54762149,\n         6.51713929],\n       [ 4.54768508,  4.16661887,  0.1563306 ,  3.65583921, -1.54762149,\n         6.51713929],\n       [ 4.54768507,  4.16661887,  0.1563306 ,  3.65583921, -1.54762149,\n         6.51713929],\n       [ 4.54768508,  4.16661887,  0.1563306 ,  3.65583921, -1.54762149,\n         6.51713929],\n       [ 4.54768508,  4.16661887,  0.1563306 ,  3.65583921, -1.54762149,\n         6.51713929],\n       [ 4.54768508,  4.16661887,  0.1563306 ,  3.65583921, -1.54762149,\n         6.51713929]]), array([0.0633713, 0.0633713, 0.0633713, 0.0633713, 0.0633713, 0.0633713,\n       0.0633713]))", "callback": [0.3148471628037197, 0.2339204452036927, 0.18822656809110994, 0.15746019724150784, 0.10176500773896191, 0.07772096510115234, 0.07772096510115234, 0.07611512119767616, 0.07523719454784938, 0.0749964420607645, 0.07491163672063061, 0.07487745551520875, 0.07482779763874081, 0.07476831713885568, 0.07463248044039406, 0.07443653781005721, 0.07406118477314438, 0.07370488176534473, 0.07324447530828848, 0.07173113671892772, 0.06969504860408948, 0.06843924522521139, 0.06809674245279818, 0.06695501658496894, 0.06632800608677492, 0.06575809324467152, 0.06479971323220435, 0.06434676230853109, 0.06383801591772442, 0.06376285824848515, 0.06373121914454138, 0.06371981276632277, 0.06368218204068865, 0.06355731805734088, 0.06348210811958854, 0.06340729254215316, 0.06338504299827474, 0.06338291983124078, 0.06337428606531781, 0.06337220043571101, 0.06337145458057092, 0.0633713268920223, 0.06337130732264462, 0.06337130269018987, 0.06337130214521469, 0.0633713020196296, 0.06337130200052354, 0.06337130199553642, 0.06337130199403795, 0.06337130199333918, 0.06337130199312146, 0.06337130199307439, 0.06337130199306995, 0.06337130199306806, 0.06337130199306773, 0.06337130199306729, 0.06337130199306729]}, "10": {"maxiter": 1000, "fatol": 1e-10, "xatol": 1e-05, "duration": 0.17595410346984863, "fun": "0.06337130199316077", "nit": "503", "nfev": "791", "status": "0", "success": "True", "message": "Optimization terminated successfully.", "x": "[ 4.54768437  4.16661805  0.15633063  3.65583843 -1.54762125  6.51713941]", "final_simplex": "(array([[ 4.54768437,  4.16661805,  0.15633063,  3.65583843, -1.54762125,\n         6.51713941],\n       [ 4.54768809,  4.16661796,  0.15633079,  3.65584059, -1.54762584,\n         6.51713614],\n       [ 4.54769023,  4.16661779,  0.15633092,  3.65584172, -1.54762948,\n         6.51713516],\n       [ 4.5476883 ,  4.16661729,  0.15633086,  3.6558395 , -1.54762661,\n         6.51713649],\n       [ 4.54769023,  4.1666175 ,  0.15633092,  3.65584226, -1.54762951,\n         6.51713477],\n       [ 4.54768876,  4.1666194 ,  0.15633065,  3.65584119, -1.54762435,\n         6.51713912],\n       [ 4.54768719,  4.16661778,  0.15633093,  3.65583967, -1.5476281 ,\n         6.51713518]]), array([0.0633713, 0.0633713, 0.0633713, 0.0633713, 0.0633713, 0.0633713,\n       0.0633713]))", "callback": [0.3148471628037197, 0.2339204452036927, 0.18822656809110994, 0.15746019724150784, 0.10176500773896191, 0.07772096510115234, 0.07772096510115234, 0.07611512119767616, 0.07523719454784938, 0.0749964420607645, 0.07491163672063061, 0.07487745551520875, 0.07482779763874081, 0.07476831713885568, 0.07463248044039406, 0.07443653781005721, 0.07406118477314438, 0.07370488176534473, 0.07324447530828848, 0.07173113671892772, 0.06969504860408948, 0.06843924522521139, 0.06809674245279818, 0.06695501658496894, 0.06632800608677492, 0.06575809324467152, 0.06479971323220435, 0.06434676230853109, 0.06383801591772442, 0.06376285824848515, 0.06373121914454138, 0.06371981276632277, 0.06368218204068865, 0.06355731805734088, 0.06348210811958854, 0.06340729254215316, 0.06338504299827474, 0.06338291983124078, 0.06337428606531781, 0.06337220043571101, 0.06337145458057092, 0.0633713268920223, 0.06337130732264462, 0.06337130269018987, 0.06337130214521469, 0.0633713020196296, 0.06337130200052354, 0.06337130199553642, 0.06337130199403795, 0.06337130199333918]}, "11": {"maxiter": 1000, "fatol": 1e-10, "xatol": 1e-10, "duration": 0.21312785148620605, "fun": "0.06337130199306729", "nit": "575", "nfev": "974", "status": "0", "success": "True", "message": "Optimization terminated successfully.", "x": "[ 4.54768508  4.16661887  0.1563306   3.65583921 -1.54762149  6.51713929]", "final_simplex": "(array([[ 4.54768508,  4.16661887,  0.1563306 ,  3.65583921, -1.54762149,\n         6.51713929],\n       [ 4.54768507,  4.16661887,  0.1563306 ,  3.65583921, -1.54762149,\n         6.51713929],\n       [ 4.54768508,  4.16661887,  0.1563306 ,  3.65583921, -1.54762149,\n         6.51713929],\n       [ 4.54768507,  4.16661887,  0.1563306 ,  3.65583921, -1.54762149,\n         6.51713929],\n       [ 4.54768508,  4.16661887,  0.1563306 ,  3.65583921, -1.54762149,\n         6.51713929],\n       [ 4.54768508,  4.16661887,  0.1563306 ,  3.65583921, -1.54762149,\n         6.51713929],\n       [ 4.54768508,  4.16661887,  0.1563306 ,  3.65583921, -1.54762149,\n         6.51713929]]), array([0.0633713, 0.0633713, 0.0633713, 0.0633713, 0.0633713, 0.0633713,\n       0.0633713]))", "callback": [0.3148471628037197, 0.2339204452036927, 0.18822656809110994, 0.15746019724150784, 0.10176500773896191, 0.07772096510115234, 0.07772096510115234, 0.07611512119767616, 0.07523719454784938, 0.0749964420607645, 0.07491163672063061, 0.07487745551520875, 0.07482779763874081, 0.07476831713885568, 0.07463248044039406, 0.07443653781005721, 0.07406118477314438, 0.07370488176534473, 0.07324447530828848, 0.07173113671892772, 0.06969504860408948, 0.06843924522521139, 0.06809674245279818, 0.06695501658496894, 0.06632800608677492, 0.06575809324467152, 0.06479971323220435, 0.06434676230853109, 0.06383801591772442, 0.06376285824848515, 0.06373121914454138, 0.06371981276632277, 0.06368218204068865, 0.06355731805734088, 0.06348210811958854, 0.06340729254215316, 0.06338504299827474, 0.06338291983124078, 0.06337428606531781, 0.06337220043571101, 0.06337145458057092, 0.0633713268920223, 0.06337130732264462, 0.06337130269018987, 0.06337130214521469, 0.0633713020196296, 0.06337130200052354, 0.06337130199553642, 0.06337130199403795, 0.06337130199333918, 0.06337130199312146, 0.06337130199307439, 0.06337130199306995, 0.06337130199306806, 0.06337130199306773, 0.06337130199306729, 0.06337130199306729]}}, "bfgs": {"type": "gradient", "0": {"maxiter": 100, "gtol": 1e-05, "xrtol": 1e-05, "eps": 1e-05, "duration": 0.039227962493896484, "fun": "0.06337130214823261", "jac": "[-1.23371313e-06  5.12345721e-07  4.83912910e-07  2.01034744e-06\n  3.08383319e-06  1.67941216e-06]", "hess_inv": "[[ 5.67346518  0.30194104  3.68191564 -0.13747369 -1.08020512  4.13166829]\n [ 0.30194104 15.56288112  9.19396419  9.25650085 -7.05660688 -8.22059337]\n [ 3.68191564  9.19396419 10.98304788  4.99705066 -5.72563087 -0.9390704 ]\n [-0.13747369  9.25650085  4.99705066  7.85184158 -4.24211285 -5.53776766]\n [-1.08020512 -7.05660688 -5.72563087 -4.24211285  4.67773784  2.9031417 ]\n [ 4.13166829 -8.22059337 -0.9390704  -5.53776766  2.9031417   9.74936219]]", "nfev": "168", "njev": "24", "status": "0", "success": "True", "message": "Optimization terminated successfully.", "x": "[3.86088017 4.51765812 0.56240345 3.64673094 0.17589767 7.92755019]", "nit": "20", "callback": [0.06454048362928688, 0.06337130214823261]}, "1": {"maxiter": 100, "gtol": 1e-05, "xrtol": 1e-05, "eps": 1e-10, "duration": 0.03881692886352539, "fun": "0.0633713020477018", "jac": "[ 6.66133760e-06  0.00000000e+00 -2.22044587e-06  2.22044587e-06\n  2.22044587e-06 -1.11022293e-06]", "hess_inv": "[[ 5.31039999 -0.35215563  2.61877014 -0.78660499 -0.58159859  4.23279346]\n [-0.35215563 15.06339594  7.96932094  8.59384977 -6.59598095 -8.43563366]\n [ 2.61877014  7.96932094  9.04462839  3.96492789 -4.95060599 -1.13571705]\n [-0.78660499  8.59384977  3.96492789  7.32213761 -3.86123252 -5.72076804]\n [-0.58159859 -6.59598095 -4.95060599 -3.86123252  4.39062197  3.06125697]\n [ 4.23279346 -8.43563366 -1.13571705 -5.72076804  3.06125697  9.96735214]]", "nfev": "168", "njev": "24", "status": "0", "success": "True", "message": "Optimization terminated successfully.", "x": "[3.86084642 4.51781965 0.56257387 3.64684113 0.1760141  7.92766413]", "nit": "20", "callback": [0.06454021449609548, 0.0633713020477018]}, "2": {"maxiter": 100, "gtol": 1e-05, "xrtol": 1e-10, "eps": 1e-05, "duration": 0.03817391395568848, "fun": "0.06337130214823261", "jac": "[-1.23371313e-06  5.12345721e-07  4.83912910e-07  2.01034744e-06\n  3.08383319e-06  1.67941216e-06]", "hess_inv": "[[ 5.67346518  0.30194104  3.68191564 -0.13747369 -1.08020512  4.13166829]\n [ 0.30194104 15.56288112  9.19396419  9.25650085 -7.05660688 -8.22059337]\n [ 3.68191564  9.19396419 10.98304788  4.99705066 -5.72563087 -0.9390704 ]\n [-0.13747369  9.25650085  4.99705066  7.85184158 -4.24211285 -5.53776766]\n [-1.08020512 -7.05660688 -5.72563087 -4.24211285  4.67773784  2.9031417 ]\n [ 4.13166829 -8.22059337 -0.9390704  -5.53776766  2.9031417   9.74936219]]", "nfev": "168", "njev": "24", "status": "0", "success": "True", "message": "Optimization terminated successfully.", "x": "[3.86088017 4.51765812 0.56240345 3.64673094 0.17589767 7.92755019]", "nit": "20", "callback": [0.06454048362928688, 0.06337130214823261]}, "3": {"maxiter": 100, "gtol": 1e-05, "xrtol": 1e-10, "eps": 1e-10, "duration": 0.0364689826965332, "fun": "0.0633713020477018", "jac": "[ 6.66133760e-06  0.00000000e+00 -2.22044587e-06  2.22044587e-06\n  2.22044587e-06 -1.11022293e-06]", "hess_inv": "[[ 5.31039999 -0.35215563  2.61877014 -0.78660499 -0.58159859  4.23279346]\n [-0.35215563 15.06339594  7.96932094  8.59384977 -6.59598095 -8.43563366]\n [ 2.61877014  7.96932094  9.04462839  3.96492789 -4.95060599 -1.13571705]\n [-0.78660499  8.59384977  3.96492789  7.32213761 -3.86123252 -5.72076804]\n [-0.58159859 -6.59598095 -4.95060599 -3.86123252  4.39062197  3.06125697]\n [ 4.23279346 -8.43563366 -1.13571705 -5.72076804  3.06125697  9.96735214]]", "nfev": "168", "njev": "24", "status": "0", "success": "True", "message": "Optimization terminated successfully.", "x": "[3.86084642 4.51781965 0.56257387 3.64684113 0.1760141  7.92766413]", "nit": "20", "callback": [0.06454021449609548, 0.0633713020477018]}, "4": {"maxiter": 100, "gtol": 1e-10, "xrtol": 1e-05, "eps": 1e-05, "duration": 0.036956787109375, "fun": "0.06337130214823261", "jac": "[-1.23371313e-06  5.12345721e-07  4.83912910e-07  2.01034744e-06\n  3.08383319e-06  1.67941216e-06]", "hess_inv": "[[ 5.67346518  0.30194104  3.68191564 -0.13747369 -1.08020512  4.13166829]\n [ 0.30194104 15.56288112  9.19396419  9.25650085 -7.05660688 -8.22059337]\n [ 3.68191564  9.19396419 10.98304788  4.99705066 -5.72563087 -0.9390704 ]\n [-0.13747369  9.25650085  4.99705066  7.85184158 -4.24211285 -5.53776766]\n [-1.08020512 -7.05660688 -5.72563087 -4.24211285  4.67773784  2.9031417 ]\n [ 4.13166829 -8.22059337 -0.9390704  -5.53776766  2.9031417   9.74936219]]", "nfev": "168", "njev": "24", "status": "0", "success": "True", "message": "Optimization terminated successfully.", "x": "[3.86088017 4.51765812 0.56240345 3.64673094 0.17589767 7.92755019]", "nit": "20", "callback": [0.06454048362928688, 0.06337130214823261]}, "5": {"maxiter": 100, "gtol": 1e-10, "xrtol": 1e-05, "eps": 1e-10, "duration": 0.03677511215209961, "fun": "0.0633713020477018", "jac": "[ 6.66133760e-06  0.00000000e+00 -2.22044587e-06  2.22044587e-06\n  2.22044587e-06 -1.11022293e-06]", "hess_inv": "[[ 5.31039999 -0.35215563  2.61877014 -0.78660499 -0.58159859  4.23279346]\n [-0.35215563 15.06339594  7.96932094  8.59384977 -6.59598095 -8.43563366]\n [ 2.61877014  7.96932094  9.04462839  3.96492789 -4.95060599 -1.13571705]\n [-0.78660499  8.59384977  3.96492789  7.32213761 -3.86123252 -5.72076804]\n [-0.58159859 -6.59598095 -4.95060599 -3.86123252  4.39062197  3.06125697]\n [ 4.23279346 -8.43563366 -1.13571705 -5.72076804  3.06125697  9.96735214]]", "nfev": "168", "njev": "24", "status": "0", "success": "True", "message": "Optimization terminated successfully.", "x": "[3.86084642 4.51781965 0.56257387 3.64684113 0.1760141  7.92766413]", "nit": "20", "callback": [0.06454021449609548, 0.0633713020477018]}, "6": {"maxiter": 100, "gtol": 1e-10, "xrtol": 1e-10, "eps": 1e-05, "duration": 0.07889890670776367, "fun": "0.06337130212650766", "jac": "[-1.77038384e-06  3.70805608e-06  7.42017559e-07 -2.38182807e-06\n  2.76165757e-06  1.53111968e-06]", "hess_inv": "[[  8.69080196   0.33871876   1.80074412  -2.86282545 -10.05416397\n   -3.36376022]\n [  0.33871876  12.46900901   6.95562966   9.10623985  -5.48681529\n   -6.6943425 ]\n [  1.80074412   6.95562966  10.1401645    6.2328354    0.38799841\n    4.11420901]\n [ -2.86282545   9.10623985   6.2328354    9.74025234   3.34666887\n    0.65861881]\n [-10.05416397  -5.48681529   0.38799841   3.34666887  29.3657741\n   23.07404018]\n [ -3.36376022  -6.6943425    4.11420901   0.65861881  23.07404018\n   26.10204597]]", "nfev": "361", "njev": "50", "status": "2", "success": "False", "message": "Desired error not necessarily achieved due to precision loss.", "x": "[3.86088738 4.5176688  0.56240601 3.64672391 0.17586974 7.92752594]", "nit": "23", "callback": [0.06454048362928688, 0.06337130214823261]}, "7": {"maxiter": 100, "gtol": 1e-10, "xrtol": 1e-10, "eps": 1e-10, "duration": 0.06550097465515137, "fun": "0.06337130201085073", "jac": "[-3.33066880e-06  0.00000000e+00  0.00000000e+00 -1.11022293e-06\n  2.22044587e-06 -2.22044587e-06]", "hess_inv": "[[ 5.70037601 -0.42315233  4.30761726 -0.14187635 -1.15195529  5.67087816]\n [-0.42315233 10.00843499  5.53328424  4.70920207 -4.01211978 -6.48637252]\n [ 4.30761726  5.53328424  9.6684698   1.78829668 -4.00496508  2.13432931]\n [-0.14187635  4.70920207  1.78829668  5.61720382 -1.94006255 -4.20332475]\n [-1.15195529 -4.01211978 -4.00496508 -1.94006255  3.10566445  1.51039231]\n [ 5.67087816 -6.48637252  2.13432931 -4.20332475  1.51039231 11.7267445 ]]", "nfev": "301", "njev": "43", "status": "0", "success": "True", "message": "Optimization terminated successfully.", "x": "[3.86082456 4.51782157 0.56256726 3.64683235 0.17601487 7.92764671]", "nit": "23", "callback": [0.06454021449609548, 0.0633713020477018]}, "8": {"maxiter": 500, "gtol": 1e-05, "xrtol": 1e-05, "eps": 1e-05, "duration": 0.0369267463684082, "fun": "0.06337130214823261", "jac": "[-1.23371313e-06  5.12345721e-07  4.83912910e-07  2.01034744e-06\n  3.08383319e-06  1.67941216e-06]", "hess_inv": "[[ 5.67346518  0.30194104  3.68191564 -0.13747369 -1.08020512  4.13166829]\n [ 0.30194104 15.56288112  9.19396419  9.25650085 -7.05660688 -8.22059337]\n [ 3.68191564  9.19396419 10.98304788  4.99705066 -5.72563087 -0.9390704 ]\n [-0.13747369  9.25650085  4.99705066  7.85184158 -4.24211285 -5.53776766]\n [-1.08020512 -7.05660688 -5.72563087 -4.24211285  4.67773784  2.9031417 ]\n [ 4.13166829 -8.22059337 -0.9390704  -5.53776766  2.9031417   9.74936219]]", "nfev": "168", "njev": "24", "status": "0", "success": "True", "message": "Optimization terminated successfully.", "x": "[3.86088017 4.51765812 0.56240345 3.64673094 0.17589767 7.92755019]", "nit": "20", "callback": [0.06454048362928688, 0.06337130214823261]}, "9": {"maxiter": 500, "gtol": 1e-05, "xrtol": 1e-05, "eps": 1e-10, "duration": 0.03711199760437012, "fun": "0.0633713020477018", "jac": "[ 6.66133760e-06  0.00000000e+00 -2.22044587e-06  2.22044587e-06\n  2.22044587e-06 -1.11022293e-06]", "hess_inv": "[[ 5.31039999 -0.35215563  2.61877014 -0.78660499 -0.58159859  4.23279346]\n [-0.35215563 15.06339594  7.96932094  8.59384977 -6.59598095 -8.43563366]\n [ 2.61877014  7.96932094  9.04462839  3.96492789 -4.95060599 -1.13571705]\n [-0.78660499  8.59384977  3.96492789  7.32213761 -3.86123252 -5.72076804]\n [-0.58159859 -6.59598095 -4.95060599 -3.86123252  4.39062197  3.06125697]\n [ 4.23279346 -8.43563366 -1.13571705 -5.72076804  3.06125697  9.96735214]]", "nfev": "168", "njev": "24", "status": "0", "success": "True", "message": "Optimization terminated successfully.", "x": "[3.86084642 4.51781965 0.56257387 3.64684113 0.1760141  7.92766413]", "nit": "20", "callback": [0.06454021449609548, 0.0633713020477018]}, "10": {"maxiter": 500, "gtol": 1e-05, "xrtol": 1e-10, "eps": 1e-05, "duration": 0.037628889083862305, "fun": "0.06337130214823261", "jac": "[-1.23371313e-06  5.12345721e-07  4.83912910e-07  2.01034744e-06\n  3.08383319e-06  1.67941216e-06]", "hess_inv": "[[ 5.67346518  0.30194104  3.68191564 -0.13747369 -1.08020512  4.13166829]\n [ 0.30194104 15.56288112  9.19396419  9.25650085 -7.05660688 -8.22059337]\n [ 3.68191564  9.19396419 10.98304788  4.99705066 -5.72563087 -0.9390704 ]\n [-0.13747369  9.25650085  4.99705066  7.85184158 -4.24211285 -5.53776766]\n [-1.08020512 -7.05660688 -5.72563087 -4.24211285  4.67773784  2.9031417 ]\n [ 4.13166829 -8.22059337 -0.9390704  -5.53776766  2.9031417   9.74936219]]", "nfev": "168", "njev": "24", "status": "0", "success": "True", "message": "Optimization terminated successfully.", "x": "[3.86088017 4.51765812 0.56240345 3.64673094 0.17589767 7.92755019]", "nit": "20", "callback": [0.06454048362928688, 0.06337130214823261]}, "11": {"maxiter": 500, "gtol": 1e-05, "xrtol": 1e-10, "eps": 1e-10, "duration": 0.04241204261779785, "fun": "0.0633713020477018", "jac": "[ 6.66133760e-06  0.00000000e+00 -2.22044587e-06  2.22044587e-06\n  2.22044587e-06 -1.11022293e-06]", "hess_inv": "[[ 5.31039999 -0.35215563  2.61877014 -0.78660499 -0.58159859  4.23279346]\n [-0.35215563 15.06339594  7.96932094  8.59384977 -6.59598095 -8.43563366]\n [ 2.61877014  7.96932094  9.04462839  3.96492789 -4.95060599 -1.13571705]\n [-0.78660499  8.59384977  3.96492789  7.32213761 -3.86123252 -5.72076804]\n [-0.58159859 -6.59598095 -4.95060599 -3.86123252  4.39062197  3.06125697]\n [ 4.23279346 -8.43563366 -1.13571705 -5.72076804  3.06125697  9.96735214]]", "nfev": "168", "njev": "24", "status": "0", "success": "True", "message": "Optimization terminated successfully.", "x": "[3.86084642 4.51781965 0.56257387 3.64684113 0.1760141  7.92766413]", "nit": "20", "callback": [0.06454021449609548, 0.0633713020477018]}, "12": {"maxiter": 500, "gtol": 1e-10, "xrtol": 1e-05, "eps": 1e-05, "duration": 0.045049190521240234, "fun": "0.06337130214823261", "jac": "[-1.23371313e-06  5.12345721e-07  4.83912910e-07  2.01034744e-06\n  3.08383319e-06  1.67941216e-06]", "hess_inv": "[[ 5.67346518  0.30194104  3.68191564 -0.13747369 -1.08020512  4.13166829]\n [ 0.30194104 15.56288112  9.19396419  9.25650085 -7.05660688 -8.22059337]\n [ 3.68191564  9.19396419 10.98304788  4.99705066 -5.72563087 -0.9390704 ]\n [-0.13747369  9.25650085  4.99705066  7.85184158 -4.24211285 -5.53776766]\n [-1.08020512 -7.05660688 -5.72563087 -4.24211285  4.67773784  2.9031417 ]\n [ 4.13166829 -8.22059337 -0.9390704  -5.53776766  2.9031417   9.74936219]]", "nfev": "168", "njev": "24", "status": "0", "success": "True", "message": "Optimization terminated successfully.", "x": "[3.86088017 4.51765812 0.56240345 3.64673094 0.17589767 7.92755019]", "nit": "20", "callback": [0.06454048362928688, 0.06337130214823261]}, "13": {"maxiter": 500, "gtol": 1e-10, "xrtol": 1e-05, "eps": 1e-10, "duration": 0.043451786041259766, "fun": "0.0633713020477018", "jac": "[ 6.66133760e-06  0.00000000e+00 -2.22044587e-06  2.22044587e-06\n  2.22044587e-06 -1.11022293e-06]", "hess_inv": "[[ 5.31039999 -0.35215563  2.61877014 -0.78660499 -0.58159859  4.23279346]\n [-0.35215563 15.06339594  7.96932094  8.59384977 -6.59598095 -8.43563366]\n [ 2.61877014  7.96932094  9.04462839  3.96492789 -4.95060599 -1.13571705]\n [-0.78660499  8.59384977  3.96492789  7.32213761 -3.86123252 -5.72076804]\n [-0.58159859 -6.59598095 -4.95060599 -3.86123252  4.39062197  3.06125697]\n [ 4.23279346 -8.43563366 -1.13571705 -5.72076804  3.06125697  9.96735214]]", "nfev": "168", "njev": "24", "status": "0", "success": "True", "message": "Optimization terminated successfully.", "x": "[3.86084642 4.51781965 0.56257387 3.64684113 0.1760141  7.92766413]", "nit": "20", "callback": [0.06454021449609548, 0.0633713020477018]}, "14": {"maxiter": 500, "gtol": 1e-10, "xrtol": 1e-10, "eps": 1e-05, "duration": 0.09156084060668945, "fun": "0.06337130212650766", "jac": "[-1.77038384e-06  3.70805608e-06  7.42017559e-07 -2.38182807e-06\n  2.76165757e-06  1.53111968e-06]", "hess_inv": "[[  8.69080196   0.33871876   1.80074412  -2.86282545 -10.05416397\n   -3.36376022]\n [  0.33871876  12.46900901   6.95562966   9.10623985  -5.48681529\n   -6.6943425 ]\n [  1.80074412   6.95562966  10.1401645    6.2328354    0.38799841\n    4.11420901]\n [ -2.86282545   9.10623985   6.2328354    9.74025234   3.34666887\n    0.65861881]\n [-10.05416397  -5.48681529   0.38799841   3.34666887  29.3657741\n   23.07404018]\n [ -3.36376022  -6.6943425    4.11420901   0.65861881  23.07404018\n   26.10204597]]", "nfev": "361", "njev": "50", "status": "2", "success": "False", "message": "Desired error not necessarily achieved due to precision loss.", "x": "[3.86088738 4.5176688  0.56240601 3.64672391 0.17586974 7.92752594]", "nit": "23", "callback": [0.06454048362928688, 0.06337130214823261]}, "15": {"maxiter": 500, "gtol": 1e-10, "xrtol": 1e-10, "eps": 1e-10, "duration": 0.06551003456115723, "fun": "0.06337130201085073", "jac": "[-3.33066880e-06  0.00000000e+00  0.00000000e+00 -1.11022293e-06\n  2.22044587e-06 -2.22044587e-06]", "hess_inv": "[[ 5.70037601 -0.42315233  4.30761726 -0.14187635 -1.15195529  5.67087816]\n [-0.42315233 10.00843499  5.53328424  4.70920207 -4.01211978 -6.48637252]\n [ 4.30761726  5.53328424  9.6684698   1.78829668 -4.00496508  2.13432931]\n [-0.14187635  4.70920207  1.78829668  5.61720382 -1.94006255 -4.20332475]\n [-1.15195529 -4.01211978 -4.00496508 -1.94006255  3.10566445  1.51039231]\n [ 5.67087816 -6.48637252  2.13432931 -4.20332475  1.51039231 11.7267445 ]]", "nfev": "301", "njev": "43", "status": "0", "success": "True", "message": "Optimization terminated successfully.", "x": "[3.86082456 4.51782157 0.56256726 3.64683235 0.17601487 7.92764671]", "nit": "23", "callback": [0.06454021449609548, 0.0633713020477018]}, "16": {"maxiter": 1000, "gtol": 1e-05, "xrtol": 1e-05, "eps": 1e-05, "duration": 0.03681612014770508, "fun": "0.06337130214823261", "jac": "[-1.23371313e-06  5.12345721e-07  4.83912910e-07  2.01034744e-06\n  3.08383319e-06  1.67941216e-06]", "hess_inv": "[[ 5.67346518  0.30194104  3.68191564 -0.13747369 -1.08020512  4.13166829]\n [ 0.30194104 15.56288112  9.19396419  9.25650085 -7.05660688 -8.22059337]\n [ 3.68191564  9.19396419 10.98304788  4.99705066 -5.72563087 -0.93