{"date": "2024/10/08/, 14:55:53", "conf_id": 6, "data_type": "random\n", "num_data_points": 1, "s_rank": 0, "unitary": "[[-0.56303964-0.00798273j,-0.21670212-0.15784972j,-0.06047197-0.73952673j,-0.01438004+0.24552571j],[-0.06976756+0.23474685j,-0.01275565-0.5435098j,-0.02703657-0.08917885j,-0.08210486-0.79311774j],[-0.38559961+0.10714929j,0.5933431-0.2687392j,-0.24060861+0.29149289j,-0.45147719+0.26241743j],[-0.50180421+0.45931857j,-0.11617175+0.44134496j,0.49642745+0.22684508j,-0.08544628-0.15407063j]]", "databatch_0": {"databatch": "[[[0.11096773-0.07836851j,-0.19388433+0.09069114j,0.08827422-0.08731563j,0.1920038+0.10781195j],[0.07523734-0.21089263j,-0.17451617+0.34913665j,-0.04069336-0.16236217j,0.29306809-0.20220965j],[0.03763085+0.15366371j,-0.11536663-0.22454734j,-0.07401196-0.02583415j,0.15126961-0.08239015j],[0.23619754-0.05822173j,-0.25955159+0.15063308j,0.08449099+0.24417336j,-0.41708822+0.00241639j]]]", "initial param values": "[1.3215937,0.26957784,4.20794985,2.90630912,5.7972443,1.45596377]", "nelder_mead": {"type": "gradient-free", "0": {"maxiter": 100, "fatol": 1e-05, "xatol": 1e-05, "duration": 0.046682119369506836, "fun": "0.3768468551391184", "nit": "100", "nfev": "157", "status": "2", "success": "False", "message": "Maximum number of iterations has been exceeded.", "x": "[ 1.89465501  0.34424473  6.26600859  2.36003188  7.86877481 -0.99504575]", "final_simplex": "(array([[ 1.89465501,  0.34424473,  6.26600859,  2.36003188,  7.86877481,\n        -0.99504575],\n       [ 1.86959271,  0.33419429,  6.32917825,  2.4405137 ,  7.86259932,\n        -0.92520579],\n       [ 1.95667694,  0.35644349,  6.12617844,  2.44296789,  7.57312718,\n        -1.04017384],\n       [ 2.0069265 ,  0.34853998,  6.1844231 ,  2.53516141,  7.76247676,\n        -1.10978121],\n       [ 2.01123745,  0.34997937,  6.25624468,  2.46002276,  7.74284108,\n        -1.11442162],\n       [ 2.00202856,  0.33785178,  6.24052748,  2.42236542,  7.87697535,\n        -0.95008748],\n       [ 2.02362288,  0.34515814,  6.21767904,  2.43546683,  7.79224196,\n        -0.99456618]]), array([0.37684686, 0.38334388, 0.38701714, 0.39036728, 0.39082434,\n       0.39115376, 0.39241598]))", "callback": [0.9195657686451765, 0.7449694891512506, 0.6563421517522071, 0.4972375748704283, 0.4866625108092485, 0.46770370372634806, 0.42280114436464256, 0.3997062050134097, 0.3997062050134097, 0.3924159827992315]}, "1": {"maxiter": 100, "fatol": 1e-05, "xatol": 1e-10, "duration": 0.04006004333496094, "fun": "0.3768468551391184", "nit": "100", "nfev": "157", "status": "2", "success": "False", "message": "Maximum number of iterations has been exceeded.", "x": "[ 1.89465501  0.34424473  6.26600859  2.36003188  7.86877481 -0.99504575]", "final_simplex": "(array([[ 1.89465501,  0.34424473,  6.26600859,  2.36003188,  7.86877481,\n        -0.99504575],\n       [ 1.86959271,  0.33419429,  6.32917825,  2.4405137 ,  7.86259932,\n        -0.92520579],\n       [ 1.95667694,  0.35644349,  6.12617844,  2.44296789,  7.57312718,\n        -1.04017384],\n       [ 2.0069265 ,  0.34853998,  6.1844231 ,  2.53516141,  7.76247676,\n        -1.10978121],\n       [ 2.01123745,  0.34997937,  6.25624468,  2.46002276,  7.74284108,\n        -1.11442162],\n       [ 2.00202856,  0.33785178,  6.24052748,  2.42236542,  7.87697535,\n        -0.95008748],\n       [ 2.02362288,  0.34515814,  6.21767904,  2.43546683,  7.79224196,\n        -0.99456618]]), array([0.37684686, 0.38334388, 0.38701714, 0.39036728, 0.39082434,\n       0.39115376, 0.39241598]))", "callback": [0.9195657686451765, 0.7449694891512506, 0.6563421517522071, 0.4972375748704283, 0.4866625108092485, 0.46770370372634806, 0.42280114436464256, 0.3997062050134097, 0.3997062050134097, 0.3924159827992315]}, "2": {"maxiter": 100, "fatol": 1e-10, "xatol": 1e-05, "duration": 0.048928022384643555, "fun": "0.3768468551391184", "nit": "100", "nfev": "157", "status": "2", "success": "False", "message": "Maximum number of iterations has been exceeded.", "x": "[ 1.89465501  0.34424473  6.26600859  2.36003188  7.86877481 -0.99504575]", "final_simplex": "(array([[ 1.89465501,  0.34424473,  6.26600859,  2.36003188,  7.86877481,\n        -0.99504575],\n       [ 1.86959271,  0.33419429,  6.32917825,  2.4405137 ,  7.86259932,\n        -0.92520579],\n       [ 1.95667694,  0.35644349,  6.12617844,  2.44296789,  7.57312718,\n        -1.04017384],\n       [ 2.0069265 ,  0.34853998,  6.1844231 ,  2.53516141,  7.76247676,\n        -1.10978121],\n       [ 2.01123745,  0.34997937,  6.25624468,  2.46002276,  7.74284108,\n        -1.11442162],\n       [ 2.00202856,  0.33785178,  6.24052748,  2.42236542,  7.87697535,\n        -0.95008748],\n       [ 2.02362288,  0.34515814,  6.21767904,  2.43546683,  7.79224196,\n        -0.99456618]]), array([0.37684686, 0.38334388, 0.38701714, 0.39036728, 0.39082434,\n       0.39115376, 0.39241598]))", "callback": [0.9195657686451765, 0.7449694891512506, 0.6563421517522071, 0.4972375748704283, 0.4866625108092485, 0.46770370372634806, 0.42280114436464256, 0.3997062050134097, 0.3997062050134097, 0.3924159827992315]}, "3": {"maxiter": 100, "fatol": 1e-10, "xatol": 1e-10, "duration": 0.03900289535522461, "fun": "0.3768468551391184", "nit": "100", "nfev": "157", "status": "2", "success": "False", "message": "Maximum number of iterations has been exceeded.", "x": "[ 1.89465501  0.34424473  6.26600859  2.36003188  7.86877481 -0.99504575]", "final_simplex": "(array([[ 1.89465501,  0.34424473,  6.26600859,  2.36003188,  7.86877481,\n        -0.99504575],\n       [ 1.86959271,  0.33419429,  6.32917825,  2.4405137 ,  7.86259932,\n        -0.92520579],\n       [ 1.95667694,  0.35644349,  6.12617844,  2.44296789,  7.57312718,\n        -1.04017384],\n       [ 2.0069265 ,  0.34853998,  6.1844231 ,  2.53516141,  7.76247676,\n        -1.10978121],\n       [ 2.01123745,  0.34997937,  6.25624468,  2.46002276,  7.74284108,\n        -1.11442162],\n       [ 2.00202856,  0.33785178,  6.24052748,  2.42236542,  7.87697535,\n        -0.95008748],\n       [ 2.02362288,  0.34515814,  6.21767904,  2.43546683,  7.79224196,\n        -0.99456618]]), array([0.37684686, 0.38334388, 0.38701714, 0.39036728, 0.39082434,\n       0.39115376, 0.39241598]))", "callback": [0.9195657686451765, 0.7449694891512506, 0.6563421517522071, 0.4972375748704283, 0.4866625108092485, 0.46770370372634806, 0.42280114436464256, 0.3997062050134097, 0.3997062050134097, 0.3924159827992315]}, "4": {"maxiter": 500, "fatol": 1e-05, "xatol": 1e-05, "duration": 0.2123546600341797, "fun": "0.1664412450165338", "nit": "500", "nfev": "760", "status": "2", "success": "False", "message": "Maximum number of iterations has been exceeded.", "x": "[ 0.62433581  1.52809544  5.07775126  1.01209485  7.14476699 -0.87156924]", "final_simplex": "(array([[ 0.62433581,  1.52809544,  5.07775126,  1.01209485,  7.14476699,\n        -0.87156924],\n       [ 0.62397559,  1.5329844 ,  5.07327758,  1.00895772,  7.1447507 ,\n        -0.87332543],\n       [ 0.62536291,  1.53117167,  5.07399423,  1.01114666,  7.14442708,\n        -0.87052526],\n       [ 0.62448187,  1.53024844,  5.0782994 ,  1.0127271 ,  7.14381079,\n        -0.87069039],\n       [ 0.62454733,  1.52720665,  5.08082448,  1.0112449 ,  7.14596636,\n        -0.87154597],\n       [ 0.62613705,  1.52828157,  5.07703996,  1.01102438,  7.14416651,\n        -0.87199691],\n       [ 0.62371189,  1.52876311,  5.07779782,  1.01017021,  7.14403078,\n        -0.86952445]]), array([0.16644125, 0.16644216, 0.16644236, 0.1664429 , 0.16644301,\n       0.16644303, 0.16644307]))", "callback": [0.9195657686451765, 0.7449694891512506, 0.6563421517522071, 0.4972375748704283, 0.4866625108092485, 0.46770370372634806, 0.42280114436464256, 0.3997062050134097, 0.3997062050134097, 0.3924159827992315, 0.3726962643579459, 0.28196775585058875, 0.253973916082851, 0.22836511235197787, 0.22831305159388193, 0.22316268166596487, 0.22296336081159485, 0.22281389978257016, 0.22275225081062722, 0.22266563701508646, 0.22263268376281686, 0.2226179641013981, 0.22260147080715198, 0.22256074823524608, 0.22245166055822585, 0.22187217905470002, 0.21993393659408866, 0.21530943393023394, 0.21138517888714448, 0.20837419746785524, 0.20553507505373103, 0.20238931133180194, 0.19903781579988655, 0.1967436452823732, 0.195403004274588, 0.19366938842085124, 0.19034397814304727, 0.18729327531337492, 0.18114227564415764, 0.17715131620860058, 0.1757444882369681, 0.17145607743525904, 0.1690004592695442, 0.16767115978307456, 0.16659721542558503, 0.16656695869105742, 0.16647361552018813, 0.1664501208068372, 0.16644591685569077, 0.16644308110218153]}, "5": {"maxiter": 500, "fatol": 1e-05, "xatol": 1e-10, "duration": 0.21733498573303223, "fun": "0.1664412450165338", "nit": "500", "nfev": "760", "status": "2", "success": "False", "message": "Maximum number of iterations has been exceeded.", "x": "[ 0.62433581  1.52809544  5.07775126  1.01209485  7.14476699 -0.87156924]", "final_simplex": "(array([[ 0.62433581,  1.52809544,  5.07775126,  1.01209485,  7.14476699,\n        -0.87156924],\n       [ 0.62397559,  1.5329844 ,  5.07327758,  1.00895772,  7.1447507 ,\n        -0.87332543],\n       [ 0.62536291,  1.53117167,  5.07399423,  1.01114666,  7.14442708,\n        -0.87052526],\n       [ 0.62448187,  1.53024844,  5.0782994 ,  1.0127271 ,  7.14381079,\n        -0.87069039],\n       [ 0.62454733,  1.52720665,  5.08082448,  1.0112449 ,  7.14596636,\n        -0.87154597],\n       [ 0.62613705,  1.52828157,  5.07703996,  1.01102438,  7.14416651,\n        -0.87199691],\n       [ 0.62371189,  1.52876311,  5.07779782,  1.01017021,  7.14403078,\n        -0.86952445]]), array([0.16644125, 0.16644216, 0.16644236, 0.1664429 , 0.16644301,\n       0.16644303, 0.16644307]))", "callback": [0.9195657686451765, 0.7449694891512506, 0.6563421517522071, 0.4972375748704283, 0.4866625108092485, 0.46770370372634806, 0.42280114436464256, 0.3997062050134097, 0.3997062050134097, 0.3924159827992315, 0.3726962643579459, 0.28196775585058875, 0.253973916082851, 0.22836511235197787, 0.22831305159388193, 0.22316268166596487, 0.22296336081159485, 0.22281389978257016, 0.22275225081062722, 0.22266563701508646, 0.22263268376281686, 0.2226179641013981, 0.22260147080715198, 0.22256074823524608, 0.22245166055822585, 0.22187217905470002, 0.21993393659408866, 0.21530943393023394, 0.21138517888714448, 0.20837419746785524, 0.20553507505373103, 0.20238931133180194, 0.19903781579988655, 0.1967436452823732, 0.195403004274588, 0.19366938842085124, 0.19034397814304727, 0.18729327531337492, 0.18114227564415764, 0.17715131620860058, 0.1757444882369681, 0.17145607743525904, 0.1690004592695442, 0.16767115978307456, 0.16659721542558503, 0.16656695869105742, 0.16647361552018813, 0.1664501208068372, 0.16644591685569077, 0.16644308110218153]}, "6": {"maxiter": 500, "fatol": 1e-10, "xatol": 1e-05, "duration": 0.2182168960571289, "fun": "0.1664412450165338", "nit": "500", "nfev": "760", "status": "2", "success": "False", "message": "Maximum number of iterations has been exceeded.", "x": "[ 0.62433581  1.52809544  5.07775126  1.01209485  7.14476699 -0.87156924]", "final_simplex": "(array([[ 0.62433581,  1.52809544,  5.07775126,  1.01209485,  7.14476699,\n        -0.87156924],\n       [ 0.62397559,  1.5329844 ,  5.07327758,  1.00895772,  7.1447507 ,\n        -0.87332543],\n       [ 0.62536291,  1.53117167,  5.07399423,  1.01114666,  7.14442708,\n        -0.87052526],\n       [ 0.62448187,  1.53024844,  5.0782994 ,  1.0127271 ,  7.14381079,\n        -0.87069039],\n       [ 0.62454733,  1.52720665,  5.08082448,  1.0112449 ,  7.14596636,\n        -0.87154597],\n       [ 0.62613705,  1.52828157,  5.07703996,  1.01102438,  7.14416651,\n        -0.87199691],\n       [ 0.62371189,  1.52876311,  5.07779782,  1.01017021,  7.14403078,\n        -0.86952445]]), array([0.16644125, 0.16644216, 0.16644236, 0.1664429 , 0.16644301,\n       0.16644303, 0.16644307]))", "callback": [0.9195657686451765, 0.7449694891512506, 0.6563421517522071, 0.4972375748704283, 0.4866625108092485, 0.46770370372634806, 0.42280114436464256, 0.3997062050134097, 0.3997062050134097, 0.3924159827992315, 0.3726962643579459, 0.28196775585058875, 0.253973916082851, 0.22836511235197787, 0.22831305159388193, 0.22316268166596487, 0.22296336081159485, 0.22281389978257016, 0.22275225081062722, 0.22266563701508646, 0.22263268376281686, 0.2226179641013981, 0.22260147080715198, 0.22256074823524608, 0.22245166055822585, 0.22187217905470002, 0.21993393659408866, 0.21530943393023394, 0.21138517888714448, 0.20837419746785524, 0.20553507505373103, 0.20238931133180194, 0.19903781579988655, 0.1967436452823732, 0.195403004274588, 0.19366938842085124, 0.19034397814304727, 0.18729327531337492, 0.18114227564415764, 0.17715131620860058, 0.1757444882369681, 0.17145607743525904, 0.1690004592695442, 0.16767115978307456, 0.16659721542558503, 0.16656695869105742, 0.16647361552018813, 0.1664501208068372, 0.16644591685569077, 0.16644308110218153]}, "7": {"maxiter": 500, "fatol": 1e-10, "xatol": 1e-10, "duration": 0.21362090110778809, "fun": "0.1664412450165338", "nit": "500", "nfev": "760", "status": "2", "success": "False", "message": "Maximum number of iterations has been exceeded.", "x": "[ 0.62433581  1.52809544  5.07775126  1.01209485  7.14476699 -0.87156924]", "final_simplex": "(array([[ 0.62433581,  1.52809544,  5.07775126,  1.01209485,  7.14476699,\n        -0.87156924],\n       [ 0.62397559,  1.5329844 ,  5.07327758,  1.00895772,  7.1447507 ,\n        -0.87332543],\n       [ 0.62536291,  1.53117167,  5.07399423,  1.01114666,  7.14442708,\n        -0.87052526],\n       [ 0.62448187,  1.53024844,  5.0782994 ,  1.0127271 ,  7.14381079,\n        -0.87069039],\n       [ 0.62454733,  1.52720665,  5.08082448,  1.0112449 ,  7.14596636,\n        -0.87154597],\n       [ 0.62613705,  1.52828157,  5.07703996,  1.01102438,  7.14416651,\n        -0.87199691],\n       [ 0.62371189,  1.52876311,  5.07779782,  1.01017021,  7.14403078,\n        -0.86952445]]), array([0.16644125, 0.16644216, 0.16644236, 0.1664429 , 0.16644301,\n       0.16644303, 0.16644307]))", "callback": [0.9195657686451765, 0.7449694891512506, 0.6563421517522071, 0.4972375748704283, 0.4866625108092485, 0.46770370372634806, 0.42280114436464256, 0.3997062050134097, 0.3997062050134097, 0.3924159827992315, 0.3726962643579459, 0.28196775585058875, 0.253973916082851, 0.22836511235197787, 0.22831305159388193, 0.22316268166596487, 0.22296336081159485, 0.22281389978257016, 0.22275225081062722, 0.22266563701508646, 0.22263268376281686, 0.2226179641013981, 0.22260147080715198, 0.22256074823524608, 0.22245166055822585, 0.22187217905470002, 0.21993393659408866, 0.21530943393023394, 0.21138517888714448, 0.20837419746785524, 0.20553507505373103, 0.20238931133180194, 0.19903781579988655, 0.1967436452823732, 0.195403004274588, 0.19366938842085124, 0.19034397814304727, 0.18729327531337492, 0.18114227564415764, 0.17715131620860058, 0.1757444882369681, 0.17145607743525904, 0.1690004592695442, 0.16767115978307456, 0.16659721542558503, 0.16656695869105742, 0.16647361552018813, 0.1664501208068372, 0.16644591685569077, 0.16644308110218153]}, "8": {"maxiter": 1000, "fatol": 1e-05, "xatol": 1e-05, "duration": 0.255342960357666, "fun": "0.16644085849018586", "nit": "593", "nfev": "913", "status": "0", "success": "True", "message": "Optimization terminated successfully.", "x": "[ 0.62356795  1.52893328  5.07707626  1.01172023  7.14571199 -0.87266658]", "final_simplex": "(array([[ 0.62356795,  1.52893328,  5.07707626,  1.01172023,  7.14571199,\n        -0.87266658],\n       [ 0.62356605,  1.5289265 ,  5.07708474,  1.01172131,  7.14571904,\n        -0.87267091],\n       [ 0.62356853,  1.52893933,  5.07707259,  1.01172149,  7.14571526,\n        -0.87267303],\n       [ 0.62356953,  1.52893626,  5.07707351,  1.01172036,  7.14571995,\n        -0.87266884],\n       [ 0.62356909,  1.5289336 ,  5.07707273,  1.01171941,  7.14571379,\n        -0.87267536],\n       [ 0.62356678,  1.5289378 ,  5.0770738 ,  1.01171343,  7.14571431,\n        -0.87267236],\n       [ 0.62357396,  1.52893341,  5.0770825 ,  1.01172371,  7.14571558,\n        -0.8726714 ]]), array([0.16644086, 0.16644086, 0.16644086, 0.16644086, 0.16644086,\n       0.16644086, 0.16644086]))", "callback": [0.9195657686451765, 0.7449694891512506, 0.6563421517522071, 0.4972375748704283, 0.4866625108092485, 0.46770370372634806, 0.42280114436464256, 0.3997062050134097, 0.3997062050134097, 0.3924159827992315, 0.3726962643579459, 0.28196775585058875, 0.253973916082851, 0.22836511235197787, 0.22831305159388193, 0.22316268166596487, 0.22296336081159485, 0.22281389978257016, 0.22275225081062722, 0.22266563701508646, 0.22263268376281686, 0.2226179641013981, 0.22260147080715198, 0.22256074823524608, 0.22245166055822585, 0.22187217905470002, 0.21993393659408866, 0.21530943393023394, 0.21138517888714448, 0.20837419746785524, 0.20553507505373103, 0.20238931133180194, 0.19903781579988655, 0.1967436452823732, 0.195403004274588, 0.19366938842085124, 0.19034397814304727, 0.18729327531337492, 0.18114227564415764, 0.17715131620860058, 0.1757444882369681, 0.17145607743525904, 0.1690004592695442, 0.16767115978307456, 0.16659721542558503, 0.16656695869105742, 0.16647361552018813, 0.1664501208068372, 0.16644591685569077, 0.16644308110218153, 0.1664412450165338, 0.1664410979833113, 0.16644089853654198, 0.1664408731700806, 0.16644086238030087, 0.1664408597153464, 0.1664408585777465, 0.16644085857535318, 0.16644085849199974, 0.16644085849197898]}, "9": {"maxiter": 1000, "fatol": 1e-05, "xatol": 1e-10, "duration": 0.3114039897918701, "fun": "0.16644085848641588", "nit": "687", "nfev": "1126", "status": "0", "success": "True", "message": "Optimization terminated successfully.", "x": "[ 0.62356884  1.52893255  5.07707743  1.01172086  7.14571746 -0.8726719 ]", "final_simplex": "(array([[ 0.62356884,  1.52893255,  5.07707743,  1.01172086,  7.14571746,\n        -0.8726719 ],\n       [ 0.62356884,  1.52893255,  5.07707743,  1.01172086,  7.14571746,\n        -0.8726719 ],\n       [ 0.62356884,  1.52893255,  5.07707743,  1.01172086,  7.14571746,\n        -0.8726719 ],\n       [ 0.62356884,  1.52893255,  5.07707743,  1.01172086,  7.14571746,\n        -0.8726719 ],\n       [ 0.62356884,  1.52893255,  5.07707743,  1.01172086,  7.14571746,\n        -0.8726719 ],\n       [ 0.62356884,  1.52893255,  5.07707743,  1.01172086,  7.14571746,\n        -0.8726719 ],\n       [ 0.62356884,  1.52893255,  5.07707743,  1.01172086,  7.14571746,\n        -0.8726719 ]]), array([0.16644086, 0.16644086, 0.16644086, 0.16644086, 0.16644086,\n       0.16644086, 0.16644086]))", "callback": [0.9195657686451765, 0.7449694891512506, 0.6563421517522071, 0.4972375748704283, 0.4866625108092485, 0.46770370372634806, 0.42280114436464256, 0.3997062050134097, 0.3997062050134097, 0.3924159827992315, 0.3726962643579459, 0.28196775585058875, 0.253973916082851, 0.22836511235197787, 0.22831305159388193, 0.22316268166596487, 0.22296336081159485, 0.22281389978257016, 0.22275225081062722, 0.22266563701508646, 0.22263268376281686, 0.2226179641013981, 0.22260147080715198, 0.22256074823524608, 0.22245166055822585, 0.22187217905470002, 0.21993393659408866, 0.21530943393023394, 0.21138517888714448, 0.20837419746785524, 0.20553507505373103, 0.20238931133180194, 0.19903781579988655, 0.1967436452823732, 0.195403004274588, 0.19366938842085124, 0.19034397814304727, 0.18729327531337492, 0.18114227564415764, 0.17715131620860058, 0.1757444882369681, 0.17145607743525904, 0.1690004592695442, 0.16767115978307456, 0.16659721542558503, 0.16656695869105742, 0.16647361552018813, 0.1664501208068372, 0.16644591685569077, 0.16644308110218153, 0.1664412450165338, 0.1664410979833113, 0.16644089853654198, 0.1664408731700806, 0.16644086238030087, 0.1664408597153464, 0.1664408585777465, 0.16644085857535318, 0.16644085849199974, 0.16644085849197898, 0.16644085848752277, 0.16644085848656276, 0.16644085848645607, 0.16644085848643342, 0.16644085848641976, 0.16644085848641654, 0.16644085848641588, 0.16644085848641588, 0.16644085848641588]}, "10": {"maxiter": 1000, "fatol": 1e-10, "xatol": 1e-05, "duration": 0.25234508514404297, "fun": "0.16644085849018586", "nit": "593", "nfev": "913", "status": "0", "success": "True", "message": "Optimization terminated successfully.", "x": "[ 0.62356795  1.52893328  5.07707626  1.01172023  7.14571199 -0.87266658]", "final_simplex": "(array([[ 0.62356795,  1.52893328,  5.07707626,  1.01172023,  7.14571199,\n        -0.87266658],\n       [ 0.62356605,  1.5289265 ,  5.07708474,  1.01172131,  7.14571904,\n        -0.87267091],\n       [ 0.62356853,  1.52893933,  5.07707259,  1.01172149,  7.14571526,\n        -0.87267303],\n       [ 0.62356953,  1.52893626,  5.07707351,  1.01172036,  7.14571995,\n        -0.87266884],\n       [ 0.62356909,  1.5289336 ,  5.07707273,  1.01171941,  7.14571379,\n        -0.87267536],\n       [ 0.62356678,  1.5289378 ,  5.0770738 ,  1.01171343,  7.14571431,\n        -0.87267236],\n       [ 0.62357396,  1.52893341,  5.0770825 ,  1.01172371,  7.14571558,\n        -0.8726714 ]]), array([0.16644086, 0.16644086, 0.16644086, 0.16644086, 0.16644086,\n       0.16644086, 0.16644086]))", "callback": [0.9195657686451765, 0.7449694891512506, 0.6563421517522071, 0.4972375748704283, 0.4866625108092485, 0.46770370372634806, 0.42280114436464256, 0.3997062050134097, 0.3997062050134097, 0.3924159827992315, 0.3726962643579459, 0.28196775585058875, 0.253973916082851, 0.22836511235197787, 0.22831305159388193, 0.22316268166596487, 0.22296336081159485, 0.22281389978257016, 0.22275225081062722, 0.22266563701508646, 0.22263268376281686, 0.2226179641013981, 0.22260147080715198, 0.22256074823524608, 0.22245166055822585, 0.22187217905470002, 0.21993393659408866, 0.21530943393023394, 0.21138517888714448, 0.20837419746785524, 0.20553507505373103, 0.20238931133180194, 0.19903781579988655, 0.1967436452823732, 0.195403004274588, 0.19366938842085124, 0.19034397814304727, 0.18729327531337492, 0.18114227564415764, 0.17715131620860058, 0.1757444882369681, 0.17145607743525904, 0.1690004592695442, 0.16767115978307456, 0.16659721542558503, 0.16656695869105742, 0.16647361552018813, 0.1664501208068372, 0.16644591685569077, 0.16644308110218153, 0.1664412450165338, 0.1664410979833113, 0.16644089853654198, 0.1664408731700806, 0.16644086238030087, 0.1664408597153464, 0.1664408585777465, 0.16644085857535318, 0.16644085849199974, 0.16644085849197898]}, "11": {"maxiter": 1000, "fatol": 1e-10, "xatol": 1e-10, "duration": 0.3288462162017822, "fun": "0.16644085848641588", "nit": "687", "nfev": "1126", "status": "0", "success": "True", "message": "Optimization terminated successfully.", "x": "[ 0.62356884  1.52893255  5.07707743  1.01172086  7.14571746 -0.8726719 ]", "final_simplex": "(array([[ 0.62356884,  1.52893255,  5.07707743,  1.01172086,  7.14571746,\n        -0.8726719 ],\n       [ 0.62356884,  1.52893255,  5.07707743,  1.01172086,  7.14571746,\n        -0.8726719 ],\n       [ 0.62356884,  1.52893255,  5.07707743,  1.01172086,  7.14571746,\n        -0.8726719 ],\n       [ 0.62356884,  1.52893255,  5.07707743,  1.01172086,  7.14571746,\n        -0.8726719 ],\n       [ 0.62356884,  1.52893255,  5.07707743,  1.01172086,  7.14571746,\n        -0.8726719 ],\n       [ 0.62356884,  1.52893255,  5.07707743,  1.01172086,  7.14571746,\n        -0.8726719 ],\n       [ 0.62356884,  1.52893255,  5.07707743,  1.01172086,  7.14571746,\n        -0.8726719 ]]), array([0.16644086, 0.16644086, 0.16644086, 0.16644086, 0.16644086,\n       0.16644086, 0.16644086]))", "callback": [0.9195657686451765, 0.7449694891512506, 0.6563421517522071, 0.4972375748704283, 0.4866625108092485, 0.46770370372634806, 0.42280114436464256, 0.3997062050134097, 0.3997062050134097, 0.3924159827992315, 0.3726962643579459, 0.28196775585058875, 0.253973916082851, 0.22836511235197787, 0.22831305159388193, 0.22316268166596487, 0.22296336081159485, 0.22281389978257016, 0.22275225081062722, 0.22266563701508646, 0.22263268376281686, 0.2226179641013981, 0.22260147080715198, 0.22256074823524608, 0.22245166055822585, 0.22187217905470002, 0.21993393659408866, 0.21530943393023394, 0.21138517888714448, 0.20837419746785524, 0.20553507505373103, 0.20238931133180194, 0.19903781579988655, 0.1967436452823732, 0.195403004274588, 0.19366938842085124, 0.19034397814304727, 0.18729327531337492, 0.18114227564415764, 0.17715131620860058, 0.1757444882369681, 0.17145607743525904, 0.1690004592695442, 0.16767115978307456, 0.16659721542558503, 0.16656695869105742, 0.16647361552018813, 0.1664501208068372, 0.16644591685569077, 0.16644308110218153, 0.1664412450165338, 0.1664410979833113, 0.16644089853654198, 0.1664408731700806, 0.16644086238030087, 0.1664408597153464, 0.1664408585777465, 0.16644085857535318, 0.16644085849199974, 0.16644085849197898, 0.16644085848752277, 0.16644085848656276, 0.16644085848645607, 0.16644085848643342, 0.16644085848641976, 0.16644085848641654, 0.16644085848641588, 0.16644085848641588, 0.16644085848641588]}}, "bfgs": {"type": "gradient", "0": {"maxiter": 100, "gtol": 1e-05, "xrtol": 1e-05, "eps": 1e-05, "duration": 0.04854083061218262, "fun": "0.16644085851148505", "jac": "[-3.18500781e-07  9.16045018e-08  1.13542509e-07 -4.61963801e-08\n -1.40254475e-07  2.15771845e-07]", "hess_inv": "[[  2.88639143  -1.63532029   1.90613977  -1.05569157   1.16909773\n   -0.77206691]\n [ -1.63532029  14.18615767 -14.17130339   5.42414253  -4.2267673\n    3.63926408]\n [  1.90613977 -14.17130339  17.26519138  -6.62344454   5.21842029\n   -3.84339588]\n [ -1.05569157   5.42414253  -6.62344454   5.61003037  -1.51024342\n    0.64860952]\n [  1.16909773  -4.2267673    5.21842029  -1.51024342   5.56127276\n   -3.71328498]\n [ -0.77206691   3.63926408  -3.84339588   0.64860952  -3.71328498\n    5.37163225]]", "nfev": "168", "njev": "24", "status": "0", "success": "True", "message": "Optimization terminated successfully.", "x": "[0.62356194 1.52893056 5.07707328 5.27146123 4.00411584 2.26892281]", "nit": "21", "callback": [0.6270164287953677, 0.5738245333076663, 0.49484294489958724, 0.3935214078806486, 0.3415203726290196, 0.28557760695451995, 0.2094465643148069, 0.18420569175544732, 0.17391015451948588, 0.16942081725833624, 0.16819965586522545, 0.1679001372968848, 0.1675497230393519, 0.16730212366406538, 0.16691606478894816, 0.1665462266043234, 0.16645621337667516, 0.1664416008513605, 0.16644089076642454, 0.16644085924269958, 0.16644085851148505]}, "1": {"maxiter": 100, "gtol": 1e-05, "xrtol": 1e-05, "eps": 1e-10, "duration": 0.049062252044677734, "fun": "0.1664408585348358", "jac": "[0.00000000e+00 0.00000000e+00 2.22044587e-06 1.11022293e-06\n 4.44089173e-06 5.55111466e-06]", "hess_inv": "[[  2.8650269   -1.63880038   1.91088859  -1.02151498   1.14510815\n   -0.76871411]\n [ -1.63880038  14.38452298 -14.43245305   5.46547752  -4.32003969\n    3.68342716]\n [  1.91088859 -14.43245305  17.61212657  -6.67782239   5.34077388\n   -3.906335  ]\n [ -1.02151498   5.46547752  -6.67782239   5.5784102   -1.49506196\n    0.65385286]\n [  1.14510815  -4.32003969   5.34077388  -1.49506196   5.57425999\n   -3.73443221]\n [ -0.76871411   3.68342716  -3.906335     0.65385286  -3.73443221\n    5.37907116]]", "nfev": "168", "njev": "24", "status": "0", "success": "True", "message": "Optimization terminated successfully.", "x": "[0.62357416 1.52890718 5.07710894 5.27145231 4.00413977 2.26891993]", "nit": "21", "callback": [0.6270165938753784, 0.5738276993730904, 0.4948485477720893, 0.3935253964893354, 0.3415212023203408, 0.2855823357321787, 0.20945112682883615, 0.1842033774116969, 0.17391063995963907, 0.16942055465864803, 0.16819971611287232, 0.16790015469247643, 0.16754970687901682, 0.16730217993919494, 0.16691618481341064, 0.16654617733661037, 0.1664561875115218, 0.16644160574747546, 0.1664408891465059, 0.16644085910022088, 0.1664408585348358]}, "2": {"maxiter": 100, "gtol": 1e-05, "xrtol": 1e-10, "eps": 1e-05, "duration": 0.04981827735900879, "fun": "0.16644085851148505", "jac": "[-3.18500781e-07  9.16045018e-08  1.13542509e-07 -4.61963801e-08\n -1.40254475e-07  2.15771845e-07]", "hess_inv": "[[  2.88639143  -1.63532029   1.90613977  -1.05569157   1.16909773\n   -0.77206691]\n [ -1.63532029  14.18615767 -14.17130339   5.42414253  -4.2267673\n    3.63926408]\n [  1.90613977 -14.17130339  17.26519138  -6.62344454   5.21842029\n   -3.84339588]\n [ -1.05569157   5.42414253  -6.62344454   5.61003037  -1.51024342\n    0.64860952]\n [  1.16909773  -4.2267673    5.21842029  -1.51024342   5.56127276\n   -3.71328498]\n [ -0.77206691   3.63926408  -3.84339588   0.64860952  -3.71328498\n    5.37163225]]", "nfev": "168", "njev": "24", "status": "0", "success": "True", "message": "Optimization terminated successfully.", "x": "[0.62356194 1.52893056 5.07707328 5.27146123 4.00411584 2.26892281]", "nit": "21", "callback": [0.6270164287953677, 0.5738245333076663, 0.49484294489958724, 0.3935214078806486, 0.3415203726290196, 0.28557760695451995, 0.2094465643148069, 0.18420569175544732, 0.17391015451948588, 0.16942081725833624, 0.16819965586522545, 0.1679001372968848, 0.1675497230393519, 0.16730212366406538, 0.16691606478894816, 0.1665462266043234, 0.16645621337667516, 0.1664416008513605, 0.16644089076642454, 0.16644085924269958, 0.16644085851148505]}, "3": {"maxiter": 100, "gtol": 1e-05, "xrtol": 1e-10, "eps": 1e-10, "duration": 0.04919695854187012, "fun": "0.1664408585348358", "jac": "[0.00000000e+00 0.00000000e+00 2.22044587e-06 1.11022293e-06\n 4.44089173e-06 5.55111466e-06]", "hess_inv": "[[  2.8650269   -1.63880038   1.91088859  -1.02151498   1.14510815\n   -0.76871411]\n [ -1.63880038  14.38452298 -14.43245305   5.46547752  -4.32003969\n    3.68342716]\n [  1.91088859 -14.43245305  17.61212657  -6.67782239   5.34077388\n   -3.906335  ]\n [ -1.02151498   5.46547752  -6.67782239   5.5784102   -1.49506196\n    0.65385286]\n [  1.14510815  -4.32003969   5.34077388  -1.49506196   5.57425999\n   -3.73443221]\n [ -0.76871411   3.68342716  -3.906335     0.65385286  -3.73443221\n    5.37907116]]", "nfev": "168", "njev": "24", "status": "0", "success": "True", "message": "Optimization terminated successfully.", "x": "[0.62357416 1.52890718 5.07710894 5.27145231 4.00413977 2.26891993]", "nit": "21", "callback": [0.6270165938753784, 0.5738276993730904, 0.4948485477720893, 0.3935253964893354, 0.3415212023203408, 0.2855823357321787, 0.20945112682883615, 0.1842033774116969, 0.17391063995963907, 0.16942055465864803, 0.16819971611287232, 0.16790015469247643, 0.16754970687901682, 0.16730217993919494, 0.16691618481341064, 0.16654617733661037, 0.1664561875115218, 0.16644160574747546, 0.1664408891465059, 0.16644085910022088, 0.1664408585348358]}, "4": {"maxiter": 100, "gtol": 1e-10, "xrtol": 1e-05, "eps": 1e-05, "duration": 0.04206585884094238, "fun": "0.16644085851148505", "jac": "[-3.18500781e-07  9.16045018e-08  1.13542509e-07 -4.61963801e-08\n -1.40254475e-07  2.15771845e-07]", "hess_inv": "[[  2.88639143  -1.63532029   1.90613977  -1.05569157   1.16909773\n   -0.77206691]\n [ -1.63532029  14.18615767 -14.17130339   5.42414253  -4.2267673\n    3.63926408]\n [  1.90613977 -14.17130339  17.26519138  -6.62344454   5.21842029\n   -3.84339588]\n [ -1.05569157   5.42414253  -6.62344454   5.61003037  -1.51024342\n    0.64860952]\n [  1.16909773  -4.2267673    5.21842029  -1.51024342   5.56127276\n   -3.71328498]\n [ -0.77206691   3.63926408  -3.84339588   0.64860952  -3.71328498\n    5.37163225]]", "nfev": "168", "njev": "24", "status": "0", "success": "True", "message": "Optimization terminated successfully.", "x": "[0.62356194 1.52893056 5.07707328 5.27146123 4.00411584 2.26892281]", "nit": "21", "callback": [0.6270164287953677, 0.5738245333076663, 0.49484294489958724, 0.3935214078806486, 0.3415203726290196, 0.28557760695451995, 0.2094465643148069, 0.18420569175544732, 0.17391015451948588, 0.16942081725833624, 0.16819965586522545, 0.1679001372968848, 0.1675497230393519, 0.16730212366406538, 0.16691606478894816, 0.1665462266043234, 0.16645621337667516, 0.1664416008513605, 0.16644089076642454, 0.16644085924269958, 0.16644085851148505]}, "5": {"maxiter": 100, "gtol": 1e-10, "xrtol": 1e-05, "eps": 1e-10, "duration": 0.04394388198852539, "fun": "0.1664408585348358", "jac": "[0.00000000e+00 0.00000000e+00 2.22044587e-06 1.11022293e-06\n 4.44089173e-06 5.55111466e-06]", "hess_inv": "[[  2.8650269   -1.63880038   1.91088859  -1.02151498   1.14510815\n   -0.76871411]\n [ -1.63880038  14.38452298 -14.43245305   5.46547752  -4.32003969\n    3.68342716]\n [  1.91088859 -14.43245305  17.61212657  -6.67782239   5.34077388\n   -3.906335  ]\n [ -1.02151498   5.46547752  -6.67782239   5.5784102   -1.49506196\n    0.65385286]\n [  1.14510815  -4.32003969   5.34077388  -1.49506196   5.57425999\n   -3.73443221]\n [ -0.76871411   3.68342716  -3.906335     0.65385286  -3.73443221\n    5.37907116]]", "nfev": "168", "njev": "24", "status": "0", "success": "True", "message": "Optimization terminated successfully.", "x": "[0.62357416 1.52890718 5.07710894 5.27145231 4.00413977 2.26891993]", "nit": "21", "callback": [0.6270165938753784, 0.5738276993730904, 0.4948485477720893, 0.3935253964893354, 0.3415212023203408, 0.2855823357321787, 0.20945112682883615, 0.1842033774116969, 0.17391063995963907, 0.16942055465864803, 0.16819971611287232, 0.16790015469247643, 0.16754970687901682, 0.16730217993919494, 0.16691618481341064, 0.16654617733661037, 0.1664561875115218, 0.16644160574747546, 0.1664408891465059, 0.16644085910022088, 0.1664408585348358]}, "6": {"maxiter": 100, "gtol": 1e-10, "xrtol": 1e-10, "eps": 1e-05, "duration": 0.10098505020141602, "fun": "0.1664408585086521", "jac": "[ 1.50990331e-09 -2.33146835e-09 -1.26565425e-09 -9.10382880e-10\n  1.85407245e-09  3.75255382e-09]", "hess_inv": "[[  2.90093535  -1.52447859   1.79124824  -0.92786789   1.24096438\n   -0.97844067]\n [ -1.52447859  13.96186213 -13.94519765   5.34505617  -4.04520273\n    3.48651395]\n [  1.79124824 -13.94519765  17.03464783  -6.55576675   5.01613103\n   -3.65093217]\n [ -0.92786789   5.34505617  -6.55576675   5.67091784  -1.27502765\n    0.31204558]\n [  1.24096438  -4.04520273   5.01613103  -1.27502765   5.73882528\n   -4.13340454]\n [ -0.97844067   3.48651395  -3.65093217   0.31204558  -4.13340454\n    6.16667068]]", "nfev": "333", "njev": "46", "status": "2", "success": "False", "message": "Desired error not necessarily achieved due to precision loss.", "x": "[0.62356319 1.52892921 5.07707447 5.27146115 4.00411771 2.26892069]", "nit": "23", "callback": [0.6270164287953677, 0.5738245333076663, 0.49484294489958724, 0.3935214078806486, 0.3415203726290196, 0.28557760695451995, 0.2094465643148069, 0.18420569175544732, 0.17391015451948588, 0.16942081725833624, 0.16819965586522545, 0.1679001372968848, 0.1675497230393519, 0.16730212366406538, 0.16691606478894816, 0.1665462266043234, 0.16645621337667516, 0.1664416008513605, 0.16644089076642454, 0.16644085924269958, 0.16644085851148505, 0.16644085850879642, 0.1664408585086521]}, "7": {"maxiter": 100, "gtol": 1e-10, "xrtol": 1e-10, "eps": 1e-10, "duration": 0.09567999839782715, "fun": "0.16644085849179724", "jac": "[ 1.11022293e-06 -1.11022293e-06  0.00000000e+00  0.00000000e+00\n  1.11022293e-06 -1.11022293e-06]", "hess_inv": "[[ 0.1062268   0.08424071 -0.14633542 -0.08250185 -0.00169407 -0.09361349]\n [ 0.08424071  0.15602578 -0.08994313 -0.14103335 -0.00160445 -0.07831503]\n [-0.14633542 -0.08994313  0.42510233  0.08664431  0.02687736  0.18789178]\n [-0.08250185 -0.14103335  0.08664431  0.16313345 -0.00418185  0.0599827 ]\n [-0.00169407 -0.00160445  0.02687736 -0.00418185  0.01888281  0.01577645]\n [-0.09361349 -0.07831503  0.18789178  0.0599827   0.01577645  0.12050446]]", "nfev": "315", "njev": "45", "status": "0", "success": "True", "message": "Optimization terminated successfully.", "x": "[0.62357093 1.52892319 5.07708503 5.27146163 4.00413056 2.26891479]", "nit": "32", "callback": [0.6270165938753784, 0.5738276993730904, 0.4948485477720893, 0.3935253964893354, 0.3415212023203408, 0.2855823357321787, 0.20945112682883615, 0.1842033774116969, 0.17391063995963907, 0.16942055465864803, 0.16819971611287232, 0.16790015469247643, 0.16754970687901682, 0.16730217993919494, 0.16691618481341064, 0.16654617733661037, 0.1664561875115218, 0.16644160574747546, 0.1664408891465059, 0.16644085910022088, 0.1664408585348358, 0.16644085849725743, 0.16644085849535428, 0.16644085849481915, 0.1664408584943946, 0.16644085849403945, 0.16644085849373358, 0.16644085849350665, 0.16644085849290735, 0.16644085849222545, 0.16644085849179724, 0.16644085849179724]}, "8": {"maxiter": 500, "gtol": 1e-05, "xrtol": 1e-05, "eps": 1e-05, "duration": 0.061940908432006836, "fun": "0.16644085851148505", "jac": "[-3.18500781e-07  9.16045018e-08  1.13542509e-07 -4.61963801e-08\n -1.40254475e-07  2.15771845e-07]", "hess_inv": "[[  2.88639143  -1.63532029   1.90613977  -1.05569157   1.16909773\n   -0.77206691]\n [ -1.63532029  14.18615767 -14.17130339   5.42414253  -4.2267673\n    3.63926408]\n [  1.90613977 -14.17130339  17.26519138  -6.62344454   5.21842029\n   -3.84339588]\n [ -1.05569157   5.42414253  -6.62344454   5.61003037  -1.51024342\n    0.64860952]\n [  1.16909773  -4.2267673    5.21842029  -1.51024342   5.56127276\n   -3.71328498]\n [ -0.77206691   3.63926408  -3.84339588   0.64860952  -3.71328498\n    5.37163225]]", "nfev": "168", "njev": "24", "status": "0", "success": "True", "message": "Optimization terminated successfully.", "x": "[0.62356194 1.52893056 5.07707328 5.27146123 4.00411584 2.26892281]", "nit": "21", "callback": [0.6270164287953677, 0.5738245333076663, 0.49484294489958724, 0.3935214078806486, 0.3415203726290196, 0.28557760695451995, 0.2094465643148069, 0.18420569175544732, 0.17391015451948588, 0.16942081725833624, 0.16819965586522545, 0.1679001372968848, 0.1675497230393519, 0.16730212366406538, 0.16691606478894816, 0.1665462266043234, 0.16645621337667516, 0.1664416008513605, 0.16644089076642454, 0.16644085924269958, 0.16644085851148505]}, "9": {"maxiter": 500, "gtol": 1e-05, "xrtol": 1e-05, "eps": 1e-10, "duration": 0.06392335891723633, "fun": "0.1664408585348358", "jac": "[0.00000000e+00 0.00000000e+00 2.22044587e-06 1.11022293e-06\n 4.44089173e-06 5.55111466e-06]", "hess_inv": "[[  2.8650269   -1.63880038   1.91088859  -1.02151498   1.14510815\n   -0.76871411]\n [ -1.63880038  14.38452298 -14.43245305   5.46547752  -4.32003969\n    3.68342716]\n [  1.91088859 -14.43245305  17.61212657  -6.67782239   5.34077388\n   -3.906335  ]\n [ -1.02151498   5.46547752  -6.67782239   5.5784102   -1.49506196\n    0.65385286]\n [  1.14510815  -4.32003969   5.34077388  -1.49506196   5.57425999\n   -3.73443221]\n [ -0.76871411   3.68342716  -3.906335     0.65385286  -3.73443221\n    5.37907116]]", "nfev": "168", "njev": "24", "status": "0", "success": "True", "message": "Optimization terminated successfully.", "x": "[0.62357416 1.52890718 5.07710894 5.27145231 4.00413977 2.26891993]", "nit": "21", "callback": [0.6270165938753784, 0.5738276993730904, 0.4948485477720893, 0.3935253964893354, 0.3415212023203408, 0.2855823357321787, 0.20945112682883615, 0.1842033774116969, 0.17391063995963907, 0.16942055465864803, 0.16819971611287232, 0.16790015469247643, 0.16754970687901682, 0.16730217993919494, 0.16691618481341064, 0.16654617733661037, 0.1664561875115218, 0.16644160574747546, 0.1664408891465059, 0.16644085910022088, 0.1664408585348358]}, "10": {"maxiter": 500, "gtol": 1e-05, "xrtol": 1e-10, "eps": 1e-05, "duration": 0.049462080001831055, "fun": "0.16644085851148505", "jac": "[-3.18500781e-07  9.16045018e-08  1.13542509e-07 -4.61963801e-08\n -1.40254475e-07  2.15771845e-07]", "hess_inv": "[[  2.88639143  -1.63532029   1.90613977  -1.05569157   1.16909773\n   -0.77206691]\n [ -1.63532029  14.18615767 -14.17130339   5.42414253  -4.2267673\n    3.63926408]\n [  1.90613977 -14.17130339  17.26519138  -6.62344454   5.21842029\n   -3.84339588]\n [ -1.05569157   5.42414253  -6.62344454   5.61003037  -1.51024342\n    0.64860952]\n [  1.16909773  -4.2267673   