{"date": "2024/10/08/, 15:27:14", "conf_id": 8, "data_type": "random\n", "num_data_points": 1, "s_rank": 0, "unitary": "[[-0.53618537-0.34368723j,-0.12107031-0.46226139j,-0.07699282-0.46603512j,0.36022595-0.11472301j],[0.26026499-0.63450712j,-0.56616638+0.37832564j,-0.14988651+0.08458591j,0.10363514-0.16008501j],[-0.32580188-0.11070003j,-0.36476308-0.23593218j,0.02559343+0.41761608j,-0.25598305+0.6725303j],[0.07406738-0.0126433j,0.28513701+0.19483972j,-0.74939717-0.10299659j,0.29798249+0.46269921j]]", "databatch_0": {"databatch": "[[[0.18664674-0.20586671j,0.0082868+0.05830784j,0.24829257-0.29379374j,-0.01400689-0.0178309j],[-0.33694511+0.19352878j,0.01374088+0.17041161j,0.02493475+0.36437238j,-0.01675287+0.14985817j],[0.26392997+0.05129105j,-0.16856768-0.23678552j,-0.19455295+0.21013692j,-0.02182336-0.16448424j],[0.22927016-0.06827879j,-0.20484602-0.09937959j,-0.02442271+0.20243956j,-0.0746889-0.10936305j]]]", "initial param values": "[2.40312515,0.93107239,4.88723933,0.48416925,3.85149634,0.67124908]", "nelder_mead": {"type": "gradient-free", "0": {"maxiter": 100, "fatol": 1e-05, "xatol": 1e-05, "duration": 0.06451988220214844, "fun": "0.1946775505203151", "nit": "100", "nfev": "149", "status": "2", "success": "False", "message": "Maximum number of iterations has been exceeded.", "x": "[2.21960408 1.37135415 3.69456927 1.6116304  5.22168488 0.05365516]", "final_simplex": "(array([[2.21960408, 1.37135415, 3.69456927, 1.6116304 , 5.22168488,\n        0.05365516],\n       [2.13730649, 1.43075828, 3.59311425, 1.5927892 , 5.14690696,\n        0.06638334],\n       [2.18706005, 1.38395666, 3.63249399, 1.59371287, 5.2560836 ,\n        0.0628425 ],\n       [2.15802686, 1.29768289, 3.61912708, 1.59862293, 5.10392167,\n        0.09504542],\n       [2.03542888, 1.48710744, 3.74828528, 1.53374911, 5.19407599,\n        0.10282023],\n       [2.19758352, 1.40987142, 3.48199756, 1.62278616, 5.27554433,\n        0.04605055],\n       [2.24763891, 1.28649257, 3.69233954, 1.43754285, 5.11057247,\n        0.15465333]]), array([0.19467755, 0.19531808, 0.19658355, 0.1988329 , 0.19925846,\n       0.20002767, 0.20111913]))", "callback": [0.44070092958601237, 0.42722727929242965, 0.39767455548861275, 0.3632805774678426, 0.354933186593654, 0.3250604877226658, 0.28878722912425003, 0.22357754890783677, 0.2064762693703005, 0.2000276657131107]}, "1": {"maxiter": 100, "fatol": 1e-05, "xatol": 1e-10, "duration": 0.0569310188293457, "fun": "0.1946775505203151", "nit": "100", "nfev": "149", "status": "2", "success": "False", "message": "Maximum number of iterations has been exceeded.", "x": "[2.21960408 1.37135415 3.69456927 1.6116304  5.22168488 0.05365516]", "final_simplex": "(array([[2.21960408, 1.37135415, 3.69456927, 1.6116304 , 5.22168488,\n        0.05365516],\n       [2.13730649, 1.43075828, 3.59311425, 1.5927892 , 5.14690696,\n        0.06638334],\n       [2.18706005, 1.38395666, 3.63249399, 1.59371287, 5.2560836 ,\n        0.0628425 ],\n       [2.15802686, 1.29768289, 3.61912708, 1.59862293, 5.10392167,\n        0.09504542],\n       [2.03542888, 1.48710744, 3.74828528, 1.53374911, 5.19407599,\n        0.10282023],\n       [2.19758352, 1.40987142, 3.48199756, 1.62278616, 5.27554433,\n        0.04605055],\n       [2.24763891, 1.28649257, 3.69233954, 1.43754285, 5.11057247,\n        0.15465333]]), array([0.19467755, 0.19531808, 0.19658355, 0.1988329 , 0.19925846,\n       0.20002767, 0.20111913]))", "callback": [0.44070092958601237, 0.42722727929242965, 0.39767455548861275, 0.3632805774678426, 0.354933186593654, 0.3250604877226658, 0.28878722912425003, 0.22357754890783677, 0.2064762693703005, 0.2000276657131107]}, "2": {"maxiter": 100, "fatol": 1e-10, "xatol": 1e-05, "duration": 0.05741310119628906, "fun": "0.1946775505203151", "nit": "100", "nfev": "149", "status": "2", "success": "False", "message": "Maximum number of iterations has been exceeded.", "x": "[2.21960408 1.37135415 3.69456927 1.6116304  5.22168488 0.05365516]", "final_simplex": "(array([[2.21960408, 1.37135415, 3.69456927, 1.6116304 , 5.22168488,\n        0.05365516],\n       [2.13730649, 1.43075828, 3.59311425, 1.5927892 , 5.14690696,\n        0.06638334],\n       [2.18706005, 1.38395666, 3.63249399, 1.59371287, 5.2560836 ,\n        0.0628425 ],\n       [2.15802686, 1.29768289, 3.61912708, 1.59862293, 5.10392167,\n        0.09504542],\n       [2.03542888, 1.48710744, 3.74828528, 1.53374911, 5.19407599,\n        0.10282023],\n       [2.19758352, 1.40987142, 3.48199756, 1.62278616, 5.27554433,\n        0.04605055],\n       [2.24763891, 1.28649257, 3.69233954, 1.43754285, 5.11057247,\n        0.15465333]]), array([0.19467755, 0.19531808, 0.19658355, 0.1988329 , 0.19925846,\n       0.20002767, 0.20111913]))", "callback": [0.44070092958601237, 0.42722727929242965, 0.39767455548861275, 0.3632805774678426, 0.354933186593654, 0.3250604877226658, 0.28878722912425003, 0.22357754890783677, 0.2064762693703005, 0.2000276657131107]}, "3": {"maxiter": 100, "fatol": 1e-10, "xatol": 1e-10, "duration": 0.0528111457824707, "fun": "0.1946775505203151", "nit": "100", "nfev": "149", "status": "2", "success": "False", "message": "Maximum number of iterations has been exceeded.", "x": "[2.21960408 1.37135415 3.69456927 1.6116304  5.22168488 0.05365516]", "final_simplex": "(array([[2.21960408, 1.37135415, 3.69456927, 1.6116304 , 5.22168488,\n        0.05365516],\n       [2.13730649, 1.43075828, 3.59311425, 1.5927892 , 5.14690696,\n        0.06638334],\n       [2.18706005, 1.38395666, 3.63249399, 1.59371287, 5.2560836 ,\n        0.0628425 ],\n       [2.15802686, 1.29768289, 3.61912708, 1.59862293, 5.10392167,\n        0.09504542],\n       [2.03542888, 1.48710744, 3.74828528, 1.53374911, 5.19407599,\n        0.10282023],\n       [2.19758352, 1.40987142, 3.48199756, 1.62278616, 5.27554433,\n        0.04605055],\n       [2.24763891, 1.28649257, 3.69233954, 1.43754285, 5.11057247,\n        0.15465333]]), array([0.19467755, 0.19531808, 0.19658355, 0.1988329 , 0.19925846,\n       0.20002767, 0.20111913]))", "callback": [0.44070092958601237, 0.42722727929242965, 0.39767455548861275, 0.3632805774678426, 0.354933186593654, 0.3250604877226658, 0.28878722912425003, 0.22357754890783677, 0.2064762693703005, 0.2000276657131107]}, "4": {"maxiter": 500, "fatol": 1e-05, "xatol": 1e-05, "duration": 0.2191600799560547, "fun": "0.1682562569264766", "nit": "355", "nfev": "561", "status": "0", "success": "True", "message": "Optimization terminated successfully.", "x": "[2.20368909 1.95745194 4.24765659 1.47777525 4.8124265  0.08400899]", "final_simplex": "(array([[2.20368909, 1.95745194, 4.24765659, 1.47777525, 4.8124265 ,\n        0.08400899],\n       [2.2036937 , 1.95744903, 4.24765558, 1.47778102, 4.8124268 ,\n        0.08401231],\n       [2.2036878 , 1.95745415, 4.2476477 , 1.47777787, 4.81243184,\n        0.08400923],\n       [2.20368615, 1.95745737, 4.24765976, 1.47777897, 4.81241865,\n        0.08400954],\n       [2.20368705, 1.95745558, 4.24766127, 1.47777497, 4.81242129,\n        0.0840139 ],\n       [2.20369106, 1.95745346, 4.24765502, 1.47777473, 4.81242283,\n        0.08401321],\n       [2.2036933 , 1.95745833, 4.24765692, 1.47777656, 4.81243003,\n        0.08400771]]), array([0.16825626, 0.16825626, 0.16825626, 0.16825626, 0.16825626,\n       0.16825626, 0.16825626]))", "callback": [0.44070092958601237, 0.42722727929242965, 0.39767455548861275, 0.3632805774678426, 0.354933186593654, 0.3250604877226658, 0.28878722912425003, 0.22357754890783677, 0.2064762693703005, 0.2000276657131107, 0.1946775505203151, 0.18856029979616817, 0.17586974121194154, 0.17141243570240183, 0.17082292161423185, 0.17047522479059263, 0.17037884885485854, 0.17036165580672447, 0.17033826183488476, 0.17031462018985621, 0.17021234551771092, 0.16999409701402413, 0.16908605115106456, 0.1685541053504973, 0.16832470790445087, 0.16827822478053223, 0.16826220742427644, 0.16825805929905313, 0.16825673566341648, 0.1682564092811779, 0.16825629646910745, 0.16825626340815558, 0.16825625808394407, 0.1682562571333459, 0.16825625694663615, 0.16825625692890167]}, "5": {"maxiter": 500, "fatol": 1e-05, "xatol": 1e-10, "duration": 0.3087799549102783, "fun": "0.1682562569206204", "nit": "451", "nfev": "779", "status": "0", "success": "True", "message": "Optimization terminated successfully.", "x": "[2.2036895  1.95745441 4.2476543  1.47777992 4.8124266  0.08400929]", "final_simplex": "(array([[2.2036895 , 1.95745441, 4.2476543 , 1.47777992, 4.8124266 ,\n        0.08400929],\n       [2.2036895 , 1.95745441, 4.2476543 , 1.47777992, 4.8124266 ,\n        0.08400929],\n       [2.2036895 , 1.95745441, 4.2476543 , 1.47777992, 4.8124266 ,\n        0.08400929],\n       [2.2036895 , 1.95745441, 4.2476543 , 1.47777992, 4.8124266 ,\n        0.08400929],\n       [2.2036895 , 1.95745441, 4.2476543 , 1.47777992, 4.8124266 ,\n        0.08400929],\n       [2.2036895 , 1.95745441, 4.2476543 , 1.47777992, 4.8124266 ,\n        0.08400929],\n       [2.2036895 , 1.95745441, 4.2476543 , 1.47777992, 4.8124266 ,\n        0.08400929]]), array([0.16825626, 0.16825626, 0.16825626, 0.16825626, 0.16825626,\n       0.16825626, 0.16825626]))", "callback": [0.44070092958601237, 0.42722727929242965, 0.39767455548861275, 0.3632805774678426, 0.354933186593654, 0.3250604877226658, 0.28878722912425003, 0.22357754890783677, 0.2064762693703005, 0.2000276657131107, 0.1946775505203151, 0.18856029979616817, 0.17586974121194154, 0.17141243570240183, 0.17082292161423185, 0.17047522479059263, 0.17037884885485854, 0.17036165580672447, 0.17033826183488476, 0.17031462018985621, 0.17021234551771092, 0.16999409701402413, 0.16908605115106456, 0.1685541053504973, 0.16832470790445087, 0.16827822478053223, 0.16826220742427644, 0.16825805929905313, 0.16825673566341648, 0.1682564092811779, 0.16825629646910745, 0.16825626340815558, 0.16825625808394407, 0.1682562571333459, 0.16825625694663615, 0.16825625692890167, 0.16825625692190016, 0.16825625692099755, 0.16825625692071455, 0.1682562569206394, 0.16825625692062385, 0.1682562569206213, 0.16825625692062052, 0.16825625692062052, 0.16825625692062052, 0.1682562569206204]}, "6": {"maxiter": 500, "fatol": 1e-10, "xatol": 1e-05, "duration": 0.21085596084594727, "fun": "0.1682562569264766", "nit": "355", "nfev": "561", "status": "0", "success": "True", "message": "Optimization terminated successfully.", "x": "[2.20368909 1.95745194 4.24765659 1.47777525 4.8124265  0.08400899]", "final_simplex": "(array([[2.20368909, 1.95745194, 4.24765659, 1.47777525, 4.8124265 ,\n        0.08400899],\n       [2.2036937 , 1.95744903, 4.24765558, 1.47778102, 4.8124268 ,\n        0.08401231],\n       [2.2036878 , 1.95745415, 4.2476477 , 1.47777787, 4.81243184,\n        0.08400923],\n       [2.20368615, 1.95745737, 4.24765976, 1.47777897, 4.81241865,\n        0.08400954],\n       [2.20368705, 1.95745558, 4.24766127, 1.47777497, 4.81242129,\n        0.0840139 ],\n       [2.20369106, 1.95745346, 4.24765502, 1.47777473, 4.81242283,\n        0.08401321],\n       [2.2036933 , 1.95745833, 4.24765692, 1.47777656, 4.81243003,\n        0.08400771]]), array([0.16825626, 0.16825626, 0.16825626, 0.16825626, 0.16825626,\n       0.16825626, 0.16825626]))", "callback": [0.44070092958601237, 0.42722727929242965, 0.39767455548861275, 0.3632805774678426, 0.354933186593654, 0.3250604877226658, 0.28878722912425003, 0.22357754890783677, 0.2064762693703005, 0.2000276657131107, 0.1946775505203151, 0.18856029979616817, 0.17586974121194154, 0.17141243570240183, 0.17082292161423185, 0.17047522479059263, 0.17037884885485854, 0.17036165580672447, 0.17033826183488476, 0.17031462018985621, 0.17021234551771092, 0.16999409701402413, 0.16908605115106456, 0.1685541053504973, 0.16832470790445087, 0.16827822478053223, 0.16826220742427644, 0.16825805929905313, 0.16825673566341648, 0.1682564092811779, 0.16825629646910745, 0.16825626340815558, 0.16825625808394407, 0.1682562571333459, 0.16825625694663615, 0.16825625692890167]}, "7": {"maxiter": 500, "fatol": 1e-10, "xatol": 1e-10, "duration": 0.3057847023010254, "fun": "0.1682562569206204", "nit": "451", "nfev": "779", "status": "0", "success": "True", "message": "Optimization terminated successfully.", "x": "[2.2036895  1.95745441 4.2476543  1.47777992 4.8124266  0.08400929]", "final_simplex": "(array([[2.2036895 , 1.95745441, 4.2476543 , 1.47777992, 4.8124266 ,\n        0.08400929],\n       [2.2036895 , 1.95745441, 4.2476543 , 1.47777992, 4.8124266 ,\n        0.08400929],\n       [2.2036895 , 1.95745441, 4.2476543 , 1.47777992, 4.8124266 ,\n        0.08400929],\n       [2.2036895 , 1.95745441, 4.2476543 , 1.47777992, 4.8124266 ,\n        0.08400929],\n       [2.2036895 , 1.95745441, 4.2476543 , 1.47777992, 4.8124266 ,\n        0.08400929],\n       [2.2036895 , 1.95745441, 4.2476543 , 1.47777992, 4.8124266 ,\n        0.08400929],\n       [2.2036895 , 1.95745441, 4.2476543 , 1.47777992, 4.8124266 ,\n        0.08400929]]), array([0.16825626, 0.16825626, 0.16825626, 0.16825626, 0.16825626,\n       0.16825626, 0.16825626]))", "callback": [0.44070092958601237, 0.42722727929242965, 0.39767455548861275, 0.3632805774678426, 0.354933186593654, 0.3250604877226658, 0.28878722912425003, 0.22357754890783677, 0.2064762693703005, 0.2000276657131107, 0.1946775505203151, 0.18856029979616817, 0.17586974121194154, 0.17141243570240183, 0.17082292161423185, 0.17047522479059263, 0.17037884885485854, 0.17036165580672447, 0.17033826183488476, 0.17031462018985621, 0.17021234551771092, 0.16999409701402413, 0.16908605115106456, 0.1685541053504973, 0.16832470790445087, 0.16827822478053223, 0.16826220742427644, 0.16825805929905313, 0.16825673566341648, 0.1682564092811779, 0.16825629646910745, 0.16825626340815558, 0.16825625808394407, 0.1682562571333459, 0.16825625694663615, 0.16825625692890167, 0.16825625692190016, 0.16825625692099755, 0.16825625692071455, 0.1682562569206394, 0.16825625692062385, 0.1682562569206213, 0.16825625692062052, 0.16825625692062052, 0.16825625692062052, 0.1682562569206204]}, "8": {"maxiter": 1000, "fatol": 1e-05, "xatol": 1e-05, "duration": 0.21166181564331055, "fun": "0.1682562569264766", "nit": "355", "nfev": "561", "status": "0", "success": "True", "message": "Optimization terminated successfully.", "x": "[2.20368909 1.95745194 4.24765659 1.47777525 4.8124265  0.08400899]", "final_simplex": "(array([[2.20368909, 1.95745194, 4.24765659, 1.47777525, 4.8124265 ,\n        0.08400899],\n       [2.2036937 , 1.95744903, 4.24765558, 1.47778102, 4.8124268 ,\n        0.08401231],\n       [2.2036878 , 1.95745415, 4.2476477 , 1.47777787, 4.81243184,\n        0.08400923],\n       [2.20368615, 1.95745737, 4.24765976, 1.47777897, 4.81241865,\n        0.08400954],\n       [2.20368705, 1.95745558, 4.24766127, 1.47777497, 4.81242129,\n        0.0840139 ],\n       [2.20369106, 1.95745346, 4.24765502, 1.47777473, 4.81242283,\n        0.08401321],\n       [2.2036933 , 1.95745833, 4.24765692, 1.47777656, 4.81243003,\n        0.08400771]]), array([0.16825626, 0.16825626, 0.16825626, 0.16825626, 0.16825626,\n       0.16825626, 0.16825626]))", "callback": [0.44070092958601237, 0.42722727929242965, 0.39767455548861275, 0.3632805774678426, 0.354933186593654, 0.3250604877226658, 0.28878722912425003, 0.22357754890783677, 0.2064762693703005, 0.2000276657131107, 0.1946775505203151, 0.18856029979616817, 0.17586974121194154, 0.17141243570240183, 0.17082292161423185, 0.17047522479059263, 0.17037884885485854, 0.17036165580672447, 0.17033826183488476, 0.17031462018985621, 0.17021234551771092, 0.16999409701402413, 0.16908605115106456, 0.1685541053504973, 0.16832470790445087, 0.16827822478053223, 0.16826220742427644, 0.16825805929905313, 0.16825673566341648, 0.1682564092811779, 0.16825629646910745, 0.16825626340815558, 0.16825625808394407, 0.1682562571333459, 0.16825625694663615, 0.16825625692890167]}, "9": {"maxiter": 1000, "fatol": 1e-05, "xatol": 1e-10, "duration": 0.27677297592163086, "fun": "0.1682562569206204", "nit": "451", "nfev": "779", "status": "0", "success": "True", "message": "Optimization terminated successfully.", "x": "[2.2036895  1.95745441 4.2476543  1.47777992 4.8124266  0.08400929]", "final_simplex": "(array([[2.2036895 , 1.95745441, 4.2476543 , 1.47777992, 4.8124266 ,\n        0.08400929],\n       [2.2036895 , 1.95745441, 4.2476543 , 1.47777992, 4.8124266 ,\n        0.08400929],\n       [2.2036895 , 1.95745441, 4.2476543 , 1.47777992, 4.8124266 ,\n        0.08400929],\n       [2.2036895 , 1.95745441, 4.2476543 , 1.47777992, 4.8124266 ,\n        0.08400929],\n       [2.2036895 , 1.95745441, 4.2476543 , 1.47777992, 4.8124266 ,\n        0.08400929],\n       [2.2036895 , 1.95745441, 4.2476543 , 1.47777992, 4.8124266 ,\n        0.08400929],\n       [2.2036895 , 1.95745441, 4.2476543 , 1.47777992, 4.8124266 ,\n        0.08400929]]), array([0.16825626, 0.16825626, 0.16825626, 0.16825626, 0.16825626,\n       0.16825626, 0.16825626]))", "callback": [0.44070092958601237, 0.42722727929242965, 0.39767455548861275, 0.3632805774678426, 0.354933186593654, 0.3250604877226658, 0.28878722912425003, 0.22357754890783677, 0.2064762693703005, 0.2000276657131107, 0.1946775505203151, 0.18856029979616817, 0.17586974121194154, 0.17141243570240183, 0.17082292161423185, 0.17047522479059263, 0.17037884885485854, 0.17036165580672447, 0.17033826183488476, 0.17031462018985621, 0.17021234551771092, 0.16999409701402413, 0.16908605115106456, 0.1685541053504973, 0.16832470790445087, 0.16827822478053223, 0.16826220742427644, 0.16825805929905313, 0.16825673566341648, 0.1682564092811779, 0.16825629646910745, 0.16825626340815558, 0.16825625808394407, 0.1682562571333459, 0.16825625694663615, 0.16825625692890167, 0.16825625692190016, 0.16825625692099755, 0.16825625692071455, 0.1682562569206394, 0.16825625692062385, 0.1682562569206213, 0.16825625692062052, 0.16825625692062052, 0.16825625692062052, 0.1682562569206204]}, "10": {"maxiter": 1000, "fatol": 1e-10, "xatol": 1e-05, "duration": 0.1927480697631836, "fun": "0.1682562569264766", "nit": "355", "nfev": "561", "status": "0", "success": "True", "message": "Optimization terminated successfully.", "x": "[2.20368909 1.95745194 4.24765659 1.47777525 4.8124265  0.08400899]", "final_simplex": "(array([[2.20368909, 1.95745194, 4.24765659, 1.47777525, 4.8124265 ,\n        0.08400899],\n       [2.2036937 , 1.95744903, 4.24765558, 1.47778102, 4.8124268 ,\n        0.08401231],\n       [2.2036878 , 1.95745415, 4.2476477 , 1.47777787, 4.81243184,\n        0.08400923],\n       [2.20368615, 1.95745737, 4.24765976, 1.47777897, 4.81241865,\n        0.08400954],\n       [2.20368705, 1.95745558, 4.24766127, 1.47777497, 4.81242129,\n        0.0840139 ],\n       [2.20369106, 1.95745346, 4.24765502, 1.47777473, 4.81242283,\n        0.08401321],\n       [2.2036933 , 1.95745833, 4.24765692, 1.47777656, 4.81243003,\n        0.08400771]]), array([0.16825626, 0.16825626, 0.16825626, 0.16825626, 0.16825626,\n       0.16825626, 0.16825626]))", "callback": [0.44070092958601237, 0.42722727929242965, 0.39767455548861275, 0.3632805774678426, 0.354933186593654, 0.3250604877226658, 0.28878722912425003, 0.22357754890783677, 0.2064762693703005, 0.2000276657131107, 0.1946775505203151, 0.18856029979616817, 0.17586974121194154, 0.17141243570240183, 0.17082292161423185, 0.17047522479059263, 0.17037884885485854, 0.17036165580672447, 0.17033826183488476, 0.17031462018985621, 0.17021234551771092, 0.16999409701402413, 0.16908605115106456, 0.1685541053504973, 0.16832470790445087, 0.16827822478053223, 0.16826220742427644, 0.16825805929905313, 0.16825673566341648, 0.1682564092811779, 0.16825629646910745, 0.16825626340815558, 0.16825625808394407, 0.1682562571333459, 0.16825625694663615, 0.16825625692890167]}, "11": {"maxiter": 1000, "fatol": 1e-10, "xatol": 1e-10, "duration": 0.28998398780822754, "fun": "0.1682562569206204", "nit": "451", "nfev": "779", "status": "0", "success": "True", "message": "Optimization terminated successfully.", "x": "[2.2036895  1.95745441 4.2476543  1.47777992 4.8124266  0.08400929]", "final_simplex": "(array([[2.2036895 , 1.95745441, 4.2476543 , 1.47777992, 4.8124266 ,\n        0.08400929],\n       [2.2036895 , 1.95745441, 4.2476543 , 1.47777992, 4.8124266 ,\n        0.08400929],\n       [2.2036895 , 1.95745441, 4.2476543 , 1.47777992, 4.8124266 ,\n        0.08400929],\n       [2.2036895 , 1.95745441, 4.2476543 , 1.47777992, 4.8124266 ,\n        0.08400929],\n       [2.2036895 , 1.95745441, 4.2476543 , 1.47777992, 4.8124266 ,\n        0.08400929],\n       [2.2036895 , 1.95745441, 4.2476543 , 1.47777992, 4.8124266 ,\n        0.08400929],\n       [2.2036895 , 1.95745441, 4.2476543 , 1.47777992, 4.8124266 ,\n        0.08400929]]), array([0.16825626, 0.16825626, 0.16825626, 0.16825626, 0.16825626,\n       0.16825626, 0.16825626]))", "callback": [0.44070092958601237, 0.42722727929242965, 0.39767455548861275, 0.3632805774678426, 0.354933186593654, 0.3250604877226658, 0.28878722912425003, 0.22357754890783677, 0.2064762693703005, 0.2000276657131107, 0.1946775505203151, 0.18856029979616817, 0.17586974121194154, 0.17141243570240183, 0.17082292161423185, 0.17047522479059263, 0.17037884885485854, 0.17036165580672447, 0.17033826183488476, 0.17031462018985621, 0.17021234551771092, 0.16999409701402413, 0.16908605115106456, 0.1685541053504973, 0.16832470790445087, 0.16827822478053223, 0.16826220742427644, 0.16825805929905313, 0.16825673566341648, 0.1682564092811779, 0.16825629646910745, 0.16825626340815558, 0.16825625808394407, 0.1682562571333459, 0.16825625694663615, 0.16825625692890167, 0.16825625692190016, 0.16825625692099755, 0.16825625692071455, 0.1682562569206394, 0.16825625692062385, 0.1682562569206213, 0.16825625692062052, 0.16825625692062052, 0.16825625692062052, 0.1682562569206204]}}, "bfgs": {"type": "gradient", "0": {"maxiter": 100, "gtol": 1e-05, "xrtol": 1e-05, "eps": 1e-05, "duration": 0.044246673583984375, "fun": "0.1682562570113365", "jac": "[-6.27364827e-07  1.56744617e-06 -3.42263995e-06  2.20162777e-06\n -2.83353341e-06 -1.25277566e-06]", "hess_inv": "[[ 2.64981225 -1.25916511 -0.88802865  0.18034055  0.6040658  -0.1677734 ]\n [-1.25916511  6.92502007  4.61102138 -0.86335836 -2.10750408  0.33265371]\n [-0.88802865  4.61102138  7.58618696 -1.60224484 -4.58394563  1.03229761]\n [ 0.18034055 -0.86335836 -1.60224484  2.4310436   1.25692845 -0.21973616]\n [ 0.6040658  -2.10750408 -4.58394563  1.25692845  4.73701996 -0.80741119]\n [-0.1677734   0.33265371  1.03229761 -0.21973616 -0.80741119  2.36530955]]", "nfev": "133", "njev": "19", "status": "0", "success": "True", "message": "Optimization terminated successfully.", "x": "[2.20368349 1.95744172 4.24762637 1.47778781 4.81243084 0.08399679]", "nit": "18", "callback": [0.38878627460813897, 0.26177198984441363, 0.2197908127243431, 0.1843769462623568, 0.17365931799223633, 0.16980547421970338, 0.16933308213221643, 0.1691277281709752, 0.16881380365579135, 0.1684991289548533, 0.168334485917213, 0.1682697668275025, 0.1682583614878903, 0.16825648864824938, 0.16825627909082774, 0.1682562596538587, 0.16825625745257322, 0.1682562570113365]}, "1": {"maxiter": 100, "gtol": 1e-05, "xrtol": 1e-05, "eps": 1e-10, "duration": 0.0576939582824707, "fun": "0.1682562569911925", "jac": "[-1.11022293e-06 -1.11022293e-06 -6.66133760e-06 -1.11022293e-06\n -7.77156053e-06 -4.44089235e-06]", "hess_inv": "[[ 2.53442916 -1.19389859 -0.71453455  0.06092711  0.37189474 -0.19198226]\n [-1.19389859  6.75100824  4.37365207 -0.71703384 -1.85311512  0.34925176]\n [-0.71453455  4.37365207  7.07028455 -1.15636567 -4.00279337  0.84910679]\n [ 0.06092711 -0.71703384 -1.15636567  2.16519573  0.82411779 -0.18122575]\n [ 0.37189474 -1.85311512 -4.00279337  0.82411779  4.08665243 -0.71788098]\n [-0.19198226  0.34925176  0.84910679 -0.18122575 -0.71788098  2.38777853]]", "nfev": "133", "njev": "19", "status": "0", "success": "True", "message": "Optimization terminated successfully.", "x": "[2.20368209 1.95744636 4.24762954 1.47778734 4.81243055 0.08400159]", "nit": "18", "callback": [0.3887858848152137, 0.2617722891102754, 0.21979164538039497, 0.18437780682208293, 0.17365988281611977, 0.16980544331728442, 0.16933318371589923, 0.16912779632916963, 0.16881393170398618, 0.1684994553307213, 0.1683344975109361, 0.16826977811430954, 0.16825836969079344, 0.1682564849395375, 0.16825627764873508, 0.16825625941152766, 0.16825625738646643, 0.1682562569911925]}, "2": {"maxiter": 100, "gtol": 1e-05, "xrtol": 1e-10, "eps": 1e-05, "duration": 0.04964303970336914, "fun": "0.1682562570113365", "jac": "[-6.27364827e-07  1.56744617e-06 -3.42263995e-06  2.20162777e-06\n -2.83353341e-06 -1.25277566e-06]", "hess_inv": "[[ 2.64981225 -1.25916511 -0.88802865  0.18034055  0.6040658  -0.1677734 ]\n [-1.25916511  6.92502007  4.61102138 -0.86335836 -2.10750408  0.33265371]\n [-0.88802865  4.61102138  7.58618696 -1.60224484 -4.58394563  1.03229761]\n [ 0.18034055 -0.86335836 -1.60224484  2.4310436   1.25692845 -0.21973616]\n [ 0.6040658  -2.10750408 -4.58394563  1.25692845  4.73701996 -0.80741119]\n [-0.1677734   0.33265371  1.03229761 -0.21973616 -0.80741119  2.36530955]]", "nfev": "133", "njev": "19", "status": "0", "success": "True", "message": "Optimization terminated successfully.", "x": "[2.20368349 1.95744172 4.24762637 1.47778781 4.81243084 0.08399679]", "nit": "18", "callback": [0.38878627460813897, 0.26177198984441363, 0.2197908127243431, 0.1843769462623568, 0.17365931799223633, 0.16980547421970338, 0.16933308213221643, 0.1691277281709752, 0.16881380365579135, 0.1684991289548533, 0.168334485917213, 0.1682697668275025, 0.1682583614878903, 0.16825648864824938, 0.16825627909082774, 0.1682562596538587, 0.16825625745257322, 0.1682562570113365]}, "3": {"maxiter": 100, "gtol": 1e-05, "xrtol": 1e-10, "eps": 1e-10, "duration": 0.04256415367126465, "fun": "0.1682562569911925", "jac": "[-1.11022293e-06 -1.11022293e-06 -6.66133760e-06 -1.11022293e-06\n -7.77156053e-06 -4.44089235e-06]", "hess_inv": "[[ 2.53442916 -1.19389859 -0.71453455  0.06092711  0.37189474 -0.19198226]\n [-1.19389859  6.75100824  4.37365207 -0.71703384 -1.85311512  0.34925176]\n [-0.71453455  4.37365207  7.07028455 -1.15636567 -4.00279337  0.84910679]\n [ 0.06092711 -0.71703384 -1.15636567  2.16519573  0.82411779 -0.18122575]\n [ 0.37189474 -1.85311512 -4.00279337  0.82411779  4.08665243 -0.71788098]\n [-0.19198226  0.34925176  0.84910679 -0.18122575 -0.71788098  2.38777853]]", "nfev": "133", "njev": "19", "status": "0", "success": "True", "message": "Optimization terminated successfully.", "x": "[2.20368209 1.95744636 4.24762954 1.47778734 4.81243055 0.08400159]", "nit": "18", "callback": [0.3887858848152137, 0.2617722891102754, 0.21979164538039497, 0.18437780682208293, 0.17365988281611977, 0.16980544331728442, 0.16933318371589923, 0.16912779632916963, 0.16881393170398618, 0.1684994553307213, 0.1683344975109361, 0.16826977811430954, 0.16825836969079344, 0.1682564849395375, 0.16825627764873508, 0.16825625941152766, 0.16825625738646643, 0.1682562569911925]}, "4": {"maxiter": 100, "gtol": 1e-10, "xrtol": 1e-05, "eps": 1e-05, "duration": 0.04602193832397461, "fun": "0.1682562570113365", "jac": "[-6.27364827e-07  1.56744617e-06 -3.42263995e-06  2.20162777e-06\n -2.83353341e-06 -1.25277566e-06]", "hess_inv": "[[ 2.64981225 -1.25916511 -0.88802865  0.18034055  0.6040658  -0.1677734 ]\n [-1.25916511  6.92502007  4.61102138 -0.86335836 -2.10750408  0.33265371]\n [-0.88802865  4.61102138  7.58618696 -1.60224484 -4.58394563  1.03229761]\n [ 0.18034055 -0.86335836 -1.60224484  2.4310436   1.25692845 -0.21973616]\n [ 0.6040658  -2.10750408 -4.58394563  1.25692845  4.73701996 -0.80741119]\n [-0.1677734   0.33265371  1.03229761 -0.21973616 -0.80741119  2.36530955]]", "nfev": "133", "njev": "19", "status": "0", "success": "True", "message": "Optimization terminated successfully.", "x": "[2.20368349 1.95744172 4.24762637 1.47778781 4.81243084 0.08399679]", "nit": "18", "callback": [0.38878627460813897, 0.26177198984441363, 0.2197908127243431, 0.1843769462623568, 0.17365931799223633, 0.16980547421970338, 0.16933308213221643, 0.1691277281709752, 0.16881380365579135, 0.1684991289548533, 0.168334485917213, 0.1682697668275025, 0.1682583614878903, 0.16825648864824938, 0.16825627909082774, 0.1682562596538587, 0.16825625745257322, 0.1682562570113365]}, "5": {"maxiter": 100, "gtol": 1e-10, "xrtol": 1e-05, "eps": 1e-10, "duration": 0.04511713981628418, "fun": "0.1682562569911925", "jac": "[-1.11022293e-06 -1.11022293e-06 -6.66133760e-06 -1.11022293e-06\n -7.77156053e-06 -4.44089235e-06]", "hess_inv": "[[ 2.53442916 -1.19389859 -0.71453455  0.06092711  0.37189474 -0.19198226]\n [-1.19389859  6.75100824  4.37365207 -0.71703384 -1.85311512  0.34925176]\n [-0.71453455  4.37365207  7.07028455 -1.15636567 -4.00279337  0.84910679]\n [ 0.06092711 -0.71703384 -1.15636567  2.16519573  0.82411779 -0.18122575]\n [ 0.37189474 -1.85311512 -4.00279337  0.82411779  4.08665243 -0.71788098]\n [-0.19198226  0.34925176  0.84910679 -0.18122575 -0.71788098  2.38777853]]", "nfev": "133", "njev": "19", "status": "0", "success": "True", "message": "Optimization terminated successfully.", "x": "[2.20368209 1.95744636 4.24762954 1.47778734 4.81243055 0.08400159]", "nit": "18", "callback": [0.3887858848152137, 0.2617722891102754, 0.21979164538039497, 0.18437780682208293, 0.17365988281611977, 0.16980544331728442, 0.16933318371589923, 0.16912779632916963, 0.16881393170398618, 0.1684994553307213, 0.1683344975109361, 0.16826977811430954, 0.16825836969079344, 0.1682564849395375, 0.16825627764873508, 0.16825625941152766, 0.16825625738646643, 0.1682562569911925]}, "6": {"maxiter": 100, "gtol": 1e-10, "xrtol": 1e-10, "eps": 1e-05, "duration": 0.12813997268676758, "fun": "0.16825625694910207", "jac": "[ 4.51638726e-08 -1.17794663e-08 -5.07593967e-08  2.67563749e-08\n -2.78999046e-08  1.00253139e-07]", "hess_inv": "[[ 2.65855408 -1.24551488 -0.73746027  0.10401721  0.53696094 -0.13475415]\n [-1.24551488  7.08602854  5.01254064 -1.11207772 -2.13318387  0.41499318]\n [-0.73746027  5.01254064  9.0048861  -2.51112009 -4.67590482  1.48068775]\n [ 0.10401721 -1.11207772 -2.51112009  2.9883149   1.37570529 -0.47213882]\n [ 0.53696094 -2.13318387 -4.67590482  1.37570529  4.60812737 -0.93344065]\n [-0.13475415  0.41499318  1.48068775 -0.47213882 -0.93344065  2.47866747]]", "nfev": "381", "njev": "53", "status": "2", "success": "False", "message": "Desired error not necessarily achieved due to precision loss.", "x": "[2.20368624 1.95744301 4.24764273 1.47777777 4.81242739 0.08400338]", "nit": "20", "callback": [0.38878627460813897, 0.26177198984441363, 0.2197908127243431, 0.1843769462623568, 0.17365931799223633, 0.16980547421970338, 0.16933308213221643, 0.1691277281709752, 0.16881380365579135, 0.1684991289548533, 0.168334485917213, 0.1682697668275025, 0.1682583614878903, 0.16825648864824938, 0.16825627909082774, 0.1682562596538587, 0.16825625745257322, 0.1682562570113365, 0.16825625695286028, 0.16825625694910207]}, "7": {"maxiter": 100, "gtol": 1e-10, "xrtol": 1e-10, "eps": 1e-10, "duration": 0.09623384475708008, "fun": "0.16825625692862356", "jac": "[-2.22044587e-06  0.00000000e+00  0.00000000e+00  2.22044587e-06\n  0.00000000e+00  2.22044617e-06]", "hess_inv": "[[  0.99870059  -0.36644639   0.28065957   0.49432945  -0.25235603\n    0.1445211 ]\n [ -0.36644639   1.80697074  -3.95839174   1.53463078   3.08824437\n    1.55305635]\n [  0.28065957  -3.95839174  38.52388883 -11.68148713 -28.36816519\n  -19.52172973]\n [  0.49432945   1.53463078 -11.68148713   4.52902426   8.33749305\n    6.59527562]\n [ -0.25235603   3.08824437 -28.36816519   8.33749305  22.31933222\n   14.74144809]\n [  0.1445211    1.55305635 -19.52172973   6.59527562  14.74144809\n   13.24889935]]", "nfev": "252", "njev": "36", "status": "0", "success": "True", "message": "Optimization terminated successfully.", "x": "[2.20368945 1.95744453 4.24764584 1.47777973 4.81243018 0.08400754]", "nit": "23", "callback": [0.3887858848152137, 0.2617722891102754, 0.21979164538039497, 0.18437780682208293, 0.17365988281611977, 0.16980544331728442, 0.16933318371589923, 0.16912779632916963, 0.16881393170398618, 0.1684994553307213, 0.1683344975109361, 0.16826977811430954, 0.16825836969079344, 0.1682564849395375, 0.16825627764873508, 0.16825625941152766, 0.16825625738646643, 0.1682562569911925, 0.16825625694624902, 0.16825625693191237, 0.16825625692973145, 0.16825625692862356, 0.16825625692862356]}, "8": {"maxiter": 500, "gtol": 1e-05, "xrtol": 1e-05, "eps": 1e-05, "duration": 0.047357797622680664, "fun": "0.1682562570113365", "jac": "[-6.27364827e-07  1.56744617e-06 -3.42263995e-06  2.20162777e-06\n -2.83353341e-06 -1.25277566e-06]", "hess_inv": "[[ 2.64981225 -1.25916511 -0.88802865  0.18034055  0.6040658  -0.1677734 ]\n [-1.25916511  6.92502007  4.61102138 -0.86335836 -2.10750408  0.33265371]\n [-0.88802865  4.61102138  7.58618696 -1.60224484 -4.58394563  1.03229761]\n [ 0.18034055 -0.86335836 -1.60224484  2.4310436   1.25692845 -0.21973616]\n [ 0.6040658  -2.10750408 -4.58394563  1.25692845  4.73701996 -0.80741119]\n [-0.1677734   0.33265371  1.03229761 -0.21973616 -0.80741119  2.36530955]]", "nfev": "133", "njev": "19", "status": "0", "success": "True", "message": "Optimization terminated successfully.", "x": "[2.20368349 1.95744172 4.24762637 1.47778781 4.81243084 0.08399679]", "nit": "18", "callback": [0.38878627460813897, 0.26177198984441363, 0.2197908127243431, 0.1843769462623568, 0.17365931799223633, 0.16980547421970338, 0.16933308213221643, 0.1691277281709752, 0.16881380365579135, 0.1684991289548533, 0.168334485917213, 0.1682697668275025, 0.1682583614878903, 0.16825648864824938, 0.16825627909082774, 0.1682562596538587, 0.16825625745257322, 0.1682562570113365]}, "9": {"maxiter": 500, "gtol": 1e-05, "xrtol": 1e-05, "eps": 1e-10, "duration": 0.046919822692871094, "fun": "0.1682562569911925", "jac": "[-1.11022293e-06 -1.11022293e-06 -6.66133760e-06 -1.11022293e-06\n -7.77156053e-06 -4.44089235e-06]", "hess_inv": "[[ 2.53442916 -1.19389859 -0.71453455  0.06092711  0.37189474 -0.19198226]\n [-1.19389859  6.75100824  4.37365207 -0.71703384 -1.85311512  0.34925176]\n [-0.71453455  4.37365207  7.07028455 -1.15636567 -4.00279337  0.84910679]\n [ 0.06092711 -0.71703384 -1.15636567  2.16519573  0.82411779 -0.18122575]\n [ 0.37189474 -1.85311512 -4.00279337  0.82411779  4.08665243 -0.71788098]\n [-0.19198226  0.34925176  0.84910679 -0.18122575 -0.71788098  2.38777853]]", "nfev": "133", "njev": "19", "status": "0", "success": "True", "message": "Optimization terminated successfully.", "x": "[2.20368209 1.95744636 4.24762954 1.47778734 4.81243055 0.08400159]", "nit": "18", "callback": [0.3887858848152137, 0.2617722891102754, 0.21979164538039497, 0.18437780682208293, 0.17365988281611977, 0.16980544331728442, 0.16933318371589923, 0.16912779632916963, 0.16881393170398618, 0.1684994553307213, 0.1683344975109361, 0.16826977811430954, 0.16825836969079344, 0.1682564849395375, 0.16825627764873508, 0.16825625941152766, 0.16825625738646643, 0.1682562569911925]}, "10": {"maxiter": 500, "gtol": 1e-05, "xrtol": 1e-10, "eps": 1e-05, "duration": 0.05395984649658203, "fun": "0.1682562570113365", "jac": "[-6.27364827e-07  1.56744617e-06 -3.42263995e-06  2.20162777e-06\n -2.83353341e-06 -1.25277566e-06]", "hess_inv": "[[ 2.64981225 -1.25916511 -0.88802865  0.18034055  0.6040658  -0.1677734 ]\n [-1.25916511  6.92502007  4.61102138 -0.86335836 -2.10750408  0.33265371]\n [-0.88802865  4.61102138  7.58618696 -1.60224484 -4.58394563  1.03229761]\n [ 0.18034055 -0.86335836 -1.60224484  2.4310436   1.25692845 -0.21973616]\n [ 0.6040658  -2.10750408 -4.58394563  1.25692845  4.73701996 -0.80741119]\n [-0.1677734   0.33265371  1.03229761 -0.21973616 -0.80741119  2.36530955]]", "nfev": "133", "njev": "19", "status": "0", "success": "True", "message": "Optimization terminated successfully.", "x": "[2.20368349 1.95744172 4.24762637 1.47778781 4.81243084 0.08399679]", "nit": "18", "callback": [0.38878627460813897, 0.26177198984441363, 0.2197908127243431, 0.1843769462623568, 0.17365931799223633, 0.16980547421970338, 0.16933308213221643, 0.1691277281709752, 0.16881380365579135, 0.1684991289548533, 0.168334485917213, 0.1682697668275025, 0.1682583614878903, 0.16825648864824938, 0.16825627909082774, 0.1682562596538587, 0.16825625745257322, 0.1682562570113365]}, "11": {"maxiter": 500, "gtol": 1e-05, "xrtol": 1e-10, "eps": 1e-10, "duration": 0.052664995193481445, "fun": "0.1682562569911925", "jac": "[-1.11022293e-06 -1.11022293e-06 -6.66133760e-06 -1.11022293e-06\n -7.77156053e-06 -4.44089235e-06]", "hess_inv": "[[ 2.53442916 -1.19389859 -0.71453455  0.06092711  0.37189474 -0.19198226]\n [-1.19389859  6.75100824  4.37365207 -0.71703384 -1.85311512  0.34925176]\n [-0.71453455  4.37365207  7.07028455 -1.15636567 -4.00279337  0.84910679]\n [ 0.06092711 -0.71703384 -1.15636567  2.16519573  0.82411779 -0.18122575]\n [ 0.37189474 -1.85311512 -4.00279337  0.82411779  4.08665243 -0.71788098]\n [-0.19198226  0.34925176  0.84910679 -0.18122575 -0.71788098  2.38777853]]", "nfev": "133", "njev": "19", "status": "0", "success": "True", "message": "Optimization terminated successfully.", "x": "[2.20368209 1.95744636 4.24762954 1.47778734 4.81243055 0.08400159]", "nit": "18", "callback": [0.3887858848152137, 0.2617722891102754, 0.21979164538039497, 0.18437780682208293, 0.17365988281611977, 0.16980544331728442, 0.16933318371589923, 0.16912779632916963, 0.16881393170398618, 0.1684994553307213, 0.1683344975109361, 0.16826977811430954, 0.16825836969079344, 0.1682564849395375, 0.16825627764873508, 0.16825625941152766, 0.16825625738646643, 0.1682562569911925]}, "12": {"maxiter": 500, "gtol": 1e-10, "xrtol": 1e-05, "eps": 1e-05, "duration": 0.04511880874633789, "fun": "0.1682562570113365", "jac": "[-6.27364827e-07  1.56744617e-06 -3.42263995e-06  2.20162777e-06\n -2.83353341e-06 -1.25277566e-06]", "hess_inv": "[[ 2.64981225 -1.25916511 -0.88802865  0.18034055  0.6040658  -0.1677734 ]\n [-1.25916511  6.92502007  4.61102138 -0.86335836 -2.10750408  0.33265371]\n [-0.88802865  4.61102138  7.58618696 -1.60224484 -4.58394563  1.03229761]\n [ 0.18034055 -0.86335836 -1.60224484  2.4310436   1.25692845 -0.21973616]\n [ 0.6040658  -2.10750408 -4.58394563  1.25692845  4.73701996 -0.80741119]\n [-0.1677734   0.33265371  1.03229761 -0.21973616 -0.80741119  2.36530955]]", "nfev": "133", "njev": "19", "status": "0", "success": "True", "message": "Optimization terminated successfully.", "x": "[2.20368349 1.95744172 4.24762637 1.47778781 4.81243084 0.08399679]", "nit": "18", "callback": [0.38878627460813897, 0.26177198984441363, 0.2197908127243431, 0.1843769462623568, 0.17365931799223633, 0.16980547421970338, 0.16933308213221643, 0.1691277281709752, 0.16881380365579135, 0.1684991289548533, 0.168334485917213, 0.1682697668275025, 0.1682583614878903, 0.16825648864824938, 0.16825627909082774, 0.1682562596538587, 0.16825625745257322, 0.1682562570113365]}, "13": {"maxiter": 500, "gtol": 1e-10, "xrtol": 1e-05, "eps": 1e-10, "duration": 0.05565905570983887, "fun": "0.1682562569911925", "jac": "[-1.11022293e-06 -1.11022293e-06 -6.66133760e-06 -1.11022293e-06\n -7.77156053e-06 -4.44089235e-06]", "hess_inv": "[[ 2.53442916 -1.19389859 -0.71453455  0.06092711  0.37189474 -0.19198226]\n [-1.19389859  6.75100824  4.37365207 -0.71703384 -1.85311512  0.34925176]\n [-0.71453455  4.37365207  7.07028455 -1.15636567 -4.00279337  0.84910679]\n [ 0.06092711 -0.71703384 -1.15636567  2.16519573  0.82411779 -0.18122575]\n [ 0.37189474 -1.85311512 -4.00279337  0.82411779  4.08665243 -0.71788098]\n [-0.19198226  0.34925176  0.84910679 -0.18122575 -0.71788098  2.38777853]]", "nfev": "133", "njev": "19", "status": "0", "success": "True", "message": "Optimization terminated successfully.", "x": "[2.20368209 1.95744636 4.24762954 1.47778734 4.81243055 0.08400159]", "nit": "18", "callback": [0.3887858848152137, 0.2617722891102754, 0.21979164538039497, 0.18437780682208293, 0.17365988281611977, 0.16980544331728442, 0.16933318371589923, 0.16912779632916963, 0.16881393170398618, 0.1684994553307213, 0.1683344975109