{"date": "2024/09/23/, 20:58:43", "conf_id": 80, "data_type": "orthogonal\n", "num_data_points": 1, "s_rank": 0, "unitary": "[[-0.45070455-0.02711853j,0.78437395-0.06613086j,0.06358678+0.19963393j,-0.07343613+0.35668523j],[-0.01890143-0.03813363j,0.32408202+0.25557629j,0.05872864-0.68979805j,0.55466693-0.20227297j],[-0.11215405+0.64023111j,-0.13344055+0.29565494j,-0.49012687-0.19046288j,-0.04241254+0.44046348j],[0.55771659+0.24656916j,0.31851997-0.05798805j,0.28761525-0.34294258j,-0.56718418+0.03616933j]]", "databatch_0": {"databatch": "[[[-0.45519262-0.19072638j,0.07379944+0.02274156j,0.08834733+0.22174598j,-0.10932711-0.08674573j],[0.2767+0.18767498j,-0.04595749-0.02499511j,-0.02893914-0.15909362j,0.06096902+0.07225975j],[0.19379011+0.14588255j,-0.03240766-0.01975459j,-0.01528218-0.11631515j,0.0415955+0.0545396j],[-0.55498737-0.15802752j,0.08883983+0.01612399j,0.13343946+0.24512064j,-0.13899608-0.08547867j]]]", "initial param values": "[1.98725474,5.32961421,3.42167188,4.02123299,1.77541693,4.9227401]", "nelder_mead": {"type": "gradient-free", "0": {"maxiter": 100, "fatol": 1e-05, "xatol": 1e-05, "duration": 0.0417940616607666, "fun": "0.08824581732208403", "nit": "100", "nfev": "159", "status": "2", "success": "False", "message": "Maximum number of iterations has been exceeded.", "x": "[1.69401443 6.47439475 1.55586584 4.07013103 0.59759966 6.85833598]", "final_simplex": "(array([[1.69401443, 6.47439475, 1.55586584, 4.07013103, 0.59759966,\n        6.85833598],\n       [1.6954012 , 6.47289764, 1.59550312, 4.09145504, 0.60390882,\n        6.83253044],\n       [1.70108454, 6.45768398, 1.55348123, 4.05822262, 0.62187942,\n        6.85259588],\n       [1.69583421, 6.43084926, 1.55061454, 4.04051794, 0.62383496,\n        6.85374391],\n       [1.70218592, 6.44551541, 1.59710784, 4.05833156, 0.6318876 ,\n        6.82704834],\n       [1.69972494, 6.44492341, 1.54999556, 4.06318613, 0.62903409,\n        6.87166624],\n       [1.70510796, 6.41111326, 1.60813935, 4.0464694 , 0.61661521,\n        6.78714071]]), array([0.08824582, 0.08824646, 0.08825096, 0.08831699, 0.08838518,\n       0.0884071 , 0.0884286 ]))", "callback": [0.30664756308853347, 0.2783985107770166, 0.14375665827666784, 0.14375665827666784, 0.11014324016014243, 0.09284558294093925, 0.09062425930172635, 0.08878371230960946, 0.0883169862132297]}, "1": {"maxiter": 100, "fatol": 1e-05, "xatol": 1e-10, "duration": 0.03611421585083008, "fun": "0.08824581732208403", "nit": "100", "nfev": "159", "status": "2", "success": "False", "message": "Maximum number of iterations has been exceeded.", "x": "[1.69401443 6.47439475 1.55586584 4.07013103 0.59759966 6.85833598]", "final_simplex": "(array([[1.69401443, 6.47439475, 1.55586584, 4.07013103, 0.59759966,\n        6.85833598],\n       [1.6954012 , 6.47289764, 1.59550312, 4.09145504, 0.60390882,\n        6.83253044],\n       [1.70108454, 6.45768398, 1.55348123, 4.05822262, 0.62187942,\n        6.85259588],\n       [1.69583421, 6.43084926, 1.55061454, 4.04051794, 0.62383496,\n        6.85374391],\n       [1.70218592, 6.44551541, 1.59710784, 4.05833156, 0.6318876 ,\n        6.82704834],\n       [1.69972494, 6.44492341, 1.54999556, 4.06318613, 0.62903409,\n        6.87166624],\n       [1.70510796, 6.41111326, 1.60813935, 4.0464694 , 0.61661521,\n        6.78714071]]), array([0.08824582, 0.08824646, 0.08825096, 0.08831699, 0.08838518,\n       0.0884071 , 0.0884286 ]))", "callback": [0.30664756308853347, 0.2783985107770166, 0.14375665827666784, 0.14375665827666784, 0.11014324016014243, 0.09284558294093925, 0.09062425930172635, 0.08878371230960946, 0.0883169862132297]}, "2": {"maxiter": 100, "fatol": 1e-10, "xatol": 1e-05, "duration": 0.0359649658203125, "fun": "0.08824581732208403", "nit": "100", "nfev": "159", "status": "2", "success": "False", "message": "Maximum number of iterations has been exceeded.", "x": "[1.69401443 6.47439475 1.55586584 4.07013103 0.59759966 6.85833598]", "final_simplex": "(array([[1.69401443, 6.47439475, 1.55586584, 4.07013103, 0.59759966,\n        6.85833598],\n       [1.6954012 , 6.47289764, 1.59550312, 4.09145504, 0.60390882,\n        6.83253044],\n       [1.70108454, 6.45768398, 1.55348123, 4.05822262, 0.62187942,\n        6.85259588],\n       [1.69583421, 6.43084926, 1.55061454, 4.04051794, 0.62383496,\n        6.85374391],\n       [1.70218592, 6.44551541, 1.59710784, 4.05833156, 0.6318876 ,\n        6.82704834],\n       [1.69972494, 6.44492341, 1.54999556, 4.06318613, 0.62903409,\n        6.87166624],\n       [1.70510796, 6.41111326, 1.60813935, 4.0464694 , 0.61661521,\n        6.78714071]]), array([0.08824582, 0.08824646, 0.08825096, 0.08831699, 0.08838518,\n       0.0884071 , 0.0884286 ]))", "callback": [0.30664756308853347, 0.2783985107770166, 0.14375665827666784, 0.14375665827666784, 0.11014324016014243, 0.09284558294093925, 0.09062425930172635, 0.08878371230960946, 0.0883169862132297]}, "3": {"maxiter": 100, "fatol": 1e-10, "xatol": 1e-10, "duration": 0.036083221435546875, "fun": "0.08824581732208403", "nit": "100", "nfev": "159", "status": "2", "success": "False", "message": "Maximum number of iterations has been exceeded.", "x": "[1.69401443 6.47439475 1.55586584 4.07013103 0.59759966 6.85833598]", "final_simplex": "(array([[1.69401443, 6.47439475, 1.55586584, 4.07013103, 0.59759966,\n        6.85833598],\n       [1.6954012 , 6.47289764, 1.59550312, 4.09145504, 0.60390882,\n        6.83253044],\n       [1.70108454, 6.45768398, 1.55348123, 4.05822262, 0.62187942,\n        6.85259588],\n       [1.69583421, 6.43084926, 1.55061454, 4.04051794, 0.62383496,\n        6.85374391],\n       [1.70218592, 6.44551541, 1.59710784, 4.05833156, 0.6318876 ,\n        6.82704834],\n       [1.69972494, 6.44492341, 1.54999556, 4.06318613, 0.62903409,\n        6.87166624],\n       [1.70510796, 6.41111326, 1.60813935, 4.0464694 , 0.61661521,\n        6.78714071]]), array([0.08824582, 0.08824646, 0.08825096, 0.08831699, 0.08838518,\n       0.0884071 , 0.0884286 ]))", "callback": [0.30664756308853347, 0.2783985107770166, 0.14375665827666784, 0.14375665827666784, 0.11014324016014243, 0.09284558294093925, 0.09062425930172635, 0.08878371230960946, 0.0883169862132297]}, "4": {"maxiter": 500, "fatol": 1e-05, "xatol": 1e-05, "duration": 0.0832221508026123, "fun": "0.08808492112928712", "nit": "219", "nfev": "369", "status": "0", "success": "True", "message": "Optimization terminated successfully.", "x": "[1.69910054 6.47095556 1.57994418 4.07873177 0.58629815 6.80826056]", "final_simplex": "(array([[1.69910054, 6.47095556, 1.57994418, 4.07873177, 0.58629815,\n        6.80826056],\n       [1.69910004, 6.47095446, 1.57993676, 4.07872494, 0.5862974 ,\n        6.80826525],\n       [1.69909975, 6.47095525, 1.57993841, 4.07873065, 0.58629447,\n        6.8082631 ],\n       [1.69910066, 6.47094624, 1.57993829, 4.07872321, 0.58630135,\n        6.80826029],\n       [1.69910126, 6.47095223, 1.57994503, 4.07872503, 0.58629248,\n        6.80825237],\n       [1.69909952, 6.47095621, 1.57994113, 4.07872587, 0.58629634,\n        6.80826515],\n       [1.69909986, 6.47095344, 1.57994411, 4.07872527, 0.58629319,\n        6.80825335]]), array([0.08808492, 0.08808492, 0.08808492, 0.08808492, 0.08808492,\n       0.08808492, 0.08808492]))", "callback": [0.30664756308853347, 0.2783985107770166, 0.14375665827666784, 0.14375665827666784, 0.11014324016014243, 0.09284558294093925, 0.09062425930172635, 0.08878371230960946, 0.0883169862132297, 0.08824581732208403, 0.08813876063741777, 0.08809387031247018, 0.08809112884308634, 0.088085823965104, 0.08808519564258943, 0.08808496408234423, 0.08808493230466463, 0.08808492264426127, 0.08808492166311654, 0.08808492122020462, 0.08808492113502586]}, "5": {"maxiter": 500, "fatol": 1e-05, "xatol": 1e-10, "duration": 0.13976097106933594, "fun": "0.08808492112798305", "nit": "307", "nfev": "577", "status": "0", "success": "True", "message": "Optimization terminated successfully.", "x": "[1.69910054 6.47095357 1.57994187 4.0787278  0.58629864 6.80826126]", "final_simplex": "(array([[1.69910054, 6.47095357, 1.57994187, 4.0787278 , 0.58629864,\n        6.80826126],\n       [1.69910054, 6.47095357, 1.57994187, 4.0787278 , 0.58629864,\n        6.80826126],\n       [1.69910054, 6.47095357, 1.57994187, 4.0787278 , 0.58629864,\n        6.80826126],\n       [1.69910054, 6.47095357, 1.57994187, 4.0787278 , 0.58629864,\n        6.80826126],\n       [1.69910054, 6.47095357, 1.57994187, 4.0787278 , 0.58629864,\n        6.80826126],\n       [1.69910054, 6.47095357, 1.57994187, 4.0787278 , 0.58629864,\n        6.80826126],\n       [1.69910054, 6.47095357, 1.57994187, 4.0787278 , 0.58629864,\n        6.80826126]]), array([0.08808492, 0.08808492, 0.08808492, 0.08808492, 0.08808492,\n       0.08808492, 0.08808492]))", "callback": [0.30664756308853347, 0.2783985107770166, 0.14375665827666784, 0.14375665827666784, 0.11014324016014243, 0.09284558294093925, 0.09062425930172635, 0.08878371230960946, 0.0883169862132297, 0.08824581732208403, 0.08813876063741777, 0.08809387031247018, 0.08809112884308634, 0.088085823965104, 0.08808519564258943, 0.08808496408234423, 0.08808493230466463, 0.08808492264426127, 0.08808492166311654, 0.08808492122020462, 0.08808492113502586, 0.08808492112928712, 0.08808492112842214, 0.08808492112807764, 0.08808492112801769, 0.08808492112798982, 0.08808492112798472, 0.08808492112798372, 0.08808492112798327, 0.08808492112798305]}, "6": {"maxiter": 500, "fatol": 1e-10, "xatol": 1e-05, "duration": 0.09077310562133789, "fun": "0.08808492112928712", "nit": "219", "nfev": "369", "status": "0", "success": "True", "message": "Optimization terminated successfully.", "x": "[1.69910054 6.47095556 1.57994418 4.07873177 0.58629815 6.80826056]", "final_simplex": "(array([[1.69910054, 6.47095556, 1.57994418, 4.07873177, 0.58629815,\n        6.80826056],\n       [1.69910004, 6.47095446, 1.57993676, 4.07872494, 0.5862974 ,\n        6.80826525],\n       [1.69909975, 6.47095525, 1.57993841, 4.07873065, 0.58629447,\n        6.8082631 ],\n       [1.69910066, 6.47094624, 1.57993829, 4.07872321, 0.58630135,\n        6.80826029],\n       [1.69910126, 6.47095223, 1.57994503, 4.07872503, 0.58629248,\n        6.80825237],\n       [1.69909952, 6.47095621, 1.57994113, 4.07872587, 0.58629634,\n        6.80826515],\n       [1.69909986, 6.47095344, 1.57994411, 4.07872527, 0.58629319,\n        6.80825335]]), array([0.08808492, 0.08808492, 0.08808492, 0.08808492, 0.08808492,\n       0.08808492, 0.08808492]))", "callback": [0.30664756308853347, 0.2783985107770166, 0.14375665827666784, 0.14375665827666784, 0.11014324016014243, 0.09284558294093925, 0.09062425930172635, 0.08878371230960946, 0.0883169862132297, 0.08824581732208403, 0.08813876063741777, 0.08809387031247018, 0.08809112884308634, 0.088085823965104, 0.08808519564258943, 0.08808496408234423, 0.08808493230466463, 0.08808492264426127, 0.08808492166311654, 0.08808492122020462, 0.08808492113502586]}, "7": {"maxiter": 500, "fatol": 1e-10, "xatol": 1e-10, "duration": 0.14163684844970703, "fun": "0.08808492112798305", "nit": "307", "nfev": "577", "status": "0", "success": "True", "message": "Optimization terminated successfully.", "x": "[1.69910054 6.47095357 1.57994187 4.0787278  0.58629864 6.80826126]", "final_simplex": "(array([[1.69910054, 6.47095357, 1.57994187, 4.0787278 , 0.58629864,\n        6.80826126],\n       [1.69910054, 6.47095357, 1.57994187, 4.0787278 , 0.58629864,\n        6.80826126],\n       [1.69910054, 6.47095357, 1.57994187, 4.0787278 , 0.58629864,\n        6.80826126],\n       [1.69910054, 6.47095357, 1.57994187, 4.0787278 , 0.58629864,\n        6.80826126],\n       [1.69910054, 6.47095357, 1.57994187, 4.0787278 , 0.58629864,\n        6.80826126],\n       [1.69910054, 6.47095357, 1.57994187, 4.0787278 , 0.58629864,\n        6.80826126],\n       [1.69910054, 6.47095357, 1.57994187, 4.0787278 , 0.58629864,\n        6.80826126]]), array([0.08808492, 0.08808492, 0.08808492, 0.08808492, 0.08808492,\n       0.08808492, 0.08808492]))", "callback": [0.30664756308853347, 0.2783985107770166, 0.14375665827666784, 0.14375665827666784, 0.11014324016014243, 0.09284558294093925, 0.09062425930172635, 0.08878371230960946, 0.0883169862132297, 0.08824581732208403, 0.08813876063741777, 0.08809387031247018, 0.08809112884308634, 0.088085823965104, 0.08808519564258943, 0.08808496408234423, 0.08808493230466463, 0.08808492264426127, 0.08808492166311654, 0.08808492122020462, 0.08808492113502586, 0.08808492112928712, 0.08808492112842214, 0.08808492112807764, 0.08808492112801769, 0.08808492112798982, 0.08808492112798472, 0.08808492112798372, 0.08808492112798327, 0.08808492112798305]}, "8": {"maxiter": 1000, "fatol": 1e-05, "xatol": 1e-05, "duration": 0.08691692352294922, "fun": "0.08808492112928712", "nit": "219", "nfev": "369", "status": "0", "success": "True", "message": "Optimization terminated successfully.", "x": "[1.69910054 6.47095556 1.57994418 4.07873177 0.58629815 6.80826056]", "final_simplex": "(array([[1.69910054, 6.47095556, 1.57994418, 4.07873177, 0.58629815,\n        6.80826056],\n       [1.69910004, 6.47095446, 1.57993676, 4.07872494, 0.5862974 ,\n        6.80826525],\n       [1.69909975, 6.47095525, 1.57993841, 4.07873065, 0.58629447,\n        6.8082631 ],\n       [1.69910066, 6.47094624, 1.57993829, 4.07872321, 0.58630135,\n        6.80826029],\n       [1.69910126, 6.47095223, 1.57994503, 4.07872503, 0.58629248,\n        6.80825237],\n       [1.69909952, 6.47095621, 1.57994113, 4.07872587, 0.58629634,\n        6.80826515],\n       [1.69909986, 6.47095344, 1.57994411, 4.07872527, 0.58629319,\n        6.80825335]]), array([0.08808492, 0.08808492, 0.08808492, 0.08808492, 0.08808492,\n       0.08808492, 0.08808492]))", "callback": [0.30664756308853347, 0.2783985107770166, 0.14375665827666784, 0.14375665827666784, 0.11014324016014243, 0.09284558294093925, 0.09062425930172635, 0.08878371230960946, 0.0883169862132297, 0.08824581732208403, 0.08813876063741777, 0.08809387031247018, 0.08809112884308634, 0.088085823965104, 0.08808519564258943, 0.08808496408234423, 0.08808493230466463, 0.08808492264426127, 0.08808492166311654, 0.08808492122020462, 0.08808492113502586]}, "9": {"maxiter": 1000, "fatol": 1e-05, "xatol": 1e-10, "duration": 0.14364004135131836, "fun": "0.08808492112798305", "nit": "307", "nfev": "577", "status": "0", "success": "True", "message": "Optimization terminated successfully.", "x": "[1.69910054 6.47095357 1.57994187 4.0787278  0.58629864 6.80826126]", "final_simplex": "(array([[1.69910054, 6.47095357, 1.57994187, 4.0787278 , 0.58629864,\n        6.80826126],\n       [1.69910054, 6.47095357, 1.57994187, 4.0787278 , 0.58629864,\n        6.80826126],\n       [1.69910054, 6.47095357, 1.57994187, 4.0787278 , 0.58629864,\n        6.80826126],\n       [1.69910054, 6.47095357, 1.57994187, 4.0787278 , 0.58629864,\n        6.80826126],\n       [1.69910054, 6.47095357, 1.57994187, 4.0787278 , 0.58629864,\n        6.80826126],\n       [1.69910054, 6.47095357, 1.57994187, 4.0787278 , 0.58629864,\n        6.80826126],\n       [1.69910054, 6.47095357, 1.57994187, 4.0787278 , 0.58629864,\n        6.80826126]]), array([0.08808492, 0.08808492, 0.08808492, 0.08808492, 0.08808492,\n       0.08808492, 0.08808492]))", "callback": [0.30664756308853347, 0.2783985107770166, 0.14375665827666784, 0.14375665827666784, 0.11014324016014243, 0.09284558294093925, 0.09062425930172635, 0.08878371230960946, 0.0883169862132297, 0.08824581732208403, 0.08813876063741777, 0.08809387031247018, 0.08809112884308634, 0.088085823965104, 0.08808519564258943, 0.08808496408234423, 0.08808493230466463, 0.08808492264426127, 0.08808492166311654, 0.08808492122020462, 0.08808492113502586, 0.08808492112928712, 0.08808492112842214, 0.08808492112807764, 0.08808492112801769, 0.08808492112798982, 0.08808492112798472, 0.08808492112798372, 0.08808492112798327, 0.08808492112798305]}, "10": {"maxiter": 1000, "fatol": 1e-10, "xatol": 1e-05, "duration": 0.08689093589782715, "fun": "0.08808492112928712", "nit": "219", "nfev": "369", "status": "0", "success": "True", "message": "Optimization terminated successfully.", "x": "[1.69910054 6.47095556 1.57994418 4.07873177 0.58629815 6.80826056]", "final_simplex": "(array([[1.69910054, 6.47095556, 1.57994418, 4.07873177, 0.58629815,\n        6.80826056],\n       [1.69910004, 6.47095446, 1.57993676, 4.07872494, 0.5862974 ,\n        6.80826525],\n       [1.69909975, 6.47095525, 1.57993841, 4.07873065, 0.58629447,\n        6.8082631 ],\n       [1.69910066, 6.47094624, 1.57993829, 4.07872321, 0.58630135,\n        6.80826029],\n       [1.69910126, 6.47095223, 1.57994503, 4.07872503, 0.58629248,\n        6.80825237],\n       [1.69909952, 6.47095621, 1.57994113, 4.07872587, 0.58629634,\n        6.80826515],\n       [1.69909986, 6.47095344, 1.57994411, 4.07872527, 0.58629319,\n        6.80825335]]), array([0.08808492, 0.08808492, 0.08808492, 0.08808492, 0.08808492,\n       0.08808492, 0.08808492]))", "callback": [0.30664756308853347, 0.2783985107770166, 0.14375665827666784, 0.14375665827666784, 0.11014324016014243, 0.09284558294093925, 0.09062425930172635, 0.08878371230960946, 0.0883169862132297, 0.08824581732208403, 0.08813876063741777, 0.08809387031247018, 0.08809112884308634, 0.088085823965104, 0.08808519564258943, 0.08808496408234423, 0.08808493230466463, 0.08808492264426127, 0.08808492166311654, 0.08808492122020462, 0.08808492113502586]}, "11": {"maxiter": 1000, "fatol": 1e-10, "xatol": 1e-10, "duration": 0.15167808532714844, "fun": "0.08808492112798305", "nit": "307", "nfev": "577", "status": "0", "success": "True", "message": "Optimization terminated successfully.", "x": "[1.69910054 6.47095357 1.57994187 4.0787278  0.58629864 6.80826126]", "final_simplex": "(array([[1.69910054, 6.47095357, 1.57994187, 4.0787278 , 0.58629864,\n        6.80826126],\n       [1.69910054, 6.47095357, 1.57994187, 4.0787278 , 0.58629864,\n        6.80826126],\n       [1.69910054, 6.47095357, 1.57994187, 4.0787278 , 0.58629864,\n        6.80826126],\n       [1.69910054, 6.47095357, 1.57994187, 4.0787278 , 0.58629864,\n        6.80826126],\n       [1.69910054, 6.47095357, 1.57994187, 4.0787278 , 0.58629864,\n        6.80826126],\n       [1.69910054, 6.47095357, 1.57994187, 4.0787278 , 0.58629864,\n        6.80826126],\n       [1.69910054, 6.47095357, 1.57994187, 4.0787278 , 0.58629864,\n        6.80826126]]), array([0.08808492, 0.08808492, 0.08808492, 0.08808492, 0.08808492,\n       0.08808492, 0.08808492]))", "callback": [0.30664756308853347, 0.2783985107770166, 0.14375665827666784, 0.14375665827666784, 0.11014324016014243, 0.09284558294093925, 0.09062425930172635, 0.08878371230960946, 0.0883169862132297, 0.08824581732208403, 0.08813876063741777, 0.08809387031247018, 0.08809112884308634, 0.088085823965104, 0.08808519564258943, 0.08808496408234423, 0.08808493230466463, 0.08808492264426127, 0.08808492166311654, 0.08808492122020462, 0.08808492113502586, 0.08808492112928712, 0.08808492112842214, 0.08808492112807764, 0.08808492112801769, 0.08808492112798982, 0.08808492112798472, 0.08808492112798372, 0.08808492112798327, 0.08808492112798305]}}, "bfgs": {"type": "gradient", "0": {"maxiter": 100, "gtol": 1e-05, "xrtol": 1e-05, "eps": 1e-05, "duration": 0.03404808044433594, "fun": "0.08808492194193551", "jac": "[ 5.52524693e-07 -6.04837291e-06 -3.83901799e-06 -2.86408675e-06\n  7.33996197e-06  1.95139460e-06]", "hess_inv": "[[ 2.08393503 -0.82683139  1.84438176 -0.37680972  0.43949551 -1.47634944]\n [-0.82683139 10.51098035 -6.68271257  4.86131943 -4.28487997  3.14414565]\n [ 1.84438176 -6.68271257 11.37018163 -1.82062042  0.65530568 -8.15042416]\n [-0.37680972  4.86131943 -1.82062042  4.90462933 -2.72356844  0.55552835]\n [ 0.43949551 -4.28487997  0.65530568 -2.72356844  3.48639806  0.73729588]\n [-1.47634944  3.14414565 -8.15042416  0.55552835  0.73729588  8.49182787]]", "nfev": "140", "njev": "20", "status": "0", "success": "True", "message": "Optimization terminated successfully.", "x": "[0.98490813 6.56317402 1.51198895 4.53108584 1.17707115 7.23202595]", "nit": "19", "callback": [0.08945515339257981]}, "1": {"maxiter": 100, "gtol": 1e-05, "xrtol": 1e-05, "eps": 1e-10, "duration": 0.03422093391418457, "fun": "0.08808492170705495", "jac": "[ 8.88178346e-06 -3.33066880e-06 -1.11022293e-06  2.22044587e-06\n  7.77156053e-06  9.99200639e-06]", "hess_inv": "[[ 2.09072192 -0.89002296  1.88099227 -0.41129294  0.46503322 -1.50000029]\n [-0.89002296 10.5413446  -6.69987229  4.81081354 -4.32300134  3.13594011]\n [ 1.88099227 -6.69987229 11.37856267 -1.78660548  0.67546153 -8.14519497]\n [-0.41129294  4.81081354 -1.78660548  4.83072405 -2.72114106  0.52060578]\n [ 0.46503322 -4.32300134  0.67546153 -2.72114106  3.51270495  0.73257724]\n [-1.50000029  3.13594011 -8.14519497  0.52060578  0.73257724  8.4815295 ]]", "nfev": "140", "njev": "20", "status": "0", "success": "True", "message": "Optimization terminated successfully.", "x": "[0.98480001 6.56327649 1.51191499 4.53122225 1.17712031 7.23211205]", "nit": "19", "callback": [0.08945619298865104]}, "2": {"maxiter": 100, "gtol": 1e-05, "xrtol": 1e-10, "eps": 1e-05, "duration": 0.03292989730834961, "fun": "0.08808492194193551", "jac": "[ 5.52524693e-07 -6.04837291e-06 -3.83901799e-06 -2.86408675e-06\n  7.33996197e-06  1.95139460e-06]", "hess_inv": "[[ 2.08393503 -0.82683139  1.84438176 -0.37680972  0.43949551 -1.47634944]\n [-0.82683139 10.51098035 -6.68271257  4.86131943 -4.28487997  3.14414565]\n [ 1.84438176 -6.68271257 11.37018163 -1.82062042  0.65530568 -8.15042416]\n [-0.37680972  4.86131943 -1.82062042  4.90462933 -2.72356844  0.55552835]\n [ 0.43949551 -4.28487997  0.65530568 -2.72356844  3.48639806  0.73729588]\n [-1.47634944  3.14414565 -8.15042416  0.55552835  0.73729588  8.49182787]]", "nfev": "140", "njev": "20", "status": "0", "success": "True", "message": "Optimization terminated successfully.", "x": "[0.98490813 6.56317402 1.51198895 4.53108584 1.17707115 7.23202595]", "nit": "19", "callback": [0.08945515339257981]}, "3": {"maxiter": 100, "gtol": 1e-05, "xrtol": 1e-10, "eps": 1e-10, "duration": 0.03396487236022949, "fun": "0.08808492170705495", "jac": "[ 8.88178346e-06 -3.33066880e-06 -1.11022293e-06  2.22044587e-06\n  7.77156053e-06  9.99200639e-06]", "hess_inv": "[[ 2.09072192 -0.89002296  1.88099227 -0.41129294  0.46503322 -1.50000029]\n [-0.89002296 10.5413446  -6.69987229  4.81081354 -4.32300134  3.13594011]\n [ 1.88099227 -6.69987229 11.37856267 -1.78660548  0.67546153 -8.14519497]\n [-0.41129294  4.81081354 -1.78660548  4.83072405 -2.72114106  0.52060578]\n [ 0.46503322 -4.32300134  0.67546153 -2.72114106  3.51270495  0.73257724]\n [-1.50000029  3.13594011 -8.14519497  0.52060578  0.73257724  8.4815295 ]]", "nfev": "140", "njev": "20", "status": "0", "success": "True", "message": "Optimization terminated successfully.", "x": "[0.98480001 6.56327649 1.51191499 4.53122225 1.17712031 7.23211205]", "nit": "19", "callback": [0.08945619298865104]}, "4": {"maxiter": 100, "gtol": 1e-10, "xrtol": 1e-05, "eps": 1e-05, "duration": 0.037336111068725586, "fun": "0.08808492115265087", "jac": "[-9.51383416e-07  5.57986990e-07  4.14857038e-07  4.03677092e-07\n  1.22979404e-06 -6.85895785e-08]", "hess_inv": "[[ 2.05380339 -0.7676405   1.85317816 -0.36543452  0.38658918 -1.50592052]\n [-0.7676405  11.32931277 -6.60443859  5.39629425 -4.95784279  2.78387966]\n [ 1.85317816 -6.60443859 11.37738106 -1.76713189  0.59121408 -8.18461576]\n [-0.36543452  5.39629425 -1.76713189  5.21785306 -3.17620862  0.31271515]\n [ 0.38658918 -4.95784279  0.59121408 -3.17620862  4.03340789  1.03029263]\n [-1.50592052  2.78387966 -8.18461576  0.31271515  1.03029263  8.64870485]]", "nfev": "154", "njev": "22", "status": "0", "success": "True", "message": "Optimization terminated successfully.", "x": "[0.98490852 6.56326403 1.51199823 4.53114955 1.1770025  7.23198865]", "nit": "21", "callback": [0.08945515339257981, 0.08808492116828803]}, "5": {"maxiter": 100, "gtol": 1e-10, "xrtol": 1e-05, "eps": 1e-10, "duration": 0.043515920639038086, "fun": "0.08808492114622535", "jac": "[-4.44089173e-06  0.00000000e+00 -2.22044587e-06  0.00000000e+00\n  0.00000000e+00  0.00000000e+00]", "hess_inv": "[[ 2.0901248  -0.82493136  1.70037949 -0.4239134   0.51608677 -1.33101312]\n [-0.82493136 10.02471318 -6.75211813  4.57476249 -3.96059665  3.50991009]\n [ 1.70037949 -6.75211813 12.12852714 -1.7363115   0.23049975 -8.82653406]\n [-0.4239134   4.57476249 -1.7363115   4.71533338 -2.61685587  0.64425059]\n [ 0.51608677 -3.96059665  0.23049975 -2.61685587  3.55236957  0.95095222]\n [-1.33101312  3.50991009 -8.82653406  0.64425059  0.95095222  8.85868169]]", "nfev": "182", "njev": "26", "status": "0", "success": "True", "message": "Optimization terminated successfully.", "x": "[0.98479093 6.56329949 1.51197845 4.53124431 1.17707044 7.23202844]", "nit": "21", "callback": [0.08945619298865104, 0.08808492115313582]}, "6": {"maxiter": 100, "gtol": 1e-10, "xrtol": 1e-10, "eps": 1e-05, "duration": 0.0947120189666748, "fun": "0.08808492114088895", "jac": "[ 5.43076695e-07  5.15065768e-07  2.00306438e-07  2.56846766e-06\n  1.14994680e-06 -4.64983607e-07]", "hess_inv": "[[ 64.85212498   0.69610002  11.83171539 -32.44207794 -45.81384863\n  -26.77702897]\n [  0.69610002   8.32188536  -6.27296094   1.17751752  -4.56436892\n    2.90389858]\n [ 11.83171539  -6.27296094  12.95778362  -6.74841078  -6.79593986\n  -12.22175818]\n [-32.44207794   1.17751752  -6.74841078  17.6368193   22.09779937\n   14.02802352]\n [-45.81384863  -4.56436892  -6.79593986  22.09779937  37.31035187\n   19.27801043]\n [-26.77702897   2.90389858 -12.22175818  14.02802352  19.27801043\n   18.65186053]]", "nfev": "403", "njev": "56", "status": "2", "success": "False", "message": "Desired error not necessarily achieved due to precision loss.", "x": "[0.98493977 6.56326922 1.51200297 4.53113878 1.17697743 7.23197509]", "nit": "24", "callback": [0.08945515339257981, 0.08808492116828803]}, "7": {"maxiter": 100, "gtol": 1e-10, "xrtol": 1e-10, "eps": 1e-10, "duration": 0.1347661018371582, "fun": "0.08808492114606137", "jac": "[ 0.00000000e+00 -1.11022293e-06  1.11022293e-06 -1.11022293e-06\n  0.00000000e+00  1.11022293e-06]", "hess_inv": "[[ 0.0018952   0.00361367  0.0045063   0.00211765 -0.00844132  0.00397134]\n [ 0.00361367  0.01758687  0.00453358  0.00304599 -0.02582316  0.01354205]\n [ 0.0045063   0.00453358  0.01393162  0.00535887 -0.01623057  0.00683433]\n [ 0.00211765  0.00304599  0.00535887  0.00416816 -0.01092777  0.00451066]\n [-0.00844132 -0.02582316 -0.01623057 -0.01092777  0.05027489 -0.02427414]\n [ 0.00397134  0.01354205  0.00683433  0.00451066 -0.02427414  0.01213527]]", "nfev": "579", "njev": "81", "status": "2", "success": "False", "message": "Desired error not necessarily achieved due to precision loss.", "x": "[0.98479097 6.56329948 1.51197858 4.53124432 1.1770703  7.2320285 ]", "nit": "29", "callback": [0.08945619298865104, 0.08808492115313582]}, "8": {"maxiter": 500, "gtol": 1e-05, "xrtol": 1e-05, "eps": 1e-05, "duration": 0.0651090145111084, "fun": "0.08808492194193551", "jac": "[ 5.52524693e-07 -6.04837291e-06 -3.83901799e-06 -2.86408675e-06\n  7.33996197e-06  1.95139460e-06]", "hess_inv": "[[ 2.08393503 -0.82683139  1.84438176 -0.37680972  0.43949551 -1.47634944]\n [-0.82683139 10.51098035 -6.68271257  4.86131943 -4.28487997  3.14414565]\n [ 1.84438176 -6.68271257 11.37018163 -1.82062042  0.65530568 -8.15042416]\n [-0.37680972  4.86131943 -1.82062042  4.90462933 -2.72356844  0.55552835]\n [ 0.43949551 -4.28487997  0.65530568 -2.72356844  3.48639806  0.73729588]\n [-1.47634944  3.14414565 -8.15042416  0.55552835  0.73729588  8.49182787]]", "nfev": "140", "njev": "20", "status": "0", "success": "True", "message": "Optimization terminated successfully.", "x": "[0.98490813 6.56317402 1.51198895 4.53108584 1.17707115 7.23202595]", "nit": "19", "callback": [0.08945515339257981]}, "9": {"maxiter": 500, "gtol": 1e-05, "xrtol": 1e-05, "eps": 1e-10, "duration": 0.03920412063598633, "fun": "0.08808492170705495", "jac": "[ 8.88178346e-06 -3.33066880e-06 -1.11022293e-06  2.22044587e-06\n  7.77156053e-06  9.99200639e-06]", "hess_inv": "[[ 2.09072192 -0.89002296  1.88099227 -0.41129294  0.46503322 -1.50000029]\n [-0.89002296 10.5413446  -6.69987229  4.81081354 -4.32300134  3.13594011]\n [ 1.88099227 -6.69987229 11.37856267 -1.78660548  0.67546153 -8.14519497]\n [-0.41129294  4.81081354 -1.78660548  4.83072405 -2.72114106  0.52060578]\n [ 0.46503322 -4.32300134  0.67546153 -2.72114106  3.51270495  0.73257724]\n [-1.50000029  3.13594011 -8.14519497  0.52060578  0.73257724  8.4815295 ]]", "nfev": "140", "njev": "20", "status": "0", "success": "True", "message": "Optimization terminated successfully.", "x": "[0.98480001 6.56327649 1.51191499 4.53122225 1.17712031 7.23211205]", "nit": "19", "callback": [0.08945619298865104]}, "10": {"maxiter": 500, "gtol": 1e-05, "xrtol": 1e-10, "eps": 1e-05, "duration": 0.03347897529602051, "fun": "0.08808492194193551", "jac": "[ 5.52524693e-07 -6.04837291e-06 -3.83901799e-06 -2.86408675e-06\n  7.33996197e-06  1.95139460e-06]", "hess_inv": "[[ 2.08393503 -0.82683139  1.84438176 -0.37680972  0.43949551 -1.47634944]\n [-0.82683139 10.51098035 -6.68271257  4.86131943 -4.28487997  3.14414565]\n [ 1.84438176 -6.68271257 11.37018163 -1.82062042  0.65530568 -8.15042416]\n [-0.37680972  4.86131943 -1.82062042  4.90462933 -2.72356844  0.55552835]\n [ 0.43949551 -4.28487997  0.65530568 -2.72356844  3.48639806  0.73729588]\n [-1.47634944  3.14414565 -8.15042416  0.55552835  0.73729588  8.49182787]]", "nfev": "140", "njev": "20", "status": "0", "success": "True", "message": "Optimization terminated successfully.", "x": "[0.98490813 6.56317402 1.51198895 4.53108584 1.17707115 7.23202595]", "nit": "19", "callback": [0.08945515339257981]}, "11": {"maxiter": 500, "gtol": 1e-05, "xrtol": 1e-10, "eps": 1e-10, "duration": 0.03354191780090332, "fun": "0.08808492170705495", "jac": "[ 8.88178346e-06 -3.33066880e-06 -1.11022293e-06  2.22044587e-06\n  7.77156053e-06  9.99200639e-06]", "hess_inv": "[[ 2.09072192 -0.89002296  1.88099227 -0.41129294  0.46503322 -1.50000029]\n [-0.89002296 10.5413446  -6.69987229  4.81081354 -4.32300134  3.13594011]\n [ 1.88099227 -6.69987229 11.37856267 -1.78660548  0.67546153 -8.14519497]\n [-0.41129294  4.81081354 -1.78660548  4.83072405 -2.72114106  0.52060578]\n [ 0.46503322 -4.32300134  0.67546153 -2.72114106  3.51270495  0.73257724]\n [-1.50000029  3.13594011 -8.14519497  0.52060578  0.73257724  8.4815295 ]]", "nfev": "140", "njev": "20", "status": "0", "success": "True", "message": "Optimization terminated successfully.", "x": "[0.98480001 6.56327649 1.51191499 4.53122225 1.17712031 7.23211205]", "nit": "19", "callback": [0.08945619298865104]}, "12": {"maxiter": 500, "gtol": 1e-10, "xrtol": 1e-05, "eps": 1e-05, "duration": 0.036837100982666016, "fun": "0.08808492115265087", "jac": "[-9.51383416e-07  5.57986990e-07  4.14857038e-07  4.03677092e-07\n  1.22979404e-06 -6.85895785e-08]", "hess_inv": "[[ 2.05380339 -0.7676405   1.85317816 -0.36543452  0.38658918 -1.50592052]\n [-0.7676405  11.32931277 -6.60443859  5.39629425 -4.95784279  2.78387966]\n [ 1.85317816 -6.60443859 11.37738106 -1.76713189  0.59121408 -8.18461576]\n [-0.36543452  5.39629425 -1.76713189  5.21785306 -3.17620862  0.31271515]\n [ 0.38658918 -4.95784279  0.59121408 -3.17620862  4.03340789  1.03029263]\n [-1.50592052  2.78387966 -8.18461576  0.31271515  1.03029263  8.64870485]]", "nfev": "154", "njev": "22", "status": "0", "success": "True", "message": "Optimization terminated successfully.", "x": "[0.98490852 6.56326403 1.51199823 4.53114955 1.1770025  7.23198865]", "nit": "21", "callback": [0.08945515339257981, 0.08808492116828803]}, "13": {"maxiter": 500, "gtol": 1e-10, "xrtol": 1e-05, "eps": 1e-10, "duration": 0.04314899444580078, "fun": "0.08808492114622535", "jac": "[-4.44089173e-06  0.00000000e+00 -2.22044587e-06  0.00000000e+00\n  0.00000000e+00  0.00000000e+00]", "hess_inv": "[[ 2.0901248  -0.82493136  1.70037949 -0.4239134   0.51608677 -1.33101312]\n [-0.82493136 10.02471318 -6.75211813  4.57476249 -3.96059665  3.50991009]\n [ 1.70037949 -6.75211813 12.12852714 -1.7363115   0.23049975 -8.82653406]\n [-0.4239134   4.57476249 -1.7363115   4.71533338 -2.61685587  0.64425059]\n [ 0.51608677 -3.96059665  0.23049975 -2.61685587  3.55236957  0.95095222]\n [-1.33101312  3.50991009 -8.82653406  0.64425059  0.95095222  8.85868169]]", "nfev": "182", "njev": "26", "status": "0", "success": "True", "message": "Optimization terminated successfully.", "x": "[0.98479093 6.56329949 1.51197845 4.53124431 1.17707044 7.23202844]", "nit": "21", "callback": [0.08945619298865104, 0.08808492115313582]}, "14": {"maxiter": 500, "gtol": 1e-10, "xrtol": 1e-10, "eps": 1e-05, "duration": 0.09327411651611328, "fun": "0.08808492114088895", "jac": "[ 5.43076695e-07  5.15065768e-07  2.00306438e-07  2.56846766e-06\n  1.14994680e-06 -4.64983607e-07]", "hess_inv": "[[ 64.85212498   0.69610002  11.83171539 -32.44207794 -45.81384863\n  -26.77702897]\n [  0.69610002   8.32188536  -6.27296094   1.17751752  -4.56436892\n    2.90389858]\n [ 11.83171539  -6.27296094  12.95778362  -6.74841078  -6.79593986\n  -12.22175818]\n [-32.44207794   1.17751752  -6.74841078  17.6368193   22.09779937\n   14.02802352]\n [-45.81384863  -4.56436892  -6.79593986  22.09779937  37.31035187\n   19.27801043]\n [-26.77702897   2.90389858 -12.22175818  14.02802352  19.27801043\n   18.65186053]]", "nfev": "403", "njev": "56", "status": "2", "success": "False", "message": "Desired error not necessarily achieved due to precision loss.", "x": "[0.98493977 6.56326922 1.51200297 4.53113878 1.17697743 7.23197509]", "nit": "24", "callback": [0.08945515339257981, 0.08808492116828803]}, "15": {"maxiter": 500, "gtol": 1e-10, "xrtol": 1e-10, "eps": 1e-10, "duration": 0.13408398628234863, "fun": "0.08808492114606137", "jac": "[ 0.00000000e+00 -1.11022293e-06  1.11022293e-06 -1.11022293e-06\n  0.00000000e+00  1.11022293e-06]", "hess_inv": "[[ 0.0018952   0.00361367  0.0045063   0.00211765 -0.00844132  0.00397134]\n [ 0.00361367  0.01758687  0.00453358  0.00304599 -0.02582316  0.01354205]\n [ 0.0045063   0.00453358  0.01393162  0.00535887 -0.01623057  0.00683433]\n [ 0.00211765  0.00304599  0.00535887  0.00416816 -0.01092777  0.00451066]\n [-0.00844132 -0.02582316 -0.01623057 -0.01092777  0.05027489 -0.02427414]\n [ 0.00397134  0.01354205  0.00683433  0.00451066 -0.02427414  0.01213527]]", "nfev": "579", "njev": "81", "status": "2", "success": "False", "message": "Desired error not necessarily achieved due to precision loss.", "x": "[0.98479097 6.56329948 1.51197858 4.53124432 1.1770703  7.2320285 ]", "nit": "29", "callback": [0.08945619298865104, 0.08808492115313582]}, "16": {"maxiter": 1000, "gtol": 1e-05, "xrtol": 1e-05, "eps": 1e-05, "duration": 0.03791522979736328, "fun": "0.08808492194193551", "jac": "[ 5.52524693e-07 -6.04837291e-06 -3.83901799e-06 -2.86408675e-06\n  7.33996197e-06  1.95139460e-06]", "hess_inv": "[[ 2.08393503 -0.82683139  1.84438176 -0.37680972  0.43949551 -1.47634944]\n [-0.82683139 10.51098035 -6.68271257  4.86131943 -4.28487997  3.14414565]\n [ 1.84438176 -6.68271257 11.37018163 -1.82062042  0.65530568 -8.15042416]\n [-0.37680972  4.86131943 -1.82062042  4.90462933 -2.72356844  0.55552835]\n [ 0.43949551 -4.28487997  0.65530568 -2.72356844  3.48639806  0.73729588]\n [-1.47634944  3.14414565 -8.15042416  0.55552835  0.73729588  8.49182787]]", "nfev": "140", "njev": "20", "status": "0", "success": "True", "message": "Optimization terminated successfully.", "x": "[0.98490813 6.56317402 1.51198895 4.53108584 1.17707115 7.23202595]", "nit": "19", "callback": [0.08945515339257981]}, "17": {"maxiter": 1000, "gtol": 1e-05, "xrtol": 1e-05, "eps": 1e-10, "duration": 0.036492109298706055, "fun": "0.08808492170705495", "jac": "[ 8.88178346e-06 -3.33066880e-06 -1.11022293e-06  2.22044587e-06\n  7.77156053e-06  9.99200639e-06]", "hess_inv": "[[ 2.09072192 -0.89002296  1.88099227 -0.41129294  0.46503322 -1.50000029]\n [-0.89002296 10.5413446  -6.69987229  4.81081354 -4.32300134  3.13594011]\n [ 1.88099227 -6.69987229 11.37856267 -1.78660548  0.67546153 -8.14519497]\n [-0.41129294  4.81081354 -1.78660548  4.83072405 -2.72114106  0.52060578]\n [ 0.46503322 -4.32300134  0.67546153 -2.72114106  3.51270495  0.73257724]\n [-1.50000029  3.13594011 -8.14519497  0.52060578  0.73257724  8.4815295 ]]", "nfev": "140", "njev": "20", "status": "0", "success": "True", "message": "Optimization terminated successfully.", "x": "[0.98480001 6.56327649 1.51191499 4.53122225 1.17712031 7.23211205]", "nit": "19", "callback": [0.08945619298865104]}, "18": {"maxiter": 1000, "gtol": 1e-05, "xrtol": 1e-10, "eps": 1e-05, "duration": 0.034436941146850586, "fun": "0.08808492194193551", "jac": "[ 5.52524693e-07 -6.04837291e-06 -3.83901799e-06 -2.86408675e-06\n  7.33996197e-06  1.95139460e-06]", "hess_inv": "[[ 2.08393503 -0.82683139  1.84438176 -0.37680972  0.43949551 -1.47634944]\n [-0.82683139 10.51098035 -6.68271257  4.86131943 -4.28487997  3.14414565]\n [ 1.84438176 -6.68271257 11.37018163 -1.82062042  0.65530568 -8.15042416]\n [-0.37680972  4.86131943 -1.82062042  4.90462933 -2.72356844  0.55552835]\n [ 0.43949551 -4.28487997  0.65530568 -2.72356844  3.48639806  0.73729588]\n [-1.47634944  3.14414565 -8.15042416  0.55552835  0.73729588  8.49182787]]", "nfev": "140", "njev": "20", "status": "0", "success": "True", "message": "Optimization terminated successfully.", "x": "[0.98490813 6.56317402 1.51198895 4.53108584 1.17707115 7.23202595]", "nit": "19", "callback": [0.08945515339257981]}, "19": {"maxiter": 1000, "gtol": 1e-05, "xrtol": 1e-10, "eps": 1e-10, "duration": 0.03457975387573242, "fun": "0.08808492170705495", "jac": "[ 8.88178346e-06 -3.33066880e-06 -1.11022293e-06  2.22044587e-06\n  7.77156053e-06  9.99200639e-06]", "hess_inv": "[[ 2.09072192 -0.89002296  1.88099227 -0.41129294  0.46503322 -1.50000029]\n [-0.89002296 10.5413446  -6.69987229  4.81081354 -4.32300134  3.13594011]\n [ 1.88099227 -6.69987229 11.37856267 -1.78660548  0.67546153 -8.14519497]\n [-0.41129294  4.81081354 -1.78660548  4.83072405 -2.72114106  0.52060578]\n [ 0.46503322 -4.32300134  0.67546153 -2.72114106  3.51270495  0.73257724]\n [-1.50000029  3.13594011 -8.14519497  0.52060578  0.73257724  8.4815295 ]]", "nfev": "140", "njev": "20", "status": "0", "success": "True", "message": "Optimization terminated successfully.", "x": "[0.98480001 6.56327649 1.51191499 4.53122225 1.17712031 7.23211205]", "nit": "19", "callback": [0.08945619298865104]}, "20": {"maxiter": 1000, "gtol": 1e-10, "xrtol": 1e-05, "eps": 1e-05, "duration": 0.03656196594238281, "fun": "0.08808492115265087", "jac": "[-9.51383416e-07  5.57986990e-07  4.14857038e-07  4.03677092e-07\n  1.22979404e-06 -6.85895785e-08]", "hess_inv": "[[ 2.05380339 -0.7676405   1.85317816 -0.36543452  0.38658918 -1.50592052]\n [-0.7676405  11.32931277 -6.60443859  5.39629425 -4.95784279  2.78387966]\n [ 1.85317816 -6.60443859 11.37738106 -1.76713189  0.59121408 -8.18461576]\n [-0.36543452  5.39629425 -1.76713189  5.21785306 -3.17620862  0.31271515]\n [ 0.38658918 -4.95784279  0.59121408 -3.17620862  4.03340789  1.03029263]\n [-1.50592052  2.78387966 -8.18461576  0.31271515  1.03029263  8.64870485]]", "nfev": "154", "njev": "22", "status": "0", "success": "True", "message": "Optimization terminated successfully.", "x": "[0.98490852 6.56326403 1.51199823 4.53114955 1.1770025  7.23198865]", "nit": "21", "callback": [0.08945515339257981, 0.08808492116828803]}, "21": {"maxiter": 1000, "gtol": 1e-10, "xrtol": 1e-05, "eps": 1e-10, "duration": 0.04326510429382324, "fun": "0.08808492114622535", "jac": "[-4.44089173e-06  0.00000000e+00 -2.22044587e-06  0.00000000e+00\n  0.00000000e+00  0.00000000e+00]", "hess_inv": "[[ 2.0901248  -0.82493136  1.70037949 -0.4239134   0.51608677 -1.33101312]\n [-0.82493136 10.02471318 -6.75211813  4.57476249 -3.96059665  3.50991009]\n [ 1.70037949 -6.75211813 12.12852714 -1.7363115   0.23049975 -8.826534