{"date": "2024/10/25/, 21:39:11", "conf_id": 28, "data_type": "random\n", "num_data_points": 2, "s_rank": 0, "unitary": "[[-0.53618537-0.34368723j,-0.12107031-0.46226139j,-0.07699282-0.46603512j,0.36022595-0.11472301j],[0.26026499-0.63450712j,-0.56616638+0.37832564j,-0.14988651+0.08458591j,0.10363514-0.16008501j],[-0.32580188-0.11070003j,-0.36476308-0.23593218j,0.02559343+0.41761608j,-0.25598305+0.6725303j],[0.07406738-0.0126433j,0.28513701+0.19483972j,-0.74939717-0.10299659j,0.29798249+0.46269921j]]", "databatch_0": {"databatch": "[[[2.78743414e-01+0.07382166j,-2.49752120e-01+0.11808011j,-1.10473855e-01-0.47296656j,-6.25341296e-02+0.10575807j],[-5.39107080e-02-0.14446834j,-1.89642480e-02+0.03835783j,-2.64002094e-04+0.03398402j,1.57446329e-01-0.29974955j],[1.28636622e-03+0.01497286j,-1.06409636e-01-0.00205637j,9.42635252e-02-0.14458711j,-7.99052289e-03-0.19766753j],[-1.65057661e-01-0.0636643j,-4.95115694e-02+0.09689637j,2.17952341e-02-0.10601316j,-2.31410428e-01-0.50916721j]],[[-8.22791846e-02+0.18330686j,1.40896208e-01+0.26073833j,1.42642718e-01-0.3226968j,3.20300048e-04-0.3901239j],[-2.71128866e-02+0.05710871j,-5.07091251e-02+0.13992289j,1.90779929e-01+0.03430144j,2.11503622e-01-0.25088662j],[7.97536593e-02+0.02701607j,1.52271258e-01-0.17055012j,-3.40092890e-01-0.08341821j,-2.72315797e-01+0.24291544j],[-2.59148375e-02+0.07629723j,8.07764686e-02-0.05165997j,-2.23800388e-01-0.08759361j,-4.66906838e-02+0.18149963j]]]", "initial param values": "[3.72299766,3.90701198,1.78368661,0.28461202,1.15767073,0.21376244]", "nelder_mead": {"type": "gradient-free", "0": {"maxiter": 100, "fatol": 1e-05, "xatol": 1e-05, "duration": 0.21934938430786133, "fun": "0.32279303573726825", "nit": "100", "nfev": "154", "status": "2", "success": "False", "message": "Maximum number of iterations has been exceeded.", "x": "[ 4.61359083  5.3517214   2.35209186  0.25728786  3.59291397 -0.19724399]", "final_simplex": "(array([[ 4.61359083,  5.3517214 ,  2.35209186,  0.25728786,  3.59291397,\n        -0.19724399],\n       [ 4.81062205,  5.6117684 ,  2.42087755,  0.13210896,  3.73358075,\n        -0.1884051 ],\n       [ 4.90389568,  5.44189562,  2.34826062, -0.01585541,  3.4982049 ,\n        -0.09440897],\n       [ 4.6564557 ,  5.53176481,  2.57053015,  0.16085879,  3.69926764,\n        -0.19619845],\n       [ 4.51134792,  5.32644669,  2.24981323,  0.08243616,  3.2868696 ,\n        -0.10209304],\n       [ 4.73281322,  5.45111262,  2.404384  , -0.19884423,  3.18701945,\n         0.0258923 ],\n       [ 5.04726721,  5.26795668,  2.47347511, -0.16845828,  3.04306108,\n         0.03838041]]), array([0.32279304, 0.32522121, 0.32558179, 0.33640867, 0.3399884 ,\n       0.34487433, 0.35160787]))", "callback": [0.7627964472468816, 0.7491539997227262, 0.7450254136832721, 0.7390940125595314, 0.7067355956780792, 0.667811647744662, 0.6575620364184056, 0.5980116506333278, 0.5483543748468164, 0.32279303573726825]}, "1": {"maxiter": 100, "fatol": 1e-05, "xatol": 1e-10, "duration": 0.11803913116455078, "fun": "0.32279303573726825", "nit": "100", "nfev": "154", "status": "2", "success": "False", "message": "Maximum number of iterations has been exceeded.", "x": "[ 4.61359083  5.3517214   2.35209186  0.25728786  3.59291397 -0.19724399]", "final_simplex": "(array([[ 4.61359083,  5.3517214 ,  2.35209186,  0.25728786,  3.59291397,\n        -0.19724399],\n       [ 4.81062205,  5.6117684 ,  2.42087755,  0.13210896,  3.73358075,\n        -0.1884051 ],\n       [ 4.90389568,  5.44189562,  2.34826062, -0.01585541,  3.4982049 ,\n        -0.09440897],\n       [ 4.6564557 ,  5.53176481,  2.57053015,  0.16085879,  3.69926764,\n        -0.19619845],\n       [ 4.51134792,  5.32644669,  2.24981323,  0.08243616,  3.2868696 ,\n        -0.10209304],\n       [ 4.73281322,  5.45111262,  2.404384  , -0.19884423,  3.18701945,\n         0.0258923 ],\n       [ 5.04726721,  5.26795668,  2.47347511, -0.16845828,  3.04306108,\n         0.03838041]]), array([0.32279304, 0.32522121, 0.32558179, 0.33640867, 0.3399884 ,\n       0.34487433, 0.35160787]))", "callback": [0.7627964472468816, 0.7491539997227262, 0.7450254136832721, 0.7390940125595314, 0.7067355956780792, 0.667811647744662, 0.6575620364184056, 0.5980116506333278, 0.5483543748468164, 0.32279303573726825]}, "2": {"maxiter": 100, "fatol": 1e-10, "xatol": 1e-05, "duration": 0.11797332763671875, "fun": "0.32279303573726825", "nit": "100", "nfev": "154", "status": "2", "success": "False", "message": "Maximum number of iterations has been exceeded.", "x": "[ 4.61359083  5.3517214   2.35209186  0.25728786  3.59291397 -0.19724399]", "final_simplex": "(array([[ 4.61359083,  5.3517214 ,  2.35209186,  0.25728786,  3.59291397,\n        -0.19724399],\n       [ 4.81062205,  5.6117684 ,  2.42087755,  0.13210896,  3.73358075,\n        -0.1884051 ],\n       [ 4.90389568,  5.44189562,  2.34826062, -0.01585541,  3.4982049 ,\n        -0.09440897],\n       [ 4.6564557 ,  5.53176481,  2.57053015,  0.16085879,  3.69926764,\n        -0.19619845],\n       [ 4.51134792,  5.32644669,  2.24981323,  0.08243616,  3.2868696 ,\n        -0.10209304],\n       [ 4.73281322,  5.45111262,  2.404384  , -0.19884423,  3.18701945,\n         0.0258923 ],\n       [ 5.04726721,  5.26795668,  2.47347511, -0.16845828,  3.04306108,\n         0.03838041]]), array([0.32279304, 0.32522121, 0.32558179, 0.33640867, 0.3399884 ,\n       0.34487433, 0.35160787]))", "callback": [0.7627964472468816, 0.7491539997227262, 0.7450254136832721, 0.7390940125595314, 0.7067355956780792, 0.667811647744662, 0.6575620364184056, 0.5980116506333278, 0.5483543748468164, 0.32279303573726825]}, "3": {"maxiter": 100, "fatol": 1e-10, "xatol": 1e-10, "duration": 0.14661192893981934, "fun": "0.32279303573726825", "nit": "100", "nfev": "154", "status": "2", "success": "False", "message": "Maximum number of iterations has been exceeded.", "x": "[ 4.61359083  5.3517214   2.35209186  0.25728786  3.59291397 -0.19724399]", "final_simplex": "(array([[ 4.61359083,  5.3517214 ,  2.35209186,  0.25728786,  3.59291397,\n        -0.19724399],\n       [ 4.81062205,  5.6117684 ,  2.42087755,  0.13210896,  3.73358075,\n        -0.1884051 ],\n       [ 4.90389568,  5.44189562,  2.34826062, -0.01585541,  3.4982049 ,\n        -0.09440897],\n       [ 4.6564557 ,  5.53176481,  2.57053015,  0.16085879,  3.69926764,\n        -0.19619845],\n       [ 4.51134792,  5.32644669,  2.24981323,  0.08243616,  3.2868696 ,\n        -0.10209304],\n       [ 4.73281322,  5.45111262,  2.404384  , -0.19884423,  3.18701945,\n         0.0258923 ],\n       [ 5.04726721,  5.26795668,  2.47347511, -0.16845828,  3.04306108,\n         0.03838041]]), array([0.32279304, 0.32522121, 0.32558179, 0.33640867, 0.3399884 ,\n       0.34487433, 0.35160787]))", "callback": [0.7627964472468816, 0.7491539997227262, 0.7450254136832721, 0.7390940125595314, 0.7067355956780792, 0.667811647744662, 0.6575620364184056, 0.5980116506333278, 0.5483543748468164, 0.32279303573726825]}, "4": {"maxiter": 500, "fatol": 1e-05, "xatol": 1e-05, "duration": 0.5977294445037842, "fun": "0.29410398195420706", "nit": "407", "nfev": "646", "status": "0", "success": "True", "message": "Optimization terminated successfully.", "x": "[ 4.6973563   5.75502916  2.03653216  0.52858946  3.90393487 -0.58639648]", "final_simplex": "(array([[ 4.6973563 ,  5.75502916,  2.03653216,  0.52858946,  3.90393487,\n        -0.58639648],\n       [ 4.69735233,  5.75503283,  2.03652928,  0.52859355,  3.90394299,\n        -0.58640244],\n       [ 4.69735491,  5.75503028,  2.03653079,  0.52859181,  3.90394008,\n        -0.58639802],\n       [ 4.69735254,  5.75503138,  2.03653136,  0.5285885 ,  3.90394009,\n        -0.58639999],\n       [ 4.69735472,  5.75502975,  2.03653246,  0.52859133,  3.90394157,\n        -0.58640349],\n       [ 4.69735122,  5.75503054,  2.03652989,  0.52859272,  3.90394405,\n        -0.58640305],\n       [ 4.69735301,  5.7550314 ,  2.03653386,  0.5285907 ,  3.90393434,\n        -0.58639639]]), array([0.29410398, 0.29410398, 0.29410398, 0.29410398, 0.29410398,\n       0.29410398, 0.29410398]))", "callback": [0.7627964472468816, 0.7491539997227262, 0.7450254136832721, 0.7390940125595314, 0.7067355956780792, 0.667811647744662, 0.6575620364184056, 0.5980116506333278, 0.5483543748468164, 0.32279303573726825, 0.32279303573726825, 0.3160852679569095, 0.3100383510363194, 0.3060017096574792, 0.30343623034041045, 0.29601755582014966, 0.29540090915348927, 0.29540067701839734, 0.29536019254758905, 0.2953478188673284, 0.2953444725893357, 0.29533605092600124, 0.2953045182128641, 0.29515970604640496, 0.2945353827472146, 0.2943199495575213, 0.2941835202803058, 0.2941452829605895, 0.29412200181065706, 0.2941130390559705, 0.29410686888452087, 0.2941046272316745, 0.2941041075728943, 0.2941040304536532, 0.2941040062015391, 0.2941039857519886, 0.29410398269873816, 0.2941039820733353, 0.29410398199064747, 0.294103981958058, 0.294103981955002]}, "5": {"maxiter": 500, "fatol": 1e-05, "xatol": 1e-10, "duration": 0.8425641059875488, "fun": "0.29410398195295606", "nit": "500", "nfev": "853", "status": "2", "success": "False", "message": "Maximum number of iterations has been exceeded.", "x": "[ 4.69735544  5.75503142  2.0365331   0.52858939  3.9039371  -0.58639777]", "final_simplex": "(array([[ 4.69735544,  5.75503142,  2.0365331 ,  0.52858939,  3.9039371 ,\n        -0.58639777],\n       [ 4.69735544,  5.75503142,  2.0365331 ,  0.52858939,  3.9039371 ,\n        -0.58639777],\n       [ 4.69735544,  5.75503142,  2.0365331 ,  0.52858939,  3.9039371 ,\n        -0.58639777],\n       [ 4.69735544,  5.75503142,  2.0365331 ,  0.52858939,  3.9039371 ,\n        -0.58639777],\n       [ 4.69735544,  5.75503142,  2.0365331 ,  0.52858939,  3.9039371 ,\n        -0.58639777],\n       [ 4.69735544,  5.75503142,  2.0365331 ,  0.52858939,  3.9039371 ,\n        -0.58639777],\n       [ 4.69735544,  5.75503142,  2.0365331 ,  0.52858939,  3.9039371 ,\n        -0.58639777]]), array([0.29410398, 0.29410398, 0.29410398, 0.29410398, 0.29410398,\n       0.29410398, 0.29410398]))", "callback": [0.7627964472468816, 0.7491539997227262, 0.7450254136832721, 0.7390940125595314, 0.7067355956780792, 0.667811647744662, 0.6575620364184056, 0.5980116506333278, 0.5483543748468164, 0.32279303573726825, 0.32279303573726825, 0.3160852679569095, 0.3100383510363194, 0.3060017096574792, 0.30343623034041045, 0.29601755582014966, 0.29540090915348927, 0.29540067701839734, 0.29536019254758905, 0.2953478188673284, 0.2953444725893357, 0.29533605092600124, 0.2953045182128641, 0.29515970604640496, 0.2945353827472146, 0.2943199495575213, 0.2941835202803058, 0.2941452829605895, 0.29412200181065706, 0.2941130390559705, 0.29410686888452087, 0.2941046272316745, 0.2941041075728943, 0.2941040304536532, 0.2941040062015391, 0.2941039857519886, 0.29410398269873816, 0.2941039820733353, 0.29410398199064747, 0.294103981958058, 0.294103981955002, 0.2941039819533, 0.2941039819531278, 0.29410398195302423, 0.29410398195296894, 0.2941039819529575, 0.29410398195295695, 0.2941039819529563, 0.29410398195295606, 0.29410398195295606]}, "6": {"maxiter": 500, "fatol": 1e-10, "xatol": 1e-05, "duration": 0.49437975883483887, "fun": "0.29410398195420706", "nit": "407", "nfev": "646", "status": "0", "success": "True", "message": "Optimization terminated successfully.", "x": "[ 4.6973563   5.75502916  2.03653216  0.52858946  3.90393487 -0.58639648]", "final_simplex": "(array([[ 4.6973563 ,  5.75502916,  2.03653216,  0.52858946,  3.90393487,\n        -0.58639648],\n       [ 4.69735233,  5.75503283,  2.03652928,  0.52859355,  3.90394299,\n        -0.58640244],\n       [ 4.69735491,  5.75503028,  2.03653079,  0.52859181,  3.90394008,\n        -0.58639802],\n       [ 4.69735254,  5.75503138,  2.03653136,  0.5285885 ,  3.90394009,\n        -0.58639999],\n       [ 4.69735472,  5.75502975,  2.03653246,  0.52859133,  3.90394157,\n        -0.58640349],\n       [ 4.69735122,  5.75503054,  2.03652989,  0.52859272,  3.90394405,\n        -0.58640305],\n       [ 4.69735301,  5.7550314 ,  2.03653386,  0.5285907 ,  3.90393434,\n        -0.58639639]]), array([0.29410398, 0.29410398, 0.29410398, 0.29410398, 0.29410398,\n       0.29410398, 0.29410398]))", "callback": [0.7627964472468816, 0.7491539997227262, 0.7450254136832721, 0.7390940125595314, 0.7067355956780792, 0.667811647744662, 0.6575620364184056, 0.5980116506333278, 0.5483543748468164, 0.32279303573726825, 0.32279303573726825, 0.3160852679569095, 0.3100383510363194, 0.3060017096574792, 0.30343623034041045, 0.29601755582014966, 0.29540090915348927, 0.29540067701839734, 0.29536019254758905, 0.2953478188673284, 0.2953444725893357, 0.29533605092600124, 0.2953045182128641, 0.29515970604640496, 0.2945353827472146, 0.2943199495575213, 0.2941835202803058, 0.2941452829605895, 0.29412200181065706, 0.2941130390559705, 0.29410686888452087, 0.2941046272316745, 0.2941041075728943, 0.2941040304536532, 0.2941040062015391, 0.2941039857519886, 0.29410398269873816, 0.2941039820733353, 0.29410398199064747, 0.294103981958058, 0.294103981955002]}, "7": {"maxiter": 500, "fatol": 1e-10, "xatol": 1e-10, "duration": 0.6715693473815918, "fun": "0.29410398195295606", "nit": "500", "nfev": "853", "status": "2", "success": "False", "message": "Maximum number of iterations has been exceeded.", "x": "[ 4.69735544  5.75503142  2.0365331   0.52858939  3.9039371  -0.58639777]", "final_simplex": "(array([[ 4.69735544,  5.75503142,  2.0365331 ,  0.52858939,  3.9039371 ,\n        -0.58639777],\n       [ 4.69735544,  5.75503142,  2.0365331 ,  0.52858939,  3.9039371 ,\n        -0.58639777],\n       [ 4.69735544,  5.75503142,  2.0365331 ,  0.52858939,  3.9039371 ,\n        -0.58639777],\n       [ 4.69735544,  5.75503142,  2.0365331 ,  0.52858939,  3.9039371 ,\n        -0.58639777],\n       [ 4.69735544,  5.75503142,  2.0365331 ,  0.52858939,  3.9039371 ,\n        -0.58639777],\n       [ 4.69735544,  5.75503142,  2.0365331 ,  0.52858939,  3.9039371 ,\n        -0.58639777],\n       [ 4.69735544,  5.75503142,  2.0365331 ,  0.52858939,  3.9039371 ,\n        -0.58639777]]), array([0.29410398, 0.29410398, 0.29410398, 0.29410398, 0.29410398,\n       0.29410398, 0.29410398]))", "callback": [0.7627964472468816, 0.7491539997227262, 0.7450254136832721, 0.7390940125595314, 0.7067355956780792, 0.667811647744662, 0.6575620364184056, 0.5980116506333278, 0.5483543748468164, 0.32279303573726825, 0.32279303573726825, 0.3160852679569095, 0.3100383510363194, 0.3060017096574792, 0.30343623034041045, 0.29601755582014966, 0.29540090915348927, 0.29540067701839734, 0.29536019254758905, 0.2953478188673284, 0.2953444725893357, 0.29533605092600124, 0.2953045182128641, 0.29515970604640496, 0.2945353827472146, 0.2943199495575213, 0.2941835202803058, 0.2941452829605895, 0.29412200181065706, 0.2941130390559705, 0.29410686888452087, 0.2941046272316745, 0.2941041075728943, 0.2941040304536532, 0.2941040062015391, 0.2941039857519886, 0.29410398269873816, 0.2941039820733353, 0.29410398199064747, 0.294103981958058, 0.294103981955002, 0.2941039819533, 0.2941039819531278, 0.29410398195302423, 0.29410398195296894, 0.2941039819529575, 0.29410398195295695, 0.2941039819529563, 0.29410398195295606, 0.29410398195295606]}, "8": {"maxiter": 1000, "fatol": 1e-05, "xatol": 1e-05, "duration": 0.6003057956695557, "fun": "0.29410398195420706", "nit": "407", "nfev": "646", "status": "0", "success": "True", "message": "Optimization terminated successfully.", "x": "[ 4.6973563   5.75502916  2.03653216  0.52858946  3.90393487 -0.58639648]", "final_simplex": "(array([[ 4.6973563 ,  5.75502916,  2.03653216,  0.52858946,  3.90393487,\n        -0.58639648],\n       [ 4.69735233,  5.75503283,  2.03652928,  0.52859355,  3.90394299,\n        -0.58640244],\n       [ 4.69735491,  5.75503028,  2.03653079,  0.52859181,  3.90394008,\n        -0.58639802],\n       [ 4.69735254,  5.75503138,  2.03653136,  0.5285885 ,  3.90394009,\n        -0.58639999],\n       [ 4.69735472,  5.75502975,  2.03653246,  0.52859133,  3.90394157,\n        -0.58640349],\n       [ 4.69735122,  5.75503054,  2.03652989,  0.52859272,  3.90394405,\n        -0.58640305],\n       [ 4.69735301,  5.7550314 ,  2.03653386,  0.5285907 ,  3.90393434,\n        -0.58639639]]), array([0.29410398, 0.29410398, 0.29410398, 0.29410398, 0.29410398,\n       0.29410398, 0.29410398]))", "callback": [0.7627964472468816, 0.7491539997227262, 0.7450254136832721, 0.7390940125595314, 0.7067355956780792, 0.667811647744662, 0.6575620364184056, 0.5980116506333278, 0.5483543748468164, 0.32279303573726825, 0.32279303573726825, 0.3160852679569095, 0.3100383510363194, 0.3060017096574792, 0.30343623034041045, 0.29601755582014966, 0.29540090915348927, 0.29540067701839734, 0.29536019254758905, 0.2953478188673284, 0.2953444725893357, 0.29533605092600124, 0.2953045182128641, 0.29515970604640496, 0.2945353827472146, 0.2943199495575213, 0.2941835202803058, 0.2941452829605895, 0.29412200181065706, 0.2941130390559705, 0.29410686888452087, 0.2941046272316745, 0.2941041075728943, 0.2941040304536532, 0.2941040062015391, 0.2941039857519886, 0.29410398269873816, 0.2941039820733353, 0.29410398199064747, 0.294103981958058, 0.294103981955002]}, "9": {"maxiter": 1000, "fatol": 1e-05, "xatol": 1e-10, "duration": 0.6715726852416992, "fun": "0.29410398195295606", "nit": "505", "nfev": "874", "status": "0", "success": "True", "message": "Optimization terminated successfully.", "x": "[ 4.69735544  5.75503142  2.0365331   0.52858939  3.9039371  -0.58639777]", "final_simplex": "(array([[ 4.69735544,  5.75503142,  2.0365331 ,  0.52858939,  3.9039371 ,\n        -0.58639777],\n       [ 4.69735544,  5.75503142,  2.0365331 ,  0.52858939,  3.9039371 ,\n        -0.58639777],\n       [ 4.69735544,  5.75503142,  2.0365331 ,  0.52858939,  3.9039371 ,\n        -0.58639777],\n       [ 4.69735544,  5.75503142,  2.0365331 ,  0.52858939,  3.9039371 ,\n        -0.58639777],\n       [ 4.69735544,  5.75503142,  2.0365331 ,  0.52858939,  3.9039371 ,\n        -0.58639777],\n       [ 4.69735544,  5.75503142,  2.0365331 ,  0.52858939,  3.9039371 ,\n        -0.58639777],\n       [ 4.69735544,  5.75503142,  2.0365331 ,  0.52858939,  3.9039371 ,\n        -0.58639777]]), array([0.29410398, 0.29410398, 0.29410398, 0.29410398, 0.29410398,\n       0.29410398, 0.29410398]))", "callback": [0.7627964472468816, 0.7491539997227262, 0.7450254136832721, 0.7390940125595314, 0.7067355956780792, 0.667811647744662, 0.6575620364184056, 0.5980116506333278, 0.5483543748468164, 0.32279303573726825, 0.32279303573726825, 0.3160852679569095, 0.3100383510363194, 0.3060017096574792, 0.30343623034041045, 0.29601755582014966, 0.29540090915348927, 0.29540067701839734, 0.29536019254758905, 0.2953478188673284, 0.2953444725893357, 0.29533605092600124, 0.2953045182128641, 0.29515970604640496, 0.2945353827472146, 0.2943199495575213, 0.2941835202803058, 0.2941452829605895, 0.29412200181065706, 0.2941130390559705, 0.29410686888452087, 0.2941046272316745, 0.2941041075728943, 0.2941040304536532, 0.2941040062015391, 0.2941039857519886, 0.29410398269873816, 0.2941039820733353, 0.29410398199064747, 0.294103981958058, 0.294103981955002, 0.2941039819533, 0.2941039819531278, 0.29410398195302423, 0.29410398195296894, 0.2941039819529575, 0.29410398195295695, 0.2941039819529563, 0.29410398195295606, 0.29410398195295606, 0.29410398195295606]}, "10": {"maxiter": 1000, "fatol": 1e-10, "xatol": 1e-05, "duration": 0.5269675254821777, "fun": "0.29410398195420706", "nit": "407", "nfev": "646", "status": "0", "success": "True", "message": "Optimization terminated successfully.", "x": "[ 4.6973563   5.75502916  2.03653216  0.52858946  3.90393487 -0.58639648]", "final_simplex": "(array([[ 4.6973563 ,  5.75502916,  2.03653216,  0.52858946,  3.90393487,\n        -0.58639648],\n       [ 4.69735233,  5.75503283,  2.03652928,  0.52859355,  3.90394299,\n        -0.58640244],\n       [ 4.69735491,  5.75503028,  2.03653079,  0.52859181,  3.90394008,\n        -0.58639802],\n       [ 4.69735254,  5.75503138,  2.03653136,  0.5285885 ,  3.90394009,\n        -0.58639999],\n       [ 4.69735472,  5.75502975,  2.03653246,  0.52859133,  3.90394157,\n        -0.58640349],\n       [ 4.69735122,  5.75503054,  2.03652989,  0.52859272,  3.90394405,\n        -0.58640305],\n       [ 4.69735301,  5.7550314 ,  2.03653386,  0.5285907 ,  3.90393434,\n        -0.58639639]]), array([0.29410398, 0.29410398, 0.29410398, 0.29410398, 0.29410398,\n       0.29410398, 0.29410398]))", "callback": [0.7627964472468816, 0.7491539997227262, 0.7450254136832721, 0.7390940125595314, 0.7067355956780792, 0.667811647744662, 0.6575620364184056, 0.5980116506333278, 0.5483543748468164, 0.32279303573726825, 0.32279303573726825, 0.3160852679569095, 0.3100383510363194, 0.3060017096574792, 0.30343623034041045, 0.29601755582014966, 0.29540090915348927, 0.29540067701839734, 0.29536019254758905, 0.2953478188673284, 0.2953444725893357, 0.29533605092600124, 0.2953045182128641, 0.29515970604640496, 0.2945353827472146, 0.2943199495575213, 0.2941835202803058, 0.2941452829605895, 0.29412200181065706, 0.2941130390559705, 0.29410686888452087, 0.2941046272316745, 0.2941041075728943, 0.2941040304536532, 0.2941040062015391, 0.2941039857519886, 0.29410398269873816, 0.2941039820733353, 0.29410398199064747, 0.294103981958058, 0.294103981955002]}, "11": {"maxiter": 1000, "fatol": 1e-10, "xatol": 1e-10, "duration": 0.7662312984466553, "fun": "0.29410398195295606", "nit": "505", "nfev": "874", "status": "0", "success": "True", "message": "Optimization terminated successfully.", "x": "[ 4.69735544  5.75503142  2.0365331   0.52858939  3.9039371  -0.58639777]", "final_simplex": "(array([[ 4.69735544,  5.75503142,  2.0365331 ,  0.52858939,  3.9039371 ,\n        -0.58639777],\n       [ 4.69735544,  5.75503142,  2.0365331 ,  0.52858939,  3.9039371 ,\n        -0.58639777],\n       [ 4.69735544,  5.75503142,  2.0365331 ,  0.52858939,  3.9039371 ,\n        -0.58639777],\n       [ 4.69735544,  5.75503142,  2.0365331 ,  0.52858939,  3.9039371 ,\n        -0.58639777],\n       [ 4.69735544,  5.75503142,  2.0365331 ,  0.52858939,  3.9039371 ,\n        -0.58639777],\n       [ 4.69735544,  5.75503142,  2.0365331 ,  0.52858939,  3.9039371 ,\n        -0.58639777],\n       [ 4.69735544,  5.75503142,  2.0365331 ,  0.52858939,  3.9039371 ,\n        -0.58639777]]), array([0.29410398, 0.29410398, 0.29410398, 0.29410398, 0.29410398,\n       0.29410398, 0.29410398]))", "callback": [0.7627964472468816, 0.7491539997227262, 0.7450254136832721, 0.7390940125595314, 0.7067355956780792, 0.667811647744662, 0.6575620364184056, 0.5980116506333278, 0.5483543748468164, 0.32279303573726825, 0.32279303573726825, 0.3160852679569095, 0.3100383510363194, 0.3060017096574792, 0.30343623034041045, 0.29601755582014966, 0.29540090915348927, 0.29540067701839734, 0.29536019254758905, 0.2953478188673284, 0.2953444725893357, 0.29533605092600124, 0.2953045182128641, 0.29515970604640496, 0.2945353827472146, 0.2943199495575213, 0.2941835202803058, 0.2941452829605895, 0.29412200181065706, 0.2941130390559705, 0.29410686888452087, 0.2941046272316745, 0.2941041075728943, 0.2941040304536532, 0.2941040062015391, 0.2941039857519886, 0.29410398269873816, 0.2941039820733353, 0.29410398199064747, 0.294103981958058, 0.294103981955002, 0.2941039819533, 0.2941039819531278, 0.29410398195302423, 0.29410398195296894, 0.2941039819529575, 0.29410398195295695, 0.2941039819529563, 0.29410398195295606, 0.29410398195295606, 0.29410398195295606]}}, "bfgs": {"type": "gradient", "0": {"maxiter": 100, "gtol": 1e-05, "xrtol": 1e-05, "eps": 1e-05, "duration": 0.141646146774292, "fun": "0.4225143308728547", "jac": "[-8.44757597e-06 -5.14978060e-06 -5.44143619e-06 -3.93403088e-06\n  4.66695571e-06  5.25601784e-07]", "hess_inv": "[[ 5.25360146 -0.12031555  0.67071325 -2.63334565  1.27363808  0.23995661]\n [-0.12031555  4.86407358  0.09053885 -1.73499552  0.95870003  0.73248521]\n [ 0.67071325  0.09053885  4.57545045 -2.68968352 -0.43835856  0.41550742]\n [-2.63334565 -1.73499552 -2.68968352  6.77108308 -0.64472838 -0.52958532]\n [ 1.27363808  0.95870003 -0.43835856 -0.64472838  5.05346679  1.66964729]\n [ 0.23995661  0.73248521  0.41550742 -0.52958532  1.66964729  4.33017322]]", "nfev": "175", "njev": "25", "status": "0", "success": "True", "message": "Optimization terminated successfully.", "x": "[ 4.8589079   3.09521584  1.26378381 -1.74158547  1.33229815 -0.48591351]", "nit": "23", "callback": [0.7324594518378675, 0.6685743543026523, 0.6358149395424483, 0.6063554608481949, 0.5643901883084032, 0.5336589062668003, 0.5056332146347704, 0.4773675614805879, 0.4631673594635547, 0.4495049577709902, 0.4320180148662375, 0.4281340387178718, 0.42567858664516356, 0.42292542809666256, 0.42266595551822894, 0.4225720889713309, 0.42252507825930385, 0.42251819121932677, 0.4225165781022031, 0.4225153428554451, 0.4225145276601372, 0.42251434507537367, 0.4225143308728547]}, "1": {"maxiter": 100, "gtol": 1e-05, "xrtol": 1e-05, "eps": 1e-10, "duration": 0.13905930519104004, "fun": "0.42251433076158007", "jac": "[-7.77156053e-06 -3.33066880e-06 -3.33066880e-06 -2.22044587e-06\n  7.77156053e-06 -1.11022293e-06]", "hess_inv": "[[ 5.26494499 -0.11766373  0.66423403 -2.6215002   1.28056782  0.23598377]\n [-0.11766373  4.86163747  0.07635178 -1.71553212  0.96910198  0.72271755]\n [ 0.66423403  0.07635178  4.56492867 -2.6767872  -0.44604148  0.40201192]\n [-2.6215002  -1.71553212 -2.6767872   6.7569919  -0.63141607 -0.50897583]\n [ 1.28056782  0.96910198 -0.44604148 -0.63141607  5.06691327  1.66797566]\n [ 0.23598377  0.72271755  0.40201192 -0.50897583  1.66797566  4.30866164]]", "nfev": "175", "njev": "25", "status": "0", "success": "True", "message": "Optimization terminated successfully.", "x": "[ 4.8589189   3.09522818  1.2637935  -1.74159272  1.33231327 -0.48590583]", "nit": "23", "callback": [0.7324596454385357, 0.6685746561015316, 0.6358152658367084, 0.6063564017668021, 0.5643891340817984, 0.5336573419949664, 0.5056376750239953, 0.47736774036464347, 0.4631686967175679, 0.4495067801129109, 0.43202016237976726, 0.4281347870659201, 0.4256797150809625, 0.42292563460037247, 0.4226659436564042, 0.42257214131058807, 0.42252506864776707, 0.422518192288865, 0.4225165775838209, 0.4225153437337017, 0.4225145272501116, 0.42251434480242067, 0.42251433076158007]}, "2": {"maxiter": 100, "gtol": 1e-05, "xrtol": 1e-10, "eps": 1e-05, "duration": 0.1373915672302246, "fun": "0.4225143308728547", "jac": "[-8.44757597e-06 -5.14978060e-06 -5.44143619e-06 -3.93403088e-06\n  4.66695571e-06  5.25601784e-07]", "hess_inv": "[[ 5.25360146 -0.12031555  0.67071325 -2.63334565  1.27363808  0.23995661]\n [-0.12031555  4.86407358  0.09053885 -1.73499552  0.95870003  0.73248521]\n [ 0.67071325  0.09053885  4.57545045 -2.68968352 -0.43835856  0.41550742]\n [-2.63334565 -1.73499552 -2.68968352  6.77108308 -0.64472838 -0.52958532]\n [ 1.27363808  0.95870003 -0.43835856 -0.64472838  5.05346679  1.66964729]\n [ 0.23995661  0.73248521  0.41550742 -0.52958532  1.66964729  4.33017322]]", "nfev": "175", "njev": "25", "status": "0", "success": "True", "message": "Optimization terminated successfully.", "x": "[ 4.8589079   3.09521584  1.26378381 -1.74158547  1.33229815 -0.48591351]", "nit": "23", "callback": [0.7324594518378675, 0.6685743543026523, 0.6358149395424483, 0.6063554608481949, 0.5643901883084032, 0.5336589062668003, 0.5056332146347704, 0.4773675614805879, 0.4631673594635547, 0.4495049577709902, 0.4320180148662375, 0.4281340387178718, 0.42567858664516356, 0.42292542809666256, 0.42266595551822894, 0.4225720889713309, 0.42252507825930385, 0.42251819121932677, 0.4225165781022031, 0.4225153428554451, 0.4225145276601372, 0.42251434507537367, 0.4225143308728547]}, "3": {"maxiter": 100, "gtol": 1e-05, "xrtol": 1e-10, "eps": 1e-10, "duration": 0.13708996772766113, "fun": "0.42251433076158007", "jac": "[-7.77156053e-06 -3.33066880e-06 -3.33066880e-06 -2.22044587e-06\n  7.77156053e-06 -1.11022293e-06]", "hess_inv": "[[ 5.26494499 -0.11766373  0.66423403 -2.6215002   1.28056782  0.23598377]\n [-0.11766373  4.86163747  0.07635178 -1.71553212  0.96910198  0.72271755]\n [ 0.66423403  0.07635178  4.56492867 -2.6767872  -0.44604148  0.40201192]\n [-2.6215002  -1.71553212 -2.6767872   6.7569919  -0.63141607 -0.50897583]\n [ 1.28056782  0.96910198 -0.44604148 -0.63141607  5.06691327  1.66797566]\n [ 0.23598377  0.72271755  0.40201192 -0.50897583  1.66797566  4.30866164]]", "nfev": "175", "njev": "25", "status": "0", "success": "True", "message": "Optimization terminated successfully.", "x": "[ 4.8589189   3.09522818  1.2637935  -1.74159272  1.33231327 -0.48590583]", "nit": "23", "callback": [0.7324596454385357, 0.6685746561015316, 0.6358152658367084, 0.6063564017668021, 0.5643891340817984, 0.5336573419949664, 0.5056376750239953, 0.47736774036464347, 0.4631686967175679, 0.4495067801129109, 0.43202016237976726, 0.4281347870659201, 0.4256797150809625, 0.42292563460037247, 0.4226659436564042, 0.42257214131058807, 0.42252506864776707, 0.422518192288865, 0.4225165775838209, 0.4225153437337017, 0.4225145272501116, 0.42251434480242067, 0.42251433076158007]}, "4": {"maxiter": 100, "gtol": 1e-10, "xrtol": 1e-05, "eps": 1e-05, "duration": 0.14231491088867188, "fun": "0.42251433054755694", "jac": "[-2.63411515e-07 -9.61009050e-08 -2.79121171e-07  2.15227836e-07\n  5.44697620e-07 -2.65143463e-07]", "hess_inv": "[[ 5.63172988  0.04019794  0.8577207  -2.69770318  1.17449869  0.14348299]\n [ 0.04019794  4.93204533  0.17362504 -1.76796873  0.91365289  0.69356285]\n [ 0.8577207   0.17362504  4.58503775 -2.59492433 -0.42104751  0.32233979]\n [-2.69770318 -1.76796873 -2.59492433  6.58873585 -0.72915892 -0.44375442]\n [ 1.17449869  0.91365289 -0.42104751 -0.72915892  5.0263687   1.73131775]\n [ 0.14348299  0.69356285  0.32233979 -0.44375442  1.73131775  4.32986264]]", "nfev": "182", "njev": "26", "status": "0", "success": "True", "message": "Optimization terminated successfully.", "x": "[ 4.85894417  3.09523094  1.26380848 -1.74160193  1.33228325 -0.48591907]", "nit": "24", "callback": [0.7324594518378675, 0.6685743543026523, 0.6358149395424483, 0.6063554608481949, 0.5643901883084032, 0.5336589062668003, 0.5056332146347704, 0.4773675614805879, 0.4631673594635547, 0.4495049577709902, 0.4320180148662375, 0.4281340387178718, 0.42567858664516356, 0.42292542809666256, 0.42266595551822894, 0.4225720889713309, 0.42252507825930385, 0.42251819121932677, 0.4225165781022031, 0.4225153428554451, 0.4225145276601372, 0.42251434507537367, 0.4225143308728547, 0.42251433054755694]}, "5": {"maxiter": 100, "gtol": 1e-10, "xrtol": 1e-05, "eps": 1e-10, "duration": 0.1414177417755127, "fun": "0.4225143305311876", "jac": "[-2.22044587e-06  0.00000000e+00  0.00000000e+00  0.00000000e+00\n -1.11022293e-06  0.00000000e+00]", "hess_inv": "[[ 5.614796   -0.01247961  0.8130522  -2.66887853  1.09042185  0.146214  ]\n [-0.01247961  4.88154474  0.14682277 -1.7737188   0.86627967  0.70768401]\n [ 0.8130522   0.14682277  4.57173709 -2.60045047 -0.42667543  0.33757227]\n [-2.66887853 -1.7737188  -2.60045047  6.5986086  -0.77688566 -0.45197902]\n [ 1.09042185  0.86627967 -0.42667543 -0.77688566  4.99236804  1.76335276]\n [ 0.146214    0.70768401  0.33757227 -0.45197902  1.76335276  4.31949571]]", "nfev": "182", "njev": "26", "status": "0", "success": "True", "message": "Optimization terminated successfully.", "x": "[ 4.85895097  3.09523495  1.26381345 -1.74160785  1.33228465 -0.48591113]", "nit": "24", "callback": [0.7324596454385357, 0.6685746561015316, 0.6358152658367084, 0.6063564017668021, 0.5643891340817984, 0.5336573419949664, 0.5056376750239953, 0.47736774036464347, 0.4631686967175679, 0.4495067801129109, 0.43202016237976726, 0.4281347870659201, 0.4256797150809625, 0.42292563460037247, 0.4226659436564042, 0.42257214131058807, 0.42252506864776707, 0.422518192288865, 0.4225165775838209, 0.4225153437337017, 0.4225145272501116, 0.42251434480242067, 0.42251433076158007, 0.4225143305311876]}, "6": {"maxiter": 100, "gtol": 1e-10, "xrtol": 1e-10, "eps": 1e-05, "duration": 0.43947291374206543, "fun": "0.42251433054496057", "jac": "[ 9.10382880e-09  8.89288643e-09  4.04121181e-09  2.38253861e-08\n  1.86406446e-08 -1.91735516e-08]", "hess_inv": "[[ 5.71083811  0.06563196  1.01296808 -2.9067434   1.03971083  0.20435975]\n [ 0.06563196  4.93958155  0.23131816 -1.84796539  0.86283965  0.71826667]\n [ 1.01296808  0.23131816  4.79200738 -2.84256204 -0.59016202  0.37546377]\n [-2.9067434  -1.84796539 -2.84256204  6.86933413 -0.53264307 -0.49308344]\n [ 1.03971083  0.86283965 -0.59016202 -0.53264307  5.16220726  1.69321661]\n [ 0.20435975  0.71826667  0.37546377 -0.49308344  1.69321661  4.3305905 ]]", "nfev": "362", "njev": "50", "status": "2", "success": "False", "message": "Desired error not necessarily achieved due to precision loss.", "x": "[ 4.85894608  3.09523162  1.26381109 -1.74160488  1.33228126 -0.48591856]", "nit": "25", "callback": [0.7324594518378675, 0.6685743543026523, 0.6358149395424483, 0.6063554608481949, 0.5643901883084032, 0.5336589062668003, 0.5056332146347704, 0.4773675614805879, 0.4631673594635547, 0.4495049577709902, 0.4320180148662375, 0.4281340387178718, 0.42567858664516356, 0.42292542809666256, 0.42266595551822894, 0.4225720889713309, 0.42252507825930385, 0.42251819121932677, 0.4225165781022031, 0.4225153428554451, 0.4225145276601372, 0.42251434507537367, 0.4225143308728547, 0.42251433054755694, 0.42251433054496057]}, "7": {"maxiter": 100, "gtol": 1e-10, "xrtol": 1e-10, "eps": 1e-10, "duration": 0.2513427734375, "fun": "0.422514330528178", "jac": "[ 0.00000000e+00  0.00000000e+00  0.00000000e+00  0.00000000e+00\n  0.00000000e+00 -1.11022293e-06]", "hess_inv": "[[  4.76942347   0.61168929   2.00712633 -14.15825004  -9.24420999\n    4.80466738]\n [  0.61168929   1.94489749  -1.06499922  -3.60248255  -1.72453979\n    2.39008257]\n [  2.00712633  -1.06499922   2.09763409  -4.80206991  -3.86587828\n    0.77169518]\n [-14.15825004  -3.60248255  -4.80206991  45.17965929  29.22666126\n  -17.37401353]\n [ -9.24420999  -1.72453979  -3.86587828  29.22666126  19.80582302\n  -11.06861572]\n [  4.80466738   2.39008257   0.77169518 -17.37401353 -11.06861572\n    8.2547494 ]]", "nfev": "322", "njev": "46", "status": "0", "success": "True", "message": "Optimization terminated successfully.", "x": "[ 4.85895161  3.09523608  1.26381297 -1.74160287  1.33228921 -0.48591401]", "nit": "30", "callback": [0.7324596454385357, 0.6685746561015316, 0.6358152658367084, 0.6063564017668021, 0.5643891340817984, 0.5336573419949664, 0.5056376750239953, 0.47736774036464347, 0.4631686967175679, 0.4495067801129109, 0.43202016237976726, 0.4281347870659201, 0.4256797150809625, 0.42292563460037247, 0.4226659436564042, 0.42257214131058807, 0.42252506864776707, 0.422518192288865, 0.4225165775838209, 0.4225153437337017, 0.4225145272501116, 0.42251434480242067, 0.42251433076158007, 0.4225143305311876, 0.42251433053078025, 0.42251433053048293, 0.42251433053041265, 0.42251433052982, 0.422514330528178, 0.422514330528178]}, "8": {"maxiter": 500, "gtol": 1e-05, "xrtol": 1e-05, "eps": 1e-05, "duration": 0.16928339004516602, "fun": "0.4225143308728547", "jac": "[-8.44757597e-06 -5.14978060e-06 -5.44143619e-06 -3.93403088e-06\n  4.66695571e-06  5.25601784e-07]", "hess_inv": "[[ 5.25360146 -0.12031555  0.67071325 -2.63334565  1.27363808  0.23995661]\n [-0.12031555  4.86407358  0.09053885 -1.73499552  0.95870003  0.73248521]\n [ 0.67071325  0.09053885  4.57545045 -2.68968352 -0.43835856  0.41550742]\n [-2.63334565 -1.73499552 -2.68968352  6.77108308 -0.64472838 -0.52958532]\n [ 1.27363808  0.95870003 -0.43835856 -0.64472838  5.05346679  1.66964729]\n [ 0.23995661  0.73248521  0.41550742 -0.52958532  1.66964729  4.33017322]]", "nfev": "175", "njev": "25", "status": "0", "success": "True", "message": "Optimization terminated successfully.", "x": "[ 4.8589079   3.09521584  1.26378381 -1.74158547  1.33229815 -0.48591351]", "nit": "23", "callback": [0.7324594518378675, 0.6685743543026523, 0.6358149395424483, 0.6063554608481949, 0.5643901883084032, 0.5336589062668003, 0.5056332146347704, 0.4773675614805879, 0.4631673594635547, 0.4495049577709902, 0.4320180148662375, 0.4281340387178718, 0.42567858664516356, 0.42292542809666256, 0.42266595551822894, 0.4225720889713309, 0.42252507825930385, 0.42251819121932677, 0.4225165781022031, 0.4225153428554451, 0.4225145276601372, 0.42251434507537367, 0.4225143308728547]}, "9": {"maxiter": 500, "gtol": 1e-05, "xrtol": 1e-05, "eps": 1e-10, "duration": 0.13792943954467773, "fun": "0.42251433076158007", "jac": "[-7.77156053e-06 -3.33066880e-06 -3.33066880e-06 -2.22044587e-06\n  7.77156053e-06 -1.11022293e-06]", "hess_inv": "[[ 5.26494499 -0.11766373  0.66423403 -2.6215002   1.28056782  0.23598377]\n [-0.11766373  4.86163747  0.07635178 -1.71553212  0.96910198  0.72271755]\n [ 0.66423403  0.07635178  4.56492867 -2.6767872  -0.44604148  0.40201192]\n [-2.6215002  -1.71553212 -2.6767872   6.7569919  -0.63141607 -0.50897583]\n [ 1.28056782  0.96910198 -0.44604148 -0.63141607  5.06691327  1.66797566]\n [ 0.23598377  0.72271755  0.40201192 -0.50897583  1.66797566  4.30866164]]", "nfev": "175", "njev": "25", "status": "0", "success": "True", "message": "Optimization terminated successfully.", "x": "[ 4.8589189   3.09522818  1.2637935  -1.74159272  1.33231327 -0.48590583]", "nit": "23", "callback": [0.7324596454385357, 0.6685746561015316, 0.6358152658367084, 0.6063564017668021, 0.5643891340817984, 0.5336573419949664, 0.5056376750239953, 0.47736774036464347, 0.4631686967175679, 0.4495067801129109, 0.43202016237976726, 0.4281347870659201, 0.4256797150809625, 0.42292563460037247, 0.4226659436564042, 0.42257214131058807, 0.42252506864776707, 0.422518192288865, 0.4225165775838209, 0.4225153437337017, 0.4225145272501116, 0.42251434480242067, 0.42251433076158007]}, "10": {"maxiter": 500, "gtol": 1e-05, "xrtol": 1e-10, "eps": 1e-05, "duration": 0.1379094123840332, "fun": "0.4225143308728547", "jac": "[-8.44757597e-06 -5.14978060e-06 -5.44143619e-06 -3.93403088e-06\n  4.66695571e-06  5.25601784e-07]", "hess_inv": "[[ 5.25360146 -0.12031555  0.67071325 -2.63334565  1.27363808  0.23995661]\n [-0.12031555  4.86407358  0.09053885 -1.73499552  0.95870003  0.73248521]\n [ 0.67071325  0.09053885  4.57545045 -2.68968352 -0.43835856  0.41550742]\n [-2.63334565 -1.73499552 -2.68968352  6.77108308 -0.64472838 -0.52958532]\n [ 1.27363808  0.95870003 -0.43835856 -0.64472838  5.05346679  1.66964729]\n [ 0.23995661  0.73248521  0.41550742 -0.52958532  1.66964729  4.33017322]]", "nfev": "175", "njev": "25", "status": "0", "success": "True", "message": "Optimization terminated successfully.", "x": "[ 4.8589079   3.09521584  1.26378381 -1.74158547  1.33229815 -0.48591351]", "nit": "23", "callback": [0.7324594518378675, 0.6685743543026523, 0.6358149395424483, 0.6063554608481949, 0.5643901883084032, 0.5336589062668003, 0.5056332146347704, 0.4773675614805879, 0.4631673594635547, 0.4495049577709902, 0.4320180148662375, 0.4281340387178718, 0.42567858664516356, 0.42292542809666256, 0.42266595551822894, 0.4225720889713309, 0.42252507825930385, 0.42251819121932677, 0.4225165781022031, 0.4225153428554451, 0.4225145276601372, 0.42251434507537367, 0.4225143308728547]}, "11": {"maxiter": 500, "gtol": 1e-05, "xrtol": 1e-10, "eps": 1e-10, "duration": 0.20952415466308594, "fun": "0.42251433076158007", "jac": "[-7.77156053e-06 -3.33066880e-06 -3.33066880e-06 -2.22044587e-06\n  7.77156053e-06 -1.11022293e-06]", "hess_inv": "[[ 5.26494499 -0.11766373  0.66423403 -2.6215002   1.28056782  0.23598377]\n [-0.11766373  4.86163747  0.07635178 -1.71553212  0.96910198  0.72271755]\n [ 0.66423403  0.07635178  4.56492867 -2.6767872  -0.44604148  0.40201192]\n [-2.6215002  -1.71553212 -2.6767872   6.7569919  -0.63141607 -0.50897583]\n [ 1.28056782  0.96910198 -0.44604148 -0.63141607  5.06691327  1.66797566]\n [ 0.23598377  0.72271755  0.40201192 -0.50897583  1.66797566  4.30866164]]", "nfev": "175", "njev": "25", "status": "0", "success": "True", "message": "Optimization terminated successfully.", "x": "[ 4.