{"date": "2024/09/24/, 22:51:37", "conf_id": 70, "data_type": "random\n", "num_data_points": 4, "s_rank": 0, "unitary": "[[-0.45070455-0.02711853j,0.78437395-0.06613086j,0.06358678+0.19963393j,-0.07343613+0.35668523j],[-0.01890143-0.03813363j,0.32408202+0.25557629j,0.05872864-0.68979805j,0.55466693-0.20227297j],[-0.11215405+0.64023111j,-0.13344055+0.29565494j,-0.49012687-0.19046288j,-0.04241254+0.44046348j],[0.55771659+0.24656916j,0.31851997-0.05798805j,0.28761525-0.34294258j,-0.56718418+0.03616933j]]", "databatch_0": {"databatch": "[[[-0.34452432+3.86536742e-01j,0.16328444+3.03730205e-01j,0.02856226+4.60329368e-04j,0.08953127+1.25051356e-01j],[0.02906325+2.96625588e-01j,0.02885581-8.64126469e-02j,0.27474345+7.79644076e-02j,-0.02234871-2.03025841e-01j],[-0.08347352-5.65381735e-02j,-0.14697572-5.91456045e-02j,0.15877288+8.07238002e-02j,-0.05618524-1.14833258e-01j],[0.00809089-1.66008554e-01j,0.18583103-1.23716562e-01j,-0.31878344+2.52656801e-01j,0.19799551-5.13741616e-02j]],[[0.29352322-1.57801834e-01j,-0.2252495-1.59101695e-01j,-0.01290444+3.69481393e-01j,0.06141436-7.07453530e-02j],[-0.10748773+2.73303916e-02j,-0.0377169-7.00763557e-02j,0.13951185-9.60432699e-02j,0.0217989+1.91662984e-01j],[0.17598002+1.39943856e-02j,-0.16242323-2.69781224e-01j,-0.06916417+1.24914503e-01j,-0.12527908+3.23919535e-02j],[0.07396982-1.04029026e-01j,0.16303203+4.96342519e-01j,-0.25420432+1.78739721e-01j,0.12115903-1.22332334e-01j]],[[0.44747922+1.57836812e-02j,-0.2088908-2.00997735e-03j,-0.04822564-7.12474644e-02j,-0.06480804+2.80366235e-01j],[0.09706494+1.57584325e-01j,0.07975967+1.66471456e-01j,-0.05212619-4.48661381e-01j,0.2697148-1.68370239e-01j],[0.13238777-7.63358313e-02j,0.31223257-1.85208936e-01j,0.02165314+1.88529507e-01j,0.14473459+9.34413608e-02j],[0.15566553+1.02600374e-02j,-0.12045981-2.42381175e-02j,0.06701832-6.62888231e-03j,-0.01256049+1.65118027e-01j]],[[-0.25876165+2.73057698e-02j,-0.02297691-3.97338725e-02j,-0.09516309-2.15876575e-01j,-0.2399342+2.21779775e-02j],[-0.05750011+3.23462371e-01j,-0.21958743+3.14956201e-02j,-0.26148158+4.71556257e-02j,-0.12562962+9.24422332e-02j],[-0.24538372+1.08675113e-01j,0.26372215+3.21556284e-01j,0.15215751-1.50145716e-02j,-0.15188268+1.87259337e-02j],[0.05194628+2.97839382e-01j,-0.11089394-1.22499688e-01j,0.07212045+5.14502061e-02j,0.05954981-3.77530177e-01j]]]", "initial param values": "[5.48555497,2.17412945,5.83544085,3.98158908,6.18134117,1.12499326]", "nelder_mead": {"type": "gradient-free", "0": {"maxiter": 100, "fatol": 1e-05, "xatol": 1e-05, "duration": 0.03879189491271973, "fun": "0.4065227313087716", "nit": "100", "nfev": "155", "status": "2", "success": "False", "message": "Maximum number of iterations has been exceeded.", "x": "[4.7565029  4.06793667 3.48171774 4.22834198 6.86443529 2.31086687]", "final_simplex": "(array([[4.7565029 , 4.06793667, 3.48171774, 4.22834198, 6.86443529,\n        2.31086687],\n       [4.7244661 , 3.87520462, 3.63395135, 4.36066947, 7.06618098,\n        2.2789393 ],\n       [4.5897411 , 3.92825464, 3.49954588, 4.33520316, 6.95053898,\n        2.19317615],\n       [4.64620499, 3.87866335, 3.60651744, 4.18859121, 6.94061255,\n        2.08024205],\n       [4.74621587, 3.7159746 , 3.54921652, 4.29775834, 7.02303933,\n        2.09507714],\n       [4.56539068, 4.02676379, 3.46798467, 4.29751926, 6.98871361,\n        2.30196035],\n       [4.75559163, 3.76448543, 3.79559296, 4.26659332, 6.76959783,\n        2.09351801]]), array([0.40652273, 0.4091385 , 0.41258979, 0.41451996, 0.41714073,\n       0.41719576, 0.41971372]))", "callback": [0.7118362730400529, 0.6923920273738565, 0.6592905978448272, 0.5496808671468186, 0.5471571615859097, 0.506180010093016, 0.47828334017426033, 0.4519838061883912, 0.43714772354665865, 0.4171407279143715]}, "1": {"maxiter": 100, "fatol": 1e-05, "xatol": 1e-10, "duration": 0.03746914863586426, "fun": "0.4065227313087716", "nit": "100", "nfev": "155", "status": "2", "success": "False", "message": "Maximum number of iterations has been exceeded.", "x": "[4.7565029  4.06793667 3.48171774 4.22834198 6.86443529 2.31086687]", "final_simplex": "(array([[4.7565029 , 4.06793667, 3.48171774, 4.22834198, 6.86443529,\n        2.31086687],\n       [4.7244661 , 3.87520462, 3.63395135, 4.36066947, 7.06618098,\n        2.2789393 ],\n       [4.5897411 , 3.92825464, 3.49954588, 4.33520316, 6.95053898,\n        2.19317615],\n       [4.64620499, 3.87866335, 3.60651744, 4.18859121, 6.94061255,\n        2.08024205],\n       [4.74621587, 3.7159746 , 3.54921652, 4.29775834, 7.02303933,\n        2.09507714],\n       [4.56539068, 4.02676379, 3.46798467, 4.29751926, 6.98871361,\n        2.30196035],\n       [4.75559163, 3.76448543, 3.79559296, 4.26659332, 6.76959783,\n        2.09351801]]), array([0.40652273, 0.4091385 , 0.41258979, 0.41451996, 0.41714073,\n       0.41719576, 0.41971372]))", "callback": [0.7118362730400529, 0.6923920273738565, 0.6592905978448272, 0.5496808671468186, 0.5471571615859097, 0.506180010093016, 0.47828334017426033, 0.4519838061883912, 0.43714772354665865, 0.4171407279143715]}, "2": {"maxiter": 100, "fatol": 1e-10, "xatol": 1e-05, "duration": 0.036828041076660156, "fun": "0.4065227313087716", "nit": "100", "nfev": "155", "status": "2", "success": "False", "message": "Maximum number of iterations has been exceeded.", "x": "[4.7565029  4.06793667 3.48171774 4.22834198 6.86443529 2.31086687]", "final_simplex": "(array([[4.7565029 , 4.06793667, 3.48171774, 4.22834198, 6.86443529,\n        2.31086687],\n       [4.7244661 , 3.87520462, 3.63395135, 4.36066947, 7.06618098,\n        2.2789393 ],\n       [4.5897411 , 3.92825464, 3.49954588, 4.33520316, 6.95053898,\n        2.19317615],\n       [4.64620499, 3.87866335, 3.60651744, 4.18859121, 6.94061255,\n        2.08024205],\n       [4.74621587, 3.7159746 , 3.54921652, 4.29775834, 7.02303933,\n        2.09507714],\n       [4.56539068, 4.02676379, 3.46798467, 4.29751926, 6.98871361,\n        2.30196035],\n       [4.75559163, 3.76448543, 3.79559296, 4.26659332, 6.76959783,\n        2.09351801]]), array([0.40652273, 0.4091385 , 0.41258979, 0.41451996, 0.41714073,\n       0.41719576, 0.41971372]))", "callback": [0.7118362730400529, 0.6923920273738565, 0.6592905978448272, 0.5496808671468186, 0.5471571615859097, 0.506180010093016, 0.47828334017426033, 0.4519838061883912, 0.43714772354665865, 0.4171407279143715]}, "3": {"maxiter": 100, "fatol": 1e-10, "xatol": 1e-10, "duration": 0.03600883483886719, "fun": "0.4065227313087716", "nit": "100", "nfev": "155", "status": "2", "success": "False", "message": "Maximum number of iterations has been exceeded.", "x": "[4.7565029  4.06793667 3.48171774 4.22834198 6.86443529 2.31086687]", "final_simplex": "(array([[4.7565029 , 4.06793667, 3.48171774, 4.22834198, 6.86443529,\n        2.31086687],\n       [4.7244661 , 3.87520462, 3.63395135, 4.36066947, 7.06618098,\n        2.2789393 ],\n       [4.5897411 , 3.92825464, 3.49954588, 4.33520316, 6.95053898,\n        2.19317615],\n       [4.64620499, 3.87866335, 3.60651744, 4.18859121, 6.94061255,\n        2.08024205],\n       [4.74621587, 3.7159746 , 3.54921652, 4.29775834, 7.02303933,\n        2.09507714],\n       [4.56539068, 4.02676379, 3.46798467, 4.29751926, 6.98871361,\n        2.30196035],\n       [4.75559163, 3.76448543, 3.79559296, 4.26659332, 6.76959783,\n        2.09351801]]), array([0.40652273, 0.4091385 , 0.41258979, 0.41451996, 0.41714073,\n       0.41719576, 0.41971372]))", "callback": [0.7118362730400529, 0.6923920273738565, 0.6592905978448272, 0.5496808671468186, 0.5471571615859097, 0.506180010093016, 0.47828334017426033, 0.4519838061883912, 0.43714772354665865, 0.4171407279143715]}, "4": {"maxiter": 500, "fatol": 1e-05, "xatol": 1e-05, "duration": 0.12868714332580566, "fun": "0.36162909872034277", "nit": "338", "nfev": "532", "status": "0", "success": "True", "message": "Optimization terminated successfully.", "x": "[5.0362603  4.27312714 3.41099272 4.64796277 6.97365025 2.11227197]", "final_simplex": "(array([[5.0362603 , 4.27312714, 3.41099272, 4.64796277, 6.97365025,\n        2.11227197],\n       [5.0362623 , 4.27312964, 3.41099183, 4.64795554, 6.97364909,\n        2.11227733],\n       [5.03626088, 4.27312689, 3.41098826, 4.64796048, 6.97365353,\n        2.11227489],\n       [5.03626523, 4.2731258 , 3.41099067, 4.64795402, 6.97365007,\n        2.11227326],\n       [5.03626133, 4.27312652, 3.41099119, 4.64796126, 6.97364435,\n        2.11227677],\n       [5.03626854, 4.27312634, 3.41098849, 4.64796672, 6.97364981,\n        2.11227153],\n       [5.03626495, 4.27311872, 3.41099826, 4.64795319, 6.97365344,\n        2.11227778]]), array([0.3616291, 0.3616291, 0.3616291, 0.3616291, 0.3616291, 0.3616291,\n       0.3616291]))", "callback": [0.7118362730400529, 0.6923920273738565, 0.6592905978448272, 0.5496808671468186, 0.5471571615859097, 0.506180010093016, 0.47828334017426033, 0.4519838061883912, 0.43714772354665865, 0.4171407279143715, 0.4065227313087716, 0.3982231765655381, 0.394781977122883, 0.3885441143988424, 0.3767400032146293, 0.365964084730545, 0.36347646818426826, 0.3621280733835235, 0.3621280733835235, 0.36191980646368305, 0.36181640067922594, 0.3616622825362509, 0.3616512244710841, 0.3616357284456364, 0.36163094161243403, 0.36162979583122823, 0.36162946527027406, 0.36162923618150233, 0.3616291343239879, 0.36162910913866253, 0.3616291015536821, 0.3616290996111178, 0.3616290988414075, 0.3616290987343018]}, "5": {"maxiter": 500, "fatol": 1e-05, "xatol": 1e-10, "duration": 0.18704986572265625, "fun": "0.36162909871691473", "nit": "464", "nfev": "800", "status": "0", "success": "True", "message": "Optimization terminated successfully.", "x": "[5.03626196 4.27312737 3.41099443 4.64795872 6.97365058 2.11227358]", "final_simplex": "(array([[5.03626196, 4.27312737, 3.41099443, 4.64795872, 6.97365058,\n        2.11227358],\n       [5.03626196, 4.27312737, 3.41099443, 4.64795872, 6.97365058,\n        2.11227358],\n       [5.03626196, 4.27312737, 3.41099443, 4.64795872, 6.97365058,\n        2.11227358],\n       [5.03626196, 4.27312737, 3.41099443, 4.64795872, 6.97365058,\n        2.11227358],\n       [5.03626196, 4.27312737, 3.41099443, 4.64795872, 6.97365058,\n        2.11227358],\n       [5.03626196, 4.27312737, 3.41099443, 4.64795872, 6.97365058,\n        2.11227358],\n       [5.03626196, 4.27312737, 3.41099443, 4.64795872, 6.97365058,\n        2.11227358]]), array([0.3616291, 0.3616291, 0.3616291, 0.3616291, 0.3616291, 0.3616291,\n       0.3616291]))", "callback": [0.7118362730400529, 0.6923920273738565, 0.6592905978448272, 0.5496808671468186, 0.5471571615859097, 0.506180010093016, 0.47828334017426033, 0.4519838061883912, 0.43714772354665865, 0.4171407279143715, 0.4065227313087716, 0.3982231765655381, 0.394781977122883, 0.3885441143988424, 0.3767400032146293, 0.365964084730545, 0.36347646818426826, 0.3621280733835235, 0.3621280733835235, 0.36191980646368305, 0.36181640067922594, 0.3616622825362509, 0.3616512244710841, 0.3616357284456364, 0.36163094161243403, 0.36162979583122823, 0.36162946527027406, 0.36162923618150233, 0.3616291343239879, 0.36162910913866253, 0.3616291015536821, 0.3616290996111178, 0.3616290988414075, 0.3616290987343018, 0.36162909872034277, 0.361629098717285, 0.36162909871703086, 0.36162909871694393, 0.36162909871693294, 0.3616290987169256, 0.3616290987169206, 0.3616290987169174, 0.36162909871691507, 0.36162909871691484, 0.36162909871691473, 0.36162909871691473, 0.36162909871691473]}, "6": {"maxiter": 500, "fatol": 1e-10, "xatol": 1e-05, "duration": 0.13010191917419434, "fun": "0.36162909872034277", "nit": "338", "nfev": "532", "status": "0", "success": "True", "message": "Optimization terminated successfully.", "x": "[5.0362603  4.27312714 3.41099272 4.64796277 6.97365025 2.11227197]", "final_simplex": "(array([[5.0362603 , 4.27312714, 3.41099272, 4.64796277, 6.97365025,\n        2.11227197],\n       [5.0362623 , 4.27312964, 3.41099183, 4.64795554, 6.97364909,\n        2.11227733],\n       [5.03626088, 4.27312689, 3.41098826, 4.64796048, 6.97365353,\n        2.11227489],\n       [5.03626523, 4.2731258 , 3.41099067, 4.64795402, 6.97365007,\n        2.11227326],\n       [5.03626133, 4.27312652, 3.41099119, 4.64796126, 6.97364435,\n        2.11227677],\n       [5.03626854, 4.27312634, 3.41098849, 4.64796672, 6.97364981,\n        2.11227153],\n       [5.03626495, 4.27311872, 3.41099826, 4.64795319, 6.97365344,\n        2.11227778]]), array([0.3616291, 0.3616291, 0.3616291, 0.3616291, 0.3616291, 0.3616291,\n       0.3616291]))", "callback": [0.7118362730400529, 0.6923920273738565, 0.6592905978448272, 0.5496808671468186, 0.5471571615859097, 0.506180010093016, 0.47828334017426033, 0.4519838061883912, 0.43714772354665865, 0.4171407279143715, 0.4065227313087716, 0.3982231765655381, 0.394781977122883, 0.3885441143988424, 0.3767400032146293, 0.365964084730545, 0.36347646818426826, 0.3621280733835235, 0.3621280733835235, 0.36191980646368305, 0.36181640067922594, 0.3616622825362509, 0.3616512244710841, 0.3616357284456364, 0.36163094161243403, 0.36162979583122823, 0.36162946527027406, 0.36162923618150233, 0.3616291343239879, 0.36162910913866253, 0.3616291015536821, 0.3616290996111178, 0.3616290988414075, 0.3616290987343018]}, "7": {"maxiter": 500, "fatol": 1e-10, "xatol": 1e-10, "duration": 0.19548797607421875, "fun": "0.36162909871691473", "nit": "464", "nfev": "800", "status": "0", "success": "True", "message": "Optimization terminated successfully.", "x": "[5.03626196 4.27312737 3.41099443 4.64795872 6.97365058 2.11227358]", "final_simplex": "(array([[5.03626196, 4.27312737, 3.41099443, 4.64795872, 6.97365058,\n        2.11227358],\n       [5.03626196, 4.27312737, 3.41099443, 4.64795872, 6.97365058,\n        2.11227358],\n       [5.03626196, 4.27312737, 3.41099443, 4.64795872, 6.97365058,\n        2.11227358],\n       [5.03626196, 4.27312737, 3.41099443, 4.64795872, 6.97365058,\n        2.11227358],\n       [5.03626196, 4.27312737, 3.41099443, 4.64795872, 6.97365058,\n        2.11227358],\n       [5.03626196, 4.27312737, 3.41099443, 4.64795872, 6.97365058,\n        2.11227358],\n       [5.03626196, 4.27312737, 3.41099443, 4.64795872, 6.97365058,\n        2.11227358]]), array([0.3616291, 0.3616291, 0.3616291, 0.3616291, 0.3616291, 0.3616291,\n       0.3616291]))", "callback": [0.7118362730400529, 0.6923920273738565, 0.6592905978448272, 0.5496808671468186, 0.5471571615859097, 0.506180010093016, 0.47828334017426033, 0.4519838061883912, 0.43714772354665865, 0.4171407279143715, 0.4065227313087716, 0.3982231765655381, 0.394781977122883, 0.3885441143988424, 0.3767400032146293, 0.365964084730545, 0.36347646818426826, 0.3621280733835235, 0.3621280733835235, 0.36191980646368305, 0.36181640067922594, 0.3616622825362509, 0.3616512244710841, 0.3616357284456364, 0.36163094161243403, 0.36162979583122823, 0.36162946527027406, 0.36162923618150233, 0.3616291343239879, 0.36162910913866253, 0.3616291015536821, 0.3616290996111178, 0.3616290988414075, 0.3616290987343018, 0.36162909872034277, 0.361629098717285, 0.36162909871703086, 0.36162909871694393, 0.36162909871693294, 0.3616290987169256, 0.3616290987169206, 0.3616290987169174, 0.36162909871691507, 0.36162909871691484, 0.36162909871691473, 0.36162909871691473, 0.36162909871691473]}, "8": {"maxiter": 1000, "fatol": 1e-05, "xatol": 1e-05, "duration": 0.12486791610717773, "fun": "0.36162909872034277", "nit": "338", "nfev": "532", "status": "0", "success": "True", "message": "Optimization terminated successfully.", "x": "[5.0362603  4.27312714 3.41099272 4.64796277 6.97365025 2.11227197]", "final_simplex": "(array([[5.0362603 , 4.27312714, 3.41099272, 4.64796277, 6.97365025,\n        2.11227197],\n       [5.0362623 , 4.27312964, 3.41099183, 4.64795554, 6.97364909,\n        2.11227733],\n       [5.03626088, 4.27312689, 3.41098826, 4.64796048, 6.97365353,\n        2.11227489],\n       [5.03626523, 4.2731258 , 3.41099067, 4.64795402, 6.97365007,\n        2.11227326],\n       [5.03626133, 4.27312652, 3.41099119, 4.64796126, 6.97364435,\n        2.11227677],\n       [5.03626854, 4.27312634, 3.41098849, 4.64796672, 6.97364981,\n        2.11227153],\n       [5.03626495, 4.27311872, 3.41099826, 4.64795319, 6.97365344,\n        2.11227778]]), array([0.3616291, 0.3616291, 0.3616291, 0.3616291, 0.3616291, 0.3616291,\n       0.3616291]))", "callback": [0.7118362730400529, 0.6923920273738565, 0.6592905978448272, 0.5496808671468186, 0.5471571615859097, 0.506180010093016, 0.47828334017426033, 0.4519838061883912, 0.43714772354665865, 0.4171407279143715, 0.4065227313087716, 0.3982231765655381, 0.394781977122883, 0.3885441143988424, 0.3767400032146293, 0.365964084730545, 0.36347646818426826, 0.3621280733835235, 0.3621280733835235, 0.36191980646368305, 0.36181640067922594, 0.3616622825362509, 0.3616512244710841, 0.3616357284456364, 0.36163094161243403, 0.36162979583122823, 0.36162946527027406, 0.36162923618150233, 0.3616291343239879, 0.36162910913866253, 0.3616291015536821, 0.3616290996111178, 0.3616290988414075, 0.3616290987343018]}, "9": {"maxiter": 1000, "fatol": 1e-05, "xatol": 1e-10, "duration": 0.19606304168701172, "fun": "0.36162909871691473", "nit": "464", "nfev": "800", "status": "0", "success": "True", "message": "Optimization terminated successfully.", "x": "[5.03626196 4.27312737 3.41099443 4.64795872 6.97365058 2.11227358]", "final_simplex": "(array([[5.03626196, 4.27312737, 3.41099443, 4.64795872, 6.97365058,\n        2.11227358],\n       [5.03626196, 4.27312737, 3.41099443, 4.64795872, 6.97365058,\n        2.11227358],\n       [5.03626196, 4.27312737, 3.41099443, 4.64795872, 6.97365058,\n        2.11227358],\n       [5.03626196, 4.27312737, 3.41099443, 4.64795872, 6.97365058,\n        2.11227358],\n       [5.03626196, 4.27312737, 3.41099443, 4.64795872, 6.97365058,\n        2.11227358],\n       [5.03626196, 4.27312737, 3.41099443, 4.64795872, 6.97365058,\n        2.11227358],\n       [5.03626196, 4.27312737, 3.41099443, 4.64795872, 6.97365058,\n        2.11227358]]), array([0.3616291, 0.3616291, 0.3616291, 0.3616291, 0.3616291, 0.3616291,\n       0.3616291]))", "callback": [0.7118362730400529, 0.6923920273738565, 0.6592905978448272, 0.5496808671468186, 0.5471571615859097, 0.506180010093016, 0.47828334017426033, 0.4519838061883912, 0.43714772354665865, 0.4171407279143715, 0.4065227313087716, 0.3982231765655381, 0.394781977122883, 0.3885441143988424, 0.3767400032146293, 0.365964084730545, 0.36347646818426826, 0.3621280733835235, 0.3621280733835235, 0.36191980646368305, 0.36181640067922594, 0.3616622825362509, 0.3616512244710841, 0.3616357284456364, 0.36163094161243403, 0.36162979583122823, 0.36162946527027406, 0.36162923618150233, 0.3616291343239879, 0.36162910913866253, 0.3616291015536821, 0.3616290996111178, 0.3616290988414075, 0.3616290987343018, 0.36162909872034277, 0.361629098717285, 0.36162909871703086, 0.36162909871694393, 0.36162909871693294, 0.3616290987169256, 0.3616290987169206, 0.3616290987169174, 0.36162909871691507, 0.36162909871691484, 0.36162909871691473, 0.36162909871691473, 0.36162909871691473]}, "10": {"maxiter": 1000, "fatol": 1e-10, "xatol": 1e-05, "duration": 0.1396501064300537, "fun": "0.36162909872034277", "nit": "338", "nfev": "532", "status": "0", "success": "True", "message": "Optimization terminated successfully.", "x": "[5.0362603  4.27312714 3.41099272 4.64796277 6.97365025 2.11227197]", "final_simplex": "(array([[5.0362603 , 4.27312714, 3.41099272, 4.64796277, 6.97365025,\n        2.11227197],\n       [5.0362623 , 4.27312964, 3.41099183, 4.64795554, 6.97364909,\n        2.11227733],\n       [5.03626088, 4.27312689, 3.41098826, 4.64796048, 6.97365353,\n        2.11227489],\n       [5.03626523, 4.2731258 , 3.41099067, 4.64795402, 6.97365007,\n        2.11227326],\n       [5.03626133, 4.27312652, 3.41099119, 4.64796126, 6.97364435,\n        2.11227677],\n       [5.03626854, 4.27312634, 3.41098849, 4.64796672, 6.97364981,\n        2.11227153],\n       [5.03626495, 4.27311872, 3.41099826, 4.64795319, 6.97365344,\n        2.11227778]]), array([0.3616291, 0.3616291, 0.3616291, 0.3616291, 0.3616291, 0.3616291,\n       0.3616291]))", "callback": [0.7118362730400529, 0.6923920273738565, 0.6592905978448272, 0.5496808671468186, 0.5471571615859097, 0.506180010093016, 0.47828334017426033, 0.4519838061883912, 0.43714772354665865, 0.4171407279143715, 0.4065227313087716, 0.3982231765655381, 0.394781977122883, 0.3885441143988424, 0.3767400032146293, 0.365964084730545, 0.36347646818426826, 0.3621280733835235, 0.3621280733835235, 0.36191980646368305, 0.36181640067922594, 0.3616622825362509, 0.3616512244710841, 0.3616357284456364, 0.36163094161243403, 0.36162979583122823, 0.36162946527027406, 0.36162923618150233, 0.3616291343239879, 0.36162910913866253, 0.3616291015536821, 0.3616290996111178, 0.3616290988414075, 0.3616290987343018]}, "11": {"maxiter": 1000, "fatol": 1e-10, "xatol": 1e-10, "duration": 0.19721317291259766, "fun": "0.36162909871691473", "nit": "464", "nfev": "800", "status": "0", "success": "True", "message": "Optimization terminated successfully.", "x": "[5.03626196 4.27312737 3.41099443 4.64795872 6.97365058 2.11227358]", "final_simplex": "(array([[5.03626196, 4.27312737, 3.41099443, 4.64795872, 6.97365058,\n        2.11227358],\n       [5.03626196, 4.27312737, 3.41099443, 4.64795872, 6.97365058,\n        2.11227358],\n       [5.03626196, 4.27312737, 3.41099443, 4.64795872, 6.97365058,\n        2.11227358],\n       [5.03626196, 4.27312737, 3.41099443, 4.64795872, 6.97365058,\n        2.11227358],\n       [5.03626196, 4.27312737, 3.41099443, 4.64795872, 6.97365058,\n        2.11227358],\n       [5.03626196, 4.27312737, 3.41099443, 4.64795872, 6.97365058,\n        2.11227358],\n       [5.03626196, 4.27312737, 3.41099443, 4.64795872, 6.97365058,\n        2.11227358]]), array([0.3616291, 0.3616291, 0.3616291, 0.3616291, 0.3616291, 0.3616291,\n       0.3616291]))", "callback": [0.7118362730400529, 0.6923920273738565, 0.6592905978448272, 0.5496808671468186, 0.5471571615859097, 0.506180010093016, 0.47828334017426033, 0.4519838061883912, 0.43714772354665865, 0.4171407279143715, 0.4065227313087716, 0.3982231765655381, 0.394781977122883, 0.3885441143988424, 0.3767400032146293, 0.365964084730545, 0.36347646818426826, 0.3621280733835235, 0.3621280733835235, 0.36191980646368305, 0.36181640067922594, 0.3616622825362509, 0.3616512244710841, 0.3616357284456364, 0.36163094161243403, 0.36162979583122823, 0.36162946527027406, 0.36162923618150233, 0.3616291343239879, 0.36162910913866253, 0.3616291015536821, 0.3616290996111178, 0.3616290988414075, 0.3616290987343018, 0.36162909872034277, 0.361629098717285, 0.36162909871703086, 0.36162909871694393, 0.36162909871693294, 0.3616290987169256, 0.3616290987169206, 0.3616290987169174, 0.36162909871691507, 0.36162909871691484, 0.36162909871691473, 0.36162909871691473, 0.36162909871691473]}}, "bfgs": {"type": "gradient", "0": {"maxiter": 100, "gtol": 1e-05, "xrtol": 1e-05, "eps": 1e-05, "duration": 0.10001468658447266, "fun": "0.3616290987388485", "jac": "[ 3.04933856e-07  6.59683419e-07  1.80044868e-07  1.65140124e-06\n -1.24644739e-06 -3.03645997e-08]", "hess_inv": "[[ 3.4542208  -0.05267475 -0.4242414   0.39588817  0.39950712  0.2500464 ]\n [-0.05267475  4.27198363 -1.79111469  0.95650825 -0.07915753  1.00026843]\n [-0.4242414  -1.79111469  5.05017231 -1.7463091  -0.85455657 -1.43238311]\n [ 0.39588817  0.95650825 -1.7463091   3.91060434  0.29808911  0.5101795 ]\n [ 0.39950712 -0.07915753 -0.85455657  0.29808911  3.37934651  0.44042469]\n [ 0.2500464   1.00026843 -1.43238311  0.5101795   0.44042469  3.66120946]]", "nfev": "203", "njev": "29", "status": "0", "success": "True", "message": "Optimization terminated successfully.", "x": "[5.036257   4.27312534 3.41099418 4.64795908 6.97364094 2.11226759]", "nit": "25", "callback": [0.6792957732297433, 0.6551578643209559, 0.6236313111376472, 0.5774669484286501, 0.5629532178159828, 0.560070387885333, 0.5592879537792514, 0.5584193864701437, 0.5575006708040555, 0.5510900322839981, 0.5417234542809862, 0.5245617317767746, 0.4959244447789999, 0.45041367132596477, 0.3944719144215657, 0.3723035309867391, 0.3643925184014011, 0.3624592247000875, 0.36177472846144054, 0.3616719935194783, 0.3616405700706269, 0.36163189358734904, 0.36162922629528627, 0.3616291015416204, 0.3616290987388485]}, "1": {"maxiter": 100, "gtol": 1e-05, "xrtol": 1e-05, "eps": 1e-10, "duration": 0.0536808967590332, "fun": "0.36162909874394056", "jac": "[2.22044587e-06 0.00000000e+00 1.11022293e-06 1.11022293e-06\n 0.00000000e+00 0.00000000e+00]", "hess_inv": "[[ 3.42841672 -0.0260787  -0.40601468  0.38290677  0.38749967  0.24444295]\n [-0.0260787   4.26352999 -1.82111056  0.96871631 -0.06778861  1.00250806]\n [-0.40601468 -1.82111056  5.09104326 -1.74367057 -0.83608896 -1.46227285]\n [ 0.38290677  0.96871631 -1.74367057  3.90290467  0.28093472  0.51592178]\n [ 0.38749967 -0.06778861 -0.83608896  0.28093472  3.37035227  0.43832085]\n [ 0.24444295  1.00250806 -1.46227285  0.51592178  0.43832085  3.67449367]]", "nfev": "203", "njev": "29", "status": "0", "success": "True", "message": "Optimization terminated successfully.", "x": "[5.036266   4.27312728 3.41098859 4.64797174 6.97365611 2.11227781]", "nit": "25", "callback": [0.6792964759961253, 0.6551588889993705, 0.6236329621592606, 0.5774672736958854, 0.5629539525322436, 0.5600703816193484, 0.5592879594154234, 0.5584195983500364, 0.5575013224047736, 0.5510995287919056, 0.541737111074865, 0.5245882328720083, 0.49599917583248265, 0.4505568172006357, 0.3945961024234035, 0.37236950147503967, 0.3643859937175644, 0.36247252277359054, 0.36177482193809174, 0.36167205913383693, 0.36164060802133713, 0.36163188700060145, 0.3616292259727498, 0.3616291018455442, 0.36162909874394056]}, "2": {"maxiter": 100, "gtol": 1e-05, "xrtol": 1e-10, "eps": 1e-05, "duration": 0.04964709281921387, "fun": "0.3616290987388485", "jac": "[ 3.04933856e-07  6.59683419e-07  1.80044868e-07  1.65140124e-06\n -1.24644739e-06 -3.03645997e-08]", "hess_inv": "[[ 3.4542208  -0.05267475 -0.4242414   0.39588817  0.39950712  0.2500464 ]\n [-0.05267475  4.27198363 -1.79111469  0.95650825 -0.07915753  1.00026843]\n [-0.4242414  -1.79111469  5.05017231 -1.7463091  -0.85455657 -1.43238311]\n [ 0.39588817  0.95650825 -1.7463091   3.91060434  0.29808911  0.5101795 ]\n [ 0.39950712 -0.07915753 -0.85455657  0.29808911  3.37934651  0.44042469]\n [ 0.2500464   1.00026843 -1.43238311  0.5101795   0.44042469  3.66120946]]", "nfev": "203", "njev": "29", "status": "0", "success": "True", "message": "Optimization terminated successfully.", "x": "[5.036257   4.27312534 3.41099418 4.64795908 6.97364094 2.11226759]", "nit": "25", "callback": [0.6792957732297433, 0.6551578643209559, 0.6236313111376472, 0.5774669484286501, 0.5629532178159828, 0.560070387885333, 0.5592879537792514, 0.5584193864701437, 0.5575006708040555, 0.5510900322839981, 0.5417234542809862, 0.5245617317767746, 0.4959244447789999, 0.45041367132596477, 0.3944719144215657, 0.3723035309867391, 0.3643925184014011, 0.3624592247000875, 0.36177472846144054, 0.3616719935194783, 0.3616405700706269, 0.36163189358734904, 0.36162922629528627, 0.3616291015416204, 0.3616290987388485]}, "3": {"maxiter": 100, "gtol": 1e-05, "xrtol": 1e-10, "eps": 1e-10, "duration": 0.0499730110168457, "fun": "0.36162909874394056", "jac": "[2.22044587e-06 0.00000000e+00 1.11022293e-06 1.11022293e-06\n 0.00000000e+00 0.00000000e+00]", "hess_inv": "[[ 3.42841672 -0.0260787  -0.40601468  0.38290677  0.38749967  0.24444295]\n [-0.0260787   4.26352999 -1.82111056  0.96871631 -0.06778861  1.00250806]\n [-0.40601468 -1.82111056  5.09104326 -1.74367057 -0.83608896 -1.46227285]\n [ 0.38290677  0.96871631 -1.74367057  3.90290467  0.28093472  0.51592178]\n [ 0.38749967 -0.06778861 -0.83608896  0.28093472  3.37035227  0.43832085]\n [ 0.24444295  1.00250806 -1.46227285  0.51592178  0.43832085  3.67449367]]", "nfev": "203", "njev": "29", "status": "0", "success": "True", "message": "Optimization terminated successfully.", "x": "[5.036266   4.27312728 3.41098859 4.64797174 6.97365611 2.11227781]", "nit": "25", "callback": [0.6792964759961253, 0.6551588889993705, 0.6236329621592606, 0.5774672736958854, 0.5629539525322436, 0.5600703816193484, 0.5592879594154234, 0.5584195983500364, 0.5575013224047736, 0.5510995287919056, 0.541737111074865, 0.5245882328720083, 0.49599917583248265, 0.4505568172006357, 0.3945961024234035, 0.37236950147503967, 0.3643859937175644, 0.36247252277359054, 0.36177482193809174, 0.36167205913383693, 0.36164060802133713, 0.36163188700060145, 0.3616292259727498, 0.3616291018455442, 0.36162909874394056]}, "4": {"maxiter": 100, "gtol": 1e-10, "xrtol": 1e-05, "eps": 1e-05, "duration": 0.05180478096008301, "fun": "0.3616290987386588", "jac": "[-6.58362254e-09  5.58442181e-08  4.85944618e-08  4.69624339e-08\n -3.47499807e-08 -1.54543045e-08]", "hess_inv": "[[ 3.45740357 -0.01572076 -0.42854737  0.44321377  0.36588442  0.24952505]\n [-0.01572076  4.29817095 -1.8742403   1.04775746 -0.10591786  1.03383832]\n [-0.42854737 -1.8742403   5.05327335 -1.84801896 -0.77916572 -1.42841933]\n [ 0.44321377  1.04775746 -1.84801896  4.09310613  0.21172888  0.54749512]\n [ 0.36588442 -0.10591786 -0.77916572  0.21172888  3.40634237  0.41016955]\n [ 0.24952505  1.03383832 -1.42841933  0.54749512  0.41016955  3.65739786]]", "nfev": "210", "njev": "30", "status": "0", "success": "True", "message": "Optimization terminated successfully.", "x": "[5.03625577 4.27312102 3.41099667 4.64795211 6.97364494 2.11226681]", "nit": "26", "callback": [0.6792957732297433, 0.6551578643209559, 0.6236313111376472, 0.5774669484286501, 0.5629532178159828, 0.560070387885333, 0.5592879537792514, 0.5584193864701437, 0.5575006708040555, 0.5510900322839981, 0.5417234542809862, 0.5245617317767746, 0.4959244447789999, 0.45041367132596477, 0.3944719144215657, 0.3723035309867391, 0.3643925184014011, 0.3624592247000875, 0.36177472846144054, 0.3616719935194783, 0.3616405700706269, 0.36163189358734904, 0.36162922629528627, 0.3616291015416204, 0.3616290987388485, 0.3616290987386588]}, "5": {"maxiter": 100, "gtol": 1e-10, "xrtol": 1e-05, "eps": 1e-10, "duration": 0.051061153411865234, "fun": "0.3616290987383399", "jac": "[-1.11022293e-06  0.00000000e+00  0.00000000e+00  4.44089173e-06\n  1.11022293e-06  1.11022293e-06]", "hess_inv": "[[ 3.53904151e+00  3.09636871e-03 -5.47394773e-01  5.41779961e-01\n   3.56982659e-01  3.16449086e-01]\n [ 3.09636871e-03  4.25218229e+00 -1.77912123e+00  9.62151539e-01\n  -6.10284628e-02  9.86988247e-01]\n [-5.47394773e-01 -1.77912123e+00  4.94169066e+00 -1.74494673e+00\n  -8.58737820e-01 -1.41062633e+00]\n [ 5.41779961e-01  9.62151539e-01 -1.74494673e+00  4.00772161e+00\n   2.74797097e-01  5.31500745e-01]\n [ 3.56982659e-01 -6.10284628e-02 -8.58737820e-01  2.74797097e-01\n   3.36725469e+00  4.45294529e-01]\n [ 3.16449086e-01  9.86988247e-01 -1.41062633e+00  5.31500745e-01\n   4.45294529e-01  3.65882013e+00]]", "nfev": "210", "njev": "30", "status": "0", "success": "True", "message": "Optimization terminated successfully.", "x": "[5.03625815 4.27312818 3.41098625 4.64796802 6.97365597 2.11227808]", "nit": "26", "callback": [0.6792964759961253, 0.6551588889993705, 0.6236329621592606, 0.5774672736958854, 0.5629539525322436, 0.5600703816193484, 0.5592879594154234, 0.5584195983500364, 0.5575013224047736, 0.5510995287919056, 0.541737111074865, 0.5245882328720083, 0.49599917583248265, 0.4505568172006357, 0.3945961024234035, 0.37236950147503967, 0.3643859937175644, 0.36247252277359054, 0.36177482193809174, 0.36167205913383693, 0.36164060802133713, 0.36163188700060145, 0.3616292259727498, 0.3616291018455442, 0.36162909874394056, 0.3616290987383399]}, "6": {"maxiter": 100, "gtol": 1e-10, "xrtol": 1e-10, "eps": 1e-05, "duration": 0.10533499717712402, "fun": "0.3616290987386588", "jac": "[-6.58362254e-09  5.58442181e-08  4.85944618e-08  4.69624339e-08\n -3.47499807e-08 -1.54543045e-08]", "hess_inv": "[[ 3.44974436 -0.02095284 -0.41143657  0.42436349  0.37148488  0.24249811]\n [-0.02095284  4.35542216 -1.8579279   1.10361277 -0.15634152  1.02291533]\n [-0.41143657 -1.8579279   5.01539904 -1.80068221 -0.79580122 -1.41318651]\n [ 0.42436349  1.10361277 -1.80068221  4.12437999  0.16421094  0.52328221]\n [ 0.37148488 -0.15634152 -0.79580122  0.16421094  3.45063169  0.42076858]\n [ 0.24249811  1.02291533 -1.41318651  0.52328221  0.42076858  3.65156735]]", "nfev": "453", "njev": "63", "status": "2", "success": "False", "message": "Desired error not necessarily achieved due to precision loss.", "x": "[5.03625577 4.27312102 3.41099667 4.64795211 6.97364494 2.11226681]", "nit": "26", "callback": [0.6792957732297433, 0.6551578643209559, 0.6236313111376472, 0.5774669484286501, 0.5629532178159828, 0.560070387885333, 0.5592879537792514, 0.5584193864701437, 0.5575006708040555, 0.5510900322839981, 0.5417234542809862, 0.5245617317767746, 0.4959244447789999, 0.45041367132596477, 0.3944719144215657, 0.3723035309867391, 0.3643925184014011, 0.3624592247000875, 0.36177472846144054, 0.3616719935194783, 0.3616405700706269, 0.36163189358734904, 0.36162922629528627, 0.3616291015416204, 0.3616290987388485, 0.3616290987386588]}, "7": {"maxiter": 100, "gtol": 1e-10, "xrtol": 1e-10, "eps": 1e-10, "duration": 0.12253403663635254, "fun": "0.3616290987288402", "jac": "[-1.11022293e-06  0.00000000e+00  1.11022293e-06 -1.11022293e-06\n  1.11022293e-06 -1.11022293e-06]", "hess_inv": "[[ 0.18032208 -0.30191001  0.01680429  0.07906599 -0.03149871 -0.24230534]\n [-0.30191001  0.51167338 -0.02202807 -0.1320897   0.04953224  0.40642489]\n [ 0.01680429 -0.02202807  0.01629393  0.00789744 -0.01424254 -0.0249051 ]\n [ 0.07906599 -0.1320897   0.00789744  0.03698511 -0.00907894 -0.10585793]\n [-0.03149871  0.04953224 -0.01424254 -0.00907894  0.03095161  0.04699697]\n [-0.24230534  0.40642489 -0.0249051  -0.10585793  0.04699697  0.34084098]]", "nfev": "539", "njev": "77", "status": "0", "success": "True", "message": "Optimization terminated successfully.", "x": "[5.03625792 4.27312705 3.41099252 4.64796466 6.97365309 2.11227816]", "nit": "40", "callback": [0.6792964759961253, 0.6551588889993705, 0.6236329621592606, 0.5774672736958854, 0.5629539525322436, 0.5600703816193484, 0.5592879594154234, 0.5584195983500364, 0.5575013224047736, 0.5510995287919056, 0.541737111074865, 0.5245882328720083, 0.49599917583248265, 0.4505568172006357, 0.3945961024234035, 0.37236950147503967, 0.3643859937175644, 0.36247252277359054, 0.36177482193809174, 0.36167205913383693, 0.36164060802133713, 0.36163188700060145, 0.3616292259727498, 0.3616291018455442, 0.36162909874394056, 0.3616290987383399, 0.36162909873832005, 0.3616290987382921, 0.3616290987382693, 0.36162909873824045, 0.3616290987346146, 0.3616290987305648, 0.3616290987300018, 0.3616290987297782, 0.361629098729759, 0.3616290987297588, 0.3616290987297289, 0.3616290987297054, 0.3616290987288402, 0.3616290987288402]}, "8": {"maxiter": 500, "gtol": 1e-05, "xrtol": 1e-05, "eps": 1e-05, "duration": 0.04659414291381836, "fun": "0.3616290987388485", "jac": "[ 3.04933856e-07  6.59683419e-07  1.80044868e-07  1.65140124e-06\n -1.24644739e-06 -3.03645997e-08]", "hess_inv": "[[ 3.4542208  -0.05267475 -0.4242414   0.39588817  0.39950712  0.2500464 ]\n [-0.05267475  4.27198363 -1.79111469  0.95650825 -0.07915753  1.00026843]\n [-0.4242414  -1.79111469  5.05017231 -1.7463091  -0.85455657 -1.43238311]\n [ 0.39588817  0.95650825 -1.7463091   3.91060434  0.29808911  0.5101795 ]\n [ 0.39950712 -0.07915753 -0.85455657  0.29808911  3.37934651  0.44042469]\n [ 0.2500464   1.00026843 -1.43238311  0.5101795   0.44042469  3.66120946]]", "nfev": "203", "njev": "29", "status": "0", "success": "True", "message": "Optimization terminated successfully.", "x": "[5.036257   4.27312534 3.41099418 4.64795908 6.97364094 2.11226759]", "nit": "25", "callback": [0.6792957732297433, 0.6551578643209559, 0.6236313111376472, 0.5774669484286501, 0.5629532178159828, 0.560070387885333, 0.5592879537792514, 0.5584193864701437, 0.5575006708040555, 0.5510900322839981, 0.5417234542809862, 0.5245617317767746, 0.4959244447789999, 0.45041367132596477, 0.3944719144215657, 0.3723035309867391, 0.3643925184014011, 0.3624592247000875, 0.36177472846144054, 0.3616719935194783, 0.3616405700706269, 0.36163189358734904, 0.36162922629528627, 0.3616291015416204, 0.3616290987388485]}, "9": {"maxiter": 500, "gtol": 1e-05, "xrtol": 1e-05, "eps": 1e-10, "duration": 0.04631400108337402, "fun": "0.36162909874394056", "jac": "[2.22044587e-06 0.00000000e+00 1.11022293e-06 1.11022293e-06\n 0.00000000e+00 0.00000000e+00]", "hess_inv": "[[ 3.42841672 -0.0260787  -0.40601468  0.38290677  0.38749967  0.24444295]\n [-0.0260787   4.26352999 -1.82111056  0.96871631 -0.06778861  1.00250806]\n [-0.40601468 -1.82111056  5.09104326 -1.74367057 -0.83608896 -1.46227285]\n [ 0.38290677  0.96871631 -1.74367057  3.90290467  0.28093472  0.51592178]\n [ 0.38749967 -0.06778861 -0.83608896  0.28093472  3.37035227  0.43832085]\n [ 0.24444295  1.00250806 -1.46227285  0.51592178  0.43832085  3.67449367]]", "nfev": "203", "njev": "29", "status": "0", "success": "True", "message": "Optimization terminated successfully.", "x": "[5.036266   4.27312728 3.41098859 4.64797174 6.97365611 2.11227781]", "nit": "25", "callback": [0.6792964759961253, 0.6551588889993705, 0.6236329621592606, 0.5774672736958854, 0.5629539525322436, 0.5600703816193484, 0.5592879594154234, 0.5584195983500364, 0.5575013224047736, 0.5510995287919056, 0.541737111074865, 0.5245882328720083, 0.49599917583248265, 0.4505568172006357, 0.3945961024234035, 0.37236950147503967, 0.3643859937175644, 0.36247252277359054, 0.36177482193809174, 0.36167205913383693, 0.36164060802133713, 0.36163188700060145, 0.3616292259727498, 0.3616291018455442, 0.36162909874394056]}, "10": {"maxiter": 500, "gtol": 1e-05, "xrtol": 1e-10, "eps": 1e-05, "duration": 0.04643106460571289, "fun": "0.3616290987388485", "jac": "[ 3.04933856e-07  6.59683419e-07  1.80044868e-07  1.65140124e-06\n -1.24644739e-06 -3.03645997e-08]", "hess_inv": "[[ 3.4542208  -0.05267475 -0.4242414   0.39588817  0.39950712  0.2500464 ]\n [-0.05267475  4.27198363 -1.79111469  0.95650825 -0.07915753  1.00026843]\n [-0.4242414  -1.79111469  5.05017231 -1.7463091  -0.85455657 -1.43238311]\n [ 0.39588817  0.95650825 -1.7463091   3.91060434  0.29808911  0.5101795 ]\n [ 0.39950712 -0.07915753 -0.85455657  0.29808911  3.37934651  0.44042469]\n [ 0.2500464   1.00026843 -1.43238311  0.5101795   0.44042469  3.66120946]]", "nfev": "203", "njev": "29", "status": "0", "success": "True", "message": "Optimization terminated successfully.", "x": "[5.036257   4.27312534 3.41099418 4.64795908 6.97364094 2.11226759]", "nit": "25", "callback": [0.6792957732297433, 0.6551578643209559, 0.6236313111376472, 0.5774669484286501, 0.5629532178159828, 0.560070387885333, 0.5592879537792514, 0.5584193864701437, 0.5575006708040555, 0.5510900322839981, 0.5417234542809862, 0.5245617317767746, 0.4959244447789999, 0.45041367132596477, 0.3944719144215657, 0.3723035309867391, 0.3643925184014011, 0.3624592247000875, 0.36177472846144054, 0.3616719935194783, 0.3616405700706269, 0.36163189358734904, 0.36162922629528627, 0.3616291015416204, 0.3616290987388485]}, "11": {"maxiter": 500, "gtol": 1e-05, "xrtol": 1e-10, "eps": 1e-10, "duration": 0.04669690132141113, "fun": "0.36162909874394056", "jac": "[2.22044587e-06 0.00000000e+00 1.11022293e-06 1.11022293e-06\n 0.00000000e+00 0.00000000e+00]", "hess_inv": "[[ 3.42841672 -0.0260787  -0.40601468  0.38290677  0.38749967  0.24444295]\n [-0.0260787   4.26352999 -1.82111056  0.96871631 -0.06778861  1.00250806]\n [-0.40601468 -1.82111056  5.09104326 -1.74367057 -0.83608896 -1.46227285]\n [ 0.38290677  0.96871631 -1.74367057  3.90290467  0.28093472  0.51592178]\n [ 0.38749967 -0.06778861 -0.83608896  0.28093472  3.37035227  0.43832085]\n [ 0.24444295  1.00250806 -1.46227285  0.51592178  0.43832085  3.67449367]]", "nfev": "203", "njev": "29", "status": "0", "success": "True", "message": "Optimization terminated successfully.", "x": "[5.03626