{"date": "2024/09/24/, 23:42:50", "conf_id": 80, "data_type": "orthogonal\n", "num_data_points": 1, "s_rank": 0, "unitary": "[[-0.45070455-0.02711853j,0.78437395-0.06613086j,0.06358678+0.19963393j,-0.07343613+0.35668523j],[-0.01890143-0.03813363j,0.32408202+0.25557629j,0.05872864-0.68979805j,0.55466693-0.20227297j],[-0.11215405+0.64023111j,-0.13344055+0.29565494j,-0.49012687-0.19046288j,-0.04241254+0.44046348j],[0.55771659+0.24656916j,0.31851997-0.05798805j,0.28761525-0.34294258j,-0.56718418+0.03616933j]]", "databatch_0": {"databatch": "[[[-0.45519262-0.19072638j,0.07379944+0.02274156j,0.08834733+0.22174598j,-0.10932711-0.08674573j],[0.2767+0.18767498j,-0.04595749-0.02499511j,-0.02893914-0.15909362j,0.06096902+0.07225975j],[0.19379011+0.14588255j,-0.03240766-0.01975459j,-0.01528218-0.11631515j,0.0415955+0.0545396j],[-0.55498737-0.15802752j,0.08883983+0.01612399j,0.13343946+0.24512064j,-0.13899608-0.08547867j]]]", "initial param values": "[1.90756246,6.16598934,5.95557436,1.6986054,4.9433906,1.92175614]", "nelder_mead": {"type": "gradient-free", "0": {"maxiter": 100, "fatol": 1e-05, "xatol": 1e-05, "duration": 0.03788614273071289, "fun": "0.0954484343451083", "nit": "100", "nfev": "154", "status": "2", "success": "False", "message": "Maximum number of iterations has been exceeded.", "x": "[2.00546009 3.541244   5.13066881 1.03816338 7.70564328 2.12205645]", "final_simplex": "(array([[2.00546009, 3.541244  , 5.13066881, 1.03816338, 7.70564328,\n        2.12205645],\n       [1.93039908, 3.60343083, 5.03443065, 1.0766116 , 7.44111231,\n        2.37988453],\n       [1.85059766, 3.64738802, 4.91552322, 1.11181693, 7.31550119,\n        2.46136474],\n       [2.0377525 , 3.63079287, 5.00204462, 1.03957493, 7.41778377,\n        2.26905933],\n       [1.99900944, 3.67948712, 5.11730406, 1.17682006, 7.42347817,\n        2.05592469],\n       [1.83377579, 3.7515205 , 4.92219148, 1.12132646, 7.3848159 ,\n        2.41123505],\n       [2.02284993, 3.59051838, 5.05725196, 1.01533872, 7.34763985,\n        2.39187948]]), array([0.09544843, 0.10023625, 0.10103324, 0.10177928, 0.10510265,\n       0.10682925, 0.10768397]))", "callback": [0.6433057681403703, 0.4420799153946977, 0.325832823426928, 0.3247759403269366, 0.30630386334318493, 0.2564491407972247, 0.20258607516893568, 0.1620380184634006, 0.1282110365585224, 0.10103324285766757]}, "1": {"maxiter": 100, "fatol": 1e-05, "xatol": 1e-10, "duration": 0.0380856990814209, "fun": "0.0954484343451083", "nit": "100", "nfev": "154", "status": "2", "success": "False", "message": "Maximum number of iterations has been exceeded.", "x": "[2.00546009 3.541244   5.13066881 1.03816338 7.70564328 2.12205645]", "final_simplex": "(array([[2.00546009, 3.541244  , 5.13066881, 1.03816338, 7.70564328,\n        2.12205645],\n       [1.93039908, 3.60343083, 5.03443065, 1.0766116 , 7.44111231,\n        2.37988453],\n       [1.85059766, 3.64738802, 4.91552322, 1.11181693, 7.31550119,\n        2.46136474],\n       [2.0377525 , 3.63079287, 5.00204462, 1.03957493, 7.41778377,\n        2.26905933],\n       [1.99900944, 3.67948712, 5.11730406, 1.17682006, 7.42347817,\n        2.05592469],\n       [1.83377579, 3.7515205 , 4.92219148, 1.12132646, 7.3848159 ,\n        2.41123505],\n       [2.02284993, 3.59051838, 5.05725196, 1.01533872, 7.34763985,\n        2.39187948]]), array([0.09544843, 0.10023625, 0.10103324, 0.10177928, 0.10510265,\n       0.10682925, 0.10768397]))", "callback": [0.6433057681403703, 0.4420799153946977, 0.325832823426928, 0.3247759403269366, 0.30630386334318493, 0.2564491407972247, 0.20258607516893568, 0.1620380184634006, 0.1282110365585224, 0.10103324285766757]}, "2": {"maxiter": 100, "fatol": 1e-10, "xatol": 1e-05, "duration": 0.038472890853881836, "fun": "0.0954484343451083", "nit": "100", "nfev": "154", "status": "2", "success": "False", "message": "Maximum number of iterations has been exceeded.", "x": "[2.00546009 3.541244   5.13066881 1.03816338 7.70564328 2.12205645]", "final_simplex": "(array([[2.00546009, 3.541244  , 5.13066881, 1.03816338, 7.70564328,\n        2.12205645],\n       [1.93039908, 3.60343083, 5.03443065, 1.0766116 , 7.44111231,\n        2.37988453],\n       [1.85059766, 3.64738802, 4.91552322, 1.11181693, 7.31550119,\n        2.46136474],\n       [2.0377525 , 3.63079287, 5.00204462, 1.03957493, 7.41778377,\n        2.26905933],\n       [1.99900944, 3.67948712, 5.11730406, 1.17682006, 7.42347817,\n        2.05592469],\n       [1.83377579, 3.7515205 , 4.92219148, 1.12132646, 7.3848159 ,\n        2.41123505],\n       [2.02284993, 3.59051838, 5.05725196, 1.01533872, 7.34763985,\n        2.39187948]]), array([0.09544843, 0.10023625, 0.10103324, 0.10177928, 0.10510265,\n       0.10682925, 0.10768397]))", "callback": [0.6433057681403703, 0.4420799153946977, 0.325832823426928, 0.3247759403269366, 0.30630386334318493, 0.2564491407972247, 0.20258607516893568, 0.1620380184634006, 0.1282110365585224, 0.10103324285766757]}, "3": {"maxiter": 100, "fatol": 1e-10, "xatol": 1e-10, "duration": 0.038738250732421875, "fun": "0.0954484343451083", "nit": "100", "nfev": "154", "status": "2", "success": "False", "message": "Maximum number of iterations has been exceeded.", "x": "[2.00546009 3.541244   5.13066881 1.03816338 7.70564328 2.12205645]", "final_simplex": "(array([[2.00546009, 3.541244  , 5.13066881, 1.03816338, 7.70564328,\n        2.12205645],\n       [1.93039908, 3.60343083, 5.03443065, 1.0766116 , 7.44111231,\n        2.37988453],\n       [1.85059766, 3.64738802, 4.91552322, 1.11181693, 7.31550119,\n        2.46136474],\n       [2.0377525 , 3.63079287, 5.00204462, 1.03957493, 7.41778377,\n        2.26905933],\n       [1.99900944, 3.67948712, 5.11730406, 1.17682006, 7.42347817,\n        2.05592469],\n       [1.83377579, 3.7515205 , 4.92219148, 1.12132646, 7.3848159 ,\n        2.41123505],\n       [2.02284993, 3.59051838, 5.05725196, 1.01533872, 7.34763985,\n        2.39187948]]), array([0.09544843, 0.10023625, 0.10103324, 0.10177928, 0.10510265,\n       0.10682925, 0.10768397]))", "callback": [0.6433057681403703, 0.4420799153946977, 0.325832823426928, 0.3247759403269366, 0.30630386334318493, 0.2564491407972247, 0.20258607516893568, 0.1620380184634006, 0.1282110365585224, 0.10103324285766757]}, "4": {"maxiter": 500, "fatol": 1e-05, "xatol": 1e-05, "duration": 0.11406517028808594, "fun": "0.08808492112942656", "nit": "260", "nfev": "430", "status": "0", "success": "True", "message": "Optimization terminated successfully.", "x": "[2.01302994 3.26176444 4.8985839  0.97828624 7.77490513 2.19146149]", "final_simplex": "(array([[2.01302994, 3.26176444, 4.8985839 , 0.97828624, 7.77490513,\n        2.19146149],\n       [2.01302659, 3.26177139, 4.89858375, 0.97828888, 7.77489788,\n        2.19146649],\n       [2.01302752, 3.26176922, 4.89858636, 0.97829009, 7.77490011,\n        2.19146467],\n       [2.01303013, 3.26177143, 4.89859037, 0.97828752, 7.77490587,\n        2.19145847],\n       [2.01302781, 3.26176353, 4.89857945, 0.97828442, 7.77490611,\n        2.19146623],\n       [2.01302988, 3.26176959, 4.89858557, 0.9782868 , 7.77489655,\n        2.19146574],\n       [2.01302477, 3.26177268, 4.89858826, 0.97829292, 7.77489852,\n        2.19146082]]), array([0.08808492, 0.08808492, 0.08808492, 0.08808492, 0.08808492,\n       0.08808492, 0.08808492]))", "callback": [0.6433057681403703, 0.4420799153946977, 0.325832823426928, 0.3247759403269366, 0.30630386334318493, 0.2564491407972247, 0.20258607516893568, 0.1620380184634006, 0.1282110365585224, 0.10103324285766757, 0.0954484343451083, 0.09319352075149978, 0.09175030765660463, 0.09131284452522281, 0.09027696466644586, 0.08844113156993672, 0.0881759369301065, 0.08810450324514796, 0.08808818086458825, 0.08808525927064537, 0.08808497615985822, 0.08808493006891882, 0.08808492251145694, 0.08808492129587098, 0.08808492115726385, 0.08808492113519517]}, "5": {"maxiter": 500, "fatol": 1e-05, "xatol": 1e-10, "duration": 0.16489124298095703, "fun": "0.08808492112798294", "nit": "352", "nfev": "641", "status": "0", "success": "True", "message": "Optimization terminated successfully.", "x": "[2.01302865 3.26176846 4.8985866  0.97828827 7.77490366 2.19146082]", "final_simplex": "(array([[2.01302865, 3.26176846, 4.8985866 , 0.97828827, 7.77490366,\n        2.19146082],\n       [2.01302865, 3.26176846, 4.8985866 , 0.97828827, 7.77490366,\n        2.19146082],\n       [2.01302865, 3.26176846, 4.8985866 , 0.97828827, 7.77490366,\n        2.19146082],\n       [2.01302865, 3.26176846, 4.8985866 , 0.97828827, 7.77490366,\n        2.19146082],\n       [2.01302865, 3.26176846, 4.8985866 , 0.97828827, 7.77490366,\n        2.19146082],\n       [2.01302865, 3.26176846, 4.8985866 , 0.97828827, 7.77490366,\n        2.19146082],\n       [2.01302865, 3.26176846, 4.8985866 , 0.97828827, 7.77490366,\n        2.19146082]]), array([0.08808492, 0.08808492, 0.08808492, 0.08808492, 0.08808492,\n       0.08808492, 0.08808492]))", "callback": [0.6433057681403703, 0.4420799153946977, 0.325832823426928, 0.3247759403269366, 0.30630386334318493, 0.2564491407972247, 0.20258607516893568, 0.1620380184634006, 0.1282110365585224, 0.10103324285766757, 0.0954484343451083, 0.09319352075149978, 0.09175030765660463, 0.09131284452522281, 0.09027696466644586, 0.08844113156993672, 0.0881759369301065, 0.08810450324514796, 0.08808818086458825, 0.08808525927064537, 0.08808497615985822, 0.08808493006891882, 0.08808492251145694, 0.08808492129587098, 0.08808492115726385, 0.08808492113519517, 0.08808492112931121, 0.0880849211281538, 0.08808492112800803, 0.08808492112798805, 0.08808492112798438, 0.08808492112798372, 0.08808492112798305, 0.08808492112798305, 0.08808492112798294, 0.08808492112798294]}, "6": {"maxiter": 500, "fatol": 1e-10, "xatol": 1e-05, "duration": 0.10931015014648438, "fun": "0.08808492112942656", "nit": "260", "nfev": "430", "status": "0", "success": "True", "message": "Optimization terminated successfully.", "x": "[2.01302994 3.26176444 4.8985839  0.97828624 7.77490513 2.19146149]", "final_simplex": "(array([[2.01302994, 3.26176444, 4.8985839 , 0.97828624, 7.77490513,\n        2.19146149],\n       [2.01302659, 3.26177139, 4.89858375, 0.97828888, 7.77489788,\n        2.19146649],\n       [2.01302752, 3.26176922, 4.89858636, 0.97829009, 7.77490011,\n        2.19146467],\n       [2.01303013, 3.26177143, 4.89859037, 0.97828752, 7.77490587,\n        2.19145847],\n       [2.01302781, 3.26176353, 4.89857945, 0.97828442, 7.77490611,\n        2.19146623],\n       [2.01302988, 3.26176959, 4.89858557, 0.9782868 , 7.77489655,\n        2.19146574],\n       [2.01302477, 3.26177268, 4.89858826, 0.97829292, 7.77489852,\n        2.19146082]]), array([0.08808492, 0.08808492, 0.08808492, 0.08808492, 0.08808492,\n       0.08808492, 0.08808492]))", "callback": [0.6433057681403703, 0.4420799153946977, 0.325832823426928, 0.3247759403269366, 0.30630386334318493, 0.2564491407972247, 0.20258607516893568, 0.1620380184634006, 0.1282110365585224, 0.10103324285766757, 0.0954484343451083, 0.09319352075149978, 0.09175030765660463, 0.09131284452522281, 0.09027696466644586, 0.08844113156993672, 0.0881759369301065, 0.08810450324514796, 0.08808818086458825, 0.08808525927064537, 0.08808497615985822, 0.08808493006891882, 0.08808492251145694, 0.08808492129587098, 0.08808492115726385, 0.08808492113519517]}, "7": {"maxiter": 500, "fatol": 1e-10, "xatol": 1e-10, "duration": 0.18704009056091309, "fun": "0.08808492112798294", "nit": "352", "nfev": "641", "status": "0", "success": "True", "message": "Optimization terminated successfully.", "x": "[2.01302865 3.26176846 4.8985866  0.97828827 7.77490366 2.19146082]", "final_simplex": "(array([[2.01302865, 3.26176846, 4.8985866 , 0.97828827, 7.77490366,\n        2.19146082],\n       [2.01302865, 3.26176846, 4.8985866 , 0.97828827, 7.77490366,\n        2.19146082],\n       [2.01302865, 3.26176846, 4.8985866 , 0.97828827, 7.77490366,\n        2.19146082],\n       [2.01302865, 3.26176846, 4.8985866 , 0.97828827, 7.77490366,\n        2.19146082],\n       [2.01302865, 3.26176846, 4.8985866 , 0.97828827, 7.77490366,\n        2.19146082],\n       [2.01302865, 3.26176846, 4.8985866 , 0.97828827, 7.77490366,\n        2.19146082],\n       [2.01302865, 3.26176846, 4.8985866 , 0.97828827, 7.77490366,\n        2.19146082]]), array([0.08808492, 0.08808492, 0.08808492, 0.08808492, 0.08808492,\n       0.08808492, 0.08808492]))", "callback": [0.6433057681403703, 0.4420799153946977, 0.325832823426928, 0.3247759403269366, 0.30630386334318493, 0.2564491407972247, 0.20258607516893568, 0.1620380184634006, 0.1282110365585224, 0.10103324285766757, 0.0954484343451083, 0.09319352075149978, 0.09175030765660463, 0.09131284452522281, 0.09027696466644586, 0.08844113156993672, 0.0881759369301065, 0.08810450324514796, 0.08808818086458825, 0.08808525927064537, 0.08808497615985822, 0.08808493006891882, 0.08808492251145694, 0.08808492129587098, 0.08808492115726385, 0.08808492113519517, 0.08808492112931121, 0.0880849211281538, 0.08808492112800803, 0.08808492112798805, 0.08808492112798438, 0.08808492112798372, 0.08808492112798305, 0.08808492112798305, 0.08808492112798294, 0.08808492112798294]}, "8": {"maxiter": 1000, "fatol": 1e-05, "xatol": 1e-05, "duration": 0.10999894142150879, "fun": "0.08808492112942656", "nit": "260", "nfev": "430", "status": "0", "success": "True", "message": "Optimization terminated successfully.", "x": "[2.01302994 3.26176444 4.8985839  0.97828624 7.77490513 2.19146149]", "final_simplex": "(array([[2.01302994, 3.26176444, 4.8985839 , 0.97828624, 7.77490513,\n        2.19146149],\n       [2.01302659, 3.26177139, 4.89858375, 0.97828888, 7.77489788,\n        2.19146649],\n       [2.01302752, 3.26176922, 4.89858636, 0.97829009, 7.77490011,\n        2.19146467],\n       [2.01303013, 3.26177143, 4.89859037, 0.97828752, 7.77490587,\n        2.19145847],\n       [2.01302781, 3.26176353, 4.89857945, 0.97828442, 7.77490611,\n        2.19146623],\n       [2.01302988, 3.26176959, 4.89858557, 0.9782868 , 7.77489655,\n        2.19146574],\n       [2.01302477, 3.26177268, 4.89858826, 0.97829292, 7.77489852,\n        2.19146082]]), array([0.08808492, 0.08808492, 0.08808492, 0.08808492, 0.08808492,\n       0.08808492, 0.08808492]))", "callback": [0.6433057681403703, 0.4420799153946977, 0.325832823426928, 0.3247759403269366, 0.30630386334318493, 0.2564491407972247, 0.20258607516893568, 0.1620380184634006, 0.1282110365585224, 0.10103324285766757, 0.0954484343451083, 0.09319352075149978, 0.09175030765660463, 0.09131284452522281, 0.09027696466644586, 0.08844113156993672, 0.0881759369301065, 0.08810450324514796, 0.08808818086458825, 0.08808525927064537, 0.08808497615985822, 0.08808493006891882, 0.08808492251145694, 0.08808492129587098, 0.08808492115726385, 0.08808492113519517]}, "9": {"maxiter": 1000, "fatol": 1e-05, "xatol": 1e-10, "duration": 0.15525603294372559, "fun": "0.08808492112798294", "nit": "352", "nfev": "641", "status": "0", "success": "True", "message": "Optimization terminated successfully.", "x": "[2.01302865 3.26176846 4.8985866  0.97828827 7.77490366 2.19146082]", "final_simplex": "(array([[2.01302865, 3.26176846, 4.8985866 , 0.97828827, 7.77490366,\n        2.19146082],\n       [2.01302865, 3.26176846, 4.8985866 , 0.97828827, 7.77490366,\n        2.19146082],\n       [2.01302865, 3.26176846, 4.8985866 , 0.97828827, 7.77490366,\n        2.19146082],\n       [2.01302865, 3.26176846, 4.8985866 , 0.97828827, 7.77490366,\n        2.19146082],\n       [2.01302865, 3.26176846, 4.8985866 , 0.97828827, 7.77490366,\n        2.19146082],\n       [2.01302865, 3.26176846, 4.8985866 , 0.97828827, 7.77490366,\n        2.19146082],\n       [2.01302865, 3.26176846, 4.8985866 , 0.97828827, 7.77490366,\n        2.19146082]]), array([0.08808492, 0.08808492, 0.08808492, 0.08808492, 0.08808492,\n       0.08808492, 0.08808492]))", "callback": [0.6433057681403703, 0.4420799153946977, 0.325832823426928, 0.3247759403269366, 0.30630386334318493, 0.2564491407972247, 0.20258607516893568, 0.1620380184634006, 0.1282110365585224, 0.10103324285766757, 0.0954484343451083, 0.09319352075149978, 0.09175030765660463, 0.09131284452522281, 0.09027696466644586, 0.08844113156993672, 0.0881759369301065, 0.08810450324514796, 0.08808818086458825, 0.08808525927064537, 0.08808497615985822, 0.08808493006891882, 0.08808492251145694, 0.08808492129587098, 0.08808492115726385, 0.08808492113519517, 0.08808492112931121, 0.0880849211281538, 0.08808492112800803, 0.08808492112798805, 0.08808492112798438, 0.08808492112798372, 0.08808492112798305, 0.08808492112798305, 0.08808492112798294, 0.08808492112798294]}, "10": {"maxiter": 1000, "fatol": 1e-10, "xatol": 1e-05, "duration": 0.10003185272216797, "fun": "0.08808492112942656", "nit": "260", "nfev": "430", "status": "0", "success": "True", "message": "Optimization terminated successfully.", "x": "[2.01302994 3.26176444 4.8985839  0.97828624 7.77490513 2.19146149]", "final_simplex": "(array([[2.01302994, 3.26176444, 4.8985839 , 0.97828624, 7.77490513,\n        2.19146149],\n       [2.01302659, 3.26177139, 4.89858375, 0.97828888, 7.77489788,\n        2.19146649],\n       [2.01302752, 3.26176922, 4.89858636, 0.97829009, 7.77490011,\n        2.19146467],\n       [2.01303013, 3.26177143, 4.89859037, 0.97828752, 7.77490587,\n        2.19145847],\n       [2.01302781, 3.26176353, 4.89857945, 0.97828442, 7.77490611,\n        2.19146623],\n       [2.01302988, 3.26176959, 4.89858557, 0.9782868 , 7.77489655,\n        2.19146574],\n       [2.01302477, 3.26177268, 4.89858826, 0.97829292, 7.77489852,\n        2.19146082]]), array([0.08808492, 0.08808492, 0.08808492, 0.08808492, 0.08808492,\n       0.08808492, 0.08808492]))", "callback": [0.6433057681403703, 0.4420799153946977, 0.325832823426928, 0.3247759403269366, 0.30630386334318493, 0.2564491407972247, 0.20258607516893568, 0.1620380184634006, 0.1282110365585224, 0.10103324285766757, 0.0954484343451083, 0.09319352075149978, 0.09175030765660463, 0.09131284452522281, 0.09027696466644586, 0.08844113156993672, 0.0881759369301065, 0.08810450324514796, 0.08808818086458825, 0.08808525927064537, 0.08808497615985822, 0.08808493006891882, 0.08808492251145694, 0.08808492129587098, 0.08808492115726385, 0.08808492113519517]}, "11": {"maxiter": 1000, "fatol": 1e-10, "xatol": 1e-10, "duration": 0.14713311195373535, "fun": "0.08808492112798294", "nit": "352", "nfev": "641", "status": "0", "success": "True", "message": "Optimization terminated successfully.", "x": "[2.01302865 3.26176846 4.8985866  0.97828827 7.77490366 2.19146082]", "final_simplex": "(array([[2.01302865, 3.26176846, 4.8985866 , 0.97828827, 7.77490366,\n        2.19146082],\n       [2.01302865, 3.26176846, 4.8985866 , 0.97828827, 7.77490366,\n        2.19146082],\n       [2.01302865, 3.26176846, 4.8985866 , 0.97828827, 7.77490366,\n        2.19146082],\n       [2.01302865, 3.26176846, 4.8985866 , 0.97828827, 7.77490366,\n        2.19146082],\n       [2.01302865, 3.26176846, 4.8985866 , 0.97828827, 7.77490366,\n        2.19146082],\n       [2.01302865, 3.26176846, 4.8985866 , 0.97828827, 7.77490366,\n        2.19146082],\n       [2.01302865, 3.26176846, 4.8985866 , 0.97828827, 7.77490366,\n        2.19146082]]), array([0.08808492, 0.08808492, 0.08808492, 0.08808492, 0.08808492,\n       0.08808492, 0.08808492]))", "callback": [0.6433057681403703, 0.4420799153946977, 0.325832823426928, 0.3247759403269366, 0.30630386334318493, 0.2564491407972247, 0.20258607516893568, 0.1620380184634006, 0.1282110365585224, 0.10103324285766757, 0.0954484343451083, 0.09319352075149978, 0.09175030765660463, 0.09131284452522281, 0.09027696466644586, 0.08844113156993672, 0.0881759369301065, 0.08810450324514796, 0.08808818086458825, 0.08808525927064537, 0.08808497615985822, 0.08808493006891882, 0.08808492251145694, 0.08808492129587098, 0.08808492115726385, 0.08808492113519517, 0.08808492112931121, 0.0880849211281538, 0.08808492112800803, 0.08808492112798805, 0.08808492112798438, 0.08808492112798372, 0.08808492112798305, 0.08808492112798305, 0.08808492112798294, 0.08808492112798294]}}, "bfgs": {"type": "gradient", "0": {"maxiter": 100, "gtol": 1e-05, "xrtol": 1e-05, "eps": 1e-05, "duration": 0.05661797523498535, "fun": "0.08808492129527379", "jac": "[-1.55397917e-06 -1.13919985e-06 -2.06278328e-06 -3.15503179e-07\n  1.81191728e-06  1.55231383e-07]", "hess_inv": "[[ 3.72553503 -4.80635965 -4.68265438  3.7711836  -3.66038529 -2.54832834]\n [-4.80635965 12.34733509  7.07327421 -7.52662847  6.26632682  8.29416092]\n [-4.68265438  7.07327421 11.61548933 -6.42276052  7.2258891   1.73961995]\n [ 3.7711836  -7.52662847 -6.42276052  7.31426577 -5.36809995 -4.6345846 ]\n [-3.66038529  6.26632682  7.2258891  -5.36809995  9.92363108  6.07133539]\n [-2.54832834  8.29416092  1.73961995 -4.6345846   6.07133539 11.10626215]]", "nfev": "245", "njev": "35", "status": "0", "success": "True", "message": "Optimization terminated successfully.", "x": "[2.16955327 6.42718286 7.87624763 2.30830765 9.42871904 3.17742011]", "nit": "30", "callback": [0.4042440621709058, 0.3583495760317059, 0.3268065675738422, 0.3190032027636621, 0.3121783622921215, 0.26063523283433665, 0.23513248816355048, 0.21206802481601683, 0.1800847256116621, 0.1616058726395636, 0.15131360080024037, 0.1425395238907532, 0.13856419967591505, 0.13299623929505244, 0.12497628376643433, 0.11889458991244417, 0.11019018756085563, 0.10190630387143162, 0.09643062837903982, 0.09520072458484163, 0.09324237965624105, 0.09119259404908575, 0.08991987161123627, 0.08843042129764378, 0.08813355704955605, 0.08809120972953832, 0.08808511541775288, 0.08808494153719526, 0.08808492143472468, 0.08808492129527379]}, "1": {"maxiter": 100, "gtol": 1e-05, "xrtol": 1e-05, "eps": 1e-10, "duration": 0.05681490898132324, "fun": "0.08808492114891864", "jac": "[ 0.00000000e+00 -3.33066880e-06 -4.44089173e-06 -3.33066880e-06\n  0.00000000e+00 -5.55111466e-06]", "hess_inv": "[[ 3.56600712 -4.45390888 -4.49812015  3.64106478 -3.63311988 -2.31225548]\n [-4.45390888 11.60084991  6.42124441 -7.15235384  5.84253466  7.80019475]\n [-4.49812015  6.42124441 11.36439625 -6.28854668  7.17168851  1.3204983 ]\n [ 3.64106478 -7.15235384 -6.28854668  7.23360852 -5.28227951 -4.32244775]\n [-3.63311988  5.84253466  7.17168851 -5.28227951  9.85285564  5.67363679]\n [-2.31225548  7.80019475  1.3204983  -4.32244775  5.67363679 10.7351692 ]]", "nfev": "245", "njev": "35", "status": "0", "success": "True", "message": "Optimization terminated successfully.", "x": "[2.17010937 6.4271852  7.87631152 2.30824935 9.42799841 3.17679839]", "nit": "30", "callback": [0.4042432984982385, 0.358348167362632, 0.3268071484358753, 0.31900237659832487, 0.3121782098698497, 0.26064614736126657, 0.23513578016640846, 0.21207175031216796, 0.18009201267829933, 0.1616129450076066, 0.15132181084284158, 0.14254726314540234, 0.13856736165591754, 0.13299395916408552, 0.12496204041070624, 0.11887444310793915, 0.1101763986402522, 0.10189016978604837, 0.09651023659056379, 0.09506408438530778, 0.09290082037357272, 0.09116829680891236, 0.08968608561710034, 0.08838367862499374, 0.08814952342110038, 0.08808974414273851, 0.08808528034023344, 0.08808494971094638, 0.08808492173152338, 0.08808492114891864]}, "2": {"maxiter": 100, "gtol": 1e-05, "xrtol": 1e-10, "eps": 1e-05, "duration": 0.05542588233947754, "fun": "0.08808492129527379", "jac": "[-1.55397917e-06 -1.13919985e-06 -2.06278328e-06 -3.15503179e-07\n  1.81191728e-06  1.55231383e-07]", "hess_inv": "[[ 3.72553503 -4.80635965 -4.68265438  3.7711836  -3.66038529 -2.54832834]\n [-4.80635965 12.34733509  7.07327421 -7.52662847  6.26632682  8.29416092]\n [-4.68265438  7.07327421 11.61548933 -6.42276052  7.2258891   1.73961995]\n [ 3.7711836  -7.52662847 -6.42276052  7.31426577 -5.36809995 -4.6345846 ]\n [-3.66038529  6.26632682  7.2258891  -5.36809995  9.92363108  6.07133539]\n [-2.54832834  8.29416092  1.73961995 -4.6345846   6.07133539 11.10626215]]", "nfev": "245", "njev": "35", "status": "0", "success": "True", "message": "Optimization terminated successfully.", "x": "[2.16955327 6.42718286 7.87624763 2.30830765 9.42871904 3.17742011]", "nit": "30", "callback": [0.4042440621709058, 0.3583495760317059, 0.3268065675738422, 0.3190032027636621, 0.3121783622921215, 0.26063523283433665, 0.23513248816355048, 0.21206802481601683, 0.1800847256116621, 0.1616058726395636, 0.15131360080024037, 0.1425395238907532, 0.13856419967591505, 0.13299623929505244, 0.12497628376643433, 0.11889458991244417, 0.11019018756085563, 0.10190630387143162, 0.09643062837903982, 0.09520072458484163, 0.09324237965624105, 0.09119259404908575, 0.08991987161123627, 0.08843042129764378, 0.08813355704955605, 0.08809120972953832, 0.08808511541775288, 0.08808494153719526, 0.08808492143472468, 0.08808492129527379]}, "3": {"maxiter": 100, "gtol": 1e-05, "xrtol": 1e-10, "eps": 1e-10, "duration": 0.05511593818664551, "fun": "0.08808492114891864", "jac": "[ 0.00000000e+00 -3.33066880e-06 -4.44089173e-06 -3.33066880e-06\n  0.00000000e+00 -5.55111466e-06]", "hess_inv": "[[ 3.56600712 -4.45390888 -4.49812015  3.64106478 -3.63311988 -2.31225548]\n [-4.45390888 11.60084991  6.42124441 -7.15235384  5.84253466  7.80019475]\n [-4.49812015  6.42124441 11.36439625 -6.28854668  7.17168851  1.3204983 ]\n [ 3.64106478 -7.15235384 -6.28854668  7.23360852 -5.28227951 -4.32244775]\n [-3.63311988  5.84253466  7.17168851 -5.28227951  9.85285564  5.67363679]\n [-2.31225548  7.80019475  1.3204983  -4.32244775  5.67363679 10.7351692 ]]", "nfev": "245", "njev": "35", "status": "0", "success": "True", "message": "Optimization terminated successfully.", "x": "[2.17010937 6.4271852  7.87631152 2.30824935 9.42799841 3.17679839]", "nit": "30", "callback": [0.4042432984982385, 0.358348167362632, 0.3268071484358753, 0.31900237659832487, 0.3121782098698497, 0.26064614736126657, 0.23513578016640846, 0.21207175031216796, 0.18009201267829933, 0.1616129450076066, 0.15132181084284158, 0.14254726314540234, 0.13856736165591754, 0.13299395916408552, 0.12496204041070624, 0.11887444310793915, 0.1101763986402522, 0.10189016978604837, 0.09651023659056379, 0.09506408438530778, 0.09290082037357272, 0.09116829680891236, 0.08968608561710034, 0.08838367862499374, 0.08814952342110038, 0.08808974414273851, 0.08808528034023344, 0.08808494971094638, 0.08808492173152338, 0.08808492114891864]}, "4": {"maxiter": 100, "gtol": 1e-10, "xrtol": 1e-05, "eps": 1e-05, "duration": 0.05674886703491211, "fun": "0.08808492127497536", "jac": "[-2.78111978e-06 -8.60034266e-07 -7.94742050e-07  6.77535805e-07\n  6.14697182e-07  4.29067892e-07]", "hess_inv": "[[ 3.80598736 -4.76712671 -4.63872006  3.79021883 -3.98848486 -2.80081695]\n [-4.76712671 12.05051197  6.6261275  -7.37903474  6.52279417  8.57758839]\n [-4.63872006  6.6261275  10.94457536 -6.20724584  7.66434969  2.20467136]\n [ 3.79021883 -7.37903474 -6.20724584  7.25822311 -5.62803964 -4.87229556]\n [-3.98848486  6.52279417  7.66434969 -5.62803964 10.71272966  6.56514346]\n [-2.80081695  8.57758839  2.20467136 -4.87229556  6.56514346 11.37552971]]", "nfev": "252", "njev": "36", "status": "0", "success": "True", "message": "Optimization terminated successfully.", "x": "[2.16955305 6.42718737 7.87625436 2.30830557 9.42871388 3.17741487]", "nit": "31", "callback": [0.4042440621709058, 0.3583495760317059, 0.3268065675738422, 0.3190032027636621, 0.3121783622921215, 0.26063523283433665, 0.23513248816355048, 0.21206802481601683, 0.1800847256116621, 0.1616058726395636, 0.15131360080024037, 0.1425395238907532, 0.13856419967591505, 0.13299623929505244, 0.12497628376643433, 0.11889458991244417, 0.11019018756085563, 0.10190630387143162, 0.09643062837903982, 0.09520072458484163, 0.09324237965624105, 0.09119259404908575, 0.08991987161123627, 0.08843042129764378, 0.08813355704955605, 0.08809120972953832, 0.08808511541775288, 0.08808494153719526, 0.08808492143472468, 0.08808492129527379, 0.08808492127497536]}, "5": {"maxiter": 100, "gtol": 1e-10, "xrtol": 1e-05, "eps": 1e-10, "duration": 0.05522274971008301, "fun": "0.08808492114891864", "jac": "[ 0.00000000e+00 -3.33066880e-06 -4.44089173e-06 -3.33066880e-06\n  0.00000000e+00 -5.55111466e-06]", "hess_inv": "[[ 3.56600712 -4.45390888 -4.49812015  3.64106478 -3.63311988 -2.31225548]\n [-4.45390888 11.60084991  6.42124441 -7.15235384  5.84253466  7.80019475]\n [-4.49812015  6.42124441 11.36439625 -6.28854668  7.17168851  1.3204983 ]\n [ 3.64106478 -7.15235384 -6.28854668  7.23360852 -5.28227951 -4.32244775]\n [-3.63311988  5.84253466  7.17168851 -5.28227951  9.85285564  5.67363679]\n [-2.31225548  7.80019475  1.3204983  -4.32244775  5.67363679 10.7351692 ]]", "nfev": "245", "njev": "35", "status": "0", "success": "True", "message": "Optimization terminated successfully.", "x": "[2.17010937 6.4271852  7.87631152 2.30824935 9.42799841 3.17679839]", "nit": "30", "callback": [0.4042432984982385, 0.358348167362632, 0.3268071484358753, 0.31900237659832487, 0.3121782098698497, 0.26064614736126657, 0.23513578016640846, 0.21207175031216796, 0.18009201267829933, 0.1616129450076066, 0.15132181084284158, 0.14254726314540234, 0.13856736165591754, 0.13299395916408552, 0.12496204041070624, 0.11887444310793915, 0.1101763986402522, 0.10189016978604837, 0.09651023659056379, 0.09506408438530778, 0.09290082037357272, 0.09116829680891236, 0.08968608561710034, 0.08838367862499374, 0.08814952342110038, 0.08808974414273851, 0.08808528034023344, 0.08808494971094638, 0.08808492173152338, 0.08808492114891864]}, "6": {"maxiter": 100, "gtol": 1e-10, "xrtol": 1e-10, "eps": 1e-05, "duration": 0.09780716896057129, "fun": "0.08808492126630063", "jac": "[-3.89127619e-06 -5.51769741e-07  3.76587650e-07  1.63442593e-06\n -4.56634730e-07  6.56974475e-07]", "hess_inv": "[[ 11.34122235  -1.5323414    1.29207853   1.78273321 -18.55125364\n  -15.96875625]\n [ -1.5323414   11.39794207   6.1237263   -7.29653206   2.71625808\n    5.39025796]\n [  1.29207853   6.1237263   11.05935684  -6.37692524  -0.14419051\n   -4.47597376]\n [  1.78273321  -7.29653206  -6.37692524   7.35617579  -2.87985952\n   -2.50506874]\n [-18.55125364   2.71625808  -0.14419051  -2.87985952  35.92227189\n   29.05592166]\n [-15.96875625   5.39025796  -4.47597376  -2.50506874  29.05592166\n   31.40521386]]", "nfev": "436", "njev": "61", "status": "2", "success": "False", "message": "Desired error not necessarily achieved due to precision loss.", "x": "[2.16955944 6.4271911  7.8762608  2.30830342 9.42870052 3.17740265]", "nit": "32", "callback": [0.4042440621709058, 0.3583495760317059, 0.3268065675738422, 0.3190032027636621, 0.3121783622921215, 0.26063523283433665, 0.23513248816355048, 0.21206802481601683, 0.1800847256116621, 0.1616058726395636, 0.15131360080024037, 0.1425395238907532, 0.13856419967591505, 0.13299623929505244, 0.12497628376643433, 0.11889458991244417, 0.11019018756085563, 0.10190630387143162, 0.09643062837903982, 0.09520072458484163, 0.09324237965624105, 0.09119259404908575, 0.08991987161123627, 0.08843042129764378, 0.08813355704955605, 0.08809120972953832, 0.08808511541775288, 0.08808494153719526, 0.08808492143472468, 0.08808492129527379, 0.08808492127497536, 0.08808492126630063]}, "7": {"maxiter": 100, "gtol": 1e-10, "xrtol": 1e-10, "eps": 1e-10, "duration": 0.08388829231262207, "fun": "0.08808492114307476", "jac": "[ 0.00000000e+00 -2.22044587e-06  2.22044587e-06 -2.22044587e-06\n  0.00000000e+00  2.22044587e-06]", "hess_inv": "[[ 1.08084615 -0.14177038 -1.41775962 -0.39507146 -1.0941765   1.12953545]\n [-0.14177038  1.78489508 -1.14072256 -0.12457818 -1.05506377  0.54678154]\n [-1.41775962 -1.14072256  7.71845579 -0.39750165  4.63337232 -4.86558921]\n [-0.39507146 -0.12457818 -0.39750165  0.72982843 -0.902171   -0.40959929]\n [-1.0941765  -1.05506377  4.63337232 -0.902171    6.75965777 -2.03810678]\n [ 1.12953545  0.54678154 -4.86558921 -0.40959929 -2.03810678  4.32686531]]", "nfev": "371", "njev": "53", "status": "0", "success": "True", "message": "Optimization terminated successfully.", "x": "[2.1701085  6.42718705 7.87630531 2.30824937 9.42799668 3.17680827]", "nit": "34", "callback": [0.4042432984982385, 0.358348167362632, 0.3268071484358753, 0.31900237659832487, 0.3121782098698497, 0.26064614736126657, 0.23513578016640846, 0.21207175031216796, 0.18009201267829933, 0.1616129450076066, 0.15132181084284158, 0.14254726314540234, 0.13856736165591754, 0.13299395916408552, 0.12496204041070624, 0.11887444310793915, 0.1101763986402522, 0.10189016978604837, 0.09651023659056379, 0.09506408438530778, 0.09290082037357272, 0.09116829680891236, 0.08968608561710034, 0.08838367862499374, 0.08814952342110038, 0.08808974414273851, 0.08808528034023344, 0.08808494971094638, 0.08808492173152338, 0.08808492114891864, 0.08808492114874311, 0.08808492114857769, 0.08808492114307476, 0.08808492114307476]}, "8": {"maxiter": 500, "gtol": 1e-05, "xrtol": 1e-05, "eps": 1e-05, "duration": 0.05600881576538086, "fun": "0.08808492129527379", "jac": "[-1.55397917e-06 -1.13919985e-06 -2.06278328e-06 -3.15503179e-07\n  1.81191728e-06  1.55231383e-07]", "hess_inv": "[[ 3.72553503 -4.80635965 -4.68265438  3.7711836  -3.66038529 -2.54832834]\n [-4.80635965 12.34733509  7.07327421 -7.52662847  6.26632682  8.29416092]\n [-4.68265438  7.07327421 11.61548933 -6.42276052  7.2258891   1.73961995]\n [ 3.7711836  -7.52662847 -6.42276052  7.31426577 -5.36809995 -4.6345846 ]\n [-3.66038529  6.26632682  7.2258891  -5.36809995  9.92363108  6.07133539]\n [-2.54832834  8.29416092  1.73961995 -4.6345846   6.07133539 11.10626215]]", "nfev": "245", "njev": "35", "status": "0", "success": "True", "message": "Optimization terminated successfully.", "x": "[2.16955327 6.42718286 7.87624763 2.30830765 9.42871904 3.17742011]", "nit": "30", "callback": [0.4042440621709058, 0.3583495760317059, 0.3268065675738422, 0.3190032027636621, 0.3121783622921215, 0.26063523283433665, 0.23513248816355048, 0.21206802481601683, 0.1800847256116621, 0.1616058726395636, 0.15131360080024037, 0.1425395238907532, 0.13856419967591505, 0.13299623929505244, 0.12497628376643433, 0.11889458991244417, 0.11019018756085563, 0.10190630387143162, 0.09643062837903982, 0.09520072458484163, 0.09324237965624105, 0.09119259404908575, 0.08991987161123627, 0.08843042129764378, 0.08813355704955605, 0.08809120972953832, 0.08808511541775288, 0.08808494153719526, 0.08808492143472468, 0.08808492129527379]}, "9": {"maxiter": 500, "gtol": 1e-05, "xrtol": 1e-05, "eps": 1e-10, "duration": 0.0553898811340332, "fun": "0.08808492114891864", "jac": "[ 0.00000000e+00 -3.33066880e-06 -4.44089173e-06 -3.33066880e-06\n  0.00000000e+00 -5.55111466e-06]", "hess_inv": "[[ 3.56600712 -4.45390888 -4.49812015  3.64106478 -3.63311988 -2.31225548]\n [-4.45390888 11.60084991  6.42124441 -7.15235384  5.84253466  7.80019475]\n [-4.49812015  6.42124441 11.36439625 -6.28854668  7.17168851  1.3204983 ]\n [ 3.64106478 -7.15235384 -6.28854668  7.23360852 -5.28227951 -4.32244775]\n [-3.63311988  5.84253466  7.17168851 -5.28227951  9.85285564  5.67363679]\n [-2.31225548  7.80019475  1.3204983  -4.32244775  5.67363679 10.7351692 ]]", "nfev": "245", "njev": "35", "status": "0", "success": "True", "message": "Optimization terminated successfully.", "x": "[2.17010937 6.4271852  7.87631152 2.30824935 9.42799841 3.17679839]", "nit": "30", "callback": [0.4042432984982385, 0.358348167362632, 0.3268071484358753, 0.31900237659832487, 0.3121782098698497, 0.26064614736126657, 0.23513578016640846, 0.21207175031216796, 0.18009201267829933, 0.1616129450076066, 0.15132181084284158, 0.14254726314540234, 0.13856736165591754, 0.13299395916408552, 0.12496204041070624, 0.11887444310793915, 0.1101763986402522, 0.10189016978604837, 0.09651023659056379, 0.09506408438530778, 0.09290082037357272, 0.09116829680891236, 0.08968608561710034, 0.08838367862499374, 0.08814952342110038, 0.08808974414273851, 0.08808528034023344, 0.08808494971094638, 0.08808492173152338, 0.08808492114891864]}, "10": {"maxiter": 500, "gtol": 1e-05, "xrtol": 1e-10, "eps": 1e-05, "duration": 0.05655503273010254, "fun": "0.08808492129527379", "jac": "[-1.55397917e-06 -1.13919985e-06 -2.06278328e-06 -3.15503179e-07\n  1.81191728e-06  1.55231383e-07]", "hess_inv": "[[ 3.72553503 -4.80635965 -4.68265438  3.7711836  -3.66038529 -2.54832834]\n [-4.80635965 12.34733509  7.07327421 -7.52662847  6.26632682  8.29416092]\n [-4.68265438  7.07327421 11.61548933 -6.42276052  7.2258891   1.73961995]\n [ 3.7711836  -7.52662847 -6.42276052  7.31426577 -5.36809995 -4.6345846 ]\n [-3.66038529  6.26632682  7.2258891  -5.36809995  9.92363108  6.07133539]\n [-2.54832834  8.29416092  1.73961995 -4.6345846   6.07133539 11.10626215]]", "nfev": "245", "njev": "35", "status": "0", "success": "True", "message": "Optimization terminated successfully.", "x": "[2.16955327 6.42718286 7.87624763 2.30830765 9.42871904 3.17742011]", "nit": "30", "callback": [0.4042440621709058, 0.3583495760317059, 0.3268065675738422, 0.3190032027636621, 0.3121783622921215, 0.26063523283433665, 0.23513248816355048, 0.21206802481601683, 0.1800847256116621, 0.1616058726395636, 0.15131360080024037, 0.1425395238907532, 0.13856419967591505, 0.13299623929505244, 0.12497628376643433, 0.11889458991244417, 0.11019018756085563, 0.10190630387143162, 0.09643062837903982, 0.09520072458484163, 0.09324237965624105, 0.09119259404908575, 0.08991987161123627, 0.08843042129764378, 0.08813355704955605, 0.08809120972953832, 0.08808511541775288, 0.08808494153719526, 0.08808492143472468, 0.08808492129527379]}, "11": {"maxiter": 500, "gtol": 1e-05, "xrtol": 1e-10, "eps": 1e-10, "duration": 0.05432486534118652, "fun": "0.08808492114891864", "jac": "[ 0.00000000e+00 -3.33066880e-06 -4.44089173e-06 -3.33066880e-06\n  0.00000000e+00 -5.55111466e-06]", "hess_inv": "[[ 3.56600712 -4.45390888 -4.49812015  3.64106478 -3.63311988 -2.31225548]\n [-4.45390888 11.60084991  6.42124441 -7.15235384  5.84253466  7.80019475]\n [-4.49812015  6.42124441 11.36439625 -6.28854668  7.17168851  1.3204983 ]\n [ 3.64106478 -7.15235384 -6.28854668  7.23360852 -5.28227951 -4.32244775]\n [-3.63311988  5.84253466  7.17168851 -5.28227951  9.85285564  5.67363679]\n [-2.31225548  7.80019475  1.3204983  -4.32244775  5.67363679 10.7351692 ]]", "nfev": "245", "njev": "35", "status": "0", "success": "True", "message": "Optimization terminated successfully.", "x": "[2.17010937 6.4271852  7.87631152 2.30824935 9.42799841 3.17679839]", "nit": "30", "callback": [0.4042432984982385, 0.358348167362632, 0.3268071484358753, 0.31900237659832487, 0.3121782098698497, 0.26064614736126657, 0.23513578016640846, 0.21207175031216796, 0.18009201267829933, 0.1616129450076066, 0.15132181084284158, 0.14254726314540234, 0.13856736165591754, 0.13299395916408552, 0.12496204041070624, 0.11887444310793915, 0.1101763986402522, 0.10189016978604837, 0.09651023659056379, 0.09506408438530778, 0.09290082037357272, 0.09116829680891236, 0.08968608561710034, 0.08838367862499374, 0.08814952342110038, 0.08808974414273851, 0.08808528034023344, 0.08808494971094638, 0.08808492173152338, 0.08808492114891864]}, "12": {"maxiter": 500, "gtol": 1e-10, "xrtol": 1e-05, "eps": 1e-05, "duration": 0.05618095397949219, "fun": "0.08808492127497536", "jac": "[-2.78111978e-06 -8.60034266e-07 -7.94742050e-07  6.77535805e-07\n  6.14697182e-07  4.29067892e-07]", "hess_inv": "[[ 3.80598736 -4.76712671 -4.63872006  3.79021883 -3.98848486 -2.80081695]\n [-4.76712671 12.05051197  6.6261275  -7.37903474  6.52279417  8.57758839]\n [-4.63872006  6.6261275  10.94457536 -6.20724584  7.66434969  2.20467136]\n [ 3.79021883 -7.37903474 -6.20724584  7.25822311 -5.62803964 -4.87229556]\n [-3.98848486  6.52279417  7.66434969 -5.62803964 10.71272966  6.56514346]\n [-2.80081695  8.57758839  2.20467136 -4.87229556  6.56514346 11.37552971]]", "nfev": "252", "njev": "36", "status": "0", "success": "True", "message": "Optimization terminated successfully.", "x": "[2.16955305 6.42718737 7.87625436 2.30830557 9.42871388 3.17741487]", "nit": "31", "callback": [0.4042440621709058, 0.3583495760317059, 0.3268065675738422, 0.3190032027636621, 0.3121783622921215, 0.26063523283433665, 0.23513248816355048, 0.2120