{"date": "2024/10/08/, 15:10:30", "conf_id": 7, "data_type": "random\n", "num_data_points": 1, "s_rank": 0, "unitary": "[[0.18663085-0.53122324j,-0.11886349-0.70040876j,0.28555095-0.02789305j,-0.12262021-0.2844587j],[-0.16702216+0.27758472j,0.27526351-0.29738586j,-0.01109314+0.22495461j,-0.77239203+0.28900673j],[0.61935415+0.12301792j,-0.31269928-0.03315917j,-0.61902762-0.19039079j,-0.27120731-0.0968989j],[0.42341754+0.0023929j,-0.05847358+0.47832119j,0.64900495-0.16218422j,-0.37182676-0.05229966j]]", "databatch_0": {"databatch": "[[[0.15886146+0.0610829j,0.07932448+0.02639176j,0.07338829+0.00374489j,-0.07714906-0.02806378j],[0.48686462+0.0135062j,0.14521341+0.04967288j,0.0622276+0.10469281j,-0.21623799-0.10218724j],[0.38315917-0.12754217j,0.16841432-0.08746805j,0.0978711-0.12289051j,-0.16188911+0.06284061j],[-0.20485272+0.24791507j,0.10587479+0.22720328j,0.39303651+0.18255967j,-0.0976712-0.03953698j]]]", "initial param values": "[3.67075271,2.5265403,2.59126197,3.19935011,2.70587584,4.89566042]", "nelder_mead": {"type": "gradient-free", "0": {"maxiter": 100, "fatol": 1e-05, "xatol": 1e-05, "duration": 0.05143928527832031, "fun": "0.13555317286377", "nit": "100", "nfev": "149", "status": "2", "success": "False", "message": "Maximum number of iterations has been exceeded.", "x": "[1.36797201 1.22625142 3.35786052 3.91238952 4.07071538 5.67853566]", "final_simplex": "(array([[1.36797201, 1.22625142, 3.35786052, 3.91238952, 4.07071538,\n        5.67853566],\n       [1.41207453, 1.22212284, 3.3027746 , 3.74319407, 4.17008815,\n        5.790557  ],\n       [1.32507675, 1.2887678 , 3.34642617, 4.00465836, 3.83254032,\n        5.600422  ],\n       [1.19884109, 1.2253195 , 3.45674068, 3.89577612, 3.98492044,\n        5.85472901],\n       [1.40576693, 1.01035756, 3.49169419, 3.77931822, 4.18802856,\n        5.93002327],\n       [1.30619972, 0.99006022, 3.61028864, 3.87406165, 4.08612692,\n        5.78343598],\n       [1.39383281, 1.14308931, 3.61509673, 3.92604777, 3.88369913,\n        5.56227236]]), array([0.13555317, 0.13861085, 0.14252629, 0.14594727, 0.14864387,\n       0.14894849, 0.15343699]))", "callback": [0.9647328767591817, 0.5582272515226752, 0.5194464454809019, 0.29765537186028324, 0.27053346517599186, 0.2473885828270186, 0.22741150768132679, 0.21071138513676646, 0.1848175666467965, 0.15446434790086283]}, "1": {"maxiter": 100, "fatol": 1e-05, "xatol": 1e-10, "duration": 0.04240989685058594, "fun": "0.13555317286377", "nit": "100", "nfev": "149", "status": "2", "success": "False", "message": "Maximum number of iterations has been exceeded.", "x": "[1.36797201 1.22625142 3.35786052 3.91238952 4.07071538 5.67853566]", "final_simplex": "(array([[1.36797201, 1.22625142, 3.35786052, 3.91238952, 4.07071538,\n        5.67853566],\n       [1.41207453, 1.22212284, 3.3027746 , 3.74319407, 4.17008815,\n        5.790557  ],\n       [1.32507675, 1.2887678 , 3.34642617, 4.00465836, 3.83254032,\n        5.600422  ],\n       [1.19884109, 1.2253195 , 3.45674068, 3.89577612, 3.98492044,\n        5.85472901],\n       [1.40576693, 1.01035756, 3.49169419, 3.77931822, 4.18802856,\n        5.93002327],\n       [1.30619972, 0.99006022, 3.61028864, 3.87406165, 4.08612692,\n        5.78343598],\n       [1.39383281, 1.14308931, 3.61509673, 3.92604777, 3.88369913,\n        5.56227236]]), array([0.13555317, 0.13861085, 0.14252629, 0.14594727, 0.14864387,\n       0.14894849, 0.15343699]))", "callback": [0.9647328767591817, 0.5582272515226752, 0.5194464454809019, 0.29765537186028324, 0.27053346517599186, 0.2473885828270186, 0.22741150768132679, 0.21071138513676646, 0.1848175666467965, 0.15446434790086283]}, "2": {"maxiter": 100, "fatol": 1e-10, "xatol": 1e-05, "duration": 0.04704689979553223, "fun": "0.13555317286377", "nit": "100", "nfev": "149", "status": "2", "success": "False", "message": "Maximum number of iterations has been exceeded.", "x": "[1.36797201 1.22625142 3.35786052 3.91238952 4.07071538 5.67853566]", "final_simplex": "(array([[1.36797201, 1.22625142, 3.35786052, 3.91238952, 4.07071538,\n        5.67853566],\n       [1.41207453, 1.22212284, 3.3027746 , 3.74319407, 4.17008815,\n        5.790557  ],\n       [1.32507675, 1.2887678 , 3.34642617, 4.00465836, 3.83254032,\n        5.600422  ],\n       [1.19884109, 1.2253195 , 3.45674068, 3.89577612, 3.98492044,\n        5.85472901],\n       [1.40576693, 1.01035756, 3.49169419, 3.77931822, 4.18802856,\n        5.93002327],\n       [1.30619972, 0.99006022, 3.61028864, 3.87406165, 4.08612692,\n        5.78343598],\n       [1.39383281, 1.14308931, 3.61509673, 3.92604777, 3.88369913,\n        5.56227236]]), array([0.13555317, 0.13861085, 0.14252629, 0.14594727, 0.14864387,\n       0.14894849, 0.15343699]))", "callback": [0.9647328767591817, 0.5582272515226752, 0.5194464454809019, 0.29765537186028324, 0.27053346517599186, 0.2473885828270186, 0.22741150768132679, 0.21071138513676646, 0.1848175666467965, 0.15446434790086283]}, "3": {"maxiter": 100, "fatol": 1e-10, "xatol": 1e-10, "duration": 0.044352054595947266, "fun": "0.13555317286377", "nit": "100", "nfev": "149", "status": "2", "success": "False", "message": "Maximum number of iterations has been exceeded.", "x": "[1.36797201 1.22625142 3.35786052 3.91238952 4.07071538 5.67853566]", "final_simplex": "(array([[1.36797201, 1.22625142, 3.35786052, 3.91238952, 4.07071538,\n        5.67853566],\n       [1.41207453, 1.22212284, 3.3027746 , 3.74319407, 4.17008815,\n        5.790557  ],\n       [1.32507675, 1.2887678 , 3.34642617, 4.00465836, 3.83254032,\n        5.600422  ],\n       [1.19884109, 1.2253195 , 3.45674068, 3.89577612, 3.98492044,\n        5.85472901],\n       [1.40576693, 1.01035756, 3.49169419, 3.77931822, 4.18802856,\n        5.93002327],\n       [1.30619972, 0.99006022, 3.61028864, 3.87406165, 4.08612692,\n        5.78343598],\n       [1.39383281, 1.14308931, 3.61509673, 3.92604777, 3.88369913,\n        5.56227236]]), array([0.13555317, 0.13861085, 0.14252629, 0.14594727, 0.14864387,\n       0.14894849, 0.15343699]))", "callback": [0.9647328767591817, 0.5582272515226752, 0.5194464454809019, 0.29765537186028324, 0.27053346517599186, 0.2473885828270186, 0.22741150768132679, 0.21071138513676646, 0.1848175666467965, 0.15446434790086283]}, "4": {"maxiter": 500, "fatol": 1e-05, "xatol": 1e-05, "duration": 0.22396278381347656, "fun": "0.1096296944054993", "nit": "477", "nfev": "732", "status": "0", "success": "True", "message": "Optimization terminated successfully.", "x": "[0.99522715 1.50514124 2.71808049 3.44708103 2.77960947 4.53131611]", "final_simplex": "(array([[0.99522715, 1.50514124, 2.71808049, 3.44708103, 2.77960947,\n        4.53131611],\n       [0.99522729, 1.50513822, 2.71808363, 3.44708026, 2.7796125 ,\n        4.53131978],\n       [0.99522656, 1.50514131, 2.71808131, 3.44708205, 2.77960491,\n        4.53131301],\n       [0.99522574, 1.50514077, 2.71807965, 3.44708113, 2.77960358,\n        4.53131159],\n       [0.99522424, 1.50514077, 2.71808044, 3.44708078, 2.77960549,\n        4.53131408],\n       [0.99522617, 1.50514096, 2.71808023, 3.44708274, 2.77960313,\n        4.5313094 ],\n       [0.99522792, 1.50513934, 2.71808362, 3.4470832 , 2.77961465,\n        4.53132193]]), array([0.10962969, 0.10962969, 0.10962969, 0.10962969, 0.10962969,\n       0.10962969, 0.10962969]))", "callback": [0.9647328767591817, 0.5582272515226752, 0.5194464454809019, 0.29765537186028324, 0.27053346517599186, 0.2473885828270186, 0.22741150768132679, 0.21071138513676646, 0.1848175666467965, 0.15446434790086283, 0.13555317286377, 0.13424335381671515, 0.13241171240541905, 0.13132604596196928, 0.12950703126172347, 0.12634503885710457, 0.12248272498412038, 0.11332604138252644, 0.11178191226658618, 0.11124345524191814, 0.11081770817423009, 0.11038861394803245, 0.10997090063554915, 0.10976938530547575, 0.10968210254993105, 0.10964614842286102, 0.10963981541882473, 0.10963220898096182, 0.10963110980962032, 0.10963008896340687, 0.10962984776195228, 0.10962975767984395, 0.10962972343367205, 0.1096297137348543, 0.10962970698196017, 0.10962970138797057, 0.10962969766730701, 0.10962969766730701, 0.10962969603973827, 0.10962969543389378, 0.10962969492080932, 0.10962969469186512, 0.10962969454320037, 0.10962969445517157, 0.10962969442660364, 0.10962969440722692, 0.10962969440722692, 0.10962969440624093]}, "5": {"maxiter": 500, "fatol": 1e-05, "xatol": 1e-10, "duration": 0.24068570137023926, "fun": "0.10962969440526782", "nit": "500", "nfev": "775", "status": "2", "success": "False", "message": "Maximum number of iterations has been exceeded.", "x": "[0.99522664 1.50514038 2.71808112 3.44708068 2.77960771 4.53131457]", "final_simplex": "(array([[0.99522664, 1.50514038, 2.71808112, 3.44708068, 2.77960771,\n        4.53131457],\n       [0.99522678, 1.50514013, 2.71808144, 3.44708071, 2.77960839,\n        4.53131524],\n       [0.99522677, 1.50514029, 2.71808135, 3.44708064, 2.77960851,\n        4.53131534],\n       [0.99522662, 1.50514023, 2.71808131, 3.44708064, 2.77960839,\n        4.53131518],\n       [0.99522687, 1.50514044, 2.71808109, 3.44708076, 2.77960847,\n        4.53131518],\n       [0.99522661, 1.50514046, 2.71808126, 3.44708088, 2.77960777,\n        4.53131477],\n       [0.99522694, 1.50514029, 2.71808147, 3.44708079, 2.7796085 ,\n        4.53131519]]), array([0.10962969, 0.10962969, 0.10962969, 0.10962969, 0.10962969,\n       0.10962969, 0.10962969]))", "callback": [0.9647328767591817, 0.5582272515226752, 0.5194464454809019, 0.29765537186028324, 0.27053346517599186, 0.2473885828270186, 0.22741150768132679, 0.21071138513676646, 0.1848175666467965, 0.15446434790086283, 0.13555317286377, 0.13424335381671515, 0.13241171240541905, 0.13132604596196928, 0.12950703126172347, 0.12634503885710457, 0.12248272498412038, 0.11332604138252644, 0.11178191226658618, 0.11124345524191814, 0.11081770817423009, 0.11038861394803245, 0.10997090063554915, 0.10976938530547575, 0.10968210254993105, 0.10964614842286102, 0.10963981541882473, 0.10963220898096182, 0.10963110980962032, 0.10963008896340687, 0.10962984776195228, 0.10962975767984395, 0.10962972343367205, 0.1096297137348543, 0.10962970698196017, 0.10962970138797057, 0.10962969766730701, 0.10962969766730701, 0.10962969603973827, 0.10962969543389378, 0.10962969492080932, 0.10962969469186512, 0.10962969454320037, 0.10962969445517157, 0.10962969442660364, 0.10962969440722692, 0.10962969440722692, 0.10962969440624093, 0.10962969440544046, 0.10962969440528159]}, "6": {"maxiter": 500, "fatol": 1e-10, "xatol": 1e-05, "duration": 0.23955512046813965, "fun": "0.1096296944054993", "nit": "477", "nfev": "732", "status": "0", "success": "True", "message": "Optimization terminated successfully.", "x": "[0.99522715 1.50514124 2.71808049 3.44708103 2.77960947 4.53131611]", "final_simplex": "(array([[0.99522715, 1.50514124, 2.71808049, 3.44708103, 2.77960947,\n        4.53131611],\n       [0.99522729, 1.50513822, 2.71808363, 3.44708026, 2.7796125 ,\n        4.53131978],\n       [0.99522656, 1.50514131, 2.71808131, 3.44708205, 2.77960491,\n        4.53131301],\n       [0.99522574, 1.50514077, 2.71807965, 3.44708113, 2.77960358,\n        4.53131159],\n       [0.99522424, 1.50514077, 2.71808044, 3.44708078, 2.77960549,\n        4.53131408],\n       [0.99522617, 1.50514096, 2.71808023, 3.44708274, 2.77960313,\n        4.5313094 ],\n       [0.99522792, 1.50513934, 2.71808362, 3.4470832 , 2.77961465,\n        4.53132193]]), array([0.10962969, 0.10962969, 0.10962969, 0.10962969, 0.10962969,\n       0.10962969, 0.10962969]))", "callback": [0.9647328767591817, 0.5582272515226752, 0.5194464454809019, 0.29765537186028324, 0.27053346517599186, 0.2473885828270186, 0.22741150768132679, 0.21071138513676646, 0.1848175666467965, 0.15446434790086283, 0.13555317286377, 0.13424335381671515, 0.13241171240541905, 0.13132604596196928, 0.12950703126172347, 0.12634503885710457, 0.12248272498412038, 0.11332604138252644, 0.11178191226658618, 0.11124345524191814, 0.11081770817423009, 0.11038861394803245, 0.10997090063554915, 0.10976938530547575, 0.10968210254993105, 0.10964614842286102, 0.10963981541882473, 0.10963220898096182, 0.10963110980962032, 0.10963008896340687, 0.10962984776195228, 0.10962975767984395, 0.10962972343367205, 0.1096297137348543, 0.10962970698196017, 0.10962970138797057, 0.10962969766730701, 0.10962969766730701, 0.10962969603973827, 0.10962969543389378, 0.10962969492080932, 0.10962969469186512, 0.10962969454320037, 0.10962969445517157, 0.10962969442660364, 0.10962969440722692, 0.10962969440722692, 0.10962969440624093]}, "7": {"maxiter": 500, "fatol": 1e-10, "xatol": 1e-10, "duration": 0.2461543083190918, "fun": "0.10962969440526782", "nit": "500", "nfev": "775", "status": "2", "success": "False", "message": "Maximum number of iterations has been exceeded.", "x": "[0.99522664 1.50514038 2.71808112 3.44708068 2.77960771 4.53131457]", "final_simplex": "(array([[0.99522664, 1.50514038, 2.71808112, 3.44708068, 2.77960771,\n        4.53131457],\n       [0.99522678, 1.50514013, 2.71808144, 3.44708071, 2.77960839,\n        4.53131524],\n       [0.99522677, 1.50514029, 2.71808135, 3.44708064, 2.77960851,\n        4.53131534],\n       [0.99522662, 1.50514023, 2.71808131, 3.44708064, 2.77960839,\n        4.53131518],\n       [0.99522687, 1.50514044, 2.71808109, 3.44708076, 2.77960847,\n        4.53131518],\n       [0.99522661, 1.50514046, 2.71808126, 3.44708088, 2.77960777,\n        4.53131477],\n       [0.99522694, 1.50514029, 2.71808147, 3.44708079, 2.7796085 ,\n        4.53131519]]), array([0.10962969, 0.10962969, 0.10962969, 0.10962969, 0.10962969,\n       0.10962969, 0.10962969]))", "callback": [0.9647328767591817, 0.5582272515226752, 0.5194464454809019, 0.29765537186028324, 0.27053346517599186, 0.2473885828270186, 0.22741150768132679, 0.21071138513676646, 0.1848175666467965, 0.15446434790086283, 0.13555317286377, 0.13424335381671515, 0.13241171240541905, 0.13132604596196928, 0.12950703126172347, 0.12634503885710457, 0.12248272498412038, 0.11332604138252644, 0.11178191226658618, 0.11124345524191814, 0.11081770817423009, 0.11038861394803245, 0.10997090063554915, 0.10976938530547575, 0.10968210254993105, 0.10964614842286102, 0.10963981541882473, 0.10963220898096182, 0.10963110980962032, 0.10963008896340687, 0.10962984776195228, 0.10962975767984395, 0.10962972343367205, 0.1096297137348543, 0.10962970698196017, 0.10962970138797057, 0.10962969766730701, 0.10962969766730701, 0.10962969603973827, 0.10962969543389378, 0.10962969492080932, 0.10962969469186512, 0.10962969454320037, 0.10962969445517157, 0.10962969442660364, 0.10962969440722692, 0.10962969440722692, 0.10962969440624093, 0.10962969440544046, 0.10962969440528159]}, "8": {"maxiter": 1000, "fatol": 1e-05, "xatol": 1e-05, "duration": 0.21021699905395508, "fun": "0.1096296944054993", "nit": "477", "nfev": "732", "status": "0", "success": "True", "message": "Optimization terminated successfully.", "x": "[0.99522715 1.50514124 2.71808049 3.44708103 2.77960947 4.53131611]", "final_simplex": "(array([[0.99522715, 1.50514124, 2.71808049, 3.44708103, 2.77960947,\n        4.53131611],\n       [0.99522729, 1.50513822, 2.71808363, 3.44708026, 2.7796125 ,\n        4.53131978],\n       [0.99522656, 1.50514131, 2.71808131, 3.44708205, 2.77960491,\n        4.53131301],\n       [0.99522574, 1.50514077, 2.71807965, 3.44708113, 2.77960358,\n        4.53131159],\n       [0.99522424, 1.50514077, 2.71808044, 3.44708078, 2.77960549,\n        4.53131408],\n       [0.99522617, 1.50514096, 2.71808023, 3.44708274, 2.77960313,\n        4.5313094 ],\n       [0.99522792, 1.50513934, 2.71808362, 3.4470832 , 2.77961465,\n        4.53132193]]), array([0.10962969, 0.10962969, 0.10962969, 0.10962969, 0.10962969,\n       0.10962969, 0.10962969]))", "callback": [0.9647328767591817, 0.5582272515226752, 0.5194464454809019, 0.29765537186028324, 0.27053346517599186, 0.2473885828270186, 0.22741150768132679, 0.21071138513676646, 0.1848175666467965, 0.15446434790086283, 0.13555317286377, 0.13424335381671515, 0.13241171240541905, 0.13132604596196928, 0.12950703126172347, 0.12634503885710457, 0.12248272498412038, 0.11332604138252644, 0.11178191226658618, 0.11124345524191814, 0.11081770817423009, 0.11038861394803245, 0.10997090063554915, 0.10976938530547575, 0.10968210254993105, 0.10964614842286102, 0.10963981541882473, 0.10963220898096182, 0.10963110980962032, 0.10963008896340687, 0.10962984776195228, 0.10962975767984395, 0.10962972343367205, 0.1096297137348543, 0.10962970698196017, 0.10962970138797057, 0.10962969766730701, 0.10962969766730701, 0.10962969603973827, 0.10962969543389378, 0.10962969492080932, 0.10962969469186512, 0.10962969454320037, 0.10962969445517157, 0.10962969442660364, 0.10962969440722692, 0.10962969440722692, 0.10962969440624093]}, "9": {"maxiter": 1000, "fatol": 1e-05, "xatol": 1e-10, "duration": 0.2882072925567627, "fun": "0.10962969440526371", "nit": "562", "nfev": "932", "status": "0", "success": "True", "message": "Optimization terminated successfully.", "x": "[0.99522677 1.50514029 2.71808129 3.44708074 2.77960844 4.5313152 ]", "final_simplex": "(array([[0.99522677, 1.50514029, 2.71808129, 3.44708074, 2.77960844,\n        4.5313152 ],\n       [0.99522677, 1.50514029, 2.71808129, 3.44708074, 2.77960844,\n        4.5313152 ],\n       [0.99522677, 1.50514029, 2.71808129, 3.44708074, 2.77960844,\n        4.5313152 ],\n       [0.99522677, 1.50514029, 2.71808129, 3.44708074, 2.77960844,\n        4.5313152 ],\n       [0.99522677, 1.50514029, 2.71808129, 3.44708074, 2.77960844,\n        4.5313152 ],\n       [0.99522677, 1.50514029, 2.71808129, 3.44708074, 2.77960844,\n        4.5313152 ],\n       [0.99522677, 1.50514029, 2.71808129, 3.44708074, 2.77960844,\n        4.5313152 ]]), array([0.10962969, 0.10962969, 0.10962969, 0.10962969, 0.10962969,\n       0.10962969, 0.10962969]))", "callback": [0.9647328767591817, 0.5582272515226752, 0.5194464454809019, 0.29765537186028324, 0.27053346517599186, 0.2473885828270186, 0.22741150768132679, 0.21071138513676646, 0.1848175666467965, 0.15446434790086283, 0.13555317286377, 0.13424335381671515, 0.13241171240541905, 0.13132604596196928, 0.12950703126172347, 0.12634503885710457, 0.12248272498412038, 0.11332604138252644, 0.11178191226658618, 0.11124345524191814, 0.11081770817423009, 0.11038861394803245, 0.10997090063554915, 0.10976938530547575, 0.10968210254993105, 0.10964614842286102, 0.10963981541882473, 0.10963220898096182, 0.10963110980962032, 0.10963008896340687, 0.10962984776195228, 0.10962975767984395, 0.10962972343367205, 0.1096297137348543, 0.10962970698196017, 0.10962970138797057, 0.10962969766730701, 0.10962969766730701, 0.10962969603973827, 0.10962969543389378, 0.10962969492080932, 0.10962969469186512, 0.10962969454320037, 0.10962969445517157, 0.10962969442660364, 0.10962969440722692, 0.10962969440722692, 0.10962969440624093, 0.10962969440544046, 0.10962969440528159, 0.10962969440526649, 0.10962969440526471, 0.10962969440526416, 0.10962969440526371, 0.10962969440526371, 0.10962969440526371, 0.10962969440526371]}, "10": {"maxiter": 1000, "fatol": 1e-10, "xatol": 1e-05, "duration": 0.21233892440795898, "fun": "0.1096296944054993", "nit": "477", "nfev": "732", "status": "0", "success": "True", "message": "Optimization terminated successfully.", "x": "[0.99522715 1.50514124 2.71808049 3.44708103 2.77960947 4.53131611]", "final_simplex": "(array([[0.99522715, 1.50514124, 2.71808049, 3.44708103, 2.77960947,\n        4.53131611],\n       [0.99522729, 1.50513822, 2.71808363, 3.44708026, 2.7796125 ,\n        4.53131978],\n       [0.99522656, 1.50514131, 2.71808131, 3.44708205, 2.77960491,\n        4.53131301],\n       [0.99522574, 1.50514077, 2.71807965, 3.44708113, 2.77960358,\n        4.53131159],\n       [0.99522424, 1.50514077, 2.71808044, 3.44708078, 2.77960549,\n        4.53131408],\n       [0.99522617, 1.50514096, 2.71808023, 3.44708274, 2.77960313,\n        4.5313094 ],\n       [0.99522792, 1.50513934, 2.71808362, 3.4470832 , 2.77961465,\n        4.53132193]]), array([0.10962969, 0.10962969, 0.10962969, 0.10962969, 0.10962969,\n       0.10962969, 0.10962969]))", "callback": [0.9647328767591817, 0.5582272515226752, 0.5194464454809019, 0.29765537186028324, 0.27053346517599186, 0.2473885828270186, 0.22741150768132679, 0.21071138513676646, 0.1848175666467965, 0.15446434790086283, 0.13555317286377, 0.13424335381671515, 0.13241171240541905, 0.13132604596196928, 0.12950703126172347, 0.12634503885710457, 0.12248272498412038, 0.11332604138252644, 0.11178191226658618, 0.11124345524191814, 0.11081770817423009, 0.11038861394803245, 0.10997090063554915, 0.10976938530547575, 0.10968210254993105, 0.10964614842286102, 0.10963981541882473, 0.10963220898096182, 0.10963110980962032, 0.10963008896340687, 0.10962984776195228, 0.10962975767984395, 0.10962972343367205, 0.1096297137348543, 0.10962970698196017, 0.10962970138797057, 0.10962969766730701, 0.10962969766730701, 0.10962969603973827, 0.10962969543389378, 0.10962969492080932, 0.10962969469186512, 0.10962969454320037, 0.10962969445517157, 0.10962969442660364, 0.10962969440722692, 0.10962969440722692, 0.10962969440624093]}, "11": {"maxiter": 1000, "fatol": 1e-10, "xatol": 1e-10, "duration": 0.3403201103210449, "fun": "0.10962969440526371", "nit": "562", "nfev": "932", "status": "0", "success": "True", "message": "Optimization terminated successfully.", "x": "[0.99522677 1.50514029 2.71808129 3.44708074 2.77960844 4.5313152 ]", "final_simplex": "(array([[0.99522677, 1.50514029, 2.71808129, 3.44708074, 2.77960844,\n        4.5313152 ],\n       [0.99522677, 1.50514029, 2.71808129, 3.44708074, 2.77960844,\n        4.5313152 ],\n       [0.99522677, 1.50514029, 2.71808129, 3.44708074, 2.77960844,\n        4.5313152 ],\n       [0.99522677, 1.50514029, 2.71808129, 3.44708074, 2.77960844,\n        4.5313152 ],\n       [0.99522677, 1.50514029, 2.71808129, 3.44708074, 2.77960844,\n        4.5313152 ],\n       [0.99522677, 1.50514029, 2.71808129, 3.44708074, 2.77960844,\n        4.5313152 ],\n       [0.99522677, 1.50514029, 2.71808129, 3.44708074, 2.77960844,\n        4.5313152 ]]), array([0.10962969, 0.10962969, 0.10962969, 0.10962969, 0.10962969,\n       0.10962969, 0.10962969]))", "callback": [0.9647328767591817, 0.5582272515226752, 0.5194464454809019, 0.29765537186028324, 0.27053346517599186, 0.2473885828270186, 0.22741150768132679, 0.21071138513676646, 0.1848175666467965, 0.15446434790086283, 0.13555317286377, 0.13424335381671515, 0.13241171240541905, 0.13132604596196928, 0.12950703126172347, 0.12634503885710457, 0.12248272498412038, 0.11332604138252644, 0.11178191226658618, 0.11124345524191814, 0.11081770817423009, 0.11038861394803245, 0.10997090063554915, 0.10976938530547575, 0.10968210254993105, 0.10964614842286102, 0.10963981541882473, 0.10963220898096182, 0.10963110980962032, 0.10963008896340687, 0.10962984776195228, 0.10962975767984395, 0.10962972343367205, 0.1096297137348543, 0.10962970698196017, 0.10962970138797057, 0.10962969766730701, 0.10962969766730701, 0.10962969603973827, 0.10962969543389378, 0.10962969492080932, 0.10962969469186512, 0.10962969454320037, 0.10962969445517157, 0.10962969442660364, 0.10962969440722692, 0.10962969440722692, 0.10962969440624093, 0.10962969440544046, 0.10962969440528159, 0.10962969440526649, 0.10962969440526471, 0.10962969440526416, 0.10962969440526371, 0.10962969440526371, 0.10962969440526371, 0.10962969440526371]}}, "bfgs": {"type": "gradient", "0": {"maxiter": 100, "gtol": 1e-05, "xrtol": 1e-05, "eps": 1e-05, "duration": 0.08202075958251953, "fun": "0.10962969917694709", "jac": "[-6.45928866e-06  1.63101754e-06  9.15097997e-06  1.83519866e-08\n -8.07564016e-06  1.92765803e-06]", "hess_inv": "[[  3.60508336  -1.61701182   2.20988228   0.24730007   9.39789299\n    7.49444425]\n [ -1.61701182   8.72856756  -8.63265192   1.77155634 -23.45350748\n  -21.98532323]\n [  2.20988228  -8.63265192  12.95102817  -0.3364147   31.4624183\n   30.52194958]\n [  0.24730007   1.77155634  -0.3364147    3.34432264  -2.46364314\n   -1.98767347]\n [  9.39789299 -23.45350748  31.4624183   -2.46364314 109.95175167\n  101.87818771]\n [  7.49444425 -21.98532323  30.52194958  -1.98767347 101.87818771\n   97.68764214]]", "nfev": "238", "njev": "34", "status": "0", "success": "True", "message": "Optimization terminated successfully.", "x": "[0.99509788 1.50533988 2.71781804 3.44709582 2.77852959 4.53034274]", "nit": "24", "callback": [0.7292854378435347, 0.7227911455767466, 0.5332106775305173, 0.22300595330969764, 0.16777265340961445, 0.1326423978900022, 0.11267460698949172, 0.11031483065349512, 0.10995385863937579, 0.10981420173382694, 0.10972283916342362, 0.10971422835701827, 0.10971125949527294, 0.10970981504871136, 0.10970806821353496, 0.10970507944403807, 0.10969976899532563, 0.10969033164864606, 0.1096742310915334, 0.10965056770179515, 0.10963664729919642, 0.10963200104324444, 0.10962981965990504, 0.10962969917694709]}, "1": {"maxiter": 100, "gtol": 1e-05, "xrtol": 1e-05, "eps": 1e-10, "duration": 0.09463095664978027, "fun": "0.10962969464946037", "jac": "[-2.22044587e-06  4.44089173e-06  8.88178346e-06 -1.11022293e-06\n -2.22044587e-06  1.11022293e-06]", "hess_inv": "[[ 4.25244986e+00 -3.20811889e+00  4.43992627e+00 -9.38178024e-02\n   1.65796734e+01  1.41324965e+01]\n [-3.20811889e+00  1.21284753e+01 -1.33836505e+01  2.24252281e+00\n  -3.96782271e+01 -3.69801847e+01]\n [ 4.43992627e+00 -1.33836505e+01  1.95762576e+01 -9.87003216e-01\n   5.41534471e+01  5.14804362e+01]\n [-9.38178024e-02  2.24252281e+00 -9.87003216e-01  3.24040913e+00\n  -5.26843055e+00 -4.58740967e+00]\n [ 1.65796734e+01 -3.96782271e+01  5.41534471e+01 -5.26843055e+00\n   1.85539578e+02  1.71698470e+02]\n [ 1.41324965e+01 -3.69801847e+01  5.14804362e+01 -4.58740967e+00\n   1.71698470e+02  1.62172035e+02]]", "nfev": "252", "njev": "36", "status": "0", "success": "True", "message": "Optimization terminated successfully.", "x": "[0.9951996  1.50515308 2.71808012 3.44707677 2.77948238 4.53121729]", "nit": "25", "callback": [0.729281380523112, 0.7227864995481343, 0.5333532830376264, 0.22318071256829308, 0.16780135381236638, 0.132678744851622, 0.11267300650189149, 0.11031446346595963, 0.10995381793526915, 0.10981433737139523, 0.10972274989462172, 0.10971417408153028, 0.10971122855084436, 0.10970977801231396, 0.10970803389682171, 0.10970499403066691, 0.10969958109769218, 0.10968989836374365, 0.10967332172385436, 0.10964924955486022, 0.10963636093651496, 0.10963173645414392, 0.10962979610741796, 0.1096296994631194, 0.10962969464946037]}, "2": {"maxiter": 100, "gtol": 1e-05, "xrtol": 1e-10, "eps": 1e-05, "duration": 0.09815502166748047, "fun": "0.10962969917694709", "jac": "[-6.45928866e-06  1.63101754e-06  9.15097997e-06  1.83519866e-08\n -8.07564016e-06  1.92765803e-06]", "hess_inv": "[[  3.60508336  -1.61701182   2.20988228   0.24730007   9.39789299\n    7.49444425]\n [ -1.61701182   8.72856756  -8.63265192   1.77155634 -23.45350748\n  -21.98532323]\n [  2.20988228  -8.63265192  12.95102817  -0.3364147   31.4624183\n   30.52194958]\n [  0.24730007   1.77155634  -0.3364147    3.34432264  -2.46364314\n   -1.98767347]\n [  9.39789299 -23.45350748  31.4624183   -2.46364314 109.95175167\n  101.87818771]\n [  7.49444425 -21.98532323  30.52194958  -1.98767347 101.87818771\n   97.68764214]]", "nfev": "238", "njev": "34", "status": "0", "success": "True", "message": "Optimization terminated successfully.", "x": "[0.99509788 1.50533988 2.71781804 3.44709582 2.77852959 4.53034274]", "nit": "24", "callback": [0.7292854378435347, 0.7227911455767466, 0.5332106775305173, 0.22300595330969764, 0.16777265340961445, 0.1326423978900022, 0.11267460698949172, 0.11031483065349512, 0.10995385863937579, 0.10981420173382694, 0.10972283916342362, 0.10971422835701827, 0.10971125949527294, 0.10970981504871136, 0.10970806821353496, 0.10970507944403807, 0.10969976899532563, 0.10969033164864606, 0.1096742310915334, 0.10965056770179515, 0.10963664729919642, 0.10963200104324444, 0.10962981965990504, 0.10962969917694709]}, "3": {"maxiter": 100, "gtol": 1e-05, "xrtol": 1e-10, "eps": 1e-10, "duration": 0.0845189094543457, "fun": "0.10962969464946037", "jac": "[-2.22044587e-06  4.44089173e-06  8.88178346e-06 -1.11022293e-06\n -2.22044587e-06  1.11022293e-06]", "hess_inv": "[[ 4.25244986e+00 -3.20811889e+00  4.43992627e+00 -9.38178024e-02\n   1.65796734e+01  1.41324965e+01]\n [-3.20811889e+00  1.21284753e+01 -1.33836505e+01  2.24252281e+00\n  -3.96782271e+01 -3.69801847e+01]\n [ 4.43992627e+00 -1.33836505e+01  1.95762576e+01 -9.87003216e-01\n   5.41534471e+01  5.14804362e+01]\n [-9.38178024e-02  2.24252281e+00 -9.87003216e-01  3.24040913e+00\n  -5.26843055e+00 -4.58740967e+00]\n [ 1.65796734e+01 -3.96782271e+01  5.41534471e+01 -5.26843055e+00\n   1.85539578e+02  1.71698470e+02]\n [ 1.41324965e+01 -3.69801847e+01  5.14804362e+01 -4.58740967e+00\n   1.71698470e+02  1.62172035e+02]]", "nfev": "252", "njev": "36", "status": "0", "success": "True", "message": "Optimization terminated successfully.", "x": "[0.9951996  1.50515308 2.71808012 3.44707677 2.77948238 4.53121729]", "nit": "25", "callback": [0.729281380523112, 0.7227864995481343, 0.5333532830376264, 0.22318071256829308, 0.16780135381236638, 0.132678744851622, 0.11267300650189149, 0.11031446346595963, 0.10995381793526915, 0.10981433737139523, 0.10972274989462172, 0.10971417408153028, 0.10971122855084436, 0.10970977801231396, 0.10970803389682171, 0.10970499403066691, 0.10969958109769218, 0.10968989836374365, 0.10967332172385436, 0.10964924955486022, 0.10963636093651496, 0.10963173645414392, 0.10962979610741796, 0.1096296994631194, 0.10962969464946037]}, "4": {"maxiter": 100, "gtol": 1e-10, "xrtol": 1e-05, "eps": 1e-05, "duration": 0.08850598335266113, "fun": "0.10962969530465672", "jac": "[-2.70006240e-08 -2.11497486e-08  5.88418203e-10 -3.06421555e-08\n -1.24544819e-07  1.39999123e-07]", "hess_inv": "[[  3.96303981  -2.10066159   2.78920869   0.15480471  12.03684134\n    9.7747214 ]\n [ -2.10066159   9.2196269   -9.15612837   1.8211049  -26.52127103\n  -24.56959831]\n [  2.78920869  -9.15612837  13.47110516  -0.36359854  34.93943954\n   33.4224654 ]\n [  0.15480471   1.8211049   -0.36359854   3.33197195  -2.91480703\n   -2.34794575]\n [ 12.03684134 -26.52127103  34.93943954  -2.91480703 127.8807211\n  117.16592966]\n [  9.7747214  -24.56959831  33.4224654   -2.34794575 117.16592966\n  110.69222925]]", "nfev": "252", "njev": "36", "status": "0", "success": "True", "message": "Optimization terminated successfully.", "x": "[0.99517974 1.50522821 2.71794545 3.44707811 2.77913778 4.53087296]", "nit": "26", "callback": [0.7292854378435347, 0.7227911455767466, 0.5332106775305173, 0.22300595330969764, 0.16777265340961445, 0.1326423978900022, 0.11267460698949172, 0.11031483065349512, 0.10995385863937579, 0.10981420173382694, 0.10972283916342362, 0.10971422835701827, 0.10971125949527294, 0.10970981504871136, 0.10970806821353496, 0.10970507944403807, 0.10969976899532563, 0.10969033164864606, 0.1096742310915334, 0.10965056770179515, 0.10963664729919642, 0.10963200104324444, 0.10962981965990504, 0.10962969917694709, 0.10962969539998735, 0.10962969530465672]}, "5": {"maxiter": 100, "gtol": 1e-10, "xrtol": 1e-05, "eps": 1e-10, "duration": 0.10089707374572754, "fun": "0.10962969450156468", "jac": "[ 0.00000000e+00  2.22044587e-06  2.22044587e-06 -7.77156053e-06\n -1.11022293e-06  0.00000000e+00]", "hess_inv": "[[  3.26926056  -0.97488413   1.15484107   0.13055979   5.90199457\n    4.14165871]\n [ -0.97488413   7.08265466  -5.98557784   1.72947508 -15.54090318\n  -14.41290462]\n [  1.15484107  -5.98557784   8.75156289  -0.22923105  18.75293227\n   18.39847792]\n [  0.13055979   1.72947508  -0.22923105   3.18963253  -2.81692679\n   -2.29139406]\n [  5.90199457 -15.54090318  18.75293227  -2.81692679  70.08097032\n   63.74222358]\n [  4.14165871 -14.41290462  18.39847792  -2.29139406  63.74222358\n   61.24202028]]", "nfev": "259", "njev": "37", "status": "0", "success": "True", "message": "Optimization terminated successfully.", "x": "[0.99520958 1.50515604 2.7180525  3.44707125 2.77947966 4.53119808]", "nit": "26", "callback": [0.729281380523112, 0.7227864995481343, 0.5333532830376264, 0.22318071256829308, 0.16780135381236638, 0.132678744851622, 0.11267300650189149, 0.11031446346595963, 0.10995381793526915, 0.10981433737139523, 0.10972274989462172, 0.10971417408153028, 0.10971122855084436, 0.10970977801231396, 0.10970803389682171, 0.10970499403066691, 0.10969958109769218, 0.10968989836374365, 0.10967332172385436, 0.10964924955486022, 0.10963636093651496, 0.10963173645414392, 0.10962979610741796, 0.1096296994631194, 0.10962969464946037, 0.10962969450156468]}, "6": {"maxiter": 100, "gtol": 1e-10, "xrtol": 1e-10, "eps": 1e-05, "duration": 0.1811227798461914, "fun": "0.10962969530465672", "jac": "[-2.70006240e-08 -2.11497486e-08  5.88418203e-10 -3.06421555e-08\n -1.24544819e-07  1.39999123e-07]", "hess_inv": "[[  4.02406174  -2.00262753   2.65237675   0.18796696  11.80812159\n    9.4161553 ]\n [ -2.00262753   9.17079516  -9.1290955    1.8345432  -26.02873077\n  -24.16689671]\n [  2.65237675  -9.1290955   13.48257685  -0.39029558  34.42338187\n   33.05547261]\n [  0.18796696   1.8345432   -0.39029558   3.34230187  -2.87305607\n   -2.35382823]\n [ 11.80812159 -26.02873077  34.42338187  -2.87305607 125.1535071\n  114.43038092]\n [  9.4161553  -24.16689671  33.05547261  -2.35382823 114.43038092\n  108.15627884]]", "nfev": "488", "njev": "68", "status": "2", "success": "False", "message": "Desired error not necessarily achieved due to precision loss.", "x": "[0.99517974 1.50522821 2.71794545 3.44707811 2.77913778 4.53087296]", "nit": "26", "callback": [0.7292854378435347, 0.7227911455767466, 0.5332106775305173, 0.22300595330969764, 0.16777265340961445, 0.1326423978900022, 0.11267460698949172, 0.11031483065349512, 0.10995385863937579, 0.10981420173382694, 0.10972283916342362, 0.10971422835701827, 0.10971125949527294, 0.10970981504871136, 0.10970806821353496, 0.10970507944403807, 0.10969976899532563, 0.10969033164864606, 0.1096742310915334, 0.10965056770179515, 0.10963664729919642, 0.10963200104324444, 0.10962981965990504, 0.10962969917694709, 0.10962969539998735, 0.10962969530465672]}, "7": {"maxiter": 100, "gtol": 1e-10, "xrtol": 1e-10, "eps": 1e-10, "duration": 0.12006688117980957, "fun": "0.1096296944648052", "jac": "[ 2.22044587e-06 -4.44089173e-06  0.00000000e+00  4.44089173e-06\n  0.00000000e+00  1.11022293e-06]", "hess_inv": "[[ 1.47808555 -0.66098934 -1.46313871 -1.36215568  0.24551307 -1.16650245]\n [-0.66098934  2.99776651 -1.39167296  0.58963782  0.62622458  0.97600953]\n [-1.46313871 -1.39167296  3.24106046  1.26778613 -0.9096093   0.94689473]\n [-1.36215568  0.58963782  1.26778613  1.39668646 -0.23013676  1.34932486]\n [ 0.24551307  0.62622458 -0.9096093  -0.23013676  0.37134319 -0.45585824]\n [-1.16650245  0.97600953  0.94689473  1.34932486 -0.45585824  2.71090625]]", "nfev": "322", "njev": "46", "status": "0", "success": "True", "message": "Optimization terminated successfully.", "x": "[0.99521732 1.50515379 2.71804882 3.44707904 2.77950506 4.53121459]", "nit": "30", "callback": [0.729281380523112, 0.7227864995481343, 0.5333532830376264, 0.22318071256829308, 0.16780135381236638, 0.132678744851622, 0.11267300650189149, 0.11031446346595963, 0.10995381793526915, 0.10981433737139523, 0.10972274989462172, 0.10971417408153028, 0.10971122855084436, 0.10970977801231396, 0.10970803389682171, 0.10970499403066691, 0.10969958109769218, 0.10968989836374365, 0.10967332172385436, 0.10964924955486022, 0.10963636093651496, 0.10963173645414392, 0.10962979610741796, 0.1096296994631194, 0.10962969464946037, 0.10962969450156468, 0.10962969446480864, 0.10962969446480642, 0.10962969446480608, 0.1096296944648052]}, "8": {"maxiter": 500, "gtol": 1e-05, "xrtol": 1e-05, "eps": 1e-05, "duration": 0.07251501083374023, "fun": "0.10962969917694709", "jac": "[-6.45928866e-06  1.63101754e-06  9.15097997e-06  1.83519866e-08\n -8.07564016e-06  1.92765803e-06]", "hess_inv": "[[  3.60508336  -1.61701182   2.20988228   0.24730007   9.39789299\n    7.49444425]\n [ -1.61701182   8.72856756  -8.63265192   1.77155634 -23.45350748\n  -21.98532323]\n [  2.20988228  -8.63265192  12.95102817  -0.3364147   31.4624183\n   30.52194958]\n [  0.24730007   1.77155634  -0.3364147    3.34432264  -2.46364314\n   -1.98767347]\n [  9.39789299 -23.45350748  31.4624183   -2.46364314 109.95175167\n  101.87818771]\n [  7.49444425 -21.98532323  30.52194958  -1.98767347 101.87818771\n   97.68764214]]", "nfev": "238", "njev": "34", "status": "0", "success": "True", "message": "Optimization terminated successfully.", "x": "[0.99509788 1.50533988 2.71781804 3.44709582 2.77852959 4.53034274]", "nit": "24", "callback": [0.7292854378435347, 0.7227911455767466, 0.5332106775305173, 0.22300595330969764, 0.16777265340961445, 0.1326423978900022, 0.11267460698949172, 0.11031483065349512, 0.10995385863937579, 0.10981420173382694, 0.10972283916342362, 0.10971422835701827, 0.10971125949527294, 0.10970981504871136, 0.10970806821353496, 0.10970507944403807, 0.10969976899532563, 0.10969033164864606, 0.1096742310915334, 0.10965056770179515, 0.10963664729919642, 0.10963200104324444, 0.10962981965990504, 0.10962969917694709]}, "9": {"maxiter": 500, "gtol": 1e-05, "xrtol": 1e-05, "eps": 1e-10, "duration": 0.08794403076171875, "fun": "0.10962969464946037", "jac": "[-2.22044587e-06  4.44089173e-06  8.88178346e-06 -1.11022293e-06\n -2.22044587e-06  1.11022293e-06]", "hess_inv": "[[ 4.25244986e+00 -3.20811889e+00  4.43992627e+00 -9.38178024e-02\n   1.65796734e+01  1.41324965e+01]\n [-3.20811889e+00  1.21284753e+01 -1.33836505e+01  2.24252281e+00\n  -3.96782271e+01 -3.69801847e+01]\n [ 4.43992627e+00 -1.33836505e+01  1.95762576e+01 -9.87003216e-01\n   5.41534471e+01  5.14804362e+01]\n [-9.38178024e-02  2.24252281e+00 -9.87003216e-01  3.24040913e+00\n  -5.26843055e+00 -4.58740967e+00]\n [ 1.65796734e+01 -3.96782271e+01  5.41534471e+01 -5.26843055e+00\n   1.85539578e+02  1.71698470e+02]\n [ 1.41324965e+01 -3.69801847e+01  5.14804362e+01 -4.58740967e+00\n   1.71698470e+02  1.62172035e+02]]", "nfev": "252", "njev": "36", "status": "0", "success": "True", "message": "Optimization terminated successfully.", "x": "[0.9951996  1.50515308 2.71808012 3.44707677 2.77948238 4.53121729]", "nit": "25", "callback": [0.729281380523112, 0.7227864995481343, 0.5333532830376264, 0.22318071256829308, 0.16780135381236638, 0.132678744851622, 0.11267300650189149, 0.11031446346595963, 0.10995381793526915, 0.10981433737139523, 0.10972274989462172, 0.10971417408153028, 0.10971122855084436, 0.10970977801231396, 0.10970803389682171, 0.10970499403066691, 0.10969958109769218, 0.10968989836374365, 0.10967332172385436, 0.10964924955486022, 0.10963636093651496, 0.10963173645414392, 0.10962979610741796, 0.1096296994631194, 0.10962969464946037]}, "10": {"maxiter": 500, "gtol": 1e-05, "xrtol": 1e-10, "eps": 1e-05, "duration": 0.08112382888793945, "fun": "0.10962969917694709", "jac": "[-6.45928866e-06  1.63101754e-06  9.15097997e-06  1.83519866e-08\n -8.07564016e-06  1.92765803e-06]", "hess_inv": "[[  3.60508336  -1.61701182   2.20988228   0.24730007   9.39789299\n    7.49444425]\n [ -1.61701182   8.72856756  -8.63265192   1.77155634 -23.45350748\n  -21.98532323]\n [  2.20988228  -8.63265192  12.95102817  -0.3364147   31.4624183\n   30.52194958]\n [  0.24730007   1.77155634  -0.3364147    3.34432264  -2.46364314\n   -1.98767347]\n [  9.39789299 -23.45350748  31.4624183   -2.46364314 109.95175167\n  101.87818771]\n [  7.49444425 -21.98532323  30.52194958  -1.98767347 101.87818771\n   97.68764214]]", "nfev": "238", "njev": "34", "status": "0", "success": "True", "message": "Optimization terminated successfully.", "x": "[0.99509788 1.50533988 2.71781804 3.44709582 2.77852959 4.53034274]", "nit": "24", "callback": [0.7292854378435347, 0.7227911455767466, 0.5332106775305173, 0.22300595330969764, 0.16777265340961445, 0.1326423978900022, 0.11267460698949172, 0.11031483065349512, 0.10995385863937579, 0.10