{"conf_id": 10, "data_type": "random\n", "num_data_points": 1, "s_rank": 0, "unitary": "[[-0.45070455-0.02711853j,0.78437395-0.06613086j,0.06358678+0.19963393j,-0.07343613+0.35668523j],[-0.01890143-0.03813363j,0.32408202+0.25557629j,0.05872864-0.68979805j,0.55466693-0.20227297j],[-0.11215405+0.64023111j,-0.13344055+0.29565494j,-0.49012687-0.19046288j,-0.04241254+0.44046348j],[0.55771659+0.24656916j,0.31851997-0.05798805j,0.28761525-0.34294258j,-0.56718418+0.03616933j]]", "databatch_0": {"databatch": "[[[0.34345258-0.02198274j,-0.01600601-0.11595602j,0.1757699-0.05421445j,-0.14499003-0.0579512j],[0.28326136-0.14195782j,-0.05575209-0.00444653j,0.02486993-0.17667767j,-0.2827828-0.17414898j],[0.21305464-0.10143806j,-0.0428902+0.03100895j,-0.01920475-0.15888767j,-0.26010708-0.20458496j],[-0.21874148-0.1560435j,-0.20343763+0.14959304j,-0.09907912-0.28949029j,0.25781317-0.27264741j]]]", "nelder_mead": {"0": {"maxiter": 100, "fatol": 1e-05, "xatol": 1e-05, "duration": 0.04214811325073242, "fun": "0.4032829999923706", "nit": "100", "nfev": "156", "status": "2", "success": "False", "message": "Maximum number of iterations has been exceeded.", "x": "[3.75815581 0.03954455 3.90506221 0.36791412 0.36749398 9.76411882]", "final_simplex": "(array([[3.75815581, 0.03954455, 3.90506221, 0.36791412, 0.36749398,\n        9.76411882],\n       [3.70536316, 0.03471743, 3.94423381, 0.36220523, 0.53081662,\n        9.7496776 ],\n       [3.70293999, 0.03732143, 3.93568212, 0.36162256, 0.47188877,\n        9.64339511],\n       [3.76493598, 0.03490736, 3.84446058, 0.3668556 , 0.48701777,\n        9.75276328],\n       [3.73011788, 0.02957327, 3.96270586, 0.36454085, 0.67691026,\n        9.51273535],\n       [3.71949824, 0.02936729, 3.85009862, 0.36923246, 0.67606175,\n        9.53405962],\n       [3.80699862, 0.02938999, 3.83917953, 0.36297706, 0.68196275,\n        9.49754776]]), array([0.403283  , 0.40421242, 0.4057183 , 0.40610263, 0.41034019,\n       0.4117437 , 0.41293579]))"}, "1": {"maxiter": 100, "fatol": 1e-05, "xatol": 1e-10, "duration": 0.037207841873168945, "fun": "0.4032829999923706", "nit": "100", "nfev": "156", "status": "2", "success": "False", "message": "Maximum number of iterations has been exceeded.", "x": "[3.75815581 0.03954455 3.90506221 0.36791412 0.36749398 9.76411882]", "final_simplex": "(array([[3.75815581, 0.03954455, 3.90506221, 0.36791412, 0.36749398,\n        9.76411882],\n       [3.70536316, 0.03471743, 3.94423381, 0.36220523, 0.53081662,\n        9.7496776 ],\n       [3.70293999, 0.03732143, 3.93568212, 0.36162256, 0.47188877,\n        9.64339511],\n       [3.76493598, 0.03490736, 3.84446058, 0.3668556 , 0.48701777,\n        9.75276328],\n       [3.73011788, 0.02957327, 3.96270586, 0.36454085, 0.67691026,\n        9.51273535],\n       [3.71949824, 0.02936729, 3.85009862, 0.36923246, 0.67606175,\n        9.53405962],\n       [3.80699862, 0.02938999, 3.83917953, 0.36297706, 0.68196275,\n        9.49754776]]), array([0.403283  , 0.40421242, 0.4057183 , 0.40610263, 0.41034019,\n       0.4117437 , 0.41293579]))"}, "2": {"maxiter": 100, "fatol": 1e-10, "xatol": 1e-05, "duration": 0.03534698486328125, "fun": "0.4032829999923706", "nit": "100", "nfev": "156", "status": "2", "success": "False", "message": "Maximum number of iterations has been exceeded.", "x": "[3.75815581 0.03954455 3.90506221 0.36791412 0.36749398 9.76411882]", "final_simplex": "(array([[3.75815581, 0.03954455, 3.90506221, 0.36791412, 0.36749398,\n        9.76411882],\n       [3.70536316, 0.03471743, 3.94423381, 0.36220523, 0.53081662,\n        9.7496776 ],\n       [3.70293999, 0.03732143, 3.93568212, 0.36162256, 0.47188877,\n        9.64339511],\n       [3.76493598, 0.03490736, 3.84446058, 0.3668556 , 0.48701777,\n        9.75276328],\n       [3.73011788, 0.02957327, 3.96270586, 0.36454085, 0.67691026,\n        9.51273535],\n       [3.71949824, 0.02936729, 3.85009862, 0.36923246, 0.67606175,\n        9.53405962],\n       [3.80699862, 0.02938999, 3.83917953, 0.36297706, 0.68196275,\n        9.49754776]]), array([0.403283  , 0.40421242, 0.4057183 , 0.40610263, 0.41034019,\n       0.4117437 , 0.41293579]))"}, "3": {"maxiter": 100, "fatol": 1e-10, "xatol": 1e-10, "duration": 0.0348820686340332, "fun": "0.4032829999923706", "nit": "100", "nfev": "156", "status": "2", "success": "False", "message": "Maximum number of iterations has been exceeded.", "x": "[3.75815581 0.03954455 3.90506221 0.36791412 0.36749398 9.76411882]", "final_simplex": "(array([[3.75815581, 0.03954455, 3.90506221, 0.36791412, 0.36749398,\n        9.76411882],\n       [3.70536316, 0.03471743, 3.94423381, 0.36220523, 0.53081662,\n        9.7496776 ],\n       [3.70293999, 0.03732143, 3.93568212, 0.36162256, 0.47188877,\n        9.64339511],\n       [3.76493598, 0.03490736, 3.84446058, 0.3668556 , 0.48701777,\n        9.75276328],\n       [3.73011788, 0.02957327, 3.96270586, 0.36454085, 0.67691026,\n        9.51273535],\n       [3.71949824, 0.02936729, 3.85009862, 0.36923246, 0.67606175,\n        9.53405962],\n       [3.80699862, 0.02938999, 3.83917953, 0.36297706, 0.68196275,\n        9.49754776]]), array([0.403283  , 0.40421242, 0.4057183 , 0.40610263, 0.41034019,\n       0.4117437 , 0.41293579]))"}, "4": {"maxiter": 500, "fatol": 1e-05, "xatol": 1e-05, "duration": 0.18392300605773926, "fun": "0.28528058528900146", "nit": "500", "nfev": "757", "status": "2", "success": "False", "message": "Maximum number of iterations has been exceeded.", "x": "[ 4.31019598 -1.42725871  3.32080633  1.1618217  -1.59955329 11.42552133]", "final_simplex": "(array([[ 4.31019598, -1.42725871,  3.32080633,  1.1618217 , -1.59955329,\n        11.42552133],\n       [ 4.2371542 , -1.27682193,  3.40862574,  1.09205846, -1.54628969,\n        11.38708541],\n       [ 4.23866288, -1.44168377,  3.36345445,  1.08116467, -1.54221729,\n        11.30184499],\n       [ 4.1660306 , -1.30659317,  3.38700726,  0.94881313, -1.50545267,\n        11.42742793],\n       [ 4.11130438, -1.27507788,  3.40476051,  1.00255135, -1.44609646,\n        11.37771537],\n       [ 4.16486882, -1.33566671,  3.32832589,  1.02025082, -1.60239382,\n        11.3913455 ],\n       [ 4.14004717, -1.34058531,  3.25794955,  0.96478614, -1.45719324,\n        11.28969856]]), array([0.28528059, 0.2861129 , 0.28725383, 0.28769609, 0.28792629,\n       0.28842667, 0.28844917]))"}, "5": {"maxiter": 500, "fatol": 1e-05, "xatol": 1e-10, "duration": 0.22484374046325684, "fun": "0.28528058528900146", "nit": "500", "nfev": "757", "status": "2", "success": "False", "message": "Maximum number of iterations has been exceeded.", "x": "[ 4.31019598 -1.42725871  3.32080633  1.1618217  -1.59955329 11.42552133]", "final_simplex": "(array([[ 4.31019598, -1.42725871,  3.32080633,  1.1618217 , -1.59955329,\n        11.42552133],\n       [ 4.2371542 , -1.27682193,  3.40862574,  1.09205846, -1.54628969,\n        11.38708541],\n       [ 4.23866288, -1.44168377,  3.36345445,  1.08116467, -1.54221729,\n        11.30184499],\n       [ 4.1660306 , -1.30659317,  3.38700726,  0.94881313, -1.50545267,\n        11.42742793],\n       [ 4.11130438, -1.27507788,  3.40476051,  1.00255135, -1.44609646,\n        11.37771537],\n       [ 4.16486882, -1.33566671,  3.32832589,  1.02025082, -1.60239382,\n        11.3913455 ],\n       [ 4.14004717, -1.34058531,  3.25794955,  0.96478614, -1.45719324,\n        11.28969856]]), array([0.28528059, 0.2861129 , 0.28725383, 0.28769609, 0.28792629,\n       0.28842667, 0.28844917]))"}, "6": {"maxiter": 500, "fatol": 1e-10, "xatol": 1e-05, "duration": 0.18085789680480957, "fun": "0.28528058528900146", "nit": "500", "nfev": "757", "status": "2", "success": "False", "message": "Maximum number of iterations has been exceeded.", "x": "[ 4.31019598 -1.42725871  3.32080633  1.1618217  -1.59955329 11.42552133]", "final_simplex": "(array([[ 4.31019598, -1.42725871,  3.32080633,  1.1618217 , -1.59955329,\n        11.42552133],\n       [ 4.2371542 , -1.27682193,  3.40862574,  1.09205846, -1.54628969,\n        11.38708541],\n       [ 4.23866288, -1.44168377,  3.36345445,  1.08116467, -1.54221729,\n        11.30184499],\n       [ 4.1660306 , -1.30659317,  3.38700726,  0.94881313, -1.50545267,\n        11.42742793],\n       [ 4.11130438, -1.27507788,  3.40476051,  1.00255135, -1.44609646,\n        11.37771537],\n       [ 4.16486882, -1.33566671,  3.32832589,  1.02025082, -1.60239382,\n        11.3913455 ],\n       [ 4.14004717, -1.34058531,  3.25794955,  0.96478614, -1.45719324,\n        11.28969856]]), array([0.28528059, 0.2861129 , 0.28725383, 0.28769609, 0.28792629,\n       0.28842667, 0.28844917]))"}, "7": {"maxiter": 500, "fatol": 1e-10, "xatol": 1e-10, "duration": 0.20007801055908203, "fun": "0.28528058528900146", "nit": "500", "nfev": "757", "status": "2", "success": "False", "message": "Maximum number of iterations has been exceeded.", "x": "[ 4.31019598 -1.42725871  3.32080633  1.1618217  -1.59955329 11.42552133]", "final_simplex": "(array([[ 4.31019598, -1.42725871,  3.32080633,  1.1618217 , -1.59955329,\n        11.42552133],\n       [ 4.2371542 , -1.27682193,  3.40862574,  1.09205846, -1.54628969,\n        11.38708541],\n       [ 4.23866288, -1.44168377,  3.36345445,  1.08116467, -1.54221729,\n        11.30184499],\n       [ 4.1660306 , -1.30659317,  3.38700726,  0.94881313, -1.50545267,\n        11.42742793],\n       [ 4.11130438, -1.27507788,  3.40476051,  1.00255135, -1.44609646,\n        11.37771537],\n       [ 4.16486882, -1.33566671,  3.32832589,  1.02025082, -1.60239382,\n        11.3913455 ],\n       [ 4.14004717, -1.34058531,  3.25794955,  0.96478614, -1.45719324,\n        11.28969856]]), array([0.28528059, 0.2861129 , 0.28725383, 0.28769609, 0.28792629,\n       0.28842667, 0.28844917]))"}, "8": {"maxiter": 1000, "fatol": 1e-05, "xatol": 1e-05, "duration": 0.2296738624572754, "fun": "0.28406161069869995", "nit": "597", "nfev": "959", "status": "0", "success": "True", "message": "Optimization terminated successfully.", "x": "[ 4.2918013  -1.34209156  3.37130634  1.10350522 -1.51530832 11.42259521]", "final_simplex": "(array([[ 4.2918013 , -1.34209156,  3.37130634,  1.10350522, -1.51530832,\n        11.42259521],\n       [ 4.29179717, -1.34208896,  3.3713087 ,  1.10350701, -1.51530468,\n        11.42259339],\n       [ 4.29179982, -1.34209021,  3.37131345,  1.10350498, -1.51530621,\n        11.42259779],\n       [ 4.29179568, -1.34208879,  3.37131048,  1.10350189, -1.51530567,\n        11.42259379],\n       [ 4.29179752, -1.34208714,  3.37131067,  1.10350342, -1.51530362,\n        11.42259523],\n       [ 4.29179914, -1.34208787,  3.37131028,  1.10350374, -1.51530531,\n        11.42259384],\n       [ 4.29179852, -1.34208887,  3.37130878,  1.10350467, -1.51530891,\n        11.42259743]]), array([0.28406161, 0.28406161, 0.28406161, 0.28406161, 0.28406161,\n       0.28406161, 0.28406161]))"}, "9": {"maxiter": 1000, "fatol": 1e-05, "xatol": 1e-10, "duration": 0.28990888595581055, "fun": "0.28406161069869995", "nit": "614", "nfev": "1095", "status": "0", "success": "True", "message": "Optimization terminated successfully.", "x": "[ 4.2918013  -1.34209156  3.37130634  1.10350522 -1.51530832 11.42259521]", "final_simplex": "(array([[ 4.2918013 , -1.34209156,  3.37130634,  1.10350522, -1.51530832,\n        11.42259521],\n       [ 4.2918013 , -1.34209156,  3.37130634,  1.10350522, -1.51530832,\n        11.42259521],\n       [ 4.2918013 , -1.34209156,  3.37130634,  1.10350522, -1.51530832,\n        11.42259521],\n       [ 4.2918013 , -1.34209156,  3.37130634,  1.10350522, -1.51530832,\n        11.42259521],\n       [ 4.2918013 , -1.34209156,  3.37130634,  1.10350522, -1.51530832,\n        11.42259521],\n       [ 4.2918013 , -1.34209156,  3.37130634,  1.10350522, -1.51530832,\n        11.42259521],\n       [ 4.2918013 , -1.34209156,  3.37130634,  1.10350522, -1.51530832,\n        11.42259521]]), array([0.28406161, 0.28406161, 0.28406161, 0.28406161, 0.28406161,\n       0.28406161, 0.28406161]))"}, "10": {"maxiter": 1000, "fatol": 1e-10, "xatol": 1e-05, "duration": 0.24361205101013184, "fun": "0.28406161069869995", "nit": "597", "nfev": "959", "status": "0", "success": "True", "message": "Optimization terminated successfully.", "x": "[ 4.2918013  -1.34209156  3.37130634  1.10350522 -1.51530832 11.42259521]", "final_simplex": "(array([[ 4.2918013 , -1.34209156,  3.37130634,  1.10350522, -1.51530832,\n        11.42259521],\n       [ 4.29179717, -1.34208896,  3.3713087 ,  1.10350701, -1.51530468,\n        11.42259339],\n       [ 4.29179982, -1.34209021,  3.37131345,  1.10350498, -1.51530621,\n        11.42259779],\n       [ 4.29179568, -1.34208879,  3.37131048,  1.10350189, -1.51530567,\n        11.42259379],\n       [ 4.29179752, -1.34208714,  3.37131067,  1.10350342, -1.51530362,\n        11.42259523],\n       [ 4.29179914, -1.34208787,  3.37131028,  1.10350374, -1.51530531,\n        11.42259384],\n       [ 4.29179852, -1.34208887,  3.37130878,  1.10350467, -1.51530891,\n        11.42259743]]), array([0.28406161, 0.28406161, 0.28406161, 0.28406161, 0.28406161,\n       0.28406161, 0.28406161]))"}, "11": {"maxiter": 1000, "fatol": 1e-10, "xatol": 1e-10, "duration": 0.26709675788879395, "fun": "0.28406161069869995", "nit": "614", "nfev": "1095", "status": "0", "success": "True", "message": "Optimization terminated successfully.", "x": "[ 4.2918013  -1.34209156  3.37130634  1.10350522 -1.51530832 11.42259521]", "final_simplex": "(array([[ 4.2918013 , -1.34209156,  3.37130634,  1.10350522, -1.51530832,\n        11.42259521],\n       [ 4.2918013 , -1.34209156,  3.37130634,  1.10350522, -1.51530832,\n        11.42259521],\n       [ 4.2918013 , -1.34209156,  3.37130634,  1.10350522, -1.51530832,\n        11.42259521],\n       [ 4.2918013 , -1.34209156,  3.37130634,  1.10350522, -1.51530832,\n        11.42259521],\n       [ 4.2918013 , -1.34209156,  3.37130634,  1.10350522, -1.51530832,\n        11.42259521],\n       [ 4.2918013 , -1.34209156,  3.37130634,  1.10350522, -1.51530832,\n        11.42259521],\n       [ 4.2918013 , -1.34209156,  3.37130634,  1.10350522, -1.51530832,\n        11.42259521]]), array([0.28406161, 0.28406161, 0.28406161, 0.28406161, 0.28406161,\n       0.28406161, 0.28406161]))"}}, "bfgs": {"0": {"maxiter": 100, "gtol": 1e-05, "xrtol": 1e-05, "eps": 1e-05, "duration": 0.06387114524841309, "fun": "0.2840821444988251", "jac": "[0. 0. 0. 0. 0. 0.]", "hess_inv": "[[ 1.93685278  0.42582819 -0.09422284  0.83902476  0.79583339 -1.24473511]\n [ 0.42582819  3.70377449  0.51068362  1.61607153  0.38372025  0.36574175]\n [-0.09422284  0.51068362  2.53625596 -1.03607749  0.16413591  0.64786946]\n [ 0.83902476  1.61607153 -1.03607749  4.44899689  0.32671088 -1.31432222]\n [ 0.79583339  0.38372025  0.16413591  0.32671088  3.60876819 -1.67306919]\n [-1.24473511  0.36574175  0.64786946 -1.31432222 -1.67306919  3.80441895]]", "nfev": "245", "njev": "35", "status": "0", "success": "True", "message": "Optimization terminated successfully.", "x": "[ 2.00149703  1.80997131  6.52077591 -1.09758271  1.6372435   8.28080415]", "nit": "25"}, "1": {"maxiter": 100, "gtol": 1e-05, "xrtol": 1e-05, "eps": 1e-10, "duration": 0.002457857131958008, "fun": "0.9765843152999878", "jac": "[0. 0. 0. 0. 0. 0.]", "hess_inv": "[[1 0 0 0 0 0]\n [0 1 0 0 0 0]\n [0 0 1 0 0 0]\n [0 0 0 1 0 0]\n [0 0 0 0 1 0]\n [0 0 0 0 0 1]]", "nfev": "7", "njev": "1", "status": "0", "success": "True", "message": "Optimization terminated successfully.", "x": "[2.28147305 0.03046121 5.27922844 0.437081   1.30903713 5.42132087]", "nit": "0"}, "2": {"maxiter": 100, "gtol": 1e-05, "xrtol": 1e-10, "eps": 1e-05, "duration": 0.07694578170776367, "fun": "0.2840821444988251", "jac": "[0. 0. 0. 0. 0. 0.]", "hess_inv": "[[ 1.93685278  0.42582819 -0.09422284  0.83902476  0.79583339 -1.24473511]\n [ 0.42582819  3.70377449  0.51068362  1.61607153  0.38372025  0.36574175]\n [-0.09422284  0.51068362  2.53625596 -1.03607749  0.16413591  0.64786946]\n [ 0.83902476  1.61607153 -1.03607749  4.44899689  0.32671088 -1.31432222]\n [ 0.79583339  0.38372025  0.16413591  0.32671088  3.60876819 -1.67306919]\n [-1.24473511  0.36574175  0.64786946 -1.31432222 -1.67306919  3.80441895]]", "nfev": "245", "njev": "35", "status": "0", "success": "True", "message": "Optimization terminated successfully.", "x": "[ 2.00149703  1.80997131  6.52077591 -1.09758271  1.6372435   8.28080415]", "nit": "25"}, "3": {"maxiter": 100, "gtol": 1e-05, "xrtol": 1e-10, "eps": 1e-10, "duration": 0.0017368793487548828, "fun": "0.9765843152999878", "jac": "[0. 0. 0. 0. 0. 0.]", "hess_inv": "[[1 0 0 0 0 0]\n [0 1 0 0 0 0]\n [0 0 1 0 0 0]\n [0 0 0 1 0 0]\n [0 0 0 0 1 0]\n [0 0 0 0 0 1]]", "nfev": "7", "njev": "1", "status": "0", "success": "True", "message": "Optimization terminated successfully.", "x": "[2.28147305 0.03046121 5.27922844 0.437081   1.30903713 5.42132087]", "nit": "0"}, "4": {"maxiter": 100, "gtol": 1e-10, "xrtol": 1e-05, "eps": 1e-05, "duration": 0.06026721000671387, "fun": "0.2840821444988251", "jac": "[0. 0. 0. 0. 0. 0.]", "hess_inv": "[[ 1.93685278  0.42582819 -0.09422284  0.83902476  0.79583339 -1.24473511]\n [ 0.42582819  3.70377449  0.51068362  1.61607153  0.38372025  0.36574175]\n [-0.09422284  0.51068362  2.53625596 -1.03607749  0.16413591  0.64786946]\n [ 0.83902476  1.61607153 -1.03607749  4.44899689  0.32671088 -1.31432222]\n [ 0.79583339  0.38372025  0.16413591  0.32671088  3.60876819 -1.67306919]\n [-1.24473511  0.36574175  0.64786946 -1.31432222 -1.67306919  3.80441895]]", "nfev": "245", "njev": "35", "status": "0", "success": "True", "message": "Optimization terminated successfully.", "x": "[ 2.00149703  1.80997131  6.52077591 -1.09758271  1.6372435   8.28080415]", "nit": "25"}, "5": {"maxiter": 100, "gtol": 1e-10, "xrtol": 1e-05, "eps": 1e-10, "duration": 0.0017328262329101562, "fun": "0.9765843152999878", "jac": "[0. 0. 0. 0. 0. 0.]", "hess_inv": "[[1 0 0 0 0 0]\n [0 1 0 0 0 0]\n [0 0 1 0 0 0]\n [0 0 0 1 0 0]\n [0 0 0 0 1 0]\n [0 0 0 0 0 1]]", "nfev": "7", "njev": "1", "status": "0", "success": "True", "message": "Optimization terminated successfully.", "x": "[2.28147305 0.03046121 5.27922844 0.437081   1.30903713 5.42132087]", "nit": "0"}, "6": {"maxiter": 100, "gtol": 1e-10, "xrtol": 1e-10, "eps": 1e-05, "duration": 0.05792093276977539, "fun": "0.2840821444988251", "jac": "[0. 0. 0. 0. 0. 0.]", "hess_inv": "[[ 1.93685278  0.42582819 -0.09422284  0.83902476  0.79583339 -1.24473511]\n [ 0.42582819  3.70377449  0.51068362  1.61607153  0.38372025  0.36574175]\n [-0.09422284  0.51068362  2.53625596 -1.03607749  0.16413591  0.64786946]\n [ 0.83902476  1.61607153 -1.03607749  4.44899689  0.32671088 -1.31432222]\n [ 0.79583339  0.38372025  0.16413591  0.32671088  3.60876819 -1.67306919]\n [-1.24473511  0.36574175  0.64786946 -1.31432222 -1.67306919  3.80441895]]", "nfev": "245", "njev": "35", "status": "0", "success": "True", "message": "Optimization terminated successfully.", "x": "[ 2.00149703  1.80997131  6.52077591 -1.09758271  1.6372435   8.28080415]", "nit": "25"}, "7": {"maxiter": 100, "gtol": 1e-10, "xrtol": 1e-10, "eps": 1e-10, "duration": 0.0015320777893066406, "fun": "0.9765843152999878", "jac": "[0. 0. 0. 0. 0. 0.]", "hess_inv": "[[1 0 0 0 0 0]\n [0 1 0 0 0 0]\n [0 0 1 0 0 0]\n [0 0 0 1 0 0]\n [0 0 0 0 1 0]\n [0 0 0 0 0 1]]", "nfev": "7", "njev": "1", "status": "0", "success": "True", "message": "Optimization terminated successfully.", "x": "[2.28147305 0.03046121 5.27922844 0.437081   1.30903713 5.42132087]", "nit": "0"}, "8": {"maxiter": 500, "gtol": 1e-05, "xrtol": 1e-05, "eps": 1e-05, "duration": 0.06089615821838379, "fun": "0.2840821444988251", "jac": "[0. 0. 0. 0. 0. 0.]", "hess_inv": "[[ 1.93685278  0.42582819 -0.09422284  0.83902476  0.79583339 -1.24473511]\n [ 0.42582819  3.70377449  0.51068362  1.61607153  0.38372025  0.36574175]\n [-0.09422284  0.51068362  2.53625596 -1.03607749  0.16413591  0.64786946]\n [ 0.83902476  1.61607153 -1.03607749  4.44899689  0.32671088 -1.31432222]\n [ 0.79583339  0.38372025  0.16413591  0.32671088  3.60876819 -1.67306919]\n [-1.24473511  0.36574175  0.64786946 -1.31432222 -1.67306919  3.80441895]]", "nfev": "245", "njev": "35", "status": "0", "success": "True", "message": "Optimization terminated successfully.", "x": "[ 2.00149703  1.80997131  6.52077591 -1.09758271  1.6372435   8.28080415]", "nit": "25"}, "9": {"maxiter": 500, "gtol": 1e-05, "xrtol": 1e-05, "eps": 1e-10, "duration": 0.0017139911651611328, "fun": "0.9765843152999878", "jac": "[0. 0. 0. 0. 0. 0.]", "hess_inv": "[[1 0 0 0 0 0]\n [0 1 0 0 0 0]\n [0 0 1 0 0 0]\n [0 0 0 1 0 0]\n [0 0 0 0 1 0]\n [0 0 0 0 0 1]]", "nfev": "7", "njev": "1", "status": "0", "success": "True", "message": "Optimization terminated successfully.", "x": "[2.28147305 0.03046121 5.27922844 0.437081   1.30903713 5.42132087]", "nit": "0"}, "10": {"maxiter": 500, "gtol": 1e-05, "xrtol": 1e-10, "eps": 1e-05, "duration": 0.056890010833740234, "fun": "0.2840821444988251", "jac": "[0. 0. 0. 0. 0. 0.]", "hess_inv": "[[ 1.93685278  0.42582819 -0.09422284  0.83902476  0.79583339 -1.24473511]\n [ 0.42582819  3.70377449  0.51068362  1.61607153  0.38372025  0.36574175]\n [-0.09422284  0.51068362  2.53625596 -1.03607749  0.16413591  0.64786946]\n [ 0.83902476  1.61607153 -1.03607749  4.44899689  0.32671088 -1.31432222]\n [ 0.79583339  0.38372025  0.16413591  0.32671088  3.60876819 -1.67306919]\n [-1.24473511  0.36574175  0.64786946 -1.31432222 -1.67306919  3.80441895]]", "nfev": "245", "njev": "35", "status": "0", "success": "True", "message": "Optimization terminated successfully.", "x": "[ 2.00149703  1.80997131  6.52077591 -1.09758271  1.6372435   8.28080415]", "nit": "25"}, "11": {"maxiter": 500, "gtol": 1e-05, "xrtol": 1e-10, "eps": 1e-10, "duration": 0.0017209053039550781, "fun": "0.9765843152999878", "jac": "[0. 0. 0. 0. 0. 0.]", "hess_inv": "[[1 0 0 0 0 0]\n [0 1 0 0 0 0]\n [0 0 1 0 0 0]\n [0 0 0 1 0 0]\n [0 0 0 0 1 0]\n [0 0 0 0 0 1]]", "nfev": "7", "njev": "1", "status": "0", "success": "True", "message": "Optimization terminated successfully.", "x": "[2.28147305 0.03046121 5.27922844 0.437081   1.30903713 5.42132087]", "nit": "0"}, "12": {"maxiter": 500, "gtol": 1e-10, "xrtol": 1e-05, "eps": 1e-05, "duration": 0.05730581283569336, "fun": "0.2840821444988251", "jac": "[0. 0. 0. 0. 0. 0.]", "hess_inv": "[[ 1.93685278  0.42582819 -0.09422284  0.83902476  0.79583339 -1.24473511]\n [ 0.42582819  3.70377449  0.51068362  1.61607153  0.38372025  0.36574175]\n [-0.09422284  0.51068362  2.53625596 -1.03607749  0.16413591  0.64786946]\n [ 0.83902476  1.61607153 -1.03607749  4.44899689  0.32671088 -1.31432222]\n [ 0.79583339  0.38372025  0.16413591  0.32671088  3.60876819 -1.67306919]\n [-1.24473511  0.36574175  0.64786946 -1.31432222 -1.67306919  3.80441895]]", "nfev": "245", "njev": "35", "status": "0", "success": "True", "message": "Optimization terminated successfully.", "x": "[ 2.00149703  1.80997131  6.52077591 -1.09758271  1.6372435   8.28080415]", "nit": "25"}, "13": {"maxiter": 500, "gtol": 1e-10, "xrtol": 1e-05, "eps": 1e-10, "duration": 0.0017271041870117188, "fun": "0.9765843152999878", "jac": "[0. 0. 0. 0. 0. 0.]", "hess_inv": "[[1 0 0 0 0 0]\n [0 1 0 0 0 0]\n [0 0 1 0 0 0]\n [0 0 0 1 0 0]\n [0 0 0 0 1 0]\n [0 0 0 0 0 1]]", "nfev": "7", "njev": "1", "status": "0", "success": "True", "message": "Optimization terminated successfully.", "x": "[2.28147305 0.03046121 5.27922844 0.437081   1.30903713 5.42132087]", "nit": "0"}, "14": {"maxiter": 500, "gtol": 1e-10, "xrtol": 1e-10, "eps": 1e-05, "duration": 0.05826592445373535, "fun": "0.2840821444988251", "jac": "[0. 0. 0. 0. 0. 0.]", "hess_inv": "[[ 1.93685278  0.42582819 -0.09422284  0.83902476  0.79583339 -1.24473511]\n [ 0.42582819  3.70377449  0.51068362  1.61607153  0.38372025  0.36574175]\n [-0.09422284  0.51068362  2.53625596 -1.03607749  0.16413591  0.64786946]\n [ 0.83902476  1.61607153 -1.03607749  4.44899689  0.32671088 -1.31432222]\n [ 0.79583339  0.38372025  0.16413591  0.32671088  3.60876819 -1.67306919]\n [-1.24473511  0.36574175  0.64786946 -1.31432222 -1.67306919  3.80441895]]", "nfev": "245", "njev": "35", "status": "0", "success": "True", "message": "Optimization terminated successfully.", "x": "[ 2.00149703  1.80997131  6.52077591 -1.09758271  1.6372435   8.28080415]", "nit": "25"}, "15": {"maxiter": 500, "gtol": 1e-10, "xrtol": 1e-10, "eps": 1e-10, "duration": 0.003748655319213867, "fun": "0.9765843152999878", "jac": "[0. 0. 0. 0. 0. 0.]", "hess_inv": "[[1 0 0 0 0 0]\n [0 1 0 0 0 0]\n [0 0 1 0 0 0]\n [0 0 0 1 0 0]\n [0 0 0 0 1 0]\n [0 0 0 0 0 1]]", "nfev": "7", "njev": "1", "status": "0", "success": "True", "message": "Optimization terminated successfully.", "x": "[2.28147305 0.03046121 5.27922844 0.437081   1.30903713 5.42132087]", "nit": "0"}, "16": {"maxiter": 1000, "gtol": 1e-05, "xrtol": 1e-05, "eps": 1e-05, "duration": 0.06477737426757812, "fun": "0.2840821444988251", "jac": "[0. 0. 0. 0. 0. 0.]", "hess_inv": "[[ 1.93685278  0.42582819 -0.09422284  0.83902476  0.79583339 -1.24473511]\n [ 0.42582819  3.70377449  0.51068362  1.61607153  0.38372025  0.36574175]\n [-0.09422284  0.51068362  2.53625596 -1.03607749  0.16413591  0.64786946]\n [ 0.83902476  1.61607153 -1.03607749  4.44899689  0.32671088 -1.31432222]\n [ 0.79583339  0.38372025  0.16413591  0.32671088  3.60876819 -1.67306919]\n [-1.24473511  0.36574175  0.64786946 -1.31432222 -1.67306919  3.80441895]]", "nfev": "245", "njev": "35", "status": "0", "success": "True", "message": "Optimization terminated successfully.", "x": "[ 2.00149703  1.80997131  6.52077591 -1.09758271  1.6372435   8.28080415]", "nit": "25"}, "17": {"maxiter": 1000, "gtol": 1e-05, "xrtol": 1e-05, "eps": 1e-10, "duration": 0.0017018318176269531, "fun": "0.9765843152999878", "jac": "[0. 0. 0. 0. 0. 0.]", "hess_inv": "[[1 0 0 0 0 0]\n [0 1 0 0 0 0]\n [0 0 1 0 0 0]\n [0 0 0 1 0 0]\n [0 0 0 0 1 0]\n [0 0 0 0 0 1]]", "nfev": "7", "njev": "1", "status": "0", "success": "True", "message": "Optimization terminated successfully.", "x": "[2.28147305 0.03046121 5.27922844 0.437081   1.30903713 5.42132087]", "nit": "0"}, "18": {"maxiter": 1000, "gtol": 1e-05, "xrtol": 1e-10, "eps": 1e-05, "duration": 0.06157422065734863, "fun": "0.2840821444988251", "jac": "[0. 0. 0. 0. 0. 0.]", "hess_inv": "[[ 1.93685278  0.42582819 -0.09422284  0.83902476  0.79583339 -1.24473511]\n [ 0.42582819  3.70377449  0.51068362  1.61607153  0.38372025  0.36574175]\n [-0.09422284  0.51068362  2.53625596 -1.03607749  0.16413591  0.64786946]\n [ 0.83902476  1.61607153 -1.03607749  4.44899689  0.32671088 -1.31432222]\n [ 0.79583339  0.38372025  0.16413591  0.32671088  3.60876819 -1.67306919]\n [-1.24473511  0.36574175  0.64786946 -1.31432222 -1.67306919  3.80441895]]", "nfev": "245", "njev": "35", "status": "0", "success": "True", "message": "Optimization terminated successfully.", "x": "[ 2.00149703  1.80997131  6.52077591 -1.09758271  1.6372435   8.28080415]", "nit": "25"}, "19": {"maxiter": 1000, "gtol": 1e-05, "xrtol": 1e-10, "eps": 1e-10, "duration": 0.0019078254699707031, "fun": "0.9765843152999878", "jac": "[0. 0. 0. 0. 0. 0.]", "hess_inv": "[[1 0 0 0 0 0]\n [0 1 0 0 0 0]\n [0 0 1 0 0 0]\n [0 0 0 1 0 0]\n [0 0 0 0 1 0]\n [0 0 0 0 0 1]]", "nfev": "7", "njev": "1", "status": "0", "success": "True", "message": "Optimization terminated successfully.", "x": "[2.28147305 0.03046121 5.27922844 0.437081   1.30903713 5.42132087]", "nit": "0"}, "20": {"maxiter": 1000, "gtol": 1e-10, "xrtol": 1e-05, "eps": 1e-05, "duration": 0.06207013130187988, "fun": "0.2840821444988251", "jac": "[0. 0. 0. 0. 0. 0.]", "hess_inv": "[[ 1.93685278  0.42582819 -0.09422284  0.83902476  0.79583339 -1.24473511]\n [ 0.42582819  3.70377449  0.51068362  1.61607153  0.38372025  0.36574175]\n [-0.09422284  0.51068362  2.53625596 -1.03607749  0.16413591  0.64786946]\n [ 0.83902476  1.61607153 -1.03607749  4.44899689  0.32671088 -1.31432222]\n [ 0.79583339  0.38372025  0.16413591  0.32671088  3.60876819 -1.67306919]\n [-1.24473511  0.36574175  0.64786946 -1.31432222 -1.67306919  3.80441895]]", "nfev": "245", "njev": "35", "status": "0", "success": "True", "message": "Optimization terminated successfully.", "x": "[ 2.00149703  1.80997131  6.52077591 -1.09758271  1.6372435   8.28080415]", "nit": "25"}, "21": {"maxiter": 1000, "gtol": 1e-10, "xrtol": 1e-05, "eps": 1e-10, "duration": 0.0016067028045654297, "fun": "0.9765843152999878", "jac": "[0. 0. 0. 0. 0. 0.]", "hess_inv": "[[1 0 0 0 0 0]\n [0 1 0 0 0 0]\n [0 0 1 0 0 0]\n [0 0 0 1 0 0]\n [0 0 0 0 1 0]\n [0 0 0 0 0 1]]", "nfev": "7", "njev": "1", "status": "0", "success": "True", "message": "Optimization terminated successfully.", "x": "[2.28147305 0.03046121 5.27922844 0.437081   1.30903713 5.42132087]", "nit": "0"}, "22": {"maxiter": 1000, "gtol": 1e-10, "xrtol": 1e-10, "eps": 1e-05, "duration": 0.062367916107177734, "fun": "0.2840821444988251", "jac": "[0. 0. 0. 0. 0. 0.]", "hess_inv": "[[ 1.93685278  0.42582819 -0.09422284  0.83902476  0.79583339 -1.24473511]\n [ 0.42582819  3.70377449  0.51068362  1.61607153  0.38372025  0.36574175]\n [-0.09422284  0.51068362  2.53625596 -1.03607749  0.16413591  0.64786946]\n [ 0.83902476  1.61607153 -1.03607749  4.44899689  0.32671088 -1.31432222]\n [ 0.79583339  0.38372025  0.16413591  0.32671088  3.60876819 -1.67306919]\n [-1.24473511  0.36574175  0.64786946 -1.31432222 -1.67306919  3.80441895]]", "nfev": "245", "njev": "35", "status": "0", "success": "True", "message": "Optimization terminated successfully.", "x": "[ 2.00149703  1.80997131  6.52077591 -1.09758271  1.6372435   8.28080415]", "nit": "25"}, "23": {"maxiter": 1000, "gtol": 1e-10, "xrtol": 1e-10, "eps": 1e-10, "duration": 0.001931905746459961, "fun": "0.9765843152999878", "jac": "[0. 0. 0. 0. 0. 0.]", "hess_inv": "[[1 0 0 0 0 0]\n [0 1 0 0 0 0]\n [0 0 1 0 0 0]\n [0 0 0 1 0 0]\n [0 0 0 0 1 0]\n [0 0 0 0 0 1]]", "nfev": "7", "njev": "1", "status": "0", "success": "True", "message": "Optimization terminated successfully.", "x": "[2.28147305 0.03046121 5.27922844 0.437081   1.30903713 5.42132087]", "nit": "0"}}, "cobyla": {"0": {"maxiter": 100, "tol": 1e-05, "catol": 1e-05, "duration": 0.027220964431762695, "x": "[ 4.29312001 -1.3415276   3.37916814 -1.09937475  1.63114416  8.27584701]", "status": "2", "success": "False", "message": "Maximum number of function evaluations has been exceeded.", "nfev": "100", "fun": "0.28408363461494446", "maxcv": "0.0"}, "1": {"maxiter": 100, "tol": 1e-05, "catol": 1e-10, "duration": 0.02207016944885254, "x": "[ 4.29312001 -1.3415276   3.37916814 -1.09937475  1.63114416  8.27584701]", "status": "2", "success": "False", "message": "Maximum number of function evaluations has been exceeded.", "nfev": "100", "fun": "0.28408363461494446", "maxcv": "0.0"}, "2": {"maxiter": 100, "tol": 1e-10, "catol": 1e-05, "duration": 0.02268075942993164, "x": "[ 4.29312001 -1.3415276   3.37916814 -1.09937475  1.63114416  8.27584701]", "status": "2", "success": "False", "message": "Maximum number of function evaluations has been exceeded.", "nfev": "100", "fun": "0.28408363461494446", "maxcv": "0.0"}, "3": {"maxiter": 100, "tol": 1e-10, "catol": 1e-10, "duration": 0.02396416664123535, "x": "[ 4.29312001 -1.3415276   3.37916814 -1.09937475  1.63114416  8.27584701]", "status": "2", "success": "False", "message": "Maximum number of function evaluations has been exceeded.", "nfev": "100", "fun": "0.28408363461494446", "maxcv": "0.0"}, "4": {"maxiter": 500, "tol": 1e-05, "catol": 1e-05, "duration": 0.037930965423583984, "x": "[ 4.29132695 -1.34128954  3.3716109  -1.10330695  1.62679584  8.28124694]", "status": "1", "success": "True", "message": "Optimization terminated successfully.", "nfev": "167", "fun": "0.2840616703033447", "maxcv": "0.0"}, "5": {"maxiter": 500, "tol": 1e-05, "catol": 1e-10, "duration": 0.03570723533630371, "x": "[ 4.29132695 -1.34128954  3.3716109  -1.10330695  1.62679584  8.28124694]", "status": "1", "success": "True", "message": "Optimization terminated successfully.", "nfev": "167", "fun": "0.2840616703033447", "maxcv": "0.0"}, "6": {"maxiter": 500, "tol": 1e-10, "catol": 1e-05, "duration": 0.04304981231689453, "x": "[ 4.29132552 -1.34128356  3.37161605 -1.10330163  1.62679315  8.28124648]", "status": "1", "success": "True", "message": "Optimization terminated successfully.", "nfev": "202", "fun": "0.2840616703033447", "maxcv": "0.0"}, "7": {"maxiter": 500, "tol": 1e-10, "catol": 1e-10, "duration": 0.044111013412475586, "x": "[ 4.29132552 -1.34128356  3.37161605 -1.10330163  1.62679315  8.28124648]", "status": "1", "success": "True", "message": "Optimization terminated successfully.", "nfev": "202", "fun": "0.2840616703033447", "maxcv": "0.0"}, "8": {"maxiter": 1000, "tol": 1e-05, "catol": 1e-05, "duration": 0.03705787658691406, "x": "[ 4.29132695 -1.34128954  3.3716109  -1.10330695  1.62679584  8.28124694]", "status": "1", "success": "True", "message": "Optimization terminated successfully.", "nfev": "167", "fun": "0.2840616703033447", "maxcv": "0.0"}, "9": {"maxiter": 1000, "tol": 1e-05, "catol": 1e-10, "duration": 0.03795790672302246, "x": "[ 4.29132695 -1.34128954  3.3716109  -1.10330695  1.62679584  8.28124694]", "status": "1", "success": "True", "message": "Optimization terminated successfully.", "nfev": "167", "fun": "0.2840616703033447", "maxcv": "0.0"}, "10": {"maxiter": 1000, "tol": 1e-10, "catol": 1e-05, "duration": 0.04314708709716797, "x": "[ 4.29132552 -1.34128356  3.37161605 -1.10330163  1.62679315  8.28124648]", "status": "1", "success": "True", "message": "Optimization terminated successfully.", "nfev": "202", "fun": "0.2840616703033447", "maxcv": "0.0"}, "11": {"maxiter": 1000, "tol": 1e-10, "catol": 1e-10, "duration": 0.04315614700317383, "x": "[ 4.29132552 -1.34128356  3.37161605 -1.10330163  1.62679315  8.28124648]", "status": "1", "success": "True", "message": "Optimization terminated successfully.", "nfev": "202", "fun": "0.2840616703033447", "maxcv": "0.0"}}, "powell": {"0": {"maxiter": 100, "ftol": 1e-05, "xtol": 1e-05, "duration": 0.1394791603088379, "fun": "0.2840680181980133", "direc": "[[ 0.          0.          0.          0.          0.          1.        ]\n [-0.05668213 -0.48368257 -0.30126174  0.12077585 -0.30931804  0.16854843]\n [ 0.          0.          1.          0.          0.          0.        ]\n [ 0.          0.          0.          1.          0.          0.        ]\n [ 0.          0.          0.          0.          1.          0.        ]\n [-0.02405028 -0.02564512  0.01285543  0.03409075 -0.00235189 -0.01060159]]", "nit": "7", "nfev": "644", "status": "0", "success": "True", "message": "Optimization terminated successfully.", "x": "[ 8.28037463  1.79696732  0.23021618  1.10383982 -1.51194175  5.13543991]"}, "1": {"maxiter": 100, "ftol": 1e-05, "xtol": 1e-10, "duration": 0.32457780838012695, "fun": "0.28406408429145813", "direc": "[[ 0.          0.          0.          0.          0.          1.        ]\n [-0.03791814 -0.39364343 -0.2457222   0.08049249 -0.2785363   0.19571369]\n [ 0.          0.          1.          0.          0.          0.        ]\n [ 0.          0.          0.          1.          0.          0.        ]\n [ 0.          0.          0.          0.          1.          0.        ]\n [-0.03139999 -0.04493685  0.00208928  0.04498626 -0.00423398 -0.0274645 ]]", "nit": "7", "nfev": "1462", "status": "0", "success": "True", "message": "Optimization terminated successfully.", "x": "[ 8.27082562  1.8012639   0.23041355  1.10439893 -1.51713762  5.14199231]"}, "2": {"maxiter": 100, "ftol": 1e-10, "xtol": 1e-05, "duration": 0.30565333366394043, "fun": "0.2840616703033447", "direc": "[[-2.40502763e-02 -2.56451159e-02  1.28554262e-02  3.40907495e-02\n  -2.35188955e-03 -1.06015917e-02]\n [-1.93053838e-03  5.31129659e-05 -6.32643171e-04  1.62585317e-04\n  -1.57522393e-03  1.88179216e-03]\n [ 0.00000000e+00  0.00000000e+00  1.00000000e+00  0.00000000e+00\n   0.00000000e+00  0.00000000e+00]\n [ 0.00000000e+00  0.00000000e+00  0.00000000e+00  1.00000000e+00\n   0.00000000e+00  0.00000000e+00]\n [ 0.00000000e+00  0.00000000e+00  0.00000000e+00  0.00000000e+00\n   1.00000000e+00  0.00000000e+00]\n [-2.98541508e-04  7.92018689e-04  4.97531495e-04 -3.47956962e-04\n   4.77759772e-04 -5.65171991e-04]]", "nit": "11", "nfev": "1244", "status": "0", "success": "True", "message": "Optimization terminated successfully.", "x": "[ 8.27466174  1.79932864  0.22971455  1.10321184 -1.51522145  5.13894022]"}, "3": {"maxiter": 100, "ftol": 1e-10, "xtol": 1e-10, "duration": 0.7597780227661133, "fun": "0.28406164050102234", "direc": "[[ 2.95973906e-04 -8.71271556e-04 -4.16921540e-05  4.69637616e-05\n   9.91520813e-06  3.04694182e-04]\n [-3.13999913e-02 -4.49368515e-02  2.08928395e-03  4.49862599e-02\n  -4.23398395e-03 -2.74645030e-02]\n [ 0.00000000e+00  0.00000000e+00  1.00000000e+00  0.00000000e+00\n   0.00000000e+00  0.00000000e+00]\n [ 0.00000000e+00  0.00000000e+00  0.00000000e+00  1.00000000e+00\n   0.00000000e+00  0.00000000e+00]\n [ 0.00000000e+00  0.00000000e+00  0.00000000e+00  0.00000000e+00\n   1.00000000e+00  0.00000000e+00]\n [ 8.07516907e-04  6.32339188e-04 -9.18361971e-05 -6.78704718e-04\n   4.65860096e-04 -7.65433226e-04]]", "nit": "12", "nfev": "2753", "status": "0", "success": "True", "message": "Optimization terminated successfully.", "x": "[ 8.2749026   1.79945221  0.22975816  1.1033744  -1.51525789  5.139588  ]"}, "4": {"maxiter": 500, "ftol": 1e-05, "xtol": 1e-05, "duration": 0.16402673721313477, "fun": "0.2840680181980133", "direc": "[[ 0.          0.          0.          0.          0.          1.        ]\n [-0.05668213 -0.48368257 -0.30126174  0.12077585 -0.30931804  0.16854843]\n [ 0.          0.          1.          0.          0.          0.        ]\n [ 0.          0.          0.          1.          0.          0.        ]\n [ 0.          0.          0.          0.          1.          0.        ]\n [-0.02405028 -0.02564512  0.01285543  0.03409075 -0.00235189 -0.01060159]]", "nit": "7", "nfev": "644", "status": "0", "success": "True", "message": "Optimization terminated successfully.", "x": "[ 8.28037463  1.79696732  0.23021618  1.10383982 -1.51194175  5.13543991]"}, "5": {"maxiter": 500, "ftol": 1e-05, "xtol": 1e-10, "duration": 0.37984585762023926, "fun": "0.28406408429145813", "direc": "[[ 0.          0.          0.          0.          0.          1.        ]\n [-0.03791814 -0.39364343 -0.2457222   0.08049249 -0.2785363   0.19571369]\n [ 0.          0.          1.          0.          0.          0.        ]\n [ 0.          0.          0.          1.          0.          0.        ]\n [ 0.          0.          0.          0.          1.          0.        ]\n [-0.03139999 -0.04493685  0.00208928  0.04498626 -0.00423398 -0.0274645 ]]", "nit": "7", "nfev": "1462", "status": "0", "success": "True", "message": "Optimization terminated successfully.", "x": "[ 8.27082562  1.8012639   0.23041355  1.10439893 -1.51713762  5.14199231]"}, "6": {"maxiter": 500, "ftol": 1e-10, "xtol": 1e-05, "duration": 0.30809593200683594, "fun": "0.2840616703033447", "direc": "[[-2.40502763e-02 -2.56451159e-02  1.28554262e-02  3.40907495e-02\n  -2.35188955e-03 -1.06015917e-02]\n [-1.93053838e-03  5.31129659e-05 -6.32643171e-04  1.62585317e-04\n  -1.57522393e-03  1.88179216e-03]\n [ 0.00000000e+00  0.00000000e+00  1.00000000e+00  0.00000000e+00\n   0.00000000e+00  0.00000000e+00]\n [ 0.00000000e+00  0.00000000e+00  0.00000000e+00  1.00000000e+00\n   0.00000000e+00  0.00000000e+00]\n [ 0.00000000e+00  0.00000000e+00  0.00000000e+00  0.00000000e+00\n   1.00000000e+00  0.00000000e+00]\n [-2.98541508e-04  7.92018689e-04  4.97531495e-04 -3.47956962e-04\n   4.77759772e-04 -5.65171991e-04]]", "nit": "11", "nfev": "1244", "status": "0", "success": "True", "message": "Optimization terminated successfully.", "x": "[ 8.27466174  1.79932864  0.22971455  1.10321184 -1.51522145  5.13894022]"}, "7": {"maxiter": 500, "ftol": 1e-10, "xtol": 1e-10, "duration": 0.6942260265350342, "fun": "0.28406164050102234", "direc": "[[ 2.95973906e-04 -8.71271556e-04 -