{"date": "2024/10/08/, 18:45:27", "conf_id": 21, "data_type": "random\n", "num_data_points": 2, "s_rank": 0, "unitary": "[[-0.56303964-0.00798273j,-0.21670212-0.15784972j,-0.06047197-0.73952673j,-0.01438004+0.24552571j],[-0.06976756+0.23474685j,-0.01275565-0.5435098j,-0.02703657-0.08917885j,-0.08210486-0.79311774j],[-0.38559961+0.10714929j,0.5933431-0.2687392j,-0.24060861+0.29149289j,-0.45147719+0.26241743j],[-0.50180421+0.45931857j,-0.11617175+0.44134496j,0.49642745+0.22684508j,-0.08544628-0.15407063j]]", "databatch_0": {"databatch": "[[[-0.09742541+0.10331464j,-0.12213221-0.00333875j,-0.13265878+0.09270072j,0.04526118-0.05472582j],[-0.38276946-0.19185166j,-0.09616655-0.3556018j,-0.38264145-0.30279848j,0.19725614+0.08329968j],[0.14712313+0.07516279j,0.03605049+0.13749543j,0.14674438+0.11797155j,-0.07586455-0.03272699j],[-0.19734061-0.18521414j,0.0058141-0.23278118j,-0.17727043-0.25241151j,0.10450291+0.08601517j]],[[0.10266853-0.10093211j,0.23319304+0.11176509j,-0.03052019-0.02540776j,-0.00726933+0.22386035j],[0.04605064+0.01956382j,-0.00491674+0.08973289j,0.00410536-0.01317611j,-0.07285555+0.02740111j],[0.15681666+0.00461397j,0.08799151+0.26769393j,-0.0030384-0.04316659j,-0.18153705+0.16313249j],[-0.30094113+0.10172236j,-0.35563432-0.44618041j,0.03617983+0.079804j,0.22968716-0.43757737j]]]", "initial param values": "[1.63924072,1.73581871,2.08599145,3.69596277,3.81456783,0.65377479]", "nelder_mead": {"type": "gradient-free", "0": {"maxiter": 100, "fatol": 1e-05, "xatol": 1e-05, "duration": 0.051503896713256836, "fun": "0.3454677452740196", "nit": "100", "nfev": "150", "status": "2", "success": "False", "message": "Maximum number of iterations has been exceeded.", "x": "[2.30388329 2.80656712 2.31427813 5.00359252 6.55911897 0.09617869]", "final_simplex": "(array([[2.30388329, 2.80656712, 2.31427813, 5.00359252, 6.55911897,\n        0.09617869],\n       [2.31864254, 2.622617  , 2.26088538, 5.1531018 , 6.28884423,\n        0.11606539],\n       [2.52796576, 2.61571593, 2.21094692, 5.01796897, 6.3436618 ,\n        0.12204199],\n       [2.07206212, 2.50929321, 2.50375457, 4.7104489 , 5.88770177,\n        0.23236762],\n       [2.20757719, 2.49947633, 2.57015958, 4.82560616, 5.8857296 ,\n        0.18337907],\n       [1.97865865, 2.33638709, 2.44430335, 4.72535906, 5.87317177,\n        0.22326287],\n       [2.32316973, 2.52876678, 2.51137817, 4.95179772, 6.24343772,\n        0.12773473]]), array([0.34546775, 0.34956393, 0.35476411, 0.3622104 , 0.36485238,\n       0.37029535, 0.37184536]))", "callback": [0.6736433834544768, 0.5735798029650926, 0.5452522867868022, 0.49235493449451784, 0.46949069019113254, 0.46073284400430126, 0.44553658554693, 0.4154400176621438, 0.39705645915759635, 0.3766100180788621]}, "1": {"maxiter": 100, "fatol": 1e-05, "xatol": 1e-10, "duration": 0.05447101593017578, "fun": "0.3454677452740196", "nit": "100", "nfev": "150", "status": "2", "success": "False", "message": "Maximum number of iterations has been exceeded.", "x": "[2.30388329 2.80656712 2.31427813 5.00359252 6.55911897 0.09617869]", "final_simplex": "(array([[2.30388329, 2.80656712, 2.31427813, 5.00359252, 6.55911897,\n        0.09617869],\n       [2.31864254, 2.622617  , 2.26088538, 5.1531018 , 6.28884423,\n        0.11606539],\n       [2.52796576, 2.61571593, 2.21094692, 5.01796897, 6.3436618 ,\n        0.12204199],\n       [2.07206212, 2.50929321, 2.50375457, 4.7104489 , 5.88770177,\n        0.23236762],\n       [2.20757719, 2.49947633, 2.57015958, 4.82560616, 5.8857296 ,\n        0.18337907],\n       [1.97865865, 2.33638709, 2.44430335, 4.72535906, 5.87317177,\n        0.22326287],\n       [2.32316973, 2.52876678, 2.51137817, 4.95179772, 6.24343772,\n        0.12773473]]), array([0.34546775, 0.34956393, 0.35476411, 0.3622104 , 0.36485238,\n       0.37029535, 0.37184536]))", "callback": [0.6736433834544768, 0.5735798029650926, 0.5452522867868022, 0.49235493449451784, 0.46949069019113254, 0.46073284400430126, 0.44553658554693, 0.4154400176621438, 0.39705645915759635, 0.3766100180788621]}, "2": {"maxiter": 100, "fatol": 1e-10, "xatol": 1e-05, "duration": 0.04897475242614746, "fun": "0.3454677452740196", "nit": "100", "nfev": "150", "status": "2", "success": "False", "message": "Maximum number of iterations has been exceeded.", "x": "[2.30388329 2.80656712 2.31427813 5.00359252 6.55911897 0.09617869]", "final_simplex": "(array([[2.30388329, 2.80656712, 2.31427813, 5.00359252, 6.55911897,\n        0.09617869],\n       [2.31864254, 2.622617  , 2.26088538, 5.1531018 , 6.28884423,\n        0.11606539],\n       [2.52796576, 2.61571593, 2.21094692, 5.01796897, 6.3436618 ,\n        0.12204199],\n       [2.07206212, 2.50929321, 2.50375457, 4.7104489 , 5.88770177,\n        0.23236762],\n       [2.20757719, 2.49947633, 2.57015958, 4.82560616, 5.8857296 ,\n        0.18337907],\n       [1.97865865, 2.33638709, 2.44430335, 4.72535906, 5.87317177,\n        0.22326287],\n       [2.32316973, 2.52876678, 2.51137817, 4.95179772, 6.24343772,\n        0.12773473]]), array([0.34546775, 0.34956393, 0.35476411, 0.3622104 , 0.36485238,\n       0.37029535, 0.37184536]))", "callback": [0.6736433834544768, 0.5735798029650926, 0.5452522867868022, 0.49235493449451784, 0.46949069019113254, 0.46073284400430126, 0.44553658554693, 0.4154400176621438, 0.39705645915759635, 0.3766100180788621]}, "3": {"maxiter": 100, "fatol": 1e-10, "xatol": 1e-10, "duration": 0.05016493797302246, "fun": "0.3454677452740196", "nit": "100", "nfev": "150", "status": "2", "success": "False", "message": "Maximum number of iterations has been exceeded.", "x": "[2.30388329 2.80656712 2.31427813 5.00359252 6.55911897 0.09617869]", "final_simplex": "(array([[2.30388329, 2.80656712, 2.31427813, 5.00359252, 6.55911897,\n        0.09617869],\n       [2.31864254, 2.622617  , 2.26088538, 5.1531018 , 6.28884423,\n        0.11606539],\n       [2.52796576, 2.61571593, 2.21094692, 5.01796897, 6.3436618 ,\n        0.12204199],\n       [2.07206212, 2.50929321, 2.50375457, 4.7104489 , 5.88770177,\n        0.23236762],\n       [2.20757719, 2.49947633, 2.57015958, 4.82560616, 5.8857296 ,\n        0.18337907],\n       [1.97865865, 2.33638709, 2.44430335, 4.72535906, 5.87317177,\n        0.22326287],\n       [2.32316973, 2.52876678, 2.51137817, 4.95179772, 6.24343772,\n        0.12773473]]), array([0.34546775, 0.34956393, 0.35476411, 0.3622104 , 0.36485238,\n       0.37029535, 0.37184536]))", "callback": [0.6736433834544768, 0.5735798029650926, 0.5452522867868022, 0.49235493449451784, 0.46949069019113254, 0.46073284400430126, 0.44553658554693, 0.4154400176621438, 0.39705645915759635, 0.3766100180788621]}, "4": {"maxiter": 500, "fatol": 1e-05, "xatol": 1e-05, "duration": 0.21828818321228027, "fun": "0.30075197535269016", "nit": "413", "nfev": "648", "status": "0", "success": "True", "message": "Optimization terminated successfully.", "x": "[ 2.78201005  2.81946308  1.43557352  4.99653593  7.51513354 -0.70377242]", "final_simplex": "(array([[ 2.78201005,  2.81946308,  1.43557352,  4.99653593,  7.51513354,\n        -0.70377242],\n       [ 2.78201277,  2.81946535,  1.43557105,  4.99653451,  7.51514168,\n        -0.70377464],\n       [ 2.7820081 ,  2.819468  ,  1.43557902,  4.99653825,  7.51513184,\n        -0.70377221],\n       [ 2.7820121 ,  2.81946807,  1.43557528,  4.99653971,  7.51513641,\n        -0.70377252],\n       [ 2.78201004,  2.81946305,  1.43556783,  4.99653784,  7.51513704,\n        -0.70377361],\n       [ 2.78201109,  2.81946458,  1.43557487,  4.99653776,  7.51513531,\n        -0.70377603],\n       [ 2.78201237,  2.81946021,  1.43556767,  4.99653852,  7.51513817,\n        -0.70377444]]), array([0.30075198, 0.30075198, 0.30075198, 0.30075198, 0.30075198,\n       0.30075198, 0.30075198]))", "callback": [0.6736433834544768, 0.5735798029650926, 0.5452522867868022, 0.49235493449451784, 0.46949069019113254, 0.46073284400430126, 0.44553658554693, 0.4154400176621438, 0.39705645915759635, 0.3766100180788621, 0.34522713710373154, 0.3350580239786777, 0.33402828268942875, 0.3332186987357648, 0.33168249865698474, 0.3275081209285532, 0.3150148782328346, 0.30900796897917526, 0.3036317137035609, 0.3020450045427916, 0.3015282288595511, 0.3012643925130116, 0.3011603948073549, 0.30104096541723935, 0.30095083789198995, 0.30092578869583997, 0.30086857057730776, 0.3007660347388246, 0.30076069016277274, 0.3007549153278888, 0.30075247705654007, 0.3007521146981066, 0.3007520044739418, 0.3007519839177928, 0.30075197704879275, 0.3007519755388668, 0.30075197542050036, 0.30075197538027165, 0.300751975372191, 0.3007519753554371, 0.3007519753553757, 0.30075197535269016]}, "5": {"maxiter": 500, "fatol": 1e-05, "xatol": 1e-10, "duration": 0.2552006244659424, "fun": "0.3007519753509901", "nit": "500", "nfev": "795", "status": "2", "success": "False", "message": "Maximum number of iterations has been exceeded.", "x": "[ 2.78201226  2.81947046  1.43557795  4.99653511  7.51513543 -0.70377253]", "final_simplex": "(array([[ 2.78201226,  2.81947046,  1.43557795,  4.99653511,  7.51513543,\n        -0.70377253],\n       [ 2.78201227,  2.81947044,  1.43557794,  4.99653511,  7.51513543,\n        -0.70377254],\n       [ 2.78201229,  2.81947045,  1.43557793,  4.9965351 ,  7.51513546,\n        -0.70377256],\n       [ 2.78201228,  2.81947043,  1.43557791,  4.9965351 ,  7.51513545,\n        -0.70377254],\n       [ 2.78201226,  2.81947042,  1.43557793,  4.9965351 ,  7.51513543,\n        -0.70377254],\n       [ 2.78201226,  2.81947039,  1.43557789,  4.99653511,  7.51513544,\n        -0.70377256],\n       [ 2.78201226,  2.81947043,  1.43557791,  4.99653509,  7.51513544,\n        -0.70377254]]), array([0.30075198, 0.30075198, 0.30075198, 0.30075198, 0.30075198,\n       0.30075198, 0.30075198]))", "callback": [0.6736433834544768, 0.5735798029650926, 0.5452522867868022, 0.49235493449451784, 0.46949069019113254, 0.46073284400430126, 0.44553658554693, 0.4154400176621438, 0.39705645915759635, 0.3766100180788621, 0.34522713710373154, 0.3350580239786777, 0.33402828268942875, 0.3332186987357648, 0.33168249865698474, 0.3275081209285532, 0.3150148782328346, 0.30900796897917526, 0.3036317137035609, 0.3020450045427916, 0.3015282288595511, 0.3012643925130116, 0.3011603948073549, 0.30104096541723935, 0.30095083789198995, 0.30092578869583997, 0.30086857057730776, 0.3007660347388246, 0.30076069016277274, 0.3007549153278888, 0.30075247705654007, 0.3007521146981066, 0.3007520044739418, 0.3007519839177928, 0.30075197704879275, 0.3007519755388668, 0.30075197542050036, 0.30075197538027165, 0.300751975372191, 0.3007519753554371, 0.3007519753553757, 0.30075197535269016, 0.30075197535187015, 0.3007519753512411, 0.30075197535107767, 0.30075197535102727, 0.30075197535100084, 0.30075197535099396, 0.30075197535099085, 0.3007519753509904]}, "6": {"maxiter": 500, "fatol": 1e-10, "xatol": 1e-05, "duration": 0.2264561653137207, "fun": "0.30075197535269016", "nit": "413", "nfev": "648", "status": "0", "success": "True", "message": "Optimization terminated successfully.", "x": "[ 2.78201005  2.81946308  1.43557352  4.99653593  7.51513354 -0.70377242]", "final_simplex": "(array([[ 2.78201005,  2.81946308,  1.43557352,  4.99653593,  7.51513354,\n        -0.70377242],\n       [ 2.78201277,  2.81946535,  1.43557105,  4.99653451,  7.51514168,\n        -0.70377464],\n       [ 2.7820081 ,  2.819468  ,  1.43557902,  4.99653825,  7.51513184,\n        -0.70377221],\n       [ 2.7820121 ,  2.81946807,  1.43557528,  4.99653971,  7.51513641,\n        -0.70377252],\n       [ 2.78201004,  2.81946305,  1.43556783,  4.99653784,  7.51513704,\n        -0.70377361],\n       [ 2.78201109,  2.81946458,  1.43557487,  4.99653776,  7.51513531,\n        -0.70377603],\n       [ 2.78201237,  2.81946021,  1.43556767,  4.99653852,  7.51513817,\n        -0.70377444]]), array([0.30075198, 0.30075198, 0.30075198, 0.30075198, 0.30075198,\n       0.30075198, 0.30075198]))", "callback": [0.6736433834544768, 0.5735798029650926, 0.5452522867868022, 0.49235493449451784, 0.46949069019113254, 0.46073284400430126, 0.44553658554693, 0.4154400176621438, 0.39705645915759635, 0.3766100180788621, 0.34522713710373154, 0.3350580239786777, 0.33402828268942875, 0.3332186987357648, 0.33168249865698474, 0.3275081209285532, 0.3150148782328346, 0.30900796897917526, 0.3036317137035609, 0.3020450045427916, 0.3015282288595511, 0.3012643925130116, 0.3011603948073549, 0.30104096541723935, 0.30095083789198995, 0.30092578869583997, 0.30086857057730776, 0.3007660347388246, 0.30076069016277274, 0.3007549153278888, 0.30075247705654007, 0.3007521146981066, 0.3007520044739418, 0.3007519839177928, 0.30075197704879275, 0.3007519755388668, 0.30075197542050036, 0.30075197538027165, 0.300751975372191, 0.3007519753554371, 0.3007519753553757, 0.30075197535269016]}, "7": {"maxiter": 500, "fatol": 1e-10, "xatol": 1e-10, "duration": 0.27999424934387207, "fun": "0.3007519753509901", "nit": "500", "nfev": "795", "status": "2", "success": "False", "message": "Maximum number of iterations has been exceeded.", "x": "[ 2.78201226  2.81947046  1.43557795  4.99653511  7.51513543 -0.70377253]", "final_simplex": "(array([[ 2.78201226,  2.81947046,  1.43557795,  4.99653511,  7.51513543,\n        -0.70377253],\n       [ 2.78201227,  2.81947044,  1.43557794,  4.99653511,  7.51513543,\n        -0.70377254],\n       [ 2.78201229,  2.81947045,  1.43557793,  4.9965351 ,  7.51513546,\n        -0.70377256],\n       [ 2.78201228,  2.81947043,  1.43557791,  4.9965351 ,  7.51513545,\n        -0.70377254],\n       [ 2.78201226,  2.81947042,  1.43557793,  4.9965351 ,  7.51513543,\n        -0.70377254],\n       [ 2.78201226,  2.81947039,  1.43557789,  4.99653511,  7.51513544,\n        -0.70377256],\n       [ 2.78201226,  2.81947043,  1.43557791,  4.99653509,  7.51513544,\n        -0.70377254]]), array([0.30075198, 0.30075198, 0.30075198, 0.30075198, 0.30075198,\n       0.30075198, 0.30075198]))", "callback": [0.6736433834544768, 0.5735798029650926, 0.5452522867868022, 0.49235493449451784, 0.46949069019113254, 0.46073284400430126, 0.44553658554693, 0.4154400176621438, 0.39705645915759635, 0.3766100180788621, 0.34522713710373154, 0.3350580239786777, 0.33402828268942875, 0.3332186987357648, 0.33168249865698474, 0.3275081209285532, 0.3150148782328346, 0.30900796897917526, 0.3036317137035609, 0.3020450045427916, 0.3015282288595511, 0.3012643925130116, 0.3011603948073549, 0.30104096541723935, 0.30095083789198995, 0.30092578869583997, 0.30086857057730776, 0.3007660347388246, 0.30076069016277274, 0.3007549153278888, 0.30075247705654007, 0.3007521146981066, 0.3007520044739418, 0.3007519839177928, 0.30075197704879275, 0.3007519755388668, 0.30075197542050036, 0.30075197538027165, 0.300751975372191, 0.3007519753554371, 0.3007519753553757, 0.30075197535269016, 0.30075197535187015, 0.3007519753512411, 0.30075197535107767, 0.30075197535102727, 0.30075197535100084, 0.30075197535099396, 0.30075197535099085, 0.3007519753509904]}, "8": {"maxiter": 1000, "fatol": 1e-05, "xatol": 1e-05, "duration": 0.21266674995422363, "fun": "0.30075197535269016", "nit": "413", "nfev": "648", "status": "0", "success": "True", "message": "Optimization terminated successfully.", "x": "[ 2.78201005  2.81946308  1.43557352  4.99653593  7.51513354 -0.70377242]", "final_simplex": "(array([[ 2.78201005,  2.81946308,  1.43557352,  4.99653593,  7.51513354,\n        -0.70377242],\n       [ 2.78201277,  2.81946535,  1.43557105,  4.99653451,  7.51514168,\n        -0.70377464],\n       [ 2.7820081 ,  2.819468  ,  1.43557902,  4.99653825,  7.51513184,\n        -0.70377221],\n       [ 2.7820121 ,  2.81946807,  1.43557528,  4.99653971,  7.51513641,\n        -0.70377252],\n       [ 2.78201004,  2.81946305,  1.43556783,  4.99653784,  7.51513704,\n        -0.70377361],\n       [ 2.78201109,  2.81946458,  1.43557487,  4.99653776,  7.51513531,\n        -0.70377603],\n       [ 2.78201237,  2.81946021,  1.43556767,  4.99653852,  7.51513817,\n        -0.70377444]]), array([0.30075198, 0.30075198, 0.30075198, 0.30075198, 0.30075198,\n       0.30075198, 0.30075198]))", "callback": [0.6736433834544768, 0.5735798029650926, 0.5452522867868022, 0.49235493449451784, 0.46949069019113254, 0.46073284400430126, 0.44553658554693, 0.4154400176621438, 0.39705645915759635, 0.3766100180788621, 0.34522713710373154, 0.3350580239786777, 0.33402828268942875, 0.3332186987357648, 0.33168249865698474, 0.3275081209285532, 0.3150148782328346, 0.30900796897917526, 0.3036317137035609, 0.3020450045427916, 0.3015282288595511, 0.3012643925130116, 0.3011603948073549, 0.30104096541723935, 0.30095083789198995, 0.30092578869583997, 0.30086857057730776, 0.3007660347388246, 0.30076069016277274, 0.3007549153278888, 0.30075247705654007, 0.3007521146981066, 0.3007520044739418, 0.3007519839177928, 0.30075197704879275, 0.3007519755388668, 0.30075197542050036, 0.30075197538027165, 0.300751975372191, 0.3007519753554371, 0.3007519753553757, 0.30075197535269016]}, "9": {"maxiter": 1000, "fatol": 1e-05, "xatol": 1e-10, "duration": 0.31500697135925293, "fun": "0.30075197535098996", "nit": "527", "nfev": "893", "status": "0", "success": "True", "message": "Optimization terminated successfully.", "x": "[ 2.78201227  2.81947041  1.43557791  4.99653511  7.51513544 -0.70377255]", "final_simplex": "(array([[ 2.78201227,  2.81947041,  1.43557791,  4.99653511,  7.51513544,\n        -0.70377255],\n       [ 2.78201227,  2.81947041,  1.43557791,  4.99653511,  7.51513544,\n        -0.70377255],\n       [ 2.78201227,  2.81947041,  1.43557791,  4.99653511,  7.51513544,\n        -0.70377255],\n       [ 2.78201227,  2.81947041,  1.43557791,  4.99653511,  7.51513544,\n        -0.70377255],\n       [ 2.78201227,  2.81947041,  1.43557791,  4.99653511,  7.51513544,\n        -0.70377255],\n       [ 2.78201227,  2.81947041,  1.43557791,  4.99653511,  7.51513544,\n        -0.70377255],\n       [ 2.78201227,  2.81947041,  1.43557791,  4.99653511,  7.51513544,\n        -0.70377255]]), array([0.30075198, 0.30075198, 0.30075198, 0.30075198, 0.30075198,\n       0.30075198, 0.30075198]))", "callback": [0.6736433834544768, 0.5735798029650926, 0.5452522867868022, 0.49235493449451784, 0.46949069019113254, 0.46073284400430126, 0.44553658554693, 0.4154400176621438, 0.39705645915759635, 0.3766100180788621, 0.34522713710373154, 0.3350580239786777, 0.33402828268942875, 0.3332186987357648, 0.33168249865698474, 0.3275081209285532, 0.3150148782328346, 0.30900796897917526, 0.3036317137035609, 0.3020450045427916, 0.3015282288595511, 0.3012643925130116, 0.3011603948073549, 0.30104096541723935, 0.30095083789198995, 0.30092578869583997, 0.30086857057730776, 0.3007660347388246, 0.30076069016277274, 0.3007549153278888, 0.30075247705654007, 0.3007521146981066, 0.3007520044739418, 0.3007519839177928, 0.30075197704879275, 0.3007519755388668, 0.30075197542050036, 0.30075197538027165, 0.300751975372191, 0.3007519753554371, 0.3007519753553757, 0.30075197535269016, 0.30075197535187015, 0.3007519753512411, 0.30075197535107767, 0.30075197535102727, 0.30075197535100084, 0.30075197535099396, 0.30075197535099085, 0.3007519753509904, 0.30075197535098996, 0.30075197535098996, 0.30075197535098996]}, "10": {"maxiter": 1000, "fatol": 1e-10, "xatol": 1e-05, "duration": 0.231550931930542, "fun": "0.30075197535269016", "nit": "413", "nfev": "648", "status": "0", "success": "True", "message": "Optimization terminated successfully.", "x": "[ 2.78201005  2.81946308  1.43557352  4.99653593  7.51513354 -0.70377242]", "final_simplex": "(array([[ 2.78201005,  2.81946308,  1.43557352,  4.99653593,  7.51513354,\n        -0.70377242],\n       [ 2.78201277,  2.81946535,  1.43557105,  4.99653451,  7.51514168,\n        -0.70377464],\n       [ 2.7820081 ,  2.819468  ,  1.43557902,  4.99653825,  7.51513184,\n        -0.70377221],\n       [ 2.7820121 ,  2.81946807,  1.43557528,  4.99653971,  7.51513641,\n        -0.70377252],\n       [ 2.78201004,  2.81946305,  1.43556783,  4.99653784,  7.51513704,\n        -0.70377361],\n       [ 2.78201109,  2.81946458,  1.43557487,  4.99653776,  7.51513531,\n        -0.70377603],\n       [ 2.78201237,  2.81946021,  1.43556767,  4.99653852,  7.51513817,\n        -0.70377444]]), array([0.30075198, 0.30075198, 0.30075198, 0.30075198, 0.30075198,\n       0.30075198, 0.30075198]))", "callback": [0.6736433834544768, 0.5735798029650926, 0.5452522867868022, 0.49235493449451784, 0.46949069019113254, 0.46073284400430126, 0.44553658554693, 0.4154400176621438, 0.39705645915759635, 0.3766100180788621, 0.34522713710373154, 0.3350580239786777, 0.33402828268942875, 0.3332186987357648, 0.33168249865698474, 0.3275081209285532, 0.3150148782328346, 0.30900796897917526, 0.3036317137035609, 0.3020450045427916, 0.3015282288595511, 0.3012643925130116, 0.3011603948073549, 0.30104096541723935, 0.30095083789198995, 0.30092578869583997, 0.30086857057730776, 0.3007660347388246, 0.30076069016277274, 0.3007549153278888, 0.30075247705654007, 0.3007521146981066, 0.3007520044739418, 0.3007519839177928, 0.30075197704879275, 0.3007519755388668, 0.30075197542050036, 0.30075197538027165, 0.300751975372191, 0.3007519753554371, 0.3007519753553757, 0.30075197535269016]}, "11": {"maxiter": 1000, "fatol": 1e-10, "xatol": 1e-10, "duration": 0.3147141933441162, "fun": "0.30075197535098996", "nit": "527", "nfev": "893", "status": "0", "success": "True", "message": "Optimization terminated successfully.", "x": "[ 2.78201227  2.81947041  1.43557791  4.99653511  7.51513544 -0.70377255]", "final_simplex": "(array([[ 2.78201227,  2.81947041,  1.43557791,  4.99653511,  7.51513544,\n        -0.70377255],\n       [ 2.78201227,  2.81947041,  1.43557791,  4.99653511,  7.51513544,\n        -0.70377255],\n       [ 2.78201227,  2.81947041,  1.43557791,  4.99653511,  7.51513544,\n        -0.70377255],\n       [ 2.78201227,  2.81947041,  1.43557791,  4.99653511,  7.51513544,\n        -0.70377255],\n       [ 2.78201227,  2.81947041,  1.43557791,  4.99653511,  7.51513544,\n        -0.70377255],\n       [ 2.78201227,  2.81947041,  1.43557791,  4.99653511,  7.51513544,\n        -0.70377255],\n       [ 2.78201227,  2.81947041,  1.43557791,  4.99653511,  7.51513544,\n        -0.70377255]]), array([0.30075198, 0.30075198, 0.30075198, 0.30075198, 0.30075198,\n       0.30075198, 0.30075198]))", "callback": [0.6736433834544768, 0.5735798029650926, 0.5452522867868022, 0.49235493449451784, 0.46949069019113254, 0.46073284400430126, 0.44553658554693, 0.4154400176621438, 0.39705645915759635, 0.3766100180788621, 0.34522713710373154, 0.3350580239786777, 0.33402828268942875, 0.3332186987357648, 0.33168249865698474, 0.3275081209285532, 0.3150148782328346, 0.30900796897917526, 0.3036317137035609, 0.3020450045427916, 0.3015282288595511, 0.3012643925130116, 0.3011603948073549, 0.30104096541723935, 0.30095083789198995, 0.30092578869583997, 0.30086857057730776, 0.3007660347388246, 0.30076069016277274, 0.3007549153278888, 0.30075247705654007, 0.3007521146981066, 0.3007520044739418, 0.3007519839177928, 0.30075197704879275, 0.3007519755388668, 0.30075197542050036, 0.30075197538027165, 0.300751975372191, 0.3007519753554371, 0.3007519753553757, 0.30075197535269016, 0.30075197535187015, 0.3007519753512411, 0.30075197535107767, 0.30075197535102727, 0.30075197535100084, 0.30075197535099396, 0.30075197535099085, 0.3007519753509904, 0.30075197535098996, 0.30075197535098996, 0.30075197535098996]}}, "bfgs": {"type": "gradient", "0": {"maxiter": 100, "gtol": 1e-05, "xrtol": 1e-05, "eps": 1e-05, "duration": 0.08612394332885742, "fun": "0.30075197563899314", "jac": "[ 1.50368606e-07 -2.16424656e-06  1.35849110e-06 -2.15465423e-06\n  1.85256255e-06  1.80215842e-06]", "hess_inv": "[[  8.37366489  -4.69266493 -11.94990821  -2.11852091  11.46743588\n   -4.79983694]\n [ -4.69266493  33.24754706  40.97077368   2.18527525 -13.58179546\n    5.92555849]\n [-11.94990821  40.97077368  64.96042321   4.87177708 -31.51705679\n   11.24803445]\n [ -2.11852091   2.18527525   4.87177708   4.34370803  -3.81473588\n    2.16888453]\n [ 11.46743588 -13.58179546 -31.51705679  -3.81473588  26.40553766\n   -9.75235848]\n [ -4.79983694   5.92555849  11.24803445   2.16888453  -9.75235848\n    7.97441652]]", "nfev": "273", "njev": "39", "status": "0", "success": "True", "message": "Optimization terminated successfully.", "x": "[ 2.7820326   2.81932697  1.43539665  4.99650961  7.51519978 -0.70379692]", "nit": "35", "callback": [0.6334101409697396, 0.5466351323649589, 0.5417229248155527, 0.5332462888077153, 0.5206234908433384, 0.5164319118059344, 0.5120729028123424, 0.5050013558210181, 0.5003753189182967, 0.49412064024434976, 0.48557498346046224, 0.4693775637557398, 0.44594247513329, 0.42722548119404047, 0.405133985579216, 0.3975415867071166, 0.3951220672015523, 0.37688225069612746, 0.3681704874705555, 0.3551483156709354, 0.3352299066781901, 0.3187555151044039, 0.312030967742692, 0.3048628409369232, 0.3018772353110406, 0.30100286037241175, 0.3008243252832834, 0.30081362970742065, 0.30080628639094487, 0.3007927645259645, 0.30077047234037835, 0.3007526891222714, 0.3007520534253, 0.3007519771378475, 0.30075197563899314]}, "1": {"maxiter": 100, "gtol": 1e-05, "xrtol": 1e-05, "eps": 1e-10, "duration": 0.09444499015808105, "fun": "0.30075197539408893", "jac": "[ 1.11022293e-06 -1.11022293e-06  0.00000000e+00  1.11022293e-06\n  1.11022293e-06  2.22044587e-06]", "hess_inv": "[[  8.24498152  -4.27023519 -11.28726286  -1.97760331  11.1739144\n   -4.69491419]\n [ -4.27023519  32.76919204  39.7491292    2.22789702 -12.74031153\n    5.45362044]\n [-11.28726286  39.7491292   62.57719135   4.72110363 -30.15440537\n   10.5745684 ]\n [ -1.97760331   2.22789702   4.72110363   4.3060043   -3.56769918\n    2.00043093]\n [ 11.1739144  -12.74031153 -30.15440537  -3.56769918  25.79868046\n   -9.46090485]\n [ -4.69491419   5.45362044  10.5745684    2.00043093  -9.46090485\n    7.86519933]]", "nfev": "273", "njev": "39", "status": "0", "success": "True", "message": "Optimization terminated successfully.", "x": "[ 2.78203555  2.81943877  1.4355195   4.99652705  7.51518248 -0.70378674]", "nit": "35", "callback": [0.6334099436770669, 0.5466351004692144, 0.5417230517823222, 0.5332467292124332, 0.5206240893813407, 0.5164316722708788, 0.5120700604394692, 0.5049975437810119, 0.5003761302771277, 0.4941228089879285, 0.4855714581745486, 0.4693687122258229, 0.44593434517233954, 0.42718342494714723, 0.40509916475985897, 0.3975400595141947, 0.39511684089610166, 0.3769146912363728, 0.36819195110987435, 0.3550685694049319, 0.33504764203159265, 0.3187509501698246, 0.31191893966609796, 0.3047990361132831, 0.3018926740033172, 0.30097926116893725, 0.30082232184147606, 0.30081276363889675, 0.3008048720485623, 0.30079052411780416, 0.30076765390179094, 0.3007528926227312, 0.3007520822081099, 0.3007519772468459, 0.30075197539408893]}, "2": {"maxiter": 100, "gtol": 1e-05, "xrtol": 1e-10, "eps": 1e-05, "duration": 0.09224486351013184, "fun": "0.30075197563899314", "jac": "[ 1.50368606e-07 -2.16424656e-06  1.35849110e-06 -2.15465423e-06\n  1.85256255e-06  1.80215842e-06]", "hess_inv": "[[  8.37366489  -4.69266493 -11.94990821  -2.11852091  11.46743588\n   -4.79983694]\n [ -4.69266493  33.24754706  40.97077368   2.18527525 -13.58179546\n    5.92555849]\n [-11.94990821  40.97077368  64.96042321   4.87177708 -31.51705679\n   11.24803445]\n [ -2.11852091   2.18527525   4.87177708   4.34370803  -3.81473588\n    2.16888453]\n [ 11.46743588 -13.58179546 -31.51705679  -3.81473588  26.40553766\n   -9.75235848]\n [ -4.79983694   5.92555849  11.24803445   2.16888453  -9.75235848\n    7.97441652]]", "nfev": "273", "njev": "39", "status": "0", "success": "True", "message": "Optimization terminated successfully.", "x": "[ 2.7820326   2.81932697  1.43539665  4.99650961  7.51519978 -0.70379692]", "nit": "35", "callback": [0.6334101409697396, 0.5466351323649589, 0.5417229248155527, 0.5332462888077153, 0.5206234908433384, 0.5164319118059344, 0.5120729028123424, 0.5050013558210181, 0.5003753189182967, 0.49412064024434976, 0.48557498346046224, 0.4693775637557398, 0.44594247513329, 0.42722548119404047, 0.405133985579216, 0.3975415867071166, 0.3951220672015523, 0.37688225069612746, 0.3681704874705555, 0.3551483156709354, 0.3352299066781901, 0.3187555151044039, 0.312030967742692, 0.3048628409369232, 0.3018772353110406, 0.30100286037241175, 0.3008243252832834, 0.30081362970742065, 0.30080628639094487, 0.3007927645259645, 0.30077047234037835, 0.3007526891222714, 0.3007520534253, 0.3007519771378475, 0.30075197563899314]}, "3": {"maxiter": 100, "gtol": 1e-05, "xrtol": 1e-10, "eps": 1e-10, "duration": 0.08519101142883301, "fun": "0.30075197539408893", "jac": "[ 1.11022293e-06 -1.11022293e-06  0.00000000e+00  1.11022293e-06\n  1.11022293e-06  2.22044587e-06]", "hess_inv": "[[  8.24498152  -4.27023519 -11.28726286  -1.97760331  11.1739144\n   -4.69491419]\n [ -4.27023519  32.76919204  39.7491292    2.22789702 -12.74031153\n    5.45362044]\n [-11.28726286  39.7491292   62.57719135   4.72110363 -30.15440537\n   10.5745684 ]\n [ -1.97760331   2.22789702   4.72110363   4.3060043   -3.56769918\n    2.00043093]\n [ 11.1739144  -12.74031153 -30.15440537  -3.56769918  25.79868046\n   -9.46090485]\n [ -4.69491419   5.45362044  10.5745684    2.00043093  -9.46090485\n    7.86519933]]", "nfev": "273", "njev": "39", "status": "0", "success": "True", "message": "Optimization terminated successfully.", "x": "[ 2.78203555  2.81943877  1.4355195   4.99652705  7.51518248 -0.70378674]", "nit": "35", "callback": [0.6334099436770669, 0.5466351004692144, 0.5417230517823222, 0.5332467292124332, 0.5206240893813407, 0.5164316722708788, 0.5120700604394692, 0.5049975437810119, 0.5003761302771277, 0.4941228089879285, 0.4855714581745486, 0.4693687122258229, 0.44593434517233954, 0.42718342494714723, 0.40509916475985897, 0.3975400595141947, 0.39511684089610166, 0.3769146912363728, 0.36819195110987435, 0.3550685694049319, 0.33504764203159265, 0.3187509501698246, 0.31191893966609796, 0.3047990361132831, 0.3018926740033172, 0.30097926116893725, 0.30082232184147606, 0.30081276363889675, 0.3008048720485623, 0.30079052411780416, 0.30076765390179094, 0.3007528926227312, 0.3007520822081099, 0.3007519772468459, 0.30075197539408893]}, "4": {"maxiter": 100, "gtol": 1e-10, "xrtol": 1e-05, "eps": 1e-05, "duration": 0.09174203872680664, "fun": "0.3007519754889272", "jac": "[ 8.97504293e-08  5.02486941e-08 -3.46389584e-08 -7.35522754e-08\n -2.75335310e-08  1.29563027e-08]", "hess_inv": "[[  8.59847994  -6.21783752 -13.71933702  -2.46308416  12.19574363\n   -4.85429802]\n [ -6.21783752  38.20959207  47.7294794    3.62021541 -17.1503142\n    6.70808067]\n [-13.71933702  47.7294794   73.77754938   6.70447625 -35.91244257\n   12.07901947]\n [ -2.46308416   3.62021541   6.70447625   4.72050665  -4.70093498\n    2.32159012]\n [ 12.19574363 -17.1503142  -35.91244257  -4.70093498  28.41517837\n  -10.03406102]\n [ -4.85429802   6.70808067  12.07901947   2.32159012 -10.03406102\n    7.95592635]]", "nfev": "280", "njev": "40", "status": "0", "success": "True", "message": "Optimization terminated successfully.", "x": "[ 2.78201733  2.81937324  1.43546099  4.9965234   7.51516493 -0.70378883]", "nit": "36", "callback": [0.6334101409697396, 0.5466351323649589, 0.5417229248155527, 0.5332462888077153, 0.5206234908433384, 0.5164319118059344, 0.5120729028123424, 0.5050013558210181, 0.5003753189182967, 0.49412064024434976, 0.48557498346046224, 0.4693775637557398, 0.44594247513329, 0.42722548119404047, 0.405133985579216, 0.3975415867071166, 0.3951220672015523, 0.37688225069612746, 0.3681704874705555, 0.3551483156709354, 0.3352299066781901, 0.3187555151044039, 0.312030967742692, 0.3048628409369232, 0.3018772353110406, 0.30100286037241175, 0.3008243252832834, 0.30081362970742065, 0.30080628639094487, 0.3007927645259645, 0.30077047234037835, 0.3007526891222714, 0.3007520534253, 0.3007519771378475, 0.30075197563899314, 0.3007519754889272]}, "5": {"maxiter": 100, "gtol": 1e-10, "xrtol": 1e-05, "eps": 1e-10, "duration": 0.11321806907653809, "fun": "0.3007519753722494", "jac": "[ 0.00000000e+00  0.00000000e+00  1.11022293e-06 -2.22044587e-06\n  1.11022293e-06  1.11022293e-06]", "hess_inv": "[[  8.23794171  -5.29097282 -12.34671582  -2.15361761  11.4218502\n   -4.57329114]\n [ -5.29097282  37.30480082  45.90297854   2.4366984  -15.37492411\n    5.43566155]\n [-12.34671582  45.90297854  70.47922365   5.18177113 -33.2547618\n   10.38856285]\n [ -2.15361761   2.4366984    5.18177113   4.24530357  -3.87698934\n    2.0636817 ]\n [ 11.4218502  -15.37492411 -33.2547618   -3.87698934  26.82637338\n   -9.27914261]\n [ -4.57329114   5.43566155  10.38856285   2.0636817   -9.27914261\n    7.8068755 ]]", "nfev": "315", "njev": "45", "status": "0", "success": "True", "message": "Optimization terminated successfully.", "x": "[ 2.78202735  2.81946559  1.43555885  4.99652711  7.51516375 -0.70378577]", "nit": "36", "callback": [0.6334099436770669, 0.5466351004692144, 0.5417230517823222, 0.5332467292124332, 0.5206240893813407, 0.5164316722708788, 0.5120700604394692, 0.5049975437810119, 0.5003761302771277, 0.4941228089879285, 0.4855714581745486, 0.4693687122258229, 0.44593434517233954, 0.42718342494714723, 0.40509916475985897, 0.3975400595141947, 0.39511684089610166, 0.3769146912363728, 0.36819195110987435, 0.3550685694049319, 0.33504764203159265, 0.3187509501698246, 0.31191893966609796, 0.3047990361132831, 0.3018926740033172, 0.30097926116893725, 0.30082232184147606, 0.30081276363889675, 0.3008048720485623, 0.30079052411780416, 0.30076765390179094, 0.3007528926227312, 0.3007520822081099, 0.3007519772468459, 0.30075197539408893, 0.3007519753722494]}, "6": {"maxiter": 100, "gtol": 1e-10, "xrtol": 1e-10, "eps": 1e-05, "duration": 0.20051002502441406, "fun": "0.3007519754889272", "jac": "[ 8.97504293e-08  5.02486941e-08 -3.46389584e-08 -7.35522754e-08\n -2.75335310e-08  1.29563027e-08]", "hess_inv": "[[  8.80247139  -6.48118715 -14.20606427  -2.61659589  12.54284241\n   -4.95073651]\n [ -6.48118715  37.93165925  47.70842275   3.76475669 -17.39191528\n    6.81222236]\n [-14.20606427  47.70842275  74.25636918   7.01438363 -36.52360164\n   12.28772673]\n [ -2.61659589   3.76475669   7.01438363   4.83137401  -4.94421503\n    2.39239663]\n [ 12.54284241 -17.39191528 -36.52360164  -4.94421503  28.93677079\n  -10.19135094]\n [ -4.95073651   6.81222236  12.28772673   2.39239663 -10.19135094\n    8.00084759]]", "nfev": "579", "njev": "81", "status": "2", "success": "False", "message": "Desired error not necessarily achieved due to precision loss.", "x": "[ 2.78201733  2.81937324  1.43546099  4.9965234   7.51516493 -0.70378883]", "nit": "36", "callback": [0.6334101409697396, 0.5466351323649589, 0.5417229248155527, 0.5332462888077153, 0.5206234908433384, 0.5164319118059344, 0.5120729028123424, 0.5050013558210181, 0.5003753189182967, 0.49412064024434976, 0.48557498346046224, 0.4693775637557398, 0.44594247513329, 0.42722548119404047, 0.405133985579216, 0.3975415867071166, 0.3951220672015523, 0.37688225069612746, 0.3681704874705555, 0.3551483156709354, 0.3352299066781901, 0.3187555151044039, 0.312030967742692, 0.3048628409369232, 0.3018772353110406, 0.30100286037241175, 0.3008243252832834, 0.30081362970742065, 0.30080628639094487, 0.3007927645259645, 0.30077047234037835, 0.3007526891222714, 0.3007520534253, 0.3007519771378475, 0.30075197563899314, 0.3007519754889272]}, "7": {"maxiter": 100, "gtol": 1e-10, "xrtol": 1e-10, "eps": 1e-10, "duration": 0.15931010246276855, "fun": "0.30075197536622156", "jac": "[ 0.00000000e+00  1.11022293e-06  0.00000000e+00 -1.11022293e-06\n  0.00000000e+00 -1.11022293e-06]", "hess_inv": "[[ 10.03886583  -8.37633105 -21.34038473  -9.1608156   18.13241849\n   -5.91077556]\n [ -8.37633105  11.02610396  22.51147275   9.69301814 -18.72539291\n    9.04741128]\n [-21.34038473  22.51147275  51.93757416  22.07690548 -43.40011\n   18.69242305]\n [ -9.1608156    9.69301814  22.07690548  10.529172   -19.67785859\n    7.43248679]\n [ 18.13241849 -18.72539291 -43.40011    -19.67785859  37.86809726\n  -14.82228823]\n [ -5.91077556   9.04741128  18.69242305   7.43248679 -14.82228823\n    9.64198961]]", "nfev": "466", "njev": "65", "status": "2", "success": "False", "message": "Desired error not necessarily achieved due to precision loss.", "x": "[ 2.78202174  2.81946074  1.43555807  4.99653318  7.51515533 -0.70378777]", "nit": "40", "callback": [0.6334099436770669, 0.5466351004692144, 0.5417230517823222, 0.5332467292124332, 0.5206240893813407, 0.5164316722708788, 0.5120700604394692, 0.5049975437810119, 0.5003761302771277, 0.4941228089879285, 0.4855714581745486, 0.4693687122258229, 0.44593434517233954, 0.42718342494714723, 0.40509916475985897, 0.3975400595141947, 0.39511684089610166, 0.3769146912363728, 0.36819195110987435, 0.3550685694049319, 0.33504764203159265, 0.3187509501698246, 0.31191893966609796, 0.3047990361132831, 0.3018926740033172, 0.30097926116893725, 0.30082232184147606, 0.30081276363889675, 0.3008048720485623, 0.30079052411780416, 0.30076765390179094, 0.3007528926227312, 0.3007520822081099, 0.3007519772468459, 0.30075197539408893, 0.3007519753722494, 0.3007519753683727, 0.30075197536779097, 0.30075197536725384, 0.30075197536622156]}, "8": {"maxiter": 500, "gtol": 1e-05, "xrtol": 1e-05, "eps": 1e-05, "duration": 0.09215593338012695, "fun": "0.30075197563899314", "jac": "[ 1.50368606e-07 -2.16424656e-06  1.35849110e-06 -2.15465423e-06\n  1.85256255e-06  1.80215842e-06]", "hess_inv": "[[  8.37366489  -4.69266493 -11.94990821  -2.11852091  11.46743588\n   -4.79983694]\n [ -4.69266493  33.24754706  40.97077368   2.18527525 -13.58179546\n    5.92555849]\n [-11.94990821  40.97077368  64.96042321   4.87177708 -31.51705679\n   11.24803445]\n [ -2.11852091   2.18527525   4.87177708   4.34370803  -3.81473588\n    2.16888453]\n [ 11.46743588 -13.58179546 -31.51705679  -3.81473588  26.40553766\n   -9.75235848]\n [ -4.79983694   5.92555849  11.24803445   2.16888453  -9.75235848\n    7.97441652]]", "nfev": "273", "njev": "39", "status": "0", "success": "True", "message": "Optimization terminated successfully.", "x": "[ 2.7820326   2.81932697  1.43539665  4.99650961  7.51519978 -0.70379692]", "nit": "35", "callback": [0.6334101409697396, 0.5466351323649589, 0.5417229248155527, 0.5332462888077153, 0.5206234908433384, 0.5164319118059344, 0.5120729028123424, 0.5050013558210181, 0.5003753189182967, 0.49412064024434976, 0.48557498346046224, 0.4693775637557398, 0.44594247513329, 0.42722548119404047, 0.405133985579216, 0.3975415867071166, 0.3951220672015523, 0.37688225069612746, 0.3681704874705555, 0.3551483156709354, 0.3352299066781901, 0.3187555151044039, 0.312030967742692, 0.3048628409369232, 0.3018772353110406, 0.30100286037241175, 0.3008243252832834, 0.30081362970742065, 0.30080628639094487, 0.3007927645259645, 0.30077047234037835, 0.3007526891222714, 0.3007520534253, 0.3007519771378475, 0.30075197563899314]}, "9": {"maxiter": 500, "gtol": 1e-05, "xrtol": 1e-05, "eps": 1e-10, "duration": 0.09146499633789062, "fun": "0.30075197539408893", "jac": "[ 1.11022293e-06 -1.11022293e-06  0.00000000e+00  1.11022293e-06\n  1.11022293e-06  2.22044587e-06]", "hess_inv": "[[  8.24498152  -4.27023519 -11.28726286  -1.97760331  11.1739144\n   -4.69491419]\n [ -4.27023519  32.76919204  39.7491292    2.22789702 -12.74031153\n    5.45362044]\n [-11.28726286  39.7491292   62.57719135   4.72110363 -30.15440537\n   10.5745684 ]\n [ -1.97760331   2.22789702   4.72110363   4.3060043   -3.56769918\n    2.00043093]\n [ 11.1739144  -12.74031153 -30.15440537  -3.56769918  25.79868046\n   -9.46090485]\n [ -4.69491419   5.45362044  10.5745684    2.00043093  -9.46090485\n    7.86519933]]", "nfev": "273", "njev": "39", "status": "0", "success": "True", "message": "Optimization terminated successfully.", "x": "[ 2.78203555  2.81943877  1.4355195   4.99652705  7.51518248 -0.70378674]", "nit": "35", "callback": [0.6334099436770669, 0.5466351004692144, 0.5417230517823222, 0.5332467292124332, 0.5206240893813407, 0.5164316722708788, 0.5120700604394692, 0.5049975437810119, 0.5003761302771277,