{"date": "2024/10/08/, 13:14:37", "conf_id": 0, "data_type": "random\n", "num_data_points": 1, "s_rank": 0, "unitary": "[[-0.45070455-0.02711853j,0.78437395-0.06613086j,0.06358678+0.19963393j,-0.07343613+0.35668523j],[-0.01890143-0.03813363j,0.32408202+0.25557629j,0.05872864-0.68979805j,0.55466693-0.20227297j],[-0.11215405+0.64023111j,-0.13344055+0.29565494j,-0.49012687-0.19046288j,-0.04241254+0.44046348j],[0.55771659+0.24656916j,0.31851997-0.05798805j,0.28761525-0.34294258j,-0.56718418+0.03616933j]]", "databatch_0": {"databatch": "[[[0.09314128-0.12946863j,0.39382838-0.19799267j,0.05133879+0.12112185j,0.08106995-0.04021906j],[0.07622026-0.09754417j,0.31152873-0.14143589j,0.03608905+0.09551662j,0.06411194-0.02869752j],[0.11804856-0.19626647j,0.54031288-0.32976236j,0.08774511+0.16729872j,0.1112873-0.06711204j],[-0.01827577+0.10086995j,-0.17383409+0.2237231j,-0.06326177-0.05610261j,-0.03593256+0.04574145j]]]", "initial param values": "[1.20270434,2.16742331,3.59642493,0.1956385,5.57592852,4.06862355]", "nelder_mead": {"type": "gradient-free", "0": {"maxiter": 100, "fatol": 1e-05, "xatol": 1e-05, "duration": 0.07859206199645996, "fun": "0.4719662503902685", "nit": "100", "nfev": "153", "status": "2", "success": "False", "message": "Maximum number of iterations has been exceeded.", "x": "[1.20523707 1.048697   5.71850788 0.23763246 5.2233449  3.36252951]", "final_simplex": "(array([[1.20523707, 1.048697  , 5.71850788, 0.23763246, 5.2233449 ,\n        3.36252951],\n       [1.20837304, 1.03281588, 5.65430592, 0.23647739, 5.28214877,\n        3.40719959],\n       [1.13145246, 0.91353253, 5.67921318, 0.24222159, 5.12648086,\n        3.24180506],\n       [1.05853025, 0.75236113, 5.90432538, 0.25990863, 5.06018867,\n        3.24348627],\n       [1.39042815, 0.88236651, 5.61743334, 0.22036414, 5.48376908,\n        3.0990492 ],\n       [1.24411982, 0.70522353, 5.74850225, 0.23864512, 5.21873471,\n        3.15548776],\n       [1.13556223, 0.72937705, 5.72704529, 0.25651633, 5.26383874,\n        3.10238476]]), array([0.47196625, 0.47428632, 0.47517579, 0.47562663, 0.47583553,\n       0.476024  , 0.47606697]))", "callback": [0.9225877255892475, 0.7495450786436773, 0.6752615605895984, 0.5624520317340396, 0.5545950269623057, 0.534018963209671, 0.520924699721928, 0.5017660909348147, 0.4826826522925428, 0.4760669686763448]}, "1": {"maxiter": 100, "fatol": 1e-05, "xatol": 1e-10, "duration": 0.07334303855895996, "fun": "0.4719662503902685", "nit": "100", "nfev": "153", "status": "2", "success": "False", "message": "Maximum number of iterations has been exceeded.", "x": "[1.20523707 1.048697   5.71850788 0.23763246 5.2233449  3.36252951]", "final_simplex": "(array([[1.20523707, 1.048697  , 5.71850788, 0.23763246, 5.2233449 ,\n        3.36252951],\n       [1.20837304, 1.03281588, 5.65430592, 0.23647739, 5.28214877,\n        3.40719959],\n       [1.13145246, 0.91353253, 5.67921318, 0.24222159, 5.12648086,\n        3.24180506],\n       [1.05853025, 0.75236113, 5.90432538, 0.25990863, 5.06018867,\n        3.24348627],\n       [1.39042815, 0.88236651, 5.61743334, 0.22036414, 5.48376908,\n        3.0990492 ],\n       [1.24411982, 0.70522353, 5.74850225, 0.23864512, 5.21873471,\n        3.15548776],\n       [1.13556223, 0.72937705, 5.72704529, 0.25651633, 5.26383874,\n        3.10238476]]), array([0.47196625, 0.47428632, 0.47517579, 0.47562663, 0.47583553,\n       0.476024  , 0.47606697]))", "callback": [0.9225877255892475, 0.7495450786436773, 0.6752615605895984, 0.5624520317340396, 0.5545950269623057, 0.534018963209671, 0.520924699721928, 0.5017660909348147, 0.4826826522925428, 0.4760669686763448]}, "2": {"maxiter": 100, "fatol": 1e-10, "xatol": 1e-05, "duration": 0.07395792007446289, "fun": "0.4719662503902685", "nit": "100", "nfev": "153", "status": "2", "success": "False", "message": "Maximum number of iterations has been exceeded.", "x": "[1.20523707 1.048697   5.71850788 0.23763246 5.2233449  3.36252951]", "final_simplex": "(array([[1.20523707, 1.048697  , 5.71850788, 0.23763246, 5.2233449 ,\n        3.36252951],\n       [1.20837304, 1.03281588, 5.65430592, 0.23647739, 5.28214877,\n        3.40719959],\n       [1.13145246, 0.91353253, 5.67921318, 0.24222159, 5.12648086,\n        3.24180506],\n       [1.05853025, 0.75236113, 5.90432538, 0.25990863, 5.06018867,\n        3.24348627],\n       [1.39042815, 0.88236651, 5.61743334, 0.22036414, 5.48376908,\n        3.0990492 ],\n       [1.24411982, 0.70522353, 5.74850225, 0.23864512, 5.21873471,\n        3.15548776],\n       [1.13556223, 0.72937705, 5.72704529, 0.25651633, 5.26383874,\n        3.10238476]]), array([0.47196625, 0.47428632, 0.47517579, 0.47562663, 0.47583553,\n       0.476024  , 0.47606697]))", "callback": [0.9225877255892475, 0.7495450786436773, 0.6752615605895984, 0.5624520317340396, 0.5545950269623057, 0.534018963209671, 0.520924699721928, 0.5017660909348147, 0.4826826522925428, 0.4760669686763448]}, "3": {"maxiter": 100, "fatol": 1e-10, "xatol": 1e-10, "duration": 0.06588292121887207, "fun": "0.4719662503902685", "nit": "100", "nfev": "153", "status": "2", "success": "False", "message": "Maximum number of iterations has been exceeded.", "x": "[1.20523707 1.048697   5.71850788 0.23763246 5.2233449  3.36252951]", "final_simplex": "(array([[1.20523707, 1.048697  , 5.71850788, 0.23763246, 5.2233449 ,\n        3.36252951],\n       [1.20837304, 1.03281588, 5.65430592, 0.23647739, 5.28214877,\n        3.40719959],\n       [1.13145246, 0.91353253, 5.67921318, 0.24222159, 5.12648086,\n        3.24180506],\n       [1.05853025, 0.75236113, 5.90432538, 0.25990863, 5.06018867,\n        3.24348627],\n       [1.39042815, 0.88236651, 5.61743334, 0.22036414, 5.48376908,\n        3.0990492 ],\n       [1.24411982, 0.70522353, 5.74850225, 0.23864512, 5.21873471,\n        3.15548776],\n       [1.13556223, 0.72937705, 5.72704529, 0.25651633, 5.26383874,\n        3.10238476]]), array([0.47196625, 0.47428632, 0.47517579, 0.47562663, 0.47583553,\n       0.476024  , 0.47606697]))", "callback": [0.9225877255892475, 0.7495450786436773, 0.6752615605895984, 0.5624520317340396, 0.5545950269623057, 0.534018963209671, 0.520924699721928, 0.5017660909348147, 0.4826826522925428, 0.4760669686763448]}, "4": {"maxiter": 500, "fatol": 1e-05, "xatol": 1e-05, "duration": 0.28049421310424805, "fun": "0.07363486373971939", "nit": "407", "nfev": "658", "status": "0", "success": "True", "message": "Optimization terminated successfully.", "x": "[ 2.9894464  -0.33745003  5.77597481  2.43035114  5.23273287  4.12651832]", "final_simplex": "(array([[ 2.9894464 , -0.33745003,  5.77597481,  2.43035114,  5.23273287,\n         4.12651832],\n       [ 2.98944772, -0.33744998,  5.77597789,  2.4303528 ,  5.23273699,\n         4.12652433],\n       [ 2.98944907, -0.33745156,  5.77597939,  2.43035707,  5.23272829,\n         4.12652328],\n       [ 2.98944523, -0.33745933,  5.77597447,  2.43035484,  5.23272508,\n         4.12651536],\n       [ 2.98944691, -0.33744852,  5.77597795,  2.4303505 ,  5.23272851,\n         4.1265213 ],\n       [ 2.98944103, -0.33745856,  5.77597262,  2.43035448,  5.23273251,\n         4.12651084],\n       [ 2.9894453 , -0.33745603,  5.77597645,  2.43035692,  5.23272606,\n         4.12652271]]), array([0.07363486, 0.07363486, 0.07363486, 0.07363486, 0.07363486,\n       0.07363486, 0.07363486]))", "callback": [0.9225877255892475, 0.7495450786436773, 0.6752615605895984, 0.5624520317340396, 0.5545950269623057, 0.534018963209671, 0.520924699721928, 0.5017660909348147, 0.4826826522925428, 0.4760669686763448, 0.469955828656603, 0.4679020203217503, 0.464828786243076, 0.46379117474009457, 0.46314797627858206, 0.4626902813070184, 0.46162614745253994, 0.46019782722317526, 0.4516280494621552, 0.41576679151734885, 0.3913137471706991, 0.35103072540704194, 0.2721201276856712, 0.09862944665425466, 0.09176828181361629, 0.07988644737810824, 0.07620543089644705, 0.07441825126516344, 0.07394914935387353, 0.0737582783834081, 0.07370894332609867, 0.07366039272931979, 0.07363921628623404, 0.07363608270205668, 0.0736352356585066, 0.07363492424762297, 0.0736348673965842, 0.07363486458486612, 0.07363486384822904, 0.0736348637878973, 0.07363486374591]}, "5": {"maxiter": 500, "fatol": 1e-05, "xatol": 1e-10, "duration": 0.37130117416381836, "fun": "0.07363486373741845", "nit": "499", "nfev": "864", "status": "0", "success": "True", "message": "Optimization terminated successfully.", "x": "[ 2.98944571 -0.33745371  5.77597484  2.43035467  5.23273053  4.12651651]", "final_simplex": "(array([[ 2.98944571, -0.33745371,  5.77597484,  2.43035467,  5.23273053,\n         4.12651651],\n       [ 2.98944571, -0.33745371,  5.77597484,  2.43035467,  5.23273053,\n         4.12651651],\n       [ 2.98944571, -0.33745371,  5.77597484,  2.43035467,  5.23273053,\n         4.12651651],\n       [ 2.98944571, -0.33745371,  5.77597484,  2.43035467,  5.23273053,\n         4.12651651],\n       [ 2.98944571, -0.33745371,  5.77597484,  2.43035467,  5.23273053,\n         4.12651651],\n       [ 2.98944571, -0.33745371,  5.77597484,  2.43035467,  5.23273053,\n         4.12651651],\n       [ 2.98944571, -0.33745371,  5.77597484,  2.43035467,  5.23273053,\n         4.12651651]]), array([0.07363486, 0.07363486, 0.07363486, 0.07363486, 0.07363486,\n       0.07363486, 0.07363486]))", "callback": [0.9225877255892475, 0.7495450786436773, 0.6752615605895984, 0.5624520317340396, 0.5545950269623057, 0.534018963209671, 0.520924699721928, 0.5017660909348147, 0.4826826522925428, 0.4760669686763448, 0.469955828656603, 0.4679020203217503, 0.464828786243076, 0.46379117474009457, 0.46314797627858206, 0.4626902813070184, 0.46162614745253994, 0.46019782722317526, 0.4516280494621552, 0.41576679151734885, 0.3913137471706991, 0.35103072540704194, 0.2721201276856712, 0.09862944665425466, 0.09176828181361629, 0.07988644737810824, 0.07620543089644705, 0.07441825126516344, 0.07394914935387353, 0.0737582783834081, 0.07370894332609867, 0.07366039272931979, 0.07363921628623404, 0.07363608270205668, 0.0736352356585066, 0.07363492424762297, 0.0736348673965842, 0.07363486458486612, 0.07363486384822904, 0.0736348637878973, 0.07363486374591, 0.07363486373914441, 0.07363486373759187, 0.0736348637374784, 0.07363486373743455, 0.07363486373742334, 0.07363486373741956, 0.07363486373741879, 0.07363486373741845, 0.07363486373741845]}, "6": {"maxiter": 500, "fatol": 1e-10, "xatol": 1e-05, "duration": 0.2939150333404541, "fun": "0.07363486373971939", "nit": "407", "nfev": "658", "status": "0", "success": "True", "message": "Optimization terminated successfully.", "x": "[ 2.9894464  -0.33745003  5.77597481  2.43035114  5.23273287  4.12651832]", "final_simplex": "(array([[ 2.9894464 , -0.33745003,  5.77597481,  2.43035114,  5.23273287,\n         4.12651832],\n       [ 2.98944772, -0.33744998,  5.77597789,  2.4303528 ,  5.23273699,\n         4.12652433],\n       [ 2.98944907, -0.33745156,  5.77597939,  2.43035707,  5.23272829,\n         4.12652328],\n       [ 2.98944523, -0.33745933,  5.77597447,  2.43035484,  5.23272508,\n         4.12651536],\n       [ 2.98944691, -0.33744852,  5.77597795,  2.4303505 ,  5.23272851,\n         4.1265213 ],\n       [ 2.98944103, -0.33745856,  5.77597262,  2.43035448,  5.23273251,\n         4.12651084],\n       [ 2.9894453 , -0.33745603,  5.77597645,  2.43035692,  5.23272606,\n         4.12652271]]), array([0.07363486, 0.07363486, 0.07363486, 0.07363486, 0.07363486,\n       0.07363486, 0.07363486]))", "callback": [0.9225877255892475, 0.7495450786436773, 0.6752615605895984, 0.5624520317340396, 0.5545950269623057, 0.534018963209671, 0.520924699721928, 0.5017660909348147, 0.4826826522925428, 0.4760669686763448, 0.469955828656603, 0.4679020203217503, 0.464828786243076, 0.46379117474009457, 0.46314797627858206, 0.4626902813070184, 0.46162614745253994, 0.46019782722317526, 0.4516280494621552, 0.41576679151734885, 0.3913137471706991, 0.35103072540704194, 0.2721201276856712, 0.09862944665425466, 0.09176828181361629, 0.07988644737810824, 0.07620543089644705, 0.07441825126516344, 0.07394914935387353, 0.0737582783834081, 0.07370894332609867, 0.07366039272931979, 0.07363921628623404, 0.07363608270205668, 0.0736352356585066, 0.07363492424762297, 0.0736348673965842, 0.07363486458486612, 0.07363486384822904, 0.0736348637878973, 0.07363486374591]}, "7": {"maxiter": 500, "fatol": 1e-10, "xatol": 1e-10, "duration": 0.38255906105041504, "fun": "0.07363486373741845", "nit": "499", "nfev": "864", "status": "0", "success": "True", "message": "Optimization terminated successfully.", "x": "[ 2.98944571 -0.33745371  5.77597484  2.43035467  5.23273053  4.12651651]", "final_simplex": "(array([[ 2.98944571, -0.33745371,  5.77597484,  2.43035467,  5.23273053,\n         4.12651651],\n       [ 2.98944571, -0.33745371,  5.77597484,  2.43035467,  5.23273053,\n         4.12651651],\n       [ 2.98944571, -0.33745371,  5.77597484,  2.43035467,  5.23273053,\n         4.12651651],\n       [ 2.98944571, -0.33745371,  5.77597484,  2.43035467,  5.23273053,\n         4.12651651],\n       [ 2.98944571, -0.33745371,  5.77597484,  2.43035467,  5.23273053,\n         4.12651651],\n       [ 2.98944571, -0.33745371,  5.77597484,  2.43035467,  5.23273053,\n         4.12651651],\n       [ 2.98944571, -0.33745371,  5.77597484,  2.43035467,  5.23273053,\n         4.12651651]]), array([0.07363486, 0.07363486, 0.07363486, 0.07363486, 0.07363486,\n       0.07363486, 0.07363486]))", "callback": [0.9225877255892475, 0.7495450786436773, 0.6752615605895984, 0.5624520317340396, 0.5545950269623057, 0.534018963209671, 0.520924699721928, 0.5017660909348147, 0.4826826522925428, 0.4760669686763448, 0.469955828656603, 0.4679020203217503, 0.464828786243076, 0.46379117474009457, 0.46314797627858206, 0.4626902813070184, 0.46162614745253994, 0.46019782722317526, 0.4516280494621552, 0.41576679151734885, 0.3913137471706991, 0.35103072540704194, 0.2721201276856712, 0.09862944665425466, 0.09176828181361629, 0.07988644737810824, 0.07620543089644705, 0.07441825126516344, 0.07394914935387353, 0.0737582783834081, 0.07370894332609867, 0.07366039272931979, 0.07363921628623404, 0.07363608270205668, 0.0736352356585066, 0.07363492424762297, 0.0736348673965842, 0.07363486458486612, 0.07363486384822904, 0.0736348637878973, 0.07363486374591, 0.07363486373914441, 0.07363486373759187, 0.0736348637374784, 0.07363486373743455, 0.07363486373742334, 0.07363486373741956, 0.07363486373741879, 0.07363486373741845, 0.07363486373741845]}, "8": {"maxiter": 1000, "fatol": 1e-05, "xatol": 1e-05, "duration": 0.28460097312927246, "fun": "0.07363486373971939", "nit": "407", "nfev": "658", "status": "0", "success": "True", "message": "Optimization terminated successfully.", "x": "[ 2.9894464  -0.33745003  5.77597481  2.43035114  5.23273287  4.12651832]", "final_simplex": "(array([[ 2.9894464 , -0.33745003,  5.77597481,  2.43035114,  5.23273287,\n         4.12651832],\n       [ 2.98944772, -0.33744998,  5.77597789,  2.4303528 ,  5.23273699,\n         4.12652433],\n       [ 2.98944907, -0.33745156,  5.77597939,  2.43035707,  5.23272829,\n         4.12652328],\n       [ 2.98944523, -0.33745933,  5.77597447,  2.43035484,  5.23272508,\n         4.12651536],\n       [ 2.98944691, -0.33744852,  5.77597795,  2.4303505 ,  5.23272851,\n         4.1265213 ],\n       [ 2.98944103, -0.33745856,  5.77597262,  2.43035448,  5.23273251,\n         4.12651084],\n       [ 2.9894453 , -0.33745603,  5.77597645,  2.43035692,  5.23272606,\n         4.12652271]]), array([0.07363486, 0.07363486, 0.07363486, 0.07363486, 0.07363486,\n       0.07363486, 0.07363486]))", "callback": [0.9225877255892475, 0.7495450786436773, 0.6752615605895984, 0.5624520317340396, 0.5545950269623057, 0.534018963209671, 0.520924699721928, 0.5017660909348147, 0.4826826522925428, 0.4760669686763448, 0.469955828656603, 0.4679020203217503, 0.464828786243076, 0.46379117474009457, 0.46314797627858206, 0.4626902813070184, 0.46162614745253994, 0.46019782722317526, 0.4516280494621552, 0.41576679151734885, 0.3913137471706991, 0.35103072540704194, 0.2721201276856712, 0.09862944665425466, 0.09176828181361629, 0.07988644737810824, 0.07620543089644705, 0.07441825126516344, 0.07394914935387353, 0.0737582783834081, 0.07370894332609867, 0.07366039272931979, 0.07363921628623404, 0.07363608270205668, 0.0736352356585066, 0.07363492424762297, 0.0736348673965842, 0.07363486458486612, 0.07363486384822904, 0.0736348637878973, 0.07363486374591]}, "9": {"maxiter": 1000, "fatol": 1e-05, "xatol": 1e-10, "duration": 0.38427114486694336, "fun": "0.07363486373741845", "nit": "499", "nfev": "864", "status": "0", "success": "True", "message": "Optimization terminated successfully.", "x": "[ 2.98944571 -0.33745371  5.77597484  2.43035467  5.23273053  4.12651651]", "final_simplex": "(array([[ 2.98944571, -0.33745371,  5.77597484,  2.43035467,  5.23273053,\n         4.12651651],\n       [ 2.98944571, -0.33745371,  5.77597484,  2.43035467,  5.23273053,\n         4.12651651],\n       [ 2.98944571, -0.33745371,  5.77597484,  2.43035467,  5.23273053,\n         4.12651651],\n       [ 2.98944571, -0.33745371,  5.77597484,  2.43035467,  5.23273053,\n         4.12651651],\n       [ 2.98944571, -0.33745371,  5.77597484,  2.43035467,  5.23273053,\n         4.12651651],\n       [ 2.98944571, -0.33745371,  5.77597484,  2.43035467,  5.23273053,\n         4.12651651],\n       [ 2.98944571, -0.33745371,  5.77597484,  2.43035467,  5.23273053,\n         4.12651651]]), array([0.07363486, 0.07363486, 0.07363486, 0.07363486, 0.07363486,\n       0.07363486, 0.07363486]))", "callback": [0.9225877255892475, 0.7495450786436773, 0.6752615605895984, 0.5624520317340396, 0.5545950269623057, 0.534018963209671, 0.520924699721928, 0.5017660909348147, 0.4826826522925428, 0.4760669686763448, 0.469955828656603, 0.4679020203217503, 0.464828786243076, 0.46379117474009457, 0.46314797627858206, 0.4626902813070184, 0.46162614745253994, 0.46019782722317526, 0.4516280494621552, 0.41576679151734885, 0.3913137471706991, 0.35103072540704194, 0.2721201276856712, 0.09862944665425466, 0.09176828181361629, 0.07988644737810824, 0.07620543089644705, 0.07441825126516344, 0.07394914935387353, 0.0737582783834081, 0.07370894332609867, 0.07366039272931979, 0.07363921628623404, 0.07363608270205668, 0.0736352356585066, 0.07363492424762297, 0.0736348673965842, 0.07363486458486612, 0.07363486384822904, 0.0736348637878973, 0.07363486374591, 0.07363486373914441, 0.07363486373759187, 0.0736348637374784, 0.07363486373743455, 0.07363486373742334, 0.07363486373741956, 0.07363486373741879, 0.07363486373741845, 0.07363486373741845]}, "10": {"maxiter": 1000, "fatol": 1e-10, "xatol": 1e-05, "duration": 0.27518391609191895, "fun": "0.07363486373971939", "nit": "407", "nfev": "658", "status": "0", "success": "True", "message": "Optimization terminated successfully.", "x": "[ 2.9894464  -0.33745003  5.77597481  2.43035114  5.23273287  4.12651832]", "final_simplex": "(array([[ 2.9894464 , -0.33745003,  5.77597481,  2.43035114,  5.23273287,\n         4.12651832],\n       [ 2.98944772, -0.33744998,  5.77597789,  2.4303528 ,  5.23273699,\n         4.12652433],\n       [ 2.98944907, -0.33745156,  5.77597939,  2.43035707,  5.23272829,\n         4.12652328],\n       [ 2.98944523, -0.33745933,  5.77597447,  2.43035484,  5.23272508,\n         4.12651536],\n       [ 2.98944691, -0.33744852,  5.77597795,  2.4303505 ,  5.23272851,\n         4.1265213 ],\n       [ 2.98944103, -0.33745856,  5.77597262,  2.43035448,  5.23273251,\n         4.12651084],\n       [ 2.9894453 , -0.33745603,  5.77597645,  2.43035692,  5.23272606,\n         4.12652271]]), array([0.07363486, 0.07363486, 0.07363486, 0.07363486, 0.07363486,\n       0.07363486, 0.07363486]))", "callback": [0.9225877255892475, 0.7495450786436773, 0.6752615605895984, 0.5624520317340396, 0.5545950269623057, 0.534018963209671, 0.520924699721928, 0.5017660909348147, 0.4826826522925428, 0.4760669686763448, 0.469955828656603, 0.4679020203217503, 0.464828786243076, 0.46379117474009457, 0.46314797627858206, 0.4626902813070184, 0.46162614745253994, 0.46019782722317526, 0.4516280494621552, 0.41576679151734885, 0.3913137471706991, 0.35103072540704194, 0.2721201276856712, 0.09862944665425466, 0.09176828181361629, 0.07988644737810824, 0.07620543089644705, 0.07441825126516344, 0.07394914935387353, 0.0737582783834081, 0.07370894332609867, 0.07366039272931979, 0.07363921628623404, 0.07363608270205668, 0.0736352356585066, 0.07363492424762297, 0.0736348673965842, 0.07363486458486612, 0.07363486384822904, 0.0736348637878973, 0.07363486374591]}, "11": {"maxiter": 1000, "fatol": 1e-10, "xatol": 1e-10, "duration": 0.3843719959259033, "fun": "0.07363486373741845", "nit": "499", "nfev": "864", "status": "0", "success": "True", "message": "Optimization terminated successfully.", "x": "[ 2.98944571 -0.33745371  5.77597484  2.43035467  5.23273053  4.12651651]", "final_simplex": "(array([[ 2.98944571, -0.33745371,  5.77597484,  2.43035467,  5.23273053,\n         4.12651651],\n       [ 2.98944571, -0.33745371,  5.77597484,  2.43035467,  5.23273053,\n         4.12651651],\n       [ 2.98944571, -0.33745371,  5.77597484,  2.43035467,  5.23273053,\n         4.12651651],\n       [ 2.98944571, -0.33745371,  5.77597484,  2.43035467,  5.23273053,\n         4.12651651],\n       [ 2.98944571, -0.33745371,  5.77597484,  2.43035467,  5.23273053,\n         4.12651651],\n       [ 2.98944571, -0.33745371,  5.77597484,  2.43035467,  5.23273053,\n         4.12651651],\n       [ 2.98944571, -0.33745371,  5.77597484,  2.43035467,  5.23273053,\n         4.12651651]]), array([0.07363486, 0.07363486, 0.07363486, 0.07363486, 0.07363486,\n       0.07363486, 0.07363486]))", "callback": [0.9225877255892475, 0.7495450786436773, 0.6752615605895984, 0.5624520317340396, 0.5545950269623057, 0.534018963209671, 0.520924699721928, 0.5017660909348147, 0.4826826522925428, 0.4760669686763448, 0.469955828656603, 0.4679020203217503, 0.464828786243076, 0.46379117474009457, 0.46314797627858206, 0.4626902813070184, 0.46162614745253994, 0.46019782722317526, 0.4516280494621552, 0.41576679151734885, 0.3913137471706991, 0.35103072540704194, 0.2721201276856712, 0.09862944665425466, 0.09176828181361629, 0.07988644737810824, 0.07620543089644705, 0.07441825126516344, 0.07394914935387353, 0.0737582783834081, 0.07370894332609867, 0.07366039272931979, 0.07363921628623404, 0.07363608270205668, 0.0736352356585066, 0.07363492424762297, 0.0736348673965842, 0.07363486458486612, 0.07363486384822904, 0.0736348637878973, 0.07363486374591, 0.07363486373914441, 0.07363486373759187, 0.0736348637374784, 0.07363486373743455, 0.07363486373742334, 0.07363486373741956, 0.07363486373741879, 0.07363486373741845, 0.07363486373741845]}}, "bfgs": {"type": "gradient", "0": {"maxiter": 100, "gtol": 1e-05, "xrtol": 1e-05, "eps": 1e-05, "duration": 0.10010981559753418, "fun": "0.07363486376281625", "jac": "[-2.15319984e-06  7.77555798e-07  3.05977466e-08 -1.11606280e-06\n  1.71307413e-06  5.39379652e-07]", "hess_inv": "[[ 14.95399914  28.25618251 -25.20860694  -7.92441365   9.7913928\n  -12.2816992 ]\n [ 28.25618251  76.2632417  -68.7582167  -13.17216403  25.08500019\n  -31.9810756 ]\n [-25.20860694 -68.7582167   64.06739116  11.15708105 -22.95650245\n   28.49808305]\n [ -7.92441365 -13.17216403  11.15708105   6.74359024  -4.47356802\n    6.60322679]\n [  9.7913928   25.08500019 -22.95650245  -4.47356802   9.5523457\n  -10.96101841]\n [-12.2816992  -31.9810756   28.49808305   6.60322679 -10.96101841\n   16.02999584]]", "nfev": "217", "njev": "31", "status": "0", "success": "True", "message": "Optimization terminated successfully.", "x": "[-0.79836463  2.62705128  6.74910215 -3.21256118  4.30739192  0.58989245]", "nit": "27", "callback": [0.6501541813871173, 0.5713741031530698, 0.4954548167028606, 0.3603873748809312, 0.21923765446782073, 0.17876114855820924, 0.13927909089854862, 0.119640452514439, 0.11194271838612047, 0.09750716392412628, 0.07877364111556351, 0.07591023490759741, 0.07498865399759047, 0.07481460584830357, 0.0747871739384256, 0.07473583026073294, 0.07464019982080605, 0.07447045486334858, 0.07421949262227912, 0.07404704015491737, 0.07386481161300862, 0.07366484167646548, 0.07363964273585855, 0.07363523436587671, 0.0736348822007089, 0.07363486457723156, 0.07363486376281625]}, "1": {"maxiter": 100, "gtol": 1e-05, "xrtol": 1e-05, "eps": 1e-10, "duration": 0.10260391235351562, "fun": "0.07363486381409612", "jac": "[-5.55111466e-06  0.00000000e+00 -3.33066880e-06 -3.33066880e-06\n  1.11022293e-06  3.33066880e-06]", "hess_inv": "[[ 14.87435034  28.27871216 -25.43130893  -8.20564103   9.46436198\n  -11.74953515]\n [ 28.27871216  76.26591661 -69.26555617 -13.99819699  24.27295614\n  -30.64203866]\n [-25.43130893 -69.26555617  65.01037207  12.03866562 -22.37088872\n   27.47052667]\n [ -8.20564103 -13.99819699  12.03866562   7.09129227  -4.56580935\n    6.66344239]\n [  9.46436198  24.27295614 -22.37088872  -4.56580935   9.00409947\n  -10.15817426]\n [-11.74953515 -30.64203866  27.47052667   6.66344239 -10.15817426\n   14.8738645 ]]", "nfev": "217", "njev": "31", "status": "0", "success": "True", "message": "Optimization terminated successfully.", "x": "[-0.79831381  2.62716941  6.74898595 -3.21258984  4.30726087  0.58967402]", "nit": "27", "callback": [0.6501586780294636, 0.5713746621991165, 0.4954689470869055, 0.3603949866783198, 0.21921142503908675, 0.17879739833895458, 0.13930612028865397, 0.11965204207855473, 0.11195623378777464, 0.09752614685708161, 0.07878418081764238, 0.07591459353569052, 0.07499028033328681, 0.07481486260457937, 0.07478748563073656, 0.0747362570251302, 0.07464086103316736, 0.07447154682941182, 0.07422046161693463, 0.07404777677495078, 0.07386741992812751, 0.07366473774930982, 0.07363966291993873, 0.07363522697398339, 0.07363488221569892, 0.07363486462408286, 0.07363486381409612]}, "2": {"maxiter": 100, "gtol": 1e-05, "xrtol": 1e-10, "eps": 1e-05, "duration": 0.10023069381713867, "fun": "0.07363486376281625", "jac": "[-2.15319984e-06  7.77555798e-07  3.05977466e-08 -1.11606280e-06\n  1.71307413e-06  5.39379652e-07]", "hess_inv": "[[ 14.95399914  28.25618251 -25.20860694  -7.92441365   9.7913928\n  -12.2816992 ]\n [ 28.25618251  76.2632417  -68.7582167  -13.17216403  25.08500019\n  -31.9810756 ]\n [-25.20860694 -68.7582167   64.06739116  11.15708105 -22.95650245\n   28.49808305]\n [ -7.92441365 -13.17216403  11.15708105   6.74359024  -4.47356802\n    6.60322679]\n [  9.7913928   25.08500019 -22.95650245  -4.47356802   9.5523457\n  -10.96101841]\n [-12.2816992  -31.9810756   28.49808305   6.60322679 -10.96101841\n   16.02999584]]", "nfev": "217", "njev": "31", "status": "0", "success": "True", "message": "Optimization terminated successfully.", "x": "[-0.79836463  2.62705128  6.74910215 -3.21256118  4.30739192  0.58989245]", "nit": "27", "callback": [0.6501541813871173, 0.5713741031530698, 0.4954548167028606, 0.3603873748809312, 0.21923765446782073, 0.17876114855820924, 0.13927909089854862, 0.119640452514439, 0.11194271838612047, 0.09750716392412628, 0.07877364111556351, 0.07591023490759741, 0.07498865399759047, 0.07481460584830357, 0.0747871739384256, 0.07473583026073294, 0.07464019982080605, 0.07447045486334858, 0.07421949262227912, 0.07404704015491737, 0.07386481161300862, 0.07366484167646548, 0.07363964273585855, 0.07363523436587671, 0.0736348822007089, 0.07363486457723156, 0.07363486376281625]}, "3": {"maxiter": 100, "gtol": 1e-05, "xrtol": 1e-10, "eps": 1e-10, "duration": 0.09626197814941406, "fun": "0.07363486381409612", "jac": "[-5.55111466e-06  0.00000000e+00 -3.33066880e-06 -3.33066880e-06\n  1.11022293e-06  3.33066880e-06]", "hess_inv": "[[ 14.87435034  28.27871216 -25.43130893  -8.20564103   9.46436198\n  -11.74953515]\n [ 28.27871216  76.26591661 -69.26555617 -13.99819699  24.27295614\n  -30.64203866]\n [-25.43130893 -69.26555617  65.01037207  12.03866562 -22.37088872\n   27.47052667]\n [ -8.20564103 -13.99819699  12.03866562   7.09129227  -4.56580935\n    6.66344239]\n [  9.46436198  24.27295614 -22.37088872  -4.56580935   9.00409947\n  -10.15817426]\n [-11.74953515 -30.64203866  27.47052667   6.66344239 -10.15817426\n   14.8738645 ]]", "nfev": "217", "njev": "31", "status": "0", "success": "True", "message": "Optimization terminated successfully.", "x": "[-0.79831381  2.62716941  6.74898595 -3.21258984  4.30726087  0.58967402]", "nit": "27", "callback": [0.6501586780294636, 0.5713746621991165, 0.4954689470869055, 0.3603949866783198, 0.21921142503908675, 0.17879739833895458, 0.13930612028865397, 0.11965204207855473, 0.11195623378777464, 0.09752614685708161, 0.07878418081764238, 0.07591459353569052, 0.07499028033328681, 0.07481486260457937, 0.07478748563073656, 0.0747362570251302, 0.07464086103316736, 0.07447154682941182, 0.07422046161693463, 0.07404777677495078, 0.07386741992812751, 0.07366473774930982, 0.07363966291993873, 0.07363522697398339, 0.07363488221569892, 0.07363486462408286, 0.07363486381409612]}, "4": {"maxiter": 100, "gtol": 1e-10, "xrtol": 1e-05, "eps": 1e-05, "duration": 0.10223722457885742, "fun": "0.07363486376003192", "jac": "[-2.53363996e-07  3.17523785e-07  4.18409751e-07 -2.74225087e-07\n  1.35167433e-06  7.86126719e-07]", "hess_inv": "[[ 14.26766942  27.66146263 -24.71119818  -7.67676573   9.48539644\n  -12.03706771]\n [ 27.66146263  80.08007445 -72.36719708 -13.18712684  26.21312767\n  -33.53985178]\n [-24.71119818 -72.36719708  67.47442707  11.19167468 -24.03404856\n   29.97211924]\n [ -7.67676573 -13.18712684  11.19167468   6.66639538  -4.43698337\n    6.6087862 ]\n [  9.48539644  26.21312767 -24.03404856  -4.43698337   9.86401514\n  -11.4214476 ]\n [-12.03706771 -33.53985178  29.97211924   6.6087862  -11.4214476\n   16.66658862]]", "nfev": "224", "njev": "32", "status": "0", "success": "True", "message": "Optimization terminated successfully.", "x": "[-0.79837299  2.62700926  6.74914065 -3.21255633  4.30737701  0.58990965]", "nit": "28", "callback": [0.6501541813871173, 0.5713741031530698, 0.4954548167028606, 0.3603873748809312, 0.21923765446782073, 0.17876114855820924, 0.13927909089854862, 0.119640452514439, 0.11194271838612047, 0.09750716392412628, 0.07877364111556351, 0.07591023490759741, 0.07498865399759047, 0.07481460584830357, 0.0747871739384256, 0.07473583026073294, 0.07464019982080605, 0.07447045486334858, 0.07421949262227912, 0.07404704015491737, 0.07386481161300862, 0.07366484167646548, 0.07363964273585855, 0.07363523436587671, 0.0736348822007089, 0.07363486457723156, 0.07363486376281625, 0.07363486376003192]}, "5": {"maxiter": 100, "gtol": 1e-10, "xrtol": 1e-05, "eps": 1e-10, "duration": 0.10095787048339844, "fun": "0.07363486378869599", "jac": "[ 4.44089173e-06 -1.11022293e-06 -2.22044587e-06 -2.22044587e-06\n -2.22044587e-06 -2.22044587e-06]", "hess_inv": "[[ 14.40375941  23.59089764 -20.46090481  -7.92766353   8.04420589\n  -10.58548289]\n [ 23.59089764  64.60644505 -57.69330835 -11.7471822   20.39744769\n  -26.76959989]\n [-20.46090481 -57.69330835  53.59604855   9.66363768 -18.49336742\n   23.53880285]\n [ -7.92766353 -11.7471822    9.66363768   6.93475141  -3.87879655\n    6.09003377]\n [  8.04420589  20.39744769 -18.49336742  -3.87879655   7.72938649\n   -8.90935831]\n [-10.58548289 -26.76959989  23.53880285   6.09003377  -8.90935831\n   13.696878  ]]", "nfev": "224", "njev": "32", "status": "0", "success": "True", "message": "Optimization terminated successfully.", "x": "[-0.79830208  2.6271356   6.7490252  -3.21259454  4.3072521   0.58967822]", "nit": "28", "callback": [0.6501586780294636, 0.5713746621991165, 0.4954689470869055, 0.3603949866783198, 0.21921142503908675, 0.17879739833895458, 0.13930612028865397, 0.11965204207855473, 0.11195623378777464, 0.09752614685708161, 0.07878418081764238, 0.07591459353569052, 0.07499028033328681, 0.07481486260457937, 0.07478748563073656, 0.0747362570251302, 0.07464086103316736, 0.07447154682941182, 0.07422046161693463, 0.07404777677495078, 0.07386741992812751, 0.07366473774930982, 0.07363966291993873, 0.07363522697398339, 0.07363488221569892, 0.07363486462408286, 0.07363486381409612, 0.07363486378869599]}, "6": {"maxiter": 100, "gtol": 1e-10, "xrtol": 1e-10, "eps": 1e-05, "duration": 0.19933605194091797, "fun": "0.07363486376003192", "jac": "[-2.53363996e-07  3.17523785e-07  4.18409751e-07 -2.74225087e-07\n  1.35167433e-06  7.86126719e-07]", "hess_inv": "[[ 14.38670883  28.09097516 -25.03350862  -7.75106069   9.93539678\n  -11.91919789]\n [ 28.09097516  81.38933833 -73.20878196 -13.46241948  28.17443686\n  -32.59881773]\n [-25.03350862 -73.20878196  67.91767489  11.40249009 -25.70365716\n   28.96378439]\n [ -7.75106069 -13.46241948  11.40249009   6.71254735  -4.7076941\n    6.55071584]\n [  9.93539678  28.17443686 -25.70365716  -4.7076941   11.09109113\n  -11.69996887]\n [-11.91919789 -32.59881773  28.96378439   6.55071584 -11.69996887\n   15.67724006]]", "nfev": "444", "njev": "62", "status": "2", "success": "False", "message": "Desired error not necessarily achieved due to precision loss.", "x": "[-0.79837299  2.62700926  6.74914065 -3.21255633  4.30737701  0.58990965]", "nit": "28", "callback": [0.6501541813871173, 0.5713741031530698, 0.4954548167028606, 0.3603873748809312, 0.21923765446782073, 0.17876114855820924, 0.13927909089854862, 0.119640452514439, 0.11194271838612047, 0.09750716392412628, 0.07877364111556351, 0.07591023490759741, 0.07498865399759047, 0.07481460584830357, 0.0747871739384256, 0.07473583026073294, 0.07464019982080605, 0.07447045486334858, 0.07421949262227912, 0.07404704015491737, 0.07386481161300862, 0.07366484167646548, 0.07363964273585855, 0.07363523436587671, 0.0736348822007089, 0.07363486457723156, 0.07363486376281625, 0.07363486376003192]}, "7": {"maxiter": 100, "gtol": 1e-10, "xrtol": 1e-10, "eps": 1e-10, "duration": 0.1301279067993164, "fun": "0.07363486378869577", "jac": "[1.11022293e-06 1.11022293e-06 0.00000000e+00 0.00000000e+00\n 1.11022293e-06 0.00000000e+00]", "hess_inv": "[[   4.88944998   21.0619842   -20.7828238    -2.86111674    6.61285713\n    -6.22095622]\n [  21.0619842   158.24416097 -156.99397382  -14.34647258   46.91240369\n   -50.06166584]\n [ -20.7828238  -156.99397382  157.96057705   13.98628574  -46.83607686\n    49.4104319 ]\n [  -2.86111674  -14.34647258   13.98628574    4.40182334   -4.24189705\n     4.78893546]\n [   6.61285713   46.91240369  -46.83607686   -4.24189705   15.18411683\n   -15.22604798]\n [  -6.22095622  -50.06166584   49.4104319     4.78893546  -15.22604798\n    18.03455029]]", "nfev": "287", "njev": "41", "status": "0", "success": "True", "message": "Optimization terminated successfully.", "x": "[-0.79830208  2.6271356   6.7490252  -3.21259454  4.3072521   0.58967822]", "nit": "29", "callback": [0.6501586780294636, 0.5713746621991165, 0.4954689470869055, 0.3603949866783198, 0.21921142503908675, 0.17879739833895458, 0.13930612028865397, 0.11965204207855473, 0.11195623378777464, 0.09752614685708161, 0.07878418081764238, 0.07591459353569052, 0.07499028033328681, 0.07481486260457937, 0.07478748563073656, 0.0747362570251302, 0.07464086103316736, 0.07447154682941182, 0.07422046161693463, 0.07404777677495078, 0.07386741992812751, 0.07366473774930982, 0.07363966291993873, 0.07363522697398339, 0.07363488221569892, 0.07363486462408286, 0.07363486381409612, 0.07363486378869599, 0.07363486378869577]}, "8": {"maxiter": 500, "gtol": 1e-05, "xrtol": 1e-05, "eps": 1e-05, "duration": 0.09914708137512207, "fun": "0.07363486376281625", "jac": "[-2.15319984e-06  7.77555798e-07  3.05977466e-08 -1.11606280e-06\n  1.71307413e-06  5.39379652e-07]", "hess_inv": "[[ 14.95399914  28.25618251 -25.20860694  -7.92441365   9.7913928\n  -12.2816992 ]\n [ 28.25618251  76.2632417  -68.7582167  -13.17216403  25.08500019\n  -31.9810756 ]\n [-25.20860694 -68.7582167   64.06739116  11.15708105 -22.95650245\n   28.49808305]\n [ -7.92441365 -13.17216403  11.15708105   6.74359024  -4.47356802\n    6.60322679]\n [  9.7913928   25.08500019 -22.95650245  -4.47356802   9.5523457\n  -10.96101841]\n [-12.2816992  -31.9810756   28.49808305   6.60322679 -10.96101841\n   16.02999584]]", "nfev": "217", "njev": "31", "status": "0", "success": "True", "message": "Optimization terminated successfully.", "x": "[-0.79836463  2.62705128  6.74910215 -3.21256118  4.30739192  0.58989245]", "nit": "27", "callback": [0.6501541813871173, 0.5713741031530698, 0.4954548167028606, 0.3603873748809312, 0.21923765446782073, 0.17876114855820924, 0.13927909089854862, 0.119640452514439, 0.11194271838612047, 0.09750716392412628, 0.07877364111556351, 0.07591023490759741, 0.07498865399759047, 0.07481460584830357, 0.0747871739384256, 0.07473583026073294, 0.07464019982080605, 0.07447045486334858, 0.07421949262227912, 0.07404704015491737, 0.07386481161300862, 0.07366484167646548, 0.07363964273585855, 0.07363523436587671, 0.0736348822007089, 0.07363486457723156, 0.07363486376281625]}, "9": {"maxiter": 500, "gtol": 1e-05, "xrtol": 1e-05, "eps": 1e-10, "duration": 0.10041284561157227, "fun": "0.07363486381409612", "jac": "[-5.55111466e-06  0.00000000e+00 -3.33066880e-06 -3.33066880e-06\n  1.11022293e-06  3.33066880e-06]", "hess_inv": "[[ 14.87435034  28.27871216 -25.43130893  -8.20564103   9.46436198\n  -11.74953515]\n [ 28.27871216  76.26591661 -69.26555617 -13.99819699  24.27295614\n  -30.64203866]\n [-25.43130893 -69.26555617  65.01037207  12.03866562 -22.37088872\n   27.47052667]\n [ -8.20564103 -13.99819699  12.03866562   7.09129227  -4.56580935\n    6.66344239]\n [  9.46436198  24.27295614 -22.37088872  -4.56580935   9.00409947\n  -10.15817426]\n [-11.74953515 -30.64203866  27.47052667   6.66344239 -10.15817426\n   14.8738645 ]]", "nfev": "217", "njev": "31", "status": "0", "success": "True", "message": "Optimization terminated successfully.", "x": "[-0.79831381  2.62716941  6.74898595 -3.21258984  4.30726087  0.58967402]", "nit": "27", "callback": [0.6501586780294636, 0.5713746621991165, 0.4954689470869055, 0.3603949866783198, 0.21921142503908675, 0.17879739833895458, 0.13930612028865397, 0.11965204207855473, 0.11195623378777464, 0.09752614685708161, 0.07878418081764238, 0.07591459353569052, 0.07499028033328681, 0.07481486260457937, 0.07478748563073656, 0.0747362570251302, 0.07464086103316736, 0.07447154682941182, 0.07422046161693463, 0.07404777677495078, 0.07386741992812751, 0.07366473774930982, 0.07363966291993873, 0.07363522697398339, 0.07363488221569892, 0.07363486462408286, 0.07363486381409612]}, "10": {"maxiter": 500, "gtol": 1e-05, "xrtol": 1e-10, "eps": 1e-05, "duration": 0.09518599510192871, "fun": "0.07363486376281625", "jac": "[-2.15319984e-06  7.77555798e-07  3.05977466e-08 -1.11606280e-06\n  1.71307413e-06  5.39379652e-07]", "hess_inv": "[[ 14.95399914  28.25618251 -25.20860694  -7.92441365   9.7913928\n  -12.2816992 ]\n [ 28.25618251  76.2632417  -68.7582167  -13.17216403  25.08500019\n  -31.9810756 ]\n [-25.20860694 -68.7582167   64.06739116  11.15708105 -22.95650245\n   28.49808305]\n [ -7.92441365 -13.17216403  11.15708105   6.74359024  -4.47356802\n    6.60322679]\n [  9.7913928   25.08500019 -22.95650245  -4.47356802   9.5523457\n  -10.96101841]\n [-12.2816992  -31.9810756   28.49808305   6.60322679 -10.96101841\n   16.02999584]]", "nfev": "217", "njev": "31", "status": "0", "success": "True", "message": "Optimization terminated successfully.", "x": "[-0.79836463  2.62705128  6.74910215 -3.21256118  4.30739192  0.58989245]", "nit": "27", "callback": [0.6501541813871173, 0.5713741031530698, 0.4954548167028606, 0.3603873748809312, 0.21923765446782073, 0.17876114855820924, 0.13927909089854862, 0.119640452514439, 0.11194271838612047, 0.09750716392412628, 0.07877364111556351, 0.07591023490759741, 0.07498865399759047, 0.07481460584830357, 0.0747871739384256, 0.07473583026073294, 0.07464019982080605, 0.07447045486334858, 0.07421949262227912, 0.07404704015491737, 0.07386481161300862, 0.07366484167646548, 0.07363964273585855, 0.07363523436587671, 0.0736348822007089, 0.07363486457723156, 0.07363486376281625]}, "11": {"maxiter": 500, "gtol": 1e-05, "xrtol": 1e-10, "eps": 1e-10, "duration