{"date": "2024/09/23/, 23:06:36", "conf_id": 128, "data_type": "orthogonal\n", "num_data_points": 3, "s_rank": 0, "unitary": "[[-0.53618537-0.34368723j,-0.12107031-0.46226139j,-0.07699282-0.46603512j,0.36022595-0.11472301j],[0.26026499-0.63450712j,-0.56616638+0.37832564j,-0.14988651+0.08458591j,0.10363514-0.16008501j],[-0.32580188-0.11070003j,-0.36476308-0.23593218j,0.02559343+0.41761608j,-0.25598305+0.6725303j],[0.07406738-0.0126433j,0.28513701+0.19483972j,-0.74939717-0.10299659j,0.29798249+0.46269921j]]", "databatch_0": {"databatch": "[[[0.12683512+0.00309026j,0.29703023-0.03039422j,0.05640402-0.05948765j,0.00404886-0.20774283j],[-0.09274276-0.23367864j,0.1089162-0.1200777j,0.30548236+0.06287422j,-0.22529992+0.05072121j],[0.28283759-0.07033342j,0.16037488-0.01365748j,-0.1586294+0.20998406j,-0.07235388-0.29002141j],[0.02534671-0.02981533j,-0.41310863-0.01500556j,-0.31333089+0.21912066j,-0.05939413+0.11479336j]],[[-0.17576285-0.21436661j,0.01102712+0.07819273j,0.39955095+0.16570809j,-0.14487616+0.1654787j],[-0.02370436-0.10428719j,-0.40570767+0.0563772j,-0.16657858+0.31614993j,-0.09577776+0.16380344j],[0.00276425+0.1023991j,0.00799613+0.32387178j,0.06614454+0.11760151j,0.19384021+0.00978283j],[-0.08287323-0.16461537j,-0.13151058+0.0751895j,0.15246378+0.23685618j,-0.11898472+0.1295536j]],[[0.14354961-0.03570196j,0.28930143-0.00993039j,0.06924864+0.01510181j,-0.02392415-0.21555921j],[-0.08310909-0.26108928j,0.14086378-0.18983281j,0.30803593+0.03672192j,-0.27005364+0.029205j],[0.29214793-0.0740671j,0.22044148+0.04686476j,-0.09681198+0.23927063j,-0.05232163-0.31339525j],[-0.00974109+0.03433079j,-0.35877088+0.01748994j,-0.26742734+0.12062039j,0.01185418+0.12484254j]]]", "initial param values": "[1.35397898,5.01326833,3.23102921,4.73112514,0.94370659,4.74670193]", "nelder_mead": {"type": "gradient-free", "0": {"maxiter": 100, "fatol": 1e-05, "xatol": 1e-05, "duration": 0.03663206100463867, "fun": "0.29839126670665417", "nit": "100", "nfev": "157", "status": "2", "success": "False", "message": "Maximum number of iterations has been exceeded.", "x": "[1.20510414 5.72293679 3.74289193 0.65020267 1.38769356 6.40859876]", "final_simplex": "(array([[1.20510414, 5.72293679, 3.74289193, 0.65020267, 1.38769356,\n        6.40859876],\n       [1.20232773, 5.73236043, 3.73052121, 0.68686962, 1.38627922,\n        6.40098317],\n       [1.21531185, 5.75640076, 3.71336576, 0.66139093, 1.3835276 ,\n        6.39015638],\n       [1.20913884, 5.74783871, 3.70907642, 0.65284233, 1.38553807,\n        6.41277661],\n       [1.2139894 , 5.73855231, 3.73430292, 0.65077497, 1.38267001,\n        6.39529114],\n       [1.23077118, 5.72879669, 3.71203258, 0.6510437 , 1.37406116,\n        6.40111692],\n       [1.21788355, 5.71676591, 3.72899591, 0.64852168, 1.38091015,\n        6.42576197]]), array([0.29839127, 0.2984216 , 0.29847141, 0.29850324, 0.29852072,\n       0.29857143, 0.29863833]))", "callback": [0.7311317483186672, 0.3897754373964767, 0.3873787164398662, 0.35182174289435586, 0.3027903806119139, 0.30052062098918786, 0.2991464604067643, 0.2990186860310917, 0.29863832508325394]}, "1": {"maxiter": 100, "fatol": 1e-05, "xatol": 1e-10, "duration": 0.03482699394226074, "fun": "0.29839126670665417", "nit": "100", "nfev": "157", "status": "2", "success": "False", "message": "Maximum number of iterations has been exceeded.", "x": "[1.20510414 5.72293679 3.74289193 0.65020267 1.38769356 6.40859876]", "final_simplex": "(array([[1.20510414, 5.72293679, 3.74289193, 0.65020267, 1.38769356,\n        6.40859876],\n       [1.20232773, 5.73236043, 3.73052121, 0.68686962, 1.38627922,\n        6.40098317],\n       [1.21531185, 5.75640076, 3.71336576, 0.66139093, 1.3835276 ,\n        6.39015638],\n       [1.20913884, 5.74783871, 3.70907642, 0.65284233, 1.38553807,\n        6.41277661],\n       [1.2139894 , 5.73855231, 3.73430292, 0.65077497, 1.38267001,\n        6.39529114],\n       [1.23077118, 5.72879669, 3.71203258, 0.6510437 , 1.37406116,\n        6.40111692],\n       [1.21788355, 5.71676591, 3.72899591, 0.64852168, 1.38091015,\n        6.42576197]]), array([0.29839127, 0.2984216 , 0.29847141, 0.29850324, 0.29852072,\n       0.29857143, 0.29863833]))", "callback": [0.7311317483186672, 0.3897754373964767, 0.3873787164398662, 0.35182174289435586, 0.3027903806119139, 0.30052062098918786, 0.2991464604067643, 0.2990186860310917, 0.29863832508325394]}, "2": {"maxiter": 100, "fatol": 1e-10, "xatol": 1e-05, "duration": 0.034757137298583984, "fun": "0.29839126670665417", "nit": "100", "nfev": "157", "status": "2", "success": "False", "message": "Maximum number of iterations has been exceeded.", "x": "[1.20510414 5.72293679 3.74289193 0.65020267 1.38769356 6.40859876]", "final_simplex": "(array([[1.20510414, 5.72293679, 3.74289193, 0.65020267, 1.38769356,\n        6.40859876],\n       [1.20232773, 5.73236043, 3.73052121, 0.68686962, 1.38627922,\n        6.40098317],\n       [1.21531185, 5.75640076, 3.71336576, 0.66139093, 1.3835276 ,\n        6.39015638],\n       [1.20913884, 5.74783871, 3.70907642, 0.65284233, 1.38553807,\n        6.41277661],\n       [1.2139894 , 5.73855231, 3.73430292, 0.65077497, 1.38267001,\n        6.39529114],\n       [1.23077118, 5.72879669, 3.71203258, 0.6510437 , 1.37406116,\n        6.40111692],\n       [1.21788355, 5.71676591, 3.72899591, 0.64852168, 1.38091015,\n        6.42576197]]), array([0.29839127, 0.2984216 , 0.29847141, 0.29850324, 0.29852072,\n       0.29857143, 0.29863833]))", "callback": [0.7311317483186672, 0.3897754373964767, 0.3873787164398662, 0.35182174289435586, 0.3027903806119139, 0.30052062098918786, 0.2991464604067643, 0.2990186860310917, 0.29863832508325394]}, "3": {"maxiter": 100, "fatol": 1e-10, "xatol": 1e-10, "duration": 0.035562992095947266, "fun": "0.29839126670665417", "nit": "100", "nfev": "157", "status": "2", "success": "False", "message": "Maximum number of iterations has been exceeded.", "x": "[1.20510414 5.72293679 3.74289193 0.65020267 1.38769356 6.40859876]", "final_simplex": "(array([[1.20510414, 5.72293679, 3.74289193, 0.65020267, 1.38769356,\n        6.40859876],\n       [1.20232773, 5.73236043, 3.73052121, 0.68686962, 1.38627922,\n        6.40098317],\n       [1.21531185, 5.75640076, 3.71336576, 0.66139093, 1.3835276 ,\n        6.39015638],\n       [1.20913884, 5.74783871, 3.70907642, 0.65284233, 1.38553807,\n        6.41277661],\n       [1.2139894 , 5.73855231, 3.73430292, 0.65077497, 1.38267001,\n        6.39529114],\n       [1.23077118, 5.72879669, 3.71203258, 0.6510437 , 1.37406116,\n        6.40111692],\n       [1.21788355, 5.71676591, 3.72899591, 0.64852168, 1.38091015,\n        6.42576197]]), array([0.29839127, 0.2984216 , 0.29847141, 0.29850324, 0.29852072,\n       0.29857143, 0.29863833]))", "callback": [0.7311317483186672, 0.3897754373964767, 0.3873787164398662, 0.35182174289435586, 0.3027903806119139, 0.30052062098918786, 0.2991464604067643, 0.2990186860310917, 0.29863832508325394]}, "4": {"maxiter": 500, "fatol": 1e-05, "xatol": 1e-05, "duration": 0.154008150100708, "fun": "0.29040292335606344", "nit": "414", "nfev": "649", "status": "0", "success": "True", "message": "Optimization terminated successfully.", "x": "[1.11500287 5.60714942 3.73571485 0.65699891 1.74736863 6.05378817]", "final_simplex": "(array([[1.11500287, 5.60714942, 3.73571485, 0.65699891, 1.74736863,\n        6.05378817],\n       [1.11500517, 5.60715414, 3.73571513, 0.65699876, 1.74736986,\n        6.05378714],\n       [1.11500524, 5.6071487 , 3.73571603, 0.65699283, 1.74737474,\n        6.05378675],\n       [1.11500856, 5.60715529, 3.7357122 , 0.65699767, 1.74737304,\n        6.0537854 ],\n       [1.11500635, 5.60715071, 3.73571546, 0.65699215, 1.74736407,\n        6.05378878],\n       [1.11500781, 5.60714007, 3.73571881, 0.65699387, 1.74737769,\n        6.05378549],\n       [1.11500755, 5.60715181, 3.73571296, 0.65700089, 1.74735941,\n        6.05379753]]), array([0.29040292, 0.29040292, 0.29040292, 0.29040292, 0.29040292,\n       0.29040292, 0.29040292]))", "callback": [0.7311317483186672, 0.3897754373964767, 0.3873787164398662, 0.35182174289435586, 0.3027903806119139, 0.30052062098918786, 0.2991464604067643, 0.2990186860310917, 0.29863832508325394, 0.2983079342873284, 0.29813808780994844, 0.29787857498933923, 0.2971964756041098, 0.2956672510519732, 0.2953895633877853, 0.29525265302080006, 0.2951936094013182, 0.295163743213819, 0.2950790865816434, 0.2949329910382893, 0.29477538969868045, 0.2942075616950742, 0.2939294500524726, 0.2937814168588555, 0.2934864217567541, 0.2929982678526408, 0.2915736391856504, 0.2908349133885372, 0.2904702596546054, 0.2904360409217045, 0.29040910696777666, 0.2904067182066701, 0.290403788631702, 0.2904030584614582, 0.2904029703217792, 0.29040293913735604, 0.29040292535704004, 0.2904029237340243, 0.2904029234430281, 0.290402923382707, 0.29040292335770934]}, "5": {"maxiter": 500, "fatol": 1e-05, "xatol": 1e-10, "duration": 0.21686816215515137, "fun": "0.2904029233541019", "nit": "500", "nfev": "795", "status": "2", "success": "False", "message": "Maximum number of iterations has been exceeded.", "x": "[1.11500462 5.60714979 3.73571376 0.65699646 1.74737094 6.0537868 ]", "final_simplex": "(array([[1.11500462, 5.60714979, 3.73571376, 0.65699646, 1.74737094,\n        6.0537868 ],\n       [1.11500463, 5.60714978, 3.73571368, 0.65699645, 1.74737094,\n        6.05378683],\n       [1.1150046 , 5.60714972, 3.73571376, 0.65699652, 1.74737107,\n        6.05378672],\n       [1.11500466, 5.60714977, 3.73571374, 0.65699651, 1.74737098,\n        6.05378681],\n       [1.1150046 , 5.60714976, 3.73571373, 0.65699648, 1.74737104,\n        6.05378677],\n       [1.11500462, 5.60714982, 3.73571372, 0.65699656, 1.74737098,\n        6.05378679],\n       [1.11500461, 5.60714981, 3.73571373, 0.65699651, 1.74737087,\n        6.0537869 ]]), array([0.29040292, 0.29040292, 0.29040292, 0.29040292, 0.29040292,\n       0.29040292, 0.29040292]))", "callback": [0.7311317483186672, 0.3897754373964767, 0.3873787164398662, 0.35182174289435586, 0.3027903806119139, 0.30052062098918786, 0.2991464604067643, 0.2990186860310917, 0.29863832508325394, 0.2983079342873284, 0.29813808780994844, 0.29787857498933923, 0.2971964756041098, 0.2956672510519732, 0.2953895633877853, 0.29525265302080006, 0.2951936094013182, 0.295163743213819, 0.2950790865816434, 0.2949329910382893, 0.29477538969868045, 0.2942075616950742, 0.2939294500524726, 0.2937814168588555, 0.2934864217567541, 0.2929982678526408, 0.2915736391856504, 0.2908349133885372, 0.2904702596546054, 0.2904360409217045, 0.29040910696777666, 0.2904067182066701, 0.290403788631702, 0.2904030584614582, 0.2904029703217792, 0.29040293913735604, 0.29040292535704004, 0.2904029237340243, 0.2904029234430281, 0.290402923382707, 0.29040292335770934, 0.2904029233551543, 0.2904029233542561, 0.29040292335417506, 0.2904029233541413, 0.29040292335412454, 0.29040292335410867, 0.2904029233541058, 0.2904029233541032]}, "6": {"maxiter": 500, "fatol": 1e-10, "xatol": 1e-05, "duration": 0.15831398963928223, "fun": "0.29040292335606344", "nit": "414", "nfev": "649", "status": "0", "success": "True", "message": "Optimization terminated successfully.", "x": "[1.11500287 5.60714942 3.73571485 0.65699891 1.74736863 6.05378817]", "final_simplex": "(array([[1.11500287, 5.60714942, 3.73571485, 0.65699891, 1.74736863,\n        6.05378817],\n       [1.11500517, 5.60715414, 3.73571513, 0.65699876, 1.74736986,\n        6.05378714],\n       [1.11500524, 5.6071487 , 3.73571603, 0.65699283, 1.74737474,\n        6.05378675],\n       [1.11500856, 5.60715529, 3.7357122 , 0.65699767, 1.74737304,\n        6.0537854 ],\n       [1.11500635, 5.60715071, 3.73571546, 0.65699215, 1.74736407,\n        6.05378878],\n       [1.11500781, 5.60714007, 3.73571881, 0.65699387, 1.74737769,\n        6.05378549],\n       [1.11500755, 5.60715181, 3.73571296, 0.65700089, 1.74735941,\n        6.05379753]]), array([0.29040292, 0.29040292, 0.29040292, 0.29040292, 0.29040292,\n       0.29040292, 0.29040292]))", "callback": [0.7311317483186672, 0.3897754373964767, 0.3873787164398662, 0.35182174289435586, 0.3027903806119139, 0.30052062098918786, 0.2991464604067643, 0.2990186860310917, 0.29863832508325394, 0.2983079342873284, 0.29813808780994844, 0.29787857498933923, 0.2971964756041098, 0.2956672510519732, 0.2953895633877853, 0.29525265302080006, 0.2951936094013182, 0.295163743213819, 0.2950790865816434, 0.2949329910382893, 0.29477538969868045, 0.2942075616950742, 0.2939294500524726, 0.2937814168588555, 0.2934864217567541, 0.2929982678526408, 0.2915736391856504, 0.2908349133885372, 0.2904702596546054, 0.2904360409217045, 0.29040910696777666, 0.2904067182066701, 0.290403788631702, 0.2904030584614582, 0.2904029703217792, 0.29040293913735604, 0.29040292535704004, 0.2904029237340243, 0.2904029234430281, 0.290402923382707, 0.29040292335770934]}, "7": {"maxiter": 500, "fatol": 1e-10, "xatol": 1e-10, "duration": 0.1858980655670166, "fun": "0.2904029233541019", "nit": "500", "nfev": "795", "status": "2", "success": "False", "message": "Maximum number of iterations has been exceeded.", "x": "[1.11500462 5.60714979 3.73571376 0.65699646 1.74737094 6.0537868 ]", "final_simplex": "(array([[1.11500462, 5.60714979, 3.73571376, 0.65699646, 1.74737094,\n        6.0537868 ],\n       [1.11500463, 5.60714978, 3.73571368, 0.65699645, 1.74737094,\n        6.05378683],\n       [1.1150046 , 5.60714972, 3.73571376, 0.65699652, 1.74737107,\n        6.05378672],\n       [1.11500466, 5.60714977, 3.73571374, 0.65699651, 1.74737098,\n        6.05378681],\n       [1.1150046 , 5.60714976, 3.73571373, 0.65699648, 1.74737104,\n        6.05378677],\n       [1.11500462, 5.60714982, 3.73571372, 0.65699656, 1.74737098,\n        6.05378679],\n       [1.11500461, 5.60714981, 3.73571373, 0.65699651, 1.74737087,\n        6.0537869 ]]), array([0.29040292, 0.29040292, 0.29040292, 0.29040292, 0.29040292,\n       0.29040292, 0.29040292]))", "callback": [0.7311317483186672, 0.3897754373964767, 0.3873787164398662, 0.35182174289435586, 0.3027903806119139, 0.30052062098918786, 0.2991464604067643, 0.2990186860310917, 0.29863832508325394, 0.2983079342873284, 0.29813808780994844, 0.29787857498933923, 0.2971964756041098, 0.2956672510519732, 0.2953895633877853, 0.29525265302080006, 0.2951936094013182, 0.295163743213819, 0.2950790865816434, 0.2949329910382893, 0.29477538969868045, 0.2942075616950742, 0.2939294500524726, 0.2937814168588555, 0.2934864217567541, 0.2929982678526408, 0.2915736391856504, 0.2908349133885372, 0.2904702596546054, 0.2904360409217045, 0.29040910696777666, 0.2904067182066701, 0.290403788631702, 0.2904030584614582, 0.2904029703217792, 0.29040293913735604, 0.29040292535704004, 0.2904029237340243, 0.2904029234430281, 0.290402923382707, 0.29040292335770934, 0.2904029233551543, 0.2904029233542561, 0.29040292335417506, 0.2904029233541413, 0.29040292335412454, 0.29040292335410867, 0.2904029233541058, 0.2904029233541032]}, "8": {"maxiter": 1000, "fatol": 1e-05, "xatol": 1e-05, "duration": 0.15062618255615234, "fun": "0.29040292335606344", "nit": "414", "nfev": "649", "status": "0", "success": "True", "message": "Optimization terminated successfully.", "x": "[1.11500287 5.60714942 3.73571485 0.65699891 1.74736863 6.05378817]", "final_simplex": "(array([[1.11500287, 5.60714942, 3.73571485, 0.65699891, 1.74736863,\n        6.05378817],\n       [1.11500517, 5.60715414, 3.73571513, 0.65699876, 1.74736986,\n        6.05378714],\n       [1.11500524, 5.6071487 , 3.73571603, 0.65699283, 1.74737474,\n        6.05378675],\n       [1.11500856, 5.60715529, 3.7357122 , 0.65699767, 1.74737304,\n        6.0537854 ],\n       [1.11500635, 5.60715071, 3.73571546, 0.65699215, 1.74736407,\n        6.05378878],\n       [1.11500781, 5.60714007, 3.73571881, 0.65699387, 1.74737769,\n        6.05378549],\n       [1.11500755, 5.60715181, 3.73571296, 0.65700089, 1.74735941,\n        6.05379753]]), array([0.29040292, 0.29040292, 0.29040292, 0.29040292, 0.29040292,\n       0.29040292, 0.29040292]))", "callback": [0.7311317483186672, 0.3897754373964767, 0.3873787164398662, 0.35182174289435586, 0.3027903806119139, 0.30052062098918786, 0.2991464604067643, 0.2990186860310917, 0.29863832508325394, 0.2983079342873284, 0.29813808780994844, 0.29787857498933923, 0.2971964756041098, 0.2956672510519732, 0.2953895633877853, 0.29525265302080006, 0.2951936094013182, 0.295163743213819, 0.2950790865816434, 0.2949329910382893, 0.29477538969868045, 0.2942075616950742, 0.2939294500524726, 0.2937814168588555, 0.2934864217567541, 0.2929982678526408, 0.2915736391856504, 0.2908349133885372, 0.2904702596546054, 0.2904360409217045, 0.29040910696777666, 0.2904067182066701, 0.290403788631702, 0.2904030584614582, 0.2904029703217792, 0.29040293913735604, 0.29040292535704004, 0.2904029237340243, 0.2904029234430281, 0.290402923382707, 0.29040292335770934]}, "9": {"maxiter": 1000, "fatol": 1e-05, "xatol": 1e-10, "duration": 0.2222750186920166, "fun": "0.290402923354101", "nit": "548", "nfev": "927", "status": "0", "success": "True", "message": "Optimization terminated successfully.", "x": "[1.11500458 5.60714979 3.7357137  0.65699648 1.74737098 6.05378672]", "final_simplex": "(array([[1.11500458, 5.60714979, 3.7357137 , 0.65699648, 1.74737098,\n        6.05378672],\n       [1.11500458, 5.60714979, 3.7357137 , 0.65699648, 1.74737098,\n        6.05378672],\n       [1.11500458, 5.60714979, 3.7357137 , 0.65699648, 1.74737098,\n        6.05378672],\n       [1.11500458, 5.60714979, 3.7357137 , 0.65699648, 1.74737098,\n        6.05378672],\n       [1.11500458, 5.60714979, 3.7357137 , 0.65699648, 1.74737098,\n        6.05378672],\n       [1.11500458, 5.60714979, 3.7357137 , 0.65699648, 1.74737098,\n        6.05378672],\n       [1.11500458, 5.60714979, 3.7357137 , 0.65699648, 1.74737098,\n        6.05378672]]), array([0.29040292, 0.29040292, 0.29040292, 0.29040292, 0.29040292,\n       0.29040292, 0.29040292]))", "callback": [0.7311317483186672, 0.3897754373964767, 0.3873787164398662, 0.35182174289435586, 0.3027903806119139, 0.30052062098918786, 0.2991464604067643, 0.2990186860310917, 0.29863832508325394, 0.2983079342873284, 0.29813808780994844, 0.29787857498933923, 0.2971964756041098, 0.2956672510519732, 0.2953895633877853, 0.29525265302080006, 0.2951936094013182, 0.295163743213819, 0.2950790865816434, 0.2949329910382893, 0.29477538969868045, 0.2942075616950742, 0.2939294500524726, 0.2937814168588555, 0.2934864217567541, 0.2929982678526408, 0.2915736391856504, 0.2908349133885372, 0.2904702596546054, 0.2904360409217045, 0.29040910696777666, 0.2904067182066701, 0.290403788631702, 0.2904030584614582, 0.2904029703217792, 0.29040293913735604, 0.29040292535704004, 0.2904029237340243, 0.2904029234430281, 0.290402923382707, 0.29040292335770934, 0.2904029233551543, 0.2904029233542561, 0.29040292335417506, 0.2904029233541413, 0.29040292335412454, 0.29040292335410867, 0.2904029233541058, 0.2904029233541032, 0.2904029233541019, 0.29040292335410134, 0.2904029233541011, 0.290402923354101, 0.290402923354101]}, "10": {"maxiter": 1000, "fatol": 1e-10, "xatol": 1e-05, "duration": 0.1645359992980957, "fun": "0.29040292335606344", "nit": "414", "nfev": "649", "status": "0", "success": "True", "message": "Optimization terminated successfully.", "x": "[1.11500287 5.60714942 3.73571485 0.65699891 1.74736863 6.05378817]", "final_simplex": "(array([[1.11500287, 5.60714942, 3.73571485, 0.65699891, 1.74736863,\n        6.05378817],\n       [1.11500517, 5.60715414, 3.73571513, 0.65699876, 1.74736986,\n        6.05378714],\n       [1.11500524, 5.6071487 , 3.73571603, 0.65699283, 1.74737474,\n        6.05378675],\n       [1.11500856, 5.60715529, 3.7357122 , 0.65699767, 1.74737304,\n        6.0537854 ],\n       [1.11500635, 5.60715071, 3.73571546, 0.65699215, 1.74736407,\n        6.05378878],\n       [1.11500781, 5.60714007, 3.73571881, 0.65699387, 1.74737769,\n        6.05378549],\n       [1.11500755, 5.60715181, 3.73571296, 0.65700089, 1.74735941,\n        6.05379753]]), array([0.29040292, 0.29040292, 0.29040292, 0.29040292, 0.29040292,\n       0.29040292, 0.29040292]))", "callback": [0.7311317483186672, 0.3897754373964767, 0.3873787164398662, 0.35182174289435586, 0.3027903806119139, 0.30052062098918786, 0.2991464604067643, 0.2990186860310917, 0.29863832508325394, 0.2983079342873284, 0.29813808780994844, 0.29787857498933923, 0.2971964756041098, 0.2956672510519732, 0.2953895633877853, 0.29525265302080006, 0.2951936094013182, 0.295163743213819, 0.2950790865816434, 0.2949329910382893, 0.29477538969868045, 0.2942075616950742, 0.2939294500524726, 0.2937814168588555, 0.2934864217567541, 0.2929982678526408, 0.2915736391856504, 0.2908349133885372, 0.2904702596546054, 0.2904360409217045, 0.29040910696777666, 0.2904067182066701, 0.290403788631702, 0.2904030584614582, 0.2904029703217792, 0.29040293913735604, 0.29040292535704004, 0.2904029237340243, 0.2904029234430281, 0.290402923382707, 0.29040292335770934]}, "11": {"maxiter": 1000, "fatol": 1e-10, "xatol": 1e-10, "duration": 0.22191882133483887, "fun": "0.290402923354101", "nit": "548", "nfev": "927", "status": "0", "success": "True", "message": "Optimization terminated successfully.", "x": "[1.11500458 5.60714979 3.7357137  0.65699648 1.74737098 6.05378672]", "final_simplex": "(array([[1.11500458, 5.60714979, 3.7357137 , 0.65699648, 1.74737098,\n        6.05378672],\n       [1.11500458, 5.60714979, 3.7357137 , 0.65699648, 1.74737098,\n        6.05378672],\n       [1.11500458, 5.60714979, 3.7357137 , 0.65699648, 1.74737098,\n        6.05378672],\n       [1.11500458, 5.60714979, 3.7357137 , 0.65699648, 1.74737098,\n        6.05378672],\n       [1.11500458, 5.60714979, 3.7357137 , 0.65699648, 1.74737098,\n        6.05378672],\n       [1.11500458, 5.60714979, 3.7357137 , 0.65699648, 1.74737098,\n        6.05378672],\n       [1.11500458, 5.60714979, 3.7357137 , 0.65699648, 1.74737098,\n        6.05378672]]), array([0.29040292, 0.29040292, 0.29040292, 0.29040292, 0.29040292,\n       0.29040292, 0.29040292]))", "callback": [0.7311317483186672, 0.3897754373964767, 0.3873787164398662, 0.35182174289435586, 0.3027903806119139, 0.30052062098918786, 0.2991464604067643, 0.2990186860310917, 0.29863832508325394, 0.2983079342873284, 0.29813808780994844, 0.29787857498933923, 0.2971964756041098, 0.2956672510519732, 0.2953895633877853, 0.29525265302080006, 0.2951936094013182, 0.295163743213819, 0.2950790865816434, 0.2949329910382893, 0.29477538969868045, 0.2942075616950742, 0.2939294500524726, 0.2937814168588555, 0.2934864217567541, 0.2929982678526408, 0.2915736391856504, 0.2908349133885372, 0.2904702596546054, 0.2904360409217045, 0.29040910696777666, 0.2904067182066701, 0.290403788631702, 0.2904030584614582, 0.2904029703217792, 0.29040293913735604, 0.29040292535704004, 0.2904029237340243, 0.2904029234430281, 0.290402923382707, 0.29040292335770934, 0.2904029233551543, 0.2904029233542561, 0.29040292335417506, 0.2904029233541413, 0.29040292335412454, 0.29040292335410867, 0.2904029233541058, 0.2904029233541032, 0.2904029233541019, 0.29040292335410134, 0.2904029233541011, 0.290402923354101, 0.290402923354101]}}, "bfgs": {"type": "gradient", "0": {"maxiter": 100, "gtol": 1e-05, "xrtol": 1e-05, "eps": 1e-05, "duration": 0.05300283432006836, "fun": "0.2904029234172193", "jac": "[-2.44808618e-06  9.35806987e-07 -4.75608442e-07 -2.30808705e-06\n  1.20528032e-06  1.48174806e-06]", "hess_inv": "[[ 3.65269859  0.10415632 -0.22152939 -1.02950317 -0.6881711   1.99213536]\n [ 0.10415632  6.03172533 -2.68594715  1.80679116 -3.83181183  1.89265097]\n [-0.22152939 -2.68594715  4.14594989 -0.41292081  1.95932397 -0.77635039]\n [-1.02950317  1.80679116 -0.41292081  4.91443648 -1.04978145  0.13500138]\n [-0.6881711  -3.83181183  1.95932397 -1.04978145 10.78297713 -7.96268688]\n [ 1.99213536  1.89265097 -0.77635039  0.13500138 -7.96268688  9.55104894]]", "nfev": "217", "njev": "31", "status": "0", "success": "True", "message": "Optimization terminated successfully.", "x": "[1.11499125 5.60714575 3.73570726 6.94016693 1.74737249 6.05378032]", "nit": "24", "callback": [0.3155390294864304, 0.29046918892950024]}, "1": {"maxiter": 100, "gtol": 1e-05, "xrtol": 1e-05, "eps": 1e-10, "duration": 0.050848960876464844, "fun": "0.29040292339196816", "jac": "[-4.44089173e-06  3.33066880e-06  2.22044587e-06 -1.11022293e-06\n  0.00000000e+00  0.00000000e+00]", "hess_inv": "[[ 3.70071694  0.06865337 -0.21203314 -1.05142116 -0.71406023  2.03745301]\n [ 0.06865337  6.05201129 -2.69575105  1.81287156 -3.83424909  1.87663896]\n [-0.21203314 -2.69575105  4.14551791 -0.4225853   1.93630694 -0.75306057]\n [-1.05142116  1.81287156 -0.4225853   4.90496794 -1.08981568  0.1574544 ]\n [-0.71406023 -3.83424909  1.93630694 -1.08981568 10.6358639  -7.85480091]\n [ 2.03745301  1.87663896 -0.75306057  0.1574544  -7.85480091  9.4846333 ]]", "nfev": "217", "njev": "31", "status": "0", "success": "True", "message": "Optimization terminated successfully.", "x": "[1.11499331 5.60715383 3.73571135 6.94017387 1.74736227 6.05379043]", "nit": "24", "callback": [0.3155338018409656, 0.2904693937944497]}, "2": {"maxiter": 100, "gtol": 1e-05, "xrtol": 1e-10, "eps": 1e-05, "duration": 0.05021786689758301, "fun": "0.2904029234172193", "jac": "[-2.44808618e-06  9.35806987e-07 -4.75608442e-07 -2.30808705e-06\n  1.20528032e-06  1.48174806e-06]", "hess_inv": "[[ 3.65269859  0.10415632 -0.22152939 -1.02950317 -0.6881711   1.99213536]\n [ 0.10415632  6.03172533 -2.68594715  1.80679116 -3.83181183  1.89265097]\n [-0.22152939 -2.68594715  4.14594989 -0.41292081  1.95932397 -0.77635039]\n [-1.02950317  1.80679116 -0.41292081  4.91443648 -1.04978145  0.13500138]\n [-0.6881711  -3.83181183  1.95932397 -1.04978145 10.78297713 -7.96268688]\n [ 1.99213536  1.89265097 -0.77635039  0.13500138 -7.96268688  9.55104894]]", "nfev": "217", "njev": "31", "status": "0", "success": "True", "message": "Optimization terminated successfully.", "x": "[1.11499125 5.60714575 3.73570726 6.94016693 1.74737249 6.05378032]", "nit": "24", "callback": [0.3155390294864304, 0.29046918892950024]}, "3": {"maxiter": 100, "gtol": 1e-05, "xrtol": 1e-10, "eps": 1e-10, "duration": 0.0529329776763916, "fun": "0.29040292339196816", "jac": "[-4.44089173e-06  3.33066880e-06  2.22044587e-06 -1.11022293e-06\n  0.00000000e+00  0.00000000e+00]", "hess_inv": "[[ 3.70071694  0.06865337 -0.21203314 -1.05142116 -0.71406023  2.03745301]\n [ 0.06865337  6.05201129 -2.69575105  1.81287156 -3.83424909  1.87663896]\n [-0.21203314 -2.69575105  4.14551791 -0.4225853   1.93630694 -0.75306057]\n [-1.05142116  1.81287156 -0.4225853   4.90496794 -1.08981568  0.1574544 ]\n [-0.71406023 -3.83424909  1.93630694 -1.08981568 10.6358639  -7.85480091]\n [ 2.03745301  1.87663896 -0.75306057  0.1574544  -7.85480091  9.4846333 ]]", "nfev": "217", "njev": "31", "status": "0", "success": "True", "message": "Optimization terminated successfully.", "x": "[1.11499331 5.60715383 3.73571135 6.94017387 1.74736227 6.05379043]", "nit": "24", "callback": [0.3155338018409656, 0.2904693937944497]}, "4": {"maxiter": 100, "gtol": 1e-10, "xrtol": 1e-05, "eps": 1e-05, "duration": 0.05209708213806152, "fun": "0.2904029233810137", "jac": "[-3.77520237e-07 -8.25117752e-08 -7.85260745e-08  1.04438680e-07\n  1.26676447e-08  2.56683563e-08]", "hess_inv": "[[ 3.68208655  0.14251592 -0.23678133 -0.91570538 -0.58352259  1.8567075 ]\n [ 0.14251592  5.99558    -2.65067612  1.83857864 -3.91551529  1.96594486]\n [-0.23678133 -2.65067612  4.11855001 -0.39725807  2.04600759 -0.86611075]\n [-0.91570538  1.83857864 -0.39725807  5.19698992 -0.94287925 -0.05077781]\n [-0.58352259 -3.91551529  2.04600759 -0.94287925 10.59271019 -7.80596396]\n [ 1.8567075   1.96594486 -0.86611075 -0.05077781 -7.80596396  9.4498298 ]]", "nfev": "224", "njev": "32", "status": "0", "success": "True", "message": "Optimization terminated successfully.", "x": "[1.11499586 5.60714527 3.73570902 6.94017599 1.74737232 6.0537779 ]", "nit": "25", "callback": [0.3155390294864304, 0.29046918892950024]}, "5": {"maxiter": 100, "gtol": 1e-10, "xrtol": 1e-05, "eps": 1e-10, "duration": 0.0504000186920166, "fun": "0.2904029233752897", "jac": "[ 2.22044587e-06  0.00000000e+00 -2.22044587e-06  0.00000000e+00\n  1.11022293e-06  1.11022293e-06]", "hess_inv": "[[ 3.70713186  0.29647485 -0.35590108 -0.65159654 -0.30097773  1.46103819]\n [ 0.29647485  5.72367621 -2.62491591  1.48324491 -4.04676567  2.32808504]\n [-0.35590108 -2.62491591  4.18477576 -0.44999749  1.8292051  -0.69891819]\n [-0.65159654  1.48324491 -0.44999749  4.75203135 -1.02686435  0.3369245 ]\n [-0.30097773 -4.04676567  1.8292051  -1.02686435 10.92724144 -7.98756832]\n [ 1.46103819  2.32808504 -0.69891819  0.3369245  -7.98756832  9.28495812]]", "nfev": "224", "njev": "32", "status": "0", "success": "True", "message": "Optimization terminated successfully.", "x": "[1.11500885 5.60714356 3.73570872 6.94017231 1.74736921 6.05379109]", "nit": "25", "callback": [0.3155338018409656, 0.2904693937944497]}, "6": {"maxiter": 100, "gtol": 1e-10, "xrtol": 1e-10, "eps": 1e-05, "duration": 0.11089587211608887, "fun": "0.2904029233778317", "jac": "[ 7.03437308e-08  3.38062911e-08 -2.20490293e-08 -3.19633209e-08\n  2.46025422e-08 -1.00253139e-08]", "hess_inv": "[[ 3.54186142 -0.04107206  0.08038739 -0.38100063 -0.92643376  2.02532859]\n [-0.04107206  5.96197838 -2.62911469  1.96743044 -3.92172937  1.90751519]\n [ 0.08038739 -2.62911469  4.1507332  -0.51712071  1.97916583 -0.7171607 ]\n [-0.38100063  1.96743044 -0.51712071  4.6540631  -0.88206677  0.13121861]\n [-0.92643376 -3.92172937  1.97916583 -0.88206677 10.69538046 -7.97599854]\n [ 2.02532859  1.90751519 -0.7171607   0.13121861 -7.97599854  9.58897181]]", "nfev": "488", "njev": "68", "status": "2", "success": "False", "message": "Desired error not necessarily achieved due to precision loss.", "x": "[1.11499742 5.60714542 3.73570911 6.94017537 1.74737209 6.05377853]", "nit": "26", "callback": [0.3155390294864304, 0.29046918892950024]}, "7": {"maxiter": 100, "gtol": 1e-10, "xrtol": 1e-10, "eps": 1e-10, "duration": 0.0907890796661377, "fun": "0.29040292336496476", "jac": "[0.00000000e+00 1.11022293e-06 1.11022293e-06 0.00000000e+00\n 0.00000000e+00 1.11022293e-06]", "hess_inv": "[[ 0.27507369  0.74626519 -0.71629947 -0.0784659  -0.05239161 -0.32389975]\n [ 0.74626519  6.20543138 -4.11999363 -0.37107614 -0.89895104 -2.09694377]\n [-0.71629947 -4.11999363  3.16990828  0.33268072  0.28220263  1.44197978]\n [-0.0784659  -0.37107614  0.33268072  0.14468108 -0.06583855  0.037652  ]\n [-0.05239161 -0.89895104  0.28220263 -0.06583855  0.58705289  0.34172374]\n [-0.32389975 -2.09694377  1.44197978  0.037652    0.34172374  0.87495179]]", "nfev": "399", "njev": "57", "status": "0", "success": "True", "message": "Optimization terminated successfully.", "x": "[1.11500128 5.60714687 3.73571238 6.94017359 1.74737088 6.05378461]", "nit": "35", "callback": [0.3155338018409656, 0.2904693937944497, 0.29040292336858287]}, "8": {"maxiter": 500, "gtol": 1e-05, "xrtol": 1e-05, "eps": 1e-05, "duration": 0.047991037368774414, "fun": "0.2904029234172193", "jac": "[-2.44808618e-06  9.35806987e-07 -4.75608442e-07 -2.30808705e-06\n  1.20528032e-06  1.48174806e-06]", "hess_inv": "[[ 3.65269859  0.10415632 -0.22152939 -1.02950317 -0.6881711   1.99213536]\n [ 0.10415632  6.03172533 -2.68594715  1.80679116 -3.83181183  1.89265097]\n [-0.22152939 -2.68594715  4.14594989 -0.41292081  1.95932397 -0.77635039]\n [-1.02950317  1.80679116 -0.41292081  4.91443648 -1.04978145  0.13500138]\n [-0.6881711  -3.83181183  1.95932397 -1.04978145 10.78297713 -7.96268688]\n [ 1.99213536  1.89265097 -0.77635039  0.13500138 -7.96268688  9.55104894]]", "nfev": "217", "njev": "31", "status": "0", "success": "True", "message": "Optimization terminated successfully.", "x": "[1.11499125 5.60714575 3.73570726 6.94016693 1.74737249 6.05378032]", "nit": "24", "callback": [0.3155390294864304, 0.29046918892950024]}, "9": {"maxiter": 500, "gtol": 1e-05, "xrtol": 1e-05, "eps": 1e-10, "duration": 0.04917502403259277, "fun": "0.29040292339196816", "jac": "[-4.44089173e-06  3.33066880e-06  2.22044587e-06 -1.11022293e-06\n  0.00000000e+00  0.00000000e+00]", "hess_inv": "[[ 3.70071694  0.06865337 -0.21203314 -1.05142116 -0.71406023  2.03745301]\n [ 0.06865337  6.05201129 -2.69575105  1.81287156 -3.83424909  1.87663896]\n [-0.21203314 -2.69575105  4.14551791 -0.4225853   1.93630694 -0.75306057]\n [-1.05142116  1.81287156 -0.4225853   4.90496794 -1.08981568  0.1574544 ]\n [-0.71406023 -3.83424909  1.93630694 -1.08981568 10.6358639  -7.85480091]\n [ 2.03745301  1.87663896 -0.75306057  0.1574544  -7.85480091  9.4846333 ]]", "nfev": "217", "njev": "31", "status": "0", "success": "True", "message": "Optimization terminated successfully.", "x": "[1.11499331 5.60715383 3.73571135 6.94017387 1.74736227 6.05379043]", "nit": "24", "callback": [0.3155338018409656, 0.2904693937944497]}, "10": {"maxiter": 500, "gtol": 1e-05, "xrtol": 1e-10, "eps": 1e-05, "duration": 0.04925894737243652, "fun": "0.2904029234172193", "jac": "[-2.44808618e-06  9.35806987e-07 -4.75608442e-07 -2.30808705e-06\n  1.20528032e-06  1.48174806e-06]", "hess_inv": "[[ 3.65269859  0.10415632 -0.22152939 -1.02950317 -0.6881711   1.99213536]\n [ 0.10415632  6.03172533 -2.68594715  1.80679116 -3.83181183  1.89265097]\n [-0.22152939 -2.68594715  4.14594989 -0.41292081  1.95932397 -0.77635039]\n [-1.02950317  1.80679116 -0.41292081  4.91443648 -1.04978145  0.13500138]\n [-0.6881711  -3.83181183  1.95932397 -1.04978145 10.78297713 -7.96268688]\n [ 1.99213536  1.89265097 -0.77635039  0.13500138 -7.96268688  9.55104894]]", "nfev": "217", "njev": "31", "status": "0", "success": "True", "message": "Optimization terminated successfully.", "x": "[1.11499125 5.60714575 3.73570726 6.94016693 1.74737249 6.05378032]", "nit": "24", "callback": [0.3155390294864304, 0.29046918892950024]}, "11": {"maxiter": 500, "gtol": 1e-05, "xrtol": 1e-10, "eps": 1e-10, "duration": 0.04957389831542969, "fun": "0.29040292339196816", "jac": "[-4.44089173e-06  3.33066880e-06  2.22044587e-06 -1.11022293e-06\n  0.00000000e+00  0.00000000e+00]", "hess_inv": "[[ 3.70071694  0.06865337 -0.21203314 -1.05142116 -0.71406023  2.03745301]\n [ 0.06865337  6.05201129 -2.69575105  1.81287156 -3.83424909  1.87663896]\n [-0.21203314 -2.69575105  4.14551791 -0.4225853   1.93630694 -0.75306057]\n [-1.05142116  1.81287156 -0.4225853   4.90496794 -1.08981568  0.1574544 ]\n [-0.71406023 -3.83424909  1.93630694 -1.08981568 10.6358639  -7.85480091]\n [ 2.03745301  1.87663896 -0.75306057  0.1574544  -7.85480091  9.4846333 ]]", "nfev": "217", "njev": "31", "status": "0", "success": "True", "message": "Optimization terminated successfully.", "x": "[1.11499331 5.60715383 3.73571135 6.94017387 1.74736227 6.05379043]", "nit": "24", "callback": [0.3155338018409656, 0.2904693937944497]}, "12": {"maxiter": 500, "gtol": 1e-10, "xrtol": 1e-05, "eps": 1e-05, "duration": 0.0523679256439209, "fun": "0.2904029233810137", "jac": "[-3.77520237e-07 -8.25117752e-08 -7.85260745e-08  1.04438680e-07\n  1.26676447e-08  2.56683563e-08]", "hess_inv": "[[ 3.68208655  0.14251592 -0.23678133 -0.91570538 -0.58352259  1.8567075 ]\n [ 0.14251592  5.99558    -2.65067612  1.83857864 -3.91551529  1.96594486]\n [-0.23678133 -2.65067612  4.11855001 -0.39725807  2.04600759 -0.86611075]\n [-0.91570538  1.83857864 -0.39725807  5.19698992 -0.94287925 -0.05077781]\n [-0.58352259 -3.91551529  2.04600759 -0.94287925 10.59271019 -7.80596396]\n [ 1.8567075   1.96594486 -0.86611075 -0.05077781 -7.80596396  9.4498298 ]]", "nfev": "224", "njev": "32", "status": "0", "success": "True", "message": "Optimization terminated successfully.", "x": "[1.11499586 5.60714527 3.73570902 6.94017599 1.74737232 6.0537779 ]", "nit": "25", "callback": [0.3155390294864304, 0.29046918892950024]}, "13": {"maxiter": 500, "gtol": 1e-10, "xrtol": 1e-05, "eps": 1e-10, "duration": 0.051177024841308594, "fun": "0.2904029233752897", "jac": "[ 2.22044587e-06  0.00000000e+00 -2.22044587e-06  0.00000000e+00\n  1.11022293e-06  1.11022293e-06]", "hess_inv": "[[ 3.70713186  0.29647485 -0.35590108 -0.65159654 -0.30097773  1.46103819]\n [ 0.29647485  5.72367621 -2.62491591  1.48324491 -4.04676567  2.32808504]\n [-0.35590108 -2.62491591  4.18477576 -0.44999749  1.8292051  -0.69891819]\n [-0.65159654  1.48324491 -0.44999749  4.75203135 -1.02686435  0.3369245 ]\n [-0.30097773 -4.04676567  1.8292051  -1.02686435 10.92724144 -7.98756832]\n [ 1.46103819  2.32808504 -0.69891819  0.3369245  -7.98756832  9.28495812]]", "nfev": "224", "njev": "32", "status": "0", "success": "True", "message": "Optimization terminated successfully.", "x": "[1.11500885 5.60714356 3.73570872 6.94017231 1.74736921 6.05379109]", "nit": "25", "callback": [0.3155338018409656, 0.2904693937944497]}, "14": {"maxiter": 500, "gtol": 1e-10, "xrtol": 1e-10, "eps": 1e-05, "duration": 0.11129903793334961, "fun": "0.2904029233778317", "jac": "[ 7.03437308e-08  3.38062911e-08 -2.20490293e-08 -3.19633209e-08\n  2.46025422e-08 -1.00253139e-08]", "hess_inv": "[[ 3.54186142 -0.04107206  0.08038739 -0.38100063 -0.92643376  2.02532859]\n [-0.04107206  5.96197838 -2.62911469  1.96743044 -3.92172937  1.90751519]\n [ 0.08038739 -2.62911469  4.1507332  -0.51712071  1.97916583 -0.7171607 ]\n [-0.38100063  1.96743044 -0.51712071  4.6540631  -0.88206677  0.13121861]\n [-0.92643376 -3.92172937  1.97916583 -0.88206677 10.69538046 -7.97599854]\n [ 2.02532859  1.90751519 -0.7171607   0.13121861 -7.97599854  9.58897181]]", "nfev": "488", "njev": "68", "status": "2", "success": "False", "message": "Desired error not necessarily achieved due to precision loss.", "x": "[1.11499742 5.60714542 3.73570911 6.94017537 1.74737209 6.05377853]", "nit": "26", "callback": [0.3155390294864304, 0.29046918892950024]}, "15": {"maxiter": 500, "gtol": 1e-10, "xrtol": 1e-10, "eps": 1e-10, "duration": 0.0919339656829834, "fun": "0.29040292336496476", "jac": "[0.00000000e+00 1.11022293e-06 1.11022293e-06 0.00000000e+00\n 0.00000000e+00 1.11022293e-06]", "hess_inv": "[[ 0.27507369  0.74626519 -0.71629947 -0.0784659  -0.05239161 -0.32389975]\n [ 0.74626519  6.20543138 -4.11999363 -0.37107614 -0.89895104 -2.09694377]\n [-0.71629947 -4.11999363  3.16990828  0.33268072  0.28220263  1.44197978]\n [-0.0784659  -0.37107614  0.33268072  0.14468108 -0.06583855  0.037652  ]\n [-0.05239161 -0.89895104  0.28220263 -0.06583855  0.58705289  0.34172374]\n [-0.32389975 -2.09694377  1.44197978  0.037652    0.34172374  0.87495179]]", "nfev": "399", "njev": "57", "status": "0", "success": "True", "message": "Optimization terminated successfully.", "x": "[1.11500128 5.60714687 3.73571238 6.94017359 1.74737088 6.05378461]", "nit": "35", "callback": [0.3155338018409656, 0.2904693937944497, 0.29040292336858287]}, "16": {"maxiter": 1000, "gtol": 1e-05, "xrtol": 1e-05, "eps": 1e-05, "duration": 0.05083489418029785, "fun": "0.2904029234172193", "jac": "[-2.44808618e-06  9.35806987e-07 -4.75608442e-07 -2.30808705e-06\n  1.20528032e-06  1.48174806e-06]", "hess_inv": "[[ 3.65269859  0.10415632 -0.22152939 -1.02950317 -0.6881711   1.99213536]\n [ 0.10415632  6.03172533 -2.68594715  1.80679116 -3.83181183  1.89265097]\n [-0.22152939 -2.68594715  4.14594989 -0.41292081  1.95932397 -0.77635039]\n [-1.02950317  1.80679116 -0.41292081  4.91443648 -1.04978145  0.13500138]\n [-0.6881711  -3.83181183  1.95932397 -1.04978145 10.78297713 -7.96268688]\n [ 1.99213536  1.89265097 -0.77635039  0.13500138 -7.96268688  9.55104894]]", "nfev": "217", "njev": "31", "status": "0", "success": "True", "message": "Optimization terminated successfully.", "x": "[1.11499125 5.60714575 3.73570726 6.94016693 1.74737249 6.05378032]", "nit": "24", "callback": [0.3155390294864304, 0.29046918892950024]}, "17": {"maxiter": 1000, "gtol": 1e-05, "xrtol": 1e-05, "eps": 1e-10, "duration": 0.050283193588256836, "fun": "0.29040292339196816", "jac": "[-4.44089173e-06  3.33066880e-06  2.22044587e-06 -1.11022293e-06\n  0.00000000e+00  0.00000000e+00]", "hess_inv": "[[ 3.70071694  0.06865337 -0.21203314 -1.0514