{"date": "2024/09/23/, 21:29:58", "conf_id": 92, "data_type": "orthogonal\n", "num_data_points": 1, "s_rank": 0, "unitary": "[[0.18663085-0.53122324j,-0.11886349-0.70040876j,0.28555095-0.02789305j,-0.12262021-0.2844587j],[-0.16702216+0.27758472j,0.27526351-0.29738586j,-0.01109314+0.22495461j,-0.77239203+0.28900673j],[0.61935415+0.12301792j,-0.31269928-0.03315917j,-0.61902762-0.19039079j,-0.27120731-0.0968989j],[0.42341754+0.0023929j,-0.05847358+0.47832119j,0.64900495-0.16218422j,-0.37182676-0.05229966j]]", "databatch_0": {"databatch": "[[[0.01131176-0.16271047j,-0.04170618-0.16787771j,-0.14087339-0.3381045j,0.07836561+0.42962778j],[-0.14110925+0.1358485j,-0.10072412+0.34447276j,-0.07775194+0.20724558j,0.03295613-0.47454007j],[0.05587153+0.0040756j,0.00977108-0.00136127j,0.08787509-0.01207888j,-0.14839323+0.03645642j],[-0.11240593+0.08227588j,0.03937824+0.18777926j,-0.12227721+0.05117305j,0.06862337-0.25139833j]]]", "initial param values": "[4.89342941,5.25515446,5.30270349,0.62501975,0.5622509,5.30467554]", "nelder_mead": {"type": "gradient-free", "0": {"maxiter": 100, "fatol": 1e-05, "xatol": 1e-05, "duration": 0.03698372840881348, "fun": "0.21436429399509094", "nit": "100", "nfev": "167", "status": "2", "success": "False", "message": "Maximum number of iterations has been exceeded.", "x": "[4.0882101  4.32407776 7.2014111  0.47265958 0.57615422 7.23843965]", "final_simplex": "(array([[4.0882101 , 4.32407776, 7.2014111 , 0.47265958, 0.57615422,\n        7.23843965],\n       [4.07954045, 4.29851419, 7.17767513, 0.47903821, 0.5753124 ,\n        7.2451017 ],\n       [4.08312569, 4.31601366, 7.17068509, 0.47884142, 0.57520369,\n        7.25515735],\n       [4.10801539, 4.30634576, 7.18797001, 0.47745409, 0.57583743,\n        7.22888804],\n       [4.08142521, 4.29694656, 7.17552887, 0.47822665, 0.5770948 ,\n        7.22128136],\n       [4.05204022, 4.29708226, 7.11436464, 0.48623197, 0.57472282,\n        7.25605223],\n       [4.13483191, 4.29870557, 7.21053624, 0.46750284, 0.57767341,\n        7.2426966 ]]), array([0.21436429, 0.21441555, 0.21443782, 0.21444786, 0.21446995,\n       0.21451257, 0.21454068]))", "callback": [0.6438073390827543, 0.41785959460999766, 0.3102686988835188, 0.2478869450525203, 0.22782248108580783, 0.22734358881737093, 0.22172340096522514, 0.21539114868056164, 0.2145486010632881]}, "1": {"maxiter": 100, "fatol": 1e-05, "xatol": 1e-10, "duration": 0.03858304023742676, "fun": "0.21436429399509094", "nit": "100", "nfev": "167", "status": "2", "success": "False", "message": "Maximum number of iterations has been exceeded.", "x": "[4.0882101  4.32407776 7.2014111  0.47265958 0.57615422 7.23843965]", "final_simplex": "(array([[4.0882101 , 4.32407776, 7.2014111 , 0.47265958, 0.57615422,\n        7.23843965],\n       [4.07954045, 4.29851419, 7.17767513, 0.47903821, 0.5753124 ,\n        7.2451017 ],\n       [4.08312569, 4.31601366, 7.17068509, 0.47884142, 0.57520369,\n        7.25515735],\n       [4.10801539, 4.30634576, 7.18797001, 0.47745409, 0.57583743,\n        7.22888804],\n       [4.08142521, 4.29694656, 7.17552887, 0.47822665, 0.5770948 ,\n        7.22128136],\n       [4.05204022, 4.29708226, 7.11436464, 0.48623197, 0.57472282,\n        7.25605223],\n       [4.13483191, 4.29870557, 7.21053624, 0.46750284, 0.57767341,\n        7.2426966 ]]), array([0.21436429, 0.21441555, 0.21443782, 0.21444786, 0.21446995,\n       0.21451257, 0.21454068]))", "callback": [0.6438073390827543, 0.41785959460999766, 0.3102686988835188, 0.2478869450525203, 0.22782248108580783, 0.22734358881737093, 0.22172340096522514, 0.21539114868056164, 0.2145486010632881]}, "2": {"maxiter": 100, "fatol": 1e-10, "xatol": 1e-05, "duration": 0.037535905838012695, "fun": "0.21436429399509094", "nit": "100", "nfev": "167", "status": "2", "success": "False", "message": "Maximum number of iterations has been exceeded.", "x": "[4.0882101  4.32407776 7.2014111  0.47265958 0.57615422 7.23843965]", "final_simplex": "(array([[4.0882101 , 4.32407776, 7.2014111 , 0.47265958, 0.57615422,\n        7.23843965],\n       [4.07954045, 4.29851419, 7.17767513, 0.47903821, 0.5753124 ,\n        7.2451017 ],\n       [4.08312569, 4.31601366, 7.17068509, 0.47884142, 0.57520369,\n        7.25515735],\n       [4.10801539, 4.30634576, 7.18797001, 0.47745409, 0.57583743,\n        7.22888804],\n       [4.08142521, 4.29694656, 7.17552887, 0.47822665, 0.5770948 ,\n        7.22128136],\n       [4.05204022, 4.29708226, 7.11436464, 0.48623197, 0.57472282,\n        7.25605223],\n       [4.13483191, 4.29870557, 7.21053624, 0.46750284, 0.57767341,\n        7.2426966 ]]), array([0.21436429, 0.21441555, 0.21443782, 0.21444786, 0.21446995,\n       0.21451257, 0.21454068]))", "callback": [0.6438073390827543, 0.41785959460999766, 0.3102686988835188, 0.2478869450525203, 0.22782248108580783, 0.22734358881737093, 0.22172340096522514, 0.21539114868056164, 0.2145486010632881]}, "3": {"maxiter": 100, "fatol": 1e-10, "xatol": 1e-10, "duration": 0.03817892074584961, "fun": "0.21436429399509094", "nit": "100", "nfev": "167", "status": "2", "success": "False", "message": "Maximum number of iterations has been exceeded.", "x": "[4.0882101  4.32407776 7.2014111  0.47265958 0.57615422 7.23843965]", "final_simplex": "(array([[4.0882101 , 4.32407776, 7.2014111 , 0.47265958, 0.57615422,\n        7.23843965],\n       [4.07954045, 4.29851419, 7.17767513, 0.47903821, 0.5753124 ,\n        7.2451017 ],\n       [4.08312569, 4.31601366, 7.17068509, 0.47884142, 0.57520369,\n        7.25515735],\n       [4.10801539, 4.30634576, 7.18797001, 0.47745409, 0.57583743,\n        7.22888804],\n       [4.08142521, 4.29694656, 7.17552887, 0.47822665, 0.5770948 ,\n        7.22128136],\n       [4.05204022, 4.29708226, 7.11436464, 0.48623197, 0.57472282,\n        7.25605223],\n       [4.13483191, 4.29870557, 7.21053624, 0.46750284, 0.57767341,\n        7.2426966 ]]), array([0.21436429, 0.21441555, 0.21443782, 0.21444786, 0.21446995,\n       0.21451257, 0.21454068]))", "callback": [0.6438073390827543, 0.41785959460999766, 0.3102686988835188, 0.2478869450525203, 0.22782248108580783, 0.22734358881737093, 0.22172340096522514, 0.21539114868056164, 0.2145486010632881]}, "4": {"maxiter": 500, "fatol": 1e-05, "xatol": 1e-05, "duration": 0.1720430850982666, "fun": "0.10560872040602831", "nit": "500", "nfev": "776", "status": "2", "success": "False", "message": "Maximum number of iterations has been exceeded.", "x": "[ 4.24693186  4.1154154   6.95843672 -1.64379362  3.17094966  5.01858734]", "final_simplex": "(array([[ 4.24693186,  4.1154154 ,  6.95843672, -1.64379362,  3.17094966,\n         5.01858734],\n       [ 4.24043112,  4.10164898,  6.8965317 , -1.74366428,  3.22952362,\n         4.95989058],\n       [ 4.28030771,  4.06112814,  6.81271075, -1.63351367,  3.22102333,\n         4.97121241],\n       [ 4.29615484,  4.17354705,  6.9988173 , -1.56729273,  3.10080115,\n         4.98512083],\n       [ 4.15395107,  4.12297912,  6.89760448, -1.53064599,  3.20017545,\n         4.94931248],\n       [ 4.15319066,  4.08759528,  6.81405809, -1.51564874,  3.06548835,\n         4.99400374],\n       [ 4.17617896,  4.03438823,  6.78440126, -1.48409503,  3.11350766,\n         4.95105295]]), array([0.10560872, 0.10604249, 0.10640406, 0.10724589, 0.10759323,\n       0.10801211, 0.10822316]))", "callback": [0.6438073390827543, 0.41785959460999766, 0.3102686988835188, 0.2478869450525203, 0.22782248108580783, 0.22734358881737093, 0.22172340096522514, 0.21539114868056164, 0.2145486010632881, 0.21436429399509094, 0.21410738289758457, 0.21340289959215086, 0.20741364270590368, 0.17951651090107656, 0.16886000339069307, 0.15952271732153167, 0.15665732097971596, 0.1541199857725738, 0.1531849084977439, 0.1528725783084618, 0.15252734444259175, 0.15229544759500635, 0.15214999955133235, 0.15209990772566062, 0.15209844467219646, 0.15209260562028004, 0.1520822367698348, 0.15205214808366974, 0.15197300145799852, 0.15190678019179749, 0.15169468685746468, 0.15098669651815544, 0.1487104354266474, 0.14634898925667483, 0.14451893915219216, 0.14048484283751683, 0.13658175966688801, 0.13601724883380184, 0.1345079945249661, 0.1336151126849887, 0.13231079623929554, 0.1314637517424183, 0.13032302994235956, 0.12792953896948744, 0.12655206282170295, 0.12378762106876906, 0.119869864022497, 0.1170394880610286, 0.11083982217693777]}, "5": {"maxiter": 500, "fatol": 1e-05, "xatol": 1e-10, "duration": 0.1737668514251709, "fun": "0.10560872040602831", "nit": "500", "nfev": "776", "status": "2", "success": "False", "message": "Maximum number of iterations has been exceeded.", "x": "[ 4.24693186  4.1154154   6.95843672 -1.64379362  3.17094966  5.01858734]", "final_simplex": "(array([[ 4.24693186,  4.1154154 ,  6.95843672, -1.64379362,  3.17094966,\n         5.01858734],\n       [ 4.24043112,  4.10164898,  6.8965317 , -1.74366428,  3.22952362,\n         4.95989058],\n       [ 4.28030771,  4.06112814,  6.81271075, -1.63351367,  3.22102333,\n         4.97121241],\n       [ 4.29615484,  4.17354705,  6.9988173 , -1.56729273,  3.10080115,\n         4.98512083],\n       [ 4.15395107,  4.12297912,  6.89760448, -1.53064599,  3.20017545,\n         4.94931248],\n       [ 4.15319066,  4.08759528,  6.81405809, -1.51564874,  3.06548835,\n         4.99400374],\n       [ 4.17617896,  4.03438823,  6.78440126, -1.48409503,  3.11350766,\n         4.95105295]]), array([0.10560872, 0.10604249, 0.10640406, 0.10724589, 0.10759323,\n       0.10801211, 0.10822316]))", "callback": [0.6438073390827543, 0.41785959460999766, 0.3102686988835188, 0.2478869450525203, 0.22782248108580783, 0.22734358881737093, 0.22172340096522514, 0.21539114868056164, 0.2145486010632881, 0.21436429399509094, 0.21410738289758457, 0.21340289959215086, 0.20741364270590368, 0.17951651090107656, 0.16886000339069307, 0.15952271732153167, 0.15665732097971596, 0.1541199857725738, 0.1531849084977439, 0.1528725783084618, 0.15252734444259175, 0.15229544759500635, 0.15214999955133235, 0.15209990772566062, 0.15209844467219646, 0.15209260562028004, 0.1520822367698348, 0.15205214808366974, 0.15197300145799852, 0.15190678019179749, 0.15169468685746468, 0.15098669651815544, 0.1487104354266474, 0.14634898925667483, 0.14451893915219216, 0.14048484283751683, 0.13658175966688801, 0.13601724883380184, 0.1345079945249661, 0.1336151126849887, 0.13231079623929554, 0.1314637517424183, 0.13032302994235956, 0.12792953896948744, 0.12655206282170295, 0.12378762106876906, 0.119869864022497, 0.1170394880610286, 0.11083982217693777]}, "6": {"maxiter": 500, "fatol": 1e-10, "xatol": 1e-05, "duration": 0.17648887634277344, "fun": "0.10560872040602831", "nit": "500", "nfev": "776", "status": "2", "success": "False", "message": "Maximum number of iterations has been exceeded.", "x": "[ 4.24693186  4.1154154   6.95843672 -1.64379362  3.17094966  5.01858734]", "final_simplex": "(array([[ 4.24693186,  4.1154154 ,  6.95843672, -1.64379362,  3.17094966,\n         5.01858734],\n       [ 4.24043112,  4.10164898,  6.8965317 , -1.74366428,  3.22952362,\n         4.95989058],\n       [ 4.28030771,  4.06112814,  6.81271075, -1.63351367,  3.22102333,\n         4.97121241],\n       [ 4.29615484,  4.17354705,  6.9988173 , -1.56729273,  3.10080115,\n         4.98512083],\n       [ 4.15395107,  4.12297912,  6.89760448, -1.53064599,  3.20017545,\n         4.94931248],\n       [ 4.15319066,  4.08759528,  6.81405809, -1.51564874,  3.06548835,\n         4.99400374],\n       [ 4.17617896,  4.03438823,  6.78440126, -1.48409503,  3.11350766,\n         4.95105295]]), array([0.10560872, 0.10604249, 0.10640406, 0.10724589, 0.10759323,\n       0.10801211, 0.10822316]))", "callback": [0.6438073390827543, 0.41785959460999766, 0.3102686988835188, 0.2478869450525203, 0.22782248108580783, 0.22734358881737093, 0.22172340096522514, 0.21539114868056164, 0.2145486010632881, 0.21436429399509094, 0.21410738289758457, 0.21340289959215086, 0.20741364270590368, 0.17951651090107656, 0.16886000339069307, 0.15952271732153167, 0.15665732097971596, 0.1541199857725738, 0.1531849084977439, 0.1528725783084618, 0.15252734444259175, 0.15229544759500635, 0.15214999955133235, 0.15209990772566062, 0.15209844467219646, 0.15209260562028004, 0.1520822367698348, 0.15205214808366974, 0.15197300145799852, 0.15190678019179749, 0.15169468685746468, 0.15098669651815544, 0.1487104354266474, 0.14634898925667483, 0.14451893915219216, 0.14048484283751683, 0.13658175966688801, 0.13601724883380184, 0.1345079945249661, 0.1336151126849887, 0.13231079623929554, 0.1314637517424183, 0.13032302994235956, 0.12792953896948744, 0.12655206282170295, 0.12378762106876906, 0.119869864022497, 0.1170394880610286, 0.11083982217693777]}, "7": {"maxiter": 500, "fatol": 1e-10, "xatol": 1e-10, "duration": 0.17155814170837402, "fun": "0.10560872040602831", "nit": "500", "nfev": "776", "status": "2", "success": "False", "message": "Maximum number of iterations has been exceeded.", "x": "[ 4.24693186  4.1154154   6.95843672 -1.64379362  3.17094966  5.01858734]", "final_simplex": "(array([[ 4.24693186,  4.1154154 ,  6.95843672, -1.64379362,  3.17094966,\n         5.01858734],\n       [ 4.24043112,  4.10164898,  6.8965317 , -1.74366428,  3.22952362,\n         4.95989058],\n       [ 4.28030771,  4.06112814,  6.81271075, -1.63351367,  3.22102333,\n         4.97121241],\n       [ 4.29615484,  4.17354705,  6.9988173 , -1.56729273,  3.10080115,\n         4.98512083],\n       [ 4.15395107,  4.12297912,  6.89760448, -1.53064599,  3.20017545,\n         4.94931248],\n       [ 4.15319066,  4.08759528,  6.81405809, -1.51564874,  3.06548835,\n         4.99400374],\n       [ 4.17617896,  4.03438823,  6.78440126, -1.48409503,  3.11350766,\n         4.95105295]]), array([0.10560872, 0.10604249, 0.10640406, 0.10724589, 0.10759323,\n       0.10801211, 0.10822316]))", "callback": [0.6438073390827543, 0.41785959460999766, 0.3102686988835188, 0.2478869450525203, 0.22782248108580783, 0.22734358881737093, 0.22172340096522514, 0.21539114868056164, 0.2145486010632881, 0.21436429399509094, 0.21410738289758457, 0.21340289959215086, 0.20741364270590368, 0.17951651090107656, 0.16886000339069307, 0.15952271732153167, 0.15665732097971596, 0.1541199857725738, 0.1531849084977439, 0.1528725783084618, 0.15252734444259175, 0.15229544759500635, 0.15214999955133235, 0.15209990772566062, 0.15209844467219646, 0.15209260562028004, 0.1520822367698348, 0.15205214808366974, 0.15197300145799852, 0.15190678019179749, 0.15169468685746468, 0.15098669651815544, 0.1487104354266474, 0.14634898925667483, 0.14451893915219216, 0.14048484283751683, 0.13658175966688801, 0.13601724883380184, 0.1345079945249661, 0.1336151126849887, 0.13231079623929554, 0.1314637517424183, 0.13032302994235956, 0.12792953896948744, 0.12655206282170295, 0.12378762106876906, 0.119869864022497, 0.1170394880610286, 0.11083982217693777]}, "8": {"maxiter": 1000, "fatol": 1e-05, "xatol": 1e-05, "duration": 0.2646050453186035, "fun": "0.10134072091727642", "nit": "723", "nfev": "1125", "status": "0", "success": "True", "message": "Optimization terminated successfully.", "x": "[ 4.3911525   4.15714857  7.06137541 -1.9712363   3.50809013  5.18176391]", "final_simplex": "(array([[ 4.3911525 ,  4.15714857,  7.06137541, -1.9712363 ,  3.50809013,\n         5.18176391],\n       [ 4.39114809,  4.15715181,  7.06137453, -1.9712302 ,  3.50808515,\n         5.18175823],\n       [ 4.39115379,  4.15715276,  7.0613756 , -1.97123084,  3.50808449,\n         5.18176033],\n       [ 4.39115312,  4.15715095,  7.06137133, -1.97124142,  3.50809392,\n         5.18176466],\n       [ 4.39115426,  4.15715296,  7.06138348, -1.97124386,  3.50809791,\n         5.18176576],\n       [ 4.39115488,  4.15715075,  7.06137267, -1.97123907,  3.50809522,\n         5.1817705 ],\n       [ 4.39115693,  4.15715313,  7.06138105, -1.97124441,  3.5080926 ,\n         5.18176962]]), array([0.10134072, 0.10134072, 0.10134072, 0.10134072, 0.10134072,\n       0.10134072, 0.10134072]))", "callback": [0.6438073390827543, 0.41785959460999766, 0.3102686988835188, 0.2478869450525203, 0.22782248108580783, 0.22734358881737093, 0.22172340096522514, 0.21539114868056164, 0.2145486010632881, 0.21436429399509094, 0.21410738289758457, 0.21340289959215086, 0.20741364270590368, 0.17951651090107656, 0.16886000339069307, 0.15952271732153167, 0.15665732097971596, 0.1541199857725738, 0.1531849084977439, 0.1528725783084618, 0.15252734444259175, 0.15229544759500635, 0.15214999955133235, 0.15209990772566062, 0.15209844467219646, 0.15209260562028004, 0.1520822367698348, 0.15205214808366974, 0.15197300145799852, 0.15190678019179749, 0.15169468685746468, 0.15098669651815544, 0.1487104354266474, 0.14634898925667483, 0.14451893915219216, 0.14048484283751683, 0.13658175966688801, 0.13601724883380184, 0.1345079945249661, 0.1336151126849887, 0.13231079623929554, 0.1314637517424183, 0.13032302994235956, 0.12792953896948744, 0.12655206282170295, 0.12378762106876906, 0.119869864022497, 0.1170394880610286, 0.11083982217693777, 0.10516262581961155, 0.10325621935502671, 0.10241390336773226, 0.10183169459718866, 0.10160037793624499, 0.10148314255693958, 0.10141484308587922, 0.10138228260421811, 0.10137193938174449, 0.10135721500981876, 0.10134773768666727, 0.10134318049096969, 0.10134141045776068, 0.10134091261085398, 0.10134077266285357, 0.10134073368186747, 0.10134072607554978, 0.1013407230113097, 0.10134072172472708, 0.1013407211416888, 0.10134072097129643, 0.10134072092140811, 0.10134072091771662]}, "9": {"maxiter": 1000, "fatol": 1e-05, "xatol": 1e-10, "duration": 0.31917691230773926, "fun": "0.10134072091404156", "nit": "836", "nfev": "1375", "status": "0", "success": "True", "message": "Optimization terminated successfully.", "x": "[ 4.39114943  4.15715142  7.06137326 -1.97123683  3.50809167  5.18176522]", "final_simplex": "(array([[ 4.39114943,  4.15715142,  7.06137326, -1.97123683,  3.50809167,\n         5.18176522],\n       [ 4.39114943,  4.15715142,  7.06137326, -1.97123683,  3.50809167,\n         5.18176522],\n       [ 4.39114943,  4.15715142,  7.06137326, -1.97123683,  3.50809167,\n         5.18176522],\n       [ 4.39114943,  4.15715142,  7.06137326, -1.97123683,  3.50809167,\n         5.18176522],\n       [ 4.39114943,  4.15715142,  7.06137326, -1.97123683,  3.50809167,\n         5.18176522],\n       [ 4.39114943,  4.15715142,  7.06137326, -1.97123683,  3.50809167,\n         5.18176522],\n       [ 4.39114943,  4.15715142,  7.06137326, -1.97123683,  3.50809167,\n         5.18176522]]), array([0.10134072, 0.10134072, 0.10134072, 0.10134072, 0.10134072,\n       0.10134072, 0.10134072]))", "callback": [0.6438073390827543, 0.41785959460999766, 0.3102686988835188, 0.2478869450525203, 0.22782248108580783, 0.22734358881737093, 0.22172340096522514, 0.21539114868056164, 0.2145486010632881, 0.21436429399509094, 0.21410738289758457, 0.21340289959215086, 0.20741364270590368, 0.17951651090107656, 0.16886000339069307, 0.15952271732153167, 0.15665732097971596, 0.1541199857725738, 0.1531849084977439, 0.1528725783084618, 0.15252734444259175, 0.15229544759500635, 0.15214999955133235, 0.15209990772566062, 0.15209844467219646, 0.15209260562028004, 0.1520822367698348, 0.15205214808366974, 0.15197300145799852, 0.15190678019179749, 0.15169468685746468, 0.15098669651815544, 0.1487104354266474, 0.14634898925667483, 0.14451893915219216, 0.14048484283751683, 0.13658175966688801, 0.13601724883380184, 0.1345079945249661, 0.1336151126849887, 0.13231079623929554, 0.1314637517424183, 0.13032302994235956, 0.12792953896948744, 0.12655206282170295, 0.12378762106876906, 0.119869864022497, 0.1170394880610286, 0.11083982217693777, 0.10516262581961155, 0.10325621935502671, 0.10241390336773226, 0.10183169459718866, 0.10160037793624499, 0.10148314255693958, 0.10141484308587922, 0.10138228260421811, 0.10137193938174449, 0.10135721500981876, 0.10134773768666727, 0.10134318049096969, 0.10134141045776068, 0.10134091261085398, 0.10134077266285357, 0.10134073368186747, 0.10134072607554978, 0.1013407230113097, 0.10134072172472708, 0.1013407211416888, 0.10134072097129643, 0.10134072092140811, 0.10134072091771662, 0.10134072091527724, 0.10134072091431623, 0.1013407209142353, 0.10134072091412683, 0.10134072091406654, 0.10134072091404955, 0.10134072091404422, 0.10134072091404289, 0.10134072091404212, 0.10134072091404178, 0.10134072091404167]}, "10": {"maxiter": 1000, "fatol": 1e-10, "xatol": 1e-05, "duration": 0.2551867961883545, "fun": "0.10134072091727642", "nit": "723", "nfev": "1125", "status": "0", "success": "True", "message": "Optimization terminated successfully.", "x": "[ 4.3911525   4.15714857  7.06137541 -1.9712363   3.50809013  5.18176391]", "final_simplex": "(array([[ 4.3911525 ,  4.15714857,  7.06137541, -1.9712363 ,  3.50809013,\n         5.18176391],\n       [ 4.39114809,  4.15715181,  7.06137453, -1.9712302 ,  3.50808515,\n         5.18175823],\n       [ 4.39115379,  4.15715276,  7.0613756 , -1.97123084,  3.50808449,\n         5.18176033],\n       [ 4.39115312,  4.15715095,  7.06137133, -1.97124142,  3.50809392,\n         5.18176466],\n       [ 4.39115426,  4.15715296,  7.06138348, -1.97124386,  3.50809791,\n         5.18176576],\n       [ 4.39115488,  4.15715075,  7.06137267, -1.97123907,  3.50809522,\n         5.1817705 ],\n       [ 4.39115693,  4.15715313,  7.06138105, -1.97124441,  3.5080926 ,\n         5.18176962]]), array([0.10134072, 0.10134072, 0.10134072, 0.10134072, 0.10134072,\n       0.10134072, 0.10134072]))", "callback": [0.6438073390827543, 0.41785959460999766, 0.3102686988835188, 0.2478869450525203, 0.22782248108580783, 0.22734358881737093, 0.22172340096522514, 0.21539114868056164, 0.2145486010632881, 0.21436429399509094, 0.21410738289758457, 0.21340289959215086, 0.20741364270590368, 0.17951651090107656, 0.16886000339069307, 0.15952271732153167, 0.15665732097971596, 0.1541199857725738, 0.1531849084977439, 0.1528725783084618, 0.15252734444259175, 0.15229544759500635, 0.15214999955133235, 0.15209990772566062, 0.15209844467219646, 0.15209260562028004, 0.1520822367698348, 0.15205214808366974, 0.15197300145799852, 0.15190678019179749, 0.15169468685746468, 0.15098669651815544, 0.1487104354266474, 0.14634898925667483, 0.14451893915219216, 0.14048484283751683, 0.13658175966688801, 0.13601724883380184, 0.1345079945249661, 0.1336151126849887, 0.13231079623929554, 0.1314637517424183, 0.13032302994235956, 0.12792953896948744, 0.12655206282170295, 0.12378762106876906, 0.119869864022497, 0.1170394880610286, 0.11083982217693777, 0.10516262581961155, 0.10325621935502671, 0.10241390336773226, 0.10183169459718866, 0.10160037793624499, 0.10148314255693958, 0.10141484308587922, 0.10138228260421811, 0.10137193938174449, 0.10135721500981876, 0.10134773768666727, 0.10134318049096969, 0.10134141045776068, 0.10134091261085398, 0.10134077266285357, 0.10134073368186747, 0.10134072607554978, 0.1013407230113097, 0.10134072172472708, 0.1013407211416888, 0.10134072097129643, 0.10134072092140811, 0.10134072091771662]}, "11": {"maxiter": 1000, "fatol": 1e-10, "xatol": 1e-10, "duration": 0.336561918258667, "fun": "0.10134072091404156", "nit": "836", "nfev": "1375", "status": "0", "success": "True", "message": "Optimization terminated successfully.", "x": "[ 4.39114943  4.15715142  7.06137326 -1.97123683  3.50809167  5.18176522]", "final_simplex": "(array([[ 4.39114943,  4.15715142,  7.06137326, -1.97123683,  3.50809167,\n         5.18176522],\n       [ 4.39114943,  4.15715142,  7.06137326, -1.97123683,  3.50809167,\n         5.18176522],\n       [ 4.39114943,  4.15715142,  7.06137326, -1.97123683,  3.50809167,\n         5.18176522],\n       [ 4.39114943,  4.15715142,  7.06137326, -1.97123683,  3.50809167,\n         5.18176522],\n       [ 4.39114943,  4.15715142,  7.06137326, -1.97123683,  3.50809167,\n         5.18176522],\n       [ 4.39114943,  4.15715142,  7.06137326, -1.97123683,  3.50809167,\n         5.18176522],\n       [ 4.39114943,  4.15715142,  7.06137326, -1.97123683,  3.50809167,\n         5.18176522]]), array([0.10134072, 0.10134072, 0.10134072, 0.10134072, 0.10134072,\n       0.10134072, 0.10134072]))", "callback": [0.6438073390827543, 0.41785959460999766, 0.3102686988835188, 0.2478869450525203, 0.22782248108580783, 0.22734358881737093, 0.22172340096522514, 0.21539114868056164, 0.2145486010632881, 0.21436429399509094, 0.21410738289758457, 0.21340289959215086, 0.20741364270590368, 0.17951651090107656, 0.16886000339069307, 0.15952271732153167, 0.15665732097971596, 0.1541199857725738, 0.1531849084977439, 0.1528725783084618, 0.15252734444259175, 0.15229544759500635, 0.15214999955133235, 0.15209990772566062, 0.15209844467219646, 0.15209260562028004, 0.1520822367698348, 0.15205214808366974, 0.15197300145799852, 0.15190678019179749, 0.15169468685746468, 0.15098669651815544, 0.1487104354266474, 0.14634898925667483, 0.14451893915219216, 0.14048484283751683, 0.13658175966688801, 0.13601724883380184, 0.1345079945249661, 0.1336151126849887, 0.13231079623929554, 0.1314637517424183, 0.13032302994235956, 0.12792953896948744, 0.12655206282170295, 0.12378762106876906, 0.119869864022497, 0.1170394880610286, 0.11083982217693777, 0.10516262581961155, 0.10325621935502671, 0.10241390336773226, 0.10183169459718866, 0.10160037793624499, 0.10148314255693958, 0.10141484308587922, 0.10138228260421811, 0.10137193938174449, 0.10135721500981876, 0.10134773768666727, 0.10134318049096969, 0.10134141045776068, 0.10134091261085398, 0.10134077266285357, 0.10134073368186747, 0.10134072607554978, 0.1013407230113097, 0.10134072172472708, 0.1013407211416888, 0.10134072097129643, 0.10134072092140811, 0.10134072091771662, 0.10134072091527724, 0.10134072091431623, 0.1013407209142353, 0.10134072091412683, 0.10134072091406654, 0.10134072091404955, 0.10134072091404422, 0.10134072091404289, 0.10134072091404212, 0.10134072091404178, 0.10134072091404167]}}, "bfgs": {"type": "gradient", "0": {"maxiter": 100, "gtol": 1e-05, "xrtol": 1e-05, "eps": 1e-05, "duration": 0.07918477058410645, "fun": "0.10134072120989002", "jac": "[-6.55786536e-07 -7.32522931e-06  3.09116066e-06  6.51321219e-06\n  6.22513152e-07  5.37330180e-06]", "hess_inv": "[[  8.88532562   0.94343457   9.1411123   -7.36254629   7.92729247\n    4.74597862]\n [  0.94343457   2.83233778   1.95998045   0.90054977  -0.1755572\n    0.43188922]\n [  9.1411123    1.95998045  14.53214692  -8.45918075  10.47155517\n    5.50050219]\n [ -7.36254629   0.90054977  -8.45918075  20.38179863 -19.39851889\n  -11.89775868]\n [  7.92729247  -0.1755572   10.47155517 -19.39851889  23.88994543\n   13.82903877]\n [  4.74597862   0.43188922   5.50050219 -11.89775868  13.82903877\n   10.59394697]]", "nfev": "315", "njev": "45", "status": "0", "success": "True", "message": "Optimization terminated successfully.", "x": "[ 4.39110628  4.15713154  7.06132805 -1.9711496   3.50801308  5.18171957]", "nit": "35", "callback": [0.14267378579490186, 0.1129346881888098, 0.10144447306482185]}, "1": {"maxiter": 100, "gtol": 1e-05, "xrtol": 1e-05, "eps": 1e-10, "duration": 0.07770586013793945, "fun": "0.10134072099076297", "jac": "[-3.33066880e-06  3.33066880e-06 -3.33066880e-06 -2.22044587e-06\n  1.11022293e-06 -1.11022293e-06]", "hess_inv": "[[  9.59345701   0.95829813   9.63228509 -10.03735064  10.17083067\n    5.88819379]\n [  0.95829813   2.89428624   2.11673279   0.4049927    0.09260015\n    0.67973283]\n [  9.63228509   2.11673279  14.77987626 -10.56312075  12.09906558\n    6.4609254 ]\n [-10.03735064   0.4049927  -10.56312075  27.80118401 -26.21548956\n  -15.61212492]\n [ 10.17083067   0.09260015  12.09906558 -26.21548956  29.58296766\n   16.83091216]\n [  5.88819379   0.67973283   6.4609254  -15.61212492  16.83091216\n   12.21585973]]", "nfev": "322", "njev": "46", "status": "0", "success": "True", "message": "Optimization terminated successfully.", "x": "[ 4.39116222  4.15715977  7.06139199 -1.97128175  3.50814083  5.18179355]", "nit": "36", "callback": [0.14267345511254392, 0.11300151449803797, 0.10145006106057608]}, "2": {"maxiter": 100, "gtol": 1e-05, "xrtol": 1e-10, "eps": 1e-05, "duration": 0.07590770721435547, "fun": "0.10134072120989002", "jac": "[-6.55786536e-07 -7.32522931e-06  3.09116066e-06  6.51321219e-06\n  6.22513152e-07  5.37330180e-06]", "hess_inv": "[[  8.88532562   0.94343457   9.1411123   -7.36254629   7.92729247\n    4.74597862]\n [  0.94343457   2.83233778   1.95998045   0.90054977  -0.1755572\n    0.43188922]\n [  9.1411123    1.95998045  14.53214692  -8.45918075  10.47155517\n    5.50050219]\n [ -7.36254629   0.90054977  -8.45918075  20.38179863 -19.39851889\n  -11.89775868]\n [  7.92729247  -0.1755572   10.47155517 -19.39851889  23.88994543\n   13.82903877]\n [  4.74597862   0.43188922   5.50050219 -11.89775868  13.82903877\n   10.59394697]]", "nfev": "315", "njev": "45", "status": "0", "success": "True", "message": "Optimization terminated successfully.", "x": "[ 4.39110628  4.15713154  7.06132805 -1.9711496   3.50801308  5.18171957]", "nit": "35", "callback": [0.14267378579490186, 0.1129346881888098, 0.10144447306482185]}, "3": {"maxiter": 100, "gtol": 1e-05, "xrtol": 1e-10, "eps": 1e-10, "duration": 0.08564209938049316, "fun": "0.10134072099076297", "jac": "[-3.33066880e-06  3.33066880e-06 -3.33066880e-06 -2.22044587e-06\n  1.11022293e-06 -1.11022293e-06]", "hess_inv": "[[  9.59345701   0.95829813   9.63228509 -10.03735064  10.17083067\n    5.88819379]\n [  0.95829813   2.89428624   2.11673279   0.4049927    0.09260015\n    0.67973283]\n [  9.63228509   2.11673279  14.77987626 -10.56312075  12.09906558\n    6.4609254 ]\n [-10.03735064   0.4049927  -10.56312075  27.80118401 -26.21548956\n  -15.61212492]\n [ 10.17083067   0.09260015  12.09906558 -26.21548956  29.58296766\n   16.83091216]\n [  5.88819379   0.67973283   6.4609254  -15.61212492  16.83091216\n   12.21585973]]", "nfev": "322", "njev": "46", "status": "0", "success": "True", "message": "Optimization terminated successfully.", "x": "[ 4.39116222  4.15715977  7.06139199 -1.97128175  3.50814083  5.18179355]", "nit": "36", "callback": [0.14267345511254392, 0.11300151449803797, 0.10145006106057608]}, "4": {"maxiter": 100, "gtol": 1e-10, "xrtol": 1e-05, "eps": 1e-05, "duration": 0.0812070369720459, "fun": "0.10134072105678404", "jac": "[-6.47426557e-07 -5.26867439e-07  5.64104319e-07 -1.60138569e-07\n -5.96345195e-07  6.15940632e-07]", "hess_inv": "[[ 8.79230560e+00  1.01170097e+00  8.91329905e+00 -7.33425825e+00\n   7.74003627e+00  4.58837257e+00]\n [ 1.01170097e+00  2.85189184e+00  2.04354552e+00  6.53787652e-01\n  -5.91914773e-04  5.30307101e-01]\n [ 8.91329905e+00  2.04354552e+00  1.40746119e+01 -8.11856984e+00\n   9.96788078e+00  5.13521959e+00]\n [-7.33425825e+00  6.53787652e-01 -8.11856984e+00  2.11064891e+01\n  -1.94633764e+01 -1.17938677e+01]\n [ 7.74003627e+00 -5.91914773e-04  9.96788078e+00 -1.94633764e+01\n   2.35332169e+01  1.35024706e+01]\n [ 4.58837257e+00  5.30307101e-01  5.13521959e+00 -1.17938677e+01\n   1.35024706e+01  1.03311820e+01]]", "nfev": "322", "njev": "46", "status": "0", "success": "True", "message": "Optimization terminated successfully.", "x": "[ 4.39111021  4.15713967  7.06132443 -1.9711865   3.50802691  5.18172349]", "nit": "36", "callback": [0.14267378579490186, 0.1129346881888098, 0.10144447306482185]}, "5": {"maxiter": 100, "gtol": 1e-10, "xrtol": 1e-05, "eps": 1e-10, "duration": 0.11094522476196289, "fun": "0.10134072099076286", "jac": "[-2.22044587e-06  6.66133760e-06  1.11022293e-06 -2.22044587e-06\n  2.22044587e-06 -1.11022293e-06]", "hess_inv": "[[ 1.22882343e+01  1.38950779e+00  1.24541180e+01 -1.39062807e+01\n   1.43753174e+01  8.24174080e+00]\n [ 1.38950779e+00  2.95039318e+00  2.60451195e+00 -7.87907257e-03\n   5.62451914e-01  9.35767285e-01]\n [ 1.24541180e+01  2.60451195e+00  1.76329061e+01 -1.51940584e+01\n   1.70721476e+01  9.26431164e+00]\n [-1.39062807e+01 -7.87907257e-03 -1.51940584e+01  3.00575808e+01\n  -2.90061942e+01 -1.70627276e+01]\n [ 1.43753174e+01  5.62451914e-01  1.70721476e+01 -2.90061942e+01\n   3.29489269e+01  1.86053024e+01]\n [ 8.24174080e+00  9.35767285e-01  9.26431164e+00 -1.70627276e+01\n   1.86053024e+01  1.31438898e+01]]", "nfev": "448", "njev": "64", "status": "0", "success": "True", "message": "Optimization terminated successfully.", "x": "[ 4.39116222  4.15715977  7.06139199 -1.97128175  3.50814083  5.18179355]", "nit": "37", "callback": [0.14267345511254392, 0.11300151449803797, 0.10145006106057608]}, "6": {"maxiter": 100, "gtol": 1e-10, "xrtol": 1e-10, "eps": 1e-05, "duration": 0.1312720775604248, "fun": "0.10134072104756353", "jac": "[-8.90065799e-08  4.14779322e-08  6.36268815e-08 -4.24105195e-09\n -3.77475828e-09  3.52606833e-08]", "hess_inv": "[[  8.81912368   0.92136297   8.59591317  -7.35288546   7.48872661\n    4.36921824]\n [  0.92136297   2.75793942   1.88191936   0.73510621  -0.24049188\n    0.4166618 ]\n [  8.59591317   1.88191936  13.9461292   -7.95718586   9.55777775\n    5.06230558]\n [ -7.35288546   0.73510621  -7.95718586  20.95159863 -19.27659645\n  -11.65063037]\n [  7.48872661  -0.24049188   9.55777775 -19.27659645  22.91554951\n   13.22102209]\n [  4.36921824   0.4166618    5.06230558 -11.65063037  13.22102209\n   10.28571531]]", "nfev": "523", "njev": "73", "status": "2", "success": "False", "message": "Desired error not necessarily achieved due to precision loss.", "x": "[ 4.39111211  4.15714054  7.06132481 -1.9711876   3.50802906  5.18172368]", "nit": "37", "callback": [0.14267378579490186, 0.1129346881888098, 0.10144447306482185]}, "7": {"maxiter": 100, "gtol": 1e-10, "xrtol": 1e-10, "eps": 1e-10, "duration": 0.10082101821899414, "fun": "0.10134072099076286", "jac": "[-2.22044587e-06  6.66133760e-06  1.11022293e-06 -2.22044587e-06\n  2.22044587e-06 -1.11022293e-06]", "hess_inv": "[[ 1.22882343e+01  1.38950779e+00  1.24541180e+01 -1.39062807e+01\n   1.43753174e+01  8.24174080e+00]\n [ 1.38950779e+00  2.95039318e+00  2.60451195e+00 -7.87907257e-03\n   5.62451914e-01  9.35767285e-01]\n [ 1.24541180e+01  2.60451195e+00  1.76329061e+01 -1.51940584e+01\n   1.70721476e+01  9.26431164e+00]\n [-1.39062807e+01 -7.87907257e-03 -1.51940584e+01  3.00575808e+01\n  -2.90061942e+01 -1.70627276e+01]\n [ 1.43753174e+01  5.62451914e-01  1.70721476e+01 -2.90061942e+01\n   3.29489269e+01  1.86053024e+01]\n [ 8.24174080e+00  9.35767285e-01  9.26431164e+00 -1.70627276e+01\n   1.86053024e+01  1.31438898e+01]]", "nfev": "448", "njev": "64", "status": "0", "success": "True", "message": "Optimization terminated successfully.", "x": "[ 4.39116222  4.15715977  7.06139199 -1.97128175  3.50814083  5.18179355]", "nit": "37", "callback": [0.14267345511254392, 0.11300151449803797, 0.10145006106057608]}, "8": {"maxiter": 500, "gtol": 1e-05, "xrtol": 1e-05, "eps": 1e-05, "duration": 0.07164597511291504, "fun": "0.10134072120989002", "jac": "[-6.55786536e-07 -7.32522931e-06  3.09116066e-06  6.51321219e-06\n  6.22513152e-07  5.37330180e-06]", "hess_inv": "[[  8.88532562   0.94343457   9.1411123   -7.36254629   7.92729247\n    4.74597862]\n [  0.94343457   2.83233778   1.95998045   0.90054977  -0.1755572\n    0.43188922]\n [  9.1411123    1.95998045  14.53214692  -8.45918075  10.47155517\n    5.50050219]\n [ -7.36254629   0.90054977  -8.45918075  20.38179863 -19.39851889\n  -11.89775868]\n [  7.92729247  -0.1755572   10.47155517 -19.39851889  23.88994543\n   13.82903877]\n [  4.74597862   0.43188922   5.50050219 -11.89775868  13.82903877\n   10.59394697]]", "nfev": "315", "njev": "45", "status": "0", "success": "True", "message": "Optimization terminated successfully.", "x": "[ 4.39110628  4.15713154  7.06132805 -1.9711496   3.50801308  5.18171957]", "nit": "35", "callback": [0.14267378579490186, 0.1129346881888098, 0.10144447306482185]}, "9": {"maxiter": 500, "gtol": 1e-05, "xrtol": 1e-05, "eps": 1e-10, "duration": 0.07210898399353027, "fun": "0.10134072099076297", "jac": "[-3.33066880e-06  3.33066880e-06 -3.33066880e-06 -2.22044587e-06\n  1.11022293e-06 -1.11022293e-06]", "hess_inv": "[[  9.59345701   0.95829813   9.63228509 -10.03735064  10.17083067\n    5.88819379]\n [  0.95829813   2.89428624   2.11673279   0.4049927    0.09260015\n    0.67973283]\n [  9.63228509   2.11673279  14.77987626 -10.56312075  12.09906558\n    6.4609254 ]\n [-10.03735064   0.4049927  -10.56312075  27.80118401 -26.21548956\n  -15.61212492]\n [ 10.17083067   0.09260015  12.09906558 -26.21548956  29.58296766\n   16.83091216]\n [  5.88819379   0.67973283   6.4609254  -15.61212492  16.83091216\n   12.21585973]]", "nfev": "322", "njev": "46", "status": "0", "success": "True", "message": "Optimization terminated successfully.", "x": "[ 4.39116222  4.15715977  7.06139199 -1.97128175  3.50814083  5.18179355]", "nit": "36", "callback": [0.14267345511254392, 0.11300151449803797, 0.10145006106057608]}, "10": {"maxiter": 500, "gtol": 1e-05, "xrtol": 1e-10, "eps": 1e-05, "duration": 0.0712277889251709, "fun": "0.10134072120989002", "jac": "[-6.55786536e-07 -7.32522931e-06  3.09116066e-06  6.51321219e-06\n  6.22513152e-07  5.37330180e-06]", "hess_inv": "[[  8.88532562   0.94343457   9.1411123   -7.36254629   7.92729247\n    4.74597862]\n [  0.94343457   2.83233778   1.95998045   0.90054977  -0.1755572\n    0.43188922]\n [  9.1411123    1.95998045  14.53214692  -8.45918075  10.47155517\n    5.50050219]\n [ -7.36254629   0.90054977  -8.45918075  20.38179863 -19.39851889\n  -11.89775868]\n [  7.92729247  -0.1755572   10.47155517 -19.39851889  23.88994543\n   13.82903877]\n [  4.74597862   0.43188922   5.50050219 -11.89775868  13.82903877\n   10.59394697]]", "nfev": "315", "njev": "45", "status": "0", "success": "True", "message": "Optimization terminated successfully.", "x": "[ 4.39110628  4.15713154  7.06132805 -1.9711496   3.50801308  5.18171957]", "nit": "35", "callback": [0.14267378579490186, 0.1129346881888098, 0.10144447306482185]}, "11": {"maxiter": 500, "gtol": 1e-05, "xrtol": 1e-10, "eps": 1e-10, "duration": 0.07636308670043945, "fun": "0.10134072099076297", "jac": "[-3.33066880e-06  3.33066880e-06 -3.33066880e-06 -2.22044587e-06\n  1.11022293e-06 -1.11022293e-06]", "hess_inv": "[[  9.59345701   0.95829813   9.63228509 -10.03735064  10.17083067\n    5.88819379]\n [  0.95829813   2.89428624   2.11673279   0.4049927    0.09260015\n    0.67973283]\n [  9.63228509   2.11673279  14.77987626 -10.56312075  12.09906558\n    6.4609254 ]\n [-10.03735064   0.4049927  -10.56312075  27.80118401 -26.21548956\n  -15.61212492]\n [ 10.17083067   0.09260015  12.09906558 -26.21548956  29.58296766\n   16.83091216]\n [  5.88819379   0.67973283   6.4609254  -15.61212492  16.83091216\n   12.21585973]]", "nfev": "322", "njev": "46", "status": "0", "success": "True", "message": "Optimization terminated successfully.", "x": "[ 4.39116222  4.15715977  7.06139199 -1.97128175  3.50814083  5.18179355]", "nit": "36", "callback": [0.14267345511254392, 0.11300151449803797, 0.10145006106057608]}, "12": {"maxiter": 500, "gtol": 1e-10, "xrtol": 1e-05, "eps": 1e-05, "duration": 0.07274222373962402, "fun": "0.10134072105678404", "jac": "[-6.47426557e-07 -5.26867439e-07  5.64104319e-07 -1.60138569e-07\n -5.96345195e-07  6.15940632e-07]", "hess_inv": "[[ 8.79230560e+00  1.01170097e+00  8.91329905e+00 -7.33425825e+00\n   7.74003627e+00  4.58837257e+00]\n [ 1.01170097e+00  2.85189184e+00  2.04354552e+00  6.53787652e-01\n  -5.91914773e-04  5.30307101e-01]\n [ 8.91329905e+00  2.04354552e+00  1.40746119e+01 -8.11856984e+00\n   9.96788078e+00  5.13521959e+00]\n [-7.33425825e+00  6.53787652e-01 -8.11856984e+00  2.11064891e+01\n  -1.94633764e+01 -1.17938677e+01]\n [ 7.74003627e+00 -5.91914773e-04  9.96788078e+00 -1.94633764e+01\n   2.35332169e+01  1.35024706e+01]\n [ 4.58837257e+00  5.30307101e-01  5.13521959e+00 -1.17938677e+01\n   1.35024706e+01  1.03311820e+01]]", "nfev": "322", "njev": "46", "status": "0", "success": "True", "message": "Optimization terminated successfully.", "x": "[ 4.39111021  4.15713967  7.06132443 -1.9711865   3.50802691  5.18172349]", "nit": "36", "callback": [0.14267378579490186, 0.1129346881888098, 0.10144447306482185]}, "13": {"maxiter": 500, "gtol": 1e-10, "xrtol": 1e-05, "eps": 1