{"date": "2024/10/08/, 14:23:53", "conf_id": 4, "data_type": "random\n", "num_data_points": 1, "s_rank": 0, "unitary": "[[-0.24866696+0.58742286j,-0.44704345-0.43151574j,-0.35669027-0.20570733j,-0.10517633+0.1626036j],[0.10596805-0.19687975j,-0.30269685-0.15056416j,0.18246286+0.30440582j,-0.83484447-0.11310748j],[0.26054512-0.52548482j,0.0285017-0.50723956j,-0.43110112+0.17165838j,0.15243271+0.39915801j],[0.42978035+0.11991271j,-0.17224126-0.46030424j,0.6827807-0.15164662j,0.26483638+0.0061855j]]", "databatch_0": {"databatch": "[[[0.08218006+0.38581094j,-0.1011434-0.50187746j,0.03711803-0.01106927j,0.15583-0.03455803j],[0.04202506+0.03192283j,-0.05408408-0.04202945j,0.00279498-0.00436369j,0.01277446-0.01711239j],[0.27576245+0.18246308j,-0.35527774-0.24073787j,0.01569657-0.02842207j,0.07289535-0.11219766j],[0.25842392+0.12411181j,-0.33360916-0.16476221j,0.01012122-0.0262674j,0.04934375-0.10498455j]]]", "initial param values": "[0.62061925,1.37765896,1.40553382,5.54178645,1.48735077,0.20688824]", "nelder_mead": {"type": "gradient-free", "0": {"maxiter": 100, "fatol": 1e-05, "xatol": 1e-05, "duration": 0.05786013603210449, "fun": "0.07065063184897102", "nit": "100", "nfev": "153", "status": "2", "success": "False", "message": "Maximum number of iterations has been exceeded.", "x": "[ 1.39069427  1.47376851 -1.89337383  3.94607688  0.37335189  0.37704236]", "final_simplex": "(array([[ 1.39069427,  1.47376851, -1.89337383,  3.94607688,  0.37335189,\n         0.37704236],\n       [ 1.40861224,  1.55824831, -1.86114158,  4.0410166 ,  0.29494615,\n         0.36195966],\n       [ 1.41475962,  1.46169134, -1.90323219,  3.94201156,  0.28249183,\n         0.37842045],\n       [ 1.42089478,  1.46790919, -1.81389873,  3.94772903,  0.24163448,\n         0.37125913],\n       [ 1.45691657,  1.52055801, -1.99822197,  3.92302341,  0.2033249 ,\n         0.37405815],\n       [ 1.40222512,  1.3800209 , -1.91456158,  3.92983485,  0.26809423,\n         0.39581785],\n       [ 1.37462445,  1.31630996, -1.85457578,  4.06965373,  0.32606727,\n         0.40102821]]), array([0.07065063, 0.0717587 , 0.07281297, 0.07387591, 0.07741486,\n       0.08026325, 0.08460608]))", "callback": [0.8986921202078404, 0.8220412348432113, 0.3468204397619471, 0.2834235607220683, 0.16290838365983462, 0.1188787840291724, 0.11045049154346898, 0.10619954635840023, 0.10103119993111931, 0.08460607594415526]}, "1": {"maxiter": 100, "fatol": 1e-05, "xatol": 1e-10, "duration": 0.06291723251342773, "fun": "0.07065063184897102", "nit": "100", "nfev": "153", "status": "2", "success": "False", "message": "Maximum number of iterations has been exceeded.", "x": "[ 1.39069427  1.47376851 -1.89337383  3.94607688  0.37335189  0.37704236]", "final_simplex": "(array([[ 1.39069427,  1.47376851, -1.89337383,  3.94607688,  0.37335189,\n         0.37704236],\n       [ 1.40861224,  1.55824831, -1.86114158,  4.0410166 ,  0.29494615,\n         0.36195966],\n       [ 1.41475962,  1.46169134, -1.90323219,  3.94201156,  0.28249183,\n         0.37842045],\n       [ 1.42089478,  1.46790919, -1.81389873,  3.94772903,  0.24163448,\n         0.37125913],\n       [ 1.45691657,  1.52055801, -1.99822197,  3.92302341,  0.2033249 ,\n         0.37405815],\n       [ 1.40222512,  1.3800209 , -1.91456158,  3.92983485,  0.26809423,\n         0.39581785],\n       [ 1.37462445,  1.31630996, -1.85457578,  4.06965373,  0.32606727,\n         0.40102821]]), array([0.07065063, 0.0717587 , 0.07281297, 0.07387591, 0.07741486,\n       0.08026325, 0.08460608]))", "callback": [0.8986921202078404, 0.8220412348432113, 0.3468204397619471, 0.2834235607220683, 0.16290838365983462, 0.1188787840291724, 0.11045049154346898, 0.10619954635840023, 0.10103119993111931, 0.08460607594415526]}, "2": {"maxiter": 100, "fatol": 1e-10, "xatol": 1e-05, "duration": 0.0547032356262207, "fun": "0.07065063184897102", "nit": "100", "nfev": "153", "status": "2", "success": "False", "message": "Maximum number of iterations has been exceeded.", "x": "[ 1.39069427  1.47376851 -1.89337383  3.94607688  0.37335189  0.37704236]", "final_simplex": "(array([[ 1.39069427,  1.47376851, -1.89337383,  3.94607688,  0.37335189,\n         0.37704236],\n       [ 1.40861224,  1.55824831, -1.86114158,  4.0410166 ,  0.29494615,\n         0.36195966],\n       [ 1.41475962,  1.46169134, -1.90323219,  3.94201156,  0.28249183,\n         0.37842045],\n       [ 1.42089478,  1.46790919, -1.81389873,  3.94772903,  0.24163448,\n         0.37125913],\n       [ 1.45691657,  1.52055801, -1.99822197,  3.92302341,  0.2033249 ,\n         0.37405815],\n       [ 1.40222512,  1.3800209 , -1.91456158,  3.92983485,  0.26809423,\n         0.39581785],\n       [ 1.37462445,  1.31630996, -1.85457578,  4.06965373,  0.32606727,\n         0.40102821]]), array([0.07065063, 0.0717587 , 0.07281297, 0.07387591, 0.07741486,\n       0.08026325, 0.08460608]))", "callback": [0.8986921202078404, 0.8220412348432113, 0.3468204397619471, 0.2834235607220683, 0.16290838365983462, 0.1188787840291724, 0.11045049154346898, 0.10619954635840023, 0.10103119993111931, 0.08460607594415526]}, "3": {"maxiter": 100, "fatol": 1e-10, "xatol": 1e-10, "duration": 0.06164717674255371, "fun": "0.07065063184897102", "nit": "100", "nfev": "153", "status": "2", "success": "False", "message": "Maximum number of iterations has been exceeded.", "x": "[ 1.39069427  1.47376851 -1.89337383  3.94607688  0.37335189  0.37704236]", "final_simplex": "(array([[ 1.39069427,  1.47376851, -1.89337383,  3.94607688,  0.37335189,\n         0.37704236],\n       [ 1.40861224,  1.55824831, -1.86114158,  4.0410166 ,  0.29494615,\n         0.36195966],\n       [ 1.41475962,  1.46169134, -1.90323219,  3.94201156,  0.28249183,\n         0.37842045],\n       [ 1.42089478,  1.46790919, -1.81389873,  3.94772903,  0.24163448,\n         0.37125913],\n       [ 1.45691657,  1.52055801, -1.99822197,  3.92302341,  0.2033249 ,\n         0.37405815],\n       [ 1.40222512,  1.3800209 , -1.91456158,  3.92983485,  0.26809423,\n         0.39581785],\n       [ 1.37462445,  1.31630996, -1.85457578,  4.06965373,  0.32606727,\n         0.40102821]]), array([0.07065063, 0.0717587 , 0.07281297, 0.07387591, 0.07741486,\n       0.08026325, 0.08460608]))", "callback": [0.8986921202078404, 0.8220412348432113, 0.3468204397619471, 0.2834235607220683, 0.16290838365983462, 0.1188787840291724, 0.11045049154346898, 0.10619954635840023, 0.10103119993111931, 0.08460607594415526]}, "4": {"maxiter": 500, "fatol": 1e-05, "xatol": 1e-05, "duration": 0.1853499412536621, "fun": "0.038271412804721905", "nit": "313", "nfev": "505", "status": "0", "success": "True", "message": "Optimization terminated successfully.", "x": "[ 1.96618369  1.17374109 -1.79978031  3.8252098   0.41247488  0.27322276]", "final_simplex": "(array([[ 1.96618369,  1.17374109, -1.79978031,  3.8252098 ,  0.41247488,\n         0.27322276],\n       [ 1.9661823 ,  1.17375045, -1.79977962,  3.82520695,  0.41247314,\n         0.27322171],\n       [ 1.96618274,  1.17374756, -1.79978124,  3.82520834,  0.41247678,\n         0.27322198],\n       [ 1.96618654,  1.17374022, -1.79978547,  3.82520667,  0.41247446,\n         0.27322262],\n       [ 1.9661817 ,  1.17374996, -1.799782  ,  3.82520956,  0.41247239,\n         0.27322222],\n       [ 1.9661802 ,  1.17374995, -1.79978218,  3.82520524,  0.412475  ,\n         0.27322238],\n       [ 1.96618947,  1.17373508, -1.79978631,  3.82521353,  0.41247352,\n         0.27322273]]), array([0.03827141, 0.03827141, 0.03827141, 0.03827141, 0.03827141,\n       0.03827141, 0.03827141]))", "callback": [0.8986921202078404, 0.8220412348432113, 0.3468204397619471, 0.2834235607220683, 0.16290838365983462, 0.1188787840291724, 0.11045049154346898, 0.10619954635840023, 0.10103119993111931, 0.08460607594415526, 0.06569371957644343, 0.06011643625926333, 0.05893388286371826, 0.05847078125060323, 0.05784563575002666, 0.05539111150495224, 0.04611752865794072, 0.041543593705927084, 0.03903605697024681, 0.038319379128598396, 0.038290025049513066, 0.03827314090212952, 0.03827169628719462, 0.038271451292482106, 0.03827142430847441, 0.03827141568362369, 0.03827141319387051, 0.03827141294584302, 0.03827141288924607, 0.03827141282698043, 0.038271412820750084, 0.038271412813857486]}, "5": {"maxiter": 500, "fatol": 1e-05, "xatol": 1e-10, "duration": 0.28403806686401367, "fun": "0.03827141280382551", "nit": "427", "nfev": "748", "status": "0", "success": "True", "message": "Optimization terminated successfully.", "x": "[ 1.96618181  1.17374016 -1.79978023  3.82521086  0.41247508  0.27322328]", "final_simplex": "(array([[ 1.96618181,  1.17374016, -1.79978023,  3.82521086,  0.41247508,\n         0.27322328],\n       [ 1.96618181,  1.17374016, -1.79978023,  3.82521086,  0.41247508,\n         0.27322328],\n       [ 1.96618181,  1.17374016, -1.79978023,  3.82521086,  0.41247508,\n         0.27322328],\n       [ 1.96618181,  1.17374016, -1.79978023,  3.82521086,  0.41247508,\n         0.27322328],\n       [ 1.96618181,  1.17374016, -1.79978023,  3.82521086,  0.41247508,\n         0.27322328],\n       [ 1.96618181,  1.17374016, -1.79978023,  3.82521086,  0.41247508,\n         0.27322328],\n       [ 1.96618181,  1.17374016, -1.79978023,  3.82521086,  0.41247508,\n         0.27322328]]), array([0.03827141, 0.03827141, 0.03827141, 0.03827141, 0.03827141,\n       0.03827141, 0.03827141]))", "callback": [0.8986921202078404, 0.8220412348432113, 0.3468204397619471, 0.2834235607220683, 0.16290838365983462, 0.1188787840291724, 0.11045049154346898, 0.10619954635840023, 0.10103119993111931, 0.08460607594415526, 0.06569371957644343, 0.06011643625926333, 0.05893388286371826, 0.05847078125060323, 0.05784563575002666, 0.05539111150495224, 0.04611752865794072, 0.041543593705927084, 0.03903605697024681, 0.038319379128598396, 0.038290025049513066, 0.03827314090212952, 0.03827169628719462, 0.038271451292482106, 0.03827142430847441, 0.03827141568362369, 0.03827141319387051, 0.03827141294584302, 0.03827141288924607, 0.03827141282698043, 0.038271412820750084, 0.038271412813857486, 0.038271412804721905, 0.03827141280437507, 0.0382714128040057, 0.038271412803866256, 0.03827141280383328, 0.038271412803826954, 0.03827141280382629, 0.03827141280382562, 0.03827141280382551, 0.03827141280382551, 0.03827141280382551]}, "6": {"maxiter": 500, "fatol": 1e-10, "xatol": 1e-05, "duration": 0.21820712089538574, "fun": "0.038271412804721905", "nit": "313", "nfev": "505", "status": "0", "success": "True", "message": "Optimization terminated successfully.", "x": "[ 1.96618369  1.17374109 -1.79978031  3.8252098   0.41247488  0.27322276]", "final_simplex": "(array([[ 1.96618369,  1.17374109, -1.79978031,  3.8252098 ,  0.41247488,\n         0.27322276],\n       [ 1.9661823 ,  1.17375045, -1.79977962,  3.82520695,  0.41247314,\n         0.27322171],\n       [ 1.96618274,  1.17374756, -1.79978124,  3.82520834,  0.41247678,\n         0.27322198],\n       [ 1.96618654,  1.17374022, -1.79978547,  3.82520667,  0.41247446,\n         0.27322262],\n       [ 1.9661817 ,  1.17374996, -1.799782  ,  3.82520956,  0.41247239,\n         0.27322222],\n       [ 1.9661802 ,  1.17374995, -1.79978218,  3.82520524,  0.412475  ,\n         0.27322238],\n       [ 1.96618947,  1.17373508, -1.79978631,  3.82521353,  0.41247352,\n         0.27322273]]), array([0.03827141, 0.03827141, 0.03827141, 0.03827141, 0.03827141,\n       0.03827141, 0.03827141]))", "callback": [0.8986921202078404, 0.8220412348432113, 0.3468204397619471, 0.2834235607220683, 0.16290838365983462, 0.1188787840291724, 0.11045049154346898, 0.10619954635840023, 0.10103119993111931, 0.08460607594415526, 0.06569371957644343, 0.06011643625926333, 0.05893388286371826, 0.05847078125060323, 0.05784563575002666, 0.05539111150495224, 0.04611752865794072, 0.041543593705927084, 0.03903605697024681, 0.038319379128598396, 0.038290025049513066, 0.03827314090212952, 0.03827169628719462, 0.038271451292482106, 0.03827142430847441, 0.03827141568362369, 0.03827141319387051, 0.03827141294584302, 0.03827141288924607, 0.03827141282698043, 0.038271412820750084, 0.038271412813857486]}, "7": {"maxiter": 500, "fatol": 1e-10, "xatol": 1e-10, "duration": 0.27982592582702637, "fun": "0.03827141280382551", "nit": "427", "nfev": "748", "status": "0", "success": "True", "message": "Optimization terminated successfully.", "x": "[ 1.96618181  1.17374016 -1.79978023  3.82521086  0.41247508  0.27322328]", "final_simplex": "(array([[ 1.96618181,  1.17374016, -1.79978023,  3.82521086,  0.41247508,\n         0.27322328],\n       [ 1.96618181,  1.17374016, -1.79978023,  3.82521086,  0.41247508,\n         0.27322328],\n       [ 1.96618181,  1.17374016, -1.79978023,  3.82521086,  0.41247508,\n         0.27322328],\n       [ 1.96618181,  1.17374016, -1.79978023,  3.82521086,  0.41247508,\n         0.27322328],\n       [ 1.96618181,  1.17374016, -1.79978023,  3.82521086,  0.41247508,\n         0.27322328],\n       [ 1.96618181,  1.17374016, -1.79978023,  3.82521086,  0.41247508,\n         0.27322328],\n       [ 1.96618181,  1.17374016, -1.79978023,  3.82521086,  0.41247508,\n         0.27322328]]), array([0.03827141, 0.03827141, 0.03827141, 0.03827141, 0.03827141,\n       0.03827141, 0.03827141]))", "callback": [0.8986921202078404, 0.8220412348432113, 0.3468204397619471, 0.2834235607220683, 0.16290838365983462, 0.1188787840291724, 0.11045049154346898, 0.10619954635840023, 0.10103119993111931, 0.08460607594415526, 0.06569371957644343, 0.06011643625926333, 0.05893388286371826, 0.05847078125060323, 0.05784563575002666, 0.05539111150495224, 0.04611752865794072, 0.041543593705927084, 0.03903605697024681, 0.038319379128598396, 0.038290025049513066, 0.03827314090212952, 0.03827169628719462, 0.038271451292482106, 0.03827142430847441, 0.03827141568362369, 0.03827141319387051, 0.03827141294584302, 0.03827141288924607, 0.03827141282698043, 0.038271412820750084, 0.038271412813857486, 0.038271412804721905, 0.03827141280437507, 0.0382714128040057, 0.038271412803866256, 0.03827141280383328, 0.038271412803826954, 0.03827141280382629, 0.03827141280382562, 0.03827141280382551, 0.03827141280382551, 0.03827141280382551]}, "8": {"maxiter": 1000, "fatol": 1e-05, "xatol": 1e-05, "duration": 0.19044089317321777, "fun": "0.038271412804721905", "nit": "313", "nfev": "505", "status": "0", "success": "True", "message": "Optimization terminated successfully.", "x": "[ 1.96618369  1.17374109 -1.79978031  3.8252098   0.41247488  0.27322276]", "final_simplex": "(array([[ 1.96618369,  1.17374109, -1.79978031,  3.8252098 ,  0.41247488,\n         0.27322276],\n       [ 1.9661823 ,  1.17375045, -1.79977962,  3.82520695,  0.41247314,\n         0.27322171],\n       [ 1.96618274,  1.17374756, -1.79978124,  3.82520834,  0.41247678,\n         0.27322198],\n       [ 1.96618654,  1.17374022, -1.79978547,  3.82520667,  0.41247446,\n         0.27322262],\n       [ 1.9661817 ,  1.17374996, -1.799782  ,  3.82520956,  0.41247239,\n         0.27322222],\n       [ 1.9661802 ,  1.17374995, -1.79978218,  3.82520524,  0.412475  ,\n         0.27322238],\n       [ 1.96618947,  1.17373508, -1.79978631,  3.82521353,  0.41247352,\n         0.27322273]]), array([0.03827141, 0.03827141, 0.03827141, 0.03827141, 0.03827141,\n       0.03827141, 0.03827141]))", "callback": [0.8986921202078404, 0.8220412348432113, 0.3468204397619471, 0.2834235607220683, 0.16290838365983462, 0.1188787840291724, 0.11045049154346898, 0.10619954635840023, 0.10103119993111931, 0.08460607594415526, 0.06569371957644343, 0.06011643625926333, 0.05893388286371826, 0.05847078125060323, 0.05784563575002666, 0.05539111150495224, 0.04611752865794072, 0.041543593705927084, 0.03903605697024681, 0.038319379128598396, 0.038290025049513066, 0.03827314090212952, 0.03827169628719462, 0.038271451292482106, 0.03827142430847441, 0.03827141568362369, 0.03827141319387051, 0.03827141294584302, 0.03827141288924607, 0.03827141282698043, 0.038271412820750084, 0.038271412813857486]}, "9": {"maxiter": 1000, "fatol": 1e-05, "xatol": 1e-10, "duration": 0.28920769691467285, "fun": "0.03827141280382551", "nit": "427", "nfev": "748", "status": "0", "success": "True", "message": "Optimization terminated successfully.", "x": "[ 1.96618181  1.17374016 -1.79978023  3.82521086  0.41247508  0.27322328]", "final_simplex": "(array([[ 1.96618181,  1.17374016, -1.79978023,  3.82521086,  0.41247508,\n         0.27322328],\n       [ 1.96618181,  1.17374016, -1.79978023,  3.82521086,  0.41247508,\n         0.27322328],\n       [ 1.96618181,  1.17374016, -1.79978023,  3.82521086,  0.41247508,\n         0.27322328],\n       [ 1.96618181,  1.17374016, -1.79978023,  3.82521086,  0.41247508,\n         0.27322328],\n       [ 1.96618181,  1.17374016, -1.79978023,  3.82521086,  0.41247508,\n         0.27322328],\n       [ 1.96618181,  1.17374016, -1.79978023,  3.82521086,  0.41247508,\n         0.27322328],\n       [ 1.96618181,  1.17374016, -1.79978023,  3.82521086,  0.41247508,\n         0.27322328]]), array([0.03827141, 0.03827141, 0.03827141, 0.03827141, 0.03827141,\n       0.03827141, 0.03827141]))", "callback": [0.8986921202078404, 0.8220412348432113, 0.3468204397619471, 0.2834235607220683, 0.16290838365983462, 0.1188787840291724, 0.11045049154346898, 0.10619954635840023, 0.10103119993111931, 0.08460607594415526, 0.06569371957644343, 0.06011643625926333, 0.05893388286371826, 0.05847078125060323, 0.05784563575002666, 0.05539111150495224, 0.04611752865794072, 0.041543593705927084, 0.03903605697024681, 0.038319379128598396, 0.038290025049513066, 0.03827314090212952, 0.03827169628719462, 0.038271451292482106, 0.03827142430847441, 0.03827141568362369, 0.03827141319387051, 0.03827141294584302, 0.03827141288924607, 0.03827141282698043, 0.038271412820750084, 0.038271412813857486, 0.038271412804721905, 0.03827141280437507, 0.0382714128040057, 0.038271412803866256, 0.03827141280383328, 0.038271412803826954, 0.03827141280382629, 0.03827141280382562, 0.03827141280382551, 0.03827141280382551, 0.03827141280382551]}, "10": {"maxiter": 1000, "fatol": 1e-10, "xatol": 1e-05, "duration": 0.18890595436096191, "fun": "0.038271412804721905", "nit": "313", "nfev": "505", "status": "0", "success": "True", "message": "Optimization terminated successfully.", "x": "[ 1.96618369  1.17374109 -1.79978031  3.8252098   0.41247488  0.27322276]", "final_simplex": "(array([[ 1.96618369,  1.17374109, -1.79978031,  3.8252098 ,  0.41247488,\n         0.27322276],\n       [ 1.9661823 ,  1.17375045, -1.79977962,  3.82520695,  0.41247314,\n         0.27322171],\n       [ 1.96618274,  1.17374756, -1.79978124,  3.82520834,  0.41247678,\n         0.27322198],\n       [ 1.96618654,  1.17374022, -1.79978547,  3.82520667,  0.41247446,\n         0.27322262],\n       [ 1.9661817 ,  1.17374996, -1.799782  ,  3.82520956,  0.41247239,\n         0.27322222],\n       [ 1.9661802 ,  1.17374995, -1.79978218,  3.82520524,  0.412475  ,\n         0.27322238],\n       [ 1.96618947,  1.17373508, -1.79978631,  3.82521353,  0.41247352,\n         0.27322273]]), array([0.03827141, 0.03827141, 0.03827141, 0.03827141, 0.03827141,\n       0.03827141, 0.03827141]))", "callback": [0.8986921202078404, 0.8220412348432113, 0.3468204397619471, 0.2834235607220683, 0.16290838365983462, 0.1188787840291724, 0.11045049154346898, 0.10619954635840023, 0.10103119993111931, 0.08460607594415526, 0.06569371957644343, 0.06011643625926333, 0.05893388286371826, 0.05847078125060323, 0.05784563575002666, 0.05539111150495224, 0.04611752865794072, 0.041543593705927084, 0.03903605697024681, 0.038319379128598396, 0.038290025049513066, 0.03827314090212952, 0.03827169628719462, 0.038271451292482106, 0.03827142430847441, 0.03827141568362369, 0.03827141319387051, 0.03827141294584302, 0.03827141288924607, 0.03827141282698043, 0.038271412820750084, 0.038271412813857486]}, "11": {"maxiter": 1000, "fatol": 1e-10, "xatol": 1e-10, "duration": 0.2854321002960205, "fun": "0.03827141280382551", "nit": "427", "nfev": "748", "status": "0", "success": "True", "message": "Optimization terminated successfully.", "x": "[ 1.96618181  1.17374016 -1.79978023  3.82521086  0.41247508  0.27322328]", "final_simplex": "(array([[ 1.96618181,  1.17374016, -1.79978023,  3.82521086,  0.41247508,\n         0.27322328],\n       [ 1.96618181,  1.17374016, -1.79978023,  3.82521086,  0.41247508,\n         0.27322328],\n       [ 1.96618181,  1.17374016, -1.79978023,  3.82521086,  0.41247508,\n         0.27322328],\n       [ 1.96618181,  1.17374016, -1.79978023,  3.82521086,  0.41247508,\n         0.27322328],\n       [ 1.96618181,  1.17374016, -1.79978023,  3.82521086,  0.41247508,\n         0.27322328],\n       [ 1.96618181,  1.17374016, -1.79978023,  3.82521086,  0.41247508,\n         0.27322328],\n       [ 1.96618181,  1.17374016, -1.79978023,  3.82521086,  0.41247508,\n         0.27322328]]), array([0.03827141, 0.03827141, 0.03827141, 0.03827141, 0.03827141,\n       0.03827141, 0.03827141]))", "callback": [0.8986921202078404, 0.8220412348432113, 0.3468204397619471, 0.2834235607220683, 0.16290838365983462, 0.1188787840291724, 0.11045049154346898, 0.10619954635840023, 0.10103119993111931, 0.08460607594415526, 0.06569371957644343, 0.06011643625926333, 0.05893388286371826, 0.05847078125060323, 0.05784563575002666, 0.05539111150495224, 0.04611752865794072, 0.041543593705927084, 0.03903605697024681, 0.038319379128598396, 0.038290025049513066, 0.03827314090212952, 0.03827169628719462, 0.038271451292482106, 0.03827142430847441, 0.03827141568362369, 0.03827141319387051, 0.03827141294584302, 0.03827141288924607, 0.03827141282698043, 0.038271412820750084, 0.038271412813857486, 0.038271412804721905, 0.03827141280437507, 0.0382714128040057, 0.038271412803866256, 0.03827141280383328, 0.038271412803826954, 0.03827141280382629, 0.03827141280382562, 0.03827141280382551, 0.03827141280382551, 0.03827141280382551]}}, "bfgs": {"type": "gradient", "0": {"maxiter": 100, "gtol": 1e-05, "xrtol": 1e-05, "eps": 1e-05, "duration": 0.08243298530578613, "fun": "0.03827141284838309", "jac": "[-3.41648931e-07 -1.83197901e-07  1.72006853e-06  3.41502382e-06\n  1.00607300e-06  1.42527101e-06]", "hess_inv": "[[ 5.38960151  3.50164363 -0.45524609  0.15748834  2.09452534  1.91067599]\n [ 3.50164363  6.43559492 -0.48210458 -1.24762754  1.91936359  2.31097724]\n [-0.45524609 -0.48210458  2.48636754 -0.20675273  0.16694364 -0.95642527]\n [ 0.15748834 -1.24762754 -0.20675273  2.7291858   0.2740596  -0.08193552]\n [ 2.09452534  1.91936359  0.16694364  0.2740596   2.30533604  0.57918643]\n [ 1.91067599  2.31097724 -0.95642527 -0.08193552  0.57918643  2.21756599]]", "nfev": "210", "njev": "30", "status": "0", "success": "True", "message": "Optimization terminated successfully.", "x": "[-1.55347534 -1.41745226  1.36879747  4.05375669 -0.26539149 -0.64748306]", "nit": "22", "callback": [0.6779465922669694, 0.5692772359633429, 0.37147736853241065, 0.16474476840129715, 0.136139198194553, 0.1319878328276296, 0.12855336517309546, 0.12299941601664621, 0.11272491913597005, 0.07912480437111002, 0.07326796623702192, 0.06316662577564947, 0.04752472201918012, 0.03912403726943803, 0.03866604269557827, 0.03841780971910447, 0.03828285677152188, 0.03827242441311518, 0.03827162895464786, 0.03827144915125813, 0.03827141403792411, 0.03827141284838309]}, "1": {"maxiter": 100, "gtol": 1e-05, "xrtol": 1e-05, "eps": 1e-10, "duration": 0.08002209663391113, "fun": "0.038271412814543715", "jac": "[3.33066880e-06 3.33066880e-06 3.33066880e-06 3.33066880e-06\n 1.11022293e-06 1.11022293e-06]", "hess_inv": "[[ 5.3305646   3.56034468 -0.35769475  0.1103604   2.07192106  1.90488842]\n [ 3.56034468  6.60694675 -0.36761438 -1.22160422  1.99470841  2.35188803]\n [-0.35769475 -0.36761438  2.5083559  -0.16566472  0.24600731 -0.91313611]\n [ 0.1103604  -1.22160422 -0.16566472  2.6693377   0.2430224  -0.0888417 ]\n [ 2.07192106  1.99470841  0.24600731  0.2430224   2.3063895   0.58505162]\n [ 1.90488842  2.35188803 -0.91313611 -0.0888417   0.58505162  2.22273081]]", "nfev": "210", "njev": "30", "status": "0", "success": "True", "message": "Optimization terminated successfully.", "x": "[-1.55351074 -1.41750723  1.36880581  4.0537045  -0.26533216 -0.64739356]", "nit": "22", "callback": [0.6779459241470714, 0.5692745548157279, 0.37146733353442707, 0.16473396327238576, 0.13614055047761775, 0.13198965120301576, 0.12855581160420626, 0.12300249853054113, 0.11273045591447828, 0.07912740963807163, 0.07327081964269211, 0.06316918932490212, 0.04752521024821699, 0.03912198714176662, 0.03866509680914576, 0.03841740590946352, 0.038282821370747566, 0.03827241215273247, 0.038271628037460426, 0.03827145009552446, 0.038271414773464296, 0.038271412814543715]}, "2": {"maxiter": 100, "gtol": 1e-05, "xrtol": 1e-10, "eps": 1e-05, "duration": 0.08259367942810059, "fun": "0.03827141284838309", "jac": "[-3.41648931e-07 -1.83197901e-07  1.72006853e-06  3.41502382e-06\n  1.00607300e-06  1.42527101e-06]", "hess_inv": "[[ 5.38960151  3.50164363 -0.45524609  0.15748834  2.09452534  1.91067599]\n [ 3.50164363  6.43559492 -0.48210458 -1.24762754  1.91936359  2.31097724]\n [-0.45524609 -0.48210458  2.48636754 -0.20675273  0.16694364 -0.95642527]\n [ 0.15748834 -1.24762754 -0.20675273  2.7291858   0.2740596  -0.08193552]\n [ 2.09452534  1.91936359  0.16694364  0.2740596   2.30533604  0.57918643]\n [ 1.91067599  2.31097724 -0.95642527 -0.08193552  0.57918643  2.21756599]]", "nfev": "210", "njev": "30", "status": "0", "success": "True", "message": "Optimization terminated successfully.", "x": "[-1.55347534 -1.41745226  1.36879747  4.05375669 -0.26539149 -0.64748306]", "nit": "22", "callback": [0.6779465922669694, 0.5692772359633429, 0.37147736853241065, 0.16474476840129715, 0.136139198194553, 0.1319878328276296, 0.12855336517309546, 0.12299941601664621, 0.11272491913597005, 0.07912480437111002, 0.07326796623702192, 0.06316662577564947, 0.04752472201918012, 0.03912403726943803, 0.03866604269557827, 0.03841780971910447, 0.03828285677152188, 0.03827242441311518, 0.03827162895464786, 0.03827144915125813, 0.03827141403792411, 0.03827141284838309]}, "3": {"maxiter": 100, "gtol": 1e-05, "xrtol": 1e-10, "eps": 1e-10, "duration": 0.08380627632141113, "fun": "0.038271412814543715", "jac": "[3.33066880e-06 3.33066880e-06 3.33066880e-06 3.33066880e-06\n 1.11022293e-06 1.11022293e-06]", "hess_inv": "[[ 5.3305646   3.56034468 -0.35769475  0.1103604   2.07192106  1.90488842]\n [ 3.56034468  6.60694675 -0.36761438 -1.22160422  1.99470841  2.35188803]\n [-0.35769475 -0.36761438  2.5083559  -0.16566472  0.24600731 -0.91313611]\n [ 0.1103604  -1.22160422 -0.16566472  2.6693377   0.2430224  -0.0888417 ]\n [ 2.07192106  1.99470841  0.24600731  0.2430224   2.3063895   0.58505162]\n [ 1.90488842  2.35188803 -0.91313611 -0.0888417   0.58505162  2.22273081]]", "nfev": "210", "njev": "30", "status": "0", "success": "True", "message": "Optimization terminated successfully.", "x": "[-1.55351074 -1.41750723  1.36880581  4.0537045  -0.26533216 -0.64739356]", "nit": "22", "callback": [0.6779459241470714, 0.5692745548157279, 0.37146733353442707, 0.16473396327238576, 0.13614055047761775, 0.13198965120301576, 0.12855581160420626, 0.12300249853054113, 0.11273045591447828, 0.07912740963807163, 0.07327081964269211, 0.06316918932490212, 0.04752521024821699, 0.03912198714176662, 0.03866509680914576, 0.03841740590946352, 0.038282821370747566, 0.03827241215273247, 0.038271628037460426, 0.03827145009552446, 0.038271414773464296, 0.038271412814543715]}, "4": {"maxiter": 100, "gtol": 1e-10, "xrtol": 1e-05, "eps": 1e-05, "duration": 0.09032917022705078, "fun": "0.03827141284741575", "jac": "[-2.77222689e-07 -1.92001970e-07  1.35063072e-06  2.70310441e-06\n  8.45112869e-07  1.17634791e-06]", "hess_inv": "[[ 5.40056207  3.51303011 -0.41655355  0.20857216  2.11794655  1.91849273]\n [ 3.51303011  6.34751835 -0.55034808 -1.20585642  1.91678319  2.30200241]\n [-0.41655355 -0.55034808  2.50525573 -0.03868151  0.22041368 -0.94738657]\n [ 0.20857216 -1.20585642 -0.03868151  2.9659942   0.38017538 -0.04743732]\n [ 2.11794655  1.91678319  0.22041368  0.38017538  2.34813467  0.59128472]\n [ 1.91849273  2.30200241 -0.94738657 -0.04743732  0.59128472  2.22021538]]", "nfev": "224", "njev": "32", "status": "0", "success": "True", "message": "Optimization terminated successfully.", "x": "[-1.55347584 -1.41745179  1.36879677  4.05375447 -0.26539229 -0.64748325]", "nit": "23", "callback": [0.6779465922669694, 0.5692772359633429, 0.37147736853241065, 0.16474476840129715, 0.136139198194553, 0.1319878328276296, 0.12855336517309546, 0.12299941601664621, 0.11272491913597005, 0.07912480437111002, 0.07326796623702192, 0.06316662577564947, 0.04752472201918012, 0.03912403726943803, 0.03866604269557827, 0.03841780971910447, 0.03828285677152188, 0.03827242441311518, 0.03827162895464786, 0.03827144915125813, 0.03827141403792411, 0.03827141284838309, 0.03827141284741575]}, "5": {"maxiter": 100, "gtol": 1e-10, "xrtol": 1e-05, "eps": 1e-10, "duration": 0.13281893730163574, "fun": "0.038271412814543715", "jac": "[3.33066880e-06 1.11022293e-06 1.11022293e-06 3.33066880e-06\n 1.11022293e-06 1.11022293e-06]", "hess_inv": "[[ 6.02984517  4.46420402  0.12580423  0.55331847  2.6515506   2.25440304]\n [ 4.46420402  7.69015811  0.09371689 -0.7940213   2.66225291  2.78008319]\n [ 0.12580423  0.09371689  2.52799319 -0.13818545  0.48973252 -0.71680655]\n [ 0.55331847 -0.7940213  -0.13818545  2.7029197   0.47104709  0.09239282]\n [ 2.6515506   2.66225291  0.48973252  0.47104709  2.70846282  0.85213725]\n [ 2.25440304  2.78008319 -0.71680655  0.09239282  0.85213725  2.39089429]]", "nfev": "357", "njev": "51", "status": "0", "success": "True", "message": "Optimization terminated successfully.", "x": "[-1.55351074 -1.41750723  1.36880581  4.0537045  -0.26533216 -0.64739356]", "nit": "23", "callback": [0.6779459241470714, 0.5692745548157279, 0.37146733353442707, 0.16473396327238576, 0.13614055047761775, 0.13198965120301576, 0.12855581160420626, 0.12300249853054113, 0.11273045591447828, 0.07912740963807163, 0.07327081964269211, 0.06316918932490212, 0.04752521024821699, 0.03912198714176662, 0.03866509680914576, 0.03841740590946352, 0.038282821370747566, 0.03827241215273247, 0.038271628037460426, 0.03827145009552446, 0.038271414773464296, 0.038271412814543715, 0.038271412814543715]}, "6": {"maxiter": 100, "gtol": 1e-10, "xrtol": 1e-10, "eps": 1e-05, "duration": 0.16200685501098633, "fun": "0.03827141284741575", "jac": "[-2.77222689e-07 -1.92001970e-07  1.35063072e-06  2.70310441e-06\n  8.45112869e-07  1.17634791e-06]", "hess_inv": "[[ 5.39787145  3.48690272 -0.42821833  0.21653012  2.12339159  1.92393291]\n [ 3.48690272  6.39873491 -0.57918514 -1.34040218  1.86571506  2.28616268]\n [-0.42821833 -0.57918514  2.47806464 -0.06283434  0.21523824 -0.94281528]\n [ 0.21653012 -1.34040218 -0.06283434  3.08960191  0.43627566 -0.01582726]\n [ 2.12339159  1.86571506  0.21523824  0.43627566  2.37254692  0.60368222]\n [ 1.92393291  2.28616268 -0.94281528 -0.01582726  0.60368222  2.22467898]]", "nfev": "375", "njev": "52", "status": "2", "success": "False", "message": "Desired error not necessarily achieved due to precision loss.", "x": "[-1.55347584 -1.41745179  1.36879677  4.05375447 -0.26539229 -0.64748325]", "nit": "23", "callback": [0.6779465922669694, 0.5692772359633429, 0.37147736853241065, 0.16474476840129715, 0.136139198194553, 0.1319878328276296, 0.12855336517309546, 0.12299941601664621, 0.11272491913597005, 0.07912480437111002, 0.07326796623702192, 0.06316662577564947, 0.04752472201918012, 0.03912403726943803, 0.03866604269557827, 0.03841780971910447, 0.03828285677152188, 0.03827242441311518, 0.03827162895464786, 0.03827144915125813, 0.03827141403792411, 0.03827141284838309, 0.03827141284741575]}, "7": {"maxiter": 100, "gtol": 1e-10, "xrtol": 1e-10, "eps": 1e-10, "duration": 0.12995505332946777, "fun": "0.038271412814543715", "jac": "[3.33066880e-06 1.11022293e-06 1.11022293e-06 3.33066880e-06\n 1.11022293e-06 1.11022293e-06]", "hess_inv": "[[ 6.02984517  4.46420402  0.12580423  0.55331847  2.6515506   2.25440304]\n [ 4.46420402  7.69015811  0.09371689 -0.7940213   2.66225291  2.78008319]\n [ 0.12580423  0.09371689  2.52799319 -0.13818545  0.48973252 -0.71680655]\n [ 0.55331847 -0.7940213  -0.13818545  2.7029197   0.47104709  0.09239282]\n [ 2.6515506   2.66225291  0.48973252  0.47104709  2.70846282  0.85213725]\n [ 2.25440304  2.78008319 -0.71680655  0.09239282  0.85213725  2.39089429]]", "nfev": "357", "njev": "51", "status": "0", "success": "True", "message": "Optimization terminated successfully.", "x": "[-1.55351074 -1.41750723  1.36880581  4.0537045  -0.26533216 -0.64739356]", "nit": "23", "callback": [0.6779459241470714, 0.5692745548157279, 0.37146733353442707, 0.16473396327238576, 0.13614055047761775, 0.13198965120301576, 0.12855581160420626, 0.12300249853054113, 0.11273045591447828, 0.07912740963807163, 0.07327081964269211, 0.06316918932490212, 0.04752521024821699, 0.03912198714176662, 0.03866509680914576, 0.03841740590946352, 0.038282821370747566, 0.03827241215273247, 0.038271628037460426, 0.03827145009552446, 0.038271414773464296, 0.038271412814543715, 0.038271412814543715]}, "8": {"maxiter": 500, "gtol": 1e-05, "xrtol": 1e-05, "eps": 1e-05, "duration": 0.08637595176696777, "fun": "0.03827141284838309", "jac": "[-3.41648931e-07 -1.83197901e-07  1.72006853e-06  3.41502382e-06\n  1.00607300e-06  1.42527101e-06]", "hess_inv": "[[ 5.38960151  3.50164363 -0.45524609  0.15748834  2.09452534  1.91067599]\n [ 3.50164363  6.43559492 -0.48210458 -1.24762754  1.91936359  2.31097724]\n [-0.45524609 -0.48210458  2.48636754 -0.20675273  0.16694364 -0.95642527]\n [ 0.15748834 -1.24762754 -0.20675273  2.7291858   0.2740596  -0.08193552]\n [ 2.09452534  1.91936359  0.16694364  0.2740596   2.30533604  0.57918643]\n [ 1.91067599  2.31097724 -0.95642527 -0.08193552  0.57918643  2.21756599]]", "nfev": "210", "njev": "30", "status": "0", "success": "True", "message": "Optimization terminated successfully.", "x": "[-1.55347534 -1.41745226  1.36879747  4.05375669 -0.26539149 -0.64748306]", "nit": "22", "callback": [0.6779465922669694, 0.5692772359633429, 0.37147736853241065, 0.16474476840129715, 0.136139198194553, 0.1319878328276296, 0.12855336517309546, 0.12299941601664621, 0.11272491913597005, 0.07912480437111002, 0.07326796623702192, 0.06316662577564947, 0.04752472201918012, 0.03912403726943803, 0.03866604269557827, 0.03841780971910447, 0.03828285677152188, 0.03827242441311518, 0.03827162895464786, 0.03827144915125813, 0.03827141403792411, 0.03827141284838309]}, "9": {"maxiter": 500, "gtol": 1e-05, "xrtol": 1e-05, "eps": 1e-10, "duration": 0.08700680732727051, "fun": "0.038271412814543715", "jac": "[3.33066880e-06 3.33066880e-06 3.33066880e-06 3.33066880e-06\n 1.11022293e-06 1.11022293e-06]", "hess_inv": "[[ 5.3305646   3.56034468 -0.35769475  0.1103604   2.07192106  1.90488842]\n [ 3.56034468  6.60694675 -0.36761438 -1.22160422  1.99470841  2.35188803]\n [-0.35769475 -0.36761438  2.5083559  -0.16566472  0.24600731 -0.91313611]\n [ 0.1103604  -1.22160422 -0.16566472  2.6693377   0.2430224  -0.0888417 ]\n [ 2.07192106  1.99470841  0.24600731  0.2430224   2.3063895   0.58505162]\n [ 1.90488842  2.35188803 -0.91313611 -0.0888417   0.58505162  2.22273081]]", "nfev": "210", "njev": "30", "status": "0", "success": "True", "message": "Optimization terminated successfully.", "x": "[-1.55351074 -1.41750723  1.36880581  4.0537045  -0.26533216 -0.64739356]", "nit": "22", "callback": [0.6779459241470714, 0.5692745548157279, 0.37146733353442707, 0.16473396327238576, 0.13614055047761775, 0.13198965120301576, 0.12855581160420626, 0.12300249853054113, 0.11273045591447828, 0.07912740963807163, 0.07327081964269211, 0.06316918932490212, 0.04752521024821699, 0.03912198714176662, 0.03866509680914576, 0.03841740590946352, 0.038282821370747566, 0.03827241215273247, 0.038271628037460426, 0.03827145009552446, 0.038271414773464296, 0.038271412814543715]}, "10": {"maxiter": 500, "gtol": 1e-05, "xrtol": 1e-10, "eps": 1e-05, "duration": 0.08171200752258301, "fun": "0.03827141284838309", "jac": "[-3.41648931e-07 -1.83197901e-07  1.72006853e-06  3.41502382e-06\n  1.00607300e-06  1.42527101e-06]", "hess_inv": "[[ 5.38960151  3.50164363 -0.45524609  0.15748834  2.09452534  1.91067599]\n [ 3.50164363  6.43559492 -0.48210458 -1.24762754  1.91936359  2.31097724]\n [-0.45524609 -0.48210458  2.48636754 -0.20675273  0.16694364 -0.95642527]\n [ 0.15748834 -1.24762754 -0.20675273  2.7291858   0.2740596  -0.08193552]\n [ 2.09452534  1.91936359  0.16694364  0.2740596   2.30533604  0.57918643]\n [ 1.91067599  2.31097724 -0.95642527 -0.08193552  0.57918643  2.21756599]]", "nfev": "210", "njev": "30", "status": "0", "success": "True", "message": "Optimization terminated successfully.", "x": "[-1.55347534 -1.41745226  1.36879747  4.05375669 -0.26539149 -0.64748306]", "nit": "22", "callback": [0.6779465922669694, 0.5692772359633429, 0.37147736853241065, 0.16474476840129715, 0.136139198194553, 0.1319878328276296, 0.12855336517309546, 0.12299941601664621, 0.11272491913597005, 0.07912480437111002, 0.07326796623702192, 0.06316662577564947, 0.04752472201918012, 0.03912403726943803, 0.03866604269557827, 0.03841780971910447, 0.03828285677152188, 0.03827242441311518, 0.03827162895464786, 0.03827144915125813, 0.03827141403792411, 0.03827141284838309]}, "11": {"maxiter": 500, "gtol": 1e-05, "xrtol": 1e-10, "eps": 1e-10, "duration": 0.08226633071899414, "fun": "0.038271412814543715", "jac": "[3.33066880e-06 3.33066880e-06 3.33066880e-06 3.33066880e-06\n 1.11022293e-06 1.11022293e-06]", "hess_inv": "[[ 5.3305646   3.56034468 -0.35769475  0.1103604   2.07192106  1.90488842]\n [ 3.56034468  6.60694675 -0.36761438 -1.22160422  1.99470841  2.35188803]\n [-0.35769475 -0.36761438  2.5083559  -0.16566472  0.24600731 -0.91313611]\n [ 0.1103604  -1.22160422 -0.16566472  2.6693377   0.2430224  -0.0888417 ]\n [ 2.07192106  1.99470841  0.24600731  0.2430224   2.3063895   0.58505162]\n [ 1.90488842  2.35188803 -0.91313611 -0.0888417   0.58505162  2.22273081]]", "nfev": "210", "njev": "30", "status": "0", "success": "True", "message": "Optimization terminated successfully.", "x": "[-1.55351074 -1.41750723  1.36880581  4.0537045  -0.26533216 -0.64739356]", "nit": "22", "callback": [0.6779459241470714, 0.5692745548157279, 0.37146733353442707, 0.16473396327238576, 0.13614055047761775, 0.13198965120301576, 0.12855581160420626, 0.12300249853054113, 0.11273045591447828, 0.07912740963807163, 0.07327081964269211, 0.06316918932490212, 0.04752521024821699, 0.03912198714176662, 0.03866509680914576, 0.03841740590946352, 0.038282821370747566, 0.03827241215273247, 0.038271628037460426, 0.03827145009552446, 0.038271414773464296, 0.038271412814543715]}, "12": {"maxiter": 500, "gtol": 1e-10, "xrtol": 1e-05, "eps": 1e-05, "duration": 0.08312582969665527, "fun": "0.03827141284741575", "jac": "[-2.77222689e-07 -1.92001970e-07  1.35063072e-06  2.70310441e-06\n  8.45112869e-07  1.17634791e-06]", "hess_inv": "[[ 5.40056207  3.51303011 -0.41655355  0.20857216  2.11794655  1.91849273]\n [ 3.51303011  6.34751835 -0.55034808 -1.20585642  1.91678319  2.30200241]\n [-0.41655355 -0.55034808  2.50525573 -0.03868151  0.22041368 -0.94738657]\n [ 0.20857216 -1.20585642 -0.03868151  2.9659942   0.38017538 -0.04743732]\n [ 2.11794655  1.91678319  0.22041368  0.38017538  2.34813467  0.59128472]\n [ 1.91849273  2.30200241 -0.94738657 -0.04743732  0.59128472  2.22021538]]", "nfev": "224", "njev": "32", "status": "0", "success": "True", "message": "Optimization terminated successfully.", "x": "[-1.55347584 -1.41745179  1.36879677  4.05375447 -0.26539229 -0.64748325]", "nit": "23", "callback": [0.6779465922669694, 0.5692772359633429, 0.37147736853241065, 0.16474476840129715, 0.136139198194553, 0.1319878328276296, 0.12855336517309546, 0.12299941601664621, 0.11272491913597005, 0.07912480437111002, 0.07326796623702192, 0.06316662577564947, 0.04752472201918012, 0.03912403726943803, 0.03866604269557827, 0.03841780971910447, 0.03828285677152188, 0.03827242441311518, 0.038271628