{"date": "2024/10/08/, 20:39:13", "conf_id": 28, "data_type": "random\n", "num_data_points": 2, "s_rank": 0, "unitary": "[[-0.53618537-0.34368723j,-0.12107031-0.46226139j,-0.07699282-0.46603512j,0.36022595-0.11472301j],[0.26026499-0.63450712j,-0.56616638+0.37832564j,-0.14988651+0.08458591j,0.10363514-0.16008501j],[-0.32580188-0.11070003j,-0.36476308-0.23593218j,0.02559343+0.41761608j,-0.25598305+0.6725303j],[0.07406738-0.0126433j,0.28513701+0.19483972j,-0.74939717-0.10299659j,0.29798249+0.46269921j]]", "databatch_0": {"databatch": "[[[2.78743414e-01+0.07382166j,-2.49752120e-01+0.11808011j,-1.10473855e-01-0.47296656j,-6.25341296e-02+0.10575807j],[-5.39107080e-02-0.14446834j,-1.89642480e-02+0.03835783j,-2.64002094e-04+0.03398402j,1.57446329e-01-0.29974955j],[1.28636622e-03+0.01497286j,-1.06409636e-01-0.00205637j,9.42635252e-02-0.14458711j,-7.99052289e-03-0.19766753j],[-1.65057661e-01-0.0636643j,-4.95115694e-02+0.09689637j,2.17952341e-02-0.10601316j,-2.31410428e-01-0.50916721j]],[[-8.22791846e-02+0.18330686j,1.40896208e-01+0.26073833j,1.42642718e-01-0.3226968j,3.20300048e-04-0.3901239j],[-2.71128866e-02+0.05710871j,-5.07091251e-02+0.13992289j,1.90779929e-01+0.03430144j,2.11503622e-01-0.25088662j],[7.97536593e-02+0.02701607j,1.52271258e-01-0.17055012j,-3.40092890e-01-0.08341821j,-2.72315797e-01+0.24291544j],[-2.59148375e-02+0.07629723j,8.07764686e-02-0.05165997j,-2.23800388e-01-0.08759361j,-4.66906838e-02+0.18149963j]]]", "initial param values": "[6.01216143,5.8016999,6.20727352,3.60713037,1.50077765,2.20365306]", "nelder_mead": {"type": "gradient-free", "0": {"maxiter": 100, "fatol": 1e-05, "xatol": 1e-05, "duration": 0.0877220630645752, "fun": "0.2948307865581641", "nit": "100", "nfev": "162", "status": "2", "success": "False", "message": "Maximum number of iterations has been exceeded.", "x": "[4.71957368 5.78194636 8.33384032 5.73980092 0.6318699  2.64388027]", "final_simplex": "(array([[4.71957368, 5.78194636, 8.33384032, 5.73980092, 0.6318699 ,\n        2.64388027],\n       [4.69082779, 5.77982648, 8.3479408 , 5.75314097, 0.64267453,\n        2.6339609 ],\n       [4.7219735 , 5.76039411, 8.32550361, 5.721601  , 0.63530267,\n        2.65977231],\n       [4.68513975, 5.75033304, 8.30659592, 5.72722965, 0.64338847,\n        2.66565273],\n       [4.71122076, 5.7730188 , 8.28789906, 5.70436673, 0.65883755,\n        2.62831043],\n       [4.68682119, 5.76220351, 8.33245759, 5.71420268, 0.65246005,\n        2.63413297],\n       [4.68705329, 5.75948378, 8.31170103, 5.72392303, 0.67854735,\n        2.57714678]]), array([0.29483079, 0.29487877, 0.29488278, 0.29489384, 0.29501182,\n       0.29503616, 0.29508195]))", "callback": [0.7544576098886663, 0.46119001340432053, 0.43344382862355346, 0.32456286764069886, 0.3109872952386795, 0.30439554012221304, 0.29918582627659507, 0.2973040988066906, 0.295438650854118, 0.29501182255884717]}, "1": {"maxiter": 100, "fatol": 1e-05, "xatol": 1e-10, "duration": 0.06707596778869629, "fun": "0.2948307865581641", "nit": "100", "nfev": "162", "status": "2", "success": "False", "message": "Maximum number of iterations has been exceeded.", "x": "[4.71957368 5.78194636 8.33384032 5.73980092 0.6318699  2.64388027]", "final_simplex": "(array([[4.71957368, 5.78194636, 8.33384032, 5.73980092, 0.6318699 ,\n        2.64388027],\n       [4.69082779, 5.77982648, 8.3479408 , 5.75314097, 0.64267453,\n        2.6339609 ],\n       [4.7219735 , 5.76039411, 8.32550361, 5.721601  , 0.63530267,\n        2.65977231],\n       [4.68513975, 5.75033304, 8.30659592, 5.72722965, 0.64338847,\n        2.66565273],\n       [4.71122076, 5.7730188 , 8.28789906, 5.70436673, 0.65883755,\n        2.62831043],\n       [4.68682119, 5.76220351, 8.33245759, 5.71420268, 0.65246005,\n        2.63413297],\n       [4.68705329, 5.75948378, 8.31170103, 5.72392303, 0.67854735,\n        2.57714678]]), array([0.29483079, 0.29487877, 0.29488278, 0.29489384, 0.29501182,\n       0.29503616, 0.29508195]))", "callback": [0.7544576098886663, 0.46119001340432053, 0.43344382862355346, 0.32456286764069886, 0.3109872952386795, 0.30439554012221304, 0.29918582627659507, 0.2973040988066906, 0.295438650854118, 0.29501182255884717]}, "2": {"maxiter": 100, "fatol": 1e-10, "xatol": 1e-05, "duration": 0.06104779243469238, "fun": "0.2948307865581641", "nit": "100", "nfev": "162", "status": "2", "success": "False", "message": "Maximum number of iterations has been exceeded.", "x": "[4.71957368 5.78194636 8.33384032 5.73980092 0.6318699  2.64388027]", "final_simplex": "(array([[4.71957368, 5.78194636, 8.33384032, 5.73980092, 0.6318699 ,\n        2.64388027],\n       [4.69082779, 5.77982648, 8.3479408 , 5.75314097, 0.64267453,\n        2.6339609 ],\n       [4.7219735 , 5.76039411, 8.32550361, 5.721601  , 0.63530267,\n        2.65977231],\n       [4.68513975, 5.75033304, 8.30659592, 5.72722965, 0.64338847,\n        2.66565273],\n       [4.71122076, 5.7730188 , 8.28789906, 5.70436673, 0.65883755,\n        2.62831043],\n       [4.68682119, 5.76220351, 8.33245759, 5.71420268, 0.65246005,\n        2.63413297],\n       [4.68705329, 5.75948378, 8.31170103, 5.72392303, 0.67854735,\n        2.57714678]]), array([0.29483079, 0.29487877, 0.29488278, 0.29489384, 0.29501182,\n       0.29503616, 0.29508195]))", "callback": [0.7544576098886663, 0.46119001340432053, 0.43344382862355346, 0.32456286764069886, 0.3109872952386795, 0.30439554012221304, 0.29918582627659507, 0.2973040988066906, 0.295438650854118, 0.29501182255884717]}, "3": {"maxiter": 100, "fatol": 1e-10, "xatol": 1e-10, "duration": 0.061141014099121094, "fun": "0.2948307865581641", "nit": "100", "nfev": "162", "status": "2", "success": "False", "message": "Maximum number of iterations has been exceeded.", "x": "[4.71957368 5.78194636 8.33384032 5.73980092 0.6318699  2.64388027]", "final_simplex": "(array([[4.71957368, 5.78194636, 8.33384032, 5.73980092, 0.6318699 ,\n        2.64388027],\n       [4.69082779, 5.77982648, 8.3479408 , 5.75314097, 0.64267453,\n        2.6339609 ],\n       [4.7219735 , 5.76039411, 8.32550361, 5.721601  , 0.63530267,\n        2.65977231],\n       [4.68513975, 5.75033304, 8.30659592, 5.72722965, 0.64338847,\n        2.66565273],\n       [4.71122076, 5.7730188 , 8.28789906, 5.70436673, 0.65883755,\n        2.62831043],\n       [4.68682119, 5.76220351, 8.33245759, 5.71420268, 0.65246005,\n        2.63413297],\n       [4.68705329, 5.75948378, 8.31170103, 5.72392303, 0.67854735,\n        2.57714678]]), array([0.29483079, 0.29487877, 0.29488278, 0.29489384, 0.29501182,\n       0.29503616, 0.29508195]))", "callback": [0.7544576098886663, 0.46119001340432053, 0.43344382862355346, 0.32456286764069886, 0.3109872952386795, 0.30439554012221304, 0.29918582627659507, 0.2973040988066906, 0.295438650854118, 0.29501182255884717]}, "4": {"maxiter": 500, "fatol": 1e-05, "xatol": 1e-05, "duration": 0.20434308052062988, "fun": "0.2941039819541602", "nit": "371", "nfev": "582", "status": "0", "success": "True", "message": "Optimization terminated successfully.", "x": "[4.69735453 5.75503262 8.31971606 5.754593   0.76234955 2.55519156]", "final_simplex": "(array([[4.69735453, 5.75503262, 8.31971606, 5.754593  , 0.76234955,\n        2.55519156],\n       [4.69735803, 5.75503185, 8.31971774, 5.75459675, 0.76234125,\n        2.5551991 ],\n       [4.69735838, 5.75503003, 8.31971939, 5.7545954 , 0.76234394,\n        2.55519429],\n       [4.69735643, 5.75503105, 8.31971495, 5.75459462, 0.76234723,\n        2.55519276],\n       [4.69735261, 5.75503422, 8.31971528, 5.75459339, 0.76234926,\n        2.55519269],\n       [4.69735708, 5.75503314, 8.31971541, 5.75459392, 0.76234562,\n        2.55519356],\n       [4.69735297, 5.75503162, 8.31971435, 5.75459075, 0.76234724,\n        2.55519426]]), array([0.29410398, 0.29410398, 0.29410398, 0.29410398, 0.29410398,\n       0.29410398, 0.29410398]))", "callback": [0.7544576098886663, 0.46119001340432053, 0.43344382862355346, 0.32456286764069886, 0.3109872952386795, 0.30439554012221304, 0.29918582627659507, 0.2973040988066906, 0.295438650854118, 0.29501182255884717, 0.2947602204433277, 0.2946543648581016, 0.2946028974282321, 0.2945274884625241, 0.29445012662334924, 0.29442695458868196, 0.2944130749387056, 0.294374600812638, 0.29430697365404734, 0.29422830377288, 0.29419665247786797, 0.2941766359581981, 0.2941364910743691, 0.29411928951932587, 0.294109937816345, 0.2941053034820056, 0.29410428953901346, 0.29410421498618355, 0.29410401645257733, 0.29410400051117846, 0.29410398677103733, 0.29410398415160777, 0.2941039827924461, 0.2941039821072414, 0.29410398205935984, 0.29410398196975684, 0.29410398195484877, 0.2941039819541602]}, "5": {"maxiter": 500, "fatol": 1e-05, "xatol": 1e-10, "duration": 0.30353522300720215, "fun": "0.29410398195295606", "nit": "488", "nfev": "830", "status": "0", "success": "True", "message": "Optimization terminated successfully.", "x": "[4.69735548 5.75503144 8.31971841 5.75459593 0.76234434 2.55519497]", "final_simplex": "(array([[4.69735548, 5.75503144, 8.31971841, 5.75459593, 0.76234434,\n        2.55519497],\n       [4.69735548, 5.75503144, 8.31971841, 5.75459593, 0.76234434,\n        2.55519497],\n       [4.69735548, 5.75503144, 8.31971841, 5.75459593, 0.76234434,\n        2.55519497],\n       [4.69735548, 5.75503144, 8.31971841, 5.75459593, 0.76234434,\n        2.55519497],\n       [4.69735548, 5.75503144, 8.31971841, 5.75459593, 0.76234434,\n        2.55519497],\n       [4.69735548, 5.75503144, 8.31971841, 5.75459593, 0.76234434,\n        2.55519497],\n       [4.69735548, 5.75503144, 8.31971841, 5.75459593, 0.76234434,\n        2.55519497]]), array([0.29410398, 0.29410398, 0.29410398, 0.29410398, 0.29410398,\n       0.29410398, 0.29410398]))", "callback": [0.7544576098886663, 0.46119001340432053, 0.43344382862355346, 0.32456286764069886, 0.3109872952386795, 0.30439554012221304, 0.29918582627659507, 0.2973040988066906, 0.295438650854118, 0.29501182255884717, 0.2947602204433277, 0.2946543648581016, 0.2946028974282321, 0.2945274884625241, 0.29445012662334924, 0.29442695458868196, 0.2944130749387056, 0.294374600812638, 0.29430697365404734, 0.29422830377288, 0.29419665247786797, 0.2941766359581981, 0.2941364910743691, 0.29411928951932587, 0.294109937816345, 0.2941053034820056, 0.29410428953901346, 0.29410421498618355, 0.29410401645257733, 0.29410400051117846, 0.29410398677103733, 0.29410398415160777, 0.2941039827924461, 0.2941039821072414, 0.29410398205935984, 0.29410398196975684, 0.29410398195484877, 0.2941039819540977, 0.29410398195343546, 0.29410398195326504, 0.2941039819531506, 0.29410398195300425, 0.2941039819529667, 0.29410398195295917, 0.29410398195295706, 0.2941039819529564, 0.29410398195295606, 0.29410398195295606, 0.29410398195295606]}, "6": {"maxiter": 500, "fatol": 1e-10, "xatol": 1e-05, "duration": 0.22473502159118652, "fun": "0.2941039819541602", "nit": "371", "nfev": "582", "status": "0", "success": "True", "message": "Optimization terminated successfully.", "x": "[4.69735453 5.75503262 8.31971606 5.754593   0.76234955 2.55519156]", "final_simplex": "(array([[4.69735453, 5.75503262, 8.31971606, 5.754593  , 0.76234955,\n        2.55519156],\n       [4.69735803, 5.75503185, 8.31971774, 5.75459675, 0.76234125,\n        2.5551991 ],\n       [4.69735838, 5.75503003, 8.31971939, 5.7545954 , 0.76234394,\n        2.55519429],\n       [4.69735643, 5.75503105, 8.31971495, 5.75459462, 0.76234723,\n        2.55519276],\n       [4.69735261, 5.75503422, 8.31971528, 5.75459339, 0.76234926,\n        2.55519269],\n       [4.69735708, 5.75503314, 8.31971541, 5.75459392, 0.76234562,\n        2.55519356],\n       [4.69735297, 5.75503162, 8.31971435, 5.75459075, 0.76234724,\n        2.55519426]]), array([0.29410398, 0.29410398, 0.29410398, 0.29410398, 0.29410398,\n       0.29410398, 0.29410398]))", "callback": [0.7544576098886663, 0.46119001340432053, 0.43344382862355346, 0.32456286764069886, 0.3109872952386795, 0.30439554012221304, 0.29918582627659507, 0.2973040988066906, 0.295438650854118, 0.29501182255884717, 0.2947602204433277, 0.2946543648581016, 0.2946028974282321, 0.2945274884625241, 0.29445012662334924, 0.29442695458868196, 0.2944130749387056, 0.294374600812638, 0.29430697365404734, 0.29422830377288, 0.29419665247786797, 0.2941766359581981, 0.2941364910743691, 0.29411928951932587, 0.294109937816345, 0.2941053034820056, 0.29410428953901346, 0.29410421498618355, 0.29410401645257733, 0.29410400051117846, 0.29410398677103733, 0.29410398415160777, 0.2941039827924461, 0.2941039821072414, 0.29410398205935984, 0.29410398196975684, 0.29410398195484877, 0.2941039819541602]}, "7": {"maxiter": 500, "fatol": 1e-10, "xatol": 1e-10, "duration": 0.3014988899230957, "fun": "0.29410398195295606", "nit": "488", "nfev": "830", "status": "0", "success": "True", "message": "Optimization terminated successfully.", "x": "[4.69735548 5.75503144 8.31971841 5.75459593 0.76234434 2.55519497]", "final_simplex": "(array([[4.69735548, 5.75503144, 8.31971841, 5.75459593, 0.76234434,\n        2.55519497],\n       [4.69735548, 5.75503144, 8.31971841, 5.75459593, 0.76234434,\n        2.55519497],\n       [4.69735548, 5.75503144, 8.31971841, 5.75459593, 0.76234434,\n        2.55519497],\n       [4.69735548, 5.75503144, 8.31971841, 5.75459593, 0.76234434,\n        2.55519497],\n       [4.69735548, 5.75503144, 8.31971841, 5.75459593, 0.76234434,\n        2.55519497],\n       [4.69735548, 5.75503144, 8.31971841, 5.75459593, 0.76234434,\n        2.55519497],\n       [4.69735548, 5.75503144, 8.31971841, 5.75459593, 0.76234434,\n        2.55519497]]), array([0.29410398, 0.29410398, 0.29410398, 0.29410398, 0.29410398,\n       0.29410398, 0.29410398]))", "callback": [0.7544576098886663, 0.46119001340432053, 0.43344382862355346, 0.32456286764069886, 0.3109872952386795, 0.30439554012221304, 0.29918582627659507, 0.2973040988066906, 0.295438650854118, 0.29501182255884717, 0.2947602204433277, 0.2946543648581016, 0.2946028974282321, 0.2945274884625241, 0.29445012662334924, 0.29442695458868196, 0.2944130749387056, 0.294374600812638, 0.29430697365404734, 0.29422830377288, 0.29419665247786797, 0.2941766359581981, 0.2941364910743691, 0.29411928951932587, 0.294109937816345, 0.2941053034820056, 0.29410428953901346, 0.29410421498618355, 0.29410401645257733, 0.29410400051117846, 0.29410398677103733, 0.29410398415160777, 0.2941039827924461, 0.2941039821072414, 0.29410398205935984, 0.29410398196975684, 0.29410398195484877, 0.2941039819540977, 0.29410398195343546, 0.29410398195326504, 0.2941039819531506, 0.29410398195300425, 0.2941039819529667, 0.29410398195295917, 0.29410398195295706, 0.2941039819529564, 0.29410398195295606, 0.29410398195295606, 0.29410398195295606]}, "8": {"maxiter": 1000, "fatol": 1e-05, "xatol": 1e-05, "duration": 0.21008086204528809, "fun": "0.2941039819541602", "nit": "371", "nfev": "582", "status": "0", "success": "True", "message": "Optimization terminated successfully.", "x": "[4.69735453 5.75503262 8.31971606 5.754593   0.76234955 2.55519156]", "final_simplex": "(array([[4.69735453, 5.75503262, 8.31971606, 5.754593  , 0.76234955,\n        2.55519156],\n       [4.69735803, 5.75503185, 8.31971774, 5.75459675, 0.76234125,\n        2.5551991 ],\n       [4.69735838, 5.75503003, 8.31971939, 5.7545954 , 0.76234394,\n        2.55519429],\n       [4.69735643, 5.75503105, 8.31971495, 5.75459462, 0.76234723,\n        2.55519276],\n       [4.69735261, 5.75503422, 8.31971528, 5.75459339, 0.76234926,\n        2.55519269],\n       [4.69735708, 5.75503314, 8.31971541, 5.75459392, 0.76234562,\n        2.55519356],\n       [4.69735297, 5.75503162, 8.31971435, 5.75459075, 0.76234724,\n        2.55519426]]), array([0.29410398, 0.29410398, 0.29410398, 0.29410398, 0.29410398,\n       0.29410398, 0.29410398]))", "callback": [0.7544576098886663, 0.46119001340432053, 0.43344382862355346, 0.32456286764069886, 0.3109872952386795, 0.30439554012221304, 0.29918582627659507, 0.2973040988066906, 0.295438650854118, 0.29501182255884717, 0.2947602204433277, 0.2946543648581016, 0.2946028974282321, 0.2945274884625241, 0.29445012662334924, 0.29442695458868196, 0.2944130749387056, 0.294374600812638, 0.29430697365404734, 0.29422830377288, 0.29419665247786797, 0.2941766359581981, 0.2941364910743691, 0.29411928951932587, 0.294109937816345, 0.2941053034820056, 0.29410428953901346, 0.29410421498618355, 0.29410401645257733, 0.29410400051117846, 0.29410398677103733, 0.29410398415160777, 0.2941039827924461, 0.2941039821072414, 0.29410398205935984, 0.29410398196975684, 0.29410398195484877, 0.2941039819541602]}, "9": {"maxiter": 1000, "fatol": 1e-05, "xatol": 1e-10, "duration": 0.29512906074523926, "fun": "0.29410398195295606", "nit": "488", "nfev": "830", "status": "0", "success": "True", "message": "Optimization terminated successfully.", "x": "[4.69735548 5.75503144 8.31971841 5.75459593 0.76234434 2.55519497]", "final_simplex": "(array([[4.69735548, 5.75503144, 8.31971841, 5.75459593, 0.76234434,\n        2.55519497],\n       [4.69735548, 5.75503144, 8.31971841, 5.75459593, 0.76234434,\n        2.55519497],\n       [4.69735548, 5.75503144, 8.31971841, 5.75459593, 0.76234434,\n        2.55519497],\n       [4.69735548, 5.75503144, 8.31971841, 5.75459593, 0.76234434,\n        2.55519497],\n       [4.69735548, 5.75503144, 8.31971841, 5.75459593, 0.76234434,\n        2.55519497],\n       [4.69735548, 5.75503144, 8.31971841, 5.75459593, 0.76234434,\n        2.55519497],\n       [4.69735548, 5.75503144, 8.31971841, 5.75459593, 0.76234434,\n        2.55519497]]), array([0.29410398, 0.29410398, 0.29410398, 0.29410398, 0.29410398,\n       0.29410398, 0.29410398]))", "callback": [0.7544576098886663, 0.46119001340432053, 0.43344382862355346, 0.32456286764069886, 0.3109872952386795, 0.30439554012221304, 0.29918582627659507, 0.2973040988066906, 0.295438650854118, 0.29501182255884717, 0.2947602204433277, 0.2946543648581016, 0.2946028974282321, 0.2945274884625241, 0.29445012662334924, 0.29442695458868196, 0.2944130749387056, 0.294374600812638, 0.29430697365404734, 0.29422830377288, 0.29419665247786797, 0.2941766359581981, 0.2941364910743691, 0.29411928951932587, 0.294109937816345, 0.2941053034820056, 0.29410428953901346, 0.29410421498618355, 0.29410401645257733, 0.29410400051117846, 0.29410398677103733, 0.29410398415160777, 0.2941039827924461, 0.2941039821072414, 0.29410398205935984, 0.29410398196975684, 0.29410398195484877, 0.2941039819540977, 0.29410398195343546, 0.29410398195326504, 0.2941039819531506, 0.29410398195300425, 0.2941039819529667, 0.29410398195295917, 0.29410398195295706, 0.2941039819529564, 0.29410398195295606, 0.29410398195295606, 0.29410398195295606]}, "10": {"maxiter": 1000, "fatol": 1e-10, "xatol": 1e-05, "duration": 0.21944594383239746, "fun": "0.2941039819541602", "nit": "371", "nfev": "582", "status": "0", "success": "True", "message": "Optimization terminated successfully.", "x": "[4.69735453 5.75503262 8.31971606 5.754593   0.76234955 2.55519156]", "final_simplex": "(array([[4.69735453, 5.75503262, 8.31971606, 5.754593  , 0.76234955,\n        2.55519156],\n       [4.69735803, 5.75503185, 8.31971774, 5.75459675, 0.76234125,\n        2.5551991 ],\n       [4.69735838, 5.75503003, 8.31971939, 5.7545954 , 0.76234394,\n        2.55519429],\n       [4.69735643, 5.75503105, 8.31971495, 5.75459462, 0.76234723,\n        2.55519276],\n       [4.69735261, 5.75503422, 8.31971528, 5.75459339, 0.76234926,\n        2.55519269],\n       [4.69735708, 5.75503314, 8.31971541, 5.75459392, 0.76234562,\n        2.55519356],\n       [4.69735297, 5.75503162, 8.31971435, 5.75459075, 0.76234724,\n        2.55519426]]), array([0.29410398, 0.29410398, 0.29410398, 0.29410398, 0.29410398,\n       0.29410398, 0.29410398]))", "callback": [0.7544576098886663, 0.46119001340432053, 0.43344382862355346, 0.32456286764069886, 0.3109872952386795, 0.30439554012221304, 0.29918582627659507, 0.2973040988066906, 0.295438650854118, 0.29501182255884717, 0.2947602204433277, 0.2946543648581016, 0.2946028974282321, 0.2945274884625241, 0.29445012662334924, 0.29442695458868196, 0.2944130749387056, 0.294374600812638, 0.29430697365404734, 0.29422830377288, 0.29419665247786797, 0.2941766359581981, 0.2941364910743691, 0.29411928951932587, 0.294109937816345, 0.2941053034820056, 0.29410428953901346, 0.29410421498618355, 0.29410401645257733, 0.29410400051117846, 0.29410398677103733, 0.29410398415160777, 0.2941039827924461, 0.2941039821072414, 0.29410398205935984, 0.29410398196975684, 0.29410398195484877, 0.2941039819541602]}, "11": {"maxiter": 1000, "fatol": 1e-10, "xatol": 1e-10, "duration": 0.28519701957702637, "fun": "0.29410398195295606", "nit": "488", "nfev": "830", "status": "0", "success": "True", "message": "Optimization terminated successfully.", "x": "[4.69735548 5.75503144 8.31971841 5.75459593 0.76234434 2.55519497]", "final_simplex": "(array([[4.69735548, 5.75503144, 8.31971841, 5.75459593, 0.76234434,\n        2.55519497],\n       [4.69735548, 5.75503144, 8.31971841, 5.75459593, 0.76234434,\n        2.55519497],\n       [4.69735548, 5.75503144, 8.31971841, 5.75459593, 0.76234434,\n        2.55519497],\n       [4.69735548, 5.75503144, 8.31971841, 5.75459593, 0.76234434,\n        2.55519497],\n       [4.69735548, 5.75503144, 8.31971841, 5.75459593, 0.76234434,\n        2.55519497],\n       [4.69735548, 5.75503144, 8.31971841, 5.75459593, 0.76234434,\n        2.55519497],\n       [4.69735548, 5.75503144, 8.31971841, 5.75459593, 0.76234434,\n        2.55519497]]), array([0.29410398, 0.29410398, 0.29410398, 0.29410398, 0.29410398,\n       0.29410398, 0.29410398]))", "callback": [0.7544576098886663, 0.46119001340432053, 0.43344382862355346, 0.32456286764069886, 0.3109872952386795, 0.30439554012221304, 0.29918582627659507, 0.2973040988066906, 0.295438650854118, 0.29501182255884717, 0.2947602204433277, 0.2946543648581016, 0.2946028974282321, 0.2945274884625241, 0.29445012662334924, 0.29442695458868196, 0.2944130749387056, 0.294374600812638, 0.29430697365404734, 0.29422830377288, 0.29419665247786797, 0.2941766359581981, 0.2941364910743691, 0.29411928951932587, 0.294109937816345, 0.2941053034820056, 0.29410428953901346, 0.29410421498618355, 0.29410401645257733, 0.29410400051117846, 0.29410398677103733, 0.29410398415160777, 0.2941039827924461, 0.2941039821072414, 0.29410398205935984, 0.29410398196975684, 0.29410398195484877, 0.2941039819540977, 0.29410398195343546, 0.29410398195326504, 0.2941039819531506, 0.29410398195300425, 0.2941039819529667, 0.29410398195295917, 0.29410398195295706, 0.2941039819529564, 0.29410398195295606, 0.29410398195295606, 0.29410398195295606]}}, "bfgs": {"type": "gradient", "0": {"maxiter": 100, "gtol": 1e-05, "xrtol": 1e-05, "eps": 1e-05, "duration": 0.054945945739746094, "fun": "0.29410398198126786", "jac": "[ 5.99653660e-07  5.68034508e-07  2.39358533e-06 -1.52986512e-06\n  7.21067650e-07  1.17907906e-06]", "hess_inv": "[[  6.20321127  -1.4717949    2.53201199   3.56244994  -6.77184699\n    4.84151369]\n [ -1.4717949    4.1042929   -1.36287376  -2.19961591   1.86585181\n   -1.90819016]\n [  2.53201199  -1.36287376   6.02922988   5.1835755   -5.13772484\n    3.79847159]\n [  3.56244994  -2.19961591   5.1835755    7.80009464  -6.09085365\n    4.86237533]\n [ -6.77184699   1.86585181  -5.13772484  -6.09085365  21.67080492\n  -18.24694639]\n [  4.84151369  -1.90819016   3.79847159   4.86237533 -18.24694639\n   18.50901017]]", "nfev": "168", "njev": "24", "status": "0", "success": "True", "message": "Optimization terminated successfully.", "x": "[4.69734475 5.75503535 8.31970912 5.75457699 0.76235066 2.55518977]", "nit": "22", "callback": [0.7152308922232822, 0.6537127737961365, 0.5560998222366226, 0.4057578863343845, 0.3608280229734435, 0.3225574968919307, 0.3139409846162027, 0.3033789192904691, 0.29981384760188734, 0.2964778474048787, 0.2954635496658282, 0.29498812801303054, 0.29460682122827486, 0.29432898072745184, 0.29417741227507666, 0.2941254656168101, 0.29411353735521784, 0.29410676256483725, 0.29410439713288516, 0.2941040035102034, 0.2941039824818148, 0.29410398198126786]}, "1": {"maxiter": 100, "gtol": 1e-05, "xrtol": 1e-05, "eps": 1e-10, "duration": 0.06210684776306152, "fun": "0.29410398208595734", "jac": "[5.55111466e-06 1.11022293e-06 3.33066880e-06 4.44089173e-06\n 3.33066880e-06 2.22044587e-06]", "hess_inv": "[[  6.43633127  -1.48703836   2.69909272   3.88002486  -7.07578037\n    4.99973856]\n [ -1.48703836   4.04588732  -1.32399311  -2.17697952   2.02792532\n   -1.97867349]\n [  2.69909272  -1.32399311   6.10546037   5.37113157  -5.45835338\n    3.94692001]\n [  3.88002486  -2.17697952   5.37113157   8.19479754  -6.61869221\n    5.12398054]\n [ -7.07578037   2.02792532  -5.45835338  -6.61869221  21.70019381\n  -18.27000521]\n [  4.99973856  -1.97867349   3.94692001   5.12398054 -18.27000521\n   18.5091693 ]]", "nfev": "168", "njev": "24", "status": "0", "success": "True", "message": "Optimization terminated successfully.", "x": "[4.69738816 5.75502055 8.31975084 5.75463527 0.76230849 2.55522861]", "nit": "22", "callback": [0.7152308515076893, 0.6537129840285248, 0.5560996725027065, 0.40575661763319937, 0.36082674962656147, 0.32255715363550985, 0.31394040574156823, 0.30337886522941293, 0.29981360131503454, 0.29647788815570597, 0.2954636258939458, 0.29498844176512096, 0.2946068515669359, 0.29432907719770174, 0.2941774539863875, 0.2941254398421904, 0.29411352681601965, 0.29410676482321896, 0.29410438337907796, 0.2941040032014983, 0.2941039825149061, 0.29410398208595734]}, "2": {"maxiter": 100, "gtol": 1e-05, "xrtol": 1e-10, "eps": 1e-05, "duration": 0.06805706024169922, "fun": "0.29410398198126786", "jac": "[ 5.99653660e-07  5.68034508e-07  2.39358533e-06 -1.52986512e-06\n  7.21067650e-07  1.17907906e-06]", "hess_inv": "[[  6.20321127  -1.4717949    2.53201199   3.56244994  -6.77184699\n    4.84151369]\n [ -1.4717949    4.1042929   -1.36287376  -2.19961591   1.86585181\n   -1.90819016]\n [  2.53201199  -1.36287376   6.02922988   5.1835755   -5.13772484\n    3.79847159]\n [  3.56244994  -2.19961591   5.1835755    7.80009464  -6.09085365\n    4.86237533]\n [ -6.77184699   1.86585181  -5.13772484  -6.09085365  21.67080492\n  -18.24694639]\n [  4.84151369  -1.90819016   3.79847159   4.86237533 -18.24694639\n   18.50901017]]", "nfev": "168", "njev": "24", "status": "0", "success": "True", "message": "Optimization terminated successfully.", "x": "[4.69734475 5.75503535 8.31970912 5.75457699 0.76235066 2.55518977]", "nit": "22", "callback": [0.7152308922232822, 0.6537127737961365, 0.5560998222366226, 0.4057578863343845, 0.3608280229734435, 0.3225574968919307, 0.3139409846162027, 0.3033789192904691, 0.29981384760188734, 0.2964778474048787, 0.2954635496658282, 0.29498812801303054, 0.29460682122827486, 0.29432898072745184, 0.29417741227507666, 0.2941254656168101, 0.29411353735521784, 0.29410676256483725, 0.29410439713288516, 0.2941040035102034, 0.2941039824818148, 0.29410398198126786]}, "3": {"maxiter": 100, "gtol": 1e-05, "xrtol": 1e-10, "eps": 1e-10, "duration": 0.06831789016723633, "fun": "0.29410398208595734", "jac": "[5.55111466e-06 1.11022293e-06 3.33066880e-06 4.44089173e-06\n 3.33066880e-06 2.22044587e-06]", "hess_inv": "[[  6.43633127  -1.48703836   2.69909272   3.88002486  -7.07578037\n    4.99973856]\n [ -1.48703836   4.04588732  -1.32399311  -2.17697952   2.02792532\n   -1.97867349]\n [  2.69909272  -1.32399311   6.10546037   5.37113157  -5.45835338\n    3.94692001]\n [  3.88002486  -2.17697952   5.37113157   8.19479754  -6.61869221\n    5.12398054]\n [ -7.07578037   2.02792532  -5.45835338  -6.61869221  21.70019381\n  -18.27000521]\n [  4.99973856  -1.97867349   3.94692001   5.12398054 -18.27000521\n   18.5091693 ]]", "nfev": "168", "njev": "24", "status": "0", "success": "True", "message": "Optimization terminated successfully.", "x": "[4.69738816 5.75502055 8.31975084 5.75463527 0.76230849 2.55522861]", "nit": "22", "callback": [0.7152308515076893, 0.6537129840285248, 0.5560996725027065, 0.40575661763319937, 0.36082674962656147, 0.32255715363550985, 0.31394040574156823, 0.30337886522941293, 0.29981360131503454, 0.29647788815570597, 0.2954636258939458, 0.29498844176512096, 0.2946068515669359, 0.29432907719770174, 0.2941774539863875, 0.2941254398421904, 0.29411352681601965, 0.29410676482321896, 0.29410438337907796, 0.2941040032014983, 0.2941039825149061, 0.29410398208595734]}, "4": {"maxiter": 100, "gtol": 1e-10, "xrtol": 1e-05, "eps": 1e-05, "duration": 0.06369185447692871, "fun": "0.29410398198126786", "jac": "[ 5.99653660e-07  5.68034508e-07  2.39358533e-06 -1.52986512e-06\n  7.21067650e-07  1.17907906e-06]", "hess_inv": "[[  6.20321127  -1.4717949    2.53201199   3.56244994  -6.77184699\n    4.84151369]\n [ -1.4717949    4.1042929   -1.36287376  -2.19961591   1.86585181\n   -1.90819016]\n [  2.53201199  -1.36287376   6.02922988   5.1835755   -5.13772484\n    3.79847159]\n [  3.56244994  -2.19961591   5.1835755    7.80009464  -6.09085365\n    4.86237533]\n [ -6.77184699   1.86585181  -5.13772484  -6.09085365  21.67080492\n  -18.24694639]\n [  4.84151369  -1.90819016   3.79847159   4.86237533 -18.24694639\n   18.50901017]]", "nfev": "168", "njev": "24", "status": "0", "success": "True", "message": "Optimization terminated successfully.", "x": "[4.69734475 5.75503535 8.31970912 5.75457699 0.76235066 2.55518977]", "nit": "22", "callback": [0.7152308922232822, 0.6537127737961365, 0.5560998222366226, 0.4057578863343845, 0.3608280229734435, 0.3225574968919307, 0.3139409846162027, 0.3033789192904691, 0.29981384760188734, 0.2964778474048787, 0.2954635496658282, 0.29498812801303054, 0.29460682122827486, 0.29432898072745184, 0.29417741227507666, 0.2941254656168101, 0.29411353735521784, 0.29410676256483725, 0.29410439713288516, 0.2941040035102034, 0.2941039824818148, 0.29410398198126786]}, "5": {"maxiter": 100, "gtol": 1e-10, "xrtol": 1e-05, "eps": 1e-10, "duration": 0.059105873107910156, "fun": "0.29410398208595734", "jac": "[5.55111466e-06 1.11022293e-06 3.33066880e-06 4.44089173e-06\n 3.33066880e-06 2.22044587e-06]", "hess_inv": "[[  6.43633127  -1.48703836   2.69909272   3.88002486  -7.07578037\n    4.99973856]\n [ -1.48703836   4.04588732  -1.32399311  -2.17697952   2.02792532\n   -1.97867349]\n [  2.69909272  -1.32399311   6.10546037   5.37113157  -5.45835338\n    3.94692001]\n [  3.88002486  -2.17697952   5.37113157   8.19479754  -6.61869221\n    5.12398054]\n [ -7.07578037   2.02792532  -5.45835338  -6.61869221  21.70019381\n  -18.27000521]\n [  4.99973856  -1.97867349   3.94692001   5.12398054 -18.27000521\n   18.5091693 ]]", "nfev": "168", "njev": "24", "status": "0", "success": "True", "message": "Optimization terminated successfully.", "x": "[4.69738816 5.75502055 8.31975084 5.75463527 0.76230849 2.55522861]", "nit": "22", "callback": [0.7152308515076893, 0.6537129840285248, 0.5560996725027065, 0.40575661763319937, 0.36082674962656147, 0.32255715363550985, 0.31394040574156823, 0.30337886522941293, 0.29981360131503454, 0.29647788815570597, 0.2954636258939458, 0.29498844176512096, 0.2946068515669359, 0.29432907719770174, 0.2941774539863875, 0.2941254398421904, 0.29411352681601965, 0.29410676482321896, 0.29410438337907796, 0.2941040032014983, 0.2941039825149061, 0.29410398208595734]}, "6": {"maxiter": 100, "gtol": 1e-10, "xrtol": 1e-10, "eps": 1e-05, "duration": 0.1210627555847168, "fun": "0.29410398198126786", "jac": "[ 5.99653660e-07  5.68034508e-07  2.39358533e-06 -1.52986512e-06\n  7.21067650e-07  1.17907906e-06]", "hess_inv": "[[  6.26587243  -1.57171408   2.70892122   3.57641644  -6.93907506\n    5.13767173]\n [ -1.57171408   3.99863715  -1.49810775  -2.28305091   2.14447348\n   -2.08934468]\n [  2.70892122  -1.49810775   6.44729457   5.25690591  -5.61648342\n    4.47326866]\n [  3.57641644  -2.28305091   5.25690591   7.78908974  -6.12536623\n    4.99557683]\n [ -6.93907506   2.14447348  -5.61648342  -6.12536623  22.11655785\n  -19.05046249]\n [  5.13767173  -2.08934468   4.47326866   4.99557683 -19.05046249\n   19.58897232]]", "nfev": "327", "njev": "45", "status": "2", "success": "False", "message": "Desired error not necessarily achieved due to precision loss.", "x": "[4.69734475 5.75503535 8.31970912 5.75457699 0.76235066 2.55518977]", "nit": "22", "callback": [0.7152308922232822, 0.6537127737961365, 0.5560998222366226, 0.4057578863343845, 0.3608280229734435, 0.3225574968919307, 0.3139409846162027, 0.3033789192904691, 0.29981384760188734, 0.2964778474048787, 0.2954635496658282, 0.29498812801303054, 0.29460682122827486, 0.29432898072745184, 0.29417741227507666, 0.2941254656168101, 0.29411353735521784, 0.29410676256483725, 0.29410439713288516, 0.2941040035102034, 0.2941039824818148, 0.29410398198126786]}, "7": {"maxiter": 100, "gtol": 1e-10, "xrtol": 1e-10, "eps": 1e-10, "duration": 0.14311504364013672, "fun": "0.2941039819613317", "jac": "[2.22044587e-06 1.11022293e-06 0.00000000e+00 2.22044587e-06\n 2.22044587e-06 1.11022293e-06]", "hess_inv": "[[ 13.13631731 -15.44856262   4.57720946   1.94420586 -10.49821294\n    2.64134099]\n [-15.44856262  18.16931264  -5.38323088  -2.28648294  12.34492545\n   -3.10747918]\n [  4.57720946  -5.38323088   1.60540606   0.67265707  -3.66577409\n    0.92658197]\n [  1.94420586  -2.28648294   0.67265707   0.29173938  -1.55156682\n    0.38711053]\n [-10.49821294  12.34492545  -3.66577409  -1.55156682   8.40794693\n   -2.11311819]\n [  2.64134099  -3.10747918   0.92658197   0.38711053  -2.11311819\n    0.53769009]]", "nfev": "448", "njev": "64", "status": "0", "success": "True", "message": "Optimization terminated successfully.", "x": "[4.69736368 5.75503274 8.31972397 5.75460088 0.76233297 2.55520639]", "nit": "34", "callback": [0.7152308515076893, 0.6537129840285248, 0.5560996725027065, 0.40575661763319937, 0.36082674962656147, 0.32255715363550985, 0.31394040574156823, 0.30337886522941293, 0.29981360131503454, 0.29647788815570597, 0.2954636258939458, 0.29498844176512096, 0.2946068515669359, 0.29432907719770174, 0.2941774539863875, 0.2941254398421904, 0.29411352681601965, 0.29410676482321896, 0.29410438337907796, 0.2941040032014983, 0.2941039825149061, 0.29410398208595734, 0.29410398198458654, 0.294103981961785, 0.29410398196174226, 0.2941039819617153, 0.2941039819617033, 0.2941039819616812, 0.2941039819616381, 0.2941039819615574, 0.2941039819614547, 0.29410398196138277, 0.2941039819613317, 0.2941039819613317]}, "8": {"maxiter": 500, "gtol": 1e-05, "xrtol": 1e-05, "eps": 1e-05, "duration": 0.06648492813110352, "fun": "0.29410398198126786", "jac": "[ 5.99653660e-07  5.68034508e-07  2.39358533e-06 -1.52986512e-06\n  7.21067650e-07  1.17907906e-06]", "hess_inv": "[[  6.20321127  -1.4717949    2.53201199   3.56244994  -6.77184699\n    4.84151369]\n [ -1.4717949    4.1042929   -1.36287376  -2.19961591   1.86585181\n   -1.90819016]\n [  2.53201199  -1.36287376   6.02922988   5.1835755   -5.13772484\n    3.79847159]\n [  3.56244994  -2.19961591   5.1835755    7.80009464  -6.09085365\n    4.86237533]\n [ -6.77184699   1.86585181  -5.13772484  -6.09085365  21.67080492\n  -18.24694639]\n [  4.84151369  -1.90819016   3.79847159   4.86237533 -18.24694639\n   18.50901017]]", "nfev": "168", "njev": "24", "status": "0", "success": "True", "message": "Optimization terminated successfully.", "x": "[4.69734475 5.75503535 8.31970912 5.75457699 0.76235066 2.55518977]", "nit": "22", "callback": [0.7152308922232822, 0.6537127737961365, 0.5560998222366226, 0.4057578863343845, 0.3608280229734435, 0.3225574968919307, 0.3139409846162027, 0.3033789192904691, 0.29981384760188734, 0.2964778474048787, 0.2954635496658282, 0.29498812801303054, 0.29460682122827486, 0.29432898072745184, 0.29417741227507666, 0.2941254656168101, 0.29411353735521784, 0.29410676256483725, 0.29410439713288516, 0.2941040035102034, 0.2941039824818148, 0.29410398198126786]}, "9": {"maxiter": 500, "gtol": 1e-05, "xrtol": 1e-05, "eps": 1e-10, "duration": 0.05760002136230469, "fun": "0.29410398208595734", "jac": "[5.55111466e-06 1.11022293e-06 3.33066880e-06 4.44089173e-06\n 3.33066880e-06 2.22044587e-06]", "hess_inv": "[[  6.43633127  -1.48703836   2.69909272   3.88002486  -7.07578037\n    4.99973856]\n [ -1.48703836   4.04588732  -1.32399311  -2.17697952   2.02792532\n   -1.97867349]\n [  2.69909272  -1.32399311   6.10546037   5.37113157  -5.45835338\n    3.94692001]\n [  3.88002486  -2.17697952   5.37113157   8.19479754  -6.61869221\n    5.12398054]\n [ -7.07578037   2.02792532  -5.45835338  -6.61869221  21.70019381\n  -18.27000521]\n [  4.99973856  -1.97867349   3.94692001   5.12398054 -18.27000521\n   18.5091693 ]]", "nfev": "168", "njev": "24", "status": "0", "success": "True", "message": "Optimization terminated successfully.", "x": "[4.69738816 5.75502055 8.31975084 5.75463527 0.76230849 2.55522861]", "nit": "22", "callback": [0.7152308515076893, 0.6537129840285248, 0.5560996725027065, 0.40575661763319937, 0.36082674962656147, 0.32255715363550985, 0.31394040574156823, 0.30337886522941293, 0.29981360131503454, 0.29647788815570597, 0.2954636258939458, 0.29498844176512096, 0.2946068515669359, 0.29432907719770174, 0.2941774539863875, 0.2941254398421904, 0.29411352681601965, 0.29410676482321896, 0.29410438337907796, 0.2941040032014983, 0.2941039825149061, 0.29410398208595734]}, "10": {"maxiter": 500, "gtol": 1e-05, "xrtol": 1e-10, "eps": 1e-05, "duration": 0.06290197372436523, "fun": "0.29410398198126786", "jac": "[ 5.99653660e-07  5.68034508e-07  2.39358533e-06 -1.52986512e-06\n  7.21067650e-07  1.17907906e-06]", "hess_inv": "[[  6.20321127  -1.4717949    2.53201199   3.56244994  -6.77184699\n    4.84151369]\n [ -1.4717949    4.1042929   -1.36287376  -2.19961591   1.86585181\n   -1.90819016]\n [  2.53201199  -1.36287376   6.02922988   5.1835755   -5.13772484\n    3.79847159]\n [  3.56244994  -2.19961591   5.1835755    7.80009464  -6.09085365\n    4.86237533]\n [ -6.77184699   1.86585181  -5.13772484  -6.09085365  21.67080492\n  -18.24694639]\n [  4.84151369  -1.90819016   3.79847159   4.86237533 -18.24694639\n   18.50901017]]", "nfev": "168", "njev": "24", "status": "0", "success": "True", "message": "Optimization terminated successfully.", "x": "[4.69734475 5.75503535 8.31970912 5.75457699 0.76235066 2.55518977]", "nit": "22", "callback": [0.7152308922232822, 0.6537127737961365, 0.5560998222366226, 0.4057578863343845, 0.3608280229734435, 0.3225574968919307, 0.3139409846162027, 0.3033789192904691, 0.29981384760188734, 0.2964778474048787, 0.2954635496658282, 0.29498812801303054, 0.29460682122827486, 0.29432898072745184, 0.29417741227507666, 0.2941254656168101, 0.29411353735521784, 0.29410676256483725, 0.29410439713288516, 0.2941040035102034, 0.2941039824818148, 0.29410398198126786]}, "11": {"maxiter": 500, "gtol": 1e-05, "xrtol": 1e-10, "eps": 1e-10, "duration": 0.05544710159301758, "fun": "0.29410398208595734", "jac": "[5.55111466e-06 1.11022293e-06 3.33066880e-06 4.44089173e-06\n 3.33066880e-06 2.22044587e-06]", "hess_inv": "[[  6.43633127  -1.48703836   2.69909272   3.88002486  -7.07578037\n    4.99973856]\n [ -1.48703836   4.04588732  -1.32399311  -2.17697952   2.02792532\n   -1.97867349]\n [  2.69909272  -1.32399311   6.10546037   5.37113157  -5.45835338\n    3.94692001]\n [  3.88002486  -2.17697952   5.37113157   8.19479754  -6.61869221\n    5.12398054]\n [ -7.07578037   2.02792532  -5.45835338  -6.61869221  21.70019381\n  -18.27000521]\n [  4.99973856  -1.97867349   3.94692001   5.12398054 -18.27000521\n   18.5091693 ]]", "nfev": "168", "njev": "24", "status": "0", "success": "True", "message": "Optimization terminated successfully.", "x": "[4.69738816 5.75502055 8.31975084 5.75463527 0.76230849 2.55522861]", "nit": "22", "callback": [0.7152308515076893, 0.6537129840285248, 0.5560996725027065, 0.40575661763319937, 0.36082674962656147, 0.32255715363550985, 0.31394040574156823, 0.30337886522941293, 0.29981360131503454, 0.29647788815570597, 0.2954636258939458, 0.29498844176512096, 0.2946068515669359, 0.29432907719770174, 0.2941774539863875, 0.2941254398421904, 0.29411352681601965, 0.29410676482321896, 0.29410438337907796, 0.2941040032014983, 0.294103982514