{"date": "2024/10/08/, 17:00:11", "conf_id": 14, "data_type": "random\n", "num_data_points": 1, "s_rank": 0, "unitary": "[[-0.24866696+0.58742286j,-0.44704345-0.43151574j,-0.35669027-0.20570733j,-0.10517633+0.1626036j],[0.10596805-0.19687975j,-0.30269685-0.15056416j,0.18246286+0.30440582j,-0.83484447-0.11310748j],[0.26054512-0.52548482j,0.0285017-0.50723956j,-0.43110112+0.17165838j,0.15243271+0.39915801j],[0.42978035+0.11991271j,-0.17224126-0.46030424j,0.6827807-0.15164662j,0.26483638+0.0061855j]]", "databatch_0": {"databatch": "[[[0.15169572-0.09500404j,0.04355583+0.05107387j,-0.1302028+0.01970885j,-0.04737121+0.06704456j],[0.11428584-0.13513436j,0.05028393+0.08793043j,-0.09232017-0.00222247j,-0.07440784+0.08119812j],[-0.65663537-0.21386257j,0.2183777-0.37342643j,0.27817202+0.12417652j,0.13061599+0.12095881j],[0.23683184+0.08193342j,0.03608788+0.05901949j,-0.1232546-0.01767372j,-0.03685959-0.06443045j]]]", "initial param values": "[3.50757968,2.66022512,3.54710613,3.60558976,3.50381686,3.36921869]", "nelder_mead": {"type": "gradient-free", "0": {"maxiter": 100, "fatol": 1e-05, "xatol": 1e-05, "duration": 0.051589250564575195, "fun": "0.04998175113253711", "nit": "100", "nfev": "160", "status": "2", "success": "False", "message": "Maximum number of iterations has been exceeded.", "x": "[4.86929286 2.82384102 1.54890803 4.32143494 5.00208692 2.92577598]", "final_simplex": "(array([[4.86929286, 2.82384102, 1.54890803, 4.32143494, 5.00208692,\n        2.92577598],\n       [4.8715852 , 2.8226189 , 1.54548038, 4.3322995 , 5.00259684,\n        2.9297201 ],\n       [4.86307924, 2.82611991, 1.54152427, 4.32097442, 5.00588247,\n        2.93061751],\n       [4.86219817, 2.83615796, 1.53370674, 4.33734335, 5.01326608,\n        2.92411315],\n       [4.85356882, 2.82024257, 1.55733786, 4.3179559 , 5.00629332,\n        2.91985193],\n       [4.87660959, 2.82228295, 1.55446772, 4.3262405 , 5.00151734,\n        2.92333941],\n       [4.87738691, 2.81974798, 1.53304773, 4.3258785 , 5.00817987,\n        2.92947393]]), array([0.04998175, 0.04998655, 0.04999042, 0.05001044, 0.05001773,\n       0.05001922, 0.05001927]))", "callback": [0.5725426365812927, 0.41658077395479987, 0.31057383334525035, 0.21345808478869288, 0.11703215033550218, 0.0646203996718907, 0.054052260821843445, 0.05103622063130453, 0.05032906762553757, 0.050028964652765295]}, "1": {"maxiter": 100, "fatol": 1e-05, "xatol": 1e-10, "duration": 0.04409074783325195, "fun": "0.04998175113253711", "nit": "100", "nfev": "160", "status": "2", "success": "False", "message": "Maximum number of iterations has been exceeded.", "x": "[4.86929286 2.82384102 1.54890803 4.32143494 5.00208692 2.92577598]", "final_simplex": "(array([[4.86929286, 2.82384102, 1.54890803, 4.32143494, 5.00208692,\n        2.92577598],\n       [4.8715852 , 2.8226189 , 1.54548038, 4.3322995 , 5.00259684,\n        2.9297201 ],\n       [4.86307924, 2.82611991, 1.54152427, 4.32097442, 5.00588247,\n        2.93061751],\n       [4.86219817, 2.83615796, 1.53370674, 4.33734335, 5.01326608,\n        2.92411315],\n       [4.85356882, 2.82024257, 1.55733786, 4.3179559 , 5.00629332,\n        2.91985193],\n       [4.87660959, 2.82228295, 1.55446772, 4.3262405 , 5.00151734,\n        2.92333941],\n       [4.87738691, 2.81974798, 1.53304773, 4.3258785 , 5.00817987,\n        2.92947393]]), array([0.04998175, 0.04998655, 0.04999042, 0.05001044, 0.05001773,\n       0.05001922, 0.05001927]))", "callback": [0.5725426365812927, 0.41658077395479987, 0.31057383334525035, 0.21345808478869288, 0.11703215033550218, 0.0646203996718907, 0.054052260821843445, 0.05103622063130453, 0.05032906762553757, 0.050028964652765295]}, "2": {"maxiter": 100, "fatol": 1e-10, "xatol": 1e-05, "duration": 0.05004525184631348, "fun": "0.04998175113253711", "nit": "100", "nfev": "160", "status": "2", "success": "False", "message": "Maximum number of iterations has been exceeded.", "x": "[4.86929286 2.82384102 1.54890803 4.32143494 5.00208692 2.92577598]", "final_simplex": "(array([[4.86929286, 2.82384102, 1.54890803, 4.32143494, 5.00208692,\n        2.92577598],\n       [4.8715852 , 2.8226189 , 1.54548038, 4.3322995 , 5.00259684,\n        2.9297201 ],\n       [4.86307924, 2.82611991, 1.54152427, 4.32097442, 5.00588247,\n        2.93061751],\n       [4.86219817, 2.83615796, 1.53370674, 4.33734335, 5.01326608,\n        2.92411315],\n       [4.85356882, 2.82024257, 1.55733786, 4.3179559 , 5.00629332,\n        2.91985193],\n       [4.87660959, 2.82228295, 1.55446772, 4.3262405 , 5.00151734,\n        2.92333941],\n       [4.87738691, 2.81974798, 1.53304773, 4.3258785 , 5.00817987,\n        2.92947393]]), array([0.04998175, 0.04998655, 0.04999042, 0.05001044, 0.05001773,\n       0.05001922, 0.05001927]))", "callback": [0.5725426365812927, 0.41658077395479987, 0.31057383334525035, 0.21345808478869288, 0.11703215033550218, 0.0646203996718907, 0.054052260821843445, 0.05103622063130453, 0.05032906762553757, 0.050028964652765295]}, "3": {"maxiter": 100, "fatol": 1e-10, "xatol": 1e-10, "duration": 0.052514076232910156, "fun": "0.04998175113253711", "nit": "100", "nfev": "160", "status": "2", "success": "False", "message": "Maximum number of iterations has been exceeded.", "x": "[4.86929286 2.82384102 1.54890803 4.32143494 5.00208692 2.92577598]", "final_simplex": "(array([[4.86929286, 2.82384102, 1.54890803, 4.32143494, 5.00208692,\n        2.92577598],\n       [4.8715852 , 2.8226189 , 1.54548038, 4.3322995 , 5.00259684,\n        2.9297201 ],\n       [4.86307924, 2.82611991, 1.54152427, 4.32097442, 5.00588247,\n        2.93061751],\n       [4.86219817, 2.83615796, 1.53370674, 4.33734335, 5.01326608,\n        2.92411315],\n       [4.85356882, 2.82024257, 1.55733786, 4.3179559 , 5.00629332,\n        2.91985193],\n       [4.87660959, 2.82228295, 1.55446772, 4.3262405 , 5.00151734,\n        2.92333941],\n       [4.87738691, 2.81974798, 1.53304773, 4.3258785 , 5.00817987,\n        2.92947393]]), array([0.04998175, 0.04998655, 0.04999042, 0.05001044, 0.05001773,\n       0.05001922, 0.05001927]))", "callback": [0.5725426365812927, 0.41658077395479987, 0.31057383334525035, 0.21345808478869288, 0.11703215033550218, 0.0646203996718907, 0.054052260821843445, 0.05103622063130453, 0.05032906762553757, 0.050028964652765295]}, "4": {"maxiter": 500, "fatol": 1e-05, "xatol": 1e-05, "duration": 0.17724609375, "fun": "0.04371551176048094", "nit": "398", "nfev": "639", "status": "0", "success": "True", "message": "Optimization terminated successfully.", "x": "[4.68729347 2.92829724 0.92987971 4.49600946 4.73948395 2.30366963]", "final_simplex": "(array([[4.68729347, 2.92829724, 0.92987971, 4.49600946, 4.73948395,\n        2.30366963],\n       [4.68729262, 2.92829576, 0.92988665, 4.4960083 , 4.73948133,\n        2.30367406],\n       [4.68729141, 2.92829705, 0.929887  , 4.49600564, 4.73948438,\n        2.30367583],\n       [4.68728577, 2.92830029, 0.92987298, 4.49601065, 4.73947881,\n        2.30366132],\n       [4.6872912 , 2.92829922, 0.92987439, 4.49601108, 4.73948363,\n        2.30367073],\n       [4.68728558, 2.92829784, 0.92987338, 4.49601033, 4.73948232,\n        2.30366747],\n       [4.68729329, 2.92829641, 0.9298829 , 4.49600525, 4.73948489,\n        2.30367713]]), array([0.04371551, 0.04371551, 0.04371551, 0.04371551, 0.04371551,\n       0.04371551, 0.04371551]))", "callback": [0.5725426365812927, 0.41658077395479987, 0.31057383334525035, 0.21345808478869288, 0.11703215033550218, 0.0646203996718907, 0.054052260821843445, 0.05103622063130453, 0.05032906762553757, 0.050028964652765295, 0.049975568108865276, 0.04994343625995623, 0.049907938825085374, 0.049855771408866434, 0.04971014083666514, 0.049363298256384525, 0.047472032429188626, 0.04593579297877237, 0.04510361995181744, 0.04478848278817582, 0.04469102041599027, 0.04451129051353375, 0.044274716730811736, 0.04397713889174326, 0.04374089566128758, 0.04373839125389123, 0.04372488977708189, 0.04371730830777054, 0.04371609118931752, 0.0437157754363684, 0.043715608638909, 0.04371556548125355, 0.04371552939357093, 0.04371552244302079, 0.043715515455211795, 0.04371551277496044, 0.043715511901889936, 0.04371551186025291, 0.04371551177830835, 0.0437155117619068]}, "5": {"maxiter": 500, "fatol": 1e-05, "xatol": 1e-10, "duration": 0.280627965927124, "fun": "0.043715511756128755", "nit": "500", "nfev": "859", "status": "2", "success": "False", "message": "Maximum number of iterations has been exceeded.", "x": "[4.68729156 2.92829749 0.92988151 4.49601228 4.7394825  2.30366406]", "final_simplex": "(array([[4.68729156, 2.92829749, 0.92988151, 4.49601228, 4.7394825 ,\n        2.30366406],\n       [4.68729156, 2.92829749, 0.92988151, 4.49601228, 4.7394825 ,\n        2.30366406],\n       [4.68729156, 2.92829749, 0.92988151, 4.49601228, 4.7394825 ,\n        2.30366406],\n       [4.68729156, 2.92829749, 0.92988151, 4.49601228, 4.7394825 ,\n        2.30366406],\n       [4.68729156, 2.92829749, 0.92988151, 4.49601228, 4.7394825 ,\n        2.30366406],\n       [4.68729156, 2.92829749, 0.92988151, 4.49601228, 4.7394825 ,\n        2.30366406],\n       [4.68729156, 2.92829749, 0.92988151, 4.49601228, 4.7394825 ,\n        2.30366406]]), array([0.04371551, 0.04371551, 0.04371551, 0.04371551, 0.04371551,\n       0.04371551, 0.04371551]))", "callback": [0.5725426365812927, 0.41658077395479987, 0.31057383334525035, 0.21345808478869288, 0.11703215033550218, 0.0646203996718907, 0.054052260821843445, 0.05103622063130453, 0.05032906762553757, 0.050028964652765295, 0.049975568108865276, 0.04994343625995623, 0.049907938825085374, 0.049855771408866434, 0.04971014083666514, 0.049363298256384525, 0.047472032429188626, 0.04593579297877237, 0.04510361995181744, 0.04478848278817582, 0.04469102041599027, 0.04451129051353375, 0.044274716730811736, 0.04397713889174326, 0.04374089566128758, 0.04373839125389123, 0.04372488977708189, 0.04371730830777054, 0.04371609118931752, 0.0437157754363684, 0.043715608638909, 0.04371556548125355, 0.04371552939357093, 0.04371552244302079, 0.043715515455211795, 0.04371551277496044, 0.043715511901889936, 0.04371551186025291, 0.04371551177830835, 0.0437155117619068, 0.04371551176048094, 0.043715511756970415, 0.043715511756498904, 0.04371551175625288, 0.04371551175615063, 0.04371551175613575, 0.04371551175613131, 0.043715511756129644, 0.04371551175612898, 0.043715511756128755]}, "6": {"maxiter": 500, "fatol": 1e-10, "xatol": 1e-05, "duration": 0.2014617919921875, "fun": "0.04371551176048094", "nit": "398", "nfev": "639", "status": "0", "success": "True", "message": "Optimization terminated successfully.", "x": "[4.68729347 2.92829724 0.92987971 4.49600946 4.73948395 2.30366963]", "final_simplex": "(array([[4.68729347, 2.92829724, 0.92987971, 4.49600946, 4.73948395,\n        2.30366963],\n       [4.68729262, 2.92829576, 0.92988665, 4.4960083 , 4.73948133,\n        2.30367406],\n       [4.68729141, 2.92829705, 0.929887  , 4.49600564, 4.73948438,\n        2.30367583],\n       [4.68728577, 2.92830029, 0.92987298, 4.49601065, 4.73947881,\n        2.30366132],\n       [4.6872912 , 2.92829922, 0.92987439, 4.49601108, 4.73948363,\n        2.30367073],\n       [4.68728558, 2.92829784, 0.92987338, 4.49601033, 4.73948232,\n        2.30366747],\n       [4.68729329, 2.92829641, 0.9298829 , 4.49600525, 4.73948489,\n        2.30367713]]), array([0.04371551, 0.04371551, 0.04371551, 0.04371551, 0.04371551,\n       0.04371551, 0.04371551]))", "callback": [0.5725426365812927, 0.41658077395479987, 0.31057383334525035, 0.21345808478869288, 0.11703215033550218, 0.0646203996718907, 0.054052260821843445, 0.05103622063130453, 0.05032906762553757, 0.050028964652765295, 0.049975568108865276, 0.04994343625995623, 0.049907938825085374, 0.049855771408866434, 0.04971014083666514, 0.049363298256384525, 0.047472032429188626, 0.04593579297877237, 0.04510361995181744, 0.04478848278817582, 0.04469102041599027, 0.04451129051353375, 0.044274716730811736, 0.04397713889174326, 0.04374089566128758, 0.04373839125389123, 0.04372488977708189, 0.04371730830777054, 0.04371609118931752, 0.0437157754363684, 0.043715608638909, 0.04371556548125355, 0.04371552939357093, 0.04371552244302079, 0.043715515455211795, 0.04371551277496044, 0.043715511901889936, 0.04371551186025291, 0.04371551177830835, 0.0437155117619068]}, "7": {"maxiter": 500, "fatol": 1e-10, "xatol": 1e-10, "duration": 0.26273417472839355, "fun": "0.043715511756128755", "nit": "500", "nfev": "859", "status": "2", "success": "False", "message": "Maximum number of iterations has been exceeded.", "x": "[4.68729156 2.92829749 0.92988151 4.49601228 4.7394825  2.30366406]", "final_simplex": "(array([[4.68729156, 2.92829749, 0.92988151, 4.49601228, 4.7394825 ,\n        2.30366406],\n       [4.68729156, 2.92829749, 0.92988151, 4.49601228, 4.7394825 ,\n        2.30366406],\n       [4.68729156, 2.92829749, 0.92988151, 4.49601228, 4.7394825 ,\n        2.30366406],\n       [4.68729156, 2.92829749, 0.92988151, 4.49601228, 4.7394825 ,\n        2.30366406],\n       [4.68729156, 2.92829749, 0.92988151, 4.49601228, 4.7394825 ,\n        2.30366406],\n       [4.68729156, 2.92829749, 0.92988151, 4.49601228, 4.7394825 ,\n        2.30366406],\n       [4.68729156, 2.92829749, 0.92988151, 4.49601228, 4.7394825 ,\n        2.30366406]]), array([0.04371551, 0.04371551, 0.04371551, 0.04371551, 0.04371551,\n       0.04371551, 0.04371551]))", "callback": [0.5725426365812927, 0.41658077395479987, 0.31057383334525035, 0.21345808478869288, 0.11703215033550218, 0.0646203996718907, 0.054052260821843445, 0.05103622063130453, 0.05032906762553757, 0.050028964652765295, 0.049975568108865276, 0.04994343625995623, 0.049907938825085374, 0.049855771408866434, 0.04971014083666514, 0.049363298256384525, 0.047472032429188626, 0.04593579297877237, 0.04510361995181744, 0.04478848278817582, 0.04469102041599027, 0.04451129051353375, 0.044274716730811736, 0.04397713889174326, 0.04374089566128758, 0.04373839125389123, 0.04372488977708189, 0.04371730830777054, 0.04371609118931752, 0.0437157754363684, 0.043715608638909, 0.04371556548125355, 0.04371552939357093, 0.04371552244302079, 0.043715515455211795, 0.04371551277496044, 0.043715511901889936, 0.04371551186025291, 0.04371551177830835, 0.0437155117619068, 0.04371551176048094, 0.043715511756970415, 0.043715511756498904, 0.04371551175625288, 0.04371551175615063, 0.04371551175613575, 0.04371551175613131, 0.043715511756129644, 0.04371551175612898, 0.043715511756128755]}, "8": {"maxiter": 1000, "fatol": 1e-05, "xatol": 1e-05, "duration": 0.20493388175964355, "fun": "0.04371551176048094", "nit": "398", "nfev": "639", "status": "0", "success": "True", "message": "Optimization terminated successfully.", "x": "[4.68729347 2.92829724 0.92987971 4.49600946 4.73948395 2.30366963]", "final_simplex": "(array([[4.68729347, 2.92829724, 0.92987971, 4.49600946, 4.73948395,\n        2.30366963],\n       [4.68729262, 2.92829576, 0.92988665, 4.4960083 , 4.73948133,\n        2.30367406],\n       [4.68729141, 2.92829705, 0.929887  , 4.49600564, 4.73948438,\n        2.30367583],\n       [4.68728577, 2.92830029, 0.92987298, 4.49601065, 4.73947881,\n        2.30366132],\n       [4.6872912 , 2.92829922, 0.92987439, 4.49601108, 4.73948363,\n        2.30367073],\n       [4.68728558, 2.92829784, 0.92987338, 4.49601033, 4.73948232,\n        2.30366747],\n       [4.68729329, 2.92829641, 0.9298829 , 4.49600525, 4.73948489,\n        2.30367713]]), array([0.04371551, 0.04371551, 0.04371551, 0.04371551, 0.04371551,\n       0.04371551, 0.04371551]))", "callback": [0.5725426365812927, 0.41658077395479987, 0.31057383334525035, 0.21345808478869288, 0.11703215033550218, 0.0646203996718907, 0.054052260821843445, 0.05103622063130453, 0.05032906762553757, 0.050028964652765295, 0.049975568108865276, 0.04994343625995623, 0.049907938825085374, 0.049855771408866434, 0.04971014083666514, 0.049363298256384525, 0.047472032429188626, 0.04593579297877237, 0.04510361995181744, 0.04478848278817582, 0.04469102041599027, 0.04451129051353375, 0.044274716730811736, 0.04397713889174326, 0.04374089566128758, 0.04373839125389123, 0.04372488977708189, 0.04371730830777054, 0.04371609118931752, 0.0437157754363684, 0.043715608638909, 0.04371556548125355, 0.04371552939357093, 0.04371552244302079, 0.043715515455211795, 0.04371551277496044, 0.043715511901889936, 0.04371551186025291, 0.04371551177830835, 0.0437155117619068]}, "9": {"maxiter": 1000, "fatol": 1e-05, "xatol": 1e-10, "duration": 0.285844087600708, "fun": "0.043715511756128755", "nit": "508", "nfev": "885", "status": "0", "success": "True", "message": "Optimization terminated successfully.", "x": "[4.68729156 2.92829749 0.92988151 4.49601228 4.7394825  2.30366406]", "final_simplex": "(array([[4.68729156, 2.92829749, 0.92988151, 4.49601228, 4.7394825 ,\n        2.30366406],\n       [4.68729156, 2.92829749, 0.92988151, 4.49601228, 4.7394825 ,\n        2.30366406],\n       [4.68729156, 2.92829749, 0.92988151, 4.49601228, 4.7394825 ,\n        2.30366406],\n       [4.68729156, 2.92829749, 0.92988151, 4.49601228, 4.7394825 ,\n        2.30366406],\n       [4.68729156, 2.92829749, 0.92988151, 4.49601228, 4.7394825 ,\n        2.30366406],\n       [4.68729156, 2.92829749, 0.92988151, 4.49601228, 4.7394825 ,\n        2.30366406],\n       [4.68729156, 2.92829749, 0.92988151, 4.49601228, 4.7394825 ,\n        2.30366406]]), array([0.04371551, 0.04371551, 0.04371551, 0.04371551, 0.04371551,\n       0.04371551, 0.04371551]))", "callback": [0.5725426365812927, 0.41658077395479987, 0.31057383334525035, 0.21345808478869288, 0.11703215033550218, 0.0646203996718907, 0.054052260821843445, 0.05103622063130453, 0.05032906762553757, 0.050028964652765295, 0.049975568108865276, 0.04994343625995623, 0.049907938825085374, 0.049855771408866434, 0.04971014083666514, 0.049363298256384525, 0.047472032429188626, 0.04593579297877237, 0.04510361995181744, 0.04478848278817582, 0.04469102041599027, 0.04451129051353375, 0.044274716730811736, 0.04397713889174326, 0.04374089566128758, 0.04373839125389123, 0.04372488977708189, 0.04371730830777054, 0.04371609118931752, 0.0437157754363684, 0.043715608638909, 0.04371556548125355, 0.04371552939357093, 0.04371552244302079, 0.043715515455211795, 0.04371551277496044, 0.043715511901889936, 0.04371551186025291, 0.04371551177830835, 0.0437155117619068, 0.04371551176048094, 0.043715511756970415, 0.043715511756498904, 0.04371551175625288, 0.04371551175615063, 0.04371551175613575, 0.04371551175613131, 0.043715511756129644, 0.04371551175612898, 0.043715511756128755, 0.043715511756128755]}, "10": {"maxiter": 1000, "fatol": 1e-10, "xatol": 1e-05, "duration": 0.19211792945861816, "fun": "0.04371551176048094", "nit": "398", "nfev": "639", "status": "0", "success": "True", "message": "Optimization terminated successfully.", "x": "[4.68729347 2.92829724 0.92987971 4.49600946 4.73948395 2.30366963]", "final_simplex": "(array([[4.68729347, 2.92829724, 0.92987971, 4.49600946, 4.73948395,\n        2.30366963],\n       [4.68729262, 2.92829576, 0.92988665, 4.4960083 , 4.73948133,\n        2.30367406],\n       [4.68729141, 2.92829705, 0.929887  , 4.49600564, 4.73948438,\n        2.30367583],\n       [4.68728577, 2.92830029, 0.92987298, 4.49601065, 4.73947881,\n        2.30366132],\n       [4.6872912 , 2.92829922, 0.92987439, 4.49601108, 4.73948363,\n        2.30367073],\n       [4.68728558, 2.92829784, 0.92987338, 4.49601033, 4.73948232,\n        2.30366747],\n       [4.68729329, 2.92829641, 0.9298829 , 4.49600525, 4.73948489,\n        2.30367713]]), array([0.04371551, 0.04371551, 0.04371551, 0.04371551, 0.04371551,\n       0.04371551, 0.04371551]))", "callback": [0.5725426365812927, 0.41658077395479987, 0.31057383334525035, 0.21345808478869288, 0.11703215033550218, 0.0646203996718907, 0.054052260821843445, 0.05103622063130453, 0.05032906762553757, 0.050028964652765295, 0.049975568108865276, 0.04994343625995623, 0.049907938825085374, 0.049855771408866434, 0.04971014083666514, 0.049363298256384525, 0.047472032429188626, 0.04593579297877237, 0.04510361995181744, 0.04478848278817582, 0.04469102041599027, 0.04451129051353375, 0.044274716730811736, 0.04397713889174326, 0.04374089566128758, 0.04373839125389123, 0.04372488977708189, 0.04371730830777054, 0.04371609118931752, 0.0437157754363684, 0.043715608638909, 0.04371556548125355, 0.04371552939357093, 0.04371552244302079, 0.043715515455211795, 0.04371551277496044, 0.043715511901889936, 0.04371551186025291, 0.04371551177830835, 0.0437155117619068]}, "11": {"maxiter": 1000, "fatol": 1e-10, "xatol": 1e-10, "duration": 0.27602076530456543, "fun": "0.043715511756128755", "nit": "508", "nfev": "885", "status": "0", "success": "True", "message": "Optimization terminated successfully.", "x": "[4.68729156 2.92829749 0.92988151 4.49601228 4.7394825  2.30366406]", "final_simplex": "(array([[4.68729156, 2.92829749, 0.92988151, 4.49601228, 4.7394825 ,\n        2.30366406],\n       [4.68729156, 2.92829749, 0.92988151, 4.49601228, 4.7394825 ,\n        2.30366406],\n       [4.68729156, 2.92829749, 0.92988151, 4.49601228, 4.7394825 ,\n        2.30366406],\n       [4.68729156, 2.92829749, 0.92988151, 4.49601228, 4.7394825 ,\n        2.30366406],\n       [4.68729156, 2.92829749, 0.92988151, 4.49601228, 4.7394825 ,\n        2.30366406],\n       [4.68729156, 2.92829749, 0.92988151, 4.49601228, 4.7394825 ,\n        2.30366406],\n       [4.68729156, 2.92829749, 0.92988151, 4.49601228, 4.7394825 ,\n        2.30366406]]), array([0.04371551, 0.04371551, 0.04371551, 0.04371551, 0.04371551,\n       0.04371551, 0.04371551]))", "callback": [0.5725426365812927, 0.41658077395479987, 0.31057383334525035, 0.21345808478869288, 0.11703215033550218, 0.0646203996718907, 0.054052260821843445, 0.05103622063130453, 0.05032906762553757, 0.050028964652765295, 0.049975568108865276, 0.04994343625995623, 0.049907938825085374, 0.049855771408866434, 0.04971014083666514, 0.049363298256384525, 0.047472032429188626, 0.04593579297877237, 0.04510361995181744, 0.04478848278817582, 0.04469102041599027, 0.04451129051353375, 0.044274716730811736, 0.04397713889174326, 0.04374089566128758, 0.04373839125389123, 0.04372488977708189, 0.04371730830777054, 0.04371609118931752, 0.0437157754363684, 0.043715608638909, 0.04371556548125355, 0.04371552939357093, 0.04371552244302079, 0.043715515455211795, 0.04371551277496044, 0.043715511901889936, 0.04371551186025291, 0.04371551177830835, 0.0437155117619068, 0.04371551176048094, 0.043715511756970415, 0.043715511756498904, 0.04371551175625288, 0.04371551175615063, 0.04371551175613575, 0.04371551175613131, 0.043715511756129644, 0.04371551175612898, 0.043715511756128755, 0.043715511756128755]}}, "bfgs": {"type": "gradient", "0": {"maxiter": 100, "gtol": 1e-05, "xrtol": 1e-05, "eps": 1e-05, "duration": 0.0659933090209961, "fun": "0.04371551200819368", "jac": "[-3.97740729e-06 -4.73127093e-06  3.46500606e-07  5.67853542e-06\n  6.62475630e-06 -5.45374856e-07]", "hess_inv": "[[  5.68392087  -0.96829646   9.37852674  -2.38770321   2.43603049\n    8.49868815]\n [ -0.96829646   2.93859014  -2.92833802   1.37609681   0.15311172\n   -2.70075683]\n [  9.37852674  -2.92833802  30.50136004 -10.03400421   7.72625696\n   23.69702252]\n [ -2.38770321   1.37609681 -10.03400421   6.43829683  -3.0642067\n   -9.81816281]\n [  2.43603049   0.15311172   7.72625696  -3.0642067    5.02469051\n    8.25096558]\n [  8.49868815  -2.70075683  23.69702252  -9.81816281   8.25096558\n   27.59958704]]", "nfev": "196", "njev": "28", "status": "0", "success": "True", "message": "Optimization terminated successfully.", "x": "[4.6872461  2.92829456 0.92978783 4.49604898 4.73946076 2.30357415]", "nit": "26", "callback": [0.4980889520012284, 0.3816004903936131, 0.2096455448848228, 0.18600030167287052, 0.15499110528032867, 0.11126987555313517, 0.09023702605854667, 0.07746523697595387, 0.07073902779892627, 0.06767809481932696, 0.06608662093436002, 0.06523231514957928, 0.06414772675082148, 0.06233501977789013, 0.05908052527588781, 0.05431597070331695, 0.05046349423029528, 0.045880101206919766, 0.0440227651085191, 0.0438028285457116, 0.04377187761162371, 0.043749081729252515, 0.04372566473854822, 0.04371665956276538, 0.043715532634435283, 0.04371551200819368]}, "1": {"maxiter": 100, "gtol": 1e-05, "xrtol": 1e-05, "eps": 1e-10, "duration": 0.07044386863708496, "fun": "0.04371551220089487", "jac": "[-7.77156053e-06 -7.77156053e-06  2.22044587e-06  5.55111466e-06\n  3.33066880e-06 -6.66133760e-06]", "hess_inv": "[[ 5.3412857  -0.94503016  8.29999487 -2.23068621  1.89161079  7.59825925]\n [-0.94503016  3.12549269 -2.49801153  1.39338734  0.46213379 -2.51560605]\n [ 8.29999487 -2.49801153 27.82173505 -9.45841616  6.57936269 21.11378369]\n [-2.23068621  1.39338734 -9.45841616  6.37417617 -2.75035981 -9.37637692]\n [ 1.89161079  0.46213379  6.57936269 -2.75035981  4.61022823  7.02565836]\n [ 7.59825925 -2.51560605 21.11378369 -9.37637692  7.02565836 25.34398845]]", "nfev": "217", "njev": "31", "status": "0", "success": "True", "message": "Optimization terminated successfully.", "x": "[4.68723595 2.92830918 0.92975643 4.4960718  4.73945755 2.3035246 ]", "nit": "27", "callback": [0.4980887406247163, 0.38160071297044773, 0.20964385465163116, 0.1859984017269306, 0.15498954240300677, 0.11127103376750602, 0.09023686057839897, 0.07746371572645838, 0.07073979363460658, 0.06767914058983138, 0.06608818172578301, 0.06523374275882021, 0.06415014143043463, 0.06233721243397072, 0.059082588431694116, 0.05431951852425154, 0.05047735585228519, 0.04589228292141023, 0.044022567379985, 0.04380245546467609, 0.04377158418118643, 0.043748805357842535, 0.0437256185028404, 0.043716725144047786, 0.043715539996131314, 0.04371551220410519, 0.04371551220089487]}, "2": {"maxiter": 100, "gtol": 1e-05, "xrtol": 1e-10, "eps": 1e-05, "duration": 0.06660199165344238, "fun": "0.04371551200819368", "jac": "[-3.97740729e-06 -4.73127093e-06  3.46500606e-07  5.67853542e-06\n  6.62475630e-06 -5.45374856e-07]", "hess_inv": "[[  5.68392087  -0.96829646   9.37852674  -2.38770321   2.43603049\n    8.49868815]\n [ -0.96829646   2.93859014  -2.92833802   1.37609681   0.15311172\n   -2.70075683]\n [  9.37852674  -2.92833802  30.50136004 -10.03400421   7.72625696\n   23.69702252]\n [ -2.38770321   1.37609681 -10.03400421   6.43829683  -3.0642067\n   -9.81816281]\n [  2.43603049   0.15311172   7.72625696  -3.0642067    5.02469051\n    8.25096558]\n [  8.49868815  -2.70075683  23.69702252  -9.81816281   8.25096558\n   27.59958704]]", "nfev": "196", "njev": "28", "status": "0", "success": "True", "message": "Optimization terminated successfully.", "x": "[4.6872461  2.92829456 0.92978783 4.49604898 4.73946076 2.30357415]", "nit": "26", "callback": [0.4980889520012284, 0.3816004903936131, 0.2096455448848228, 0.18600030167287052, 0.15499110528032867, 0.11126987555313517, 0.09023702605854667, 0.07746523697595387, 0.07073902779892627, 0.06767809481932696, 0.06608662093436002, 0.06523231514957928, 0.06414772675082148, 0.06233501977789013, 0.05908052527588781, 0.05431597070331695, 0.05046349423029528, 0.045880101206919766, 0.0440227651085191, 0.0438028285457116, 0.04377187761162371, 0.043749081729252515, 0.04372566473854822, 0.04371665956276538, 0.043715532634435283, 0.04371551200819368]}, "3": {"maxiter": 100, "gtol": 1e-05, "xrtol": 1e-10, "eps": 1e-10, "duration": 0.07060813903808594, "fun": "0.04371551220089487", "jac": "[-7.77156053e-06 -7.77156053e-06  2.22044587e-06  5.55111466e-06\n  3.33066880e-06 -6.66133760e-06]", "hess_inv": "[[ 5.3412857  -0.94503016  8.29999487 -2.23068621  1.89161079  7.59825925]\n [-0.94503016  3.12549269 -2.49801153  1.39338734  0.46213379 -2.51560605]\n [ 8.29999487 -2.49801153 27.82173505 -9.45841616  6.57936269 21.11378369]\n [-2.23068621  1.39338734 -9.45841616  6.37417617 -2.75035981 -9.37637692]\n [ 1.89161079  0.46213379  6.57936269 -2.75035981  4.61022823  7.02565836]\n [ 7.59825925 -2.51560605 21.11378369 -9.37637692  7.02565836 25.34398845]]", "nfev": "217", "njev": "31", "status": "0", "success": "True", "message": "Optimization terminated successfully.", "x": "[4.68723595 2.92830918 0.92975643 4.4960718  4.73945755 2.3035246 ]", "nit": "27", "callback": [0.4980887406247163, 0.38160071297044773, 0.20964385465163116, 0.1859984017269306, 0.15498954240300677, 0.11127103376750602, 0.09023686057839897, 0.07746371572645838, 0.07073979363460658, 0.06767914058983138, 0.06608818172578301, 0.06523374275882021, 0.06415014143043463, 0.06233721243397072, 0.059082588431694116, 0.05431951852425154, 0.05047735585228519, 0.04589228292141023, 0.044022567379985, 0.04380245546467609, 0.04377158418118643, 0.043748805357842535, 0.0437256185028404, 0.043716725144047786, 0.043715539996131314, 0.04371551220410519, 0.04371551220089487]}, "4": {"maxiter": 100, "gtol": 1e-10, "xrtol": 1e-05, "eps": 1e-05, "duration": 0.06929802894592285, "fun": "0.043715511851689315", "jac": "[ 1.70352621e-07 -1.57729385e-07 -5.57776048e-08  2.03803641e-07\n  6.37934150e-08 -4.34430270e-08]", "hess_inv": "[[  5.9487729   -1.04180138   9.84774843  -2.64861119   2.44408652\n    8.99459702]\n [ -1.04180138   2.90604777  -3.07586138   1.49275039   0.1914153\n   -2.81347718]\n [  9.84774843  -3.07586138  31.3269979  -10.48178166   7.75377588\n   24.58373267]\n [ -2.64861119   1.49275039 -10.48178166   6.65834596  -3.10602103\n  -10.32750403]\n [  2.44408652   0.1914153    7.75377588  -3.10602103   4.99389344\n    8.24697524]\n [  8.99459702  -2.81347718  24.58373267 -10.32750403   8.24697524\n   28.51640597]]", "nfev": "203", "njev": "29", "status": "0", "success": "True", "message": "Optimization terminated successfully.", "x": "[4.68726517 2.92829395 0.92982316 4.49602628 4.73945776 2.30360766]", "nit": "27", "callback": [0.4980889520012284, 0.3816004903936131, 0.2096455448848228, 0.18600030167287052, 0.15499110528032867, 0.11126987555313517, 0.09023702605854667, 0.07746523697595387, 0.07073902779892627, 0.06767809481932696, 0.06608662093436002, 0.06523231514957928, 0.06414772675082148, 0.06233501977789013, 0.05908052527588781, 0.05431597070331695, 0.05046349423029528, 0.045880101206919766, 0.0440227651085191, 0.0438028285457116, 0.04377187761162371, 0.043749081729252515, 0.04372566473854822, 0.04371665956276538, 0.043715532634435283, 0.04371551200819368, 0.043715511851689315]}, "5": {"maxiter": 100, "gtol": 1e-10, "xrtol": 1e-05, "eps": 1e-10, "duration": 0.06383681297302246, "fun": "0.04371551220089487", "jac": "[-7.77156053e-06 -7.77156053e-06  2.22044587e-06  5.55111466e-06\n  3.33066880e-06 -6.66133760e-06]", "hess_inv": "[[ 5.3412857  -0.94503016  8.29999487 -2.23068621  1.89161079  7.59825925]\n [-0.94503016  3.12549269 -2.49801153  1.39338734  0.46213379 -2.51560605]\n [ 8.29999487 -2.49801153 27.82173505 -9.45841616  6.57936269 21.11378369]\n [-2.23068621  1.39338734 -9.45841616  6.37417617 -2.75035981 -9.37637692]\n [ 1.89161079  0.46213379  6.57936269 -2.75035981  4.61022823  7.02565836]\n [ 7.59825925 -2.51560605 21.11378369 -9.37637692  7.02565836 25.34398845]]", "nfev": "217", "njev": "31", "status": "0", "success": "True", "message": "Optimization terminated successfully.", "x": "[4.68723595 2.92830918 0.92975643 4.4960718  4.73945755 2.3035246 ]", "nit": "27", "callback": [0.4980887406247163, 0.38160071297044773, 0.20964385465163116, 0.1859984017269306, 0.15498954240300677, 0.11127103376750602, 0.09023686057839897, 0.07746371572645838, 0.07073979363460658, 0.06767914058983138, 0.06608818172578301, 0.06523374275882021, 0.06415014143043463, 0.06233721243397072, 0.059082588431694116, 0.05431951852425154, 0.05047735585228519, 0.04589228292141023, 0.044022567379985, 0.04380245546467609, 0.04377158418118643, 0.043748805357842535, 0.0437256185028404, 0.043716725144047786, 0.043715539996131314, 0.04371551220410519, 0.04371551220089487]}, "6": {"maxiter": 100, "gtol": 1e-10, "xrtol": 1e-10, "eps": 1e-05, "duration": 0.1371619701385498, "fun": "0.043715511848777644", "jac": "[ 9.01501096e-09 -5.69544412e-09  8.02691247e-09  6.51700915e-09\n  1.02140518e-09 -9.24815780e-09]", "hess_inv": "[[  5.90956085  -1.03566358   9.76119643  -2.61731508   2.4451123\n    8.94840789]\n [ -1.03566358   2.90741362  -3.00757435   1.44456948   0.21131642\n   -2.74263721]\n [  9.76119643  -3.00757435  31.0189428  -10.60781558   7.71260125\n   24.76953224]\n [ -2.61731508   1.44456948 -10.60781558   6.9561856   -3.17802276\n  -10.76565876]\n [  2.4451123    0.21131642   7.71260125  -3.17802276   4.97774285\n    8.35316594]\n [  8.94840789  -2.74263721  24.76953224 -10.76565876   8.35316594\n   29.16097727]]", "nfev": "438", "njev": "61", "status": "2", "success": "False", "message": "Desired error not necessarily achieved due to precision loss.", "x": "[4.68726535 2.92829397 0.92982556 4.4960247  4.73945849 2.30360997]", "nit": "28", "callback": [0.4980889520012284, 0.3816004903936131, 0.2096455448848228, 0.18600030167287052, 0.15499110528032867, 0.11126987555313517, 0.09023702605854667, 0.07746523697595387, 0.07073902779892627, 0.06767809481932696, 0.06608662093436002, 0.06523231514957928, 0.06414772675082148, 0.06233501977789013, 0.05908052527588781, 0.05431597070331695, 0.05046349423029528, 0.045880101206919766, 0.0440227651085191, 0.0438028285457116, 0.04377187761162371, 0.043749081729252515, 0.04372566473854822, 0.04371665956276538, 0.043715532634435283, 0.04371551200819368, 0.043715511851689315, 0.043715511848777644]}, "7": {"maxiter": 100, "gtol": 1e-10, "xrtol": 1e-10, "eps": 1e-10, "duration": 0.10492801666259766, "fun": "0.04371551204892565", "jac": "[-2.22044587e-06 -4.44089173e-06  1.11022293e-06  1.11022293e-06\n  1.11022293e-06 -2.22044587e-06]", "hess_inv": "[[ 10.8814404   -7.62118964  15.86516996  -0.25923661  -4.13044411\n   -2.55035523]\n [ -7.62118964   5.51103707 -11.39058295   0.09707639   2.99259235\n    1.5639262 ]\n [ 15.86516996 -11.39058295  23.91683667  -0.22905969  -6.44159839\n   -3.17138911]\n [ -0.25923661   0.09707639  -0.22905969   0.44858674  -0.08928058\n    0.20889399]\n [ -4.13044411   2.99259235  -6.44159839  -0.08928058   2.06031408\n    0.51165982]\n [ -2.55035523   1.5639262   -3.17138911   0.20889399   0.51165982\n    1.26427583]]", "nfev": "357", "njev": "51", "status": "0", "success": "True", "message": "Optimization terminated successfully.", "x": "[4.68724621 2.92829346 0.92976721 4.49604731 4.73943982 2.30355369]", "nit": "36", "callback": [0.4980887406247163, 0.38160071297044773, 0.20964385465163116, 0.1859984017269306, 0.15498954240300677, 0.11127103376750602, 0.09023686057839897, 0.07746371572645838, 0.07073979363460658, 0.06767914058983138, 0.06608818172578301, 0.06523374275882021, 0.06415014143043463, 0.06233721243397072, 0.059082588431694116, 0.05431951852425154, 0.05047735585228519, 0.04589228292141023, 0.044022567379985, 0.04380245546467609, 0.04377158418118643, 0.043748805357842535, 0.0437256185028404, 0.043716725144047786, 0.043715539996131314, 0.04371551220410519, 0.04371551220089487, 0.0437155121952979, 0.0437155121440691, 0.043715512093422504, 0.04371551208411939, 0.04371551207461666, 0.04371551206961466, 0.04371551206220037, 0.043715512048925764, 0.04371551204892565]}, "8": {"maxiter": 500, "gtol": 1e-05, "xrtol": 1e-05, "eps": 1e-05, "duration": 0.05956101417541504, "fun": "0.04371551200819368", "jac": "[-3.97740729e-06 -4.73127093e-06  3.46500606e-07  5.67853542e-06\n  6.62475630e-06 -5.45374856e-07]", "hess_inv": "[[  5.68392087  -0.96829646   9.37852674  -2.38770321   2.43603049\n    8.49868815]\n [ -0.96829646   2.93859014  -2.92833802   1.37609681   0.15311172\n   -2.70075683]\n [  9.37852674  -2.92833802  30.50136004 -10.03400421   7.72625696\n   23.69702252]\n [ -2.38770321   1.37609681 -10.03400421   6.43829683  -3.0642067\n   -9.81816281]\n [  2.43603049   0.15311172   7.72625696  -3.0642067    5.02469051\n    8.25096558]\n [  8.49868815  -2.70075683  23.69702252  -9.81816281   8.25096558\n   27.59958704]]", "nfev": "196", "njev": "28", "status": "0", "success": "True", "message": "Optimization terminated successfully.", "x": "[4.6872461  2.92829456 0.92978783 4.49604898 4.73946076 2.30357415]", "nit": "26", "callback": [0.4980889520012284, 0.3816004903936131, 0.2096455448848228, 0.18600030167287052, 0.15499110528032867, 0.11126987555313517, 0.09023702605854667, 0.07746523697595387, 0.07073902779892627, 0.06767809481932696, 0.06608662093436002, 0.06523231514957928, 0.06414772675082148, 0.06233501977789013, 0.05908052527588781, 0.05431597070331695, 0.05046349423029528, 0.045880101206919766, 0.0440227651085191, 0.0438028285457116, 0.04377187761162371, 0.043749081729252515, 0.04372566473854822, 0.04371665956276538, 0.043715532634435283, 0.04371551200819368]}, "9": {"maxiter": 500, "gtol": 1e-05, "xrtol": 1e-05, "eps": 1e-10, "duration": 0.06910181045532227, "fun": "0.04371551220089487", "jac": "[-7.77156053e-06 -7.77156053e-06  2.22044587e-06  5.55111466e-06\n  3.33066880e-06 -6.66133760e-06]", "hess_inv": "[[ 5.3412857  -0.94503016  8.29999487 -2.23068621  1.89161079  7.59825925]\n [-0.94503016  3.12549269 -2.49801153  1.39338734  0.46213379 -2.51560605]\n [ 8.29999487 -2.49801153 27.82173505 -9.45841616  6.57936269 21.11378369]\n [-2.23068621  1.39338734 -9.45841616  6.37417617 -2.75035981 -9.37637692]\n [ 1.89161079  0.46213379  6.57936269 -2.75035981  4.61022823  7.02565836]\n [ 7.59825925 -2.51560605 21.11378369 -9.37637692  7.02565836 25.34398845]]", "nfev": "217", "njev": "31", "status": "0", "success": "True", "message": "Optimization terminated successfully.", "x": "[4.68723595 2.92830918 0.92975643 4.4960718  4.73945755 2.3035246 ]", "nit": "27", "callback": [0.4980887406247163, 0.38160071297044773, 0.20964385465163116, 0.1859984017269306, 0.15498954240300677, 0.11127103376750602, 0.09023686057839897, 0.07746371572645838, 0.07073979363460658, 0.06767914058983138, 0.06608818172578301, 0.06523374275882021, 0.06415014143043463, 0.06233721243397072, 0.059082588431694116, 0.05431951852425154, 0.05047735585228519, 0.04589228292141023, 0.044022567379985, 0.04380245546467609, 0.04377158418118643, 0.043748805357842535, 0.0437256185028404, 0.043716725144047786, 0.043715539996131314, 0.04371551220410519, 0.04371551220089487]}, "10": {"maxiter": 500, "gtol": 1e-05, "xrtol": 1e-10, "eps": 1e-05, "duration": 0.0663299560546875, "fun": "0.04371551200819368", "jac": "[-3.97740729e-06 -4.73127093e-06  3.46500606e-07  5.67853542e-06\n  6.62475630e-06 -5.45374856e-07]", "hess_inv": "[[  5.68392087  -0.96829646   9.37852674  -2.38770321   2.43603049\n    8.49868815]\n [ -0.96829646   2.93859014  -2.92833802   1.37609681   0.15311172\n   -2.70075683]\n [  9.37852674  -2.92833802  30.50136004 -10.03400421   7.72625696\n   23.69702252]\n [ -2.38770321   1.37609681 -10.03400421   6.43829683  -3.0642067\n   -9.81816281]\n [  2.43603049   0.15311172   7.72625696  -3.0642067    5.02469051\n    8.25096558]\n [  8.49868815  -2.70075683  23.69702252  -9.81816281   8.25096558\n   27.59958704]]", "nfev": "196", "njev": "28", "status": "0", "success": "True", "message": "Optimization terminated successfully.", "x": "[4.6872461  2.92829456 0.92978783 4.49604898 4.73946076 2.30357415]", "nit": "26", "callback": [0.4980889520012284, 0.3816004903936131, 0.2096455448848228, 0.18600030167287052, 0.15499110528032867, 0.11126987555313517, 0.09023702605854667, 0.07746523697595387, 0.07073902779892627, 0.06767809481932696, 0.06608662093436002, 0.06523231514957928, 0.06414772675082148, 0.06233501977789013, 0.05908052527588781, 0.05431597070331695, 0.05046349423029528, 0.045880101206919766, 0.0440227651085191, 0.0438028285457116, 0.04377187761162371, 0.043749081729252515, 0.04372566473854822, 0.04371665956276538, 0.043715532634435283, 0.04371551200819368]}, "11": {"maxiter": 500, "gtol": 1e-05, "xrtol": 1e-10, "eps": 1e-10, "duration": 0.06816291809082031, "fun": "0.04371551220089487", "jac": "[-7.77156053e-06 -7.77156053e-06  2.22044587e-06  5.55111466e-06\n  3.33066880e-06 -6.66133760e-06]", "hess_inv": "[[ 5.3412857  -0.94503016  8.29999487 -2.23068621  1.89161079  7.59825925]\n [-0.94503016  3.12549269 -2.49801153  1.39338734  0