{"date": "2024/10/28/, 08:04:43", "conf_id": 180, "data_type": "non_lin_ind\n", "num_data_points": 2, "s_rank": 0, "unitary": "[[-0.45070455-0.02711853j,0.78437395-0.06613086j,0.06358678+0.19963393j,-0.07343613+0.35668523j],[-0.01890143-0.03813363j,0.32408202+0.25557629j,0.05872864-0.68979805j,0.55466693-0.20227297j],[-0.11215405+0.64023111j,-0.13344055+0.29565494j,-0.49012687-0.19046288j,-0.04241254+0.44046348j],[0.55771659+0.24656916j,0.31851997-0.05798805j,0.28761525-0.34294258j,-0.56718418+0.03616933j]]", "databatch_0": {"databatch": "[[[-0.00978856-1.42995065e-01j,0.13589573+7.91928677e-02j,-0.07723209-1.43689494e-01j,0.09949446+8.57329603e-02j],[-0.17653585+3.78286625e-01j,-0.23481134-3.93345990e-01j,-0.00560095+4.75087864e-01j,-0.13280931-3.58725553e-01j],[0.17715627-2.56075860e-02j,-0.08586901+1.76664722e-01j,0.17169261-1.09661583e-01j,-0.09742917+1.31947142e-01j],[0.04808009-3.59555601e-02j,0.00303776+6.58137258e-02j,0.03299015-5.98400770e-02j,-0.00753938+5.44947451e-02j]],[[0.0894198-1.37332380e-01j,-0.07601759+1.83977739e-01j,0.04697614+9.19343245e-02j,-0.07645262-7.84670148e-02j],[-0.42143872+2.24063138e-01j,0.45300206-3.61846400e-01j,0.00979779-3.00531990e-01j,0.08431376+3.07737615e-01j],[0.17941344+9.84700180e-02j,-0.23624432-7.74030800e-02j,-0.11007982+6.71268634e-02j,0.09054283-1.02570860e-01j],[0.06864438+2.33428498e-04j,-0.08200703+1.50869489e-02j,-0.0216618+3.74287685e-02j,0.01022211-4.47366095e-02j]]]", "initial param values": "[3.72299766,3.90701198,1.78368661,0.28461202,1.15767073,0.21376244]", "nelder_mead": {"type": "gradient-free", "0": {"maxiter": 100, "fatol": 1e-05, "xatol": 1e-05, "duration": 0.23701262474060059, "fun": "0.45743940058942667", "nit": "100", "nfev": "148", "status": "2", "success": "False", "message": "Maximum number of iterations has been exceeded.", "x": "[ 1.85914591  2.83883106  2.29063394  0.46202977  2.09404192 -0.02010489]", "final_simplex": "(array([[ 1.85914591,  2.83883106,  2.29063394,  0.46202977,  2.09404192,\n        -0.02010489],\n       [ 1.96846318,  2.9100512 ,  2.47238567,  0.43701165,  2.16803368,\n        -0.05166005],\n       [ 1.82573447,  2.94397731,  2.52895712,  0.42381522,  2.14813569,\n        -0.04170072],\n       [ 1.77431827,  2.97506931,  2.54066448,  0.42132502,  2.02946618,\n        -0.01704849],\n       [ 1.82629617,  3.12027456,  2.35149995,  0.39908333,  1.87373821,\n         0.04735686],\n       [ 1.78862087,  3.17658162,  2.55619226,  0.36258423,  1.9036109 ,\n         0.02534739],\n       [ 1.80234506,  3.3537825 ,  2.57213796,  0.35445769,  1.88114318,\n         0.03219503]]), array([0.4574394 , 0.459322  , 0.46067693, 0.46820082, 0.47840762,\n       0.48393707, 0.48513433]))", "callback": [0.8238018462179333, 0.6114690704572572, 0.5469248475441719, 0.5260043524005894, 0.514877406559356, 0.5130069353230734, 0.5076983162716302, 0.5045827424440437, 0.5010789981482047, 0.4909054900759099]}, "1": {"maxiter": 100, "fatol": 1e-05, "xatol": 1e-10, "duration": 0.24347829818725586, "fun": "0.45743940058942667", "nit": "100", "nfev": "148", "status": "2", "success": "False", "message": "Maximum number of iterations has been exceeded.", "x": "[ 1.85914591  2.83883106  2.29063394  0.46202977  2.09404192 -0.02010489]", "final_simplex": "(array([[ 1.85914591,  2.83883106,  2.29063394,  0.46202977,  2.09404192,\n        -0.02010489],\n       [ 1.96846318,  2.9100512 ,  2.47238567,  0.43701165,  2.16803368,\n        -0.05166005],\n       [ 1.82573447,  2.94397731,  2.52895712,  0.42381522,  2.14813569,\n        -0.04170072],\n       [ 1.77431827,  2.97506931,  2.54066448,  0.42132502,  2.02946618,\n        -0.01704849],\n       [ 1.82629617,  3.12027456,  2.35149995,  0.39908333,  1.87373821,\n         0.04735686],\n       [ 1.78862087,  3.17658162,  2.55619226,  0.36258423,  1.9036109 ,\n         0.02534739],\n       [ 1.80234506,  3.3537825 ,  2.57213796,  0.35445769,  1.88114318,\n         0.03219503]]), array([0.4574394 , 0.459322  , 0.46067693, 0.46820082, 0.47840762,\n       0.48393707, 0.48513433]))", "callback": [0.8238018462179333, 0.6114690704572572, 0.5469248475441719, 0.5260043524005894, 0.514877406559356, 0.5130069353230734, 0.5076983162716302, 0.5045827424440437, 0.5010789981482047, 0.4909054900759099]}, "2": {"maxiter": 100, "fatol": 1e-10, "xatol": 1e-05, "duration": 0.22135496139526367, "fun": "0.45743940058942667", "nit": "100", "nfev": "148", "status": "2", "success": "False", "message": "Maximum number of iterations has been exceeded.", "x": "[ 1.85914591  2.83883106  2.29063394  0.46202977  2.09404192 -0.02010489]", "final_simplex": "(array([[ 1.85914591,  2.83883106,  2.29063394,  0.46202977,  2.09404192,\n        -0.02010489],\n       [ 1.96846318,  2.9100512 ,  2.47238567,  0.43701165,  2.16803368,\n        -0.05166005],\n       [ 1.82573447,  2.94397731,  2.52895712,  0.42381522,  2.14813569,\n        -0.04170072],\n       [ 1.77431827,  2.97506931,  2.54066448,  0.42132502,  2.02946618,\n        -0.01704849],\n       [ 1.82629617,  3.12027456,  2.35149995,  0.39908333,  1.87373821,\n         0.04735686],\n       [ 1.78862087,  3.17658162,  2.55619226,  0.36258423,  1.9036109 ,\n         0.02534739],\n       [ 1.80234506,  3.3537825 ,  2.57213796,  0.35445769,  1.88114318,\n         0.03219503]]), array([0.4574394 , 0.459322  , 0.46067693, 0.46820082, 0.47840762,\n       0.48393707, 0.48513433]))", "callback": [0.8238018462179333, 0.6114690704572572, 0.5469248475441719, 0.5260043524005894, 0.514877406559356, 0.5130069353230734, 0.5076983162716302, 0.5045827424440437, 0.5010789981482047, 0.4909054900759099]}, "3": {"maxiter": 100, "fatol": 1e-10, "xatol": 1e-10, "duration": 0.2544116973876953, "fun": "0.45743940058942667", "nit": "100", "nfev": "148", "status": "2", "success": "False", "message": "Maximum number of iterations has been exceeded.", "x": "[ 1.85914591  2.83883106  2.29063394  0.46202977  2.09404192 -0.02010489]", "final_simplex": "(array([[ 1.85914591,  2.83883106,  2.29063394,  0.46202977,  2.09404192,\n        -0.02010489],\n       [ 1.96846318,  2.9100512 ,  2.47238567,  0.43701165,  2.16803368,\n        -0.05166005],\n       [ 1.82573447,  2.94397731,  2.52895712,  0.42381522,  2.14813569,\n        -0.04170072],\n       [ 1.77431827,  2.97506931,  2.54066448,  0.42132502,  2.02946618,\n        -0.01704849],\n       [ 1.82629617,  3.12027456,  2.35149995,  0.39908333,  1.87373821,\n         0.04735686],\n       [ 1.78862087,  3.17658162,  2.55619226,  0.36258423,  1.9036109 ,\n         0.02534739],\n       [ 1.80234506,  3.3537825 ,  2.57213796,  0.35445769,  1.88114318,\n         0.03219503]]), array([0.4574394 , 0.459322  , 0.46067693, 0.46820082, 0.47840762,\n       0.48393707, 0.48513433]))", "callback": [0.8238018462179333, 0.6114690704572572, 0.5469248475441719, 0.5260043524005894, 0.514877406559356, 0.5130069353230734, 0.5076983162716302, 0.5045827424440437, 0.5010789981482047, 0.4909054900759099]}, "4": {"maxiter": 500, "fatol": 1e-05, "xatol": 1e-05, "duration": 0.7624087333679199, "fun": "0.02177107623350416", "nit": "500", "nfev": "746", "status": "2", "success": "False", "message": "Maximum number of iterations has been exceeded.", "x": "[ 1.03538146  1.99324283  0.94741796  2.3012981   4.0392927  -0.84831765]", "final_simplex": "(array([[ 1.03538146,  1.99324283,  0.94741796,  2.3012981 ,  4.0392927 ,\n        -0.84831765],\n       [ 1.03469238,  1.99584324,  0.95435033,  2.30008784,  4.03169712,\n        -0.84672576],\n       [ 1.03502703,  1.99452344,  0.95053969,  2.30065029,  4.03584428,\n        -0.84755143],\n       [ 1.03514233,  1.9946646 ,  0.95050012,  2.30069565,  4.03554312,\n        -0.84776365],\n       [ 1.03620508,  1.99082302,  0.94174158,  2.30190654,  4.04521639,\n        -0.84966325],\n       [ 1.03520655,  1.99450904,  0.95028351,  2.30078112,  4.03587907,\n        -0.84755424],\n       [ 1.03502366,  1.99509042,  0.95199623,  2.30037894,  4.03439749,\n        -0.8472914 ]]), array([0.02177108, 0.02177108, 0.02177108, 0.02177108, 0.02177108,\n       0.02177109, 0.02177109]))", "callback": [0.8238018462179333, 0.6114690704572572, 0.5469248475441719, 0.5260043524005894, 0.514877406559356, 0.5130069353230734, 0.5076983162716302, 0.5045827424440437, 0.5010789981482047, 0.4909054900759099, 0.4261358147072697, 0.3964686854893916, 0.33743877591600324, 0.24604612280887617, 0.10747676146199892, 0.07818920028461263, 0.06149297718375035, 0.03383533604157418, 0.028930688156767692, 0.026085545985317093, 0.025368899106948728, 0.025220103190388476, 0.025054003157617077, 0.024831411275241577, 0.02412912209361151, 0.023134340735325387, 0.022455630738134058, 0.021928293589810632, 0.021844649522642978, 0.021806583810181523, 0.021790146823059242, 0.021785082742189932, 0.021782640705181322, 0.021782640705181322, 0.02178239204274246, 0.021782302664871356, 0.021782288657585358, 0.021782211695040687, 0.02178195494558144, 0.021781245422940354, 0.02177993016654456, 0.021779245465937902, 0.021777989909405382, 0.021776094690877712, 0.021773310191195883, 0.02177162417722034, 0.02177143951059779, 0.021771182259915034, 0.021771134559488203, 0.021771084182227396]}, "5": {"maxiter": 500, "fatol": 1e-05, "xatol": 1e-10, "duration": 0.9472055435180664, "fun": "0.02177107623350416", "nit": "500", "nfev": "746", "status": "2", "success": "False", "message": "Maximum number of iterations has been exceeded.", "x": "[ 1.03538146  1.99324283  0.94741796  2.3012981   4.0392927  -0.84831765]", "final_simplex": "(array([[ 1.03538146,  1.99324283,  0.94741796,  2.3012981 ,  4.0392927 ,\n        -0.84831765],\n       [ 1.03469238,  1.99584324,  0.95435033,  2.30008784,  4.03169712,\n        -0.84672576],\n       [ 1.03502703,  1.99452344,  0.95053969,  2.30065029,  4.03584428,\n        -0.84755143],\n       [ 1.03514233,  1.9946646 ,  0.95050012,  2.30069565,  4.03554312,\n        -0.84776365],\n       [ 1.03620508,  1.99082302,  0.94174158,  2.30190654,  4.04521639,\n        -0.84966325],\n       [ 1.03520655,  1.99450904,  0.95028351,  2.30078112,  4.03587907,\n        -0.84755424],\n       [ 1.03502366,  1.99509042,  0.95199623,  2.30037894,  4.03439749,\n        -0.8472914 ]]), array([0.02177108, 0.02177108, 0.02177108, 0.02177108, 0.02177108,\n       0.02177109, 0.02177109]))", "callback": [0.8238018462179333, 0.6114690704572572, 0.5469248475441719, 0.5260043524005894, 0.514877406559356, 0.5130069353230734, 0.5076983162716302, 0.5045827424440437, 0.5010789981482047, 0.4909054900759099, 0.4261358147072697, 0.3964686854893916, 0.33743877591600324, 0.24604612280887617, 0.10747676146199892, 0.07818920028461263, 0.06149297718375035, 0.03383533604157418, 0.028930688156767692, 0.026085545985317093, 0.025368899106948728, 0.025220103190388476, 0.025054003157617077, 0.024831411275241577, 0.02412912209361151, 0.023134340735325387, 0.022455630738134058, 0.021928293589810632, 0.021844649522642978, 0.021806583810181523, 0.021790146823059242, 0.021785082742189932, 0.021782640705181322, 0.021782640705181322, 0.02178239204274246, 0.021782302664871356, 0.021782288657585358, 0.021782211695040687, 0.02178195494558144, 0.021781245422940354, 0.02177993016654456, 0.021779245465937902, 0.021777989909405382, 0.021776094690877712, 0.021773310191195883, 0.02177162417722034, 0.02177143951059779, 0.021771182259915034, 0.021771134559488203, 0.021771084182227396]}, "6": {"maxiter": 500, "fatol": 1e-10, "xatol": 1e-05, "duration": 1.1907188892364502, "fun": "0.02177107623350416", "nit": "500", "nfev": "746", "status": "2", "success": "False", "message": "Maximum number of iterations has been exceeded.", "x": "[ 1.03538146  1.99324283  0.94741796  2.3012981   4.0392927  -0.84831765]", "final_simplex": "(array([[ 1.03538146,  1.99324283,  0.94741796,  2.3012981 ,  4.0392927 ,\n        -0.84831765],\n       [ 1.03469238,  1.99584324,  0.95435033,  2.30008784,  4.03169712,\n        -0.84672576],\n       [ 1.03502703,  1.99452344,  0.95053969,  2.30065029,  4.03584428,\n        -0.84755143],\n       [ 1.03514233,  1.9946646 ,  0.95050012,  2.30069565,  4.03554312,\n        -0.84776365],\n       [ 1.03620508,  1.99082302,  0.94174158,  2.30190654,  4.04521639,\n        -0.84966325],\n       [ 1.03520655,  1.99450904,  0.95028351,  2.30078112,  4.03587907,\n        -0.84755424],\n       [ 1.03502366,  1.99509042,  0.95199623,  2.30037894,  4.03439749,\n        -0.8472914 ]]), array([0.02177108, 0.02177108, 0.02177108, 0.02177108, 0.02177108,\n       0.02177109, 0.02177109]))", "callback": [0.8238018462179333, 0.6114690704572572, 0.5469248475441719, 0.5260043524005894, 0.514877406559356, 0.5130069353230734, 0.5076983162716302, 0.5045827424440437, 0.5010789981482047, 0.4909054900759099, 0.4261358147072697, 0.3964686854893916, 0.33743877591600324, 0.24604612280887617, 0.10747676146199892, 0.07818920028461263, 0.06149297718375035, 0.03383533604157418, 0.028930688156767692, 0.026085545985317093, 0.025368899106948728, 0.025220103190388476, 0.025054003157617077, 0.024831411275241577, 0.02412912209361151, 0.023134340735325387, 0.022455630738134058, 0.021928293589810632, 0.021844649522642978, 0.021806583810181523, 0.021790146823059242, 0.021785082742189932, 0.021782640705181322, 0.021782640705181322, 0.02178239204274246, 0.021782302664871356, 0.021782288657585358, 0.021782211695040687, 0.02178195494558144, 0.021781245422940354, 0.02177993016654456, 0.021779245465937902, 0.021777989909405382, 0.021776094690877712, 0.021773310191195883, 0.02177162417722034, 0.02177143951059779, 0.021771182259915034, 0.021771134559488203, 0.021771084182227396]}, "7": {"maxiter": 500, "fatol": 1e-10, "xatol": 1e-10, "duration": 1.1977620124816895, "fun": "0.02177107623350416", "nit": "500", "nfev": "746", "status": "2", "success": "False", "message": "Maximum number of iterations has been exceeded.", "x": "[ 1.03538146  1.99324283  0.94741796  2.3012981   4.0392927  -0.84831765]", "final_simplex": "(array([[ 1.03538146,  1.99324283,  0.94741796,  2.3012981 ,  4.0392927 ,\n        -0.84831765],\n       [ 1.03469238,  1.99584324,  0.95435033,  2.30008784,  4.03169712,\n        -0.84672576],\n       [ 1.03502703,  1.99452344,  0.95053969,  2.30065029,  4.03584428,\n        -0.84755143],\n       [ 1.03514233,  1.9946646 ,  0.95050012,  2.30069565,  4.03554312,\n        -0.84776365],\n       [ 1.03620508,  1.99082302,  0.94174158,  2.30190654,  4.04521639,\n        -0.84966325],\n       [ 1.03520655,  1.99450904,  0.95028351,  2.30078112,  4.03587907,\n        -0.84755424],\n       [ 1.03502366,  1.99509042,  0.95199623,  2.30037894,  4.03439749,\n        -0.8472914 ]]), array([0.02177108, 0.02177108, 0.02177108, 0.02177108, 0.02177108,\n       0.02177109, 0.02177109]))", "callback": [0.8238018462179333, 0.6114690704572572, 0.5469248475441719, 0.5260043524005894, 0.514877406559356, 0.5130069353230734, 0.5076983162716302, 0.5045827424440437, 0.5010789981482047, 0.4909054900759099, 0.4261358147072697, 0.3964686854893916, 0.33743877591600324, 0.24604612280887617, 0.10747676146199892, 0.07818920028461263, 0.06149297718375035, 0.03383533604157418, 0.028930688156767692, 0.026085545985317093, 0.025368899106948728, 0.025220103190388476, 0.025054003157617077, 0.024831411275241577, 0.02412912209361151, 0.023134340735325387, 0.022455630738134058, 0.021928293589810632, 0.021844649522642978, 0.021806583810181523, 0.021790146823059242, 0.021785082742189932, 0.021782640705181322, 0.021782640705181322, 0.02178239204274246, 0.021782302664871356, 0.021782288657585358, 0.021782211695040687, 0.02178195494558144, 0.021781245422940354, 0.02177993016654456, 0.021779245465937902, 0.021777989909405382, 0.021776094690877712, 0.021773310191195883, 0.02177162417722034, 0.02177143951059779, 0.021771182259915034, 0.021771134559488203, 0.021771084182227396]}, "8": {"maxiter": 1000, "fatol": 1e-05, "xatol": 1e-05, "duration": 0.9024035930633545, "fun": "0.02177107202324935", "nit": "580", "nfev": "892", "status": "0", "success": "True", "message": "Optimization terminated successfully.", "x": "[ 1.03505975  1.9942258   0.95017412  2.30084326  4.03626895 -0.84761083]", "final_simplex": "(array([[ 1.03505975,  1.9942258 ,  0.95017412,  2.30084326,  4.03626895,\n        -0.84761083],\n       [ 1.03506025,  1.99422409,  0.95017037,  2.30084376,  4.03627323,\n        -0.84761157],\n       [ 1.03505976,  1.99422563,  0.95017435,  2.3008432 ,  4.0362689 ,\n        -0.84761065],\n       [ 1.0350592 ,  1.99422825,  0.9501803 ,  2.30084216,  4.03626208,\n        -0.84760958],\n       [ 1.03505954,  1.9942268 ,  0.95017679,  2.30084267,  4.03626581,\n        -0.84761026],\n       [ 1.03505931,  1.9942274 ,  0.95017863,  2.30084247,  4.03626438,\n        -0.84760964],\n       [ 1.03506018,  1.99422511,  0.95017243,  2.30084338,  4.03627053,\n        -0.84761117]]), array([0.02177107, 0.02177107, 0.02177107, 0.02177107, 0.02177107,\n       0.02177107, 0.02177107]))", "callback": [0.8238018462179333, 0.6114690704572572, 0.5469248475441719, 0.5260043524005894, 0.514877406559356, 0.5130069353230734, 0.5076983162716302, 0.5045827424440437, 0.5010789981482047, 0.4909054900759099, 0.4261358147072697, 0.3964686854893916, 0.33743877591600324, 0.24604612280887617, 0.10747676146199892, 0.07818920028461263, 0.06149297718375035, 0.03383533604157418, 0.028930688156767692, 0.026085545985317093, 0.025368899106948728, 0.025220103190388476, 0.025054003157617077, 0.024831411275241577, 0.02412912209361151, 0.023134340735325387, 0.022455630738134058, 0.021928293589810632, 0.021844649522642978, 0.021806583810181523, 0.021790146823059242, 0.021785082742189932, 0.021782640705181322, 0.021782640705181322, 0.02178239204274246, 0.021782302664871356, 0.021782288657585358, 0.021782211695040687, 0.02178195494558144, 0.021781245422940354, 0.02177993016654456, 0.021779245465937902, 0.021777989909405382, 0.021776094690877712, 0.021773310191195883, 0.02177162417722034, 0.02177143951059779, 0.021771182259915034, 0.021771134559488203, 0.021771084182227396, 0.02177107623350416, 0.021771072570279437, 0.021771072090242316, 0.021771072036893768, 0.021771072025777327, 0.0217710720235873, 0.02177107202331574, 0.021771072023257898]}, "9": {"maxiter": 1000, "fatol": 1e-05, "xatol": 1e-10, "duration": 0.8639020919799805, "fun": "0.02177107202324724", "nit": "636", "nfev": "1069", "status": "0", "success": "True", "message": "Optimization terminated successfully.", "x": "[ 1.03505988  1.99422554  0.95017367  2.30084324  4.03626946 -0.84761089]", "final_simplex": "(array([[ 1.03505988,  1.99422554,  0.95017367,  2.30084324,  4.03626946,\n        -0.84761089],\n       [ 1.03505988,  1.99422554,  0.95017367,  2.30084324,  4.03626946,\n        -0.84761089],\n       [ 1.03505988,  1.99422554,  0.95017367,  2.30084324,  4.03626946,\n        -0.84761089],\n       [ 1.03505988,  1.99422554,  0.95017367,  2.30084324,  4.03626946,\n        -0.84761089],\n       [ 1.03505988,  1.99422554,  0.95017367,  2.30084324,  4.03626946,\n        -0.84761089],\n       [ 1.03505988,  1.99422554,  0.95017367,  2.30084324,  4.03626946,\n        -0.84761089],\n       [ 1.03505988,  1.99422554,  0.95017367,  2.30084324,  4.03626946,\n        -0.84761089]]), array([0.02177107, 0.02177107, 0.02177107, 0.02177107, 0.02177107,\n       0.02177107, 0.02177107]))", "callback": [0.8238018462179333, 0.6114690704572572, 0.5469248475441719, 0.5260043524005894, 0.514877406559356, 0.5130069353230734, 0.5076983162716302, 0.5045827424440437, 0.5010789981482047, 0.4909054900759099, 0.4261358147072697, 0.3964686854893916, 0.33743877591600324, 0.24604612280887617, 0.10747676146199892, 0.07818920028461263, 0.06149297718375035, 0.03383533604157418, 0.028930688156767692, 0.026085545985317093, 0.025368899106948728, 0.025220103190388476, 0.025054003157617077, 0.024831411275241577, 0.02412912209361151, 0.023134340735325387, 0.022455630738134058, 0.021928293589810632, 0.021844649522642978, 0.021806583810181523, 0.021790146823059242, 0.021785082742189932, 0.021782640705181322, 0.021782640705181322, 0.02178239204274246, 0.021782302664871356, 0.021782288657585358, 0.021782211695040687, 0.02178195494558144, 0.021781245422940354, 0.02177993016654456, 0.021779245465937902, 0.021777989909405382, 0.021776094690877712, 0.021773310191195883, 0.02177162417722034, 0.02177143951059779, 0.021771182259915034, 0.021771134559488203, 0.021771084182227396, 0.02177107623350416, 0.021771072570279437, 0.021771072090242316, 0.021771072036893768, 0.021771072025777327, 0.0217710720235873, 0.02177107202331574, 0.021771072023257898, 0.02177107202324935, 0.021771072023247684, 0.02177107202324735, 0.02177107202324724, 0.02177107202324724, 0.02177107202324724]}, "10": {"maxiter": 1000, "fatol": 1e-10, "xatol": 1e-05, "duration": 0.775214433670044, "fun": "0.02177107202324935", "nit": "580", "nfev": "892", "status": "0", "success": "True", "message": "Optimization terminated successfully.", "x": "[ 1.03505975  1.9942258   0.95017412  2.30084326  4.03626895 -0.84761083]", "final_simplex": "(array([[ 1.03505975,  1.9942258 ,  0.95017412,  2.30084326,  4.03626895,\n        -0.84761083],\n       [ 1.03506025,  1.99422409,  0.95017037,  2.30084376,  4.03627323,\n        -0.84761157],\n       [ 1.03505976,  1.99422563,  0.95017435,  2.3008432 ,  4.0362689 ,\n        -0.84761065],\n       [ 1.0350592 ,  1.99422825,  0.9501803 ,  2.30084216,  4.03626208,\n        -0.84760958],\n       [ 1.03505954,  1.9942268 ,  0.95017679,  2.30084267,  4.03626581,\n        -0.84761026],\n       [ 1.03505931,  1.9942274 ,  0.95017863,  2.30084247,  4.03626438,\n        -0.84760964],\n       [ 1.03506018,  1.99422511,  0.95017243,  2.30084338,  4.03627053,\n        -0.84761117]]), array([0.02177107, 0.02177107, 0.02177107, 0.02177107, 0.02177107,\n       0.02177107, 0.02177107]))", "callback": [0.8238018462179333, 0.6114690704572572, 0.5469248475441719, 0.5260043524005894, 0.514877406559356, 0.5130069353230734, 0.5076983162716302, 0.5045827424440437, 0.5010789981482047, 0.4909054900759099, 0.4261358147072697, 0.3964686854893916, 0.33743877591600324, 0.24604612280887617, 0.10747676146199892, 0.07818920028461263, 0.06149297718375035, 0.03383533604157418, 0.028930688156767692, 0.026085545985317093, 0.025368899106948728, 0.025220103190388476, 0.025054003157617077, 0.024831411275241577, 0.02412912209361151, 0.023134340735325387, 0.022455630738134058, 0.021928293589810632, 0.021844649522642978, 0.021806583810181523, 0.021790146823059242, 0.021785082742189932, 0.021782640705181322, 0.021782640705181322, 0.02178239204274246, 0.021782302664871356, 0.021782288657585358, 0.021782211695040687, 0.02178195494558144, 0.021781245422940354, 0.02177993016654456, 0.021779245465937902, 0.021777989909405382, 0.021776094690877712, 0.021773310191195883, 0.02177162417722034, 0.02177143951059779, 0.021771182259915034, 0.021771134559488203, 0.021771084182227396, 0.02177107623350416, 0.021771072570279437, 0.021771072090242316, 0.021771072036893768, 0.021771072025777327, 0.0217710720235873, 0.02177107202331574, 0.021771072023257898]}, "11": {"maxiter": 1000, "fatol": 1e-10, "xatol": 1e-10, "duration": 0.8994863033294678, "fun": "0.02177107202324724", "nit": "636", "nfev": "1069", "status": "0", "success": "True", "message": "Optimization terminated successfully.", "x": "[ 1.03505988  1.99422554  0.95017367  2.30084324  4.03626946 -0.84761089]", "final_simplex": "(array([[ 1.03505988,  1.99422554,  0.95017367,  2.30084324,  4.03626946,\n        -0.84761089],\n       [ 1.03505988,  1.99422554,  0.95017367,  2.30084324,  4.03626946,\n        -0.84761089],\n       [ 1.03505988,  1.99422554,  0.95017367,  2.30084324,  4.03626946,\n        -0.84761089],\n       [ 1.03505988,  1.99422554,  0.95017367,  2.30084324,  4.03626946,\n        -0.84761089],\n       [ 1.03505988,  1.99422554,  0.95017367,  2.30084324,  4.03626946,\n        -0.84761089],\n       [ 1.03505988,  1.99422554,  0.95017367,  2.30084324,  4.03626946,\n        -0.84761089],\n       [ 1.03505988,  1.99422554,  0.95017367,  2.30084324,  4.03626946,\n        -0.84761089]]), array([0.02177107, 0.02177107, 0.02177107, 0.02177107, 0.02177107,\n       0.02177107, 0.02177107]))", "callback": [0.8238018462179333, 0.6114690704572572, 0.5469248475441719, 0.5260043524005894, 0.514877406559356, 0.5130069353230734, 0.5076983162716302, 0.5045827424440437, 0.5010789981482047, 0.4909054900759099, 0.4261358147072697, 0.3964686854893916, 0.33743877591600324, 0.24604612280887617, 0.10747676146199892, 0.07818920028461263, 0.06149297718375035, 0.03383533604157418, 0.028930688156767692, 0.026085545985317093, 0.025368899106948728, 0.025220103190388476, 0.025054003157617077, 0.024831411275241577, 0.02412912209361151, 0.023134340735325387, 0.022455630738134058, 0.021928293589810632, 0.021844649522642978, 0.021806583810181523, 0.021790146823059242, 0.021785082742189932, 0.021782640705181322, 0.021782640705181322, 0.02178239204274246, 0.021782302664871356, 0.021782288657585358, 0.021782211695040687, 0.02178195494558144, 0.021781245422940354, 0.02177993016654456, 0.021779245465937902, 0.021777989909405382, 0.021776094690877712, 0.021773310191195883, 0.02177162417722034, 0.02177143951059779, 0.021771182259915034, 0.021771134559488203, 0.021771084182227396, 0.02177107623350416, 0.021771072570279437, 0.021771072090242316, 0.021771072036893768, 0.021771072025777327, 0.0217710720235873, 0.02177107202331574, 0.021771072023257898, 0.02177107202324935, 0.021771072023247684, 0.02177107202324735, 0.02177107202324724, 0.02177107202324724, 0.02177107202324724]}}, "bfgs": {"type": "gradient", "0": {"maxiter": 100, "gtol": 1e-05, "xrtol": 1e-05, "eps": 1e-05, "duration": 0.17719388008117676, "fun": "0.021771072072690245", "jac": "[-1.02494679e-06  1.34949829e-06 -3.08530979e-07  4.06297218e-07\n -1.69642078e-08  3.62243568e-07]", "hess_inv": "[[ 3.27698823e+00  3.19248132e-01  9.85215772e-02  1.95744778e+00\n  -6.10392148e-01 -9.51260902e-01]\n [ 3.19248132e-01  4.42764517e+00 -2.66726253e+00 -2.15879531e-01\n  -1.76833910e+00 -2.48922516e+00]\n [ 9.85215772e-02 -2.66726253e+00  3.83657949e+00  5.32938148e-01\n   2.50066674e+00  2.59755258e+00]\n [ 1.95744778e+00 -2.15879531e-01  5.32938148e-01  3.39524092e+00\n   1.56403618e-03 -2.72399096e-01]\n [-6.10392148e-01 -1.76833910e+00  2.50066674e+00  1.56403618e-03\n   3.92076158e+00  2.76600393e+00]\n [-9.51260902e-01 -2.48922516e+00  2.59755258e+00 -2.72399096e-01\n   2.76600393e+00  5.67836178e+00]]", "nfev": "203", "njev": "29", "status": "0", "success": "True", "message": "Optimization terminated successfully.", "x": "[ 0.95921734  2.14100562  1.34747087 -2.25851923  0.46720924  2.39146428]", "nit": "25", "callback": [0.5950440669648258, 0.5669777697769115, 0.5463662831522923, 0.5299973979405423, 0.5098935025983271, 0.5021614941958172, 0.4991851615016599, 0.4808119008186672, 0.47114995725358055, 0.45299825800744853, 0.41913611148570573, 0.3600576519053049, 0.2637563079713272, 0.11811076653316321, 0.050982267939881254, 0.02614410442559345, 0.024040764538234338, 0.023177357835387102, 0.022621995326221445, 0.022172693625190032, 0.02186031235938235, 0.021779688967676014, 0.02177129639833697, 0.021771074160799264, 0.021771072072690245]}, "1": {"maxiter": 100, "gtol": 1e-05, "xrtol": 1e-05, "eps": 1e-10, "duration": 0.1580524444580078, "fun": "0.02177107209498841", "jac": "[ 1.11022293e-06  4.44089173e-06  1.11022293e-06  2.22044587e-06\n  0.00000000e+00 -2.22044587e-06]", "hess_inv": "[[ 3.25157919  0.28734925  0.14195284  1.96797482 -0.55531277 -0.89336316]\n [ 0.28734925  4.41202473 -2.65168921 -0.22159597 -1.74268567 -2.45973482]\n [ 0.14195284 -2.65168921  3.83870289  0.55991635  2.49681123  2.58798268]\n [ 1.96797482 -0.22159597  0.55991635  3.42027177  0.03395203 -0.24225663]\n [-0.55531277 -1.74268567  2.49681123  0.03395203  3.9094547   2.7475044 ]\n [-0.89336316 -2.45973482  2.58798268 -0.24225663  2.7475044   5.652387  ]]", "nfev": "203", "njev": "29", "status": "0", "success": "True", "message": "Optimization terminated successfully.", "x": "[ 0.95920131  2.14105827  1.34757843 -2.25850087  0.46707951  2.39148091]", "nit": "25", "callback": [0.5950434634861419, 0.5669773061744595, 0.5463640435340209, 0.5299963526485447, 0.5098943668403468, 0.5021616598799135, 0.49918730622003105, 0.48082975296666575, 0.47117133754895124, 0.4530276101255607, 0.419184611101161, 0.3601497006104397, 0.2639129180255678, 0.11829320630870344, 0.05109114854131325, 0.02614924185079759, 0.024040870039234052, 0.023177786421359592, 0.022622119723397782, 0.022173183514743844, 0.021860467223706603, 0.021779701290482123, 0.021771288089198815, 0.021771074520128164, 0.02177107209498841]}, "2": {"maxiter": 100, "gtol": 1e-05, "xrtol": 1e-10, "eps": 1e-05, "duration": 0.22273850440979004, "fun": "0.021771072072690245", "jac": "[-1.02494679e-06  1.34949829e-06 -3.08530979e-07  4.06297218e-07\n -1.69642078e-08  3.62243568e-07]", "hess_inv": "[[ 3.27698823e+00  3.19248132e-01  9.85215772e-02  1.95744778e+00\n  -6.10392148e-01 -9.51260902e-01]\n [ 3.19248132e-01  4.42764517e+00 -2.66726253e+00 -2.15879531e-01\n  -1.76833910e+00 -2.48922516e+00]\n [ 9.85215772e-02 -2.66726253e+00  3.83657949e+00  5.32938148e-01\n   2.50066674e+00  2.59755258e+00]\n [ 1.95744778e+00 -2.15879531e-01  5.32938148e-01  3.39524092e+00\n   1.56403618e-03 -2.72399096e-01]\n [-6.10392148e-01 -1.76833910e+00  2.50066674e+00  1.56403618e-03\n   3.92076158e+00  2.76600393e+00]\n [-9.51260902e-01 -2.48922516e+00  2.59755258e+00 -2.72399096e-01\n   2.76600393e+00  5.67836178e+00]]", "nfev": "203", "njev": "29", "status": "0", "success": "True", "message": "Optimization terminated successfully.", "x": "[ 0.95921734  2.14100562  1.34747087 -2.25851923  0.46720924  2.39146428]", "nit": "25", "callback": [0.5950440669648258, 0.5669777697769115, 0.5463662831522923, 0.5299973979405423, 0.5098935025983271, 0.5021614941958172, 0.4991851615016599, 0.4808119008186672, 0.47114995725358055, 0.45299825800744853, 0.41913611148570573, 0.3600576519053049, 0.2637563079713272, 0.11811076653316321, 0.050982267939881254, 0.02614410442559345, 0.024040764538234338, 0.023177357835387102, 0.022621995326221445, 0.022172693625190032, 0.02186031235938235, 0.021779688967676014, 0.02177129639833697, 0.021771074160799264, 0.021771072072690245]}, "3": {"maxiter": 100, "gtol": 1e-05, "xrtol": 1e-10, "eps": 1e-10, "duration": 0.15789437294006348, "fun": "0.02177107209498841", "jac": "[ 1.11022293e-06  4.44089173e-06  1.11022293e-06  2.22044587e-06\n  0.00000000e+00 -2.22044587e-06]", "hess_inv": "[[ 3.25157919  0.28734925  0.14195284  1.96797482 -0.55531277 -0.89336316]\n [ 0.28734925  4.41202473 -2.65168921 -0.22159597 -1.74268567 -2.45973482]\n [ 0.14195284 -2.65168921  3.83870289  0.55991635  2.49681123  2.58798268]\n [ 1.96797482 -0.22159597  0.55991635  3.42027177  0.03395203 -0.24225663]\n [-0.55531277 -1.74268567  2.49681123  0.03395203  3.9094547   2.7475044 ]\n [-0.89336316 -2.45973482  2.58798268 -0.24225663  2.7475044   5.652387  ]]", "nfev": "203", "njev": "29", "status": "0", "success": "True", "message": "Optimization terminated successfully.", "x": "[ 0.95920131  2.14105827  1.34757843 -2.25850087  0.46707951  2.39148091]", "nit": "25", "callback": [0.5950434634861419, 0.5669773061744595, 0.5463640435340209, 0.5299963526485447, 0.5098943668403468, 0.5021616598799135, 0.49918730622003105, 0.48082975296666575, 0.47117133754895124, 0.4530276101255607, 0.419184611101161, 0.3601497006104397, 0.2639129180255678, 0.11829320630870344, 0.05109114854131325, 0.02614924185079759, 0.024040870039234052, 0.023177786421359592, 0.022622119723397782, 0.022173183514743844, 0.021860467223706603, 0.021779701290482123, 0.021771288089198815, 0.021771074520128164, 0.02177107209498841]}, "4": {"maxiter": 100, "gtol": 1e-10, "xrtol": 1e-05, "eps": 1e-05, "duration": 0.16323208808898926, "fun": "0.02177107205954676", "jac": "[-1.03073106e-07  1.47748480e-07  2.54574140e-07  5.10591569e-08\n -1.75437442e-07  3.09863246e-08]", "hess_inv": "[[ 3.29306286  0.23901592  0.17557656  1.98296194 -0.5524353  -0.89541874]\n [ 0.23901592  4.64300118 -2.83351662 -0.26915202 -1.86040934 -2.57123608]\n [ 0.17557656 -2.83351662  3.94838919  0.56786408  2.54586399  2.63319749]\n [ 1.98296194 -0.26915202  0.56786408  3.40609435  0.01463643 -0.26248488]\n [-0.5524353  -1.86040934  2.54586399  0.01463643  3.9196225   2.75776837]\n [-0.89541874 -2.57123608  2.63319749 -0.26248488  2.75776837  5.6633066 ]]", "nfev": "210", "njev": "30", "status": "0", "success": "True", "message": "Optimization terminated successfully.", "x": "[ 0.95921996  2.14099973  1.34747496 -2.25851795  0.46721103  2.39146575]", "nit": "26", "callback": [0.5950440669648258, 0.5669777697769115, 0.5463662831522923, 0.5299973979405423, 0.5098935025983271, 0.5021614941958172, 0.4991851615016599, 0.4808119008186672, 0.47114995725358055, 0.45299825800744853, 0.41913611148570573, 0.3600576519053049, 0.2637563079713272, 0.11811076653316321, 0.050982267939881254, 0.02614410442559345, 0.024040764538234338, 0.023177357835387102, 0.022621995326221445, 0.022172693625190032, 0.02186031235938235, 0.021779688967676014, 0.02177129639833697, 0.021771074160799264, 0.021771072072690245, 0.02177107205954676]}, "5": {"maxiter": 100, "gtol": 1e-10, "xrtol": 1e-05, "eps": 1e-10, "duration": 0.21210432052612305, "fun": "0.02177107205354334", "jac": "[ 0.00000000e+00 -1.11022293e-06  2.22044587e-06  0.00000000e+00\n  0.00000000e+00  1.11022293e-06]", "hess_inv": "[[ 3.25628858  0.4676959  -0.08767257  2.22377641 -0.77572799 -1.02766134]\n [ 0.4676959   4.17142156 -2.48254499  0.72626144 -1.68086375 -2.13582071]\n [-0.08767257 -2.48254499  3.63463112 -0.17501046  2.38949779  2.37543832]\n [ 2.22377641  0.72626144 -0.17501046  3.79865009 -0.64623957 -1.14785343]\n [-0.77572799 -1.68086375  2.38949779 -0.64623957  3.8813017   2.64253491]\n [-1.02766134 -2.13582071  2.37543832 -1.14785343  2.64253491  5.2444082 ]]", "nfev": "273", "njev": "39", "status": "0", "success": "True", "message": "Optimization terminated successfully.", "x": "[ 0.95919062  2.14103053  1.34759609 -2.25850925  0.46709599  2.3915086 ]", "nit": "27", "callback": [0.5950434634861419, 0.5669773061744595, 0.5463640435340209, 0.5299963526485447, 0.5098943668403468, 0.5021616598799135, 0.49918730622003105, 0.48082975296666575, 0.47117133754895124, 0.4530276101255607, 0.419184611101161, 0.3601497006104397, 0.2639129180255678, 0.11829320630870344, 0.05109114854131325, 0.02614924185079759, 0.024040870039234052, 0.023177786421359592, 0.022622119723397782, 0.022173183514743844, 0.021860467223706603, 0.021779701290482123, 0.021771288089198815, 0.021771074520128164, 0.02177107209498841, 0.02177107205354334, 0.02177107205354334]}, "6": {"maxiter": 100, "gtol": 1e-10, "xrtol": 1e-10, "eps": 1e-05, "duration": 0.2887911796569824, "fun": "0.02177107205954676", "jac": "[-1.03073106e-07  1.47748480e-07  2.54574140e-07  5.10591569e-08\n -1.75437442e-07  3.09863246e-08]", "hess_inv": "[[ 3.32643741  0.17067751  0.13565755  1.97274698 -0.50224244 -0.90419002]\n [ 0.17067751  4.78156838 -2.73318387 -0.24286358 -1.96871217 -2.54772062]\n [ 0.13565755 -2.73318387  3.74266395  0.50684946  2.56117178  2.56795951]\n [ 1.97274698 -0.24286358  0.50684946  3.38806262  0.02104184 -0.28167979]\n [-0.50224244 -1.96871217  2.56117178  0.02104184  3.9727136   2.76708707]\n [-0.90419002 -2.54772062  2.56795951 -0.28167979  2.76708707  5.64298637]]", "nfev": "375", "njev": "52", "status": "2", "success": "False", "message": "Desired error not necessarily achieved due to precision loss.", "x": "[ 0.95921996  2.14099973  1.34747496 -2.25851795  0.46721103  2.39146575]", "nit": "26", "callback": [0.5950440669648258, 0.5669777697769115, 0.5463662831522923, 0.5299973979405423, 0.5098935025983271, 0.5021614941958172, 0.4991851615016599, 0.4808119008186672, 0.47114995725358055, 0.45299825800744853, 0.41913611148570573, 0.3600576519053049, 0.2637563079713272, 0.11811076653316321, 0.050982267939881254, 0.02614410442559345, 0.024040764538234338, 0.023177357835387102, 0.022621995326221445, 0.022172693625190032, 0.02186031235938235, 0.021779688967676014, 0.02177129639833697, 0.021771074160799264, 0.021771072072690245, 0.02177107205954676]}, "7": {"maxiter": 100, "gtol": 1e-10, "xrtol": 1e-10, "eps": 1e-10, "duration": 0.2607889175415039, "fun": "0.02177107205354334", "jac": "[ 0.00000000e+00 -1.11022293e-06  2.22044587e-06  0.00000000e+00\n  0.00000000e+00  1.11022293e-06]", "hess_inv": "[[ 3.25628858  0.4676959  -0.08767257  2.22377641 -0.77572799 -1.02766134]\n [ 0.4676959   4.17142156 -2.48254499  0.72626144 -1.68086375 -2.13582071]\n [-0.08767257 -2.48254499  3.63463112 -0.17501046  2.38949779  2.37543832]\n [ 2.22377641  0.72626144 -0.17501046  3.79865009 -0.64623957 -1.14785343]\n [-0.77572799 -1.68086375  2.38949779 -0.64623957  3.8813017   2.64253491]\n [-1.02766134 -2.13582071  2.37543832 -1.14785343  2.64253491  5.2444082 ]]", "nfev": "273", "njev": "39", "status": "0", "success": "True", "message": "Optimization terminated successfully.", "x": "[ 0.95919062  2.14103053  1.34759609 -2.25850925  0.46709599  2.3915086 ]", "nit": "27", "callback": [0.5950434634861419, 0.5669773061744595, 0.5463640435340209, 0.5299963526485447, 0.5098943668403468, 0.5021616598799135, 0.49918730622003105, 0.48082975296666575, 0.47117133754895124, 0.4530276101255607, 0.419184611101161, 0.3601497006104397, 0.2639129180255678, 0.11829320630870344, 0.05109114854131325, 0.02614924185079759, 0.024040870039234052, 0.023177786421359592, 0.022622119723397782, 0.022173183514743844, 0.021860467223706603, 0.021779701290482123, 0.021771288089198815, 0.021771074520128164, 0.02177107209498841, 0.02177107205354334, 0.02177107205354334]}, "8": {"maxiter": 500, "gtol": 1e-05, "xrtol": 1e-05, "eps": 1e-05, "duration": 0.18927621841430664, "fun": "0.021771072072690245", "jac": "[-1.02494679e-06  1.34949829e-06 -3.08530979e-07  4.06297218e-07\n -1.69642078e-08  3.62243568e-07]", "hess_inv": "[[ 3.27698823e+00  3.19248132e-01  9.85215772e-02  1.95744778e+00\n  -6.10392148e-01 -9.51260902e-01]\n [ 3.19248132e-01  4.42764517e+00 -2.66726253e+00 -2.15879531e-01\n  -1.76833910e+00 -2.48922516e+00]\n [ 9.85215772e-02 -2.66726253e+00  3.83657949e+00  5.32938148e-01\n   2.50066674e+00  2.59755258e+00]\n [ 1.95744778e+00 -2.15879531e-01  5.32938148e-01  3.39524092e+00\n   1.56403618e-03 -2.72399096e-01]\n [-6.10392148e-01 -1.76833910e+00  2.50066674e+00  1.56403618e-03\n   3.92076158e+00  2.76600393e+00]\n [-9.51260902e-01 -2.48922516e+00  2.59755258e+00 -2.72399096e-01\n   2.76600393e+00  5.67836178e+00]]", "nfev": "203", "njev": "29", "status": "0", "success": "True", "message": "Optimization terminated successfully.", "x": "[ 0.95921734  2.14100562  1.34747087 -2.25851923  0.46720924  2.39146428]", "nit": "25", "callback": [0.5950440669648258, 0.5669777697769115, 0.5463662831522923, 0.5299973979405423, 0.5098935025983271, 0.5021614941958172, 0.4991851615016599, 0.4808119008186672, 0.47114995725358055, 0.45299825800744853, 0.41913611148570573, 0.3600576519053049, 0.2637563079713272, 0.11811076653316321, 0.050982267939881254, 0.02614410442559345, 0.024040764538234338, 0.023177357835387102, 0.022621995326221445, 0.022172693625190032, 0.02186031235938235, 0.021779688967676014, 0.02177129639833697, 0.021771074160799264, 0.021771072072690245]}, "9": {"maxiter": 500, "gtol": 1e-05, "xrtol": 1e-05, "eps": 1e-10, "duration": 0.1579599380493164, "fun": "0.02177107209498841", "jac": "[ 1.11022293e-06  4.44089173e-06  1.11022293e-06  2.22044587e-06\n  0.00000000e+00 -2.22044587e-06]", "hess_inv": "[[ 3.25157919  0.28734925  0.14195284  1.96797482 -0.55531277 -0.89336316]\n [ 0.28734925  4.41202473 -2.65168921 -0.22159597 -1.74268567 -2.45973482]\n [ 0.14195284 -2.65168921  3.83870289  0.55991635  2.49681123  2.58798268]\n [ 1.96797482 -0.22159597  0.55991635  3.42027177  0.03395203 -0.24225663]\n [-0.55531277 -1.74268567  2.49681123  0.03395203  3.9094547   2.7475044 ]\n [-0.89336316 -2.45973482  2.58798268 -0.24225663  2.7475044   5.652387  ]]", "nfev": "203"