{"date": "2024/10/08/, 20:06:44", "conf_id": 26, "data_type": "random\n", "num_data_points": 2, "s_rank": 0, "unitary": "[[-0.56303964-0.00798273j,-0.21670212-0.15784972j,-0.06047197-0.73952673j,-0.01438004+0.24552571j],[-0.06976756+0.23474685j,-0.01275565-0.5435098j,-0.02703657-0.08917885j,-0.08210486-0.79311774j],[-0.38559961+0.10714929j,0.5933431-0.2687392j,-0.24060861+0.29149289j,-0.45147719+0.26241743j],[-0.50180421+0.45931857j,-0.11617175+0.44134496j,0.49642745+0.22684508j,-0.08544628-0.15407063j]]", "databatch_0": {"databatch": "[[[0.41543961-0.43329767j,-0.40885265-0.03596676j,-0.00596343-0.29208193j,-0.15940066+0.14020761j],[-0.04341866-0.16617018j,-0.00430082+0.03396012j,-0.09828287-0.10272469j,0.02328223+0.05022809j],[-0.01621452-0.24491646j,-0.08305186-0.04890511j,-0.1932916-0.14638031j,0.00872982+0.05829682j],[0.01607164-0.14571025j,-0.30165174-0.06077591j,-0.17707576+0.06800861j,-0.04698725+0.02612596j]],[[0.1509735-0.09799215j,-0.01876463+0.00384723j,0.01137404-0.07689396j,0.05555485+0.02677262j],[0.01566205-0.15947486j,-0.16193991-0.30731423j,-0.16128053-0.17271592j,-0.0887471+0.26836438j],[0.34531388-0.22139527j,0.03979718+0.3185308j,0.10732218-0.04850686j,0.29656706-0.17308561j],[0.42158312+0.05334469j,0.08648709-0.09576949j,0.1835207-0.17211982j,-0.06458905+0.08671343j]]]", "initial param values": "[1.31094786,3.55141342,4.50495415,3.67782232,1.8769533,3.4810233]", "nelder_mead": {"type": "gradient-free", "0": {"maxiter": 100, "fatol": 1e-05, "xatol": 1e-05, "duration": 0.048384904861450195, "fun": "0.42193743016685925", "nit": "100", "nfev": "164", "status": "2", "success": "False", "message": "Maximum number of iterations has been exceeded.", "x": "[1.03283674 2.15018613 4.67685442 5.18372428 0.84651694 4.99258466]", "final_simplex": "(array([[1.03283674, 2.15018613, 4.67685442, 5.18372428, 0.84651694,\n        4.99258466],\n       [1.04483064, 2.11382796, 4.67985572, 5.16014346, 0.89385832,\n        4.93762379],\n       [1.06682651, 2.22642902, 4.6438127 , 5.25641648, 0.84661562,\n        4.8963298 ],\n       [1.0639369 , 2.18547817, 4.66426914, 5.16362377, 0.91243615,\n        4.9369645 ],\n       [0.99117444, 2.22892779, 4.70666415, 5.12996361, 0.88381735,\n        4.94399145],\n       [1.03568371, 2.18747408, 4.75774405, 5.14664096, 0.85292482,\n        4.90061257],\n       [1.0432139 , 2.11281872, 4.73256203, 5.21550066, 0.87506355,\n        4.93762514]]), array([0.42193743, 0.4228167 , 0.42287991, 0.42288634, 0.42291384,\n       0.42304755, 0.42357821]))", "callback": [0.9417902977412409, 0.6730997832641521, 0.5665744098448371, 0.46472060433089823, 0.4431899389593147, 0.43411754566457894, 0.4303367728409727, 0.42655808062679557, 0.425552355212768, 0.42357821088484227]}, "1": {"maxiter": 100, "fatol": 1e-05, "xatol": 1e-10, "duration": 0.05161285400390625, "fun": "0.42193743016685925", "nit": "100", "nfev": "164", "status": "2", "success": "False", "message": "Maximum number of iterations has been exceeded.", "x": "[1.03283674 2.15018613 4.67685442 5.18372428 0.84651694 4.99258466]", "final_simplex": "(array([[1.03283674, 2.15018613, 4.67685442, 5.18372428, 0.84651694,\n        4.99258466],\n       [1.04483064, 2.11382796, 4.67985572, 5.16014346, 0.89385832,\n        4.93762379],\n       [1.06682651, 2.22642902, 4.6438127 , 5.25641648, 0.84661562,\n        4.8963298 ],\n       [1.0639369 , 2.18547817, 4.66426914, 5.16362377, 0.91243615,\n        4.9369645 ],\n       [0.99117444, 2.22892779, 4.70666415, 5.12996361, 0.88381735,\n        4.94399145],\n       [1.03568371, 2.18747408, 4.75774405, 5.14664096, 0.85292482,\n        4.90061257],\n       [1.0432139 , 2.11281872, 4.73256203, 5.21550066, 0.87506355,\n        4.93762514]]), array([0.42193743, 0.4228167 , 0.42287991, 0.42288634, 0.42291384,\n       0.42304755, 0.42357821]))", "callback": [0.9417902977412409, 0.6730997832641521, 0.5665744098448371, 0.46472060433089823, 0.4431899389593147, 0.43411754566457894, 0.4303367728409727, 0.42655808062679557, 0.425552355212768, 0.42357821088484227]}, "2": {"maxiter": 100, "fatol": 1e-10, "xatol": 1e-05, "duration": 0.05385279655456543, "fun": "0.42193743016685925", "nit": "100", "nfev": "164", "status": "2", "success": "False", "message": "Maximum number of iterations has been exceeded.", "x": "[1.03283674 2.15018613 4.67685442 5.18372428 0.84651694 4.99258466]", "final_simplex": "(array([[1.03283674, 2.15018613, 4.67685442, 5.18372428, 0.84651694,\n        4.99258466],\n       [1.04483064, 2.11382796, 4.67985572, 5.16014346, 0.89385832,\n        4.93762379],\n       [1.06682651, 2.22642902, 4.6438127 , 5.25641648, 0.84661562,\n        4.8963298 ],\n       [1.0639369 , 2.18547817, 4.66426914, 5.16362377, 0.91243615,\n        4.9369645 ],\n       [0.99117444, 2.22892779, 4.70666415, 5.12996361, 0.88381735,\n        4.94399145],\n       [1.03568371, 2.18747408, 4.75774405, 5.14664096, 0.85292482,\n        4.90061257],\n       [1.0432139 , 2.11281872, 4.73256203, 5.21550066, 0.87506355,\n        4.93762514]]), array([0.42193743, 0.4228167 , 0.42287991, 0.42288634, 0.42291384,\n       0.42304755, 0.42357821]))", "callback": [0.9417902977412409, 0.6730997832641521, 0.5665744098448371, 0.46472060433089823, 0.4431899389593147, 0.43411754566457894, 0.4303367728409727, 0.42655808062679557, 0.425552355212768, 0.42357821088484227]}, "3": {"maxiter": 100, "fatol": 1e-10, "xatol": 1e-10, "duration": 0.047039031982421875, "fun": "0.42193743016685925", "nit": "100", "nfev": "164", "status": "2", "success": "False", "message": "Maximum number of iterations has been exceeded.", "x": "[1.03283674 2.15018613 4.67685442 5.18372428 0.84651694 4.99258466]", "final_simplex": "(array([[1.03283674, 2.15018613, 4.67685442, 5.18372428, 0.84651694,\n        4.99258466],\n       [1.04483064, 2.11382796, 4.67985572, 5.16014346, 0.89385832,\n        4.93762379],\n       [1.06682651, 2.22642902, 4.6438127 , 5.25641648, 0.84661562,\n        4.8963298 ],\n       [1.0639369 , 2.18547817, 4.66426914, 5.16362377, 0.91243615,\n        4.9369645 ],\n       [0.99117444, 2.22892779, 4.70666415, 5.12996361, 0.88381735,\n        4.94399145],\n       [1.03568371, 2.18747408, 4.75774405, 5.14664096, 0.85292482,\n        4.90061257],\n       [1.0432139 , 2.11281872, 4.73256203, 5.21550066, 0.87506355,\n        4.93762514]]), array([0.42193743, 0.4228167 , 0.42287991, 0.42288634, 0.42291384,\n       0.42304755, 0.42357821]))", "callback": [0.9417902977412409, 0.6730997832641521, 0.5665744098448371, 0.46472060433089823, 0.4431899389593147, 0.43411754566457894, 0.4303367728409727, 0.42655808062679557, 0.425552355212768, 0.42357821088484227]}, "4": {"maxiter": 500, "fatol": 1e-05, "xatol": 1e-05, "duration": 0.14561104774475098, "fun": "0.4157171963781474", "nit": "281", "nfev": "463", "status": "0", "success": "True", "message": "Optimization terminated successfully.", "x": "[1.01556167 2.54976241 4.55850576 4.89130561 0.56646147 5.03385786]", "final_simplex": "(array([[1.01556167, 2.54976241, 4.55850576, 4.89130561, 0.56646147,\n        5.03385786],\n       [1.01556063, 2.54976932, 4.55850613, 4.89129869, 0.56645973,\n        5.03385559],\n       [1.01556106, 2.54975865, 4.55850757, 4.89130402, 0.56646535,\n        5.03385928],\n       [1.01556265, 2.54976454, 4.55850625, 4.89130713, 0.56646212,\n        5.03385616],\n       [1.01556526, 2.54976973, 4.55850385, 4.89130087, 0.56645852,\n        5.03385664],\n       [1.01555988, 2.54976572, 4.55850494, 4.89130077, 0.56646196,\n        5.03386018],\n       [1.01556074, 2.54976455, 4.55850716, 4.89130112, 0.56645947,\n        5.03386054]]), array([0.4157172, 0.4157172, 0.4157172, 0.4157172, 0.4157172, 0.4157172,\n       0.4157172]))", "callback": [0.9417902977412409, 0.6730997832641521, 0.5665744098448371, 0.46472060433089823, 0.4431899389593147, 0.43411754566457894, 0.4303367728409727, 0.42655808062679557, 0.425552355212768, 0.42357821088484227, 0.4216066449496533, 0.42005012901666694, 0.4176593382367674, 0.41629386446062033, 0.4159057138723501, 0.41575168662718165, 0.4157275025736977, 0.41572127512993784, 0.41571893666294113, 0.4157179490899763, 0.41571731621966523, 0.4157172271019747, 0.4157172037956499, 0.41571719836989884, 0.41571719680982866, 0.415717196466886, 0.4157171963925874, 0.4157171963821322, 0.4157171963781474]}, "5": {"maxiter": 500, "fatol": 1e-05, "xatol": 1e-10, "duration": 0.21320080757141113, "fun": "0.4157171963771349", "nit": "392", "nfev": "708", "status": "0", "success": "True", "message": "Optimization terminated successfully.", "x": "[1.01556201 2.54976434 4.55850539 4.89130214 0.56646159 5.03385679]", "final_simplex": "(array([[1.01556201, 2.54976434, 4.55850539, 4.89130214, 0.56646159,\n        5.03385679],\n       [1.01556201, 2.54976434, 4.55850539, 4.89130214, 0.56646159,\n        5.03385679],\n       [1.01556201, 2.54976434, 4.55850539, 4.89130214, 0.56646159,\n        5.03385679],\n       [1.01556201, 2.54976434, 4.55850539, 4.89130214, 0.56646159,\n        5.03385679],\n       [1.01556201, 2.54976434, 4.55850539, 4.89130214, 0.56646159,\n        5.03385679],\n       [1.01556201, 2.54976434, 4.55850539, 4.89130214, 0.56646159,\n        5.03385679],\n       [1.01556201, 2.54976434, 4.55850539, 4.89130214, 0.56646159,\n        5.03385679]]), array([0.4157172, 0.4157172, 0.4157172, 0.4157172, 0.4157172, 0.4157172,\n       0.4157172]))", "callback": [0.9417902977412409, 0.6730997832641521, 0.5665744098448371, 0.46472060433089823, 0.4431899389593147, 0.43411754566457894, 0.4303367728409727, 0.42655808062679557, 0.425552355212768, 0.42357821088484227, 0.4216066449496533, 0.42005012901666694, 0.4176593382367674, 0.41629386446062033, 0.4159057138723501, 0.41575168662718165, 0.4157275025736977, 0.41572127512993784, 0.41571893666294113, 0.4157179490899763, 0.41571731621966523, 0.4157172271019747, 0.4157172037956499, 0.41571719836989884, 0.41571719680982866, 0.415717196466886, 0.4157171963925874, 0.4157171963821322, 0.4157171963781474, 0.4157171963773475, 0.4157171963771824, 0.41571719637715676, 0.41571719637714466, 0.4157171963771382, 0.41571719637713733, 0.41571719637713545, 0.415717196377135, 0.4157171963771349, 0.4157171963771349, 0.4157171963771349]}, "6": {"maxiter": 500, "fatol": 1e-10, "xatol": 1e-05, "duration": 0.14698386192321777, "fun": "0.4157171963781474", "nit": "281", "nfev": "463", "status": "0", "success": "True", "message": "Optimization terminated successfully.", "x": "[1.01556167 2.54976241 4.55850576 4.89130561 0.56646147 5.03385786]", "final_simplex": "(array([[1.01556167, 2.54976241, 4.55850576, 4.89130561, 0.56646147,\n        5.03385786],\n       [1.01556063, 2.54976932, 4.55850613, 4.89129869, 0.56645973,\n        5.03385559],\n       [1.01556106, 2.54975865, 4.55850757, 4.89130402, 0.56646535,\n        5.03385928],\n       [1.01556265, 2.54976454, 4.55850625, 4.89130713, 0.56646212,\n        5.03385616],\n       [1.01556526, 2.54976973, 4.55850385, 4.89130087, 0.56645852,\n        5.03385664],\n       [1.01555988, 2.54976572, 4.55850494, 4.89130077, 0.56646196,\n        5.03386018],\n       [1.01556074, 2.54976455, 4.55850716, 4.89130112, 0.56645947,\n        5.03386054]]), array([0.4157172, 0.4157172, 0.4157172, 0.4157172, 0.4157172, 0.4157172,\n       0.4157172]))", "callback": [0.9417902977412409, 0.6730997832641521, 0.5665744098448371, 0.46472060433089823, 0.4431899389593147, 0.43411754566457894, 0.4303367728409727, 0.42655808062679557, 0.425552355212768, 0.42357821088484227, 0.4216066449496533, 0.42005012901666694, 0.4176593382367674, 0.41629386446062033, 0.4159057138723501, 0.41575168662718165, 0.4157275025736977, 0.41572127512993784, 0.41571893666294113, 0.4157179490899763, 0.41571731621966523, 0.4157172271019747, 0.4157172037956499, 0.41571719836989884, 0.41571719680982866, 0.415717196466886, 0.4157171963925874, 0.4157171963821322, 0.4157171963781474]}, "7": {"maxiter": 500, "fatol": 1e-10, "xatol": 1e-10, "duration": 0.20246100425720215, "fun": "0.4157171963771349", "nit": "392", "nfev": "708", "status": "0", "success": "True", "message": "Optimization terminated successfully.", "x": "[1.01556201 2.54976434 4.55850539 4.89130214 0.56646159 5.03385679]", "final_simplex": "(array([[1.01556201, 2.54976434, 4.55850539, 4.89130214, 0.56646159,\n        5.03385679],\n       [1.01556201, 2.54976434, 4.55850539, 4.89130214, 0.56646159,\n        5.03385679],\n       [1.01556201, 2.54976434, 4.55850539, 4.89130214, 0.56646159,\n        5.03385679],\n       [1.01556201, 2.54976434, 4.55850539, 4.89130214, 0.56646159,\n        5.03385679],\n       [1.01556201, 2.54976434, 4.55850539, 4.89130214, 0.56646159,\n        5.03385679],\n       [1.01556201, 2.54976434, 4.55850539, 4.89130214, 0.56646159,\n        5.03385679],\n       [1.01556201, 2.54976434, 4.55850539, 4.89130214, 0.56646159,\n        5.03385679]]), array([0.4157172, 0.4157172, 0.4157172, 0.4157172, 0.4157172, 0.4157172,\n       0.4157172]))", "callback": [0.9417902977412409, 0.6730997832641521, 0.5665744098448371, 0.46472060433089823, 0.4431899389593147, 0.43411754566457894, 0.4303367728409727, 0.42655808062679557, 0.425552355212768, 0.42357821088484227, 0.4216066449496533, 0.42005012901666694, 0.4176593382367674, 0.41629386446062033, 0.4159057138723501, 0.41575168662718165, 0.4157275025736977, 0.41572127512993784, 0.41571893666294113, 0.4157179490899763, 0.41571731621966523, 0.4157172271019747, 0.4157172037956499, 0.41571719836989884, 0.41571719680982866, 0.415717196466886, 0.4157171963925874, 0.4157171963821322, 0.4157171963781474, 0.4157171963773475, 0.4157171963771824, 0.41571719637715676, 0.41571719637714466, 0.4157171963771382, 0.41571719637713733, 0.41571719637713545, 0.415717196377135, 0.4157171963771349, 0.4157171963771349, 0.4157171963771349]}, "8": {"maxiter": 1000, "fatol": 1e-05, "xatol": 1e-05, "duration": 0.1595299243927002, "fun": "0.4157171963781474", "nit": "281", "nfev": "463", "status": "0", "success": "True", "message": "Optimization terminated successfully.", "x": "[1.01556167 2.54976241 4.55850576 4.89130561 0.56646147 5.03385786]", "final_simplex": "(array([[1.01556167, 2.54976241, 4.55850576, 4.89130561, 0.56646147,\n        5.03385786],\n       [1.01556063, 2.54976932, 4.55850613, 4.89129869, 0.56645973,\n        5.03385559],\n       [1.01556106, 2.54975865, 4.55850757, 4.89130402, 0.56646535,\n        5.03385928],\n       [1.01556265, 2.54976454, 4.55850625, 4.89130713, 0.56646212,\n        5.03385616],\n       [1.01556526, 2.54976973, 4.55850385, 4.89130087, 0.56645852,\n        5.03385664],\n       [1.01555988, 2.54976572, 4.55850494, 4.89130077, 0.56646196,\n        5.03386018],\n       [1.01556074, 2.54976455, 4.55850716, 4.89130112, 0.56645947,\n        5.03386054]]), array([0.4157172, 0.4157172, 0.4157172, 0.4157172, 0.4157172, 0.4157172,\n       0.4157172]))", "callback": [0.9417902977412409, 0.6730997832641521, 0.5665744098448371, 0.46472060433089823, 0.4431899389593147, 0.43411754566457894, 0.4303367728409727, 0.42655808062679557, 0.425552355212768, 0.42357821088484227, 0.4216066449496533, 0.42005012901666694, 0.4176593382367674, 0.41629386446062033, 0.4159057138723501, 0.41575168662718165, 0.4157275025736977, 0.41572127512993784, 0.41571893666294113, 0.4157179490899763, 0.41571731621966523, 0.4157172271019747, 0.4157172037956499, 0.41571719836989884, 0.41571719680982866, 0.415717196466886, 0.4157171963925874, 0.4157171963821322, 0.4157171963781474]}, "9": {"maxiter": 1000, "fatol": 1e-05, "xatol": 1e-10, "duration": 0.21082496643066406, "fun": "0.4157171963771349", "nit": "392", "nfev": "708", "status": "0", "success": "True", "message": "Optimization terminated successfully.", "x": "[1.01556201 2.54976434 4.55850539 4.89130214 0.56646159 5.03385679]", "final_simplex": "(array([[1.01556201, 2.54976434, 4.55850539, 4.89130214, 0.56646159,\n        5.03385679],\n       [1.01556201, 2.54976434, 4.55850539, 4.89130214, 0.56646159,\n        5.03385679],\n       [1.01556201, 2.54976434, 4.55850539, 4.89130214, 0.56646159,\n        5.03385679],\n       [1.01556201, 2.54976434, 4.55850539, 4.89130214, 0.56646159,\n        5.03385679],\n       [1.01556201, 2.54976434, 4.55850539, 4.89130214, 0.56646159,\n        5.03385679],\n       [1.01556201, 2.54976434, 4.55850539, 4.89130214, 0.56646159,\n        5.03385679],\n       [1.01556201, 2.54976434, 4.55850539, 4.89130214, 0.56646159,\n        5.03385679]]), array([0.4157172, 0.4157172, 0.4157172, 0.4157172, 0.4157172, 0.4157172,\n       0.4157172]))", "callback": [0.9417902977412409, 0.6730997832641521, 0.5665744098448371, 0.46472060433089823, 0.4431899389593147, 0.43411754566457894, 0.4303367728409727, 0.42655808062679557, 0.425552355212768, 0.42357821088484227, 0.4216066449496533, 0.42005012901666694, 0.4176593382367674, 0.41629386446062033, 0.4159057138723501, 0.41575168662718165, 0.4157275025736977, 0.41572127512993784, 0.41571893666294113, 0.4157179490899763, 0.41571731621966523, 0.4157172271019747, 0.4157172037956499, 0.41571719836989884, 0.41571719680982866, 0.415717196466886, 0.4157171963925874, 0.4157171963821322, 0.4157171963781474, 0.4157171963773475, 0.4157171963771824, 0.41571719637715676, 0.41571719637714466, 0.4157171963771382, 0.41571719637713733, 0.41571719637713545, 0.415717196377135, 0.4157171963771349, 0.4157171963771349, 0.4157171963771349]}, "10": {"maxiter": 1000, "fatol": 1e-10, "xatol": 1e-05, "duration": 0.134505033493042, "fun": "0.4157171963781474", "nit": "281", "nfev": "463", "status": "0", "success": "True", "message": "Optimization terminated successfully.", "x": "[1.01556167 2.54976241 4.55850576 4.89130561 0.56646147 5.03385786]", "final_simplex": "(array([[1.01556167, 2.54976241, 4.55850576, 4.89130561, 0.56646147,\n        5.03385786],\n       [1.01556063, 2.54976932, 4.55850613, 4.89129869, 0.56645973,\n        5.03385559],\n       [1.01556106, 2.54975865, 4.55850757, 4.89130402, 0.56646535,\n        5.03385928],\n       [1.01556265, 2.54976454, 4.55850625, 4.89130713, 0.56646212,\n        5.03385616],\n       [1.01556526, 2.54976973, 4.55850385, 4.89130087, 0.56645852,\n        5.03385664],\n       [1.01555988, 2.54976572, 4.55850494, 4.89130077, 0.56646196,\n        5.03386018],\n       [1.01556074, 2.54976455, 4.55850716, 4.89130112, 0.56645947,\n        5.03386054]]), array([0.4157172, 0.4157172, 0.4157172, 0.4157172, 0.4157172, 0.4157172,\n       0.4157172]))", "callback": [0.9417902977412409, 0.6730997832641521, 0.5665744098448371, 0.46472060433089823, 0.4431899389593147, 0.43411754566457894, 0.4303367728409727, 0.42655808062679557, 0.425552355212768, 0.42357821088484227, 0.4216066449496533, 0.42005012901666694, 0.4176593382367674, 0.41629386446062033, 0.4159057138723501, 0.41575168662718165, 0.4157275025736977, 0.41572127512993784, 0.41571893666294113, 0.4157179490899763, 0.41571731621966523, 0.4157172271019747, 0.4157172037956499, 0.41571719836989884, 0.41571719680982866, 0.415717196466886, 0.4157171963925874, 0.4157171963821322, 0.4157171963781474]}, "11": {"maxiter": 1000, "fatol": 1e-10, "xatol": 1e-10, "duration": 0.20688414573669434, "fun": "0.4157171963771349", "nit": "392", "nfev": "708", "status": "0", "success": "True", "message": "Optimization terminated successfully.", "x": "[1.01556201 2.54976434 4.55850539 4.89130214 0.56646159 5.03385679]", "final_simplex": "(array([[1.01556201, 2.54976434, 4.55850539, 4.89130214, 0.56646159,\n        5.03385679],\n       [1.01556201, 2.54976434, 4.55850539, 4.89130214, 0.56646159,\n        5.03385679],\n       [1.01556201, 2.54976434, 4.55850539, 4.89130214, 0.56646159,\n        5.03385679],\n       [1.01556201, 2.54976434, 4.55850539, 4.89130214, 0.56646159,\n        5.03385679],\n       [1.01556201, 2.54976434, 4.55850539, 4.89130214, 0.56646159,\n        5.03385679],\n       [1.01556201, 2.54976434, 4.55850539, 4.89130214, 0.56646159,\n        5.03385679],\n       [1.01556201, 2.54976434, 4.55850539, 4.89130214, 0.56646159,\n        5.03385679]]), array([0.4157172, 0.4157172, 0.4157172, 0.4157172, 0.4157172, 0.4157172,\n       0.4157172]))", "callback": [0.9417902977412409, 0.6730997832641521, 0.5665744098448371, 0.46472060433089823, 0.4431899389593147, 0.43411754566457894, 0.4303367728409727, 0.42655808062679557, 0.425552355212768, 0.42357821088484227, 0.4216066449496533, 0.42005012901666694, 0.4176593382367674, 0.41629386446062033, 0.4159057138723501, 0.41575168662718165, 0.4157275025736977, 0.41572127512993784, 0.41571893666294113, 0.4157179490899763, 0.41571731621966523, 0.4157172271019747, 0.4157172037956499, 0.41571719836989884, 0.41571719680982866, 0.415717196466886, 0.4157171963925874, 0.4157171963821322, 0.4157171963781474, 0.4157171963773475, 0.4157171963771824, 0.41571719637715676, 0.41571719637714466, 0.4157171963771382, 0.41571719637713733, 0.41571719637713545, 0.415717196377135, 0.4157171963771349, 0.4157171963771349, 0.4157171963771349]}}, "bfgs": {"type": "gradient", "0": {"maxiter": 100, "gtol": 1e-05, "xrtol": 1e-05, "eps": 1e-05, "duration": 0.08962321281433105, "fun": "0.4157171964030969", "jac": "[9.02355968e-07 3.12208037e-06 9.97324445e-07 1.39787071e-06\n 2.09443574e-06 1.68330905e-06]", "hess_inv": "[[ 6.18981712 -2.53872229  0.21516536  1.67993855  0.99191189  1.12182659]\n [-2.53872229 16.60525354 -5.91477992 -6.56536356 -8.32990522 -2.07975987]\n [ 0.21516536 -5.91477992  5.99907354  0.28082833  2.9225576   1.0929604 ]\n [ 1.67993855 -6.56536356  0.28082833 11.6914141   3.26060226 -1.5991706 ]\n [ 0.99191189 -8.32990522  2.9225576   3.26060226  7.66934387  0.14897317]\n [ 1.12182659 -2.07975987  1.0929604  -1.5991706   0.14897317  5.28469322]]", "nfev": "224", "njev": "32", "status": "0", "success": "True", "message": "Optimization terminated successfully.", "x": "[1.01555931 2.54979323 4.55849138 4.89129851 0.56644922 5.03385373]", "nit": "26", "callback": [0.5095082810581257, 0.5013507248274688, 0.48662969990286464, 0.4660433770880139, 0.46039986038843617, 0.4573904644119633, 0.4521154449153799, 0.44414821057686205, 0.44032544611938196, 0.43828606195890396, 0.4346073287006075, 0.42873061317119077, 0.4239439214090268, 0.42253799990300434, 0.4208421819445147, 0.41923212503653706, 0.41734448774950883, 0.4163230294228444, 0.41590213547770083, 0.4157559307862777, 0.41572605002854024, 0.4157193155405271, 0.4157178545992515, 0.4157172671168142, 0.41571719821457365, 0.4157171964030969]}, "1": {"maxiter": 100, "gtol": 1e-05, "xrtol": 1e-05, "eps": 1e-10, "duration": 0.07614326477050781, "fun": "0.41571719650587213", "jac": "[4.44089173e-06 5.55111466e-06 2.22044587e-06 4.44089173e-06\n 3.33066880e-06 2.22044587e-06]", "hess_inv": "[[ 6.24918513 -2.56736742  0.19472337  1.79585018  0.99454291  1.1192517 ]\n [-2.56736742 16.58241864 -5.86771885 -6.65739015 -8.30396618 -2.08660951]\n [ 0.19472337 -5.86771885  5.97508444  0.26616169  2.92206005  1.08099011]\n [ 1.79585018 -6.65739015  0.26616169 11.9346214   3.22045953 -1.54088722]\n [ 0.99454291 -8.30396618  2.92206005  3.22045953  7.64862249  0.15701226]\n [ 1.1192517  -2.08660951  1.08099011 -1.54088722  0.15701226  5.28450765]]", "nfev": "224", "njev": "32", "status": "0", "success": "True", "message": "Optimization terminated successfully.", "x": "[1.01558626 2.54978879 4.55849701 4.89131599 0.56645641 5.03386218]", "nit": "26", "callback": [0.5095112355656173, 0.5013528547862436, 0.4866305451673024, 0.46604310064953003, 0.4603995028158233, 0.4573902636692737, 0.45211564850618324, 0.44414906379842645, 0.44032501576638194, 0.43828604804206606, 0.4346080075536174, 0.42873153331720126, 0.42394319772547073, 0.4225379412319874, 0.4208427281392443, 0.4192322717293633, 0.4173443358311083, 0.41632385915000936, 0.4159024907993414, 0.4157560197109459, 0.41572607284000473, 0.4157193095593913, 0.4157178504941833, 0.4157172680082779, 0.41571719875682156, 0.41571719650587213]}, "2": {"maxiter": 100, "gtol": 1e-05, "xrtol": 1e-10, "eps": 1e-05, "duration": 0.08078789710998535, "fun": "0.4157171964030969", "jac": "[9.02355968e-07 3.12208037e-06 9.97324445e-07 1.39787071e-06\n 2.09443574e-06 1.68330905e-06]", "hess_inv": "[[ 6.18981712 -2.53872229  0.21516536  1.67993855  0.99191189  1.12182659]\n [-2.53872229 16.60525354 -5.91477992 -6.56536356 -8.32990522 -2.07975987]\n [ 0.21516536 -5.91477992  5.99907354  0.28082833  2.9225576   1.0929604 ]\n [ 1.67993855 -6.56536356  0.28082833 11.6914141   3.26060226 -1.5991706 ]\n [ 0.99191189 -8.32990522  2.9225576   3.26060226  7.66934387  0.14897317]\n [ 1.12182659 -2.07975987  1.0929604  -1.5991706   0.14897317  5.28469322]]", "nfev": "224", "njev": "32", "status": "0", "success": "True", "message": "Optimization terminated successfully.", "x": "[1.01555931 2.54979323 4.55849138 4.89129851 0.56644922 5.03385373]", "nit": "26", "callback": [0.5095082810581257, 0.5013507248274688, 0.48662969990286464, 0.4660433770880139, 0.46039986038843617, 0.4573904644119633, 0.4521154449153799, 0.44414821057686205, 0.44032544611938196, 0.43828606195890396, 0.4346073287006075, 0.42873061317119077, 0.4239439214090268, 0.42253799990300434, 0.4208421819445147, 0.41923212503653706, 0.41734448774950883, 0.4163230294228444, 0.41590213547770083, 0.4157559307862777, 0.41572605002854024, 0.4157193155405271, 0.4157178545992515, 0.4157172671168142, 0.41571719821457365, 0.4157171964030969]}, "3": {"maxiter": 100, "gtol": 1e-05, "xrtol": 1e-10, "eps": 1e-10, "duration": 0.08234095573425293, "fun": "0.41571719650587213", "jac": "[4.44089173e-06 5.55111466e-06 2.22044587e-06 4.44089173e-06\n 3.33066880e-06 2.22044587e-06]", "hess_inv": "[[ 6.24918513 -2.56736742  0.19472337  1.79585018  0.99454291  1.1192517 ]\n [-2.56736742 16.58241864 -5.86771885 -6.65739015 -8.30396618 -2.08660951]\n [ 0.19472337 -5.86771885  5.97508444  0.26616169  2.92206005  1.08099011]\n [ 1.79585018 -6.65739015  0.26616169 11.9346214   3.22045953 -1.54088722]\n [ 0.99454291 -8.30396618  2.92206005  3.22045953  7.64862249  0.15701226]\n [ 1.1192517  -2.08660951  1.08099011 -1.54088722  0.15701226  5.28450765]]", "nfev": "224", "njev": "32", "status": "0", "success": "True", "message": "Optimization terminated successfully.", "x": "[1.01558626 2.54978879 4.55849701 4.89131599 0.56645641 5.03386218]", "nit": "26", "callback": [0.5095112355656173, 0.5013528547862436, 0.4866305451673024, 0.46604310064953003, 0.4603995028158233, 0.4573902636692737, 0.45211564850618324, 0.44414906379842645, 0.44032501576638194, 0.43828604804206606, 0.4346080075536174, 0.42873153331720126, 0.42394319772547073, 0.4225379412319874, 0.4208427281392443, 0.4192322717293633, 0.4173443358311083, 0.41632385915000936, 0.4159024907993414, 0.4157560197109459, 0.41572607284000473, 0.4157193095593913, 0.4157178504941833, 0.4157172680082779, 0.41571719875682156, 0.41571719650587213]}, "4": {"maxiter": 100, "gtol": 1e-10, "xrtol": 1e-05, "eps": 1e-05, "duration": 0.07999300956726074, "fun": "0.4157171963930568", "jac": "[ 3.45168338e-08  9.08717546e-08 -3.88133969e-08  1.46560541e-07\n -2.75113266e-08  1.32716060e-07]", "hess_inv": "[[ 6.13783704 -2.34935705  0.19405391  1.50605361  0.9989089   1.10538525]\n [-2.34935705 17.33513762 -6.11588201 -6.53516747 -8.39295167 -1.95787712]\n [ 0.19405391 -6.11588201  6.04493887  0.32833732  2.93275355  1.0741448 ]\n [ 1.50605361 -6.53516747  0.32833732 11.36607013  3.29996698 -1.68050951]\n [ 0.9989089  -8.39295167  2.93275355  3.29996698  7.66939546  0.14954663]\n [ 1.10538525 -1.95787712  1.0741448  -1.68050951  0.14954663  5.28219915]]", "nfev": "231", "njev": "33", "status": "0", "success": "True", "message": "Optimization terminated successfully.", "x": "[1.01555485 2.54977734 4.55849586 4.89129726 0.56645066 5.03385092]", "nit": "27", "callback": [0.5095082810581257, 0.5013507248274688, 0.48662969990286464, 0.4660433770880139, 0.46039986038843617, 0.4573904644119633, 0.4521154449153799, 0.44414821057686205, 0.44032544611938196, 0.43828606195890396, 0.4346073287006075, 0.42873061317119077, 0.4239439214090268, 0.42253799990300434, 0.4208421819445147, 0.41923212503653706, 0.41734448774950883, 0.4163230294228444, 0.41590213547770083, 0.4157559307862777, 0.41572605002854024, 0.4157193155405271, 0.4157178545992515, 0.4157172671168142, 0.41571719821457365, 0.4157171964030969, 0.4157171963930568]}, "5": {"maxiter": 100, "gtol": 1e-10, "xrtol": 1e-05, "eps": 1e-10, "duration": 0.08122706413269043, "fun": "0.41571719638936866", "jac": "[ 0.00000000e+00 -1.11022293e-06  0.00000000e+00  1.11022293e-06\n -1.11022293e-06  1.11022293e-06]", "hess_inv": "[[ 5.92753025 -1.5252356   0.07920311  0.72486224  0.97406464  1.07961604]\n [-1.5252356  17.30225744 -6.13989703 -5.77458351 -8.10168165 -2.05305437]\n [ 0.07920311 -6.13989703  6.03561663  0.28980788  2.89325242  1.08172575]\n [ 0.72486224 -5.77458351  0.28980788 10.0025885   3.0664202  -1.61294704]\n [ 0.97406464 -8.10168165  2.89325242  3.0664202   7.6518299   0.15134083]\n [ 1.07961604 -2.05305437  1.08172575 -1.61294704  0.15134083  5.28182036]]", "nfev": "231", "njev": "33", "status": "0", "success": "True", "message": "Optimization terminated successfully.", "x": "[1.01555937 2.54977034 4.55850401 4.89129313 0.5664512  5.03386131]", "nit": "27", "callback": [0.5095112355656173, 0.5013528547862436, 0.4866305451673024, 0.46604310064953003, 0.4603995028158233, 0.4573902636692737, 0.45211564850618324, 0.44414906379842645, 0.44032501576638194, 0.43828604804206606, 0.4346080075536174, 0.42873153331720126, 0.42394319772547073, 0.4225379412319874, 0.4208427281392443, 0.4192322717293633, 0.4173443358311083, 0.41632385915000936, 0.4159024907993414, 0.4157560197109459, 0.41572607284000473, 0.4157193095593913, 0.4157178504941833, 0.4157172680082779, 0.41571719875682156, 0.41571719650587213, 0.41571719638936866]}, "6": {"maxiter": 100, "gtol": 1e-10, "xrtol": 1e-10, "eps": 1e-05, "duration": 0.16566920280456543, "fun": "0.4157171963930568", "jac": "[ 3.45168338e-08  9.08717546e-08 -3.88133969e-08  1.46560541e-07\n -2.75113266e-08  1.32716060e-07]", "hess_inv": "[[ 6.18001786 -2.23747141  0.12139703  1.58036767  0.94600521  1.13736157]\n [-2.23747141 17.59663109 -6.33625901 -6.28093848 -8.56911563 -1.86816035]\n [ 0.12139703 -6.33625901  6.14842009  0.2450859   2.99579703  1.02290437]\n [ 1.58036767 -6.28093848  0.2450859  11.40456703  3.26476026 -1.63210227]\n [ 0.94600521 -8.56911563  2.99579703  3.26476026  7.699354    0.11441666]\n [ 1.13736157 -1.86816035  1.02290437 -1.63210227  0.11441666  5.30575956]]", "nfev": "459", "njev": "64", "status": "2", "success": "False", "message": "Desired error not necessarily achieved due to precision loss.", "x": "[1.01555485 2.54977734 4.55849586 4.89129726 0.56645066 5.03385092]", "nit": "27", "callback": [0.5095082810581257, 0.5013507248274688, 0.48662969990286464, 0.4660433770880139, 0.46039986038843617, 0.4573904644119633, 0.4521154449153799, 0.44414821057686205, 0.44032544611938196, 0.43828606195890396, 0.4346073287006075, 0.42873061317119077, 0.4239439214090268, 0.42253799990300434, 0.4208421819445147, 0.41923212503653706, 0.41734448774950883, 0.4163230294228444, 0.41590213547770083, 0.4157559307862777, 0.41572605002854024, 0.4157193155405271, 0.4157178545992515, 0.4157172671168142, 0.41571719821457365, 0.4157171964030969, 0.4157171963930568]}, "7": {"maxiter": 100, "gtol": 1e-10, "xrtol": 1e-10, "eps": 1e-10, "duration": 0.13288187980651855, "fun": "0.41571719638936866", "jac": "[-2.22044587e-06  0.00000000e+00  0.00000000e+00  0.00000000e+00\n -2.22044587e-06  2.22044587e-06]", "hess_inv": "[[ 6.60743063 -2.76076015  0.37971985  2.13310047  1.39903863  1.60316694]\n [-2.76076015 15.28660692 -5.49039151 -6.25505203 -8.14020039 -1.74879723]\n [ 0.37971985 -5.49039151  5.83295459  0.32898993  2.87519934  0.96079418]\n [ 2.13310047 -6.25505203  0.32898993 11.90537419  3.58869463 -1.14110299]\n [ 1.39903863 -8.14020039  2.87519934  3.58869463  7.7911045   0.26235454]\n [ 1.60316694 -1.74879723  0.96079418 -1.14110299  0.26235454  5.31493691]]", "nfev": "385", "njev": "55", "status": "0", "success": "True", "message": "Optimization terminated successfully.", "x": "[1.01555937 2.54977034 4.55850401 4.89129313 0.5664512  5.03386131]", "nit": "28", "callback": [0.5095112355656173, 0.5013528547862436, 0.4866305451673024, 0.46604310064953003, 0.4603995028158233, 0.4573902636692737, 0.45211564850618324, 0.44414906379842645, 0.44032501576638194, 0.43828604804206606, 0.4346080075536174, 0.42873153331720126, 0.42394319772547073, 0.4225379412319874, 0.4208427281392443, 0.4192322717293633, 0.4173443358311083, 0.41632385915000936, 0.4159024907993414, 0.4157560197109459, 0.41572607284000473, 0.4157193095593913, 0.4157178504941833, 0.4157172680082779, 0.41571719875682156, 0.41571719650587213, 0.41571719638936866, 0.41571719638936866]}, "8": {"maxiter": 500, "gtol": 1e-05, "xrtol": 1e-05, "eps": 1e-05, "duration": 0.06431698799133301, "fun": "0.4157171964030969", "jac": "[9.02355968e-07 3.12208037e-06 9.97324445e-07 1.39787071e-06\n 2.09443574e-06 1.68330905e-06]", "hess_inv": "[[ 6.18981712 -2.53872229  0.21516536  1.67993855  0.99191189  1.12182659]\n [-2.53872229 16.60525354 -5.91477992 -6.56536356 -8.32990522 -2.07975987]\n [ 0.21516536 -5.91477992  5.99907354  0.28082833  2.9225576   1.0929604 ]\n [ 1.67993855 -6.56536356  0.28082833 11.6914141   3.26060226 -1.5991706 ]\n [ 0.99191189 -8.32990522  2.9225576   3.26060226  7.66934387  0.14897317]\n [ 1.12182659 -2.07975987  1.0929604  -1.5991706   0.14897317  5.28469322]]", "nfev": "224", "njev": "32", "status": "0", "success": "True", "message": "Optimization terminated successfully.", "x": "[1.01555931 2.54979323 4.55849138 4.89129851 0.56644922 5.03385373]", "nit": "26", "callback": [0.5095082810581257, 0.5013507248274688, 0.48662969990286464, 0.4660433770880139, 0.46039986038843617, 0.4573904644119633, 0.4521154449153799, 0.44414821057686205, 0.44032544611938196, 0.43828606195890396, 0.4346073287006075, 0.42873061317119077, 0.4239439214090268, 0.42253799990300434, 0.4208421819445147, 0.41923212503653706, 0.41734448774950883, 0.4163230294228444, 0.41590213547770083, 0.4157559307862777, 0.41572605002854024, 0.4157193155405271, 0.4157178545992515, 0.4157172671168142, 0.41571719821457365, 0.4157171964030969]}, "9": {"maxiter": 500, "gtol": 1e-05, "xrtol": 1e-05, "eps": 1e-10, "duration": 0.06107187271118164, "fun": "0.41571719650587213", "jac": "[4.44089173e-06 5.55111466e-06 2.22044587e-06 4.44089173e-06\n 3.33066880e-06 2.22044587e-06]", "hess_inv": "[[ 6.24918513 -2.56736742  0.19472337  1.79585018  0.99454291  1.1192517 ]\n [-2.56736742 16.58241864 -5.86771885 -6.65739015 -8.30396618 -2.08660951]\n [ 0.19472337 -5.86771885  5.97508444  0.26616169  2.92206005  1.08099011]\n [ 1.79585018 -6.65739015  0.26616169 11.9346214   3.22045953 -1.54088722]\n [ 0.99454291 -8.30396618  2.92206005  3.22045953  7.64862249  0.15701226]\n [ 1.1192517  -2.08660951  1.08099011 -1.54088722  0.15701226  5.28450765]]", "nfev": "224", "njev": "32", "status": "0", "success": "True", "message": "Optimization terminated successfully.", "x": "[1.01558626 2.54978879 4.55849701 4.89131599 0.56645641 5.03386218]", "nit": "26", "callback": [0.5095112355656173, 0.5013528547862436, 0.4866305451673024, 0.46604310064953003, 0.4603995028158233, 0.4573902636692737, 0.45211564850618324, 0.44414906379842645, 0.44032501576638194, 0.43828604804206606, 0.4346080075536174, 0.42873153331720126, 0.42394319772547073, 0.4225379412319874, 0.4208427281392443, 0.4192322717293633, 0.4173443358311083, 0.41632385915000936, 0.4159024907993414, 0.4157560197109459, 0.41572607284000473, 0.4157193095593913, 0.4157178504941833, 0.4157172680082779, 0.41571719875682156, 0.41571719650587213]}, "10": {"maxiter": 500, "gtol": 1e-05, "xrtol": 1e-10, "eps": 1e-05, "duration": 0.06768321990966797, "fun": "0.4157171964030969", "jac": "[9.02355968e-07 3.12208037e-06 9.97324445e-07 1.39787071e-06\n 2.09443574e-06 1.68330905e-06]", "hess_inv": "[[ 6.18981712 -2.53872229  0.21516536  1.67993855  0.99191189  1.12182659]\n [-2.53872229 16.60525354 -5.91477992 -6.56536356 -8.32990522 -2.07975987]\n [ 0.21516536 -5.91477992  5.99907354  0.28082833  2.9225576   1.0929604 ]\n [ 1.67993855 -6.56536356  0.28082833 11.6914141   3.26060226 -1.5991706 ]\n [ 0.99191189 -8.32990522  2.9225576   3.26060226  7.66934387  0.14897317]\n [ 1.12182659 -2.07975987  1.0929604  -1.5991706   0.14897317  5.28469322]]", "nfev": "224", "njev": "32", "status": "0", "success": "True", "message": "Optimization terminated successfully.", "x": "[1.01555931 2.54979323 4.55849138 4.89129851 0.56644922 5.03385373]", "nit": "26", "callback": [0.5095082810581257, 0.5013507248274688, 0.48662969990286464, 0.4660433770880139, 0.46039986038843617, 0.4573904644119633, 0.4521154449153799, 0.44414821057686205, 0.44032544611938196, 0.43828606195890396, 0.4346073287006075, 0.42873061317119077, 0.4239439214090268, 0.42253799990300434, 0.4208421819445147, 0.41923212503653706, 0.41734448774950883, 0.4163230294228444, 0.41590213547770083, 0.4157559307862777, 0.41572605002854024, 0.4157193155405271, 0.4157178545992515, 0.4157172671168142, 0.41571719821457365, 0.4157171964030969]}, "11": {"maxiter": 500, "gtol": 1e-05, "xrtol": 1e-10, "eps": 1e-10, "duration": 0.05848813056945801, "fun": "0.41571719650587213", "jac": "[4.44089173e-06 5.55111466e-06 2.22044587e-06 4.44089173e-06\n 3.33066880e-06 2.22044587e-06]", "hess_inv": "[[ 6.24918513 -2.56736742  0.19472337  1.79585018  0.99454291  1.1192517 ]\n [-2.56736742 16.58241864 -5.86771885 -6.65739015 -8.30396618 -2.08660951]\n [ 0.19472337 -5.86771885  5.97508444  0.26616169  2.92206005  1.08099011]\n [ 1.79585018 -6.65739015  0.26616169 11.9346214   3.22045953 -1.54088722]\n [ 0.99454291 -8.30396618  2.92206005  3.22045953  7.64862249  0.15701226]\n [ 1.1192517  -2.08660951  1.08099011 -1.54088722  0.15701226  5.28450765]]", "nfev": "224", "njev": "32", "status": "0", "success": "True", "message": "Optimization terminated successfully.", "x": "[1.01558626 2.54978879 4.55849701 4.89131599 0.56645641 5.03386218]", "nit": "26", "callback": [0.5095112355656173, 0.5013528547862436, 0.4866305451673024, 0.46604310064953003, 0.4603995028158233, 0.4573902636692737, 0.45211564850618324, 0.44414906379842645, 0.44032501576638194, 0.43828604804206606, 0.4346080075536174, 0.42873153331720126, 0.42394319772547073, 0.4225379412319874, 0.4208427281392443, 0.4192322717293633, 0.4173443358311083, 0.41632385915000936, 0.4159024907993414, 0.4157560197109459, 0.41572607284000473, 0.4157193095593913, 0.4157178504941833, 0.4157172680082779, 0.41571719875682156, 0.41571719650587213]}, "12": {"maxiter": 500, "gtol": 1e-10, "xrtol": 1e-05, "eps": 1e-05, "duration": 0.07093405723571777, "fun": "0.4157171963930568", "jac": "[ 3.45168338e-08  9.08717546e-08 -3.88133969e-08  1.46560541e-07\n -2.75113266e-08  1.32716060e-07]", "hess_inv": "[[ 6.13783704 -2.34935705  0.19405391  1.50605361  0.9989089   1.10538525]\n [-2.34935705 17.33513762 -6.11588201 -6.53516747 -8.39295167 -1.95787712]\n [ 0.19405391 -6.11588201  6.04493887  0.32833732  2.93275355  1.0741448 ]\n [ 1.50605361 -6.53516747  0.32833732 11.36607013  3.29996698 -1.68050951]\n [ 0.9989089  -8.39295167  2.93275355  3.29996698  7.66939546  0.14954663]\n [ 1.10538525 -1.95787712  1.0741448  -1.68050951  0.14954663  5.28219915]]", "nfev": "231", "njev": "33", "status": "0", "success": "True", "message": "Optimization terminated successfully.", "x": "[1.01555485 2.54977734 4.55849586 4.89129726 0.56645066 5.03385092]", "nit": "27", "callback": [0.5095082810581257, 0.5013507248274688, 0.48662969990286464, 0.4660433770880139, 0.46039986038843617, 0.4573904644119633, 0.4521154449153799, 0.44414821057686205, 0.44032544611938196, 0.43828606195890396, 0.4346073287006075, 0.42873061317119077, 0.4239439214090268, 0.42253799990300434, 0.4208421819445147, 0.41923212503653706, 0.41734448774950883, 0.4163230294228444, 0.41590213547770083, 0.4157559307862777, 0.41572605002854024, 0.4157193155405271, 0.4157178545992515, 0.4157172671168142, 0.41571719821457365, 0.4157171964030969, 0.4157171963930568]}, "13": {"maxiter": 500