{"conf_id": 9, "data_type": "random\n", "num_data_points": 1, "s_rank": 0, "unitary": "[[-0.24866696+0.58742286j,-0.44704345-0.43151574j,-0.35669027-0.20570733j,-0.10517633+0.1626036j],[0.10596805-0.19687975j,-0.30269685-0.15056416j,0.18246286+0.30440582j,-0.83484447-0.11310748j],[0.26054512-0.52548482j,0.0285017-0.50723956j,-0.43110112+0.17165838j,0.15243271+0.39915801j],[0.42978035+0.11991271j,-0.17224126-0.46030424j,0.6827807-0.15164662j,0.26483638+0.0061855j]]", "databatch_0": {"databatch": "[[[-0.01684218+0.19036057j,0.16408459-0.07939943j,0.00284523+0.29804641j,0.06977956-0.04637457j],[0.19903604-0.21127442j,-0.15106571+0.2010125j,-0.45965283-0.22243007j,-0.10197209-0.07153996j],[0.22682735-0.02956467j,-0.17335275-0.04066468j,0.04113395-0.26045639j,-0.04429156-0.08381345j],[-0.07572462+0.15868649j,0.12183055+0.12259305j,-0.41490561+0.05505051j,0.10543393-0.03184348j]]]", "nelder_mead": {"0": {"maxiter": 100, "fatol": 1e-05, "xatol": 1e-05, "duration": 0.03716301918029785, "fun": "0.377905011177063", "nit": "100", "nfev": "155", "status": "2", "success": "False", "message": "Maximum number of iterations has been exceeded.", "x": "[ 2.16533132  5.50652334  0.83932754  1.98598822  6.06207265 -0.15878244]", "final_simplex": "(array([[ 2.16533132e+00,  5.50652334e+00,  8.39327545e-01,\n         1.98598822e+00,  6.06207265e+00, -1.58782439e-01],\n       [ 2.17532083e+00,  5.51446646e+00,  8.78824254e-01,\n         1.96167096e+00,  5.95066967e+00, -9.31171827e-02],\n       [ 2.18977499e+00,  5.41971352e+00,  8.96440247e-01,\n         1.92886411e+00,  5.99635316e+00,  6.51754812e-03],\n       [ 2.17178320e+00,  5.51470236e+00,  8.86961595e-01,\n         1.84914172e+00,  6.03769744e+00, -4.37622134e-02],\n       [ 2.18114078e+00,  5.45652044e+00,  9.11961501e-01,\n         1.93894747e+00,  5.89495051e+00,  2.39922646e-03],\n       [ 2.20381277e+00,  5.50543214e+00,  8.74655858e-01,\n         1.91218811e+00,  5.97398553e+00, -5.01078238e-02],\n       [ 2.19502344e+00,  5.44764213e+00,  8.84901535e-01,\n         1.96235181e+00,  5.97646665e+00, -6.51970144e-02]]), array([0.37790501, 0.378831  , 0.37958348, 0.37958542, 0.37969944,\n       0.3801119 , 0.38046867]))"}, "1": {"maxiter": 100, "fatol": 1e-05, "xatol": 1e-10, "duration": 0.03618502616882324, "fun": "0.377905011177063", "nit": "100", "nfev": "155", "status": "2", "success": "False", "message": "Maximum number of iterations has been exceeded.", "x": "[ 2.16533132  5.50652334  0.83932754  1.98598822  6.06207265 -0.15878244]", "final_simplex": "(array([[ 2.16533132e+00,  5.50652334e+00,  8.39327545e-01,\n         1.98598822e+00,  6.06207265e+00, -1.58782439e-01],\n       [ 2.17532083e+00,  5.51446646e+00,  8.78824254e-01,\n         1.96167096e+00,  5.95066967e+00, -9.31171827e-02],\n       [ 2.18977499e+00,  5.41971352e+00,  8.96440247e-01,\n         1.92886411e+00,  5.99635316e+00,  6.51754812e-03],\n       [ 2.17178320e+00,  5.51470236e+00,  8.86961595e-01,\n         1.84914172e+00,  6.03769744e+00, -4.37622134e-02],\n       [ 2.18114078e+00,  5.45652044e+00,  9.11961501e-01,\n         1.93894747e+00,  5.89495051e+00,  2.39922646e-03],\n       [ 2.20381277e+00,  5.50543214e+00,  8.74655858e-01,\n         1.91218811e+00,  5.97398553e+00, -5.01078238e-02],\n       [ 2.19502344e+00,  5.44764213e+00,  8.84901535e-01,\n         1.96235181e+00,  5.97646665e+00, -6.51970144e-02]]), array([0.37790501, 0.378831  , 0.37958348, 0.37958542, 0.37969944,\n       0.3801119 , 0.38046867]))"}, "2": {"maxiter": 100, "fatol": 1e-10, "xatol": 1e-05, "duration": 0.03637194633483887, "fun": "0.377905011177063", "nit": "100", "nfev": "155", "status": "2", "success": "False", "message": "Maximum number of iterations has been exceeded.", "x": "[ 2.16533132  5.50652334  0.83932754  1.98598822  6.06207265 -0.15878244]", "final_simplex": "(array([[ 2.16533132e+00,  5.50652334e+00,  8.39327545e-01,\n         1.98598822e+00,  6.06207265e+00, -1.58782439e-01],\n       [ 2.17532083e+00,  5.51446646e+00,  8.78824254e-01,\n         1.96167096e+00,  5.95066967e+00, -9.31171827e-02],\n       [ 2.18977499e+00,  5.41971352e+00,  8.96440247e-01,\n         1.92886411e+00,  5.99635316e+00,  6.51754812e-03],\n       [ 2.17178320e+00,  5.51470236e+00,  8.86961595e-01,\n         1.84914172e+00,  6.03769744e+00, -4.37622134e-02],\n       [ 2.18114078e+00,  5.45652044e+00,  9.11961501e-01,\n         1.93894747e+00,  5.89495051e+00,  2.39922646e-03],\n       [ 2.20381277e+00,  5.50543214e+00,  8.74655858e-01,\n         1.91218811e+00,  5.97398553e+00, -5.01078238e-02],\n       [ 2.19502344e+00,  5.44764213e+00,  8.84901535e-01,\n         1.96235181e+00,  5.97646665e+00, -6.51970144e-02]]), array([0.37790501, 0.378831  , 0.37958348, 0.37958542, 0.37969944,\n       0.3801119 , 0.38046867]))"}, "3": {"maxiter": 100, "fatol": 1e-10, "xatol": 1e-10, "duration": 0.03655815124511719, "fun": "0.377905011177063", "nit": "100", "nfev": "155", "status": "2", "success": "False", "message": "Maximum number of iterations has been exceeded.", "x": "[ 2.16533132  5.50652334  0.83932754  1.98598822  6.06207265 -0.15878244]", "final_simplex": "(array([[ 2.16533132e+00,  5.50652334e+00,  8.39327545e-01,\n         1.98598822e+00,  6.06207265e+00, -1.58782439e-01],\n       [ 2.17532083e+00,  5.51446646e+00,  8.78824254e-01,\n         1.96167096e+00,  5.95066967e+00, -9.31171827e-02],\n       [ 2.18977499e+00,  5.41971352e+00,  8.96440247e-01,\n         1.92886411e+00,  5.99635316e+00,  6.51754812e-03],\n       [ 2.17178320e+00,  5.51470236e+00,  8.86961595e-01,\n         1.84914172e+00,  6.03769744e+00, -4.37622134e-02],\n       [ 2.18114078e+00,  5.45652044e+00,  9.11961501e-01,\n         1.93894747e+00,  5.89495051e+00,  2.39922646e-03],\n       [ 2.20381277e+00,  5.50543214e+00,  8.74655858e-01,\n         1.91218811e+00,  5.97398553e+00, -5.01078238e-02],\n       [ 2.19502344e+00,  5.44764213e+00,  8.84901535e-01,\n         1.96235181e+00,  5.97646665e+00, -6.51970144e-02]]), array([0.37790501, 0.378831  , 0.37958348, 0.37958542, 0.37969944,\n       0.3801119 , 0.38046867]))"}, "4": {"maxiter": 500, "fatol": 1e-05, "xatol": 1e-05, "duration": 0.1782369613647461, "fun": "0.19879752397537231", "nit": "500", "nfev": "762", "status": "2", "success": "False", "message": "Maximum number of iterations has been exceeded.", "x": "[9.93910297e-01 4.91610528e+00 4.92597573e-01 1.85683556e+00\n 4.51068570e+00 4.07473463e-03]", "final_simplex": "(array([[9.93910297e-01, 4.91610528e+00, 4.92597573e-01, 1.85683556e+00,\n        4.51068570e+00, 4.07473463e-03],\n       [9.92828668e-01, 4.92091769e+00, 4.88175170e-01, 1.85737941e+00,\n        4.50809485e+00, 1.54231560e-03],\n       [9.93876035e-01, 4.91739883e+00, 4.90830648e-01, 1.85664782e+00,\n        4.50887247e+00, 3.40598817e-03],\n       [9.91717910e-01, 4.91583970e+00, 4.93737651e-01, 1.85568505e+00,\n        4.50646515e+00, 4.84284749e-03],\n       [9.91479920e-01, 4.91813171e+00, 4.91242127e-01, 1.85719062e+00,\n        4.50767339e+00, 5.08915303e-03],\n       [9.93142543e-01, 4.91705992e+00, 4.92365423e-01, 1.85798395e+00,\n        4.50611765e+00, 4.88081570e-03],\n       [9.94645975e-01, 4.91924700e+00, 4.90838184e-01, 1.85570350e+00,\n        4.50926020e+00, 4.86954808e-03]]), array([0.19879752, 0.1987987 , 0.1987987 , 0.19879916, 0.19879942,\n       0.19879986, 0.19879989]))"}, "5": {"maxiter": 500, "fatol": 1e-05, "xatol": 1e-10, "duration": 0.17932701110839844, "fun": "0.19879752397537231", "nit": "500", "nfev": "762", "status": "2", "success": "False", "message": "Maximum number of iterations has been exceeded.", "x": "[9.93910297e-01 4.91610528e+00 4.92597573e-01 1.85683556e+00\n 4.51068570e+00 4.07473463e-03]", "final_simplex": "(array([[9.93910297e-01, 4.91610528e+00, 4.92597573e-01, 1.85683556e+00,\n        4.51068570e+00, 4.07473463e-03],\n       [9.92828668e-01, 4.92091769e+00, 4.88175170e-01, 1.85737941e+00,\n        4.50809485e+00, 1.54231560e-03],\n       [9.93876035e-01, 4.91739883e+00, 4.90830648e-01, 1.85664782e+00,\n        4.50887247e+00, 3.40598817e-03],\n       [9.91717910e-01, 4.91583970e+00, 4.93737651e-01, 1.85568505e+00,\n        4.50646515e+00, 4.84284749e-03],\n       [9.91479920e-01, 4.91813171e+00, 4.91242127e-01, 1.85719062e+00,\n        4.50767339e+00, 5.08915303e-03],\n       [9.93142543e-01, 4.91705992e+00, 4.92365423e-01, 1.85798395e+00,\n        4.50611765e+00, 4.88081570e-03],\n       [9.94645975e-01, 4.91924700e+00, 4.90838184e-01, 1.85570350e+00,\n        4.50926020e+00, 4.86954808e-03]]), array([0.19879752, 0.1987987 , 0.1987987 , 0.19879916, 0.19879942,\n       0.19879986, 0.19879989]))"}, "6": {"maxiter": 500, "fatol": 1e-10, "xatol": 1e-05, "duration": 0.17749309539794922, "fun": "0.19879752397537231", "nit": "500", "nfev": "762", "status": "2", "success": "False", "message": "Maximum number of iterations has been exceeded.", "x": "[9.93910297e-01 4.91610528e+00 4.92597573e-01 1.85683556e+00\n 4.51068570e+00 4.07473463e-03]", "final_simplex": "(array([[9.93910297e-01, 4.91610528e+00, 4.92597573e-01, 1.85683556e+00,\n        4.51068570e+00, 4.07473463e-03],\n       [9.92828668e-01, 4.92091769e+00, 4.88175170e-01, 1.85737941e+00,\n        4.50809485e+00, 1.54231560e-03],\n       [9.93876035e-01, 4.91739883e+00, 4.90830648e-01, 1.85664782e+00,\n        4.50887247e+00, 3.40598817e-03],\n       [9.91717910e-01, 4.91583970e+00, 4.93737651e-01, 1.85568505e+00,\n        4.50646515e+00, 4.84284749e-03],\n       [9.91479920e-01, 4.91813171e+00, 4.91242127e-01, 1.85719062e+00,\n        4.50767339e+00, 5.08915303e-03],\n       [9.93142543e-01, 4.91705992e+00, 4.92365423e-01, 1.85798395e+00,\n        4.50611765e+00, 4.88081570e-03],\n       [9.94645975e-01, 4.91924700e+00, 4.90838184e-01, 1.85570350e+00,\n        4.50926020e+00, 4.86954808e-03]]), array([0.19879752, 0.1987987 , 0.1987987 , 0.19879916, 0.19879942,\n       0.19879986, 0.19879989]))"}, "7": {"maxiter": 500, "fatol": 1e-10, "xatol": 1e-10, "duration": 0.17782974243164062, "fun": "0.19879752397537231", "nit": "500", "nfev": "762", "status": "2", "success": "False", "message": "Maximum number of iterations has been exceeded.", "x": "[9.93910297e-01 4.91610528e+00 4.92597573e-01 1.85683556e+00\n 4.51068570e+00 4.07473463e-03]", "final_simplex": "(array([[9.93910297e-01, 4.91610528e+00, 4.92597573e-01, 1.85683556e+00,\n        4.51068570e+00, 4.07473463e-03],\n       [9.92828668e-01, 4.92091769e+00, 4.88175170e-01, 1.85737941e+00,\n        4.50809485e+00, 1.54231560e-03],\n       [9.93876035e-01, 4.91739883e+00, 4.90830648e-01, 1.85664782e+00,\n        4.50887247e+00, 3.40598817e-03],\n       [9.91717910e-01, 4.91583970e+00, 4.93737651e-01, 1.85568505e+00,\n        4.50646515e+00, 4.84284749e-03],\n       [9.91479920e-01, 4.91813171e+00, 4.91242127e-01, 1.85719062e+00,\n        4.50767339e+00, 5.08915303e-03],\n       [9.93142543e-01, 4.91705992e+00, 4.92365423e-01, 1.85798395e+00,\n        4.50611765e+00, 4.88081570e-03],\n       [9.94645975e-01, 4.91924700e+00, 4.90838184e-01, 1.85570350e+00,\n        4.50926020e+00, 4.86954808e-03]]), array([0.19879752, 0.1987987 , 0.1987987 , 0.19879916, 0.19879942,\n       0.19879986, 0.19879989]))"}, "8": {"maxiter": 1000, "fatol": 1e-05, "xatol": 1e-05, "duration": 0.2138359546661377, "fun": "0.19879445433616638", "nit": "568", "nfev": "908", "status": "0", "success": "True", "message": "Optimization terminated successfully.", "x": "[ 9.92045941e-01  4.91987780e+00  4.92013823e-01  1.85712258e+00\n  4.51150472e+00 -1.01678894e-03]", "final_simplex": "(array([[ 9.92045941e-01,  4.91987780e+00,  4.92013823e-01,\n         1.85712258e+00,  4.51150472e+00, -1.01678894e-03],\n       [ 9.92047304e-01,  4.91987741e+00,  4.92015002e-01,\n         1.85712441e+00,  4.51150931e+00, -1.02096252e-03],\n       [ 9.92048315e-01,  4.91987749e+00,  4.92018612e-01,\n         1.85712246e+00,  4.51150839e+00, -1.01477519e-03],\n       [ 9.92051782e-01,  4.91987907e+00,  4.92013767e-01,\n         1.85712228e+00,  4.51151175e+00, -1.01649831e-03],\n       [ 9.92048964e-01,  4.91987853e+00,  4.92014638e-01,\n         1.85712411e+00,  4.51151076e+00, -1.01483854e-03],\n       [ 9.92045626e-01,  4.91988087e+00,  4.92012207e-01,\n         1.85712332e+00,  4.51150960e+00, -1.01897903e-03],\n       [ 9.92047694e-01,  4.91988002e+00,  4.92013819e-01,\n         1.85712399e+00,  4.51150960e+00, -1.01925666e-03]]), array([0.19879445, 0.19879445, 0.19879445, 0.19879445, 0.19879445,\n       0.19879445, 0.19879445]))"}, "9": {"maxiter": 1000, "fatol": 1e-05, "xatol": 1e-10, "duration": 0.2411811351776123, "fun": "0.19879445433616638", "nit": "585", "nfev": "1044", "status": "0", "success": "True", "message": "Optimization terminated successfully.", "x": "[ 9.92045941e-01  4.91987780e+00  4.92013823e-01  1.85712258e+00\n  4.51150472e+00 -1.01678894e-03]", "final_simplex": "(array([[ 9.92045941e-01,  4.91987780e+00,  4.92013823e-01,\n         1.85712258e+00,  4.51150472e+00, -1.01678894e-03],\n       [ 9.92045941e-01,  4.91987780e+00,  4.92013823e-01,\n         1.85712258e+00,  4.51150472e+00, -1.01678897e-03],\n       [ 9.92045941e-01,  4.91987780e+00,  4.92013823e-01,\n         1.85712258e+00,  4.51150472e+00, -1.01678892e-03],\n       [ 9.92045941e-01,  4.91987780e+00,  4.92013823e-01,\n         1.85712258e+00,  4.51150472e+00, -1.01678894e-03],\n       [ 9.92045941e-01,  4.91987780e+00,  4.92013823e-01,\n         1.85712258e+00,  4.51150472e+00, -1.01678893e-03],\n       [ 9.92045941e-01,  4.91987780e+00,  4.92013823e-01,\n         1.85712258e+00,  4.51150472e+00, -1.01678896e-03],\n       [ 9.92045941e-01,  4.91987780e+00,  4.92013823e-01,\n         1.85712258e+00,  4.51150472e+00, -1.01678896e-03]]), array([0.19879445, 0.19879445, 0.19879445, 0.19879445, 0.19879445,\n       0.19879445, 0.19879445]))"}, "10": {"maxiter": 1000, "fatol": 1e-10, "xatol": 1e-05, "duration": 0.22624897956848145, "fun": "0.19879445433616638", "nit": "568", "nfev": "908", "status": "0", "success": "True", "message": "Optimization terminated successfully.", "x": "[ 9.92045941e-01  4.91987780e+00  4.92013823e-01  1.85712258e+00\n  4.51150472e+00 -1.01678894e-03]", "final_simplex": "(array([[ 9.92045941e-01,  4.91987780e+00,  4.92013823e-01,\n         1.85712258e+00,  4.51150472e+00, -1.01678894e-03],\n       [ 9.92047304e-01,  4.91987741e+00,  4.92015002e-01,\n         1.85712441e+00,  4.51150931e+00, -1.02096252e-03],\n       [ 9.92048315e-01,  4.91987749e+00,  4.92018612e-01,\n         1.85712246e+00,  4.51150839e+00, -1.01477519e-03],\n       [ 9.92051782e-01,  4.91987907e+00,  4.92013767e-01,\n         1.85712228e+00,  4.51151175e+00, -1.01649831e-03],\n       [ 9.92048964e-01,  4.91987853e+00,  4.92014638e-01,\n         1.85712411e+00,  4.51151076e+00, -1.01483854e-03],\n       [ 9.92045626e-01,  4.91988087e+00,  4.92012207e-01,\n         1.85712332e+00,  4.51150960e+00, -1.01897903e-03],\n       [ 9.92047694e-01,  4.91988002e+00,  4.92013819e-01,\n         1.85712399e+00,  4.51150960e+00, -1.01925666e-03]]), array([0.19879445, 0.19879445, 0.19879445, 0.19879445, 0.19879445,\n       0.19879445, 0.19879445]))"}, "11": {"maxiter": 1000, "fatol": 1e-10, "xatol": 1e-10, "duration": 0.252810001373291, "fun": "0.19879445433616638", "nit": "585", "nfev": "1044", "status": "0", "success": "True", "message": "Optimization terminated successfully.", "x": "[ 9.92045941e-01  4.91987780e+00  4.92013823e-01  1.85712258e+00\n  4.51150472e+00 -1.01678894e-03]", "final_simplex": "(array([[ 9.92045941e-01,  4.91987780e+00,  4.92013823e-01,\n         1.85712258e+00,  4.51150472e+00, -1.01678894e-03],\n       [ 9.92045941e-01,  4.91987780e+00,  4.92013823e-01,\n         1.85712258e+00,  4.51150472e+00, -1.01678897e-03],\n       [ 9.92045941e-01,  4.91987780e+00,  4.92013823e-01,\n         1.85712258e+00,  4.51150472e+00, -1.01678892e-03],\n       [ 9.92045941e-01,  4.91987780e+00,  4.92013823e-01,\n         1.85712258e+00,  4.51150472e+00, -1.01678894e-03],\n       [ 9.92045941e-01,  4.91987780e+00,  4.92013823e-01,\n         1.85712258e+00,  4.51150472e+00, -1.01678893e-03],\n       [ 9.92045941e-01,  4.91987780e+00,  4.92013823e-01,\n         1.85712258e+00,  4.51150472e+00, -1.01678896e-03],\n       [ 9.92045941e-01,  4.91987780e+00,  4.92013823e-01,\n         1.85712258e+00,  4.51150472e+00, -1.01678896e-03]]), array([0.19879445, 0.19879445, 0.19879445, 0.19879445, 0.19879445,\n       0.19879445, 0.19879445]))"}}, "bfgs": {"0": {"maxiter": 100, "gtol": 1e-05, "xrtol": 1e-05, "eps": 1e-05, "duration": 0.05873394012451172, "fun": "0.19879738986492157", "jac": "[ 0.         -0.00149012 -0.00149012 -0.00149012 -0.00149012  0.        ]", "hess_inv": "[[ 1.62332157 -0.69019036  0.08544222 -0.09478416  1.22368682 -0.90534772]\n [-0.69019036  2.36629903  1.03421111 -2.06006597 -1.49964794 -1.67191658]\n [ 0.08544222  1.03421111  2.95035969 -2.98104066 -0.10509674 -1.18584363]\n [-0.09478416 -2.06006597 -2.98104066  6.42169943  0.16529454  2.18764841]\n [ 1.22368682 -1.49964794 -0.10509674  0.16529454  3.01020328  0.25593594]\n [-0.90534772 -1.67191658 -1.18584363  2.18764841  0.25593594  2.63081674]]", "nfev": "245", "njev": "35", "status": "0", "success": "True", "message": "Optimization terminated successfully.", "x": "[9.93574943e-01 4.91490680e+00 4.95604268e-01 1.85566957e+00\n 4.51011087e+00 4.07249103e-03]", "nit": "29"}, "1": {"maxiter": 100, "gtol": 1e-05, "xrtol": 1e-05, "eps": 1e-10, "duration": 0.0017521381378173828, "fun": "0.6459035277366638", "jac": "[0. 0. 0. 0. 0. 0.]", "hess_inv": "[[1 0 0 0 0 0]\n [0 1 0 0 0 0]\n [0 0 1 0 0 0]\n [0 0 0 1 0 0]\n [0 0 0 0 1 0]\n [0 0 0 0 0 1]]", "nfev": "7", "njev": "1", "status": "0", "success": "True", "message": "Optimization terminated successfully.", "x": "[2.18709853 2.54142817 2.23458691 3.15856138 3.63734433 2.50905051]", "nit": "0"}, "2": {"maxiter": 100, "gtol": 1e-05, "xrtol": 1e-10, "eps": 1e-05, "duration": 0.06286907196044922, "fun": "0.19879718124866486", "jac": "[0. 0. 0. 0. 0. 0.]", "hess_inv": "[[ 2.39660882e+00 -4.68251671e+00 -2.22993322e+00  1.79188712e-02\n   2.21916134e+00  2.35822340e+00]\n [-4.68251671e+00  1.80204207e+01  7.64116071e+00 -9.62360603e-02\n  -7.57341738e+00 -1.34372448e+01]\n [-2.22993322e+00  7.64116071e+00  4.06498812e+00 -6.33849316e-02\n  -4.01716938e+00 -5.47710835e+00]\n [ 1.79188712e-02 -9.62360603e-02 -6.33849316e-02  6.13952236e-02\n   3.08833828e-02  7.91474667e-02]\n [ 2.21916134e+00 -7.57341738e+00 -4.01716938e+00  3.08833828e-02\n   4.00188881e+00  5.41933616e+00]\n [ 2.35822340e+00 -1.34372448e+01 -5.47710835e+00  7.91474667e-02\n   5.41933616e+00  1.11907798e+01]]", "nfev": "266", "njev": "38", "status": "0", "success": "True", "message": "Optimization terminated successfully.", "x": "[9.93527289e-01 4.91512919e+00 4.95726863e-01 1.85562090e+00\n 4.51003700e+00 3.89590288e-03]", "nit": "31"}, "3": {"maxiter": 100, "gtol": 1e-05, "xrtol": 1e-10, "eps": 1e-10, "duration": 0.0016567707061767578, "fun": "0.6459035277366638", "jac": "[0. 0. 0. 0. 0. 0.]", "hess_inv": "[[1 0 0 0 0 0]\n [0 1 0 0 0 0]\n [0 0 1 0 0 0]\n [0 0 0 1 0 0]\n [0 0 0 0 1 0]\n [0 0 0 0 0 1]]", "nfev": "7", "njev": "1", "status": "0", "success": "True", "message": "Optimization terminated successfully.", "x": "[2.18709853 2.54142817 2.23458691 3.15856138 3.63734433 2.50905051]", "nit": "0"}, "4": {"maxiter": 100, "gtol": 1e-10, "xrtol": 1e-05, "eps": 1e-05, "duration": 0.0583040714263916, "fun": "0.19879738986492157", "jac": "[ 0.         -0.00149012 -0.00149012 -0.00149012 -0.00149012  0.        ]", "hess_inv": "[[ 1.62332157 -0.69019036  0.08544222 -0.09478416  1.22368682 -0.90534772]\n [-0.69019036  2.36629903  1.03421111 -2.06006597 -1.49964794 -1.67191658]\n [ 0.08544222  1.03421111  2.95035969 -2.98104066 -0.10509674 -1.18584363]\n [-0.09478416 -2.06006597 -2.98104066  6.42169943  0.16529454  2.18764841]\n [ 1.22368682 -1.49964794 -0.10509674  0.16529454  3.01020328  0.25593594]\n [-0.90534772 -1.67191658 -1.18584363  2.18764841  0.25593594  2.63081674]]", "nfev": "245", "njev": "35", "status": "0", "success": "True", "message": "Optimization terminated successfully.", "x": "[9.93574943e-01 4.91490680e+00 4.95604268e-01 1.85566957e+00\n 4.51011087e+00 4.07249103e-03]", "nit": "29"}, "5": {"maxiter": 100, "gtol": 1e-10, "xrtol": 1e-05, "eps": 1e-10, "duration": 0.0016171932220458984, "fun": "0.6459035277366638", "jac": "[0. 0. 0. 0. 0. 0.]", "hess_inv": "[[1 0 0 0 0 0]\n [0 1 0 0 0 0]\n [0 0 1 0 0 0]\n [0 0 0 1 0 0]\n [0 0 0 0 1 0]\n [0 0 0 0 0 1]]", "nfev": "7", "njev": "1", "status": "0", "success": "True", "message": "Optimization terminated successfully.", "x": "[2.18709853 2.54142817 2.23458691 3.15856138 3.63734433 2.50905051]", "nit": "0"}, "6": {"maxiter": 100, "gtol": 1e-10, "xrtol": 1e-10, "eps": 1e-05, "duration": 0.06476497650146484, "fun": "0.19879718124866486", "jac": "[0. 0. 0. 0. 0. 0.]", "hess_inv": "[[ 2.39660882e+00 -4.68251671e+00 -2.22993322e+00  1.79188712e-02\n   2.21916134e+00  2.35822340e+00]\n [-4.68251671e+00  1.80204207e+01  7.64116071e+00 -9.62360603e-02\n  -7.57341738e+00 -1.34372448e+01]\n [-2.22993322e+00  7.64116071e+00  4.06498812e+00 -6.33849316e-02\n  -4.01716938e+00 -5.47710835e+00]\n [ 1.79188712e-02 -9.62360603e-02 -6.33849316e-02  6.13952236e-02\n   3.08833828e-02  7.91474667e-02]\n [ 2.21916134e+00 -7.57341738e+00 -4.01716938e+00  3.08833828e-02\n   4.00188881e+00  5.41933616e+00]\n [ 2.35822340e+00 -1.34372448e+01 -5.47710835e+00  7.91474667e-02\n   5.41933616e+00  1.11907798e+01]]", "nfev": "266", "njev": "38", "status": "0", "success": "True", "message": "Optimization terminated successfully.", "x": "[9.93527289e-01 4.91512919e+00 4.95726863e-01 1.85562090e+00\n 4.51003700e+00 3.89590288e-03]", "nit": "31"}, "7": {"maxiter": 100, "gtol": 1e-10, "xrtol": 1e-10, "eps": 1e-10, "duration": 0.0018200874328613281, "fun": "0.6459035277366638", "jac": "[0. 0. 0. 0. 0. 0.]", "hess_inv": "[[1 0 0 0 0 0]\n [0 1 0 0 0 0]\n [0 0 1 0 0 0]\n [0 0 0 1 0 0]\n [0 0 0 0 1 0]\n [0 0 0 0 0 1]]", "nfev": "7", "njev": "1", "status": "0", "success": "True", "message": "Optimization terminated successfully.", "x": "[2.18709853 2.54142817 2.23458691 3.15856138 3.63734433 2.50905051]", "nit": "0"}, "8": {"maxiter": 500, "gtol": 1e-05, "xrtol": 1e-05, "eps": 1e-05, "duration": 0.05953717231750488, "fun": "0.19879738986492157", "jac": "[ 0.         -0.00149012 -0.00149012 -0.00149012 -0.00149012  0.        ]", "hess_inv": "[[ 1.62332157 -0.69019036  0.08544222 -0.09478416  1.22368682 -0.90534772]\n [-0.69019036  2.36629903  1.03421111 -2.06006597 -1.49964794 -1.67191658]\n [ 0.08544222  1.03421111  2.95035969 -2.98104066 -0.10509674 -1.18584363]\n [-0.09478416 -2.06006597 -2.98104066  6.42169943  0.16529454  2.18764841]\n [ 1.22368682 -1.49964794 -0.10509674  0.16529454  3.01020328  0.25593594]\n [-0.90534772 -1.67191658 -1.18584363  2.18764841  0.25593594  2.63081674]]", "nfev": "245", "njev": "35", "status": "0", "success": "True", "message": "Optimization terminated successfully.", "x": "[9.93574943e-01 4.91490680e+00 4.95604268e-01 1.85566957e+00\n 4.51011087e+00 4.07249103e-03]", "nit": "29"}, "9": {"maxiter": 500, "gtol": 1e-05, "xrtol": 1e-05, "eps": 1e-10, "duration": 0.0016410350799560547, "fun": "0.6459035277366638", "jac": "[0. 0. 0. 0. 0. 0.]", "hess_inv": "[[1 0 0 0 0 0]\n [0 1 0 0 0 0]\n [0 0 1 0 0 0]\n [0 0 0 1 0 0]\n [0 0 0 0 1 0]\n [0 0 0 0 0 1]]", "nfev": "7", "njev": "1", "status": "0", "success": "True", "message": "Optimization terminated successfully.", "x": "[2.18709853 2.54142817 2.23458691 3.15856138 3.63734433 2.50905051]", "nit": "0"}, "10": {"maxiter": 500, "gtol": 1e-05, "xrtol": 1e-10, "eps": 1e-05, "duration": 0.06455302238464355, "fun": "0.19879718124866486", "jac": "[0. 0. 0. 0. 0. 0.]", "hess_inv": "[[ 2.39660882e+00 -4.68251671e+00 -2.22993322e+00  1.79188712e-02\n   2.21916134e+00  2.35822340e+00]\n [-4.68251671e+00  1.80204207e+01  7.64116071e+00 -9.62360603e-02\n  -7.57341738e+00 -1.34372448e+01]\n [-2.22993322e+00  7.64116071e+00  4.06498812e+00 -6.33849316e-02\n  -4.01716938e+00 -5.47710835e+00]\n [ 1.79188712e-02 -9.62360603e-02 -6.33849316e-02  6.13952236e-02\n   3.08833828e-02  7.91474667e-02]\n [ 2.21916134e+00 -7.57341738e+00 -4.01716938e+00  3.08833828e-02\n   4.00188881e+00  5.41933616e+00]\n [ 2.35822340e+00 -1.34372448e+01 -5.47710835e+00  7.91474667e-02\n   5.41933616e+00  1.11907798e+01]]", "nfev": "266", "njev": "38", "status": "0", "success": "True", "message": "Optimization terminated successfully.", "x": "[9.93527289e-01 4.91512919e+00 4.95726863e-01 1.85562090e+00\n 4.51003700e+00 3.89590288e-03]", "nit": "31"}, "11": {"maxiter": 500, "gtol": 1e-05, "xrtol": 1e-10, "eps": 1e-10, "duration": 0.0015759468078613281, "fun": "0.6459035277366638", "jac": "[0. 0. 0. 0. 0. 0.]", "hess_inv": "[[1 0 0 0 0 0]\n [0 1 0 0 0 0]\n [0 0 1 0 0 0]\n [0 0 0 1 0 0]\n [0 0 0 0 1 0]\n [0 0 0 0 0 1]]", "nfev": "7", "njev": "1", "status": "0", "success": "True", "message": "Optimization terminated successfully.", "x": "[2.18709853 2.54142817 2.23458691 3.15856138 3.63734433 2.50905051]", "nit": "0"}, "12": {"maxiter": 500, "gtol": 1e-10, "xrtol": 1e-05, "eps": 1e-05, "duration": 0.05798602104187012, "fun": "0.19879738986492157", "jac": "[ 0.         -0.00149012 -0.00149012 -0.00149012 -0.00149012  0.        ]", "hess_inv": "[[ 1.62332157 -0.69019036  0.08544222 -0.09478416  1.22368682 -0.90534772]\n [-0.69019036  2.36629903  1.03421111 -2.06006597 -1.49964794 -1.67191658]\n [ 0.08544222  1.03421111  2.95035969 -2.98104066 -0.10509674 -1.18584363]\n [-0.09478416 -2.06006597 -2.98104066  6.42169943  0.16529454  2.18764841]\n [ 1.22368682 -1.49964794 -0.10509674  0.16529454  3.01020328  0.25593594]\n [-0.90534772 -1.67191658 -1.18584363  2.18764841  0.25593594  2.63081674]]", "nfev": "245", "njev": "35", "status": "0", "success": "True", "message": "Optimization terminated successfully.", "x": "[9.93574943e-01 4.91490680e+00 4.95604268e-01 1.85566957e+00\n 4.51011087e+00 4.07249103e-03]", "nit": "29"}, "13": {"maxiter": 500, "gtol": 1e-10, "xrtol": 1e-05, "eps": 1e-10, "duration": 0.0016739368438720703, "fun": "0.6459035277366638", "jac": "[0. 0. 0. 0. 0. 0.]", "hess_inv": "[[1 0 0 0 0 0]\n [0 1 0 0 0 0]\n [0 0 1 0 0 0]\n [0 0 0 1 0 0]\n [0 0 0 0 1 0]\n [0 0 0 0 0 1]]", "nfev": "7", "njev": "1", "status": "0", "success": "True", "message": "Optimization terminated successfully.", "x": "[2.18709853 2.54142817 2.23458691 3.15856138 3.63734433 2.50905051]", "nit": "0"}, "14": {"maxiter": 500, "gtol": 1e-10, "xrtol": 1e-10, "eps": 1e-05, "duration": 0.06391024589538574, "fun": "0.19879718124866486", "jac": "[0. 0. 0. 0. 0. 0.]", "hess_inv": "[[ 2.39660882e+00 -4.68251671e+00 -2.22993322e+00  1.79188712e-02\n   2.21916134e+00  2.35822340e+00]\n [-4.68251671e+00  1.80204207e+01  7.64116071e+00 -9.62360603e-02\n  -7.57341738e+00 -1.34372448e+01]\n [-2.22993322e+00  7.64116071e+00  4.06498812e+00 -6.33849316e-02\n  -4.01716938e+00 -5.47710835e+00]\n [ 1.79188712e-02 -9.62360603e-02 -6.33849316e-02  6.13952236e-02\n   3.08833828e-02  7.91474667e-02]\n [ 2.21916134e+00 -7.57341738e+00 -4.01716938e+00  3.08833828e-02\n   4.00188881e+00  5.41933616e+00]\n [ 2.35822340e+00 -1.34372448e+01 -5.47710835e+00  7.91474667e-02\n   5.41933616e+00  1.11907798e+01]]", "nfev": "266", "njev": "38", "status": "0", "success": "True", "message": "Optimization terminated successfully.", "x": "[9.93527289e-01 4.91512919e+00 4.95726863e-01 1.85562090e+00\n 4.51003700e+00 3.89590288e-03]", "nit": "31"}, "15": {"maxiter": 500, "gtol": 1e-10, "xrtol": 1e-10, "eps": 1e-10, "duration": 0.0017399787902832031, "fun": "0.6459035277366638", "jac": "[0. 0. 0. 0. 0. 0.]", "hess_inv": "[[1 0 0 0 0 0]\n [0 1 0 0 0 0]\n [0 0 1 0 0 0]\n [0 0 0 1 0 0]\n [0 0 0 0 1 0]\n [0 0 0 0 0 1]]", "nfev": "7", "njev": "1", "status": "0", "success": "True", "message": "Optimization terminated successfully.", "x": "[2.18709853 2.54142817 2.23458691 3.15856138 3.63734433 2.50905051]", "nit": "0"}, "16": {"maxiter": 1000, "gtol": 1e-05, "xrtol": 1e-05, "eps": 1e-05, "duration": 0.05687093734741211, "fun": "0.19879738986492157", "jac": "[ 0.         -0.00149012 -0.00149012 -0.00149012 -0.00149012  0.        ]", "hess_inv": "[[ 1.62332157 -0.69019036  0.08544222 -0.09478416  1.22368682 -0.90534772]\n [-0.69019036  2.36629903  1.03421111 -2.06006597 -1.49964794 -1.67191658]\n [ 0.08544222  1.03421111  2.95035969 -2.98104066 -0.10509674 -1.18584363]\n [-0.09478416 -2.06006597 -2.98104066  6.42169943  0.16529454  2.18764841]\n [ 1.22368682 -1.49964794 -0.10509674  0.16529454  3.01020328  0.25593594]\n [-0.90534772 -1.67191658 -1.18584363  2.18764841  0.25593594  2.63081674]]", "nfev": "245", "njev": "35", "status": "0", "success": "True", "message": "Optimization terminated successfully.", "x": "[9.93574943e-01 4.91490680e+00 4.95604268e-01 1.85566957e+00\n 4.51011087e+00 4.07249103e-03]", "nit": "29"}, "17": {"maxiter": 1000, "gtol": 1e-05, "xrtol": 1e-05, "eps": 1e-10, "duration": 0.0017180442810058594, "fun": "0.6459035277366638", "jac": "[0. 0. 0. 0. 0. 0.]", "hess_inv": "[[1 0 0 0 0 0]\n [0 1 0 0 0 0]\n [0 0 1 0 0 0]\n [0 0 0 1 0 0]\n [0 0 0 0 1 0]\n [0 0 0 0 0 1]]", "nfev": "7", "njev": "1", "status": "0", "success": "True", "message": "Optimization terminated successfully.", "x": "[2.18709853 2.54142817 2.23458691 3.15856138 3.63734433 2.50905051]", "nit": "0"}, "18": {"maxiter": 1000, "gtol": 1e-05, "xrtol": 1e-10, "eps": 1e-05, "duration": 0.0637059211730957, "fun": "0.19879718124866486", "jac": "[0. 0. 0. 0. 0. 0.]", "hess_inv": "[[ 2.39660882e+00 -4.68251671e+00 -2.22993322e+00  1.79188712e-02\n   2.21916134e+00  2.35822340e+00]\n [-4.68251671e+00  1.80204207e+01  7.64116071e+00 -9.62360603e-02\n  -7.57341738e+00 -1.34372448e+01]\n [-2.22993322e+00  7.64116071e+00  4.06498812e+00 -6.33849316e-02\n  -4.01716938e+00 -5.47710835e+00]\n [ 1.79188712e-02 -9.62360603e-02 -6.33849316e-02  6.13952236e-02\n   3.08833828e-02  7.91474667e-02]\n [ 2.21916134e+00 -7.57341738e+00 -4.01716938e+00  3.08833828e-02\n   4.00188881e+00  5.41933616e+00]\n [ 2.35822340e+00 -1.34372448e+01 -5.47710835e+00  7.91474667e-02\n   5.41933616e+00  1.11907798e+01]]", "nfev": "266", "njev": "38", "status": "0", "success": "True", "message": "Optimization terminated successfully.", "x": "[9.93527289e-01 4.91512919e+00 4.95726863e-01 1.85562090e+00\n 4.51003700e+00 3.89590288e-03]", "nit": "31"}, "19": {"maxiter": 1000, "gtol": 1e-05, "xrtol": 1e-10, "eps": 1e-10, "duration": 0.0017290115356445312, "fun": "0.6459035277366638", "jac": "[0. 0. 0. 0. 0. 0.]", "hess_inv": "[[1 0 0 0 0 0]\n [0 1 0 0 0 0]\n [0 0 1 0 0 0]\n [0 0 0 1 0 0]\n [0 0 0 0 1 0]\n [0 0 0 0 0 1]]", "nfev": "7", "njev": "1", "status": "0", "success": "True", "message": "Optimization terminated successfully.", "x": "[2.18709853 2.54142817 2.23458691 3.15856138 3.63734433 2.50905051]", "nit": "0"}, "20": {"maxiter": 1000, "gtol": 1e-10, "xrtol": 1e-05, "eps": 1e-05, "duration": 0.05902290344238281, "fun": "0.19879738986492157", "jac": "[ 0.         -0.00149012 -0.00149012 -0.00149012 -0.00149012  0.        ]", "hess_inv": "[[ 1.62332157 -0.69019036  0.08544222 -0.09478416  1.22368682 -0.90534772]\n [-0.69019036  2.36629903  1.03421111 -2.06006597 -1.49964794 -1.67191658]\n [ 0.08544222  1.03421111  2.95035969 -2.98104066 -0.10509674 -1.18584363]\n [-0.09478416 -2.06006597 -2.98104066  6.42169943  0.16529454  2.18764841]\n [ 1.22368682 -1.49964794 -0.10509674  0.16529454  3.01020328  0.25593594]\n [-0.90534772 -1.67191658 -1.18584363  2.18764841  0.25593594  2.63081674]]", "nfev": "245", "njev": "35", "status": "0", "success": "True", "message": "Optimization terminated successfully.", "x": "[9.93574943e-01 4.91490680e+00 4.95604268e-01 1.85566957e+00\n 4.51011087e+00 4.07249103e-03]", "nit": "29"}, "21": {"maxiter": 1000, "gtol": 1e-10, "xrtol": 1e-05, "eps": 1e-10, "duration": 0.001683950424194336, "fun": "0.6459035277366638", "jac": "[0. 0. 0. 0. 0. 0.]", "hess_inv": "[[1 0 0 0 0 0]\n [0 1 0 0 0 0]\n [0 0 1 0 0 0]\n [0 0 0 1 0 0]\n [0 0 0 0 1 0]\n [0 0 0 0 0 1]]", "nfev": "7", "njev": "1", "status": "0", "success": "True", "message": "Optimization terminated successfully.", "x": "[2.18709853 2.54142817 2.23458691 3.15856138 3.63734433 2.50905051]", "nit": "0"}, "22": {"maxiter": 1000, "gtol": 1e-10, "xrtol": 1e-10, "eps": 1e-05, "duration": 0.06443095207214355, "fun": "0.19879718124866486", "jac": "[0. 0. 0. 0. 0. 0.]", "hess_inv": "[[ 2.39660882e+00 -4.68251671e+00 -2.22993322e+00  1.79188712e-02\n   2.21916134e+00  2.35822340e+00]\n [-4.68251671e+00  1.80204207e+01  7.64116071e+00 -9.62360603e-02\n  -7.57341738e+00 -1.34372448e+01]\n [-2.22993322e+00  7.64116071e+00  4.06498812e+00 -6.33849316e-02\n  -4.01716938e+00 -5.47710835e+00]\n [ 1.79188712e-02 -9.62360603e-02 -6.33849316e-02  6.13952236e-02\n   3.08833828e-02  7.91474667e-02]\n [ 2.21916134e+00 -7.57341738e+00 -4.01716938e+00  3.08833828e-02\n   4.00188881e+00  5.41933616e+00]\n [ 2.35822340e+00 -1.34372448e+01 -5.47710835e+00  7.91474667e-02\n   5.41933616e+00  1.11907798e+01]]", "nfev": "266", "njev": "38", "status": "0", "success": "True", "message": "Optimization terminated successfully.", "x": "[9.93527289e-01 4.91512919e+00 4.95726863e-01 1.85562090e+00\n 4.51003700e+00 3.89590288e-03]", "nit": "31"}, "23": {"maxiter": 1000, "gtol": 1e-10, "xrtol": 1e-10, "eps": 1e-10, "duration": 0.0018711090087890625, "fun": "0.6459035277366638", "jac": "[0. 0. 0. 0. 0. 0.]", "hess_inv": "[[1 0 0 0 0 0]\n [0 1 0 0 0 0]\n [0 0 1 0 0 0]\n [0 0 0 1 0 0]\n [0 0 0 0 1 0]\n [0 0 0 0 0 1]]", "nfev": "7", "njev": "1", "status": "0", "success": "True", "message": "Optimization terminated successfully.", "x": "[2.18709853 2.54142817 2.23458691 3.15856138 3.63734433 2.50905051]", "nit": "0"}}, "cobyla": {"0": {"maxiter": 100, "tol": 1e-05, "catol": 1e-05, "duration": 0.022534847259521484, "x": "[5.29572358 1.82393405 3.60884354 4.41920925 1.37208635 3.08713396]", "status": "2", "success": "False", "message": "Maximum number of function evaluations has been exceeded.", "nfev": "100", "fun": "0.19904392957687378", "maxcv": "0.0"}, "1": {"maxiter": 100, "tol": 1e-05, "catol": 1e-10, "duration": 0.022802114486694336, "x": "[5.29572358 1.82393405 3.60884354 4.41920925 1.37208635 3.08713396]", "status": "2", "success": "False", "message": "Maximum number of function evaluations has been exceeded.", "nfev": "100", "fun": "0.19904392957687378", "maxcv": "0.0"}, "2": {"maxiter": 100, "tol": 1e-10, "catol": 1e-05, "duration": 0.02279806137084961, "x": "[5.29572358 1.82393405 3.60884354 4.41920925 1.37208635 3.08713396]", "status": "2", "success": "False", "message": "Maximum number of function evaluations has been exceeded.", "nfev": "100", "fun": "0.19904392957687378", "maxcv": "0.0"}, "3": {"maxiter": 100, "tol": 1e-10, "catol": 1e-10, "duration": 0.022142887115478516, "x": "[5.29572358 1.82393405 3.60884354 4.41920925 1.37208635 3.08713396]", "status": "2", "success": "False", "message": "Maximum number of function evaluations has been exceeded.", "nfev": "100", "fun": "0.19904392957687378", "maxcv": "0.0"}, "4": {"maxiter": 500, "tol": 1e-05, "catol": 1e-05, "duration": 0.04855608940124512, "x": "[5.29124312 1.77941046 3.63255142 4.42577631 1.36996076 3.13956503]", "status": "1", "success": "True", "message": "Optimization terminated successfully.", "nfev": "212", "fun": "0.19879452884197235", "maxcv": "0.0"}, "5": {"maxiter": 500, "tol": 1e-05, "catol": 1e-10, "duration": 0.04745602607727051, "x": "[5.29124312 1.77941046 3.63255142 4.42577631 1.36996076 3.13956503]", "status": "1", "success": "True", "message": "Optimization terminated successfully.", "nfev": "212", "fun": "0.19879452884197235", "maxcv": "0.0"}, "6": {"maxiter": 500, "tol": 1e-10, "catol": 1e-05, "duration": 0.05576491355895996, "x": "[5.29124312 1.77941046 3.63255142 4.42577631 1.36996076 3.13956503]", "status": "1", "success": "True", "message": "Optimization terminated successfully.", "nfev": "247", "fun": "0.19879452884197235", "maxcv": "0.0"}, "7": {"maxiter": 500, "tol": 1e-10, "catol": 1e-10, "duration": 0.05620884895324707, "x": "[5.29124312 1.77941046 3.63255142 4.42577631 1.36996076 3.13956503]", "status": "1", "success": "True", "message": "Optimization terminated successfully.", "nfev": "247", "fun": "0.19879452884197235", "maxcv": "0.0"}, "8": {"maxiter": 1000, "tol": 1e-05, "catol": 1e-05, "duration": 0.04787302017211914, "x": "[5.29124312 1.77941046 3.63255142 4.42577631 1.36996076 3.13956503]", "status": "1", "success": "True", "message": "Optimization terminated successfully.", "nfev": "212", "fun": "0.19879452884197235", "maxcv": "0.0"}, "9": {"maxiter": 1000, "tol": 1e-05, "catol": 1e-10, "duration": 0.04864811897277832, "x": "[5.29124312 1.77941046 3.63255142 4.42577631 1.36996076 3.13956503]", "status": "1", "success": "True", "message": "Optimization terminated successfully.", "nfev": "212", "fun": "0.19879452884197235", "maxcv": "0.0"}, "10": {"maxiter": 1000, "tol": 1e-10, "catol": 1e-05, "duration": 0.05555415153503418, "x": "[5.29124312 1.77941046 3.63255142 4.42577631 1.36996076 3.13956503]", "status": "1", "success": "True", "message": "Optimization terminated successfully.", "nfev": "247", "fun": "0.19879452884197235", "maxcv": "0.0"}, "11": {"maxiter": 1000, "tol": 1e-10, "catol": 1e-10, "duration": 0.0564420223236084, "x": "[5.29124312 1.77941046 3.63255142 4.42577631 1.36996076 3.13956503]", "status": "1", "success": "True", "message": "Optimization terminated successfully.", "nfev": "247", "fun": "0.19879452884197235", "maxcv": "0.0"}}, "powell": {"0": {"maxiter": 100, "ftol": 1e-05, "xtol": 1e-05, "duration": 0.1783139705657959, "fun": "0.19879448413848877", "direc": "[[-3.11771504e-02 -8.44837899e-02  8.20918308e-02  1.47892121e-02\n   2.16117378e-02  2.71512316e-02]\n [ 7.16030216e-03  1.20143765e-02  4.78408983e-02  8.83414092e-02\n  -4.11529570e-02  4.67513319e-02]\n [ 0.00000000e+00  0.00000000e+00  1.00000000e+00  0.00000000e+00\n   0.00000000e+00  0.00000000e+00]\n [ 1.20969927e+00 -2.49702038e-01  4.28635619e-01  1.22614629e-01\n  -6.85167908e-01  5.21738955e-02]\n [ 0.00000000e+00  0.00000000e+00  0.00000000e+00  0.00000000e+00\n   1.00000000e+00  0.00000000e+00]\n [ 8.93428083e-05 -1.30238853e-02  5.07724643e-03 -2.74659626e-03\n  -5.10242809e-03  2.00107025e-02]]", "nit": "9", "nfev": "781", "status": "0", "success": "True", "message": "Optimization terminated successfully.", "x": "[5.29097251 1.77898335 3.63330189 4.42583467 1.36995144 3.14053448]"}, "1": {"maxiter": 100, "ftol": 1e-05, "xtol": 1e-10, "duration": 29.281532049179077, "fun": "0.19879478216171265", "direc": "[[-3.15973611e-02 -8.48084817e-02  8.23040202e-02  1.41480694e-02\n   2.15169869e-02  2.77807800e-02]\n [ 7.22307023e-03  1.29016157e-02  4.85089430e-02  8.85218634e-02\n  -4.14170551e-02  4.55327727e-02]\n [ 0.00000000e+00  0.00000000e+00  1.00000000e+00  0.00000000e+00\n   0.00000000e+00  0.00000000e+00]\n [ 1.21186129e+00 -2.51243405e-01  4.27438128e-01  1.22163496e-01\n  -6.86381477e-01  5.21297947e-02]\n [ 0.00000000e+00  0.00000000e+00  0.00000000e+00  0.00000000e+00\n   1.00000000e+00  0.00000000e+00]\n [ 2.96595941e-04 -1.21565802e-02  4.63836173e-03 -2.34869152e-03\n  -4.97822896e-03  1.89238206e-02]]", "nit": "8", "nfev": "1663", "status": "0", "success": "True", "message": "Optimization terminated successfully.", "x": "[5.2904576  1.77968718 3.63318389 4.42591177 1.37028675 3.14091643]"}, "2": {"maxiter": 100, "ftol": 1e-10, "xtol": 1e-05, "duration": 0.28453707695007324, "fun": "0.19879448413848877", "direc": "[[-3.11771504e-02 -8.44837899e-02  8.20918308e-02  1.47892121e-02\n   2.16117378e-02  2.71512316e-02]\n [ 7.16030216e-03  1.20143765e-02  4.78408983e-02  8.83414092e-02\n  -4.11529570e-02  4.67513319e-02]\n [ 0.00000000e+00  0.00000000e+00  1.00000000e+00  0.00000000e+00\n   0.00000000e+00  0.00000000e+00]\n [ 1.20969927e+00 -2.49702038e-01  4.28635619e-01  1.22614629e-01\n  -6.85167908e-01  5.21738955e-02]\n