{"date": "2024/10/08/, 19:17:26", "conf_id": 23, "data_type": "random\n", "num_data_points": 2, "s_rank": 0, "unitary": "[[-0.53618537-0.34368723j,-0.12107031-0.46226139j,-0.07699282-0.46603512j,0.36022595-0.11472301j],[0.26026499-0.63450712j,-0.56616638+0.37832564j,-0.14988651+0.08458591j,0.10363514-0.16008501j],[-0.32580188-0.11070003j,-0.36476308-0.23593218j,0.02559343+0.41761608j,-0.25598305+0.6725303j],[0.07406738-0.0126433j,0.28513701+0.19483972j,-0.74939717-0.10299659j,0.29798249+0.46269921j]]", "databatch_0": {"databatch": "[[[-0.28604775+0.05366445j,0.08347066-0.12062127j,-0.17962117+0.18971649j,0.28679751+0.04425749j],[-0.21966528+0.38703982j,-0.05848338-0.21654165j,0.04427476+0.39703389j,0.33476697-0.29126304j],[0.16507617-0.02211605j,-0.0513085+0.06643749j,0.10832281-0.10304958j,-0.16257696-0.03386719j],[0.1186124-0.053574j,-0.02350962+0.06123944j,0.05797882-0.10143185j,-0.12929584+0.01110588j]],[[-0.08743311-0.10669002j,-0.35090993-0.00787388j,-0.08023911-0.01943367j,-0.07050058+0.05487746j],[0.15501397+0.04392438j,0.34163819-0.2266341j,0.08988668-0.03491891j,0.03095928-0.09965475j],[0.25452536+0.00653973j,0.43428543-0.48076713j,0.12393958-0.08866222j,0.00837057-0.16469398j],[-0.07487098-0.07586981j,-0.27057167+0.01892079j,-0.06312417-0.00924163j,-0.05034094+0.04724457j]]]", "initial param values": "[1.78827133,2.14078319,0.40991376,5.50675058,4.0971804,5.41436599]", "nelder_mead": {"type": "gradient-free", "0": {"maxiter": 100, "fatol": 1e-05, "xatol": 1e-05, "duration": 0.04846382141113281, "fun": "0.24832207478590118", "nit": "100", "nfev": "153", "status": "2", "success": "False", "message": "Maximum number of iterations has been exceeded.", "x": "[2.46843153 4.45490254 0.40948664 4.62633802 3.69561819 5.04193845]", "final_simplex": "(array([[2.46843153, 4.45490254, 0.40948664, 4.62633802, 3.69561819,\n        5.04193845],\n       [2.40702083, 4.56739063, 0.4198918 , 4.61196456, 3.72659661,\n        4.98507453],\n       [2.25549312, 4.48318158, 0.41045009, 4.74414468, 3.74917098,\n        5.14415828],\n       [2.3568162 , 4.58064254, 0.41532923, 4.45167842, 3.78378445,\n        5.03019123],\n       [2.30463633, 4.49708834, 0.4303881 , 4.54173827, 3.59862184,\n        4.98701166],\n       [2.16154527, 4.39864127, 0.42043831, 4.57104698, 3.71543309,\n        5.26791125],\n       [2.37802392, 4.63688024, 0.41917763, 4.44468701, 3.63593177,\n        5.09105626]]), array([0.24832207, 0.25136893, 0.25280575, 0.25285943, 0.2532079 ,\n       0.25335453, 0.25347607]))", "callback": [0.7285060247902746, 0.5490131776253153, 0.3888577555317154, 0.3699204121980201, 0.3519147297988944, 0.32255758545948754, 0.29489304638705893, 0.27867341880113616, 0.26396308349752196, 0.25280574959661384]}, "1": {"maxiter": 100, "fatol": 1e-05, "xatol": 1e-10, "duration": 0.051180124282836914, "fun": "0.24832207478590118", "nit": "100", "nfev": "153", "status": "2", "success": "False", "message": "Maximum number of iterations has been exceeded.", "x": "[2.46843153 4.45490254 0.40948664 4.62633802 3.69561819 5.04193845]", "final_simplex": "(array([[2.46843153, 4.45490254, 0.40948664, 4.62633802, 3.69561819,\n        5.04193845],\n       [2.40702083, 4.56739063, 0.4198918 , 4.61196456, 3.72659661,\n        4.98507453],\n       [2.25549312, 4.48318158, 0.41045009, 4.74414468, 3.74917098,\n        5.14415828],\n       [2.3568162 , 4.58064254, 0.41532923, 4.45167842, 3.78378445,\n        5.03019123],\n       [2.30463633, 4.49708834, 0.4303881 , 4.54173827, 3.59862184,\n        4.98701166],\n       [2.16154527, 4.39864127, 0.42043831, 4.57104698, 3.71543309,\n        5.26791125],\n       [2.37802392, 4.63688024, 0.41917763, 4.44468701, 3.63593177,\n        5.09105626]]), array([0.24832207, 0.25136893, 0.25280575, 0.25285943, 0.2532079 ,\n       0.25335453, 0.25347607]))", "callback": [0.7285060247902746, 0.5490131776253153, 0.3888577555317154, 0.3699204121980201, 0.3519147297988944, 0.32255758545948754, 0.29489304638705893, 0.27867341880113616, 0.26396308349752196, 0.25280574959661384]}, "2": {"maxiter": 100, "fatol": 1e-10, "xatol": 1e-05, "duration": 0.04921102523803711, "fun": "0.24832207478590118", "nit": "100", "nfev": "153", "status": "2", "success": "False", "message": "Maximum number of iterations has been exceeded.", "x": "[2.46843153 4.45490254 0.40948664 4.62633802 3.69561819 5.04193845]", "final_simplex": "(array([[2.46843153, 4.45490254, 0.40948664, 4.62633802, 3.69561819,\n        5.04193845],\n       [2.40702083, 4.56739063, 0.4198918 , 4.61196456, 3.72659661,\n        4.98507453],\n       [2.25549312, 4.48318158, 0.41045009, 4.74414468, 3.74917098,\n        5.14415828],\n       [2.3568162 , 4.58064254, 0.41532923, 4.45167842, 3.78378445,\n        5.03019123],\n       [2.30463633, 4.49708834, 0.4303881 , 4.54173827, 3.59862184,\n        4.98701166],\n       [2.16154527, 4.39864127, 0.42043831, 4.57104698, 3.71543309,\n        5.26791125],\n       [2.37802392, 4.63688024, 0.41917763, 4.44468701, 3.63593177,\n        5.09105626]]), array([0.24832207, 0.25136893, 0.25280575, 0.25285943, 0.2532079 ,\n       0.25335453, 0.25347607]))", "callback": [0.7285060247902746, 0.5490131776253153, 0.3888577555317154, 0.3699204121980201, 0.3519147297988944, 0.32255758545948754, 0.29489304638705893, 0.27867341880113616, 0.26396308349752196, 0.25280574959661384]}, "3": {"maxiter": 100, "fatol": 1e-10, "xatol": 1e-10, "duration": 0.0574800968170166, "fun": "0.24832207478590118", "nit": "100", "nfev": "153", "status": "2", "success": "False", "message": "Maximum number of iterations has been exceeded.", "x": "[2.46843153 4.45490254 0.40948664 4.62633802 3.69561819 5.04193845]", "final_simplex": "(array([[2.46843153, 4.45490254, 0.40948664, 4.62633802, 3.69561819,\n        5.04193845],\n       [2.40702083, 4.56739063, 0.4198918 , 4.61196456, 3.72659661,\n        4.98507453],\n       [2.25549312, 4.48318158, 0.41045009, 4.74414468, 3.74917098,\n        5.14415828],\n       [2.3568162 , 4.58064254, 0.41532923, 4.45167842, 3.78378445,\n        5.03019123],\n       [2.30463633, 4.49708834, 0.4303881 , 4.54173827, 3.59862184,\n        4.98701166],\n       [2.16154527, 4.39864127, 0.42043831, 4.57104698, 3.71543309,\n        5.26791125],\n       [2.37802392, 4.63688024, 0.41917763, 4.44468701, 3.63593177,\n        5.09105626]]), array([0.24832207, 0.25136893, 0.25280575, 0.25285943, 0.2532079 ,\n       0.25335453, 0.25347607]))", "callback": [0.7285060247902746, 0.5490131776253153, 0.3888577555317154, 0.3699204121980201, 0.3519147297988944, 0.32255758545948754, 0.29489304638705893, 0.27867341880113616, 0.26396308349752196, 0.25280574959661384]}, "4": {"maxiter": 500, "fatol": 1e-05, "xatol": 1e-05, "duration": 0.2823312282562256, "fun": "0.17262167648703797", "nit": "500", "nfev": "766", "status": "2", "success": "False", "message": "Maximum number of iterations has been exceeded.", "x": "[ 1.95644214  3.46391062 -0.9336783   5.39736794  3.74496247  5.19632341]", "final_simplex": "(array([[ 1.95644214,  3.46391062, -0.9336783 ,  5.39736794,  3.74496247,\n         5.19632341],\n       [ 1.9607642 ,  3.45205192, -0.93460612,  5.38181639,  3.75416349,\n         5.17997459],\n       [ 1.9640358 ,  3.46415962, -0.94021155,  5.39772231,  3.74175778,\n         5.18879987],\n       [ 1.97807873,  3.46181949, -0.94221515,  5.37254397,  3.76497253,\n         5.15761859],\n       [ 1.94955653,  3.45797771, -0.95057993,  5.40000575,  3.75677817,\n         5.17290465],\n       [ 1.94429173,  3.45339684, -0.94692504,  5.42244007,  3.75739243,\n         5.19064247],\n       [ 1.96659946,  3.46085837, -0.94726994,  5.39782688,  3.76108454,\n         5.15475138]]), array([0.17262168, 0.17263255, 0.17263304, 0.17264826, 0.1726508 ,\n       0.17270181, 0.17270264]))", "callback": [0.7285060247902746, 0.5490131776253153, 0.3888577555317154, 0.3699204121980201, 0.3519147297988944, 0.32255758545948754, 0.29489304638705893, 0.27867341880113616, 0.26396308349752196, 0.25280574959661384, 0.24832207478590118, 0.24763283975332695, 0.24731202979553002, 0.24717284308396525, 0.24706520676834398, 0.2469753206367672, 0.24680227598008986, 0.24638148441160523, 0.24482139757462984, 0.23975485693710852, 0.22710482625022654, 0.21114982538237204, 0.20580020646187724, 0.20339876869079399, 0.20135841648321606, 0.19665988098771336, 0.18908222253840812, 0.18670866025211164, 0.1848556984743318, 0.18436187221448352, 0.1841957424961287, 0.18415942979140643, 0.1841266131657635, 0.18410842719755705, 0.18408475629982324, 0.18402242387718204, 0.18394134360264325, 0.18386515622087196, 0.18375908575938116, 0.18330226273478734, 0.18254475890535837, 0.1776781186553471, 0.17525584280600082, 0.17436989040190354, 0.1737338378028983, 0.17342456287047092, 0.17339414315975088, 0.17309833473140446, 0.17290018454520573, 0.17270180898739063]}, "5": {"maxiter": 500, "fatol": 1e-05, "xatol": 1e-10, "duration": 0.30185699462890625, "fun": "0.17262167648703797", "nit": "500", "nfev": "766", "status": "2", "success": "False", "message": "Maximum number of iterations has been exceeded.", "x": "[ 1.95644214  3.46391062 -0.9336783   5.39736794  3.74496247  5.19632341]", "final_simplex": "(array([[ 1.95644214,  3.46391062, -0.9336783 ,  5.39736794,  3.74496247,\n         5.19632341],\n       [ 1.9607642 ,  3.45205192, -0.93460612,  5.38181639,  3.75416349,\n         5.17997459],\n       [ 1.9640358 ,  3.46415962, -0.94021155,  5.39772231,  3.74175778,\n         5.18879987],\n       [ 1.97807873,  3.46181949, -0.94221515,  5.37254397,  3.76497253,\n         5.15761859],\n       [ 1.94955653,  3.45797771, -0.95057993,  5.40000575,  3.75677817,\n         5.17290465],\n       [ 1.94429173,  3.45339684, -0.94692504,  5.42244007,  3.75739243,\n         5.19064247],\n       [ 1.96659946,  3.46085837, -0.94726994,  5.39782688,  3.76108454,\n         5.15475138]]), array([0.17262168, 0.17263255, 0.17263304, 0.17264826, 0.1726508 ,\n       0.17270181, 0.17270264]))", "callback": [0.7285060247902746, 0.5490131776253153, 0.3888577555317154, 0.3699204121980201, 0.3519147297988944, 0.32255758545948754, 0.29489304638705893, 0.27867341880113616, 0.26396308349752196, 0.25280574959661384, 0.24832207478590118, 0.24763283975332695, 0.24731202979553002, 0.24717284308396525, 0.24706520676834398, 0.2469753206367672, 0.24680227598008986, 0.24638148441160523, 0.24482139757462984, 0.23975485693710852, 0.22710482625022654, 0.21114982538237204, 0.20580020646187724, 0.20339876869079399, 0.20135841648321606, 0.19665988098771336, 0.18908222253840812, 0.18670866025211164, 0.1848556984743318, 0.18436187221448352, 0.1841957424961287, 0.18415942979140643, 0.1841266131657635, 0.18410842719755705, 0.18408475629982324, 0.18402242387718204, 0.18394134360264325, 0.18386515622087196, 0.18375908575938116, 0.18330226273478734, 0.18254475890535837, 0.1776781186553471, 0.17525584280600082, 0.17436989040190354, 0.1737338378028983, 0.17342456287047092, 0.17339414315975088, 0.17309833473140446, 0.17290018454520573, 0.17270180898739063]}, "6": {"maxiter": 500, "fatol": 1e-10, "xatol": 1e-05, "duration": 0.3017740249633789, "fun": "0.17262167648703797", "nit": "500", "nfev": "766", "status": "2", "success": "False", "message": "Maximum number of iterations has been exceeded.", "x": "[ 1.95644214  3.46391062 -0.9336783   5.39736794  3.74496247  5.19632341]", "final_simplex": "(array([[ 1.95644214,  3.46391062, -0.9336783 ,  5.39736794,  3.74496247,\n         5.19632341],\n       [ 1.9607642 ,  3.45205192, -0.93460612,  5.38181639,  3.75416349,\n         5.17997459],\n       [ 1.9640358 ,  3.46415962, -0.94021155,  5.39772231,  3.74175778,\n         5.18879987],\n       [ 1.97807873,  3.46181949, -0.94221515,  5.37254397,  3.76497253,\n         5.15761859],\n       [ 1.94955653,  3.45797771, -0.95057993,  5.40000575,  3.75677817,\n         5.17290465],\n       [ 1.94429173,  3.45339684, -0.94692504,  5.42244007,  3.75739243,\n         5.19064247],\n       [ 1.96659946,  3.46085837, -0.94726994,  5.39782688,  3.76108454,\n         5.15475138]]), array([0.17262168, 0.17263255, 0.17263304, 0.17264826, 0.1726508 ,\n       0.17270181, 0.17270264]))", "callback": [0.7285060247902746, 0.5490131776253153, 0.3888577555317154, 0.3699204121980201, 0.3519147297988944, 0.32255758545948754, 0.29489304638705893, 0.27867341880113616, 0.26396308349752196, 0.25280574959661384, 0.24832207478590118, 0.24763283975332695, 0.24731202979553002, 0.24717284308396525, 0.24706520676834398, 0.2469753206367672, 0.24680227598008986, 0.24638148441160523, 0.24482139757462984, 0.23975485693710852, 0.22710482625022654, 0.21114982538237204, 0.20580020646187724, 0.20339876869079399, 0.20135841648321606, 0.19665988098771336, 0.18908222253840812, 0.18670866025211164, 0.1848556984743318, 0.18436187221448352, 0.1841957424961287, 0.18415942979140643, 0.1841266131657635, 0.18410842719755705, 0.18408475629982324, 0.18402242387718204, 0.18394134360264325, 0.18386515622087196, 0.18375908575938116, 0.18330226273478734, 0.18254475890535837, 0.1776781186553471, 0.17525584280600082, 0.17436989040190354, 0.1737338378028983, 0.17342456287047092, 0.17339414315975088, 0.17309833473140446, 0.17290018454520573, 0.17270180898739063]}, "7": {"maxiter": 500, "fatol": 1e-10, "xatol": 1e-10, "duration": 0.30444979667663574, "fun": "0.17262167648703797", "nit": "500", "nfev": "766", "status": "2", "success": "False", "message": "Maximum number of iterations has been exceeded.", "x": "[ 1.95644214  3.46391062 -0.9336783   5.39736794  3.74496247  5.19632341]", "final_simplex": "(array([[ 1.95644214,  3.46391062, -0.9336783 ,  5.39736794,  3.74496247,\n         5.19632341],\n       [ 1.9607642 ,  3.45205192, -0.93460612,  5.38181639,  3.75416349,\n         5.17997459],\n       [ 1.9640358 ,  3.46415962, -0.94021155,  5.39772231,  3.74175778,\n         5.18879987],\n       [ 1.97807873,  3.46181949, -0.94221515,  5.37254397,  3.76497253,\n         5.15761859],\n       [ 1.94955653,  3.45797771, -0.95057993,  5.40000575,  3.75677817,\n         5.17290465],\n       [ 1.94429173,  3.45339684, -0.94692504,  5.42244007,  3.75739243,\n         5.19064247],\n       [ 1.96659946,  3.46085837, -0.94726994,  5.39782688,  3.76108454,\n         5.15475138]]), array([0.17262168, 0.17263255, 0.17263304, 0.17264826, 0.1726508 ,\n       0.17270181, 0.17270264]))", "callback": [0.7285060247902746, 0.5490131776253153, 0.3888577555317154, 0.3699204121980201, 0.3519147297988944, 0.32255758545948754, 0.29489304638705893, 0.27867341880113616, 0.26396308349752196, 0.25280574959661384, 0.24832207478590118, 0.24763283975332695, 0.24731202979553002, 0.24717284308396525, 0.24706520676834398, 0.2469753206367672, 0.24680227598008986, 0.24638148441160523, 0.24482139757462984, 0.23975485693710852, 0.22710482625022654, 0.21114982538237204, 0.20580020646187724, 0.20339876869079399, 0.20135841648321606, 0.19665988098771336, 0.18908222253840812, 0.18670866025211164, 0.1848556984743318, 0.18436187221448352, 0.1841957424961287, 0.18415942979140643, 0.1841266131657635, 0.18410842719755705, 0.18408475629982324, 0.18402242387718204, 0.18394134360264325, 0.18386515622087196, 0.18375908575938116, 0.18330226273478734, 0.18254475890535837, 0.1776781186553471, 0.17525584280600082, 0.17436989040190354, 0.1737338378028983, 0.17342456287047092, 0.17339414315975088, 0.17309833473140446, 0.17290018454520573, 0.17270180898739063]}, "8": {"maxiter": 1000, "fatol": 1e-05, "xatol": 1e-05, "duration": 0.336698055267334, "fun": "0.17258970274815477", "nit": "650", "nfev": "1008", "status": "0", "success": "True", "message": "Optimization terminated successfully.", "x": "[ 1.96672473  3.46196699 -0.93662658  5.37004172  3.74584215  5.17728847]", "final_simplex": "(array([[ 1.96672473,  3.46196699, -0.93662658,  5.37004172,  3.74584215,\n         5.17728847],\n       [ 1.96672538,  3.46196887, -0.93662236,  5.37004163,  3.74583803,\n         5.177294  ],\n       [ 1.9667284 ,  3.46196746, -0.9366246 ,  5.37003786,  3.7458366 ,\n         5.17729025],\n       [ 1.96672915,  3.46196921, -0.93662216,  5.37003469,  3.74583856,\n         5.17728991],\n       [ 1.96672263,  3.461969  , -0.93662724,  5.3700413 ,  3.74583872,\n         5.17728951],\n       [ 1.96672937,  3.4619724 , -0.93662092,  5.37003881,  3.74583786,\n         5.17728943],\n       [ 1.96672631,  3.46196515, -0.93663128,  5.37003673,  3.74584311,\n         5.17728661]]), array([0.1725897, 0.1725897, 0.1725897, 0.1725897, 0.1725897, 0.1725897,\n       0.1725897]))", "callback": [0.7285060247902746, 0.5490131776253153, 0.3888577555317154, 0.3699204121980201, 0.3519147297988944, 0.32255758545948754, 0.29489304638705893, 0.27867341880113616, 0.26396308349752196, 0.25280574959661384, 0.24832207478590118, 0.24763283975332695, 0.24731202979553002, 0.24717284308396525, 0.24706520676834398, 0.2469753206367672, 0.24680227598008986, 0.24638148441160523, 0.24482139757462984, 0.23975485693710852, 0.22710482625022654, 0.21114982538237204, 0.20580020646187724, 0.20339876869079399, 0.20135841648321606, 0.19665988098771336, 0.18908222253840812, 0.18670866025211164, 0.1848556984743318, 0.18436187221448352, 0.1841957424961287, 0.18415942979140643, 0.1841266131657635, 0.18410842719755705, 0.18408475629982324, 0.18402242387718204, 0.18394134360264325, 0.18386515622087196, 0.18375908575938116, 0.18330226273478734, 0.18254475890535837, 0.1776781186553471, 0.17525584280600082, 0.17436989040190354, 0.1737338378028983, 0.17342456287047092, 0.17339414315975088, 0.17309833473140446, 0.17290018454520573, 0.17270180898739063, 0.17259914704527224, 0.17259541161334213, 0.172590873666983, 0.1725901315744367, 0.17258999706136346, 0.17258990179906175, 0.17258976033783058, 0.17258973096427566, 0.17258971157804626, 0.17258970553504305, 0.17258970313914823, 0.17258970298635568, 0.17258970280436425, 0.17258970275997787, 0.17258970275422325]}, "9": {"maxiter": 1000, "fatol": 1e-05, "xatol": 1e-10, "duration": 0.39699673652648926, "fun": "0.17258970274632446", "nit": "754", "nfev": "1240", "status": "0", "success": "True", "message": "Optimization terminated successfully.", "x": "[ 1.96672706  3.46196866 -0.93662599  5.37004117  3.74584002  5.17728972]", "final_simplex": "(array([[ 1.96672706,  3.46196866, -0.93662599,  5.37004117,  3.74584002,\n         5.17728972],\n       [ 1.96672706,  3.46196866, -0.93662599,  5.37004117,  3.74584002,\n         5.17728972],\n       [ 1.96672706,  3.46196866, -0.93662599,  5.37004117,  3.74584002,\n         5.17728972],\n       [ 1.96672706,  3.46196866, -0.93662599,  5.37004117,  3.74584002,\n         5.17728972],\n       [ 1.96672706,  3.46196866, -0.93662599,  5.37004117,  3.74584002,\n         5.17728972],\n       [ 1.96672706,  3.46196866, -0.93662599,  5.37004117,  3.74584002,\n         5.17728972],\n       [ 1.96672706,  3.46196866, -0.93662599,  5.37004117,  3.74584002,\n         5.17728972]]), array([0.1725897, 0.1725897, 0.1725897, 0.1725897, 0.1725897, 0.1725897,\n       0.1725897]))", "callback": [0.7285060247902746, 0.5490131776253153, 0.3888577555317154, 0.3699204121980201, 0.3519147297988944, 0.32255758545948754, 0.29489304638705893, 0.27867341880113616, 0.26396308349752196, 0.25280574959661384, 0.24832207478590118, 0.24763283975332695, 0.24731202979553002, 0.24717284308396525, 0.24706520676834398, 0.2469753206367672, 0.24680227598008986, 0.24638148441160523, 0.24482139757462984, 0.23975485693710852, 0.22710482625022654, 0.21114982538237204, 0.20580020646187724, 0.20339876869079399, 0.20135841648321606, 0.19665988098771336, 0.18908222253840812, 0.18670866025211164, 0.1848556984743318, 0.18436187221448352, 0.1841957424961287, 0.18415942979140643, 0.1841266131657635, 0.18410842719755705, 0.18408475629982324, 0.18402242387718204, 0.18394134360264325, 0.18386515622087196, 0.18375908575938116, 0.18330226273478734, 0.18254475890535837, 0.1776781186553471, 0.17525584280600082, 0.17436989040190354, 0.1737338378028983, 0.17342456287047092, 0.17339414315975088, 0.17309833473140446, 0.17290018454520573, 0.17270180898739063, 0.17259914704527224, 0.17259541161334213, 0.172590873666983, 0.1725901315744367, 0.17258999706136346, 0.17258990179906175, 0.17258976033783058, 0.17258973096427566, 0.17258971157804626, 0.17258970553504305, 0.17258970313914823, 0.17258970298635568, 0.17258970280436425, 0.17258970275997787, 0.17258970275422325, 0.17258970274764107, 0.17258970274690022, 0.17258970274656127, 0.1725897027463672, 0.1725897027463279, 0.1725897027463279, 0.17258970274632535, 0.1725897027463249, 0.17258970274632457, 0.17258970274632446, 0.17258970274632446]}, "10": {"maxiter": 1000, "fatol": 1e-10, "xatol": 1e-05, "duration": 0.33589601516723633, "fun": "0.17258970274815477", "nit": "650", "nfev": "1008", "status": "0", "success": "True", "message": "Optimization terminated successfully.", "x": "[ 1.96672473  3.46196699 -0.93662658  5.37004172  3.74584215  5.17728847]", "final_simplex": "(array([[ 1.96672473,  3.46196699, -0.93662658,  5.37004172,  3.74584215,\n         5.17728847],\n       [ 1.96672538,  3.46196887, -0.93662236,  5.37004163,  3.74583803,\n         5.177294  ],\n       [ 1.9667284 ,  3.46196746, -0.9366246 ,  5.37003786,  3.7458366 ,\n         5.17729025],\n       [ 1.96672915,  3.46196921, -0.93662216,  5.37003469,  3.74583856,\n         5.17728991],\n       [ 1.96672263,  3.461969  , -0.93662724,  5.3700413 ,  3.74583872,\n         5.17728951],\n       [ 1.96672937,  3.4619724 , -0.93662092,  5.37003881,  3.74583786,\n         5.17728943],\n       [ 1.96672631,  3.46196515, -0.93663128,  5.37003673,  3.74584311,\n         5.17728661]]), array([0.1725897, 0.1725897, 0.1725897, 0.1725897, 0.1725897, 0.1725897,\n       0.1725897]))", "callback": [0.7285060247902746, 0.5490131776253153, 0.3888577555317154, 0.3699204121980201, 0.3519147297988944, 0.32255758545948754, 0.29489304638705893, 0.27867341880113616, 0.26396308349752196, 0.25280574959661384, 0.24832207478590118, 0.24763283975332695, 0.24731202979553002, 0.24717284308396525, 0.24706520676834398, 0.2469753206367672, 0.24680227598008986, 0.24638148441160523, 0.24482139757462984, 0.23975485693710852, 0.22710482625022654, 0.21114982538237204, 0.20580020646187724, 0.20339876869079399, 0.20135841648321606, 0.19665988098771336, 0.18908222253840812, 0.18670866025211164, 0.1848556984743318, 0.18436187221448352, 0.1841957424961287, 0.18415942979140643, 0.1841266131657635, 0.18410842719755705, 0.18408475629982324, 0.18402242387718204, 0.18394134360264325, 0.18386515622087196, 0.18375908575938116, 0.18330226273478734, 0.18254475890535837, 0.1776781186553471, 0.17525584280600082, 0.17436989040190354, 0.1737338378028983, 0.17342456287047092, 0.17339414315975088, 0.17309833473140446, 0.17290018454520573, 0.17270180898739063, 0.17259914704527224, 0.17259541161334213, 0.172590873666983, 0.1725901315744367, 0.17258999706136346, 0.17258990179906175, 0.17258976033783058, 0.17258973096427566, 0.17258971157804626, 0.17258970553504305, 0.17258970313914823, 0.17258970298635568, 0.17258970280436425, 0.17258970275997787, 0.17258970275422325]}, "11": {"maxiter": 1000, "fatol": 1e-10, "xatol": 1e-10, "duration": 0.4141719341278076, "fun": "0.17258970274632446", "nit": "754", "nfev": "1240", "status": "0", "success": "True", "message": "Optimization terminated successfully.", "x": "[ 1.96672706  3.46196866 -0.93662599  5.37004117  3.74584002  5.17728972]", "final_simplex": "(array([[ 1.96672706,  3.46196866, -0.93662599,  5.37004117,  3.74584002,\n         5.17728972],\n       [ 1.96672706,  3.46196866, -0.93662599,  5.37004117,  3.74584002,\n         5.17728972],\n       [ 1.96672706,  3.46196866, -0.93662599,  5.37004117,  3.74584002,\n         5.17728972],\n       [ 1.96672706,  3.46196866, -0.93662599,  5.37004117,  3.74584002,\n         5.17728972],\n       [ 1.96672706,  3.46196866, -0.93662599,  5.37004117,  3.74584002,\n         5.17728972],\n       [ 1.96672706,  3.46196866, -0.93662599,  5.37004117,  3.74584002,\n         5.17728972],\n       [ 1.96672706,  3.46196866, -0.93662599,  5.37004117,  3.74584002,\n         5.17728972]]), array([0.1725897, 0.1725897, 0.1725897, 0.1725897, 0.1725897, 0.1725897,\n       0.1725897]))", "callback": [0.7285060247902746, 0.5490131776253153, 0.3888577555317154, 0.3699204121980201, 0.3519147297988944, 0.32255758545948754, 0.29489304638705893, 0.27867341880113616, 0.26396308349752196, 0.25280574959661384, 0.24832207478590118, 0.24763283975332695, 0.24731202979553002, 0.24717284308396525, 0.24706520676834398, 0.2469753206367672, 0.24680227598008986, 0.24638148441160523, 0.24482139757462984, 0.23975485693710852, 0.22710482625022654, 0.21114982538237204, 0.20580020646187724, 0.20339876869079399, 0.20135841648321606, 0.19665988098771336, 0.18908222253840812, 0.18670866025211164, 0.1848556984743318, 0.18436187221448352, 0.1841957424961287, 0.18415942979140643, 0.1841266131657635, 0.18410842719755705, 0.18408475629982324, 0.18402242387718204, 0.18394134360264325, 0.18386515622087196, 0.18375908575938116, 0.18330226273478734, 0.18254475890535837, 0.1776781186553471, 0.17525584280600082, 0.17436989040190354, 0.1737338378028983, 0.17342456287047092, 0.17339414315975088, 0.17309833473140446, 0.17290018454520573, 0.17270180898739063, 0.17259914704527224, 0.17259541161334213, 0.172590873666983, 0.1725901315744367, 0.17258999706136346, 0.17258990179906175, 0.17258976033783058, 0.17258973096427566, 0.17258971157804626, 0.17258970553504305, 0.17258970313914823, 0.17258970298635568, 0.17258970280436425, 0.17258970275997787, 0.17258970275422325, 0.17258970274764107, 0.17258970274690022, 0.17258970274656127, 0.1725897027463672, 0.1725897027463279, 0.1725897027463279, 0.17258970274632535, 0.1725897027463249, 0.17258970274632457, 0.17258970274632446, 0.17258970274632446]}}, "bfgs": {"type": "gradient", "0": {"maxiter": 100, "gtol": 1e-05, "xrtol": 1e-05, "eps": 1e-05, "duration": 0.05802273750305176, "fun": "0.17258970280758246", "jac": "[-6.34270414e-07  1.08570930e-06  2.15701901e-06 -1.38896672e-06\n -1.91703320e-06 -5.17275112e-07]", "hess_inv": "[[ 7.29479995  0.60511523  0.73597863 -7.03638462  1.04241174 -5.06884057]\n [ 0.60511523  4.31731764  3.14481346 -0.7049907   0.29475602  1.41858701]\n [ 0.73597863  3.14481346  6.58851652 -0.67464614 -0.23891601  3.29949903]\n [-7.03638462 -0.7049907  -0.67464614 16.31258304 -1.08804245  7.86423076]\n [ 1.04241174  0.29475602 -0.23891601 -1.08804245  4.17013888 -3.60245368]\n [-5.06884057  1.41858701  3.29949903  7.86423076 -3.60245368 10.36006739]]", "nfev": "168", "njev": "24", "status": "0", "success": "True", "message": "Optimization terminated successfully.", "x": "[ 1.96673296  3.46196287 -0.93662999  5.37001036  3.74582928  5.17727691]", "nit": "21", "callback": [0.2960164692087298, 0.24764503817096173, 0.18591589238392492, 0.18027884443548126, 0.17949848994613338, 0.1782580225668542, 0.1772399042821471, 0.17673521211709353, 0.17580552147573547, 0.17429893702561783, 0.17363515494692017, 0.17315283150641925, 0.1727396678315547, 0.172632852684533, 0.17261397816251012, 0.17260861249433623, 0.17260024809761298, 0.17259188442643936, 0.17258995777295283, 0.17258970794610384, 0.17258970280758246]}, "1": {"maxiter": 100, "gtol": 1e-05, "xrtol": 1e-05, "eps": 1e-10, "duration": 0.056073904037475586, "fun": "0.17258970279835895", "jac": "[ 3.33066880e-06  4.44089173e-06  2.22044587e-06  2.22044587e-06\n -2.22044587e-06  0.00000000e+00]", "hess_inv": "[[ 7.18980082  0.55977688  0.64323183 -6.93376884  1.05982883 -5.08504408]\n [ 0.55977688  4.31836487  3.12883834 -0.68864203  0.29806318  1.42731897]\n [ 0.64323183  3.12883834  6.55978813 -0.64445699 -0.24528488  3.32854686]\n [-6.93376884 -0.68864203 -0.64445699 16.31384689 -1.08382399  7.84730608]\n [ 1.05982883  0.29806318 -0.24528488 -1.08382399  4.16387525 -3.60695747]\n [-5.08504408  1.42731897  3.32854686  7.84730608 -3.60695747 10.38849773]]", "nfev": "168", "njev": "24", "status": "0", "success": "True", "message": "Optimization terminated successfully.", "x": "[ 1.96674614  3.46198413 -0.93660612  5.37001797  3.74584084  5.17728497]", "nit": "21", "callback": [0.2960172033291675, 0.24764555558221657, 0.1859157210824136, 0.18027879496085042, 0.1794984472966452, 0.17825792549659714, 0.17723973101578638, 0.17673470771805466, 0.1758045042297618, 0.17429729727734855, 0.1736345931269151, 0.17315203842262927, 0.1727394117812564, 0.17263273349849517, 0.17261396319001876, 0.1726085869090186, 0.17260021344256593, 0.17259186941971605, 0.17258995774380193, 0.1725897086760113, 0.17258970279835895]}, "2": {"maxiter": 100, "gtol": 1e-05, "xrtol": 1e-10, "eps": 1e-05, "duration": 0.0564427375793457, "fun": "0.17258970280758246", "jac": "[-6.34270414e-07  1.08570930e-06  2.15701901e-06 -1.38896672e-06\n -1.91703320e-06 -5.17275112e-07]", "hess_inv": "[[ 7.29479995  0.60511523  0.73597863 -7.03638462  1.04241174 -5.06884057]\n [ 0.60511523  4.31731764  3.14481346 -0.7049907   0.29475602  1.41858701]\n [ 0.73597863  3.14481346  6.58851652 -0.67464614 -0.23891601  3.29949903]\n [-7.03638462 -0.7049907  -0.67464614 16.31258304 -1.08804245  7.86423076]\n [ 1.04241174  0.29475602 -0.23891601 -1.08804245  4.17013888 -3.60245368]\n [-5.06884057  1.41858701  3.29949903  7.86423076 -3.60245368 10.36006739]]", "nfev": "168", "njev": "24", "status": "0", "success": "True", "message": "Optimization terminated successfully.", "x": "[ 1.96673296  3.46196287 -0.93662999  5.37001036  3.74582928  5.17727691]", "nit": "21", "callback": [0.2960164692087298, 0.24764503817096173, 0.18591589238392492, 0.18027884443548126, 0.17949848994613338, 0.1782580225668542, 0.1772399042821471, 0.17673521211709353, 0.17580552147573547, 0.17429893702561783, 0.17363515494692017, 0.17315283150641925, 0.1727396678315547, 0.172632852684533, 0.17261397816251012, 0.17260861249433623, 0.17260024809761298, 0.17259188442643936, 0.17258995777295283, 0.17258970794610384, 0.17258970280758246]}, "3": {"maxiter": 100, "gtol": 1e-05, "xrtol": 1e-10, "eps": 1e-10, "duration": 0.05596804618835449, "fun": "0.17258970279835895", "jac": "[ 3.33066880e-06  4.44089173e-06  2.22044587e-06  2.22044587e-06\n -2.22044587e-06  0.00000000e+00]", "hess_inv": "[[ 7.18980082  0.55977688  0.64323183 -6.93376884  1.05982883 -5.08504408]\n [ 0.55977688  4.31836487  3.12883834 -0.68864203  0.29806318  1.42731897]\n [ 0.64323183  3.12883834  6.55978813 -0.64445699 -0.24528488  3.32854686]\n [-6.93376884 -0.68864203 -0.64445699 16.31384689 -1.08382399  7.84730608]\n [ 1.05982883  0.29806318 -0.24528488 -1.08382399  4.16387525 -3.60695747]\n [-5.08504408  1.42731897  3.32854686  7.84730608 -3.60695747 10.38849773]]", "nfev": "168", "njev": "24", "status": "0", "success": "True", "message": "Optimization terminated successfully.", "x": "[ 1.96674614  3.46198413 -0.93660612  5.37001797  3.74584084  5.17728497]", "nit": "21", "callback": [0.2960172033291675, 0.24764555558221657, 0.1859157210824136, 0.18027879496085042, 0.1794984472966452, 0.17825792549659714, 0.17723973101578638, 0.17673470771805466, 0.1758045042297618, 0.17429729727734855, 0.1736345931269151, 0.17315203842262927, 0.1727394117812564, 0.17263273349849517, 0.17261396319001876, 0.1726085869090186, 0.17260021344256593, 0.17259186941971605, 0.17258995774380193, 0.1725897086760113, 0.17258970279835895]}, "4": {"maxiter": 100, "gtol": 1e-10, "xrtol": 1e-05, "eps": 1e-05, "duration": 0.0592958927154541, "fun": "0.17258970280225705", "jac": "[ 9.07052211e-09  1.16773258e-07  3.01925152e-07  2.25330865e-07\n -4.55402382e-07 -4.16178203e-07]", "hess_inv": "[[ 7.06854017  0.61188991  0.74646147 -6.98705526  0.97901334 -4.89856002]\n [ 0.61188991  4.4571631   3.36357762 -0.9692039   0.19840836  1.52198978]\n [ 0.74646147  3.36357762  6.93073536 -1.0879307  -0.38966516  3.46133874]\n [-6.98705526 -0.9692039  -1.0879307  16.79473169 -0.889907    7.62355327]\n [ 0.97901334  0.19840836 -0.38966516 -0.889907    4.22129549 -3.63085602]\n [-4.89856002  1.52198978  3.46133874  7.62355327 -3.63085602 10.31597671]]", "nfev": "175", "njev": "25", "status": "0", "success": "True", "message": "Optimization terminated successfully.", "x": "[ 1.9667248   3.46195098 -0.93664858  5.37003489  3.7458355   5.17727365]", "nit": "22", "callback": [0.2960164692087298, 0.24764503817096173, 0.18591589238392492, 0.18027884443548126, 0.17949848994613338, 0.1782580225668542, 0.1772399042821471, 0.17673521211709353, 0.17580552147573547, 0.17429893702561783, 0.17363515494692017, 0.17315283150641925, 0.1727396678315547, 0.172632852684533, 0.17261397816251012, 0.17260861249433623, 0.17260024809761298, 0.17259188442643936, 0.17258995777295283, 0.17258970794610384, 0.17258970280758246, 0.17258970280225705]}, "5": {"maxiter": 100, "gtol": 1e-10, "xrtol": 1e-05, "eps": 1e-10, "duration": 0.06753802299499512, "fun": "0.17258970277453334", "jac": "[ 0.00000000e+00 -1.11022293e-06  0.00000000e+00 -2.22044587e-06\n -1.11022293e-06  1.11022293e-06]", "hess_inv": "[[ 7.07136642  0.50719496  0.62726249 -7.15609479  1.0245517  -5.08348794]\n [ 0.50719496  4.75277108  3.73081879 -0.95779204  0.05995572  1.90832276]\n [ 0.62726249  3.73081879  7.36804617 -0.90122099 -0.54602074  3.96784697]\n [-7.15609479 -0.95779204 -0.90122099 15.95995901 -1.06721939  7.67138369]\n [ 1.0245517   0.05995572 -0.54602074 -1.06721939  4.26146534 -3.83990312]\n [-5.08348794  1.90832276  3.96784697  7.67138369 -3.83990312 10.89246383]]", "nfev": "182", "njev": "26", "status": "0", "success": "True", "message": "Optimization terminated successfully.", "x": "[ 1.96674238  3.46197214 -0.93662036  5.37001476  3.74584474  5.17727419]", "nit": "22", "callback": [0.2960172033291675, 0.24764555558221657, 0.1859157210824136, 0.18027879496085042, 0.1794984472966452, 0.17825792549659714, 0.17723973101578638, 0.17673470771805466, 0.1758045042297618, 0.17429729727734855, 0.1736345931269151, 0.17315203842262927, 0.1727394117812564, 0.17263273349849517, 0.17261396319001876, 0.1726085869090186, 0.17260021344256593, 0.17259186941971605, 0.17258995774380193, 0.1725897086760113, 0.17258970279835895, 0.17258970277453334]}, "6": {"maxiter": 100, "gtol": 1e-10, "xrtol": 1e-10, "eps": 1e-05, "duration": 0.12983489036560059, "fun": "0.17258970280225705", "jac": "[ 9.07052211e-09  1.16773258e-07  3.01925152e-07  2.25330865e-07\n -4.55402382e-07 -4.16178203e-07]", "hess_inv": "[[ 7.11845405  0.68889381  0.87115483 -6.98601802  0.90360761 -4.869023  ]\n [ 0.68889381  4.5755991   3.55502446 -0.98045739  0.08524767  1.56674394]\n [ 0.87115483  3.55502446  7.23988326 -1.11820351 -0.56993554  3.53304696]\n [-6.98601802 -0.98045739 -1.11820351 16.33657452 -0.77846411  7.59516497]\n [ 0.90360761  0.08524767 -0.56993554 -0.77846411  4.30733826 -3.6683247 ]\n [-4.869023    1.56674394  3.53304696  7.59516497 -3.6683247  10.33161972]]", "nfev": "396", "njev": "55", "status": "2", "success": "False", "message": "Desired error not necessarily achieved due to precision loss.", "x": "[ 1.9667248   3.46195098 -0.93664858  5.37003489  3.7458355   5.17727365]", "nit": "22", "callback": [0.2960164692087298, 0.24764503817096173, 0.18591589238392492, 0.18027884443548126, 0.17949848994613338, 0.1782580225668542, 0.1772399042821471, 0.17673521211709353, 0.17580552147573547, 0.17429893702561783, 0.17363515494692017, 0.17315283150641925, 0.1727396678315547, 0.172632852684533, 0.17261397816251012, 0.17260861249433623, 0.17260024809761298, 0.17259188442643936, 0.17258995777295283, 0.17258970794610384, 0.17258970280758246, 0.17258970280225705]}, "7": {"maxiter": 100, "gtol": 1e-10, "xrtol": 1e-10, "eps": 1e-10, "duration": 0.0748591423034668, "fun": "0.17258970277121588", "jac": "[2.22044587e-06 2.22044587e-06 3.33066880e-06 1.11022293e-06\n 5.55111466e-06 2.22044587e-06]", "hess_inv": "[[ 35.29203159  13.32363655  23.1885478  -61.59535025 -10.79045475\n   -8.32845338]\n [ 13.32363655   8.76754491  11.79349774 -27.07377938  -4.29473276\n   -2.04892703]\n [ 23.1885478   11.79349774  22.24156896 -45.0017677   -7.26992828\n   -2.908068  ]\n [-61.59535025 -27.07377938 -45.0017677  117.5681656   19.33695581\n   14.71770168]\n [-10.79045475  -4.29473276  -7.26992828  19.33695581   4.34511402\n    2.57412914]\n [ -8.32845338  -2.04892703  -2.908068    14.71770168   2.57412914\n    4.72399897]]", "nfev": "252", "njev": "36", "status": "0", "success": "True", "message": "Optimization terminated successfully.", "x": "[ 1.96673354  3.46196745 -0.93662939  5.37003374  3.74585211  5.17727147]", "nit": "24", "callback": [0.2960172033291675, 0.24764555558221657, 0.1859157210824136, 0.18027879496085042, 0.1794984472966452, 0.17825792549659714, 0.17723973101578638, 0.17673470771805466, 0.1758045042297618, 0.17429729727734855, 0.1736345931269151, 0.17315203842262927, 0.1727394117812564, 0.17263273349849517, 0.17261396319001876, 0.1726085869090186, 0.17260021344256593, 0.17259186941971605, 0.17258995774380193, 0.1725897086760113, 0.17258970279835895, 0.17258970277453334, 0.17258970277121632, 0.17258970277121588]}, "8": {"maxiter": 500, "gtol": 1e-05, "xrtol": 1e-05, "eps": 1e-05, "duration": 0.0646209716796875, "fun": "0.17258970280758246", "jac": "[-6.34270414e-07  1.08570930e-06  2.15701901e-06 -1.38896672e-06\n -1.91703320e-06 -5.17275112e-07]", "hess_inv": "[[ 7.29479995  0.60511523  0.73597863 -7.03638462  1.04241174 -5.06884057]\n [ 0.60511523  4.31731764  3.14481346 -0.7049907   0.29475602  1.41858701]\n [ 0.73597863  3.14481346  6.58851652 -0.67464614 -0.23891601  3.29949903]\n [-7.03638462 -0.7049907  -0.67464614 16.31258304 -1.08804245  7.86423076]\n [ 1.04241174  0.29475602 -0.23891601 -1.08804245  4.17013888 -3.60245368]\n [-5.06884057  1.41858701  3.29949903  7.86423076 -3.60245368 10.36006739]]", "nfev": "168", "njev": "24", "status": "0", "success": "True", "message": "Optimization terminated successfully.", "x": "[ 1.96673296  3.46196287 -0.93662999  5.37001036  3.74582928  5.17727691]", "nit": "21", "callback": [0.2960164692087298, 0.24764503817096173, 0.18591589238392492, 0.18027884443548126, 0.17949848994613338, 0.1782580225668542, 0.1772399042821471, 0.17673521211709353, 0.17580552147573547, 0.17429893702561783, 0.17363515494692017, 0.17315283150641925, 0.1727396678315547, 0.172632852684533, 0.17261397816251012, 0.17260861249433623, 0.17260024809761298, 0.17259188442643936, 0.17258995777295283, 0.17258970794610384, 0.17258970280758246]}, "9": {"maxiter": 500, "gtol": 1e-05, "xrtol": 1e-05, "eps": 1e-10, "duration": 0.05570793151855469, "fun": "0.17258970279835895", "jac": "[ 3.33066880e-06  4.44089173e-06  2.22044587e-06  2.22044587e-06\n -2.22044587e-06  0.00000000e+00]", "hess_inv": "[[ 7.18980082  0.55977688  0.64323183 -6.93376884  1.05982883 -5.08504408]\n [ 0.55977688  4.31836487  3.12883834 -0.68864203  0.29806318  1.42731897]\n [ 0.64323183  3.12883834  6.55978813 -0.64445699 -0.24528488  3.32854686]\n [-6.93376884 -0.68864203 -0.64445699 16.31384689 -1.08382399  7.84730608]\n [ 1.05982883  0.29806318 -0.24528488 -1.08382399  4.16387525 -3.60695747]\n [-5.08504408  1.42731897  3.32854686  7.84730608 -3.60695747 10.38849773]]", "nfev": "168", "njev": "24", "status": "0", "success": "True", "message": "Optimization terminated successfully.", "x": "[ 1.96674614  3.46198413 -0.93660612  5.37001797  3.74584084  5.17728497]", "nit": "21", "callback": [0.2960172033291675, 0.24764555558221657, 0.1859157210824136, 0.18027879496085042, 0.1794984472966452, 0.17825792549659714, 0.17723973101578638, 0.17673470771805466, 0.1758045042297618, 0.17429729727734855, 0.1736345931269151, 0.17315203842262927, 0.1727394117812564, 0.17263273349849517, 0.17261396319001876, 0.1726085869090186, 0.17260021344256593, 0.17259186941971605, 0.17258995774380193, 0.1725897086760113, 0.17258970279835895]}, "10": {"maxiter": 500, "gtol": 1e-05, "xrtol": 1e-10, "eps": 1e-05, "duration": 0.054744720458984375, "fun": "0.17258970280758246", "jac": "[-6.34270414e-07  1.08570930e-06  2.15701901e-06 -1.38896672e-06\n -1.91703320e-06 -5.17275112e-07]", "hess_inv": "[[ 7.29479995  0.60511523  0.73597863 -7.03638462  1.04241174 -5.06884057]\n [ 0.60511523  4.317