{"date": "2024/10/08/, 14:55:53", "conf_id": 6, "data_type": "random\n", "num_data_points": 1, "s_rank": 0, "unitary": "[[-0.56303964-0.00798273j,-0.21670212-0.15784972j,-0.06047197-0.73952673j,-0.01438004+0.24552571j],[-0.06976756+0.23474685j,-0.01275565-0.5435098j,-0.02703657-0.08917885j,-0.08210486-0.79311774j],[-0.38559961+0.10714929j,0.5933431-0.2687392j,-0.24060861+0.29149289j,-0.45147719+0.26241743j],[-0.50180421+0.45931857j,-0.11617175+0.44134496j,0.49642745+0.22684508j,-0.08544628-0.15407063j]]", "databatch_0": {"databatch": "[[[0.11096773-0.07836851j,-0.19388433+0.09069114j,0.08827422-0.08731563j,0.1920038+0.10781195j],[0.07523734-0.21089263j,-0.17451617+0.34913665j,-0.04069336-0.16236217j,0.29306809-0.20220965j],[0.03763085+0.15366371j,-0.11536663-0.22454734j,-0.07401196-0.02583415j,0.15126961-0.08239015j],[0.23619754-0.05822173j,-0.25955159+0.15063308j,0.08449099+0.24417336j,-0.41708822+0.00241639j]]]", "initial param values": "[1.36504005,0.7413549,3.10375798,2.61951629,0.62905148,4.02625687]", "nelder_mead": {"type": "gradient-free", "0": {"maxiter": 100, "fatol": 1e-05, "xatol": 1e-05, "duration": 0.044389963150024414, "fun": "0.30424216307960983", "nit": "100", "nfev": "148", "status": "2", "success": "False", "message": "Maximum number of iterations has been exceeded.", "x": "[ 1.59034642  1.08169933 -0.80529722  1.74029974  1.01224051  5.38882959]", "final_simplex": "(array([[ 1.59034642,  1.08169933, -0.80529722,  1.74029974,  1.01224051,\n         5.38882959],\n       [ 1.61659674,  1.07133184, -0.36368667,  1.54645435,  1.00382925,\n         5.28162865],\n       [ 1.64506003,  1.13524462, -0.65010693,  1.71411111,  0.89006759,\n         5.20716058],\n       [ 1.65739084,  1.04113563, -0.5329778 ,  1.92445844,  0.89496853,\n         5.22203451],\n       [ 1.64094111,  1.05829505, -0.45557408,  1.94537113,  0.83383175,\n         5.30153185],\n       [ 1.65183991,  1.05599667, -0.42034386,  1.79843234,  0.88152607,\n         5.4726877 ],\n       [ 1.65007698,  1.08341337, -0.29207683,  2.04529878,  0.77048653,\n         5.05468112]]), array([0.30424216, 0.31848685, 0.3194303 , 0.32060303, 0.32903942,\n       0.33663579, 0.34414155]))", "callback": [0.9673146730202437, 0.8445567272875583, 0.5728568025618717, 0.4765270560610214, 0.4248540667452071, 0.39288442906748644, 0.3817352162551889, 0.3781919714723544, 0.3690300053372023, 0.32903941734715525]}, "1": {"maxiter": 100, "fatol": 1e-05, "xatol": 1e-10, "duration": 0.04850602149963379, "fun": "0.30424216307960983", "nit": "100", "nfev": "148", "status": "2", "success": "False", "message": "Maximum number of iterations has been exceeded.", "x": "[ 1.59034642  1.08169933 -0.80529722  1.74029974  1.01224051  5.38882959]", "final_simplex": "(array([[ 1.59034642,  1.08169933, -0.80529722,  1.74029974,  1.01224051,\n         5.38882959],\n       [ 1.61659674,  1.07133184, -0.36368667,  1.54645435,  1.00382925,\n         5.28162865],\n       [ 1.64506003,  1.13524462, -0.65010693,  1.71411111,  0.89006759,\n         5.20716058],\n       [ 1.65739084,  1.04113563, -0.5329778 ,  1.92445844,  0.89496853,\n         5.22203451],\n       [ 1.64094111,  1.05829505, -0.45557408,  1.94537113,  0.83383175,\n         5.30153185],\n       [ 1.65183991,  1.05599667, -0.42034386,  1.79843234,  0.88152607,\n         5.4726877 ],\n       [ 1.65007698,  1.08341337, -0.29207683,  2.04529878,  0.77048653,\n         5.05468112]]), array([0.30424216, 0.31848685, 0.3194303 , 0.32060303, 0.32903942,\n       0.33663579, 0.34414155]))", "callback": [0.9673146730202437, 0.8445567272875583, 0.5728568025618717, 0.4765270560610214, 0.4248540667452071, 0.39288442906748644, 0.3817352162551889, 0.3781919714723544, 0.3690300053372023, 0.32903941734715525]}, "2": {"maxiter": 100, "fatol": 1e-10, "xatol": 1e-05, "duration": 0.037915945053100586, "fun": "0.30424216307960983", "nit": "100", "nfev": "148", "status": "2", "success": "False", "message": "Maximum number of iterations has been exceeded.", "x": "[ 1.59034642  1.08169933 -0.80529722  1.74029974  1.01224051  5.38882959]", "final_simplex": "(array([[ 1.59034642,  1.08169933, -0.80529722,  1.74029974,  1.01224051,\n         5.38882959],\n       [ 1.61659674,  1.07133184, -0.36368667,  1.54645435,  1.00382925,\n         5.28162865],\n       [ 1.64506003,  1.13524462, -0.65010693,  1.71411111,  0.89006759,\n         5.20716058],\n       [ 1.65739084,  1.04113563, -0.5329778 ,  1.92445844,  0.89496853,\n         5.22203451],\n       [ 1.64094111,  1.05829505, -0.45557408,  1.94537113,  0.83383175,\n         5.30153185],\n       [ 1.65183991,  1.05599667, -0.42034386,  1.79843234,  0.88152607,\n         5.4726877 ],\n       [ 1.65007698,  1.08341337, -0.29207683,  2.04529878,  0.77048653,\n         5.05468112]]), array([0.30424216, 0.31848685, 0.3194303 , 0.32060303, 0.32903942,\n       0.33663579, 0.34414155]))", "callback": [0.9673146730202437, 0.8445567272875583, 0.5728568025618717, 0.4765270560610214, 0.4248540667452071, 0.39288442906748644, 0.3817352162551889, 0.3781919714723544, 0.3690300053372023, 0.32903941734715525]}, "3": {"maxiter": 100, "fatol": 1e-10, "xatol": 1e-10, "duration": 0.03874993324279785, "fun": "0.30424216307960983", "nit": "100", "nfev": "148", "status": "2", "success": "False", "message": "Maximum number of iterations has been exceeded.", "x": "[ 1.59034642  1.08169933 -0.80529722  1.74029974  1.01224051  5.38882959]", "final_simplex": "(array([[ 1.59034642,  1.08169933, -0.80529722,  1.74029974,  1.01224051,\n         5.38882959],\n       [ 1.61659674,  1.07133184, -0.36368667,  1.54645435,  1.00382925,\n         5.28162865],\n       [ 1.64506003,  1.13524462, -0.65010693,  1.71411111,  0.89006759,\n         5.20716058],\n       [ 1.65739084,  1.04113563, -0.5329778 ,  1.92445844,  0.89496853,\n         5.22203451],\n       [ 1.64094111,  1.05829505, -0.45557408,  1.94537113,  0.83383175,\n         5.30153185],\n       [ 1.65183991,  1.05599667, -0.42034386,  1.79843234,  0.88152607,\n         5.4726877 ],\n       [ 1.65007698,  1.08341337, -0.29207683,  2.04529878,  0.77048653,\n         5.05468112]]), array([0.30424216, 0.31848685, 0.3194303 , 0.32060303, 0.32903942,\n       0.33663579, 0.34414155]))", "callback": [0.9673146730202437, 0.8445567272875583, 0.5728568025618717, 0.4765270560610214, 0.4248540667452071, 0.39288442906748644, 0.3817352162551889, 0.3781919714723544, 0.3690300053372023, 0.32903941734715525]}, "4": {"maxiter": 500, "fatol": 1e-05, "xatol": 1e-05, "duration": 0.1947488784790039, "fun": "0.16644085848932855", "nit": "463", "nfev": "714", "status": "0", "success": "True", "message": "Optimization terminated successfully.", "x": "[ 0.62357091  1.52893375 -1.20610643  1.01172096  0.86253583  5.41051181]", "final_simplex": "(array([[ 0.62357091,  1.52893375, -1.20610643,  1.01172096,  0.86253583,\n         5.41051181],\n       [ 0.62356986,  1.52893798, -1.20611418,  1.01171639,  0.86252993,\n         5.41051324],\n       [ 0.62357009,  1.52893097, -1.20610538,  1.01171783,  0.86253403,\n         5.41051064],\n       [ 0.6235717 ,  1.5289262 , -1.20609969,  1.01172441,  0.86253332,\n         5.41051346],\n       [ 0.62356715,  1.52893039, -1.20610887,  1.01171877,  0.86253394,\n         5.4105137 ],\n       [ 0.62357426,  1.52892744, -1.20610236,  1.01172385,  0.86253752,\n         5.41051033],\n       [ 0.62357329,  1.52893535, -1.20610943,  1.01172096,  0.86252894,\n         5.41051732]]), array([0.16644086, 0.16644086, 0.16644086, 0.16644086, 0.16644086,\n       0.16644086, 0.16644086]))", "callback": [0.9673146730202437, 0.8445567272875583, 0.5728568025618717, 0.4765270560610214, 0.4248540667452071, 0.39288442906748644, 0.3817352162551889, 0.3781919714723544, 0.3690300053372023, 0.32903941734715525, 0.29903226007786876, 0.27802703909172743, 0.2498080778768077, 0.23038269108040565, 0.2289720470331993, 0.22418222392087295, 0.21982033648910126, 0.21397765934705426, 0.21118171712490552, 0.2079403085635273, 0.20493475650559356, 0.19998140662917274, 0.18787685970739787, 0.17895121227862076, 0.17008796185401276, 0.16915737179975143, 0.16803591485494762, 0.167832265265206, 0.16775805110511421, 0.167608132294354, 0.16719939525236738, 0.16674712542004744, 0.16650167566548335, 0.16647888016201273, 0.16644888578672024, 0.16644422139617432, 0.1664422730029016, 0.16644122266782224, 0.16644096757259608, 0.16644088339347018, 0.1664408686933626, 0.16644086215819553, 0.16644085940623565, 0.16644085865612757, 0.16644085853669843, 0.16644085849719692, 0.166440858489455]}, "5": {"maxiter": 500, "fatol": 1e-05, "xatol": 1e-10, "duration": 0.2207181453704834, "fun": "0.16644085848650003", "nit": "500", "nfev": "778", "status": "2", "success": "False", "message": "Maximum number of iterations has been exceeded.", "x": "[ 0.62356918  1.52893304 -1.20610834  1.01172052  0.86253204  5.41051388]", "final_simplex": "(array([[ 0.62356918,  1.52893304, -1.20610834,  1.01172052,  0.86253204,\n         5.41051388],\n       [ 0.62356884,  1.52893252, -1.20610797,  1.01172065,  0.8625319 ,\n         5.41051419],\n       [ 0.62356879,  1.52893359, -1.20610911,  1.01172007,  0.86253177,\n         5.41051408],\n       [ 0.62356904,  1.52893234, -1.20610789,  1.01172044,  0.86253225,\n         5.41051384],\n       [ 0.62356908,  1.52893237, -1.20610756,  1.01172061,  0.8625327 ,\n         5.41051365],\n       [ 0.62356902,  1.52893305, -1.20610842,  1.01172051,  0.86253198,\n         5.41051431],\n       [ 0.62356893,  1.52893305, -1.2061085 ,  1.01172066,  0.86253217,\n         5.41051426]]), array([0.16644086, 0.16644086, 0.16644086, 0.16644086, 0.16644086,\n       0.16644086, 0.16644086]))", "callback": [0.9673146730202437, 0.8445567272875583, 0.5728568025618717, 0.4765270560610214, 0.4248540667452071, 0.39288442906748644, 0.3817352162551889, 0.3781919714723544, 0.3690300053372023, 0.32903941734715525, 0.29903226007786876, 0.27802703909172743, 0.2498080778768077, 0.23038269108040565, 0.2289720470331993, 0.22418222392087295, 0.21982033648910126, 0.21397765934705426, 0.21118171712490552, 0.2079403085635273, 0.20493475650559356, 0.19998140662917274, 0.18787685970739787, 0.17895121227862076, 0.17008796185401276, 0.16915737179975143, 0.16803591485494762, 0.167832265265206, 0.16775805110511421, 0.167608132294354, 0.16719939525236738, 0.16674712542004744, 0.16650167566548335, 0.16647888016201273, 0.16644888578672024, 0.16644422139617432, 0.1664422730029016, 0.16644122266782224, 0.16644096757259608, 0.16644088339347018, 0.1664408686933626, 0.16644086215819553, 0.16644085940623565, 0.16644085865612757, 0.16644085853669843, 0.16644085849719692, 0.166440858489455, 0.1664408584870254, 0.16644085848667078, 0.16644085848654955]}, "6": {"maxiter": 500, "fatol": 1e-10, "xatol": 1e-05, "duration": 0.19266796112060547, "fun": "0.16644085848932855", "nit": "463", "nfev": "714", "status": "0", "success": "True", "message": "Optimization terminated successfully.", "x": "[ 0.62357091  1.52893375 -1.20610643  1.01172096  0.86253583  5.41051181]", "final_simplex": "(array([[ 0.62357091,  1.52893375, -1.20610643,  1.01172096,  0.86253583,\n         5.41051181],\n       [ 0.62356986,  1.52893798, -1.20611418,  1.01171639,  0.86252993,\n         5.41051324],\n       [ 0.62357009,  1.52893097, -1.20610538,  1.01171783,  0.86253403,\n         5.41051064],\n       [ 0.6235717 ,  1.5289262 , -1.20609969,  1.01172441,  0.86253332,\n         5.41051346],\n       [ 0.62356715,  1.52893039, -1.20610887,  1.01171877,  0.86253394,\n         5.4105137 ],\n       [ 0.62357426,  1.52892744, -1.20610236,  1.01172385,  0.86253752,\n         5.41051033],\n       [ 0.62357329,  1.52893535, -1.20610943,  1.01172096,  0.86252894,\n         5.41051732]]), array([0.16644086, 0.16644086, 0.16644086, 0.16644086, 0.16644086,\n       0.16644086, 0.16644086]))", "callback": [0.9673146730202437, 0.8445567272875583, 0.5728568025618717, 0.4765270560610214, 0.4248540667452071, 0.39288442906748644, 0.3817352162551889, 0.3781919714723544, 0.3690300053372023, 0.32903941734715525, 0.29903226007786876, 0.27802703909172743, 0.2498080778768077, 0.23038269108040565, 0.2289720470331993, 0.22418222392087295, 0.21982033648910126, 0.21397765934705426, 0.21118171712490552, 0.2079403085635273, 0.20493475650559356, 0.19998140662917274, 0.18787685970739787, 0.17895121227862076, 0.17008796185401276, 0.16915737179975143, 0.16803591485494762, 0.167832265265206, 0.16775805110511421, 0.167608132294354, 0.16719939525236738, 0.16674712542004744, 0.16650167566548335, 0.16647888016201273, 0.16644888578672024, 0.16644422139617432, 0.1664422730029016, 0.16644122266782224, 0.16644096757259608, 0.16644088339347018, 0.1664408686933626, 0.16644086215819553, 0.16644085940623565, 0.16644085865612757, 0.16644085853669843, 0.16644085849719692, 0.166440858489455]}, "7": {"maxiter": 500, "fatol": 1e-10, "xatol": 1e-10, "duration": 0.22437715530395508, "fun": "0.16644085848650003", "nit": "500", "nfev": "778", "status": "2", "success": "False", "message": "Maximum number of iterations has been exceeded.", "x": "[ 0.62356918  1.52893304 -1.20610834  1.01172052  0.86253204  5.41051388]", "final_simplex": "(array([[ 0.62356918,  1.52893304, -1.20610834,  1.01172052,  0.86253204,\n         5.41051388],\n       [ 0.62356884,  1.52893252, -1.20610797,  1.01172065,  0.8625319 ,\n         5.41051419],\n       [ 0.62356879,  1.52893359, -1.20610911,  1.01172007,  0.86253177,\n         5.41051408],\n       [ 0.62356904,  1.52893234, -1.20610789,  1.01172044,  0.86253225,\n         5.41051384],\n       [ 0.62356908,  1.52893237, -1.20610756,  1.01172061,  0.8625327 ,\n         5.41051365],\n       [ 0.62356902,  1.52893305, -1.20610842,  1.01172051,  0.86253198,\n         5.41051431],\n       [ 0.62356893,  1.52893305, -1.2061085 ,  1.01172066,  0.86253217,\n         5.41051426]]), array([0.16644086, 0.16644086, 0.16644086, 0.16644086, 0.16644086,\n       0.16644086, 0.16644086]))", "callback": [0.9673146730202437, 0.8445567272875583, 0.5728568025618717, 0.4765270560610214, 0.4248540667452071, 0.39288442906748644, 0.3817352162551889, 0.3781919714723544, 0.3690300053372023, 0.32903941734715525, 0.29903226007786876, 0.27802703909172743, 0.2498080778768077, 0.23038269108040565, 0.2289720470331993, 0.22418222392087295, 0.21982033648910126, 0.21397765934705426, 0.21118171712490552, 0.2079403085635273, 0.20493475650559356, 0.19998140662917274, 0.18787685970739787, 0.17895121227862076, 0.17008796185401276, 0.16915737179975143, 0.16803591485494762, 0.167832265265206, 0.16775805110511421, 0.167608132294354, 0.16719939525236738, 0.16674712542004744, 0.16650167566548335, 0.16647888016201273, 0.16644888578672024, 0.16644422139617432, 0.1664422730029016, 0.16644122266782224, 0.16644096757259608, 0.16644088339347018, 0.1664408686933626, 0.16644086215819553, 0.16644085940623565, 0.16644085865612757, 0.16644085853669843, 0.16644085849719692, 0.166440858489455, 0.1664408584870254, 0.16644085848667078, 0.16644085848654955]}, "8": {"maxiter": 1000, "fatol": 1e-05, "xatol": 1e-05, "duration": 0.2145380973815918, "fun": "0.16644085848932855", "nit": "463", "nfev": "714", "status": "0", "success": "True", "message": "Optimization terminated successfully.", "x": "[ 0.62357091  1.52893375 -1.20610643  1.01172096  0.86253583  5.41051181]", "final_simplex": "(array([[ 0.62357091,  1.52893375, -1.20610643,  1.01172096,  0.86253583,\n         5.41051181],\n       [ 0.62356986,  1.52893798, -1.20611418,  1.01171639,  0.86252993,\n         5.41051324],\n       [ 0.62357009,  1.52893097, -1.20610538,  1.01171783,  0.86253403,\n         5.41051064],\n       [ 0.6235717 ,  1.5289262 , -1.20609969,  1.01172441,  0.86253332,\n         5.41051346],\n       [ 0.62356715,  1.52893039, -1.20610887,  1.01171877,  0.86253394,\n         5.4105137 ],\n       [ 0.62357426,  1.52892744, -1.20610236,  1.01172385,  0.86253752,\n         5.41051033],\n       [ 0.62357329,  1.52893535, -1.20610943,  1.01172096,  0.86252894,\n         5.41051732]]), array([0.16644086, 0.16644086, 0.16644086, 0.16644086, 0.16644086,\n       0.16644086, 0.16644086]))", "callback": [0.9673146730202437, 0.8445567272875583, 0.5728568025618717, 0.4765270560610214, 0.4248540667452071, 0.39288442906748644, 0.3817352162551889, 0.3781919714723544, 0.3690300053372023, 0.32903941734715525, 0.29903226007786876, 0.27802703909172743, 0.2498080778768077, 0.23038269108040565, 0.2289720470331993, 0.22418222392087295, 0.21982033648910126, 0.21397765934705426, 0.21118171712490552, 0.2079403085635273, 0.20493475650559356, 0.19998140662917274, 0.18787685970739787, 0.17895121227862076, 0.17008796185401276, 0.16915737179975143, 0.16803591485494762, 0.167832265265206, 0.16775805110511421, 0.167608132294354, 0.16719939525236738, 0.16674712542004744, 0.16650167566548335, 0.16647888016201273, 0.16644888578672024, 0.16644422139617432, 0.1664422730029016, 0.16644122266782224, 0.16644096757259608, 0.16644088339347018, 0.1664408686933626, 0.16644086215819553, 0.16644085940623565, 0.16644085865612757, 0.16644085853669843, 0.16644085849719692, 0.166440858489455]}, "9": {"maxiter": 1000, "fatol": 1e-05, "xatol": 1e-10, "duration": 0.2640049457550049, "fun": "0.16644085848641543", "nit": "580", "nfev": "965", "status": "0", "success": "True", "message": "Optimization terminated successfully.", "x": "[ 0.6235688   1.52893257 -1.20610787  1.01172089  0.86253219  5.41051341]", "final_simplex": "(array([[ 0.6235688 ,  1.52893257, -1.20610787,  1.01172089,  0.86253219,\n         5.41051341],\n       [ 0.6235688 ,  1.52893257, -1.20610787,  1.01172089,  0.86253219,\n         5.41051341],\n       [ 0.6235688 ,  1.52893257, -1.20610787,  1.01172089,  0.86253219,\n         5.41051341],\n       [ 0.6235688 ,  1.52893257, -1.20610787,  1.01172089,  0.86253219,\n         5.41051341],\n       [ 0.6235688 ,  1.52893257, -1.20610787,  1.01172089,  0.86253219,\n         5.41051341],\n       [ 0.6235688 ,  1.52893257, -1.20610787,  1.01172089,  0.86253219,\n         5.41051341],\n       [ 0.6235688 ,  1.52893257, -1.20610787,  1.01172089,  0.86253219,\n         5.41051341]]), array([0.16644086, 0.16644086, 0.16644086, 0.16644086, 0.16644086,\n       0.16644086, 0.16644086]))", "callback": [0.9673146730202437, 0.8445567272875583, 0.5728568025618717, 0.4765270560610214, 0.4248540667452071, 0.39288442906748644, 0.3817352162551889, 0.3781919714723544, 0.3690300053372023, 0.32903941734715525, 0.29903226007786876, 0.27802703909172743, 0.2498080778768077, 0.23038269108040565, 0.2289720470331993, 0.22418222392087295, 0.21982033648910126, 0.21397765934705426, 0.21118171712490552, 0.2079403085635273, 0.20493475650559356, 0.19998140662917274, 0.18787685970739787, 0.17895121227862076, 0.17008796185401276, 0.16915737179975143, 0.16803591485494762, 0.167832265265206, 0.16775805110511421, 0.167608132294354, 0.16719939525236738, 0.16674712542004744, 0.16650167566548335, 0.16647888016201273, 0.16644888578672024, 0.16644422139617432, 0.1664422730029016, 0.16644122266782224, 0.16644096757259608, 0.16644088339347018, 0.1664408686933626, 0.16644086215819553, 0.16644085940623565, 0.16644085865612757, 0.16644085853669843, 0.16644085849719692, 0.166440858489455, 0.1664408584870254, 0.16644085848667078, 0.16644085848654955, 0.1664408584864856, 0.1664408584864554, 0.16644085848642098, 0.1664408584864172, 0.16644085848641588, 0.16644085848641565, 0.16644085848641543, 0.16644085848641543]}, "10": {"maxiter": 1000, "fatol": 1e-10, "xatol": 1e-05, "duration": 0.20399928092956543, "fun": "0.16644085848932855", "nit": "463", "nfev": "714", "status": "0", "success": "True", "message": "Optimization terminated successfully.", "x": "[ 0.62357091  1.52893375 -1.20610643  1.01172096  0.86253583  5.41051181]", "final_simplex": "(array([[ 0.62357091,  1.52893375, -1.20610643,  1.01172096,  0.86253583,\n         5.41051181],\n       [ 0.62356986,  1.52893798, -1.20611418,  1.01171639,  0.86252993,\n         5.41051324],\n       [ 0.62357009,  1.52893097, -1.20610538,  1.01171783,  0.86253403,\n         5.41051064],\n       [ 0.6235717 ,  1.5289262 , -1.20609969,  1.01172441,  0.86253332,\n         5.41051346],\n       [ 0.62356715,  1.52893039, -1.20610887,  1.01171877,  0.86253394,\n         5.4105137 ],\n       [ 0.62357426,  1.52892744, -1.20610236,  1.01172385,  0.86253752,\n         5.41051033],\n       [ 0.62357329,  1.52893535, -1.20610943,  1.01172096,  0.86252894,\n         5.41051732]]), array([0.16644086, 0.16644086, 0.16644086, 0.16644086, 0.16644086,\n       0.16644086, 0.16644086]))", "callback": [0.9673146730202437, 0.8445567272875583, 0.5728568025618717, 0.4765270560610214, 0.4248540667452071, 0.39288442906748644, 0.3817352162551889, 0.3781919714723544, 0.3690300053372023, 0.32903941734715525, 0.29903226007786876, 0.27802703909172743, 0.2498080778768077, 0.23038269108040565, 0.2289720470331993, 0.22418222392087295, 0.21982033648910126, 0.21397765934705426, 0.21118171712490552, 0.2079403085635273, 0.20493475650559356, 0.19998140662917274, 0.18787685970739787, 0.17895121227862076, 0.17008796185401276, 0.16915737179975143, 0.16803591485494762, 0.167832265265206, 0.16775805110511421, 0.167608132294354, 0.16719939525236738, 0.16674712542004744, 0.16650167566548335, 0.16647888016201273, 0.16644888578672024, 0.16644422139617432, 0.1664422730029016, 0.16644122266782224, 0.16644096757259608, 0.16644088339347018, 0.1664408686933626, 0.16644086215819553, 0.16644085940623565, 0.16644085865612757, 0.16644085853669843, 0.16644085849719692, 0.166440858489455]}, "11": {"maxiter": 1000, "fatol": 1e-10, "xatol": 1e-10, "duration": 0.26909804344177246, "fun": "0.16644085848641543", "nit": "580", "nfev": "965", "status": "0", "success": "True", "message": "Optimization terminated successfully.", "x": "[ 0.6235688   1.52893257 -1.20610787  1.01172089  0.86253219  5.41051341]", "final_simplex": "(array([[ 0.6235688 ,  1.52893257, -1.20610787,  1.01172089,  0.86253219,\n         5.41051341],\n       [ 0.6235688 ,  1.52893257, -1.20610787,  1.01172089,  0.86253219,\n         5.41051341],\n       [ 0.6235688 ,  1.52893257, -1.20610787,  1.01172089,  0.86253219,\n         5.41051341],\n       [ 0.6235688 ,  1.52893257, -1.20610787,  1.01172089,  0.86253219,\n         5.41051341],\n       [ 0.6235688 ,  1.52893257, -1.20610787,  1.01172089,  0.86253219,\n         5.41051341],\n       [ 0.6235688 ,  1.52893257, -1.20610787,  1.01172089,  0.86253219,\n         5.41051341],\n       [ 0.6235688 ,  1.52893257, -1.20610787,  1.01172089,  0.86253219,\n         5.41051341]]), array([0.16644086, 0.16644086, 0.16644086, 0.16644086, 0.16644086,\n       0.16644086, 0.16644086]))", "callback": [0.9673146730202437, 0.8445567272875583, 0.5728568025618717, 0.4765270560610214, 0.4248540667452071, 0.39288442906748644, 0.3817352162551889, 0.3781919714723544, 0.3690300053372023, 0.32903941734715525, 0.29903226007786876, 0.27802703909172743, 0.2498080778768077, 0.23038269108040565, 0.2289720470331993, 0.22418222392087295, 0.21982033648910126, 0.21397765934705426, 0.21118171712490552, 0.2079403085635273, 0.20493475650559356, 0.19998140662917274, 0.18787685970739787, 0.17895121227862076, 0.17008796185401276, 0.16915737179975143, 0.16803591485494762, 0.167832265265206, 0.16775805110511421, 0.167608132294354, 0.16719939525236738, 0.16674712542004744, 0.16650167566548335, 0.16647888016201273, 0.16644888578672024, 0.16644422139617432, 0.1664422730029016, 0.16644122266782224, 0.16644096757259608, 0.16644088339347018, 0.1664408686933626, 0.16644086215819553, 0.16644085940623565, 0.16644085865612757, 0.16644085853669843, 0.16644085849719692, 0.166440858489455, 0.1664408584870254, 0.16644085848667078, 0.16644085848654955, 0.1664408584864856, 0.1664408584864554, 0.16644085848642098, 0.1664408584864172, 0.16644085848641588, 0.16644085848641565, 0.16644085848641543, 0.16644085848641543]}}, "bfgs": {"type": "gradient", "0": {"maxiter": 100, "gtol": 1e-05, "xrtol": 1e-05, "eps": 1e-05, "duration": 0.08958792686462402, "fun": "0.16644085854940294", "jac": "[-2.87769808e-08  1.12897469e-06  4.59421390e-07 -1.45020662e-06\n  5.78503911e-07 -2.67796896e-07]", "hess_inv": "[[  2.84905258   1.08258622  -1.26112751  -0.75542534  -1.07051595\n    0.97787389]\n [  1.08258622  10.94778639 -10.23924502  -3.79617488  -3.1209736\n    3.53614798]\n [ -1.26112751 -10.23924502  13.18085486   4.8892674    3.88430255\n   -3.61699775]\n [ -0.75542534  -3.79617488   4.8892674    4.7274502    1.02379918\n   -0.38761362]\n [ -1.07051595  -3.1209736    3.88430255   1.02379918   5.17453058\n   -4.06407563]\n [  0.97787389   3.53614798  -3.61699775  -0.38761362  -4.06407563\n    6.11492713]]", "nfev": "322", "njev": "46", "status": "0", "success": "True", "message": "Optimization terminated successfully.", "x": "[  5.65961541  -1.61263665 -10.63091861   1.01169745   7.14571089\n  -0.87267602]", "nit": "34", "callback": [0.9511556009738957, 0.9347275347314628, 0.7580668465009441, 0.7367274601207809, 0.5556623540933092, 0.5414845045829343, 0.5335493060588951, 0.5215304196804658, 0.5085965093451279, 0.5019429478848667, 0.4953826397518899, 0.49069383820246937, 0.4818660493767404, 0.46563703050496597, 0.4546821714102509, 0.442082754120416, 0.4193437683255298, 0.3172457354162368, 0.2801452428126716, 0.24438100749125724, 0.20788260023771998, 0.2006726484060456, 0.19309465907668744, 0.1862897930194647, 0.1798358919990315, 0.1765913696690502, 0.17274195717218044, 0.16912075931124737, 0.16671314771636547, 0.16645716961322377, 0.16644414356029458, 0.16644088157108716, 0.16644086241878875, 0.16644085854940294]}, "1": {"maxiter": 100, "gtol": 1e-05, "xrtol": 1e-05, "eps": 1e-10, "duration": 0.09248590469360352, "fun": "0.16644085853218926", "jac": "[-1.11022293e-06 -2.22044587e-06  0.00000000e+00 -1.11022293e-06\n -1.11022293e-06  0.00000000e+00]", "hess_inv": "[[  2.69070348   0.7744365   -1.00973842  -0.7094543   -1.30595742\n    1.0349107 ]\n [  0.7744365   11.11895115 -11.07238544  -4.55140726  -4.20760575\n    3.31741192]\n [ -1.00973842 -11.07238544  13.84560852   5.48726464   4.93489177\n   -3.68147891]\n [ -0.7094543   -4.55140726   5.48726464   5.22389398   1.32723122\n   -0.35100437]\n [ -1.30595742  -4.20760575   4.93489177   1.32723122   5.67673666\n   -4.29773793]\n [  1.0349107    3.31741192  -3.68147891  -0.35100437  -4.29773793\n    6.13017822]]", "nfev": "329", "njev": "47", "status": "0", "success": "True", "message": "Optimization terminated successfully.", "x": "[  5.65961565  -1.61265474 -10.63090191   1.01170699   7.14570428\n  -0.87266618]", "nit": "36", "callback": [0.9511313154390881, 0.9344867574438862, 0.7545538842631975, 0.7328222435054352, 0.5538563290660934, 0.5406077598891221, 0.533524432694896, 0.5218641643720117, 0.5084208865722049, 0.5026345921255779, 0.49556450164737564, 0.4914294037157211, 0.4835306493006122, 0.4686829601906135, 0.45585911150753655, 0.4463870324656454, 0.42881335890528427, 0.3408565628764967, 0.27057298597006807, 0.21258689155652488, 0.2014901295012912, 0.1989493848894056, 0.19466603569870888, 0.18803268265138406, 0.18156896743742745, 0.1769181235710674, 0.1702354659744203, 0.16780311413931592, 0.1671448569885965, 0.1665406998885377, 0.16648492011469784, 0.1664439001387067, 0.16644105269635512, 0.16644086099720046, 0.16644085868494862, 0.16644085853218926]}, "2": {"maxiter": 100, "gtol": 1e-05, "xrtol": 1e-10, "eps": 1e-05, "duration": 0.08995389938354492, "fun": "0.16644085854940294", "jac": "[-2.87769808e-08  1.12897469e-06  4.59421390e-07 -1.45020662e-06\n  5.78503911e-07 -2.67796896e-07]", "hess_inv": "[[  2.84905258   1.08258622  -1.26112751  -0.75542534  -1.07051595\n    0.97787389]\n [  1.08258622  10.94778639 -10.23924502  -3.79617488  -3.1209736\n    3.53614798]\n [ -1.26112751 -10.23924502  13.18085486   4.8892674    3.88430255\n   -3.61699775]\n [ -0.75542534  -3.79617488   4.8892674    4.7274502    1.02379918\n   -0.38761362]\n [ -1.07051595  -3.1209736    3.88430255   1.02379918   5.17453058\n   -4.06407563]\n [  0.97787389   3.53614798  -3.61699775  -0.38761362  -4.06407563\n    6.11492713]]", "nfev": "322", "njev": "46", "status": "0", "success": "True", "message": "Optimization terminated successfully.", "x": "[  5.65961541  -1.61263665 -10.63091861   1.01169745   7.14571089\n  -0.87267602]", "nit": "34", "callback": [0.9511556009738957, 0.9347275347314628, 0.7580668465009441, 0.7367274601207809, 0.5556623540933092, 0.5414845045829343, 0.5335493060588951, 0.5215304196804658, 0.5085965093451279, 0.5019429478848667, 0.4953826397518899, 0.49069383820246937, 0.4818660493767404, 0.46563703050496597, 0.4546821714102509, 0.442082754120416, 0.4193437683255298, 0.3172457354162368, 0.2801452428126716, 0.24438100749125724, 0.20788260023771998, 0.2006726484060456, 0.19309465907668744, 0.1862897930194647, 0.1798358919990315, 0.1765913696690502, 0.17274195717218044, 0.16912075931124737, 0.16671314771636547, 0.16645716961322377, 0.16644414356029458, 0.16644088157108716, 0.16644086241878875, 0.16644085854940294]}, "3": {"maxiter": 100, "gtol": 1e-05, "xrtol": 1e-10, "eps": 1e-10, "duration": 0.09493207931518555, "fun": "0.16644085853218926", "jac": "[-1.11022293e-06 -2.22044587e-06  0.00000000e+00 -1.11022293e-06\n -1.11022293e-06  0.00000000e+00]", "hess_inv": "[[  2.69070348   0.7744365   -1.00973842  -0.7094543   -1.30595742\n    1.0349107 ]\n [  0.7744365   11.11895115 -11.07238544  -4.55140726  -4.20760575\n    3.31741192]\n [ -1.00973842 -11.07238544  13.84560852   5.48726464   4.93489177\n   -3.68147891]\n [ -0.7094543   -4.55140726   5.48726464   5.22389398   1.32723122\n   -0.35100437]\n [ -1.30595742  -4.20760575   4.93489177   1.32723122   5.67673666\n   -4.29773793]\n [  1.0349107    3.31741192  -3.68147891  -0.35100437  -4.29773793\n    6.13017822]]", "nfev": "329", "njev": "47", "status": "0", "success": "True", "message": "Optimization terminated successfully.", "x": "[  5.65961565  -1.61265474 -10.63090191   1.01170699   7.14570428\n  -0.87266618]", "nit": "36", "callback": [0.9511313154390881, 0.9344867574438862, 0.7545538842631975, 0.7328222435054352, 0.5538563290660934, 0.5406077598891221, 0.533524432694896, 0.5218641643720117, 0.5084208865722049, 0.5026345921255779, 0.49556450164737564, 0.4914294037157211, 0.4835306493006122, 0.4686829601906135, 0.45585911150753655, 0.4463870324656454, 0.42881335890528427, 0.3408565628764967, 0.27057298597006807, 0.21258689155652488, 0.2014901295012912, 0.1989493848894056, 0.19466603569870888, 0.18803268265138406, 0.18156896743742745, 0.1769181235710674, 0.1702354659744203, 0.16780311413931592, 0.1671448569885965, 0.1665406998885377, 0.16648492011469784, 0.1664439001387067, 0.16644105269635512, 0.16644086099720046, 0.16644085868494862, 0.16644085853218926]}, "4": {"maxiter": 100, "gtol": 1e-10, "xrtol": 1e-05, "eps": 1e-05, "duration": 0.09707999229431152, "fun": "0.16644085852516644", "jac": "[ 1.48547841e-07  4.01900735e-08 -2.38398190e-07 -1.23900890e-08\n  1.51878510e-08 -2.23354668e-07]", "hess_inv": "[[  2.82566516   0.99070556  -1.18716549  -0.70207932  -1.09676032\n    0.99747535]\n [  0.99070556  11.05271783 -10.38657417  -3.99387567  -3.2228668\n    3.58300536]\n [ -1.18716549 -10.38657417  13.35853559   5.10336468   3.96616099\n   -3.650649  ]\n [ -0.70207932  -3.99387567   5.10336468   4.96180359   1.08260283\n   -0.40596778]\n [ -1.09676032  -3.2228668    3.96616099   1.08260283   5.14508338\n   -4.04215809]\n [  0.99747535   3.58300536  -3.650649    -0.40596778  -4.04215809\n    6.10044983]]", "nfev": "329", "njev": "47", "status": "0", "success": "True", "message": "Optimization terminated successfully.", "x": "[  5.6596148   -1.6126473  -10.63090892   1.01170606   7.14571019\n  -0.87267497]", "nit": "35", "callback": [0.9511556009738957, 0.9347275347314628, 0.7580668465009441, 0.7367274601207809, 0.5556623540933092, 0.5414845045829343, 0.5335493060588951, 0.5215304196804658, 0.5085965093451279, 0.5019429478848667, 0.4953826397518899, 0.49069383820246937, 0.4818660493767404, 0.46563703050496597, 0.4546821714102509, 0.442082754120416, 0.4193437683255298, 0.3172457354162368, 0.2801452428126716, 0.24438100749125724, 0.20788260023771998, 0.2006726484060456, 0.19309465907668744, 0.1862897930194647, 0.1798358919990315, 0.1765913696690502, 0.17274195717218044, 0.16912075931124737, 0.16671314771636547, 0.16645716961322377, 0.16644414356029458, 0.16644088157108716, 0.16644086241878875, 0.16644085854940294, 0.16644085852516644]}, "5": {"maxiter": 100, "gtol": 1e-10, "xrtol": 1e-05, "eps": 1e-10, "duration": 0.11013078689575195, "fun": "0.16644085853218926", "jac": "[-1.11022293e-06 -2.22044587e-06  0.00000000e+00 -1.11022293e-06\n -1.11022293e-06  0.00000000e+00]", "hess_inv": "[[  2.69070348   0.7744365   -1.00973842  -0.7094543   -1.30595742\n    1.0349107 ]\n [  0.7744365   11.11895115 -11.07238544  -4.55140726  -4.20760575\n    3.31741192]\n [ -1.00973842 -11.07238544  13.84560852   5.48726464   4.93489177\n   -3.68147891]\n [ -0.7094543   -4.55140726   5.48726464   5.22389398   1.32723122\n   -0.35100437]\n [ -1.30595742  -4.20760575   4.93489177   1.32723122   5.67673666\n   -4.29773793]\n [  1.0349107    3.31741192  -3.68147891  -0.35100437  -4.29773793\n    6.13017822]]", "nfev": "329", "njev": "47", "status": "0", "success": "True", "message": "Optimization terminated successfully.", "x": "[  5.65961565  -1.61265474 -10.63090191   1.01170699   7.14570428\n  -0.87266618]", "nit": "36", "callback": [0.9511313154390881, 0.9344867574438862, 0.7545538842631975, 0.7328222435054352, 0.5538563290660934, 0.5406077598891221, 0.533524432694896, 0.5218641643720117, 0.5084208865722049, 0.5026345921255779, 0.49556450164737564, 0.4914294037157211, 0.4835306493006122, 0.4686829601906135, 0.45585911150753655, 0.4463870324656454, 0.42881335890528427, 0.3408565628764967, 0.27057298597006807, 0.21258689155652488, 0.2014901295012912, 0.1989493848894056, 0.19466603569870888, 0.18803268265138406, 0.18156896743742745, 0.1769181235710674, 0.1702354659744203, 0.16780311413931592, 0.1671448569885965, 0.1665406998885377, 0.16648492011469784, 0.1664439001387067, 0.16644105269635512, 0.16644086099720046, 0.16644085868494862, 0.16644085853218926]}, "6": {"maxiter": 100, "gtol": 1e-10, "xrtol": 1e-10, "eps": 1e-05, "duration": 0.16153502464294434, "fun": "0.1664408585192948", "jac": "[-2.55351296e-10  3.99680289e-10  7.21644966e-10  4.44089210e-11\n -3.44169138e-10  7.77156117e-11]", "hess_inv": "[[  2.94446838   1.64318976  -1.88876165  -0.98837462  -1.31978105\n    1.00513547]\n [  1.64318976  14.04342406 -14.03219445  -5.39987074  -4.19364485\n    3.52406522]\n [ -1.88876165 -14.03219445  17.13931307   6.63778944   5.07648414\n   -3.66008762]\n [ -0.98837462  -5.39987074   6.63778944   5.69661056   1.30406901\n   -0.32448342]\n [ -1.31978105  -4.19364485   5.07648414   1.30406901   5.74338228\n   -4.13034973]\n [  1.00513547   3.52406522  -3.66008762  -0.32448342  -4.13034973\n    6.12429252]]", "nfev": "564", "njev": "79", "status": "2", "success": "False", "message": "Desired error not necessarily achieved due to precision loss.", "x": "[  5.65961406  -1.61265075 -10.63090474   1.01170801   7.14571079\n  -0.87267471]", "nit": "38", "callback": [0.9511556009738957, 0.9347275347314628, 0.7580668465009441, 0.7367274601207809, 0.5556623540933092, 0.5414845045829343, 0.5335493060588951, 0.5215304196804658, 0.5085965093451279, 0.5019429478848667, 0.4953826397518899, 0.49069383820246937, 0.4818660493767404, 0.46563703050496597, 0.4546821714102509, 0.442082754120416, 0.4193437683255298, 0.3172457354162368, 0.2801452428126716, 0.24438100749125724, 0.20788260023771998, 0.2006726484060456, 0.19309465907668744, 0.1862897930194647, 0.1798358919990315, 0.1765913696690502, 0.17274195717218044, 0.16912075931124737, 0.16671314771636547, 0.16645716961322377, 0.16644414356029458, 0.16644088157108716, 0.16644086241878875, 0.16644085854940294, 0.16644085852516644, 0.16644085851944712, 0.16644085851938795, 0.1664408585192948]}, "7": {"maxiter": 100, "gtol": 1e-10, "xrtol": 1e-10, "eps": 1e-10, "duration": 0.2512669563293457, "fun": "0.16644085850123858", "jac": "[ 0.00000000e+00  0.00000000e+00 -1.11022293e-06  0.00000000e+00\n -1.11022293e-06 -1.11022293e-06]", "hess_inv": "[[ 0.44621189 -0.10588719 -0.53719827 -0.71462878 -0.75674667  0.74954696]\n [-0.10588719  0.05261226  0.14585992  0.21784919  0.22046567 -0.19853209]\n [-0.53719827  0.14585992  0.69696379  0.9474621   1.01035281 -0.95890206]\n [-0.71462878  0.21784919  0.9474621   1.38220548  1.41183549 -1.32908924]\n [-0.75674667  0.22046567  1.01035281  1.41183549  1.49866751 -1.39590558]\n [ 0.74954696 -0.19853209 -0.95890206 -1.32908924 -1.39590558  1.3371772 ]]", "nfev": "842", "njev": "119", "status": "2", "success": "False", "message": "Desired error not necessarily achieved due to precision loss.", "x": "[  5.65961517  -1.61264301 -10.63090417   1.01171155   7.14571379\n  -0.87267201]", "nit": "50", "callback": [0.9511313154390881, 0.9344867574438862, 0.7545538842631975, 0.7328222435054352, 0.5538563290660934, 0.5406077598891221, 0.533524432694896, 0.5218641643720117, 0.5084208865722049, 0.5026345921255779, 0.49556450164737564, 0.4914294037157211, 0.4835306493006122, 0.4686829601906135, 0.45585911150753655, 0.4463870324656454, 0.42881335890528427, 0.3408565628764967, 0.27057298597006807, 0.21258689155652488, 0.2014901295012912, 0.1989493848894056, 0.19466603569870888, 0.18803268265138406, 0.18156896743742745, 0.1769181235710674, 0.1702354659744203, 0.16780311413931592, 0.1671448569885965, 0.1665406998885377, 0.16648492011469784, 0.1664439001387067, 0.16644105269635512, 0.16644086099720046, 0.16644085868494862, 0.16644085853218926, 0.16644085853165302, 0.1664408585307473, 0.16644085852202728, 0.16644085850675505, 0.16644085850611956, 0.16644085850552615, 0.16644085850512114, 0.1664408585035425, 0.16644085850352297, 0.16644085850347579, 0.16644085850322243, 0.16644085850201162, 0.16644085850124446, 0.16644085850123858]}, "8": {"maxiter": 500, "gtol": 1e-05, "xrtol": 1e-05, "eps": 1e-05, "duration": 0.09809994697570801, "fun": "0.16644085854940294", "jac": "[-2.87769808e-08  1.12897469e-06  4.59421390e-07 -1.45020662e-06\n  5.78503911e-07 -2.67796896e-07]", "hess_inv": "[[  2.84905258   1.08258622  -1.26112751  -0.75542534  -1.07051595\n    0.97787389]\n [  1.08258622  10.94778639 -10.23924502  -3.79617488  -3.1209736\n    3.53614798]\n [ -1.26112751 -10.23924502  13.18085486   4.8892674    3.88430255\n   -3.61699775]\n [ -0.75542534  -3.79617488   4.8892674    4.7274502    1.02379918\n   -0.38761362]\n [ -1.07051595  -3.1209736    3.88430255   1.02379918   5.17453058\n   -4.06407563]\n [  0.97787389   3.53614798  -3.61699775  -0.38761362  -4.06407563\n    6.11492713]]", "nfev": "322", "njev": "46", "status": "0", "success": "True", "message": "Optimization terminated successfully.", "x": "[  5.65961541  -1.61263665 -10.63091861   1.01169745   7.14571089\n  -0.87267602]", "nit": "34", "callback": [0.9511556009738957, 0.9347275347314628, 0.7580668465009441, 0.7367274601207809, 0.5556623540933092, 0.5414845045829343, 0.5335493060588951, 0.5215304196804658, 0.5085965093451279, 0.5019429478848667, 0.4953826397518899, 0.49069383820246937, 0.4818660493767404, 0.46563703050496597, 0.4546821714102509, 0.442082754120416, 0.4193437683255298, 0.3172457354162368, 0.2801452428126716, 0.24438100749125724, 0.20788260023771998, 0.2006726484060456, 0.19309465907668744, 0.1862897930194647, 0.1798358919990315, 0.1765913696690502, 0.17274195717218044, 0.16912075931124737, 0.16671314771636547, 0.16645716961322377, 0.16644414356029458, 0.16644088157108716, 0.16644086241878875, 0.16644085854940294]}, "9": {"maxiter": 500, "gtol": 1e-05, "xrtol": 1e-05, "eps": 1e-10, "duration": 0.09671592712402344, "fun": "0.16644085853218926", "jac": "[-1.11022293e-06 -2.22044587e-06  0.00000000e+00 -1.11022293e-06\n -1.11022293e-06  0.00000000e+00]", "hess_inv": "[[  2.69070348   0.7744365   -1.00973842  -0.7094543   -1.30595742\n    1.0349107 ]\n [  0.7744365   11.11895115 -11.072