{"date": "2024/09/24/, 02:36:11", "conf_id": 212, "data_type": "non_lin_ind\n", "num_data_points": 3, "s_rank": 0, "unitary": "[[0.18663085-0.53122324j,-0.11886349-0.70040876j,0.28555095-0.02789305j,-0.12262021-0.2844587j],[-0.16702216+0.27758472j,0.27526351-0.29738586j,-0.01109314+0.22495461j,-0.77239203+0.28900673j],[0.61935415+0.12301792j,-0.31269928-0.03315917j,-0.61902762-0.19039079j,-0.27120731-0.0968989j],[0.42341754+0.0023929j,-0.05847358+0.47832119j,0.64900495-0.16218422j,-0.37182676-0.05229966j]]", "databatch_0": {"databatch": "[[[0.19975602+0.15825081j,0.17750034-0.10649314j,-0.11203491+0.04638589j,0.09293593-0.16139408j],[-0.16408022+0.27923132j,-0.23155541+0.09331238j,0.03733321-0.14206434j,-0.16328807-0.05312251j],[0.08760899+0.42787912j,-0.1449384+0.18156541j,-0.087076-0.14290366j,-0.19340623+0.00555423j],[0.13067292+0.13601632j,-0.20676499-0.28089237j,0.01983179+0.05322431j,-0.21423495-0.32866312j]],[[-0.26861585+0.06200727j,-0.11391677-0.28948559j,0.00106803-0.07229207j,-0.36146426-0.0975961j],[0.02740843-0.10634402j,0.04291461+0.07473291j,0.09547037-0.02093544j,-0.00741052-0.0826812j],[-0.21054795+0.00410487j,0.35759984-0.00492642j,-0.02760532-0.20036278j,0.11682892+0.19206138j],[-0.15578929+0.41136104j,-0.06442781-0.27042232j,-0.15593721-0.07735626j,0.05815528+0.27881746j]],[[-0.55465117+0.02262498j,-0.1562404+0.1106427j,-0.08890308+0.12059239j,0.1199032+0.02319068j],[-0.17779299-0.20368907j,0.05809338+0.13607595j,-0.16359241-0.15504538j,-0.00411892+0.06780841j],[0.07357682-0.07965117j,-0.05420671-0.10046339j,-0.08479297+0.17030084j,-0.2340319+0.0592895j],[-0.0728067-0.04570473j,-0.34948153+0.27828981j,0.26833683+0.05640324j,-0.20003972+0.16120543j]]]", "initial param values": "[6.03378477,5.20780133,3.40828225,0.55672804,1.66884599,0.49900146]", "nelder_mead": {"type": "gradient-free", "0": {"maxiter": 100, "fatol": 1e-05, "xatol": 1e-05, "duration": 0.036734819412231445, "fun": "0.6521288308954469", "nit": "100", "nfev": "153", "status": "2", "success": "False", "message": "Maximum number of iterations has been exceeded.", "x": "[4.55246272 7.35999018 2.08560839 0.28219842 1.61789735 0.59108275]", "final_simplex": "(array([[4.55246272, 7.35999018, 2.08560839, 0.28219842, 1.61789735,\n        0.59108275],\n       [4.52209547, 7.37291967, 2.08706311, 0.31061317, 1.54841565,\n        0.58337379],\n       [4.606547  , 7.39327856, 2.05097918, 0.30822748, 1.51917864,\n        0.58147452],\n       [4.57259565, 7.38306562, 2.04642088, 0.3021764 , 1.60132386,\n        0.57957673],\n       [4.53999922, 7.37854635, 2.10033095, 0.30073182, 1.58872368,\n        0.58387404],\n       [4.55047691, 7.48255324, 2.13073505, 0.29714915, 1.53692209,\n        0.57981079],\n       [4.57636252, 7.3436011 , 2.08102325, 0.29455175, 1.63454256,\n        0.5800937 ]]), array([0.65212883, 0.65293747, 0.65309771, 0.65319336, 0.65322222,\n       0.65325355, 0.6535634 ]))", "callback": [0.8283636985376516, 0.7940683383850182, 0.7645069650860065, 0.7289987760976309, 0.6775187707793018, 0.6601970596404112, 0.6569594038667592, 0.6540645104996061, 0.6536867460707394]}, "1": {"maxiter": 100, "fatol": 1e-05, "xatol": 1e-10, "duration": 0.03488588333129883, "fun": "0.6521288308954469", "nit": "100", "nfev": "153", "status": "2", "success": "False", "message": "Maximum number of iterations has been exceeded.", "x": "[4.55246272 7.35999018 2.08560839 0.28219842 1.61789735 0.59108275]", "final_simplex": "(array([[4.55246272, 7.35999018, 2.08560839, 0.28219842, 1.61789735,\n        0.59108275],\n       [4.52209547, 7.37291967, 2.08706311, 0.31061317, 1.54841565,\n        0.58337379],\n       [4.606547  , 7.39327856, 2.05097918, 0.30822748, 1.51917864,\n        0.58147452],\n       [4.57259565, 7.38306562, 2.04642088, 0.3021764 , 1.60132386,\n        0.57957673],\n       [4.53999922, 7.37854635, 2.10033095, 0.30073182, 1.58872368,\n        0.58387404],\n       [4.55047691, 7.48255324, 2.13073505, 0.29714915, 1.53692209,\n        0.57981079],\n       [4.57636252, 7.3436011 , 2.08102325, 0.29455175, 1.63454256,\n        0.5800937 ]]), array([0.65212883, 0.65293747, 0.65309771, 0.65319336, 0.65322222,\n       0.65325355, 0.6535634 ]))", "callback": [0.8283636985376516, 0.7940683383850182, 0.7645069650860065, 0.7289987760976309, 0.6775187707793018, 0.6601970596404112, 0.6569594038667592, 0.6540645104996061, 0.6536867460707394]}, "2": {"maxiter": 100, "fatol": 1e-10, "xatol": 1e-05, "duration": 0.034445762634277344, "fun": "0.6521288308954469", "nit": "100", "nfev": "153", "status": "2", "success": "False", "message": "Maximum number of iterations has been exceeded.", "x": "[4.55246272 7.35999018 2.08560839 0.28219842 1.61789735 0.59108275]", "final_simplex": "(array([[4.55246272, 7.35999018, 2.08560839, 0.28219842, 1.61789735,\n        0.59108275],\n       [4.52209547, 7.37291967, 2.08706311, 0.31061317, 1.54841565,\n        0.58337379],\n       [4.606547  , 7.39327856, 2.05097918, 0.30822748, 1.51917864,\n        0.58147452],\n       [4.57259565, 7.38306562, 2.04642088, 0.3021764 , 1.60132386,\n        0.57957673],\n       [4.53999922, 7.37854635, 2.10033095, 0.30073182, 1.58872368,\n        0.58387404],\n       [4.55047691, 7.48255324, 2.13073505, 0.29714915, 1.53692209,\n        0.57981079],\n       [4.57636252, 7.3436011 , 2.08102325, 0.29455175, 1.63454256,\n        0.5800937 ]]), array([0.65212883, 0.65293747, 0.65309771, 0.65319336, 0.65322222,\n       0.65325355, 0.6535634 ]))", "callback": [0.8283636985376516, 0.7940683383850182, 0.7645069650860065, 0.7289987760976309, 0.6775187707793018, 0.6601970596404112, 0.6569594038667592, 0.6540645104996061, 0.6536867460707394]}, "3": {"maxiter": 100, "fatol": 1e-10, "xatol": 1e-10, "duration": 0.03474617004394531, "fun": "0.6521288308954469", "nit": "100", "nfev": "153", "status": "2", "success": "False", "message": "Maximum number of iterations has been exceeded.", "x": "[4.55246272 7.35999018 2.08560839 0.28219842 1.61789735 0.59108275]", "final_simplex": "(array([[4.55246272, 7.35999018, 2.08560839, 0.28219842, 1.61789735,\n        0.59108275],\n       [4.52209547, 7.37291967, 2.08706311, 0.31061317, 1.54841565,\n        0.58337379],\n       [4.606547  , 7.39327856, 2.05097918, 0.30822748, 1.51917864,\n        0.58147452],\n       [4.57259565, 7.38306562, 2.04642088, 0.3021764 , 1.60132386,\n        0.57957673],\n       [4.53999922, 7.37854635, 2.10033095, 0.30073182, 1.58872368,\n        0.58387404],\n       [4.55047691, 7.48255324, 2.13073505, 0.29714915, 1.53692209,\n        0.57981079],\n       [4.57636252, 7.3436011 , 2.08102325, 0.29455175, 1.63454256,\n        0.5800937 ]]), array([0.65212883, 0.65293747, 0.65309771, 0.65319336, 0.65322222,\n       0.65325355, 0.6535634 ]))", "callback": [0.8283636985376516, 0.7940683383850182, 0.7645069650860065, 0.7289987760976309, 0.6775187707793018, 0.6601970596404112, 0.6569594038667592, 0.6540645104996061, 0.6536867460707394]}, "4": {"maxiter": 500, "fatol": 1e-05, "xatol": 1e-05, "duration": 0.16697120666503906, "fun": "0.30321983310942213", "nit": "500", "nfev": "748", "status": "2", "success": "False", "message": "Maximum number of iterations has been exceeded.", "x": "[ 5.21819901 10.0380755   0.18758899 -3.33133038  0.85126423  2.85554681]", "final_simplex": "(array([[ 5.21819901, 10.0380755 ,  0.18758899, -3.33133038,  0.85126423,\n         2.85554681],\n       [ 5.21694091, 10.03977916,  0.18537827, -3.33372083,  0.85028473,\n         2.85703168],\n       [ 5.21828787, 10.0390085 ,  0.18584472, -3.32925031,  0.84444642,\n         2.85406392],\n       [ 5.21822727, 10.04031759,  0.18648256, -3.32919302,  0.84464166,\n         2.85408149],\n       [ 5.21743424, 10.04002772,  0.18518922, -3.32878673,  0.84468161,\n         2.85378336],\n       [ 5.21975308, 10.04064372,  0.1819752 , -3.33110539,  0.84816466,\n         2.85511021],\n       [ 5.21846202, 10.03522805,  0.18657382, -3.32754294,  0.84575462,\n         2.85208184]]), array([0.30321983, 0.30322597, 0.30323059, 0.30323128, 0.30323252,\n       0.3032328 , 0.30323623]))", "callback": [0.8283636985376516, 0.7940683383850182, 0.7645069650860065, 0.7289987760976309, 0.6775187707793018, 0.6601970596404112, 0.6569594038667592, 0.6540645104996061, 0.6536867460707394, 0.6521288308954469, 0.6473961673633648, 0.6117852474572769, 0.570158824306787, 0.49512672031243443, 0.4565715399695337, 0.4267075125594627, 0.4027764036699556, 0.39911725374050144, 0.387281654136688, 0.3814386740608712, 0.3754225772195957, 0.37338223694866834, 0.3680383451542819, 0.36556977082593123, 0.364677064150683, 0.3344347272519661, 0.31809424454707547, 0.3103375171080013, 0.3073771474220406, 0.30656197344403, 0.3059970307622293, 0.3054988333405483, 0.30377992629685713, 0.30357581624782626, 0.3033888993453425, 0.3032813861097078, 0.30326025247019406, 0.30325761754987246, 0.3032518342081705, 0.30325111280510697, 0.30325088033185377, 0.30325074389139495, 0.30325070902771645, 0.3032506519221627, 0.3032504840349096, 0.30324987645244417, 0.3032483328709782, 0.3032460455346171, 0.30323911658080804]}, "5": {"maxiter": 500, "fatol": 1e-05, "xatol": 1e-10, "duration": 0.16793227195739746, "fun": "0.30321983310942213", "nit": "500", "nfev": "748", "status": "2", "success": "False", "message": "Maximum number of iterations has been exceeded.", "x": "[ 5.21819901 10.0380755   0.18758899 -3.33133038  0.85126423  2.85554681]", "final_simplex": "(array([[ 5.21819901, 10.0380755 ,  0.18758899, -3.33133038,  0.85126423,\n         2.85554681],\n       [ 5.21694091, 10.03977916,  0.18537827, -3.33372083,  0.85028473,\n         2.85703168],\n       [ 5.21828787, 10.0390085 ,  0.18584472, -3.32925031,  0.84444642,\n         2.85406392],\n       [ 5.21822727, 10.04031759,  0.18648256, -3.32919302,  0.84464166,\n         2.85408149],\n       [ 5.21743424, 10.04002772,  0.18518922, -3.32878673,  0.84468161,\n         2.85378336],\n       [ 5.21975308, 10.04064372,  0.1819752 , -3.33110539,  0.84816466,\n         2.85511021],\n       [ 5.21846202, 10.03522805,  0.18657382, -3.32754294,  0.84575462,\n         2.85208184]]), array([0.30321983, 0.30322597, 0.30323059, 0.30323128, 0.30323252,\n       0.3032328 , 0.30323623]))", "callback": [0.8283636985376516, 0.7940683383850182, 0.7645069650860065, 0.7289987760976309, 0.6775187707793018, 0.6601970596404112, 0.6569594038667592, 0.6540645104996061, 0.6536867460707394, 0.6521288308954469, 0.6473961673633648, 0.6117852474572769, 0.570158824306787, 0.49512672031243443, 0.4565715399695337, 0.4267075125594627, 0.4027764036699556, 0.39911725374050144, 0.387281654136688, 0.3814386740608712, 0.3754225772195957, 0.37338223694866834, 0.3680383451542819, 0.36556977082593123, 0.364677064150683, 0.3344347272519661, 0.31809424454707547, 0.3103375171080013, 0.3073771474220406, 0.30656197344403, 0.3059970307622293, 0.3054988333405483, 0.30377992629685713, 0.30357581624782626, 0.3033888993453425, 0.3032813861097078, 0.30326025247019406, 0.30325761754987246, 0.3032518342081705, 0.30325111280510697, 0.30325088033185377, 0.30325074389139495, 0.30325070902771645, 0.3032506519221627, 0.3032504840349096, 0.30324987645244417, 0.3032483328709782, 0.3032460455346171, 0.30323911658080804]}, "6": {"maxiter": 500, "fatol": 1e-10, "xatol": 1e-05, "duration": 0.17110586166381836, "fun": "0.30321983310942213", "nit": "500", "nfev": "748", "status": "2", "success": "False", "message": "Maximum number of iterations has been exceeded.", "x": "[ 5.21819901 10.0380755   0.18758899 -3.33133038  0.85126423  2.85554681]", "final_simplex": "(array([[ 5.21819901, 10.0380755 ,  0.18758899, -3.33133038,  0.85126423,\n         2.85554681],\n       [ 5.21694091, 10.03977916,  0.18537827, -3.33372083,  0.85028473,\n         2.85703168],\n       [ 5.21828787, 10.0390085 ,  0.18584472, -3.32925031,  0.84444642,\n         2.85406392],\n       [ 5.21822727, 10.04031759,  0.18648256, -3.32919302,  0.84464166,\n         2.85408149],\n       [ 5.21743424, 10.04002772,  0.18518922, -3.32878673,  0.84468161,\n         2.85378336],\n       [ 5.21975308, 10.04064372,  0.1819752 , -3.33110539,  0.84816466,\n         2.85511021],\n       [ 5.21846202, 10.03522805,  0.18657382, -3.32754294,  0.84575462,\n         2.85208184]]), array([0.30321983, 0.30322597, 0.30323059, 0.30323128, 0.30323252,\n       0.3032328 , 0.30323623]))", "callback": [0.8283636985376516, 0.7940683383850182, 0.7645069650860065, 0.7289987760976309, 0.6775187707793018, 0.6601970596404112, 0.6569594038667592, 0.6540645104996061, 0.6536867460707394, 0.6521288308954469, 0.6473961673633648, 0.6117852474572769, 0.570158824306787, 0.49512672031243443, 0.4565715399695337, 0.4267075125594627, 0.4027764036699556, 0.39911725374050144, 0.387281654136688, 0.3814386740608712, 0.3754225772195957, 0.37338223694866834, 0.3680383451542819, 0.36556977082593123, 0.364677064150683, 0.3344347272519661, 0.31809424454707547, 0.3103375171080013, 0.3073771474220406, 0.30656197344403, 0.3059970307622293, 0.3054988333405483, 0.30377992629685713, 0.30357581624782626, 0.3033888993453425, 0.3032813861097078, 0.30326025247019406, 0.30325761754987246, 0.3032518342081705, 0.30325111280510697, 0.30325088033185377, 0.30325074389139495, 0.30325070902771645, 0.3032506519221627, 0.3032504840349096, 0.30324987645244417, 0.3032483328709782, 0.3032460455346171, 0.30323911658080804]}, "7": {"maxiter": 500, "fatol": 1e-10, "xatol": 1e-10, "duration": 0.18242812156677246, "fun": "0.30321983310942213", "nit": "500", "nfev": "748", "status": "2", "success": "False", "message": "Maximum number of iterations has been exceeded.", "x": "[ 5.21819901 10.0380755   0.18758899 -3.33133038  0.85126423  2.85554681]", "final_simplex": "(array([[ 5.21819901, 10.0380755 ,  0.18758899, -3.33133038,  0.85126423,\n         2.85554681],\n       [ 5.21694091, 10.03977916,  0.18537827, -3.33372083,  0.85028473,\n         2.85703168],\n       [ 5.21828787, 10.0390085 ,  0.18584472, -3.32925031,  0.84444642,\n         2.85406392],\n       [ 5.21822727, 10.04031759,  0.18648256, -3.32919302,  0.84464166,\n         2.85408149],\n       [ 5.21743424, 10.04002772,  0.18518922, -3.32878673,  0.84468161,\n         2.85378336],\n       [ 5.21975308, 10.04064372,  0.1819752 , -3.33110539,  0.84816466,\n         2.85511021],\n       [ 5.21846202, 10.03522805,  0.18657382, -3.32754294,  0.84575462,\n         2.85208184]]), array([0.30321983, 0.30322597, 0.30323059, 0.30323128, 0.30323252,\n       0.3032328 , 0.30323623]))", "callback": [0.8283636985376516, 0.7940683383850182, 0.7645069650860065, 0.7289987760976309, 0.6775187707793018, 0.6601970596404112, 0.6569594038667592, 0.6540645104996061, 0.6536867460707394, 0.6521288308954469, 0.6473961673633648, 0.6117852474572769, 0.570158824306787, 0.49512672031243443, 0.4565715399695337, 0.4267075125594627, 0.4027764036699556, 0.39911725374050144, 0.387281654136688, 0.3814386740608712, 0.3754225772195957, 0.37338223694866834, 0.3680383451542819, 0.36556977082593123, 0.364677064150683, 0.3344347272519661, 0.31809424454707547, 0.3103375171080013, 0.3073771474220406, 0.30656197344403, 0.3059970307622293, 0.3054988333405483, 0.30377992629685713, 0.30357581624782626, 0.3033888993453425, 0.3032813861097078, 0.30326025247019406, 0.30325761754987246, 0.3032518342081705, 0.30325111280510697, 0.30325088033185377, 0.30325074389139495, 0.30325070902771645, 0.3032506519221627, 0.3032504840349096, 0.30324987645244417, 0.3032483328709782, 0.3032460455346171, 0.30323911658080804]}, "8": {"maxiter": 1000, "fatol": 1e-05, "xatol": 1e-05, "duration": 0.28771090507507324, "fun": "0.28582589017403837", "nit": "826", "nfev": "1252", "status": "0", "success": "True", "message": "Optimization terminated successfully.", "x": "[ 5.40991983  9.66476448  0.37808745 -3.59954182  2.34481451  4.27072862]", "final_simplex": "(array([[ 5.40991983,  9.66476448,  0.37808745, -3.59954182,  2.34481451,\n         4.27072862],\n       [ 5.40991761,  9.66476104,  0.37809304, -3.59953575,  2.34482145,\n         4.27073075],\n       [ 5.40991381,  9.6647611 ,  0.37808792, -3.59953636,  2.34481401,\n         4.27072613],\n       [ 5.40992015,  9.66476277,  0.37808776, -3.59953774,  2.34481301,\n         4.27072096],\n       [ 5.40991904,  9.66476333,  0.37809267, -3.59953652,  2.34481425,\n         4.27072674],\n       [ 5.40991532,  9.66476592,  0.37808574, -3.59953186,  2.34481332,\n         4.2707244 ],\n       [ 5.4099149 ,  9.66477075,  0.37808665, -3.59953529,  2.34480744,\n         4.27071912]]), array([0.28582589, 0.28582589, 0.28582589, 0.28582589, 0.28582589,\n       0.28582589, 0.28582589]))", "callback": [0.8283636985376516, 0.7940683383850182, 0.7645069650860065, 0.7289987760976309, 0.6775187707793018, 0.6601970596404112, 0.6569594038667592, 0.6540645104996061, 0.6536867460707394, 0.6521288308954469, 0.6473961673633648, 0.6117852474572769, 0.570158824306787, 0.49512672031243443, 0.4565715399695337, 0.4267075125594627, 0.4027764036699556, 0.39911725374050144, 0.387281654136688, 0.3814386740608712, 0.3754225772195957, 0.37338223694866834, 0.3680383451542819, 0.36556977082593123, 0.364677064150683, 0.3344347272519661, 0.31809424454707547, 0.3103375171080013, 0.3073771474220406, 0.30656197344403, 0.3059970307622293, 0.3054988333405483, 0.30377992629685713, 0.30357581624782626, 0.3033888993453425, 0.3032813861097078, 0.30326025247019406, 0.30325761754987246, 0.3032518342081705, 0.30325111280510697, 0.30325088033185377, 0.30325074389139495, 0.30325070902771645, 0.3032506519221627, 0.3032504840349096, 0.30324987645244417, 0.3032483328709782, 0.3032460455346171, 0.30323911658080804, 0.30321983310942213, 0.30320244757656134, 0.3031865991514874, 0.30312640481504793, 0.30301302764896054, 0.30255923285672004, 0.30096121459710135, 0.2975050616793019, 0.29543099132553563, 0.29355940303316697, 0.2899528364926117, 0.2868323706772321, 0.2863665704848951, 0.2858874491941167, 0.2858407817098638, 0.28583048025989743, 0.2858270048132153, 0.28582661290642664, 0.28582623807604657, 0.2858260170895789, 0.28582594939203354, 0.28582592247209526, 0.2858259030299123, 0.285825895325293, 0.285825895325293, 0.28582589242596856, 0.2858258909698633, 0.2858258903886215, 0.2858258903886215, 0.28582589027609984, 0.28582589020991767, 0.285825890193086, 0.28582589017403837]}, "9": {"maxiter": 1000, "fatol": 1e-05, "xatol": 1e-10, "duration": 0.37829136848449707, "fun": "0.2858258901693592", "nit": "929", "nfev": "1479", "status": "0", "success": "True", "message": "Optimization terminated successfully.", "x": "[ 5.40992001  9.66475948  0.37808936 -3.59954055  2.34482392  4.27073544]", "final_simplex": "(array([[ 5.40992001,  9.66475948,  0.37808936, -3.59954055,  2.34482392,\n         4.27073544],\n       [ 5.40992001,  9.66475948,  0.37808936, -3.59954055,  2.34482392,\n         4.27073544],\n       [ 5.40992001,  9.66475948,  0.37808936, -3.59954055,  2.34482392,\n         4.27073544],\n       [ 5.40992001,  9.66475948,  0.37808936, -3.59954055,  2.34482392,\n         4.27073544],\n       [ 5.40992001,  9.66475948,  0.37808936, -3.59954055,  2.34482392,\n         4.27073544],\n       [ 5.40992001,  9.66475948,  0.37808936, -3.59954055,  2.34482392,\n         4.27073544],\n       [ 5.40992001,  9.66475948,  0.37808936, -3.59954055,  2.34482392,\n         4.27073544]]), array([0.28582589, 0.28582589, 0.28582589, 0.28582589, 0.28582589,\n       0.28582589, 0.28582589]))", "callback": [0.8283636985376516, 0.7940683383850182, 0.7645069650860065, 0.7289987760976309, 0.6775187707793018, 0.6601970596404112, 0.6569594038667592, 0.6540645104996061, 0.6536867460707394, 0.6521288308954469, 0.6473961673633648, 0.6117852474572769, 0.570158824306787, 0.49512672031243443, 0.4565715399695337, 0.4267075125594627, 0.4027764036699556, 0.39911725374050144, 0.387281654136688, 0.3814386740608712, 0.3754225772195957, 0.37338223694866834, 0.3680383451542819, 0.36556977082593123, 0.364677064150683, 0.3344347272519661, 0.31809424454707547, 0.3103375171080013, 0.3073771474220406, 0.30656197344403, 0.3059970307622293, 0.3054988333405483, 0.30377992629685713, 0.30357581624782626, 0.3033888993453425, 0.3032813861097078, 0.30326025247019406, 0.30325761754987246, 0.3032518342081705, 0.30325111280510697, 0.30325088033185377, 0.30325074389139495, 0.30325070902771645, 0.3032506519221627, 0.3032504840349096, 0.30324987645244417, 0.3032483328709782, 0.3032460455346171, 0.30323911658080804, 0.30321983310942213, 0.30320244757656134, 0.3031865991514874, 0.30312640481504793, 0.30301302764896054, 0.30255923285672004, 0.30096121459710135, 0.2975050616793019, 0.29543099132553563, 0.29355940303316697, 0.2899528364926117, 0.2868323706772321, 0.2863665704848951, 0.2858874491941167, 0.2858407817098638, 0.28583048025989743, 0.2858270048132153, 0.28582661290642664, 0.28582623807604657, 0.2858260170895789, 0.28582594939203354, 0.28582592247209526, 0.2858259030299123, 0.285825895325293, 0.285825895325293, 0.28582589242596856, 0.2858258909698633, 0.2858258903886215, 0.2858258903886215, 0.28582589027609984, 0.28582589020991767, 0.285825890193086, 0.28582589017403837, 0.2858258901727234, 0.28582589017014426, 0.2858258901696148, 0.2858258901693954, 0.2858258901693681, 0.2858258901693619, 0.2858258901693601, 0.28582589016935955, 0.28582589016935944, 0.2858258901693592]}, "10": {"maxiter": 1000, "fatol": 1e-10, "xatol": 1e-05, "duration": 0.3001992702484131, "fun": "0.28582589017403837", "nit": "826", "nfev": "1252", "status": "0", "success": "True", "message": "Optimization terminated successfully.", "x": "[ 5.40991983  9.66476448  0.37808745 -3.59954182  2.34481451  4.27072862]", "final_simplex": "(array([[ 5.40991983,  9.66476448,  0.37808745, -3.59954182,  2.34481451,\n         4.27072862],\n       [ 5.40991761,  9.66476104,  0.37809304, -3.59953575,  2.34482145,\n         4.27073075],\n       [ 5.40991381,  9.6647611 ,  0.37808792, -3.59953636,  2.34481401,\n         4.27072613],\n       [ 5.40992015,  9.66476277,  0.37808776, -3.59953774,  2.34481301,\n         4.27072096],\n       [ 5.40991904,  9.66476333,  0.37809267, -3.59953652,  2.34481425,\n         4.27072674],\n       [ 5.40991532,  9.66476592,  0.37808574, -3.59953186,  2.34481332,\n         4.2707244 ],\n       [ 5.4099149 ,  9.66477075,  0.37808665, -3.59953529,  2.34480744,\n         4.27071912]]), array([0.28582589, 0.28582589, 0.28582589, 0.28582589, 0.28582589,\n       0.28582589, 0.28582589]))", "callback": [0.8283636985376516, 0.7940683383850182, 0.7645069650860065, 0.7289987760976309, 0.6775187707793018, 0.6601970596404112, 0.6569594038667592, 0.6540645104996061, 0.6536867460707394, 0.6521288308954469, 0.6473961673633648, 0.6117852474572769, 0.570158824306787, 0.49512672031243443, 0.4565715399695337, 0.4267075125594627, 0.4027764036699556, 0.39911725374050144, 0.387281654136688, 0.3814386740608712, 0.3754225772195957, 0.37338223694866834, 0.3680383451542819, 0.36556977082593123, 0.364677064150683, 0.3344347272519661, 0.31809424454707547, 0.3103375171080013, 0.3073771474220406, 0.30656197344403, 0.3059970307622293, 0.3054988333405483, 0.30377992629685713, 0.30357581624782626, 0.3033888993453425, 0.3032813861097078, 0.30326025247019406, 0.30325761754987246, 0.3032518342081705, 0.30325111280510697, 0.30325088033185377, 0.30325074389139495, 0.30325070902771645, 0.3032506519221627, 0.3032504840349096, 0.30324987645244417, 0.3032483328709782, 0.3032460455346171, 0.30323911658080804, 0.30321983310942213, 0.30320244757656134, 0.3031865991514874, 0.30312640481504793, 0.30301302764896054, 0.30255923285672004, 0.30096121459710135, 0.2975050616793019, 0.29543099132553563, 0.29355940303316697, 0.2899528364926117, 0.2868323706772321, 0.2863665704848951, 0.2858874491941167, 0.2858407817098638, 0.28583048025989743, 0.2858270048132153, 0.28582661290642664, 0.28582623807604657, 0.2858260170895789, 0.28582594939203354, 0.28582592247209526, 0.2858259030299123, 0.285825895325293, 0.285825895325293, 0.28582589242596856, 0.2858258909698633, 0.2858258903886215, 0.2858258903886215, 0.28582589027609984, 0.28582589020991767, 0.285825890193086, 0.28582589017403837]}, "11": {"maxiter": 1000, "fatol": 1e-10, "xatol": 1e-10, "duration": 0.3446657657623291, "fun": "0.2858258901693592", "nit": "929", "nfev": "1479", "status": "0", "success": "True", "message": "Optimization terminated successfully.", "x": "[ 5.40992001  9.66475948  0.37808936 -3.59954055  2.34482392  4.27073544]", "final_simplex": "(array([[ 5.40992001,  9.66475948,  0.37808936, -3.59954055,  2.34482392,\n         4.27073544],\n       [ 5.40992001,  9.66475948,  0.37808936, -3.59954055,  2.34482392,\n         4.27073544],\n       [ 5.40992001,  9.66475948,  0.37808936, -3.59954055,  2.34482392,\n         4.27073544],\n       [ 5.40992001,  9.66475948,  0.37808936, -3.59954055,  2.34482392,\n         4.27073544],\n       [ 5.40992001,  9.66475948,  0.37808936, -3.59954055,  2.34482392,\n         4.27073544],\n       [ 5.40992001,  9.66475948,  0.37808936, -3.59954055,  2.34482392,\n         4.27073544],\n       [ 5.40992001,  9.66475948,  0.37808936, -3.59954055,  2.34482392,\n         4.27073544]]), array([0.28582589, 0.28582589, 0.28582589, 0.28582589, 0.28582589,\n       0.28582589, 0.28582589]))", "callback": [0.8283636985376516, 0.7940683383850182, 0.7645069650860065, 0.7289987760976309, 0.6775187707793018, 0.6601970596404112, 0.6569594038667592, 0.6540645104996061, 0.6536867460707394, 0.6521288308954469, 0.6473961673633648, 0.6117852474572769, 0.570158824306787, 0.49512672031243443, 0.4565715399695337, 0.4267075125594627, 0.4027764036699556, 0.39911725374050144, 0.387281654136688, 0.3814386740608712, 0.3754225772195957, 0.37338223694866834, 0.3680383451542819, 0.36556977082593123, 0.364677064150683, 0.3344347272519661, 0.31809424454707547, 0.3103375171080013, 0.3073771474220406, 0.30656197344403, 0.3059970307622293, 0.3054988333405483, 0.30377992629685713, 0.30357581624782626, 0.3033888993453425, 0.3032813861097078, 0.30326025247019406, 0.30325761754987246, 0.3032518342081705, 0.30325111280510697, 0.30325088033185377, 0.30325074389139495, 0.30325070902771645, 0.3032506519221627, 0.3032504840349096, 0.30324987645244417, 0.3032483328709782, 0.3032460455346171, 0.30323911658080804, 0.30321983310942213, 0.30320244757656134, 0.3031865991514874, 0.30312640481504793, 0.30301302764896054, 0.30255923285672004, 0.30096121459710135, 0.2975050616793019, 0.29543099132553563, 0.29355940303316697, 0.2899528364926117, 0.2868323706772321, 0.2863665704848951, 0.2858874491941167, 0.2858407817098638, 0.28583048025989743, 0.2858270048132153, 0.28582661290642664, 0.28582623807604657, 0.2858260170895789, 0.28582594939203354, 0.28582592247209526, 0.2858259030299123, 0.285825895325293, 0.285825895325293, 0.28582589242596856, 0.2858258909698633, 0.2858258903886215, 0.2858258903886215, 0.28582589027609984, 0.28582589020991767, 0.285825890193086, 0.28582589017403837, 0.2858258901727234, 0.28582589017014426, 0.2858258901696148, 0.2858258901693954, 0.2858258901693681, 0.2858258901693619, 0.2858258901693601, 0.28582589016935955, 0.28582589016935944, 0.2858258901693592]}}, "bfgs": {"type": "gradient", "0": {"maxiter": 100, "gtol": 1e-05, "xrtol": 1e-05, "eps": 1e-05, "duration": 0.062304019927978516, "fun": "0.285825893503605", "jac": "[ 1.73787651e-06  1.44607659e-06 -3.26516592e-07 -1.83730808e-07\n -7.85267407e-06 -5.39277512e-06]", "hess_inv": "[[ 4.46403097  2.52100962 -1.03068545  2.69937919 -2.21063655 -1.0632755 ]\n [ 2.52100962 11.15085187 -6.13217401  5.31485966 -8.21292927 -6.31734572]\n [-1.03068545 -6.13217401  7.40540746 -2.70170885  6.50726984  5.10505191]\n [ 2.69937919  5.31485966 -2.70170885  6.06423075 -4.16942157 -2.74603114]\n [-2.21063655 -8.21292927  6.50726984 -4.16942157 20.9225913  17.45942129]\n [-1.0632755  -6.31734572  5.10505191 -2.74603114 17.45942129 17.85747776]]", "nfev": "266", "njev": "38", "status": "0", "success": "True", "message": "Optimization terminated successfully.", "x": "[ 7.15648803  6.52332928  3.51954799  2.68371732  2.34441255 -2.01282166]", "nit": "29", "callback": [0.4673112298570079, 0.28595894971073277]}, "1": {"maxiter": 100, "gtol": 1e-05, "xrtol": 1e-05, "eps": 1e-10, "duration": 0.06214404106140137, "fun": "0.2858258927529328", "jac": "[ 1.11022293e-06  2.22044587e-06 -2.22044587e-06  1.11022293e-06\n -6.66133760e-06 -7.77156053e-06]", "hess_inv": "[[ 4.46338048  2.51176733 -1.03145168  2.70117883 -2.2108512  -1.06588822]\n [ 2.51176733 11.12271024 -6.09726333  5.28332108 -8.12969956 -6.24049839]\n [-1.03145168 -6.09726333  7.36299433 -2.67765563  6.41247177  5.00868732]\n [ 2.70117883  5.28332108 -2.67765563  6.06514285 -4.08451071 -2.65658997]\n [-2.2108512  -8.12969956  6.41247177 -4.08451071 20.87125834 17.37266741]\n [-1.06588822 -6.24049839  5.00868732 -2.65658997 17.37266741 17.72725155]]", "nfev": "266", "njev": "38", "status": "0", "success": "True", "message": "Optimization terminated successfully.", "x": "[ 7.15648652  6.52332073  3.51955495  2.683717    2.34446445 -2.01277778]", "nit": "29", "callback": [0.46702794893393906, 0.28595891531321804]}, "2": {"maxiter": 100, "gtol": 1e-05, "xrtol": 1e-10, "eps": 1e-05, "duration": 0.0621187686920166, "fun": "0.285825893503605", "jac": "[ 1.73787651e-06  1.44607659e-06 -3.26516592e-07 -1.83730808e-07\n -7.85267407e-06 -5.39277512e-06]", "hess_inv": "[[ 4.46403097  2.52100962 -1.03068545  2.69937919 -2.21063655 -1.0632755 ]\n [ 2.52100962 11.15085187 -6.13217401  5.31485966 -8.21292927 -6.31734572]\n [-1.03068545 -6.13217401  7.40540746 -2.70170885  6.50726984  5.10505191]\n [ 2.69937919  5.31485966 -2.70170885  6.06423075 -4.16942157 -2.74603114]\n [-2.21063655 -8.21292927  6.50726984 -4.16942157 20.9225913  17.45942129]\n [-1.0632755  -6.31734572  5.10505191 -2.74603114 17.45942129 17.85747776]]", "nfev": "266", "njev": "38", "status": "0", "success": "True", "message": "Optimization terminated successfully.", "x": "[ 7.15648803  6.52332928  3.51954799  2.68371732  2.34441255 -2.01282166]", "nit": "29", "callback": [0.4673112298570079, 0.28595894971073277]}, "3": {"maxiter": 100, "gtol": 1e-05, "xrtol": 1e-10, "eps": 1e-10, "duration": 0.06293392181396484, "fun": "0.2858258927529328", "jac": "[ 1.11022293e-06  2.22044587e-06 -2.22044587e-06  1.11022293e-06\n -6.66133760e-06 -7.77156053e-06]", "hess_inv": "[[ 4.46338048  2.51176733 -1.03145168  2.70117883 -2.2108512  -1.06588822]\n [ 2.51176733 11.12271024 -6.09726333  5.28332108 -8.12969956 -6.24049839]\n [-1.03145168 -6.09726333  7.36299433 -2.67765563  6.41247177  5.00868732]\n [ 2.70117883  5.28332108 -2.67765563  6.06514285 -4.08451071 -2.65658997]\n [-2.2108512  -8.12969956  6.41247177 -4.08451071 20.87125834 17.37266741]\n [-1.06588822 -6.24049839  5.00868732 -2.65658997 17.37266741 17.72725155]]", "nfev": "266", "njev": "38", "status": "0", "success": "True", "message": "Optimization terminated successfully.", "x": "[ 7.15648652  6.52332073  3.51955495  2.683717    2.34446445 -2.01277778]", "nit": "29", "callback": [0.46702794893393906, 0.28595891531321804]}, "4": {"maxiter": 100, "gtol": 1e-10, "xrtol": 1e-05, "eps": 1e-05, "duration": 0.07271695137023926, "fun": "0.28582589028923444", "jac": "[ 3.77697873e-08  2.77333712e-08  4.42978987e-08 -7.62723218e-08\n -6.35047570e-08  5.34572386e-08]", "hess_inv": "[[  4.54225727   2.81589615  -1.26538683   2.85510921  -2.85481756\n   -1.64948005]\n [  2.81589615  12.12614342  -6.8559963    5.75877787 -10.51980795\n   -8.3479748 ]\n [ -1.26538683  -6.8559963    7.91958766  -3.00005579   8.29668188\n    6.65238128]\n [  2.85510921   5.75877787  -3.00005579   6.22389049  -5.32422322\n   -3.72488458]\n [ -2.85481756 -10.51980795   8.29668188  -5.32422322  26.11901625\n   22.12705617]\n [ -1.64948005  -8.3479748    6.65238128  -3.72488458  22.12705617\n   22.01484925]]", "nfev": "280", "njev": "40", "status": "0", "success": "True", "message": "Optimization terminated successfully.", "x": "[ 7.15644486  6.52317804  3.51966316  2.68364229  2.34475889 -2.01251276]", "nit": "31", "callback": [0.4673112298570079, 0.28595894971073277, 0.28582589033569306]}, "5": {"maxiter": 100, "gtol": 1e-10, "xrtol": 1e-05, "eps": 1e-10, "duration": 0.06994414329528809, "fun": "0.2858258901977466", "jac": "[-1.11022293e-06 -3.33066880e-06  0.00000000e+00 -1.11022293e-06\n  0.00000000e+00  0.00000000e+00]", "hess_inv": "[[ 4.4420888   2.539776   -1.09849884  2.71044877 -2.22940442 -1.10077642]\n [ 2.539776   11.51989763 -6.52362215  5.38012132 -8.97863561 -7.00463372]\n [-1.09849884 -6.52362215  7.76188671 -2.77752737  7.38962865  5.85924263]\n [ 2.71044877  5.38012132 -2.77752737  6.00934285 -4.40280236 -2.89820384]\n [-2.22940442 -8.97863561  7.38962865 -4.40280236 22.46757191 18.8999531 ]\n [-1.10077642 -7.00463372  5.85924263 -2.89820384 18.8999531  19.14581749]]", "nfev": "280", "njev": "40", "status": "0", "success": "True", "message": "Optimization terminated successfully.", "x": "[ 7.15644709  6.52315763  3.51968573  2.68363735  2.34480471 -2.01247009]", "nit": "31", "callback": [0.46702794893393906, 0.28595891531321804, 0.28582589024284777]}, "6": {"maxiter": 100, "gtol": 1e-10, "xrtol": 1e-10, "eps": 1e-05, "duration": 0.11261582374572754, "fun": "0.28582589028901506", "jac": "[ 5.21804822e-10  4.66293670e-10  4.44089210e-11 -1.37667655e-09\n -1.33226763e-10  5.66213743e-10]", "hess_inv": "[[  4.54585651   2.79586471  -1.24019324   2.82250753  -2.83315434\n   -1.61458579]\n [  2.79586471  12.07707935  -6.82632056   5.75853528 -10.36537171\n   -8.22257988]\n [ -1.24019324  -6.82632056   7.91600223  -3.03714088   8.15722602\n    6.55849797]\n [  2.82250753   5.75853528  -3.03714088   6.30536614  -5.20987908\n   -3.67884092]\n [ -2.83315434 -10.36537171   8.15722602  -5.20987908  25.77830441\n   21.78967637]\n [ -1.61458579  -8.22257988   6.55849797  -3.67884092  21.78967637\n   21.71691085]]", "nfev": "474", "njev": "66", "status": "2", "success": "False", "message": "Desired error not necessarily achieved due to precision loss.", "x": "[ 7.15644479  6.52317812  3.51966298  2.6836425   2.34475901 -2.01251281]", "nit": "32", "callback": [0.4673112298570079, 0.28595894971073277, 0.28582589033569306]}, "7": {"maxiter": 100, "gtol": 1e-10, "xrtol": 1e-10, "eps": 1e-10, "duration": 0.0844259262084961, "fun": "0.2858258901977466", "jac": "[ 0.00000000e+00  0.00000000e+00  0.00000000e+00 -1.11022293e-06\n  0.00000000e+00 -1.11022293e-06]", "hess_inv": "[[  20.55894134   53.1627449   -34.44452767   37.31677721  -82.79271942\n   -75.1764246 ]\n [  53.1627449   170.3365292  -110.91849628  113.7461012  -260.07604269\n  -237.59787069]\n [ -34.44452767 -110.91849628   76.12909457  -73.77503269  170.53233573\n   155.34926191]\n [  37.31677721  113.7461012   -73.77503269   79.73487404 -173.97392802\n  -158.31765008]\n [ -82.79271942 -260.07604269  170.53233573 -173.97392802  405.12306445\n   367.8262152 ]\n [ -75.1764246  -237.59787069  155.34926191 -158.31765008  367.8262152\n   336.87021463]]", "nfev": "364", "njev": "52", "status": "0", "success": "True", "message": "Optimization terminated successfully.", "x": "[ 7.15644709  6.52315763  3.51968573  2.68363735  2.34480471 -2.01247009]", "nit": "32", "callback": [0.46702794893393906, 0.28595891531321804, 0.28582589024284777]}, "8": {"maxiter": 500, "gtol": 1e-05, "xrtol": 1e-05, "eps": 1e-05, "duration": 0.06287407875061035, "fun": "0.285825893503605", "jac": "[ 1.73787651e-06  1.44607659e-06 -3.26516592e-07 -1.83730808e-07\n -7.85267407e-06 -5.39277512e-06]", "hess_inv": "[[ 4.46403097  2.52100962 -1.03068545  2.69937919 -2.21063655 -1.0632755 ]\n [ 2.52100962 11.15085187 -6.13217401  5.31485966 -8.21292927 -6.31734572]\n [-1.03068545 -6.13217401  7.40540746 -2.70170885  6.50726984  5.10505191]\n [ 2.69937919  5.31485966 -2.70170885  6.06423075 -4.16942157 -2.74603114]\n [-2.21063655 -8.21292927  6.50726984 -4.16942157 20.9225913  17.45942129]\n [-1.0632755  -6.31734572  5.10505191 -2.74603114 17.45942129 17.85747776]]", "nfev": "266", "njev": "38", "status": "0", "success": "True", "message": "Optimization terminated successfully.", "x": "[ 7.15648803  6.52332928  3.51954799  2.68371732  2.34441255 -2.01282166]", "nit": "29", "callback": [0.4673112298570079, 0.28595894971073277]}, "9": {"maxiter": 500, "gtol": 1e-05, "xrtol": 1e-05, "eps": 1e-10, "duration": 0.06310081481933594, "fun": "0.2858258927529328", "jac": "[ 1.11022293e-06  2.22044587e-06 -2.22044587e-06  1.11022293e-06\n -6.66133760e-06 -7.77156053e-06]", "hess_inv": "[[ 4.46338048  2.51176733 -1.03145168  2.70117883 -2.2108512  -1.06588822]\n [ 2.51176733 11.12271024 -6.09726333  5.28332108 -8.12969956 -6.24049839]\n [-1.03145168 -6.09726333  7.36299433 -2.67765563  6.41247177  5.00868732]\n [ 2.70117883  5.28332108 -2.67765563  6.06514285 -4.08451071 -2.65658997]\n [-2.2108512  -8.12969956  6.41247177 -4.08451071 20.87125834 17.37266741]\n [-1.06588822 -6.24049839  5.00868732 -2.65658997 17.37266741 17.72725155]]", "nfev": "266", "njev": "38", "status": "0", "success": "True", "message": "Optimization terminated successfully.", "x": "[ 7.15648652  6.52332073  3.51955495  2.683717    2.34446445 -2.01277778]", "nit": "29", "callback": [0.46702794893393906, 0.28595891531321804]}, "10": {"maxiter": 500, "gtol": 1e-05, "xrtol": 1e-10, "eps": 1e-05, "duration": 0.06319379806518555, "fun": "0.285825893503605", "jac": "[ 1.73787651e-06  1.44607659e-06 -3.26516592e-07 -1.83730808e-07\n -7.85267407e-06 -5.39277512e-06]", "hess_inv": "[[ 4.46403097  2.52100962 -1.03068545  2.69937919 -2.21063655 -1.0632755 ]\n [ 2.52100962 11.15085187 -6.13217401  5.31485966 -8.21292927 -6.31734572]\n [-1.03068545 -6.13217401  7.40540746 -2.70170885  6.50726984  5.10505191]\n [ 2.69937919  5.31485966 -2.70170885  6.06423075 -4.16942157 -2.74603114]\n [-2.21063655 -8.21292927  6.50726984 -4.16942157 20.9225913  17.45942129]\n [-1.0632755  -6.31734572  5.10505191 -2.74603114 17.45942129 17.85747776]]", "nfev": "266", "njev": "38", "status": "0", "success": "True", "message": "Optimization terminated successfully.", "x": "[ 7.15648803  6.52332928  3.51954799  2.68371732  2.34441255 -2.01282166]", "nit": "29", "callback": [0.4673112298570079, 0.28595894971073277]}, "11": {"maxiter": 500, "gtol": 1e-05, "xrtol": 1e-10, "eps": 1e-10, "duration": 0.0624392032623291, "fun": "0.2858258927529328", "jac": "[ 1.11022293e-06  2.22044587e-06 -2.22044587e-06  1.11022293e-06\n -6.66133760e-06 -7.77156053e-06]", "hess_inv": "[[ 4.46338048  2.51176733 -1.03145168  2.70117883 -2.2108512  -1.06588822]\n [ 2.51176733 11.12271024 -6.09726333  5.28332108 -8.12969956 -6.24049839]\n [-1.03145168 -6.09726333  7.36299433 -2.67765563  6.41247177  5.00868732]\n [ 2.70117883  5.28332108 -2.67765563  6.06514285 -4.08451071 -2.65658997]\n [-2.2108512  -8.12969956  6.41247177 -4.08451071 20.87125834 17.37266741]\n [-1.06588822 -6.24049839  5.00868732 -2.65658997 17.37266741 17.72725155]]", "nfev": "266", "njev": "38", "status": "0", "success": "True", "message": "Optimization terminated successfully.", "x": "[ 7.15648652  6.52332073  3.51955495  2.683717    2.34446445 -2.01277778]", "nit": "29", "callback": [0.46702794893393906, 0.28595891531321804]}, "12": {"maxiter": 500, "gtol": 1e-10, "xrtol": 1e-05, "eps": 1e-05, "duration": 0.06591391563415527, "fun": "0.28582589028923444", "jac": "[ 3.77697873e-08  2.77333712e-08  4.42978987e-08 -7.62723218e-08\n -6.35047570e-08  5.34572386e-08]", "hess_inv": "[[  4.54225727   2.81589615  -1.26538683   2.85510921  -2.85481756\n   -1.64948005]\n [  2.81589615  12.12614342  -6.8559963    5.75877787 -10.51980795\n   -8.3479748 ]\n [ -1.26538683  -6.8559963    7.91958766  -3.00005579   8.29668188\n    6.65238128]\n [  2.85510921   5.75877787  -3.00005579   6.22389049  -5.32422322\n   -3.72488458]\n [ -2.85481756 -10.51980795   8.29668188  -5.32422322  26.11901625\n   22.12705617]\n [ -1.64948005  -8.3479748    6.65238128  -3.72488458  22.12705617\n   22.01484925]]", "nfev": "280", "njev": "40", "status": "0", "success": "True", "message": "Optimization terminated successfully.", "x": "[ 7.156444