{"date": "2024/10/08/, 17:31:55", "conf_id": 16, "data_type": "random\n", "num_data_points": 1, "s_rank": 0, "unitary": "[[-0.56303964-0.00798273j,-0.21670212-0.15784972j,-0.06047197-0.73952673j,-0.01438004+0.24552571j],[-0.06976756+0.23474685j,-0.01275565-0.5435098j,-0.02703657-0.08917885j,-0.08210486-0.79311774j],[-0.38559961+0.10714929j,0.5933431-0.2687392j,-0.24060861+0.29149289j,-0.45147719+0.26241743j],[-0.50180421+0.45931857j,-0.11617175+0.44134496j,0.49642745+0.22684508j,-0.08544628-0.15407063j]]", "databatch_0": {"databatch": "[[[-0.0614879+0.00321898j,0.04280336+0.10074511j,-0.29405908-0.0369363j,-0.17410045-0.18110969j],[0.16784124+0.22723763j,-0.33304912+0.28476402j,0.05144488-0.09289161j,-0.01366117+0.15559987j],[-0.06549786-0.07868375j,-0.03657885-0.23616318j,-0.25114759-0.18958824j,0.14527834+0.32905069j],[0.0899245-0.06833849j,-0.15307423-0.05119806j,-0.20134536-0.21892521j,-0.24932107-0.20089137j]]]", "initial param values": "[2.56601929,0.73987822,0.08935885,5.23643255,1.25687369,1.94047882]", "nelder_mead": {"type": "gradient-free", "0": {"maxiter": 100, "fatol": 1e-05, "xatol": 1e-05, "duration": 0.0342099666595459, "fun": "0.3777862465473578", "nit": "100", "nfev": "150", "status": "2", "success": "False", "message": "Maximum number of iterations has been exceeded.", "x": "[ 2.7725752  -0.39632207  0.08805267  8.71624568  3.16015802  2.11507015]", "final_simplex": "(array([[ 2.7725752 , -0.39632207,  0.08805267,  8.71624568,  3.16015802,\n         2.11507015],\n       [ 2.24724602, -0.52154354,  0.11872577,  9.03435327,  3.07691094,\n         2.14843587],\n       [ 2.38345975, -0.60304701,  0.10239447,  9.15829188,  3.4080963 ,\n         2.32373345],\n       [ 2.51799459, -0.50894395,  0.09131055,  8.75535347,  3.50458843,\n         2.31180737],\n       [ 2.60855977, -0.59153832,  0.11568854,  9.11066205,  3.14498159,\n         1.97369444],\n       [ 2.23868898, -0.6335424 ,  0.13151042,  9.24484681,  3.19175696,\n         2.04933543],\n       [ 2.35627442, -0.56476845,  0.11467358,  9.04890195,  3.38963515,\n         2.03443663]]), array([0.37778625, 0.38053415, 0.38204315, 0.3847785 , 0.38590828,\n       0.38862133, 0.39110414]))", "callback": [0.9354540658586118, 0.9006395551825185, 0.8284789513873069, 0.7608261276793049, 0.7054754177118612, 0.597436584864726, 0.5500503698216349, 0.5209305786533949, 0.44241803262252377, 0.3805341488269105]}, "1": {"maxiter": 100, "fatol": 1e-05, "xatol": 1e-10, "duration": 0.03755807876586914, "fun": "0.3777862465473578", "nit": "100", "nfev": "150", "status": "2", "success": "False", "message": "Maximum number of iterations has been exceeded.", "x": "[ 2.7725752  -0.39632207  0.08805267  8.71624568  3.16015802  2.11507015]", "final_simplex": "(array([[ 2.7725752 , -0.39632207,  0.08805267,  8.71624568,  3.16015802,\n         2.11507015],\n       [ 2.24724602, -0.52154354,  0.11872577,  9.03435327,  3.07691094,\n         2.14843587],\n       [ 2.38345975, -0.60304701,  0.10239447,  9.15829188,  3.4080963 ,\n         2.32373345],\n       [ 2.51799459, -0.50894395,  0.09131055,  8.75535347,  3.50458843,\n         2.31180737],\n       [ 2.60855977, -0.59153832,  0.11568854,  9.11066205,  3.14498159,\n         1.97369444],\n       [ 2.23868898, -0.6335424 ,  0.13151042,  9.24484681,  3.19175696,\n         2.04933543],\n       [ 2.35627442, -0.56476845,  0.11467358,  9.04890195,  3.38963515,\n         2.03443663]]), array([0.37778625, 0.38053415, 0.38204315, 0.3847785 , 0.38590828,\n       0.38862133, 0.39110414]))", "callback": [0.9354540658586118, 0.9006395551825185, 0.8284789513873069, 0.7608261276793049, 0.7054754177118612, 0.597436584864726, 0.5500503698216349, 0.5209305786533949, 0.44241803262252377, 0.3805341488269105]}, "2": {"maxiter": 100, "fatol": 1e-10, "xatol": 1e-05, "duration": 0.03816795349121094, "fun": "0.3777862465473578", "nit": "100", "nfev": "150", "status": "2", "success": "False", "message": "Maximum number of iterations has been exceeded.", "x": "[ 2.7725752  -0.39632207  0.08805267  8.71624568  3.16015802  2.11507015]", "final_simplex": "(array([[ 2.7725752 , -0.39632207,  0.08805267,  8.71624568,  3.16015802,\n         2.11507015],\n       [ 2.24724602, -0.52154354,  0.11872577,  9.03435327,  3.07691094,\n         2.14843587],\n       [ 2.38345975, -0.60304701,  0.10239447,  9.15829188,  3.4080963 ,\n         2.32373345],\n       [ 2.51799459, -0.50894395,  0.09131055,  8.75535347,  3.50458843,\n         2.31180737],\n       [ 2.60855977, -0.59153832,  0.11568854,  9.11066205,  3.14498159,\n         1.97369444],\n       [ 2.23868898, -0.6335424 ,  0.13151042,  9.24484681,  3.19175696,\n         2.04933543],\n       [ 2.35627442, -0.56476845,  0.11467358,  9.04890195,  3.38963515,\n         2.03443663]]), array([0.37778625, 0.38053415, 0.38204315, 0.3847785 , 0.38590828,\n       0.38862133, 0.39110414]))", "callback": [0.9354540658586118, 0.9006395551825185, 0.8284789513873069, 0.7608261276793049, 0.7054754177118612, 0.597436584864726, 0.5500503698216349, 0.5209305786533949, 0.44241803262252377, 0.3805341488269105]}, "3": {"maxiter": 100, "fatol": 1e-10, "xatol": 1e-10, "duration": 0.04180192947387695, "fun": "0.3777862465473578", "nit": "100", "nfev": "150", "status": "2", "success": "False", "message": "Maximum number of iterations has been exceeded.", "x": "[ 2.7725752  -0.39632207  0.08805267  8.71624568  3.16015802  2.11507015]", "final_simplex": "(array([[ 2.7725752 , -0.39632207,  0.08805267,  8.71624568,  3.16015802,\n         2.11507015],\n       [ 2.24724602, -0.52154354,  0.11872577,  9.03435327,  3.07691094,\n         2.14843587],\n       [ 2.38345975, -0.60304701,  0.10239447,  9.15829188,  3.4080963 ,\n         2.32373345],\n       [ 2.51799459, -0.50894395,  0.09131055,  8.75535347,  3.50458843,\n         2.31180737],\n       [ 2.60855977, -0.59153832,  0.11568854,  9.11066205,  3.14498159,\n         1.97369444],\n       [ 2.23868898, -0.6335424 ,  0.13151042,  9.24484681,  3.19175696,\n         2.04933543],\n       [ 2.35627442, -0.56476845,  0.11467358,  9.04890195,  3.38963515,\n         2.03443663]]), array([0.37778625, 0.38053415, 0.38204315, 0.3847785 , 0.38590828,\n       0.38862133, 0.39110414]))", "callback": [0.9354540658586118, 0.9006395551825185, 0.8284789513873069, 0.7608261276793049, 0.7054754177118612, 0.597436584864726, 0.5500503698216349, 0.5209305786533949, 0.44241803262252377, 0.3805341488269105]}, "4": {"maxiter": 500, "fatol": 1e-05, "xatol": 1e-05, "duration": 0.18336915969848633, "fun": "0.3380916052276707", "nit": "500", "nfev": "780", "status": "2", "success": "False", "message": "Maximum number of iterations has been exceeded.", "x": "[ 2.55145679 -1.62097371 -0.96394129  8.40675659  2.92446092  2.01209651]", "final_simplex": "(array([[ 2.55145679, -1.62097371, -0.96394129,  8.40675659,  2.92446092,\n         2.01209651],\n       [ 2.55149184, -1.62081273, -0.96380143,  8.40675874,  2.9246647 ,\n         2.01216676],\n       [ 2.55147251, -1.62089842, -0.96391288,  8.40671734,  2.92461574,\n         2.01197154],\n       [ 2.55143898, -1.62068336, -0.96384325,  8.40697503,  2.92462545,\n         2.01213634],\n       [ 2.55161898, -1.62059597, -0.96370778,  8.40685524,  2.92452102,\n         2.01189745],\n       [ 2.55147718, -1.62156328, -0.96467218,  8.40648836,  2.92470944,\n         2.01206819],\n       [ 2.55158763, -1.62091487, -0.96391871,  8.40684808,  2.92471319,\n         2.01202626]]), array([0.33809161, 0.33809161, 0.33809161, 0.33809161, 0.33809161,\n       0.33809161, 0.33809161]))", "callback": [0.9354540658586118, 0.9006395551825185, 0.8284789513873069, 0.7608261276793049, 0.7054754177118612, 0.597436584864726, 0.5500503698216349, 0.5209305786533949, 0.44241803262252377, 0.3805341488269105, 0.3774417333936122, 0.3720307385486188, 0.3698975930862476, 0.36879344770946365, 0.36809231318927715, 0.36707051296522, 0.36646628845257545, 0.3664580016734833, 0.3664351718961877, 0.36642971694507787, 0.36642647762819813, 0.366424814029746, 0.3664228339525293, 0.3664124461824452, 0.366399430037774, 0.3663150690665279, 0.3661221458286532, 0.36566849919064437, 0.3641013278012295, 0.36366515594160886, 0.3630073258177795, 0.36186035552685625, 0.36076470964525587, 0.3599421194647727, 0.3587983266624909, 0.35589478526835494, 0.3447104631053216, 0.3414185273001096, 0.3389602548239059, 0.3383187034964432, 0.33816377121742947, 0.33811346968889067, 0.3381013088778898, 0.3380947224552978, 0.33809319543839045, 0.33809251909695104, 0.3380918798115994, 0.33809169865860134, 0.3380916576974744, 0.3380916151511125]}, "5": {"maxiter": 500, "fatol": 1e-05, "xatol": 1e-10, "duration": 0.18427181243896484, "fun": "0.3380916052276707", "nit": "500", "nfev": "780", "status": "2", "success": "False", "message": "Maximum number of iterations has been exceeded.", "x": "[ 2.55145679 -1.62097371 -0.96394129  8.40675659  2.92446092  2.01209651]", "final_simplex": "(array([[ 2.55145679, -1.62097371, -0.96394129,  8.40675659,  2.92446092,\n         2.01209651],\n       [ 2.55149184, -1.62081273, -0.96380143,  8.40675874,  2.9246647 ,\n         2.01216676],\n       [ 2.55147251, -1.62089842, -0.96391288,  8.40671734,  2.92461574,\n         2.01197154],\n       [ 2.55143898, -1.62068336, -0.96384325,  8.40697503,  2.92462545,\n         2.01213634],\n       [ 2.55161898, -1.62059597, -0.96370778,  8.40685524,  2.92452102,\n         2.01189745],\n       [ 2.55147718, -1.62156328, -0.96467218,  8.40648836,  2.92470944,\n         2.01206819],\n       [ 2.55158763, -1.62091487, -0.96391871,  8.40684808,  2.92471319,\n         2.01202626]]), array([0.33809161, 0.33809161, 0.33809161, 0.33809161, 0.33809161,\n       0.33809161, 0.33809161]))", "callback": [0.9354540658586118, 0.9006395551825185, 0.8284789513873069, 0.7608261276793049, 0.7054754177118612, 0.597436584864726, 0.5500503698216349, 0.5209305786533949, 0.44241803262252377, 0.3805341488269105, 0.3774417333936122, 0.3720307385486188, 0.3698975930862476, 0.36879344770946365, 0.36809231318927715, 0.36707051296522, 0.36646628845257545, 0.3664580016734833, 0.3664351718961877, 0.36642971694507787, 0.36642647762819813, 0.366424814029746, 0.3664228339525293, 0.3664124461824452, 0.366399430037774, 0.3663150690665279, 0.3661221458286532, 0.36566849919064437, 0.3641013278012295, 0.36366515594160886, 0.3630073258177795, 0.36186035552685625, 0.36076470964525587, 0.3599421194647727, 0.3587983266624909, 0.35589478526835494, 0.3447104631053216, 0.3414185273001096, 0.3389602548239059, 0.3383187034964432, 0.33816377121742947, 0.33811346968889067, 0.3381013088778898, 0.3380947224552978, 0.33809319543839045, 0.33809251909695104, 0.3380918798115994, 0.33809169865860134, 0.3380916576974744, 0.3380916151511125]}, "6": {"maxiter": 500, "fatol": 1e-10, "xatol": 1e-05, "duration": 0.18483376502990723, "fun": "0.3380916052276707", "nit": "500", "nfev": "780", "status": "2", "success": "False", "message": "Maximum number of iterations has been exceeded.", "x": "[ 2.55145679 -1.62097371 -0.96394129  8.40675659  2.92446092  2.01209651]", "final_simplex": "(array([[ 2.55145679, -1.62097371, -0.96394129,  8.40675659,  2.92446092,\n         2.01209651],\n       [ 2.55149184, -1.62081273, -0.96380143,  8.40675874,  2.9246647 ,\n         2.01216676],\n       [ 2.55147251, -1.62089842, -0.96391288,  8.40671734,  2.92461574,\n         2.01197154],\n       [ 2.55143898, -1.62068336, -0.96384325,  8.40697503,  2.92462545,\n         2.01213634],\n       [ 2.55161898, -1.62059597, -0.96370778,  8.40685524,  2.92452102,\n         2.01189745],\n       [ 2.55147718, -1.62156328, -0.96467218,  8.40648836,  2.92470944,\n         2.01206819],\n       [ 2.55158763, -1.62091487, -0.96391871,  8.40684808,  2.92471319,\n         2.01202626]]), array([0.33809161, 0.33809161, 0.33809161, 0.33809161, 0.33809161,\n       0.33809161, 0.33809161]))", "callback": [0.9354540658586118, 0.9006395551825185, 0.8284789513873069, 0.7608261276793049, 0.7054754177118612, 0.597436584864726, 0.5500503698216349, 0.5209305786533949, 0.44241803262252377, 0.3805341488269105, 0.3774417333936122, 0.3720307385486188, 0.3698975930862476, 0.36879344770946365, 0.36809231318927715, 0.36707051296522, 0.36646628845257545, 0.3664580016734833, 0.3664351718961877, 0.36642971694507787, 0.36642647762819813, 0.366424814029746, 0.3664228339525293, 0.3664124461824452, 0.366399430037774, 0.3663150690665279, 0.3661221458286532, 0.36566849919064437, 0.3641013278012295, 0.36366515594160886, 0.3630073258177795, 0.36186035552685625, 0.36076470964525587, 0.3599421194647727, 0.3587983266624909, 0.35589478526835494, 0.3447104631053216, 0.3414185273001096, 0.3389602548239059, 0.3383187034964432, 0.33816377121742947, 0.33811346968889067, 0.3381013088778898, 0.3380947224552978, 0.33809319543839045, 0.33809251909695104, 0.3380918798115994, 0.33809169865860134, 0.3380916576974744, 0.3380916151511125]}, "7": {"maxiter": 500, "fatol": 1e-10, "xatol": 1e-10, "duration": 0.1778581142425537, "fun": "0.3380916052276707", "nit": "500", "nfev": "780", "status": "2", "success": "False", "message": "Maximum number of iterations has been exceeded.", "x": "[ 2.55145679 -1.62097371 -0.96394129  8.40675659  2.92446092  2.01209651]", "final_simplex": "(array([[ 2.55145679, -1.62097371, -0.96394129,  8.40675659,  2.92446092,\n         2.01209651],\n       [ 2.55149184, -1.62081273, -0.96380143,  8.40675874,  2.9246647 ,\n         2.01216676],\n       [ 2.55147251, -1.62089842, -0.96391288,  8.40671734,  2.92461574,\n         2.01197154],\n       [ 2.55143898, -1.62068336, -0.96384325,  8.40697503,  2.92462545,\n         2.01213634],\n       [ 2.55161898, -1.62059597, -0.96370778,  8.40685524,  2.92452102,\n         2.01189745],\n       [ 2.55147718, -1.62156328, -0.96467218,  8.40648836,  2.92470944,\n         2.01206819],\n       [ 2.55158763, -1.62091487, -0.96391871,  8.40684808,  2.92471319,\n         2.01202626]]), array([0.33809161, 0.33809161, 0.33809161, 0.33809161, 0.33809161,\n       0.33809161, 0.33809161]))", "callback": [0.9354540658586118, 0.9006395551825185, 0.8284789513873069, 0.7608261276793049, 0.7054754177118612, 0.597436584864726, 0.5500503698216349, 0.5209305786533949, 0.44241803262252377, 0.3805341488269105, 0.3774417333936122, 0.3720307385486188, 0.3698975930862476, 0.36879344770946365, 0.36809231318927715, 0.36707051296522, 0.36646628845257545, 0.3664580016734833, 0.3664351718961877, 0.36642971694507787, 0.36642647762819813, 0.366424814029746, 0.3664228339525293, 0.3664124461824452, 0.366399430037774, 0.3663150690665279, 0.3661221458286532, 0.36566849919064437, 0.3641013278012295, 0.36366515594160886, 0.3630073258177795, 0.36186035552685625, 0.36076470964525587, 0.3599421194647727, 0.3587983266624909, 0.35589478526835494, 0.3447104631053216, 0.3414185273001096, 0.3389602548239059, 0.3383187034964432, 0.33816377121742947, 0.33811346968889067, 0.3381013088778898, 0.3380947224552978, 0.33809319543839045, 0.33809251909695104, 0.3380918798115994, 0.33809169865860134, 0.3380916576974744, 0.3380916151511125]}, "8": {"maxiter": 1000, "fatol": 1e-05, "xatol": 1e-05, "duration": 0.21939611434936523, "fun": "0.3380915979680008", "nit": "592", "nfev": "925", "status": "0", "success": "True", "message": "Optimization terminated successfully.", "x": "[ 2.55151788 -1.62107941 -0.96422255  8.40663935  2.92451535  2.01208832]", "final_simplex": "(array([[ 2.55151788, -1.62107941, -0.96422255,  8.40663935,  2.92451535,\n         2.01208832],\n       [ 2.55151767, -1.62107168, -0.96421313,  8.40664489,  2.9245149 ,\n         2.01209067],\n       [ 2.55151847, -1.6210775 , -0.96421856,  8.40664176,  2.92451177,\n         2.01208883],\n       [ 2.55151654, -1.62108192, -0.96422302,  8.40664193,  2.92451414,\n         2.01208985],\n       [ 2.55151627, -1.62108179, -0.96422104,  8.40663901,  2.9245147 ,\n         2.01209049],\n       [ 2.5515182 , -1.62107519, -0.96421453,  8.40664579,  2.92451342,\n         2.01208838],\n       [ 2.55151388, -1.62107125, -0.96421354,  8.40664335,  2.92451327,\n         2.01208811]]), array([0.3380916, 0.3380916, 0.3380916, 0.3380916, 0.3380916, 0.3380916,\n       0.3380916]))", "callback": [0.9354540658586118, 0.9006395551825185, 0.8284789513873069, 0.7608261276793049, 0.7054754177118612, 0.597436584864726, 0.5500503698216349, 0.5209305786533949, 0.44241803262252377, 0.3805341488269105, 0.3774417333936122, 0.3720307385486188, 0.3698975930862476, 0.36879344770946365, 0.36809231318927715, 0.36707051296522, 0.36646628845257545, 0.3664580016734833, 0.3664351718961877, 0.36642971694507787, 0.36642647762819813, 0.366424814029746, 0.3664228339525293, 0.3664124461824452, 0.366399430037774, 0.3663150690665279, 0.3661221458286532, 0.36566849919064437, 0.3641013278012295, 0.36366515594160886, 0.3630073258177795, 0.36186035552685625, 0.36076470964525587, 0.3599421194647727, 0.3587983266624909, 0.35589478526835494, 0.3447104631053216, 0.3414185273001096, 0.3389602548239059, 0.3383187034964432, 0.33816377121742947, 0.33811346968889067, 0.3381013088778898, 0.3380947224552978, 0.33809319543839045, 0.33809251909695104, 0.3380918798115994, 0.33809169865860134, 0.3380916576974744, 0.3380916151511125, 0.3380916015382682, 0.3380915989489015, 0.3380915981597159, 0.3380915981597159, 0.3380915980446688, 0.33809159802123134, 0.33809159798918387, 0.33809159797835764, 0.3380915979680008, 0.3380915979680008]}, "9": {"maxiter": 1000, "fatol": 1e-05, "xatol": 1e-10, "duration": 0.29337501525878906, "fun": "0.3380915979668895", "nit": "684", "nfev": "1145", "status": "0", "success": "True", "message": "Optimization terminated successfully.", "x": "[ 2.55151934 -1.6210763  -0.96421813  8.40664198  2.92451593  2.01208828]", "final_simplex": "(array([[ 2.55151934, -1.6210763 , -0.96421813,  8.40664198,  2.92451593,\n         2.01208828],\n       [ 2.55151934, -1.6210763 , -0.96421813,  8.40664198,  2.92451593,\n         2.01208828],\n       [ 2.55151934, -1.6210763 , -0.96421813,  8.40664198,  2.92451593,\n         2.01208828],\n       [ 2.55151934, -1.6210763 , -0.96421813,  8.40664198,  2.92451593,\n         2.01208828],\n       [ 2.55151934, -1.6210763 , -0.96421813,  8.40664198,  2.92451593,\n         2.01208828],\n       [ 2.55151934, -1.6210763 , -0.96421813,  8.40664198,  2.92451593,\n         2.01208828],\n       [ 2.55151934, -1.6210763 , -0.96421813,  8.40664198,  2.92451593,\n         2.01208828]]), array([0.3380916, 0.3380916, 0.3380916, 0.3380916, 0.3380916, 0.3380916,\n       0.3380916]))", "callback": [0.9354540658586118, 0.9006395551825185, 0.8284789513873069, 0.7608261276793049, 0.7054754177118612, 0.597436584864726, 0.5500503698216349, 0.5209305786533949, 0.44241803262252377, 0.3805341488269105, 0.3774417333936122, 0.3720307385486188, 0.3698975930862476, 0.36879344770946365, 0.36809231318927715, 0.36707051296522, 0.36646628845257545, 0.3664580016734833, 0.3664351718961877, 0.36642971694507787, 0.36642647762819813, 0.366424814029746, 0.3664228339525293, 0.3664124461824452, 0.366399430037774, 0.3663150690665279, 0.3661221458286532, 0.36566849919064437, 0.3641013278012295, 0.36366515594160886, 0.3630073258177795, 0.36186035552685625, 0.36076470964525587, 0.3599421194647727, 0.3587983266624909, 0.35589478526835494, 0.3447104631053216, 0.3414185273001096, 0.3389602548239059, 0.3383187034964432, 0.33816377121742947, 0.33811346968889067, 0.3381013088778898, 0.3380947224552978, 0.33809319543839045, 0.33809251909695104, 0.3380918798115994, 0.33809169865860134, 0.3380916576974744, 0.3380916151511125, 0.3380916015382682, 0.3380915989489015, 0.3380915981597159, 0.3380915981597159, 0.3380915980446688, 0.33809159802123134, 0.33809159798918387, 0.33809159797835764, 0.3380915979680008, 0.3380915979680008, 0.3380915979673368, 0.33809159796699206, 0.33809159796690436, 0.3380915979668907, 0.3380915979668899, 0.3380915979668895, 0.3380915979668895, 0.3380915979668895, 0.3380915979668895]}, "10": {"maxiter": 1000, "fatol": 1e-10, "xatol": 1e-05, "duration": 0.2203071117401123, "fun": "0.3380915979680008", "nit": "592", "nfev": "925", "status": "0", "success": "True", "message": "Optimization terminated successfully.", "x": "[ 2.55151788 -1.62107941 -0.96422255  8.40663935  2.92451535  2.01208832]", "final_simplex": "(array([[ 2.55151788, -1.62107941, -0.96422255,  8.40663935,  2.92451535,\n         2.01208832],\n       [ 2.55151767, -1.62107168, -0.96421313,  8.40664489,  2.9245149 ,\n         2.01209067],\n       [ 2.55151847, -1.6210775 , -0.96421856,  8.40664176,  2.92451177,\n         2.01208883],\n       [ 2.55151654, -1.62108192, -0.96422302,  8.40664193,  2.92451414,\n         2.01208985],\n       [ 2.55151627, -1.62108179, -0.96422104,  8.40663901,  2.9245147 ,\n         2.01209049],\n       [ 2.5515182 , -1.62107519, -0.96421453,  8.40664579,  2.92451342,\n         2.01208838],\n       [ 2.55151388, -1.62107125, -0.96421354,  8.40664335,  2.92451327,\n         2.01208811]]), array([0.3380916, 0.3380916, 0.3380916, 0.3380916, 0.3380916, 0.3380916,\n       0.3380916]))", "callback": [0.9354540658586118, 0.9006395551825185, 0.8284789513873069, 0.7608261276793049, 0.7054754177118612, 0.597436584864726, 0.5500503698216349, 0.5209305786533949, 0.44241803262252377, 0.3805341488269105, 0.3774417333936122, 0.3720307385486188, 0.3698975930862476, 0.36879344770946365, 0.36809231318927715, 0.36707051296522, 0.36646628845257545, 0.3664580016734833, 0.3664351718961877, 0.36642971694507787, 0.36642647762819813, 0.366424814029746, 0.3664228339525293, 0.3664124461824452, 0.366399430037774, 0.3663150690665279, 0.3661221458286532, 0.36566849919064437, 0.3641013278012295, 0.36366515594160886, 0.3630073258177795, 0.36186035552685625, 0.36076470964525587, 0.3599421194647727, 0.3587983266624909, 0.35589478526835494, 0.3447104631053216, 0.3414185273001096, 0.3389602548239059, 0.3383187034964432, 0.33816377121742947, 0.33811346968889067, 0.3381013088778898, 0.3380947224552978, 0.33809319543839045, 0.33809251909695104, 0.3380918798115994, 0.33809169865860134, 0.3380916576974744, 0.3380916151511125, 0.3380916015382682, 0.3380915989489015, 0.3380915981597159, 0.3380915981597159, 0.3380915980446688, 0.33809159802123134, 0.33809159798918387, 0.33809159797835764, 0.3380915979680008, 0.3380915979680008]}, "11": {"maxiter": 1000, "fatol": 1e-10, "xatol": 1e-10, "duration": 0.2804398536682129, "fun": "0.3380915979668895", "nit": "684", "nfev": "1145", "status": "0", "success": "True", "message": "Optimization terminated successfully.", "x": "[ 2.55151934 -1.6210763  -0.96421813  8.40664198  2.92451593  2.01208828]", "final_simplex": "(array([[ 2.55151934, -1.6210763 , -0.96421813,  8.40664198,  2.92451593,\n         2.01208828],\n       [ 2.55151934, -1.6210763 , -0.96421813,  8.40664198,  2.92451593,\n         2.01208828],\n       [ 2.55151934, -1.6210763 , -0.96421813,  8.40664198,  2.92451593,\n         2.01208828],\n       [ 2.55151934, -1.6210763 , -0.96421813,  8.40664198,  2.92451593,\n         2.01208828],\n       [ 2.55151934, -1.6210763 , -0.96421813,  8.40664198,  2.92451593,\n         2.01208828],\n       [ 2.55151934, -1.6210763 , -0.96421813,  8.40664198,  2.92451593,\n         2.01208828],\n       [ 2.55151934, -1.6210763 , -0.96421813,  8.40664198,  2.92451593,\n         2.01208828]]), array([0.3380916, 0.3380916, 0.3380916, 0.3380916, 0.3380916, 0.3380916,\n       0.3380916]))", "callback": [0.9354540658586118, 0.9006395551825185, 0.8284789513873069, 0.7608261276793049, 0.7054754177118612, 0.597436584864726, 0.5500503698216349, 0.5209305786533949, 0.44241803262252377, 0.3805341488269105, 0.3774417333936122, 0.3720307385486188, 0.3698975930862476, 0.36879344770946365, 0.36809231318927715, 0.36707051296522, 0.36646628845257545, 0.3664580016734833, 0.3664351718961877, 0.36642971694507787, 0.36642647762819813, 0.366424814029746, 0.3664228339525293, 0.3664124461824452, 0.366399430037774, 0.3663150690665279, 0.3661221458286532, 0.36566849919064437, 0.3641013278012295, 0.36366515594160886, 0.3630073258177795, 0.36186035552685625, 0.36076470964525587, 0.3599421194647727, 0.3587983266624909, 0.35589478526835494, 0.3447104631053216, 0.3414185273001096, 0.3389602548239059, 0.3383187034964432, 0.33816377121742947, 0.33811346968889067, 0.3381013088778898, 0.3380947224552978, 0.33809319543839045, 0.33809251909695104, 0.3380918798115994, 0.33809169865860134, 0.3380916576974744, 0.3380916151511125, 0.3380916015382682, 0.3380915989489015, 0.3380915981597159, 0.3380915981597159, 0.3380915980446688, 0.33809159802123134, 0.33809159798918387, 0.33809159797835764, 0.3380915979680008, 0.3380915979680008, 0.3380915979673368, 0.33809159796699206, 0.33809159796690436, 0.3380915979668907, 0.3380915979668899, 0.3380915979668895, 0.3380915979668895, 0.3380915979668895, 0.3380915979668895]}}, "bfgs": {"type": "gradient", "0": {"maxiter": 100, "gtol": 1e-05, "xrtol": 1e-05, "eps": 1e-05, "duration": 0.07333993911743164, "fun": "0.33809159822807056", "jac": "[ 4.24793534e-07 -4.80981921e-07 -8.33599856e-07  4.85977925e-07\n  3.71891407e-07  1.84985360e-07]", "hess_inv": "[[ 3.15976498  0.28929357  0.12401683 -0.15384526 -0.76116267 -0.21025234]\n [ 0.28929357 17.20091236 14.68809262  6.92051421 -0.16955724 -1.344351  ]\n [ 0.12401683 14.68809262 15.72876286  6.55111215  0.51263716 -0.42168797]\n [-0.15384526  6.92051421  6.55111215  6.29861099  0.06177601 -0.47649219]\n [-0.76116267 -0.16955724  0.51263716  0.06177601  4.46960103  2.46014824]\n [-0.21025234 -1.344351   -0.42168797 -0.47649219  2.46014824  4.73719979]]", "nfev": "294", "njev": "42", "status": "0", "success": "True", "message": "Optimization terminated successfully.", "x": "[3.73166604 1.52041612 2.1772745  8.40659732 2.92450655 2.0120844 ]", "nit": "30", "callback": [0.9295825220947482, 0.9107930059299607, 0.9010829897189263, 0.8499332796974971, 0.8469686231825666, 0.819268483640515, 0.7875253651101379, 0.7808575528593347, 0.7682633292705981, 0.5112632178978659, 0.5029244380347494, 0.48841595706138274, 0.462899400646979, 0.4211246808518201, 0.37534657162927587, 0.36424782009812773, 0.3579691073063733, 0.35601533189676715, 0.35245383711636924, 0.346891062641822, 0.34291840682481156, 0.34121023169312814, 0.3396271383244668, 0.3387628708868772, 0.338219791745911, 0.3381042741141881, 0.3380921405477194, 0.338091619289839, 0.3380915994904097, 0.33809159822807056]}, "1": {"maxiter": 100, "gtol": 1e-05, "xrtol": 1e-05, "eps": 1e-10, "duration": 0.06506896018981934, "fun": "0.3380915982725461", "jac": "[ 7.77156053e-06  1.11022293e-06  0.00000000e+00 -6.66133760e-06\n  3.33066880e-06 -7.77156053e-06]", "hess_inv": "[[ 3.20246524e+00  1.38175996e-01 -1.40582822e-02 -4.30157239e-01\n  -6.54329790e-01 -2.57220915e-01]\n [ 1.38175996e-01  1.71041047e+01  1.46191358e+01  7.28703402e+00\n  -3.90376135e-01 -1.15421413e+00]\n [-1.40582822e-02  1.46191358e+01  1.56639575e+01  6.99630755e+00\n   2.10819346e-01 -2.59418701e-01]\n [-4.30157239e-01  7.28703402e+00  6.99630755e+00  7.08576842e+00\n   3.14293506e-02 -7.16279932e-02]\n [-6.54329790e-01 -3.90376135e-01  2.10819346e-01  3.14293506e-02\n   4.11558911e+00  2.25957643e+00]\n [-2.57220915e-01 -1.15421413e+00 -2.59418701e-01 -7.16279932e-02\n   2.25957643e+00  4.78093655e+00]]", "nfev": "287", "njev": "41", "status": "0", "success": "True", "message": "Optimization terminated successfully.", "x": "[3.73169055 1.52048495 2.17733311 8.40660572 2.92450081 2.0120574 ]", "nit": "29", "callback": [0.9295824789825569, 0.9107929871489473, 0.9010830134470188, 0.8499354702233817, 0.8469709882446139, 0.8192722659060082, 0.7875284018494854, 0.780859458520478, 0.7682631603477857, 0.5112356734905564, 0.5028943901446583, 0.48838955810494367, 0.4628782777813524, 0.4210960029987274, 0.37526837515598044, 0.3642158927704182, 0.35795653743580447, 0.356001898077967, 0.3524392978196341, 0.34687787033136575, 0.34291311629216137, 0.34120440871606683, 0.3396252142667876, 0.3387633346438671, 0.3382196857932015, 0.3381042516874945, 0.338092139227533, 0.338091619344985, 0.3380915982725461]}, "2": {"maxiter": 100, "gtol": 1e-05, "xrtol": 1e-10, "eps": 1e-05, "duration": 0.0711209774017334, "fun": "0.33809159822807056", "jac": "[ 4.24793534e-07 -4.80981921e-07 -8.33599856e-07  4.85977925e-07\n  3.71891407e-07  1.84985360e-07]", "hess_inv": "[[ 3.15976498  0.28929357  0.12401683 -0.15384526 -0.76116267 -0.21025234]\n [ 0.28929357 17.20091236 14.68809262  6.92051421 -0.16955724 -1.344351  ]\n [ 0.12401683 14.68809262 15.72876286  6.55111215  0.51263716 -0.42168797]\n [-0.15384526  6.92051421  6.55111215  6.29861099  0.06177601 -0.47649219]\n [-0.76116267 -0.16955724  0.51263716  0.06177601  4.46960103  2.46014824]\n [-0.21025234 -1.344351   -0.42168797 -0.47649219  2.46014824  4.73719979]]", "nfev": "294", "njev": "42", "status": "0", "success": "True", "message": "Optimization terminated successfully.", "x": "[3.73166604 1.52041612 2.1772745  8.40659732 2.92450655 2.0120844 ]", "nit": "30", "callback": [0.9295825220947482, 0.9107930059299607, 0.9010829897189263, 0.8499332796974971, 0.8469686231825666, 0.819268483640515, 0.7875253651101379, 0.7808575528593347, 0.7682633292705981, 0.5112632178978659, 0.5029244380347494, 0.48841595706138274, 0.462899400646979, 0.4211246808518201, 0.37534657162927587, 0.36424782009812773, 0.3579691073063733, 0.35601533189676715, 0.35245383711636924, 0.346891062641822, 0.34291840682481156, 0.34121023169312814, 0.3396271383244668, 0.3387628708868772, 0.338219791745911, 0.3381042741141881, 0.3380921405477194, 0.338091619289839, 0.3380915994904097, 0.33809159822807056]}, "3": {"maxiter": 100, "gtol": 1e-05, "xrtol": 1e-10, "eps": 1e-10, "duration": 0.07603716850280762, "fun": "0.3380915982725461", "jac": "[ 7.77156053e-06  1.11022293e-06  0.00000000e+00 -6.66133760e-06\n  3.33066880e-06 -7.77156053e-06]", "hess_inv": "[[ 3.20246524e+00  1.38175996e-01 -1.40582822e-02 -4.30157239e-01\n  -6.54329790e-01 -2.57220915e-01]\n [ 1.38175996e-01  1.71041047e+01  1.46191358e+01  7.28703402e+00\n  -3.90376135e-01 -1.15421413e+00]\n [-1.40582822e-02  1.46191358e+01  1.56639575e+01  6.99630755e+00\n   2.10819346e-01 -2.59418701e-01]\n [-4.30157239e-01  7.28703402e+00  6.99630755e+00  7.08576842e+00\n   3.14293506e-02 -7.16279932e-02]\n [-6.54329790e-01 -3.90376135e-01  2.10819346e-01  3.14293506e-02\n   4.11558911e+00  2.25957643e+00]\n [-2.57220915e-01 -1.15421413e+00 -2.59418701e-01 -7.16279932e-02\n   2.25957643e+00  4.78093655e+00]]", "nfev": "287", "njev": "41", "status": "0", "success": "True", "message": "Optimization terminated successfully.", "x": "[3.73169055 1.52048495 2.17733311 8.40660572 2.92450081 2.0120574 ]", "nit": "29", "callback": [0.9295824789825569, 0.9107929871489473, 0.9010830134470188, 0.8499354702233817, 0.8469709882446139, 0.8192722659060082, 0.7875284018494854, 0.780859458520478, 0.7682631603477857, 0.5112356734905564, 0.5028943901446583, 0.48838955810494367, 0.4628782777813524, 0.4210960029987274, 0.37526837515598044, 0.3642158927704182, 0.35795653743580447, 0.356001898077967, 0.3524392978196341, 0.34687787033136575, 0.34291311629216137, 0.34120440871606683, 0.3396252142667876, 0.3387633346438671, 0.3382196857932015, 0.3381042516874945, 0.338092139227533, 0.338091619344985, 0.3380915982725461]}, "4": {"maxiter": 100, "gtol": 1e-10, "xrtol": 1e-05, "eps": 1e-05, "duration": 0.07266998291015625, "fun": "0.338091598150962", "jac": "[ 1.63224989e-07 -8.86513085e-08 -2.45370391e-07  2.82673884e-07\n  5.08926234e-08  1.12709841e-07]", "hess_inv": "[[ 3.17604157e+00 -1.51013911e-02 -1.73313809e-01 -2.65282341e-01\n  -7.40247627e-01 -1.75586345e-01]\n [-1.51013911e-02  1.84949425e+01  1.60708396e+01  7.90786718e+00\n   4.19285814e-02 -9.74533771e-01]\n [-1.73313809e-01  1.60708396e+01  1.71922060e+01  7.54515782e+00\n   7.02945783e-01 -8.79395144e-02]\n [-2.65282341e-01  7.90786718e+00  7.54515782e+00  6.78813215e+00\n   6.88317127e-02 -4.59989002e-01]\n [-7.40247627e-01  4.19285814e-02  7.02945783e-01  6.88317127e-02\n   4.41391371e+00  2.36520601e+00]\n [-1.75586345e-01 -9.74533771e-01 -8.79395144e-02 -4.59989002e-01\n   2.36520601e+00  4.57537201e+00]]", "nfev": "301", "njev": "43", "status": "0", "success": "True", "message": "Optimization terminated successfully.", "x": "[3.73166498 1.52043474 2.17729273 8.40660429 2.92450535 2.01208243]", "nit": "31", "callback": [0.9295825220947482, 0.9107930059299607, 0.9010829897189263, 0.8499332796974971, 0.8469686231825666, 0.819268483640515, 0.7875253651101379, 0.7808575528593347, 0.7682633292705981, 0.5112632178978659, 0.5029244380347494, 0.48841595706138274, 0.462899400646979, 0.4211246808518201, 0.37534657162927587, 0.36424782009812773, 0.3579691073063733, 0.35601533189676715, 0.35245383711636924, 0.346891062641822, 0.34291840682481156, 0.34121023169312814, 0.3396271383244668, 0.3387628708868772, 0.338219791745911, 0.3381042741141881, 0.3380921405477194, 0.338091619289839, 0.3380915994904097, 0.33809159822807056, 0.338091598150962]}, "5": {"maxiter": 100, "gtol": 1e-10, "xrtol": 1e-05, "eps": 1e-10, "duration": 0.06960296630859375, "fun": "0.3380915979794924", "jac": "[-2.22044587e-06  0.00000000e+00 -3.33066880e-06  1.11022293e-06\n -3.33066880e-06 -1.11022293e-06]", "hess_inv": "[[ 3.18416157  0.12982451 -0.03313768 -0.25701485 -0.78834489 -0.23545112]\n [ 0.12982451 17.12949672 14.65988818  7.17359845 -0.26598077 -1.14475631]\n [-0.03313768 14.65988818 15.72783172  6.85087653  0.38536193 -0.23753102]\n [-0.25701485  7.17359845  6.85087653  6.71603131  0.07646681 -0.27442681]\n [-0.78834489 -0.26598077  0.38536193  0.07646681  4.31323691  2.41595066]\n [-0.23545112 -1.14475631 -0.23753102 -0.27442681  2.41595066  4.75505198]]", "nfev": "294", "njev": "42", "status": "0", "success": "True", "message": "Optimization terminated successfully.", "x": "[3.73166474 1.5205047  2.1773596  8.40664211 2.92451215 2.01208758]", "nit": "30", "callback": [0.9295824789825569, 0.9107929871489473, 0.9010830134470188, 0.8499354702233817, 0.8469709882446139, 0.8192722659060082, 0.7875284018494854, 0.780859458520478, 0.7682631603477857, 0.5112356734905564, 0.5028943901446583, 0.48838955810494367, 0.4628782777813524, 0.4210960029987274, 0.37526837515598044, 0.3642158927704182, 0.35795653743580447, 0.356001898077967, 0.3524392978196341, 0.34687787033136575, 0.34291311629216137, 0.34120440871606683, 0.3396252142667876, 0.3387633346438671, 0.3382196857932015, 0.3381042516874945, 0.338092139227533, 0.338091619344985, 0.3380915982725461, 0.3380915979794924]}, "6": {"maxiter": 100, "gtol": 1e-10, "xrtol": 1e-10, "eps": 1e-05, "duration": 0.09815788269042969, "fun": "0.33809159813630196", "jac": "[-9.10382880e-10 -4.10782519e-09  8.43769499e-10  8.80406859e-09\n  3.70814490e-09 -1.98729921e-09]", "hess_inv": "[[ 3.20908304 -0.42612404 -0.57903666 -0.37685138 -0.70899428 -0.12020522]\n [-0.42612404 21.80991708 19.42296449  8.45064535 -0.20625666 -1.55834258]\n [-0.57903666 19.42296449 20.57635388  8.11778744  0.45151719 -0.66899818]\n [-0.37685138  8.45064535  8.11778744  6.76039877  0.02735892 -0.59869045]\n [-0.70899428 -0.20625666  0.45151719  0.02735892  4.43191644  2.40906252]\n [-0.12020522 -1.55834258 -0.66899818 -0.59869045  2.40906252  4.66188392]]", "nfev": "411", "njev": "57", "status": "2", "success": "False", "message": "Desired error not necessarily achieved due to precision loss.", "x": "[3.73166442 1.52043931 2.17729736 8.40660528 2.92450507 2.01208167]", "nit": "32", "callback": [0.9295825220947482, 0.9107930059299607, 0.9010829897189263, 0.8499332796974971, 0.8469686231825666, 0.819268483640515, 0.7875253651101379, 0.7808575528593347, 0.7682633292705981, 0.5112632178978659, 0.5029244380347494, 0.48841595706138274, 0.462899400646979, 0.4211246808518201, 0.37534657162927587, 0.36424782009812773, 0.3579691073063733, 0.35601533189676715, 0.35245383711636924, 0.346891062641822, 0.34291840682481156, 0.34121023169312814, 0.3396271383244668, 0.3387628708868772, 0.338219791745911, 0.3381042741141881, 0.3380921405477194, 0.338091619289839, 0.3380915994904097, 0.33809159822807056, 0.338091598150962, 0.33809159813630196]}, "7": {"maxiter": 100, "gtol": 1e-10, "xrtol": 1e-10, "eps": 1e-10, "duration": 0.13486409187316895, "fun": "0.33809159797246424", "jac": "[ 1.11022293e-06 -1.11022293e-06  0.00000000e+00  1.11022293e-06\n  4.44089173e-06  0.00000000e+00]", "hess_inv": "[[ 31.26459217 -20.77223461  12.37174914  -7.49590304  -5.50810967\n   16.06730815]\n [-20.77223461  13.83671175  -8.23582176   4.97058829   3.68214629\n  -10.69777947]\n [ 12.37174914  -8.23582176   4.90626286  -2.95893506  -2.19276537\n    6.36547385]\n [ -7.49590304   4.97058829  -2.95893506   1.805019     1.31044183\n   -3.85180065]\n [ -5.50810967   3.68214629  -2.19276537   1.31044183   0.99311985\n   -2.83831478]\n [ 16.06730815 -10.69777947   6.36547385  -3.85180065  -2.83831478\n    8.27937465]]", "nfev": "539", "njev": "77", "status": "0", "success": "True", "message": "Optimization terminated successfully.", "x": "[3.73166609 1.52051239 2.17737159 8.4066459  2.9245185  2.01208909]", "nit": "43", "callback": [0.9295824789825569, 0.9107929871489473, 0.9010830134470188, 0.8499354702233817, 0.8469709882446139, 0.8192722659060082, 0.7875284018494854, 0.780859458520478, 0.7682631603477857, 0.5112356734905564, 0.5028943901446583, 0.48838955810494367, 0.4628782777813524, 0.4210960029987274, 0.37526837515598044, 0.3642158927704182, 0.35795653743580447, 0.356001898077967, 0.3524392978196341, 0.34687787033136575, 0.34291311629216137, 0.34120440871606683, 0.3396252142667876, 0.3387633346438671, 0.3382196857932015, 0.3381042516874945, 0.338092139227533, 0.338091619344985, 0.3380915982725461, 0.3380915979794924, 0.33809159797819555, 0.33809159797739197, 0.33809159797672317, 0.3380915979758491, 0.3380915979747715, 0.3380915979731274, 0.3380915979730784, 0.33809159797306265, 0.338091597973041, 0.3380915979724649, 0.33809159797246435, 0.33809159797246424, 0.33809159797246424]}, "8": {"maxiter": 500, "gtol": 1e-05, "xrtol": 1e-05, "eps": 1e-05, "duration": 0.0714101791381836, "fun": "0.33809159822807056", "jac": "[ 4.24793534e-07 -4.80981921e-07 -8.33599856e-07  4.85977925e-07\n  3.71891407e-07  1.84985360e-07]", "hess_inv": "[[ 3.15976498  0.28929357  0.12401683 -0.15384526 -0.76116267 -0.21025234]\n [ 0.28929357 17.20091236 14.68809262  6.92051421 -0.16955724 -1.344351  ]\n [ 0.12401683 14.68809262 15.72876286  6.55111215  0.51263716 -0.42168797]\n [-0.15384526  6.92051421  6.55111215  6.29861099  0.06177601 -0.47649219]\n [-0.76116267 -0.16955724  0.51263716  0.06177601  4.46960103  2.46014824]\n [-0.21025234 -1.344351   -0.42168797 -0.47649219  2.46014824  4.73719979]]", "nfev": "294", "njev": "42", "status": "0", "success": "True", "message": "Optimization terminated successfully.", "x": "[3.73166604 1.52041612 2.1772745  8.40659732 2.92450655 2.0120844 ]", "nit": "30", "callback": [0.9295825220947482, 0.9107930059299607, 0.9010829897189263, 0.8499332796974971, 0.8469686231825666, 0.819268483640515, 0.7875253651101379, 0.7808575528593347, 0.7682633292705981, 0.5112632178978659, 0.5029244380347494, 0.48841595706138274, 0.462899400646979, 0.4211246808518201, 0.37534657162927587, 0.36424782009812773, 0.3579691073063733, 0.35601533189676715, 0.35245383711636924, 0.346891062641822, 0.34291840682481156, 0.34121023169312814, 0.3396271383244668, 0.3387628708868772, 0.338219791745911, 0.3381042741141881, 0.3380921405477194, 0.338091619289839, 0.3380915994904097, 0.33809159822807056]}, "9": {"maxiter": 500, "gtol": 1e-05, "xrtol": 1e-05, "eps": 1e-10, "duration": 0.07443785667419434, "fun": "0.3380915982725461", "jac": "[ 7.77156053e-06  1.11022293e-06  0.00000000e+00 -6.66133760e-06\n  3.33066880e-06 -7.77156053e-06]", "hess_inv": "[[ 3.20246524e+00  1.38175996e-01 -1.40582822e-02 -4.30157239e-01\n  -6.54329790e-01 -2.57220915e-01]\n [ 1.38175996e-01  1.71041047e+01  1.46191358e+01  7.28703402e+00\n  -3.90376135e-01 -1.15421413e+00]\n [-1.40582822e-02  1.46191358e+01  1.56639575e+01  6.99630755e+00\n   2.10819346e-01 -2.59418701e-01]\n [-4.30157239e-01