{"date": "2024/09/23/, 14:06:42", "conf_id": 7, "data_type": "random\n", "num_data_points": 1, "s_rank": 0, "unitary": "[[0.18663085-0.53122324j,-0.11886349-0.70040876j,0.28555095-0.02789305j,-0.12262021-0.2844587j],[-0.16702216+0.27758472j,0.27526351-0.29738586j,-0.01109314+0.22495461j,-0.77239203+0.28900673j],[0.61935415+0.12301792j,-0.31269928-0.03315917j,-0.61902762-0.19039079j,-0.27120731-0.0968989j],[0.42341754+0.0023929j,-0.05847358+0.47832119j,0.64900495-0.16218422j,-0.37182676-0.05229966j]]", "databatch_0": {"databatch": "[[[0.15886146+0.0610829j,0.07932448+0.02639176j,0.07338829+0.00374489j,-0.07714906-0.02806378j],[0.48686462+0.0135062j,0.14521341+0.04967288j,0.0622276+0.10469281j,-0.21623799-0.10218724j],[0.38315917-0.12754217j,0.16841432-0.08746805j,0.0978711-0.12289051j,-0.16188911+0.06284061j],[-0.20485272+0.24791507j,0.10587479+0.22720328j,0.39303651+0.18255967j,-0.0976712-0.03953698j]]]", "initial param values": "[1.9609185,4.59187126,4.29643701,5.25222799,3.97248913,1.90835049]", "nelder_mead": {"type": "gradient-free", "0": {"maxiter": 100, "fatol": 1e-05, "xatol": 1e-05, "duration": 0.03434324264526367, "fun": "0.2807246007444095", "nit": "100", "nfev": "151", "status": "2", "success": "False", "message": "Maximum number of iterations has been exceeded.", "x": "[3.91455565 4.69109801 1.01716545 7.40745899 1.37543427 2.37211181]", "final_simplex": "(array([[3.91455565, 4.69109801, 1.01716545, 7.40745899, 1.37543427,\n        2.37211181],\n       [4.04221823, 4.57780223, 0.7274658 , 7.47043552, 1.242799  ,\n        2.47828218],\n       [3.96297538, 4.75859559, 1.00862647, 7.39798948, 1.27340244,\n        2.34485593],\n       [3.85465204, 4.68720414, 1.41088581, 7.07452456, 1.60206149,\n        2.20277029],\n       [3.89437011, 4.71999687, 0.99951102, 7.36896088, 1.27381452,\n        2.44870741],\n       [3.75776149, 4.77609166, 1.25636753, 7.19673735, 1.61441428,\n        2.25591754],\n       [3.69459495, 4.79336569, 1.6592311 , 7.00273645, 1.93134799,\n        2.02924419]]), array([0.2807246 , 0.28641895, 0.28922075, 0.29218872, 0.29648072,\n       0.29971852, 0.30046513]))", "callback": [0.6251012918461942, 0.4745363024225917, 0.41306232990611913, 0.33987961107808706, 0.3309167340780639, 0.3178894471155983, 0.31524553920015874, 0.31396327080753983, 0.3030215242225879]}, "1": {"maxiter": 100, "fatol": 1e-05, "xatol": 1e-10, "duration": 0.03433704376220703, "fun": "0.2807246007444095", "nit": "100", "nfev": "151", "status": "2", "success": "False", "message": "Maximum number of iterations has been exceeded.", "x": "[3.91455565 4.69109801 1.01716545 7.40745899 1.37543427 2.37211181]", "final_simplex": "(array([[3.91455565, 4.69109801, 1.01716545, 7.40745899, 1.37543427,\n        2.37211181],\n       [4.04221823, 4.57780223, 0.7274658 , 7.47043552, 1.242799  ,\n        2.47828218],\n       [3.96297538, 4.75859559, 1.00862647, 7.39798948, 1.27340244,\n        2.34485593],\n       [3.85465204, 4.68720414, 1.41088581, 7.07452456, 1.60206149,\n        2.20277029],\n       [3.89437011, 4.71999687, 0.99951102, 7.36896088, 1.27381452,\n        2.44870741],\n       [3.75776149, 4.77609166, 1.25636753, 7.19673735, 1.61441428,\n        2.25591754],\n       [3.69459495, 4.79336569, 1.6592311 , 7.00273645, 1.93134799,\n        2.02924419]]), array([0.2807246 , 0.28641895, 0.28922075, 0.29218872, 0.29648072,\n       0.29971852, 0.30046513]))", "callback": [0.6251012918461942, 0.4745363024225917, 0.41306232990611913, 0.33987961107808706, 0.3309167340780639, 0.3178894471155983, 0.31524553920015874, 0.31396327080753983, 0.3030215242225879]}, "2": {"maxiter": 100, "fatol": 1e-10, "xatol": 1e-05, "duration": 0.03629469871520996, "fun": "0.2807246007444095", "nit": "100", "nfev": "151", "status": "2", "success": "False", "message": "Maximum number of iterations has been exceeded.", "x": "[3.91455565 4.69109801 1.01716545 7.40745899 1.37543427 2.37211181]", "final_simplex": "(array([[3.91455565, 4.69109801, 1.01716545, 7.40745899, 1.37543427,\n        2.37211181],\n       [4.04221823, 4.57780223, 0.7274658 , 7.47043552, 1.242799  ,\n        2.47828218],\n       [3.96297538, 4.75859559, 1.00862647, 7.39798948, 1.27340244,\n        2.34485593],\n       [3.85465204, 4.68720414, 1.41088581, 7.07452456, 1.60206149,\n        2.20277029],\n       [3.89437011, 4.71999687, 0.99951102, 7.36896088, 1.27381452,\n        2.44870741],\n       [3.75776149, 4.77609166, 1.25636753, 7.19673735, 1.61441428,\n        2.25591754],\n       [3.69459495, 4.79336569, 1.6592311 , 7.00273645, 1.93134799,\n        2.02924419]]), array([0.2807246 , 0.28641895, 0.28922075, 0.29218872, 0.29648072,\n       0.29971852, 0.30046513]))", "callback": [0.6251012918461942, 0.4745363024225917, 0.41306232990611913, 0.33987961107808706, 0.3309167340780639, 0.3178894471155983, 0.31524553920015874, 0.31396327080753983, 0.3030215242225879]}, "3": {"maxiter": 100, "fatol": 1e-10, "xatol": 1e-10, "duration": 0.035295963287353516, "fun": "0.2807246007444095", "nit": "100", "nfev": "151", "status": "2", "success": "False", "message": "Maximum number of iterations has been exceeded.", "x": "[3.91455565 4.69109801 1.01716545 7.40745899 1.37543427 2.37211181]", "final_simplex": "(array([[3.91455565, 4.69109801, 1.01716545, 7.40745899, 1.37543427,\n        2.37211181],\n       [4.04221823, 4.57780223, 0.7274658 , 7.47043552, 1.242799  ,\n        2.47828218],\n       [3.96297538, 4.75859559, 1.00862647, 7.39798948, 1.27340244,\n        2.34485593],\n       [3.85465204, 4.68720414, 1.41088581, 7.07452456, 1.60206149,\n        2.20277029],\n       [3.89437011, 4.71999687, 0.99951102, 7.36896088, 1.27381452,\n        2.44870741],\n       [3.75776149, 4.77609166, 1.25636753, 7.19673735, 1.61441428,\n        2.25591754],\n       [3.69459495, 4.79336569, 1.6592311 , 7.00273645, 1.93134799,\n        2.02924419]]), array([0.2807246 , 0.28641895, 0.28922075, 0.29218872, 0.29648072,\n       0.29971852, 0.30046513]))", "callback": [0.6251012918461942, 0.4745363024225917, 0.41306232990611913, 0.33987961107808706, 0.3309167340780639, 0.3178894471155983, 0.31524553920015874, 0.31396327080753983, 0.3030215242225879]}, "4": {"maxiter": 500, "fatol": 1e-05, "xatol": 1e-05, "duration": 0.1794741153717041, "fun": "0.10962969440624981", "nit": "500", "nfev": "794", "status": "2", "success": "False", "message": "Maximum number of iterations has been exceeded.", "x": "[ 5.28795795  4.64673053 -0.42350985  9.11929224 -0.36197971  1.38972573]", "final_simplex": "(array([[ 5.28795795,  4.64673053, -0.42350985,  9.11929224, -0.36197971,\n         1.38972573],\n       [ 5.28795781,  4.64673539, -0.42351249,  9.11928895, -0.36198871,\n         1.38971689],\n       [ 5.28795724,  4.6467344 , -0.42351165,  9.11929024, -0.36198184,\n         1.38972561],\n       [ 5.28795937,  4.64673444, -0.42351404,  9.11929068, -0.36198987,\n         1.38971476],\n       [ 5.28795563,  4.64673191, -0.42350914,  9.11929009, -0.36197192,\n         1.38973206],\n       [ 5.28795791,  4.64673214, -0.42351378,  9.11929054, -0.36199075,\n         1.3897144 ],\n       [ 5.28795879,  4.64673639, -0.42351613,  9.1192906 , -0.36199505,\n         1.3897095 ]]), array([0.10962969, 0.10962969, 0.10962969, 0.10962969, 0.10962969,\n       0.10962969, 0.10962969]))", "callback": [0.6251012918461942, 0.4745363024225917, 0.41306232990611913, 0.33987961107808706, 0.3309167340780639, 0.3178894471155983, 0.31524553920015874, 0.31396327080753983, 0.3030215242225879, 0.2807246007444095, 0.2506196721573264, 0.20070061940714, 0.15795930151489257, 0.1408282607857274, 0.13070409694492602, 0.1261534615147788, 0.12334451482389142, 0.11704180327765046, 0.11315680247878435, 0.11239735620831803, 0.11229531731822451, 0.11227788637345304, 0.11227054043396678, 0.11226855451949269, 0.11226763646005589, 0.1122650857048697, 0.11226083977919188, 0.11224455074605888, 0.11220251381818436, 0.11213140777097808, 0.11190639624853571, 0.11178957413472079, 0.11157742211947064, 0.11087974199507178, 0.11065110446570625, 0.11005949947390337, 0.10985898711991304, 0.1097396385617686, 0.10965468191542327, 0.10963960197328348, 0.10963110474902227, 0.1096299851202972, 0.10962975008624987, 0.10962970605779487, 0.10962969530632538, 0.10962969463621863, 0.10962969446418414, 0.1096296944246894, 0.10962969440840253]}, "5": {"maxiter": 500, "fatol": 1e-05, "xatol": 1e-10, "duration": 0.18093490600585938, "fun": "0.10962969440624981", "nit": "500", "nfev": "794", "status": "2", "success": "False", "message": "Maximum number of iterations has been exceeded.", "x": "[ 5.28795795  4.64673053 -0.42350985  9.11929224 -0.36197971  1.38972573]", "final_simplex": "(array([[ 5.28795795,  4.64673053, -0.42350985,  9.11929224, -0.36197971,\n         1.38972573],\n       [ 5.28795781,  4.64673539, -0.42351249,  9.11928895, -0.36198871,\n         1.38971689],\n       [ 5.28795724,  4.6467344 , -0.42351165,  9.11929024, -0.36198184,\n         1.38972561],\n       [ 5.28795937,  4.64673444, -0.42351404,  9.11929068, -0.36198987,\n         1.38971476],\n       [ 5.28795563,  4.64673191, -0.42350914,  9.11929009, -0.36197192,\n         1.38973206],\n       [ 5.28795791,  4.64673214, -0.42351378,  9.11929054, -0.36199075,\n         1.3897144 ],\n       [ 5.28795879,  4.64673639, -0.42351613,  9.1192906 , -0.36199505,\n         1.3897095 ]]), array([0.10962969, 0.10962969, 0.10962969, 0.10962969, 0.10962969,\n       0.10962969, 0.10962969]))", "callback": [0.6251012918461942, 0.4745363024225917, 0.41306232990611913, 0.33987961107808706, 0.3309167340780639, 0.3178894471155983, 0.31524553920015874, 0.31396327080753983, 0.3030215242225879, 0.2807246007444095, 0.2506196721573264, 0.20070061940714, 0.15795930151489257, 0.1408282607857274, 0.13070409694492602, 0.1261534615147788, 0.12334451482389142, 0.11704180327765046, 0.11315680247878435, 0.11239735620831803, 0.11229531731822451, 0.11227788637345304, 0.11227054043396678, 0.11226855451949269, 0.11226763646005589, 0.1122650857048697, 0.11226083977919188, 0.11224455074605888, 0.11220251381818436, 0.11213140777097808, 0.11190639624853571, 0.11178957413472079, 0.11157742211947064, 0.11087974199507178, 0.11065110446570625, 0.11005949947390337, 0.10985898711991304, 0.1097396385617686, 0.10965468191542327, 0.10963960197328348, 0.10963110474902227, 0.1096299851202972, 0.10962975008624987, 0.10962970605779487, 0.10962969530632538, 0.10962969463621863, 0.10962969446418414, 0.1096296944246894, 0.10962969440840253]}, "6": {"maxiter": 500, "fatol": 1e-10, "xatol": 1e-05, "duration": 0.17749691009521484, "fun": "0.10962969440624981", "nit": "500", "nfev": "794", "status": "2", "success": "False", "message": "Maximum number of iterations has been exceeded.", "x": "[ 5.28795795  4.64673053 -0.42350985  9.11929224 -0.36197971  1.38972573]", "final_simplex": "(array([[ 5.28795795,  4.64673053, -0.42350985,  9.11929224, -0.36197971,\n         1.38972573],\n       [ 5.28795781,  4.64673539, -0.42351249,  9.11928895, -0.36198871,\n         1.38971689],\n       [ 5.28795724,  4.6467344 , -0.42351165,  9.11929024, -0.36198184,\n         1.38972561],\n       [ 5.28795937,  4.64673444, -0.42351404,  9.11929068, -0.36198987,\n         1.38971476],\n       [ 5.28795563,  4.64673191, -0.42350914,  9.11929009, -0.36197192,\n         1.38973206],\n       [ 5.28795791,  4.64673214, -0.42351378,  9.11929054, -0.36199075,\n         1.3897144 ],\n       [ 5.28795879,  4.64673639, -0.42351613,  9.1192906 , -0.36199505,\n         1.3897095 ]]), array([0.10962969, 0.10962969, 0.10962969, 0.10962969, 0.10962969,\n       0.10962969, 0.10962969]))", "callback": [0.6251012918461942, 0.4745363024225917, 0.41306232990611913, 0.33987961107808706, 0.3309167340780639, 0.3178894471155983, 0.31524553920015874, 0.31396327080753983, 0.3030215242225879, 0.2807246007444095, 0.2506196721573264, 0.20070061940714, 0.15795930151489257, 0.1408282607857274, 0.13070409694492602, 0.1261534615147788, 0.12334451482389142, 0.11704180327765046, 0.11315680247878435, 0.11239735620831803, 0.11229531731822451, 0.11227788637345304, 0.11227054043396678, 0.11226855451949269, 0.11226763646005589, 0.1122650857048697, 0.11226083977919188, 0.11224455074605888, 0.11220251381818436, 0.11213140777097808, 0.11190639624853571, 0.11178957413472079, 0.11157742211947064, 0.11087974199507178, 0.11065110446570625, 0.11005949947390337, 0.10985898711991304, 0.1097396385617686, 0.10965468191542327, 0.10963960197328348, 0.10963110474902227, 0.1096299851202972, 0.10962975008624987, 0.10962970605779487, 0.10962969530632538, 0.10962969463621863, 0.10962969446418414, 0.1096296944246894, 0.10962969440840253]}, "7": {"maxiter": 500, "fatol": 1e-10, "xatol": 1e-10, "duration": 0.17843008041381836, "fun": "0.10962969440624981", "nit": "500", "nfev": "794", "status": "2", "success": "False", "message": "Maximum number of iterations has been exceeded.", "x": "[ 5.28795795  4.64673053 -0.42350985  9.11929224 -0.36197971  1.38972573]", "final_simplex": "(array([[ 5.28795795,  4.64673053, -0.42350985,  9.11929224, -0.36197971,\n         1.38972573],\n       [ 5.28795781,  4.64673539, -0.42351249,  9.11928895, -0.36198871,\n         1.38971689],\n       [ 5.28795724,  4.6467344 , -0.42351165,  9.11929024, -0.36198184,\n         1.38972561],\n       [ 5.28795937,  4.64673444, -0.42351404,  9.11929068, -0.36198987,\n         1.38971476],\n       [ 5.28795563,  4.64673191, -0.42350914,  9.11929009, -0.36197192,\n         1.38973206],\n       [ 5.28795791,  4.64673214, -0.42351378,  9.11929054, -0.36199075,\n         1.3897144 ],\n       [ 5.28795879,  4.64673639, -0.42351613,  9.1192906 , -0.36199505,\n         1.3897095 ]]), array([0.10962969, 0.10962969, 0.10962969, 0.10962969, 0.10962969,\n       0.10962969, 0.10962969]))", "callback": [0.6251012918461942, 0.4745363024225917, 0.41306232990611913, 0.33987961107808706, 0.3309167340780639, 0.3178894471155983, 0.31524553920015874, 0.31396327080753983, 0.3030215242225879, 0.2807246007444095, 0.2506196721573264, 0.20070061940714, 0.15795930151489257, 0.1408282607857274, 0.13070409694492602, 0.1261534615147788, 0.12334451482389142, 0.11704180327765046, 0.11315680247878435, 0.11239735620831803, 0.11229531731822451, 0.11227788637345304, 0.11227054043396678, 0.11226855451949269, 0.11226763646005589, 0.1122650857048697, 0.11226083977919188, 0.11224455074605888, 0.11220251381818436, 0.11213140777097808, 0.11190639624853571, 0.11178957413472079, 0.11157742211947064, 0.11087974199507178, 0.11065110446570625, 0.11005949947390337, 0.10985898711991304, 0.1097396385617686, 0.10965468191542327, 0.10963960197328348, 0.10963110474902227, 0.1096299851202972, 0.10962975008624987, 0.10962970605779487, 0.10962969530632538, 0.10962969463621863, 0.10962969446418414, 0.1096296944246894, 0.10962969440840253]}, "8": {"maxiter": 1000, "fatol": 1e-05, "xatol": 1e-05, "duration": 0.19586586952209473, "fun": "0.1096296944054691", "nit": "509", "nfev": "810", "status": "0", "success": "True", "message": "Optimization terminated successfully.", "x": "[ 5.28795741  4.6467318  -0.42351001  9.11929023 -0.36198013  1.38972613]", "final_simplex": "(array([[ 5.28795741,  4.6467318 , -0.42351001,  9.11929023, -0.36198013,\n         1.38972613],\n       [ 5.2879589 ,  4.64673358, -0.42351269,  9.11929046, -0.36198978,\n         1.38971704],\n       [ 5.28795793,  4.64673384, -0.42351185,  9.11928988, -0.36198622,\n         1.38971964],\n       [ 5.28795766,  4.6467335 , -0.42351151,  9.11929041, -0.36198324,\n         1.38972345],\n       [ 5.28795861,  4.64673359, -0.42351262,  9.1192906 , -0.36198683,\n         1.38971861],\n       [ 5.28795814,  4.64673515, -0.42351324,  9.11928862, -0.3619899 ,\n         1.38971704],\n       [ 5.28795766,  4.64673245, -0.42351228,  9.11929048, -0.36198576,\n         1.38971959]]), array([0.10962969, 0.10962969, 0.10962969, 0.10962969, 0.10962969,\n       0.10962969, 0.10962969]))", "callback": [0.6251012918461942, 0.4745363024225917, 0.41306232990611913, 0.33987961107808706, 0.3309167340780639, 0.3178894471155983, 0.31524553920015874, 0.31396327080753983, 0.3030215242225879, 0.2807246007444095, 0.2506196721573264, 0.20070061940714, 0.15795930151489257, 0.1408282607857274, 0.13070409694492602, 0.1261534615147788, 0.12334451482389142, 0.11704180327765046, 0.11315680247878435, 0.11239735620831803, 0.11229531731822451, 0.11227788637345304, 0.11227054043396678, 0.11226855451949269, 0.11226763646005589, 0.1122650857048697, 0.11226083977919188, 0.11224455074605888, 0.11220251381818436, 0.11213140777097808, 0.11190639624853571, 0.11178957413472079, 0.11157742211947064, 0.11087974199507178, 0.11065110446570625, 0.11005949947390337, 0.10985898711991304, 0.1097396385617686, 0.10965468191542327, 0.10963960197328348, 0.10963110474902227, 0.1096299851202972, 0.10962975008624987, 0.10962970605779487, 0.10962969530632538, 0.10962969463621863, 0.10962969446418414, 0.1096296944246894, 0.10962969440840253, 0.10962969440613712]}, "9": {"maxiter": 1000, "fatol": 1e-05, "xatol": 1e-10, "duration": 0.23601794242858887, "fun": "0.1096296944052636", "nit": "612", "nfev": "1047", "status": "0", "success": "True", "message": "Optimization terminated successfully.", "x": "[ 5.28795852  4.64673292 -0.42351132  9.11928986 -0.36198411  1.38972267]", "final_simplex": "(array([[ 5.28795852,  4.64673292, -0.42351132,  9.11928986, -0.36198411,\n         1.38972267],\n       [ 5.28795852,  4.64673292, -0.42351132,  9.11928986, -0.36198411,\n         1.38972267],\n       [ 5.28795852,  4.64673292, -0.42351132,  9.11928986, -0.36198411,\n         1.38972267],\n       [ 5.28795852,  4.64673292, -0.42351132,  9.11928986, -0.36198411,\n         1.38972267],\n       [ 5.28795852,  4.64673292, -0.42351132,  9.11928986, -0.36198411,\n         1.38972267],\n       [ 5.28795852,  4.64673292, -0.42351132,  9.11928986, -0.36198411,\n         1.38972267],\n       [ 5.28795852,  4.64673292, -0.42351132,  9.11928986, -0.36198411,\n         1.38972267]]), array([0.10962969, 0.10962969, 0.10962969, 0.10962969, 0.10962969,\n       0.10962969, 0.10962969]))", "callback": [0.6251012918461942, 0.4745363024225917, 0.41306232990611913, 0.33987961107808706, 0.3309167340780639, 0.3178894471155983, 0.31524553920015874, 0.31396327080753983, 0.3030215242225879, 0.2807246007444095, 0.2506196721573264, 0.20070061940714, 0.15795930151489257, 0.1408282607857274, 0.13070409694492602, 0.1261534615147788, 0.12334451482389142, 0.11704180327765046, 0.11315680247878435, 0.11239735620831803, 0.11229531731822451, 0.11227788637345304, 0.11227054043396678, 0.11226855451949269, 0.11226763646005589, 0.1122650857048697, 0.11226083977919188, 0.11224455074605888, 0.11220251381818436, 0.11213140777097808, 0.11190639624853571, 0.11178957413472079, 0.11157742211947064, 0.11087974199507178, 0.11065110446570625, 0.11005949947390337, 0.10985898711991304, 0.1097396385617686, 0.10965468191542327, 0.10963960197328348, 0.10963110474902227, 0.1096299851202972, 0.10962975008624987, 0.10962970605779487, 0.10962969530632538, 0.10962969463621863, 0.10962969446418414, 0.1096296944246894, 0.10962969440840253, 0.10962969440613712, 0.10962969440544656, 0.109629694405312, 0.10962969440530179, 0.10962969440527215, 0.10962969440526715, 0.10962969440526482, 0.10962969440526416, 0.10962969440526382, 0.1096296944052636, 0.1096296944052636, 0.1096296944052636]}, "10": {"maxiter": 1000, "fatol": 1e-10, "xatol": 1e-05, "duration": 0.18276405334472656, "fun": "0.1096296944054691", "nit": "509", "nfev": "810", "status": "0", "success": "True", "message": "Optimization terminated successfully.", "x": "[ 5.28795741  4.6467318  -0.42351001  9.11929023 -0.36198013  1.38972613]", "final_simplex": "(array([[ 5.28795741,  4.6467318 , -0.42351001,  9.11929023, -0.36198013,\n         1.38972613],\n       [ 5.2879589 ,  4.64673358, -0.42351269,  9.11929046, -0.36198978,\n         1.38971704],\n       [ 5.28795793,  4.64673384, -0.42351185,  9.11928988, -0.36198622,\n         1.38971964],\n       [ 5.28795766,  4.6467335 , -0.42351151,  9.11929041, -0.36198324,\n         1.38972345],\n       [ 5.28795861,  4.64673359, -0.42351262,  9.1192906 , -0.36198683,\n         1.38971861],\n       [ 5.28795814,  4.64673515, -0.42351324,  9.11928862, -0.3619899 ,\n         1.38971704],\n       [ 5.28795766,  4.64673245, -0.42351228,  9.11929048, -0.36198576,\n         1.38971959]]), array([0.10962969, 0.10962969, 0.10962969, 0.10962969, 0.10962969,\n       0.10962969, 0.10962969]))", "callback": [0.6251012918461942, 0.4745363024225917, 0.41306232990611913, 0.33987961107808706, 0.3309167340780639, 0.3178894471155983, 0.31524553920015874, 0.31396327080753983, 0.3030215242225879, 0.2807246007444095, 0.2506196721573264, 0.20070061940714, 0.15795930151489257, 0.1408282607857274, 0.13070409694492602, 0.1261534615147788, 0.12334451482389142, 0.11704180327765046, 0.11315680247878435, 0.11239735620831803, 0.11229531731822451, 0.11227788637345304, 0.11227054043396678, 0.11226855451949269, 0.11226763646005589, 0.1122650857048697, 0.11226083977919188, 0.11224455074605888, 0.11220251381818436, 0.11213140777097808, 0.11190639624853571, 0.11178957413472079, 0.11157742211947064, 0.11087974199507178, 0.11065110446570625, 0.11005949947390337, 0.10985898711991304, 0.1097396385617686, 0.10965468191542327, 0.10963960197328348, 0.10963110474902227, 0.1096299851202972, 0.10962975008624987, 0.10962970605779487, 0.10962969530632538, 0.10962969463621863, 0.10962969446418414, 0.1096296944246894, 0.10962969440840253, 0.10962969440613712]}, "11": {"maxiter": 1000, "fatol": 1e-10, "xatol": 1e-10, "duration": 0.24430418014526367, "fun": "0.1096296944052636", "nit": "612", "nfev": "1047", "status": "0", "success": "True", "message": "Optimization terminated successfully.", "x": "[ 5.28795852  4.64673292 -0.42351132  9.11928986 -0.36198411  1.38972267]", "final_simplex": "(array([[ 5.28795852,  4.64673292, -0.42351132,  9.11928986, -0.36198411,\n         1.38972267],\n       [ 5.28795852,  4.64673292, -0.42351132,  9.11928986, -0.36198411,\n         1.38972267],\n       [ 5.28795852,  4.64673292, -0.42351132,  9.11928986, -0.36198411,\n         1.38972267],\n       [ 5.28795852,  4.64673292, -0.42351132,  9.11928986, -0.36198411,\n         1.38972267],\n       [ 5.28795852,  4.64673292, -0.42351132,  9.11928986, -0.36198411,\n         1.38972267],\n       [ 5.28795852,  4.64673292, -0.42351132,  9.11928986, -0.36198411,\n         1.38972267],\n       [ 5.28795852,  4.64673292, -0.42351132,  9.11928986, -0.36198411,\n         1.38972267]]), array([0.10962969, 0.10962969, 0.10962969, 0.10962969, 0.10962969,\n       0.10962969, 0.10962969]))", "callback": [0.6251012918461942, 0.4745363024225917, 0.41306232990611913, 0.33987961107808706, 0.3309167340780639, 0.3178894471155983, 0.31524553920015874, 0.31396327080753983, 0.3030215242225879, 0.2807246007444095, 0.2506196721573264, 0.20070061940714, 0.15795930151489257, 0.1408282607857274, 0.13070409694492602, 0.1261534615147788, 0.12334451482389142, 0.11704180327765046, 0.11315680247878435, 0.11239735620831803, 0.11229531731822451, 0.11227788637345304, 0.11227054043396678, 0.11226855451949269, 0.11226763646005589, 0.1122650857048697, 0.11226083977919188, 0.11224455074605888, 0.11220251381818436, 0.11213140777097808, 0.11190639624853571, 0.11178957413472079, 0.11157742211947064, 0.11087974199507178, 0.11065110446570625, 0.11005949947390337, 0.10985898711991304, 0.1097396385617686, 0.10965468191542327, 0.10963960197328348, 0.10963110474902227, 0.1096299851202972, 0.10962975008624987, 0.10962970605779487, 0.10962969530632538, 0.10962969463621863, 0.10962969446418414, 0.1096296944246894, 0.10962969440840253, 0.10962969440613712, 0.10962969440544656, 0.109629694405312, 0.10962969440530179, 0.10962969440527215, 0.10962969440526715, 0.10962969440526482, 0.10962969440526416, 0.10962969440526382, 0.1096296944052636, 0.1096296944052636, 0.1096296944052636]}}, "bfgs": {"type": "gradient", "0": {"maxiter": 100, "gtol": 1e-05, "xrtol": 1e-05, "eps": 1e-05, "duration": 0.06432414054870605, "fun": "0.10962969566689995", "jac": "[-1.14513954e-06  6.84818868e-07  1.96999084e-06 -4.79589701e-06\n -7.78661580e-06  7.10613790e-06]", "hess_inv": "[[ 3.95569375e+00  2.17657489e+00 -3.05181038e+00  9.72476256e-02\n  -1.25504560e+01 -1.03638723e+01]\n [ 2.17657489e+00  9.13580779e+00 -8.96590505e+00 -1.72341116e+00\n  -2.55807702e+01 -2.37454269e+01]\n [-3.05181038e+00 -8.96590505e+00  1.37820323e+01  2.87241038e-01\n   3.67282981e+01  3.55647974e+01]\n [ 9.72476256e-02 -1.72341116e+00  2.87241038e-01  3.24755912e+00\n   2.26453508e+00  1.69565937e+00]\n [-1.25504560e+01 -2.55807702e+01  3.67282981e+01  2.26453508e+00\n   1.36460733e+02  1.28199791e+02]\n [-1.03638723e+01 -2.37454269e+01  3.55647974e+01  1.69565937e+00\n   1.28199791e+02  1.23805632e+02]]", "nfev": "259", "njev": "37", "status": "0", "success": "True", "message": "Optimization terminated successfully.", "x": "[5.2880033  4.6468488  5.85953669 9.11925284 5.92066254 1.38924437]", "nit": "34", "callback": [0.26002282663537113, 0.11930111035231383, 0.10967453422257811]}, "1": {"maxiter": 100, "gtol": 1e-05, "xrtol": 1e-05, "eps": 1e-10, "duration": 0.06400299072265625, "fun": "0.10962969557697388", "jac": "[-3.33066880e-06  2.22044587e-06  1.11022293e-06 -2.22044587e-06\n -9.99200639e-06  6.66133760e-06]", "hess_inv": "[[ 3.94868136e+00  2.18948525e+00 -3.07318805e+00  9.87115091e-02\n  -1.26351568e+01 -1.04522611e+01]\n [ 2.18948525e+00  9.18911217e+00 -9.04193487e+00 -1.71093598e+00\n  -2.58368533e+01 -2.39958441e+01]\n [-3.07318805e+00 -9.04193487e+00  1.38630722e+01  2.79803239e-01\n   3.70397201e+01  3.58572227e+01]\n [ 9.87115091e-02 -1.71093598e+00  2.79803239e-01  3.24552371e+00\n   2.24750043e+00  1.68429798e+00]\n [-1.26351568e+01 -2.58368533e+01  3.70397201e+01  2.24750043e+00\n   1.37456905e+02  1.29155781e+02]\n [-1.04522611e+01 -2.39958441e+01  3.58572227e+01  1.68429798e+00\n   1.29155781e+02  1.24715141e+02]]", "nfev": "259", "njev": "37", "status": "0", "success": "True", "message": "Optimization terminated successfully.", "x": "[5.28800381 4.64684023 5.8595525  9.11926511 5.92067892 1.38926121]", "nit": "34", "callback": [0.2600134194660819, 0.11929429614457943, 0.10967508256902125]}, "2": {"maxiter": 100, "gtol": 1e-05, "xrtol": 1e-10, "eps": 1e-05, "duration": 0.06861710548400879, "fun": "0.10962969566689995", "jac": "[-1.14513954e-06  6.84818868e-07  1.96999084e-06 -4.79589701e-06\n -7.78661580e-06  7.10613790e-06]", "hess_inv": "[[ 3.95569375e+00  2.17657489e+00 -3.05181038e+00  9.72476256e-02\n  -1.25504560e+01 -1.03638723e+01]\n [ 2.17657489e+00  9.13580779e+00 -8.96590505e+00 -1.72341116e+00\n  -2.55807702e+01 -2.37454269e+01]\n [-3.05181038e+00 -8.96590505e+00  1.37820323e+01  2.87241038e-01\n   3.67282981e+01  3.55647974e+01]\n [ 9.72476256e-02 -1.72341116e+00  2.87241038e-01  3.24755912e+00\n   2.26453508e+00  1.69565937e+00]\n [-1.25504560e+01 -2.55807702e+01  3.67282981e+01  2.26453508e+00\n   1.36460733e+02  1.28199791e+02]\n [-1.03638723e+01 -2.37454269e+01  3.55647974e+01  1.69565937e+00\n   1.28199791e+02  1.23805632e+02]]", "nfev": "259", "njev": "37", "status": "0", "success": "True", "message": "Optimization terminated successfully.", "x": "[5.2880033  4.6468488  5.85953669 9.11925284 5.92066254 1.38924437]", "nit": "34", "callback": [0.26002282663537113, 0.11930111035231383, 0.10967453422257811]}, "3": {"maxiter": 100, "gtol": 1e-05, "xrtol": 1e-10, "eps": 1e-10, "duration": 0.06575989723205566, "fun": "0.10962969557697388", "jac": "[-3.33066880e-06  2.22044587e-06  1.11022293e-06 -2.22044587e-06\n -9.99200639e-06  6.66133760e-06]", "hess_inv": "[[ 3.94868136e+00  2.18948525e+00 -3.07318805e+00  9.87115091e-02\n  -1.26351568e+01 -1.04522611e+01]\n [ 2.18948525e+00  9.18911217e+00 -9.04193487e+00 -1.71093598e+00\n  -2.58368533e+01 -2.39958441e+01]\n [-3.07318805e+00 -9.04193487e+00  1.38630722e+01  2.79803239e-01\n   3.70397201e+01  3.58572227e+01]\n [ 9.87115091e-02 -1.71093598e+00  2.79803239e-01  3.24552371e+00\n   2.24750043e+00  1.68429798e+00]\n [-1.26351568e+01 -2.58368533e+01  3.70397201e+01  2.24750043e+00\n   1.37456905e+02  1.29155781e+02]\n [-1.04522611e+01 -2.39958441e+01  3.58572227e+01  1.68429798e+00\n   1.29155781e+02  1.24715141e+02]]", "nfev": "259", "njev": "37", "status": "0", "success": "True", "message": "Optimization terminated successfully.", "x": "[5.28800381 4.64684023 5.8595525  9.11926511 5.92067892 1.38926121]", "nit": "34", "callback": [0.2600134194660819, 0.11929429614457943, 0.10967508256902125]}, "4": {"maxiter": 100, "gtol": 1e-10, "xrtol": 1e-05, "eps": 1e-05, "duration": 0.06214594841003418, "fun": "0.10962969519024512", "jac": "[-4.97302199e-07 -2.84272605e-07 -6.64945876e-07  1.95976568e-07\n -1.63317138e-06  1.76367809e-06]", "hess_inv": "[[ 3.86302358e+00  2.08635473e+00 -2.84135883e+00  6.79241703e-02\n  -1.21572606e+01 -1.00074861e+01]\n [ 2.08635473e+00  9.07369420e+00 -8.70557621e+00 -1.81600082e+00\n  -2.52739580e+01 -2.34103774e+01]\n [-2.84135883e+00 -8.70557621e+00  1.34236034e+01  2.15795244e-01\n   3.56715731e+01  3.47297722e+01]\n [ 6.79241703e-02 -1.81600082e+00  2.15795244e-01  3.39773201e+00\n   2.57814926e+00  1.83809516e+00]\n [-1.21572606e+01 -2.52739580e+01  3.56715731e+01  2.57814926e+00\n   1.35016912e+02  1.26722860e+02]\n [-1.00074861e+01 -2.34103774e+01  3.47297722e+01  1.83809516e+00\n   1.26722860e+02  1.22440579e+02]]", "nfev": "266", "njev": "38", "status": "0", "success": "True", "message": "Optimization terminated successfully.", "x": "[5.28798867 4.64682297 5.85954495 9.11927704 5.92075884 1.389306  ]", "nit": "35", "callback": [0.26002282663537113, 0.11930111035231383, 0.10967453422257811]}, "5": {"maxiter": 100, "gtol": 1e-10, "xrtol": 1e-05, "eps": 1e-10, "duration": 0.06342577934265137, "fun": "0.10962969440899262", "jac": "[4.44089173e-06 1.11022293e-06 0.00000000e+00 2.22044587e-06\n 1.11022293e-06 3.33066880e-06]", "hess_inv": "[[ 3.86160743e+00  2.05127958e+00 -2.59919727e+00  2.94392698e-02\n  -1.20921015e+01 -9.76330974e+00]\n [ 2.05127958e+00  8.96039012e+00 -8.09369645e+00 -1.84238174e+00\n  -2.50829090e+01 -2.28490286e+01]\n [-2.59919727e+00 -8.09369645e+00  1.19074869e+01  3.33369717e-01\n   3.28949066e+01  3.15949747e+01]\n [ 2.94392698e-02 -1.84238174e+00  3.33369717e-01  3.26764693e+00\n   2.99608723e+00  2.25598747e+00]\n [-1.20921015e+01 -2.50829090e+01  3.28949066e+01  2.99608723e+00\n   1.35341669e+02  1.25033333e+02]\n [-9.76330974e+00 -2.28490286e+01  3.15949747e+01  2.25598747e+00\n   1.25033333e+02  1.19037606e+02]]", "nfev": "273", "njev": "39", "status": "0", "success": "True", "message": "Optimization terminated successfully.", "x": "[5.28795928 4.64673364 5.85966755 9.11929109 5.92118392 1.38970575]", "nit": "36", "callback": [0.2600134194660819, 0.11929429614457943, 0.10967508256902125]}, "6": {"maxiter": 100, "gtol": 1e-10, "xrtol": 1e-10, "eps": 1e-05, "duration": 0.11708426475524902, "fun": "0.1096296951625737", "jac": "[-9.96980276e-09  1.38222767e-08 -2.93098879e-09  2.64677169e-08\n -2.33146835e-09  1.04138920e-08]", "hess_inv": "[[ 3.87958977e+00  2.11447481e+00 -2.78458262e+00  1.01489872e-01\n  -1.18581269e+01 -9.47218040e+00]\n [ 2.11447481e+00  9.30507550e+00 -8.85264788e+00 -1.98560725e+00\n  -2.59290865e+01 -2.42135658e+01]\n [-2.78458262e+00 -8.85264788e+00  1.32254896e+01  2.87377910e-01\n   3.48507700e+01  3.37665175e+01]\n [ 1.01489872e-01 -1.98560725e+00  2.87377910e-01  3.44570514e+00\n   2.54369980e+00  1.95534524e+00]\n [-1.18581269e+01 -2.59290865e+01  3.48507700e+01  2.54369980e+00\n   1.30252471e+02  1.21090469e+02]\n [-9.47218040e+00 -2.42135658e+01  3.37665175e+01  1.95534524e+00\n   1.21090469e+02  1.16716314e+02]]", "nfev": "509", "njev": "71", "status": "2", "success": "False", "message": "Desired error not necessarily achieved due to precision loss.", "x": "[5.28798645 4.64682111 5.85954762 9.11927704 5.92076959 1.38931048]", "nit": "37", "callback": [0.26002282663537113, 0.11930111035231383, 0.10967453422257811]}, "7": {"maxiter": 100, "gtol": 1e-10, "xrtol": 1e-10, "eps": 1e-10, "duration": 0.09958124160766602, "fun": "0.10962969440888282", "jac": "[0.00000000e+00 1.11022293e-06 1.11022293e-06 2.22044587e-06\n 2.22044587e-06 2.22044587e-06]", "hess_inv": "[[ 23.83571535 -29.18556732   2.91416529  71.82067895 -32.19167764\n   -1.45288607]\n [-29.18556732  36.84592998  -2.50694695 -90.54630481  38.9496544\n    1.30534929]\n [  2.91416529  -2.50694695   2.33984769   5.43454062  -4.10891002\n   -0.26250448]\n [ 71.82067895 -90.54630481   5.43454062 233.72132557 -97.82205568\n   -1.90241828]\n [-32.19167764  38.9496544   -4.10891002 -97.82205568  44.82414458\n    1.3462504 ]\n [ -1.45288607   1.30534929  -0.26250448  -1.90241828   1.3462504\n    1.49789614]]", "nfev": "429", "njev": "60", "status": "0", "success": "True", "message": "Optimization terminated successfully.", "x": "[5.28795882 4.64673396 5.85966763 9.11928995 5.92118457 1.38970585]", "nit": "38", "callback": [0.2600134194660819, 0.11929429614457943, 0.10967508256902125]}, "8": {"maxiter": 500, "gtol": 1e-05, "xrtol": 1e-05, "eps": 1e-05, "duration": 0.06220531463623047, "fun": "0.10962969566689995", "jac": "[-1.14513954e-06  6.84818868e-07  1.96999084e-06 -4.79589701e-06\n -7.78661580e-06  7.10613790e-06]", "hess_inv": "[[ 3.95569375e+00  2.17657489e+00 -3.05181038e+00  9.72476256e-02\n  -1.25504560e+01 -1.03638723e+01]\n [ 2.17657489e+00  9.13580779e+00 -8.96590505e+00 -1.72341116e+00\n  -2.55807702e+01 -2.37454269e+01]\n [-3.05181038e+00 -8.96590505e+00  1.37820323e+01  2.87241038e-01\n   3.67282981e+01  3.55647974e+01]\n [ 9.72476256e-02 -1.72341116e+00  2.87241038e-01  3.24755912e+00\n   2.26453508e+00  1.69565937e+00]\n [-1.25504560e+01 -2.55807702e+01  3.67282981e+01  2.26453508e+00\n   1.36460733e+02  1.28199791e+02]\n [-1.03638723e+01 -2.37454269e+01  3.55647974e+01  1.69565937e+00\n   1.28199791e+02  1.23805632e+02]]", "nfev": "259", "njev": "37", "status": "0", "success": "True", "message": "Optimization terminated successfully.", "x": "[5.2880033  4.6468488  5.85953669 9.11925284 5.92066254 1.38924437]", "nit": "34", "callback": [0.26002282663537113, 0.11930111035231383, 0.10967453422257811]}, "9": {"maxiter": 500, "gtol": 1e-05, "xrtol": 1e-05, "eps": 1e-10, "duration": 0.0626368522644043, "fun": "0.10962969557697388", "jac": "[-3.33066880e-06  2.22044587e-06  1.11022293e-06 -2.22044587e-06\n -9.99200639e-06  6.66133760e-06]", "hess_inv": "[[ 3.94868136e+00  2.18948525e+00 -3.07318805e+00  9.87115091e-02\n  -1.26351568e+01 -1.04522611e+01]\n [ 2.18948525e+00  9.18911217e+00 -9.04193487e+00 -1.71093598e+00\n  -2.58368533e+01 -2.39958441e+01]\n [-3.07318805e+00 -9.04193487e+00  1.38630722e+01  2.79803239e-01\n   3.70397201e+01  3.58572227e+01]\n [ 9.87115091e-02 -1.71093598e+00  2.79803239e-01  3.24552371e+00\n   2.24750043e+00  1.68429798e+00]\n [-1.26351568e+01 -2.58368533e+01  3.70397201e+01  2.24750043e+00\n   1.37456905e+02  1.29155781e+02]\n [-1.04522611e+01 -2.39958441e+01  3.58572227e+01  1.68429798e+00\n   1.29155781e+02  1.24715141e+02]]", "nfev": "259", "njev": "37", "status": "0", "success": "True", "message": "Optimization terminated successfully.", "x": "[5.28800381 4.64684023 5.8595525  9.11926511 5.92067892 1.38926121]", "nit": "34", "callback": [0.2600134194660819, 0.11929429614457943, 0.10967508256902125]}, "10": {"maxiter": 500, "gtol": 1e-05, "xrtol": 1e-10, "eps": 1e-05, "duration": 0.062458038330078125, "fun": "0.10962969566689995", "jac": "[-1.14513954e-06  6.84818868e-07  1.96999084e-06 -4.79589701e-06\n -7.78661580e-06  7.10613790e-06]", "hess_inv": "[[ 3.95569375e+00  2.17657489e+00 -3.05181038e+00  9.72476256e-02\n  -1.25504560e+01 -1.03638723e+01]\n [ 2.17657489e+00  9.13580779e+00 -8.96590505e+00 -1.72341116e+00\n  -2.55807702e+01 -2.37454269e+01]\n [-3.05181038e+00 -8.96590505e+00  1.37820323e+01  2.87241038e-01\n   3.67282981e+01  3.55647974e+01]\n [ 9.72476256e-02 -1.72341116e+00  2.87241038e-01  3.24755912e+00\n   2.26453508e+00  1.69565937e+00]\n [-1.25504560e+01 -2.55807702e+01  3.67282981e+01  2.26453508e+00\n   1.36460733e+02  1.28199791e+02]\n [-1.03638723e+01 -2.37454269e+01  3.55647974e+01  1.69565937e+00\n   1.28199791e+02  1.23805632e+02]]", "nfev": "259", "njev": "37", "status": "0", "success": "True", "message": "Optimization terminated successfully.", "x": "[5.2880033  4.6468488  5.85953669 9.11925284 5.92066254 1.38924437]", "nit": "34", "callback": [0.26002282663537113, 0.11930111035231383, 0.10967453422257811]}, "11": {"maxiter": 500, "gtol": 1e-05, "xrtol": 1e-10, "eps": 1e-10, "duration": 0.06659507751464844, "fun": "0.10962969557697388", "jac": "[-3.33066880e-06  2.22044587e-06  1.11022293e-06 -2.22044587e-06\n -9.99200639e-06  6.66133760e-06]", "hess_inv": "[[ 3.94868136e+00  2.18948525e+00 -3.07318805e+00  9.87115091e-02\n  -1.26351568e+01 -1.04522611e+01]\n [ 2.18948525e+00  9.18911217e+00 -9.04193487e+00 -1.71093598e+00\n  -2.58368533e+01 -2.39958441e+01]\n [-3.07318805e+00 -9.04193487e+00  1.38630722e+01  2.79803239e-01\n   3.70397201e+01  3.58572227e+01]\n [ 9.87115091e-02 -1.71093598e+00  2.79803239e-01  3.24552371e+00\n   2.24750043e+00  1.68429798e+00]\n [-1.26351568e+01 -2.58368533e+01  3.70397201e+01  2.24750043e+00\n   1.37456905e+02  1.29155781e+02]\n [-1.04522611e+01 -2.39958441e+01  3.58572227e+01  1.68429798e+00\n   1.29155781e+02  1.24715141e+02]]", "nfev": "259", "njev": "37", "status": "0", "success": "True", "message": "Optimization terminated successfully.", "x": "[5.28800381 4.64684023 5.8595525  9.11926511 5.92067892 1.38926121]", "nit": "34", "callback": [0.2600134194660819, 0.11929429614457943, 0.10967508256902125]}, "12": {"maxiter": 500, "gtol": 1e-10, "xrtol": 1e-05, "eps": 1e-05, "duration": 0.06235218048095703, "fun": "0.10962969519024512", "jac": "[-4.97302199e-07 -2.84272605e-07 -6.64945876e-07  1.95976568e-07\n -1.63317138e-06  1.76367809e-06]", "hess_inv": "[[ 3.86302358e+00  2.08635473e+00 -2.84135883e+00  6.79241703e-02\n  -1.21572606e+01 -1.00074861e+01]\n [ 2.08635473e+00  9.07369420e+00 -8.70557621e+00 -1.81600082e+00\n  -2.52739580e+01 -2.34103774e+01]\n [-2.84135883e+00 -8.70557621e+00  1.34236034e+01  2.15795244e-01\n   3.56715731e+01  3.47297722e+01]\n [ 6.79241703e-02 -1.81600082e+00  2.15795244e-01  3.39773201e+00\n   2.57814926e+00  1.83809516e+00]\n [-1.21572606e+01 -2.52739580e+01  3.56715731e+01  2.57814926e+00\n   1.35016912e+02  1.26722860e+02]\n [-1.00074861e+01 -2.34103774e+01  3.47297722e+01  1.83809516e+00\n   1.26722860e+02  1.22440579e+02]]", "nfev": "266", "njev": "38", "status": "0", "success": "True", "message": "Optimization terminated successfully.", "x": "[5.28798867 4.64682297 5.85954495 9.11927704 5.92075884 1.389306  ]", "nit": "35", "callback": [0.26002282663537113, 0.11930111035231383, 0.10967453422257811]}, "13": {"maxiter": 500, "gtol": 1e-10, "xrtol": 1e-05, "eps": 1e-10, "duration": 0.06254696846008301, "fun": "0.10962969440899262", "jac": "[4.44089173e-06 1.11022293e-06 0.00000000e+00 2.22044587e-06\n 1.11022293e-06 3.33066880e-06]", "hess_inv": "[[ 3.86160743e+00  2.05127958e+00 -2.59919727e+00  2.94392698e-02\n  -1.20921015e+01 -9.76330974e+00]\n [ 2.05127958e+00  8.96039012e+00 -8.09369645e+00 -1.84238174e+00\n  -2.50829090e+01 -2.28490286e+01]\n [-2.59919727e+00 -8.09369645e+00  1.19074869e+01  3.33369717e-01\n   3.28949066e+01  3.15949747e+01]\n [ 2.94392698e-02 -1.84238174e+00  3.33369717e-01  3.26764693e+00\n   2.99608723e+00  2.25598747e+00]\n [-1.20921015e+01 -2.50829090e+01  3.28949066e+01  2.99608723e+00\n   1.35341669e+02  1.25033333e+02]\n [-9.76330974e+00 -2.28490286e+01  3.15949747e+01  2.25598747e+00\n   1.25033333e+02  1.19037606e+02]]", "nfev": "273", "njev": "39", "status": "0", "success": "True", "message": "Optimization terminated successfully.", "x": "[5.28795928 4.64673364 5.85966755 9.11929109 5.92118392 1.38970575]", "nit": "36", "callback": [0.2600134194660819, 0.11929429614457943, 0.10967508256902125]}, "14": {"m