{"date": "2024/09/25/, 15:53:41", "conf_id": 262, "data_type": "var_s_rank\n", "num_data_points": 2, "s_rank": 0, "unitary": "[[0.18663085-0.53122324j,-0.11886349-0.70040876j,0.28555095-0.02789305j,-0.12262021-0.2844587j],[-0.16702216+0.27758472j,0.27526351-0.29738586j,-0.01109314+0.22495461j,-0.77239203+0.28900673j],[0.61935415+0.12301792j,-0.31269928-0.03315917j,-0.61902762-0.19039079j,-0.27120731-0.0968989j],[0.42341754+0.0023929j,-0.05847358+0.47832119j,0.64900495-0.16218422j,-0.37182676-0.05229966j]]", "databatch_0": {"databatch": "[[[-0.06479557-0.13113404j,-0.08972972-0.25644572j,0.09315454+0.00151285j,0.10466621-0.35519065j],[0.09451171-0.11889149j,0.20119215-0.19776224j,0.03979833+0.08817554j,0.3799669-0.05884659j],[-0.02652688+0.00218433j,-0.04939982-0.00198635j,0.00649275-0.01566109j,-0.05309318-0.0414905j],[0.15730873+0.13731488j,0.25888482+0.28881238j,-0.12361364+0.04908465j,0.05680159+0.52555661j]],[[-0.1944458-0.18184177j,-0.09632195-0.01299094j,0.11248763+0.32792629j,0.28243157-0.083496j],[-0.17238487+0.23964588j,-0.00061743+0.10777291j,0.34467109-0.17024419j,-0.1319046-0.29875288j],[-0.28288828+0.03608704j,-0.07655206+0.07056645j,0.34735877+0.13136218j,0.12417818-0.2900188j],[-0.02423427-0.08246359j,-0.02465185-0.01941488j,-0.02252163+0.10963755j,0.09223096+0.02311911j]]]", "initial param values": "[5.09891241,5.19050908,4.4166956,2.78297765,4.77875847,5.45175465]", "nelder_mead": {"type": "gradient-free", "0": {"maxiter": 100, "fatol": 1e-05, "xatol": 1e-05, "duration": 0.038864850997924805, "fun": "0.21507325832819202", "nit": "100", "nfev": "156", "status": "2", "success": "False", "message": "Maximum number of iterations has been exceeded.", "x": "[5.11040046 4.22190986 5.60552615 4.22601681 2.43849227 4.83450657]", "final_simplex": "(array([[5.11040046, 4.22190986, 5.60552615, 4.22601681, 2.43849227,\n        4.83450657],\n       [5.34082768, 4.29868713, 5.55878245, 4.21327621, 2.25784045,\n        4.87359099],\n       [5.1932081 , 4.32598111, 5.53597089, 4.24520404, 2.33675975,\n        4.82877885],\n       [5.17524492, 4.27320698, 5.58425342, 4.25042385, 2.4271634 ,\n        4.78064007],\n       [5.19303995, 4.3116568 , 5.50259189, 4.24301663, 2.33889089,\n        4.85963647],\n       [5.33659503, 4.34070937, 5.50398366, 4.19266953, 2.27205401,\n        4.87488834],\n       [5.20317778, 4.29872265, 5.55067848, 4.28952757, 2.26627759,\n        4.79614539]]), array([0.21507326, 0.21728595, 0.21731146, 0.21749083, 0.21792586,\n       0.21834738, 0.21854757]))", "callback": [0.7846815798125615, 0.4136715414410277, 0.4136715414410277, 0.35192880305872243, 0.34927075493767556, 0.32866583347801726, 0.24821178132880317, 0.23545100536887253, 0.22159032303173787, 0.21792586437133366]}, "1": {"maxiter": 100, "fatol": 1e-05, "xatol": 1e-10, "duration": 0.03750205039978027, "fun": "0.21507325832819202", "nit": "100", "nfev": "156", "status": "2", "success": "False", "message": "Maximum number of iterations has been exceeded.", "x": "[5.11040046 4.22190986 5.60552615 4.22601681 2.43849227 4.83450657]", "final_simplex": "(array([[5.11040046, 4.22190986, 5.60552615, 4.22601681, 2.43849227,\n        4.83450657],\n       [5.34082768, 4.29868713, 5.55878245, 4.21327621, 2.25784045,\n        4.87359099],\n       [5.1932081 , 4.32598111, 5.53597089, 4.24520404, 2.33675975,\n        4.82877885],\n       [5.17524492, 4.27320698, 5.58425342, 4.25042385, 2.4271634 ,\n        4.78064007],\n       [5.19303995, 4.3116568 , 5.50259189, 4.24301663, 2.33889089,\n        4.85963647],\n       [5.33659503, 4.34070937, 5.50398366, 4.19266953, 2.27205401,\n        4.87488834],\n       [5.20317778, 4.29872265, 5.55067848, 4.28952757, 2.26627759,\n        4.79614539]]), array([0.21507326, 0.21728595, 0.21731146, 0.21749083, 0.21792586,\n       0.21834738, 0.21854757]))", "callback": [0.7846815798125615, 0.4136715414410277, 0.4136715414410277, 0.35192880305872243, 0.34927075493767556, 0.32866583347801726, 0.24821178132880317, 0.23545100536887253, 0.22159032303173787, 0.21792586437133366]}, "2": {"maxiter": 100, "fatol": 1e-10, "xatol": 1e-05, "duration": 0.036560773849487305, "fun": "0.21507325832819202", "nit": "100", "nfev": "156", "status": "2", "success": "False", "message": "Maximum number of iterations has been exceeded.", "x": "[5.11040046 4.22190986 5.60552615 4.22601681 2.43849227 4.83450657]", "final_simplex": "(array([[5.11040046, 4.22190986, 5.60552615, 4.22601681, 2.43849227,\n        4.83450657],\n       [5.34082768, 4.29868713, 5.55878245, 4.21327621, 2.25784045,\n        4.87359099],\n       [5.1932081 , 4.32598111, 5.53597089, 4.24520404, 2.33675975,\n        4.82877885],\n       [5.17524492, 4.27320698, 5.58425342, 4.25042385, 2.4271634 ,\n        4.78064007],\n       [5.19303995, 4.3116568 , 5.50259189, 4.24301663, 2.33889089,\n        4.85963647],\n       [5.33659503, 4.34070937, 5.50398366, 4.19266953, 2.27205401,\n        4.87488834],\n       [5.20317778, 4.29872265, 5.55067848, 4.28952757, 2.26627759,\n        4.79614539]]), array([0.21507326, 0.21728595, 0.21731146, 0.21749083, 0.21792586,\n       0.21834738, 0.21854757]))", "callback": [0.7846815798125615, 0.4136715414410277, 0.4136715414410277, 0.35192880305872243, 0.34927075493767556, 0.32866583347801726, 0.24821178132880317, 0.23545100536887253, 0.22159032303173787, 0.21792586437133366]}, "3": {"maxiter": 100, "fatol": 1e-10, "xatol": 1e-10, "duration": 0.03654670715332031, "fun": "0.21507325832819202", "nit": "100", "nfev": "156", "status": "2", "success": "False", "message": "Maximum number of iterations has been exceeded.", "x": "[5.11040046 4.22190986 5.60552615 4.22601681 2.43849227 4.83450657]", "final_simplex": "(array([[5.11040046, 4.22190986, 5.60552615, 4.22601681, 2.43849227,\n        4.83450657],\n       [5.34082768, 4.29868713, 5.55878245, 4.21327621, 2.25784045,\n        4.87359099],\n       [5.1932081 , 4.32598111, 5.53597089, 4.24520404, 2.33675975,\n        4.82877885],\n       [5.17524492, 4.27320698, 5.58425342, 4.25042385, 2.4271634 ,\n        4.78064007],\n       [5.19303995, 4.3116568 , 5.50259189, 4.24301663, 2.33889089,\n        4.85963647],\n       [5.33659503, 4.34070937, 5.50398366, 4.19266953, 2.27205401,\n        4.87488834],\n       [5.20317778, 4.29872265, 5.55067848, 4.28952757, 2.26627759,\n        4.79614539]]), array([0.21507326, 0.21728595, 0.21731146, 0.21749083, 0.21792586,\n       0.21834738, 0.21854757]))", "callback": [0.7846815798125615, 0.4136715414410277, 0.4136715414410277, 0.35192880305872243, 0.34927075493767556, 0.32866583347801726, 0.24821178132880317, 0.23545100536887253, 0.22159032303173787, 0.21792586437133366]}, "4": {"maxiter": 500, "fatol": 1e-05, "xatol": 1e-05, "duration": 0.1395277976989746, "fun": "0.20242977905402193", "nit": "395", "nfev": "616", "status": "0", "success": "True", "message": "Optimization terminated successfully.", "x": "[4.3559029  3.96690755 5.79181816 3.71792867 2.97616402 4.55862228]", "final_simplex": "(array([[4.3559029 , 3.96690755, 5.79181816, 3.71792867, 2.97616402,\n        4.55862228],\n       [4.35590838, 3.9669068 , 5.79181535, 3.71793281, 2.97615661,\n        4.55862313],\n       [4.35590765, 3.96690857, 5.79181761, 3.71792941, 2.97616245,\n        4.55862749],\n       [4.35590888, 3.96690716, 5.79181545, 3.7179346 , 2.97615884,\n        4.55862252],\n       [4.35590184, 3.96690344, 5.79181583, 3.71792861, 2.97616664,\n        4.55862435],\n       [4.35589589, 3.96690626, 5.79181837, 3.71792769, 2.97616793,\n        4.55862309],\n       [4.35590705, 3.96690711, 5.79182093, 3.71793102, 2.97615802,\n        4.55862158]]), array([0.20242978, 0.20242978, 0.20242978, 0.20242978, 0.20242978,\n       0.20242978, 0.20242978]))", "callback": [0.7846815798125615, 0.4136715414410277, 0.4136715414410277, 0.35192880305872243, 0.34927075493767556, 0.32866583347801726, 0.24821178132880317, 0.23545100536887253, 0.22159032303173787, 0.21792586437133366, 0.21507325832819202, 0.2140073683354332, 0.21275768105526016, 0.2089880130482198, 0.20652644878160742, 0.20422670931179732, 0.20335049183874887, 0.20303417506752064, 0.20296894753326933, 0.20284962086970726, 0.2026950427040044, 0.20252836895231985, 0.20250498068925438, 0.20249677393900523, 0.2024792384060342, 0.2024614788397765, 0.20243775910718909, 0.20243499839179868, 0.2024307320837394, 0.20243001316733267, 0.20242990415330153, 0.20242983602897913, 0.20242978915138665, 0.20242978202972728, 0.2024297798327762, 0.20242977925329309, 0.20242977911745452, 0.20242977906423576, 0.20242977905730186, 0.20242977905485615]}, "5": {"maxiter": 500, "fatol": 1e-05, "xatol": 1e-10, "duration": 0.1847529411315918, "fun": "0.20242977905285942", "nit": "500", "nfev": "816", "status": "2", "success": "False", "message": "Maximum number of iterations has been exceeded.", "x": "[4.35590765 3.9669085  5.79181833 3.71793154 2.97616321 4.55862673]", "final_simplex": "(array([[4.35590765, 3.9669085 , 5.79181833, 3.71793154, 2.97616321,\n        4.55862673],\n       [4.35590765, 3.9669085 , 5.79181833, 3.71793154, 2.9761632 ,\n        4.55862673],\n       [4.35590764, 3.9669085 , 5.79181833, 3.71793154, 2.97616321,\n        4.55862673],\n       [4.35590765, 3.9669085 , 5.79181833, 3.71793154, 2.9761632 ,\n        4.55862673],\n       [4.35590765, 3.9669085 , 5.79181833, 3.71793154, 2.9761632 ,\n        4.55862673],\n       [4.35590765, 3.9669085 , 5.79181833, 3.71793154, 2.97616321,\n        4.55862673],\n       [4.35590765, 3.9669085 , 5.79181833, 3.71793154, 2.9761632 ,\n        4.55862673]]), array([0.20242978, 0.20242978, 0.20242978, 0.20242978, 0.20242978,\n       0.20242978, 0.20242978]))", "callback": [0.7846815798125615, 0.4136715414410277, 0.4136715414410277, 0.35192880305872243, 0.34927075493767556, 0.32866583347801726, 0.24821178132880317, 0.23545100536887253, 0.22159032303173787, 0.21792586437133366, 0.21507325832819202, 0.2140073683354332, 0.21275768105526016, 0.2089880130482198, 0.20652644878160742, 0.20422670931179732, 0.20335049183874887, 0.20303417506752064, 0.20296894753326933, 0.20284962086970726, 0.2026950427040044, 0.20252836895231985, 0.20250498068925438, 0.20249677393900523, 0.2024792384060342, 0.2024614788397765, 0.20243775910718909, 0.20243499839179868, 0.2024307320837394, 0.20243001316733267, 0.20242990415330153, 0.20242983602897913, 0.20242978915138665, 0.20242978202972728, 0.2024297798327762, 0.20242977925329309, 0.20242977911745452, 0.20242977906423576, 0.20242977905730186, 0.20242977905485615, 0.20242977905330406, 0.20242977905306914, 0.20242977905296677, 0.20242977905290416, 0.2024297790528693, 0.20242977905286275, 0.20242977905286275, 0.20242977905286064, 0.20242977905285964, 0.20242977905285953]}, "6": {"maxiter": 500, "fatol": 1e-10, "xatol": 1e-05, "duration": 0.1464838981628418, "fun": "0.20242977905402193", "nit": "395", "nfev": "616", "status": "0", "success": "True", "message": "Optimization terminated successfully.", "x": "[4.3559029  3.96690755 5.79181816 3.71792867 2.97616402 4.55862228]", "final_simplex": "(array([[4.3559029 , 3.96690755, 5.79181816, 3.71792867, 2.97616402,\n        4.55862228],\n       [4.35590838, 3.9669068 , 5.79181535, 3.71793281, 2.97615661,\n        4.55862313],\n       [4.35590765, 3.96690857, 5.79181761, 3.71792941, 2.97616245,\n        4.55862749],\n       [4.35590888, 3.96690716, 5.79181545, 3.7179346 , 2.97615884,\n        4.55862252],\n       [4.35590184, 3.96690344, 5.79181583, 3.71792861, 2.97616664,\n        4.55862435],\n       [4.35589589, 3.96690626, 5.79181837, 3.71792769, 2.97616793,\n        4.55862309],\n       [4.35590705, 3.96690711, 5.79182093, 3.71793102, 2.97615802,\n        4.55862158]]), array([0.20242978, 0.20242978, 0.20242978, 0.20242978, 0.20242978,\n       0.20242978, 0.20242978]))", "callback": [0.7846815798125615, 0.4136715414410277, 0.4136715414410277, 0.35192880305872243, 0.34927075493767556, 0.32866583347801726, 0.24821178132880317, 0.23545100536887253, 0.22159032303173787, 0.21792586437133366, 0.21507325832819202, 0.2140073683354332, 0.21275768105526016, 0.2089880130482198, 0.20652644878160742, 0.20422670931179732, 0.20335049183874887, 0.20303417506752064, 0.20296894753326933, 0.20284962086970726, 0.2026950427040044, 0.20252836895231985, 0.20250498068925438, 0.20249677393900523, 0.2024792384060342, 0.2024614788397765, 0.20243775910718909, 0.20243499839179868, 0.2024307320837394, 0.20243001316733267, 0.20242990415330153, 0.20242983602897913, 0.20242978915138665, 0.20242978202972728, 0.2024297798327762, 0.20242977925329309, 0.20242977911745452, 0.20242977906423576, 0.20242977905730186, 0.20242977905485615]}, "7": {"maxiter": 500, "fatol": 1e-10, "xatol": 1e-10, "duration": 0.18584609031677246, "fun": "0.20242977905285942", "nit": "500", "nfev": "816", "status": "2", "success": "False", "message": "Maximum number of iterations has been exceeded.", "x": "[4.35590765 3.9669085  5.79181833 3.71793154 2.97616321 4.55862673]", "final_simplex": "(array([[4.35590765, 3.9669085 , 5.79181833, 3.71793154, 2.97616321,\n        4.55862673],\n       [4.35590765, 3.9669085 , 5.79181833, 3.71793154, 2.9761632 ,\n        4.55862673],\n       [4.35590764, 3.9669085 , 5.79181833, 3.71793154, 2.97616321,\n        4.55862673],\n       [4.35590765, 3.9669085 , 5.79181833, 3.71793154, 2.9761632 ,\n        4.55862673],\n       [4.35590765, 3.9669085 , 5.79181833, 3.71793154, 2.9761632 ,\n        4.55862673],\n       [4.35590765, 3.9669085 , 5.79181833, 3.71793154, 2.97616321,\n        4.55862673],\n       [4.35590765, 3.9669085 , 5.79181833, 3.71793154, 2.9761632 ,\n        4.55862673]]), array([0.20242978, 0.20242978, 0.20242978, 0.20242978, 0.20242978,\n       0.20242978, 0.20242978]))", "callback": [0.7846815798125615, 0.4136715414410277, 0.4136715414410277, 0.35192880305872243, 0.34927075493767556, 0.32866583347801726, 0.24821178132880317, 0.23545100536887253, 0.22159032303173787, 0.21792586437133366, 0.21507325832819202, 0.2140073683354332, 0.21275768105526016, 0.2089880130482198, 0.20652644878160742, 0.20422670931179732, 0.20335049183874887, 0.20303417506752064, 0.20296894753326933, 0.20284962086970726, 0.2026950427040044, 0.20252836895231985, 0.20250498068925438, 0.20249677393900523, 0.2024792384060342, 0.2024614788397765, 0.20243775910718909, 0.20243499839179868, 0.2024307320837394, 0.20243001316733267, 0.20242990415330153, 0.20242983602897913, 0.20242978915138665, 0.20242978202972728, 0.2024297798327762, 0.20242977925329309, 0.20242977911745452, 0.20242977906423576, 0.20242977905730186, 0.20242977905485615, 0.20242977905330406, 0.20242977905306914, 0.20242977905296677, 0.20242977905290416, 0.2024297790528693, 0.20242977905286275, 0.20242977905286275, 0.20242977905286064, 0.20242977905285964, 0.20242977905285953]}, "8": {"maxiter": 1000, "fatol": 1e-05, "xatol": 1e-05, "duration": 0.13508081436157227, "fun": "0.20242977905402193", "nit": "395", "nfev": "616", "status": "0", "success": "True", "message": "Optimization terminated successfully.", "x": "[4.3559029  3.96690755 5.79181816 3.71792867 2.97616402 4.55862228]", "final_simplex": "(array([[4.3559029 , 3.96690755, 5.79181816, 3.71792867, 2.97616402,\n        4.55862228],\n       [4.35590838, 3.9669068 , 5.79181535, 3.71793281, 2.97615661,\n        4.55862313],\n       [4.35590765, 3.96690857, 5.79181761, 3.71792941, 2.97616245,\n        4.55862749],\n       [4.35590888, 3.96690716, 5.79181545, 3.7179346 , 2.97615884,\n        4.55862252],\n       [4.35590184, 3.96690344, 5.79181583, 3.71792861, 2.97616664,\n        4.55862435],\n       [4.35589589, 3.96690626, 5.79181837, 3.71792769, 2.97616793,\n        4.55862309],\n       [4.35590705, 3.96690711, 5.79182093, 3.71793102, 2.97615802,\n        4.55862158]]), array([0.20242978, 0.20242978, 0.20242978, 0.20242978, 0.20242978,\n       0.20242978, 0.20242978]))", "callback": [0.7846815798125615, 0.4136715414410277, 0.4136715414410277, 0.35192880305872243, 0.34927075493767556, 0.32866583347801726, 0.24821178132880317, 0.23545100536887253, 0.22159032303173787, 0.21792586437133366, 0.21507325832819202, 0.2140073683354332, 0.21275768105526016, 0.2089880130482198, 0.20652644878160742, 0.20422670931179732, 0.20335049183874887, 0.20303417506752064, 0.20296894753326933, 0.20284962086970726, 0.2026950427040044, 0.20252836895231985, 0.20250498068925438, 0.20249677393900523, 0.2024792384060342, 0.2024614788397765, 0.20243775910718909, 0.20243499839179868, 0.2024307320837394, 0.20243001316733267, 0.20242990415330153, 0.20242983602897913, 0.20242978915138665, 0.20242978202972728, 0.2024297798327762, 0.20242977925329309, 0.20242977911745452, 0.20242977906423576, 0.20242977905730186, 0.20242977905485615]}, "9": {"maxiter": 1000, "fatol": 1e-05, "xatol": 1e-10, "duration": 0.21337199211120605, "fun": "0.20242977905285942", "nit": "516", "nfev": "874", "status": "0", "success": "True", "message": "Optimization terminated successfully.", "x": "[4.35590765 3.9669085  5.79181833 3.71793154 2.97616321 4.55862673]", "final_simplex": "(array([[4.35590765, 3.9669085 , 5.79181833, 3.71793154, 2.97616321,\n        4.55862673],\n       [4.35590765, 3.9669085 , 5.79181833, 3.71793154, 2.97616321,\n        4.55862673],\n       [4.35590765, 3.9669085 , 5.79181833, 3.71793154, 2.97616321,\n        4.55862673],\n       [4.35590765, 3.9669085 , 5.79181833, 3.71793154, 2.97616321,\n        4.55862673],\n       [4.35590765, 3.9669085 , 5.79181833, 3.71793154, 2.97616321,\n        4.55862673],\n       [4.35590765, 3.9669085 , 5.79181833, 3.71793154, 2.97616321,\n        4.55862673],\n       [4.35590765, 3.9669085 , 5.79181833, 3.71793154, 2.97616321,\n        4.55862673]]), array([0.20242978, 0.20242978, 0.20242978, 0.20242978, 0.20242978,\n       0.20242978, 0.20242978]))", "callback": [0.7846815798125615, 0.4136715414410277, 0.4136715414410277, 0.35192880305872243, 0.34927075493767556, 0.32866583347801726, 0.24821178132880317, 0.23545100536887253, 0.22159032303173787, 0.21792586437133366, 0.21507325832819202, 0.2140073683354332, 0.21275768105526016, 0.2089880130482198, 0.20652644878160742, 0.20422670931179732, 0.20335049183874887, 0.20303417506752064, 0.20296894753326933, 0.20284962086970726, 0.2026950427040044, 0.20252836895231985, 0.20250498068925438, 0.20249677393900523, 0.2024792384060342, 0.2024614788397765, 0.20243775910718909, 0.20243499839179868, 0.2024307320837394, 0.20243001316733267, 0.20242990415330153, 0.20242983602897913, 0.20242978915138665, 0.20242978202972728, 0.2024297798327762, 0.20242977925329309, 0.20242977911745452, 0.20242977906423576, 0.20242977905730186, 0.20242977905485615, 0.20242977905330406, 0.20242977905306914, 0.20242977905296677, 0.20242977905290416, 0.2024297790528693, 0.20242977905286275, 0.20242977905286275, 0.20242977905286064, 0.20242977905285964, 0.20242977905285953, 0.20242977905285942, 0.20242977905285942]}, "10": {"maxiter": 1000, "fatol": 1e-10, "xatol": 1e-05, "duration": 0.1429429054260254, "fun": "0.20242977905402193", "nit": "395", "nfev": "616", "status": "0", "success": "True", "message": "Optimization terminated successfully.", "x": "[4.3559029  3.96690755 5.79181816 3.71792867 2.97616402 4.55862228]", "final_simplex": "(array([[4.3559029 , 3.96690755, 5.79181816, 3.71792867, 2.97616402,\n        4.55862228],\n       [4.35590838, 3.9669068 , 5.79181535, 3.71793281, 2.97615661,\n        4.55862313],\n       [4.35590765, 3.96690857, 5.79181761, 3.71792941, 2.97616245,\n        4.55862749],\n       [4.35590888, 3.96690716, 5.79181545, 3.7179346 , 2.97615884,\n        4.55862252],\n       [4.35590184, 3.96690344, 5.79181583, 3.71792861, 2.97616664,\n        4.55862435],\n       [4.35589589, 3.96690626, 5.79181837, 3.71792769, 2.97616793,\n        4.55862309],\n       [4.35590705, 3.96690711, 5.79182093, 3.71793102, 2.97615802,\n        4.55862158]]), array([0.20242978, 0.20242978, 0.20242978, 0.20242978, 0.20242978,\n       0.20242978, 0.20242978]))", "callback": [0.7846815798125615, 0.4136715414410277, 0.4136715414410277, 0.35192880305872243, 0.34927075493767556, 0.32866583347801726, 0.24821178132880317, 0.23545100536887253, 0.22159032303173787, 0.21792586437133366, 0.21507325832819202, 0.2140073683354332, 0.21275768105526016, 0.2089880130482198, 0.20652644878160742, 0.20422670931179732, 0.20335049183874887, 0.20303417506752064, 0.20296894753326933, 0.20284962086970726, 0.2026950427040044, 0.20252836895231985, 0.20250498068925438, 0.20249677393900523, 0.2024792384060342, 0.2024614788397765, 0.20243775910718909, 0.20243499839179868, 0.2024307320837394, 0.20243001316733267, 0.20242990415330153, 0.20242983602897913, 0.20242978915138665, 0.20242978202972728, 0.2024297798327762, 0.20242977925329309, 0.20242977911745452, 0.20242977906423576, 0.20242977905730186, 0.20242977905485615]}, "11": {"maxiter": 1000, "fatol": 1e-10, "xatol": 1e-10, "duration": 0.2040691375732422, "fun": "0.20242977905285942", "nit": "516", "nfev": "874", "status": "0", "success": "True", "message": "Optimization terminated successfully.", "x": "[4.35590765 3.9669085  5.79181833 3.71793154 2.97616321 4.55862673]", "final_simplex": "(array([[4.35590765, 3.9669085 , 5.79181833, 3.71793154, 2.97616321,\n        4.55862673],\n       [4.35590765, 3.9669085 , 5.79181833, 3.71793154, 2.97616321,\n        4.55862673],\n       [4.35590765, 3.9669085 , 5.79181833, 3.71793154, 2.97616321,\n        4.55862673],\n       [4.35590765, 3.9669085 , 5.79181833, 3.71793154, 2.97616321,\n        4.55862673],\n       [4.35590765, 3.9669085 , 5.79181833, 3.71793154, 2.97616321,\n        4.55862673],\n       [4.35590765, 3.9669085 , 5.79181833, 3.71793154, 2.97616321,\n        4.55862673],\n       [4.35590765, 3.9669085 , 5.79181833, 3.71793154, 2.97616321,\n        4.55862673]]), array([0.20242978, 0.20242978, 0.20242978, 0.20242978, 0.20242978,\n       0.20242978, 0.20242978]))", "callback": [0.7846815798125615, 0.4136715414410277, 0.4136715414410277, 0.35192880305872243, 0.34927075493767556, 0.32866583347801726, 0.24821178132880317, 0.23545100536887253, 0.22159032303173787, 0.21792586437133366, 0.21507325832819202, 0.2140073683354332, 0.21275768105526016, 0.2089880130482198, 0.20652644878160742, 0.20422670931179732, 0.20335049183874887, 0.20303417506752064, 0.20296894753326933, 0.20284962086970726, 0.2026950427040044, 0.20252836895231985, 0.20250498068925438, 0.20249677393900523, 0.2024792384060342, 0.2024614788397765, 0.20243775910718909, 0.20243499839179868, 0.2024307320837394, 0.20243001316733267, 0.20242990415330153, 0.20242983602897913, 0.20242978915138665, 0.20242978202972728, 0.2024297798327762, 0.20242977925329309, 0.20242977911745452, 0.20242977906423576, 0.20242977905730186, 0.20242977905485615, 0.20242977905330406, 0.20242977905306914, 0.20242977905296677, 0.20242977905290416, 0.2024297790528693, 0.20242977905286275, 0.20242977905286275, 0.20242977905286064, 0.20242977905285964, 0.20242977905285953, 0.20242977905285942, 0.20242977905285942]}}, "bfgs": {"type": "gradient", "0": {"maxiter": 100, "gtol": 1e-05, "xrtol": 1e-05, "eps": 1e-05, "duration": 0.05890297889709473, "fun": "0.20242977950467345", "jac": "[-3.61810582e-06  3.34106076e-06 -6.99709180e-06  7.81253950e-06\n  3.56689123e-06  1.68418612e-06]", "hess_inv": "[[ 34.88445072   7.67641579   0.1820863   17.07501181 -23.90378097\n    7.48044589]\n [  7.67641579   5.06102963   2.10382923   4.04624212  -3.65015415\n    3.30829314]\n [  0.1820863    2.10382923   5.5299818   -0.84358802   5.9778112\n    4.59866818]\n [ 17.07501181   4.04624212  -0.84358802  11.5582414  -14.39778537\n    1.67377886]\n [-23.90378097  -3.65015415   5.9778112  -14.39778537  35.94192772\n    8.97708366]\n [  7.48044589   3.30829314   4.59866818   1.67377886   8.97708366\n   14.6666848 ]]", "nfev": "245", "njev": "35", "status": "0", "success": "True", "message": "Optimization terminated successfully.", "x": "[4.35578029 3.96687516 5.79177908 3.7178983  2.97623844 4.55859032]", "nit": "29", "callback": [0.5264266188943209, 0.5077375039287058, 0.3781975011837233, 0.3595529044040686, 0.3466259564685614, 0.32519181999725366, 0.30192579979330336, 0.2885384807163187, 0.27180540686584065, 0.2618171588780869, 0.24742396853595383, 0.2369359069995387, 0.22467305064359766, 0.21375125377213688, 0.20579154414898182, 0.20333033045447624, 0.20270056114819412, 0.20266096098123665, 0.20262705187473884, 0.20261771557572372, 0.20260193991686115, 0.20257517801471192, 0.20253157908841346, 0.20247238624051467, 0.20244320909009372, 0.20243113693818793, 0.202429858812458, 0.20242978700394487, 0.20242977950467345]}, "1": {"maxiter": 100, "gtol": 1e-05, "xrtol": 1e-05, "eps": 1e-10, "duration": 0.06007814407348633, "fun": "0.20242977940577145", "jac": "[ 1.11022293e-06 -2.22044587e-06  0.00000000e+00 -8.88178346e-06\n -2.22044587e-06 -2.22044587e-06]", "hess_inv": "[[ 36.19955564   8.49854358  -0.2621812   18.66562671 -22.25578706\n   10.46953488]\n [  8.49854358   5.46351957   1.76316189   4.95480508  -3.17201123\n    4.66462212]\n [ -0.2621812    1.76316189   4.81237654  -0.94095432   5.70106689\n    4.29966955]\n [ 18.66562671   4.95480508  -0.94095432  13.1333471  -13.14898529\n    4.32180543]\n [-22.25578706  -3.17201123   5.70106689 -13.14898529  35.23174664\n    9.84267597]\n [ 10.46953488   4.66462212   4.29966955   4.32180543   9.84267597\n   18.27411318]]", "nfev": "252", "njev": "36", "status": "0", "success": "True", "message": "Optimization terminated successfully.", "x": "[4.35579813 3.96687165 5.79180923 3.71786143 2.97619095 4.55855807]", "nit": "30", "callback": [0.526424668367129, 0.5077359910356392, 0.37819866545403547, 0.35955233736859815, 0.3466250082913649, 0.32518905065427195, 0.30192276097453463, 0.2885366889126997, 0.27180534904182463, 0.26181658903392246, 0.24742360708094502, 0.2369332706999231, 0.22466360342780933, 0.2137676866829501, 0.20579754332118616, 0.20332507225923213, 0.2027005084759258, 0.2026611377478622, 0.2026270769720292, 0.2026178723194353, 0.20260220614296498, 0.2025755276879887, 0.20253198309412224, 0.20247297569068579, 0.20244378111408523, 0.20243127002132044, 0.2024298703820675, 0.20242978869640404, 0.20242977992783717, 0.20242977940577145]}, "2": {"maxiter": 100, "gtol": 1e-05, "xrtol": 1e-10, "eps": 1e-05, "duration": 0.05956292152404785, "fun": "0.20242977950467345", "jac": "[-3.61810582e-06  3.34106076e-06 -6.99709180e-06  7.81253950e-06\n  3.56689123e-06  1.68418612e-06]", "hess_inv": "[[ 34.88445072   7.67641579   0.1820863   17.07501181 -23.90378097\n    7.48044589]\n [  7.67641579   5.06102963   2.10382923   4.04624212  -3.65015415\n    3.30829314]\n [  0.1820863    2.10382923   5.5299818   -0.84358802   5.9778112\n    4.59866818]\n [ 17.07501181   4.04624212  -0.84358802  11.5582414  -14.39778537\n    1.67377886]\n [-23.90378097  -3.65015415   5.9778112  -14.39778537  35.94192772\n    8.97708366]\n [  7.48044589   3.30829314   4.59866818   1.67377886   8.97708366\n   14.6666848 ]]", "nfev": "245", "njev": "35", "status": "0", "success": "True", "message": "Optimization terminated successfully.", "x": "[4.35578029 3.96687516 5.79177908 3.7178983  2.97623844 4.55859032]", "nit": "29", "callback": [0.5264266188943209, 0.5077375039287058, 0.3781975011837233, 0.3595529044040686, 0.3466259564685614, 0.32519181999725366, 0.30192579979330336, 0.2885384807163187, 0.27180540686584065, 0.2618171588780869, 0.24742396853595383, 0.2369359069995387, 0.22467305064359766, 0.21375125377213688, 0.20579154414898182, 0.20333033045447624, 0.20270056114819412, 0.20266096098123665, 0.20262705187473884, 0.20261771557572372, 0.20260193991686115, 0.20257517801471192, 0.20253157908841346, 0.20247238624051467, 0.20244320909009372, 0.20243113693818793, 0.202429858812458, 0.20242978700394487, 0.20242977950467345]}, "3": {"maxiter": 100, "gtol": 1e-05, "xrtol": 1e-10, "eps": 1e-10, "duration": 0.0593109130859375, "fun": "0.20242977940577145", "jac": "[ 1.11022293e-06 -2.22044587e-06  0.00000000e+00 -8.88178346e-06\n -2.22044587e-06 -2.22044587e-06]", "hess_inv": "[[ 36.19955564   8.49854358  -0.2621812   18.66562671 -22.25578706\n   10.46953488]\n [  8.49854358   5.46351957   1.76316189   4.95480508  -3.17201123\n    4.66462212]\n [ -0.2621812    1.76316189   4.81237654  -0.94095432   5.70106689\n    4.29966955]\n [ 18.66562671   4.95480508  -0.94095432  13.1333471  -13.14898529\n    4.32180543]\n [-22.25578706  -3.17201123   5.70106689 -13.14898529  35.23174664\n    9.84267597]\n [ 10.46953488   4.66462212   4.29966955   4.32180543   9.84267597\n   18.27411318]]", "nfev": "252", "njev": "36", "status": "0", "success": "True", "message": "Optimization terminated successfully.", "x": "[4.35579813 3.96687165 5.79180923 3.71786143 2.97619095 4.55855807]", "nit": "30", "callback": [0.526424668367129, 0.5077359910356392, 0.37819866545403547, 0.35955233736859815, 0.3466250082913649, 0.32518905065427195, 0.30192276097453463, 0.2885366889126997, 0.27180534904182463, 0.26181658903392246, 0.24742360708094502, 0.2369332706999231, 0.22466360342780933, 0.2137676866829501, 0.20579754332118616, 0.20332507225923213, 0.2027005084759258, 0.2026611377478622, 0.2026270769720292, 0.2026178723194353, 0.20260220614296498, 0.2025755276879887, 0.20253198309412224, 0.20247297569068579, 0.20244378111408523, 0.20243127002132044, 0.2024298703820675, 0.20242978869640404, 0.20242977992783717, 0.20242977940577145]}, "4": {"maxiter": 100, "gtol": 1e-10, "xrtol": 1e-05, "eps": 1e-05, "duration": 0.05776214599609375, "fun": "0.2024297792662556", "jac": "[-3.27071703e-07  2.97861735e-07 -3.50797169e-07  4.24604796e-07\n  4.12203605e-07 -1.56819002e-07]", "hess_inv": "[[ 32.53313396   7.16746139   0.42558228  15.81256744 -22.21040202\n    6.71546809]\n [  7.16746139   4.97701462   2.10719872   3.84810351  -3.16574214\n    3.26508247]\n [  0.42558228   2.10719872   5.59784502  -0.8545827    5.5800709\n    4.44701683]\n [ 15.81256744   3.84810351  -0.8545827   11.09623312 -13.14998156\n    1.61459784]\n [-22.21040202  -3.16574214   5.5800709  -13.14998156  35.25367762\n   10.07958903]\n [  6.71546809   3.26508247   4.44701683   1.61459784  10.07958903\n   14.99045078]]", "nfev": "252", "njev": "36", "status": "0", "success": "True", "message": "Optimization terminated successfully.", "x": "[4.3558214  3.96687494 5.79179203 3.71789417 2.97616771 4.55856101]", "nit": "30", "callback": [0.5264266188943209, 0.5077375039287058, 0.3781975011837233, 0.3595529044040686, 0.3466259564685614, 0.32519181999725366, 0.30192579979330336, 0.2885384807163187, 0.27180540686584065, 0.2618171588780869, 0.24742396853595383, 0.2369359069995387, 0.22467305064359766, 0.21375125377213688, 0.20579154414898182, 0.20333033045447624, 0.20270056114819412, 0.20266096098123665, 0.20262705187473884, 0.20261771557572372, 0.20260193991686115, 0.20257517801471192, 0.20253157908841346, 0.20247238624051467, 0.20244320909009372, 0.20243113693818793, 0.202429858812458, 0.20242978700394487, 0.20242977950467345, 0.2024297792662556]}, "5": {"maxiter": 100, "gtol": 1e-10, "xrtol": 1e-05, "eps": 1e-10, "duration": 0.06280088424682617, "fun": "0.2024297790708014", "jac": "[-2.22044587e-06 -1.11022293e-06  0.00000000e+00  2.22044587e-06\n  1.11022293e-06 -1.11022293e-06]", "hess_inv": "[[ 33.57146837   7.75766853   1.18288777  15.34245864 -17.98498915\n   12.26087851]\n [  7.75766853   5.31925307   2.42518191   3.83285156  -1.31253143\n    5.77765367]\n [  1.18288777   2.42518191   5.31691691  -0.08942702   6.34507486\n    6.1068618 ]\n [ 15.34245864   3.83285156  -0.08942702   9.66667039  -9.96730815\n    4.51515177]\n [-17.98498915  -1.31253143   6.34507486  -9.96730815  35.50799272\n   13.64842349]\n [ 12.26087851   5.77765367   6.1068618    4.51515177  13.64842349\n   23.30559974]]", "nfev": "273", "njev": "39", "status": "0", "success": "True", "message": "Optimization terminated successfully.", "x": "[4.35587717 3.96690549 5.79182346 3.71791815 2.97619659 4.55862925]", "nit": "32", "callback": [0.526424668367129, 0.5077359910356392, 0.37819866545403547, 0.35955233736859815, 0.3466250082913649, 0.32518905065427195, 0.30192276097453463, 0.2885366889126997, 0.27180534904182463, 0.26181658903392246, 0.24742360708094502, 0.2369332706999231, 0.22466360342780933, 0.2137676866829501, 0.20579754332118616, 0.20332507225923213, 0.2027005084759258, 0.2026611377478622, 0.2026270769720292, 0.2026178723194353, 0.20260220614296498, 0.2025755276879887, 0.20253198309412224, 0.20247297569068579, 0.20244378111408523, 0.20243127002132044, 0.2024298703820675, 0.20242978869640404, 0.20242977992783717, 0.20242977940577145, 0.20242977907151583, 0.2024297790708014]}, "6": {"maxiter": 100, "gtol": 1e-10, "xrtol": 1e-10, "eps": 1e-05, "duration": 0.10502815246582031, "fun": "0.20242977924624928", "jac": "[ 1.11022302e-10 -9.99200722e-11  3.88578059e-10  4.21884749e-10\n  1.88737914e-10 -2.44249065e-10]", "hess_inv": "[[ 3.56290175e+01  7.33829796e+00 -2.59385150e-02  1.66911641e+01\n  -2.57935596e+01  6.52892823e+00]\n [ 7.33829796e+00  4.91502000e+00  1.94905672e+00  3.75949968e+00\n  -3.61577115e+00  3.13611273e+00]\n [-2.59385150e-02  1.94905672e+00  5.32204003e+00 -1.25147599e+00\n   5.58589692e+00  4.28360747e+00]\n [ 1.66911641e+01  3.75949968e+00 -1.25147599e+00  1.11769451e+01\n  -1.44799342e+01  1.44295766e+00]\n [-2.57935596e+01 -3.61577115e+00  5.58589692e+00 -1.44799342e+01\n   3.88141816e+01  1.00844378e+01]\n [ 6.52892823e+00  3.13611273e+00  4.28360747e+00  1.44295766e+00\n   1.00844378e+01  1.49077784e+01]]", "nfev": "459", "njev": "64", "status": "2", "success": "False", "message": "Desired error not necessarily achieved due to precision loss.", "x": "[4.35583554 3.96687697 5.79179223 3.71789958 2.97615398 4.5585613 ]", "nit": "33", "callback": [0.5264266188943209, 0.5077375039287058, 0.3781975011837233, 0.3595529044040686, 0.3466259564685614, 0.32519181999725366, 0.30192579979330336, 0.2885384807163187, 0.27180540686584065, 0.2618171588780869, 0.24742396853595383, 0.2369359069995387, 0.22467305064359766, 0.21375125377213688, 0.20579154414898182, 0.20333033045447624, 0.20270056114819412, 0.20266096098123665, 0.20262705187473884, 0.20261771557572372, 0.20260193991686115, 0.20257517801471192, 0.20253157908841346, 0.20247238624051467, 0.20244320909009372, 0.20243113693818793, 0.202429858812458, 0.20242978700394487, 0.20242977950467345, 0.2024297792662556, 0.2024297792473575, 0.2024297792463583, 0.20242977924624928]}, "7": {"maxiter": 100, "gtol": 1e-10, "xrtol": 1e-10, "eps": 1e-10, "duration": 0.07929229736328125, "fun": "0.20242977907023907", "jac": "[-1.11022293e-06  1.11022293e-06  1.11022293e-06  1.11022293e-06\n  1.11022293e-06 -1.11022293e-06]", "hess_inv": "[[ 3.30692521  1.10394478 -0.3160699   2.24380379  1.83262777  3.79243407]\n [ 1.10394478  3.27224704  1.16381289  1.87334759  0.18650878  1.57168629]\n [-0.3160699   1.16381289  2.77790566 -0.2878336   0.41482728 -0.26118032]\n [ 2.24380379  1.87334759 -0.2878336   2.13014262  0.8752562   2.68519053]\n [ 1.83262777  0.18650878  0.41482728  0.8752562   2.95953875  2.55647375]\n [ 3.79243407  1.57168629 -0.26118032  2.68519053  2.55647375  6.84268313]]", "nfev": "350", "njev": "50", "status": "0", "success": "True", "message": "Optimization terminated successfully.", "x": "[4.35588024 3.96690645 5.79182429 3.71791983 2.97619669 4.55863214]", "nit": "35", "callback": [0.526424668367129, 0.5077359910356392, 0.37819866545403547, 0.35955233736859815, 0.3466250082913649, 0.32518905065427195, 0.30192276097453463, 0.2885366889126997, 0.27180534904182463, 0.26181658903392246, 0.24742360708094502, 0.2369332706999231, 0.22466360342780933, 0.2137676866829501, 0.20579754332118616, 0.20332507225923213, 0.2027005084759258, 0.2026611377478622, 0.2026270769720292, 0.2026178723194353, 0.20260220614296498, 0.2025755276879887, 0.20253198309412224, 0.20247297569068579, 0.20244378111408523, 0.20243127002132044, 0.2024298703820675, 0.20242978869640404, 0.20242977992783717, 0.20242977940577145, 0.20242977907151583, 0.2024297790708014, 0.20242977907066484, 0.20242977907023907, 0.20242977907023907]}, "8": {"maxiter": 500, "gtol": 1e-05, "xrtol": 1e-05, "eps": 1e-05, "duration": 0.05486726760864258, "fun": "0.20242977950467345", "jac": "[-3.61810582e-06  3.34106076e-06 -6.99709180e-06  7.81253950e-06\n  3.56689123e-06  1.68418612e-06]", "hess_inv": "[[ 34.88445072   7.67641579   0.1820863   17.07501181 -23.90378097\n    7.48044589]\n [  7.67641579   5.06102963   2.10382923   4.04624212  -3.65015415\n    3.30829314]\n [  0.1820863    2.10382923   5.5299818   -0.84358802   5.9778112\n    4.59866818]\n [ 17.07501181   4.04624212  -0.84358802  11.5582414  -14.39778537\n    1.67377886]\n [-23.90378097  -3.65015415   5.9778112  -14.39778537  35.94192772\n    8.97708366]\n [  7.48044589   3.30829314   4.59866818   1.67377886   8.97708366\n   14.6666848 ]]", "nfev": "245", "njev": "35", "status": "0", "success": "True", "message": "Optimization terminated successfully.", "x": "[4.35578029 3.96687516 5.79177908 3.7178983  2.97623844 4.55859032]", "nit": "29", "callback": [0.5264266188943209, 0.5077375039287058, 0.3781975011837233, 0.3595529044040686, 0.3466259564685614, 0.32519181999725366, 0.30192579979330336, 0.2885384807163187, 0.27180540686584065, 0.2618171588780869, 0.24742396853595383, 0.2369359069995387, 0.22467305064359766, 0.21375125377213688, 0.20579154414898182, 0.20333033045447624, 0.20270056114819412, 0.20266096098123665, 0.20262705187473884, 0.20261771557572372, 0.20260193991686115, 0.20257517801471192, 0.20253157908841346, 0.20247238624051467, 0.20244320909009372, 0.20243113693818793, 0.202429858812458, 0.20242978700394487, 0.20242977950467345]}, "9": {"maxiter": 500, "gtol": 1e-05, "xrtol": 1e-05, "eps": 1e-10, "duration": 0.05730891227722168, "fun": "0.20242977940577145", "jac": "[ 1.11022293e-06 -2.22044587e-06  0.00000000e+00 -8.88178346e-06\n -2.22044587e-06 -2.22044587e-06]", "hess_inv": "[[ 36.19955564   8.49854358  -0.2621812   18.66562671 -22.25578706\n   10.46953488]\n [  8.49854358   5.46351957   1.76316189   4.95480508  -3.17201123\n    4.66462212]\n [ -0.2621812    1.76316189   4.81237654  -0.94095432   5.70106689\n    4.29966955]\n [ 18.66562671   4.95480508  -0.94095432  13.1333471  -13.14898529\n    4.32180543]\n [-22.25578706  -3.17201123   5.70106689 -13.14898529  35.23174664\n    9.84267597]\n [ 10.46953488   4.66462212   4.29966955   4.32180543   9.84267597\n   18.27411318]]", "nfev": "252", "njev": "36", "status": "0", "success": "True", "message": "Optimization terminated successfully.", "x": "[4.35579813 3.96687165 5.79180923 3.71786143 2.97619095 4.55855807]", "nit": "30", "callback": [0.526424668367129, 0.5077359910356392, 0.37819866545403547, 0.35955233736859815, 0.3466250082913649, 0.32518905065427195, 0.30192276097453463, 0.2885366889126997, 0.27180534904182463, 0.26181658903392246, 0.24742360708094502, 0.2369332706999231, 0.22466360342780933, 0.2137676866829501, 0.20579754332118616, 0.20332507225923213, 0.2027005084759258, 0.2026611377478622, 0.2026270769720292, 0.2026178723194353, 0.20260220614296498, 0.2025755276879887, 0.20253198309412224, 0.20247297569068579, 0.20244378111408523, 0.20243127002132044, 0.2024298703820675, 0.20242978869640404, 0.20242977992783717, 0.20242977940577145]}, "10": {"maxiter": 500, "gtol": 1e-05, "xrtol": 1e-10, "eps": 1e-05, "duration": 0.055828094482421875, "fun": "0.20242977950467345", "jac": "[-3.61810582e-06  3.34106076e-06 -6.99709180e-06  7.81253950e-06\n  3.56689123e-06  1.68418612e-06]", "hess_inv": "[[ 34.88445072   7.67641579   0.1820863   17.07501181 -23.90378097\n    7.48044589]\n [  7.67641579   5.06102963   2.10382923   4.04624212  -3.65015415\n    3.30829314]\n [  0.1820863    2.10382923   5.5299818   -0.84358802   5.9778112\n    4.59866818]\n [ 17.07501181   4.04624212  -0.84358802  11.5582414  -14.39778537\n    1.67377886]\n [-23.90378097  -3.65015415   5.9778112  -14.39778537  35.94192772\n    8.97708366]\n [  7.48044589   3.30829314   4.59866818   1.67377886   8.97708366\n   14.6666848 ]]", "nfev": "245", "njev": "35", "status": "0", "success": "True", "me