{"date": "2024/09/25/, 04:31:55", "conf_id": 136, "data_type": "orthogonal\n", "num_data_points": 3, "s_rank": 0, "unitary": "[[-0.56303964-0.00798273j,-0.21670212-0.15784972j,-0.06047197-0.73952673j,-0.01438004+0.24552571j],[-0.06976756+0.23474685j,-0.01275565-0.5435098j,-0.02703657-0.08917885j,-0.08210486-0.79311774j],[-0.38559961+0.10714929j,0.5933431-0.2687392j,-0.24060861+0.29149289j,-0.45147719+0.26241743j],[-0.50180421+0.45931857j,-0.11617175+0.44134496j,0.49642745+0.22684508j,-0.08544628-0.15407063j]]", "databatch_0": {"databatch": "[[[0.26688814+0.24704614j,0.03782823-0.28096499j,0.18370799+0.17531018j,-0.06090886+0.08324551j],[0.06766398+0.2979367j,-0.06664123-0.11856066j,-0.2496185+0.0906766j,0.07132334+0.2808606j],[-0.05494825-0.07810292j,-0.18375345-0.02031084j,-0.10957837-0.3272803j,0.10752342+0.39189787j],[0.00096378-0.13840367j,0.00747768+0.18010763j,0.02819741+0.25320346j,0.00938814-0.04113696j]],[[0.24788707+0.17672197j,0.06478633-0.34559309j,0.15392093+0.19852719j,-0.05532313+0.08451147j],[0.03626109+0.35044837j,-0.13681097-0.0802673j,-0.21104739+0.07826014j,0.0703835+0.25416837j],[-0.01811716-0.11227179j,-0.13401687-0.04202288j,-0.14861553-0.34212684j,0.10332382+0.38956753j],[-0.02487966-0.1508375j,0.00049229+0.11107455j,0.02001415+0.25278499j,0.03580714-0.07310628j]],[[0.07659918+0.00514362j,0.13871287-0.24251636j,0.21049513+0.09010269j,-0.06717132-0.0411912j],[-0.05628339+0.13190179j,-0.1948904+0.09574124j,-0.18328542+0.02202572j,0.07704296+0.20062749j],[-0.06995733-0.12161101j,-0.10895147-0.02673892j,-0.13859284-0.37087261j,0.1405687+0.51978215j],[-0.06667066-0.13914259j,0.02309394+0.15326613j,-0.00854735+0.41785955j,-0.05437039+0.07080669j]]]", "initial param values": "[6.15233075,5.27367421,2.67568988,3.83447621,2.15104832,5.97641966]", "nelder_mead": {"type": "gradient-free", "0": {"maxiter": 100, "fatol": 1e-05, "xatol": 1e-05, "duration": 0.03915905952453613, "fun": "0.33665966309081163", "nit": "100", "nfev": "159", "status": "2", "success": "False", "message": "Maximum number of iterations has been exceeded.", "x": "[5.32150498 3.75906441 3.04740599 5.03833032 3.57883711 7.82615309]", "final_simplex": "(array([[5.32150498, 3.75906441, 3.04740599, 5.03833032, 3.57883711,\n        7.82615309],\n       [5.21599965, 3.71725993, 3.04357608, 4.9936361 , 3.56611388,\n        7.84880723],\n       [5.272059  , 3.69300063, 3.02443948, 4.96817523, 3.57224044,\n        7.86662212],\n       [5.25802899, 3.71618748, 3.03087125, 5.0162792 , 3.60818614,\n        7.81862371],\n       [5.32852552, 3.79940903, 3.03950264, 4.9525917 , 3.60284165,\n        7.81160126],\n       [5.299834  , 3.69331121, 3.06588698, 5.00908242, 3.5947869 ,\n        7.84150229],\n       [5.27566932, 3.74643446, 3.06736823, 4.94645542, 3.65043943,\n        7.8456667 ]]), array([0.33665966, 0.33703302, 0.33710438, 0.33726172, 0.3376987 ,\n       0.33813079, 0.33836781]))", "callback": [0.8521479089297379, 0.729220863293949, 0.5414363528019408, 0.4859416493879216, 0.4798293819274303, 0.41932232025910066, 0.35302533234534883, 0.34306278484023334, 0.3413005874669479, 0.33874665389942404]}, "1": {"maxiter": 100, "fatol": 1e-05, "xatol": 1e-10, "duration": 0.03939104080200195, "fun": "0.33665966309081163", "nit": "100", "nfev": "159", "status": "2", "success": "False", "message": "Maximum number of iterations has been exceeded.", "x": "[5.32150498 3.75906441 3.04740599 5.03833032 3.57883711 7.82615309]", "final_simplex": "(array([[5.32150498, 3.75906441, 3.04740599, 5.03833032, 3.57883711,\n        7.82615309],\n       [5.21599965, 3.71725993, 3.04357608, 4.9936361 , 3.56611388,\n        7.84880723],\n       [5.272059  , 3.69300063, 3.02443948, 4.96817523, 3.57224044,\n        7.86662212],\n       [5.25802899, 3.71618748, 3.03087125, 5.0162792 , 3.60818614,\n        7.81862371],\n       [5.32852552, 3.79940903, 3.03950264, 4.9525917 , 3.60284165,\n        7.81160126],\n       [5.299834  , 3.69331121, 3.06588698, 5.00908242, 3.5947869 ,\n        7.84150229],\n       [5.27566932, 3.74643446, 3.06736823, 4.94645542, 3.65043943,\n        7.8456667 ]]), array([0.33665966, 0.33703302, 0.33710438, 0.33726172, 0.3376987 ,\n       0.33813079, 0.33836781]))", "callback": [0.8521479089297379, 0.729220863293949, 0.5414363528019408, 0.4859416493879216, 0.4798293819274303, 0.41932232025910066, 0.35302533234534883, 0.34306278484023334, 0.3413005874669479, 0.33874665389942404]}, "2": {"maxiter": 100, "fatol": 1e-10, "xatol": 1e-05, "duration": 0.03817391395568848, "fun": "0.33665966309081163", "nit": "100", "nfev": "159", "status": "2", "success": "False", "message": "Maximum number of iterations has been exceeded.", "x": "[5.32150498 3.75906441 3.04740599 5.03833032 3.57883711 7.82615309]", "final_simplex": "(array([[5.32150498, 3.75906441, 3.04740599, 5.03833032, 3.57883711,\n        7.82615309],\n       [5.21599965, 3.71725993, 3.04357608, 4.9936361 , 3.56611388,\n        7.84880723],\n       [5.272059  , 3.69300063, 3.02443948, 4.96817523, 3.57224044,\n        7.86662212],\n       [5.25802899, 3.71618748, 3.03087125, 5.0162792 , 3.60818614,\n        7.81862371],\n       [5.32852552, 3.79940903, 3.03950264, 4.9525917 , 3.60284165,\n        7.81160126],\n       [5.299834  , 3.69331121, 3.06588698, 5.00908242, 3.5947869 ,\n        7.84150229],\n       [5.27566932, 3.74643446, 3.06736823, 4.94645542, 3.65043943,\n        7.8456667 ]]), array([0.33665966, 0.33703302, 0.33710438, 0.33726172, 0.3376987 ,\n       0.33813079, 0.33836781]))", "callback": [0.8521479089297379, 0.729220863293949, 0.5414363528019408, 0.4859416493879216, 0.4798293819274303, 0.41932232025910066, 0.35302533234534883, 0.34306278484023334, 0.3413005874669479, 0.33874665389942404]}, "3": {"maxiter": 100, "fatol": 1e-10, "xatol": 1e-10, "duration": 0.03720712661743164, "fun": "0.33665966309081163", "nit": "100", "nfev": "159", "status": "2", "success": "False", "message": "Maximum number of iterations has been exceeded.", "x": "[5.32150498 3.75906441 3.04740599 5.03833032 3.57883711 7.82615309]", "final_simplex": "(array([[5.32150498, 3.75906441, 3.04740599, 5.03833032, 3.57883711,\n        7.82615309],\n       [5.21599965, 3.71725993, 3.04357608, 4.9936361 , 3.56611388,\n        7.84880723],\n       [5.272059  , 3.69300063, 3.02443948, 4.96817523, 3.57224044,\n        7.86662212],\n       [5.25802899, 3.71618748, 3.03087125, 5.0162792 , 3.60818614,\n        7.81862371],\n       [5.32852552, 3.79940903, 3.03950264, 4.9525917 , 3.60284165,\n        7.81160126],\n       [5.299834  , 3.69331121, 3.06588698, 5.00908242, 3.5947869 ,\n        7.84150229],\n       [5.27566932, 3.74643446, 3.06736823, 4.94645542, 3.65043943,\n        7.8456667 ]]), array([0.33665966, 0.33703302, 0.33710438, 0.33726172, 0.3376987 ,\n       0.33813079, 0.33836781]))", "callback": [0.8521479089297379, 0.729220863293949, 0.5414363528019408, 0.4859416493879216, 0.4798293819274303, 0.41932232025910066, 0.35302533234534883, 0.34306278484023334, 0.3413005874669479, 0.33874665389942404]}, "4": {"maxiter": 500, "fatol": 1e-05, "xatol": 1e-05, "duration": 0.11959195137023926, "fun": "0.3275004242808678", "nit": "316", "nfev": "513", "status": "0", "success": "True", "message": "Optimization terminated successfully.", "x": "[5.46746002 4.34484037 2.57902621 5.18989572 3.58136261 7.82439439]", "final_simplex": "(array([[5.46746002, 4.34484037, 2.57902621, 5.18989572, 3.58136261,\n        7.82439439],\n       [5.46745887, 4.34484009, 2.57902518, 5.18989328, 3.58136469,\n        7.82439062],\n       [5.46745702, 4.34483087, 2.57903383, 5.18989322, 3.58136182,\n        7.82439427],\n       [5.46745873, 4.34484809, 2.57902075, 5.18989671, 3.58136175,\n        7.82439174],\n       [5.46745858, 4.34484058, 2.57902407, 5.18989614, 3.58136625,\n        7.82438951],\n       [5.46745337, 4.34483352, 2.57902967, 5.18989292, 3.58136145,\n        7.82439372],\n       [5.46745611, 4.34483848, 2.5790279 , 5.18989046, 3.58136594,\n        7.82439023]]), array([0.32750042, 0.32750042, 0.32750042, 0.32750042, 0.32750042,\n       0.32750042, 0.32750042]))", "callback": [0.8521479089297379, 0.729220863293949, 0.5414363528019408, 0.4859416493879216, 0.4798293819274303, 0.41932232025910066, 0.35302533234534883, 0.34306278484023334, 0.3413005874669479, 0.33874665389942404, 0.33577638992268144, 0.33532123685621773, 0.3336886991737017, 0.33279348413820353, 0.3308484745453958, 0.32964473074350653, 0.32854899203999677, 0.32788350775294584, 0.327588286830338, 0.3275170670444959, 0.3275023655767648, 0.3275013924284158, 0.3275007878156839, 0.3275004338257408, 0.3275004338257408, 0.3275004311600366, 0.32750042671956914, 0.3275004248214084, 0.3275004244963514, 0.327500424294744, 0.3275004242856344, 0.32750042428300985]}, "5": {"maxiter": 500, "fatol": 1e-05, "xatol": 1e-10, "duration": 0.1677718162536621, "fun": "0.3275004242801133", "nit": "415", "nfev": "735", "status": "0", "success": "True", "message": "Optimization terminated successfully.", "x": "[5.46745836 4.34483925 2.57902616 5.18989454 3.58136276 7.82439339]", "final_simplex": "(array([[5.46745836, 4.34483925, 2.57902616, 5.18989454, 3.58136276,\n        7.82439339],\n       [5.46745836, 4.34483925, 2.57902616, 5.18989454, 3.58136276,\n        7.82439339],\n       [5.46745836, 4.34483925, 2.57902616, 5.18989454, 3.58136276,\n        7.82439339],\n       [5.46745836, 4.34483925, 2.57902616, 5.18989454, 3.58136276,\n        7.82439339],\n       [5.46745836, 4.34483925, 2.57902616, 5.18989454, 3.58136276,\n        7.82439339],\n       [5.46745836, 4.34483925, 2.57902616, 5.18989454, 3.58136276,\n        7.82439339],\n       [5.46745836, 4.34483925, 2.57902616, 5.18989454, 3.58136276,\n        7.82439339]]), array([0.32750042, 0.32750042, 0.32750042, 0.32750042, 0.32750042,\n       0.32750042, 0.32750042]))", "callback": [0.8521479089297379, 0.729220863293949, 0.5414363528019408, 0.4859416493879216, 0.4798293819274303, 0.41932232025910066, 0.35302533234534883, 0.34306278484023334, 0.3413005874669479, 0.33874665389942404, 0.33577638992268144, 0.33532123685621773, 0.3336886991737017, 0.33279348413820353, 0.3308484745453958, 0.32964473074350653, 0.32854899203999677, 0.32788350775294584, 0.327588286830338, 0.3275170670444959, 0.3275023655767648, 0.3275013924284158, 0.3275007878156839, 0.3275004338257408, 0.3275004338257408, 0.3275004311600366, 0.32750042671956914, 0.3275004248214084, 0.3275004244963514, 0.327500424294744, 0.3275004242856344, 0.32750042428300985, 0.32750042428058157, 0.3275004242802456, 0.3275004242801667, 0.32750042428012627, 0.32750042428011783, 0.3275004242801144, 0.3275004242801135, 0.3275004242801134, 0.3275004242801133, 0.3275004242801133]}, "6": {"maxiter": 500, "fatol": 1e-10, "xatol": 1e-05, "duration": 0.11972188949584961, "fun": "0.3275004242808678", "nit": "316", "nfev": "513", "status": "0", "success": "True", "message": "Optimization terminated successfully.", "x": "[5.46746002 4.34484037 2.57902621 5.18989572 3.58136261 7.82439439]", "final_simplex": "(array([[5.46746002, 4.34484037, 2.57902621, 5.18989572, 3.58136261,\n        7.82439439],\n       [5.46745887, 4.34484009, 2.57902518, 5.18989328, 3.58136469,\n        7.82439062],\n       [5.46745702, 4.34483087, 2.57903383, 5.18989322, 3.58136182,\n        7.82439427],\n       [5.46745873, 4.34484809, 2.57902075, 5.18989671, 3.58136175,\n        7.82439174],\n       [5.46745858, 4.34484058, 2.57902407, 5.18989614, 3.58136625,\n        7.82438951],\n       [5.46745337, 4.34483352, 2.57902967, 5.18989292, 3.58136145,\n        7.82439372],\n       [5.46745611, 4.34483848, 2.5790279 , 5.18989046, 3.58136594,\n        7.82439023]]), array([0.32750042, 0.32750042, 0.32750042, 0.32750042, 0.32750042,\n       0.32750042, 0.32750042]))", "callback": [0.8521479089297379, 0.729220863293949, 0.5414363528019408, 0.4859416493879216, 0.4798293819274303, 0.41932232025910066, 0.35302533234534883, 0.34306278484023334, 0.3413005874669479, 0.33874665389942404, 0.33577638992268144, 0.33532123685621773, 0.3336886991737017, 0.33279348413820353, 0.3308484745453958, 0.32964473074350653, 0.32854899203999677, 0.32788350775294584, 0.327588286830338, 0.3275170670444959, 0.3275023655767648, 0.3275013924284158, 0.3275007878156839, 0.3275004338257408, 0.3275004338257408, 0.3275004311600366, 0.32750042671956914, 0.3275004248214084, 0.3275004244963514, 0.327500424294744, 0.3275004242856344, 0.32750042428300985]}, "7": {"maxiter": 500, "fatol": 1e-10, "xatol": 1e-10, "duration": 0.18387508392333984, "fun": "0.3275004242801133", "nit": "415", "nfev": "735", "status": "0", "success": "True", "message": "Optimization terminated successfully.", "x": "[5.46745836 4.34483925 2.57902616 5.18989454 3.58136276 7.82439339]", "final_simplex": "(array([[5.46745836, 4.34483925, 2.57902616, 5.18989454, 3.58136276,\n        7.82439339],\n       [5.46745836, 4.34483925, 2.57902616, 5.18989454, 3.58136276,\n        7.82439339],\n       [5.46745836, 4.34483925, 2.57902616, 5.18989454, 3.58136276,\n        7.82439339],\n       [5.46745836, 4.34483925, 2.57902616, 5.18989454, 3.58136276,\n        7.82439339],\n       [5.46745836, 4.34483925, 2.57902616, 5.18989454, 3.58136276,\n        7.82439339],\n       [5.46745836, 4.34483925, 2.57902616, 5.18989454, 3.58136276,\n        7.82439339],\n       [5.46745836, 4.34483925, 2.57902616, 5.18989454, 3.58136276,\n        7.82439339]]), array([0.32750042, 0.32750042, 0.32750042, 0.32750042, 0.32750042,\n       0.32750042, 0.32750042]))", "callback": [0.8521479089297379, 0.729220863293949, 0.5414363528019408, 0.4859416493879216, 0.4798293819274303, 0.41932232025910066, 0.35302533234534883, 0.34306278484023334, 0.3413005874669479, 0.33874665389942404, 0.33577638992268144, 0.33532123685621773, 0.3336886991737017, 0.33279348413820353, 0.3308484745453958, 0.32964473074350653, 0.32854899203999677, 0.32788350775294584, 0.327588286830338, 0.3275170670444959, 0.3275023655767648, 0.3275013924284158, 0.3275007878156839, 0.3275004338257408, 0.3275004338257408, 0.3275004311600366, 0.32750042671956914, 0.3275004248214084, 0.3275004244963514, 0.327500424294744, 0.3275004242856344, 0.32750042428300985, 0.32750042428058157, 0.3275004242802456, 0.3275004242801667, 0.32750042428012627, 0.32750042428011783, 0.3275004242801144, 0.3275004242801135, 0.3275004242801134, 0.3275004242801133, 0.3275004242801133]}, "8": {"maxiter": 1000, "fatol": 1e-05, "xatol": 1e-05, "duration": 0.11801505088806152, "fun": "0.3275004242808678", "nit": "316", "nfev": "513", "status": "0", "success": "True", "message": "Optimization terminated successfully.", "x": "[5.46746002 4.34484037 2.57902621 5.18989572 3.58136261 7.82439439]", "final_simplex": "(array([[5.46746002, 4.34484037, 2.57902621, 5.18989572, 3.58136261,\n        7.82439439],\n       [5.46745887, 4.34484009, 2.57902518, 5.18989328, 3.58136469,\n        7.82439062],\n       [5.46745702, 4.34483087, 2.57903383, 5.18989322, 3.58136182,\n        7.82439427],\n       [5.46745873, 4.34484809, 2.57902075, 5.18989671, 3.58136175,\n        7.82439174],\n       [5.46745858, 4.34484058, 2.57902407, 5.18989614, 3.58136625,\n        7.82438951],\n       [5.46745337, 4.34483352, 2.57902967, 5.18989292, 3.58136145,\n        7.82439372],\n       [5.46745611, 4.34483848, 2.5790279 , 5.18989046, 3.58136594,\n        7.82439023]]), array([0.32750042, 0.32750042, 0.32750042, 0.32750042, 0.32750042,\n       0.32750042, 0.32750042]))", "callback": [0.8521479089297379, 0.729220863293949, 0.5414363528019408, 0.4859416493879216, 0.4798293819274303, 0.41932232025910066, 0.35302533234534883, 0.34306278484023334, 0.3413005874669479, 0.33874665389942404, 0.33577638992268144, 0.33532123685621773, 0.3336886991737017, 0.33279348413820353, 0.3308484745453958, 0.32964473074350653, 0.32854899203999677, 0.32788350775294584, 0.327588286830338, 0.3275170670444959, 0.3275023655767648, 0.3275013924284158, 0.3275007878156839, 0.3275004338257408, 0.3275004338257408, 0.3275004311600366, 0.32750042671956914, 0.3275004248214084, 0.3275004244963514, 0.327500424294744, 0.3275004242856344, 0.32750042428300985]}, "9": {"maxiter": 1000, "fatol": 1e-05, "xatol": 1e-10, "duration": 0.17322206497192383, "fun": "0.3275004242801133", "nit": "415", "nfev": "735", "status": "0", "success": "True", "message": "Optimization terminated successfully.", "x": "[5.46745836 4.34483925 2.57902616 5.18989454 3.58136276 7.82439339]", "final_simplex": "(array([[5.46745836, 4.34483925, 2.57902616, 5.18989454, 3.58136276,\n        7.82439339],\n       [5.46745836, 4.34483925, 2.57902616, 5.18989454, 3.58136276,\n        7.82439339],\n       [5.46745836, 4.34483925, 2.57902616, 5.18989454, 3.58136276,\n        7.82439339],\n       [5.46745836, 4.34483925, 2.57902616, 5.18989454, 3.58136276,\n        7.82439339],\n       [5.46745836, 4.34483925, 2.57902616, 5.18989454, 3.58136276,\n        7.82439339],\n       [5.46745836, 4.34483925, 2.57902616, 5.18989454, 3.58136276,\n        7.82439339],\n       [5.46745836, 4.34483925, 2.57902616, 5.18989454, 3.58136276,\n        7.82439339]]), array([0.32750042, 0.32750042, 0.32750042, 0.32750042, 0.32750042,\n       0.32750042, 0.32750042]))", "callback": [0.8521479089297379, 0.729220863293949, 0.5414363528019408, 0.4859416493879216, 0.4798293819274303, 0.41932232025910066, 0.35302533234534883, 0.34306278484023334, 0.3413005874669479, 0.33874665389942404, 0.33577638992268144, 0.33532123685621773, 0.3336886991737017, 0.33279348413820353, 0.3308484745453958, 0.32964473074350653, 0.32854899203999677, 0.32788350775294584, 0.327588286830338, 0.3275170670444959, 0.3275023655767648, 0.3275013924284158, 0.3275007878156839, 0.3275004338257408, 0.3275004338257408, 0.3275004311600366, 0.32750042671956914, 0.3275004248214084, 0.3275004244963514, 0.327500424294744, 0.3275004242856344, 0.32750042428300985, 0.32750042428058157, 0.3275004242802456, 0.3275004242801667, 0.32750042428012627, 0.32750042428011783, 0.3275004242801144, 0.3275004242801135, 0.3275004242801134, 0.3275004242801133, 0.3275004242801133]}, "10": {"maxiter": 1000, "fatol": 1e-10, "xatol": 1e-05, "duration": 0.12103700637817383, "fun": "0.3275004242808678", "nit": "316", "nfev": "513", "status": "0", "success": "True", "message": "Optimization terminated successfully.", "x": "[5.46746002 4.34484037 2.57902621 5.18989572 3.58136261 7.82439439]", "final_simplex": "(array([[5.46746002, 4.34484037, 2.57902621, 5.18989572, 3.58136261,\n        7.82439439],\n       [5.46745887, 4.34484009, 2.57902518, 5.18989328, 3.58136469,\n        7.82439062],\n       [5.46745702, 4.34483087, 2.57903383, 5.18989322, 3.58136182,\n        7.82439427],\n       [5.46745873, 4.34484809, 2.57902075, 5.18989671, 3.58136175,\n        7.82439174],\n       [5.46745858, 4.34484058, 2.57902407, 5.18989614, 3.58136625,\n        7.82438951],\n       [5.46745337, 4.34483352, 2.57902967, 5.18989292, 3.58136145,\n        7.82439372],\n       [5.46745611, 4.34483848, 2.5790279 , 5.18989046, 3.58136594,\n        7.82439023]]), array([0.32750042, 0.32750042, 0.32750042, 0.32750042, 0.32750042,\n       0.32750042, 0.32750042]))", "callback": [0.8521479089297379, 0.729220863293949, 0.5414363528019408, 0.4859416493879216, 0.4798293819274303, 0.41932232025910066, 0.35302533234534883, 0.34306278484023334, 0.3413005874669479, 0.33874665389942404, 0.33577638992268144, 0.33532123685621773, 0.3336886991737017, 0.33279348413820353, 0.3308484745453958, 0.32964473074350653, 0.32854899203999677, 0.32788350775294584, 0.327588286830338, 0.3275170670444959, 0.3275023655767648, 0.3275013924284158, 0.3275007878156839, 0.3275004338257408, 0.3275004338257408, 0.3275004311600366, 0.32750042671956914, 0.3275004248214084, 0.3275004244963514, 0.327500424294744, 0.3275004242856344, 0.32750042428300985]}, "11": {"maxiter": 1000, "fatol": 1e-10, "xatol": 1e-10, "duration": 0.17270398139953613, "fun": "0.3275004242801133", "nit": "415", "nfev": "735", "status": "0", "success": "True", "message": "Optimization terminated successfully.", "x": "[5.46745836 4.34483925 2.57902616 5.18989454 3.58136276 7.82439339]", "final_simplex": "(array([[5.46745836, 4.34483925, 2.57902616, 5.18989454, 3.58136276,\n        7.82439339],\n       [5.46745836, 4.34483925, 2.57902616, 5.18989454, 3.58136276,\n        7.82439339],\n       [5.46745836, 4.34483925, 2.57902616, 5.18989454, 3.58136276,\n        7.82439339],\n       [5.46745836, 4.34483925, 2.57902616, 5.18989454, 3.58136276,\n        7.82439339],\n       [5.46745836, 4.34483925, 2.57902616, 5.18989454, 3.58136276,\n        7.82439339],\n       [5.46745836, 4.34483925, 2.57902616, 5.18989454, 3.58136276,\n        7.82439339],\n       [5.46745836, 4.34483925, 2.57902616, 5.18989454, 3.58136276,\n        7.82439339]]), array([0.32750042, 0.32750042, 0.32750042, 0.32750042, 0.32750042,\n       0.32750042, 0.32750042]))", "callback": [0.8521479089297379, 0.729220863293949, 0.5414363528019408, 0.4859416493879216, 0.4798293819274303, 0.41932232025910066, 0.35302533234534883, 0.34306278484023334, 0.3413005874669479, 0.33874665389942404, 0.33577638992268144, 0.33532123685621773, 0.3336886991737017, 0.33279348413820353, 0.3308484745453958, 0.32964473074350653, 0.32854899203999677, 0.32788350775294584, 0.327588286830338, 0.3275170670444959, 0.3275023655767648, 0.3275013924284158, 0.3275007878156839, 0.3275004338257408, 0.3275004338257408, 0.3275004311600366, 0.32750042671956914, 0.3275004248214084, 0.3275004244963514, 0.327500424294744, 0.3275004242856344, 0.32750042428300985, 0.32750042428058157, 0.3275004242802456, 0.3275004242801667, 0.32750042428012627, 0.32750042428011783, 0.3275004242801144, 0.3275004242801135, 0.3275004242801134, 0.3275004242801133, 0.3275004242801133]}}, "bfgs": {"type": "gradient", "0": {"maxiter": 100, "gtol": 1e-05, "xrtol": 1e-05, "eps": 1e-05, "duration": 0.045536041259765625, "fun": "0.3275004247315777", "jac": "[ 9.99585970e-06 -8.00184363e-06 -7.13529236e-06 -6.77707890e-06\n -1.00077724e-06 -4.30852021e-06]", "hess_inv": "[[  5.08225858   8.93984745  -6.34718448   2.65856484  -0.73698787\n   -0.78457699]\n [  8.93984745  34.97878659 -25.78401938   7.44062119   1.52455416\n   -5.95677315]\n [ -6.34718448 -25.78401938  22.09491288  -6.39404816  -0.65699298\n    3.97746496]\n [  2.65856484   7.44062119  -6.39404816   4.86251175  -0.19541448\n   -1.3661395 ]\n [ -0.73698787   1.52455416  -0.65699298  -0.19541448   3.81078161\n   -1.42183261]\n [ -0.78457699  -5.95677315   3.97746496  -1.3661395   -1.42183261\n    4.29469752]]", "nfev": "189", "njev": "27", "status": "0", "success": "True", "message": "Optimization terminated successfully.", "x": "[5.46746954 4.34475236 2.5790614  5.18986011 3.58134557 7.82439235]", "nit": "23", "callback": [0.8103093567213422, 0.7915572480566049, 0.7648745440004138, 0.597923110138457, 0.49027230358101537, 0.3741248843229078, 0.35624717463140443, 0.3402774870501365, 0.3333799043375616, 0.3294590780950717, 0.3287750484584121, 0.32826717986086307, 0.32807511206797546, 0.3280174246593447, 0.32796852058974235, 0.32788575022974686, 0.3277498593880911, 0.32756934188065767, 0.32751435600682066, 0.32750218257206143, 0.32750052517018, 0.3275004278775254, 0.3275004247315777]}, "1": {"maxiter": 100, "gtol": 1e-05, "xrtol": 1e-05, "eps": 1e-10, "duration": 0.046356916427612305, "fun": "0.32750042434033444", "jac": "[ 1.11022293e-06 -3.33066880e-06 -4.44089173e-06  1.11022293e-06\n  1.11022293e-06 -4.44089173e-06]", "hess_inv": "[[  4.96929892   7.36262654  -5.23256383   2.27535088  -0.90831231\n   -0.53611115]\n [  7.36262654  29.00804542 -20.29788552   7.51959953   2.088942\n   -5.26667803]\n [ -5.23256383 -20.29788552  17.44036901  -6.0256673   -0.82828092\n    3.28395031]\n [  2.27535088   7.51959953  -6.0256673    5.28249877   0.14636682\n   -1.40893253]\n [ -0.90831231   2.088942    -0.82828092   0.14636682   4.04640092\n   -1.52320829]\n [ -0.53611115  -5.26667803   3.28395031  -1.40893253  -1.52320829\n    4.21083396]]", "nfev": "196", "njev": "28", "status": "0", "success": "True", "message": "Optimization terminated successfully.", "x": "[5.46746523 4.34482365 2.57903045 5.18989583 3.58136986 7.82438129]", "nit": "24", "callback": [0.8103091019329288, 0.7915574888085457, 0.7648737771253225, 0.5979247321672803, 0.49026819452507675, 0.3741202130779627, 0.356245334699434, 0.3402768506208028, 0.33337933360837546, 0.3294592863834237, 0.3287751818346738, 0.32826737026561814, 0.3280751577180637, 0.3280174841458038, 0.32796851160509366, 0.3278856489401819, 0.32774956801988997, 0.3275690398857428, 0.32751430366904544, 0.3275021624910629, 0.32750052234899096, 0.3275004277568513, 0.3275004248031107, 0.32750042434033444]}, "2": {"maxiter": 100, "gtol": 1e-05, "xrtol": 1e-10, "eps": 1e-05, "duration": 0.04468393325805664, "fun": "0.3275004247315777", "jac": "[ 9.99585970e-06 -8.00184363e-06 -7.13529236e-06 -6.77707890e-06\n -1.00077724e-06 -4.30852021e-06]", "hess_inv": "[[  5.08225858   8.93984745  -6.34718448   2.65856484  -0.73698787\n   -0.78457699]\n [  8.93984745  34.97878659 -25.78401938   7.44062119   1.52455416\n   -5.95677315]\n [ -6.34718448 -25.78401938  22.09491288  -6.39404816  -0.65699298\n    3.97746496]\n [  2.65856484   7.44062119  -6.39404816   4.86251175  -0.19541448\n   -1.3661395 ]\n [ -0.73698787   1.52455416  -0.65699298  -0.19541448   3.81078161\n   -1.42183261]\n [ -0.78457699  -5.95677315   3.97746496  -1.3661395   -1.42183261\n    4.29469752]]", "nfev": "189", "njev": "27", "status": "0", "success": "True", "message": "Optimization terminated successfully.", "x": "[5.46746954 4.34475236 2.5790614  5.18986011 3.58134557 7.82439235]", "nit": "23", "callback": [0.8103093567213422, 0.7915572480566049, 0.7648745440004138, 0.597923110138457, 0.49027230358101537, 0.3741248843229078, 0.35624717463140443, 0.3402774870501365, 0.3333799043375616, 0.3294590780950717, 0.3287750484584121, 0.32826717986086307, 0.32807511206797546, 0.3280174246593447, 0.32796852058974235, 0.32788575022974686, 0.3277498593880911, 0.32756934188065767, 0.32751435600682066, 0.32750218257206143, 0.32750052517018, 0.3275004278775254, 0.3275004247315777]}, "3": {"maxiter": 100, "gtol": 1e-05, "xrtol": 1e-10, "eps": 1e-10, "duration": 0.04559183120727539, "fun": "0.32750042434033444", "jac": "[ 1.11022293e-06 -3.33066880e-06 -4.44089173e-06  1.11022293e-06\n  1.11022293e-06 -4.44089173e-06]", "hess_inv": "[[  4.96929892   7.36262654  -5.23256383   2.27535088  -0.90831231\n   -0.53611115]\n [  7.36262654  29.00804542 -20.29788552   7.51959953   2.088942\n   -5.26667803]\n [ -5.23256383 -20.29788552  17.44036901  -6.0256673   -0.82828092\n    3.28395031]\n [  2.27535088   7.51959953  -6.0256673    5.28249877   0.14636682\n   -1.40893253]\n [ -0.90831231   2.088942    -0.82828092   0.14636682   4.04640092\n   -1.52320829]\n [ -0.53611115  -5.26667803   3.28395031  -1.40893253  -1.52320829\n    4.21083396]]", "nfev": "196", "njev": "28", "status": "0", "success": "True", "message": "Optimization terminated successfully.", "x": "[5.46746523 4.34482365 2.57903045 5.18989583 3.58136986 7.82438129]", "nit": "24", "callback": [0.8103091019329288, 0.7915574888085457, 0.7648737771253225, 0.5979247321672803, 0.49026819452507675, 0.3741202130779627, 0.356245334699434, 0.3402768506208028, 0.33337933360837546, 0.3294592863834237, 0.3287751818346738, 0.32826737026561814, 0.3280751577180637, 0.3280174841458038, 0.32796851160509366, 0.3278856489401819, 0.32774956801988997, 0.3275690398857428, 0.32751430366904544, 0.3275021624910629, 0.32750052234899096, 0.3275004277568513, 0.3275004248031107, 0.32750042434033444]}, "4": {"maxiter": 100, "gtol": 1e-10, "xrtol": 1e-05, "eps": 1e-05, "duration": 0.045664072036743164, "fun": "0.3275004243665163", "jac": "[ 3.44412276e-06 -3.06132897e-06 -1.44240175e-06 -5.32374145e-07\n  1.09493525e-06 -2.01266781e-06]", "hess_inv": "[[  5.29512592   8.38836573  -6.17537997   2.39654651  -0.94939564\n   -0.72439341]\n [  8.38836573  31.16884037 -22.75423186   7.0227376    1.46589019\n   -5.50534201]\n [ -6.17537997 -22.75423186  19.92863972  -5.87806587  -0.42449901\n    3.62317567]\n [  2.39654651   7.0227376   -5.87806587   4.9554389   -0.06144463\n   -1.31307255]\n [ -0.94939564   1.46589019  -0.42449901  -0.06144463   3.95194468\n   -1.41128665]\n [ -0.72439341  -5.50534201   3.62317567  -1.31307255  -1.41128665\n    4.24129953]]", "nfev": "196", "njev": "28", "status": "0", "success": "True", "message": "Optimization terminated successfully.", "x": "[5.46745184 4.34478091 2.5790586  5.18987828 3.58136122 7.82438935]", "nit": "24", "callback": [0.8103093567213422, 0.7915572480566049, 0.7648745440004138, 0.597923110138457, 0.49027230358101537, 0.3741248843229078, 0.35624717463140443, 0.3402774870501365, 0.3333799043375616, 0.3294590780950717, 0.3287750484584121, 0.32826717986086307, 0.32807511206797546, 0.3280174246593447, 0.32796852058974235, 0.32788575022974686, 0.3277498593880911, 0.32756934188065767, 0.32751435600682066, 0.32750218257206143, 0.32750052517018, 0.3275004278775254, 0.3275004247315777, 0.3275004243665163]}, "5": {"maxiter": 100, "gtol": 1e-10, "xrtol": 1e-05, "eps": 1e-10, "duration": 0.04790902137756348, "fun": "0.32750042430884896", "jac": "[2.22044587e-06 1.11022293e-06 2.22044587e-06 1.11022293e-06\n 2.22044587e-06 1.11022293e-06]", "hess_inv": "[[  5.07662911   6.54834535  -4.86729099   2.01475115  -1.07415557\n   -0.48960556]\n [  6.54834535  23.88011565 -15.46714562   5.28887762   1.06201434\n   -2.93743782]\n [ -4.86729099 -15.46714562  13.57190422  -4.08320658   0.14384136\n    1.63879034]\n [  2.01475115   5.28887762  -4.08320658   4.34914574  -0.30145874\n   -0.52361896]\n [ -1.07415557   1.06201434   0.14384136  -0.30145874   3.84077921\n   -1.05296015]\n [ -0.48960556  -2.93743782   1.63879034  -0.52361896  -1.05296015\n    3.59471173]]", "nfev": "203", "njev": "29", "status": "0", "success": "True", "message": "Optimization terminated successfully.", "x": "[5.46745657 4.34480713 2.57905626 5.18988625 3.58136663 7.82439704]", "nit": "25", "callback": [0.8103091019329288, 0.7915574888085457, 0.7648737771253225, 0.5979247321672803, 0.49026819452507675, 0.3741202130779627, 0.356245334699434, 0.3402768506208028, 0.33337933360837546, 0.3294592863834237, 0.3287751818346738, 0.32826737026561814, 0.3280751577180637, 0.3280174841458038, 0.32796851160509366, 0.3278856489401819, 0.32774956801988997, 0.3275690398857428, 0.32751430366904544, 0.3275021624910629, 0.32750052234899096, 0.3275004277568513, 0.3275004248031107, 0.32750042434033444, 0.32750042430884896]}, "6": {"maxiter": 100, "gtol": 1e-10, "xrtol": 1e-10, "eps": 1e-05, "duration": 0.11260318756103516, "fun": "0.3275004242977543", "jac": "[-1.94289029e-08  2.17603713e-08  7.94475596e-08  7.35078665e-08\n  1.46960222e-07 -6.18949336e-08]", "hess_inv": "[[  5.21418165   8.13447031  -5.96185606   2.43829739  -0.94687874\n   -0.67595084]\n [  8.13447031  37.72042983 -26.8226815    8.65441901   0.60969597\n   -4.64014396]\n [ -5.96185606 -26.8226815   22.42590422  -6.96455294   0.15356407\n    3.01133731]\n [  2.43829739   8.65441901  -6.96455294   5.25406969  -0.28521654\n   -1.15162236]\n [ -0.94687874   0.60969597   0.15356407  -0.28521654   4.19955455\n   -1.62469828]\n [ -0.67595084  -4.64014396   3.01133731  -1.15162236  -1.62469828\n    4.39350705]]", "nfev": "487", "njev": "68", "status": "2", "success": "False", "message": "Desired error not necessarily achieved due to precision loss.", "x": "[5.46745039 4.34482561 2.57903159 5.18988747 3.58136038 7.82439073]", "nit": "26", "callback": [0.8103093567213422, 0.7915572480566049, 0.7648745440004138, 0.597923110138457, 0.49027230358101537, 0.3741248843229078, 0.35624717463140443, 0.3402774870501365, 0.3333799043375616, 0.3294590780950717, 0.3287750484584121, 0.32826717986086307, 0.32807511206797546, 0.3280174246593447, 0.32796852058974235, 0.32788575022974686, 0.3277498593880911, 0.32756934188065767, 0.32751435600682066, 0.32750218257206143, 0.32750052517018, 0.3275004278775254, 0.3275004247315777, 0.3275004243665163, 0.3275004243006959, 0.3275004242977543]}, "7": {"maxiter": 100, "gtol": 1e-10, "xrtol": 1e-10, "eps": 1e-10, "duration": 0.06742405891418457, "fun": "0.32750042429760107", "jac": "[1.11022293e-06 0.00000000e+00 1.11022293e-06 2.22044587e-06\n 1.11022293e-06 1.11022293e-06]", "hess_inv": "[[ 2.24734624 -0.80184572 -0.7688346   0.35475592  0.04518665  0.01357645]\n [-0.80184572  1.79098141  0.99643593 -0.1846853   1.71629068 -2.40624662]\n [-0.7688346   0.99643593  1.7444244  -1.43265046  1.94845214 -1.19779417]\n [ 0.35475592 -0.1846853  -1.43265046  2.01543719 -1.52327274  0.2588752 ]\n [ 0.04518665  1.71629068  1.94845214 -1.52327274  4.03202232 -3.75660671]\n [ 0.01357645 -2.40624662 -1.19779417  0.2588752  -3.75660671  4.92541113]]", "nfev": "287", "njev": "41", "status": "0", "success": "True", "message": "Optimization terminated successfully.", "x": "[5.46745319 4.34480591 2.57905391 5.18988762 3.58136157 7.82439874]", "nit": "31", "callback": [0.8103091019329288, 0.7915574888085457, 0.7648737771253225, 0.5979247321672803, 0.49026819452507675, 0.3741202130779627, 0.356245334699434, 0.3402768506208028, 0.33337933360837546, 0.3294592863834237, 0.3287751818346738, 0.32826737026561814, 0.3280751577180637, 0.3280174841458038, 0.32796851160509366, 0.3278856489401819, 0.32774956801988997, 0.3275690398857428, 0.32751430366904544, 0.3275021624910629, 0.32750052234899096, 0.3275004277568513, 0.3275004248031107, 0.32750042434033444, 0.32750042430884896, 0.3275004243069649, 0.32750042430439474, 0.32750042430062487, 0.32750042429760384, 0.32750042429760107, 0.32750042429760107]}, "8": {"maxiter": 500, "gtol": 1e-05, "xrtol": 1e-05, "eps": 1e-05, "duration": 0.04433321952819824, "fun": "0.3275004247315777", "jac": "[ 9.99585970e-06 -8.00184363e-06 -7.13529236e-06 -6.77707890e-06\n -1.00077724e-06 -4.30852021e-06]", "hess_inv": "[[  5.08225858   8.93984745  -6.34718448   2.65856484  -0.73698787\n   -0.78457699]\n [  8.93984745  34.97878659 -25.78401938   7.44062119   1.52455416\n   -5.95677315]\n [ -6.34718448 -25.78401938  22.09491288  -6.39404816  -0.65699298\n    3.97746496]\n [  2.65856484   7.44062119  -6.39404816   4.86251175  -0.19541448\n   -1.3661395 ]\n [ -0.73698787   1.52455416  -0.65699298  -0.19541448   3.81078161\n   -1.42183261]\n [ -0.78457699  -5.95677315   3.97746496  -1.3661395   -1.42183261\n    4.29469752]]", "nfev": "189", "njev": "27", "status": "0", "success": "True", "message": "Optimization terminated successfully.", "x": "[5.46746954 4.34475236 2.5790614  5.18986011 3.58134557 7.82439235]", "nit": "23", "callback": [0.8103093567213422, 0.7915572480566049, 0.7648745440004138, 0.597923110138457, 0.49027230358101537, 0.3741248843229078, 0.35624717463140443, 0.3402774870501365, 0.3333799043375616, 0.3294590780950717, 0.3287750484584121, 0.32826717986086307, 0.32807511206797546, 0.3280174246593447, 0.32796852058974235, 0.32788575022974686, 0.3277498593880911, 0.32756934188065767, 0.32751435600682066, 0.32750218257206143, 0.32750052517018, 0.3275004278775254, 0.3275004247315777]}, "9": {"maxiter": 500, "gtol": 1e-05, "xrtol": 1e-05, "eps": 1e-10, "duration": 0.04566597938537598, "fun": "0.32750042434033444", "jac": "[ 1.11022293e-06 -3.33066880e-06 -4.44089173e-06  1.11022293e-06\n  1.11022293e-06 -4.44089173e-06]", "hess_inv": "[[  4.96929892   7.36262654  -5.23256383   2.27535088  -0.90831231\n   -0.53611115]\n [  7.36262654  29.00804542 -20.29788552   7.51959953   2.088942\n   -5.26667803]\n [ -5.23256383 -20.29788552  17.44036901  -6.0256673   -0.82828092\n    3.28395031]\n [  2.27535088   7.51959953  -6.0256673    5.28249877   0.14636682\n   -1.40893253]\n [ -0.90831231   2.088942    -0.82828092   0.14636682   4.04640092\n   -1.52320829]\n [ -0.53611115  -5.26667803   3.28395031  -1.40893253  -1.52320829\n    4.21083396]]", "nfev": "196", "njev": "28", "status": "0", "success": "True", "message": "Optimization terminated successfully.", "x": "[5.46746523 4.34482365 2.57903045 5.18989583 3.58136986 7.82438129]", "nit": "24", "callback": [0.8103091019329288, 0.7915574888085457, 0.7648737771253225, 0.5979247321672803, 0.49026819452507675, 0.3741202130779627, 0.356245334699434, 0.3402768506208028, 0.33337933360837546, 0.3294592863834237, 0.3287751818346738, 0.32826737026561814, 0.3280751577180637, 0.3280174841458038, 0.32796851160509366, 0.3278856489401819, 0.32774956801988997, 0.3275690398857428, 0.32751430366904544, 0.3275021624910629, 0.32750052234899096, 0.3275004277568513, 0.3275004248031107, 0.32750042434033444]}, "10": {"maxiter": 500, "gtol": 1e-05, "xrtol": 1e-10, "eps": 1e-05, "duration": 0.044721126556396484, "fun": "0.3275004247315777", "jac": "[ 9.99585970e-06 -8.00184363e-06 -7.13529236e-06 -6.77707890e-06\n -1.00077724e-06 -4.30852021e-06]", "hess_inv": "[[  5.08225858   8.93984745  -6.34718448   2.65856484  -0.73698787\n   -0.78457699]\n [  8.93984745  34.97878659 -25.78401938   7.44062119   1.52455416\n   -5.95677315]\n [ -6.34718448 -25.78401938  22.09491288  -6.39404816  -0.65699298\n    3.97746496]\n [  2.65856484   7.44062119  -6.39404816   4.86251175  -0.19541448\n   -1.3661395 ]\n [ -0.73698787   1.52455416  -0.65699298  -0.19541448   3.81078161\n   -1.42183261]\n [ -0.78457699  -5.95677315   3.97746496  -1.3661395   -1.42183261\n    4.29469752]]", "nfev": "189", "njev": "27", "status": "0", "success": "True", "message": "Optimization terminated successfully.", "x": "[5.46746954 4.34475236 2.5790614  5.18986011 3.58134557 7.82439235]", "nit": "23", "callback": [0.8103093567213422, 0.7915572480566049, 0.7648745440004138, 0.597923110138457, 0.49027230358101537, 0.3741248843229078, 0.35624717463140443, 0.3402774870501365, 0.3333799043375616, 0.3294590780950717, 0.3287750484584121, 0.32826717986086307, 0.32807511206797546, 0.3280174246593447, 0.32796852058974235, 0.32788575022974686, 0.3277498593880911, 0.32756934188065767, 0.32751435600682066, 0.32750218257206143, 0.32750052517018, 0.3275004278775254, 0.3275004247315777]}, "11": {"maxiter": 500, "gtol": 1e-05, "xrtol": 1e-10, "eps": 1e-10, "duration": 0.0450439453125, "fun": "0.32750042434033444", "jac": "[ 1.11022293e-06 -3.33066880e-06 -4.44089173e-06  1.11022293e-06\n  1.11022293e-06 -4.44089173e-06]", "hess_inv": "[[  4.96929892   7.36262654  -5.23256383   2.27535088  -0.90831231\n   -0.53611115]\n [  7.36262654  29.00804542 -20.29788552   7.51959953   2.088942\n   -5.26667803]\n [ -5.23256383 -20.29788552  17.44036901  -6.0256673   -0.82828092\n    3.28395031]\n [  2.27535088   7.51959953  -6.0256673    5.28249877   0.14636682\n   -1.40893253]\n [ -0.90831231   2.088942    -0.82828092   0.14636682   4.04640092\n   -1.52320829]\n [ -0.53611115  -5.26667803   3.28395031  -1.40893253  -1.52320829\n    4.21083396]]", "nfev": "196", "njev": "28", "status": "0", "success": "True", "message": "Optimization terminated successfully.", "x": "[5.46746523 4.34482365 2.57903045 5.18989583 3.58136986 7.82438129]", "nit": "24", "callback": [0.8103091019329288, 0.7915574888085457, 0.7648737771253225, 0.5979247321672803, 0.49026819452507675, 0.3741202130779627, 0.356245334699434, 0.3402768506208028, 0.33337933360837546, 0.3294592863834237, 0.3287751818346738, 0.32826737026561814, 0.3280751577180637, 0.3280174841458038, 0.32796851160509366, 0.3278856489401819, 0.32774956801988997, 0.3275690398857428, 0.32751430366904544, 0.3275021624910629, 0.32750052234899096, 0.3275004277568513, 0.3275004248031107, 0.32750042434033444]}, "12": {"maxiter": 500, "gtol": 1e-10, "xrtol": 1e-05, "eps": 1e-05, "duration": 0.04621696472167969, "fun": "0.3275004243665163", "jac": "[ 3.44412276e-06 -3.06132897e-06 -1.44240175e-06 -5.32374145e-07\n  1.09493525e-06 -2.01266781e-06]", "hess_inv": "[[  5.29512592   8.38836573  -6.17537997   2.39654651  -0.94939564\n   -0.72439341]\n [  8.38836573  31.16884037 -22.75423186   7.0227376    1.46589019\n   -5.50534201]\n [ -6.17537997 -22.75423186  19.92863972  -5.87806587  -0.42449901\n    3.62317567]\n [  2.39654651   7.0227376   -5.87806587   4.9554389   -