{"date": "2024/09/24/, 03:50:05", "conf_id": 243, "data_type": "var_s_rank\n", "num_data_points": 1, "s_rank": 0, "unitary": "[[-0.53618537-0.34368723j,-0.12107031-0.46226139j,-0.07699282-0.46603512j,0.36022595-0.11472301j],[0.26026499-0.63450712j,-0.56616638+0.37832564j,-0.14988651+0.08458591j,0.10363514-0.16008501j],[-0.32580188-0.11070003j,-0.36476308-0.23593218j,0.02559343+0.41761608j,-0.25598305+0.6725303j],[0.07406738-0.0126433j,0.28513701+0.19483972j,-0.74939717-0.10299659j,0.29798249+0.46269921j]]", "databatch_0": {"databatch": "[[[-0.20798723-0.43083643j,-0.16204622-0.13234226j,-0.14539453+0.08314866j,0.38530567+0.19667987j],[-0.01286015-0.00759282j,-0.00650035-0.00063342j,-0.00233806+0.00467658j,0.01341393-0.00155931j],[0.43971159-0.00348379j,0.17364623-0.08262638j,-0.01194303-0.1534828j,-0.31484736+0.24284002j],[-0.20841873-0.05710102j,-0.09316217+0.0158762j,-0.01485817+0.07418246j,0.18134626-0.07278073j]]]", "initial param values": "[2.31302224,5.99774464,5.80360145,1.22091734,2.02838765,3.40792086]", "nelder_mead": {"type": "gradient-free", "0": {"maxiter": 100, "fatol": 1e-05, "xatol": 1e-05, "duration": 0.03843998908996582, "fun": "0.2029607472692606", "nit": "100", "nfev": "160", "status": "2", "success": "False", "message": "Maximum number of iterations has been exceeded.", "x": "[2.57975809 7.56348768 4.36612454 1.49341953 4.64161293 3.56217102]", "final_simplex": "(array([[2.57975809, 7.56348768, 4.36612454, 1.49341953, 4.64161293,\n        3.56217102],\n       [2.56472233, 7.5347418 , 4.36727335, 1.48579403, 4.5558377 ,\n        3.56690058],\n       [2.51747482, 7.51912819, 4.43521767, 1.4758643 , 4.51400847,\n        3.52039529],\n       [2.5265968 , 7.52363403, 4.3141121 , 1.49682427, 4.56393334,\n        3.56129412],\n       [2.44513187, 7.51744967, 4.47038172, 1.50041531, 4.46690645,\n        3.50415613],\n       [2.51915937, 7.51206756, 4.35051391, 1.50273961, 4.57335096,\n        3.58082701],\n       [2.52721919, 7.48039237, 4.43404805, 1.49570333, 4.51171207,\n        3.54442046]]), array([0.20296075, 0.20328675, 0.20330146, 0.20382588, 0.20433846,\n       0.20445953, 0.20476343]))", "callback": [0.34550242551139776, 0.3323165885767073, 0.3262454680641762, 0.3196198476214842, 0.29908303029848515, 0.2683184748654579, 0.22016084002029312, 0.21210960940234447, 0.20330145562089053]}, "1": {"maxiter": 100, "fatol": 1e-05, "xatol": 1e-10, "duration": 0.03629016876220703, "fun": "0.2029607472692606", "nit": "100", "nfev": "160", "status": "2", "success": "False", "message": "Maximum number of iterations has been exceeded.", "x": "[2.57975809 7.56348768 4.36612454 1.49341953 4.64161293 3.56217102]", "final_simplex": "(array([[2.57975809, 7.56348768, 4.36612454, 1.49341953, 4.64161293,\n        3.56217102],\n       [2.56472233, 7.5347418 , 4.36727335, 1.48579403, 4.5558377 ,\n        3.56690058],\n       [2.51747482, 7.51912819, 4.43521767, 1.4758643 , 4.51400847,\n        3.52039529],\n       [2.5265968 , 7.52363403, 4.3141121 , 1.49682427, 4.56393334,\n        3.56129412],\n       [2.44513187, 7.51744967, 4.47038172, 1.50041531, 4.46690645,\n        3.50415613],\n       [2.51915937, 7.51206756, 4.35051391, 1.50273961, 4.57335096,\n        3.58082701],\n       [2.52721919, 7.48039237, 4.43404805, 1.49570333, 4.51171207,\n        3.54442046]]), array([0.20296075, 0.20328675, 0.20330146, 0.20382588, 0.20433846,\n       0.20445953, 0.20476343]))", "callback": [0.34550242551139776, 0.3323165885767073, 0.3262454680641762, 0.3196198476214842, 0.29908303029848515, 0.2683184748654579, 0.22016084002029312, 0.21210960940234447, 0.20330145562089053]}, "2": {"maxiter": 100, "fatol": 1e-10, "xatol": 1e-05, "duration": 0.03564810752868652, "fun": "0.2029607472692606", "nit": "100", "nfev": "160", "status": "2", "success": "False", "message": "Maximum number of iterations has been exceeded.", "x": "[2.57975809 7.56348768 4.36612454 1.49341953 4.64161293 3.56217102]", "final_simplex": "(array([[2.57975809, 7.56348768, 4.36612454, 1.49341953, 4.64161293,\n        3.56217102],\n       [2.56472233, 7.5347418 , 4.36727335, 1.48579403, 4.5558377 ,\n        3.56690058],\n       [2.51747482, 7.51912819, 4.43521767, 1.4758643 , 4.51400847,\n        3.52039529],\n       [2.5265968 , 7.52363403, 4.3141121 , 1.49682427, 4.56393334,\n        3.56129412],\n       [2.44513187, 7.51744967, 4.47038172, 1.50041531, 4.46690645,\n        3.50415613],\n       [2.51915937, 7.51206756, 4.35051391, 1.50273961, 4.57335096,\n        3.58082701],\n       [2.52721919, 7.48039237, 4.43404805, 1.49570333, 4.51171207,\n        3.54442046]]), array([0.20296075, 0.20328675, 0.20330146, 0.20382588, 0.20433846,\n       0.20445953, 0.20476343]))", "callback": [0.34550242551139776, 0.3323165885767073, 0.3262454680641762, 0.3196198476214842, 0.29908303029848515, 0.2683184748654579, 0.22016084002029312, 0.21210960940234447, 0.20330145562089053]}, "3": {"maxiter": 100, "fatol": 1e-10, "xatol": 1e-10, "duration": 0.03572988510131836, "fun": "0.2029607472692606", "nit": "100", "nfev": "160", "status": "2", "success": "False", "message": "Maximum number of iterations has been exceeded.", "x": "[2.57975809 7.56348768 4.36612454 1.49341953 4.64161293 3.56217102]", "final_simplex": "(array([[2.57975809, 7.56348768, 4.36612454, 1.49341953, 4.64161293,\n        3.56217102],\n       [2.56472233, 7.5347418 , 4.36727335, 1.48579403, 4.5558377 ,\n        3.56690058],\n       [2.51747482, 7.51912819, 4.43521767, 1.4758643 , 4.51400847,\n        3.52039529],\n       [2.5265968 , 7.52363403, 4.3141121 , 1.49682427, 4.56393334,\n        3.56129412],\n       [2.44513187, 7.51744967, 4.47038172, 1.50041531, 4.46690645,\n        3.50415613],\n       [2.51915937, 7.51206756, 4.35051391, 1.50273961, 4.57335096,\n        3.58082701],\n       [2.52721919, 7.48039237, 4.43404805, 1.49570333, 4.51171207,\n        3.54442046]]), array([0.20296075, 0.20328675, 0.20330146, 0.20382588, 0.20433846,\n       0.20445953, 0.20476343]))", "callback": [0.34550242551139776, 0.3323165885767073, 0.3262454680641762, 0.3196198476214842, 0.29908303029848515, 0.2683184748654579, 0.22016084002029312, 0.21210960940234447, 0.20330145562089053]}, "4": {"maxiter": 500, "fatol": 1e-05, "xatol": 1e-05, "duration": 0.09814310073852539, "fun": "0.1988237243777764", "nit": "268", "nfev": "446", "status": "0", "success": "True", "message": "Optimization terminated successfully.", "x": "[2.79920193 7.66810314 4.61439939 1.75750689 4.60761421 3.41665233]", "final_simplex": "(array([[2.79920193, 7.66810314, 4.61439939, 1.75750689, 4.60761421,\n        3.41665233],\n       [2.79920386, 7.66811026, 4.61439966, 1.75750662, 4.60761882,\n        3.4166545 ],\n       [2.79919801, 7.66810594, 4.61439925, 1.75750277, 4.6076129 ,\n        3.4166564 ],\n       [2.79920569, 7.66810527, 4.61439637, 1.75750841, 4.60761957,\n        3.41665487],\n       [2.79920454, 7.66810676, 4.61440467, 1.75750998, 4.60761387,\n        3.4166509 ],\n       [2.79920454, 7.66810618, 4.61439889, 1.757507  , 4.60761478,\n        3.41665242],\n       [2.79920331, 7.66810417, 4.61439765, 1.75750217, 4.60761727,\n        3.41665422]]), array([0.19882372, 0.19882372, 0.19882372, 0.19882372, 0.19882372,\n       0.19882372, 0.19882372]))", "callback": [0.34550242551139776, 0.3323165885767073, 0.3262454680641762, 0.3196198476214842, 0.29908303029848515, 0.2683184748654579, 0.22016084002029312, 0.21210960940234447, 0.20330145562089053, 0.2029607472692606, 0.20232254414988415, 0.20220220213135187, 0.20200854425719317, 0.2012449930334157, 0.19932118554628064, 0.19894066745360905, 0.1988597097410315, 0.19883154774718004, 0.19882443793286086, 0.19882378601724415, 0.19882373535077735, 0.19882372749905186, 0.1988237248200131, 0.19882372445686847, 0.19882372439286178, 0.19882372437995233]}, "5": {"maxiter": 500, "fatol": 1e-05, "xatol": 1e-10, "duration": 0.14478397369384766, "fun": "0.19882372437682772", "nit": "361", "nfev": "663", "status": "0", "success": "True", "message": "Optimization terminated successfully.", "x": "[2.79920134 7.66810817 4.61440054 1.75750463 4.60761638 3.41665443]", "final_simplex": "(array([[2.79920134, 7.66810817, 4.61440054, 1.75750463, 4.60761638,\n        3.41665443],\n       [2.79920134, 7.66810817, 4.61440054, 1.75750463, 4.60761638,\n        3.41665443],\n       [2.79920134, 7.66810817, 4.61440054, 1.75750463, 4.60761638,\n        3.41665443],\n       [2.79920134, 7.66810817, 4.61440054, 1.75750463, 4.60761638,\n        3.41665443],\n       [2.79920134, 7.66810817, 4.61440054, 1.75750463, 4.60761638,\n        3.41665443],\n       [2.79920134, 7.66810817, 4.61440054, 1.75750463, 4.60761638,\n        3.41665443],\n       [2.79920134, 7.66810817, 4.61440054, 1.75750463, 4.60761638,\n        3.41665443]]), array([0.19882372, 0.19882372, 0.19882372, 0.19882372, 0.19882372,\n       0.19882372, 0.19882372]))", "callback": [0.34550242551139776, 0.3323165885767073, 0.3262454680641762, 0.3196198476214842, 0.29908303029848515, 0.2683184748654579, 0.22016084002029312, 0.21210960940234447, 0.20330145562089053, 0.2029607472692606, 0.20232254414988415, 0.20220220213135187, 0.20200854425719317, 0.2012449930334157, 0.19932118554628064, 0.19894066745360905, 0.1988597097410315, 0.19883154774718004, 0.19882443793286086, 0.19882378601724415, 0.19882373535077735, 0.19882372749905186, 0.1988237248200131, 0.19882372445686847, 0.19882372439286178, 0.19882372437995233, 0.19882372437750662, 0.1988237243769726, 0.19882372437685336, 0.19882372437683316, 0.19882372437682894, 0.19882372437682827, 0.19882372437682783, 0.19882372437682783, 0.19882372437682772, 0.19882372437682772]}, "6": {"maxiter": 500, "fatol": 1e-10, "xatol": 1e-05, "duration": 0.0970602035522461, "fun": "0.1988237243777764", "nit": "268", "nfev": "446", "status": "0", "success": "True", "message": "Optimization terminated successfully.", "x": "[2.79920193 7.66810314 4.61439939 1.75750689 4.60761421 3.41665233]", "final_simplex": "(array([[2.79920193, 7.66810314, 4.61439939, 1.75750689, 4.60761421,\n        3.41665233],\n       [2.79920386, 7.66811026, 4.61439966, 1.75750662, 4.60761882,\n        3.4166545 ],\n       [2.79919801, 7.66810594, 4.61439925, 1.75750277, 4.6076129 ,\n        3.4166564 ],\n       [2.79920569, 7.66810527, 4.61439637, 1.75750841, 4.60761957,\n        3.41665487],\n       [2.79920454, 7.66810676, 4.61440467, 1.75750998, 4.60761387,\n        3.4166509 ],\n       [2.79920454, 7.66810618, 4.61439889, 1.757507  , 4.60761478,\n        3.41665242],\n       [2.79920331, 7.66810417, 4.61439765, 1.75750217, 4.60761727,\n        3.41665422]]), array([0.19882372, 0.19882372, 0.19882372, 0.19882372, 0.19882372,\n       0.19882372, 0.19882372]))", "callback": [0.34550242551139776, 0.3323165885767073, 0.3262454680641762, 0.3196198476214842, 0.29908303029848515, 0.2683184748654579, 0.22016084002029312, 0.21210960940234447, 0.20330145562089053, 0.2029607472692606, 0.20232254414988415, 0.20220220213135187, 0.20200854425719317, 0.2012449930334157, 0.19932118554628064, 0.19894066745360905, 0.1988597097410315, 0.19883154774718004, 0.19882443793286086, 0.19882378601724415, 0.19882373535077735, 0.19882372749905186, 0.1988237248200131, 0.19882372445686847, 0.19882372439286178, 0.19882372437995233]}, "7": {"maxiter": 500, "fatol": 1e-10, "xatol": 1e-10, "duration": 0.14682531356811523, "fun": "0.19882372437682772", "nit": "361", "nfev": "663", "status": "0", "success": "True", "message": "Optimization terminated successfully.", "x": "[2.79920134 7.66810817 4.61440054 1.75750463 4.60761638 3.41665443]", "final_simplex": "(array([[2.79920134, 7.66810817, 4.61440054, 1.75750463, 4.60761638,\n        3.41665443],\n       [2.79920134, 7.66810817, 4.61440054, 1.75750463, 4.60761638,\n        3.41665443],\n       [2.79920134, 7.66810817, 4.61440054, 1.75750463, 4.60761638,\n        3.41665443],\n       [2.79920134, 7.66810817, 4.61440054, 1.75750463, 4.60761638,\n        3.41665443],\n       [2.79920134, 7.66810817, 4.61440054, 1.75750463, 4.60761638,\n        3.41665443],\n       [2.79920134, 7.66810817, 4.61440054, 1.75750463, 4.60761638,\n        3.41665443],\n       [2.79920134, 7.66810817, 4.61440054, 1.75750463, 4.60761638,\n        3.41665443]]), array([0.19882372, 0.19882372, 0.19882372, 0.19882372, 0.19882372,\n       0.19882372, 0.19882372]))", "callback": [0.34550242551139776, 0.3323165885767073, 0.3262454680641762, 0.3196198476214842, 0.29908303029848515, 0.2683184748654579, 0.22016084002029312, 0.21210960940234447, 0.20330145562089053, 0.2029607472692606, 0.20232254414988415, 0.20220220213135187, 0.20200854425719317, 0.2012449930334157, 0.19932118554628064, 0.19894066745360905, 0.1988597097410315, 0.19883154774718004, 0.19882443793286086, 0.19882378601724415, 0.19882373535077735, 0.19882372749905186, 0.1988237248200131, 0.19882372445686847, 0.19882372439286178, 0.19882372437995233, 0.19882372437750662, 0.1988237243769726, 0.19882372437685336, 0.19882372437683316, 0.19882372437682894, 0.19882372437682827, 0.19882372437682783, 0.19882372437682783, 0.19882372437682772, 0.19882372437682772]}, "8": {"maxiter": 1000, "fatol": 1e-05, "xatol": 1e-05, "duration": 0.11330413818359375, "fun": "0.1988237243777764", "nit": "268", "nfev": "446", "status": "0", "success": "True", "message": "Optimization terminated successfully.", "x": "[2.79920193 7.66810314 4.61439939 1.75750689 4.60761421 3.41665233]", "final_simplex": "(array([[2.79920193, 7.66810314, 4.61439939, 1.75750689, 4.60761421,\n        3.41665233],\n       [2.79920386, 7.66811026, 4.61439966, 1.75750662, 4.60761882,\n        3.4166545 ],\n       [2.79919801, 7.66810594, 4.61439925, 1.75750277, 4.6076129 ,\n        3.4166564 ],\n       [2.79920569, 7.66810527, 4.61439637, 1.75750841, 4.60761957,\n        3.41665487],\n       [2.79920454, 7.66810676, 4.61440467, 1.75750998, 4.60761387,\n        3.4166509 ],\n       [2.79920454, 7.66810618, 4.61439889, 1.757507  , 4.60761478,\n        3.41665242],\n       [2.79920331, 7.66810417, 4.61439765, 1.75750217, 4.60761727,\n        3.41665422]]), array([0.19882372, 0.19882372, 0.19882372, 0.19882372, 0.19882372,\n       0.19882372, 0.19882372]))", "callback": [0.34550242551139776, 0.3323165885767073, 0.3262454680641762, 0.3196198476214842, 0.29908303029848515, 0.2683184748654579, 0.22016084002029312, 0.21210960940234447, 0.20330145562089053, 0.2029607472692606, 0.20232254414988415, 0.20220220213135187, 0.20200854425719317, 0.2012449930334157, 0.19932118554628064, 0.19894066745360905, 0.1988597097410315, 0.19883154774718004, 0.19882443793286086, 0.19882378601724415, 0.19882373535077735, 0.19882372749905186, 0.1988237248200131, 0.19882372445686847, 0.19882372439286178, 0.19882372437995233]}, "9": {"maxiter": 1000, "fatol": 1e-05, "xatol": 1e-10, "duration": 0.15020179748535156, "fun": "0.19882372437682772", "nit": "361", "nfev": "663", "status": "0", "success": "True", "message": "Optimization terminated successfully.", "x": "[2.79920134 7.66810817 4.61440054 1.75750463 4.60761638 3.41665443]", "final_simplex": "(array([[2.79920134, 7.66810817, 4.61440054, 1.75750463, 4.60761638,\n        3.41665443],\n       [2.79920134, 7.66810817, 4.61440054, 1.75750463, 4.60761638,\n        3.41665443],\n       [2.79920134, 7.66810817, 4.61440054, 1.75750463, 4.60761638,\n        3.41665443],\n       [2.79920134, 7.66810817, 4.61440054, 1.75750463, 4.60761638,\n        3.41665443],\n       [2.79920134, 7.66810817, 4.61440054, 1.75750463, 4.60761638,\n        3.41665443],\n       [2.79920134, 7.66810817, 4.61440054, 1.75750463, 4.60761638,\n        3.41665443],\n       [2.79920134, 7.66810817, 4.61440054, 1.75750463, 4.60761638,\n        3.41665443]]), array([0.19882372, 0.19882372, 0.19882372, 0.19882372, 0.19882372,\n       0.19882372, 0.19882372]))", "callback": [0.34550242551139776, 0.3323165885767073, 0.3262454680641762, 0.3196198476214842, 0.29908303029848515, 0.2683184748654579, 0.22016084002029312, 0.21210960940234447, 0.20330145562089053, 0.2029607472692606, 0.20232254414988415, 0.20220220213135187, 0.20200854425719317, 0.2012449930334157, 0.19932118554628064, 0.19894066745360905, 0.1988597097410315, 0.19883154774718004, 0.19882443793286086, 0.19882378601724415, 0.19882373535077735, 0.19882372749905186, 0.1988237248200131, 0.19882372445686847, 0.19882372439286178, 0.19882372437995233, 0.19882372437750662, 0.1988237243769726, 0.19882372437685336, 0.19882372437683316, 0.19882372437682894, 0.19882372437682827, 0.19882372437682783, 0.19882372437682783, 0.19882372437682772, 0.19882372437682772]}, "10": {"maxiter": 1000, "fatol": 1e-10, "xatol": 1e-05, "duration": 0.0988931655883789, "fun": "0.1988237243777764", "nit": "268", "nfev": "446", "status": "0", "success": "True", "message": "Optimization terminated successfully.", "x": "[2.79920193 7.66810314 4.61439939 1.75750689 4.60761421 3.41665233]", "final_simplex": "(array([[2.79920193, 7.66810314, 4.61439939, 1.75750689, 4.60761421,\n        3.41665233],\n       [2.79920386, 7.66811026, 4.61439966, 1.75750662, 4.60761882,\n        3.4166545 ],\n       [2.79919801, 7.66810594, 4.61439925, 1.75750277, 4.6076129 ,\n        3.4166564 ],\n       [2.79920569, 7.66810527, 4.61439637, 1.75750841, 4.60761957,\n        3.41665487],\n       [2.79920454, 7.66810676, 4.61440467, 1.75750998, 4.60761387,\n        3.4166509 ],\n       [2.79920454, 7.66810618, 4.61439889, 1.757507  , 4.60761478,\n        3.41665242],\n       [2.79920331, 7.66810417, 4.61439765, 1.75750217, 4.60761727,\n        3.41665422]]), array([0.19882372, 0.19882372, 0.19882372, 0.19882372, 0.19882372,\n       0.19882372, 0.19882372]))", "callback": [0.34550242551139776, 0.3323165885767073, 0.3262454680641762, 0.3196198476214842, 0.29908303029848515, 0.2683184748654579, 0.22016084002029312, 0.21210960940234447, 0.20330145562089053, 0.2029607472692606, 0.20232254414988415, 0.20220220213135187, 0.20200854425719317, 0.2012449930334157, 0.19932118554628064, 0.19894066745360905, 0.1988597097410315, 0.19883154774718004, 0.19882443793286086, 0.19882378601724415, 0.19882373535077735, 0.19882372749905186, 0.1988237248200131, 0.19882372445686847, 0.19882372439286178, 0.19882372437995233]}, "11": {"maxiter": 1000, "fatol": 1e-10, "xatol": 1e-10, "duration": 0.15510201454162598, "fun": "0.19882372437682772", "nit": "361", "nfev": "663", "status": "0", "success": "True", "message": "Optimization terminated successfully.", "x": "[2.79920134 7.66810817 4.61440054 1.75750463 4.60761638 3.41665443]", "final_simplex": "(array([[2.79920134, 7.66810817, 4.61440054, 1.75750463, 4.60761638,\n        3.41665443],\n       [2.79920134, 7.66810817, 4.61440054, 1.75750463, 4.60761638,\n        3.41665443],\n       [2.79920134, 7.66810817, 4.61440054, 1.75750463, 4.60761638,\n        3.41665443],\n       [2.79920134, 7.66810817, 4.61440054, 1.75750463, 4.60761638,\n        3.41665443],\n       [2.79920134, 7.66810817, 4.61440054, 1.75750463, 4.60761638,\n        3.41665443],\n       [2.79920134, 7.66810817, 4.61440054, 1.75750463, 4.60761638,\n        3.41665443],\n       [2.79920134, 7.66810817, 4.61440054, 1.75750463, 4.60761638,\n        3.41665443]]), array([0.19882372, 0.19882372, 0.19882372, 0.19882372, 0.19882372,\n       0.19882372, 0.19882372]))", "callback": [0.34550242551139776, 0.3323165885767073, 0.3262454680641762, 0.3196198476214842, 0.29908303029848515, 0.2683184748654579, 0.22016084002029312, 0.21210960940234447, 0.20330145562089053, 0.2029607472692606, 0.20232254414988415, 0.20220220213135187, 0.20200854425719317, 0.2012449930334157, 0.19932118554628064, 0.19894066745360905, 0.1988597097410315, 0.19883154774718004, 0.19882443793286086, 0.19882378601724415, 0.19882373535077735, 0.19882372749905186, 0.1988237248200131, 0.19882372445686847, 0.19882372439286178, 0.19882372437995233, 0.19882372437750662, 0.1988237243769726, 0.19882372437685336, 0.19882372437683316, 0.19882372437682894, 0.19882372437682827, 0.19882372437682783, 0.19882372437682783, 0.19882372437682772, 0.19882372437682772]}}, "bfgs": {"type": "gradient", "0": {"maxiter": 100, "gtol": 1e-05, "xrtol": 1e-05, "eps": 1e-05, "duration": 0.062055349349975586, "fun": "0.19882372467271237", "jac": "[-3.29771765e-06 -7.84510235e-06  8.16187118e-06  5.37138112e-06\n  6.48611165e-06  8.03144218e-06]", "hess_inv": "[[13.76121994  5.83296861  6.49897567  7.39048827  8.17047293 -5.64518074]\n [ 5.83296861  6.20462674  0.25672363  1.06617394  7.99744336  0.69341767]\n [ 6.49897567  0.25672363  8.29426554  5.95012399 -1.12960567 -8.41289683]\n [ 7.39048827  1.06617394  5.95012399  7.92240167  1.43060101 -6.10140058]\n [ 8.17047293  7.99744336 -1.12960567  1.43060101 14.42575754  3.03726332]\n [-5.64518074  0.69341767 -8.41289683 -6.10140058  3.03726332 11.49178608]]", "nfev": "203", "njev": "29", "status": "0", "success": "True", "message": "Optimization terminated successfully.", "x": "[2.73058609 8.0109367  4.93757349 1.79595028 4.55794926 3.53509046]", "nit": "27", "callback": [0.2975084216887739, 0.19981177909664283]}, "1": {"maxiter": 100, "gtol": 1e-05, "xrtol": 1e-05, "eps": 1e-10, "duration": 0.04917287826538086, "fun": "0.1988237244617086", "jac": "[ 4.44089173e-06  3.33066880e-06 -4.44089173e-06  2.22044587e-06\n -7.77156053e-06  3.33066880e-06]", "hess_inv": "[[14.07020443  5.84693089  6.83768839  7.65201464  8.29104449 -6.006381  ]\n [ 5.84693089  6.29931713  0.29437877  0.94241064  8.13424191  0.60958149]\n [ 6.83768839  0.29437877  8.4532129   6.24814768 -0.89034536 -8.47693269]\n [ 7.65201464  0.94241064  6.24814768  8.343613    1.33616484 -6.3747019 ]\n [ 8.29104449  8.13424191 -0.89034536  1.33616484 14.22920331  2.52840838]\n [-6.006381    0.60958149 -8.47693269 -6.3747019   2.52840838 11.33913274]]", "nfev": "203", "njev": "29", "status": "0", "success": "True", "message": "Optimization terminated successfully.", "x": "[2.73079209 8.0105552  4.93719511 1.79591696 4.55805626 3.53489054]", "nit": "27", "callback": [0.2975025970259064, 0.19986214522598933]}, "2": {"maxiter": 100, "gtol": 1e-05, "xrtol": 1e-10, "eps": 1e-05, "duration": 0.05150103569030762, "fun": "0.19882372467271237", "jac": "[-3.29771765e-06 -7.84510235e-06  8.16187118e-06  5.37138112e-06\n  6.48611165e-06  8.03144218e-06]", "hess_inv": "[[13.76121994  5.83296861  6.49897567  7.39048827  8.17047293 -5.64518074]\n [ 5.83296861  6.20462674  0.25672363  1.06617394  7.99744336  0.69341767]\n [ 6.49897567  0.25672363  8.29426554  5.95012399 -1.12960567 -8.41289683]\n [ 7.39048827  1.06617394  5.95012399  7.92240167  1.43060101 -6.10140058]\n [ 8.17047293  7.99744336 -1.12960567  1.43060101 14.42575754  3.03726332]\n [-5.64518074  0.69341767 -8.41289683 -6.10140058  3.03726332 11.49178608]]", "nfev": "203", "njev": "29", "status": "0", "success": "True", "message": "Optimization terminated successfully.", "x": "[2.73058609 8.0109367  4.93757349 1.79595028 4.55794926 3.53509046]", "nit": "27", "callback": [0.2975084216887739, 0.19981177909664283]}, "3": {"maxiter": 100, "gtol": 1e-05, "xrtol": 1e-10, "eps": 1e-10, "duration": 0.04953432083129883, "fun": "0.1988237244617086", "jac": "[ 4.44089173e-06  3.33066880e-06 -4.44089173e-06  2.22044587e-06\n -7.77156053e-06  3.33066880e-06]", "hess_inv": "[[14.07020443  5.84693089  6.83768839  7.65201464  8.29104449 -6.006381  ]\n [ 5.84693089  6.29931713  0.29437877  0.94241064  8.13424191  0.60958149]\n [ 6.83768839  0.29437877  8.4532129   6.24814768 -0.89034536 -8.47693269]\n [ 7.65201464  0.94241064  6.24814768  8.343613    1.33616484 -6.3747019 ]\n [ 8.29104449  8.13424191 -0.89034536  1.33616484 14.22920331  2.52840838]\n [-6.006381    0.60958149 -8.47693269 -6.3747019   2.52840838 11.33913274]]", "nfev": "203", "njev": "29", "status": "0", "success": "True", "message": "Optimization terminated successfully.", "x": "[2.73079209 8.0105552  4.93719511 1.79591696 4.55805626 3.53489054]", "nit": "27", "callback": [0.2975025970259064, 0.19986214522598933]}, "4": {"maxiter": 100, "gtol": 1e-10, "xrtol": 1e-05, "eps": 1e-05, "duration": 0.04945206642150879, "fun": "0.1988237245636192", "jac": "[-1.37434508e-07  1.36365363e-06  1.70337078e-06  6.84619028e-07\n -8.42292902e-07  1.36508582e-06]", "hess_inv": "[[13.73156788  5.84086729  6.48387437  7.34161634  8.09187312 -5.69834698]\n [ 5.84086729  6.20268745  0.26381701  1.07611593  8.01638644  0.70112711]\n [ 6.48387437  0.26381701  8.34380694  5.86789529 -1.20680397 -8.56024328]\n [ 7.34161634  1.07611593  5.86789529  7.89929798  1.33829248 -6.06853391]\n [ 8.09187312  8.01638644 -1.20680397  1.33829248 14.24154888  2.97444123]\n [-5.69834698  0.70112711 -8.56024328 -6.06853391  2.97444123 11.6491978 ]]", "nfev": "210", "njev": "30", "status": "0", "success": "True", "message": "Optimization terminated successfully.", "x": "[2.73057812 8.01093906 4.93757391 1.79593266 4.55792523 3.53506678]", "nit": "28", "callback": [0.2975084216887739, 0.19981177909664283]}, "5": {"maxiter": 100, "gtol": 1e-10, "xrtol": 1e-05, "eps": 1e-10, "duration": 0.04860687255859375, "fun": "0.19882372442578145", "jac": "[-3.33066880e-06 -2.22044587e-06 -1.11022293e-06  0.00000000e+00\n  2.22044587e-06 -2.22044587e-06]", "hess_inv": "[[13.55472924  5.77853903  6.52071427  7.04440984  8.2189711  -5.67223928]\n [ 5.77853903  6.39241373  0.28729351  0.72700782  8.38674133  0.59372545]\n [ 6.52071427  0.28729351  8.27026955  5.82838776 -0.84496835 -8.29206444]\n [ 7.04440984  0.72700782  5.82838776  7.8052293   0.90548776 -5.90143612]\n [ 8.2189711   8.38674133 -0.84496835  0.90548776 14.89130008  2.42074631]\n [-5.67223928  0.59372545 -8.29206444 -5.90143612  2.42074631 11.15799272]]", "nfev": "210", "njev": "30", "status": "0", "success": "True", "message": "Optimization terminated successfully.", "x": "[2.73080873 8.01057111 4.93721003 1.7959185  4.55809373 3.53487168]", "nit": "28", "callback": [0.2975025970259064, 0.19986214522598933]}, "6": {"maxiter": 100, "gtol": 1e-10, "xrtol": 1e-10, "eps": 1e-05, "duration": 0.10912370681762695, "fun": "0.1988237245636192", "jac": "[-1.37434508e-07  1.36365363e-06  1.70337078e-06  6.84619028e-07\n -8.42292902e-07  1.36508582e-06]", "hess_inv": "[[14.02298562  5.85711788  6.6129196   7.78673702  8.54270433 -5.33817354]\n [ 5.85711788  6.16743841  0.22027253  1.1710023   8.19220181  0.89935747]\n [ 6.6129196   0.22027253  8.32974089  6.16333241 -0.79570861 -8.15074068]\n [ 7.78673702  1.1710023   6.16333241  8.44341209  1.73491504 -5.86361939]\n [ 8.54270433  8.19220181 -0.79570861  1.73491504 14.31106504  2.78922569]\n [-5.33817354  0.89935747 -8.15074068 -5.86361939  2.78922569 11.21658173]]", "nfev": "467", "njev": "65", "status": "2", "success": "False", "message": "Desired error not necessarily achieved due to precision loss.", "x": "[2.73057812 8.01093906 4.93757391 1.79593266 4.55792523 3.53506678]", "nit": "28", "callback": [0.2975084216887739, 0.19981177909664283]}, "7": {"maxiter": 100, "gtol": 1e-10, "xrtol": 1e-10, "eps": 1e-10, "duration": 0.06969213485717773, "fun": "0.19882372442578145", "jac": "[-1.11022293e-06 -2.22044587e-06  1.11022293e-06  1.11022293e-06\n  2.22044587e-06 -2.22044587e-06]", "hess_inv": "[[17.65382254  8.81020885  9.34095638  8.14041475 14.2026589  -8.61017025]\n [ 8.81020885  8.44262529  2.18798038  1.69270862 12.10973881 -1.20963785]\n [ 9.34095638  2.18798038 10.03209286  6.73202699  2.59444576 -9.95706801]\n [ 8.14041475  1.69270862  6.73202699  7.97298123  3.0728985  -6.98547873]\n [14.2026589  12.10973881  2.59444576  3.0728985  21.05558658 -0.51587825]\n [-8.61017025 -1.20963785 -9.95706801 -6.98547873 -0.51587825 12.55251778]]", "nfev": "301", "njev": "43", "status": "0", "success": "True", "message": "Optimization terminated successfully.", "x": "[2.73080873 8.01057111 4.93721003 1.7959185  4.55809373 3.53487168]", "nit": "29", "callback": [0.2975025970259064, 0.19986214522598933]}, "8": {"maxiter": 500, "gtol": 1e-05, "xrtol": 1e-05, "eps": 1e-05, "duration": 0.04763293266296387, "fun": "0.19882372467271237", "jac": "[-3.29771765e-06 -7.84510235e-06  8.16187118e-06  5.37138112e-06\n  6.48611165e-06  8.03144218e-06]", "hess_inv": "[[13.76121994  5.83296861  6.49897567  7.39048827  8.17047293 -5.64518074]\n [ 5.83296861  6.20462674  0.25672363  1.06617394  7.99744336  0.69341767]\n [ 6.49897567  0.25672363  8.29426554  5.95012399 -1.12960567 -8.41289683]\n [ 7.39048827  1.06617394  5.95012399  7.92240167  1.43060101 -6.10140058]\n [ 8.17047293  7.99744336 -1.12960567  1.43060101 14.42575754  3.03726332]\n [-5.64518074  0.69341767 -8.41289683 -6.10140058  3.03726332 11.49178608]]", "nfev": "203", "njev": "29", "status": "0", "success": "True", "message": "Optimization terminated successfully.", "x": "[2.73058609 8.0109367  4.93757349 1.79595028 4.55794926 3.53509046]", "nit": "27", "callback": [0.2975084216887739, 0.19981177909664283]}, "9": {"maxiter": 500, "gtol": 1e-05, "xrtol": 1e-05, "eps": 1e-10, "duration": 0.04720568656921387, "fun": "0.1988237244617086", "jac": "[ 4.44089173e-06  3.33066880e-06 -4.44089173e-06  2.22044587e-06\n -7.77156053e-06  3.33066880e-06]", "hess_inv": "[[14.07020443  5.84693089  6.83768839  7.65201464  8.29104449 -6.006381  ]\n [ 5.84693089  6.29931713  0.29437877  0.94241064  8.13424191  0.60958149]\n [ 6.83768839  0.29437877  8.4532129   6.24814768 -0.89034536 -8.47693269]\n [ 7.65201464  0.94241064  6.24814768  8.343613    1.33616484 -6.3747019 ]\n [ 8.29104449  8.13424191 -0.89034536  1.33616484 14.22920331  2.52840838]\n [-6.006381    0.60958149 -8.47693269 -6.3747019   2.52840838 11.33913274]]", "nfev": "203", "njev": "29", "status": "0", "success": "True", "message": "Optimization terminated successfully.", "x": "[2.73079209 8.0105552  4.93719511 1.79591696 4.55805626 3.53489054]", "nit": "27", "callback": [0.2975025970259064, 0.19986214522598933]}, "10": {"maxiter": 500, "gtol": 1e-05, "xrtol": 1e-10, "eps": 1e-05, "duration": 0.04879498481750488, "fun": "0.19882372467271237", "jac": "[-3.29771765e-06 -7.84510235e-06  8.16187118e-06  5.37138112e-06\n  6.48611165e-06  8.03144218e-06]", "hess_inv": "[[13.76121994  5.83296861  6.49897567  7.39048827  8.17047293 -5.64518074]\n [ 5.83296861  6.20462674  0.25672363  1.06617394  7.99744336  0.69341767]\n [ 6.49897567  0.25672363  8.29426554  5.95012399 -1.12960567 -8.41289683]\n [ 7.39048827  1.06617394  5.95012399  7.92240167  1.43060101 -6.10140058]\n [ 8.17047293  7.99744336 -1.12960567  1.43060101 14.42575754  3.03726332]\n [-5.64518074  0.69341767 -8.41289683 -6.10140058  3.03726332 11.49178608]]", "nfev": "203", "njev": "29", "status": "0", "success": "True", "message": "Optimization terminated successfully.", "x": "[2.73058609 8.0109367  4.93757349 1.79595028 4.55794926 3.53509046]", "nit": "27", "callback": [0.2975084216887739, 0.19981177909664283]}, "11": {"maxiter": 500, "gtol": 1e-05, "xrtol": 1e-10, "eps": 1e-10, "duration": 0.04695320129394531, "fun": "0.1988237244617086", "jac": "[ 4.44089173e-06  3.33066880e-06 -4.44089173e-06  2.22044587e-06\n -7.77156053e-06  3.33066880e-06]", "hess_inv": "[[14.07020443  5.84693089  6.83768839  7.65201464  8.29104449 -6.006381  ]\n [ 5.84693089  6.29931713  0.29437877  0.94241064  8.13424191  0.60958149]\n [ 6.83768839  0.29437877  8.4532129   6.24814768 -0.89034536 -8.47693269]\n [ 7.65201464  0.94241064  6.24814768  8.343613    1.33616484 -6.3747019 ]\n [ 8.29104449  8.13424191 -0.89034536  1.33616484 14.22920331  2.52840838]\n [-6.006381    0.60958149 -8.47693269 -6.3747019   2.52840838 11.33913274]]", "nfev": "203", "njev": "29", "status": "0", "success": "True", "message": "Optimization terminated successfully.", "x": "[2.73079209 8.0105552  4.93719511 1.79591696 4.55805626 3.53489054]", "nit": "27", "callback": [0.2975025970259064, 0.19986214522598933]}, "12": {"maxiter": 500, "gtol": 1e-10, "xrtol": 1e-05, "eps": 1e-05, "duration": 0.04773974418640137, "fun": "0.1988237245636192", "jac": "[-1.37434508e-07  1.36365363e-06  1.70337078e-06  6.84619028e-07\n -8.42292902e-07  1.36508582e-06]", "hess_inv": "[[13.73156788  5.84086729  6.48387437  7.34161634  8.09187312 -5.69834698]\n [ 5.84086729  6.20268745  0.26381701  1.07611593  8.01638644  0.70112711]\n [ 6.48387437  0.26381701  8.34380694  5.86789529 -1.20680397 -8.56024328]\n [ 7.34161634  1.07611593  5.86789529  7.89929798  1.33829248 -6.06853391]\n [ 8.09187312  8.01638644 -1.20680397  1.33829248 14.24154888  2.97444123]\n [-5.69834698  0.70112711 -8.56024328 -6.06853391  2.97444123 11.6491978 ]]", "nfev": "210", "njev": "30", "status": "0", "success": "True", "message": "Optimization terminated successfully.", "x": "[2.73057812 8.01093906 4.93757391 1.79593266 4.55792523 3.53506678]", "nit": "28", "callback": [0.2975084216887739, 0.19981177909664283]}, "13": {"maxiter": 500, "gtol": 1e-10, "xrtol": 1e-05, "eps": 1e-10, "duration": 0.04828691482543945, "fun": "0.19882372442578145", "jac": "[-3.33066880e-06 -2.22044587e-06 -1.11022293e-06  0.00000000e+00\n  2.22044587e-06 -2.22044587e-06]", "hess_inv": "[[13.55472924  5.77853903  6.52071427  7.04440984  8.2189711  -5.67223928]\n [ 5.77853903  6.39241373  0.28729351  0.72700782  8.38674133  0.59372545]\n [ 6.52071427  0.28729351  8.27026955  5.82838776 -0.84496835 -8.29206444]\n [ 7.04440984  0.72700782  5.82838776  7.8052293   0.90548776 -5.90143612]\n [ 8.2189711   8.38674133 -0.84496835  0.90548776 14.89130008  2.42074631]\n [-5.67223928  0.59372545 -8.29206444 -5.90143612  2.42074631 11.15799272]]", "nfev": "210", "njev": "30", "status": "0", "success": "True", "message": "Optimization terminated successfully.", "x": "[2.73080873 8.01057111 4.93721003 1.7959185  4.55809373 3.53487168]", "nit": "28", "callback": [0.2975025970259064, 0.19986214522598933]}, "14": {"maxiter": 500, "gtol": 1e-10, "xrtol": 1e-10, "eps": 1e-05, "duration": 0.10717511177062988, "fun": "0.1988237245636192", "jac": "[-1.37434508e-07  1.36365363e-06  1.70337078e-06  6.84619028e-07\n -8.42292902e-07  1.36508582e-06]", "hess_inv": "[[14.02298562  5.85711788  6.6129196   7.78673702  8.54270433 -5.33817354]\n [ 5.85711788  6.16743841  0.22027253  1.1710023   8.19220181  0.89935747]\n [ 6.6129196   0.22027253  8.32974089  6.16333241 -0.79570861 -8.15074068]\n [ 7.78673702  1.1710023   6.16333241  8.44341209  1.73491504 -5.86361939]\n [ 8.54270433  8.19220181 -0.79570861  1.73491504 14.31106504  2.78922569]\n [-5.33817354  0.89935747 -8.15074068 -5.86361939  2.78922569 11.21658173]]", "nfev": "467", "njev": "65", "status": "2", "success": "False", "message": "Desired error not necessarily achieved due to precision loss.", "x": "[2.73057812 8.01093906 4.93757391 1.79593266 4.55792523 3.53506678]", "nit": "28", "callback": [0.2975084216887739, 0.19981177909664283]}, "15": {"maxiter": 500, "gtol": 1e-10, "xrtol": 1e-10, "eps": 1e-10, "duration": 0.06845903396606445, "fun": "0.19882372442578145", "jac": "[-1.11022293e-06 -2.22044587e-06  1.11022293e-06  1.11022293e-06\n  2.22044587e-06 -2.22044587e-06]", "hess_inv": "[[17.65382254  8.81020885  9.34095638  8.14041475 14.2026589  -8.61017025]\n [ 8.81020885  8.44262529  2.18798038  1.69270862 12.10973881 -1.20963785]\n [ 9.34095638  2.18798038 10.03209286  6.73202699  2.59444576 -9.95706801]\n [ 8.14041475  1.69270862  6.73202699  7.97298123  3.0728985  -6.98547873]\n [14.2026589  12.10973881  2.59444576  3.0728985  21.05558658 -0.51587825]\n [-8.61017025 -1.20963785 -9.95706801 -6.98547873 -0.51587825 12.55251778]]", "nfev": "301", "njev": "43", "status": "0", "success": "True", "message": "Optimization terminated successfully.", "x": "[2.73080873 8.01057111 4.93721003 1.7959185  4.55809373 3.53487168]", "nit": "29", "callback": [0.2975025970259064, 0.19986214522598933]}, "16": {"maxiter": 1000, "gtol": 1e-05, "xrtol": 1e-05, "eps": 1e-05, "duration": 0.04555702209472656, "fun": "0.19882372467271237", "jac": "[-3.29771765e-06 -7.84510235e-06  8.16187118e-06  5.37138112e-06\n  6.48611165e-06  8.03144218e-06]", "hess_inv": "[[13.76121994  5.83296861  6.49897567  7.39048827  8.17047293 -5.64518074]\n [ 5.83296861  6.20462674  0.25672363  1.06617394  7.99744336  0.69341767]\n [ 6.49897567  0.25672363  8.29426554  5.95012399 -1.12960567 -8.41289683]\n [ 7.39048827  1.06617394  5.95012399  7.92240167  1.43060101 -6.10140058]\n [ 8.17047293  7.99744336 -1.12960567  1.43060101 14.42575754  3.03726332]\n [-5.64518074  0.69341767 -8.41289683 -6.10140058  3.03726332 11.49178608]]", "nfev": "203", "njev": "29", "status": "0", "success": "True", "message": "Optimization terminated successfully.", "x": "[2.73058609 8.0109367  4.93757349 1.79595028 4.55794926 3.53509046]", "nit": "27", "callback": [0.2975084216887739, 0.19981177909664283]}, "17": {"maxiter": 1000, "gtol": 1e-05, "xrtol": 1e-05, "eps": 1e-10, "duration": 0.04553508758544922, "fun": "0.1988237244617086", "jac": "[ 4.44089173e-06  3.33066880e-06 -4.44089173e-06  2.22044587e-06\n -7.77156053e-06  3.33066880e-06]", "hess_inv": "[[14.07020443  5.84693089  6.83768839  7.65201464  8.29104449 -6.006381  ]\n [ 5.84693089  6.29931713  0.29437877  0.94241064  8.13424191  0.60958149]\n [ 6.83768839  0.29437877  8.4532129   6.24814768 -0.89034536 -8.47693269]\n [ 7.65201464  0.94241064  6.24814768  8.343613    1.33616484 -6.3747019 ]\n [ 8.29104449  8.13424191 -0.89034536  1.33616484 14.22920331  2.52840838]\n [-6.006381    0.60958149 -8.47693269 -6.3747019   2.52840838 11.33913274]]", "nfev": "203", "njev": "29", "status": "0", "success": "True", "message": "Optimization terminated successfully.", "x": "[2.73079209 8.0105552  4.93719511 1.79591696 4.55805626 3.53489054]", "nit": "27", "callback": [0.2975025970259064, 0.19986214522598933]}, "18": {"maxiter": 1000, "gtol": 1e-05, "xrtol": 1e-10, "eps": 1e-05, "duration": 0.046208858489990234, "fun": "0.19882372467271237", "jac": "[-3.29771765e-06 -7.84510235e-06  8.16187118e-06  5.37138112e-06\n  6.48611165e-06  8.03144218e-06]", "hess_inv": "[[13.76121994  5.83296861  6.49897567  7.39048827  8.17047293 -5.64518074]\n [ 5.83296861  6.20462674  0.25672363  1.06617394  7.99744336  0.69341767]\n [ 6.49897567  0.25672363  8.29426554  5.95012399 -1.12960567 -8.41289683]\n [ 7.39048827  1.06617394  5.95012399  7.92240167  1.43060101 -6.10140058]\n [ 8.17047293  7.99744336 -1.12960567  1.43060101 14.42575754  3.03726332]\n [-5.64518074  0.69341767 -8.41289683 -6.10140058  3.03726332 11.49178608]]", "nfev": "203", "njev": "29", "status": "0", "success": "True", "message": "Optimization terminated successfully.", "x": "[2.73058609 8.0109367  4.93757349 1.79595028 4.55794926 3.53509046]", "nit": "27", "callback": [0.2975084216887739, 0.19981177909664283]}, "19": {"maxiter": 1000, "gtol": 1e-05, "xrtol": 1e-10, "eps": 1e-10, "duration": 0.04581308364868164, "fun": "0.1988237244617086", "jac": "[ 4.44089173e-06  3.33066880e-06 -4.44089173e-06  2.22044587e-06\n -7.77156053e-06  3.33066880e-06]", "hess_inv": "[[14.07020443  5.84693089  6.83768839  7.65201464  8.29104449 -6.006381  ]\n [ 5.84693089  6.29931713  0.29437877  0.94241064  8.13424191  0.60958149]\n [ 6.83768839  0.29437877  8.4532129   6.24814768 -0.89034536 -8.47693269]\n [ 7.65201464  0.94241064  6.24814768  8.343613    1.33616484 -6.3747019 ]\n [ 8.29104449  8.13424191 -0.89034536  1.33616484 14.22920331  2.52840838]\n [-6.006381    0.60958149 -8.47693269 -6.3747019   2.52840838 11.33913274]]", "nfev": "203", "njev": "29", "status": "0", "success": "True", "message": "Optimization terminated successfully.", "x": "[2.73079209 8.0105552  4.93719511 1.79591696 4.55805626 3.53489054]", "nit": "27", "callback": [0.2975025970259064, 0.19986214522598933]}, "20": {"maxiter": 1000, "gtol": 1e-10, "xrtol": 1e-05, "eps": 1e-05, "duration": 0.04825282096862793, "fun": "0.1988237245636192", "jac": "[-1.37434508e-07  1.36365363e-06  1.70337078e-06  6.84619028e-07\n -8.42292902e-07  1.36508582e-06]", "hess_inv": "[[13.73156788  5.84086729  6.48387437  7.34161634  8.09187312 -5.69834698]\n [ 5.84086729  6.20268745  0.26381701  1.07611593  8.01638644  0.70112711]\n [ 6.48387437  0.26381701  8.34380694  5.86789529 -1.20680397 -8.56024328]\n [ 7.34161634  1.07611593 