{"date": "2024/10/08/, 16:45:37", "conf_id": 13, "data_type": "random\n", "num_data_points": 1, "s_rank": 0, "unitary": "[[-0.53618537-0.34368723j,-0.12107031-0.46226139j,-0.07699282-0.46603512j,0.36022595-0.11472301j],[0.26026499-0.63450712j,-0.56616638+0.37832564j,-0.14988651+0.08458591j,0.10363514-0.16008501j],[-0.32580188-0.11070003j,-0.36476308-0.23593218j,0.02559343+0.41761608j,-0.25598305+0.6725303j],[0.07406738-0.0126433j,0.28513701+0.19483972j,-0.74939717-0.10299659j,0.29798249+0.46269921j]]", "databatch_0": {"databatch": "[[[0.03386451-0.29063616j,0.03494863+0.20100588j,-0.12103969-0.06421604j,0.05662808+0.1485876j],[-0.02014732+0.2390612j,-0.0330027-0.25721012j,-0.02834007+0.04165106j,0.02908734-0.11375536j],[-0.23095248+0.02254899j,-0.12915466-0.09076911j,-0.06336128+0.17123259j,0.01964623-0.43139411j],[-0.02129171-0.10640433j,-0.03705718+0.04149013j,0.13324082+0.50036246j,0.32341188+0.03745139j]]]", "initial param values": "[4.95458084,6.05540107,4.16326029,0.98058801,0.03406787,0.99362179]", "nelder_mead": {"type": "gradient-free", "0": {"maxiter": 100, "fatol": 1e-05, "xatol": 1e-05, "duration": 0.032570838928222656, "fun": "0.3368012661010984", "nit": "100", "nfev": "157", "status": "2", "success": "False", "message": "Maximum number of iterations has been exceeded.", "x": "[ 4.53763887  5.93518157  6.03114992  1.65093002  0.04088325 -0.67438177]", "final_simplex": "(array([[ 4.53763887,  5.93518157,  6.03114992,  1.65093002,  0.04088325,\n        -0.67438177],\n       [ 4.51114427,  5.93602152,  5.98243989,  1.63679857,  0.04143284,\n        -0.66568167],\n       [ 4.55718499,  5.94259263,  6.02241479,  1.61160133,  0.0407532 ,\n        -0.64581464],\n       [ 4.51909072,  5.92053474,  5.95911846,  1.65200386,  0.04135897,\n        -0.66748615],\n       [ 4.50217698,  5.92997991,  6.00751473,  1.62886843,  0.04154962,\n        -0.69562359],\n       [ 4.51319804,  5.88480255,  6.01380055,  1.62902573,  0.04177019,\n        -0.6856399 ],\n       [ 4.53897674,  5.9402726 ,  5.99862029,  1.61728254,  0.04132674,\n        -0.67640853]]), array([0.33680127, 0.33704861, 0.33729654, 0.33732588, 0.33739181,\n       0.33756563, 0.33763469]))", "callback": [0.6721361021671622, 0.553940000804553, 0.5262993025598175, 0.4562132725907383, 0.41657384081207915, 0.39061499047945225, 0.3601119591836146, 0.34144447768941, 0.338718551804567, 0.33739180653542644]}, "1": {"maxiter": 100, "fatol": 1e-05, "xatol": 1e-10, "duration": 0.04154396057128906, "fun": "0.3368012661010984", "nit": "100", "nfev": "157", "status": "2", "success": "False", "message": "Maximum number of iterations has been exceeded.", "x": "[ 4.53763887  5.93518157  6.03114992  1.65093002  0.04088325 -0.67438177]", "final_simplex": "(array([[ 4.53763887,  5.93518157,  6.03114992,  1.65093002,  0.04088325,\n        -0.67438177],\n       [ 4.51114427,  5.93602152,  5.98243989,  1.63679857,  0.04143284,\n        -0.66568167],\n       [ 4.55718499,  5.94259263,  6.02241479,  1.61160133,  0.0407532 ,\n        -0.64581464],\n       [ 4.51909072,  5.92053474,  5.95911846,  1.65200386,  0.04135897,\n        -0.66748615],\n       [ 4.50217698,  5.92997991,  6.00751473,  1.62886843,  0.04154962,\n        -0.69562359],\n       [ 4.51319804,  5.88480255,  6.01380055,  1.62902573,  0.04177019,\n        -0.6856399 ],\n       [ 4.53897674,  5.9402726 ,  5.99862029,  1.61728254,  0.04132674,\n        -0.67640853]]), array([0.33680127, 0.33704861, 0.33729654, 0.33732588, 0.33739181,\n       0.33756563, 0.33763469]))", "callback": [0.6721361021671622, 0.553940000804553, 0.5262993025598175, 0.4562132725907383, 0.41657384081207915, 0.39061499047945225, 0.3601119591836146, 0.34144447768941, 0.338718551804567, 0.33739180653542644]}, "2": {"maxiter": 100, "fatol": 1e-10, "xatol": 1e-05, "duration": 0.03615307807922363, "fun": "0.3368012661010984", "nit": "100", "nfev": "157", "status": "2", "success": "False", "message": "Maximum number of iterations has been exceeded.", "x": "[ 4.53763887  5.93518157  6.03114992  1.65093002  0.04088325 -0.67438177]", "final_simplex": "(array([[ 4.53763887,  5.93518157,  6.03114992,  1.65093002,  0.04088325,\n        -0.67438177],\n       [ 4.51114427,  5.93602152,  5.98243989,  1.63679857,  0.04143284,\n        -0.66568167],\n       [ 4.55718499,  5.94259263,  6.02241479,  1.61160133,  0.0407532 ,\n        -0.64581464],\n       [ 4.51909072,  5.92053474,  5.95911846,  1.65200386,  0.04135897,\n        -0.66748615],\n       [ 4.50217698,  5.92997991,  6.00751473,  1.62886843,  0.04154962,\n        -0.69562359],\n       [ 4.51319804,  5.88480255,  6.01380055,  1.62902573,  0.04177019,\n        -0.6856399 ],\n       [ 4.53897674,  5.9402726 ,  5.99862029,  1.61728254,  0.04132674,\n        -0.67640853]]), array([0.33680127, 0.33704861, 0.33729654, 0.33732588, 0.33739181,\n       0.33756563, 0.33763469]))", "callback": [0.6721361021671622, 0.553940000804553, 0.5262993025598175, 0.4562132725907383, 0.41657384081207915, 0.39061499047945225, 0.3601119591836146, 0.34144447768941, 0.338718551804567, 0.33739180653542644]}, "3": {"maxiter": 100, "fatol": 1e-10, "xatol": 1e-10, "duration": 0.036039113998413086, "fun": "0.3368012661010984", "nit": "100", "nfev": "157", "status": "2", "success": "False", "message": "Maximum number of iterations has been exceeded.", "x": "[ 4.53763887  5.93518157  6.03114992  1.65093002  0.04088325 -0.67438177]", "final_simplex": "(array([[ 4.53763887,  5.93518157,  6.03114992,  1.65093002,  0.04088325,\n        -0.67438177],\n       [ 4.51114427,  5.93602152,  5.98243989,  1.63679857,  0.04143284,\n        -0.66568167],\n       [ 4.55718499,  5.94259263,  6.02241479,  1.61160133,  0.0407532 ,\n        -0.64581464],\n       [ 4.51909072,  5.92053474,  5.95911846,  1.65200386,  0.04135897,\n        -0.66748615],\n       [ 4.50217698,  5.92997991,  6.00751473,  1.62886843,  0.04154962,\n        -0.69562359],\n       [ 4.51319804,  5.88480255,  6.01380055,  1.62902573,  0.04177019,\n        -0.6856399 ],\n       [ 4.53897674,  5.9402726 ,  5.99862029,  1.61728254,  0.04132674,\n        -0.67640853]]), array([0.33680127, 0.33704861, 0.33729654, 0.33732588, 0.33739181,\n       0.33756563, 0.33763469]))", "callback": [0.6721361021671622, 0.553940000804553, 0.5262993025598175, 0.4562132725907383, 0.41657384081207915, 0.39061499047945225, 0.3601119591836146, 0.34144447768941, 0.338718551804567, 0.33739180653542644]}, "4": {"maxiter": 500, "fatol": 1e-05, "xatol": 1e-05, "duration": 0.17450785636901855, "fun": "0.2677692040024089", "nit": "451", "nfev": "703", "status": "0", "success": "True", "message": "Optimization terminated successfully.", "x": "[ 4.25791855  5.99079219  6.82306175  1.70935114 -0.94517982 -0.97443235]", "final_simplex": "(array([[ 4.25791855,  5.99079219,  6.82306175,  1.70935114, -0.94517982,\n        -0.97443235],\n       [ 4.25791583,  5.99079036,  6.82306616,  1.70934817, -0.94518431,\n        -0.97444059],\n       [ 4.25791521,  5.99079424,  6.82306588,  1.70935308, -0.94518693,\n        -0.97443989],\n       [ 4.25791831,  5.99079246,  6.82306648,  1.70934938, -0.94518834,\n        -0.97443933],\n       [ 4.2579211 ,  5.99078839,  6.82306034,  1.70935115, -0.9451827 ,\n        -0.97443728],\n       [ 4.25791712,  5.99079431,  6.82306869,  1.70935299, -0.94518121,\n        -0.97443892],\n       [ 4.25791662,  5.99079396,  6.8230529 ,  1.70935213, -0.94517449,\n        -0.97443385]]), array([0.2677692, 0.2677692, 0.2677692, 0.2677692, 0.2677692, 0.2677692,\n       0.2677692]))", "callback": [0.6721361021671622, 0.553940000804553, 0.5262993025598175, 0.4562132725907383, 0.41657384081207915, 0.39061499047945225, 0.3601119591836146, 0.34144447768941, 0.338718551804567, 0.33739180653542644, 0.33639991391651214, 0.33546428222078195, 0.33492992187820114, 0.33492992187820114, 0.334906636659586, 0.33489233365628035, 0.3348762828907811, 0.3348171767281076, 0.3347786709599615, 0.33468583019144815, 0.3344985443985181, 0.33388527443511395, 0.3327197249888292, 0.32958270614833474, 0.3187926558412555, 0.30321384960372355, 0.28226263241378335, 0.27645563789186434, 0.2755231702599972, 0.27410804669550715, 0.27157559982617707, 0.26904626572880275, 0.2681030343883659, 0.2678257541526705, 0.2677742944745227, 0.2677742944745227, 0.26777027953781696, 0.267769596356361, 0.26776933505814227, 0.26776925397079754, 0.26776921402136866, 0.2677692054406017, 0.26776920430330653, 0.26776920410243155, 0.26776920401061044, 0.2677692040024089]}, "5": {"maxiter": 500, "fatol": 1e-05, "xatol": 1e-10, "duration": 0.18641304969787598, "fun": "0.26776920399945625", "nit": "500", "nfev": "788", "status": "2", "success": "False", "message": "Maximum number of iterations has been exceeded.", "x": "[ 4.25791669  5.99079154  6.82306351  1.70935021 -0.94518333 -0.9744368 ]", "final_simplex": "(array([[ 4.25791669,  5.99079154,  6.82306351,  1.70935021, -0.94518333,\n        -0.9744368 ],\n       [ 4.25791675,  5.99079137,  6.82306347,  1.70935013, -0.9451834 ,\n        -0.97443691],\n       [ 4.25791671,  5.99079153,  6.8230635 ,  1.70935013, -0.94518346,\n        -0.97443694],\n       [ 4.25791659,  5.99079153,  6.82306362,  1.70935015, -0.9451834 ,\n        -0.97443694],\n       [ 4.2579165 ,  5.99079154,  6.82306352,  1.70935029, -0.94518341,\n        -0.97443686],\n       [ 4.25791675,  5.99079152,  6.82306382,  1.70935017, -0.94518367,\n        -0.97443689],\n       [ 4.25791658,  5.99079147,  6.82306348,  1.7093501 , -0.94518334,\n        -0.97443676]]), array([0.2677692, 0.2677692, 0.2677692, 0.2677692, 0.2677692, 0.2677692,\n       0.2677692]))", "callback": [0.6721361021671622, 0.553940000804553, 0.5262993025598175, 0.4562132725907383, 0.41657384081207915, 0.39061499047945225, 0.3601119591836146, 0.34144447768941, 0.338718551804567, 0.33739180653542644, 0.33639991391651214, 0.33546428222078195, 0.33492992187820114, 0.33492992187820114, 0.334906636659586, 0.33489233365628035, 0.3348762828907811, 0.3348171767281076, 0.3347786709599615, 0.33468583019144815, 0.3344985443985181, 0.33388527443511395, 0.3327197249888292, 0.32958270614833474, 0.3187926558412555, 0.30321384960372355, 0.28226263241378335, 0.27645563789186434, 0.2755231702599972, 0.27410804669550715, 0.27157559982617707, 0.26904626572880275, 0.2681030343883659, 0.2678257541526705, 0.2677742944745227, 0.2677742944745227, 0.26777027953781696, 0.267769596356361, 0.26776933505814227, 0.26776925397079754, 0.26776921402136866, 0.2677692054406017, 0.26776920430330653, 0.26776920410243155, 0.26776920401061044, 0.26776920400184556, 0.2677692040000168, 0.2677692039995956, 0.2677692039995022, 0.26776920399946036]}, "6": {"maxiter": 500, "fatol": 1e-10, "xatol": 1e-05, "duration": 0.1777489185333252, "fun": "0.2677692040024089", "nit": "451", "nfev": "703", "status": "0", "success": "True", "message": "Optimization terminated successfully.", "x": "[ 4.25791855  5.99079219  6.82306175  1.70935114 -0.94517982 -0.97443235]", "final_simplex": "(array([[ 4.25791855,  5.99079219,  6.82306175,  1.70935114, -0.94517982,\n        -0.97443235],\n       [ 4.25791583,  5.99079036,  6.82306616,  1.70934817, -0.94518431,\n        -0.97444059],\n       [ 4.25791521,  5.99079424,  6.82306588,  1.70935308, -0.94518693,\n        -0.97443989],\n       [ 4.25791831,  5.99079246,  6.82306648,  1.70934938, -0.94518834,\n        -0.97443933],\n       [ 4.2579211 ,  5.99078839,  6.82306034,  1.70935115, -0.9451827 ,\n        -0.97443728],\n       [ 4.25791712,  5.99079431,  6.82306869,  1.70935299, -0.94518121,\n        -0.97443892],\n       [ 4.25791662,  5.99079396,  6.8230529 ,  1.70935213, -0.94517449,\n        -0.97443385]]), array([0.2677692, 0.2677692, 0.2677692, 0.2677692, 0.2677692, 0.2677692,\n       0.2677692]))", "callback": [0.6721361021671622, 0.553940000804553, 0.5262993025598175, 0.4562132725907383, 0.41657384081207915, 0.39061499047945225, 0.3601119591836146, 0.34144447768941, 0.338718551804567, 0.33739180653542644, 0.33639991391651214, 0.33546428222078195, 0.33492992187820114, 0.33492992187820114, 0.334906636659586, 0.33489233365628035, 0.3348762828907811, 0.3348171767281076, 0.3347786709599615, 0.33468583019144815, 0.3344985443985181, 0.33388527443511395, 0.3327197249888292, 0.32958270614833474, 0.3187926558412555, 0.30321384960372355, 0.28226263241378335, 0.27645563789186434, 0.2755231702599972, 0.27410804669550715, 0.27157559982617707, 0.26904626572880275, 0.2681030343883659, 0.2678257541526705, 0.2677742944745227, 0.2677742944745227, 0.26777027953781696, 0.267769596356361, 0.26776933505814227, 0.26776925397079754, 0.26776921402136866, 0.2677692054406017, 0.26776920430330653, 0.26776920410243155, 0.26776920401061044, 0.2677692040024089]}, "7": {"maxiter": 500, "fatol": 1e-10, "xatol": 1e-10, "duration": 0.195404052734375, "fun": "0.26776920399945625", "nit": "500", "nfev": "788", "status": "2", "success": "False", "message": "Maximum number of iterations has been exceeded.", "x": "[ 4.25791669  5.99079154  6.82306351  1.70935021 -0.94518333 -0.9744368 ]", "final_simplex": "(array([[ 4.25791669,  5.99079154,  6.82306351,  1.70935021, -0.94518333,\n        -0.9744368 ],\n       [ 4.25791675,  5.99079137,  6.82306347,  1.70935013, -0.9451834 ,\n        -0.97443691],\n       [ 4.25791671,  5.99079153,  6.8230635 ,  1.70935013, -0.94518346,\n        -0.97443694],\n       [ 4.25791659,  5.99079153,  6.82306362,  1.70935015, -0.9451834 ,\n        -0.97443694],\n       [ 4.2579165 ,  5.99079154,  6.82306352,  1.70935029, -0.94518341,\n        -0.97443686],\n       [ 4.25791675,  5.99079152,  6.82306382,  1.70935017, -0.94518367,\n        -0.97443689],\n       [ 4.25791658,  5.99079147,  6.82306348,  1.7093501 , -0.94518334,\n        -0.97443676]]), array([0.2677692, 0.2677692, 0.2677692, 0.2677692, 0.2677692, 0.2677692,\n       0.2677692]))", "callback": [0.6721361021671622, 0.553940000804553, 0.5262993025598175, 0.4562132725907383, 0.41657384081207915, 0.39061499047945225, 0.3601119591836146, 0.34144447768941, 0.338718551804567, 0.33739180653542644, 0.33639991391651214, 0.33546428222078195, 0.33492992187820114, 0.33492992187820114, 0.334906636659586, 0.33489233365628035, 0.3348762828907811, 0.3348171767281076, 0.3347786709599615, 0.33468583019144815, 0.3344985443985181, 0.33388527443511395, 0.3327197249888292, 0.32958270614833474, 0.3187926558412555, 0.30321384960372355, 0.28226263241378335, 0.27645563789186434, 0.2755231702599972, 0.27410804669550715, 0.27157559982617707, 0.26904626572880275, 0.2681030343883659, 0.2678257541526705, 0.2677742944745227, 0.2677742944745227, 0.26777027953781696, 0.267769596356361, 0.26776933505814227, 0.26776925397079754, 0.26776921402136866, 0.2677692054406017, 0.26776920430330653, 0.26776920410243155, 0.26776920401061044, 0.26776920400184556, 0.2677692040000168, 0.2677692039995956, 0.2677692039995022, 0.26776920399946036]}, "8": {"maxiter": 1000, "fatol": 1e-05, "xatol": 1e-05, "duration": 0.1630861759185791, "fun": "0.2677692040024089", "nit": "451", "nfev": "703", "status": "0", "success": "True", "message": "Optimization terminated successfully.", "x": "[ 4.25791855  5.99079219  6.82306175  1.70935114 -0.94517982 -0.97443235]", "final_simplex": "(array([[ 4.25791855,  5.99079219,  6.82306175,  1.70935114, -0.94517982,\n        -0.97443235],\n       [ 4.25791583,  5.99079036,  6.82306616,  1.70934817, -0.94518431,\n        -0.97444059],\n       [ 4.25791521,  5.99079424,  6.82306588,  1.70935308, -0.94518693,\n        -0.97443989],\n       [ 4.25791831,  5.99079246,  6.82306648,  1.70934938, -0.94518834,\n        -0.97443933],\n       [ 4.2579211 ,  5.99078839,  6.82306034,  1.70935115, -0.9451827 ,\n        -0.97443728],\n       [ 4.25791712,  5.99079431,  6.82306869,  1.70935299, -0.94518121,\n        -0.97443892],\n       [ 4.25791662,  5.99079396,  6.8230529 ,  1.70935213, -0.94517449,\n        -0.97443385]]), array([0.2677692, 0.2677692, 0.2677692, 0.2677692, 0.2677692, 0.2677692,\n       0.2677692]))", "callback": [0.6721361021671622, 0.553940000804553, 0.5262993025598175, 0.4562132725907383, 0.41657384081207915, 0.39061499047945225, 0.3601119591836146, 0.34144447768941, 0.338718551804567, 0.33739180653542644, 0.33639991391651214, 0.33546428222078195, 0.33492992187820114, 0.33492992187820114, 0.334906636659586, 0.33489233365628035, 0.3348762828907811, 0.3348171767281076, 0.3347786709599615, 0.33468583019144815, 0.3344985443985181, 0.33388527443511395, 0.3327197249888292, 0.32958270614833474, 0.3187926558412555, 0.30321384960372355, 0.28226263241378335, 0.27645563789186434, 0.2755231702599972, 0.27410804669550715, 0.27157559982617707, 0.26904626572880275, 0.2681030343883659, 0.2678257541526705, 0.2677742944745227, 0.2677742944745227, 0.26777027953781696, 0.267769596356361, 0.26776933505814227, 0.26776925397079754, 0.26776921402136866, 0.2677692054406017, 0.26776920430330653, 0.26776920410243155, 0.26776920401061044, 0.2677692040024089]}, "9": {"maxiter": 1000, "fatol": 1e-05, "xatol": 1e-10, "duration": 0.22860479354858398, "fun": "0.2677692039994525", "nit": "553", "nfev": "926", "status": "0", "success": "True", "message": "Optimization terminated successfully.", "x": "[ 4.25791665  5.99079142  6.82306349  1.7093502  -0.94518345 -0.97443684]", "final_simplex": "(array([[ 4.25791665,  5.99079142,  6.82306349,  1.7093502 , -0.94518345,\n        -0.97443684],\n       [ 4.25791665,  5.99079142,  6.82306349,  1.7093502 , -0.94518345,\n        -0.97443684],\n       [ 4.25791665,  5.99079142,  6.82306349,  1.7093502 , -0.94518345,\n        -0.97443684],\n       [ 4.25791665,  5.99079142,  6.82306349,  1.7093502 , -0.94518345,\n        -0.97443684],\n       [ 4.25791665,  5.99079142,  6.82306349,  1.7093502 , -0.94518345,\n        -0.97443684],\n       [ 4.25791665,  5.99079142,  6.82306349,  1.7093502 , -0.94518345,\n        -0.97443684],\n       [ 4.25791665,  5.99079142,  6.82306349,  1.7093502 , -0.94518345,\n        -0.97443684]]), array([0.2677692, 0.2677692, 0.2677692, 0.2677692, 0.2677692, 0.2677692,\n       0.2677692]))", "callback": [0.6721361021671622, 0.553940000804553, 0.5262993025598175, 0.4562132725907383, 0.41657384081207915, 0.39061499047945225, 0.3601119591836146, 0.34144447768941, 0.338718551804567, 0.33739180653542644, 0.33639991391651214, 0.33546428222078195, 0.33492992187820114, 0.33492992187820114, 0.334906636659586, 0.33489233365628035, 0.3348762828907811, 0.3348171767281076, 0.3347786709599615, 0.33468583019144815, 0.3344985443985181, 0.33388527443511395, 0.3327197249888292, 0.32958270614833474, 0.3187926558412555, 0.30321384960372355, 0.28226263241378335, 0.27645563789186434, 0.2755231702599972, 0.27410804669550715, 0.27157559982617707, 0.26904626572880275, 0.2681030343883659, 0.2678257541526705, 0.2677742944745227, 0.2677742944745227, 0.26777027953781696, 0.267769596356361, 0.26776933505814227, 0.26776925397079754, 0.26776921402136866, 0.2677692054406017, 0.26776920430330653, 0.26776920410243155, 0.26776920401061044, 0.26776920400184556, 0.2677692040000168, 0.2677692039995956, 0.2677692039995022, 0.26776920399946036, 0.26776920399945514, 0.26776920399945314, 0.2677692039994528, 0.2677692039994525, 0.2677692039994525, 0.2677692039994525]}, "10": {"maxiter": 1000, "fatol": 1e-10, "xatol": 1e-05, "duration": 0.1672818660736084, "fun": "0.2677692040024089", "nit": "451", "nfev": "703", "status": "0", "success": "True", "message": "Optimization terminated successfully.", "x": "[ 4.25791855  5.99079219  6.82306175  1.70935114 -0.94517982 -0.97443235]", "final_simplex": "(array([[ 4.25791855,  5.99079219,  6.82306175,  1.70935114, -0.94517982,\n        -0.97443235],\n       [ 4.25791583,  5.99079036,  6.82306616,  1.70934817, -0.94518431,\n        -0.97444059],\n       [ 4.25791521,  5.99079424,  6.82306588,  1.70935308, -0.94518693,\n        -0.97443989],\n       [ 4.25791831,  5.99079246,  6.82306648,  1.70934938, -0.94518834,\n        -0.97443933],\n       [ 4.2579211 ,  5.99078839,  6.82306034,  1.70935115, -0.9451827 ,\n        -0.97443728],\n       [ 4.25791712,  5.99079431,  6.82306869,  1.70935299, -0.94518121,\n        -0.97443892],\n       [ 4.25791662,  5.99079396,  6.8230529 ,  1.70935213, -0.94517449,\n        -0.97443385]]), array([0.2677692, 0.2677692, 0.2677692, 0.2677692, 0.2677692, 0.2677692,\n       0.2677692]))", "callback": [0.6721361021671622, 0.553940000804553, 0.5262993025598175, 0.4562132725907383, 0.41657384081207915, 0.39061499047945225, 0.3601119591836146, 0.34144447768941, 0.338718551804567, 0.33739180653542644, 0.33639991391651214, 0.33546428222078195, 0.33492992187820114, 0.33492992187820114, 0.334906636659586, 0.33489233365628035, 0.3348762828907811, 0.3348171767281076, 0.3347786709599615, 0.33468583019144815, 0.3344985443985181, 0.33388527443511395, 0.3327197249888292, 0.32958270614833474, 0.3187926558412555, 0.30321384960372355, 0.28226263241378335, 0.27645563789186434, 0.2755231702599972, 0.27410804669550715, 0.27157559982617707, 0.26904626572880275, 0.2681030343883659, 0.2678257541526705, 0.2677742944745227, 0.2677742944745227, 0.26777027953781696, 0.267769596356361, 0.26776933505814227, 0.26776925397079754, 0.26776921402136866, 0.2677692054406017, 0.26776920430330653, 0.26776920410243155, 0.26776920401061044, 0.2677692040024089]}, "11": {"maxiter": 1000, "fatol": 1e-10, "xatol": 1e-10, "duration": 0.24915218353271484, "fun": "0.2677692039994525", "nit": "553", "nfev": "926", "status": "0", "success": "True", "message": "Optimization terminated successfully.", "x": "[ 4.25791665  5.99079142  6.82306349  1.7093502  -0.94518345 -0.97443684]", "final_simplex": "(array([[ 4.25791665,  5.99079142,  6.82306349,  1.7093502 , -0.94518345,\n        -0.97443684],\n       [ 4.25791665,  5.99079142,  6.82306349,  1.7093502 , -0.94518345,\n        -0.97443684],\n       [ 4.25791665,  5.99079142,  6.82306349,  1.7093502 , -0.94518345,\n        -0.97443684],\n       [ 4.25791665,  5.99079142,  6.82306349,  1.7093502 , -0.94518345,\n        -0.97443684],\n       [ 4.25791665,  5.99079142,  6.82306349,  1.7093502 , -0.94518345,\n        -0.97443684],\n       [ 4.25791665,  5.99079142,  6.82306349,  1.7093502 , -0.94518345,\n        -0.97443684],\n       [ 4.25791665,  5.99079142,  6.82306349,  1.7093502 , -0.94518345,\n        -0.97443684]]), array([0.2677692, 0.2677692, 0.2677692, 0.2677692, 0.2677692, 0.2677692,\n       0.2677692]))", "callback": [0.6721361021671622, 0.553940000804553, 0.5262993025598175, 0.4562132725907383, 0.41657384081207915, 0.39061499047945225, 0.3601119591836146, 0.34144447768941, 0.338718551804567, 0.33739180653542644, 0.33639991391651214, 0.33546428222078195, 0.33492992187820114, 0.33492992187820114, 0.334906636659586, 0.33489233365628035, 0.3348762828907811, 0.3348171767281076, 0.3347786709599615, 0.33468583019144815, 0.3344985443985181, 0.33388527443511395, 0.3327197249888292, 0.32958270614833474, 0.3187926558412555, 0.30321384960372355, 0.28226263241378335, 0.27645563789186434, 0.2755231702599972, 0.27410804669550715, 0.27157559982617707, 0.26904626572880275, 0.2681030343883659, 0.2678257541526705, 0.2677742944745227, 0.2677742944745227, 0.26777027953781696, 0.267769596356361, 0.26776933505814227, 0.26776925397079754, 0.26776921402136866, 0.2677692054406017, 0.26776920430330653, 0.26776920410243155, 0.26776920401061044, 0.26776920400184556, 0.2677692040000168, 0.2677692039995956, 0.2677692039995022, 0.26776920399946036, 0.26776920399945514, 0.26776920399945314, 0.2677692039994528, 0.2677692039994525, 0.2677692039994525, 0.2677692039994525]}}, "bfgs": {"type": "gradient", "0": {"maxiter": 100, "gtol": 1e-05, "xrtol": 1e-05, "eps": 1e-05, "duration": 0.048174142837524414, "fun": "0.26776920423604067", "jac": "[ 4.39213110e-06  1.95117256e-06 -8.01851918e-06  4.95520291e-06\n -4.53638238e-06 -4.30963043e-06]", "hess_inv": "[[ 4.34473073 -0.56611135 -1.25651434 -0.72075377  1.65761087  2.74002986]\n [-0.56611135  3.84368429  2.14801714  0.96872862 -0.74639431 -0.86276187]\n [-1.25651434  2.14801714  7.68707072 -0.23167228 -5.50489788 -2.64304369]\n [-0.72075377  0.96872862 -0.23167228  3.05552788  0.47954281 -0.33397128]\n [ 1.65761087 -0.74639431 -5.50489788  0.47954281  7.07816381  2.42677916]\n [ 2.74002986 -0.86276187 -2.64304369 -0.33397128  2.42677916  4.88240614]]", "nfev": "182", "njev": "26", "status": "0", "success": "True", "message": "Optimization terminated successfully.", "x": "[ 4.25791308  5.99078194  6.82302376  1.70936498 -0.94517819 -0.97445103]", "nit": "25", "callback": [0.6381186022445517, 0.5238375543782376, 0.5032373435863033, 0.49888443408053207, 0.4919283218888879, 0.4839694295299166, 0.4778445729315701, 0.4671888644495523, 0.45156507010814595, 0.4272935040696215, 0.3909575144958628, 0.3538913236453428, 0.3218306422267906, 0.292717216023036, 0.2791403966167918, 0.2704928052694815, 0.26822017451013047, 0.2679784149069848, 0.267865592586362, 0.26781968221759467, 0.2677763269313407, 0.2677698825278034, 0.2677692411595326, 0.26776920800947435, 0.26776920423604067]}, "1": {"maxiter": 100, "gtol": 1e-05, "xrtol": 1e-05, "eps": 1e-10, "duration": 0.04603886604309082, "fun": "0.2677692042408538", "jac": "[ 4.44089173e-06 -3.33066880e-06 -5.55111466e-06  2.22044587e-06\n -4.44089173e-06 -8.88178346e-06]", "hess_inv": "[[ 4.13798888 -0.53366131 -1.40079698 -0.64113834  1.68635201  2.6176023 ]\n [-0.53366131  3.86356436  2.22669297  0.93435661 -0.76739678 -0.89876101]\n [-1.40079698  2.22669297  7.80539696 -0.2819417  -5.57347899 -2.87519528]\n [-0.64113834  0.93435661 -0.2819417   3.07871931  0.51167596 -0.23365735]\n [ 1.68635201 -0.76739678 -5.57347899  0.51167596  7.11729263  2.50443541]\n [ 2.6176023  -0.89876101 -2.87519528 -0.23365735  2.50443541  4.91429046]]", "nfev": "182", "njev": "26", "status": "0", "success": "True", "message": "Optimization terminated successfully.", "x": "[ 4.25791566  5.99077826  6.823036    1.70935859 -0.9451843  -0.97446129]", "nit": "25", "callback": [0.6381186925277982, 0.5238381232895327, 0.5032374604377359, 0.4988842609730837, 0.4919279021749807, 0.4839691494128109, 0.47784424902152056, 0.4671889982613906, 0.45156403794786504, 0.4272931828670107, 0.39096028134536986, 0.3538963247875567, 0.3218262531052636, 0.2927213620716025, 0.2791366924722004, 0.2704907301020192, 0.26821973993809833, 0.26797830646416143, 0.2678654773427529, 0.267819672357154, 0.26777625250687465, 0.2677698794480644, 0.26776924015588377, 0.26776920831461337, 0.2677692042408538]}, "2": {"maxiter": 100, "gtol": 1e-05, "xrtol": 1e-10, "eps": 1e-05, "duration": 0.04805302619934082, "fun": "0.26776920423604067", "jac": "[ 4.39213110e-06  1.95117256e-06 -8.01851918e-06  4.95520291e-06\n -4.53638238e-06 -4.30963043e-06]", "hess_inv": "[[ 4.34473073 -0.56611135 -1.25651434 -0.72075377  1.65761087  2.74002986]\n [-0.56611135  3.84368429  2.14801714  0.96872862 -0.74639431 -0.86276187]\n [-1.25651434  2.14801714  7.68707072 -0.23167228 -5.50489788 -2.64304369]\n [-0.72075377  0.96872862 -0.23167228  3.05552788  0.47954281 -0.33397128]\n [ 1.65761087 -0.74639431 -5.50489788  0.47954281  7.07816381  2.42677916]\n [ 2.74002986 -0.86276187 -2.64304369 -0.33397128  2.42677916  4.88240614]]", "nfev": "182", "njev": "26", "status": "0", "success": "True", "message": "Optimization terminated successfully.", "x": "[ 4.25791308  5.99078194  6.82302376  1.70936498 -0.94517819 -0.97445103]", "nit": "25", "callback": [0.6381186022445517, 0.5238375543782376, 0.5032373435863033, 0.49888443408053207, 0.4919283218888879, 0.4839694295299166, 0.4778445729315701, 0.4671888644495523, 0.45156507010814595, 0.4272935040696215, 0.3909575144958628, 0.3538913236453428, 0.3218306422267906, 0.292717216023036, 0.2791403966167918, 0.2704928052694815, 0.26822017451013047, 0.2679784149069848, 0.267865592586362, 0.26781968221759467, 0.2677763269313407, 0.2677698825278034, 0.2677692411595326, 0.26776920800947435, 0.26776920423604067]}, "3": {"maxiter": 100, "gtol": 1e-05, "xrtol": 1e-10, "eps": 1e-10, "duration": 0.04655313491821289, "fun": "0.2677692042408538", "jac": "[ 4.44089173e-06 -3.33066880e-06 -5.55111466e-06  2.22044587e-06\n -4.44089173e-06 -8.88178346e-06]", "hess_inv": "[[ 4.13798888 -0.53366131 -1.40079698 -0.64113834  1.68635201  2.6176023 ]\n [-0.53366131  3.86356436  2.22669297  0.93435661 -0.76739678 -0.89876101]\n [-1.40079698  2.22669297  7.80539696 -0.2819417  -5.57347899 -2.87519528]\n [-0.64113834  0.93435661 -0.2819417   3.07871931  0.51167596 -0.23365735]\n [ 1.68635201 -0.76739678 -5.57347899  0.51167596  7.11729263  2.50443541]\n [ 2.6176023  -0.89876101 -2.87519528 -0.23365735  2.50443541  4.91429046]]", "nfev": "182", "njev": "26", "status": "0", "success": "True", "message": "Optimization terminated successfully.", "x": "[ 4.25791566  5.99077826  6.823036    1.70935859 -0.9451843  -0.97446129]", "nit": "25", "callback": [0.6381186925277982, 0.5238381232895327, 0.5032374604377359, 0.4988842609730837, 0.4919279021749807, 0.4839691494128109, 0.47784424902152056, 0.4671889982613906, 0.45156403794786504, 0.4272931828670107, 0.39096028134536986, 0.3538963247875567, 0.3218262531052636, 0.2927213620716025, 0.2791366924722004, 0.2704907301020192, 0.26821973993809833, 0.26797830646416143, 0.2678654773427529, 0.267819672357154, 0.26777625250687465, 0.2677698794480644, 0.26776924015588377, 0.26776920831461337, 0.2677692042408538]}, "4": {"maxiter": 100, "gtol": 1e-10, "xrtol": 1e-05, "eps": 1e-05, "duration": 0.04892992973327637, "fun": "0.26776920405023763", "jac": "[-7.98583422e-08  5.57087709e-07 -9.19275767e-07  3.33288952e-07\n -1.95576888e-07 -8.38684677e-07]", "hess_inv": "[[ 4.29437225 -0.50050839 -1.61039721 -0.49910198  1.78663382  2.57540712]\n [-0.50050839  3.79159675  2.2758437   0.8761901  -0.79479247 -0.74731118]\n [-1.61039721  2.2758437   8.52644831 -0.63286705 -5.79302277 -2.81149918]\n [-0.49910198  0.8761901  -0.63286705  3.2334699   0.61527067 -0.19145219]\n [ 1.78663382 -0.79479247 -5.79302277  0.61527067  7.17678003  2.49351745]\n [ 2.57540712 -0.74731118 -2.81149918 -0.19145219  2.49351745  4.63795588]]", "nfev": "189", "njev": "27", "status": "0", "success": "True", "message": "Optimization terminated successfully.", "x": "[ 4.25790396  5.99078382  6.8230595   1.70934633 -0.94519068 -0.97445118]", "nit": "26", "callback": [0.6381186022445517, 0.5238375543782376, 0.5032373435863033, 0.49888443408053207, 0.4919283218888879, 0.4839694295299166, 0.4778445729315701, 0.4671888644495523, 0.45156507010814595, 0.4272935040696215, 0.3909575144958628, 0.3538913236453428, 0.3218306422267906, 0.292717216023036, 0.2791403966167918, 0.2704928052694815, 0.26822017451013047, 0.2679784149069848, 0.267865592586362, 0.26781968221759467, 0.2677763269313407, 0.2677698825278034, 0.2677692411595326, 0.26776920800947435, 0.26776920423604067, 0.26776920405023763]}, "5": {"maxiter": 100, "gtol": 1e-10, "xrtol": 1e-05, "eps": 1e-10, "duration": 0.0494692325592041, "fun": "0.2677692040219398", "jac": "[ 1.11022293e-06  3.33066880e-06 -3.33066880e-06  0.00000000e+00\n  2.22044587e-06  0.00000000e+00]", "hess_inv": "[[ 4.00403505 -0.65801529 -1.35598911 -0.66222681  1.49621775  2.22187476]\n [-0.65801529  4.08627918  2.5572109   0.81831566 -0.75421958 -0.86158665]\n [-1.35598911  2.5572109   8.03726289 -0.3573062  -5.34781144 -2.39718292]\n [-0.66222681  0.81831566 -0.3573062   3.10291691  0.42763265 -0.41135809]\n [ 1.49621775 -0.75421958 -5.34781144  0.42763265  6.95381775  2.16966254]\n [ 2.22187476 -0.86158665 -2.39718292 -0.41135809  2.16966254  4.22918809]]", "nfev": "189", "njev": "27", "status": "0", "success": "True", "message": "Optimization terminated successfully.", "x": "[ 4.25791601  5.99079617  6.82305091  1.70935363 -0.94517395 -0.97443923]", "nit": "26", "callback": [0.6381186925277982, 0.5238381232895327, 0.5032374604377359, 0.4988842609730837, 0.4919279021749807, 0.4839691494128109, 0.47784424902152056, 0.4671889982613906, 0.45156403794786504, 0.4272931828670107, 0.39096028134536986, 0.3538963247875567, 0.3218262531052636, 0.2927213620716025, 0.2791366924722004, 0.2704907301020192, 0.26821973993809833, 0.26797830646416143, 0.2678654773427529, 0.267819672357154, 0.26777625250687465, 0.2677698794480644, 0.26776924015588377, 0.26776920831461337, 0.2677692042408538, 0.2677692040219398]}, "6": {"maxiter": 100, "gtol": 1e-10, "xrtol": 1e-10, "eps": 1e-05, "duration": 0.06410431861877441, "fun": "0.2677692040414462", "jac": "[-2.22044605e-11 -4.44089210e-11  8.88178420e-11 -2.22044605e-11\n  7.77156117e-11  6.66133815e-11]", "hess_inv": "[[ 4.43241981 -0.56729057 -1.34491878 -0.67607641  1.64607419  2.71858873]\n [-0.56729057  3.82578596  2.13030118  0.97190229 -0.72090584 -0.822167  ]\n [-1.34491878  2.13030118  8.80143105 -0.84798316 -5.94161979 -2.51008152]\n [-0.67607641  0.97190229 -0.84798316  3.39409745  0.72984053 -0.39125179]\n [ 1.64607419 -0.72090584 -5.94161979  0.72984053  7.25959286  2.34124999]\n [ 2.71858873 -0.822167   -2.51008152 -0.39125179  2.34124999  4.80146131]]", "nfev": "210", "njev": "30", "status": "0", "success": "True", "message": "Optimization terminated successfully.", "x": "[ 4.25790618  5.99078244  6.82306339  1.7093436  -0.94519249 -0.97444818]", "nit": "29", "callback": [0.6381186022445517, 0.5238375543782376, 0.5032373435863033, 0.49888443408053207, 0.4919283218888879, 0.4839694295299166, 0.4778445729315701, 0.4671888644495523, 0.45156507010814595, 0.4272935040696215, 0.3909575144958628, 0.3538913236453428, 0.3218306422267906, 0.292717216023036, 0.2791403966167918, 0.2704928052694815, 0.26822017451013047, 0.2679784149069848, 0.267865592586362, 0.26781968221759467, 0.2677763269313407, 0.2677698825278034, 0.2677692411595326, 0.26776920800947435, 0.26776920423604067, 0.26776920405023763, 0.2677692040419837, 0.267769204041462, 0.2677692040414462]}, "7": {"maxiter": 100, "gtol": 1e-10, "xrtol": 1e-10, "eps": 1e-10, "duration": 0.0716710090637207, "fun": "0.2677692040033941", "jac": "[-3.33066880e-06  1.11022293e-06 -1.11022293e-06 -2.22044587e-06\n  0.00000000e+00  2.22044587e-06]", "hess_inv": "[[ 3.31123145  0.17632242  3.28164662 -0.75743568 -1.86138092  1.7043273 ]\n [ 0.17632242  1.96133171  1.33184301 -0.36123717 -0.83768359 -0.10742929]\n [ 3.28164662  1.33184301  9.78206976 -1.63130324 -5.08960541  3.07058238]\n [-0.75743568 -0.36123717 -1.63130324  2.55905692  0.54753281 -0.67398638]\n [-1.86138092 -0.83768359 -5.08960541  0.54753281  4.92403541 -1.7949626 ]\n [ 1.7043273  -0.10742929  3.07058238 -0.67398638 -1.7949626   3.94264434]]", "nfev": "301", "njev": "43", "status": "0", "success": "True", "message": "Optimization terminated successfully.", "x": "[ 4.25791504  5.99079506  6.8230689   1.70934874 -0.94518788 -0.97443707]", "nit": "29", "callback": [0.6381186925277982, 0.5238381232895327, 0.5032374604377359, 0.4988842609730837, 0.4919279021749807, 0.4839691494128109, 0.47784424902152056, 0.4671889982613906, 0.45156403794786504, 0.4272931828670107, 0.39096028134536986, 0.3538963247875567, 0.3218262531052636, 0.2927213620716025, 0.2791366924722004, 0.2704907301020192, 0.26821973993809833, 0.26797830646416143, 0.2678654773427529, 0.267819672357154, 0.26777625250687465, 0.2677698794480644, 0.26776924015588377, 0.26776920831461337, 0.2677692042408538, 0.2677692040219398, 0.2677692040077584, 0.2677692040033941, 0.2677692040033941]}, "8": {"maxiter": 500, "gtol": 1e-05, "xrtol": 1e-05, "eps": 1e-05, "duration": 0.04527425765991211, "fun": "0.26776920423604067", "jac": "[ 4.39213110e-06  1.95117256e-06 -8.01851918e-06  4.95520291e-06\n -4.53638238e-06 -4.30963043e-06]", "hess_inv": "[[ 4.34473073 -0.56611135 -1.25651434 -0.72075377  1.65761087  2.74002986]\n [-0.56611135  3.84368429  2.14801714  0.96872862 -0.74639431 -0.86276187]\n [-1.25651434  2.14801714  7.68707072 -0.23167228 -5.50489788 -2.64304369]\n [-0.72075377  0.96872862 -0.23167228  3.05552788  0.47954281 -0.33397128]\n [ 1.65761087 -0.74639431 -5.50489788  0.47954281  7.07816381  2.42677916]\n [ 2.74002986 -0.86276187 -2.64304369 -0.33397128  2.42677916  4.88240614]]", "nfev": "182", "njev": "26", "status": "0", "success": "True", "message": "Optimization terminated successfully.", "x": "[ 4.25791308  5.99078194  6.82302376  1.70936498 -0.94517819 -0.97445103]", "nit": "25", "callback": [0.6381186022445517, 0.5238375543782376, 0.5032373435863033, 0.49888443408053207, 0.4919283218888879, 0.4839694295299166, 0.4778445729315701, 0.4671888644495523, 0.45156507010814595, 0.4272935040696215, 0.3909575144958628, 0.3538913236453428, 0.3218306422267906, 0.292717216023036, 0.2791403966167918, 0.2704928052694815, 0.26822017451013047, 0.2679784149069848, 0.267865592586362, 0.26781968221759467, 0.2677763269313407, 0.2677698825278034, 0.2677692411595326, 0.26776920800947435, 0.26776920423604067]}, "9": {"maxiter": 500, "gtol": 1e-05, "xrtol": 1e-05, "eps": 1e-10, "duration": 0.03946495056152344, "fun": "0.2677692042408538", "jac": "[ 4.44089173e-06 -3.33066880e-06 -5.55111466e-06  2.22044587e-06\n -4.44089173e-06 -8.88178346e-06]", "hess_inv": "[[ 4.13798888 -0.53366131 -1.40079698 -0.64113834  1.68635201  2.6176023 ]\n [-0.53366131  3.86356436  2.22669297  0.93435661 -0.76739678 -0.89876101]\n [-1.40079698  2.22669297  7.80539696 -0.2819417  -5.57347899 -2.87519528]\n [-0.64113834  0.93435661 -0.2819417   3.07871931  0.51167596 -0.23365735]\n [ 1.68635201 -0.76739678 -5.57347899  0.51167596  7.11729263  2.50443541]\n [ 2.6176023  -0.89876101 -2.87519528 -0.23365735  2.50443541  4.91429046]]", "nfev": "182", "njev": "26", "status": "0", "success": "True", "message": "Optimization terminated successfully.", "x": "[ 4.25791566  5.99077826  6.823036    1.70935859 -0.9451843  -0.97446129]", "nit": "25", "callback": [0.6381186925277982, 0.5238381232895327, 0.5032374604377359, 0.4988842609730837, 0.4919279021749807, 0.4839691494128109, 0.47784424902152056, 0.4671889982613906, 0.45156403794786504, 0.4272931828670107, 0.39096028134536986, 0.3538963247875567, 0.3218262531052636, 0.2927213620716025, 0.2791366924722004, 0.2704907301020192, 0.26821973993809833, 0.26797830646416143, 0.2678654773427529, 0.267819672357154, 0.26777625250687465, 0.2677698794480644, 0.26776924015588377, 0.26776920831461337, 0.2677692042408538]}, "10": {"maxiter": 500, "gtol": 1e-05, "xrtol": 1e-10, "eps": 1e-05, "duration": 0.04825901985168457, "fun": "0.26776920423604067", "jac": "[ 4.39213110e-06  1.95117256e-06 -8.01851918e-06  4.95520291e-06\n -4.53638238e-06 -4.30963043e-06]", "hess_inv": "[[ 4.34473073 -0.56611135 -1.25651434 -0.72075377  1.65761087  2.74002986]\n [-0.56611135  3.84368429  2.14801714  0.96872862 -0.74639431 -0.86276187]\n [-1.25651434  2.14801714  7.68707072 -0.23167228 -5.50489788 -2.64304369]\n [-0.72075377  0.96872862 -0.23167228  3.05552788  0.47954281 -0.33397128]\n [ 1.65761087 -0.74639431 -5.50489788  0.47954281  7.07816381  2.42677916]\n [ 2.74002986 -0.86276187 -2.64304369 -0.33397128  2.42677916  4.88240614]]", "nfev": "182", "njev": "26", "status": "0", "success": "True", "message": "Optimization terminated successfully.", "x": "[ 4.25791308  5.99078194  6.82302376  1.70936498 -0.94517819 -0.97445103]", "nit": "25", "callback": [0.6381186022445517, 0.5238375543782376, 0.5032373435863033, 0.49888443408053207, 0.4919283218888879, 0.4839694295299166, 0.4778445729315701, 0.4671888644495523, 0.45156507010814595, 0.4272935040696215, 0.3909575144958628, 0.3538913236453428, 0.3218306422267906, 0.292717216023036, 0.2791403966167918, 0.2704928052694815, 0.26822017451013047, 0.2679784149069848, 0.267865592586362, 0.26781968221759467, 0.2677763269313407, 0.2677698825278034, 0.2677692411595326, 0.26776920800947435, 0.26776920423604067]}, "11": {"maxiter": 500, "gtol": 1e-05, "xrtol": 1e-10, "eps": 1e-10, "duration": 0.04628896713256836, "fun": "0.2677692042408538", "jac": "[ 4.44089173e-06 -3.33066880e-06 -5.55111466e-06  2.22044587e-06\n -4.44089173e-06 -8.88178346e-06]", "hess_inv": "[[ 4.13798888 -0.53366131 -1.40079698 -0.64113834  1.68635201  2.6176023 ]\n [-0.53366131  3.86356436  2.22669297  0.93435661 -0.76739678 -0.89876101]\n [-1.4