{"date": "2024/10/30/, 10:56:34", "conf_id": 312, "data_type": "var_s_rank\n", "num_data_points": 4, "s_rank": 0, "unitary": "[[0.18663085-0.53122324j,-0.11886349-0.70040876j,0.28555095-0.02789305j,-0.12262021-0.2844587j],[-0.16702216+0.27758472j,0.27526351-0.29738586j,-0.01109314+0.22495461j,-0.77239203+0.28900673j],[0.61935415+0.12301792j,-0.31269928-0.03315917j,-0.61902762-0.19039079j,-0.27120731-0.0968989j],[0.42341754+0.0023929j,-0.05847358+0.47832119j,0.64900495-0.16218422j,-0.37182676-0.05229966j]]", "databatch_0": {"databatch": "[[[-0.02379322+0.10279154j,0.19316923+0.30915704j,0.04777959-0.08287987j,0.07711336+0.35383992j],[0.27096235+0.09237762j,-0.21552676-0.16134961j,-0.2426704-0.02978566j,-0.1224561-0.01767445j],[-0.17843268-0.27973328j,-0.16991346+0.03882268j,-0.08368735-0.31440515j,-0.26833226+0.03988959j],[0.01233383-0.00612871j,0.36172397-0.15636208j,0.00853363+0.04085703j,-0.05178757-0.07955615j]],[[0.58385124+0.21082932j,-0.40249807-0.153809j,-0.18751418-0.28497094j,-0.1027239+0.0285063j],[-0.1638382+0.14839631j,0.07259175-0.14741472j,0.12754531-0.12025852j,0.08216589-0.03209175j],[-0.07808763+0.00817081j,0.0863737-0.01520436j,0.0883508+0.04943367j,-0.0086757+0.02583254j],[-0.30193758-0.01661671j,0.20488471+0.02564802j,0.10935941+0.11337192j,0.0394898-0.0399704j]],[[0.05742766-0.01189152j,0.04207764-0.24076402j,-0.08531229-0.1601005j,-0.09881182-0.26783129j],[-0.33272957-0.14354756j,0.05070998+0.49984409j,-0.18598591-0.05189699j,0.26470322-0.18590963j],[-0.04983481-0.17319972j,-0.05406017-0.04259039j,0.14506582+0.14273044j,-0.20016138-0.12366372j],[0.16866612-0.12254613j,-0.16769306+0.0888779j,-0.14118167+0.16677784j,0.17960823+0.05732888j]],[[0.13166495-0.06922162j,-0.26442634-0.28064106j,-0.27417066-0.01728684j,0.30887757+0.27905943j],[-0.10966735-0.03612193j,0.14635512+0.06114205j,-0.07195626-0.04582288j,-0.13338946-0.16194642j],[0.07737581+0.20313425j,-0.28480477+0.09030678j,-0.04071475+0.22844262j,-0.01610448+0.1079631j],[-0.15199733+0.28474843j,-0.18581996+0.03579977j,-0.10655614+0.23996194j,-0.27557644-0.05920146j]]]", "initial param values": "[3.72299766,3.90701198,1.78368661,0.28461202,1.15767073,0.21376244]", "nelder_mead": {"type": "gradient-free", "0": {"maxiter": 100, "fatol": 1e-05, "xatol": 1e-05, "duration": 0.12544822692871094, "fun": "0.6399914630293575", "nit": "100", "nfev": "157", "status": "2", "success": "False", "message": "Maximum number of iterations has been exceeded.", "x": "[ 5.07797311  4.74734987  1.15013599 -0.10014637  3.64322811  0.21953606]", "final_simplex": "(array([[ 5.07797311,  4.74734987,  1.15013599, -0.10014637,  3.64322811,\n         0.21953606],\n       [ 4.9768501 ,  4.64193496,  1.33432763, -0.07741679,  3.49005474,\n         0.20613487],\n       [ 4.84585041,  4.9202513 ,  1.35153641, -0.03583971,  3.28984533,\n         0.20822536],\n       [ 5.0264123 ,  4.48350618,  1.07814814, -0.13873295,  3.76396534,\n         0.22726921],\n       [ 5.04737494,  4.6567707 ,  1.15567456, -0.08472979,  3.47331947,\n         0.2270384 ],\n       [ 4.87030997,  4.73606038,  1.36006905, -0.04189654,  3.31273416,\n         0.20587546],\n       [ 4.86377367,  4.64347844,  1.19598272, -0.09125558,  3.64481264,\n         0.21606146]]), array([0.63999146, 0.6411885 , 0.6414191 , 0.64188572, 0.64193445,\n       0.6427104 , 0.64305716]))", "callback": [0.9137726811216356, 0.8606855245215663, 0.7788251693305006, 0.7150169034902546, 0.6978708320591072, 0.6739501518564489, 0.6676840035824163, 0.6626474918695094, 0.650777783919084, 0.6436137983671124]}, "1": {"maxiter": 100, "fatol": 1e-05, "xatol": 1e-10, "duration": 0.12189435958862305, "fun": "0.6399914630293575", "nit": "100", "nfev": "157", "status": "2", "success": "False", "message": "Maximum number of iterations has been exceeded.", "x": "[ 5.07797311  4.74734987  1.15013599 -0.10014637  3.64322811  0.21953606]", "final_simplex": "(array([[ 5.07797311,  4.74734987,  1.15013599, -0.10014637,  3.64322811,\n         0.21953606],\n       [ 4.9768501 ,  4.64193496,  1.33432763, -0.07741679,  3.49005474,\n         0.20613487],\n       [ 4.84585041,  4.9202513 ,  1.35153641, -0.03583971,  3.28984533,\n         0.20822536],\n       [ 5.0264123 ,  4.48350618,  1.07814814, -0.13873295,  3.76396534,\n         0.22726921],\n       [ 5.04737494,  4.6567707 ,  1.15567456, -0.08472979,  3.47331947,\n         0.2270384 ],\n       [ 4.87030997,  4.73606038,  1.36006905, -0.04189654,  3.31273416,\n         0.20587546],\n       [ 4.86377367,  4.64347844,  1.19598272, -0.09125558,  3.64481264,\n         0.21606146]]), array([0.63999146, 0.6411885 , 0.6414191 , 0.64188572, 0.64193445,\n       0.6427104 , 0.64305716]))", "callback": [0.9137726811216356, 0.8606855245215663, 0.7788251693305006, 0.7150169034902546, 0.6978708320591072, 0.6739501518564489, 0.6676840035824163, 0.6626474918695094, 0.650777783919084, 0.6436137983671124]}, "2": {"maxiter": 100, "fatol": 1e-10, "xatol": 1e-05, "duration": 0.12195897102355957, "fun": "0.6399914630293575", "nit": "100", "nfev": "157", "status": "2", "success": "False", "message": "Maximum number of iterations has been exceeded.", "x": "[ 5.07797311  4.74734987  1.15013599 -0.10014637  3.64322811  0.21953606]", "final_simplex": "(array([[ 5.07797311,  4.74734987,  1.15013599, -0.10014637,  3.64322811,\n         0.21953606],\n       [ 4.9768501 ,  4.64193496,  1.33432763, -0.07741679,  3.49005474,\n         0.20613487],\n       [ 4.84585041,  4.9202513 ,  1.35153641, -0.03583971,  3.28984533,\n         0.20822536],\n       [ 5.0264123 ,  4.48350618,  1.07814814, -0.13873295,  3.76396534,\n         0.22726921],\n       [ 5.04737494,  4.6567707 ,  1.15567456, -0.08472979,  3.47331947,\n         0.2270384 ],\n       [ 4.87030997,  4.73606038,  1.36006905, -0.04189654,  3.31273416,\n         0.20587546],\n       [ 4.86377367,  4.64347844,  1.19598272, -0.09125558,  3.64481264,\n         0.21606146]]), array([0.63999146, 0.6411885 , 0.6414191 , 0.64188572, 0.64193445,\n       0.6427104 , 0.64305716]))", "callback": [0.9137726811216356, 0.8606855245215663, 0.7788251693305006, 0.7150169034902546, 0.6978708320591072, 0.6739501518564489, 0.6676840035824163, 0.6626474918695094, 0.650777783919084, 0.6436137983671124]}, "3": {"maxiter": 100, "fatol": 1e-10, "xatol": 1e-10, "duration": 0.13803696632385254, "fun": "0.6399914630293575", "nit": "100", "nfev": "157", "status": "2", "success": "False", "message": "Maximum number of iterations has been exceeded.", "x": "[ 5.07797311  4.74734987  1.15013599 -0.10014637  3.64322811  0.21953606]", "final_simplex": "(array([[ 5.07797311,  4.74734987,  1.15013599, -0.10014637,  3.64322811,\n         0.21953606],\n       [ 4.9768501 ,  4.64193496,  1.33432763, -0.07741679,  3.49005474,\n         0.20613487],\n       [ 4.84585041,  4.9202513 ,  1.35153641, -0.03583971,  3.28984533,\n         0.20822536],\n       [ 5.0264123 ,  4.48350618,  1.07814814, -0.13873295,  3.76396534,\n         0.22726921],\n       [ 5.04737494,  4.6567707 ,  1.15567456, -0.08472979,  3.47331947,\n         0.2270384 ],\n       [ 4.87030997,  4.73606038,  1.36006905, -0.04189654,  3.31273416,\n         0.20587546],\n       [ 4.86377367,  4.64347844,  1.19598272, -0.09125558,  3.64481264,\n         0.21606146]]), array([0.63999146, 0.6411885 , 0.6414191 , 0.64188572, 0.64193445,\n       0.6427104 , 0.64305716]))", "callback": [0.9137726811216356, 0.8606855245215663, 0.7788251693305006, 0.7150169034902546, 0.6978708320591072, 0.6739501518564489, 0.6676840035824163, 0.6626474918695094, 0.650777783919084, 0.6436137983671124]}, "4": {"maxiter": 500, "fatol": 1e-05, "xatol": 1e-05, "duration": 0.6845543384552002, "fun": "0.29442826225085406", "nit": "500", "nfev": "749", "status": "2", "success": "False", "message": "Maximum number of iterations has been exceeded.", "x": "[ 4.46725614  4.22094569 -0.04267554 -3.4437997   6.24294314  1.78815603]", "final_simplex": "(array([[ 4.46725614,  4.22094569, -0.04267554, -3.4437997 ,  6.24294314,\n         1.78815603],\n       [ 4.44262864,  4.25431718, -0.07071152, -3.46366672,  6.21970564,\n         1.73604705],\n       [ 4.48703739,  4.2504694 , -0.04378433, -3.43950114,  6.13807149,\n         1.67211976],\n       [ 4.46095223,  4.23385939, -0.03528916, -3.42417031,  6.17979998,\n         1.68685057],\n       [ 4.44486288,  4.22770638, -0.05524342, -3.45756263,  6.1951554 ,\n         1.73889873],\n       [ 4.47963317,  4.25730191, -0.03020333, -3.44407594,  6.19306765,\n         1.74411124],\n       [ 4.46212298,  4.22310913, -0.09315992, -3.44927723,  6.19972276,\n         1.74084006]]), array([0.29442826, 0.29449813, 0.2945915 , 0.29460211, 0.29476387,\n       0.29478749, 0.29482865]))", "callback": [0.9137726811216356, 0.8606855245215663, 0.7788251693305006, 0.7150169034902546, 0.6978708320591072, 0.6739501518564489, 0.6676840035824163, 0.6626474918695094, 0.650777783919084, 0.6436137983671124, 0.6396044542780439, 0.6386912233262403, 0.6376758869421472, 0.6336087180574183, 0.6143625025722115, 0.5534288316017966, 0.48009383630076985, 0.3611677090404002, 0.3585177522590769, 0.33131561186493674, 0.3227560472827873, 0.3127991345923731, 0.3088457661798958, 0.3058763257081524, 0.3040960011236761, 0.304091285929717, 0.30388336630934676, 0.3038547037760815, 0.30385068525320036, 0.3038497557271188, 0.3038493730793166, 0.3038491204945275, 0.30384854372616765, 0.30384825370665014, 0.30384726529044015, 0.3038454768444562, 0.3038431459391113, 0.3038363952843872, 0.3038184983208151, 0.3037864115623219, 0.3037192093131089, 0.30353681627604834, 0.3032875405990545, 0.3020515082349412, 0.3009032922670992, 0.2979322296833502, 0.2959295046936392, 0.29530393897029317, 0.2950958328398595, 0.29484513575489246]}, "5": {"maxiter": 500, "fatol": 1e-05, "xatol": 1e-10, "duration": 1.1181013584136963, "fun": "0.29442826225085406", "nit": "500", "nfev": "749", "status": "2", "success": "False", "message": "Maximum number of iterations has been exceeded.", "x": "[ 4.46725614  4.22094569 -0.04267554 -3.4437997   6.24294314  1.78815603]", "final_simplex": "(array([[ 4.46725614,  4.22094569, -0.04267554, -3.4437997 ,  6.24294314,\n         1.78815603],\n       [ 4.44262864,  4.25431718, -0.07071152, -3.46366672,  6.21970564,\n         1.73604705],\n       [ 4.48703739,  4.2504694 , -0.04378433, -3.43950114,  6.13807149,\n         1.67211976],\n       [ 4.46095223,  4.23385939, -0.03528916, -3.42417031,  6.17979998,\n         1.68685057],\n       [ 4.44486288,  4.22770638, -0.05524342, -3.45756263,  6.1951554 ,\n         1.73889873],\n       [ 4.47963317,  4.25730191, -0.03020333, -3.44407594,  6.19306765,\n         1.74411124],\n       [ 4.46212298,  4.22310913, -0.09315992, -3.44927723,  6.19972276,\n         1.74084006]]), array([0.29442826, 0.29449813, 0.2945915 , 0.29460211, 0.29476387,\n       0.29478749, 0.29482865]))", "callback": [0.9137726811216356, 0.8606855245215663, 0.7788251693305006, 0.7150169034902546, 0.6978708320591072, 0.6739501518564489, 0.6676840035824163, 0.6626474918695094, 0.650777783919084, 0.6436137983671124, 0.6396044542780439, 0.6386912233262403, 0.6376758869421472, 0.6336087180574183, 0.6143625025722115, 0.5534288316017966, 0.48009383630076985, 0.3611677090404002, 0.3585177522590769, 0.33131561186493674, 0.3227560472827873, 0.3127991345923731, 0.3088457661798958, 0.3058763257081524, 0.3040960011236761, 0.304091285929717, 0.30388336630934676, 0.3038547037760815, 0.30385068525320036, 0.3038497557271188, 0.3038493730793166, 0.3038491204945275, 0.30384854372616765, 0.30384825370665014, 0.30384726529044015, 0.3038454768444562, 0.3038431459391113, 0.3038363952843872, 0.3038184983208151, 0.3037864115623219, 0.3037192093131089, 0.30353681627604834, 0.3032875405990545, 0.3020515082349412, 0.3009032922670992, 0.2979322296833502, 0.2959295046936392, 0.29530393897029317, 0.2950958328398595, 0.29484513575489246]}, "6": {"maxiter": 500, "fatol": 1e-10, "xatol": 1e-05, "duration": 0.9187498092651367, "fun": "0.29442826225085406", "nit": "500", "nfev": "749", "status": "2", "success": "False", "message": "Maximum number of iterations has been exceeded.", "x": "[ 4.46725614  4.22094569 -0.04267554 -3.4437997   6.24294314  1.78815603]", "final_simplex": "(array([[ 4.46725614,  4.22094569, -0.04267554, -3.4437997 ,  6.24294314,\n         1.78815603],\n       [ 4.44262864,  4.25431718, -0.07071152, -3.46366672,  6.21970564,\n         1.73604705],\n       [ 4.48703739,  4.2504694 , -0.04378433, -3.43950114,  6.13807149,\n         1.67211976],\n       [ 4.46095223,  4.23385939, -0.03528916, -3.42417031,  6.17979998,\n         1.68685057],\n       [ 4.44486288,  4.22770638, -0.05524342, -3.45756263,  6.1951554 ,\n         1.73889873],\n       [ 4.47963317,  4.25730191, -0.03020333, -3.44407594,  6.19306765,\n         1.74411124],\n       [ 4.46212298,  4.22310913, -0.09315992, -3.44927723,  6.19972276,\n         1.74084006]]), array([0.29442826, 0.29449813, 0.2945915 , 0.29460211, 0.29476387,\n       0.29478749, 0.29482865]))", "callback": [0.9137726811216356, 0.8606855245215663, 0.7788251693305006, 0.7150169034902546, 0.6978708320591072, 0.6739501518564489, 0.6676840035824163, 0.6626474918695094, 0.650777783919084, 0.6436137983671124, 0.6396044542780439, 0.6386912233262403, 0.6376758869421472, 0.6336087180574183, 0.6143625025722115, 0.5534288316017966, 0.48009383630076985, 0.3611677090404002, 0.3585177522590769, 0.33131561186493674, 0.3227560472827873, 0.3127991345923731, 0.3088457661798958, 0.3058763257081524, 0.3040960011236761, 0.304091285929717, 0.30388336630934676, 0.3038547037760815, 0.30385068525320036, 0.3038497557271188, 0.3038493730793166, 0.3038491204945275, 0.30384854372616765, 0.30384825370665014, 0.30384726529044015, 0.3038454768444562, 0.3038431459391113, 0.3038363952843872, 0.3038184983208151, 0.3037864115623219, 0.3037192093131089, 0.30353681627604834, 0.3032875405990545, 0.3020515082349412, 0.3009032922670992, 0.2979322296833502, 0.2959295046936392, 0.29530393897029317, 0.2950958328398595, 0.29484513575489246]}, "7": {"maxiter": 500, "fatol": 1e-10, "xatol": 1e-10, "duration": 0.620293378829956, "fun": "0.29442826225085406", "nit": "500", "nfev": "749", "status": "2", "success": "False", "message": "Maximum number of iterations has been exceeded.", "x": "[ 4.46725614  4.22094569 -0.04267554 -3.4437997   6.24294314  1.78815603]", "final_simplex": "(array([[ 4.46725614,  4.22094569, -0.04267554, -3.4437997 ,  6.24294314,\n         1.78815603],\n       [ 4.44262864,  4.25431718, -0.07071152, -3.46366672,  6.21970564,\n         1.73604705],\n       [ 4.48703739,  4.2504694 , -0.04378433, -3.43950114,  6.13807149,\n         1.67211976],\n       [ 4.46095223,  4.23385939, -0.03528916, -3.42417031,  6.17979998,\n         1.68685057],\n       [ 4.44486288,  4.22770638, -0.05524342, -3.45756263,  6.1951554 ,\n         1.73889873],\n       [ 4.47963317,  4.25730191, -0.03020333, -3.44407594,  6.19306765,\n         1.74411124],\n       [ 4.46212298,  4.22310913, -0.09315992, -3.44927723,  6.19972276,\n         1.74084006]]), array([0.29442826, 0.29449813, 0.2945915 , 0.29460211, 0.29476387,\n       0.29478749, 0.29482865]))", "callback": [0.9137726811216356, 0.8606855245215663, 0.7788251693305006, 0.7150169034902546, 0.6978708320591072, 0.6739501518564489, 0.6676840035824163, 0.6626474918695094, 0.650777783919084, 0.6436137983671124, 0.6396044542780439, 0.6386912233262403, 0.6376758869421472, 0.6336087180574183, 0.6143625025722115, 0.5534288316017966, 0.48009383630076985, 0.3611677090404002, 0.3585177522590769, 0.33131561186493674, 0.3227560472827873, 0.3127991345923731, 0.3088457661798958, 0.3058763257081524, 0.3040960011236761, 0.304091285929717, 0.30388336630934676, 0.3038547037760815, 0.30385068525320036, 0.3038497557271188, 0.3038493730793166, 0.3038491204945275, 0.30384854372616765, 0.30384825370665014, 0.30384726529044015, 0.3038454768444562, 0.3038431459391113, 0.3038363952843872, 0.3038184983208151, 0.3037864115623219, 0.3037192093131089, 0.30353681627604834, 0.3032875405990545, 0.3020515082349412, 0.3009032922670992, 0.2979322296833502, 0.2959295046936392, 0.29530393897029317, 0.2950958328398595, 0.29484513575489246]}, "8": {"maxiter": 1000, "fatol": 1e-05, "xatol": 1e-05, "duration": 0.9780313968658447, "fun": "0.2916269569499582", "nit": "706", "nfev": "1078", "status": "0", "success": "True", "message": "Optimization terminated successfully.", "x": "[ 4.53871483  4.19398299 -0.05569779 -3.5410445   6.33175602  1.80294183]", "final_simplex": "(array([[ 4.53871483,  4.19398299, -0.05569779, -3.5410445 ,  6.33175602,\n         1.80294183],\n       [ 4.53871769,  4.19398403, -0.05569777, -3.54104746,  6.33176193,\n         1.80294995],\n       [ 4.53871532,  4.19398321, -0.05569792, -3.54104673,  6.3317631 ,\n         1.80294922],\n       [ 4.53871403,  4.19398449, -0.05569947, -3.54104645,  6.33175698,\n         1.80294463],\n       [ 4.53871442,  4.19398702, -0.0556967 , -3.54104621,  6.33175729,\n         1.80294492],\n       [ 4.53871574,  4.1939826 , -0.05569757, -3.54104702,  6.33175359,\n         1.80293581],\n       [ 4.53871228,  4.19398354, -0.05570166, -3.54104531,  6.3317537 ,\n         1.80293621]]), array([0.29162696, 0.29162696, 0.29162696, 0.29162696, 0.29162696,\n       0.29162696, 0.29162696]))", "callback": [0.9137726811216356, 0.8606855245215663, 0.7788251693305006, 0.7150169034902546, 0.6978708320591072, 0.6739501518564489, 0.6676840035824163, 0.6626474918695094, 0.650777783919084, 0.6436137983671124, 0.6396044542780439, 0.6386912233262403, 0.6376758869421472, 0.6336087180574183, 0.6143625025722115, 0.5534288316017966, 0.48009383630076985, 0.3611677090404002, 0.3585177522590769, 0.33131561186493674, 0.3227560472827873, 0.3127991345923731, 0.3088457661798958, 0.3058763257081524, 0.3040960011236761, 0.304091285929717, 0.30388336630934676, 0.3038547037760815, 0.30385068525320036, 0.3038497557271188, 0.3038493730793166, 0.3038491204945275, 0.30384854372616765, 0.30384825370665014, 0.30384726529044015, 0.3038454768444562, 0.3038431459391113, 0.3038363952843872, 0.3038184983208151, 0.3037864115623219, 0.3037192093131089, 0.30353681627604834, 0.3032875405990545, 0.3020515082349412, 0.3009032922670992, 0.2979322296833502, 0.2959295046936392, 0.29530393897029317, 0.2950958328398595, 0.29484513575489246, 0.29434758377592696, 0.29388980358932015, 0.2935794282624664, 0.2933241039137129, 0.2928538354097209, 0.292776008494507, 0.29230528330765093, 0.2920721508946186, 0.29182614637531734, 0.2916756049058744, 0.29164536098280536, 0.2916318504842508, 0.29162812854427633, 0.29162723942691826, 0.2916269942499612, 0.2916269639151805, 0.2916269580166899, 0.2916269571151269, 0.2916269569947558, 0.29162695695920204, 0.29162695695135965]}, "9": {"maxiter": 1000, "fatol": 1e-05, "xatol": 1e-10, "duration": 1.2353746891021729, "fun": "0.29162695694615715", "nit": "819", "nfev": "1321", "status": "0", "success": "True", "message": "Optimization terminated successfully.", "x": "[ 4.53871803  4.19398575 -0.05569908 -3.54104455  6.33175615  1.80294059]", "final_simplex": "(array([[ 4.53871803,  4.19398575, -0.05569908, -3.54104455,  6.33175615,\n         1.80294059],\n       [ 4.53871803,  4.19398575, -0.05569908, -3.54104455,  6.33175615,\n         1.80294059],\n       [ 4.53871803,  4.19398575, -0.05569908, -3.54104455,  6.33175615,\n         1.80294059],\n       [ 4.53871803,  4.19398575, -0.05569908, -3.54104455,  6.33175615,\n         1.80294059],\n       [ 4.53871803,  4.19398575, -0.05569908, -3.54104455,  6.33175615,\n         1.80294059],\n       [ 4.53871803,  4.19398575, -0.05569908, -3.54104455,  6.33175615,\n         1.80294059],\n       [ 4.53871803,  4.19398575, -0.05569908, -3.54104455,  6.33175615,\n         1.80294059]]), array([0.29162696, 0.29162696, 0.29162696, 0.29162696, 0.29162696,\n       0.29162696, 0.29162696]))", "callback": [0.9137726811216356, 0.8606855245215663, 0.7788251693305006, 0.7150169034902546, 0.6978708320591072, 0.6739501518564489, 0.6676840035824163, 0.6626474918695094, 0.650777783919084, 0.6436137983671124, 0.6396044542780439, 0.6386912233262403, 0.6376758869421472, 0.6336087180574183, 0.6143625025722115, 0.5534288316017966, 0.48009383630076985, 0.3611677090404002, 0.3585177522590769, 0.33131561186493674, 0.3227560472827873, 0.3127991345923731, 0.3088457661798958, 0.3058763257081524, 0.3040960011236761, 0.304091285929717, 0.30388336630934676, 0.3038547037760815, 0.30385068525320036, 0.3038497557271188, 0.3038493730793166, 0.3038491204945275, 0.30384854372616765, 0.30384825370665014, 0.30384726529044015, 0.3038454768444562, 0.3038431459391113, 0.3038363952843872, 0.3038184983208151, 0.3037864115623219, 0.3037192093131089, 0.30353681627604834, 0.3032875405990545, 0.3020515082349412, 0.3009032922670992, 0.2979322296833502, 0.2959295046936392, 0.29530393897029317, 0.2950958328398595, 0.29484513575489246, 0.29434758377592696, 0.29388980358932015, 0.2935794282624664, 0.2933241039137129, 0.2928538354097209, 0.292776008494507, 0.29230528330765093, 0.2920721508946186, 0.29182614637531734, 0.2916756049058744, 0.29164536098280536, 0.2916318504842508, 0.29162812854427633, 0.29162723942691826, 0.2916269942499612, 0.2916269639151805, 0.2916269580166899, 0.2916269571151269, 0.2916269569947558, 0.29162695695920204, 0.29162695695135965, 0.2916269569484883, 0.29162695694696295, 0.2916269569464385, 0.2916269569462301, 0.2916269569461777, 0.2916269569461658, 0.29162695694616003, 0.29162695694615803, 0.29162695694615737, 0.29162695694615715, 0.29162695694615715]}, "10": {"maxiter": 1000, "fatol": 1e-10, "xatol": 1e-05, "duration": 0.9428446292877197, "fun": "0.2916269569499582", "nit": "706", "nfev": "1078", "status": "0", "success": "True", "message": "Optimization terminated successfully.", "x": "[ 4.53871483  4.19398299 -0.05569779 -3.5410445   6.33175602  1.80294183]", "final_simplex": "(array([[ 4.53871483,  4.19398299, -0.05569779, -3.5410445 ,  6.33175602,\n         1.80294183],\n       [ 4.53871769,  4.19398403, -0.05569777, -3.54104746,  6.33176193,\n         1.80294995],\n       [ 4.53871532,  4.19398321, -0.05569792, -3.54104673,  6.3317631 ,\n         1.80294922],\n       [ 4.53871403,  4.19398449, -0.05569947, -3.54104645,  6.33175698,\n         1.80294463],\n       [ 4.53871442,  4.19398702, -0.0556967 , -3.54104621,  6.33175729,\n         1.80294492],\n       [ 4.53871574,  4.1939826 , -0.05569757, -3.54104702,  6.33175359,\n         1.80293581],\n       [ 4.53871228,  4.19398354, -0.05570166, -3.54104531,  6.3317537 ,\n         1.80293621]]), array([0.29162696, 0.29162696, 0.29162696, 0.29162696, 0.29162696,\n       0.29162696, 0.29162696]))", "callback": [0.9137726811216356, 0.8606855245215663, 0.7788251693305006, 0.7150169034902546, 0.6978708320591072, 0.6739501518564489, 0.6676840035824163, 0.6626474918695094, 0.650777783919084, 0.6436137983671124, 0.6396044542780439, 0.6386912233262403, 0.6376758869421472, 0.6336087180574183, 0.6143625025722115, 0.5534288316017966, 0.48009383630076985, 0.3611677090404002, 0.3585177522590769, 0.33131561186493674, 0.3227560472827873, 0.3127991345923731, 0.3088457661798958, 0.3058763257081524, 0.3040960011236761, 0.304091285929717, 0.30388336630934676, 0.3038547037760815, 0.30385068525320036, 0.3038497557271188, 0.3038493730793166, 0.3038491204945275, 0.30384854372616765, 0.30384825370665014, 0.30384726529044015, 0.3038454768444562, 0.3038431459391113, 0.3038363952843872, 0.3038184983208151, 0.3037864115623219, 0.3037192093131089, 0.30353681627604834, 0.3032875405990545, 0.3020515082349412, 0.3009032922670992, 0.2979322296833502, 0.2959295046936392, 0.29530393897029317, 0.2950958328398595, 0.29484513575489246, 0.29434758377592696, 0.29388980358932015, 0.2935794282624664, 0.2933241039137129, 0.2928538354097209, 0.292776008494507, 0.29230528330765093, 0.2920721508946186, 0.29182614637531734, 0.2916756049058744, 0.29164536098280536, 0.2916318504842508, 0.29162812854427633, 0.29162723942691826, 0.2916269942499612, 0.2916269639151805, 0.2916269580166899, 0.2916269571151269, 0.2916269569947558, 0.29162695695920204, 0.29162695695135965]}, "11": {"maxiter": 1000, "fatol": 1e-10, "xatol": 1e-10, "duration": 1.1634409427642822, "fun": "0.29162695694615715", "nit": "819", "nfev": "1321", "status": "0", "success": "True", "message": "Optimization terminated successfully.", "x": "[ 4.53871803  4.19398575 -0.05569908 -3.54104455  6.33175615  1.80294059]", "final_simplex": "(array([[ 4.53871803,  4.19398575, -0.05569908, -3.54104455,  6.33175615,\n         1.80294059],\n       [ 4.53871803,  4.19398575, -0.05569908, -3.54104455,  6.33175615,\n         1.80294059],\n       [ 4.53871803,  4.19398575, -0.05569908, -3.54104455,  6.33175615,\n         1.80294059],\n       [ 4.53871803,  4.19398575, -0.05569908, -3.54104455,  6.33175615,\n         1.80294059],\n       [ 4.53871803,  4.19398575, -0.05569908, -3.54104455,  6.33175615,\n         1.80294059],\n       [ 4.53871803,  4.19398575, -0.05569908, -3.54104455,  6.33175615,\n         1.80294059],\n       [ 4.53871803,  4.19398575, -0.05569908, -3.54104455,  6.33175615,\n         1.80294059]]), array([0.29162696, 0.29162696, 0.29162696, 0.29162696, 0.29162696,\n       0.29162696, 0.29162696]))", "callback": [0.9137726811216356, 0.8606855245215663, 0.7788251693305006, 0.7150169034902546, 0.6978708320591072, 0.6739501518564489, 0.6676840035824163, 0.6626474918695094, 0.650777783919084, 0.6436137983671124, 0.6396044542780439, 0.6386912233262403, 0.6376758869421472, 0.6336087180574183, 0.6143625025722115, 0.5534288316017966, 0.48009383630076985, 0.3611677090404002, 0.3585177522590769, 0.33131561186493674, 0.3227560472827873, 0.3127991345923731, 0.3088457661798958, 0.3058763257081524, 0.3040960011236761, 0.304091285929717, 0.30388336630934676, 0.3038547037760815, 0.30385068525320036, 0.3038497557271188, 0.3038493730793166, 0.3038491204945275, 0.30384854372616765, 0.30384825370665014, 0.30384726529044015, 0.3038454768444562, 0.3038431459391113, 0.3038363952843872, 0.3038184983208151, 0.3037864115623219, 0.3037192093131089, 0.30353681627604834, 0.3032875405990545, 0.3020515082349412, 0.3009032922670992, 0.2979322296833502, 0.2959295046936392, 0.29530393897029317, 0.2950958328398595, 0.29484513575489246, 0.29434758377592696, 0.29388980358932015, 0.2935794282624664, 0.2933241039137129, 0.2928538354097209, 0.292776008494507, 0.29230528330765093, 0.2920721508946186, 0.29182614637531734, 0.2916756049058744, 0.29164536098280536, 0.2916318504842508, 0.29162812854427633, 0.29162723942691826, 0.2916269942499612, 0.2916269639151805, 0.2916269580166899, 0.2916269571151269, 0.2916269569947558, 0.29162695695920204, 0.29162695695135965, 0.2916269569484883, 0.29162695694696295, 0.2916269569464385, 0.2916269569462301, 0.2916269569461777, 0.2916269569461658, 0.29162695694616003, 0.29162695694615803, 0.29162695694615737, 0.29162695694615715, 0.29162695694615715]}}, "bfgs": {"type": "gradient", "0": {"maxiter": 100, "gtol": 1e-05, "xrtol": 1e-05, "eps": 1e-05, "duration": 0.29381799697875977, "fun": "0.2916269571172405", "jac": "[-1.70619074e-07 -3.62554431e-07  3.36575212e-07  5.12556664e-07\n -2.64854805e-07  6.74127421e-08]", "hess_inv": "[[ 3.77753545e+00 -1.15664213e-01  6.09611643e-01 -3.00816632e-01\n   6.10366454e-01  1.13384607e+00]\n [-1.15664213e-01  3.06501817e+00  4.90971688e-01  3.48693862e-01\n  -8.66732141e-01 -7.33666154e-01]\n [ 6.09611643e-01  4.90971688e-01  4.96663163e+00  1.02857626e+00\n   3.69756566e+00  4.39509427e+00]\n [-3.00816632e-01  3.48693862e-01  1.02857626e+00  3.56857553e+00\n  -4.82972079e-03 -2.77186576e-03]\n [ 6.10366454e-01 -8.66732141e-01  3.69756566e+00 -4.82972079e-03\n   2.77232704e+01  2.83753529e+01]\n [ 1.13384607e+00 -7.33666154e-01  4.39509427e+00 -2.77186576e-03\n   2.83753529e+01  3.28254866e+01]]", "nfev": "371", "njev": "53", "status": "0", "success": "True", "message": "Optimization terminated successfully.", "x": "[ 4.53870918  4.19398076 -0.05571914 -3.54104838  6.33166517  1.8028412 ]", "nit": "43", "callback": [0.6479692519064586, 0.644226475575003, 0.6423899238915407, 0.639886604275399, 0.6389071381337577, 0.6383826365431349, 0.6375348694959667, 0.6367053718009028, 0.6364616161934256, 0.6360992475872427, 0.6357386452801763, 0.6352871607456687, 0.634724403813888, 0.6336832348471182, 0.610533297675332, 0.6102472347069429, 0.599028946737706, 0.5795071758131317, 0.5521601607260109, 0.5332444847773032, 0.5121167425472902, 0.48076059431528395, 0.43051494823181957, 0.37632535142839096, 0.3362013326794532, 0.31606051429763105, 0.313786869049269, 0.3103461929969651, 0.30856811046950794, 0.307958139131712, 0.3068274321103661, 0.30469109903378644, 0.3009640712289766, 0.2970829483809191, 0.29522908605369025, 0.29284617854224115, 0.29180584307851265, 0.2916375608524414, 0.29162726931289873, 0.29162703643524046, 0.2916269613195803, 0.2916269581883335, 0.2916269571172405]}, "1": {"maxiter": 100, "gtol": 1e-05, "xrtol": 1e-05, "eps": 1e-10, "duration": 0.32050156593322754, "fun": "0.29162695705114694", "jac": "[ 2.22044587e-06 -1.11022293e-06  6.66133806e-06  0.00000000e+00\n  2.22044587e-06  0.00000000e+00]", "hess_inv": "[[ 3.55991759e+00  2.75377205e-02  2.38513919e-02 -3.59693428e-01\n  -6.81101486e-01 -2.44316801e-01]\n [ 2.75377205e-02  2.87184145e+00  1.06497855e+00  3.83369218e-01\n   6.01372112e-01  8.74705293e-01]\n [ 2.38513919e-02  1.06497855e+00  3.56165738e+00  1.06156755e+00\n   9.03059083e-01  1.27971273e+00]\n [-3.59693428e-01  3.83369218e-01  1.06156755e+00  3.79024275e+00\n  -9.45142114e-01 -9.83255242e-01]\n [-6.81101486e-01  6.01372112e-01  9.03059083e-01 -9.45142114e-01\n   2.29053820e+01  2.27042694e+01]\n [-2.44316801e-01  8.74705293e-01  1.27971273e+00 -9.83255242e-01\n   2.27042694e+01  2.62433817e+01]]", "nfev": "364", "njev": "52", "status": "0", "success": "True", "message": "Optimization terminated successfully.", "x": "[ 4.53872676  4.19397772 -0.05567682 -3.54104829  6.33181431  1.80300339]", "nit": "42", "callback": [0.6479690792156204, 0.6442263235410604, 0.642388551497761, 0.6398850090994037, 0.6389070518780298, 0.6383821445858087, 0.6375340216802463, 0.6367054836440849, 0.6364616025141059, 0.6360992432840449, 0.6357389960460215, 0.6352873219437933, 0.6347241770529221, 0.6336819610015308, 0.6105248360199669, 0.6102378529571797, 0.5989893860629506, 0.5794342168818758, 0.5521098424151871, 0.5333409585616145, 0.5121572669585532, 0.48086154027504546, 0.43071909274011344, 0.3759332017476287, 0.33588622522157074, 0.3161978943118223, 0.3136215126301005, 0.3099270913736685, 0.30849475642707225, 0.3078354179382633, 0.3066180645488257, 0.304341959932096, 0.30050639463951956, 0.29722560391206876, 0.29524237426601474, 0.2930541919621954, 0.29170200117355227, 0.29163211891480023, 0.29162706915593983, 0.29162696036473656, 0.2916269574343229, 0.29162695705114694]}, "2": {"maxiter": 100, "gtol": 1e-05, "xrtol": 1e-10, "eps": 1e-05, "duration": 0.3087615966796875, "fun": "0.2916269571172405", "jac": "[-1.70619074e-07 -3.62554431e-07  3.36575212e-07  5.12556664e-07\n -2.64854805e-07  6.74127421e-08]", "hess_inv": "[[ 3.77753545e+00 -1.15664213e-01  6.09611643e-01 -3.00816632e-01\n   6.10366454e-01  1.13384607e+00]\n [-1.15664213e-01  3.06501817e+00  4.90971688e-01  3.48693862e-01\n  -8.66732141e-01 -7.33666154e-01]\n [ 6.09611643e-01  4.90971688e-01  4.96663163e+00  1.02857626e+00\n   3.69756566e+00  4.39509427e+00]\n [-3.00816632e-01  3.48693862e-01  1.02857626e+00  3.56857553e+00\n  -4.82972079e-03 -2.77186576e-03]\n [ 6.10366454e-01 -8.66732141e-01  3.69756566e+00 -4.82972079e-03\n   2.77232704e+01  2.83753529e+01]\n [ 1.13384607e+00 -7.33666154e-01  4.39509427e+00 -2.77186576e-03\n   2.83753529e+01  3.28254866e+01]]", "nfev": "371", "njev": "53", "status": "0", "success": "True", "message": "Optimization terminated successfully.", "x": "[ 4.53870918  4.19398076 -0.05571914 -3.54104838  6.33166517  1.8028412 ]", "nit": "43", "callback": [0.6479692519064586, 0.644226475575003, 0.6423899238915407, 0.639886604275399, 0.6389071381337577, 0.6383826365431349, 0.6375348694959667, 0.6367053718009028, 0.6364616161934256, 0.6360992475872427, 0.6357386452801763, 0.6352871607456687, 0.634724403813888, 0.6336832348471182, 0.610533297675332, 0.6102472347069429, 0.599028946737706, 0.5795071758131317, 0.5521601607260109, 0.5332444847773032, 0.5121167425472902, 0.48076059431528395, 0.43051494823181957, 0.37632535142839096, 0.3362013326794532, 0.31606051429763105, 0.313786869049269, 0.3103461929969651, 0.30856811046950794, 0.307958139131712, 0.3068274321103661, 0.30469109903378644, 0.3009640712289766, 0.2970829483809191, 0.29522908605369025, 0.29284617854224115, 0.29180584307851265, 0.2916375608524414, 0.29162726931289873, 0.29162703643524046, 0.2916269613195803, 0.2916269581883335, 0.2916269571172405]}, "3": {"maxiter": 100, "gtol": 1e-05, "xrtol": 1e-10, "eps": 1e-10, "duration": 0.35048866271972656, "fun": "0.29162695705114694", "jac": "[ 2.22044587e-06 -1.11022293e-06  6.66133806e-06  0.00000000e+00\n  2.22044587e-06  0.00000000e+00]", "hess_inv": "[[ 3.55991759e+00  2.75377205e-02  2.38513919e-02 -3.59693428e-01\n  -6.81101486e-01 -2.44316801e-01]\n [ 2.75377205e-02  2.87184145e+00  1.06497855e+00  3.83369218e-01\n   6.01372112e-01  8.74705293e-01]\n [ 2.38513919e-02  1.06497855e+00  3.56165738e+00  1.06156755e+00\n   9.03059083e-01  1.27971273e+00]\n [-3.59693428e-01  3.83369218e-01  1.06156755e+00  3.79024275e+00\n  -9.45142114e-01 -9.83255242e-01]\n [-6.81101486e-01  6.01372112e-01  9.03059083e-01 -9.45142114e-01\n   2.29053820e+01  2.27042694e+01]\n [-2.44316801e-01  8.74705293e-01  1.27971273e+00 -9.83255242e-01\n   2.27042694e+01  2.62433817e+01]]", "nfev": "364", "njev": "52", "status": "0", "success": "True", "message": "Optimization terminated successfully.", "x": "[ 4.53872676  4.19397772 -0.05567682 -3.54104829  6.33181431  1.80300339]", "nit": "42", "callback": [0.6479690792156204, 0.6442263235410604, 0.642388551497761, 0.6398850090994037, 0.6389070518780298, 0.6383821445858087, 0.6375340216802463, 0.6367054836440849, 0.6364616025141059, 0.6360992432840449, 0.6357389960460215, 0.6352873219437933, 0.6347241770529221, 0.6336819610015308, 0.6105248360199669, 0.6102378529571797, 0.5989893860629506, 0.5794342168818758, 0.5521098424151871, 0.5333409585616145, 0.5121572669585532, 0.48086154027504546, 0.43071909274011344, 0.3759332017476287, 0.33588622522157074, 0.3161978943118223, 0.3136215126301005, 0.3099270913736685, 0.30849475642707225, 0.3078354179382633, 0.3066180645488257, 0.304341959932096, 0.30050639463951956, 0.29722560391206876, 0.29524237426601474, 0.2930541919621954, 0.29170200117355227, 0.29163211891480023, 0.29162706915593983, 0.29162696036473656, 0.2916269574343229, 0.29162695705114694]}, "4": {"maxiter": 100, "gtol": 1e-10, "xrtol": 1e-05, "eps": 1e-05, "duration": 0.301816463470459, "fun": "0.2916269571075609", "jac": "[-1.72306613e-08 -1.38555833e-08  5.72875081e-09  4.09228207e-08\n -1.64313008e-08  4.13002965e-09]", "hess_inv": "[[ 3.75693303 -0.10817588  0.59069644 -0.27527779  0.53924162  1.05708742]\n [-0.10817588  3.0754747   0.46784979  0.31777062 -0.81153107 -0.68301063]\n [ 0.59069644  0.46784979  5.01754577  1.10128298  3.5654592   4.27282323]\n [-0.27527779  0.31777062  1.10128298  3.5724546   0.03514089  0.05500954]\n [ 0.53924162 -0.81153107  3.5654592   0.03514089 27.54309347 28.16104272]\n [ 1.05708742 -0.68301063  4.27282323  0.05500954 28.16104272 32.57880132]]", "nfev": "378", "njev": "54", "status": "0", "success": "True", "message": "Optimization terminated successfully.", "x": "[ 4.5387098   4.19398137 -0.05572047 -3.54105051  6.33166915  1.80284493]", "nit": "44", "callback": [0.6479692519064586, 0.644226475575003, 0.6423899238915407, 0.639886604275399, 0.6389071381337577, 0.6383826365431349, 0.6375348694959667, 0.6367053718009028, 0.6364616161934256, 0.6360992475872427, 0.6357386452801763, 0.6352871607456687, 0.634724403813888, 0.6336832348471182, 0.610533297675332, 0.6102472347069429, 0.599028946737706, 0.5795071758131317, 0.5521601607260109, 0.5332444847773032, 0.5121167425472902, 0.48076059431528395, 0.43051494823181957, 0.37632535142839096, 0.3362013326794532, 0.31606051429763105, 0.313786869049269, 0.3103461929969651, 0.30856811046950794, 0.307958139131712, 0.3068274321103661, 0.30469109903378644, 0.3009640712289766, 0.2970829483809191, 0.29522908605369025, 0.29284617854224115, 0.29180584307851265, 0.2916375608524414, 0.29162726931289873, 0.29162703643524046, 0.2916269613195803, 0.2916269581883335, 0.2916269571172405, 0.2916269571075609]}, "5": {"maxiter": 100, "gtol": 1e-10, "xrtol": 1e-05, "eps": 1e-10, "duration": 0.5343544483184814, "fun": "0.29162695705114694", "jac": "[ 2.22044587e-06 -1.11022293e-06  6.66133806e-06  0.00000000e+00\n  2.22044587e-06  0.00000000e+00]", "hess_inv": "[[ 3.55991759e+00  2.75377205e-02  2.38513919e-02 -3.59693428e-01\n  -6.81101486e-01 -2.44316801e-01]\n [ 2.75377205e-02  2.87184145e+00  1.06497855e+00  3.83369218e-01\n   6.01372112e-01  8.74705293e-01]\n [ 2.38513919e-02  1.06497855e+00  3.56165738e+00  1.06156755e+00\n   9.03059083e-01  1.27971273e+00]\n [-3.59693428e-01  3.83369218e-01  1.06156755e+00  3.79024275e+00\n  -9.45142114e-01 -9.83255242e-01]\n [-6.81101486e-01  6.01372112e-01  9.03059083e-01 -9.45142114e-01\n   2.29053820e+01  2.27042694e+01]\n [-2.44316801e-01  8.74705293e-01  1.27971273e+00 -9.83255242e-01\n   2.27042694e+01  2.62433817e+01]]", "nfev": "364", "njev": "52", "status": "0", "success": "True", "message": "Optimization terminated successfully.", "x": "[ 4.53872676  4.19397772 -0.05567682 -3.54104829  6.33181431  1.80300339]", "nit": "42", "callback": [0.6479690792156204, 0.6442263235410604, 0.642388551497761, 0.6398850090994037, 0.6389070518780298, 0.6383821445858087, 0.6375340216802463, 0.6367054836440849, 0.6364616025141059, 0.6360992432840449, 0.6357389960460215, 0.6352873219437933, 0.6347241770529221, 0.6336819610015308, 0.6105248360199669, 0.6102378529571797, 0.5989893860629506, 0.5794342168818758, 0.5521098424151871, 0.5333409585616145, 0.5121572669585532, 0.48086154027504546, 0.43071909274011344, 0.3759332017476287, 0.33588622522157074, 0.3161978943118223, 0.3136215126301005, 0.3099270913736685, 0.30849475642707225, 0.3078354179382633, 0.3066180645488257, 0.304341959932096, 0.30050639463951956, 0.29722560391206876, 0.29524237426601474, 0.2930541919621954, 0.29170200117355227, 0.29163211891480023, 0.29162706915593983, 0.29162696036473656, 0.2916269574343229, 0.29162695705114694]}, "6": {"maxiter": 100, "gtol": 1e-10, "xrtol": 1e-10, "eps": 1e-05, "duration": 0.8689279556274414, "fun": "0.2916269571067025", "jac": "[-2.22044605e-11  1.77635684e-10 -1.11022302e-10  1.33226763e-10\n  3.33066907e-11  1.11022302e-11]", "hess_inv": "[[ 3.78704388 -0.09836255  0.5673081  -0.3499977   0.67653923  1.18997933]\n [-0.09836255  3.07229968  0.4767198   0.30584032 -0.78559937 -0.65531787]\n [ 0.5673081   0.4767198   4.991487    1.12571856  3.50774059  4.20990041]\n [-0.3499977   0.30584032  1.12571856  3.73228674 -0.26866788 -0.24443057]\n [ 0.67653923 -0.78559937  3.50774059 -0.26866788 28.11355525 28.72090784]\n [ 1.18997933 -0.65531787  4.20990041 -0.24443057 28.72090784 33.12703004]]", "nfev": "551", "njev": "77", "status": "2", "success": "False", "message": "Desired error not necessarily achieved due to precision loss.", "x": "[ 4.53870988  4.19398138 -0.05572049 -3.54105067  6.33166948  1.80284526]", "nit": "45", "callback": [0.6479692519064586, 0.644226475575003, 0.6423899238915407, 0.639886604275399, 0.6389071381337577, 0.6383826365431349, 0.6375348694959667, 0.6367053718009028, 0.6364616161934256, 0.6360992475872427, 0.6357386452801763, 0.6352871607456687, 0.634724403813888, 0.6336832348471182, 0.610533297675332, 0.6102472347069429, 0.599028946737706, 0.5795071758131317, 0.5521601607260109, 0.5332444847773032, 0.5121167425472902, 0.48076059431528395, 0.43051494823181957, 0.37632535142839096, 0.3362013326794532, 0.31606051429763105, 0.313786869049269