{"date": "2024/09/24/, 17:35:01", "conf_id": 9, "data_type": "random\n", "num_data_points": 1, "s_rank": 0, "unitary": "[[-0.24866696+0.58742286j,-0.44704345-0.43151574j,-0.35669027-0.20570733j,-0.10517633+0.1626036j],[0.10596805-0.19687975j,-0.30269685-0.15056416j,0.18246286+0.30440582j,-0.83484447-0.11310748j],[0.26054512-0.52548482j,0.0285017-0.50723956j,-0.43110112+0.17165838j,0.15243271+0.39915801j],[0.42978035+0.11991271j,-0.17224126-0.46030424j,0.6827807-0.15164662j,0.26483638+0.0061855j]]", "databatch_0": {"databatch": "[[[-0.05012474+0.22127544j,0.12734145-0.15668901j,0.02782199+0.05051984j,-0.16151511+0.37167767j],[0.14567095+0.110306j,-0.11281021-0.05375086j,-0.01639116-0.04239441j,0.27927989+0.50898365j],[0.18634099-0.03919098j,-0.20605792-0.02393237j,0.0197494-0.07138802j,0.27750977+0.10162602j],[-0.12051519+0.06068917j,0.06497505-0.01559109j,0.00380134-0.00675199j,-0.37686039+0.1232733j]]]", "initial param values": "[0.71642546,0.78620902,4.42479396,3.59865187,3.28101139,0.39815501]", "nelder_mead": {"type": "gradient-free", "0": {"maxiter": 100, "fatol": 1e-05, "xatol": 1e-05, "duration": 0.029237031936645508, "fun": "0.2960431336356717", "nit": "100", "nfev": "153", "status": "2", "success": "False", "message": "Maximum number of iterations has been exceeded.", "x": "[0.96574645 0.43340542 6.43098101 3.22891701 3.91324142 0.407615  ]", "final_simplex": "(array([[0.96574645, 0.43340542, 6.43098101, 3.22891701, 3.91324142,\n        0.407615  ],\n       [0.95330716, 0.44910212, 6.41634634, 3.21515178, 3.90247526,\n        0.40415135],\n       [0.96408758, 0.42143377, 6.40675619, 3.19795892, 3.91893238,\n        0.42087445],\n       [0.95210451, 0.44381119, 6.40972035, 3.22792091, 3.88504048,\n        0.41115198],\n       [0.95648835, 0.45436636, 6.45424045, 3.24237554, 3.91052243,\n        0.39949652],\n       [0.9493011 , 0.46449431, 6.39835073, 3.24089301, 3.91149523,\n        0.40295738],\n       [0.95368796, 0.44004571, 6.4240631 , 3.21790388, 3.90226202,\n        0.40472075]]), array([0.29604313, 0.29608725, 0.29610781, 0.29613138, 0.29614878,\n       0.29615315, 0.29616923]))", "callback": [0.53688534197545, 0.4249066707382312, 0.3621527388201019, 0.3095959333401237, 0.30687427646477006, 0.30559580056278524, 0.30387173417740776, 0.3013114304434005, 0.2961692319982471, 0.2961692319982471]}, "1": {"maxiter": 100, "fatol": 1e-05, "xatol": 1e-10, "duration": 0.028477907180786133, "fun": "0.2960431336356717", "nit": "100", "nfev": "153", "status": "2", "success": "False", "message": "Maximum number of iterations has been exceeded.", "x": "[0.96574645 0.43340542 6.43098101 3.22891701 3.91324142 0.407615  ]", "final_simplex": "(array([[0.96574645, 0.43340542, 6.43098101, 3.22891701, 3.91324142,\n        0.407615  ],\n       [0.95330716, 0.44910212, 6.41634634, 3.21515178, 3.90247526,\n        0.40415135],\n       [0.96408758, 0.42143377, 6.40675619, 3.19795892, 3.91893238,\n        0.42087445],\n       [0.95210451, 0.44381119, 6.40972035, 3.22792091, 3.88504048,\n        0.41115198],\n       [0.95648835, 0.45436636, 6.45424045, 3.24237554, 3.91052243,\n        0.39949652],\n       [0.9493011 , 0.46449431, 6.39835073, 3.24089301, 3.91149523,\n        0.40295738],\n       [0.95368796, 0.44004571, 6.4240631 , 3.21790388, 3.90226202,\n        0.40472075]]), array([0.29604313, 0.29608725, 0.29610781, 0.29613138, 0.29614878,\n       0.29615315, 0.29616923]))", "callback": [0.53688534197545, 0.4249066707382312, 0.3621527388201019, 0.3095959333401237, 0.30687427646477006, 0.30559580056278524, 0.30387173417740776, 0.3013114304434005, 0.2961692319982471, 0.2961692319982471]}, "2": {"maxiter": 100, "fatol": 1e-10, "xatol": 1e-05, "duration": 0.027193069458007812, "fun": "0.2960431336356717", "nit": "100", "nfev": "153", "status": "2", "success": "False", "message": "Maximum number of iterations has been exceeded.", "x": "[0.96574645 0.43340542 6.43098101 3.22891701 3.91324142 0.407615  ]", "final_simplex": "(array([[0.96574645, 0.43340542, 6.43098101, 3.22891701, 3.91324142,\n        0.407615  ],\n       [0.95330716, 0.44910212, 6.41634634, 3.21515178, 3.90247526,\n        0.40415135],\n       [0.96408758, 0.42143377, 6.40675619, 3.19795892, 3.91893238,\n        0.42087445],\n       [0.95210451, 0.44381119, 6.40972035, 3.22792091, 3.88504048,\n        0.41115198],\n       [0.95648835, 0.45436636, 6.45424045, 3.24237554, 3.91052243,\n        0.39949652],\n       [0.9493011 , 0.46449431, 6.39835073, 3.24089301, 3.91149523,\n        0.40295738],\n       [0.95368796, 0.44004571, 6.4240631 , 3.21790388, 3.90226202,\n        0.40472075]]), array([0.29604313, 0.29608725, 0.29610781, 0.29613138, 0.29614878,\n       0.29615315, 0.29616923]))", "callback": [0.53688534197545, 0.4249066707382312, 0.3621527388201019, 0.3095959333401237, 0.30687427646477006, 0.30559580056278524, 0.30387173417740776, 0.3013114304434005, 0.2961692319982471, 0.2961692319982471]}, "3": {"maxiter": 100, "fatol": 1e-10, "xatol": 1e-10, "duration": 0.027072906494140625, "fun": "0.2960431336356717", "nit": "100", "nfev": "153", "status": "2", "success": "False", "message": "Maximum number of iterations has been exceeded.", "x": "[0.96574645 0.43340542 6.43098101 3.22891701 3.91324142 0.407615  ]", "final_simplex": "(array([[0.96574645, 0.43340542, 6.43098101, 3.22891701, 3.91324142,\n        0.407615  ],\n       [0.95330716, 0.44910212, 6.41634634, 3.21515178, 3.90247526,\n        0.40415135],\n       [0.96408758, 0.42143377, 6.40675619, 3.19795892, 3.91893238,\n        0.42087445],\n       [0.95210451, 0.44381119, 6.40972035, 3.22792091, 3.88504048,\n        0.41115198],\n       [0.95648835, 0.45436636, 6.45424045, 3.24237554, 3.91052243,\n        0.39949652],\n       [0.9493011 , 0.46449431, 6.39835073, 3.24089301, 3.91149523,\n        0.40295738],\n       [0.95368796, 0.44004571, 6.4240631 , 3.21790388, 3.90226202,\n        0.40472075]]), array([0.29604313, 0.29608725, 0.29610781, 0.29613138, 0.29614878,\n       0.29615315, 0.29616923]))", "callback": [0.53688534197545, 0.4249066707382312, 0.3621527388201019, 0.3095959333401237, 0.30687427646477006, 0.30559580056278524, 0.30387173417740776, 0.3013114304434005, 0.2961692319982471, 0.2961692319982471]}, "4": {"maxiter": 500, "fatol": 1e-05, "xatol": 1e-05, "duration": 0.13741612434387207, "fun": "0.18339171998214576", "nit": "500", "nfev": "781", "status": "2", "success": "False", "message": "Maximum number of iterations has been exceeded.", "x": "[0.76000094 0.71977009 5.02509972 4.50367019 6.09255066 1.9212114 ]", "final_simplex": "(array([[0.76000094, 0.71977009, 5.02509972, 4.50367019, 6.09255066,\n        1.9212114 ],\n       [0.75998367, 0.71984464, 5.0250418 , 4.50369987, 6.09257359,\n        1.92117254],\n       [0.76010949, 0.7197804 , 5.02518278, 4.50367683, 6.09244351,\n        1.92121961],\n       [0.76012008, 0.71976445, 5.0250771 , 4.50373876, 6.09248202,\n        1.92126868],\n       [0.76015721, 0.71986371, 5.02516754, 4.5036357 , 6.09234409,\n        1.92118646],\n       [0.76007655, 0.71980244, 5.02516984, 4.50362928, 6.092415  ,\n        1.92123187],\n       [0.76015458, 0.71988838, 5.02513965, 4.50361331, 6.09242538,\n        1.92119217]]), array([0.18339172, 0.18339172, 0.18339172, 0.18339172, 0.18339172,\n       0.18339172, 0.18339172]))", "callback": [0.53688534197545, 0.4249066707382312, 0.3621527388201019, 0.3095959333401237, 0.30687427646477006, 0.30559580056278524, 0.30387173417740776, 0.3013114304434005, 0.2961692319982471, 0.2961692319982471, 0.29579447241038936, 0.2949710806852165, 0.28834714409538875, 0.26013832548959726, 0.24205353448137112, 0.22841091694405824, 0.22701110838894722, 0.22332029660362618, 0.22280918954032303, 0.22207636384076324, 0.22119951559865103, 0.22074770057806614, 0.22064864136022178, 0.22058145668108153, 0.22046444476802507, 0.22037063690485215, 0.21994458766174607, 0.2190401574351113, 0.21645365163328, 0.21413848405435532, 0.2118441812074796, 0.20958283326423466, 0.20514386497137727, 0.19668113550297828, 0.1847408723177386, 0.18373514732116147, 0.1834967143316818, 0.18342913338001443, 0.18342913338001443, 0.18341125927888702, 0.18340937542570912, 0.18339848105441725, 0.18339322839751182, 0.18339259069530678, 0.18339188588644617, 0.18339179188166543, 0.18339174645137546, 0.1833917281781079, 0.18339172189191588, 0.18339172054512975]}, "5": {"maxiter": 500, "fatol": 1e-05, "xatol": 1e-10, "duration": 0.1366558074951172, "fun": "0.18339171998214576", "nit": "500", "nfev": "781", "status": "2", "success": "False", "message": "Maximum number of iterations has been exceeded.", "x": "[0.76000094 0.71977009 5.02509972 4.50367019 6.09255066 1.9212114 ]", "final_simplex": "(array([[0.76000094, 0.71977009, 5.02509972, 4.50367019, 6.09255066,\n        1.9212114 ],\n       [0.75998367, 0.71984464, 5.0250418 , 4.50369987, 6.09257359,\n        1.92117254],\n       [0.76010949, 0.7197804 , 5.02518278, 4.50367683, 6.09244351,\n        1.92121961],\n       [0.76012008, 0.71976445, 5.0250771 , 4.50373876, 6.09248202,\n        1.92126868],\n       [0.76015721, 0.71986371, 5.02516754, 4.5036357 , 6.09234409,\n        1.92118646],\n       [0.76007655, 0.71980244, 5.02516984, 4.50362928, 6.092415  ,\n        1.92123187],\n       [0.76015458, 0.71988838, 5.02513965, 4.50361331, 6.09242538,\n        1.92119217]]), array([0.18339172, 0.18339172, 0.18339172, 0.18339172, 0.18339172,\n       0.18339172, 0.18339172]))", "callback": [0.53688534197545, 0.4249066707382312, 0.3621527388201019, 0.3095959333401237, 0.30687427646477006, 0.30559580056278524, 0.30387173417740776, 0.3013114304434005, 0.2961692319982471, 0.2961692319982471, 0.29579447241038936, 0.2949710806852165, 0.28834714409538875, 0.26013832548959726, 0.24205353448137112, 0.22841091694405824, 0.22701110838894722, 0.22332029660362618, 0.22280918954032303, 0.22207636384076324, 0.22119951559865103, 0.22074770057806614, 0.22064864136022178, 0.22058145668108153, 0.22046444476802507, 0.22037063690485215, 0.21994458766174607, 0.2190401574351113, 0.21645365163328, 0.21413848405435532, 0.2118441812074796, 0.20958283326423466, 0.20514386497137727, 0.19668113550297828, 0.1847408723177386, 0.18373514732116147, 0.1834967143316818, 0.18342913338001443, 0.18342913338001443, 0.18341125927888702, 0.18340937542570912, 0.18339848105441725, 0.18339322839751182, 0.18339259069530678, 0.18339188588644617, 0.18339179188166543, 0.18339174645137546, 0.1833917281781079, 0.18339172189191588, 0.18339172054512975]}, "6": {"maxiter": 500, "fatol": 1e-10, "xatol": 1e-05, "duration": 0.1363999843597412, "fun": "0.18339171998214576", "nit": "500", "nfev": "781", "status": "2", "success": "False", "message": "Maximum number of iterations has been exceeded.", "x": "[0.76000094 0.71977009 5.02509972 4.50367019 6.09255066 1.9212114 ]", "final_simplex": "(array([[0.76000094, 0.71977009, 5.02509972, 4.50367019, 6.09255066,\n        1.9212114 ],\n       [0.75998367, 0.71984464, 5.0250418 , 4.50369987, 6.09257359,\n        1.92117254],\n       [0.76010949, 0.7197804 , 5.02518278, 4.50367683, 6.09244351,\n        1.92121961],\n       [0.76012008, 0.71976445, 5.0250771 , 4.50373876, 6.09248202,\n        1.92126868],\n       [0.76015721, 0.71986371, 5.02516754, 4.5036357 , 6.09234409,\n        1.92118646],\n       [0.76007655, 0.71980244, 5.02516984, 4.50362928, 6.092415  ,\n        1.92123187],\n       [0.76015458, 0.71988838, 5.02513965, 4.50361331, 6.09242538,\n        1.92119217]]), array([0.18339172, 0.18339172, 0.18339172, 0.18339172, 0.18339172,\n       0.18339172, 0.18339172]))", "callback": [0.53688534197545, 0.4249066707382312, 0.3621527388201019, 0.3095959333401237, 0.30687427646477006, 0.30559580056278524, 0.30387173417740776, 0.3013114304434005, 0.2961692319982471, 0.2961692319982471, 0.29579447241038936, 0.2949710806852165, 0.28834714409538875, 0.26013832548959726, 0.24205353448137112, 0.22841091694405824, 0.22701110838894722, 0.22332029660362618, 0.22280918954032303, 0.22207636384076324, 0.22119951559865103, 0.22074770057806614, 0.22064864136022178, 0.22058145668108153, 0.22046444476802507, 0.22037063690485215, 0.21994458766174607, 0.2190401574351113, 0.21645365163328, 0.21413848405435532, 0.2118441812074796, 0.20958283326423466, 0.20514386497137727, 0.19668113550297828, 0.1847408723177386, 0.18373514732116147, 0.1834967143316818, 0.18342913338001443, 0.18342913338001443, 0.18341125927888702, 0.18340937542570912, 0.18339848105441725, 0.18339322839751182, 0.18339259069530678, 0.18339188588644617, 0.18339179188166543, 0.18339174645137546, 0.1833917281781079, 0.18339172189191588, 0.18339172054512975]}, "7": {"maxiter": 500, "fatol": 1e-10, "xatol": 1e-10, "duration": 0.14076709747314453, "fun": "0.18339171998214576", "nit": "500", "nfev": "781", "status": "2", "success": "False", "message": "Maximum number of iterations has been exceeded.", "x": "[0.76000094 0.71977009 5.02509972 4.50367019 6.09255066 1.9212114 ]", "final_simplex": "(array([[0.76000094, 0.71977009, 5.02509972, 4.50367019, 6.09255066,\n        1.9212114 ],\n       [0.75998367, 0.71984464, 5.0250418 , 4.50369987, 6.09257359,\n        1.92117254],\n       [0.76010949, 0.7197804 , 5.02518278, 4.50367683, 6.09244351,\n        1.92121961],\n       [0.76012008, 0.71976445, 5.0250771 , 4.50373876, 6.09248202,\n        1.92126868],\n       [0.76015721, 0.71986371, 5.02516754, 4.5036357 , 6.09234409,\n        1.92118646],\n       [0.76007655, 0.71980244, 5.02516984, 4.50362928, 6.092415  ,\n        1.92123187],\n       [0.76015458, 0.71988838, 5.02513965, 4.50361331, 6.09242538,\n        1.92119217]]), array([0.18339172, 0.18339172, 0.18339172, 0.18339172, 0.18339172,\n       0.18339172, 0.18339172]))", "callback": [0.53688534197545, 0.4249066707382312, 0.3621527388201019, 0.3095959333401237, 0.30687427646477006, 0.30559580056278524, 0.30387173417740776, 0.3013114304434005, 0.2961692319982471, 0.2961692319982471, 0.29579447241038936, 0.2949710806852165, 0.28834714409538875, 0.26013832548959726, 0.24205353448137112, 0.22841091694405824, 0.22701110838894722, 0.22332029660362618, 0.22280918954032303, 0.22207636384076324, 0.22119951559865103, 0.22074770057806614, 0.22064864136022178, 0.22058145668108153, 0.22046444476802507, 0.22037063690485215, 0.21994458766174607, 0.2190401574351113, 0.21645365163328, 0.21413848405435532, 0.2118441812074796, 0.20958283326423466, 0.20514386497137727, 0.19668113550297828, 0.1847408723177386, 0.18373514732116147, 0.1834967143316818, 0.18342913338001443, 0.18342913338001443, 0.18341125927888702, 0.18340937542570912, 0.18339848105441725, 0.18339322839751182, 0.18339259069530678, 0.18339188588644617, 0.18339179188166543, 0.18339174645137546, 0.1833917281781079, 0.18339172189191588, 0.18339172054512975]}, "8": {"maxiter": 1000, "fatol": 1e-05, "xatol": 1e-05, "duration": 0.15388917922973633, "fun": "0.1833917194641249", "nit": "554", "nfev": "866", "status": "0", "success": "True", "message": "Optimization terminated successfully.", "x": "[0.76005775 0.71981344 5.02504168 4.50370021 6.09252117 1.92117939]", "final_simplex": "(array([[0.76005775, 0.71981344, 5.02504168, 4.50370021, 6.09252117,\n        1.92117939],\n       [0.76006551, 0.71981606, 5.02504073, 4.50369934, 6.09251262,\n        1.92118009],\n       [0.76006306, 0.719809  , 5.02504803, 4.50369783, 6.09251887,\n        1.92118437],\n       [0.76005578, 0.71980901, 5.025041  , 4.50369896, 6.09252206,\n        1.92118231],\n       [0.76005765, 0.71981072, 5.02503603, 4.50370712, 6.09252759,\n        1.92118135],\n       [0.76006032, 0.71980799, 5.02504003, 4.50370373, 6.09252505,\n        1.92118151],\n       [0.76006041, 0.71981687, 5.02503851, 4.50369888, 6.09252098,\n        1.92117809]]), array([0.18339172, 0.18339172, 0.18339172, 0.18339172, 0.18339172,\n       0.18339172, 0.18339172]))", "callback": [0.53688534197545, 0.4249066707382312, 0.3621527388201019, 0.3095959333401237, 0.30687427646477006, 0.30559580056278524, 0.30387173417740776, 0.3013114304434005, 0.2961692319982471, 0.2961692319982471, 0.29579447241038936, 0.2949710806852165, 0.28834714409538875, 0.26013832548959726, 0.24205353448137112, 0.22841091694405824, 0.22701110838894722, 0.22332029660362618, 0.22280918954032303, 0.22207636384076324, 0.22119951559865103, 0.22074770057806614, 0.22064864136022178, 0.22058145668108153, 0.22046444476802507, 0.22037063690485215, 0.21994458766174607, 0.2190401574351113, 0.21645365163328, 0.21413848405435532, 0.2118441812074796, 0.20958283326423466, 0.20514386497137727, 0.19668113550297828, 0.1847408723177386, 0.18373514732116147, 0.1834967143316818, 0.18342913338001443, 0.18342913338001443, 0.18341125927888702, 0.18340937542570912, 0.18339848105441725, 0.18339322839751182, 0.18339259069530678, 0.18339188588644617, 0.18339179188166543, 0.18339174645137546, 0.1833917281781079, 0.18339172189191588, 0.18339172054512975, 0.18339171983333624, 0.1833917196510254, 0.1833917195765521, 0.18339171948922406, 0.18339171947074084, 0.18339171946520716]}, "9": {"maxiter": 1000, "fatol": 1e-05, "xatol": 1e-10, "duration": 0.1918179988861084, "fun": "0.1833917194625787", "nit": "654", "nfev": "1089", "status": "0", "success": "True", "message": "Optimization terminated successfully.", "x": "[0.76006108 0.71981183 5.02504282 4.50370088 6.09251746 1.92118195]", "final_simplex": "(array([[0.76006108, 0.71981183, 5.02504282, 4.50370088, 6.09251746,\n        1.92118195],\n       [0.76006108, 0.71981183, 5.02504282, 4.50370088, 6.09251746,\n        1.92118195],\n       [0.76006108, 0.71981183, 5.02504282, 4.50370088, 6.09251746,\n        1.92118195],\n       [0.76006108, 0.71981183, 5.02504282, 4.50370088, 6.09251746,\n        1.92118195],\n       [0.76006108, 0.71981183, 5.02504282, 4.50370088, 6.09251746,\n        1.92118195],\n       [0.76006108, 0.71981183, 5.02504282, 4.50370088, 6.09251746,\n        1.92118195],\n       [0.76006108, 0.71981183, 5.02504282, 4.50370088, 6.09251746,\n        1.92118195]]), array([0.18339172, 0.18339172, 0.18339172, 0.18339172, 0.18339172,\n       0.18339172, 0.18339172]))", "callback": [0.53688534197545, 0.4249066707382312, 0.3621527388201019, 0.3095959333401237, 0.30687427646477006, 0.30559580056278524, 0.30387173417740776, 0.3013114304434005, 0.2961692319982471, 0.2961692319982471, 0.29579447241038936, 0.2949710806852165, 0.28834714409538875, 0.26013832548959726, 0.24205353448137112, 0.22841091694405824, 0.22701110838894722, 0.22332029660362618, 0.22280918954032303, 0.22207636384076324, 0.22119951559865103, 0.22074770057806614, 0.22064864136022178, 0.22058145668108153, 0.22046444476802507, 0.22037063690485215, 0.21994458766174607, 0.2190401574351113, 0.21645365163328, 0.21413848405435532, 0.2118441812074796, 0.20958283326423466, 0.20514386497137727, 0.19668113550297828, 0.1847408723177386, 0.18373514732116147, 0.1834967143316818, 0.18342913338001443, 0.18342913338001443, 0.18341125927888702, 0.18340937542570912, 0.18339848105441725, 0.18339322839751182, 0.18339259069530678, 0.18339188588644617, 0.18339179188166543, 0.18339174645137546, 0.1833917281781079, 0.18339172189191588, 0.18339172054512975, 0.18339171983333624, 0.1833917196510254, 0.1833917195765521, 0.18339171948922406, 0.18339171947074084, 0.18339171946520716, 0.18339171946307942, 0.1833917194627035, 0.18339171946260002, 0.18339171946258426, 0.1833917194625806, 0.18339171946257926, 0.18339171946257882, 0.1833917194625787, 0.1833917194625787, 0.1833917194625787]}, "10": {"maxiter": 1000, "fatol": 1e-10, "xatol": 1e-05, "duration": 0.15894293785095215, "fun": "0.1833917194641249", "nit": "554", "nfev": "866", "status": "0", "success": "True", "message": "Optimization terminated successfully.", "x": "[0.76005775 0.71981344 5.02504168 4.50370021 6.09252117 1.92117939]", "final_simplex": "(array([[0.76005775, 0.71981344, 5.02504168, 4.50370021, 6.09252117,\n        1.92117939],\n       [0.76006551, 0.71981606, 5.02504073, 4.50369934, 6.09251262,\n        1.92118009],\n       [0.76006306, 0.719809  , 5.02504803, 4.50369783, 6.09251887,\n        1.92118437],\n       [0.76005578, 0.71980901, 5.025041  , 4.50369896, 6.09252206,\n        1.92118231],\n       [0.76005765, 0.71981072, 5.02503603, 4.50370712, 6.09252759,\n        1.92118135],\n       [0.76006032, 0.71980799, 5.02504003, 4.50370373, 6.09252505,\n        1.92118151],\n       [0.76006041, 0.71981687, 5.02503851, 4.50369888, 6.09252098,\n        1.92117809]]), array([0.18339172, 0.18339172, 0.18339172, 0.18339172, 0.18339172,\n       0.18339172, 0.18339172]))", "callback": [0.53688534197545, 0.4249066707382312, 0.3621527388201019, 0.3095959333401237, 0.30687427646477006, 0.30559580056278524, 0.30387173417740776, 0.3013114304434005, 0.2961692319982471, 0.2961692319982471, 0.29579447241038936, 0.2949710806852165, 0.28834714409538875, 0.26013832548959726, 0.24205353448137112, 0.22841091694405824, 0.22701110838894722, 0.22332029660362618, 0.22280918954032303, 0.22207636384076324, 0.22119951559865103, 0.22074770057806614, 0.22064864136022178, 0.22058145668108153, 0.22046444476802507, 0.22037063690485215, 0.21994458766174607, 0.2190401574351113, 0.21645365163328, 0.21413848405435532, 0.2118441812074796, 0.20958283326423466, 0.20514386497137727, 0.19668113550297828, 0.1847408723177386, 0.18373514732116147, 0.1834967143316818, 0.18342913338001443, 0.18342913338001443, 0.18341125927888702, 0.18340937542570912, 0.18339848105441725, 0.18339322839751182, 0.18339259069530678, 0.18339188588644617, 0.18339179188166543, 0.18339174645137546, 0.1833917281781079, 0.18339172189191588, 0.18339172054512975, 0.18339171983333624, 0.1833917196510254, 0.1833917195765521, 0.18339171948922406, 0.18339171947074084, 0.18339171946520716]}, "11": {"maxiter": 1000, "fatol": 1e-10, "xatol": 1e-10, "duration": 0.19408798217773438, "fun": "0.1833917194625787", "nit": "654", "nfev": "1089", "status": "0", "success": "True", "message": "Optimization terminated successfully.", "x": "[0.76006108 0.71981183 5.02504282 4.50370088 6.09251746 1.92118195]", "final_simplex": "(array([[0.76006108, 0.71981183, 5.02504282, 4.50370088, 6.09251746,\n        1.92118195],\n       [0.76006108, 0.71981183, 5.02504282, 4.50370088, 6.09251746,\n        1.92118195],\n       [0.76006108, 0.71981183, 5.02504282, 4.50370088, 6.09251746,\n        1.92118195],\n       [0.76006108, 0.71981183, 5.02504282, 4.50370088, 6.09251746,\n        1.92118195],\n       [0.76006108, 0.71981183, 5.02504282, 4.50370088, 6.09251746,\n        1.92118195],\n       [0.76006108, 0.71981183, 5.02504282, 4.50370088, 6.09251746,\n        1.92118195],\n       [0.76006108, 0.71981183, 5.02504282, 4.50370088, 6.09251746,\n        1.92118195]]), array([0.18339172, 0.18339172, 0.18339172, 0.18339172, 0.18339172,\n       0.18339172, 0.18339172]))", "callback": [0.53688534197545, 0.4249066707382312, 0.3621527388201019, 0.3095959333401237, 0.30687427646477006, 0.30559580056278524, 0.30387173417740776, 0.3013114304434005, 0.2961692319982471, 0.2961692319982471, 0.29579447241038936, 0.2949710806852165, 0.28834714409538875, 0.26013832548959726, 0.24205353448137112, 0.22841091694405824, 0.22701110838894722, 0.22332029660362618, 0.22280918954032303, 0.22207636384076324, 0.22119951559865103, 0.22074770057806614, 0.22064864136022178, 0.22058145668108153, 0.22046444476802507, 0.22037063690485215, 0.21994458766174607, 0.2190401574351113, 0.21645365163328, 0.21413848405435532, 0.2118441812074796, 0.20958283326423466, 0.20514386497137727, 0.19668113550297828, 0.1847408723177386, 0.18373514732116147, 0.1834967143316818, 0.18342913338001443, 0.18342913338001443, 0.18341125927888702, 0.18340937542570912, 0.18339848105441725, 0.18339322839751182, 0.18339259069530678, 0.18339188588644617, 0.18339179188166543, 0.18339174645137546, 0.1833917281781079, 0.18339172189191588, 0.18339172054512975, 0.18339171983333624, 0.1833917196510254, 0.1833917195765521, 0.18339171948922406, 0.18339171947074084, 0.18339171946520716, 0.18339171946307942, 0.1833917194627035, 0.18339171946260002, 0.18339171946258426, 0.1833917194625806, 0.18339171946257926, 0.18339171946257882, 0.1833917194625787, 0.1833917194625787, 0.1833917194625787]}}, "bfgs": {"type": "gradient", "0": {"maxiter": 100, "gtol": 1e-05, "xrtol": 1e-05, "eps": 1e-05, "duration": 0.03428506851196289, "fun": "0.18339171956263867", "jac": "[-4.94192465e-06  2.79887225e-08  4.03677092e-07  1.66221481e-06\n -3.38247208e-06  1.59734448e-06]", "hess_inv": "[[ 11.06333632   1.31449205   7.0883833   -1.98654892 -12.55589225\n    1.39138739]\n [  1.31449205  12.83498184  -8.18972233   0.57262532  -4.19524237\n   -6.75486611]\n [  7.0883833   -8.18972233  19.34468772  -7.72185017  -9.21504647\n    5.9178065 ]\n [ -1.98654892   0.57262532  -7.72185017   7.6392985    6.04533062\n   -0.6791361 ]\n [-12.55589225  -4.19524237  -9.21504647   6.04533062  20.87944717\n    0.58459851]\n [  1.39138739  -6.75486611   5.9178065   -0.6791361    0.58459851\n    5.76451033]]", "nfev": "189", "njev": "27", "status": "0", "success": "True", "message": "Optimization terminated successfully.", "x": "[0.76003097 0.71981087 5.02503377 4.50369335 6.09251995 1.92117641]", "nit": "26", "callback": [0.5164877136138049, 0.43262982067864963, 0.38849606755637545, 0.3597867617428042, 0.3247298211934766, 0.3136223259188651, 0.29329758549394735, 0.2586477748644017, 0.22280467435825602, 0.20688807007838828, 0.1977524193073037, 0.19662895286293813, 0.1947931261009581, 0.19182097451076086, 0.18831151519646627, 0.18668506994867284, 0.18457030446343758, 0.18407899803384864, 0.18397540801537915, 0.18390978641378242, 0.18378661224101378, 0.18357835237826137, 0.18339465778478292, 0.18339195503056627, 0.18339171989026892, 0.18339171956263867]}, "1": {"maxiter": 100, "gtol": 1e-05, "xrtol": 1e-05, "eps": 1e-10, "duration": 0.03462696075439453, "fun": "0.1833917196318252", "jac": "[-5.55111466e-06  3.33066880e-06  6.66133760e-06  6.66133760e-06\n -1.11022293e-06  3.33066880e-06]", "hess_inv": "[[ 10.8951736    1.60207209   6.64334866  -1.92430747 -12.49471135\n    1.18190682]\n [  1.60207209  12.77625591  -7.97533043   0.52123763  -4.56524761\n   -6.66615584]\n [  6.64334866  -7.97533043  18.87628984  -7.63184226  -8.68350708\n    5.72655882]\n [ -1.92430747   0.52123763  -7.63184226   7.61454177   5.95512168\n   -0.65164397]\n [-12.49471135  -4.56524761  -8.68350708   5.95512168  20.98081729\n    0.8076697 ]\n [  1.18190682  -6.66615584   5.72655882  -0.65164397   0.8076697\n    5.66308814]]", "nfev": "189", "njev": "27", "status": "0", "success": "True", "message": "Optimization terminated successfully.", "x": "[0.76005501 0.71976905 5.02510053 4.50369271 6.09252504 1.9212121 ]", "nit": "26", "callback": [0.5164877271787337, 0.4326289510923027, 0.38849681773922906, 0.3597873219853954, 0.3247302369423197, 0.31362223862886063, 0.29329752210353854, 0.2586490438210054, 0.22280775631135763, 0.2068874069932778, 0.1977536542412187, 0.19662924329488218, 0.1947924435937778, 0.1918196309078951, 0.1883124185515842, 0.18668406667026782, 0.18456844179712983, 0.18407885463780416, 0.1839756589154098, 0.18390987014952442, 0.18378644857305748, 0.18357786918962693, 0.18339460152314813, 0.18339195399439123, 0.18339171994497627, 0.1833917196318252]}, "2": {"maxiter": 100, "gtol": 1e-05, "xrtol": 1e-10, "eps": 1e-05, "duration": 0.035212039947509766, "fun": "0.18339171956263867", "jac": "[-4.94192465e-06  2.79887225e-08  4.03677092e-07  1.66221481e-06\n -3.38247208e-06  1.59734448e-06]", "hess_inv": "[[ 11.06333632   1.31449205   7.0883833   -1.98654892 -12.55589225\n    1.39138739]\n [  1.31449205  12.83498184  -8.18972233   0.57262532  -4.19524237\n   -6.75486611]\n [  7.0883833   -8.18972233  19.34468772  -7.72185017  -9.21504647\n    5.9178065 ]\n [ -1.98654892   0.57262532  -7.72185017   7.6392985    6.04533062\n   -0.6791361 ]\n [-12.55589225  -4.19524237  -9.21504647   6.04533062  20.87944717\n    0.58459851]\n [  1.39138739  -6.75486611   5.9178065   -0.6791361    0.58459851\n    5.76451033]]", "nfev": "189", "njev": "27", "status": "0", "success": "True", "message": "Optimization terminated successfully.", "x": "[0.76003097 0.71981087 5.02503377 4.50369335 6.09251995 1.92117641]", "nit": "26", "callback": [0.5164877136138049, 0.43262982067864963, 0.38849606755637545, 0.3597867617428042, 0.3247298211934766, 0.3136223259188651, 0.29329758549394735, 0.2586477748644017, 0.22280467435825602, 0.20688807007838828, 0.1977524193073037, 0.19662895286293813, 0.1947931261009581, 0.19182097451076086, 0.18831151519646627, 0.18668506994867284, 0.18457030446343758, 0.18407899803384864, 0.18397540801537915, 0.18390978641378242, 0.18378661224101378, 0.18357835237826137, 0.18339465778478292, 0.18339195503056627, 0.18339171989026892, 0.18339171956263867]}, "3": {"maxiter": 100, "gtol": 1e-05, "xrtol": 1e-10, "eps": 1e-10, "duration": 0.034947872161865234, "fun": "0.1833917196318252", "jac": "[-5.55111466e-06  3.33066880e-06  6.66133760e-06  6.66133760e-06\n -1.11022293e-06  3.33066880e-06]", "hess_inv": "[[ 10.8951736    1.60207209   6.64334866  -1.92430747 -12.49471135\n    1.18190682]\n [  1.60207209  12.77625591  -7.97533043   0.52123763  -4.56524761\n   -6.66615584]\n [  6.64334866  -7.97533043  18.87628984  -7.63184226  -8.68350708\n    5.72655882]\n [ -1.92430747   0.52123763  -7.63184226   7.61454177   5.95512168\n   -0.65164397]\n [-12.49471135  -4.56524761  -8.68350708   5.95512168  20.98081729\n    0.8076697 ]\n [  1.18190682  -6.66615584   5.72655882  -0.65164397   0.8076697\n    5.66308814]]", "nfev": "189", "njev": "27", "status": "0", "success": "True", "message": "Optimization terminated successfully.", "x": "[0.76005501 0.71976905 5.02510053 4.50369271 6.09252504 1.9212121 ]", "nit": "26", "callback": [0.5164877271787337, 0.4326289510923027, 0.38849681773922906, 0.3597873219853954, 0.3247302369423197, 0.31362223862886063, 0.29329752210353854, 0.2586490438210054, 0.22280775631135763, 0.2068874069932778, 0.1977536542412187, 0.19662924329488218, 0.1947924435937778, 0.1918196309078951, 0.1883124185515842, 0.18668406667026782, 0.18456844179712983, 0.18407885463780416, 0.1839756589154098, 0.18390987014952442, 0.18378644857305748, 0.18357786918962693, 0.18339460152314813, 0.18339195399439123, 0.18339171994497627, 0.1833917196318252]}, "4": {"maxiter": 100, "gtol": 1e-10, "xrtol": 1e-05, "eps": 1e-05, "duration": 0.0335390567779541, "fun": "0.18339171956263867", "jac": "[-4.94192465e-06  2.79887225e-08  4.03677092e-07  1.66221481e-06\n -3.38247208e-06  1.59734448e-06]", "hess_inv": "[[ 11.06333632   1.31449205   7.0883833   -1.98654892 -12.55589225\n    1.39138739]\n [  1.31449205  12.83498184  -8.18972233   0.57262532  -4.19524237\n   -6.75486611]\n [  7.0883833   -8.18972233  19.34468772  -7.72185017  -9.21504647\n    5.9178065 ]\n [ -1.98654892   0.57262532  -7.72185017   7.6392985    6.04533062\n   -0.6791361 ]\n [-12.55589225  -4.19524237  -9.21504647   6.04533062  20.87944717\n    0.58459851]\n [  1.39138739  -6.75486611   5.9178065   -0.6791361    0.58459851\n    5.76451033]]", "nfev": "189", "njev": "27", "status": "0", "success": "True", "message": "Optimization terminated successfully.", "x": "[0.76003097 0.71981087 5.02503377 4.50369335 6.09251995 1.92117641]", "nit": "26", "callback": [0.5164877136138049, 0.43262982067864963, 0.38849606755637545, 0.3597867617428042, 0.3247298211934766, 0.3136223259188651, 0.29329758549394735, 0.2586477748644017, 0.22280467435825602, 0.20688807007838828, 0.1977524193073037, 0.19662895286293813, 0.1947931261009581, 0.19182097451076086, 0.18831151519646627, 0.18668506994867284, 0.18457030446343758, 0.18407899803384864, 0.18397540801537915, 0.18390978641378242, 0.18378661224101378, 0.18357835237826137, 0.18339465778478292, 0.18339195503056627, 0.18339171989026892, 0.18339171956263867]}, "5": {"maxiter": 100, "gtol": 1e-10, "xrtol": 1e-05, "eps": 1e-10, "duration": 0.035295963287353516, "fun": "0.18339171950989963", "jac": "[ 3.33066880e-06 -1.11022293e-06  1.11022293e-06 -1.11022293e-06\n  0.00000000e+00  2.22044587e-06]", "hess_inv": "[[ 11.08931733   1.24415023   6.8020269   -2.13471088 -12.42018902\n    1.39081078]\n [  1.24415023  10.25790448  -5.01803939   0.70157032  -3.42857293\n   -4.93113382]\n [  6.8020269   -5.01803939  15.68292293  -7.59156741  -9.92537054\n    3.72937112]\n [ -2.13471088   0.70157032  -7.59156741   7.82901076   5.95756563\n   -0.73957892]\n [-12.42018902  -3.42857293  -9.92537054   5.95756563  20.49868373\n    0.03794222]\n [  1.39081078  -4.93113382   3.72937112  -0.73957892   0.03794222\n    4.47353891]]", "nfev": "196", "njev": "28", "status": "0", "success": "True", "message": "Optimization terminated successfully.", "x": "[0.76006291 0.71978316 5.02507767 4.50368602 6.09251657 1.92120147]", "nit": "27", "callback": [0.5164877271787337, 0.4326289510923027, 0.38849681773922906, 0.3597873219853954, 0.3247302369423197, 0.31362223862886063, 0.29329752210353854, 0.2586490438210054, 0.22280775631135763, 0.2068874069932778, 0.1977536542412187, 0.19662924329488218, 0.1947924435937778, 0.1918196309078951, 0.1883124185515842, 0.18668406667026782, 0.18456844179712983, 0.18407885463780416, 0.1839756589154098, 0.18390987014952442, 0.18378644857305748, 0.18357786918962693, 0.18339460152314813, 0.18339195399439123, 0.18339171994497627, 0.1833917196318252, 0.18339171950989963]}, "6": {"maxiter": 100, "gtol": 1e-10, "xrtol": 1e-10, "eps": 1e-05, "duration": 0.05605316162109375, "fun": "0.18339171948973643", "jac": "[-1.91624494e-08  1.20503607e-07 -8.91620111e-08 -7.83928478e-08\n -5.56221735e-09  2.96274116e-07]", "hess_inv": "[[ 11.4051145    0.993402     6.92214237  -1.99766803 -12.21920278\n    0.92682526]\n [  0.993402    12.43358698  -8.35052473   0.50999007  -4.0135832\n   -6.78809362]\n [  6.92214237  -8.35052473  19.35101397  -7.76421115  -9.2052164\n    5.86647443]\n [ -1.99766803   0.50999007  -7.76421115   7.61103106   6.08513458\n   -0.74248472]\n [-12.21920278  -4.0135832   -9.2052164    6.08513458  20.89035134\n    0.48664618]\n [  0.92682526  -6.78809362   5.86647443  -0.74248472   0.48664618\n    6.06572897]]", "nfev": "312", "njev": "43", "status": "2", "success": "False", "message": "Desired error not necessarily achieved due to precision loss.", "x": "[0.76004523 0.71981631 5.02503144 4.50369556 6.09252349 1.9211731 ]", "nit": "28", "callback": [0.5164877136138049, 0.43262982067864963, 0.38849606755637545, 0.3597867617428042, 0.3247298211934766, 0.3136223259188651, 0.29329758549394735, 0.2586477748644017, 0.22280467435825602, 0.20688807007838828, 0.1977524193073037, 0.19662895286293813, 0.1947931261009581, 0.19182097451076086, 0.18831151519646627, 0.18668506994867284, 0.18457030446343758, 0.18407899803384864, 0.18397540801537915, 0.18390978641378242, 0.18378661224101378, 0.18357835237826137, 0.18339465778478292, 0.18339195503056627, 0.18339171989026892, 0.18339171956263867, 0.18339171949860322, 0.18339171948973643]}, "7": {"maxiter": 100, "gtol": 1e-10, "xrtol": 1e-10, "eps": 1e-10, "duration": 0.10584712028503418, "fun": "0.18339171947809252", "jac": "[2.22044587e-06 0.00000000e+00 2.22044587e-06 3.33066880e-06\n 2.22044587e-06 2.22044587e-06]", "hess_inv": "[[ 3.37078057  0.44094302  1.24879989 -2.96355141 -2.31965153  0.55162075]\n [ 0.44094302  0.73182875  0.26198343 -0.7338076  -0.31121692 -0.2934225 ]\n [ 1.24879989  0.26198343  2.2396392  -1.15487641 -3.1075096  -0.0093006 ]\n [-2.96355141 -0.7338076  -1.15487641  3.35227843  1.74819192 -0.48212435]\n [-2.31965153 -0.31121692 -3.1075096   1.74819192  4.66696718 -0.12814924]\n [ 0.55162075 -0.2934225  -0.0093006  -0.48212435 -0.12814924  0.55062355]]", "nfev": "593", "njev": "83", "status": "2", "success": "False", "message": "Desired error not necessarily achieved due to precision loss.", "x": "[0.7600529  0.71979923 5.02505208 4.50369266 6.09252213 1.9211858 ]", "nit": "34", "callback": [0.5164877271787337, 0.4326289510923027, 0.38849681773922906, 0.3597873219853954, 0.3247302369423197, 0.31362223862886063, 0.29329752210353854, 0.2586490438210054, 0.22280775631135763, 0.2068874069932778, 0.1977536542412187, 0.19662924329488218, 0.1947924435937778, 0.1918196309078951, 0.1883124185515842, 0.18668406667026782, 0.18456844179712983, 0.18407885463780416, 0.1839756589154098, 0.18390987014952442, 0.18378644857305748, 0.18357786918962693, 0.18339460152314813, 0.18339195399439123, 0.18339171994497627, 0.1833917196318252, 0.18339171950989963, 0.18339171949380284, 0.18339171949361321, 0.18339171949337474, 0.1833917194858753, 0.1833917194828404, 0.18339171948245236, 0.18339171947809252]}, "8": {"maxiter": 500, "gtol": 1e-05, "xrtol": 1e-05, "eps": 1e-05, "duration": 0.034011125564575195, "fun": "0.18339171956263867", "jac": "[-4.94192465e-06  2.79887225e-08  4.03677092e-07  1.66221481e-06\n -3.38247208e-06  1.59734448e-06]", "hess_inv": "[[ 11.06333632   1.31449205   7.0883833   -1.98654892 -12.55589225\n    1.39138739]\n [  1.31449205  12.83498184  -8.18972233   0.57262532  -4.19524237\n   -6.75486611]\n [  7.0883833   -8.18972233  19.34468772  -7.72185017  -9.21504647\n    5.9178065 ]\n [ -1.98654892   0.57262532  -7.72185017   7.6392985    6.04533062\n   -0.6791361 ]\n [-12.55589225  -4.19524237  -9.21504647   6.04533062  20.87944717\n    0.58459851]\n [  1.39138739  -6.75486611   5.9178065   -0.6791361    0.58459851\n    5.76451033]]", "nfev": "189", "njev": "27", "status": "0", "success": "True", "message": "Optimization terminated successfully.", "x": "[0.76003097 0.71981087 5.02503377 4.50369335 6.09251995 1.92117641]", "nit": "26", "callback": [0.5164877136138049, 0.43262982067864963, 0.38849606755637545, 0.3597867617428042, 0.3247298211934766, 0.3136223259188651, 0.29329758549394735, 0.2586477748644017, 0.22280467435825602, 0.20688807007838828, 0.1977524193073037, 0.19662895286293813, 0.1947931261009581, 0.19182097451076086, 0.18831151519646627, 0.18668506994867284, 0.18457030446343758, 0.18407899803384864, 0.18397540801537915, 0.18390978641378242, 0.18378661224101378, 0.18357835237826137, 0.18339465778478292, 0.18339195503056627, 0.18339171989026892, 0.18339171956263867]}, "9": {"maxiter": 500, "gtol": 1e-05, "xrtol": 1e-05, "eps": 1e-10, "duration": 0.03476214408874512, "fun": "0.1833917196318252", "jac": "[-5.55111466e-06  3.33066880e-06  6.66133760e-06  6.66133760e-06\n -1.11022293e-06  3.33066880e-06]", "hess_inv": "[[ 10.8951736    1.60207209   6.64334866  -1.92430747 -12.49471135\n    1.18190682]\n [  1.60207209  12.77625591  -7.97533043   0.52123763  -4.56524761\n   -6.66615584]\n [  6.64334866  -7.97533043  18.87628984  -7.63184226  -8.68350708\n    5.72655882]\n [ -1.92430747   0.52123763  -7.63184226   7.61454177   5.95512168\n   -0.65164397]\n [-12.49471135  -4.56524761  -8.68350708   5.95512168  20.98081729\n    0.8076697 ]\n [  1.18190682  -6.66615584   5.72655882  -0.65164397   0.8076697\n    5.66308814]]", "nfev": "189", "njev": "27", "status": "0", "success": "True", "message": "Optimization terminated successfully.", "x": "[0.76005501 0.71976905 5.02510053 4.50369271 6.09252504 1.9212121 ]", "nit": "26", "callback": [0.5164877271787337, 0.4326289510923027, 0.38849681773922906, 0.3597873219853954, 0.3247302369423197, 0.31362223862886063, 0.29329752210353854, 0.2586490438210054, 0.22280775631135763, 0.2068874069932778, 0.1977536542412187, 0.19662924329488218, 0.1947924435937778, 0.1918196309078951, 0.1883124185515842, 0.18668406667026782, 0.18456844179712983, 0.18407885463780416, 0.1839756589154098, 0.18390987014952442, 0.18378644857305748, 0.18357786918962693, 0.18339460152314813, 0.18339195399439123, 0.18339171994497627, 0.1833917196318252]}, "10": {"maxiter": 500, "gtol": 1e-05, "xrtol": 1e-10, "eps": 1e-05, "duration": 0.033865928649902344, "fun": "0.18339171956263867", "jac": "[-4.94192465e-06  2.79887225e-08  4.03677092e-07  1.66221481e-06\n -3.38247208e-06  1.59734448e-06]", "hess_inv": "[[ 11.06333632   1.31449205   7.0883833   -1.98654892 -12.55589225\n    1.39138739]\n [  1.31449205  12.83498184  -8.18972233   0.57262532  -4.19524237\n   -6.75486611]\n [  7.0883833   -8.1