{"date": "2024/10/29/, 03:40:55", "conf_id": 231, "data_type": "non_lin_ind\n", "num_data_points": 4, "s_rank": 0, "unitary": "[[-0.56303964-0.00798273j,-0.21670212-0.15784972j,-0.06047197-0.73952673j,-0.01438004+0.24552571j],[-0.06976756+0.23474685j,-0.01275565-0.5435098j,-0.02703657-0.08917885j,-0.08210486-0.79311774j],[-0.38559961+0.10714929j,0.5933431-0.2687392j,-0.24060861+0.29149289j,-0.45147719+0.26241743j],[-0.50180421+0.45931857j,-0.11617175+0.44134496j,0.49642745+0.22684508j,-0.08544628-0.15407063j]]", "databatch_0": {"databatch": "[[[0.09607932-0.01861148j,-0.27935227+0.08600429j,-0.16922421-0.23962309j,0.11509681+0.03687758j],[-0.04427074+0.09506005j,0.14722708-0.27081012j,0.24363308+0.00947197j,-0.07612142+0.04161632j],[0.08233428-0.00080718j,-0.35177194+0.03878836j,-0.20467348-0.32837885j,0.08720701+0.02338602j],[-0.12674318+0.02882024j,0.42709569-0.01562915j,0.12027719+0.33500516j,-0.10856198-0.0583741j]],[[-0.26267141-0.24674234j,0.10223414-0.02729408j,-0.27789115+0.10006326j,0.3014126+0.12040915j],[0.07714717+0.06735221j,0.01092002-0.04866703j,-0.17600509-0.11260315j,0.22842252-0.02355925j],[0.38091216+0.27816954j,-0.00334163-0.13712294j,-0.27992136-0.25578325j,0.21819216-0.16130383j],[0.05469053-0.09967077j,-0.01070444-0.03159168j,-0.20458583-0.03880905j,0.19694626+0.04577044j]],[[-0.16821916-0.14434089j,-0.37701208-0.45421822j,-0.31030651-0.44223918j,0.15543957+0.1063024j],[0.00544704-0.02274942j,0.03155829-0.12943746j,-0.05340585-0.18810589j,0.00681325-0.02831193j],[-0.02388892+0.16943857j,0.06151103+0.17624745j,-0.06094448+0.09477507j,-0.01432711-0.14522859j],[0.07922936-0.04103903j,0.12564294-0.19486296j,0.06163787-0.25327123j,-0.01507991+0.00249972j]],[[0.23014438-0.04538928j,0.00947021+0.27639267j,0.01532915-0.10811424j,0.05281229+0.07634843j],[-0.0227374+0.10599235j,0.20392995-0.17070747j,-0.25189326+0.09125577j,0.02050897+0.13671967j],[0.38285602+0.25644527j,-0.01071053-0.0363185j,-0.24497522+0.26487632j,-0.27794881-0.02777238j],[-0.03653742-0.1481612j,0.36308002-0.01638322j,-0.18875838-0.0187231j,-0.02155957+0.30888615j]]]", "initial param values": "[3.72299766,3.90701198,1.78368661,0.28461202,1.15767073,0.21376244]", "nelder_mead": {"type": "gradient-free", "0": {"maxiter": 100, "fatol": 1e-05, "xatol": 1e-05, "duration": 0.11990594863891602, "fun": "0.5505024158680925", "nit": "100", "nfev": "149", "status": "2", "success": "False", "message": "Maximum number of iterations has been exceeded.", "x": "[-1.53083957  0.45421065  1.78880753  0.3995134   3.2367453   0.41968639]", "final_simplex": "(array([[-1.53083957,  0.45421065,  1.78880753,  0.3995134 ,  3.2367453 ,\n         0.41968639],\n       [-1.60933457,  0.41589547,  1.7706946 ,  0.40294362,  3.2592703 ,\n         0.4220964 ],\n       [-1.57896066,  0.4231088 ,  1.80842747,  0.40003442,  3.25486637,\n         0.42150157],\n       [-1.5433576 ,  0.41046753,  1.85170272,  0.39400736,  3.28125587,\n         0.4199548 ],\n       [-1.5630377 ,  0.44318246,  1.85195514,  0.39564771,  3.27037121,\n         0.42073596],\n       [-1.56744419,  0.40533994,  1.78173997,  0.40267052,  3.25137776,\n         0.42065393],\n       [-1.5285473 ,  0.34071155,  1.80310622,  0.39584656,  3.27729024,\n         0.42335095]]), array([0.55050242, 0.55064098, 0.5506949 , 0.55074945, 0.55076254,\n       0.5507821 , 0.55080293]))", "callback": [0.8599209085730617, 0.8451178581930128, 0.8281456015085682, 0.7930296079780985, 0.6993283793713854, 0.6414627547937141, 0.5899811828019352, 0.5604895767330664, 0.5527801317372194, 0.5507821020446252]}, "1": {"maxiter": 100, "fatol": 1e-05, "xatol": 1e-10, "duration": 0.11732935905456543, "fun": "0.5505024158680925", "nit": "100", "nfev": "149", "status": "2", "success": "False", "message": "Maximum number of iterations has been exceeded.", "x": "[-1.53083957  0.45421065  1.78880753  0.3995134   3.2367453   0.41968639]", "final_simplex": "(array([[-1.53083957,  0.45421065,  1.78880753,  0.3995134 ,  3.2367453 ,\n         0.41968639],\n       [-1.60933457,  0.41589547,  1.7706946 ,  0.40294362,  3.2592703 ,\n         0.4220964 ],\n       [-1.57896066,  0.4231088 ,  1.80842747,  0.40003442,  3.25486637,\n         0.42150157],\n       [-1.5433576 ,  0.41046753,  1.85170272,  0.39400736,  3.28125587,\n         0.4199548 ],\n       [-1.5630377 ,  0.44318246,  1.85195514,  0.39564771,  3.27037121,\n         0.42073596],\n       [-1.56744419,  0.40533994,  1.78173997,  0.40267052,  3.25137776,\n         0.42065393],\n       [-1.5285473 ,  0.34071155,  1.80310622,  0.39584656,  3.27729024,\n         0.42335095]]), array([0.55050242, 0.55064098, 0.5506949 , 0.55074945, 0.55076254,\n       0.5507821 , 0.55080293]))", "callback": [0.8599209085730617, 0.8451178581930128, 0.8281456015085682, 0.7930296079780985, 0.6993283793713854, 0.6414627547937141, 0.5899811828019352, 0.5604895767330664, 0.5527801317372194, 0.5507821020446252]}, "2": {"maxiter": 100, "fatol": 1e-10, "xatol": 1e-05, "duration": 0.11638975143432617, "fun": "0.5505024158680925", "nit": "100", "nfev": "149", "status": "2", "success": "False", "message": "Maximum number of iterations has been exceeded.", "x": "[-1.53083957  0.45421065  1.78880753  0.3995134   3.2367453   0.41968639]", "final_simplex": "(array([[-1.53083957,  0.45421065,  1.78880753,  0.3995134 ,  3.2367453 ,\n         0.41968639],\n       [-1.60933457,  0.41589547,  1.7706946 ,  0.40294362,  3.2592703 ,\n         0.4220964 ],\n       [-1.57896066,  0.4231088 ,  1.80842747,  0.40003442,  3.25486637,\n         0.42150157],\n       [-1.5433576 ,  0.41046753,  1.85170272,  0.39400736,  3.28125587,\n         0.4199548 ],\n       [-1.5630377 ,  0.44318246,  1.85195514,  0.39564771,  3.27037121,\n         0.42073596],\n       [-1.56744419,  0.40533994,  1.78173997,  0.40267052,  3.25137776,\n         0.42065393],\n       [-1.5285473 ,  0.34071155,  1.80310622,  0.39584656,  3.27729024,\n         0.42335095]]), array([0.55050242, 0.55064098, 0.5506949 , 0.55074945, 0.55076254,\n       0.5507821 , 0.55080293]))", "callback": [0.8599209085730617, 0.8451178581930128, 0.8281456015085682, 0.7930296079780985, 0.6993283793713854, 0.6414627547937141, 0.5899811828019352, 0.5604895767330664, 0.5527801317372194, 0.5507821020446252]}, "3": {"maxiter": 100, "fatol": 1e-10, "xatol": 1e-10, "duration": 0.11621618270874023, "fun": "0.5505024158680925", "nit": "100", "nfev": "149", "status": "2", "success": "False", "message": "Maximum number of iterations has been exceeded.", "x": "[-1.53083957  0.45421065  1.78880753  0.3995134   3.2367453   0.41968639]", "final_simplex": "(array([[-1.53083957,  0.45421065,  1.78880753,  0.3995134 ,  3.2367453 ,\n         0.41968639],\n       [-1.60933457,  0.41589547,  1.7706946 ,  0.40294362,  3.2592703 ,\n         0.4220964 ],\n       [-1.57896066,  0.4231088 ,  1.80842747,  0.40003442,  3.25486637,\n         0.42150157],\n       [-1.5433576 ,  0.41046753,  1.85170272,  0.39400736,  3.28125587,\n         0.4199548 ],\n       [-1.5630377 ,  0.44318246,  1.85195514,  0.39564771,  3.27037121,\n         0.42073596],\n       [-1.56744419,  0.40533994,  1.78173997,  0.40267052,  3.25137776,\n         0.42065393],\n       [-1.5285473 ,  0.34071155,  1.80310622,  0.39584656,  3.27729024,\n         0.42335095]]), array([0.55050242, 0.55064098, 0.5506949 , 0.55074945, 0.55076254,\n       0.5507821 , 0.55080293]))", "callback": [0.8599209085730617, 0.8451178581930128, 0.8281456015085682, 0.7930296079780985, 0.6993283793713854, 0.6414627547937141, 0.5899811828019352, 0.5604895767330664, 0.5527801317372194, 0.5507821020446252]}, "4": {"maxiter": 500, "fatol": 1e-05, "xatol": 1e-05, "duration": 0.7098135948181152, "fun": "0.47537412785849786", "nit": "500", "nfev": "755", "status": "2", "success": "False", "message": "Maximum number of iterations has been exceeded.", "x": "[-2.03272839  0.67527097  1.62406467  0.98319849  2.40203524  1.63512227]", "final_simplex": "(array([[-2.03272839,  0.67527097,  1.62406467,  0.98319849,  2.40203524,\n         1.63512227],\n       [-2.03218244,  0.65891477,  1.62584333,  0.99338811,  2.39469412,\n         1.67485501],\n       [-2.02978673,  0.67447745,  1.63676405,  0.99136533,  2.40674865,\n         1.66068623],\n       [-2.0293681 ,  0.66120551,  1.60589697,  0.97870737,  2.40255246,\n         1.66123346],\n       [-2.03451864,  0.69548251,  1.59492945,  1.00471189,  2.40380172,\n         1.65553472],\n       [-2.00437485,  0.64721361,  1.58143455,  0.9625237 ,  2.43654173,\n         1.65512547],\n       [-2.02768188,  0.64440777,  1.58206221,  0.98661767,  2.40125449,\n         1.68415683]]), array([0.47537413, 0.47541176, 0.47558317, 0.47562303, 0.47565877,\n       0.4756674 , 0.47567349]))", "callback": [0.8599209085730617, 0.8451178581930128, 0.8281456015085682, 0.7930296079780985, 0.6993283793713854, 0.6414627547937141, 0.5899811828019352, 0.5604895767330664, 0.5527801317372194, 0.5507821020446252, 0.5504069469454613, 0.5497689521152198, 0.5478801343415327, 0.5451289638896202, 0.5434160451518651, 0.5432204188042657, 0.542912322604675, 0.5428512168274005, 0.5426536043435779, 0.5421982565688845, 0.5398909048255676, 0.5359497732917895, 0.5332062466419655, 0.5318833620693371, 0.530678411094861, 0.5301145927493727, 0.5298962887400993, 0.5298784929794591, 0.5298709662743764, 0.5298690276902651, 0.529867864728891, 0.5298652937490032, 0.529854293658707, 0.529832498965806, 0.5297053841868714, 0.5288131647662541, 0.5250295040390742, 0.5201810984711897, 0.5130652280754114, 0.5011243383266746, 0.5001159401124965, 0.4968822903494946, 0.4883542151073479, 0.479860274074126, 0.4793182559670589, 0.4782315315620249, 0.47666918535417935, 0.47617906167657575, 0.47587543674485977, 0.47558317137308237]}, "5": {"maxiter": 500, "fatol": 1e-05, "xatol": 1e-10, "duration": 0.6532526016235352, "fun": "0.47537412785849786", "nit": "500", "nfev": "755", "status": "2", "success": "False", "message": "Maximum number of iterations has been exceeded.", "x": "[-2.03272839  0.67527097  1.62406467  0.98319849  2.40203524  1.63512227]", "final_simplex": "(array([[-2.03272839,  0.67527097,  1.62406467,  0.98319849,  2.40203524,\n         1.63512227],\n       [-2.03218244,  0.65891477,  1.62584333,  0.99338811,  2.39469412,\n         1.67485501],\n       [-2.02978673,  0.67447745,  1.63676405,  0.99136533,  2.40674865,\n         1.66068623],\n       [-2.0293681 ,  0.66120551,  1.60589697,  0.97870737,  2.40255246,\n         1.66123346],\n       [-2.03451864,  0.69548251,  1.59492945,  1.00471189,  2.40380172,\n         1.65553472],\n       [-2.00437485,  0.64721361,  1.58143455,  0.9625237 ,  2.43654173,\n         1.65512547],\n       [-2.02768188,  0.64440777,  1.58206221,  0.98661767,  2.40125449,\n         1.68415683]]), array([0.47537413, 0.47541176, 0.47558317, 0.47562303, 0.47565877,\n       0.4756674 , 0.47567349]))", "callback": [0.8599209085730617, 0.8451178581930128, 0.8281456015085682, 0.7930296079780985, 0.6993283793713854, 0.6414627547937141, 0.5899811828019352, 0.5604895767330664, 0.5527801317372194, 0.5507821020446252, 0.5504069469454613, 0.5497689521152198, 0.5478801343415327, 0.5451289638896202, 0.5434160451518651, 0.5432204188042657, 0.542912322604675, 0.5428512168274005, 0.5426536043435779, 0.5421982565688845, 0.5398909048255676, 0.5359497732917895, 0.5332062466419655, 0.5318833620693371, 0.530678411094861, 0.5301145927493727, 0.5298962887400993, 0.5298784929794591, 0.5298709662743764, 0.5298690276902651, 0.529867864728891, 0.5298652937490032, 0.529854293658707, 0.529832498965806, 0.5297053841868714, 0.5288131647662541, 0.5250295040390742, 0.5201810984711897, 0.5130652280754114, 0.5011243383266746, 0.5001159401124965, 0.4968822903494946, 0.4883542151073479, 0.479860274074126, 0.4793182559670589, 0.4782315315620249, 0.47666918535417935, 0.47617906167657575, 0.47587543674485977, 0.47558317137308237]}, "6": {"maxiter": 500, "fatol": 1e-10, "xatol": 1e-05, "duration": 0.7261226177215576, "fun": "0.47537412785849786", "nit": "500", "nfev": "755", "status": "2", "success": "False", "message": "Maximum number of iterations has been exceeded.", "x": "[-2.03272839  0.67527097  1.62406467  0.98319849  2.40203524  1.63512227]", "final_simplex": "(array([[-2.03272839,  0.67527097,  1.62406467,  0.98319849,  2.40203524,\n         1.63512227],\n       [-2.03218244,  0.65891477,  1.62584333,  0.99338811,  2.39469412,\n         1.67485501],\n       [-2.02978673,  0.67447745,  1.63676405,  0.99136533,  2.40674865,\n         1.66068623],\n       [-2.0293681 ,  0.66120551,  1.60589697,  0.97870737,  2.40255246,\n         1.66123346],\n       [-2.03451864,  0.69548251,  1.59492945,  1.00471189,  2.40380172,\n         1.65553472],\n       [-2.00437485,  0.64721361,  1.58143455,  0.9625237 ,  2.43654173,\n         1.65512547],\n       [-2.02768188,  0.64440777,  1.58206221,  0.98661767,  2.40125449,\n         1.68415683]]), array([0.47537413, 0.47541176, 0.47558317, 0.47562303, 0.47565877,\n       0.4756674 , 0.47567349]))", "callback": [0.8599209085730617, 0.8451178581930128, 0.8281456015085682, 0.7930296079780985, 0.6993283793713854, 0.6414627547937141, 0.5899811828019352, 0.5604895767330664, 0.5527801317372194, 0.5507821020446252, 0.5504069469454613, 0.5497689521152198, 0.5478801343415327, 0.5451289638896202, 0.5434160451518651, 0.5432204188042657, 0.542912322604675, 0.5428512168274005, 0.5426536043435779, 0.5421982565688845, 0.5398909048255676, 0.5359497732917895, 0.5332062466419655, 0.5318833620693371, 0.530678411094861, 0.5301145927493727, 0.5298962887400993, 0.5298784929794591, 0.5298709662743764, 0.5298690276902651, 0.529867864728891, 0.5298652937490032, 0.529854293658707, 0.529832498965806, 0.5297053841868714, 0.5288131647662541, 0.5250295040390742, 0.5201810984711897, 0.5130652280754114, 0.5011243383266746, 0.5001159401124965, 0.4968822903494946, 0.4883542151073479, 0.479860274074126, 0.4793182559670589, 0.4782315315620249, 0.47666918535417935, 0.47617906167657575, 0.47587543674485977, 0.47558317137308237]}, "7": {"maxiter": 500, "fatol": 1e-10, "xatol": 1e-10, "duration": 0.6706326007843018, "fun": "0.47537412785849786", "nit": "500", "nfev": "755", "status": "2", "success": "False", "message": "Maximum number of iterations has been exceeded.", "x": "[-2.03272839  0.67527097  1.62406467  0.98319849  2.40203524  1.63512227]", "final_simplex": "(array([[-2.03272839,  0.67527097,  1.62406467,  0.98319849,  2.40203524,\n         1.63512227],\n       [-2.03218244,  0.65891477,  1.62584333,  0.99338811,  2.39469412,\n         1.67485501],\n       [-2.02978673,  0.67447745,  1.63676405,  0.99136533,  2.40674865,\n         1.66068623],\n       [-2.0293681 ,  0.66120551,  1.60589697,  0.97870737,  2.40255246,\n         1.66123346],\n       [-2.03451864,  0.69548251,  1.59492945,  1.00471189,  2.40380172,\n         1.65553472],\n       [-2.00437485,  0.64721361,  1.58143455,  0.9625237 ,  2.43654173,\n         1.65512547],\n       [-2.02768188,  0.64440777,  1.58206221,  0.98661767,  2.40125449,\n         1.68415683]]), array([0.47537413, 0.47541176, 0.47558317, 0.47562303, 0.47565877,\n       0.4756674 , 0.47567349]))", "callback": [0.8599209085730617, 0.8451178581930128, 0.8281456015085682, 0.7930296079780985, 0.6993283793713854, 0.6414627547937141, 0.5899811828019352, 0.5604895767330664, 0.5527801317372194, 0.5507821020446252, 0.5504069469454613, 0.5497689521152198, 0.5478801343415327, 0.5451289638896202, 0.5434160451518651, 0.5432204188042657, 0.542912322604675, 0.5428512168274005, 0.5426536043435779, 0.5421982565688845, 0.5398909048255676, 0.5359497732917895, 0.5332062466419655, 0.5318833620693371, 0.530678411094861, 0.5301145927493727, 0.5298962887400993, 0.5298784929794591, 0.5298709662743764, 0.5298690276902651, 0.529867864728891, 0.5298652937490032, 0.529854293658707, 0.529832498965806, 0.5297053841868714, 0.5288131647662541, 0.5250295040390742, 0.5201810984711897, 0.5130652280754114, 0.5011243383266746, 0.5001159401124965, 0.4968822903494946, 0.4883542151073479, 0.479860274074126, 0.4793182559670589, 0.4782315315620249, 0.47666918535417935, 0.47617906167657575, 0.47587543674485977, 0.47558317137308237]}, "8": {"maxiter": 1000, "fatol": 1e-05, "xatol": 1e-05, "duration": 0.9476733207702637, "fun": "0.46509517605032724", "nit": "754", "nfev": "1158", "status": "0", "success": "True", "message": "Optimization terminated successfully.", "x": "[-1.76377302  0.63506951  1.76566747  1.03307742  2.11267111  1.74025777]", "final_simplex": "(array([[-1.76377302,  0.63506951,  1.76566747,  1.03307742,  2.11267111,\n         1.74025777],\n       [-1.76376953,  0.63506188,  1.76566983,  1.03307341,  2.1126696 ,\n         1.74025978],\n       [-1.76377149,  0.63506966,  1.76566379,  1.0330784 ,  2.11267292,\n         1.74025595],\n       [-1.76377327,  0.63506423,  1.76566855,  1.03307474,  2.11266947,\n         1.74025692],\n       [-1.76376751,  0.63506881,  1.76567076,  1.03307619,  2.11266429,\n         1.74025823],\n       [-1.76377044,  0.63506415,  1.76566754,  1.03307588,  2.11266409,\n         1.74026196],\n       [-1.76377426,  0.63506762,  1.76566883,  1.03308083,  2.11266965,\n         1.74025845]]), array([0.46509518, 0.46509518, 0.46509518, 0.46509518, 0.46509518,\n       0.46509518, 0.46509518]))", "callback": [0.8599209085730617, 0.8451178581930128, 0.8281456015085682, 0.7930296079780985, 0.6993283793713854, 0.6414627547937141, 0.5899811828019352, 0.5604895767330664, 0.5527801317372194, 0.5507821020446252, 0.5504069469454613, 0.5497689521152198, 0.5478801343415327, 0.5451289638896202, 0.5434160451518651, 0.5432204188042657, 0.542912322604675, 0.5428512168274005, 0.5426536043435779, 0.5421982565688845, 0.5398909048255676, 0.5359497732917895, 0.5332062466419655, 0.5318833620693371, 0.530678411094861, 0.5301145927493727, 0.5298962887400993, 0.5298784929794591, 0.5298709662743764, 0.5298690276902651, 0.529867864728891, 0.5298652937490032, 0.529854293658707, 0.529832498965806, 0.5297053841868714, 0.5288131647662541, 0.5250295040390742, 0.5201810984711897, 0.5130652280754114, 0.5011243383266746, 0.5001159401124965, 0.4968822903494946, 0.4883542151073479, 0.479860274074126, 0.4793182559670589, 0.4782315315620249, 0.47666918535417935, 0.47617906167657575, 0.47587543674485977, 0.47558317137308237, 0.47537412785849786, 0.4748575702128617, 0.4735457049951437, 0.47214341452072506, 0.47177728222536597, 0.4716149632080314, 0.4711101441893203, 0.46978988052378345, 0.4686594278720625, 0.46650603465088825, 0.46548725982622297, 0.465168221460347, 0.4651389877167228, 0.465103992269261, 0.4650972723156326, 0.46509592306417114, 0.46509549122524374, 0.46509525863279066, 0.4650951864377112, 0.46509518172468856, 0.4650951778528619, 0.46509517636537034, 0.4650951761646308, 0.46509517606531603, 0.4650951760597746, 0.4650951760511082]}, "9": {"maxiter": 1000, "fatol": 1e-05, "xatol": 1e-10, "duration": 1.33951735496521, "fun": "0.4650951760482511", "nit": "864", "nfev": "1397", "status": "0", "success": "True", "message": "Optimization terminated successfully.", "x": "[-1.76376944  0.63506634  1.76566768  1.03307342  2.11267066  1.7402597 ]", "final_simplex": "(array([[-1.76376944,  0.63506634,  1.76566768,  1.03307342,  2.11267066,\n         1.7402597 ],\n       [-1.76376944,  0.63506634,  1.76566768,  1.03307342,  2.11267066,\n         1.7402597 ],\n       [-1.76376944,  0.63506634,  1.76566768,  1.03307342,  2.11267066,\n         1.7402597 ],\n       [-1.76376944,  0.63506634,  1.76566768,  1.03307342,  2.11267066,\n         1.7402597 ],\n       [-1.76376944,  0.63506634,  1.76566768,  1.03307342,  2.11267066,\n         1.7402597 ],\n       [-1.76376944,  0.63506634,  1.76566768,  1.03307342,  2.11267066,\n         1.7402597 ],\n       [-1.76376944,  0.63506634,  1.76566768,  1.03307342,  2.11267066,\n         1.7402597 ]]), array([0.46509518, 0.46509518, 0.46509518, 0.46509518, 0.46509518,\n       0.46509518, 0.46509518]))", "callback": [0.8599209085730617, 0.8451178581930128, 0.8281456015085682, 0.7930296079780985, 0.6993283793713854, 0.6414627547937141, 0.5899811828019352, 0.5604895767330664, 0.5527801317372194, 0.5507821020446252, 0.5504069469454613, 0.5497689521152198, 0.5478801343415327, 0.5451289638896202, 0.5434160451518651, 0.5432204188042657, 0.542912322604675, 0.5428512168274005, 0.5426536043435779, 0.5421982565688845, 0.5398909048255676, 0.5359497732917895, 0.5332062466419655, 0.5318833620693371, 0.530678411094861, 0.5301145927493727, 0.5298962887400993, 0.5298784929794591, 0.5298709662743764, 0.5298690276902651, 0.529867864728891, 0.5298652937490032, 0.529854293658707, 0.529832498965806, 0.5297053841868714, 0.5288131647662541, 0.5250295040390742, 0.5201810984711897, 0.5130652280754114, 0.5011243383266746, 0.5001159401124965, 0.4968822903494946, 0.4883542151073479, 0.479860274074126, 0.4793182559670589, 0.4782315315620249, 0.47666918535417935, 0.47617906167657575, 0.47587543674485977, 0.47558317137308237, 0.47537412785849786, 0.4748575702128617, 0.4735457049951437, 0.47214341452072506, 0.47177728222536597, 0.4716149632080314, 0.4711101441893203, 0.46978988052378345, 0.4686594278720625, 0.46650603465088825, 0.46548725982622297, 0.465168221460347, 0.4651389877167228, 0.465103992269261, 0.4650972723156326, 0.46509592306417114, 0.46509549122524374, 0.46509525863279066, 0.4650951864377112, 0.46509518172468856, 0.4650951778528619, 0.46509517636537034, 0.4650951761646308, 0.46509517606531603, 0.4650951760597746, 0.4650951760511082, 0.4650951760490891, 0.46509517604846207, 0.4650951760483193, 0.4650951760482742, 0.4650951760482568, 0.4650951760482558, 0.46509517604825235, 0.46509517604825157, 0.46509517604825135, 0.4650951760482511, 0.4650951760482511]}, "10": {"maxiter": 1000, "fatol": 1e-10, "xatol": 1e-05, "duration": 0.9172303676605225, "fun": "0.46509517605032724", "nit": "754", "nfev": "1158", "status": "0", "success": "True", "message": "Optimization terminated successfully.", "x": "[-1.76377302  0.63506951  1.76566747  1.03307742  2.11267111  1.74025777]", "final_simplex": "(array([[-1.76377302,  0.63506951,  1.76566747,  1.03307742,  2.11267111,\n         1.74025777],\n       [-1.76376953,  0.63506188,  1.76566983,  1.03307341,  2.1126696 ,\n         1.74025978],\n       [-1.76377149,  0.63506966,  1.76566379,  1.0330784 ,  2.11267292,\n         1.74025595],\n       [-1.76377327,  0.63506423,  1.76566855,  1.03307474,  2.11266947,\n         1.74025692],\n       [-1.76376751,  0.63506881,  1.76567076,  1.03307619,  2.11266429,\n         1.74025823],\n       [-1.76377044,  0.63506415,  1.76566754,  1.03307588,  2.11266409,\n         1.74026196],\n       [-1.76377426,  0.63506762,  1.76566883,  1.03308083,  2.11266965,\n         1.74025845]]), array([0.46509518, 0.46509518, 0.46509518, 0.46509518, 0.46509518,\n       0.46509518, 0.46509518]))", "callback": [0.8599209085730617, 0.8451178581930128, 0.8281456015085682, 0.7930296079780985, 0.6993283793713854, 0.6414627547937141, 0.5899811828019352, 0.5604895767330664, 0.5527801317372194, 0.5507821020446252, 0.5504069469454613, 0.5497689521152198, 0.5478801343415327, 0.5451289638896202, 0.5434160451518651, 0.5432204188042657, 0.542912322604675, 0.5428512168274005, 0.5426536043435779, 0.5421982565688845, 0.5398909048255676, 0.5359497732917895, 0.5332062466419655, 0.5318833620693371, 0.530678411094861, 0.5301145927493727, 0.5298962887400993, 0.5298784929794591, 0.5298709662743764, 0.5298690276902651, 0.529867864728891, 0.5298652937490032, 0.529854293658707, 0.529832498965806, 0.5297053841868714, 0.5288131647662541, 0.5250295040390742, 0.5201810984711897, 0.5130652280754114, 0.5011243383266746, 0.5001159401124965, 0.4968822903494946, 0.4883542151073479, 0.479860274074126, 0.4793182559670589, 0.4782315315620249, 0.47666918535417935, 0.47617906167657575, 0.47587543674485977, 0.47558317137308237, 0.47537412785849786, 0.4748575702128617, 0.4735457049951437, 0.47214341452072506, 0.47177728222536597, 0.4716149632080314, 0.4711101441893203, 0.46978988052378345, 0.4686594278720625, 0.46650603465088825, 0.46548725982622297, 0.465168221460347, 0.4651389877167228, 0.465103992269261, 0.4650972723156326, 0.46509592306417114, 0.46509549122524374, 0.46509525863279066, 0.4650951864377112, 0.46509518172468856, 0.4650951778528619, 0.46509517636537034, 0.4650951761646308, 0.46509517606531603, 0.4650951760597746, 0.4650951760511082]}, "11": {"maxiter": 1000, "fatol": 1e-10, "xatol": 1e-10, "duration": 1.378652572631836, "fun": "0.4650951760482511", "nit": "864", "nfev": "1397", "status": "0", "success": "True", "message": "Optimization terminated successfully.", "x": "[-1.76376944  0.63506634  1.76566768  1.03307342  2.11267066  1.7402597 ]", "final_simplex": "(array([[-1.76376944,  0.63506634,  1.76566768,  1.03307342,  2.11267066,\n         1.7402597 ],\n       [-1.76376944,  0.63506634,  1.76566768,  1.03307342,  2.11267066,\n         1.7402597 ],\n       [-1.76376944,  0.63506634,  1.76566768,  1.03307342,  2.11267066,\n         1.7402597 ],\n       [-1.76376944,  0.63506634,  1.76566768,  1.03307342,  2.11267066,\n         1.7402597 ],\n       [-1.76376944,  0.63506634,  1.76566768,  1.03307342,  2.11267066,\n         1.7402597 ],\n       [-1.76376944,  0.63506634,  1.76566768,  1.03307342,  2.11267066,\n         1.7402597 ],\n       [-1.76376944,  0.63506634,  1.76566768,  1.03307342,  2.11267066,\n         1.7402597 ]]), array([0.46509518, 0.46509518, 0.46509518, 0.46509518, 0.46509518,\n       0.46509518, 0.46509518]))", "callback": [0.8599209085730617, 0.8451178581930128, 0.8281456015085682, 0.7930296079780985, 0.6993283793713854, 0.6414627547937141, 0.5899811828019352, 0.5604895767330664, 0.5527801317372194, 0.5507821020446252, 0.5504069469454613, 0.5497689521152198, 0.5478801343415327, 0.5451289638896202, 0.5434160451518651, 0.5432204188042657, 0.542912322604675, 0.5428512168274005, 0.5426536043435779, 0.5421982565688845, 0.5398909048255676, 0.5359497732917895, 0.5332062466419655, 0.5318833620693371, 0.530678411094861, 0.5301145927493727, 0.5298962887400993, 0.5298784929794591, 0.5298709662743764, 0.5298690276902651, 0.529867864728891, 0.5298652937490032, 0.529854293658707, 0.529832498965806, 0.5297053841868714, 0.5288131647662541, 0.5250295040390742, 0.5201810984711897, 0.5130652280754114, 0.5011243383266746, 0.5001159401124965, 0.4968822903494946, 0.4883542151073479, 0.479860274074126, 0.4793182559670589, 0.4782315315620249, 0.47666918535417935, 0.47617906167657575, 0.47587543674485977, 0.47558317137308237, 0.47537412785849786, 0.4748575702128617, 0.4735457049951437, 0.47214341452072506, 0.47177728222536597, 0.4716149632080314, 0.4711101441893203, 0.46978988052378345, 0.4686594278720625, 0.46650603465088825, 0.46548725982622297, 0.465168221460347, 0.4651389877167228, 0.465103992269261, 0.4650972723156326, 0.46509592306417114, 0.46509549122524374, 0.46509525863279066, 0.4650951864377112, 0.46509518172468856, 0.4650951778528619, 0.46509517636537034, 0.4650951761646308, 0.46509517606531603, 0.4650951760597746, 0.4650951760511082, 0.4650951760490891, 0.46509517604846207, 0.4650951760483193, 0.4650951760482742, 0.4650951760482568, 0.4650951760482558, 0.46509517604825235, 0.46509517604825157, 0.46509517604825135, 0.4650951760482511, 0.4650951760482511]}}, "bfgs": {"type": "gradient", "0": {"maxiter": 100, "gtol": 1e-05, "xrtol": 1e-05, "eps": 1e-05, "duration": 0.16470718383789062, "fun": "0.3611025952849092", "jac": "[-4.60176341e-07  3.97155642e-06  2.84381407e-06 -8.93316532e-06\n -3.86127796e-06  4.02132772e-06]", "hess_inv": "[[ 4.00515568  0.86061952 -0.6777139   0.50570347 -1.92734272 -2.00246878]\n [ 0.86061952  5.06086272 -2.29904391  1.36950217 -2.03907236 -1.6198423 ]\n [-0.6777139  -2.29904391  6.21839291 -0.85200634  3.75907384  1.48442053]\n [ 0.50570347  1.36950217 -0.85200634  3.66694273 -1.61017356 -0.47356506]\n [-1.92734272 -2.03907236  3.75907384 -1.61017356  8.56645329  4.49127605]\n [-2.00246878 -1.6198423   1.48442053 -0.47356506  4.49127605  6.22410121]]", "nfev": "210", "njev": "30", "status": "0", "success": "True", "message": "Optimization terminated successfully.", "x": "[ 5.14145684  3.55770888  3.29640068 -2.16220363  3.12077165  2.0144108 ]", "nit": "26", "callback": [0.8276253298848877, 0.8106619935701167, 0.8027632337008498, 0.799635330756957, 0.7941324516509182, 0.7404137138889257, 0.6860138547183269, 0.6487872679281986, 0.43320881982325965, 0.42133286263602954, 0.40105147753842885, 0.3730376960931726, 0.3649191036764843, 0.36349721528783496, 0.3627965175445943, 0.3622934834844136, 0.36167693729164274, 0.36137315070440845, 0.3612184126246938, 0.3611466192607423, 0.36111330539035613, 0.3611049426202666, 0.36110318321922974, 0.3611027008158041, 0.3611026024009629, 0.3611025952849092]}, "1": {"maxiter": 100, "gtol": 1e-05, "xrtol": 1e-05, "eps": 1e-10, "duration": 0.1639556884765625, "fun": "0.3611025952123621", "jac": "[-2.22044587e-06  2.22044587e-06  3.33066880e-06 -6.66133760e-06\n -2.22044587e-06  1.11022293e-06]", "hess_inv": "[[ 4.02279255  0.84415909 -0.65582235  0.47998119 -1.9065421  -1.98054763]\n [ 0.84415909  4.95841824 -2.2780759   1.36078743 -2.00147664 -1.64894168]\n [-0.65582235 -2.2780759   6.21471663 -0.90783471  3.75589249  1.49790909]\n [ 0.47998119  1.36078743 -0.90783471  3.71536837 -1.6048006  -0.52180297]\n [-1.9065421  -2.00147664  3.75589249 -1.6048006   8.54780787  4.50335602]\n [-1.98054763 -1.64894168  1.49790909 -0.52180297  4.50335602  6.23170175]]", "nfev": "210", "njev": "30", "status": "0", "success": "True", "message": "Optimization terminated successfully.", "x": "[ 5.14145035  3.55770638  3.29641794 -2.16219915  3.12079555  2.01441791]", "nit": "26", "callback": [0.8276249506608383, 0.8106623645074211, 0.8027627903040078, 0.7996366582851857, 0.7941374020060532, 0.7404675824916039, 0.6859687896140801, 0.6487067465550859, 0.4319687214289114, 0.41959262678285125, 0.39871593622704204, 0.371018570266223, 0.36457603373314373, 0.3633442371924809, 0.3627320531192417, 0.3621651435475167, 0.36163581097247066, 0.3613526888692664, 0.36121098522330475, 0.3611410459255462, 0.36111186563196196, 0.3611047145953541, 0.36110313419502327, 0.3611026763598125, 0.36110259998267724, 0.3611025952123621]}, "2": {"maxiter": 100, "gtol": 1e-05, "xrtol": 1e-10, "eps": 1e-05, "duration": 0.16823673248291016, "fun": "0.3611025952849092", "jac": "[-4.60176341e-07  3.97155642e-06  2.84381407e-06 -8.93316532e-06\n -3.86127796e-06  4.02132772e-06]", "hess_inv": "[[ 4.00515568  0.86061952 -0.6777139   0.50570347 -1.92734272 -2.00246878]\n [ 0.86061952  5.06086272 -2.29904391  1.36950217 -2.03907236 -1.6198423 ]\n [-0.6777139  -2.29904391  6.21839291 -0.85200634  3.75907384  1.48442053]\n [ 0.50570347  1.36950217 -0.85200634  3.66694273 -1.61017356 -0.47356506]\n [-1.92734272 -2.03907236  3.75907384 -1.61017356  8.56645329  4.49127605]\n [-2.00246878 -1.6198423   1.48442053 -0.47356506  4.49127605  6.22410121]]", "nfev": "210", "njev": "30", "status": "0", "success": "True", "message": "Optimization terminated successfully.", "x": "[ 5.14145684  3.55770888  3.29640068 -2.16220363  3.12077165  2.0144108 ]", "nit": "26", "callback": [0.8276253298848877, 0.8106619935701167, 0.8027632337008498, 0.799635330756957, 0.7941324516509182, 0.7404137138889257, 0.6860138547183269, 0.6487872679281986, 0.43320881982325965, 0.42133286263602954, 0.40105147753842885, 0.3730376960931726, 0.3649191036764843, 0.36349721528783496, 0.3627965175445943, 0.3622934834844136, 0.36167693729164274, 0.36137315070440845, 0.3612184126246938, 0.3611466192607423, 0.36111330539035613, 0.3611049426202666, 0.36110318321922974, 0.3611027008158041, 0.3611026024009629, 0.3611025952849092]}, "3": {"maxiter": 100, "gtol": 1e-05, "xrtol": 1e-10, "eps": 1e-10, "duration": 0.16761040687561035, "fun": "0.3611025952123621", "jac": "[-2.22044587e-06  2.22044587e-06  3.33066880e-06 -6.66133760e-06\n -2.22044587e-06  1.11022293e-06]", "hess_inv": "[[ 4.02279255  0.84415909 -0.65582235  0.47998119 -1.9065421  -1.98054763]\n [ 0.84415909  4.95841824 -2.2780759   1.36078743 -2.00147664 -1.64894168]\n [-0.65582235 -2.2780759   6.21471663 -0.90783471  3.75589249  1.49790909]\n [ 0.47998119  1.36078743 -0.90783471  3.71536837 -1.6048006  -0.52180297]\n [-1.9065421  -2.00147664  3.75589249 -1.6048006   8.54780787  4.50335602]\n [-1.98054763 -1.64894168  1.49790909 -0.52180297  4.50335602  6.23170175]]", "nfev": "210", "njev": "30", "status": "0", "success": "True", "message": "Optimization terminated successfully.", "x": "[ 5.14145035  3.55770638  3.29641794 -2.16219915  3.12079555  2.01441791]", "nit": "26", "callback": [0.8276249506608383, 0.8106623645074211, 0.8027627903040078, 0.7996366582851857, 0.7941374020060532, 0.7404675824916039, 0.6859687896140801, 0.6487067465550859, 0.4319687214289114, 0.41959262678285125, 0.39871593622704204, 0.371018570266223, 0.36457603373314373, 0.3633442371924809, 0.3627320531192417, 0.3621651435475167, 0.36163581097247066, 0.3613526888692664, 0.36121098522330475, 0.3611410459255462, 0.36111186563196196, 0.3611047145953541, 0.36110313419502327, 0.3611026763598125, 0.36110259998267724, 0.3611025952123621]}, "4": {"maxiter": 100, "gtol": 1e-10, "xrtol": 1e-05, "eps": 1e-05, "duration": 0.1723647117614746, "fun": "0.36110259508612286", "jac": "[-3.09885451e-07  6.43651799e-07 -1.22901689e-08 -5.37736522e-07\n -3.36808359e-07  3.28370664e-07]", "hess_inv": "[[ 3.95961608  0.97066609 -0.74593924  0.55800812 -1.96662894 -2.03227842]\n [ 0.97066609  4.86279936 -2.23419111  1.44111034 -1.99106702 -1.63588307]\n [-0.74593924 -2.23419111  6.26357431 -1.06544805  3.76937904  1.56956109]\n [ 0.55800812  1.44111034 -1.06544805  4.18456311 -1.70197472 -0.69629857]\n [-1.96662894 -1.99106702  3.76937904 -1.70197472  8.56501492  4.52646636]\n [-2.03227842 -1.63588307  1.56956109 -0.69629857  4.52646636  6.31889476]]", "nfev": "217", "njev": "31", "status": "0", "success": "True", "message": "Optimization terminated successfully.", "x": "[ 5.14146249  3.55770813  3.29639012 -2.16217246  3.1207676   2.01439774]", "nit": "27", "callback": [0.8276253298848877, 0.8106619935701167, 0.8027632337008498, 0.799635330756957, 0.7941324516509182, 0.7404137138889257, 0.6860138547183269, 0.6487872679281986, 0.43320881982325965, 0.42133286263602954, 0.40105147753842885, 0.3730376960931726, 0.3649191036764843, 0.36349721528783496, 0.3627965175445943, 0.3622934834844136, 0.36167693729164274, 0.36137315070440845, 0.3612184126246938, 0.3611466192607423, 0.36111330539035613, 0.3611049426202666, 0.36110318321922974, 0.3611027008158041, 0.3611026024009629, 0.3611025952849092, 0.36110259508612286]}, "5": {"maxiter": 100, "gtol": 1e-10, "xrtol": 1e-05, "eps": 1e-10, "duration": 0.20495939254760742, "fun": "0.36110259506001086", "jac": "[-1.11022293e-06  2.22044587e-06  0.00000000e+00  0.00000000e+00\n  0.00000000e+00  1.11022293e-06]", "hess_inv": "[[ 3.90626353  0.97512258 -0.76192129  0.62780815 -1.9460831  -2.076048  ]\n [ 0.97512258  4.97591001 -2.41622623  1.55216865 -2.08145419 -1.68694735]\n [-0.76192129 -2.41622623  6.52041827 -1.33204324  3.914354    1.63811669]\n [ 0.62780815  1.55216865 -1.33204324  4.30402131 -1.82475087 -0.71618009]\n [-1.9460831  -2.08145419  3.914354   -1.82475087  8.62838922  4.58075381]\n [-2.076048   -1.68694735  1.63811669 -0.71618009  4.58075381  6.28170066]]", "nfev": "217", "njev": "31", "status": "0", "success": "True", "message": "Optimization terminated successfully.", "x": "[ 5.14146156  3.55771314  3.29639789 -2.16217136  3.12078473  2.01441002]", "nit": "27", "callback": [0.8276249506608383, 0.8106623645074211, 0.8027627903040078, 0.7996366582851857, 0.7941374020060532, 0.7404675824916039, 0.6859687896140801, 0.6487067465550859, 0.4319687214289114, 0.41959262678285125, 0.39871593622704204, 0.371018570266223, 0.36457603373314373, 0.3633442371924809, 0.3627320531192417, 0.3621651435475167, 0.36163581097247066, 0.3613526888692664, 0.36121098522330475, 0.3611410459255462, 0.36111186563196196, 0.3611047145953541, 0.36110313419502327, 0.3611026763598125, 0.36110259998267724, 0.3611025952123621, 0.36110259506001086]}, "6": {"maxiter": 100, "gtol": 1e-10, "xrtol": 1e-10, "eps": 1e-05, "duration": 0.38867926597595215, "fun": "0.3611025950807849", "jac": "[0. 0. 0. 0. 0. 0.]", "hess_inv": "[[ 4.27692649  1.16917231 -1.23026161  0.73060314 -2.40197504 -2.17360986]\n [ 1.16917231  5.119827   -2.6495362   1.32710107 -2.39789307 -1.63845526]\n [-1.23026161 -2.6495362   7.05898488 -1.04277512  4.53500608  1.68116642]\n [ 0.73060314  1.32710107 -1.04277512  4.19955178 -1.72370628 -0.74061388]\n [-2.40197504 -2.39789307  4.53500608 -1.72370628  9.28450691  4.64331899]\n [-2.17360986 -1.63845526  1.68116642 -0.74061388  4.64331899  6.36562531]]", "nfev": "245", "njev": "35", "status": "0", "success": "True", "message": "Optimization terminated successfully.", "x": "[ 5.14146342  3.5577055   3.29639202 -2.16217117  3.12076917  2.0143972 ]", "nit": "31", "callback": [0.8276253298848877, 0.8106619935701167, 0.8027632337008498, 0.799635330756957, 0.7941324516509182, 0.7404137138889257, 0.6860138547183269, 0.6487872679281986, 0.43320881982325965, 0.42133286263602954, 0.40105147753842885, 0.3730376960931726, 0.3649191036764843, 0.36349721528783496, 0.3627965175445943, 0.3622934834844136, 0.36167693729164274, 0.36137315070440845, 0.3612184126246938, 0.3611466192607423, 0.36111330539035613, 0.3611049426202666, 0.36110318321922974, 0.3611027008158041, 0.3611026024009629, 0.3611025952849092, 0.36110259508612286, 0.36110259508126696, 0.36110259508082776, 0.36110259508078546, 0.3611025950807849]}, "7": {"maxiter": 100, "gtol": 1e-10, "xrtol": 1e-10, "eps": 1e-10, "duration": 0.4467504024505615, "fun": "0.36110259505618525", "jac": "[ 0.00000000e+00  0.00000000e+00 -2.22044587e-06  0.00000000e+00\n -1.11022293e-06  0.00000000e+00]", "hess_inv": "[[ 9.58287546 -4.81683768  1.50800461  3.09154182 -4.32148977 -5.25377624]\n [-4.81683768 10.32587639 -4.92943535 -1.53167523  0.05057436  0.77774081]\n [ 1.50800461 -4.92943535  6.47416136 -0.42185822  2.41551736 -0.67545597]\n [ 3.09154182 -1.53167523 -0.42185822  4.77482197 -3.08928379 -2.77798946]\n [-4.32148977  0.05057436  2.41551736 -3.08928379  9.2452826   5.11733446]\n [-5.25377624  0.77774081 -0.67545597 -2.77798946  5.11733446  6.31166296]]", "nfev": "280", "njev": "40", "status": "0", "success": "True", "message": "Optimization terminated successfully.", "x": "[ 5.14146754  3.55770567  3.29639819 -2.16216993  3.12078071  2.01440337]", "nit": "29", "callback": [0.8276249506608383, 0.8106623645074211, 0.8027627903040078, 0.7996366582851857, 0.7941374020060532, 0.7404675824916039, 0.6859687896140801, 0.6487067465550859, 0.4319687214289114, 0.41959262678285125, 0.39871593622704204, 0.371018570266223, 0.36457603373314373, 0.3633442371924809, 0.3627320531192417, 0.3621651435475167, 0.36163581097247066, 0.3613526888692664, 0.36121098522330475, 0.3611410459255462, 0.36111186563196196, 0.3611047145953541, 0.36110313419502327, 0.3611026763598125, 0.36110259998267724, 0.3611025952123621, 0.36110259506001086, 0.36110259505618525, 0.36110259505618525]}, "8": {"maxiter": 500, "gtol": 1e-05, "xrtol": 1e-05, "eps": 1e-05, "duration": 0.21047043800354004, "fun": "0.3611025952849092", "jac": "[-4.60176341e-07  3.97155642e-06  2.84381407e-06 -8.93316532e-06\n -3.86127796e-06  4.02132772e-06]", "hess_inv": "[[ 4.00515568  0.86061952 -0.6777139   0.50570347 -1.92734272 -2.00246878]\n [ 0.86061952  5.06086272 -2.29904391  1.36950217 -2.03907236 -1.6198423 ]\n [-0.6777139  -2.29904391  6.21839291 -0.85200634  3.75907384  1.48442053]\n [ 0.50570347  1.36950217 -0.85200634  3.66694273 -1.61017356 -0.47356506]\n [-1.92734272 -2.03907236  3.75907384 -1.61017356  8.56645329  4.49127605]\n [-2.00246878 -1.6198423   1.48442053 -0.47356506  4.49127605  6.22410121]]", "nfev": "210", "njev": "30", "status": "0", "success": "True", "message": "Optimization terminated successfully.", "x": "[ 5.14145684  3.55770888  3.29640068 -2.16220363  3.12077165  2.0144108 ]", "nit": "2