{"date": "2024/09/25/, 01:26:38", "conf_id": 100, "data_type": "orthogonal\n", "num_data_points": 2, "s_rank": 0, "unitary": "[[-0.45070455-0.02711853j,0.78437395-0.06613086j,0.06358678+0.19963393j,-0.07343613+0.35668523j],[-0.01890143-0.03813363j,0.32408202+0.25557629j,0.05872864-0.68979805j,0.55466693-0.20227297j],[-0.11215405+0.64023111j,-0.13344055+0.29565494j,-0.49012687-0.19046288j,-0.04241254+0.44046348j],[0.55771659+0.24656916j,0.31851997-0.05798805j,0.28761525-0.34294258j,-0.56718418+0.03616933j]]", "databatch_0": {"databatch": "[[[-0.0823763+0.04345176j,-0.00422161-0.08898776j,0.01526461+0.06871786j,-0.0338251-0.00258671j],[-0.10665989-0.27842349j,0.28445977+0.02055755j,-0.22424808+0.02228182j,0.02113645-0.10652558j],[-0.33429391-0.07253016j,0.19844996-0.26016294j,-0.11949596+0.22927463j,-0.08898425-0.08721662j],[0.36314455+0.18808398j,-0.31025477+0.23827633j,0.20949337-0.22728247j,0.07545948+0.12843687j]],[[-0.24426318-0.08762688j,0.17500323-0.17604774j,-0.1125621+0.16062644j,-0.05830067-0.07440358j],[0.05674031+0.26446961j,-0.25212014-0.05814028j,0.20412696+0.01133306j,-0.03381842+0.09253888j],[-0.41228874+0.13325518j,0.05182666-0.4112122j,0.01499636+0.32714661j,-0.15295331-0.03890914j],[-0.21829976+0.07702029j,0.02184179-0.22035211j,0.01265309+0.17450656j,-0.08224022-0.01860901j]]]", "initial param values": "[0.23304645,0.2030418,3.365253,1.69517771,0.65498385,2.04717999]", "nelder_mead": {"type": "gradient-free", "0": {"maxiter": 100, "fatol": 1e-05, "xatol": 1e-05, "duration": 0.03954195976257324, "fun": "0.15003730516276637", "nit": "100", "nfev": "159", "status": "2", "success": "False", "message": "Maximum number of iterations has been exceeded.", "x": "[ 0.22049108  0.18567784  1.43954821 -0.17597578  1.47896856  1.95210541]", "final_simplex": "(array([[ 0.22049108,  0.18567784,  1.43954821, -0.17597578,  1.47896856,\n         1.95210541],\n       [ 0.19893205,  0.20192131,  1.47336691, -0.24731265,  1.55033743,\n         1.79499418],\n       [ 0.19756648,  0.20232876,  1.37673925, -0.2690887 ,  1.5545625 ,\n         1.82848295],\n       [ 0.19398801,  0.20818047,  1.34713074, -0.21082395,  1.54565602,\n         1.79043405],\n       [ 0.18685072,  0.20869477,  1.35991179, -0.17657597,  1.53285726,\n         1.88657386],\n       [ 0.17757346,  0.20971022,  1.48447645, -0.19267647,  1.54163341,\n         1.90051459],\n       [ 0.18336768,  0.2154726 ,  1.42783198, -0.13088132,  1.51969834,\n         1.82537055]]), array([0.15003731, 0.15217779, 0.15255778, 0.15355497, 0.15462517,\n       0.15471721, 0.15489993]))", "callback": [0.7856761694603365, 0.5987506769046326, 0.5525704510373617, 0.320014786988005, 0.31022093010582474, 0.27481157029806447, 0.2030740802687918, 0.16789436311716477, 0.15662859088298964, 0.15489993453879713]}, "1": {"maxiter": 100, "fatol": 1e-05, "xatol": 1e-10, "duration": 0.03750467300415039, "fun": "0.15003730516276637", "nit": "100", "nfev": "159", "status": "2", "success": "False", "message": "Maximum number of iterations has been exceeded.", "x": "[ 0.22049108  0.18567784  1.43954821 -0.17597578  1.47896856  1.95210541]", "final_simplex": "(array([[ 0.22049108,  0.18567784,  1.43954821, -0.17597578,  1.47896856,\n         1.95210541],\n       [ 0.19893205,  0.20192131,  1.47336691, -0.24731265,  1.55033743,\n         1.79499418],\n       [ 0.19756648,  0.20232876,  1.37673925, -0.2690887 ,  1.5545625 ,\n         1.82848295],\n       [ 0.19398801,  0.20818047,  1.34713074, -0.21082395,  1.54565602,\n         1.79043405],\n       [ 0.18685072,  0.20869477,  1.35991179, -0.17657597,  1.53285726,\n         1.88657386],\n       [ 0.17757346,  0.20971022,  1.48447645, -0.19267647,  1.54163341,\n         1.90051459],\n       [ 0.18336768,  0.2154726 ,  1.42783198, -0.13088132,  1.51969834,\n         1.82537055]]), array([0.15003731, 0.15217779, 0.15255778, 0.15355497, 0.15462517,\n       0.15471721, 0.15489993]))", "callback": [0.7856761694603365, 0.5987506769046326, 0.5525704510373617, 0.320014786988005, 0.31022093010582474, 0.27481157029806447, 0.2030740802687918, 0.16789436311716477, 0.15662859088298964, 0.15489993453879713]}, "2": {"maxiter": 100, "fatol": 1e-10, "xatol": 1e-05, "duration": 0.0367588996887207, "fun": "0.15003730516276637", "nit": "100", "nfev": "159", "status": "2", "success": "False", "message": "Maximum number of iterations has been exceeded.", "x": "[ 0.22049108  0.18567784  1.43954821 -0.17597578  1.47896856  1.95210541]", "final_simplex": "(array([[ 0.22049108,  0.18567784,  1.43954821, -0.17597578,  1.47896856,\n         1.95210541],\n       [ 0.19893205,  0.20192131,  1.47336691, -0.24731265,  1.55033743,\n         1.79499418],\n       [ 0.19756648,  0.20232876,  1.37673925, -0.2690887 ,  1.5545625 ,\n         1.82848295],\n       [ 0.19398801,  0.20818047,  1.34713074, -0.21082395,  1.54565602,\n         1.79043405],\n       [ 0.18685072,  0.20869477,  1.35991179, -0.17657597,  1.53285726,\n         1.88657386],\n       [ 0.17757346,  0.20971022,  1.48447645, -0.19267647,  1.54163341,\n         1.90051459],\n       [ 0.18336768,  0.2154726 ,  1.42783198, -0.13088132,  1.51969834,\n         1.82537055]]), array([0.15003731, 0.15217779, 0.15255778, 0.15355497, 0.15462517,\n       0.15471721, 0.15489993]))", "callback": [0.7856761694603365, 0.5987506769046326, 0.5525704510373617, 0.320014786988005, 0.31022093010582474, 0.27481157029806447, 0.2030740802687918, 0.16789436311716477, 0.15662859088298964, 0.15489993453879713]}, "3": {"maxiter": 100, "fatol": 1e-10, "xatol": 1e-10, "duration": 0.03666090965270996, "fun": "0.15003730516276637", "nit": "100", "nfev": "159", "status": "2", "success": "False", "message": "Maximum number of iterations has been exceeded.", "x": "[ 0.22049108  0.18567784  1.43954821 -0.17597578  1.47896856  1.95210541]", "final_simplex": "(array([[ 0.22049108,  0.18567784,  1.43954821, -0.17597578,  1.47896856,\n         1.95210541],\n       [ 0.19893205,  0.20192131,  1.47336691, -0.24731265,  1.55033743,\n         1.79499418],\n       [ 0.19756648,  0.20232876,  1.37673925, -0.2690887 ,  1.5545625 ,\n         1.82848295],\n       [ 0.19398801,  0.20818047,  1.34713074, -0.21082395,  1.54565602,\n         1.79043405],\n       [ 0.18685072,  0.20869477,  1.35991179, -0.17657597,  1.53285726,\n         1.88657386],\n       [ 0.17757346,  0.20971022,  1.48447645, -0.19267647,  1.54163341,\n         1.90051459],\n       [ 0.18336768,  0.2154726 ,  1.42783198, -0.13088132,  1.51969834,\n         1.82537055]]), array([0.15003731, 0.15217779, 0.15255778, 0.15355497, 0.15462517,\n       0.15471721, 0.15489993]))", "callback": [0.7856761694603365, 0.5987506769046326, 0.5525704510373617, 0.320014786988005, 0.31022093010582474, 0.27481157029806447, 0.2030740802687918, 0.16789436311716477, 0.15662859088298964, 0.15489993453879713]}, "4": {"maxiter": 500, "fatol": 1e-05, "xatol": 1e-05, "duration": 0.17946290969848633, "fun": "0.10573617908296695", "nit": "500", "nfev": "774", "status": "2", "success": "False", "message": "Maximum number of iterations has been exceeded.", "x": "[ 0.74798654  0.08350418  1.3366113  -0.61789379  0.87831491  2.05760464]", "final_simplex": "(array([[ 0.74798654,  0.08350418,  1.3366113 , -0.61789379,  0.87831491,\n         2.05760464],\n       [ 0.74814787,  0.08319263,  1.33679807, -0.6182293 ,  0.87800956,\n         2.05730289],\n       [ 0.74809736,  0.08298832,  1.33702431, -0.61802343,  0.87795656,\n         2.0577704 ],\n       [ 0.74820681,  0.08266065,  1.33716412, -0.61830365,  0.87833241,\n         2.05693092],\n       [ 0.74824358,  0.08303274,  1.33705581, -0.61839141,  0.87818202,\n         2.05712596],\n       [ 0.74836183,  0.08230103,  1.33758957, -0.61814606,  0.8779595 ,\n         2.05706777],\n       [ 0.74868711,  0.08230045,  1.33715556, -0.61849743,  0.87805445,\n         2.05672309]]), array([0.10573618, 0.10573618, 0.10573618, 0.10573619, 0.1057362 ,\n       0.1057362 , 0.1057362 ]))", "callback": [0.7856761694603365, 0.5987506769046326, 0.5525704510373617, 0.320014786988005, 0.31022093010582474, 0.27481157029806447, 0.2030740802687918, 0.16789436311716477, 0.15662859088298964, 0.15489993453879713, 0.15003730516276637, 0.1309770339008537, 0.10935124422815967, 0.10879123105874666, 0.1084083718837684, 0.10829016936081082, 0.10824525712589006, 0.108122462668237, 0.1079517118930644, 0.10779842851580246, 0.10758345045973117, 0.10744512085377766, 0.10742933217162931, 0.10742266125249866, 0.10742194686504114, 0.10742104918520679, 0.10742073614178849, 0.10742039805539016, 0.10741849030756534, 0.10741071219517517, 0.10738943779837373, 0.10734185640561322, 0.10726824367888432, 0.1069673516762133, 0.10660562498163173, 0.10635585201335185, 0.10629358404255507, 0.106257336717962, 0.10623277444212265, 0.10620836899164643, 0.10618937461508071, 0.10610150122746864, 0.10607826512450202, 0.1060109354363098, 0.10584753034241823, 0.10577835058877239, 0.10574218445847139, 0.10573739931569714, 0.10573641843848947, 0.10573620984688537]}, "5": {"maxiter": 500, "fatol": 1e-05, "xatol": 1e-10, "duration": 0.17908096313476562, "fun": "0.10573617908296695", "nit": "500", "nfev": "774", "status": "2", "success": "False", "message": "Maximum number of iterations has been exceeded.", "x": "[ 0.74798654  0.08350418  1.3366113  -0.61789379  0.87831491  2.05760464]", "final_simplex": "(array([[ 0.74798654,  0.08350418,  1.3366113 , -0.61789379,  0.87831491,\n         2.05760464],\n       [ 0.74814787,  0.08319263,  1.33679807, -0.6182293 ,  0.87800956,\n         2.05730289],\n       [ 0.74809736,  0.08298832,  1.33702431, -0.61802343,  0.87795656,\n         2.0577704 ],\n       [ 0.74820681,  0.08266065,  1.33716412, -0.61830365,  0.87833241,\n         2.05693092],\n       [ 0.74824358,  0.08303274,  1.33705581, -0.61839141,  0.87818202,\n         2.05712596],\n       [ 0.74836183,  0.08230103,  1.33758957, -0.61814606,  0.8779595 ,\n         2.05706777],\n       [ 0.74868711,  0.08230045,  1.33715556, -0.61849743,  0.87805445,\n         2.05672309]]), array([0.10573618, 0.10573618, 0.10573618, 0.10573619, 0.1057362 ,\n       0.1057362 , 0.1057362 ]))", "callback": [0.7856761694603365, 0.5987506769046326, 0.5525704510373617, 0.320014786988005, 0.31022093010582474, 0.27481157029806447, 0.2030740802687918, 0.16789436311716477, 0.15662859088298964, 0.15489993453879713, 0.15003730516276637, 0.1309770339008537, 0.10935124422815967, 0.10879123105874666, 0.1084083718837684, 0.10829016936081082, 0.10824525712589006, 0.108122462668237, 0.1079517118930644, 0.10779842851580246, 0.10758345045973117, 0.10744512085377766, 0.10742933217162931, 0.10742266125249866, 0.10742194686504114, 0.10742104918520679, 0.10742073614178849, 0.10742039805539016, 0.10741849030756534, 0.10741071219517517, 0.10738943779837373, 0.10734185640561322, 0.10726824367888432, 0.1069673516762133, 0.10660562498163173, 0.10635585201335185, 0.10629358404255507, 0.106257336717962, 0.10623277444212265, 0.10620836899164643, 0.10618937461508071, 0.10610150122746864, 0.10607826512450202, 0.1060109354363098, 0.10584753034241823, 0.10577835058877239, 0.10574218445847139, 0.10573739931569714, 0.10573641843848947, 0.10573620984688537]}, "6": {"maxiter": 500, "fatol": 1e-10, "xatol": 1e-05, "duration": 0.1932389736175537, "fun": "0.10573617908296695", "nit": "500", "nfev": "774", "status": "2", "success": "False", "message": "Maximum number of iterations has been exceeded.", "x": "[ 0.74798654  0.08350418  1.3366113  -0.61789379  0.87831491  2.05760464]", "final_simplex": "(array([[ 0.74798654,  0.08350418,  1.3366113 , -0.61789379,  0.87831491,\n         2.05760464],\n       [ 0.74814787,  0.08319263,  1.33679807, -0.6182293 ,  0.87800956,\n         2.05730289],\n       [ 0.74809736,  0.08298832,  1.33702431, -0.61802343,  0.87795656,\n         2.0577704 ],\n       [ 0.74820681,  0.08266065,  1.33716412, -0.61830365,  0.87833241,\n         2.05693092],\n       [ 0.74824358,  0.08303274,  1.33705581, -0.61839141,  0.87818202,\n         2.05712596],\n       [ 0.74836183,  0.08230103,  1.33758957, -0.61814606,  0.8779595 ,\n         2.05706777],\n       [ 0.74868711,  0.08230045,  1.33715556, -0.61849743,  0.87805445,\n         2.05672309]]), array([0.10573618, 0.10573618, 0.10573618, 0.10573619, 0.1057362 ,\n       0.1057362 , 0.1057362 ]))", "callback": [0.7856761694603365, 0.5987506769046326, 0.5525704510373617, 0.320014786988005, 0.31022093010582474, 0.27481157029806447, 0.2030740802687918, 0.16789436311716477, 0.15662859088298964, 0.15489993453879713, 0.15003730516276637, 0.1309770339008537, 0.10935124422815967, 0.10879123105874666, 0.1084083718837684, 0.10829016936081082, 0.10824525712589006, 0.108122462668237, 0.1079517118930644, 0.10779842851580246, 0.10758345045973117, 0.10744512085377766, 0.10742933217162931, 0.10742266125249866, 0.10742194686504114, 0.10742104918520679, 0.10742073614178849, 0.10742039805539016, 0.10741849030756534, 0.10741071219517517, 0.10738943779837373, 0.10734185640561322, 0.10726824367888432, 0.1069673516762133, 0.10660562498163173, 0.10635585201335185, 0.10629358404255507, 0.106257336717962, 0.10623277444212265, 0.10620836899164643, 0.10618937461508071, 0.10610150122746864, 0.10607826512450202, 0.1060109354363098, 0.10584753034241823, 0.10577835058877239, 0.10574218445847139, 0.10573739931569714, 0.10573641843848947, 0.10573620984688537]}, "7": {"maxiter": 500, "fatol": 1e-10, "xatol": 1e-10, "duration": 0.18468189239501953, "fun": "0.10573617908296695", "nit": "500", "nfev": "774", "status": "2", "success": "False", "message": "Maximum number of iterations has been exceeded.", "x": "[ 0.74798654  0.08350418  1.3366113  -0.61789379  0.87831491  2.05760464]", "final_simplex": "(array([[ 0.74798654,  0.08350418,  1.3366113 , -0.61789379,  0.87831491,\n         2.05760464],\n       [ 0.74814787,  0.08319263,  1.33679807, -0.6182293 ,  0.87800956,\n         2.05730289],\n       [ 0.74809736,  0.08298832,  1.33702431, -0.61802343,  0.87795656,\n         2.0577704 ],\n       [ 0.74820681,  0.08266065,  1.33716412, -0.61830365,  0.87833241,\n         2.05693092],\n       [ 0.74824358,  0.08303274,  1.33705581, -0.61839141,  0.87818202,\n         2.05712596],\n       [ 0.74836183,  0.08230103,  1.33758957, -0.61814606,  0.8779595 ,\n         2.05706777],\n       [ 0.74868711,  0.08230045,  1.33715556, -0.61849743,  0.87805445,\n         2.05672309]]), array([0.10573618, 0.10573618, 0.10573618, 0.10573619, 0.1057362 ,\n       0.1057362 , 0.1057362 ]))", "callback": [0.7856761694603365, 0.5987506769046326, 0.5525704510373617, 0.320014786988005, 0.31022093010582474, 0.27481157029806447, 0.2030740802687918, 0.16789436311716477, 0.15662859088298964, 0.15489993453879713, 0.15003730516276637, 0.1309770339008537, 0.10935124422815967, 0.10879123105874666, 0.1084083718837684, 0.10829016936081082, 0.10824525712589006, 0.108122462668237, 0.1079517118930644, 0.10779842851580246, 0.10758345045973117, 0.10744512085377766, 0.10742933217162931, 0.10742266125249866, 0.10742194686504114, 0.10742104918520679, 0.10742073614178849, 0.10742039805539016, 0.10741849030756534, 0.10741071219517517, 0.10738943779837373, 0.10734185640561322, 0.10726824367888432, 0.1069673516762133, 0.10660562498163173, 0.10635585201335185, 0.10629358404255507, 0.106257336717962, 0.10623277444212265, 0.10620836899164643, 0.10618937461508071, 0.10610150122746864, 0.10607826512450202, 0.1060109354363098, 0.10584753034241823, 0.10577835058877239, 0.10574218445847139, 0.10573739931569714, 0.10573641843848947, 0.10573620984688537]}, "8": {"maxiter": 1000, "fatol": 1e-05, "xatol": 1e-05, "duration": 0.21299409866333008, "fun": "0.10573616258922769", "nit": "565", "nfev": "883", "status": "0", "success": "True", "message": "Optimization terminated successfully.", "x": "[ 0.74798376  0.08318659  1.33670778 -0.61793562  0.87801946  2.0575878 ]", "final_simplex": "(array([[ 0.74798376,  0.08318659,  1.33670778, -0.61793562,  0.87801946,\n         2.0575878 ],\n       [ 0.74798233,  0.08319292,  1.3367033 , -0.61793099,  0.87801818,\n         2.05759542],\n       [ 0.74798149,  0.08318677,  1.33670906, -0.61793177,  0.87801529,\n         2.05759226],\n       [ 0.74798177,  0.0831866 ,  1.33670527, -0.61793383,  0.87802089,\n         2.05758698],\n       [ 0.74798344,  0.08318918,  1.33670686, -0.61793483,  0.87802374,\n         2.05758915],\n       [ 0.7479797 ,  0.08318959,  1.33670362, -0.61793114,  0.87801568,\n         2.05759611],\n       [ 0.74798573,  0.08317962,  1.33671175, -0.61793407,  0.87801743,\n         2.05758743]]), array([0.10573616, 0.10573616, 0.10573616, 0.10573616, 0.10573616,\n       0.10573616, 0.10573616]))", "callback": [0.7856761694603365, 0.5987506769046326, 0.5525704510373617, 0.320014786988005, 0.31022093010582474, 0.27481157029806447, 0.2030740802687918, 0.16789436311716477, 0.15662859088298964, 0.15489993453879713, 0.15003730516276637, 0.1309770339008537, 0.10935124422815967, 0.10879123105874666, 0.1084083718837684, 0.10829016936081082, 0.10824525712589006, 0.108122462668237, 0.1079517118930644, 0.10779842851580246, 0.10758345045973117, 0.10744512085377766, 0.10742933217162931, 0.10742266125249866, 0.10742194686504114, 0.10742104918520679, 0.10742073614178849, 0.10742039805539016, 0.10741849030756534, 0.10741071219517517, 0.10738943779837373, 0.10734185640561322, 0.10726824367888432, 0.1069673516762133, 0.10660562498163173, 0.10635585201335185, 0.10629358404255507, 0.106257336717962, 0.10623277444212265, 0.10620836899164643, 0.10618937461508071, 0.10610150122746864, 0.10607826512450202, 0.1060109354363098, 0.10584753034241823, 0.10577835058877239, 0.10574218445847139, 0.10573739931569714, 0.10573641843848947, 0.10573620984688537, 0.10573617908296695, 0.10573616610506109, 0.10573616369156447, 0.10573616279447484, 0.10573616262513619, 0.10573616259916052, 0.10573616258977991]}, "9": {"maxiter": 1000, "fatol": 1e-05, "xatol": 1e-10, "duration": 0.275195837020874, "fun": "0.10573616258743823", "nit": "700", "nfev": "1169", "status": "0", "success": "True", "message": "Optimization terminated successfully.", "x": "[ 0.74798002  0.08319069  1.33670645 -0.61793104  0.87802005  2.05759306]", "final_simplex": "(array([[ 0.74798002,  0.08319069,  1.33670645, -0.61793104,  0.87802005,\n         2.05759306],\n       [ 0.74798002,  0.08319069,  1.33670645, -0.61793104,  0.87802005,\n         2.05759306],\n       [ 0.74798002,  0.08319069,  1.33670645, -0.61793104,  0.87802005,\n         2.05759306],\n       [ 0.74798002,  0.08319069,  1.33670645, -0.61793104,  0.87802005,\n         2.05759306],\n       [ 0.74798002,  0.08319069,  1.33670645, -0.61793104,  0.87802005,\n         2.05759306],\n       [ 0.74798002,  0.08319069,  1.33670645, -0.61793104,  0.87802005,\n         2.05759306],\n       [ 0.74798002,  0.08319069,  1.33670645, -0.61793104,  0.87802005,\n         2.05759306]]), array([0.10573616, 0.10573616, 0.10573616, 0.10573616, 0.10573616,\n       0.10573616, 0.10573616]))", "callback": [0.7856761694603365, 0.5987506769046326, 0.5525704510373617, 0.320014786988005, 0.31022093010582474, 0.27481157029806447, 0.2030740802687918, 0.16789436311716477, 0.15662859088298964, 0.15489993453879713, 0.15003730516276637, 0.1309770339008537, 0.10935124422815967, 0.10879123105874666, 0.1084083718837684, 0.10829016936081082, 0.10824525712589006, 0.108122462668237, 0.1079517118930644, 0.10779842851580246, 0.10758345045973117, 0.10744512085377766, 0.10742933217162931, 0.10742266125249866, 0.10742194686504114, 0.10742104918520679, 0.10742073614178849, 0.10742039805539016, 0.10741849030756534, 0.10741071219517517, 0.10738943779837373, 0.10734185640561322, 0.10726824367888432, 0.1069673516762133, 0.10660562498163173, 0.10635585201335185, 0.10629358404255507, 0.106257336717962, 0.10623277444212265, 0.10620836899164643, 0.10618937461508071, 0.10610150122746864, 0.10607826512450202, 0.1060109354363098, 0.10584753034241823, 0.10577835058877239, 0.10574218445847139, 0.10573739931569714, 0.10573641843848947, 0.10573620984688537, 0.10573617908296695, 0.10573616610506109, 0.10573616369156447, 0.10573616279447484, 0.10573616262513619, 0.10573616259916052, 0.10573616258977991, 0.1057361625883757, 0.10573616258783491, 0.10573616258761975, 0.10573616258755014, 0.10573616258748808, 0.10573616258745933, 0.1057361625874439, 0.1057361625874389, 0.1057361625874389, 0.10573616258743834, 0.10573616258743834, 0.10573616258743834, 0.10573616258743823]}, "10": {"maxiter": 1000, "fatol": 1e-10, "xatol": 1e-05, "duration": 0.20696425437927246, "fun": "0.10573616258922769", "nit": "565", "nfev": "883", "status": "0", "success": "True", "message": "Optimization terminated successfully.", "x": "[ 0.74798376  0.08318659  1.33670778 -0.61793562  0.87801946  2.0575878 ]", "final_simplex": "(array([[ 0.74798376,  0.08318659,  1.33670778, -0.61793562,  0.87801946,\n         2.0575878 ],\n       [ 0.74798233,  0.08319292,  1.3367033 , -0.61793099,  0.87801818,\n         2.05759542],\n       [ 0.74798149,  0.08318677,  1.33670906, -0.61793177,  0.87801529,\n         2.05759226],\n       [ 0.74798177,  0.0831866 ,  1.33670527, -0.61793383,  0.87802089,\n         2.05758698],\n       [ 0.74798344,  0.08318918,  1.33670686, -0.61793483,  0.87802374,\n         2.05758915],\n       [ 0.7479797 ,  0.08318959,  1.33670362, -0.61793114,  0.87801568,\n         2.05759611],\n       [ 0.74798573,  0.08317962,  1.33671175, -0.61793407,  0.87801743,\n         2.05758743]]), array([0.10573616, 0.10573616, 0.10573616, 0.10573616, 0.10573616,\n       0.10573616, 0.10573616]))", "callback": [0.7856761694603365, 0.5987506769046326, 0.5525704510373617, 0.320014786988005, 0.31022093010582474, 0.27481157029806447, 0.2030740802687918, 0.16789436311716477, 0.15662859088298964, 0.15489993453879713, 0.15003730516276637, 0.1309770339008537, 0.10935124422815967, 0.10879123105874666, 0.1084083718837684, 0.10829016936081082, 0.10824525712589006, 0.108122462668237, 0.1079517118930644, 0.10779842851580246, 0.10758345045973117, 0.10744512085377766, 0.10742933217162931, 0.10742266125249866, 0.10742194686504114, 0.10742104918520679, 0.10742073614178849, 0.10742039805539016, 0.10741849030756534, 0.10741071219517517, 0.10738943779837373, 0.10734185640561322, 0.10726824367888432, 0.1069673516762133, 0.10660562498163173, 0.10635585201335185, 0.10629358404255507, 0.106257336717962, 0.10623277444212265, 0.10620836899164643, 0.10618937461508071, 0.10610150122746864, 0.10607826512450202, 0.1060109354363098, 0.10584753034241823, 0.10577835058877239, 0.10574218445847139, 0.10573739931569714, 0.10573641843848947, 0.10573620984688537, 0.10573617908296695, 0.10573616610506109, 0.10573616369156447, 0.10573616279447484, 0.10573616262513619, 0.10573616259916052, 0.10573616258977991]}, "11": {"maxiter": 1000, "fatol": 1e-10, "xatol": 1e-10, "duration": 0.2683258056640625, "fun": "0.10573616258743823", "nit": "700", "nfev": "1169", "status": "0", "success": "True", "message": "Optimization terminated successfully.", "x": "[ 0.74798002  0.08319069  1.33670645 -0.61793104  0.87802005  2.05759306]", "final_simplex": "(array([[ 0.74798002,  0.08319069,  1.33670645, -0.61793104,  0.87802005,\n         2.05759306],\n       [ 0.74798002,  0.08319069,  1.33670645, -0.61793104,  0.87802005,\n         2.05759306],\n       [ 0.74798002,  0.08319069,  1.33670645, -0.61793104,  0.87802005,\n         2.05759306],\n       [ 0.74798002,  0.08319069,  1.33670645, -0.61793104,  0.87802005,\n         2.05759306],\n       [ 0.74798002,  0.08319069,  1.33670645, -0.61793104,  0.87802005,\n         2.05759306],\n       [ 0.74798002,  0.08319069,  1.33670645, -0.61793104,  0.87802005,\n         2.05759306],\n       [ 0.74798002,  0.08319069,  1.33670645, -0.61793104,  0.87802005,\n         2.05759306]]), array([0.10573616, 0.10573616, 0.10573616, 0.10573616, 0.10573616,\n       0.10573616, 0.10573616]))", "callback": [0.7856761694603365, 0.5987506769046326, 0.5525704510373617, 0.320014786988005, 0.31022093010582474, 0.27481157029806447, 0.2030740802687918, 0.16789436311716477, 0.15662859088298964, 0.15489993453879713, 0.15003730516276637, 0.1309770339008537, 0.10935124422815967, 0.10879123105874666, 0.1084083718837684, 0.10829016936081082, 0.10824525712589006, 0.108122462668237, 0.1079517118930644, 0.10779842851580246, 0.10758345045973117, 0.10744512085377766, 0.10742933217162931, 0.10742266125249866, 0.10742194686504114, 0.10742104918520679, 0.10742073614178849, 0.10742039805539016, 0.10741849030756534, 0.10741071219517517, 0.10738943779837373, 0.10734185640561322, 0.10726824367888432, 0.1069673516762133, 0.10660562498163173, 0.10635585201335185, 0.10629358404255507, 0.106257336717962, 0.10623277444212265, 0.10620836899164643, 0.10618937461508071, 0.10610150122746864, 0.10607826512450202, 0.1060109354363098, 0.10584753034241823, 0.10577835058877239, 0.10574218445847139, 0.10573739931569714, 0.10573641843848947, 0.10573620984688537, 0.10573617908296695, 0.10573616610506109, 0.10573616369156447, 0.10573616279447484, 0.10573616262513619, 0.10573616259916052, 0.10573616258977991, 0.1057361625883757, 0.10573616258783491, 0.10573616258761975, 0.10573616258755014, 0.10573616258748808, 0.10573616258745933, 0.1057361625874439, 0.1057361625874389, 0.1057361625874389, 0.10573616258743834, 0.10573616258743834, 0.10573616258743834, 0.10573616258743823]}}, "bfgs": {"type": "gradient", "0": {"maxiter": 100, "gtol": 1e-05, "xrtol": 1e-05, "eps": 1e-05, "duration": 0.08917498588562012, "fun": "0.10573616317993872", "jac": "[-9.35779232e-06  5.19663201e-06  3.82083254e-06  6.12628837e-06\n -5.51412249e-06  3.47180062e-06]", "hess_inv": "[[  5.9714501    7.02516378  -3.75338984   3.97042043   1.2827312\n    5.26648121]\n [  7.02516378  18.92031666 -12.31959404   5.64502582   3.56336045\n    7.89082473]\n [ -3.75338984 -12.31959404  11.06332666  -2.57838726  -2.28100737\n   -4.03590347]\n [  3.97042043   5.64502582  -2.57838726   6.73616619   0.68096093\n    5.54052394]\n [  1.2827312    3.56336045  -2.28100737   0.68096093   6.86076246\n   -3.86795696]\n [  5.26648121   7.89082473  -4.03590347   5.54052394  -3.86795696\n   13.40818623]]", "nfev": "385", "njev": "55", "status": "0", "success": "True", "message": "Optimization terminated successfully.", "x": "[-0.74801713 -3.05842074  4.47832027 -0.61791398  0.87794099  2.05765434]", "nit": "39", "callback": [0.4441117400536807, 0.38528182227132746, 0.3258877962561766, 0.22880235666562476, 0.1927048128812463, 0.18250381277302097, 0.18054841727398974, 0.1799022083012397, 0.1795870102301924, 0.17691973777476078, 0.17270781138705427, 0.16962135676445533, 0.16393768176753654, 0.15369038718040096, 0.13854969325912148, 0.1340568059759868, 0.13396230041025514, 0.13391371843490762, 0.13389673534574442, 0.13387029269264672, 0.13385247935568656, 0.13385090215211726, 0.1338494060721529, 0.13384667833968344, 0.1317838151228945, 0.13177959719600096, 0.1289905192033448, 0.12486068388592342, 0.11864521402254391, 0.1093838960139043, 0.10648184856602105, 0.10623931182006141, 0.10604616654754095, 0.10596125470213458, 0.10583113330847849, 0.10574592105726521, 0.10573692292640846, 0.105736171611442, 0.10573616317993872]}, "1": {"maxiter": 100, "gtol": 1e-05, "xrtol": 1e-05, "eps": 1e-10, "duration": 0.08746504783630371, "fun": "0.10573616335793046", "jac": "[-9.99200639e-06  1.11022293e-06 -1.11022293e-06  4.44089173e-06\n -5.55111466e-06  2.22044587e-06]", "hess_inv": "[[  6.31146507   6.87604175  -3.62518079   4.20941132   1.39956012\n    5.08823146]\n [  6.87604175  17.30397366 -10.87507525   5.77377253   3.1630903\n    7.34679324]\n [ -3.62518079 -10.87507525   9.67641567  -2.8594622   -1.92366814\n   -3.6007023 ]\n [  4.20941132   5.77377253  -2.8594622    6.56242964   0.89979878\n    5.35374041]\n [  1.39956012   3.1630903   -1.92366814   0.89979878   6.80674253\n   -4.04674595]\n [  5.08823146   7.34679324  -3.6007023    5.35374041  -4.04674595\n   13.30471535]]", "nfev": "385", "njev": "55", "status": "0", "success": "True", "message": "Optimization terminated successfully.", "x": "[-0.74796744 -3.05832019  4.47825534 -0.61786811  0.87795599  2.05771955]", "nit": "39", "callback": [0.4441104859636402, 0.3852791332031271, 0.32588473202481616, 0.22879916471279194, 0.19270247757736114, 0.182503472526521, 0.18054854059231285, 0.17990239195298663, 0.17958737566068894, 0.17691792204992418, 0.17270356988270308, 0.1696201431470753, 0.16394216091997826, 0.15370390432115277, 0.1385671007868421, 0.13405406899804762, 0.1339595310762267, 0.13391184167793013, 0.13389548361752857, 0.133869842581961, 0.13385216096758745, 0.13385059591553228, 0.13384901541137229, 0.1338461218992324, 0.13164828629008785, 0.13164449553847501, 0.12912875598504692, 0.1251252349105174, 0.11946172573151226, 0.11070351732925088, 0.10714863442668998, 0.10642399161274041, 0.1060968777897513, 0.10601122615406666, 0.10587484048119811, 0.10575171573243602, 0.1057376202663598, 0.10573618388583794, 0.10573616335793046]}, "2": {"maxiter": 100, "gtol": 1e-05, "xrtol": 1e-10, "eps": 1e-05, "duration": 0.08753728866577148, "fun": "0.10573616317993872", "jac": "[-9.35779232e-06  5.19663201e-06  3.82083254e-06  6.12628837e-06\n -5.51412249e-06  3.47180062e-06]", "hess_inv": "[[  5.9714501    7.02516378  -3.75338984   3.97042043   1.2827312\n    5.26648121]\n [  7.02516378  18.92031666 -12.31959404   5.64502582   3.56336045\n    7.89082473]\n [ -3.75338984 -12.31959404  11.06332666  -2.57838726  -2.28100737\n   -4.03590347]\n [  3.97042043   5.64502582  -2.57838726   6.73616619   0.68096093\n    5.54052394]\n [  1.2827312    3.56336045  -2.28100737   0.68096093   6.86076246\n   -3.86795696]\n [  5.26648121   7.89082473  -4.03590347   5.54052394  -3.86795696\n   13.40818623]]", "nfev": "385", "njev": "55", "status": "0", "success": "True", "message": "Optimization terminated successfully.", "x": "[-0.74801713 -3.05842074  4.47832027 -0.61791398  0.87794099  2.05765434]", "nit": "39", "callback": [0.4441117400536807, 0.38528182227132746, 0.3258877962561766, 0.22880235666562476, 0.1927048128812463, 0.18250381277302097, 0.18054841727398974, 0.1799022083012397, 0.1795870102301924, 0.17691973777476078, 0.17270781138705427, 0.16962135676445533, 0.16393768176753654, 0.15369038718040096, 0.13854969325912148, 0.1340568059759868, 0.13396230041025514, 0.13391371843490762, 0.13389673534574442, 0.13387029269264672, 0.13385247935568656, 0.13385090215211726, 0.1338494060721529, 0.13384667833968344, 0.1317838151228945, 0.13177959719600096, 0.1289905192033448, 0.12486068388592342, 0.11864521402254391, 0.1093838960139043, 0.10648184856602105, 0.10623931182006141, 0.10604616654754095, 0.10596125470213458, 0.10583113330847849, 0.10574592105726521, 0.10573692292640846, 0.105736171611442, 0.10573616317993872]}, "3": {"maxiter": 100, "gtol": 1e-05, "xrtol": 1e-10, "eps": 1e-10, "duration": 0.08605098724365234, "fun": "0.10573616335793046", "jac": "[-9.99200639e-06  1.11022293e-06 -1.11022293e-06  4.44089173e-06\n -5.55111466e-06  2.22044587e-06]", "hess_inv": "[[  6.31146507   6.87604175  -3.62518079   4.20941132   1.39956012\n    5.08823146]\n [  6.87604175  17.30397366 -10.87507525   5.77377253   3.1630903\n    7.34679324]\n [ -3.62518079 -10.87507525   9.67641567  -2.8594622   -1.92366814\n   -3.6007023 ]\n [  4.20941132   5.77377253  -2.8594622    6.56242964   0.89979878\n    5.35374041]\n [  1.39956012   3.1630903   -1.92366814   0.89979878   6.80674253\n   -4.04674595]\n [  5.08823146   7.34679324  -3.6007023    5.35374041  -4.04674595\n   13.30471535]]", "nfev": "385", "njev": "55", "status": "0", "success": "True", "message": "Optimization terminated successfully.", "x": "[-0.74796744 -3.05832019  4.47825534 -0.61786811  0.87795599  2.05771955]", "nit": "39", "callback": [0.4441104859636402, 0.3852791332031271, 0.32588473202481616, 0.22879916471279194, 0.19270247757736114, 0.182503472526521, 0.18054854059231285, 0.17990239195298663, 0.17958737566068894, 0.17691792204992418, 0.17270356988270308, 0.1696201431470753, 0.16394216091997826, 0.15370390432115277, 0.1385671007868421, 0.13405406899804762, 0.1339595310762267, 0.13391184167793013, 0.13389548361752857, 0.133869842581961, 0.13385216096758745, 0.13385059591553228, 0.13384901541137229, 0.1338461218992324, 0.13164828629008785, 0.13164449553847501, 0.12912875598504692, 0.1251252349105174, 0.11946172573151226, 0.11070351732925088, 0.10714863442668998, 0.10642399161274041, 0.1060968777897513, 0.10601122615406666, 0.10587484048119811, 0.10575171573243602, 0.1057376202663598, 0.10573618388583794, 0.10573616335793046]}, "4": {"maxiter": 100, "gtol": 1e-10, "xrtol": 1e-05, "eps": 1e-05, "duration": 0.08972001075744629, "fun": "0.10573616272414565", "jac": "[-1.22091226e-07  2.62900812e-08  3.28737038e-08 -1.78634885e-08\n  2.22044605e-11  7.23865412e-09]", "hess_inv": "[[  5.71511784   6.62381765  -3.56144043   3.6338931    1.24810663\n    4.98641449]\n [  6.62381765  18.6834796  -12.07154217   5.6559981    2.87618611\n    8.44455133]\n [ -3.56144043 -12.07154217  10.92616492  -2.39975385  -2.16532748\n   -3.96606228]\n [  3.6338931    5.6559981   -2.39975385   7.02975207  -0.22049478\n    6.5169454 ]\n [  1.24810663   2.87618611  -2.16532748  -0.22049478   7.82701017\n   -5.43649319]\n [  4.98641449   8.44455133  -3.96606228   6.5169454   -5.43649319\n   15.51389383]]", "nfev": "399", "njev": "57", "status": "0", "success": "True", "message": "Optimization terminated successfully.", "x": "[-0.74801715 -3.05845783  4.47832445 -0.61796711  0.87800938  2.05754851]", "nit": "41", "callback": [0.4441117400536807, 0.38528182227132746, 0.3258877962561766, 0.22880235666562476, 0.1927048128812463, 0.18250381277302097, 0.18054841727398974, 0.1799022083012397, 0.1795870102301924, 0.17691973777476078, 0.17270781138705427, 0.16962135676445533, 0.16393768176753654, 0.15369038718040096, 0.13854969325912148, 0.1340568059759868, 0.13396230041025514, 0.13391371843490762, 0.13389673534574442, 0.13387029269264672, 0.13385247935568656, 0.13385090215211726, 0.1338494060721529, 0.13384667833968344, 0.1317838151228945, 0.13177959719600096, 0.1289905192033448, 0.12486068388592342, 0.11864521402254391, 0.1093838960139043, 0.10648184856602105, 0.10623931182006141, 0.10604616654754095, 0.10596125470213458, 0.10583113330847849, 0.10574592105726521, 0.10573692292640846, 0.105736171611442, 0.10573616317993872, 0.10573616274991215, 0.10573616272414565]}, "5": {"maxiter": 100, "gtol": 1e-10, "xrtol": 1e-05, "eps": 1e-10, "duration": 0.09260797500610352, "fun": "0.10573616269215824", "jac": "[ 4.44089173e-06 -2.22044587e-06  0.00000000e+00  0.00000000e+00\n  1.11022293e-06  0.00000000e+00]", "hess_inv": "[[  7.19422554  17.5640728   -9.4996117    9.2550512   -2.30853601\n   14.06901178]\n [ 17.5640728   59.92834406 -31.8584765   32.34677784 -12.53051336\n   51.61673701]\n [ -9.4996117  -31.8584765   19.73638233 -16.73551145   6.30778832\n  -26.68232193]\n [  9.2550512   32.34677784 -16.73551145  20.65448904  -6.89485052\n   28.67636946]\n [ -2.30853601 -12.53051336   6.30778832  -6.89485052   9.42626351\n  -15.92757426]\n [ 14.06901178  51.61673701 -26.68232193  28.67636946 -15.92757426\n   51.27540586]]", "nfev": "413", "njev": "59", "status": "0", "success": "True", "message": "Optimization terminated successfully.", "x": "[-0.74795029 -3.05839161  4.47829909 -0.6179106   0.87802643  2.0576184 ]", "nit": "42", "callback": [0.4441104859636402, 0.3852791332031271, 0.32588473202481616, 0.22879916471279194, 0.19270247757736114, 0.182503472526521, 0.18054854059231285, 0.17990239195298663, 0.17958737566068894, 0.17691792204992418, 0.17270356988270308, 0.1696201431470753, 0.16394216091997826, 0.15370390432115277, 0.1385671007868421, 0.13405406899804762, 0.1339595310762267, 0.13391184167793013, 0.13389548361752857, 0.133869842581961, 0.13385216096758745, 0.13385059591553228, 0.13384901541137229, 0.1338461218992324, 0.13164828629008785, 0.13164449553847501, 0.12912875598504692, 0.1251252349105174, 0.11946172573151226, 0.11070351732925088, 0.10714863442668998, 0.10642399161274041, 0.1060968777897513, 0.10601122615406666, 0.10587484048119811, 0.10575171573243602, 0.1057376202663598, 0.10573618388583794, 0.10573616335793046, 0.10573616287667564, 0.10573616272224062, 0.10573616269215824]}, "6": {"maxiter": 100, "gtol": 1e-10, "xrtol": 1e-10, "eps": 1e-05, "duration": 0.09349298477172852, "fun": "0.10573616271997888", "jac": "[ 7.77156117e-11 -1.11022302e-11 -1.11022302e-11  6.66133815e-11\n  1.11022302e-11 -7.77156117e-11]", "hess_inv": "[[  6.49944109   7.44349619  -4.09258509   4.15233326   1.44842006\n    5.59276503]\n [  7.44349619  19.48428076 -12.60190813   6.15514947   3.15596722\n    8.96423191]\n [ -4.09258509 -12.60190813  11.27457243  -2.73276579  -2.33010724\n   -4.32894072]\n [  4.15233326   6.15514947  -2.73276579   7.33787986  -0.02927707\n    6.82401366]\n [  1.44842006   3.15596722  -2.33010724  -0.02927707   7.77665008\n   -5.12100698]\n [  5.59276503   8.96423191  -4.32894072   6.82401366  -5.12100698\n   15.72757109]]", "nfev": "413", "njev": "59", "status": "0", "success": "True", "message": "Optimization terminated successfully.", "x": "[-0.74801638 -3.05845698  4.4783239  -0.61796659  0.87800959  2.0575491 ]", "nit": "43", "callback": [0.4441117400536807, 0.38528182227132746, 0.3258877962561766, 0.22880235666562476, 0.1927048128812463, 0.18250381277302097, 0.18054841727398974, 0.1799022083012397, 0.1795870102301924, 0.17691973777476078, 0.17270781138705427, 0.16962135676445533, 0.16393768176753654, 0.15369038718040096, 0.13854969325912148, 0.1340568059759868, 0.13396230041025514, 0.13391371843490762, 0.13389673534574442, 0.13387029269264672, 0.13385247935568656, 0.13385090215211726, 0.1338494060721529, 0.13384667833968344, 0.1317838151228945, 0.13177959719600096, 0.1289905192033448, 0.12486068388592342, 0.11864521402254391, 0.1093838960139043, 0.10648184856602105, 0.10623931182006141, 0.10604616654754095, 0.10596125470213458, 0.10583113330847849, 0.10574592105726521, 0.10573692292640846, 0.105736171611442, 0.10573616317993872, 0.10573616274991215, 0.10573616272414565, 0.10573616272003261, 0.10573616271997888]}, "7": {"maxiter": 100, "gtol": 1e-10, "xrtol": 1e-10, "eps": 1e-10, "duration": 0.10609102249145508, "fun": "0.10573616264382535", "jac": "[ 0.00000000e+00 -1.11022293e-06  0.00000000e+00  0.00000000e+00\n  1.11022293e-06  3.33066880e-06]", "hess_inv": "[[  3.45393186   6.45410127  -4.42296142   1.90770891   0.26829166\n    3.22573691]\n [  6.45410127  39.28251111 -25.86551894   7.08154534  -4.81307802\n   17.40869571]\n [ -4.42296142 -25.86551894  19.14677705  -5.00211522   2.47167082\n  -10.86629696]\n [  1.90770891   7.08154534  -5.00211522   4.12652028   0.0776067\n    3.33928049]\n [  0.26829166  -4.81307802   2.47167082   0.0776067    3.20982288\n   -2.31008812]\n [  3.22573691  17.40869571 -10.86629696   3.33928049  -2.31008812\n    9.96337813]]", "nfev": "476", "njev": "68", "status": "0", "success": "True", "message": "Optimization terminated successfully.", "x": "[-0.74795739 -3.05836985  4.47828568 -0.61790766  0.87801832  2.05762922]", "nit": "45", "callback": [0.4441104859636402, 0.3852791332031271, 0.32588473202481616, 0.22879916471279194, 0.19270247757736114, 0.182503472526521, 0.18054854059231285, 0.17990239195298663, 0.17958737566068894, 0.17691792204992418, 0.17270356988270308, 0.1696201431470753, 0.16394216091997826, 0.15370390432115277, 0.1385671007868421, 0.13405406899804762, 0.1339595310762267, 0.13391184167793013, 0.13389548361752857, 0.133869842581961, 0.13385216096758745, 0.13385059591553228, 0.13384901541137229, 0.1338461218992324, 0.13164828629008785, 0.13164449553847501, 0.12912875598504692, 0.1251252349105174, 0.11946172573151226, 0.11070351732925088, 0.10714863442668998, 0.10642399161274041, 0.1060968777897513, 0.10601122615406666, 0.10587484048119811, 0.10575171573243602, 0.1057376202663598, 0.10573618388583794, 0.10573616335793046, 0.10573616287667564, 0.10573616272224062, 0.10573616269215824, 0.105736162644896