{"date": "2024/09/24/, 02:02:12", "conf_id": 198, "data_type": "non_lin_ind\n", "num_data_points": 2, "s_rank": 0, "unitary": "[[-0.53618537-0.34368723j,-0.12107031-0.46226139j,-0.07699282-0.46603512j,0.36022595-0.11472301j],[0.26026499-0.63450712j,-0.56616638+0.37832564j,-0.14988651+0.08458591j,0.10363514-0.16008501j],[-0.32580188-0.11070003j,-0.36476308-0.23593218j,0.02559343+0.41761608j,-0.25598305+0.6725303j],[0.07406738-0.0126433j,0.28513701+0.19483972j,-0.74939717-0.10299659j,0.29798249+0.46269921j]]", "databatch_0": {"databatch": "[[[0.23460903-0.10350619j,-0.15276057+0.18274443j,-0.2544863-0.00104083j,-0.24371309-0.01782058j],[-0.0561874-0.14390381j,-0.09197549-0.22727506j,0.09331952+0.27835594j,0.06507858+0.29964035j],[0.09374854+0.00922058j,0.04992711-0.58112831j,-0.22511437+0.03604368j,-0.00207581-0.04578933j],[0.21215961-0.09148895j,-0.05516203+0.03454884j,-0.08665358+0.02175627j,-0.1413369+0.01081281j]],[[-0.17538526-0.04711867j,-0.03669615+0.04580972j,0.02249972-0.08909439j,0.07675192-0.16386411j],[-0.03652908-0.01379096j,-0.27791229+0.28456805j,0.18838124-0.00729774j,-0.24269789+0.01389629j],[-0.13440659-0.35933807j,0.10808763+0.28643513j,-0.05904472-0.21997684j,-0.11670061+0.03535546j],[-0.26859587-0.26016319j,-0.03738846-0.1055317j,0.26557548-0.04110254j,0.36109817-0.07332276j]]]", "initial param values": "[5.97699874,2.53959485,1.03482212,1.43598438,3.07263968,5.83004126]", "nelder_mead": {"type": "gradient-free", "0": {"maxiter": 100, "fatol": 1e-05, "xatol": 1e-05, "duration": 0.03633403778076172, "fun": "0.5331020496735623", "nit": "100", "nfev": "157", "status": "2", "success": "False", "message": "Maximum number of iterations has been exceeded.", "x": "[ 9.11128135  2.54117278 -0.06883345  2.22882928  4.5164447   7.3495131 ]", "final_simplex": "(array([[ 9.11128135,  2.54117278, -0.06883345,  2.22882928,  4.5164447 ,\n         7.3495131 ],\n       [ 9.0946402 ,  2.54549146, -0.06498972,  2.2341149 ,  4.47804472,\n         7.31842534],\n       [ 9.1168965 ,  2.53867718, -0.06776912,  2.23993877,  4.51474416,\n         7.32595435],\n       [ 9.12606553,  2.50892369, -0.06974866,  2.25021387,  4.51881954,\n         7.36758348],\n       [ 9.09000687,  2.5456545 , -0.0847404 ,  2.25251326,  4.50435596,\n         7.33395919],\n       [ 9.11774596,  2.56964754, -0.0788041 ,  2.23625504,  4.47199674,\n         7.28967165],\n       [ 9.12435465,  2.54514117, -0.07080898,  2.23330088,  4.50715051,\n         7.34812943]]), array([0.53310205, 0.53315655, 0.53317301, 0.53318062, 0.53318647,\n       0.53319905, 0.53322323]))", "callback": [0.8870259065689143, 0.8029516813419326, 0.7607812459787264, 0.6424556136214137, 0.596342274113292, 0.5479459870223369, 0.534904865735907, 0.5336130122586195, 0.5333578035695347]}, "1": {"maxiter": 100, "fatol": 1e-05, "xatol": 1e-10, "duration": 0.03494596481323242, "fun": "0.5331020496735623", "nit": "100", "nfev": "157", "status": "2", "success": "False", "message": "Maximum number of iterations has been exceeded.", "x": "[ 9.11128135  2.54117278 -0.06883345  2.22882928  4.5164447   7.3495131 ]", "final_simplex": "(array([[ 9.11128135,  2.54117278, -0.06883345,  2.22882928,  4.5164447 ,\n         7.3495131 ],\n       [ 9.0946402 ,  2.54549146, -0.06498972,  2.2341149 ,  4.47804472,\n         7.31842534],\n       [ 9.1168965 ,  2.53867718, -0.06776912,  2.23993877,  4.51474416,\n         7.32595435],\n       [ 9.12606553,  2.50892369, -0.06974866,  2.25021387,  4.51881954,\n         7.36758348],\n       [ 9.09000687,  2.5456545 , -0.0847404 ,  2.25251326,  4.50435596,\n         7.33395919],\n       [ 9.11774596,  2.56964754, -0.0788041 ,  2.23625504,  4.47199674,\n         7.28967165],\n       [ 9.12435465,  2.54514117, -0.07080898,  2.23330088,  4.50715051,\n         7.34812943]]), array([0.53310205, 0.53315655, 0.53317301, 0.53318062, 0.53318647,\n       0.53319905, 0.53322323]))", "callback": [0.8870259065689143, 0.8029516813419326, 0.7607812459787264, 0.6424556136214137, 0.596342274113292, 0.5479459870223369, 0.534904865735907, 0.5336130122586195, 0.5333578035695347]}, "2": {"maxiter": 100, "fatol": 1e-10, "xatol": 1e-05, "duration": 0.035592079162597656, "fun": "0.5331020496735623", "nit": "100", "nfev": "157", "status": "2", "success": "False", "message": "Maximum number of iterations has been exceeded.", "x": "[ 9.11128135  2.54117278 -0.06883345  2.22882928  4.5164447   7.3495131 ]", "final_simplex": "(array([[ 9.11128135,  2.54117278, -0.06883345,  2.22882928,  4.5164447 ,\n         7.3495131 ],\n       [ 9.0946402 ,  2.54549146, -0.06498972,  2.2341149 ,  4.47804472,\n         7.31842534],\n       [ 9.1168965 ,  2.53867718, -0.06776912,  2.23993877,  4.51474416,\n         7.32595435],\n       [ 9.12606553,  2.50892369, -0.06974866,  2.25021387,  4.51881954,\n         7.36758348],\n       [ 9.09000687,  2.5456545 , -0.0847404 ,  2.25251326,  4.50435596,\n         7.33395919],\n       [ 9.11774596,  2.56964754, -0.0788041 ,  2.23625504,  4.47199674,\n         7.28967165],\n       [ 9.12435465,  2.54514117, -0.07080898,  2.23330088,  4.50715051,\n         7.34812943]]), array([0.53310205, 0.53315655, 0.53317301, 0.53318062, 0.53318647,\n       0.53319905, 0.53322323]))", "callback": [0.8870259065689143, 0.8029516813419326, 0.7607812459787264, 0.6424556136214137, 0.596342274113292, 0.5479459870223369, 0.534904865735907, 0.5336130122586195, 0.5333578035695347]}, "3": {"maxiter": 100, "fatol": 1e-10, "xatol": 1e-10, "duration": 0.035317182540893555, "fun": "0.5331020496735623", "nit": "100", "nfev": "157", "status": "2", "success": "False", "message": "Maximum number of iterations has been exceeded.", "x": "[ 9.11128135  2.54117278 -0.06883345  2.22882928  4.5164447   7.3495131 ]", "final_simplex": "(array([[ 9.11128135,  2.54117278, -0.06883345,  2.22882928,  4.5164447 ,\n         7.3495131 ],\n       [ 9.0946402 ,  2.54549146, -0.06498972,  2.2341149 ,  4.47804472,\n         7.31842534],\n       [ 9.1168965 ,  2.53867718, -0.06776912,  2.23993877,  4.51474416,\n         7.32595435],\n       [ 9.12606553,  2.50892369, -0.06974866,  2.25021387,  4.51881954,\n         7.36758348],\n       [ 9.09000687,  2.5456545 , -0.0847404 ,  2.25251326,  4.50435596,\n         7.33395919],\n       [ 9.11774596,  2.56964754, -0.0788041 ,  2.23625504,  4.47199674,\n         7.28967165],\n       [ 9.12435465,  2.54514117, -0.07080898,  2.23330088,  4.50715051,\n         7.34812943]]), array([0.53310205, 0.53315655, 0.53317301, 0.53318062, 0.53318647,\n       0.53319905, 0.53322323]))", "callback": [0.8870259065689143, 0.8029516813419326, 0.7607812459787264, 0.6424556136214137, 0.596342274113292, 0.5479459870223369, 0.534904865735907, 0.5336130122586195, 0.5333578035695347]}, "4": {"maxiter": 500, "fatol": 1e-05, "xatol": 1e-05, "duration": 0.14598584175109863, "fun": "0.3704762630776002", "nit": "419", "nfev": "658", "status": "0", "success": "True", "message": "Optimization terminated successfully.", "x": "[ 7.97646617  2.22682804 -1.86333044  1.41313208  4.87916089  6.00845883]", "final_simplex": "(array([[ 7.97646617,  2.22682804, -1.86333044,  1.41313208,  4.87916089,\n         6.00845883],\n       [ 7.97646636,  2.22682175, -1.86332598,  1.41313631,  4.8791611 ,\n         6.00846477],\n       [ 7.9764672 ,  2.22682464, -1.86332704,  1.4131324 ,  4.87915937,\n         6.00846768],\n       [ 7.97646154,  2.2268219 , -1.86333712,  1.41313237,  4.87916857,\n         6.0084589 ],\n       [ 7.97646904,  2.22682155, -1.86332704,  1.41313002,  4.8791577 ,\n         6.00846692],\n       [ 7.9764653 ,  2.22682136, -1.86332959,  1.41313084,  4.87916679,\n         6.00846713],\n       [ 7.97647175,  2.2268268 , -1.86333401,  1.41313272,  4.87916417,\n         6.00845824]]), array([0.37047626, 0.37047626, 0.37047626, 0.37047626, 0.37047626,\n       0.37047626, 0.37047626]))", "callback": [0.8870259065689143, 0.8029516813419326, 0.7607812459787264, 0.6424556136214137, 0.596342274113292, 0.5479459870223369, 0.534904865735907, 0.5336130122586195, 0.5333578035695347, 0.5330069289486012, 0.5328249236594453, 0.5321311801967714, 0.5304578022181987, 0.516815557446392, 0.47589309179182404, 0.4481565072734438, 0.4364431439169564, 0.4263664508208074, 0.4097950157322925, 0.38192168095078793, 0.37914832410807253, 0.3756821517220892, 0.3753051279999562, 0.37450172530094217, 0.37369760107309946, 0.37260026107262856, 0.3714572828264996, 0.3710985108047091, 0.3706691399524382, 0.37055081859564387, 0.37049128283270494, 0.37047854287550386, 0.37047664390250235, 0.3704762852778073, 0.37047627342778644, 0.37047626553513635, 0.370476263998307, 0.370476263463417, 0.37047626316095594, 0.3704762631148163, 0.3704762630812203]}, "5": {"maxiter": 500, "fatol": 1e-05, "xatol": 1e-10, "duration": 0.1762087345123291, "fun": "0.37047626307288417", "nit": "500", "nfev": "800", "status": "2", "success": "False", "message": "Maximum number of iterations has been exceeded.", "x": "[ 7.97646558  2.22682317 -1.86333328  1.41313303  4.87916046  6.0084614 ]", "final_simplex": "(array([[ 7.97646558,  2.22682317, -1.86333328,  1.41313303,  4.87916046,\n         6.0084614 ],\n       [ 7.97646559,  2.22682318, -1.8633333 ,  1.41313302,  4.87916046,\n         6.00846138],\n       [ 7.97646559,  2.22682318, -1.86333326,  1.41313304,  4.87916044,\n         6.00846141],\n       [ 7.97646557,  2.22682317, -1.86333331,  1.41313301,  4.87916045,\n         6.00846138],\n       [ 7.97646558,  2.22682318, -1.86333328,  1.41313304,  4.87916046,\n         6.00846138],\n       [ 7.9764656 ,  2.22682317, -1.86333327,  1.41313303,  4.87916045,\n         6.00846141],\n       [ 7.97646559,  2.22682316, -1.86333331,  1.41313304,  4.87916045,\n         6.00846138]]), array([0.37047626, 0.37047626, 0.37047626, 0.37047626, 0.37047626,\n       0.37047626, 0.37047626]))", "callback": [0.8870259065689143, 0.8029516813419326, 0.7607812459787264, 0.6424556136214137, 0.596342274113292, 0.5479459870223369, 0.534904865735907, 0.5336130122586195, 0.5333578035695347, 0.5330069289486012, 0.5328249236594453, 0.5321311801967714, 0.5304578022181987, 0.516815557446392, 0.47589309179182404, 0.4481565072734438, 0.4364431439169564, 0.4263664508208074, 0.4097950157322925, 0.38192168095078793, 0.37914832410807253, 0.3756821517220892, 0.3753051279999562, 0.37450172530094217, 0.37369760107309946, 0.37260026107262856, 0.3714572828264996, 0.3710985108047091, 0.3706691399524382, 0.37055081859564387, 0.37049128283270494, 0.37047854287550386, 0.37047664390250235, 0.3704762852778073, 0.37047627342778644, 0.37047626553513635, 0.370476263998307, 0.370476263463417, 0.37047626316095594, 0.3704762631148163, 0.3704762630812203, 0.3704762630773353, 0.37047626307486614, 0.37047626307330606, 0.3704762630729528, 0.3704762630729119, 0.3704762630728905, 0.3704762630728857, 0.3704762630728847]}, "6": {"maxiter": 500, "fatol": 1e-10, "xatol": 1e-05, "duration": 0.14625096321105957, "fun": "0.3704762630776002", "nit": "419", "nfev": "658", "status": "0", "success": "True", "message": "Optimization terminated successfully.", "x": "[ 7.97646617  2.22682804 -1.86333044  1.41313208  4.87916089  6.00845883]", "final_simplex": "(array([[ 7.97646617,  2.22682804, -1.86333044,  1.41313208,  4.87916089,\n         6.00845883],\n       [ 7.97646636,  2.22682175, -1.86332598,  1.41313631,  4.8791611 ,\n         6.00846477],\n       [ 7.9764672 ,  2.22682464, -1.86332704,  1.4131324 ,  4.87915937,\n         6.00846768],\n       [ 7.97646154,  2.2268219 , -1.86333712,  1.41313237,  4.87916857,\n         6.0084589 ],\n       [ 7.97646904,  2.22682155, -1.86332704,  1.41313002,  4.8791577 ,\n         6.00846692],\n       [ 7.9764653 ,  2.22682136, -1.86332959,  1.41313084,  4.87916679,\n         6.00846713],\n       [ 7.97647175,  2.2268268 , -1.86333401,  1.41313272,  4.87916417,\n         6.00845824]]), array([0.37047626, 0.37047626, 0.37047626, 0.37047626, 0.37047626,\n       0.37047626, 0.37047626]))", "callback": [0.8870259065689143, 0.8029516813419326, 0.7607812459787264, 0.6424556136214137, 0.596342274113292, 0.5479459870223369, 0.534904865735907, 0.5336130122586195, 0.5333578035695347, 0.5330069289486012, 0.5328249236594453, 0.5321311801967714, 0.5304578022181987, 0.516815557446392, 0.47589309179182404, 0.4481565072734438, 0.4364431439169564, 0.4263664508208074, 0.4097950157322925, 0.38192168095078793, 0.37914832410807253, 0.3756821517220892, 0.3753051279999562, 0.37450172530094217, 0.37369760107309946, 0.37260026107262856, 0.3714572828264996, 0.3710985108047091, 0.3706691399524382, 0.37055081859564387, 0.37049128283270494, 0.37047854287550386, 0.37047664390250235, 0.3704762852778073, 0.37047627342778644, 0.37047626553513635, 0.370476263998307, 0.370476263463417, 0.37047626316095594, 0.3704762631148163, 0.3704762630812203]}, "7": {"maxiter": 500, "fatol": 1e-10, "xatol": 1e-10, "duration": 0.19716906547546387, "fun": "0.37047626307288417", "nit": "500", "nfev": "800", "status": "2", "success": "False", "message": "Maximum number of iterations has been exceeded.", "x": "[ 7.97646558  2.22682317 -1.86333328  1.41313303  4.87916046  6.0084614 ]", "final_simplex": "(array([[ 7.97646558,  2.22682317, -1.86333328,  1.41313303,  4.87916046,\n         6.0084614 ],\n       [ 7.97646559,  2.22682318, -1.8633333 ,  1.41313302,  4.87916046,\n         6.00846138],\n       [ 7.97646559,  2.22682318, -1.86333326,  1.41313304,  4.87916044,\n         6.00846141],\n       [ 7.97646557,  2.22682317, -1.86333331,  1.41313301,  4.87916045,\n         6.00846138],\n       [ 7.97646558,  2.22682318, -1.86333328,  1.41313304,  4.87916046,\n         6.00846138],\n       [ 7.9764656 ,  2.22682317, -1.86333327,  1.41313303,  4.87916045,\n         6.00846141],\n       [ 7.97646559,  2.22682316, -1.86333331,  1.41313304,  4.87916045,\n         6.00846138]]), array([0.37047626, 0.37047626, 0.37047626, 0.37047626, 0.37047626,\n       0.37047626, 0.37047626]))", "callback": [0.8870259065689143, 0.8029516813419326, 0.7607812459787264, 0.6424556136214137, 0.596342274113292, 0.5479459870223369, 0.534904865735907, 0.5336130122586195, 0.5333578035695347, 0.5330069289486012, 0.5328249236594453, 0.5321311801967714, 0.5304578022181987, 0.516815557446392, 0.47589309179182404, 0.4481565072734438, 0.4364431439169564, 0.4263664508208074, 0.4097950157322925, 0.38192168095078793, 0.37914832410807253, 0.3756821517220892, 0.3753051279999562, 0.37450172530094217, 0.37369760107309946, 0.37260026107262856, 0.3714572828264996, 0.3710985108047091, 0.3706691399524382, 0.37055081859564387, 0.37049128283270494, 0.37047854287550386, 0.37047664390250235, 0.3704762852778073, 0.37047627342778644, 0.37047626553513635, 0.370476263998307, 0.370476263463417, 0.37047626316095594, 0.3704762631148163, 0.3704762630812203, 0.3704762630773353, 0.37047626307486614, 0.37047626307330606, 0.3704762630729528, 0.3704762630729119, 0.3704762630728905, 0.3704762630728857, 0.3704762630728847]}, "8": {"maxiter": 1000, "fatol": 1e-05, "xatol": 1e-05, "duration": 0.1470038890838623, "fun": "0.3704762630776002", "nit": "419", "nfev": "658", "status": "0", "success": "True", "message": "Optimization terminated successfully.", "x": "[ 7.97646617  2.22682804 -1.86333044  1.41313208  4.87916089  6.00845883]", "final_simplex": "(array([[ 7.97646617,  2.22682804, -1.86333044,  1.41313208,  4.87916089,\n         6.00845883],\n       [ 7.97646636,  2.22682175, -1.86332598,  1.41313631,  4.8791611 ,\n         6.00846477],\n       [ 7.9764672 ,  2.22682464, -1.86332704,  1.4131324 ,  4.87915937,\n         6.00846768],\n       [ 7.97646154,  2.2268219 , -1.86333712,  1.41313237,  4.87916857,\n         6.0084589 ],\n       [ 7.97646904,  2.22682155, -1.86332704,  1.41313002,  4.8791577 ,\n         6.00846692],\n       [ 7.9764653 ,  2.22682136, -1.86332959,  1.41313084,  4.87916679,\n         6.00846713],\n       [ 7.97647175,  2.2268268 , -1.86333401,  1.41313272,  4.87916417,\n         6.00845824]]), array([0.37047626, 0.37047626, 0.37047626, 0.37047626, 0.37047626,\n       0.37047626, 0.37047626]))", "callback": [0.8870259065689143, 0.8029516813419326, 0.7607812459787264, 0.6424556136214137, 0.596342274113292, 0.5479459870223369, 0.534904865735907, 0.5336130122586195, 0.5333578035695347, 0.5330069289486012, 0.5328249236594453, 0.5321311801967714, 0.5304578022181987, 0.516815557446392, 0.47589309179182404, 0.4481565072734438, 0.4364431439169564, 0.4263664508208074, 0.4097950157322925, 0.38192168095078793, 0.37914832410807253, 0.3756821517220892, 0.3753051279999562, 0.37450172530094217, 0.37369760107309946, 0.37260026107262856, 0.3714572828264996, 0.3710985108047091, 0.3706691399524382, 0.37055081859564387, 0.37049128283270494, 0.37047854287550386, 0.37047664390250235, 0.3704762852778073, 0.37047627342778644, 0.37047626553513635, 0.370476263998307, 0.370476263463417, 0.37047626316095594, 0.3704762631148163, 0.3704762630812203]}, "9": {"maxiter": 1000, "fatol": 1e-05, "xatol": 1e-10, "duration": 0.2059619426727295, "fun": "0.37047626307288406", "nit": "529", "nfev": "893", "status": "0", "success": "True", "message": "Optimization terminated successfully.", "x": "[ 7.97646559  2.22682317 -1.86333328  1.41313303  4.87916046  6.0084614 ]", "final_simplex": "(array([[ 7.97646559,  2.22682317, -1.86333328,  1.41313303,  4.87916046,\n         6.0084614 ],\n       [ 7.97646559,  2.22682317, -1.86333328,  1.41313303,  4.87916046,\n         6.0084614 ],\n       [ 7.97646559,  2.22682317, -1.86333328,  1.41313303,  4.87916046,\n         6.0084614 ],\n       [ 7.97646559,  2.22682317, -1.86333328,  1.41313303,  4.87916046,\n         6.0084614 ],\n       [ 7.97646559,  2.22682317, -1.86333328,  1.41313303,  4.87916046,\n         6.0084614 ],\n       [ 7.97646559,  2.22682317, -1.86333328,  1.41313303,  4.87916046,\n         6.0084614 ],\n       [ 7.97646559,  2.22682317, -1.86333328,  1.41313303,  4.87916046,\n         6.0084614 ]]), array([0.37047626, 0.37047626, 0.37047626, 0.37047626, 0.37047626,\n       0.37047626, 0.37047626]))", "callback": [0.8870259065689143, 0.8029516813419326, 0.7607812459787264, 0.6424556136214137, 0.596342274113292, 0.5479459870223369, 0.534904865735907, 0.5336130122586195, 0.5333578035695347, 0.5330069289486012, 0.5328249236594453, 0.5321311801967714, 0.5304578022181987, 0.516815557446392, 0.47589309179182404, 0.4481565072734438, 0.4364431439169564, 0.4263664508208074, 0.4097950157322925, 0.38192168095078793, 0.37914832410807253, 0.3756821517220892, 0.3753051279999562, 0.37450172530094217, 0.37369760107309946, 0.37260026107262856, 0.3714572828264996, 0.3710985108047091, 0.3706691399524382, 0.37055081859564387, 0.37049128283270494, 0.37047854287550386, 0.37047664390250235, 0.3704762852778073, 0.37047627342778644, 0.37047626553513635, 0.370476263998307, 0.370476263463417, 0.37047626316095594, 0.3704762631148163, 0.3704762630812203, 0.3704762630773353, 0.37047626307486614, 0.37047626307330606, 0.3704762630729528, 0.3704762630729119, 0.3704762630728905, 0.3704762630728857, 0.3704762630728847, 0.37047626307288417, 0.37047626307288406, 0.37047626307288406]}, "10": {"maxiter": 1000, "fatol": 1e-10, "xatol": 1e-05, "duration": 0.19931983947753906, "fun": "0.3704762630776002", "nit": "419", "nfev": "658", "status": "0", "success": "True", "message": "Optimization terminated successfully.", "x": "[ 7.97646617  2.22682804 -1.86333044  1.41313208  4.87916089  6.00845883]", "final_simplex": "(array([[ 7.97646617,  2.22682804, -1.86333044,  1.41313208,  4.87916089,\n         6.00845883],\n       [ 7.97646636,  2.22682175, -1.86332598,  1.41313631,  4.8791611 ,\n         6.00846477],\n       [ 7.9764672 ,  2.22682464, -1.86332704,  1.4131324 ,  4.87915937,\n         6.00846768],\n       [ 7.97646154,  2.2268219 , -1.86333712,  1.41313237,  4.87916857,\n         6.0084589 ],\n       [ 7.97646904,  2.22682155, -1.86332704,  1.41313002,  4.8791577 ,\n         6.00846692],\n       [ 7.9764653 ,  2.22682136, -1.86332959,  1.41313084,  4.87916679,\n         6.00846713],\n       [ 7.97647175,  2.2268268 , -1.86333401,  1.41313272,  4.87916417,\n         6.00845824]]), array([0.37047626, 0.37047626, 0.37047626, 0.37047626, 0.37047626,\n       0.37047626, 0.37047626]))", "callback": [0.8870259065689143, 0.8029516813419326, 0.7607812459787264, 0.6424556136214137, 0.596342274113292, 0.5479459870223369, 0.534904865735907, 0.5336130122586195, 0.5333578035695347, 0.5330069289486012, 0.5328249236594453, 0.5321311801967714, 0.5304578022181987, 0.516815557446392, 0.47589309179182404, 0.4481565072734438, 0.4364431439169564, 0.4263664508208074, 0.4097950157322925, 0.38192168095078793, 0.37914832410807253, 0.3756821517220892, 0.3753051279999562, 0.37450172530094217, 0.37369760107309946, 0.37260026107262856, 0.3714572828264996, 0.3710985108047091, 0.3706691399524382, 0.37055081859564387, 0.37049128283270494, 0.37047854287550386, 0.37047664390250235, 0.3704762852778073, 0.37047627342778644, 0.37047626553513635, 0.370476263998307, 0.370476263463417, 0.37047626316095594, 0.3704762631148163, 0.3704762630812203]}, "11": {"maxiter": 1000, "fatol": 1e-10, "xatol": 1e-10, "duration": 0.21114706993103027, "fun": "0.37047626307288406", "nit": "529", "nfev": "893", "status": "0", "success": "True", "message": "Optimization terminated successfully.", "x": "[ 7.97646559  2.22682317 -1.86333328  1.41313303  4.87916046  6.0084614 ]", "final_simplex": "(array([[ 7.97646559,  2.22682317, -1.86333328,  1.41313303,  4.87916046,\n         6.0084614 ],\n       [ 7.97646559,  2.22682317, -1.86333328,  1.41313303,  4.87916046,\n         6.0084614 ],\n       [ 7.97646559,  2.22682317, -1.86333328,  1.41313303,  4.87916046,\n         6.0084614 ],\n       [ 7.97646559,  2.22682317, -1.86333328,  1.41313303,  4.87916046,\n         6.0084614 ],\n       [ 7.97646559,  2.22682317, -1.86333328,  1.41313303,  4.87916046,\n         6.0084614 ],\n       [ 7.97646559,  2.22682317, -1.86333328,  1.41313303,  4.87916046,\n         6.0084614 ],\n       [ 7.97646559,  2.22682317, -1.86333328,  1.41313303,  4.87916046,\n         6.0084614 ]]), array([0.37047626, 0.37047626, 0.37047626, 0.37047626, 0.37047626,\n       0.37047626, 0.37047626]))", "callback": [0.8870259065689143, 0.8029516813419326, 0.7607812459787264, 0.6424556136214137, 0.596342274113292, 0.5479459870223369, 0.534904865735907, 0.5336130122586195, 0.5333578035695347, 0.5330069289486012, 0.5328249236594453, 0.5321311801967714, 0.5304578022181987, 0.516815557446392, 0.47589309179182404, 0.4481565072734438, 0.4364431439169564, 0.4263664508208074, 0.4097950157322925, 0.38192168095078793, 0.37914832410807253, 0.3756821517220892, 0.3753051279999562, 0.37450172530094217, 0.37369760107309946, 0.37260026107262856, 0.3714572828264996, 0.3710985108047091, 0.3706691399524382, 0.37055081859564387, 0.37049128283270494, 0.37047854287550386, 0.37047664390250235, 0.3704762852778073, 0.37047627342778644, 0.37047626553513635, 0.370476263998307, 0.370476263463417, 0.37047626316095594, 0.3704762631148163, 0.3704762630812203, 0.3704762630773353, 0.37047626307486614, 0.37047626307330606, 0.3704762630729528, 0.3704762630729119, 0.3704762630728905, 0.3704762630728857, 0.3704762630728847, 0.37047626307288417, 0.37047626307288406, 0.37047626307288406]}}, "bfgs": {"type": "gradient", "0": {"maxiter": 100, "gtol": 1e-05, "xrtol": 1e-05, "eps": 1e-05, "duration": 0.06936478614807129, "fun": "0.3704762631887064", "jac": "[2.86654034e-06 3.39197559e-06 3.84029475e-06 8.54558646e-06\n 3.55363516e-06 2.01513251e-06]", "hess_inv": "[[ 3.92537712  0.21193387 -0.69343271  0.4143364   1.56099553 -0.91573563]\n [ 0.21193387  5.02534985 -0.10782017  0.14667904 -0.20559422 -2.29905361]\n [-0.69343271 -0.10782017  5.55557782 -1.78311725 -1.13705161  2.93544727]\n [ 0.4143364   0.14667904 -1.78311725  4.55165005  0.37546445 -0.78199884]\n [ 1.56099553 -0.20559422 -1.13705161  0.37546445  4.30692598 -1.13752315]\n [-0.91573563 -2.29905361  2.93544727 -0.78199884 -1.13752315  5.9955617 ]]", "nfev": "301", "njev": "43", "status": "0", "success": "True", "message": "Optimization terminated successfully.", "x": "[10.87309953  5.36842517  1.27825734  4.87007855  1.73757708  2.86686517]", "nit": "29", "callback": [0.635070492148066, 0.4281734625353042]}, "1": {"maxiter": 100, "gtol": 1e-05, "xrtol": 1e-05, "eps": 1e-10, "duration": 0.07369208335876465, "fun": "0.3704762631953026", "jac": "[-1.11022293e-06 -2.22044587e-06  2.22044587e-06  1.11022293e-06\n  4.44089173e-06  1.11022293e-06]", "hess_inv": "[[ 3.76361127  0.34387764 -0.62750321  0.47612801  1.46861284 -0.89281209]\n [ 0.34387764  5.70096059 -0.93014742  0.62791455 -0.49661164 -3.25903127]\n [-0.62750321 -0.93014742  5.24229713 -1.79957411 -0.91279411  3.12060891]\n [ 0.47612801  0.62791455 -1.79957411  4.74671759  0.34279427 -1.4643513 ]\n [ 1.46861284 -0.49661164 -0.91279411  0.34279427  4.17457893 -0.71593558]\n [-0.89281209 -3.25903127  3.12060891 -1.4643513  -0.71593558  6.83492768]]", "nfev": "315", "njev": "45", "status": "0", "success": "True", "message": "Optimization terminated successfully.", "x": "[10.87309209  5.3683978   1.27827731  4.87005569  1.73758098  2.86689432]", "nit": "33", "callback": [0.6349881815924976, 0.44736563769910764, 0.3704865235731317]}, "2": {"maxiter": 100, "gtol": 1e-05, "xrtol": 1e-10, "eps": 1e-05, "duration": 0.07147908210754395, "fun": "0.3704762631887064", "jac": "[2.86654034e-06 3.39197559e-06 3.84029475e-06 8.54558646e-06\n 3.55363516e-06 2.01513251e-06]", "hess_inv": "[[ 3.92537712  0.21193387 -0.69343271  0.4143364   1.56099553 -0.91573563]\n [ 0.21193387  5.02534985 -0.10782017  0.14667904 -0.20559422 -2.29905361]\n [-0.69343271 -0.10782017  5.55557782 -1.78311725 -1.13705161  2.93544727]\n [ 0.4143364   0.14667904 -1.78311725  4.55165005  0.37546445 -0.78199884]\n [ 1.56099553 -0.20559422 -1.13705161  0.37546445  4.30692598 -1.13752315]\n [-0.91573563 -2.29905361  2.93544727 -0.78199884 -1.13752315  5.9955617 ]]", "nfev": "301", "njev": "43", "status": "0", "success": "True", "message": "Optimization terminated successfully.", "x": "[10.87309953  5.36842517  1.27825734  4.87007855  1.73757708  2.86686517]", "nit": "29", "callback": [0.635070492148066, 0.4281734625353042]}, "3": {"maxiter": 100, "gtol": 1e-05, "xrtol": 1e-10, "eps": 1e-10, "duration": 0.07336020469665527, "fun": "0.3704762631953026", "jac": "[-1.11022293e-06 -2.22044587e-06  2.22044587e-06  1.11022293e-06\n  4.44089173e-06  1.11022293e-06]", "hess_inv": "[[ 3.76361127  0.34387764 -0.62750321  0.47612801  1.46861284 -0.89281209]\n [ 0.34387764  5.70096059 -0.93014742  0.62791455 -0.49661164 -3.25903127]\n [-0.62750321 -0.93014742  5.24229713 -1.79957411 -0.91279411  3.12060891]\n [ 0.47612801  0.62791455 -1.79957411  4.74671759  0.34279427 -1.4643513 ]\n [ 1.46861284 -0.49661164 -0.91279411  0.34279427  4.17457893 -0.71593558]\n [-0.89281209 -3.25903127  3.12060891 -1.4643513  -0.71593558  6.83492768]]", "nfev": "315", "njev": "45", "status": "0", "success": "True", "message": "Optimization terminated successfully.", "x": "[10.87309209  5.3683978   1.27827731  4.87005569  1.73758098  2.86689432]", "nit": "33", "callback": [0.6349881815924976, 0.44736563769910764, 0.3704865235731317]}, "4": {"maxiter": 100, "gtol": 1e-10, "xrtol": 1e-05, "eps": 1e-05, "duration": 0.07155799865722656, "fun": "0.37047626309506454", "jac": "[ 3.93363120e-07  9.78661596e-08 -1.10722542e-07 -3.32245342e-07\n -3.39839268e-08 -1.12132525e-09]", "hess_inv": "[[ 3.85711542  0.15936006 -0.72024104  0.28368236  1.5001256  -0.91654845]\n [ 0.15936006  4.98717353 -0.13380679  0.05703963 -0.24718323 -2.28750831]\n [-0.72024104 -0.13380679  5.55736436 -1.85977143 -1.17316222  2.90705567]\n [ 0.28368236  0.05703963 -1.85977143  4.35372777  0.28407519 -0.72578521]\n [ 1.5001256  -0.24718323 -1.17316222  0.28407519  4.2647439  -1.11042565]\n [-0.91654845 -2.28750831  2.90705567 -0.72578521 -1.11042565  6.05954409]]", "nfev": "308", "njev": "44", "status": "0", "success": "True", "message": "Optimization terminated successfully.", "x": "[10.8730848   5.36841331  1.27825272  4.87004794  1.73756278  2.86686233]", "nit": "30", "callback": [0.635070492148066, 0.4281734625353042, 0.37047626309506454]}, "5": {"maxiter": 100, "gtol": 1e-10, "xrtol": 1e-05, "eps": 1e-10, "duration": 0.07404279708862305, "fun": "0.37047626308809833", "jac": "[ 1.11022293e-06  0.00000000e+00 -1.11022293e-06  2.22044587e-06\n -2.22044587e-06  1.11022293e-06]", "hess_inv": "[[ 3.76282558  0.29808594 -0.60191418  0.47451615  1.50091122 -0.85338676]\n [ 0.29808594  4.83533283 -0.6678759   0.61487081 -0.45122724 -2.7401583 ]\n [-0.60191418 -0.6678759   5.24668396 -1.80222037 -0.71254849  3.04912553]\n [ 0.47451615  0.61487081 -1.80222037  4.74704026  0.32663857 -1.46327858]\n [ 1.50091122 -0.45122724 -0.71254849  0.32663857  4.71834047 -0.52435576]\n [-0.85338676 -2.7401583   3.04912553 -1.46327858 -0.52435576  6.61155068]]", "nfev": "322", "njev": "46", "status": "0", "success": "True", "message": "Optimization terminated successfully.", "x": "[10.87309202  5.36841472  1.27826529  4.87005648  1.7375625   2.86687713]", "nit": "34", "callback": [0.6349881815924976, 0.44736563769910764, 0.3704865235731317]}, "6": {"maxiter": 100, "gtol": 1e-10, "xrtol": 1e-10, "eps": 1e-05, "duration": 0.13686108589172363, "fun": "0.37047626309506454", "jac": "[ 3.93363120e-07  9.78661596e-08 -1.10722542e-07 -3.32245342e-07\n -3.39839268e-08 -1.12132525e-09]", "hess_inv": "[[ 3.96590945  0.22513509 -0.71116453  0.36380254  1.57196171 -0.92757256]\n [ 0.22513509  5.02258913 -0.13332328  0.07630839 -0.21049718 -2.30056989]\n [-0.71116453 -0.13332328  5.55236642 -1.8866366  -1.1749264   2.89877914]\n [ 0.36380254  0.07630839 -1.8866366   4.21715657  0.29175707 -0.77678992]\n [ 1.57196171 -0.21049718 -1.1749264   0.29175707  4.30172084 -1.12762099]\n [-0.92757256 -2.30056989  2.89877914 -0.77678992 -1.12762099  6.051257  ]]", "nfev": "607", "njev": "85", "status": "2", "success": "False", "message": "Desired error not necessarily achieved due to precision loss.", "x": "[10.8730848   5.36841331  1.27825272  4.87004794  1.73756278  2.86686233]", "nit": "30", "callback": [0.635070492148066, 0.4281734625353042, 0.37047626309506454]}, "7": {"maxiter": 100, "gtol": 1e-10, "xrtol": 1e-10, "eps": 1e-10, "duration": 0.08768010139465332, "fun": "0.3704762630809141", "jac": "[2.22044587e-06 2.22044587e-06 3.33066880e-06 0.00000000e+00\n 2.22044587e-06 1.11022293e-06]", "hess_inv": "[[ 2.3653784   1.25532355  1.21413029 -3.26827584  2.45972296 -1.6728214 ]\n [ 1.25532355  6.30347485 -0.98160215 -3.297262    1.91601839 -5.91655598]\n [ 1.21413029 -0.98160215  3.32643765  0.13832877 -0.56347735  2.45610989]\n [-3.26827584 -3.297262    0.13832877 14.70233753 -6.51573676  7.79471316]\n [ 2.45972296  1.91601839 -0.56347735 -6.51573676  8.52021077 -5.32940227]\n [-1.6728214  -5.91655598  2.45610989  7.79471316 -5.32940227 12.72231756]]", "nfev": "385", "njev": "55", "status": "0", "success": "True", "message": "Optimization terminated successfully.", "x": "[10.87309069  5.36841726  1.27826776  4.87004787  1.73756579  2.86687346]", "nit": "36", "callback": [0.6349881815924976, 0.44736563769910764, 0.3704865235731317]}, "8": {"maxiter": 500, "gtol": 1e-05, "xrtol": 1e-05, "eps": 1e-05, "duration": 0.06843209266662598, "fun": "0.3704762631887064", "jac": "[2.86654034e-06 3.39197559e-06 3.84029475e-06 8.54558646e-06\n 3.55363516e-06 2.01513251e-06]", "hess_inv": "[[ 3.92537712  0.21193387 -0.69343271  0.4143364   1.56099553 -0.91573563]\n [ 0.21193387  5.02534985 -0.10782017  0.14667904 -0.20559422 -2.29905361]\n [-0.69343271 -0.10782017  5.55557782 -1.78311725 -1.13705161  2.93544727]\n [ 0.4143364   0.14667904 -1.78311725  4.55165005  0.37546445 -0.78199884]\n [ 1.56099553 -0.20559422 -1.13705161  0.37546445  4.30692598 -1.13752315]\n [-0.91573563 -2.29905361  2.93544727 -0.78199884 -1.13752315  5.9955617 ]]", "nfev": "301", "njev": "43", "status": "0", "success": "True", "message": "Optimization terminated successfully.", "x": "[10.87309953  5.36842517  1.27825734  4.87007855  1.73757708  2.86686517]", "nit": "29", "callback": [0.635070492148066, 0.4281734625353042]}, "9": {"maxiter": 500, "gtol": 1e-05, "xrtol": 1e-05, "eps": 1e-10, "duration": 0.07132196426391602, "fun": "0.3704762631953026", "jac": "[-1.11022293e-06 -2.22044587e-06  2.22044587e-06  1.11022293e-06\n  4.44089173e-06  1.11022293e-06]", "hess_inv": "[[ 3.76361127  0.34387764 -0.62750321  0.47612801  1.46861284 -0.89281209]\n [ 0.34387764  5.70096059 -0.93014742  0.62791455 -0.49661164 -3.25903127]\n [-0.62750321 -0.93014742  5.24229713 -1.79957411 -0.91279411  3.12060891]\n [ 0.47612801  0.62791455 -1.79957411  4.74671759  0.34279427 -1.4643513 ]\n [ 1.46861284 -0.49661164 -0.91279411  0.34279427  4.17457893 -0.71593558]\n [-0.89281209 -3.25903127  3.12060891 -1.4643513  -0.71593558  6.83492768]]", "nfev": "315", "njev": "45", "status": "0", "success": "True", "message": "Optimization terminated successfully.", "x": "[10.87309209  5.3683978   1.27827731  4.87005569  1.73758098  2.86689432]", "nit": "33", "callback": [0.6349881815924976, 0.44736563769910764, 0.3704865235731317]}, "10": {"maxiter": 500, "gtol": 1e-05, "xrtol": 1e-10, "eps": 1e-05, "duration": 0.06775307655334473, "fun": "0.3704762631887064", "jac": "[2.86654034e-06 3.39197559e-06 3.84029475e-06 8.54558646e-06\n 3.55363516e-06 2.01513251e-06]", "hess_inv": "[[ 3.92537712  0.21193387 -0.69343271  0.4143364   1.56099553 -0.91573563]\n [ 0.21193387  5.02534985 -0.10782017  0.14667904 -0.20559422 -2.29905361]\n [-0.69343271 -0.10782017  5.55557782 -1.78311725 -1.13705161  2.93544727]\n [ 0.4143364   0.14667904 -1.78311725  4.55165005  0.37546445 -0.78199884]\n [ 1.56099553 -0.20559422 -1.13705161  0.37546445  4.30692598 -1.13752315]\n [-0.91573563 -2.29905361  2.93544727 -0.78199884 -1.13752315  5.9955617 ]]", "nfev": "301", "njev": "43", "status": "0", "success": "True", "message": "Optimization terminated successfully.", "x": "[10.87309953  5.36842517  1.27825734  4.87007855  1.73757708  2.86686517]", "nit": "29", "callback": [0.635070492148066, 0.4281734625353042]}, "11": {"maxiter": 500, "gtol": 1e-05, "xrtol": 1e-10, "eps": 1e-10, "duration": 0.07123780250549316, "fun": "0.3704762631953026", "jac": "[-1.11022293e-06 -2.22044587e-06  2.22044587e-06  1.11022293e-06\n  4.44089173e-06  1.11022293e-06]", "hess_inv": "[[ 3.76361127  0.34387764 -0.62750321  0.47612801  1.46861284 -0.89281209]\n [ 0.34387764  5.70096059 -0.93014742  0.62791455 -0.49661164 -3.25903127]\n [-0.62750321 -0.93014742  5.24229713 -1.79957411 -0.91279411  3.12060891]\n [ 0.47612801  0.62791455 -1.79957411  4.74671759  0.34279427 -1.4643513 ]\n [ 1.46861284 -0.49661164 -0.91279411  0.34279427  4.17457893 -0.71593558]\n [-0.89281209 -3.25903127  3.12060891 -1.4643513  -0.71593558  6.83492768]]", "nfev": "315", "njev": "45", "status": "0", "success": "True", "message": "Optimization terminated successfully.", "x": "[10.87309209  5.3683978   1.27827731  4.87005569  1.73758098  2.86689432]", "nit": "33", "callback": [0.6349881815924976, 0.44736563769910764, 0.3704865235731317]}, "12": {"maxiter": 500, "gtol": 1e-10, "xrtol": 1e-05, "eps": 1e-05, "duration": 0.06975889205932617, "fun": "0.37047626309506454", "jac": "[ 3.93363120e-07  9.78661596e-08 -1.10722542e-07 -3.32245342e-07\n -3.39839268e-08 -1.12132525e-09]", "hess_inv": "[[ 3.85711542  0.15936006 -0.72024104  0.28368236  1.5001256  -0.91654845]\n [ 0.15936006  4.98717353 -0.13380679  0.05703963 -0.24718323 -2.28750831]\n [-0.72024104 -0.13380679  5.55736436 -1.85977143 -1.17316222  2.90705567]\n [ 0.28368236  0.05703963 -1.85977143  4.35372777  0.28407519 -0.72578521]\n [ 1.5001256  -0.24718323 -1.17316222  0.28407519  4.2647439  -1.11042565]\n [-0.91654845 -2.28750831  2.90705567 -0.72578521 -1.11042565  6.05954409]]", "nfev": "308", "njev": "44", "status": "0", "success": "True", "message": "Optimization terminated successfully.", "x": "[10.8730848   5.36841331  1.27825272  4.87004794  1.73756278  2.86686233]", "nit": "30", "callback": [0.635070492148066, 0.4281734625353042, 0.37047626309506454]}, "13": {"maxiter": 500, "gtol": 1e-10, "xrtol": 1e-05, "eps": 1e-10, "duration": 0.07285881042480469, "fun": "0.37047626308809833", "jac": "[ 1.11022293e-06  0.00000000e+00 -1.11022293e-06  2.22044587e-06\n -2.22044587e-06  1.11022293e-06]", "hess_inv": "[[ 3.76282558  0.29808594 -0.60191418  0.47451615  1.50091122 -0.85338676]\n [ 0.29808594  4.83533283 -0.6678759   0.61487081 -0.45122724 -2.7401583 ]\n [-0.60191418 -0.6678759   5.24668396 -1.80222037 -0.71254849  3.04912553]\n [ 0.47451615  0.61487081 -1.80222037  4.74704026  0.32663857 -1.46327858]\n [ 1.50091122 -0.45122724 -0.71254849  0.32663857  4.71834047 -0.52435576]\n [-0.85338676 -2.7401583   3.04912553 -1.46327858 -0.52435576  6.61155068]]", "nfev": "322", "njev": "46", "status": "0", "success": "True", "message": "Optimization terminated successfully.", "x": "[10.87309202  5.36841472  1.27826529  4.87005648  1.7375625   2.86687713]", "nit": "34", "callback": [0.6349881815924976, 0.44736563769910764, 0.3704865235731317]}, "14": {"maxiter": 500, "gtol": 1e-10, "xrtol": 1e-10, "eps": 1e-05, "duration": 0.1363058090209961, "fun": "0.37047626309506454", "jac": "[ 3.93363120e-07  9.78661596e-08 -1.10722542e-07 -3.32245342e-07\n -3.39839268e-08 -1.12132525e-09]", "hess_inv": "[[ 3.96590945  0.22513509 -0.71116453  0.36380254  1.57196171 -0.92757256]\n [ 0.22513509  5.02258913 -0.13332328  0.07630839 -0.21049718 -2.30056989]\n [-0.71116453 -0.13332328  5.55236642 -1.8866366  -1.1749264   2.89877914]\n [ 0.36380254  0.07630839 -1.8866366   4.21715657  0.29175707 -0.77678992]\n [ 1.57196171 -0.21049718 -1.1749264   0.29175707  4.30172084 -1.12762099]\n [-0.92757256 -2.30056989  2.89877914 -0.77678992 -1.12762099  6.051257  ]]", "nfev": "607", "njev": "85", "status": "2", "success": "False", "message": "Desired error not necessarily achieved due to precision loss.", "x": "[10.8730848   5.36841331  1.27825272  4.87004794  1.73756278  2.86686233]", "nit": "30", "callback": [0.635070492148066, 0.4281734625353042, 0.37047626309506454]}, "15": {"maxiter": 500, "gtol": 1e-10, "xrtol": 1e-10, "eps": 1e-10, "duration": 0.08608102798461914, "fun": "0.3704762630809141", "jac": "[2.22044587e-06 2.22044587e-06 3.33066880e-06 0.00000000e+00\n 2.22044587e-06 1.11022293e-06]", "hess_inv": "[[ 2.3653784   1.25532355  1.21413029 -3.26827584  2.45972296 -1.6728214 ]\n [ 1.25532355  6.30347485 -0.98160215 -3.297262    1.91601839 -5.91655598]\n [ 1.21413029 -0.98160215  3.32643765  0.13832877 -0.56347735  2.45610989]\n [-3.26827584 -3.297262    0.13832877 14.70233753 -6.51573676  7.79471316]\n [ 2.45972296  1.91601839 -0.56347735 -6.51573676  8.52021077 -5.32940227]\n [-1.6728214  -5.91655598  2.45610989  7.79471316 -5.32940227 12.72231756]]", "nfev": "385", "njev": "55", "status": "0", "success": "True", "message": "Optimization terminated successfully.", "x": "[10.87309069  5.36841726  1.27826776  4.87004787  1.73756579  2.86687346]", "nit": "36", "callback": [0.6349881815924976, 0.44736563769910764, 0.3704865235731317]}, "16": {"maxiter": 1000, "gtol": 1e-05, "xrtol": 1e-05, "eps": 1e-05, "duration": 0.06776022911071777, "fun": "0.3704762631887064", "jac": "[2.86654034e-06 3.39197559e-06 3.84029475e-06 8.54558646e-06\n 3.55363516e-06 2.01513251e-06]", "hess_inv": "[[ 3.92537712  0.21193387 -0.69343271  0.4143364   1.56099553 -0.91573563]\n [ 0.21193387  5.02534985 -0.10782017  0.14667904 -0.20559422 -2.29905361]\n [-0.69343271 -0.10782017  5.55557782 -1.78311725 -1.13705161  2.93544727]\n [ 0.4143364   0.14667904 -1.78311725  4.55165005  0.37546445 -0.78199884]\n [ 1.56099553 -0.20559422 -1.13705161  0.37546445  4.30692598 -1.13752315]\n [-0.91573563 -2.29905361  2.93544727 -0.78199884 -1.13752315  5.9955617 ]]", "nfev": "301", "njev": "43", "status": "0", "success": "True", "message": "Optimization terminated successfully.", "x": "[10.87309953  5.36842517  1.27825734  4.87007855  1.73757708  2.86686517]