{"date": "2024/10/08/, 17:46:38", "conf_id": 17, "data_type": "random\n", "num_data_points": 1, "s_rank": 0, "unitary": "[[0.18663085-0.53122324j,-0.11886349-0.70040876j,0.28555095-0.02789305j,-0.12262021-0.2844587j],[-0.16702216+0.27758472j,0.27526351-0.29738586j,-0.01109314+0.22495461j,-0.77239203+0.28900673j],[0.61935415+0.12301792j,-0.31269928-0.03315917j,-0.61902762-0.19039079j,-0.27120731-0.0968989j],[0.42341754+0.0023929j,-0.05847358+0.47832119j,0.64900495-0.16218422j,-0.37182676-0.05229966j]]", "databatch_0": {"databatch": "[[[-0.09982213+0.05819637j,0.31559628+0.24783365j,-0.05027755+0.05376914j,0.03308919+0.03876535j],[-0.39564916+0.05259059j,-0.09499137-0.27218948j,0.30705689-0.14329855j,-0.09573405+0.15976143j],[-0.09081101-0.07081308j,0.07351958-0.1239636j,-0.31941774-0.14176635j,-0.06290594+0.04970175j],[-0.23544923+0.10103484j,0.03443063-0.16947653j,0.03709228-0.12486005j,-0.25406452-0.29331742j]]]", "initial param values": "[0.3883058,4.22129769,4.57900334,3.96624527,6.27300087,5.56757312]", "nelder_mead": {"type": "gradient-free", "0": {"maxiter": 100, "fatol": 1e-05, "xatol": 1e-05, "duration": 0.04634404182434082, "fun": "0.4770782925650744", "nit": "100", "nfev": "161", "status": "2", "success": "False", "message": "Maximum number of iterations has been exceeded.", "x": "[0.21892423 6.63122429 4.50335928 3.92952611 4.74167597 6.74726403]", "final_simplex": "(array([[0.21892423, 6.63122429, 4.50335928, 3.92952611, 4.74167597,\n        6.74726403],\n       [0.21919199, 6.61000938, 4.52138807, 3.96235849, 4.65416029,\n        6.77579934],\n       [0.21702897, 6.58660154, 4.53363025, 3.99529373, 4.68559849,\n        6.73372272],\n       [0.20687   , 6.71423377, 4.51369949, 4.02007196, 4.69712481,\n        6.72641382],\n       [0.20785083, 6.6888284 , 4.47888048, 4.04754857, 4.69539093,\n        6.74744408],\n       [0.20572571, 6.62590038, 4.48084911, 3.97809328, 4.81518247,\n        6.88572354],\n       [0.2103661 , 6.61408102, 4.56836739, 4.00507594, 4.71838284,\n        6.78360036]]), array([0.47707829, 0.47892152, 0.48065962, 0.48081608, 0.48089189,\n       0.48157817, 0.48233515]))", "callback": [0.9630150722668154, 0.6479905926132237, 0.6084645108884712, 0.570607376187094, 0.5528196099170637, 0.540475600168988, 0.5050626828289323, 0.48635936860332996, 0.4849929184251457, 0.48233515255633697]}, "1": {"maxiter": 100, "fatol": 1e-05, "xatol": 1e-10, "duration": 0.04745602607727051, "fun": "0.4770782925650744", "nit": "100", "nfev": "161", "status": "2", "success": "False", "message": "Maximum number of iterations has been exceeded.", "x": "[0.21892423 6.63122429 4.50335928 3.92952611 4.74167597 6.74726403]", "final_simplex": "(array([[0.21892423, 6.63122429, 4.50335928, 3.92952611, 4.74167597,\n        6.74726403],\n       [0.21919199, 6.61000938, 4.52138807, 3.96235849, 4.65416029,\n        6.77579934],\n       [0.21702897, 6.58660154, 4.53363025, 3.99529373, 4.68559849,\n        6.73372272],\n       [0.20687   , 6.71423377, 4.51369949, 4.02007196, 4.69712481,\n        6.72641382],\n       [0.20785083, 6.6888284 , 4.47888048, 4.04754857, 4.69539093,\n        6.74744408],\n       [0.20572571, 6.62590038, 4.48084911, 3.97809328, 4.81518247,\n        6.88572354],\n       [0.2103661 , 6.61408102, 4.56836739, 4.00507594, 4.71838284,\n        6.78360036]]), array([0.47707829, 0.47892152, 0.48065962, 0.48081608, 0.48089189,\n       0.48157817, 0.48233515]))", "callback": [0.9630150722668154, 0.6479905926132237, 0.6084645108884712, 0.570607376187094, 0.5528196099170637, 0.540475600168988, 0.5050626828289323, 0.48635936860332996, 0.4849929184251457, 0.48233515255633697]}, "2": {"maxiter": 100, "fatol": 1e-10, "xatol": 1e-05, "duration": 0.05202817916870117, "fun": "0.4770782925650744", "nit": "100", "nfev": "161", "status": "2", "success": "False", "message": "Maximum number of iterations has been exceeded.", "x": "[0.21892423 6.63122429 4.50335928 3.92952611 4.74167597 6.74726403]", "final_simplex": "(array([[0.21892423, 6.63122429, 4.50335928, 3.92952611, 4.74167597,\n        6.74726403],\n       [0.21919199, 6.61000938, 4.52138807, 3.96235849, 4.65416029,\n        6.77579934],\n       [0.21702897, 6.58660154, 4.53363025, 3.99529373, 4.68559849,\n        6.73372272],\n       [0.20687   , 6.71423377, 4.51369949, 4.02007196, 4.69712481,\n        6.72641382],\n       [0.20785083, 6.6888284 , 4.47888048, 4.04754857, 4.69539093,\n        6.74744408],\n       [0.20572571, 6.62590038, 4.48084911, 3.97809328, 4.81518247,\n        6.88572354],\n       [0.2103661 , 6.61408102, 4.56836739, 4.00507594, 4.71838284,\n        6.78360036]]), array([0.47707829, 0.47892152, 0.48065962, 0.48081608, 0.48089189,\n       0.48157817, 0.48233515]))", "callback": [0.9630150722668154, 0.6479905926132237, 0.6084645108884712, 0.570607376187094, 0.5528196099170637, 0.540475600168988, 0.5050626828289323, 0.48635936860332996, 0.4849929184251457, 0.48233515255633697]}, "3": {"maxiter": 100, "fatol": 1e-10, "xatol": 1e-10, "duration": 0.0521848201751709, "fun": "0.4770782925650744", "nit": "100", "nfev": "161", "status": "2", "success": "False", "message": "Maximum number of iterations has been exceeded.", "x": "[0.21892423 6.63122429 4.50335928 3.92952611 4.74167597 6.74726403]", "final_simplex": "(array([[0.21892423, 6.63122429, 4.50335928, 3.92952611, 4.74167597,\n        6.74726403],\n       [0.21919199, 6.61000938, 4.52138807, 3.96235849, 4.65416029,\n        6.77579934],\n       [0.21702897, 6.58660154, 4.53363025, 3.99529373, 4.68559849,\n        6.73372272],\n       [0.20687   , 6.71423377, 4.51369949, 4.02007196, 4.69712481,\n        6.72641382],\n       [0.20785083, 6.6888284 , 4.47888048, 4.04754857, 4.69539093,\n        6.74744408],\n       [0.20572571, 6.62590038, 4.48084911, 3.97809328, 4.81518247,\n        6.88572354],\n       [0.2103661 , 6.61408102, 4.56836739, 4.00507594, 4.71838284,\n        6.78360036]]), array([0.47707829, 0.47892152, 0.48065962, 0.48081608, 0.48089189,\n       0.48157817, 0.48233515]))", "callback": [0.9630150722668154, 0.6479905926132237, 0.6084645108884712, 0.570607376187094, 0.5528196099170637, 0.540475600168988, 0.5050626828289323, 0.48635936860332996, 0.4849929184251457, 0.48233515255633697]}, "4": {"maxiter": 500, "fatol": 1e-05, "xatol": 1e-05, "duration": 0.21252799034118652, "fun": "0.25628769273180285", "nit": "500", "nfev": "761", "status": "2", "success": "False", "message": "Maximum number of iterations has been exceeded.", "x": "[1.3923858  7.22611454 3.48957663 2.42767553 0.80572805 2.6140496 ]", "final_simplex": "(array([[1.3923858 , 7.22611454, 3.48957663, 2.42767553, 0.80572805,\n        2.6140496 ],\n       [1.39233635, 7.23052313, 3.48118359, 2.46436091, 0.78167056,\n        2.59098029],\n       [1.38814295, 7.22309361, 3.5297993 , 2.47758565, 0.86926548,\n        2.66300399],\n       [1.4102727 , 7.27922334, 3.51750648, 2.46068235, 0.90102175,\n        2.69337041],\n       [1.44725572, 7.28242636, 3.47193319, 2.46870268, 0.81039802,\n        2.62987274],\n       [1.35807035, 7.25164943, 3.46459905, 2.48918465, 0.804049  ,\n        2.63240056],\n       [1.40856056, 7.2382175 , 3.47911894, 2.52631152, 0.85278188,\n        2.63208211]]), array([0.25628769, 0.2565398 , 0.25655045, 0.25659065, 0.25679285,\n       0.25683125, 0.25748252]))", "callback": [0.9630150722668154, 0.6479905926132237, 0.6084645108884712, 0.570607376187094, 0.5528196099170637, 0.540475600168988, 0.5050626828289323, 0.48635936860332996, 0.4849929184251457, 0.48233515255633697, 0.4739102641832953, 0.4519853410254374, 0.4455477192727567, 0.4424788888037082, 0.4418787427610231, 0.4407164412521264, 0.4396883800463529, 0.4392349933875319, 0.4387384454586891, 0.4371067181985928, 0.34791903820703274, 0.34782757956123844, 0.3423820451351882, 0.33647003202046866, 0.3324311757284514, 0.33083691111790325, 0.32979976133264843, 0.32788252710266674, 0.32788252710266674, 0.32654784134593473, 0.3258285264769444, 0.3256991455862326, 0.3256551479678489, 0.3256498587015917, 0.3256470010538248, 0.3256449095863774, 0.3256353592469404, 0.32561164793547537, 0.32558000038383694, 0.32551968338242465, 0.32530755377074316, 0.32507780370056905, 0.32460005385699087, 0.3224606962000882, 0.3184884257077262, 0.31126046516835226, 0.2989554813068057, 0.26902999426332097, 0.259613206370219, 0.2574825156450292]}, "5": {"maxiter": 500, "fatol": 1e-05, "xatol": 1e-10, "duration": 0.21589112281799316, "fun": "0.25628769273180285", "nit": "500", "nfev": "761", "status": "2", "success": "False", "message": "Maximum number of iterations has been exceeded.", "x": "[1.3923858  7.22611454 3.48957663 2.42767553 0.80572805 2.6140496 ]", "final_simplex": "(array([[1.3923858 , 7.22611454, 3.48957663, 2.42767553, 0.80572805,\n        2.6140496 ],\n       [1.39233635, 7.23052313, 3.48118359, 2.46436091, 0.78167056,\n        2.59098029],\n       [1.38814295, 7.22309361, 3.5297993 , 2.47758565, 0.86926548,\n        2.66300399],\n       [1.4102727 , 7.27922334, 3.51750648, 2.46068235, 0.90102175,\n        2.69337041],\n       [1.44725572, 7.28242636, 3.47193319, 2.46870268, 0.81039802,\n        2.62987274],\n       [1.35807035, 7.25164943, 3.46459905, 2.48918465, 0.804049  ,\n        2.63240056],\n       [1.40856056, 7.2382175 , 3.47911894, 2.52631152, 0.85278188,\n        2.63208211]]), array([0.25628769, 0.2565398 , 0.25655045, 0.25659065, 0.25679285,\n       0.25683125, 0.25748252]))", "callback": [0.9630150722668154, 0.6479905926132237, 0.6084645108884712, 0.570607376187094, 0.5528196099170637, 0.540475600168988, 0.5050626828289323, 0.48635936860332996, 0.4849929184251457, 0.48233515255633697, 0.4739102641832953, 0.4519853410254374, 0.4455477192727567, 0.4424788888037082, 0.4418787427610231, 0.4407164412521264, 0.4396883800463529, 0.4392349933875319, 0.4387384454586891, 0.4371067181985928, 0.34791903820703274, 0.34782757956123844, 0.3423820451351882, 0.33647003202046866, 0.3324311757284514, 0.33083691111790325, 0.32979976133264843, 0.32788252710266674, 0.32788252710266674, 0.32654784134593473, 0.3258285264769444, 0.3256991455862326, 0.3256551479678489, 0.3256498587015917, 0.3256470010538248, 0.3256449095863774, 0.3256353592469404, 0.32561164793547537, 0.32558000038383694, 0.32551968338242465, 0.32530755377074316, 0.32507780370056905, 0.32460005385699087, 0.3224606962000882, 0.3184884257077262, 0.31126046516835226, 0.2989554813068057, 0.26902999426332097, 0.259613206370219, 0.2574825156450292]}, "6": {"maxiter": 500, "fatol": 1e-10, "xatol": 1e-05, "duration": 0.21048307418823242, "fun": "0.25628769273180285", "nit": "500", "nfev": "761", "status": "2", "success": "False", "message": "Maximum number of iterations has been exceeded.", "x": "[1.3923858  7.22611454 3.48957663 2.42767553 0.80572805 2.6140496 ]", "final_simplex": "(array([[1.3923858 , 7.22611454, 3.48957663, 2.42767553, 0.80572805,\n        2.6140496 ],\n       [1.39233635, 7.23052313, 3.48118359, 2.46436091, 0.78167056,\n        2.59098029],\n       [1.38814295, 7.22309361, 3.5297993 , 2.47758565, 0.86926548,\n        2.66300399],\n       [1.4102727 , 7.27922334, 3.51750648, 2.46068235, 0.90102175,\n        2.69337041],\n       [1.44725572, 7.28242636, 3.47193319, 2.46870268, 0.81039802,\n        2.62987274],\n       [1.35807035, 7.25164943, 3.46459905, 2.48918465, 0.804049  ,\n        2.63240056],\n       [1.40856056, 7.2382175 , 3.47911894, 2.52631152, 0.85278188,\n        2.63208211]]), array([0.25628769, 0.2565398 , 0.25655045, 0.25659065, 0.25679285,\n       0.25683125, 0.25748252]))", "callback": [0.9630150722668154, 0.6479905926132237, 0.6084645108884712, 0.570607376187094, 0.5528196099170637, 0.540475600168988, 0.5050626828289323, 0.48635936860332996, 0.4849929184251457, 0.48233515255633697, 0.4739102641832953, 0.4519853410254374, 0.4455477192727567, 0.4424788888037082, 0.4418787427610231, 0.4407164412521264, 0.4396883800463529, 0.4392349933875319, 0.4387384454586891, 0.4371067181985928, 0.34791903820703274, 0.34782757956123844, 0.3423820451351882, 0.33647003202046866, 0.3324311757284514, 0.33083691111790325, 0.32979976133264843, 0.32788252710266674, 0.32788252710266674, 0.32654784134593473, 0.3258285264769444, 0.3256991455862326, 0.3256551479678489, 0.3256498587015917, 0.3256470010538248, 0.3256449095863774, 0.3256353592469404, 0.32561164793547537, 0.32558000038383694, 0.32551968338242465, 0.32530755377074316, 0.32507780370056905, 0.32460005385699087, 0.3224606962000882, 0.3184884257077262, 0.31126046516835226, 0.2989554813068057, 0.26902999426332097, 0.259613206370219, 0.2574825156450292]}, "7": {"maxiter": 500, "fatol": 1e-10, "xatol": 1e-10, "duration": 0.22210288047790527, "fun": "0.25628769273180285", "nit": "500", "nfev": "761", "status": "2", "success": "False", "message": "Maximum number of iterations has been exceeded.", "x": "[1.3923858  7.22611454 3.48957663 2.42767553 0.80572805 2.6140496 ]", "final_simplex": "(array([[1.3923858 , 7.22611454, 3.48957663, 2.42767553, 0.80572805,\n        2.6140496 ],\n       [1.39233635, 7.23052313, 3.48118359, 2.46436091, 0.78167056,\n        2.59098029],\n       [1.38814295, 7.22309361, 3.5297993 , 2.47758565, 0.86926548,\n        2.66300399],\n       [1.4102727 , 7.27922334, 3.51750648, 2.46068235, 0.90102175,\n        2.69337041],\n       [1.44725572, 7.28242636, 3.47193319, 2.46870268, 0.81039802,\n        2.62987274],\n       [1.35807035, 7.25164943, 3.46459905, 2.48918465, 0.804049  ,\n        2.63240056],\n       [1.40856056, 7.2382175 , 3.47911894, 2.52631152, 0.85278188,\n        2.63208211]]), array([0.25628769, 0.2565398 , 0.25655045, 0.25659065, 0.25679285,\n       0.25683125, 0.25748252]))", "callback": [0.9630150722668154, 0.6479905926132237, 0.6084645108884712, 0.570607376187094, 0.5528196099170637, 0.540475600168988, 0.5050626828289323, 0.48635936860332996, 0.4849929184251457, 0.48233515255633697, 0.4739102641832953, 0.4519853410254374, 0.4455477192727567, 0.4424788888037082, 0.4418787427610231, 0.4407164412521264, 0.4396883800463529, 0.4392349933875319, 0.4387384454586891, 0.4371067181985928, 0.34791903820703274, 0.34782757956123844, 0.3423820451351882, 0.33647003202046866, 0.3324311757284514, 0.33083691111790325, 0.32979976133264843, 0.32788252710266674, 0.32788252710266674, 0.32654784134593473, 0.3258285264769444, 0.3256991455862326, 0.3256551479678489, 0.3256498587015917, 0.3256470010538248, 0.3256449095863774, 0.3256353592469404, 0.32561164793547537, 0.32558000038383694, 0.32551968338242465, 0.32530755377074316, 0.32507780370056905, 0.32460005385699087, 0.3224606962000882, 0.3184884257077262, 0.31126046516835226, 0.2989554813068057, 0.26902999426332097, 0.259613206370219, 0.2574825156450292]}, "8": {"maxiter": 1000, "fatol": 1e-05, "xatol": 1e-05, "duration": 0.2949519157409668, "fun": "0.2556454399122481", "nit": "667", "nfev": "1033", "status": "0", "success": "True", "message": "Optimization terminated successfully.", "x": "[1.4099431  7.23381073 3.48886777 2.44256279 0.86480157 2.69518021]", "final_simplex": "(array([[1.4099431 , 7.23381073, 3.48886777, 2.44256279, 0.86480157,\n        2.69518021],\n       [1.40993933, 7.23381457, 3.48886994, 2.44256786, 0.86480167,\n        2.69518455],\n       [1.40994472, 7.23381316, 3.48887178, 2.44256729, 0.86480963,\n        2.69518698],\n       [1.40994728, 7.23381674, 3.48886855, 2.44256525, 0.86479964,\n        2.69517852],\n       [1.40994748, 7.23381372, 3.48886969, 2.44256863, 0.86480273,\n        2.69518105],\n       [1.40994637, 7.23381706, 3.48886516, 2.44256575, 0.86480567,\n        2.69518782],\n       [1.40994498, 7.2338094 , 3.4888764 , 2.44256511, 0.86480702,\n        2.69518975]]), array([0.25564544, 0.25564544, 0.25564544, 0.25564544, 0.25564544,\n       0.25564544, 0.25564544]))", "callback": [0.9630150722668154, 0.6479905926132237, 0.6084645108884712, 0.570607376187094, 0.5528196099170637, 0.540475600168988, 0.5050626828289323, 0.48635936860332996, 0.4849929184251457, 0.48233515255633697, 0.4739102641832953, 0.4519853410254374, 0.4455477192727567, 0.4424788888037082, 0.4418787427610231, 0.4407164412521264, 0.4396883800463529, 0.4392349933875319, 0.4387384454586891, 0.4371067181985928, 0.34791903820703274, 0.34782757956123844, 0.3423820451351882, 0.33647003202046866, 0.3324311757284514, 0.33083691111790325, 0.32979976133264843, 0.32788252710266674, 0.32788252710266674, 0.32654784134593473, 0.3258285264769444, 0.3256991455862326, 0.3256551479678489, 0.3256498587015917, 0.3256470010538248, 0.3256449095863774, 0.3256353592469404, 0.32561164793547537, 0.32558000038383694, 0.32551968338242465, 0.32530755377074316, 0.32507780370056905, 0.32460005385699087, 0.3224606962000882, 0.3184884257077262, 0.31126046516835226, 0.2989554813068057, 0.26902999426332097, 0.259613206370219, 0.2574825156450292, 0.25628769273180285, 0.25607825577439913, 0.25596875071303826, 0.25581313883760093, 0.25569792030927707, 0.2556677859595813, 0.2556605360284244, 0.255652657076484, 0.255647340721029, 0.2556459927409287, 0.2556456232086385, 0.25564547288117667, 0.25564544407375467, 0.25564544154032687, 0.25564544017102164, 0.2556454399846222, 0.2556454399122481]}, "9": {"maxiter": 1000, "fatol": 1e-05, "xatol": 1e-10, "duration": 0.36924195289611816, "fun": "0.25564543991099964", "nit": "761", "nfev": "1239", "status": "0", "success": "True", "message": "Optimization terminated successfully.", "x": "[1.40994198 7.23381197 3.48886826 2.44256404 0.86480234 2.6951797 ]", "final_simplex": "(array([[1.40994198, 7.23381197, 3.48886826, 2.44256404, 0.86480234,\n        2.6951797 ],\n       [1.40994198, 7.23381197, 3.48886826, 2.44256404, 0.86480234,\n        2.6951797 ],\n       [1.40994198, 7.23381197, 3.48886826, 2.44256404, 0.86480234,\n        2.6951797 ],\n       [1.40994198, 7.23381197, 3.48886826, 2.44256404, 0.86480234,\n        2.6951797 ],\n       [1.40994198, 7.23381197, 3.48886826, 2.44256404, 0.86480234,\n        2.6951797 ],\n       [1.40994198, 7.23381197, 3.48886826, 2.44256404, 0.86480234,\n        2.6951797 ],\n       [1.40994198, 7.23381197, 3.48886826, 2.44256404, 0.86480234,\n        2.6951797 ]]), array([0.25564544, 0.25564544, 0.25564544, 0.25564544, 0.25564544,\n       0.25564544, 0.25564544]))", "callback": [0.9630150722668154, 0.6479905926132237, 0.6084645108884712, 0.570607376187094, 0.5528196099170637, 0.540475600168988, 0.5050626828289323, 0.48635936860332996, 0.4849929184251457, 0.48233515255633697, 0.4739102641832953, 0.4519853410254374, 0.4455477192727567, 0.4424788888037082, 0.4418787427610231, 0.4407164412521264, 0.4396883800463529, 0.4392349933875319, 0.4387384454586891, 0.4371067181985928, 0.34791903820703274, 0.34782757956123844, 0.3423820451351882, 0.33647003202046866, 0.3324311757284514, 0.33083691111790325, 0.32979976133264843, 0.32788252710266674, 0.32788252710266674, 0.32654784134593473, 0.3258285264769444, 0.3256991455862326, 0.3256551479678489, 0.3256498587015917, 0.3256470010538248, 0.3256449095863774, 0.3256353592469404, 0.32561164793547537, 0.32558000038383694, 0.32551968338242465, 0.32530755377074316, 0.32507780370056905, 0.32460005385699087, 0.3224606962000882, 0.3184884257077262, 0.31126046516835226, 0.2989554813068057, 0.26902999426332097, 0.259613206370219, 0.2574825156450292, 0.25628769273180285, 0.25607825577439913, 0.25596875071303826, 0.25581313883760093, 0.25569792030927707, 0.2556677859595813, 0.2556605360284244, 0.255652657076484, 0.255647340721029, 0.2556459927409287, 0.2556456232086385, 0.25564547288117667, 0.25564544407375467, 0.25564544154032687, 0.25564544017102164, 0.2556454399846222, 0.2556454399122481, 0.2556454399122481, 0.25564543991136457, 0.25564543991105426, 0.25564543991101096, 0.2556454399110023, 0.2556454399110004, 0.25564543991099975, 0.25564543991099975, 0.25564543991099975, 0.25564543991099964]}, "10": {"maxiter": 1000, "fatol": 1e-10, "xatol": 1e-05, "duration": 0.29938197135925293, "fun": "0.2556454399122481", "nit": "667", "nfev": "1033", "status": "0", "success": "True", "message": "Optimization terminated successfully.", "x": "[1.4099431  7.23381073 3.48886777 2.44256279 0.86480157 2.69518021]", "final_simplex": "(array([[1.4099431 , 7.23381073, 3.48886777, 2.44256279, 0.86480157,\n        2.69518021],\n       [1.40993933, 7.23381457, 3.48886994, 2.44256786, 0.86480167,\n        2.69518455],\n       [1.40994472, 7.23381316, 3.48887178, 2.44256729, 0.86480963,\n        2.69518698],\n       [1.40994728, 7.23381674, 3.48886855, 2.44256525, 0.86479964,\n        2.69517852],\n       [1.40994748, 7.23381372, 3.48886969, 2.44256863, 0.86480273,\n        2.69518105],\n       [1.40994637, 7.23381706, 3.48886516, 2.44256575, 0.86480567,\n        2.69518782],\n       [1.40994498, 7.2338094 , 3.4888764 , 2.44256511, 0.86480702,\n        2.69518975]]), array([0.25564544, 0.25564544, 0.25564544, 0.25564544, 0.25564544,\n       0.25564544, 0.25564544]))", "callback": [0.9630150722668154, 0.6479905926132237, 0.6084645108884712, 0.570607376187094, 0.5528196099170637, 0.540475600168988, 0.5050626828289323, 0.48635936860332996, 0.4849929184251457, 0.48233515255633697, 0.4739102641832953, 0.4519853410254374, 0.4455477192727567, 0.4424788888037082, 0.4418787427610231, 0.4407164412521264, 0.4396883800463529, 0.4392349933875319, 0.4387384454586891, 0.4371067181985928, 0.34791903820703274, 0.34782757956123844, 0.3423820451351882, 0.33647003202046866, 0.3324311757284514, 0.33083691111790325, 0.32979976133264843, 0.32788252710266674, 0.32788252710266674, 0.32654784134593473, 0.3258285264769444, 0.3256991455862326, 0.3256551479678489, 0.3256498587015917, 0.3256470010538248, 0.3256449095863774, 0.3256353592469404, 0.32561164793547537, 0.32558000038383694, 0.32551968338242465, 0.32530755377074316, 0.32507780370056905, 0.32460005385699087, 0.3224606962000882, 0.3184884257077262, 0.31126046516835226, 0.2989554813068057, 0.26902999426332097, 0.259613206370219, 0.2574825156450292, 0.25628769273180285, 0.25607825577439913, 0.25596875071303826, 0.25581313883760093, 0.25569792030927707, 0.2556677859595813, 0.2556605360284244, 0.255652657076484, 0.255647340721029, 0.2556459927409287, 0.2556456232086385, 0.25564547288117667, 0.25564544407375467, 0.25564544154032687, 0.25564544017102164, 0.2556454399846222, 0.2556454399122481]}, "11": {"maxiter": 1000, "fatol": 1e-10, "xatol": 1e-10, "duration": 0.36185717582702637, "fun": "0.25564543991099964", "nit": "761", "nfev": "1239", "status": "0", "success": "True", "message": "Optimization terminated successfully.", "x": "[1.40994198 7.23381197 3.48886826 2.44256404 0.86480234 2.6951797 ]", "final_simplex": "(array([[1.40994198, 7.23381197, 3.48886826, 2.44256404, 0.86480234,\n        2.6951797 ],\n       [1.40994198, 7.23381197, 3.48886826, 2.44256404, 0.86480234,\n        2.6951797 ],\n       [1.40994198, 7.23381197, 3.48886826, 2.44256404, 0.86480234,\n        2.6951797 ],\n       [1.40994198, 7.23381197, 3.48886826, 2.44256404, 0.86480234,\n        2.6951797 ],\n       [1.40994198, 7.23381197, 3.48886826, 2.44256404, 0.86480234,\n        2.6951797 ],\n       [1.40994198, 7.23381197, 3.48886826, 2.44256404, 0.86480234,\n        2.6951797 ],\n       [1.40994198, 7.23381197, 3.48886826, 2.44256404, 0.86480234,\n        2.6951797 ]]), array([0.25564544, 0.25564544, 0.25564544, 0.25564544, 0.25564544,\n       0.25564544, 0.25564544]))", "callback": [0.9630150722668154, 0.6479905926132237, 0.6084645108884712, 0.570607376187094, 0.5528196099170637, 0.540475600168988, 0.5050626828289323, 0.48635936860332996, 0.4849929184251457, 0.48233515255633697, 0.4739102641832953, 0.4519853410254374, 0.4455477192727567, 0.4424788888037082, 0.4418787427610231, 0.4407164412521264, 0.4396883800463529, 0.4392349933875319, 0.4387384454586891, 0.4371067181985928, 0.34791903820703274, 0.34782757956123844, 0.3423820451351882, 0.33647003202046866, 0.3324311757284514, 0.33083691111790325, 0.32979976133264843, 0.32788252710266674, 0.32788252710266674, 0.32654784134593473, 0.3258285264769444, 0.3256991455862326, 0.3256551479678489, 0.3256498587015917, 0.3256470010538248, 0.3256449095863774, 0.3256353592469404, 0.32561164793547537, 0.32558000038383694, 0.32551968338242465, 0.32530755377074316, 0.32507780370056905, 0.32460005385699087, 0.3224606962000882, 0.3184884257077262, 0.31126046516835226, 0.2989554813068057, 0.26902999426332097, 0.259613206370219, 0.2574825156450292, 0.25628769273180285, 0.25607825577439913, 0.25596875071303826, 0.25581313883760093, 0.25569792030927707, 0.2556677859595813, 0.2556605360284244, 0.255652657076484, 0.255647340721029, 0.2556459927409287, 0.2556456232086385, 0.25564547288117667, 0.25564544407375467, 0.25564544154032687, 0.25564544017102164, 0.2556454399846222, 0.2556454399122481, 0.2556454399122481, 0.25564543991136457, 0.25564543991105426, 0.25564543991101096, 0.2556454399110023, 0.2556454399110004, 0.25564543991099975, 0.25564543991099975, 0.25564543991099975, 0.25564543991099964]}}, "bfgs": {"type": "gradient", "0": {"maxiter": 100, "gtol": 1e-05, "xrtol": 1e-05, "eps": 1e-05, "duration": 0.07807111740112305, "fun": "0.2556454401882148", "jac": "[-5.28863620e-06 -3.93897137e-06  1.06610276e-06  3.25255378e-06\n  4.20246060e-06 -6.13308293e-06]", "hess_inv": "[[ 3.10512709 -0.23708261 -0.26505853  0.38462033 -0.72826734 -1.20463473]\n [-0.23708261  3.45155872 -0.26384765  0.25727847  0.02896131  0.80116785]\n [-0.26505853 -0.26384765  3.86910009  0.25595447  2.96893595  3.01162793]\n [ 0.38462033  0.25727847  0.25595447  3.0116005   0.10825194 -0.11487062]\n [-0.72826734  0.02896131  2.96893595  0.10825194  8.72725499  7.39966239]\n [-1.20463473  0.80116785  3.01162793 -0.11487062  7.39966239  9.79480064]]", "nfev": "252", "njev": "36", "status": "0", "success": "True", "message": "Optimization terminated successfully.", "x": "[1.40993123 7.23379109 3.48885394 3.8406211  4.00635848 5.83671694]", "nit": "26", "callback": [0.6637891553835231, 0.6619755705681734, 0.5952577502319583, 0.5495082406629386, 0.5366439586872245, 0.5292146787897891, 0.5186324515411628, 0.5131372924265347, 0.5069239815763132, 0.4957193828567529, 0.4850591766784207, 0.46723266821697895, 0.3443015437159427, 0.31015451438252184, 0.2893277426683094, 0.2857086511190675, 0.2806485391752166, 0.2756348802381253, 0.2676148058660168, 0.25831943964131887, 0.2563855154176493, 0.2557135170839089, 0.2556478239937152, 0.25564558713754204, 0.255645458743781, 0.2556454401882148]}, "1": {"maxiter": 100, "gtol": 1e-05, "xrtol": 1e-05, "eps": 1e-10, "duration": 0.071685791015625, "fun": "0.25564544010803003", "jac": "[-5.55111466e-06 -3.33066880e-06  3.33066880e-06  4.44089173e-06\n  7.77156053e-06 -8.88178346e-06]", "hess_inv": "[[ 3.11080377 -0.22437083 -0.27784128  0.36761817 -0.7768372  -1.24149796]\n [-0.22437083  3.45643267 -0.27925692  0.23277116 -0.01446439  0.78359892]\n [-0.27784128 -0.27925692  3.8494069   0.23838093  2.94326817  2.99111172]\n [ 0.36761817  0.23277116  0.23838093  3.03189935  0.10580025 -0.13468377]\n [-0.7768372  -0.01446439  2.94326817  0.10580025  8.61531802  7.28191939]\n [-1.24149796  0.78359892  2.99111172 -0.13468377  7.28191939  9.68881904]]", "nfev": "252", "njev": "36", "status": "0", "success": "True", "message": "Optimization terminated successfully.", "x": "[1.40992804 7.23380324 3.48888584 3.84063762 4.00642579 5.83678523]", "nit": "26", "callback": [0.663797541906611, 0.6619838847140862, 0.5952626965079438, 0.5495021415397179, 0.5366413416972029, 0.5292106690178732, 0.5186266150353085, 0.5131269450688365, 0.5069051507877005, 0.4956910885105932, 0.4850343083943113, 0.467163725114494, 0.3441356009429507, 0.3099954889123353, 0.28923479467242696, 0.2856511903187331, 0.2806309591411734, 0.2755734010116323, 0.26749773011338995, 0.25826749695773, 0.2563838093614492, 0.25570706347995276, 0.2556474741691048, 0.2556455890497338, 0.25564545750589485, 0.25564544010803003]}, "2": {"maxiter": 100, "gtol": 1e-05, "xrtol": 1e-10, "eps": 1e-05, "duration": 0.07466983795166016, "fun": "0.2556454401882148", "jac": "[-5.28863620e-06 -3.93897137e-06  1.06610276e-06  3.25255378e-06\n  4.20246060e-06 -6.13308293e-06]", "hess_inv": "[[ 3.10512709 -0.23708261 -0.26505853  0.38462033 -0.72826734 -1.20463473]\n [-0.23708261  3.45155872 -0.26384765  0.25727847  0.02896131  0.80116785]\n [-0.26505853 -0.26384765  3.86910009  0.25595447  2.96893595  3.01162793]\n [ 0.38462033  0.25727847  0.25595447  3.0116005   0.10825194 -0.11487062]\n [-0.72826734  0.02896131  2.96893595  0.10825194  8.72725499  7.39966239]\n [-1.20463473  0.80116785  3.01162793 -0.11487062  7.39966239  9.79480064]]", "nfev": "252", "njev": "36", "status": "0", "success": "True", "message": "Optimization terminated successfully.", "x": "[1.40993123 7.23379109 3.48885394 3.8406211  4.00635848 5.83671694]", "nit": "26", "callback": [0.6637891553835231, 0.6619755705681734, 0.5952577502319583, 0.5495082406629386, 0.5366439586872245, 0.5292146787897891, 0.5186324515411628, 0.5131372924265347, 0.5069239815763132, 0.4957193828567529, 0.4850591766784207, 0.46723266821697895, 0.3443015437159427, 0.31015451438252184, 0.2893277426683094, 0.2857086511190675, 0.2806485391752166, 0.2756348802381253, 0.2676148058660168, 0.25831943964131887, 0.2563855154176493, 0.2557135170839089, 0.2556478239937152, 0.25564558713754204, 0.255645458743781, 0.2556454401882148]}, "3": {"maxiter": 100, "gtol": 1e-05, "xrtol": 1e-10, "eps": 1e-10, "duration": 0.0772249698638916, "fun": "0.25564544010803003", "jac": "[-5.55111466e-06 -3.33066880e-06  3.33066880e-06  4.44089173e-06\n  7.77156053e-06 -8.88178346e-06]", "hess_inv": "[[ 3.11080377 -0.22437083 -0.27784128  0.36761817 -0.7768372  -1.24149796]\n [-0.22437083  3.45643267 -0.27925692  0.23277116 -0.01446439  0.78359892]\n [-0.27784128 -0.27925692  3.8494069   0.23838093  2.94326817  2.99111172]\n [ 0.36761817  0.23277116  0.23838093  3.03189935  0.10580025 -0.13468377]\n [-0.7768372  -0.01446439  2.94326817  0.10580025  8.61531802  7.28191939]\n [-1.24149796  0.78359892  2.99111172 -0.13468377  7.28191939  9.68881904]]", "nfev": "252", "njev": "36", "status": "0", "success": "True", "message": "Optimization terminated successfully.", "x": "[1.40992804 7.23380324 3.48888584 3.84063762 4.00642579 5.83678523]", "nit": "26", "callback": [0.663797541906611, 0.6619838847140862, 0.5952626965079438, 0.5495021415397179, 0.5366413416972029, 0.5292106690178732, 0.5186266150353085, 0.5131269450688365, 0.5069051507877005, 0.4956910885105932, 0.4850343083943113, 0.467163725114494, 0.3441356009429507, 0.3099954889123353, 0.28923479467242696, 0.2856511903187331, 0.2806309591411734, 0.2755734010116323, 0.26749773011338995, 0.25826749695773, 0.2563838093614492, 0.25570706347995276, 0.2556474741691048, 0.2556455890497338, 0.25564545750589485, 0.25564544010803003]}, "4": {"maxiter": 100, "gtol": 1e-10, "xrtol": 1e-05, "eps": 1e-05, "duration": 0.07283878326416016, "fun": "0.25564544000487444", "jac": "[ 2.12607709e-07  4.01223499e-07 -1.33237865e-07 -4.12658796e-07\n -9.96214222e-07  9.48185974e-07]", "hess_inv": "[[ 3.05058804e+00 -3.12817230e-01 -3.01957815e-01  4.14059134e-01\n  -7.46749180e-01 -1.28516688e+00]\n [-3.12817230e-01  3.35413721e+00 -3.41597483e-01  2.89602303e-01\n  -3.09653747e-03  7.14486907e-01]\n [-3.01957815e-01 -3.41597483e-01  3.93486660e+00  3.05153905e-01\n   2.97831309e+00  2.87107222e+00]\n [ 4.14059134e-01  2.89602303e-01  3.05153905e-01  3.00516053e+00\n   1.25289831e-01 -9.91792764e-02]\n [-7.46749180e-01 -3.09653747e-03  2.97831309e+00  1.25289831e-01\n   8.72626903e+00  7.35161492e+00]\n [-1.28516688e+00  7.14486907e-01  2.87107222e+00 -9.91792764e-02\n   7.35161492e+00  9.75753607e+00]]", "nfev": "259", "njev": "37", "status": "0", "success": "True", "message": "Optimization terminated successfully.", "x": "[1.40994036 7.23380646 3.4888509  3.84061319 4.00635935 5.83673916]", "nit": "27", "callback": [0.6637891553835231, 0.6619755705681734, 0.5952577502319583, 0.5495082406629386, 0.5366439586872245, 0.5292146787897891, 0.5186324515411628, 0.5131372924265347, 0.5069239815763132, 0.4957193828567529, 0.4850591766784207, 0.46723266821697895, 0.3443015437159427, 0.31015451438252184, 0.2893277426683094, 0.2857086511190675, 0.2806485391752166, 0.2756348802381253, 0.2676148058660168, 0.25831943964131887, 0.2563855154176493, 0.2557135170839089, 0.2556478239937152, 0.25564558713754204, 0.255645458743781, 0.2556454401882148, 0.25564544000487444]}, "5": {"maxiter": 100, "gtol": 1e-10, "xrtol": 1e-05, "eps": 1e-10, "duration": 0.07801508903503418, "fun": "0.2556454399749596", "jac": "[ 0.00000000e+00  0.00000000e+00 -1.11022293e-06  2.22044587e-06\n -3.33066880e-06  5.55111466e-06]", "hess_inv": "[[ 3.04169783 -0.31709295 -0.29233532  0.42082862 -0.72887945 -1.29970617]\n [-0.31709295  3.3387799  -0.33590182  0.29139398  0.02646353  0.72218809]\n [-0.29233532 -0.33590182  4.05117008  0.31985963  3.08226629  2.88701488]\n [ 0.42082862  0.29139398  0.31985963  3.01507181  0.11314458 -0.121414  ]\n [-0.72887945  0.02646353  3.08226629  0.11314458  8.66321417  7.26446341]\n [-1.29970617  0.72218809  2.88701488 -0.121414    7.26446341  9.68101737]]", "nfev": "259", "njev": "37", "status": "0", "success": "True", "message": "Optimization terminated successfully.", "x": "[1.40993709 7.23381863 3.48886987 3.84062451 4.00640826 5.83680088]", "nit": "27", "callback": [0.663797541906611, 0.6619838847140862, 0.5952626965079438, 0.5495021415397179, 0.5366413416972029, 0.5292106690178732, 0.5186266150353085, 0.5131269450688365, 0.5069051507877005, 0.4956910885105932, 0.4850343083943113, 0.467163725114494, 0.3441356009429507, 0.3099954889123353, 0.28923479467242696, 0.2856511903187331, 0.2806309591411734, 0.2755734010116323, 0.26749773011338995, 0.25826749695773, 0.2563838093614492, 0.25570706347995276, 0.2556474741691048, 0.2556455890497338, 0.25564545750589485, 0.25564544010803003, 0.2556454399749596]}, "6": {"maxiter": 100, "gtol": 1e-10, "xrtol": 1e-10, "eps": 1e-05, "duration": 0.15840411186218262, "fun": "0.2556454399999887", "jac": "[ 1.15241150e-08 -1.60649272e-08  1.88293825e-08 -6.67244038e-09\n -1.06470388e-08  7.01660952e-09]", "hess_inv": "[[ 3.08798251 -0.29605074 -0.28901574  0.41450339 -0.68702729 -1.23631569]\n [-0.29605074  3.21696328 -0.25172301  0.36351522  0.14347387  0.62378859]\n [-0.28901574 -0.25172301  3.8905928   0.26186496  2.92819644  2.95381594]\n [ 0.41450339  0.36351522  0.26186496  2.97151122  0.07249794 -0.043848  ]\n [-0.68702729  0.14347387  2.92819644  0.07249794  8.7370032   7.51781178]\n [-1.23631569  0.62378859  2.95381594 -0.043848    7.51781178  9.73547841]]", "nfev": "530", "njev": "74", "status": "2", "success": "False", "message": "Desired error not necessarily achieved due to precision loss.", "x": "[1.40994048 7.23380484 3.48885186 3.84061432 4.00636144 5.83673783]", "nit": "28", "callback": [0.6637891553835231, 0.6619755705681734, 0.5952577502319583, 0.5495082406629386, 0.5366439586872245, 0.5292146787897891, 0.5186324515411628, 0.5131372924265347, 0.5069239815763132, 0.4957193828567529, 0.4850591766784207, 0.46723266821697895, 0.3443015437159427, 0.31015451438252184, 0.2893277426683094, 0.2857086511190675, 0.2806485391752166, 0.2756348802381253, 0.2676148058660168, 0.25831943964131887, 0.2563855154176493, 0.2557135170839089, 0.2556478239937152, 0.25564558713754204, 0.255645458743781, 0.2556454401882148, 0.25564544000487444, 0.2556454399999887]}, "7": {"maxiter": 100, "gtol": 1e-10, "xrtol": 1e-10, "eps": 1e-10, "duration": 0.10280179977416992, "fun": "0.255645439920679", "jac": "[ 1.11022293e-06  1.11022293e-06 -3.33066880e-06 -2.22044587e-06\n  1.11022293e-06  0.00000000e+00]", "hess_inv": "[[ 1.48025168  0.01575378 -0.41915571  1.42323361  0.10421442 -0.45170337]\n [ 0.01575378  3.16325878 -0.01581196  0.01357123  0.04850755  0.2475865 ]\n [-0.41915571 -0.01581196  0.69866755  0.36540345 -0.61050048 -0.17260997]\n [ 1.42323361  0.01357123  0.36540345  2.72143386 -0.67917963 -0.92924415]\n [ 0.10421442  0.04850755 -0.61050048 -0.67917963  4.0013647   2.80207888]\n [-0.45170337  0.2475865  -0.17260997 -0.92924415  2.80207888  3.67351596]]", "nfev": "350", "njev": "50", "status": "0", "success": "True", "message": "Optimization terminated successfully.", "x": "[1.40994191 7.23381599 3.48886395 3.84061696 4.00639558 5.83677491]", "nit": "31", "callback": [0.663797541906611, 0.6619838847140862, 0.5952626965079438, 0.5495021415397179, 0.5366413416972029, 0.5292106690178732, 0.5186266150353085, 0.5131269450688365, 0.5069051507877005, 0.4956910885105932, 0.4850343083943113, 0.467163725114494, 0.3441356009429507, 0.3099954889123353, 0.28923479467242696, 0.2856511903187331, 0.2806309591411734, 0.2755734010116323, 0.26749773011338995, 0.25826749695773, 0.2563838093614492, 0.25570706347995276, 0.2556474741691048, 0.2556455890497338, 0.25564545750589485, 0.25564544010803003, 0.2556454399749596, 0.2556454399227439, 0.25564543992078004, 0.255645439920679, 0.255645439920679]}, "8": {"maxiter": 500, "gtol": 1e-05, "xrtol": 1e-05, "eps": 1e-05, "duration": 0.06401991844177246, "fun": "0.2556454401882148", "jac": "[-5.28863620e-06 -3.93897137e-06  1.06610276e-06  3.25255378e-06\n  4.20246060e-06 -6.13308293e-06]", "hess_inv": "[[ 3.10512709 -0.23708261 -0.26505853  0.38462033 -0.72826734 -1.20463473]\n [-0.23708261  3.45155872 -0.26384765  0.25727847  0.02896131  0.80116785]\n [-0.26505853 -0.26384765  3.86910009  0.25595447  2.96893595  3.01162793]\n [ 0.38462033  0.25727847  0.25595447  3.0116005   0.10825194 -0.11487062]\n [-0.72826734  0.02896131  2.96893595  0.10825194  8.72725499  7.39966239]\n [-1.20463473  0.80116785  3.01162793 -0.11487062  7.39966239  9.79480064]]", "nfev": "252", "njev": "36", "status": "0", "success": "True", "message": "Optimization terminated successfully.", "x": "[1.40993123 7.23379109 3.48885394 3.8406211  4.00635848 5.83671694]", "nit": "26", "callback": [0.6637891553835231, 0.6619755705681734, 0.5952577502319583, 0.5495082406629386, 0.5366439586872245, 0.5292146787897891, 0.5186324515411628, 0.5131372924265347, 0.5069239815763132, 0.4957193828567529, 0.4850591766784207, 0.46723266821697895, 0.3443015437159427, 0.31015451438252184, 0.2893277426683094, 0.2857086511190675, 0.2806485391752166, 0.2756348802381253, 0.2676148058660168, 0.25831943964131887, 0.2563855154176493, 0.2557135170839089, 0.2556478239937152, 0.25564558713754204, 0.255645458743781, 0.2556454401882148]}, "9": {"maxiter": 500, "gtol": 1e-05, "xrtol": 1e-05, "eps": 1e-10, "duration": 0.06594109535217285, "fun": "0.25564544010803003", "jac": "[-5.55111466e-06 -3.33066880e-06  3.33066880e-06  4.44089173e-06\n  7.77156053e-06 -8.88178346e-06]", "hess_inv": "[[ 3.11080377 -0.22437083 -0.27784128  0.36761817 -0.7768372  -1.24149796]\n [-0.22437083  3.45643267 -0.27925692  0.23277116 -0.01446439  0.78359892]\n [-0.27784128 -0.27925692  3.8494069   0.23838093  2.94326817  2.99111172]\n [ 0.36761817  0.23277116  0.23838093  3.03189935  0.10580025 -0.13468377]\n [-0.7768372  -0.01446439  2.94326817  0.10580025  8.61531802  7.28191939]\n [-1.24149796  0.78359892  2.99111172 -0.13468377  7.28191939  9.68881904]]", "nfev": "252", "njev": "36", "status": "0", "success": "True", "message": "Optimization terminated successfully.", "x": "[1.40992804 7.23380324 3.48888584 3.84063762 4.00642579 5.83678523]", "nit": "26", "callback": [0.663797541906611, 0.6619838847140862, 0.5952626965079438, 0.5495021415397179, 0.5366413416972029, 0.5292106690178732, 0.5186266150353085, 0.5131269450688365, 0.5069051507877005, 0.4956910885105932, 0.4850343083943113, 0.467163725114494, 0.3441356009429507, 0.3099954889123353, 0.28923479467242696, 0.2856511903187331, 0.2806309591411734, 0.2755734010116323, 0.26749773011338995, 0.25826749695773, 0.2563838093614492, 0.25570706347995276, 0.2556474741691048, 0.2556455890497338, 0.25564545750589485, 0.25564544010803003]}, "10": {"maxiter": 500, "gtol": 1e-05, "xrtol": 1e-10, "eps": 1e-05, "duration": 0.08119893074035645, "fun": "0.2556454401882148", "jac": "[-5.28863620e-06 -3.93897137e-06  1.06610276e-06  3.25255378e-06\n  4.20246060e-06