{"date": "2024/09/24/, 00:12:35", "conf_id": 153, "data_type": "orthogonal\n", "num_data_points": 4, "s_rank": 0, "unitary": "[[-0.53618537-0.34368723j,-0.12107031-0.46226139j,-0.07699282-0.46603512j,0.36022595-0.11472301j],[0.26026499-0.63450712j,-0.56616638+0.37832564j,-0.14988651+0.08458591j,0.10363514-0.16008501j],[-0.32580188-0.11070003j,-0.36476308-0.23593218j,0.02559343+0.41761608j,-0.25598305+0.6725303j],[0.07406738-0.0126433j,0.28513701+0.19483972j,-0.74939717-0.10299659j,0.29798249+0.46269921j]]", "databatch_0": {"databatch": "[[[0.06294545+0.14317397j,0.12162424+0.01225979j,0.1479947-0.11158618j,0.0313028-0.13121169j],[0.11397204-0.25060986j,0.05281099-0.52993512j,0.27883172+0.08721533j,-0.1292251-0.09315207j],[0.07557724+0.28993835j,0.43423558+0.01342405j,0.00937649+0.17676573j,-0.069454-0.0597771j],[-0.01042685-0.00605097j,-0.18920005-0.10479012j,0.14412421-0.2238889j,-0.04155999-0.01022149j]],[[-0.11585545+0.25813524j,-0.00417387+0.16038428j,-0.19302572+0.06605855j,-0.11040136+0.23367228j],[-0.04831699-0.02043578j,0.3034072+0.02379222j,-0.1918734+0.22219437j,-0.13649308-0.08814263j],[0.21166612-0.11267144j,0.14246585-0.37221585j,0.09053217-0.03344571j,-0.15605817-0.09891386j],[-0.02001362-0.29928577j,0.05304851+0.16395324j,0.03840975-0.07325827j,0.20252476-0.38795992j]],[[0.11616118-0.00643289j,-0.0416802-0.31514557j,0.28127053-0.17167058j,-0.07606694-0.06843949j],[0.26260188+0.08911728j,0.23630152-0.0948088j,-0.07668796-0.03312005j,-0.06082061-0.03998021j],[0.09862443-0.1792011j,0.08907088-0.01251012j,-0.23110882+0.20383157j,0.01410421+0.05282939j],[-0.11004347+0.26277496j,0.1948843+0.51384076j,-0.24652786+0.06577658j,0.12307817-0.03242288j]],[[-0.21874994+0.03559136j,-0.0034824+0.44873869j,-0.33010097+0.10616128j,0.07081945+0.03732167j],[-0.02428816+0.0257712j,-0.14140525-0.21000083j,-0.08379549-0.04517045j,-0.25149205+0.21209673j],[-0.1640186-0.00566832j,0.04482215+0.21424517j,-0.19361732-0.0911096j,-0.1006199-0.1390761j],[0.00484069+0.37172653j,0.02879497+0.32556512j,-0.08649245-0.17295084j,0.05939746+0.06454906j]]]", "initial param values": "[5.97458895,4.32698368,1.64572309,4.67066585,2.599999,3.0546325]", "nelder_mead": {"type": "gradient-free", "0": {"maxiter": 100, "fatol": 1e-05, "xatol": 1e-05, "duration": 0.03711295127868652, "fun": "0.3973649175896057", "nit": "100", "nfev": "156", "status": "2", "success": "False", "message": "Maximum number of iterations has been exceeded.", "x": "[4.14768375 6.1008475  1.39881387 4.79616955 1.28771983 2.43698872]", "final_simplex": "(array([[4.14768375, 6.1008475 , 1.39881387, 4.79616955, 1.28771983,\n        2.43698872],\n       [4.12510124, 6.16875197, 1.37948904, 4.83997479, 1.27836826,\n        2.54433327],\n       [4.22180499, 5.95376355, 1.36949958, 4.84904636, 1.3334132 ,\n        2.60643225],\n       [4.03674634, 6.07145946, 1.32753825, 4.88445087, 1.28470746,\n        2.57406546],\n       [4.08835333, 6.07203569, 1.40849274, 4.82589696, 1.21650352,\n        2.46975476],\n       [4.21481553, 6.13622682, 1.43891662, 4.99394586, 1.32266056,\n        2.53819842],\n       [4.1875959 , 6.1280836 , 1.38218812, 4.78742318, 1.18687292,\n        2.54956804]]), array([0.39736492, 0.39987212, 0.40000884, 0.40049546, 0.40115938,\n       0.40143177, 0.40228149]))", "callback": [0.6095682163403351, 0.5689783178070329, 0.516210234990726, 0.464530678431765, 0.45310552299292683, 0.44407927755806764, 0.43371384878661223, 0.4206529595045917, 0.4032484047126137]}, "1": {"maxiter": 100, "fatol": 1e-05, "xatol": 1e-10, "duration": 0.035128116607666016, "fun": "0.3973649175896057", "nit": "100", "nfev": "156", "status": "2", "success": "False", "message": "Maximum number of iterations has been exceeded.", "x": "[4.14768375 6.1008475  1.39881387 4.79616955 1.28771983 2.43698872]", "final_simplex": "(array([[4.14768375, 6.1008475 , 1.39881387, 4.79616955, 1.28771983,\n        2.43698872],\n       [4.12510124, 6.16875197, 1.37948904, 4.83997479, 1.27836826,\n        2.54433327],\n       [4.22180499, 5.95376355, 1.36949958, 4.84904636, 1.3334132 ,\n        2.60643225],\n       [4.03674634, 6.07145946, 1.32753825, 4.88445087, 1.28470746,\n        2.57406546],\n       [4.08835333, 6.07203569, 1.40849274, 4.82589696, 1.21650352,\n        2.46975476],\n       [4.21481553, 6.13622682, 1.43891662, 4.99394586, 1.32266056,\n        2.53819842],\n       [4.1875959 , 6.1280836 , 1.38218812, 4.78742318, 1.18687292,\n        2.54956804]]), array([0.39736492, 0.39987212, 0.40000884, 0.40049546, 0.40115938,\n       0.40143177, 0.40228149]))", "callback": [0.6095682163403351, 0.5689783178070329, 0.516210234990726, 0.464530678431765, 0.45310552299292683, 0.44407927755806764, 0.43371384878661223, 0.4206529595045917, 0.4032484047126137]}, "2": {"maxiter": 100, "fatol": 1e-10, "xatol": 1e-05, "duration": 0.0353541374206543, "fun": "0.3973649175896057", "nit": "100", "nfev": "156", "status": "2", "success": "False", "message": "Maximum number of iterations has been exceeded.", "x": "[4.14768375 6.1008475  1.39881387 4.79616955 1.28771983 2.43698872]", "final_simplex": "(array([[4.14768375, 6.1008475 , 1.39881387, 4.79616955, 1.28771983,\n        2.43698872],\n       [4.12510124, 6.16875197, 1.37948904, 4.83997479, 1.27836826,\n        2.54433327],\n       [4.22180499, 5.95376355, 1.36949958, 4.84904636, 1.3334132 ,\n        2.60643225],\n       [4.03674634, 6.07145946, 1.32753825, 4.88445087, 1.28470746,\n        2.57406546],\n       [4.08835333, 6.07203569, 1.40849274, 4.82589696, 1.21650352,\n        2.46975476],\n       [4.21481553, 6.13622682, 1.43891662, 4.99394586, 1.32266056,\n        2.53819842],\n       [4.1875959 , 6.1280836 , 1.38218812, 4.78742318, 1.18687292,\n        2.54956804]]), array([0.39736492, 0.39987212, 0.40000884, 0.40049546, 0.40115938,\n       0.40143177, 0.40228149]))", "callback": [0.6095682163403351, 0.5689783178070329, 0.516210234990726, 0.464530678431765, 0.45310552299292683, 0.44407927755806764, 0.43371384878661223, 0.4206529595045917, 0.4032484047126137]}, "3": {"maxiter": 100, "fatol": 1e-10, "xatol": 1e-10, "duration": 0.035468101501464844, "fun": "0.3973649175896057", "nit": "100", "nfev": "156", "status": "2", "success": "False", "message": "Maximum number of iterations has been exceeded.", "x": "[4.14768375 6.1008475  1.39881387 4.79616955 1.28771983 2.43698872]", "final_simplex": "(array([[4.14768375, 6.1008475 , 1.39881387, 4.79616955, 1.28771983,\n        2.43698872],\n       [4.12510124, 6.16875197, 1.37948904, 4.83997479, 1.27836826,\n        2.54433327],\n       [4.22180499, 5.95376355, 1.36949958, 4.84904636, 1.3334132 ,\n        2.60643225],\n       [4.03674634, 6.07145946, 1.32753825, 4.88445087, 1.28470746,\n        2.57406546],\n       [4.08835333, 6.07203569, 1.40849274, 4.82589696, 1.21650352,\n        2.46975476],\n       [4.21481553, 6.13622682, 1.43891662, 4.99394586, 1.32266056,\n        2.53819842],\n       [4.1875959 , 6.1280836 , 1.38218812, 4.78742318, 1.18687292,\n        2.54956804]]), array([0.39736492, 0.39987212, 0.40000884, 0.40049546, 0.40115938,\n       0.40143177, 0.40228149]))", "callback": [0.6095682163403351, 0.5689783178070329, 0.516210234990726, 0.464530678431765, 0.45310552299292683, 0.44407927755806764, 0.43371384878661223, 0.4206529595045917, 0.4032484047126137]}, "4": {"maxiter": 500, "fatol": 1e-05, "xatol": 1e-05, "duration": 0.11118173599243164, "fun": "0.37705070320469103", "nit": "308", "nfev": "496", "status": "0", "success": "True", "message": "Optimization terminated successfully.", "x": "[4.36557663 5.78284143 0.99314852 5.03900397 1.45610373 2.4610179 ]", "final_simplex": "(array([[4.36557663, 5.78284143, 0.99314852, 5.03900397, 1.45610373,\n        2.4610179 ],\n       [4.36558529, 5.782843  , 0.99315109, 5.03901191, 1.4561064 ,\n        2.46102182],\n       [4.36557913, 5.78284835, 0.99314487, 5.03900182, 1.45610634,\n        2.46101837],\n       [4.36558065, 5.78284546, 0.99314608, 5.03901254, 1.45610838,\n        2.46101786],\n       [4.36557781, 5.78284865, 0.99315359, 5.03900607, 1.45610686,\n        2.46102331],\n       [4.36558045, 5.78283776, 0.99314088, 5.03900552, 1.45611213,\n        2.46102236],\n       [4.36558103, 5.78284772, 0.99315769, 5.03900419, 1.45610594,\n        2.46101025]]), array([0.3770507, 0.3770507, 0.3770507, 0.3770507, 0.3770507, 0.3770507,\n       0.3770507]))", "callback": [0.6095682163403351, 0.5689783178070329, 0.516210234990726, 0.464530678431765, 0.45310552299292683, 0.44407927755806764, 0.43371384878661223, 0.4206529595045917, 0.4032484047126137, 0.3973649175896057, 0.39573478829880715, 0.39355083061942087, 0.3914679905029883, 0.38909746988685256, 0.38384146428182186, 0.3806917654225481, 0.3778186064069138, 0.3775456636499097, 0.37716302812098723, 0.37709550750055465, 0.3770617316515368, 0.3770525426509461, 0.3770512374230255, 0.37705083461784816, 0.37705072234444137, 0.37705070892247783, 0.3770507041745429, 0.37705070348254743, 0.3770507032685829, 0.37705070322601497]}, "5": {"maxiter": 500, "fatol": 1e-05, "xatol": 1e-10, "duration": 0.17238116264343262, "fun": "0.3770507031886894", "nit": "440", "nfev": "769", "status": "0", "success": "True", "message": "Optimization terminated successfully.", "x": "[4.36558391 5.78284337 0.99314499 5.03900821 1.45609708 2.46102038]", "final_simplex": "(array([[4.36558391, 5.78284337, 0.99314499, 5.03900821, 1.45609708,\n        2.46102038],\n       [4.36558391, 5.78284337, 0.99314499, 5.03900821, 1.45609708,\n        2.46102038],\n       [4.36558391, 5.78284337, 0.99314499, 5.03900821, 1.45609708,\n        2.46102038],\n       [4.36558391, 5.78284337, 0.99314499, 5.03900821, 1.45609708,\n        2.46102038],\n       [4.36558391, 5.78284337, 0.99314499, 5.03900821, 1.45609708,\n        2.46102038],\n       [4.36558391, 5.78284337, 0.99314499, 5.03900821, 1.45609708,\n        2.46102038],\n       [4.36558391, 5.78284337, 0.99314499, 5.03900821, 1.45609708,\n        2.46102038]]), array([0.3770507, 0.3770507, 0.3770507, 0.3770507, 0.3770507, 0.3770507,\n       0.3770507]))", "callback": [0.6095682163403351, 0.5689783178070329, 0.516210234990726, 0.464530678431765, 0.45310552299292683, 0.44407927755806764, 0.43371384878661223, 0.4206529595045917, 0.4032484047126137, 0.3973649175896057, 0.39573478829880715, 0.39355083061942087, 0.3914679905029883, 0.38909746988685256, 0.38384146428182186, 0.3806917654225481, 0.3778186064069138, 0.3775456636499097, 0.37716302812098723, 0.37709550750055465, 0.3770617316515368, 0.3770525426509461, 0.3770512374230255, 0.37705083461784816, 0.37705072234444137, 0.37705070892247783, 0.3770507041745429, 0.37705070348254743, 0.3770507032685829, 0.37705070322601497, 0.3770507031997201, 0.37705070319512, 0.37705070319051437, 0.3770507031891366, 0.37705070318889744, 0.377050703188758, 0.3770507031887058, 0.37705070318869494, 0.3770507031886904, 0.37705070318869016, 0.3770507031886895, 0.3770507031886894, 0.3770507031886894, 0.3770507031886894]}, "6": {"maxiter": 500, "fatol": 1e-10, "xatol": 1e-05, "duration": 0.11093401908874512, "fun": "0.37705070320469103", "nit": "308", "nfev": "496", "status": "0", "success": "True", "message": "Optimization terminated successfully.", "x": "[4.36557663 5.78284143 0.99314852 5.03900397 1.45610373 2.4610179 ]", "final_simplex": "(array([[4.36557663, 5.78284143, 0.99314852, 5.03900397, 1.45610373,\n        2.4610179 ],\n       [4.36558529, 5.782843  , 0.99315109, 5.03901191, 1.4561064 ,\n        2.46102182],\n       [4.36557913, 5.78284835, 0.99314487, 5.03900182, 1.45610634,\n        2.46101837],\n       [4.36558065, 5.78284546, 0.99314608, 5.03901254, 1.45610838,\n        2.46101786],\n       [4.36557781, 5.78284865, 0.99315359, 5.03900607, 1.45610686,\n        2.46102331],\n       [4.36558045, 5.78283776, 0.99314088, 5.03900552, 1.45611213,\n        2.46102236],\n       [4.36558103, 5.78284772, 0.99315769, 5.03900419, 1.45610594,\n        2.46101025]]), array([0.3770507, 0.3770507, 0.3770507, 0.3770507, 0.3770507, 0.3770507,\n       0.3770507]))", "callback": [0.6095682163403351, 0.5689783178070329, 0.516210234990726, 0.464530678431765, 0.45310552299292683, 0.44407927755806764, 0.43371384878661223, 0.4206529595045917, 0.4032484047126137, 0.3973649175896057, 0.39573478829880715, 0.39355083061942087, 0.3914679905029883, 0.38909746988685256, 0.38384146428182186, 0.3806917654225481, 0.3778186064069138, 0.3775456636499097, 0.37716302812098723, 0.37709550750055465, 0.3770617316515368, 0.3770525426509461, 0.3770512374230255, 0.37705083461784816, 0.37705072234444137, 0.37705070892247783, 0.3770507041745429, 0.37705070348254743, 0.3770507032685829, 0.37705070322601497]}, "7": {"maxiter": 500, "fatol": 1e-10, "xatol": 1e-10, "duration": 0.18482494354248047, "fun": "0.3770507031886894", "nit": "440", "nfev": "769", "status": "0", "success": "True", "message": "Optimization terminated successfully.", "x": "[4.36558391 5.78284337 0.99314499 5.03900821 1.45609708 2.46102038]", "final_simplex": "(array([[4.36558391, 5.78284337, 0.99314499, 5.03900821, 1.45609708,\n        2.46102038],\n       [4.36558391, 5.78284337, 0.99314499, 5.03900821, 1.45609708,\n        2.46102038],\n       [4.36558391, 5.78284337, 0.99314499, 5.03900821, 1.45609708,\n        2.46102038],\n       [4.36558391, 5.78284337, 0.99314499, 5.03900821, 1.45609708,\n        2.46102038],\n       [4.36558391, 5.78284337, 0.99314499, 5.03900821, 1.45609708,\n        2.46102038],\n       [4.36558391, 5.78284337, 0.99314499, 5.03900821, 1.45609708,\n        2.46102038],\n       [4.36558391, 5.78284337, 0.99314499, 5.03900821, 1.45609708,\n        2.46102038]]), array([0.3770507, 0.3770507, 0.3770507, 0.3770507, 0.3770507, 0.3770507,\n       0.3770507]))", "callback": [0.6095682163403351, 0.5689783178070329, 0.516210234990726, 0.464530678431765, 0.45310552299292683, 0.44407927755806764, 0.43371384878661223, 0.4206529595045917, 0.4032484047126137, 0.3973649175896057, 0.39573478829880715, 0.39355083061942087, 0.3914679905029883, 0.38909746988685256, 0.38384146428182186, 0.3806917654225481, 0.3778186064069138, 0.3775456636499097, 0.37716302812098723, 0.37709550750055465, 0.3770617316515368, 0.3770525426509461, 0.3770512374230255, 0.37705083461784816, 0.37705072234444137, 0.37705070892247783, 0.3770507041745429, 0.37705070348254743, 0.3770507032685829, 0.37705070322601497, 0.3770507031997201, 0.37705070319512, 0.37705070319051437, 0.3770507031891366, 0.37705070318889744, 0.377050703188758, 0.3770507031887058, 0.37705070318869494, 0.3770507031886904, 0.37705070318869016, 0.3770507031886895, 0.3770507031886894, 0.3770507031886894, 0.3770507031886894]}, "8": {"maxiter": 1000, "fatol": 1e-05, "xatol": 1e-05, "duration": 0.11922812461853027, "fun": "0.37705070320469103", "nit": "308", "nfev": "496", "status": "0", "success": "True", "message": "Optimization terminated successfully.", "x": "[4.36557663 5.78284143 0.99314852 5.03900397 1.45610373 2.4610179 ]", "final_simplex": "(array([[4.36557663, 5.78284143, 0.99314852, 5.03900397, 1.45610373,\n        2.4610179 ],\n       [4.36558529, 5.782843  , 0.99315109, 5.03901191, 1.4561064 ,\n        2.46102182],\n       [4.36557913, 5.78284835, 0.99314487, 5.03900182, 1.45610634,\n        2.46101837],\n       [4.36558065, 5.78284546, 0.99314608, 5.03901254, 1.45610838,\n        2.46101786],\n       [4.36557781, 5.78284865, 0.99315359, 5.03900607, 1.45610686,\n        2.46102331],\n       [4.36558045, 5.78283776, 0.99314088, 5.03900552, 1.45611213,\n        2.46102236],\n       [4.36558103, 5.78284772, 0.99315769, 5.03900419, 1.45610594,\n        2.46101025]]), array([0.3770507, 0.3770507, 0.3770507, 0.3770507, 0.3770507, 0.3770507,\n       0.3770507]))", "callback": [0.6095682163403351, 0.5689783178070329, 0.516210234990726, 0.464530678431765, 0.45310552299292683, 0.44407927755806764, 0.43371384878661223, 0.4206529595045917, 0.4032484047126137, 0.3973649175896057, 0.39573478829880715, 0.39355083061942087, 0.3914679905029883, 0.38909746988685256, 0.38384146428182186, 0.3806917654225481, 0.3778186064069138, 0.3775456636499097, 0.37716302812098723, 0.37709550750055465, 0.3770617316515368, 0.3770525426509461, 0.3770512374230255, 0.37705083461784816, 0.37705072234444137, 0.37705070892247783, 0.3770507041745429, 0.37705070348254743, 0.3770507032685829, 0.37705070322601497]}, "9": {"maxiter": 1000, "fatol": 1e-05, "xatol": 1e-10, "duration": 0.1731419563293457, "fun": "0.3770507031886894", "nit": "440", "nfev": "769", "status": "0", "success": "True", "message": "Optimization terminated successfully.", "x": "[4.36558391 5.78284337 0.99314499 5.03900821 1.45609708 2.46102038]", "final_simplex": "(array([[4.36558391, 5.78284337, 0.99314499, 5.03900821, 1.45609708,\n        2.46102038],\n       [4.36558391, 5.78284337, 0.99314499, 5.03900821, 1.45609708,\n        2.46102038],\n       [4.36558391, 5.78284337, 0.99314499, 5.03900821, 1.45609708,\n        2.46102038],\n       [4.36558391, 5.78284337, 0.99314499, 5.03900821, 1.45609708,\n        2.46102038],\n       [4.36558391, 5.78284337, 0.99314499, 5.03900821, 1.45609708,\n        2.46102038],\n       [4.36558391, 5.78284337, 0.99314499, 5.03900821, 1.45609708,\n        2.46102038],\n       [4.36558391, 5.78284337, 0.99314499, 5.03900821, 1.45609708,\n        2.46102038]]), array([0.3770507, 0.3770507, 0.3770507, 0.3770507, 0.3770507, 0.3770507,\n       0.3770507]))", "callback": [0.6095682163403351, 0.5689783178070329, 0.516210234990726, 0.464530678431765, 0.45310552299292683, 0.44407927755806764, 0.43371384878661223, 0.4206529595045917, 0.4032484047126137, 0.3973649175896057, 0.39573478829880715, 0.39355083061942087, 0.3914679905029883, 0.38909746988685256, 0.38384146428182186, 0.3806917654225481, 0.3778186064069138, 0.3775456636499097, 0.37716302812098723, 0.37709550750055465, 0.3770617316515368, 0.3770525426509461, 0.3770512374230255, 0.37705083461784816, 0.37705072234444137, 0.37705070892247783, 0.3770507041745429, 0.37705070348254743, 0.3770507032685829, 0.37705070322601497, 0.3770507031997201, 0.37705070319512, 0.37705070319051437, 0.3770507031891366, 0.37705070318889744, 0.377050703188758, 0.3770507031887058, 0.37705070318869494, 0.3770507031886904, 0.37705070318869016, 0.3770507031886895, 0.3770507031886894, 0.3770507031886894, 0.3770507031886894]}, "10": {"maxiter": 1000, "fatol": 1e-10, "xatol": 1e-05, "duration": 0.11444401741027832, "fun": "0.37705070320469103", "nit": "308", "nfev": "496", "status": "0", "success": "True", "message": "Optimization terminated successfully.", "x": "[4.36557663 5.78284143 0.99314852 5.03900397 1.45610373 2.4610179 ]", "final_simplex": "(array([[4.36557663, 5.78284143, 0.99314852, 5.03900397, 1.45610373,\n        2.4610179 ],\n       [4.36558529, 5.782843  , 0.99315109, 5.03901191, 1.4561064 ,\n        2.46102182],\n       [4.36557913, 5.78284835, 0.99314487, 5.03900182, 1.45610634,\n        2.46101837],\n       [4.36558065, 5.78284546, 0.99314608, 5.03901254, 1.45610838,\n        2.46101786],\n       [4.36557781, 5.78284865, 0.99315359, 5.03900607, 1.45610686,\n        2.46102331],\n       [4.36558045, 5.78283776, 0.99314088, 5.03900552, 1.45611213,\n        2.46102236],\n       [4.36558103, 5.78284772, 0.99315769, 5.03900419, 1.45610594,\n        2.46101025]]), array([0.3770507, 0.3770507, 0.3770507, 0.3770507, 0.3770507, 0.3770507,\n       0.3770507]))", "callback": [0.6095682163403351, 0.5689783178070329, 0.516210234990726, 0.464530678431765, 0.45310552299292683, 0.44407927755806764, 0.43371384878661223, 0.4206529595045917, 0.4032484047126137, 0.3973649175896057, 0.39573478829880715, 0.39355083061942087, 0.3914679905029883, 0.38909746988685256, 0.38384146428182186, 0.3806917654225481, 0.3778186064069138, 0.3775456636499097, 0.37716302812098723, 0.37709550750055465, 0.3770617316515368, 0.3770525426509461, 0.3770512374230255, 0.37705083461784816, 0.37705072234444137, 0.37705070892247783, 0.3770507041745429, 0.37705070348254743, 0.3770507032685829, 0.37705070322601497]}, "11": {"maxiter": 1000, "fatol": 1e-10, "xatol": 1e-10, "duration": 0.1988680362701416, "fun": "0.3770507031886894", "nit": "440", "nfev": "769", "status": "0", "success": "True", "message": "Optimization terminated successfully.", "x": "[4.36558391 5.78284337 0.99314499 5.03900821 1.45609708 2.46102038]", "final_simplex": "(array([[4.36558391, 5.78284337, 0.99314499, 5.03900821, 1.45609708,\n        2.46102038],\n       [4.36558391, 5.78284337, 0.99314499, 5.03900821, 1.45609708,\n        2.46102038],\n       [4.36558391, 5.78284337, 0.99314499, 5.03900821, 1.45609708,\n        2.46102038],\n       [4.36558391, 5.78284337, 0.99314499, 5.03900821, 1.45609708,\n        2.46102038],\n       [4.36558391, 5.78284337, 0.99314499, 5.03900821, 1.45609708,\n        2.46102038],\n       [4.36558391, 5.78284337, 0.99314499, 5.03900821, 1.45609708,\n        2.46102038],\n       [4.36558391, 5.78284337, 0.99314499, 5.03900821, 1.45609708,\n        2.46102038]]), array([0.3770507, 0.3770507, 0.3770507, 0.3770507, 0.3770507, 0.3770507,\n       0.3770507]))", "callback": [0.6095682163403351, 0.5689783178070329, 0.516210234990726, 0.464530678431765, 0.45310552299292683, 0.44407927755806764, 0.43371384878661223, 0.4206529595045917, 0.4032484047126137, 0.3973649175896057, 0.39573478829880715, 0.39355083061942087, 0.3914679905029883, 0.38909746988685256, 0.38384146428182186, 0.3806917654225481, 0.3778186064069138, 0.3775456636499097, 0.37716302812098723, 0.37709550750055465, 0.3770617316515368, 0.3770525426509461, 0.3770512374230255, 0.37705083461784816, 0.37705072234444137, 0.37705070892247783, 0.3770507041745429, 0.37705070348254743, 0.3770507032685829, 0.37705070322601497, 0.3770507031997201, 0.37705070319512, 0.37705070319051437, 0.3770507031891366, 0.37705070318889744, 0.377050703188758, 0.3770507031887058, 0.37705070318869494, 0.3770507031886904, 0.37705070318869016, 0.3770507031886895, 0.3770507031886894, 0.3770507031886894, 0.3770507031886894]}}, "bfgs": {"type": "gradient", "0": {"maxiter": 100, "gtol": 1e-05, "xrtol": 1e-05, "eps": 1e-05, "duration": 0.04189896583557129, "fun": "0.3770507033678726", "jac": "[-2.97234459e-06 -7.98053845e-06  6.11027895e-06  1.98331351e-06\n  1.81044069e-07  1.44644297e-06]", "hess_inv": "[[ 4.34846639 -1.08018372 -0.50957671  1.59843684  0.62960655  0.83438421]\n [-1.08018372  3.93232737  1.93294917 -0.89035239 -1.14118545 -0.21179482]\n [-0.50957671  1.93294917  3.71514926 -0.81942189 -0.68770272 -0.40113119]\n [ 1.59843684 -0.89035239 -0.81942189  4.07652965  0.39874877  0.5340008 ]\n [ 0.62960655 -1.14118545 -0.68770272  0.39874877  4.52188854 -1.13577539]\n [ 0.83438421 -0.21179482 -0.40113119  0.5340008  -1.13577539  4.05136854]]", "nfev": "168", "njev": "24", "status": "0", "success": "True", "message": "Optimization terminated successfully.", "x": "[4.36557205 5.78281252 0.99314898 5.03901024 1.45609819 2.46102022]", "nit": "21", "callback": [0.3792379242769742, 0.37705070588634815]}, "1": {"maxiter": 100, "gtol": 1e-05, "xrtol": 1e-05, "eps": 1e-10, "duration": 0.040631771087646484, "fun": "0.377050703337518", "jac": "[-1.11022293e-06 -4.44089173e-06  8.88178346e-06  2.22044587e-06\n  2.22044587e-06  4.44089173e-06]", "hess_inv": "[[ 4.36842528 -1.0546386  -0.46264992  1.61711201  0.63512898  0.8798799 ]\n [-1.0546386   3.95836946  1.95205338 -0.91965759 -1.2627478  -0.07325181]\n [-0.46264992  1.95205338  3.78522252 -0.78064999 -0.74550968 -0.28188156]\n [ 1.61711201 -0.91965759 -0.78064999  4.08835417  0.39888354  0.560135  ]\n [ 0.63512898 -1.2627478  -0.74550968  0.39888354  4.46981171 -1.17312357]\n [ 0.8798799  -0.07325181 -0.28188156  0.560135   -1.17312357  4.15982244]]", "nfev": "168", "njev": "24", "status": "0", "success": "True", "message": "Optimization terminated successfully.", "x": "[4.36557619 5.78282597 0.99316004 5.03901376 1.45609553 2.46103318]", "nit": "21", "callback": [0.3792381233000558, 0.3770507060613997]}, "2": {"maxiter": 100, "gtol": 1e-05, "xrtol": 1e-10, "eps": 1e-05, "duration": 0.04061102867126465, "fun": "0.3770507033678726", "jac": "[-2.97234459e-06 -7.98053845e-06  6.11027895e-06  1.98331351e-06\n  1.81044069e-07  1.44644297e-06]", "hess_inv": "[[ 4.34846639 -1.08018372 -0.50957671  1.59843684  0.62960655  0.83438421]\n [-1.08018372  3.93232737  1.93294917 -0.89035239 -1.14118545 -0.21179482]\n [-0.50957671  1.93294917  3.71514926 -0.81942189 -0.68770272 -0.40113119]\n [ 1.59843684 -0.89035239 -0.81942189  4.07652965  0.39874877  0.5340008 ]\n [ 0.62960655 -1.14118545 -0.68770272  0.39874877  4.52188854 -1.13577539]\n [ 0.83438421 -0.21179482 -0.40113119  0.5340008  -1.13577539  4.05136854]]", "nfev": "168", "njev": "24", "status": "0", "success": "True", "message": "Optimization terminated successfully.", "x": "[4.36557205 5.78281252 0.99314898 5.03901024 1.45609819 2.46102022]", "nit": "21", "callback": [0.3792379242769742, 0.37705070588634815]}, "3": {"maxiter": 100, "gtol": 1e-05, "xrtol": 1e-10, "eps": 1e-10, "duration": 0.04127311706542969, "fun": "0.377050703337518", "jac": "[-1.11022293e-06 -4.44089173e-06  8.88178346e-06  2.22044587e-06\n  2.22044587e-06  4.44089173e-06]", "hess_inv": "[[ 4.36842528 -1.0546386  -0.46264992  1.61711201  0.63512898  0.8798799 ]\n [-1.0546386   3.95836946  1.95205338 -0.91965759 -1.2627478  -0.07325181]\n [-0.46264992  1.95205338  3.78522252 -0.78064999 -0.74550968 -0.28188156]\n [ 1.61711201 -0.91965759 -0.78064999  4.08835417  0.39888354  0.560135  ]\n [ 0.63512898 -1.2627478  -0.74550968  0.39888354  4.46981171 -1.17312357]\n [ 0.8798799  -0.07325181 -0.28188156  0.560135   -1.17312357  4.15982244]]", "nfev": "168", "njev": "24", "status": "0", "success": "True", "message": "Optimization terminated successfully.", "x": "[4.36557619 5.78282597 0.99316004 5.03901376 1.45609553 2.46103318]", "nit": "21", "callback": [0.3792381233000558, 0.3770507060613997]}, "4": {"maxiter": 100, "gtol": 1e-10, "xrtol": 1e-05, "eps": 1e-05, "duration": 0.04201698303222656, "fun": "0.37705070321032597", "jac": "[-1.31783473e-07 -5.28288524e-07  5.90183458e-07  1.84008364e-07\n -3.05966363e-07  5.34694511e-07]", "hess_inv": "[[ 4.36252968 -0.95614898 -0.56018464  1.55194841  0.63116156  0.7860979 ]\n [-0.95614898  4.53059125  1.76796606 -1.06562832 -1.35701268 -0.18343165]\n [-0.56018464  1.76796606  3.73755603 -0.78537359 -0.56300511 -0.48520413]\n [ 1.55194841 -1.06562832 -0.78537359  4.11904046  0.50231068  0.47850998]\n [ 0.63116156 -1.35701268 -0.56300511  0.50231068  4.41576552 -0.9307694 ]\n [ 0.7860979  -0.18343165 -0.48520413  0.47850998 -0.9307694   3.80091156]]", "nfev": "175", "njev": "25", "status": "0", "success": "True", "message": "Optimization terminated successfully.", "x": "[4.36557648 5.78283766 0.99314095 5.0390022  1.45609223 2.46101778]", "nit": "22", "callback": [0.3792379242769742, 0.37705070588634815]}, "5": {"maxiter": 100, "gtol": 1e-10, "xrtol": 1e-05, "eps": 1e-10, "duration": 0.040679216384887695, "fun": "0.37705070322929024", "jac": "[-1.11022293e-06 -2.22044587e-06 -2.22044587e-06 -2.22044587e-06\n -2.22044587e-06  0.00000000e+00]", "hess_inv": "[[ 4.3035585  -1.11029248 -0.61907229  1.56864429  0.67193683  0.71124296]\n [-1.11029248  4.14067225  1.54759745 -1.08289282 -1.41347392 -0.27149391]\n [-0.61907229  1.54759745  3.72549084 -0.75461922 -0.44258864 -0.62562507]\n [ 1.56864429 -1.08289282 -0.75461922  4.11646867  0.52278921  0.46245192]\n [ 0.67193683 -1.41347392 -0.44258864  0.52278921  4.59339517 -1.0349916 ]\n [ 0.71124296 -0.27149391 -0.62562507  0.46245192 -1.0349916   3.73387772]]", "nfev": "175", "njev": "25", "status": "0", "success": "True", "message": "Optimization terminated successfully.", "x": "[4.3655734  5.78283612 0.99313857 5.03900504 1.45608717 2.46102301]", "nit": "22", "callback": [0.3792381233000558, 0.3770507060613997]}, "6": {"maxiter": 100, "gtol": 1e-10, "xrtol": 1e-10, "eps": 1e-05, "duration": 0.09957504272460938, "fun": "0.3770507032102445", "jac": "[-1.02784448e-07 -4.13125090e-07  4.67070826e-07  1.45727874e-07\n -2.46103138e-07  4.28090896e-07]", "hess_inv": "[[ 4.35493974 -0.97841391 -0.55964035  1.5552839   0.65314047  0.76872709]\n [-0.97841391  4.50544199  1.69470139 -1.09578316 -1.19541704 -0.36233597]\n [-0.55964035  1.69470139  3.82868731 -0.73054414 -0.67267067 -0.33009848]\n [ 1.5552839  -1.09578316 -0.73054414  4.14952951  0.42529078  0.57947722]\n [ 0.65314047 -1.19541704 -0.67267067  0.42529078  4.47698138 -1.06224727]\n [ 0.76872709 -0.36233597 -0.33009848  0.57947722 -1.06224727  4.02068942]]", "nfev": "431", "njev": "60", "status": "2", "success": "False", "message": "Desired error not necessarily achieved due to precision loss.", "x": "[4.36557646 5.78283795 0.99314068 5.03900201 1.45609256 2.46101728]", "nit": "23", "callback": [0.3792379242769742, 0.37705070588634815]}, "7": {"maxiter": 100, "gtol": 1e-10, "xrtol": 1e-10, "eps": 1e-10, "duration": 0.0678110122680664, "fun": "0.3770507031913506", "jac": "[ 1.11022293e-06  1.11022293e-06  1.11022293e-06  1.11022293e-06\n  0.00000000e+00 -1.11022293e-06]", "hess_inv": "[[10.30598437  1.14788944  1.3880021   0.58324849  1.18079144  4.66249074]\n [ 1.14788944  4.66430911  0.81470459 -1.24814059 -0.67072043  0.91328952]\n [ 1.3880021   0.81470459  1.3291503  -0.64379311  0.31221221  0.90986015]\n [ 0.58324849 -1.24814059 -0.64379311  2.80552483  0.60466234  0.07179087]\n [ 1.18079144 -0.67072043  0.31221221  0.60466234  1.93110502 -0.1459525 ]\n [ 4.66249074  0.91328952  0.90986015  0.07179087 -0.1459525   6.36971045]]", "nfev": "294", "njev": "42", "status": "0", "success": "True", "message": "Optimization terminated successfully.", "x": "[4.36558393 5.78284625 0.99314661 5.03901026 1.45609886 2.46102053]", "nit": "26", "callback": [0.3792381233000558, 0.3770507060613997]}, "8": {"maxiter": 500, "gtol": 1e-05, "xrtol": 1e-05, "eps": 1e-05, "duration": 0.041604042053222656, "fun": "0.3770507033678726", "jac": "[-2.97234459e-06 -7.98053845e-06  6.11027895e-06  1.98331351e-06\n  1.81044069e-07  1.44644297e-06]", "hess_inv": "[[ 4.34846639 -1.08018372 -0.50957671  1.59843684  0.62960655  0.83438421]\n [-1.08018372  3.93232737  1.93294917 -0.89035239 -1.14118545 -0.21179482]\n [-0.50957671  1.93294917  3.71514926 -0.81942189 -0.68770272 -0.40113119]\n [ 1.59843684 -0.89035239 -0.81942189  4.07652965  0.39874877  0.5340008 ]\n [ 0.62960655 -1.14118545 -0.68770272  0.39874877  4.52188854 -1.13577539]\n [ 0.83438421 -0.21179482 -0.40113119  0.5340008  -1.13577539  4.05136854]]", "nfev": "168", "njev": "24", "status": "0", "success": "True", "message": "Optimization terminated successfully.", "x": "[4.36557205 5.78281252 0.99314898 5.03901024 1.45609819 2.46102022]", "nit": "21", "callback": [0.3792379242769742, 0.37705070588634815]}, "9": {"maxiter": 500, "gtol": 1e-05, "xrtol": 1e-05, "eps": 1e-10, "duration": 0.03956890106201172, "fun": "0.377050703337518", "jac": "[-1.11022293e-06 -4.44089173e-06  8.88178346e-06  2.22044587e-06\n  2.22044587e-06  4.44089173e-06]", "hess_inv": "[[ 4.36842528 -1.0546386  -0.46264992  1.61711201  0.63512898  0.8798799 ]\n [-1.0546386   3.95836946  1.95205338 -0.91965759 -1.2627478  -0.07325181]\n [-0.46264992  1.95205338  3.78522252 -0.78064999 -0.74550968 -0.28188156]\n [ 1.61711201 -0.91965759 -0.78064999  4.08835417  0.39888354  0.560135  ]\n [ 0.63512898 -1.2627478  -0.74550968  0.39888354  4.46981171 -1.17312357]\n [ 0.8798799  -0.07325181 -0.28188156  0.560135   -1.17312357  4.15982244]]", "nfev": "168", "njev": "24", "status": "0", "success": "True", "message": "Optimization terminated successfully.", "x": "[4.36557619 5.78282597 0.99316004 5.03901376 1.45609553 2.46103318]", "nit": "21", "callback": [0.3792381233000558, 0.3770507060613997]}, "10": {"maxiter": 500, "gtol": 1e-05, "xrtol": 1e-10, "eps": 1e-05, "duration": 0.03940725326538086, "fun": "0.3770507033678726", "jac": "[-2.97234459e-06 -7.98053845e-06  6.11027895e-06  1.98331351e-06\n  1.81044069e-07  1.44644297e-06]", "hess_inv": "[[ 4.34846639 -1.08018372 -0.50957671  1.59843684  0.62960655  0.83438421]\n [-1.08018372  3.93232737  1.93294917 -0.89035239 -1.14118545 -0.21179482]\n [-0.50957671  1.93294917  3.71514926 -0.81942189 -0.68770272 -0.40113119]\n [ 1.59843684 -0.89035239 -0.81942189  4.07652965  0.39874877  0.5340008 ]\n [ 0.62960655 -1.14118545 -0.68770272  0.39874877  4.52188854 -1.13577539]\n [ 0.83438421 -0.21179482 -0.40113119  0.5340008  -1.13577539  4.05136854]]", "nfev": "168", "njev": "24", "status": "0", "success": "True", "message": "Optimization terminated successfully.", "x": "[4.36557205 5.78281252 0.99314898 5.03901024 1.45609819 2.46102022]", "nit": "21", "callback": [0.3792379242769742, 0.37705070588634815]}, "11": {"maxiter": 500, "gtol": 1e-05, "xrtol": 1e-10, "eps": 1e-10, "duration": 0.039231061935424805, "fun": "0.377050703337518", "jac": "[-1.11022293e-06 -4.44089173e-06  8.88178346e-06  2.22044587e-06\n  2.22044587e-06  4.44089173e-06]", "hess_inv": "[[ 4.36842528 -1.0546386  -0.46264992  1.61711201  0.63512898  0.8798799 ]\n [-1.0546386   3.95836946  1.95205338 -0.91965759 -1.2627478  -0.07325181]\n [-0.46264992  1.95205338  3.78522252 -0.78064999 -0.74550968 -0.28188156]\n [ 1.61711201 -0.91965759 -0.78064999  4.08835417  0.39888354  0.560135  ]\n [ 0.63512898 -1.2627478  -0.74550968  0.39888354  4.46981171 -1.17312357]\n [ 0.8798799  -0.07325181 -0.28188156  0.560135   -1.17312357  4.15982244]]", "nfev": "168", "njev": "24", "status": "0", "success": "True", "message": "Optimization terminated successfully.", "x": "[4.36557619 5.78282597 0.99316004 5.03901376 1.45609553 2.46103318]", "nit": "21", "callback": [0.3792381233000558, 0.3770507060613997]}, "12": {"maxiter": 500, "gtol": 1e-10, "xrtol": 1e-05, "eps": 1e-05, "duration": 0.04071688652038574, "fun": "0.37705070321032597", "jac": "[-1.31783473e-07 -5.28288524e-07  5.90183458e-07  1.84008364e-07\n -3.05966363e-07  5.34694511e-07]", "hess_inv": "[[ 4.36252968 -0.95614898 -0.56018464  1.55194841  0.63116156  0.7860979 ]\n [-0.95614898  4.53059125  1.76796606 -1.06562832 -1.35701268 -0.18343165]\n [-0.56018464  1.76796606  3.73755603 -0.78537359 -0.56300511 -0.48520413]\n [ 1.55194841 -1.06562832 -0.78537359  4.11904046  0.50231068  0.47850998]\n [ 0.63116156 -1.35701268 -0.56300511  0.50231068  4.41576552 -0.9307694 ]\n [ 0.7860979  -0.18343165 -0.48520413  0.47850998 -0.9307694   3.80091156]]", "nfev": "175", "njev": "25", "status": "0", "success": "True", "message": "Optimization terminated successfully.", "x": "[4.36557648 5.78283766 0.99314095 5.0390022  1.45609223 2.46101778]", "nit": "22", "callback": [0.3792379242769742, 0.37705070588634815]}, "13": {"maxiter": 500, "gtol": 1e-10, "xrtol": 1e-05, "eps": 1e-10, "duration": 0.04201817512512207, "fun": "0.37705070322929024", "jac": "[-1.11022293e-06 -2.22044587e-06 -2.22044587e-06 -2.22044587e-06\n -2.22044587e-06  0.00000000e+00]", "hess_inv": "[[ 4.3035585  -1.11029248 -0.61907229  1.56864429  0.67193683  0.71124296]\n [-1.11029248  4.14067225  1.54759745 -1.08289282 -1.41347392 -0.27149391]\n [-0.61907229  1.54759745  3.72549084 -0.75461922 -0.44258864 -0.62562507]\n [ 1.56864429 -1.08289282 -0.75461922  4.11646867  0.52278921  0.46245192]\n [ 0.67193683 -1.41347392 -0.44258864  0.52278921  4.59339517 -1.0349916 ]\n [ 0.71124296 -0.27149391 -0.62562507  0.46245192 -1.0349916   3.73387772]]", "nfev": "175", "njev": "25", "status": "0", "success": "True", "message": "Optimization terminated successfully.", "x": "[4.3655734  5.78283612 0.99313857 5.03900504 1.45608717 2.46102301]", "nit": "22", "callback": [0.3792381233000558, 0.3770507060613997]}, "14": {"maxiter": 500, "gtol": 1e-10, "xrtol": 1e-10, "eps": 1e-05, "duration": 0.09804701805114746, "fun": "0.3770507032102445", "jac": "[-1.02784448e-07 -4.13125090e-07  4.67070826e-07  1.45727874e-07\n -2.46103138e-07  4.28090896e-07]", "hess_inv": "[[ 4.35493974 -0.97841391 -0.55964035  1.5552839   0.65314047  0.76872709]\n [-0.97841391  4.50544199  1.69470139 -1.09578316 -1.19541704 -0.36233597]\n [-0.55964035  1.69470139  3.82868731 -0.73054414 -0.67267067 -0.33009848]\n [ 1.5552839  -1.09578316 -0.73054414  4.14952951  0.42529078  0.57947722]\n [ 0.65314047 -1.19541704 -0.67267067  0.42529078  4.47698138 -1.06224727]\n [ 0.76872709 -0.36233597 -0.33009848  0.57947722 -1.06224727  4.02068942]]", "nfev": "431", "njev": "60", "status": "2", "success": "False", "message": "Desired error not necessarily achieved due to precision loss.", "x": "[4.36557646 5.78283795 0.99314068 5.03900201 1.45609256 2.46101728]", "nit": "23", "callback": [0.3792379242769742, 0.37705070588634815]}, "15": {"maxiter": 500, "gtol": 1e-10, "xrtol": 1e-10, "eps": 1e-10, "duration": 0.06690597534179688, "fun": "0.3770507031913506", "jac": "[ 1.11022293e-06  1.11022293e-06  1.11022293e-06  1.11022293e-06\n  0.00000000e+00 -1.11022293e-06]", "hess_inv": "[[10.30598437  1.14788944  1.3880021   0.58324849  1.18079144  4.66249074]\n [ 1.14788944  4.66430911  0.81470459 -1.24814059 -0.67072043  0.91328952]\n [ 1.3880021   0.81470459  1.3291503  -0.64379311  0.31221221  0.90986015]\n [ 0.58324849 -1.24814059 -0.64379311  2.80552483  0.60466234  0.07179087]\n [ 1.18079144 -0.67072043  0.31221221  0.60466234  1.93110502 -0.1459525 ]\n [ 4.66249074  0.91328952  0.90986015  0.07179087 -0.1459525   6.36971045]]", "nfev": "294", "njev": "42", "status": "0", "success": "True", "message": "Optimization terminated successfully.", "x": "[4.36558393 5.78284625 0.99314661 5.03901026 1.45609886 2.46102053]", "nit": "26", "callback": [0.3792381233000558, 0.3770507060613997]}, "16": {"maxiter": 1000, "gtol": 1e-05, "xrtol": 1e-05, "eps": 1e-05, "duration": 0.038127899169921875, "fun": "0.3770507033678726", "jac": "[-2.97234459e-06 -7.98053845e-06  6.11027895e-06  1.98331351e-06\n  1.81044069e-07  1.44644297e-06]", "hess_inv": "[[ 4.34846639 -1.08018372 -0.50957671  1.59843684  0.62960655  0.83438421]\n [-1.08018372  3.93232737  1.93294917 -0.89035239 -1.14118545 -0.21179482]\n [-0.50957671  1.93294917  3.71514926 -0.81942189 -0.68770272 -0.40113119]\n [ 1.59843684 -0.89035239 -0.81942189  4.07652965  0.39874877  0.5340008 ]\n [ 0.62960655 -1.14118545 -0.68770272  0.39874877  4.52188854 -1.13577539]\n [ 0.83438421 -0.21179482 -0.40113119  0.5340008  -1.13577539  4.05136854]]", "nfev": "168", "njev": "24", "status": "0", "success": "True", "message": "Optimization terminated successfully.", "x": "[4.36557205 5.78281252 0.99314898 5.03901024 1.45609819 2.46102022]", "nit": "21", "callback": [0.3792379242769742, 0.37705070588634815]}, "17": {"maxiter": 1000, "gtol": 1e-05, "xrtol": 1e-05, "eps": 1e-10, "duration": 0.03783988952636719, "fun": "0.377050703337518", "jac": "[-1.11022293e-06 -4.44089173e-06  8.88178346e-06  2.22044587e-06\n  2.22044587e-06  4.44089173e-06]", "hess_inv": "[[ 4.36842528 -1.0546386  -0.46264992  1.61711201  0.63512898  0.8798799 ]\n [-1.0546386   3.95836946  1.95205338 -0.91965759 -1.2627478  -0.07325181]\n [-0.46264992  1.95205338  3.78522252 -0.78064999 -0.74550968 -0.28188156]\n [ 1.61711201 -0.91965759 -0.78064999  4.08835417  0.39888354  0.560135  ]\n [ 0.63512898 -1.2627478  -0.74550968  0.39888354  4.46981171 -1.17312357]\n [ 0.8798799  -0.07325181 -0.28188156  0.560135   -1.17312357  4.15982244]]", "nfev": "168", "njev": "24", "status": "0", "success": "True", "message": "Optimization terminated successfully.", "x": "[4.36557619 5.78282597 0.99316004 5.03901376 1.45609553 2.46103318]", "nit": "21", "callback": [0.3792381233000558, 0.3770507060613997]}, "18": {"maxiter": 1000, "gtol": 1e-05, "xrtol": 1e-10, "eps": 1e-05, "duration": 0.03902578353881836, "fun": "0.3770507033678726", "jac": "[-2.97234459e-06 -7.98053845e-06  6.11027895e-06  1.98331351e-06\n  1.81044069e-07  1.44644297e-06]", "hess_inv": "[[ 4.34846639 -1.08018372 -0.50957671  1.59843684  0.62960655  0.83438421]\n [-1.08018372  3.93232737  1.93294917 -0.89035239 -1.14118545 -0.21179482]\n [-0.50957671  1.93294917  3.71514926 -0.81942189 -0.68770272 -0.40113119]\n [ 1.59843684 -0.89035239 -0.81942189  4.076