{"date": "2024/10/08/, 19:51:07", "conf_id": 25, "data_type": "random\n", "num_data_points": 2, "s_rank": 0, "unitary": "[[-0.45070455-0.02711853j,0.78437395-0.06613086j,0.06358678+0.19963393j,-0.07343613+0.35668523j],[-0.01890143-0.03813363j,0.32408202+0.25557629j,0.05872864-0.68979805j,0.55466693-0.20227297j],[-0.11215405+0.64023111j,-0.13344055+0.29565494j,-0.49012687-0.19046288j,-0.04241254+0.44046348j],[0.55771659+0.24656916j,0.31851997-0.05798805j,0.28761525-0.34294258j,-0.56718418+0.03616933j]]", "databatch_0": {"databatch": "[[[-0.12778013-0.43886437j,-0.08094243-0.23253382j,0.15326139-0.16396138j,-0.07043013+0.0266035j],[0.17638663+0.00410025j,0.04793947+0.05065442j,-0.07075337+0.00193461j,-0.04839257-0.06368894j],[-0.32482096+0.06899533j,-0.06007311-0.03644456j,0.07580858+0.06894052j,0.09073027+0.13867266j],[0.19067832-0.12476006j,-0.19319213-0.14024552j,0.1467408-0.51843189j,0.01202126-0.27289738j]],[[0.04132262+0.04107102j,0.05508871-0.05433065j,-0.01387878+0.07497709j,0.07132992+0.04414447j],[0.01112669+0.02504513j,0.01750795+0.0015736j,-0.01702596+0.01411888j,0.01149121+0.0223104j],[0.02736504-0.2267915j,-0.25284014-0.02612563j,0.2318194-0.12362916j,-0.03986633-0.29346972j],[0.38238345+0.01969608j,0.05293426-0.39166783j,0.19593269+0.37129883j,0.46679111-0.07141285j]]]", "initial param values": "[5.24667262,1.10306904,2.60051551,2.88017648,5.57580521,0.28242332]", "nelder_mead": {"type": "gradient-free", "0": {"maxiter": 100, "fatol": 1e-05, "xatol": 1e-05, "duration": 0.05869317054748535, "fun": "0.23013930841974795", "nit": "100", "nfev": "163", "status": "2", "success": "False", "message": "Maximum number of iterations has been exceeded.", "x": "[1.25030056 0.99123309 1.7789389  4.65788989 7.77510783 0.27183306]", "final_simplex": "(array([[1.25030056, 0.99123309, 1.7789389 , 4.65788989, 7.77510783,\n        0.27183306],\n       [1.28047453, 0.97504345, 1.80938595, 4.60972712, 7.73363898,\n        0.27605674],\n       [1.28154626, 0.97212236, 1.80678599, 4.6352779 , 7.69948225,\n        0.27573616],\n       [1.28357735, 0.94094277, 1.83897436, 4.62224835, 7.75713147,\n        0.27672572],\n       [1.28052329, 0.95490642, 1.83769838, 4.56668624, 7.75750682,\n        0.28144923],\n       [1.31867639, 0.96990431, 1.77391509, 4.59587328, 7.70974104,\n        0.28289677],\n       [1.24278975, 0.95093935, 1.79321214, 4.65110689, 7.74163372,\n        0.27949553]]), array([0.23013931, 0.23101408, 0.23151151, 0.23162724, 0.23186073,\n       0.23266396, 0.232718  ]))", "callback": [0.9218173467203638, 0.8250128370903567, 0.6933570547868846, 0.29638047288449076, 0.26478724170895296, 0.24387508968661709, 0.240852667283884, 0.23616928195169706, 0.23374965723928476, 0.23266396010716828]}, "1": {"maxiter": 100, "fatol": 1e-05, "xatol": 1e-10, "duration": 0.05212593078613281, "fun": "0.23013930841974795", "nit": "100", "nfev": "163", "status": "2", "success": "False", "message": "Maximum number of iterations has been exceeded.", "x": "[1.25030056 0.99123309 1.7789389  4.65788989 7.77510783 0.27183306]", "final_simplex": "(array([[1.25030056, 0.99123309, 1.7789389 , 4.65788989, 7.77510783,\n        0.27183306],\n       [1.28047453, 0.97504345, 1.80938595, 4.60972712, 7.73363898,\n        0.27605674],\n       [1.28154626, 0.97212236, 1.80678599, 4.6352779 , 7.69948225,\n        0.27573616],\n       [1.28357735, 0.94094277, 1.83897436, 4.62224835, 7.75713147,\n        0.27672572],\n       [1.28052329, 0.95490642, 1.83769838, 4.56668624, 7.75750682,\n        0.28144923],\n       [1.31867639, 0.96990431, 1.77391509, 4.59587328, 7.70974104,\n        0.28289677],\n       [1.24278975, 0.95093935, 1.79321214, 4.65110689, 7.74163372,\n        0.27949553]]), array([0.23013931, 0.23101408, 0.23151151, 0.23162724, 0.23186073,\n       0.23266396, 0.232718  ]))", "callback": [0.9218173467203638, 0.8250128370903567, 0.6933570547868846, 0.29638047288449076, 0.26478724170895296, 0.24387508968661709, 0.240852667283884, 0.23616928195169706, 0.23374965723928476, 0.23266396010716828]}, "2": {"maxiter": 100, "fatol": 1e-10, "xatol": 1e-05, "duration": 0.04988598823547363, "fun": "0.23013930841974795", "nit": "100", "nfev": "163", "status": "2", "success": "False", "message": "Maximum number of iterations has been exceeded.", "x": "[1.25030056 0.99123309 1.7789389  4.65788989 7.77510783 0.27183306]", "final_simplex": "(array([[1.25030056, 0.99123309, 1.7789389 , 4.65788989, 7.77510783,\n        0.27183306],\n       [1.28047453, 0.97504345, 1.80938595, 4.60972712, 7.73363898,\n        0.27605674],\n       [1.28154626, 0.97212236, 1.80678599, 4.6352779 , 7.69948225,\n        0.27573616],\n       [1.28357735, 0.94094277, 1.83897436, 4.62224835, 7.75713147,\n        0.27672572],\n       [1.28052329, 0.95490642, 1.83769838, 4.56668624, 7.75750682,\n        0.28144923],\n       [1.31867639, 0.96990431, 1.77391509, 4.59587328, 7.70974104,\n        0.28289677],\n       [1.24278975, 0.95093935, 1.79321214, 4.65110689, 7.74163372,\n        0.27949553]]), array([0.23013931, 0.23101408, 0.23151151, 0.23162724, 0.23186073,\n       0.23266396, 0.232718  ]))", "callback": [0.9218173467203638, 0.8250128370903567, 0.6933570547868846, 0.29638047288449076, 0.26478724170895296, 0.24387508968661709, 0.240852667283884, 0.23616928195169706, 0.23374965723928476, 0.23266396010716828]}, "3": {"maxiter": 100, "fatol": 1e-10, "xatol": 1e-10, "duration": 0.06054496765136719, "fun": "0.23013930841974795", "nit": "100", "nfev": "163", "status": "2", "success": "False", "message": "Maximum number of iterations has been exceeded.", "x": "[1.25030056 0.99123309 1.7789389  4.65788989 7.77510783 0.27183306]", "final_simplex": "(array([[1.25030056, 0.99123309, 1.7789389 , 4.65788989, 7.77510783,\n        0.27183306],\n       [1.28047453, 0.97504345, 1.80938595, 4.60972712, 7.73363898,\n        0.27605674],\n       [1.28154626, 0.97212236, 1.80678599, 4.6352779 , 7.69948225,\n        0.27573616],\n       [1.28357735, 0.94094277, 1.83897436, 4.62224835, 7.75713147,\n        0.27672572],\n       [1.28052329, 0.95490642, 1.83769838, 4.56668624, 7.75750682,\n        0.28144923],\n       [1.31867639, 0.96990431, 1.77391509, 4.59587328, 7.70974104,\n        0.28289677],\n       [1.24278975, 0.95093935, 1.79321214, 4.65110689, 7.74163372,\n        0.27949553]]), array([0.23013931, 0.23101408, 0.23151151, 0.23162724, 0.23186073,\n       0.23266396, 0.232718  ]))", "callback": [0.9218173467203638, 0.8250128370903567, 0.6933570547868846, 0.29638047288449076, 0.26478724170895296, 0.24387508968661709, 0.240852667283884, 0.23616928195169706, 0.23374965723928476, 0.23266396010716828]}, "4": {"maxiter": 500, "fatol": 1e-05, "xatol": 1e-05, "duration": 0.24704599380493164, "fun": "0.11256486358159301", "nit": "454", "nfev": "718", "status": "0", "success": "True", "message": "Optimization terminated successfully.", "x": "[1.28397121 1.46391523 1.21048497 4.82611971 7.85317433 1.17942566]", "final_simplex": "(array([[1.28397121, 1.46391523, 1.21048497, 4.82611971, 7.85317433,\n        1.17942566],\n       [1.28397016, 1.46391274, 1.21049328, 4.82611879, 7.85317853,\n        1.17942324],\n       [1.2839693 , 1.4639126 , 1.21048241, 4.82611698, 7.85317681,\n        1.17942644],\n       [1.2839682 , 1.46391114, 1.2104882 , 4.82611551, 7.85317579,\n        1.17942719],\n       [1.28396854, 1.4639113 , 1.21048951, 4.82612289, 7.85317369,\n        1.17942069],\n       [1.28396583, 1.4639168 , 1.21048693, 4.82612088, 7.85317754,\n        1.17942335],\n       [1.28397199, 1.46391033, 1.21049154, 4.82611347, 7.85317409,\n        1.17941974]]), array([0.11256486, 0.11256486, 0.11256486, 0.11256486, 0.11256486,\n       0.11256486, 0.11256486]))", "callback": [0.9218173467203638, 0.8250128370903567, 0.6933570547868846, 0.29638047288449076, 0.26478724170895296, 0.24387508968661709, 0.240852667283884, 0.23616928195169706, 0.23374965723928476, 0.23266396010716828, 0.22936620082120585, 0.22607672564846415, 0.2248153099146608, 0.22339516932676717, 0.22317405455697936, 0.22293967596921505, 0.22280767909023647, 0.22259983466460986, 0.22249793290456288, 0.22227262449979135, 0.22135848621036902, 0.2182422056579053, 0.21436916026620945, 0.2075121964554596, 0.1977473189433666, 0.17365865036264272, 0.13422478448307396, 0.11627138051681896, 0.11376308352853148, 0.1131261159013629, 0.1131261159013629, 0.11287481738852634, 0.11268779609511115, 0.11262301696995802, 0.11260300061919803, 0.11257050539280122, 0.11256763396195546, 0.11256539656983022, 0.11256502875205876, 0.1125649125258672, 0.11256487151646377, 0.11256486521587705, 0.11256486401644183, 0.11256486364458662, 0.11256486359336981, 0.1125648635816443]}, "5": {"maxiter": 500, "fatol": 1e-05, "xatol": 1e-10, "duration": 0.28484678268432617, "fun": "0.11256486357777884", "nit": "500", "nfev": "800", "status": "2", "success": "False", "message": "Maximum number of iterations has been exceeded.", "x": "[1.28396795 1.46391226 1.21048773 4.82611957 7.85317587 1.17942483]", "final_simplex": "(array([[1.28396795, 1.46391226, 1.21048773, 4.82611957, 7.85317587,\n        1.17942483],\n       [1.28396807, 1.46391224, 1.21048779, 4.82611956, 7.85317588,\n        1.17942482],\n       [1.28396799, 1.46391227, 1.21048788, 4.82611968, 7.85317587,\n        1.17942476],\n       [1.28396805, 1.46391228, 1.21048808, 4.8261196 , 7.85317591,\n        1.17942462],\n       [1.28396806, 1.46391219, 1.21048783, 4.82611961, 7.85317581,\n        1.17942472],\n       [1.28396801, 1.46391229, 1.21048797, 4.82611966, 7.85317601,\n        1.17942465],\n       [1.283968  , 1.46391218, 1.21048799, 4.8261196 , 7.85317591,\n        1.17942476]]), array([0.11256486, 0.11256486, 0.11256486, 0.11256486, 0.11256486,\n       0.11256486, 0.11256486]))", "callback": [0.9218173467203638, 0.8250128370903567, 0.6933570547868846, 0.29638047288449076, 0.26478724170895296, 0.24387508968661709, 0.240852667283884, 0.23616928195169706, 0.23374965723928476, 0.23266396010716828, 0.22936620082120585, 0.22607672564846415, 0.2248153099146608, 0.22339516932676717, 0.22317405455697936, 0.22293967596921505, 0.22280767909023647, 0.22259983466460986, 0.22249793290456288, 0.22227262449979135, 0.22135848621036902, 0.2182422056579053, 0.21436916026620945, 0.2075121964554596, 0.1977473189433666, 0.17365865036264272, 0.13422478448307396, 0.11627138051681896, 0.11376308352853148, 0.1131261159013629, 0.1131261159013629, 0.11287481738852634, 0.11268779609511115, 0.11262301696995802, 0.11260300061919803, 0.11257050539280122, 0.11256763396195546, 0.11256539656983022, 0.11256502875205876, 0.1125649125258672, 0.11256487151646377, 0.11256486521587705, 0.11256486401644183, 0.11256486364458662, 0.11256486359336981, 0.1125648635816443, 0.11256486357848527, 0.112564863577995, 0.11256486357781403, 0.11256486357778495]}, "6": {"maxiter": 500, "fatol": 1e-10, "xatol": 1e-05, "duration": 0.23256874084472656, "fun": "0.11256486358159301", "nit": "454", "nfev": "718", "status": "0", "success": "True", "message": "Optimization terminated successfully.", "x": "[1.28397121 1.46391523 1.21048497 4.82611971 7.85317433 1.17942566]", "final_simplex": "(array([[1.28397121, 1.46391523, 1.21048497, 4.82611971, 7.85317433,\n        1.17942566],\n       [1.28397016, 1.46391274, 1.21049328, 4.82611879, 7.85317853,\n        1.17942324],\n       [1.2839693 , 1.4639126 , 1.21048241, 4.82611698, 7.85317681,\n        1.17942644],\n       [1.2839682 , 1.46391114, 1.2104882 , 4.82611551, 7.85317579,\n        1.17942719],\n       [1.28396854, 1.4639113 , 1.21048951, 4.82612289, 7.85317369,\n        1.17942069],\n       [1.28396583, 1.4639168 , 1.21048693, 4.82612088, 7.85317754,\n        1.17942335],\n       [1.28397199, 1.46391033, 1.21049154, 4.82611347, 7.85317409,\n        1.17941974]]), array([0.11256486, 0.11256486, 0.11256486, 0.11256486, 0.11256486,\n       0.11256486, 0.11256486]))", "callback": [0.9218173467203638, 0.8250128370903567, 0.6933570547868846, 0.29638047288449076, 0.26478724170895296, 0.24387508968661709, 0.240852667283884, 0.23616928195169706, 0.23374965723928476, 0.23266396010716828, 0.22936620082120585, 0.22607672564846415, 0.2248153099146608, 0.22339516932676717, 0.22317405455697936, 0.22293967596921505, 0.22280767909023647, 0.22259983466460986, 0.22249793290456288, 0.22227262449979135, 0.22135848621036902, 0.2182422056579053, 0.21436916026620945, 0.2075121964554596, 0.1977473189433666, 0.17365865036264272, 0.13422478448307396, 0.11627138051681896, 0.11376308352853148, 0.1131261159013629, 0.1131261159013629, 0.11287481738852634, 0.11268779609511115, 0.11262301696995802, 0.11260300061919803, 0.11257050539280122, 0.11256763396195546, 0.11256539656983022, 0.11256502875205876, 0.1125649125258672, 0.11256487151646377, 0.11256486521587705, 0.11256486401644183, 0.11256486364458662, 0.11256486359336981, 0.1125648635816443]}, "7": {"maxiter": 500, "fatol": 1e-10, "xatol": 1e-10, "duration": 0.25998377799987793, "fun": "0.11256486357777884", "nit": "500", "nfev": "800", "status": "2", "success": "False", "message": "Maximum number of iterations has been exceeded.", "x": "[1.28396795 1.46391226 1.21048773 4.82611957 7.85317587 1.17942483]", "final_simplex": "(array([[1.28396795, 1.46391226, 1.21048773, 4.82611957, 7.85317587,\n        1.17942483],\n       [1.28396807, 1.46391224, 1.21048779, 4.82611956, 7.85317588,\n        1.17942482],\n       [1.28396799, 1.46391227, 1.21048788, 4.82611968, 7.85317587,\n        1.17942476],\n       [1.28396805, 1.46391228, 1.21048808, 4.8261196 , 7.85317591,\n        1.17942462],\n       [1.28396806, 1.46391219, 1.21048783, 4.82611961, 7.85317581,\n        1.17942472],\n       [1.28396801, 1.46391229, 1.21048797, 4.82611966, 7.85317601,\n        1.17942465],\n       [1.283968  , 1.46391218, 1.21048799, 4.8261196 , 7.85317591,\n        1.17942476]]), array([0.11256486, 0.11256486, 0.11256486, 0.11256486, 0.11256486,\n       0.11256486, 0.11256486]))", "callback": [0.9218173467203638, 0.8250128370903567, 0.6933570547868846, 0.29638047288449076, 0.26478724170895296, 0.24387508968661709, 0.240852667283884, 0.23616928195169706, 0.23374965723928476, 0.23266396010716828, 0.22936620082120585, 0.22607672564846415, 0.2248153099146608, 0.22339516932676717, 0.22317405455697936, 0.22293967596921505, 0.22280767909023647, 0.22259983466460986, 0.22249793290456288, 0.22227262449979135, 0.22135848621036902, 0.2182422056579053, 0.21436916026620945, 0.2075121964554596, 0.1977473189433666, 0.17365865036264272, 0.13422478448307396, 0.11627138051681896, 0.11376308352853148, 0.1131261159013629, 0.1131261159013629, 0.11287481738852634, 0.11268779609511115, 0.11262301696995802, 0.11260300061919803, 0.11257050539280122, 0.11256763396195546, 0.11256539656983022, 0.11256502875205876, 0.1125649125258672, 0.11256487151646377, 0.11256486521587705, 0.11256486401644183, 0.11256486364458662, 0.11256486359336981, 0.1125648635816443, 0.11256486357848527, 0.112564863577995, 0.11256486357781403, 0.11256486357778495]}, "8": {"maxiter": 1000, "fatol": 1e-05, "xatol": 1e-05, "duration": 0.23485493659973145, "fun": "0.11256486358159301", "nit": "454", "nfev": "718", "status": "0", "success": "True", "message": "Optimization terminated successfully.", "x": "[1.28397121 1.46391523 1.21048497 4.82611971 7.85317433 1.17942566]", "final_simplex": "(array([[1.28397121, 1.46391523, 1.21048497, 4.82611971, 7.85317433,\n        1.17942566],\n       [1.28397016, 1.46391274, 1.21049328, 4.82611879, 7.85317853,\n        1.17942324],\n       [1.2839693 , 1.4639126 , 1.21048241, 4.82611698, 7.85317681,\n        1.17942644],\n       [1.2839682 , 1.46391114, 1.2104882 , 4.82611551, 7.85317579,\n        1.17942719],\n       [1.28396854, 1.4639113 , 1.21048951, 4.82612289, 7.85317369,\n        1.17942069],\n       [1.28396583, 1.4639168 , 1.21048693, 4.82612088, 7.85317754,\n        1.17942335],\n       [1.28397199, 1.46391033, 1.21049154, 4.82611347, 7.85317409,\n        1.17941974]]), array([0.11256486, 0.11256486, 0.11256486, 0.11256486, 0.11256486,\n       0.11256486, 0.11256486]))", "callback": [0.9218173467203638, 0.8250128370903567, 0.6933570547868846, 0.29638047288449076, 0.26478724170895296, 0.24387508968661709, 0.240852667283884, 0.23616928195169706, 0.23374965723928476, 0.23266396010716828, 0.22936620082120585, 0.22607672564846415, 0.2248153099146608, 0.22339516932676717, 0.22317405455697936, 0.22293967596921505, 0.22280767909023647, 0.22259983466460986, 0.22249793290456288, 0.22227262449979135, 0.22135848621036902, 0.2182422056579053, 0.21436916026620945, 0.2075121964554596, 0.1977473189433666, 0.17365865036264272, 0.13422478448307396, 0.11627138051681896, 0.11376308352853148, 0.1131261159013629, 0.1131261159013629, 0.11287481738852634, 0.11268779609511115, 0.11262301696995802, 0.11260300061919803, 0.11257050539280122, 0.11256763396195546, 0.11256539656983022, 0.11256502875205876, 0.1125649125258672, 0.11256487151646377, 0.11256486521587705, 0.11256486401644183, 0.11256486364458662, 0.11256486359336981, 0.1125648635816443]}, "9": {"maxiter": 1000, "fatol": 1e-05, "xatol": 1e-10, "duration": 0.29683494567871094, "fun": "0.11256486357777507", "nit": "559", "nfev": "949", "status": "0", "success": "True", "message": "Optimization terminated successfully.", "x": "[1.28396801 1.46391234 1.21048781 4.8261196  7.85317591 1.17942476]", "final_simplex": "(array([[1.28396801, 1.46391234, 1.21048781, 4.8261196 , 7.85317591,\n        1.17942476],\n       [1.28396801, 1.46391234, 1.21048781, 4.8261196 , 7.85317591,\n        1.17942476],\n       [1.28396801, 1.46391234, 1.21048781, 4.8261196 , 7.85317591,\n        1.17942476],\n       [1.28396801, 1.46391234, 1.21048781, 4.8261196 , 7.85317591,\n        1.17942476],\n       [1.28396801, 1.46391234, 1.21048781, 4.8261196 , 7.85317591,\n        1.17942476],\n       [1.28396801, 1.46391234, 1.21048781, 4.8261196 , 7.85317591,\n        1.17942476],\n       [1.28396801, 1.46391234, 1.21048781, 4.8261196 , 7.85317591,\n        1.17942476]]), array([0.11256486, 0.11256486, 0.11256486, 0.11256486, 0.11256486,\n       0.11256486, 0.11256486]))", "callback": [0.9218173467203638, 0.8250128370903567, 0.6933570547868846, 0.29638047288449076, 0.26478724170895296, 0.24387508968661709, 0.240852667283884, 0.23616928195169706, 0.23374965723928476, 0.23266396010716828, 0.22936620082120585, 0.22607672564846415, 0.2248153099146608, 0.22339516932676717, 0.22317405455697936, 0.22293967596921505, 0.22280767909023647, 0.22259983466460986, 0.22249793290456288, 0.22227262449979135, 0.22135848621036902, 0.2182422056579053, 0.21436916026620945, 0.2075121964554596, 0.1977473189433666, 0.17365865036264272, 0.13422478448307396, 0.11627138051681896, 0.11376308352853148, 0.1131261159013629, 0.1131261159013629, 0.11287481738852634, 0.11268779609511115, 0.11262301696995802, 0.11260300061919803, 0.11257050539280122, 0.11256763396195546, 0.11256539656983022, 0.11256502875205876, 0.1125649125258672, 0.11256487151646377, 0.11256486521587705, 0.11256486401644183, 0.11256486364458662, 0.11256486359336981, 0.1125648635816443, 0.11256486357848527, 0.112564863577995, 0.11256486357781403, 0.11256486357778495, 0.11256486357777729, 0.11256486357777606, 0.11256486357777529, 0.11256486357777518, 0.11256486357777507, 0.11256486357777507]}, "10": {"maxiter": 1000, "fatol": 1e-10, "xatol": 1e-05, "duration": 0.24159979820251465, "fun": "0.11256486358159301", "nit": "454", "nfev": "718", "status": "0", "success": "True", "message": "Optimization terminated successfully.", "x": "[1.28397121 1.46391523 1.21048497 4.82611971 7.85317433 1.17942566]", "final_simplex": "(array([[1.28397121, 1.46391523, 1.21048497, 4.82611971, 7.85317433,\n        1.17942566],\n       [1.28397016, 1.46391274, 1.21049328, 4.82611879, 7.85317853,\n        1.17942324],\n       [1.2839693 , 1.4639126 , 1.21048241, 4.82611698, 7.85317681,\n        1.17942644],\n       [1.2839682 , 1.46391114, 1.2104882 , 4.82611551, 7.85317579,\n        1.17942719],\n       [1.28396854, 1.4639113 , 1.21048951, 4.82612289, 7.85317369,\n        1.17942069],\n       [1.28396583, 1.4639168 , 1.21048693, 4.82612088, 7.85317754,\n        1.17942335],\n       [1.28397199, 1.46391033, 1.21049154, 4.82611347, 7.85317409,\n        1.17941974]]), array([0.11256486, 0.11256486, 0.11256486, 0.11256486, 0.11256486,\n       0.11256486, 0.11256486]))", "callback": [0.9218173467203638, 0.8250128370903567, 0.6933570547868846, 0.29638047288449076, 0.26478724170895296, 0.24387508968661709, 0.240852667283884, 0.23616928195169706, 0.23374965723928476, 0.23266396010716828, 0.22936620082120585, 0.22607672564846415, 0.2248153099146608, 0.22339516932676717, 0.22317405455697936, 0.22293967596921505, 0.22280767909023647, 0.22259983466460986, 0.22249793290456288, 0.22227262449979135, 0.22135848621036902, 0.2182422056579053, 0.21436916026620945, 0.2075121964554596, 0.1977473189433666, 0.17365865036264272, 0.13422478448307396, 0.11627138051681896, 0.11376308352853148, 0.1131261159013629, 0.1131261159013629, 0.11287481738852634, 0.11268779609511115, 0.11262301696995802, 0.11260300061919803, 0.11257050539280122, 0.11256763396195546, 0.11256539656983022, 0.11256502875205876, 0.1125649125258672, 0.11256487151646377, 0.11256486521587705, 0.11256486401644183, 0.11256486364458662, 0.11256486359336981, 0.1125648635816443]}, "11": {"maxiter": 1000, "fatol": 1e-10, "xatol": 1e-10, "duration": 0.3096621036529541, "fun": "0.11256486357777507", "nit": "559", "nfev": "949", "status": "0", "success": "True", "message": "Optimization terminated successfully.", "x": "[1.28396801 1.46391234 1.21048781 4.8261196  7.85317591 1.17942476]", "final_simplex": "(array([[1.28396801, 1.46391234, 1.21048781, 4.8261196 , 7.85317591,\n        1.17942476],\n       [1.28396801, 1.46391234, 1.21048781, 4.8261196 , 7.85317591,\n        1.17942476],\n       [1.28396801, 1.46391234, 1.21048781, 4.8261196 , 7.85317591,\n        1.17942476],\n       [1.28396801, 1.46391234, 1.21048781, 4.8261196 , 7.85317591,\n        1.17942476],\n       [1.28396801, 1.46391234, 1.21048781, 4.8261196 , 7.85317591,\n        1.17942476],\n       [1.28396801, 1.46391234, 1.21048781, 4.8261196 , 7.85317591,\n        1.17942476],\n       [1.28396801, 1.46391234, 1.21048781, 4.8261196 , 7.85317591,\n        1.17942476]]), array([0.11256486, 0.11256486, 0.11256486, 0.11256486, 0.11256486,\n       0.11256486, 0.11256486]))", "callback": [0.9218173467203638, 0.8250128370903567, 0.6933570547868846, 0.29638047288449076, 0.26478724170895296, 0.24387508968661709, 0.240852667283884, 0.23616928195169706, 0.23374965723928476, 0.23266396010716828, 0.22936620082120585, 0.22607672564846415, 0.2248153099146608, 0.22339516932676717, 0.22317405455697936, 0.22293967596921505, 0.22280767909023647, 0.22259983466460986, 0.22249793290456288, 0.22227262449979135, 0.22135848621036902, 0.2182422056579053, 0.21436916026620945, 0.2075121964554596, 0.1977473189433666, 0.17365865036264272, 0.13422478448307396, 0.11627138051681896, 0.11376308352853148, 0.1131261159013629, 0.1131261159013629, 0.11287481738852634, 0.11268779609511115, 0.11262301696995802, 0.11260300061919803, 0.11257050539280122, 0.11256763396195546, 0.11256539656983022, 0.11256502875205876, 0.1125649125258672, 0.11256487151646377, 0.11256486521587705, 0.11256486401644183, 0.11256486364458662, 0.11256486359336981, 0.1125648635816443, 0.11256486357848527, 0.112564863577995, 0.11256486357781403, 0.11256486357778495, 0.11256486357777729, 0.11256486357777606, 0.11256486357777529, 0.11256486357777518, 0.11256486357777507, 0.11256486357777507]}}, "bfgs": {"type": "gradient", "0": {"maxiter": 100, "gtol": 1e-05, "xrtol": 1e-05, "eps": 1e-05, "duration": 0.07508707046508789, "fun": "0.11256486362185936", "jac": "[ 5.11257703e-08 -6.47648601e-07 -5.34050582e-07 -5.76227954e-07\n  3.65052433e-07 -1.41614498e-06]", "hess_inv": "[[ 2.71741235e+00 -4.07189346e-02  2.99019906e-01 -4.51421966e-01\n  -4.83799954e-01  2.49659118e-01]\n [-4.07189346e-02  3.00405892e+00 -1.03002913e+00  6.67231009e-01\n  -4.00900058e-01  5.81184165e-01]\n [ 2.99019906e-01 -1.03002913e+00  8.57976778e+00 -9.14009458e-01\n  -6.56595575e-03 -3.55133939e+00]\n [-4.51421966e-01  6.67231009e-01 -9.14009458e-01  2.78227692e+00\n  -4.58234496e-01  1.31870242e-01]\n [-4.83799954e-01 -4.00900058e-01 -6.56595575e-03 -4.58234496e-01\n   4.32185745e+00  3.15221287e-01]\n [ 2.49659118e-01  5.81184165e-01 -3.55133939e+00  1.31870242e-01\n   3.15221287e-01  3.89543621e+00]]", "nfev": "224", "njev": "32", "status": "0", "success": "True", "message": "Optimization terminated successfully.", "x": "[1.28396291 1.46390228 1.21049087 4.82611263 7.85317489 1.17941356]", "nit": "23", "callback": [0.8913335788335568, 0.8634008440757197, 0.8363987288547052, 0.7069055828756191, 0.6700686058212794, 0.6153797976041717, 0.5776028707369865, 0.357091444885005, 0.205288352018679, 0.16489352221267106, 0.1482594251908682, 0.12827915731005146, 0.1217177451206869, 0.11840395957158545, 0.11562075329880483, 0.11354232414686738, 0.1126954061109875, 0.11258161598598593, 0.11256846071120363, 0.11256563370008899, 0.11256490715533818, 0.11256486467836735, 0.11256486362185936]}, "1": {"maxiter": 100, "gtol": 1e-05, "xrtol": 1e-05, "eps": 1e-10, "duration": 0.08431291580200195, "fun": "0.11256486361483697", "jac": "[ 2.22044587e-06 -1.11022293e-06  2.22044587e-06  1.11022293e-06\n -1.11022293e-06 -1.11022293e-06]", "hess_inv": "[[ 2.73758211e+00  3.55500833e-03  2.78542697e-01 -4.38982754e-01\n  -4.70593953e-01  2.84076873e-01]\n [ 3.55500833e-03  2.96393057e+00 -8.82193725e-01  6.44534059e-01\n  -3.91886923e-01  5.24410442e-01]\n [ 2.78542697e-01 -8.82193725e-01  8.24399314e+00 -8.44738434e-01\n   8.18999160e-03 -3.35004056e+00]\n [-4.38982754e-01  6.44534059e-01 -8.44738434e-01  2.78079870e+00\n  -4.48149512e-01  1.04981373e-01]\n [-4.70593953e-01 -3.91886923e-01  8.18999160e-03 -4.48149512e-01\n   4.30407606e+00  3.31881332e-01]\n [ 2.84076873e-01  5.24410442e-01 -3.35004056e+00  1.04981373e-01\n   3.31881332e-01  3.80286347e+00]]", "nfev": "224", "njev": "32", "status": "0", "success": "True", "message": "Optimization terminated successfully.", "x": "[1.28397241 1.46390475 1.21050563 4.82611382 7.8531705  1.17941215]", "nit": "23", "callback": [0.8913374655749955, 0.8634078235528455, 0.8363951513139845, 0.7068339137702855, 0.6700123873500459, 0.6153591805287897, 0.5775819998385507, 0.3574088297684028, 0.20544598201887876, 0.16500120677586017, 0.14804495363477044, 0.12833732257945707, 0.12174421161177085, 0.11842505593756458, 0.11562628767616778, 0.11355881611343155, 0.11269721215294504, 0.11258195712123853, 0.11256853523027766, 0.11256565667835883, 0.11256491132354485, 0.11256486437695301, 0.11256486361483697]}, "2": {"maxiter": 100, "gtol": 1e-05, "xrtol": 1e-10, "eps": 1e-05, "duration": 0.0785226821899414, "fun": "0.11256486362185936", "jac": "[ 5.11257703e-08 -6.47648601e-07 -5.34050582e-07 -5.76227954e-07\n  3.65052433e-07 -1.41614498e-06]", "hess_inv": "[[ 2.71741235e+00 -4.07189346e-02  2.99019906e-01 -4.51421966e-01\n  -4.83799954e-01  2.49659118e-01]\n [-4.07189346e-02  3.00405892e+00 -1.03002913e+00  6.67231009e-01\n  -4.00900058e-01  5.81184165e-01]\n [ 2.99019906e-01 -1.03002913e+00  8.57976778e+00 -9.14009458e-01\n  -6.56595575e-03 -3.55133939e+00]\n [-4.51421966e-01  6.67231009e-01 -9.14009458e-01  2.78227692e+00\n  -4.58234496e-01  1.31870242e-01]\n [-4.83799954e-01 -4.00900058e-01 -6.56595575e-03 -4.58234496e-01\n   4.32185745e+00  3.15221287e-01]\n [ 2.49659118e-01  5.81184165e-01 -3.55133939e+00  1.31870242e-01\n   3.15221287e-01  3.89543621e+00]]", "nfev": "224", "njev": "32", "status": "0", "success": "True", "message": "Optimization terminated successfully.", "x": "[1.28396291 1.46390228 1.21049087 4.82611263 7.85317489 1.17941356]", "nit": "23", "callback": [0.8913335788335568, 0.8634008440757197, 0.8363987288547052, 0.7069055828756191, 0.6700686058212794, 0.6153797976041717, 0.5776028707369865, 0.357091444885005, 0.205288352018679, 0.16489352221267106, 0.1482594251908682, 0.12827915731005146, 0.1217177451206869, 0.11840395957158545, 0.11562075329880483, 0.11354232414686738, 0.1126954061109875, 0.11258161598598593, 0.11256846071120363, 0.11256563370008899, 0.11256490715533818, 0.11256486467836735, 0.11256486362185936]}, "3": {"maxiter": 100, "gtol": 1e-05, "xrtol": 1e-10, "eps": 1e-10, "duration": 0.08284592628479004, "fun": "0.11256486361483697", "jac": "[ 2.22044587e-06 -1.11022293e-06  2.22044587e-06  1.11022293e-06\n -1.11022293e-06 -1.11022293e-06]", "hess_inv": "[[ 2.73758211e+00  3.55500833e-03  2.78542697e-01 -4.38982754e-01\n  -4.70593953e-01  2.84076873e-01]\n [ 3.55500833e-03  2.96393057e+00 -8.82193725e-01  6.44534059e-01\n  -3.91886923e-01  5.24410442e-01]\n [ 2.78542697e-01 -8.82193725e-01  8.24399314e+00 -8.44738434e-01\n   8.18999160e-03 -3.35004056e+00]\n [-4.38982754e-01  6.44534059e-01 -8.44738434e-01  2.78079870e+00\n  -4.48149512e-01  1.04981373e-01]\n [-4.70593953e-01 -3.91886923e-01  8.18999160e-03 -4.48149512e-01\n   4.30407606e+00  3.31881332e-01]\n [ 2.84076873e-01  5.24410442e-01 -3.35004056e+00  1.04981373e-01\n   3.31881332e-01  3.80286347e+00]]", "nfev": "224", "njev": "32", "status": "0", "success": "True", "message": "Optimization terminated successfully.", "x": "[1.28397241 1.46390475 1.21050563 4.82611382 7.8531705  1.17941215]", "nit": "23", "callback": [0.8913374655749955, 0.8634078235528455, 0.8363951513139845, 0.7068339137702855, 0.6700123873500459, 0.6153591805287897, 0.5775819998385507, 0.3574088297684028, 0.20544598201887876, 0.16500120677586017, 0.14804495363477044, 0.12833732257945707, 0.12174421161177085, 0.11842505593756458, 0.11562628767616778, 0.11355881611343155, 0.11269721215294504, 0.11258195712123853, 0.11256853523027766, 0.11256565667835883, 0.11256491132354485, 0.11256486437695301, 0.11256486361483697]}, "4": {"maxiter": 100, "gtol": 1e-10, "xrtol": 1e-05, "eps": 1e-05, "duration": 0.09184694290161133, "fun": "0.11256486360300189", "jac": "[-3.71147557e-08 -1.42996726e-08 -3.39062112e-08 -4.20552482e-08\n -7.32747196e-09 -4.48752147e-08]", "hess_inv": "[[ 2.69881205 -0.05121379  0.25568659 -0.46062758 -0.48161371  0.24296464]\n [-0.05121379  3.08167614 -1.12734909  0.71961191 -0.45111706  0.70097947]\n [ 0.25568659 -1.12734909  8.54237742 -0.98567794  0.04340715 -3.67472663]\n [-0.46062758  0.71961191 -0.98567794  2.81740165 -0.49261226  0.21372335]\n [-0.48161371 -0.45111706  0.04340715 -0.49261226  4.35328828  0.23990125]\n [ 0.24296464  0.70097947 -3.67472663  0.21372335  0.23990125  4.07581827]]", "nfev": "231", "njev": "33", "status": "0", "success": "True", "message": "Optimization terminated successfully.", "x": "[1.28396313 1.46390525 1.2104889  4.8261147  7.85317311 1.17941784]", "nit": "24", "callback": [0.8913335788335568, 0.8634008440757197, 0.8363987288547052, 0.7069055828756191, 0.6700686058212794, 0.6153797976041717, 0.5776028707369865, 0.357091444885005, 0.205288352018679, 0.16489352221267106, 0.1482594251908682, 0.12827915731005146, 0.1217177451206869, 0.11840395957158545, 0.11562075329880483, 0.11354232414686738, 0.1126954061109875, 0.11258161598598593, 0.11256846071120363, 0.11256563370008899, 0.11256490715533818, 0.11256486467836735, 0.11256486362185936, 0.11256486360300189]}, "5": {"maxiter": 100, "gtol": 1e-10, "xrtol": 1e-05, "eps": 1e-10, "duration": 0.0660707950592041, "fun": "0.11256486361483697", "jac": "[ 2.22044587e-06 -1.11022293e-06  2.22044587e-06  1.11022293e-06\n -1.11022293e-06 -1.11022293e-06]", "hess_inv": "[[ 2.73758211e+00  3.55500833e-03  2.78542697e-01 -4.38982754e-01\n  -4.70593953e-01  2.84076873e-01]\n [ 3.55500833e-03  2.96393057e+00 -8.82193725e-01  6.44534059e-01\n  -3.91886923e-01  5.24410442e-01]\n [ 2.78542697e-01 -8.82193725e-01  8.24399314e+00 -8.44738434e-01\n   8.18999160e-03 -3.35004056e+00]\n [-4.38982754e-01  6.44534059e-01 -8.44738434e-01  2.78079870e+00\n  -4.48149512e-01  1.04981373e-01]\n [-4.70593953e-01 -3.91886923e-01  8.18999160e-03 -4.48149512e-01\n   4.30407606e+00  3.31881332e-01]\n [ 2.84076873e-01  5.24410442e-01 -3.35004056e+00  1.04981373e-01\n   3.31881332e-01  3.80286347e+00]]", "nfev": "224", "njev": "32", "status": "0", "success": "True", "message": "Optimization terminated successfully.", "x": "[1.28397241 1.46390475 1.21050563 4.82611382 7.8531705  1.17941215]", "nit": "23", "callback": [0.8913374655749955, 0.8634078235528455, 0.8363951513139845, 0.7068339137702855, 0.6700123873500459, 0.6153591805287897, 0.5775819998385507, 0.3574088297684028, 0.20544598201887876, 0.16500120677586017, 0.14804495363477044, 0.12833732257945707, 0.12174421161177085, 0.11842505593756458, 0.11562628767616778, 0.11355881611343155, 0.11269721215294504, 0.11258195712123853, 0.11256853523027766, 0.11256565667835883, 0.11256491132354485, 0.11256486437695301, 0.11256486361483697]}, "6": {"maxiter": 100, "gtol": 1e-10, "xrtol": 1e-10, "eps": 1e-05, "duration": 0.15085983276367188, "fun": "0.11256486360221851", "jac": "[ 1.36557432e-09 -1.11022302e-09 -1.59872116e-09  5.55111512e-10\n  1.39888101e-09  3.10862447e-10]", "hess_inv": "[[ 2.67342554 -0.01664266  0.3150262  -0.45624411 -0.53693718  0.23055219]\n [-0.01664266  3.11241461 -1.02610788  0.75053677 -0.47250471  0.70223798]\n [ 0.3150262  -1.02610788  8.63481983 -0.89767428 -0.01493258 -3.57881484]\n [-0.45624411  0.75053677 -0.89767428  2.83340511 -0.53128713  0.20210514]\n [-0.53693718 -0.47250471 -0.01493258 -0.53128713  4.34529272  0.21176714]\n [ 0.23055219  0.70223798 -3.57881484  0.20210514  0.21176714  4.01789134]]", "nfev": "473", "njev": "66", "status": "2", "success": "False", "message": "Desired error not necessarily achieved due to precision loss.", "x": "[1.28396323 1.46390532 1.21048898 4.82611479 7.85317311 1.17941794]", "nit": "25", "callback": [0.8913335788335568, 0.8634008440757197, 0.8363987288547052, 0.7069055828756191, 0.6700686058212794, 0.6153797976041717, 0.5776028707369865, 0.357091444885005, 0.205288352018679, 0.16489352221267106, 0.1482594251908682, 0.12827915731005146, 0.1217177451206869, 0.11840395957158545, 0.11562075329880483, 0.11354232414686738, 0.1126954061109875, 0.11258161598598593, 0.11256846071120363, 0.11256563370008899, 0.11256490715533818, 0.11256486467836735, 0.11256486362185936, 0.11256486360300189, 0.11256486360221851]}, "7": {"maxiter": 100, "gtol": 1e-10, "xrtol": 1e-10, "eps": 1e-10, "duration": 0.13391995429992676, "fun": "0.11256486358843287", "jac": "[ 1.11022293e-06  1.11022293e-06 -2.22044587e-06 -2.22044587e-06\n -1.11022293e-06  0.00000000e+00]", "hess_inv": "[[ 1.65446796 -0.103794   -1.06368951  0.19935203 -0.68898215 -0.04481032]\n [-0.103794    1.65802964  0.74559087 -0.42130034 -0.66426452 -0.58029999]\n [-1.06368951  0.74559087  1.73967551 -0.37112027  0.71171227  0.10229971]\n [ 0.19935203 -0.42130034 -0.37112027  1.4000629  -0.03338051  0.43659125]\n [-0.68898215 -0.66426452  0.71171227 -0.03338051  1.4895915   0.46567759]\n [-0.04481032 -0.58029999  0.10229971  0.43659125  0.46567759  0.45230335]]", "nfev": "406", "njev": "58", "status": "0", "success": "True", "message": "Optimization terminated successfully.", "x": "[1.28396735 1.46391472 1.21047491 4.8261198  7.85317691 1.17943089]", "nit": "29", "callback": [0.8913374655749955, 0.8634078235528455, 0.8363951513139845, 0.7068339137702855, 0.6700123873500459, 0.6153591805287897, 0.5775819998385507, 0.3574088297684028, 0.20544598201887876, 0.16500120677586017, 0.14804495363477044, 0.12833732257945707, 0.12174421161177085, 0.11842505593756458, 0.11562628767616778, 0.11355881611343155, 0.11269721215294504, 0.11258195712123853, 0.11256853523027766, 0.11256565667835883, 0.11256491132354485, 0.11256486437695301, 0.11256486361483697, 0.11256486360179241, 0.11256486360177043, 0.11256486360094464, 0.11256486359175788, 0.11256486358843287, 0.11256486358843287]}, "8": {"maxiter": 500, "gtol": 1e-05, "xrtol": 1e-05, "eps": 1e-05, "duration": 0.07301092147827148, "fun": "0.11256486362185936", "jac": "[ 5.11257703e-08 -6.47648601e-07 -5.34050582e-07 -5.76227954e-07\n  3.65052433e-07 -1.41614498e-06]", "hess_inv": "[[ 2.71741235e+00 -4.07189346e-02  2.99019906e-01 -4.51421966e-01\n  -4.83799954e-01  2.49659118e-01]\n [-4.07189346e-02  3.00405892e+00 -1.03002913e+00  6.67231009e-01\n  -4.00900058e-01  5.81184165e-01]\n [ 2.99019906e-01 -1.03002913e+00  8.57976778e+00 -9.14009458e-01\n  -6.56595575e-03 -3.55133939e+00]\n [-4.51421966e-01  6.67231009e-01 -9.14009458e-01  2.78227692e+00\n  -4.58234496e-01  1.31870242e-01]\n [-4.83799954e-01 -4.00900058e-01 -6.56595575e-03 -4.58234496e-01\n   4.32185745e+00  3.15221287e-01]\n [ 2.49659118e-01  5.81184165e-01 -3.55133939e+00  1.31870242e-01\n   3.15221287e-01  3.89543621e+00]]", "nfev": "224", "njev": "32", "status": "0", "success": "True", "message": "Optimization terminated successfully.", "x": "[1.28396291 1.46390228 1.21049087 4.82611263 7.85317489 1.17941356]", "nit": "23", "callback": [0.8913335788335568, 0.8634008440757197, 0.8363987288547052, 0.7069055828756191, 0.6700686058212794, 0.6153797976041717, 0.5776028707369865, 0.357091444885005, 0.205288352018679, 0.16489352221267106, 0.1482594251908682, 0.12827915731005146, 0.1217177451206869, 0.11840395957158545, 0.11562075329880483, 0.11354232414686738, 0.1126954061109875, 0.11258161598598593, 0.11256846071120363, 0.11256563370008899, 0.11256490715533818, 0.11256486467836735, 0.11256486362185936]}, "9": {"maxiter": 500, "gtol": 1e-05, "xrtol": 1e-05, "eps": 1e-10, "duration": 0.07354903221130371, "fun": "0.11256486361483697", "jac": "[ 2.22044587e-06 -1.11022293e-06  2.22044587e-06  1.11022293e-06\n -1.11022293e-06 -1.11022293e-06]", "hess_inv": "[[ 2.73758211e+00  3.55500833e-03  2.78542697e-01 -4.38982754e-01\n  -4.70593953e-01  2.84076873e-01]\n [ 3.55500833e-03  2.96393057e+00 -8.82193725e-01  6.44534059e-01\n  -3.91886923e-01  5.24410442e-01]\n [ 2.78542697e-01 -8.82193725e-01  8.24399314e+00 -8.44738434e-01\n   8.18999160e-03 -3.35004056e+00]\n [-4.38982754e-01  6.44534059e-01 -8.44738434e-01  2.78079870e+00\n  -4.48149512e-01  1.04981373e-01]\n [-4.70593953e-01 -3.91886923e-01  8.18999160e-03 -4.48149512e-01\n   4.30407606e+00  3.31881332e-01]\n [ 2.84076873e-01  5.24410442e-01 -3.35004056e+00  1.04981373e-01\n   3.31881332e-01  3.80286347e+00]]", "nfev": "224", "njev": "32", "status": "0", "success": "True", "message": "Optimization terminated successfully.", "x": "[1.28397241 1.46390475 1.21050563 4.82611382 7.8531705  1.17941215]", "nit": "23", "callback": [0.8913374655749955, 0.8634078235528455, 0.8363951513139845, 0.7068339137702855, 0.6700123873500459, 0.6153591805287897, 0.5775819998385507, 0.3574088297684028, 0.20544598201887876, 0.16500120677586017, 0.14804495363477044, 0.12833732257945707, 0.12174421161177085, 0.11842505593756458, 0.11562628767616778, 0.11355881611343155, 0.11269721215294504, 0.11258195712123853, 0.11256853523027766, 0.11256565667835883, 0.11256491132354485, 0.11256486437695301, 0.11256486361483697]}, "10": {"maxiter": 500, "gtol": 1e-05, "xrtol": 1e-10, "eps": 1e-05, "duration": 0.07453799247741699, "fun": "0.11256486362185936", "jac": "[ 5.11257703e-08 -6.47648601e-07 -5.34050582e-07 -5.76227954e-07\n  3.65052433e-07 -1.41614498e-06]", "hess_inv": "[[ 2.71741235e+00 -4.07189346e-02  2.99019906e-01 -4.51421966e-01\n  -4.83799954e-01  2.49659118e-01]\n [-4.07189346e-02  3.00405892e+00 -1.03002913e+00  6.67231009e-01\n  -4.00900058e-01  5.81184165e-01]\n [ 2.99019906e-01 -1.03002913e+00  8.57976778e+00 -9.14009458e-01\n  -6.56595575e-03 -3.55133939e+00]\n [-4.51421966e-01  6.67231009e-01 -9.14009458e-01  2.78227692e+00\n  -4.58234496e-01  1.31870242e-01]\n [-4.83799954e-01 -4.00900058e-01 -6.56595575e-03 -4.58234496e-01\n   4.32185745e+00  3.15221287e-01]\n [ 2.49659118e-01  5.81184165e-01 -3.55133939e+00  1.31870242e-01\n   3.15221287e-01  3.89543621e+00]]", "nfev": "224", "njev": "32", "status": "0", "success": "True", "message": "Optimization terminated successfully.", "x": "[1.28396291 1.46390228 1.21049087 4.82611263 7.85317489 1.17941356]", "nit": 