{"date": "2024/10/08/, 15:10:30", "conf_id": 7, "data_type": "random\n", "num_data_points": 1, "s_rank": 0, "unitary": "[[0.18663085-0.53122324j,-0.11886349-0.70040876j,0.28555095-0.02789305j,-0.12262021-0.2844587j],[-0.16702216+0.27758472j,0.27526351-0.29738586j,-0.01109314+0.22495461j,-0.77239203+0.28900673j],[0.61935415+0.12301792j,-0.31269928-0.03315917j,-0.61902762-0.19039079j,-0.27120731-0.0968989j],[0.42341754+0.0023929j,-0.05847358+0.47832119j,0.64900495-0.16218422j,-0.37182676-0.05229966j]]", "databatch_0": {"databatch": "[[[0.15886146+0.0610829j,0.07932448+0.02639176j,0.07338829+0.00374489j,-0.07714906-0.02806378j],[0.48686462+0.0135062j,0.14521341+0.04967288j,0.0622276+0.10469281j,-0.21623799-0.10218724j],[0.38315917-0.12754217j,0.16841432-0.08746805j,0.0978711-0.12289051j,-0.16188911+0.06284061j],[-0.20485272+0.24791507j,0.10587479+0.22720328j,0.39303651+0.18255967j,-0.0976712-0.03953698j]]]", "initial param values": "[6.26947105,4.2843803,3.67749432,4.42280451,4.63852577,5.74178343]", "nelder_mead": {"type": "gradient-free", "0": {"maxiter": 100, "fatol": 1e-05, "xatol": 1e-05, "duration": 0.0520319938659668, "fun": "0.13388995051995045", "nit": "100", "nfev": "153", "status": "2", "success": "False", "message": "Maximum number of iterations has been exceeded.", "x": "[5.24378914 5.10659922 5.0938652  2.4094175  4.71289394 6.45288111]", "final_simplex": "(array([[5.24378914, 5.10659922, 5.0938652 , 2.4094175 , 4.71289394,\n        6.45288111],\n       [5.43357578, 5.25984068, 5.02719122, 2.41733821, 4.4953044 ,\n        6.39244723],\n       [5.26463472, 5.23514011, 5.1111047 , 2.28992817, 4.72851987,\n        6.49058248],\n       [5.37199418, 5.23323615, 4.98428496, 2.40153649, 4.674348  ,\n        6.39298674],\n       [5.40078399, 5.3094588 , 5.00078023, 2.31980083, 4.54693808,\n        6.47255004],\n       [5.27355632, 5.34190612, 5.02513722, 2.31046594, 4.6147224 ,\n        6.46050531],\n       [5.27573587, 5.35757141, 4.93959572, 2.22547945, 4.6189688 ,\n        6.51967038]]), array([0.13388995, 0.13849083, 0.13927592, 0.13961309, 0.13966641,\n       0.14069766, 0.14132992]))", "callback": [0.9360241514978963, 0.3412648148057139, 0.1925181692068083, 0.17817968056816158, 0.1659519228530103, 0.1608205086514567, 0.1552089793953244, 0.1528730456765387, 0.1467078619348896, 0.14395605150982038]}, "1": {"maxiter": 100, "fatol": 1e-05, "xatol": 1e-10, "duration": 0.04945087432861328, "fun": "0.13388995051995045", "nit": "100", "nfev": "153", "status": "2", "success": "False", "message": "Maximum number of iterations has been exceeded.", "x": "[5.24378914 5.10659922 5.0938652  2.4094175  4.71289394 6.45288111]", "final_simplex": "(array([[5.24378914, 5.10659922, 5.0938652 , 2.4094175 , 4.71289394,\n        6.45288111],\n       [5.43357578, 5.25984068, 5.02719122, 2.41733821, 4.4953044 ,\n        6.39244723],\n       [5.26463472, 5.23514011, 5.1111047 , 2.28992817, 4.72851987,\n        6.49058248],\n       [5.37199418, 5.23323615, 4.98428496, 2.40153649, 4.674348  ,\n        6.39298674],\n       [5.40078399, 5.3094588 , 5.00078023, 2.31980083, 4.54693808,\n        6.47255004],\n       [5.27355632, 5.34190612, 5.02513722, 2.31046594, 4.6147224 ,\n        6.46050531],\n       [5.27573587, 5.35757141, 4.93959572, 2.22547945, 4.6189688 ,\n        6.51967038]]), array([0.13388995, 0.13849083, 0.13927592, 0.13961309, 0.13966641,\n       0.14069766, 0.14132992]))", "callback": [0.9360241514978963, 0.3412648148057139, 0.1925181692068083, 0.17817968056816158, 0.1659519228530103, 0.1608205086514567, 0.1552089793953244, 0.1528730456765387, 0.1467078619348896, 0.14395605150982038]}, "2": {"maxiter": 100, "fatol": 1e-10, "xatol": 1e-05, "duration": 0.051656246185302734, "fun": "0.13388995051995045", "nit": "100", "nfev": "153", "status": "2", "success": "False", "message": "Maximum number of iterations has been exceeded.", "x": "[5.24378914 5.10659922 5.0938652  2.4094175  4.71289394 6.45288111]", "final_simplex": "(array([[5.24378914, 5.10659922, 5.0938652 , 2.4094175 , 4.71289394,\n        6.45288111],\n       [5.43357578, 5.25984068, 5.02719122, 2.41733821, 4.4953044 ,\n        6.39244723],\n       [5.26463472, 5.23514011, 5.1111047 , 2.28992817, 4.72851987,\n        6.49058248],\n       [5.37199418, 5.23323615, 4.98428496, 2.40153649, 4.674348  ,\n        6.39298674],\n       [5.40078399, 5.3094588 , 5.00078023, 2.31980083, 4.54693808,\n        6.47255004],\n       [5.27355632, 5.34190612, 5.02513722, 2.31046594, 4.6147224 ,\n        6.46050531],\n       [5.27573587, 5.35757141, 4.93959572, 2.22547945, 4.6189688 ,\n        6.51967038]]), array([0.13388995, 0.13849083, 0.13927592, 0.13961309, 0.13966641,\n       0.14069766, 0.14132992]))", "callback": [0.9360241514978963, 0.3412648148057139, 0.1925181692068083, 0.17817968056816158, 0.1659519228530103, 0.1608205086514567, 0.1552089793953244, 0.1528730456765387, 0.1467078619348896, 0.14395605150982038]}, "3": {"maxiter": 100, "fatol": 1e-10, "xatol": 1e-10, "duration": 0.04548501968383789, "fun": "0.13388995051995045", "nit": "100", "nfev": "153", "status": "2", "success": "False", "message": "Maximum number of iterations has been exceeded.", "x": "[5.24378914 5.10659922 5.0938652  2.4094175  4.71289394 6.45288111]", "final_simplex": "(array([[5.24378914, 5.10659922, 5.0938652 , 2.4094175 , 4.71289394,\n        6.45288111],\n       [5.43357578, 5.25984068, 5.02719122, 2.41733821, 4.4953044 ,\n        6.39244723],\n       [5.26463472, 5.23514011, 5.1111047 , 2.28992817, 4.72851987,\n        6.49058248],\n       [5.37199418, 5.23323615, 4.98428496, 2.40153649, 4.674348  ,\n        6.39298674],\n       [5.40078399, 5.3094588 , 5.00078023, 2.31980083, 4.54693808,\n        6.47255004],\n       [5.27355632, 5.34190612, 5.02513722, 2.31046594, 4.6147224 ,\n        6.46050531],\n       [5.27573587, 5.35757141, 4.93959572, 2.22547945, 4.6189688 ,\n        6.51967038]]), array([0.13388995, 0.13849083, 0.13927592, 0.13961309, 0.13966641,\n       0.14069766, 0.14132992]))", "callback": [0.9360241514978963, 0.3412648148057139, 0.1925181692068083, 0.17817968056816158, 0.1659519228530103, 0.1608205086514567, 0.1552089793953244, 0.1528730456765387, 0.1467078619348896, 0.14395605150982038]}, "4": {"maxiter": 500, "fatol": 1e-05, "xatol": 1e-05, "duration": 0.22340798377990723, "fun": "0.10962969452365667", "nit": "500", "nfev": "763", "status": "2", "success": "False", "message": "Maximum number of iterations has been exceeded.", "x": "[5.28794975 4.64671445 5.85966473 3.4470646  2.77962962 4.531315  ]", "final_simplex": "(array([[5.28794975, 4.64671445, 5.85966473, 3.4470646 , 2.77962962,\n        4.531315  ],\n       [5.28794009, 4.64669101, 5.85972256, 3.44707694, 2.77972439,\n        4.53142213],\n       [5.2879692 , 4.64669667, 5.85970543, 3.44706714, 2.77965607,\n        4.53137338],\n       [5.28796899, 4.64670573, 5.85967922, 3.4470691 , 2.77961119,\n        4.53133066],\n       [5.28798784, 4.64672741, 5.85966578, 3.44705885, 2.7795396 ,\n        4.53125982],\n       [5.28795586, 4.64670742, 5.85968485, 3.4470658 , 2.77954594,\n        4.53126403],\n       [5.28795668, 4.64669607, 5.85968272, 3.44704699, 2.77966379,\n        4.53137695]]), array([0.10962969, 0.10962969, 0.10962969, 0.10962969, 0.10962969,\n       0.10962969, 0.10962969]))", "callback": [0.9360241514978963, 0.3412648148057139, 0.1925181692068083, 0.17817968056816158, 0.1659519228530103, 0.1608205086514567, 0.1552089793953244, 0.1528730456765387, 0.1467078619348896, 0.14395605150982038, 0.13388995051995045, 0.12738164360139492, 0.12546697664700712, 0.12455573889059457, 0.12366675471819677, 0.12350276323173892, 0.12335345075492299, 0.1231253913969721, 0.12285026929654186, 0.12238187412264057, 0.12200937105240195, 0.12193426595668244, 0.12183428789708362, 0.1216904066885458, 0.12111824172672314, 0.11876134905793023, 0.11749828215009273, 0.11436147893307402, 0.11258234299424785, 0.11109358100220557, 0.1102010249417239, 0.10988554295398967, 0.10988554295398967, 0.10985196136605169, 0.10975594142320899, 0.10964918517018818, 0.10964918517018818, 0.10963785795473446, 0.10963402296444891, 0.10963237954268956, 0.10963085456978261, 0.10963042172680182, 0.10963012138818706, 0.10962981617524847, 0.10962972755482248, 0.10962971622056683, 0.1096296980464544, 0.10962969757116703, 0.10962969511786613, 0.10962969472166806]}, "5": {"maxiter": 500, "fatol": 1e-05, "xatol": 1e-10, "duration": 0.2620208263397217, "fun": "0.10962969452365667", "nit": "500", "nfev": "763", "status": "2", "success": "False", "message": "Maximum number of iterations has been exceeded.", "x": "[5.28794975 4.64671445 5.85966473 3.4470646  2.77962962 4.531315  ]", "final_simplex": "(array([[5.28794975, 4.64671445, 5.85966473, 3.4470646 , 2.77962962,\n        4.531315  ],\n       [5.28794009, 4.64669101, 5.85972256, 3.44707694, 2.77972439,\n        4.53142213],\n       [5.2879692 , 4.64669667, 5.85970543, 3.44706714, 2.77965607,\n        4.53137338],\n       [5.28796899, 4.64670573, 5.85967922, 3.4470691 , 2.77961119,\n        4.53133066],\n       [5.28798784, 4.64672741, 5.85966578, 3.44705885, 2.7795396 ,\n        4.53125982],\n       [5.28795586, 4.64670742, 5.85968485, 3.4470658 , 2.77954594,\n        4.53126403],\n       [5.28795668, 4.64669607, 5.85968272, 3.44704699, 2.77966379,\n        4.53137695]]), array([0.10962969, 0.10962969, 0.10962969, 0.10962969, 0.10962969,\n       0.10962969, 0.10962969]))", "callback": [0.9360241514978963, 0.3412648148057139, 0.1925181692068083, 0.17817968056816158, 0.1659519228530103, 0.1608205086514567, 0.1552089793953244, 0.1528730456765387, 0.1467078619348896, 0.14395605150982038, 0.13388995051995045, 0.12738164360139492, 0.12546697664700712, 0.12455573889059457, 0.12366675471819677, 0.12350276323173892, 0.12335345075492299, 0.1231253913969721, 0.12285026929654186, 0.12238187412264057, 0.12200937105240195, 0.12193426595668244, 0.12183428789708362, 0.1216904066885458, 0.12111824172672314, 0.11876134905793023, 0.11749828215009273, 0.11436147893307402, 0.11258234299424785, 0.11109358100220557, 0.1102010249417239, 0.10988554295398967, 0.10988554295398967, 0.10985196136605169, 0.10975594142320899, 0.10964918517018818, 0.10964918517018818, 0.10963785795473446, 0.10963402296444891, 0.10963237954268956, 0.10963085456978261, 0.10963042172680182, 0.10963012138818706, 0.10962981617524847, 0.10962972755482248, 0.10962971622056683, 0.1096296980464544, 0.10962969757116703, 0.10962969511786613, 0.10962969472166806]}, "6": {"maxiter": 500, "fatol": 1e-10, "xatol": 1e-05, "duration": 0.23133516311645508, "fun": "0.10962969452365667", "nit": "500", "nfev": "763", "status": "2", "success": "False", "message": "Maximum number of iterations has been exceeded.", "x": "[5.28794975 4.64671445 5.85966473 3.4470646  2.77962962 4.531315  ]", "final_simplex": "(array([[5.28794975, 4.64671445, 5.85966473, 3.4470646 , 2.77962962,\n        4.531315  ],\n       [5.28794009, 4.64669101, 5.85972256, 3.44707694, 2.77972439,\n        4.53142213],\n       [5.2879692 , 4.64669667, 5.85970543, 3.44706714, 2.77965607,\n        4.53137338],\n       [5.28796899, 4.64670573, 5.85967922, 3.4470691 , 2.77961119,\n        4.53133066],\n       [5.28798784, 4.64672741, 5.85966578, 3.44705885, 2.7795396 ,\n        4.53125982],\n       [5.28795586, 4.64670742, 5.85968485, 3.4470658 , 2.77954594,\n        4.53126403],\n       [5.28795668, 4.64669607, 5.85968272, 3.44704699, 2.77966379,\n        4.53137695]]), array([0.10962969, 0.10962969, 0.10962969, 0.10962969, 0.10962969,\n       0.10962969, 0.10962969]))", "callback": [0.9360241514978963, 0.3412648148057139, 0.1925181692068083, 0.17817968056816158, 0.1659519228530103, 0.1608205086514567, 0.1552089793953244, 0.1528730456765387, 0.1467078619348896, 0.14395605150982038, 0.13388995051995045, 0.12738164360139492, 0.12546697664700712, 0.12455573889059457, 0.12366675471819677, 0.12350276323173892, 0.12335345075492299, 0.1231253913969721, 0.12285026929654186, 0.12238187412264057, 0.12200937105240195, 0.12193426595668244, 0.12183428789708362, 0.1216904066885458, 0.12111824172672314, 0.11876134905793023, 0.11749828215009273, 0.11436147893307402, 0.11258234299424785, 0.11109358100220557, 0.1102010249417239, 0.10988554295398967, 0.10988554295398967, 0.10985196136605169, 0.10975594142320899, 0.10964918517018818, 0.10964918517018818, 0.10963785795473446, 0.10963402296444891, 0.10963237954268956, 0.10963085456978261, 0.10963042172680182, 0.10963012138818706, 0.10962981617524847, 0.10962972755482248, 0.10962971622056683, 0.1096296980464544, 0.10962969757116703, 0.10962969511786613, 0.10962969472166806]}, "7": {"maxiter": 500, "fatol": 1e-10, "xatol": 1e-10, "duration": 0.22573590278625488, "fun": "0.10962969452365667", "nit": "500", "nfev": "763", "status": "2", "success": "False", "message": "Maximum number of iterations has been exceeded.", "x": "[5.28794975 4.64671445 5.85966473 3.4470646  2.77962962 4.531315  ]", "final_simplex": "(array([[5.28794975, 4.64671445, 5.85966473, 3.4470646 , 2.77962962,\n        4.531315  ],\n       [5.28794009, 4.64669101, 5.85972256, 3.44707694, 2.77972439,\n        4.53142213],\n       [5.2879692 , 4.64669667, 5.85970543, 3.44706714, 2.77965607,\n        4.53137338],\n       [5.28796899, 4.64670573, 5.85967922, 3.4470691 , 2.77961119,\n        4.53133066],\n       [5.28798784, 4.64672741, 5.85966578, 3.44705885, 2.7795396 ,\n        4.53125982],\n       [5.28795586, 4.64670742, 5.85968485, 3.4470658 , 2.77954594,\n        4.53126403],\n       [5.28795668, 4.64669607, 5.85968272, 3.44704699, 2.77966379,\n        4.53137695]]), array([0.10962969, 0.10962969, 0.10962969, 0.10962969, 0.10962969,\n       0.10962969, 0.10962969]))", "callback": [0.9360241514978963, 0.3412648148057139, 0.1925181692068083, 0.17817968056816158, 0.1659519228530103, 0.1608205086514567, 0.1552089793953244, 0.1528730456765387, 0.1467078619348896, 0.14395605150982038, 0.13388995051995045, 0.12738164360139492, 0.12546697664700712, 0.12455573889059457, 0.12366675471819677, 0.12350276323173892, 0.12335345075492299, 0.1231253913969721, 0.12285026929654186, 0.12238187412264057, 0.12200937105240195, 0.12193426595668244, 0.12183428789708362, 0.1216904066885458, 0.12111824172672314, 0.11876134905793023, 0.11749828215009273, 0.11436147893307402, 0.11258234299424785, 0.11109358100220557, 0.1102010249417239, 0.10988554295398967, 0.10988554295398967, 0.10985196136605169, 0.10975594142320899, 0.10964918517018818, 0.10964918517018818, 0.10963785795473446, 0.10963402296444891, 0.10963237954268956, 0.10963085456978261, 0.10963042172680182, 0.10963012138818706, 0.10962981617524847, 0.10962972755482248, 0.10962971622056683, 0.1096296980464544, 0.10962969757116703, 0.10962969511786613, 0.10962969472166806]}, "8": {"maxiter": 1000, "fatol": 1e-05, "xatol": 1e-05, "duration": 0.2825448513031006, "fun": "0.10962969440553616", "nit": "586", "nfev": "896", "status": "0", "success": "True", "message": "Optimization terminated successfully.", "x": "[5.28795937 4.64673282 5.85967374 3.44708098 2.7796042  4.53131165]", "final_simplex": "(array([[5.28795937, 4.64673282, 5.85967374, 3.44708098, 2.7796042 ,\n        4.53131165],\n       [5.28795872, 4.646733  , 5.85967508, 3.44708179, 2.77961078,\n        4.53131853],\n       [5.28795994, 4.64673304, 5.85967348, 3.4470797 , 2.7796053 ,\n        4.53131283],\n       [5.2879595 , 4.64673464, 5.85967161, 3.44708118, 2.77959852,\n        4.53130594],\n       [5.28795846, 4.64673318, 5.8596743 , 3.44708085, 2.77960486,\n        4.5313114 ],\n       [5.2879605 , 4.6467344 , 5.85967261, 3.4470811 , 2.77960207,\n        4.53131007],\n       [5.28795885, 4.64673307, 5.85967456, 3.44708082, 2.77960466,\n        4.53131316]]), array([0.10962969, 0.10962969, 0.10962969, 0.10962969, 0.10962969,\n       0.10962969, 0.10962969]))", "callback": [0.9360241514978963, 0.3412648148057139, 0.1925181692068083, 0.17817968056816158, 0.1659519228530103, 0.1608205086514567, 0.1552089793953244, 0.1528730456765387, 0.1467078619348896, 0.14395605150982038, 0.13388995051995045, 0.12738164360139492, 0.12546697664700712, 0.12455573889059457, 0.12366675471819677, 0.12350276323173892, 0.12335345075492299, 0.1231253913969721, 0.12285026929654186, 0.12238187412264057, 0.12200937105240195, 0.12193426595668244, 0.12183428789708362, 0.1216904066885458, 0.12111824172672314, 0.11876134905793023, 0.11749828215009273, 0.11436147893307402, 0.11258234299424785, 0.11109358100220557, 0.1102010249417239, 0.10988554295398967, 0.10988554295398967, 0.10985196136605169, 0.10975594142320899, 0.10964918517018818, 0.10964918517018818, 0.10963785795473446, 0.10963402296444891, 0.10963237954268956, 0.10963085456978261, 0.10963042172680182, 0.10963012138818706, 0.10962981617524847, 0.10962972755482248, 0.10962971622056683, 0.1096296980464544, 0.10962969757116703, 0.10962969511786613, 0.10962969472166806, 0.10962969452365667, 0.10962969444974402, 0.10962969444374626, 0.10962969443396242, 0.10962969442092241, 0.10962969441336745, 0.10962969440878045, 0.10962969440587889, 0.10962969440558545]}, "9": {"maxiter": 1000, "fatol": 1e-05, "xatol": 1e-10, "duration": 0.34966492652893066, "fun": "0.10962969440526371", "nit": "686", "nfev": "1127", "status": "0", "success": "True", "message": "Optimization terminated successfully.", "x": "[5.28795854 4.64673292 5.85967396 3.44708076 2.77960844 4.53131522]", "final_simplex": "(array([[5.28795854, 4.64673292, 5.85967396, 3.44708076, 2.77960844,\n        4.53131522],\n       [5.28795854, 4.64673292, 5.85967396, 3.44708076, 2.77960844,\n        4.53131522],\n       [5.28795854, 4.64673292, 5.85967396, 3.44708076, 2.77960844,\n        4.53131522],\n       [5.28795854, 4.64673292, 5.85967396, 3.44708076, 2.77960844,\n        4.53131522],\n       [5.28795854, 4.64673292, 5.85967396, 3.44708076, 2.77960844,\n        4.53131522],\n       [5.28795854, 4.64673292, 5.85967396, 3.44708076, 2.77960844,\n        4.53131522],\n       [5.28795854, 4.64673292, 5.85967396, 3.44708076, 2.77960844,\n        4.53131522]]), array([0.10962969, 0.10962969, 0.10962969, 0.10962969, 0.10962969,\n       0.10962969, 0.10962969]))", "callback": [0.9360241514978963, 0.3412648148057139, 0.1925181692068083, 0.17817968056816158, 0.1659519228530103, 0.1608205086514567, 0.1552089793953244, 0.1528730456765387, 0.1467078619348896, 0.14395605150982038, 0.13388995051995045, 0.12738164360139492, 0.12546697664700712, 0.12455573889059457, 0.12366675471819677, 0.12350276323173892, 0.12335345075492299, 0.1231253913969721, 0.12285026929654186, 0.12238187412264057, 0.12200937105240195, 0.12193426595668244, 0.12183428789708362, 0.1216904066885458, 0.12111824172672314, 0.11876134905793023, 0.11749828215009273, 0.11436147893307402, 0.11258234299424785, 0.11109358100220557, 0.1102010249417239, 0.10988554295398967, 0.10988554295398967, 0.10985196136605169, 0.10975594142320899, 0.10964918517018818, 0.10964918517018818, 0.10963785795473446, 0.10963402296444891, 0.10963237954268956, 0.10963085456978261, 0.10963042172680182, 0.10963012138818706, 0.10962981617524847, 0.10962972755482248, 0.10962971622056683, 0.1096296980464544, 0.10962969757116703, 0.10962969511786613, 0.10962969472166806, 0.10962969452365667, 0.10962969444974402, 0.10962969444374626, 0.10962969443396242, 0.10962969442092241, 0.10962969441336745, 0.10962969440878045, 0.10962969440587889, 0.10962969440558545, 0.10962969440540704, 0.10962969440530257, 0.10962969440527881, 0.10962969440526926, 0.10962969440526493, 0.10962969440526471, 0.10962969440526382, 0.10962969440526371, 0.10962969440526371, 0.10962969440526371]}, "10": {"maxiter": 1000, "fatol": 1e-10, "xatol": 1e-05, "duration": 0.24065518379211426, "fun": "0.10962969440553616", "nit": "586", "nfev": "896", "status": "0", "success": "True", "message": "Optimization terminated successfully.", "x": "[5.28795937 4.64673282 5.85967374 3.44708098 2.7796042  4.53131165]", "final_simplex": "(array([[5.28795937, 4.64673282, 5.85967374, 3.44708098, 2.7796042 ,\n        4.53131165],\n       [5.28795872, 4.646733  , 5.85967508, 3.44708179, 2.77961078,\n        4.53131853],\n       [5.28795994, 4.64673304, 5.85967348, 3.4470797 , 2.7796053 ,\n        4.53131283],\n       [5.2879595 , 4.64673464, 5.85967161, 3.44708118, 2.77959852,\n        4.53130594],\n       [5.28795846, 4.64673318, 5.8596743 , 3.44708085, 2.77960486,\n        4.5313114 ],\n       [5.2879605 , 4.6467344 , 5.85967261, 3.4470811 , 2.77960207,\n        4.53131007],\n       [5.28795885, 4.64673307, 5.85967456, 3.44708082, 2.77960466,\n        4.53131316]]), array([0.10962969, 0.10962969, 0.10962969, 0.10962969, 0.10962969,\n       0.10962969, 0.10962969]))", "callback": [0.9360241514978963, 0.3412648148057139, 0.1925181692068083, 0.17817968056816158, 0.1659519228530103, 0.1608205086514567, 0.1552089793953244, 0.1528730456765387, 0.1467078619348896, 0.14395605150982038, 0.13388995051995045, 0.12738164360139492, 0.12546697664700712, 0.12455573889059457, 0.12366675471819677, 0.12350276323173892, 0.12335345075492299, 0.1231253913969721, 0.12285026929654186, 0.12238187412264057, 0.12200937105240195, 0.12193426595668244, 0.12183428789708362, 0.1216904066885458, 0.12111824172672314, 0.11876134905793023, 0.11749828215009273, 0.11436147893307402, 0.11258234299424785, 0.11109358100220557, 0.1102010249417239, 0.10988554295398967, 0.10988554295398967, 0.10985196136605169, 0.10975594142320899, 0.10964918517018818, 0.10964918517018818, 0.10963785795473446, 0.10963402296444891, 0.10963237954268956, 0.10963085456978261, 0.10963042172680182, 0.10963012138818706, 0.10962981617524847, 0.10962972755482248, 0.10962971622056683, 0.1096296980464544, 0.10962969757116703, 0.10962969511786613, 0.10962969472166806, 0.10962969452365667, 0.10962969444974402, 0.10962969444374626, 0.10962969443396242, 0.10962969442092241, 0.10962969441336745, 0.10962969440878045, 0.10962969440587889, 0.10962969440558545]}, "11": {"maxiter": 1000, "fatol": 1e-10, "xatol": 1e-10, "duration": 0.3425412178039551, "fun": "0.10962969440526371", "nit": "686", "nfev": "1127", "status": "0", "success": "True", "message": "Optimization terminated successfully.", "x": "[5.28795854 4.64673292 5.85967396 3.44708076 2.77960844 4.53131522]", "final_simplex": "(array([[5.28795854, 4.64673292, 5.85967396, 3.44708076, 2.77960844,\n        4.53131522],\n       [5.28795854, 4.64673292, 5.85967396, 3.44708076, 2.77960844,\n        4.53131522],\n       [5.28795854, 4.64673292, 5.85967396, 3.44708076, 2.77960844,\n        4.53131522],\n       [5.28795854, 4.64673292, 5.85967396, 3.44708076, 2.77960844,\n        4.53131522],\n       [5.28795854, 4.64673292, 5.85967396, 3.44708076, 2.77960844,\n        4.53131522],\n       [5.28795854, 4.64673292, 5.85967396, 3.44708076, 2.77960844,\n        4.53131522],\n       [5.28795854, 4.64673292, 5.85967396, 3.44708076, 2.77960844,\n        4.53131522]]), array([0.10962969, 0.10962969, 0.10962969, 0.10962969, 0.10962969,\n       0.10962969, 0.10962969]))", "callback": [0.9360241514978963, 0.3412648148057139, 0.1925181692068083, 0.17817968056816158, 0.1659519228530103, 0.1608205086514567, 0.1552089793953244, 0.1528730456765387, 0.1467078619348896, 0.14395605150982038, 0.13388995051995045, 0.12738164360139492, 0.12546697664700712, 0.12455573889059457, 0.12366675471819677, 0.12350276323173892, 0.12335345075492299, 0.1231253913969721, 0.12285026929654186, 0.12238187412264057, 0.12200937105240195, 0.12193426595668244, 0.12183428789708362, 0.1216904066885458, 0.12111824172672314, 0.11876134905793023, 0.11749828215009273, 0.11436147893307402, 0.11258234299424785, 0.11109358100220557, 0.1102010249417239, 0.10988554295398967, 0.10988554295398967, 0.10985196136605169, 0.10975594142320899, 0.10964918517018818, 0.10964918517018818, 0.10963785795473446, 0.10963402296444891, 0.10963237954268956, 0.10963085456978261, 0.10963042172680182, 0.10963012138818706, 0.10962981617524847, 0.10962972755482248, 0.10962971622056683, 0.1096296980464544, 0.10962969757116703, 0.10962969511786613, 0.10962969472166806, 0.10962969452365667, 0.10962969444974402, 0.10962969444374626, 0.10962969443396242, 0.10962969442092241, 0.10962969441336745, 0.10962969440878045, 0.10962969440587889, 0.10962969440558545, 0.10962969440540704, 0.10962969440530257, 0.10962969440527881, 0.10962969440526926, 0.10962969440526493, 0.10962969440526471, 0.10962969440526382, 0.10962969440526371, 0.10962969440526371, 0.10962969440526371]}}, "bfgs": {"type": "gradient", "0": {"maxiter": 100, "gtol": 1e-05, "xrtol": 1e-05, "eps": 1e-05, "duration": 0.07985901832580566, "fun": "0.1096296951123209", "jac": "[ 9.34707867e-07 -3.53932439e-06 -2.67695865e-06 -2.15862883e-06\n  5.54156721e-07 -2.11486384e-07]", "hess_inv": "[[  3.88549077   1.98250549  -2.33788145   0.23395453 -10.70862398\n   -8.33674961]\n [  1.98250549   9.0043069   -8.49225657  -1.84124383 -24.14802629\n  -22.14176836]\n [ -2.33788145  -8.49225657  12.95936836   0.31418991  32.99030397\n   32.07421709]\n [  0.23395453  -1.84124383   0.31418991   3.46001288   2.16389963\n    1.62027404]\n [-10.70862398 -24.14802629  32.99030397   2.16389963 118.05361035\n  109.55891315]\n [ -8.33674961 -22.14176836  32.07421709   1.62027404 109.55891315\n  105.756252  ]]", "nfev": "245", "njev": "35", "status": "0", "success": "True", "message": "Optimization terminated successfully.", "x": "[5.28798521 4.64680897 5.85955232 2.83609194 5.92079699 7.67251926]", "nit": "27", "callback": [0.4819453509404713, 0.4768923839911645, 0.28622459252525045, 0.21760490346832184, 0.14826390289596114, 0.1384783748721774, 0.12798651297831098, 0.12479226130280674, 0.12149133511127319, 0.12016512069864949, 0.11812996502896533, 0.1161430860373951, 0.1153444787839818, 0.1148672319521995, 0.11456599871146766, 0.11419286002823548, 0.11356315753866797, 0.11251670397109337, 0.11091686333318496, 0.10983681043029048, 0.10968813594487525, 0.10965334382067105, 0.10963060090723853, 0.10963004747076543, 0.10962971713735215, 0.10962969601559336, 0.1096296951123209]}, "1": {"maxiter": 100, "gtol": 1e-05, "xrtol": 1e-05, "eps": 1e-10, "duration": 0.08098483085632324, "fun": "0.10962969492096686", "jac": "[ 0.00000000e+00 -6.66133760e-06 -3.33066880e-06 -1.11022293e-06\n -2.22044587e-06 -1.11022293e-06]", "hess_inv": "[[  3.86858587   1.95778911  -2.30429993   0.21005792 -10.57951273\n   -8.1809745 ]\n [  1.95778911   8.75725148  -7.99015255  -1.87997245 -22.57778875\n  -20.56075741]\n [ -2.30429993  -7.99015255  11.85649938   0.31699534  29.68308146\n   28.78211653]\n [  0.21005792  -1.87997245   0.31699534   3.48314653   2.2459859\n    1.60164764]\n [-10.57951273 -22.57778875  29.68308146   2.2459859  108.25399342\n   99.70953503]\n [ -8.1809745  -20.56075741  28.78211653   1.60164764  99.70953503\n   95.91355326]]", "nfev": "245", "njev": "35", "status": "0", "success": "True", "message": "Optimization terminated successfully.", "x": "[5.28798945 4.64678357 5.85957587 2.83610807 5.92086348 7.67258882]", "nit": "27", "callback": [0.4819319381678804, 0.4768724848941246, 0.28599750137181645, 0.21815064015357666, 0.14826871679824005, 0.13848982692114675, 0.12799932438962458, 0.12479408443626039, 0.12150439374950028, 0.1201704804554834, 0.11813014270375122, 0.11615503152248596, 0.11534586758858201, 0.11486903418116268, 0.11456712293233762, 0.11419548628294884, 0.11356824041084435, 0.11252555858337576, 0.11093008349821809, 0.10984145550276814, 0.10969051437743327, 0.10965248262501581, 0.10963057599261106, 0.10963002658169585, 0.1096297181620679, 0.10962969592976812, 0.10962969492096686]}, "2": {"maxiter": 100, "gtol": 1e-05, "xrtol": 1e-10, "eps": 1e-05, "duration": 0.10138702392578125, "fun": "0.1096296951123209", "jac": "[ 9.34707867e-07 -3.53932439e-06 -2.67695865e-06 -2.15862883e-06\n  5.54156721e-07 -2.11486384e-07]", "hess_inv": "[[  3.88549077   1.98250549  -2.33788145   0.23395453 -10.70862398\n   -8.33674961]\n [  1.98250549   9.0043069   -8.49225657  -1.84124383 -24.14802629\n  -22.14176836]\n [ -2.33788145  -8.49225657  12.95936836   0.31418991  32.99030397\n   32.07421709]\n [  0.23395453  -1.84124383   0.31418991   3.46001288   2.16389963\n    1.62027404]\n [-10.70862398 -24.14802629  32.99030397   2.16389963 118.05361035\n  109.55891315]\n [ -8.33674961 -22.14176836  32.07421709   1.62027404 109.55891315\n  105.756252  ]]", "nfev": "245", "njev": "35", "status": "0", "success": "True", "message": "Optimization terminated successfully.", "x": "[5.28798521 4.64680897 5.85955232 2.83609194 5.92079699 7.67251926]", "nit": "27", "callback": [0.4819453509404713, 0.4768923839911645, 0.28622459252525045, 0.21760490346832184, 0.14826390289596114, 0.1384783748721774, 0.12798651297831098, 0.12479226130280674, 0.12149133511127319, 0.12016512069864949, 0.11812996502896533, 0.1161430860373951, 0.1153444787839818, 0.1148672319521995, 0.11456599871146766, 0.11419286002823548, 0.11356315753866797, 0.11251670397109337, 0.11091686333318496, 0.10983681043029048, 0.10968813594487525, 0.10965334382067105, 0.10963060090723853, 0.10963004747076543, 0.10962971713735215, 0.10962969601559336, 0.1096296951123209]}, "3": {"maxiter": 100, "gtol": 1e-05, "xrtol": 1e-10, "eps": 1e-10, "duration": 0.08063483238220215, "fun": "0.10962969492096686", "jac": "[ 0.00000000e+00 -6.66133760e-06 -3.33066880e-06 -1.11022293e-06\n -2.22044587e-06 -1.11022293e-06]", "hess_inv": "[[  3.86858587   1.95778911  -2.30429993   0.21005792 -10.57951273\n   -8.1809745 ]\n [  1.95778911   8.75725148  -7.99015255  -1.87997245 -22.57778875\n  -20.56075741]\n [ -2.30429993  -7.99015255  11.85649938   0.31699534  29.68308146\n   28.78211653]\n [  0.21005792  -1.87997245   0.31699534   3.48314653   2.2459859\n    1.60164764]\n [-10.57951273 -22.57778875  29.68308146   2.2459859  108.25399342\n   99.70953503]\n [ -8.1809745  -20.56075741  28.78211653   1.60164764  99.70953503\n   95.91355326]]", "nfev": "245", "njev": "35", "status": "0", "success": "True", "message": "Optimization terminated successfully.", "x": "[5.28798945 4.64678357 5.85957587 2.83610807 5.92086348 7.67258882]", "nit": "27", "callback": [0.4819319381678804, 0.4768724848941246, 0.28599750137181645, 0.21815064015357666, 0.14826871679824005, 0.13848982692114675, 0.12799932438962458, 0.12479408443626039, 0.12150439374950028, 0.1201704804554834, 0.11813014270375122, 0.11615503152248596, 0.11534586758858201, 0.11486903418116268, 0.11456712293233762, 0.11419548628294884, 0.11356824041084435, 0.11252555858337576, 0.11093008349821809, 0.10984145550276814, 0.10969051437743327, 0.10965248262501581, 0.10963057599261106, 0.10963002658169585, 0.1096297181620679, 0.10962969592976812, 0.10962969492096686]}, "4": {"maxiter": 100, "gtol": 1e-10, "xrtol": 1e-05, "eps": 1e-05, "duration": 0.13973498344421387, "fun": "0.1096296951123209", "jac": "[ 9.34707867e-07 -3.53932439e-06 -2.67695865e-06 -2.15862883e-06\n  5.54156721e-07 -2.11486384e-07]", "hess_inv": "[[  3.90810476   2.08425112  -2.36267569   0.17912336 -10.95441455\n   -8.55259785]\n [  2.08425112   9.37888987  -8.56060258  -2.19659591 -25.14436122\n  -23.06261945]\n [ -2.36267569  -8.56060258  12.96411134   0.43073954  33.20290226\n   32.28475077]\n [  0.17912336  -2.19659591   0.43073954   3.45105518   2.90291175\n    2.20932562]\n [-10.95441455 -25.14436122  33.20290226   2.90291175 120.58088472\n  111.83873295]\n [ -8.55259785 -23.06261945  32.28475077   2.20932562 111.83873295\n  107.78608884]]", "nfev": "431", "njev": "60", "status": "2", "success": "False", "message": "Desired error not necessarily achieved due to precision loss.", "x": "[5.28798521 4.64680897 5.85955232 2.83609194 5.92079699 7.67251926]", "nit": "27", "callback": [0.4819453509404713, 0.4768923839911645, 0.28622459252525045, 0.21760490346832184, 0.14826390289596114, 0.1384783748721774, 0.12798651297831098, 0.12479226130280674, 0.12149133511127319, 0.12016512069864949, 0.11812996502896533, 0.1161430860373951, 0.1153444787839818, 0.1148672319521995, 0.11456599871146766, 0.11419286002823548, 0.11356315753866797, 0.11251670397109337, 0.11091686333318496, 0.10983681043029048, 0.10968813594487525, 0.10965334382067105, 0.10963060090723853, 0.10963004747076543, 0.10962971713735215, 0.10962969601559336, 0.1096296951123209]}, "5": {"maxiter": 100, "gtol": 1e-10, "xrtol": 1e-05, "eps": 1e-10, "duration": 0.1937241554260254, "fun": "0.10962969449824211", "jac": "[-2.22044587e-06 -4.44089173e-06  0.00000000e+00 -3.33066880e-06\n -1.11022293e-06  2.22044587e-06]", "hess_inv": "[[ 3.22805858  0.48706026 -0.39348022  0.37172713 -4.11371195 -2.01165032]\n [ 0.48706026  6.10251379 -3.53467037 -2.22506131 -7.75106826 -6.44686549]\n [-0.39348022 -3.53467037  6.1638153  -0.22668577 10.40941948 10.38979525]\n [ 0.37172713 -2.22506131 -0.22668577  4.18175342  0.71449485  0.17639056]\n [-4.11371195 -7.75106826 10.40941948  0.71449485 43.21229546 37.66032609]\n [-2.01165032 -6.44686549 10.38979525  0.17639056 37.66032609 36.72103624]]", "nfev": "530", "njev": "74", "status": "2", "success": "False", "message": "Desired error not necessarily achieved due to precision loss.", "x": "[5.28796996 4.64675913 5.85963609 2.83609364 5.92106189 7.6727773 ]", "nit": "28", "callback": [0.4819319381678804, 0.4768724848941246, 0.28599750137181645, 0.21815064015357666, 0.14826871679824005, 0.13848982692114675, 0.12799932438962458, 0.12479408443626039, 0.12150439374950028, 0.1201704804554834, 0.11813014270375122, 0.11615503152248596, 0.11534586758858201, 0.11486903418116268, 0.11456712293233762, 0.11419548628294884, 0.11356824041084435, 0.11252555858337576, 0.11093008349821809, 0.10984145550276814, 0.10969051437743327, 0.10965248262501581, 0.10963057599261106, 0.10963002658169585, 0.1096297181620679, 0.10962969592976812, 0.10962969492096686, 0.10962969449824211]}, "6": {"maxiter": 100, "gtol": 1e-10, "xrtol": 1e-10, "eps": 1e-05, "duration": 0.12932300567626953, "fun": "0.1096296951123209", "jac": "[ 9.34707867e-07 -3.53932439e-06 -2.67695865e-06 -2.15862883e-06\n  5.54156721e-07 -2.11486384e-07]", "hess_inv": "[[  3.90810476   2.08425112  -2.36267569   0.17912336 -10.95441455\n   -8.55259785]\n [  2.08425112   9.37888987  -8.56060258  -2.19659591 -25.14436122\n  -23.06261945]\n [ -2.36267569  -8.56060258  12.96411134   0.43073954  33.20290226\n   32.28475077]\n [  0.17912336  -2.19659591   0.43073954   3.45105518   2.90291175\n    2.20932562]\n [-10.95441455 -25.14436122  33.20290226   2.90291175 120.58088472\n  111.83873295]\n [ -8.55259785 -23.06261945  32.28475077   2.20932562 111.83873295\n  107.78608884]]", "nfev": "431", "njev": "60", "status": "2", "success": "False", "message": "Desired error not necessarily achieved due to precision loss.", "x": "[5.28798521 4.64680897 5.85955232 2.83609194 5.92079699 7.67251926]", "nit": "27", "callback": [0.4819453509404713, 0.4768923839911645, 0.28622459252525045, 0.21760490346832184, 0.14826390289596114, 0.1384783748721774, 0.12798651297831098, 0.12479226130280674, 0.12149133511127319, 0.12016512069864949, 0.11812996502896533, 0.1161430860373951, 0.1153444787839818, 0.1148672319521995, 0.11456599871146766, 0.11419286002823548, 0.11356315753866797, 0.11251670397109337, 0.11091686333318496, 0.10983681043029048, 0.10968813594487525, 0.10965334382067105, 0.10963060090723853, 0.10963004747076543, 0.10962971713735215, 0.10962969601559336, 0.1096296951123209]}, "7": {"maxiter": 100, "gtol": 1e-10, "xrtol": 1e-10, "eps": 1e-10, "duration": 0.15701794624328613, "fun": "0.10962969449824211", "jac": "[-2.22044587e-06 -4.44089173e-06  0.00000000e+00 -3.33066880e-06\n -1.11022293e-06  2.22044587e-06]", "hess_inv": "[[ 3.22805858  0.48706026 -0.39348022  0.37172713 -4.11371195 -2.01165032]\n [ 0.48706026  6.10251379 -3.53467037 -2.22506131 -7.75106826 -6.44686549]\n [-0.39348022 -3.53467037  6.1638153  -0.22668577 10.40941948 10.38979525]\n [ 0.37172713 -2.22506131 -0.22668577  4.18175342  0.71449485  0.17639056]\n [-4.11371195 -7.75106826 10.40941948  0.71449485 43.21229546 37.66032609]\n [-2.01165032 -6.44686549 10.38979525  0.17639056 37.66032609 36.72103624]]", "nfev": "530", "njev": "74", "status": "2", "success": "False", "message": "Desired error not necessarily achieved due to precision loss.", "x": "[5.28796996 4.64675913 5.85963609 2.83609364 5.92106189 7.6727773 ]", "nit": "28", "callback": [0.4819319381678804, 0.4768724848941246, 0.28599750137181645, 0.21815064015357666, 0.14826871679824005, 0.13848982692114675, 0.12799932438962458, 0.12479408443626039, 0.12150439374950028, 0.1201704804554834, 0.11813014270375122, 0.11615503152248596, 0.11534586758858201, 0.11486903418116268, 0.11456712293233762, 0.11419548628294884, 0.11356824041084435, 0.11252555858337576, 0.11093008349821809, 0.10984145550276814, 0.10969051437743327, 0.10965248262501581, 0.10963057599261106, 0.10963002658169585, 0.1096297181620679, 0.10962969592976812, 0.10962969492096686, 0.10962969449824211]}, "8": {"maxiter": 500, "gtol": 1e-05, "xrtol": 1e-05, "eps": 1e-05, "duration": 0.06778907775878906, "fun": "0.1096296951123209", "jac": "[ 9.34707867e-07 -3.53932439e-06 -2.67695865e-06 -2.15862883e-06\n  5.54156721e-07 -2.11486384e-07]", "hess_inv": "[[  3.88549077   1.98250549  -2.33788145   0.23395453 -10.70862398\n   -8.33674961]\n [  1.98250549   9.0043069   -8.49225657  -1.84124383 -24.14802629\n  -22.14176836]\n [ -2.33788145  -8.49225657  12.95936836   0.31418991  32.99030397\n   32.07421709]\n [  0.23395453  -1.84124383   0.31418991   3.46001288   2.16389963\n    1.62027404]\n [-10.70862398 -24.14802629  32.99030397   2.16389963 118.05361035\n  109.55891315]\n [ -8.33674961 -22.14176836  32.07421709   1.62027404 109.55891315\n  105.756252  ]]", "nfev": "245", "njev": "35", "status": "0", "success": "True", "message": "Optimization terminated successfully.", "x": "[5.28798521 4.64680897 5.85955232 2.83609194 5.92079699 7.67251926]", "nit": "27", "callback": [0.4819453509404713, 0.4768923839911645, 0.28622459252525045, 0.21760490346832184, 0.14826390289596114, 0.1384783748721774, 0.12798651297831098, 0.12479226130280674, 0.12149133511127319, 0.12016512069864949, 0.11812996502896533, 0.1161430860373951, 0.1153444787839818, 0.1148672319521995, 0.11456599871146766, 0.11419286002823548, 0.11356315753866797, 0.11251670397109337, 0.11091686333318496, 0.10983681043029048, 0.10968813594487525, 0.10965334382067105, 0.10963060090723853, 0.10963004747076543, 0.10962971713735215, 0.10962969601559336, 0.1096296951123209]}, "9": {"maxiter": 500, "gtol": 1e-05, "xrtol": 1e-05, "eps": 1e-10, "duration": 0.07500290870666504, "fun": "0.10962969492096686", "jac": "[ 0.00000000e+00 -6.66133760e-06 -3.33066880e-06 -1.11022293e-06\n -2.22044587e-06 -1.11022293e-06]", "hess_inv": "[[  3.86858587   1.95778911  -2.30429993   0.21005792 -10.57951273\n   -8.1809745 ]\n [  1.95778911   8.75725148  -7.99015255  -1.87997245 -22.57778875\n  -20.56075741]\n [ -2.30429993  -7.99015255  11.85649938   0.31699534  29.68308146\n   28.78211653]\n [  0.21005792  -1.87997245   0.31699534   3.48314653   2.2459859\n    1.60164764]\n [-10.57951273 -22.57778875  29.68308146   2.2459859  108.25399342\n   99.70953503]\n [ -8.1809745  -20.56075741  28.78211653   1.60164764  99.70953503\n   95.91355326]]", "nfev": "245", "njev": "35", "status": "0", "success": "True", "message": "Optimization terminated successfully.", "x": "[5.28798945 4.64678357 5.85957587 2.83610807 5.92086348 7.67258882]", "nit": "27", "callback": [0.4819319381678804, 0.4768724848941246, 0.28599750137181645, 0.21815064015357666, 0.14826871679824005, 0.13848982692114675, 0.12799932438962458, 0.12479408443626039, 0.12150439374950028, 0.1201704804554834, 0.11813014270375122, 0.11615503152248596, 0.11534586758858201, 0.11486903418116268, 0.11456712293233762, 0.11419548628294884, 0.11356824041084435, 0.11252555858337576, 0.11093008349821809, 0.10984145550276814, 0.10969051437743327, 0.10965248262501581, 0.10963057599261106, 0.10963002658169585, 0.1096297181620679, 0.10962969592976812, 0.10962969492096686]}, "10": {"maxiter": 500, "gtol": 1e-05, "xrtol": 1e-10, "eps"