{"date": "2024/10/08/, 16:29:24", "conf_id": 12, "data_type": "random\n", "num_data_points": 1, "s_rank": 0, "unitary": "[[0.18663085-0.53122324j,-0.11886349-0.70040876j,0.28555095-0.02789305j,-0.12262021-0.2844587j],[-0.16702216+0.27758472j,0.27526351-0.29738586j,-0.01109314+0.22495461j,-0.77239203+0.28900673j],[0.61935415+0.12301792j,-0.31269928-0.03315917j,-0.61902762-0.19039079j,-0.27120731-0.0968989j],[0.42341754+0.0023929j,-0.05847358+0.47832119j,0.64900495-0.16218422j,-0.37182676-0.05229966j]]", "databatch_0": {"databatch": "[[[0.37499282-0.1988711j,-0.09805211+0.51312565j,-0.06018494-0.1195844j,0.01312463+0.17626814j],[-0.18377631-0.13956889j,-0.13231969+0.24612149j,-0.22095146+0.05001798j,-0.16555035+0.06802536j],[0.10817082+0.07249202j,-0.16364044-0.05995084j,0.09724384-0.07431174j,0.13547491+0.13020586j],[0.18773009-0.00895319j,0.26216462-0.05488097j,0.17452986+0.02131652j,0.05918097+0.20967497j]]]", "initial param values": "[1.85997621,3.2894979,0.15591381,1.07393917,5.62178449,2.93209263]", "nelder_mead": {"type": "gradient-free", "0": {"maxiter": 100, "fatol": 1e-05, "xatol": 1e-05, "duration": 0.06810593605041504, "fun": "0.42656558649169596", "nit": "100", "nfev": "157", "status": "2", "success": "False", "message": "Maximum number of iterations has been exceeded.", "x": "[0.31661399 4.51709461 0.05483349 2.69437267 2.67913854 3.27832055]", "final_simplex": "(array([[0.31661399, 4.51709461, 0.05483349, 2.69437267, 2.67913854,\n        3.27832055],\n       [0.40497626, 4.62463154, 0.08383217, 2.48441997, 2.53275043,\n        3.13261242],\n       [0.37361931, 4.4732464 , 0.04896015, 2.7281198 , 2.68359676,\n        3.28355218],\n       [0.3182203 , 4.47348164, 0.04657688, 2.73839069, 2.61667865,\n        3.38848097],\n       [0.4112909 , 4.50826964, 0.08035432, 2.49682445, 2.61616023,\n        3.24399539],\n       [0.35616603, 4.51947112, 0.05395796, 2.6792601 , 2.68989159,\n        3.29142226],\n       [0.29385129, 4.577485  , 0.06367109, 2.63758349, 2.60616532,\n        3.31959038]]), array([0.42656559, 0.42774108, 0.42898262, 0.42932267, 0.43011225,\n       0.43035667, 0.43050129]))", "callback": [0.8297825661693009, 0.7659441954557337, 0.7640284628500978, 0.7269408313774524, 0.6854042311410729, 0.5739488801642578, 0.5434846942804047, 0.4696375801837487, 0.438194560242535, 0.4318593802438182]}, "1": {"maxiter": 100, "fatol": 1e-05, "xatol": 1e-10, "duration": 0.06609296798706055, "fun": "0.42656558649169596", "nit": "100", "nfev": "157", "status": "2", "success": "False", "message": "Maximum number of iterations has been exceeded.", "x": "[0.31661399 4.51709461 0.05483349 2.69437267 2.67913854 3.27832055]", "final_simplex": "(array([[0.31661399, 4.51709461, 0.05483349, 2.69437267, 2.67913854,\n        3.27832055],\n       [0.40497626, 4.62463154, 0.08383217, 2.48441997, 2.53275043,\n        3.13261242],\n       [0.37361931, 4.4732464 , 0.04896015, 2.7281198 , 2.68359676,\n        3.28355218],\n       [0.3182203 , 4.47348164, 0.04657688, 2.73839069, 2.61667865,\n        3.38848097],\n       [0.4112909 , 4.50826964, 0.08035432, 2.49682445, 2.61616023,\n        3.24399539],\n       [0.35616603, 4.51947112, 0.05395796, 2.6792601 , 2.68989159,\n        3.29142226],\n       [0.29385129, 4.577485  , 0.06367109, 2.63758349, 2.60616532,\n        3.31959038]]), array([0.42656559, 0.42774108, 0.42898262, 0.42932267, 0.43011225,\n       0.43035667, 0.43050129]))", "callback": [0.8297825661693009, 0.7659441954557337, 0.7640284628500978, 0.7269408313774524, 0.6854042311410729, 0.5739488801642578, 0.5434846942804047, 0.4696375801837487, 0.438194560242535, 0.4318593802438182]}, "2": {"maxiter": 100, "fatol": 1e-10, "xatol": 1e-05, "duration": 0.05698513984680176, "fun": "0.42656558649169596", "nit": "100", "nfev": "157", "status": "2", "success": "False", "message": "Maximum number of iterations has been exceeded.", "x": "[0.31661399 4.51709461 0.05483349 2.69437267 2.67913854 3.27832055]", "final_simplex": "(array([[0.31661399, 4.51709461, 0.05483349, 2.69437267, 2.67913854,\n        3.27832055],\n       [0.40497626, 4.62463154, 0.08383217, 2.48441997, 2.53275043,\n        3.13261242],\n       [0.37361931, 4.4732464 , 0.04896015, 2.7281198 , 2.68359676,\n        3.28355218],\n       [0.3182203 , 4.47348164, 0.04657688, 2.73839069, 2.61667865,\n        3.38848097],\n       [0.4112909 , 4.50826964, 0.08035432, 2.49682445, 2.61616023,\n        3.24399539],\n       [0.35616603, 4.51947112, 0.05395796, 2.6792601 , 2.68989159,\n        3.29142226],\n       [0.29385129, 4.577485  , 0.06367109, 2.63758349, 2.60616532,\n        3.31959038]]), array([0.42656559, 0.42774108, 0.42898262, 0.42932267, 0.43011225,\n       0.43035667, 0.43050129]))", "callback": [0.8297825661693009, 0.7659441954557337, 0.7640284628500978, 0.7269408313774524, 0.6854042311410729, 0.5739488801642578, 0.5434846942804047, 0.4696375801837487, 0.438194560242535, 0.4318593802438182]}, "3": {"maxiter": 100, "fatol": 1e-10, "xatol": 1e-10, "duration": 0.06511068344116211, "fun": "0.42656558649169596", "nit": "100", "nfev": "157", "status": "2", "success": "False", "message": "Maximum number of iterations has been exceeded.", "x": "[0.31661399 4.51709461 0.05483349 2.69437267 2.67913854 3.27832055]", "final_simplex": "(array([[0.31661399, 4.51709461, 0.05483349, 2.69437267, 2.67913854,\n        3.27832055],\n       [0.40497626, 4.62463154, 0.08383217, 2.48441997, 2.53275043,\n        3.13261242],\n       [0.37361931, 4.4732464 , 0.04896015, 2.7281198 , 2.68359676,\n        3.28355218],\n       [0.3182203 , 4.47348164, 0.04657688, 2.73839069, 2.61667865,\n        3.38848097],\n       [0.4112909 , 4.50826964, 0.08035432, 2.49682445, 2.61616023,\n        3.24399539],\n       [0.35616603, 4.51947112, 0.05395796, 2.6792601 , 2.68989159,\n        3.29142226],\n       [0.29385129, 4.577485  , 0.06367109, 2.63758349, 2.60616532,\n        3.31959038]]), array([0.42656559, 0.42774108, 0.42898262, 0.42932267, 0.43011225,\n       0.43035667, 0.43050129]))", "callback": [0.8297825661693009, 0.7659441954557337, 0.7640284628500978, 0.7269408313774524, 0.6854042311410729, 0.5739488801642578, 0.5434846942804047, 0.4696375801837487, 0.438194560242535, 0.4318593802438182]}, "4": {"maxiter": 500, "fatol": 1e-05, "xatol": 1e-05, "duration": 0.3211081027984619, "fun": "0.2878047473343498", "nit": "493", "nfev": "775", "status": "0", "success": "True", "message": "Optimization terminated successfully.", "x": "[-0.47173796  3.70696158  0.59440397  2.37453723  1.26230185  2.50212326]", "final_simplex": "(array([[-0.47173796,  3.70696158,  0.59440397,  2.37453723,  1.26230185,\n         2.50212326],\n       [-0.47172869,  3.70695818,  0.5944105 ,  2.37453384,  1.26230918,\n         2.50212118],\n       [-0.47173124,  3.70696017,  0.5944117 ,  2.37453272,  1.26230545,\n         2.50211501],\n       [-0.47173846,  3.70695232,  0.59441224,  2.37454042,  1.26230133,\n         2.50211982],\n       [-0.47173804,  3.70695636,  0.59440659,  2.37453408,  1.26230095,\n         2.50211383],\n       [-0.47173347,  3.70696438,  0.59440376,  2.37453591,  1.26230383,\n         2.50211443],\n       [-0.47173777,  3.70696247,  0.59440643,  2.37453638,  1.26230568,\n         2.50212178]]), array([0.28780475, 0.28780475, 0.28780475, 0.28780475, 0.28780475,\n       0.28780475, 0.28780475]))", "callback": [0.8297825661693009, 0.7659441954557337, 0.7640284628500978, 0.7269408313774524, 0.6854042311410729, 0.5739488801642578, 0.5434846942804047, 0.4696375801837487, 0.438194560242535, 0.4318593802438182, 0.4211847901684028, 0.4035092530722686, 0.37113770058247997, 0.3568019377396918, 0.3498204055464761, 0.33509774495645706, 0.31609103985852294, 0.3045574986717128, 0.29715238631745267, 0.2947447947645603, 0.29425097579634363, 0.29409429291397693, 0.29405983381823964, 0.2940341948368972, 0.29402450729348384, 0.2940148565365871, 0.2939657584466946, 0.29366990280378036, 0.2922134704000755, 0.2891712175242518, 0.28855294591306113, 0.28822292784614334, 0.28795402675467796, 0.28786367477560715, 0.2878329853313668, 0.2878083606928368, 0.2878083606928368, 0.2878057788478713, 0.28780515294345, 0.28780496732368677, 0.2878048550812339, 0.28780479611521503, 0.28780477072613664, 0.28780475701521113, 0.2878047492465172, 0.28780474880020956, 0.2878047475664056, 0.2878047474032521, 0.2878047473523184, 0.28780474733565964]}, "5": {"maxiter": 500, "fatol": 1e-05, "xatol": 1e-10, "duration": 0.31528306007385254, "fun": "0.28780474732892336", "nit": "500", "nfev": "786", "status": "2", "success": "False", "message": "Maximum number of iterations has been exceeded.", "x": "[-0.47173223  3.70695229  0.59441134  2.37453273  1.2623025   2.50211565]", "final_simplex": "(array([[-0.47173223,  3.70695229,  0.59441134,  2.37453273,  1.2623025 ,\n         2.50211565],\n       [-0.47172838,  3.70696156,  0.59440744,  2.37452922,  1.26230658,\n         2.50211727],\n       [-0.47173152,  3.70695519,  0.59440982,  2.37453503,  1.26230186,\n         2.50211406],\n       [-0.47173465,  3.70695419,  0.59440656,  2.37453576,  1.26230285,\n         2.50212283],\n       [-0.47173918,  3.70695484,  0.59440644,  2.37453528,  1.262297  ,\n         2.50211721],\n       [-0.47173517,  3.70695022,  0.59441452,  2.3745352 ,  1.26230304,\n         2.50212129],\n       [-0.47173594,  3.70695632,  0.59440852,  2.37453491,  1.26230237,\n         2.50211647]]), array([0.28780475, 0.28780475, 0.28780475, 0.28780475, 0.28780475,\n       0.28780475, 0.28780475]))", "callback": [0.8297825661693009, 0.7659441954557337, 0.7640284628500978, 0.7269408313774524, 0.6854042311410729, 0.5739488801642578, 0.5434846942804047, 0.4696375801837487, 0.438194560242535, 0.4318593802438182, 0.4211847901684028, 0.4035092530722686, 0.37113770058247997, 0.3568019377396918, 0.3498204055464761, 0.33509774495645706, 0.31609103985852294, 0.3045574986717128, 0.29715238631745267, 0.2947447947645603, 0.29425097579634363, 0.29409429291397693, 0.29405983381823964, 0.2940341948368972, 0.29402450729348384, 0.2940148565365871, 0.2939657584466946, 0.29366990280378036, 0.2922134704000755, 0.2891712175242518, 0.28855294591306113, 0.28822292784614334, 0.28795402675467796, 0.28786367477560715, 0.2878329853313668, 0.2878083606928368, 0.2878083606928368, 0.2878057788478713, 0.28780515294345, 0.28780496732368677, 0.2878048550812339, 0.28780479611521503, 0.28780477072613664, 0.28780475701521113, 0.2878047492465172, 0.28780474880020956, 0.2878047475664056, 0.2878047474032521, 0.2878047473523184, 0.28780474733565964]}, "6": {"maxiter": 500, "fatol": 1e-10, "xatol": 1e-05, "duration": 0.28286075592041016, "fun": "0.2878047473343498", "nit": "493", "nfev": "775", "status": "0", "success": "True", "message": "Optimization terminated successfully.", "x": "[-0.47173796  3.70696158  0.59440397  2.37453723  1.26230185  2.50212326]", "final_simplex": "(array([[-0.47173796,  3.70696158,  0.59440397,  2.37453723,  1.26230185,\n         2.50212326],\n       [-0.47172869,  3.70695818,  0.5944105 ,  2.37453384,  1.26230918,\n         2.50212118],\n       [-0.47173124,  3.70696017,  0.5944117 ,  2.37453272,  1.26230545,\n         2.50211501],\n       [-0.47173846,  3.70695232,  0.59441224,  2.37454042,  1.26230133,\n         2.50211982],\n       [-0.47173804,  3.70695636,  0.59440659,  2.37453408,  1.26230095,\n         2.50211383],\n       [-0.47173347,  3.70696438,  0.59440376,  2.37453591,  1.26230383,\n         2.50211443],\n       [-0.47173777,  3.70696247,  0.59440643,  2.37453638,  1.26230568,\n         2.50212178]]), array([0.28780475, 0.28780475, 0.28780475, 0.28780475, 0.28780475,\n       0.28780475, 0.28780475]))", "callback": [0.8297825661693009, 0.7659441954557337, 0.7640284628500978, 0.7269408313774524, 0.6854042311410729, 0.5739488801642578, 0.5434846942804047, 0.4696375801837487, 0.438194560242535, 0.4318593802438182, 0.4211847901684028, 0.4035092530722686, 0.37113770058247997, 0.3568019377396918, 0.3498204055464761, 0.33509774495645706, 0.31609103985852294, 0.3045574986717128, 0.29715238631745267, 0.2947447947645603, 0.29425097579634363, 0.29409429291397693, 0.29405983381823964, 0.2940341948368972, 0.29402450729348384, 0.2940148565365871, 0.2939657584466946, 0.29366990280378036, 0.2922134704000755, 0.2891712175242518, 0.28855294591306113, 0.28822292784614334, 0.28795402675467796, 0.28786367477560715, 0.2878329853313668, 0.2878083606928368, 0.2878083606928368, 0.2878057788478713, 0.28780515294345, 0.28780496732368677, 0.2878048550812339, 0.28780479611521503, 0.28780477072613664, 0.28780475701521113, 0.2878047492465172, 0.28780474880020956, 0.2878047475664056, 0.2878047474032521, 0.2878047473523184, 0.28780474733565964]}, "7": {"maxiter": 500, "fatol": 1e-10, "xatol": 1e-10, "duration": 0.2812221050262451, "fun": "0.28780474732892336", "nit": "500", "nfev": "786", "status": "2", "success": "False", "message": "Maximum number of iterations has been exceeded.", "x": "[-0.47173223  3.70695229  0.59441134  2.37453273  1.2623025   2.50211565]", "final_simplex": "(array([[-0.47173223,  3.70695229,  0.59441134,  2.37453273,  1.2623025 ,\n         2.50211565],\n       [-0.47172838,  3.70696156,  0.59440744,  2.37452922,  1.26230658,\n         2.50211727],\n       [-0.47173152,  3.70695519,  0.59440982,  2.37453503,  1.26230186,\n         2.50211406],\n       [-0.47173465,  3.70695419,  0.59440656,  2.37453576,  1.26230285,\n         2.50212283],\n       [-0.47173918,  3.70695484,  0.59440644,  2.37453528,  1.262297  ,\n         2.50211721],\n       [-0.47173517,  3.70695022,  0.59441452,  2.3745352 ,  1.26230304,\n         2.50212129],\n       [-0.47173594,  3.70695632,  0.59440852,  2.37453491,  1.26230237,\n         2.50211647]]), array([0.28780475, 0.28780475, 0.28780475, 0.28780475, 0.28780475,\n       0.28780475, 0.28780475]))", "callback": [0.8297825661693009, 0.7659441954557337, 0.7640284628500978, 0.7269408313774524, 0.6854042311410729, 0.5739488801642578, 0.5434846942804047, 0.4696375801837487, 0.438194560242535, 0.4318593802438182, 0.4211847901684028, 0.4035092530722686, 0.37113770058247997, 0.3568019377396918, 0.3498204055464761, 0.33509774495645706, 0.31609103985852294, 0.3045574986717128, 0.29715238631745267, 0.2947447947645603, 0.29425097579634363, 0.29409429291397693, 0.29405983381823964, 0.2940341948368972, 0.29402450729348384, 0.2940148565365871, 0.2939657584466946, 0.29366990280378036, 0.2922134704000755, 0.2891712175242518, 0.28855294591306113, 0.28822292784614334, 0.28795402675467796, 0.28786367477560715, 0.2878329853313668, 0.2878083606928368, 0.2878083606928368, 0.2878057788478713, 0.28780515294345, 0.28780496732368677, 0.2878048550812339, 0.28780479611521503, 0.28780477072613664, 0.28780475701521113, 0.2878047492465172, 0.28780474880020956, 0.2878047475664056, 0.2878047474032521, 0.2878047473523184, 0.28780474733565964]}, "8": {"maxiter": 1000, "fatol": 1e-05, "xatol": 1e-05, "duration": 0.3032050132751465, "fun": "0.2878047473343498", "nit": "493", "nfev": "775", "status": "0", "success": "True", "message": "Optimization terminated successfully.", "x": "[-0.47173796  3.70696158  0.59440397  2.37453723  1.26230185  2.50212326]", "final_simplex": "(array([[-0.47173796,  3.70696158,  0.59440397,  2.37453723,  1.26230185,\n         2.50212326],\n       [-0.47172869,  3.70695818,  0.5944105 ,  2.37453384,  1.26230918,\n         2.50212118],\n       [-0.47173124,  3.70696017,  0.5944117 ,  2.37453272,  1.26230545,\n         2.50211501],\n       [-0.47173846,  3.70695232,  0.59441224,  2.37454042,  1.26230133,\n         2.50211982],\n       [-0.47173804,  3.70695636,  0.59440659,  2.37453408,  1.26230095,\n         2.50211383],\n       [-0.47173347,  3.70696438,  0.59440376,  2.37453591,  1.26230383,\n         2.50211443],\n       [-0.47173777,  3.70696247,  0.59440643,  2.37453638,  1.26230568,\n         2.50212178]]), array([0.28780475, 0.28780475, 0.28780475, 0.28780475, 0.28780475,\n       0.28780475, 0.28780475]))", "callback": [0.8297825661693009, 0.7659441954557337, 0.7640284628500978, 0.7269408313774524, 0.6854042311410729, 0.5739488801642578, 0.5434846942804047, 0.4696375801837487, 0.438194560242535, 0.4318593802438182, 0.4211847901684028, 0.4035092530722686, 0.37113770058247997, 0.3568019377396918, 0.3498204055464761, 0.33509774495645706, 0.31609103985852294, 0.3045574986717128, 0.29715238631745267, 0.2947447947645603, 0.29425097579634363, 0.29409429291397693, 0.29405983381823964, 0.2940341948368972, 0.29402450729348384, 0.2940148565365871, 0.2939657584466946, 0.29366990280378036, 0.2922134704000755, 0.2891712175242518, 0.28855294591306113, 0.28822292784614334, 0.28795402675467796, 0.28786367477560715, 0.2878329853313668, 0.2878083606928368, 0.2878083606928368, 0.2878057788478713, 0.28780515294345, 0.28780496732368677, 0.2878048550812339, 0.28780479611521503, 0.28780477072613664, 0.28780475701521113, 0.2878047492465172, 0.28780474880020956, 0.2878047475664056, 0.2878047474032521, 0.2878047473523184, 0.28780474733565964]}, "9": {"maxiter": 1000, "fatol": 1e-05, "xatol": 1e-10, "duration": 0.43215012550354004, "fun": "0.28780474732484684", "nit": "635", "nfev": "1049", "status": "0", "success": "True", "message": "Optimization terminated successfully.", "x": "[-0.47173024  3.70695833  0.59440868  2.37452959  1.26229964  2.50211436]", "final_simplex": "(array([[-0.47173024,  3.70695833,  0.59440868,  2.37452959,  1.26229964,\n         2.50211436],\n       [-0.47173024,  3.70695833,  0.59440868,  2.37452959,  1.26229964,\n         2.50211436],\n       [-0.47173024,  3.70695833,  0.59440868,  2.37452959,  1.26229964,\n         2.50211436],\n       [-0.47173024,  3.70695833,  0.59440868,  2.37452959,  1.26229964,\n         2.50211436],\n       [-0.47173024,  3.70695833,  0.59440868,  2.37452959,  1.26229964,\n         2.50211436],\n       [-0.47173024,  3.70695833,  0.59440868,  2.37452959,  1.26229964,\n         2.50211436],\n       [-0.47173024,  3.70695833,  0.59440868,  2.37452959,  1.26229964,\n         2.50211436]]), array([0.28780475, 0.28780475, 0.28780475, 0.28780475, 0.28780475,\n       0.28780475, 0.28780475]))", "callback": [0.8297825661693009, 0.7659441954557337, 0.7640284628500978, 0.7269408313774524, 0.6854042311410729, 0.5739488801642578, 0.5434846942804047, 0.4696375801837487, 0.438194560242535, 0.4318593802438182, 0.4211847901684028, 0.4035092530722686, 0.37113770058247997, 0.3568019377396918, 0.3498204055464761, 0.33509774495645706, 0.31609103985852294, 0.3045574986717128, 0.29715238631745267, 0.2947447947645603, 0.29425097579634363, 0.29409429291397693, 0.29405983381823964, 0.2940341948368972, 0.29402450729348384, 0.2940148565365871, 0.2939657584466946, 0.29366990280378036, 0.2922134704000755, 0.2891712175242518, 0.28855294591306113, 0.28822292784614334, 0.28795402675467796, 0.28786367477560715, 0.2878329853313668, 0.2878083606928368, 0.2878083606928368, 0.2878057788478713, 0.28780515294345, 0.28780496732368677, 0.2878048550812339, 0.28780479611521503, 0.28780477072613664, 0.28780475701521113, 0.2878047492465172, 0.28780474880020956, 0.2878047475664056, 0.2878047474032521, 0.2878047473523184, 0.28780474733565964, 0.2878047473280232, 0.2878047473262335, 0.28780474732539196, 0.2878047473251809, 0.28780474732497996, 0.2878047473248717, 0.2878047473248685, 0.28780474732485106, 0.2878047473248483, 0.2878047473248472, 0.28780474732484707, 0.28780474732484684, 0.28780474732484684, 0.28780474732484684]}, "10": {"maxiter": 1000, "fatol": 1e-10, "xatol": 1e-05, "duration": 0.3080790042877197, "fun": "0.2878047473343498", "nit": "493", "nfev": "775", "status": "0", "success": "True", "message": "Optimization terminated successfully.", "x": "[-0.47173796  3.70696158  0.59440397  2.37453723  1.26230185  2.50212326]", "final_simplex": "(array([[-0.47173796,  3.70696158,  0.59440397,  2.37453723,  1.26230185,\n         2.50212326],\n       [-0.47172869,  3.70695818,  0.5944105 ,  2.37453384,  1.26230918,\n         2.50212118],\n       [-0.47173124,  3.70696017,  0.5944117 ,  2.37453272,  1.26230545,\n         2.50211501],\n       [-0.47173846,  3.70695232,  0.59441224,  2.37454042,  1.26230133,\n         2.50211982],\n       [-0.47173804,  3.70695636,  0.59440659,  2.37453408,  1.26230095,\n         2.50211383],\n       [-0.47173347,  3.70696438,  0.59440376,  2.37453591,  1.26230383,\n         2.50211443],\n       [-0.47173777,  3.70696247,  0.59440643,  2.37453638,  1.26230568,\n         2.50212178]]), array([0.28780475, 0.28780475, 0.28780475, 0.28780475, 0.28780475,\n       0.28780475, 0.28780475]))", "callback": [0.8297825661693009, 0.7659441954557337, 0.7640284628500978, 0.7269408313774524, 0.6854042311410729, 0.5739488801642578, 0.5434846942804047, 0.4696375801837487, 0.438194560242535, 0.4318593802438182, 0.4211847901684028, 0.4035092530722686, 0.37113770058247997, 0.3568019377396918, 0.3498204055464761, 0.33509774495645706, 0.31609103985852294, 0.3045574986717128, 0.29715238631745267, 0.2947447947645603, 0.29425097579634363, 0.29409429291397693, 0.29405983381823964, 0.2940341948368972, 0.29402450729348384, 0.2940148565365871, 0.2939657584466946, 0.29366990280378036, 0.2922134704000755, 0.2891712175242518, 0.28855294591306113, 0.28822292784614334, 0.28795402675467796, 0.28786367477560715, 0.2878329853313668, 0.2878083606928368, 0.2878083606928368, 0.2878057788478713, 0.28780515294345, 0.28780496732368677, 0.2878048550812339, 0.28780479611521503, 0.28780477072613664, 0.28780475701521113, 0.2878047492465172, 0.28780474880020956, 0.2878047475664056, 0.2878047474032521, 0.2878047473523184, 0.28780474733565964]}, "11": {"maxiter": 1000, "fatol": 1e-10, "xatol": 1e-10, "duration": 0.3961641788482666, "fun": "0.28780474732484684", "nit": "635", "nfev": "1049", "status": "0", "success": "True", "message": "Optimization terminated successfully.", "x": "[-0.47173024  3.70695833  0.59440868  2.37452959  1.26229964  2.50211436]", "final_simplex": "(array([[-0.47173024,  3.70695833,  0.59440868,  2.37452959,  1.26229964,\n         2.50211436],\n       [-0.47173024,  3.70695833,  0.59440868,  2.37452959,  1.26229964,\n         2.50211436],\n       [-0.47173024,  3.70695833,  0.59440868,  2.37452959,  1.26229964,\n         2.50211436],\n       [-0.47173024,  3.70695833,  0.59440868,  2.37452959,  1.26229964,\n         2.50211436],\n       [-0.47173024,  3.70695833,  0.59440868,  2.37452959,  1.26229964,\n         2.50211436],\n       [-0.47173024,  3.70695833,  0.59440868,  2.37452959,  1.26229964,\n         2.50211436],\n       [-0.47173024,  3.70695833,  0.59440868,  2.37452959,  1.26229964,\n         2.50211436]]), array([0.28780475, 0.28780475, 0.28780475, 0.28780475, 0.28780475,\n       0.28780475, 0.28780475]))", "callback": [0.8297825661693009, 0.7659441954557337, 0.7640284628500978, 0.7269408313774524, 0.6854042311410729, 0.5739488801642578, 0.5434846942804047, 0.4696375801837487, 0.438194560242535, 0.4318593802438182, 0.4211847901684028, 0.4035092530722686, 0.37113770058247997, 0.3568019377396918, 0.3498204055464761, 0.33509774495645706, 0.31609103985852294, 0.3045574986717128, 0.29715238631745267, 0.2947447947645603, 0.29425097579634363, 0.29409429291397693, 0.29405983381823964, 0.2940341948368972, 0.29402450729348384, 0.2940148565365871, 0.2939657584466946, 0.29366990280378036, 0.2922134704000755, 0.2891712175242518, 0.28855294591306113, 0.28822292784614334, 0.28795402675467796, 0.28786367477560715, 0.2878329853313668, 0.2878083606928368, 0.2878083606928368, 0.2878057788478713, 0.28780515294345, 0.28780496732368677, 0.2878048550812339, 0.28780479611521503, 0.28780477072613664, 0.28780475701521113, 0.2878047492465172, 0.28780474880020956, 0.2878047475664056, 0.2878047474032521, 0.2878047473523184, 0.28780474733565964, 0.2878047473280232, 0.2878047473262335, 0.28780474732539196, 0.2878047473251809, 0.28780474732497996, 0.2878047473248717, 0.2878047473248685, 0.28780474732485106, 0.2878047473248483, 0.2878047473248472, 0.28780474732484707, 0.28780474732484684, 0.28780474732484684, 0.28780474732484684]}}, "bfgs": {"type": "gradient", "0": {"maxiter": 100, "gtol": 1e-05, "xrtol": 1e-05, "eps": 1e-05, "duration": 0.11226701736450195, "fun": "0.2878047488629959", "jac": "[-3.74846820e-06 -9.43841671e-06 -5.63804559e-07 -1.71963555e-06\n  6.84613477e-06  8.19480039e-06]", "hess_inv": "[[  9.2524782   -2.40001276   6.2557562    4.52105944   4.44502176\n   -3.38439032]\n [ -2.40001276  15.20026197 -14.96002292  -0.66889858  -2.49324258\n    0.64585282]\n [  6.2557562  -14.96002292  20.34709398   3.83077163   3.83120846\n   -3.85533656]\n [  4.52105944  -0.66889858   3.83077163   5.77377865   1.91870942\n   -2.60140934]\n [  4.44502176  -2.49324258   3.83120846   1.91870942   8.40091369\n    2.83933707]\n [ -3.38439032   0.64585282  -3.85533656  -2.60140934   2.83933707\n    8.04622157]]", "nfev": "294", "njev": "42", "status": "0", "success": "True", "message": "Optimization terminated successfully.", "x": "[-0.47180893  3.7068231   0.59446328 -2.37460656  4.40393967  5.64382578]", "nit": "38", "callback": [0.7817996283463245, 0.756262584896389, 0.724303041485689, 0.716448071332625, 0.7051725664379277, 0.6998589640502315, 0.6981076271432459, 0.6953160455273046, 0.691169606449431, 0.68527515421378, 0.6745618743787161, 0.6705532377316803, 0.6630975745549048, 0.6487627078858106, 0.6226404989448322, 0.5817757631548495, 0.5296626511535685, 0.4792333541691466, 0.4461662482742119, 0.42682446453087364, 0.39429495307753504, 0.3595990317651895, 0.3458539812663861, 0.32007092214505206, 0.30610773847150063, 0.29386110028339574, 0.28976946133073267, 0.28954182810395557, 0.2893865860641722, 0.2891187148390987, 0.2886688023169479, 0.28815093865767794, 0.28794476367316835, 0.28781993124421534, 0.28781114580160505, 0.28780525106841226, 0.28780481356499643, 0.2878047488629959]}, "1": {"maxiter": 100, "gtol": 1e-05, "xrtol": 1e-05, "eps": 1e-10, "duration": 0.10926604270935059, "fun": "0.2878047474615866", "jac": "[ 3.33066880e-06 -4.44089173e-06  1.11022293e-06 -3.33066880e-06\n -2.22044587e-06  1.11022293e-06]", "hess_inv": "[[ 10.34218037  -2.00820971   6.68129345   5.32843176   4.22451547\n   -4.60154663]\n [ -2.00820971  15.1006356  -14.74270113  -0.48305207  -2.24462168\n    0.51611113]\n [  6.68129345 -14.74270113  20.48031055   4.19050142   3.73594074\n   -4.33807757]\n [  5.32843176  -0.48305207   4.19050142   6.36182601   1.92561438\n   -3.32603968]\n [  4.22451547  -2.24462168   3.73594074   1.92561438   7.7613443\n    2.43480577]\n [ -4.60154663   0.51611113  -4.33807757  -3.32603968   2.43480577\n    8.78762071]]", "nfev": "301", "njev": "43", "status": "0", "success": "True", "message": "Optimization terminated successfully.", "x": "[-0.47172133  3.70690024  0.59446259 -2.37453747  4.40390736  5.64371628]", "nit": "39", "callback": [0.7817996249628413, 0.7562618498453471, 0.7243028447528657, 0.7164483243267327, 0.7051733171086043, 0.6998591666132373, 0.698107727879228, 0.6953158825250136, 0.6911691706256426, 0.6852737871359226, 0.6745589912939852, 0.6705500880460208, 0.6630939894371066, 0.6487593483384735, 0.6226398305846139, 0.5817821741674718, 0.5296500948689116, 0.47918277652485264, 0.4461199726129832, 0.4267931421382384, 0.3942857339829352, 0.35956162444843753, 0.3457977020090379, 0.3199961601736828, 0.3061253351559582, 0.2938526544252167, 0.2897704542231615, 0.2895421850089618, 0.28938792962313653, 0.28912109383511975, 0.2886711891746815, 0.288147506152477, 0.28794124810456534, 0.2878186676762895, 0.28781061727609714, 0.28780527839707015, 0.2878048153591124, 0.28780474929974587, 0.2878047474615866]}, "2": {"maxiter": 100, "gtol": 1e-05, "xrtol": 1e-10, "eps": 1e-05, "duration": 0.11548113822937012, "fun": "0.2878047488629959", "jac": "[-3.74846820e-06 -9.43841671e-06 -5.63804559e-07 -1.71963555e-06\n  6.84613477e-06  8.19480039e-06]", "hess_inv": "[[  9.2524782   -2.40001276   6.2557562    4.52105944   4.44502176\n   -3.38439032]\n [ -2.40001276  15.20026197 -14.96002292  -0.66889858  -2.49324258\n    0.64585282]\n [  6.2557562  -14.96002292  20.34709398   3.83077163   3.83120846\n   -3.85533656]\n [  4.52105944  -0.66889858   3.83077163   5.77377865   1.91870942\n   -2.60140934]\n [  4.44502176  -2.49324258   3.83120846   1.91870942   8.40091369\n    2.83933707]\n [ -3.38439032   0.64585282  -3.85533656  -2.60140934   2.83933707\n    8.04622157]]", "nfev": "294", "njev": "42", "status": "0", "success": "True", "message": "Optimization terminated successfully.", "x": "[-0.47180893  3.7068231   0.59446328 -2.37460656  4.40393967  5.64382578]", "nit": "38", "callback": [0.7817996283463245, 0.756262584896389, 0.724303041485689, 0.716448071332625, 0.7051725664379277, 0.6998589640502315, 0.6981076271432459, 0.6953160455273046, 0.691169606449431, 0.68527515421378, 0.6745618743787161, 0.6705532377316803, 0.6630975745549048, 0.6487627078858106, 0.6226404989448322, 0.5817757631548495, 0.5296626511535685, 0.4792333541691466, 0.4461662482742119, 0.42682446453087364, 0.39429495307753504, 0.3595990317651895, 0.3458539812663861, 0.32007092214505206, 0.30610773847150063, 0.29386110028339574, 0.28976946133073267, 0.28954182810395557, 0.2893865860641722, 0.2891187148390987, 0.2886688023169479, 0.28815093865767794, 0.28794476367316835, 0.28781993124421534, 0.28781114580160505, 0.28780525106841226, 0.28780481356499643, 0.2878047488629959]}, "3": {"maxiter": 100, "gtol": 1e-05, "xrtol": 1e-10, "eps": 1e-10, "duration": 0.11296892166137695, "fun": "0.2878047474615866", "jac": "[ 3.33066880e-06 -4.44089173e-06  1.11022293e-06 -3.33066880e-06\n -2.22044587e-06  1.11022293e-06]", "hess_inv": "[[ 10.34218037  -2.00820971   6.68129345   5.32843176   4.22451547\n   -4.60154663]\n [ -2.00820971  15.1006356  -14.74270113  -0.48305207  -2.24462168\n    0.51611113]\n [  6.68129345 -14.74270113  20.48031055   4.19050142   3.73594074\n   -4.33807757]\n [  5.32843176  -0.48305207   4.19050142   6.36182601   1.92561438\n   -3.32603968]\n [  4.22451547  -2.24462168   3.73594074   1.92561438   7.7613443\n    2.43480577]\n [ -4.60154663   0.51611113  -4.33807757  -3.32603968   2.43480577\n    8.78762071]]", "nfev": "301", "njev": "43", "status": "0", "success": "True", "message": "Optimization terminated successfully.", "x": "[-0.47172133  3.70690024  0.59446259 -2.37453747  4.40390736  5.64371628]", "nit": "39", "callback": [0.7817996249628413, 0.7562618498453471, 0.7243028447528657, 0.7164483243267327, 0.7051733171086043, 0.6998591666132373, 0.698107727879228, 0.6953158825250136, 0.6911691706256426, 0.6852737871359226, 0.6745589912939852, 0.6705500880460208, 0.6630939894371066, 0.6487593483384735, 0.6226398305846139, 0.5817821741674718, 0.5296500948689116, 0.47918277652485264, 0.4461199726129832, 0.4267931421382384, 0.3942857339829352, 0.35956162444843753, 0.3457977020090379, 0.3199961601736828, 0.3061253351559582, 0.2938526544252167, 0.2897704542231615, 0.2895421850089618, 0.28938792962313653, 0.28912109383511975, 0.2886711891746815, 0.288147506152477, 0.28794124810456534, 0.2878186676762895, 0.28781061727609714, 0.28780527839707015, 0.2878048153591124, 0.28780474929974587, 0.2878047474615866]}, "4": {"maxiter": 100, "gtol": 1e-10, "xrtol": 1e-05, "eps": 1e-05, "duration": 0.0943448543548584, "fun": "0.2878047474096359", "jac": "[ 4.35984582e-08 -8.01803068e-08 -7.10653758e-08 -6.57474075e-08\n  8.02469202e-08 -1.06437081e-07]", "hess_inv": "[[  9.61683996  -1.16792131   5.62069096   5.04844441   3.61848616\n   -4.54122812]\n [ -1.16792131  14.38082864 -13.42492997   0.35391358  -1.7758729\n    0.11474543]\n [  5.62069096 -13.42492997  18.66901203   3.40684772   2.76266852\n   -4.24723067]\n [  5.04844441   0.35391358   3.40684772   6.35309925   1.34521805\n   -3.66919427]\n [  3.61848616  -1.7758729    2.76266852   1.34521805   7.69007848\n    2.96551014]\n [ -4.54122812   0.11474543  -4.24723067  -3.66919427   2.96551014\n    9.30513874]]", "nfev": "308", "njev": "44", "status": "0", "success": "True", "message": "Optimization terminated successfully.", "x": "[-0.47175961  3.70695871  0.59438992 -2.37455059  4.4038634   5.64370458]", "nit": "40", "callback": [0.7817996283463245, 0.756262584896389, 0.724303041485689, 0.716448071332625, 0.7051725664379277, 0.6998589640502315, 0.6981076271432459, 0.6953160455273046, 0.691169606449431, 0.68527515421378, 0.6745618743787161, 0.6705532377316803, 0.6630975745549048, 0.6487627078858106, 0.6226404989448322, 0.5817757631548495, 0.5296626511535685, 0.4792333541691466, 0.4461662482742119, 0.42682446453087364, 0.39429495307753504, 0.3595990317651895, 0.3458539812663861, 0.32007092214505206, 0.30610773847150063, 0.29386110028339574, 0.28976946133073267, 0.28954182810395557, 0.2893865860641722, 0.2891187148390987, 0.2886688023169479, 0.28815093865767794, 0.28794476367316835, 0.28781993124421534, 0.28781114580160505, 0.28780525106841226, 0.28780481356499643, 0.2878047488629959, 0.2878047474505695, 0.2878047474096359]}, "5": {"maxiter": 100, "gtol": 1e-10, "xrtol": 1e-05, "eps": 1e-10, "duration": 0.11824297904968262, "fun": "0.2878047473591234", "jac": "[ 0.00000000e+00  1.11022293e-06 -2.22044587e-06  2.22044587e-06\n -1.11022293e-06  2.22044587e-06]", "hess_inv": "[[  9.19148771  -2.81424819   6.63958756   4.4512363    4.02981199\n   -3.64421045]\n [ -2.81424819  14.87191383 -15.25235719  -0.72355182  -3.93982106\n    0.47251176]\n [  6.63958756 -15.25235719  21.05860088   3.79732337   5.08937598\n   -3.66715814]\n [  4.4512363   -0.72355182   3.79732337   5.82915065   1.44589321\n   -2.76885714]\n [  4.02981199  -3.93982106   5.08937598   1.44589321   7.92854686\n    2.79281476]\n [ -3.64421045   0.47251176  -3.66715814  -2.76885714   2.79281476\n    8.1272107 ]]", "nfev": "315", "njev": "45", "status": "0", "success": "True", "message": "Optimization terminated successfully.", "x": "[-0.47174399  3.70698091  0.59437738 -2.37453402  4.40389011  5.64372254]", "nit": "41", "callback": [0.7817996249628413, 0.7562618498453471, 0.7243028447528657, 0.7164483243267327, 0.7051733171086043, 0.6998591666132373, 0.698107727879228, 0.6953158825250136, 0.6911691706256426, 0.6852737871359226, 0.6745589912939852, 0.6705500880460208, 0.6630939894371066, 0.6487593483384735, 0.6226398305846139, 0.5817821741674718, 0.5296500948689116, 0.47918277652485264, 0.4461199726129832, 0.4267931421382384, 0.3942857339829352, 0.35956162444843753, 0.3457977020090379, 0.3199961601736828, 0.3061253351559582, 0.2938526544252167, 0.2897704542231615, 0.2895421850089618, 0.28938792962313653, 0.28912109383511975, 0.2886711891746815, 0.288147506152477, 0.28794124810456534, 0.2878186676762895, 0.28781061727609714, 0.28780527839707015, 0.2878048153591124, 0.28780474929974587, 0.2878047474615866, 0.287804747368102, 0.2878047473591234]}, "6": {"maxiter": 100, "gtol": 1e-10, "xrtol": 1e-10, "eps": 1e-05, "duration": 0.15653085708618164, "fun": "0.2878047474096359", "jac": "[ 4.35984582e-08 -8.01803068e-08 -7.10653758e-08 -6.57474075e-08\n  8.02469202e-08 -1.06437081e-07]", "hess_inv": "[[  9.4800629   -1.00507494   5.32106314   4.88271406   3.63877391\n   -4.35395149]\n [ -1.00507494  14.20777552 -13.13714609   0.49384651  -1.76436841\n   -0.07751978]\n [  5.32106314 -13.13714609  18.24087194   3.23374031   2.68907918\n   -3.93861401]\n [  4.88271406   0.49384651   3.23374031   6.31036882   1.27156845\n   -3.52686148]\n [  3.63877391  -1.76436841   2.68907918   1.27156845   7.74811037\n    2.99029413]\n [ -4.35395149  -0.07751978  -3.93861401  -3.52686148   2.99029413\n    9.09397859]]", "nfev": "411", "njev": "57", "status": "2", "success": "False", "message": "Desired error not necessarily achieved due to precision loss.", "x": "[-0.47175961  3.70695871  0.59438992 -2.37455059  4.4038634   5.64370458]", "nit": "40", "callback": [0.7817996283463245, 0.756262584896389, 0.724303041485689, 0.716448071332625, 0.7051725664379277, 0.6998589640502315, 0.6981076271432459, 0.6953160455273046, 0.691169606449431, 0.68527515421378, 0.6745618743787161, 0.6705532377316803, 0.6630975745549048, 0.6487627078858106, 0.6226404989448322, 0.5817757631548495, 0.5296626511535685, 0.4792333541691466, 0.4461662482742119, 0.42682446453087364, 0.39429495307753504, 0.3595990317651895, 0.3458539812663861, 0.32007092214505206, 0.30610773847150063, 0.29386110028339574, 0.28976946133073267, 0.28954182810395557, 0.2893865860641722, 0.2891187148390987, 0.2886688023169479, 0.28815093865767794, 0.28794476367316835, 0.28781993124421534, 0.28781114580160505, 0.28780525106841226, 0.28780481356499643, 0.2878047488629959, 0.2878047474505695, 0.2878047474096359]}, "7": {"maxiter": 100, "gtol": 1e-10, "xrtol": 1e-10, "eps": 1e-10, "duration": 0.16210198402404785, "fun": "0.28780474734320816", "jac": "[1.11022293e-06 0.00000000e+00 0.00000000e+00 2.22044587e-06\n 1.11022293e-06 1.11022293e-06]", "hess_inv": "[[ 2.60574338e-01 -1.89840438e+00  1.40381201e+00 -1.23404035e-01\n   1.36697795e-02 -1.43673886e+00]\n [-1.89840438e+00  2.30361168e+01 -1.80213459e+01  6.35780810e-01\n  -6.26093943e-01  1.88056357e+01]\n [ 1.40381201e+00 -1.80213459e+01  1.44129202e+01 -5.17666616e-01\n   3.67921488e-01 -1.49197028e+01]\n [-1.23404035e-01  6.35780810e-01 -5.17666616e-01  1.14826078e-01\n   1.06248106e-01  4.52276376e-01]\n [ 1.36697795e-02 -6.26093943e-01  3.67921488e-01  1.06248106e-01\n   2.26164702e-01 -5.31573745e-01]\n [-1.43673886e+00  1.88056357e+01 -1.49197028e+01  4.52276376e-01\n  -5.31573745e-01  1.56483686e+01]]", "nfev": "420", "njev": "60", "status": "2", "success": "False", "message": "Desired error not necessarily achieved due to precision loss.", "x": "[-0.4717467   3.70696353  0.59439136 -2.37453835  4.40388621  5.64371588]", "nit": "51", "callback": [0.7817996249628413, 0.7562618498453471, 0.7243028447528657, 0.7164483243267327, 0.7051733171086043, 0.6998591666132373, 0.698107727879228, 0.6953158825250136, 0.6911691706256426, 0.6852737871359226, 0.6745589912939852, 0.6705500880460208, 0.6630939894371066, 0.6487593483384735, 0.6226398305846139, 0.5817821741674718, 0.5296500948689116, 0.47918277652485264, 0.4461199726129832, 0.4267931421382384, 0.3942857339829352, 0.35956162444843753, 0.3457977020090379, 0.3199961601736828, 0.3061253351559582, 0.2938526544252167, 0.2897704542231615, 0.2895421850089618, 0.28938792962313653, 0.28912109383511975, 0.2886711891746815, 0.288147506152477, 0.28794124810456534, 0.2878186676762895, 0.28781061727609714, 0.28780527839707015, 0.2878048153591124, 0.28780474929974587, 0.2878047474615866, 0.287804747368102, 0.2878047473591234, 0.28780474735352113, 0.28780474735159745, 0.2878047473512445, 0.2878047473495454, 0.2878047473478811, 0.2878047473463683, 0.28780474734460304, 0.2878047473434281, 0.28780474734320816, 0.28780474734320816]}, "8": {"maxiter": 500, "gtol": 1e-05, "xrtol": 1e-05, "eps": 1e-05, "duration": 0.10662198066711426, "fun": "0.2878047488629959", "jac": "[-3.74846820e-06 -9.43841671e-06 -5.63804559e-07 -1.71963555e-06\n  6.84613477e-06  8.19480039e-06]", "hess_inv": "[[  9.2524782   -2.40001276   6.2557562    4.52105944   4.44502176\n   -3.38439032]\n [ -2.40001276  15.20026197 -14.96002292  -0.66889858  -2.49324258\n    0.64585282]\n [  6.2557562  -14.96002292  20.34709398   3.83077163   3.83120846\n   -3.85533656]\n [  4.52105944  -0.66889858   3.83077163   5.77377865   1.91870942\n   -2.60140934]\n [  4.44502176  -2.49324258   3.83120846   1.91870942   8.40091369\n    2.83933707]\n [ -3.38439032   0.64585282  -3.85533656  -2.60140934   2.83933707\n    8.04622157]]", "nfev": "294", "njev": "42", "status": "0", "success": "True", "message": "Optimization terminated successfully.", "x": "[-0.47180893  3.7068231   0.59446328 -2.37460656  4.40393967  5.64382578]", "nit": "38", "callback": [0.7817996283463245, 0.756262584896389, 0.724303041485689, 0.716448071332625, 0.7051725664379277, 0.6998589640502315, 0.6981076271432459, 0.6953160455273046, 0.691169606449431, 0.68527515421378, 0.6745618743787161, 0.6705532377316803, 0.6630975745549048, 0.6487627078858106, 0.6226404989448322, 0.5817757631548495, 0.5296626511535685, 0.47923335