{"date": "2024/10/08/, 18:45:27", "conf_id": 21, "data_type": "random\n", "num_data_points": 2, "s_rank": 0, "unitary": "[[-0.56303964-0.00798273j,-0.21670212-0.15784972j,-0.06047197-0.73952673j,-0.01438004+0.24552571j],[-0.06976756+0.23474685j,-0.01275565-0.5435098j,-0.02703657-0.08917885j,-0.08210486-0.79311774j],[-0.38559961+0.10714929j,0.5933431-0.2687392j,-0.24060861+0.29149289j,-0.45147719+0.26241743j],[-0.50180421+0.45931857j,-0.11617175+0.44134496j,0.49642745+0.22684508j,-0.08544628-0.15407063j]]", "databatch_0": {"databatch": "[[[-0.09742541+0.10331464j,-0.12213221-0.00333875j,-0.13265878+0.09270072j,0.04526118-0.05472582j],[-0.38276946-0.19185166j,-0.09616655-0.3556018j,-0.38264145-0.30279848j,0.19725614+0.08329968j],[0.14712313+0.07516279j,0.03605049+0.13749543j,0.14674438+0.11797155j,-0.07586455-0.03272699j],[-0.19734061-0.18521414j,0.0058141-0.23278118j,-0.17727043-0.25241151j,0.10450291+0.08601517j]],[[0.10266853-0.10093211j,0.23319304+0.11176509j,-0.03052019-0.02540776j,-0.00726933+0.22386035j],[0.04605064+0.01956382j,-0.00491674+0.08973289j,0.00410536-0.01317611j,-0.07285555+0.02740111j],[0.15681666+0.00461397j,0.08799151+0.26769393j,-0.0030384-0.04316659j,-0.18153705+0.16313249j],[-0.30094113+0.10172236j,-0.35563432-0.44618041j,0.03617983+0.079804j,0.22968716-0.43757737j]]]", "initial param values": "[3.76558683,2.95391031,5.33058488,3.28502354,2.89736306,4.10214811]", "nelder_mead": {"type": "gradient-free", "0": {"maxiter": 100, "fatol": 1e-05, "xatol": 1e-05, "duration": 0.0494999885559082, "fun": "0.3246329043843491", "nit": "100", "nfev": "151", "status": "2", "success": "False", "message": "Maximum number of iterations has been exceeded.", "x": "[4.58995498 2.85333496 3.41809991 4.14648981 3.31400193 2.8380289 ]", "final_simplex": "(array([[4.58995498, 2.85333496, 3.41809991, 4.14648981, 3.31400193,\n        2.8380289 ],\n       [4.59371172, 2.87996138, 3.43731642, 4.14039407, 3.29426353,\n        2.82678254],\n       [4.57070849, 2.88747343, 3.41040974, 4.14094637, 3.30347741,\n        2.8465815 ],\n       [4.5881258 , 2.90039261, 3.43639971, 4.13251785, 3.30053804,\n        2.80204372],\n       [4.59475577, 2.92194595, 3.39087309, 4.12175919, 3.33777009,\n        2.81868412],\n       [4.59263211, 2.87552767, 3.43440745, 4.12019388, 3.30603957,\n        2.84330471],\n       [4.60062987, 2.88533292, 3.47606197, 4.08794015, 3.3386867 ,\n        2.81867641]]), array([0.3246329 , 0.32468925, 0.3247329 , 0.32477203, 0.32491266,\n       0.32495286, 0.32498133]))", "callback": [0.7038500956748057, 0.5423224541618128, 0.4851300278926993, 0.43951921144407824, 0.4099076726038098, 0.3423005286583217, 0.33463819848462184, 0.32795328922432165, 0.3256150650245647, 0.3246329043843491]}, "1": {"maxiter": 100, "fatol": 1e-05, "xatol": 1e-10, "duration": 0.044858694076538086, "fun": "0.3246329043843491", "nit": "100", "nfev": "151", "status": "2", "success": "False", "message": "Maximum number of iterations has been exceeded.", "x": "[4.58995498 2.85333496 3.41809991 4.14648981 3.31400193 2.8380289 ]", "final_simplex": "(array([[4.58995498, 2.85333496, 3.41809991, 4.14648981, 3.31400193,\n        2.8380289 ],\n       [4.59371172, 2.87996138, 3.43731642, 4.14039407, 3.29426353,\n        2.82678254],\n       [4.57070849, 2.88747343, 3.41040974, 4.14094637, 3.30347741,\n        2.8465815 ],\n       [4.5881258 , 2.90039261, 3.43639971, 4.13251785, 3.30053804,\n        2.80204372],\n       [4.59475577, 2.92194595, 3.39087309, 4.12175919, 3.33777009,\n        2.81868412],\n       [4.59263211, 2.87552767, 3.43440745, 4.12019388, 3.30603957,\n        2.84330471],\n       [4.60062987, 2.88533292, 3.47606197, 4.08794015, 3.3386867 ,\n        2.81867641]]), array([0.3246329 , 0.32468925, 0.3247329 , 0.32477203, 0.32491266,\n       0.32495286, 0.32498133]))", "callback": [0.7038500956748057, 0.5423224541618128, 0.4851300278926993, 0.43951921144407824, 0.4099076726038098, 0.3423005286583217, 0.33463819848462184, 0.32795328922432165, 0.3256150650245647, 0.3246329043843491]}, "2": {"maxiter": 100, "fatol": 1e-10, "xatol": 1e-05, "duration": 0.049417972564697266, "fun": "0.3246329043843491", "nit": "100", "nfev": "151", "status": "2", "success": "False", "message": "Maximum number of iterations has been exceeded.", "x": "[4.58995498 2.85333496 3.41809991 4.14648981 3.31400193 2.8380289 ]", "final_simplex": "(array([[4.58995498, 2.85333496, 3.41809991, 4.14648981, 3.31400193,\n        2.8380289 ],\n       [4.59371172, 2.87996138, 3.43731642, 4.14039407, 3.29426353,\n        2.82678254],\n       [4.57070849, 2.88747343, 3.41040974, 4.14094637, 3.30347741,\n        2.8465815 ],\n       [4.5881258 , 2.90039261, 3.43639971, 4.13251785, 3.30053804,\n        2.80204372],\n       [4.59475577, 2.92194595, 3.39087309, 4.12175919, 3.33777009,\n        2.81868412],\n       [4.59263211, 2.87552767, 3.43440745, 4.12019388, 3.30603957,\n        2.84330471],\n       [4.60062987, 2.88533292, 3.47606197, 4.08794015, 3.3386867 ,\n        2.81867641]]), array([0.3246329 , 0.32468925, 0.3247329 , 0.32477203, 0.32491266,\n       0.32495286, 0.32498133]))", "callback": [0.7038500956748057, 0.5423224541618128, 0.4851300278926993, 0.43951921144407824, 0.4099076726038098, 0.3423005286583217, 0.33463819848462184, 0.32795328922432165, 0.3256150650245647, 0.3246329043843491]}, "3": {"maxiter": 100, "fatol": 1e-10, "xatol": 1e-10, "duration": 0.046875, "fun": "0.3246329043843491", "nit": "100", "nfev": "151", "status": "2", "success": "False", "message": "Maximum number of iterations has been exceeded.", "x": "[4.58995498 2.85333496 3.41809991 4.14648981 3.31400193 2.8380289 ]", "final_simplex": "(array([[4.58995498, 2.85333496, 3.41809991, 4.14648981, 3.31400193,\n        2.8380289 ],\n       [4.59371172, 2.87996138, 3.43731642, 4.14039407, 3.29426353,\n        2.82678254],\n       [4.57070849, 2.88747343, 3.41040974, 4.14094637, 3.30347741,\n        2.8465815 ],\n       [4.5881258 , 2.90039261, 3.43639971, 4.13251785, 3.30053804,\n        2.80204372],\n       [4.59475577, 2.92194595, 3.39087309, 4.12175919, 3.33777009,\n        2.81868412],\n       [4.59263211, 2.87552767, 3.43440745, 4.12019388, 3.30603957,\n        2.84330471],\n       [4.60062987, 2.88533292, 3.47606197, 4.08794015, 3.3386867 ,\n        2.81867641]]), array([0.3246329 , 0.32468925, 0.3247329 , 0.32477203, 0.32491266,\n       0.32495286, 0.32498133]))", "callback": [0.7038500956748057, 0.5423224541618128, 0.4851300278926993, 0.43951921144407824, 0.4099076726038098, 0.3423005286583217, 0.33463819848462184, 0.32795328922432165, 0.3256150650245647, 0.3246329043843491]}, "4": {"maxiter": 500, "fatol": 1e-05, "xatol": 1e-05, "duration": 0.21611881256103516, "fun": "0.18072124695450031", "nit": "500", "nfev": "752", "status": "2", "success": "False", "message": "Maximum number of iterations has been exceeded.", "x": "[6.22822929 6.24       2.5752617  4.46057286 6.29031837 3.13963066]", "final_simplex": "(array([[6.22822929, 6.24      , 2.5752617 , 4.46057286, 6.29031837,\n        3.13963066],\n       [6.22771984, 6.24796259, 2.56753206, 4.4607361 , 6.29038518,\n        3.13946048],\n       [6.22786897, 6.24527672, 2.5707649 , 4.46101817, 6.2909037 ,\n        3.1394156 ],\n       [6.22785717, 6.23939911, 2.57610277, 4.46084572, 6.29054118,\n        3.13957277],\n       [6.22806696, 6.24158602, 2.57371469, 4.460841  , 6.29014336,\n        3.1397216 ],\n       [6.22816528, 6.23048361, 2.58472335, 4.46056016, 6.28986855,\n        3.13989119],\n       [6.22837073, 6.23971476, 2.57564892, 4.46099429, 6.29014627,\n        3.13943365]]), array([0.18072125, 0.18072125, 0.18072126, 0.18072127, 0.18072129,\n       0.18072129, 0.1807213 ]))", "callback": [0.7038500956748057, 0.5423224541618128, 0.4851300278926993, 0.43951921144407824, 0.4099076726038098, 0.3423005286583217, 0.33463819848462184, 0.32795328922432165, 0.3256150650245647, 0.3246329043843491, 0.32446266530478407, 0.32431297124988967, 0.3240032970701465, 0.3237668863274237, 0.3230866719733603, 0.3197946886898604, 0.293234620499108, 0.288635405691252, 0.27995027540382167, 0.27663374084077597, 0.27199738725485734, 0.25758292428225793, 0.2476953052525379, 0.2172937692401644, 0.1847266031204673, 0.18175367134528908, 0.18150390733098676, 0.18112993058874416, 0.18088440597111832, 0.18083941091533484, 0.18082323816409085, 0.18081656888347508, 0.18081516293606337, 0.18081463006095522, 0.18081450882444428, 0.18081431815826132, 0.18081378322389863, 0.1808125154235667, 0.18080886014021202, 0.18079325505065436, 0.18077136756943268, 0.18076463265878207, 0.18074563327249515, 0.18072884083192498, 0.18072543157525578, 0.18072347215350493, 0.18072256180629853, 0.18072165489958403, 0.18072138642945645, 0.18072125205433898]}, "5": {"maxiter": 500, "fatol": 1e-05, "xatol": 1e-10, "duration": 0.2130448818206787, "fun": "0.18072124695450031", "nit": "500", "nfev": "752", "status": "2", "success": "False", "message": "Maximum number of iterations has been exceeded.", "x": "[6.22822929 6.24       2.5752617  4.46057286 6.29031837 3.13963066]", "final_simplex": "(array([[6.22822929, 6.24      , 2.5752617 , 4.46057286, 6.29031837,\n        3.13963066],\n       [6.22771984, 6.24796259, 2.56753206, 4.4607361 , 6.29038518,\n        3.13946048],\n       [6.22786897, 6.24527672, 2.5707649 , 4.46101817, 6.2909037 ,\n        3.1394156 ],\n       [6.22785717, 6.23939911, 2.57610277, 4.46084572, 6.29054118,\n        3.13957277],\n       [6.22806696, 6.24158602, 2.57371469, 4.460841  , 6.29014336,\n        3.1397216 ],\n       [6.22816528, 6.23048361, 2.58472335, 4.46056016, 6.28986855,\n        3.13989119],\n       [6.22837073, 6.23971476, 2.57564892, 4.46099429, 6.29014627,\n        3.13943365]]), array([0.18072125, 0.18072125, 0.18072126, 0.18072127, 0.18072129,\n       0.18072129, 0.1807213 ]))", "callback": [0.7038500956748057, 0.5423224541618128, 0.4851300278926993, 0.43951921144407824, 0.4099076726038098, 0.3423005286583217, 0.33463819848462184, 0.32795328922432165, 0.3256150650245647, 0.3246329043843491, 0.32446266530478407, 0.32431297124988967, 0.3240032970701465, 0.3237668863274237, 0.3230866719733603, 0.3197946886898604, 0.293234620499108, 0.288635405691252, 0.27995027540382167, 0.27663374084077597, 0.27199738725485734, 0.25758292428225793, 0.2476953052525379, 0.2172937692401644, 0.1847266031204673, 0.18175367134528908, 0.18150390733098676, 0.18112993058874416, 0.18088440597111832, 0.18083941091533484, 0.18082323816409085, 0.18081656888347508, 0.18081516293606337, 0.18081463006095522, 0.18081450882444428, 0.18081431815826132, 0.18081378322389863, 0.1808125154235667, 0.18080886014021202, 0.18079325505065436, 0.18077136756943268, 0.18076463265878207, 0.18074563327249515, 0.18072884083192498, 0.18072543157525578, 0.18072347215350493, 0.18072256180629853, 0.18072165489958403, 0.18072138642945645, 0.18072125205433898]}, "6": {"maxiter": 500, "fatol": 1e-10, "xatol": 1e-05, "duration": 0.22165608406066895, "fun": "0.18072124695450031", "nit": "500", "nfev": "752", "status": "2", "success": "False", "message": "Maximum number of iterations has been exceeded.", "x": "[6.22822929 6.24       2.5752617  4.46057286 6.29031837 3.13963066]", "final_simplex": "(array([[6.22822929, 6.24      , 2.5752617 , 4.46057286, 6.29031837,\n        3.13963066],\n       [6.22771984, 6.24796259, 2.56753206, 4.4607361 , 6.29038518,\n        3.13946048],\n       [6.22786897, 6.24527672, 2.5707649 , 4.46101817, 6.2909037 ,\n        3.1394156 ],\n       [6.22785717, 6.23939911, 2.57610277, 4.46084572, 6.29054118,\n        3.13957277],\n       [6.22806696, 6.24158602, 2.57371469, 4.460841  , 6.29014336,\n        3.1397216 ],\n       [6.22816528, 6.23048361, 2.58472335, 4.46056016, 6.28986855,\n        3.13989119],\n       [6.22837073, 6.23971476, 2.57564892, 4.46099429, 6.29014627,\n        3.13943365]]), array([0.18072125, 0.18072125, 0.18072126, 0.18072127, 0.18072129,\n       0.18072129, 0.1807213 ]))", "callback": [0.7038500956748057, 0.5423224541618128, 0.4851300278926993, 0.43951921144407824, 0.4099076726038098, 0.3423005286583217, 0.33463819848462184, 0.32795328922432165, 0.3256150650245647, 0.3246329043843491, 0.32446266530478407, 0.32431297124988967, 0.3240032970701465, 0.3237668863274237, 0.3230866719733603, 0.3197946886898604, 0.293234620499108, 0.288635405691252, 0.27995027540382167, 0.27663374084077597, 0.27199738725485734, 0.25758292428225793, 0.2476953052525379, 0.2172937692401644, 0.1847266031204673, 0.18175367134528908, 0.18150390733098676, 0.18112993058874416, 0.18088440597111832, 0.18083941091533484, 0.18082323816409085, 0.18081656888347508, 0.18081516293606337, 0.18081463006095522, 0.18081450882444428, 0.18081431815826132, 0.18081378322389863, 0.1808125154235667, 0.18080886014021202, 0.18079325505065436, 0.18077136756943268, 0.18076463265878207, 0.18074563327249515, 0.18072884083192498, 0.18072543157525578, 0.18072347215350493, 0.18072256180629853, 0.18072165489958403, 0.18072138642945645, 0.18072125205433898]}, "7": {"maxiter": 500, "fatol": 1e-10, "xatol": 1e-10, "duration": 0.21258115768432617, "fun": "0.18072124695450031", "nit": "500", "nfev": "752", "status": "2", "success": "False", "message": "Maximum number of iterations has been exceeded.", "x": "[6.22822929 6.24       2.5752617  4.46057286 6.29031837 3.13963066]", "final_simplex": "(array([[6.22822929, 6.24      , 2.5752617 , 4.46057286, 6.29031837,\n        3.13963066],\n       [6.22771984, 6.24796259, 2.56753206, 4.4607361 , 6.29038518,\n        3.13946048],\n       [6.22786897, 6.24527672, 2.5707649 , 4.46101817, 6.2909037 ,\n        3.1394156 ],\n       [6.22785717, 6.23939911, 2.57610277, 4.46084572, 6.29054118,\n        3.13957277],\n       [6.22806696, 6.24158602, 2.57371469, 4.460841  , 6.29014336,\n        3.1397216 ],\n       [6.22816528, 6.23048361, 2.58472335, 4.46056016, 6.28986855,\n        3.13989119],\n       [6.22837073, 6.23971476, 2.57564892, 4.46099429, 6.29014627,\n        3.13943365]]), array([0.18072125, 0.18072125, 0.18072126, 0.18072127, 0.18072129,\n       0.18072129, 0.1807213 ]))", "callback": [0.7038500956748057, 0.5423224541618128, 0.4851300278926993, 0.43951921144407824, 0.4099076726038098, 0.3423005286583217, 0.33463819848462184, 0.32795328922432165, 0.3256150650245647, 0.3246329043843491, 0.32446266530478407, 0.32431297124988967, 0.3240032970701465, 0.3237668863274237, 0.3230866719733603, 0.3197946886898604, 0.293234620499108, 0.288635405691252, 0.27995027540382167, 0.27663374084077597, 0.27199738725485734, 0.25758292428225793, 0.2476953052525379, 0.2172937692401644, 0.1847266031204673, 0.18175367134528908, 0.18150390733098676, 0.18112993058874416, 0.18088440597111832, 0.18083941091533484, 0.18082323816409085, 0.18081656888347508, 0.18081516293606337, 0.18081463006095522, 0.18081450882444428, 0.18081431815826132, 0.18081378322389863, 0.1808125154235667, 0.18080886014021202, 0.18079325505065436, 0.18077136756943268, 0.18076463265878207, 0.18074563327249515, 0.18072884083192498, 0.18072543157525578, 0.18072347215350493, 0.18072256180629853, 0.18072165489958403, 0.18072138642945645, 0.18072125205433898]}, "8": {"maxiter": 1000, "fatol": 1e-05, "xatol": 1e-05, "duration": 0.27770495414733887, "fun": "0.18072117265168985", "nit": "631", "nfev": "964", "status": "0", "success": "True", "message": "Optimization terminated successfully.", "x": "[6.22807447 6.2431532  2.57261643 4.46037015 6.29046005 3.1391349 ]", "final_simplex": "(array([[6.22807447, 6.2431532 , 2.57261643, 4.46037015, 6.29046005,\n        3.1391349 ],\n       [6.22807411, 6.24315469, 2.5726149 , 4.46037038, 6.29046013,\n        3.13913471],\n       [6.22807474, 6.2431443 , 2.57262449, 4.4603702 , 6.29045872,\n        3.1391348 ],\n       [6.22807441, 6.24315917, 2.5726104 , 4.4603703 , 6.29045993,\n        3.13913478],\n       [6.22807456, 6.24315455, 2.572615  , 4.4603706 , 6.29045973,\n        3.1391346 ],\n       [6.22807408, 6.2431567 , 2.57261256, 4.46037012, 6.29046011,\n        3.13913539],\n       [6.22807451, 6.24314339, 2.57262574, 4.46037005, 6.29045902,\n        3.13913464]]), array([0.18072117, 0.18072117, 0.18072117, 0.18072117, 0.18072117,\n       0.18072117, 0.18072117]))", "callback": [0.7038500956748057, 0.5423224541618128, 0.4851300278926993, 0.43951921144407824, 0.4099076726038098, 0.3423005286583217, 0.33463819848462184, 0.32795328922432165, 0.3256150650245647, 0.3246329043843491, 0.32446266530478407, 0.32431297124988967, 0.3240032970701465, 0.3237668863274237, 0.3230866719733603, 0.3197946886898604, 0.293234620499108, 0.288635405691252, 0.27995027540382167, 0.27663374084077597, 0.27199738725485734, 0.25758292428225793, 0.2476953052525379, 0.2172937692401644, 0.1847266031204673, 0.18175367134528908, 0.18150390733098676, 0.18112993058874416, 0.18088440597111832, 0.18083941091533484, 0.18082323816409085, 0.18081656888347508, 0.18081516293606337, 0.18081463006095522, 0.18081450882444428, 0.18081431815826132, 0.18081378322389863, 0.1808125154235667, 0.18080886014021202, 0.18079325505065436, 0.18077136756943268, 0.18076463265878207, 0.18074563327249515, 0.18072884083192498, 0.18072543157525578, 0.18072347215350493, 0.18072256180629853, 0.18072165489958403, 0.18072138642945645, 0.18072125205433898, 0.18072124695450031, 0.18072119408809728, 0.18072117720818204, 0.18072117484484584, 0.18072117329860748, 0.18072117293989454, 0.18072117274978894, 0.18072117266430954, 0.18072117265548537, 0.18072117265309529, 0.18072117265225618, 0.18072117265191068, 0.1807211726517166, 0.18072117265168985]}, "9": {"maxiter": 1000, "fatol": 1e-05, "xatol": 1e-10, "duration": 0.3364439010620117, "fun": "0.18072117265164767", "nit": "709", "nfev": "1173", "status": "0", "success": "True", "message": "Optimization terminated successfully.", "x": "[6.22807463 6.24314316 2.57262583 4.46037026 6.29045932 3.13913509]", "final_simplex": "(array([[6.22807463, 6.24314316, 2.57262583, 4.46037026, 6.29045932,\n        3.13913509],\n       [6.22807463, 6.24314316, 2.57262583, 4.46037026, 6.29045932,\n        3.13913509],\n       [6.22807463, 6.24314316, 2.57262583, 4.46037026, 6.29045932,\n        3.13913509],\n       [6.22807463, 6.24314316, 2.57262583, 4.46037026, 6.29045932,\n        3.13913509],\n       [6.22807463, 6.24314316, 2.57262583, 4.46037026, 6.29045932,\n        3.13913509],\n       [6.22807463, 6.24314316, 2.57262583, 4.46037026, 6.29045932,\n        3.13913509],\n       [6.22807463, 6.24314316, 2.57262583, 4.46037026, 6.29045932,\n        3.13913509]]), array([0.18072117, 0.18072117, 0.18072117, 0.18072117, 0.18072117,\n       0.18072117, 0.18072117]))", "callback": [0.7038500956748057, 0.5423224541618128, 0.4851300278926993, 0.43951921144407824, 0.4099076726038098, 0.3423005286583217, 0.33463819848462184, 0.32795328922432165, 0.3256150650245647, 0.3246329043843491, 0.32446266530478407, 0.32431297124988967, 0.3240032970701465, 0.3237668863274237, 0.3230866719733603, 0.3197946886898604, 0.293234620499108, 0.288635405691252, 0.27995027540382167, 0.27663374084077597, 0.27199738725485734, 0.25758292428225793, 0.2476953052525379, 0.2172937692401644, 0.1847266031204673, 0.18175367134528908, 0.18150390733098676, 0.18112993058874416, 0.18088440597111832, 0.18083941091533484, 0.18082323816409085, 0.18081656888347508, 0.18081516293606337, 0.18081463006095522, 0.18081450882444428, 0.18081431815826132, 0.18081378322389863, 0.1808125154235667, 0.18080886014021202, 0.18079325505065436, 0.18077136756943268, 0.18076463265878207, 0.18074563327249515, 0.18072884083192498, 0.18072543157525578, 0.18072347215350493, 0.18072256180629853, 0.18072165489958403, 0.18072138642945645, 0.18072125205433898, 0.18072124695450031, 0.18072119408809728, 0.18072117720818204, 0.18072117484484584, 0.18072117329860748, 0.18072117293989454, 0.18072117274978894, 0.18072117266430954, 0.18072117265548537, 0.18072117265309529, 0.18072117265225618, 0.18072117265191068, 0.1807211726517166, 0.18072117265168441, 0.18072117265164978, 0.18072117265164978, 0.18072117265164822, 0.180721172651648, 0.18072117265164778, 0.18072117265164778, 0.18072117265164767]}, "10": {"maxiter": 1000, "fatol": 1e-10, "xatol": 1e-05, "duration": 0.2719080448150635, "fun": "0.18072117265168985", "nit": "631", "nfev": "964", "status": "0", "success": "True", "message": "Optimization terminated successfully.", "x": "[6.22807447 6.2431532  2.57261643 4.46037015 6.29046005 3.1391349 ]", "final_simplex": "(array([[6.22807447, 6.2431532 , 2.57261643, 4.46037015, 6.29046005,\n        3.1391349 ],\n       [6.22807411, 6.24315469, 2.5726149 , 4.46037038, 6.29046013,\n        3.13913471],\n       [6.22807474, 6.2431443 , 2.57262449, 4.4603702 , 6.29045872,\n        3.1391348 ],\n       [6.22807441, 6.24315917, 2.5726104 , 4.4603703 , 6.29045993,\n        3.13913478],\n       [6.22807456, 6.24315455, 2.572615  , 4.4603706 , 6.29045973,\n        3.1391346 ],\n       [6.22807408, 6.2431567 , 2.57261256, 4.46037012, 6.29046011,\n        3.13913539],\n       [6.22807451, 6.24314339, 2.57262574, 4.46037005, 6.29045902,\n        3.13913464]]), array([0.18072117, 0.18072117, 0.18072117, 0.18072117, 0.18072117,\n       0.18072117, 0.18072117]))", "callback": [0.7038500956748057, 0.5423224541618128, 0.4851300278926993, 0.43951921144407824, 0.4099076726038098, 0.3423005286583217, 0.33463819848462184, 0.32795328922432165, 0.3256150650245647, 0.3246329043843491, 0.32446266530478407, 0.32431297124988967, 0.3240032970701465, 0.3237668863274237, 0.3230866719733603, 0.3197946886898604, 0.293234620499108, 0.288635405691252, 0.27995027540382167, 0.27663374084077597, 0.27199738725485734, 0.25758292428225793, 0.2476953052525379, 0.2172937692401644, 0.1847266031204673, 0.18175367134528908, 0.18150390733098676, 0.18112993058874416, 0.18088440597111832, 0.18083941091533484, 0.18082323816409085, 0.18081656888347508, 0.18081516293606337, 0.18081463006095522, 0.18081450882444428, 0.18081431815826132, 0.18081378322389863, 0.1808125154235667, 0.18080886014021202, 0.18079325505065436, 0.18077136756943268, 0.18076463265878207, 0.18074563327249515, 0.18072884083192498, 0.18072543157525578, 0.18072347215350493, 0.18072256180629853, 0.18072165489958403, 0.18072138642945645, 0.18072125205433898, 0.18072124695450031, 0.18072119408809728, 0.18072117720818204, 0.18072117484484584, 0.18072117329860748, 0.18072117293989454, 0.18072117274978894, 0.18072117266430954, 0.18072117265548537, 0.18072117265309529, 0.18072117265225618, 0.18072117265191068, 0.1807211726517166, 0.18072117265168985]}, "11": {"maxiter": 1000, "fatol": 1e-10, "xatol": 1e-10, "duration": 0.32978391647338867, "fun": "0.18072117265164767", "nit": "709", "nfev": "1173", "status": "0", "success": "True", "message": "Optimization terminated successfully.", "x": "[6.22807463 6.24314316 2.57262583 4.46037026 6.29045932 3.13913509]", "final_simplex": "(array([[6.22807463, 6.24314316, 2.57262583, 4.46037026, 6.29045932,\n        3.13913509],\n       [6.22807463, 6.24314316, 2.57262583, 4.46037026, 6.29045932,\n        3.13913509],\n       [6.22807463, 6.24314316, 2.57262583, 4.46037026, 6.29045932,\n        3.13913509],\n       [6.22807463, 6.24314316, 2.57262583, 4.46037026, 6.29045932,\n        3.13913509],\n       [6.22807463, 6.24314316, 2.57262583, 4.46037026, 6.29045932,\n        3.13913509],\n       [6.22807463, 6.24314316, 2.57262583, 4.46037026, 6.29045932,\n        3.13913509],\n       [6.22807463, 6.24314316, 2.57262583, 4.46037026, 6.29045932,\n        3.13913509]]), array([0.18072117, 0.18072117, 0.18072117, 0.18072117, 0.18072117,\n       0.18072117, 0.18072117]))", "callback": [0.7038500956748057, 0.5423224541618128, 0.4851300278926993, 0.43951921144407824, 0.4099076726038098, 0.3423005286583217, 0.33463819848462184, 0.32795328922432165, 0.3256150650245647, 0.3246329043843491, 0.32446266530478407, 0.32431297124988967, 0.3240032970701465, 0.3237668863274237, 0.3230866719733603, 0.3197946886898604, 0.293234620499108, 0.288635405691252, 0.27995027540382167, 0.27663374084077597, 0.27199738725485734, 0.25758292428225793, 0.2476953052525379, 0.2172937692401644, 0.1847266031204673, 0.18175367134528908, 0.18150390733098676, 0.18112993058874416, 0.18088440597111832, 0.18083941091533484, 0.18082323816409085, 0.18081656888347508, 0.18081516293606337, 0.18081463006095522, 0.18081450882444428, 0.18081431815826132, 0.18081378322389863, 0.1808125154235667, 0.18080886014021202, 0.18079325505065436, 0.18077136756943268, 0.18076463265878207, 0.18074563327249515, 0.18072884083192498, 0.18072543157525578, 0.18072347215350493, 0.18072256180629853, 0.18072165489958403, 0.18072138642945645, 0.18072125205433898, 0.18072124695450031, 0.18072119408809728, 0.18072117720818204, 0.18072117484484584, 0.18072117329860748, 0.18072117293989454, 0.18072117274978894, 0.18072117266430954, 0.18072117265548537, 0.18072117265309529, 0.18072117265225618, 0.18072117265191068, 0.1807211726517166, 0.18072117265168441, 0.18072117265164978, 0.18072117265164978, 0.18072117265164822, 0.180721172651648, 0.18072117265164778, 0.18072117265164778, 0.18072117265164767]}}, "bfgs": {"type": "gradient", "0": {"maxiter": 100, "gtol": 1e-05, "xrtol": 1e-05, "eps": 1e-05, "duration": 0.09700989723205566, "fun": "0.30075197583247637", "jac": "[ 6.83519907e-07 -6.29940544e-08 -1.11279874e-06 -7.23736626e-06\n -2.73820966e-06 -6.88749058e-06]", "hess_inv": "[[  9.37059764   6.23336362  14.76393577  -2.77010743 -13.39384444\n    5.21650344]\n [  6.23336362  40.18699026  49.96366821  -3.73360619 -17.42256092\n    6.55463332]\n [ 14.76393577  49.96366821  78.3680009   -7.17185707 -37.90565462\n   12.24817475]\n [ -2.77010743  -3.73360619  -7.17185707   4.47977279   5.11573381\n   -2.82357981]\n [-13.39384444 -17.42256092 -37.90565462   5.11573381  30.57147199\n  -10.69472366]\n [  5.21650344   6.55463332  12.24817475  -2.82357981 -10.69472366\n    7.92001596]]", "nfev": "294", "njev": "42", "status": "0", "success": "True", "message": "Optimization terminated successfully.", "x": "[3.50115836 5.96092798 4.57701352 1.28662994 4.37358658 2.43777344]", "nit": "38", "callback": [0.7151450494153291, 0.6278885589683794, 0.6130931151486059, 0.5916715778326558, 0.5756300802240129, 0.5516551567017767, 0.5308860949341792, 0.5257132843299954, 0.5199157764276736, 0.4529575509584982, 0.45022464287947006, 0.4264127275496641, 0.3903039584346065, 0.35928304428197544, 0.3370194365733228, 0.3228071642161441, 0.311727199716635, 0.3089078614547842, 0.3058164833219449, 0.3047771468175594, 0.3040628707268289, 0.3040187314424342, 0.3039823784606053, 0.3039472475994923, 0.3038898801902712, 0.30379431779971977, 0.30363080553318134, 0.3033489399526901, 0.3028886730337099, 0.3023408805438227, 0.30196582742309297, 0.30133937204959793, 0.30077736041808856, 0.3007583100845441, 0.3007530296289367, 0.3007520528760197, 0.30075198265634506, 0.30075197583247637]}, "1": {"maxiter": 100, "gtol": 1e-05, "xrtol": 1e-05, "eps": 1e-10, "duration": 0.08267807960510254, "fun": "0.3007519756613153", "jac": "[-2.22044587e-06 -2.22044587e-06 -4.44089173e-06 -8.88178346e-06\n -4.44089173e-06 -8.88178346e-06]", "hess_inv": "[[  9.56163053   6.49591313  15.03200636  -2.76171731 -13.42344909\n    5.28133746]\n [  6.49591313  40.07372656  49.4896805   -3.73086916 -16.93878477\n    6.43800915]\n [ 15.03200636  49.4896805   77.19332612  -7.11746748 -36.93592235\n   12.01021874]\n [ -2.76171731  -3.73086916  -7.11746748   4.44539227   5.03747134\n   -2.81873505]\n [-13.42344909 -16.93878477 -36.93592235   5.03747134  29.8871701\n  -10.53271339]\n [  5.28133746   6.43800915  12.01021874  -2.81873505 -10.53271339\n    7.89132504]]", "nfev": "294", "njev": "42", "status": "0", "success": "True", "message": "Optimization terminated successfully.", "x": "[3.50116972 5.96096926 4.5770703  1.28662794 4.37356229 2.43778688]", "nit": "38", "callback": [0.7151449634566123, 0.6278888473011865, 0.6130936123193709, 0.5916722926457414, 0.5756310523400535, 0.5516566839186594, 0.5308855216762822, 0.5257137408595149, 0.519916059606756, 0.4529543590844147, 0.450229284463033, 0.4264769939694697, 0.39041511357070335, 0.35929742742398485, 0.33707861131397543, 0.32281078303344424, 0.31175573059919603, 0.30891728785946726, 0.30581319822910313, 0.3047798582742338, 0.30406153282204673, 0.3040179497488208, 0.303981488925108, 0.3039462377961737, 0.30388876203332305, 0.30379289759355865, 0.30362889233302415, 0.3033464100026262, 0.3028855701986005, 0.30233978258425753, 0.3019651861733892, 0.3013393888486757, 0.30077744644218163, 0.30075825805965994, 0.3007531641539316, 0.30075206667304144, 0.30075198319115215, 0.3007519756613153]}, "2": {"maxiter": 100, "gtol": 1e-05, "xrtol": 1e-10, "eps": 1e-05, "duration": 0.08304905891418457, "fun": "0.30075197583247637", "jac": "[ 6.83519907e-07 -6.29940544e-08 -1.11279874e-06 -7.23736626e-06\n -2.73820966e-06 -6.88749058e-06]", "hess_inv": "[[  9.37059764   6.23336362  14.76393577  -2.77010743 -13.39384444\n    5.21650344]\n [  6.23336362  40.18699026  49.96366821  -3.73360619 -17.42256092\n    6.55463332]\n [ 14.76393577  49.96366821  78.3680009   -7.17185707 -37.90565462\n   12.24817475]\n [ -2.77010743  -3.73360619  -7.17185707   4.47977279   5.11573381\n   -2.82357981]\n [-13.39384444 -17.42256092 -37.90565462   5.11573381  30.57147199\n  -10.69472366]\n [  5.21650344   6.55463332  12.24817475  -2.82357981 -10.69472366\n    7.92001596]]", "nfev": "294", "njev": "42", "status": "0", "success": "True", "message": "Optimization terminated successfully.", "x": "[3.50115836 5.96092798 4.57701352 1.28662994 4.37358658 2.43777344]", "nit": "38", "callback": [0.7151450494153291, 0.6278885589683794, 0.6130931151486059, 0.5916715778326558, 0.5756300802240129, 0.5516551567017767, 0.5308860949341792, 0.5257132843299954, 0.5199157764276736, 0.4529575509584982, 0.45022464287947006, 0.4264127275496641, 0.3903039584346065, 0.35928304428197544, 0.3370194365733228, 0.3228071642161441, 0.311727199716635, 0.3089078614547842, 0.3058164833219449, 0.3047771468175594, 0.3040628707268289, 0.3040187314424342, 0.3039823784606053, 0.3039472475994923, 0.3038898801902712, 0.30379431779971977, 0.30363080553318134, 0.3033489399526901, 0.3028886730337099, 0.3023408805438227, 0.30196582742309297, 0.30133937204959793, 0.30077736041808856, 0.3007583100845441, 0.3007530296289367, 0.3007520528760197, 0.30075198265634506, 0.30075197583247637]}, "3": {"maxiter": 100, "gtol": 1e-05, "xrtol": 1e-10, "eps": 1e-10, "duration": 0.08805012702941895, "fun": "0.3007519756613153", "jac": "[-2.22044587e-06 -2.22044587e-06 -4.44089173e-06 -8.88178346e-06\n -4.44089173e-06 -8.88178346e-06]", "hess_inv": "[[  9.56163053   6.49591313  15.03200636  -2.76171731 -13.42344909\n    5.28133746]\n [  6.49591313  40.07372656  49.4896805   -3.73086916 -16.93878477\n    6.43800915]\n [ 15.03200636  49.4896805   77.19332612  -7.11746748 -36.93592235\n   12.01021874]\n [ -2.76171731  -3.73086916  -7.11746748   4.44539227   5.03747134\n   -2.81873505]\n [-13.42344909 -16.93878477 -36.93592235   5.03747134  29.8871701\n  -10.53271339]\n [  5.28133746   6.43800915  12.01021874  -2.81873505 -10.53271339\n    7.89132504]]", "nfev": "294", "njev": "42", "status": "0", "success": "True", "message": "Optimization terminated successfully.", "x": "[3.50116972 5.96096926 4.5770703  1.28662794 4.37356229 2.43778688]", "nit": "38", "callback": [0.7151449634566123, 0.6278888473011865, 0.6130936123193709, 0.5916722926457414, 0.5756310523400535, 0.5516566839186594, 0.5308855216762822, 0.5257137408595149, 0.519916059606756, 0.4529543590844147, 0.450229284463033, 0.4264769939694697, 0.39041511357070335, 0.35929742742398485, 0.33707861131397543, 0.32281078303344424, 0.31175573059919603, 0.30891728785946726, 0.30581319822910313, 0.3047798582742338, 0.30406153282204673, 0.3040179497488208, 0.303981488925108, 0.3039462377961737, 0.30388876203332305, 0.30379289759355865, 0.30362889233302415, 0.3033464100026262, 0.3028855701986005, 0.30233978258425753, 0.3019651861733892, 0.3013393888486757, 0.30077744644218163, 0.30075825805965994, 0.3007531641539316, 0.30075206667304144, 0.30075198319115215, 0.3007519756613153]}, "4": {"maxiter": 100, "gtol": 1e-10, "xrtol": 1e-05, "eps": 1e-05, "duration": 0.09091496467590332, "fun": "0.30075197553543775", "jac": "[ 8.60489457e-07  3.31068506e-07 -4.86166663e-07 -9.11759557e-07\n -1.16417986e-07 -8.06976708e-07]", "hess_inv": "[[  8.9881399    6.83734828  15.07557016  -2.60412466 -13.13997862\n    5.28967322]\n [  6.83734828  39.31128436  49.47615685  -3.8359414  -17.76350267\n    6.57083238]\n [ 15.07557016  49.47615685  78.11434896  -7.29763745 -38.10895721\n   12.19635934]\n [ -2.60412466  -3.8359414   -7.29763745   4.73457798   5.12822092\n   -2.58584495]\n [-13.13997862 -17.76350267 -38.10895721   5.12822092  30.44899712\n  -10.64215302]\n [  5.28967322   6.57083238  12.19635934  -2.58584495 -10.64215302\n    8.12822026]]", "nfev": "301", "njev": "43", "status": "0", "success": "True", "message": "Optimization terminated successfully.", "x": "[3.50115103 5.96094969 4.5770201  1.28665386 4.37359923 2.43779194]", "nit": "39", "callback": [0.7151450494153291, 0.6278885589683794, 0.6130931151486059, 0.5916715778326558, 0.5756300802240129, 0.5516551567017767, 0.5308860949341792, 0.5257132843299954, 0.5199157764276736, 0.4529575509584982, 0.45022464287947006, 0.4264127275496641, 0.3903039584346065, 0.35928304428197544, 0.3370194365733228, 0.3228071642161441, 0.311727199716635, 0.3089078614547842, 0.3058164833219449, 0.3047771468175594, 0.3040628707268289, 0.3040187314424342, 0.3039823784606053, 0.3039472475994923, 0.3038898801902712, 0.30379431779971977, 0.30363080553318134, 0.3033489399526901, 0.3028886730337099, 0.3023408805438227, 0.30196582742309297, 0.30133937204959793, 0.30077736041808856, 0.3007583100845441, 0.3007530296289367, 0.3007520528760197, 0.30075198265634506, 0.30075197583247637, 0.30075197553543775]}, "5": {"maxiter": 100, "gtol": 1e-10, "xrtol": 1e-05, "eps": 1e-10, "duration": 0.09400200843811035, "fun": "0.30075197539098575", "jac": "[-2.22044587e-06  0.00000000e+00  0.00000000e+00 -2.22044587e-06\n -2.22044587e-06 -1.11022293e-06]", "hess_inv": "[[  5.67792825  -0.97512428   3.12369035  -1.78757893  -6.83507011\n    2.18304264]\n [ -0.97512428  22.8162163   22.56422971  -0.48941214  -2.46562133\n    0.59468625]\n [  3.12369035  22.56422971  35.32806331  -2.70828179 -14.57184315\n    2.47429584]\n [ -1.78757893  -0.48941214  -2.70828179   4.51205015   3.2138905\n   -1.70174629]\n [ -6.83507011  -2.46562133 -14.57184315   3.2138905   18.07316249\n   -5.068677  ]\n [  2.18304264   0.59468625   2.47429584  -1.70174629  -5.068677\n    5.57773601]]", "nfev": "315", "njev": "45", "status": "0", "success": "True", "message": "Optimization terminated successfully.", "x": "[3.50116719 5.96110794 4.57721744 1.28665009 4.37354071 2.43781595]", "nit": "40", "callback": [0.7151449634566123, 0.6278888473011865, 0.6130936123193709, 0.5916722926457414, 0.5756310523400535, 0.5516566839186594, 0.5308855216762822, 0.5257137408595149, 0.519916059606756, 0.4529543590844147, 0.450229284463033, 0.4264769939694697, 0.39041511357070335, 0.35929742742398485, 0.33707861131397543, 0.32281078303344424, 0.31175573059919603, 0.30891728785946726, 0.30581319822910313, 0.3047798582742338, 0.30406153282204673, 0.3040179497488208, 0.303981488925108, 0.3039462377961737, 0.30388876203332305, 0.30379289759355865, 0.30362889233302415, 0.3033464100026262, 0.3028855701986005, 0.30233978258425753, 0.3019651861733892, 0.3013393888486757, 0.30077744644218163, 0.30075825805965994, 0.3007531641539316, 0.30075206667304144, 0.30075198319115215, 0.3007519756613153, 0.300751975457793, 0.30075197539098575]}, "6": {"maxiter": 100, "gtol": 1e-10, "xrtol": 1e-10, "eps": 1e-05, "duration": 0.1818380355834961, "fun": "0.3007519755101823", "jac": "[ 4.40869563e-08 -8.86735130e-08  9.31921207e-08  2.49245069e-08\n  7.63500374e-08  3.98570066e-09]", "hess_inv": "[[  9.17229196   6.50225636  14.84677772  -2.84196963 -13.16686905\n    5.07986687]\n [  6.50225636  39.88622773  49.81746659  -3.43796863 -17.70817858\n    6.93411612]\n [ 14.84677772  49.81746659  77.63621011  -6.90003293 -37.67896037\n   12.5834705 ]\n [ -2.84196963  -3.43796863  -6.90003293   4.95469522   5.05646134\n   -2.38240204]\n [-13.16686905 -17.70817858 -37.67896037   5.05646134  30.20780751\n  -10.71408966]\n [  5.07986687   6.93411612  12.5834705   -2.38240204 -10.71408966\n    8.31139892]]", "nfev": "572", "njev": "80", "status": "2", "success": "False", "message": "Desired error not necessarily achieved due to precision loss.", "x": "[3.50114833 5.96095549 4.57702852 1.28665731 4.37359745 2.43779461]", "nit": "40", "callback": [0.7151450494153291, 0.6278885589683794, 0.6130931151486059, 0.5916715778326558, 0.5756300802240129, 0.5516551567017767, 0.5308860949341792, 0.5257132843299954, 0.5199157764276736, 0.4529575509584982, 0.45022464287947006, 0.4264127275496641, 0.3903039584346065, 0.35928304428197544, 0.3370194365733228, 0.3228071642161441, 0.311727199716635, 0.3089078614547842, 0.3058164833219449, 0.3047771468175594, 0.3040628707268289, 0.3040187314424342, 0.3039823784606053, 0.3039472475994923, 0.3038898801902712, 0.30379431779971977, 0.30363080553318134, 0.3033489399526901, 0.3028886730337099, 0.3023408805438227, 0.30196582742309297, 0.30133937204959793, 0.30077736041808856, 0.3007583100845441, 0.3007530296289367, 0.3007520528760197, 0.30075198265634506, 0.30075197583247637, 0.30075197553543775, 0.3007519755101823]}, "7": {"maxiter": 100, "gtol": 1e-10, "xrtol": 1e-10, "eps": 1e-10, "duration": 0.11913585662841797, "fun": "0.3007519753909855", "jac": "[0.00000000e+00 1.11022293e-06 2.22044587e-06 2.22044587e-06\n 2.22044587e-06 2.22044587e-06]", "hess_inv": "[[  6.89789883  -1.43512998   5.37707246  -3.40178958 -10.26828645\n    2.68422712]\n [ -1.43512998  21.15646082  17.69556413   1.23460359   1.66549837\n   -0.03324827]\n [  5.37707246  17.69556413  30.67925612  -3.24462356 -14.6945359\n    2.4376847 ]\n [ -3.40178958   1.23460359  -3.24462356   5.96929809   6.030741\n   -2.09782206]\n [-10.26828645   1.66549837 -14.6945359    6.030741    23.34571452\n   -5.79988841]\n [  2.68422712  -0.03324827   2.4376847   -2.09782206  -5.79988841\n    5.67852411]]", "nfev": "392", "njev": "56", "status": "0", "success": "True", "message": "Optimization terminated successfully.", "x": "[3.50116719 5.96110794 4.57721744 1.28665009 4.37354071 2.43781595]", "nit": "41", "callback": [0.7151449634566123, 0.6278888473011865, 0.6130936123193709, 0.5916722926457414, 0.5756310523400535, 0.5516566839186594, 0.5308855216762822, 0.5257137408595149, 0.519916059606756, 0.4529543590844147, 0.450229284463033, 0.4264769939694697, 0.39041511357070335, 0.35929742742398485, 0.33707861131397543, 0.32281078303344424, 0.31175573059919603, 0.30891728785946726, 0.30581319822910313, 0.3047798582742338, 0.30406153282204673, 0.3040179497488208, 0.303981488925108, 0.3039462377961737, 0.30388876203332305, 0.30379289759355865, 0.30362889233302415, 0.3033464100026262, 0.3028855701986005, 0.30233978258425753, 0.3019651861733892, 0.3013393888486757, 0.30077744644218163, 0.30075825805965994, 0.3007531641539316, 0.30075206667304144, 0.30075198319115215, 0.3007519756613153, 0.300751975457793, 0.30075197539098575, 0.3007519753909855]}, "8": {"maxiter": 500, "gtol": 1e-05, "xrtol": 1e-05, "eps": 1e-05, "duration": 0.08692288398742676, "fun": "0.30075197583247637", "jac": "[ 6.83519907e-07 -6.29940544e-08 -1.11279874e-06 -7.23736626e-06\n -2.73820966e-06 -6.88749058e-06]", "hess_inv": "[[  9.37059764   6.23336362  14.76393577  -2.77010743 -13.39384444\n    5.21650344]\n [  6.23336362  40.18699026  49.96366821  -3.73360619 -17.42256092\n    6.55463332]\n [ 14.76393577  49.96366821  78.3680009   -7.17185707 -37.90565462\n   12.24817475]\n [ -2.77010743  -3.73360619  -7.17185707   4.47977279   5.11573381\n   -2.82357981]\n [-13.39384444 -17.42256092 -37.90565462   5.11573381  30.57147199\n  -10.69472366]\n [  5.21650344   6.55463332  12.24817475 