{"date": "2024/09/23/, 22:27:04", "conf_id": 113, "data_type": "orthogonal\n", "num_data_points": 2, "s_rank": 0, "unitary": "[[-0.53618537-0.34368723j,-0.12107031-0.46226139j,-0.07699282-0.46603512j,0.36022595-0.11472301j],[0.26026499-0.63450712j,-0.56616638+0.37832564j,-0.14988651+0.08458591j,0.10363514-0.16008501j],[-0.32580188-0.11070003j,-0.36476308-0.23593218j,0.02559343+0.41761608j,-0.25598305+0.6725303j],[0.07406738-0.0126433j,0.28513701+0.19483972j,-0.74939717-0.10299659j,0.29798249+0.46269921j]]", "databatch_0": {"databatch": "[[[-0.17376988-0.44997708j,-0.05742574-0.18693923j,0.31296678-0.07159238j,0.05559594-0.06900431j],[0.30133267-0.05086487j,-0.30821032+0.11741881j,0.10752042-0.23821627j,-0.34090417+0.07227447j],[-0.03216857-0.04193479j,-0.09743556+0.23034813j,-0.16693521+0.17393405j,0.08532965-0.13107692j],[-0.03749555+0.11223779j,0.00312707+0.1465457j,0.00380434+0.12480904j,-0.07807696-0.14536765j]],[[0.01229528-0.06052439j,0.18633183+0.04950073j,0.02803696+0.25260828j,0.08051619-0.07383719j],[-0.01544009-0.17568971j,-0.05472089-0.03414711j,-0.05670037-0.15615445j,0.07021937+0.15864472j],[0.00046173-0.19599458j,0.40680376+0.11458579j,0.10694956-0.0255097j,-0.09572331+0.30009007j],[-0.00204898-0.44439455j,-0.29277225+0.16244037j,0.04786688+0.22928318j,0.12407395-0.28518667j]]]", "initial param values": "[4.74455362,3.76953112,1.18069317,5.2350768,1.43945717,0.60334245]", "nelder_mead": {"type": "gradient-free", "0": {"maxiter": 100, "fatol": 1e-05, "xatol": 1e-05, "duration": 0.03563809394836426, "fun": "0.5168815354671364", "nit": "100", "nfev": "155", "status": "2", "success": "False", "message": "Maximum number of iterations has been exceeded.", "x": "[ 2.30512877  2.58401719 -1.16020848  5.60521712  2.45887585  1.47867726]", "final_simplex": "(array([[ 2.30512877,  2.58401719, -1.16020848,  5.60521712,  2.45887585,\n         1.47867726],\n       [ 2.13853147,  2.78399643, -0.96905795,  5.45876387,  2.3499713 ,\n         1.38395315],\n       [ 2.36229247,  2.85172792, -0.93480148,  5.7830519 ,  2.25649645,\n         1.39850679],\n       [ 2.30154821,  2.99812577, -0.77943364,  5.52205115,  2.36765629,\n         1.3614391 ],\n       [ 2.51724692,  2.90373147, -1.01192374,  5.60717939,  2.47675799,\n         1.41823449],\n       [ 2.27672592,  2.70159164, -0.9013131 ,  5.78134916,  2.61960133,\n         1.47014606],\n       [ 2.19482813,  2.82979282, -1.0141504 ,  5.74644764,  2.73001715,\n         1.46862379]]), array([0.51688154, 0.52062789, 0.52954036, 0.53384968, 0.53616778,\n       0.54122633, 0.5416883 ]))", "callback": [0.7517166994733897, 0.739838925516201, 0.73687889911944, 0.7127303253220014, 0.6140247614818009, 0.5875645941231875, 0.5661696958100397, 0.5532321621325541, 0.5454607512974838]}, "1": {"maxiter": 100, "fatol": 1e-05, "xatol": 1e-10, "duration": 0.03535008430480957, "fun": "0.5168815354671364", "nit": "100", "nfev": "155", "status": "2", "success": "False", "message": "Maximum number of iterations has been exceeded.", "x": "[ 2.30512877  2.58401719 -1.16020848  5.60521712  2.45887585  1.47867726]", "final_simplex": "(array([[ 2.30512877,  2.58401719, -1.16020848,  5.60521712,  2.45887585,\n         1.47867726],\n       [ 2.13853147,  2.78399643, -0.96905795,  5.45876387,  2.3499713 ,\n         1.38395315],\n       [ 2.36229247,  2.85172792, -0.93480148,  5.7830519 ,  2.25649645,\n         1.39850679],\n       [ 2.30154821,  2.99812577, -0.77943364,  5.52205115,  2.36765629,\n         1.3614391 ],\n       [ 2.51724692,  2.90373147, -1.01192374,  5.60717939,  2.47675799,\n         1.41823449],\n       [ 2.27672592,  2.70159164, -0.9013131 ,  5.78134916,  2.61960133,\n         1.47014606],\n       [ 2.19482813,  2.82979282, -1.0141504 ,  5.74644764,  2.73001715,\n         1.46862379]]), array([0.51688154, 0.52062789, 0.52954036, 0.53384968, 0.53616778,\n       0.54122633, 0.5416883 ]))", "callback": [0.7517166994733897, 0.739838925516201, 0.73687889911944, 0.7127303253220014, 0.6140247614818009, 0.5875645941231875, 0.5661696958100397, 0.5532321621325541, 0.5454607512974838]}, "2": {"maxiter": 100, "fatol": 1e-10, "xatol": 1e-05, "duration": 0.03503012657165527, "fun": "0.5168815354671364", "nit": "100", "nfev": "155", "status": "2", "success": "False", "message": "Maximum number of iterations has been exceeded.", "x": "[ 2.30512877  2.58401719 -1.16020848  5.60521712  2.45887585  1.47867726]", "final_simplex": "(array([[ 2.30512877,  2.58401719, -1.16020848,  5.60521712,  2.45887585,\n         1.47867726],\n       [ 2.13853147,  2.78399643, -0.96905795,  5.45876387,  2.3499713 ,\n         1.38395315],\n       [ 2.36229247,  2.85172792, -0.93480148,  5.7830519 ,  2.25649645,\n         1.39850679],\n       [ 2.30154821,  2.99812577, -0.77943364,  5.52205115,  2.36765629,\n         1.3614391 ],\n       [ 2.51724692,  2.90373147, -1.01192374,  5.60717939,  2.47675799,\n         1.41823449],\n       [ 2.27672592,  2.70159164, -0.9013131 ,  5.78134916,  2.61960133,\n         1.47014606],\n       [ 2.19482813,  2.82979282, -1.0141504 ,  5.74644764,  2.73001715,\n         1.46862379]]), array([0.51688154, 0.52062789, 0.52954036, 0.53384968, 0.53616778,\n       0.54122633, 0.5416883 ]))", "callback": [0.7517166994733897, 0.739838925516201, 0.73687889911944, 0.7127303253220014, 0.6140247614818009, 0.5875645941231875, 0.5661696958100397, 0.5532321621325541, 0.5454607512974838]}, "3": {"maxiter": 100, "fatol": 1e-10, "xatol": 1e-10, "duration": 0.03524208068847656, "fun": "0.5168815354671364", "nit": "100", "nfev": "155", "status": "2", "success": "False", "message": "Maximum number of iterations has been exceeded.", "x": "[ 2.30512877  2.58401719 -1.16020848  5.60521712  2.45887585  1.47867726]", "final_simplex": "(array([[ 2.30512877,  2.58401719, -1.16020848,  5.60521712,  2.45887585,\n         1.47867726],\n       [ 2.13853147,  2.78399643, -0.96905795,  5.45876387,  2.3499713 ,\n         1.38395315],\n       [ 2.36229247,  2.85172792, -0.93480148,  5.7830519 ,  2.25649645,\n         1.39850679],\n       [ 2.30154821,  2.99812577, -0.77943364,  5.52205115,  2.36765629,\n         1.3614391 ],\n       [ 2.51724692,  2.90373147, -1.01192374,  5.60717939,  2.47675799,\n         1.41823449],\n       [ 2.27672592,  2.70159164, -0.9013131 ,  5.78134916,  2.61960133,\n         1.47014606],\n       [ 2.19482813,  2.82979282, -1.0141504 ,  5.74644764,  2.73001715,\n         1.46862379]]), array([0.51688154, 0.52062789, 0.52954036, 0.53384968, 0.53616778,\n       0.54122633, 0.5416883 ]))", "callback": [0.7517166994733897, 0.739838925516201, 0.73687889911944, 0.7127303253220014, 0.6140247614818009, 0.5875645941231875, 0.5661696958100397, 0.5532321621325541, 0.5454607512974838]}, "4": {"maxiter": 500, "fatol": 1e-05, "xatol": 1e-05, "duration": 0.1593151092529297, "fun": "0.41085841203246876", "nit": "435", "nfev": "679", "status": "0", "success": "True", "message": "Optimization terminated successfully.", "x": "[ 2.0988352   2.60259479 -1.70088142  5.13384828  1.61516098  2.33864663]", "final_simplex": "(array([[ 2.0988352 ,  2.60259479, -1.70088142,  5.13384828,  1.61516098,\n         2.33864663],\n       [ 2.09883488,  2.60259774, -1.70088943,  5.1338504 ,  1.61516564,\n         2.33864569],\n       [ 2.09883218,  2.60260173, -1.70088486,  5.13384607,  1.61516472,\n         2.33864494],\n       [ 2.09883368,  2.60259386, -1.70088733,  5.13384371,  1.6151672 ,\n         2.33864703],\n       [ 2.0988311 ,  2.60259798, -1.70087597,  5.13384868,  1.61516521,\n         2.33863928],\n       [ 2.09883196,  2.60259401, -1.7008828 ,  5.13384166,  1.61516152,\n         2.33864283],\n       [ 2.09882525,  2.60259465, -1.70088322,  5.1338447 ,  1.61516446,\n         2.33864379]]), array([0.41085841, 0.41085841, 0.41085841, 0.41085841, 0.41085841,\n       0.41085841, 0.41085841]))", "callback": [0.7517166994733897, 0.739838925516201, 0.73687889911944, 0.7127303253220014, 0.6140247614818009, 0.5875645941231875, 0.5661696958100397, 0.5532321621325541, 0.5454607512974838, 0.5168815354671364, 0.5061224991542779, 0.4990532793750172, 0.49470442337058607, 0.4920901257300283, 0.49102654843399984, 0.49061849210821795, 0.4896665525759293, 0.4869661834385043, 0.47189715449704017, 0.4421263601133656, 0.4312408237885631, 0.42129811290892116, 0.4158672706757669, 0.41339948937816373, 0.4117633800221533, 0.41131556968645566, 0.41097142680485244, 0.4109550124840342, 0.41087062628844073, 0.4108636299499473, 0.41085973109102314, 0.4108589319681475, 0.4108585602831951, 0.41085849459595125, 0.4108584547665768, 0.4108584248671685, 0.4108584181098265, 0.4108584146802581, 0.4108584129907785, 0.41085841249839494, 0.41085841206469365, 0.4108584120513281, 0.41085841203246876]}, "5": {"maxiter": 500, "fatol": 1e-05, "xatol": 1e-10, "duration": 0.207381010055542, "fun": "0.41085841202543427", "nit": "500", "nfev": "790", "status": "2", "success": "False", "message": "Maximum number of iterations has been exceeded.", "x": "[ 2.09883243  2.60259532 -1.70088727  5.1338482   1.61516517  2.33864115]", "final_simplex": "(array([[ 2.09883243,  2.60259532, -1.70088727,  5.1338482 ,  1.61516517,\n         2.33864115],\n       [ 2.09883243,  2.60259525, -1.70088731,  5.13384819,  1.61516516,\n         2.33864107],\n       [ 2.09883248,  2.60259534, -1.70088705,  5.13384826,  1.61516513,\n         2.33864113],\n       [ 2.09883239,  2.60259528, -1.70088725,  5.13384818,  1.61516511,\n         2.33864111],\n       [ 2.09883242,  2.60259526, -1.70088733,  5.13384819,  1.6151651 ,\n         2.33864115],\n       [ 2.09883244,  2.60259523, -1.70088733,  5.1338482 ,  1.61516519,\n         2.33864116],\n       [ 2.0988325 ,  2.60259528, -1.70088725,  5.13384816,  1.61516519,\n         2.33864109]]), array([0.41085841, 0.41085841, 0.41085841, 0.41085841, 0.41085841,\n       0.41085841, 0.41085841]))", "callback": [0.7517166994733897, 0.739838925516201, 0.73687889911944, 0.7127303253220014, 0.6140247614818009, 0.5875645941231875, 0.5661696958100397, 0.5532321621325541, 0.5454607512974838, 0.5168815354671364, 0.5061224991542779, 0.4990532793750172, 0.49470442337058607, 0.4920901257300283, 0.49102654843399984, 0.49061849210821795, 0.4896665525759293, 0.4869661834385043, 0.47189715449704017, 0.4421263601133656, 0.4312408237885631, 0.42129811290892116, 0.4158672706757669, 0.41339948937816373, 0.4117633800221533, 0.41131556968645566, 0.41097142680485244, 0.4109550124840342, 0.41087062628844073, 0.4108636299499473, 0.41085973109102314, 0.4108589319681475, 0.4108585602831951, 0.41085849459595125, 0.4108584547665768, 0.4108584248671685, 0.4108584181098265, 0.4108584146802581, 0.4108584129907785, 0.41085841249839494, 0.41085841206469365, 0.4108584120513281, 0.41085841203246876, 0.41085841202758133, 0.4108584120262755, 0.4108584120257385, 0.4108584120254676, 0.4108584120254536, 0.41085841202543605]}, "6": {"maxiter": 500, "fatol": 1e-10, "xatol": 1e-05, "duration": 0.1856389045715332, "fun": "0.41085841203246876", "nit": "435", "nfev": "679", "status": "0", "success": "True", "message": "Optimization terminated successfully.", "x": "[ 2.0988352   2.60259479 -1.70088142  5.13384828  1.61516098  2.33864663]", "final_simplex": "(array([[ 2.0988352 ,  2.60259479, -1.70088142,  5.13384828,  1.61516098,\n         2.33864663],\n       [ 2.09883488,  2.60259774, -1.70088943,  5.1338504 ,  1.61516564,\n         2.33864569],\n       [ 2.09883218,  2.60260173, -1.70088486,  5.13384607,  1.61516472,\n         2.33864494],\n       [ 2.09883368,  2.60259386, -1.70088733,  5.13384371,  1.6151672 ,\n         2.33864703],\n       [ 2.0988311 ,  2.60259798, -1.70087597,  5.13384868,  1.61516521,\n         2.33863928],\n       [ 2.09883196,  2.60259401, -1.7008828 ,  5.13384166,  1.61516152,\n         2.33864283],\n       [ 2.09882525,  2.60259465, -1.70088322,  5.1338447 ,  1.61516446,\n         2.33864379]]), array([0.41085841, 0.41085841, 0.41085841, 0.41085841, 0.41085841,\n       0.41085841, 0.41085841]))", "callback": [0.7517166994733897, 0.739838925516201, 0.73687889911944, 0.7127303253220014, 0.6140247614818009, 0.5875645941231875, 0.5661696958100397, 0.5532321621325541, 0.5454607512974838, 0.5168815354671364, 0.5061224991542779, 0.4990532793750172, 0.49470442337058607, 0.4920901257300283, 0.49102654843399984, 0.49061849210821795, 0.4896665525759293, 0.4869661834385043, 0.47189715449704017, 0.4421263601133656, 0.4312408237885631, 0.42129811290892116, 0.4158672706757669, 0.41339948937816373, 0.4117633800221533, 0.41131556968645566, 0.41097142680485244, 0.4109550124840342, 0.41087062628844073, 0.4108636299499473, 0.41085973109102314, 0.4108589319681475, 0.4108585602831951, 0.41085849459595125, 0.4108584547665768, 0.4108584248671685, 0.4108584181098265, 0.4108584146802581, 0.4108584129907785, 0.41085841249839494, 0.41085841206469365, 0.4108584120513281, 0.41085841203246876]}, "7": {"maxiter": 500, "fatol": 1e-10, "xatol": 1e-10, "duration": 0.2192978858947754, "fun": "0.41085841202543427", "nit": "500", "nfev": "790", "status": "2", "success": "False", "message": "Maximum number of iterations has been exceeded.", "x": "[ 2.09883243  2.60259532 -1.70088727  5.1338482   1.61516517  2.33864115]", "final_simplex": "(array([[ 2.09883243,  2.60259532, -1.70088727,  5.1338482 ,  1.61516517,\n         2.33864115],\n       [ 2.09883243,  2.60259525, -1.70088731,  5.13384819,  1.61516516,\n         2.33864107],\n       [ 2.09883248,  2.60259534, -1.70088705,  5.13384826,  1.61516513,\n         2.33864113],\n       [ 2.09883239,  2.60259528, -1.70088725,  5.13384818,  1.61516511,\n         2.33864111],\n       [ 2.09883242,  2.60259526, -1.70088733,  5.13384819,  1.6151651 ,\n         2.33864115],\n       [ 2.09883244,  2.60259523, -1.70088733,  5.1338482 ,  1.61516519,\n         2.33864116],\n       [ 2.0988325 ,  2.60259528, -1.70088725,  5.13384816,  1.61516519,\n         2.33864109]]), array([0.41085841, 0.41085841, 0.41085841, 0.41085841, 0.41085841,\n       0.41085841, 0.41085841]))", "callback": [0.7517166994733897, 0.739838925516201, 0.73687889911944, 0.7127303253220014, 0.6140247614818009, 0.5875645941231875, 0.5661696958100397, 0.5532321621325541, 0.5454607512974838, 0.5168815354671364, 0.5061224991542779, 0.4990532793750172, 0.49470442337058607, 0.4920901257300283, 0.49102654843399984, 0.49061849210821795, 0.4896665525759293, 0.4869661834385043, 0.47189715449704017, 0.4421263601133656, 0.4312408237885631, 0.42129811290892116, 0.4158672706757669, 0.41339948937816373, 0.4117633800221533, 0.41131556968645566, 0.41097142680485244, 0.4109550124840342, 0.41087062628844073, 0.4108636299499473, 0.41085973109102314, 0.4108589319681475, 0.4108585602831951, 0.41085849459595125, 0.4108584547665768, 0.4108584248671685, 0.4108584181098265, 0.4108584146802581, 0.4108584129907785, 0.41085841249839494, 0.41085841206469365, 0.4108584120513281, 0.41085841203246876, 0.41085841202758133, 0.4108584120262755, 0.4108584120257385, 0.4108584120254676, 0.4108584120254536, 0.41085841202543605]}, "8": {"maxiter": 1000, "fatol": 1e-05, "xatol": 1e-05, "duration": 0.24760699272155762, "fun": "0.41085841203246876", "nit": "435", "nfev": "679", "status": "0", "success": "True", "message": "Optimization terminated successfully.", "x": "[ 2.0988352   2.60259479 -1.70088142  5.13384828  1.61516098  2.33864663]", "final_simplex": "(array([[ 2.0988352 ,  2.60259479, -1.70088142,  5.13384828,  1.61516098,\n         2.33864663],\n       [ 2.09883488,  2.60259774, -1.70088943,  5.1338504 ,  1.61516564,\n         2.33864569],\n       [ 2.09883218,  2.60260173, -1.70088486,  5.13384607,  1.61516472,\n         2.33864494],\n       [ 2.09883368,  2.60259386, -1.70088733,  5.13384371,  1.6151672 ,\n         2.33864703],\n       [ 2.0988311 ,  2.60259798, -1.70087597,  5.13384868,  1.61516521,\n         2.33863928],\n       [ 2.09883196,  2.60259401, -1.7008828 ,  5.13384166,  1.61516152,\n         2.33864283],\n       [ 2.09882525,  2.60259465, -1.70088322,  5.1338447 ,  1.61516446,\n         2.33864379]]), array([0.41085841, 0.41085841, 0.41085841, 0.41085841, 0.41085841,\n       0.41085841, 0.41085841]))", "callback": [0.7517166994733897, 0.739838925516201, 0.73687889911944, 0.7127303253220014, 0.6140247614818009, 0.5875645941231875, 0.5661696958100397, 0.5532321621325541, 0.5454607512974838, 0.5168815354671364, 0.5061224991542779, 0.4990532793750172, 0.49470442337058607, 0.4920901257300283, 0.49102654843399984, 0.49061849210821795, 0.4896665525759293, 0.4869661834385043, 0.47189715449704017, 0.4421263601133656, 0.4312408237885631, 0.42129811290892116, 0.4158672706757669, 0.41339948937816373, 0.4117633800221533, 0.41131556968645566, 0.41097142680485244, 0.4109550124840342, 0.41087062628844073, 0.4108636299499473, 0.41085973109102314, 0.4108589319681475, 0.4108585602831951, 0.41085849459595125, 0.4108584547665768, 0.4108584248671685, 0.4108584181098265, 0.4108584146802581, 0.4108584129907785, 0.41085841249839494, 0.41085841206469365, 0.4108584120513281, 0.41085841203246876]}, "9": {"maxiter": 1000, "fatol": 1e-05, "xatol": 1e-10, "duration": 0.26441097259521484, "fun": "0.41085841202543105", "nit": "559", "nfev": "931", "status": "0", "success": "True", "message": "Optimization terminated successfully.", "x": "[ 2.09883246  2.60259533 -1.7008872   5.13384832  1.61516511  2.3386411 ]", "final_simplex": "(array([[ 2.09883246,  2.60259533, -1.7008872 ,  5.13384832,  1.61516511,\n         2.3386411 ],\n       [ 2.09883246,  2.60259533, -1.7008872 ,  5.13384832,  1.61516511,\n         2.3386411 ],\n       [ 2.09883246,  2.60259533, -1.7008872 ,  5.13384832,  1.61516511,\n         2.3386411 ],\n       [ 2.09883246,  2.60259533, -1.7008872 ,  5.13384832,  1.61516511,\n         2.3386411 ],\n       [ 2.09883246,  2.60259533, -1.7008872 ,  5.13384832,  1.61516511,\n         2.3386411 ],\n       [ 2.09883246,  2.60259533, -1.7008872 ,  5.13384832,  1.61516511,\n         2.3386411 ],\n       [ 2.09883246,  2.60259533, -1.7008872 ,  5.13384832,  1.61516511,\n         2.3386411 ]]), array([0.41085841, 0.41085841, 0.41085841, 0.41085841, 0.41085841,\n       0.41085841, 0.41085841]))", "callback": [0.7517166994733897, 0.739838925516201, 0.73687889911944, 0.7127303253220014, 0.6140247614818009, 0.5875645941231875, 0.5661696958100397, 0.5532321621325541, 0.5454607512974838, 0.5168815354671364, 0.5061224991542779, 0.4990532793750172, 0.49470442337058607, 0.4920901257300283, 0.49102654843399984, 0.49061849210821795, 0.4896665525759293, 0.4869661834385043, 0.47189715449704017, 0.4421263601133656, 0.4312408237885631, 0.42129811290892116, 0.4158672706757669, 0.41339948937816373, 0.4117633800221533, 0.41131556968645566, 0.41097142680485244, 0.4109550124840342, 0.41087062628844073, 0.4108636299499473, 0.41085973109102314, 0.4108589319681475, 0.4108585602831951, 0.41085849459595125, 0.4108584547665768, 0.4108584248671685, 0.4108584181098265, 0.4108584146802581, 0.4108584129907785, 0.41085841249839494, 0.41085841206469365, 0.4108584120513281, 0.41085841203246876, 0.41085841202758133, 0.4108584120262755, 0.4108584120257385, 0.4108584120254676, 0.4108584120254536, 0.41085841202543605, 0.4108584120254337, 0.4108584120254325, 0.4108584120254314, 0.41085841202543116, 0.41085841202543116, 0.41085841202543105]}, "10": {"maxiter": 1000, "fatol": 1e-10, "xatol": 1e-05, "duration": 0.22135210037231445, "fun": "0.41085841203246876", "nit": "435", "nfev": "679", "status": "0", "success": "True", "message": "Optimization terminated successfully.", "x": "[ 2.0988352   2.60259479 -1.70088142  5.13384828  1.61516098  2.33864663]", "final_simplex": "(array([[ 2.0988352 ,  2.60259479, -1.70088142,  5.13384828,  1.61516098,\n         2.33864663],\n       [ 2.09883488,  2.60259774, -1.70088943,  5.1338504 ,  1.61516564,\n         2.33864569],\n       [ 2.09883218,  2.60260173, -1.70088486,  5.13384607,  1.61516472,\n         2.33864494],\n       [ 2.09883368,  2.60259386, -1.70088733,  5.13384371,  1.6151672 ,\n         2.33864703],\n       [ 2.0988311 ,  2.60259798, -1.70087597,  5.13384868,  1.61516521,\n         2.33863928],\n       [ 2.09883196,  2.60259401, -1.7008828 ,  5.13384166,  1.61516152,\n         2.33864283],\n       [ 2.09882525,  2.60259465, -1.70088322,  5.1338447 ,  1.61516446,\n         2.33864379]]), array([0.41085841, 0.41085841, 0.41085841, 0.41085841, 0.41085841,\n       0.41085841, 0.41085841]))", "callback": [0.7517166994733897, 0.739838925516201, 0.73687889911944, 0.7127303253220014, 0.6140247614818009, 0.5875645941231875, 0.5661696958100397, 0.5532321621325541, 0.5454607512974838, 0.5168815354671364, 0.5061224991542779, 0.4990532793750172, 0.49470442337058607, 0.4920901257300283, 0.49102654843399984, 0.49061849210821795, 0.4896665525759293, 0.4869661834385043, 0.47189715449704017, 0.4421263601133656, 0.4312408237885631, 0.42129811290892116, 0.4158672706757669, 0.41339948937816373, 0.4117633800221533, 0.41131556968645566, 0.41097142680485244, 0.4109550124840342, 0.41087062628844073, 0.4108636299499473, 0.41085973109102314, 0.4108589319681475, 0.4108585602831951, 0.41085849459595125, 0.4108584547665768, 0.4108584248671685, 0.4108584181098265, 0.4108584146802581, 0.4108584129907785, 0.41085841249839494, 0.41085841206469365, 0.4108584120513281, 0.41085841203246876]}, "11": {"maxiter": 1000, "fatol": 1e-10, "xatol": 1e-10, "duration": 0.2483830451965332, "fun": "0.41085841202543105", "nit": "559", "nfev": "931", "status": "0", "success": "True", "message": "Optimization terminated successfully.", "x": "[ 2.09883246  2.60259533 -1.7008872   5.13384832  1.61516511  2.3386411 ]", "final_simplex": "(array([[ 2.09883246,  2.60259533, -1.7008872 ,  5.13384832,  1.61516511,\n         2.3386411 ],\n       [ 2.09883246,  2.60259533, -1.7008872 ,  5.13384832,  1.61516511,\n         2.3386411 ],\n       [ 2.09883246,  2.60259533, -1.7008872 ,  5.13384832,  1.61516511,\n         2.3386411 ],\n       [ 2.09883246,  2.60259533, -1.7008872 ,  5.13384832,  1.61516511,\n         2.3386411 ],\n       [ 2.09883246,  2.60259533, -1.7008872 ,  5.13384832,  1.61516511,\n         2.3386411 ],\n       [ 2.09883246,  2.60259533, -1.7008872 ,  5.13384832,  1.61516511,\n         2.3386411 ],\n       [ 2.09883246,  2.60259533, -1.7008872 ,  5.13384832,  1.61516511,\n         2.3386411 ]]), array([0.41085841, 0.41085841, 0.41085841, 0.41085841, 0.41085841,\n       0.41085841, 0.41085841]))", "callback": [0.7517166994733897, 0.739838925516201, 0.73687889911944, 0.7127303253220014, 0.6140247614818009, 0.5875645941231875, 0.5661696958100397, 0.5532321621325541, 0.5454607512974838, 0.5168815354671364, 0.5061224991542779, 0.4990532793750172, 0.49470442337058607, 0.4920901257300283, 0.49102654843399984, 0.49061849210821795, 0.4896665525759293, 0.4869661834385043, 0.47189715449704017, 0.4421263601133656, 0.4312408237885631, 0.42129811290892116, 0.4158672706757669, 0.41339948937816373, 0.4117633800221533, 0.41131556968645566, 0.41097142680485244, 0.4109550124840342, 0.41087062628844073, 0.4108636299499473, 0.41085973109102314, 0.4108589319681475, 0.4108585602831951, 0.41085849459595125, 0.4108584547665768, 0.4108584248671685, 0.4108584181098265, 0.4108584146802581, 0.4108584129907785, 0.41085841249839494, 0.41085841206469365, 0.4108584120513281, 0.41085841203246876, 0.41085841202758133, 0.4108584120262755, 0.4108584120257385, 0.4108584120254676, 0.4108584120254536, 0.41085841202543605, 0.4108584120254337, 0.4108584120254325, 0.4108584120254314, 0.41085841202543116, 0.41085841202543116, 0.41085841202543105]}}, "bfgs": {"type": "gradient", "0": {"maxiter": 100, "gtol": 1e-05, "xrtol": 1e-05, "eps": 1e-05, "duration": 0.04351377487182617, "fun": "0.4108584120595137", "jac": "[ 1.48810964e-06 -7.52509166e-08 -4.50084414e-07 -1.38445921e-06\n  1.37504452e-06  2.15794049e-07]", "hess_inv": "[[ 3.54021933e+00 -3.57432731e-02  6.12146550e-01 -2.15681643e-01\n  -4.19885069e-01 -3.73100643e-02]\n [-3.57432731e-02  4.84354575e+00  2.21641685e+00 -1.77533532e-01\n   5.41446339e-04 -5.23846966e-01]\n [ 6.12146550e-01  2.21641685e+00  7.04009820e+00  7.86458478e-01\n  -9.22456512e-01  5.21635250e-03]\n [-2.15681643e-01 -1.77533532e-01  7.86458478e-01  3.85116453e+00\n   1.53494994e-01  1.13443860e-01]\n [-4.19885069e-01  5.41446339e-04 -9.22456512e-01  1.53494994e-01\n   4.33393633e+00 -1.77051161e+00]\n [-3.73100643e-02 -5.23846966e-01  5.21635250e-03  1.13443860e-01\n  -1.77051161e+00  4.65313461e+00]]", "nfev": "175", "njev": "25", "status": "0", "success": "True", "message": "Optimization terminated successfully.", "x": "[ 2.09883277  2.60258711 -1.70090191  5.13383655  1.6151684   2.33863657]", "nit": "22", "callback": [0.5042477813673972, 0.41085951068577053]}, "1": {"maxiter": 100, "gtol": 1e-05, "xrtol": 1e-05, "eps": 1e-10, "duration": 0.042359113693237305, "fun": "0.41085841208356677", "jac": "[ 1.11022293e-06 -1.11022293e-06 -2.22044587e-06 -3.33066880e-06\n  1.11022293e-06  2.22044587e-06]", "hess_inv": "[[ 3.54339602e+00 -2.50083452e-02  6.16340746e-01 -2.10270874e-01\n  -4.14773282e-01 -3.98602571e-02]\n [-2.50083452e-02  4.83274788e+00  2.21656936e+00 -1.72601235e-01\n   6.53874811e-03 -5.40511928e-01]\n [ 6.16340746e-01  2.21656936e+00  7.05416328e+00  7.97849694e-01\n  -9.04443866e-01 -1.30589058e-02]\n [-2.10270874e-01 -1.72601235e-01  7.97849694e-01  3.85572343e+00\n   1.58953669e-01  1.04131810e-01]\n [-4.14773282e-01  6.53874811e-03 -9.04443866e-01  1.58953669e-01\n   4.33421336e+00 -1.77468349e+00]\n [-3.98602571e-02 -5.40511928e-01 -1.30589058e-02  1.04131810e-01\n  -1.77468349e+00  4.65109611e+00]]", "nfev": "175", "njev": "25", "status": "0", "success": "True", "message": "Optimization terminated successfully.", "x": "[ 2.0988385   2.60258435 -1.70090851  5.13383614  1.61517228  2.3386414 ]", "nit": "22", "callback": [0.5042658976229226, 0.410859547456082]}, "2": {"maxiter": 100, "gtol": 1e-05, "xrtol": 1e-10, "eps": 1e-05, "duration": 0.041300058364868164, "fun": "0.4108584120595137", "jac": "[ 1.48810964e-06 -7.52509166e-08 -4.50084414e-07 -1.38445921e-06\n  1.37504452e-06  2.15794049e-07]", "hess_inv": "[[ 3.54021933e+00 -3.57432731e-02  6.12146550e-01 -2.15681643e-01\n  -4.19885069e-01 -3.73100643e-02]\n [-3.57432731e-02  4.84354575e+00  2.21641685e+00 -1.77533532e-01\n   5.41446339e-04 -5.23846966e-01]\n [ 6.12146550e-01  2.21641685e+00  7.04009820e+00  7.86458478e-01\n  -9.22456512e-01  5.21635250e-03]\n [-2.15681643e-01 -1.77533532e-01  7.86458478e-01  3.85116453e+00\n   1.53494994e-01  1.13443860e-01]\n [-4.19885069e-01  5.41446339e-04 -9.22456512e-01  1.53494994e-01\n   4.33393633e+00 -1.77051161e+00]\n [-3.73100643e-02 -5.23846966e-01  5.21635250e-03  1.13443860e-01\n  -1.77051161e+00  4.65313461e+00]]", "nfev": "175", "njev": "25", "status": "0", "success": "True", "message": "Optimization terminated successfully.", "x": "[ 2.09883277  2.60258711 -1.70090191  5.13383655  1.6151684   2.33863657]", "nit": "22", "callback": [0.5042477813673972, 0.41085951068577053]}, "3": {"maxiter": 100, "gtol": 1e-05, "xrtol": 1e-10, "eps": 1e-10, "duration": 0.04213714599609375, "fun": "0.41085841208356677", "jac": "[ 1.11022293e-06 -1.11022293e-06 -2.22044587e-06 -3.33066880e-06\n  1.11022293e-06  2.22044587e-06]", "hess_inv": "[[ 3.54339602e+00 -2.50083452e-02  6.16340746e-01 -2.10270874e-01\n  -4.14773282e-01 -3.98602571e-02]\n [-2.50083452e-02  4.83274788e+00  2.21656936e+00 -1.72601235e-01\n   6.53874811e-03 -5.40511928e-01]\n [ 6.16340746e-01  2.21656936e+00  7.05416328e+00  7.97849694e-01\n  -9.04443866e-01 -1.30589058e-02]\n [-2.10270874e-01 -1.72601235e-01  7.97849694e-01  3.85572343e+00\n   1.58953669e-01  1.04131810e-01]\n [-4.14773282e-01  6.53874811e-03 -9.04443866e-01  1.58953669e-01\n   4.33421336e+00 -1.77468349e+00]\n [-3.98602571e-02 -5.40511928e-01 -1.30589058e-02  1.04131810e-01\n  -1.77468349e+00  4.65109611e+00]]", "nfev": "175", "njev": "25", "status": "0", "success": "True", "message": "Optimization terminated successfully.", "x": "[ 2.0988385   2.60258435 -1.70090851  5.13383614  1.61517228  2.3386414 ]", "nit": "22", "callback": [0.5042658976229226, 0.410859547456082]}, "4": {"maxiter": 100, "gtol": 1e-10, "xrtol": 1e-05, "eps": 1e-05, "duration": 0.04368901252746582, "fun": "0.4108584120448292", "jac": "[ 4.55191440e-09  1.59094959e-08 -1.09690035e-08 -1.67088565e-08\n  7.16093851e-09  1.97730721e-08]", "hess_inv": "[[ 3.60610789 -0.05709508  0.55151184 -0.28773106 -0.34363422 -0.06385658]\n [-0.05709508  4.84448284  2.24703152 -0.13926253 -0.01696287 -0.52237985]\n [ 0.55151184  2.24703152  7.07579814  0.82540914 -1.00583504  0.04272568]\n [-0.28773106 -0.13926253  0.82540914  3.89272562  0.05214004  0.16027243]\n [-0.34363422 -0.01696287 -1.00583504  0.05214004  4.41350016 -1.79263837]\n [-0.06385658 -0.52237985  0.04272568  0.16027243 -1.79263837  4.65531892]]", "nfev": "182", "njev": "26", "status": "0", "success": "True", "message": "Optimization terminated successfully.", "x": "[ 2.09882773  2.60258851 -1.70089686  5.13384262  1.61516284  2.33863833]", "nit": "23", "callback": [0.5042477813673972, 0.41085951068577053]}, "5": {"maxiter": 100, "gtol": 1e-10, "xrtol": 1e-05, "eps": 1e-10, "duration": 0.04349088668823242, "fun": "0.41085841203316", "jac": "[ 0.00000000e+00  0.00000000e+00  0.00000000e+00  0.00000000e+00\n -1.11022293e-06 -2.22044587e-06]", "hess_inv": "[[ 3.58849368 -0.14902612  0.3886727  -0.36570644 -0.36827937  0.03878111]\n [-0.14902612  4.94104086  2.34249619 -0.07435195 -0.18642529 -0.49489277]\n [ 0.3886727   2.34249619  7.12873924  0.87514303 -1.27906594  0.15268128]\n [-0.36570644 -0.07435195  0.87514303  3.92585557 -0.09337796  0.20347584]\n [-0.36827937 -0.18642529 -1.27906594 -0.09337796  4.36393493 -1.62035301]\n [ 0.03878111 -0.49489277  0.15268128  0.20347584 -1.62035301  4.4935765 ]]", "nfev": "182", "njev": "26", "status": "0", "success": "True", "message": "Optimization terminated successfully.", "x": "[ 2.09883432  2.60259627 -1.70088651  5.13385114  1.61516809  2.33863364]", "nit": "23", "callback": [0.5042658976229226, 0.410859547456082]}, "6": {"maxiter": 100, "gtol": 1e-10, "xrtol": 1e-10, "eps": 1e-05, "duration": 0.11019301414489746, "fun": "0.4108584120448292", "jac": "[ 4.55191440e-09  1.59094959e-08 -1.09690035e-08 -1.67088565e-08\n  7.16093851e-09  1.97730721e-08]", "hess_inv": "[[ 3.60405247e+00 -4.71987471e-02  5.43863593e-01 -2.97429272e-01\n  -3.47317753e-01 -4.90213844e-02]\n [-4.71987471e-02  4.83912247e+00  2.23981330e+00 -1.47802645e-01\n  -5.65329192e-03 -5.29771559e-01]\n [ 5.43863593e-01  2.23981330e+00  7.09320892e+00  8.46848327e-01\n  -1.01284919e+00  3.12346209e-02]\n [-2.97429272e-01 -1.47802645e-01  8.46848327e-01  3.91911076e+00\n   4.31527563e-02  1.46629383e-01]\n [-3.47317753e-01 -5.65329192e-03 -1.01284919e+00  4.31527563e-02\n   4.40787527e+00 -1.77578246e+00]\n [-4.90213844e-02 -5.29771559e-01  3.12346209e-02  1.46629383e-01\n  -1.77578246e+00  4.64521321e+00]]", "nfev": "473", "njev": "66", "status": "2", "success": "False", "message": "Desired error not necessarily achieved due to precision loss.", "x": "[ 2.09882773  2.60258851 -1.70089686  5.13384262  1.61516284  2.33863833]", "nit": "23", "callback": [0.5042477813673972, 0.41085951068577053]}, "7": {"maxiter": 100, "gtol": 1e-10, "xrtol": 1e-10, "eps": 1e-10, "duration": 0.05739617347717285, "fun": "0.41085841203016804", "jac": "[3.33066880e-06 1.11022293e-06 1.11022293e-06 1.11022293e-06\n 2.22044587e-06 0.00000000e+00]", "hess_inv": "[[ 3.15729572 -0.92109204 -0.61616696 -0.30125261  0.13262802  0.91004539]\n [-0.92109204  4.77608862  3.33525943  1.72147359  0.63615424  6.46770308]\n [-0.61616696  3.33525943 11.25443916  4.94189973 -0.24228801 15.09109951]\n [-0.30125261  1.72147359  4.94189973  6.29687723 -0.23198916  8.03490587]\n [ 0.13262802  0.63615424 -0.24228801 -0.23198916  3.81121075 -2.64211901]\n [ 0.91004539  6.46770308 15.09109951  8.03490587 -2.64211901 30.86789837]]", "nfev": "252", "njev": "36", "status": "0", "success": "True", "message": "Optimization terminated successfully.", "x": "[ 2.09883368  2.60259617 -1.70088554  5.13385274  1.6151688   2.33864003]", "nit": "25", "callback": [0.5042658976229226, 0.410859547456082]}, "8": {"maxiter": 500, "gtol": 1e-05, "xrtol": 1e-05, "eps": 1e-05, "duration": 0.040454864501953125, "fun": "0.4108584120595137", "jac": "[ 1.48810964e-06 -7.52509166e-08 -4.50084414e-07 -1.38445921e-06\n  1.37504452e-06  2.15794049e-07]", "hess_inv": "[[ 3.54021933e+00 -3.57432731e-02  6.12146550e-01 -2.15681643e-01\n  -4.19885069e-01 -3.73100643e-02]\n [-3.57432731e-02  4.84354575e+00  2.21641685e+00 -1.77533532e-01\n   5.41446339e-04 -5.23846966e-01]\n [ 6.12146550e-01  2.21641685e+00  7.04009820e+00  7.86458478e-01\n  -9.22456512e-01  5.21635250e-03]\n [-2.15681643e-01 -1.77533532e-01  7.86458478e-01  3.85116453e+00\n   1.53494994e-01  1.13443860e-01]\n [-4.19885069e-01  5.41446339e-04 -9.22456512e-01  1.53494994e-01\n   4.33393633e+00 -1.77051161e+00]\n [-3.73100643e-02 -5.23846966e-01  5.21635250e-03  1.13443860e-01\n  -1.77051161e+00  4.65313461e+00]]", "nfev": "175", "njev": "25", "status": "0", "success": "True", "message": "Optimization terminated successfully.", "x": "[ 2.09883277  2.60258711 -1.70090191  5.13383655  1.6151684   2.33863657]", "nit": "22", "callback": [0.5042477813673972, 0.41085951068577053]}, "9": {"maxiter": 500, "gtol": 1e-05, "xrtol": 1e-05, "eps": 1e-10, "duration": 0.04041409492492676, "fun": "0.41085841208356677", "jac": "[ 1.11022293e-06 -1.11022293e-06 -2.22044587e-06 -3.33066880e-06\n  1.11022293e-06  2.22044587e-06]", "hess_inv": "[[ 3.54339602e+00 -2.50083452e-02  6.16340746e-01 -2.10270874e-01\n  -4.14773282e-01 -3.98602571e-02]\n [-2.50083452e-02  4.83274788e+00  2.21656936e+00 -1.72601235e-01\n   6.53874811e-03 -5.40511928e-01]\n [ 6.16340746e-01  2.21656936e+00  7.05416328e+00  7.97849694e-01\n  -9.04443866e-01 -1.30589058e-02]\n [-2.10270874e-01 -1.72601235e-01  7.97849694e-01  3.85572343e+00\n   1.58953669e-01  1.04131810e-01]\n [-4.14773282e-01  6.53874811e-03 -9.04443866e-01  1.58953669e-01\n   4.33421336e+00 -1.77468349e+00]\n [-3.98602571e-02 -5.40511928e-01 -1.30589058e-02  1.04131810e-01\n  -1.77468349e+00  4.65109611e+00]]", "nfev": "175", "njev": "25", "status": "0", "success": "True", "message": "Optimization terminated successfully.", "x": "[ 2.0988385   2.60258435 -1.70090851  5.13383614  1.61517228  2.3386414 ]", "nit": "22", "callback": [0.5042658976229226, 0.410859547456082]}, "10": {"maxiter": 500, "gtol": 1e-05, "xrtol": 1e-10, "eps": 1e-05, "duration": 0.04180598258972168, "fun": "0.4108584120595137", "jac": "[ 1.48810964e-06 -7.52509166e-08 -4.50084414e-07 -1.38445921e-06\n  1.37504452e-06  2.15794049e-07]", "hess_inv": "[[ 3.54021933e+00 -3.57432731e-02  6.12146550e-01 -2.15681643e-01\n  -4.19885069e-01 -3.73100643e-02]\n [-3.57432731e-02  4.84354575e+00  2.21641685e+00 -1.77533532e-01\n   5.41446339e-04 -5.23846966e-01]\n [ 6.12146550e-01  2.21641685e+00  7.04009820e+00  7.86458478e-01\n  -9.22456512e-01  5.21635250e-03]\n [-2.15681643e-01 -1.77533532e-01  7.86458478e-01  3.85116453e+00\n   1.53494994e-01  1.13443860e-01]\n [-4.19885069e-01  5.41446339e-04 -9.22456512e-01  1.53494994e-01\n   4.33393633e+00 -1.77051161e+00]\n [-3.73100643e-02 -5.23846966e-01  5.21635250e-03  1.13443860e-01\n  -1.77051161e+00  4.65313461e+00]]", "nfev": "175", "njev": "25", "status": "0", "success": "True", "message": "Optimization terminated successfully.", "x": "[ 2.09883277  2.60258711 -1.70090191  5.13383655  1.6151684   2.33863657]", "nit": "22", "callback": [0.5042477813673972, 0.41085951068577053]}, "11": {"maxiter": 500, "gtol": 1e-05, "xrtol": 1e-10, "eps": 1e-10, "duration": 0.04071187973022461, "fun": "0.41085841208356677", "jac": "[ 1.11022293e-06 -1.11022293e-06 -2.22044587e-06 -3.33066880e-06\n  1.11022293e-06  2.22044587e-06]", "hess_inv": "[[ 3.54339602e+00 -2.50083452e-02  6.16340746e-01 -2.10270874e-01\n  -4.14773282e-01 -3.98602571e-02]\n [-2.50083452e-02  4.83274788e+00  2.21656936e+00 -1.72601235e-01\n   6.53874811e-03 -5.40511928e-01]\n [ 6.16340746e-01  2.21656936e+00  7.05416328e+00  7.97849694e-01\n  -9.04443866e-01 -1.30589058e-02]\n [-2.10270874e-01 -1.72601235e-01  7.97849694e-01  3.85572343e+00\n   1.58953669e-01  1.04131810e-01]\n [-4.14773282e-01  6.53874811e-03 -9.04443866e-01  1.58953669e-01\n   4.33421336e+00 -1.77468349e+00]\n [-3.98602571e-02 -5.40511928e-01 -1.30589058e-02  1.04131810e-01\n  -1.77468349e+00  4.65109611e+00]]", "nfev": "175", "njev": "25", "status": "0", "success": "True", "message": "Optimization terminated successfully.", "x": "[ 2.0988385   2.60258435 -1.70090851  5.13383614  1.61517228  2.3386414 ]", "nit": "22", "callback": [0.5042658976229226, 0.410859547456082]}, "12": {"maxiter": 500, "gtol": 1e-10, "xrtol": 1e-05, "eps": 1e-05, "duration": 0.041661977767944336, "fun": "0.4108584120448292", "jac": "[ 4.55191440e-09  1.59094959e-08 -1.09690035e-08 -1.67088565e-08\n  7.16093851e-09  1.97730721e-08]", "hess_inv": "[[ 3.60610789 -0.05709508  0.55151184 -0.28773106 -0.34363422 -0.06385658]\n [-0.05709508  4.84448284  2.24703152 -0.13926253 -0.01696287 -0.52237985]\n [ 0.55151184  2.24703152  7.07579814  0.82540914 -1.00583504  0.04272568]\n [-0.28773106 -0.13926253  0.82540914  3.89272562  0.05214004  0.16027243]\n [-0.34363422 -0.01696287 -1.00583504  0.05214004  4.41350016 -1.79263837]\n [-0.06385658 -0.52237985  0.04272568  0.16027243 -1.79263837  4.65531892]]", "nfev": "182", "njev": "26", "status": "0", "success": "True", "message": "Optimization terminated successfully.", "x": "[ 2.09882773  2.60258851 -1.70089686  5.13384262  1.61516284  2.33863833]", "nit": "23", "callback": [0.5042477813673972, 0.41085951068577053]}, "13": {"maxiter": 500, "gtol": 1e-10, "xrtol": 1e-05, "eps": 1e-10, "duration": 0.04108691215515137, "fun": "0.41085841203316", "jac": "[ 0.00000000e+00  0.00000000e+00  0.00000000e+00  0.00000000e+00\n -1.11022293e-06 -2.22044587e-06]", "hess_inv": "[[ 3.58849368 -0.14902612  0.3886727  -0.36570644 -0.36827937  0.03878111]\n [-0.14902612  4.94104086  2.34249619 -0.07435195 -0.18642529 -0.49489277]\n [ 0.3886727   2.34249619  7.12873924  0.87514303 -1.27906594  0.15268128]\n [-0.36570644 -0.07435195  0.87514303  3.92585557 -0.09337796  0.20347584]\n [-0.36827937 -0.18642529 -1.27906594 -0.09337796  4.36393493 -1.62035301]\n [ 0.03878111 -0.49489277  0.15268128  0.20347584 -1.62035301  4.4935765 ]]", "nfev": "182", "njev": "26", "status": "0", "success": "True", "message": "Optimization terminated successfully.", "x": "[ 2.09883432  2.60259627 -1.70088651  5.13385114  1.61516809  2.33863364]", "nit": "23", "callback": [0.5042658976229226, 0.410859547456082]}, "14": {"maxiter": 500, "gtol": 1e-10, "xrtol": 1e-10, "eps": 1e-05, "duration": 0.10752105712890625, "fun": "0.4108584120448292", "jac": "[ 4.55191440e-09  1.59094959e-08 -1.09690035e-08 -1.67088565e-08\n  7.16093851e-09  1.97730721e-08]", "hess_inv": "[[ 3.60405247e+00 -4.71987471e-02  5.43863593e-01 -2.97429272e-01\n  -3.47317753e-01 -4.90213844e-02]\n [-4.71987471e-02  4.83912247e+00  2.23981330e+00 -1.47802645e-01\n  -5.65329192e-03 -5.29771559e-01]\n [ 5.43863593e-01  2.23981330e+00  7.09320892e+00  8.46848327e-01\n  -1.01284919e+00  3.12346209e-02]\n [-2.97429272e-01 -1.47802645e-01  8.46848327e-01  3.91911076e+00\n   4.31527563e-02  1.46629383e-01]\n [-3.47317753e-01 -5.65329192e-03 -1.01284919e+00  4.31527563e-02\n   4.40787527e+00 -1.77578246e+00]\n [-4.90213844e-02 -5.29771559e-01  3.12346209e-02  1.46629383e-01\n  -1.77578246e+00  4.64521321e+00]]", "nfev": "473", "njev": "66", "status": "2", "success": "False", "message": "Desired error not necessarily achieved due to precision loss.", "x": "[ 2.09882773  2.60258851 -1.70089686  5.13384262  1.61516284  2.33863833]", "nit": "23", "callback": [0.5042477813673972, 0.41085951068577053]}, "15": {"maxiter": 500, "gtol": 1e-10, "xrtol": 1e-10, "eps": 1e-10, "duration": 0.05766606330871582, "fun": "0.41085841203016804", "jac": "[3.33066880e-06 1.11022293e-06 1.110