{"date": "2024/10/08/, 19:17:26", "conf_id": 23, "data_type": "random\n", "num_data_points": 2, "s_rank": 0, "unitary": "[[-0.53618537-0.34368723j,-0.12107031-0.46226139j,-0.07699282-0.46603512j,0.36022595-0.11472301j],[0.26026499-0.63450712j,-0.56616638+0.37832564j,-0.14988651+0.08458591j,0.10363514-0.16008501j],[-0.32580188-0.11070003j,-0.36476308-0.23593218j,0.02559343+0.41761608j,-0.25598305+0.6725303j],[0.07406738-0.0126433j,0.28513701+0.19483972j,-0.74939717-0.10299659j,0.29798249+0.46269921j]]", "databatch_0": {"databatch": "[[[-0.28604775+0.05366445j,0.08347066-0.12062127j,-0.17962117+0.18971649j,0.28679751+0.04425749j],[-0.21966528+0.38703982j,-0.05848338-0.21654165j,0.04427476+0.39703389j,0.33476697-0.29126304j],[0.16507617-0.02211605j,-0.0513085+0.06643749j,0.10832281-0.10304958j,-0.16257696-0.03386719j],[0.1186124-0.053574j,-0.02350962+0.06123944j,0.05797882-0.10143185j,-0.12929584+0.01110588j]],[[-0.08743311-0.10669002j,-0.35090993-0.00787388j,-0.08023911-0.01943367j,-0.07050058+0.05487746j],[0.15501397+0.04392438j,0.34163819-0.2266341j,0.08988668-0.03491891j,0.03095928-0.09965475j],[0.25452536+0.00653973j,0.43428543-0.48076713j,0.12393958-0.08866222j,0.00837057-0.16469398j],[-0.07487098-0.07586981j,-0.27057167+0.01892079j,-0.06312417-0.00924163j,-0.05034094+0.04724457j]]]", "initial param values": "[0.42451732,3.01861903,3.09514902,2.60423388,2.86178795,1.29926466]", "nelder_mead": {"type": "gradient-free", "0": {"maxiter": 100, "fatol": 1e-05, "xatol": 1e-05, "duration": 0.06568598747253418, "fun": "0.1772777412618528", "nit": "100", "nfev": "153", "status": "2", "success": "False", "message": "Maximum number of iterations has been exceeded.", "x": "[0.05867224 4.16795241 2.97600468 4.12832348 0.36252197 1.73921302]", "final_simplex": "(array([[5.86722376e-02, 4.16795241e+00, 2.97600468e+00, 4.12832348e+00,\n        3.62521967e-01, 1.73921302e+00],\n       [1.89115213e-02, 4.26338559e+00, 3.02750159e+00, 4.39876828e+00,\n        3.45376647e-01, 1.64114222e+00],\n       [3.40235877e-02, 4.16386635e+00, 2.89140785e+00, 4.35172448e+00,\n        5.34536899e-01, 1.69815194e+00],\n       [2.50060202e-03, 4.21599597e+00, 2.90079330e+00, 4.40853116e+00,\n        3.81422280e-01, 1.76828757e+00],\n       [1.02364673e-01, 4.10541228e+00, 3.14164802e+00, 4.12053387e+00,\n        3.10538882e-01, 1.63658695e+00],\n       [6.63209752e-02, 4.15726409e+00, 2.90998666e+00, 4.24796555e+00,\n        3.09594168e-01, 1.73601196e+00],\n       [1.07916377e-01, 4.23899714e+00, 2.85378106e+00, 4.27024999e+00,\n        4.14051824e-01, 1.60771222e+00]]), array([0.17727774, 0.18079061, 0.1816756 , 0.18184198, 0.18238452,\n       0.18780908, 0.18853635]))", "callback": [0.9295132334329539, 0.6844261830234102, 0.35241430409782903, 0.31370537803339216, 0.2435507138698325, 0.23129169079624523, 0.21981610923062633, 0.2105964367644786, 0.20347978318541093, 0.1878090766244922]}, "1": {"maxiter": 100, "fatol": 1e-05, "xatol": 1e-10, "duration": 0.05140805244445801, "fun": "0.1772777412618528", "nit": "100", "nfev": "153", "status": "2", "success": "False", "message": "Maximum number of iterations has been exceeded.", "x": "[0.05867224 4.16795241 2.97600468 4.12832348 0.36252197 1.73921302]", "final_simplex": "(array([[5.86722376e-02, 4.16795241e+00, 2.97600468e+00, 4.12832348e+00,\n        3.62521967e-01, 1.73921302e+00],\n       [1.89115213e-02, 4.26338559e+00, 3.02750159e+00, 4.39876828e+00,\n        3.45376647e-01, 1.64114222e+00],\n       [3.40235877e-02, 4.16386635e+00, 2.89140785e+00, 4.35172448e+00,\n        5.34536899e-01, 1.69815194e+00],\n       [2.50060202e-03, 4.21599597e+00, 2.90079330e+00, 4.40853116e+00,\n        3.81422280e-01, 1.76828757e+00],\n       [1.02364673e-01, 4.10541228e+00, 3.14164802e+00, 4.12053387e+00,\n        3.10538882e-01, 1.63658695e+00],\n       [6.63209752e-02, 4.15726409e+00, 2.90998666e+00, 4.24796555e+00,\n        3.09594168e-01, 1.73601196e+00],\n       [1.07916377e-01, 4.23899714e+00, 2.85378106e+00, 4.27024999e+00,\n        4.14051824e-01, 1.60771222e+00]]), array([0.17727774, 0.18079061, 0.1816756 , 0.18184198, 0.18238452,\n       0.18780908, 0.18853635]))", "callback": [0.9295132334329539, 0.6844261830234102, 0.35241430409782903, 0.31370537803339216, 0.2435507138698325, 0.23129169079624523, 0.21981610923062633, 0.2105964367644786, 0.20347978318541093, 0.1878090766244922]}, "2": {"maxiter": 100, "fatol": 1e-10, "xatol": 1e-05, "duration": 0.05148482322692871, "fun": "0.1772777412618528", "nit": "100", "nfev": "153", "status": "2", "success": "False", "message": "Maximum number of iterations has been exceeded.", "x": "[0.05867224 4.16795241 2.97600468 4.12832348 0.36252197 1.73921302]", "final_simplex": "(array([[5.86722376e-02, 4.16795241e+00, 2.97600468e+00, 4.12832348e+00,\n        3.62521967e-01, 1.73921302e+00],\n       [1.89115213e-02, 4.26338559e+00, 3.02750159e+00, 4.39876828e+00,\n        3.45376647e-01, 1.64114222e+00],\n       [3.40235877e-02, 4.16386635e+00, 2.89140785e+00, 4.35172448e+00,\n        5.34536899e-01, 1.69815194e+00],\n       [2.50060202e-03, 4.21599597e+00, 2.90079330e+00, 4.40853116e+00,\n        3.81422280e-01, 1.76828757e+00],\n       [1.02364673e-01, 4.10541228e+00, 3.14164802e+00, 4.12053387e+00,\n        3.10538882e-01, 1.63658695e+00],\n       [6.63209752e-02, 4.15726409e+00, 2.90998666e+00, 4.24796555e+00,\n        3.09594168e-01, 1.73601196e+00],\n       [1.07916377e-01, 4.23899714e+00, 2.85378106e+00, 4.27024999e+00,\n        4.14051824e-01, 1.60771222e+00]]), array([0.17727774, 0.18079061, 0.1816756 , 0.18184198, 0.18238452,\n       0.18780908, 0.18853635]))", "callback": [0.9295132334329539, 0.6844261830234102, 0.35241430409782903, 0.31370537803339216, 0.2435507138698325, 0.23129169079624523, 0.21981610923062633, 0.2105964367644786, 0.20347978318541093, 0.1878090766244922]}, "3": {"maxiter": 100, "fatol": 1e-10, "xatol": 1e-10, "duration": 0.05157804489135742, "fun": "0.1772777412618528", "nit": "100", "nfev": "153", "status": "2", "success": "False", "message": "Maximum number of iterations has been exceeded.", "x": "[0.05867224 4.16795241 2.97600468 4.12832348 0.36252197 1.73921302]", "final_simplex": "(array([[5.86722376e-02, 4.16795241e+00, 2.97600468e+00, 4.12832348e+00,\n        3.62521967e-01, 1.73921302e+00],\n       [1.89115213e-02, 4.26338559e+00, 3.02750159e+00, 4.39876828e+00,\n        3.45376647e-01, 1.64114222e+00],\n       [3.40235877e-02, 4.16386635e+00, 2.89140785e+00, 4.35172448e+00,\n        5.34536899e-01, 1.69815194e+00],\n       [2.50060202e-03, 4.21599597e+00, 2.90079330e+00, 4.40853116e+00,\n        3.81422280e-01, 1.76828757e+00],\n       [1.02364673e-01, 4.10541228e+00, 3.14164802e+00, 4.12053387e+00,\n        3.10538882e-01, 1.63658695e+00],\n       [6.63209752e-02, 4.15726409e+00, 2.90998666e+00, 4.24796555e+00,\n        3.09594168e-01, 1.73601196e+00],\n       [1.07916377e-01, 4.23899714e+00, 2.85378106e+00, 4.27024999e+00,\n        4.14051824e-01, 1.60771222e+00]]), array([0.17727774, 0.18079061, 0.1816756 , 0.18184198, 0.18238452,\n       0.18780908, 0.18853635]))", "callback": [0.9295132334329539, 0.6844261830234102, 0.35241430409782903, 0.31370537803339216, 0.2435507138698325, 0.23129169079624523, 0.21981610923062633, 0.2105964367644786, 0.20347978318541093, 0.1878090766244922]}, "4": {"maxiter": 500, "fatol": 1e-05, "xatol": 1e-05, "duration": 0.24573493003845215, "fun": "0.13241486852334572", "nit": "500", "nfev": "766", "status": "2", "success": "False", "message": "Maximum number of iterations has been exceeded.", "x": "[0.29628611 4.88089138 2.60435681 4.34062275 0.75169035 2.19174335]", "final_simplex": "(array([[0.29628611, 4.88089138, 2.60435681, 4.34062275, 0.75169035,\n        2.19174335],\n       [0.2968466 , 4.88285094, 2.60149762, 4.34027298, 0.75171883,\n        2.19163799],\n       [0.29667556, 4.88324968, 2.60170883, 4.34016197, 0.75145237,\n        2.19115025],\n       [0.29682403, 4.8796197 , 2.60485974, 4.34062194, 0.75087995,\n        2.19118433],\n       [0.29732257, 4.88343699, 2.60037604, 4.33870234, 0.75137307,\n        2.19180442],\n       [0.29611057, 4.88149301, 2.60307636, 4.34065579, 0.75054315,\n        2.19084155],\n       [0.29739088, 4.88228716, 2.60282441, 4.34039171, 0.75094973,\n        2.19203027]]), array([0.13241487, 0.1324149 , 0.1324149 , 0.13241494, 0.13241501,\n       0.13241502, 0.13241508]))", "callback": [0.9295132334329539, 0.6844261830234102, 0.35241430409782903, 0.31370537803339216, 0.2435507138698325, 0.23129169079624523, 0.21981610923062633, 0.2105964367644786, 0.20347978318541093, 0.1878090766244922, 0.16859836996570388, 0.16450641215397743, 0.15994776154129298, 0.159816225192986, 0.15918827841473104, 0.1587036113197644, 0.15757450588514343, 0.152442998792356, 0.14276239365140075, 0.14098639586406203, 0.14053723370668703, 0.1403044192084396, 0.14018133508681307, 0.13997698653253743, 0.1399221799496746, 0.13991101922807547, 0.13989152391971893, 0.13985465674990305, 0.13974539980337586, 0.1395247595726159, 0.13890040960832972, 0.1379899790091783, 0.1374107231646361, 0.1364050972653138, 0.13493813085685447, 0.1342029460667985, 0.13386174099127213, 0.13317858407342564, 0.13298060872157236, 0.13261205222182149, 0.13248509625769445, 0.13248509625769445, 0.13245023070572615, 0.13244211035046394, 0.13243681977279964, 0.13242663850125624, 0.1324216200299032, 0.13241818609962575, 0.13241591681566078, 0.1324150051025096]}, "5": {"maxiter": 500, "fatol": 1e-05, "xatol": 1e-10, "duration": 0.2545349597930908, "fun": "0.13241486852334572", "nit": "500", "nfev": "766", "status": "2", "success": "False", "message": "Maximum number of iterations has been exceeded.", "x": "[0.29628611 4.88089138 2.60435681 4.34062275 0.75169035 2.19174335]", "final_simplex": "(array([[0.29628611, 4.88089138, 2.60435681, 4.34062275, 0.75169035,\n        2.19174335],\n       [0.2968466 , 4.88285094, 2.60149762, 4.34027298, 0.75171883,\n        2.19163799],\n       [0.29667556, 4.88324968, 2.60170883, 4.34016197, 0.75145237,\n        2.19115025],\n       [0.29682403, 4.8796197 , 2.60485974, 4.34062194, 0.75087995,\n        2.19118433],\n       [0.29732257, 4.88343699, 2.60037604, 4.33870234, 0.75137307,\n        2.19180442],\n       [0.29611057, 4.88149301, 2.60307636, 4.34065579, 0.75054315,\n        2.19084155],\n       [0.29739088, 4.88228716, 2.60282441, 4.34039171, 0.75094973,\n        2.19203027]]), array([0.13241487, 0.1324149 , 0.1324149 , 0.13241494, 0.13241501,\n       0.13241502, 0.13241508]))", "callback": [0.9295132334329539, 0.6844261830234102, 0.35241430409782903, 0.31370537803339216, 0.2435507138698325, 0.23129169079624523, 0.21981610923062633, 0.2105964367644786, 0.20347978318541093, 0.1878090766244922, 0.16859836996570388, 0.16450641215397743, 0.15994776154129298, 0.159816225192986, 0.15918827841473104, 0.1587036113197644, 0.15757450588514343, 0.152442998792356, 0.14276239365140075, 0.14098639586406203, 0.14053723370668703, 0.1403044192084396, 0.14018133508681307, 0.13997698653253743, 0.1399221799496746, 0.13991101922807547, 0.13989152391971893, 0.13985465674990305, 0.13974539980337586, 0.1395247595726159, 0.13890040960832972, 0.1379899790091783, 0.1374107231646361, 0.1364050972653138, 0.13493813085685447, 0.1342029460667985, 0.13386174099127213, 0.13317858407342564, 0.13298060872157236, 0.13261205222182149, 0.13248509625769445, 0.13248509625769445, 0.13245023070572615, 0.13244211035046394, 0.13243681977279964, 0.13242663850125624, 0.1324216200299032, 0.13241818609962575, 0.13241591681566078, 0.1324150051025096]}, "6": {"maxiter": 500, "fatol": 1e-10, "xatol": 1e-05, "duration": 0.2982370853424072, "fun": "0.13241486852334572", "nit": "500", "nfev": "766", "status": "2", "success": "False", "message": "Maximum number of iterations has been exceeded.", "x": "[0.29628611 4.88089138 2.60435681 4.34062275 0.75169035 2.19174335]", "final_simplex": "(array([[0.29628611, 4.88089138, 2.60435681, 4.34062275, 0.75169035,\n        2.19174335],\n       [0.2968466 , 4.88285094, 2.60149762, 4.34027298, 0.75171883,\n        2.19163799],\n       [0.29667556, 4.88324968, 2.60170883, 4.34016197, 0.75145237,\n        2.19115025],\n       [0.29682403, 4.8796197 , 2.60485974, 4.34062194, 0.75087995,\n        2.19118433],\n       [0.29732257, 4.88343699, 2.60037604, 4.33870234, 0.75137307,\n        2.19180442],\n       [0.29611057, 4.88149301, 2.60307636, 4.34065579, 0.75054315,\n        2.19084155],\n       [0.29739088, 4.88228716, 2.60282441, 4.34039171, 0.75094973,\n        2.19203027]]), array([0.13241487, 0.1324149 , 0.1324149 , 0.13241494, 0.13241501,\n       0.13241502, 0.13241508]))", "callback": [0.9295132334329539, 0.6844261830234102, 0.35241430409782903, 0.31370537803339216, 0.2435507138698325, 0.23129169079624523, 0.21981610923062633, 0.2105964367644786, 0.20347978318541093, 0.1878090766244922, 0.16859836996570388, 0.16450641215397743, 0.15994776154129298, 0.159816225192986, 0.15918827841473104, 0.1587036113197644, 0.15757450588514343, 0.152442998792356, 0.14276239365140075, 0.14098639586406203, 0.14053723370668703, 0.1403044192084396, 0.14018133508681307, 0.13997698653253743, 0.1399221799496746, 0.13991101922807547, 0.13989152391971893, 0.13985465674990305, 0.13974539980337586, 0.1395247595726159, 0.13890040960832972, 0.1379899790091783, 0.1374107231646361, 0.1364050972653138, 0.13493813085685447, 0.1342029460667985, 0.13386174099127213, 0.13317858407342564, 0.13298060872157236, 0.13261205222182149, 0.13248509625769445, 0.13248509625769445, 0.13245023070572615, 0.13244211035046394, 0.13243681977279964, 0.13242663850125624, 0.1324216200299032, 0.13241818609962575, 0.13241591681566078, 0.1324150051025096]}, "7": {"maxiter": 500, "fatol": 1e-10, "xatol": 1e-10, "duration": 0.28179097175598145, "fun": "0.13241486852334572", "nit": "500", "nfev": "766", "status": "2", "success": "False", "message": "Maximum number of iterations has been exceeded.", "x": "[0.29628611 4.88089138 2.60435681 4.34062275 0.75169035 2.19174335]", "final_simplex": "(array([[0.29628611, 4.88089138, 2.60435681, 4.34062275, 0.75169035,\n        2.19174335],\n       [0.2968466 , 4.88285094, 2.60149762, 4.34027298, 0.75171883,\n        2.19163799],\n       [0.29667556, 4.88324968, 2.60170883, 4.34016197, 0.75145237,\n        2.19115025],\n       [0.29682403, 4.8796197 , 2.60485974, 4.34062194, 0.75087995,\n        2.19118433],\n       [0.29732257, 4.88343699, 2.60037604, 4.33870234, 0.75137307,\n        2.19180442],\n       [0.29611057, 4.88149301, 2.60307636, 4.34065579, 0.75054315,\n        2.19084155],\n       [0.29739088, 4.88228716, 2.60282441, 4.34039171, 0.75094973,\n        2.19203027]]), array([0.13241487, 0.1324149 , 0.1324149 , 0.13241494, 0.13241501,\n       0.13241502, 0.13241508]))", "callback": [0.9295132334329539, 0.6844261830234102, 0.35241430409782903, 0.31370537803339216, 0.2435507138698325, 0.23129169079624523, 0.21981610923062633, 0.2105964367644786, 0.20347978318541093, 0.1878090766244922, 0.16859836996570388, 0.16450641215397743, 0.15994776154129298, 0.159816225192986, 0.15918827841473104, 0.1587036113197644, 0.15757450588514343, 0.152442998792356, 0.14276239365140075, 0.14098639586406203, 0.14053723370668703, 0.1403044192084396, 0.14018133508681307, 0.13997698653253743, 0.1399221799496746, 0.13991101922807547, 0.13989152391971893, 0.13985465674990305, 0.13974539980337586, 0.1395247595726159, 0.13890040960832972, 0.1379899790091783, 0.1374107231646361, 0.1364050972653138, 0.13493813085685447, 0.1342029460667985, 0.13386174099127213, 0.13317858407342564, 0.13298060872157236, 0.13261205222182149, 0.13248509625769445, 0.13248509625769445, 0.13245023070572615, 0.13244211035046394, 0.13243681977279964, 0.13242663850125624, 0.1324216200299032, 0.13241818609962575, 0.13241591681566078, 0.1324150051025096]}, "8": {"maxiter": 1000, "fatol": 1e-05, "xatol": 1e-05, "duration": 0.31484293937683105, "fun": "0.13241477164712012", "nit": "596", "nfev": "921", "status": "0", "success": "True", "message": "Optimization terminated successfully.", "x": "[0.29637729 4.87990058 2.60476435 4.34005075 0.7516676  2.19144174]", "final_simplex": "(array([[0.29637729, 4.87990058, 2.60476435, 4.34005075, 0.7516676 ,\n        2.19144174],\n       [0.29637581, 4.87990097, 2.60476511, 4.34005186, 0.75166661,\n        2.19144084],\n       [0.29637591, 4.87990107, 2.6047644 , 4.34005329, 0.75166901,\n        2.19144215],\n       [0.29637742, 4.87990323, 2.60475988, 4.34005162, 0.75166719,\n        2.19144244],\n       [0.29637623, 4.87989325, 2.60477116, 4.3400537 , 0.75166681,\n        2.19144112],\n       [0.29637863, 4.87990598, 2.60475988, 4.34005212, 0.75166672,\n        2.19144114],\n       [0.29637508, 4.87990179, 2.60476145, 4.34005292, 0.75166708,\n        2.19143949]]), array([0.13241477, 0.13241477, 0.13241477, 0.13241477, 0.13241477,\n       0.13241477, 0.13241477]))", "callback": [0.9295132334329539, 0.6844261830234102, 0.35241430409782903, 0.31370537803339216, 0.2435507138698325, 0.23129169079624523, 0.21981610923062633, 0.2105964367644786, 0.20347978318541093, 0.1878090766244922, 0.16859836996570388, 0.16450641215397743, 0.15994776154129298, 0.159816225192986, 0.15918827841473104, 0.1587036113197644, 0.15757450588514343, 0.152442998792356, 0.14276239365140075, 0.14098639586406203, 0.14053723370668703, 0.1403044192084396, 0.14018133508681307, 0.13997698653253743, 0.1399221799496746, 0.13991101922807547, 0.13989152391971893, 0.13985465674990305, 0.13974539980337586, 0.1395247595726159, 0.13890040960832972, 0.1379899790091783, 0.1374107231646361, 0.1364050972653138, 0.13493813085685447, 0.1342029460667985, 0.13386174099127213, 0.13317858407342564, 0.13298060872157236, 0.13261205222182149, 0.13248509625769445, 0.13248509625769445, 0.13245023070572615, 0.13244211035046394, 0.13243681977279964, 0.13242663850125624, 0.1324216200299032, 0.13241818609962575, 0.13241591681566078, 0.1324150051025096, 0.13241486852334572, 0.13241477928010448, 0.13241477928010448, 0.13241477263963453, 0.1324147718463915, 0.1324147716695362, 0.13241477166150195, 0.132414771654227, 0.13241477164991655, 0.13241477164725013]}, "9": {"maxiter": 1000, "fatol": 1e-05, "xatol": 1e-10, "duration": 0.3554270267486572, "fun": "0.1324147716468892", "nit": "693", "nfev": "1138", "status": "0", "success": "True", "message": "Optimization terminated successfully.", "x": "[0.29637643 4.87990087 2.60476421 4.34005208 0.75166734 2.19144149]", "final_simplex": "(array([[0.29637643, 4.87990087, 2.60476421, 4.34005208, 0.75166734,\n        2.19144149],\n       [0.29637643, 4.87990087, 2.60476421, 4.34005208, 0.75166734,\n        2.19144149],\n       [0.29637643, 4.87990087, 2.60476421, 4.34005208, 0.75166734,\n        2.19144149],\n       [0.29637643, 4.87990087, 2.60476421, 4.34005208, 0.75166734,\n        2.19144149],\n       [0.29637643, 4.87990087, 2.60476421, 4.34005208, 0.75166734,\n        2.19144149],\n       [0.29637643, 4.87990087, 2.60476421, 4.34005208, 0.75166734,\n        2.19144149],\n       [0.29637643, 4.87990087, 2.60476421, 4.34005208, 0.75166734,\n        2.19144149]]), array([0.13241477, 0.13241477, 0.13241477, 0.13241477, 0.13241477,\n       0.13241477, 0.13241477]))", "callback": [0.9295132334329539, 0.6844261830234102, 0.35241430409782903, 0.31370537803339216, 0.2435507138698325, 0.23129169079624523, 0.21981610923062633, 0.2105964367644786, 0.20347978318541093, 0.1878090766244922, 0.16859836996570388, 0.16450641215397743, 0.15994776154129298, 0.159816225192986, 0.15918827841473104, 0.1587036113197644, 0.15757450588514343, 0.152442998792356, 0.14276239365140075, 0.14098639586406203, 0.14053723370668703, 0.1403044192084396, 0.14018133508681307, 0.13997698653253743, 0.1399221799496746, 0.13991101922807547, 0.13989152391971893, 0.13985465674990305, 0.13974539980337586, 0.1395247595726159, 0.13890040960832972, 0.1379899790091783, 0.1374107231646361, 0.1364050972653138, 0.13493813085685447, 0.1342029460667985, 0.13386174099127213, 0.13317858407342564, 0.13298060872157236, 0.13261205222182149, 0.13248509625769445, 0.13248509625769445, 0.13245023070572615, 0.13244211035046394, 0.13243681977279964, 0.13242663850125624, 0.1324216200299032, 0.13241818609962575, 0.13241591681566078, 0.1324150051025096, 0.13241486852334572, 0.13241477928010448, 0.13241477928010448, 0.13241477263963453, 0.1324147718463915, 0.1324147716695362, 0.13241477166150195, 0.132414771654227, 0.13241477164991655, 0.13241477164725013, 0.13241477164694204, 0.13241477164690918, 0.13241477164689597, 0.1324147716468902, 0.13241477164688975, 0.13241477164688942, 0.13241477164688942, 0.1324147716468892, 0.1324147716468892, 0.1324147716468892]}, "10": {"maxiter": 1000, "fatol": 1e-10, "xatol": 1e-05, "duration": 0.30544209480285645, "fun": "0.13241477164712012", "nit": "596", "nfev": "921", "status": "0", "success": "True", "message": "Optimization terminated successfully.", "x": "[0.29637729 4.87990058 2.60476435 4.34005075 0.7516676  2.19144174]", "final_simplex": "(array([[0.29637729, 4.87990058, 2.60476435, 4.34005075, 0.7516676 ,\n        2.19144174],\n       [0.29637581, 4.87990097, 2.60476511, 4.34005186, 0.75166661,\n        2.19144084],\n       [0.29637591, 4.87990107, 2.6047644 , 4.34005329, 0.75166901,\n        2.19144215],\n       [0.29637742, 4.87990323, 2.60475988, 4.34005162, 0.75166719,\n        2.19144244],\n       [0.29637623, 4.87989325, 2.60477116, 4.3400537 , 0.75166681,\n        2.19144112],\n       [0.29637863, 4.87990598, 2.60475988, 4.34005212, 0.75166672,\n        2.19144114],\n       [0.29637508, 4.87990179, 2.60476145, 4.34005292, 0.75166708,\n        2.19143949]]), array([0.13241477, 0.13241477, 0.13241477, 0.13241477, 0.13241477,\n       0.13241477, 0.13241477]))", "callback": [0.9295132334329539, 0.6844261830234102, 0.35241430409782903, 0.31370537803339216, 0.2435507138698325, 0.23129169079624523, 0.21981610923062633, 0.2105964367644786, 0.20347978318541093, 0.1878090766244922, 0.16859836996570388, 0.16450641215397743, 0.15994776154129298, 0.159816225192986, 0.15918827841473104, 0.1587036113197644, 0.15757450588514343, 0.152442998792356, 0.14276239365140075, 0.14098639586406203, 0.14053723370668703, 0.1403044192084396, 0.14018133508681307, 0.13997698653253743, 0.1399221799496746, 0.13991101922807547, 0.13989152391971893, 0.13985465674990305, 0.13974539980337586, 0.1395247595726159, 0.13890040960832972, 0.1379899790091783, 0.1374107231646361, 0.1364050972653138, 0.13493813085685447, 0.1342029460667985, 0.13386174099127213, 0.13317858407342564, 0.13298060872157236, 0.13261205222182149, 0.13248509625769445, 0.13248509625769445, 0.13245023070572615, 0.13244211035046394, 0.13243681977279964, 0.13242663850125624, 0.1324216200299032, 0.13241818609962575, 0.13241591681566078, 0.1324150051025096, 0.13241486852334572, 0.13241477928010448, 0.13241477928010448, 0.13241477263963453, 0.1324147718463915, 0.1324147716695362, 0.13241477166150195, 0.132414771654227, 0.13241477164991655, 0.13241477164725013]}, "11": {"maxiter": 1000, "fatol": 1e-10, "xatol": 1e-10, "duration": 0.3579890727996826, "fun": "0.1324147716468892", "nit": "693", "nfev": "1138", "status": "0", "success": "True", "message": "Optimization terminated successfully.", "x": "[0.29637643 4.87990087 2.60476421 4.34005208 0.75166734 2.19144149]", "final_simplex": "(array([[0.29637643, 4.87990087, 2.60476421, 4.34005208, 0.75166734,\n        2.19144149],\n       [0.29637643, 4.87990087, 2.60476421, 4.34005208, 0.75166734,\n        2.19144149],\n       [0.29637643, 4.87990087, 2.60476421, 4.34005208, 0.75166734,\n        2.19144149],\n       [0.29637643, 4.87990087, 2.60476421, 4.34005208, 0.75166734,\n        2.19144149],\n       [0.29637643, 4.87990087, 2.60476421, 4.34005208, 0.75166734,\n        2.19144149],\n       [0.29637643, 4.87990087, 2.60476421, 4.34005208, 0.75166734,\n        2.19144149],\n       [0.29637643, 4.87990087, 2.60476421, 4.34005208, 0.75166734,\n        2.19144149]]), array([0.13241477, 0.13241477, 0.13241477, 0.13241477, 0.13241477,\n       0.13241477, 0.13241477]))", "callback": [0.9295132334329539, 0.6844261830234102, 0.35241430409782903, 0.31370537803339216, 0.2435507138698325, 0.23129169079624523, 0.21981610923062633, 0.2105964367644786, 0.20347978318541093, 0.1878090766244922, 0.16859836996570388, 0.16450641215397743, 0.15994776154129298, 0.159816225192986, 0.15918827841473104, 0.1587036113197644, 0.15757450588514343, 0.152442998792356, 0.14276239365140075, 0.14098639586406203, 0.14053723370668703, 0.1403044192084396, 0.14018133508681307, 0.13997698653253743, 0.1399221799496746, 0.13991101922807547, 0.13989152391971893, 0.13985465674990305, 0.13974539980337586, 0.1395247595726159, 0.13890040960832972, 0.1379899790091783, 0.1374107231646361, 0.1364050972653138, 0.13493813085685447, 0.1342029460667985, 0.13386174099127213, 0.13317858407342564, 0.13298060872157236, 0.13261205222182149, 0.13248509625769445, 0.13248509625769445, 0.13245023070572615, 0.13244211035046394, 0.13243681977279964, 0.13242663850125624, 0.1324216200299032, 0.13241818609962575, 0.13241591681566078, 0.1324150051025096, 0.13241486852334572, 0.13241477928010448, 0.13241477928010448, 0.13241477263963453, 0.1324147718463915, 0.1324147716695362, 0.13241477166150195, 0.132414771654227, 0.13241477164991655, 0.13241477164725013, 0.13241477164694204, 0.13241477164690918, 0.13241477164689597, 0.1324147716468902, 0.13241477164688975, 0.13241477164688942, 0.13241477164688942, 0.1324147716468892, 0.1324147716468892, 0.1324147716468892]}}, "bfgs": {"type": "gradient", "0": {"maxiter": 100, "gtol": 1e-05, "xrtol": 1e-05, "eps": 1e-05, "duration": 0.07665777206420898, "fun": "0.13241477168710103", "jac": "[ 1.41908707e-07  4.62041516e-07  5.85487214e-07  1.46627155e-07\n  3.40727446e-08 -2.61268784e-07]", "hess_inv": "[[ 5.28649560e+00  7.85290313e+00 -8.53062952e+00 -2.07559978e+00\n  -2.17559151e-02  2.02697685e+00]\n [ 7.85290313e+00  5.72677690e+01 -5.97180737e+01 -5.07951423e+00\n  -1.23746021e+00 -9.16196932e-01]\n [-8.53062952e+00 -5.97180737e+01  6.60048049e+01  7.04611631e+00\n   1.50221865e+00  1.43653342e+00]\n [-2.07559978e+00 -5.07951423e+00  7.04611631e+00  6.98328773e+00\n  -2.99756185e-01 -1.17713887e+00]\n [-2.17559151e-02 -1.23746021e+00  1.50221865e+00 -2.99756185e-01\n   3.51202180e+00  1.60645454e+00]\n [ 2.02697685e+00 -9.16196932e-01  1.43653342e+00 -1.17713887e+00\n   1.60645454e+00  4.29702157e+00]]", "nfev": "245", "njev": "35", "status": "0", "success": "True", "message": "Optimization terminated successfully.", "x": "[0.29636479 4.87988678 2.60477283 4.34005226 0.75165784 2.1914261 ]", "nit": "28", "callback": [0.6157809826746202, 0.6031364237260832, 0.27227547705935606, 0.23324069787047708, 0.18651713548944382, 0.1608175625504482, 0.14987105935341405, 0.14451556511260977, 0.13863194369550313, 0.138195753806315, 0.13807916622506733, 0.13802207209126238, 0.1379187599006162, 0.13774524536419963, 0.13750736132272967, 0.13732425798229153, 0.13699720902399792, 0.13640265837421917, 0.1353380886086153, 0.1337520092743265, 0.13317211718989308, 0.13270743132625107, 0.1325066363923426, 0.13242650176576976, 0.13241747337859744, 0.13241482284950956, 0.13241477235821386, 0.13241477168710103]}, "1": {"maxiter": 100, "gtol": 1e-05, "xrtol": 1e-05, "eps": 1e-10, "duration": 0.08149504661560059, "fun": "0.13241477191097084", "jac": "[-6.66133760e-06 -3.33066880e-06 -2.22044587e-06 -2.22044587e-06\n -3.33066880e-06 -4.44089173e-06]", "hess_inv": "[[ 5.52750330e+00  8.45691423e+00 -9.09095493e+00 -2.14968302e+00\n  -5.19058458e-02  2.22860138e+00]\n [ 8.45691423e+00  5.69946577e+01 -5.91306648e+01 -5.25732493e+00\n  -1.32585413e+00  5.46398907e-02]\n [-9.09095493e+00 -5.91306648e+01  6.50900135e+01  7.21004709e+00\n   1.57960353e+00  4.46730785e-01]\n [-2.14968302e+00 -5.25732493e+00  7.21004709e+00  7.01692584e+00\n  -2.95765750e-01 -1.25278978e+00]\n [-5.19058458e-02 -1.32585413e+00  1.57960353e+00 -2.95765750e-01\n   3.51168791e+00  1.58096253e+00]\n [ 2.22860138e+00  5.46398907e-02  4.46730785e-01 -1.25278978e+00\n   1.58096253e+00  4.35163871e+00]]", "nfev": "245", "njev": "35", "status": "0", "success": "True", "message": "Optimization terminated successfully.", "x": "[0.29634197 4.87973175 2.60493713 4.34006513 0.75166749 2.1914304 ]", "nit": "28", "callback": [0.6157782333119579, 0.6031334931830056, 0.2722734781204128, 0.23324302340534553, 0.18651312415441168, 0.1608142616989321, 0.14987147287710711, 0.14451479319051552, 0.1386317850277884, 0.13819580631455453, 0.13807927071717352, 0.1380221597421749, 0.13791881909142112, 0.13774526738636483, 0.137507175780464, 0.1373239627082541, 0.13699699895310735, 0.13640270302819602, 0.13533845930770783, 0.13375316013460237, 0.13316974564575246, 0.13270595065469493, 0.13250529722968474, 0.13242639886319707, 0.13241746270273735, 0.13241482252149472, 0.13241477255716072, 0.13241477191097084]}, "2": {"maxiter": 100, "gtol": 1e-05, "xrtol": 1e-10, "eps": 1e-05, "duration": 0.07344484329223633, "fun": "0.13241477168710103", "jac": "[ 1.41908707e-07  4.62041516e-07  5.85487214e-07  1.46627155e-07\n  3.40727446e-08 -2.61268784e-07]", "hess_inv": "[[ 5.28649560e+00  7.85290313e+00 -8.53062952e+00 -2.07559978e+00\n  -2.17559151e-02  2.02697685e+00]\n [ 7.85290313e+00  5.72677690e+01 -5.97180737e+01 -5.07951423e+00\n  -1.23746021e+00 -9.16196932e-01]\n [-8.53062952e+00 -5.97180737e+01  6.60048049e+01  7.04611631e+00\n   1.50221865e+00  1.43653342e+00]\n [-2.07559978e+00 -5.07951423e+00  7.04611631e+00  6.98328773e+00\n  -2.99756185e-01 -1.17713887e+00]\n [-2.17559151e-02 -1.23746021e+00  1.50221865e+00 -2.99756185e-01\n   3.51202180e+00  1.60645454e+00]\n [ 2.02697685e+00 -9.16196932e-01  1.43653342e+00 -1.17713887e+00\n   1.60645454e+00  4.29702157e+00]]", "nfev": "245", "njev": "35", "status": "0", "success": "True", "message": "Optimization terminated successfully.", "x": "[0.29636479 4.87988678 2.60477283 4.34005226 0.75165784 2.1914261 ]", "nit": "28", "callback": [0.6157809826746202, 0.6031364237260832, 0.27227547705935606, 0.23324069787047708, 0.18651713548944382, 0.1608175625504482, 0.14987105935341405, 0.14451556511260977, 0.13863194369550313, 0.138195753806315, 0.13807916622506733, 0.13802207209126238, 0.1379187599006162, 0.13774524536419963, 0.13750736132272967, 0.13732425798229153, 0.13699720902399792, 0.13640265837421917, 0.1353380886086153, 0.1337520092743265, 0.13317211718989308, 0.13270743132625107, 0.1325066363923426, 0.13242650176576976, 0.13241747337859744, 0.13241482284950956, 0.13241477235821386, 0.13241477168710103]}, "3": {"maxiter": 100, "gtol": 1e-05, "xrtol": 1e-10, "eps": 1e-10, "duration": 0.07359790802001953, "fun": "0.13241477191097084", "jac": "[-6.66133760e-06 -3.33066880e-06 -2.22044587e-06 -2.22044587e-06\n -3.33066880e-06 -4.44089173e-06]", "hess_inv": "[[ 5.52750330e+00  8.45691423e+00 -9.09095493e+00 -2.14968302e+00\n  -5.19058458e-02  2.22860138e+00]\n [ 8.45691423e+00  5.69946577e+01 -5.91306648e+01 -5.25732493e+00\n  -1.32585413e+00  5.46398907e-02]\n [-9.09095493e+00 -5.91306648e+01  6.50900135e+01  7.21004709e+00\n   1.57960353e+00  4.46730785e-01]\n [-2.14968302e+00 -5.25732493e+00  7.21004709e+00  7.01692584e+00\n  -2.95765750e-01 -1.25278978e+00]\n [-5.19058458e-02 -1.32585413e+00  1.57960353e+00 -2.95765750e-01\n   3.51168791e+00  1.58096253e+00]\n [ 2.22860138e+00  5.46398907e-02  4.46730785e-01 -1.25278978e+00\n   1.58096253e+00  4.35163871e+00]]", "nfev": "245", "njev": "35", "status": "0", "success": "True", "message": "Optimization terminated successfully.", "x": "[0.29634197 4.87973175 2.60493713 4.34006513 0.75166749 2.1914304 ]", "nit": "28", "callback": [0.6157782333119579, 0.6031334931830056, 0.2722734781204128, 0.23324302340534553, 0.18651312415441168, 0.1608142616989321, 0.14987147287710711, 0.14451479319051552, 0.1386317850277884, 0.13819580631455453, 0.13807927071717352, 0.1380221597421749, 0.13791881909142112, 0.13774526738636483, 0.137507175780464, 0.1373239627082541, 0.13699699895310735, 0.13640270302819602, 0.13533845930770783, 0.13375316013460237, 0.13316974564575246, 0.13270595065469493, 0.13250529722968474, 0.13242639886319707, 0.13241746270273735, 0.13241482252149472, 0.13241477255716072, 0.13241477191097084]}, "4": {"maxiter": 100, "gtol": 1e-10, "xrtol": 1e-05, "eps": 1e-05, "duration": 0.14841794967651367, "fun": "0.13241477168710103", "jac": "[ 1.41908707e-07  4.62041516e-07  5.85487214e-07  1.46627155e-07\n  3.40727446e-08 -2.61268784e-07]", "hess_inv": "[[ 5.26345414e+00  7.86142687e+00 -8.57926207e+00 -2.08355666e+00\n  -2.23631658e-02  1.96825002e+00]\n [ 7.86142687e+00  5.78384955e+01 -6.06220006e+01 -5.30047357e+00\n  -1.23716188e+00 -1.10862954e+00]\n [-8.57926207e+00 -6.06220006e+01  6.73831865e+01  7.38901412e+00\n   1.50081857e+00  1.65661786e+00]\n [-2.08355666e+00 -5.30047357e+00  7.38901412e+00  7.06789712e+00\n  -2.99994636e-01 -1.11386403e+00]\n [-2.23631658e-02 -1.23716188e+00  1.50081857e+00 -2.99994636e-01\n   3.51200580e+00  1.60487931e+00]\n [ 1.96825002e+00 -1.10862954e+00  1.65661786e+00 -1.11386403e+00\n   1.60487931e+00  4.22725997e+00]]", "nfev": "450", "njev": "63", "status": "2", "success": "False", "message": "Desired error not necessarily achieved due to precision loss.", "x": "[0.29636479 4.87988678 2.60477283 4.34005226 0.75165784 2.1914261 ]", "nit": "28", "callback": [0.6157809826746202, 0.6031364237260832, 0.27227547705935606, 0.23324069787047708, 0.18651713548944382, 0.1608175625504482, 0.14987105935341405, 0.14451556511260977, 0.13863194369550313, 0.138195753806315, 0.13807916622506733, 0.13802207209126238, 0.1379187599006162, 0.13774524536419963, 0.13750736132272967, 0.13732425798229153, 0.13699720902399792, 0.13640265837421917, 0.1353380886086153, 0.1337520092743265, 0.13317211718989308, 0.13270743132625107, 0.1325066363923426, 0.13242650176576976, 0.13241747337859744, 0.13241482284950956, 0.13241477235821386, 0.13241477168710103]}, "5": {"maxiter": 100, "gtol": 1e-10, "xrtol": 1e-05, "eps": 1e-10, "duration": 0.09337186813354492, "fun": "0.13241477165786097", "jac": "[ 3.33066880e-06 -1.11022293e-06  0.00000000e+00 -2.22044587e-06\n -1.11022293e-06 -3.33066880e-06]", "hess_inv": "[[ 4.99930319e+00  1.05915123e+01 -1.21426698e+01 -2.82050307e+00\n  -8.17882289e-01  9.29618894e-01]\n [ 1.05915123e+01  5.26473204e+01 -5.56226256e+01 -6.64217502e+00\n  -2.85804084e+00 -2.29266057e+00]\n [-1.21426698e+01 -5.56226256e+01  6.25368104e+01  8.88791738e+00\n   2.77903509e+00  2.46290418e+00]\n [-2.82050307e+00 -6.64217502e+00  8.88791738e+00  6.22400082e+00\n   1.29451925e+00  2.53483302e-02]\n [-8.17882289e-01 -2.85804084e+00  2.77903509e+00  1.29451925e+00\n   1.98017105e+00 -1.21392968e-01]\n [ 9.29618894e-01 -2.29266057e+00  2.46290418e+00  2.53483302e-02\n  -1.21392968e-01  2.35385797e+00]]", "nfev": "294", "njev": "42", "status": "0", "success": "True", "message": "Optimization terminated successfully.", "x": "[0.29638336 4.87989153 2.60477268 4.34004583 0.75166894 2.19144856]", "nit": "32", "callback": [0.6157782333119579, 0.6031334931830056, 0.2722734781204128, 0.23324302340534553, 0.18651312415441168, 0.1608142616989321, 0.14987147287710711, 0.14451479319051552, 0.1386317850277884, 0.13819580631455453, 0.13807927071717352, 0.1380221597421749, 0.13791881909142112, 0.13774526738636483, 0.137507175780464, 0.1373239627082541, 0.13699699895310735, 0.13640270302819602, 0.13533845930770783, 0.13375316013460237, 0.13316974564575246, 0.13270595065469493, 0.13250529722968474, 0.13242639886319707, 0.13241746270273735, 0.13241482252149472, 0.13241477255716072, 0.13241477191097084, 0.13241477176362837, 0.13241477167361215, 0.13241477165869608, 0.13241477165786097]}, "6": {"maxiter": 100, "gtol": 1e-10, "xrtol": 1e-10, "eps": 1e-05, "duration": 0.1464672088623047, "fun": "0.13241477168710103", "jac": "[ 1.41908707e-07  4.62041516e-07  5.85487214e-07  1.46627155e-07\n  3.40727446e-08 -2.61268784e-07]", "hess_inv": "[[ 5.26345414e+00  7.86142687e+00 -8.57926207e+00 -2.08355666e+00\n  -2.23631658e-02  1.96825002e+00]\n [ 7.86142687e+00  5.78384955e+01 -6.06220006e+01 -5.30047357e+00\n  -1.23716188e+00 -1.10862954e+00]\n [-8.57926207e+00 -6.06220006e+01  6.73831865e+01  7.38901412e+00\n   1.50081857e+00  1.65661786e+00]\n [-2.08355666e+00 -5.30047357e+00  7.38901412e+00  7.06789712e+00\n  -2.99994636e-01 -1.11386403e+00]\n [-2.23631658e-02 -1.23716188e+00  1.50081857e+00 -2.99994636e-01\n   3.51200580e+00  1.60487931e+00]\n [ 1.96825002e+00 -1.10862954e+00  1.65661786e+00 -1.11386403e+00\n   1.60487931e+00  4.22725997e+00]]", "nfev": "450", "njev": "63", "status": "2", "success": "False", "message": "Desired error not necessarily achieved due to precision loss.", "x": "[0.29636479 4.87988678 2.60477283 4.34005226 0.75165784 2.1914261 ]", "nit": "28", "callback": [0.6157809826746202, 0.6031364237260832, 0.27227547705935606, 0.23324069787047708, 0.18651713548944382, 0.1608175625504482, 0.14987105935341405, 0.14451556511260977, 0.13863194369550313, 0.138195753806315, 0.13807916622506733, 0.13802207209126238, 0.1379187599006162, 0.13774524536419963, 0.13750736132272967, 0.13732425798229153, 0.13699720902399792, 0.13640265837421917, 0.1353380886086153, 0.1337520092743265, 0.13317211718989308, 0.13270743132625107, 0.1325066363923426, 0.13242650176576976, 0.13241747337859744, 0.13241482284950956, 0.13241477235821386, 0.13241477168710103]}, "7": {"maxiter": 100, "gtol": 1e-10, "xrtol": 1e-10, "eps": 1e-10, "duration": 0.28577280044555664, "fun": "0.13241477165661109", "jac": "[3.33066880e-06 1.11022293e-06 2.22044587e-06 1.11022293e-06\n 1.11022293e-06 2.22044587e-06]", "hess_inv": "[[ 0.00148876 -0.00213978 -0.00099686 -0.00184598  0.00103485  0.00021261]\n [-0.00213978  0.03467677  0.01607747 -0.0453469  -0.03653499 -0.00142876]\n [-0.00099686  0.01607747  0.04408113 -0.04468339 -0.07793517 -0.00080525]\n [-0.00184598 -0.0453469  -0.04468339  0.09684858  0.09094063 -0.00026286]\n [ 0.00103485 -0.03653499 -0.07793517  0.09094063  0.14136842  0.0017375 ]\n [ 0.00021261 -0.00142876 -0.00080525 -0.00026286  0.0017375   0.00061418]]", "nfev": "879", "njev": "124", "status": "2", "success": "False", "message": "Desired error not necessarily achieved due to precision loss.", "x": "[0.29638142 4.87988654 2.60477956 4.34004913 0.75167022 2.19144899]", "nit": "40", "callback": [0.6157782333119579, 0.6031334931830056, 0.2722734781204128, 0.23324302340534553, 0.18651312415441168, 0.1608142616989321, 0.14987147287710711, 0.14451479319051552, 0.1386317850277884, 0.13819580631455453, 0.13807927071717352, 0.1380221597421749, 0.13791881909142112, 0.13774526738636483, 0.137507175780464, 0.1373239627082541, 0.13699699895310735, 0.13640270302819602, 0.13533845930770783, 0.13375316013460237, 0.13316974564575246, 0.13270595065469493, 0.13250529722968474, 0.13242639886319707, 0.13241746270273735, 0.13241482252149472, 0.13241477255716072, 0.13241477191097084, 0.13241477176362837, 0.13241477167361215, 0.13241477165869608, 0.13241477165786097, 0.13241477165665816, 0.13241477165665505, 0.1324147716566525, 0.13241477165664928, 0.13241477165662352, 0.13241477165661542, 0.13241477165661142, 0.13241477165661109]}, "8": {"maxiter": 500, "gtol": 1e-05, "xrtol": 1e-05, "eps": 1e-05, "duration": 0.07918000221252441, "fun": "0.13241477168710103", "jac": "[ 1.41908707e-07  4.62041516e-07  5.85487214e-07  1.46627155e-07\n  3.40727446e-08 -2.61268784e-07]", "hess_inv": "[[ 5.28649560e+00  7.85290313e+00 -8.53062952e+00 -2.07559978e+00\n  -2.17559151e-02  2.02697685e+00]\n [ 7.85290313e+00  5.72677690e+01 -5.97180737e+01 -5.07951423e+00\n  -1.23746021e+00 -9.16196932e-01]\n [-8.53062952e+00 -5.97180737e+01  6.60048049e+01  7.04611631e+00\n   1.50221865e+00  1.43653342e+00]\n [-2.07559978e+00 -5.07951423e+00  7.04611631e+00  6.98328773e+00\n  -2.99756185e-01 -1.17713887e+00]\n [-2.17559151e-02 -1.23746021e+00  1.50221865e+00 -2.99756185e-01\n   3.51202180e+00  1.60645454e+00]\n [ 2.02697685e+00 -9.16196932e-01  1.43653342e+00 -1.17713887e+00\n   1.60645454e+00  4.2