{"date": "2024/10/08/, 17:31:55", "conf_id": 16, "data_type": "random\n", "num_data_points": 1, "s_rank": 0, "unitary": "[[-0.56303964-0.00798273j,-0.21670212-0.15784972j,-0.06047197-0.73952673j,-0.01438004+0.24552571j],[-0.06976756+0.23474685j,-0.01275565-0.5435098j,-0.02703657-0.08917885j,-0.08210486-0.79311774j],[-0.38559961+0.10714929j,0.5933431-0.2687392j,-0.24060861+0.29149289j,-0.45147719+0.26241743j],[-0.50180421+0.45931857j,-0.11617175+0.44134496j,0.49642745+0.22684508j,-0.08544628-0.15407063j]]", "databatch_0": {"databatch": "[[[-0.0614879+0.00321898j,0.04280336+0.10074511j,-0.29405908-0.0369363j,-0.17410045-0.18110969j],[0.16784124+0.22723763j,-0.33304912+0.28476402j,0.05144488-0.09289161j,-0.01366117+0.15559987j],[-0.06549786-0.07868375j,-0.03657885-0.23616318j,-0.25114759-0.18958824j,0.14527834+0.32905069j],[0.0899245-0.06833849j,-0.15307423-0.05119806j,-0.20134536-0.21892521j,-0.24932107-0.20089137j]]]", "initial param values": "[2.67252871,5.49981847,2.76880033,5.83565054,1.75527321,4.06244715]", "nelder_mead": {"type": "gradient-free", "0": {"maxiter": 100, "fatol": 1e-05, "xatol": 1e-05, "duration": 0.036566972732543945, "fun": "0.35381783582443416", "nit": "100", "nfev": "159", "status": "2", "success": "False", "message": "Maximum number of iterations has been exceeded.", "x": "[ 3.71878851  8.59401654  2.9842478   3.88711625 -0.13081474  5.12897541]", "final_simplex": "(array([[ 3.71878851,  8.59401654,  2.9842478 ,  3.88711625, -0.13081474,\n         5.12897541],\n       [ 3.93482342,  8.46174359,  2.90871555,  3.88927222, -0.20433059,\n         5.16484487],\n       [ 3.8183849 ,  8.56128576,  2.75128789,  3.94027387, -0.08123819,\n         5.27661833],\n       [ 3.74802557,  8.60537052,  2.99420548,  4.01712465, -0.23721079,\n         5.11050736],\n       [ 3.76272419,  8.53506812,  2.79364193,  4.03490108, -0.01202623,\n         5.07462113],\n       [ 3.87445442,  8.67528318,  2.94993117,  3.93237564, -0.26856301,\n         5.08522353],\n       [ 3.61045171,  8.81456771,  3.09215901,  3.95663972, -0.22224467,\n         5.08408238]]), array([0.35381784, 0.35794337, 0.35843842, 0.35923331, 0.36157765,\n       0.36222299, 0.36412222]))", "callback": [0.9213602867932883, 0.839567809280627, 0.798880536431111, 0.7481962157815134, 0.6365995857334514, 0.578832146856322, 0.45577884311692884, 0.4377022533844104, 0.3953157078043248, 0.3652896469440914]}, "1": {"maxiter": 100, "fatol": 1e-05, "xatol": 1e-10, "duration": 0.04765796661376953, "fun": "0.35381783582443416", "nit": "100", "nfev": "159", "status": "2", "success": "False", "message": "Maximum number of iterations has been exceeded.", "x": "[ 3.71878851  8.59401654  2.9842478   3.88711625 -0.13081474  5.12897541]", "final_simplex": "(array([[ 3.71878851,  8.59401654,  2.9842478 ,  3.88711625, -0.13081474,\n         5.12897541],\n       [ 3.93482342,  8.46174359,  2.90871555,  3.88927222, -0.20433059,\n         5.16484487],\n       [ 3.8183849 ,  8.56128576,  2.75128789,  3.94027387, -0.08123819,\n         5.27661833],\n       [ 3.74802557,  8.60537052,  2.99420548,  4.01712465, -0.23721079,\n         5.11050736],\n       [ 3.76272419,  8.53506812,  2.79364193,  4.03490108, -0.01202623,\n         5.07462113],\n       [ 3.87445442,  8.67528318,  2.94993117,  3.93237564, -0.26856301,\n         5.08522353],\n       [ 3.61045171,  8.81456771,  3.09215901,  3.95663972, -0.22224467,\n         5.08408238]]), array([0.35381784, 0.35794337, 0.35843842, 0.35923331, 0.36157765,\n       0.36222299, 0.36412222]))", "callback": [0.9213602867932883, 0.839567809280627, 0.798880536431111, 0.7481962157815134, 0.6365995857334514, 0.578832146856322, 0.45577884311692884, 0.4377022533844104, 0.3953157078043248, 0.3652896469440914]}, "2": {"maxiter": 100, "fatol": 1e-10, "xatol": 1e-05, "duration": 0.03144717216491699, "fun": "0.35381783582443416", "nit": "100", "nfev": "159", "status": "2", "success": "False", "message": "Maximum number of iterations has been exceeded.", "x": "[ 3.71878851  8.59401654  2.9842478   3.88711625 -0.13081474  5.12897541]", "final_simplex": "(array([[ 3.71878851,  8.59401654,  2.9842478 ,  3.88711625, -0.13081474,\n         5.12897541],\n       [ 3.93482342,  8.46174359,  2.90871555,  3.88927222, -0.20433059,\n         5.16484487],\n       [ 3.8183849 ,  8.56128576,  2.75128789,  3.94027387, -0.08123819,\n         5.27661833],\n       [ 3.74802557,  8.60537052,  2.99420548,  4.01712465, -0.23721079,\n         5.11050736],\n       [ 3.76272419,  8.53506812,  2.79364193,  4.03490108, -0.01202623,\n         5.07462113],\n       [ 3.87445442,  8.67528318,  2.94993117,  3.93237564, -0.26856301,\n         5.08522353],\n       [ 3.61045171,  8.81456771,  3.09215901,  3.95663972, -0.22224467,\n         5.08408238]]), array([0.35381784, 0.35794337, 0.35843842, 0.35923331, 0.36157765,\n       0.36222299, 0.36412222]))", "callback": [0.9213602867932883, 0.839567809280627, 0.798880536431111, 0.7481962157815134, 0.6365995857334514, 0.578832146856322, 0.45577884311692884, 0.4377022533844104, 0.3953157078043248, 0.3652896469440914]}, "3": {"maxiter": 100, "fatol": 1e-10, "xatol": 1e-10, "duration": 0.0396878719329834, "fun": "0.35381783582443416", "nit": "100", "nfev": "159", "status": "2", "success": "False", "message": "Maximum number of iterations has been exceeded.", "x": "[ 3.71878851  8.59401654  2.9842478   3.88711625 -0.13081474  5.12897541]", "final_simplex": "(array([[ 3.71878851,  8.59401654,  2.9842478 ,  3.88711625, -0.13081474,\n         5.12897541],\n       [ 3.93482342,  8.46174359,  2.90871555,  3.88927222, -0.20433059,\n         5.16484487],\n       [ 3.8183849 ,  8.56128576,  2.75128789,  3.94027387, -0.08123819,\n         5.27661833],\n       [ 3.74802557,  8.60537052,  2.99420548,  4.01712465, -0.23721079,\n         5.11050736],\n       [ 3.76272419,  8.53506812,  2.79364193,  4.03490108, -0.01202623,\n         5.07462113],\n       [ 3.87445442,  8.67528318,  2.94993117,  3.93237564, -0.26856301,\n         5.08522353],\n       [ 3.61045171,  8.81456771,  3.09215901,  3.95663972, -0.22224467,\n         5.08408238]]), array([0.35381784, 0.35794337, 0.35843842, 0.35923331, 0.36157765,\n       0.36222299, 0.36412222]))", "callback": [0.9213602867932883, 0.839567809280627, 0.798880536431111, 0.7481962157815134, 0.6365995857334514, 0.578832146856322, 0.45577884311692884, 0.4377022533844104, 0.3953157078043248, 0.3652896469440914]}, "4": {"maxiter": 500, "fatol": 1e-05, "xatol": 1e-05, "duration": 0.16739296913146973, "fun": "0.33809159801355393", "nit": "423", "nfev": "670", "status": "0", "success": "True", "message": "Optimization terminated successfully.", "x": "[ 3.73167593  7.8037105   2.17737766  4.159726   -0.21709182  5.15366524]", "final_simplex": "(array([[ 3.73167593,  7.8037105 ,  2.17737766,  4.159726  , -0.21709182,\n         5.15366524],\n       [ 3.73167595,  7.80370132,  2.17737217,  4.15972918, -0.21709475,\n         5.1536681 ],\n       [ 3.73167704,  7.8037163 ,  2.1773853 ,  4.15972644, -0.21709211,\n         5.15366685],\n       [ 3.73167645,  7.80370673,  2.17737284,  4.15972629, -0.21709441,\n         5.15366589],\n       [ 3.73167842,  7.80370332,  2.17737436,  4.1597298 , -0.21709212,\n         5.15366507],\n       [ 3.73167415,  7.80370113,  2.17736844,  4.15973376, -0.2170963 ,\n         5.15366566],\n       [ 3.73167748,  7.80371614,  2.17738755,  4.15972279, -0.21709268,\n         5.15366581]]), array([0.3380916, 0.3380916, 0.3380916, 0.3380916, 0.3380916, 0.3380916,\n       0.3380916]))", "callback": [0.9213602867932883, 0.839567809280627, 0.798880536431111, 0.7481962157815134, 0.6365995857334514, 0.578832146856322, 0.45577884311692884, 0.4377022533844104, 0.3953157078043248, 0.3652896469440914, 0.35165495599401475, 0.3515362495290053, 0.3505341689086092, 0.3502727732105846, 0.35015468725566845, 0.3500890049389003, 0.34995313321180144, 0.3497239201889102, 0.3494047039204107, 0.34858461065924584, 0.3454880002791114, 0.33975381639960855, 0.3392404941495989, 0.33871393377552883, 0.3383836697571476, 0.3382300537004088, 0.3381416201258983, 0.3381369869358838, 0.3381095186812998, 0.3380974874272663, 0.3380934075924503, 0.3380924898496688, 0.3380918062570494, 0.3380916627970856, 0.33809163543086396, 0.33809160986671327, 0.33809160077173384, 0.3380915992589417, 0.3380915982203325, 0.3380915981058078, 0.338091598033223, 0.33809159802914335, 0.33809159801453537]}, "5": {"maxiter": 500, "fatol": 1e-05, "xatol": 1e-10, "duration": 0.19451498985290527, "fun": "0.3380915979668937", "nit": "500", "nfev": "799", "status": "2", "success": "False", "message": "Maximum number of iterations has been exceeded.", "x": "[ 3.7316661   7.80370159  2.17737444  4.15972861 -0.21707673  5.153681  ]", "final_simplex": "(array([[ 3.7316661 ,  7.80370159,  2.17737444,  4.15972861, -0.21707673,\n         5.153681  ],\n       [ 3.73166601,  7.80370157,  2.17737445,  4.15972859, -0.21707672,\n         5.15368107],\n       [ 3.73166605,  7.80370152,  2.17737443,  4.15972871, -0.21707661,\n         5.15368111],\n       [ 3.73166607,  7.80370176,  2.17737461,  4.15972859, -0.21707672,\n         5.15368106],\n       [ 3.73166607,  7.80370147,  2.17737439,  4.15972867, -0.21707667,\n         5.15368111],\n       [ 3.73166604,  7.80370166,  2.17737446,  4.15972854, -0.21707664,\n         5.15368104],\n       [ 3.73166609,  7.80370178,  2.17737474,  4.15972853, -0.21707668,\n         5.15368105]]), array([0.3380916, 0.3380916, 0.3380916, 0.3380916, 0.3380916, 0.3380916,\n       0.3380916]))", "callback": [0.9213602867932883, 0.839567809280627, 0.798880536431111, 0.7481962157815134, 0.6365995857334514, 0.578832146856322, 0.45577884311692884, 0.4377022533844104, 0.3953157078043248, 0.3652896469440914, 0.35165495599401475, 0.3515362495290053, 0.3505341689086092, 0.3502727732105846, 0.35015468725566845, 0.3500890049389003, 0.34995313321180144, 0.3497239201889102, 0.3494047039204107, 0.34858461065924584, 0.3454880002791114, 0.33975381639960855, 0.3392404941495989, 0.33871393377552883, 0.3383836697571476, 0.3382300537004088, 0.3381416201258983, 0.3381369869358838, 0.3381095186812998, 0.3380974874272663, 0.3380934075924503, 0.3380924898496688, 0.3380918062570494, 0.3380916627970856, 0.33809163543086396, 0.33809160986671327, 0.33809160077173384, 0.3380915992589417, 0.3380915982203325, 0.3380915981058078, 0.338091598033223, 0.33809159802914335, 0.33809159801453537, 0.3380915980050373, 0.3380915979774666, 0.3380915979686081, 0.3380915979671092, 0.33809159796694144, 0.33809159796690813, 0.33809159796689603]}, "6": {"maxiter": 500, "fatol": 1e-10, "xatol": 1e-05, "duration": 0.15718293190002441, "fun": "0.33809159801355393", "nit": "423", "nfev": "670", "status": "0", "success": "True", "message": "Optimization terminated successfully.", "x": "[ 3.73167593  7.8037105   2.17737766  4.159726   -0.21709182  5.15366524]", "final_simplex": "(array([[ 3.73167593,  7.8037105 ,  2.17737766,  4.159726  , -0.21709182,\n         5.15366524],\n       [ 3.73167595,  7.80370132,  2.17737217,  4.15972918, -0.21709475,\n         5.1536681 ],\n       [ 3.73167704,  7.8037163 ,  2.1773853 ,  4.15972644, -0.21709211,\n         5.15366685],\n       [ 3.73167645,  7.80370673,  2.17737284,  4.15972629, -0.21709441,\n         5.15366589],\n       [ 3.73167842,  7.80370332,  2.17737436,  4.1597298 , -0.21709212,\n         5.15366507],\n       [ 3.73167415,  7.80370113,  2.17736844,  4.15973376, -0.2170963 ,\n         5.15366566],\n       [ 3.73167748,  7.80371614,  2.17738755,  4.15972279, -0.21709268,\n         5.15366581]]), array([0.3380916, 0.3380916, 0.3380916, 0.3380916, 0.3380916, 0.3380916,\n       0.3380916]))", "callback": [0.9213602867932883, 0.839567809280627, 0.798880536431111, 0.7481962157815134, 0.6365995857334514, 0.578832146856322, 0.45577884311692884, 0.4377022533844104, 0.3953157078043248, 0.3652896469440914, 0.35165495599401475, 0.3515362495290053, 0.3505341689086092, 0.3502727732105846, 0.35015468725566845, 0.3500890049389003, 0.34995313321180144, 0.3497239201889102, 0.3494047039204107, 0.34858461065924584, 0.3454880002791114, 0.33975381639960855, 0.3392404941495989, 0.33871393377552883, 0.3383836697571476, 0.3382300537004088, 0.3381416201258983, 0.3381369869358838, 0.3381095186812998, 0.3380974874272663, 0.3380934075924503, 0.3380924898496688, 0.3380918062570494, 0.3380916627970856, 0.33809163543086396, 0.33809160986671327, 0.33809160077173384, 0.3380915992589417, 0.3380915982203325, 0.3380915981058078, 0.338091598033223, 0.33809159802914335, 0.33809159801453537]}, "7": {"maxiter": 500, "fatol": 1e-10, "xatol": 1e-10, "duration": 0.20000004768371582, "fun": "0.3380915979668937", "nit": "500", "nfev": "799", "status": "2", "success": "False", "message": "Maximum number of iterations has been exceeded.", "x": "[ 3.7316661   7.80370159  2.17737444  4.15972861 -0.21707673  5.153681  ]", "final_simplex": "(array([[ 3.7316661 ,  7.80370159,  2.17737444,  4.15972861, -0.21707673,\n         5.153681  ],\n       [ 3.73166601,  7.80370157,  2.17737445,  4.15972859, -0.21707672,\n         5.15368107],\n       [ 3.73166605,  7.80370152,  2.17737443,  4.15972871, -0.21707661,\n         5.15368111],\n       [ 3.73166607,  7.80370176,  2.17737461,  4.15972859, -0.21707672,\n         5.15368106],\n       [ 3.73166607,  7.80370147,  2.17737439,  4.15972867, -0.21707667,\n         5.15368111],\n       [ 3.73166604,  7.80370166,  2.17737446,  4.15972854, -0.21707664,\n         5.15368104],\n       [ 3.73166609,  7.80370178,  2.17737474,  4.15972853, -0.21707668,\n         5.15368105]]), array([0.3380916, 0.3380916, 0.3380916, 0.3380916, 0.3380916, 0.3380916,\n       0.3380916]))", "callback": [0.9213602867932883, 0.839567809280627, 0.798880536431111, 0.7481962157815134, 0.6365995857334514, 0.578832146856322, 0.45577884311692884, 0.4377022533844104, 0.3953157078043248, 0.3652896469440914, 0.35165495599401475, 0.3515362495290053, 0.3505341689086092, 0.3502727732105846, 0.35015468725566845, 0.3500890049389003, 0.34995313321180144, 0.3497239201889102, 0.3494047039204107, 0.34858461065924584, 0.3454880002791114, 0.33975381639960855, 0.3392404941495989, 0.33871393377552883, 0.3383836697571476, 0.3382300537004088, 0.3381416201258983, 0.3381369869358838, 0.3381095186812998, 0.3380974874272663, 0.3380934075924503, 0.3380924898496688, 0.3380918062570494, 0.3380916627970856, 0.33809163543086396, 0.33809160986671327, 0.33809160077173384, 0.3380915992589417, 0.3380915982203325, 0.3380915981058078, 0.338091598033223, 0.33809159802914335, 0.33809159801453537, 0.3380915980050373, 0.3380915979774666, 0.3380915979686081, 0.3380915979671092, 0.33809159796694144, 0.33809159796690813, 0.33809159796689603]}, "8": {"maxiter": 1000, "fatol": 1e-05, "xatol": 1e-05, "duration": 0.1670539379119873, "fun": "0.33809159801355393", "nit": "423", "nfev": "670", "status": "0", "success": "True", "message": "Optimization terminated successfully.", "x": "[ 3.73167593  7.8037105   2.17737766  4.159726   -0.21709182  5.15366524]", "final_simplex": "(array([[ 3.73167593,  7.8037105 ,  2.17737766,  4.159726  , -0.21709182,\n         5.15366524],\n       [ 3.73167595,  7.80370132,  2.17737217,  4.15972918, -0.21709475,\n         5.1536681 ],\n       [ 3.73167704,  7.8037163 ,  2.1773853 ,  4.15972644, -0.21709211,\n         5.15366685],\n       [ 3.73167645,  7.80370673,  2.17737284,  4.15972629, -0.21709441,\n         5.15366589],\n       [ 3.73167842,  7.80370332,  2.17737436,  4.1597298 , -0.21709212,\n         5.15366507],\n       [ 3.73167415,  7.80370113,  2.17736844,  4.15973376, -0.2170963 ,\n         5.15366566],\n       [ 3.73167748,  7.80371614,  2.17738755,  4.15972279, -0.21709268,\n         5.15366581]]), array([0.3380916, 0.3380916, 0.3380916, 0.3380916, 0.3380916, 0.3380916,\n       0.3380916]))", "callback": [0.9213602867932883, 0.839567809280627, 0.798880536431111, 0.7481962157815134, 0.6365995857334514, 0.578832146856322, 0.45577884311692884, 0.4377022533844104, 0.3953157078043248, 0.3652896469440914, 0.35165495599401475, 0.3515362495290053, 0.3505341689086092, 0.3502727732105846, 0.35015468725566845, 0.3500890049389003, 0.34995313321180144, 0.3497239201889102, 0.3494047039204107, 0.34858461065924584, 0.3454880002791114, 0.33975381639960855, 0.3392404941495989, 0.33871393377552883, 0.3383836697571476, 0.3382300537004088, 0.3381416201258983, 0.3381369869358838, 0.3381095186812998, 0.3380974874272663, 0.3380934075924503, 0.3380924898496688, 0.3380918062570494, 0.3380916627970856, 0.33809163543086396, 0.33809160986671327, 0.33809160077173384, 0.3380915992589417, 0.3380915982203325, 0.3380915981058078, 0.338091598033223, 0.33809159802914335, 0.33809159801453537]}, "9": {"maxiter": 1000, "fatol": 1e-05, "xatol": 1e-10, "duration": 0.22803497314453125, "fun": "0.3380915979668896", "nit": "564", "nfev": "960", "status": "0", "success": "True", "message": "Optimization terminated successfully.", "x": "[ 3.73166597  7.80370172  2.17737461  4.1597286  -0.2170767   5.15368096]", "final_simplex": "(array([[ 3.73166597,  7.80370172,  2.17737461,  4.1597286 , -0.2170767 ,\n         5.15368096],\n       [ 3.73166597,  7.80370172,  2.17737461,  4.1597286 , -0.2170767 ,\n         5.15368096],\n       [ 3.73166597,  7.80370172,  2.17737461,  4.1597286 , -0.2170767 ,\n         5.15368096],\n       [ 3.73166597,  7.80370172,  2.17737461,  4.1597286 , -0.2170767 ,\n         5.15368096],\n       [ 3.73166597,  7.80370172,  2.17737461,  4.1597286 , -0.2170767 ,\n         5.15368096],\n       [ 3.73166597,  7.80370172,  2.17737461,  4.1597286 , -0.2170767 ,\n         5.15368096],\n       [ 3.73166597,  7.80370172,  2.17737461,  4.1597286 , -0.2170767 ,\n         5.15368096]]), array([0.3380916, 0.3380916, 0.3380916, 0.3380916, 0.3380916, 0.3380916,\n       0.3380916]))", "callback": [0.9213602867932883, 0.839567809280627, 0.798880536431111, 0.7481962157815134, 0.6365995857334514, 0.578832146856322, 0.45577884311692884, 0.4377022533844104, 0.3953157078043248, 0.3652896469440914, 0.35165495599401475, 0.3515362495290053, 0.3505341689086092, 0.3502727732105846, 0.35015468725566845, 0.3500890049389003, 0.34995313321180144, 0.3497239201889102, 0.3494047039204107, 0.34858461065924584, 0.3454880002791114, 0.33975381639960855, 0.3392404941495989, 0.33871393377552883, 0.3383836697571476, 0.3382300537004088, 0.3381416201258983, 0.3381369869358838, 0.3381095186812998, 0.3380974874272663, 0.3380934075924503, 0.3380924898496688, 0.3380918062570494, 0.3380916627970856, 0.33809163543086396, 0.33809160986671327, 0.33809160077173384, 0.3380915992589417, 0.3380915982203325, 0.3380915981058078, 0.338091598033223, 0.33809159802914335, 0.33809159801453537, 0.3380915980050373, 0.3380915979774666, 0.3380915979686081, 0.3380915979671092, 0.33809159796694144, 0.33809159796690813, 0.33809159796689603, 0.3380915979668937, 0.33809159796689137, 0.3380915979668909, 0.3380915979668899, 0.3380915979668897, 0.3380915979668897, 0.3380915979668896]}, "10": {"maxiter": 1000, "fatol": 1e-10, "xatol": 1e-05, "duration": 0.17378807067871094, "fun": "0.33809159801355393", "nit": "423", "nfev": "670", "status": "0", "success": "True", "message": "Optimization terminated successfully.", "x": "[ 3.73167593  7.8037105   2.17737766  4.159726   -0.21709182  5.15366524]", "final_simplex": "(array([[ 3.73167593,  7.8037105 ,  2.17737766,  4.159726  , -0.21709182,\n         5.15366524],\n       [ 3.73167595,  7.80370132,  2.17737217,  4.15972918, -0.21709475,\n         5.1536681 ],\n       [ 3.73167704,  7.8037163 ,  2.1773853 ,  4.15972644, -0.21709211,\n         5.15366685],\n       [ 3.73167645,  7.80370673,  2.17737284,  4.15972629, -0.21709441,\n         5.15366589],\n       [ 3.73167842,  7.80370332,  2.17737436,  4.1597298 , -0.21709212,\n         5.15366507],\n       [ 3.73167415,  7.80370113,  2.17736844,  4.15973376, -0.2170963 ,\n         5.15366566],\n       [ 3.73167748,  7.80371614,  2.17738755,  4.15972279, -0.21709268,\n         5.15366581]]), array([0.3380916, 0.3380916, 0.3380916, 0.3380916, 0.3380916, 0.3380916,\n       0.3380916]))", "callback": [0.9213602867932883, 0.839567809280627, 0.798880536431111, 0.7481962157815134, 0.6365995857334514, 0.578832146856322, 0.45577884311692884, 0.4377022533844104, 0.3953157078043248, 0.3652896469440914, 0.35165495599401475, 0.3515362495290053, 0.3505341689086092, 0.3502727732105846, 0.35015468725566845, 0.3500890049389003, 0.34995313321180144, 0.3497239201889102, 0.3494047039204107, 0.34858461065924584, 0.3454880002791114, 0.33975381639960855, 0.3392404941495989, 0.33871393377552883, 0.3383836697571476, 0.3382300537004088, 0.3381416201258983, 0.3381369869358838, 0.3381095186812998, 0.3380974874272663, 0.3380934075924503, 0.3380924898496688, 0.3380918062570494, 0.3380916627970856, 0.33809163543086396, 0.33809160986671327, 0.33809160077173384, 0.3380915992589417, 0.3380915982203325, 0.3380915981058078, 0.338091598033223, 0.33809159802914335, 0.33809159801453537]}, "11": {"maxiter": 1000, "fatol": 1e-10, "xatol": 1e-10, "duration": 0.2300100326538086, "fun": "0.3380915979668896", "nit": "564", "nfev": "960", "status": "0", "success": "True", "message": "Optimization terminated successfully.", "x": "[ 3.73166597  7.80370172  2.17737461  4.1597286  -0.2170767   5.15368096]", "final_simplex": "(array([[ 3.73166597,  7.80370172,  2.17737461,  4.1597286 , -0.2170767 ,\n         5.15368096],\n       [ 3.73166597,  7.80370172,  2.17737461,  4.1597286 , -0.2170767 ,\n         5.15368096],\n       [ 3.73166597,  7.80370172,  2.17737461,  4.1597286 , -0.2170767 ,\n         5.15368096],\n       [ 3.73166597,  7.80370172,  2.17737461,  4.1597286 , -0.2170767 ,\n         5.15368096],\n       [ 3.73166597,  7.80370172,  2.17737461,  4.1597286 , -0.2170767 ,\n         5.15368096],\n       [ 3.73166597,  7.80370172,  2.17737461,  4.1597286 , -0.2170767 ,\n         5.15368096],\n       [ 3.73166597,  7.80370172,  2.17737461,  4.1597286 , -0.2170767 ,\n         5.15368096]]), array([0.3380916, 0.3380916, 0.3380916, 0.3380916, 0.3380916, 0.3380916,\n       0.3380916]))", "callback": [0.9213602867932883, 0.839567809280627, 0.798880536431111, 0.7481962157815134, 0.6365995857334514, 0.578832146856322, 0.45577884311692884, 0.4377022533844104, 0.3953157078043248, 0.3652896469440914, 0.35165495599401475, 0.3515362495290053, 0.3505341689086092, 0.3502727732105846, 0.35015468725566845, 0.3500890049389003, 0.34995313321180144, 0.3497239201889102, 0.3494047039204107, 0.34858461065924584, 0.3454880002791114, 0.33975381639960855, 0.3392404941495989, 0.33871393377552883, 0.3383836697571476, 0.3382300537004088, 0.3381416201258983, 0.3381369869358838, 0.3381095186812998, 0.3380974874272663, 0.3380934075924503, 0.3380924898496688, 0.3380918062570494, 0.3380916627970856, 0.33809163543086396, 0.33809160986671327, 0.33809160077173384, 0.3380915992589417, 0.3380915982203325, 0.3380915981058078, 0.338091598033223, 0.33809159802914335, 0.33809159801453537, 0.3380915980050373, 0.3380915979774666, 0.3380915979686081, 0.3380915979671092, 0.33809159796694144, 0.33809159796690813, 0.33809159796689603, 0.3380915979668937, 0.33809159796689137, 0.3380915979668909, 0.3380915979668899, 0.3380915979668897, 0.3380915979668897, 0.3380915979668896]}}, "bfgs": {"type": "gradient", "0": {"maxiter": 100, "gtol": 1e-05, "xrtol": 1e-05, "eps": 1e-05, "duration": 0.07288694381713867, "fun": "0.3380915983332866", "jac": "[ 1.07701625e-06 -1.70850001e-06  7.27751193e-07  8.48621173e-07\n -3.89670518e-06 -4.52627935e-06]", "hess_inv": "[[ 2.95255567e+00 -1.47249135e-02  5.79875442e-02  2.73649882e-01\n  -2.35423497e-01  1.90270124e-01]\n [-1.47249135e-02  2.05131879e+01  1.79403598e+01 -8.40740438e+00\n  -1.15706437e+00 -2.61507939e+00]\n [ 5.79875442e-02  1.79403598e+01  1.87804758e+01 -8.07134719e+00\n  -8.34945632e-01 -1.83818661e+00]\n [ 2.73649882e-01 -8.40740438e+00 -8.07134719e+00  6.68426854e+00\n   1.43069733e-01  7.48429859e-01]\n [-2.35423497e-01 -1.15706437e+00 -8.34945632e-01  1.43069733e-01\n   3.43401821e+00  1.25527590e+00]\n [ 1.90270124e-01 -2.61507939e+00 -1.83818661e+00  7.48429859e-01\n   1.25527590e+00  3.55036899e+00]]", "nfev": "294", "njev": "42", "status": "0", "success": "True", "message": "Optimization terminated successfully.", "x": "[ 3.73167097  7.80362714  2.17729698  4.15975791 -0.2171156   5.15364567]", "nit": "31", "callback": [0.838844169032276, 0.8353305078135302, 0.8337821454961718, 0.8310345936252939, 0.8276477421999211, 0.827421387703248, 0.8270060842460754, 0.8225903636725729, 0.8217391697771443, 0.8173555302859659, 0.7017784673483173, 0.6389722706836084, 0.5921393667505521, 0.5632056244662391, 0.5211023498973951, 0.44595083966691795, 0.40025957086134767, 0.3753709964268265, 0.3668372735732469, 0.36294827801269103, 0.3600107305622605, 0.35539489003883096, 0.34957340273255944, 0.34377657267313855, 0.33843080894803934, 0.338134994209937, 0.3381044012917638, 0.3380940672796401, 0.33809172706415913, 0.3380916080391697, 0.3380915983332866]}, "1": {"maxiter": 100, "gtol": 1e-05, "xrtol": 1e-05, "eps": 1e-10, "duration": 0.07884812355041504, "fun": "0.3380915981312099", "jac": "[ 0.00000000e+00  2.22044587e-06  2.22044587e-06  3.33066880e-06\n -3.33066880e-06  3.33066880e-06]", "hess_inv": "[[ 3.03226377e+00 -5.28436068e-01 -5.00491452e-01  5.97847313e-01\n  -6.38273330e-01 -1.58036938e-01]\n [-5.28436068e-01  2.37126429e+01  2.17513872e+01 -9.27356186e+00\n  -7.56197392e-02 -1.35532652e+00]\n [-5.00491452e-01  2.17513872e+01  2.29451168e+01 -9.10170504e+00\n   4.17413922e-01 -4.81297702e-01]\n [ 5.97847313e-01 -9.27356186e+00 -9.10170504e+00  6.74406850e+00\n  -2.01309535e-02  3.96893970e-01]\n [-6.38273330e-01 -7.56197392e-02  4.17413922e-01 -2.01309535e-02\n   4.28094304e+00  2.07390471e+00]\n [-1.58036938e-01 -1.35532652e+00 -4.81297702e-01  3.96893970e-01\n   2.07390471e+00  4.38007829e+00]]", "nfev": "308", "njev": "44", "status": "0", "success": "True", "message": "Optimization terminated successfully.", "x": "[ 3.7316612   7.80377993  2.17745437  4.15970226 -0.21707536  5.1536811 ]", "nit": "31", "callback": [0.8388442941704933, 0.8353305346248903, 0.8337820957482224, 0.8310344600306656, 0.8276476608753202, 0.8274214073552305, 0.8270061502839139, 0.8225845516311489, 0.821734329729247, 0.8173898940410859, 0.6901118428586283, 0.6126458331870623, 0.585918856015095, 0.5541054384841844, 0.4951940208096077, 0.42606584941553016, 0.3947024884107717, 0.365661253934387, 0.36212063993328436, 0.35844790936173365, 0.3543814166558956, 0.3486913968734221, 0.3418730862238818, 0.3388483504920119, 0.3381925155450416, 0.3381004703530832, 0.33809253099638437, 0.33809167866998213, 0.33809160460026166, 0.33809159851214754, 0.3380915981312099]}, "2": {"maxiter": 100, "gtol": 1e-05, "xrtol": 1e-10, "eps": 1e-05, "duration": 0.07202577590942383, "fun": "0.3380915983332866", "jac": "[ 1.07701625e-06 -1.70850001e-06  7.27751193e-07  8.48621173e-07\n -3.89670518e-06 -4.52627935e-06]", "hess_inv": "[[ 2.95255567e+00 -1.47249135e-02  5.79875442e-02  2.73649882e-01\n  -2.35423497e-01  1.90270124e-01]\n [-1.47249135e-02  2.05131879e+01  1.79403598e+01 -8.40740438e+00\n  -1.15706437e+00 -2.61507939e+00]\n [ 5.79875442e-02  1.79403598e+01  1.87804758e+01 -8.07134719e+00\n  -8.34945632e-01 -1.83818661e+00]\n [ 2.73649882e-01 -8.40740438e+00 -8.07134719e+00  6.68426854e+00\n   1.43069733e-01  7.48429859e-01]\n [-2.35423497e-01 -1.15706437e+00 -8.34945632e-01  1.43069733e-01\n   3.43401821e+00  1.25527590e+00]\n [ 1.90270124e-01 -2.61507939e+00 -1.83818661e+00  7.48429859e-01\n   1.25527590e+00  3.55036899e+00]]", "nfev": "294", "njev": "42", "status": "0", "success": "True", "message": "Optimization terminated successfully.", "x": "[ 3.73167097  7.80362714  2.17729698  4.15975791 -0.2171156   5.15364567]", "nit": "31", "callback": [0.838844169032276, 0.8353305078135302, 0.8337821454961718, 0.8310345936252939, 0.8276477421999211, 0.827421387703248, 0.8270060842460754, 0.8225903636725729, 0.8217391697771443, 0.8173555302859659, 0.7017784673483173, 0.6389722706836084, 0.5921393667505521, 0.5632056244662391, 0.5211023498973951, 0.44595083966691795, 0.40025957086134767, 0.3753709964268265, 0.3668372735732469, 0.36294827801269103, 0.3600107305622605, 0.35539489003883096, 0.34957340273255944, 0.34377657267313855, 0.33843080894803934, 0.338134994209937, 0.3381044012917638, 0.3380940672796401, 0.33809172706415913, 0.3380916080391697, 0.3380915983332866]}, "3": {"maxiter": 100, "gtol": 1e-05, "xrtol": 1e-10, "eps": 1e-10, "duration": 0.08146214485168457, "fun": "0.3380915981312099", "jac": "[ 0.00000000e+00  2.22044587e-06  2.22044587e-06  3.33066880e-06\n -3.33066880e-06  3.33066880e-06]", "hess_inv": "[[ 3.03226377e+00 -5.28436068e-01 -5.00491452e-01  5.97847313e-01\n  -6.38273330e-01 -1.58036938e-01]\n [-5.28436068e-01  2.37126429e+01  2.17513872e+01 -9.27356186e+00\n  -7.56197392e-02 -1.35532652e+00]\n [-5.00491452e-01  2.17513872e+01  2.29451168e+01 -9.10170504e+00\n   4.17413922e-01 -4.81297702e-01]\n [ 5.97847313e-01 -9.27356186e+00 -9.10170504e+00  6.74406850e+00\n  -2.01309535e-02  3.96893970e-01]\n [-6.38273330e-01 -7.56197392e-02  4.17413922e-01 -2.01309535e-02\n   4.28094304e+00  2.07390471e+00]\n [-1.58036938e-01 -1.35532652e+00 -4.81297702e-01  3.96893970e-01\n   2.07390471e+00  4.38007829e+00]]", "nfev": "308", "njev": "44", "status": "0", "success": "True", "message": "Optimization terminated successfully.", "x": "[ 3.7316612   7.80377993  2.17745437  4.15970226 -0.21707536  5.1536811 ]", "nit": "31", "callback": [0.8388442941704933, 0.8353305346248903, 0.8337820957482224, 0.8310344600306656, 0.8276476608753202, 0.8274214073552305, 0.8270061502839139, 0.8225845516311489, 0.821734329729247, 0.8173898940410859, 0.6901118428586283, 0.6126458331870623, 0.585918856015095, 0.5541054384841844, 0.4951940208096077, 0.42606584941553016, 0.3947024884107717, 0.365661253934387, 0.36212063993328436, 0.35844790936173365, 0.3543814166558956, 0.3486913968734221, 0.3418730862238818, 0.3388483504920119, 0.3381925155450416, 0.3381004703530832, 0.33809253099638437, 0.33809167866998213, 0.33809160460026166, 0.33809159851214754, 0.3380915981312099]}, "4": {"maxiter": 100, "gtol": 1e-10, "xrtol": 1e-05, "eps": 1e-05, "duration": 0.07895278930664062, "fun": "0.33809159813907674", "jac": "[ 6.38289421e-07  3.59712260e-09 -1.03483888e-06 -7.84550203e-07\n -1.16413545e-06 -1.29433131e-06]", "hess_inv": "[[ 2.97021815 -0.0460527   0.03991951  0.3046822  -0.30468613  0.1196696 ]\n [-0.0460527  20.16939182 17.44723708 -8.19924782 -1.27665501 -2.66480831]\n [ 0.03991951 17.44723708 18.10834875 -7.75698043 -1.08290817 -1.99603139]\n [ 0.3046822  -8.19924782 -7.75698043  6.56533109  0.18115799  0.73968926]\n [-0.30468613 -1.27665501 -1.08290817  0.18115799  3.55844959  1.42592423]\n [ 0.1196696  -2.66480831 -1.99603139  0.73968926  1.42592423  3.75593059]]", "nfev": "301", "njev": "43", "status": "0", "success": "True", "message": "Optimization terminated successfully.", "x": "[ 3.73166676  7.80363887  2.17730689  4.1597477  -0.2170965   5.15366437]", "nit": "32", "callback": [0.838844169032276, 0.8353305078135302, 0.8337821454961718, 0.8310345936252939, 0.8276477421999211, 0.827421387703248, 0.8270060842460754, 0.8225903636725729, 0.8217391697771443, 0.8173555302859659, 0.7017784673483173, 0.6389722706836084, 0.5921393667505521, 0.5632056244662391, 0.5211023498973951, 0.44595083966691795, 0.40025957086134767, 0.3753709964268265, 0.3668372735732469, 0.36294827801269103, 0.3600107305622605, 0.35539489003883096, 0.34957340273255944, 0.34377657267313855, 0.33843080894803934, 0.338134994209937, 0.3381044012917638, 0.3380940672796401, 0.33809172706415913, 0.3380916080391697, 0.3380915983332866, 0.33809159813907674]}, "5": {"maxiter": 100, "gtol": 1e-10, "xrtol": 1e-05, "eps": 1e-10, "duration": 0.07869386672973633, "fun": "0.33809159800989896", "jac": "[-2.22044587e-06  0.00000000e+00  0.00000000e+00 -2.22044587e-06\n  1.11022293e-06 -4.44089173e-06]", "hess_inv": "[[ 3.09488587 -0.742782   -0.73647431  0.51475845 -0.5971427  -0.24932382]\n [-0.742782   18.00557554 16.06445149 -7.59443207  0.47255543 -1.66876032]\n [-0.73647431 16.06445149 17.28533715 -7.38218869  0.95714646 -0.76843106]\n [ 0.51475845 -7.59443207 -7.38218869  6.55228754 -0.22389697  0.65355239]\n [-0.5971427   0.47255543  0.95714646 -0.22389697  4.23426072  2.08089815]\n [-0.24932382 -1.66876032 -0.76843106  0.65355239  2.08089815  4.45232815]]", "nfev": "315", "njev": "45", "status": "0", "success": "True", "message": "Optimization terminated successfully.", "x": "[ 3.73166161  7.8037367   2.17741066  4.15971077 -0.21707061  5.15367643]", "nit": "32", "callback": [0.8388442941704933, 0.8353305346248903, 0.8337820957482224, 0.8310344600306656, 0.8276476608753202, 0.8274214073552305, 0.8270061502839139, 0.8225845516311489, 0.821734329729247, 0.8173898940410859, 0.6901118428586283, 0.6126458331870623, 0.585918856015095, 0.5541054384841844, 0.4951940208096077, 0.42606584941553016, 0.3947024884107717, 0.365661253934387, 0.36212063993328436, 0.35844790936173365, 0.3543814166558956, 0.3486913968734221, 0.3418730862238818, 0.3388483504920119, 0.3381925155450416, 0.3381004703530832, 0.33809253099638437, 0.33809167866998213, 0.33809160460026166, 0.33809159851214754, 0.3380915981312099, 0.33809159800989896]}, "6": {"maxiter": 100, "gtol": 1e-10, "xrtol": 1e-10, "eps": 1e-05, "duration": 0.15294694900512695, "fun": "0.33809159805775046", "jac": "[ 1.33226763e-10  3.66373598e-10 -5.44009282e-10 -1.27675648e-09\n  8.99280650e-10  1.68753900e-09]", "hess_inv": "[[ 3.11473574 -0.47400292 -0.54186521  0.3361222  -0.62478692 -0.1590497 ]\n [-0.47400292 21.43178538 19.08512257 -8.42064898 -0.19494094 -1.69245741]\n [-0.54186521 19.08512257 20.21779588 -8.01291173  0.36031262 -0.7135004 ]\n [ 0.3361222  -8.42064898 -8.01291173  6.749721   -0.04183358  0.49769871]\n [-0.62478692 -0.19494094  0.36031262 -0.04183358  4.39307892  2.19718647]\n [-0.1590497  -1.69245741 -0.7135004   0.49769871  2.19718647  4.47519471]]", "nfev": "606", "njev": "85", "status": "2", "success": "False", "message": "Desired error not necessarily achieved due to precision loss.", "x": "[ 3.73166343  7.80365029  2.17732189  4.15974493 -0.21708738  5.15367284]", "nit": "35", "callback": [0.838844169032276, 0.8353305078135302, 0.8337821454961718, 0.8310345936252939, 0.8276477421999211, 0.827421387703248, 0.8270060842460754, 0.8225903636725729, 0.8217391697771443, 0.8173555302859659, 0.7017784673483173, 0.6389722706836084, 0.5921393667505521, 0.5632056244662391, 0.5211023498973951, 0.44595083966691795, 0.40025957086134767, 0.3753709964268265, 0.3668372735732469, 0.36294827801269103, 0.3600107305622605, 0.35539489003883096, 0.34957340273255944, 0.34377657267313855, 0.33843080894803934, 0.338134994209937, 0.3381044012917638, 0.3380940672796401, 0.33809172706415913, 0.3380916080391697, 0.3380915983332866, 0.33809159813907674, 0.338091598065394, 0.3380915980580135, 0.33809159805775046]}, "7": {"maxiter": 100, "gtol": 1e-10, "xrtol": 1e-10, "eps": 1e-10, "duration": 0.11761283874511719, "fun": "0.3380915979952679", "jac": "[ 1.11022293e-06 -1.11022293e-06  1.11022293e-06 -1.11022293e-06\n  1.11022293e-06  1.11022293e-06]", "hess_inv": "[[  2.61778819  -3.32314248  -3.51827433   1.22446225  -0.8089531\n   -0.63680321]\n [ -3.32314248  73.50129397  70.15654506 -30.41016084  -1.96127564\n  -11.17672386]\n [ -3.51827433  70.15654506  69.88795617 -29.79888782  -1.55082434\n  -10.43153898]\n [  1.22446225 -30.41016084 -29.79888782  15.52367399   0.67593154\n    3.83530387]\n [ -0.8089531   -1.96127564  -1.55082434   0.67593154   4.12376648\n    2.15328056]\n [ -0.63680321 -11.17672386 -10.43153898   3.83530387   2.15328056\n    4.6454728 ]]", "nfev": "441", "njev": "63", "status": "0", "success": "True", "message": "Optimization terminated successfully.", "x": "[ 3.73166922  7.80368268  2.17736013  4.15973463 -0.21706486  5.15369117]", "nit": "34", "callback": [0.8388442941704933, 0.8353305346248903, 0.8337820957482224, 0.8310344600306656, 0.8276476608753202, 0.8274214073552305, 0.8270061502839139, 0.8225845516311489, 0.821734329729247, 0.8173898940410859, 0.6901118428586283, 0.6126458331870623, 0.585918856015095, 0.5541054384841844, 0.4951940208096077, 0.42606584941553016, 0.3947024884107717, 0.365661253934387, 0.36212063993328436, 0.35844790936173365, 0.3543814166558956, 0.3486913968734221, 0.3418730862238818, 0.3388483504920119, 0.3381925155450416, 0.3381004703530832, 0.33809253099638437, 0.33809167866998213, 0.33809160460026166, 0.33809159851214754, 0.3380915981312099, 0.33809159800989896, 0.3380915979952679, 0.3380915979952679]}, "8": {"maxiter": 500, "gtol": 1e-05, "xrtol": 1e-05, "eps": 1e-05, "duration": 0.07164382934570312, "fun": "0.3380915983332866", "jac": "[ 1.07701625e-06 -1.70850001e-06  7.27751193e-07  8.48621173e-07\n -3.89670518e-06 -4.52627935e-06]", "hess_inv": "[[ 2.95255567e+00 -1.47249135e-02  5.79875442e-02  2.73649882e-01\n  -2.35423497e-01  1.90270124e-01]\n [-1.47249135e-02  2.05131879e+01  1.79403598e+01 -8.40740438e+00\n  -1.15706437e+00 -2.61507939e+00]\n [ 5.79875442e-02  1.79403598e+01  1.87804758e+01 -8.07134719e+00\n  -8.34945632e-01 -1.83818661e+00]\n [ 2.73649882e-01 -8.40740438e+00 -8.07134719e+00  6.68426854e+00\n   1.43069733e-01  7.48429859e-01]\n [-2.35423497e-01 -1.15706437e+00 -8.34945632e-01  1.43069733e-01\n   3.43401821e+00  1.25527590e+00]\n [ 1.90270124e-01 -2.61507939e+00 -1.83818661e+00  7.48429859e-01\n   1.25527590e+00  3.55036899e+00]]", "nfev": "294", "njev": "42", "status": "0", "success": "True", "message": "Optimization terminated successfully.", "x": "[ 3.73167097  7.80362714  2.17729698  4.15975791 -0.2171156   5.15364567]", "nit": "31", "callback": [0.838844169032276, 0.8353305078135302, 0.8337821454961718, 0.8310345936252939, 0.8276477421999211, 0.827421387703248, 0.8270060842460754, 0.8225903636725729, 0.8217391697771443, 0.8173555302859659, 0.7017784673483173, 0.6389722706836084, 0.5921393667505521, 0.5632056244662391, 0.5211023498973951, 0.44595083966691795, 0.40025957086134767, 0.3753709964268265, 0.3668372735732469, 0.36294827801269103, 0.3600107305622605, 0.35539489003883096, 0.34957340273255944, 0.34377657267313855, 0.33843080894803934, 0.338134994209937, 0.3381044012917638, 0.3380940672796401, 0.33809172706415913, 0.3380916080391697, 0.3380915983332866]}, "9": {"maxiter": 500, "gtol": 1e-05, "xrtol": 1e-05, "eps": 1e-10, "duration": 0.07871389389038086, "fun": "0.3380915981312099", "jac": "[ 0.00000000e+00  2.22044587e-06  2.22044587e-06  3.33066880e-06\n -3.33066880e-06  3.33066880e-06]", "hess_inv": "[[ 3.03226377e+00 -5.28436068e-01 -5.00491452e-01  5.97847313e-01\n  -6.38273330e-01 -1.58036938e-01]\n [-5.28436068e-01  2.37126429e+01  2.17513872e+01 -9.27356186e+00\n  -7.56197392e-02 -1.35532652e+00]\n [-5.00491452e-01  2.17513872e+01  2.29451168e+01 -9.10170504e+00\n   4.17413922e-01 -4.81297702e-01]\n [ 5.97847313e-01 -9.27356186e+00 -9.10170504e+00  6.74406850e+00\n  -2.01309535e-02  3.96893970e-01]\n [-6.38273330e-01 -7.56197392e-02  4.17413922e-01 -2.01309535e-02\n   4.28094304e+00  2.07390471e+00]\n [-1.58036938e-01 -1.35532652e+00 -4.81297702e-01  3.96893970e-01\n   2.07390471e+00  4.38007829e+00]]", "nfev": "308", "njev": "44", "status": "0", "success": "True", "message": "Optimization terminated successfully.", "x": "[ 3.7316612   7.80377993  2.17745437  4.15970226 -0.21707536  5.1536811 ]", "nit": "31", "callback": [0.8388442941704933, 0.8353305346248903, 0.8337820957482224, 0.8310344600306656, 0.8276476608753202, 0.8274214073552305, 0.8270061502839139, 0.8225845516311489, 0.821734329729247, 0.8173898940410859, 0.6901118428586283, 0.6126458331870623, 0.585918856015095, 0.5541054384841844, 0.4951940208096077, 0.42606584941553016, 0.3947024884107717, 0.365661253934387, 0.36212063993328436, 0.35844790936173365, 0.3543814166558956, 0.3486913968734221, 0.3418730862238818, 0.3388483504920119, 0.3381925155450416, 0.3381004703530832, 0.33