{"date": "2024/10/08/, 13:56:20", "conf_id": 2, "data_type": "random\n", "num_data_points": 1, "s_rank": 0, "unitary": "[[0.18663085-0.53122324j,-0.11886349-0.70040876j,0.28555095-0.02789305j,-0.12262021-0.2844587j],[-0.16702216+0.27758472j,0.27526351-0.29738586j,-0.01109314+0.22495461j,-0.77239203+0.28900673j],[0.61935415+0.12301792j,-0.31269928-0.03315917j,-0.61902762-0.19039079j,-0.27120731-0.0968989j],[0.42341754+0.0023929j,-0.05847358+0.47832119j,0.64900495-0.16218422j,-0.37182676-0.05229966j]]", "databatch_0": {"databatch": "[[[-0.1875805+0.30741893j,-0.11333682+0.12206049j,-0.07120492-0.20203254j,-0.2769391+0.17236235j],[-0.06182243-0.2550768j,-0.00452656-0.12130828j,0.14082712+0.0673847j,0.05383348-0.23155632j],[0.17541693+0.31435694j,0.05055329+0.15864003j,-0.21085522-0.03730237j,0.01394107+0.32577055j],[-0.30092933+0.00151583j,-0.13653631-0.02703087j,0.11242157-0.13929522j,-0.24410221-0.12129706j]]]", "initial param values": "[3.97362585,2.12617198,6.25669656,1.80483213,0.22904581,2.50320307]", "nelder_mead": {"type": "gradient-free", "0": {"maxiter": 100, "fatol": 1e-05, "xatol": 1e-05, "duration": 0.05973625183105469, "fun": "0.026264229859484733", "nit": "100", "nfev": "159", "status": "2", "success": "False", "message": "Maximum number of iterations has been exceeded.", "x": "[5.21490613 2.24952236 7.76917975 0.48052865 0.14538154 3.04980307]", "final_simplex": "(array([[5.21490613, 2.24952236, 7.76917975, 0.48052865, 0.14538154,\n        3.04980307],\n       [5.20357231, 2.27471623, 7.7500711 , 0.50319076, 0.14825899,\n        3.04728401],\n       [5.22482172, 2.30655763, 7.74259111, 0.4925024 , 0.14768861,\n        3.05874035],\n       [5.2089538 , 2.26929666, 7.78342416, 0.45155397, 0.14478839,\n        3.06953307],\n       [5.18456082, 2.27864742, 7.74854036, 0.4657582 , 0.14980621,\n        3.04840707],\n       [5.20868398, 2.27593121, 7.73839689, 0.4393593 , 0.1485832 ,\n        3.07107059],\n       [5.20137052, 2.31413854, 7.72627573, 0.46651635, 0.14761706,\n        3.06128482]]), array([0.02626423, 0.0262935 , 0.02640965, 0.02645089, 0.02648425,\n       0.02650704, 0.02651153]))", "callback": [0.5654436300673014, 0.14106426786344306, 0.08035677431592081, 0.07418443516034656, 0.0524181163689893, 0.029867359998561938, 0.029292380975776577, 0.0276281084518184, 0.026840429315227565, 0.026514914755806807]}, "1": {"maxiter": 100, "fatol": 1e-05, "xatol": 1e-10, "duration": 0.047759056091308594, "fun": "0.026264229859484733", "nit": "100", "nfev": "159", "status": "2", "success": "False", "message": "Maximum number of iterations has been exceeded.", "x": "[5.21490613 2.24952236 7.76917975 0.48052865 0.14538154 3.04980307]", "final_simplex": "(array([[5.21490613, 2.24952236, 7.76917975, 0.48052865, 0.14538154,\n        3.04980307],\n       [5.20357231, 2.27471623, 7.7500711 , 0.50319076, 0.14825899,\n        3.04728401],\n       [5.22482172, 2.30655763, 7.74259111, 0.4925024 , 0.14768861,\n        3.05874035],\n       [5.2089538 , 2.26929666, 7.78342416, 0.45155397, 0.14478839,\n        3.06953307],\n       [5.18456082, 2.27864742, 7.74854036, 0.4657582 , 0.14980621,\n        3.04840707],\n       [5.20868398, 2.27593121, 7.73839689, 0.4393593 , 0.1485832 ,\n        3.07107059],\n       [5.20137052, 2.31413854, 7.72627573, 0.46651635, 0.14761706,\n        3.06128482]]), array([0.02626423, 0.0262935 , 0.02640965, 0.02645089, 0.02648425,\n       0.02650704, 0.02651153]))", "callback": [0.5654436300673014, 0.14106426786344306, 0.08035677431592081, 0.07418443516034656, 0.0524181163689893, 0.029867359998561938, 0.029292380975776577, 0.0276281084518184, 0.026840429315227565, 0.026514914755806807]}, "2": {"maxiter": 100, "fatol": 1e-10, "xatol": 1e-05, "duration": 0.048838138580322266, "fun": "0.026264229859484733", "nit": "100", "nfev": "159", "status": "2", "success": "False", "message": "Maximum number of iterations has been exceeded.", "x": "[5.21490613 2.24952236 7.76917975 0.48052865 0.14538154 3.04980307]", "final_simplex": "(array([[5.21490613, 2.24952236, 7.76917975, 0.48052865, 0.14538154,\n        3.04980307],\n       [5.20357231, 2.27471623, 7.7500711 , 0.50319076, 0.14825899,\n        3.04728401],\n       [5.22482172, 2.30655763, 7.74259111, 0.4925024 , 0.14768861,\n        3.05874035],\n       [5.2089538 , 2.26929666, 7.78342416, 0.45155397, 0.14478839,\n        3.06953307],\n       [5.18456082, 2.27864742, 7.74854036, 0.4657582 , 0.14980621,\n        3.04840707],\n       [5.20868398, 2.27593121, 7.73839689, 0.4393593 , 0.1485832 ,\n        3.07107059],\n       [5.20137052, 2.31413854, 7.72627573, 0.46651635, 0.14761706,\n        3.06128482]]), array([0.02626423, 0.0262935 , 0.02640965, 0.02645089, 0.02648425,\n       0.02650704, 0.02651153]))", "callback": [0.5654436300673014, 0.14106426786344306, 0.08035677431592081, 0.07418443516034656, 0.0524181163689893, 0.029867359998561938, 0.029292380975776577, 0.0276281084518184, 0.026840429315227565, 0.026514914755806807]}, "3": {"maxiter": 100, "fatol": 1e-10, "xatol": 1e-10, "duration": 0.04180407524108887, "fun": "0.026264229859484733", "nit": "100", "nfev": "159", "status": "2", "success": "False", "message": "Maximum number of iterations has been exceeded.", "x": "[5.21490613 2.24952236 7.76917975 0.48052865 0.14538154 3.04980307]", "final_simplex": "(array([[5.21490613, 2.24952236, 7.76917975, 0.48052865, 0.14538154,\n        3.04980307],\n       [5.20357231, 2.27471623, 7.7500711 , 0.50319076, 0.14825899,\n        3.04728401],\n       [5.22482172, 2.30655763, 7.74259111, 0.4925024 , 0.14768861,\n        3.05874035],\n       [5.2089538 , 2.26929666, 7.78342416, 0.45155397, 0.14478839,\n        3.06953307],\n       [5.18456082, 2.27864742, 7.74854036, 0.4657582 , 0.14980621,\n        3.04840707],\n       [5.20868398, 2.27593121, 7.73839689, 0.4393593 , 0.1485832 ,\n        3.07107059],\n       [5.20137052, 2.31413854, 7.72627573, 0.46651635, 0.14761706,\n        3.06128482]]), array([0.02626423, 0.0262935 , 0.02640965, 0.02645089, 0.02648425,\n       0.02650704, 0.02651153]))", "callback": [0.5654436300673014, 0.14106426786344306, 0.08035677431592081, 0.07418443516034656, 0.0524181163689893, 0.029867359998561938, 0.029292380975776577, 0.0276281084518184, 0.026840429315227565, 0.026514914755806807]}, "4": {"maxiter": 500, "fatol": 1e-05, "xatol": 1e-05, "duration": 0.11309599876403809, "fun": "0.025952760385119844", "nit": "242", "nfev": "398", "status": "0", "success": "True", "message": "Optimization terminated successfully.", "x": "[5.15928847 2.13468043 7.82527307 0.46400717 0.15534478 3.06408809]", "final_simplex": "(array([[5.15928847, 2.13468043, 7.82527307, 0.46400717, 0.15534478,\n        3.06408809],\n       [5.1592852 , 2.13467379, 7.82527611, 0.46400741, 0.15534528,\n        3.06408909],\n       [5.15928899, 2.13467652, 7.82527594, 0.46401073, 0.15534547,\n        3.06408736],\n       [5.15928981, 2.13468394, 7.82526999, 0.46401125, 0.15534519,\n        3.06408832],\n       [5.15928624, 2.13467705, 7.82527492, 0.46400868, 0.1553454 ,\n        3.06408594],\n       [5.15928679, 2.13467879, 7.82527632, 0.46400955, 0.15534542,\n        3.06408963],\n       [5.1592885 , 2.13467856, 7.82527196, 0.46401244, 0.15534498,\n        3.06408693]]), array([0.02595276, 0.02595276, 0.02595276, 0.02595276, 0.02595276,\n       0.02595276, 0.02595276]))", "callback": [0.5654436300673014, 0.14106426786344306, 0.08035677431592081, 0.07418443516034656, 0.0524181163689893, 0.029867359998561938, 0.029292380975776577, 0.0276281084518184, 0.026840429315227565, 0.026514914755806807, 0.02624742406789171, 0.026096344594787824, 0.026096344594787824, 0.026051064535776547, 0.025986578557082973, 0.025959249129396733, 0.025954090380817862, 0.02595299206963997, 0.025952803787222756, 0.025952763970791493, 0.025952760913705242, 0.025952760489955207, 0.02595276040289418, 0.025952760389147622, 0.025952760385119844]}, "5": {"maxiter": 500, "fatol": 1e-05, "xatol": 1e-10, "duration": 0.1636338233947754, "fun": "0.025952760384526763", "nit": "333", "nfev": "609", "status": "0", "success": "True", "message": "Optimization terminated successfully.", "x": "[5.15928779 2.13467794 7.82527499 0.46400825 0.15534525 3.06408821]", "final_simplex": "(array([[5.15928779, 2.13467794, 7.82527499, 0.46400825, 0.15534525,\n        3.06408821],\n       [5.15928779, 2.13467794, 7.82527499, 0.46400825, 0.15534525,\n        3.06408821],\n       [5.15928779, 2.13467794, 7.82527499, 0.46400825, 0.15534525,\n        3.06408821],\n       [5.15928779, 2.13467794, 7.82527499, 0.46400825, 0.15534525,\n        3.06408821],\n       [5.15928779, 2.13467794, 7.82527499, 0.46400825, 0.15534525,\n        3.06408821],\n       [5.15928779, 2.13467794, 7.82527499, 0.46400825, 0.15534525,\n        3.06408821],\n       [5.15928779, 2.13467794, 7.82527499, 0.46400825, 0.15534525,\n        3.06408821]]), array([0.02595276, 0.02595276, 0.02595276, 0.02595276, 0.02595276,\n       0.02595276, 0.02595276]))", "callback": [0.5654436300673014, 0.14106426786344306, 0.08035677431592081, 0.07418443516034656, 0.0524181163689893, 0.029867359998561938, 0.029292380975776577, 0.0276281084518184, 0.026840429315227565, 0.026514914755806807, 0.02624742406789171, 0.026096344594787824, 0.026096344594787824, 0.026051064535776547, 0.025986578557082973, 0.025959249129396733, 0.025954090380817862, 0.02595299206963997, 0.025952803787222756, 0.025952763970791493, 0.025952760913705242, 0.025952760489955207, 0.02595276040289418, 0.025952760389147622, 0.025952760385119844, 0.025952760384656992, 0.02595276038455563, 0.02595276038453087, 0.025952760384527873, 0.025952760384527096, 0.025952760384526874, 0.025952760384526874, 0.025952760384526874, 0.025952760384526874]}, "6": {"maxiter": 500, "fatol": 1e-10, "xatol": 1e-05, "duration": 0.11844992637634277, "fun": "0.025952760385119844", "nit": "242", "nfev": "398", "status": "0", "success": "True", "message": "Optimization terminated successfully.", "x": "[5.15928847 2.13468043 7.82527307 0.46400717 0.15534478 3.06408809]", "final_simplex": "(array([[5.15928847, 2.13468043, 7.82527307, 0.46400717, 0.15534478,\n        3.06408809],\n       [5.1592852 , 2.13467379, 7.82527611, 0.46400741, 0.15534528,\n        3.06408909],\n       [5.15928899, 2.13467652, 7.82527594, 0.46401073, 0.15534547,\n        3.06408736],\n       [5.15928981, 2.13468394, 7.82526999, 0.46401125, 0.15534519,\n        3.06408832],\n       [5.15928624, 2.13467705, 7.82527492, 0.46400868, 0.1553454 ,\n        3.06408594],\n       [5.15928679, 2.13467879, 7.82527632, 0.46400955, 0.15534542,\n        3.06408963],\n       [5.1592885 , 2.13467856, 7.82527196, 0.46401244, 0.15534498,\n        3.06408693]]), array([0.02595276, 0.02595276, 0.02595276, 0.02595276, 0.02595276,\n       0.02595276, 0.02595276]))", "callback": [0.5654436300673014, 0.14106426786344306, 0.08035677431592081, 0.07418443516034656, 0.0524181163689893, 0.029867359998561938, 0.029292380975776577, 0.0276281084518184, 0.026840429315227565, 0.026514914755806807, 0.02624742406789171, 0.026096344594787824, 0.026096344594787824, 0.026051064535776547, 0.025986578557082973, 0.025959249129396733, 0.025954090380817862, 0.02595299206963997, 0.025952803787222756, 0.025952763970791493, 0.025952760913705242, 0.025952760489955207, 0.02595276040289418, 0.025952760389147622, 0.025952760385119844]}, "7": {"maxiter": 500, "fatol": 1e-10, "xatol": 1e-10, "duration": 0.2169051170349121, "fun": "0.025952760384526763", "nit": "333", "nfev": "609", "status": "0", "success": "True", "message": "Optimization terminated successfully.", "x": "[5.15928779 2.13467794 7.82527499 0.46400825 0.15534525 3.06408821]", "final_simplex": "(array([[5.15928779, 2.13467794, 7.82527499, 0.46400825, 0.15534525,\n        3.06408821],\n       [5.15928779, 2.13467794, 7.82527499, 0.46400825, 0.15534525,\n        3.06408821],\n       [5.15928779, 2.13467794, 7.82527499, 0.46400825, 0.15534525,\n        3.06408821],\n       [5.15928779, 2.13467794, 7.82527499, 0.46400825, 0.15534525,\n        3.06408821],\n       [5.15928779, 2.13467794, 7.82527499, 0.46400825, 0.15534525,\n        3.06408821],\n       [5.15928779, 2.13467794, 7.82527499, 0.46400825, 0.15534525,\n        3.06408821],\n       [5.15928779, 2.13467794, 7.82527499, 0.46400825, 0.15534525,\n        3.06408821]]), array([0.02595276, 0.02595276, 0.02595276, 0.02595276, 0.02595276,\n       0.02595276, 0.02595276]))", "callback": [0.5654436300673014, 0.14106426786344306, 0.08035677431592081, 0.07418443516034656, 0.0524181163689893, 0.029867359998561938, 0.029292380975776577, 0.0276281084518184, 0.026840429315227565, 0.026514914755806807, 0.02624742406789171, 0.026096344594787824, 0.026096344594787824, 0.026051064535776547, 0.025986578557082973, 0.025959249129396733, 0.025954090380817862, 0.02595299206963997, 0.025952803787222756, 0.025952763970791493, 0.025952760913705242, 0.025952760489955207, 0.02595276040289418, 0.025952760389147622, 0.025952760385119844, 0.025952760384656992, 0.02595276038455563, 0.02595276038453087, 0.025952760384527873, 0.025952760384527096, 0.025952760384526874, 0.025952760384526874, 0.025952760384526874, 0.025952760384526874]}, "8": {"maxiter": 1000, "fatol": 1e-05, "xatol": 1e-05, "duration": 0.10932779312133789, "fun": "0.025952760385119844", "nit": "242", "nfev": "398", "status": "0", "success": "True", "message": "Optimization terminated successfully.", "x": "[5.15928847 2.13468043 7.82527307 0.46400717 0.15534478 3.06408809]", "final_simplex": "(array([[5.15928847, 2.13468043, 7.82527307, 0.46400717, 0.15534478,\n        3.06408809],\n       [5.1592852 , 2.13467379, 7.82527611, 0.46400741, 0.15534528,\n        3.06408909],\n       [5.15928899, 2.13467652, 7.82527594, 0.46401073, 0.15534547,\n        3.06408736],\n       [5.15928981, 2.13468394, 7.82526999, 0.46401125, 0.15534519,\n        3.06408832],\n       [5.15928624, 2.13467705, 7.82527492, 0.46400868, 0.1553454 ,\n        3.06408594],\n       [5.15928679, 2.13467879, 7.82527632, 0.46400955, 0.15534542,\n        3.06408963],\n       [5.1592885 , 2.13467856, 7.82527196, 0.46401244, 0.15534498,\n        3.06408693]]), array([0.02595276, 0.02595276, 0.02595276, 0.02595276, 0.02595276,\n       0.02595276, 0.02595276]))", "callback": [0.5654436300673014, 0.14106426786344306, 0.08035677431592081, 0.07418443516034656, 0.0524181163689893, 0.029867359998561938, 0.029292380975776577, 0.0276281084518184, 0.026840429315227565, 0.026514914755806807, 0.02624742406789171, 0.026096344594787824, 0.026096344594787824, 0.026051064535776547, 0.025986578557082973, 0.025959249129396733, 0.025954090380817862, 0.02595299206963997, 0.025952803787222756, 0.025952763970791493, 0.025952760913705242, 0.025952760489955207, 0.02595276040289418, 0.025952760389147622, 0.025952760385119844]}, "9": {"maxiter": 1000, "fatol": 1e-05, "xatol": 1e-10, "duration": 0.18621087074279785, "fun": "0.025952760384526763", "nit": "333", "nfev": "609", "status": "0", "success": "True", "message": "Optimization terminated successfully.", "x": "[5.15928779 2.13467794 7.82527499 0.46400825 0.15534525 3.06408821]", "final_simplex": "(array([[5.15928779, 2.13467794, 7.82527499, 0.46400825, 0.15534525,\n        3.06408821],\n       [5.15928779, 2.13467794, 7.82527499, 0.46400825, 0.15534525,\n        3.06408821],\n       [5.15928779, 2.13467794, 7.82527499, 0.46400825, 0.15534525,\n        3.06408821],\n       [5.15928779, 2.13467794, 7.82527499, 0.46400825, 0.15534525,\n        3.06408821],\n       [5.15928779, 2.13467794, 7.82527499, 0.46400825, 0.15534525,\n        3.06408821],\n       [5.15928779, 2.13467794, 7.82527499, 0.46400825, 0.15534525,\n        3.06408821],\n       [5.15928779, 2.13467794, 7.82527499, 0.46400825, 0.15534525,\n        3.06408821]]), array([0.02595276, 0.02595276, 0.02595276, 0.02595276, 0.02595276,\n       0.02595276, 0.02595276]))", "callback": [0.5654436300673014, 0.14106426786344306, 0.08035677431592081, 0.07418443516034656, 0.0524181163689893, 0.029867359998561938, 0.029292380975776577, 0.0276281084518184, 0.026840429315227565, 0.026514914755806807, 0.02624742406789171, 0.026096344594787824, 0.026096344594787824, 0.026051064535776547, 0.025986578557082973, 0.025959249129396733, 0.025954090380817862, 0.02595299206963997, 0.025952803787222756, 0.025952763970791493, 0.025952760913705242, 0.025952760489955207, 0.02595276040289418, 0.025952760389147622, 0.025952760385119844, 0.025952760384656992, 0.02595276038455563, 0.02595276038453087, 0.025952760384527873, 0.025952760384527096, 0.025952760384526874, 0.025952760384526874, 0.025952760384526874, 0.025952760384526874]}, "10": {"maxiter": 1000, "fatol": 1e-10, "xatol": 1e-05, "duration": 0.1328902244567871, "fun": "0.025952760385119844", "nit": "242", "nfev": "398", "status": "0", "success": "True", "message": "Optimization terminated successfully.", "x": "[5.15928847 2.13468043 7.82527307 0.46400717 0.15534478 3.06408809]", "final_simplex": "(array([[5.15928847, 2.13468043, 7.82527307, 0.46400717, 0.15534478,\n        3.06408809],\n       [5.1592852 , 2.13467379, 7.82527611, 0.46400741, 0.15534528,\n        3.06408909],\n       [5.15928899, 2.13467652, 7.82527594, 0.46401073, 0.15534547,\n        3.06408736],\n       [5.15928981, 2.13468394, 7.82526999, 0.46401125, 0.15534519,\n        3.06408832],\n       [5.15928624, 2.13467705, 7.82527492, 0.46400868, 0.1553454 ,\n        3.06408594],\n       [5.15928679, 2.13467879, 7.82527632, 0.46400955, 0.15534542,\n        3.06408963],\n       [5.1592885 , 2.13467856, 7.82527196, 0.46401244, 0.15534498,\n        3.06408693]]), array([0.02595276, 0.02595276, 0.02595276, 0.02595276, 0.02595276,\n       0.02595276, 0.02595276]))", "callback": [0.5654436300673014, 0.14106426786344306, 0.08035677431592081, 0.07418443516034656, 0.0524181163689893, 0.029867359998561938, 0.029292380975776577, 0.0276281084518184, 0.026840429315227565, 0.026514914755806807, 0.02624742406789171, 0.026096344594787824, 0.026096344594787824, 0.026051064535776547, 0.025986578557082973, 0.025959249129396733, 0.025954090380817862, 0.02595299206963997, 0.025952803787222756, 0.025952763970791493, 0.025952760913705242, 0.025952760489955207, 0.02595276040289418, 0.025952760389147622, 0.025952760385119844]}, "11": {"maxiter": 1000, "fatol": 1e-10, "xatol": 1e-10, "duration": 0.18995380401611328, "fun": "0.025952760384526763", "nit": "333", "nfev": "609", "status": "0", "success": "True", "message": "Optimization terminated successfully.", "x": "[5.15928779 2.13467794 7.82527499 0.46400825 0.15534525 3.06408821]", "final_simplex": "(array([[5.15928779, 2.13467794, 7.82527499, 0.46400825, 0.15534525,\n        3.06408821],\n       [5.15928779, 2.13467794, 7.82527499, 0.46400825, 0.15534525,\n        3.06408821],\n       [5.15928779, 2.13467794, 7.82527499, 0.46400825, 0.15534525,\n        3.06408821],\n       [5.15928779, 2.13467794, 7.82527499, 0.46400825, 0.15534525,\n        3.06408821],\n       [5.15928779, 2.13467794, 7.82527499, 0.46400825, 0.15534525,\n        3.06408821],\n       [5.15928779, 2.13467794, 7.82527499, 0.46400825, 0.15534525,\n        3.06408821],\n       [5.15928779, 2.13467794, 7.82527499, 0.46400825, 0.15534525,\n        3.06408821]]), array([0.02595276, 0.02595276, 0.02595276, 0.02595276, 0.02595276,\n       0.02595276, 0.02595276]))", "callback": [0.5654436300673014, 0.14106426786344306, 0.08035677431592081, 0.07418443516034656, 0.0524181163689893, 0.029867359998561938, 0.029292380975776577, 0.0276281084518184, 0.026840429315227565, 0.026514914755806807, 0.02624742406789171, 0.026096344594787824, 0.026096344594787824, 0.026051064535776547, 0.025986578557082973, 0.025959249129396733, 0.025954090380817862, 0.02595299206963997, 0.025952803787222756, 0.025952763970791493, 0.025952760913705242, 0.025952760489955207, 0.02595276040289418, 0.025952760389147622, 0.025952760385119844, 0.025952760384656992, 0.02595276038455563, 0.02595276038453087, 0.025952760384527873, 0.025952760384527096, 0.025952760384526874, 0.025952760384526874, 0.025952760384526874, 0.025952760384526874]}}, "bfgs": {"type": "gradient", "0": {"maxiter": 100, "gtol": 1e-05, "xrtol": 1e-05, "eps": 1e-05, "duration": 0.033841848373413086, "fun": "0.025952760448327727", "jac": "[ 1.32575062e-06 -1.19354526e-06  2.13637996e-06  9.74298420e-07\n  4.13180601e-06 -2.17758034e-06]", "hess_inv": "[[ 2.69663979 -0.73875428  0.30833961  1.83803929 -0.49039363 -1.03643225]\n [-0.73875428  5.44600963 -1.60794757 -5.25284405  0.34803903  0.68394507]\n [ 0.30833961 -1.60794757  2.74670747  2.811287    0.48044835 -0.55972348]\n [ 1.83803929 -5.25284405  2.811287    8.44901625 -0.16160764 -1.25518218]\n [-0.49039363  0.34803903  0.48044835 -0.16160764  2.40661534  0.54574103]\n [-1.03643225  0.68394507 -0.55972348 -1.25518218  0.54574103  2.76283549]]", "nfev": "126", "njev": "18", "status": "0", "success": "True", "message": "Optimization terminated successfully.", "x": "[5.1468932  3.54768112 7.05123357 1.64789777 0.51507241 2.50201397]", "nit": "15", "callback": [0.12688956875387525, 0.10025874657757583, 0.0588164478471791, 0.033110933579572954, 0.02952421161702823, 0.02780202246364072, 0.027501273474244137, 0.02702278694851945, 0.026502019492456896, 0.026229403621126135, 0.025985599606100918, 0.02595420626447653, 0.0259527987926248, 0.02595276299590077, 0.025952760448327727]}, "1": {"maxiter": 100, "gtol": 1e-05, "xrtol": 1e-05, "eps": 1e-10, "duration": 0.0429079532623291, "fun": "0.025952760444496348", "jac": "[-2.22044587e-06 -1.11022293e-06  0.00000000e+00 -1.11022293e-06\n  3.33066880e-06 -1.11022293e-06]", "hess_inv": "[[ 2.70144158 -0.70469454  0.27939529  1.79024094 -0.46213991 -1.05021489]\n [-0.70469454  5.50350016 -1.58691446 -5.23895702  0.40736793  0.74752067]\n [ 0.27939529 -1.58691446  2.70528656  2.72648955  0.4688969  -0.59843144]\n [ 1.79024094 -5.23895702  2.72648955  8.305672   -0.18739954 -1.35541887]\n [-0.46213991  0.40736793  0.4688969  -0.18739954  2.47185345  0.56649818]\n [-1.05021489  0.74752067 -0.59843144 -1.35541887  0.56649818  2.75293175]]", "nfev": "126", "njev": "18", "status": "0", "success": "True", "message": "Optimization terminated successfully.", "x": "[5.1468948  3.54767594 7.05124105 1.64785012 0.51508018 2.50202311]", "nit": "15", "callback": [0.12688998914070404, 0.10026003834274133, 0.05881854409088516, 0.03311212489227289, 0.02952467620261845, 0.027802255264362308, 0.027501526324632763, 0.027022987098663465, 0.026501845905712917, 0.026229545986553138, 0.0259854104890187, 0.025954183778138296, 0.025952798133293764, 0.025952762975807286, 0.025952760444496348]}, "2": {"maxiter": 100, "gtol": 1e-05, "xrtol": 1e-10, "eps": 1e-05, "duration": 0.04264187812805176, "fun": "0.025952760448327727", "jac": "[ 1.32575062e-06 -1.19354526e-06  2.13637996e-06  9.74298420e-07\n  4.13180601e-06 -2.17758034e-06]", "hess_inv": "[[ 2.69663979 -0.73875428  0.30833961  1.83803929 -0.49039363 -1.03643225]\n [-0.73875428  5.44600963 -1.60794757 -5.25284405  0.34803903  0.68394507]\n [ 0.30833961 -1.60794757  2.74670747  2.811287    0.48044835 -0.55972348]\n [ 1.83803929 -5.25284405  2.811287    8.44901625 -0.16160764 -1.25518218]\n [-0.49039363  0.34803903  0.48044835 -0.16160764  2.40661534  0.54574103]\n [-1.03643225  0.68394507 -0.55972348 -1.25518218  0.54574103  2.76283549]]", "nfev": "126", "njev": "18", "status": "0", "success": "True", "message": "Optimization terminated successfully.", "x": "[5.1468932  3.54768112 7.05123357 1.64789777 0.51507241 2.50201397]", "nit": "15", "callback": [0.12688956875387525, 0.10025874657757583, 0.0588164478471791, 0.033110933579572954, 0.02952421161702823, 0.02780202246364072, 0.027501273474244137, 0.02702278694851945, 0.026502019492456896, 0.026229403621126135, 0.025985599606100918, 0.02595420626447653, 0.0259527987926248, 0.02595276299590077, 0.025952760448327727]}, "3": {"maxiter": 100, "gtol": 1e-05, "xrtol": 1e-10, "eps": 1e-10, "duration": 0.042326927185058594, "fun": "0.025952760444496348", "jac": "[-2.22044587e-06 -1.11022293e-06  0.00000000e+00 -1.11022293e-06\n  3.33066880e-06 -1.11022293e-06]", "hess_inv": "[[ 2.70144158 -0.70469454  0.27939529  1.79024094 -0.46213991 -1.05021489]\n [-0.70469454  5.50350016 -1.58691446 -5.23895702  0.40736793  0.74752067]\n [ 0.27939529 -1.58691446  2.70528656  2.72648955  0.4688969  -0.59843144]\n [ 1.79024094 -5.23895702  2.72648955  8.305672   -0.18739954 -1.35541887]\n [-0.46213991  0.40736793  0.4688969  -0.18739954  2.47185345  0.56649818]\n [-1.05021489  0.74752067 -0.59843144 -1.35541887  0.56649818  2.75293175]]", "nfev": "126", "njev": "18", "status": "0", "success": "True", "message": "Optimization terminated successfully.", "x": "[5.1468948  3.54767594 7.05124105 1.64785012 0.51508018 2.50202311]", "nit": "15", "callback": [0.12688998914070404, 0.10026003834274133, 0.05881854409088516, 0.03311212489227289, 0.02952467620261845, 0.027802255264362308, 0.027501526324632763, 0.027022987098663465, 0.026501845905712917, 0.026229545986553138, 0.0259854104890187, 0.025954183778138296, 0.025952798133293764, 0.025952762975807286, 0.025952760444496348]}, "4": {"maxiter": 100, "gtol": 1e-10, "xrtol": 1e-05, "eps": 1e-05, "duration": 0.04488492012023926, "fun": "0.02595276041062644", "jac": "[ 5.92192961e-08 -9.03788155e-07  2.34856579e-07 -2.92277313e-07\n -4.29312141e-07 -1.68520753e-07]", "hess_inv": "[[ 2.73968267 -0.81063571  0.37634492  1.93903519 -0.37826663 -1.17183244]\n [-0.81063571  5.54527906 -1.7072382  -5.38029476  0.1107476   0.98028747]\n [ 0.37634492 -1.7072382   2.84433795  2.94252742  0.69199788 -0.82191752]\n [ 1.93903519 -5.38029476  2.94252742  8.60422883  0.20076614 -1.71221085]\n [-0.37826663  0.1107476   0.69199788  0.20076614  2.57816202  0.36219244]\n [-1.17183244  0.98028747 -0.82191752 -1.71221085  0.36219244  2.95135565]]", "nfev": "133", "njev": "19", "status": "0", "success": "True", "message": "Optimization terminated successfully.", "x": "[5.14688492 3.54769938 7.05121744 1.64786955 0.5150615  2.50202505]", "nit": "16", "callback": [0.12688956875387525, 0.10025874657757583, 0.0588164478471791, 0.033110933579572954, 0.02952421161702823, 0.02780202246364072, 0.027501273474244137, 0.02702278694851945, 0.026502019492456896, 0.026229403621126135, 0.025985599606100918, 0.02595420626447653, 0.0259527987926248, 0.02595276299590077, 0.025952760448327727, 0.02595276041062644]}, "5": {"maxiter": 100, "gtol": 1e-10, "xrtol": 1e-05, "eps": 1e-10, "duration": 0.03618311882019043, "fun": "0.025952760418508913", "jac": "[-2.22044587e-06  0.00000000e+00 -2.22044587e-06 -4.44089173e-06\n -2.22044587e-06 -5.55111466e-06]", "hess_inv": "[[ 2.6093913  -0.67666671  0.2382855   1.69968502 -0.5566422  -0.90877977]\n [-0.67666671  5.4952898  -1.57676496 -5.21199111  0.42586576  0.71068915]\n [ 0.2382855  -1.57676496  2.70424852  2.69048704  0.50187122 -0.58086575]\n [ 1.69968502 -5.21199111  2.69048704  8.21772422 -0.26109769 -1.2279679 ]\n [-0.5566422   0.42586576  0.50187122 -0.26109769  2.70112555  0.51379074]\n [-0.90877977  0.71068915 -0.58086575 -1.2279679   0.51379074  2.65565792]]", "nfev": "133", "njev": "19", "status": "0", "success": "True", "message": "Optimization terminated successfully.", "x": "[5.14690258 3.54767412 7.0512405  1.64785674 0.5150707  2.50202176]", "nit": "16", "callback": [0.12688998914070404, 0.10026003834274133, 0.05881854409088516, 0.03311212489227289, 0.02952467620261845, 0.027802255264362308, 0.027501526324632763, 0.027022987098663465, 0.026501845905712917, 0.026229545986553138, 0.0259854104890187, 0.025954183778138296, 0.025952798133293764, 0.025952762975807286, 0.025952760444496348, 0.025952760418508913]}, "6": {"maxiter": 100, "gtol": 1e-10, "xrtol": 1e-10, "eps": 1e-05, "duration": 0.1309068202972412, "fun": "0.025952760404982844", "jac": "[ 3.91708888e-07 -4.01145783e-07  4.00512956e-07 -4.93394214e-07\n -8.41549053e-09  2.71949130e-07]", "hess_inv": "[[ 2.9887622  -1.66495624  0.74681254  2.48607864 -0.48848851 -1.32484711]\n [-1.66495624  7.83315503 -2.9587859  -6.55816274  0.09668732  1.1583386 ]\n [ 0.74681254 -2.9587859   3.38648754  3.69290376  0.52284259 -1.01605462]\n [ 2.48607864 -6.55816274  3.69290376  8.82877401  0.29854387 -1.55280955]\n [-0.48848851  0.09668732  0.52284259  0.29854387  2.35319369  0.26531456]\n [-1.32484711  1.1583386  -1.01605462 -1.55280955  0.26531456  2.79368143]]", "nfev": "417", "njev": "58", "status": "2", "success": "False", "message": "Desired error not necessarily achieved due to precision loss.", "x": "[5.14688391 3.54770414 7.05121579 1.64786536 0.51506252 2.50202668]", "nit": "17", "callback": [0.12688956875387525, 0.10025874657757583, 0.0588164478471791, 0.033110933579572954, 0.02952421161702823, 0.02780202246364072, 0.027501273474244137, 0.02702278694851945, 0.026502019492456896, 0.026229403621126135, 0.025985599606100918, 0.02595420626447653, 0.0259527987926248, 0.02595276299590077, 0.025952760448327727, 0.02595276041062644, 0.025952760404982844]}, "7": {"maxiter": 100, "gtol": 1e-10, "xrtol": 1e-10, "eps": 1e-10, "duration": 0.056786298751831055, "fun": "0.025952760418508358", "jac": "[ 0.00000000e+00  2.22044587e-06  2.22044587e-06  2.22044587e-06\n  2.22044587e-06 -3.33066880e-06]", "hess_inv": "[[ 8.26574681 -1.16782242 -1.05389012  5.09103823 -4.29694164  0.19207145]\n [-1.16782242  2.94839127  0.68379436 -1.52395702  1.01045877  0.51216066]\n [-1.05389012  0.68379436  1.21184159 -1.39203395  1.22526066 -0.69339424]\n [ 5.09103823 -1.52395702 -1.39203395  4.12356509 -2.84261064 -0.37119848]\n [-4.29694164  1.01045877  1.22526066 -2.84261064  3.79336519 -1.0628443 ]\n [ 0.19207145  0.51216066 -0.69339424 -0.37119848 -1.0628443   2.32122615]]", "nfev": "203", "njev": "29", "status": "0", "success": "True", "message": "Optimization terminated successfully.", "x": "[5.14690258 3.54767412 7.0512405  1.64785674 0.5150707  2.50202176]", "nit": "18", "callback": [0.12688998914070404, 0.10026003834274133, 0.05881854409088516, 0.03311212489227289, 0.02952467620261845, 0.027802255264362308, 0.027501526324632763, 0.027022987098663465, 0.026501845905712917, 0.026229545986553138, 0.0259854104890187, 0.025954183778138296, 0.025952798133293764, 0.025952762975807286, 0.025952760444496348, 0.025952760418508913, 0.025952760418508802, 0.025952760418508358]}, "8": {"maxiter": 500, "gtol": 1e-05, "xrtol": 1e-05, "eps": 1e-05, "duration": 0.033464670181274414, "fun": "0.025952760448327727", "jac": "[ 1.32575062e-06 -1.19354526e-06  2.13637996e-06  9.74298420e-07\n  4.13180601e-06 -2.17758034e-06]", "hess_inv": "[[ 2.69663979 -0.73875428  0.30833961  1.83803929 -0.49039363 -1.03643225]\n [-0.73875428  5.44600963 -1.60794757 -5.25284405  0.34803903  0.68394507]\n [ 0.30833961 -1.60794757  2.74670747  2.811287    0.48044835 -0.55972348]\n [ 1.83803929 -5.25284405  2.811287    8.44901625 -0.16160764 -1.25518218]\n [-0.49039363  0.34803903  0.48044835 -0.16160764  2.40661534  0.54574103]\n [-1.03643225  0.68394507 -0.55972348 -1.25518218  0.54574103  2.76283549]]", "nfev": "126", "njev": "18", "status": "0", "success": "True", "message": "Optimization terminated successfully.", "x": "[5.1468932  3.54768112 7.05123357 1.64789777 0.51507241 2.50201397]", "nit": "15", "callback": [0.12688956875387525, 0.10025874657757583, 0.0588164478471791, 0.033110933579572954, 0.02952421161702823, 0.02780202246364072, 0.027501273474244137, 0.02702278694851945, 0.026502019492456896, 0.026229403621126135, 0.025985599606100918, 0.02595420626447653, 0.0259527987926248, 0.02595276299590077, 0.025952760448327727]}, "9": {"maxiter": 500, "gtol": 1e-05, "xrtol": 1e-05, "eps": 1e-10, "duration": 0.03920626640319824, "fun": "0.025952760444496348", "jac": "[-2.22044587e-06 -1.11022293e-06  0.00000000e+00 -1.11022293e-06\n  3.33066880e-06 -1.11022293e-06]", "hess_inv": "[[ 2.70144158 -0.70469454  0.27939529  1.79024094 -0.46213991 -1.05021489]\n [-0.70469454  5.50350016 -1.58691446 -5.23895702  0.40736793  0.74752067]\n [ 0.27939529 -1.58691446  2.70528656  2.72648955  0.4688969  -0.59843144]\n [ 1.79024094 -5.23895702  2.72648955  8.305672   -0.18739954 -1.35541887]\n [-0.46213991  0.40736793  0.4688969  -0.18739954  2.47185345  0.56649818]\n [-1.05021489  0.74752067 -0.59843144 -1.35541887  0.56649818  2.75293175]]", "nfev": "126", "njev": "18", "status": "0", "success": "True", "message": "Optimization terminated successfully.", "x": "[5.1468948  3.54767594 7.05124105 1.64785012 0.51508018 2.50202311]", "nit": "15", "callback": [0.12688998914070404, 0.10026003834274133, 0.05881854409088516, 0.03311212489227289, 0.02952467620261845, 0.027802255264362308, 0.027501526324632763, 0.027022987098663465, 0.026501845905712917, 0.026229545986553138, 0.0259854104890187, 0.025954183778138296, 0.025952798133293764, 0.025952762975807286, 0.025952760444496348]}, "10": {"maxiter": 500, "gtol": 1e-05, "xrtol": 1e-10, "eps": 1e-05, "duration": 0.03610873222351074, "fun": "0.025952760448327727", "jac": "[ 1.32575062e-06 -1.19354526e-06  2.13637996e-06  9.74298420e-07\n  4.13180601e-06 -2.17758034e-06]", "hess_inv": "[[ 2.69663979 -0.73875428  0.30833961  1.83803929 -0.49039363 -1.03643225]\n [-0.73875428  5.44600963 -1.60794757 -5.25284405  0.34803903  0.68394507]\n [ 0.30833961 -1.60794757  2.74670747  2.811287    0.48044835 -0.55972348]\n [ 1.83803929 -5.25284405  2.811287    8.44901625 -0.16160764 -1.25518218]\n [-0.49039363  0.34803903  0.48044835 -0.16160764  2.40661534  0.54574103]\n [-1.03643225  0.68394507 -0.55972348 -1.25518218  0.54574103  2.76283549]]", "nfev": "126", "njev": "18", "status": "0", "success": "True", "message": "Optimization terminated successfully.", "x": "[5.1468932  3.54768112 7.05123357 1.64789777 0.51507241 2.50201397]", "nit": "15", "callback": [0.12688956875387525, 0.10025874657757583, 0.0588164478471791, 0.033110933579572954, 0.02952421161702823, 0.02780202246364072, 0.027501273474244137, 0.02702278694851945, 0.026502019492456896, 0.026229403621126135, 0.025985599606100918, 0.02595420626447653, 0.0259527987926248, 0.02595276299590077, 0.025952760448327727]}, "11": {"maxiter": 500, "gtol": 1e-05, "xrtol": 1e-10, "eps": 1e-10, "duration": 0.04175591468811035, "fun": "0.025952760444496348", "jac": "[-2.22044587e-06 -1.11022293e-06  0.00000000e+00 -1.11022293e-06\n  3.33066880e-06 -1.11022293e-06]", "hess_inv": "[[ 2.70144158 -0.70469454  0.27939529  1.79024094 -0.46213991 -1.05021489]\n [-0.70469454  5.50350016 -1.58691446 -5.23895702  0.40736793  0.74752067]\n [ 0.27939529 -1.58691446  2.70528656  2.72648955  0.4688969  -0.59843144]\n [ 1.79024094 -5.23895702  2.72648955  8.305672   -0.18739954 -1.35541887]\n [-0.46213991  0.40736793  0.4688969  -0.18739954  2.47185345  0.56649818]\n [-1.05021489  0.74752067 -0.59843144 -1.35541887  0.56649818  2.75293175]]", "nfev": "126", "njev": "18", "status": "0", "success": "True", "message": "Optimization terminated successfully.", "x": "[5.1468948  3.54767594 7.05124105 1.64785012 0.51508018 2.50202311]", "nit": "15", "callback": [0.12688998914070404, 0.10026003834274133, 0.05881854409088516, 0.03311212489227289, 0.02952467620261845, 0.027802255264362308, 0.027501526324632763, 0.027022987098663465, 0.026501845905712917, 0.026229545986553138, 0.0259854104890187, 0.025954183778138296, 0.025952798133293764, 0.025952762975807286, 0.025952760444496348]}, "12": {"maxiter": 500, "gtol": 1e-10, "xrtol": 1e-05, "eps": 1e-05, "duration": 0.0392918586730957, "fun": "0.02595276041062644", "jac": "[ 5.92192961e-08 -9.03788155e-07  2.34856579e-07 -2.92277313e-07\n -4.29312141e-07 -1.68520753e-07]", "hess_inv": "[[ 2.73968267 -0.81063571  0.37634492  1.93903519 -0.37826663 -1.17183244]\n [-0.81063571  5.54527906 -1.7072382  -5.38029476  0.1107476   0.98028747]\n [ 0.37634492 -1.7072382   2.84433795  2.94252742  0.69199788 -0.82191752]\n [ 1.93903519 -5.38029476  2.94252742  8.60422883  0.20076614 -1.71221085]\n [-0.37826663  0.1107476   0.69199788  0.20076614  2.57816202  0.36219244]\n [-1.17183244  0.98028747 -0.82191752 -1.71221085  0.36219244  2.95135565]]", "nfev": "133", "njev": "19", "status": "0", "success": "True", "message": "Optimization terminated successfully.", "x": "[5.14688492 3.54769938 7.05121744 1.64786955 0.5150615  2.50202505]", "nit": "16", "callback": [0.12688956875387525, 0.10025874657757583, 0.0588164478471791, 0.033110933579572954, 0.02952421161702823, 0.02780202246364072, 0.027501273474244137, 0.02702278694851945, 0.026502019492456896, 0.026229403621126135, 0.025985599606100918, 0.02595420626447653, 0.0259527987926248, 0.02595276299590077, 0.025952760448327727, 0.02595276041062644]}, "13": {"maxiter": 500, "gtol": 1e-10, "xrtol": 1e-05, "eps": 1e-10, "duration": 0.03853797912597656, "fun": "0.025952760418508913", "jac": "[-2.22044587e-06  0.00000000e+00 -2.22044587e-06 -4.44089173e-06\n -2.22044587e-06 -5.55111466e-06]", "hess_inv": "[[ 2.6093913  -0.67666671  0.2382855   1.69968502 -0.5566422  -0.90877977]\n [-0.67666671  5.4952898  -1.57676496 -5.21199111  0.42586576  0.71068915]\n [ 0.2382855  -1.57676496  2.70424852  2.69048704  0.50187122 -0.58086575]\n [ 1.69968502 -5.21199111  2.69048704  8.21772422 -0.26109769 -1.2279679 ]\n [-0.5566422   0.42586576  0.50187122 -0.26109769  2.70112555  0.51379074]\n [-0.90877977  0.71068915 -0.58086575 -1.2279679   0.51379074  2.65565792]]", "nfev": "133", "njev": "19", "status": "0", "success": "True", "message": "Optimization terminated successfully.", "x": "[5.14690258 3.54767412 7.0512405  1.64785674 0.5150707  2.50202176]", "nit": "16", "callback": [0.12688998914070404, 0.10026003834274133, 0.05881854409088516, 0.03311212489227289, 0.02952467620261845, 0.027802255264362308, 0.027501526324632763, 0.027022987098663465, 0.026501845905712917, 0.026229545986553138, 0.0259854104890187, 0.025954183778138296, 0.025952798133293764, 0.025952762975807286, 0.025952760444496348, 0.025952760418508913]}, "14": {"maxiter": 500, "gtol": 1e-10, "xrtol": 1e-10, "eps": 1e-05, "duration": 0.1221609115600586, "fun": "0.025952760404982844", "jac": "[ 3.91708888e-07 -4.01145783e-07  4.00512956e-07 -4.93394214e-07\n -8.41549053e-09  2.71949130e-07]", "hess_inv": "[[ 2.9887622  -1.66495624  0.74681254  2.48607864 -0.48848851 -1.32484711]\n [-1.66495624  7.83315503 -2.9587859  -6.55816274  0.09668732  1.1583386 ]\n [ 0.74681254 -2.9587859   3.38648754  3.69290376  0.52284259 -1.01605462]\n [ 2.48607864 -6.55816274  3.69290376  8.82877401  0.29854387 -1.55280955]\n [-0.48848851  0.09668732  0.52284259  0.29854387  2.35319369  0.26531456]\n [-1.32484711  1.1583386  -1.01605462 -1.55280955  0.26531456  2.79368143]]", "nfev": "417", "njev": "58", "status": "2", "success": "False", "message": "Desired error not necessarily achieved due to precision loss.", "x": "[5.14688391 3.54770414 7.05121579 1.64786536 0.51506252 2.50202668]", "nit": "17", "callback": [0.12688956875387525, 0.10025874657757583, 0.0588164478471791, 0.033110933579572954, 0.02952421161702823, 0.02780202246364072, 0.027501273474244137, 0.02702278694851945, 0.026502019492456896, 0.026229403621126135, 0.025985599606100918, 0.02595420626447653, 0.0259527987926248, 0.02595276299590077, 0.025952760448327727, 0.02595276041062644, 0.025952760404982844]}, "15": {"maxiter": 500, "gtol": 1e-10, "xrtol": 1e-10, "eps": 1e-10, "duration": 0.06336402893066406, "fun": "0.025952760418508358", "jac": "[ 0.00000000e+00  2.22044587e-06  2.22044587e-06  2.22044587e-06\n  2.22044587e-06 -3.33066880e-06]", "hess_inv": "[[ 8.26574681 -1.16782242 -1.05389012  5.09103823 -4.29694164  0.19207145]\n [-1.16782242  2.94839127  0.68379436 -1.52395702  1.01045877  0.51216066]\n [-1.05389012  0.68379436  1.21184159 -1.39203395  1.22526066 -0.69339424]\n [ 5.09103823 -1.52395702 -1.39203395  4.12356509 -2.84261064 -0.37119848]\n [-4.29694164  1.01045877  1.22526066 -2.84261064  3.79336519 -1.0628443 ]\n [ 0.19207145  0.51216066 -0.69339424 -0.37119848 -1.0628443   2.32122615]]", "nfev": "203", "njev": "29", "status": "0", "success": "True", "message": "Optimization terminated successfully.", "x": "[5.14690258 3.547