{"date": "2024/10/08/, 14:23:53", "conf_id": 4, "data_type": "random\n", "num_data_points": 1, "s_rank": 0, "unitary": "[[-0.24866696+0.58742286j,-0.44704345-0.43151574j,-0.35669027-0.20570733j,-0.10517633+0.1626036j],[0.10596805-0.19687975j,-0.30269685-0.15056416j,0.18246286+0.30440582j,-0.83484447-0.11310748j],[0.26054512-0.52548482j,0.0285017-0.50723956j,-0.43110112+0.17165838j,0.15243271+0.39915801j],[0.42978035+0.11991271j,-0.17224126-0.46030424j,0.6827807-0.15164662j,0.26483638+0.0061855j]]", "databatch_0": {"databatch": "[[[0.08218006+0.38581094j,-0.1011434-0.50187746j,0.03711803-0.01106927j,0.15583-0.03455803j],[0.04202506+0.03192283j,-0.05408408-0.04202945j,0.00279498-0.00436369j,0.01277446-0.01711239j],[0.27576245+0.18246308j,-0.35527774-0.24073787j,0.01569657-0.02842207j,0.07289535-0.11219766j],[0.25842392+0.12411181j,-0.33360916-0.16476221j,0.01012122-0.0262674j,0.04934375-0.10498455j]]]", "initial param values": "[5.16311001,0.21352038,2.71746544,3.64272355,4.58628184,4.34116803]", "nelder_mead": {"type": "gradient-free", "0": {"maxiter": 100, "fatol": 1e-05, "xatol": 1e-05, "duration": 0.06177496910095215, "fun": "0.038657250208533944", "nit": "100", "nfev": "161", "status": "2", "success": "False", "message": "Maximum number of iterations has been exceeded.", "x": "[2.32667077 0.30582744 4.04688879 2.09438351 4.29788886 4.48490689]", "final_simplex": "(array([[2.32667077, 0.30582744, 4.04688879, 2.09438351, 4.29788886,\n        4.48490689],\n       [2.30222362, 0.30673525, 4.08604039, 2.03465796, 4.30129952,\n        4.51930103],\n       [2.33296252, 0.30544257, 4.05402176, 2.07648238, 4.33124108,\n        4.51988141],\n       [2.33837409, 0.30500264, 4.0549602 , 2.08346491, 4.32014095,\n        4.46190924],\n       [2.32238611, 0.30623956, 4.08198343, 2.01377157, 4.32265089,\n        4.51368979],\n       [2.33114027, 0.30364383, 4.05373434, 2.08412327, 4.34242264,\n        4.51660603],\n       [2.34490997, 0.30501986, 4.08120523, 2.02233459, 4.33058485,\n        4.51354945]]), array([0.03865725, 0.0388226 , 0.03883615, 0.03886167, 0.0389324 ,\n       0.03893913, 0.03895935]))", "callback": [0.6472757270518749, 0.4553441744249448, 0.333866230597781, 0.1676704725921183, 0.13868586226181967, 0.12388200823371942, 0.06980140824192749, 0.04692948820368492, 0.04074885471630285, 0.03930343131164804]}, "1": {"maxiter": 100, "fatol": 1e-05, "xatol": 1e-10, "duration": 0.057019948959350586, "fun": "0.038657250208533944", "nit": "100", "nfev": "161", "status": "2", "success": "False", "message": "Maximum number of iterations has been exceeded.", "x": "[2.32667077 0.30582744 4.04688879 2.09438351 4.29788886 4.48490689]", "final_simplex": "(array([[2.32667077, 0.30582744, 4.04688879, 2.09438351, 4.29788886,\n        4.48490689],\n       [2.30222362, 0.30673525, 4.08604039, 2.03465796, 4.30129952,\n        4.51930103],\n       [2.33296252, 0.30544257, 4.05402176, 2.07648238, 4.33124108,\n        4.51988141],\n       [2.33837409, 0.30500264, 4.0549602 , 2.08346491, 4.32014095,\n        4.46190924],\n       [2.32238611, 0.30623956, 4.08198343, 2.01377157, 4.32265089,\n        4.51368979],\n       [2.33114027, 0.30364383, 4.05373434, 2.08412327, 4.34242264,\n        4.51660603],\n       [2.34490997, 0.30501986, 4.08120523, 2.02233459, 4.33058485,\n        4.51354945]]), array([0.03865725, 0.0388226 , 0.03883615, 0.03886167, 0.0389324 ,\n       0.03893913, 0.03895935]))", "callback": [0.6472757270518749, 0.4553441744249448, 0.333866230597781, 0.1676704725921183, 0.13868586226181967, 0.12388200823371942, 0.06980140824192749, 0.04692948820368492, 0.04074885471630285, 0.03930343131164804]}, "2": {"maxiter": 100, "fatol": 1e-10, "xatol": 1e-05, "duration": 0.05743527412414551, "fun": "0.038657250208533944", "nit": "100", "nfev": "161", "status": "2", "success": "False", "message": "Maximum number of iterations has been exceeded.", "x": "[2.32667077 0.30582744 4.04688879 2.09438351 4.29788886 4.48490689]", "final_simplex": "(array([[2.32667077, 0.30582744, 4.04688879, 2.09438351, 4.29788886,\n        4.48490689],\n       [2.30222362, 0.30673525, 4.08604039, 2.03465796, 4.30129952,\n        4.51930103],\n       [2.33296252, 0.30544257, 4.05402176, 2.07648238, 4.33124108,\n        4.51988141],\n       [2.33837409, 0.30500264, 4.0549602 , 2.08346491, 4.32014095,\n        4.46190924],\n       [2.32238611, 0.30623956, 4.08198343, 2.01377157, 4.32265089,\n        4.51368979],\n       [2.33114027, 0.30364383, 4.05373434, 2.08412327, 4.34242264,\n        4.51660603],\n       [2.34490997, 0.30501986, 4.08120523, 2.02233459, 4.33058485,\n        4.51354945]]), array([0.03865725, 0.0388226 , 0.03883615, 0.03886167, 0.0389324 ,\n       0.03893913, 0.03895935]))", "callback": [0.6472757270518749, 0.4553441744249448, 0.333866230597781, 0.1676704725921183, 0.13868586226181967, 0.12388200823371942, 0.06980140824192749, 0.04692948820368492, 0.04074885471630285, 0.03930343131164804]}, "3": {"maxiter": 100, "fatol": 1e-10, "xatol": 1e-10, "duration": 0.06100201606750488, "fun": "0.038657250208533944", "nit": "100", "nfev": "161", "status": "2", "success": "False", "message": "Maximum number of iterations has been exceeded.", "x": "[2.32667077 0.30582744 4.04688879 2.09438351 4.29788886 4.48490689]", "final_simplex": "(array([[2.32667077, 0.30582744, 4.04688879, 2.09438351, 4.29788886,\n        4.48490689],\n       [2.30222362, 0.30673525, 4.08604039, 2.03465796, 4.30129952,\n        4.51930103],\n       [2.33296252, 0.30544257, 4.05402176, 2.07648238, 4.33124108,\n        4.51988141],\n       [2.33837409, 0.30500264, 4.0549602 , 2.08346491, 4.32014095,\n        4.46190924],\n       [2.32238611, 0.30623956, 4.08198343, 2.01377157, 4.32265089,\n        4.51368979],\n       [2.33114027, 0.30364383, 4.05373434, 2.08412327, 4.34242264,\n        4.51660603],\n       [2.34490997, 0.30501986, 4.08120523, 2.02233459, 4.33058485,\n        4.51354945]]), array([0.03865725, 0.0388226 , 0.03883615, 0.03886167, 0.0389324 ,\n       0.03893913, 0.03895935]))", "callback": [0.6472757270518749, 0.4553441744249448, 0.333866230597781, 0.1676704725921183, 0.13868586226181967, 0.12388200823371942, 0.06980140824192749, 0.04692948820368492, 0.04074885471630285, 0.03930343131164804]}, "4": {"maxiter": 500, "fatol": 1e-05, "xatol": 1e-05, "duration": 0.11841297149658203, "fun": "0.038271412805103266", "nit": "254", "nfev": "416", "status": "0", "success": "True", "message": "Optimization terminated successfully.", "x": "[2.31870641 0.30260737 4.08023811 2.12115804 4.26700048 4.42081429]", "final_simplex": "(array([[2.31870641, 0.30260737, 4.08023811, 2.12115804, 4.26700048,\n        4.42081429],\n       [2.31870481, 0.30260718, 4.0802374 , 2.12116344, 4.26699831,\n        4.42080961],\n       [2.31870801, 0.30260683, 4.0802365 , 2.12116414, 4.26700197,\n        4.42081157],\n       [2.31870826, 0.30260683, 4.08023668, 2.12116607, 4.26699846,\n        4.42080724],\n       [2.31870463, 0.30260745, 4.08023507, 2.12116165, 4.26699795,\n        4.42080983],\n       [2.31870454, 0.30260751, 4.08023451, 2.12116095, 4.26699799,\n        4.42081625],\n       [2.31870658, 0.30260766, 4.0802341 , 2.12115718, 4.26700534,\n        4.42082365]]), array([0.03827141, 0.03827141, 0.03827141, 0.03827141, 0.03827141,\n       0.03827141, 0.03827141]))", "callback": [0.6472757270518749, 0.4553441744249448, 0.333866230597781, 0.1676704725921183, 0.13868586226181967, 0.12388200823371942, 0.06980140824192749, 0.04692948820368492, 0.04074885471630285, 0.03930343131164804, 0.038657250208533944, 0.03850130686145481, 0.038443938786312803, 0.03832466181718075, 0.038303015679022834, 0.0382737660367507, 0.03827322334125938, 0.03827189077719384, 0.038271527633234714, 0.03827143665703536, 0.0382714162054949, 0.03827141390205857, 0.0382714132926828, 0.03827141287674496, 0.03827141280987878, 0.03827141280633495]}, "5": {"maxiter": 500, "fatol": 1e-05, "xatol": 1e-10, "duration": 0.19261479377746582, "fun": "0.03827141280382518", "nit": "355", "nfev": "646", "status": "0", "success": "True", "message": "Optimization terminated successfully.", "x": "[2.31870721 0.30260711 4.08023728 2.12116115 4.26700059 4.42081436]", "final_simplex": "(array([[2.31870721, 0.30260711, 4.08023728, 2.12116115, 4.26700059,\n        4.42081436],\n       [2.31870721, 0.30260711, 4.08023728, 2.12116115, 4.26700059,\n        4.42081436],\n       [2.31870721, 0.30260711, 4.08023728, 2.12116115, 4.26700059,\n        4.42081436],\n       [2.31870721, 0.30260711, 4.08023728, 2.12116115, 4.26700059,\n        4.42081436],\n       [2.31870721, 0.30260711, 4.08023728, 2.12116115, 4.26700059,\n        4.42081436],\n       [2.31870721, 0.30260711, 4.08023728, 2.12116115, 4.26700059,\n        4.42081436],\n       [2.31870721, 0.30260711, 4.08023728, 2.12116115, 4.26700059,\n        4.42081436]]), array([0.03827141, 0.03827141, 0.03827141, 0.03827141, 0.03827141,\n       0.03827141, 0.03827141]))", "callback": [0.6472757270518749, 0.4553441744249448, 0.333866230597781, 0.1676704725921183, 0.13868586226181967, 0.12388200823371942, 0.06980140824192749, 0.04692948820368492, 0.04074885471630285, 0.03930343131164804, 0.038657250208533944, 0.03850130686145481, 0.038443938786312803, 0.03832466181718075, 0.038303015679022834, 0.0382737660367507, 0.03827322334125938, 0.03827189077719384, 0.038271527633234714, 0.03827143665703536, 0.0382714162054949, 0.03827141390205857, 0.0382714132926828, 0.03827141287674496, 0.03827141280987878, 0.03827141280633495, 0.03827141280414359, 0.038271412803883686, 0.0382714128038395, 0.03827141280383206, 0.03827141280382629, 0.038271412803825955, 0.0382714128038254, 0.0382714128038254, 0.0382714128038254, 0.03827141280382518]}, "6": {"maxiter": 500, "fatol": 1e-10, "xatol": 1e-05, "duration": 0.14687895774841309, "fun": "0.038271412805103266", "nit": "254", "nfev": "416", "status": "0", "success": "True", "message": "Optimization terminated successfully.", "x": "[2.31870641 0.30260737 4.08023811 2.12115804 4.26700048 4.42081429]", "final_simplex": "(array([[2.31870641, 0.30260737, 4.08023811, 2.12115804, 4.26700048,\n        4.42081429],\n       [2.31870481, 0.30260718, 4.0802374 , 2.12116344, 4.26699831,\n        4.42080961],\n       [2.31870801, 0.30260683, 4.0802365 , 2.12116414, 4.26700197,\n        4.42081157],\n       [2.31870826, 0.30260683, 4.08023668, 2.12116607, 4.26699846,\n        4.42080724],\n       [2.31870463, 0.30260745, 4.08023507, 2.12116165, 4.26699795,\n        4.42080983],\n       [2.31870454, 0.30260751, 4.08023451, 2.12116095, 4.26699799,\n        4.42081625],\n       [2.31870658, 0.30260766, 4.0802341 , 2.12115718, 4.26700534,\n        4.42082365]]), array([0.03827141, 0.03827141, 0.03827141, 0.03827141, 0.03827141,\n       0.03827141, 0.03827141]))", "callback": [0.6472757270518749, 0.4553441744249448, 0.333866230597781, 0.1676704725921183, 0.13868586226181967, 0.12388200823371942, 0.06980140824192749, 0.04692948820368492, 0.04074885471630285, 0.03930343131164804, 0.038657250208533944, 0.03850130686145481, 0.038443938786312803, 0.03832466181718075, 0.038303015679022834, 0.0382737660367507, 0.03827322334125938, 0.03827189077719384, 0.038271527633234714, 0.03827143665703536, 0.0382714162054949, 0.03827141390205857, 0.0382714132926828, 0.03827141287674496, 0.03827141280987878, 0.03827141280633495]}, "7": {"maxiter": 500, "fatol": 1e-10, "xatol": 1e-10, "duration": 0.1959841251373291, "fun": "0.03827141280382518", "nit": "355", "nfev": "646", "status": "0", "success": "True", "message": "Optimization terminated successfully.", "x": "[2.31870721 0.30260711 4.08023728 2.12116115 4.26700059 4.42081436]", "final_simplex": "(array([[2.31870721, 0.30260711, 4.08023728, 2.12116115, 4.26700059,\n        4.42081436],\n       [2.31870721, 0.30260711, 4.08023728, 2.12116115, 4.26700059,\n        4.42081436],\n       [2.31870721, 0.30260711, 4.08023728, 2.12116115, 4.26700059,\n        4.42081436],\n       [2.31870721, 0.30260711, 4.08023728, 2.12116115, 4.26700059,\n        4.42081436],\n       [2.31870721, 0.30260711, 4.08023728, 2.12116115, 4.26700059,\n        4.42081436],\n       [2.31870721, 0.30260711, 4.08023728, 2.12116115, 4.26700059,\n        4.42081436],\n       [2.31870721, 0.30260711, 4.08023728, 2.12116115, 4.26700059,\n        4.42081436]]), array([0.03827141, 0.03827141, 0.03827141, 0.03827141, 0.03827141,\n       0.03827141, 0.03827141]))", "callback": [0.6472757270518749, 0.4553441744249448, 0.333866230597781, 0.1676704725921183, 0.13868586226181967, 0.12388200823371942, 0.06980140824192749, 0.04692948820368492, 0.04074885471630285, 0.03930343131164804, 0.038657250208533944, 0.03850130686145481, 0.038443938786312803, 0.03832466181718075, 0.038303015679022834, 0.0382737660367507, 0.03827322334125938, 0.03827189077719384, 0.038271527633234714, 0.03827143665703536, 0.0382714162054949, 0.03827141390205857, 0.0382714132926828, 0.03827141287674496, 0.03827141280987878, 0.03827141280633495, 0.03827141280414359, 0.038271412803883686, 0.0382714128038395, 0.03827141280383206, 0.03827141280382629, 0.038271412803825955, 0.0382714128038254, 0.0382714128038254, 0.0382714128038254, 0.03827141280382518]}, "8": {"maxiter": 1000, "fatol": 1e-05, "xatol": 1e-05, "duration": 0.10976099967956543, "fun": "0.038271412805103266", "nit": "254", "nfev": "416", "status": "0", "success": "True", "message": "Optimization terminated successfully.", "x": "[2.31870641 0.30260737 4.08023811 2.12115804 4.26700048 4.42081429]", "final_simplex": "(array([[2.31870641, 0.30260737, 4.08023811, 2.12115804, 4.26700048,\n        4.42081429],\n       [2.31870481, 0.30260718, 4.0802374 , 2.12116344, 4.26699831,\n        4.42080961],\n       [2.31870801, 0.30260683, 4.0802365 , 2.12116414, 4.26700197,\n        4.42081157],\n       [2.31870826, 0.30260683, 4.08023668, 2.12116607, 4.26699846,\n        4.42080724],\n       [2.31870463, 0.30260745, 4.08023507, 2.12116165, 4.26699795,\n        4.42080983],\n       [2.31870454, 0.30260751, 4.08023451, 2.12116095, 4.26699799,\n        4.42081625],\n       [2.31870658, 0.30260766, 4.0802341 , 2.12115718, 4.26700534,\n        4.42082365]]), array([0.03827141, 0.03827141, 0.03827141, 0.03827141, 0.03827141,\n       0.03827141, 0.03827141]))", "callback": [0.6472757270518749, 0.4553441744249448, 0.333866230597781, 0.1676704725921183, 0.13868586226181967, 0.12388200823371942, 0.06980140824192749, 0.04692948820368492, 0.04074885471630285, 0.03930343131164804, 0.038657250208533944, 0.03850130686145481, 0.038443938786312803, 0.03832466181718075, 0.038303015679022834, 0.0382737660367507, 0.03827322334125938, 0.03827189077719384, 0.038271527633234714, 0.03827143665703536, 0.0382714162054949, 0.03827141390205857, 0.0382714132926828, 0.03827141287674496, 0.03827141280987878, 0.03827141280633495]}, "9": {"maxiter": 1000, "fatol": 1e-05, "xatol": 1e-10, "duration": 0.19009995460510254, "fun": "0.03827141280382518", "nit": "355", "nfev": "646", "status": "0", "success": "True", "message": "Optimization terminated successfully.", "x": "[2.31870721 0.30260711 4.08023728 2.12116115 4.26700059 4.42081436]", "final_simplex": "(array([[2.31870721, 0.30260711, 4.08023728, 2.12116115, 4.26700059,\n        4.42081436],\n       [2.31870721, 0.30260711, 4.08023728, 2.12116115, 4.26700059,\n        4.42081436],\n       [2.31870721, 0.30260711, 4.08023728, 2.12116115, 4.26700059,\n        4.42081436],\n       [2.31870721, 0.30260711, 4.08023728, 2.12116115, 4.26700059,\n        4.42081436],\n       [2.31870721, 0.30260711, 4.08023728, 2.12116115, 4.26700059,\n        4.42081436],\n       [2.31870721, 0.30260711, 4.08023728, 2.12116115, 4.26700059,\n        4.42081436],\n       [2.31870721, 0.30260711, 4.08023728, 2.12116115, 4.26700059,\n        4.42081436]]), array([0.03827141, 0.03827141, 0.03827141, 0.03827141, 0.03827141,\n       0.03827141, 0.03827141]))", "callback": [0.6472757270518749, 0.4553441744249448, 0.333866230597781, 0.1676704725921183, 0.13868586226181967, 0.12388200823371942, 0.06980140824192749, 0.04692948820368492, 0.04074885471630285, 0.03930343131164804, 0.038657250208533944, 0.03850130686145481, 0.038443938786312803, 0.03832466181718075, 0.038303015679022834, 0.0382737660367507, 0.03827322334125938, 0.03827189077719384, 0.038271527633234714, 0.03827143665703536, 0.0382714162054949, 0.03827141390205857, 0.0382714132926828, 0.03827141287674496, 0.03827141280987878, 0.03827141280633495, 0.03827141280414359, 0.038271412803883686, 0.0382714128038395, 0.03827141280383206, 0.03827141280382629, 0.038271412803825955, 0.0382714128038254, 0.0382714128038254, 0.0382714128038254, 0.03827141280382518]}, "10": {"maxiter": 1000, "fatol": 1e-10, "xatol": 1e-05, "duration": 0.12804198265075684, "fun": "0.038271412805103266", "nit": "254", "nfev": "416", "status": "0", "success": "True", "message": "Optimization terminated successfully.", "x": "[2.31870641 0.30260737 4.08023811 2.12115804 4.26700048 4.42081429]", "final_simplex": "(array([[2.31870641, 0.30260737, 4.08023811, 2.12115804, 4.26700048,\n        4.42081429],\n       [2.31870481, 0.30260718, 4.0802374 , 2.12116344, 4.26699831,\n        4.42080961],\n       [2.31870801, 0.30260683, 4.0802365 , 2.12116414, 4.26700197,\n        4.42081157],\n       [2.31870826, 0.30260683, 4.08023668, 2.12116607, 4.26699846,\n        4.42080724],\n       [2.31870463, 0.30260745, 4.08023507, 2.12116165, 4.26699795,\n        4.42080983],\n       [2.31870454, 0.30260751, 4.08023451, 2.12116095, 4.26699799,\n        4.42081625],\n       [2.31870658, 0.30260766, 4.0802341 , 2.12115718, 4.26700534,\n        4.42082365]]), array([0.03827141, 0.03827141, 0.03827141, 0.03827141, 0.03827141,\n       0.03827141, 0.03827141]))", "callback": [0.6472757270518749, 0.4553441744249448, 0.333866230597781, 0.1676704725921183, 0.13868586226181967, 0.12388200823371942, 0.06980140824192749, 0.04692948820368492, 0.04074885471630285, 0.03930343131164804, 0.038657250208533944, 0.03850130686145481, 0.038443938786312803, 0.03832466181718075, 0.038303015679022834, 0.0382737660367507, 0.03827322334125938, 0.03827189077719384, 0.038271527633234714, 0.03827143665703536, 0.0382714162054949, 0.03827141390205857, 0.0382714132926828, 0.03827141287674496, 0.03827141280987878, 0.03827141280633495]}, "11": {"maxiter": 1000, "fatol": 1e-10, "xatol": 1e-10, "duration": 0.18418288230895996, "fun": "0.03827141280382518", "nit": "355", "nfev": "646", "status": "0", "success": "True", "message": "Optimization terminated successfully.", "x": "[2.31870721 0.30260711 4.08023728 2.12116115 4.26700059 4.42081436]", "final_simplex": "(array([[2.31870721, 0.30260711, 4.08023728, 2.12116115, 4.26700059,\n        4.42081436],\n       [2.31870721, 0.30260711, 4.08023728, 2.12116115, 4.26700059,\n        4.42081436],\n       [2.31870721, 0.30260711, 4.08023728, 2.12116115, 4.26700059,\n        4.42081436],\n       [2.31870721, 0.30260711, 4.08023728, 2.12116115, 4.26700059,\n        4.42081436],\n       [2.31870721, 0.30260711, 4.08023728, 2.12116115, 4.26700059,\n        4.42081436],\n       [2.31870721, 0.30260711, 4.08023728, 2.12116115, 4.26700059,\n        4.42081436],\n       [2.31870721, 0.30260711, 4.08023728, 2.12116115, 4.26700059,\n        4.42081436]]), array([0.03827141, 0.03827141, 0.03827141, 0.03827141, 0.03827141,\n       0.03827141, 0.03827141]))", "callback": [0.6472757270518749, 0.4553441744249448, 0.333866230597781, 0.1676704725921183, 0.13868586226181967, 0.12388200823371942, 0.06980140824192749, 0.04692948820368492, 0.04074885471630285, 0.03930343131164804, 0.038657250208533944, 0.03850130686145481, 0.038443938786312803, 0.03832466181718075, 0.038303015679022834, 0.0382737660367507, 0.03827322334125938, 0.03827189077719384, 0.038271527633234714, 0.03827143665703536, 0.0382714162054949, 0.03827141390205857, 0.0382714132926828, 0.03827141287674496, 0.03827141280987878, 0.03827141280633495, 0.03827141280414359, 0.038271412803883686, 0.0382714128038395, 0.03827141280383206, 0.03827141280382629, 0.038271412803825955, 0.0382714128038254, 0.0382714128038254, 0.0382714128038254, 0.03827141280382518]}}, "bfgs": {"type": "gradient", "0": {"maxiter": 100, "gtol": 1e-05, "xrtol": 1e-05, "eps": 1e-05, "duration": 0.042060136795043945, "fun": "0.03827141301572068", "jac": "[-6.72253364e-06  6.51931842e-06 -2.95327096e-06  1.72255543e-06\n -2.14840368e-06  4.21095381e-06]", "hess_inv": "[[ 2.8643362   2.7380703   0.56030119 -0.70389395  1.66061216  2.15680464]\n [ 2.7380703   7.92560745  1.43778782 -2.15830678 -1.70006911 -2.24402585]\n [ 0.56030119  1.43778782  2.54718048 -0.53431223  0.8969321   0.10426496]\n [-0.70389395 -2.15830678 -0.53431223  1.61599063  0.95166612  1.33093685]\n [ 1.66061216 -1.70006911  0.8969321   0.95166612 14.31203151 14.89481113]\n [ 2.15680464 -2.24402585  0.10426496  1.33093685 14.89481113 18.69688154]]", "nfev": "133", "njev": "19", "status": "0", "success": "True", "message": "Optimization terminated successfully.", "x": "[ 4.44146315 -1.79138992  1.37562821  3.84610604  6.44160179  6.22987336]", "nit": "17", "callback": [0.5028698888114302, 0.2642058550746089, 0.21564570397373817, 0.15112484701477602, 0.12941650594398657, 0.10071255630971676, 0.058808181343212196, 0.04131110857439391, 0.038656061686948684, 0.038312173562951024, 0.038275738628941625, 0.038272363833442014, 0.03827211674708686, 0.03827173242115367, 0.038271460334125984, 0.038271420062883865, 0.03827141301572068]}, "1": {"maxiter": 100, "gtol": 1e-05, "xrtol": 1e-05, "eps": 1e-10, "duration": 0.04942488670349121, "fun": "0.03827141326876127", "jac": "[-9.99200639e-06  7.77156053e-06 -6.66133760e-06 -3.33066880e-06\n  0.00000000e+00  2.22044587e-06]", "hess_inv": "[[ 2.60293371  2.59182612  0.41638957 -0.72668772  0.96017938  1.39338491]\n [ 2.59182612  7.80682487  1.3835442  -2.15469205 -1.94051623 -2.49994535]\n [ 0.41638957  1.3835442   2.55516964 -0.5952259   0.50303918 -0.45451391]\n [-0.72668772 -2.15469205 -0.5952259   1.61480384  0.77983038  1.18249587]\n [ 0.96017938 -1.94051623  0.50303918  0.77983038 12.05938957 12.33680429]\n [ 1.39338491 -2.49994535 -0.45451391  1.18249587 12.33680429 15.95439019]]", "nfev": "133", "njev": "19", "status": "0", "success": "True", "message": "Optimization terminated successfully.", "x": "[ 4.4414875  -1.79134251  1.37563222  3.84611511  6.4414873   6.2297219 ]", "nit": "17", "callback": [0.502872437283146, 0.26420619802295175, 0.21564589980390936, 0.1511236448640726, 0.12941291488792928, 0.1007090963934526, 0.05880671514345137, 0.04131201680801588, 0.03865597830945122, 0.03831219816093567, 0.03827577260282711, 0.03827234565456772, 0.038272096854891524, 0.03827171485097103, 0.038271455329755066, 0.038271418610781094, 0.03827141326876127]}, "2": {"maxiter": 100, "gtol": 1e-05, "xrtol": 1e-10, "eps": 1e-05, "duration": 0.04742312431335449, "fun": "0.03827141301572068", "jac": "[-6.72253364e-06  6.51931842e-06 -2.95327096e-06  1.72255543e-06\n -2.14840368e-06  4.21095381e-06]", "hess_inv": "[[ 2.8643362   2.7380703   0.56030119 -0.70389395  1.66061216  2.15680464]\n [ 2.7380703   7.92560745  1.43778782 -2.15830678 -1.70006911 -2.24402585]\n [ 0.56030119  1.43778782  2.54718048 -0.53431223  0.8969321   0.10426496]\n [-0.70389395 -2.15830678 -0.53431223  1.61599063  0.95166612  1.33093685]\n [ 1.66061216 -1.70006911  0.8969321   0.95166612 14.31203151 14.89481113]\n [ 2.15680464 -2.24402585  0.10426496  1.33093685 14.89481113 18.69688154]]", "nfev": "133", "njev": "19", "status": "0", "success": "True", "message": "Optimization terminated successfully.", "x": "[ 4.44146315 -1.79138992  1.37562821  3.84610604  6.44160179  6.22987336]", "nit": "17", "callback": [0.5028698888114302, 0.2642058550746089, 0.21564570397373817, 0.15112484701477602, 0.12941650594398657, 0.10071255630971676, 0.058808181343212196, 0.04131110857439391, 0.038656061686948684, 0.038312173562951024, 0.038275738628941625, 0.038272363833442014, 0.03827211674708686, 0.03827173242115367, 0.038271460334125984, 0.038271420062883865, 0.03827141301572068]}, "3": {"maxiter": 100, "gtol": 1e-05, "xrtol": 1e-10, "eps": 1e-10, "duration": 0.03753399848937988, "fun": "0.03827141326876127", "jac": "[-9.99200639e-06  7.77156053e-06 -6.66133760e-06 -3.33066880e-06\n  0.00000000e+00  2.22044587e-06]", "hess_inv": "[[ 2.60293371  2.59182612  0.41638957 -0.72668772  0.96017938  1.39338491]\n [ 2.59182612  7.80682487  1.3835442  -2.15469205 -1.94051623 -2.49994535]\n [ 0.41638957  1.3835442   2.55516964 -0.5952259   0.50303918 -0.45451391]\n [-0.72668772 -2.15469205 -0.5952259   1.61480384  0.77983038  1.18249587]\n [ 0.96017938 -1.94051623  0.50303918  0.77983038 12.05938957 12.33680429]\n [ 1.39338491 -2.49994535 -0.45451391  1.18249587 12.33680429 15.95439019]]", "nfev": "133", "njev": "19", "status": "0", "success": "True", "message": "Optimization terminated successfully.", "x": "[ 4.4414875  -1.79134251  1.37563222  3.84611511  6.4414873   6.2297219 ]", "nit": "17", "callback": [0.502872437283146, 0.26420619802295175, 0.21564589980390936, 0.1511236448640726, 0.12941291488792928, 0.1007090963934526, 0.05880671514345137, 0.04131201680801588, 0.03865597830945122, 0.03831219816093567, 0.03827577260282711, 0.03827234565456772, 0.038272096854891524, 0.03827171485097103, 0.038271455329755066, 0.038271418610781094, 0.03827141326876127]}, "4": {"maxiter": 100, "gtol": 1e-10, "xrtol": 1e-05, "eps": 1e-05, "duration": 0.04948019981384277, "fun": "0.038271412939975824", "jac": "[-2.69241296e-06  9.14590625e-07  4.19653201e-07 -8.14071033e-07\n -5.11479747e-08  1.03624886e-06]", "hess_inv": "[[ 2.83383514  2.6579969   0.53126671 -0.69606303  1.51531649  1.99150124]\n [ 2.6579969   8.08295894  1.23694335 -2.16260505 -2.01813615 -2.3870332 ]\n [ 0.53126671  1.23694335  2.56179421 -0.51843036  0.73713637 -0.15173812]\n [-0.69606303 -2.16260505 -0.51843036  1.61566101  0.98468413  1.3537013 ]\n [ 1.51531649 -2.01813615  0.73713637  0.98468413 13.63082327 14.15753202]\n [ 1.99150124 -2.3870332  -0.15173812  1.3537013  14.15753202 18.03132098]]", "nfev": "140", "njev": "20", "status": "0", "success": "True", "message": "Optimization terminated successfully.", "x": "[ 4.44146251 -1.79141165  1.3756344   3.84610756  6.44159528  6.22985402]", "nit": "18", "callback": [0.5028698888114302, 0.2642058550746089, 0.21564570397373817, 0.15112484701477602, 0.12941650594398657, 0.10071255630971676, 0.058808181343212196, 0.04131110857439391, 0.038656061686948684, 0.038312173562951024, 0.038275738628941625, 0.038272363833442014, 0.03827211674708686, 0.03827173242115367, 0.038271460334125984, 0.038271420062883865, 0.03827141301572068, 0.038271412939975824]}, "5": {"maxiter": 100, "gtol": 1e-10, "xrtol": 1e-05, "eps": 1e-10, "duration": 0.051750898361206055, "fun": "0.0382714131349049", "jac": "[-4.44089173e-06 -2.22044587e-06  2.22044587e-06 -5.55111466e-06\n -2.22044587e-06  0.00000000e+00]", "hess_inv": "[[ 2.59838337  2.57686456  0.45288229 -0.73755778  0.9776529   1.3594978 ]\n [ 2.57686456  8.20845687  1.08807061 -2.20013101 -2.06637827 -2.317238  ]\n [ 0.45288229  1.08807061  2.64537833 -0.49911305  0.53184094 -0.4538032 ]\n [-0.73755778 -2.20013101 -0.49911305  1.58904556  0.82551536  1.09521754]\n [ 0.9776529  -2.06637827  0.53184094  0.82551536 12.06683021 12.34733357]\n [ 1.3594978  -2.317238   -0.4538032   1.09521754 12.34733357 15.89392329]]", "nfev": "140", "njev": "20", "status": "0", "success": "True", "message": "Optimization terminated successfully.", "x": "[ 4.44149098 -1.79137549  1.37564525  3.84612438  6.44149201  6.22971883]", "nit": "18", "callback": [0.502872437283146, 0.26420619802295175, 0.21564589980390936, 0.1511236448640726, 0.12941291488792928, 0.1007090963934526, 0.05880671514345137, 0.04131201680801588, 0.03865597830945122, 0.03831219816093567, 0.03827577260282711, 0.03827234565456772, 0.038272096854891524, 0.03827171485097103, 0.038271455329755066, 0.038271418610781094, 0.03827141326876127, 0.0382714131349049]}, "6": {"maxiter": 100, "gtol": 1e-10, "xrtol": 1e-10, "eps": 1e-05, "duration": 0.10225701332092285, "fun": "0.038271412939975824", "jac": "[-2.69241296e-06  9.14590625e-07  4.19653201e-07 -8.14071033e-07\n -5.11479747e-08  1.03624886e-06]", "hess_inv": "[[ 2.81672629  2.36408926  0.61859691 -0.67645541  1.45345223  1.76165309]\n [ 2.36408926  7.83836418  1.42996076 -2.17786192 -1.20411889 -1.52749574]\n [ 0.61859691  1.42996076  2.47169915 -0.52271619  0.54227279 -0.28670485]\n [-0.67645541 -2.17786192 -0.52271619  1.61899282  0.91804387  1.26475968]\n [ 1.45345223 -1.20411889  0.54227279  0.91804387 14.14026287 15.20461865]\n [ 1.76165309 -1.52749574 -0.28670485  1.26475968 15.20461865 19.75514   ]]", "nfev": "355", "njev": "49", "status": "2", "success": "False", "message": "Desired error not necessarily achieved due to precision loss.", "x": "[ 4.44146251 -1.79141165  1.3756344   3.84610756  6.44159528  6.22985402]", "nit": "18", "callback": [0.5028698888114302, 0.2642058550746089, 0.21564570397373817, 0.15112484701477602, 0.12941650594398657, 0.10071255630971676, 0.058808181343212196, 0.04131110857439391, 0.038656061686948684, 0.038312173562951024, 0.038275738628941625, 0.038272363833442014, 0.03827211674708686, 0.03827173242115367, 0.038271460334125984, 0.038271420062883865, 0.03827141301572068, 0.038271412939975824]}, "7": {"maxiter": 100, "gtol": 1e-10, "xrtol": 1e-10, "eps": 1e-10, "duration": 0.10281515121459961, "fun": "0.03827141282745772", "jac": "[-4.44089173e-06  2.22044587e-06 -1.11022293e-06  4.44089173e-06\n  4.44089173e-06 -4.44089173e-06]", "hess_inv": "[[  4.82983825   6.80771505  -1.48829799  -1.37001526  -1.73032694\n    0.1389578 ]\n [  6.80771505  17.62811609  -4.97043123  -4.42240659 -13.38761108\n   -8.97105698]\n [ -1.48829799  -4.97043123   4.92451731   1.20768048   9.02473751\n    7.30612838]\n [ -1.37001526  -4.42240659   1.20768048   2.50226703   6.22993062\n    5.45780538]\n [ -1.73032694 -13.38761108   9.02473751   6.22993062  45.47609472\n   41.57176468]\n [  0.1389578   -8.97105698   7.30612838   5.45780538  41.57176468\n   40.528897  ]]", "nfev": "287", "njev": "41", "status": "0", "success": "True", "message": "Optimization terminated successfully.", "x": "[ 4.44151646 -1.79135499  1.37564512  3.84613311  6.44156145  6.22979481]", "nit": "22", "callback": [0.502872437283146, 0.26420619802295175, 0.21564589980390936, 0.1511236448640726, 0.12941291488792928, 0.1007090963934526, 0.05880671514345137, 0.04131201680801588, 0.03865597830945122, 0.03831219816093567, 0.03827577260282711, 0.03827234565456772, 0.038272096854891524, 0.03827171485097103, 0.038271455329755066, 0.038271418610781094, 0.03827141326876127, 0.0382714131349049, 0.038271412960059314, 0.03827141287158775, 0.03827141282745772, 0.03827141282745772]}, "8": {"maxiter": 500, "gtol": 1e-05, "xrtol": 1e-05, "eps": 1e-05, "duration": 0.04015326499938965, "fun": "0.03827141301572068", "jac": "[-6.72253364e-06  6.51931842e-06 -2.95327096e-06  1.72255543e-06\n -2.14840368e-06  4.21095381e-06]", "hess_inv": "[[ 2.8643362   2.7380703   0.56030119 -0.70389395  1.66061216  2.15680464]\n [ 2.7380703   7.92560745  1.43778782 -2.15830678 -1.70006911 -2.24402585]\n [ 0.56030119  1.43778782  2.54718048 -0.53431223  0.8969321   0.10426496]\n [-0.70389395 -2.15830678 -0.53431223  1.61599063  0.95166612  1.33093685]\n [ 1.66061216 -1.70006911  0.8969321   0.95166612 14.31203151 14.89481113]\n [ 2.15680464 -2.24402585  0.10426496  1.33093685 14.89481113 18.69688154]]", "nfev": "133", "njev": "19", "status": "0", "success": "True", "message": "Optimization terminated successfully.", "x": "[ 4.44146315 -1.79138992  1.37562821  3.84610604  6.44160179  6.22987336]", "nit": "17", "callback": [0.5028698888114302, 0.2642058550746089, 0.21564570397373817, 0.15112484701477602, 0.12941650594398657, 0.10071255630971676, 0.058808181343212196, 0.04131110857439391, 0.038656061686948684, 0.038312173562951024, 0.038275738628941625, 0.038272363833442014, 0.03827211674708686, 0.03827173242115367, 0.038271460334125984, 0.038271420062883865, 0.03827141301572068]}, "9": {"maxiter": 500, "gtol": 1e-05, "xrtol": 1e-05, "eps": 1e-10, "duration": 0.04217886924743652, "fun": "0.03827141326876127", "jac": "[-9.99200639e-06  7.77156053e-06 -6.66133760e-06 -3.33066880e-06\n  0.00000000e+00  2.22044587e-06]", "hess_inv": "[[ 2.60293371  2.59182612  0.41638957 -0.72668772  0.96017938  1.39338491]\n [ 2.59182612  7.80682487  1.3835442  -2.15469205 -1.94051623 -2.49994535]\n [ 0.41638957  1.3835442   2.55516964 -0.5952259   0.50303918 -0.45451391]\n [-0.72668772 -2.15469205 -0.5952259   1.61480384  0.77983038  1.18249587]\n [ 0.96017938 -1.94051623  0.50303918  0.77983038 12.05938957 12.33680429]\n [ 1.39338491 -2.49994535 -0.45451391  1.18249587 12.33680429 15.95439019]]", "nfev": "133", "njev": "19", "status": "0", "success": "True", "message": "Optimization terminated successfully.", "x": "[ 4.4414875  -1.79134251  1.37563222  3.84611511  6.4414873   6.2297219 ]", "nit": "17", "callback": [0.502872437283146, 0.26420619802295175, 0.21564589980390936, 0.1511236448640726, 0.12941291488792928, 0.1007090963934526, 0.05880671514345137, 0.04131201680801588, 0.03865597830945122, 0.03831219816093567, 0.03827577260282711, 0.03827234565456772, 0.038272096854891524, 0.03827171485097103, 0.038271455329755066, 0.038271418610781094, 0.03827141326876127]}, "10": {"maxiter": 500, "gtol": 1e-05, "xrtol": 1e-10, "eps": 1e-05, "duration": 0.0350339412689209, "fun": "0.03827141301572068", "jac": "[-6.72253364e-06  6.51931842e-06 -2.95327096e-06  1.72255543e-06\n -2.14840368e-06  4.21095381e-06]", "hess_inv": "[[ 2.8643362   2.7380703   0.56030119 -0.70389395  1.66061216  2.15680464]\n [ 2.7380703   7.92560745  1.43778782 -2.15830678 -1.70006911 -2.24402585]\n [ 0.56030119  1.43778782  2.54718048 -0.53431223  0.8969321   0.10426496]\n [-0.70389395 -2.15830678 -0.53431223  1.61599063  0.95166612  1.33093685]\n [ 1.66061216 -1.70006911  0.8969321   0.95166612 14.31203151 14.89481113]\n [ 2.15680464 -2.24402585  0.10426496  1.33093685 14.89481113 18.69688154]]", "nfev": "133", "njev": "19", "status": "0", "success": "True", "message": "Optimization terminated successfully.", "x": "[ 4.44146315 -1.79138992  1.37562821  3.84610604  6.44160179  6.22987336]", "nit": "17", "callback": [0.5028698888114302, 0.2642058550746089, 0.21564570397373817, 0.15112484701477602, 0.12941650594398657, 0.10071255630971676, 0.058808181343212196, 0.04131110857439391, 0.038656061686948684, 0.038312173562951024, 0.038275738628941625, 0.038272363833442014, 0.03827211674708686, 0.03827173242115367, 0.038271460334125984, 0.038271420062883865, 0.03827141301572068]}, "11": {"maxiter": 500, "gtol": 1e-05, "xrtol": 1e-10, "eps": 1e-10, "duration": 0.04185891151428223, "fun": "0.03827141326876127", "jac": "[-9.99200639e-06  7.77156053e-06 -6.66133760e-06 -3.33066880e-06\n  0.00000000e+00  2.22044587e-06]", "hess_inv": "[[ 2.60293371  2.59182612  0.41638957 -0.72668772  0.96017938  1.39338491]\n [ 2.59182612  7.80682487  1.3835442  -2.15469205 -1.94051623 -2.49994535]\n [ 0.41638957  1.3835442   2.55516964 -0.5952259   0.50303918 -0.45451391]\n [-0.72668772 -2.15469205 -0.5952259   1.61480384  0.77983038  1.18249587]\n [ 0.96017938 -1.94051623  0.50303918  0.77983038 12.05938957 12.33680429]\n [ 1.39338491 -2.49994535 -0.45451391  1.18249587 12.33680429 15.95439019]]", "nfev": "133", "njev": "19", "status": "0", "success": "True", "message": "Optimization terminated successfully.", "x": "[ 4.4414875  -1.79134251  1.37563222  3.84611511  6.4414873   6.2297219 ]", "nit": "17", "callback": [0.502872437283146, 0.26420619802295175, 0.21564589980390936, 0.1511236448640726, 0.12941291488792928, 0.1007090963934526, 0.05880671514345137, 0.04131201680801588, 0.03865597830945122, 0.03831219816093567, 0.03827577260282711, 0.03827234565456772, 0.038272096854891524, 0.03827171485097103, 0.038271455329755066, 0.038271418610781094, 0.03827141326876127]}, "12": {"maxiter": 500, "gtol": 1e-10, "xrtol": 1e-05, "eps": 1e-05, "duration": 0.04010891914367676, "fun": "0.038271412939975824", "jac": "[-2.69241296e-06  9.14590625e-07  4.19653201e-07 -8.14071033e-07\n -5.11479747e-08  1.03624886e-06]", "hess_inv": "[[ 2.83383514  2.6579969   0.53126671 -0.69606303  1.51531649  1.99150124]\n [ 2.6579969   8.08295894  1.23694335 -2.16260505 -2.01813615 -2.3870332 ]\n [ 0.53126671  1.23694335  2.56179421 -0.51843036  0.73713637 -0.15173812]\n [-0.69606303 -2.16260505 -0.51843036  1.61566101  0.98468413  1.3537013 ]\n [ 1.51531649 -2.01813615  0.73713637  0.98468413 13.63082327 14.15753202]\n [ 1.99150124 -2.3870332  -0.15173812  1.3537013  14.15753202 18.03132098]]", "nfev": "140", "njev": "20", "status": "0", "success": "True", "message": "Optimization terminated successfully.", "x": "[ 4.44146251 -1.79141165  1.3756344   3.84610756  6.44159528  6.22985402]", "nit": "18", "callback": [0.5028698888114302, 0.2642058550746089, 0.21564570397373817, 0.15112484701477602, 0.12941650594398657, 0.10071255630971676, 0.058808181343212196, 0.04131110857439391, 0.038656061686948684, 0.038312173562951024, 0.038275738628941625, 0.038272363833442014, 0.03827211674708686, 0.03827173242115367, 0.038271460334125984, 0.038271420062883865, 0.03827141301572068, 0.038271412939975824]}, "13": {"maxiter": 500, "gtol": 1e-10, "xrtol": 1e-05, "eps": 1e-10, "duration": 0.042649269104003906, "fun": "0.0382714131349049", "jac": "[-4.44089173e-06 -2.22044587e-06  2.22044587e-06 -5.55111466e-06\n -2.22044587e-06  0.00000000e+00]", "hess_inv": "[[ 2.59838337  2.57686456  0.45288229 -0.73755778  0.9776529   1.3594978 ]\n [ 2.57686456  8.20845687  1.08807061 -2.20013101 -2.06637827 -2.317238  ]\n [ 0.45288229  1.08807061  2.64537833 -0.49911305  0.53184094 -0.4538032 ]\n [-0.73755778 -2.20013101 -0.49911305  1.58904556  0.82551536  1.09521754]\n [ 0.9776529  -2.06637827  0.53184094  0.82551536 12.06683021 12.34733357]\n [ 1.3594978  -2.317238   -0.4538032   1.09521754 12.34733357 15.89392329]]", "nfev": "140", "njev": "20", "status": "0", "success": "True", "message": "Optimization terminated successfully.", "x": "[ 4.44149098 -1.79137549  1.37564525  3.84612438  6.44149201  6.22971883]", "nit": "18", "callback": [0.502872437283146, 0.26420619802295175, 0.21564589980390936, 0.1511236448640726, 0.12941291488792928, 0.1007090963934526, 0.05880671514345137, 0.04131201680801588, 0.03865597830945122, 0.03831219816093567, 0.03827577260282711, 0.03827234565456772, 0.038272096854891524, 0.03827171485097103, 0.038271455329755066, 0.038271418610781094, 0.03827141326876127, 0.0382714131349049]}, "14": {"maxiter": 500, "gtol": 1e-10, "xrtol": 1e-10, "eps": 1e-05, "duration": 0.09600090980529785, "fun": "0.038271412939975824", "jac": "[-2.69241296e-06  9.14590625e-07  4.19653201e-07 -8.14071033e-07\n -5.11479747e-08  1.03624886e-06]", "hess_inv": "[[ 2.81672629  2.36408926  0.61859691 -0.67645541  1.45345223  1.76165309]\n [ 2.36408926  7.83836418  1.42996076 -2.17786192 -1.20411889 -1.52749574]\n [ 0.61859691  1.42996076  2.47169915 -0.52271619  0.54227279 -0.28670485]\n [-0.67645541 -2.17786192 -0.52271619  1.61899282  0.91804387  1.26475968]\n [ 1.45345223 -1.20411889  0.54227279  0.91804387 14.14026287 15.20461865]\n [ 1.76165309 -1.52749574 -0.28670485  1.26475968 15.20461865 19.75514   ]]", "nfev": "355", "njev": "49", "status": "2", "success": "False", "message": "Desired error not necessarily achieved due to precision loss.", "x": "[ 4.44146251 -1.79141165  1.3756344   3.84610756  6.44159528  6.22985402]", "nit": "18", "callback": [0.5028698888114302, 0.2642058550746089, 0.21564570397373817, 0.15112484701477602, 0.12941650594398657, 0.10071255630971676, 0.058808181343212196, 0.04131110857439391, 0.038656061686948684, 0.038312173562951024, 0.038275738628941625, 0.038272363833442014, 0.03827211674708686, 0.03827173242115367, 0.038271460334125984, 0.038271420062883865, 0.03827141301572068, 0.038271412939975824]}, "15": {"maxiter": 500, "gtol": 1e-10, "xrtol": 1e-10, "eps": 1e-10, "duration": 0.07849383354187012, "f