{"date": "2024/10/08/, 21:10:01", "conf_id": 30, "data_type": "random\n", "num_data_points": 2, "s_rank": 0, "unitary": "[[-0.45070455-0.02711853j,0.78437395-0.06613086j,0.06358678+0.19963393j,-0.07343613+0.35668523j],[-0.01890143-0.03813363j,0.32408202+0.25557629j,0.05872864-0.68979805j,0.55466693-0.20227297j],[-0.11215405+0.64023111j,-0.13344055+0.29565494j,-0.49012687-0.19046288j,-0.04241254+0.44046348j],[0.55771659+0.24656916j,0.31851997-0.05798805j,0.28761525-0.34294258j,-0.56718418+0.03616933j]]", "databatch_0": {"databatch": "[[[-0.0779512+0.17058044j,-0.2648647-0.02934216j,-0.05751179+0.14710999j,0.08781596+0.27454089j],[0.10279813+0.02315208j,-0.28872821-0.11699758j,-0.30792178+0.10987042j,0.14834643+0.11756917j],[-0.14125582-0.19919366j,-0.1373623+0.06774381j,-0.04063293+0.3209736j,-0.22335527-0.25204515j],[0.11212276-0.14854455j,0.11255005-0.10596502j,-0.15061384-0.12015637j,0.33704261+0.15644393j]],[[0.13334929-0.00945854j,-0.13555577+0.08033427j,0.25266927+0.027441j,-0.02407518-0.14516955j],[0.13743407+0.03762556j,-0.00757683-0.29500802j,0.28039991-0.09903875j,-0.09738428+0.23483749j],[-0.35529068-0.16965373j,0.25147201+0.00450129j,0.43608067+0.02872624j,0.33320977-0.12735869j],[0.03147809+0.0786476j,-0.09567823-0.19694754j,0.07721524-0.08056247j,0.05792725+0.05616959j]]]", "initial param values": "[0.32268454,1.33374293,2.30443771,2.83015364,0.76491604,3.02549603]", "nelder_mead": {"type": "gradient-free", "0": {"maxiter": 100, "fatol": 1e-05, "xatol": 1e-05, "duration": 0.044712066650390625, "fun": "0.4292005647925742", "nit": "100", "nfev": "159", "status": "2", "success": "False", "message": "Maximum number of iterations has been exceeded.", "x": "[0.97384664 1.31414486 0.51818763 4.57875861 1.17447061 1.94594549]", "final_simplex": "(array([[0.97384664, 1.31414486, 0.51818763, 4.57875861, 1.17447061,\n        1.94594549],\n       [0.96289451, 1.38547656, 0.411031  , 4.59290054, 1.11899542,\n        1.85888695],\n       [0.98473881, 1.44135805, 0.34321838, 4.56816503, 1.09787071,\n        1.83664116],\n       [0.96799727, 1.40757695, 0.35125678, 4.48280222, 1.11551365,\n        1.8883602 ],\n       [0.96539509, 1.3296534 , 0.32900856, 4.50869907, 1.14254005,\n        1.76793222],\n       [0.89927949, 1.31873679, 0.36798804, 4.52012682, 1.08422096,\n        1.85492804],\n       [0.96108384, 1.4053991 , 0.5346661 , 4.52430592, 1.1084252 ,\n        1.94162007]]), array([0.42920056, 0.43312735, 0.43400576, 0.43415134, 0.43557446,\n       0.43603288, 0.43610281]))", "callback": [0.7282194388807868, 0.7085308307257949, 0.6429830325423544, 0.508092656013133, 0.4897234450591973, 0.48912568242286436, 0.4818985111126315, 0.46723505217410155, 0.44702923651374094, 0.4361028121678968]}, "1": {"maxiter": 100, "fatol": 1e-05, "xatol": 1e-10, "duration": 0.050466060638427734, "fun": "0.4292005647925742", "nit": "100", "nfev": "159", "status": "2", "success": "False", "message": "Maximum number of iterations has been exceeded.", "x": "[0.97384664 1.31414486 0.51818763 4.57875861 1.17447061 1.94594549]", "final_simplex": "(array([[0.97384664, 1.31414486, 0.51818763, 4.57875861, 1.17447061,\n        1.94594549],\n       [0.96289451, 1.38547656, 0.411031  , 4.59290054, 1.11899542,\n        1.85888695],\n       [0.98473881, 1.44135805, 0.34321838, 4.56816503, 1.09787071,\n        1.83664116],\n       [0.96799727, 1.40757695, 0.35125678, 4.48280222, 1.11551365,\n        1.8883602 ],\n       [0.96539509, 1.3296534 , 0.32900856, 4.50869907, 1.14254005,\n        1.76793222],\n       [0.89927949, 1.31873679, 0.36798804, 4.52012682, 1.08422096,\n        1.85492804],\n       [0.96108384, 1.4053991 , 0.5346661 , 4.52430592, 1.1084252 ,\n        1.94162007]]), array([0.42920056, 0.43312735, 0.43400576, 0.43415134, 0.43557446,\n       0.43603288, 0.43610281]))", "callback": [0.7282194388807868, 0.7085308307257949, 0.6429830325423544, 0.508092656013133, 0.4897234450591973, 0.48912568242286436, 0.4818985111126315, 0.46723505217410155, 0.44702923651374094, 0.4361028121678968]}, "2": {"maxiter": 100, "fatol": 1e-10, "xatol": 1e-05, "duration": 0.04701590538024902, "fun": "0.4292005647925742", "nit": "100", "nfev": "159", "status": "2", "success": "False", "message": "Maximum number of iterations has been exceeded.", "x": "[0.97384664 1.31414486 0.51818763 4.57875861 1.17447061 1.94594549]", "final_simplex": "(array([[0.97384664, 1.31414486, 0.51818763, 4.57875861, 1.17447061,\n        1.94594549],\n       [0.96289451, 1.38547656, 0.411031  , 4.59290054, 1.11899542,\n        1.85888695],\n       [0.98473881, 1.44135805, 0.34321838, 4.56816503, 1.09787071,\n        1.83664116],\n       [0.96799727, 1.40757695, 0.35125678, 4.48280222, 1.11551365,\n        1.8883602 ],\n       [0.96539509, 1.3296534 , 0.32900856, 4.50869907, 1.14254005,\n        1.76793222],\n       [0.89927949, 1.31873679, 0.36798804, 4.52012682, 1.08422096,\n        1.85492804],\n       [0.96108384, 1.4053991 , 0.5346661 , 4.52430592, 1.1084252 ,\n        1.94162007]]), array([0.42920056, 0.43312735, 0.43400576, 0.43415134, 0.43557446,\n       0.43603288, 0.43610281]))", "callback": [0.7282194388807868, 0.7085308307257949, 0.6429830325423544, 0.508092656013133, 0.4897234450591973, 0.48912568242286436, 0.4818985111126315, 0.46723505217410155, 0.44702923651374094, 0.4361028121678968]}, "3": {"maxiter": 100, "fatol": 1e-10, "xatol": 1e-10, "duration": 0.04614400863647461, "fun": "0.4292005647925742", "nit": "100", "nfev": "159", "status": "2", "success": "False", "message": "Maximum number of iterations has been exceeded.", "x": "[0.97384664 1.31414486 0.51818763 4.57875861 1.17447061 1.94594549]", "final_simplex": "(array([[0.97384664, 1.31414486, 0.51818763, 4.57875861, 1.17447061,\n        1.94594549],\n       [0.96289451, 1.38547656, 0.411031  , 4.59290054, 1.11899542,\n        1.85888695],\n       [0.98473881, 1.44135805, 0.34321838, 4.56816503, 1.09787071,\n        1.83664116],\n       [0.96799727, 1.40757695, 0.35125678, 4.48280222, 1.11551365,\n        1.8883602 ],\n       [0.96539509, 1.3296534 , 0.32900856, 4.50869907, 1.14254005,\n        1.76793222],\n       [0.89927949, 1.31873679, 0.36798804, 4.52012682, 1.08422096,\n        1.85492804],\n       [0.96108384, 1.4053991 , 0.5346661 , 4.52430592, 1.1084252 ,\n        1.94162007]]), array([0.42920056, 0.43312735, 0.43400576, 0.43415134, 0.43557446,\n       0.43603288, 0.43610281]))", "callback": [0.7282194388807868, 0.7085308307257949, 0.6429830325423544, 0.508092656013133, 0.4897234450591973, 0.48912568242286436, 0.4818985111126315, 0.46723505217410155, 0.44702923651374094, 0.4361028121678968]}, "4": {"maxiter": 500, "fatol": 1e-05, "xatol": 1e-05, "duration": 0.1768951416015625, "fun": "0.3957386300453585", "nit": "351", "nfev": "553", "status": "0", "success": "True", "message": "Optimization terminated successfully.", "x": "[1.34866764 1.06324235 0.46713078 4.5580604  0.95236098 1.96662636]", "final_simplex": "(array([[1.34866764, 1.06324235, 0.46713078, 4.5580604 , 0.95236098,\n        1.96662636],\n       [1.34866556, 1.06323721, 0.46713127, 4.55805874, 0.95236273,\n        1.96662804],\n       [1.3486675 , 1.06324433, 0.46712406, 4.5580638 , 0.95236266,\n        1.9666246 ],\n       [1.34866919, 1.06324035, 0.46712694, 4.55806457, 0.95235804,\n        1.96662311],\n       [1.34867246, 1.06324055, 0.46712679, 4.55806129, 0.95235917,\n        1.96662379],\n       [1.34867048, 1.06324353, 0.46712801, 4.55806327, 0.95235977,\n        1.96662726],\n       [1.34866765, 1.06324305, 0.46712447, 4.55806022, 0.95235573,\n        1.96662279]]), array([0.39573863, 0.39573863, 0.39573863, 0.39573863, 0.39573863,\n       0.39573863, 0.39573863]))", "callback": [0.7282194388807868, 0.7085308307257949, 0.6429830325423544, 0.508092656013133, 0.4897234450591973, 0.48912568242286436, 0.4818985111126315, 0.46723505217410155, 0.44702923651374094, 0.4361028121678968, 0.4292005647925742, 0.42441301638705364, 0.4221727015322585, 0.4212827678955675, 0.41910624164616084, 0.4156998234042498, 0.4103351992963169, 0.4038324670828324, 0.4011308269564716, 0.3988031747872427, 0.3971559533536795, 0.39622909967354314, 0.39582414423106504, 0.3957700651816365, 0.3957430668308646, 0.39574101700813147, 0.39573920551990305, 0.3957387265771328, 0.39573865223056326, 0.39573863461312486, 0.39573863136631804, 0.39573863054745617, 0.3957386302002812, 0.39573863009767896, 0.39573863005367893, 0.3957386300453585]}, "5": {"maxiter": 500, "fatol": 1e-05, "xatol": 1e-10, "duration": 0.21689915657043457, "fun": "0.3957386300438416", "nit": "447", "nfev": "771", "status": "0", "success": "True", "message": "Optimization terminated successfully.", "x": "[1.34866753 1.0632409  0.46712759 4.55806125 0.95236132 1.96662536]", "final_simplex": "(array([[1.34866753, 1.0632409 , 0.46712759, 4.55806125, 0.95236132,\n        1.96662536],\n       [1.34866753, 1.0632409 , 0.46712759, 4.55806125, 0.95236132,\n        1.96662536],\n       [1.34866753, 1.0632409 , 0.46712759, 4.55806125, 0.95236132,\n        1.96662536],\n       [1.34866753, 1.0632409 , 0.46712759, 4.55806125, 0.95236132,\n        1.96662536],\n       [1.34866753, 1.0632409 , 0.46712759, 4.55806125, 0.95236132,\n        1.96662536],\n       [1.34866753, 1.0632409 , 0.46712759, 4.55806125, 0.95236132,\n        1.96662536],\n       [1.34866753, 1.0632409 , 0.46712759, 4.55806125, 0.95236132,\n        1.96662536]]), array([0.39573863, 0.39573863, 0.39573863, 0.39573863, 0.39573863,\n       0.39573863, 0.39573863]))", "callback": [0.7282194388807868, 0.7085308307257949, 0.6429830325423544, 0.508092656013133, 0.4897234450591973, 0.48912568242286436, 0.4818985111126315, 0.46723505217410155, 0.44702923651374094, 0.4361028121678968, 0.4292005647925742, 0.42441301638705364, 0.4221727015322585, 0.4212827678955675, 0.41910624164616084, 0.4156998234042498, 0.4103351992963169, 0.4038324670828324, 0.4011308269564716, 0.3988031747872427, 0.3971559533536795, 0.39622909967354314, 0.39582414423106504, 0.3957700651816365, 0.3957430668308646, 0.39574101700813147, 0.39573920551990305, 0.3957387265771328, 0.39573865223056326, 0.39573863461312486, 0.39573863136631804, 0.39573863054745617, 0.3957386302002812, 0.39573863009767896, 0.39573863005367893, 0.3957386300450516, 0.39573863004404397, 0.3957386300438629, 0.3957386300438478, 0.39573863004384335, 0.39573863004384213, 0.3957386300438419, 0.3957386300438416, 0.3957386300438416, 0.3957386300438416]}, "6": {"maxiter": 500, "fatol": 1e-10, "xatol": 1e-05, "duration": 0.17254304885864258, "fun": "0.3957386300453585", "nit": "351", "nfev": "553", "status": "0", "success": "True", "message": "Optimization terminated successfully.", "x": "[1.34866764 1.06324235 0.46713078 4.5580604  0.95236098 1.96662636]", "final_simplex": "(array([[1.34866764, 1.06324235, 0.46713078, 4.5580604 , 0.95236098,\n        1.96662636],\n       [1.34866556, 1.06323721, 0.46713127, 4.55805874, 0.95236273,\n        1.96662804],\n       [1.3486675 , 1.06324433, 0.46712406, 4.5580638 , 0.95236266,\n        1.9666246 ],\n       [1.34866919, 1.06324035, 0.46712694, 4.55806457, 0.95235804,\n        1.96662311],\n       [1.34867246, 1.06324055, 0.46712679, 4.55806129, 0.95235917,\n        1.96662379],\n       [1.34867048, 1.06324353, 0.46712801, 4.55806327, 0.95235977,\n        1.96662726],\n       [1.34866765, 1.06324305, 0.46712447, 4.55806022, 0.95235573,\n        1.96662279]]), array([0.39573863, 0.39573863, 0.39573863, 0.39573863, 0.39573863,\n       0.39573863, 0.39573863]))", "callback": [0.7282194388807868, 0.7085308307257949, 0.6429830325423544, 0.508092656013133, 0.4897234450591973, 0.48912568242286436, 0.4818985111126315, 0.46723505217410155, 0.44702923651374094, 0.4361028121678968, 0.4292005647925742, 0.42441301638705364, 0.4221727015322585, 0.4212827678955675, 0.41910624164616084, 0.4156998234042498, 0.4103351992963169, 0.4038324670828324, 0.4011308269564716, 0.3988031747872427, 0.3971559533536795, 0.39622909967354314, 0.39582414423106504, 0.3957700651816365, 0.3957430668308646, 0.39574101700813147, 0.39573920551990305, 0.3957387265771328, 0.39573865223056326, 0.39573863461312486, 0.39573863136631804, 0.39573863054745617, 0.3957386302002812, 0.39573863009767896, 0.39573863005367893, 0.3957386300453585]}, "7": {"maxiter": 500, "fatol": 1e-10, "xatol": 1e-10, "duration": 0.2588319778442383, "fun": "0.3957386300438416", "nit": "447", "nfev": "771", "status": "0", "success": "True", "message": "Optimization terminated successfully.", "x": "[1.34866753 1.0632409  0.46712759 4.55806125 0.95236132 1.96662536]", "final_simplex": "(array([[1.34866753, 1.0632409 , 0.46712759, 4.55806125, 0.95236132,\n        1.96662536],\n       [1.34866753, 1.0632409 , 0.46712759, 4.55806125, 0.95236132,\n        1.96662536],\n       [1.34866753, 1.0632409 , 0.46712759, 4.55806125, 0.95236132,\n        1.96662536],\n       [1.34866753, 1.0632409 , 0.46712759, 4.55806125, 0.95236132,\n        1.96662536],\n       [1.34866753, 1.0632409 , 0.46712759, 4.55806125, 0.95236132,\n        1.96662536],\n       [1.34866753, 1.0632409 , 0.46712759, 4.55806125, 0.95236132,\n        1.96662536],\n       [1.34866753, 1.0632409 , 0.46712759, 4.55806125, 0.95236132,\n        1.96662536]]), array([0.39573863, 0.39573863, 0.39573863, 0.39573863, 0.39573863,\n       0.39573863, 0.39573863]))", "callback": [0.7282194388807868, 0.7085308307257949, 0.6429830325423544, 0.508092656013133, 0.4897234450591973, 0.48912568242286436, 0.4818985111126315, 0.46723505217410155, 0.44702923651374094, 0.4361028121678968, 0.4292005647925742, 0.42441301638705364, 0.4221727015322585, 0.4212827678955675, 0.41910624164616084, 0.4156998234042498, 0.4103351992963169, 0.4038324670828324, 0.4011308269564716, 0.3988031747872427, 0.3971559533536795, 0.39622909967354314, 0.39582414423106504, 0.3957700651816365, 0.3957430668308646, 0.39574101700813147, 0.39573920551990305, 0.3957387265771328, 0.39573865223056326, 0.39573863461312486, 0.39573863136631804, 0.39573863054745617, 0.3957386302002812, 0.39573863009767896, 0.39573863005367893, 0.3957386300450516, 0.39573863004404397, 0.3957386300438629, 0.3957386300438478, 0.39573863004384335, 0.39573863004384213, 0.3957386300438419, 0.3957386300438416, 0.3957386300438416, 0.3957386300438416]}, "8": {"maxiter": 1000, "fatol": 1e-05, "xatol": 1e-05, "duration": 0.17423701286315918, "fun": "0.3957386300453585", "nit": "351", "nfev": "553", "status": "0", "success": "True", "message": "Optimization terminated successfully.", "x": "[1.34866764 1.06324235 0.46713078 4.5580604  0.95236098 1.96662636]", "final_simplex": "(array([[1.34866764, 1.06324235, 0.46713078, 4.5580604 , 0.95236098,\n        1.96662636],\n       [1.34866556, 1.06323721, 0.46713127, 4.55805874, 0.95236273,\n        1.96662804],\n       [1.3486675 , 1.06324433, 0.46712406, 4.5580638 , 0.95236266,\n        1.9666246 ],\n       [1.34866919, 1.06324035, 0.46712694, 4.55806457, 0.95235804,\n        1.96662311],\n       [1.34867246, 1.06324055, 0.46712679, 4.55806129, 0.95235917,\n        1.96662379],\n       [1.34867048, 1.06324353, 0.46712801, 4.55806327, 0.95235977,\n        1.96662726],\n       [1.34866765, 1.06324305, 0.46712447, 4.55806022, 0.95235573,\n        1.96662279]]), array([0.39573863, 0.39573863, 0.39573863, 0.39573863, 0.39573863,\n       0.39573863, 0.39573863]))", "callback": [0.7282194388807868, 0.7085308307257949, 0.6429830325423544, 0.508092656013133, 0.4897234450591973, 0.48912568242286436, 0.4818985111126315, 0.46723505217410155, 0.44702923651374094, 0.4361028121678968, 0.4292005647925742, 0.42441301638705364, 0.4221727015322585, 0.4212827678955675, 0.41910624164616084, 0.4156998234042498, 0.4103351992963169, 0.4038324670828324, 0.4011308269564716, 0.3988031747872427, 0.3971559533536795, 0.39622909967354314, 0.39582414423106504, 0.3957700651816365, 0.3957430668308646, 0.39574101700813147, 0.39573920551990305, 0.3957387265771328, 0.39573865223056326, 0.39573863461312486, 0.39573863136631804, 0.39573863054745617, 0.3957386302002812, 0.39573863009767896, 0.39573863005367893, 0.3957386300453585]}, "9": {"maxiter": 1000, "fatol": 1e-05, "xatol": 1e-10, "duration": 0.21494126319885254, "fun": "0.3957386300438416", "nit": "447", "nfev": "771", "status": "0", "success": "True", "message": "Optimization terminated successfully.", "x": "[1.34866753 1.0632409  0.46712759 4.55806125 0.95236132 1.96662536]", "final_simplex": "(array([[1.34866753, 1.0632409 , 0.46712759, 4.55806125, 0.95236132,\n        1.96662536],\n       [1.34866753, 1.0632409 , 0.46712759, 4.55806125, 0.95236132,\n        1.96662536],\n       [1.34866753, 1.0632409 , 0.46712759, 4.55806125, 0.95236132,\n        1.96662536],\n       [1.34866753, 1.0632409 , 0.46712759, 4.55806125, 0.95236132,\n        1.96662536],\n       [1.34866753, 1.0632409 , 0.46712759, 4.55806125, 0.95236132,\n        1.96662536],\n       [1.34866753, 1.0632409 , 0.46712759, 4.55806125, 0.95236132,\n        1.96662536],\n       [1.34866753, 1.0632409 , 0.46712759, 4.55806125, 0.95236132,\n        1.96662536]]), array([0.39573863, 0.39573863, 0.39573863, 0.39573863, 0.39573863,\n       0.39573863, 0.39573863]))", "callback": [0.7282194388807868, 0.7085308307257949, 0.6429830325423544, 0.508092656013133, 0.4897234450591973, 0.48912568242286436, 0.4818985111126315, 0.46723505217410155, 0.44702923651374094, 0.4361028121678968, 0.4292005647925742, 0.42441301638705364, 0.4221727015322585, 0.4212827678955675, 0.41910624164616084, 0.4156998234042498, 0.4103351992963169, 0.4038324670828324, 0.4011308269564716, 0.3988031747872427, 0.3971559533536795, 0.39622909967354314, 0.39582414423106504, 0.3957700651816365, 0.3957430668308646, 0.39574101700813147, 0.39573920551990305, 0.3957387265771328, 0.39573865223056326, 0.39573863461312486, 0.39573863136631804, 0.39573863054745617, 0.3957386302002812, 0.39573863009767896, 0.39573863005367893, 0.3957386300450516, 0.39573863004404397, 0.3957386300438629, 0.3957386300438478, 0.39573863004384335, 0.39573863004384213, 0.3957386300438419, 0.3957386300438416, 0.3957386300438416, 0.3957386300438416]}, "10": {"maxiter": 1000, "fatol": 1e-10, "xatol": 1e-05, "duration": 0.16224908828735352, "fun": "0.3957386300453585", "nit": "351", "nfev": "553", "status": "0", "success": "True", "message": "Optimization terminated successfully.", "x": "[1.34866764 1.06324235 0.46713078 4.5580604  0.95236098 1.96662636]", "final_simplex": "(array([[1.34866764, 1.06324235, 0.46713078, 4.5580604 , 0.95236098,\n        1.96662636],\n       [1.34866556, 1.06323721, 0.46713127, 4.55805874, 0.95236273,\n        1.96662804],\n       [1.3486675 , 1.06324433, 0.46712406, 4.5580638 , 0.95236266,\n        1.9666246 ],\n       [1.34866919, 1.06324035, 0.46712694, 4.55806457, 0.95235804,\n        1.96662311],\n       [1.34867246, 1.06324055, 0.46712679, 4.55806129, 0.95235917,\n        1.96662379],\n       [1.34867048, 1.06324353, 0.46712801, 4.55806327, 0.95235977,\n        1.96662726],\n       [1.34866765, 1.06324305, 0.46712447, 4.55806022, 0.95235573,\n        1.96662279]]), array([0.39573863, 0.39573863, 0.39573863, 0.39573863, 0.39573863,\n       0.39573863, 0.39573863]))", "callback": [0.7282194388807868, 0.7085308307257949, 0.6429830325423544, 0.508092656013133, 0.4897234450591973, 0.48912568242286436, 0.4818985111126315, 0.46723505217410155, 0.44702923651374094, 0.4361028121678968, 0.4292005647925742, 0.42441301638705364, 0.4221727015322585, 0.4212827678955675, 0.41910624164616084, 0.4156998234042498, 0.4103351992963169, 0.4038324670828324, 0.4011308269564716, 0.3988031747872427, 0.3971559533536795, 0.39622909967354314, 0.39582414423106504, 0.3957700651816365, 0.3957430668308646, 0.39574101700813147, 0.39573920551990305, 0.3957387265771328, 0.39573865223056326, 0.39573863461312486, 0.39573863136631804, 0.39573863054745617, 0.3957386302002812, 0.39573863009767896, 0.39573863005367893, 0.3957386300453585]}, "11": {"maxiter": 1000, "fatol": 1e-10, "xatol": 1e-10, "duration": 0.2165231704711914, "fun": "0.3957386300438416", "nit": "447", "nfev": "771", "status": "0", "success": "True", "message": "Optimization terminated successfully.", "x": "[1.34866753 1.0632409  0.46712759 4.55806125 0.95236132 1.96662536]", "final_simplex": "(array([[1.34866753, 1.0632409 , 0.46712759, 4.55806125, 0.95236132,\n        1.96662536],\n       [1.34866753, 1.0632409 , 0.46712759, 4.55806125, 0.95236132,\n        1.96662536],\n       [1.34866753, 1.0632409 , 0.46712759, 4.55806125, 0.95236132,\n        1.96662536],\n       [1.34866753, 1.0632409 , 0.46712759, 4.55806125, 0.95236132,\n        1.96662536],\n       [1.34866753, 1.0632409 , 0.46712759, 4.55806125, 0.95236132,\n        1.96662536],\n       [1.34866753, 1.0632409 , 0.46712759, 4.55806125, 0.95236132,\n        1.96662536],\n       [1.34866753, 1.0632409 , 0.46712759, 4.55806125, 0.95236132,\n        1.96662536]]), array([0.39573863, 0.39573863, 0.39573863, 0.39573863, 0.39573863,\n       0.39573863, 0.39573863]))", "callback": [0.7282194388807868, 0.7085308307257949, 0.6429830325423544, 0.508092656013133, 0.4897234450591973, 0.48912568242286436, 0.4818985111126315, 0.46723505217410155, 0.44702923651374094, 0.4361028121678968, 0.4292005647925742, 0.42441301638705364, 0.4221727015322585, 0.4212827678955675, 0.41910624164616084, 0.4156998234042498, 0.4103351992963169, 0.4038324670828324, 0.4011308269564716, 0.3988031747872427, 0.3971559533536795, 0.39622909967354314, 0.39582414423106504, 0.3957700651816365, 0.3957430668308646, 0.39574101700813147, 0.39573920551990305, 0.3957387265771328, 0.39573865223056326, 0.39573863461312486, 0.39573863136631804, 0.39573863054745617, 0.3957386302002812, 0.39573863009767896, 0.39573863005367893, 0.3957386300450516, 0.39573863004404397, 0.3957386300438629, 0.3957386300438478, 0.39573863004384335, 0.39573863004384213, 0.3957386300438419, 0.3957386300438416, 0.3957386300438416, 0.3957386300438416]}}, "bfgs": {"type": "gradient", "0": {"maxiter": 100, "gtol": 1e-05, "xrtol": 1e-05, "eps": 1e-05, "duration": 0.06169605255126953, "fun": "0.3957386300826171", "jac": "[ 3.59823282e-07 -1.21238575e-06  4.48674431e-07  6.51168008e-07\n -5.07160980e-07 -1.07287512e-06]", "hess_inv": "[[ 3.68048854  0.34059156 -0.71770028  0.1599464  -0.66453649 -0.93284078]\n [ 0.34059156  4.19040206 -2.01000874  0.82410644 -0.52561437 -1.93269159]\n [-0.71770028 -2.01000874  7.06643811 -2.29924453  0.69862548  4.18569099]\n [ 0.1599464   0.82410644 -2.29924453  4.27214897  0.20120097 -1.33450103]\n [-0.66453649 -0.52561437  0.69862548  0.20120097  4.98620491  1.43613906]\n [-0.93284078 -1.93269159  4.18569099 -1.33450103  1.43613906  6.19473753]]", "nfev": "196", "njev": "28", "status": "0", "success": "True", "message": "Optimization terminated successfully.", "x": "[1.34866719 1.06323595 0.46711768 4.55806164 0.95235049 1.96661011]", "nit": "25", "callback": [0.6976552358216395, 0.6235774596539845, 0.5881312017944005, 0.5760152919747216, 0.5588042900952379, 0.5519840743329264, 0.5439218398185429, 0.5089579490938426, 0.4968608623966987, 0.47781196841683526, 0.4485660989840665, 0.4262064499929884, 0.41654947499744144, 0.4078830228039739, 0.402579879188268, 0.39734102229785206, 0.3961672601514993, 0.3958231818726763, 0.39576386896958593, 0.39574062263076537, 0.39573926554380034, 0.3957388625326965, 0.3957386507638896, 0.3957386309816272, 0.3957386300826171]}, "1": {"maxiter": 100, "gtol": 1e-05, "xrtol": 1e-05, "eps": 1e-10, "duration": 0.06185770034790039, "fun": "0.39573863007052656", "jac": "[ 0.00000000e+00  0.00000000e+00 -1.11022293e-06  0.00000000e+00\n  0.00000000e+00 -4.44089173e-06]", "hess_inv": "[[ 3.67598961  0.3653501  -0.642191    0.16872923 -0.66798373 -0.86761135]\n [ 0.3653501   4.19811618 -1.96222411  0.85116332 -0.51458997 -1.88624022]\n [-0.642191   -1.96222411  6.67928465 -2.17214773  0.78540193  3.93837862]\n [ 0.16872923  0.85116332 -2.17214773  4.28379247  0.20961022 -1.22167199]\n [-0.66798373 -0.51458997  0.78540193  0.20961022  5.00245076  1.51587931]\n [-0.86761135 -1.88624022  3.93837862 -1.22167199  1.51587931  6.05469734]]", "nfev": "196", "njev": "28", "status": "0", "success": "True", "message": "Optimization terminated successfully.", "x": "[1.34867122 1.06324206 0.46711516 4.55806951 0.95236729 1.96661279]", "nit": "25", "callback": [0.6976554962924204, 0.6235779803085302, 0.5881316323745539, 0.5760161449562258, 0.558805278846624, 0.551984141491725, 0.5439237765023446, 0.5089603634474469, 0.4968621213856612, 0.47781418239858753, 0.4485704178399367, 0.4262060329653261, 0.41654493007599613, 0.40788395635377517, 0.4025804842697094, 0.3973416008744236, 0.3961674735257973, 0.3958231996215049, 0.3957638771500852, 0.3957406291117873, 0.3957392711853166, 0.3957388656136498, 0.3957386505497176, 0.3957386308594921, 0.39573863007052656]}, "2": {"maxiter": 100, "gtol": 1e-05, "xrtol": 1e-10, "eps": 1e-05, "duration": 0.056962013244628906, "fun": "0.3957386300826171", "jac": "[ 3.59823282e-07 -1.21238575e-06  4.48674431e-07  6.51168008e-07\n -5.07160980e-07 -1.07287512e-06]", "hess_inv": "[[ 3.68048854  0.34059156 -0.71770028  0.1599464  -0.66453649 -0.93284078]\n [ 0.34059156  4.19040206 -2.01000874  0.82410644 -0.52561437 -1.93269159]\n [-0.71770028 -2.01000874  7.06643811 -2.29924453  0.69862548  4.18569099]\n [ 0.1599464   0.82410644 -2.29924453  4.27214897  0.20120097 -1.33450103]\n [-0.66453649 -0.52561437  0.69862548  0.20120097  4.98620491  1.43613906]\n [-0.93284078 -1.93269159  4.18569099 -1.33450103  1.43613906  6.19473753]]", "nfev": "196", "njev": "28", "status": "0", "success": "True", "message": "Optimization terminated successfully.", "x": "[1.34866719 1.06323595 0.46711768 4.55806164 0.95235049 1.96661011]", "nit": "25", "callback": [0.6976552358216395, 0.6235774596539845, 0.5881312017944005, 0.5760152919747216, 0.5588042900952379, 0.5519840743329264, 0.5439218398185429, 0.5089579490938426, 0.4968608623966987, 0.47781196841683526, 0.4485660989840665, 0.4262064499929884, 0.41654947499744144, 0.4078830228039739, 0.402579879188268, 0.39734102229785206, 0.3961672601514993, 0.3958231818726763, 0.39576386896958593, 0.39574062263076537, 0.39573926554380034, 0.3957388625326965, 0.3957386507638896, 0.3957386309816272, 0.3957386300826171]}, "3": {"maxiter": 100, "gtol": 1e-05, "xrtol": 1e-10, "eps": 1e-10, "duration": 0.057003021240234375, "fun": "0.39573863007052656", "jac": "[ 0.00000000e+00  0.00000000e+00 -1.11022293e-06  0.00000000e+00\n  0.00000000e+00 -4.44089173e-06]", "hess_inv": "[[ 3.67598961  0.3653501  -0.642191    0.16872923 -0.66798373 -0.86761135]\n [ 0.3653501   4.19811618 -1.96222411  0.85116332 -0.51458997 -1.88624022]\n [-0.642191   -1.96222411  6.67928465 -2.17214773  0.78540193  3.93837862]\n [ 0.16872923  0.85116332 -2.17214773  4.28379247  0.20961022 -1.22167199]\n [-0.66798373 -0.51458997  0.78540193  0.20961022  5.00245076  1.51587931]\n [-0.86761135 -1.88624022  3.93837862 -1.22167199  1.51587931  6.05469734]]", "nfev": "196", "njev": "28", "status": "0", "success": "True", "message": "Optimization terminated successfully.", "x": "[1.34867122 1.06324206 0.46711516 4.55806951 0.95236729 1.96661279]", "nit": "25", "callback": [0.6976554962924204, 0.6235779803085302, 0.5881316323745539, 0.5760161449562258, 0.558805278846624, 0.551984141491725, 0.5439237765023446, 0.5089603634474469, 0.4968621213856612, 0.47781418239858753, 0.4485704178399367, 0.4262060329653261, 0.41654493007599613, 0.40788395635377517, 0.4025804842697094, 0.3973416008744236, 0.3961674735257973, 0.3958231996215049, 0.3957638771500852, 0.3957406291117873, 0.3957392711853166, 0.3957388656136498, 0.3957386505497176, 0.3957386308594921, 0.39573863007052656]}, "4": {"maxiter": 100, "gtol": 1e-10, "xrtol": 1e-05, "eps": 1e-05, "duration": 0.06712102890014648, "fun": "0.39573863006650367", "jac": "[-1.79856130e-08 -5.52113910e-08  3.37729844e-08 -1.00475184e-08\n -5.23914245e-08 -5.44786438e-08]", "hess_inv": "[[ 3.72981767  0.25590387 -0.73425261  0.20993423 -0.7569606  -1.0466972 ]\n [ 0.25590387  4.20793037 -1.90266974  0.71804025 -0.51368851 -1.82101764]\n [-0.73425261 -1.90266974  7.02327814 -2.30352018  0.82021657  4.27561622]\n [ 0.20993423  0.71804025 -2.30352018  4.319598    0.08430465 -1.46314691]\n [-0.7569606  -0.51368851  0.82021657  0.08430465  4.9909526   1.55329381]\n [-1.0466972  -1.82101764  4.27561622 -1.46314691  1.55329381  6.402616  ]]", "nfev": "203", "njev": "29", "status": "0", "success": "True", "message": "Optimization terminated successfully.", "x": "[1.34866484 1.06323913 0.46711899 4.55805913 0.95235391 1.96661497]", "nit": "26", "callback": [0.6976552358216395, 0.6235774596539845, 0.5881312017944005, 0.5760152919747216, 0.5588042900952379, 0.5519840743329264, 0.5439218398185429, 0.5089579490938426, 0.4968608623966987, 0.47781196841683526, 0.4485660989840665, 0.4262064499929884, 0.41654947499744144, 0.4078830228039739, 0.402579879188268, 0.39734102229785206, 0.3961672601514993, 0.3958231818726763, 0.39576386896958593, 0.39574062263076537, 0.39573926554380034, 0.3957388625326965, 0.3957386507638896, 0.3957386309816272, 0.3957386300826171, 0.39573863006650367]}, "5": {"maxiter": 100, "gtol": 1e-10, "xrtol": 1e-05, "eps": 1e-10, "duration": 0.06152606010437012, "fun": "0.395738630053625", "jac": "[ 2.22044587e-06 -1.11022293e-06  1.11022293e-06  1.11022293e-06\n  2.22044587e-06  0.00000000e+00]", "hess_inv": "[[ 4.01060172  0.74329779 -1.67765989  0.67305002 -0.9571729  -2.15985336]\n [ 0.74329779  4.11554709 -2.11472597  1.33064528 -0.49600537 -2.05963226]\n [-1.67765989 -2.11472597  7.85314958 -3.55280829  0.99111438  5.36954384]\n [ 0.67305002  1.33064528 -3.55280829  5.02794157 -0.16515974 -2.94171017]\n [-0.9571729  -0.49600537  0.99111438 -0.16515974  5.01844847  1.76113375]\n [-2.15985336 -2.05963226  5.36954384 -2.94171017  1.76113375  7.79802551]]", "nfev": "210", "njev": "30", "status": "0", "success": "True", "message": "Optimization terminated successfully.", "x": "[1.34866767 1.0632385  0.46712525 4.55806424 0.95237005 1.96662537]", "nit": "26", "callback": [0.6976554962924204, 0.6235779803085302, 0.5881316323745539, 0.5760161449562258, 0.558805278846624, 0.551984141491725, 0.5439237765023446, 0.5089603634474469, 0.4968621213856612, 0.47781418239858753, 0.4485704178399367, 0.4262060329653261, 0.41654493007599613, 0.40788395635377517, 0.4025804842697094, 0.3973416008744236, 0.3961674735257973, 0.3958231996215049, 0.3957638771500852, 0.3957406291117873, 0.3957392711853166, 0.3957388656136498, 0.3957386505497176, 0.3957386308594921, 0.39573863007052656, 0.395738630053625]}, "6": {"maxiter": 100, "gtol": 1e-10, "xrtol": 1e-10, "eps": 1e-05, "duration": 0.08093714714050293, "fun": "0.3957386300656832", "jac": "[-9.88098492e-10  2.99760217e-10  2.52020627e-09  3.44169138e-10\n -6.55031585e-10 -6.88338275e-10]", "hess_inv": "[[ 3.70972937  0.26763155 -0.71711917  0.18150401 -0.75146816 -1.01958285]\n [ 0.26763155  4.28033566 -1.98964882  0.74483505 -0.41724234 -1.78405039]\n [-0.71711917 -1.98964882  7.06497077 -2.2991248   0.71001921  4.19279921]\n [ 0.18150401  0.74483505 -2.2991248   4.27531226  0.1001997  -1.4225122 ]\n [-0.75146816 -0.41724234  0.71001921  0.1001997   5.11063543  1.60829458]\n [-1.01958285 -1.78405039  4.19279921 -1.4225122   1.60829458  6.39735934]]", "nfev": "298", "njev": "41", "status": "2", "success": "False", "message": "Desired error not necessarily achieved due to precision loss.", "x": "[1.34866485 1.06323933 0.46711889 4.55805922 0.95235421 1.96661513]", "nit": "27", "callback": [0.6976552358216395, 0.6235774596539845, 0.5881312017944005, 0.5760152919747216, 0.5588042900952379, 0.5519840743329264, 0.5439218398185429, 0.5089579490938426, 0.4968608623966987, 0.47781196841683526, 0.4485660989840665, 0.4262064499929884, 0.41654947499744144, 0.4078830228039739, 0.402579879188268, 0.39734102229785206, 0.3961672601514993, 0.3958231818726763, 0.39576386896958593, 0.39574062263076537, 0.39573926554380034, 0.3957388625326965, 0.3957386507638896, 0.3957386309816272, 0.3957386300826171, 0.39573863006650367, 0.3957386300656832]}, "7": {"maxiter": 100, "gtol": 1e-10, "xrtol": 1e-10, "eps": 1e-10, "duration": 0.1902761459350586, "fun": "0.3957386300476392", "jac": "[1.11022293e-06 1.11022293e-06 1.11022293e-06 1.11022293e-06\n 1.11022293e-06 1.11022293e-06]", "hess_inv": "[[ 0.0627829  -0.11614756 -0.00097732 -0.07559647  0.0882702   0.06390859]\n [-0.11614756  0.4364378   0.0120756   0.18638536 -0.28371274 -0.24496269]\n [-0.00097732  0.0120756   0.00592017  0.00075238 -0.00532726 -0.00918197]\n [-0.07559647  0.18638536  0.00075238  0.10314712 -0.13088313 -0.10137448]\n [ 0.0882702  -0.28371274 -0.00532726 -0.13088313  0.19341342  0.16013497]\n [ 0.06390859 -0.24496269 -0.00918197 -0.10137448  0.16013497  0.14525744]]", "nfev": "663", "njev": "93", "status": "2", "success": "False", "message": "Desired error not necessarily achieved due to precision loss.", "x": "[1.34866334 1.06323992 0.4671297  4.55805803 0.95236254 1.96662916]", "nit": "37", "callback": [0.6976554962924204, 0.6235779803085302, 0.5881316323745539, 0.5760161449562258, 0.558805278846624, 0.551984141491725, 0.5439237765023446, 0.5089603634474469, 0.4968621213856612, 0.47781418239858753, 0.4485704178399367, 0.4262060329653261, 0.41654493007599613, 0.40788395635377517, 0.4025804842697094, 0.3973416008744236, 0.3961674735257973, 0.3958231996215049, 0.3957638771500852, 0.3957406291117873, 0.3957392711853166, 0.3957388656136498, 0.3957386505497176, 0.3957386308594921, 0.39573863007052656, 0.395738630053625, 0.3957386300483078, 0.3957386300481225, 0.39573863004806453, 0.39573863004801824, 0.3957386300477783, 0.39573863004771226, 0.3957386300477097, 0.39573863004770726, 0.3957386300476915, 0.3957386300476692, 0.3957386300476392]}, "8": {"maxiter": 500, "gtol": 1e-05, "xrtol": 1e-05, "eps": 1e-05, "duration": 0.05740189552307129, "fun": "0.3957386300826171", "jac": "[ 3.59823282e-07 -1.21238575e-06  4.48674431e-07  6.51168008e-07\n -5.07160980e-07 -1.07287512e-06]", "hess_inv": "[[ 3.68048854  0.34059156 -0.71770028  0.1599464  -0.66453649 -0.93284078]\n [ 0.34059156  4.19040206 -2.01000874  0.82410644 -0.52561437 -1.93269159]\n [-0.71770028 -2.01000874  7.06643811 -2.29924453  0.69862548  4.18569099]\n [ 0.1599464   0.82410644 -2.29924453  4.27214897  0.20120097 -1.33450103]\n [-0.66453649 -0.52561437  0.69862548  0.20120097  4.98620491  1.43613906]\n [-0.93284078 -1.93269159  4.18569099 -1.33450103  1.43613906  6.19473753]]", "nfev": "196", "njev": "28", "status": "0", "success": "True", "message": "Optimization terminated successfully.", "x": "[1.34866719 1.06323595 0.46711768 4.55806164 0.95235049 1.96661011]", "nit": "25", "callback": [0.6976552358216395, 0.6235774596539845, 0.5881312017944005, 0.5760152919747216, 0.5588042900952379, 0.5519840743329264, 0.5439218398185429, 0.5089579490938426, 0.4968608623966987, 0.47781196841683526, 0.4485660989840665, 0.4262064499929884, 0.41654947499744144, 0.4078830228039739, 0.402579879188268, 0.39734102229785206, 0.3961672601514993, 0.3958231818726763, 0.39576386896958593, 0.39574062263076537, 0.39573926554380034, 0.3957388625326965, 0.3957386507638896, 0.3957386309816272, 0.3957386300826171]}, "9": {"maxiter": 500, "gtol": 1e-05, "xrtol": 1e-05, "eps": 1e-10, "duration": 0.05618715286254883, "fun": "0.39573863007052656", "jac": "[ 0.00000000e+00  0.00000000e+00 -1.11022293e-06  0.00000000e+00\n  0.00000000e+00 -4.44089173e-06]", "hess_inv": "[[ 3.67598961  0.3653501  -0.642191    0.16872923 -0.66798373 -0.86761135]\n [ 0.3653501   4.19811618 -1.96222411  0.85116332 -0.51458997 -1.88624022]\n [-0.642191   -1.96222411  6.67928465 -2.17214773  0.78540193  3.93837862]\n [ 0.16872923  0.85116332 -2.17214773  4.28379247  0.20961022 -1.22167199]\n [-0.66798373 -0.51458997  0.78540193  0.20961022  5.00245076  1.51587931]\n [-0.86761135 -1.88624022  3.93837862 -1.22167199  1.51587931  6.05469734]]", "nfev": "196", "njev": "28", "status": "0", "success": "True", "message": "Optimization terminated successfully.", "x": "[1.34867122 1.06324206 0.46711516 4.55806951 0.95236729 1.96661279]", "nit": "25", "callback": [0.6976554962924204, 0.6235779803085302, 0.5881316323745539, 0.5760161449562258, 0.558805278846624, 0.551984141491725, 0.5439237765023446, 0.5089603634474469, 0.4968621213856612, 0.47781418239858753, 0.4485704178399367, 0.4262060329653261, 0.41654493007599613, 0.40788395635377517, 0.4025804842697094, 0.3973416008744236, 0.3961674735257973, 0.3958231996215049, 0.3957638771500852, 0.3957406291117873, 0.3957392711853166, 0.3957388656136498, 0.3957386505497176, 0.3957386308594921, 0.39573863007052656]}, "10": {"maxiter": 500, "gtol": 1e-05, "xrtol": 1e-10, "eps": 1e-05, "duration": 0.07545876502990723, "fun": "0.3957386300826171", "jac": "[ 3.59823282e-07 -1.21238575e-06  4.48674431e-07  6.51168008e-07\n -5.07160980e-07 -1.07287512e-06]", "hess_inv": "[[ 3.68048854  0.34059156 -0.71770028  0.1599464  -0.66453649 -0.93284078]\n [ 0.34059156  4.19040206 -2.01000874  0.82410644 -0.52561437 -1.93269159]\n [-0.71770028 -2.01000874  7.06643811 -2.29924453  0.69862548  4.18569099]\n [ 0.1599464   0.82410644 -2.29924453  4.27214897  0.20120097 -1.33450103]\n [-0.66453649 -0.52561437  0.69862548  0.20120097  4.98620491  1.43613906]\n [-0.93284078 -1.93269159  4.18569099 -1.33450103  1.43613906  6.19473753]]", "nfev": "196", "njev": "28", "status": "0", "success": "True", "message": "Optimization terminated successfully.", "x": "[1.34866719 1.06323595 0.46711768 4.55806164 0.95235049 1.96661011]", "nit": "25", "callback": [0.6976552358216395, 0.6235774596539845, 0.5881312017944005, 0.5760152919747216, 0.5588042900952379, 0.5519840743329264, 0.5439218398185429, 0.5089579490938426, 0.4968608623966987, 0.47781196841683526, 0.4485660989840665, 0.4262064499929884, 0.41654947499744144, 0.4078830228039739, 0.402579879188268, 0.39734102229785206, 0.3961672601514993, 0.3958231818726763, 0.39576386896958593, 0.39574062263076537, 0.39573926554380034, 0.3957388625326965, 0.3957386507638896, 0.3957386309816272, 0.3957386300826171]}, "11": {"maxiter": 500, "gtol": 1e-05, "xrtol": 1e-10, "eps": 1e-10, "duration": 0.05825686454772949, "fun": "0.39573863007052656", "jac": "[ 0.00000000e+00  0.00000000e+00 -1.11022293e-06  0.00000000e+00\n  0.00000000e+00 -4.44089173e-06]", "hess_inv": "[[ 3.67598961  0.3653501  -0.642191    0.16872923 -0.66798373 -0.86761135]\n [ 0.3653501   4.19811618 -1.96222411  0.85116332 -0.51458997 -1.88624022]\n [-0.642191   -1.96222411  6.67928465 -2.17214773  0.78540193  3.93837862]\n [ 0.16872923  0.85116332 -2.17214773  4.28379247  0.20961022 -1.22167199]\n [-0.66798373 -0.51458997  0.78540193  0.20961022  5.00245076  1.51587931]\n [-0.86761135 -1.88624022  3.93837862 -1.22167199  1.51587931  6.05469734]]", "nfev": "196", "njev": "28", "status": "0", "success": "True", "message": "Optimization terminated successfully.", "x": "[1.34867122 1.06324206 0.46711516 4.55806951 0.95236729 1.96661279]", "nit": "25", "callback": [0.6976554962924204, 0.6235779803085302, 0.5881316323745539, 0.5760161449562258, 0.558805278846624, 0.551984141491725, 0.5439237765023446, 0.5089603634474469, 0.4968621213856612, 0.47781418239858753, 0.4485704178399367, 0.4262060329653261, 0.41654493007599613, 0.40788395635377517, 0.4025804842697094, 0.3973416008744236, 0.3961674735257973, 0.3958231996215049, 0.3957638771500852, 0.3957406291117873, 0.3957392711853166, 0.3957388656136498, 0.3957386505497176, 0.3957386308594921, 0.39573863007052656]}, "12": {"maxiter": 500, "gtol": 1e-10, "xrtol": 1e-05, "eps": 1e-05, "duration": 0.05872797966003418, "fun": "0.39573863006650367", "jac": "[-1.79856130e-08 -5.52113910e-08  3.37729844e-08 -1.00475184e-08\n -5.23914245e-08 -5.44786438e-08]", "hess_inv": "[[ 3.72981767  0.25590387 -0.73425261  0.20993423 -0.7569606  -1.0466972 ]\n [ 0.25590387  4.20793037 -1.90266974  0.71804025 -0.51368851 -1.82101764]\n [-0.73425261 -1.90266974  7.02327814 -2.30352018  0.82021657  4.27561622]\n [ 0.20993423  0.71804025 -2.30352