{"date": "2024/09/23/, 19:15:47", "conf_id": 49, "data_type": "random\n", "num_data_points": 3, "s_rank": 0, "unitary": "[[-0.24866696+0.58742286j,-0.44704345-0.43151574j,-0.35669027-0.20570733j,-0.10517633+0.1626036j],[0.10596805-0.19687975j,-0.30269685-0.15056416j,0.18246286+0.30440582j,-0.83484447-0.11310748j],[0.26054512-0.52548482j,0.0285017-0.50723956j,-0.43110112+0.17165838j,0.15243271+0.39915801j],[0.42978035+0.11991271j,-0.17224126-0.46030424j,0.6827807-0.15164662j,0.26483638+0.0061855j]]", "databatch_0": {"databatch": "[[[0.28922149-0.2432114j,-0.02960354-0.43464031j,0.4442553-0.09066783j,-0.04040942+0.13724789j],[-0.21645376-0.23002494j,-0.28786883+0.046947j,-0.16796853-0.329078j,0.11684156-0.03126439j],[-0.01422867+0.0459464j,-0.02955706-0.02040926j,0.0535575+0.06905613j,-0.05586613+0.03346767j],[-0.05755246+0.05026346j,0.11892816-0.01184969j,-0.14298517+0.17522011j,-0.07348639-0.11503835j]],[[-0.182582+0.19945936j,-0.0418316+0.14933506j,0.15420057+0.19465316j,-0.01152629+0.06632588j],[0.45342119-0.19635874j,0.26941554-0.19769752j,-0.09408111-0.58645244j,0.08821186-0.1839246j],[0.02320607+0.0919887j,0.01645088+0.06619666j,0.13087538+0.01937843j,0.04043728+0.03428682j],[0.03310312+0.15174308j,0.01944006+0.05903852j,0.13230032+0.05359302j,0.01763521+0.06152924j]],[[-0.35885792-0.05510155j,-0.13845324+0.09001225j,-0.41176264-0.21670852j,0.13504493-0.22547774j],[0.19366066+0.03826426j,0.19239969-0.04568999j,0.28244495+0.30644672j,-0.10918617+0.05965718j],[0.24549694-0.0484107j,-0.00205444+0.02230577j,0.10243752-0.00343168j,0.04277432+0.18439634j],[0.07964156-0.15598064j,0.14010473-0.12630672j,0.32719738+0.06658191j,0.01462541+0.02596376j]]]", "initial param values": "[3.24695565,4.92411454,4.02210696,6.13703298,1.69153712,1.02685382]", "nelder_mead": {"type": "gradient-free", "0": {"maxiter": 100, "fatol": 1e-05, "xatol": 1e-05, "duration": 0.05327796936035156, "fun": "0.3392012154658951", "nit": "100", "nfev": "152", "status": "2", "success": "False", "message": "Maximum number of iterations has been exceeded.", "x": "[0.02570106 6.50054671 5.75737282 8.95495904 1.63153113 0.75184316]", "final_simplex": "(array([[ 2.57010609e-02,  6.50054671e+00,  5.75737282e+00,\n         8.95495904e+00,  1.63153113e+00,  7.51843162e-01],\n       [-1.38700356e-02,  6.49339878e+00,  5.76539480e+00,\n         9.02883741e+00,  1.61147426e+00,  7.68950529e-01],\n       [-1.68722006e-02,  6.51399991e+00,  5.76082085e+00,\n         9.01775554e+00,  1.62787211e+00,  7.54921702e-01],\n       [-3.20052125e-02,  6.44971538e+00,  5.78435469e+00,\n         8.99174788e+00,  1.62567642e+00,  7.75136248e-01],\n       [-4.36990621e-03,  6.47509213e+00,  5.74481292e+00,\n         8.99598010e+00,  1.63513055e+00,  7.65385759e-01],\n       [ 1.18386938e-02,  6.49716467e+00,  5.80619402e+00,\n         8.99701293e+00,  1.60646864e+00,  7.60587345e-01],\n       [ 1.26468570e-02,  6.49328295e+00,  5.77723945e+00,\n         8.95844120e+00,  1.62365998e+00,  7.62292125e-01]]), array([0.33920122, 0.33920927, 0.33929407, 0.33942588, 0.33943717,\n       0.33944022, 0.3394433 ]))", "callback": [0.7679500622894954, 0.5381082478622119, 0.35069820101774474, 0.35069820101774474, 0.3461425272685714, 0.34195084713164825, 0.340693759893801, 0.34002558546608097, 0.3394800934837391]}, "1": {"maxiter": 100, "fatol": 1e-05, "xatol": 1e-10, "duration": 0.04658007621765137, "fun": "0.3392012154658951", "nit": "100", "nfev": "152", "status": "2", "success": "False", "message": "Maximum number of iterations has been exceeded.", "x": "[0.02570106 6.50054671 5.75737282 8.95495904 1.63153113 0.75184316]", "final_simplex": "(array([[ 2.57010609e-02,  6.50054671e+00,  5.75737282e+00,\n         8.95495904e+00,  1.63153113e+00,  7.51843162e-01],\n       [-1.38700356e-02,  6.49339878e+00,  5.76539480e+00,\n         9.02883741e+00,  1.61147426e+00,  7.68950529e-01],\n       [-1.68722006e-02,  6.51399991e+00,  5.76082085e+00,\n         9.01775554e+00,  1.62787211e+00,  7.54921702e-01],\n       [-3.20052125e-02,  6.44971538e+00,  5.78435469e+00,\n         8.99174788e+00,  1.62567642e+00,  7.75136248e-01],\n       [-4.36990621e-03,  6.47509213e+00,  5.74481292e+00,\n         8.99598010e+00,  1.63513055e+00,  7.65385759e-01],\n       [ 1.18386938e-02,  6.49716467e+00,  5.80619402e+00,\n         8.99701293e+00,  1.60646864e+00,  7.60587345e-01],\n       [ 1.26468570e-02,  6.49328295e+00,  5.77723945e+00,\n         8.95844120e+00,  1.62365998e+00,  7.62292125e-01]]), array([0.33920122, 0.33920927, 0.33929407, 0.33942588, 0.33943717,\n       0.33944022, 0.3394433 ]))", "callback": [0.7679500622894954, 0.5381082478622119, 0.35069820101774474, 0.35069820101774474, 0.3461425272685714, 0.34195084713164825, 0.340693759893801, 0.34002558546608097, 0.3394800934837391]}, "2": {"maxiter": 100, "fatol": 1e-10, "xatol": 1e-05, "duration": 0.04849886894226074, "fun": "0.3392012154658951", "nit": "100", "nfev": "152", "status": "2", "success": "False", "message": "Maximum number of iterations has been exceeded.", "x": "[0.02570106 6.50054671 5.75737282 8.95495904 1.63153113 0.75184316]", "final_simplex": "(array([[ 2.57010609e-02,  6.50054671e+00,  5.75737282e+00,\n         8.95495904e+00,  1.63153113e+00,  7.51843162e-01],\n       [-1.38700356e-02,  6.49339878e+00,  5.76539480e+00,\n         9.02883741e+00,  1.61147426e+00,  7.68950529e-01],\n       [-1.68722006e-02,  6.51399991e+00,  5.76082085e+00,\n         9.01775554e+00,  1.62787211e+00,  7.54921702e-01],\n       [-3.20052125e-02,  6.44971538e+00,  5.78435469e+00,\n         8.99174788e+00,  1.62567642e+00,  7.75136248e-01],\n       [-4.36990621e-03,  6.47509213e+00,  5.74481292e+00,\n         8.99598010e+00,  1.63513055e+00,  7.65385759e-01],\n       [ 1.18386938e-02,  6.49716467e+00,  5.80619402e+00,\n         8.99701293e+00,  1.60646864e+00,  7.60587345e-01],\n       [ 1.26468570e-02,  6.49328295e+00,  5.77723945e+00,\n         8.95844120e+00,  1.62365998e+00,  7.62292125e-01]]), array([0.33920122, 0.33920927, 0.33929407, 0.33942588, 0.33943717,\n       0.33944022, 0.3394433 ]))", "callback": [0.7679500622894954, 0.5381082478622119, 0.35069820101774474, 0.35069820101774474, 0.3461425272685714, 0.34195084713164825, 0.340693759893801, 0.34002558546608097, 0.3394800934837391]}, "3": {"maxiter": 100, "fatol": 1e-10, "xatol": 1e-10, "duration": 0.049030303955078125, "fun": "0.3392012154658951", "nit": "100", "nfev": "152", "status": "2", "success": "False", "message": "Maximum number of iterations has been exceeded.", "x": "[0.02570106 6.50054671 5.75737282 8.95495904 1.63153113 0.75184316]", "final_simplex": "(array([[ 2.57010609e-02,  6.50054671e+00,  5.75737282e+00,\n         8.95495904e+00,  1.63153113e+00,  7.51843162e-01],\n       [-1.38700356e-02,  6.49339878e+00,  5.76539480e+00,\n         9.02883741e+00,  1.61147426e+00,  7.68950529e-01],\n       [-1.68722006e-02,  6.51399991e+00,  5.76082085e+00,\n         9.01775554e+00,  1.62787211e+00,  7.54921702e-01],\n       [-3.20052125e-02,  6.44971538e+00,  5.78435469e+00,\n         8.99174788e+00,  1.62567642e+00,  7.75136248e-01],\n       [-4.36990621e-03,  6.47509213e+00,  5.74481292e+00,\n         8.99598010e+00,  1.63513055e+00,  7.65385759e-01],\n       [ 1.18386938e-02,  6.49716467e+00,  5.80619402e+00,\n         8.99701293e+00,  1.60646864e+00,  7.60587345e-01],\n       [ 1.26468570e-02,  6.49328295e+00,  5.77723945e+00,\n         8.95844120e+00,  1.62365998e+00,  7.62292125e-01]]), array([0.33920122, 0.33920927, 0.33929407, 0.33942588, 0.33943717,\n       0.33944022, 0.3394433 ]))", "callback": [0.7679500622894954, 0.5381082478622119, 0.35069820101774474, 0.35069820101774474, 0.3461425272685714, 0.34195084713164825, 0.340693759893801, 0.34002558546608097, 0.3394800934837391]}, "4": {"maxiter": 500, "fatol": 1e-05, "xatol": 1e-05, "duration": 0.23260807991027832, "fun": "0.25373082043452877", "nit": "482", "nfev": "747", "status": "0", "success": "True", "message": "Optimization terminated successfully.", "x": "[-0.31472214  7.83478542  4.56616855  8.38810363  0.80934585 -0.2018572 ]", "final_simplex": "(array([[-0.31472214,  7.83478542,  4.56616855,  8.38810363,  0.80934585,\n        -0.2018572 ],\n       [-0.31471966,  7.83479041,  4.56615928,  8.38810217,  0.80934847,\n        -0.20185601],\n       [-0.31472097,  7.83478379,  4.56616642,  8.38810275,  0.80935029,\n        -0.20185619],\n       [-0.3147203 ,  7.83478133,  4.56617047,  8.38810148,  0.80934921,\n        -0.20185419],\n       [-0.31472071,  7.83478812,  4.56616333,  8.38810196,  0.80935295,\n        -0.20185513],\n       [-0.31471982,  7.83478761,  4.56616603,  8.3881062 ,  0.80934701,\n        -0.20185467],\n       [-0.31472196,  7.83478543,  4.56616067,  8.38809963,  0.80935263,\n        -0.20185178]]), array([0.25373082, 0.25373082, 0.25373082, 0.25373082, 0.25373082,\n       0.25373082, 0.25373082]))", "callback": [0.7679500622894954, 0.5381082478622119, 0.35069820101774474, 0.35069820101774474, 0.3461425272685714, 0.34195084713164825, 0.340693759893801, 0.34002558546608097, 0.3394800934837391, 0.3392012154658951, 0.33883705973247236, 0.33730950734120524, 0.3268684953240272, 0.31854115469195465, 0.30091759819277664, 0.29002662269609125, 0.28165760399618334, 0.27229321098667236, 0.25848596249443556, 0.25618145795368197, 0.25521800133382444, 0.25507334228611267, 0.255062058560486, 0.25501553922059383, 0.2549733709457742, 0.2548107911326746, 0.254522912000239, 0.25418300796300286, 0.2541137694452793, 0.25405748066916767, 0.2540041956224277, 0.253945183626073, 0.253874836308158, 0.2537794972823342, 0.2537515711797079, 0.25373952518217635, 0.2537332739000643, 0.2537320557349364, 0.25373114803462293, 0.2537308845677462, 0.2537308342117085, 0.25373082429210225, 0.2537308215079731, 0.25373082074203335, 0.25373082046494577, 0.25373082044474804, 0.2537308204383154, 0.2537308204347025]}, "5": {"maxiter": 500, "fatol": 1e-05, "xatol": 1e-10, "duration": 0.259127140045166, "fun": "0.2537308204338955", "nit": "500", "nfev": "782", "status": "2", "success": "False", "message": "Maximum number of iterations has been exceeded.", "x": "[-0.31472088  7.83478726  4.56616377  8.38810283  0.8093493  -0.20185561]", "final_simplex": "(array([[-0.31472088,  7.83478726,  4.56616377,  8.38810283,  0.8093493 ,\n        -0.20185561],\n       [-0.3147207 ,  7.83478797,  4.56616277,  8.38810284,  0.80934875,\n        -0.2018558 ],\n       [-0.31472097,  7.83478699,  4.5661636 ,  8.38810266,  0.80934929,\n        -0.20185526],\n       [-0.31472079,  7.83478722,  4.56616404,  8.38810322,  0.80934877,\n        -0.20185558],\n       [-0.31472104,  7.83478815,  4.56616272,  8.38810317,  0.80934892,\n        -0.20185591],\n       [-0.31472118,  7.83478692,  4.56616466,  8.3881031 ,  0.80934832,\n        -0.20185596],\n       [-0.31472096,  7.83478665,  4.5661642 ,  8.38810294,  0.80934914,\n        -0.20185583]]), array([0.25373082, 0.25373082, 0.25373082, 0.25373082, 0.25373082,\n       0.25373082, 0.25373082]))", "callback": [0.7679500622894954, 0.5381082478622119, 0.35069820101774474, 0.35069820101774474, 0.3461425272685714, 0.34195084713164825, 0.340693759893801, 0.34002558546608097, 0.3394800934837391, 0.3392012154658951, 0.33883705973247236, 0.33730950734120524, 0.3268684953240272, 0.31854115469195465, 0.30091759819277664, 0.29002662269609125, 0.28165760399618334, 0.27229321098667236, 0.25848596249443556, 0.25618145795368197, 0.25521800133382444, 0.25507334228611267, 0.255062058560486, 0.25501553922059383, 0.2549733709457742, 0.2548107911326746, 0.254522912000239, 0.25418300796300286, 0.2541137694452793, 0.25405748066916767, 0.2540041956224277, 0.253945183626073, 0.253874836308158, 0.2537794972823342, 0.2537515711797079, 0.25373952518217635, 0.2537332739000643, 0.2537320557349364, 0.25373114803462293, 0.2537308845677462, 0.2537308342117085, 0.25373082429210225, 0.2537308215079731, 0.25373082074203335, 0.25373082046494577, 0.25373082044474804, 0.2537308204383154, 0.2537308204347025, 0.25373082043398254]}, "6": {"maxiter": 500, "fatol": 1e-10, "xatol": 1e-05, "duration": 0.2463831901550293, "fun": "0.25373082043452877", "nit": "482", "nfev": "747", "status": "0", "success": "True", "message": "Optimization terminated successfully.", "x": "[-0.31472214  7.83478542  4.56616855  8.38810363  0.80934585 -0.2018572 ]", "final_simplex": "(array([[-0.31472214,  7.83478542,  4.56616855,  8.38810363,  0.80934585,\n        -0.2018572 ],\n       [-0.31471966,  7.83479041,  4.56615928,  8.38810217,  0.80934847,\n        -0.20185601],\n       [-0.31472097,  7.83478379,  4.56616642,  8.38810275,  0.80935029,\n        -0.20185619],\n       [-0.3147203 ,  7.83478133,  4.56617047,  8.38810148,  0.80934921,\n        -0.20185419],\n       [-0.31472071,  7.83478812,  4.56616333,  8.38810196,  0.80935295,\n        -0.20185513],\n       [-0.31471982,  7.83478761,  4.56616603,  8.3881062 ,  0.80934701,\n        -0.20185467],\n       [-0.31472196,  7.83478543,  4.56616067,  8.38809963,  0.80935263,\n        -0.20185178]]), array([0.25373082, 0.25373082, 0.25373082, 0.25373082, 0.25373082,\n       0.25373082, 0.25373082]))", "callback": [0.7679500622894954, 0.5381082478622119, 0.35069820101774474, 0.35069820101774474, 0.3461425272685714, 0.34195084713164825, 0.340693759893801, 0.34002558546608097, 0.3394800934837391, 0.3392012154658951, 0.33883705973247236, 0.33730950734120524, 0.3268684953240272, 0.31854115469195465, 0.30091759819277664, 0.29002662269609125, 0.28165760399618334, 0.27229321098667236, 0.25848596249443556, 0.25618145795368197, 0.25521800133382444, 0.25507334228611267, 0.255062058560486, 0.25501553922059383, 0.2549733709457742, 0.2548107911326746, 0.254522912000239, 0.25418300796300286, 0.2541137694452793, 0.25405748066916767, 0.2540041956224277, 0.253945183626073, 0.253874836308158, 0.2537794972823342, 0.2537515711797079, 0.25373952518217635, 0.2537332739000643, 0.2537320557349364, 0.25373114803462293, 0.2537308845677462, 0.2537308342117085, 0.25373082429210225, 0.2537308215079731, 0.25373082074203335, 0.25373082046494577, 0.25373082044474804, 0.2537308204383154, 0.2537308204347025]}, "7": {"maxiter": 500, "fatol": 1e-10, "xatol": 1e-10, "duration": 0.3103511333465576, "fun": "0.2537308204338955", "nit": "500", "nfev": "782", "status": "2", "success": "False", "message": "Maximum number of iterations has been exceeded.", "x": "[-0.31472088  7.83478726  4.56616377  8.38810283  0.8093493  -0.20185561]", "final_simplex": "(array([[-0.31472088,  7.83478726,  4.56616377,  8.38810283,  0.8093493 ,\n        -0.20185561],\n       [-0.3147207 ,  7.83478797,  4.56616277,  8.38810284,  0.80934875,\n        -0.2018558 ],\n       [-0.31472097,  7.83478699,  4.5661636 ,  8.38810266,  0.80934929,\n        -0.20185526],\n       [-0.31472079,  7.83478722,  4.56616404,  8.38810322,  0.80934877,\n        -0.20185558],\n       [-0.31472104,  7.83478815,  4.56616272,  8.38810317,  0.80934892,\n        -0.20185591],\n       [-0.31472118,  7.83478692,  4.56616466,  8.3881031 ,  0.80934832,\n        -0.20185596],\n       [-0.31472096,  7.83478665,  4.5661642 ,  8.38810294,  0.80934914,\n        -0.20185583]]), array([0.25373082, 0.25373082, 0.25373082, 0.25373082, 0.25373082,\n       0.25373082, 0.25373082]))", "callback": [0.7679500622894954, 0.5381082478622119, 0.35069820101774474, 0.35069820101774474, 0.3461425272685714, 0.34195084713164825, 0.340693759893801, 0.34002558546608097, 0.3394800934837391, 0.3392012154658951, 0.33883705973247236, 0.33730950734120524, 0.3268684953240272, 0.31854115469195465, 0.30091759819277664, 0.29002662269609125, 0.28165760399618334, 0.27229321098667236, 0.25848596249443556, 0.25618145795368197, 0.25521800133382444, 0.25507334228611267, 0.255062058560486, 0.25501553922059383, 0.2549733709457742, 0.2548107911326746, 0.254522912000239, 0.25418300796300286, 0.2541137694452793, 0.25405748066916767, 0.2540041956224277, 0.253945183626073, 0.253874836308158, 0.2537794972823342, 0.2537515711797079, 0.25373952518217635, 0.2537332739000643, 0.2537320557349364, 0.25373114803462293, 0.2537308845677462, 0.2537308342117085, 0.25373082429210225, 0.2537308215079731, 0.25373082074203335, 0.25373082046494577, 0.25373082044474804, 0.2537308204383154, 0.2537308204347025, 0.25373082043398254]}, "8": {"maxiter": 1000, "fatol": 1e-05, "xatol": 1e-05, "duration": 0.2502858638763428, "fun": "0.25373082043452877", "nit": "482", "nfev": "747", "status": "0", "success": "True", "message": "Optimization terminated successfully.", "x": "[-0.31472214  7.83478542  4.56616855  8.38810363  0.80934585 -0.2018572 ]", "final_simplex": "(array([[-0.31472214,  7.83478542,  4.56616855,  8.38810363,  0.80934585,\n        -0.2018572 ],\n       [-0.31471966,  7.83479041,  4.56615928,  8.38810217,  0.80934847,\n        -0.20185601],\n       [-0.31472097,  7.83478379,  4.56616642,  8.38810275,  0.80935029,\n        -0.20185619],\n       [-0.3147203 ,  7.83478133,  4.56617047,  8.38810148,  0.80934921,\n        -0.20185419],\n       [-0.31472071,  7.83478812,  4.56616333,  8.38810196,  0.80935295,\n        -0.20185513],\n       [-0.31471982,  7.83478761,  4.56616603,  8.3881062 ,  0.80934701,\n        -0.20185467],\n       [-0.31472196,  7.83478543,  4.56616067,  8.38809963,  0.80935263,\n        -0.20185178]]), array([0.25373082, 0.25373082, 0.25373082, 0.25373082, 0.25373082,\n       0.25373082, 0.25373082]))", "callback": [0.7679500622894954, 0.5381082478622119, 0.35069820101774474, 0.35069820101774474, 0.3461425272685714, 0.34195084713164825, 0.340693759893801, 0.34002558546608097, 0.3394800934837391, 0.3392012154658951, 0.33883705973247236, 0.33730950734120524, 0.3268684953240272, 0.31854115469195465, 0.30091759819277664, 0.29002662269609125, 0.28165760399618334, 0.27229321098667236, 0.25848596249443556, 0.25618145795368197, 0.25521800133382444, 0.25507334228611267, 0.255062058560486, 0.25501553922059383, 0.2549733709457742, 0.2548107911326746, 0.254522912000239, 0.25418300796300286, 0.2541137694452793, 0.25405748066916767, 0.2540041956224277, 0.253945183626073, 0.253874836308158, 0.2537794972823342, 0.2537515711797079, 0.25373952518217635, 0.2537332739000643, 0.2537320557349364, 0.25373114803462293, 0.2537308845677462, 0.2537308342117085, 0.25373082429210225, 0.2537308215079731, 0.25373082074203335, 0.25373082046494577, 0.25373082044474804, 0.2537308204383154, 0.2537308204347025]}, "9": {"maxiter": 1000, "fatol": 1e-05, "xatol": 1e-10, "duration": 0.3573298454284668, "fun": "0.25373082043386574", "nit": "592", "nfev": "991", "status": "0", "success": "True", "message": "Optimization terminated successfully.", "x": "[-0.31472068  7.83478799  4.5661628   8.38810255  0.80934939 -0.20185557]", "final_simplex": "(array([[-0.31472068,  7.83478799,  4.5661628 ,  8.38810255,  0.80934939,\n        -0.20185557],\n       [-0.31472068,  7.83478799,  4.5661628 ,  8.38810255,  0.80934939,\n        -0.20185557],\n       [-0.31472068,  7.83478799,  4.5661628 ,  8.38810255,  0.80934939,\n        -0.20185557],\n       [-0.31472068,  7.83478799,  4.5661628 ,  8.38810255,  0.80934939,\n        -0.20185557],\n       [-0.31472068,  7.83478799,  4.5661628 ,  8.38810255,  0.80934939,\n        -0.20185557],\n       [-0.31472068,  7.83478799,  4.5661628 ,  8.38810255,  0.80934939,\n        -0.20185557],\n       [-0.31472068,  7.83478799,  4.5661628 ,  8.38810255,  0.80934939,\n        -0.20185557]]), array([0.25373082, 0.25373082, 0.25373082, 0.25373082, 0.25373082,\n       0.25373082, 0.25373082]))", "callback": [0.7679500622894954, 0.5381082478622119, 0.35069820101774474, 0.35069820101774474, 0.3461425272685714, 0.34195084713164825, 0.340693759893801, 0.34002558546608097, 0.3394800934837391, 0.3392012154658951, 0.33883705973247236, 0.33730950734120524, 0.3268684953240272, 0.31854115469195465, 0.30091759819277664, 0.29002662269609125, 0.28165760399618334, 0.27229321098667236, 0.25848596249443556, 0.25618145795368197, 0.25521800133382444, 0.25507334228611267, 0.255062058560486, 0.25501553922059383, 0.2549733709457742, 0.2548107911326746, 0.254522912000239, 0.25418300796300286, 0.2541137694452793, 0.25405748066916767, 0.2540041956224277, 0.253945183626073, 0.253874836308158, 0.2537794972823342, 0.2537515711797079, 0.25373952518217635, 0.2537332739000643, 0.2537320557349364, 0.25373114803462293, 0.2537308845677462, 0.2537308342117085, 0.25373082429210225, 0.2537308215079731, 0.25373082074203335, 0.25373082046494577, 0.25373082044474804, 0.2537308204383154, 0.2537308204347025, 0.25373082043398254, 0.2537308204338955, 0.2537308204338785, 0.2537308204338702, 0.25373082043386797, 0.2537308204338663, 0.2537308204338661, 0.25373082043386574, 0.25373082043386574, 0.25373082043386574, 0.25373082043386574]}, "10": {"maxiter": 1000, "fatol": 1e-10, "xatol": 1e-05, "duration": 0.24567604064941406, "fun": "0.25373082043452877", "nit": "482", "nfev": "747", "status": "0", "success": "True", "message": "Optimization terminated successfully.", "x": "[-0.31472214  7.83478542  4.56616855  8.38810363  0.80934585 -0.2018572 ]", "final_simplex": "(array([[-0.31472214,  7.83478542,  4.56616855,  8.38810363,  0.80934585,\n        -0.2018572 ],\n       [-0.31471966,  7.83479041,  4.56615928,  8.38810217,  0.80934847,\n        -0.20185601],\n       [-0.31472097,  7.83478379,  4.56616642,  8.38810275,  0.80935029,\n        -0.20185619],\n       [-0.3147203 ,  7.83478133,  4.56617047,  8.38810148,  0.80934921,\n        -0.20185419],\n       [-0.31472071,  7.83478812,  4.56616333,  8.38810196,  0.80935295,\n        -0.20185513],\n       [-0.31471982,  7.83478761,  4.56616603,  8.3881062 ,  0.80934701,\n        -0.20185467],\n       [-0.31472196,  7.83478543,  4.56616067,  8.38809963,  0.80935263,\n        -0.20185178]]), array([0.25373082, 0.25373082, 0.25373082, 0.25373082, 0.25373082,\n       0.25373082, 0.25373082]))", "callback": [0.7679500622894954, 0.5381082478622119, 0.35069820101774474, 0.35069820101774474, 0.3461425272685714, 0.34195084713164825, 0.340693759893801, 0.34002558546608097, 0.3394800934837391, 0.3392012154658951, 0.33883705973247236, 0.33730950734120524, 0.3268684953240272, 0.31854115469195465, 0.30091759819277664, 0.29002662269609125, 0.28165760399618334, 0.27229321098667236, 0.25848596249443556, 0.25618145795368197, 0.25521800133382444, 0.25507334228611267, 0.255062058560486, 0.25501553922059383, 0.2549733709457742, 0.2548107911326746, 0.254522912000239, 0.25418300796300286, 0.2541137694452793, 0.25405748066916767, 0.2540041956224277, 0.253945183626073, 0.253874836308158, 0.2537794972823342, 0.2537515711797079, 0.25373952518217635, 0.2537332739000643, 0.2537320557349364, 0.25373114803462293, 0.2537308845677462, 0.2537308342117085, 0.25373082429210225, 0.2537308215079731, 0.25373082074203335, 0.25373082046494577, 0.25373082044474804, 0.2537308204383154, 0.2537308204347025]}, "11": {"maxiter": 1000, "fatol": 1e-10, "xatol": 1e-10, "duration": 0.2975301742553711, "fun": "0.25373082043386574", "nit": "592", "nfev": "991", "status": "0", "success": "True", "message": "Optimization terminated successfully.", "x": "[-0.31472068  7.83478799  4.5661628   8.38810255  0.80934939 -0.20185557]", "final_simplex": "(array([[-0.31472068,  7.83478799,  4.5661628 ,  8.38810255,  0.80934939,\n        -0.20185557],\n       [-0.31472068,  7.83478799,  4.5661628 ,  8.38810255,  0.80934939,\n        -0.20185557],\n       [-0.31472068,  7.83478799,  4.5661628 ,  8.38810255,  0.80934939,\n        -0.20185557],\n       [-0.31472068,  7.83478799,  4.5661628 ,  8.38810255,  0.80934939,\n        -0.20185557],\n       [-0.31472068,  7.83478799,  4.5661628 ,  8.38810255,  0.80934939,\n        -0.20185557],\n       [-0.31472068,  7.83478799,  4.5661628 ,  8.38810255,  0.80934939,\n        -0.20185557],\n       [-0.31472068,  7.83478799,  4.5661628 ,  8.38810255,  0.80934939,\n        -0.20185557]]), array([0.25373082, 0.25373082, 0.25373082, 0.25373082, 0.25373082,\n       0.25373082, 0.25373082]))", "callback": [0.7679500622894954, 0.5381082478622119, 0.35069820101774474, 0.35069820101774474, 0.3461425272685714, 0.34195084713164825, 0.340693759893801, 0.34002558546608097, 0.3394800934837391, 0.3392012154658951, 0.33883705973247236, 0.33730950734120524, 0.3268684953240272, 0.31854115469195465, 0.30091759819277664, 0.29002662269609125, 0.28165760399618334, 0.27229321098667236, 0.25848596249443556, 0.25618145795368197, 0.25521800133382444, 0.25507334228611267, 0.255062058560486, 0.25501553922059383, 0.2549733709457742, 0.2548107911326746, 0.254522912000239, 0.25418300796300286, 0.2541137694452793, 0.25405748066916767, 0.2540041956224277, 0.253945183626073, 0.253874836308158, 0.2537794972823342, 0.2537515711797079, 0.25373952518217635, 0.2537332739000643, 0.2537320557349364, 0.25373114803462293, 0.2537308845677462, 0.2537308342117085, 0.25373082429210225, 0.2537308215079731, 0.25373082074203335, 0.25373082046494577, 0.25373082044474804, 0.2537308204383154, 0.2537308204347025, 0.25373082043398254, 0.2537308204338955, 0.2537308204338785, 0.2537308204338702, 0.25373082043386797, 0.2537308204338663, 0.2537308204338661, 0.25373082043386574, 0.25373082043386574, 0.25373082043386574, 0.25373082043386574]}}, "bfgs": {"type": "gradient", "0": {"maxiter": 100, "gtol": 1e-05, "xrtol": 1e-05, "eps": 1e-05, "duration": 0.09061193466186523, "fun": "0.25373082059558916", "jac": "[-3.26354499e-06 -4.47319959e-07 -1.99820160e-06  1.53101976e-06\n -3.22895044e-06  7.35997929e-06]", "hess_inv": "[[  4.21513459   2.3828119   -4.48005182  -1.52689486   4.3179261\n    1.53602216]\n [  2.3828119   43.47532129 -48.21766243  -5.42218901  13.813381\n    1.14567126]\n [ -4.48005182 -48.21766243  64.07114736  11.06546242 -24.39394324\n   -5.19744115]\n [ -1.52689486  -5.42218901  11.06546242   9.47060053  -9.41133689\n   -2.8151632 ]\n [  4.3179261   13.813381   -24.39394324  -9.41133689  20.57977049\n    7.30925284]\n [  1.53602216   1.14567126  -5.19744115  -2.8151632    7.30925284\n    5.81241341]]", "nfev": "287", "njev": "41", "status": "0", "success": "True", "message": "Optimization terminated successfully.", "x": "[-0.3147438   7.83481029  4.5661305   8.38811467  0.80933087 -0.20184464]", "nit": "35", "callback": [0.46135561869191277, 0.259694072536678, 0.25381568402413457]}, "1": {"maxiter": 100, "gtol": 1e-05, "xrtol": 1e-05, "eps": 1e-10, "duration": 0.09571528434753418, "fun": "0.25373082047140905", "jac": "[ 0.00000000e+00  0.00000000e+00  0.00000000e+00  0.00000000e+00\n -1.11022293e-06 -1.11022293e-06]", "hess_inv": "[[  4.24587108   1.9594044   -3.58650613  -1.44056526   3.91501188\n    1.28592656]\n [  1.9594044   43.76105574 -47.28479827  -4.972052    12.6316422\n    1.46685588]\n [ -3.58650613 -47.28479827  61.31940862  10.62938906 -22.47993671\n   -5.43414276]\n [ -1.44056526  -4.972052    10.62938906   9.36872945  -9.24431263\n   -2.75357309]\n [  3.91501188  12.6316422  -22.47993671  -9.24431263  19.54205466\n    7.01700368]\n [  1.28592656   1.46685588  -5.43414276  -2.75357309   7.01700368\n    5.88455365]]", "nfev": "294", "njev": "42", "status": "0", "success": "True", "message": "Optimization terminated successfully.", "x": "[-0.31472216  7.83477246  4.56619913  8.38812511  0.80932131 -0.2018696 ]", "nit": "36", "callback": [0.4613738312463761, 0.25977825930623055, 0.25388020643020326]}, "2": {"maxiter": 100, "gtol": 1e-05, "xrtol": 1e-10, "eps": 1e-05, "duration": 0.09048986434936523, "fun": "0.25373082059558916", "jac": "[-3.26354499e-06 -4.47319959e-07 -1.99820160e-06  1.53101976e-06\n -3.22895044e-06  7.35997929e-06]", "hess_inv": "[[  4.21513459   2.3828119   -4.48005182  -1.52689486   4.3179261\n    1.53602216]\n [  2.3828119   43.47532129 -48.21766243  -5.42218901  13.813381\n    1.14567126]\n [ -4.48005182 -48.21766243  64.07114736  11.06546242 -24.39394324\n   -5.19744115]\n [ -1.52689486  -5.42218901  11.06546242   9.47060053  -9.41133689\n   -2.8151632 ]\n [  4.3179261   13.813381   -24.39394324  -9.41133689  20.57977049\n    7.30925284]\n [  1.53602216   1.14567126  -5.19744115  -2.8151632    7.30925284\n    5.81241341]]", "nfev": "287", "njev": "41", "status": "0", "success": "True", "message": "Optimization terminated successfully.", "x": "[-0.3147438   7.83481029  4.5661305   8.38811467  0.80933087 -0.20184464]", "nit": "35", "callback": [0.46135561869191277, 0.259694072536678, 0.25381568402413457]}, "3": {"maxiter": 100, "gtol": 1e-05, "xrtol": 1e-10, "eps": 1e-10, "duration": 0.09379982948303223, "fun": "0.25373082047140905", "jac": "[ 0.00000000e+00  0.00000000e+00  0.00000000e+00  0.00000000e+00\n -1.11022293e-06 -1.11022293e-06]", "hess_inv": "[[  4.24587108   1.9594044   -3.58650613  -1.44056526   3.91501188\n    1.28592656]\n [  1.9594044   43.76105574 -47.28479827  -4.972052    12.6316422\n    1.46685588]\n [ -3.58650613 -47.28479827  61.31940862  10.62938906 -22.47993671\n   -5.43414276]\n [ -1.44056526  -4.972052    10.62938906   9.36872945  -9.24431263\n   -2.75357309]\n [  3.91501188  12.6316422  -22.47993671  -9.24431263  19.54205466\n    7.01700368]\n [  1.28592656   1.46685588  -5.43414276  -2.75357309   7.01700368\n    5.88455365]]", "nfev": "294", "njev": "42", "status": "0", "success": "True", "message": "Optimization terminated successfully.", "x": "[-0.31472216  7.83477246  4.56619913  8.38812511  0.80932131 -0.2018696 ]", "nit": "36", "callback": [0.4613738312463761, 0.25977825930623055, 0.25388020643020326]}, "4": {"maxiter": 100, "gtol": 1e-10, "xrtol": 1e-05, "eps": 1e-05, "duration": 0.09733080863952637, "fun": "0.25373082046518614", "jac": "[ 2.04847250e-07 -3.46089823e-07 -3.21231930e-07 -2.43904896e-07\n  7.87148124e-08 -3.94762001e-07]", "hess_inv": "[[  4.32585786   1.79456964  -3.68540437  -1.58358402   4.24751088\n    1.32623305]\n [  1.79456964  43.64648786 -48.54560544  -4.77028946  13.69570408\n    2.18671917]\n [ -3.68540437 -48.54560544  64.64164705  10.19630439 -24.2510764\n   -6.6061834 ]\n [ -1.58358402  -4.77028946  10.19630439   9.4579835   -9.31689726\n   -2.69902634]\n [  4.24751088  13.69570408 -24.2510764   -9.31689726  20.54268252\n    7.43043294]\n [  1.32623305   2.18671917  -6.6061834   -2.69902634   7.43043294\n    6.20807512]]", "nfev": "294", "njev": "42", "status": "0", "success": "True", "message": "Optimization terminated successfully.", "x": "[-0.31472987  7.8347741   4.56618063  8.38810305  0.80932831 -0.2018701 ]", "nit": "36", "callback": [0.46135561869191277, 0.259694072536678, 0.25381568402413457]}, "5": {"maxiter": 100, "gtol": 1e-10, "xrtol": 1e-05, "eps": 1e-10, "duration": 0.09854578971862793, "fun": "0.2537308204529577", "jac": "[-1.11022293e-06  2.22044587e-06  0.00000000e+00  0.00000000e+00\n  0.00000000e+00 -1.11022293e-06]", "hess_inv": "[[  4.33348876   2.38583388  -4.09708359  -1.61550396   4.28115521\n    1.52094583]\n [  2.38583388  45.20941254 -49.6359092   -5.91369397  14.68343088\n    2.55202008]\n [ -4.09708359 -49.6359092   64.26614823  11.66807315 -24.67116036\n   -6.79115838]\n [ -1.61550396  -5.91369397  11.66807315   9.70503167  -9.93653864\n   -3.23125645]\n [  4.28115521  14.68343088 -24.67116036  -9.93653864  20.95604075\n    8.02435846]\n [  1.52094583   2.55202008  -6.79115838  -3.23125645   8.02435846\n    6.50946473]]", "nfev": "308", "njev": "44", "status": "0", "success": "True", "message": "Optimization terminated successfully.", "x": "[-0.31471892  7.83478211  4.56618151  8.38811774  0.80933754 -0.20186146]", "nit": "37", "callback": [0.4613738312463761, 0.25977825930623055, 0.25388020643020326]}, "6": {"maxiter": 100, "gtol": 1e-10, "xrtol": 1e-10, "eps": 1e-05, "duration": 0.16546940803527832, "fun": "0.2537308204649048", "jac": "[ 1.14375176e-07 -1.94377847e-07 -1.76025861e-07 -1.34181555e-07\n  5.70876679e-08 -2.34168240e-07]", "hess_inv": "[[  4.14066879   1.50637544  -2.97567194  -1.16446882   3.80648543\n    1.31639655]\n [  1.50637544  43.49911379 -48.01587515  -4.235712    13.25299862\n    2.33102122]\n [ -2.97567194 -48.01587515  63.06917474   8.83475773 -23.09903719\n   -6.90446534]\n [ -1.16446882  -4.235712     8.83475773   8.56344679  -8.443182\n   -2.75162573]\n [  3.80648543  13.25299862 -23.09903719  -8.443182    19.79493781\n    7.58144849]\n [  1.31639655   2.33102122  -6.90446534  -2.75162573   7.58144849\n    6.31157942]]", "nfev": "522", "njev": "73", "status": "2", "success": "False", "message": "Desired error not necessarily achieved due to precision loss.", "x": "[-0.31473045  7.83477321  4.56618313  8.38810447  0.80932649 -0.20187032]", "nit": "38", "callback": [0.46135561869191277, 0.259694072536678, 0.25381568402413457]}, "7": {"maxiter": 100, "gtol": 1e-10, "xrtol": 1e-10, "eps": 1e-10, "duration": 0.12442874908447266, "fun": "0.25373082044102013", "jac": "[2.22044587e-06 2.22044587e-06 2.22044587e-06 3.33066880e-06\n 0.00000000e+00 2.22044587e-06]", "hess_inv": "[[ 1.95168472  0.9742293  -0.44002812 -0.32908232  0.81779123  0.18701813]\n [ 0.9742293   3.06252517 -2.18694003  0.77104213  1.71939507  0.89067707]\n [-0.44002812 -2.18694003  6.7687934   0.59756639 -1.90250966 -4.51993149]\n [-0.32908232  0.77104213  0.59756639  5.08685199  0.47640293 -2.91380898]\n [ 0.81779123  1.71939507 -1.90250966  0.47640293  1.72702779  0.99040995]\n [ 0.18701813  0.89067707 -4.51993149 -2.91380898  0.99040995  4.7641503 ]]", "nfev": "399", "njev": "57", "status": "0", "success": "True", "message": "Optimization terminated successfully.", "x": "[-0.31472044  7.83477337  4.56618203  8.38810785  0.80934413 -0.20185246]", "nit": "42", "callback": [0.4613738312463761, 0.25977825930623055, 0.25388020643020326, 0.2537308204439658]}, "8": {"maxiter": 500, "gtol": 1e-05, "xrtol": 1e-05, "eps": 1e-05, "duration": 0.09522676467895508, "fun": "0.25373082059558916", "jac": "[-3.26354499e-06 -4.47319959e-07 -1.99820160e-06  1.53101976e-06\n -3.22895044e-06  7.35997929e-06]", "hess_inv": "[[  4.21513459   2.3828119   -4.48005182  -1.52689486   4.3179261\n    1.53602216]\n [  2.3828119   43.47532129 -48.21766243  -5.42218901  13.813381\n    1.14567126]\n [ -4.48005182 -48.21766243  64.07114736  11.06546242 -24.39394324\n   -5.19744115]\n [ -1.52689486  -5.42218901  11.06546242   9.47060053  -9.41133689\n   -2.8151632 ]\n [  4.3179261   13.813381   -24.39394324  -9.41133689  20.57977049\n    7.30925284]\n [  1.53602216   1.14567126  -5.19744115  -2.8151632    7.30925284\n    5.81241341]]", "nfev": "287", "njev": "41", "status": "0", "success": "True", "message": "Optimization terminated successfully.", "x": "[-0.3147438   7.83481029  4.5661305   8.38811467  0.80933087 -0.20184464]", "nit": "35", "callback": [0.46135561869191277, 0.259694072536678, 0.25381568402413457]}, "9": {"maxiter": 500, "gtol": 1e-05, "xrtol": 1e-05, "eps": 1e-10, "duration": 0.09392595291137695, "fun": "0.25373082047140905", "jac": "[ 0.00000000e+00  0.00000000e+00  0.00000000e+00  0.00000000e+00\n -1.11022293e-06 -1.11022293e-06]", "hess_inv": "[[  4.24587108   1.9594044   -3.58650613  -1.44056526   3.91501188\n    1.28592656]\n [  1.9594044   43.76105574 -47.28479827  -4.972052    12.6316422\n    1.46685588]\n [ -3.58650613 -47.28479827  61.31940862  10.62938906 -22.47993671\n   -5.43414276]\n [ -1.44056526  -4.972052    10.62938906   9.36872945  -9.24431263\n   -2.75357309]\n [  3.91501188  12.6316422  -22.47993671  -9.24431263  19.54205466\n    7.01700368]\n [  1.28592656   1.46685588  -5.43414276  -2.75357309   7.01700368\n    5.88455365]]", "nfev": "294", "njev": "42", "status": "0", "success": "True", "message": "Optimization terminated successfully.", "x": "[-0.31472216  7.83477246  4.56619913  8.38812511  0.80932131 -0.2018696 ]", "nit": "36", "callback": [0.4613738312463761, 0.25977825930623055, 0.25388020643020326]}, "10": {"maxiter": 500, "gtol": 1e-05, "xrtol": 1e-10, "eps": 1e-05, "duration": 0.09352803230285645, "fun": "0.25373082059558916", "jac": "[-3.26354499e-06 -4.47319959e-07 -1.99820160e-06  1.53101976e-06\n -3.22895044e-06  7.35997929e-06]", "hess_inv": "[[  4.21513459   2.3828119   -4.48005182  -1.52689486   4.3179261\n    1.53602216]\n [  2.3828119   43.47532129 -48.21766243  -5.42218901  13.813381\n    1.14567126]\n [ -4.48005182 -48.21766243  64.07114736  11.06546242 -24.39394324\n   -5.19744115]\n [ -1.52689486  -5.42218901  11.06546242   9.47060053  -9.41133689\n   -2.8151632 ]\n [  4.3179261   13.813381   -24.39394324  -9.41133689  20.57977049\n    7.30925284]\n [  1.53602216   1.14567126  -5.19744115  -2.8151632    7.30925284\n    5.81241341]]", "nfev": "287", "njev": "41", "status": "0", "success": "True", "message": "Optimization terminated successfully.", "x": "[-0.3147438   7.83481029  4.5661305   8.38811467  0.80933087 -0.20184464]", "nit": "35", "callback": [0.46135561869191277, 0.259694072536678, 0.25381568402413457]}, "11": {"maxiter": 500, "gtol": 1e-05, "xrtol": 1e-10, "eps": 1e-10, "duration": 0.09335899353027344, "fun": "0.25373082047140905", "jac": "[ 0.00000000e+00  0.00000000e+00  0.00000000e+00  0.00000000e+00\n -1.11022293e-06 -1.11022293e-06]", "hess_inv": "[[  4.24587108   1.9594044   -3.58650613  -1.44056526   3.91501188\n    1.28592656]\n [  1.9594044   43.76105574 -47.28479827  -4.972052    12.6316422\n    1.46685588]\n [ -3.58650613 -47.28479827  61.31940862  10.62938906 -22.47993671\n   -5.43414276]\n [ -1.44056526  -4.972052    10.62938906   9.36872945  -9.24431263\n   -2.75357309]\n [  3.91501188  12.6316422  -22.47993671  -9.24431263  19.54205466\n    7.01700368]\n [  1.28592656   1.46685588  -5.43414276  -2.75357309   7.01700368\n    5.88455365]]", "nfev": "294", "njev": "42", "status": "0", "success": "True", "message": "Optimization terminated successfully.", "x": "[-0.31472216  7.83477246  4.56619913  8.38812511  0.80932131 -0.2018696 ]", "nit": "36", "callback": [0.4613738312463761, 0.25977825930623055, 0.25388020643020326]}, "12": {"maxiter": 500, "gtol": 1e-10, "xrtol": 1e-05, "eps": 1e-05, "duration": 0.09108710289001465, "fun": "0.25373082046518614", "jac": "[ 2.04847250e-07 -3.46089823e-07 -3.21231930e-07 -2.43904896e-07\n  7.87148124e-08 -3.94762001e-07]", "hess_inv": "[[  4.32585786   1.79456964  -3.68540437  -1.58358402   4.24751088\n    1.32623305]\n [  1.79456964  43.64648786 -48.54560544  -4.77028946  13.69570408\n    2.18671917]\n [ -3.68540437 -48.54560544  64.64164705  10.19630439 -24.2510764\n   -6.6061834 ]\n [ -1.58358402  -4.77028946  10.19630439   9.4579835   -9.31689726\n   -2.69902634]\n [  4.24751088  13.69570408 -24.2510764   -9.31689726  20.54268252\n    7.43043294]\n [  1.32623305   2.18671917  -6.6061834   -2.69902634   7.43043294\n    6.20807512]]", "nfev": "294", "njev": "42", "status": "0", "success": "True", "message": "Optimization terminated successfully.", "x": "[-0.31472987  7.8347741   4.56618063  8.38810305  0.80932831 -0.2018701 ]", "nit": "36", "callback": [0.46135561869191277, 0.259694072536678, 0.25381568402413457]}, "13": {"maxiter": 500, "gtol": 1e-10, "xrtol": 1e-05, "eps": 1e-10, "duration": 0.0956580638885498, "fun": "0.2537308204529577", "jac": "[-1.11022293e-06  2.22044587e-06  0.00000000e+00  0.00000000e+00\n  0.00000000e+00 -1.11022293e-06]", "hess_inv": "[[  4.33348876   2.38583388  -4.09708359  -1.61550396   4.28115521\n    1.52094583]\n [  2.38583388  45.20941254 -49.6359092   -5.91369397  14.68343088\n    2.55202008]\n [ -4.09708359 -49.6359092   64.26614823  11.66807315 -24.67116036\n   -6.79115838]\n [ -1.61550396  -5.91369397  11.66807315   9.70503167  -9.93653864\n   -3.23125645]\n [  4.28115521  14.68343088 -24.67116036  -9.93653864  20.95604075\n    8.02435846]\n [  1.52094583   2.55202008  -6.79115838  -3.23125645   8.02435846\n    6.50946473]]", "nfev": "308", "njev": "44", "status": "0", "success": "True", "message": "Optimization terminated successfully.", "x": "[-0.31471892  7.83478211  4.56618151  8.38811774  0.80933754 -0.20186146]", "nit": "37", "callback": [0.4613738312463761, 0.25977825930623055, 0.25388020643020326]}, "14": {"maxiter": 500, "gtol": 1e-10, "xrtol": 1e-10, "eps": 1e-05, "duration": 0.16153788566589355, "fun": "0.2537308204649048", "