{"date": "2024/09/23/, 19:50:03", "conf_id": 59, "data_type": "random\n", "num_data_points": 3, "s_rank": 0, "unitary": "[[-0.24866696+0.58742286j,-0.44704345-0.43151574j,-0.35669027-0.20570733j,-0.10517633+0.1626036j],[0.10596805-0.19687975j,-0.30269685-0.15056416j,0.18246286+0.30440582j,-0.83484447-0.11310748j],[0.26054512-0.52548482j,0.0285017-0.50723956j,-0.43110112+0.17165838j,0.15243271+0.39915801j],[0.42978035+0.11991271j,-0.17224126-0.46030424j,0.6827807-0.15164662j,0.26483638+0.0061855j]]", "databatch_0": {"databatch": "[[[0.17157358-0.07798459j,-0.08839413+0.06250474j,-0.03478321-0.01615606j,0.06487103-0.09870706j],[-0.00183664+0.03912014j,0.09873122-0.2085407j,-0.2638837+0.01540496j,-0.08290729+0.30157786j],[-0.33281029+0.46157298j,0.0492362-0.10195487j,-0.10804141-0.10162756j,-0.26718464+0.08386147j],[-0.06675868+0.15499759j,-0.15403058-0.13705654j,-0.05345537+0.4000205j,-0.00823533+0.20949311j]],[[-0.19199022-0.12752091j,0.15197815+0.13982583j,0.27386034-0.20383362j,-0.1542649+0.19640729j],[0.1798436-0.15066118j,-0.24168084+0.11929704j,0.35186308-0.15046556j,0.20853944+0.13552109j],[0.15676187-0.08160625j,0.04115641-0.08228637j,-0.25841007-0.24232903j,0.05299827-0.04390688j],[-0.03535891-0.03430887j,0.35787474-0.12371109j,-0.00769113-0.18761905j,0.1762939-0.08510062j]],[[-0.1696929+0.18420872j,0.17776438-0.21584313j,-0.14350119+0.03766348j,0.08329359-0.24571032j],[-0.06578927+0.01197611j,0.1729687-0.02683646j,-0.09778451-0.02601784j,-0.49750336-0.03381283j],[-0.12599263-0.01633227j,0.08392069-0.25630653j,0.41378334+0.00769004j,-0.04020456-0.09803841j],[0.16761856-0.20732145j,-0.28384606+0.04953342j,0.10789067+0.04202991j,-0.03226859-0.18928827j]]]", "initial param values": "[5.9126817,5.45430729,2.3871812,1.91728379,0.34220757,4.74345204]", "nelder_mead": {"type": "gradient-free", "0": {"maxiter": 100, "fatol": 1e-05, "xatol": 1e-05, "duration": 0.04767894744873047, "fun": "0.6262140013064792", "nit": "100", "nfev": "153", "status": "2", "success": "False", "message": "Maximum number of iterations has been exceeded.", "x": "[7.81925095 4.791489   2.10939167 2.16250375 0.25601941 5.89297194]", "final_simplex": "(array([[7.81925095, 4.791489  , 2.10939167, 2.16250375, 0.25601941,\n        5.89297194],\n       [7.82924372, 4.80004575, 2.08635915, 2.20581072, 0.24815223,\n        5.90658582],\n       [7.84808253, 4.75744697, 2.14292031, 2.19574886, 0.24189278,\n        5.94313333],\n       [7.82486794, 4.83812196, 2.13644931, 2.20366306, 0.23863142,\n        5.92276215],\n       [7.75632786, 4.79166132, 2.11637413, 2.19276312, 0.25203431,\n        5.84114531],\n       [7.86940655, 4.803302  , 2.10296787, 2.17276465, 0.25388158,\n        5.88894312],\n       [7.78698425, 4.80676905, 2.10905607, 2.16005905, 0.26042016,\n        5.90611312]]), array([0.626214  , 0.62622028, 0.62626134, 0.62629641, 0.62640702,\n       0.62651878, 0.62653363]))", "callback": [0.6822182872462115, 0.6709549473778886, 0.6432878434685689, 0.630470553930981, 0.6303210381483113, 0.6291988468885212, 0.6284680982941997, 0.6276019039416685, 0.6265336269491415]}, "1": {"maxiter": 100, "fatol": 1e-05, "xatol": 1e-10, "duration": 0.045281171798706055, "fun": "0.6262140013064792", "nit": "100", "nfev": "153", "status": "2", "success": "False", "message": "Maximum number of iterations has been exceeded.", "x": "[7.81925095 4.791489   2.10939167 2.16250375 0.25601941 5.89297194]", "final_simplex": "(array([[7.81925095, 4.791489  , 2.10939167, 2.16250375, 0.25601941,\n        5.89297194],\n       [7.82924372, 4.80004575, 2.08635915, 2.20581072, 0.24815223,\n        5.90658582],\n       [7.84808253, 4.75744697, 2.14292031, 2.19574886, 0.24189278,\n        5.94313333],\n       [7.82486794, 4.83812196, 2.13644931, 2.20366306, 0.23863142,\n        5.92276215],\n       [7.75632786, 4.79166132, 2.11637413, 2.19276312, 0.25203431,\n        5.84114531],\n       [7.86940655, 4.803302  , 2.10296787, 2.17276465, 0.25388158,\n        5.88894312],\n       [7.78698425, 4.80676905, 2.10905607, 2.16005905, 0.26042016,\n        5.90611312]]), array([0.626214  , 0.62622028, 0.62626134, 0.62629641, 0.62640702,\n       0.62651878, 0.62653363]))", "callback": [0.6822182872462115, 0.6709549473778886, 0.6432878434685689, 0.630470553930981, 0.6303210381483113, 0.6291988468885212, 0.6284680982941997, 0.6276019039416685, 0.6265336269491415]}, "2": {"maxiter": 100, "fatol": 1e-10, "xatol": 1e-05, "duration": 0.04861712455749512, "fun": "0.6262140013064792", "nit": "100", "nfev": "153", "status": "2", "success": "False", "message": "Maximum number of iterations has been exceeded.", "x": "[7.81925095 4.791489   2.10939167 2.16250375 0.25601941 5.89297194]", "final_simplex": "(array([[7.81925095, 4.791489  , 2.10939167, 2.16250375, 0.25601941,\n        5.89297194],\n       [7.82924372, 4.80004575, 2.08635915, 2.20581072, 0.24815223,\n        5.90658582],\n       [7.84808253, 4.75744697, 2.14292031, 2.19574886, 0.24189278,\n        5.94313333],\n       [7.82486794, 4.83812196, 2.13644931, 2.20366306, 0.23863142,\n        5.92276215],\n       [7.75632786, 4.79166132, 2.11637413, 2.19276312, 0.25203431,\n        5.84114531],\n       [7.86940655, 4.803302  , 2.10296787, 2.17276465, 0.25388158,\n        5.88894312],\n       [7.78698425, 4.80676905, 2.10905607, 2.16005905, 0.26042016,\n        5.90611312]]), array([0.626214  , 0.62622028, 0.62626134, 0.62629641, 0.62640702,\n       0.62651878, 0.62653363]))", "callback": [0.6822182872462115, 0.6709549473778886, 0.6432878434685689, 0.630470553930981, 0.6303210381483113, 0.6291988468885212, 0.6284680982941997, 0.6276019039416685, 0.6265336269491415]}, "3": {"maxiter": 100, "fatol": 1e-10, "xatol": 1e-10, "duration": 0.04924297332763672, "fun": "0.6262140013064792", "nit": "100", "nfev": "153", "status": "2", "success": "False", "message": "Maximum number of iterations has been exceeded.", "x": "[7.81925095 4.791489   2.10939167 2.16250375 0.25601941 5.89297194]", "final_simplex": "(array([[7.81925095, 4.791489  , 2.10939167, 2.16250375, 0.25601941,\n        5.89297194],\n       [7.82924372, 4.80004575, 2.08635915, 2.20581072, 0.24815223,\n        5.90658582],\n       [7.84808253, 4.75744697, 2.14292031, 2.19574886, 0.24189278,\n        5.94313333],\n       [7.82486794, 4.83812196, 2.13644931, 2.20366306, 0.23863142,\n        5.92276215],\n       [7.75632786, 4.79166132, 2.11637413, 2.19276312, 0.25203431,\n        5.84114531],\n       [7.86940655, 4.803302  , 2.10296787, 2.17276465, 0.25388158,\n        5.88894312],\n       [7.78698425, 4.80676905, 2.10905607, 2.16005905, 0.26042016,\n        5.90611312]]), array([0.626214  , 0.62622028, 0.62626134, 0.62629641, 0.62640702,\n       0.62651878, 0.62653363]))", "callback": [0.6822182872462115, 0.6709549473778886, 0.6432878434685689, 0.630470553930981, 0.6303210381483113, 0.6291988468885212, 0.6284680982941997, 0.6276019039416685, 0.6265336269491415]}, "4": {"maxiter": 500, "fatol": 1e-05, "xatol": 1e-05, "duration": 0.19530773162841797, "fun": "0.609666420746352", "nit": "411", "nfev": "632", "status": "0", "success": "True", "message": "Optimization terminated successfully.", "x": "[ 7.71121889  4.78147634  2.25647729  2.03630127 -0.29178327  5.56530756]", "final_simplex": "(array([[ 7.71121889,  4.78147634,  2.25647729,  2.03630127, -0.29178327,\n         5.56530756],\n       [ 7.71121623,  4.78147919,  2.25647738,  2.03630457, -0.29178777,\n         5.56530099],\n       [ 7.71121332,  4.78147727,  2.25648004,  2.03630151, -0.29179046,\n         5.56530157],\n       [ 7.71121157,  4.78147629,  2.25647298,  2.03630421, -0.29178213,\n         5.56530629],\n       [ 7.7112224 ,  4.78147686,  2.25648068,  2.03630318, -0.29178911,\n         5.5653096 ],\n       [ 7.71121611,  4.7814742 ,  2.25647435,  2.03629618, -0.2917881 ,\n         5.56530913],\n       [ 7.71121443,  4.78147326,  2.25647539,  2.03630662, -0.29178751,\n         5.5653    ]]), array([0.60966642, 0.60966642, 0.60966642, 0.60966642, 0.60966642,\n       0.60966642, 0.60966642]))", "callback": [0.6822182872462115, 0.6709549473778886, 0.6432878434685689, 0.630470553930981, 0.6303210381483113, 0.6291988468885212, 0.6284680982941997, 0.6276019039416685, 0.6265336269491415, 0.626100268468937, 0.6259272919480612, 0.625907134995275, 0.6257623733212501, 0.6254537939284179, 0.6237024360271044, 0.6208802966219531, 0.6137166478255518, 0.6116734688041836, 0.6105039226348989, 0.6100144274681452, 0.6097565469735513, 0.6097372104327108, 0.6096941297447656, 0.6096774406755074, 0.6096691196223774, 0.6096675172327222, 0.6096670337815018, 0.6096668126312237, 0.6096665715966951, 0.609666475419206, 0.6096664497496078, 0.6096664336262594, 0.6096664257025621, 0.609666424311812, 0.6096664231154312, 0.6096664218048984, 0.6096664211934464, 0.6096664208744662, 0.6096664207760878, 0.6096664207541038, 0.609666420746352]}, "5": {"maxiter": 500, "fatol": 1e-05, "xatol": 1e-10, "duration": 0.24093198776245117, "fun": "0.609666420741698", "nit": "500", "nfev": "776", "status": "2", "success": "False", "message": "Maximum number of iterations has been exceeded.", "x": "[ 7.71121563  4.78148102  2.25647305  2.03630038 -0.29178597  5.5653052 ]", "final_simplex": "(array([[ 7.71121563,  4.78148102,  2.25647305,  2.03630038, -0.29178597,\n         5.5653052 ],\n       [ 7.71121563,  4.78148103,  2.25647309,  2.03630038, -0.29178599,\n         5.56530518],\n       [ 7.71121561,  4.781481  ,  2.2564731 ,  2.03630038, -0.29178604,\n         5.56530515],\n       [ 7.71121558,  4.78148098,  2.25647305,  2.03630037, -0.29178597,\n         5.56530516],\n       [ 7.71121561,  4.78148106,  2.25647304,  2.03630037, -0.29178595,\n         5.56530517],\n       [ 7.71121562,  4.78148106,  2.25647309,  2.03630036, -0.29178599,\n         5.56530522],\n       [ 7.71121557,  4.78148102,  2.25647309,  2.03630038, -0.29178598,\n         5.56530518]]), array([0.60966642, 0.60966642, 0.60966642, 0.60966642, 0.60966642,\n       0.60966642, 0.60966642]))", "callback": [0.6822182872462115, 0.6709549473778886, 0.6432878434685689, 0.630470553930981, 0.6303210381483113, 0.6291988468885212, 0.6284680982941997, 0.6276019039416685, 0.6265336269491415, 0.626100268468937, 0.6259272919480612, 0.625907134995275, 0.6257623733212501, 0.6254537939284179, 0.6237024360271044, 0.6208802966219531, 0.6137166478255518, 0.6116734688041836, 0.6105039226348989, 0.6100144274681452, 0.6097565469735513, 0.6097372104327108, 0.6096941297447656, 0.6096774406755074, 0.6096691196223774, 0.6096675172327222, 0.6096670337815018, 0.6096668126312237, 0.6096665715966951, 0.609666475419206, 0.6096664497496078, 0.6096664336262594, 0.6096664257025621, 0.609666424311812, 0.6096664231154312, 0.6096664218048984, 0.6096664211934464, 0.6096664208744662, 0.6096664207760878, 0.6096664207541038, 0.609666420746352, 0.6096664207436273, 0.609666420741876, 0.609666420741876, 0.6096664207417724, 0.6096664207417217, 0.6096664207417035, 0.6096664207416993, 0.6096664207416984]}, "6": {"maxiter": 500, "fatol": 1e-10, "xatol": 1e-05, "duration": 0.19117212295532227, "fun": "0.609666420746352", "nit": "411", "nfev": "632", "status": "0", "success": "True", "message": "Optimization terminated successfully.", "x": "[ 7.71121889  4.78147634  2.25647729  2.03630127 -0.29178327  5.56530756]", "final_simplex": "(array([[ 7.71121889,  4.78147634,  2.25647729,  2.03630127, -0.29178327,\n         5.56530756],\n       [ 7.71121623,  4.78147919,  2.25647738,  2.03630457, -0.29178777,\n         5.56530099],\n       [ 7.71121332,  4.78147727,  2.25648004,  2.03630151, -0.29179046,\n         5.56530157],\n       [ 7.71121157,  4.78147629,  2.25647298,  2.03630421, -0.29178213,\n         5.56530629],\n       [ 7.7112224 ,  4.78147686,  2.25648068,  2.03630318, -0.29178911,\n         5.5653096 ],\n       [ 7.71121611,  4.7814742 ,  2.25647435,  2.03629618, -0.2917881 ,\n         5.56530913],\n       [ 7.71121443,  4.78147326,  2.25647539,  2.03630662, -0.29178751,\n         5.5653    ]]), array([0.60966642, 0.60966642, 0.60966642, 0.60966642, 0.60966642,\n       0.60966642, 0.60966642]))", "callback": [0.6822182872462115, 0.6709549473778886, 0.6432878434685689, 0.630470553930981, 0.6303210381483113, 0.6291988468885212, 0.6284680982941997, 0.6276019039416685, 0.6265336269491415, 0.626100268468937, 0.6259272919480612, 0.625907134995275, 0.6257623733212501, 0.6254537939284179, 0.6237024360271044, 0.6208802966219531, 0.6137166478255518, 0.6116734688041836, 0.6105039226348989, 0.6100144274681452, 0.6097565469735513, 0.6097372104327108, 0.6096941297447656, 0.6096774406755074, 0.6096691196223774, 0.6096675172327222, 0.6096670337815018, 0.6096668126312237, 0.6096665715966951, 0.609666475419206, 0.6096664497496078, 0.6096664336262594, 0.6096664257025621, 0.609666424311812, 0.6096664231154312, 0.6096664218048984, 0.6096664211934464, 0.6096664208744662, 0.6096664207760878, 0.6096664207541038, 0.609666420746352]}, "7": {"maxiter": 500, "fatol": 1e-10, "xatol": 1e-10, "duration": 0.2519400119781494, "fun": "0.609666420741698", "nit": "500", "nfev": "776", "status": "2", "success": "False", "message": "Maximum number of iterations has been exceeded.", "x": "[ 7.71121563  4.78148102  2.25647305  2.03630038 -0.29178597  5.5653052 ]", "final_simplex": "(array([[ 7.71121563,  4.78148102,  2.25647305,  2.03630038, -0.29178597,\n         5.5653052 ],\n       [ 7.71121563,  4.78148103,  2.25647309,  2.03630038, -0.29178599,\n         5.56530518],\n       [ 7.71121561,  4.781481  ,  2.2564731 ,  2.03630038, -0.29178604,\n         5.56530515],\n       [ 7.71121558,  4.78148098,  2.25647305,  2.03630037, -0.29178597,\n         5.56530516],\n       [ 7.71121561,  4.78148106,  2.25647304,  2.03630037, -0.29178595,\n         5.56530517],\n       [ 7.71121562,  4.78148106,  2.25647309,  2.03630036, -0.29178599,\n         5.56530522],\n       [ 7.71121557,  4.78148102,  2.25647309,  2.03630038, -0.29178598,\n         5.56530518]]), array([0.60966642, 0.60966642, 0.60966642, 0.60966642, 0.60966642,\n       0.60966642, 0.60966642]))", "callback": [0.6822182872462115, 0.6709549473778886, 0.6432878434685689, 0.630470553930981, 0.6303210381483113, 0.6291988468885212, 0.6284680982941997, 0.6276019039416685, 0.6265336269491415, 0.626100268468937, 0.6259272919480612, 0.625907134995275, 0.6257623733212501, 0.6254537939284179, 0.6237024360271044, 0.6208802966219531, 0.6137166478255518, 0.6116734688041836, 0.6105039226348989, 0.6100144274681452, 0.6097565469735513, 0.6097372104327108, 0.6096941297447656, 0.6096774406755074, 0.6096691196223774, 0.6096675172327222, 0.6096670337815018, 0.6096668126312237, 0.6096665715966951, 0.609666475419206, 0.6096664497496078, 0.6096664336262594, 0.6096664257025621, 0.609666424311812, 0.6096664231154312, 0.6096664218048984, 0.6096664211934464, 0.6096664208744662, 0.6096664207760878, 0.6096664207541038, 0.609666420746352, 0.6096664207436273, 0.609666420741876, 0.609666420741876, 0.6096664207417724, 0.6096664207417217, 0.6096664207417035, 0.6096664207416993, 0.6096664207416984]}, "8": {"maxiter": 1000, "fatol": 1e-05, "xatol": 1e-05, "duration": 0.22874903678894043, "fun": "0.609666420746352", "nit": "411", "nfev": "632", "status": "0", "success": "True", "message": "Optimization terminated successfully.", "x": "[ 7.71121889  4.78147634  2.25647729  2.03630127 -0.29178327  5.56530756]", "final_simplex": "(array([[ 7.71121889,  4.78147634,  2.25647729,  2.03630127, -0.29178327,\n         5.56530756],\n       [ 7.71121623,  4.78147919,  2.25647738,  2.03630457, -0.29178777,\n         5.56530099],\n       [ 7.71121332,  4.78147727,  2.25648004,  2.03630151, -0.29179046,\n         5.56530157],\n       [ 7.71121157,  4.78147629,  2.25647298,  2.03630421, -0.29178213,\n         5.56530629],\n       [ 7.7112224 ,  4.78147686,  2.25648068,  2.03630318, -0.29178911,\n         5.5653096 ],\n       [ 7.71121611,  4.7814742 ,  2.25647435,  2.03629618, -0.2917881 ,\n         5.56530913],\n       [ 7.71121443,  4.78147326,  2.25647539,  2.03630662, -0.29178751,\n         5.5653    ]]), array([0.60966642, 0.60966642, 0.60966642, 0.60966642, 0.60966642,\n       0.60966642, 0.60966642]))", "callback": [0.6822182872462115, 0.6709549473778886, 0.6432878434685689, 0.630470553930981, 0.6303210381483113, 0.6291988468885212, 0.6284680982941997, 0.6276019039416685, 0.6265336269491415, 0.626100268468937, 0.6259272919480612, 0.625907134995275, 0.6257623733212501, 0.6254537939284179, 0.6237024360271044, 0.6208802966219531, 0.6137166478255518, 0.6116734688041836, 0.6105039226348989, 0.6100144274681452, 0.6097565469735513, 0.6097372104327108, 0.6096941297447656, 0.6096774406755074, 0.6096691196223774, 0.6096675172327222, 0.6096670337815018, 0.6096668126312237, 0.6096665715966951, 0.609666475419206, 0.6096664497496078, 0.6096664336262594, 0.6096664257025621, 0.609666424311812, 0.6096664231154312, 0.6096664218048984, 0.6096664211934464, 0.6096664208744662, 0.6096664207760878, 0.6096664207541038, 0.609666420746352]}, "9": {"maxiter": 1000, "fatol": 1e-05, "xatol": 1e-10, "duration": 0.27040886878967285, "fun": "0.609666420741698", "nit": "525", "nfev": "874", "status": "0", "success": "True", "message": "Optimization terminated successfully.", "x": "[ 7.71121563  4.78148102  2.25647305  2.03630038 -0.29178597  5.5653052 ]", "final_simplex": "(array([[ 7.71121563,  4.78148102,  2.25647305,  2.03630038, -0.29178597,\n         5.5653052 ],\n       [ 7.71121563,  4.78148102,  2.25647305,  2.03630038, -0.29178597,\n         5.5653052 ],\n       [ 7.71121563,  4.78148102,  2.25647305,  2.03630038, -0.29178597,\n         5.5653052 ],\n       [ 7.71121563,  4.78148102,  2.25647305,  2.03630038, -0.29178597,\n         5.5653052 ],\n       [ 7.71121563,  4.78148102,  2.25647305,  2.03630038, -0.29178597,\n         5.5653052 ],\n       [ 7.71121563,  4.78148102,  2.25647305,  2.03630038, -0.29178597,\n         5.5653052 ],\n       [ 7.71121563,  4.78148102,  2.25647305,  2.03630038, -0.29178597,\n         5.5653052 ]]), array([0.60966642, 0.60966642, 0.60966642, 0.60966642, 0.60966642,\n       0.60966642, 0.60966642]))", "callback": [0.6822182872462115, 0.6709549473778886, 0.6432878434685689, 0.630470553930981, 0.6303210381483113, 0.6291988468885212, 0.6284680982941997, 0.6276019039416685, 0.6265336269491415, 0.626100268468937, 0.6259272919480612, 0.625907134995275, 0.6257623733212501, 0.6254537939284179, 0.6237024360271044, 0.6208802966219531, 0.6137166478255518, 0.6116734688041836, 0.6105039226348989, 0.6100144274681452, 0.6097565469735513, 0.6097372104327108, 0.6096941297447656, 0.6096774406755074, 0.6096691196223774, 0.6096675172327222, 0.6096670337815018, 0.6096668126312237, 0.6096665715966951, 0.609666475419206, 0.6096664497496078, 0.6096664336262594, 0.6096664257025621, 0.609666424311812, 0.6096664231154312, 0.6096664218048984, 0.6096664211934464, 0.6096664208744662, 0.6096664207760878, 0.6096664207541038, 0.609666420746352, 0.6096664207436273, 0.609666420741876, 0.609666420741876, 0.6096664207417724, 0.6096664207417217, 0.6096664207417035, 0.6096664207416993, 0.6096664207416984, 0.609666420741698, 0.609666420741698, 0.609666420741698]}, "10": {"maxiter": 1000, "fatol": 1e-10, "xatol": 1e-05, "duration": 0.19541597366333008, "fun": "0.609666420746352", "nit": "411", "nfev": "632", "status": "0", "success": "True", "message": "Optimization terminated successfully.", "x": "[ 7.71121889  4.78147634  2.25647729  2.03630127 -0.29178327  5.56530756]", "final_simplex": "(array([[ 7.71121889,  4.78147634,  2.25647729,  2.03630127, -0.29178327,\n         5.56530756],\n       [ 7.71121623,  4.78147919,  2.25647738,  2.03630457, -0.29178777,\n         5.56530099],\n       [ 7.71121332,  4.78147727,  2.25648004,  2.03630151, -0.29179046,\n         5.56530157],\n       [ 7.71121157,  4.78147629,  2.25647298,  2.03630421, -0.29178213,\n         5.56530629],\n       [ 7.7112224 ,  4.78147686,  2.25648068,  2.03630318, -0.29178911,\n         5.5653096 ],\n       [ 7.71121611,  4.7814742 ,  2.25647435,  2.03629618, -0.2917881 ,\n         5.56530913],\n       [ 7.71121443,  4.78147326,  2.25647539,  2.03630662, -0.29178751,\n         5.5653    ]]), array([0.60966642, 0.60966642, 0.60966642, 0.60966642, 0.60966642,\n       0.60966642, 0.60966642]))", "callback": [0.6822182872462115, 0.6709549473778886, 0.6432878434685689, 0.630470553930981, 0.6303210381483113, 0.6291988468885212, 0.6284680982941997, 0.6276019039416685, 0.6265336269491415, 0.626100268468937, 0.6259272919480612, 0.625907134995275, 0.6257623733212501, 0.6254537939284179, 0.6237024360271044, 0.6208802966219531, 0.6137166478255518, 0.6116734688041836, 0.6105039226348989, 0.6100144274681452, 0.6097565469735513, 0.6097372104327108, 0.6096941297447656, 0.6096774406755074, 0.6096691196223774, 0.6096675172327222, 0.6096670337815018, 0.6096668126312237, 0.6096665715966951, 0.609666475419206, 0.6096664497496078, 0.6096664336262594, 0.6096664257025621, 0.609666424311812, 0.6096664231154312, 0.6096664218048984, 0.6096664211934464, 0.6096664208744662, 0.6096664207760878, 0.6096664207541038, 0.609666420746352]}, "11": {"maxiter": 1000, "fatol": 1e-10, "xatol": 1e-10, "duration": 0.2777290344238281, "fun": "0.609666420741698", "nit": "525", "nfev": "874", "status": "0", "success": "True", "message": "Optimization terminated successfully.", "x": "[ 7.71121563  4.78148102  2.25647305  2.03630038 -0.29178597  5.5653052 ]", "final_simplex": "(array([[ 7.71121563,  4.78148102,  2.25647305,  2.03630038, -0.29178597,\n         5.5653052 ],\n       [ 7.71121563,  4.78148102,  2.25647305,  2.03630038, -0.29178597,\n         5.5653052 ],\n       [ 7.71121563,  4.78148102,  2.25647305,  2.03630038, -0.29178597,\n         5.5653052 ],\n       [ 7.71121563,  4.78148102,  2.25647305,  2.03630038, -0.29178597,\n         5.5653052 ],\n       [ 7.71121563,  4.78148102,  2.25647305,  2.03630038, -0.29178597,\n         5.5653052 ],\n       [ 7.71121563,  4.78148102,  2.25647305,  2.03630038, -0.29178597,\n         5.5653052 ],\n       [ 7.71121563,  4.78148102,  2.25647305,  2.03630038, -0.29178597,\n         5.5653052 ]]), array([0.60966642, 0.60966642, 0.60966642, 0.60966642, 0.60966642,\n       0.60966642, 0.60966642]))", "callback": [0.6822182872462115, 0.6709549473778886, 0.6432878434685689, 0.630470553930981, 0.6303210381483113, 0.6291988468885212, 0.6284680982941997, 0.6276019039416685, 0.6265336269491415, 0.626100268468937, 0.6259272919480612, 0.625907134995275, 0.6257623733212501, 0.6254537939284179, 0.6237024360271044, 0.6208802966219531, 0.6137166478255518, 0.6116734688041836, 0.6105039226348989, 0.6100144274681452, 0.6097565469735513, 0.6097372104327108, 0.6096941297447656, 0.6096774406755074, 0.6096691196223774, 0.6096675172327222, 0.6096670337815018, 0.6096668126312237, 0.6096665715966951, 0.609666475419206, 0.6096664497496078, 0.6096664336262594, 0.6096664257025621, 0.609666424311812, 0.6096664231154312, 0.6096664218048984, 0.6096664211934464, 0.6096664208744662, 0.6096664207760878, 0.6096664207541038, 0.609666420746352, 0.6096664207436273, 0.609666420741876, 0.609666420741876, 0.6096664207417724, 0.6096664207417217, 0.6096664207417035, 0.6096664207416993, 0.6096664207416984, 0.609666420741698, 0.609666420741698, 0.609666420741698]}}, "bfgs": {"type": "gradient", "0": {"maxiter": 100, "gtol": 1e-05, "xrtol": 1e-05, "eps": 1e-05, "duration": 0.0559391975402832, "fun": "0.6096664208165277", "jac": "[-3.57314178e-07 -2.53042032e-06 -1.08684173e-06  7.37343520e-07\n -3.81028542e-08 -3.32822658e-07]", "hess_inv": "[[10.20542906 -0.46085007  0.38014559  2.59742124 -1.37241091  5.7641579 ]\n [-0.46085007  5.5900739  -0.79710451 -0.73328262  0.46414771  0.28387171]\n [ 0.38014559 -0.79710451  6.10742385 -1.13313698 -2.68242657 -0.15839685]\n [ 2.59742124 -0.73328262 -1.13313698  6.39406017  0.03958286  1.64956399]\n [-1.37241091  0.46414771 -2.68242657  0.03958286  9.16942902  2.75849168]\n [ 5.7641579   0.28387171 -0.15839685  1.64956399  2.75849168  9.46718909]]", "nfev": "175", "njev": "25", "status": "0", "success": "True", "message": "Optimization terminated successfully.", "x": "[ 7.71119621  4.78146019  2.2564642   2.03630066 -0.29179362  5.56528107]", "nit": "23", "callback": [0.6100780317833829, 0.609666622786597]}, "1": {"maxiter": 100, "gtol": 1e-05, "xrtol": 1e-05, "eps": 1e-10, "duration": 0.06009101867675781, "fun": "0.6096664208408891", "jac": "[ 2.22044587e-06 -2.22044587e-06 -2.22044587e-06  2.22044587e-06\n  0.00000000e+00  4.44089173e-06]", "hess_inv": "[[10.17903847 -0.42156479  0.3901914   2.83965842 -1.21354521  5.93274378]\n [-0.42156479  5.56631401 -0.79073519 -0.73110462  0.38417592  0.27199741]\n [ 0.3901914  -0.79073519  6.11724351 -1.10078671 -2.69233803 -0.12799771]\n [ 2.83965842 -0.73110462 -1.10078671  6.53592829 -0.02707395  1.91975398]\n [-1.21354521  0.38417592 -2.69233803 -0.02707395  8.98351324  2.74966346]\n [ 5.93274378  0.27199741 -0.12799771  1.91975398  2.74966346  9.74061374]]", "nfev": "175", "njev": "25", "status": "0", "success": "True", "message": "Optimization terminated successfully.", "x": "[ 7.71124732  4.78146477  2.25646831  2.03631925 -0.29179101  5.56533164]", "nit": "23", "callback": [0.6100780811314319, 0.6096666241872879]}, "2": {"maxiter": 100, "gtol": 1e-05, "xrtol": 1e-10, "eps": 1e-05, "duration": 0.06940507888793945, "fun": "0.6096664208165277", "jac": "[-3.57314178e-07 -2.53042032e-06 -1.08684173e-06  7.37343520e-07\n -3.81028542e-08 -3.32822658e-07]", "hess_inv": "[[10.20542906 -0.46085007  0.38014559  2.59742124 -1.37241091  5.7641579 ]\n [-0.46085007  5.5900739  -0.79710451 -0.73328262  0.46414771  0.28387171]\n [ 0.38014559 -0.79710451  6.10742385 -1.13313698 -2.68242657 -0.15839685]\n [ 2.59742124 -0.73328262 -1.13313698  6.39406017  0.03958286  1.64956399]\n [-1.37241091  0.46414771 -2.68242657  0.03958286  9.16942902  2.75849168]\n [ 5.7641579   0.28387171 -0.15839685  1.64956399  2.75849168  9.46718909]]", "nfev": "175", "njev": "25", "status": "0", "success": "True", "message": "Optimization terminated successfully.", "x": "[ 7.71119621  4.78146019  2.2564642   2.03630066 -0.29179362  5.56528107]", "nit": "23", "callback": [0.6100780317833829, 0.609666622786597]}, "3": {"maxiter": 100, "gtol": 1e-05, "xrtol": 1e-10, "eps": 1e-10, "duration": 0.06294775009155273, "fun": "0.6096664208408891", "jac": "[ 2.22044587e-06 -2.22044587e-06 -2.22044587e-06  2.22044587e-06\n  0.00000000e+00  4.44089173e-06]", "hess_inv": "[[10.17903847 -0.42156479  0.3901914   2.83965842 -1.21354521  5.93274378]\n [-0.42156479  5.56631401 -0.79073519 -0.73110462  0.38417592  0.27199741]\n [ 0.3901914  -0.79073519  6.11724351 -1.10078671 -2.69233803 -0.12799771]\n [ 2.83965842 -0.73110462 -1.10078671  6.53592829 -0.02707395  1.91975398]\n [-1.21354521  0.38417592 -2.69233803 -0.02707395  8.98351324  2.74966346]\n [ 5.93274378  0.27199741 -0.12799771  1.91975398  2.74966346  9.74061374]]", "nfev": "175", "njev": "25", "status": "0", "success": "True", "message": "Optimization terminated successfully.", "x": "[ 7.71124732  4.78146477  2.25646831  2.03631925 -0.29179101  5.56533164]", "nit": "23", "callback": [0.6100780811314319, 0.6096666241872879]}, "4": {"maxiter": 100, "gtol": 1e-10, "xrtol": 1e-05, "eps": 1e-05, "duration": 0.06690382957458496, "fun": "0.6096664207672104", "jac": "[-9.14379683e-08 -9.15933995e-08 -1.05471187e-08  1.44639856e-07\n  7.81597009e-09  6.20614671e-08]", "hess_inv": "[[10.22927905 -0.33745695  0.42904098  2.58043738 -1.35994502  5.83469989]\n [-0.33745695  6.21965889 -0.54779501 -0.86104854  0.50562143  0.61385643]\n [ 0.42904098 -0.54779501  6.20614473 -1.18452535 -2.66643099 -0.02830461]\n [ 2.58043738 -0.86104854 -1.18452535  6.22560961 -0.07347404  1.44103486]\n [-1.35994502  0.50562143 -2.66643099 -0.07347404  9.11582987  2.70402141]\n [ 5.83469989  0.61385643 -0.02830461  1.44103486  2.70402141  9.53704599]]", "nfev": "182", "njev": "26", "status": "0", "success": "True", "message": "Optimization terminated successfully.", "x": "[ 7.71119947  4.78147607  2.25647048  2.036294   -0.29179443  5.56528689]", "nit": "24", "callback": [0.6100780317833829, 0.609666622786597]}, "5": {"maxiter": 100, "gtol": 1e-10, "xrtol": 1e-05, "eps": 1e-10, "duration": 0.05865883827209473, "fun": "0.6096664207697293", "jac": "[0.00000000e+00 2.22044587e-06 0.00000000e+00 0.00000000e+00\n 0.00000000e+00 0.00000000e+00]", "hess_inv": "[[ 8.91928273 -1.13705837  0.17368489  1.9612497  -1.58444033  3.94414519]\n [-1.13705837  6.48593256 -0.19589581 -1.0721092   0.22569998 -0.03336567]\n [ 0.17368489 -0.19589581  6.46860846 -1.16627741 -2.72783544 -0.02365889]\n [ 1.9612497  -1.0721092  -1.16627741  5.94222953 -0.27948016  0.63126572]\n [-1.58444033  0.22569998 -2.72783544 -0.27948016  8.87636819  2.19661187]\n [ 3.94414519 -0.03336567 -0.02365889  0.63126572  2.19661187  7.11365167]]", "nfev": "182", "njev": "26", "status": "0", "success": "True", "message": "Optimization terminated successfully.", "x": "[ 7.71120351  4.78148379  2.25648454  2.03629393 -0.29180219  5.56528976]", "nit": "24", "callback": [0.6100780811314319, 0.6096666241872879]}, "6": {"maxiter": 100, "gtol": 1e-10, "xrtol": 1e-10, "eps": 1e-05, "duration": 0.13477206230163574, "fun": "0.6096664207672104", "jac": "[-9.14379683e-08 -9.15933995e-08 -1.05471187e-08  1.44639856e-07\n  7.81597009e-09  6.20614671e-08]", "hess_inv": "[[10.2436188  -0.28504387  0.45007404  2.52213073 -1.38138944  5.82557142]\n [-0.28504387  6.38975053 -0.47900837 -1.10962984  0.40532257  0.5379234 ]\n [ 0.45007404 -0.47900837  6.23394797 -1.28340478 -2.70613971 -0.05772613]\n [ 2.52213073 -1.10962984 -1.28340478  6.40414189 -0.02246173  1.40787915]\n [-1.38138944  0.40532257 -2.70613971 -0.02246173  9.12553809  2.67424384]\n [ 5.82557142  0.5379234  -0.05772613  1.40787915  2.67424384  9.45851084]]", "nfev": "361", "njev": "50", "status": "2", "success": "False", "message": "Desired error not necessarily achieved due to precision loss.", "x": "[ 7.71119947  4.78147607  2.25647048  2.036294   -0.29179443  5.56528689]", "nit": "24", "callback": [0.6100780317833829, 0.609666622786597]}, "7": {"maxiter": 100, "gtol": 1e-10, "xrtol": 1e-10, "eps": 1e-10, "duration": 0.07946491241455078, "fun": "0.6096664207695357", "jac": "[0. 0. 0. 0. 0. 0.]", "hess_inv": "[[ 8.96220898e+00 -8.97627272e+00  1.46786261e-02  2.73171675e+00\n  -1.82410353e+00  2.67560460e+00]\n [-8.97627272e+00  9.18892362e+00 -1.38192472e-01 -2.72908871e+00\n   1.88826274e+00 -2.64110310e+00]\n [ 1.46786261e-02 -1.38192472e-01  1.23380137e-01 -8.97056186e-03\n  -6.08725473e-02 -2.09788355e-02]\n [ 2.73171675e+00 -2.72908871e+00 -8.97056186e-03  6.03158211e+00\n  -9.61916028e-01  6.81254771e-01]\n [-1.82410353e+00  1.88826274e+00 -6.08725473e-02 -9.61916028e-01\n   7.89910216e+00  2.38848653e+00]\n [ 2.67560460e+00 -2.64110310e+00 -2.09788355e-02  6.81254771e-01\n   2.38848653e+00  6.26226039e+00]]", "nfev": "210", "njev": "30", "status": "0", "success": "True", "message": "Optimization terminated successfully.", "x": "[ 7.71120349  4.78148101  2.25648482  2.03629411 -0.29180243  5.56528925]", "nit": "27", "callback": [0.6100780811314319, 0.6096666241872879]}, "8": {"maxiter": 500, "gtol": 1e-05, "xrtol": 1e-05, "eps": 1e-05, "duration": 0.06532406806945801, "fun": "0.6096664208165277", "jac": "[-3.57314178e-07 -2.53042032e-06 -1.08684173e-06  7.37343520e-07\n -3.81028542e-08 -3.32822658e-07]", "hess_inv": "[[10.20542906 -0.46085007  0.38014559  2.59742124 -1.37241091  5.7641579 ]\n [-0.46085007  5.5900739  -0.79710451 -0.73328262  0.46414771  0.28387171]\n [ 0.38014559 -0.79710451  6.10742385 -1.13313698 -2.68242657 -0.15839685]\n [ 2.59742124 -0.73328262 -1.13313698  6.39406017  0.03958286  1.64956399]\n [-1.37241091  0.46414771 -2.68242657  0.03958286  9.16942902  2.75849168]\n [ 5.7641579   0.28387171 -0.15839685  1.64956399  2.75849168  9.46718909]]", "nfev": "175", "njev": "25", "status": "0", "success": "True", "message": "Optimization terminated successfully.", "x": "[ 7.71119621  4.78146019  2.2564642   2.03630066 -0.29179362  5.56528107]", "nit": "23", "callback": [0.6100780317833829, 0.609666622786597]}, "9": {"maxiter": 500, "gtol": 1e-05, "xrtol": 1e-05, "eps": 1e-10, "duration": 0.06551790237426758, "fun": "0.6096664208408891", "jac": "[ 2.22044587e-06 -2.22044587e-06 -2.22044587e-06  2.22044587e-06\n  0.00000000e+00  4.44089173e-06]", "hess_inv": "[[10.17903847 -0.42156479  0.3901914   2.83965842 -1.21354521  5.93274378]\n [-0.42156479  5.56631401 -0.79073519 -0.73110462  0.38417592  0.27199741]\n [ 0.3901914  -0.79073519  6.11724351 -1.10078671 -2.69233803 -0.12799771]\n [ 2.83965842 -0.73110462 -1.10078671  6.53592829 -0.02707395  1.91975398]\n [-1.21354521  0.38417592 -2.69233803 -0.02707395  8.98351324  2.74966346]\n [ 5.93274378  0.27199741 -0.12799771  1.91975398  2.74966346  9.74061374]]", "nfev": "175", "njev": "25", "status": "0", "success": "True", "message": "Optimization terminated successfully.", "x": "[ 7.71124732  4.78146477  2.25646831  2.03631925 -0.29179101  5.56533164]", "nit": "23", "callback": [0.6100780811314319, 0.6096666241872879]}, "10": {"maxiter": 500, "gtol": 1e-05, "xrtol": 1e-10, "eps": 1e-05, "duration": 0.06426715850830078, "fun": "0.6096664208165277", "jac": "[-3.57314178e-07 -2.53042032e-06 -1.08684173e-06  7.37343520e-07\n -3.81028542e-08 -3.32822658e-07]", "hess_inv": "[[10.20542906 -0.46085007  0.38014559  2.59742124 -1.37241091  5.7641579 ]\n [-0.46085007  5.5900739  -0.79710451 -0.73328262  0.46414771  0.28387171]\n [ 0.38014559 -0.79710451  6.10742385 -1.13313698 -2.68242657 -0.15839685]\n [ 2.59742124 -0.73328262 -1.13313698  6.39406017  0.03958286  1.64956399]\n [-1.37241091  0.46414771 -2.68242657  0.03958286  9.16942902  2.75849168]\n [ 5.7641579   0.28387171 -0.15839685  1.64956399  2.75849168  9.46718909]]", "nfev": "175", "njev": "25", "status": "0", "success": "True", "message": "Optimization terminated successfully.", "x": "[ 7.71119621  4.78146019  2.2564642   2.03630066 -0.29179362  5.56528107]", "nit": "23", "callback": [0.6100780317833829, 0.609666622786597]}, "11": {"maxiter": 500, "gtol": 1e-05, "xrtol": 1e-10, "eps": 1e-10, "duration": 0.06231999397277832, "fun": "0.6096664208408891", "jac": "[ 2.22044587e-06 -2.22044587e-06 -2.22044587e-06  2.22044587e-06\n  0.00000000e+00  4.44089173e-06]", "hess_inv": "[[10.17903847 -0.42156479  0.3901914   2.83965842 -1.21354521  5.93274378]\n [-0.42156479  5.56631401 -0.79073519 -0.73110462  0.38417592  0.27199741]\n [ 0.3901914  -0.79073519  6.11724351 -1.10078671 -2.69233803 -0.12799771]\n [ 2.83965842 -0.73110462 -1.10078671  6.53592829 -0.02707395  1.91975398]\n [-1.21354521  0.38417592 -2.69233803 -0.02707395  8.98351324  2.74966346]\n [ 5.93274378  0.27199741 -0.12799771  1.91975398  2.74966346  9.74061374]]", "nfev": "175", "njev": "25", "status": "0", "success": "True", "message": "Optimization terminated successfully.", "x": "[ 7.71124732  4.78146477  2.25646831  2.03631925 -0.29179101  5.56533164]", "nit": "23", "callback": [0.6100780811314319, 0.6096666241872879]}, "12": {"maxiter": 500, "gtol": 1e-10, "xrtol": 1e-05, "eps": 1e-05, "duration": 0.06485819816589355, "fun": "0.6096664207672104", "jac": "[-9.14379683e-08 -9.15933995e-08 -1.05471187e-08  1.44639856e-07\n  7.81597009e-09  6.20614671e-08]", "hess_inv": "[[10.22927905 -0.33745695  0.42904098  2.58043738 -1.35994502  5.83469989]\n [-0.33745695  6.21965889 -0.54779501 -0.86104854  0.50562143  0.61385643]\n [ 0.42904098 -0.54779501  6.20614473 -1.18452535 -2.66643099 -0.02830461]\n [ 2.58043738 -0.86104854 -1.18452535  6.22560961 -0.07347404  1.44103486]\n [-1.35994502  0.50562143 -2.66643099 -0.07347404  9.11582987  2.70402141]\n [ 5.83469989  0.61385643 -0.02830461  1.44103486  2.70402141  9.53704599]]", "nfev": "182", "njev": "26", "status": "0", "success": "True", "message": "Optimization terminated successfully.", "x": "[ 7.71119947  4.78147607  2.25647048  2.036294   -0.29179443  5.56528689]", "nit": "24", "callback": [0.6100780317833829, 0.609666622786597]}, "13": {"maxiter": 500, "gtol": 1e-10, "xrtol": 1e-05, "eps": 1e-10, "duration": 0.05856490135192871, "fun": "0.6096664207697293", "jac": "[0.00000000e+00 2.22044587e-06 0.00000000e+00 0.00000000e+00\n 0.00000000e+00 0.00000000e+00]", "hess_inv": "[[ 8.91928273 -1.13705837  0.17368489  1.9612497  -1.58444033  3.94414519]\n [-1.13705837  6.48593256 -0.19589581 -1.0721092   0.22569998 -0.03336567]\n [ 0.17368489 -0.19589581  6.46860846 -1.16627741 -2.72783544 -0.02365889]\n [ 1.9612497  -1.0721092  -1.16627741  5.94222953 -0.27948016  0.63126572]\n [-1.58444033  0.22569998 -2.72783544 -0.27948016  8.87636819  2.19661187]\n [ 3.94414519 -0.03336567 -0.02365889  0.63126572  2.19661187  7.11365167]]", "nfev": "182", "njev": "26", "status": "0", "success": "True", "message": "Optimization terminated successfully.", "x": "[ 7.71120351  4.78148379  2.25648454  2.03629393 -0.29180219  5.56528976]", "nit": "24", "callback": [0.6100780811314319, 0.6096666241872879]}, "14": {"maxiter": 500, "gtol": 1e-10, "xrtol": 1e-10, "eps": 1e-05, "duration": 0.11066508293151855, "fun": "0.6096664207672104", "jac": "[-9.14379683e-08 -9.15933995e-08 -1.05471187e-08  1.44639856e-07\n  7.81597009e-09  6.20614671e-08]", "hess_inv": "[[10.2436188  -0.28504387  0.45007404  2.52213073 -1.38138944  5.82557142]\n [-0.28504387  6.38975053 -0.47900837 -1.10962984  0.40532257  0.5379234 ]\n [ 0.45007404 -0.47900837  6.23394797 -1.28340478 -2.70613971 -0.05772613]\n [ 2.52213073 -1.10962984 -1.28340478  6.40414189 -0.02246173  1.40787915]\n [-1.38138944  0.40532257 -2.70613971 -0.02246173  9.12553809  2.67424384]\n [ 5.82557142  0.5379234  -0.05772613  1.40787915  2.67424384  9.45851084]]", "nfev": "361", "njev": "50", "status": "2", "success": "False", "message": "Desired error not necessarily achieved due to precision loss.", "x": "[ 7.71119947  4.78147607  2.25647048  2.036294   -0.29179443  5.56528689]", "nit": "24", "callback": [0.6100780317833829, 0.609666622786597]}, "15": {"maxiter": 500, "gtol": 1e-10, "xrtol": 1e-10, "eps": 1e-10, "duration": 0.06679987907409668, "fun": "0.6096664207695357", "jac": "[0. 0. 0. 0. 0. 0.]", "hess_inv": "[[ 8.96220898e+00 -8.97627272e+00  1.46786261e-02  2.73171675e+00\n  -1.82410353e+00  2.67560460e+00]\n [-8.97627272e+00  9.18892362e+00 -1.38192472e-01 -2.72908871e+00\n   1.88826274e+00 -2.64110310e+00]\n [ 1.46786261e-02 -1.38192472e-01  1.23380137e-01 -8.97056186e-03\n  -6.08725473e-02 -2.09788355e-02]\n [ 2.73171675e+00 -2.72908871e+00 -8.97056186e-03  6.03158211e+00\n  -9.61916028e-01  6.81254771e-01]\n [-1.82410353e+00  1.88826274e+00 -6.08725473e-02 -9.61916028e-01\n   7.89910216e+00  2.38848653e+00]\n [ 2.67560460e+00 -2.64110310e+00 -2.09788355e-02  6.81254771e-01\n   2.38848653e+00  6.26226039e+00]]", "nfev": "210", "njev": "30", "status": "0", "success": "True", "message": "Optimization terminated successfully.", "x": "[ 7.71120349  4.78148101  2.25648482  2.03629411 -0.29180243  5.56528925]", "nit": "27", "callback": [0.6100780811314319, 0.6096666241872879]}, "16": {"maxiter": 1000, "gtol": 1e-05, "xrtol": 1e-05, "eps": 1e-05, "duration": 0.05481982231140137, "fun": "0.6096664208165277", "jac": "[-3.57314178e-07 -2.53042032e-06 -1.08684173e-06  7.37343520e-07\n -3.81028542e-08 -3.32822658e-07]", "hess_inv": "[[10.20542906 -0.46085007  0.38014559  2.59742124 -1.37241091  5.7641579 ]\n [-0.46085007  5.5900739  -0.79710451 -0.73328262  0.46414771  0.28387171]\n [ 0.38014559 -0.79710451  6.10742385 -1.13313698 -2.68242657 -0.15839685]\n [ 2.59742124 -0.73328262 -1.13313698  6.39406017  0.03958286  1.64956399]\n [-1.37241091  0.46414771 -2.68242657  0.03958286  9.16942902  2.75849168]\n [ 5.7641579   0.28387171 -0.15839685  1.64956399  2.75849168  9.46718909]]", "nfev": "175", "njev": "25", "status": "0", "success": "True", "message": "Optimization terminated successfully.", "x": "[ 7.71119621  4.78146019  2.2564642   2.03630066 -0.29179362  5.56528107]", "nit": "23", "callback": [0.6100