{"date": "2024/10/27/, 21:39:41", "conf_id": 153, "data_type": "orthogonal\n", "num_data_points": 4, "s_rank": 0, "unitary": "[[-0.53618537-0.34368723j,-0.12107031-0.46226139j,-0.07699282-0.46603512j,0.36022595-0.11472301j],[0.26026499-0.63450712j,-0.56616638+0.37832564j,-0.14988651+0.08458591j,0.10363514-0.16008501j],[-0.32580188-0.11070003j,-0.36476308-0.23593218j,0.02559343+0.41761608j,-0.25598305+0.6725303j],[0.07406738-0.0126433j,0.28513701+0.19483972j,-0.74939717-0.10299659j,0.29798249+0.46269921j]]", "databatch_0": {"databatch": "[[[0.06294545+0.14317397j,0.12162424+0.01225979j,0.1479947-0.11158618j,0.0313028-0.13121169j],[0.11397204-0.25060986j,0.05281099-0.52993512j,0.27883172+0.08721533j,-0.1292251-0.09315207j],[0.07557724+0.28993835j,0.43423558+0.01342405j,0.00937649+0.17676573j,-0.069454-0.0597771j],[-0.01042685-0.00605097j,-0.18920005-0.10479012j,0.14412421-0.2238889j,-0.04155999-0.01022149j]],[[-0.11585545+0.25813524j,-0.00417387+0.16038428j,-0.19302572+0.06605855j,-0.11040136+0.23367228j],[-0.04831699-0.02043578j,0.3034072+0.02379222j,-0.1918734+0.22219437j,-0.13649308-0.08814263j],[0.21166612-0.11267144j,0.14246585-0.37221585j,0.09053217-0.03344571j,-0.15605817-0.09891386j],[-0.02001362-0.29928577j,0.05304851+0.16395324j,0.03840975-0.07325827j,0.20252476-0.38795992j]],[[0.11616118-0.00643289j,-0.0416802-0.31514557j,0.28127053-0.17167058j,-0.07606694-0.06843949j],[0.26260188+0.08911728j,0.23630152-0.0948088j,-0.07668796-0.03312005j,-0.06082061-0.03998021j],[0.09862443-0.1792011j,0.08907088-0.01251012j,-0.23110882+0.20383157j,0.01410421+0.05282939j],[-0.11004347+0.26277496j,0.1948843+0.51384076j,-0.24652786+0.06577658j,0.12307817-0.03242288j]],[[-0.21874994+0.03559136j,-0.0034824+0.44873869j,-0.33010097+0.10616128j,0.07081945+0.03732167j],[-0.02428816+0.0257712j,-0.14140525-0.21000083j,-0.08379549-0.04517045j,-0.25149205+0.21209673j],[-0.1640186-0.00566832j,0.04482215+0.21424517j,-0.19361732-0.0911096j,-0.1006199-0.1390761j],[0.00484069+0.37172653j,0.02879497+0.32556512j,-0.08649245-0.17295084j,0.05939746+0.06454906j]]]", "initial param values": "[3.72299766,3.90701198,1.78368661,0.28461202,1.15767073,0.21376244]", "nelder_mead": {"type": "gradient-free", "0": {"maxiter": 100, "fatol": 1e-05, "xatol": 1e-05, "duration": 0.35553932189941406, "fun": "0.782925654222673", "nit": "100", "nfev": "153", "status": "2", "success": "False", "message": "Maximum number of iterations has been exceeded.", "x": "[ 1.05569167  1.60457287  1.90817517  0.62445416  1.60649808 -0.06259717]", "final_simplex": "(array([[ 1.05569167,  1.60457287,  1.90817517,  0.62445416,  1.60649808,\n        -0.06259717],\n       [ 1.13704734,  1.63254145,  1.86924797,  0.60485644,  1.58338719,\n        -0.04402272],\n       [ 1.08158764,  1.6810405 ,  1.81637707,  0.60634354,  1.59858162,\n        -0.04456794],\n       [ 1.01950431,  1.642039  ,  1.76900856,  0.62180136,  1.61694932,\n        -0.06086495],\n       [ 1.09660069,  1.79962835,  1.73196417,  0.61339891,  1.6094449 ,\n        -0.05788125],\n       [ 1.05392121,  1.68621539,  1.77494374,  0.61069139,  1.60403539,\n        -0.04577956],\n       [ 0.90598149,  1.63487827,  1.8578497 ,  0.61391772,  1.59531223,\n        -0.03756767]]), array([0.78292565, 0.78370884, 0.78385807, 0.78394267, 0.78395319,\n       0.78403822, 0.784436  ]))", "callback": [0.8940064521434703, 0.8624392944910202, 0.8381655415530747, 0.826187248433865, 0.8165100089663031, 0.7921815552786162, 0.7911054169768768, 0.7872478861258507, 0.7848428235872147, 0.7844504593657007]}, "1": {"maxiter": 100, "fatol": 1e-05, "xatol": 1e-10, "duration": 0.2488710880279541, "fun": "0.782925654222673", "nit": "100", "nfev": "153", "status": "2", "success": "False", "message": "Maximum number of iterations has been exceeded.", "x": "[ 1.05569167  1.60457287  1.90817517  0.62445416  1.60649808 -0.06259717]", "final_simplex": "(array([[ 1.05569167,  1.60457287,  1.90817517,  0.62445416,  1.60649808,\n        -0.06259717],\n       [ 1.13704734,  1.63254145,  1.86924797,  0.60485644,  1.58338719,\n        -0.04402272],\n       [ 1.08158764,  1.6810405 ,  1.81637707,  0.60634354,  1.59858162,\n        -0.04456794],\n       [ 1.01950431,  1.642039  ,  1.76900856,  0.62180136,  1.61694932,\n        -0.06086495],\n       [ 1.09660069,  1.79962835,  1.73196417,  0.61339891,  1.6094449 ,\n        -0.05788125],\n       [ 1.05392121,  1.68621539,  1.77494374,  0.61069139,  1.60403539,\n        -0.04577956],\n       [ 0.90598149,  1.63487827,  1.8578497 ,  0.61391772,  1.59531223,\n        -0.03756767]]), array([0.78292565, 0.78370884, 0.78385807, 0.78394267, 0.78395319,\n       0.78403822, 0.784436  ]))", "callback": [0.8940064521434703, 0.8624392944910202, 0.8381655415530747, 0.826187248433865, 0.8165100089663031, 0.7921815552786162, 0.7911054169768768, 0.7872478861258507, 0.7848428235872147, 0.7844504593657007]}, "2": {"maxiter": 100, "fatol": 1e-10, "xatol": 1e-05, "duration": 0.2310171127319336, "fun": "0.782925654222673", "nit": "100", "nfev": "153", "status": "2", "success": "False", "message": "Maximum number of iterations has been exceeded.", "x": "[ 1.05569167  1.60457287  1.90817517  0.62445416  1.60649808 -0.06259717]", "final_simplex": "(array([[ 1.05569167,  1.60457287,  1.90817517,  0.62445416,  1.60649808,\n        -0.06259717],\n       [ 1.13704734,  1.63254145,  1.86924797,  0.60485644,  1.58338719,\n        -0.04402272],\n       [ 1.08158764,  1.6810405 ,  1.81637707,  0.60634354,  1.59858162,\n        -0.04456794],\n       [ 1.01950431,  1.642039  ,  1.76900856,  0.62180136,  1.61694932,\n        -0.06086495],\n       [ 1.09660069,  1.79962835,  1.73196417,  0.61339891,  1.6094449 ,\n        -0.05788125],\n       [ 1.05392121,  1.68621539,  1.77494374,  0.61069139,  1.60403539,\n        -0.04577956],\n       [ 0.90598149,  1.63487827,  1.8578497 ,  0.61391772,  1.59531223,\n        -0.03756767]]), array([0.78292565, 0.78370884, 0.78385807, 0.78394267, 0.78395319,\n       0.78403822, 0.784436  ]))", "callback": [0.8940064521434703, 0.8624392944910202, 0.8381655415530747, 0.826187248433865, 0.8165100089663031, 0.7921815552786162, 0.7911054169768768, 0.7872478861258507, 0.7848428235872147, 0.7844504593657007]}, "3": {"maxiter": 100, "fatol": 1e-10, "xatol": 1e-10, "duration": 0.24446368217468262, "fun": "0.782925654222673", "nit": "100", "nfev": "153", "status": "2", "success": "False", "message": "Maximum number of iterations has been exceeded.", "x": "[ 1.05569167  1.60457287  1.90817517  0.62445416  1.60649808 -0.06259717]", "final_simplex": "(array([[ 1.05569167,  1.60457287,  1.90817517,  0.62445416,  1.60649808,\n        -0.06259717],\n       [ 1.13704734,  1.63254145,  1.86924797,  0.60485644,  1.58338719,\n        -0.04402272],\n       [ 1.08158764,  1.6810405 ,  1.81637707,  0.60634354,  1.59858162,\n        -0.04456794],\n       [ 1.01950431,  1.642039  ,  1.76900856,  0.62180136,  1.61694932,\n        -0.06086495],\n       [ 1.09660069,  1.79962835,  1.73196417,  0.61339891,  1.6094449 ,\n        -0.05788125],\n       [ 1.05392121,  1.68621539,  1.77494374,  0.61069139,  1.60403539,\n        -0.04577956],\n       [ 0.90598149,  1.63487827,  1.8578497 ,  0.61391772,  1.59531223,\n        -0.03756767]]), array([0.78292565, 0.78370884, 0.78385807, 0.78394267, 0.78395319,\n       0.78403822, 0.784436  ]))", "callback": [0.8940064521434703, 0.8624392944910202, 0.8381655415530747, 0.826187248433865, 0.8165100089663031, 0.7921815552786162, 0.7911054169768768, 0.7872478861258507, 0.7848428235872147, 0.7844504593657007]}, "4": {"maxiter": 500, "fatol": 1e-05, "xatol": 1e-05, "duration": 0.774000883102417, "fun": "0.3812446268184061", "nit": "500", "nfev": "769", "status": "2", "success": "False", "message": "Maximum number of iterations has been exceeded.", "x": "[ 1.92557463  2.59377475  4.05207431  1.23611936 -1.66393773 -0.52682701]", "final_simplex": "(array([[ 1.92557463,  2.59377475,  4.05207431,  1.23611936, -1.66393773,\n        -0.52682701],\n       [ 1.93744868,  2.65395687,  4.09594565,  1.30531403, -1.67148571,\n        -0.52373686],\n       [ 1.88802651,  2.62373123,  4.15022123,  1.22353416, -1.69807607,\n        -0.48500389],\n       [ 1.94480473,  2.59234256,  4.09626289,  1.220156  , -1.69916362,\n        -0.49143163],\n       [ 1.85884276,  2.64035582,  4.0975253 ,  1.2293331 , -1.65063615,\n        -0.49567674],\n       [ 1.94186769,  2.59885672,  4.08629362,  1.31247335, -1.68558199,\n        -0.49738529],\n       [ 1.86273291,  2.52407186,  4.03322446,  1.18724018, -1.69538313,\n        -0.47699752]]), array([0.38124463, 0.38186388, 0.3821713 , 0.38236143, 0.38242051,\n       0.38318619, 0.38336145]))", "callback": [0.8940064521434703, 0.8624392944910202, 0.8381655415530747, 0.826187248433865, 0.8165100089663031, 0.7921815552786162, 0.7911054169768768, 0.7872478861258507, 0.7848428235872147, 0.7844504593657007, 0.782925654222673, 0.780480834292756, 0.7667005611215504, 0.7610347504048246, 0.7605018963366925, 0.7602813160878495, 0.7602523842112126, 0.7602341098773825, 0.7601795252962548, 0.7599614960174816, 0.759340896755017, 0.7585874287609982, 0.7583919807045761, 0.7575941836209374, 0.7542696714510269, 0.7484513125780426, 0.739447807344924, 0.6226908198074403, 0.5537209898762316, 0.49179690864556813, 0.45106729126125567, 0.39772744067013555, 0.39218483168449747, 0.39218483168449747, 0.39191234335983904, 0.3918576717709167, 0.3918501508529325, 0.39184635688519587, 0.391842394168347, 0.3918418102273611, 0.3918381390675044, 0.3918319937728756, 0.3918181002734711, 0.3917226469569829, 0.3914719606292306, 0.3910883407603545, 0.3905682326783664, 0.3895333675206831, 0.3878104466208405, 0.3831861861433332]}, "5": {"maxiter": 500, "fatol": 1e-05, "xatol": 1e-10, "duration": 0.7064731121063232, "fun": "0.3812446268184061", "nit": "500", "nfev": "769", "status": "2", "success": "False", "message": "Maximum number of iterations has been exceeded.", "x": "[ 1.92557463  2.59377475  4.05207431  1.23611936 -1.66393773 -0.52682701]", "final_simplex": "(array([[ 1.92557463,  2.59377475,  4.05207431,  1.23611936, -1.66393773,\n        -0.52682701],\n       [ 1.93744868,  2.65395687,  4.09594565,  1.30531403, -1.67148571,\n        -0.52373686],\n       [ 1.88802651,  2.62373123,  4.15022123,  1.22353416, -1.69807607,\n        -0.48500389],\n       [ 1.94480473,  2.59234256,  4.09626289,  1.220156  , -1.69916362,\n        -0.49143163],\n       [ 1.85884276,  2.64035582,  4.0975253 ,  1.2293331 , -1.65063615,\n        -0.49567674],\n       [ 1.94186769,  2.59885672,  4.08629362,  1.31247335, -1.68558199,\n        -0.49738529],\n       [ 1.86273291,  2.52407186,  4.03322446,  1.18724018, -1.69538313,\n        -0.47699752]]), array([0.38124463, 0.38186388, 0.3821713 , 0.38236143, 0.38242051,\n       0.38318619, 0.38336145]))", "callback": [0.8940064521434703, 0.8624392944910202, 0.8381655415530747, 0.826187248433865, 0.8165100089663031, 0.7921815552786162, 0.7911054169768768, 0.7872478861258507, 0.7848428235872147, 0.7844504593657007, 0.782925654222673, 0.780480834292756, 0.7667005611215504, 0.7610347504048246, 0.7605018963366925, 0.7602813160878495, 0.7602523842112126, 0.7602341098773825, 0.7601795252962548, 0.7599614960174816, 0.759340896755017, 0.7585874287609982, 0.7583919807045761, 0.7575941836209374, 0.7542696714510269, 0.7484513125780426, 0.739447807344924, 0.6226908198074403, 0.5537209898762316, 0.49179690864556813, 0.45106729126125567, 0.39772744067013555, 0.39218483168449747, 0.39218483168449747, 0.39191234335983904, 0.3918576717709167, 0.3918501508529325, 0.39184635688519587, 0.391842394168347, 0.3918418102273611, 0.3918381390675044, 0.3918319937728756, 0.3918181002734711, 0.3917226469569829, 0.3914719606292306, 0.3910883407603545, 0.3905682326783664, 0.3895333675206831, 0.3878104466208405, 0.3831861861433332]}, "6": {"maxiter": 500, "fatol": 1e-10, "xatol": 1e-05, "duration": 0.7721445560455322, "fun": "0.3812446268184061", "nit": "500", "nfev": "769", "status": "2", "success": "False", "message": "Maximum number of iterations has been exceeded.", "x": "[ 1.92557463  2.59377475  4.05207431  1.23611936 -1.66393773 -0.52682701]", "final_simplex": "(array([[ 1.92557463,  2.59377475,  4.05207431,  1.23611936, -1.66393773,\n        -0.52682701],\n       [ 1.93744868,  2.65395687,  4.09594565,  1.30531403, -1.67148571,\n        -0.52373686],\n       [ 1.88802651,  2.62373123,  4.15022123,  1.22353416, -1.69807607,\n        -0.48500389],\n       [ 1.94480473,  2.59234256,  4.09626289,  1.220156  , -1.69916362,\n        -0.49143163],\n       [ 1.85884276,  2.64035582,  4.0975253 ,  1.2293331 , -1.65063615,\n        -0.49567674],\n       [ 1.94186769,  2.59885672,  4.08629362,  1.31247335, -1.68558199,\n        -0.49738529],\n       [ 1.86273291,  2.52407186,  4.03322446,  1.18724018, -1.69538313,\n        -0.47699752]]), array([0.38124463, 0.38186388, 0.3821713 , 0.38236143, 0.38242051,\n       0.38318619, 0.38336145]))", "callback": [0.8940064521434703, 0.8624392944910202, 0.8381655415530747, 0.826187248433865, 0.8165100089663031, 0.7921815552786162, 0.7911054169768768, 0.7872478861258507, 0.7848428235872147, 0.7844504593657007, 0.782925654222673, 0.780480834292756, 0.7667005611215504, 0.7610347504048246, 0.7605018963366925, 0.7602813160878495, 0.7602523842112126, 0.7602341098773825, 0.7601795252962548, 0.7599614960174816, 0.759340896755017, 0.7585874287609982, 0.7583919807045761, 0.7575941836209374, 0.7542696714510269, 0.7484513125780426, 0.739447807344924, 0.6226908198074403, 0.5537209898762316, 0.49179690864556813, 0.45106729126125567, 0.39772744067013555, 0.39218483168449747, 0.39218483168449747, 0.39191234335983904, 0.3918576717709167, 0.3918501508529325, 0.39184635688519587, 0.391842394168347, 0.3918418102273611, 0.3918381390675044, 0.3918319937728756, 0.3918181002734711, 0.3917226469569829, 0.3914719606292306, 0.3910883407603545, 0.3905682326783664, 0.3895333675206831, 0.3878104466208405, 0.3831861861433332]}, "7": {"maxiter": 500, "fatol": 1e-10, "xatol": 1e-10, "duration": 1.2057621479034424, "fun": "0.3812446268184061", "nit": "500", "nfev": "769", "status": "2", "success": "False", "message": "Maximum number of iterations has been exceeded.", "x": "[ 1.92557463  2.59377475  4.05207431  1.23611936 -1.66393773 -0.52682701]", "final_simplex": "(array([[ 1.92557463,  2.59377475,  4.05207431,  1.23611936, -1.66393773,\n        -0.52682701],\n       [ 1.93744868,  2.65395687,  4.09594565,  1.30531403, -1.67148571,\n        -0.52373686],\n       [ 1.88802651,  2.62373123,  4.15022123,  1.22353416, -1.69807607,\n        -0.48500389],\n       [ 1.94480473,  2.59234256,  4.09626289,  1.220156  , -1.69916362,\n        -0.49143163],\n       [ 1.85884276,  2.64035582,  4.0975253 ,  1.2293331 , -1.65063615,\n        -0.49567674],\n       [ 1.94186769,  2.59885672,  4.08629362,  1.31247335, -1.68558199,\n        -0.49738529],\n       [ 1.86273291,  2.52407186,  4.03322446,  1.18724018, -1.69538313,\n        -0.47699752]]), array([0.38124463, 0.38186388, 0.3821713 , 0.38236143, 0.38242051,\n       0.38318619, 0.38336145]))", "callback": [0.8940064521434703, 0.8624392944910202, 0.8381655415530747, 0.826187248433865, 0.8165100089663031, 0.7921815552786162, 0.7911054169768768, 0.7872478861258507, 0.7848428235872147, 0.7844504593657007, 0.782925654222673, 0.780480834292756, 0.7667005611215504, 0.7610347504048246, 0.7605018963366925, 0.7602813160878495, 0.7602523842112126, 0.7602341098773825, 0.7601795252962548, 0.7599614960174816, 0.759340896755017, 0.7585874287609982, 0.7583919807045761, 0.7575941836209374, 0.7542696714510269, 0.7484513125780426, 0.739447807344924, 0.6226908198074403, 0.5537209898762316, 0.49179690864556813, 0.45106729126125567, 0.39772744067013555, 0.39218483168449747, 0.39218483168449747, 0.39191234335983904, 0.3918576717709167, 0.3918501508529325, 0.39184635688519587, 0.391842394168347, 0.3918418102273611, 0.3918381390675044, 0.3918319937728756, 0.3918181002734711, 0.3917226469569829, 0.3914719606292306, 0.3910883407603545, 0.3905682326783664, 0.3895333675206831, 0.3878104466208405, 0.3831861861433332]}, "8": {"maxiter": 1000, "fatol": 1e-05, "xatol": 1e-05, "duration": 1.3434686660766602, "fun": "0.3770507031909238", "nit": "735", "nfev": "1126", "status": "0", "success": "True", "message": "Optimization terminated successfully.", "x": "[ 1.91760314  2.6412507   4.13473898  1.24417848 -1.68549862 -0.68056974]", "final_simplex": "(array([[ 1.91760314,  2.6412507 ,  4.13473898,  1.24417848, -1.68549862,\n        -0.68056974],\n       [ 1.91759984,  2.64125385,  4.13474179,  1.24417608, -1.6854973 ,\n        -0.68057085],\n       [ 1.91759837,  2.64124967,  4.13473509,  1.24417164, -1.68549679,\n        -0.68057019],\n       [ 1.91760056,  2.64125239,  4.13473745,  1.24417562, -1.68549791,\n        -0.68057742],\n       [ 1.9176062 ,  2.64125371,  4.13473997,  1.24417511, -1.68549934,\n        -0.68056936],\n       [ 1.91760128,  2.64125843,  4.13473845,  1.24417934, -1.68549742,\n        -0.68057386],\n       [ 1.91759855,  2.64124271,  4.13473588,  1.24417189, -1.6854889 ,\n        -0.68057171]]), array([0.3770507, 0.3770507, 0.3770507, 0.3770507, 0.3770507, 0.3770507,\n       0.3770507]))", "callback": [0.8940064521434703, 0.8624392944910202, 0.8381655415530747, 0.826187248433865, 0.8165100089663031, 0.7921815552786162, 0.7911054169768768, 0.7872478861258507, 0.7848428235872147, 0.7844504593657007, 0.782925654222673, 0.780480834292756, 0.7667005611215504, 0.7610347504048246, 0.7605018963366925, 0.7602813160878495, 0.7602523842112126, 0.7602341098773825, 0.7601795252962548, 0.7599614960174816, 0.759340896755017, 0.7585874287609982, 0.7583919807045761, 0.7575941836209374, 0.7542696714510269, 0.7484513125780426, 0.739447807344924, 0.6226908198074403, 0.5537209898762316, 0.49179690864556813, 0.45106729126125567, 0.39772744067013555, 0.39218483168449747, 0.39218483168449747, 0.39191234335983904, 0.3918576717709167, 0.3918501508529325, 0.39184635688519587, 0.391842394168347, 0.3918418102273611, 0.3918381390675044, 0.3918319937728756, 0.3918181002734711, 0.3917226469569829, 0.3914719606292306, 0.3910883407603545, 0.3905682326783664, 0.3895333675206831, 0.3878104466208405, 0.3831861861433332, 0.3812446268184061, 0.3802441815710229, 0.3795911585323206, 0.3790102127610877, 0.3788672492860219, 0.37806117004537554, 0.37721105265824495, 0.37716869836178346, 0.37712342582157155, 0.3770960178232956, 0.37707963632938146, 0.3770650431133985, 0.3770563857942677, 0.37705291733387025, 0.3770515360986706, 0.37705089849462237, 0.37705074851343345, 0.3770507215751582, 0.3770507084674327, 0.37705070460601386, 0.3770507035469519, 0.37705070325194034, 0.37705070320350054, 0.37705070319319955]}, "9": {"maxiter": 1000, "fatol": 1e-05, "xatol": 1e-10, "duration": 1.1661186218261719, "fun": "0.3770507031886895", "nit": "834", "nfev": "1340", "status": "0", "success": "True", "message": "Optimization terminated successfully.", "x": "[ 1.91760135  2.64125069  4.13473765  1.2441771  -1.68549555 -0.68057229]", "final_simplex": "(array([[ 1.91760135,  2.64125069,  4.13473765,  1.2441771 , -1.68549555,\n        -0.68057229],\n       [ 1.91760135,  2.64125069,  4.13473765,  1.2441771 , -1.68549555,\n        -0.68057229],\n       [ 1.91760135,  2.64125069,  4.13473765,  1.2441771 , -1.68549555,\n        -0.68057229],\n       [ 1.91760135,  2.64125069,  4.13473765,  1.2441771 , -1.68549555,\n        -0.68057229],\n       [ 1.91760135,  2.64125069,  4.13473765,  1.2441771 , -1.68549555,\n        -0.68057229],\n       [ 1.91760135,  2.64125069,  4.13473765,  1.2441771 , -1.68549555,\n        -0.68057229],\n       [ 1.91760135,  2.64125069,  4.13473765,  1.2441771 , -1.68549555,\n        -0.68057229]]), array([0.3770507, 0.3770507, 0.3770507, 0.3770507, 0.3770507, 0.3770507,\n       0.3770507]))", "callback": [0.8940064521434703, 0.8624392944910202, 0.8381655415530747, 0.826187248433865, 0.8165100089663031, 0.7921815552786162, 0.7911054169768768, 0.7872478861258507, 0.7848428235872147, 0.7844504593657007, 0.782925654222673, 0.780480834292756, 0.7667005611215504, 0.7610347504048246, 0.7605018963366925, 0.7602813160878495, 0.7602523842112126, 0.7602341098773825, 0.7601795252962548, 0.7599614960174816, 0.759340896755017, 0.7585874287609982, 0.7583919807045761, 0.7575941836209374, 0.7542696714510269, 0.7484513125780426, 0.739447807344924, 0.6226908198074403, 0.5537209898762316, 0.49179690864556813, 0.45106729126125567, 0.39772744067013555, 0.39218483168449747, 0.39218483168449747, 0.39191234335983904, 0.3918576717709167, 0.3918501508529325, 0.39184635688519587, 0.391842394168347, 0.3918418102273611, 0.3918381390675044, 0.3918319937728756, 0.3918181002734711, 0.3917226469569829, 0.3914719606292306, 0.3910883407603545, 0.3905682326783664, 0.3895333675206831, 0.3878104466208405, 0.3831861861433332, 0.3812446268184061, 0.3802441815710229, 0.3795911585323206, 0.3790102127610877, 0.3788672492860219, 0.37806117004537554, 0.37721105265824495, 0.37716869836178346, 0.37712342582157155, 0.3770960178232956, 0.37707963632938146, 0.3770650431133985, 0.3770563857942677, 0.37705291733387025, 0.3770515360986706, 0.37705089849462237, 0.37705074851343345, 0.3770507215751582, 0.3770507084674327, 0.37705070460601386, 0.3770507035469519, 0.37705070325194034, 0.37705070320350054, 0.37705070319319955, 0.37705070319039746, 0.3770507031889494, 0.3770507031887429, 0.37705070318871436, 0.37705070318869627, 0.3770507031886904, 0.3770507031886904, 0.3770507031886895, 0.3770507031886895, 0.3770507031886895]}, "10": {"maxiter": 1000, "fatol": 1e-10, "xatol": 1e-05, "duration": 0.9166646003723145, "fun": "0.3770507031909238", "nit": "735", "nfev": "1126", "status": "0", "success": "True", "message": "Optimization terminated successfully.", "x": "[ 1.91760314  2.6412507   4.13473898  1.24417848 -1.68549862 -0.68056974]", "final_simplex": "(array([[ 1.91760314,  2.6412507 ,  4.13473898,  1.24417848, -1.68549862,\n        -0.68056974],\n       [ 1.91759984,  2.64125385,  4.13474179,  1.24417608, -1.6854973 ,\n        -0.68057085],\n       [ 1.91759837,  2.64124967,  4.13473509,  1.24417164, -1.68549679,\n        -0.68057019],\n       [ 1.91760056,  2.64125239,  4.13473745,  1.24417562, -1.68549791,\n        -0.68057742],\n       [ 1.9176062 ,  2.64125371,  4.13473997,  1.24417511, -1.68549934,\n        -0.68056936],\n       [ 1.91760128,  2.64125843,  4.13473845,  1.24417934, -1.68549742,\n        -0.68057386],\n       [ 1.91759855,  2.64124271,  4.13473588,  1.24417189, -1.6854889 ,\n        -0.68057171]]), array([0.3770507, 0.3770507, 0.3770507, 0.3770507, 0.3770507, 0.3770507,\n       0.3770507]))", "callback": [0.8940064521434703, 0.8624392944910202, 0.8381655415530747, 0.826187248433865, 0.8165100089663031, 0.7921815552786162, 0.7911054169768768, 0.7872478861258507, 0.7848428235872147, 0.7844504593657007, 0.782925654222673, 0.780480834292756, 0.7667005611215504, 0.7610347504048246, 0.7605018963366925, 0.7602813160878495, 0.7602523842112126, 0.7602341098773825, 0.7601795252962548, 0.7599614960174816, 0.759340896755017, 0.7585874287609982, 0.7583919807045761, 0.7575941836209374, 0.7542696714510269, 0.7484513125780426, 0.739447807344924, 0.6226908198074403, 0.5537209898762316, 0.49179690864556813, 0.45106729126125567, 0.39772744067013555, 0.39218483168449747, 0.39218483168449747, 0.39191234335983904, 0.3918576717709167, 0.3918501508529325, 0.39184635688519587, 0.391842394168347, 0.3918418102273611, 0.3918381390675044, 0.3918319937728756, 0.3918181002734711, 0.3917226469569829, 0.3914719606292306, 0.3910883407603545, 0.3905682326783664, 0.3895333675206831, 0.3878104466208405, 0.3831861861433332, 0.3812446268184061, 0.3802441815710229, 0.3795911585323206, 0.3790102127610877, 0.3788672492860219, 0.37806117004537554, 0.37721105265824495, 0.37716869836178346, 0.37712342582157155, 0.3770960178232956, 0.37707963632938146, 0.3770650431133985, 0.3770563857942677, 0.37705291733387025, 0.3770515360986706, 0.37705089849462237, 0.37705074851343345, 0.3770507215751582, 0.3770507084674327, 0.37705070460601386, 0.3770507035469519, 0.37705070325194034, 0.37705070320350054, 0.37705070319319955]}, "11": {"maxiter": 1000, "fatol": 1e-10, "xatol": 1e-10, "duration": 1.0912010669708252, "fun": "0.3770507031886895", "nit": "834", "nfev": "1340", "status": "0", "success": "True", "message": "Optimization terminated successfully.", "x": "[ 1.91760135  2.64125069  4.13473765  1.2441771  -1.68549555 -0.68057229]", "final_simplex": "(array([[ 1.91760135,  2.64125069,  4.13473765,  1.2441771 , -1.68549555,\n        -0.68057229],\n       [ 1.91760135,  2.64125069,  4.13473765,  1.2441771 , -1.68549555,\n        -0.68057229],\n       [ 1.91760135,  2.64125069,  4.13473765,  1.2441771 , -1.68549555,\n        -0.68057229],\n       [ 1.91760135,  2.64125069,  4.13473765,  1.2441771 , -1.68549555,\n        -0.68057229],\n       [ 1.91760135,  2.64125069,  4.13473765,  1.2441771 , -1.68549555,\n        -0.68057229],\n       [ 1.91760135,  2.64125069,  4.13473765,  1.2441771 , -1.68549555,\n        -0.68057229],\n       [ 1.91760135,  2.64125069,  4.13473765,  1.2441771 , -1.68549555,\n        -0.68057229]]), array([0.3770507, 0.3770507, 0.3770507, 0.3770507, 0.3770507, 0.3770507,\n       0.3770507]))", "callback": [0.8940064521434703, 0.8624392944910202, 0.8381655415530747, 0.826187248433865, 0.8165100089663031, 0.7921815552786162, 0.7911054169768768, 0.7872478861258507, 0.7848428235872147, 0.7844504593657007, 0.782925654222673, 0.780480834292756, 0.7667005611215504, 0.7610347504048246, 0.7605018963366925, 0.7602813160878495, 0.7602523842112126, 0.7602341098773825, 0.7601795252962548, 0.7599614960174816, 0.759340896755017, 0.7585874287609982, 0.7583919807045761, 0.7575941836209374, 0.7542696714510269, 0.7484513125780426, 0.739447807344924, 0.6226908198074403, 0.5537209898762316, 0.49179690864556813, 0.45106729126125567, 0.39772744067013555, 0.39218483168449747, 0.39218483168449747, 0.39191234335983904, 0.3918576717709167, 0.3918501508529325, 0.39184635688519587, 0.391842394168347, 0.3918418102273611, 0.3918381390675044, 0.3918319937728756, 0.3918181002734711, 0.3917226469569829, 0.3914719606292306, 0.3910883407603545, 0.3905682326783664, 0.3895333675206831, 0.3878104466208405, 0.3831861861433332, 0.3812446268184061, 0.3802441815710229, 0.3795911585323206, 0.3790102127610877, 0.3788672492860219, 0.37806117004537554, 0.37721105265824495, 0.37716869836178346, 0.37712342582157155, 0.3770960178232956, 0.37707963632938146, 0.3770650431133985, 0.3770563857942677, 0.37705291733387025, 0.3770515360986706, 0.37705089849462237, 0.37705074851343345, 0.3770507215751582, 0.3770507084674327, 0.37705070460601386, 0.3770507035469519, 0.37705070325194034, 0.37705070320350054, 0.37705070319319955, 0.37705070319039746, 0.3770507031889494, 0.3770507031887429, 0.37705070318871436, 0.37705070318869627, 0.3770507031886904, 0.3770507031886904, 0.3770507031886895, 0.3770507031886895, 0.3770507031886895]}}, "bfgs": {"type": "gradient", "0": {"maxiter": 100, "gtol": 1e-05, "xrtol": 1e-05, "eps": 1e-05, "duration": 0.2168886661529541, "fun": "0.492788488133012", "jac": "[ 3.65163455e-07  4.12292422e-07 -4.30255831e-07 -1.05699893e-06\n  1.03387299e-06 -1.63188352e-06]", "hess_inv": "[[ 7.17048593  0.3492943   0.72606051  3.18792461 -0.1051311  -2.68666322]\n [ 0.3492943   6.96607945 -3.4252209   1.15457967 -1.55892897 -1.68485026]\n [ 0.72606051 -3.4252209   6.3031166   0.15079448  0.61482245 -0.43453853]\n [ 3.18792461  1.15457967  0.15079448  6.19934876 -0.35457309 -2.33998596]\n [-0.1051311  -1.55892897  0.61482245 -0.35457309  4.61457502  0.3605488 ]\n [-2.68666322 -1.68485026 -0.43453853 -2.33998596  0.3605488   6.42212339]]", "nfev": "259", "njev": "37", "status": "0", "success": "True", "message": "Optimization terminated successfully.", "x": "[-1.02448989  2.05547165  3.54574293 -1.46747385 -0.25620119 -0.25179981]", "nit": "22", "callback": [0.841239287078696, 0.6807191466485756, 0.6804443840709022, 0.6368918895084754, 0.5724302320762602, 0.5503549254296505, 0.5200221521326309, 0.4994167534574546, 0.4953730997130694, 0.4947300721400568, 0.49371084373779883, 0.49297513773120305, 0.49292745007391947, 0.49286841626751055, 0.4928217711772218, 0.49279446247785663, 0.4927902335096016, 0.4927893119123625, 0.4927887368029794, 0.4927885190839524, 0.4927884893008081, 0.492788488133012]}, "1": {"maxiter": 100, "gtol": 1e-05, "xrtol": 1e-05, "eps": 1e-10, "duration": 0.19959306716918945, "fun": "0.49278848818472476", "jac": "[-3.33066880e-06  1.11022293e-06 -2.22044587e-06 -1.11022293e-06\n -1.11022293e-06 -3.33066880e-06]", "hess_inv": "[[ 6.91640189  0.31750242  0.58238917  2.99742876 -0.07955058 -2.76243996]\n [ 0.31750242  7.57769894 -3.79362412  0.96859262 -1.44250819 -1.73786039]\n [ 0.58238917 -3.79362412  6.65430367  0.08910503  0.46432476 -0.36815853]\n [ 2.99742876  0.96859262  0.08910503  6.02281366 -0.45898803 -2.33642293]\n [-0.07955058 -1.44250819  0.46432476 -0.45898803  4.50084336  0.29964305]\n [-2.76243996 -1.73786039 -0.36815853 -2.33642293  0.29964305  6.31696181]]", "nfev": "259", "njev": "37", "status": "0", "success": "True", "message": "Optimization terminated successfully.", "x": "[-1.02449277  2.05548529  3.54573346 -1.4674687  -0.25620894 -0.25181015]", "nit": "22", "callback": [0.8412392639039402, 0.6806957648485765, 0.6804196625888085, 0.6366732155962386, 0.5721405085330951, 0.5502298779511079, 0.5214234167441181, 0.49841500115469073, 0.4967734529386503, 0.4945872828850909, 0.4934141972701549, 0.49302274697775395, 0.4929274434452484, 0.4928917545842544, 0.4928357939425011, 0.4927952923983918, 0.49279071609738123, 0.49278931796312264, 0.4927888461569341, 0.4927885315543019, 0.4927884907365303, 0.49278848818472476]}, "2": {"maxiter": 100, "gtol": 1e-05, "xrtol": 1e-10, "eps": 1e-05, "duration": 0.2159264087677002, "fun": "0.492788488133012", "jac": "[ 3.65163455e-07  4.12292422e-07 -4.30255831e-07 -1.05699893e-06\n  1.03387299e-06 -1.63188352e-06]", "hess_inv": "[[ 7.17048593  0.3492943   0.72606051  3.18792461 -0.1051311  -2.68666322]\n [ 0.3492943   6.96607945 -3.4252209   1.15457967 -1.55892897 -1.68485026]\n [ 0.72606051 -3.4252209   6.3031166   0.15079448  0.61482245 -0.43453853]\n [ 3.18792461  1.15457967  0.15079448  6.19934876 -0.35457309 -2.33998596]\n [-0.1051311  -1.55892897  0.61482245 -0.35457309  4.61457502  0.3605488 ]\n [-2.68666322 -1.68485026 -0.43453853 -2.33998596  0.3605488   6.42212339]]", "nfev": "259", "njev": "37", "status": "0", "success": "True", "message": "Optimization terminated successfully.", "x": "[-1.02448989  2.05547165  3.54574293 -1.46747385 -0.25620119 -0.25179981]", "nit": "22", "callback": [0.841239287078696, 0.6807191466485756, 0.6804443840709022, 0.6368918895084754, 0.5724302320762602, 0.5503549254296505, 0.5200221521326309, 0.4994167534574546, 0.4953730997130694, 0.4947300721400568, 0.49371084373779883, 0.49297513773120305, 0.49292745007391947, 0.49286841626751055, 0.4928217711772218, 0.49279446247785663, 0.4927902335096016, 0.4927893119123625, 0.4927887368029794, 0.4927885190839524, 0.4927884893008081, 0.492788488133012]}, "3": {"maxiter": 100, "gtol": 1e-05, "xrtol": 1e-10, "eps": 1e-10, "duration": 0.20002484321594238, "fun": "0.49278848818472476", "jac": "[-3.33066880e-06  1.11022293e-06 -2.22044587e-06 -1.11022293e-06\n -1.11022293e-06 -3.33066880e-06]", "hess_inv": "[[ 6.91640189  0.31750242  0.58238917  2.99742876 -0.07955058 -2.76243996]\n [ 0.31750242  7.57769894 -3.79362412  0.96859262 -1.44250819 -1.73786039]\n [ 0.58238917 -3.79362412  6.65430367  0.08910503  0.46432476 -0.36815853]\n [ 2.99742876  0.96859262  0.08910503  6.02281366 -0.45898803 -2.33642293]\n [-0.07955058 -1.44250819  0.46432476 -0.45898803  4.50084336  0.29964305]\n [-2.76243996 -1.73786039 -0.36815853 -2.33642293  0.29964305  6.31696181]]", "nfev": "259", "njev": "37", "status": "0", "success": "True", "message": "Optimization terminated successfully.", "x": "[-1.02449277  2.05548529  3.54573346 -1.4674687  -0.25620894 -0.25181015]", "nit": "22", "callback": [0.8412392639039402, 0.6806957648485765, 0.6804196625888085, 0.6366732155962386, 0.5721405085330951, 0.5502298779511079, 0.5214234167441181, 0.49841500115469073, 0.4967734529386503, 0.4945872828850909, 0.4934141972701549, 0.49302274697775395, 0.4929274434452484, 0.4928917545842544, 0.4928357939425011, 0.4927952923983918, 0.49279071609738123, 0.49278931796312264, 0.4927888461569341, 0.4927885315543019, 0.4927884907365303, 0.49278848818472476]}, "4": {"maxiter": 100, "gtol": 1e-10, "xrtol": 1e-05, "eps": 1e-05, "duration": 0.20522689819335938, "fun": "0.4927884881190703", "jac": "[-9.54791801e-10  1.95288230e-08  3.37840866e-08 -1.06337161e-07\n  3.05422354e-08 -7.71160913e-08]", "hess_inv": "[[ 7.24456525  0.44695089  0.67218399  3.12739807 -0.00906171 -2.9122376 ]\n [ 0.44695089  7.09463662 -3.49750238  1.08135963 -1.43628318 -1.97629707]\n [ 0.67218399 -3.49750238  6.33354414  0.24055744  0.51710701 -0.22925818]\n [ 3.12739807  1.08135963  0.24055744  6.00982677 -0.28759142 -2.37104774]\n [-0.00906171 -1.43628318  0.51710701 -0.28759142  4.65060467  0.19911788]\n [-2.9122376  -1.97629707 -0.22925818 -2.37104774  0.19911788  6.91491427]]", "nfev": "266", "njev": "38", "status": "0", "success": "True", "message": "Optimization terminated successfully.", "x": "[-1.02449387  2.05546646  3.5457462  -1.46747255 -0.25620516 -0.25178946]", "nit": "23", "callback": [0.841239287078696, 0.6807191466485756, 0.6804443840709022, 0.6368918895084754, 0.5724302320762602, 0.5503549254296505, 0.5200221521326309, 0.4994167534574546, 0.4953730997130694, 0.4947300721400568, 0.49371084373779883, 0.49297513773120305, 0.49292745007391947, 0.49286841626751055, 0.4928217711772218, 0.49279446247785663, 0.4927902335096016, 0.4927893119123625, 0.4927887368029794, 0.4927885190839524, 0.4927884893008081, 0.492788488133012, 0.4927884881190703]}, "5": {"maxiter": 100, "gtol": 1e-10, "xrtol": 1e-05, "eps": 1e-10, "duration": 0.2903578281402588, "fun": "0.492788488119817", "jac": "[ 4.44089173e-06  0.00000000e+00  1.11022293e-06 -1.11022293e-06\n  1.11022293e-06  0.00000000e+00]", "hess_inv": "[[ 7.10676284  0.39021329  0.72238542  2.89170629  0.05055201 -2.27353486]\n [ 0.39021329  7.05185844 -3.60514012  1.26270723 -1.47802806 -2.23093778]\n [ 0.72238542 -3.60514012  6.72433519 -0.0702202   0.58078682  0.15718371]\n [ 2.89170629  1.26270723 -0.0702202   5.87942469 -0.47975728 -2.19719833]\n [ 0.05055201 -1.47802806  0.58078682 -0.47975728  4.57664574  0.52914561]\n [-2.27353486 -2.23093778  0.15718371 -2.19719833  0.52914561  6.73781897]]", "nfev": "266", "njev": "38", "status": "0", "success": "True", "message": "Optimization terminated successfully.", "x": "[-1.02447224  2.05546309  3.54575589 -1.46746195 -0.25619953 -0.2517943 ]", "nit": "23", "callback": [0.8412392639039402, 0.6806957648485765, 0.6804196625888085, 0.6366732155962386, 0.5721405085330951, 0.5502298779511079, 0.5214234167441181, 0.49841500115469073, 0.4967734529386503, 0.4945872828850909, 0.4934141972701549, 0.49302274697775395, 0.4929274434452484, 0.4928917545842544, 0.4928357939425011, 0.4927952923983918, 0.49279071609738123, 0.49278931796312264, 0.4927888461569341, 0.4927885315543019, 0.4927884907365303, 0.49278848818472476, 0.492788488119817]}, "6": {"maxiter": 100, "gtol": 1e-10, "xrtol": 1e-10, "eps": 1e-05, "duration": 0.3279604911804199, "fun": "0.49278848811848863", "jac": "[ 2.23154828e-09 -2.43138842e-09  2.00950367e-09 -2.33146835e-09\n  1.02140518e-09 -2.99760217e-10]", "hess_inv": "[[ 7.17671194  0.4319074   0.72293878  3.01914914 -0.00967385 -2.91793209]\n [ 0.4319074   7.04837799 -3.48792634  1.1458013  -1.48146188 -1.85960149]\n [ 0.72293878 -3.48792634  6.35859427  0.15560284  0.59642585 -0.37868457]\n [ 3.01914914  1.1458013   0.15560284  6.10971481 -0.41223645 -2.19813825]\n [-0.00967385 -1.48146188  0.59642585 -0.41223645  4.70636901  0.12054206]\n [-2.91793209 -1.85960149 -0.37868457 -2.19813825  0.12054206  6.98749375]]", "nfev": "424", "njev": "59", "status": "2", "success": "False", "message": "Desired error not necessarily achieved due to precision loss.", "x": "[-1.02449379  2.05546644  3.54574604 -1.4674721  -0.25620532 -0.25178911]", "nit": "24", "callback": [0.841239287078696, 0.6807191466485756, 0.6804443840709022, 0.6368918895084754, 0.5724302320762602, 0.5503549254296505, 0.5200221521326309, 0.4994167534574546, 0.4953730997130694, 0.4947300721400568, 0.49371084373779883, 0.49297513773120305, 0.49292745007391947, 0.49286841626751055, 0.4928217711772218, 0.49279446247785663, 0.4927902335096016, 0.4927893119123625, 0.4927887368029794, 0.4927885190839524, 0.4927884893008081, 0.492788488133012, 0.4927884881190703, 0.49278848811848863]}, "7": {"maxiter": 100, "gtol": 1e-10, "xrtol": 1e-10, "eps": 1e-10, "duration": 0.3947911262512207, "fun": "0.4927884881056358", "jac": "[0.00000000e+00 1.11022293e-06 1.11022293e-06 1.11022293e-06\n 1.11022293e-06 1.11022293e-06]", "hess_inv": "[[ 1.66735011  1.48820494 -1.55546252 -2.44450283  1.91256395 -1.06988038]\n [ 1.48820494  2.92337645 -1.3084175  -3.5160441   1.18561465 -1.26333192]\n [-1.55546252 -1.3084175   2.4955411   2.62782694 -2.63889621  1.07786979]\n [-2.44450283 -3.5160441   2.62782694  5.22237376 -3.4129613   2.20858056]\n [ 1.91256395  1.18561465 -2.63889621 -3.4129613   4.4550611  -1.89071498]\n [-1.06988038 -1.26333192  1.07786979  2.20858056 -1.89071498  1.0925605 ]]", "nfev": "392", "njev": "56", "status": "2", "success": "False", "message": "Desired error not necessarily achieved due to precision loss.", "x": "[-1.02448782  2.05546502  3.54575271 -1.46746661 -0.25619964 -0.25178801]", "nit": "30", "callback": [0.8412392639039402, 0.6806957648485765, 0.6804196625888085, 0.6366732155962386, 0.5721405085330951, 0.5502298779511079, 0.5214234167441181, 0.49841500115469073, 0.4967734529386503, 0.4945872828850909, 0.4934141972701549, 0.49302274697775395, 0.4929274434452484, 0.4928917545842544, 0.4928357939425011, 0.4927952923983918, 0.49279071609738123, 0.49278931796312264, 0.4927888461569341, 0.4927885315543019, 0.4927884907365303, 0.49278848818472476, 0.492788488119817, 0.4927884881073229, 0.492788488107305, 0.4927884881072163, 0.4927884881067478, 0.49278848810645115, 0.4927884881056358, 0.4927884881056358]}, "8": {"maxiter": 500, "gtol": 1e-05, "xrtol": 1e-05, "eps": 1e-05, "duration": 0.20168805122375488, "fun": "0.492788488133012", "jac": "[ 3.65163455e-07  4.12292422e-07 -4.30255831e-07 -1.05699893e-06\n  1.03387299e-06 -1.63188352e-06]", "hess_inv": "[[ 7.17048593  0.3492943   0.72606051  3.18792461 -0.1051311  -2.68666322]\n [ 0.3492943   6.96607945 -3.4252209   1.15457967 -1.55892897 -1.68485026]\n [ 0.72606051 -3.4252209   6.3031166   0.15079448  0.61482245 -0.43453853]\n [ 3.18792461  1.15457967  0.15079448  6.19934876 -0.35457309 -2.33998596]\n [-0.1051311  -1.55892897  0.61482245 -0.35457309  4.61457502  0.3605488 ]\n [-2.68666322 -1.68485026 -0.43453853 -2.33998596  0.3605488   6.42212339]]", "nfev": "259", "njev": "37", "status": "0", "success": "True", "message": "Optimization terminated successfully.", "x": "[-1.02448989  2.05547165  3.54574293 -1.46747385 -0.25620119 -0.25179981]", "nit": "22", "callback": [0.841239287078696, 0.6807191466485756, 0.6804443840709022, 0.6368918895084754, 0.5724302320762602, 0.5503549254296505, 0.5200221521326309, 0.4994167534574546, 0.4953730997130694, 0.4947300721400568, 0.49371084373779883, 0.49297513773120305, 0.49292745007391947, 0.49286841626751055, 0.4928217711772218, 0.49279446247785663, 0.4927902335096016, 0.4927893119123625, 0.4927887368029794, 0.4927885190839524, 0.4927884893008081, 0.492788488133012]}, "9": {"maxiter": 500, "gtol": 1e-05, "xrtol": 1e-05, "eps": 1e-10, "duration": 0.4064805507659912, "fun": "0.49278848818472476", "jac": "[-3.33066880e-06  1.11022293e-06 -2.22044587e-06 -1.11022293e-06\n -1.11022293e-06 -3.33066880e-06]", "hess_inv": "[[ 6.91640189  0.31750242  0.5