{"date": "2024/10/08/, 18:01:12", "conf_id": 18, "data_type": "random\n", "num_data_points": 1, "s_rank": 0, "unitary": "[[-0.53618537-0.34368723j,-0.12107031-0.46226139j,-0.07699282-0.46603512j,0.36022595-0.11472301j],[0.26026499-0.63450712j,-0.56616638+0.37832564j,-0.14988651+0.08458591j,0.10363514-0.16008501j],[-0.32580188-0.11070003j,-0.36476308-0.23593218j,0.02559343+0.41761608j,-0.25598305+0.6725303j],[0.07406738-0.0126433j,0.28513701+0.19483972j,-0.74939717-0.10299659j,0.29798249+0.46269921j]]", "databatch_0": {"databatch": "[[[-0.07795419+0.29819206j,-0.27920523+0.30634329j,0.24090422-0.25277829j,-0.19851574-0.05390677j],[0.14148921-0.00563487j,0.19780328+0.26749474j,0.00702299-0.10053885j,0.16637329+0.20192603j],[-0.01382119+0.08774322j,-0.05077223+0.14263597j,-0.08386457+0.04476311j,-0.09673325-0.0103696j],[0.17755784-0.10153512j,-0.18264166-0.02059411j,0.08262112-0.26555682j,0.00847636+0.39656431j]]]", "initial param values": "[0.12695088,3.8835825,0.73083886,0.38653739,2.17904362,0.58600342]", "nelder_mead": {"type": "gradient-free", "0": {"maxiter": 100, "fatol": 1e-05, "xatol": 1e-05, "duration": 0.04087710380554199, "fun": "0.4139095668808308", "nit": "100", "nfev": "160", "status": "2", "success": "False", "message": "Maximum number of iterations has been exceeded.", "x": "[ 0.22856657 -0.28932838  1.97373602 -0.74107676  1.87227258  1.36088599]", "final_simplex": "(array([[ 0.22856657, -0.28932838,  1.97373602, -0.74107676,  1.87227258,\n         1.36088599],\n       [ 0.22287802, -0.14307169,  1.87903583, -0.67296711,  1.92966132,\n         1.31774416],\n       [ 0.227814  , -0.18544432,  1.91102487, -0.70987152,  1.89560209,\n         1.33770687],\n       [ 0.22250952, -0.11240681,  1.83745482, -0.64326738,  1.9304777 ,\n         1.30260476],\n       [ 0.23013557, -0.16315283,  1.9088777 , -0.72855508,  1.88851109,\n         1.34849284],\n       [ 0.22663462, -0.22937626,  1.90146988, -0.71010132,  1.92714623,\n         1.34318632],\n       [ 0.22433691, -0.1449424 ,  1.85246612, -0.67799176,  1.94768439,\n         1.32545844]]), array([0.41390957, 0.41413868, 0.41421534, 0.41467381, 0.41472332,\n       0.41486127, 0.41497393]))", "callback": [0.8402459446187693, 0.6202705373321407, 0.5380022919876182, 0.5136077841641331, 0.5070037363678292, 0.49589456514917685, 0.4645546797372361, 0.4168710855878748, 0.4158412818924344, 0.41486126943580126]}, "1": {"maxiter": 100, "fatol": 1e-05, "xatol": 1e-10, "duration": 0.04158496856689453, "fun": "0.4139095668808308", "nit": "100", "nfev": "160", "status": "2", "success": "False", "message": "Maximum number of iterations has been exceeded.", "x": "[ 0.22856657 -0.28932838  1.97373602 -0.74107676  1.87227258  1.36088599]", "final_simplex": "(array([[ 0.22856657, -0.28932838,  1.97373602, -0.74107676,  1.87227258,\n         1.36088599],\n       [ 0.22287802, -0.14307169,  1.87903583, -0.67296711,  1.92966132,\n         1.31774416],\n       [ 0.227814  , -0.18544432,  1.91102487, -0.70987152,  1.89560209,\n         1.33770687],\n       [ 0.22250952, -0.11240681,  1.83745482, -0.64326738,  1.9304777 ,\n         1.30260476],\n       [ 0.23013557, -0.16315283,  1.9088777 , -0.72855508,  1.88851109,\n         1.34849284],\n       [ 0.22663462, -0.22937626,  1.90146988, -0.71010132,  1.92714623,\n         1.34318632],\n       [ 0.22433691, -0.1449424 ,  1.85246612, -0.67799176,  1.94768439,\n         1.32545844]]), array([0.41390957, 0.41413868, 0.41421534, 0.41467381, 0.41472332,\n       0.41486127, 0.41497393]))", "callback": [0.8402459446187693, 0.6202705373321407, 0.5380022919876182, 0.5136077841641331, 0.5070037363678292, 0.49589456514917685, 0.4645546797372361, 0.4168710855878748, 0.4158412818924344, 0.41486126943580126]}, "2": {"maxiter": 100, "fatol": 1e-10, "xatol": 1e-05, "duration": 0.04697299003601074, "fun": "0.4139095668808308", "nit": "100", "nfev": "160", "status": "2", "success": "False", "message": "Maximum number of iterations has been exceeded.", "x": "[ 0.22856657 -0.28932838  1.97373602 -0.74107676  1.87227258  1.36088599]", "final_simplex": "(array([[ 0.22856657, -0.28932838,  1.97373602, -0.74107676,  1.87227258,\n         1.36088599],\n       [ 0.22287802, -0.14307169,  1.87903583, -0.67296711,  1.92966132,\n         1.31774416],\n       [ 0.227814  , -0.18544432,  1.91102487, -0.70987152,  1.89560209,\n         1.33770687],\n       [ 0.22250952, -0.11240681,  1.83745482, -0.64326738,  1.9304777 ,\n         1.30260476],\n       [ 0.23013557, -0.16315283,  1.9088777 , -0.72855508,  1.88851109,\n         1.34849284],\n       [ 0.22663462, -0.22937626,  1.90146988, -0.71010132,  1.92714623,\n         1.34318632],\n       [ 0.22433691, -0.1449424 ,  1.85246612, -0.67799176,  1.94768439,\n         1.32545844]]), array([0.41390957, 0.41413868, 0.41421534, 0.41467381, 0.41472332,\n       0.41486127, 0.41497393]))", "callback": [0.8402459446187693, 0.6202705373321407, 0.5380022919876182, 0.5136077841641331, 0.5070037363678292, 0.49589456514917685, 0.4645546797372361, 0.4168710855878748, 0.4158412818924344, 0.41486126943580126]}, "3": {"maxiter": 100, "fatol": 1e-10, "xatol": 1e-10, "duration": 0.052377939224243164, "fun": "0.4139095668808308", "nit": "100", "nfev": "160", "status": "2", "success": "False", "message": "Maximum number of iterations has been exceeded.", "x": "[ 0.22856657 -0.28932838  1.97373602 -0.74107676  1.87227258  1.36088599]", "final_simplex": "(array([[ 0.22856657, -0.28932838,  1.97373602, -0.74107676,  1.87227258,\n         1.36088599],\n       [ 0.22287802, -0.14307169,  1.87903583, -0.67296711,  1.92966132,\n         1.31774416],\n       [ 0.227814  , -0.18544432,  1.91102487, -0.70987152,  1.89560209,\n         1.33770687],\n       [ 0.22250952, -0.11240681,  1.83745482, -0.64326738,  1.9304777 ,\n         1.30260476],\n       [ 0.23013557, -0.16315283,  1.9088777 , -0.72855508,  1.88851109,\n         1.34849284],\n       [ 0.22663462, -0.22937626,  1.90146988, -0.71010132,  1.92714623,\n         1.34318632],\n       [ 0.22433691, -0.1449424 ,  1.85246612, -0.67799176,  1.94768439,\n         1.32545844]]), array([0.41390957, 0.41413868, 0.41421534, 0.41467381, 0.41472332,\n       0.41486127, 0.41497393]))", "callback": [0.8402459446187693, 0.6202705373321407, 0.5380022919876182, 0.5136077841641331, 0.5070037363678292, 0.49589456514917685, 0.4645546797372361, 0.4168710855878748, 0.4158412818924344, 0.41486126943580126]}, "4": {"maxiter": 500, "fatol": 1e-05, "xatol": 1e-05, "duration": 0.20815491676330566, "fun": "0.3003170511322981", "nit": "500", "nfev": "750", "status": "2", "success": "False", "message": "Maximum number of iterations has been exceeded.", "x": "[ 1.09013507 -3.19743364  3.93483554 -0.57300257  2.04893449  1.45009964]", "final_simplex": "(array([[ 1.09013507, -3.19743364,  3.93483554, -0.57300257,  2.04893449,\n         1.45009964],\n       [ 1.16614757, -3.33136707,  4.01082258, -0.61405576,  2.18720605,\n         1.23615714],\n       [ 1.04299517, -3.15465227,  3.84497115, -0.6453633 ,  2.14320262,\n         1.37243618],\n       [ 1.0287536 , -3.3411271 ,  4.14791506, -0.57794959,  1.76889652,\n         1.54056033],\n       [ 0.80086238, -3.21480846,  4.12815498, -0.68465896,  1.92923118,\n         1.46140903],\n       [ 1.00188355, -3.06226916,  3.85901313, -0.48966944,  1.99573255,\n         1.40477012],\n       [ 0.74557387, -2.95828051,  4.05521725, -0.64320133,  1.93017872,\n         1.29230665]]), array([0.30031705, 0.31174839, 0.31318339, 0.31648013, 0.31818261,\n       0.31840231, 0.32311893]))", "callback": [0.8402459446187693, 0.6202705373321407, 0.5380022919876182, 0.5136077841641331, 0.5070037363678292, 0.49589456514917685, 0.4645546797372361, 0.4168710855878748, 0.4158412818924344, 0.41486126943580126, 0.4133751201979565, 0.41098712336257526, 0.4071572449632812, 0.3924044920638401, 0.38081900755211096, 0.37322234972787227, 0.37229514587981993, 0.37157875443196753, 0.37156569253548233, 0.3715368817781085, 0.3715310580139579, 0.37152360291962405, 0.3715135322870913, 0.3715037898356719, 0.3714801445578002, 0.37131758362980793, 0.3710278288693969, 0.37085870364511364, 0.3707826942164927, 0.37075980360031935, 0.370746101002837, 0.3707395471075835, 0.3707342396076696, 0.37072869356514926, 0.3707201386589446, 0.370697768410551, 0.3705782324046262, 0.37003793657924666, 0.3685955905781644, 0.3675460486549542, 0.3660352401499867, 0.36444433129746767, 0.361027031084191, 0.3599702638696005, 0.3587913735410291, 0.35679174992124374, 0.3548940245406613, 0.34899568872377684, 0.3345839430166876, 0.31648013303792266]}, "5": {"maxiter": 500, "fatol": 1e-05, "xatol": 1e-10, "duration": 0.2133808135986328, "fun": "0.3003170511322981", "nit": "500", "nfev": "750", "status": "2", "success": "False", "message": "Maximum number of iterations has been exceeded.", "x": "[ 1.09013507 -3.19743364  3.93483554 -0.57300257  2.04893449  1.45009964]", "final_simplex": "(array([[ 1.09013507, -3.19743364,  3.93483554, -0.57300257,  2.04893449,\n         1.45009964],\n       [ 1.16614757, -3.33136707,  4.01082258, -0.61405576,  2.18720605,\n         1.23615714],\n       [ 1.04299517, -3.15465227,  3.84497115, -0.6453633 ,  2.14320262,\n         1.37243618],\n       [ 1.0287536 , -3.3411271 ,  4.14791506, -0.57794959,  1.76889652,\n         1.54056033],\n       [ 0.80086238, -3.21480846,  4.12815498, -0.68465896,  1.92923118,\n         1.46140903],\n       [ 1.00188355, -3.06226916,  3.85901313, -0.48966944,  1.99573255,\n         1.40477012],\n       [ 0.74557387, -2.95828051,  4.05521725, -0.64320133,  1.93017872,\n         1.29230665]]), array([0.30031705, 0.31174839, 0.31318339, 0.31648013, 0.31818261,\n       0.31840231, 0.32311893]))", "callback": [0.8402459446187693, 0.6202705373321407, 0.5380022919876182, 0.5136077841641331, 0.5070037363678292, 0.49589456514917685, 0.4645546797372361, 0.4168710855878748, 0.4158412818924344, 0.41486126943580126, 0.4133751201979565, 0.41098712336257526, 0.4071572449632812, 0.3924044920638401, 0.38081900755211096, 0.37322234972787227, 0.37229514587981993, 0.37157875443196753, 0.37156569253548233, 0.3715368817781085, 0.3715310580139579, 0.37152360291962405, 0.3715135322870913, 0.3715037898356719, 0.3714801445578002, 0.37131758362980793, 0.3710278288693969, 0.37085870364511364, 0.3707826942164927, 0.37075980360031935, 0.370746101002837, 0.3707395471075835, 0.3707342396076696, 0.37072869356514926, 0.3707201386589446, 0.370697768410551, 0.3705782324046262, 0.37003793657924666, 0.3685955905781644, 0.3675460486549542, 0.3660352401499867, 0.36444433129746767, 0.361027031084191, 0.3599702638696005, 0.3587913735410291, 0.35679174992124374, 0.3548940245406613, 0.34899568872377684, 0.3345839430166876, 0.31648013303792266]}, "6": {"maxiter": 500, "fatol": 1e-10, "xatol": 1e-05, "duration": 0.2076129913330078, "fun": "0.3003170511322981", "nit": "500", "nfev": "750", "status": "2", "success": "False", "message": "Maximum number of iterations has been exceeded.", "x": "[ 1.09013507 -3.19743364  3.93483554 -0.57300257  2.04893449  1.45009964]", "final_simplex": "(array([[ 1.09013507, -3.19743364,  3.93483554, -0.57300257,  2.04893449,\n         1.45009964],\n       [ 1.16614757, -3.33136707,  4.01082258, -0.61405576,  2.18720605,\n         1.23615714],\n       [ 1.04299517, -3.15465227,  3.84497115, -0.6453633 ,  2.14320262,\n         1.37243618],\n       [ 1.0287536 , -3.3411271 ,  4.14791506, -0.57794959,  1.76889652,\n         1.54056033],\n       [ 0.80086238, -3.21480846,  4.12815498, -0.68465896,  1.92923118,\n         1.46140903],\n       [ 1.00188355, -3.06226916,  3.85901313, -0.48966944,  1.99573255,\n         1.40477012],\n       [ 0.74557387, -2.95828051,  4.05521725, -0.64320133,  1.93017872,\n         1.29230665]]), array([0.30031705, 0.31174839, 0.31318339, 0.31648013, 0.31818261,\n       0.31840231, 0.32311893]))", "callback": [0.8402459446187693, 0.6202705373321407, 0.5380022919876182, 0.5136077841641331, 0.5070037363678292, 0.49589456514917685, 0.4645546797372361, 0.4168710855878748, 0.4158412818924344, 0.41486126943580126, 0.4133751201979565, 0.41098712336257526, 0.4071572449632812, 0.3924044920638401, 0.38081900755211096, 0.37322234972787227, 0.37229514587981993, 0.37157875443196753, 0.37156569253548233, 0.3715368817781085, 0.3715310580139579, 0.37152360291962405, 0.3715135322870913, 0.3715037898356719, 0.3714801445578002, 0.37131758362980793, 0.3710278288693969, 0.37085870364511364, 0.3707826942164927, 0.37075980360031935, 0.370746101002837, 0.3707395471075835, 0.3707342396076696, 0.37072869356514926, 0.3707201386589446, 0.370697768410551, 0.3705782324046262, 0.37003793657924666, 0.3685955905781644, 0.3675460486549542, 0.3660352401499867, 0.36444433129746767, 0.361027031084191, 0.3599702638696005, 0.3587913735410291, 0.35679174992124374, 0.3548940245406613, 0.34899568872377684, 0.3345839430166876, 0.31648013303792266]}, "7": {"maxiter": 500, "fatol": 1e-10, "xatol": 1e-10, "duration": 0.2029268741607666, "fun": "0.3003170511322981", "nit": "500", "nfev": "750", "status": "2", "success": "False", "message": "Maximum number of iterations has been exceeded.", "x": "[ 1.09013507 -3.19743364  3.93483554 -0.57300257  2.04893449  1.45009964]", "final_simplex": "(array([[ 1.09013507, -3.19743364,  3.93483554, -0.57300257,  2.04893449,\n         1.45009964],\n       [ 1.16614757, -3.33136707,  4.01082258, -0.61405576,  2.18720605,\n         1.23615714],\n       [ 1.04299517, -3.15465227,  3.84497115, -0.6453633 ,  2.14320262,\n         1.37243618],\n       [ 1.0287536 , -3.3411271 ,  4.14791506, -0.57794959,  1.76889652,\n         1.54056033],\n       [ 0.80086238, -3.21480846,  4.12815498, -0.68465896,  1.92923118,\n         1.46140903],\n       [ 1.00188355, -3.06226916,  3.85901313, -0.48966944,  1.99573255,\n         1.40477012],\n       [ 0.74557387, -2.95828051,  4.05521725, -0.64320133,  1.93017872,\n         1.29230665]]), array([0.30031705, 0.31174839, 0.31318339, 0.31648013, 0.31818261,\n       0.31840231, 0.32311893]))", "callback": [0.8402459446187693, 0.6202705373321407, 0.5380022919876182, 0.5136077841641331, 0.5070037363678292, 0.49589456514917685, 0.4645546797372361, 0.4168710855878748, 0.4158412818924344, 0.41486126943580126, 0.4133751201979565, 0.41098712336257526, 0.4071572449632812, 0.3924044920638401, 0.38081900755211096, 0.37322234972787227, 0.37229514587981993, 0.37157875443196753, 0.37156569253548233, 0.3715368817781085, 0.3715310580139579, 0.37152360291962405, 0.3715135322870913, 0.3715037898356719, 0.3714801445578002, 0.37131758362980793, 0.3710278288693969, 0.37085870364511364, 0.3707826942164927, 0.37075980360031935, 0.370746101002837, 0.3707395471075835, 0.3707342396076696, 0.37072869356514926, 0.3707201386589446, 0.370697768410551, 0.3705782324046262, 0.37003793657924666, 0.3685955905781644, 0.3675460486549542, 0.3660352401499867, 0.36444433129746767, 0.361027031084191, 0.3599702638696005, 0.3587913735410291, 0.35679174992124374, 0.3548940245406613, 0.34899568872377684, 0.3345839430166876, 0.31648013303792266]}, "8": {"maxiter": 1000, "fatol": 1e-05, "xatol": 1e-05, "duration": 0.30945897102355957, "fun": "0.2617842539352442", "nit": "725", "nfev": "1105", "status": "0", "success": "True", "message": "Optimization terminated successfully.", "x": "[ 1.39989411 -3.13004776  4.21936056 -0.5572673   1.71213387  1.86798963]", "final_simplex": "(array([[ 1.39989411, -3.13004776,  4.21936056, -0.5572673 ,  1.71213387,\n         1.86798963],\n       [ 1.39989858, -3.13004853,  4.21936261, -0.55726596,  1.71213072,\n         1.8679986 ],\n       [ 1.39989651, -3.1300478 ,  4.21935889, -0.55726589,  1.71214194,\n         1.86798906],\n       [ 1.3998953 , -3.13005021,  4.21935936, -0.55726165,  1.71213435,\n         1.8679939 ],\n       [ 1.39989791, -3.13004627,  4.21935977, -0.55726193,  1.71214357,\n         1.86798562],\n       [ 1.399904  , -3.13005304,  4.21935665, -0.55726607,  1.71214092,\n         1.86799241],\n       [ 1.39989252, -3.13005084,  4.21936668, -0.5572602 ,  1.71214092,\n         1.8679858 ]]), array([0.26178425, 0.26178425, 0.26178425, 0.26178425, 0.26178425,\n       0.26178425, 0.26178425]))", "callback": [0.8402459446187693, 0.6202705373321407, 0.5380022919876182, 0.5136077841641331, 0.5070037363678292, 0.49589456514917685, 0.4645546797372361, 0.4168710855878748, 0.4158412818924344, 0.41486126943580126, 0.4133751201979565, 0.41098712336257526, 0.4071572449632812, 0.3924044920638401, 0.38081900755211096, 0.37322234972787227, 0.37229514587981993, 0.37157875443196753, 0.37156569253548233, 0.3715368817781085, 0.3715310580139579, 0.37152360291962405, 0.3715135322870913, 0.3715037898356719, 0.3714801445578002, 0.37131758362980793, 0.3710278288693969, 0.37085870364511364, 0.3707826942164927, 0.37075980360031935, 0.370746101002837, 0.3707395471075835, 0.3707342396076696, 0.37072869356514926, 0.3707201386589446, 0.370697768410551, 0.3705782324046262, 0.37003793657924666, 0.3685955905781644, 0.3675460486549542, 0.3660352401499867, 0.36444433129746767, 0.361027031084191, 0.3599702638696005, 0.3587913735410291, 0.35679174992124374, 0.3548940245406613, 0.34899568872377684, 0.3345839430166876, 0.31648013303792266, 0.3003170511322981, 0.2967483880055215, 0.28402111566005095, 0.2734291177543545, 0.26715737310094334, 0.264425090132545, 0.2625754639260651, 0.26207491030033714, 0.261957049734744, 0.2618617353403764, 0.2618393824578882, 0.26181091924092936, 0.2617914760685571, 0.2617880537690058, 0.261785744780741, 0.2617845462632594, 0.2617843355593591, 0.2617842664677552, 0.26178425641232017, 0.26178425439070674, 0.2617842540460552, 0.2617842539531363, 0.2617842539352442]}, "9": {"maxiter": 1000, "fatol": 1e-05, "xatol": 1e-10, "duration": 0.37064599990844727, "fun": "0.26178425393235183", "nit": "831", "nfev": "1336", "status": "0", "success": "True", "message": "Optimization terminated successfully.", "x": "[ 1.39989373 -3.1300459   4.21936359 -0.55726583  1.71213379  1.86799   ]", "final_simplex": "(array([[ 1.39989373, -3.1300459 ,  4.21936359, -0.55726583,  1.71213379,\n         1.86799   ],\n       [ 1.39989373, -3.1300459 ,  4.21936359, -0.55726583,  1.71213379,\n         1.86799   ],\n       [ 1.39989373, -3.1300459 ,  4.21936359, -0.55726583,  1.71213379,\n         1.86799   ],\n       [ 1.39989373, -3.1300459 ,  4.21936359, -0.55726583,  1.71213379,\n         1.86799   ],\n       [ 1.39989373, -3.1300459 ,  4.21936359, -0.55726583,  1.71213379,\n         1.86799   ],\n       [ 1.39989373, -3.1300459 ,  4.21936359, -0.55726583,  1.71213379,\n         1.86799   ],\n       [ 1.39989373, -3.1300459 ,  4.21936359, -0.55726583,  1.71213379,\n         1.86799   ]]), array([0.26178425, 0.26178425, 0.26178425, 0.26178425, 0.26178425,\n       0.26178425, 0.26178425]))", "callback": [0.8402459446187693, 0.6202705373321407, 0.5380022919876182, 0.5136077841641331, 0.5070037363678292, 0.49589456514917685, 0.4645546797372361, 0.4168710855878748, 0.4158412818924344, 0.41486126943580126, 0.4133751201979565, 0.41098712336257526, 0.4071572449632812, 0.3924044920638401, 0.38081900755211096, 0.37322234972787227, 0.37229514587981993, 0.37157875443196753, 0.37156569253548233, 0.3715368817781085, 0.3715310580139579, 0.37152360291962405, 0.3715135322870913, 0.3715037898356719, 0.3714801445578002, 0.37131758362980793, 0.3710278288693969, 0.37085870364511364, 0.3707826942164927, 0.37075980360031935, 0.370746101002837, 0.3707395471075835, 0.3707342396076696, 0.37072869356514926, 0.3707201386589446, 0.370697768410551, 0.3705782324046262, 0.37003793657924666, 0.3685955905781644, 0.3675460486549542, 0.3660352401499867, 0.36444433129746767, 0.361027031084191, 0.3599702638696005, 0.3587913735410291, 0.35679174992124374, 0.3548940245406613, 0.34899568872377684, 0.3345839430166876, 0.31648013303792266, 0.3003170511322981, 0.2967483880055215, 0.28402111566005095, 0.2734291177543545, 0.26715737310094334, 0.264425090132545, 0.2625754639260651, 0.26207491030033714, 0.261957049734744, 0.2618617353403764, 0.2618393824578882, 0.26181091924092936, 0.2617914760685571, 0.2617880537690058, 0.261785744780741, 0.2617845462632594, 0.2617843355593591, 0.2617842664677552, 0.26178425641232017, 0.26178425439070674, 0.2617842540460552, 0.2617842539531363, 0.2617842539352442, 0.26178425393408733, 0.2617842539329063, 0.26178425393251015, 0.2617842539324039, 0.26178425393237137, 0.2617842539323547, 0.2617842539323525, 0.2617842539323525, 0.26178425393235194, 0.26178425393235194, 0.26178425393235183]}, "10": {"maxiter": 1000, "fatol": 1e-10, "xatol": 1e-05, "duration": 0.3117508888244629, "fun": "0.2617842539352442", "nit": "725", "nfev": "1105", "status": "0", "success": "True", "message": "Optimization terminated successfully.", "x": "[ 1.39989411 -3.13004776  4.21936056 -0.5572673   1.71213387  1.86798963]", "final_simplex": "(array([[ 1.39989411, -3.13004776,  4.21936056, -0.5572673 ,  1.71213387,\n         1.86798963],\n       [ 1.39989858, -3.13004853,  4.21936261, -0.55726596,  1.71213072,\n         1.8679986 ],\n       [ 1.39989651, -3.1300478 ,  4.21935889, -0.55726589,  1.71214194,\n         1.86798906],\n       [ 1.3998953 , -3.13005021,  4.21935936, -0.55726165,  1.71213435,\n         1.8679939 ],\n       [ 1.39989791, -3.13004627,  4.21935977, -0.55726193,  1.71214357,\n         1.86798562],\n       [ 1.399904  , -3.13005304,  4.21935665, -0.55726607,  1.71214092,\n         1.86799241],\n       [ 1.39989252, -3.13005084,  4.21936668, -0.5572602 ,  1.71214092,\n         1.8679858 ]]), array([0.26178425, 0.26178425, 0.26178425, 0.26178425, 0.26178425,\n       0.26178425, 0.26178425]))", "callback": [0.8402459446187693, 0.6202705373321407, 0.5380022919876182, 0.5136077841641331, 0.5070037363678292, 0.49589456514917685, 0.4645546797372361, 0.4168710855878748, 0.4158412818924344, 0.41486126943580126, 0.4133751201979565, 0.41098712336257526, 0.4071572449632812, 0.3924044920638401, 0.38081900755211096, 0.37322234972787227, 0.37229514587981993, 0.37157875443196753, 0.37156569253548233, 0.3715368817781085, 0.3715310580139579, 0.37152360291962405, 0.3715135322870913, 0.3715037898356719, 0.3714801445578002, 0.37131758362980793, 0.3710278288693969, 0.37085870364511364, 0.3707826942164927, 0.37075980360031935, 0.370746101002837, 0.3707395471075835, 0.3707342396076696, 0.37072869356514926, 0.3707201386589446, 0.370697768410551, 0.3705782324046262, 0.37003793657924666, 0.3685955905781644, 0.3675460486549542, 0.3660352401499867, 0.36444433129746767, 0.361027031084191, 0.3599702638696005, 0.3587913735410291, 0.35679174992124374, 0.3548940245406613, 0.34899568872377684, 0.3345839430166876, 0.31648013303792266, 0.3003170511322981, 0.2967483880055215, 0.28402111566005095, 0.2734291177543545, 0.26715737310094334, 0.264425090132545, 0.2625754639260651, 0.26207491030033714, 0.261957049734744, 0.2618617353403764, 0.2618393824578882, 0.26181091924092936, 0.2617914760685571, 0.2617880537690058, 0.261785744780741, 0.2617845462632594, 0.2617843355593591, 0.2617842664677552, 0.26178425641232017, 0.26178425439070674, 0.2617842540460552, 0.2617842539531363, 0.2617842539352442]}, "11": {"maxiter": 1000, "fatol": 1e-10, "xatol": 1e-10, "duration": 0.41179919242858887, "fun": "0.26178425393235183", "nit": "831", "nfev": "1336", "status": "0", "success": "True", "message": "Optimization terminated successfully.", "x": "[ 1.39989373 -3.1300459   4.21936359 -0.55726583  1.71213379  1.86799   ]", "final_simplex": "(array([[ 1.39989373, -3.1300459 ,  4.21936359, -0.55726583,  1.71213379,\n         1.86799   ],\n       [ 1.39989373, -3.1300459 ,  4.21936359, -0.55726583,  1.71213379,\n         1.86799   ],\n       [ 1.39989373, -3.1300459 ,  4.21936359, -0.55726583,  1.71213379,\n         1.86799   ],\n       [ 1.39989373, -3.1300459 ,  4.21936359, -0.55726583,  1.71213379,\n         1.86799   ],\n       [ 1.39989373, -3.1300459 ,  4.21936359, -0.55726583,  1.71213379,\n         1.86799   ],\n       [ 1.39989373, -3.1300459 ,  4.21936359, -0.55726583,  1.71213379,\n         1.86799   ],\n       [ 1.39989373, -3.1300459 ,  4.21936359, -0.55726583,  1.71213379,\n         1.86799   ]]), array([0.26178425, 0.26178425, 0.26178425, 0.26178425, 0.26178425,\n       0.26178425, 0.26178425]))", "callback": [0.8402459446187693, 0.6202705373321407, 0.5380022919876182, 0.5136077841641331, 0.5070037363678292, 0.49589456514917685, 0.4645546797372361, 0.4168710855878748, 0.4158412818924344, 0.41486126943580126, 0.4133751201979565, 0.41098712336257526, 0.4071572449632812, 0.3924044920638401, 0.38081900755211096, 0.37322234972787227, 0.37229514587981993, 0.37157875443196753, 0.37156569253548233, 0.3715368817781085, 0.3715310580139579, 0.37152360291962405, 0.3715135322870913, 0.3715037898356719, 0.3714801445578002, 0.37131758362980793, 0.3710278288693969, 0.37085870364511364, 0.3707826942164927, 0.37075980360031935, 0.370746101002837, 0.3707395471075835, 0.3707342396076696, 0.37072869356514926, 0.3707201386589446, 0.370697768410551, 0.3705782324046262, 0.37003793657924666, 0.3685955905781644, 0.3675460486549542, 0.3660352401499867, 0.36444433129746767, 0.361027031084191, 0.3599702638696005, 0.3587913735410291, 0.35679174992124374, 0.3548940245406613, 0.34899568872377684, 0.3345839430166876, 0.31648013303792266, 0.3003170511322981, 0.2967483880055215, 0.28402111566005095, 0.2734291177543545, 0.26715737310094334, 0.264425090132545, 0.2625754639260651, 0.26207491030033714, 0.261957049734744, 0.2618617353403764, 0.2618393824578882, 0.26181091924092936, 0.2617914760685571, 0.2617880537690058, 0.261785744780741, 0.2617845462632594, 0.2617843355593591, 0.2617842664677552, 0.26178425641232017, 0.26178425439070674, 0.2617842540460552, 0.2617842539531363, 0.2617842539352442, 0.26178425393408733, 0.2617842539329063, 0.26178425393251015, 0.2617842539324039, 0.26178425393237137, 0.2617842539323547, 0.2617842539323525, 0.2617842539323525, 0.26178425393235194, 0.26178425393235194, 0.26178425393235183]}}, "bfgs": {"type": "gradient", "0": {"maxiter": 100, "gtol": 1e-05, "xrtol": 1e-05, "eps": 1e-05, "duration": 0.06056785583496094, "fun": "0.2617842540329296", "jac": "[ 1.56634705e-06 -1.74507075e-06 -1.02332587e-06  1.19488863e-06\n -1.49302792e-07 -3.22950555e-06]", "hess_inv": "[[  7.0721791   -1.55916362  -2.59364274   0.44133218  -1.04725054\n    2.98292511]\n [ -1.55916362   3.89565353   0.94789538   0.1881599   -0.07008669\n   -2.07846043]\n [ -2.59364274   0.94789538   5.33394157  -0.51098145  -2.2437213\n   -0.68459828]\n [  0.44133218   0.1881599   -0.51098145   3.21950147   0.65610245\n   -0.50085143]\n [ -1.04725054  -0.07008669  -2.2437213    0.65610245  15.01007337\n  -12.11076487]\n [  2.98292511  -2.07846043  -0.68459828  -0.50085143 -12.11076487\n   14.43599215]]", "nfev": "210", "njev": "30", "status": "0", "success": "True", "message": "Optimization terminated successfully.", "x": "[ 1.39989816  3.15313248 -2.06383415 -0.55726378  1.71217795  1.86794485]", "nit": "24", "callback": [0.5833406735168343, 0.4784449077662898, 0.43761341636295725, 0.4248238314688205, 0.4133681511330346, 0.4022648082964837, 0.3967989434411182, 0.34987595629376467, 0.33105673850333117, 0.3077075553026981, 0.27920644338851597, 0.2662408092528299, 0.263545790868416, 0.2626138038876973, 0.262213643396936, 0.2618255681887318, 0.26178779141675845, 0.2617867776818724, 0.2617864063696742, 0.2617857581181391, 0.2617847856180978, 0.26178431411208347, 0.2617842633337858, 0.2617842540329296]}, "1": {"maxiter": 100, "gtol": 1e-05, "xrtol": 1e-05, "eps": 1e-10, "duration": 0.06360602378845215, "fun": "0.26178425409746775", "jac": "[-2.22044587e-06 -3.33066880e-06 -1.11022293e-06 -1.11022293e-06\n  1.11022293e-06 -4.44089173e-06]", "hess_inv": "[[  7.13050854  -1.72394247  -2.52479833   0.44582347  -1.14223599\n    2.9836992 ]\n [ -1.72394247   3.94653279   0.97050699   0.22576127   0.10576105\n   -2.26546999]\n [ -2.52479833   0.97050699   5.28425476  -0.53896637  -2.29505433\n   -0.58415231]\n [  0.44582347   0.22576127  -0.53896637   3.22157594   0.73119988\n   -0.55192461]\n [ -1.14223599   0.10576105  -2.29505433   0.73119988  15.37209235\n  -12.47236841]\n [  2.9836992   -2.26546999  -0.58415231  -0.55192461 -12.47236841\n   14.73669959]]", "nfev": "210", "njev": "30", "status": "0", "success": "True", "message": "Optimization terminated successfully.", "x": "[ 1.39988069  3.15313879 -2.0638295  -0.55725636  1.71220194  1.86792336]", "nit": "24", "callback": [0.5833401654526024, 0.47844985631840387, 0.43761169425469626, 0.42481522238253844, 0.41336344567756667, 0.4022579673272916, 0.39679294774667895, 0.3498227370602317, 0.3309698883371174, 0.3076692036465418, 0.27925115866834915, 0.2662536354798245, 0.2635591820412312, 0.2626188859490103, 0.26221650354549153, 0.2618258029965407, 0.26178790812646036, 0.26178687813682233, 0.26178648738229426, 0.26178580614984526, 0.2617847845247321, 0.26178431019740644, 0.26178426232589214, 0.26178425409746775]}, "2": {"maxiter": 100, "gtol": 1e-05, "xrtol": 1e-10, "eps": 1e-05, "duration": 0.06371712684631348, "fun": "0.2617842540329296", "jac": "[ 1.56634705e-06 -1.74507075e-06 -1.02332587e-06  1.19488863e-06\n -1.49302792e-07 -3.22950555e-06]", "hess_inv": "[[  7.0721791   -1.55916362  -2.59364274   0.44133218  -1.04725054\n    2.98292511]\n [ -1.55916362   3.89565353   0.94789538   0.1881599   -0.07008669\n   -2.07846043]\n [ -2.59364274   0.94789538   5.33394157  -0.51098145  -2.2437213\n   -0.68459828]\n [  0.44133218   0.1881599   -0.51098145   3.21950147   0.65610245\n   -0.50085143]\n [ -1.04725054  -0.07008669  -2.2437213    0.65610245  15.01007337\n  -12.11076487]\n [  2.98292511  -2.07846043  -0.68459828  -0.50085143 -12.11076487\n   14.43599215]]", "nfev": "210", "njev": "30", "status": "0", "success": "True", "message": "Optimization terminated successfully.", "x": "[ 1.39989816  3.15313248 -2.06383415 -0.55726378  1.71217795  1.86794485]", "nit": "24", "callback": [0.5833406735168343, 0.4784449077662898, 0.43761341636295725, 0.4248238314688205, 0.4133681511330346, 0.4022648082964837, 0.3967989434411182, 0.34987595629376467, 0.33105673850333117, 0.3077075553026981, 0.27920644338851597, 0.2662408092528299, 0.263545790868416, 0.2626138038876973, 0.262213643396936, 0.2618255681887318, 0.26178779141675845, 0.2617867776818724, 0.2617864063696742, 0.2617857581181391, 0.2617847856180978, 0.26178431411208347, 0.2617842633337858, 0.2617842540329296]}, "3": {"maxiter": 100, "gtol": 1e-05, "xrtol": 1e-10, "eps": 1e-10, "duration": 0.06906914710998535, "fun": "0.26178425409746775", "jac": "[-2.22044587e-06 -3.33066880e-06 -1.11022293e-06 -1.11022293e-06\n  1.11022293e-06 -4.44089173e-06]", "hess_inv": "[[  7.13050854  -1.72394247  -2.52479833   0.44582347  -1.14223599\n    2.9836992 ]\n [ -1.72394247   3.94653279   0.97050699   0.22576127   0.10576105\n   -2.26546999]\n [ -2.52479833   0.97050699   5.28425476  -0.53896637  -2.29505433\n   -0.58415231]\n [  0.44582347   0.22576127  -0.53896637   3.22157594   0.73119988\n   -0.55192461]\n [ -1.14223599   0.10576105  -2.29505433   0.73119988  15.37209235\n  -12.47236841]\n [  2.9836992   -2.26546999  -0.58415231  -0.55192461 -12.47236841\n   14.73669959]]", "nfev": "210", "njev": "30", "status": "0", "success": "True", "message": "Optimization terminated successfully.", "x": "[ 1.39988069  3.15313879 -2.0638295  -0.55725636  1.71220194  1.86792336]", "nit": "24", "callback": [0.5833401654526024, 0.47844985631840387, 0.43761169425469626, 0.42481522238253844, 0.41336344567756667, 0.4022579673272916, 0.39679294774667895, 0.3498227370602317, 0.3309698883371174, 0.3076692036465418, 0.27925115866834915, 0.2662536354798245, 0.2635591820412312, 0.2626188859490103, 0.26221650354549153, 0.2618258029965407, 0.26178790812646036, 0.26178687813682233, 0.26178648738229426, 0.26178580614984526, 0.2617847845247321, 0.26178431019740644, 0.26178426232589214, 0.26178425409746775]}, "4": {"maxiter": 100, "gtol": 1e-10, "xrtol": 1e-05, "eps": 1e-05, "duration": 0.11581301689147949, "fun": "0.2617842539453956", "jac": "[ 1.18183241e-07  2.25275354e-07 -1.24400490e-07  6.85229651e-08\n  2.00806038e-07 -6.05737682e-08]", "hess_inv": "[[  7.14320826  -1.58132334  -2.68812504   0.50246113  -0.66462941\n    2.62354844]\n [ -1.58132334   3.83380604   1.02651123   0.15651233  -0.31223282\n   -1.87771692]\n [ -2.68812504   1.02651123   5.4244958   -0.58330318  -2.66490501\n   -0.2699311 ]\n [  0.50246113   0.15651233  -0.58330318   3.2698082    0.96292154\n   -0.79391109]\n [ -0.66462941  -0.31223282  -2.66490501   0.96292154  16.85181753\n  -13.88826303]\n [  2.62354844  -1.87771692  -0.2699311   -0.79391109 -13.88826303\n   16.13988906]]", "nfev": "395", "njev": "55", "status": "2", "success": "False", "message": "Desired error not necessarily achieved due to precision loss.", "x": "[ 1.3998898   3.15313701 -2.06382449 -0.55727059  1.7121367   1.86798429]", "nit": "25", "callback": [0.5833406735168343, 0.4784449077662898, 0.43761341636295725, 0.4248238314688205, 0.4133681511330346, 0.4022648082964837, 0.3967989434411182, 0.34987595629376467, 0.33105673850333117, 0.3077075553026981, 0.27920644338851597, 0.2662408092528299, 0.263545790868416, 0.2626138038876973, 0.262213643396936, 0.2618255681887318, 0.26178779141675845, 0.2617867776818724, 0.2617864063696742, 0.2617857581181391, 0.2617847856180978, 0.26178431411208347, 0.2617842633337858, 0.2617842540329296, 0.2617842539453956]}, "5": {"maxiter": 100, "gtol": 1e-10, "xrtol": 1e-05, "eps": 1e-10, "duration": 0.06598305702209473, "fun": "0.26178425395029936", "jac": "[ 0.00000000e+00  1.11022293e-06  0.00000000e+00  1.11022293e-06\n  1.11022293e-06 -1.11022293e-06]", "hess_inv": "[[ 6.73837867 -1.15268151 -2.36976824  0.49978631  0.1535763   1.66608644]\n [-1.15268151  3.94583003  0.95774812  0.39046829 -2.28180639  0.18602886]\n [-2.36976824  0.95774812  5.22822367 -0.56046229 -3.26440065  0.44904578]\n [ 0.49978631  0.39046829 -0.56046229  3.48786549  0.12266636  0.08917449]\n [ 0.1535763  -2.28180639 -3.26440065  0.12266636  9.26016648 -6.01307169]\n [ 1.66608644  0.18602886  0.44904578  0.08917449 -6.01307169  7.89082709]]", "nfev": "238", "njev": "34", "status": "0", "success": "True", "message": "Optimization terminated successfully.", "x": "[ 1.39989434  3.15314087 -2.06382623 -0.55726232  1.71215712  1.8679689 ]", "nit": "27", "callback": [0.5833401654526024, 0.47844985631840387, 0.43761169425469626, 0.42481522238253844, 0.41336344567756667, 0.4022579673272916, 0.39679294774667895, 0.3498227370602317, 0.3309698883371174, 0.3076692036465418, 0.27925115866834915, 0.2662536354798245, 0.2635591820412312, 0.2626188859490103, 0.26221650354549153, 0.2618258029965407, 0.26178790812646036, 0.26178687813682233, 0.26178648738229426, 0.26178580614984526, 0.2617847845247321, 0.26178431019740644, 0.26178426232589214, 0.26178425409746775, 0.26178425397569927, 0.2617842539561712, 0.26178425395029936]}, "6": {"maxiter": 100, "gtol": 1e-10, "xrtol": 1e-10, "eps": 1e-05, "duration": 0.11279106140136719, "fun": "0.2617842539453956", "jac": "[ 1.18183241e-07  2.25275354e-07 -1.24400490e-07  6.85229651e-08\n  2.00806038e-07 -6.05737682e-08]", "hess_inv": "[[  7.14320826  -1.58132334  -2.68812504   0.50246113  -0.66462941\n    2.62354844]\n [ -1.58132334   3.83380604   1.02651123   0.15651233  -0.31223282\n   -1.87771692]\n [ -2.68812504   1.02651123   5.4244958   -0.58330318  -2.66490501\n   -0.2699311 ]\n [  0.50246113   0.15651233  -0.58330318   3.2698082    0.96292154\n   -0.79391109]\n [ -0.66462941  -0.31223282  -2.66490501   0.96292154  16.85181753\n  -13.88826303]\n [  2.62354844  -1.87771692  -0.2699311   -0.79391109 -13.88826303\n   16.13988906]]", "nfev": "395", "njev": "55", "status": "2", "success": "False", "message": "Desired error not necessarily achieved due to precision loss.", "x": "[ 1.3998898   3.15313701 -2.06382449 -0.55727059  1.7121367   1.86798429]", "nit": "25", "callback": [0.5833406735168343, 0.4784449077662898, 0.43761341636295725, 0.4248238314688205, 0.4133681511330346, 0.4022648082964837, 0.3967989434411182, 0.34987595629376467, 0.33105673850333117, 0.3077075553026981, 0.27920644338851597, 0.2662408092528299, 0.263545790868416, 0.2626138038876973, 0.262213643396936, 0.2618255681887318, 0.26178779141675845, 0.2617867776818724, 0.2617864063696742, 0.2617857581181391, 0.2617847856180978, 0.26178431411208347, 0.2617842633337858, 0.2617842540329296, 0.2617842539453956]}, "7": {"maxiter": 100, "gtol": 1e-10, "xrtol": 1e-10, "eps": 1e-10, "duration": 0.11598324775695801, "fun": "0.2617842539438111", "jac": "[4.44089173e-06 3.33066880e-06 1.11022293e-06 2.22044587e-06\n 1.11022293e-06 2.22044587e-06]", "hess_inv": "[[ 2.21622492 -2.2969087  -0.66372852 -1.48268991 -0.1118869   0.9705226 ]\n [-2.2969087   4.53912897 -0.99073855  1.97407803  0.43681983 -2.26522764]\n [-0.66372852 -0.99073855  4.26098283 -2.18631855 -3.07142153  0.76829782]\n [-1.48268991  1.97407803 -2.18631855  5.97375347  2.78124736 -2.50470838]\n [-0.1118869   0.43681983 -3.07142153  2.78124736  5.56896422 -2.06121293]\n [ 0.9705226  -2.26522764  0.76829782 -2.50470838 -2.06121293  3.37681446]]", "nfev": "420", "njev": "60", "status": "0", "success": "True", "message": "Optimization terminated successfully.", "x": "[ 1.39989696  3.15313733 -2.06382594 -0.5572664   1.71215119  1.86797569]", "nit": "30", "callback": [0.5833401654526024, 0.47844985631840387, 0.43761169425469626, 0.42481522238253844, 0.41336344567756667, 0.4022579673272916, 0.39679294774667895, 0.3498227370602317, 0.3309698883371174, 0.3076692036465418, 0.27925115866834915, 0.2662536354798245, 0.2635591820412312, 0.2626188859490103, 0.26221650354549153, 0.2618258029965407, 0.26178790812646036, 0.26178687813682233, 0.26178648738229426, 0.26178580614984526, 0.2617847845247321, 0.26178431019740644, 0.26178426232589214, 0.26178425409746775, 0.26178425397569927, 0.2617842539561712, 0.26178425395029936, 0.2617842539451083, 0.2617842539438111, 0.2617842539438111]}, "8": {"maxiter": 500, "gtol": 1e-05, "xrtol": 1e-05, "eps": 1e-05, "duration": 0.05779623985290527, "fun": "0.2617842540329296", "jac": "[ 1.56634705e-06 -1.74507075e-06 -1.02332587e-06  1.19488863e-06\n -1.49302792e-07 -3.22950555e-06]", "hess_inv": "[[  7.0721791   -1.55916362  -2.59364274   0.44133218  -1.04725054\n    2.98292511]\n [ -1.55916362   3.89565353   0.94789538   0.1881599   -0.07008669\n   -2.07846043]\n [ -2.59364274   0.94789538   5.33394157  -0.51098145  -2.2437213\n   -0.68459828]\n [  0.44133218   0.1881599   -0.51098145   3.21950147   0.65610245\n   -0.50085143]\n [ -1.04725054  -0.07008669  -2.2437213    0.65610245  15.01007337\n  -12.11076487]\n [  2.98292511  -2.07846043  -0.68459828  -0.50085143 -12.11076487\n   14.43599215]]", "nfev": "210", "njev": "30", "status": "0", "success": "True", "message": "Optimization terminated successfully.", "x": "[ 1.39989816  3.15313248 -2.06383415 -0.55726378  1.71217795  1.86794485]", "nit": "24", "callback": [0.5833406735168343, 0.4784449077662898, 0.43761341636295725, 0.4248238314688205, 0.4133681511330346, 0.4022648082964837, 0.3967989434411182, 0.34987595629376467, 0.33105673850333117, 0.3077075553026981, 0.27920644338851597, 0.2662408092528299, 0.263545790868416, 0.2626138038876973, 0.262213643396936, 0.2618255681887318, 0.26178779141675845, 0.2617867776818724, 0.2617864063696742, 0.2617857581181391, 0.2617847856180978, 0.26178431411208347, 0.2617842633337858, 0.2617842540329296]}, "9": {"maxiter": 500, "gtol": 1e-05, "xrtol": 1e-05, "eps": 1e-10, "duration": 0.05558896064758301, "fun": "0.26178425409746775", "jac": "[-2.22044587e-06 -3.33066880e-06 -1.11022293e-06 -1.11022293e-06\n  1.11022293e-06 -4.44089173e-06]", "hess_inv": "[[  7.13050854  -1.72394247  -2.52479833   0.44582347  -1.14223599\n    2.9836992 ]\n [ -1.72394247   3.94653279   0.97050699   0.22576127   0.10576105\n   -2.26546999]\n [ -2.52479833   0.97050699   5.28425476  -0.53896637  -2.29505433\n   -0.58415231]\n [  0.44582347   0.22576127  -0.53896637   3.22157594 