{"date": "2024/10/08/, 18:30:04", "conf_id": 20, "data_type": "random\n", "num_data_points": 2, "s_rank": 0, "unitary": "[[-0.45070455-0.02711853j,0.78437395-0.06613086j,0.06358678+0.19963393j,-0.07343613+0.35668523j],[-0.01890143-0.03813363j,0.32408202+0.25557629j,0.05872864-0.68979805j,0.55466693-0.20227297j],[-0.11215405+0.64023111j,-0.13344055+0.29565494j,-0.49012687-0.19046288j,-0.04241254+0.44046348j],[0.55771659+0.24656916j,0.31851997-0.05798805j,0.28761525-0.34294258j,-0.56718418+0.03616933j]]", "databatch_0": {"databatch": "[[[0.0574941+0.27191649j,-0.03828138-0.02951819j,0.09104237+0.11543044j,0.03547516-0.17983907j],[0.55888957+0.3092445j,-0.10887831+0.02209086j,0.3375126+0.01551426j,-0.25904754-0.33221467j],[-0.10820122-0.03164467j,0.01789542-0.00801392j,-0.05872171+0.01037813j,0.05745461+0.04719355j],[-0.20498101+0.18191094j,0.00662293-0.04720515j,-0.05451123+0.13432779j,0.17142274-0.05732334j]],[[-0.136856-0.02592408j,-0.03424675-0.10063785j,-0.02968067-0.03172417j,-0.01737855+0.01410467j],[0.05201387+0.30408559j,-0.18239109+0.14889246j,-0.04289321+0.08613089j,0.04271113+0.02516281j],[0.20030685+0.13759281j,-0.01605496+0.18476916j,0.02509427+0.07151948j,0.03766409-0.01030649j],[-0.47715508+0.43012638j,-0.46508728-0.15514464j,-0.19931902+0.02043208j,0.00328243+0.10317409j]]]", "initial param values": "[3.18640245,2.8301944,6.25701589,2.58129835,5.3047027,4.38753652]", "nelder_mead": {"type": "gradient-free", "0": {"maxiter": 100, "fatol": 1e-05, "xatol": 1e-05, "duration": 0.046997785568237305, "fun": "0.25091382273035023", "nit": "100", "nfev": "155", "status": "2", "success": "False", "message": "Maximum number of iterations has been exceeded.", "x": "[4.53281942 3.96498329 8.55943748 0.59682622 4.50317203 3.46581235]", "final_simplex": "(array([[4.53281942, 3.96498329, 8.55943748, 0.59682622, 4.50317203,\n        3.46581235],\n       [4.25152718, 3.82599071, 8.58236106, 0.67288534, 4.56132801,\n        3.66938237],\n       [4.48095987, 3.9629333 , 8.68268406, 0.46170753, 4.43846484,\n        3.81115011],\n       [4.26178899, 3.84439847, 8.4851242 , 0.51581242, 4.47714991,\n        3.79654213],\n       [4.24837895, 3.79058499, 8.36170067, 0.54971721, 4.76425967,\n        3.73439173],\n       [4.61888548, 3.84520753, 8.57441205, 0.54752071, 4.50022917,\n        3.67329003],\n       [4.24644717, 3.77908301, 8.66910028, 0.51878603, 4.58669647,\n        3.79703849]]), array([0.25091382, 0.25314731, 0.25330827, 0.26691311, 0.26743883,\n       0.2727274 , 0.28003365]))", "callback": [0.7955855335316149, 0.6881503856645967, 0.5458319899146091, 0.37991233331763796, 0.3564133509379026, 0.3441031052475755, 0.33603989014669355, 0.32764716486984213, 0.3133298566656254, 0.283812606312293]}, "1": {"maxiter": 100, "fatol": 1e-05, "xatol": 1e-10, "duration": 0.04401397705078125, "fun": "0.25091382273035023", "nit": "100", "nfev": "155", "status": "2", "success": "False", "message": "Maximum number of iterations has been exceeded.", "x": "[4.53281942 3.96498329 8.55943748 0.59682622 4.50317203 3.46581235]", "final_simplex": "(array([[4.53281942, 3.96498329, 8.55943748, 0.59682622, 4.50317203,\n        3.46581235],\n       [4.25152718, 3.82599071, 8.58236106, 0.67288534, 4.56132801,\n        3.66938237],\n       [4.48095987, 3.9629333 , 8.68268406, 0.46170753, 4.43846484,\n        3.81115011],\n       [4.26178899, 3.84439847, 8.4851242 , 0.51581242, 4.47714991,\n        3.79654213],\n       [4.24837895, 3.79058499, 8.36170067, 0.54971721, 4.76425967,\n        3.73439173],\n       [4.61888548, 3.84520753, 8.57441205, 0.54752071, 4.50022917,\n        3.67329003],\n       [4.24644717, 3.77908301, 8.66910028, 0.51878603, 4.58669647,\n        3.79703849]]), array([0.25091382, 0.25314731, 0.25330827, 0.26691311, 0.26743883,\n       0.2727274 , 0.28003365]))", "callback": [0.7955855335316149, 0.6881503856645967, 0.5458319899146091, 0.37991233331763796, 0.3564133509379026, 0.3441031052475755, 0.33603989014669355, 0.32764716486984213, 0.3133298566656254, 0.283812606312293]}, "2": {"maxiter": 100, "fatol": 1e-10, "xatol": 1e-05, "duration": 0.046022891998291016, "fun": "0.25091382273035023", "nit": "100", "nfev": "155", "status": "2", "success": "False", "message": "Maximum number of iterations has been exceeded.", "x": "[4.53281942 3.96498329 8.55943748 0.59682622 4.50317203 3.46581235]", "final_simplex": "(array([[4.53281942, 3.96498329, 8.55943748, 0.59682622, 4.50317203,\n        3.46581235],\n       [4.25152718, 3.82599071, 8.58236106, 0.67288534, 4.56132801,\n        3.66938237],\n       [4.48095987, 3.9629333 , 8.68268406, 0.46170753, 4.43846484,\n        3.81115011],\n       [4.26178899, 3.84439847, 8.4851242 , 0.51581242, 4.47714991,\n        3.79654213],\n       [4.24837895, 3.79058499, 8.36170067, 0.54971721, 4.76425967,\n        3.73439173],\n       [4.61888548, 3.84520753, 8.57441205, 0.54752071, 4.50022917,\n        3.67329003],\n       [4.24644717, 3.77908301, 8.66910028, 0.51878603, 4.58669647,\n        3.79703849]]), array([0.25091382, 0.25314731, 0.25330827, 0.26691311, 0.26743883,\n       0.2727274 , 0.28003365]))", "callback": [0.7955855335316149, 0.6881503856645967, 0.5458319899146091, 0.37991233331763796, 0.3564133509379026, 0.3441031052475755, 0.33603989014669355, 0.32764716486984213, 0.3133298566656254, 0.283812606312293]}, "3": {"maxiter": 100, "fatol": 1e-10, "xatol": 1e-10, "duration": 0.04142308235168457, "fun": "0.25091382273035023", "nit": "100", "nfev": "155", "status": "2", "success": "False", "message": "Maximum number of iterations has been exceeded.", "x": "[4.53281942 3.96498329 8.55943748 0.59682622 4.50317203 3.46581235]", "final_simplex": "(array([[4.53281942, 3.96498329, 8.55943748, 0.59682622, 4.50317203,\n        3.46581235],\n       [4.25152718, 3.82599071, 8.58236106, 0.67288534, 4.56132801,\n        3.66938237],\n       [4.48095987, 3.9629333 , 8.68268406, 0.46170753, 4.43846484,\n        3.81115011],\n       [4.26178899, 3.84439847, 8.4851242 , 0.51581242, 4.47714991,\n        3.79654213],\n       [4.24837895, 3.79058499, 8.36170067, 0.54971721, 4.76425967,\n        3.73439173],\n       [4.61888548, 3.84520753, 8.57441205, 0.54752071, 4.50022917,\n        3.67329003],\n       [4.24644717, 3.77908301, 8.66910028, 0.51878603, 4.58669647,\n        3.79703849]]), array([0.25091382, 0.25314731, 0.25330827, 0.26691311, 0.26743883,\n       0.2727274 , 0.28003365]))", "callback": [0.7955855335316149, 0.6881503856645967, 0.5458319899146091, 0.37991233331763796, 0.3564133509379026, 0.3441031052475755, 0.33603989014669355, 0.32764716486984213, 0.3133298566656254, 0.283812606312293]}, "4": {"maxiter": 500, "fatol": 1e-05, "xatol": 1e-05, "duration": 0.15721797943115234, "fun": "0.09096274338917143", "nit": "365", "nfev": "566", "status": "0", "success": "True", "message": "Optimization terminated successfully.", "x": "[4.67130387 4.67033582 8.64257016 1.11821891 4.72049277 3.71601084]", "final_simplex": "(array([[4.67130387, 4.67033582, 8.64257016, 1.11821891, 4.72049277,\n        3.71601084],\n       [4.67130236, 4.67033778, 8.64256922, 1.11820965, 4.72048877,\n        3.71601543],\n       [4.6713057 , 4.67034314, 8.64257454, 1.11821352, 4.72049213,\n        3.71600557],\n       [4.67130135, 4.67033817, 8.64257205, 1.11820957, 4.72049577,\n        3.71600433],\n       [4.67130174, 4.67033762, 8.64257827, 1.11821244, 4.72049756,\n        3.71601387],\n       [4.67131007, 4.67034455, 8.64256381, 1.118217  , 4.7204982 ,\n        3.7160057 ],\n       [4.67130597, 4.67033123, 8.64256852, 1.11821213, 4.72049032,\n        3.7160101 ]]), array([0.09096274, 0.09096274, 0.09096274, 0.09096274, 0.09096274,\n       0.09096274, 0.09096274]))", "callback": [0.7955855335316149, 0.6881503856645967, 0.5458319899146091, 0.37991233331763796, 0.3564133509379026, 0.3441031052475755, 0.33603989014669355, 0.32764716486984213, 0.3133298566656254, 0.283812606312293, 0.23828366623355846, 0.17698693111279318, 0.14345362638263426, 0.12484878636288266, 0.11359998833879037, 0.10003842229893867, 0.09858656558593026, 0.09338321658883753, 0.09200059313490605, 0.09121708490509883, 0.09118593599648683, 0.09111186910491786, 0.09107841094134861, 0.09102227386271367, 0.09097907507520442, 0.09096835649124424, 0.09096502779292814, 0.09096307223748568, 0.09096290752893121, 0.09096277501085892, 0.09096274771239199, 0.09096274469507337, 0.09096274391627313, 0.09096274353149902, 0.090962743466531, 0.0909627433990573, 0.09096274339062016]}, "5": {"maxiter": 500, "fatol": 1e-05, "xatol": 1e-10, "duration": 0.2554919719696045, "fun": "0.09096274338337629", "nit": "475", "nfev": "799", "status": "0", "success": "True", "message": "Optimization terminated successfully.", "x": "[4.67130192 4.67033878 8.64257183 1.11821374 4.72049241 3.71601125]", "final_simplex": "(array([[4.67130192, 4.67033878, 8.64257183, 1.11821374, 4.72049241,\n        3.71601125],\n       [4.67130192, 4.67033877, 8.64257183, 1.11821374, 4.72049241,\n        3.71601125],\n       [4.67130192, 4.67033877, 8.64257183, 1.11821374, 4.72049241,\n        3.71601125],\n       [4.67130192, 4.67033878, 8.64257183, 1.11821374, 4.72049241,\n        3.71601125],\n       [4.67130192, 4.67033877, 8.64257183, 1.11821374, 4.72049241,\n        3.71601125],\n       [4.67130192, 4.67033878, 8.64257183, 1.11821374, 4.72049241,\n        3.71601125],\n       [4.67130192, 4.67033877, 8.64257183, 1.11821374, 4.72049241,\n        3.71601125]]), array([0.09096274, 0.09096274, 0.09096274, 0.09096274, 0.09096274,\n       0.09096274, 0.09096274]))", "callback": [0.7955855335316149, 0.6881503856645967, 0.5458319899146091, 0.37991233331763796, 0.3564133509379026, 0.3441031052475755, 0.33603989014669355, 0.32764716486984213, 0.3133298566656254, 0.283812606312293, 0.23828366623355846, 0.17698693111279318, 0.14345362638263426, 0.12484878636288266, 0.11359998833879037, 0.10003842229893867, 0.09858656558593026, 0.09338321658883753, 0.09200059313490605, 0.09121708490509883, 0.09118593599648683, 0.09111186910491786, 0.09107841094134861, 0.09102227386271367, 0.09097907507520442, 0.09096835649124424, 0.09096502779292814, 0.09096307223748568, 0.09096290752893121, 0.09096277501085892, 0.09096274771239199, 0.09096274469507337, 0.09096274391627313, 0.09096274353149902, 0.090962743466531, 0.0909627433990573, 0.09096274339062016, 0.09096274338504218, 0.09096274338389865, 0.09096274338350485, 0.09096274338344179, 0.09096274338338328, 0.09096274338338328, 0.09096274338337829, 0.09096274338337651, 0.0909627433833764, 0.09096274338337629, 0.09096274338337629]}, "6": {"maxiter": 500, "fatol": 1e-10, "xatol": 1e-05, "duration": 0.1638648509979248, "fun": "0.09096274338917143", "nit": "365", "nfev": "566", "status": "0", "success": "True", "message": "Optimization terminated successfully.", "x": "[4.67130387 4.67033582 8.64257016 1.11821891 4.72049277 3.71601084]", "final_simplex": "(array([[4.67130387, 4.67033582, 8.64257016, 1.11821891, 4.72049277,\n        3.71601084],\n       [4.67130236, 4.67033778, 8.64256922, 1.11820965, 4.72048877,\n        3.71601543],\n       [4.6713057 , 4.67034314, 8.64257454, 1.11821352, 4.72049213,\n        3.71600557],\n       [4.67130135, 4.67033817, 8.64257205, 1.11820957, 4.72049577,\n        3.71600433],\n       [4.67130174, 4.67033762, 8.64257827, 1.11821244, 4.72049756,\n        3.71601387],\n       [4.67131007, 4.67034455, 8.64256381, 1.118217  , 4.7204982 ,\n        3.7160057 ],\n       [4.67130597, 4.67033123, 8.64256852, 1.11821213, 4.72049032,\n        3.7160101 ]]), array([0.09096274, 0.09096274, 0.09096274, 0.09096274, 0.09096274,\n       0.09096274, 0.09096274]))", "callback": [0.7955855335316149, 0.6881503856645967, 0.5458319899146091, 0.37991233331763796, 0.3564133509379026, 0.3441031052475755, 0.33603989014669355, 0.32764716486984213, 0.3133298566656254, 0.283812606312293, 0.23828366623355846, 0.17698693111279318, 0.14345362638263426, 0.12484878636288266, 0.11359998833879037, 0.10003842229893867, 0.09858656558593026, 0.09338321658883753, 0.09200059313490605, 0.09121708490509883, 0.09118593599648683, 0.09111186910491786, 0.09107841094134861, 0.09102227386271367, 0.09097907507520442, 0.09096835649124424, 0.09096502779292814, 0.09096307223748568, 0.09096290752893121, 0.09096277501085892, 0.09096274771239199, 0.09096274469507337, 0.09096274391627313, 0.09096274353149902, 0.090962743466531, 0.0909627433990573, 0.09096274339062016]}, "7": {"maxiter": 500, "fatol": 1e-10, "xatol": 1e-10, "duration": 0.2446589469909668, "fun": "0.09096274338337629", "nit": "475", "nfev": "799", "status": "0", "success": "True", "message": "Optimization terminated successfully.", "x": "[4.67130192 4.67033878 8.64257183 1.11821374 4.72049241 3.71601125]", "final_simplex": "(array([[4.67130192, 4.67033878, 8.64257183, 1.11821374, 4.72049241,\n        3.71601125],\n       [4.67130192, 4.67033877, 8.64257183, 1.11821374, 4.72049241,\n        3.71601125],\n       [4.67130192, 4.67033877, 8.64257183, 1.11821374, 4.72049241,\n        3.71601125],\n       [4.67130192, 4.67033878, 8.64257183, 1.11821374, 4.72049241,\n        3.71601125],\n       [4.67130192, 4.67033877, 8.64257183, 1.11821374, 4.72049241,\n        3.71601125],\n       [4.67130192, 4.67033878, 8.64257183, 1.11821374, 4.72049241,\n        3.71601125],\n       [4.67130192, 4.67033877, 8.64257183, 1.11821374, 4.72049241,\n        3.71601125]]), array([0.09096274, 0.09096274, 0.09096274, 0.09096274, 0.09096274,\n       0.09096274, 0.09096274]))", "callback": [0.7955855335316149, 0.6881503856645967, 0.5458319899146091, 0.37991233331763796, 0.3564133509379026, 0.3441031052475755, 0.33603989014669355, 0.32764716486984213, 0.3133298566656254, 0.283812606312293, 0.23828366623355846, 0.17698693111279318, 0.14345362638263426, 0.12484878636288266, 0.11359998833879037, 0.10003842229893867, 0.09858656558593026, 0.09338321658883753, 0.09200059313490605, 0.09121708490509883, 0.09118593599648683, 0.09111186910491786, 0.09107841094134861, 0.09102227386271367, 0.09097907507520442, 0.09096835649124424, 0.09096502779292814, 0.09096307223748568, 0.09096290752893121, 0.09096277501085892, 0.09096274771239199, 0.09096274469507337, 0.09096274391627313, 0.09096274353149902, 0.090962743466531, 0.0909627433990573, 0.09096274339062016, 0.09096274338504218, 0.09096274338389865, 0.09096274338350485, 0.09096274338344179, 0.09096274338338328, 0.09096274338338328, 0.09096274338337829, 0.09096274338337651, 0.0909627433833764, 0.09096274338337629, 0.09096274338337629]}, "8": {"maxiter": 1000, "fatol": 1e-05, "xatol": 1e-05, "duration": 0.18720602989196777, "fun": "0.09096274338917143", "nit": "365", "nfev": "566", "status": "0", "success": "True", "message": "Optimization terminated successfully.", "x": "[4.67130387 4.67033582 8.64257016 1.11821891 4.72049277 3.71601084]", "final_simplex": "(array([[4.67130387, 4.67033582, 8.64257016, 1.11821891, 4.72049277,\n        3.71601084],\n       [4.67130236, 4.67033778, 8.64256922, 1.11820965, 4.72048877,\n        3.71601543],\n       [4.6713057 , 4.67034314, 8.64257454, 1.11821352, 4.72049213,\n        3.71600557],\n       [4.67130135, 4.67033817, 8.64257205, 1.11820957, 4.72049577,\n        3.71600433],\n       [4.67130174, 4.67033762, 8.64257827, 1.11821244, 4.72049756,\n        3.71601387],\n       [4.67131007, 4.67034455, 8.64256381, 1.118217  , 4.7204982 ,\n        3.7160057 ],\n       [4.67130597, 4.67033123, 8.64256852, 1.11821213, 4.72049032,\n        3.7160101 ]]), array([0.09096274, 0.09096274, 0.09096274, 0.09096274, 0.09096274,\n       0.09096274, 0.09096274]))", "callback": [0.7955855335316149, 0.6881503856645967, 0.5458319899146091, 0.37991233331763796, 0.3564133509379026, 0.3441031052475755, 0.33603989014669355, 0.32764716486984213, 0.3133298566656254, 0.283812606312293, 0.23828366623355846, 0.17698693111279318, 0.14345362638263426, 0.12484878636288266, 0.11359998833879037, 0.10003842229893867, 0.09858656558593026, 0.09338321658883753, 0.09200059313490605, 0.09121708490509883, 0.09118593599648683, 0.09111186910491786, 0.09107841094134861, 0.09102227386271367, 0.09097907507520442, 0.09096835649124424, 0.09096502779292814, 0.09096307223748568, 0.09096290752893121, 0.09096277501085892, 0.09096274771239199, 0.09096274469507337, 0.09096274391627313, 0.09096274353149902, 0.090962743466531, 0.0909627433990573, 0.09096274339062016]}, "9": {"maxiter": 1000, "fatol": 1e-05, "xatol": 1e-10, "duration": 0.23456096649169922, "fun": "0.09096274338337629", "nit": "475", "nfev": "799", "status": "0", "success": "True", "message": "Optimization terminated successfully.", "x": "[4.67130192 4.67033878 8.64257183 1.11821374 4.72049241 3.71601125]", "final_simplex": "(array([[4.67130192, 4.67033878, 8.64257183, 1.11821374, 4.72049241,\n        3.71601125],\n       [4.67130192, 4.67033877, 8.64257183, 1.11821374, 4.72049241,\n        3.71601125],\n       [4.67130192, 4.67033877, 8.64257183, 1.11821374, 4.72049241,\n        3.71601125],\n       [4.67130192, 4.67033878, 8.64257183, 1.11821374, 4.72049241,\n        3.71601125],\n       [4.67130192, 4.67033877, 8.64257183, 1.11821374, 4.72049241,\n        3.71601125],\n       [4.67130192, 4.67033878, 8.64257183, 1.11821374, 4.72049241,\n        3.71601125],\n       [4.67130192, 4.67033877, 8.64257183, 1.11821374, 4.72049241,\n        3.71601125]]), array([0.09096274, 0.09096274, 0.09096274, 0.09096274, 0.09096274,\n       0.09096274, 0.09096274]))", "callback": [0.7955855335316149, 0.6881503856645967, 0.5458319899146091, 0.37991233331763796, 0.3564133509379026, 0.3441031052475755, 0.33603989014669355, 0.32764716486984213, 0.3133298566656254, 0.283812606312293, 0.23828366623355846, 0.17698693111279318, 0.14345362638263426, 0.12484878636288266, 0.11359998833879037, 0.10003842229893867, 0.09858656558593026, 0.09338321658883753, 0.09200059313490605, 0.09121708490509883, 0.09118593599648683, 0.09111186910491786, 0.09107841094134861, 0.09102227386271367, 0.09097907507520442, 0.09096835649124424, 0.09096502779292814, 0.09096307223748568, 0.09096290752893121, 0.09096277501085892, 0.09096274771239199, 0.09096274469507337, 0.09096274391627313, 0.09096274353149902, 0.090962743466531, 0.0909627433990573, 0.09096274339062016, 0.09096274338504218, 0.09096274338389865, 0.09096274338350485, 0.09096274338344179, 0.09096274338338328, 0.09096274338338328, 0.09096274338337829, 0.09096274338337651, 0.0909627433833764, 0.09096274338337629, 0.09096274338337629]}, "10": {"maxiter": 1000, "fatol": 1e-10, "xatol": 1e-05, "duration": 0.172745943069458, "fun": "0.09096274338917143", "nit": "365", "nfev": "566", "status": "0", "success": "True", "message": "Optimization terminated successfully.", "x": "[4.67130387 4.67033582 8.64257016 1.11821891 4.72049277 3.71601084]", "final_simplex": "(array([[4.67130387, 4.67033582, 8.64257016, 1.11821891, 4.72049277,\n        3.71601084],\n       [4.67130236, 4.67033778, 8.64256922, 1.11820965, 4.72048877,\n        3.71601543],\n       [4.6713057 , 4.67034314, 8.64257454, 1.11821352, 4.72049213,\n        3.71600557],\n       [4.67130135, 4.67033817, 8.64257205, 1.11820957, 4.72049577,\n        3.71600433],\n       [4.67130174, 4.67033762, 8.64257827, 1.11821244, 4.72049756,\n        3.71601387],\n       [4.67131007, 4.67034455, 8.64256381, 1.118217  , 4.7204982 ,\n        3.7160057 ],\n       [4.67130597, 4.67033123, 8.64256852, 1.11821213, 4.72049032,\n        3.7160101 ]]), array([0.09096274, 0.09096274, 0.09096274, 0.09096274, 0.09096274,\n       0.09096274, 0.09096274]))", "callback": [0.7955855335316149, 0.6881503856645967, 0.5458319899146091, 0.37991233331763796, 0.3564133509379026, 0.3441031052475755, 0.33603989014669355, 0.32764716486984213, 0.3133298566656254, 0.283812606312293, 0.23828366623355846, 0.17698693111279318, 0.14345362638263426, 0.12484878636288266, 0.11359998833879037, 0.10003842229893867, 0.09858656558593026, 0.09338321658883753, 0.09200059313490605, 0.09121708490509883, 0.09118593599648683, 0.09111186910491786, 0.09107841094134861, 0.09102227386271367, 0.09097907507520442, 0.09096835649124424, 0.09096502779292814, 0.09096307223748568, 0.09096290752893121, 0.09096277501085892, 0.09096274771239199, 0.09096274469507337, 0.09096274391627313, 0.09096274353149902, 0.090962743466531, 0.0909627433990573, 0.09096274339062016]}, "11": {"maxiter": 1000, "fatol": 1e-10, "xatol": 1e-10, "duration": 0.22271990776062012, "fun": "0.09096274338337629", "nit": "475", "nfev": "799", "status": "0", "success": "True", "message": "Optimization terminated successfully.", "x": "[4.67130192 4.67033878 8.64257183 1.11821374 4.72049241 3.71601125]", "final_simplex": "(array([[4.67130192, 4.67033878, 8.64257183, 1.11821374, 4.72049241,\n        3.71601125],\n       [4.67130192, 4.67033877, 8.64257183, 1.11821374, 4.72049241,\n        3.71601125],\n       [4.67130192, 4.67033877, 8.64257183, 1.11821374, 4.72049241,\n        3.71601125],\n       [4.67130192, 4.67033878, 8.64257183, 1.11821374, 4.72049241,\n        3.71601125],\n       [4.67130192, 4.67033877, 8.64257183, 1.11821374, 4.72049241,\n        3.71601125],\n       [4.67130192, 4.67033878, 8.64257183, 1.11821374, 4.72049241,\n        3.71601125],\n       [4.67130192, 4.67033877, 8.64257183, 1.11821374, 4.72049241,\n        3.71601125]]), array([0.09096274, 0.09096274, 0.09096274, 0.09096274, 0.09096274,\n       0.09096274, 0.09096274]))", "callback": [0.7955855335316149, 0.6881503856645967, 0.5458319899146091, 0.37991233331763796, 0.3564133509379026, 0.3441031052475755, 0.33603989014669355, 0.32764716486984213, 0.3133298566656254, 0.283812606312293, 0.23828366623355846, 0.17698693111279318, 0.14345362638263426, 0.12484878636288266, 0.11359998833879037, 0.10003842229893867, 0.09858656558593026, 0.09338321658883753, 0.09200059313490605, 0.09121708490509883, 0.09118593599648683, 0.09111186910491786, 0.09107841094134861, 0.09102227386271367, 0.09097907507520442, 0.09096835649124424, 0.09096502779292814, 0.09096307223748568, 0.09096290752893121, 0.09096277501085892, 0.09096274771239199, 0.09096274469507337, 0.09096274391627313, 0.09096274353149902, 0.090962743466531, 0.0909627433990573, 0.09096274339062016, 0.09096274338504218, 0.09096274338389865, 0.09096274338350485, 0.09096274338344179, 0.09096274338338328, 0.09096274338338328, 0.09096274338337829, 0.09096274338337651, 0.0909627433833764, 0.09096274338337629, 0.09096274338337629]}}, "bfgs": {"type": "gradient", "0": {"maxiter": 100, "gtol": 1e-05, "xrtol": 1e-05, "eps": 1e-05, "duration": 0.04951190948486328, "fun": "0.09096274341817867", "jac": "[ 2.18713936e-07  1.07399645e-06 -1.00175424e-07 -5.76072523e-07\n -1.42341694e-06  1.92557081e-07]", "hess_inv": "[[ 3.42941636e+00 -1.50149539e-01  1.97578056e+00 -1.19049510e+00\n  -5.66857386e-02  6.15429242e-01]\n [-1.50149539e-01  3.12780696e+00  5.36160757e-01 -5.89049331e-03\n   7.85769101e-01 -1.74620382e+00]\n [ 1.97578056e+00  5.36160757e-01  8.53897947e+00 -1.67193549e+00\n  -2.27293732e+00  9.93204667e-01]\n [-1.19049510e+00 -5.89049331e-03 -1.67193549e+00  3.07885731e+00\n   7.97144570e-01 -4.65135709e-01]\n [-5.66857386e-02  7.85769101e-01 -2.27293732e+00  7.97144570e-01\n   4.48941009e+00 -2.92917959e+00]\n [ 6.15429242e-01 -1.74620382e+00  9.93204667e-01 -4.65135709e-01\n  -2.92917959e+00  7.34312393e+00]]", "nfev": "175", "njev": "25", "status": "0", "success": "True", "message": "Optimization terminated successfully.", "x": "[1.61187865 1.52874261 5.50097911 1.11820654 4.72047851 3.71601618]", "nit": "22", "callback": [0.49271753630407833, 0.3756867251818503, 0.32262930948541, 0.23580100553752426, 0.19884390021653287, 0.17720570193394158, 0.1483780688585643, 0.11577173325655066, 0.1044284439998805, 0.09604212514740273, 0.09233930038117344, 0.0915506023594308, 0.09135060562963349, 0.09123013782290279, 0.09113878276679122, 0.09105152602818067, 0.09099670940265103, 0.09096957559589036, 0.09096344458434846, 0.0909627769184781, 0.09096274422846051, 0.09096274341817867]}, "1": {"maxiter": 100, "gtol": 1e-05, "xrtol": 1e-05, "eps": 1e-10, "duration": 0.05252504348754883, "fun": "0.09096274339624155", "jac": "[-2.22044587e-06  3.33066880e-06  1.11022293e-06  1.11022293e-06\n  1.11022293e-06  1.11022293e-06]", "hess_inv": "[[ 3.43351304e+00 -1.62747625e-01  1.96868313e+00 -1.19355025e+00\n  -8.36193237e-02  5.52078900e-01]\n [-1.62747625e-01  3.14044884e+00  5.26704224e-01 -2.04065619e-03\n   7.87858591e-01 -1.75458941e+00]\n [ 1.96868313e+00  5.26704224e-01  8.51470200e+00 -1.67246570e+00\n  -2.30731614e+00  9.07679839e-01]\n [-1.19355025e+00 -2.04065619e-03 -1.67246570e+00  3.08122313e+00\n   8.09393169e-01 -4.39766138e-01]\n [-8.36193237e-02  7.87858591e-01 -2.30731614e+00  8.09393169e-01\n   4.49952577e+00 -2.94037749e+00]\n [ 5.52078900e-01 -1.75458941e+00  9.07679839e-01 -4.39766138e-01\n  -2.94037749e+00  7.27391809e+00]]", "nfev": "175", "njev": "25", "status": "0", "success": "True", "message": "Optimization terminated successfully.", "x": "[1.6118799  1.52875203 5.50098151 1.11821332 4.72048633 3.71601097]", "nit": "22", "callback": [0.4927180943605224, 0.3756881687751099, 0.3226307773907461, 0.23580128655295884, 0.19884616039637526, 0.17720625827042058, 0.14838353970103324, 0.11577302530986489, 0.1044298945824702, 0.09604306944879037, 0.09234010022468353, 0.09155059631708906, 0.09135065809050891, 0.09123014466378154, 0.09113883244986942, 0.09105146804648145, 0.09099677218572921, 0.09096955239874871, 0.09096345070699041, 0.09096277560077004, 0.09096274406070082, 0.09096274339624155]}, "2": {"maxiter": 100, "gtol": 1e-05, "xrtol": 1e-10, "eps": 1e-05, "duration": 0.044754981994628906, "fun": "0.09096274341817867", "jac": "[ 2.18713936e-07  1.07399645e-06 -1.00175424e-07 -5.76072523e-07\n -1.42341694e-06  1.92557081e-07]", "hess_inv": "[[ 3.42941636e+00 -1.50149539e-01  1.97578056e+00 -1.19049510e+00\n  -5.66857386e-02  6.15429242e-01]\n [-1.50149539e-01  3.12780696e+00  5.36160757e-01 -5.89049331e-03\n   7.85769101e-01 -1.74620382e+00]\n [ 1.97578056e+00  5.36160757e-01  8.53897947e+00 -1.67193549e+00\n  -2.27293732e+00  9.93204667e-01]\n [-1.19049510e+00 -5.89049331e-03 -1.67193549e+00  3.07885731e+00\n   7.97144570e-01 -4.65135709e-01]\n [-5.66857386e-02  7.85769101e-01 -2.27293732e+00  7.97144570e-01\n   4.48941009e+00 -2.92917959e+00]\n [ 6.15429242e-01 -1.74620382e+00  9.93204667e-01 -4.65135709e-01\n  -2.92917959e+00  7.34312393e+00]]", "nfev": "175", "njev": "25", "status": "0", "success": "True", "message": "Optimization terminated successfully.", "x": "[1.61187865 1.52874261 5.50097911 1.11820654 4.72047851 3.71601618]", "nit": "22", "callback": [0.49271753630407833, 0.3756867251818503, 0.32262930948541, 0.23580100553752426, 0.19884390021653287, 0.17720570193394158, 0.1483780688585643, 0.11577173325655066, 0.1044284439998805, 0.09604212514740273, 0.09233930038117344, 0.0915506023594308, 0.09135060562963349, 0.09123013782290279, 0.09113878276679122, 0.09105152602818067, 0.09099670940265103, 0.09096957559589036, 0.09096344458434846, 0.0909627769184781, 0.09096274422846051, 0.09096274341817867]}, "3": {"maxiter": 100, "gtol": 1e-05, "xrtol": 1e-10, "eps": 1e-10, "duration": 0.05789303779602051, "fun": "0.09096274339624155", "jac": "[-2.22044587e-06  3.33066880e-06  1.11022293e-06  1.11022293e-06\n  1.11022293e-06  1.11022293e-06]", "hess_inv": "[[ 3.43351304e+00 -1.62747625e-01  1.96868313e+00 -1.19355025e+00\n  -8.36193237e-02  5.52078900e-01]\n [-1.62747625e-01  3.14044884e+00  5.26704224e-01 -2.04065619e-03\n   7.87858591e-01 -1.75458941e+00]\n [ 1.96868313e+00  5.26704224e-01  8.51470200e+00 -1.67246570e+00\n  -2.30731614e+00  9.07679839e-01]\n [-1.19355025e+00 -2.04065619e-03 -1.67246570e+00  3.08122313e+00\n   8.09393169e-01 -4.39766138e-01]\n [-8.36193237e-02  7.87858591e-01 -2.30731614e+00  8.09393169e-01\n   4.49952577e+00 -2.94037749e+00]\n [ 5.52078900e-01 -1.75458941e+00  9.07679839e-01 -4.39766138e-01\n  -2.94037749e+00  7.27391809e+00]]", "nfev": "175", "njev": "25", "status": "0", "success": "True", "message": "Optimization terminated successfully.", "x": "[1.6118799  1.52875203 5.50098151 1.11821332 4.72048633 3.71601097]", "nit": "22", "callback": [0.4927180943605224, 0.3756881687751099, 0.3226307773907461, 0.23580128655295884, 0.19884616039637526, 0.17720625827042058, 0.14838353970103324, 0.11577302530986489, 0.1044298945824702, 0.09604306944879037, 0.09234010022468353, 0.09155059631708906, 0.09135065809050891, 0.09123014466378154, 0.09113883244986942, 0.09105146804648145, 0.09099677218572921, 0.09096955239874871, 0.09096345070699041, 0.09096277560077004, 0.09096274406070082, 0.09096274339624155]}, "4": {"maxiter": 100, "gtol": 1e-10, "xrtol": 1e-05, "eps": 1e-05, "duration": 0.049241065979003906, "fun": "0.09096274341817867", "jac": "[ 2.18713936e-07  1.07399645e-06 -1.00175424e-07 -5.76072523e-07\n -1.42341694e-06  1.92557081e-07]", "hess_inv": "[[ 3.42941636e+00 -1.50149539e-01  1.97578056e+00 -1.19049510e+00\n  -5.66857386e-02  6.15429242e-01]\n [-1.50149539e-01  3.12780696e+00  5.36160757e-01 -5.89049331e-03\n   7.85769101e-01 -1.74620382e+00]\n [ 1.97578056e+00  5.36160757e-01  8.53897947e+00 -1.67193549e+00\n  -2.27293732e+00  9.93204667e-01]\n [-1.19049510e+00 -5.89049331e-03 -1.67193549e+00  3.07885731e+00\n   7.97144570e-01 -4.65135709e-01]\n [-5.66857386e-02  7.85769101e-01 -2.27293732e+00  7.97144570e-01\n   4.48941009e+00 -2.92917959e+00]\n [ 6.15429242e-01 -1.74620382e+00  9.93204667e-01 -4.65135709e-01\n  -2.92917959e+00  7.34312393e+00]]", "nfev": "175", "njev": "25", "status": "0", "success": "True", "message": "Optimization terminated successfully.", "x": "[1.61187865 1.52874261 5.50097911 1.11820654 4.72047851 3.71601618]", "nit": "22", "callback": [0.49271753630407833, 0.3756867251818503, 0.32262930948541, 0.23580100553752426, 0.19884390021653287, 0.17720570193394158, 0.1483780688585643, 0.11577173325655066, 0.1044284439998805, 0.09604212514740273, 0.09233930038117344, 0.0915506023594308, 0.09135060562963349, 0.09123013782290279, 0.09113878276679122, 0.09105152602818067, 0.09099670940265103, 0.09096957559589036, 0.09096344458434846, 0.0909627769184781, 0.09096274422846051, 0.09096274341817867]}, "5": {"maxiter": 100, "gtol": 1e-10, "xrtol": 1e-05, "eps": 1e-10, "duration": 0.04841113090515137, "fun": "0.09096274339624155", "jac": "[-2.22044587e-06  3.33066880e-06  1.11022293e-06  1.11022293e-06\n  1.11022293e-06  1.11022293e-06]", "hess_inv": "[[ 3.43351304e+00 -1.62747625e-01  1.96868313e+00 -1.19355025e+00\n  -8.36193237e-02  5.52078900e-01]\n [-1.62747625e-01  3.14044884e+00  5.26704224e-01 -2.04065619e-03\n   7.87858591e-01 -1.75458941e+00]\n [ 1.96868313e+00  5.26704224e-01  8.51470200e+00 -1.67246570e+00\n  -2.30731614e+00  9.07679839e-01]\n [-1.19355025e+00 -2.04065619e-03 -1.67246570e+00  3.08122313e+00\n   8.09393169e-01 -4.39766138e-01]\n [-8.36193237e-02  7.87858591e-01 -2.30731614e+00  8.09393169e-01\n   4.49952577e+00 -2.94037749e+00]\n [ 5.52078900e-01 -1.75458941e+00  9.07679839e-01 -4.39766138e-01\n  -2.94037749e+00  7.27391809e+00]]", "nfev": "175", "njev": "25", "status": "0", "success": "True", "message": "Optimization terminated successfully.", "x": "[1.6118799  1.52875203 5.50098151 1.11821332 4.72048633 3.71601097]", "nit": "22", "callback": [0.4927180943605224, 0.3756881687751099, 0.3226307773907461, 0.23580128655295884, 0.19884616039637526, 0.17720625827042058, 0.14838353970103324, 0.11577302530986489, 0.1044298945824702, 0.09604306944879037, 0.09234010022468353, 0.09155059631708906, 0.09135065809050891, 0.09123014466378154, 0.09113883244986942, 0.09105146804648145, 0.09099677218572921, 0.09096955239874871, 0.09096345070699041, 0.09096277560077004, 0.09096274406070082, 0.09096274339624155]}, "6": {"maxiter": 100, "gtol": 1e-10, "xrtol": 1e-10, "eps": 1e-05, "duration": 0.12133574485778809, "fun": "0.09096274340585064", "jac": "[ 4.20774526e-09  2.48023824e-08  4.66626737e-08 -5.04263298e-08\n -6.99440506e-09  9.00390873e-08]", "hess_inv": "[[ 3.47181859 -0.11717132  2.11004987 -1.27739332 -0.2352943   0.71763046]\n [-0.11717132  3.12802732  0.62901323 -0.05677502  0.69221288 -1.66546986]\n [ 2.11004987  0.62901323  8.95757679 -1.94015274 -2.82308666  1.3071783 ]\n [-1.27739332 -0.05677502 -1.94015274  3.2456524   1.13079199 -0.68049635]\n [-0.2352943   0.69221288 -2.82308666  1.13079199  5.13998201 -3.4027609 ]\n [ 0.71763046 -1.66546986  1.3071783  -0.68049635 -3.4027609   7.50939966]]", "nfev": "388", "njev": "54", "status": "2", "success": "False", "message": "Desired error not necessarily achieved due to precision loss.", "x": "[1.61187726 1.52874057 5.50097416 1.11820997 4.72048565 3.71601202]", "nit": "23", "callback": [0.49271753630407833, 0.3756867251818503, 0.32262930948541, 0.23580100553752426, 0.19884390021653287, 0.17720570193394158, 0.1483780688585643, 0.11577173325655066, 0.1044284439998805, 0.09604212514740273, 0.09233930038117344, 0.0915506023594308, 0.09135060562963349, 0.09123013782290279, 0.09113878276679122, 0.09105152602818067, 0.09099670940265103, 0.09096957559589036, 0.09096344458434846, 0.0909627769184781, 0.09096274422846051, 0.09096274341817867, 0.09096274340585064]}, "7": {"maxiter": 100, "gtol": 1e-10, "xrtol": 1e-10, "eps": 1e-10, "duration": 0.08599209785461426, "fun": "0.09096274338664712", "jac": "[2.22044587e-06 0.00000000e+00 1.11022293e-06 1.11022293e-06\n 1.11022293e-06 0.00000000e+00]", "hess_inv": "[[ 7.52689451 -2.38555844  4.92805059 -0.1858225   0.69545981  0.84966554]\n [-2.38555844  3.4123649  -2.07920222 -1.39328053 -0.27096185 -1.70500567]\n [ 4.92805059 -2.07920222  6.57728654 -1.49227263  0.15402014  1.00119689]\n [-0.1858225  -1.39328053 -1.49227263  2.57007242  0.19639916 -0.12372777]\n [ 0.69545981 -0.27096185  0.15402014  0.19639916  2.12495027 -2.42431214]\n [ 0.84966554 -1.70500567  1.00119689 -0.12372777 -2.42431214  7.21077658]]", "nfev": "273", "njev": "39", "status": "0", "success": "True", "message": "Optimization terminated successfully.", "x": "[1.61188576 1.52874566 5.50097899 1.11821285 4.72048907 3.71601188]", "nit": "25", "callback": [0.4927180943605224, 0.3756881687751099, 0.3226307773907461, 0.23580128655295884, 0.19884616039637526, 0.17720625827042058, 0.14838353970103324, 0.11577302530986489, 0.1044298945824702, 0.09604306944879037, 0.09234010022468353, 0.09155059631708906, 0.09135065809050891, 0.09123014466378154, 0.09113883244986942, 0.09105146804648145, 0.09099677218572921, 0.09096955239874871, 0.09096345070699041, 0.09096277560077004, 0.09096274406070082, 0.09096274339624155, 0.09096274339054, 0.09096274338664734, 0.09096274338664712]}, "8": {"maxiter": 500, "gtol": 1e-05, "xrtol": 1e-05, "eps": 1e-05, "duration": 0.052059173583984375, "fun": "0.09096274341817867", "jac": "[ 2.18713936e-07  1.07399645e-06 -1.00175424e-07 -5.76072523e-07\n -1.42341694e-06  1.92557081e-07]", "hess_inv": "[[ 3.42941636e+00 -1.50149539e-01  1.97578056e+00 -1.19049510e+00\n  -5.66857386e-02  6.15429242e-01]\n [-1.50149539e-01  3.12780696e+00  5.36160757e-01 -5.89049331e-03\n   7.85769101e-01 -1.74620382e+00]\n [ 1.97578056e+00  5.36160757e-01  8.53897947e+00 -1.67193549e+00\n  -2.27293732e+00  9.93204667e-01]\n [-1.19049510e+00 -5.89049331e-03 -1.67193549e+00  3.07885731e+00\n   7.97144570e-01 -4.65135709e-01]\n [-5.66857386e-02  7.85769101e-01 -2.27293732e+00  7.97144570e-01\n   4.48941009e+00 -2.92917959e+00]\n [ 6.15429242e-01 -1.74620382e+00  9.93204667e-01 -4.65135709e-01\n  -2.92917959e+00  7.34312393e+00]]", "nfev": "175", "njev": "25", "status": "0", "success": "True", "message": "Optimization terminated successfully.", "x": "[1.61187865 1.52874261 5.50097911 1.11820654 4.72047851 3.71601618]", "nit": "22", "callback": [0.49271753630407833, 0.3756867251818503, 0.32262930948541, 0.23580100553752426, 0.19884390021653287, 0.17720570193394158, 0.1483780688585643, 0.11577173325655066, 0.1044284439998805, 0.09604212514740273, 0.09233930038117344, 0.0915506023594308, 0.09135060562963349, 0.09123013782290279, 0.09113878276679122, 0.09105152602818067, 0.09099670940265103, 0.09096957559589036, 0.09096344458434846, 0.0909627769184781, 0.09096274422846051, 0.09096274341817867]}, "9": {"maxiter": 500, "gtol": 1e-05, "xrtol": 1e-05, "eps": 1e-10, "duration": 0.05344796180725098, "fun": "0.09096274339624155", "jac": "[-2.22044587e-06  3.33066880e-06  1.11022293e-06  1.11022293e-06\n  1.11022293e-06  1.11022293e-06]", "hess_inv": "[[ 3.43351304e+00 -1.62747625e-01  1.96868313e+00 -1.19355025e+00\n  -8.36193237e-02  5.52078900e-01]\n [-1.62747625e-01  3.14044884e+00  5.26704224e-01 -2.04065619e-03\n   7.87858591e-01 -1.75458941e+00]\n [ 1.96868313e+00  5.26704224e-01  8.51470200e+00 -1.67246570e+00\n  -2.30731614e+00  9.07679839e-01]\n [-1.19355025e+00 -2.04065619e-03 -1.67246570e+00  3.08122313e+00\n   8.09393169e-01 -4.39766138e-01]\n [-8.36193237e-02  7.87858591e-01 -2.30731614e+00  8.09393169e-01\n   4.49952577e+00 -2.94037749e+00]\n [ 5.52078900e-01 -1.75458941e+00  9.07679839e-01 -4.39766138e-01\n  -2.94037749e+00  7.27391809e+00]]", "nfev": "175", "njev": "25", "status": "0", "success": "True", "message": "Optimization terminated successfully.", "x": "[1.6118799  1.52875203 5.50098151 1.11821332 4.72048633 3.71601097]", "nit": "22", "callback": [0.4927180943605224, 0.3756881687751099, 0.3226307773907461, 0.23580128655295884, 0.19884616039637526, 0.17720625827042058, 0.14838353970103324, 0.11577302530986489, 0.1044298945824702, 0.09604306944879037, 0.09234010022468353, 0.09155059631708906, 0.09135065809050891, 0.09123014466378154, 0.09113883244986942, 0.09105146804648145, 0.09099677218572921, 0.09096955239874871, 0.09096345070699041, 0.09096277560077004, 0.09096274406070082, 0.09096274339624155]}, "10": {"maxiter": 500, "gtol": 1e-05, "xrtol": 1e-10, "eps": 1e-05, "duration": 0.050106048583984375, "fun": "0.09096274341817867", "jac": "[ 2.18713936e-07  1.07399645e-06 -1.00175424e-07 -5.76072523e-07\n -1.42341694e-06  1.92557081e-07]", "hess_inv": "[[ 3.42941636e+00 -1.50149539e-01  1.97578056e+00 -1.19049510e+00\n  -5.66857386e-02  6.15429242e-01]\n [-1.50149539e-01  3.12780696e+00  5.36160757e-01 -5.89049331e-03\n   7.85769101e-01 -1.74620382e+00]\n [ 1.97578056e+00  5.36160757e-01  8.53897947e+00 -1.67193549e+00\n  -2.27293732e+00  9.93204667e-01]\n [-1.19049510e+00 -5.89049331e-03 -1.67193549e+00  3.07885731e+00\n   7.97144570e-01 -4.65135709e-01]\n [-5.66857386e-02  7.85769101e-01 -2.27293732e+00  7.97144570e-01\n   4.48941009e+00 -2.92917959e+00]\n [ 6.15429242e-01 -1.74620382e+00  9.93204667e-01 -4.65135709e-01\n  -2.92917959e+00  7.34312393e+00]]", "nfev": "175", "njev": "25", "status": "0", "success": "True", "message": "Optimization terminated successfully.", "x": "[1.61187865 1.52874261 5.50097911 1.11820654 4.72047851 3.71601618]", "nit": "22", "callback": [0.49271753630407833, 0.3756867251818503, 0.32262930948541, 0.23580100553752426, 0.19884390021653287, 0.17720570193394158, 0.1483780688585643, 0.11577173325655066, 0.1044284439998805, 0.09604212514740273, 0.09233930038117344, 0.0915506023594308, 0.09135060562963349, 0.09123013782290279, 0.09113878276679122, 0.09105152602818067, 0.09099670940265103, 0.09096957559589036, 0.09096344458434846, 0.0909627769184781, 0.09096274422846051, 0.09096274341817867]}, "11": {"maxiter": 500, "gtol": 1e-05, "xrtol": 1e-10, "eps": 1e-10, "duration": 0.043770790100097656, "fun": "0.09096274339624155", "jac": "[-2.22044587e-06  3.33066880e-06  1.11022293e-06  1.11022293e-06\n  1.11022293e-06  1.11022293e-06]", "hess_inv": "[[ 3.43351304e+00 -1.62747625e-01  1.96868313e+00 -1.19355025e+00\n  -8.36193237e-02  5.52078900e-01]\n [-1.62747625e-01  3.14044884e+00  5.26704224e-01 -2.04065619e-03\n   7.87858591e-01 -1.75458941e+00]\n [ 1.96868313e+00  5.26704224e-01  8.51470200e+00 -1.67246570e+00\n  -2.30731614e+00  9.07679839e-01]\n [-1.19355025e+00 -2.04065619e-03 -1.67246570e+00  3.08122313e+00\n   8.09393169e-01 -4.39766138e-01]\n [-8.36193237e-02  7.87858591e-01 -2.30731614e+00  8.09393169e-01\n   4.49952577e+00 -2.94037749e+00]\n [ 5.52078900e-01 -1.75458941e+00  9.07679839e-01