{"date": "2024/09/24/, 22:25:32", "conf_id": 65, "data_type": "random\n", "num_data_points": 4, "s_rank": 0, "unitary": "[[-0.45070455-0.02711853j,0.78437395-0.06613086j,0.06358678+0.19963393j,-0.07343613+0.35668523j],[-0.01890143-0.03813363j,0.32408202+0.25557629j,0.05872864-0.68979805j,0.55466693-0.20227297j],[-0.11215405+0.64023111j,-0.13344055+0.29565494j,-0.49012687-0.19046288j,-0.04241254+0.44046348j],[0.55771659+0.24656916j,0.31851997-0.05798805j,0.28761525-0.34294258j,-0.56718418+0.03616933j]]", "databatch_0": {"databatch": "[[[-0.29709287-0.05738012j,-0.27692723+0.12676322j,0.06158464-0.25552963j,-0.05978213+0.27771505j],[0.17659824-0.03614103j,0.15701732-0.14561648j,0.05811829+0.10336511j,-0.03554335-0.18039973j],[-0.08583487+0.21342338j,0.05098499+0.23233586j,-0.17936635-0.06925879j,0.20162502+0.08631255j],[-0.1145677+0.28579553j,0.08692842+0.32858016j,-0.19695456-0.08628374j,0.27739422+0.10769839j]],[[0.05534695-0.03955108j,-0.13018068-0.16091743j,0.06985879+0.00707408j,-0.13172589+0.10423583j],[-0.14032472-0.21148356j,0.44150469+0.05944848j,-0.10779737+0.06535069j,-0.36210522-0.0005892j],[0.1379188+0.10663712j,-0.25545511-0.51874186j,0.17434815+0.07103776j,-0.15836567+0.14858822j],[0.06703095-0.04863754j,-0.17553541+0.12838278j,0.0166304-0.06674206j,0.05686029-0.00570163j]],[[-0.1602649-0.00463768j,-0.09612209-0.17047769j,-0.13669404-0.03980215j,0.01738558-0.16297645j],[-0.09908835-0.01084383j,0.13911069-0.11916099j,-0.11537706-0.14238001j,-0.00177395-0.0878042j],[-0.09243283-0.07443974j,0.27197516+0.40040898j,0.22153003-0.31211182j,0.0225904-0.13381129j],[-0.06287104-0.14520295j,0.08773282-0.51771036j,-0.23066123-0.07229668j,0.17720932-0.01393787j]],[[-0.02625638+0.14557281j,0.04720848+0.08546456j,0.00261154-0.1273997j,0.07082589-0.053372j],[0.26058933-0.29247346j,0.00497208-0.25615568j,-0.1774057+0.39033213j,-0.17655909+0.04881806j],[0.27294429+0.05141584j,0.15771805-0.09003565j,-0.29237264+0.03322039j,-0.09248046-0.0949435j],[-0.26331424+0.17398369j,-0.05539934+0.19839062j,0.22319608-0.28760609j,0.13812074-0.00938772j]]]", "initial param values": "[5.63472987,4.31393105,4.33736692,4.36570931,4.78984544,0.62044707]", "nelder_mead": {"type": "gradient-free", "0": {"maxiter": 100, "fatol": 1e-05, "xatol": 1e-05, "duration": 0.03671097755432129, "fun": "0.3258353526362412", "nit": "100", "nfev": "157", "status": "2", "success": "False", "message": "Maximum number of iterations has been exceeded.", "x": "[4.93153367 3.78655999 3.18871876 3.91258129 6.7770645  0.84945046]", "final_simplex": "(array([[4.93153367, 3.78655999, 3.18871876, 3.91258129, 6.7770645 ,\n        0.84945046],\n       [4.92522119, 3.7521759 , 3.2356304 , 3.95772799, 6.7714938 ,\n        0.83603097],\n       [4.87880936, 3.77529603, 3.20687291, 3.94844657, 6.76946605,\n        0.83886071],\n       [4.94804648, 3.78366725, 3.2264189 , 3.98565734, 6.7650616 ,\n        0.82871567],\n       [4.93421146, 3.73361856, 3.21241175, 3.96873174, 6.75221555,\n        0.84043299],\n       [4.92058634, 3.77306773, 3.21686233, 3.92467468, 6.79153211,\n        0.83272879],\n       [4.92884991, 3.77601882, 3.197937  , 3.9907339 , 6.84112965,\n        0.82423416]]), array([0.32583535, 0.32666879, 0.32670835, 0.3267774 , 0.3267827 ,\n       0.32727848, 0.32732255]))", "callback": [0.8297947038201217, 0.5758631900490259, 0.5670033756553665, 0.5390981565272422, 0.4676639599395165, 0.4054705116700784, 0.3408285678806283, 0.3304563972329333, 0.32914145835460595, 0.3274453828499002]}, "1": {"maxiter": 100, "fatol": 1e-05, "xatol": 1e-10, "duration": 0.035349130630493164, "fun": "0.3258353526362412", "nit": "100", "nfev": "157", "status": "2", "success": "False", "message": "Maximum number of iterations has been exceeded.", "x": "[4.93153367 3.78655999 3.18871876 3.91258129 6.7770645  0.84945046]", "final_simplex": "(array([[4.93153367, 3.78655999, 3.18871876, 3.91258129, 6.7770645 ,\n        0.84945046],\n       [4.92522119, 3.7521759 , 3.2356304 , 3.95772799, 6.7714938 ,\n        0.83603097],\n       [4.87880936, 3.77529603, 3.20687291, 3.94844657, 6.76946605,\n        0.83886071],\n       [4.94804648, 3.78366725, 3.2264189 , 3.98565734, 6.7650616 ,\n        0.82871567],\n       [4.93421146, 3.73361856, 3.21241175, 3.96873174, 6.75221555,\n        0.84043299],\n       [4.92058634, 3.77306773, 3.21686233, 3.92467468, 6.79153211,\n        0.83272879],\n       [4.92884991, 3.77601882, 3.197937  , 3.9907339 , 6.84112965,\n        0.82423416]]), array([0.32583535, 0.32666879, 0.32670835, 0.3267774 , 0.3267827 ,\n       0.32727848, 0.32732255]))", "callback": [0.8297947038201217, 0.5758631900490259, 0.5670033756553665, 0.5390981565272422, 0.4676639599395165, 0.4054705116700784, 0.3408285678806283, 0.3304563972329333, 0.32914145835460595, 0.3274453828499002]}, "2": {"maxiter": 100, "fatol": 1e-10, "xatol": 1e-05, "duration": 0.035640716552734375, "fun": "0.3258353526362412", "nit": "100", "nfev": "157", "status": "2", "success": "False", "message": "Maximum number of iterations has been exceeded.", "x": "[4.93153367 3.78655999 3.18871876 3.91258129 6.7770645  0.84945046]", "final_simplex": "(array([[4.93153367, 3.78655999, 3.18871876, 3.91258129, 6.7770645 ,\n        0.84945046],\n       [4.92522119, 3.7521759 , 3.2356304 , 3.95772799, 6.7714938 ,\n        0.83603097],\n       [4.87880936, 3.77529603, 3.20687291, 3.94844657, 6.76946605,\n        0.83886071],\n       [4.94804648, 3.78366725, 3.2264189 , 3.98565734, 6.7650616 ,\n        0.82871567],\n       [4.93421146, 3.73361856, 3.21241175, 3.96873174, 6.75221555,\n        0.84043299],\n       [4.92058634, 3.77306773, 3.21686233, 3.92467468, 6.79153211,\n        0.83272879],\n       [4.92884991, 3.77601882, 3.197937  , 3.9907339 , 6.84112965,\n        0.82423416]]), array([0.32583535, 0.32666879, 0.32670835, 0.3267774 , 0.3267827 ,\n       0.32727848, 0.32732255]))", "callback": [0.8297947038201217, 0.5758631900490259, 0.5670033756553665, 0.5390981565272422, 0.4676639599395165, 0.4054705116700784, 0.3408285678806283, 0.3304563972329333, 0.32914145835460595, 0.3274453828499002]}, "3": {"maxiter": 100, "fatol": 1e-10, "xatol": 1e-10, "duration": 0.035842180252075195, "fun": "0.3258353526362412", "nit": "100", "nfev": "157", "status": "2", "success": "False", "message": "Maximum number of iterations has been exceeded.", "x": "[4.93153367 3.78655999 3.18871876 3.91258129 6.7770645  0.84945046]", "final_simplex": "(array([[4.93153367, 3.78655999, 3.18871876, 3.91258129, 6.7770645 ,\n        0.84945046],\n       [4.92522119, 3.7521759 , 3.2356304 , 3.95772799, 6.7714938 ,\n        0.83603097],\n       [4.87880936, 3.77529603, 3.20687291, 3.94844657, 6.76946605,\n        0.83886071],\n       [4.94804648, 3.78366725, 3.2264189 , 3.98565734, 6.7650616 ,\n        0.82871567],\n       [4.93421146, 3.73361856, 3.21241175, 3.96873174, 6.75221555,\n        0.84043299],\n       [4.92058634, 3.77306773, 3.21686233, 3.92467468, 6.79153211,\n        0.83272879],\n       [4.92884991, 3.77601882, 3.197937  , 3.9907339 , 6.84112965,\n        0.82423416]]), array([0.32583535, 0.32666879, 0.32670835, 0.3267774 , 0.3267827 ,\n       0.32727848, 0.32732255]))", "callback": [0.8297947038201217, 0.5758631900490259, 0.5670033756553665, 0.5390981565272422, 0.4676639599395165, 0.4054705116700784, 0.3408285678806283, 0.3304563972329333, 0.32914145835460595, 0.3274453828499002]}, "4": {"maxiter": 500, "fatol": 1e-05, "xatol": 1e-05, "duration": 0.11370110511779785, "fun": "0.2464351503841865", "nit": "311", "nfev": "499", "status": "0", "success": "True", "message": "Optimization terminated successfully.", "x": "[5.02363339 4.21468669 3.33334483 4.41667782 7.31698234 1.75300756]", "final_simplex": "(array([[5.02363339, 4.21468669, 3.33334483, 4.41667782, 7.31698234,\n        1.75300756],\n       [5.02362923, 4.2146905 , 3.33333494, 4.41667606, 7.31698268,\n        1.75300739],\n       [5.02362665, 4.21468792, 3.3333422 , 4.41667577, 7.31697759,\n        1.75301433],\n       [5.02362967, 4.21469021, 3.33334181, 4.41667266, 7.31698575,\n        1.75300956],\n       [5.02363351, 4.21469281, 3.33334651, 4.41668397, 7.31697931,\n        1.75300504],\n       [5.02363605, 4.21469086, 3.33334121, 4.41667736, 7.31698182,\n        1.75300718],\n       [5.02362903, 4.21468731, 3.33334598, 4.41667462, 7.31697389,\n        1.75300133]]), array([0.24643515, 0.24643515, 0.24643515, 0.24643515, 0.24643515,\n       0.24643515, 0.24643515]))", "callback": [0.8297947038201217, 0.5758631900490259, 0.5670033756553665, 0.5390981565272422, 0.4676639599395165, 0.4054705116700784, 0.3408285678806283, 0.3304563972329333, 0.32914145835460595, 0.3274453828499002, 0.3258353526362412, 0.32371497167662655, 0.3217256724871007, 0.3160491865710706, 0.29656100521051343, 0.2701324794586192, 0.25740405008372447, 0.24977177104945847, 0.2471368047302085, 0.2469970249838993, 0.24648405460365086, 0.2464536491511331, 0.24643858733673163, 0.24643558737426474, 0.24643524127854577, 0.24643516407546606, 0.24643515277412487, 0.24643515087697299, 0.24643515058053933, 0.24643515042978759, 0.24643515039191, 0.2464351503841865]}, "5": {"maxiter": 500, "fatol": 1e-05, "xatol": 1e-10, "duration": 0.1650559902191162, "fun": "0.24643515037340313", "nit": "425", "nfev": "731", "status": "0", "success": "True", "message": "Optimization terminated successfully.", "x": "[5.0236257  4.21468592 3.3333423  4.41667879 7.3169797  1.75300694]", "final_simplex": "(array([[5.0236257 , 4.21468592, 3.3333423 , 4.41667879, 7.3169797 ,\n        1.75300694],\n       [5.0236257 , 4.21468592, 3.3333423 , 4.41667879, 7.3169797 ,\n        1.75300694],\n       [5.0236257 , 4.21468592, 3.3333423 , 4.41667879, 7.3169797 ,\n        1.75300694],\n       [5.0236257 , 4.21468592, 3.3333423 , 4.41667879, 7.3169797 ,\n        1.75300694],\n       [5.0236257 , 4.21468592, 3.3333423 , 4.41667879, 7.3169797 ,\n        1.75300694],\n       [5.0236257 , 4.21468592, 3.3333423 , 4.41667879, 7.3169797 ,\n        1.75300694],\n       [5.0236257 , 4.21468592, 3.3333423 , 4.41667879, 7.3169797 ,\n        1.75300694]]), array([0.24643515, 0.24643515, 0.24643515, 0.24643515, 0.24643515,\n       0.24643515, 0.24643515]))", "callback": [0.8297947038201217, 0.5758631900490259, 0.5670033756553665, 0.5390981565272422, 0.4676639599395165, 0.4054705116700784, 0.3408285678806283, 0.3304563972329333, 0.32914145835460595, 0.3274453828499002, 0.3258353526362412, 0.32371497167662655, 0.3217256724871007, 0.3160491865710706, 0.29656100521051343, 0.2701324794586192, 0.25740405008372447, 0.24977177104945847, 0.2471368047302085, 0.2469970249838993, 0.24648405460365086, 0.2464536491511331, 0.24643858733673163, 0.24643558737426474, 0.24643524127854577, 0.24643516407546606, 0.24643515277412487, 0.24643515087697299, 0.24643515058053933, 0.24643515042978759, 0.24643515039191, 0.24643515038275166, 0.24643515037585184, 0.24643515037448238, 0.24643515037373964, 0.24643515037348163, 0.24643515037343044, 0.24643515037340813, 0.24643515037340435, 0.24643515037340358, 0.24643515037340324, 0.24643515037340324, 0.24643515037340313]}, "6": {"maxiter": 500, "fatol": 1e-10, "xatol": 1e-05, "duration": 0.11224508285522461, "fun": "0.2464351503841865", "nit": "311", "nfev": "499", "status": "0", "success": "True", "message": "Optimization terminated successfully.", "x": "[5.02363339 4.21468669 3.33334483 4.41667782 7.31698234 1.75300756]", "final_simplex": "(array([[5.02363339, 4.21468669, 3.33334483, 4.41667782, 7.31698234,\n        1.75300756],\n       [5.02362923, 4.2146905 , 3.33333494, 4.41667606, 7.31698268,\n        1.75300739],\n       [5.02362665, 4.21468792, 3.3333422 , 4.41667577, 7.31697759,\n        1.75301433],\n       [5.02362967, 4.21469021, 3.33334181, 4.41667266, 7.31698575,\n        1.75300956],\n       [5.02363351, 4.21469281, 3.33334651, 4.41668397, 7.31697931,\n        1.75300504],\n       [5.02363605, 4.21469086, 3.33334121, 4.41667736, 7.31698182,\n        1.75300718],\n       [5.02362903, 4.21468731, 3.33334598, 4.41667462, 7.31697389,\n        1.75300133]]), array([0.24643515, 0.24643515, 0.24643515, 0.24643515, 0.24643515,\n       0.24643515, 0.24643515]))", "callback": [0.8297947038201217, 0.5758631900490259, 0.5670033756553665, 0.5390981565272422, 0.4676639599395165, 0.4054705116700784, 0.3408285678806283, 0.3304563972329333, 0.32914145835460595, 0.3274453828499002, 0.3258353526362412, 0.32371497167662655, 0.3217256724871007, 0.3160491865710706, 0.29656100521051343, 0.2701324794586192, 0.25740405008372447, 0.24977177104945847, 0.2471368047302085, 0.2469970249838993, 0.24648405460365086, 0.2464536491511331, 0.24643858733673163, 0.24643558737426474, 0.24643524127854577, 0.24643516407546606, 0.24643515277412487, 0.24643515087697299, 0.24643515058053933, 0.24643515042978759, 0.24643515039191, 0.2464351503841865]}, "7": {"maxiter": 500, "fatol": 1e-10, "xatol": 1e-10, "duration": 0.22652387619018555, "fun": "0.24643515037340313", "nit": "425", "nfev": "731", "status": "0", "success": "True", "message": "Optimization terminated successfully.", "x": "[5.0236257  4.21468592 3.3333423  4.41667879 7.3169797  1.75300694]", "final_simplex": "(array([[5.0236257 , 4.21468592, 3.3333423 , 4.41667879, 7.3169797 ,\n        1.75300694],\n       [5.0236257 , 4.21468592, 3.3333423 , 4.41667879, 7.3169797 ,\n        1.75300694],\n       [5.0236257 , 4.21468592, 3.3333423 , 4.41667879, 7.3169797 ,\n        1.75300694],\n       [5.0236257 , 4.21468592, 3.3333423 , 4.41667879, 7.3169797 ,\n        1.75300694],\n       [5.0236257 , 4.21468592, 3.3333423 , 4.41667879, 7.3169797 ,\n        1.75300694],\n       [5.0236257 , 4.21468592, 3.3333423 , 4.41667879, 7.3169797 ,\n        1.75300694],\n       [5.0236257 , 4.21468592, 3.3333423 , 4.41667879, 7.3169797 ,\n        1.75300694]]), array([0.24643515, 0.24643515, 0.24643515, 0.24643515, 0.24643515,\n       0.24643515, 0.24643515]))", "callback": [0.8297947038201217, 0.5758631900490259, 0.5670033756553665, 0.5390981565272422, 0.4676639599395165, 0.4054705116700784, 0.3408285678806283, 0.3304563972329333, 0.32914145835460595, 0.3274453828499002, 0.3258353526362412, 0.32371497167662655, 0.3217256724871007, 0.3160491865710706, 0.29656100521051343, 0.2701324794586192, 0.25740405008372447, 0.24977177104945847, 0.2471368047302085, 0.2469970249838993, 0.24648405460365086, 0.2464536491511331, 0.24643858733673163, 0.24643558737426474, 0.24643524127854577, 0.24643516407546606, 0.24643515277412487, 0.24643515087697299, 0.24643515058053933, 0.24643515042978759, 0.24643515039191, 0.24643515038275166, 0.24643515037585184, 0.24643515037448238, 0.24643515037373964, 0.24643515037348163, 0.24643515037343044, 0.24643515037340813, 0.24643515037340435, 0.24643515037340358, 0.24643515037340324, 0.24643515037340324, 0.24643515037340313]}, "8": {"maxiter": 1000, "fatol": 1e-05, "xatol": 1e-05, "duration": 0.1174769401550293, "fun": "0.2464351503841865", "nit": "311", "nfev": "499", "status": "0", "success": "True", "message": "Optimization terminated successfully.", "x": "[5.02363339 4.21468669 3.33334483 4.41667782 7.31698234 1.75300756]", "final_simplex": "(array([[5.02363339, 4.21468669, 3.33334483, 4.41667782, 7.31698234,\n        1.75300756],\n       [5.02362923, 4.2146905 , 3.33333494, 4.41667606, 7.31698268,\n        1.75300739],\n       [5.02362665, 4.21468792, 3.3333422 , 4.41667577, 7.31697759,\n        1.75301433],\n       [5.02362967, 4.21469021, 3.33334181, 4.41667266, 7.31698575,\n        1.75300956],\n       [5.02363351, 4.21469281, 3.33334651, 4.41668397, 7.31697931,\n        1.75300504],\n       [5.02363605, 4.21469086, 3.33334121, 4.41667736, 7.31698182,\n        1.75300718],\n       [5.02362903, 4.21468731, 3.33334598, 4.41667462, 7.31697389,\n        1.75300133]]), array([0.24643515, 0.24643515, 0.24643515, 0.24643515, 0.24643515,\n       0.24643515, 0.24643515]))", "callback": [0.8297947038201217, 0.5758631900490259, 0.5670033756553665, 0.5390981565272422, 0.4676639599395165, 0.4054705116700784, 0.3408285678806283, 0.3304563972329333, 0.32914145835460595, 0.3274453828499002, 0.3258353526362412, 0.32371497167662655, 0.3217256724871007, 0.3160491865710706, 0.29656100521051343, 0.2701324794586192, 0.25740405008372447, 0.24977177104945847, 0.2471368047302085, 0.2469970249838993, 0.24648405460365086, 0.2464536491511331, 0.24643858733673163, 0.24643558737426474, 0.24643524127854577, 0.24643516407546606, 0.24643515277412487, 0.24643515087697299, 0.24643515058053933, 0.24643515042978759, 0.24643515039191, 0.2464351503841865]}, "9": {"maxiter": 1000, "fatol": 1e-05, "xatol": 1e-10, "duration": 0.17190814018249512, "fun": "0.24643515037340313", "nit": "425", "nfev": "731", "status": "0", "success": "True", "message": "Optimization terminated successfully.", "x": "[5.0236257  4.21468592 3.3333423  4.41667879 7.3169797  1.75300694]", "final_simplex": "(array([[5.0236257 , 4.21468592, 3.3333423 , 4.41667879, 7.3169797 ,\n        1.75300694],\n       [5.0236257 , 4.21468592, 3.3333423 , 4.41667879, 7.3169797 ,\n        1.75300694],\n       [5.0236257 , 4.21468592, 3.3333423 , 4.41667879, 7.3169797 ,\n        1.75300694],\n       [5.0236257 , 4.21468592, 3.3333423 , 4.41667879, 7.3169797 ,\n        1.75300694],\n       [5.0236257 , 4.21468592, 3.3333423 , 4.41667879, 7.3169797 ,\n        1.75300694],\n       [5.0236257 , 4.21468592, 3.3333423 , 4.41667879, 7.3169797 ,\n        1.75300694],\n       [5.0236257 , 4.21468592, 3.3333423 , 4.41667879, 7.3169797 ,\n        1.75300694]]), array([0.24643515, 0.24643515, 0.24643515, 0.24643515, 0.24643515,\n       0.24643515, 0.24643515]))", "callback": [0.8297947038201217, 0.5758631900490259, 0.5670033756553665, 0.5390981565272422, 0.4676639599395165, 0.4054705116700784, 0.3408285678806283, 0.3304563972329333, 0.32914145835460595, 0.3274453828499002, 0.3258353526362412, 0.32371497167662655, 0.3217256724871007, 0.3160491865710706, 0.29656100521051343, 0.2701324794586192, 0.25740405008372447, 0.24977177104945847, 0.2471368047302085, 0.2469970249838993, 0.24648405460365086, 0.2464536491511331, 0.24643858733673163, 0.24643558737426474, 0.24643524127854577, 0.24643516407546606, 0.24643515277412487, 0.24643515087697299, 0.24643515058053933, 0.24643515042978759, 0.24643515039191, 0.24643515038275166, 0.24643515037585184, 0.24643515037448238, 0.24643515037373964, 0.24643515037348163, 0.24643515037343044, 0.24643515037340813, 0.24643515037340435, 0.24643515037340358, 0.24643515037340324, 0.24643515037340324, 0.24643515037340313]}, "10": {"maxiter": 1000, "fatol": 1e-10, "xatol": 1e-05, "duration": 0.13570165634155273, "fun": "0.2464351503841865", "nit": "311", "nfev": "499", "status": "0", "success": "True", "message": "Optimization terminated successfully.", "x": "[5.02363339 4.21468669 3.33334483 4.41667782 7.31698234 1.75300756]", "final_simplex": "(array([[5.02363339, 4.21468669, 3.33334483, 4.41667782, 7.31698234,\n        1.75300756],\n       [5.02362923, 4.2146905 , 3.33333494, 4.41667606, 7.31698268,\n        1.75300739],\n       [5.02362665, 4.21468792, 3.3333422 , 4.41667577, 7.31697759,\n        1.75301433],\n       [5.02362967, 4.21469021, 3.33334181, 4.41667266, 7.31698575,\n        1.75300956],\n       [5.02363351, 4.21469281, 3.33334651, 4.41668397, 7.31697931,\n        1.75300504],\n       [5.02363605, 4.21469086, 3.33334121, 4.41667736, 7.31698182,\n        1.75300718],\n       [5.02362903, 4.21468731, 3.33334598, 4.41667462, 7.31697389,\n        1.75300133]]), array([0.24643515, 0.24643515, 0.24643515, 0.24643515, 0.24643515,\n       0.24643515, 0.24643515]))", "callback": [0.8297947038201217, 0.5758631900490259, 0.5670033756553665, 0.5390981565272422, 0.4676639599395165, 0.4054705116700784, 0.3408285678806283, 0.3304563972329333, 0.32914145835460595, 0.3274453828499002, 0.3258353526362412, 0.32371497167662655, 0.3217256724871007, 0.3160491865710706, 0.29656100521051343, 0.2701324794586192, 0.25740405008372447, 0.24977177104945847, 0.2471368047302085, 0.2469970249838993, 0.24648405460365086, 0.2464536491511331, 0.24643858733673163, 0.24643558737426474, 0.24643524127854577, 0.24643516407546606, 0.24643515277412487, 0.24643515087697299, 0.24643515058053933, 0.24643515042978759, 0.24643515039191, 0.2464351503841865]}, "11": {"maxiter": 1000, "fatol": 1e-10, "xatol": 1e-10, "duration": 0.184525728225708, "fun": "0.24643515037340313", "nit": "425", "nfev": "731", "status": "0", "success": "True", "message": "Optimization terminated successfully.", "x": "[5.0236257  4.21468592 3.3333423  4.41667879 7.3169797  1.75300694]", "final_simplex": "(array([[5.0236257 , 4.21468592, 3.3333423 , 4.41667879, 7.3169797 ,\n        1.75300694],\n       [5.0236257 , 4.21468592, 3.3333423 , 4.41667879, 7.3169797 ,\n        1.75300694],\n       [5.0236257 , 4.21468592, 3.3333423 , 4.41667879, 7.3169797 ,\n        1.75300694],\n       [5.0236257 , 4.21468592, 3.3333423 , 4.41667879, 7.3169797 ,\n        1.75300694],\n       [5.0236257 , 4.21468592, 3.3333423 , 4.41667879, 7.3169797 ,\n        1.75300694],\n       [5.0236257 , 4.21468592, 3.3333423 , 4.41667879, 7.3169797 ,\n        1.75300694],\n       [5.0236257 , 4.21468592, 3.3333423 , 4.41667879, 7.3169797 ,\n        1.75300694]]), array([0.24643515, 0.24643515, 0.24643515, 0.24643515, 0.24643515,\n       0.24643515, 0.24643515]))", "callback": [0.8297947038201217, 0.5758631900490259, 0.5670033756553665, 0.5390981565272422, 0.4676639599395165, 0.4054705116700784, 0.3408285678806283, 0.3304563972329333, 0.32914145835460595, 0.3274453828499002, 0.3258353526362412, 0.32371497167662655, 0.3217256724871007, 0.3160491865710706, 0.29656100521051343, 0.2701324794586192, 0.25740405008372447, 0.24977177104945847, 0.2471368047302085, 0.2469970249838993, 0.24648405460365086, 0.2464536491511331, 0.24643858733673163, 0.24643558737426474, 0.24643524127854577, 0.24643516407546606, 0.24643515277412487, 0.24643515087697299, 0.24643515058053933, 0.24643515042978759, 0.24643515039191, 0.24643515038275166, 0.24643515037585184, 0.24643515037448238, 0.24643515037373964, 0.24643515037348163, 0.24643515037343044, 0.24643515037340813, 0.24643515037340435, 0.24643515037340358, 0.24643515037340324, 0.24643515037340324, 0.24643515037340313]}}, "bfgs": {"type": "gradient", "0": {"maxiter": 100, "gtol": 1e-05, "xrtol": 1e-05, "eps": 1e-05, "duration": 0.04952287673950195, "fun": "0.24643515050961606", "jac": "[ 1.67890146e-06 -2.17496021e-06 -2.14759321e-06  6.30273611e-08\n -3.51574325e-06  1.95310434e-07]", "hess_inv": "[[ 4.48376727  0.37226941 -0.01144469  1.47638356  0.43757022 -0.32257185]\n [ 0.37226941  4.97441498 -0.51383513  1.79029528  1.12066276  1.83751075]\n [-0.01144469 -0.51383513  3.57260556  0.8393401  -0.2446005   0.68385361]\n [ 1.47638356  1.79029528  0.8393401   4.74329803  0.67949099  1.21728892]\n [ 0.43757022  1.12066276 -0.2446005   0.67949099  3.42977327  1.46795806]\n [-0.32257185  1.83751075  0.68385361  1.21728892  1.46795806  4.35710081]]", "nfev": "196", "njev": "28", "status": "0", "success": "True", "message": "Optimization terminated successfully.", "x": "[5.02361857 4.21466344 3.33333304 4.41666213 7.31695914 1.75298765]", "nit": "24", "callback": [0.6235144935135128, 0.5960350086278469, 0.545141924534742, 0.46860791544597435, 0.4427884724324811, 0.429216771892458, 0.40629937228507385, 0.38696160498634635, 0.3796181679172599, 0.36573668442690765, 0.3388540774444644, 0.295688121092872, 0.28088685230927624, 0.26669347282030365, 0.25460580442085634, 0.2485502683974835, 0.24664389822498833, 0.24646120548407247, 0.2464488205167228, 0.24644172787279128, 0.24643606531206086, 0.24643519634160715, 0.24643515125250592, 0.24643515050961606]}, "1": {"maxiter": 100, "gtol": 1e-05, "xrtol": 1e-05, "eps": 1e-10, "duration": 0.0483248233795166, "fun": "0.24643515041649933", "jac": "[ 3.33066880e-06  3.33066880e-06 -1.11022293e-06  4.44089173e-06\n -3.33066880e-06 -1.11022293e-06]", "hess_inv": "[[ 4.47228098  0.36371707 -0.01457406  1.48798635  0.46373949 -0.30537528]\n [ 0.36371707  4.9567652  -0.54816051  1.81276846  1.16945604  1.85214428]\n [-0.01457406 -0.54816051  3.56808794  0.81583417 -0.22385423  0.69286556]\n [ 1.48798635  1.81276846  0.81583417  4.82532165  0.75735413  1.26377057]\n [ 0.46373949  1.16945604 -0.22385423  0.75735413  3.45291725  1.50937158]\n [-0.30537528  1.85214428  0.69286556  1.26377057  1.50937158  4.39916888]]", "nfev": "196", "njev": "28", "status": "0", "success": "True", "message": "Optimization terminated successfully.", "x": "[5.02363825 4.21469159 3.33333981 4.41668819 7.31697049 1.75300421]", "nit": "24", "callback": [0.623518014661382, 0.5960380579857774, 0.545143572668951, 0.46860805205442413, 0.44278899157919605, 0.4292166878226622, 0.4062982799759238, 0.38696069764979546, 0.3796170057209838, 0.3657358289601329, 0.3388567686572165, 0.29569557300630245, 0.28089069838707037, 0.2666941731415583, 0.2546031620720286, 0.2485502965529769, 0.24664360119436468, 0.24646111395592307, 0.24644877060192172, 0.24644168376520592, 0.2464360781560715, 0.24643519733540953, 0.246435151262263, 0.24643515041649933]}, "2": {"maxiter": 100, "gtol": 1e-05, "xrtol": 1e-10, "eps": 1e-05, "duration": 0.04792380332946777, "fun": "0.24643515050961606", "jac": "[ 1.67890146e-06 -2.17496021e-06 -2.14759321e-06  6.30273611e-08\n -3.51574325e-06  1.95310434e-07]", "hess_inv": "[[ 4.48376727  0.37226941 -0.01144469  1.47638356  0.43757022 -0.32257185]\n [ 0.37226941  4.97441498 -0.51383513  1.79029528  1.12066276  1.83751075]\n [-0.01144469 -0.51383513  3.57260556  0.8393401  -0.2446005   0.68385361]\n [ 1.47638356  1.79029528  0.8393401   4.74329803  0.67949099  1.21728892]\n [ 0.43757022  1.12066276 -0.2446005   0.67949099  3.42977327  1.46795806]\n [-0.32257185  1.83751075  0.68385361  1.21728892  1.46795806  4.35710081]]", "nfev": "196", "njev": "28", "status": "0", "success": "True", "message": "Optimization terminated successfully.", "x": "[5.02361857 4.21466344 3.33333304 4.41666213 7.31695914 1.75298765]", "nit": "24", "callback": [0.6235144935135128, 0.5960350086278469, 0.545141924534742, 0.46860791544597435, 0.4427884724324811, 0.429216771892458, 0.40629937228507385, 0.38696160498634635, 0.3796181679172599, 0.36573668442690765, 0.3388540774444644, 0.295688121092872, 0.28088685230927624, 0.26669347282030365, 0.25460580442085634, 0.2485502683974835, 0.24664389822498833, 0.24646120548407247, 0.2464488205167228, 0.24644172787279128, 0.24643606531206086, 0.24643519634160715, 0.24643515125250592, 0.24643515050961606]}, "3": {"maxiter": 100, "gtol": 1e-05, "xrtol": 1e-10, "eps": 1e-10, "duration": 0.04765486717224121, "fun": "0.24643515041649933", "jac": "[ 3.33066880e-06  3.33066880e-06 -1.11022293e-06  4.44089173e-06\n -3.33066880e-06 -1.11022293e-06]", "hess_inv": "[[ 4.47228098  0.36371707 -0.01457406  1.48798635  0.46373949 -0.30537528]\n [ 0.36371707  4.9567652  -0.54816051  1.81276846  1.16945604  1.85214428]\n [-0.01457406 -0.54816051  3.56808794  0.81583417 -0.22385423  0.69286556]\n [ 1.48798635  1.81276846  0.81583417  4.82532165  0.75735413  1.26377057]\n [ 0.46373949  1.16945604 -0.22385423  0.75735413  3.45291725  1.50937158]\n [-0.30537528  1.85214428  0.69286556  1.26377057  1.50937158  4.39916888]]", "nfev": "196", "njev": "28", "status": "0", "success": "True", "message": "Optimization terminated successfully.", "x": "[5.02363825 4.21469159 3.33333981 4.41668819 7.31697049 1.75300421]", "nit": "24", "callback": [0.623518014661382, 0.5960380579857774, 0.545143572668951, 0.46860805205442413, 0.44278899157919605, 0.4292166878226622, 0.4062982799759238, 0.38696069764979546, 0.3796170057209838, 0.3657358289601329, 0.3388567686572165, 0.29569557300630245, 0.28089069838707037, 0.2666941731415583, 0.2546031620720286, 0.2485502965529769, 0.24664360119436468, 0.24646111395592307, 0.24644877060192172, 0.24644168376520592, 0.2464360781560715, 0.24643519733540953, 0.246435151262263, 0.24643515041649933]}, "4": {"maxiter": 100, "gtol": 1e-10, "xrtol": 1e-05, "eps": 1e-05, "duration": 0.0464777946472168, "fun": "0.24643515050961606", "jac": "[ 1.67890146e-06 -2.17496021e-06 -2.14759321e-06  6.30273611e-08\n -3.51574325e-06  1.95310434e-07]", "hess_inv": "[[ 4.48376727  0.37226941 -0.01144469  1.47638356  0.43757022 -0.32257185]\n [ 0.37226941  4.97441498 -0.51383513  1.79029528  1.12066276  1.83751075]\n [-0.01144469 -0.51383513  3.57260556  0.8393401  -0.2446005   0.68385361]\n [ 1.47638356  1.79029528  0.8393401   4.74329803  0.67949099  1.21728892]\n [ 0.43757022  1.12066276 -0.2446005   0.67949099  3.42977327  1.46795806]\n [-0.32257185  1.83751075  0.68385361  1.21728892  1.46795806  4.35710081]]", "nfev": "196", "njev": "28", "status": "0", "success": "True", "message": "Optimization terminated successfully.", "x": "[5.02361857 4.21466344 3.33333304 4.41666213 7.31695914 1.75298765]", "nit": "24", "callback": [0.6235144935135128, 0.5960350086278469, 0.545141924534742, 0.46860791544597435, 0.4427884724324811, 0.429216771892458, 0.40629937228507385, 0.38696160498634635, 0.3796181679172599, 0.36573668442690765, 0.3388540774444644, 0.295688121092872, 0.28088685230927624, 0.26669347282030365, 0.25460580442085634, 0.2485502683974835, 0.24664389822498833, 0.24646120548407247, 0.2464488205167228, 0.24644172787279128, 0.24643606531206086, 0.24643519634160715, 0.24643515125250592, 0.24643515050961606]}, "5": {"maxiter": 100, "gtol": 1e-10, "xrtol": 1e-05, "eps": 1e-10, "duration": 0.04451489448547363, "fun": "0.24643515041649933", "jac": "[ 3.33066880e-06  3.33066880e-06 -1.11022293e-06  4.44089173e-06\n -3.33066880e-06 -1.11022293e-06]", "hess_inv": "[[ 4.47228098  0.36371707 -0.01457406  1.48798635  0.46373949 -0.30537528]\n [ 0.36371707  4.9567652  -0.54816051  1.81276846  1.16945604  1.85214428]\n [-0.01457406 -0.54816051  3.56808794  0.81583417 -0.22385423  0.69286556]\n [ 1.48798635  1.81276846  0.81583417  4.82532165  0.75735413  1.26377057]\n [ 0.46373949  1.16945604 -0.22385423  0.75735413  3.45291725  1.50937158]\n [-0.30537528  1.85214428  0.69286556  1.26377057  1.50937158  4.39916888]]", "nfev": "196", "njev": "28", "status": "0", "success": "True", "message": "Optimization terminated successfully.", "x": "[5.02363825 4.21469159 3.33333981 4.41668819 7.31697049 1.75300421]", "nit": "24", "callback": [0.623518014661382, 0.5960380579857774, 0.545143572668951, 0.46860805205442413, 0.44278899157919605, 0.4292166878226622, 0.4062982799759238, 0.38696069764979546, 0.3796170057209838, 0.3657358289601329, 0.3388567686572165, 0.29569557300630245, 0.28089069838707037, 0.2666941731415583, 0.2546031620720286, 0.2485502965529769, 0.24664360119436468, 0.24646111395592307, 0.24644877060192172, 0.24644168376520592, 0.2464360781560715, 0.24643519733540953, 0.246435151262263, 0.24643515041649933]}, "6": {"maxiter": 100, "gtol": 1e-10, "xrtol": 1e-10, "eps": 1e-05, "duration": 0.09405899047851562, "fun": "0.24643515041802444", "jac": "[-2.53186361e-07  1.64779301e-07 -2.52553534e-07  2.81907830e-07\n  3.32889272e-07 -4.11337631e-08]", "hess_inv": "[[ 4.35767567  0.67336349  0.06984182  1.62869645  0.72194065 -0.08720304]\n [ 0.67336349  4.47137835 -0.72575146  1.4107981   0.81410062  1.35507939]\n [ 0.06984182 -0.72575146  3.53747485  0.73330977 -0.45133928  0.52882833]\n [ 1.62869645  1.4107981   0.73330977  4.56575469  0.30452114  0.92525924]\n [ 0.72194065  0.81410062 -0.45133928  0.30452114  3.43432443  1.07596489]\n [-0.08720304  1.35507939  0.52882833  0.92525924  1.07596489  3.94777391]]", "nfev": "403", "njev": "56", "status": "2", "success": "False", "message": "Desired error not necessarily achieved due to precision loss.", "x": "[5.02361501 4.21467435 3.33333621 4.41666562 7.31697182 1.75299541]", "nit": "25", "callback": [0.6235144935135128, 0.5960350086278469, 0.545141924534742, 0.46860791544597435, 0.4427884724324811, 0.429216771892458, 0.40629937228507385, 0.38696160498634635, 0.3796181679172599, 0.36573668442690765, 0.3388540774444644, 0.295688121092872, 0.28088685230927624, 0.26669347282030365, 0.25460580442085634, 0.2485502683974835, 0.24664389822498833, 0.24646120548407247, 0.2464488205167228, 0.24644172787279128, 0.24643606531206086, 0.24643519634160715, 0.24643515125250592, 0.24643515050961606, 0.24643515041802444]}, "7": {"maxiter": 100, "gtol": 1e-10, "xrtol": 1e-10, "eps": 1e-10, "duration": 0.12231802940368652, "fun": "0.24643515039467956", "jac": "[ 3.33066880e-06  2.22044587e-06 -1.11022293e-06  0.00000000e+00\n  0.00000000e+00  3.33066880e-06]", "hess_inv": "[[ 5.56050318  2.92925159  0.77947018  3.76414599  0.93424157  2.40367544]\n [ 2.92925159  9.78297717  0.68177574  6.65176368  1.55169376  5.93330425]\n [ 0.77947018  0.68177574  3.71222106  1.98799482 -0.03861723  1.63795495]\n [ 3.76414599  6.65176368  1.98799482  8.90109149  1.91180169  6.32388433]\n [ 0.93424157  1.55169376 -0.03861723  1.91180169  2.71231963  0.89876579]\n [ 2.40367544  5.93330425  1.63795495  6.32388433  0.89876579  6.46451043]]", "nfev": "530", "njev": "74", "status": "2", "success": "False", "message": "Desired error not necessarily achieved due to precision loss.", "x": "[5.02363207 4.21468271 3.33333737 4.41667573 7.3169733  1.75300124]", "nit": "25", "callback": [0.623518014661382, 0.5960380579857774, 0.545143572668951, 0.46860805205442413, 0.44278899157919605, 0.4292166878226622, 0.4062982799759238, 0.38696069764979546, 0.3796170057209838, 0.3657358289601329, 0.3388567686572165, 0.29569557300630245, 0.28089069838707037, 0.2666941731415583, 0.2546031620720286, 0.2485502965529769, 0.24664360119436468, 0.24646111395592307, 0.24644877060192172, 0.24644168376520592, 0.2464360781560715, 0.24643519733540953, 0.246435151262263, 0.24643515041649933, 0.24643515039467956]}, "8": {"maxiter": 500, "gtol": 1e-05, "xrtol": 1e-05, "eps": 1e-05, "duration": 0.04599308967590332, "fun": "0.24643515050961606", "jac": "[ 1.67890146e-06 -2.17496021e-06 -2.14759321e-06  6.30273611e-08\n -3.51574325e-06  1.95310434e-07]", "hess_inv": "[[ 4.48376727  0.37226941 -0.01144469  1.47638356  0.43757022 -0.32257185]\n [ 0.37226941  4.97441498 -0.51383513  1.79029528  1.12066276  1.83751075]\n [-0.01144469 -0.51383513  3.57260556  0.8393401  -0.2446005   0.68385361]\n [ 1.47638356  1.79029528  0.8393401   4.74329803  0.67949099  1.21728892]\n [ 0.43757022  1.12066276 -0.2446005   0.67949099  3.42977327  1.46795806]\n [-0.32257185  1.83751075  0.68385361  1.21728892  1.46795806  4.35710081]]", "nfev": "196", "njev": "28", "status": "0", "success": "True", "message": "Optimization terminated successfully.", "x": "[5.02361857 4.21466344 3.33333304 4.41666213 7.31695914 1.75298765]", "nit": "24", "callback": [0.6235144935135128, 0.5960350086278469, 0.545141924534742, 0.46860791544597435, 0.4427884724324811, 0.429216771892458, 0.40629937228507385, 0.38696160498634635, 0.3796181679172599, 0.36573668442690765, 0.3388540774444644, 0.295688121092872, 0.28088685230927624, 0.26669347282030365, 0.25460580442085634, 0.2485502683974835, 0.24664389822498833, 0.24646120548407247, 0.2464488205167228, 0.24644172787279128, 0.24643606531206086, 0.24643519634160715, 0.24643515125250592, 0.24643515050961606]}, "9": {"maxiter": 500, "gtol": 1e-05, "xrtol": 1e-05, "eps": 1e-10, "duration": 0.04494214057922363, "fun": "0.24643515041649933", "jac": "[ 3.33066880e-06  3.33066880e-06 -1.11022293e-06  4.44089173e-06\n -3.33066880e-06 -1.11022293e-06]", "hess_inv": "[[ 4.47228098  0.36371707 -0.01457406  1.48798635  0.46373949 -0.30537528]\n [ 0.36371707  4.9567652  -0.54816051  1.81276846  1.16945604  1.85214428]\n [-0.01457406 -0.54816051  3.56808794  0.81583417 -0.22385423  0.69286556]\n [ 1.48798635  1.81276846  0.81583417  4.82532165  0.75735413  1.26377057]\n [ 0.46373949  1.16945604 -0.22385423  0.75735413  3.45291725  1.50937158]\n [-0.30537528  1.85214428  0.69286556  1.26377057  1.50937158  4.39916888]]", "nfev": "196", "njev": "28", "status": "0", "success": "True", "message": "Optimization terminated successfully.", "x": "[5.02363825 4.21469159 3.33333981 4.41668819 7.31697049 1.75300421]", "nit": "24", "callback": [0.623518014661382, 0.5960380579857774, 0.545143572668951, 0.46860805205442413, 0.44278899157919605, 0.4292166878226622, 0.4062982799759238, 0.38696069764979546, 0.3796170057209838, 0.3657358289601329, 0.3388567686572165, 0.29569557300630245, 0.28089069838707037, 0.2666941731415583, 0.2546031620720286, 0.2485502965529769, 0.24664360119436468, 0.24646111395592307, 0.24644877060192172, 0.24644168376520592, 0.2464360781560715, 0.24643519733540953, 0.246435151262263, 0.24643515041649933]}, "10": {"maxiter": 500, "gtol": 1e-05, "xrtol": 1e-10, "eps": 1e-05, "duration": 0.04494810104370117, "fun": "0.24643515050961606", "jac": "[ 1.67890146e-06 -2.17496021e-06 -2.14759321e-06  6.30273611e-08\n -3.51574325e-06  1.95310434e-07]", "hess_inv": "[[ 4.48376727  0.37226941 -0.01144469  1.47638356  0.43757022 -0.32257185]\n [ 0.37226941  4.97441498 -0.51383513  1.79029528  1.12066276  1.83751075]\n [-0.01144469 -0.51383513  3.57260556  0.8393401  -0.2446005   0.68385361]\n [ 1.47638356  1.79029528  0.8393401   4.74329803  0.67949099  1.21728892]\n [ 0.43757022  1.12066276 -0.2446005   0.67949099  3.42977327  1.46795806]\n [-0.32257185  1.83751075  0.68385361  1.21728892  1.46795806  4.35710081]]", "nfev": "196", "njev": "28", "status": "0", "success": "True", "message": "Optimization terminated successfully.", "x": "[5.02361857 4.21466344 3.33333304 4.41666213 7.31695914 1.75298765]", "nit": "24", "callback": [0.6235144935135128, 0.5960350086278469, 0.545141924534742, 0.46860791544597435, 0.4427884724324811, 0.429216771892458, 0.40629937228507385, 0.38696160498634635, 0.3796181679172599, 0.36573668442690765, 0.3388540774444644, 0.295688121092872, 0.28088685230927624, 0.26669347282030365, 0.25460580442085634, 0.2485502683974835, 0.24664389822498833, 0.24646120548407247, 0.2464488205167228, 0.24644172787279128, 0.24643606531206086, 0.24643519634160715, 0.24643515125250592, 0.24643515050961606]}, "11": {"maxiter": 500, "gtol": 1e-05, "xrtol": 1e-10, "eps": 1e-10, "duration": 0.04409193992614746, "fun": "0.24643515041649933", "jac": "[ 3.33066880e-06  3.33066880e-06 -1.11022293e-06  4.44089173e-06\n -3.33066880e-06 -1.11022293e-06]", "hess_inv": "[[ 4.47228098  0.36371707 -0.01457406  1.48798635  0.46373949 -0.30537528]\n [ 0.36371707  4.9567652  -0.54816051  1.81276846  1.16945604  1.85214428]\n [-0.01457406 -0.54816051  3.56808794  0.81583417 -0.22385423  0.69286556]\n [ 1.48798635  1.81276846  0.81583417  4.82532165  0.75735413  1.26377057]\n [ 0.46373949  1.16945604 -0.22385423  0.75735413  3.45291725  1.50937158]\n [-0.30537528  1.85214428  0.69286556  1.26377057  1.50937158  4.39916888]]", "nfev": "196", "njev": "28", "status": "0", "success": "True", "message": "Optimization terminated successfully.", "x": "[5.02363825 4.21469159 3.33333981 4.41668819 7.31697049 1.75300421]", "nit": "24", "callback": [0.623518014661382, 0.5960380579857774, 0.545143572668951, 0.46860805205442413, 0.44278899157919605, 0.4292166878226622, 0.4062982799759238, 0.38696069764979546, 0.3796170057209838, 0.3657358289601329, 0.3388567686572165, 0.29569557300630245, 0.28089069838707037, 0.2666941731415583, 0.2546031620720286, 0.2485502965529769, 0.24664360119436468, 0.24646111395592307, 0.24644877060192172, 0.24644168376520592, 0.2464360781560715, 0.24643519733540953, 0.246435151262263, 0.24643515041649933]}, "12": {"maxiter": 500, "gtol": 1e-10, "xrtol": 1e-05, "eps": 1e-05, "duration": 0.04463481903076172, "fun": "0.24643515050961606", "jac": "[ 1.67890146e-06 -2.17496021e-06 -2.14759321e-06  6.30273611e-08\n -3.51574325e-06  1.95310434e-07]", "hess_inv": "[[ 4.48376727  0.37226941 -0.01144469  1.47638356  0.43757022 -0.32257185]\n [ 0.37226941  4.97441498 -0.51383513  1.79029528  1.12066276  1.83751075]\n [-0.01144469 -0.51383513  3.57260556  0.8393401  -0.2446005   0.68385361]\n [ 1.47638356  1.79029528  0.8393401   4.74329803  0.67949099  1.21728892]\n [ 0.43757022  1.12066276 -0.2446005   0.67949099  3.42977327  1.46795806]\n [-0.32257185 