{"date": "2024/10/08/, 14:09:51", "conf_id": 3, "data_type": "random\n", "num_data_points": 1, "s_rank": 0, "unitary": "[[-0.53618537-0.34368723j,-0.12107031-0.46226139j,-0.07699282-0.46603512j,0.36022595-0.11472301j],[0.26026499-0.63450712j,-0.56616638+0.37832564j,-0.14988651+0.08458591j,0.10363514-0.16008501j],[-0.32580188-0.11070003j,-0.36476308-0.23593218j,0.02559343+0.41761608j,-0.25598305+0.6725303j],[0.07406738-0.0126433j,0.28513701+0.19483972j,-0.74939717-0.10299659j,0.29798249+0.46269921j]]", "databatch_0": {"databatch": "[[[0.06318202-0.11875141j,-0.09598484+0.10659092j,0.20844971+0.08357694j,-0.23608642+0.01980526j],[-0.03545851-0.14932089j,-0.00179743+0.16364685j,0.24149981-0.08564091j,-0.18719829+0.19499707j],[-0.01601117-0.27916861j,-0.05538858+0.29299214j,0.46052399-0.07665005j,-0.39797126+0.29013259j],[-0.01037376-0.06809724j,-0.00681803+0.07313637j,0.11117486-0.02943376j,-0.09090355+0.08034647j]]]", "initial param values": "[1.86746737,2.47972898,2.48699073,3.70680924,4.71089408,4.83131214]", "nelder_mead": {"type": "gradient-free", "0": {"maxiter": 100, "fatol": 1e-05, "xatol": 1e-05, "duration": 0.04451894760131836, "fun": "0.0029434387916829063", "nit": "100", "nfev": "163", "status": "2", "success": "False", "message": "Maximum number of iterations has been exceeded.", "x": "[2.15162471 3.56769222 2.92274362 1.58368948 4.29606593 2.79230988]", "final_simplex": "(array([[2.15162471, 3.56769222, 2.92274362, 1.58368948, 4.29606593,\n        2.79230988],\n       [2.14187714, 3.56664635, 2.94123847, 1.55612224, 4.28847289,\n        2.81001651],\n       [2.16007921, 3.57400791, 2.9190934 , 1.55743665, 4.28234018,\n        2.78737143],\n       [2.17242324, 3.60709621, 2.89473964, 1.54739711, 4.27073262,\n        2.75879448],\n       [2.14170107, 3.56057572, 2.923371  , 1.59124149, 4.33237748,\n        2.81940648],\n       [2.16082127, 3.6375758 , 2.89263492, 1.55228552, 4.25357374,\n        2.71532517],\n       [2.15708889, 3.57027745, 2.93713917, 1.55219321, 4.30484787,\n        2.79224223]]), array([0.00294344, 0.00296977, 0.00298731, 0.00306315, 0.00311705,\n       0.0031286 , 0.00321883]))", "callback": [0.8872711242736904, 0.2547252548715546, 0.15808974615471283, 0.03719400265408035, 0.008805159823055853, 0.008805159823055853, 0.005379158130240369, 0.004464361955582752, 0.0037689875900649428, 0.0032188324430210136]}, "1": {"maxiter": 100, "fatol": 1e-05, "xatol": 1e-10, "duration": 0.05360817909240723, "fun": "0.0029434387916829063", "nit": "100", "nfev": "163", "status": "2", "success": "False", "message": "Maximum number of iterations has been exceeded.", "x": "[2.15162471 3.56769222 2.92274362 1.58368948 4.29606593 2.79230988]", "final_simplex": "(array([[2.15162471, 3.56769222, 2.92274362, 1.58368948, 4.29606593,\n        2.79230988],\n       [2.14187714, 3.56664635, 2.94123847, 1.55612224, 4.28847289,\n        2.81001651],\n       [2.16007921, 3.57400791, 2.9190934 , 1.55743665, 4.28234018,\n        2.78737143],\n       [2.17242324, 3.60709621, 2.89473964, 1.54739711, 4.27073262,\n        2.75879448],\n       [2.14170107, 3.56057572, 2.923371  , 1.59124149, 4.33237748,\n        2.81940648],\n       [2.16082127, 3.6375758 , 2.89263492, 1.55228552, 4.25357374,\n        2.71532517],\n       [2.15708889, 3.57027745, 2.93713917, 1.55219321, 4.30484787,\n        2.79224223]]), array([0.00294344, 0.00296977, 0.00298731, 0.00306315, 0.00311705,\n       0.0031286 , 0.00321883]))", "callback": [0.8872711242736904, 0.2547252548715546, 0.15808974615471283, 0.03719400265408035, 0.008805159823055853, 0.008805159823055853, 0.005379158130240369, 0.004464361955582752, 0.0037689875900649428, 0.0032188324430210136]}, "2": {"maxiter": 100, "fatol": 1e-10, "xatol": 1e-05, "duration": 0.0412137508392334, "fun": "0.0029434387916829063", "nit": "100", "nfev": "163", "status": "2", "success": "False", "message": "Maximum number of iterations has been exceeded.", "x": "[2.15162471 3.56769222 2.92274362 1.58368948 4.29606593 2.79230988]", "final_simplex": "(array([[2.15162471, 3.56769222, 2.92274362, 1.58368948, 4.29606593,\n        2.79230988],\n       [2.14187714, 3.56664635, 2.94123847, 1.55612224, 4.28847289,\n        2.81001651],\n       [2.16007921, 3.57400791, 2.9190934 , 1.55743665, 4.28234018,\n        2.78737143],\n       [2.17242324, 3.60709621, 2.89473964, 1.54739711, 4.27073262,\n        2.75879448],\n       [2.14170107, 3.56057572, 2.923371  , 1.59124149, 4.33237748,\n        2.81940648],\n       [2.16082127, 3.6375758 , 2.89263492, 1.55228552, 4.25357374,\n        2.71532517],\n       [2.15708889, 3.57027745, 2.93713917, 1.55219321, 4.30484787,\n        2.79224223]]), array([0.00294344, 0.00296977, 0.00298731, 0.00306315, 0.00311705,\n       0.0031286 , 0.00321883]))", "callback": [0.8872711242736904, 0.2547252548715546, 0.15808974615471283, 0.03719400265408035, 0.008805159823055853, 0.008805159823055853, 0.005379158130240369, 0.004464361955582752, 0.0037689875900649428, 0.0032188324430210136]}, "3": {"maxiter": 100, "fatol": 1e-10, "xatol": 1e-10, "duration": 0.056018829345703125, "fun": "0.0029434387916829063", "nit": "100", "nfev": "163", "status": "2", "success": "False", "message": "Maximum number of iterations has been exceeded.", "x": "[2.15162471 3.56769222 2.92274362 1.58368948 4.29606593 2.79230988]", "final_simplex": "(array([[2.15162471, 3.56769222, 2.92274362, 1.58368948, 4.29606593,\n        2.79230988],\n       [2.14187714, 3.56664635, 2.94123847, 1.55612224, 4.28847289,\n        2.81001651],\n       [2.16007921, 3.57400791, 2.9190934 , 1.55743665, 4.28234018,\n        2.78737143],\n       [2.17242324, 3.60709621, 2.89473964, 1.54739711, 4.27073262,\n        2.75879448],\n       [2.14170107, 3.56057572, 2.923371  , 1.59124149, 4.33237748,\n        2.81940648],\n       [2.16082127, 3.6375758 , 2.89263492, 1.55228552, 4.25357374,\n        2.71532517],\n       [2.15708889, 3.57027745, 2.93713917, 1.55219321, 4.30484787,\n        2.79224223]]), array([0.00294344, 0.00296977, 0.00298731, 0.00306315, 0.00311705,\n       0.0031286 , 0.00321883]))", "callback": [0.8872711242736904, 0.2547252548715546, 0.15808974615471283, 0.03719400265408035, 0.008805159823055853, 0.008805159823055853, 0.005379158130240369, 0.004464361955582752, 0.0037689875900649428, 0.0032188324430210136]}, "4": {"maxiter": 500, "fatol": 1e-05, "xatol": 1e-05, "duration": 0.10017633438110352, "fun": "0.0025549996153814147", "nit": "227", "nfev": "376", "status": "0", "success": "True", "message": "Optimization terminated successfully.", "x": "[2.09123955 3.55815315 2.9372988  1.61931396 4.29190122 2.84896831]", "final_simplex": "(array([[2.09123955, 3.55815315, 2.9372988 , 1.61931396, 4.29190122,\n        2.84896831],\n       [2.0912402 , 3.55815117, 2.93729719, 1.61931185, 4.29190458,\n        2.84897064],\n       [2.09123661, 3.55815162, 2.93729728, 1.61931516, 4.29190404,\n        2.84897229],\n       [2.09123807, 3.55815203, 2.93730044, 1.61931274, 4.29190479,\n        2.84896934],\n       [2.0912426 , 3.55815316, 2.93729432, 1.61931328, 4.2919052 ,\n        2.84896633],\n       [2.0912437 , 3.5581582 , 2.93729684, 1.6193102 , 4.2918977 ,\n        2.84895915],\n       [2.09124275, 3.55815992, 2.93729583, 1.61930866, 4.29189832,\n        2.84896403]]), array([0.002555, 0.002555, 0.002555, 0.002555, 0.002555, 0.002555,\n       0.002555]))", "callback": [0.8872711242736904, 0.2547252548715546, 0.15808974615471283, 0.03719400265408035, 0.008805159823055853, 0.008805159823055853, 0.005379158130240369, 0.004464361955582752, 0.0037689875900649428, 0.0032188324430210136, 0.002860310343533845, 0.002665660863000796, 0.0026042257216737363, 0.0025566487825208206, 0.0025566487825208206, 0.0025557847828048263, 0.002555124774145212, 0.0025550213074643224, 0.002555001419291436, 0.0025550005492278594, 0.0025549997573771632, 0.002554999649951095, 0.002554999616796949]}, "5": {"maxiter": 500, "fatol": 1e-05, "xatol": 1e-10, "duration": 0.17276501655578613, "fun": "0.002554999614386988", "nit": "317", "nfev": "584", "status": "0", "success": "True", "message": "Optimization terminated successfully.", "x": "[2.09123947 3.55815199 2.93729751 1.61931399 4.29190381 2.84896882]", "final_simplex": "(array([[2.09123947, 3.55815199, 2.93729751, 1.61931399, 4.29190381,\n        2.84896882],\n       [2.09123947, 3.55815199, 2.93729751, 1.61931399, 4.29190381,\n        2.84896882],\n       [2.09123947, 3.55815199, 2.93729751, 1.61931399, 4.29190381,\n        2.84896882],\n       [2.09123947, 3.55815199, 2.93729751, 1.61931399, 4.29190381,\n        2.84896882],\n       [2.09123947, 3.558152  , 2.93729751, 1.61931399, 4.29190381,\n        2.84896882],\n       [2.09123947, 3.55815199, 2.93729751, 1.61931399, 4.29190381,\n        2.84896882],\n       [2.09123947, 3.55815199, 2.93729751, 1.61931399, 4.29190381,\n        2.84896882]]), array([0.002555, 0.002555, 0.002555, 0.002555, 0.002555, 0.002555,\n       0.002555]))", "callback": [0.8872711242736904, 0.2547252548715546, 0.15808974615471283, 0.03719400265408035, 0.008805159823055853, 0.008805159823055853, 0.005379158130240369, 0.004464361955582752, 0.0037689875900649428, 0.0032188324430210136, 0.002860310343533845, 0.002665660863000796, 0.0026042257216737363, 0.0025566487825208206, 0.0025566487825208206, 0.0025557847828048263, 0.002555124774145212, 0.0025550213074643224, 0.002555001419291436, 0.0025550005492278594, 0.0025549997573771632, 0.002554999649951095, 0.002554999616796949, 0.0025549996148116483, 0.002554999614466813, 0.0025549996144006437, 0.0025549996143889864, 0.002554999614387765, 0.002554999614387432, 0.002554999614387099, 0.002554999614387099, 0.002554999614386988]}, "6": {"maxiter": 500, "fatol": 1e-10, "xatol": 1e-05, "duration": 0.10638689994812012, "fun": "0.0025549996153814147", "nit": "227", "nfev": "376", "status": "0", "success": "True", "message": "Optimization terminated successfully.", "x": "[2.09123955 3.55815315 2.9372988  1.61931396 4.29190122 2.84896831]", "final_simplex": "(array([[2.09123955, 3.55815315, 2.9372988 , 1.61931396, 4.29190122,\n        2.84896831],\n       [2.0912402 , 3.55815117, 2.93729719, 1.61931185, 4.29190458,\n        2.84897064],\n       [2.09123661, 3.55815162, 2.93729728, 1.61931516, 4.29190404,\n        2.84897229],\n       [2.09123807, 3.55815203, 2.93730044, 1.61931274, 4.29190479,\n        2.84896934],\n       [2.0912426 , 3.55815316, 2.93729432, 1.61931328, 4.2919052 ,\n        2.84896633],\n       [2.0912437 , 3.5581582 , 2.93729684, 1.6193102 , 4.2918977 ,\n        2.84895915],\n       [2.09124275, 3.55815992, 2.93729583, 1.61930866, 4.29189832,\n        2.84896403]]), array([0.002555, 0.002555, 0.002555, 0.002555, 0.002555, 0.002555,\n       0.002555]))", "callback": [0.8872711242736904, 0.2547252548715546, 0.15808974615471283, 0.03719400265408035, 0.008805159823055853, 0.008805159823055853, 0.005379158130240369, 0.004464361955582752, 0.0037689875900649428, 0.0032188324430210136, 0.002860310343533845, 0.002665660863000796, 0.0026042257216737363, 0.0025566487825208206, 0.0025566487825208206, 0.0025557847828048263, 0.002555124774145212, 0.0025550213074643224, 0.002555001419291436, 0.0025550005492278594, 0.0025549997573771632, 0.002554999649951095, 0.002554999616796949]}, "7": {"maxiter": 500, "fatol": 1e-10, "xatol": 1e-10, "duration": 0.16952109336853027, "fun": "0.002554999614386988", "nit": "317", "nfev": "584", "status": "0", "success": "True", "message": "Optimization terminated successfully.", "x": "[2.09123947 3.55815199 2.93729751 1.61931399 4.29190381 2.84896882]", "final_simplex": "(array([[2.09123947, 3.55815199, 2.93729751, 1.61931399, 4.29190381,\n        2.84896882],\n       [2.09123947, 3.55815199, 2.93729751, 1.61931399, 4.29190381,\n        2.84896882],\n       [2.09123947, 3.55815199, 2.93729751, 1.61931399, 4.29190381,\n        2.84896882],\n       [2.09123947, 3.55815199, 2.93729751, 1.61931399, 4.29190381,\n        2.84896882],\n       [2.09123947, 3.558152  , 2.93729751, 1.61931399, 4.29190381,\n        2.84896882],\n       [2.09123947, 3.55815199, 2.93729751, 1.61931399, 4.29190381,\n        2.84896882],\n       [2.09123947, 3.55815199, 2.93729751, 1.61931399, 4.29190381,\n        2.84896882]]), array([0.002555, 0.002555, 0.002555, 0.002555, 0.002555, 0.002555,\n       0.002555]))", "callback": [0.8872711242736904, 0.2547252548715546, 0.15808974615471283, 0.03719400265408035, 0.008805159823055853, 0.008805159823055853, 0.005379158130240369, 0.004464361955582752, 0.0037689875900649428, 0.0032188324430210136, 0.002860310343533845, 0.002665660863000796, 0.0026042257216737363, 0.0025566487825208206, 0.0025566487825208206, 0.0025557847828048263, 0.002555124774145212, 0.0025550213074643224, 0.002555001419291436, 0.0025550005492278594, 0.0025549997573771632, 0.002554999649951095, 0.002554999616796949, 0.0025549996148116483, 0.002554999614466813, 0.0025549996144006437, 0.0025549996143889864, 0.002554999614387765, 0.002554999614387432, 0.002554999614387099, 0.002554999614387099, 0.002554999614386988]}, "8": {"maxiter": 1000, "fatol": 1e-05, "xatol": 1e-05, "duration": 0.11408782005310059, "fun": "0.0025549996153814147", "nit": "227", "nfev": "376", "status": "0", "success": "True", "message": "Optimization terminated successfully.", "x": "[2.09123955 3.55815315 2.9372988  1.61931396 4.29190122 2.84896831]", "final_simplex": "(array([[2.09123955, 3.55815315, 2.9372988 , 1.61931396, 4.29190122,\n        2.84896831],\n       [2.0912402 , 3.55815117, 2.93729719, 1.61931185, 4.29190458,\n        2.84897064],\n       [2.09123661, 3.55815162, 2.93729728, 1.61931516, 4.29190404,\n        2.84897229],\n       [2.09123807, 3.55815203, 2.93730044, 1.61931274, 4.29190479,\n        2.84896934],\n       [2.0912426 , 3.55815316, 2.93729432, 1.61931328, 4.2919052 ,\n        2.84896633],\n       [2.0912437 , 3.5581582 , 2.93729684, 1.6193102 , 4.2918977 ,\n        2.84895915],\n       [2.09124275, 3.55815992, 2.93729583, 1.61930866, 4.29189832,\n        2.84896403]]), array([0.002555, 0.002555, 0.002555, 0.002555, 0.002555, 0.002555,\n       0.002555]))", "callback": [0.8872711242736904, 0.2547252548715546, 0.15808974615471283, 0.03719400265408035, 0.008805159823055853, 0.008805159823055853, 0.005379158130240369, 0.004464361955582752, 0.0037689875900649428, 0.0032188324430210136, 0.002860310343533845, 0.002665660863000796, 0.0026042257216737363, 0.0025566487825208206, 0.0025566487825208206, 0.0025557847828048263, 0.002555124774145212, 0.0025550213074643224, 0.002555001419291436, 0.0025550005492278594, 0.0025549997573771632, 0.002554999649951095, 0.002554999616796949]}, "9": {"maxiter": 1000, "fatol": 1e-05, "xatol": 1e-10, "duration": 0.1818697452545166, "fun": "0.002554999614386988", "nit": "317", "nfev": "584", "status": "0", "success": "True", "message": "Optimization terminated successfully.", "x": "[2.09123947 3.55815199 2.93729751 1.61931399 4.29190381 2.84896882]", "final_simplex": "(array([[2.09123947, 3.55815199, 2.93729751, 1.61931399, 4.29190381,\n        2.84896882],\n       [2.09123947, 3.55815199, 2.93729751, 1.61931399, 4.29190381,\n        2.84896882],\n       [2.09123947, 3.55815199, 2.93729751, 1.61931399, 4.29190381,\n        2.84896882],\n       [2.09123947, 3.55815199, 2.93729751, 1.61931399, 4.29190381,\n        2.84896882],\n       [2.09123947, 3.558152  , 2.93729751, 1.61931399, 4.29190381,\n        2.84896882],\n       [2.09123947, 3.55815199, 2.93729751, 1.61931399, 4.29190381,\n        2.84896882],\n       [2.09123947, 3.55815199, 2.93729751, 1.61931399, 4.29190381,\n        2.84896882]]), array([0.002555, 0.002555, 0.002555, 0.002555, 0.002555, 0.002555,\n       0.002555]))", "callback": [0.8872711242736904, 0.2547252548715546, 0.15808974615471283, 0.03719400265408035, 0.008805159823055853, 0.008805159823055853, 0.005379158130240369, 0.004464361955582752, 0.0037689875900649428, 0.0032188324430210136, 0.002860310343533845, 0.002665660863000796, 0.0026042257216737363, 0.0025566487825208206, 0.0025566487825208206, 0.0025557847828048263, 0.002555124774145212, 0.0025550213074643224, 0.002555001419291436, 0.0025550005492278594, 0.0025549997573771632, 0.002554999649951095, 0.002554999616796949, 0.0025549996148116483, 0.002554999614466813, 0.0025549996144006437, 0.0025549996143889864, 0.002554999614387765, 0.002554999614387432, 0.002554999614387099, 0.002554999614387099, 0.002554999614386988]}, "10": {"maxiter": 1000, "fatol": 1e-10, "xatol": 1e-05, "duration": 0.10376286506652832, "fun": "0.0025549996153814147", "nit": "227", "nfev": "376", "status": "0", "success": "True", "message": "Optimization terminated successfully.", "x": "[2.09123955 3.55815315 2.9372988  1.61931396 4.29190122 2.84896831]", "final_simplex": "(array([[2.09123955, 3.55815315, 2.9372988 , 1.61931396, 4.29190122,\n        2.84896831],\n       [2.0912402 , 3.55815117, 2.93729719, 1.61931185, 4.29190458,\n        2.84897064],\n       [2.09123661, 3.55815162, 2.93729728, 1.61931516, 4.29190404,\n        2.84897229],\n       [2.09123807, 3.55815203, 2.93730044, 1.61931274, 4.29190479,\n        2.84896934],\n       [2.0912426 , 3.55815316, 2.93729432, 1.61931328, 4.2919052 ,\n        2.84896633],\n       [2.0912437 , 3.5581582 , 2.93729684, 1.6193102 , 4.2918977 ,\n        2.84895915],\n       [2.09124275, 3.55815992, 2.93729583, 1.61930866, 4.29189832,\n        2.84896403]]), array([0.002555, 0.002555, 0.002555, 0.002555, 0.002555, 0.002555,\n       0.002555]))", "callback": [0.8872711242736904, 0.2547252548715546, 0.15808974615471283, 0.03719400265408035, 0.008805159823055853, 0.008805159823055853, 0.005379158130240369, 0.004464361955582752, 0.0037689875900649428, 0.0032188324430210136, 0.002860310343533845, 0.002665660863000796, 0.0026042257216737363, 0.0025566487825208206, 0.0025566487825208206, 0.0025557847828048263, 0.002555124774145212, 0.0025550213074643224, 0.002555001419291436, 0.0025550005492278594, 0.0025549997573771632, 0.002554999649951095, 0.002554999616796949]}, "11": {"maxiter": 1000, "fatol": 1e-10, "xatol": 1e-10, "duration": 0.16227197647094727, "fun": "0.002554999614386988", "nit": "317", "nfev": "584", "status": "0", "success": "True", "message": "Optimization terminated successfully.", "x": "[2.09123947 3.55815199 2.93729751 1.61931399 4.29190381 2.84896882]", "final_simplex": "(array([[2.09123947, 3.55815199, 2.93729751, 1.61931399, 4.29190381,\n        2.84896882],\n       [2.09123947, 3.55815199, 2.93729751, 1.61931399, 4.29190381,\n        2.84896882],\n       [2.09123947, 3.55815199, 2.93729751, 1.61931399, 4.29190381,\n        2.84896882],\n       [2.09123947, 3.55815199, 2.93729751, 1.61931399, 4.29190381,\n        2.84896882],\n       [2.09123947, 3.558152  , 2.93729751, 1.61931399, 4.29190381,\n        2.84896882],\n       [2.09123947, 3.55815199, 2.93729751, 1.61931399, 4.29190381,\n        2.84896882],\n       [2.09123947, 3.55815199, 2.93729751, 1.61931399, 4.29190381,\n        2.84896882]]), array([0.002555, 0.002555, 0.002555, 0.002555, 0.002555, 0.002555,\n       0.002555]))", "callback": [0.8872711242736904, 0.2547252548715546, 0.15808974615471283, 0.03719400265408035, 0.008805159823055853, 0.008805159823055853, 0.005379158130240369, 0.004464361955582752, 0.0037689875900649428, 0.0032188324430210136, 0.002860310343533845, 0.002665660863000796, 0.0026042257216737363, 0.0025566487825208206, 0.0025566487825208206, 0.0025557847828048263, 0.002555124774145212, 0.0025550213074643224, 0.002555001419291436, 0.0025550005492278594, 0.0025549997573771632, 0.002554999649951095, 0.002554999616796949, 0.0025549996148116483, 0.002554999614466813, 0.0025549996144006437, 0.0025549996143889864, 0.002554999614387765, 0.002554999614387432, 0.002554999614387099, 0.002554999614387099, 0.002554999614386988]}}, "bfgs": {"type": "gradient", "0": {"maxiter": 100, "gtol": 1e-05, "xrtol": 1e-05, "eps": 1e-05, "duration": 0.04300117492675781, "fun": "0.0025549996733150726", "jac": "[-7.13040738e-07 -2.50636178e-06 -1.91098248e-06  5.77426995e-07\n -4.28534985e-07  5.43531886e-07]", "hess_inv": "[[ 2.92709464 -0.52547993  0.22894111 -1.80543433  0.02181564 -0.16648777]\n [-0.52547993  2.56784768 -0.29831613  0.83324709  0.21637547  1.19094529]\n [ 0.22894111 -0.29831613  3.28886087 -0.64436718 -1.6991968   0.38282306]\n [-1.80543433  0.83324709 -0.64436718  3.41878681  0.27803627  0.38816349]\n [ 0.02181564  0.21637547 -1.6991968   0.27803627  2.38054971 -0.3185943 ]\n [-0.16648777  1.19094529  0.38282306  0.38816349 -0.3185943   2.09713512]]", "nfev": "147", "njev": "21", "status": "0", "success": "True", "message": "Optimization terminated successfully.", "x": "[1.5232679  2.51910588 3.23727497 1.80338809 5.19607821 3.8949878 ]", "nit": "17", "callback": [0.2777777617569467, 0.23970511532620042, 0.1719782447127013, 0.08152011761833022, 0.05909044164462318, 0.03636666406655231, 0.008262416384210325, 0.003996843221462765, 0.003195020248839553, 0.0026876098910213475, 0.002569213434504114, 0.0025560164876637925, 0.002555351537083861, 0.002555164790865927, 0.0025550190324213906, 0.0025550009740125113, 0.0025549996733150726]}, "1": {"maxiter": 100, "gtol": 1e-05, "xrtol": 1e-05, "eps": 1e-10, "duration": 0.04170703887939453, "fun": "0.0025549997137110925", "jac": "[-1.11022293e-06 -2.22044587e-06 -4.44089173e-06  6.66133760e-06\n -3.33066880e-06  2.22044587e-06]", "hess_inv": "[[ 2.83444204 -0.48147622  0.23242959 -1.68796409 -0.01592592 -0.07979274]\n [-0.48147622  2.48350338 -0.33012104  0.74237381  0.27768874  1.06960068]\n [ 0.23242959 -0.33012104  3.31453532 -0.68690858 -1.76664498  0.36643739]\n [-1.68796409  0.74237381 -0.68690858  3.26520319  0.39488415  0.22223223]\n [-0.01592592  0.27768874 -1.76664498  0.39488415  2.49841826 -0.27620834]\n [-0.07979274  1.06960068  0.36643739  0.22223223 -0.27620834  1.9289176 ]]", "nfev": "147", "njev": "21", "status": "0", "success": "True", "message": "Optimization terminated successfully.", "x": "[1.52325599 2.51909685 3.23728638 1.80340192 5.19610277 3.89502877]", "nit": "17", "callback": [0.27777655150950786, 0.23970325789748292, 0.1719752961325952, 0.08151628433223301, 0.059088340640856885, 0.03636208320772305, 0.008260111862139485, 0.003997059731038366, 0.0031949548387664173, 0.0026878597691879502, 0.002569214379384288, 0.002556033799210544, 0.0025553582151024434, 0.00255516688899049, 0.0025550218339562836, 0.0025550010468975426, 0.0025549997137110925]}, "2": {"maxiter": 100, "gtol": 1e-05, "xrtol": 1e-10, "eps": 1e-05, "duration": 0.03963422775268555, "fun": "0.0025549996733150726", "jac": "[-7.13040738e-07 -2.50636178e-06 -1.91098248e-06  5.77426995e-07\n -4.28534985e-07  5.43531886e-07]", "hess_inv": "[[ 2.92709464 -0.52547993  0.22894111 -1.80543433  0.02181564 -0.16648777]\n [-0.52547993  2.56784768 -0.29831613  0.83324709  0.21637547  1.19094529]\n [ 0.22894111 -0.29831613  3.28886087 -0.64436718 -1.6991968   0.38282306]\n [-1.80543433  0.83324709 -0.64436718  3.41878681  0.27803627  0.38816349]\n [ 0.02181564  0.21637547 -1.6991968   0.27803627  2.38054971 -0.3185943 ]\n [-0.16648777  1.19094529  0.38282306  0.38816349 -0.3185943   2.09713512]]", "nfev": "147", "njev": "21", "status": "0", "success": "True", "message": "Optimization terminated successfully.", "x": "[1.5232679  2.51910588 3.23727497 1.80338809 5.19607821 3.8949878 ]", "nit": "17", "callback": [0.2777777617569467, 0.23970511532620042, 0.1719782447127013, 0.08152011761833022, 0.05909044164462318, 0.03636666406655231, 0.008262416384210325, 0.003996843221462765, 0.003195020248839553, 0.0026876098910213475, 0.002569213434504114, 0.0025560164876637925, 0.002555351537083861, 0.002555164790865927, 0.0025550190324213906, 0.0025550009740125113, 0.0025549996733150726]}, "3": {"maxiter": 100, "gtol": 1e-05, "xrtol": 1e-10, "eps": 1e-10, "duration": 0.04326987266540527, "fun": "0.0025549997137110925", "jac": "[-1.11022293e-06 -2.22044587e-06 -4.44089173e-06  6.66133760e-06\n -3.33066880e-06  2.22044587e-06]", "hess_inv": "[[ 2.83444204 -0.48147622  0.23242959 -1.68796409 -0.01592592 -0.07979274]\n [-0.48147622  2.48350338 -0.33012104  0.74237381  0.27768874  1.06960068]\n [ 0.23242959 -0.33012104  3.31453532 -0.68690858 -1.76664498  0.36643739]\n [-1.68796409  0.74237381 -0.68690858  3.26520319  0.39488415  0.22223223]\n [-0.01592592  0.27768874 -1.76664498  0.39488415  2.49841826 -0.27620834]\n [-0.07979274  1.06960068  0.36643739  0.22223223 -0.27620834  1.9289176 ]]", "nfev": "147", "njev": "21", "status": "0", "success": "True", "message": "Optimization terminated successfully.", "x": "[1.52325599 2.51909685 3.23728638 1.80340192 5.19610277 3.89502877]", "nit": "17", "callback": [0.27777655150950786, 0.23970325789748292, 0.1719752961325952, 0.08151628433223301, 0.059088340640856885, 0.03636208320772305, 0.008260111862139485, 0.003997059731038366, 0.0031949548387664173, 0.0026878597691879502, 0.002569214379384288, 0.002556033799210544, 0.0025553582151024434, 0.00255516688899049, 0.0025550218339562836, 0.0025550010468975426, 0.0025549997137110925]}, "4": {"maxiter": 100, "gtol": 1e-10, "xrtol": 1e-05, "eps": 1e-05, "duration": 0.04569506645202637, "fun": "0.0025549996733150726", "jac": "[-7.13040738e-07 -2.50636178e-06 -1.91098248e-06  5.77426995e-07\n -4.28534985e-07  5.43531886e-07]", "hess_inv": "[[ 2.92709464 -0.52547993  0.22894111 -1.80543433  0.02181564 -0.16648777]\n [-0.52547993  2.56784768 -0.29831613  0.83324709  0.21637547  1.19094529]\n [ 0.22894111 -0.29831613  3.28886087 -0.64436718 -1.6991968   0.38282306]\n [-1.80543433  0.83324709 -0.64436718  3.41878681  0.27803627  0.38816349]\n [ 0.02181564  0.21637547 -1.6991968   0.27803627  2.38054971 -0.3185943 ]\n [-0.16648777  1.19094529  0.38282306  0.38816349 -0.3185943   2.09713512]]", "nfev": "147", "njev": "21", "status": "0", "success": "True", "message": "Optimization terminated successfully.", "x": "[1.5232679  2.51910588 3.23727497 1.80338809 5.19607821 3.8949878 ]", "nit": "17", "callback": [0.2777777617569467, 0.23970511532620042, 0.1719782447127013, 0.08152011761833022, 0.05909044164462318, 0.03636666406655231, 0.008262416384210325, 0.003996843221462765, 0.003195020248839553, 0.0026876098910213475, 0.002569213434504114, 0.0025560164876637925, 0.002555351537083861, 0.002555164790865927, 0.0025550190324213906, 0.0025550009740125113, 0.0025549996733150726]}, "5": {"maxiter": 100, "gtol": 1e-10, "xrtol": 1e-05, "eps": 1e-10, "duration": 0.040174007415771484, "fun": "0.0025549996509334205", "jac": "[ 1.11022293e-06 -1.11022293e-06 -3.33066880e-06 -3.33066880e-06\n  0.00000000e+00 -1.11022293e-06]", "hess_inv": "[[ 3.04242614 -0.2073153   0.29706994 -1.77674469  0.25055452  0.02604486]\n [-0.2073153   2.40349241 -0.09173689  0.26314375  0.23726235  1.00540966]\n [ 0.29706994 -0.09173689  3.28146991 -0.58881008 -1.54789785  0.47002062]\n [-1.77674469  0.26314375 -0.58881008  3.00589114 -0.04027811  0.00990175]\n [ 0.25055452  0.23726235 -1.54789785 -0.04027811  2.49226211 -0.32136759]\n [ 0.02604486  1.00540966  0.47002062  0.00990175 -0.32136759  1.88876796]]", "nfev": "154", "njev": "22", "status": "0", "success": "True", "message": "Optimization terminated successfully.", "x": "[1.52327284 2.51909835 3.2372988  1.80337774 5.19610598 3.89502778]", "nit": "18", "callback": [0.27777655150950786, 0.23970325789748292, 0.1719752961325952, 0.08151628433223301, 0.059088340640856885, 0.03636208320772305, 0.008260111862139485, 0.003997059731038366, 0.0031949548387664173, 0.0026878597691879502, 0.002569214379384288, 0.002556033799210544, 0.0025553582151024434, 0.00255516688899049, 0.0025550218339562836, 0.0025550010468975426, 0.0025549997137110925, 0.0025549996509334205]}, "6": {"maxiter": 100, "gtol": 1e-10, "xrtol": 1e-10, "eps": 1e-05, "duration": 0.11730837821960449, "fun": "0.0025549996231513106", "jac": "[3.60389496e-07 1.35107481e-06 7.97462096e-07 3.45923290e-07\n 3.23030491e-07 2.76372258e-06]", "hess_inv": "[[ 12.99121264  33.86604928 -13.70118954   7.60698726 -26.50790287\n  -25.95332268]\n [ 33.86604928 118.13765492 -48.17709388  32.29527909 -89.93641213\n  -88.29717499]\n [-13.70118954 -48.17709388  22.4381806  -13.72433496  35.32895418\n   36.00372619]\n [  7.60698726  32.29527909 -13.72433496  11.94603856 -24.44897565\n  -24.26289651]\n [-26.50790287 -89.93641213  35.32895418 -24.44897565  72.12714249\n   68.16318795]\n [-25.95332268 -88.29717499  36.00372619 -24.26289651  68.16318795\n   67.44390291]]", "nfev": "411", "njev": "57", "status": "2", "success": "False", "message": "Desired error not necessarily achieved due to precision loss.", "x": "[1.52328053 2.51914907 3.23726875 1.80339559 5.19604942 3.89496887]", "nit": "22", "callback": [0.2777777617569467, 0.23970511532620042, 0.1719782447127013, 0.08152011761833022, 0.05909044164462318, 0.03636666406655231, 0.008262416384210325, 0.003996843221462765, 0.003195020248839553, 0.0026876098910213475, 0.002569213434504114, 0.0025560164876637925, 0.002555351537083861, 0.002555164790865927, 0.0025550190324213906, 0.0025550009740125113, 0.0025549996733150726, 0.002554999640089317, 0.0025549996365381578, 0.002554999629325372, 0.0025549996240921136, 0.0025549996231513106]}, "7": {"maxiter": 100, "gtol": 1e-10, "xrtol": 1e-10, "eps": 1e-10, "duration": 0.13122081756591797, "fun": "0.002554999624068355", "jac": "[2.22044587e-06 4.44089173e-06 5.55111466e-06 4.44089173e-06\n 4.44089173e-06 2.22044587e-06]", "hess_inv": "[[ 0.16182711  0.05658079 -0.1194699  -0.15468848  0.14011141  0.19658823]\n [ 0.05658079  2.76058962 -1.39521391  0.14178385  0.24683719 -0.35877382]\n [-0.1194699  -1.39521391  0.85229856  0.01120147 -0.17307025 -0.14747305]\n [-0.15468848  0.14178385  0.01120147  0.25604848 -0.19133943 -0.22858232]\n [ 0.14011141  0.24683719 -0.17307025 -0.19133943  0.19709801  0.09323359]\n [ 0.19658823 -0.35877382 -0.14747305 -0.22858232  0.09323359  0.78956783]]", "nfev": "399", "njev": "57", "status": "0", "success": "True", "message": "Optimization terminated successfully.", "x": "[1.52326397 2.51909327 3.23730569 1.80338401 5.19609942 3.89502672]", "nit": "27", "callback": [0.27777655150950786, 0.23970325789748292, 0.1719752961325952, 0.08151628433223301, 0.059088340640856885, 0.03636208320772305, 0.008260111862139485, 0.003997059731038366, 0.0031949548387664173, 0.0026878597691879502, 0.002569214379384288, 0.002556033799210544, 0.0025553582151024434, 0.00255516688899049, 0.0025550218339562836, 0.0025550010468975426, 0.0025549997137110925, 0.0025549996509334205, 0.0025549996509225403, 0.0025549996508140715, 0.0025549996281480913, 0.0025549996270781694, 0.002554999626891208, 0.0025549996241951423, 0.002554999624069021, 0.002554999624068799, 0.002554999624068355]}, "8": {"maxiter": 500, "gtol": 1e-05, "xrtol": 1e-05, "eps": 1e-05, "duration": 0.049402713775634766, "fun": "0.0025549996733150726", "jac": "[-7.13040738e-07 -2.50636178e-06 -1.91098248e-06  5.77426995e-07\n -4.28534985e-07  5.43531886e-07]", "hess_inv": "[[ 2.92709464 -0.52547993  0.22894111 -1.80543433  0.02181564 -0.16648777]\n [-0.52547993  2.56784768 -0.29831613  0.83324709  0.21637547  1.19094529]\n [ 0.22894111 -0.29831613  3.28886087 -0.64436718 -1.6991968   0.38282306]\n [-1.80543433  0.83324709 -0.64436718  3.41878681  0.27803627  0.38816349]\n [ 0.02181564  0.21637547 -1.6991968   0.27803627  2.38054971 -0.3185943 ]\n [-0.16648777  1.19094529  0.38282306  0.38816349 -0.3185943   2.09713512]]", "nfev": "147", "njev": "21", "status": "0", "success": "True", "message": "Optimization terminated successfully.", "x": "[1.5232679  2.51910588 3.23727497 1.80338809 5.19607821 3.8949878 ]", "nit": "17", "callback": [0.2777777617569467, 0.23970511532620042, 0.1719782447127013, 0.08152011761833022, 0.05909044164462318, 0.03636666406655231, 0.008262416384210325, 0.003996843221462765, 0.003195020248839553, 0.0026876098910213475, 0.002569213434504114, 0.0025560164876637925, 0.002555351537083861, 0.002555164790865927, 0.0025550190324213906, 0.0025550009740125113, 0.0025549996733150726]}, "9": {"maxiter": 500, "gtol": 1e-05, "xrtol": 1e-05, "eps": 1e-10, "duration": 0.03614306449890137, "fun": "0.0025549997137110925", "jac": "[-1.11022293e-06 -2.22044587e-06 -4.44089173e-06  6.66133760e-06\n -3.33066880e-06  2.22044587e-06]", "hess_inv": "[[ 2.83444204 -0.48147622  0.23242959 -1.68796409 -0.01592592 -0.07979274]\n [-0.48147622  2.48350338 -0.33012104  0.74237381  0.27768874  1.06960068]\n [ 0.23242959 -0.33012104  3.31453532 -0.68690858 -1.76664498  0.36643739]\n [-1.68796409  0.74237381 -0.68690858  3.26520319  0.39488415  0.22223223]\n [-0.01592592  0.27768874 -1.76664498  0.39488415  2.49841826 -0.27620834]\n [-0.07979274  1.06960068  0.36643739  0.22223223 -0.27620834  1.9289176 ]]", "nfev": "147", "njev": "21", "status": "0", "success": "True", "message": "Optimization terminated successfully.", "x": "[1.52325599 2.51909685 3.23728638 1.80340192 5.19610277 3.89502877]", "nit": "17", "callback": [0.27777655150950786, 0.23970325789748292, 0.1719752961325952, 0.08151628433223301, 0.059088340640856885, 0.03636208320772305, 0.008260111862139485, 0.003997059731038366, 0.0031949548387664173, 0.0026878597691879502, 0.002569214379384288, 0.002556033799210544, 0.0025553582151024434, 0.00255516688899049, 0.0025550218339562836, 0.0025550010468975426, 0.0025549997137110925]}, "10": {"maxiter": 500, "gtol": 1e-05, "xrtol": 1e-10, "eps": 1e-05, "duration": 0.03555798530578613, "fun": "0.0025549996733150726", "jac": "[-7.13040738e-07 -2.50636178e-06 -1.91098248e-06  5.77426995e-07\n -4.28534985e-07  5.43531886e-07]", "hess_inv": "[[ 2.92709464 -0.52547993  0.22894111 -1.80543433  0.02181564 -0.16648777]\n [-0.52547993  2.56784768 -0.29831613  0.83324709  0.21637547  1.19094529]\n [ 0.22894111 -0.29831613  3.28886087 -0.64436718 -1.6991968   0.38282306]\n [-1.80543433  0.83324709 -0.64436718  3.41878681  0.27803627  0.38816349]\n [ 0.02181564  0.21637547 -1.6991968   0.27803627  2.38054971 -0.3185943 ]\n [-0.16648777  1.19094529  0.38282306  0.38816349 -0.3185943   2.09713512]]", "nfev": "147", "njev": "21", "status": "0", "success": "True", "message": "Optimization terminated successfully.", "x": "[1.5232679  2.51910588 3.23727497 1.80338809 5.19607821 3.8949878 ]", "nit": "17", "callback": [0.2777777617569467, 0.23970511532620042, 0.1719782447127013, 0.08152011761833022, 0.05909044164462318, 0.03636666406655231, 0.008262416384210325, 0.003996843221462765, 0.003195020248839553, 0.0026876098910213475, 0.002569213434504114, 0.0025560164876637925, 0.002555351537083861, 0.002555164790865927, 0.0025550190324213906, 0.0025550009740125113, 0.0025549996733150726]}, "11": {"maxiter": 500, "gtol": 1e-05, "xrtol": 1e-10, "eps": 1e-10, "duration": 0.04555201530456543, "fun": "0.0025549997137110925", "jac": "[-1.11022293e-06 -2.22044587e-06 -4.44089173e-06  6.66133760e-06\n -3.33066880e-06  2.22044587e-06]", "hess_inv": "[[ 2.83444204 -0.48147622  0.23242959 -1.68796409 -0.01592592 -0.07979274]\n [-0.48147622  2.48350338 -0.33012104  0.74237381  0.27768874  1.06960068]\n [ 0.23242959 -0.33012104  3.31453532 -0.68690858 -1.76664498  0.36643739]\n [-1.68796409  0.74237381 -0.68690858  3.26520319  0.39488415  0.22223223]\n [-0.01592592  0.27768874 -1.76664498  0.39488415  2.49841826 -0.27620834]\n [-0.07979274  1.06960068  0.36643739  0.22223223 -0.27620834  1.9289176 ]]", "nfev": "147", "njev": "21", "status": "0", "success": "True", "message": "Optimization terminated successfully.", "x": "[1.52325599 2.51909685 3.23728638 1.80340192 5.19610277 3.89502877]", "nit": "17", "callback": [0.27777655150950786, 0.23970325789748292, 0.1719752961325952, 0.08151628433223301, 0.059088340640856885, 0.03636208320772305, 0.008260111862139485, 0.003997059731038366, 0.0031949548387664173, 0.0026878597691879502, 0.002569214379384288, 0.002556033799210544, 0.0025553582151024434, 0.00255516688899049, 0.0025550218339562836, 0.0025550010468975426, 0.0025549997137110925]}, "12": {"maxiter": 500, "gtol": 1e-10, "xrtol": 1e-05, "eps": 1e-05, "duration": 0.04445004463195801, "fun": "0.0025549996733150726", "jac": "[-7.13040738e-07 -2.50636178e-06 -1.91098248e-06  5.77426995e-07\n -4.28534985e-07  5.43531886e-07]", "hess_inv": "[[ 2.92709464 -0.52547993  0.22894111 -1.80543433  0.02181564 -0.16648777]\n [-0.52547993  2.56784768 -0.29831613  0.83324709  0.21637547  1.19094529]\n [ 0.22894111 -0.29831613  3.28886087 -0.64436718 -1.6991968   0.38282306]\n [-1.80543433  0.83324709 -0.64436718  3.41878681  0.27803627  0.38816349]\n [ 0.02181564  0.21637547 -1.6991968   0.27803627  2.38054971 -0.3185943 ]\n [-0.16648777  1.19094529  0.38282306  0.38816349 -0.3185943   2.09713512]]", "nfev": "147", "njev": "21", "status": "0", "success": "True", "message": "Optimization terminated successfully.", "x": "[1.5232679  2.51910588 3.23727497 1.80338809 5.19607821 3.8949878 ]", "nit": "17", "callback": [0.2777777617569467, 0.23970511532620042, 0.1719782447127013, 0.08152011761833022, 0.05909044164462318, 0.03636666406655231, 0.008262416384210325, 0.003996843221462765, 0.003195020248839553, 0.0026876098910213475, 0.002569213434504114, 0.0025560164876637925, 0.002555351537083861, 0.002555164790865927, 0.0025550190324213906, 0.0025550009740125113, 0.0025549996733150726]}, "13": {"maxiter": 500, "gtol": 1e-10, "xrtol": 1e-05, "eps": 1e-10, "duration": 0.04375505447387695, "fun": "0.0025549996509334205", "jac": "[ 1.11022293e-06 -1.11022293e-06 -3.33066880e-06 -3.33066880e-06\n  0.00000000e+00 -1.11022293e-06]", "hess_inv": "[[ 3.04242614 -0.2073153   0.29706994 -1.77674469  0.25055452  0.02604486]\n [-0.2073153   2.40349241 -0.09173689  0.26314375  0.23726235  1.00540966]\n [ 0.29706994 -0.09173689  3.28146991 -0.58881008 -1.54789785  0.47002062]\n [-1.77674469  0.26314375 -0.58881008  3.00589114 -0.04027811  0.00990175]\n [ 0.25055452  0.23726235 -1.54789785 -0.04027811  2.49226211 -0.32136759]\n [ 0.02604486  1.00540966  0.47002062  0.00990175 -0.32136759  1.88876796]]", "nfev": "154", "njev": "22", "status": "0", "success": "True", "message": "Optimization terminated successfully.", "x": "[1.52327284 2.51909835 3.2372988  1.80337774 5.19610598 3.89502778]", "nit": "18", "callback": [0.27777655150950786, 0.23970325789748292, 0.1719752961325952, 0.08151628433223301, 0.059088340640856885, 0.03636208320772305, 0.008260111862139485, 0.003997059731038366, 0.0031949548387664173, 0.0026878597691879502, 0.002569214379384288, 0.002556033799210544, 0.0025553582151024434, 0.00255516688899049, 0.0025550218339562836, 0.0025550010468975426, 0.0025549997137110925, 0.0025549996509334205]}, "14": {"maxiter": 500, "gtol": 1e-10, "xrtol": 1e-10, "eps": 1e-05, "duration": 0.11647915840148926, "fun": "0.0025549996231513106", "jac": "[3.60389496e-07 1.35107481e-06 7.97462096e-07 3.45923290e-07\n 3.23030491e-07 2.76372258e-06]", "hess_inv": "[[ 12.99121264  33.86604928 -13.70118954   7.60698726 -26.50790287\n  -25.95332268]\n [ 33.86604928 118.13765492 -48.17709388  32.29527909 -89.93641213\n  -88.29717499]\n [-13.70118954 -48.17709388  22.4381806  -13.72433496  35.32895418\n   36.00372619]\n [  7.60698726  32.29527909 -13.72433496  11.94603856 -24.44897565\n  -24.26289651]\n [-26.50790287 -89.93641213  35.32895418 -24.44897565  72.12714249\n   68.16318795]\n [-25.95332268 -88.29717499  36.00372619 -24.26289651  68.16318795\n   67.44390291]]", "nfev": "411", "njev": "57", "status": "2", "success": "False", "message": "Desired error not necessarily achieved due to precision loss.", "x": "[1.52328053 2.51914907 3.23726875 1.80339559 5.19604942 3.89496887]", "nit": "22", "callback": [0.2777777617569467, 0.23970511532620042, 0.1719782447127013, 0.08152011761833022, 0.05909044164462318, 0.03636666406655231, 0.008262416384210325, 0.003996843221462765, 0.003195020248839553, 0.0026876098910213475, 0.002569213434504114, 0.0025560164876637925, 0.002555351537083861, 0.002555164790865927, 0.0025550190324213906, 0.0025550009740125113, 0.0025549996733150726, 0.002554999640089317, 0.0025549996365381578, 0.002554999629325372, 0.0025549996240921136, 0.0025549996231513106]}, "15": {"