{"date": "2024/10/08/, 20:39:13", "conf_id": 28, "data_type": "random\n", "num_data_points": 2, "s_rank": 0, "unitary": "[[-0.53618537-0.34368723j,-0.12107031-0.46226139j,-0.07699282-0.46603512j,0.36022595-0.11472301j],[0.26026499-0.63450712j,-0.56616638+0.37832564j,-0.14988651+0.08458591j,0.10363514-0.16008501j],[-0.32580188-0.11070003j,-0.36476308-0.23593218j,0.02559343+0.41761608j,-0.25598305+0.6725303j],[0.07406738-0.0126433j,0.28513701+0.19483972j,-0.74939717-0.10299659j,0.29798249+0.46269921j]]", "databatch_0": {"databatch": "[[[2.78743414e-01+0.07382166j,-2.49752120e-01+0.11808011j,-1.10473855e-01-0.47296656j,-6.25341296e-02+0.10575807j],[-5.39107080e-02-0.14446834j,-1.89642480e-02+0.03835783j,-2.64002094e-04+0.03398402j,1.57446329e-01-0.29974955j],[1.28636622e-03+0.01497286j,-1.06409636e-01-0.00205637j,9.42635252e-02-0.14458711j,-7.99052289e-03-0.19766753j],[-1.65057661e-01-0.0636643j,-4.95115694e-02+0.09689637j,2.17952341e-02-0.10601316j,-2.31410428e-01-0.50916721j]],[[-8.22791846e-02+0.18330686j,1.40896208e-01+0.26073833j,1.42642718e-01-0.3226968j,3.20300048e-04-0.3901239j],[-2.71128866e-02+0.05710871j,-5.07091251e-02+0.13992289j,1.90779929e-01+0.03430144j,2.11503622e-01-0.25088662j],[7.97536593e-02+0.02701607j,1.52271258e-01-0.17055012j,-3.40092890e-01-0.08341821j,-2.72315797e-01+0.24291544j],[-2.59148375e-02+0.07629723j,8.07764686e-02-0.05165997j,-2.23800388e-01-0.08759361j,-4.66906838e-02+0.18149963j]]]", "initial param values": "[2.48472896,1.45717681,4.45360647,5.3803463,4.00936492,0.7838252]", "nelder_mead": {"type": "gradient-free", "0": {"maxiter": 100, "fatol": 1e-05, "xatol": 1e-05, "duration": 0.05087780952453613, "fun": "0.3114771983036041", "nit": "100", "nfev": "154", "status": "2", "success": "False", "message": "Maximum number of iterations has been exceeded.", "x": "[1.26026832 2.35908646 5.55900511 6.51636216 2.41382499 0.83246193]", "final_simplex": "(array([[1.26026832, 2.35908646, 5.55900511, 6.51636216, 2.41382499,\n        0.83246193],\n       [1.26945938, 2.32652025, 5.53275027, 6.50566082, 2.40801911,\n        0.80108827],\n       [1.30473775, 2.27349004, 5.56538179, 6.60201096, 2.43203414,\n        0.79599918],\n       [1.26571156, 2.26797459, 5.53100766, 6.57020245, 2.44287663,\n        0.79892116],\n       [1.31079637, 2.26796136, 5.51080806, 6.52438105, 2.42650432,\n        0.80047906],\n       [1.25997822, 2.29010927, 5.59794282, 6.51434385, 2.39333185,\n        0.817033  ],\n       [1.24740613, 2.28226482, 5.57002312, 6.61020832, 2.38476266,\n        0.79397206]]), array([0.3114772 , 0.31165012, 0.31251406, 0.31289985, 0.31293206,\n       0.31297094, 0.31316391]))", "callback": [0.6492930794698246, 0.4996339490660121, 0.4996339490660121, 0.39484676807062, 0.3365529963263958, 0.32827953681467803, 0.3177174764882271, 0.3153873320181926, 0.3148276458474104, 0.31360251336238776]}, "1": {"maxiter": 100, "fatol": 1e-05, "xatol": 1e-10, "duration": 0.05694723129272461, "fun": "0.3114771983036041", "nit": "100", "nfev": "154", "status": "2", "success": "False", "message": "Maximum number of iterations has been exceeded.", "x": "[1.26026832 2.35908646 5.55900511 6.51636216 2.41382499 0.83246193]", "final_simplex": "(array([[1.26026832, 2.35908646, 5.55900511, 6.51636216, 2.41382499,\n        0.83246193],\n       [1.26945938, 2.32652025, 5.53275027, 6.50566082, 2.40801911,\n        0.80108827],\n       [1.30473775, 2.27349004, 5.56538179, 6.60201096, 2.43203414,\n        0.79599918],\n       [1.26571156, 2.26797459, 5.53100766, 6.57020245, 2.44287663,\n        0.79892116],\n       [1.31079637, 2.26796136, 5.51080806, 6.52438105, 2.42650432,\n        0.80047906],\n       [1.25997822, 2.29010927, 5.59794282, 6.51434385, 2.39333185,\n        0.817033  ],\n       [1.24740613, 2.28226482, 5.57002312, 6.61020832, 2.38476266,\n        0.79397206]]), array([0.3114772 , 0.31165012, 0.31251406, 0.31289985, 0.31293206,\n       0.31297094, 0.31316391]))", "callback": [0.6492930794698246, 0.4996339490660121, 0.4996339490660121, 0.39484676807062, 0.3365529963263958, 0.32827953681467803, 0.3177174764882271, 0.3153873320181926, 0.3148276458474104, 0.31360251336238776]}, "2": {"maxiter": 100, "fatol": 1e-10, "xatol": 1e-05, "duration": 0.04947781562805176, "fun": "0.3114771983036041", "nit": "100", "nfev": "154", "status": "2", "success": "False", "message": "Maximum number of iterations has been exceeded.", "x": "[1.26026832 2.35908646 5.55900511 6.51636216 2.41382499 0.83246193]", "final_simplex": "(array([[1.26026832, 2.35908646, 5.55900511, 6.51636216, 2.41382499,\n        0.83246193],\n       [1.26945938, 2.32652025, 5.53275027, 6.50566082, 2.40801911,\n        0.80108827],\n       [1.30473775, 2.27349004, 5.56538179, 6.60201096, 2.43203414,\n        0.79599918],\n       [1.26571156, 2.26797459, 5.53100766, 6.57020245, 2.44287663,\n        0.79892116],\n       [1.31079637, 2.26796136, 5.51080806, 6.52438105, 2.42650432,\n        0.80047906],\n       [1.25997822, 2.29010927, 5.59794282, 6.51434385, 2.39333185,\n        0.817033  ],\n       [1.24740613, 2.28226482, 5.57002312, 6.61020832, 2.38476266,\n        0.79397206]]), array([0.3114772 , 0.31165012, 0.31251406, 0.31289985, 0.31293206,\n       0.31297094, 0.31316391]))", "callback": [0.6492930794698246, 0.4996339490660121, 0.4996339490660121, 0.39484676807062, 0.3365529963263958, 0.32827953681467803, 0.3177174764882271, 0.3153873320181926, 0.3148276458474104, 0.31360251336238776]}, "3": {"maxiter": 100, "fatol": 1e-10, "xatol": 1e-10, "duration": 0.05013918876647949, "fun": "0.3114771983036041", "nit": "100", "nfev": "154", "status": "2", "success": "False", "message": "Maximum number of iterations has been exceeded.", "x": "[1.26026832 2.35908646 5.55900511 6.51636216 2.41382499 0.83246193]", "final_simplex": "(array([[1.26026832, 2.35908646, 5.55900511, 6.51636216, 2.41382499,\n        0.83246193],\n       [1.26945938, 2.32652025, 5.53275027, 6.50566082, 2.40801911,\n        0.80108827],\n       [1.30473775, 2.27349004, 5.56538179, 6.60201096, 2.43203414,\n        0.79599918],\n       [1.26571156, 2.26797459, 5.53100766, 6.57020245, 2.44287663,\n        0.79892116],\n       [1.31079637, 2.26796136, 5.51080806, 6.52438105, 2.42650432,\n        0.80047906],\n       [1.25997822, 2.29010927, 5.59794282, 6.51434385, 2.39333185,\n        0.817033  ],\n       [1.24740613, 2.28226482, 5.57002312, 6.61020832, 2.38476266,\n        0.79397206]]), array([0.3114772 , 0.31165012, 0.31251406, 0.31289985, 0.31293206,\n       0.31297094, 0.31316391]))", "callback": [0.6492930794698246, 0.4996339490660121, 0.4996339490660121, 0.39484676807062, 0.3365529963263958, 0.32827953681467803, 0.3177174764882271, 0.3153873320181926, 0.3148276458474104, 0.31360251336238776]}, "4": {"maxiter": 500, "fatol": 1e-05, "xatol": 1e-05, "duration": 0.2212200164794922, "fun": "0.2941039819567839", "nit": "401", "nfev": "625", "status": "0", "success": "True", "message": "Optimization terminated successfully.", "x": "[ 1.58582591  2.61343562  5.17813042  6.81177036  3.90392495 -0.58638732]", "final_simplex": "(array([[ 1.58582591,  2.61343562,  5.17813042,  6.81177036,  3.90392495,\n        -0.58638732],\n       [ 1.58582828,  2.61343771,  5.17812478,  6.81177383,  3.90392625,\n        -0.58638568],\n       [ 1.58582666,  2.61344267,  5.17812735,  6.81177546,  3.9039292 ,\n        -0.58638936],\n       [ 1.5858335 ,  2.61344178,  5.17812871,  6.81177727,  3.90393478,\n        -0.58639365],\n       [ 1.58582711,  2.61344159,  5.17813057,  6.81177318,  3.90392182,\n        -0.58638421],\n       [ 1.58582763,  2.61343675,  5.1781287 ,  6.81176653,  3.90392873,\n        -0.58638584],\n       [ 1.5858286 ,  2.61343608,  5.17812557,  6.81177093,  3.9039299 ,\n        -0.58639696]]), array([0.29410398, 0.29410398, 0.29410398, 0.29410398, 0.29410398,\n       0.29410398, 0.29410398]))", "callback": [0.6492930794698246, 0.4996339490660121, 0.4996339490660121, 0.39484676807062, 0.3365529963263958, 0.32827953681467803, 0.3177174764882271, 0.3153873320181926, 0.3148276458474104, 0.31360251336238776, 0.3114771983036041, 0.31020149856085044, 0.30985420942544506, 0.30971036472527225, 0.3094552902951091, 0.30868783102910713, 0.3074925692526147, 0.304366016492014, 0.300448481618094, 0.2975198414677084, 0.2963818702665104, 0.2950259703106146, 0.2942691072608198, 0.29417452910675546, 0.29413042938177114, 0.29411030189348797, 0.2941077319923078, 0.2941067360836648, 0.29410588473657473, 0.29410485401699915, 0.2941042351795581, 0.2941041226644091, 0.29410406216500284, 0.2941040175280958, 0.29410399978481094, 0.2941039871057649, 0.29410398255833914, 0.29410398255833914, 0.29410398202319155, 0.2941039819667862, 0.2941039819567839]}, "5": {"maxiter": 500, "fatol": 1e-05, "xatol": 1e-10, "duration": 0.2958509922027588, "fun": "0.29410398195295606", "nit": "498", "nfev": "851", "status": "0", "success": "True", "message": "Optimization terminated successfully.", "x": "[ 1.58582985  2.61343878  5.17812574  6.81177469  3.90393704 -0.58639771]", "final_simplex": "(array([[ 1.58582985,  2.61343878,  5.17812574,  6.81177469,  3.90393704,\n        -0.58639771],\n       [ 1.58582985,  2.61343878,  5.17812574,  6.81177469,  3.90393704,\n        -0.58639771],\n       [ 1.58582985,  2.61343878,  5.17812574,  6.81177469,  3.90393704,\n        -0.58639771],\n       [ 1.58582985,  2.61343878,  5.17812574,  6.81177469,  3.90393704,\n        -0.58639771],\n       [ 1.58582985,  2.61343878,  5.17812574,  6.81177469,  3.90393704,\n        -0.58639771],\n       [ 1.58582985,  2.61343878,  5.17812574,  6.81177469,  3.90393704,\n        -0.58639771],\n       [ 1.58582985,  2.61343878,  5.17812574,  6.81177469,  3.90393704,\n        -0.58639771]]), array([0.29410398, 0.29410398, 0.29410398, 0.29410398, 0.29410398,\n       0.29410398, 0.29410398]))", "callback": [0.6492930794698246, 0.4996339490660121, 0.4996339490660121, 0.39484676807062, 0.3365529963263958, 0.32827953681467803, 0.3177174764882271, 0.3153873320181926, 0.3148276458474104, 0.31360251336238776, 0.3114771983036041, 0.31020149856085044, 0.30985420942544506, 0.30971036472527225, 0.3094552902951091, 0.30868783102910713, 0.3074925692526147, 0.304366016492014, 0.300448481618094, 0.2975198414677084, 0.2963818702665104, 0.2950259703106146, 0.2942691072608198, 0.29417452910675546, 0.29413042938177114, 0.29411030189348797, 0.2941077319923078, 0.2941067360836648, 0.29410588473657473, 0.29410485401699915, 0.2941042351795581, 0.2941041226644091, 0.29410406216500284, 0.2941040175280958, 0.29410399978481094, 0.2941039871057649, 0.29410398255833914, 0.29410398255833914, 0.29410398202319155, 0.2941039819667862, 0.2941039819556259, 0.29410398195363086, 0.29410398195308096, 0.2941039819529827, 0.2941039819529603, 0.29410398195295695, 0.2941039819529562, 0.29410398195295606, 0.29410398195295606, 0.29410398195295606]}, "6": {"maxiter": 500, "fatol": 1e-10, "xatol": 1e-05, "duration": 0.1910991668701172, "fun": "0.2941039819567839", "nit": "401", "nfev": "625", "status": "0", "success": "True", "message": "Optimization terminated successfully.", "x": "[ 1.58582591  2.61343562  5.17813042  6.81177036  3.90392495 -0.58638732]", "final_simplex": "(array([[ 1.58582591,  2.61343562,  5.17813042,  6.81177036,  3.90392495,\n        -0.58638732],\n       [ 1.58582828,  2.61343771,  5.17812478,  6.81177383,  3.90392625,\n        -0.58638568],\n       [ 1.58582666,  2.61344267,  5.17812735,  6.81177546,  3.9039292 ,\n        -0.58638936],\n       [ 1.5858335 ,  2.61344178,  5.17812871,  6.81177727,  3.90393478,\n        -0.58639365],\n       [ 1.58582711,  2.61344159,  5.17813057,  6.81177318,  3.90392182,\n        -0.58638421],\n       [ 1.58582763,  2.61343675,  5.1781287 ,  6.81176653,  3.90392873,\n        -0.58638584],\n       [ 1.5858286 ,  2.61343608,  5.17812557,  6.81177093,  3.9039299 ,\n        -0.58639696]]), array([0.29410398, 0.29410398, 0.29410398, 0.29410398, 0.29410398,\n       0.29410398, 0.29410398]))", "callback": [0.6492930794698246, 0.4996339490660121, 0.4996339490660121, 0.39484676807062, 0.3365529963263958, 0.32827953681467803, 0.3177174764882271, 0.3153873320181926, 0.3148276458474104, 0.31360251336238776, 0.3114771983036041, 0.31020149856085044, 0.30985420942544506, 0.30971036472527225, 0.3094552902951091, 0.30868783102910713, 0.3074925692526147, 0.304366016492014, 0.300448481618094, 0.2975198414677084, 0.2963818702665104, 0.2950259703106146, 0.2942691072608198, 0.29417452910675546, 0.29413042938177114, 0.29411030189348797, 0.2941077319923078, 0.2941067360836648, 0.29410588473657473, 0.29410485401699915, 0.2941042351795581, 0.2941041226644091, 0.29410406216500284, 0.2941040175280958, 0.29410399978481094, 0.2941039871057649, 0.29410398255833914, 0.29410398255833914, 0.29410398202319155, 0.2941039819667862, 0.2941039819567839]}, "7": {"maxiter": 500, "fatol": 1e-10, "xatol": 1e-10, "duration": 0.2815089225769043, "fun": "0.29410398195295606", "nit": "498", "nfev": "851", "status": "0", "success": "True", "message": "Optimization terminated successfully.", "x": "[ 1.58582985  2.61343878  5.17812574  6.81177469  3.90393704 -0.58639771]", "final_simplex": "(array([[ 1.58582985,  2.61343878,  5.17812574,  6.81177469,  3.90393704,\n        -0.58639771],\n       [ 1.58582985,  2.61343878,  5.17812574,  6.81177469,  3.90393704,\n        -0.58639771],\n       [ 1.58582985,  2.61343878,  5.17812574,  6.81177469,  3.90393704,\n        -0.58639771],\n       [ 1.58582985,  2.61343878,  5.17812574,  6.81177469,  3.90393704,\n        -0.58639771],\n       [ 1.58582985,  2.61343878,  5.17812574,  6.81177469,  3.90393704,\n        -0.58639771],\n       [ 1.58582985,  2.61343878,  5.17812574,  6.81177469,  3.90393704,\n        -0.58639771],\n       [ 1.58582985,  2.61343878,  5.17812574,  6.81177469,  3.90393704,\n        -0.58639771]]), array([0.29410398, 0.29410398, 0.29410398, 0.29410398, 0.29410398,\n       0.29410398, 0.29410398]))", "callback": [0.6492930794698246, 0.4996339490660121, 0.4996339490660121, 0.39484676807062, 0.3365529963263958, 0.32827953681467803, 0.3177174764882271, 0.3153873320181926, 0.3148276458474104, 0.31360251336238776, 0.3114771983036041, 0.31020149856085044, 0.30985420942544506, 0.30971036472527225, 0.3094552902951091, 0.30868783102910713, 0.3074925692526147, 0.304366016492014, 0.300448481618094, 0.2975198414677084, 0.2963818702665104, 0.2950259703106146, 0.2942691072608198, 0.29417452910675546, 0.29413042938177114, 0.29411030189348797, 0.2941077319923078, 0.2941067360836648, 0.29410588473657473, 0.29410485401699915, 0.2941042351795581, 0.2941041226644091, 0.29410406216500284, 0.2941040175280958, 0.29410399978481094, 0.2941039871057649, 0.29410398255833914, 0.29410398255833914, 0.29410398202319155, 0.2941039819667862, 0.2941039819556259, 0.29410398195363086, 0.29410398195308096, 0.2941039819529827, 0.2941039819529603, 0.29410398195295695, 0.2941039819529562, 0.29410398195295606, 0.29410398195295606, 0.29410398195295606]}, "8": {"maxiter": 1000, "fatol": 1e-05, "xatol": 1e-05, "duration": 0.21523213386535645, "fun": "0.2941039819567839", "nit": "401", "nfev": "625", "status": "0", "success": "True", "message": "Optimization terminated successfully.", "x": "[ 1.58582591  2.61343562  5.17813042  6.81177036  3.90392495 -0.58638732]", "final_simplex": "(array([[ 1.58582591,  2.61343562,  5.17813042,  6.81177036,  3.90392495,\n        -0.58638732],\n       [ 1.58582828,  2.61343771,  5.17812478,  6.81177383,  3.90392625,\n        -0.58638568],\n       [ 1.58582666,  2.61344267,  5.17812735,  6.81177546,  3.9039292 ,\n        -0.58638936],\n       [ 1.5858335 ,  2.61344178,  5.17812871,  6.81177727,  3.90393478,\n        -0.58639365],\n       [ 1.58582711,  2.61344159,  5.17813057,  6.81177318,  3.90392182,\n        -0.58638421],\n       [ 1.58582763,  2.61343675,  5.1781287 ,  6.81176653,  3.90392873,\n        -0.58638584],\n       [ 1.5858286 ,  2.61343608,  5.17812557,  6.81177093,  3.9039299 ,\n        -0.58639696]]), array([0.29410398, 0.29410398, 0.29410398, 0.29410398, 0.29410398,\n       0.29410398, 0.29410398]))", "callback": [0.6492930794698246, 0.4996339490660121, 0.4996339490660121, 0.39484676807062, 0.3365529963263958, 0.32827953681467803, 0.3177174764882271, 0.3153873320181926, 0.3148276458474104, 0.31360251336238776, 0.3114771983036041, 0.31020149856085044, 0.30985420942544506, 0.30971036472527225, 0.3094552902951091, 0.30868783102910713, 0.3074925692526147, 0.304366016492014, 0.300448481618094, 0.2975198414677084, 0.2963818702665104, 0.2950259703106146, 0.2942691072608198, 0.29417452910675546, 0.29413042938177114, 0.29411030189348797, 0.2941077319923078, 0.2941067360836648, 0.29410588473657473, 0.29410485401699915, 0.2941042351795581, 0.2941041226644091, 0.29410406216500284, 0.2941040175280958, 0.29410399978481094, 0.2941039871057649, 0.29410398255833914, 0.29410398255833914, 0.29410398202319155, 0.2941039819667862, 0.2941039819567839]}, "9": {"maxiter": 1000, "fatol": 1e-05, "xatol": 1e-10, "duration": 0.2695448398590088, "fun": "0.29410398195295606", "nit": "498", "nfev": "851", "status": "0", "success": "True", "message": "Optimization terminated successfully.", "x": "[ 1.58582985  2.61343878  5.17812574  6.81177469  3.90393704 -0.58639771]", "final_simplex": "(array([[ 1.58582985,  2.61343878,  5.17812574,  6.81177469,  3.90393704,\n        -0.58639771],\n       [ 1.58582985,  2.61343878,  5.17812574,  6.81177469,  3.90393704,\n        -0.58639771],\n       [ 1.58582985,  2.61343878,  5.17812574,  6.81177469,  3.90393704,\n        -0.58639771],\n       [ 1.58582985,  2.61343878,  5.17812574,  6.81177469,  3.90393704,\n        -0.58639771],\n       [ 1.58582985,  2.61343878,  5.17812574,  6.81177469,  3.90393704,\n        -0.58639771],\n       [ 1.58582985,  2.61343878,  5.17812574,  6.81177469,  3.90393704,\n        -0.58639771],\n       [ 1.58582985,  2.61343878,  5.17812574,  6.81177469,  3.90393704,\n        -0.58639771]]), array([0.29410398, 0.29410398, 0.29410398, 0.29410398, 0.29410398,\n       0.29410398, 0.29410398]))", "callback": [0.6492930794698246, 0.4996339490660121, 0.4996339490660121, 0.39484676807062, 0.3365529963263958, 0.32827953681467803, 0.3177174764882271, 0.3153873320181926, 0.3148276458474104, 0.31360251336238776, 0.3114771983036041, 0.31020149856085044, 0.30985420942544506, 0.30971036472527225, 0.3094552902951091, 0.30868783102910713, 0.3074925692526147, 0.304366016492014, 0.300448481618094, 0.2975198414677084, 0.2963818702665104, 0.2950259703106146, 0.2942691072608198, 0.29417452910675546, 0.29413042938177114, 0.29411030189348797, 0.2941077319923078, 0.2941067360836648, 0.29410588473657473, 0.29410485401699915, 0.2941042351795581, 0.2941041226644091, 0.29410406216500284, 0.2941040175280958, 0.29410399978481094, 0.2941039871057649, 0.29410398255833914, 0.29410398255833914, 0.29410398202319155, 0.2941039819667862, 0.2941039819556259, 0.29410398195363086, 0.29410398195308096, 0.2941039819529827, 0.2941039819529603, 0.29410398195295695, 0.2941039819529562, 0.29410398195295606, 0.29410398195295606, 0.29410398195295606]}, "10": {"maxiter": 1000, "fatol": 1e-10, "xatol": 1e-05, "duration": 0.21947598457336426, "fun": "0.2941039819567839", "nit": "401", "nfev": "625", "status": "0", "success": "True", "message": "Optimization terminated successfully.", "x": "[ 1.58582591  2.61343562  5.17813042  6.81177036  3.90392495 -0.58638732]", "final_simplex": "(array([[ 1.58582591,  2.61343562,  5.17813042,  6.81177036,  3.90392495,\n        -0.58638732],\n       [ 1.58582828,  2.61343771,  5.17812478,  6.81177383,  3.90392625,\n        -0.58638568],\n       [ 1.58582666,  2.61344267,  5.17812735,  6.81177546,  3.9039292 ,\n        -0.58638936],\n       [ 1.5858335 ,  2.61344178,  5.17812871,  6.81177727,  3.90393478,\n        -0.58639365],\n       [ 1.58582711,  2.61344159,  5.17813057,  6.81177318,  3.90392182,\n        -0.58638421],\n       [ 1.58582763,  2.61343675,  5.1781287 ,  6.81176653,  3.90392873,\n        -0.58638584],\n       [ 1.5858286 ,  2.61343608,  5.17812557,  6.81177093,  3.9039299 ,\n        -0.58639696]]), array([0.29410398, 0.29410398, 0.29410398, 0.29410398, 0.29410398,\n       0.29410398, 0.29410398]))", "callback": [0.6492930794698246, 0.4996339490660121, 0.4996339490660121, 0.39484676807062, 0.3365529963263958, 0.32827953681467803, 0.3177174764882271, 0.3153873320181926, 0.3148276458474104, 0.31360251336238776, 0.3114771983036041, 0.31020149856085044, 0.30985420942544506, 0.30971036472527225, 0.3094552902951091, 0.30868783102910713, 0.3074925692526147, 0.304366016492014, 0.300448481618094, 0.2975198414677084, 0.2963818702665104, 0.2950259703106146, 0.2942691072608198, 0.29417452910675546, 0.29413042938177114, 0.29411030189348797, 0.2941077319923078, 0.2941067360836648, 0.29410588473657473, 0.29410485401699915, 0.2941042351795581, 0.2941041226644091, 0.29410406216500284, 0.2941040175280958, 0.29410399978481094, 0.2941039871057649, 0.29410398255833914, 0.29410398255833914, 0.29410398202319155, 0.2941039819667862, 0.2941039819567839]}, "11": {"maxiter": 1000, "fatol": 1e-10, "xatol": 1e-10, "duration": 0.2760770320892334, "fun": "0.29410398195295606", "nit": "498", "nfev": "851", "status": "0", "success": "True", "message": "Optimization terminated successfully.", "x": "[ 1.58582985  2.61343878  5.17812574  6.81177469  3.90393704 -0.58639771]", "final_simplex": "(array([[ 1.58582985,  2.61343878,  5.17812574,  6.81177469,  3.90393704,\n        -0.58639771],\n       [ 1.58582985,  2.61343878,  5.17812574,  6.81177469,  3.90393704,\n        -0.58639771],\n       [ 1.58582985,  2.61343878,  5.17812574,  6.81177469,  3.90393704,\n        -0.58639771],\n       [ 1.58582985,  2.61343878,  5.17812574,  6.81177469,  3.90393704,\n        -0.58639771],\n       [ 1.58582985,  2.61343878,  5.17812574,  6.81177469,  3.90393704,\n        -0.58639771],\n       [ 1.58582985,  2.61343878,  5.17812574,  6.81177469,  3.90393704,\n        -0.58639771],\n       [ 1.58582985,  2.61343878,  5.17812574,  6.81177469,  3.90393704,\n        -0.58639771]]), array([0.29410398, 0.29410398, 0.29410398, 0.29410398, 0.29410398,\n       0.29410398, 0.29410398]))", "callback": [0.6492930794698246, 0.4996339490660121, 0.4996339490660121, 0.39484676807062, 0.3365529963263958, 0.32827953681467803, 0.3177174764882271, 0.3153873320181926, 0.3148276458474104, 0.31360251336238776, 0.3114771983036041, 0.31020149856085044, 0.30985420942544506, 0.30971036472527225, 0.3094552902951091, 0.30868783102910713, 0.3074925692526147, 0.304366016492014, 0.300448481618094, 0.2975198414677084, 0.2963818702665104, 0.2950259703106146, 0.2942691072608198, 0.29417452910675546, 0.29413042938177114, 0.29411030189348797, 0.2941077319923078, 0.2941067360836648, 0.29410588473657473, 0.29410485401699915, 0.2941042351795581, 0.2941041226644091, 0.29410406216500284, 0.2941040175280958, 0.29410399978481094, 0.2941039871057649, 0.29410398255833914, 0.29410398255833914, 0.29410398202319155, 0.2941039819667862, 0.2941039819556259, 0.29410398195363086, 0.29410398195308096, 0.2941039819529827, 0.2941039819529603, 0.29410398195295695, 0.2941039819529562, 0.29410398195295606, 0.29410398195295606, 0.29410398195295606]}}, "bfgs": {"type": "gradient", "0": {"maxiter": 100, "gtol": 1e-05, "xrtol": 1e-05, "eps": 1e-05, "duration": 0.06908488273620605, "fun": "0.2941039821433352", "jac": "[ 1.04571907e-07 -6.32435215e-06  9.24699206e-06  9.22986132e-06\n  1.82057702e-06  1.00341957e-06]", "hess_inv": "[[  6.28890136   1.87919565  -3.38570655   4.02385752   6.66267265\n   -5.07980691]\n [  1.87919565   4.10243366  -1.51665905   2.85237887   2.10528286\n   -1.97611048]\n [ -3.38570655  -1.51665905   6.67485656  -4.71584282  -5.53809805\n    4.11984857]\n [  4.02385752   2.85237887  -4.71584282   8.17388498   6.47376972\n   -5.48373315]\n [  6.66267265   2.10528286  -5.53809805   6.47376972  22.31762315\n  -19.36992133]\n [ -5.07980691  -1.97611048   4.11984857  -5.48373315 -19.36992133\n   20.04327203]]", "nfev": "182", "njev": "26", "status": "0", "success": "True", "message": "Optimization terminated successfully.", "x": "[ 1.58581999  2.61341196  5.17814884  6.81177326  3.90392873 -0.58639362]", "nit": "23", "callback": [0.5385820598449121, 0.4304918323906385, 0.3755246463998321, 0.31960361780573254, 0.31012267877448396, 0.30267185571119526, 0.30237900829601927, 0.3019225551378184, 0.30159803199556134, 0.30142936657627406, 0.3011152537623738, 0.30052929763376635, 0.2994726257929905, 0.29783567356257934, 0.29689027944492996, 0.296108970423123, 0.29485603949413564, 0.2941154938541546, 0.2941073710257731, 0.2941046888620321, 0.29410422526329416, 0.2941039845580009, 0.2941039821433352]}, "1": {"maxiter": 100, "gtol": 1e-05, "xrtol": 1e-05, "eps": 1e-10, "duration": 0.0567479133605957, "fun": "0.29410398218925704", "jac": "[ 5.55111466e-06 -6.66133760e-06  8.88178346e-06  8.88178346e-06\n  3.33066880e-06  2.22044587e-06]", "hess_inv": "[[  6.25517911   1.82639043  -3.30302868   3.9570478    6.50702867\n   -4.92673931]\n [  1.82639043   4.05045353  -1.47080333   2.79875072   1.96753616\n   -1.84513154]\n [ -3.30302868  -1.47080333   6.56409279  -4.63576435  -5.35913595\n    3.96619902]\n [  3.9570478    2.79875072  -4.63576435   8.12927977   6.3650517\n   -5.38648234]\n [  6.50702867   1.96753616  -5.35913595   6.3650517   21.95667926\n  -19.03551324]\n [ -4.92673931  -1.84513154   3.96619902  -5.38648234 -19.03551324\n   19.73888672]]", "nfev": "182", "njev": "26", "status": "0", "success": "True", "message": "Optimization terminated successfully.", "x": "[ 1.58584474  2.61341515  5.17813833  6.81178892  3.90395549 -0.58640625]", "nit": "23", "callback": [0.5385818753650795, 0.430487618598715, 0.37552653034633743, 0.31960221797285926, 0.3101221364498329, 0.3026722519873083, 0.30237919634609944, 0.3019224971653871, 0.3015981744729588, 0.30142931280067875, 0.3011148593202616, 0.3005282715128593, 0.2994707585730374, 0.29783412165557555, 0.2968902129339708, 0.296106492370493, 0.29485058008884757, 0.29411519606594316, 0.2941073907761461, 0.29410469363790237, 0.29410422613323584, 0.29410398417198036, 0.29410398218925704]}, "2": {"maxiter": 100, "gtol": 1e-05, "xrtol": 1e-10, "eps": 1e-05, "duration": 0.05732107162475586, "fun": "0.2941039821433352", "jac": "[ 1.04571907e-07 -6.32435215e-06  9.24699206e-06  9.22986132e-06\n  1.82057702e-06  1.00341957e-06]", "hess_inv": "[[  6.28890136   1.87919565  -3.38570655   4.02385752   6.66267265\n   -5.07980691]\n [  1.87919565   4.10243366  -1.51665905   2.85237887   2.10528286\n   -1.97611048]\n [ -3.38570655  -1.51665905   6.67485656  -4.71584282  -5.53809805\n    4.11984857]\n [  4.02385752   2.85237887  -4.71584282   8.17388498   6.47376972\n   -5.48373315]\n [  6.66267265   2.10528286  -5.53809805   6.47376972  22.31762315\n  -19.36992133]\n [ -5.07980691  -1.97611048   4.11984857  -5.48373315 -19.36992133\n   20.04327203]]", "nfev": "182", "njev": "26", "status": "0", "success": "True", "message": "Optimization terminated successfully.", "x": "[ 1.58581999  2.61341196  5.17814884  6.81177326  3.90392873 -0.58639362]", "nit": "23", "callback": [0.5385820598449121, 0.4304918323906385, 0.3755246463998321, 0.31960361780573254, 0.31012267877448396, 0.30267185571119526, 0.30237900829601927, 0.3019225551378184, 0.30159803199556134, 0.30142936657627406, 0.3011152537623738, 0.30052929763376635, 0.2994726257929905, 0.29783567356257934, 0.29689027944492996, 0.296108970423123, 0.29485603949413564, 0.2941154938541546, 0.2941073710257731, 0.2941046888620321, 0.29410422526329416, 0.2941039845580009, 0.2941039821433352]}, "3": {"maxiter": 100, "gtol": 1e-05, "xrtol": 1e-10, "eps": 1e-10, "duration": 0.0681149959564209, "fun": "0.29410398218925704", "jac": "[ 5.55111466e-06 -6.66133760e-06  8.88178346e-06  8.88178346e-06\n  3.33066880e-06  2.22044587e-06]", "hess_inv": "[[  6.25517911   1.82639043  -3.30302868   3.9570478    6.50702867\n   -4.92673931]\n [  1.82639043   4.05045353  -1.47080333   2.79875072   1.96753616\n   -1.84513154]\n [ -3.30302868  -1.47080333   6.56409279  -4.63576435  -5.35913595\n    3.96619902]\n [  3.9570478    2.79875072  -4.63576435   8.12927977   6.3650517\n   -5.38648234]\n [  6.50702867   1.96753616  -5.35913595   6.3650517   21.95667926\n  -19.03551324]\n [ -4.92673931  -1.84513154   3.96619902  -5.38648234 -19.03551324\n   19.73888672]]", "nfev": "182", "njev": "26", "status": "0", "success": "True", "message": "Optimization terminated successfully.", "x": "[ 1.58584474  2.61341515  5.17813833  6.81178892  3.90395549 -0.58640625]", "nit": "23", "callback": [0.5385818753650795, 0.430487618598715, 0.37552653034633743, 0.31960221797285926, 0.3101221364498329, 0.3026722519873083, 0.30237919634609944, 0.3019224971653871, 0.3015981744729588, 0.30142931280067875, 0.3011148593202616, 0.3005282715128593, 0.2994707585730374, 0.29783412165557555, 0.2968902129339708, 0.296106492370493, 0.29485058008884757, 0.29411519606594316, 0.2941073907761461, 0.29410469363790237, 0.29410422613323584, 0.29410398417198036, 0.29410398218925704]}, "4": {"maxiter": 100, "gtol": 1e-10, "xrtol": 1e-05, "eps": 1e-05, "duration": 0.06513500213623047, "fun": "0.2941039819862813", "jac": "[ 2.19324559e-07 -4.19331236e-08  1.12709841e-07 -2.45459209e-07\n  3.82127663e-07  1.44562140e-07]", "hess_inv": "[[  6.40425253   1.63307148  -3.28435622   4.14760455   6.65046891\n   -4.99695789]\n [  1.63307148   4.55794223  -1.56058913   2.74947152   2.27996348\n   -2.29799247]\n [ -3.28435622  -1.56058913   6.337539    -5.00579619  -5.91659889\n    4.55167582]\n [  4.14760455   2.74947152  -5.00579619   7.93384659   6.11678091\n   -5.05913357]\n [  6.65046891   2.27996348  -5.91659889   6.11678091  22.00167327\n  -19.06898813]\n [ -4.99695789  -2.29799247   4.55167582  -5.05913357 -19.06898813\n   19.80044194]]", "nfev": "189", "njev": "27", "status": "0", "success": "True", "message": "Optimization terminated successfully.", "x": "[ 1.58581464  2.61342782  5.17813312  6.81175722  3.90391979 -0.58638818]", "nit": "24", "callback": [0.5385820598449121, 0.4304918323906385, 0.3755246463998321, 0.31960361780573254, 0.31012267877448396, 0.30267185571119526, 0.30237900829601927, 0.3019225551378184, 0.30159803199556134, 0.30142936657627406, 0.3011152537623738, 0.30052929763376635, 0.2994726257929905, 0.29783567356257934, 0.29689027944492996, 0.296108970423123, 0.29485603949413564, 0.2941154938541546, 0.2941073710257731, 0.2941046888620321, 0.29410422526329416, 0.2941039845580009, 0.2941039821433352, 0.2941039819862813]}, "5": {"maxiter": 100, "gtol": 1e-10, "xrtol": 1e-05, "eps": 1e-10, "duration": 0.061163902282714844, "fun": "0.2941039820102975", "jac": "[-4.44089173e-06  0.00000000e+00 -1.11022293e-06  0.00000000e+00\n  0.00000000e+00 -1.11022293e-06]", "hess_inv": "[[  4.20617064   0.55693863  -2.28592967   1.8996875    4.37707485\n   -3.28945399]\n [  0.55693863   4.6690484   -1.4671713    1.83127834   0.33119403\n   -0.80007004]\n [ -2.28592967  -1.4671713    6.17215624  -3.99391104  -4.54406882\n    3.50640491]\n [  1.8996875    1.83127834  -3.99391104   5.77749331   3.59856806\n   -3.20172085]\n [  4.37707485   0.33119403  -4.54406882   3.59856806  18.93047425\n  -16.49572826]\n [ -3.28945399  -0.80007004   3.50640491  -3.20172085 -16.49572826\n   17.62359709]]", "nfev": "196", "njev": "28", "status": "0", "success": "True", "message": "Optimization terminated successfully.", "x": "[ 1.5858027   2.61343458  5.17813958  6.81175762  3.90390307 -0.58637313]", "nit": "25", "callback": [0.5385818753650795, 0.430487618598715, 0.37552653034633743, 0.31960221797285926, 0.3101221364498329, 0.3026722519873083, 0.30237919634609944, 0.3019224971653871, 0.3015981744729588, 0.30142931280067875, 0.3011148593202616, 0.3005282715128593, 0.2994707585730374, 0.29783412165557555, 0.2968902129339708, 0.296106492370493, 0.29485058008884757, 0.29411519606594316, 0.2941073907761461, 0.29410469363790237, 0.29410422613323584, 0.29410398417198036, 0.29410398218925704, 0.29410398210575706, 0.2941039820102975]}, "6": {"maxiter": 100, "gtol": 1e-10, "xrtol": 1e-10, "eps": 1e-05, "duration": 0.12616705894470215, "fun": "0.2941039819862813", "jac": "[ 2.19324559e-07 -4.19331236e-08  1.12709841e-07 -2.45459209e-07\n  3.82127663e-07  1.44562140e-07]", "hess_inv": "[[  6.4510434    1.5618912   -3.21989153   4.21617734   6.75382309\n   -5.06941722]\n [  1.5618912    4.56841364  -1.55292569   2.74902316   2.08647412\n   -2.15187713]\n [ -3.21989153  -1.55292569   6.31206347  -5.02359876  -5.73500746\n    4.41305468]\n [  4.21617734   2.74902316  -5.02359876   7.92404221   6.30675608\n   -5.20343313]\n [  6.75382309   2.08647412  -5.73500746   6.30675608  22.21652346\n  -19.21573535]\n [ -5.06941722  -2.15187713   4.41305468  -5.20343313 -19.21573535\n   19.89948383]]", "nfev": "397", "njev": "55", "status": "2", "success": "False", "message": "Desired error not necessarily achieved due to precision loss.", "x": "[ 1.58581464  2.61342782  5.17813312  6.81175722  3.90391979 -0.58638818]", "nit": "24", "callback": [0.5385820598449121, 0.4304918323906385, 0.3755246463998321, 0.31960361780573254, 0.31012267877448396, 0.30267185571119526, 0.30237900829601927, 0.3019225551378184, 0.30159803199556134, 0.30142936657627406, 0.3011152537623738, 0.30052929763376635, 0.2994726257929905, 0.29783567356257934, 0.29689027944492996, 0.296108970423123, 0.29485603949413564, 0.2941154938541546, 0.2941073710257731, 0.2941046888620321, 0.29410422526329416, 0.2941039845580009, 0.2941039821433352, 0.2941039819862813]}, "7": {"maxiter": 100, "gtol": 1e-10, "xrtol": 1e-10, "eps": 1e-10, "duration": 0.08632802963256836, "fun": "0.29410398198827203", "jac": "[ 2.22044587e-06 -1.11022293e-06  1.11022293e-06 -1.11022293e-06\n -2.22044587e-06  0.00000000e+00]", "hess_inv": "[[16.47456502 12.23898973 10.37711539 -2.01798928 -9.11190334 12.13995188]\n [12.23898973 10.24199652  9.91280517 -1.70633777 -8.38995709 10.34080023]\n [10.37711539  9.91280517 12.77228038 -2.90838864 -8.22628877 10.19842917]\n [-2.01798928 -1.70633777 -2.90838864  3.13519818 -0.01704721 -0.91519603]\n [-9.11190334 -8.38995709 -8.22628877 -0.01704721  8.03742198 -8.98344195]\n [12.13995188 10.34080023 10.19842917 -0.91519603 -8.98344195 13.06528814]]", "nfev": "273", "njev": "39", "status": "2", "success": "False", "message": "Desired error not necessarily achieved due to precision loss.", "x": "[ 1.58581643  2.6134301   5.17814183  6.81175508  3.90390204 -0.5863675 ]", "nit": "29", "callback": [0.5385818753650795, 0.430487618598715, 0.37552653034633743, 0.31960221797285926, 0.3101221364498329, 0.3026722519873083, 0.30237919634609944, 0.3019224971653871, 0.3015981744729588, 0.30142931280067875, 0.3011148593202616, 0.3005282715128593, 0.2994707585730374, 0.29783412165557555, 0.2968902129339708, 0.296106492370493, 0.29485058008884757, 0.29411519606594316, 0.2941073907761461, 0.29410469363790237, 0.29410422613323584, 0.29410398417198036, 0.29410398218925704, 0.29410398210575706, 0.2941039820102975, 0.2941039820004484, 0.294103981989292, 0.29410398198827203, 0.29410398198827203]}, "8": {"maxiter": 500, "gtol": 1e-05, "xrtol": 1e-05, "eps": 1e-05, "duration": 0.06468081474304199, "fun": "0.2941039821433352", "jac": "[ 1.04571907e-07 -6.32435215e-06  9.24699206e-06  9.22986132e-06\n  1.82057702e-06  1.00341957e-06]", "hess_inv": "[[  6.28890136   1.87919565  -3.38570655   4.02385752   6.66267265\n   -5.07980691]\n [  1.87919565   4.10243366  -1.51665905   2.85237887   2.10528286\n   -1.97611048]\n [ -3.38570655  -1.51665905   6.67485656  -4.71584282  -5.53809805\n    4.11984857]\n [  4.02385752   2.85237887  -4.71584282   8.17388498   6.47376972\n   -5.48373315]\n [  6.66267265   2.10528286  -5.53809805   6.47376972  22.31762315\n  -19.36992133]\n [ -5.07980691  -1.97611048   4.11984857  -5.48373315 -19.36992133\n   20.04327203]]", "nfev": "182", "njev": "26", "status": "0", "success": "True", "message": "Optimization terminated successfully.", "x": "[ 1.58581999  2.61341196  5.17814884  6.81177326  3.90392873 -0.58639362]", "nit": "23", "callback": [0.5385820598449121, 0.4304918323906385, 0.3755246463998321, 0.31960361780573254, 0.31012267877448396, 0.30267185571119526, 0.30237900829601927, 0.3019225551378184, 0.30159803199556134, 0.30142936657627406, 0.3011152537623738, 0.30052929763376635, 0.2994726257929905, 0.29783567356257934, 0.29689027944492996, 0.296108970423123, 0.29485603949413564, 0.2941154938541546, 0.2941073710257731, 0.2941046888620321, 0.29410422526329416, 0.2941039845580009, 0.2941039821433352]}, "9": {"maxiter": 500, "gtol": 1e-05, "xrtol": 1e-05, "eps": 1e-10, "duration": 0.07974410057067871, "fun": "0.29410398218925704", "jac": "[ 5.55111466e-06 -6.66133760e-06  8.88178346e-06  8.88178346e-06\n  3.33066880e-06  2.22044587e-06]", "hess_inv": "[[  6.25517911   1.82639043  -3.30302868   3.9570478    6.50702867\n   -4.92673931]\n [  1.82639043   4.05045353  -1.47080333   2.79875072   1.96753616\n   -1.84513154]\n [ -3.30302868  -1.47080333   6.56409279  -4.63576435  -5.35913595\n    3.96619902]\n [  3.9570478    2.79875072  -4.63576435   8.12927977   6.3650517\n   -5.38648234]\n [  6.50702867   1.96753616  -5.35913595   6.3650517   21.95667926\n  -19.03551324]\n [ -4.92673931  -1.84513154   3.96619902  -5.38648234 -19.03551324\n   19.73888672]]", "nfev": "182", "njev": "26", "status": "0", "success": "True", "message": "Optimization terminated successfully.", "x": "[ 1.58584474  2.61341515  5.17813833  6.81178892  3.90395549 -0.58640625]", "nit": "23", "callback": [0.5385818753650795, 0.430487618598715, 0.37552653034633743, 0.31960221797285926, 0.3101221364498329, 0.3026722519873083, 0.30237919634609944, 0.3019224971653871, 0.3015981744729588, 0.30142931280067875, 0.3011148593202616, 0.3005282715128593, 0.2994707585730374, 0.29783412165557555, 0.2968902129339708, 0.296106492370493, 0.29485058008884757, 0.29411519606594316, 0.2941073907761461, 0.29410469363790237, 0.29410422613323584, 0.29410398417198036, 0.29410398218925704]}, "10": {"maxiter": 500, "gtol": 1e-05, "xrtol": 1e-10, "eps": 1e-05, "duration": 0.05454683303833008, "fun": "0.2941039821433352", "jac": "[ 1.04571907e-07 -6.32435215e-06  9.24699206e-06  9.22986132e-06\n  1.82057702e-06  1.00341957e-06]", "hess_inv": "[[  6.28890136   1.87919565  -3.38570655   4.02385752   6.66267265\n   -5.07980691]\n [  1.87919565   4.10243366  -1.51665905   2.85237887   2.10528286\n   -1.97611048]\n [ -3.38570655  -1.51665905   6.67485656  -4.71584282  -5.53809805\n    4.11984857]\n [  4.02385752   2.85237887  -4.71584282   8.17388498   6.47376972\n   -5.48373315]\n [  6.66267265   2.10528286  -5.53809805   6.47376972  22.31762315\n  -19.36992133]\n [ -5.07980691  -1.97611048   4.11984857  -5.48373315 -19.36992133\n   20.04327203]]", "nfev": "182", "njev": "26", "status": "0", "success": "True", "message": "Optimization terminated successfully.", "x": "[ 1.58581999  2.61341196  5.17814884  6.81177326  3.90392873 -0.58639362]", "nit": "23", "callback": [0.5385820598449121, 0.4304918323906385, 0.3755246463998321, 0.31960361780573254, 0.31012267877448396, 0.30267185571119526, 0.30237900829601927, 0.3019225551378184, 0.30159803199556134, 0.30142936657627406, 0.3011152537623738, 0.30052929763376635, 0.2994726257929905, 0.29783567356257934, 0.29689027944492996, 0.296108970423123, 0.29485603949413564, 0.2941154938541546, 0.2941073710257731, 0.2941046888620321, 0.29410422526329416, 0.2941039845580009, 0.2941039821433352]}, "11": {"maxiter": 500, "gtol": 1e-05, "xrtol": 1e-10, "eps": 1e-10, "duration": 0.048786163330078125, "fun": "0.29410398218925704", "jac": "[ 5.55111466e-06 -6.66133760e-06  8.88178346e-06  8.88178346e-06\n  3.33066880e-06  2.22044587e-06]", "hess_inv": "[[  6.25517911   1.82639043  -3.30302868   3.9570478    6.50702867\n   -4.92673931]\n [  1.82639043   4.05045353  -1.47080333   2.79875072   1.96753616\n   -1.84513154]\n [ -3.30302868  -1.47080333   6.56409279  -4.63576435  -5.35913595\n    3.96619902]\n [  3.9570478    2.79875