{"date": "2024/10/08/, 16:45:37", "conf_id": 13, "data_type": "random\n", "num_data_points": 1, "s_rank": 0, "unitary": "[[-0.53618537-0.34368723j,-0.12107031-0.46226139j,-0.07699282-0.46603512j,0.36022595-0.11472301j],[0.26026499-0.63450712j,-0.56616638+0.37832564j,-0.14988651+0.08458591j,0.10363514-0.16008501j],[-0.32580188-0.11070003j,-0.36476308-0.23593218j,0.02559343+0.41761608j,-0.25598305+0.6725303j],[0.07406738-0.0126433j,0.28513701+0.19483972j,-0.74939717-0.10299659j,0.29798249+0.46269921j]]", "databatch_0": {"databatch": "[[[0.03386451-0.29063616j,0.03494863+0.20100588j,-0.12103969-0.06421604j,0.05662808+0.1485876j],[-0.02014732+0.2390612j,-0.0330027-0.25721012j,-0.02834007+0.04165106j,0.02908734-0.11375536j],[-0.23095248+0.02254899j,-0.12915466-0.09076911j,-0.06336128+0.17123259j,0.01964623-0.43139411j],[-0.02129171-0.10640433j,-0.03705718+0.04149013j,0.13324082+0.50036246j,0.32341188+0.03745139j]]]", "initial param values": "[1.78217901,3.61770634,2.55534652,4.83903354,2.14778741,2.51259588]", "nelder_mead": {"type": "gradient-free", "0": {"maxiter": 100, "fatol": 1e-05, "xatol": 1e-05, "duration": 0.040621042251586914, "fun": "0.2701169122412883", "nit": "100", "nfev": "150", "status": "2", "success": "False", "message": "Maximum number of iterations has been exceeded.", "x": "[1.92974097 2.76566974 3.54258281 4.57326517 2.29381347 2.2178166 ]", "final_simplex": "(array([[1.92974097, 2.76566974, 3.54258281, 4.57326517, 2.29381347,\n        2.2178166 ],\n       [1.95046483, 2.74512554, 3.5505392 , 4.55604938, 2.25447991,\n        2.20112013],\n       [1.9589245 , 2.78183797, 3.48619776, 4.53620324, 2.31454592,\n        2.22950383],\n       [1.9663639 , 2.76672064, 3.51149444, 4.51909693, 2.33319627,\n        2.21728797],\n       [1.94946967, 2.73439821, 3.52611338, 4.55518972, 2.29168782,\n        2.24190111],\n       [1.95312788, 2.73741182, 3.52847602, 4.5916632 , 2.27869749,\n        2.18082781],\n       [1.92063835, 2.7697934 , 3.52143791, 4.54137793, 2.30965919,\n        2.22995325]]), array([0.27011691, 0.27043988, 0.27049282, 0.27066582, 0.27070306,\n       0.27071294, 0.27083554]))", "callback": [0.5292619932105571, 0.33828149016122855, 0.3117424478576464, 0.2901728511379471, 0.2874396872795143, 0.278129453906768, 0.27429318142150694, 0.27287436990514236, 0.27125218511404325, 0.2704928228416086]}, "1": {"maxiter": 100, "fatol": 1e-05, "xatol": 1e-10, "duration": 0.03885602951049805, "fun": "0.2701169122412883", "nit": "100", "nfev": "150", "status": "2", "success": "False", "message": "Maximum number of iterations has been exceeded.", "x": "[1.92974097 2.76566974 3.54258281 4.57326517 2.29381347 2.2178166 ]", "final_simplex": "(array([[1.92974097, 2.76566974, 3.54258281, 4.57326517, 2.29381347,\n        2.2178166 ],\n       [1.95046483, 2.74512554, 3.5505392 , 4.55604938, 2.25447991,\n        2.20112013],\n       [1.9589245 , 2.78183797, 3.48619776, 4.53620324, 2.31454592,\n        2.22950383],\n       [1.9663639 , 2.76672064, 3.51149444, 4.51909693, 2.33319627,\n        2.21728797],\n       [1.94946967, 2.73439821, 3.52611338, 4.55518972, 2.29168782,\n        2.24190111],\n       [1.95312788, 2.73741182, 3.52847602, 4.5916632 , 2.27869749,\n        2.18082781],\n       [1.92063835, 2.7697934 , 3.52143791, 4.54137793, 2.30965919,\n        2.22995325]]), array([0.27011691, 0.27043988, 0.27049282, 0.27066582, 0.27070306,\n       0.27071294, 0.27083554]))", "callback": [0.5292619932105571, 0.33828149016122855, 0.3117424478576464, 0.2901728511379471, 0.2874396872795143, 0.278129453906768, 0.27429318142150694, 0.27287436990514236, 0.27125218511404325, 0.2704928228416086]}, "2": {"maxiter": 100, "fatol": 1e-10, "xatol": 1e-05, "duration": 0.03907322883605957, "fun": "0.2701169122412883", "nit": "100", "nfev": "150", "status": "2", "success": "False", "message": "Maximum number of iterations has been exceeded.", "x": "[1.92974097 2.76566974 3.54258281 4.57326517 2.29381347 2.2178166 ]", "final_simplex": "(array([[1.92974097, 2.76566974, 3.54258281, 4.57326517, 2.29381347,\n        2.2178166 ],\n       [1.95046483, 2.74512554, 3.5505392 , 4.55604938, 2.25447991,\n        2.20112013],\n       [1.9589245 , 2.78183797, 3.48619776, 4.53620324, 2.31454592,\n        2.22950383],\n       [1.9663639 , 2.76672064, 3.51149444, 4.51909693, 2.33319627,\n        2.21728797],\n       [1.94946967, 2.73439821, 3.52611338, 4.55518972, 2.29168782,\n        2.24190111],\n       [1.95312788, 2.73741182, 3.52847602, 4.5916632 , 2.27869749,\n        2.18082781],\n       [1.92063835, 2.7697934 , 3.52143791, 4.54137793, 2.30965919,\n        2.22995325]]), array([0.27011691, 0.27043988, 0.27049282, 0.27066582, 0.27070306,\n       0.27071294, 0.27083554]))", "callback": [0.5292619932105571, 0.33828149016122855, 0.3117424478576464, 0.2901728511379471, 0.2874396872795143, 0.278129453906768, 0.27429318142150694, 0.27287436990514236, 0.27125218511404325, 0.2704928228416086]}, "3": {"maxiter": 100, "fatol": 1e-10, "xatol": 1e-10, "duration": 0.036499977111816406, "fun": "0.2701169122412883", "nit": "100", "nfev": "150", "status": "2", "success": "False", "message": "Maximum number of iterations has been exceeded.", "x": "[1.92974097 2.76566974 3.54258281 4.57326517 2.29381347 2.2178166 ]", "final_simplex": "(array([[1.92974097, 2.76566974, 3.54258281, 4.57326517, 2.29381347,\n        2.2178166 ],\n       [1.95046483, 2.74512554, 3.5505392 , 4.55604938, 2.25447991,\n        2.20112013],\n       [1.9589245 , 2.78183797, 3.48619776, 4.53620324, 2.31454592,\n        2.22950383],\n       [1.9663639 , 2.76672064, 3.51149444, 4.51909693, 2.33319627,\n        2.21728797],\n       [1.94946967, 2.73439821, 3.52611338, 4.55518972, 2.29168782,\n        2.24190111],\n       [1.95312788, 2.73741182, 3.52847602, 4.5916632 , 2.27869749,\n        2.18082781],\n       [1.92063835, 2.7697934 , 3.52143791, 4.54137793, 2.30965919,\n        2.22995325]]), array([0.27011691, 0.27043988, 0.27049282, 0.27066582, 0.27070306,\n       0.27071294, 0.27083554]))", "callback": [0.5292619932105571, 0.33828149016122855, 0.3117424478576464, 0.2901728511379471, 0.2874396872795143, 0.278129453906768, 0.27429318142150694, 0.27287436990514236, 0.27125218511404325, 0.2704928228416086]}, "4": {"maxiter": 500, "fatol": 1e-05, "xatol": 1e-05, "duration": 0.10669112205505371, "fun": "0.26776920400575455", "nit": "260", "nfev": "408", "status": "0", "success": "True", "message": "Optimization terminated successfully.", "x": "[2.02526695 2.84919456 3.68146757 4.5738372  2.19641173 2.16715303]", "final_simplex": "(array([[2.02526695, 2.84919456, 3.68146757, 4.5738372 , 2.19641173,\n        2.16715303],\n       [2.02526361, 2.84919911, 3.681465  , 4.57383415, 2.19641644,\n        2.16715711],\n       [2.02527051, 2.84919829, 3.68146894, 4.57382939, 2.19640636,\n        2.16715407],\n       [2.02527281, 2.84919785, 3.68146173, 4.57383453, 2.19641546,\n        2.1671547 ],\n       [2.02526563, 2.84919654, 3.6814726 , 4.5738349 , 2.19641456,\n        2.16715872],\n       [2.02526329, 2.8491922 , 3.68146094, 4.57383812, 2.19641794,\n        2.16716262],\n       [2.02527025, 2.84919389, 3.68146041, 4.57383395, 2.19641556,\n        2.16715187]]), array([0.2677692, 0.2677692, 0.2677692, 0.2677692, 0.2677692, 0.2677692,\n       0.2677692]))", "callback": [0.5292619932105571, 0.33828149016122855, 0.3117424478576464, 0.2901728511379471, 0.2874396872795143, 0.278129453906768, 0.27429318142150694, 0.27287436990514236, 0.27125218511404325, 0.2704928228416086, 0.2700493167993675, 0.26952707019469324, 0.268994454291703, 0.2683766072522368, 0.26814159034043095, 0.2679013613025111, 0.26781037344617753, 0.26777980416803193, 0.2677715309918953, 0.2677698233928488, 0.26776930509344965, 0.2677692215598342, 0.26776920660567805, 0.2677692045204261, 0.26776920406190885, 0.2677692040076609]}, "5": {"maxiter": 500, "fatol": 1e-05, "xatol": 1e-10, "duration": 0.16453886032104492, "fun": "0.26776920399945225", "nit": "372", "nfev": "646", "status": "0", "success": "True", "message": "Optimization terminated successfully.", "x": "[2.02526864 2.84919878 3.68147084 4.5738351  2.19640921 2.16715579]", "final_simplex": "(array([[2.02526864, 2.84919878, 3.68147084, 4.5738351 , 2.19640921,\n        2.16715579],\n       [2.02526864, 2.84919878, 3.68147084, 4.5738351 , 2.19640921,\n        2.16715579],\n       [2.02526864, 2.84919878, 3.68147084, 4.5738351 , 2.19640921,\n        2.16715579],\n       [2.02526864, 2.84919878, 3.68147083, 4.5738351 , 2.19640921,\n        2.16715579],\n       [2.02526864, 2.84919878, 3.68147084, 4.5738351 , 2.19640921,\n        2.16715579],\n       [2.02526864, 2.84919878, 3.68147084, 4.5738351 , 2.19640921,\n        2.16715579],\n       [2.02526864, 2.84919878, 3.68147084, 4.5738351 , 2.19640921,\n        2.16715579]]), array([0.2677692, 0.2677692, 0.2677692, 0.2677692, 0.2677692, 0.2677692,\n       0.2677692]))", "callback": [0.5292619932105571, 0.33828149016122855, 0.3117424478576464, 0.2901728511379471, 0.2874396872795143, 0.278129453906768, 0.27429318142150694, 0.27287436990514236, 0.27125218511404325, 0.2704928228416086, 0.2700493167993675, 0.26952707019469324, 0.268994454291703, 0.2683766072522368, 0.26814159034043095, 0.2679013613025111, 0.26781037344617753, 0.26777980416803193, 0.2677715309918953, 0.2677698233928488, 0.26776930509344965, 0.2677692215598342, 0.26776920660567805, 0.2677692045204261, 0.26776920406190885, 0.2677692040076609, 0.2677692040052795, 0.26776920400038795, 0.26776920399986825, 0.2677692039995828, 0.26776920399947113, 0.267769203999459, 0.26776920399945325, 0.2677692039994528, 0.26776920399945237, 0.26776920399945237, 0.26776920399945225, 0.26776920399945225]}, "6": {"maxiter": 500, "fatol": 1e-10, "xatol": 1e-05, "duration": 0.09527707099914551, "fun": "0.26776920400575455", "nit": "260", "nfev": "408", "status": "0", "success": "True", "message": "Optimization terminated successfully.", "x": "[2.02526695 2.84919456 3.68146757 4.5738372  2.19641173 2.16715303]", "final_simplex": "(array([[2.02526695, 2.84919456, 3.68146757, 4.5738372 , 2.19641173,\n        2.16715303],\n       [2.02526361, 2.84919911, 3.681465  , 4.57383415, 2.19641644,\n        2.16715711],\n       [2.02527051, 2.84919829, 3.68146894, 4.57382939, 2.19640636,\n        2.16715407],\n       [2.02527281, 2.84919785, 3.68146173, 4.57383453, 2.19641546,\n        2.1671547 ],\n       [2.02526563, 2.84919654, 3.6814726 , 4.5738349 , 2.19641456,\n        2.16715872],\n       [2.02526329, 2.8491922 , 3.68146094, 4.57383812, 2.19641794,\n        2.16716262],\n       [2.02527025, 2.84919389, 3.68146041, 4.57383395, 2.19641556,\n        2.16715187]]), array([0.2677692, 0.2677692, 0.2677692, 0.2677692, 0.2677692, 0.2677692,\n       0.2677692]))", "callback": [0.5292619932105571, 0.33828149016122855, 0.3117424478576464, 0.2901728511379471, 0.2874396872795143, 0.278129453906768, 0.27429318142150694, 0.27287436990514236, 0.27125218511404325, 0.2704928228416086, 0.2700493167993675, 0.26952707019469324, 0.268994454291703, 0.2683766072522368, 0.26814159034043095, 0.2679013613025111, 0.26781037344617753, 0.26777980416803193, 0.2677715309918953, 0.2677698233928488, 0.26776930509344965, 0.2677692215598342, 0.26776920660567805, 0.2677692045204261, 0.26776920406190885, 0.2677692040076609]}, "7": {"maxiter": 500, "fatol": 1e-10, "xatol": 1e-10, "duration": 0.16332626342773438, "fun": "0.26776920399945225", "nit": "372", "nfev": "646", "status": "0", "success": "True", "message": "Optimization terminated successfully.", "x": "[2.02526864 2.84919878 3.68147084 4.5738351  2.19640921 2.16715579]", "final_simplex": "(array([[2.02526864, 2.84919878, 3.68147084, 4.5738351 , 2.19640921,\n        2.16715579],\n       [2.02526864, 2.84919878, 3.68147084, 4.5738351 , 2.19640921,\n        2.16715579],\n       [2.02526864, 2.84919878, 3.68147084, 4.5738351 , 2.19640921,\n        2.16715579],\n       [2.02526864, 2.84919878, 3.68147083, 4.5738351 , 2.19640921,\n        2.16715579],\n       [2.02526864, 2.84919878, 3.68147084, 4.5738351 , 2.19640921,\n        2.16715579],\n       [2.02526864, 2.84919878, 3.68147084, 4.5738351 , 2.19640921,\n        2.16715579],\n       [2.02526864, 2.84919878, 3.68147084, 4.5738351 , 2.19640921,\n        2.16715579]]), array([0.2677692, 0.2677692, 0.2677692, 0.2677692, 0.2677692, 0.2677692,\n       0.2677692]))", "callback": [0.5292619932105571, 0.33828149016122855, 0.3117424478576464, 0.2901728511379471, 0.2874396872795143, 0.278129453906768, 0.27429318142150694, 0.27287436990514236, 0.27125218511404325, 0.2704928228416086, 0.2700493167993675, 0.26952707019469324, 0.268994454291703, 0.2683766072522368, 0.26814159034043095, 0.2679013613025111, 0.26781037344617753, 0.26777980416803193, 0.2677715309918953, 0.2677698233928488, 0.26776930509344965, 0.2677692215598342, 0.26776920660567805, 0.2677692045204261, 0.26776920406190885, 0.2677692040076609, 0.2677692040052795, 0.26776920400038795, 0.26776920399986825, 0.2677692039995828, 0.26776920399947113, 0.267769203999459, 0.26776920399945325, 0.2677692039994528, 0.26776920399945237, 0.26776920399945237, 0.26776920399945225, 0.26776920399945225]}, "8": {"maxiter": 1000, "fatol": 1e-05, "xatol": 1e-05, "duration": 0.10122108459472656, "fun": "0.26776920400575455", "nit": "260", "nfev": "408", "status": "0", "success": "True", "message": "Optimization terminated successfully.", "x": "[2.02526695 2.84919456 3.68146757 4.5738372  2.19641173 2.16715303]", "final_simplex": "(array([[2.02526695, 2.84919456, 3.68146757, 4.5738372 , 2.19641173,\n        2.16715303],\n       [2.02526361, 2.84919911, 3.681465  , 4.57383415, 2.19641644,\n        2.16715711],\n       [2.02527051, 2.84919829, 3.68146894, 4.57382939, 2.19640636,\n        2.16715407],\n       [2.02527281, 2.84919785, 3.68146173, 4.57383453, 2.19641546,\n        2.1671547 ],\n       [2.02526563, 2.84919654, 3.6814726 , 4.5738349 , 2.19641456,\n        2.16715872],\n       [2.02526329, 2.8491922 , 3.68146094, 4.57383812, 2.19641794,\n        2.16716262],\n       [2.02527025, 2.84919389, 3.68146041, 4.57383395, 2.19641556,\n        2.16715187]]), array([0.2677692, 0.2677692, 0.2677692, 0.2677692, 0.2677692, 0.2677692,\n       0.2677692]))", "callback": [0.5292619932105571, 0.33828149016122855, 0.3117424478576464, 0.2901728511379471, 0.2874396872795143, 0.278129453906768, 0.27429318142150694, 0.27287436990514236, 0.27125218511404325, 0.2704928228416086, 0.2700493167993675, 0.26952707019469324, 0.268994454291703, 0.2683766072522368, 0.26814159034043095, 0.2679013613025111, 0.26781037344617753, 0.26777980416803193, 0.2677715309918953, 0.2677698233928488, 0.26776930509344965, 0.2677692215598342, 0.26776920660567805, 0.2677692045204261, 0.26776920406190885, 0.2677692040076609]}, "9": {"maxiter": 1000, "fatol": 1e-05, "xatol": 1e-10, "duration": 0.1575148105621338, "fun": "0.26776920399945225", "nit": "372", "nfev": "646", "status": "0", "success": "True", "message": "Optimization terminated successfully.", "x": "[2.02526864 2.84919878 3.68147084 4.5738351  2.19640921 2.16715579]", "final_simplex": "(array([[2.02526864, 2.84919878, 3.68147084, 4.5738351 , 2.19640921,\n        2.16715579],\n       [2.02526864, 2.84919878, 3.68147084, 4.5738351 , 2.19640921,\n        2.16715579],\n       [2.02526864, 2.84919878, 3.68147084, 4.5738351 , 2.19640921,\n        2.16715579],\n       [2.02526864, 2.84919878, 3.68147083, 4.5738351 , 2.19640921,\n        2.16715579],\n       [2.02526864, 2.84919878, 3.68147084, 4.5738351 , 2.19640921,\n        2.16715579],\n       [2.02526864, 2.84919878, 3.68147084, 4.5738351 , 2.19640921,\n        2.16715579],\n       [2.02526864, 2.84919878, 3.68147084, 4.5738351 , 2.19640921,\n        2.16715579]]), array([0.2677692, 0.2677692, 0.2677692, 0.2677692, 0.2677692, 0.2677692,\n       0.2677692]))", "callback": [0.5292619932105571, 0.33828149016122855, 0.3117424478576464, 0.2901728511379471, 0.2874396872795143, 0.278129453906768, 0.27429318142150694, 0.27287436990514236, 0.27125218511404325, 0.2704928228416086, 0.2700493167993675, 0.26952707019469324, 0.268994454291703, 0.2683766072522368, 0.26814159034043095, 0.2679013613025111, 0.26781037344617753, 0.26777980416803193, 0.2677715309918953, 0.2677698233928488, 0.26776930509344965, 0.2677692215598342, 0.26776920660567805, 0.2677692045204261, 0.26776920406190885, 0.2677692040076609, 0.2677692040052795, 0.26776920400038795, 0.26776920399986825, 0.2677692039995828, 0.26776920399947113, 0.267769203999459, 0.26776920399945325, 0.2677692039994528, 0.26776920399945237, 0.26776920399945237, 0.26776920399945225, 0.26776920399945225]}, "10": {"maxiter": 1000, "fatol": 1e-10, "xatol": 1e-05, "duration": 0.09990501403808594, "fun": "0.26776920400575455", "nit": "260", "nfev": "408", "status": "0", "success": "True", "message": "Optimization terminated successfully.", "x": "[2.02526695 2.84919456 3.68146757 4.5738372  2.19641173 2.16715303]", "final_simplex": "(array([[2.02526695, 2.84919456, 3.68146757, 4.5738372 , 2.19641173,\n        2.16715303],\n       [2.02526361, 2.84919911, 3.681465  , 4.57383415, 2.19641644,\n        2.16715711],\n       [2.02527051, 2.84919829, 3.68146894, 4.57382939, 2.19640636,\n        2.16715407],\n       [2.02527281, 2.84919785, 3.68146173, 4.57383453, 2.19641546,\n        2.1671547 ],\n       [2.02526563, 2.84919654, 3.6814726 , 4.5738349 , 2.19641456,\n        2.16715872],\n       [2.02526329, 2.8491922 , 3.68146094, 4.57383812, 2.19641794,\n        2.16716262],\n       [2.02527025, 2.84919389, 3.68146041, 4.57383395, 2.19641556,\n        2.16715187]]), array([0.2677692, 0.2677692, 0.2677692, 0.2677692, 0.2677692, 0.2677692,\n       0.2677692]))", "callback": [0.5292619932105571, 0.33828149016122855, 0.3117424478576464, 0.2901728511379471, 0.2874396872795143, 0.278129453906768, 0.27429318142150694, 0.27287436990514236, 0.27125218511404325, 0.2704928228416086, 0.2700493167993675, 0.26952707019469324, 0.268994454291703, 0.2683766072522368, 0.26814159034043095, 0.2679013613025111, 0.26781037344617753, 0.26777980416803193, 0.2677715309918953, 0.2677698233928488, 0.26776930509344965, 0.2677692215598342, 0.26776920660567805, 0.2677692045204261, 0.26776920406190885, 0.2677692040076609]}, "11": {"maxiter": 1000, "fatol": 1e-10, "xatol": 1e-10, "duration": 0.16802501678466797, "fun": "0.26776920399945225", "nit": "372", "nfev": "646", "status": "0", "success": "True", "message": "Optimization terminated successfully.", "x": "[2.02526864 2.84919878 3.68147084 4.5738351  2.19640921 2.16715579]", "final_simplex": "(array([[2.02526864, 2.84919878, 3.68147084, 4.5738351 , 2.19640921,\n        2.16715579],\n       [2.02526864, 2.84919878, 3.68147084, 4.5738351 , 2.19640921,\n        2.16715579],\n       [2.02526864, 2.84919878, 3.68147084, 4.5738351 , 2.19640921,\n        2.16715579],\n       [2.02526864, 2.84919878, 3.68147083, 4.5738351 , 2.19640921,\n        2.16715579],\n       [2.02526864, 2.84919878, 3.68147084, 4.5738351 , 2.19640921,\n        2.16715579],\n       [2.02526864, 2.84919878, 3.68147084, 4.5738351 , 2.19640921,\n        2.16715579],\n       [2.02526864, 2.84919878, 3.68147084, 4.5738351 , 2.19640921,\n        2.16715579]]), array([0.2677692, 0.2677692, 0.2677692, 0.2677692, 0.2677692, 0.2677692,\n       0.2677692]))", "callback": [0.5292619932105571, 0.33828149016122855, 0.3117424478576464, 0.2901728511379471, 0.2874396872795143, 0.278129453906768, 0.27429318142150694, 0.27287436990514236, 0.27125218511404325, 0.2704928228416086, 0.2700493167993675, 0.26952707019469324, 0.268994454291703, 0.2683766072522368, 0.26814159034043095, 0.2679013613025111, 0.26781037344617753, 0.26777980416803193, 0.2677715309918953, 0.2677698233928488, 0.26776930509344965, 0.2677692215598342, 0.26776920660567805, 0.2677692045204261, 0.26776920406190885, 0.2677692040076609, 0.2677692040052795, 0.26776920400038795, 0.26776920399986825, 0.2677692039995828, 0.26776920399947113, 0.267769203999459, 0.26776920399945325, 0.2677692039994528, 0.26776920399945237, 0.26776920399945237, 0.26776920399945225, 0.26776920399945225]}}, "bfgs": {"type": "gradient", "0": {"maxiter": 100, "gtol": 1e-05, "xrtol": 1e-05, "eps": 1e-05, "duration": 0.03751397132873535, "fun": "0.26776920406311344", "jac": "[-3.60113050e-06 -2.20723440e-07  1.96008765e-06 -2.05879758e-06\n  2.18005614e-06 -2.84783308e-06]", "hess_inv": "[[ 3.9133601  -0.20560704  1.27214856 -0.81185389 -1.36626412 -2.94534921]\n [-0.20560704  3.68695331  1.54237851 -0.81568298 -0.15357635 -0.01669495]\n [ 1.27214856  1.54237851  7.65376712  0.9319667  -5.09942426 -2.287722  ]\n [-0.81185389 -0.81568298  0.9319667   3.07608896 -0.58138978  0.16946958]\n [-1.36626412 -0.15357635 -5.09942426 -0.58138978  6.25271164  2.63321469]\n [-2.94534921 -0.01669495 -2.287722    0.16946958  2.63321469  4.95595361]]", "nfev": "140", "njev": "20", "status": "0", "success": "True", "message": "Optimization terminated successfully.", "x": "[2.0252588  2.84919598 3.68146808 4.57382619 2.19641119 2.1671484 ]", "nit": "19", "callback": [0.43376122100087144, 0.3528431902305432, 0.299166894445027, 0.29348477769479575, 0.28370348944310964, 0.27342874034840503, 0.27212611376652085, 0.2701126447820378, 0.2684768730440863, 0.26806570766928406, 0.26790062770232914, 0.26782084576841925, 0.26778679685734064, 0.2677745263010217, 0.26777016589332836, 0.26776930653181397, 0.2677692108025843, 0.26776920452671327, 0.26776920406311344]}, "1": {"maxiter": 100, "gtol": 1e-05, "xrtol": 1e-05, "eps": 1e-10, "duration": 0.03125190734863281, "fun": "0.26776920406428684", "jac": "[-4.44089173e-06 -1.11022293e-06 -1.11022293e-06 -3.33066880e-06\n  1.11022293e-06 -7.77156053e-06]", "hess_inv": "[[ 3.87948613 -0.13244874  1.37488743 -0.74878578 -1.40736034 -2.91221178]\n [-0.13244874  3.62166482  1.52931905 -0.88495724 -0.07487375 -0.04115833]\n [ 1.37488743  1.52931905  7.83291928  0.87987875 -4.99490278 -2.23406924]\n [-0.74878578 -0.88495724  0.87987875  2.98672561 -0.51134219  0.14858741]\n [-1.40736034 -0.07487375 -4.99490278 -0.51134219  6.05605362  2.53048575]\n [-2.91221178 -0.04115833 -2.23406924  0.14858741  2.53048575  4.90428783]]", "nfev": "140", "njev": "20", "status": "0", "success": "True", "message": "Optimization terminated successfully.", "x": "[2.0252644  2.84920959 3.6814808  4.57382603 2.19641205 2.16714491]", "nit": "19", "callback": [0.433760895623999, 0.35284509748299997, 0.2991670821821022, 0.29348474960014803, 0.28370319520248355, 0.27342880540648673, 0.2721259390127372, 0.27011235110717147, 0.2684770699833702, 0.2680657206461361, 0.26790069273720896, 0.267820876890402, 0.26778680900433216, 0.26777452646399413, 0.26777016499209805, 0.267769306533728, 0.2677692103949305, 0.26776920454283526, 0.26776920406428684]}, "2": {"maxiter": 100, "gtol": 1e-05, "xrtol": 1e-10, "eps": 1e-05, "duration": 0.038040876388549805, "fun": "0.26776920406311344", "jac": "[-3.60113050e-06 -2.20723440e-07  1.96008765e-06 -2.05879758e-06\n  2.18005614e-06 -2.84783308e-06]", "hess_inv": "[[ 3.9133601  -0.20560704  1.27214856 -0.81185389 -1.36626412 -2.94534921]\n [-0.20560704  3.68695331  1.54237851 -0.81568298 -0.15357635 -0.01669495]\n [ 1.27214856  1.54237851  7.65376712  0.9319667  -5.09942426 -2.287722  ]\n [-0.81185389 -0.81568298  0.9319667   3.07608896 -0.58138978  0.16946958]\n [-1.36626412 -0.15357635 -5.09942426 -0.58138978  6.25271164  2.63321469]\n [-2.94534921 -0.01669495 -2.287722    0.16946958  2.63321469  4.95595361]]", "nfev": "140", "njev": "20", "status": "0", "success": "True", "message": "Optimization terminated successfully.", "x": "[2.0252588  2.84919598 3.68146808 4.57382619 2.19641119 2.1671484 ]", "nit": "19", "callback": [0.43376122100087144, 0.3528431902305432, 0.299166894445027, 0.29348477769479575, 0.28370348944310964, 0.27342874034840503, 0.27212611376652085, 0.2701126447820378, 0.2684768730440863, 0.26806570766928406, 0.26790062770232914, 0.26782084576841925, 0.26778679685734064, 0.2677745263010217, 0.26777016589332836, 0.26776930653181397, 0.2677692108025843, 0.26776920452671327, 0.26776920406311344]}, "3": {"maxiter": 100, "gtol": 1e-05, "xrtol": 1e-10, "eps": 1e-10, "duration": 0.03867697715759277, "fun": "0.26776920406428684", "jac": "[-4.44089173e-06 -1.11022293e-06 -1.11022293e-06 -3.33066880e-06\n  1.11022293e-06 -7.77156053e-06]", "hess_inv": "[[ 3.87948613 -0.13244874  1.37488743 -0.74878578 -1.40736034 -2.91221178]\n [-0.13244874  3.62166482  1.52931905 -0.88495724 -0.07487375 -0.04115833]\n [ 1.37488743  1.52931905  7.83291928  0.87987875 -4.99490278 -2.23406924]\n [-0.74878578 -0.88495724  0.87987875  2.98672561 -0.51134219  0.14858741]\n [-1.40736034 -0.07487375 -4.99490278 -0.51134219  6.05605362  2.53048575]\n [-2.91221178 -0.04115833 -2.23406924  0.14858741  2.53048575  4.90428783]]", "nfev": "140", "njev": "20", "status": "0", "success": "True", "message": "Optimization terminated successfully.", "x": "[2.0252644  2.84920959 3.6814808  4.57382603 2.19641205 2.16714491]", "nit": "19", "callback": [0.433760895623999, 0.35284509748299997, 0.2991670821821022, 0.29348474960014803, 0.28370319520248355, 0.27342880540648673, 0.2721259390127372, 0.27011235110717147, 0.2684770699833702, 0.2680657206461361, 0.26790069273720896, 0.267820876890402, 0.26778680900433216, 0.26777452646399413, 0.26777016499209805, 0.267769306533728, 0.2677692103949305, 0.26776920454283526, 0.26776920406428684]}, "4": {"maxiter": 100, "gtol": 1e-10, "xrtol": 1e-05, "eps": 1e-05, "duration": 0.038205862045288086, "fun": "0.26776920406311344", "jac": "[-3.60113050e-06 -2.20723440e-07  1.96008765e-06 -2.05879758e-06\n  2.18005614e-06 -2.84783308e-06]", "hess_inv": "[[ 3.9133601  -0.20560704  1.27214856 -0.81185389 -1.36626412 -2.94534921]\n [-0.20560704  3.68695331  1.54237851 -0.81568298 -0.15357635 -0.01669495]\n [ 1.27214856  1.54237851  7.65376712  0.9319667  -5.09942426 -2.287722  ]\n [-0.81185389 -0.81568298  0.9319667   3.07608896 -0.58138978  0.16946958]\n [-1.36626412 -0.15357635 -5.09942426 -0.58138978  6.25271164  2.63321469]\n [-2.94534921 -0.01669495 -2.287722    0.16946958  2.63321469  4.95595361]]", "nfev": "140", "njev": "20", "status": "0", "success": "True", "message": "Optimization terminated successfully.", "x": "[2.0252588  2.84919598 3.68146808 4.57382619 2.19641119 2.1671484 ]", "nit": "19", "callback": [0.43376122100087144, 0.3528431902305432, 0.299166894445027, 0.29348477769479575, 0.28370348944310964, 0.27342874034840503, 0.27212611376652085, 0.2701126447820378, 0.2684768730440863, 0.26806570766928406, 0.26790062770232914, 0.26782084576841925, 0.26778679685734064, 0.2677745263010217, 0.26777016589332836, 0.26776930653181397, 0.2677692108025843, 0.26776920452671327, 0.26776920406311344]}, "5": {"maxiter": 100, "gtol": 1e-10, "xrtol": 1e-05, "eps": 1e-10, "duration": 0.03168940544128418, "fun": "0.26776920406428684", "jac": "[-4.44089173e-06 -1.11022293e-06 -1.11022293e-06 -3.33066880e-06\n  1.11022293e-06 -7.77156053e-06]", "hess_inv": "[[ 3.87948613 -0.13244874  1.37488743 -0.74878578 -1.40736034 -2.91221178]\n [-0.13244874  3.62166482  1.52931905 -0.88495724 -0.07487375 -0.04115833]\n [ 1.37488743  1.52931905  7.83291928  0.87987875 -4.99490278 -2.23406924]\n [-0.74878578 -0.88495724  0.87987875  2.98672561 -0.51134219  0.14858741]\n [-1.40736034 -0.07487375 -4.99490278 -0.51134219  6.05605362  2.53048575]\n [-2.91221178 -0.04115833 -2.23406924  0.14858741  2.53048575  4.90428783]]", "nfev": "140", "njev": "20", "status": "0", "success": "True", "message": "Optimization terminated successfully.", "x": "[2.0252644  2.84920959 3.6814808  4.57382603 2.19641205 2.16714491]", "nit": "19", "callback": [0.433760895623999, 0.35284509748299997, 0.2991670821821022, 0.29348474960014803, 0.28370319520248355, 0.27342880540648673, 0.2721259390127372, 0.27011235110717147, 0.2684770699833702, 0.2680657206461361, 0.26790069273720896, 0.267820876890402, 0.26778680900433216, 0.26777452646399413, 0.26777016499209805, 0.267769306533728, 0.2677692103949305, 0.26776920454283526, 0.26776920406428684]}, "6": {"maxiter": 100, "gtol": 1e-10, "xrtol": 1e-10, "eps": 1e-05, "duration": 0.046597957611083984, "fun": "0.26776920402184456", "jac": "[-2.22044605e-11 -2.22044605e-11 -1.11022302e-11 -2.22044605e-11\n  1.11022302e-11 -3.33066907e-11]", "hess_inv": "[[ 4.21476388  0.60594595  1.42100114 -0.61226962 -1.57223643 -2.64723017]\n [ 0.60594595  4.02609634  2.40389093 -1.09852209 -0.95131329 -0.86370024]\n [ 1.42100114  2.40389093  8.50814226  0.56668521 -5.53909125 -2.53876026]\n [-0.61226962 -1.09852209  0.56668521  3.33544628 -0.5040067   0.27057563]\n [-1.57223643 -0.95131329 -5.53909125 -0.5040067   6.41891326  2.43797692]\n [-2.64723017 -0.86370024 -2.53876026  0.27057563  2.43797692  4.77310348]]", "nfev": "182", "njev": "26", "status": "0", "success": "True", "message": "Optimization terminated successfully.", "x": "[2.02526606 2.84919163 3.68146308 4.57383146 2.19640778 2.16715295]", "nit": "25", "callback": [0.43376122100087144, 0.3528431902305432, 0.299166894445027, 0.29348477769479575, 0.28370348944310964, 0.27342874034840503, 0.27212611376652085, 0.2701126447820378, 0.2684768730440863, 0.26806570766928406, 0.26790062770232914, 0.26782084576841925, 0.26778679685734064, 0.2677745263010217, 0.26777016589332836, 0.26776930653181397, 0.2677692108025843, 0.26776920452671327, 0.26776920406311344, 0.26776920402850235, 0.267769204022306, 0.267769204022129, 0.26776920402184934, 0.2677692040218447, 0.26776920402184456]}, "7": {"maxiter": 100, "gtol": 1e-10, "xrtol": 1e-10, "eps": 1e-10, "duration": 0.05787968635559082, "fun": "0.2677692040047449", "jac": "[ 0.00000000e+00 -1.11022293e-06  1.11022293e-06  2.22044587e-06\n  2.22044587e-06  0.00000000e+00]", "hess_inv": "[[  2.3690321    1.41514702   1.81008006  -0.66435435   0.4589538\n   -1.70707673]\n [  1.41514702  54.92962932  54.86498523 -19.52048564  -0.28483016\n  -33.86981345]\n [  1.81008006  54.86498523  58.27860432 -18.01942307  -0.8592836\n  -36.51714936]\n [ -0.66435435 -19.52048564 -18.01942307   9.35084213  -1.15866312\n   11.40393487]\n [  0.4589538   -0.28483016  -0.8592836   -1.15866312   1.36488569\n    0.32023886]\n [ -1.70707673 -33.86981345 -36.51714936  11.40393487   0.32023886\n   23.56690326]]", "nfev": "238", "njev": "34", "status": "0", "success": "True", "message": "Optimization terminated successfully.", "x": "[2.02526632 2.84919735 3.68146904 4.57383685 2.19641008 2.16716231]", "nit": "24", "callback": [0.433760895623999, 0.35284509748299997, 0.2991670821821022, 0.29348474960014803, 0.28370319520248355, 0.27342880540648673, 0.2721259390127372, 0.27011235110717147, 0.2684770699833702, 0.2680657206461361, 0.26790069273720896, 0.267820876890402, 0.26778680900433216, 0.26777452646399413, 0.26777016499209805, 0.267769306533728, 0.2677692103949305, 0.26776920454283526, 0.26776920406428684, 0.26776920404884896, 0.2677692040310915, 0.2677692040061176, 0.267769204004745, 0.2677692040047449]}, "8": {"maxiter": 500, "gtol": 1e-05, "xrtol": 1e-05, "eps": 1e-05, "duration": 0.03159689903259277, "fun": "0.26776920406311344", "jac": "[-3.60113050e-06 -2.20723440e-07  1.96008765e-06 -2.05879758e-06\n  2.18005614e-06 -2.84783308e-06]", "hess_inv": "[[ 3.9133601  -0.20560704  1.27214856 -0.81185389 -1.36626412 -2.94534921]\n [-0.20560704  3.68695331  1.54237851 -0.81568298 -0.15357635 -0.01669495]\n [ 1.27214856  1.54237851  7.65376712  0.9319667  -5.09942426 -2.287722  ]\n [-0.81185389 -0.81568298  0.9319667   3.07608896 -0.58138978  0.16946958]\n [-1.36626412 -0.15357635 -5.09942426 -0.58138978  6.25271164  2.63321469]\n [-2.94534921 -0.01669495 -2.287722    0.16946958  2.63321469  4.95595361]]", "nfev": "140", "njev": "20", "status": "0", "success": "True", "message": "Optimization terminated successfully.", "x": "[2.0252588  2.84919598 3.68146808 4.57382619 2.19641119 2.1671484 ]", "nit": "19", "callback": [0.43376122100087144, 0.3528431902305432, 0.299166894445027, 0.29348477769479575, 0.28370348944310964, 0.27342874034840503, 0.27212611376652085, 0.2701126447820378, 0.2684768730440863, 0.26806570766928406, 0.26790062770232914, 0.26782084576841925, 0.26778679685734064, 0.2677745263010217, 0.26777016589332836, 0.26776930653181397, 0.2677692108025843, 0.26776920452671327, 0.26776920406311344]}, "9": {"maxiter": 500, "gtol": 1e-05, "xrtol": 1e-05, "eps": 1e-10, "duration": 0.04399991035461426, "fun": "0.26776920406428684", "jac": "[-4.44089173e-06 -1.11022293e-06 -1.11022293e-06 -3.33066880e-06\n  1.11022293e-06 -7.77156053e-06]", "hess_inv": "[[ 3.87948613 -0.13244874  1.37488743 -0.74878578 -1.40736034 -2.91221178]\n [-0.13244874  3.62166482  1.52931905 -0.88495724 -0.07487375 -0.04115833]\n [ 1.37488743  1.52931905  7.83291928  0.87987875 -4.99490278 -2.23406924]\n [-0.74878578 -0.88495724  0.87987875  2.98672561 -0.51134219  0.14858741]\n [-1.40736034 -0.07487375 -4.99490278 -0.51134219  6.05605362  2.53048575]\n [-2.91221178 -0.04115833 -2.23406924  0.14858741  2.53048575  4.90428783]]", "nfev": "140", "njev": "20", "status": "0", "success": "True", "message": "Optimization terminated successfully.", "x": "[2.0252644  2.84920959 3.6814808  4.57382603 2.19641205 2.16714491]", "nit": "19", "callback": [0.433760895623999, 0.35284509748299997, 0.2991670821821022, 0.29348474960014803, 0.28370319520248355, 0.27342880540648673, 0.2721259390127372, 0.27011235110717147, 0.2684770699833702, 0.2680657206461361, 0.26790069273720896, 0.267820876890402, 0.26778680900433216, 0.26777452646399413, 0.26777016499209805, 0.267769306533728, 0.2677692103949305, 0.26776920454283526, 0.26776920406428684]}, "10": {"maxiter": 500, "gtol": 1e-05, "xrtol": 1e-10, "eps": 1e-05, "duration": 0.03146100044250488, "fun": "0.26776920406311344", "jac": "[-3.60113050e-06 -2.20723440e-07  1.96008765e-06 -2.05879758e-06\n  2.18005614e-06 -2.84783308e-06]", "hess_inv": "[[ 3.9133601  -0.20560704  1.27214856 -0.81185389 -1.36626412 -2.94534921]\n [-0.20560704  3.68695331  1.54237851 -0.81568298 -0.15357635 -0.01669495]\n [ 1.27214856  1.54237851  7.65376712  0.9319667  -5.09942426 -2.287722  ]\n [-0.81185389 -0.81568298  0.9319667   3.07608896 -0.58138978  0.16946958]\n [-1.36626412 -0.15357635 -5.09942426 -0.58138978  6.25271164  2.63321469]\n [-2.94534921 -0.01669495 -2.287722    0.16946958  2.63321469  4.95595361]]", "nfev": "140", "njev": "20", "status": "0", "success": "True", "message": "Optimization terminated successfully.", "x": "[2.0252588  2.84919598 3.68146808 4.57382619 2.19641119 2.1671484 ]", "nit": "19", "callback": [0.43376122100087144, 0.3528431902305432, 0.299166894445027, 0.29348477769479575, 0.28370348944310964, 0.27342874034840503, 0.27212611376652085, 0.2701126447820378, 0.2684768730440863, 0.26806570766928406, 0.26790062770232914, 0.26782084576841925, 0.26778679685734064, 0.2677745263010217, 0.26777016589332836, 0.26776930653181397, 0.2677692108025843, 0.26776920452671327, 0.26776920406311344]}, "11": {"maxiter": 500, "gtol": 1e-05, "xrtol": 1e-10, "eps": 1e-10, "duration": 0.038461923599243164, "fun": "0.26776920406428684", "jac": "[-4.44089173e-06 -1.11022293e-06 -1.11022293e-06 -3.33066880e-06\n  1.11022293e-06 -7.77156053e-06]", "hess_inv": "[[ 3.87948613 -0.13244874  1.37488743 -0.74878578 -1.40736034 -2.91221178]\n [-0.13244874  3.62166482  1.52931905 -0.88495724 -0.07487375 -0.04115833]\n [ 1.37488743  1.52931905  7.83291928  0.87987875 -4.99490278 -2.23406924]\n [-0.74878578 -0.88495724  0.87987875  2.98672561 -0.51134219  0.14858741]\n [-1.40736034 -0.07487375 -4.99490278 -0.51134219  6.05605362  2.53048575]\n [-2.91221178 -0.04115833 -2.23406924  0.14858741  2.53048575  4.90428783]]", "nfev": "140", "njev": "20", "status": "0", "success": "True", "message": "Optimization terminated successfully.", "x": "[2.0252644  2.84920959 3.6814808  4.57382603 2.19641205 2.16714491]", "nit": "19", "callback": [0.433760895623999, 0.35284509748299997, 0.2991670821821022, 0.29348474960014803, 0.28370319520248355, 0.27342880540648673, 0.2721259390127372, 0.27011235110717147, 0.2684770699833702, 0.2680657206461361, 0.26790069273720896, 0.267820876890402, 0.26778680900433216, 0.26777452646399413, 0.26777016499209805, 0.267769306533728, 0.2677692103949305, 0.26776920454283526, 0.26776920406428684]}, "12": {"maxiter": 500, "gtol": 1e-10, "xrtol": 1e-05, "eps": 1e-05, "duration": 0.04399514198303223, "fun": "0.26776920406311344", "jac": "[-3.60113050e-06 -2.20723440e-07  1.96008765e-06 -2.05879758e-06\n  2.18005614e-06 -2.84783308e-06]", "hess_inv": "[[ 3.9133601  -0.20560704  1.27214856 -0.81185389 -1.36626412 -2.94534921]\n [-0.20560704  3.68695331  1.54237851 -0.81568298 -0.15357635 -0.01669495]\n [ 1.27214856  1.54237851  7.65376712  0.9319667  -5.09942426 -2.287722  ]\n [-0.81185389 -0.81568298  0.9319667   3.07608896 -0.58138978  0.16946958]\n [-1.36626412 -0.15357635 -5.09942426 -0.58138978  6.25271164  2.63321469]\n [-2.94534921 -0.01669495 -2.287722    0.16946958  2.63321469  4.95595361]]", "nfev": "140", "njev": "20", "status": "0", "success": "True", "message": "Optimization terminated successfully.", "x": "[2.0252588  2.84919598 3.68146808 4.57382619 2.19641119 2.1671484 ]", "nit": "19", "callback": [0.43376122100087144, 0.3528431902305432, 0.299166894445027, 0.29348477769479575, 0.28370348944310964, 0.27342874034840503, 0.27212611376652085, 0.2701126447820378, 0.2684768730440863, 0.26806570766928406, 0.26790062770232914, 0.26782084576841925, 0.26778679685734064, 0.2677745263010217, 0.26777016589332836, 0.26776930653181397, 0.2677692108025843, 0.26776920452671327, 0.26776920406311344]}, "13": {"maxiter": 500, "gtol": 1e-10, "xrtol": 1e-05, "eps": 1e-10, "duration": 0.03340411186218262, "fun": "0.26776920406428684", "jac": "[-4.44089173e-06 -1.11022293e-06 -1.11022293e-06 -3.33066880e-06\n  1.11022293e-06 -7.77156053e-06]", "hess_inv": "[[ 3.87948613 -0.13244874  1.37488743 -0.74878578 -1.40736034 -2.91221178]\n [-0.13244874  3.62166482  1.52931905 -0.88495724 -0.07487375 -0.04115833]\n [ 1.37488743  1.52931905  7.83291928  0.87987875 -4.99490278 -2.23406924]\n [-0.74878578 -0.88495724  0.87987875  2.98672561 -0.51134219  0.14858741]\n [-1.40736034 -0.07487375 -4.99490278 -0.51134219  6.05605362  2.53048575]\n [-2.91221178 -0.04115833 -2.23406924  0.14858741  2.53048575  4.90428783]]", "nfev": "140", "njev": "20", "status": "0", "success": "True", "message": "Optimization terminated successfully.", "x": "[2.0252644  2.84920959 3.6814808  4.57382603 2.19641205 2.16714491]", "nit": "19", "callback": [0.433760895623999, 0.35284509748299997, 0.2991670821821022, 0.29348474960014803, 0.28370319520248355, 0.27342880540648673, 0.2721259390127372, 0.27011235110717147, 0.2684770699833702, 0.2680657206461361, 0.26790069273720896, 0.267820876890402, 0.26778680900433216, 0.26777452646399413, 0.26777016499209805, 0.267769306533728, 0.2677692103949305, 0.26776920454283526, 0.26776920406428684]}, "14": {"maxiter": 500, "gtol": 1e-10, "xrtol": 1e-10, "eps": 1e-05, "duration": 0.0440976619720459, "fun": "0.26776920402184456", "jac": "[-2.22044605e-11 -2.22044605e-11 -1.11022302e-11 -2.22044605e-11\n  1.11022302e-11 -3.33066907e-11]", "hess_inv": "[[ 4.21476388  0.60594595  1.42100114 -0.61226962 -1.57223643 -2.64723017]\n [ 0.60594595  4.02609634  2.40389093 -1.09852209 -0.95131329 -0.86370024]\n [ 1.42100114  2.40389093  8.50814226  0.56668521 -5.53909125 -2.53876026]\n [-0.61226962 -1.09852209  0.56668521  3.33544628 -0.5040067   0.27057563]\n [-1.57223643 -0.95131329 -5.53909125 -0.5040067   6.41891326  2.43797692]\n [-2.64723017 -0.86370024 -2.53876026  0.27057563  2.43797692  4.77310348]]", "nfev": "182", "njev": "26", "status": "0", "success": "True", "message": "Optimization terminated successfully.", "x": "[2.02526606 2.84919163 3.68146308 4.57383146 2.19640778 2.16715295]", "nit": "25", "callback": [0.43376122100087144, 0.3528431902305432, 0.299166894445027, 0.29348477769479575, 0.28370348944310964, 0.27342874034840503, 0.27212611376652085, 0.2701126447820378, 0.2684768730440863, 0.268065707669284