{"date": "2024/09/23/, 14:59:25", "conf_id": 23, "data_type": "random\n", "num_data_points": 2, "s_rank": 0, "unitary": "[[-0.53618537-0.34368723j,-0.12107031-0.46226139j,-0.07699282-0.46603512j,0.36022595-0.11472301j],[0.26026499-0.63450712j,-0.56616638+0.37832564j,-0.14988651+0.08458591j,0.10363514-0.16008501j],[-0.32580188-0.11070003j,-0.36476308-0.23593218j,0.02559343+0.41761608j,-0.25598305+0.6725303j],[0.07406738-0.0126433j,0.28513701+0.19483972j,-0.74939717-0.10299659j,0.29798249+0.46269921j]]", "databatch_0": {"databatch": "[[[-0.28604775+0.05366445j,0.08347066-0.12062127j,-0.17962117+0.18971649j,0.28679751+0.04425749j],[-0.21966528+0.38703982j,-0.05848338-0.21654165j,0.04427476+0.39703389j,0.33476697-0.29126304j],[0.16507617-0.02211605j,-0.0513085+0.06643749j,0.10832281-0.10304958j,-0.16257696-0.03386719j],[0.1186124-0.053574j,-0.02350962+0.06123944j,0.05797882-0.10143185j,-0.12929584+0.01110588j]],[[-0.08743311-0.10669002j,-0.35090993-0.00787388j,-0.08023911-0.01943367j,-0.07050058+0.05487746j],[0.15501397+0.04392438j,0.34163819-0.2266341j,0.08988668-0.03491891j,0.03095928-0.09965475j],[0.25452536+0.00653973j,0.43428543-0.48076713j,0.12393958-0.08866222j,0.00837057-0.16469398j],[-0.07487098-0.07586981j,-0.27057167+0.01892079j,-0.06312417-0.00924163j,-0.05034094+0.04724457j]]]", "initial param values": "[0.88632491,3.16338886,2.82870251,5.96172094,2.23834579,1.38585594]", "nelder_mead": {"type": "gradient-free", "0": {"maxiter": 100, "fatol": 1e-05, "xatol": 1e-05, "duration": 0.08395886421203613, "fun": "0.13989750286849856", "nit": "100", "nfev": "161", "status": "2", "success": "False", "message": "Maximum number of iterations has been exceeded.", "x": "[0.18610992 3.91845877 3.58259424 4.34952054 0.80555805 2.0464685 ]", "final_simplex": "(array([[0.18610992, 3.91845877, 3.58259424, 4.34952054, 0.80555805,\n        2.0464685 ],\n       [0.21684668, 3.90505381, 3.64271501, 4.54339663, 0.69728198,\n        1.98992262],\n       [0.20514881, 3.76683674, 3.75704265, 4.3204687 , 0.77607324,\n        2.0413255 ],\n       [0.22885007, 3.79987966, 3.74765709, 4.35714307, 0.7329787 ,\n        2.02523187],\n       [0.24006598, 3.82543983, 3.67476194, 4.46144464, 0.78259799,\n        2.0012758 ],\n       [0.24963275, 3.74687381, 3.68145319, 4.38023721, 0.67929837,\n        2.0290661 ],\n       [0.25814296, 3.75625151, 3.75107938, 4.36480386, 0.73640982,\n        2.00374157]]), array([0.1398975 , 0.14134588, 0.14166177, 0.1418505 , 0.14216948,\n       0.14242298, 0.14362447]))", "callback": [0.4970607543075525, 0.2683545881010295, 0.26757158222527766, 0.24577181540199833, 0.20775571498681167, 0.1650111148539719, 0.15852421759706226, 0.15395739299774325, 0.1448589860503562]}, "1": {"maxiter": 100, "fatol": 1e-05, "xatol": 1e-10, "duration": 0.07301092147827148, "fun": "0.13989750286849856", "nit": "100", "nfev": "161", "status": "2", "success": "False", "message": "Maximum number of iterations has been exceeded.", "x": "[0.18610992 3.91845877 3.58259424 4.34952054 0.80555805 2.0464685 ]", "final_simplex": "(array([[0.18610992, 3.91845877, 3.58259424, 4.34952054, 0.80555805,\n        2.0464685 ],\n       [0.21684668, 3.90505381, 3.64271501, 4.54339663, 0.69728198,\n        1.98992262],\n       [0.20514881, 3.76683674, 3.75704265, 4.3204687 , 0.77607324,\n        2.0413255 ],\n       [0.22885007, 3.79987966, 3.74765709, 4.35714307, 0.7329787 ,\n        2.02523187],\n       [0.24006598, 3.82543983, 3.67476194, 4.46144464, 0.78259799,\n        2.0012758 ],\n       [0.24963275, 3.74687381, 3.68145319, 4.38023721, 0.67929837,\n        2.0290661 ],\n       [0.25814296, 3.75625151, 3.75107938, 4.36480386, 0.73640982,\n        2.00374157]]), array([0.1398975 , 0.14134588, 0.14166177, 0.1418505 , 0.14216948,\n       0.14242298, 0.14362447]))", "callback": [0.4970607543075525, 0.2683545881010295, 0.26757158222527766, 0.24577181540199833, 0.20775571498681167, 0.1650111148539719, 0.15852421759706226, 0.15395739299774325, 0.1448589860503562]}, "2": {"maxiter": 100, "fatol": 1e-10, "xatol": 1e-05, "duration": 0.06818222999572754, "fun": "0.13989750286849856", "nit": "100", "nfev": "161", "status": "2", "success": "False", "message": "Maximum number of iterations has been exceeded.", "x": "[0.18610992 3.91845877 3.58259424 4.34952054 0.80555805 2.0464685 ]", "final_simplex": "(array([[0.18610992, 3.91845877, 3.58259424, 4.34952054, 0.80555805,\n        2.0464685 ],\n       [0.21684668, 3.90505381, 3.64271501, 4.54339663, 0.69728198,\n        1.98992262],\n       [0.20514881, 3.76683674, 3.75704265, 4.3204687 , 0.77607324,\n        2.0413255 ],\n       [0.22885007, 3.79987966, 3.74765709, 4.35714307, 0.7329787 ,\n        2.02523187],\n       [0.24006598, 3.82543983, 3.67476194, 4.46144464, 0.78259799,\n        2.0012758 ],\n       [0.24963275, 3.74687381, 3.68145319, 4.38023721, 0.67929837,\n        2.0290661 ],\n       [0.25814296, 3.75625151, 3.75107938, 4.36480386, 0.73640982,\n        2.00374157]]), array([0.1398975 , 0.14134588, 0.14166177, 0.1418505 , 0.14216948,\n       0.14242298, 0.14362447]))", "callback": [0.4970607543075525, 0.2683545881010295, 0.26757158222527766, 0.24577181540199833, 0.20775571498681167, 0.1650111148539719, 0.15852421759706226, 0.15395739299774325, 0.1448589860503562]}, "3": {"maxiter": 100, "fatol": 1e-10, "xatol": 1e-10, "duration": 0.06863594055175781, "fun": "0.13989750286849856", "nit": "100", "nfev": "161", "status": "2", "success": "False", "message": "Maximum number of iterations has been exceeded.", "x": "[0.18610992 3.91845877 3.58259424 4.34952054 0.80555805 2.0464685 ]", "final_simplex": "(array([[0.18610992, 3.91845877, 3.58259424, 4.34952054, 0.80555805,\n        2.0464685 ],\n       [0.21684668, 3.90505381, 3.64271501, 4.54339663, 0.69728198,\n        1.98992262],\n       [0.20514881, 3.76683674, 3.75704265, 4.3204687 , 0.77607324,\n        2.0413255 ],\n       [0.22885007, 3.79987966, 3.74765709, 4.35714307, 0.7329787 ,\n        2.02523187],\n       [0.24006598, 3.82543983, 3.67476194, 4.46144464, 0.78259799,\n        2.0012758 ],\n       [0.24963275, 3.74687381, 3.68145319, 4.38023721, 0.67929837,\n        2.0290661 ],\n       [0.25814296, 3.75625151, 3.75107938, 4.36480386, 0.73640982,\n        2.00374157]]), array([0.1398975 , 0.14134588, 0.14166177, 0.1418505 , 0.14216948,\n       0.14242298, 0.14362447]))", "callback": [0.4970607543075525, 0.2683545881010295, 0.26757158222527766, 0.24577181540199833, 0.20775571498681167, 0.1650111148539719, 0.15852421759706226, 0.15395739299774325, 0.1448589860503562]}, "4": {"maxiter": 500, "fatol": 1e-05, "xatol": 1e-05, "duration": 0.24231290817260742, "fun": "0.1324147716476406", "nit": "362", "nfev": "590", "status": "0", "success": "True", "message": "Optimization terminated successfully.", "x": "[0.29637491 4.87989981 2.60476658 4.34005431 0.75166645 2.19143971]", "final_simplex": "(array([[0.29637491, 4.87989981, 2.60476658, 4.34005431, 0.75166645,\n        2.19143971],\n       [0.29637399, 4.87989508, 2.60476999, 4.34005237, 0.75166727,\n        2.19143997],\n       [0.29637377, 4.87989922, 2.60476542, 4.34005395, 0.75166798,\n        2.19143997],\n       [0.29637431, 4.87990487, 2.60476078, 4.34005202, 0.75166616,\n        2.19143918],\n       [0.29637347, 4.87989729, 2.60476684, 4.34005419, 0.75166695,\n        2.1914392 ],\n       [0.29637451, 4.87990549, 2.60475871, 4.34005147, 0.75166807,\n        2.19143939],\n       [0.29637312, 4.87989737, 2.60476867, 4.34005405, 0.75166757,\n        2.19143897]]), array([0.13241477, 0.13241477, 0.13241477, 0.13241477, 0.13241477,\n       0.13241477, 0.13241477]))", "callback": [0.4970607543075525, 0.2683545881010295, 0.26757158222527766, 0.24577181540199833, 0.20775571498681167, 0.1650111148539719, 0.15852421759706226, 0.15395739299774325, 0.1448589860503562, 0.13739400604800578, 0.13739400604800578, 0.13716183643357516, 0.13685582526958495, 0.13567206090364148, 0.13344336449522853, 0.13290521070612737, 0.13254097876005144, 0.1325222983548463, 0.13250209837455162, 0.13249358930641275, 0.1324800923445284, 0.13245805957703793, 0.13243910794123825, 0.13243068540485914, 0.13241847345260704, 0.13241548479193432, 0.1324149257412548, 0.13241480968662644, 0.13241477987440176, 0.13241477339391827, 0.13241477200819562, 0.1324147717356301, 0.13241477168019444, 0.1324147716553693, 0.13241477164979187, 0.1324147716476406]}, "5": {"maxiter": 500, "fatol": 1e-05, "xatol": 1e-10, "duration": 0.3410670757293701, "fun": "0.1324147716468892", "nit": "472", "nfev": "834", "status": "0", "success": "True", "message": "Optimization terminated successfully.", "x": "[0.29637643 4.87990083 2.60476423 4.34005208 0.75166734 2.19144148]", "final_simplex": "(array([[0.29637643, 4.87990083, 2.60476423, 4.34005208, 0.75166734,\n        2.19144148],\n       [0.29637643, 4.87990083, 2.60476423, 4.34005208, 0.75166734,\n        2.19144148],\n       [0.29637643, 4.87990083, 2.60476423, 4.34005208, 0.75166734,\n        2.19144148],\n       [0.29637643, 4.87990083, 2.60476423, 4.34005208, 0.75166734,\n        2.19144148],\n       [0.29637643, 4.87990083, 2.60476423, 4.34005208, 0.75166734,\n        2.19144148],\n       [0.29637643, 4.87990083, 2.60476423, 4.34005208, 0.75166734,\n        2.19144148],\n       [0.29637643, 4.87990083, 2.60476423, 4.34005208, 0.75166734,\n        2.19144148]]), array([0.13241477, 0.13241477, 0.13241477, 0.13241477, 0.13241477,\n       0.13241477, 0.13241477]))", "callback": [0.4970607543075525, 0.2683545881010295, 0.26757158222527766, 0.24577181540199833, 0.20775571498681167, 0.1650111148539719, 0.15852421759706226, 0.15395739299774325, 0.1448589860503562, 0.13739400604800578, 0.13739400604800578, 0.13716183643357516, 0.13685582526958495, 0.13567206090364148, 0.13344336449522853, 0.13290521070612737, 0.13254097876005144, 0.1325222983548463, 0.13250209837455162, 0.13249358930641275, 0.1324800923445284, 0.13245805957703793, 0.13243910794123825, 0.13243068540485914, 0.13241847345260704, 0.13241548479193432, 0.1324149257412548, 0.13241480968662644, 0.13241477987440176, 0.13241477339391827, 0.13241477200819562, 0.1324147717356301, 0.13241477168019444, 0.1324147716553693, 0.13241477164979187, 0.1324147716476406, 0.13241477164719406, 0.13241477164697057, 0.13241477164691717, 0.13241477164690496, 0.13241477164689242, 0.13241477164689042, 0.13241477164689008, 0.13241477164688975, 0.1324147716468893, 0.1324147716468893, 0.1324147716468892]}, "6": {"maxiter": 500, "fatol": 1e-10, "xatol": 1e-05, "duration": 0.27239990234375, "fun": "0.1324147716476406", "nit": "362", "nfev": "590", "status": "0", "success": "True", "message": "Optimization terminated successfully.", "x": "[0.29637491 4.87989981 2.60476658 4.34005431 0.75166645 2.19143971]", "final_simplex": "(array([[0.29637491, 4.87989981, 2.60476658, 4.34005431, 0.75166645,\n        2.19143971],\n       [0.29637399, 4.87989508, 2.60476999, 4.34005237, 0.75166727,\n        2.19143997],\n       [0.29637377, 4.87989922, 2.60476542, 4.34005395, 0.75166798,\n        2.19143997],\n       [0.29637431, 4.87990487, 2.60476078, 4.34005202, 0.75166616,\n        2.19143918],\n       [0.29637347, 4.87989729, 2.60476684, 4.34005419, 0.75166695,\n        2.1914392 ],\n       [0.29637451, 4.87990549, 2.60475871, 4.34005147, 0.75166807,\n        2.19143939],\n       [0.29637312, 4.87989737, 2.60476867, 4.34005405, 0.75166757,\n        2.19143897]]), array([0.13241477, 0.13241477, 0.13241477, 0.13241477, 0.13241477,\n       0.13241477, 0.13241477]))", "callback": [0.4970607543075525, 0.2683545881010295, 0.26757158222527766, 0.24577181540199833, 0.20775571498681167, 0.1650111148539719, 0.15852421759706226, 0.15395739299774325, 0.1448589860503562, 0.13739400604800578, 0.13739400604800578, 0.13716183643357516, 0.13685582526958495, 0.13567206090364148, 0.13344336449522853, 0.13290521070612737, 0.13254097876005144, 0.1325222983548463, 0.13250209837455162, 0.13249358930641275, 0.1324800923445284, 0.13245805957703793, 0.13243910794123825, 0.13243068540485914, 0.13241847345260704, 0.13241548479193432, 0.1324149257412548, 0.13241480968662644, 0.13241477987440176, 0.13241477339391827, 0.13241477200819562, 0.1324147717356301, 0.13241477168019444, 0.1324147716553693, 0.13241477164979187, 0.1324147716476406]}, "7": {"maxiter": 500, "fatol": 1e-10, "xatol": 1e-10, "duration": 0.45415496826171875, "fun": "0.1324147716468892", "nit": "472", "nfev": "834", "status": "0", "success": "True", "message": "Optimization terminated successfully.", "x": "[0.29637643 4.87990083 2.60476423 4.34005208 0.75166734 2.19144148]", "final_simplex": "(array([[0.29637643, 4.87990083, 2.60476423, 4.34005208, 0.75166734,\n        2.19144148],\n       [0.29637643, 4.87990083, 2.60476423, 4.34005208, 0.75166734,\n        2.19144148],\n       [0.29637643, 4.87990083, 2.60476423, 4.34005208, 0.75166734,\n        2.19144148],\n       [0.29637643, 4.87990083, 2.60476423, 4.34005208, 0.75166734,\n        2.19144148],\n       [0.29637643, 4.87990083, 2.60476423, 4.34005208, 0.75166734,\n        2.19144148],\n       [0.29637643, 4.87990083, 2.60476423, 4.34005208, 0.75166734,\n        2.19144148],\n       [0.29637643, 4.87990083, 2.60476423, 4.34005208, 0.75166734,\n        2.19144148]]), array([0.13241477, 0.13241477, 0.13241477, 0.13241477, 0.13241477,\n       0.13241477, 0.13241477]))", "callback": [0.4970607543075525, 0.2683545881010295, 0.26757158222527766, 0.24577181540199833, 0.20775571498681167, 0.1650111148539719, 0.15852421759706226, 0.15395739299774325, 0.1448589860503562, 0.13739400604800578, 0.13739400604800578, 0.13716183643357516, 0.13685582526958495, 0.13567206090364148, 0.13344336449522853, 0.13290521070612737, 0.13254097876005144, 0.1325222983548463, 0.13250209837455162, 0.13249358930641275, 0.1324800923445284, 0.13245805957703793, 0.13243910794123825, 0.13243068540485914, 0.13241847345260704, 0.13241548479193432, 0.1324149257412548, 0.13241480968662644, 0.13241477987440176, 0.13241477339391827, 0.13241477200819562, 0.1324147717356301, 0.13241477168019444, 0.1324147716553693, 0.13241477164979187, 0.1324147716476406, 0.13241477164719406, 0.13241477164697057, 0.13241477164691717, 0.13241477164690496, 0.13241477164689242, 0.13241477164689042, 0.13241477164689008, 0.13241477164688975, 0.1324147716468893, 0.1324147716468893, 0.1324147716468892]}, "8": {"maxiter": 1000, "fatol": 1e-05, "xatol": 1e-05, "duration": 0.2437751293182373, "fun": "0.1324147716476406", "nit": "362", "nfev": "590", "status": "0", "success": "True", "message": "Optimization terminated successfully.", "x": "[0.29637491 4.87989981 2.60476658 4.34005431 0.75166645 2.19143971]", "final_simplex": "(array([[0.29637491, 4.87989981, 2.60476658, 4.34005431, 0.75166645,\n        2.19143971],\n       [0.29637399, 4.87989508, 2.60476999, 4.34005237, 0.75166727,\n        2.19143997],\n       [0.29637377, 4.87989922, 2.60476542, 4.34005395, 0.75166798,\n        2.19143997],\n       [0.29637431, 4.87990487, 2.60476078, 4.34005202, 0.75166616,\n        2.19143918],\n       [0.29637347, 4.87989729, 2.60476684, 4.34005419, 0.75166695,\n        2.1914392 ],\n       [0.29637451, 4.87990549, 2.60475871, 4.34005147, 0.75166807,\n        2.19143939],\n       [0.29637312, 4.87989737, 2.60476867, 4.34005405, 0.75166757,\n        2.19143897]]), array([0.13241477, 0.13241477, 0.13241477, 0.13241477, 0.13241477,\n       0.13241477, 0.13241477]))", "callback": [0.4970607543075525, 0.2683545881010295, 0.26757158222527766, 0.24577181540199833, 0.20775571498681167, 0.1650111148539719, 0.15852421759706226, 0.15395739299774325, 0.1448589860503562, 0.13739400604800578, 0.13739400604800578, 0.13716183643357516, 0.13685582526958495, 0.13567206090364148, 0.13344336449522853, 0.13290521070612737, 0.13254097876005144, 0.1325222983548463, 0.13250209837455162, 0.13249358930641275, 0.1324800923445284, 0.13245805957703793, 0.13243910794123825, 0.13243068540485914, 0.13241847345260704, 0.13241548479193432, 0.1324149257412548, 0.13241480968662644, 0.13241477987440176, 0.13241477339391827, 0.13241477200819562, 0.1324147717356301, 0.13241477168019444, 0.1324147716553693, 0.13241477164979187, 0.1324147716476406]}, "9": {"maxiter": 1000, "fatol": 1e-05, "xatol": 1e-10, "duration": 0.3835179805755615, "fun": "0.1324147716468892", "nit": "472", "nfev": "834", "status": "0", "success": "True", "message": "Optimization terminated successfully.", "x": "[0.29637643 4.87990083 2.60476423 4.34005208 0.75166734 2.19144148]", "final_simplex": "(array([[0.29637643, 4.87990083, 2.60476423, 4.34005208, 0.75166734,\n        2.19144148],\n       [0.29637643, 4.87990083, 2.60476423, 4.34005208, 0.75166734,\n        2.19144148],\n       [0.29637643, 4.87990083, 2.60476423, 4.34005208, 0.75166734,\n        2.19144148],\n       [0.29637643, 4.87990083, 2.60476423, 4.34005208, 0.75166734,\n        2.19144148],\n       [0.29637643, 4.87990083, 2.60476423, 4.34005208, 0.75166734,\n        2.19144148],\n       [0.29637643, 4.87990083, 2.60476423, 4.34005208, 0.75166734,\n        2.19144148],\n       [0.29637643, 4.87990083, 2.60476423, 4.34005208, 0.75166734,\n        2.19144148]]), array([0.13241477, 0.13241477, 0.13241477, 0.13241477, 0.13241477,\n       0.13241477, 0.13241477]))", "callback": [0.4970607543075525, 0.2683545881010295, 0.26757158222527766, 0.24577181540199833, 0.20775571498681167, 0.1650111148539719, 0.15852421759706226, 0.15395739299774325, 0.1448589860503562, 0.13739400604800578, 0.13739400604800578, 0.13716183643357516, 0.13685582526958495, 0.13567206090364148, 0.13344336449522853, 0.13290521070612737, 0.13254097876005144, 0.1325222983548463, 0.13250209837455162, 0.13249358930641275, 0.1324800923445284, 0.13245805957703793, 0.13243910794123825, 0.13243068540485914, 0.13241847345260704, 0.13241548479193432, 0.1324149257412548, 0.13241480968662644, 0.13241477987440176, 0.13241477339391827, 0.13241477200819562, 0.1324147717356301, 0.13241477168019444, 0.1324147716553693, 0.13241477164979187, 0.1324147716476406, 0.13241477164719406, 0.13241477164697057, 0.13241477164691717, 0.13241477164690496, 0.13241477164689242, 0.13241477164689042, 0.13241477164689008, 0.13241477164688975, 0.1324147716468893, 0.1324147716468893, 0.1324147716468892]}, "10": {"maxiter": 1000, "fatol": 1e-10, "xatol": 1e-05, "duration": 0.26668381690979004, "fun": "0.1324147716476406", "nit": "362", "nfev": "590", "status": "0", "success": "True", "message": "Optimization terminated successfully.", "x": "[0.29637491 4.87989981 2.60476658 4.34005431 0.75166645 2.19143971]", "final_simplex": "(array([[0.29637491, 4.87989981, 2.60476658, 4.34005431, 0.75166645,\n        2.19143971],\n       [0.29637399, 4.87989508, 2.60476999, 4.34005237, 0.75166727,\n        2.19143997],\n       [0.29637377, 4.87989922, 2.60476542, 4.34005395, 0.75166798,\n        2.19143997],\n       [0.29637431, 4.87990487, 2.60476078, 4.34005202, 0.75166616,\n        2.19143918],\n       [0.29637347, 4.87989729, 2.60476684, 4.34005419, 0.75166695,\n        2.1914392 ],\n       [0.29637451, 4.87990549, 2.60475871, 4.34005147, 0.75166807,\n        2.19143939],\n       [0.29637312, 4.87989737, 2.60476867, 4.34005405, 0.75166757,\n        2.19143897]]), array([0.13241477, 0.13241477, 0.13241477, 0.13241477, 0.13241477,\n       0.13241477, 0.13241477]))", "callback": [0.4970607543075525, 0.2683545881010295, 0.26757158222527766, 0.24577181540199833, 0.20775571498681167, 0.1650111148539719, 0.15852421759706226, 0.15395739299774325, 0.1448589860503562, 0.13739400604800578, 0.13739400604800578, 0.13716183643357516, 0.13685582526958495, 0.13567206090364148, 0.13344336449522853, 0.13290521070612737, 0.13254097876005144, 0.1325222983548463, 0.13250209837455162, 0.13249358930641275, 0.1324800923445284, 0.13245805957703793, 0.13243910794123825, 0.13243068540485914, 0.13241847345260704, 0.13241548479193432, 0.1324149257412548, 0.13241480968662644, 0.13241477987440176, 0.13241477339391827, 0.13241477200819562, 0.1324147717356301, 0.13241477168019444, 0.1324147716553693, 0.13241477164979187, 0.1324147716476406]}, "11": {"maxiter": 1000, "fatol": 1e-10, "xatol": 1e-10, "duration": 0.356874942779541, "fun": "0.1324147716468892", "nit": "472", "nfev": "834", "status": "0", "success": "True", "message": "Optimization terminated successfully.", "x": "[0.29637643 4.87990083 2.60476423 4.34005208 0.75166734 2.19144148]", "final_simplex": "(array([[0.29637643, 4.87990083, 2.60476423, 4.34005208, 0.75166734,\n        2.19144148],\n       [0.29637643, 4.87990083, 2.60476423, 4.34005208, 0.75166734,\n        2.19144148],\n       [0.29637643, 4.87990083, 2.60476423, 4.34005208, 0.75166734,\n        2.19144148],\n       [0.29637643, 4.87990083, 2.60476423, 4.34005208, 0.75166734,\n        2.19144148],\n       [0.29637643, 4.87990083, 2.60476423, 4.34005208, 0.75166734,\n        2.19144148],\n       [0.29637643, 4.87990083, 2.60476423, 4.34005208, 0.75166734,\n        2.19144148],\n       [0.29637643, 4.87990083, 2.60476423, 4.34005208, 0.75166734,\n        2.19144148]]), array([0.13241477, 0.13241477, 0.13241477, 0.13241477, 0.13241477,\n       0.13241477, 0.13241477]))", "callback": [0.4970607543075525, 0.2683545881010295, 0.26757158222527766, 0.24577181540199833, 0.20775571498681167, 0.1650111148539719, 0.15852421759706226, 0.15395739299774325, 0.1448589860503562, 0.13739400604800578, 0.13739400604800578, 0.13716183643357516, 0.13685582526958495, 0.13567206090364148, 0.13344336449522853, 0.13290521070612737, 0.13254097876005144, 0.1325222983548463, 0.13250209837455162, 0.13249358930641275, 0.1324800923445284, 0.13245805957703793, 0.13243910794123825, 0.13243068540485914, 0.13241847345260704, 0.13241548479193432, 0.1324149257412548, 0.13241480968662644, 0.13241477987440176, 0.13241477339391827, 0.13241477200819562, 0.1324147717356301, 0.13241477168019444, 0.1324147716553693, 0.13241477164979187, 0.1324147716476406, 0.13241477164719406, 0.13241477164697057, 0.13241477164691717, 0.13241477164690496, 0.13241477164689242, 0.13241477164689042, 0.13241477164689008, 0.13241477164688975, 0.1324147716468893, 0.1324147716468893, 0.1324147716468892]}}, "bfgs": {"type": "gradient", "0": {"maxiter": 100, "gtol": 1e-05, "xrtol": 1e-05, "eps": 1e-05, "duration": 0.09658193588256836, "fun": "0.13241477169995586", "jac": "[-9.37250277e-08 -4.86166663e-08  2.91655589e-08 -6.99007519e-07\n -3.04867243e-08 -4.61952698e-07]", "hess_inv": "[[ 5.21522926e+00  7.62949593e+00 -8.36785346e+00 -2.12924582e+00\n  -1.01240982e-01  2.06466356e+00]\n [ 7.62949593e+00  6.15633993e+01 -6.37497986e+01 -5.68094153e+00\n  -1.22031327e+00  9.82362450e-02]\n [-8.36785346e+00 -6.37497986e+01  6.95688718e+01  7.68428603e+00\n   1.41602064e+00 -3.93110121e-03]\n [-2.12924582e+00 -5.68094153e+00  7.68428603e+00  7.46383114e+00\n  -3.17300838e-01 -1.39684914e+00]\n [-1.01240982e-01 -1.22031327e+00  1.41602064e+00 -3.17300838e-01\n   3.40495285e+00  1.53901857e+00]\n [ 2.06466356e+00  9.82362450e-02 -3.93110121e-03 -1.39684914e+00\n   1.53901857e+00  3.96360888e+00]]", "nfev": "224", "njev": "32", "status": "0", "success": "True", "message": "Optimization terminated successfully.", "x": "[0.29636589 4.87989526 2.6047602  4.34004548 0.7516574  2.19142541]", "nit": "29", "callback": [0.13893700875012605, 0.13524934979682324]}, "1": {"maxiter": 100, "gtol": 1e-05, "xrtol": 1e-05, "eps": 1e-10, "duration": 0.09966588020324707, "fun": "0.13241477173564375", "jac": "[ 1.11022293e-06 -1.11022293e-06 -1.11022293e-06 -2.22044587e-06\n  2.22044587e-06 -3.33066880e-06]", "hess_inv": "[[  5.04751512   6.96325267  -7.61285761  -1.95625735  -0.11934099\n    1.93049159]\n [  6.96325267  59.15859515 -60.55701131  -4.98905088  -1.13763459\n   -0.57289585]\n [ -7.61285761 -60.55701131  65.58536537   6.91761214   1.32663939\n    0.69178251]\n [ -1.95625735  -4.98905088   6.91761214   7.31045737  -0.30006664\n   -1.28068142]\n [ -0.11934099  -1.13763459   1.32663939  -0.30006664   3.38788316\n    1.51899097]\n [  1.93049159  -0.57289585   0.69178251  -1.28068142   1.51899097\n    3.89807174]]", "nfev": "224", "njev": "32", "status": "0", "success": "True", "message": "Optimization terminated successfully.", "x": "[0.29636163 4.87980788 2.60485495 4.34005859 0.7516646  2.19143119]", "nit": "29", "callback": [0.1389369692613338, 0.13524846128530377]}, "2": {"maxiter": 100, "gtol": 1e-05, "xrtol": 1e-10, "eps": 1e-05, "duration": 0.10013794898986816, "fun": "0.13241477169995586", "jac": "[-9.37250277e-08 -4.86166663e-08  2.91655589e-08 -6.99007519e-07\n -3.04867243e-08 -4.61952698e-07]", "hess_inv": "[[ 5.21522926e+00  7.62949593e+00 -8.36785346e+00 -2.12924582e+00\n  -1.01240982e-01  2.06466356e+00]\n [ 7.62949593e+00  6.15633993e+01 -6.37497986e+01 -5.68094153e+00\n  -1.22031327e+00  9.82362450e-02]\n [-8.36785346e+00 -6.37497986e+01  6.95688718e+01  7.68428603e+00\n   1.41602064e+00 -3.93110121e-03]\n [-2.12924582e+00 -5.68094153e+00  7.68428603e+00  7.46383114e+00\n  -3.17300838e-01 -1.39684914e+00]\n [-1.01240982e-01 -1.22031327e+00  1.41602064e+00 -3.17300838e-01\n   3.40495285e+00  1.53901857e+00]\n [ 2.06466356e+00  9.82362450e-02 -3.93110121e-03 -1.39684914e+00\n   1.53901857e+00  3.96360888e+00]]", "nfev": "224", "njev": "32", "status": "0", "success": "True", "message": "Optimization terminated successfully.", "x": "[0.29636589 4.87989526 2.6047602  4.34004548 0.7516574  2.19142541]", "nit": "29", "callback": [0.13893700875012605, 0.13524934979682324]}, "3": {"maxiter": 100, "gtol": 1e-05, "xrtol": 1e-10, "eps": 1e-10, "duration": 0.09620285034179688, "fun": "0.13241477173564375", "jac": "[ 1.11022293e-06 -1.11022293e-06 -1.11022293e-06 -2.22044587e-06\n  2.22044587e-06 -3.33066880e-06]", "hess_inv": "[[  5.04751512   6.96325267  -7.61285761  -1.95625735  -0.11934099\n    1.93049159]\n [  6.96325267  59.15859515 -60.55701131  -4.98905088  -1.13763459\n   -0.57289585]\n [ -7.61285761 -60.55701131  65.58536537   6.91761214   1.32663939\n    0.69178251]\n [ -1.95625735  -4.98905088   6.91761214   7.31045737  -0.30006664\n   -1.28068142]\n [ -0.11934099  -1.13763459   1.32663939  -0.30006664   3.38788316\n    1.51899097]\n [  1.93049159  -0.57289585   0.69178251  -1.28068142   1.51899097\n    3.89807174]]", "nfev": "224", "njev": "32", "status": "0", "success": "True", "message": "Optimization terminated successfully.", "x": "[0.29636163 4.87980788 2.60485495 4.34005859 0.7516646  2.19143119]", "nit": "29", "callback": [0.1389369692613338, 0.13524846128530377]}, "4": {"maxiter": 100, "gtol": 1e-10, "xrtol": 1e-05, "eps": 1e-05, "duration": 0.10385584831237793, "fun": "0.13241477168849647", "jac": "[ 4.60742555e-08 -3.17079696e-08 -3.88578059e-08  4.32764935e-08\n  6.03406214e-08 -8.48099369e-08]", "hess_inv": "[[ 5.20254243e+00  7.59321135e+00 -8.35744415e+00 -2.21832783e+00\n  -1.12685619e-01  2.03951539e+00]\n [ 7.59321135e+00  6.14701887e+01 -6.36942942e+01 -5.85391420e+00\n  -1.23281190e+00  4.24773087e-02]\n [-8.35744415e+00 -6.36942942e+01  6.96230177e+01  7.95664832e+00\n   1.47469861e+00  5.60809550e-02]\n [-2.21832783e+00 -5.85391420e+00  7.95664832e+00  7.47179110e+00\n  -2.40981165e-01 -1.44825111e+00]\n [-1.12685619e-01 -1.23281190e+00  1.47469861e+00 -2.40981165e-01\n   3.43338180e+00  1.54729436e+00]\n [ 2.03951539e+00  4.24773087e-02  5.60809550e-02 -1.44825111e+00\n   1.54729436e+00  3.93849625e+00]]", "nfev": "231", "njev": "33", "status": "0", "success": "True", "message": "Optimization terminated successfully.", "x": "[0.29636638 4.87989671 2.60475992 4.34004931 0.75165794 2.19142645]", "nit": "30", "callback": [0.13893700875012605, 0.13524934979682324, 0.13241477168849647]}, "5": {"maxiter": 100, "gtol": 1e-10, "xrtol": 1e-05, "eps": 1e-10, "duration": 0.1210472583770752, "fun": "0.13241477173564364", "jac": "[ 1.11022293e-06 -2.22044587e-06  0.00000000e+00 -2.22044587e-06\n -1.11022293e-06 -2.22044587e-06]", "hess_inv": "[[ 5.26582901e+00  7.97877799e+00 -8.94338837e+00 -2.29801017e+00\n  -1.98933102e-01  1.86538142e+00]\n [ 7.97877799e+00  6.38743267e+01 -6.67167824e+01 -6.50915332e+00\n  -1.53536932e+00 -8.52592210e-01]\n [-8.94338837e+00 -6.67167824e+01  7.35883063e+01  8.74946771e+00\n   1.91085031e+00  1.00505538e+00]\n [-2.29801017e+00 -6.50915332e+00  8.74946771e+00  7.25162846e+00\n   5.90671757e-02 -1.37642300e+00]\n [-1.98933102e-01 -1.53536932e+00  1.91085031e+00  5.90671757e-02\n   3.32426500e+00  1.62080070e+00]\n [ 1.86538142e+00 -8.52592210e-01  1.00505538e+00 -1.37642300e+00\n   1.62080070e+00  3.85169210e+00]]", "nfev": "287", "njev": "41", "status": "0", "success": "True", "message": "Optimization terminated successfully.", "x": "[0.29636163 4.87980788 2.60485495 4.34005859 0.7516646  2.19143119]", "nit": "30", "callback": [0.1389369692613338, 0.13524846128530377, 0.13241477173564364]}, "6": {"maxiter": 100, "gtol": 1e-10, "xrtol": 1e-10, "eps": 1e-05, "duration": 0.10348105430603027, "fun": "0.13241477168809457", "jac": "[ 0.00000000e+00 -5.55111512e-11 -8.88178420e-11 -4.44089210e-11\n  0.00000000e+00  4.44089210e-11]", "hess_inv": "[[  5.20149281   7.63947568  -8.44601634  -2.27258241  -0.12268757\n    2.01384625]\n [  7.63947568  62.89493371 -65.85845158  -6.3465071   -1.30941329\n   -0.67833963]\n [ -8.44601634 -65.85845158  72.78513116   8.44164187   1.5404765\n    1.12807611]\n [ -2.27258241  -6.3465071    8.44164187   7.0889622   -0.32106051\n   -1.24530221]\n [ -0.12268757  -1.30941329   1.5404765   -0.32106051   3.41718977\n    1.57570664]\n [  2.01384625  -0.67833963   1.12807611  -1.24530221   1.57570664\n    4.3086195 ]]", "nfev": "245", "njev": "35", "status": "0", "success": "True", "message": "Optimization terminated successfully.", "x": "[0.29636633 4.87989608 2.60476069 4.34004914 0.7516579  2.1914267 ]", "nit": "32", "callback": [0.13893700875012605, 0.13524934979682324, 0.13241477168849647]}, "7": {"maxiter": 100, "gtol": 1e-10, "xrtol": 1e-10, "eps": 1e-10, "duration": 0.12662100791931152, "fun": "0.13241477173564342", "jac": "[ 0.00000000e+00 -2.22044587e-06 -2.22044587e-06  0.00000000e+00\n  0.00000000e+00 -4.44089173e-06]", "hess_inv": "[[ 4.68370335  0.79105214 -2.08738255 -2.86164225 -0.45604046  1.51021878]\n [ 0.79105214  8.04688132 -4.17365462  4.17234687 -3.76712941  0.91869146]\n [-2.08738255 -4.17365462  7.69095913  3.5400123   4.30572688  1.0532027 ]\n [-2.86164225  4.17234687  3.5400123  16.15853006  0.31533699  1.57863489]\n [-0.45604046 -3.76712941  4.30572688  0.31533699  3.23771005  1.64025246]\n [ 1.51021878  0.91869146  1.0532027   1.57863489  1.64025246  4.7863214 ]]", "nfev": "294", "njev": "42", "status": "0", "success": "True", "message": "Optimization terminated successfully.", "x": "[0.29636163 4.87980788 2.60485495 4.34005859 0.7516646  2.19143119]", "nit": "31", "callback": [0.1389369692613338, 0.13524846128530377, 0.13241477173564364]}, "8": {"maxiter": 500, "gtol": 1e-05, "xrtol": 1e-05, "eps": 1e-05, "duration": 0.1021578311920166, "fun": "0.13241477169995586", "jac": "[-9.37250277e-08 -4.86166663e-08  2.91655589e-08 -6.99007519e-07\n -3.04867243e-08 -4.61952698e-07]", "hess_inv": "[[ 5.21522926e+00  7.62949593e+00 -8.36785346e+00 -2.12924582e+00\n  -1.01240982e-01  2.06466356e+00]\n [ 7.62949593e+00  6.15633993e+01 -6.37497986e+01 -5.68094153e+00\n  -1.22031327e+00  9.82362450e-02]\n [-8.36785346e+00 -6.37497986e+01  6.95688718e+01  7.68428603e+00\n   1.41602064e+00 -3.93110121e-03]\n [-2.12924582e+00 -5.68094153e+00  7.68428603e+00  7.46383114e+00\n  -3.17300838e-01 -1.39684914e+00]\n [-1.01240982e-01 -1.22031327e+00  1.41602064e+00 -3.17300838e-01\n   3.40495285e+00  1.53901857e+00]\n [ 2.06466356e+00  9.82362450e-02 -3.93110121e-03 -1.39684914e+00\n   1.53901857e+00  3.96360888e+00]]", "nfev": "224", "njev": "32", "status": "0", "success": "True", "message": "Optimization terminated successfully.", "x": "[0.29636589 4.87989526 2.6047602  4.34004548 0.7516574  2.19142541]", "nit": "29", "callback": [0.13893700875012605, 0.13524934979682324]}, "9": {"maxiter": 500, "gtol": 1e-05, "xrtol": 1e-05, "eps": 1e-10, "duration": 0.10044693946838379, "fun": "0.13241477173564375", "jac": "[ 1.11022293e-06 -1.11022293e-06 -1.11022293e-06 -2.22044587e-06\n  2.22044587e-06 -3.33066880e-06]", "hess_inv": "[[  5.04751512   6.96325267  -7.61285761  -1.95625735  -0.11934099\n    1.93049159]\n [  6.96325267  59.15859515 -60.55701131  -4.98905088  -1.13763459\n   -0.57289585]\n [ -7.61285761 -60.55701131  65.58536537   6.91761214   1.32663939\n    0.69178251]\n [ -1.95625735  -4.98905088   6.91761214   7.31045737  -0.30006664\n   -1.28068142]\n [ -0.11934099  -1.13763459   1.32663939  -0.30006664   3.38788316\n    1.51899097]\n [  1.93049159  -0.57289585   0.69178251  -1.28068142   1.51899097\n    3.89807174]]", "nfev": "224", "njev": "32", "status": "0", "success": "True", "message": "Optimization terminated successfully.", "x": "[0.29636163 4.87980788 2.60485495 4.34005859 0.7516646  2.19143119]", "nit": "29", "callback": [0.1389369692613338, 0.13524846128530377]}, "10": {"maxiter": 500, "gtol": 1e-05, "xrtol": 1e-10, "eps": 1e-05, "duration": 0.10098981857299805, "fun": "0.13241477169995586", "jac": "[-9.37250277e-08 -4.86166663e-08  2.91655589e-08 -6.99007519e-07\n -3.04867243e-08 -4.61952698e-07]", "hess_inv": "[[ 5.21522926e+00  7.62949593e+00 -8.36785346e+00 -2.12924582e+00\n  -1.01240982e-01  2.06466356e+00]\n [ 7.62949593e+00  6.15633993e+01 -6.37497986e+01 -5.68094153e+00\n  -1.22031327e+00  9.82362450e-02]\n [-8.36785346e+00 -6.37497986e+01  6.95688718e+01  7.68428603e+00\n   1.41602064e+00 -3.93110121e-03]\n [-2.12924582e+00 -5.68094153e+00  7.68428603e+00  7.46383114e+00\n  -3.17300838e-01 -1.39684914e+00]\n [-1.01240982e-01 -1.22031327e+00  1.41602064e+00 -3.17300838e-01\n   3.40495285e+00  1.53901857e+00]\n [ 2.06466356e+00  9.82362450e-02 -3.93110121e-03 -1.39684914e+00\n   1.53901857e+00  3.96360888e+00]]", "nfev": "224", "njev": "32", "status": "0", "success": "True", "message": "Optimization terminated successfully.", "x": "[0.29636589 4.87989526 2.6047602  4.34004548 0.7516574  2.19142541]", "nit": "29", "callback": [0.13893700875012605, 0.13524934979682324]}, "11": {"maxiter": 500, "gtol": 1e-05, "xrtol": 1e-10, "eps": 1e-10, "duration": 0.10454607009887695, "fun": "0.13241477173564375", "jac": "[ 1.11022293e-06 -1.11022293e-06 -1.11022293e-06 -2.22044587e-06\n  2.22044587e-06 -3.33066880e-06]", "hess_inv": "[[  5.04751512   6.96325267  -7.61285761  -1.95625735  -0.11934099\n    1.93049159]\n [  6.96325267  59.15859515 -60.55701131  -4.98905088  -1.13763459\n   -0.57289585]\n [ -7.61285761 -60.55701131  65.58536537   6.91761214   1.32663939\n    0.69178251]\n [ -1.95625735  -4.98905088   6.91761214   7.31045737  -0.30006664\n   -1.28068142]\n [ -0.11934099  -1.13763459   1.32663939  -0.30006664   3.38788316\n    1.51899097]\n [  1.93049159  -0.57289585   0.69178251  -1.28068142   1.51899097\n    3.89807174]]", "nfev": "224", "njev": "32", "status": "0", "success": "True", "message": "Optimization terminated successfully.", "x": "[0.29636163 4.87980788 2.60485495 4.34005859 0.7516646  2.19143119]", "nit": "29", "callback": [0.1389369692613338, 0.13524846128530377]}, "12": {"maxiter": 500, "gtol": 1e-10, "xrtol": 1e-05, "eps": 1e-05, "duration": 0.10700583457946777, "fun": "0.13241477168849647", "jac": "[ 4.60742555e-08 -3.17079696e-08 -3.88578059e-08  4.32764935e-08\n  6.03406214e-08 -8.48099369e-08]", "hess_inv": "[[ 5.20254243e+00  7.59321135e+00 -8.35744415e+00 -2.21832783e+00\n  -1.12685619e-01  2.03951539e+00]\n [ 7.59321135e+00  6.14701887e+01 -6.36942942e+01 -5.85391420e+00\n  -1.23281190e+00  4.24773087e-02]\n [-8.35744415e+00 -6.36942942e+01  6.96230177e+01  7.95664832e+00\n   1.47469861e+00  5.60809550e-02]\n [-2.21832783e+00 -5.85391420e+00  7.95664832e+00  7.47179110e+00\n  -2.40981165e-01 -1.44825111e+00]\n [-1.12685619e-01 -1.23281190e+00  1.47469861e+00 -2.40981165e-01\n   3.43338180e+00  1.54729436e+00]\n [ 2.03951539e+00  4.24773087e-02  5.60809550e-02 -1.44825111e+00\n   1.54729436e+00  3.93849625e+00]]", "nfev": "231", "njev": "33", "status": "0", "success": "True", "message": "Optimization terminated successfully.", "x": "[0.29636638 4.87989671 2.60475992 4.34004931 0.75165794 2.19142645]", "nit": "30", "callback": [0.13893700875012605, 0.13524934979682324, 0.13241477168849647]}, "13": {"maxiter": 500, "gtol": 1e-10, "xrtol": 1e-05, "eps": 1e-10, "duration": 0.13494110107421875, "fun": "0.13241477173564364", "jac": "[ 1.11022293e-06 -2.22044587e-06  0.00000000e+00 -2.22044587e-06\n -1.11022293e-06 -2.22044587e-06]", "hess_inv": "[[ 5.26582901e+00  7.97877799e+00 -8.94338837e+00 -2.29801017e+00\n  -1.98933102e-01  1.86538142e+00]\n [ 7.97877799e+00  6.38743267e+01 -6.67167824e+01 -6.50915332e+00\n  -1.53536932e+00 -8.52592210e-01]\n [-8.94338837e+00 -6.67167824e+01  7.35883063e+01  8.74946771e+00\n   1.91085031e+00  1.00505538e+00]\n [-2.29801017e+00 -6.50915332e+00  8.74946771e+00  7.25162846e+00\n   5.90671757e-02 -1.37642300e+00]\n [-1.98933102e-01 -1.53536932e+00  1.91085031e+00  5.90671757e-02\n   3.32426500e+00  1.62080070e+00]\n [ 1.86538142e+00 -8.52592210e-01  1.00505538e+00 -1.37642300e+00\n   1.62080070e+00  3.85169210e+00]]", "nfev": "287", "njev": "41", "status": "0", "success": "True", "message": "Optimization terminated successfully.", "x": "[0.29636163 4.87980788 2.60485495 4.34005859 0.7516646  2.19143119]", "nit": "30", "callback": [0.1389369692613338, 0.13524846128530377, 0.13241477173564364]}, "14": {"maxiter": 500, "gtol": 1e-10, "xrtol": 1e-10, "eps": 1e-05, "duration": 0.11704874038696289, "fun": "0.13241477168809457", "jac": "[ 0.00000000e+00 -5.55111512e-11 -8.88178420e-11 -4.44089210e-11\n  0.00000000e+00  4.44089210e-11]", "hess_inv": "[[  5.20149281   7.63947568  -8.44601634  -2.27258241  -0.12268757\n    2.01384625]\n [  7.63947568  62.89493371 -65.85845158  -6.3465071   -1.30941329\n   -0.67833963]\n [ -8.44601634 -65.85845158  72.78513116   8.44164187   1.5404765\n    1.12807611]\n [ -2.27258241  -6.3465071    8.44164187   7.0889622   -0.32106051\n   -1.24530221]\n [ -0.12268757  -1.30941329   1.5404765   -0.32106051   3.41718977\n    1.57570664]\n [  2.01384625  -0.67833963   1.12807611  -1.24530221   1.57570664\n    4.3086195 ]]", "nfev": "245", "njev": "35", "status": "0", "success": "True", "message": "Optimization terminated successfully.", "x": "[0.29636633 4.87989608 2.60476069 4.34004914 0.7516579  2.1914267 ]", "nit": "32", "callback": [0.13893700875012605, 0.13524934979682324, 0.13241477168849647]}, "15": {"maxiter": 500, "gtol": 1e-10, "xrtol": 1e-10, "eps": 1e-10, "duration": 0.14470291137695312, "fun": "0.13241477173564342", "jac": "[ 0.00000000e+00 -2.22044587e-06 -2.22044587e-06  0.00000000e+00\n  0.00000000e+00 -4.44089173e-06]", "hess_inv": "[[ 4.68370335  0.79105214 -2.08738255 -2.86164225 -0.45604046  1.51021878]\n [ 0.79105214  8.04688132 -4.17365462  4.17234687 -3.76712941  0.91869146]\n [-2.08738255 -4.17365462  7.69095913  3.5400123   4.30572688  1.0532027 ]\n [-2.86164225  4.17234687  3.5400123  16.15853006  0.31533699  1.57863489]\n [-0.45604046 -3.76712941  4.30572688  0.31533699  3.23771005  1.64025246]\n [ 1.51021878  0.91869146  1.0532027   1.57863489  1.64025246  4.7863214 ]]", "nfev": "294", "njev": "42", "status": "0", "success": "True", "message": "Optimization terminated successfully.", "x": "[0.29636163 4.87980788 2.60485495 4.34005859 0.7516646  2.19143119]", "nit": "31", "callback": [0.1389369692613338, 0.13524846128530377, 0.13241477173564364]}, "16": {"maxiter": 1000, "gtol": 1e-05, "xrtol": 1e-05, "eps": 1e-05, "duration": 0.09961485862731934, "fun": "0.13241477169995586", "jac": "[-9.37250277e-08 -4.86166663e-08  2.91655589e-08 -6.99007519e-07\n -3.04867243e-08 -4.61952698e-07]", "hess_inv": "[[ 5.21522926e+00  7.62949593e+00 -8.36785346e+00 -2.12924582e+00\n  -1.01240982e-01  2.06466356e+00]\n [ 7.62949593e+00  6.15633993e+01 -6.37497986e+01 -5.68094153e+00\n  -1.22031327e+00  9.82362450e-02]\n [-8.36785346e+00 -6.37497986e+01  6.95688718e+01  7.68428603e+00\n   1.41602064