{"date": "2024/09/23/, 20:41:25", "conf_id": 73, "data_type": "random\n", "num_data_points": 4, "s_rank": 0, "unitary": "[[-0.53618537-0.34368723j,-0.12107031-0.46226139j,-0.07699282-0.46603512j,0.36022595-0.11472301j],[0.26026499-0.63450712j,-0.56616638+0.37832564j,-0.14988651+0.08458591j,0.10363514-0.16008501j],[-0.32580188-0.11070003j,-0.36476308-0.23593218j,0.02559343+0.41761608j,-0.25598305+0.6725303j],[0.07406738-0.0126433j,0.28513701+0.19483972j,-0.74939717-0.10299659j,0.29798249+0.46269921j]]", "databatch_0": {"databatch": "[[[0.1628232-0.0920241j,0.30819804-0.20384238j,0.08242789-0.10059909j,0.2857314-0.00707135j],[0.00731557+0.10902222j,0.18298349+0.05962858j,0.2552102+0.33042726j,-0.05241065+0.01477776j],[-0.04406842+0.04160871j,0.09740405-0.19591816j,0.167031-0.15948764j,0.01062216-0.1259885j],[-0.16158246-0.1672115j,0.3020154+0.18590444j,-0.17284639+0.17642102j,0.36584931-0.08979535j]],[[0.32887847+0.27674545j,-0.26312623+0.05123901j,-0.19919469+0.14094277j,0.03562003+0.03656106j],[0.00660578+0.2280717j,0.06818249-0.10046974j,0.16570929+0.3247082j,-0.09079683-0.02517589j],[-0.26867952+0.02496611j,0.09324116+0.37663687j,0.17187311-0.1076829j,-0.15079744+0.29590308j],[0.00267826+0.19679852j,0.01372096+0.00349914j,-0.18425531-0.09526414j,0.09258734+0.08563994j]],[[0.09375175-0.28681272j,-0.27960488-0.15380664j,-0.04438208-0.25196257j,0.18927453+0.23176425j],[-0.08434285-0.37408j,0.26695795-0.13807478j,-0.26952946+0.00208356j,-0.16856951+0.02626132j],[0.17737582+0.05956285j,-0.19297266-0.23367658j,0.01179361+0.05738103j,0.15198413-0.1805718j],[-0.16700767-0.10682112j,-0.10679178+0.15312584j,0.06687626+0.02760703j,-0.19134796+0.10483152j]],[[0.08289547+0.16993272j,-0.06963547-0.19494884j,0.17655549+0.22096415j,-0.1647286+0.00817601j],[0.4722049-0.13496929j,-0.0343992+0.04089499j,0.14286252-0.00210962j,-0.27041429+0.0389103j],[-0.05752408+0.0354014j,0.0646595+0.31824597j,-0.0583684+0.06141251j,0.05657279-0.12014063j],[-0.29646487+0.04859452j,-0.25652896-0.35835052j,0.07792411+0.07431712j,0.09784097+0.18605488j]]]", "initial param values": "[2.08366799,4.15384884,0.20792263,2.55341445,4.26783092,2.60386579]", "nelder_mead": {"type": "gradient-free", "0": {"maxiter": 100, "fatol": 1e-05, "xatol": 1e-05, "duration": 0.042053937911987305, "fun": "0.573705069313637", "nit": "100", "nfev": "155", "status": "2", "success": "False", "message": "Maximum number of iterations has been exceeded.", "x": "[ 4.61119253  5.73311701  0.30685635  1.11962994  4.66230493 -0.58448212]", "final_simplex": "(array([[ 4.61119253,  5.73311701,  0.30685635,  1.11962994,  4.66230493,\n        -0.58448212],\n       [ 4.59627867,  5.70919236,  0.30600939,  1.08824029,  4.74129793,\n        -0.56975776],\n       [ 4.57905823,  5.69047979,  0.3055205 ,  1.1223276 ,  4.73453418,\n        -0.54193117],\n       [ 4.63875463,  5.7601903 ,  0.3058601 ,  1.09413176,  4.7418922 ,\n        -0.61374115],\n       [ 4.55822133,  5.76466684,  0.30287075,  1.12950221,  4.69878662,\n        -0.5171085 ],\n       [ 4.5999097 ,  5.73014984,  0.3043988 ,  1.195029  ,  4.71813616,\n        -0.61282496],\n       [ 4.57361403,  5.65382378,  0.30399023,  1.19231616,  4.70289281,\n        -0.53877884]]), array([0.57370507, 0.57372022, 0.57387275, 0.57396977, 0.57446471,\n       0.57461983, 0.57479613]))", "callback": [0.8728372376391735, 0.8063215461232979, 0.738790517854392, 0.6954625315235132, 0.602587102597932, 0.602587102597932, 0.582207900433517, 0.576119604443643, 0.5739697701300616]}, "1": {"maxiter": 100, "fatol": 1e-05, "xatol": 1e-10, "duration": 0.041359901428222656, "fun": "0.573705069313637", "nit": "100", "nfev": "155", "status": "2", "success": "False", "message": "Maximum number of iterations has been exceeded.", "x": "[ 4.61119253  5.73311701  0.30685635  1.11962994  4.66230493 -0.58448212]", "final_simplex": "(array([[ 4.61119253,  5.73311701,  0.30685635,  1.11962994,  4.66230493,\n        -0.58448212],\n       [ 4.59627867,  5.70919236,  0.30600939,  1.08824029,  4.74129793,\n        -0.56975776],\n       [ 4.57905823,  5.69047979,  0.3055205 ,  1.1223276 ,  4.73453418,\n        -0.54193117],\n       [ 4.63875463,  5.7601903 ,  0.3058601 ,  1.09413176,  4.7418922 ,\n        -0.61374115],\n       [ 4.55822133,  5.76466684,  0.30287075,  1.12950221,  4.69878662,\n        -0.5171085 ],\n       [ 4.5999097 ,  5.73014984,  0.3043988 ,  1.195029  ,  4.71813616,\n        -0.61282496],\n       [ 4.57361403,  5.65382378,  0.30399023,  1.19231616,  4.70289281,\n        -0.53877884]]), array([0.57370507, 0.57372022, 0.57387275, 0.57396977, 0.57446471,\n       0.57461983, 0.57479613]))", "callback": [0.8728372376391735, 0.8063215461232979, 0.738790517854392, 0.6954625315235132, 0.602587102597932, 0.602587102597932, 0.582207900433517, 0.576119604443643, 0.5739697701300616]}, "2": {"maxiter": 100, "fatol": 1e-10, "xatol": 1e-05, "duration": 0.03615283966064453, "fun": "0.573705069313637", "nit": "100", "nfev": "155", "status": "2", "success": "False", "message": "Maximum number of iterations has been exceeded.", "x": "[ 4.61119253  5.73311701  0.30685635  1.11962994  4.66230493 -0.58448212]", "final_simplex": "(array([[ 4.61119253,  5.73311701,  0.30685635,  1.11962994,  4.66230493,\n        -0.58448212],\n       [ 4.59627867,  5.70919236,  0.30600939,  1.08824029,  4.74129793,\n        -0.56975776],\n       [ 4.57905823,  5.69047979,  0.3055205 ,  1.1223276 ,  4.73453418,\n        -0.54193117],\n       [ 4.63875463,  5.7601903 ,  0.3058601 ,  1.09413176,  4.7418922 ,\n        -0.61374115],\n       [ 4.55822133,  5.76466684,  0.30287075,  1.12950221,  4.69878662,\n        -0.5171085 ],\n       [ 4.5999097 ,  5.73014984,  0.3043988 ,  1.195029  ,  4.71813616,\n        -0.61282496],\n       [ 4.57361403,  5.65382378,  0.30399023,  1.19231616,  4.70289281,\n        -0.53877884]]), array([0.57370507, 0.57372022, 0.57387275, 0.57396977, 0.57446471,\n       0.57461983, 0.57479613]))", "callback": [0.8728372376391735, 0.8063215461232979, 0.738790517854392, 0.6954625315235132, 0.602587102597932, 0.602587102597932, 0.582207900433517, 0.576119604443643, 0.5739697701300616]}, "3": {"maxiter": 100, "fatol": 1e-10, "xatol": 1e-10, "duration": 0.03628396987915039, "fun": "0.573705069313637", "nit": "100", "nfev": "155", "status": "2", "success": "False", "message": "Maximum number of iterations has been exceeded.", "x": "[ 4.61119253  5.73311701  0.30685635  1.11962994  4.66230493 -0.58448212]", "final_simplex": "(array([[ 4.61119253,  5.73311701,  0.30685635,  1.11962994,  4.66230493,\n        -0.58448212],\n       [ 4.59627867,  5.70919236,  0.30600939,  1.08824029,  4.74129793,\n        -0.56975776],\n       [ 4.57905823,  5.69047979,  0.3055205 ,  1.1223276 ,  4.73453418,\n        -0.54193117],\n       [ 4.63875463,  5.7601903 ,  0.3058601 ,  1.09413176,  4.7418922 ,\n        -0.61374115],\n       [ 4.55822133,  5.76466684,  0.30287075,  1.12950221,  4.69878662,\n        -0.5171085 ],\n       [ 4.5999097 ,  5.73014984,  0.3043988 ,  1.195029  ,  4.71813616,\n        -0.61282496],\n       [ 4.57361403,  5.65382378,  0.30399023,  1.19231616,  4.70289281,\n        -0.53877884]]), array([0.57370507, 0.57372022, 0.57387275, 0.57396977, 0.57446471,\n       0.57461983, 0.57479613]))", "callback": [0.8728372376391735, 0.8063215461232979, 0.738790517854392, 0.6954625315235132, 0.602587102597932, 0.602587102597932, 0.582207900433517, 0.576119604443643, 0.5739697701300616]}, "4": {"maxiter": 500, "fatol": 1e-05, "xatol": 1e-05, "duration": 0.1487751007080078, "fun": "0.5099175009918149", "nit": "414", "nfev": "652", "status": "0", "success": "True", "message": "Optimization terminated successfully.", "x": "[ 4.55992715  5.77126283  1.11326324  1.30150877  4.68489632 -0.64173261]", "final_simplex": "(array([[ 4.55992715,  5.77126283,  1.11326324,  1.30150877,  4.68489632,\n        -0.64173261],\n       [ 4.55992969,  5.77126167,  1.11326733,  1.30151519,  4.68488768,\n        -0.64172687],\n       [ 4.55992633,  5.77125911,  1.11326514,  1.30150879,  4.6848909 ,\n        -0.64172407],\n       [ 4.55993251,  5.77126556,  1.11326669,  1.30150986,  4.68489454,\n        -0.64172725],\n       [ 4.55993056,  5.77126743,  1.1132639 ,  1.30150463,  4.68489119,\n        -0.64173529],\n       [ 4.55992888,  5.77126859,  1.11325744,  1.30150764,  4.68488894,\n        -0.641731  ],\n       [ 4.55993603,  5.77126458,  1.11325965,  1.30150835,  4.68489427,\n        -0.6417397 ]]), array([0.5099175, 0.5099175, 0.5099175, 0.5099175, 0.5099175, 0.5099175,\n       0.5099175]))", "callback": [0.8728372376391735, 0.8063215461232979, 0.738790517854392, 0.6954625315235132, 0.602587102597932, 0.602587102597932, 0.582207900433517, 0.576119604443643, 0.5739697701300616, 0.573705069313637, 0.5731852076645066, 0.572855912822458, 0.5720194574484159, 0.571472716147716, 0.5711535850708696, 0.5709894955604355, 0.570419367464275, 0.5699520085045755, 0.5673802947086891, 0.5550078916839569, 0.5460980735181126, 0.5365785015355298, 0.5298778686436776, 0.5249013208463872, 0.5173485302480292, 0.5134852100747207, 0.51166209771607, 0.5105360262415121, 0.5100332785186112, 0.5099694160644754, 0.5099282397417683, 0.5099193596017163, 0.5099181037793454, 0.5099175678067136, 0.5099175169039962, 0.5099175069730127, 0.5099175030252585, 0.5099175016562424, 0.5099175011762556, 0.5099175010202872, 0.5099175009996533]}, "5": {"maxiter": 500, "fatol": 1e-05, "xatol": 1e-10, "duration": 0.17685461044311523, "fun": "0.5099175009748537", "nit": "500", "nfev": "797", "status": "2", "success": "False", "message": "Maximum number of iterations has been exceeded.", "x": "[ 4.55991893  5.7712669   1.11326815  1.30151729  4.68489656 -0.64173369]", "final_simplex": "(array([[ 4.55991893,  5.7712669 ,  1.11326815,  1.30151729,  4.68489656,\n        -0.64173369],\n       [ 4.55991888,  5.77126697,  1.11326815,  1.30151727,  4.68489659,\n        -0.64173368],\n       [ 4.55991892,  5.77126694,  1.11326805,  1.30151719,  4.68489654,\n        -0.64173369],\n       [ 4.5599189 ,  5.77126692,  1.11326814,  1.30151731,  4.68489656,\n        -0.64173371],\n       [ 4.55991892,  5.77126695,  1.11326811,  1.30151721,  4.68489657,\n        -0.64173373],\n       [ 4.55991884,  5.77126692,  1.11326816,  1.30151722,  4.68489658,\n        -0.64173369],\n       [ 4.55991893,  5.77126695,  1.11326818,  1.30151722,  4.68489656,\n        -0.64173368]]), array([0.5099175, 0.5099175, 0.5099175, 0.5099175, 0.5099175, 0.5099175,\n       0.5099175]))", "callback": [0.8728372376391735, 0.8063215461232979, 0.738790517854392, 0.6954625315235132, 0.602587102597932, 0.602587102597932, 0.582207900433517, 0.576119604443643, 0.5739697701300616, 0.573705069313637, 0.5731852076645066, 0.572855912822458, 0.5720194574484159, 0.571472716147716, 0.5711535850708696, 0.5709894955604355, 0.570419367464275, 0.5699520085045755, 0.5673802947086891, 0.5550078916839569, 0.5460980735181126, 0.5365785015355298, 0.5298778686436776, 0.5249013208463872, 0.5173485302480292, 0.5134852100747207, 0.51166209771607, 0.5105360262415121, 0.5100332785186112, 0.5099694160644754, 0.5099282397417683, 0.5099193596017163, 0.5099181037793454, 0.5099175678067136, 0.5099175169039962, 0.5099175069730127, 0.5099175030252585, 0.5099175016562424, 0.5099175011762556, 0.5099175010202872, 0.5099175009996533, 0.509917500990295, 0.509917500980305, 0.509917500976412, 0.5099175009751855, 0.509917500974928, 0.5099175009748693, 0.5099175009748564, 0.5099175009748549]}, "6": {"maxiter": 500, "fatol": 1e-10, "xatol": 1e-05, "duration": 0.15245985984802246, "fun": "0.5099175009918149", "nit": "414", "nfev": "652", "status": "0", "success": "True", "message": "Optimization terminated successfully.", "x": "[ 4.55992715  5.77126283  1.11326324  1.30150877  4.68489632 -0.64173261]", "final_simplex": "(array([[ 4.55992715,  5.77126283,  1.11326324,  1.30150877,  4.68489632,\n        -0.64173261],\n       [ 4.55992969,  5.77126167,  1.11326733,  1.30151519,  4.68488768,\n        -0.64172687],\n       [ 4.55992633,  5.77125911,  1.11326514,  1.30150879,  4.6848909 ,\n        -0.64172407],\n       [ 4.55993251,  5.77126556,  1.11326669,  1.30150986,  4.68489454,\n        -0.64172725],\n       [ 4.55993056,  5.77126743,  1.1132639 ,  1.30150463,  4.68489119,\n        -0.64173529],\n       [ 4.55992888,  5.77126859,  1.11325744,  1.30150764,  4.68488894,\n        -0.641731  ],\n       [ 4.55993603,  5.77126458,  1.11325965,  1.30150835,  4.68489427,\n        -0.6417397 ]]), array([0.5099175, 0.5099175, 0.5099175, 0.5099175, 0.5099175, 0.5099175,\n       0.5099175]))", "callback": [0.8728372376391735, 0.8063215461232979, 0.738790517854392, 0.6954625315235132, 0.602587102597932, 0.602587102597932, 0.582207900433517, 0.576119604443643, 0.5739697701300616, 0.573705069313637, 0.5731852076645066, 0.572855912822458, 0.5720194574484159, 0.571472716147716, 0.5711535850708696, 0.5709894955604355, 0.570419367464275, 0.5699520085045755, 0.5673802947086891, 0.5550078916839569, 0.5460980735181126, 0.5365785015355298, 0.5298778686436776, 0.5249013208463872, 0.5173485302480292, 0.5134852100747207, 0.51166209771607, 0.5105360262415121, 0.5100332785186112, 0.5099694160644754, 0.5099282397417683, 0.5099193596017163, 0.5099181037793454, 0.5099175678067136, 0.5099175169039962, 0.5099175069730127, 0.5099175030252585, 0.5099175016562424, 0.5099175011762556, 0.5099175010202872, 0.5099175009996533]}, "7": {"maxiter": 500, "fatol": 1e-10, "xatol": 1e-10, "duration": 0.2270221710205078, "fun": "0.5099175009748537", "nit": "500", "nfev": "797", "status": "2", "success": "False", "message": "Maximum number of iterations has been exceeded.", "x": "[ 4.55991893  5.7712669   1.11326815  1.30151729  4.68489656 -0.64173369]", "final_simplex": "(array([[ 4.55991893,  5.7712669 ,  1.11326815,  1.30151729,  4.68489656,\n        -0.64173369],\n       [ 4.55991888,  5.77126697,  1.11326815,  1.30151727,  4.68489659,\n        -0.64173368],\n       [ 4.55991892,  5.77126694,  1.11326805,  1.30151719,  4.68489654,\n        -0.64173369],\n       [ 4.5599189 ,  5.77126692,  1.11326814,  1.30151731,  4.68489656,\n        -0.64173371],\n       [ 4.55991892,  5.77126695,  1.11326811,  1.30151721,  4.68489657,\n        -0.64173373],\n       [ 4.55991884,  5.77126692,  1.11326816,  1.30151722,  4.68489658,\n        -0.64173369],\n       [ 4.55991893,  5.77126695,  1.11326818,  1.30151722,  4.68489656,\n        -0.64173368]]), array([0.5099175, 0.5099175, 0.5099175, 0.5099175, 0.5099175, 0.5099175,\n       0.5099175]))", "callback": [0.8728372376391735, 0.8063215461232979, 0.738790517854392, 0.6954625315235132, 0.602587102597932, 0.602587102597932, 0.582207900433517, 0.576119604443643, 0.5739697701300616, 0.573705069313637, 0.5731852076645066, 0.572855912822458, 0.5720194574484159, 0.571472716147716, 0.5711535850708696, 0.5709894955604355, 0.570419367464275, 0.5699520085045755, 0.5673802947086891, 0.5550078916839569, 0.5460980735181126, 0.5365785015355298, 0.5298778686436776, 0.5249013208463872, 0.5173485302480292, 0.5134852100747207, 0.51166209771607, 0.5105360262415121, 0.5100332785186112, 0.5099694160644754, 0.5099282397417683, 0.5099193596017163, 0.5099181037793454, 0.5099175678067136, 0.5099175169039962, 0.5099175069730127, 0.5099175030252585, 0.5099175016562424, 0.5099175011762556, 0.5099175010202872, 0.5099175009996533, 0.509917500990295, 0.509917500980305, 0.509917500976412, 0.5099175009751855, 0.509917500974928, 0.5099175009748693, 0.5099175009748564, 0.5099175009748549]}, "8": {"maxiter": 1000, "fatol": 1e-05, "xatol": 1e-05, "duration": 0.15268921852111816, "fun": "0.5099175009918149", "nit": "414", "nfev": "652", "status": "0", "success": "True", "message": "Optimization terminated successfully.", "x": "[ 4.55992715  5.77126283  1.11326324  1.30150877  4.68489632 -0.64173261]", "final_simplex": "(array([[ 4.55992715,  5.77126283,  1.11326324,  1.30150877,  4.68489632,\n        -0.64173261],\n       [ 4.55992969,  5.77126167,  1.11326733,  1.30151519,  4.68488768,\n        -0.64172687],\n       [ 4.55992633,  5.77125911,  1.11326514,  1.30150879,  4.6848909 ,\n        -0.64172407],\n       [ 4.55993251,  5.77126556,  1.11326669,  1.30150986,  4.68489454,\n        -0.64172725],\n       [ 4.55993056,  5.77126743,  1.1132639 ,  1.30150463,  4.68489119,\n        -0.64173529],\n       [ 4.55992888,  5.77126859,  1.11325744,  1.30150764,  4.68488894,\n        -0.641731  ],\n       [ 4.55993603,  5.77126458,  1.11325965,  1.30150835,  4.68489427,\n        -0.6417397 ]]), array([0.5099175, 0.5099175, 0.5099175, 0.5099175, 0.5099175, 0.5099175,\n       0.5099175]))", "callback": [0.8728372376391735, 0.8063215461232979, 0.738790517854392, 0.6954625315235132, 0.602587102597932, 0.602587102597932, 0.582207900433517, 0.576119604443643, 0.5739697701300616, 0.573705069313637, 0.5731852076645066, 0.572855912822458, 0.5720194574484159, 0.571472716147716, 0.5711535850708696, 0.5709894955604355, 0.570419367464275, 0.5699520085045755, 0.5673802947086891, 0.5550078916839569, 0.5460980735181126, 0.5365785015355298, 0.5298778686436776, 0.5249013208463872, 0.5173485302480292, 0.5134852100747207, 0.51166209771607, 0.5105360262415121, 0.5100332785186112, 0.5099694160644754, 0.5099282397417683, 0.5099193596017163, 0.5099181037793454, 0.5099175678067136, 0.5099175169039962, 0.5099175069730127, 0.5099175030252585, 0.5099175016562424, 0.5099175011762556, 0.5099175010202872, 0.5099175009996533]}, "9": {"maxiter": 1000, "fatol": 1e-05, "xatol": 1e-10, "duration": 0.20535898208618164, "fun": "0.5099175009748527", "nit": "548", "nfev": "929", "status": "0", "success": "True", "message": "Optimization terminated successfully.", "x": "[ 4.55991889  5.77126687  1.11326812  1.30151725  4.68489657 -0.64173362]", "final_simplex": "(array([[ 4.55991889,  5.77126687,  1.11326812,  1.30151725,  4.68489657,\n        -0.64173362],\n       [ 4.55991889,  5.77126687,  1.11326812,  1.30151725,  4.68489657,\n        -0.64173362],\n       [ 4.55991889,  5.77126687,  1.11326812,  1.30151725,  4.68489657,\n        -0.64173362],\n       [ 4.55991889,  5.77126687,  1.11326812,  1.30151725,  4.68489657,\n        -0.64173362],\n       [ 4.55991889,  5.77126687,  1.11326812,  1.30151725,  4.68489657,\n        -0.64173362],\n       [ 4.55991889,  5.77126687,  1.11326812,  1.30151725,  4.68489657,\n        -0.64173362],\n       [ 4.55991889,  5.77126687,  1.11326812,  1.30151725,  4.68489657,\n        -0.64173362]]), array([0.5099175, 0.5099175, 0.5099175, 0.5099175, 0.5099175, 0.5099175,\n       0.5099175]))", "callback": [0.8728372376391735, 0.8063215461232979, 0.738790517854392, 0.6954625315235132, 0.602587102597932, 0.602587102597932, 0.582207900433517, 0.576119604443643, 0.5739697701300616, 0.573705069313637, 0.5731852076645066, 0.572855912822458, 0.5720194574484159, 0.571472716147716, 0.5711535850708696, 0.5709894955604355, 0.570419367464275, 0.5699520085045755, 0.5673802947086891, 0.5550078916839569, 0.5460980735181126, 0.5365785015355298, 0.5298778686436776, 0.5249013208463872, 0.5173485302480292, 0.5134852100747207, 0.51166209771607, 0.5105360262415121, 0.5100332785186112, 0.5099694160644754, 0.5099282397417683, 0.5099193596017163, 0.5099181037793454, 0.5099175678067136, 0.5099175169039962, 0.5099175069730127, 0.5099175030252585, 0.5099175016562424, 0.5099175011762556, 0.5099175010202872, 0.5099175009996533, 0.509917500990295, 0.509917500980305, 0.509917500976412, 0.5099175009751855, 0.509917500974928, 0.5099175009748693, 0.5099175009748564, 0.5099175009748549, 0.5099175009748537, 0.5099175009748533, 0.5099175009748527, 0.5099175009748527, 0.5099175009748527]}, "10": {"maxiter": 1000, "fatol": 1e-10, "xatol": 1e-05, "duration": 0.1439971923828125, "fun": "0.5099175009918149", "nit": "414", "nfev": "652", "status": "0", "success": "True", "message": "Optimization terminated successfully.", "x": "[ 4.55992715  5.77126283  1.11326324  1.30150877  4.68489632 -0.64173261]", "final_simplex": "(array([[ 4.55992715,  5.77126283,  1.11326324,  1.30150877,  4.68489632,\n        -0.64173261],\n       [ 4.55992969,  5.77126167,  1.11326733,  1.30151519,  4.68488768,\n        -0.64172687],\n       [ 4.55992633,  5.77125911,  1.11326514,  1.30150879,  4.6848909 ,\n        -0.64172407],\n       [ 4.55993251,  5.77126556,  1.11326669,  1.30150986,  4.68489454,\n        -0.64172725],\n       [ 4.55993056,  5.77126743,  1.1132639 ,  1.30150463,  4.68489119,\n        -0.64173529],\n       [ 4.55992888,  5.77126859,  1.11325744,  1.30150764,  4.68488894,\n        -0.641731  ],\n       [ 4.55993603,  5.77126458,  1.11325965,  1.30150835,  4.68489427,\n        -0.6417397 ]]), array([0.5099175, 0.5099175, 0.5099175, 0.5099175, 0.5099175, 0.5099175,\n       0.5099175]))", "callback": [0.8728372376391735, 0.8063215461232979, 0.738790517854392, 0.6954625315235132, 0.602587102597932, 0.602587102597932, 0.582207900433517, 0.576119604443643, 0.5739697701300616, 0.573705069313637, 0.5731852076645066, 0.572855912822458, 0.5720194574484159, 0.571472716147716, 0.5711535850708696, 0.5709894955604355, 0.570419367464275, 0.5699520085045755, 0.5673802947086891, 0.5550078916839569, 0.5460980735181126, 0.5365785015355298, 0.5298778686436776, 0.5249013208463872, 0.5173485302480292, 0.5134852100747207, 0.51166209771607, 0.5105360262415121, 0.5100332785186112, 0.5099694160644754, 0.5099282397417683, 0.5099193596017163, 0.5099181037793454, 0.5099175678067136, 0.5099175169039962, 0.5099175069730127, 0.5099175030252585, 0.5099175016562424, 0.5099175011762556, 0.5099175010202872, 0.5099175009996533]}, "11": {"maxiter": 1000, "fatol": 1e-10, "xatol": 1e-10, "duration": 0.20703721046447754, "fun": "0.5099175009748527", "nit": "548", "nfev": "929", "status": "0", "success": "True", "message": "Optimization terminated successfully.", "x": "[ 4.55991889  5.77126687  1.11326812  1.30151725  4.68489657 -0.64173362]", "final_simplex": "(array([[ 4.55991889,  5.77126687,  1.11326812,  1.30151725,  4.68489657,\n        -0.64173362],\n       [ 4.55991889,  5.77126687,  1.11326812,  1.30151725,  4.68489657,\n        -0.64173362],\n       [ 4.55991889,  5.77126687,  1.11326812,  1.30151725,  4.68489657,\n        -0.64173362],\n       [ 4.55991889,  5.77126687,  1.11326812,  1.30151725,  4.68489657,\n        -0.64173362],\n       [ 4.55991889,  5.77126687,  1.11326812,  1.30151725,  4.68489657,\n        -0.64173362],\n       [ 4.55991889,  5.77126687,  1.11326812,  1.30151725,  4.68489657,\n        -0.64173362],\n       [ 4.55991889,  5.77126687,  1.11326812,  1.30151725,  4.68489657,\n        -0.64173362]]), array([0.5099175, 0.5099175, 0.5099175, 0.5099175, 0.5099175, 0.5099175,\n       0.5099175]))", "callback": [0.8728372376391735, 0.8063215461232979, 0.738790517854392, 0.6954625315235132, 0.602587102597932, 0.602587102597932, 0.582207900433517, 0.576119604443643, 0.5739697701300616, 0.573705069313637, 0.5731852076645066, 0.572855912822458, 0.5720194574484159, 0.571472716147716, 0.5711535850708696, 0.5709894955604355, 0.570419367464275, 0.5699520085045755, 0.5673802947086891, 0.5550078916839569, 0.5460980735181126, 0.5365785015355298, 0.5298778686436776, 0.5249013208463872, 0.5173485302480292, 0.5134852100747207, 0.51166209771607, 0.5105360262415121, 0.5100332785186112, 0.5099694160644754, 0.5099282397417683, 0.5099193596017163, 0.5099181037793454, 0.5099175678067136, 0.5099175169039962, 0.5099175069730127, 0.5099175030252585, 0.5099175016562424, 0.5099175011762556, 0.5099175010202872, 0.5099175009996533, 0.509917500990295, 0.509917500980305, 0.509917500976412, 0.5099175009751855, 0.509917500974928, 0.5099175009748693, 0.5099175009748564, 0.5099175009748549, 0.5099175009748537, 0.5099175009748533, 0.5099175009748527, 0.5099175009748527, 0.5099175009748527]}}, "bfgs": {"type": "gradient", "0": {"maxiter": 100, "gtol": 1e-05, "xrtol": 1e-05, "eps": 1e-05, "duration": 0.049463748931884766, "fun": "0.6012181835362858", "jac": "[-6.93445301e-08  1.08697495e-06 -1.24177335e-06  2.25823804e-06\n -1.18878241e-06 -2.43585152e-06]", "hess_inv": "[[ 9.45327581 -2.35169087 -3.58886068 -1.00141554  5.12533538  2.4809652 ]\n [-2.35169087  8.40009115  4.60120995 -0.37369242 -3.51373781 -2.23980815]\n [-3.58886068  4.60120995 11.30199332 -1.4327532  -7.34624191 -0.80673502]\n [-1.00141554 -0.37369242 -1.4327532   5.74117417  0.93450932  0.29756093]\n [ 5.12533538 -3.51373781 -7.34624191  0.93450932 11.8063916   2.70478668]\n [ 2.4809652  -2.23980815 -0.80673502  0.29756093  2.70478668  7.09363334]]", "nfev": "217", "njev": "31", "status": "0", "success": "True", "message": "Optimization terminated successfully.", "x": "[4.35303881 2.24633128 0.04911225 1.71442942 5.35297136 2.1136681 ]", "nit": "23", "callback": [0.603478204489842, 0.6012182397081334]}, "1": {"maxiter": 100, "gtol": 1e-05, "xrtol": 1e-05, "eps": 1e-10, "duration": 0.05208396911621094, "fun": "0.6012181835415765", "jac": "[ 3.33066880e-06  1.11022293e-06 -2.22044602e-06  1.11022293e-06\n -3.33066880e-06 -4.44089173e-06]", "hess_inv": "[[ 9.21781018 -2.14194716 -3.34933485 -0.83855687  5.26524446  2.51035899]\n [-2.14194716  8.33537207  4.42392117 -0.49677832 -3.58860331 -2.47672872]\n [-3.34933485  4.42392117 10.95246263 -1.61602916 -7.46566036 -1.01480582]\n [-0.83855687 -0.49677832 -1.61602916  5.60494185  0.8199641   0.13393359]\n [ 5.26524446 -3.58860331 -7.46566036  0.8199641  11.88526699  2.64516805]\n [ 2.51035899 -2.47672872 -1.01480582  0.13393359  2.64516805  7.24937573]]", "nfev": "217", "njev": "31", "status": "0", "success": "True", "message": "Optimization terminated successfully.", "x": "[4.35305694 2.24633205 0.04910981 1.71442697 5.35297518 2.11366738]", "nit": "23", "callback": [0.6034808318048095, 0.6012182383617964]}, "2": {"maxiter": 100, "gtol": 1e-05, "xrtol": 1e-10, "eps": 1e-05, "duration": 0.05014991760253906, "fun": "0.6012181835362858", "jac": "[-6.93445301e-08  1.08697495e-06 -1.24177335e-06  2.25823804e-06\n -1.18878241e-06 -2.43585152e-06]", "hess_inv": "[[ 9.45327581 -2.35169087 -3.58886068 -1.00141554  5.12533538  2.4809652 ]\n [-2.35169087  8.40009115  4.60120995 -0.37369242 -3.51373781 -2.23980815]\n [-3.58886068  4.60120995 11.30199332 -1.4327532  -7.34624191 -0.80673502]\n [-1.00141554 -0.37369242 -1.4327532   5.74117417  0.93450932  0.29756093]\n [ 5.12533538 -3.51373781 -7.34624191  0.93450932 11.8063916   2.70478668]\n [ 2.4809652  -2.23980815 -0.80673502  0.29756093  2.70478668  7.09363334]]", "nfev": "217", "njev": "31", "status": "0", "success": "True", "message": "Optimization terminated successfully.", "x": "[4.35303881 2.24633128 0.04911225 1.71442942 5.35297136 2.1136681 ]", "nit": "23", "callback": [0.603478204489842, 0.6012182397081334]}, "3": {"maxiter": 100, "gtol": 1e-05, "xrtol": 1e-10, "eps": 1e-10, "duration": 0.05198502540588379, "fun": "0.6012181835415765", "jac": "[ 3.33066880e-06  1.11022293e-06 -2.22044602e-06  1.11022293e-06\n -3.33066880e-06 -4.44089173e-06]", "hess_inv": "[[ 9.21781018 -2.14194716 -3.34933485 -0.83855687  5.26524446  2.51035899]\n [-2.14194716  8.33537207  4.42392117 -0.49677832 -3.58860331 -2.47672872]\n [-3.34933485  4.42392117 10.95246263 -1.61602916 -7.46566036 -1.01480582]\n [-0.83855687 -0.49677832 -1.61602916  5.60494185  0.8199641   0.13393359]\n [ 5.26524446 -3.58860331 -7.46566036  0.8199641  11.88526699  2.64516805]\n [ 2.51035899 -2.47672872 -1.01480582  0.13393359  2.64516805  7.24937573]]", "nfev": "217", "njev": "31", "status": "0", "success": "True", "message": "Optimization terminated successfully.", "x": "[4.35305694 2.24633205 0.04910981 1.71442697 5.35297518 2.11366738]", "nit": "23", "callback": [0.6034808318048095, 0.6012182383617964]}, "4": {"maxiter": 100, "gtol": 1e-10, "xrtol": 1e-05, "eps": 1e-05, "duration": 0.051728010177612305, "fun": "0.601218183431813", "jac": "[-6.96109836e-09  1.88371541e-07  1.70352621e-07  3.52795571e-07\n  2.31559216e-07 -2.46369591e-07]", "hess_inv": "[[ 9.96969741 -2.82601266 -3.53643266 -1.4865272   5.65795732  3.30976775]\n [-2.82601266  8.4280565   4.53366809 -0.23361253 -4.00249997 -2.55111127]\n [-3.53643266  4.53366809 11.3063939  -1.49653008 -7.29214832 -0.70119666]\n [-1.4865272  -0.23361253 -1.49653008  5.96797225  0.43450868 -0.14385356]\n [ 5.65795732 -4.00249997 -7.29214832  0.43450868 12.35572162  3.55910428]\n [ 3.30976775 -2.55111127 -0.70119666 -0.14385356  3.55910428  7.92721854]]", "nfev": "224", "njev": "32", "status": "0", "success": "True", "message": "Optimization terminated successfully.", "x": "[4.35305632 2.2463171  0.04911412 1.7144144  5.35298943 2.1136941 ]", "nit": "24", "callback": [0.603478204489842, 0.6012182397081334]}, "5": {"maxiter": 100, "gtol": 1e-10, "xrtol": 1e-05, "eps": 1e-10, "duration": 0.050135135650634766, "fun": "0.6012181834258428", "jac": "[-2.22044587e-06 -2.22044587e-06 -1.11022301e-06  0.00000000e+00\n  1.11022293e-06  0.00000000e+00]", "hess_inv": "[[ 8.84369744 -2.77998388 -3.20784016 -0.94117816  6.07745294  3.93390821]\n [-2.77998388  8.47590684  4.4725854  -0.24783623 -4.22898051 -2.84853185]\n [-3.20784016  4.4725854  10.92915372 -1.64369053 -7.45525191 -1.11424923]\n [-0.94117816 -0.24783623 -1.64369053  5.7230799   0.34383166 -0.44159043]\n [ 6.07745294 -4.22898051 -7.45525191  0.34383166 13.46123489  4.16996898]\n [ 3.93390821 -2.84853185 -1.11424923 -0.44159043  4.16996898  8.2116469 ]]", "nfev": "224", "njev": "32", "status": "0", "success": "True", "message": "Optimization terminated successfully.", "x": "[4.35306221 2.24631537 0.04911184 1.71441956 5.35300605 2.11370581]", "nit": "24", "callback": [0.6034808318048095, 0.6012182383617964]}, "6": {"maxiter": 100, "gtol": 1e-10, "xrtol": 1e-10, "eps": 1e-05, "duration": 0.10239100456237793, "fun": "0.6012181834317425", "jac": "[ 8.89288643e-09  1.49025237e-07  1.27564626e-07  2.69362310e-07\n  1.74404935e-07 -1.95354843e-07]", "hess_inv": "[[ 9.47658551 -2.64343168 -3.34138087 -1.17810919  5.57366136  3.16975502]\n [-2.64343168  8.93486674  4.45713585  0.07315887 -4.02818652 -3.18404642]\n [-3.34138087  4.45713585 11.15828556 -1.6344393  -7.37458466 -0.73700058]\n [-1.17810919  0.07315887 -1.6344393   6.08129205  0.42465531 -0.57543693]\n [ 5.57366136 -4.02818652 -7.37458466  0.42465531 12.15671587  3.44531236]\n [ 3.16975502 -3.18404642 -0.73700058 -0.57543693  3.44531236  8.57309757]]", "nfev": "452", "njev": "63", "status": "2", "success": "False", "message": "Desired error not necessarily achieved due to precision loss.", "x": "[4.35305666 2.24631658 0.04911393 1.71441388 5.35298944 2.11369459]", "nit": "25", "callback": [0.603478204489842, 0.6012182397081334]}, "7": {"maxiter": 100, "gtol": 1e-10, "xrtol": 1e-10, "eps": 1e-10, "duration": 0.07722067832946777, "fun": "0.6012181834181392", "jac": "[0.00000000e+00 0.00000000e+00 0.00000000e+00 0.00000000e+00\n 1.11022293e-06 0.00000000e+00]", "hess_inv": "[[ 0.43706744  0.09174711 -0.09157773  0.0256632  -0.45438169 -0.49986091]\n [ 0.09174711  0.07566896 -0.07539737  0.01491495 -0.09933211 -0.13681228]\n [-0.09157773 -0.07539737  0.07565781 -0.01500143  0.09898292  0.13659333]\n [ 0.0256632   0.01491495 -0.01500143  0.01210226 -0.03523452 -0.04266262]\n [-0.45438169 -0.09933211  0.09898292 -0.03523452  0.48765933  0.53676861]\n [-0.49986091 -0.13681228  0.13659333 -0.04266262  0.53676861  0.60501162]]", "nfev": "322", "njev": "46", "status": "0", "success": "True", "message": "Optimization terminated successfully.", "x": "[4.35306634 2.24632166 0.04911577 1.71441708 5.35300027 2.11370612]", "nit": "33", "callback": [0.6034808318048095, 0.6012182383617964, 0.6012181834181403]}, "8": {"maxiter": 500, "gtol": 1e-05, "xrtol": 1e-05, "eps": 1e-05, "duration": 0.05052614212036133, "fun": "0.6012181835362858", "jac": "[-6.93445301e-08  1.08697495e-06 -1.24177335e-06  2.25823804e-06\n -1.18878241e-06 -2.43585152e-06]", "hess_inv": "[[ 9.45327581 -2.35169087 -3.58886068 -1.00141554  5.12533538  2.4809652 ]\n [-2.35169087  8.40009115  4.60120995 -0.37369242 -3.51373781 -2.23980815]\n [-3.58886068  4.60120995 11.30199332 -1.4327532  -7.34624191 -0.80673502]\n [-1.00141554 -0.37369242 -1.4327532   5.74117417  0.93450932  0.29756093]\n [ 5.12533538 -3.51373781 -7.34624191  0.93450932 11.8063916   2.70478668]\n [ 2.4809652  -2.23980815 -0.80673502  0.29756093  2.70478668  7.09363334]]", "nfev": "217", "njev": "31", "status": "0", "success": "True", "message": "Optimization terminated successfully.", "x": "[4.35303881 2.24633128 0.04911225 1.71442942 5.35297136 2.1136681 ]", "nit": "23", "callback": [0.603478204489842, 0.6012182397081334]}, "9": {"maxiter": 500, "gtol": 1e-05, "xrtol": 1e-05, "eps": 1e-10, "duration": 0.05188798904418945, "fun": "0.6012181835415765", "jac": "[ 3.33066880e-06  1.11022293e-06 -2.22044602e-06  1.11022293e-06\n -3.33066880e-06 -4.44089173e-06]", "hess_inv": "[[ 9.21781018 -2.14194716 -3.34933485 -0.83855687  5.26524446  2.51035899]\n [-2.14194716  8.33537207  4.42392117 -0.49677832 -3.58860331 -2.47672872]\n [-3.34933485  4.42392117 10.95246263 -1.61602916 -7.46566036 -1.01480582]\n [-0.83855687 -0.49677832 -1.61602916  5.60494185  0.8199641   0.13393359]\n [ 5.26524446 -3.58860331 -7.46566036  0.8199641  11.88526699  2.64516805]\n [ 2.51035899 -2.47672872 -1.01480582  0.13393359  2.64516805  7.24937573]]", "nfev": "217", "njev": "31", "status": "0", "success": "True", "message": "Optimization terminated successfully.", "x": "[4.35305694 2.24633205 0.04910981 1.71442697 5.35297518 2.11366738]", "nit": "23", "callback": [0.6034808318048095, 0.6012182383617964]}, "10": {"maxiter": 500, "gtol": 1e-05, "xrtol": 1e-10, "eps": 1e-05, "duration": 0.05161023139953613, "fun": "0.6012181835362858", "jac": "[-6.93445301e-08  1.08697495e-06 -1.24177335e-06  2.25823804e-06\n -1.18878241e-06 -2.43585152e-06]", "hess_inv": "[[ 9.45327581 -2.35169087 -3.58886068 -1.00141554  5.12533538  2.4809652 ]\n [-2.35169087  8.40009115  4.60120995 -0.37369242 -3.51373781 -2.23980815]\n [-3.58886068  4.60120995 11.30199332 -1.4327532  -7.34624191 -0.80673502]\n [-1.00141554 -0.37369242 -1.4327532   5.74117417  0.93450932  0.29756093]\n [ 5.12533538 -3.51373781 -7.34624191  0.93450932 11.8063916   2.70478668]\n [ 2.4809652  -2.23980815 -0.80673502  0.29756093  2.70478668  7.09363334]]", "nfev": "217", "njev": "31", "status": "0", "success": "True", "message": "Optimization terminated successfully.", "x": "[4.35303881 2.24633128 0.04911225 1.71442942 5.35297136 2.1136681 ]", "nit": "23", "callback": [0.603478204489842, 0.6012182397081334]}, "11": {"maxiter": 500, "gtol": 1e-05, "xrtol": 1e-10, "eps": 1e-10, "duration": 0.05243492126464844, "fun": "0.6012181835415765", "jac": "[ 3.33066880e-06  1.11022293e-06 -2.22044602e-06  1.11022293e-06\n -3.33066880e-06 -4.44089173e-06]", "hess_inv": "[[ 9.21781018 -2.14194716 -3.34933485 -0.83855687  5.26524446  2.51035899]\n [-2.14194716  8.33537207  4.42392117 -0.49677832 -3.58860331 -2.47672872]\n [-3.34933485  4.42392117 10.95246263 -1.61602916 -7.46566036 -1.01480582]\n [-0.83855687 -0.49677832 -1.61602916  5.60494185  0.8199641   0.13393359]\n [ 5.26524446 -3.58860331 -7.46566036  0.8199641  11.88526699  2.64516805]\n [ 2.51035899 -2.47672872 -1.01480582  0.13393359  2.64516805  7.24937573]]", "nfev": "217", "njev": "31", "status": "0", "success": "True", "message": "Optimization terminated successfully.", "x": "[4.35305694 2.24633205 0.04910981 1.71442697 5.35297518 2.11366738]", "nit": "23", "callback": [0.6034808318048095, 0.6012182383617964]}, "12": {"maxiter": 500, "gtol": 1e-10, "xrtol": 1e-05, "eps": 1e-05, "duration": 0.05410003662109375, "fun": "0.601218183431813", "jac": "[-6.96109836e-09  1.88371541e-07  1.70352621e-07  3.52795571e-07\n  2.31559216e-07 -2.46369591e-07]", "hess_inv": "[[ 9.96969741 -2.82601266 -3.53643266 -1.4865272   5.65795732  3.30976775]\n [-2.82601266  8.4280565   4.53366809 -0.23361253 -4.00249997 -2.55111127]\n [-3.53643266  4.53366809 11.3063939  -1.49653008 -7.29214832 -0.70119666]\n [-1.4865272  -0.23361253 -1.49653008  5.96797225  0.43450868 -0.14385356]\n [ 5.65795732 -4.00249997 -7.29214832  0.43450868 12.35572162  3.55910428]\n [ 3.30976775 -2.55111127 -0.70119666 -0.14385356  3.55910428  7.92721854]]", "nfev": "224", "njev": "32", "status": "0", "success": "True", "message": "Optimization terminated successfully.", "x": "[4.35305632 2.2463171  0.04911412 1.7144144  5.35298943 2.1136941 ]", "nit": "24", "callback": [0.603478204489842, 0.6012182397081334]}, "13": {"maxiter": 500, "gtol": 1e-10, "xrtol": 1e-05, "eps": 1e-10, "duration": 0.054197072982788086, "fun": "0.6012181834258428", "jac": "[-2.22044587e-06 -2.22044587e-06 -1.11022301e-06  0.00000000e+00\n  1.11022293e-06  0.00000000e+00]", "hess_inv": "[[ 8.84369744 -2.77998388 -3.20784016 -0.94117816  6.07745294  3.93390821]\n [-2.77998388  8.47590684  4.4725854  -0.24783623 -4.22898051 -2.84853185]\n [-3.20784016  4.4725854  10.92915372 -1.64369053 -7.45525191 -1.11424923]\n [-0.94117816 -0.24783623 -1.64369053  5.7230799   0.34383166 -0.44159043]\n [ 6.07745294 -4.22898051 -7.45525191  0.34383166 13.46123489  4.16996898]\n [ 3.93390821 -2.84853185 -1.11424923 -0.44159043  4.16996898  8.2116469 ]]", "nfev": "224", "njev": "32", "status": "0", "success": "True", "message": "Optimization terminated successfully.", "x": "[4.35306221 2.24631537 0.04911184 1.71441956 5.35300605 2.11370581]", "nit": "24", "callback": [0.6034808318048095, 0.6012182383617964]}, "14": {"maxiter": 500, "gtol": 1e-10, "xrtol": 1e-10, "eps": 1e-05, "duration": 0.10820889472961426, "fun": "0.6012181834317425", "jac": "[ 8.89288643e-09  1.49025237e-07  1.27564626e-07  2.69362310e-07\n  1.74404935e-07 -1.95354843e-07]", "hess_inv": "[[ 9.47658551 -2.64343168 -3.34138087 -1.17810919  5.57366136  3.16975502]\n [-2.64343168  8.93486674  4.45713585  0.07315887 -4.02818652 -3.18404642]\n [-3.34138087  4.45713585 11.15828556 -1.6344393  -7.37458466 -0.73700058]\n [-1.17810919  0.07315887 -1.6344393   6.08129205  0.42465531 -0.57543693]\n [ 5.57366136 -4.02818652 -7.37458466  0.42465531 12.15671587  3.44531236]\n [ 3.16975502 -3.18404642 -0.73700058 -0.57543693  3.44531236  8.57309757]]", "nfev": "452", "njev": "63", "status": "2", "success": "False", "message": "Desired error not necessarily achieved due to precision loss.", "x": "[4.35305666 2.24631658 0.04911393 1.71441388 5.35298944 2.11369459]", "nit": "25", "callback": [0.603478204489842, 0.6012182397081334]}, "15": {"maxiter": 500, "gtol": 1e-10, "xrtol": 1e-10, "eps": 1e-10, "duration": 0.07646989822387695, "fun": "0.6012181834181392", "jac": "[0.00000000e+00 0.00000000e+00 0.00000000e+00 0.00000000e+00\n 1.11022293e-06 0.00000000e+00]", "hess_inv": "[[ 0.43706744  0.09174711 -0.09157773  0.0256632  -0.45438169 -0.49986091]\n [ 0.09174711  0.07566896 -0.07539737  0.01491495 -0.09933211 -0.13681228]\n [-0.09157773 -0.07539737  0.07565781 -0.01500143  0.09898292  0.13659333]\n [ 0.0256632   0.01491495 -0.01500143  0.01210226 -0.03523452 -0.04266262]\n [-0.45438169 -0.09933211  0.09898292 -0.03523452  0.48765933  0.53676861]\n [-0.49986091 -0.13681228  0.13659333 -0.04266262  0.53676861  0.60501162]]", "nfev": "322", "njev": "46", "status": "0", "success": "True", "message": "Optimization terminated successfully.", "x": "[4.35306634 2.24632166 0.04911577 1.71441708 5.35300027 2.11370612]", "nit": "33", "callback": [0.6034808318048095, 0.6012182383617964, 0.6012181834181403]}, "16": {"maxiter": 1000, "gtol": 1e-05, "xrtol": 1e-05, "eps": 1e-05, "duration": 0.06654191017150879, "fun": "0.6012181835362858", "jac": "[-6.93445301e-08  1.08697495e-06 -1.24177335e-06  2.25823804e-06\n -1.18878241e-06 -2.43585152e-06]", "hess_inv": "[[ 9.45327581 -2.35169087 -3.58886068 -1.00141554  5.12533538  2.4809652 ]\n [-2.35169087  8.40009115  4.60120995 -0.37369242 -3.51373781 -2.23980815]\n [-3.58886068  4.60120995 11.30199332 -1.4327532  -7.34624191 -0.80673502]\n [-1.00141554 -0.37369242 -1.4327532   5.74117417  0.93450932  0.29756093]\n [ 5.12533538 -3.51373781 -7.34624191  0.93450932 11.8063916   2.7047