{"date": "2024/10/08/, 18:30:04", "conf_id": 20, "data_type": "random\n", "num_data_points": 2, "s_rank": 0, "unitary": "[[-0.45070455-0.02711853j,0.78437395-0.06613086j,0.06358678+0.19963393j,-0.07343613+0.35668523j],[-0.01890143-0.03813363j,0.32408202+0.25557629j,0.05872864-0.68979805j,0.55466693-0.20227297j],[-0.11215405+0.64023111j,-0.13344055+0.29565494j,-0.49012687-0.19046288j,-0.04241254+0.44046348j],[0.55771659+0.24656916j,0.31851997-0.05798805j,0.28761525-0.34294258j,-0.56718418+0.03616933j]]", "databatch_0": {"databatch": "[[[0.0574941+0.27191649j,-0.03828138-0.02951819j,0.09104237+0.11543044j,0.03547516-0.17983907j],[0.55888957+0.3092445j,-0.10887831+0.02209086j,0.3375126+0.01551426j,-0.25904754-0.33221467j],[-0.10820122-0.03164467j,0.01789542-0.00801392j,-0.05872171+0.01037813j,0.05745461+0.04719355j],[-0.20498101+0.18191094j,0.00662293-0.04720515j,-0.05451123+0.13432779j,0.17142274-0.05732334j]],[[-0.136856-0.02592408j,-0.03424675-0.10063785j,-0.02968067-0.03172417j,-0.01737855+0.01410467j],[0.05201387+0.30408559j,-0.18239109+0.14889246j,-0.04289321+0.08613089j,0.04271113+0.02516281j],[0.20030685+0.13759281j,-0.01605496+0.18476916j,0.02509427+0.07151948j,0.03766409-0.01030649j],[-0.47715508+0.43012638j,-0.46508728-0.15514464j,-0.19931902+0.02043208j,0.00328243+0.10317409j]]]", "initial param values": "[1.43929216,5.92846887,0.76747792,1.49694951,1.12127803,1.71273886]", "nelder_mead": {"type": "gradient-free", "0": {"maxiter": 100, "fatol": 1e-05, "xatol": 1e-05, "duration": 0.048110008239746094, "fun": "0.2853885044903238", "nit": "100", "nfev": "151", "status": "2", "success": "False", "message": "Maximum number of iterations has been exceeded.", "x": "[ 2.60662554  2.38468274  1.09435766 -0.54441191  0.36896993  1.95436509]", "final_simplex": "(array([[ 2.60662554,  2.38468274,  1.09435766, -0.54441191,  0.36896993,\n         1.95436509],\n       [ 2.71949287,  2.38770315,  1.08630445, -0.645421  ,  0.47148612,\n         1.76088217],\n       [ 2.60138538,  2.38480752,  1.12143468, -0.57692668,  0.29204233,\n         2.02377188],\n       [ 2.74747505,  2.20649731,  1.09854896, -0.66804227,  0.42392446,\n         1.81785902],\n       [ 2.66846556,  2.38016881,  1.1265087 , -0.66495467,  0.28074109,\n         2.01842948],\n       [ 2.72011696,  2.34390547,  1.13556461, -0.83986991,  0.29719578,\n         1.94359732],\n       [ 2.61997851,  2.44247812,  1.12533607, -0.61490551,  0.2908389 ,\n         2.05964965]]), array([0.2853885 , 0.2874831 , 0.2877886 , 0.28783324, 0.29101067,\n       0.29103715, 0.29299963]))", "callback": [0.8934645818647269, 0.8128205343038711, 0.7986767514367081, 0.6512492423274963, 0.47735931659414244, 0.3938938592617258, 0.39169136404984695, 0.3764120126367936, 0.33847911745093273, 0.2910106675126358]}, "1": {"maxiter": 100, "fatol": 1e-05, "xatol": 1e-10, "duration": 0.04787874221801758, "fun": "0.2853885044903238", "nit": "100", "nfev": "151", "status": "2", "success": "False", "message": "Maximum number of iterations has been exceeded.", "x": "[ 2.60662554  2.38468274  1.09435766 -0.54441191  0.36896993  1.95436509]", "final_simplex": "(array([[ 2.60662554,  2.38468274,  1.09435766, -0.54441191,  0.36896993,\n         1.95436509],\n       [ 2.71949287,  2.38770315,  1.08630445, -0.645421  ,  0.47148612,\n         1.76088217],\n       [ 2.60138538,  2.38480752,  1.12143468, -0.57692668,  0.29204233,\n         2.02377188],\n       [ 2.74747505,  2.20649731,  1.09854896, -0.66804227,  0.42392446,\n         1.81785902],\n       [ 2.66846556,  2.38016881,  1.1265087 , -0.66495467,  0.28074109,\n         2.01842948],\n       [ 2.72011696,  2.34390547,  1.13556461, -0.83986991,  0.29719578,\n         1.94359732],\n       [ 2.61997851,  2.44247812,  1.12533607, -0.61490551,  0.2908389 ,\n         2.05964965]]), array([0.2853885 , 0.2874831 , 0.2877886 , 0.28783324, 0.29101067,\n       0.29103715, 0.29299963]))", "callback": [0.8934645818647269, 0.8128205343038711, 0.7986767514367081, 0.6512492423274963, 0.47735931659414244, 0.3938938592617258, 0.39169136404984695, 0.3764120126367936, 0.33847911745093273, 0.2910106675126358]}, "2": {"maxiter": 100, "fatol": 1e-10, "xatol": 1e-05, "duration": 0.04002261161804199, "fun": "0.2853885044903238", "nit": "100", "nfev": "151", "status": "2", "success": "False", "message": "Maximum number of iterations has been exceeded.", "x": "[ 2.60662554  2.38468274  1.09435766 -0.54441191  0.36896993  1.95436509]", "final_simplex": "(array([[ 2.60662554,  2.38468274,  1.09435766, -0.54441191,  0.36896993,\n         1.95436509],\n       [ 2.71949287,  2.38770315,  1.08630445, -0.645421  ,  0.47148612,\n         1.76088217],\n       [ 2.60138538,  2.38480752,  1.12143468, -0.57692668,  0.29204233,\n         2.02377188],\n       [ 2.74747505,  2.20649731,  1.09854896, -0.66804227,  0.42392446,\n         1.81785902],\n       [ 2.66846556,  2.38016881,  1.1265087 , -0.66495467,  0.28074109,\n         2.01842948],\n       [ 2.72011696,  2.34390547,  1.13556461, -0.83986991,  0.29719578,\n         1.94359732],\n       [ 2.61997851,  2.44247812,  1.12533607, -0.61490551,  0.2908389 ,\n         2.05964965]]), array([0.2853885 , 0.2874831 , 0.2877886 , 0.28783324, 0.29101067,\n       0.29103715, 0.29299963]))", "callback": [0.8934645818647269, 0.8128205343038711, 0.7986767514367081, 0.6512492423274963, 0.47735931659414244, 0.3938938592617258, 0.39169136404984695, 0.3764120126367936, 0.33847911745093273, 0.2910106675126358]}, "3": {"maxiter": 100, "fatol": 1e-10, "xatol": 1e-10, "duration": 0.04114794731140137, "fun": "0.2853885044903238", "nit": "100", "nfev": "151", "status": "2", "success": "False", "message": "Maximum number of iterations has been exceeded.", "x": "[ 2.60662554  2.38468274  1.09435766 -0.54441191  0.36896993  1.95436509]", "final_simplex": "(array([[ 2.60662554,  2.38468274,  1.09435766, -0.54441191,  0.36896993,\n         1.95436509],\n       [ 2.71949287,  2.38770315,  1.08630445, -0.645421  ,  0.47148612,\n         1.76088217],\n       [ 2.60138538,  2.38480752,  1.12143468, -0.57692668,  0.29204233,\n         2.02377188],\n       [ 2.74747505,  2.20649731,  1.09854896, -0.66804227,  0.42392446,\n         1.81785902],\n       [ 2.66846556,  2.38016881,  1.1265087 , -0.66495467,  0.28074109,\n         2.01842948],\n       [ 2.72011696,  2.34390547,  1.13556461, -0.83986991,  0.29719578,\n         1.94359732],\n       [ 2.61997851,  2.44247812,  1.12533607, -0.61490551,  0.2908389 ,\n         2.05964965]]), array([0.2853885 , 0.2874831 , 0.2877886 , 0.28783324, 0.29101067,\n       0.29103715, 0.29299963]))", "callback": [0.8934645818647269, 0.8128205343038711, 0.7986767514367081, 0.6512492423274963, 0.47735931659414244, 0.3938938592617258, 0.39169136404984695, 0.3764120126367936, 0.33847911745093273, 0.2910106675126358]}, "4": {"maxiter": 500, "fatol": 1e-05, "xatol": 1e-05, "duration": 0.22107911109924316, "fun": "0.09096274353271738", "nit": "500", "nfev": "768", "status": "2", "success": "False", "message": "Maximum number of iterations has been exceeded.", "x": "[ 1.6118763   1.52876825 -0.78220922 -1.1182251   1.57889823  0.57439035]", "final_simplex": "(array([[ 1.6118763 ,  1.52876825, -0.78220922, -1.1182251 ,  1.57889823,\n         0.57439035],\n       [ 1.6118995 ,  1.52872508, -0.78219384, -1.1182224 ,  1.57890349,\n         0.57441783],\n       [ 1.61187272,  1.52875673, -0.78222153, -1.11823346,  1.57890896,\n         0.57437809],\n       [ 1.61186602,  1.52873626, -0.78220385, -1.11823166,  1.57890244,\n         0.57439358],\n       [ 1.61186784,  1.52873922, -0.7822178 , -1.11822444,  1.578884  ,\n         0.57439753],\n       [ 1.61188222,  1.5287545 , -0.78217942, -1.11819765,  1.5788796 ,\n         0.57438419],\n       [ 1.61187564,  1.52874649, -0.78216323, -1.11823138,  1.5788881 ,\n         0.57439314]]), array([0.09096274, 0.09096274, 0.09096274, 0.09096274, 0.09096274,\n       0.09096274, 0.09096274]))", "callback": [0.8934645818647269, 0.8128205343038711, 0.7986767514367081, 0.6512492423274963, 0.47735931659414244, 0.3938938592617258, 0.39169136404984695, 0.3764120126367936, 0.33847911745093273, 0.2910106675126358, 0.28503931726554765, 0.2733342452105644, 0.2505668616917608, 0.22833392164889477, 0.19734492451733765, 0.17850172225235028, 0.17742005948653206, 0.17676192887936093, 0.17626400040340562, 0.17453497483090308, 0.17261961179858765, 0.1699831158064673, 0.1682718839056907, 0.1672224860243381, 0.1647545944792712, 0.16282517832074506, 0.16160133078357597, 0.16024498216792016, 0.15590370950274446, 0.14950433401637886, 0.1276341689650411, 0.10705713047719967, 0.10014186267488001, 0.09530636351219657, 0.09204946198561448, 0.09126177787439071, 0.09126177787439071, 0.09101831333085808, 0.09098512235737066, 0.09096918276409849, 0.0909655445870251, 0.09096397475076301, 0.09096343557813258, 0.09096317258407027, 0.09096286295929124, 0.09096279331770596, 0.09096275343982352, 0.09096274525649317, 0.09096274425824191, 0.09096274353271738]}, "5": {"maxiter": 500, "fatol": 1e-05, "xatol": 1e-10, "duration": 0.25406694412231445, "fun": "0.09096274353271738", "nit": "500", "nfev": "768", "status": "2", "success": "False", "message": "Maximum number of iterations has been exceeded.", "x": "[ 1.6118763   1.52876825 -0.78220922 -1.1182251   1.57889823  0.57439035]", "final_simplex": "(array([[ 1.6118763 ,  1.52876825, -0.78220922, -1.1182251 ,  1.57889823,\n         0.57439035],\n       [ 1.6118995 ,  1.52872508, -0.78219384, -1.1182224 ,  1.57890349,\n         0.57441783],\n       [ 1.61187272,  1.52875673, -0.78222153, -1.11823346,  1.57890896,\n         0.57437809],\n       [ 1.61186602,  1.52873626, -0.78220385, -1.11823166,  1.57890244,\n         0.57439358],\n       [ 1.61186784,  1.52873922, -0.7822178 , -1.11822444,  1.578884  ,\n         0.57439753],\n       [ 1.61188222,  1.5287545 , -0.78217942, -1.11819765,  1.5788796 ,\n         0.57438419],\n       [ 1.61187564,  1.52874649, -0.78216323, -1.11823138,  1.5788881 ,\n         0.57439314]]), array([0.09096274, 0.09096274, 0.09096274, 0.09096274, 0.09096274,\n       0.09096274, 0.09096274]))", "callback": [0.8934645818647269, 0.8128205343038711, 0.7986767514367081, 0.6512492423274963, 0.47735931659414244, 0.3938938592617258, 0.39169136404984695, 0.3764120126367936, 0.33847911745093273, 0.2910106675126358, 0.28503931726554765, 0.2733342452105644, 0.2505668616917608, 0.22833392164889477, 0.19734492451733765, 0.17850172225235028, 0.17742005948653206, 0.17676192887936093, 0.17626400040340562, 0.17453497483090308, 0.17261961179858765, 0.1699831158064673, 0.1682718839056907, 0.1672224860243381, 0.1647545944792712, 0.16282517832074506, 0.16160133078357597, 0.16024498216792016, 0.15590370950274446, 0.14950433401637886, 0.1276341689650411, 0.10705713047719967, 0.10014186267488001, 0.09530636351219657, 0.09204946198561448, 0.09126177787439071, 0.09126177787439071, 0.09101831333085808, 0.09098512235737066, 0.09096918276409849, 0.0909655445870251, 0.09096397475076301, 0.09096343557813258, 0.09096317258407027, 0.09096286295929124, 0.09096279331770596, 0.09096275343982352, 0.09096274525649317, 0.09096274425824191, 0.09096274353271738]}, "6": {"maxiter": 500, "fatol": 1e-10, "xatol": 1e-05, "duration": 0.22260403633117676, "fun": "0.09096274353271738", "nit": "500", "nfev": "768", "status": "2", "success": "False", "message": "Maximum number of iterations has been exceeded.", "x": "[ 1.6118763   1.52876825 -0.78220922 -1.1182251   1.57889823  0.57439035]", "final_simplex": "(array([[ 1.6118763 ,  1.52876825, -0.78220922, -1.1182251 ,  1.57889823,\n         0.57439035],\n       [ 1.6118995 ,  1.52872508, -0.78219384, -1.1182224 ,  1.57890349,\n         0.57441783],\n       [ 1.61187272,  1.52875673, -0.78222153, -1.11823346,  1.57890896,\n         0.57437809],\n       [ 1.61186602,  1.52873626, -0.78220385, -1.11823166,  1.57890244,\n         0.57439358],\n       [ 1.61186784,  1.52873922, -0.7822178 , -1.11822444,  1.578884  ,\n         0.57439753],\n       [ 1.61188222,  1.5287545 , -0.78217942, -1.11819765,  1.5788796 ,\n         0.57438419],\n       [ 1.61187564,  1.52874649, -0.78216323, -1.11823138,  1.5788881 ,\n         0.57439314]]), array([0.09096274, 0.09096274, 0.09096274, 0.09096274, 0.09096274,\n       0.09096274, 0.09096274]))", "callback": [0.8934645818647269, 0.8128205343038711, 0.7986767514367081, 0.6512492423274963, 0.47735931659414244, 0.3938938592617258, 0.39169136404984695, 0.3764120126367936, 0.33847911745093273, 0.2910106675126358, 0.28503931726554765, 0.2733342452105644, 0.2505668616917608, 0.22833392164889477, 0.19734492451733765, 0.17850172225235028, 0.17742005948653206, 0.17676192887936093, 0.17626400040340562, 0.17453497483090308, 0.17261961179858765, 0.1699831158064673, 0.1682718839056907, 0.1672224860243381, 0.1647545944792712, 0.16282517832074506, 0.16160133078357597, 0.16024498216792016, 0.15590370950274446, 0.14950433401637886, 0.1276341689650411, 0.10705713047719967, 0.10014186267488001, 0.09530636351219657, 0.09204946198561448, 0.09126177787439071, 0.09126177787439071, 0.09101831333085808, 0.09098512235737066, 0.09096918276409849, 0.0909655445870251, 0.09096397475076301, 0.09096343557813258, 0.09096317258407027, 0.09096286295929124, 0.09096279331770596, 0.09096275343982352, 0.09096274525649317, 0.09096274425824191, 0.09096274353271738]}, "7": {"maxiter": 500, "fatol": 1e-10, "xatol": 1e-10, "duration": 0.2231757640838623, "fun": "0.09096274353271738", "nit": "500", "nfev": "768", "status": "2", "success": "False", "message": "Maximum number of iterations has been exceeded.", "x": "[ 1.6118763   1.52876825 -0.78220922 -1.1182251   1.57889823  0.57439035]", "final_simplex": "(array([[ 1.6118763 ,  1.52876825, -0.78220922, -1.1182251 ,  1.57889823,\n         0.57439035],\n       [ 1.6118995 ,  1.52872508, -0.78219384, -1.1182224 ,  1.57890349,\n         0.57441783],\n       [ 1.61187272,  1.52875673, -0.78222153, -1.11823346,  1.57890896,\n         0.57437809],\n       [ 1.61186602,  1.52873626, -0.78220385, -1.11823166,  1.57890244,\n         0.57439358],\n       [ 1.61186784,  1.52873922, -0.7822178 , -1.11822444,  1.578884  ,\n         0.57439753],\n       [ 1.61188222,  1.5287545 , -0.78217942, -1.11819765,  1.5788796 ,\n         0.57438419],\n       [ 1.61187564,  1.52874649, -0.78216323, -1.11823138,  1.5788881 ,\n         0.57439314]]), array([0.09096274, 0.09096274, 0.09096274, 0.09096274, 0.09096274,\n       0.09096274, 0.09096274]))", "callback": [0.8934645818647269, 0.8128205343038711, 0.7986767514367081, 0.6512492423274963, 0.47735931659414244, 0.3938938592617258, 0.39169136404984695, 0.3764120126367936, 0.33847911745093273, 0.2910106675126358, 0.28503931726554765, 0.2733342452105644, 0.2505668616917608, 0.22833392164889477, 0.19734492451733765, 0.17850172225235028, 0.17742005948653206, 0.17676192887936093, 0.17626400040340562, 0.17453497483090308, 0.17261961179858765, 0.1699831158064673, 0.1682718839056907, 0.1672224860243381, 0.1647545944792712, 0.16282517832074506, 0.16160133078357597, 0.16024498216792016, 0.15590370950274446, 0.14950433401637886, 0.1276341689650411, 0.10705713047719967, 0.10014186267488001, 0.09530636351219657, 0.09204946198561448, 0.09126177787439071, 0.09126177787439071, 0.09101831333085808, 0.09098512235737066, 0.09096918276409849, 0.0909655445870251, 0.09096397475076301, 0.09096343557813258, 0.09096317258407027, 0.09096286295929124, 0.09096279331770596, 0.09096275343982352, 0.09096274525649317, 0.09096274425824191, 0.09096274353271738]}, "8": {"maxiter": 1000, "fatol": 1e-05, "xatol": 1e-05, "duration": 0.2626659870147705, "fun": "0.09096274339823973", "nit": "525", "nfev": "811", "status": "0", "success": "True", "message": "Optimization terminated successfully.", "x": "[ 1.61188807  1.52874263 -0.78220231 -1.11821369  1.57889846  0.57441198]", "final_simplex": "(array([[ 1.61188807,  1.52874263, -0.78220231, -1.11821369,  1.57889846,\n         0.57441198],\n       [ 1.61188792,  1.52874701, -0.78221091, -1.11821185,  1.57890208,\n         0.57440767],\n       [ 1.61189123,  1.5287463 , -0.78221021, -1.11821043,  1.57890095,\n         0.57441261],\n       [ 1.61189129,  1.5287433 , -0.78220357, -1.11821026,  1.57889957,\n         0.57441078],\n       [ 1.61188733,  1.52874177, -0.78221183, -1.11820907,  1.57889649,\n         0.57441507],\n       [ 1.61188982,  1.5287449 , -0.78220995, -1.11821637,  1.57890502,\n         0.57440819],\n       [ 1.61189429,  1.52874297, -0.78220731, -1.11820726,  1.57890337,\n         0.57441685]]), array([0.09096274, 0.09096274, 0.09096274, 0.09096274, 0.09096274,\n       0.09096274, 0.09096274]))", "callback": [0.8934645818647269, 0.8128205343038711, 0.7986767514367081, 0.6512492423274963, 0.47735931659414244, 0.3938938592617258, 0.39169136404984695, 0.3764120126367936, 0.33847911745093273, 0.2910106675126358, 0.28503931726554765, 0.2733342452105644, 0.2505668616917608, 0.22833392164889477, 0.19734492451733765, 0.17850172225235028, 0.17742005948653206, 0.17676192887936093, 0.17626400040340562, 0.17453497483090308, 0.17261961179858765, 0.1699831158064673, 0.1682718839056907, 0.1672224860243381, 0.1647545944792712, 0.16282517832074506, 0.16160133078357597, 0.16024498216792016, 0.15590370950274446, 0.14950433401637886, 0.1276341689650411, 0.10705713047719967, 0.10014186267488001, 0.09530636351219657, 0.09204946198561448, 0.09126177787439071, 0.09126177787439071, 0.09101831333085808, 0.09098512235737066, 0.09096918276409849, 0.0909655445870251, 0.09096397475076301, 0.09096343557813258, 0.09096317258407027, 0.09096286295929124, 0.09096279331770596, 0.09096275343982352, 0.09096274525649317, 0.09096274425824191, 0.09096274353271738, 0.09096274350987943, 0.09096274341754906, 0.09096274339823973]}, "9": {"maxiter": 1000, "fatol": 1e-05, "xatol": 1e-10, "duration": 0.3368082046508789, "fun": "0.0909627433833764", "nit": "651", "nfev": "1072", "status": "0", "success": "True", "message": "Optimization terminated successfully.", "x": "[ 1.61188338  1.52874609 -0.78220615 -1.11821376  1.57889979  0.57441857]", "final_simplex": "(array([[ 1.61188338,  1.52874609, -0.78220615, -1.11821376,  1.57889979,\n         0.57441857],\n       [ 1.61188338,  1.52874609, -0.78220615, -1.11821376,  1.57889979,\n         0.57441857],\n       [ 1.61188338,  1.52874609, -0.78220615, -1.11821376,  1.57889979,\n         0.57441857],\n       [ 1.61188338,  1.52874609, -0.78220615, -1.11821376,  1.57889979,\n         0.57441857],\n       [ 1.61188338,  1.52874609, -0.78220615, -1.11821376,  1.57889979,\n         0.57441857],\n       [ 1.61188338,  1.52874609, -0.78220615, -1.11821376,  1.57889979,\n         0.57441857],\n       [ 1.61188338,  1.52874609, -0.78220615, -1.11821376,  1.57889979,\n         0.57441857]]), array([0.09096274, 0.09096274, 0.09096274, 0.09096274, 0.09096274,\n       0.09096274, 0.09096274]))", "callback": [0.8934645818647269, 0.8128205343038711, 0.7986767514367081, 0.6512492423274963, 0.47735931659414244, 0.3938938592617258, 0.39169136404984695, 0.3764120126367936, 0.33847911745093273, 0.2910106675126358, 0.28503931726554765, 0.2733342452105644, 0.2505668616917608, 0.22833392164889477, 0.19734492451733765, 0.17850172225235028, 0.17742005948653206, 0.17676192887936093, 0.17626400040340562, 0.17453497483090308, 0.17261961179858765, 0.1699831158064673, 0.1682718839056907, 0.1672224860243381, 0.1647545944792712, 0.16282517832074506, 0.16160133078357597, 0.16024498216792016, 0.15590370950274446, 0.14950433401637886, 0.1276341689650411, 0.10705713047719967, 0.10014186267488001, 0.09530636351219657, 0.09204946198561448, 0.09126177787439071, 0.09126177787439071, 0.09101831333085808, 0.09098512235737066, 0.09096918276409849, 0.0909655445870251, 0.09096397475076301, 0.09096343557813258, 0.09096317258407027, 0.09096286295929124, 0.09096279331770596, 0.09096275343982352, 0.09096274525649317, 0.09096274425824191, 0.09096274353271738, 0.09096274350987943, 0.09096274341754906, 0.09096274339823973, 0.09096274339648991, 0.0909627433896727, 0.0909627433845801, 0.09096274338426824, 0.09096274338371113, 0.09096274338344923, 0.09096274338339339, 0.09096274338338006, 0.09096274338337751, 0.09096274338337662, 0.0909627433833764, 0.0909627433833764, 0.0909627433833764]}, "10": {"maxiter": 1000, "fatol": 1e-10, "xatol": 1e-05, "duration": 0.23083806037902832, "fun": "0.09096274339823973", "nit": "525", "nfev": "811", "status": "0", "success": "True", "message": "Optimization terminated successfully.", "x": "[ 1.61188807  1.52874263 -0.78220231 -1.11821369  1.57889846  0.57441198]", "final_simplex": "(array([[ 1.61188807,  1.52874263, -0.78220231, -1.11821369,  1.57889846,\n         0.57441198],\n       [ 1.61188792,  1.52874701, -0.78221091, -1.11821185,  1.57890208,\n         0.57440767],\n       [ 1.61189123,  1.5287463 , -0.78221021, -1.11821043,  1.57890095,\n         0.57441261],\n       [ 1.61189129,  1.5287433 , -0.78220357, -1.11821026,  1.57889957,\n         0.57441078],\n       [ 1.61188733,  1.52874177, -0.78221183, -1.11820907,  1.57889649,\n         0.57441507],\n       [ 1.61188982,  1.5287449 , -0.78220995, -1.11821637,  1.57890502,\n         0.57440819],\n       [ 1.61189429,  1.52874297, -0.78220731, -1.11820726,  1.57890337,\n         0.57441685]]), array([0.09096274, 0.09096274, 0.09096274, 0.09096274, 0.09096274,\n       0.09096274, 0.09096274]))", "callback": [0.8934645818647269, 0.8128205343038711, 0.7986767514367081, 0.6512492423274963, 0.47735931659414244, 0.3938938592617258, 0.39169136404984695, 0.3764120126367936, 0.33847911745093273, 0.2910106675126358, 0.28503931726554765, 0.2733342452105644, 0.2505668616917608, 0.22833392164889477, 0.19734492451733765, 0.17850172225235028, 0.17742005948653206, 0.17676192887936093, 0.17626400040340562, 0.17453497483090308, 0.17261961179858765, 0.1699831158064673, 0.1682718839056907, 0.1672224860243381, 0.1647545944792712, 0.16282517832074506, 0.16160133078357597, 0.16024498216792016, 0.15590370950274446, 0.14950433401637886, 0.1276341689650411, 0.10705713047719967, 0.10014186267488001, 0.09530636351219657, 0.09204946198561448, 0.09126177787439071, 0.09126177787439071, 0.09101831333085808, 0.09098512235737066, 0.09096918276409849, 0.0909655445870251, 0.09096397475076301, 0.09096343557813258, 0.09096317258407027, 0.09096286295929124, 0.09096279331770596, 0.09096275343982352, 0.09096274525649317, 0.09096274425824191, 0.09096274353271738, 0.09096274350987943, 0.09096274341754906, 0.09096274339823973]}, "11": {"maxiter": 1000, "fatol": 1e-10, "xatol": 1e-10, "duration": 0.3322749137878418, "fun": "0.0909627433833764", "nit": "651", "nfev": "1072", "status": "0", "success": "True", "message": "Optimization terminated successfully.", "x": "[ 1.61188338  1.52874609 -0.78220615 -1.11821376  1.57889979  0.57441857]", "final_simplex": "(array([[ 1.61188338,  1.52874609, -0.78220615, -1.11821376,  1.57889979,\n         0.57441857],\n       [ 1.61188338,  1.52874609, -0.78220615, -1.11821376,  1.57889979,\n         0.57441857],\n       [ 1.61188338,  1.52874609, -0.78220615, -1.11821376,  1.57889979,\n         0.57441857],\n       [ 1.61188338,  1.52874609, -0.78220615, -1.11821376,  1.57889979,\n         0.57441857],\n       [ 1.61188338,  1.52874609, -0.78220615, -1.11821376,  1.57889979,\n         0.57441857],\n       [ 1.61188338,  1.52874609, -0.78220615, -1.11821376,  1.57889979,\n         0.57441857],\n       [ 1.61188338,  1.52874609, -0.78220615, -1.11821376,  1.57889979,\n         0.57441857]]), array([0.09096274, 0.09096274, 0.09096274, 0.09096274, 0.09096274,\n       0.09096274, 0.09096274]))", "callback": [0.8934645818647269, 0.8128205343038711, 0.7986767514367081, 0.6512492423274963, 0.47735931659414244, 0.3938938592617258, 0.39169136404984695, 0.3764120126367936, 0.33847911745093273, 0.2910106675126358, 0.28503931726554765, 0.2733342452105644, 0.2505668616917608, 0.22833392164889477, 0.19734492451733765, 0.17850172225235028, 0.17742005948653206, 0.17676192887936093, 0.17626400040340562, 0.17453497483090308, 0.17261961179858765, 0.1699831158064673, 0.1682718839056907, 0.1672224860243381, 0.1647545944792712, 0.16282517832074506, 0.16160133078357597, 0.16024498216792016, 0.15590370950274446, 0.14950433401637886, 0.1276341689650411, 0.10705713047719967, 0.10014186267488001, 0.09530636351219657, 0.09204946198561448, 0.09126177787439071, 0.09126177787439071, 0.09101831333085808, 0.09098512235737066, 0.09096918276409849, 0.0909655445870251, 0.09096397475076301, 0.09096343557813258, 0.09096317258407027, 0.09096286295929124, 0.09096279331770596, 0.09096275343982352, 0.09096274525649317, 0.09096274425824191, 0.09096274353271738, 0.09096274350987943, 0.09096274341754906, 0.09096274339823973, 0.09096274339648991, 0.0909627433896727, 0.0909627433845801, 0.09096274338426824, 0.09096274338371113, 0.09096274338344923, 0.09096274338339339, 0.09096274338338006, 0.09096274338337751, 0.09096274338337662, 0.0909627433833764, 0.0909627433833764, 0.0909627433833764]}}, "bfgs": {"type": "gradient", "0": {"maxiter": 100, "gtol": 1e-05, "xrtol": 1e-05, "eps": 1e-05, "duration": 0.06951332092285156, "fun": "0.09096274348986122", "jac": "[-2.19535501e-06  5.02453634e-07 -1.24931177e-06  4.68591832e-06\n  8.24129653e-07  1.53942414e-06]", "hess_inv": "[[ 3.87968225 -0.43900772  2.84574206 -1.64979299 -0.47831077  0.93875489]\n [-0.43900772  2.85967061 -0.05544064  0.34914177  0.78984215 -1.38851406]\n [ 2.84574206 -0.05544064  8.71604983 -2.13235287 -2.52021198  1.74638221]\n [-1.64979299  0.34914177 -2.13235287  3.43981739  1.01963212 -1.02948478]\n [-0.47831077  0.78984215 -2.52021198  1.01963212  4.76066497 -3.16850626]\n [ 0.93875489 -1.38851406  1.74638221 -1.02948478 -3.16850626  7.8541326 ]]", "nfev": "231", "njev": "33", "status": "0", "success": "True", "message": "Optimization terminated successfully.", "x": "[ 1.61186088  7.81192528 -0.78223801  1.11823101 -1.56269021  3.71601227]", "nit": "28", "callback": [0.8623790438679156, 0.81065746413797, 0.8078359768882399, 0.7874345210763726, 0.7671429126575487, 0.7287396205519763, 0.6635375561518682, 0.643791937245936, 0.614285393514073, 0.5753571486897102, 0.5037605449581724, 0.39720613017964634, 0.3692784580824059, 0.3183927495245783, 0.2273703922239515, 0.12048495480910715, 0.11200773418715038, 0.10293455224750125, 0.09842154107432255, 0.09525218843788585, 0.09311275837864086, 0.09193774297422341, 0.09127029859592761, 0.0910095439045221, 0.09096677686785881, 0.09096286653105723, 0.09096274664997805, 0.09096274348986122]}, "1": {"maxiter": 100, "gtol": 1e-05, "xrtol": 1e-05, "eps": 1e-10, "duration": 0.07280206680297852, "fun": "0.09096274355857437", "jac": "[ 0.00000000e+00 -1.11022293e-06 -2.22044587e-06  0.00000000e+00\n  0.00000000e+00  1.11022293e-06]", "hess_inv": "[[ 3.81345286 -0.37013164  2.81414652 -1.5644865  -0.48636505  0.95889395]\n [-0.37013164  2.80233     0.02127395  0.26474336  0.76762685 -1.3669098 ]\n [ 2.81414652  0.02127395  8.72769845 -2.02547622 -2.55868208  1.8106753 ]\n [-1.5644865   0.26474336 -2.02547622  3.35904865  0.99387705 -1.00187691]\n [-0.48636505  0.76762685 -2.55868208  0.99387705  4.82045755 -3.23264686]\n [ 0.95889395 -1.3669098   1.8106753  -1.00187691 -3.23264686  7.95011891]]", "nfev": "231", "njev": "33", "status": "0", "success": "True", "message": "Optimization terminated successfully.", "x": "[ 1.61186242  7.81192878 -0.78225844  1.11823245 -1.56266796  3.71599077]", "nit": "28", "callback": [0.8623791726857749, 0.8106573580637224, 0.8078358204396472, 0.7874313078744618, 0.7671456407410143, 0.728749151739164, 0.6635498671099498, 0.6437910828147705, 0.6142642002046873, 0.5753184402823459, 0.5036833456573024, 0.39714257496689576, 0.3691635227887937, 0.3181696538139809, 0.22696756480290192, 0.1204382213670927, 0.11202954096960827, 0.10287595365331537, 0.09842088823883743, 0.09517324213756884, 0.09311399829229938, 0.09191977370142135, 0.0912653867938159, 0.09100811175976564, 0.09096665708377327, 0.0909628696085234, 0.09096274705604579, 0.09096274355857437]}, "2": {"maxiter": 100, "gtol": 1e-05, "xrtol": 1e-10, "eps": 1e-05, "duration": 0.07988524436950684, "fun": "0.09096274348986122", "jac": "[-2.19535501e-06  5.02453634e-07 -1.24931177e-06  4.68591832e-06\n  8.24129653e-07  1.53942414e-06]", "hess_inv": "[[ 3.87968225 -0.43900772  2.84574206 -1.64979299 -0.47831077  0.93875489]\n [-0.43900772  2.85967061 -0.05544064  0.34914177  0.78984215 -1.38851406]\n [ 2.84574206 -0.05544064  8.71604983 -2.13235287 -2.52021198  1.74638221]\n [-1.64979299  0.34914177 -2.13235287  3.43981739  1.01963212 -1.02948478]\n [-0.47831077  0.78984215 -2.52021198  1.01963212  4.76066497 -3.16850626]\n [ 0.93875489 -1.38851406  1.74638221 -1.02948478 -3.16850626  7.8541326 ]]", "nfev": "231", "njev": "33", "status": "0", "success": "True", "message": "Optimization terminated successfully.", "x": "[ 1.61186088  7.81192528 -0.78223801  1.11823101 -1.56269021  3.71601227]", "nit": "28", "callback": [0.8623790438679156, 0.81065746413797, 0.8078359768882399, 0.7874345210763726, 0.7671429126575487, 0.7287396205519763, 0.6635375561518682, 0.643791937245936, 0.614285393514073, 0.5753571486897102, 0.5037605449581724, 0.39720613017964634, 0.3692784580824059, 0.3183927495245783, 0.2273703922239515, 0.12048495480910715, 0.11200773418715038, 0.10293455224750125, 0.09842154107432255, 0.09525218843788585, 0.09311275837864086, 0.09193774297422341, 0.09127029859592761, 0.0910095439045221, 0.09096677686785881, 0.09096286653105723, 0.09096274664997805, 0.09096274348986122]}, "3": {"maxiter": 100, "gtol": 1e-05, "xrtol": 1e-10, "eps": 1e-10, "duration": 0.07515811920166016, "fun": "0.09096274355857437", "jac": "[ 0.00000000e+00 -1.11022293e-06 -2.22044587e-06  0.00000000e+00\n  0.00000000e+00  1.11022293e-06]", "hess_inv": "[[ 3.81345286 -0.37013164  2.81414652 -1.5644865  -0.48636505  0.95889395]\n [-0.37013164  2.80233     0.02127395  0.26474336  0.76762685 -1.3669098 ]\n [ 2.81414652  0.02127395  8.72769845 -2.02547622 -2.55868208  1.8106753 ]\n [-1.5644865   0.26474336 -2.02547622  3.35904865  0.99387705 -1.00187691]\n [-0.48636505  0.76762685 -2.55868208  0.99387705  4.82045755 -3.23264686]\n [ 0.95889395 -1.3669098   1.8106753  -1.00187691 -3.23264686  7.95011891]]", "nfev": "231", "njev": "33", "status": "0", "success": "True", "message": "Optimization terminated successfully.", "x": "[ 1.61186242  7.81192878 -0.78225844  1.11823245 -1.56266796  3.71599077]", "nit": "28", "callback": [0.8623791726857749, 0.8106573580637224, 0.8078358204396472, 0.7874313078744618, 0.7671456407410143, 0.728749151739164, 0.6635498671099498, 0.6437910828147705, 0.6142642002046873, 0.5753184402823459, 0.5036833456573024, 0.39714257496689576, 0.3691635227887937, 0.3181696538139809, 0.22696756480290192, 0.1204382213670927, 0.11202954096960827, 0.10287595365331537, 0.09842088823883743, 0.09517324213756884, 0.09311399829229938, 0.09191977370142135, 0.0912653867938159, 0.09100811175976564, 0.09096665708377327, 0.0909628696085234, 0.09096274705604579, 0.09096274355857437]}, "4": {"maxiter": 100, "gtol": 1e-10, "xrtol": 1e-05, "eps": 1e-05, "duration": 0.0792548656463623, "fun": "0.09096274340855182", "jac": "[ 2.27429187e-07 -4.13336032e-07 -3.29247740e-07  4.00934841e-07\n  1.52100554e-08  1.78590476e-07]", "hess_inv": "[[ 3.52147017 -0.32260607  2.39102633 -1.29701989 -0.41362376  0.94511482]\n [-0.32260607  2.89831373  0.14538358  0.16656385  0.66114964 -1.37717378]\n [ 2.39102633  0.14538358  8.17565445 -1.73168964 -2.51281524  1.76375903]\n [-1.29701989  0.16656385 -1.73168964  3.15277029  1.05159676 -1.04766054]\n [-0.41362376  0.66114964 -2.51281524  1.05159676  4.90059381 -3.18853268]\n [ 0.94511482 -1.37717378  1.76375903 -1.04766054 -3.18853268  7.85637029]]", "nfev": "238", "njev": "34", "status": "0", "success": "True", "message": "Optimization terminated successfully.", "x": "[ 1.61187672  7.81192409 -0.78221515  1.11821189 -1.56269865  3.71601268]", "nit": "29", "callback": [0.8623790438679156, 0.81065746413797, 0.8078359768882399, 0.7874345210763726, 0.7671429126575487, 0.7287396205519763, 0.6635375561518682, 0.643791937245936, 0.614285393514073, 0.5753571486897102, 0.5037605449581724, 0.39720613017964634, 0.3692784580824059, 0.3183927495245783, 0.2273703922239515, 0.12048495480910715, 0.11200773418715038, 0.10293455224750125, 0.09842154107432255, 0.09525218843788585, 0.09311275837864086, 0.09193774297422341, 0.09127029859592761, 0.0910095439045221, 0.09096677686785881, 0.09096286653105723, 0.09096274664997805, 0.09096274348986122, 0.09096274340855182]}, "5": {"maxiter": 100, "gtol": 1e-10, "xrtol": 1e-05, "eps": 1e-10, "duration": 0.06715130805969238, "fun": "0.09096274349752098", "jac": "[-1.11022293e-06  1.11022293e-06 -1.11022293e-06  2.22044587e-06\n  4.44089173e-06  0.00000000e+00]", "hess_inv": "[[ 3.72427669 -0.41048066  2.55585857 -1.50937838 -0.48095416  1.04384557]\n [-0.41048066  2.93026904  0.11169758  0.28145265  0.71484668 -1.43168074]\n [ 2.55585857  0.11169758  8.27351335 -1.87752462 -2.62131808  1.91038874]\n [-1.50937838  0.28145265 -1.87752462  3.32545629  0.9936405  -1.04856776]\n [-0.48095416  0.71484668 -2.62131808  0.9936405   4.84099291 -3.19881226]\n [ 1.04384557 -1.43168074  1.91038874 -1.04856776 -3.19881226  7.94205298]]", "nfev": "238", "njev": "34", "status": "0", "success": "True", "message": "Optimization terminated successfully.", "x": "[ 1.61186648  7.81193387 -0.78224206  1.11822976 -1.56266943  3.71598461]", "nit": "29", "callback": [0.8623791726857749, 0.8106573580637224, 0.8078358204396472, 0.7874313078744618, 0.7671456407410143, 0.728749151739164, 0.6635498671099498, 0.6437910828147705, 0.6142642002046873, 0.5753184402823459, 0.5036833456573024, 0.39714257496689576, 0.3691635227887937, 0.3181696538139809, 0.22696756480290192, 0.1204382213670927, 0.11202954096960827, 0.10287595365331537, 0.09842088823883743, 0.09517324213756884, 0.09311399829229938, 0.09191977370142135, 0.0912653867938159, 0.09100811175976564, 0.09096665708377327, 0.0909628696085234, 0.09096274705604579, 0.09096274355857437, 0.09096274349752098]}, "6": {"maxiter": 100, "gtol": 1e-10, "xrtol": 1e-10, "eps": 1e-05, "duration": 0.14691519737243652, "fun": "0.09096274340599897", "jac": "[-1.99840144e-10  1.22124533e-10  1.11022302e-10 -2.77555756e-10\n  2.88657986e-10  2.88657986e-10]", "hess_inv": "[[ 3.51200904 -0.29432458  2.50897045 -1.39393282 -0.44482446  1.01993664]\n [-0.29432458  3.19746895  0.52657845  0.08083383  0.63189192 -1.75584961]\n [ 2.50897045  0.52657845  8.98553755 -2.12798427 -2.67628739  1.43428372]\n [-1.39393282  0.08083383 -2.12798427  3.40121653  1.19205706 -0.95533103]\n [-0.44482446  0.63189192 -2.67628739  1.19205706  4.93437485 -3.29858476]\n [ 1.01993664 -1.75584961  1.43428372 -0.95533103 -3.29858476  7.89210546]]", "nfev": "467", "njev": "65", "status": "2", "success": "False", "message": "Desired error not necessarily achieved due to precision loss.", "x": "[ 1.611877    7.81192595 -0.78221186  1.11821031 -1.56269913  3.71601122]", "nit": "32", "callback": [0.8623790438679156, 0.81065746413797, 0.8078359768882399, 0.7874345210763726, 0.7671429126575487, 0.7287396205519763, 0.6635375561518682, 0.643791937245936, 0.614285393514073, 0.5753571486897102, 0.5037605449581724, 0.39720613017964634, 0.3692784580824059, 0.3183927495245783, 0.2273703922239515, 0.12048495480910715, 0.11200773418715038, 0.10293455224750125, 0.09842154107432255, 0.09525218843788585, 0.09311275837864086, 0.09193774297422341, 0.09127029859592761, 0.0910095439045221, 0.09096677686785881, 0.09096286653105723, 0.09096274664997805, 0.09096274348986122, 0.09096274340855182, 0.09096274340630506, 0.09096274340602395, 0.09096274340599897]}, "7": {"maxiter": 100, "gtol": 1e-10, "xrtol": 1e-10, "eps": 1e-10, "duration": 0.15070581436157227, "fun": "0.09096274341129118", "jac": "[1.11022293e-06 0.00000000e+00 1.11022293e-06 1.11022293e-06\n 2.22044587e-06 2.22044587e-06]", "hess_inv": "[[ 0.12540597 -0.05165437  0.00533664 -0.06463704  0.1199986  -0.08711942]\n [-0.05165437  0.23757932 -0.1588736  -0.04172093 -0.01650816 -0.02439868]\n [ 0.00533664 -0.1588736   0.1676933   0.0268504  -0.00736046  0.02072872]\n [-0.06463704 -0.04172093  0.0268504   0.07427301 -0.08782295  0.07119835]\n [ 0.1199986  -0.01650816 -0.00736046 -0.08782295  0.15256517 -0.10682199]\n [-0.08711942 -0.02439868  0.02072872  0.07119835 -0.10682199  0.10317076]]", "nfev": "490", "njev": "70", "status": "0", "success": "True", "message": "Optimization terminated successfully.", "x": "[ 1.61187757  7.81193394 -0.78222386  1.11822272 -1.56267931  3.71600233]", "nit": "43", "callback": [0.8623791726857749, 0.8106573580637224, 0.8078358204396472, 0.7874313078744618, 0.7671456407410143, 0.728749151739164, 0.6635498671099498, 0.6437910828147705, 0.6142642002046873, 0.5753184402823459, 0.5036833456573024, 0.39714257496689576, 0.3691635227887937, 0.3181696538139809, 0.22696756480290192, 0.1204382213670927, 0.11202954096960827, 0.10287595365331537, 0.09842088823883743, 0.09517324213756884, 0.09311399829229938, 0.09191977370142135, 0.0912653867938159, 0.09100811175976564, 0.09096665708377327, 0.0909628696085234, 0.09096274705604579, 0.09096274355857437, 0.09096274349752098, 0.09096274346199062, 0.09096274343630018, 0.0909627434181266, 0.09096274341758459, 0.09096274341717292, 0.09096274341451305, 0.09096274341291333, 0.09096274341253041, 0.09096274341229627, 0.09096274341206001, 0.09096274341183186, 0.09096274341158739, 0.09096274341129129, 0.09096274341129118]}, "8": {"maxiter": 500, "gtol": 1e-05, "xrtol": 1e-05, "eps": 1e-05, "duration": 0.0718989372253418, "fun": "0.09096274348986122", "jac": "[-2.19535501e-06  5.02453634e-07 -1.24931177e-06  4.68591832e-06\n  8.24129653e-07  1.53942414e-06]", "hess_inv": "[[ 3.87968225 -0.43900772  2.84574206 -1.64979299 -0.47831077  0.93875489]\n [-0.43900772  2.85967061 -0.05544064  0.34914177  0.78984215 -1.38851406]\n [ 2.84574206 -0.05544064  8.71604983 -2.13235287 -2.52021198  1.74638221]\n [-1.64979299  0.34914177 -2.13235287  3.43981739  1.01963212 -1.02948478]\n [-0.47831077  0.78984215 -2.52021198  1.01963212  4.76066497 -3.16850626]\n [ 0.93875489 -1.38851406  1.74638221 -1.02948478 -3.16850626  7.8541326 ]]", "nfev": "231", "njev": "33", "status": "0", "success": "True", "message": "Optimization terminated successfully.", "x": "[ 1.61186088  7.81192528 -0.78223801  1.11823101 -1.56269021  3.71601227]", "nit": "28", "callback": [0.8623790438679156, 0.81065746413797, 0.8078359768882399, 0.7874345210763726, 0.7671429126575487, 0.7287396205519763, 0.6635375561518682, 0.643791937245936, 0.614285393514073, 0.5753571486897102, 0.5037605449581724, 0.39720613017964634, 0.3692784580824059, 0.3183927495245783, 0.2273703922239515, 0.12048495480910715, 0.11200773418715038, 0.10293455224750125, 0.09842154107432255, 0.09525218843788585, 0.09311275837864086, 0.09193774297422341, 0.09127029859592761, 0.0910095439045221, 0.09096677686785881, 0.09096286653105723, 0.09096274664997805, 0.09096274348986122]}, "9": {"maxiter": 500, "gtol": 1e-05, "xrtol": 1e-05, "eps": 1e-10, "duration": 0.0703880786895752, "fun": "0.09096274355857437", "jac": "[ 0.00000000e+00 -1.11022293e-06 -2.22044587e-06  0.00000000e+00\n  0.00000000e+00  1.11022293e-06]", "hess_inv": "[[ 3.81345286 -0.37013164  2.81414652 -1.5644865  -0.48636505  0.95889395]\n [-0.37013164  2.80233     0.02127395  0.26474336  0.76762685 -1.3669098 ]\n [ 2.81414652  0.02127395  8.72769845 -2.02547622 -2.55868208  1.8106753 ]\n [-1.5644865   0.26474336 -2.02547622  3.35904865  0.99387705 -1.00187691]\n [-0.48636505  0.76762685 -2.55868208  0.99387705  4.82045755 -3.23264686]\n [ 0.95889395 -1.3669098   1.8106753  -1.00187691 -3.23264686  7.95011891]]", "nfev": "231", "njev": "33", "status": "0", "success": "True", "message": "Optimization terminated successfully.", "x": "[ 1.61186242  7.81192878 -0.78225844  1.11823245 -1.56266796  3.71599077]", "nit": "28", "callback": [0.8623791726857749, 0.8106573580637224, 0