{"date": "2024/10/08/, 17:16:35", "conf_id": 15, "data_type": "random\n", "num_data_points": 1, "s_rank": 0, "unitary": "[[-0.45070455-0.02711853j,0.78437395-0.06613086j,0.06358678+0.19963393j,-0.07343613+0.35668523j],[-0.01890143-0.03813363j,0.32408202+0.25557629j,0.05872864-0.68979805j,0.55466693-0.20227297j],[-0.11215405+0.64023111j,-0.13344055+0.29565494j,-0.49012687-0.19046288j,-0.04241254+0.44046348j],[0.55771659+0.24656916j,0.31851997-0.05798805j,0.28761525-0.34294258j,-0.56718418+0.03616933j]]", "databatch_0": {"databatch": "[[[0.04825078-0.04281163j,-0.22970037+0.12409915j,0.28065501-0.24073082j,-0.0622342+0.24174145j],[-0.01314943+0.20267982j,0.01947458-0.11997878j,0.01982135-0.02196487j,-0.14900793+0.04154397j],[0.0443335+0.0269559j,-0.33889203-0.16919102j,-0.04412654+0.20506365j,-0.29372605-0.01268455j],[-0.00935639-0.18411391j,0.4502821-0.09271809j,0.21673413-0.1612324j,-0.22621694+0.04165805j]]]", "initial param values": "[3.03488535,5.06625903,3.05491515,2.2032401,2.40017471,5.18679629]", "nelder_mead": {"type": "gradient-free", "0": {"maxiter": 100, "fatol": 1e-05, "xatol": 1e-05, "duration": 0.04277682304382324, "fun": "0.23398807248345133", "nit": "100", "nfev": "153", "status": "2", "success": "False", "message": "Maximum number of iterations has been exceeded.", "x": "[4.90489492 4.70963543 4.26114172 1.53824644 4.48836691 4.12507585]", "final_simplex": "(array([[4.90489492, 4.70963543, 4.26114172, 1.53824644, 4.48836691,\n        4.12507585],\n       [4.98806656, 4.62342343, 4.36893753, 1.56303101, 4.5475492 ,\n        4.1475435 ],\n       [5.02162344, 4.71156476, 4.33066387, 1.61732787, 4.55135642,\n        4.1328671 ],\n       [5.00476526, 4.80898481, 4.22079339, 1.45778846, 4.53616529,\n        4.08108133],\n       [4.95743298, 4.71419229, 4.31533243, 1.59548242, 4.475881  ,\n        4.18815756],\n       [4.9116117 , 4.78884024, 4.28739574, 1.63267492, 4.41766532,\n        4.05349665],\n       [4.93086663, 4.78767443, 4.27397938, 1.52395174, 4.56130278,\n        4.07575936]]), array([0.23398807, 0.23400568, 0.23420067, 0.23429021, 0.23471815,\n       0.23592652, 0.23703135]))", "callback": [0.8724930144122237, 0.6856897505894637, 0.5616628218098152, 0.5411272888731108, 0.44864205404313273, 0.4229443689982523, 0.3749113377223332, 0.2603858353202455, 0.24452235951823398, 0.23429021310097076]}, "1": {"maxiter": 100, "fatol": 1e-05, "xatol": 1e-10, "duration": 0.04355192184448242, "fun": "0.23398807248345133", "nit": "100", "nfev": "153", "status": "2", "success": "False", "message": "Maximum number of iterations has been exceeded.", "x": "[4.90489492 4.70963543 4.26114172 1.53824644 4.48836691 4.12507585]", "final_simplex": "(array([[4.90489492, 4.70963543, 4.26114172, 1.53824644, 4.48836691,\n        4.12507585],\n       [4.98806656, 4.62342343, 4.36893753, 1.56303101, 4.5475492 ,\n        4.1475435 ],\n       [5.02162344, 4.71156476, 4.33066387, 1.61732787, 4.55135642,\n        4.1328671 ],\n       [5.00476526, 4.80898481, 4.22079339, 1.45778846, 4.53616529,\n        4.08108133],\n       [4.95743298, 4.71419229, 4.31533243, 1.59548242, 4.475881  ,\n        4.18815756],\n       [4.9116117 , 4.78884024, 4.28739574, 1.63267492, 4.41766532,\n        4.05349665],\n       [4.93086663, 4.78767443, 4.27397938, 1.52395174, 4.56130278,\n        4.07575936]]), array([0.23398807, 0.23400568, 0.23420067, 0.23429021, 0.23471815,\n       0.23592652, 0.23703135]))", "callback": [0.8724930144122237, 0.6856897505894637, 0.5616628218098152, 0.5411272888731108, 0.44864205404313273, 0.4229443689982523, 0.3749113377223332, 0.2603858353202455, 0.24452235951823398, 0.23429021310097076]}, "2": {"maxiter": 100, "fatol": 1e-10, "xatol": 1e-05, "duration": 0.03933906555175781, "fun": "0.23398807248345133", "nit": "100", "nfev": "153", "status": "2", "success": "False", "message": "Maximum number of iterations has been exceeded.", "x": "[4.90489492 4.70963543 4.26114172 1.53824644 4.48836691 4.12507585]", "final_simplex": "(array([[4.90489492, 4.70963543, 4.26114172, 1.53824644, 4.48836691,\n        4.12507585],\n       [4.98806656, 4.62342343, 4.36893753, 1.56303101, 4.5475492 ,\n        4.1475435 ],\n       [5.02162344, 4.71156476, 4.33066387, 1.61732787, 4.55135642,\n        4.1328671 ],\n       [5.00476526, 4.80898481, 4.22079339, 1.45778846, 4.53616529,\n        4.08108133],\n       [4.95743298, 4.71419229, 4.31533243, 1.59548242, 4.475881  ,\n        4.18815756],\n       [4.9116117 , 4.78884024, 4.28739574, 1.63267492, 4.41766532,\n        4.05349665],\n       [4.93086663, 4.78767443, 4.27397938, 1.52395174, 4.56130278,\n        4.07575936]]), array([0.23398807, 0.23400568, 0.23420067, 0.23429021, 0.23471815,\n       0.23592652, 0.23703135]))", "callback": [0.8724930144122237, 0.6856897505894637, 0.5616628218098152, 0.5411272888731108, 0.44864205404313273, 0.4229443689982523, 0.3749113377223332, 0.2603858353202455, 0.24452235951823398, 0.23429021310097076]}, "3": {"maxiter": 100, "fatol": 1e-10, "xatol": 1e-10, "duration": 0.04348874092102051, "fun": "0.23398807248345133", "nit": "100", "nfev": "153", "status": "2", "success": "False", "message": "Maximum number of iterations has been exceeded.", "x": "[4.90489492 4.70963543 4.26114172 1.53824644 4.48836691 4.12507585]", "final_simplex": "(array([[4.90489492, 4.70963543, 4.26114172, 1.53824644, 4.48836691,\n        4.12507585],\n       [4.98806656, 4.62342343, 4.36893753, 1.56303101, 4.5475492 ,\n        4.1475435 ],\n       [5.02162344, 4.71156476, 4.33066387, 1.61732787, 4.55135642,\n        4.1328671 ],\n       [5.00476526, 4.80898481, 4.22079339, 1.45778846, 4.53616529,\n        4.08108133],\n       [4.95743298, 4.71419229, 4.31533243, 1.59548242, 4.475881  ,\n        4.18815756],\n       [4.9116117 , 4.78884024, 4.28739574, 1.63267492, 4.41766532,\n        4.05349665],\n       [4.93086663, 4.78767443, 4.27397938, 1.52395174, 4.56130278,\n        4.07575936]]), array([0.23398807, 0.23400568, 0.23420067, 0.23429021, 0.23471815,\n       0.23592652, 0.23703135]))", "callback": [0.8724930144122237, 0.6856897505894637, 0.5616628218098152, 0.5411272888731108, 0.44864205404313273, 0.4229443689982523, 0.3749113377223332, 0.2603858353202455, 0.24452235951823398, 0.23429021310097076]}, "4": {"maxiter": 500, "fatol": 1e-05, "xatol": 1e-05, "duration": 0.14792203903198242, "fun": "0.22821192080704478", "nit": "321", "nfev": "505", "status": "0", "success": "True", "message": "Optimization terminated successfully.", "x": "[5.0587455  4.64525805 4.22957674 1.50597215 4.4139848  4.16378719]", "final_simplex": "(array([[5.0587455 , 4.64525805, 4.22957674, 1.50597215, 4.4139848 ,\n        4.16378719],\n       [5.05874235, 4.64525809, 4.22956873, 1.50596796, 4.41398097,\n        4.16378613],\n       [5.05874614, 4.64526235, 4.22957045, 1.50596389, 4.41398141,\n        4.16378845],\n       [5.05874987, 4.64525731, 4.22956764, 1.50596793, 4.41398339,\n        4.16378881],\n       [5.05874738, 4.64526374, 4.22956819, 1.50597079, 4.41398148,\n        4.16378721],\n       [5.05874519, 4.64526657, 4.22957334, 1.50596836, 4.41398631,\n        4.16377958],\n       [5.05875035, 4.64525007, 4.22958259, 1.50597009, 4.41398116,\n        4.16378523]]), array([0.22821192, 0.22821192, 0.22821192, 0.22821192, 0.22821192,\n       0.22821192, 0.22821192]))", "callback": [0.8724930144122237, 0.6856897505894637, 0.5616628218098152, 0.5411272888731108, 0.44864205404313273, 0.4229443689982523, 0.3749113377223332, 0.2603858353202455, 0.24452235951823398, 0.23429021310097076, 0.23166758300104962, 0.2299847269772306, 0.2289494933150935, 0.22852470891516097, 0.2283977220578488, 0.22827521604461842, 0.2282278119459078, 0.22821812787467965, 0.22821380426771187, 0.2282129731983905, 0.2282125339305564, 0.228212341790206, 0.22821218957940326, 0.22821208898685763, 0.22821196343909322, 0.22821193962149788, 0.22821193108756577, 0.22821192522020795, 0.22821192226416964, 0.2282119209513921, 0.22821192086475006, 0.22821192081520958, 0.22821192080704478]}, "5": {"maxiter": 500, "fatol": 1e-05, "xatol": 1e-10, "duration": 0.21318674087524414, "fun": "0.22821192080313146", "nit": "427", "nfev": "740", "status": "0", "success": "True", "message": "Optimization terminated successfully.", "x": "[5.05874718 4.64525714 4.22957503 1.50596817 4.41398443 4.16378641]", "final_simplex": "(array([[5.05874718, 4.64525714, 4.22957503, 1.50596817, 4.41398443,\n        4.16378641],\n       [5.05874718, 4.64525714, 4.22957503, 1.50596817, 4.41398443,\n        4.16378641],\n       [5.05874718, 4.64525714, 4.22957503, 1.50596817, 4.41398443,\n        4.16378641],\n       [5.05874718, 4.64525714, 4.22957503, 1.50596817, 4.41398443,\n        4.16378641],\n       [5.05874718, 4.64525714, 4.22957503, 1.50596817, 4.41398443,\n        4.16378641],\n       [5.05874718, 4.64525714, 4.22957503, 1.50596817, 4.41398443,\n        4.16378641],\n       [5.05874718, 4.64525714, 4.22957503, 1.50596817, 4.41398443,\n        4.16378641]]), array([0.22821192, 0.22821192, 0.22821192, 0.22821192, 0.22821192,\n       0.22821192, 0.22821192]))", "callback": [0.8724930144122237, 0.6856897505894637, 0.5616628218098152, 0.5411272888731108, 0.44864205404313273, 0.4229443689982523, 0.3749113377223332, 0.2603858353202455, 0.24452235951823398, 0.23429021310097076, 0.23166758300104962, 0.2299847269772306, 0.2289494933150935, 0.22852470891516097, 0.2283977220578488, 0.22827521604461842, 0.2282278119459078, 0.22821812787467965, 0.22821380426771187, 0.2282129731983905, 0.2282125339305564, 0.228212341790206, 0.22821218957940326, 0.22821208898685763, 0.22821196343909322, 0.22821193962149788, 0.22821193108756577, 0.22821192522020795, 0.22821192226416964, 0.2282119209513921, 0.22821192086475006, 0.22821192081520958, 0.22821192080510833, 0.22821192080377006, 0.22821192080323904, 0.22821192080316155, 0.22821192080314112, 0.22821192080313768, 0.22821192080313335, 0.22821192080313224, 0.22821192080313146, 0.22821192080313146, 0.22821192080313146]}, "6": {"maxiter": 500, "fatol": 1e-10, "xatol": 1e-05, "duration": 0.15413713455200195, "fun": "0.22821192080704478", "nit": "321", "nfev": "505", "status": "0", "success": "True", "message": "Optimization terminated successfully.", "x": "[5.0587455  4.64525805 4.22957674 1.50597215 4.4139848  4.16378719]", "final_simplex": "(array([[5.0587455 , 4.64525805, 4.22957674, 1.50597215, 4.4139848 ,\n        4.16378719],\n       [5.05874235, 4.64525809, 4.22956873, 1.50596796, 4.41398097,\n        4.16378613],\n       [5.05874614, 4.64526235, 4.22957045, 1.50596389, 4.41398141,\n        4.16378845],\n       [5.05874987, 4.64525731, 4.22956764, 1.50596793, 4.41398339,\n        4.16378881],\n       [5.05874738, 4.64526374, 4.22956819, 1.50597079, 4.41398148,\n        4.16378721],\n       [5.05874519, 4.64526657, 4.22957334, 1.50596836, 4.41398631,\n        4.16377958],\n       [5.05875035, 4.64525007, 4.22958259, 1.50597009, 4.41398116,\n        4.16378523]]), array([0.22821192, 0.22821192, 0.22821192, 0.22821192, 0.22821192,\n       0.22821192, 0.22821192]))", "callback": [0.8724930144122237, 0.6856897505894637, 0.5616628218098152, 0.5411272888731108, 0.44864205404313273, 0.4229443689982523, 0.3749113377223332, 0.2603858353202455, 0.24452235951823398, 0.23429021310097076, 0.23166758300104962, 0.2299847269772306, 0.2289494933150935, 0.22852470891516097, 0.2283977220578488, 0.22827521604461842, 0.2282278119459078, 0.22821812787467965, 0.22821380426771187, 0.2282129731983905, 0.2282125339305564, 0.228212341790206, 0.22821218957940326, 0.22821208898685763, 0.22821196343909322, 0.22821193962149788, 0.22821193108756577, 0.22821192522020795, 0.22821192226416964, 0.2282119209513921, 0.22821192086475006, 0.22821192081520958, 0.22821192080704478]}, "7": {"maxiter": 500, "fatol": 1e-10, "xatol": 1e-10, "duration": 0.20267987251281738, "fun": "0.22821192080313146", "nit": "427", "nfev": "740", "status": "0", "success": "True", "message": "Optimization terminated successfully.", "x": "[5.05874718 4.64525714 4.22957503 1.50596817 4.41398443 4.16378641]", "final_simplex": "(array([[5.05874718, 4.64525714, 4.22957503, 1.50596817, 4.41398443,\n        4.16378641],\n       [5.05874718, 4.64525714, 4.22957503, 1.50596817, 4.41398443,\n        4.16378641],\n       [5.05874718, 4.64525714, 4.22957503, 1.50596817, 4.41398443,\n        4.16378641],\n       [5.05874718, 4.64525714, 4.22957503, 1.50596817, 4.41398443,\n        4.16378641],\n       [5.05874718, 4.64525714, 4.22957503, 1.50596817, 4.41398443,\n        4.16378641],\n       [5.05874718, 4.64525714, 4.22957503, 1.50596817, 4.41398443,\n        4.16378641],\n       [5.05874718, 4.64525714, 4.22957503, 1.50596817, 4.41398443,\n        4.16378641]]), array([0.22821192, 0.22821192, 0.22821192, 0.22821192, 0.22821192,\n       0.22821192, 0.22821192]))", "callback": [0.8724930144122237, 0.6856897505894637, 0.5616628218098152, 0.5411272888731108, 0.44864205404313273, 0.4229443689982523, 0.3749113377223332, 0.2603858353202455, 0.24452235951823398, 0.23429021310097076, 0.23166758300104962, 0.2299847269772306, 0.2289494933150935, 0.22852470891516097, 0.2283977220578488, 0.22827521604461842, 0.2282278119459078, 0.22821812787467965, 0.22821380426771187, 0.2282129731983905, 0.2282125339305564, 0.228212341790206, 0.22821218957940326, 0.22821208898685763, 0.22821196343909322, 0.22821193962149788, 0.22821193108756577, 0.22821192522020795, 0.22821192226416964, 0.2282119209513921, 0.22821192086475006, 0.22821192081520958, 0.22821192080510833, 0.22821192080377006, 0.22821192080323904, 0.22821192080316155, 0.22821192080314112, 0.22821192080313768, 0.22821192080313335, 0.22821192080313224, 0.22821192080313146, 0.22821192080313146, 0.22821192080313146]}, "8": {"maxiter": 1000, "fatol": 1e-05, "xatol": 1e-05, "duration": 0.14296984672546387, "fun": "0.22821192080704478", "nit": "321", "nfev": "505", "status": "0", "success": "True", "message": "Optimization terminated successfully.", "x": "[5.0587455  4.64525805 4.22957674 1.50597215 4.4139848  4.16378719]", "final_simplex": "(array([[5.0587455 , 4.64525805, 4.22957674, 1.50597215, 4.4139848 ,\n        4.16378719],\n       [5.05874235, 4.64525809, 4.22956873, 1.50596796, 4.41398097,\n        4.16378613],\n       [5.05874614, 4.64526235, 4.22957045, 1.50596389, 4.41398141,\n        4.16378845],\n       [5.05874987, 4.64525731, 4.22956764, 1.50596793, 4.41398339,\n        4.16378881],\n       [5.05874738, 4.64526374, 4.22956819, 1.50597079, 4.41398148,\n        4.16378721],\n       [5.05874519, 4.64526657, 4.22957334, 1.50596836, 4.41398631,\n        4.16377958],\n       [5.05875035, 4.64525007, 4.22958259, 1.50597009, 4.41398116,\n        4.16378523]]), array([0.22821192, 0.22821192, 0.22821192, 0.22821192, 0.22821192,\n       0.22821192, 0.22821192]))", "callback": [0.8724930144122237, 0.6856897505894637, 0.5616628218098152, 0.5411272888731108, 0.44864205404313273, 0.4229443689982523, 0.3749113377223332, 0.2603858353202455, 0.24452235951823398, 0.23429021310097076, 0.23166758300104962, 0.2299847269772306, 0.2289494933150935, 0.22852470891516097, 0.2283977220578488, 0.22827521604461842, 0.2282278119459078, 0.22821812787467965, 0.22821380426771187, 0.2282129731983905, 0.2282125339305564, 0.228212341790206, 0.22821218957940326, 0.22821208898685763, 0.22821196343909322, 0.22821193962149788, 0.22821193108756577, 0.22821192522020795, 0.22821192226416964, 0.2282119209513921, 0.22821192086475006, 0.22821192081520958, 0.22821192080704478]}, "9": {"maxiter": 1000, "fatol": 1e-05, "xatol": 1e-10, "duration": 0.21010828018188477, "fun": "0.22821192080313146", "nit": "427", "nfev": "740", "status": "0", "success": "True", "message": "Optimization terminated successfully.", "x": "[5.05874718 4.64525714 4.22957503 1.50596817 4.41398443 4.16378641]", "final_simplex": "(array([[5.05874718, 4.64525714, 4.22957503, 1.50596817, 4.41398443,\n        4.16378641],\n       [5.05874718, 4.64525714, 4.22957503, 1.50596817, 4.41398443,\n        4.16378641],\n       [5.05874718, 4.64525714, 4.22957503, 1.50596817, 4.41398443,\n        4.16378641],\n       [5.05874718, 4.64525714, 4.22957503, 1.50596817, 4.41398443,\n        4.16378641],\n       [5.05874718, 4.64525714, 4.22957503, 1.50596817, 4.41398443,\n        4.16378641],\n       [5.05874718, 4.64525714, 4.22957503, 1.50596817, 4.41398443,\n        4.16378641],\n       [5.05874718, 4.64525714, 4.22957503, 1.50596817, 4.41398443,\n        4.16378641]]), array([0.22821192, 0.22821192, 0.22821192, 0.22821192, 0.22821192,\n       0.22821192, 0.22821192]))", "callback": [0.8724930144122237, 0.6856897505894637, 0.5616628218098152, 0.5411272888731108, 0.44864205404313273, 0.4229443689982523, 0.3749113377223332, 0.2603858353202455, 0.24452235951823398, 0.23429021310097076, 0.23166758300104962, 0.2299847269772306, 0.2289494933150935, 0.22852470891516097, 0.2283977220578488, 0.22827521604461842, 0.2282278119459078, 0.22821812787467965, 0.22821380426771187, 0.2282129731983905, 0.2282125339305564, 0.228212341790206, 0.22821218957940326, 0.22821208898685763, 0.22821196343909322, 0.22821193962149788, 0.22821193108756577, 0.22821192522020795, 0.22821192226416964, 0.2282119209513921, 0.22821192086475006, 0.22821192081520958, 0.22821192080510833, 0.22821192080377006, 0.22821192080323904, 0.22821192080316155, 0.22821192080314112, 0.22821192080313768, 0.22821192080313335, 0.22821192080313224, 0.22821192080313146, 0.22821192080313146, 0.22821192080313146]}, "10": {"maxiter": 1000, "fatol": 1e-10, "xatol": 1e-05, "duration": 0.147291898727417, "fun": "0.22821192080704478", "nit": "321", "nfev": "505", "status": "0", "success": "True", "message": "Optimization terminated successfully.", "x": "[5.0587455  4.64525805 4.22957674 1.50597215 4.4139848  4.16378719]", "final_simplex": "(array([[5.0587455 , 4.64525805, 4.22957674, 1.50597215, 4.4139848 ,\n        4.16378719],\n       [5.05874235, 4.64525809, 4.22956873, 1.50596796, 4.41398097,\n        4.16378613],\n       [5.05874614, 4.64526235, 4.22957045, 1.50596389, 4.41398141,\n        4.16378845],\n       [5.05874987, 4.64525731, 4.22956764, 1.50596793, 4.41398339,\n        4.16378881],\n       [5.05874738, 4.64526374, 4.22956819, 1.50597079, 4.41398148,\n        4.16378721],\n       [5.05874519, 4.64526657, 4.22957334, 1.50596836, 4.41398631,\n        4.16377958],\n       [5.05875035, 4.64525007, 4.22958259, 1.50597009, 4.41398116,\n        4.16378523]]), array([0.22821192, 0.22821192, 0.22821192, 0.22821192, 0.22821192,\n       0.22821192, 0.22821192]))", "callback": [0.8724930144122237, 0.6856897505894637, 0.5616628218098152, 0.5411272888731108, 0.44864205404313273, 0.4229443689982523, 0.3749113377223332, 0.2603858353202455, 0.24452235951823398, 0.23429021310097076, 0.23166758300104962, 0.2299847269772306, 0.2289494933150935, 0.22852470891516097, 0.2283977220578488, 0.22827521604461842, 0.2282278119459078, 0.22821812787467965, 0.22821380426771187, 0.2282129731983905, 0.2282125339305564, 0.228212341790206, 0.22821218957940326, 0.22821208898685763, 0.22821196343909322, 0.22821193962149788, 0.22821193108756577, 0.22821192522020795, 0.22821192226416964, 0.2282119209513921, 0.22821192086475006, 0.22821192081520958, 0.22821192080704478]}, "11": {"maxiter": 1000, "fatol": 1e-10, "xatol": 1e-10, "duration": 0.21506786346435547, "fun": "0.22821192080313146", "nit": "427", "nfev": "740", "status": "0", "success": "True", "message": "Optimization terminated successfully.", "x": "[5.05874718 4.64525714 4.22957503 1.50596817 4.41398443 4.16378641]", "final_simplex": "(array([[5.05874718, 4.64525714, 4.22957503, 1.50596817, 4.41398443,\n        4.16378641],\n       [5.05874718, 4.64525714, 4.22957503, 1.50596817, 4.41398443,\n        4.16378641],\n       [5.05874718, 4.64525714, 4.22957503, 1.50596817, 4.41398443,\n        4.16378641],\n       [5.05874718, 4.64525714, 4.22957503, 1.50596817, 4.41398443,\n        4.16378641],\n       [5.05874718, 4.64525714, 4.22957503, 1.50596817, 4.41398443,\n        4.16378641],\n       [5.05874718, 4.64525714, 4.22957503, 1.50596817, 4.41398443,\n        4.16378641],\n       [5.05874718, 4.64525714, 4.22957503, 1.50596817, 4.41398443,\n        4.16378641]]), array([0.22821192, 0.22821192, 0.22821192, 0.22821192, 0.22821192,\n       0.22821192, 0.22821192]))", "callback": [0.8724930144122237, 0.6856897505894637, 0.5616628218098152, 0.5411272888731108, 0.44864205404313273, 0.4229443689982523, 0.3749113377223332, 0.2603858353202455, 0.24452235951823398, 0.23429021310097076, 0.23166758300104962, 0.2299847269772306, 0.2289494933150935, 0.22852470891516097, 0.2283977220578488, 0.22827521604461842, 0.2282278119459078, 0.22821812787467965, 0.22821380426771187, 0.2282129731983905, 0.2282125339305564, 0.228212341790206, 0.22821218957940326, 0.22821208898685763, 0.22821196343909322, 0.22821193962149788, 0.22821193108756577, 0.22821192522020795, 0.22821192226416964, 0.2282119209513921, 0.22821192086475006, 0.22821192081520958, 0.22821192080510833, 0.22821192080377006, 0.22821192080323904, 0.22821192080316155, 0.22821192080314112, 0.22821192080313768, 0.22821192080313335, 0.22821192080313224, 0.22821192080313146, 0.22821192080313146, 0.22821192080313146]}}, "bfgs": {"type": "gradient", "0": {"maxiter": 100, "gtol": 1e-05, "xrtol": 1e-05, "eps": 1e-05, "duration": 0.04769492149353027, "fun": "0.22821192084449948", "jac": "[ 9.24427201e-07  8.79740725e-08  9.64961444e-07  6.62359056e-08\n -7.35245198e-07 -2.66375810e-06]", "hess_inv": "[[ 3.36076909 -0.75053367  0.8679569  -0.41163528  0.87958436  0.48160062]\n [-0.75053367  4.45691866 -1.99303563 -0.06033154  0.12648922 -1.32213319]\n [ 0.8679569  -1.99303563  5.21542566  1.15512487  1.13539423 -0.9441893 ]\n [-0.41163528 -0.06033154  1.15512487  2.95966633  0.15258254 -0.32461518]\n [ 0.87958436  0.12648922  1.13539423  0.15258254  3.66721848 -0.74523571]\n [ 0.48160062 -1.32213319 -0.9441893  -0.32461518 -0.74523571  3.42305561]]", "nfev": "161", "njev": "23", "status": "0", "success": "True", "message": "Optimization terminated successfully.", "x": "[5.05874234 4.64525801 4.22957569 1.50596432 4.41397746 4.16377395]", "nit": "18", "callback": [0.6605730825661511, 0.6275479359118368, 0.4186951681609279, 0.3392034193672483, 0.27469273583867637, 0.2518222479126324, 0.23768383784021885, 0.23094601538028792, 0.22838963174973825, 0.22825285922217398, 0.22821658515100118, 0.2282128010403629, 0.2282121943577804, 0.228212041388681, 0.22821198000111353, 0.2282119322340519, 0.22821192178420602, 0.22821192084449948]}, "1": {"maxiter": 100, "gtol": 1e-05, "xrtol": 1e-05, "eps": 1e-10, "duration": 0.05290389060974121, "fun": "0.2282119209455925", "jac": "[2.22044587e-06 3.33066880e-06 8.88178346e-06 4.44089173e-06\n 4.44089173e-06 3.33066880e-06]", "hess_inv": "[[ 3.10122896 -0.6030525   0.5494945  -0.50691387  0.57213341  0.29902375]\n [-0.6030525   4.36843677 -1.72833986  0.02642859  0.33081979 -1.25315241]\n [ 0.5494945  -1.72833986  4.94597157  1.20125944  0.9196333  -1.26805284]\n [-0.50691387  0.02642859  1.20125944  3.08607137  0.25367026 -0.41864368]\n [ 0.57213341  0.33081979  0.9196333   0.25367026  3.59488406 -0.89911342]\n [ 0.29902375 -1.25315241 -1.26805284 -0.41864368 -0.89911342  3.47261418]]", "nfev": "161", "njev": "23", "status": "0", "success": "True", "message": "Optimization terminated successfully.", "x": "[5.05875973 4.64525046 4.22960909 1.50598102 4.41400159 4.16378203]", "nit": "18", "callback": [0.6605731524041523, 0.627547572748676, 0.4186976466954515, 0.33920471083233317, 0.2746924380518976, 0.2518216912334862, 0.23768407680090797, 0.23094544700911557, 0.22838930581689942, 0.22825251502448218, 0.22821664384401075, 0.2282128019380889, 0.22821219524650926, 0.22821204167731124, 0.22821197992977993, 0.22821193162331188, 0.22821192198947093, 0.2282119209455925]}, "2": {"maxiter": 100, "gtol": 1e-05, "xrtol": 1e-10, "eps": 1e-05, "duration": 0.04694700241088867, "fun": "0.22821192084449948", "jac": "[ 9.24427201e-07  8.79740725e-08  9.64961444e-07  6.62359056e-08\n -7.35245198e-07 -2.66375810e-06]", "hess_inv": "[[ 3.36076909 -0.75053367  0.8679569  -0.41163528  0.87958436  0.48160062]\n [-0.75053367  4.45691866 -1.99303563 -0.06033154  0.12648922 -1.32213319]\n [ 0.8679569  -1.99303563  5.21542566  1.15512487  1.13539423 -0.9441893 ]\n [-0.41163528 -0.06033154  1.15512487  2.95966633  0.15258254 -0.32461518]\n [ 0.87958436  0.12648922  1.13539423  0.15258254  3.66721848 -0.74523571]\n [ 0.48160062 -1.32213319 -0.9441893  -0.32461518 -0.74523571  3.42305561]]", "nfev": "161", "njev": "23", "status": "0", "success": "True", "message": "Optimization terminated successfully.", "x": "[5.05874234 4.64525801 4.22957569 1.50596432 4.41397746 4.16377395]", "nit": "18", "callback": [0.6605730825661511, 0.6275479359118368, 0.4186951681609279, 0.3392034193672483, 0.27469273583867637, 0.2518222479126324, 0.23768383784021885, 0.23094601538028792, 0.22838963174973825, 0.22825285922217398, 0.22821658515100118, 0.2282128010403629, 0.2282121943577804, 0.228212041388681, 0.22821198000111353, 0.2282119322340519, 0.22821192178420602, 0.22821192084449948]}, "3": {"maxiter": 100, "gtol": 1e-05, "xrtol": 1e-10, "eps": 1e-10, "duration": 0.041687965393066406, "fun": "0.2282119209455925", "jac": "[2.22044587e-06 3.33066880e-06 8.88178346e-06 4.44089173e-06\n 4.44089173e-06 3.33066880e-06]", "hess_inv": "[[ 3.10122896 -0.6030525   0.5494945  -0.50691387  0.57213341  0.29902375]\n [-0.6030525   4.36843677 -1.72833986  0.02642859  0.33081979 -1.25315241]\n [ 0.5494945  -1.72833986  4.94597157  1.20125944  0.9196333  -1.26805284]\n [-0.50691387  0.02642859  1.20125944  3.08607137  0.25367026 -0.41864368]\n [ 0.57213341  0.33081979  0.9196333   0.25367026  3.59488406 -0.89911342]\n [ 0.29902375 -1.25315241 -1.26805284 -0.41864368 -0.89911342  3.47261418]]", "nfev": "161", "njev": "23", "status": "0", "success": "True", "message": "Optimization terminated successfully.", "x": "[5.05875973 4.64525046 4.22960909 1.50598102 4.41400159 4.16378203]", "nit": "18", "callback": [0.6605731524041523, 0.627547572748676, 0.4186976466954515, 0.33920471083233317, 0.2746924380518976, 0.2518216912334862, 0.23768407680090797, 0.23094544700911557, 0.22838930581689942, 0.22825251502448218, 0.22821664384401075, 0.2282128019380889, 0.22821219524650926, 0.22821204167731124, 0.22821197992977993, 0.22821193162331188, 0.22821192198947093, 0.2282119209455925]}, "4": {"maxiter": 100, "gtol": 1e-10, "xrtol": 1e-05, "eps": 1e-05, "duration": 0.04770994186401367, "fun": "0.22821192084449948", "jac": "[ 9.24427201e-07  8.79740725e-08  9.64961444e-07  6.62359056e-08\n -7.35245198e-07 -2.66375810e-06]", "hess_inv": "[[ 3.36076909 -0.75053367  0.8679569  -0.41163528  0.87958436  0.48160062]\n [-0.75053367  4.45691866 -1.99303563 -0.06033154  0.12648922 -1.32213319]\n [ 0.8679569  -1.99303563  5.21542566  1.15512487  1.13539423 -0.9441893 ]\n [-0.41163528 -0.06033154  1.15512487  2.95966633  0.15258254 -0.32461518]\n [ 0.87958436  0.12648922  1.13539423  0.15258254  3.66721848 -0.74523571]\n [ 0.48160062 -1.32213319 -0.9441893  -0.32461518 -0.74523571  3.42305561]]", "nfev": "161", "njev": "23", "status": "0", "success": "True", "message": "Optimization terminated successfully.", "x": "[5.05874234 4.64525801 4.22957569 1.50596432 4.41397746 4.16377395]", "nit": "18", "callback": [0.6605730825661511, 0.6275479359118368, 0.4186951681609279, 0.3392034193672483, 0.27469273583867637, 0.2518222479126324, 0.23768383784021885, 0.23094601538028792, 0.22838963174973825, 0.22825285922217398, 0.22821658515100118, 0.2282128010403629, 0.2282121943577804, 0.228212041388681, 0.22821198000111353, 0.2282119322340519, 0.22821192178420602, 0.22821192084449948]}, "5": {"maxiter": 100, "gtol": 1e-10, "xrtol": 1e-05, "eps": 1e-10, "duration": 0.04880499839782715, "fun": "0.2282119209455925", "jac": "[2.22044587e-06 3.33066880e-06 8.88178346e-06 4.44089173e-06\n 4.44089173e-06 3.33066880e-06]", "hess_inv": "[[ 3.10122896 -0.6030525   0.5494945  -0.50691387  0.57213341  0.29902375]\n [-0.6030525   4.36843677 -1.72833986  0.02642859  0.33081979 -1.25315241]\n [ 0.5494945  -1.72833986  4.94597157  1.20125944  0.9196333  -1.26805284]\n [-0.50691387  0.02642859  1.20125944  3.08607137  0.25367026 -0.41864368]\n [ 0.57213341  0.33081979  0.9196333   0.25367026  3.59488406 -0.89911342]\n [ 0.29902375 -1.25315241 -1.26805284 -0.41864368 -0.89911342  3.47261418]]", "nfev": "161", "njev": "23", "status": "0", "success": "True", "message": "Optimization terminated successfully.", "x": "[5.05875973 4.64525046 4.22960909 1.50598102 4.41400159 4.16378203]", "nit": "18", "callback": [0.6605731524041523, 0.627547572748676, 0.4186976466954515, 0.33920471083233317, 0.2746924380518976, 0.2518216912334862, 0.23768407680090797, 0.23094544700911557, 0.22838930581689942, 0.22825251502448218, 0.22821664384401075, 0.2282128019380889, 0.22821219524650926, 0.22821204167731124, 0.22821197992977993, 0.22821193162331188, 0.22821192198947093, 0.2282119209455925]}, "6": {"maxiter": 100, "gtol": 1e-10, "xrtol": 1e-10, "eps": 1e-05, "duration": 0.11577534675598145, "fun": "0.22821192083007757", "jac": "[-1.14019905e-08  8.35997938e-09 -3.42281759e-08  1.39366296e-07\n  3.27959881e-08 -2.22089014e-07]", "hess_inv": "[[ 3.33795892 -0.6779653   0.94508818 -0.33272884  0.92666228  0.29958322]\n [-0.6779653   4.40484156 -1.89908336 -0.10207709  0.10613304 -1.34715632]\n [ 0.94508818 -1.89908336  5.59864764  1.28558262  1.22185779 -1.4752961 ]\n [-0.33272884 -0.10207709  1.28558262  2.93129181  0.14103423 -0.40175663]\n [ 0.92666228  0.10613304  1.22185779  0.14103423  3.66364724 -0.80668173]\n [ 0.29958322 -1.34715632 -1.4752961  -0.40175663 -0.80668173  4.01140797]]", "nfev": "417", "njev": "58", "status": "2", "success": "False", "message": "Desired error not necessarily achieved due to precision loss.", "x": "[5.05873974 4.64525697 4.22956679 1.5059627  4.41397622 4.1637844 ]", "nit": "19", "callback": [0.6605730825661511, 0.6275479359118368, 0.4186951681609279, 0.3392034193672483, 0.27469273583867637, 0.2518222479126324, 0.23768383784021885, 0.23094601538028792, 0.22838963174973825, 0.22825285922217398, 0.22821658515100118, 0.2282128010403629, 0.2282121943577804, 0.228212041388681, 0.22821198000111353, 0.2282119322340519, 0.22821192178420602, 0.22821192084449948, 0.22821192083007757]}, "7": {"maxiter": 100, "gtol": 1e-10, "xrtol": 1e-10, "eps": 1e-10, "duration": 0.13533878326416016, "fun": "0.22821192081160346", "jac": "[-3.33066880e-06 -3.33066880e-06 -1.11022293e-06 -1.11022293e-06\n -2.22044587e-06  0.00000000e+00]", "hess_inv": "[[  17.70078713   -3.1032234   -41.15178046  -35.98773569   46.68348539\n   -30.2324239 ]\n [  -3.1032234     0.56253494    7.19816943    6.28567902   -8.14179934\n     5.28173489]\n [ -41.15178046    7.19816943   95.69081626   83.6917232  -108.5779268\n    70.30512612]\n [ -35.98773569    6.28567902   83.6917232    73.24437542  -95.0367372\n    61.50561794]\n [  46.68348539   -8.14179934 -108.5779268   -95.0367372   123.32687944\n   -79.80273221]\n [ -30.2324239     5.28173489   70.30512612   61.50561794  -79.80273221\n    51.67160665]]", "nfev": "469", "njev": "67", "status": "2", "success": "False", "message": "Desired error not necessarily achieved due to precision loss.", "x": "[5.05874284 4.64525869 4.22957244 1.50596485 4.41397927 4.16378445]", "nit": "30", "callback": [0.6605731524041523, 0.627547572748676, 0.4186976466954515, 0.33920471083233317, 0.2746924380518976, 0.2518216912334862, 0.23768407680090797, 0.23094544700911557, 0.22838930581689942, 0.22825251502448218, 0.22821664384401075, 0.2282128019380889, 0.22821219524650926, 0.22821204167731124, 0.22821197992977993, 0.22821193162331188, 0.22821192198947093, 0.2282119209455925, 0.22821192083966613, 0.2282119208149045, 0.2282119208148058, 0.22821192081475117, 0.22821192081470232, 0.2282119208146467, 0.22821192081276132, 0.22821192081249875, 0.22821192081216002, 0.22821192081190167, 0.22821192081160346, 0.22821192081160346]}, "8": {"maxiter": 500, "gtol": 1e-05, "xrtol": 1e-05, "eps": 1e-05, "duration": 0.047467947006225586, "fun": "0.22821192084449948", "jac": "[ 9.24427201e-07  8.79740725e-08  9.64961444e-07  6.62359056e-08\n -7.35245198e-07 -2.66375810e-06]", "hess_inv": "[[ 3.36076909 -0.75053367  0.8679569  -0.41163528  0.87958436  0.48160062]\n [-0.75053367  4.45691866 -1.99303563 -0.06033154  0.12648922 -1.32213319]\n [ 0.8679569  -1.99303563  5.21542566  1.15512487  1.13539423 -0.9441893 ]\n [-0.41163528 -0.06033154  1.15512487  2.95966633  0.15258254 -0.32461518]\n [ 0.87958436  0.12648922  1.13539423  0.15258254  3.66721848 -0.74523571]\n [ 0.48160062 -1.32213319 -0.9441893  -0.32461518 -0.74523571  3.42305561]]", "nfev": "161", "njev": "23", "status": "0", "success": "True", "message": "Optimization terminated successfully.", "x": "[5.05874234 4.64525801 4.22957569 1.50596432 4.41397746 4.16377395]", "nit": "18", "callback": [0.6605730825661511, 0.6275479359118368, 0.4186951681609279, 0.3392034193672483, 0.27469273583867637, 0.2518222479126324, 0.23768383784021885, 0.23094601538028792, 0.22838963174973825, 0.22825285922217398, 0.22821658515100118, 0.2282128010403629, 0.2282121943577804, 0.228212041388681, 0.22821198000111353, 0.2282119322340519, 0.22821192178420602, 0.22821192084449948]}, "9": {"maxiter": 500, "gtol": 1e-05, "xrtol": 1e-05, "eps": 1e-10, "duration": 0.04313802719116211, "fun": "0.2282119209455925", "jac": "[2.22044587e-06 3.33066880e-06 8.88178346e-06 4.44089173e-06\n 4.44089173e-06 3.33066880e-06]", "hess_inv": "[[ 3.10122896 -0.6030525   0.5494945  -0.50691387  0.57213341  0.29902375]\n [-0.6030525   4.36843677 -1.72833986  0.02642859  0.33081979 -1.25315241]\n [ 0.5494945  -1.72833986  4.94597157  1.20125944  0.9196333  -1.26805284]\n [-0.50691387  0.02642859  1.20125944  3.08607137  0.25367026 -0.41864368]\n [ 0.57213341  0.33081979  0.9196333   0.25367026  3.59488406 -0.89911342]\n [ 0.29902375 -1.25315241 -1.26805284 -0.41864368 -0.89911342  3.47261418]]", "nfev": "161", "njev": "23", "status": "0", "success": "True", "message": "Optimization terminated successfully.", "x": "[5.05875973 4.64525046 4.22960909 1.50598102 4.41400159 4.16378203]", "nit": "18", "callback": [0.6605731524041523, 0.627547572748676, 0.4186976466954515, 0.33920471083233317, 0.2746924380518976, 0.2518216912334862, 0.23768407680090797, 0.23094544700911557, 0.22838930581689942, 0.22825251502448218, 0.22821664384401075, 0.2282128019380889, 0.22821219524650926, 0.22821204167731124, 0.22821197992977993, 0.22821193162331188, 0.22821192198947093, 0.2282119209455925]}, "10": {"maxiter": 500, "gtol": 1e-05, "xrtol": 1e-10, "eps": 1e-05, "duration": 0.04548311233520508, "fun": "0.22821192084449948", "jac": "[ 9.24427201e-07  8.79740725e-08  9.64961444e-07  6.62359056e-08\n -7.35245198e-07 -2.66375810e-06]", "hess_inv": "[[ 3.36076909 -0.75053367  0.8679569  -0.41163528  0.87958436  0.48160062]\n [-0.75053367  4.45691866 -1.99303563 -0.06033154  0.12648922 -1.32213319]\n [ 0.8679569  -1.99303563  5.21542566  1.15512487  1.13539423 -0.9441893 ]\n [-0.41163528 -0.06033154  1.15512487  2.95966633  0.15258254 -0.32461518]\n [ 0.87958436  0.12648922  1.13539423  0.15258254  3.66721848 -0.74523571]\n [ 0.48160062 -1.32213319 -0.9441893  -0.32461518 -0.74523571  3.42305561]]", "nfev": "161", "njev": "23", "status": "0", "success": "True", "message": "Optimization terminated successfully.", "x": "[5.05874234 4.64525801 4.22957569 1.50596432 4.41397746 4.16377395]", "nit": "18", "callback": [0.6605730825661511, 0.6275479359118368, 0.4186951681609279, 0.3392034193672483, 0.27469273583867637, 0.2518222479126324, 0.23768383784021885, 0.23094601538028792, 0.22838963174973825, 0.22825285922217398, 0.22821658515100118, 0.2282128010403629, 0.2282121943577804, 0.228212041388681, 0.22821198000111353, 0.2282119322340519, 0.22821192178420602, 0.22821192084449948]}, "11": {"maxiter": 500, "gtol": 1e-05, "xrtol": 1e-10, "eps": 1e-10, "duration": 0.04401588439941406, "fun": "0.2282119209455925", "jac": "[2.22044587e-06 3.33066880e-06 8.88178346e-06 4.44089173e-06\n 4.44089173e-06 3.33066880e-06]", "hess_inv": "[[ 3.10122896 -0.6030525   0.5494945  -0.50691387  0.57213341  0.29902375]\n [-0.6030525   4.36843677 -1.72833986  0.02642859  0.33081979 -1.25315241]\n [ 0.5494945  -1.72833986  4.94597157  1.20125944  0.9196333  -1.26805284]\n [-0.50691387  0.02642859  1.20125944  3.08607137  0.25367026 -0.41864368]\n [ 0.57213341  0.33081979  0.9196333   0.25367026  3.59488406 -0.89911342]\n [ 0.29902375 -1.25315241 -1.26805284 -0.41864368 -0.89911342  3.47261418]]", "nfev": "161", "njev": "23", "status": "0", "success": "True", "message": "Optimization terminated successfully.", "x": "[5.05875973 4.64525046 4.22960909 1.50598102 4.41400159 4.16378203]", "nit": "18", "callback": [0.6605731524041523, 0.627547572748676, 0.4186976466954515, 0.33920471083233317, 0.2746924380518976, 0.2518216912334862, 0.23768407680090797, 0.23094544700911557, 0.22838930581689942, 0.22825251502448218, 0.22821664384401075, 0.2282128019380889, 0.22821219524650926, 0.22821204167731124, 0.22821197992977993, 0.22821193162331188, 0.22821192198947093, 0.2282119209455925]}, "12": {"maxiter": 500, "gtol": 1e-10, "xrtol": 1e-05, "eps": 1e-05, "duration": 0.04764103889465332, "fun": "0.22821192084449948", "jac": "[ 9.24427201e-07  8.79740725e-08  9.64961444e-07  6.62359056e-08\n -7.35245198e-07 -2.66375810e-06]", "hess_inv": "[[ 3.36076909 -0.75053367  0.8679569  -0.41163528  0.87958436  0.48160062]\n [-0.75053367  4.45691866 -1.99303563 -0.06033154  0.12648922 -1.32213319]\n [ 0.8679569  -1.99303563  5.21542566  1.15512487  1.13539423 -0.9441893 ]\n [-0.41163528 -0.06033154  1.15512487  2.95966633  0.15258254 -0.32461518]\n [ 0.87958436  0.12648922  1.13539423  0.15258254  3.66721848 -0.74523571]\n [ 0.48160062 -1.32213319 -0.9441893  -0.32461518 -0.74523571  3.42305561]]", "nfev": "161", "njev": "23", "status": "0", "success": "True", "message": "Optimization terminated successfully.", "x": "[5.05874234 4.64525801 4.22957569 1.50596432 4.41397746 4.16377395]", "nit": "18", "callback": [0.6605730825661511, 0.6275479359118368, 0.4186951681609279, 0.3392034193672483, 0.27469273583867637, 0.2518222479126324, 0.23768383784021885, 0.23094601538028792, 0.22838963174973825, 0.22825285922217398, 0.22821658515100118, 0.2282128010403629, 0.2282121943577804, 0.228212041388681, 0.22821198000111353, 0.2282119322340519, 0.22821192178420602, 0.22821192084449948]}, "13": {"maxiter": 500, "gtol": 1e-10, "xrtol": 1e-05, "eps": 1e-10, "duration": 0.043470144271850586, "fun": "0.2282119209455925", "jac": "[2.22044587e-06 3.33066880e-06 8.88178346e-06 4.44089173e-06\n 4.44089173e-06 3.33066880e-06]", "hess_inv": "[[ 3.10122896 -0.6030525   0.5494945  -0.50691387  0.57213341  0.29902375]\n [-0.6030525   4.36843677 -1.72833986  0.02642859  0.33081979 -1.25315241]\n [ 0.5494945  -1.72833986  4.94597157  1.20125944  0.9196333  -1.26805284]\n [-0.50691387  0.02642859  1.20125944  3.08607137  0.25367026 -0.41864368]\n [ 0.57213341  0.33081979  0.9196333   0.25367026  3.59488406 -0.89911342]\n [ 0.29902375 -1.25315241 -1.26805284 -0.41864368 -0.89911342  3.47261418]]", "nfev": "161", "njev": "23", "status": "0", "success": "True", "message": "Optimization terminated successfully.", "x": "[5.05875973 4.64525046 4.22960909 1.50598102 4.41400159 4.16378203]", "nit": "18", "callback": [0.6605731524041523, 0.627547572748676, 0.4186976466954515, 0.33920471083233317, 0.2746924380518976, 0.2518216912334862, 0.23768407680090797, 0.23094544700911557, 0.22838930581689942, 0.22825251502448218, 0.22821664384401075, 0.2282128019380889, 0.22821219524650926, 0.22821204167731124, 0.22821197992977993, 0.22821193162331188, 0.22821192198947093, 0.2282119209455925]}, "14": {"maxiter": 500, "gtol": 1e-10, "xrtol": 1e-10, "eps": 1e-05, "duration": 0.12770819664001465, "fun": "0.22821192083007757", "jac": "[-1.14019905e-08  8.35997938e-09 -3.42281759e-08  1.39366296e-07\n  3.27959881e-08 -2.22089014e-07]"