{"date": "2024/10/08/, 20:06:44", "conf_id": 26, "data_type": "random\n", "num_data_points": 2, "s_rank": 0, "unitary": "[[-0.56303964-0.00798273j,-0.21670212-0.15784972j,-0.06047197-0.73952673j,-0.01438004+0.24552571j],[-0.06976756+0.23474685j,-0.01275565-0.5435098j,-0.02703657-0.08917885j,-0.08210486-0.79311774j],[-0.38559961+0.10714929j,0.5933431-0.2687392j,-0.24060861+0.29149289j,-0.45147719+0.26241743j],[-0.50180421+0.45931857j,-0.11617175+0.44134496j,0.49642745+0.22684508j,-0.08544628-0.15407063j]]", "databatch_0": {"databatch": "[[[0.41543961-0.43329767j,-0.40885265-0.03596676j,-0.00596343-0.29208193j,-0.15940066+0.14020761j],[-0.04341866-0.16617018j,-0.00430082+0.03396012j,-0.09828287-0.10272469j,0.02328223+0.05022809j],[-0.01621452-0.24491646j,-0.08305186-0.04890511j,-0.1932916-0.14638031j,0.00872982+0.05829682j],[0.01607164-0.14571025j,-0.30165174-0.06077591j,-0.17707576+0.06800861j,-0.04698725+0.02612596j]],[[0.1509735-0.09799215j,-0.01876463+0.00384723j,0.01137404-0.07689396j,0.05555485+0.02677262j],[0.01566205-0.15947486j,-0.16193991-0.30731423j,-0.16128053-0.17271592j,-0.0887471+0.26836438j],[0.34531388-0.22139527j,0.03979718+0.3185308j,0.10732218-0.04850686j,0.29656706-0.17308561j],[0.42158312+0.05334469j,0.08648709-0.09576949j,0.1835207-0.17211982j,-0.06458905+0.08671343j]]]", "initial param values": "[1.42215253,3.32259896,0.44056775,5.59316093,3.77370445,5.27605607]", "nelder_mead": {"type": "gradient-free", "0": {"maxiter": 100, "fatol": 1e-05, "xatol": 1e-05, "duration": 0.054232120513916016, "fun": "0.4799210605113233", "nit": "100", "nfev": "156", "status": "2", "success": "False", "message": "Maximum number of iterations has been exceeded.", "x": "[0.4632558  6.79431186 0.56234824 9.96858776 2.8313804  1.52910982]", "final_simplex": "(array([[0.4632558 , 6.79431186, 0.56234824, 9.96858776, 2.8313804 ,\n        1.52910982],\n       [0.57703451, 6.68241162, 0.56616997, 9.94284656, 2.7238739 ,\n        1.32362106],\n       [0.57829659, 6.69472104, 0.56611376, 9.86597228, 2.73825509,\n        1.36991092],\n       [0.61118053, 6.75694309, 0.57420517, 9.91216061, 2.69333413,\n        1.22015228],\n       [0.65465292, 6.70714553, 0.58000809, 9.89304274, 2.58404333,\n        1.32471716],\n       [0.63709682, 6.67898408, 0.58148975, 9.78636074, 2.62995638,\n        1.39432308],\n       [0.7057351 , 6.5261744 , 0.55545938, 9.83107088, 2.67950521,\n        1.34312708]]), array([0.47992106, 0.48094067, 0.4813687 , 0.48723751, 0.48733726,\n       0.48753755, 0.48814704]))", "callback": [0.9610350366651291, 0.8709226034297035, 0.8289264708090602, 0.7339826155441277, 0.7038367375518197, 0.6315072066470588, 0.5129889039269037, 0.5019243102822997, 0.49627813755847483, 0.4894198654129214]}, "1": {"maxiter": 100, "fatol": 1e-05, "xatol": 1e-10, "duration": 0.03845095634460449, "fun": "0.4799210605113233", "nit": "100", "nfev": "156", "status": "2", "success": "False", "message": "Maximum number of iterations has been exceeded.", "x": "[0.4632558  6.79431186 0.56234824 9.96858776 2.8313804  1.52910982]", "final_simplex": "(array([[0.4632558 , 6.79431186, 0.56234824, 9.96858776, 2.8313804 ,\n        1.52910982],\n       [0.57703451, 6.68241162, 0.56616997, 9.94284656, 2.7238739 ,\n        1.32362106],\n       [0.57829659, 6.69472104, 0.56611376, 9.86597228, 2.73825509,\n        1.36991092],\n       [0.61118053, 6.75694309, 0.57420517, 9.91216061, 2.69333413,\n        1.22015228],\n       [0.65465292, 6.70714553, 0.58000809, 9.89304274, 2.58404333,\n        1.32471716],\n       [0.63709682, 6.67898408, 0.58148975, 9.78636074, 2.62995638,\n        1.39432308],\n       [0.7057351 , 6.5261744 , 0.55545938, 9.83107088, 2.67950521,\n        1.34312708]]), array([0.47992106, 0.48094067, 0.4813687 , 0.48723751, 0.48733726,\n       0.48753755, 0.48814704]))", "callback": [0.9610350366651291, 0.8709226034297035, 0.8289264708090602, 0.7339826155441277, 0.7038367375518197, 0.6315072066470588, 0.5129889039269037, 0.5019243102822997, 0.49627813755847483, 0.4894198654129214]}, "2": {"maxiter": 100, "fatol": 1e-10, "xatol": 1e-05, "duration": 0.04694414138793945, "fun": "0.4799210605113233", "nit": "100", "nfev": "156", "status": "2", "success": "False", "message": "Maximum number of iterations has been exceeded.", "x": "[0.4632558  6.79431186 0.56234824 9.96858776 2.8313804  1.52910982]", "final_simplex": "(array([[0.4632558 , 6.79431186, 0.56234824, 9.96858776, 2.8313804 ,\n        1.52910982],\n       [0.57703451, 6.68241162, 0.56616997, 9.94284656, 2.7238739 ,\n        1.32362106],\n       [0.57829659, 6.69472104, 0.56611376, 9.86597228, 2.73825509,\n        1.36991092],\n       [0.61118053, 6.75694309, 0.57420517, 9.91216061, 2.69333413,\n        1.22015228],\n       [0.65465292, 6.70714553, 0.58000809, 9.89304274, 2.58404333,\n        1.32471716],\n       [0.63709682, 6.67898408, 0.58148975, 9.78636074, 2.62995638,\n        1.39432308],\n       [0.7057351 , 6.5261744 , 0.55545938, 9.83107088, 2.67950521,\n        1.34312708]]), array([0.47992106, 0.48094067, 0.4813687 , 0.48723751, 0.48733726,\n       0.48753755, 0.48814704]))", "callback": [0.9610350366651291, 0.8709226034297035, 0.8289264708090602, 0.7339826155441277, 0.7038367375518197, 0.6315072066470588, 0.5129889039269037, 0.5019243102822997, 0.49627813755847483, 0.4894198654129214]}, "3": {"maxiter": 100, "fatol": 1e-10, "xatol": 1e-10, "duration": 0.042656898498535156, "fun": "0.4799210605113233", "nit": "100", "nfev": "156", "status": "2", "success": "False", "message": "Maximum number of iterations has been exceeded.", "x": "[0.4632558  6.79431186 0.56234824 9.96858776 2.8313804  1.52910982]", "final_simplex": "(array([[0.4632558 , 6.79431186, 0.56234824, 9.96858776, 2.8313804 ,\n        1.52910982],\n       [0.57703451, 6.68241162, 0.56616997, 9.94284656, 2.7238739 ,\n        1.32362106],\n       [0.57829659, 6.69472104, 0.56611376, 9.86597228, 2.73825509,\n        1.36991092],\n       [0.61118053, 6.75694309, 0.57420517, 9.91216061, 2.69333413,\n        1.22015228],\n       [0.65465292, 6.70714553, 0.58000809, 9.89304274, 2.58404333,\n        1.32471716],\n       [0.63709682, 6.67898408, 0.58148975, 9.78636074, 2.62995638,\n        1.39432308],\n       [0.7057351 , 6.5261744 , 0.55545938, 9.83107088, 2.67950521,\n        1.34312708]]), array([0.47992106, 0.48094067, 0.4813687 , 0.48723751, 0.48733726,\n       0.48753755, 0.48814704]))", "callback": [0.9610350366651291, 0.8709226034297035, 0.8289264708090602, 0.7339826155441277, 0.7038367375518197, 0.6315072066470588, 0.5129889039269037, 0.5019243102822997, 0.49627813755847483, 0.4894198654129214]}, "4": {"maxiter": 500, "fatol": 1e-05, "xatol": 1e-05, "duration": 0.23440003395080566, "fun": "0.41625320440011104", "nit": "500", "nfev": "767", "status": "2", "success": "False", "message": "Maximum number of iterations has been exceeded.", "x": "[-1.02062074  5.79033206  1.33354845 11.16726794  0.50472676 -1.25979099]", "final_simplex": "(array([[-1.02062074,  5.79033206,  1.33354845, 11.16726794,  0.50472676,\n        -1.25979099],\n       [-1.02048357,  5.79083903,  1.33346928, 11.16705681,  0.50488081,\n        -1.25992686],\n       [-1.02038513,  5.79084001,  1.33348974, 11.16662633,  0.50475689,\n        -1.25959587],\n       [-1.02006168,  5.79069564,  1.33341967, 11.1668738 ,  0.50473405,\n        -1.26002896],\n       [-1.02030826,  5.78988261,  1.33337547, 11.16742742,  0.50514068,\n        -1.25992713],\n       [-1.02043318,  5.79081154,  1.33353858, 11.16702524,  0.50455178,\n        -1.25989768],\n       [-1.02082858,  5.79069219,  1.33351693, 11.16661883,  0.50491214,\n        -1.25988414]]), array([0.4162532 , 0.41625323, 0.41625327, 0.41625327, 0.4162533 ,\n       0.41625331, 0.41625331]))", "callback": [0.9610350366651291, 0.8709226034297035, 0.8289264708090602, 0.7339826155441277, 0.7038367375518197, 0.6315072066470588, 0.5129889039269037, 0.5019243102822997, 0.49627813755847483, 0.4894198654129214, 0.4799210605113233, 0.47581030953845915, 0.47524720107330376, 0.4746657699142578, 0.47429446694318256, 0.47371868123702343, 0.47330711376855406, 0.47303082928189144, 0.4727314204833454, 0.4722699352063924, 0.4720049457970481, 0.4716084582992226, 0.47112687591413616, 0.4710286699893219, 0.4708815814179935, 0.4707804140166879, 0.47063870645603456, 0.470025584624576, 0.46719577286099434, 0.4624100022017069, 0.4606327956480293, 0.4558596254774173, 0.42537453330624064, 0.42292779815537607, 0.42226084583102796, 0.42152423015204443, 0.4185185518020649, 0.4175145709207062, 0.41747040100118005, 0.41735044582061676, 0.41712460269420704, 0.4168892376275153, 0.41638819666228155, 0.41628185158463427, 0.4162718249337596, 0.416256351089351, 0.4162538355170369, 0.41625345700490957, 0.41625334550485116, 0.41625326954963837]}, "5": {"maxiter": 500, "fatol": 1e-05, "xatol": 1e-10, "duration": 0.23231911659240723, "fun": "0.41625320440011104", "nit": "500", "nfev": "767", "status": "2", "success": "False", "message": "Maximum number of iterations has been exceeded.", "x": "[-1.02062074  5.79033206  1.33354845 11.16726794  0.50472676 -1.25979099]", "final_simplex": "(array([[-1.02062074,  5.79033206,  1.33354845, 11.16726794,  0.50472676,\n        -1.25979099],\n       [-1.02048357,  5.79083903,  1.33346928, 11.16705681,  0.50488081,\n        -1.25992686],\n       [-1.02038513,  5.79084001,  1.33348974, 11.16662633,  0.50475689,\n        -1.25959587],\n       [-1.02006168,  5.79069564,  1.33341967, 11.1668738 ,  0.50473405,\n        -1.26002896],\n       [-1.02030826,  5.78988261,  1.33337547, 11.16742742,  0.50514068,\n        -1.25992713],\n       [-1.02043318,  5.79081154,  1.33353858, 11.16702524,  0.50455178,\n        -1.25989768],\n       [-1.02082858,  5.79069219,  1.33351693, 11.16661883,  0.50491214,\n        -1.25988414]]), array([0.4162532 , 0.41625323, 0.41625327, 0.41625327, 0.4162533 ,\n       0.41625331, 0.41625331]))", "callback": [0.9610350366651291, 0.8709226034297035, 0.8289264708090602, 0.7339826155441277, 0.7038367375518197, 0.6315072066470588, 0.5129889039269037, 0.5019243102822997, 0.49627813755847483, 0.4894198654129214, 0.4799210605113233, 0.47581030953845915, 0.47524720107330376, 0.4746657699142578, 0.47429446694318256, 0.47371868123702343, 0.47330711376855406, 0.47303082928189144, 0.4727314204833454, 0.4722699352063924, 0.4720049457970481, 0.4716084582992226, 0.47112687591413616, 0.4710286699893219, 0.4708815814179935, 0.4707804140166879, 0.47063870645603456, 0.470025584624576, 0.46719577286099434, 0.4624100022017069, 0.4606327956480293, 0.4558596254774173, 0.42537453330624064, 0.42292779815537607, 0.42226084583102796, 0.42152423015204443, 0.4185185518020649, 0.4175145709207062, 0.41747040100118005, 0.41735044582061676, 0.41712460269420704, 0.4168892376275153, 0.41638819666228155, 0.41628185158463427, 0.4162718249337596, 0.416256351089351, 0.4162538355170369, 0.41625345700490957, 0.41625334550485116, 0.41625326954963837]}, "6": {"maxiter": 500, "fatol": 1e-10, "xatol": 1e-05, "duration": 0.2270967960357666, "fun": "0.41625320440011104", "nit": "500", "nfev": "767", "status": "2", "success": "False", "message": "Maximum number of iterations has been exceeded.", "x": "[-1.02062074  5.79033206  1.33354845 11.16726794  0.50472676 -1.25979099]", "final_simplex": "(array([[-1.02062074,  5.79033206,  1.33354845, 11.16726794,  0.50472676,\n        -1.25979099],\n       [-1.02048357,  5.79083903,  1.33346928, 11.16705681,  0.50488081,\n        -1.25992686],\n       [-1.02038513,  5.79084001,  1.33348974, 11.16662633,  0.50475689,\n        -1.25959587],\n       [-1.02006168,  5.79069564,  1.33341967, 11.1668738 ,  0.50473405,\n        -1.26002896],\n       [-1.02030826,  5.78988261,  1.33337547, 11.16742742,  0.50514068,\n        -1.25992713],\n       [-1.02043318,  5.79081154,  1.33353858, 11.16702524,  0.50455178,\n        -1.25989768],\n       [-1.02082858,  5.79069219,  1.33351693, 11.16661883,  0.50491214,\n        -1.25988414]]), array([0.4162532 , 0.41625323, 0.41625327, 0.41625327, 0.4162533 ,\n       0.41625331, 0.41625331]))", "callback": [0.9610350366651291, 0.8709226034297035, 0.8289264708090602, 0.7339826155441277, 0.7038367375518197, 0.6315072066470588, 0.5129889039269037, 0.5019243102822997, 0.49627813755847483, 0.4894198654129214, 0.4799210605113233, 0.47581030953845915, 0.47524720107330376, 0.4746657699142578, 0.47429446694318256, 0.47371868123702343, 0.47330711376855406, 0.47303082928189144, 0.4727314204833454, 0.4722699352063924, 0.4720049457970481, 0.4716084582992226, 0.47112687591413616, 0.4710286699893219, 0.4708815814179935, 0.4707804140166879, 0.47063870645603456, 0.470025584624576, 0.46719577286099434, 0.4624100022017069, 0.4606327956480293, 0.4558596254774173, 0.42537453330624064, 0.42292779815537607, 0.42226084583102796, 0.42152423015204443, 0.4185185518020649, 0.4175145709207062, 0.41747040100118005, 0.41735044582061676, 0.41712460269420704, 0.4168892376275153, 0.41638819666228155, 0.41628185158463427, 0.4162718249337596, 0.416256351089351, 0.4162538355170369, 0.41625345700490957, 0.41625334550485116, 0.41625326954963837]}, "7": {"maxiter": 500, "fatol": 1e-10, "xatol": 1e-10, "duration": 0.26433897018432617, "fun": "0.41625320440011104", "nit": "500", "nfev": "767", "status": "2", "success": "False", "message": "Maximum number of iterations has been exceeded.", "x": "[-1.02062074  5.79033206  1.33354845 11.16726794  0.50472676 -1.25979099]", "final_simplex": "(array([[-1.02062074,  5.79033206,  1.33354845, 11.16726794,  0.50472676,\n        -1.25979099],\n       [-1.02048357,  5.79083903,  1.33346928, 11.16705681,  0.50488081,\n        -1.25992686],\n       [-1.02038513,  5.79084001,  1.33348974, 11.16662633,  0.50475689,\n        -1.25959587],\n       [-1.02006168,  5.79069564,  1.33341967, 11.1668738 ,  0.50473405,\n        -1.26002896],\n       [-1.02030826,  5.78988261,  1.33337547, 11.16742742,  0.50514068,\n        -1.25992713],\n       [-1.02043318,  5.79081154,  1.33353858, 11.16702524,  0.50455178,\n        -1.25989768],\n       [-1.02082858,  5.79069219,  1.33351693, 11.16661883,  0.50491214,\n        -1.25988414]]), array([0.4162532 , 0.41625323, 0.41625327, 0.41625327, 0.4162533 ,\n       0.41625331, 0.41625331]))", "callback": [0.9610350366651291, 0.8709226034297035, 0.8289264708090602, 0.7339826155441277, 0.7038367375518197, 0.6315072066470588, 0.5129889039269037, 0.5019243102822997, 0.49627813755847483, 0.4894198654129214, 0.4799210605113233, 0.47581030953845915, 0.47524720107330376, 0.4746657699142578, 0.47429446694318256, 0.47371868123702343, 0.47330711376855406, 0.47303082928189144, 0.4727314204833454, 0.4722699352063924, 0.4720049457970481, 0.4716084582992226, 0.47112687591413616, 0.4710286699893219, 0.4708815814179935, 0.4707804140166879, 0.47063870645603456, 0.470025584624576, 0.46719577286099434, 0.4624100022017069, 0.4606327956480293, 0.4558596254774173, 0.42537453330624064, 0.42292779815537607, 0.42226084583102796, 0.42152423015204443, 0.4185185518020649, 0.4175145709207062, 0.41747040100118005, 0.41735044582061676, 0.41712460269420704, 0.4168892376275153, 0.41638819666228155, 0.41628185158463427, 0.4162718249337596, 0.416256351089351, 0.4162538355170369, 0.41625345700490957, 0.41625334550485116, 0.41625326954963837]}, "8": {"maxiter": 1000, "fatol": 1e-05, "xatol": 1e-05, "duration": 0.35039496421813965, "fun": "0.41571719637847915", "nit": "771", "nfev": "1187", "status": "0", "success": "True", "message": "Optimization terminated successfully.", "x": "[-1.01556069  5.69135911  1.41691026 11.17448916  0.56646131 -1.24933165]", "final_simplex": "(array([[-1.01556069,  5.69135911,  1.41691026, 11.17448916,  0.56646131,\n        -1.24933165],\n       [-1.01556406,  5.6913574 ,  1.41691465, 11.17448751,  0.56646124,\n        -1.2493249 ],\n       [-1.01556703,  5.69135353,  1.41691582, 11.17448759,  0.56646336,\n        -1.2493291 ],\n       [-1.01556518,  5.69135479,  1.41690829, 11.1744911 ,  0.56646068,\n        -1.24932779],\n       [-1.01556063,  5.69135662,  1.41691541, 11.17448707,  0.56645635,\n        -1.24932843],\n       [-1.01555838,  5.69135647,  1.41691355, 11.17448245,  0.56646633,\n        -1.24932554],\n       [-1.01556109,  5.69136592,  1.41691021, 11.17448047,  0.56645327,\n        -1.24933126]]), array([0.4157172, 0.4157172, 0.4157172, 0.4157172, 0.4157172, 0.4157172,\n       0.4157172]))", "callback": [0.9610350366651291, 0.8709226034297035, 0.8289264708090602, 0.7339826155441277, 0.7038367375518197, 0.6315072066470588, 0.5129889039269037, 0.5019243102822997, 0.49627813755847483, 0.4894198654129214, 0.4799210605113233, 0.47581030953845915, 0.47524720107330376, 0.4746657699142578, 0.47429446694318256, 0.47371868123702343, 0.47330711376855406, 0.47303082928189144, 0.4727314204833454, 0.4722699352063924, 0.4720049457970481, 0.4716084582992226, 0.47112687591413616, 0.4710286699893219, 0.4708815814179935, 0.4707804140166879, 0.47063870645603456, 0.470025584624576, 0.46719577286099434, 0.4624100022017069, 0.4606327956480293, 0.4558596254774173, 0.42537453330624064, 0.42292779815537607, 0.42226084583102796, 0.42152423015204443, 0.4185185518020649, 0.4175145709207062, 0.41747040100118005, 0.41735044582061676, 0.41712460269420704, 0.4168892376275153, 0.41638819666228155, 0.41628185158463427, 0.4162718249337596, 0.416256351089351, 0.4162538355170369, 0.41625345700490957, 0.41625334550485116, 0.41625326954963837, 0.41625317357905733, 0.4162526083552256, 0.41625159475265394, 0.41624577808262075, 0.4162334891781546, 0.4161878618930668, 0.4161055169979878, 0.41609332210091776, 0.4160685313802708, 0.4160360697520631, 0.4159534471926135, 0.41579477080690586, 0.415773375962907, 0.4157493160057467, 0.4157256739677886, 0.415721864128598, 0.4157181392426257, 0.41571760820566317, 0.4157173441902835, 0.41571724384955044, 0.4157172072394383, 0.41571720065143214, 0.41571719854664335, 0.4157171972417808, 0.4157171965976769, 0.4157171964106363, 0.4157171963845556, 0.41571719637847915]}, "9": {"maxiter": 1000, "fatol": 1e-05, "xatol": 1e-10, "duration": 0.4555649757385254, "fun": "0.4157171963771349", "nit": "866", "nfev": "1406", "status": "0", "success": "True", "message": "Optimization terminated successfully.", "x": "[-1.015562    5.69135696  1.41691276 11.17448747  0.56646164 -1.24932853]", "final_simplex": "(array([[-1.015562  ,  5.69135696,  1.41691276, 11.17448747,  0.56646164,\n        -1.24932853],\n       [-1.015562  ,  5.69135696,  1.41691276, 11.17448747,  0.56646164,\n        -1.24932853],\n       [-1.015562  ,  5.69135696,  1.41691276, 11.17448747,  0.56646164,\n        -1.24932853],\n       [-1.015562  ,  5.69135696,  1.41691276, 11.17448747,  0.56646164,\n        -1.24932853],\n       [-1.015562  ,  5.69135696,  1.41691276, 11.17448747,  0.56646164,\n        -1.24932853],\n       [-1.015562  ,  5.69135696,  1.41691276, 11.17448747,  0.56646164,\n        -1.24932853],\n       [-1.015562  ,  5.69135696,  1.41691276, 11.17448747,  0.56646164,\n        -1.24932853]]), array([0.4157172, 0.4157172, 0.4157172, 0.4157172, 0.4157172, 0.4157172,\n       0.4157172]))", "callback": [0.9610350366651291, 0.8709226034297035, 0.8289264708090602, 0.7339826155441277, 0.7038367375518197, 0.6315072066470588, 0.5129889039269037, 0.5019243102822997, 0.49627813755847483, 0.4894198654129214, 0.4799210605113233, 0.47581030953845915, 0.47524720107330376, 0.4746657699142578, 0.47429446694318256, 0.47371868123702343, 0.47330711376855406, 0.47303082928189144, 0.4727314204833454, 0.4722699352063924, 0.4720049457970481, 0.4716084582992226, 0.47112687591413616, 0.4710286699893219, 0.4708815814179935, 0.4707804140166879, 0.47063870645603456, 0.470025584624576, 0.46719577286099434, 0.4624100022017069, 0.4606327956480293, 0.4558596254774173, 0.42537453330624064, 0.42292779815537607, 0.42226084583102796, 0.42152423015204443, 0.4185185518020649, 0.4175145709207062, 0.41747040100118005, 0.41735044582061676, 0.41712460269420704, 0.4168892376275153, 0.41638819666228155, 0.41628185158463427, 0.4162718249337596, 0.416256351089351, 0.4162538355170369, 0.41625345700490957, 0.41625334550485116, 0.41625326954963837, 0.41625317357905733, 0.4162526083552256, 0.41625159475265394, 0.41624577808262075, 0.4162334891781546, 0.4161878618930668, 0.4161055169979878, 0.41609332210091776, 0.4160685313802708, 0.4160360697520631, 0.4159534471926135, 0.41579477080690586, 0.415773375962907, 0.4157493160057467, 0.4157256739677886, 0.415721864128598, 0.4157181392426257, 0.41571760820566317, 0.4157173441902835, 0.41571724384955044, 0.4157172072394383, 0.41571720065143214, 0.41571719854664335, 0.4157171972417808, 0.4157171965976769, 0.4157171964106363, 0.4157171963845556, 0.41571719637847915, 0.41571719637735205, 0.4157171963771713, 0.41571719637714777, 0.4157171963771402, 0.4157171963771362, 0.41571719637713533, 0.415717196377135, 0.4157171963771349, 0.4157171963771349]}, "10": {"maxiter": 1000, "fatol": 1e-10, "xatol": 1e-05, "duration": 0.3631010055541992, "fun": "0.41571719637847915", "nit": "771", "nfev": "1187", "status": "0", "success": "True", "message": "Optimization terminated successfully.", "x": "[-1.01556069  5.69135911  1.41691026 11.17448916  0.56646131 -1.24933165]", "final_simplex": "(array([[-1.01556069,  5.69135911,  1.41691026, 11.17448916,  0.56646131,\n        -1.24933165],\n       [-1.01556406,  5.6913574 ,  1.41691465, 11.17448751,  0.56646124,\n        -1.2493249 ],\n       [-1.01556703,  5.69135353,  1.41691582, 11.17448759,  0.56646336,\n        -1.2493291 ],\n       [-1.01556518,  5.69135479,  1.41690829, 11.1744911 ,  0.56646068,\n        -1.24932779],\n       [-1.01556063,  5.69135662,  1.41691541, 11.17448707,  0.56645635,\n        -1.24932843],\n       [-1.01555838,  5.69135647,  1.41691355, 11.17448245,  0.56646633,\n        -1.24932554],\n       [-1.01556109,  5.69136592,  1.41691021, 11.17448047,  0.56645327,\n        -1.24933126]]), array([0.4157172, 0.4157172, 0.4157172, 0.4157172, 0.4157172, 0.4157172,\n       0.4157172]))", "callback": [0.9610350366651291, 0.8709226034297035, 0.8289264708090602, 0.7339826155441277, 0.7038367375518197, 0.6315072066470588, 0.5129889039269037, 0.5019243102822997, 0.49627813755847483, 0.4894198654129214, 0.4799210605113233, 0.47581030953845915, 0.47524720107330376, 0.4746657699142578, 0.47429446694318256, 0.47371868123702343, 0.47330711376855406, 0.47303082928189144, 0.4727314204833454, 0.4722699352063924, 0.4720049457970481, 0.4716084582992226, 0.47112687591413616, 0.4710286699893219, 0.4708815814179935, 0.4707804140166879, 0.47063870645603456, 0.470025584624576, 0.46719577286099434, 0.4624100022017069, 0.4606327956480293, 0.4558596254774173, 0.42537453330624064, 0.42292779815537607, 0.42226084583102796, 0.42152423015204443, 0.4185185518020649, 0.4175145709207062, 0.41747040100118005, 0.41735044582061676, 0.41712460269420704, 0.4168892376275153, 0.41638819666228155, 0.41628185158463427, 0.4162718249337596, 0.416256351089351, 0.4162538355170369, 0.41625345700490957, 0.41625334550485116, 0.41625326954963837, 0.41625317357905733, 0.4162526083552256, 0.41625159475265394, 0.41624577808262075, 0.4162334891781546, 0.4161878618930668, 0.4161055169979878, 0.41609332210091776, 0.4160685313802708, 0.4160360697520631, 0.4159534471926135, 0.41579477080690586, 0.415773375962907, 0.4157493160057467, 0.4157256739677886, 0.415721864128598, 0.4157181392426257, 0.41571760820566317, 0.4157173441902835, 0.41571724384955044, 0.4157172072394383, 0.41571720065143214, 0.41571719854664335, 0.4157171972417808, 0.4157171965976769, 0.4157171964106363, 0.4157171963845556, 0.41571719637847915]}, "11": {"maxiter": 1000, "fatol": 1e-10, "xatol": 1e-10, "duration": 0.4672970771789551, "fun": "0.4157171963771349", "nit": "866", "nfev": "1406", "status": "0", "success": "True", "message": "Optimization terminated successfully.", "x": "[-1.015562    5.69135696  1.41691276 11.17448747  0.56646164 -1.24932853]", "final_simplex": "(array([[-1.015562  ,  5.69135696,  1.41691276, 11.17448747,  0.56646164,\n        -1.24932853],\n       [-1.015562  ,  5.69135696,  1.41691276, 11.17448747,  0.56646164,\n        -1.24932853],\n       [-1.015562  ,  5.69135696,  1.41691276, 11.17448747,  0.56646164,\n        -1.24932853],\n       [-1.015562  ,  5.69135696,  1.41691276, 11.17448747,  0.56646164,\n        -1.24932853],\n       [-1.015562  ,  5.69135696,  1.41691276, 11.17448747,  0.56646164,\n        -1.24932853],\n       [-1.015562  ,  5.69135696,  1.41691276, 11.17448747,  0.56646164,\n        -1.24932853],\n       [-1.015562  ,  5.69135696,  1.41691276, 11.17448747,  0.56646164,\n        -1.24932853]]), array([0.4157172, 0.4157172, 0.4157172, 0.4157172, 0.4157172, 0.4157172,\n       0.4157172]))", "callback": [0.9610350366651291, 0.8709226034297035, 0.8289264708090602, 0.7339826155441277, 0.7038367375518197, 0.6315072066470588, 0.5129889039269037, 0.5019243102822997, 0.49627813755847483, 0.4894198654129214, 0.4799210605113233, 0.47581030953845915, 0.47524720107330376, 0.4746657699142578, 0.47429446694318256, 0.47371868123702343, 0.47330711376855406, 0.47303082928189144, 0.4727314204833454, 0.4722699352063924, 0.4720049457970481, 0.4716084582992226, 0.47112687591413616, 0.4710286699893219, 0.4708815814179935, 0.4707804140166879, 0.47063870645603456, 0.470025584624576, 0.46719577286099434, 0.4624100022017069, 0.4606327956480293, 0.4558596254774173, 0.42537453330624064, 0.42292779815537607, 0.42226084583102796, 0.42152423015204443, 0.4185185518020649, 0.4175145709207062, 0.41747040100118005, 0.41735044582061676, 0.41712460269420704, 0.4168892376275153, 0.41638819666228155, 0.41628185158463427, 0.4162718249337596, 0.416256351089351, 0.4162538355170369, 0.41625345700490957, 0.41625334550485116, 0.41625326954963837, 0.41625317357905733, 0.4162526083552256, 0.41625159475265394, 0.41624577808262075, 0.4162334891781546, 0.4161878618930668, 0.4161055169979878, 0.41609332210091776, 0.4160685313802708, 0.4160360697520631, 0.4159534471926135, 0.41579477080690586, 0.415773375962907, 0.4157493160057467, 0.4157256739677886, 0.415721864128598, 0.4157181392426257, 0.41571760820566317, 0.4157173441902835, 0.41571724384955044, 0.4157172072394383, 0.41571720065143214, 0.41571719854664335, 0.4157171972417808, 0.4157171965976769, 0.4157171964106363, 0.4157171963845556, 0.41571719637847915, 0.41571719637735205, 0.4157171963771713, 0.41571719637714777, 0.4157171963771402, 0.4157171963771362, 0.41571719637713533, 0.415717196377135, 0.4157171963771349, 0.4157171963771349]}}, "bfgs": {"type": "gradient", "0": {"maxiter": 100, "gtol": 1e-05, "xrtol": 1e-05, "eps": 1e-05, "duration": 0.09087610244750977, "fun": "0.41571719673760177", "jac": "[ 3.23956417e-06  5.91482419e-07  6.39585052e-06 -6.36760644e-06\n -7.51007034e-06  4.78028728e-07]", "hess_inv": "[[ 6.0597689   1.79004969 -0.19536153  1.44760387 -0.16637568 -1.5550744 ]\n [ 1.79004969 16.98835106 -6.23086273  5.84147653 -8.39248213 -2.13798076]\n [-0.19536153 -6.23086273  6.36981276  0.37797628  3.28994259  1.28988651]\n [ 1.44760387  5.84147653  0.37797628 10.90206774 -3.6628205   1.95069119]\n [-0.16637568 -8.39248213  3.28994259 -3.6628205   7.89521316 -0.22975859]\n [-1.5550744  -2.13798076  1.28988651  1.95069119 -0.22975859  5.45699406]]", "nfev": "322", "njev": "46", "status": "0", "success": "True", "message": "Optimization terminated successfully.", "x": "[5.26763154 5.69135765 1.41691748 7.67501448 3.708022   1.89225139]", "nit": "30", "callback": [0.9388010526036443, 0.8970526240217189, 0.8926339770685752, 0.8518901220866533, 0.7920931035027969, 0.7195853115920587, 0.6533784467818751, 0.5357217730922839, 0.5019576205598956, 0.49481301385628107, 0.49182976314043136, 0.4904912569891292, 0.48968860568867234, 0.45916552600181637, 0.45827521208721855, 0.4499311452666449, 0.43503506842361883, 0.41729674075788303, 0.4167889069043955, 0.41663138285683554, 0.41644058382208016, 0.4161227240688343, 0.41576928677401903, 0.41573029905165393, 0.41571929442669875, 0.41571817635322006, 0.4157174985898441, 0.4157172862914811, 0.4157172035848804, 0.41571719673760177]}, "1": {"maxiter": 100, "gtol": 1e-05, "xrtol": 1e-05, "eps": 1e-10, "duration": 0.11603999137878418, "fun": "0.41571719690431364", "jac": "[ 1.11022293e-06 -1.11022293e-06  0.00000000e+00 -8.88178346e-06\n -4.44089173e-06  0.00000000e+00]", "hess_inv": "[[ 5.94339761  2.03868239 -0.12889908  1.93350643 -0.38136617 -1.53337764]\n [ 2.03868239 16.74873882 -6.00448493  6.04327037 -8.39361952 -1.88229142]\n [-0.12889908 -6.00448493  6.38419397  0.63355594  3.17256562  1.10250189]\n [ 1.93350643  6.04327037  0.63355594 11.43262684 -3.77894239  1.9677693 ]\n [-0.38136617 -8.39361952  3.17256562 -3.77894239  8.01218548 -0.2845494 ]\n [-1.53337764 -1.88229142  1.10250189  1.9677693  -0.2845494   5.30859492]]", "nfev": "322", "njev": "46", "status": "0", "success": "True", "message": "Optimization terminated successfully.", "x": "[5.26762138 5.69131348 1.41690926 7.67496523 3.70805826 1.89224865]", "nit": "30", "callback": [0.938802315935443, 0.8970539749752311, 0.8926340797020076, 0.8518776796029329, 0.7920375089067143, 0.7196008404420253, 0.6534678210383766, 0.5358489446287709, 0.5019215189134753, 0.4948077875136858, 0.49182414772403893, 0.49047728583472894, 0.4896814150371678, 0.4611230165788821, 0.46018511249225647, 0.4514073486783218, 0.4358048983036308, 0.4172943403579412, 0.4167773022123621, 0.4166298627508871, 0.4164379048316096, 0.41611335191066123, 0.41575137189537403, 0.4157268315643343, 0.41572010304587037, 0.4157185712313778, 0.4157175037627876, 0.4157172605835975, 0.4157172008747073, 0.41571719690431364]}, "2": {"maxiter": 100, "gtol": 1e-05, "xrtol": 1e-10, "eps": 1e-05, "duration": 0.10905885696411133, "fun": "0.41571719673760177", "jac": "[ 3.23956417e-06  5.91482419e-07  6.39585052e-06 -6.36760644e-06\n -7.51007034e-06  4.78028728e-07]", "hess_inv": "[[ 6.0597689   1.79004969 -0.19536153  1.44760387 -0.16637568 -1.5550744 ]\n [ 1.79004969 16.98835106 -6.23086273  5.84147653 -8.39248213 -2.13798076]\n [-0.19536153 -6.23086273  6.36981276  0.37797628  3.28994259  1.28988651]\n [ 1.44760387  5.84147653  0.37797628 10.90206774 -3.6628205   1.95069119]\n [-0.16637568 -8.39248213  3.28994259 -3.6628205   7.89521316 -0.22975859]\n [-1.5550744  -2.13798076  1.28988651  1.95069119 -0.22975859  5.45699406]]", "nfev": "322", "njev": "46", "status": "0", "success": "True", "message": "Optimization terminated successfully.", "x": "[5.26763154 5.69135765 1.41691748 7.67501448 3.708022   1.89225139]", "nit": "30", "callback": [0.9388010526036443, 0.8970526240217189, 0.8926339770685752, 0.8518901220866533, 0.7920931035027969, 0.7195853115920587, 0.6533784467818751, 0.5357217730922839, 0.5019576205598956, 0.49481301385628107, 0.49182976314043136, 0.4904912569891292, 0.48968860568867234, 0.45916552600181637, 0.45827521208721855, 0.4499311452666449, 0.43503506842361883, 0.41729674075788303, 0.4167889069043955, 0.41663138285683554, 0.41644058382208016, 0.4161227240688343, 0.41576928677401903, 0.41573029905165393, 0.41571929442669875, 0.41571817635322006, 0.4157174985898441, 0.4157172862914811, 0.4157172035848804, 0.41571719673760177]}, "3": {"maxiter": 100, "gtol": 1e-05, "xrtol": 1e-10, "eps": 1e-10, "duration": 0.1041409969329834, "fun": "0.41571719690431364", "jac": "[ 1.11022293e-06 -1.11022293e-06  0.00000000e+00 -8.88178346e-06\n -4.44089173e-06  0.00000000e+00]", "hess_inv": "[[ 5.94339761  2.03868239 -0.12889908  1.93350643 -0.38136617 -1.53337764]\n [ 2.03868239 16.74873882 -6.00448493  6.04327037 -8.39361952 -1.88229142]\n [-0.12889908 -6.00448493  6.38419397  0.63355594  3.17256562  1.10250189]\n [ 1.93350643  6.04327037  0.63355594 11.43262684 -3.77894239  1.9677693 ]\n [-0.38136617 -8.39361952  3.17256562 -3.77894239  8.01218548 -0.2845494 ]\n [-1.53337764 -1.88229142  1.10250189  1.9677693  -0.2845494   5.30859492]]", "nfev": "322", "njev": "46", "status": "0", "success": "True", "message": "Optimization terminated successfully.", "x": "[5.26762138 5.69131348 1.41690926 7.67496523 3.70805826 1.89224865]", "nit": "30", "callback": [0.938802315935443, 0.8970539749752311, 0.8926340797020076, 0.8518776796029329, 0.7920375089067143, 0.7196008404420253, 0.6534678210383766, 0.5358489446287709, 0.5019215189134753, 0.4948077875136858, 0.49182414772403893, 0.49047728583472894, 0.4896814150371678, 0.4611230165788821, 0.46018511249225647, 0.4514073486783218, 0.4358048983036308, 0.4172943403579412, 0.4167773022123621, 0.4166298627508871, 0.4164379048316096, 0.41611335191066123, 0.41575137189537403, 0.4157268315643343, 0.41572010304587037, 0.4157185712313778, 0.4157175037627876, 0.4157172605835975, 0.4157172008747073, 0.41571719690431364]}, "4": {"maxiter": 100, "gtol": 1e-10, "xrtol": 1e-05, "eps": 1e-05, "duration": 0.09282803535461426, "fun": "0.41571719640884064", "jac": "[-1.41386902e-07  3.24318350e-07  1.77513559e-07 -7.13462622e-07\n -4.01967348e-07  2.97339930e-07]", "hess_inv": "[[ 6.09263956  1.87415609 -0.16798418  1.00840808 -0.42471571 -1.65230882]\n [ 1.87415609 16.87776301 -6.14872659  6.09848317 -8.27369904 -2.07381154]\n [-0.16798418 -6.14872659  6.39216652 -0.03904283  3.04584872  1.19729215]\n [ 1.00840808  6.09848317 -0.03904283 10.91824488 -3.51602358  1.92346065]\n [-0.42471571 -8.27369904  3.04584872 -3.51602358  8.05909085 -0.21466011]\n [-1.65230882 -2.07381154  1.19729215  1.92346065 -0.21466011  5.44398167]]", "nfev": "329", "njev": "47", "status": "0", "success": "True", "message": "Optimization terminated successfully.", "x": "[5.26761579 5.69135861 1.41690284 7.67505005 3.70804703 1.89225835]", "nit": "31", "callback": [0.9388010526036443, 0.8970526240217189, 0.8926339770685752, 0.8518901220866533, 0.7920931035027969, 0.7195853115920587, 0.6533784467818751, 0.5357217730922839, 0.5019576205598956, 0.49481301385628107, 0.49182976314043136, 0.4904912569891292, 0.48968860568867234, 0.45916552600181637, 0.45827521208721855, 0.4499311452666449, 0.43503506842361883, 0.41729674075788303, 0.4167889069043955, 0.41663138285683554, 0.41644058382208016, 0.4161227240688343, 0.41576928677401903, 0.41573029905165393, 0.41571929442669875, 0.41571817635322006, 0.4157174985898441, 0.4157172862914811, 0.4157172035848804, 0.41571719673760177, 0.41571719640884064]}, "5": {"maxiter": 100, "gtol": 1e-10, "xrtol": 1e-05, "eps": 1e-10, "duration": 0.10509085655212402, "fun": "0.41571719639676785", "jac": "[-1.11022293e-06  0.00000000e+00 -2.22044587e-06 -3.33066880e-06\n -1.11022293e-06  0.00000000e+00]", "hess_inv": "[[ 5.80086608  1.54379943 -0.30635328  0.59130834 -0.29495644 -1.77464853]\n [ 1.54379943 16.67860973 -6.43213861  5.70084933 -8.05996556 -1.88020048]\n [-0.30635328 -6.43213861  6.18481567 -0.54371414  3.28399331  0.89815651]\n [ 0.59130834  5.70084933 -0.54371414 10.10514297 -2.87712807  1.8958773 ]\n [-0.29495644 -8.05996556  3.28399331 -2.87712807  7.96048584 -0.12114235]\n [-1.77464853 -1.88020048  0.89815651  1.8958773  -0.12114235  5.32810114]]", "nfev": "329", "njev": "47", "status": "0", "success": "True", "message": "Optimization terminated successfully.", "x": "[5.26762059 5.69134513 1.41691222 7.67504788 3.70805943 1.89226483]", "nit": "31", "callback": [0.938802315935443, 0.8970539749752311, 0.8926340797020076, 0.8518776796029329, 0.7920375089067143, 0.7196008404420253, 0.6534678210383766, 0.5358489446287709, 0.5019215189134753, 0.4948077875136858, 0.49182414772403893, 0.49047728583472894, 0.4896814150371678, 0.4611230165788821, 0.46018511249225647, 0.4514073486783218, 0.4358048983036308, 0.4172943403579412, 0.4167773022123621, 0.4166298627508871, 0.4164379048316096, 0.41611335191066123, 0.41575137189537403, 0.4157268315643343, 0.41572010304587037, 0.4157185712313778, 0.4157175037627876, 0.4157172605835975, 0.4157172008747073, 0.41571719690431364, 0.41571719639676785]}, "6": {"maxiter": 100, "gtol": 1e-10, "xrtol": 1e-10, "eps": 1e-05, "duration": 0.17691802978515625, "fun": "0.41571719639738813", "jac": "[-8.99280650e-10 -1.09912079e-09 -3.96349620e-09  2.91988655e-09\n -2.19824159e-09  1.02140518e-08]", "hess_inv": "[[ 5.96271418  1.75056488 -0.07839215  1.21274443 -0.4402327  -1.5853387 ]\n [ 1.75056488 17.53231862 -6.62811619  5.7817723  -8.80629221 -1.6618337 ]\n [-0.07839215 -6.62811619  6.72333193  0.10927508  3.49514603  0.80412603]\n [ 1.21274443  5.7817723   0.10927508 10.94625121 -2.91341511  1.45356513]\n [-0.4402327  -8.80629221  3.49514603 -2.91341511  8.22524155 -0.17566182]\n [-1.5853387  -1.6618337   0.80412603  1.45356513 -0.17566182  5.31831909]]", "nfev": "537", "njev": "75", "status": "2", "success": "False", "message": "Desired error not necessarily achieved due to precision loss.", "x": "[5.26761711 5.69135563 1.41690487 7.67505483 3.70805026 1.89225832]", "nit": "33", "callback": [0.9388010526036443, 0.8970526240217189, 0.8926339770685752, 0.8518901220866533, 0.7920931035027969, 0.7195853115920587, 0.6533784467818751, 0.5357217730922839, 0.5019576205598956, 0.49481301385628107, 0.49182976314043136, 0.4904912569891292, 0.48968860568867234, 0.45916552600181637, 0.45827521208721855, 0.4499311452666449, 0.43503506842361883, 0.41729674075788303, 0.4167889069043955, 0.41663138285683554, 0.41644058382208016, 0.4161227240688343, 0.41576928677401903, 0.41573029905165393, 0.41571929442669875, 0.41571817635322006, 0.4157174985898441, 0.4157172862914811, 0.4157172035848804, 0.41571719673760177, 0.41571719640884064, 0.4157171963978239, 0.41571719639738813]}, "7": {"maxiter": 100, "gtol": 1e-10, "xrtol": 1e-10, "eps": 1e-10, "duration": 0.15954113006591797, "fun": "0.41571719638386484", "jac": "[ 0.00000000e+00 -1.11022293e-06 -1.11022293e-06  0.00000000e+00\n  0.00000000e+00  0.00000000e+00]", "hess_inv": "[[ 2.71605091 -0.77565105  1.31106345 -0.26127116 -4.32232294  0.06384607]\n [-0.77565105  0.24998441 -0.37340498  0.09846334  1.18201886 -0.02782034]\n [ 1.31106345 -0.37340498  0.6372695  -0.12958567 -2.08596939  0.0305007 ]\n [-0.26127116  0.09846334 -0.12958567  0.07066759  0.33953416 -0.01352488]\n [-4.32232294  1.18201886 -2.08596939  0.33953416  7.02726816 -0.08965315]\n [ 0.06384607 -0.02782034  0.0305007  -0.01352488 -0.08965315  0.00782827]]", "nfev": "511", "njev": "73", "status": "0", "success": "True", "message": "Optimization terminated successfully.", "x": "[5.26762338 5.6913448  1.41691835 7.67506894 3.7080619  1.89226929]", "nit": "43", "callback": [0.938802315935443, 0.8970539749752311, 0.8926340797020076, 0.8518776796029329, 0.7920375089067143, 0.7196008404420253, 0.6534678210383766, 0.5358489446287709, 0.5019215189134753, 0.4948077875136858, 0.49182414772403893, 0.49047728583472894, 0.4896814150371678, 0.4611230165788821, 0.46018511249225647, 0.4514073486783218, 0.4358048983036308, 0.4172943403579412, 0.4167773022123621, 0.4166298627508871, 0.4164379048316096, 0.41611335191066123, 0.41575137189537403, 0.4157268315643343, 0.41572010304587037, 0.4157185712313778, 0.4157175037627876, 0.4157172605835975, 0.4157172008747073, 0.41571719690431364, 0.41571719639676785, 0.41571719638615023, 0.4157171963857005, 0.41571719638525995, 0.41571719638447324, 0.4157171963844447, 0.4157171963844182, 0.4157171963843894, 0.41571719638438287, 0.415717196384372, 0.4157171963843447, 0.41571719638386484, 0.41571719638386484]}, "8": {"maxiter": 500, "gtol": 1e-05, "xrtol": 1e-05, "eps": 1e-05, "duration": 0.09759211540222168, "fun": "0.41571719673760177", "jac": "[ 3.23956417e-06  5.91482419e-07  6.39585052e-06 -6.36760644e-06\n -7.51007034e-06  4.78028728e-07]", "hess_inv": "[[ 6.0597689   1.79004969 -0.19536153  1.44760387 -0.16637568 -1.5550744 ]\n [ 1.79004969 16.98835106 -6.23086273  5.84147653 -8.39248213 -2.13798076]\n [-0.19536153 -6.23086273  6.36981276  0.37797628  3.28994259  1.28988651]\n [ 1.44760387  5.84147653  0.37797628 10.90206774 -3.6628205   1.95069119]\n [-0.16637568 -8.39248213  3.28994259 -3.6628205   7.89521316 -0.22975859]\n [-1.5550744  -2.13798076  1.28988651  1.95069119 -0.22975859  5.45699406]]", "nfev": "322", "njev": "46", "status": "0", "success"