{"date": "2024/09/23/, 22:16:08", "conf_id": 109, "data_type": "orthogonal\n", "num_data_points": 2, "s_rank": 0, "unitary": "[[-0.24866696+0.58742286j,-0.44704345-0.43151574j,-0.35669027-0.20570733j,-0.10517633+0.1626036j],[0.10596805-0.19687975j,-0.30269685-0.15056416j,0.18246286+0.30440582j,-0.83484447-0.11310748j],[0.26054512-0.52548482j,0.0285017-0.50723956j,-0.43110112+0.17165838j,0.15243271+0.39915801j],[0.42978035+0.11991271j,-0.17224126-0.46030424j,0.6827807-0.15164662j,0.26483638+0.0061855j]]", "databatch_0": {"databatch": "[[[-0.15566334+0.05465817j,0.22904381-0.05747845j,0.16264616+0.18166328j,-0.27083247+0.1360213j],[0.08236914+0.05801379j,-0.09954701-0.17994813j,0.13533322-0.21401473j,0.32067365+0.22722385j],[0.11856442+0.38559619j,-0.1558693-0.27634912j,0.11347355-0.15379221j,-0.21373734+0.19799347j],[0.12618298+0.05159492j,-0.12820255-0.08136501j,0.03111397-0.14502165j,0.16212529+0.14122566j]],[[-0.06048177-0.20157065j,0.25902375+0.16266627j,0.08581011+0.28909811j,-0.172452+0.22651439j],[0.17385989-0.22720148j,-0.0441678+0.26788119j,-0.15736327+0.11221584j,0.00385747+0.05410165j],[0.10386835-0.06717331j,-0.02511018+0.09194974j,-0.03947094+0.04730038j,-0.02960609+0.10064022j],[-0.0215805+0.32508221j,-0.07202254-0.07488254j,-0.09397962+0.0447206j,-0.52460561-0.22834914j]]]", "initial param values": "[2.2183426,0.73545304,1.53684298,0.30070797,5.06708051,1.491915]", "nelder_mead": {"type": "gradient-free", "0": {"maxiter": 100, "fatol": 1e-05, "xatol": 1e-05, "duration": 0.03520798683166504, "fun": "0.6145149675459741", "nit": "100", "nfev": "150", "status": "2", "success": "False", "message": "Maximum number of iterations has been exceeded.", "x": "[ 3.66578812  1.12525815  0.45924718 -0.09395928  2.30779996  2.4177236 ]", "final_simplex": "(array([[ 3.66578812,  1.12525815,  0.45924718, -0.09395928,  2.30779996,\n         2.4177236 ],\n       [ 3.89559632,  1.10754767,  0.47040892, -0.11464476,  2.21275419,\n         2.44610367],\n       [ 3.76007829,  1.09767925,  0.42820536, -0.0800004 ,  2.33263208,\n         2.39431152],\n       [ 3.76673196,  1.08049456,  0.49522024, -0.065579  ,  2.28640595,\n         2.36992098],\n       [ 3.79913969,  1.16634866,  0.32028645, -0.13002739,  2.11046898,\n         2.49877611],\n       [ 3.86402403,  1.05865315,  0.51395071, -0.03352706,  2.44346136,\n         2.23640769],\n       [ 3.8268237 ,  1.10249975,  0.53674155, -0.13946602,  2.26517077,\n         2.53404386]]), array([0.61451497, 0.61489046, 0.61518225, 0.61528149, 0.61678305,\n       0.61679773, 0.61702625]))", "callback": [0.8502589893295835, 0.6921586729294996, 0.6761740803140937, 0.6724235719377862, 0.6630400544413162, 0.6519045734856886, 0.6357644491277892, 0.6280395132863533, 0.6151822491029066]}, "1": {"maxiter": 100, "fatol": 1e-05, "xatol": 1e-10, "duration": 0.034091949462890625, "fun": "0.6145149675459741", "nit": "100", "nfev": "150", "status": "2", "success": "False", "message": "Maximum number of iterations has been exceeded.", "x": "[ 3.66578812  1.12525815  0.45924718 -0.09395928  2.30779996  2.4177236 ]", "final_simplex": "(array([[ 3.66578812,  1.12525815,  0.45924718, -0.09395928,  2.30779996,\n         2.4177236 ],\n       [ 3.89559632,  1.10754767,  0.47040892, -0.11464476,  2.21275419,\n         2.44610367],\n       [ 3.76007829,  1.09767925,  0.42820536, -0.0800004 ,  2.33263208,\n         2.39431152],\n       [ 3.76673196,  1.08049456,  0.49522024, -0.065579  ,  2.28640595,\n         2.36992098],\n       [ 3.79913969,  1.16634866,  0.32028645, -0.13002739,  2.11046898,\n         2.49877611],\n       [ 3.86402403,  1.05865315,  0.51395071, -0.03352706,  2.44346136,\n         2.23640769],\n       [ 3.8268237 ,  1.10249975,  0.53674155, -0.13946602,  2.26517077,\n         2.53404386]]), array([0.61451497, 0.61489046, 0.61518225, 0.61528149, 0.61678305,\n       0.61679773, 0.61702625]))", "callback": [0.8502589893295835, 0.6921586729294996, 0.6761740803140937, 0.6724235719377862, 0.6630400544413162, 0.6519045734856886, 0.6357644491277892, 0.6280395132863533, 0.6151822491029066]}, "2": {"maxiter": 100, "fatol": 1e-10, "xatol": 1e-05, "duration": 0.03361034393310547, "fun": "0.6145149675459741", "nit": "100", "nfev": "150", "status": "2", "success": "False", "message": "Maximum number of iterations has been exceeded.", "x": "[ 3.66578812  1.12525815  0.45924718 -0.09395928  2.30779996  2.4177236 ]", "final_simplex": "(array([[ 3.66578812,  1.12525815,  0.45924718, -0.09395928,  2.30779996,\n         2.4177236 ],\n       [ 3.89559632,  1.10754767,  0.47040892, -0.11464476,  2.21275419,\n         2.44610367],\n       [ 3.76007829,  1.09767925,  0.42820536, -0.0800004 ,  2.33263208,\n         2.39431152],\n       [ 3.76673196,  1.08049456,  0.49522024, -0.065579  ,  2.28640595,\n         2.36992098],\n       [ 3.79913969,  1.16634866,  0.32028645, -0.13002739,  2.11046898,\n         2.49877611],\n       [ 3.86402403,  1.05865315,  0.51395071, -0.03352706,  2.44346136,\n         2.23640769],\n       [ 3.8268237 ,  1.10249975,  0.53674155, -0.13946602,  2.26517077,\n         2.53404386]]), array([0.61451497, 0.61489046, 0.61518225, 0.61528149, 0.61678305,\n       0.61679773, 0.61702625]))", "callback": [0.8502589893295835, 0.6921586729294996, 0.6761740803140937, 0.6724235719377862, 0.6630400544413162, 0.6519045734856886, 0.6357644491277892, 0.6280395132863533, 0.6151822491029066]}, "3": {"maxiter": 100, "fatol": 1e-10, "xatol": 1e-10, "duration": 0.03470897674560547, "fun": "0.6145149675459741", "nit": "100", "nfev": "150", "status": "2", "success": "False", "message": "Maximum number of iterations has been exceeded.", "x": "[ 3.66578812  1.12525815  0.45924718 -0.09395928  2.30779996  2.4177236 ]", "final_simplex": "(array([[ 3.66578812,  1.12525815,  0.45924718, -0.09395928,  2.30779996,\n         2.4177236 ],\n       [ 3.89559632,  1.10754767,  0.47040892, -0.11464476,  2.21275419,\n         2.44610367],\n       [ 3.76007829,  1.09767925,  0.42820536, -0.0800004 ,  2.33263208,\n         2.39431152],\n       [ 3.76673196,  1.08049456,  0.49522024, -0.065579  ,  2.28640595,\n         2.36992098],\n       [ 3.79913969,  1.16634866,  0.32028645, -0.13002739,  2.11046898,\n         2.49877611],\n       [ 3.86402403,  1.05865315,  0.51395071, -0.03352706,  2.44346136,\n         2.23640769],\n       [ 3.8268237 ,  1.10249975,  0.53674155, -0.13946602,  2.26517077,\n         2.53404386]]), array([0.61451497, 0.61489046, 0.61518225, 0.61528149, 0.61678305,\n       0.61679773, 0.61702625]))", "callback": [0.8502589893295835, 0.6921586729294996, 0.6761740803140937, 0.6724235719377862, 0.6630400544413162, 0.6519045734856886, 0.6357644491277892, 0.6280395132863533, 0.6151822491029066]}, "4": {"maxiter": 500, "fatol": 1e-05, "xatol": 1e-05, "duration": 0.17188405990600586, "fun": "0.1632681212386501", "nit": "500", "nfev": "763", "status": "2", "success": "False", "message": "Maximum number of iterations has been exceeded.", "x": "[ 4.85077032  2.79797108  1.55242388 -2.05295817  5.03678942  1.23611736]", "final_simplex": "(array([[ 4.85077032,  2.79797108,  1.55242388, -2.05295817,  5.03678942,\n         1.23611736],\n       [ 4.85089345,  2.79803961,  1.55233579, -2.05316468,  5.03688712,\n         1.23597774],\n       [ 4.85082343,  2.79804467,  1.55264791, -2.05310499,  5.03696579,\n         1.23594822],\n       [ 4.85048249,  2.79793442,  1.55234785, -2.05279851,  5.03670674,\n         1.23598693],\n       [ 4.85089424,  2.79784678,  1.55239761, -2.0529213 ,  5.037223  ,\n         1.2363683 ],\n       [ 4.85077049,  2.79769282,  1.55253593, -2.05298352,  5.0366902 ,\n         1.23592155],\n       [ 4.85088798,  2.79823161,  1.55239988, -2.05286604,  5.03670126,\n         1.23591955]]), array([0.16326812, 0.16326814, 0.16326814, 0.16326814, 0.16326815,\n       0.16326816, 0.16326816]))", "callback": [0.8502589893295835, 0.6921586729294996, 0.6761740803140937, 0.6724235719377862, 0.6630400544413162, 0.6519045734856886, 0.6357644491277892, 0.6280395132863533, 0.6151822491029066, 0.6145149675459741, 0.6127757107115145, 0.6107953083297764, 0.6070745812464905, 0.5920515591312183, 0.525043977182217, 0.4892801012970093, 0.3622556012609319, 0.29978062655501647, 0.28449775230373286, 0.2688556137719229, 0.2648520396236623, 0.2594322691243143, 0.25844027533688185, 0.25815522114611233, 0.2580158982166898, 0.2579565161335482, 0.2579155027449931, 0.257819132796444, 0.2574224076930163, 0.2558757395663922, 0.24994581908448854, 0.2370799448927714, 0.22802759149171759, 0.21544374834144198, 0.2126311837453707, 0.21003615179825952, 0.20691622547015842, 0.19970301190815398, 0.1862998099596047, 0.16768177267057105, 0.16504178121711433, 0.16380214381819203, 0.16333927868614773, 0.16329263156698626, 0.16327376617235156, 0.16327006405734368, 0.16326851224431072, 0.1632682509166855, 0.1632681212386501]}, "5": {"maxiter": 500, "fatol": 1e-05, "xatol": 1e-10, "duration": 0.1720881462097168, "fun": "0.1632681212386501", "nit": "500", "nfev": "763", "status": "2", "success": "False", "message": "Maximum number of iterations has been exceeded.", "x": "[ 4.85077032  2.79797108  1.55242388 -2.05295817  5.03678942  1.23611736]", "final_simplex": "(array([[ 4.85077032,  2.79797108,  1.55242388, -2.05295817,  5.03678942,\n         1.23611736],\n       [ 4.85089345,  2.79803961,  1.55233579, -2.05316468,  5.03688712,\n         1.23597774],\n       [ 4.85082343,  2.79804467,  1.55264791, -2.05310499,  5.03696579,\n         1.23594822],\n       [ 4.85048249,  2.79793442,  1.55234785, -2.05279851,  5.03670674,\n         1.23598693],\n       [ 4.85089424,  2.79784678,  1.55239761, -2.0529213 ,  5.037223  ,\n         1.2363683 ],\n       [ 4.85077049,  2.79769282,  1.55253593, -2.05298352,  5.0366902 ,\n         1.23592155],\n       [ 4.85088798,  2.79823161,  1.55239988, -2.05286604,  5.03670126,\n         1.23591955]]), array([0.16326812, 0.16326814, 0.16326814, 0.16326814, 0.16326815,\n       0.16326816, 0.16326816]))", "callback": [0.8502589893295835, 0.6921586729294996, 0.6761740803140937, 0.6724235719377862, 0.6630400544413162, 0.6519045734856886, 0.6357644491277892, 0.6280395132863533, 0.6151822491029066, 0.6145149675459741, 0.6127757107115145, 0.6107953083297764, 0.6070745812464905, 0.5920515591312183, 0.525043977182217, 0.4892801012970093, 0.3622556012609319, 0.29978062655501647, 0.28449775230373286, 0.2688556137719229, 0.2648520396236623, 0.2594322691243143, 0.25844027533688185, 0.25815522114611233, 0.2580158982166898, 0.2579565161335482, 0.2579155027449931, 0.257819132796444, 0.2574224076930163, 0.2558757395663922, 0.24994581908448854, 0.2370799448927714, 0.22802759149171759, 0.21544374834144198, 0.2126311837453707, 0.21003615179825952, 0.20691622547015842, 0.19970301190815398, 0.1862998099596047, 0.16768177267057105, 0.16504178121711433, 0.16380214381819203, 0.16333927868614773, 0.16329263156698626, 0.16327376617235156, 0.16327006405734368, 0.16326851224431072, 0.1632682509166855, 0.1632681212386501]}, "6": {"maxiter": 500, "fatol": 1e-10, "xatol": 1e-05, "duration": 0.16977620124816895, "fun": "0.1632681212386501", "nit": "500", "nfev": "763", "status": "2", "success": "False", "message": "Maximum number of iterations has been exceeded.", "x": "[ 4.85077032  2.79797108  1.55242388 -2.05295817  5.03678942  1.23611736]", "final_simplex": "(array([[ 4.85077032,  2.79797108,  1.55242388, -2.05295817,  5.03678942,\n         1.23611736],\n       [ 4.85089345,  2.79803961,  1.55233579, -2.05316468,  5.03688712,\n         1.23597774],\n       [ 4.85082343,  2.79804467,  1.55264791, -2.05310499,  5.03696579,\n         1.23594822],\n       [ 4.85048249,  2.79793442,  1.55234785, -2.05279851,  5.03670674,\n         1.23598693],\n       [ 4.85089424,  2.79784678,  1.55239761, -2.0529213 ,  5.037223  ,\n         1.2363683 ],\n       [ 4.85077049,  2.79769282,  1.55253593, -2.05298352,  5.0366902 ,\n         1.23592155],\n       [ 4.85088798,  2.79823161,  1.55239988, -2.05286604,  5.03670126,\n         1.23591955]]), array([0.16326812, 0.16326814, 0.16326814, 0.16326814, 0.16326815,\n       0.16326816, 0.16326816]))", "callback": [0.8502589893295835, 0.6921586729294996, 0.6761740803140937, 0.6724235719377862, 0.6630400544413162, 0.6519045734856886, 0.6357644491277892, 0.6280395132863533, 0.6151822491029066, 0.6145149675459741, 0.6127757107115145, 0.6107953083297764, 0.6070745812464905, 0.5920515591312183, 0.525043977182217, 0.4892801012970093, 0.3622556012609319, 0.29978062655501647, 0.28449775230373286, 0.2688556137719229, 0.2648520396236623, 0.2594322691243143, 0.25844027533688185, 0.25815522114611233, 0.2580158982166898, 0.2579565161335482, 0.2579155027449931, 0.257819132796444, 0.2574224076930163, 0.2558757395663922, 0.24994581908448854, 0.2370799448927714, 0.22802759149171759, 0.21544374834144198, 0.2126311837453707, 0.21003615179825952, 0.20691622547015842, 0.19970301190815398, 0.1862998099596047, 0.16768177267057105, 0.16504178121711433, 0.16380214381819203, 0.16333927868614773, 0.16329263156698626, 0.16327376617235156, 0.16327006405734368, 0.16326851224431072, 0.1632682509166855, 0.1632681212386501]}, "7": {"maxiter": 500, "fatol": 1e-10, "xatol": 1e-10, "duration": 0.17205381393432617, "fun": "0.1632681212386501", "nit": "500", "nfev": "763", "status": "2", "success": "False", "message": "Maximum number of iterations has been exceeded.", "x": "[ 4.85077032  2.79797108  1.55242388 -2.05295817  5.03678942  1.23611736]", "final_simplex": "(array([[ 4.85077032,  2.79797108,  1.55242388, -2.05295817,  5.03678942,\n         1.23611736],\n       [ 4.85089345,  2.79803961,  1.55233579, -2.05316468,  5.03688712,\n         1.23597774],\n       [ 4.85082343,  2.79804467,  1.55264791, -2.05310499,  5.03696579,\n         1.23594822],\n       [ 4.85048249,  2.79793442,  1.55234785, -2.05279851,  5.03670674,\n         1.23598693],\n       [ 4.85089424,  2.79784678,  1.55239761, -2.0529213 ,  5.037223  ,\n         1.2363683 ],\n       [ 4.85077049,  2.79769282,  1.55253593, -2.05298352,  5.0366902 ,\n         1.23592155],\n       [ 4.85088798,  2.79823161,  1.55239988, -2.05286604,  5.03670126,\n         1.23591955]]), array([0.16326812, 0.16326814, 0.16326814, 0.16326814, 0.16326815,\n       0.16326816, 0.16326816]))", "callback": [0.8502589893295835, 0.6921586729294996, 0.6761740803140937, 0.6724235719377862, 0.6630400544413162, 0.6519045734856886, 0.6357644491277892, 0.6280395132863533, 0.6151822491029066, 0.6145149675459741, 0.6127757107115145, 0.6107953083297764, 0.6070745812464905, 0.5920515591312183, 0.525043977182217, 0.4892801012970093, 0.3622556012609319, 0.29978062655501647, 0.28449775230373286, 0.2688556137719229, 0.2648520396236623, 0.2594322691243143, 0.25844027533688185, 0.25815522114611233, 0.2580158982166898, 0.2579565161335482, 0.2579155027449931, 0.257819132796444, 0.2574224076930163, 0.2558757395663922, 0.24994581908448854, 0.2370799448927714, 0.22802759149171759, 0.21544374834144198, 0.2126311837453707, 0.21003615179825952, 0.20691622547015842, 0.19970301190815398, 0.1862998099596047, 0.16768177267057105, 0.16504178121711433, 0.16380214381819203, 0.16333927868614773, 0.16329263156698626, 0.16327376617235156, 0.16327006405734368, 0.16326851224431072, 0.1632682509166855, 0.1632681212386501]}, "8": {"maxiter": 1000, "fatol": 1e-05, "xatol": 1e-05, "duration": 0.2097301483154297, "fun": "0.1632680860162481", "nit": "591", "nfev": "911", "status": "0", "success": "True", "message": "Optimization terminated successfully.", "x": "[ 4.85057924  2.79788661  1.55246426 -2.05328489  5.03698803  1.23640942]", "final_simplex": "(array([[ 4.85057924,  2.79788661,  1.55246426, -2.05328489,  5.03698803,\n         1.23640942],\n       [ 4.85057924,  2.79789302,  1.55246626, -2.05328553,  5.03699012,\n         1.23641281],\n       [ 4.85057672,  2.79788828,  1.55246259, -2.05327857,  5.03699483,\n         1.23641207],\n       [ 4.85058137,  2.79789311,  1.55246084, -2.0532802 ,  5.03698847,\n         1.23641443],\n       [ 4.85057572,  2.79788722,  1.55245983, -2.05328358,  5.0369941 ,\n         1.2364158 ],\n       [ 4.85058441,  2.79788986,  1.55246513, -2.05328951,  5.03699701,\n         1.23641185],\n       [ 4.85058158,  2.7978917 ,  1.55245652, -2.05328604,  5.03698883,\n         1.23640508]]), array([0.16326809, 0.16326809, 0.16326809, 0.16326809, 0.16326809,\n       0.16326809, 0.16326809]))", "callback": [0.8502589893295835, 0.6921586729294996, 0.6761740803140937, 0.6724235719377862, 0.6630400544413162, 0.6519045734856886, 0.6357644491277892, 0.6280395132863533, 0.6151822491029066, 0.6145149675459741, 0.6127757107115145, 0.6107953083297764, 0.6070745812464905, 0.5920515591312183, 0.525043977182217, 0.4892801012970093, 0.3622556012609319, 0.29978062655501647, 0.28449775230373286, 0.2688556137719229, 0.2648520396236623, 0.2594322691243143, 0.25844027533688185, 0.25815522114611233, 0.2580158982166898, 0.2579565161335482, 0.2579155027449931, 0.257819132796444, 0.2574224076930163, 0.2558757395663922, 0.24994581908448854, 0.2370799448927714, 0.22802759149171759, 0.21544374834144198, 0.2126311837453707, 0.21003615179825952, 0.20691622547015842, 0.19970301190815398, 0.1862998099596047, 0.16768177267057105, 0.16504178121711433, 0.16380214381819203, 0.16333927868614773, 0.16329263156698626, 0.16327376617235156, 0.16327006405734368, 0.16326851224431072, 0.1632682509166855, 0.1632681212386501, 0.1632681212386501, 0.1632681039110936, 0.16326809953905674, 0.16326809511314666, 0.16326809146257648, 0.16326808723129838, 0.16326808617115063, 0.1632680861488729, 0.16326808603663467, 0.1632680860162481]}, "9": {"maxiter": 1000, "fatol": 1e-05, "xatol": 1e-10, "duration": 0.26377105712890625, "fun": "0.16326808601095055", "nit": "698", "nfev": "1144", "status": "0", "success": "True", "message": "Optimization terminated successfully.", "x": "[ 4.85057927  2.79789178  1.55246399 -2.05328195  5.03698919  1.23640785]", "final_simplex": "(array([[ 4.85057927,  2.79789178,  1.55246399, -2.05328195,  5.03698919,\n         1.23640785],\n       [ 4.85057927,  2.79789178,  1.55246399, -2.05328195,  5.03698919,\n         1.23640785],\n       [ 4.85057927,  2.79789178,  1.55246399, -2.05328195,  5.03698919,\n         1.23640785],\n       [ 4.85057927,  2.79789178,  1.55246399, -2.05328195,  5.03698919,\n         1.23640785],\n       [ 4.85057927,  2.79789178,  1.55246399, -2.05328195,  5.03698919,\n         1.23640785],\n       [ 4.85057927,  2.79789178,  1.55246399, -2.05328195,  5.03698919,\n         1.23640785],\n       [ 4.85057927,  2.79789178,  1.55246399, -2.05328195,  5.03698919,\n         1.23640785]]), array([0.16326809, 0.16326809, 0.16326809, 0.16326809, 0.16326809,\n       0.16326809, 0.16326809]))", "callback": [0.8502589893295835, 0.6921586729294996, 0.6761740803140937, 0.6724235719377862, 0.6630400544413162, 0.6519045734856886, 0.6357644491277892, 0.6280395132863533, 0.6151822491029066, 0.6145149675459741, 0.6127757107115145, 0.6107953083297764, 0.6070745812464905, 0.5920515591312183, 0.525043977182217, 0.4892801012970093, 0.3622556012609319, 0.29978062655501647, 0.28449775230373286, 0.2688556137719229, 0.2648520396236623, 0.2594322691243143, 0.25844027533688185, 0.25815522114611233, 0.2580158982166898, 0.2579565161335482, 0.2579155027449931, 0.257819132796444, 0.2574224076930163, 0.2558757395663922, 0.24994581908448854, 0.2370799448927714, 0.22802759149171759, 0.21544374834144198, 0.2126311837453707, 0.21003615179825952, 0.20691622547015842, 0.19970301190815398, 0.1862998099596047, 0.16768177267057105, 0.16504178121711433, 0.16380214381819203, 0.16333927868614773, 0.16329263156698626, 0.16327376617235156, 0.16327006405734368, 0.16326851224431072, 0.1632682509166855, 0.1632681212386501, 0.1632681212386501, 0.1632681039110936, 0.16326809953905674, 0.16326809511314666, 0.16326809146257648, 0.16326808723129838, 0.16326808617115063, 0.1632680861488729, 0.16326808603663467, 0.1632680860162481, 0.16326808601235054, 0.16326808601125053, 0.16326808601102782, 0.16326808601096543, 0.163268086010958, 0.16326808601095277, 0.163268086010951, 0.16326808601095066, 0.16326808601095055, 0.16326808601095055]}, "10": {"maxiter": 1000, "fatol": 1e-10, "xatol": 1e-05, "duration": 0.2081739902496338, "fun": "0.1632680860162481", "nit": "591", "nfev": "911", "status": "0", "success": "True", "message": "Optimization terminated successfully.", "x": "[ 4.85057924  2.79788661  1.55246426 -2.05328489  5.03698803  1.23640942]", "final_simplex": "(array([[ 4.85057924,  2.79788661,  1.55246426, -2.05328489,  5.03698803,\n         1.23640942],\n       [ 4.85057924,  2.79789302,  1.55246626, -2.05328553,  5.03699012,\n         1.23641281],\n       [ 4.85057672,  2.79788828,  1.55246259, -2.05327857,  5.03699483,\n         1.23641207],\n       [ 4.85058137,  2.79789311,  1.55246084, -2.0532802 ,  5.03698847,\n         1.23641443],\n       [ 4.85057572,  2.79788722,  1.55245983, -2.05328358,  5.0369941 ,\n         1.2364158 ],\n       [ 4.85058441,  2.79788986,  1.55246513, -2.05328951,  5.03699701,\n         1.23641185],\n       [ 4.85058158,  2.7978917 ,  1.55245652, -2.05328604,  5.03698883,\n         1.23640508]]), array([0.16326809, 0.16326809, 0.16326809, 0.16326809, 0.16326809,\n       0.16326809, 0.16326809]))", "callback": [0.8502589893295835, 0.6921586729294996, 0.6761740803140937, 0.6724235719377862, 0.6630400544413162, 0.6519045734856886, 0.6357644491277892, 0.6280395132863533, 0.6151822491029066, 0.6145149675459741, 0.6127757107115145, 0.6107953083297764, 0.6070745812464905, 0.5920515591312183, 0.525043977182217, 0.4892801012970093, 0.3622556012609319, 0.29978062655501647, 0.28449775230373286, 0.2688556137719229, 0.2648520396236623, 0.2594322691243143, 0.25844027533688185, 0.25815522114611233, 0.2580158982166898, 0.2579565161335482, 0.2579155027449931, 0.257819132796444, 0.2574224076930163, 0.2558757395663922, 0.24994581908448854, 0.2370799448927714, 0.22802759149171759, 0.21544374834144198, 0.2126311837453707, 0.21003615179825952, 0.20691622547015842, 0.19970301190815398, 0.1862998099596047, 0.16768177267057105, 0.16504178121711433, 0.16380214381819203, 0.16333927868614773, 0.16329263156698626, 0.16327376617235156, 0.16327006405734368, 0.16326851224431072, 0.1632682509166855, 0.1632681212386501, 0.1632681212386501, 0.1632681039110936, 0.16326809953905674, 0.16326809511314666, 0.16326809146257648, 0.16326808723129838, 0.16326808617115063, 0.1632680861488729, 0.16326808603663467, 0.1632680860162481]}, "11": {"maxiter": 1000, "fatol": 1e-10, "xatol": 1e-10, "duration": 0.25214195251464844, "fun": "0.16326808601095055", "nit": "698", "nfev": "1144", "status": "0", "success": "True", "message": "Optimization terminated successfully.", "x": "[ 4.85057927  2.79789178  1.55246399 -2.05328195  5.03698919  1.23640785]", "final_simplex": "(array([[ 4.85057927,  2.79789178,  1.55246399, -2.05328195,  5.03698919,\n         1.23640785],\n       [ 4.85057927,  2.79789178,  1.55246399, -2.05328195,  5.03698919,\n         1.23640785],\n       [ 4.85057927,  2.79789178,  1.55246399, -2.05328195,  5.03698919,\n         1.23640785],\n       [ 4.85057927,  2.79789178,  1.55246399, -2.05328195,  5.03698919,\n         1.23640785],\n       [ 4.85057927,  2.79789178,  1.55246399, -2.05328195,  5.03698919,\n         1.23640785],\n       [ 4.85057927,  2.79789178,  1.55246399, -2.05328195,  5.03698919,\n         1.23640785],\n       [ 4.85057927,  2.79789178,  1.55246399, -2.05328195,  5.03698919,\n         1.23640785]]), array([0.16326809, 0.16326809, 0.16326809, 0.16326809, 0.16326809,\n       0.16326809, 0.16326809]))", "callback": [0.8502589893295835, 0.6921586729294996, 0.6761740803140937, 0.6724235719377862, 0.6630400544413162, 0.6519045734856886, 0.6357644491277892, 0.6280395132863533, 0.6151822491029066, 0.6145149675459741, 0.6127757107115145, 0.6107953083297764, 0.6070745812464905, 0.5920515591312183, 0.525043977182217, 0.4892801012970093, 0.3622556012609319, 0.29978062655501647, 0.28449775230373286, 0.2688556137719229, 0.2648520396236623, 0.2594322691243143, 0.25844027533688185, 0.25815522114611233, 0.2580158982166898, 0.2579565161335482, 0.2579155027449931, 0.257819132796444, 0.2574224076930163, 0.2558757395663922, 0.24994581908448854, 0.2370799448927714, 0.22802759149171759, 0.21544374834144198, 0.2126311837453707, 0.21003615179825952, 0.20691622547015842, 0.19970301190815398, 0.1862998099596047, 0.16768177267057105, 0.16504178121711433, 0.16380214381819203, 0.16333927868614773, 0.16329263156698626, 0.16327376617235156, 0.16327006405734368, 0.16326851224431072, 0.1632682509166855, 0.1632681212386501, 0.1632681212386501, 0.1632681039110936, 0.16326809953905674, 0.16326809511314666, 0.16326809146257648, 0.16326808723129838, 0.16326808617115063, 0.1632680861488729, 0.16326808603663467, 0.1632680860162481, 0.16326808601235054, 0.16326808601125053, 0.16326808601102782, 0.16326808601096543, 0.163268086010958, 0.16326808601095277, 0.163268086010951, 0.16326808601095066, 0.16326808601095055, 0.16326808601095055]}}, "bfgs": {"type": "gradient", "0": {"maxiter": 100, "gtol": 1e-05, "xrtol": 1e-05, "eps": 1e-05, "duration": 0.0549159049987793, "fun": "0.16326808610070676", "jac": "[ 2.97195601e-07 -3.81702447e-06  2.78164158e-06  5.43749490e-06\n -2.55491184e-06  4.20004032e-06]", "hess_inv": "[[ 3.19289803e+00 -5.05354302e-01 -1.01101894e-01  2.99753959e-01\n  -4.54912618e-01 -3.44363914e-01]\n [-5.05354302e-01  3.82383022e+00 -2.01206311e-01  8.34624762e-01\n  -3.57363528e-01 -7.13412988e-01]\n [-1.01101894e-01 -2.01206311e-01  2.57841097e+00  1.55409794e-03\n   2.50065457e-01 -8.24054212e-02]\n [ 2.99753959e-01  8.34624762e-01  1.55409794e-03  2.88392278e+00\n  -7.41091111e-01 -6.78722468e-01]\n [-4.54912618e-01 -3.57363528e-01  2.50065457e-01 -7.41091111e-01\n   4.67534508e+00  2.77204138e+00]\n [-3.44363914e-01 -7.13412988e-01 -8.24054212e-02 -6.78722468e-01\n   2.77204138e+00  4.35704058e+00]]", "nfev": "238", "njev": "34", "status": "0", "success": "True", "message": "Optimization terminated successfully.", "x": "[ 1.43260697 -0.34371751 -1.58912711 -2.05327456  5.03697375  1.23640722]", "nit": "22", "callback": [0.3038841287254057, 0.16326843994784923]}, "1": {"maxiter": 100, "gtol": 1e-05, "xrtol": 1e-05, "eps": 1e-10, "duration": 0.053748130798339844, "fun": "0.16326808606387289", "jac": "[ 0.00000000e+00 -1.11022293e-06  3.33066880e-06  2.22044587e-06\n  0.00000000e+00  3.33066880e-06]", "hess_inv": "[[ 3.20584447 -0.50176779 -0.10223186  0.30459161 -0.45473693 -0.32891957]\n [-0.50176779  3.81157254 -0.17263785  0.84656593 -0.3512568  -0.68611226]\n [-0.10223186 -0.17263785  2.58417377 -0.00508485  0.25034376 -0.09884385]\n [ 0.30459161  0.84656593 -0.00508485  2.90861326 -0.76411534 -0.68549887]\n [-0.45473693 -0.3512568   0.25034376 -0.76411534  4.69670532  2.78539155]\n [-0.32891957 -0.68611226 -0.09884385 -0.68549887  2.78539155  4.35128677]]", "nfev": "238", "njev": "34", "status": "0", "success": "True", "message": "Optimization terminated successfully.", "x": "[ 1.43261635 -0.34370531 -1.58912536 -2.0532717   5.03698828  1.23641513]", "nit": "22", "callback": [0.30366494798161336, 0.16326844809564467]}, "2": {"maxiter": 100, "gtol": 1e-05, "xrtol": 1e-10, "eps": 1e-05, "duration": 0.05507183074951172, "fun": "0.16326808610070676", "jac": "[ 2.97195601e-07 -3.81702447e-06  2.78164158e-06  5.43749490e-06\n -2.55491184e-06  4.20004032e-06]", "hess_inv": "[[ 3.19289803e+00 -5.05354302e-01 -1.01101894e-01  2.99753959e-01\n  -4.54912618e-01 -3.44363914e-01]\n [-5.05354302e-01  3.82383022e+00 -2.01206311e-01  8.34624762e-01\n  -3.57363528e-01 -7.13412988e-01]\n [-1.01101894e-01 -2.01206311e-01  2.57841097e+00  1.55409794e-03\n   2.50065457e-01 -8.24054212e-02]\n [ 2.99753959e-01  8.34624762e-01  1.55409794e-03  2.88392278e+00\n  -7.41091111e-01 -6.78722468e-01]\n [-4.54912618e-01 -3.57363528e-01  2.50065457e-01 -7.41091111e-01\n   4.67534508e+00  2.77204138e+00]\n [-3.44363914e-01 -7.13412988e-01 -8.24054212e-02 -6.78722468e-01\n   2.77204138e+00  4.35704058e+00]]", "nfev": "238", "njev": "34", "status": "0", "success": "True", "message": "Optimization terminated successfully.", "x": "[ 1.43260697 -0.34371751 -1.58912711 -2.05327456  5.03697375  1.23640722]", "nit": "22", "callback": [0.3038841287254057, 0.16326843994784923]}, "3": {"maxiter": 100, "gtol": 1e-05, "xrtol": 1e-10, "eps": 1e-10, "duration": 0.054953813552856445, "fun": "0.16326808606387289", "jac": "[ 0.00000000e+00 -1.11022293e-06  3.33066880e-06  2.22044587e-06\n  0.00000000e+00  3.33066880e-06]", "hess_inv": "[[ 3.20584447 -0.50176779 -0.10223186  0.30459161 -0.45473693 -0.32891957]\n [-0.50176779  3.81157254 -0.17263785  0.84656593 -0.3512568  -0.68611226]\n [-0.10223186 -0.17263785  2.58417377 -0.00508485  0.25034376 -0.09884385]\n [ 0.30459161  0.84656593 -0.00508485  2.90861326 -0.76411534 -0.68549887]\n [-0.45473693 -0.3512568   0.25034376 -0.76411534  4.69670532  2.78539155]\n [-0.32891957 -0.68611226 -0.09884385 -0.68549887  2.78539155  4.35128677]]", "nfev": "238", "njev": "34", "status": "0", "success": "True", "message": "Optimization terminated successfully.", "x": "[ 1.43261635 -0.34370531 -1.58912536 -2.0532717   5.03698828  1.23641513]", "nit": "22", "callback": [0.30366494798161336, 0.16326844809564467]}, "4": {"maxiter": 100, "gtol": 1e-10, "xrtol": 1e-05, "eps": 1e-05, "duration": 0.05607008934020996, "fun": "0.16326808604639864", "jac": "[ 1.48658863e-08 -1.03561604e-07  8.62865335e-08  3.72257780e-08\n -1.30473410e-07 -2.41584530e-08]", "hess_inv": "[[ 3.21957857 -0.52830023 -0.12418224  0.34063871 -0.49463667 -0.3244577 ]\n [-0.52830023  3.76571372 -0.09623007  0.84546842 -0.2947076  -0.67311604]\n [-0.12418224 -0.09623007  2.50529436 -0.08411909  0.25327411 -0.16240857]\n [ 0.34063871  0.84546842 -0.08411909  2.91938693 -0.81880091 -0.68214885]\n [-0.49463667 -0.2947076   0.25327411 -0.81880091  4.72406155  2.72138971]\n [-0.3244577  -0.67311604 -0.16240857 -0.68214885  2.72138971  4.32954615]]", "nfev": "245", "njev": "35", "status": "0", "success": "True", "message": "Optimization terminated successfully.", "x": "[ 1.43260259 -0.34370523 -1.58913262 -2.0532863   5.03697716  1.23639768]", "nit": "23", "callback": [0.3038841287254057, 0.16326843994784923]}, "5": {"maxiter": 100, "gtol": 1e-10, "xrtol": 1e-05, "eps": 1e-10, "duration": 0.05677175521850586, "fun": "0.16326808603971243", "jac": "[ 3.33066880e-06  0.00000000e+00  0.00000000e+00  1.11022293e-06\n -2.22044587e-06 -2.22044587e-06]", "hess_inv": "[[ 3.21521944 -0.5157264  -0.09496188  0.32653279 -0.44626232 -0.289314  ]\n [-0.5157264   3.79458969 -0.12445312  0.83918938 -0.30231652 -0.64741657]\n [-0.09496188 -0.12445312  2.49761021 -0.02758893  0.16073134 -0.22073202]\n [ 0.32653279  0.83918938 -0.02758893  2.94302609 -0.78550728 -0.65821298]\n [-0.44626232 -0.30231652  0.16073134 -0.78550728  4.60402676  2.66200024]\n [-0.289314   -0.64741657 -0.22073202 -0.65821298  2.66200024  4.2660368 ]]", "nfev": "245", "njev": "35", "status": "0", "success": "True", "message": "Optimization terminated successfully.", "x": "[ 1.43261633 -0.34370039 -1.58913302 -2.05327502  5.03698029  1.2364024 ]", "nit": "23", "callback": [0.30366494798161336, 0.16326844809564467]}, "6": {"maxiter": 100, "gtol": 1e-10, "xrtol": 1e-10, "eps": 1e-05, "duration": 0.06168222427368164, "fun": "0.16326808604476795", "jac": "[-6.66133815e-11  1.11022302e-11  0.00000000e+00 -2.22044605e-11\n  0.00000000e+00  0.00000000e+00]", "hess_inv": "[[ 3.18428913 -0.4460112  -0.09578295  0.37223918 -0.53986226 -0.32397351]\n [-0.4460112   3.57069181 -0.15800691  0.77003734 -0.19470305 -0.66981985]\n [-0.09578295 -0.15800691  2.53730605 -0.11128972  0.13575916 -0.23773824]\n [ 0.37223918  0.77003734 -0.11128972  2.90027202 -0.76406443 -0.66762744]\n [-0.53986226 -0.19470305  0.13575916 -0.76406443  5.08760124  2.91601233]\n [-0.32397351 -0.66981985 -0.23773824 -0.66762744  2.91601233  4.40651368]]", "nfev": "266", "njev": "38", "status": "0", "success": "True", "message": "Optimization terminated successfully.", "x": "[ 1.43260242 -0.34370492 -1.58913284 -2.05328646  5.03697789  1.23639814]", "nit": "26", "callback": [0.3038841287254057, 0.16326843994784923]}, "7": {"maxiter": 100, "gtol": 1e-10, "xrtol": 1e-10, "eps": 1e-10, "duration": 0.14604401588439941, "fun": "0.1632680860125697", "jac": "[-2.22044587e-06  0.00000000e+00  0.00000000e+00  0.00000000e+00\n -1.11022293e-06  2.22044587e-06]", "hess_inv": "[[ 0.00860645  0.01562698 -0.01685741 -0.00037326 -0.01800971 -0.00168152]\n [ 0.01562698  0.03804815 -0.03647229  0.00090097 -0.04115105 -0.00620672]\n [-0.01685741 -0.03647229  0.03850625 -0.0002416   0.03975738  0.00395936]\n [-0.00037326  0.00090097 -0.0002416   0.00088935 -0.00092466 -0.00087099]\n [-0.01800971 -0.04115105  0.03975738 -0.00092466  0.04588549  0.00701468]\n [-0.00168152 -0.00620672  0.00395936 -0.00087099  0.00701468  0.00273114]]", "nfev": "637", "njev": "91", "status": "0", "success": "True", "message": "Optimization terminated successfully.", "x": "[ 1.43260532 -0.34370287 -1.58912812 -2.05328053  5.03698849  1.23640814]", "nit": "47", "callback": [0.30366494798161336, 0.16326844809564467, 0.16326808601393206, 0.16326808601264886]}, "8": {"maxiter": 500, "gtol": 1e-05, "xrtol": 1e-05, "eps": 1e-05, "duration": 0.05638384819030762, "fun": "0.16326808610070676", "jac": "[ 2.97195601e-07 -3.81702447e-06  2.78164158e-06  5.43749490e-06\n -2.55491184e-06  4.20004032e-06]", "hess_inv": "[[ 3.19289803e+00 -5.05354302e-01 -1.01101894e-01  2.99753959e-01\n  -4.54912618e-01 -3.44363914e-01]\n [-5.05354302e-01  3.82383022e+00 -2.01206311e-01  8.34624762e-01\n  -3.57363528e-01 -7.13412988e-01]\n [-1.01101894e-01 -2.01206311e-01  2.57841097e+00  1.55409794e-03\n   2.50065457e-01 -8.24054212e-02]\n [ 2.99753959e-01  8.34624762e-01  1.55409794e-03  2.88392278e+00\n  -7.41091111e-01 -6.78722468e-01]\n [-4.54912618e-01 -3.57363528e-01  2.50065457e-01 -7.41091111e-01\n   4.67534508e+00  2.77204138e+00]\n [-3.44363914e-01 -7.13412988e-01 -8.24054212e-02 -6.78722468e-01\n   2.77204138e+00  4.35704058e+00]]", "nfev": "238", "njev": "34", "status": "0", "success": "True", "message": "Optimization terminated successfully.", "x": "[ 1.43260697 -0.34371751 -1.58912711 -2.05327456  5.03697375  1.23640722]", "nit": "22", "callback": [0.3038841287254057, 0.16326843994784923]}, "9": {"maxiter": 500, "gtol": 1e-05, "xrtol": 1e-05, "eps": 1e-10, "duration": 0.05504202842712402, "fun": "0.16326808606387289", "jac": "[ 0.00000000e+00 -1.11022293e-06  3.33066880e-06  2.22044587e-06\n  0.00000000e+00  3.33066880e-06]", "hess_inv": "[[ 3.20584447 -0.50176779 -0.10223186  0.30459161 -0.45473693 -0.32891957]\n [-0.50176779  3.81157254 -0.17263785  0.84656593 -0.3512568  -0.68611226]\n [-0.10223186 -0.17263785  2.58417377 -0.00508485  0.25034376 -0.09884385]\n [ 0.30459161  0.84656593 -0.00508485  2.90861326 -0.76411534 -0.68549887]\n [-0.45473693 -0.3512568   0.25034376 -0.76411534  4.69670532  2.78539155]\n [-0.32891957 -0.68611226 -0.09884385 -0.68549887  2.78539155  4.35128677]]", "nfev": "238", "njev": "34", "status": "0", "success": "True", "message": "Optimization terminated successfully.", "x": "[ 1.43261635 -0.34370531 -1.58912536 -2.0532717   5.03698828  1.23641513]", "nit": "22", "callback": [0.30366494798161336, 0.16326844809564467]}, "10": {"maxiter": 500, "gtol": 1e-05, "xrtol": 1e-10, "eps": 1e-05, "duration": 0.05373811721801758, "fun": "0.16326808610070676", "jac": "[ 2.97195601e-07 -3.81702447e-06  2.78164158e-06  5.43749490e-06\n -2.55491184e-06  4.20004032e-06]", "hess_inv": "[[ 3.19289803e+00 -5.05354302e-01 -1.01101894e-01  2.99753959e-01\n  -4.54912618e-01 -3.44363914e-01]\n [-5.05354302e-01  3.82383022e+00 -2.01206311e-01  8.34624762e-01\n  -3.57363528e-01 -7.13412988e-01]\n [-1.01101894e-01 -2.01206311e-01  2.57841097e+00  1.55409794e-03\n   2.50065457e-01 -8.24054212e-02]\n [ 2.99753959e-01  8.34624762e-01  1.55409794e-03  2.88392278e+00\n  -7.41091111e-01 -6.78722468e-01]\n [-4.54912618e-01 -3.57363528e-01  2.50065457e-01 -7.41091111e-01\n   4.67534508e+00  2.77204138e+00]\n [-3.44363914e-01 -7.13412988e-01 -8.24054212e-02 -6.78722468e-01\n   2.77204138e+00  4.35704058e+00]]", "nfev": "238", "njev": "34", "status": "0", "success": "True", "message": "Optimization terminated successfully.", "x": "[ 1.43260697 -0.34371751 -1.58912711 -2.05327456  5.03697375  1.23640722]", "nit": "22", "callback": [0.3038841287254057, 0.16326843994784923]}, "11": {"maxiter": 500, "gtol": 1e-05, "xrtol": 1e-10, "eps": 1e-10, "duration": 0.05424094200134277, "fun": "0.16326808606387289", "jac": "[ 0.00000000e+00 -1.11022293e-06  3.33066880e-06  2.22044587e-06\n  0.00000000e+00  3.33066880e-06]", "hess_inv": "[[ 3.20584447 -0.50176779 -0.10223186  0.30459161 -0.45473693 -0.32891957]\n [-0.50176779  3.81157254 -0.17263785  0.84656593 -0.3512568  -0.68611226]\n [-0.10223186 -0.17263785  2.58417377 -0.00508485  0.25034376 -0.09884385]\n [ 0.30459161  0.84656593 -0.00508485  2.90861326 -0.76411534 -0.68549887]\n [-0.45473693 -0.3512568   0.25034376 -0.76411534  4.69670532  2.78539155]\n [-0.32891957 -0.68611226 -0.09884385 -0.68549887  2.78539155  4.35128677]]", "nfev": "238", "njev": "34", "status": "0", "success": "True", "message": "Optimization terminated successfully.", "x": "[ 1.43261635 -0.34370531 -1.58912536 -2.0532717   5.03698828  1.23641513]", "nit": "22", "callback": [0.30366494798161336, 0.16326844809564467]}, "12": {"maxiter": 500, "gtol": 1e-10, "xrtol": 1e-05, "eps": 1e-05, "duration": 0.056188106536865234, "fun": "0.16326808604639864", "jac": "[ 1.48658863e-08 -1.03561604e-07  8.62865335e-08  3.72257780e-08\n -1.30473410e-07 -2.41584530e-08]", "hess_inv": "[[ 3.21957857 -0.52830023 -0.12418224  0.34063871 -0.49463667 -0.3244577 ]\n [-0.52830023  3.76571372 -0.09623007  0.84546842 -0.2947076  -0.67311604]\n [-0.12418224 -0.09623007  2.50529436 -0.08411909  0.25327411 -0.16240857]\n [ 0.34063871  0.84546842 -0.08411909  2.91938693 -0.81880091 -0.68214885]\n [-0.49463667 -0.2947076   0.25327411 -0.81880091  4.72406155  2.72138971]\n [-0.3244577  -0.67311604 -0.16240857 -0.68214885  2.72138971  4.32954615]]", "nfev": "245", "njev": "35", "status": "0", "success": "True", "message": "Optimization terminated successfully.", "x": "[ 1.43260259 -0.34370523 -1.58913262 -2.0532863   5.03697716  1.23639768]", "nit": "23", "callback": [0.3038841287254057, 0.16326843994784923]}, "13": {"maxiter": 500, "gtol": 1e-10, "xrtol": 1e-05, "eps": 1e-10, "duration": 0.05539107322692871, "fun": "0.16326808603971243", "jac": "[ 3.33066880e-06  0.00000000e+00  0.00000000e+00  1.11022293e-06\n -2.22044587e-06 -2.22044587e-06]", "hess_inv": "[[ 3.21521944 -0.5157264  -0.09496188  0.32653279 -0.44626232 -0.289314  ]\n [-0.5157264   3.79458969 -0.12445312  0.83918938 -0.30231652 -0.64741657]\n [-0.09496188 -0.12445312  2.49761021 -0.02758893  0.16073134 -0.22073202]\n [ 0.32653279  0.83918938 -0.02758893  2.94302609 -0.78550728 -0.65821298]\n [-0.44626232 -0.30231652  0.16073134 -0.78550728  4.60402676  2.66200024]\n [-0.289314   -0.64741657 -0.22073202 -0.65821298  2.66200024  4.2660368 ]]", "nfev": "245", "njev": "35", "status": "0", "success": "True", "message": "Optimization terminated successfully.", "x": "[ 1.43261633 -0.34370039 -1.58913302 -2.05327502  5.03698029  1.2364024 ]", "nit": "23", "callback": [0.30366494798161336, 0.16326844809564467]}, "14": {"maxiter": 500, "gtol": 1e-10, "xrtol": 1e-10, "eps": 1e-05, "duration": 0.06064105033874512, "fun": "0.16326808604476795", "jac": "[-6.66133815e-11  1.11022302e-11  0.00000000e+00 -2.22044605e-11\n  0.00000000e+00  0.00000000e+00]", "hess_inv": "[[ 3.18428913 -0.4460112  -0.09578295  0.37223918 -0.53986226 -0.32397351]\n [-0.4460112   3.57069181 -0.15800691  0.77003734 -0.19470305 -0.66981985]\n [-0.09578295 -0.15800691  2.53730605 -0.11128972  0.13575916 -0.23773824]\n [ 0.37223918  0.77003734 -0.11128972  2.90027202 -0.76406443 -0.66762744]\n [-0.5398