{"date": "2024/10/07/, 08:40:30", "conf_id": 0, "data_type": "random\n", "num_data_points": 1, "s_rank": 1, "unitary": "[[-0.45070455-0.02711853j,0.78437395-0.06613086j,0.06358678+0.19963393j,-0.07343613+0.35668523j],[-0.01890143-0.03813363j,0.32408202+0.25557629j,0.05872864-0.68979805j,0.55466693-0.20227297j],[-0.11215405+0.64023111j,-0.13344055+0.29565494j,-0.49012687-0.19046288j,-0.04241254+0.44046348j],[0.55771659+0.24656916j,0.31851997-0.05798805j,0.28761525-0.34294258j,-0.56718418+0.03616933j]]", "databatch_0": {"databatch": "[[[0.09314128-0.12946863j,0.39382838-0.19799267j,0.05133879+0.12112185j,0.08106995-0.04021906j],[0.07622026-0.09754417j,0.31152873-0.14143589j,0.03608905+0.09551662j,0.06411194-0.02869752j],[0.11804856-0.19626647j,0.54031288-0.32976236j,0.08774511+0.16729872j,0.1112873-0.06711204j],[-0.01827577+0.10086995j,-0.17383409+0.2237231j,-0.06326177-0.05610261j,-0.03593256+0.04574145j]]]", "initial param values": "[5.42915944,1.60517216,2.31492736,5.12709669,1.44271333,3.1093414]", "nelder_mead": {"type": "gradient-free", "0": {"maxiter": 100, "fatol": 1e-05, "xatol": 1e-05, "duration": 0.049111127853393555, "fun": "0.07388090639475298", "nit": "100", "nfev": "158", "status": "2", "success": "False", "message": "Maximum number of iterations has been exceeded.", "x": "[7.81741481 1.15631457 1.75633731 3.74210299 1.16167579 1.96090404]", "final_simplex": "(array([[7.81741481, 1.15631457, 1.75633731, 3.74210299, 1.16167579,\n        1.96090404],\n       [7.79840376, 1.15832861, 1.7337455 , 3.79555645, 1.17522408,\n        1.96909656],\n       [7.73645181, 1.16333754, 1.81322327, 3.76147592, 1.16373144,\n        2.06613564],\n       [7.80579056, 1.16375597, 1.73888974, 3.74542856, 1.16795647,\n        1.98366809],\n       [7.77689604, 1.18625775, 1.74883595, 3.75704162, 1.19840107,\n        2.01741164],\n       [7.76692275, 1.15015166, 1.77648396, 3.76114704, 1.15406401,\n        1.95535898],\n       [7.74360159, 1.20041272, 1.77990557, 3.76401862, 1.20165356,\n        2.07950308]]), array([0.07388091, 0.07394717, 0.07400323, 0.07405828, 0.07407039,\n       0.0741471 , 0.0741603 ]))", "callback": [0.4671808854004118, 0.20105843753195252, 0.17431289299791386, 0.1535178975880327, 0.13710415207907245, 0.12745081453194773, 0.11561558281026807, 0.08182976549136056, 0.07615027002617347, 0.07400323349225046]}, "1": {"maxiter": 100, "fatol": 1e-05, "xatol": 1e-10, "duration": 0.04416489601135254, "fun": "0.07388090639475298", "nit": "100", "nfev": "158", "status": "2", "success": "False", "message": "Maximum number of iterations has been exceeded.", "x": "[7.81741481 1.15631457 1.75633731 3.74210299 1.16167579 1.96090404]", "final_simplex": "(array([[7.81741481, 1.15631457, 1.75633731, 3.74210299, 1.16167579,\n        1.96090404],\n       [7.79840376, 1.15832861, 1.7337455 , 3.79555645, 1.17522408,\n        1.96909656],\n       [7.73645181, 1.16333754, 1.81322327, 3.76147592, 1.16373144,\n        2.06613564],\n       [7.80579056, 1.16375597, 1.73888974, 3.74542856, 1.16795647,\n        1.98366809],\n       [7.77689604, 1.18625775, 1.74883595, 3.75704162, 1.19840107,\n        2.01741164],\n       [7.76692275, 1.15015166, 1.77648396, 3.76114704, 1.15406401,\n        1.95535898],\n       [7.74360159, 1.20041272, 1.77990557, 3.76401862, 1.20165356,\n        2.07950308]]), array([0.07388091, 0.07394717, 0.07400323, 0.07405828, 0.07407039,\n       0.0741471 , 0.0741603 ]))", "callback": [0.4671808854004118, 0.20105843753195252, 0.17431289299791386, 0.1535178975880327, 0.13710415207907245, 0.12745081453194773, 0.11561558281026807, 0.08182976549136056, 0.07615027002617347, 0.07400323349225046]}, "2": {"maxiter": 100, "fatol": 1e-10, "xatol": 1e-05, "duration": 0.04445290565490723, "fun": "0.07388090639475298", "nit": "100", "nfev": "158", "status": "2", "success": "False", "message": "Maximum number of iterations has been exceeded.", "x": "[7.81741481 1.15631457 1.75633731 3.74210299 1.16167579 1.96090404]", "final_simplex": "(array([[7.81741481, 1.15631457, 1.75633731, 3.74210299, 1.16167579,\n        1.96090404],\n       [7.79840376, 1.15832861, 1.7337455 , 3.79555645, 1.17522408,\n        1.96909656],\n       [7.73645181, 1.16333754, 1.81322327, 3.76147592, 1.16373144,\n        2.06613564],\n       [7.80579056, 1.16375597, 1.73888974, 3.74542856, 1.16795647,\n        1.98366809],\n       [7.77689604, 1.18625775, 1.74883595, 3.75704162, 1.19840107,\n        2.01741164],\n       [7.76692275, 1.15015166, 1.77648396, 3.76114704, 1.15406401,\n        1.95535898],\n       [7.74360159, 1.20041272, 1.77990557, 3.76401862, 1.20165356,\n        2.07950308]]), array([0.07388091, 0.07394717, 0.07400323, 0.07405828, 0.07407039,\n       0.0741471 , 0.0741603 ]))", "callback": [0.4671808854004118, 0.20105843753195252, 0.17431289299791386, 0.1535178975880327, 0.13710415207907245, 0.12745081453194773, 0.11561558281026807, 0.08182976549136056, 0.07615027002617347, 0.07400323349225046]}, "3": {"maxiter": 100, "fatol": 1e-10, "xatol": 1e-10, "duration": 0.044074058532714844, "fun": "0.07388090639475298", "nit": "100", "nfev": "158", "status": "2", "success": "False", "message": "Maximum number of iterations has been exceeded.", "x": "[7.81741481 1.15631457 1.75633731 3.74210299 1.16167579 1.96090404]", "final_simplex": "(array([[7.81741481, 1.15631457, 1.75633731, 3.74210299, 1.16167579,\n        1.96090404],\n       [7.79840376, 1.15832861, 1.7337455 , 3.79555645, 1.17522408,\n        1.96909656],\n       [7.73645181, 1.16333754, 1.81322327, 3.76147592, 1.16373144,\n        2.06613564],\n       [7.80579056, 1.16375597, 1.73888974, 3.74542856, 1.16795647,\n        1.98366809],\n       [7.77689604, 1.18625775, 1.74883595, 3.75704162, 1.19840107,\n        2.01741164],\n       [7.76692275, 1.15015166, 1.77648396, 3.76114704, 1.15406401,\n        1.95535898],\n       [7.74360159, 1.20041272, 1.77990557, 3.76401862, 1.20165356,\n        2.07950308]]), array([0.07388091, 0.07394717, 0.07400323, 0.07405828, 0.07407039,\n       0.0741471 , 0.0741603 ]))", "callback": [0.4671808854004118, 0.20105843753195252, 0.17431289299791386, 0.1535178975880327, 0.13710415207907245, 0.12745081453194773, 0.11561558281026807, 0.08182976549136056, 0.07615027002617347, 0.07400323349225046]}, "4": {"maxiter": 500, "fatol": 1e-05, "xatol": 1e-05, "duration": 0.13451504707336426, "fun": "0.07363486373766148", "nit": "291", "nfev": "469", "status": "0", "success": "True", "message": "Optimization terminated successfully.", "x": "[7.76891322 1.14764321 1.79353806 3.74328464 1.18877142 2.04301439]", "final_simplex": "(array([[7.76891322, 1.14764321, 1.79353806, 3.74328464, 1.18877142,\n        2.04301439],\n       [7.76890428, 1.14764211, 1.79354242, 3.74328379, 1.18877181,\n        2.04302303],\n       [7.76891089, 1.14764311, 1.79353777, 3.74328461, 1.18877338,\n        2.04301712],\n       [7.76890812, 1.14764094, 1.79354114, 3.74328346, 1.18877182,\n        2.04301913],\n       [7.76891184, 1.14764336, 1.79353739, 3.74328565, 1.18877368,\n        2.04301841],\n       [7.76891401, 1.14764267, 1.79353699, 3.74328638, 1.18877126,\n        2.04301181],\n       [7.76891146, 1.14764293, 1.79353978, 3.74328254, 1.18877397,\n        2.04301946]]), array([0.07363486, 0.07363486, 0.07363486, 0.07363486, 0.07363486,\n       0.07363486, 0.07363486]))", "callback": [0.4671808854004118, 0.20105843753195252, 0.17431289299791386, 0.1535178975880327, 0.13710415207907245, 0.12745081453194773, 0.11561558281026807, 0.08182976549136056, 0.07615027002617347, 0.07400323349225046, 0.07388090639475298, 0.07377176673492192, 0.07373086794908201, 0.07372316579601934, 0.07371094608245587, 0.07368428532880322, 0.07364211045417146, 0.07363739331288766, 0.07363543735338962, 0.07363496380891776, 0.07363489710933602, 0.07363486958377996, 0.07363486563917254, 0.0736348642359087, 0.07363486390997886, 0.07363486376852513, 0.0736348637520392, 0.07363486374414052, 0.07363486373815076, 0.07363486373766148]}, "5": {"maxiter": 500, "fatol": 1e-05, "xatol": 1e-10, "duration": 0.1879870891571045, "fun": "0.07363486373741823", "nit": "378", "nfev": "674", "status": "0", "success": "True", "message": "Optimization terminated successfully.", "x": "[7.76891001 1.14764276 1.79353954 3.7432843  1.18877222 2.04301816]", "final_simplex": "(array([[7.76891001, 1.14764276, 1.79353954, 3.7432843 , 1.18877222,\n        2.04301816],\n       [7.76891001, 1.14764276, 1.79353954, 3.7432843 , 1.18877222,\n        2.04301816],\n       [7.76891001, 1.14764276, 1.79353954, 3.7432843 , 1.18877222,\n        2.04301816],\n       [7.76891001, 1.14764276, 1.79353954, 3.7432843 , 1.18877222,\n        2.04301816],\n       [7.76891001, 1.14764276, 1.79353954, 3.7432843 , 1.18877222,\n        2.04301816],\n       [7.76891001, 1.14764276, 1.79353954, 3.7432843 , 1.18877222,\n        2.04301816],\n       [7.76891001, 1.14764276, 1.79353954, 3.7432843 , 1.18877222,\n        2.04301816]]), array([0.07363486, 0.07363486, 0.07363486, 0.07363486, 0.07363486,\n       0.07363486, 0.07363486]))", "callback": [0.4671808854004118, 0.20105843753195252, 0.17431289299791386, 0.1535178975880327, 0.13710415207907245, 0.12745081453194773, 0.11561558281026807, 0.08182976549136056, 0.07615027002617347, 0.07400323349225046, 0.07388090639475298, 0.07377176673492192, 0.07373086794908201, 0.07372316579601934, 0.07371094608245587, 0.07368428532880322, 0.07364211045417146, 0.07363739331288766, 0.07363543735338962, 0.07363496380891776, 0.07363489710933602, 0.07363486958377996, 0.07363486563917254, 0.0736348642359087, 0.07363486390997886, 0.07363486376852513, 0.0736348637520392, 0.07363486374414052, 0.07363486373815076, 0.07363486373758366, 0.07363486373744998, 0.07363486373742623, 0.07363486373742067, 0.07363486373741912, 0.07363486373741845, 0.07363486373741845, 0.07363486373741823, 0.07363486373741823]}, "6": {"maxiter": 500, "fatol": 1e-10, "xatol": 1e-05, "duration": 0.1348121166229248, "fun": "0.07363486373766148", "nit": "291", "nfev": "469", "status": "0", "success": "True", "message": "Optimization terminated successfully.", "x": "[7.76891322 1.14764321 1.79353806 3.74328464 1.18877142 2.04301439]", "final_simplex": "(array([[7.76891322, 1.14764321, 1.79353806, 3.74328464, 1.18877142,\n        2.04301439],\n       [7.76890428, 1.14764211, 1.79354242, 3.74328379, 1.18877181,\n        2.04302303],\n       [7.76891089, 1.14764311, 1.79353777, 3.74328461, 1.18877338,\n        2.04301712],\n       [7.76890812, 1.14764094, 1.79354114, 3.74328346, 1.18877182,\n        2.04301913],\n       [7.76891184, 1.14764336, 1.79353739, 3.74328565, 1.18877368,\n        2.04301841],\n       [7.76891401, 1.14764267, 1.79353699, 3.74328638, 1.18877126,\n        2.04301181],\n       [7.76891146, 1.14764293, 1.79353978, 3.74328254, 1.18877397,\n        2.04301946]]), array([0.07363486, 0.07363486, 0.07363486, 0.07363486, 0.07363486,\n       0.07363486, 0.07363486]))", "callback": [0.4671808854004118, 0.20105843753195252, 0.17431289299791386, 0.1535178975880327, 0.13710415207907245, 0.12745081453194773, 0.11561558281026807, 0.08182976549136056, 0.07615027002617347, 0.07400323349225046, 0.07388090639475298, 0.07377176673492192, 0.07373086794908201, 0.07372316579601934, 0.07371094608245587, 0.07368428532880322, 0.07364211045417146, 0.07363739331288766, 0.07363543735338962, 0.07363496380891776, 0.07363489710933602, 0.07363486958377996, 0.07363486563917254, 0.0736348642359087, 0.07363486390997886, 0.07363486376852513, 0.0736348637520392, 0.07363486374414052, 0.07363486373815076, 0.07363486373766148]}, "7": {"maxiter": 500, "fatol": 1e-10, "xatol": 1e-10, "duration": 0.1871488094329834, "fun": "0.07363486373741823", "nit": "378", "nfev": "674", "status": "0", "success": "True", "message": "Optimization terminated successfully.", "x": "[7.76891001 1.14764276 1.79353954 3.7432843  1.18877222 2.04301816]", "final_simplex": "(array([[7.76891001, 1.14764276, 1.79353954, 3.7432843 , 1.18877222,\n        2.04301816],\n       [7.76891001, 1.14764276, 1.79353954, 3.7432843 , 1.18877222,\n        2.04301816],\n       [7.76891001, 1.14764276, 1.79353954, 3.7432843 , 1.18877222,\n        2.04301816],\n       [7.76891001, 1.14764276, 1.79353954, 3.7432843 , 1.18877222,\n        2.04301816],\n       [7.76891001, 1.14764276, 1.79353954, 3.7432843 , 1.18877222,\n        2.04301816],\n       [7.76891001, 1.14764276, 1.79353954, 3.7432843 , 1.18877222,\n        2.04301816],\n       [7.76891001, 1.14764276, 1.79353954, 3.7432843 , 1.18877222,\n        2.04301816]]), array([0.07363486, 0.07363486, 0.07363486, 0.07363486, 0.07363486,\n       0.07363486, 0.07363486]))", "callback": [0.4671808854004118, 0.20105843753195252, 0.17431289299791386, 0.1535178975880327, 0.13710415207907245, 0.12745081453194773, 0.11561558281026807, 0.08182976549136056, 0.07615027002617347, 0.07400323349225046, 0.07388090639475298, 0.07377176673492192, 0.07373086794908201, 0.07372316579601934, 0.07371094608245587, 0.07368428532880322, 0.07364211045417146, 0.07363739331288766, 0.07363543735338962, 0.07363496380891776, 0.07363489710933602, 0.07363486958377996, 0.07363486563917254, 0.0736348642359087, 0.07363486390997886, 0.07363486376852513, 0.0736348637520392, 0.07363486374414052, 0.07363486373815076, 0.07363486373758366, 0.07363486373744998, 0.07363486373742623, 0.07363486373742067, 0.07363486373741912, 0.07363486373741845, 0.07363486373741845, 0.07363486373741823, 0.07363486373741823]}, "8": {"maxiter": 1000, "fatol": 1e-05, "xatol": 1e-05, "duration": 0.12772512435913086, "fun": "0.07363486373766148", "nit": "291", "nfev": "469", "status": "0", "success": "True", "message": "Optimization terminated successfully.", "x": "[7.76891322 1.14764321 1.79353806 3.74328464 1.18877142 2.04301439]", "final_simplex": "(array([[7.76891322, 1.14764321, 1.79353806, 3.74328464, 1.18877142,\n        2.04301439],\n       [7.76890428, 1.14764211, 1.79354242, 3.74328379, 1.18877181,\n        2.04302303],\n       [7.76891089, 1.14764311, 1.79353777, 3.74328461, 1.18877338,\n        2.04301712],\n       [7.76890812, 1.14764094, 1.79354114, 3.74328346, 1.18877182,\n        2.04301913],\n       [7.76891184, 1.14764336, 1.79353739, 3.74328565, 1.18877368,\n        2.04301841],\n       [7.76891401, 1.14764267, 1.79353699, 3.74328638, 1.18877126,\n        2.04301181],\n       [7.76891146, 1.14764293, 1.79353978, 3.74328254, 1.18877397,\n        2.04301946]]), array([0.07363486, 0.07363486, 0.07363486, 0.07363486, 0.07363486,\n       0.07363486, 0.07363486]))", "callback": [0.4671808854004118, 0.20105843753195252, 0.17431289299791386, 0.1535178975880327, 0.13710415207907245, 0.12745081453194773, 0.11561558281026807, 0.08182976549136056, 0.07615027002617347, 0.07400323349225046, 0.07388090639475298, 0.07377176673492192, 0.07373086794908201, 0.07372316579601934, 0.07371094608245587, 0.07368428532880322, 0.07364211045417146, 0.07363739331288766, 0.07363543735338962, 0.07363496380891776, 0.07363489710933602, 0.07363486958377996, 0.07363486563917254, 0.0736348642359087, 0.07363486390997886, 0.07363486376852513, 0.0736348637520392, 0.07363486374414052, 0.07363486373815076, 0.07363486373766148]}, "9": {"maxiter": 1000, "fatol": 1e-05, "xatol": 1e-10, "duration": 0.205366849899292, "fun": "0.07363486373741823", "nit": "378", "nfev": "674", "status": "0", "success": "True", "message": "Optimization terminated successfully.", "x": "[7.76891001 1.14764276 1.79353954 3.7432843  1.18877222 2.04301816]", "final_simplex": "(array([[7.76891001, 1.14764276, 1.79353954, 3.7432843 , 1.18877222,\n        2.04301816],\n       [7.76891001, 1.14764276, 1.79353954, 3.7432843 , 1.18877222,\n        2.04301816],\n       [7.76891001, 1.14764276, 1.79353954, 3.7432843 , 1.18877222,\n        2.04301816],\n       [7.76891001, 1.14764276, 1.79353954, 3.7432843 , 1.18877222,\n        2.04301816],\n       [7.76891001, 1.14764276, 1.79353954, 3.7432843 , 1.18877222,\n        2.04301816],\n       [7.76891001, 1.14764276, 1.79353954, 3.7432843 , 1.18877222,\n        2.04301816],\n       [7.76891001, 1.14764276, 1.79353954, 3.7432843 , 1.18877222,\n        2.04301816]]), array([0.07363486, 0.07363486, 0.07363486, 0.07363486, 0.07363486,\n       0.07363486, 0.07363486]))", "callback": [0.4671808854004118, 0.20105843753195252, 0.17431289299791386, 0.1535178975880327, 0.13710415207907245, 0.12745081453194773, 0.11561558281026807, 0.08182976549136056, 0.07615027002617347, 0.07400323349225046, 0.07388090639475298, 0.07377176673492192, 0.07373086794908201, 0.07372316579601934, 0.07371094608245587, 0.07368428532880322, 0.07364211045417146, 0.07363739331288766, 0.07363543735338962, 0.07363496380891776, 0.07363489710933602, 0.07363486958377996, 0.07363486563917254, 0.0736348642359087, 0.07363486390997886, 0.07363486376852513, 0.0736348637520392, 0.07363486374414052, 0.07363486373815076, 0.07363486373758366, 0.07363486373744998, 0.07363486373742623, 0.07363486373742067, 0.07363486373741912, 0.07363486373741845, 0.07363486373741845, 0.07363486373741823, 0.07363486373741823]}, "10": {"maxiter": 1000, "fatol": 1e-10, "xatol": 1e-05, "duration": 0.1278669834136963, "fun": "0.07363486373766148", "nit": "291", "nfev": "469", "status": "0", "success": "True", "message": "Optimization terminated successfully.", "x": "[7.76891322 1.14764321 1.79353806 3.74328464 1.18877142 2.04301439]", "final_simplex": "(array([[7.76891322, 1.14764321, 1.79353806, 3.74328464, 1.18877142,\n        2.04301439],\n       [7.76890428, 1.14764211, 1.79354242, 3.74328379, 1.18877181,\n        2.04302303],\n       [7.76891089, 1.14764311, 1.79353777, 3.74328461, 1.18877338,\n        2.04301712],\n       [7.76890812, 1.14764094, 1.79354114, 3.74328346, 1.18877182,\n        2.04301913],\n       [7.76891184, 1.14764336, 1.79353739, 3.74328565, 1.18877368,\n        2.04301841],\n       [7.76891401, 1.14764267, 1.79353699, 3.74328638, 1.18877126,\n        2.04301181],\n       [7.76891146, 1.14764293, 1.79353978, 3.74328254, 1.18877397,\n        2.04301946]]), array([0.07363486, 0.07363486, 0.07363486, 0.07363486, 0.07363486,\n       0.07363486, 0.07363486]))", "callback": [0.4671808854004118, 0.20105843753195252, 0.17431289299791386, 0.1535178975880327, 0.13710415207907245, 0.12745081453194773, 0.11561558281026807, 0.08182976549136056, 0.07615027002617347, 0.07400323349225046, 0.07388090639475298, 0.07377176673492192, 0.07373086794908201, 0.07372316579601934, 0.07371094608245587, 0.07368428532880322, 0.07364211045417146, 0.07363739331288766, 0.07363543735338962, 0.07363496380891776, 0.07363489710933602, 0.07363486958377996, 0.07363486563917254, 0.0736348642359087, 0.07363486390997886, 0.07363486376852513, 0.0736348637520392, 0.07363486374414052, 0.07363486373815076, 0.07363486373766148]}, "11": {"maxiter": 1000, "fatol": 1e-10, "xatol": 1e-10, "duration": 0.18691301345825195, "fun": "0.07363486373741823", "nit": "378", "nfev": "674", "status": "0", "success": "True", "message": "Optimization terminated successfully.", "x": "[7.76891001 1.14764276 1.79353954 3.7432843  1.18877222 2.04301816]", "final_simplex": "(array([[7.76891001, 1.14764276, 1.79353954, 3.7432843 , 1.18877222,\n        2.04301816],\n       [7.76891001, 1.14764276, 1.79353954, 3.7432843 , 1.18877222,\n        2.04301816],\n       [7.76891001, 1.14764276, 1.79353954, 3.7432843 , 1.18877222,\n        2.04301816],\n       [7.76891001, 1.14764276, 1.79353954, 3.7432843 , 1.18877222,\n        2.04301816],\n       [7.76891001, 1.14764276, 1.79353954, 3.7432843 , 1.18877222,\n        2.04301816],\n       [7.76891001, 1.14764276, 1.79353954, 3.7432843 , 1.18877222,\n        2.04301816],\n       [7.76891001, 1.14764276, 1.79353954, 3.7432843 , 1.18877222,\n        2.04301816]]), array([0.07363486, 0.07363486, 0.07363486, 0.07363486, 0.07363486,\n       0.07363486, 0.07363486]))", "callback": [0.4671808854004118, 0.20105843753195252, 0.17431289299791386, 0.1535178975880327, 0.13710415207907245, 0.12745081453194773, 0.11561558281026807, 0.08182976549136056, 0.07615027002617347, 0.07400323349225046, 0.07388090639475298, 0.07377176673492192, 0.07373086794908201, 0.07372316579601934, 0.07371094608245587, 0.07368428532880322, 0.07364211045417146, 0.07363739331288766, 0.07363543735338962, 0.07363496380891776, 0.07363489710933602, 0.07363486958377996, 0.07363486563917254, 0.0736348642359087, 0.07363486390997886, 0.07363486376852513, 0.0736348637520392, 0.07363486374414052, 0.07363486373815076, 0.07363486373758366, 0.07363486373744998, 0.07363486373742623, 0.07363486373742067, 0.07363486373741912, 0.07363486373741845, 0.07363486373741845, 0.07363486373741823, 0.07363486373741823]}}, "bfgs": {"type": "gradient", "0": {"maxiter": 100, "gtol": 1e-05, "xrtol": 1e-05, "eps": 1e-05, "duration": 0.049275875091552734, "fun": "0.07363486386421458", "jac": "[-7.16182669e-07 -6.53255228e-08 -1.56471502e-06 -1.54329882e-06\n  1.03692610e-06 -1.12005960e-06]", "hess_inv": "[[ 5.81516379e+00 -2.35476776e-01  5.18674354e-01 -2.20365155e+00\n   9.86356063e-01 -2.88736974e+00]\n [-2.35476776e-01  3.20615263e+00 -2.21303680e-04 -5.92006522e-02\n   7.97660141e+00  7.16824346e+00]\n [ 5.18674354e-01 -2.21303680e-04  1.60645259e+00 -8.65990068e-01\n  -9.07840570e-01 -1.00528584e+00]\n [-2.20365155e+00 -5.92006522e-02 -8.65990068e-01  3.53993691e+00\n   2.05871550e-01  5.95313133e-01]\n [ 9.86356063e-01  7.97660141e+00 -9.07840570e-01  2.05871550e-01\n   2.84112790e+01  2.31364885e+01]\n [-2.88736974e+00  7.16824346e+00 -1.00528584e+00  5.95313133e-01\n   2.31364885e+01  2.52692556e+01]]", "nfev": "161", "njev": "23", "status": "0", "success": "True", "message": "Optimization terminated successfully.", "x": "[7.19813915 0.77226334 2.24065766 3.54795606 0.88580283 2.46575686]", "nit": "22", "callback": [0.42626127884546183, 0.20969506290785989, 0.15323591911700196, 0.13910468438320056, 0.13168377925321184, 0.11772112482922326, 0.09447965687160187, 0.08911818949561867, 0.08193452481009034, 0.07961740416722962, 0.07886141216764742, 0.0783459088980979, 0.07773673180421725, 0.07688427683508325, 0.07559403046093349, 0.07444566143896936, 0.07388935878011504, 0.07364086330248365, 0.07363520391794753, 0.07363488697059362, 0.07363486431901434, 0.07363486386421458]}, "1": {"maxiter": 100, "gtol": 1e-05, "xrtol": 1e-05, "eps": 1e-10, "duration": 0.04741191864013672, "fun": "0.07363486378084705", "jac": "[-4.44089173e-06 -2.22044587e-06 -3.33066880e-06  0.00000000e+00\n  1.11022293e-06  1.11022293e-06]", "hess_inv": "[[ 5.89064341e+00 -2.44731279e-01  5.37760610e-01 -2.25476723e+00\n   9.70045227e-01 -2.97705812e+00]\n [-2.44731279e-01  3.20972740e+00 -1.03710299e-02 -6.19479336e-02\n   7.99384691e+00  7.20440686e+00]\n [ 5.37760610e-01 -1.03710299e-02  1.62027410e+00 -8.65552144e-01\n  -9.50605637e-01 -1.07541686e+00]\n [-2.25476723e+00 -6.19479336e-02 -8.65552144e-01  3.56843055e+00\n   1.53156444e-01  6.21980760e-01]\n [ 9.70045227e-01  7.99384691e+00 -9.50605637e-01  1.53156444e-01\n   2.84978002e+01  2.33167922e+01]\n [-2.97705812e+00  7.20440686e+00 -1.07541686e+00  6.21980760e-01\n   2.33167922e+01  2.55343668e+01]]", "nfev": "161", "njev": "23", "status": "0", "success": "True", "message": "Optimization terminated successfully.", "x": "[7.19809814 0.77224207 2.24071739 3.54793638 0.88589313 2.46589799]", "nit": "22", "callback": [0.42626161228919657, 0.20969515389808235, 0.15323559044243562, 0.1391040859610515, 0.13168330429949493, 0.117720078322337, 0.09447700627241018, 0.08912167657959791, 0.08194109410206663, 0.07961821422529769, 0.0788629867861449, 0.07834702950675432, 0.07773845015350911, 0.07688570822512941, 0.07559545970153825, 0.07444703122672491, 0.0738887917935549, 0.0736408919430338, 0.0736351919021272, 0.07363488368517945, 0.07363486402281927, 0.07363486378084705]}, "2": {"maxiter": 100, "gtol": 1e-05, "xrtol": 1e-10, "eps": 1e-05, "duration": 0.04535031318664551, "fun": "0.07363486386421458", "jac": "[-7.16182669e-07 -6.53255228e-08 -1.56471502e-06 -1.54329882e-06\n  1.03692610e-06 -1.12005960e-06]", "hess_inv": "[[ 5.81516379e+00 -2.35476776e-01  5.18674354e-01 -2.20365155e+00\n   9.86356063e-01 -2.88736974e+00]\n [-2.35476776e-01  3.20615263e+00 -2.21303680e-04 -5.92006522e-02\n   7.97660141e+00  7.16824346e+00]\n [ 5.18674354e-01 -2.21303680e-04  1.60645259e+00 -8.65990068e-01\n  -9.07840570e-01 -1.00528584e+00]\n [-2.20365155e+00 -5.92006522e-02 -8.65990068e-01  3.53993691e+00\n   2.05871550e-01  5.95313133e-01]\n [ 9.86356063e-01  7.97660141e+00 -9.07840570e-01  2.05871550e-01\n   2.84112790e+01  2.31364885e+01]\n [-2.88736974e+00  7.16824346e+00 -1.00528584e+00  5.95313133e-01\n   2.31364885e+01  2.52692556e+01]]", "nfev": "161", "njev": "23", "status": "0", "success": "True", "message": "Optimization terminated successfully.", "x": "[7.19813915 0.77226334 2.24065766 3.54795606 0.88580283 2.46575686]", "nit": "22", "callback": [0.42626127884546183, 0.20969506290785989, 0.15323591911700196, 0.13910468438320056, 0.13168377925321184, 0.11772112482922326, 0.09447965687160187, 0.08911818949561867, 0.08193452481009034, 0.07961740416722962, 0.07886141216764742, 0.0783459088980979, 0.07773673180421725, 0.07688427683508325, 0.07559403046093349, 0.07444566143896936, 0.07388935878011504, 0.07364086330248365, 0.07363520391794753, 0.07363488697059362, 0.07363486431901434, 0.07363486386421458]}, "3": {"maxiter": 100, "gtol": 1e-05, "xrtol": 1e-10, "eps": 1e-10, "duration": 0.04517316818237305, "fun": "0.07363486378084705", "jac": "[-4.44089173e-06 -2.22044587e-06 -3.33066880e-06  0.00000000e+00\n  1.11022293e-06  1.11022293e-06]", "hess_inv": "[[ 5.89064341e+00 -2.44731279e-01  5.37760610e-01 -2.25476723e+00\n   9.70045227e-01 -2.97705812e+00]\n [-2.44731279e-01  3.20972740e+00 -1.03710299e-02 -6.19479336e-02\n   7.99384691e+00  7.20440686e+00]\n [ 5.37760610e-01 -1.03710299e-02  1.62027410e+00 -8.65552144e-01\n  -9.50605637e-01 -1.07541686e+00]\n [-2.25476723e+00 -6.19479336e-02 -8.65552144e-01  3.56843055e+00\n   1.53156444e-01  6.21980760e-01]\n [ 9.70045227e-01  7.99384691e+00 -9.50605637e-01  1.53156444e-01\n   2.84978002e+01  2.33167922e+01]\n [-2.97705812e+00  7.20440686e+00 -1.07541686e+00  6.21980760e-01\n   2.33167922e+01  2.55343668e+01]]", "nfev": "161", "njev": "23", "status": "0", "success": "True", "message": "Optimization terminated successfully.", "x": "[7.19809814 0.77224207 2.24071739 3.54793638 0.88589313 2.46589799]", "nit": "22", "callback": [0.42626161228919657, 0.20969515389808235, 0.15323559044243562, 0.1391040859610515, 0.13168330429949493, 0.117720078322337, 0.09447700627241018, 0.08912167657959791, 0.08194109410206663, 0.07961821422529769, 0.0788629867861449, 0.07834702950675432, 0.07773845015350911, 0.07688570822512941, 0.07559545970153825, 0.07444703122672491, 0.0738887917935549, 0.0736408919430338, 0.0736351919021272, 0.07363488368517945, 0.07363486402281927, 0.07363486378084705]}, "4": {"maxiter": 100, "gtol": 1e-10, "xrtol": 1e-05, "eps": 1e-05, "duration": 0.04716801643371582, "fun": "0.07363486385191531", "jac": "[ 1.69264602e-07  8.12172551e-07 -6.34581276e-07  1.11066711e-07\n -6.55697718e-08 -1.94888550e-07]", "hess_inv": "[[ 5.61734022e+00 -2.98747749e-01  6.16649229e-01 -2.11427099e+00\n   5.52112473e-01 -3.19547019e+00]\n [-2.98747749e-01  3.19291120e+00  3.14631380e-02 -8.97863833e-03\n   7.86840906e+00  7.14659487e+00]\n [ 6.16649229e-01  3.14631380e-02  1.55794655e+00 -9.09178779e-01\n  -6.91245649e-01 -8.48862592e-01]\n [-2.11427099e+00 -8.97863833e-03 -9.09178779e-01  3.56646946e+00\n   4.97007482e-01  9.72346749e-01]\n [ 5.52112473e-01  7.86840906e+00 -6.91245649e-01  4.97007482e-01\n   2.75927571e+01  2.27975884e+01]\n [-3.19547019e+00  7.14659487e+00 -8.48862592e-01  9.72346749e-01\n   2.27975884e+01  2.56346686e+01]]", "nfev": "168", "njev": "24", "status": "0", "success": "True", "message": "Optimization terminated successfully.", "x": "[7.19813671 0.77226322 2.2406589  3.5479592  0.88580035 2.46576029]", "nit": "23", "callback": [0.42626127884546183, 0.20969506290785989, 0.15323591911700196, 0.13910468438320056, 0.13168377925321184, 0.11772112482922326, 0.09447965687160187, 0.08911818949561867, 0.08193452481009034, 0.07961740416722962, 0.07886141216764742, 0.0783459088980979, 0.07773673180421725, 0.07688427683508325, 0.07559403046093349, 0.07444566143896936, 0.07388935878011504, 0.07364086330248365, 0.07363520391794753, 0.07363488697059362, 0.07363486431901434, 0.07363486386421458, 0.07363486385191531]}, "5": {"maxiter": 100, "gtol": 1e-10, "xrtol": 1e-05, "eps": 1e-10, "duration": 0.04935002326965332, "fun": "0.0736348637766725", "jac": "[-1.11022293e-06 -2.22044587e-06  1.11022293e-06 -5.55111466e-06\n  3.33066880e-06  3.33066880e-06]", "hess_inv": "[[ 6.6497092   0.11244922  0.14070985 -2.26731762  3.12157731 -0.10137672]\n [ 0.11244922  2.97699934  0.21490095 -0.28436972  7.02535049  5.85495607]\n [ 0.14070985  0.21490095  1.40423352 -0.63636408 -0.03924586  0.19921747]\n [-2.26731762 -0.28436972 -0.63636408  3.45167396 -0.95252122 -0.88554184]\n [ 3.12157731  7.02535049 -0.03924586 -0.95252122 24.8058243  18.11044298]\n [-0.10137672  5.85495607  0.19921747 -0.88554184 18.11044298 18.20493881]]", "nfev": "175", "njev": "25", "status": "0", "success": "True", "message": "Optimization terminated successfully.", "x": "[7.19810445 0.77224055 2.2407187  3.54793385 0.88588883 2.46589163]", "nit": "23", "callback": [0.42626161228919657, 0.20969515389808235, 0.15323559044243562, 0.1391040859610515, 0.13168330429949493, 0.117720078322337, 0.09447700627241018, 0.08912167657959791, 0.08194109410206663, 0.07961821422529769, 0.0788629867861449, 0.07834702950675432, 0.07773845015350911, 0.07688570822512941, 0.07559545970153825, 0.07444703122672491, 0.0738887917935549, 0.0736408919430338, 0.0736351919021272, 0.07363488368517945, 0.07363486402281927, 0.07363486378084705, 0.0736348637766725]}, "6": {"maxiter": 100, "gtol": 1e-10, "xrtol": 1e-10, "eps": 1e-05, "duration": 0.085723876953125, "fun": "0.07363486385191531", "jac": "[ 1.69264602e-07  8.12172551e-07 -6.34581276e-07  1.11066711e-07\n -6.55697718e-08 -1.94888550e-07]", "hess_inv": "[[ 5.92908646 -0.1410192   0.35788242 -2.20959689  0.87999535 -3.54476973]\n [-0.1410192   3.20814198 -0.05386195 -0.19597544  8.02904479  6.93026165]\n [ 0.35788242 -0.05386195  1.74053763 -0.73206143 -0.95969436 -0.53095727]\n [-2.20959689 -0.19597544 -0.73206143  3.29740751  0.38544959  0.99404518]\n [ 0.87999535  8.02904479 -0.95969436  0.38544959 27.93718391 22.42698396]\n [-3.54476973  6.93026165 -0.53095727  0.99404518 22.42698396 26.00175423]]", "nfev": "305", "njev": "42", "status": "2", "success": "False", "message": "Desired error not necessarily achieved due to precision loss.", "x": "[7.19813671 0.77226322 2.2406589  3.5479592  0.88580035 2.46576029]", "nit": "23", "callback": [0.42626127884546183, 0.20969506290785989, 0.15323591911700196, 0.13910468438320056, 0.13168377925321184, 0.11772112482922326, 0.09447965687160187, 0.08911818949561867, 0.08193452481009034, 0.07961740416722962, 0.07886141216764742, 0.0783459088980979, 0.07773673180421725, 0.07688427683508325, 0.07559403046093349, 0.07444566143896936, 0.07388935878011504, 0.07364086330248365, 0.07363520391794753, 0.07363488697059362, 0.07363486431901434, 0.07363486386421458, 0.07363486385191531]}, "7": {"maxiter": 100, "gtol": 1e-10, "xrtol": 1e-10, "eps": 1e-10, "duration": 0.0709080696105957, "fun": "0.07363486377113548", "jac": "[0. 0. 0. 0. 0. 0.]", "hess_inv": "[[ 9.82495521e-02 -3.30558957e-01 -8.84145875e-02  1.91922123e-02\n   6.87499949e-03  6.03100127e-02]\n [-3.30558957e-01  2.28378717e+00  1.50433595e+00 -6.24080676e-02\n  -4.34674783e-01 -1.38382825e+00]\n [-8.84145875e-02  1.50433595e+00  1.49580651e+00 -1.32219557e-02\n  -4.45802814e-01 -1.42750617e+00]\n [ 1.91922123e-02 -6.24080676e-02 -1.32219557e-02  4.37453522e-03\n  -6.79534229e-04  7.92878666e-03]\n [ 6.87499949e-03 -4.34674783e-01 -4.45802814e-01 -6.79534229e-04\n   1.57301866e-01  4.35978949e-01]\n [ 6.03100127e-02 -1.38382825e+00 -1.42750617e+00  7.92878666e-03\n   4.35978949e-01  1.46387788e+00]]", "nfev": "252", "njev": "36", "status": "0", "success": "True", "message": "Optimization terminated successfully.", "x": "[7.1981055  0.77224371 2.24072262 3.54793338 0.88588614 2.46588634]", "nit": "29", "callback": [0.42626161228919657, 0.20969515389808235, 0.15323559044243562, 0.1391040859610515, 0.13168330429949493, 0.117720078322337, 0.09447700627241018, 0.08912167657959791, 0.08194109410206663, 0.07961821422529769, 0.0788629867861449, 0.07834702950675432, 0.07773845015350911, 0.07688570822512941, 0.07559545970153825, 0.07444703122672491, 0.0738887917935549, 0.0736408919430338, 0.0736351919021272, 0.07363488368517945, 0.07363486402281927, 0.07363486378084705, 0.0736348637766725, 0.07363486377587891, 0.07363486377578843, 0.07363486377576112, 0.07363486377572237, 0.07363486377118722, 0.07363486377113548]}, "8": {"maxiter": 500, "gtol": 1e-05, "xrtol": 1e-05, "eps": 1e-05, "duration": 0.04521608352661133, "fun": "0.07363486386421458", "jac": "[-7.16182669e-07 -6.53255228e-08 -1.56471502e-06 -1.54329882e-06\n  1.03692610e-06 -1.12005960e-06]", "hess_inv": "[[ 5.81516379e+00 -2.35476776e-01  5.18674354e-01 -2.20365155e+00\n   9.86356063e-01 -2.88736974e+00]\n [-2.35476776e-01  3.20615263e+00 -2.21303680e-04 -5.92006522e-02\n   7.97660141e+00  7.16824346e+00]\n [ 5.18674354e-01 -2.21303680e-04  1.60645259e+00 -8.65990068e-01\n  -9.07840570e-01 -1.00528584e+00]\n [-2.20365155e+00 -5.92006522e-02 -8.65990068e-01  3.53993691e+00\n   2.05871550e-01  5.95313133e-01]\n [ 9.86356063e-01  7.97660141e+00 -9.07840570e-01  2.05871550e-01\n   2.84112790e+01  2.31364885e+01]\n [-2.88736974e+00  7.16824346e+00 -1.00528584e+00  5.95313133e-01\n   2.31364885e+01  2.52692556e+01]]", "nfev": "161", "njev": "23", "status": "0", "success": "True", "message": "Optimization terminated successfully.", "x": "[7.19813915 0.77226334 2.24065766 3.54795606 0.88580283 2.46575686]", "nit": "22", "callback": [0.42626127884546183, 0.20969506290785989, 0.15323591911700196, 0.13910468438320056, 0.13168377925321184, 0.11772112482922326, 0.09447965687160187, 0.08911818949561867, 0.08193452481009034, 0.07961740416722962, 0.07886141216764742, 0.0783459088980979, 0.07773673180421725, 0.07688427683508325, 0.07559403046093349, 0.07444566143896936, 0.07388935878011504, 0.07364086330248365, 0.07363520391794753, 0.07363488697059362, 0.07363486431901434, 0.07363486386421458]}, "9": {"maxiter": 500, "gtol": 1e-05, "xrtol": 1e-05, "eps": 1e-10, "duration": 0.04545187950134277, "fun": "0.07363486378084705", "jac": "[-4.44089173e-06 -2.22044587e-06 -3.33066880e-06  0.00000000e+00\n  1.11022293e-06  1.11022293e-06]", "hess_inv": "[[ 5.89064341e+00 -2.44731279e-01  5.37760610e-01 -2.25476723e+00\n   9.70045227e-01 -2.97705812e+00]\n [-2.44731279e-01  3.20972740e+00 -1.03710299e-02 -6.19479336e-02\n   7.99384691e+00  7.20440686e+00]\n [ 5.37760610e-01 -1.03710299e-02  1.62027410e+00 -8.65552144e-01\n  -9.50605637e-01 -1.07541686e+00]\n [-2.25476723e+00 -6.19479336e-02 -8.65552144e-01  3.56843055e+00\n   1.53156444e-01  6.21980760e-01]\n [ 9.70045227e-01  7.99384691e+00 -9.50605637e-01  1.53156444e-01\n   2.84978002e+01  2.33167922e+01]\n [-2.97705812e+00  7.20440686e+00 -1.07541686e+00  6.21980760e-01\n   2.33167922e+01  2.55343668e+01]]", "nfev": "161", "njev": "23", "status": "0", "success": "True", "message": "Optimization terminated successfully.", "x": "[7.19809814 0.77224207 2.24071739 3.54793638 0.88589313 2.46589799]", "nit": "22", "callback": [0.42626161228919657, 0.20969515389808235, 0.15323559044243562, 0.1391040859610515, 0.13168330429949493, 0.117720078322337, 0.09447700627241018, 0.08912167657959791, 0.08194109410206663, 0.07961821422529769, 0.0788629867861449, 0.07834702950675432, 0.07773845015350911, 0.07688570822512941, 0.07559545970153825, 0.07444703122672491, 0.0738887917935549, 0.0736408919430338, 0.0736351919021272, 0.07363488368517945, 0.07363486402281927, 0.07363486378084705]}, "10": {"maxiter": 500, "gtol": 1e-05, "xrtol": 1e-10, "eps": 1e-05, "duration": 0.04506087303161621, "fun": "0.07363486386421458", "jac": "[-7.16182669e-07 -6.53255228e-08 -1.56471502e-06 -1.54329882e-06\n  1.03692610e-06 -1.12005960e-06]", "hess_inv": "[[ 5.81516379e+00 -2.35476776e-01  5.18674354e-01 -2.20365155e+00\n   9.86356063e-01 -2.88736974e+00]\n [-2.35476776e-01  3.20615263e+00 -2.21303680e-04 -5.92006522e-02\n   7.97660141e+00  7.16824346e+00]\n [ 5.18674354e-01 -2.21303680e-04  1.60645259e+00 -8.65990068e-01\n  -9.07840570e-01 -1.00528584e+00]\n [-2.20365155e+00 -5.92006522e-02 -8.65990068e-01  3.53993691e+00\n   2.05871550e-01  5.95313133e-01]\n [ 9.86356063e-01  7.97660141e+00 -9.07840570e-01  2.05871550e-01\n   2.84112790e+01  2.31364885e+01]\n [-2.88736974e+00  7.16824346e+00 -1.00528584e+00  5.95313133e-01\n   2.31364885e+01  2.52692556e+01]]", "nfev": "161", "njev": "23", "status": "0", "success": "True", "message": "Optimization terminated successfully.", "x": "[7.19813915 0.77226334 2.24065766 3.54795606 0.88580283 2.46575686]", "nit": "22", "callback": [0.42626127884546183, 0.20969506290785989, 0.15323591911700196, 0.13910468438320056, 0.13168377925321184, 0.11772112482922326, 0.09447965687160187, 0.08911818949561867, 0.08193452481009034, 0.07961740416722962, 0.07886141216764742, 0.0783459088980979, 0.07773673180421725, 0.07688427683508325, 0.07559403046093349, 0.07444566143896936, 0.07388935878011504, 0.07364086330248365, 0.07363520391794753, 0.07363488697059362, 0.07363486431901434, 0.07363486386421458]}, "11": {"maxiter": 500, "gtol": 1e-05, "xrtol": 1e-10, "eps": 1e-10, "duration": 0.045150041580200195, "fun": "0.07363486378084705", "jac": "[-4.44089173e-06 -2.22044587e-06 -3.33066880e-06  0.00000000e+00\n  1.11022293e-06  1.11022293e-06]", "hess_inv": "[[ 5.89064341e+00 -2.44731279e-01  5.37760610e-01 -2.25476723e+00\n   9.70045227e-01 -2.97705812e+00]\n [-2.44731279e-01  3.20972740e+00 -1.03710299e-02 -6.19479336e-02\n   7.99384691e+00  7.20440686e+00]\n [ 5.37760610e-01 -1.03710299e-02  1.62027410e+00 -8.65552144e-01\n  -9.50605637e-01 -1.07541686e+00]\n [-2.25476723e+00 -6.19479336e-02 -8.65552144e-01  3.56843055e+00\n   1.53156444e-01  6.21980760e-01]\n [ 9.70045227e-01  7.99384691e+00 -9.50605637e-01  1.53156444e-01\n   2.84978002e+01  2.33167922e+01]\n [-2.97705812e+00  7.20440686e+00 -1.07541686e+00  6.21980760e-01\n   2.33167922e+01  2.55343668e+01]]", "nfev": "161", "njev": "23", "status": "0", "success": "True", "message": "Optimization terminated successfully.", "x": "[7.19809814 0.77224207 2.24071739 3.54793638 0.88589313 2.46589799]", "nit": "22", "callback": [0.42626161228919657, 0.20969515389808235, 0.15323559044243562, 0.1391040859610515, 0.13168330429949493, 0.117720078322337, 0.09447700627241018, 0.08912167657959791, 0.08194109410206663, 0.07961821422529769, 0.0788629867861449, 0.07834702950675432, 0.07773845015350911, 0.07688570822512941, 0.07559545970153825, 0.07444703122672491, 0.0738887917935549, 0.0736408919430338, 0.0736351919021272, 0.07363488368517945, 0.07363486402281927, 0.07363486378084705]}, "12": {"maxiter": 500, "gtol": 1e-10, "xrtol": 1e-05, "eps": 1e-05, "duration": 0.04718208312988281, "fun": "0.07363486385191531", "jac": "[ 1.69264602e-07  8.12172551e-07 -6.34581276e-07  1.11066711e-07\n -6.55697718e-08 -1.94888550e-07]", "hess_inv": "[[ 5.61734022e+00 -2.98747749e-01  6.16649229e-01 -2.11427099e+00\n   5.52112473e-01 -3.19547019e+00]\n [-2.98747749e-01  3.19291120e+00  3.14631380e-02 -8.97863833e-03\n   7.86840906e+00  7.14659487e+00]\n [ 6.16649229e-01  3.14631380e-02  1.55794655e+00 -9.09178779e-01\n  -6.91245649e-01 -8.48862592e-01]\n [-2.11427099e+00 -8.97863833e-03 -9.09178779e-01  3.56646946e+00\n   4.97007482e-01  9.72346749e-01]\n [ 5.52112473e-01  7.86840906e+00 -6.91245649e-01  4.97007482e-01\n   2.75927571e+01  2.27975884e+01]\n [-3.19547019e+00  7.14659487e+00 -8.48862592e-01  9.72346749e-01\n   2.27975884e+01  2.56346686e+01]]", "nfev": "168", "njev": "24", "status": "0", "success": "