{"date": "2024/10/08/, 18:30:04", "conf_id": 20, "data_type": "random\n", "num_data_points": 2, "s_rank": 0, "unitary": "[[-0.45070455-0.02711853j,0.78437395-0.06613086j,0.06358678+0.19963393j,-0.07343613+0.35668523j],[-0.01890143-0.03813363j,0.32408202+0.25557629j,0.05872864-0.68979805j,0.55466693-0.20227297j],[-0.11215405+0.64023111j,-0.13344055+0.29565494j,-0.49012687-0.19046288j,-0.04241254+0.44046348j],[0.55771659+0.24656916j,0.31851997-0.05798805j,0.28761525-0.34294258j,-0.56718418+0.03616933j]]", "databatch_0": {"databatch": "[[[0.0574941+0.27191649j,-0.03828138-0.02951819j,0.09104237+0.11543044j,0.03547516-0.17983907j],[0.55888957+0.3092445j,-0.10887831+0.02209086j,0.3375126+0.01551426j,-0.25904754-0.33221467j],[-0.10820122-0.03164467j,0.01789542-0.00801392j,-0.05872171+0.01037813j,0.05745461+0.04719355j],[-0.20498101+0.18191094j,0.00662293-0.04720515j,-0.05451123+0.13432779j,0.17142274-0.05732334j]],[[-0.136856-0.02592408j,-0.03424675-0.10063785j,-0.02968067-0.03172417j,-0.01737855+0.01410467j],[0.05201387+0.30408559j,-0.18239109+0.14889246j,-0.04289321+0.08613089j,0.04271113+0.02516281j],[0.20030685+0.13759281j,-0.01605496+0.18476916j,0.02509427+0.07151948j,0.03766409-0.01030649j],[-0.47715508+0.43012638j,-0.46508728-0.15514464j,-0.19931902+0.02043208j,0.00328243+0.10317409j]]]", "initial param values": "[2.8832277,1.25445635,5.77742074,5.06090274,3.89280561,5.26763597]", "nelder_mead": {"type": "gradient-free", "0": {"maxiter": 100, "fatol": 1e-05, "xatol": 1e-05, "duration": 0.06299591064453125, "fun": "0.09711060635316271", "nit": "100", "nfev": "157", "status": "2", "success": "False", "message": "Maximum number of iterations has been exceeded.", "x": "[1.60554192 1.35144525 5.41531383 7.3597392  4.62360849 3.8447568 ]", "final_simplex": "(array([[1.60554192, 1.35144525, 5.41531383, 7.3597392 , 4.62360849,\n        3.8447568 ],\n       [1.60598865, 1.35544113, 5.44967898, 7.37248084, 4.57407995,\n        3.87927587],\n       [1.60621249, 1.35403831, 5.39002081, 7.41353687, 4.61255592,\n        3.84471467],\n       [1.56915691, 1.36151313, 5.3846629 , 7.40208943, 4.59961342,\n        3.86739748],\n       [1.58164006, 1.34677788, 5.45158114, 7.39707068, 4.59595758,\n        3.80630819],\n       [1.60176157, 1.34126763, 5.43760475, 7.37824552, 4.59304217,\n        3.86694524],\n       [1.59883236, 1.36702681, 5.36290947, 7.38125738, 4.60842244,\n        3.83257573]]), array([0.09711061, 0.0972611 , 0.09736534, 0.09745863, 0.09749689,\n       0.09762426, 0.09764853]))", "callback": [0.6142337970954332, 0.3310809159451845, 0.25052387730010883, 0.2045058918252567, 0.16689670669223788, 0.11902275629225056, 0.10507522452479723, 0.09988222930958346, 0.09804466079213647, 0.09776836864954186]}, "1": {"maxiter": 100, "fatol": 1e-05, "xatol": 1e-10, "duration": 0.05380606651306152, "fun": "0.09711060635316271", "nit": "100", "nfev": "157", "status": "2", "success": "False", "message": "Maximum number of iterations has been exceeded.", "x": "[1.60554192 1.35144525 5.41531383 7.3597392  4.62360849 3.8447568 ]", "final_simplex": "(array([[1.60554192, 1.35144525, 5.41531383, 7.3597392 , 4.62360849,\n        3.8447568 ],\n       [1.60598865, 1.35544113, 5.44967898, 7.37248084, 4.57407995,\n        3.87927587],\n       [1.60621249, 1.35403831, 5.39002081, 7.41353687, 4.61255592,\n        3.84471467],\n       [1.56915691, 1.36151313, 5.3846629 , 7.40208943, 4.59961342,\n        3.86739748],\n       [1.58164006, 1.34677788, 5.45158114, 7.39707068, 4.59595758,\n        3.80630819],\n       [1.60176157, 1.34126763, 5.43760475, 7.37824552, 4.59304217,\n        3.86694524],\n       [1.59883236, 1.36702681, 5.36290947, 7.38125738, 4.60842244,\n        3.83257573]]), array([0.09711061, 0.0972611 , 0.09736534, 0.09745863, 0.09749689,\n       0.09762426, 0.09764853]))", "callback": [0.6142337970954332, 0.3310809159451845, 0.25052387730010883, 0.2045058918252567, 0.16689670669223788, 0.11902275629225056, 0.10507522452479723, 0.09988222930958346, 0.09804466079213647, 0.09776836864954186]}, "2": {"maxiter": 100, "fatol": 1e-10, "xatol": 1e-05, "duration": 0.05758213996887207, "fun": "0.09711060635316271", "nit": "100", "nfev": "157", "status": "2", "success": "False", "message": "Maximum number of iterations has been exceeded.", "x": "[1.60554192 1.35144525 5.41531383 7.3597392  4.62360849 3.8447568 ]", "final_simplex": "(array([[1.60554192, 1.35144525, 5.41531383, 7.3597392 , 4.62360849,\n        3.8447568 ],\n       [1.60598865, 1.35544113, 5.44967898, 7.37248084, 4.57407995,\n        3.87927587],\n       [1.60621249, 1.35403831, 5.39002081, 7.41353687, 4.61255592,\n        3.84471467],\n       [1.56915691, 1.36151313, 5.3846629 , 7.40208943, 4.59961342,\n        3.86739748],\n       [1.58164006, 1.34677788, 5.45158114, 7.39707068, 4.59595758,\n        3.80630819],\n       [1.60176157, 1.34126763, 5.43760475, 7.37824552, 4.59304217,\n        3.86694524],\n       [1.59883236, 1.36702681, 5.36290947, 7.38125738, 4.60842244,\n        3.83257573]]), array([0.09711061, 0.0972611 , 0.09736534, 0.09745863, 0.09749689,\n       0.09762426, 0.09764853]))", "callback": [0.6142337970954332, 0.3310809159451845, 0.25052387730010883, 0.2045058918252567, 0.16689670669223788, 0.11902275629225056, 0.10507522452479723, 0.09988222930958346, 0.09804466079213647, 0.09776836864954186]}, "3": {"maxiter": 100, "fatol": 1e-10, "xatol": 1e-10, "duration": 0.04452776908874512, "fun": "0.09711060635316271", "nit": "100", "nfev": "157", "status": "2", "success": "False", "message": "Maximum number of iterations has been exceeded.", "x": "[1.60554192 1.35144525 5.41531383 7.3597392  4.62360849 3.8447568 ]", "final_simplex": "(array([[1.60554192, 1.35144525, 5.41531383, 7.3597392 , 4.62360849,\n        3.8447568 ],\n       [1.60598865, 1.35544113, 5.44967898, 7.37248084, 4.57407995,\n        3.87927587],\n       [1.60621249, 1.35403831, 5.39002081, 7.41353687, 4.61255592,\n        3.84471467],\n       [1.56915691, 1.36151313, 5.3846629 , 7.40208943, 4.59961342,\n        3.86739748],\n       [1.58164006, 1.34677788, 5.45158114, 7.39707068, 4.59595758,\n        3.80630819],\n       [1.60176157, 1.34126763, 5.43760475, 7.37824552, 4.59304217,\n        3.86694524],\n       [1.59883236, 1.36702681, 5.36290947, 7.38125738, 4.60842244,\n        3.83257573]]), array([0.09711061, 0.0972611 , 0.09736534, 0.09745863, 0.09749689,\n       0.09762426, 0.09764853]))", "callback": [0.6142337970954332, 0.3310809159451845, 0.25052387730010883, 0.2045058918252567, 0.16689670669223788, 0.11902275629225056, 0.10507522452479723, 0.09988222930958346, 0.09804466079213647, 0.09776836864954186]}, "4": {"maxiter": 500, "fatol": 1e-05, "xatol": 1e-05, "duration": 0.1278822422027588, "fun": "0.09096274339162369", "nit": "260", "nfev": "418", "status": "0", "success": "True", "message": "Optimization terminated successfully.", "x": "[1.61188213 1.52875056 5.50097959 7.40139825 4.72049874 3.71600763]", "final_simplex": "(array([[1.61188213, 1.52875056, 5.50097959, 7.40139825, 4.72049874,\n        3.71600763],\n       [1.61188394, 1.52874107, 5.50098194, 7.40139957, 4.72049557,\n        3.71600493],\n       [1.61188396, 1.52874936, 5.50097629, 7.40139492, 4.72049833,\n        3.71600078],\n       [1.6118802 , 1.52874326, 5.50097557, 7.40139747, 4.72049922,\n        3.71600375],\n       [1.6118854 , 1.52874336, 5.50098399, 7.40139125, 4.7204928 ,\n        3.71601433],\n       [1.61187968, 1.52874889, 5.50098788, 7.40139375, 4.72049257,\n        3.71600998],\n       [1.61187804, 1.52874506, 5.50097114, 7.4013919 , 4.72049002,\n        3.71601281]]), array([0.09096274, 0.09096274, 0.09096274, 0.09096274, 0.09096274,\n       0.09096274, 0.09096274]))", "callback": [0.6142337970954332, 0.3310809159451845, 0.25052387730010883, 0.2045058918252567, 0.16689670669223788, 0.11902275629225056, 0.10507522452479723, 0.09988222930958346, 0.09804466079213647, 0.09776836864954186, 0.09630280222093424, 0.09446574663880081, 0.0926210598053887, 0.09179442437700802, 0.09131349905239738, 0.0910306501812943, 0.09097606721304174, 0.09096508106050027, 0.0909630276021024, 0.09096281925577532, 0.09096277259095975, 0.090962751938519, 0.09096274499453738, 0.09096274390802728, 0.09096274352784672, 0.09096274341072608]}, "5": {"maxiter": 500, "fatol": 1e-05, "xatol": 1e-10, "duration": 0.2005171775817871, "fun": "0.09096274338337618", "nit": "374", "nfev": "663", "status": "0", "success": "True", "message": "Optimization terminated successfully.", "x": "[1.6118834  1.52874612 5.50097919 7.40139904 4.72049245 3.71601124]", "final_simplex": "(array([[1.6118834 , 1.52874612, 5.50097919, 7.40139904, 4.72049245,\n        3.71601124],\n       [1.6118834 , 1.52874612, 5.50097919, 7.40139904, 4.72049245,\n        3.71601124],\n       [1.6118834 , 1.52874612, 5.50097919, 7.40139904, 4.72049245,\n        3.71601124],\n       [1.6118834 , 1.52874612, 5.50097919, 7.40139904, 4.72049245,\n        3.71601124],\n       [1.6118834 , 1.52874612, 5.50097919, 7.40139904, 4.72049245,\n        3.71601124],\n       [1.6118834 , 1.52874612, 5.50097919, 7.40139904, 4.72049245,\n        3.71601124],\n       [1.6118834 , 1.52874612, 5.50097919, 7.40139904, 4.72049245,\n        3.71601124]]), array([0.09096274, 0.09096274, 0.09096274, 0.09096274, 0.09096274,\n       0.09096274, 0.09096274]))", "callback": [0.6142337970954332, 0.3310809159451845, 0.25052387730010883, 0.2045058918252567, 0.16689670669223788, 0.11902275629225056, 0.10507522452479723, 0.09988222930958346, 0.09804466079213647, 0.09776836864954186, 0.09630280222093424, 0.09446574663880081, 0.0926210598053887, 0.09179442437700802, 0.09131349905239738, 0.0910306501812943, 0.09097606721304174, 0.09096508106050027, 0.0909630276021024, 0.09096281925577532, 0.09096277259095975, 0.090962751938519, 0.09096274499453738, 0.09096274390802728, 0.09096274352784672, 0.09096274341072608, 0.09096274339162369, 0.09096274338698906, 0.09096274338435772, 0.09096274338364196, 0.09096274338343491, 0.09096274338338539, 0.09096274338337862, 0.09096274338337706, 0.0909627433833764, 0.09096274338337618, 0.09096274338337618, 0.09096274338337618]}, "6": {"maxiter": 500, "fatol": 1e-10, "xatol": 1e-05, "duration": 0.18069100379943848, "fun": "0.09096274339162369", "nit": "260", "nfev": "418", "status": "0", "success": "True", "message": "Optimization terminated successfully.", "x": "[1.61188213 1.52875056 5.50097959 7.40139825 4.72049874 3.71600763]", "final_simplex": "(array([[1.61188213, 1.52875056, 5.50097959, 7.40139825, 4.72049874,\n        3.71600763],\n       [1.61188394, 1.52874107, 5.50098194, 7.40139957, 4.72049557,\n        3.71600493],\n       [1.61188396, 1.52874936, 5.50097629, 7.40139492, 4.72049833,\n        3.71600078],\n       [1.6118802 , 1.52874326, 5.50097557, 7.40139747, 4.72049922,\n        3.71600375],\n       [1.6118854 , 1.52874336, 5.50098399, 7.40139125, 4.7204928 ,\n        3.71601433],\n       [1.61187968, 1.52874889, 5.50098788, 7.40139375, 4.72049257,\n        3.71600998],\n       [1.61187804, 1.52874506, 5.50097114, 7.4013919 , 4.72049002,\n        3.71601281]]), array([0.09096274, 0.09096274, 0.09096274, 0.09096274, 0.09096274,\n       0.09096274, 0.09096274]))", "callback": [0.6142337970954332, 0.3310809159451845, 0.25052387730010883, 0.2045058918252567, 0.16689670669223788, 0.11902275629225056, 0.10507522452479723, 0.09988222930958346, 0.09804466079213647, 0.09776836864954186, 0.09630280222093424, 0.09446574663880081, 0.0926210598053887, 0.09179442437700802, 0.09131349905239738, 0.0910306501812943, 0.09097606721304174, 0.09096508106050027, 0.0909630276021024, 0.09096281925577532, 0.09096277259095975, 0.090962751938519, 0.09096274499453738, 0.09096274390802728, 0.09096274352784672, 0.09096274341072608]}, "7": {"maxiter": 500, "fatol": 1e-10, "xatol": 1e-10, "duration": 0.23510193824768066, "fun": "0.09096274338337618", "nit": "374", "nfev": "663", "status": "0", "success": "True", "message": "Optimization terminated successfully.", "x": "[1.6118834  1.52874612 5.50097919 7.40139904 4.72049245 3.71601124]", "final_simplex": "(array([[1.6118834 , 1.52874612, 5.50097919, 7.40139904, 4.72049245,\n        3.71601124],\n       [1.6118834 , 1.52874612, 5.50097919, 7.40139904, 4.72049245,\n        3.71601124],\n       [1.6118834 , 1.52874612, 5.50097919, 7.40139904, 4.72049245,\n        3.71601124],\n       [1.6118834 , 1.52874612, 5.50097919, 7.40139904, 4.72049245,\n        3.71601124],\n       [1.6118834 , 1.52874612, 5.50097919, 7.40139904, 4.72049245,\n        3.71601124],\n       [1.6118834 , 1.52874612, 5.50097919, 7.40139904, 4.72049245,\n        3.71601124],\n       [1.6118834 , 1.52874612, 5.50097919, 7.40139904, 4.72049245,\n        3.71601124]]), array([0.09096274, 0.09096274, 0.09096274, 0.09096274, 0.09096274,\n       0.09096274, 0.09096274]))", "callback": [0.6142337970954332, 0.3310809159451845, 0.25052387730010883, 0.2045058918252567, 0.16689670669223788, 0.11902275629225056, 0.10507522452479723, 0.09988222930958346, 0.09804466079213647, 0.09776836864954186, 0.09630280222093424, 0.09446574663880081, 0.0926210598053887, 0.09179442437700802, 0.09131349905239738, 0.0910306501812943, 0.09097606721304174, 0.09096508106050027, 0.0909630276021024, 0.09096281925577532, 0.09096277259095975, 0.090962751938519, 0.09096274499453738, 0.09096274390802728, 0.09096274352784672, 0.09096274341072608, 0.09096274339162369, 0.09096274338698906, 0.09096274338435772, 0.09096274338364196, 0.09096274338343491, 0.09096274338338539, 0.09096274338337862, 0.09096274338337706, 0.0909627433833764, 0.09096274338337618, 0.09096274338337618, 0.09096274338337618]}, "8": {"maxiter": 1000, "fatol": 1e-05, "xatol": 1e-05, "duration": 0.1395881175994873, "fun": "0.09096274339162369", "nit": "260", "nfev": "418", "status": "0", "success": "True", "message": "Optimization terminated successfully.", "x": "[1.61188213 1.52875056 5.50097959 7.40139825 4.72049874 3.71600763]", "final_simplex": "(array([[1.61188213, 1.52875056, 5.50097959, 7.40139825, 4.72049874,\n        3.71600763],\n       [1.61188394, 1.52874107, 5.50098194, 7.40139957, 4.72049557,\n        3.71600493],\n       [1.61188396, 1.52874936, 5.50097629, 7.40139492, 4.72049833,\n        3.71600078],\n       [1.6118802 , 1.52874326, 5.50097557, 7.40139747, 4.72049922,\n        3.71600375],\n       [1.6118854 , 1.52874336, 5.50098399, 7.40139125, 4.7204928 ,\n        3.71601433],\n       [1.61187968, 1.52874889, 5.50098788, 7.40139375, 4.72049257,\n        3.71600998],\n       [1.61187804, 1.52874506, 5.50097114, 7.4013919 , 4.72049002,\n        3.71601281]]), array([0.09096274, 0.09096274, 0.09096274, 0.09096274, 0.09096274,\n       0.09096274, 0.09096274]))", "callback": [0.6142337970954332, 0.3310809159451845, 0.25052387730010883, 0.2045058918252567, 0.16689670669223788, 0.11902275629225056, 0.10507522452479723, 0.09988222930958346, 0.09804466079213647, 0.09776836864954186, 0.09630280222093424, 0.09446574663880081, 0.0926210598053887, 0.09179442437700802, 0.09131349905239738, 0.0910306501812943, 0.09097606721304174, 0.09096508106050027, 0.0909630276021024, 0.09096281925577532, 0.09096277259095975, 0.090962751938519, 0.09096274499453738, 0.09096274390802728, 0.09096274352784672, 0.09096274341072608]}, "9": {"maxiter": 1000, "fatol": 1e-05, "xatol": 1e-10, "duration": 0.20941686630249023, "fun": "0.09096274338337618", "nit": "374", "nfev": "663", "status": "0", "success": "True", "message": "Optimization terminated successfully.", "x": "[1.6118834  1.52874612 5.50097919 7.40139904 4.72049245 3.71601124]", "final_simplex": "(array([[1.6118834 , 1.52874612, 5.50097919, 7.40139904, 4.72049245,\n        3.71601124],\n       [1.6118834 , 1.52874612, 5.50097919, 7.40139904, 4.72049245,\n        3.71601124],\n       [1.6118834 , 1.52874612, 5.50097919, 7.40139904, 4.72049245,\n        3.71601124],\n       [1.6118834 , 1.52874612, 5.50097919, 7.40139904, 4.72049245,\n        3.71601124],\n       [1.6118834 , 1.52874612, 5.50097919, 7.40139904, 4.72049245,\n        3.71601124],\n       [1.6118834 , 1.52874612, 5.50097919, 7.40139904, 4.72049245,\n        3.71601124],\n       [1.6118834 , 1.52874612, 5.50097919, 7.40139904, 4.72049245,\n        3.71601124]]), array([0.09096274, 0.09096274, 0.09096274, 0.09096274, 0.09096274,\n       0.09096274, 0.09096274]))", "callback": [0.6142337970954332, 0.3310809159451845, 0.25052387730010883, 0.2045058918252567, 0.16689670669223788, 0.11902275629225056, 0.10507522452479723, 0.09988222930958346, 0.09804466079213647, 0.09776836864954186, 0.09630280222093424, 0.09446574663880081, 0.0926210598053887, 0.09179442437700802, 0.09131349905239738, 0.0910306501812943, 0.09097606721304174, 0.09096508106050027, 0.0909630276021024, 0.09096281925577532, 0.09096277259095975, 0.090962751938519, 0.09096274499453738, 0.09096274390802728, 0.09096274352784672, 0.09096274341072608, 0.09096274339162369, 0.09096274338698906, 0.09096274338435772, 0.09096274338364196, 0.09096274338343491, 0.09096274338338539, 0.09096274338337862, 0.09096274338337706, 0.0909627433833764, 0.09096274338337618, 0.09096274338337618, 0.09096274338337618]}, "10": {"maxiter": 1000, "fatol": 1e-10, "xatol": 1e-05, "duration": 0.22731804847717285, "fun": "0.09096274339162369", "nit": "260", "nfev": "418", "status": "0", "success": "True", "message": "Optimization terminated successfully.", "x": "[1.61188213 1.52875056 5.50097959 7.40139825 4.72049874 3.71600763]", "final_simplex": "(array([[1.61188213, 1.52875056, 5.50097959, 7.40139825, 4.72049874,\n        3.71600763],\n       [1.61188394, 1.52874107, 5.50098194, 7.40139957, 4.72049557,\n        3.71600493],\n       [1.61188396, 1.52874936, 5.50097629, 7.40139492, 4.72049833,\n        3.71600078],\n       [1.6118802 , 1.52874326, 5.50097557, 7.40139747, 4.72049922,\n        3.71600375],\n       [1.6118854 , 1.52874336, 5.50098399, 7.40139125, 4.7204928 ,\n        3.71601433],\n       [1.61187968, 1.52874889, 5.50098788, 7.40139375, 4.72049257,\n        3.71600998],\n       [1.61187804, 1.52874506, 5.50097114, 7.4013919 , 4.72049002,\n        3.71601281]]), array([0.09096274, 0.09096274, 0.09096274, 0.09096274, 0.09096274,\n       0.09096274, 0.09096274]))", "callback": [0.6142337970954332, 0.3310809159451845, 0.25052387730010883, 0.2045058918252567, 0.16689670669223788, 0.11902275629225056, 0.10507522452479723, 0.09988222930958346, 0.09804466079213647, 0.09776836864954186, 0.09630280222093424, 0.09446574663880081, 0.0926210598053887, 0.09179442437700802, 0.09131349905239738, 0.0910306501812943, 0.09097606721304174, 0.09096508106050027, 0.0909630276021024, 0.09096281925577532, 0.09096277259095975, 0.090962751938519, 0.09096274499453738, 0.09096274390802728, 0.09096274352784672, 0.09096274341072608]}, "11": {"maxiter": 1000, "fatol": 1e-10, "xatol": 1e-10, "duration": 0.34785890579223633, "fun": "0.09096274338337618", "nit": "374", "nfev": "663", "status": "0", "success": "True", "message": "Optimization terminated successfully.", "x": "[1.6118834  1.52874612 5.50097919 7.40139904 4.72049245 3.71601124]", "final_simplex": "(array([[1.6118834 , 1.52874612, 5.50097919, 7.40139904, 4.72049245,\n        3.71601124],\n       [1.6118834 , 1.52874612, 5.50097919, 7.40139904, 4.72049245,\n        3.71601124],\n       [1.6118834 , 1.52874612, 5.50097919, 7.40139904, 4.72049245,\n        3.71601124],\n       [1.6118834 , 1.52874612, 5.50097919, 7.40139904, 4.72049245,\n        3.71601124],\n       [1.6118834 , 1.52874612, 5.50097919, 7.40139904, 4.72049245,\n        3.71601124],\n       [1.6118834 , 1.52874612, 5.50097919, 7.40139904, 4.72049245,\n        3.71601124],\n       [1.6118834 , 1.52874612, 5.50097919, 7.40139904, 4.72049245,\n        3.71601124]]), array([0.09096274, 0.09096274, 0.09096274, 0.09096274, 0.09096274,\n       0.09096274, 0.09096274]))", "callback": [0.6142337970954332, 0.3310809159451845, 0.25052387730010883, 0.2045058918252567, 0.16689670669223788, 0.11902275629225056, 0.10507522452479723, 0.09988222930958346, 0.09804466079213647, 0.09776836864954186, 0.09630280222093424, 0.09446574663880081, 0.0926210598053887, 0.09179442437700802, 0.09131349905239738, 0.0910306501812943, 0.09097606721304174, 0.09096508106050027, 0.0909630276021024, 0.09096281925577532, 0.09096277259095975, 0.090962751938519, 0.09096274499453738, 0.09096274390802728, 0.09096274352784672, 0.09096274341072608, 0.09096274339162369, 0.09096274338698906, 0.09096274338435772, 0.09096274338364196, 0.09096274338343491, 0.09096274338338539, 0.09096274338337862, 0.09096274338337706, 0.0909627433833764, 0.09096274338337618, 0.09096274338337618, 0.09096274338337618]}}, "bfgs": {"type": "gradient", "0": {"maxiter": 100, "gtol": 1e-05, "xrtol": 1e-05, "eps": 1e-05, "duration": 0.08567190170288086, "fun": "0.0909627434387853", "jac": "[-1.23574484e-06 -1.74134041e-06  2.01646477e-06 -8.64219807e-07\n  3.28248539e-06  7.32480743e-07]", "hess_inv": "[[ 3.5507756  -0.26689493  2.19869651  1.27951541 -0.36601318  0.95860174]\n [-0.26689493  3.12200499  0.52300592 -0.18506758  1.19685695 -1.93476001]\n [ 2.19869651  0.52300592  8.70440573  2.10445087 -3.01375544  1.48337304]\n [ 1.27951541 -0.18506758  2.10445087  3.11714042 -0.92581546  0.85619188]\n [-0.36601318  1.19685695 -3.01375544 -0.92581546  5.40735157 -4.34667729]\n [ 0.95860174 -1.93476001  1.48337304  0.85619188 -4.34667729  8.33320678]]", "nfev": "189", "njev": "27", "status": "0", "success": "True", "message": "Optimization terminated successfully.", "x": "[1.61187085 1.52873725 5.50097005 5.16495828 1.57890676 6.85759988]", "nit": "25", "callback": [0.4491016311525431, 0.3664550804169855, 0.3087391266288467, 0.2842234316465102, 0.2795853410713619, 0.27106689076356194, 0.25565767063764533, 0.23966257087318998, 0.23000131799337353, 0.21208440359251468, 0.18054438687512608, 0.13709863019175894, 0.11657195931637165, 0.10363232849149162, 0.0976486448201489, 0.09590646845582673, 0.09441143052786782, 0.09220129424802359, 0.09109624908462466, 0.09099333166276691, 0.09096616154817683, 0.09096333247273525, 0.09096275801054421, 0.09096274386828085, 0.0909627434387853]}, "1": {"maxiter": 100, "gtol": 1e-05, "xrtol": 1e-05, "eps": 1e-10, "duration": 0.08388495445251465, "fun": "0.0909627434144421", "jac": "[-1.11022293e-06  2.22044587e-06  3.33066880e-06  2.22044587e-06\n  2.22044587e-06  1.11022293e-06]", "hess_inv": "[[ 4.11383446 -0.97129698  3.04417864  1.42320508 -0.93377796  2.01627193]\n [-0.97129698  3.10390781  0.12102582 -0.41958446  0.53486974 -2.27015211]\n [ 3.04417864  0.12102582  9.490821    2.39633487 -2.81451067  2.2412778 ]\n [ 1.42320508 -0.41958446  2.39633487  3.16420293 -1.20393771  1.24703813]\n [-0.93377796  0.53486974 -2.81451067 -1.20393771  3.79420503 -3.74336116]\n [ 2.01627193 -2.27015211  2.2412778   1.24703813 -3.74336116  9.0445125 ]]", "nfev": "196", "njev": "28", "status": "0", "success": "True", "message": "Optimization terminated successfully.", "x": "[1.61187301 1.528752   5.50097056 5.16496729 1.57891155 6.85758925]", "nit": "26", "callback": [0.4491004613139732, 0.3664548387886457, 0.308738132507829, 0.2842225109084645, 0.27958478467336434, 0.2710666796775637, 0.25565725813967144, 0.23965833987217844, 0.229999963172403, 0.21208711028418836, 0.18055041381702597, 0.1370957103387619, 0.11656673084916436, 0.10364372051801407, 0.09765284435416488, 0.0959087049262185, 0.09441455377595964, 0.09220496362308184, 0.09109661747123965, 0.09099337764236148, 0.09096618680433766, 0.09096333839108683, 0.0909627589038925, 0.09096274395383275, 0.09096274351197486, 0.0909627434144421]}, "2": {"maxiter": 100, "gtol": 1e-05, "xrtol": 1e-10, "eps": 1e-05, "duration": 0.08648300170898438, "fun": "0.0909627434387853", "jac": "[-1.23574484e-06 -1.74134041e-06  2.01646477e-06 -8.64219807e-07\n  3.28248539e-06  7.32480743e-07]", "hess_inv": "[[ 3.5507756  -0.26689493  2.19869651  1.27951541 -0.36601318  0.95860174]\n [-0.26689493  3.12200499  0.52300592 -0.18506758  1.19685695 -1.93476001]\n [ 2.19869651  0.52300592  8.70440573  2.10445087 -3.01375544  1.48337304]\n [ 1.27951541 -0.18506758  2.10445087  3.11714042 -0.92581546  0.85619188]\n [-0.36601318  1.19685695 -3.01375544 -0.92581546  5.40735157 -4.34667729]\n [ 0.95860174 -1.93476001  1.48337304  0.85619188 -4.34667729  8.33320678]]", "nfev": "189", "njev": "27", "status": "0", "success": "True", "message": "Optimization terminated successfully.", "x": "[1.61187085 1.52873725 5.50097005 5.16495828 1.57890676 6.85759988]", "nit": "25", "callback": [0.4491016311525431, 0.3664550804169855, 0.3087391266288467, 0.2842234316465102, 0.2795853410713619, 0.27106689076356194, 0.25565767063764533, 0.23966257087318998, 0.23000131799337353, 0.21208440359251468, 0.18054438687512608, 0.13709863019175894, 0.11657195931637165, 0.10363232849149162, 0.0976486448201489, 0.09590646845582673, 0.09441143052786782, 0.09220129424802359, 0.09109624908462466, 0.09099333166276691, 0.09096616154817683, 0.09096333247273525, 0.09096275801054421, 0.09096274386828085, 0.0909627434387853]}, "3": {"maxiter": 100, "gtol": 1e-05, "xrtol": 1e-10, "eps": 1e-10, "duration": 0.0958869457244873, "fun": "0.0909627434144421", "jac": "[-1.11022293e-06  2.22044587e-06  3.33066880e-06  2.22044587e-06\n  2.22044587e-06  1.11022293e-06]", "hess_inv": "[[ 4.11383446 -0.97129698  3.04417864  1.42320508 -0.93377796  2.01627193]\n [-0.97129698  3.10390781  0.12102582 -0.41958446  0.53486974 -2.27015211]\n [ 3.04417864  0.12102582  9.490821    2.39633487 -2.81451067  2.2412778 ]\n [ 1.42320508 -0.41958446  2.39633487  3.16420293 -1.20393771  1.24703813]\n [-0.93377796  0.53486974 -2.81451067 -1.20393771  3.79420503 -3.74336116]\n [ 2.01627193 -2.27015211  2.2412778   1.24703813 -3.74336116  9.0445125 ]]", "nfev": "196", "njev": "28", "status": "0", "success": "True", "message": "Optimization terminated successfully.", "x": "[1.61187301 1.528752   5.50097056 5.16496729 1.57891155 6.85758925]", "nit": "26", "callback": [0.4491004613139732, 0.3664548387886457, 0.308738132507829, 0.2842225109084645, 0.27958478467336434, 0.2710666796775637, 0.25565725813967144, 0.23965833987217844, 0.229999963172403, 0.21208711028418836, 0.18055041381702597, 0.1370957103387619, 0.11656673084916436, 0.10364372051801407, 0.09765284435416488, 0.0959087049262185, 0.09441455377595964, 0.09220496362308184, 0.09109661747123965, 0.09099337764236148, 0.09096618680433766, 0.09096333839108683, 0.0909627589038925, 0.09096274395383275, 0.09096274351197486, 0.0909627434144421]}, "4": {"maxiter": 100, "gtol": 1e-10, "xrtol": 1e-05, "eps": 1e-05, "duration": 0.10883903503417969, "fun": "0.0909627434387853", "jac": "[-1.23574484e-06 -1.74134041e-06  2.01646477e-06 -8.64219807e-07\n  3.28248539e-06  7.32480743e-07]", "hess_inv": "[[ 3.5507756  -0.26689493  2.19869651  1.27951541 -0.36601318  0.95860174]\n [-0.26689493  3.12200499  0.52300592 -0.18506758  1.19685695 -1.93476001]\n [ 2.19869651  0.52300592  8.70440573  2.10445087 -3.01375544  1.48337304]\n [ 1.27951541 -0.18506758  2.10445087  3.11714042 -0.92581546  0.85619188]\n [-0.36601318  1.19685695 -3.01375544 -0.92581546  5.40735157 -4.34667729]\n [ 0.95860174 -1.93476001  1.48337304  0.85619188 -4.34667729  8.33320678]]", "nfev": "189", "njev": "27", "status": "0", "success": "True", "message": "Optimization terminated successfully.", "x": "[1.61187085 1.52873725 5.50097005 5.16495828 1.57890676 6.85759988]", "nit": "25", "callback": [0.4491016311525431, 0.3664550804169855, 0.3087391266288467, 0.2842234316465102, 0.2795853410713619, 0.27106689076356194, 0.25565767063764533, 0.23966257087318998, 0.23000131799337353, 0.21208440359251468, 0.18054438687512608, 0.13709863019175894, 0.11657195931637165, 0.10363232849149162, 0.0976486448201489, 0.09590646845582673, 0.09441143052786782, 0.09220129424802359, 0.09109624908462466, 0.09099333166276691, 0.09096616154817683, 0.09096333247273525, 0.09096275801054421, 0.09096274386828085, 0.0909627434387853]}, "5": {"maxiter": 100, "gtol": 1e-10, "xrtol": 1e-05, "eps": 1e-10, "duration": 0.1132509708404541, "fun": "0.0909627434144421", "jac": "[-1.11022293e-06  2.22044587e-06  3.33066880e-06  2.22044587e-06\n  2.22044587e-06  1.11022293e-06]", "hess_inv": "[[ 4.11383446 -0.97129698  3.04417864  1.42320508 -0.93377796  2.01627193]\n [-0.97129698  3.10390781  0.12102582 -0.41958446  0.53486974 -2.27015211]\n [ 3.04417864  0.12102582  9.490821    2.39633487 -2.81451067  2.2412778 ]\n [ 1.42320508 -0.41958446  2.39633487  3.16420293 -1.20393771  1.24703813]\n [-0.93377796  0.53486974 -2.81451067 -1.20393771  3.79420503 -3.74336116]\n [ 2.01627193 -2.27015211  2.2412778   1.24703813 -3.74336116  9.0445125 ]]", "nfev": "196", "njev": "28", "status": "0", "success": "True", "message": "Optimization terminated successfully.", "x": "[1.61187301 1.528752   5.50097056 5.16496729 1.57891155 6.85758925]", "nit": "26", "callback": [0.4491004613139732, 0.3664548387886457, 0.308738132507829, 0.2842225109084645, 0.27958478467336434, 0.2710666796775637, 0.25565725813967144, 0.23965833987217844, 0.229999963172403, 0.21208711028418836, 0.18055041381702597, 0.1370957103387619, 0.11656673084916436, 0.10364372051801407, 0.09765284435416488, 0.0959087049262185, 0.09441455377595964, 0.09220496362308184, 0.09109661747123965, 0.09099337764236148, 0.09096618680433766, 0.09096333839108683, 0.0909627589038925, 0.09096274395383275, 0.09096274351197486, 0.0909627434144421]}, "6": {"maxiter": 100, "gtol": 1e-10, "xrtol": 1e-10, "eps": 1e-05, "duration": 0.1106722354888916, "fun": "0.0909627434184711", "jac": "[ 0.00000000e+00  4.44089210e-11  0.00000000e+00  0.00000000e+00\n  1.11022302e-11 -3.33066907e-11]", "hess_inv": "[[ 3.51751692 -0.21522112  2.24021422  1.27458348 -0.24615529  0.74834476]\n [-0.21522112  3.2291841   0.32878286 -0.0136908   0.8281499  -1.85775711]\n [ 2.24021422  0.32878286  8.9972758   1.98932176 -2.88865828  1.53576899]\n [ 1.27458348 -0.0136908   1.98932176  3.23460471 -1.10021043  0.65922556]\n [-0.24615529  0.8281499  -2.88865828 -1.10021043  5.20780226 -3.52346794]\n [ 0.74834476 -1.85775711  1.53576899  0.65922556 -3.52346794  7.84630056]]", "nfev": "217", "njev": "31", "status": "0", "success": "True", "message": "Optimization terminated successfully.", "x": "[1.61187168 1.52874064 5.50096518 5.16496185 1.57889815 6.85760087]", "nit": "29", "callback": [0.4491016311525431, 0.3664550804169855, 0.3087391266288467, 0.2842234316465102, 0.2795853410713619, 0.27106689076356194, 0.25565767063764533, 0.23966257087318998, 0.23000131799337353, 0.21208440359251468, 0.18054438687512608, 0.13709863019175894, 0.11657195931637165, 0.10363232849149162, 0.0976486448201489, 0.09590646845582673, 0.09441143052786782, 0.09220129424802359, 0.09109624908462466, 0.09099333166276691, 0.09096616154817683, 0.09096333247273525, 0.09096275801054421, 0.09096274386828085, 0.0909627434387853, 0.09096274342054567, 0.09096274341848476, 0.09096274341847177, 0.0909627434184711]}, "7": {"maxiter": 100, "gtol": 1e-10, "xrtol": 1e-10, "eps": 1e-10, "duration": 0.23214173316955566, "fun": "0.0909627434144421", "jac": "[-1.11022293e-06  2.22044587e-06  3.33066880e-06  2.22044587e-06\n  2.22044587e-06  1.11022293e-06]", "hess_inv": "[[ 5.22255695 -0.52976874  5.50622345  2.33383065 -0.72314817  2.68422638]\n [-0.52976874  3.14137223  0.49177994 -0.28604321  0.89487665 -2.02933604]\n [ 5.50622345  0.49177994 12.27138758  3.40896046 -1.13002783  3.61357165]\n [ 2.33383065 -0.28604321  3.40896046  3.53279757 -0.57374536  1.7539493 ]\n [-0.72314817  0.89487665 -1.13002783 -0.57374536  3.28317097 -3.56620752]\n [ 2.68422638 -2.02933604  3.61357165  1.7539493  -3.56620752  9.44234052]]", "nfev": "544", "njev": "76", "status": "2", "success": "False", "message": "Desired error not necessarily achieved due to precision loss.", "x": "[1.61187301 1.528752   5.50097056 5.16496729 1.57891155 6.85758925]", "nit": "26", "callback": [0.4491004613139732, 0.3664548387886457, 0.308738132507829, 0.2842225109084645, 0.27958478467336434, 0.2710666796775637, 0.25565725813967144, 0.23965833987217844, 0.229999963172403, 0.21208711028418836, 0.18055041381702597, 0.1370957103387619, 0.11656673084916436, 0.10364372051801407, 0.09765284435416488, 0.0959087049262185, 0.09441455377595964, 0.09220496362308184, 0.09109661747123965, 0.09099337764236148, 0.09096618680433766, 0.09096333839108683, 0.0909627589038925, 0.09096274395383275, 0.09096274351197486, 0.0909627434144421]}, "8": {"maxiter": 500, "gtol": 1e-05, "xrtol": 1e-05, "eps": 1e-05, "duration": 0.06837201118469238, "fun": "0.0909627434387853", "jac": "[-1.23574484e-06 -1.74134041e-06  2.01646477e-06 -8.64219807e-07\n  3.28248539e-06  7.32480743e-07]", "hess_inv": "[[ 3.5507756  -0.26689493  2.19869651  1.27951541 -0.36601318  0.95860174]\n [-0.26689493  3.12200499  0.52300592 -0.18506758  1.19685695 -1.93476001]\n [ 2.19869651  0.52300592  8.70440573  2.10445087 -3.01375544  1.48337304]\n [ 1.27951541 -0.18506758  2.10445087  3.11714042 -0.92581546  0.85619188]\n [-0.36601318  1.19685695 -3.01375544 -0.92581546  5.40735157 -4.34667729]\n [ 0.95860174 -1.93476001  1.48337304  0.85619188 -4.34667729  8.33320678]]", "nfev": "189", "njev": "27", "status": "0", "success": "True", "message": "Optimization terminated successfully.", "x": "[1.61187085 1.52873725 5.50097005 5.16495828 1.57890676 6.85759988]", "nit": "25", "callback": [0.4491016311525431, 0.3664550804169855, 0.3087391266288467, 0.2842234316465102, 0.2795853410713619, 0.27106689076356194, 0.25565767063764533, 0.23966257087318998, 0.23000131799337353, 0.21208440359251468, 0.18054438687512608, 0.13709863019175894, 0.11657195931637165, 0.10363232849149162, 0.0976486448201489, 0.09590646845582673, 0.09441143052786782, 0.09220129424802359, 0.09109624908462466, 0.09099333166276691, 0.09096616154817683, 0.09096333247273525, 0.09096275801054421, 0.09096274386828085, 0.0909627434387853]}, "9": {"maxiter": 500, "gtol": 1e-05, "xrtol": 1e-05, "eps": 1e-10, "duration": 0.07747316360473633, "fun": "0.0909627434144421", "jac": "[-1.11022293e-06  2.22044587e-06  3.33066880e-06  2.22044587e-06\n  2.22044587e-06  1.11022293e-06]", "hess_inv": "[[ 4.11383446 -0.97129698  3.04417864  1.42320508 -0.93377796  2.01627193]\n [-0.97129698  3.10390781  0.12102582 -0.41958446  0.53486974 -2.27015211]\n [ 3.04417864  0.12102582  9.490821    2.39633487 -2.81451067  2.2412778 ]\n [ 1.42320508 -0.41958446  2.39633487  3.16420293 -1.20393771  1.24703813]\n [-0.93377796  0.53486974 -2.81451067 -1.20393771  3.79420503 -3.74336116]\n [ 2.01627193 -2.27015211  2.2412778   1.24703813 -3.74336116  9.0445125 ]]", "nfev": "196", "njev": "28", "status": "0", "success": "True", "message": "Optimization terminated successfully.", "x": "[1.61187301 1.528752   5.50097056 5.16496729 1.57891155 6.85758925]", "nit": "26", "callback": [0.4491004613139732, 0.3664548387886457, 0.308738132507829, 0.2842225109084645, 0.27958478467336434, 0.2710666796775637, 0.25565725813967144, 0.23965833987217844, 0.229999963172403, 0.21208711028418836, 0.18055041381702597, 0.1370957103387619, 0.11656673084916436, 0.10364372051801407, 0.09765284435416488, 0.0959087049262185, 0.09441455377595964, 0.09220496362308184, 0.09109661747123965, 0.09099337764236148, 0.09096618680433766, 0.09096333839108683, 0.0909627589038925, 0.09096274395383275, 0.09096274351197486, 0.0909627434144421]}, "10": {"maxiter": 500, "gtol": 1e-05, "xrtol": 1e-10, "eps": 1e-05, "duration": 0.07416129112243652, "fun": "0.0909627434387853", "jac": "[-1.23574484e-06 -1.74134041e-06  2.01646477e-06 -8.64219807e-07\n  3.28248539e-06  7.32480743e-07]", "hess_inv": "[[ 3.5507756  -0.26689493  2.19869651  1.27951541 -0.36601318  0.95860174]\n [-0.26689493  3.12200499  0.52300592 -0.18506758  1.19685695 -1.93476001]\n [ 2.19869651  0.52300592  8.70440573  2.10445087 -3.01375544  1.48337304]\n [ 1.27951541 -0.18506758  2.10445087  3.11714042 -0.92581546  0.85619188]\n [-0.36601318  1.19685695 -3.01375544 -0.92581546  5.40735157 -4.34667729]\n [ 0.95860174 -1.93476001  1.48337304  0.85619188 -4.34667729  8.33320678]]", "nfev": "189", "njev": "27", "status": "0", "success": "True", "message": "Optimization terminated successfully.", "x": "[1.61187085 1.52873725 5.50097005 5.16495828 1.57890676 6.85759988]", "nit": "25", "callback": [0.4491016311525431, 0.3664550804169855, 0.3087391266288467, 0.2842234316465102, 0.2795853410713619, 0.27106689076356194, 0.25565767063764533, 0.23966257087318998, 0.23000131799337353, 0.21208440359251468, 0.18054438687512608, 0.13709863019175894, 0.11657195931637165, 0.10363232849149162, 0.0976486448201489, 0.09590646845582673, 0.09441143052786782, 0.09220129424802359, 0.09109624908462466, 0.09099333166276691, 0.09096616154817683, 0.09096333247273525, 0.09096275801054421, 0.09096274386828085, 0.0909627434387853]}, "11": {"maxiter": 500, "gtol": 1e-05, "xrtol": 1e-10, "eps": 1e-10, "duration": 0.07564902305603027, "fun": "0.0909627434144421", "jac": "[-1.11022293e-06  2.22044587e-06  3.33066880e-06  2.22044587e-06\n  2.22044587e-06  1.11022293e-06]", "hess_inv": "[[ 4.11383446 -0.97129698  3.04417864  1.42320508 -0.93377796  2.01627193]\n [-0.97129698  3.10390781  0.12102582 -0.41958446  0.53486974 -2.27015211]\n [ 3.04417864  0.12102582  9.490821    2.39633487 -2.81451067  2.2412778 ]\n [ 1.42320508 -0.41958446  2.39633487  3.16420293 -1.20393771  1.24703813]\n [-0.93377796  0.53486974 -2.81451067 -1.20393771  3.79420503 -3.74336116]\n [ 2.01627193 -2.27015211  2.2412778   1.24703813 -3.74336116  9.0445125 ]]", "nfev": "196", "njev": "28", "status": "0", "success": "True", "message": "Optimization terminated successfully.", "x": "[1.61187301 1.528752   5.50097056 5.16496729 1.57891155 6.85758925]", "nit": "26", "callback": [0.4491004613139732, 0.3664548387886457, 0.308738132507829, 0.2842225109084645, 0.27958478467336434, 0.2710666796775637, 0.25565725813967144, 0.23965833987217844, 0.229999963172403, 0.21208711028418836, 0.18055041381702597, 0.1370957103387619, 0.11656673084916436, 0.10364372051801407, 0.09765284435416488, 0.0959087049262185, 0.09441455377595964, 0.09220496362308184, 0.09109661747123965, 0.09099337764236148, 0.09096618680433766, 0.09096333839108683, 0.0909627589038925, 0.09096274395383275, 0.09096274351197486, 0.0909627434144421]}, "12": {"maxiter": 500, "gtol": 1e-10, "xrtol": 1e-05, "eps": 1e-05, "duration": 0.06656384468078613, "fun": "0.0909627434387853", "jac": "[-1.23574484e-06 -1.74134041e-06  2.01646477e-06 -8.64219807e-07\n  3.28248539e-06  7.32480743e-07]", "hess_inv": "[[ 3.5507756  -0.26689493  2.19869651  1.27951541 -0.36601318  0.95860174]\n [-0.26689493  3.12200499  0.52300592 -0.18506758  1.19685695 -1.93476001]\n [ 2.19869651  0.52300592  8.70440573  2.10445087 -3.01375544  1.48337304]\n [ 1.27951541 -0.18506758  2.10445087  3.11714042 -0.92581546  0.85619188]\n [-0.36601318  1.19685695 -3.01375544 -0.92581546  5.40735157 -4.34667729]\n [ 0.95860174 -1.93476001  1.48337304  0.85619188 -4.34667729  8.33320678]]", "nfev": "189", "njev": "27", "status": "0", "success": "True", "message": "Optimization terminated successfully.", "x": "[1.61187085 1.52873725 5.50097005 5.16495828 1.57890676 6.85759988]", "nit": "25", "callback": [0.4491016311525431, 0.3664550804169855, 0.3087391266288467, 0.2842234316465102, 0.2795853410713619, 0.27106689076356194, 0.25565767063764533, 0.23966257087318998, 0.23000131799337353, 0.21208440359251468, 0.18054438687512608, 0.13709863019175894, 0.11657195931637165, 0.10363232849149162, 0.0976486448201489, 0.09590646845582673, 0.09441143052786782, 0.09220129424802359, 0.09109624908462466, 0.09099333166276691, 0.09096616154817683, 0.09096333247273525, 0.09096275801054421, 0.09096274386828085, 0.0909627434387853]}, "13": {"maxiter": 500, "gtol": 1e-10, "xrtol": 1e-05, "eps": 1e-10, "duration": 0.0626521110534668, "fun": "0.0909627434144421", "jac": "[-1.11022293e-06  2.22044587e-06  3.33066880e-06  2.22044587e-06\n  2.22044587e-06  1.11022293e-06]", "hess_inv": "[[ 4.11383446 -0.97129698  3.04417864  1.42320508 -0.93377796  2.01627193]\n [