{"date": "2024/10/08/, 17:16:35", "conf_id": 15, "data_type": "random\n", "num_data_points": 1, "s_rank": 0, "unitary": "[[-0.45070455-0.02711853j,0.78437395-0.06613086j,0.06358678+0.19963393j,-0.07343613+0.35668523j],[-0.01890143-0.03813363j,0.32408202+0.25557629j,0.05872864-0.68979805j,0.55466693-0.20227297j],[-0.11215405+0.64023111j,-0.13344055+0.29565494j,-0.49012687-0.19046288j,-0.04241254+0.44046348j],[0.55771659+0.24656916j,0.31851997-0.05798805j,0.28761525-0.34294258j,-0.56718418+0.03616933j]]", "databatch_0": {"databatch": "[[[0.04825078-0.04281163j,-0.22970037+0.12409915j,0.28065501-0.24073082j,-0.0622342+0.24174145j],[-0.01314943+0.20267982j,0.01947458-0.11997878j,0.01982135-0.02196487j,-0.14900793+0.04154397j],[0.0443335+0.0269559j,-0.33889203-0.16919102j,-0.04412654+0.20506365j,-0.29372605-0.01268455j],[-0.00935639-0.18411391j,0.4502821-0.09271809j,0.21673413-0.1612324j,-0.22621694+0.04165805j]]]", "initial param values": "[1.88025691,5.42612736,0.99949599,5.02819008,2.26439187,0.99140727]", "nelder_mead": {"type": "gradient-free", "0": {"maxiter": 100, "fatol": 1e-05, "xatol": 1e-05, "duration": 0.03814506530761719, "fun": "0.23102441089805414", "nit": "100", "nfev": "161", "status": "2", "success": "False", "message": "Maximum number of iterations has been exceeded.", "x": "[1.20211475 7.71218537 1.25938319 4.74870756 1.3270696  1.01401008]", "final_simplex": "(array([[1.20211475, 7.71218537, 1.25938319, 4.74870756, 1.3270696 ,\n        1.01401008],\n       [1.1957291 , 7.70908583, 1.25715304, 4.75484775, 1.33560743,\n        1.01626741],\n       [1.20264346, 7.7008332 , 1.25819917, 4.75342509, 1.32868484,\n        1.01596128],\n       [1.20554668, 7.71440617, 1.25650701, 4.75068563, 1.33568247,\n        1.0143918 ],\n       [1.19972253, 7.70541741, 1.25852182, 4.75141526, 1.32782139,\n        1.01846002],\n       [1.20140232, 7.70796307, 1.25849895, 4.74202124, 1.33082577,\n        1.01748107],\n       [1.19780662, 7.7042113 , 1.26149972, 4.74460287, 1.32572005,\n        1.01464639]]), array([0.23102441, 0.23103452, 0.23104194, 0.231042  , 0.23104482,\n       0.23104899, 0.23105501]))", "callback": [0.8186877999699573, 0.5448664390938855, 0.3189216661078178, 0.27818263981573255, 0.2490948392600587, 0.23577654452670038, 0.23167185998883033, 0.23121984042371024, 0.23110299953288715, 0.23103452001391367]}, "1": {"maxiter": 100, "fatol": 1e-05, "xatol": 1e-10, "duration": 0.033453941345214844, "fun": "0.23102441089805414", "nit": "100", "nfev": "161", "status": "2", "success": "False", "message": "Maximum number of iterations has been exceeded.", "x": "[1.20211475 7.71218537 1.25938319 4.74870756 1.3270696  1.01401008]", "final_simplex": "(array([[1.20211475, 7.71218537, 1.25938319, 4.74870756, 1.3270696 ,\n        1.01401008],\n       [1.1957291 , 7.70908583, 1.25715304, 4.75484775, 1.33560743,\n        1.01626741],\n       [1.20264346, 7.7008332 , 1.25819917, 4.75342509, 1.32868484,\n        1.01596128],\n       [1.20554668, 7.71440617, 1.25650701, 4.75068563, 1.33568247,\n        1.0143918 ],\n       [1.19972253, 7.70541741, 1.25852182, 4.75141526, 1.32782139,\n        1.01846002],\n       [1.20140232, 7.70796307, 1.25849895, 4.74202124, 1.33082577,\n        1.01748107],\n       [1.19780662, 7.7042113 , 1.26149972, 4.74460287, 1.32572005,\n        1.01464639]]), array([0.23102441, 0.23103452, 0.23104194, 0.231042  , 0.23104482,\n       0.23104899, 0.23105501]))", "callback": [0.8186877999699573, 0.5448664390938855, 0.3189216661078178, 0.27818263981573255, 0.2490948392600587, 0.23577654452670038, 0.23167185998883033, 0.23121984042371024, 0.23110299953288715, 0.23103452001391367]}, "2": {"maxiter": 100, "fatol": 1e-10, "xatol": 1e-05, "duration": 0.033288002014160156, "fun": "0.23102441089805414", "nit": "100", "nfev": "161", "status": "2", "success": "False", "message": "Maximum number of iterations has been exceeded.", "x": "[1.20211475 7.71218537 1.25938319 4.74870756 1.3270696  1.01401008]", "final_simplex": "(array([[1.20211475, 7.71218537, 1.25938319, 4.74870756, 1.3270696 ,\n        1.01401008],\n       [1.1957291 , 7.70908583, 1.25715304, 4.75484775, 1.33560743,\n        1.01626741],\n       [1.20264346, 7.7008332 , 1.25819917, 4.75342509, 1.32868484,\n        1.01596128],\n       [1.20554668, 7.71440617, 1.25650701, 4.75068563, 1.33568247,\n        1.0143918 ],\n       [1.19972253, 7.70541741, 1.25852182, 4.75141526, 1.32782139,\n        1.01846002],\n       [1.20140232, 7.70796307, 1.25849895, 4.74202124, 1.33082577,\n        1.01748107],\n       [1.19780662, 7.7042113 , 1.26149972, 4.74460287, 1.32572005,\n        1.01464639]]), array([0.23102441, 0.23103452, 0.23104194, 0.231042  , 0.23104482,\n       0.23104899, 0.23105501]))", "callback": [0.8186877999699573, 0.5448664390938855, 0.3189216661078178, 0.27818263981573255, 0.2490948392600587, 0.23577654452670038, 0.23167185998883033, 0.23121984042371024, 0.23110299953288715, 0.23103452001391367]}, "3": {"maxiter": 100, "fatol": 1e-10, "xatol": 1e-10, "duration": 0.03965497016906738, "fun": "0.23102441089805414", "nit": "100", "nfev": "161", "status": "2", "success": "False", "message": "Maximum number of iterations has been exceeded.", "x": "[1.20211475 7.71218537 1.25938319 4.74870756 1.3270696  1.01401008]", "final_simplex": "(array([[1.20211475, 7.71218537, 1.25938319, 4.74870756, 1.3270696 ,\n        1.01401008],\n       [1.1957291 , 7.70908583, 1.25715304, 4.75484775, 1.33560743,\n        1.01626741],\n       [1.20264346, 7.7008332 , 1.25819917, 4.75342509, 1.32868484,\n        1.01596128],\n       [1.20554668, 7.71440617, 1.25650701, 4.75068563, 1.33568247,\n        1.0143918 ],\n       [1.19972253, 7.70541741, 1.25852182, 4.75141526, 1.32782139,\n        1.01846002],\n       [1.20140232, 7.70796307, 1.25849895, 4.74202124, 1.33082577,\n        1.01748107],\n       [1.19780662, 7.7042113 , 1.26149972, 4.74460287, 1.32572005,\n        1.01464639]]), array([0.23102441, 0.23103452, 0.23104194, 0.231042  , 0.23104482,\n       0.23104899, 0.23105501]))", "callback": [0.8186877999699573, 0.5448664390938855, 0.3189216661078178, 0.27818263981573255, 0.2490948392600587, 0.23577654452670038, 0.23167185998883033, 0.23121984042371024, 0.23110299953288715, 0.23103452001391367]}, "4": {"maxiter": 500, "fatol": 1e-05, "xatol": 1e-05, "duration": 0.11795210838317871, "fun": "0.22821192080782216", "nit": "300", "nfev": "471", "status": "0", "success": "True", "message": "Optimization terminated successfully.", "x": "[1.22444063 7.78684773 1.08798631 4.77721525 1.2723894  1.02219109]", "final_simplex": "(array([[1.22444063, 7.78684773, 1.08798631, 4.77721525, 1.2723894 ,\n        1.02219109],\n       [1.22443625, 7.78684616, 1.08798916, 4.77721815, 1.2723958 ,\n        1.02219109],\n       [1.22444099, 7.78685522, 1.08798296, 4.77721907, 1.272393  ,\n        1.02218847],\n       [1.22443817, 7.78685201, 1.08798759, 4.7772131 , 1.27239775,\n        1.02218978],\n       [1.22444087, 7.78684567, 1.0879796 , 4.77722256, 1.27239428,\n        1.02219441],\n       [1.22443475, 7.78685531, 1.08797822, 4.77721926, 1.27238506,\n        1.02219046],\n       [1.22444009, 7.78685307, 1.08798207, 4.77722143, 1.27239688,\n        1.02219958]]), array([0.22821192, 0.22821192, 0.22821192, 0.22821192, 0.22821192,\n       0.22821192, 0.22821192]))", "callback": [0.8186877999699573, 0.5448664390938855, 0.3189216661078178, 0.27818263981573255, 0.2490948392600587, 0.23577654452670038, 0.23167185998883033, 0.23121984042371024, 0.23110299953288715, 0.23103452001391367, 0.23102441089805414, 0.23098589598426056, 0.23092100121259607, 0.23085056465856368, 0.23069942991207582, 0.2306165240805894, 0.2303859436061898, 0.22936682722298163, 0.2284207561828302, 0.22827358113025387, 0.22822756862157267, 0.22821520588602506, 0.22821301169200436, 0.22821212019351955, 0.2282119475525599, 0.22821192600623408, 0.22821192251797384, 0.22821192115887023, 0.22821192089344033, 0.22821192082522834]}, "5": {"maxiter": 500, "fatol": 1e-05, "xatol": 1e-10, "duration": 0.15797686576843262, "fun": "0.22821192080313124", "nit": "407", "nfev": "706", "status": "0", "success": "True", "message": "Optimization terminated successfully.", "x": "[1.22443812 7.78684979 1.08798237 4.77721712 1.27239175 1.0221938 ]", "final_simplex": "(array([[1.22443812, 7.78684979, 1.08798237, 4.77721712, 1.27239175,\n        1.0221938 ],\n       [1.22443812, 7.78684979, 1.08798237, 4.77721712, 1.27239175,\n        1.0221938 ],\n       [1.22443812, 7.78684979, 1.08798237, 4.77721712, 1.27239175,\n        1.0221938 ],\n       [1.22443812, 7.78684979, 1.08798237, 4.77721712, 1.27239175,\n        1.0221938 ],\n       [1.22443812, 7.78684979, 1.08798237, 4.77721712, 1.27239175,\n        1.0221938 ],\n       [1.22443812, 7.78684979, 1.08798237, 4.77721712, 1.27239175,\n        1.0221938 ],\n       [1.22443812, 7.78684979, 1.08798237, 4.77721712, 1.27239175,\n        1.0221938 ]]), array([0.22821192, 0.22821192, 0.22821192, 0.22821192, 0.22821192,\n       0.22821192, 0.22821192]))", "callback": [0.8186877999699573, 0.5448664390938855, 0.3189216661078178, 0.27818263981573255, 0.2490948392600587, 0.23577654452670038, 0.23167185998883033, 0.23121984042371024, 0.23110299953288715, 0.23103452001391367, 0.23102441089805414, 0.23098589598426056, 0.23092100121259607, 0.23085056465856368, 0.23069942991207582, 0.2306165240805894, 0.2303859436061898, 0.22936682722298163, 0.2284207561828302, 0.22827358113025387, 0.22822756862157267, 0.22821520588602506, 0.22821301169200436, 0.22821212019351955, 0.2282119475525599, 0.22821192600623408, 0.22821192251797384, 0.22821192115887023, 0.22821192089344033, 0.22821192082522834, 0.22821192080661934, 0.22821192080403563, 0.22821192080333974, 0.22821192080315755, 0.22821192080313835, 0.22821192080313346, 0.22821192080313157, 0.22821192080313135, 0.22821192080313124, 0.22821192080313124, 0.22821192080313124]}, "6": {"maxiter": 500, "fatol": 1e-10, "xatol": 1e-05, "duration": 0.10750102996826172, "fun": "0.22821192080782216", "nit": "300", "nfev": "471", "status": "0", "success": "True", "message": "Optimization terminated successfully.", "x": "[1.22444063 7.78684773 1.08798631 4.77721525 1.2723894  1.02219109]", "final_simplex": "(array([[1.22444063, 7.78684773, 1.08798631, 4.77721525, 1.2723894 ,\n        1.02219109],\n       [1.22443625, 7.78684616, 1.08798916, 4.77721815, 1.2723958 ,\n        1.02219109],\n       [1.22444099, 7.78685522, 1.08798296, 4.77721907, 1.272393  ,\n        1.02218847],\n       [1.22443817, 7.78685201, 1.08798759, 4.7772131 , 1.27239775,\n        1.02218978],\n       [1.22444087, 7.78684567, 1.0879796 , 4.77722256, 1.27239428,\n        1.02219441],\n       [1.22443475, 7.78685531, 1.08797822, 4.77721926, 1.27238506,\n        1.02219046],\n       [1.22444009, 7.78685307, 1.08798207, 4.77722143, 1.27239688,\n        1.02219958]]), array([0.22821192, 0.22821192, 0.22821192, 0.22821192, 0.22821192,\n       0.22821192, 0.22821192]))", "callback": [0.8186877999699573, 0.5448664390938855, 0.3189216661078178, 0.27818263981573255, 0.2490948392600587, 0.23577654452670038, 0.23167185998883033, 0.23121984042371024, 0.23110299953288715, 0.23103452001391367, 0.23102441089805414, 0.23098589598426056, 0.23092100121259607, 0.23085056465856368, 0.23069942991207582, 0.2306165240805894, 0.2303859436061898, 0.22936682722298163, 0.2284207561828302, 0.22827358113025387, 0.22822756862157267, 0.22821520588602506, 0.22821301169200436, 0.22821212019351955, 0.2282119475525599, 0.22821192600623408, 0.22821192251797384, 0.22821192115887023, 0.22821192089344033, 0.22821192082522834]}, "7": {"maxiter": 500, "fatol": 1e-10, "xatol": 1e-10, "duration": 0.16326904296875, "fun": "0.22821192080313124", "nit": "407", "nfev": "706", "status": "0", "success": "True", "message": "Optimization terminated successfully.", "x": "[1.22443812 7.78684979 1.08798237 4.77721712 1.27239175 1.0221938 ]", "final_simplex": "(array([[1.22443812, 7.78684979, 1.08798237, 4.77721712, 1.27239175,\n        1.0221938 ],\n       [1.22443812, 7.78684979, 1.08798237, 4.77721712, 1.27239175,\n        1.0221938 ],\n       [1.22443812, 7.78684979, 1.08798237, 4.77721712, 1.27239175,\n        1.0221938 ],\n       [1.22443812, 7.78684979, 1.08798237, 4.77721712, 1.27239175,\n        1.0221938 ],\n       [1.22443812, 7.78684979, 1.08798237, 4.77721712, 1.27239175,\n        1.0221938 ],\n       [1.22443812, 7.78684979, 1.08798237, 4.77721712, 1.27239175,\n        1.0221938 ],\n       [1.22443812, 7.78684979, 1.08798237, 4.77721712, 1.27239175,\n        1.0221938 ]]), array([0.22821192, 0.22821192, 0.22821192, 0.22821192, 0.22821192,\n       0.22821192, 0.22821192]))", "callback": [0.8186877999699573, 0.5448664390938855, 0.3189216661078178, 0.27818263981573255, 0.2490948392600587, 0.23577654452670038, 0.23167185998883033, 0.23121984042371024, 0.23110299953288715, 0.23103452001391367, 0.23102441089805414, 0.23098589598426056, 0.23092100121259607, 0.23085056465856368, 0.23069942991207582, 0.2306165240805894, 0.2303859436061898, 0.22936682722298163, 0.2284207561828302, 0.22827358113025387, 0.22822756862157267, 0.22821520588602506, 0.22821301169200436, 0.22821212019351955, 0.2282119475525599, 0.22821192600623408, 0.22821192251797384, 0.22821192115887023, 0.22821192089344033, 0.22821192082522834, 0.22821192080661934, 0.22821192080403563, 0.22821192080333974, 0.22821192080315755, 0.22821192080313835, 0.22821192080313346, 0.22821192080313157, 0.22821192080313135, 0.22821192080313124, 0.22821192080313124, 0.22821192080313124]}, "8": {"maxiter": 1000, "fatol": 1e-05, "xatol": 1e-05, "duration": 0.10442996025085449, "fun": "0.22821192080782216", "nit": "300", "nfev": "471", "status": "0", "success": "True", "message": "Optimization terminated successfully.", "x": "[1.22444063 7.78684773 1.08798631 4.77721525 1.2723894  1.02219109]", "final_simplex": "(array([[1.22444063, 7.78684773, 1.08798631, 4.77721525, 1.2723894 ,\n        1.02219109],\n       [1.22443625, 7.78684616, 1.08798916, 4.77721815, 1.2723958 ,\n        1.02219109],\n       [1.22444099, 7.78685522, 1.08798296, 4.77721907, 1.272393  ,\n        1.02218847],\n       [1.22443817, 7.78685201, 1.08798759, 4.7772131 , 1.27239775,\n        1.02218978],\n       [1.22444087, 7.78684567, 1.0879796 , 4.77722256, 1.27239428,\n        1.02219441],\n       [1.22443475, 7.78685531, 1.08797822, 4.77721926, 1.27238506,\n        1.02219046],\n       [1.22444009, 7.78685307, 1.08798207, 4.77722143, 1.27239688,\n        1.02219958]]), array([0.22821192, 0.22821192, 0.22821192, 0.22821192, 0.22821192,\n       0.22821192, 0.22821192]))", "callback": [0.8186877999699573, 0.5448664390938855, 0.3189216661078178, 0.27818263981573255, 0.2490948392600587, 0.23577654452670038, 0.23167185998883033, 0.23121984042371024, 0.23110299953288715, 0.23103452001391367, 0.23102441089805414, 0.23098589598426056, 0.23092100121259607, 0.23085056465856368, 0.23069942991207582, 0.2306165240805894, 0.2303859436061898, 0.22936682722298163, 0.2284207561828302, 0.22827358113025387, 0.22822756862157267, 0.22821520588602506, 0.22821301169200436, 0.22821212019351955, 0.2282119475525599, 0.22821192600623408, 0.22821192251797384, 0.22821192115887023, 0.22821192089344033, 0.22821192082522834]}, "9": {"maxiter": 1000, "fatol": 1e-05, "xatol": 1e-10, "duration": 0.18045282363891602, "fun": "0.22821192080313124", "nit": "407", "nfev": "706", "status": "0", "success": "True", "message": "Optimization terminated successfully.", "x": "[1.22443812 7.78684979 1.08798237 4.77721712 1.27239175 1.0221938 ]", "final_simplex": "(array([[1.22443812, 7.78684979, 1.08798237, 4.77721712, 1.27239175,\n        1.0221938 ],\n       [1.22443812, 7.78684979, 1.08798237, 4.77721712, 1.27239175,\n        1.0221938 ],\n       [1.22443812, 7.78684979, 1.08798237, 4.77721712, 1.27239175,\n        1.0221938 ],\n       [1.22443812, 7.78684979, 1.08798237, 4.77721712, 1.27239175,\n        1.0221938 ],\n       [1.22443812, 7.78684979, 1.08798237, 4.77721712, 1.27239175,\n        1.0221938 ],\n       [1.22443812, 7.78684979, 1.08798237, 4.77721712, 1.27239175,\n        1.0221938 ],\n       [1.22443812, 7.78684979, 1.08798237, 4.77721712, 1.27239175,\n        1.0221938 ]]), array([0.22821192, 0.22821192, 0.22821192, 0.22821192, 0.22821192,\n       0.22821192, 0.22821192]))", "callback": [0.8186877999699573, 0.5448664390938855, 0.3189216661078178, 0.27818263981573255, 0.2490948392600587, 0.23577654452670038, 0.23167185998883033, 0.23121984042371024, 0.23110299953288715, 0.23103452001391367, 0.23102441089805414, 0.23098589598426056, 0.23092100121259607, 0.23085056465856368, 0.23069942991207582, 0.2306165240805894, 0.2303859436061898, 0.22936682722298163, 0.2284207561828302, 0.22827358113025387, 0.22822756862157267, 0.22821520588602506, 0.22821301169200436, 0.22821212019351955, 0.2282119475525599, 0.22821192600623408, 0.22821192251797384, 0.22821192115887023, 0.22821192089344033, 0.22821192082522834, 0.22821192080661934, 0.22821192080403563, 0.22821192080333974, 0.22821192080315755, 0.22821192080313835, 0.22821192080313346, 0.22821192080313157, 0.22821192080313135, 0.22821192080313124, 0.22821192080313124, 0.22821192080313124]}, "10": {"maxiter": 1000, "fatol": 1e-10, "xatol": 1e-05, "duration": 0.11531329154968262, "fun": "0.22821192080782216", "nit": "300", "nfev": "471", "status": "0", "success": "True", "message": "Optimization terminated successfully.", "x": "[1.22444063 7.78684773 1.08798631 4.77721525 1.2723894  1.02219109]", "final_simplex": "(array([[1.22444063, 7.78684773, 1.08798631, 4.77721525, 1.2723894 ,\n        1.02219109],\n       [1.22443625, 7.78684616, 1.08798916, 4.77721815, 1.2723958 ,\n        1.02219109],\n       [1.22444099, 7.78685522, 1.08798296, 4.77721907, 1.272393  ,\n        1.02218847],\n       [1.22443817, 7.78685201, 1.08798759, 4.7772131 , 1.27239775,\n        1.02218978],\n       [1.22444087, 7.78684567, 1.0879796 , 4.77722256, 1.27239428,\n        1.02219441],\n       [1.22443475, 7.78685531, 1.08797822, 4.77721926, 1.27238506,\n        1.02219046],\n       [1.22444009, 7.78685307, 1.08798207, 4.77722143, 1.27239688,\n        1.02219958]]), array([0.22821192, 0.22821192, 0.22821192, 0.22821192, 0.22821192,\n       0.22821192, 0.22821192]))", "callback": [0.8186877999699573, 0.5448664390938855, 0.3189216661078178, 0.27818263981573255, 0.2490948392600587, 0.23577654452670038, 0.23167185998883033, 0.23121984042371024, 0.23110299953288715, 0.23103452001391367, 0.23102441089805414, 0.23098589598426056, 0.23092100121259607, 0.23085056465856368, 0.23069942991207582, 0.2306165240805894, 0.2303859436061898, 0.22936682722298163, 0.2284207561828302, 0.22827358113025387, 0.22822756862157267, 0.22821520588602506, 0.22821301169200436, 0.22821212019351955, 0.2282119475525599, 0.22821192600623408, 0.22821192251797384, 0.22821192115887023, 0.22821192089344033, 0.22821192082522834]}, "11": {"maxiter": 1000, "fatol": 1e-10, "xatol": 1e-10, "duration": 0.16974902153015137, "fun": "0.22821192080313124", "nit": "407", "nfev": "706", "status": "0", "success": "True", "message": "Optimization terminated successfully.", "x": "[1.22443812 7.78684979 1.08798237 4.77721712 1.27239175 1.0221938 ]", "final_simplex": "(array([[1.22443812, 7.78684979, 1.08798237, 4.77721712, 1.27239175,\n        1.0221938 ],\n       [1.22443812, 7.78684979, 1.08798237, 4.77721712, 1.27239175,\n        1.0221938 ],\n       [1.22443812, 7.78684979, 1.08798237, 4.77721712, 1.27239175,\n        1.0221938 ],\n       [1.22443812, 7.78684979, 1.08798237, 4.77721712, 1.27239175,\n        1.0221938 ],\n       [1.22443812, 7.78684979, 1.08798237, 4.77721712, 1.27239175,\n        1.0221938 ],\n       [1.22443812, 7.78684979, 1.08798237, 4.77721712, 1.27239175,\n        1.0221938 ],\n       [1.22443812, 7.78684979, 1.08798237, 4.77721712, 1.27239175,\n        1.0221938 ]]), array([0.22821192, 0.22821192, 0.22821192, 0.22821192, 0.22821192,\n       0.22821192, 0.22821192]))", "callback": [0.8186877999699573, 0.5448664390938855, 0.3189216661078178, 0.27818263981573255, 0.2490948392600587, 0.23577654452670038, 0.23167185998883033, 0.23121984042371024, 0.23110299953288715, 0.23103452001391367, 0.23102441089805414, 0.23098589598426056, 0.23092100121259607, 0.23085056465856368, 0.23069942991207582, 0.2306165240805894, 0.2303859436061898, 0.22936682722298163, 0.2284207561828302, 0.22827358113025387, 0.22822756862157267, 0.22821520588602506, 0.22821301169200436, 0.22821212019351955, 0.2282119475525599, 0.22821192600623408, 0.22821192251797384, 0.22821192115887023, 0.22821192089344033, 0.22821192082522834, 0.22821192080661934, 0.22821192080403563, 0.22821192080333974, 0.22821192080315755, 0.22821192080313835, 0.22821192080313346, 0.22821192080313157, 0.22821192080313135, 0.22821192080313124, 0.22821192080313124, 0.22821192080313124]}}, "bfgs": {"type": "gradient", "0": {"maxiter": 100, "gtol": 1e-05, "xrtol": 1e-05, "eps": 1e-05, "duration": 0.037515878677368164, "fun": "0.22821192086187125", "jac": "[-1.63032920e-06 -2.10909068e-06 -1.62911906e-06 -7.86171128e-07\n -1.39758205e-06 -1.27226008e-06]", "hess_inv": "[[ 3.41397924  0.73167037 -1.06510709 -0.42682628 -1.08752359 -0.29241703]\n [ 0.73167037  4.36993408 -2.22527987  0.18174291 -0.1796208  -1.25589673]\n [-1.06510709 -2.22527987  5.77365826 -1.13425487  1.19925681 -1.46823362]\n [-0.42682628  0.18174291 -1.13425487  2.861372   -0.21954756  0.49032922]\n [-1.08752359 -0.1796208   1.19925681 -0.21954756  3.49654635 -0.67672455]\n [-0.29241703 -1.25589673 -1.46823362  0.49032922 -0.67672455  3.79370187]]", "nfev": "168", "njev": "24", "status": "0", "success": "True", "message": "Optimization terminated successfully.", "x": "[1.22443092 7.78683894 1.08797915 4.77721251 1.27238255 1.02219361]", "nit": "22", "callback": [0.6802191510295372, 0.6553240243024008, 0.6079602662558088, 0.5371132916557778, 0.4637095681725235, 0.3761883411590651, 0.3601825789420139, 0.3322701037274789, 0.28659366495393646, 0.24581597642102604, 0.23694660336958717, 0.23007931389562342, 0.2284731533895451, 0.22832417335488897, 0.22826289634042074, 0.22822880621827601, 0.22821470527671284, 0.22821213668501594, 0.22821195311769193, 0.22821192839077187, 0.22821192145865288, 0.22821192086187125]}, "1": {"maxiter": 100, "gtol": 1e-05, "xrtol": 1e-05, "eps": 1e-10, "duration": 0.04116225242614746, "fun": "0.22821192084027364", "jac": "[-1.11022293e-06 -2.22044587e-06  0.00000000e+00 -5.55111466e-06\n -2.22044587e-06 -3.33066880e-06]", "hess_inv": "[[ 3.28170697  0.74525826 -0.94912594 -0.54553696 -0.96624287 -0.39254529]\n [ 0.74525826  4.39622775 -2.15719908  0.16369168 -0.19163138 -1.31135098]\n [-0.94912594 -2.15719908  5.88677752 -1.09524832  1.00188993 -1.60054707]\n [-0.54553696  0.16369168 -1.09524832  2.76833802 -0.04308055  0.48210341]\n [-0.96624287 -0.19163138  1.00188993 -0.04308055  3.21104349 -0.5666824 ]\n [-0.39254529 -1.31135098 -1.60054707  0.48210341 -0.5666824   3.90998897]]", "nfev": "168", "njev": "24", "status": "0", "success": "True", "message": "Optimization terminated successfully.", "x": "[1.22443844 7.78684061 1.08799906 4.77720898 1.27239309 1.02218549]", "nit": "22", "callback": [0.6802194563155715, 0.6553247211730169, 0.6079612147838214, 0.5371138686896866, 0.46370916762704106, 0.3761903898552943, 0.3601851926122759, 0.3322730552302461, 0.28659668355727064, 0.2458177078775765, 0.2369481282896695, 0.2300803336664864, 0.22847306905136633, 0.22832413692366726, 0.22826287214177599, 0.22822880559819736, 0.2282146990530627, 0.2282121407798129, 0.22821195391174054, 0.22821192855120442, 0.2282119213532946, 0.22821192084027364]}, "2": {"maxiter": 100, "gtol": 1e-05, "xrtol": 1e-10, "eps": 1e-05, "duration": 0.04328489303588867, "fun": "0.22821192086187125", "jac": "[-1.63032920e-06 -2.10909068e-06 -1.62911906e-06 -7.86171128e-07\n -1.39758205e-06 -1.27226008e-06]", "hess_inv": "[[ 3.41397924  0.73167037 -1.06510709 -0.42682628 -1.08752359 -0.29241703]\n [ 0.73167037  4.36993408 -2.22527987  0.18174291 -0.1796208  -1.25589673]\n [-1.06510709 -2.22527987  5.77365826 -1.13425487  1.19925681 -1.46823362]\n [-0.42682628  0.18174291 -1.13425487  2.861372   -0.21954756  0.49032922]\n [-1.08752359 -0.1796208   1.19925681 -0.21954756  3.49654635 -0.67672455]\n [-0.29241703 -1.25589673 -1.46823362  0.49032922 -0.67672455  3.79370187]]", "nfev": "168", "njev": "24", "status": "0", "success": "True", "message": "Optimization terminated successfully.", "x": "[1.22443092 7.78683894 1.08797915 4.77721251 1.27238255 1.02219361]", "nit": "22", "callback": [0.6802191510295372, 0.6553240243024008, 0.6079602662558088, 0.5371132916557778, 0.4637095681725235, 0.3761883411590651, 0.3601825789420139, 0.3322701037274789, 0.28659366495393646, 0.24581597642102604, 0.23694660336958717, 0.23007931389562342, 0.2284731533895451, 0.22832417335488897, 0.22826289634042074, 0.22822880621827601, 0.22821470527671284, 0.22821213668501594, 0.22821195311769193, 0.22821192839077187, 0.22821192145865288, 0.22821192086187125]}, "3": {"maxiter": 100, "gtol": 1e-05, "xrtol": 1e-10, "eps": 1e-10, "duration": 0.04589080810546875, "fun": "0.22821192084027364", "jac": "[-1.11022293e-06 -2.22044587e-06  0.00000000e+00 -5.55111466e-06\n -2.22044587e-06 -3.33066880e-06]", "hess_inv": "[[ 3.28170697  0.74525826 -0.94912594 -0.54553696 -0.96624287 -0.39254529]\n [ 0.74525826  4.39622775 -2.15719908  0.16369168 -0.19163138 -1.31135098]\n [-0.94912594 -2.15719908  5.88677752 -1.09524832  1.00188993 -1.60054707]\n [-0.54553696  0.16369168 -1.09524832  2.76833802 -0.04308055  0.48210341]\n [-0.96624287 -0.19163138  1.00188993 -0.04308055  3.21104349 -0.5666824 ]\n [-0.39254529 -1.31135098 -1.60054707  0.48210341 -0.5666824   3.90998897]]", "nfev": "168", "njev": "24", "status": "0", "success": "True", "message": "Optimization terminated successfully.", "x": "[1.22443844 7.78684061 1.08799906 4.77720898 1.27239309 1.02218549]", "nit": "22", "callback": [0.6802194563155715, 0.6553247211730169, 0.6079612147838214, 0.5371138686896866, 0.46370916762704106, 0.3761903898552943, 0.3601851926122759, 0.3322730552302461, 0.28659668355727064, 0.2458177078775765, 0.2369481282896695, 0.2300803336664864, 0.22847306905136633, 0.22832413692366726, 0.22826287214177599, 0.22822880559819736, 0.2282146990530627, 0.2282121407798129, 0.22821195391174054, 0.22821192855120442, 0.2282119213532946, 0.22821192084027364]}, "4": {"maxiter": 100, "gtol": 1e-10, "xrtol": 1e-05, "eps": 1e-05, "duration": 0.036380767822265625, "fun": "0.22821192086187125", "jac": "[-1.63032920e-06 -2.10909068e-06 -1.62911906e-06 -7.86171128e-07\n -1.39758205e-06 -1.27226008e-06]", "hess_inv": "[[ 3.41397924  0.73167037 -1.06510709 -0.42682628 -1.08752359 -0.29241703]\n [ 0.73167037  4.36993408 -2.22527987  0.18174291 -0.1796208  -1.25589673]\n [-1.06510709 -2.22527987  5.77365826 -1.13425487  1.19925681 -1.46823362]\n [-0.42682628  0.18174291 -1.13425487  2.861372   -0.21954756  0.49032922]\n [-1.08752359 -0.1796208   1.19925681 -0.21954756  3.49654635 -0.67672455]\n [-0.29241703 -1.25589673 -1.46823362  0.49032922 -0.67672455  3.79370187]]", "nfev": "168", "njev": "24", "status": "0", "success": "True", "message": "Optimization terminated successfully.", "x": "[1.22443092 7.78683894 1.08797915 4.77721251 1.27238255 1.02219361]", "nit": "22", "callback": [0.6802191510295372, 0.6553240243024008, 0.6079602662558088, 0.5371132916557778, 0.4637095681725235, 0.3761883411590651, 0.3601825789420139, 0.3322701037274789, 0.28659366495393646, 0.24581597642102604, 0.23694660336958717, 0.23007931389562342, 0.2284731533895451, 0.22832417335488897, 0.22826289634042074, 0.22822880621827601, 0.22821470527671284, 0.22821213668501594, 0.22821195311769193, 0.22821192839077187, 0.22821192145865288, 0.22821192086187125]}, "5": {"maxiter": 100, "gtol": 1e-10, "xrtol": 1e-05, "eps": 1e-10, "duration": 0.042443037033081055, "fun": "0.22821192084027364", "jac": "[-1.11022293e-06 -2.22044587e-06  0.00000000e+00 -5.55111466e-06\n -2.22044587e-06 -3.33066880e-06]", "hess_inv": "[[ 3.28170697  0.74525826 -0.94912594 -0.54553696 -0.96624287 -0.39254529]\n [ 0.74525826  4.39622775 -2.15719908  0.16369168 -0.19163138 -1.31135098]\n [-0.94912594 -2.15719908  5.88677752 -1.09524832  1.00188993 -1.60054707]\n [-0.54553696  0.16369168 -1.09524832  2.76833802 -0.04308055  0.48210341]\n [-0.96624287 -0.19163138  1.00188993 -0.04308055  3.21104349 -0.5666824 ]\n [-0.39254529 -1.31135098 -1.60054707  0.48210341 -0.5666824   3.90998897]]", "nfev": "168", "njev": "24", "status": "0", "success": "True", "message": "Optimization terminated successfully.", "x": "[1.22443844 7.78684061 1.08799906 4.77720898 1.27239309 1.02218549]", "nit": "22", "callback": [0.6802194563155715, 0.6553247211730169, 0.6079612147838214, 0.5371138686896866, 0.46370916762704106, 0.3761903898552943, 0.3601851926122759, 0.3322730552302461, 0.28659668355727064, 0.2458177078775765, 0.2369481282896695, 0.2300803336664864, 0.22847306905136633, 0.22832413692366726, 0.22826287214177599, 0.22822880559819736, 0.2282146990530627, 0.2282121407798129, 0.22821195391174054, 0.22821192855120442, 0.2282119213532946, 0.22821192084027364]}, "6": {"maxiter": 100, "gtol": 1e-10, "xrtol": 1e-10, "eps": 1e-05, "duration": 0.07356595993041992, "fun": "0.22821192081976094", "jac": "[ 8.88178420e-11  1.33226763e-10  1.66533454e-10  6.66133815e-11\n -1.11022302e-11  9.99200722e-11]", "hess_inv": "[[ 3.51750008  0.89871294 -1.00033075 -0.41906843 -0.95895436 -0.32568562]\n [ 0.89871294  4.65514636 -2.12558776  0.20120843  0.05734648 -1.32584493]\n [-1.00033075 -2.12558776  5.81492335 -1.12938248  1.2669205  -1.48776148]\n [-0.41906843  0.20120843 -1.12938248  2.85796683 -0.18415311  0.4937927 ]\n [-0.95895436  0.05734648  1.2669205  -0.18415311  3.68867647 -0.77287289]\n [-0.32568562 -1.32584493 -1.48776148  0.4937927  -0.77287289  3.79581635]]", "nfev": "311", "njev": "44", "status": "0", "success": "True", "message": "Optimization terminated successfully.", "x": "[1.22443491 7.78684541 1.08798156 4.77721304 1.27238721 1.02219198]", "nit": "26", "callback": [0.6802191510295372, 0.6553240243024008, 0.6079602662558088, 0.5371132916557778, 0.4637095681725235, 0.3761883411590651, 0.3601825789420139, 0.3322701037274789, 0.28659366495393646, 0.24581597642102604, 0.23694660336958717, 0.23007931389562342, 0.2284731533895451, 0.22832417335488897, 0.22826289634042074, 0.22822880621827601, 0.22821470527671284, 0.22821213668501594, 0.22821195311769193, 0.22821192839077187, 0.22821192145865288, 0.22821192086187125, 0.22821192082144837, 0.22821192081977293, 0.22821192081976105, 0.22821192081976094]}, "7": {"maxiter": 100, "gtol": 1e-10, "xrtol": 1e-10, "eps": 1e-10, "duration": 0.06412601470947266, "fun": "0.22821192080478025", "jac": "[1.11022293e-06 2.22044587e-06 1.11022293e-06 1.11022293e-06\n 1.11022293e-06 3.33066880e-06]", "hess_inv": "[[ 0.56639816 -0.50542569 -0.24427545 -0.24332327  0.09004592  0.7678155 ]\n [-0.50542569  1.83177791 -0.4524207   0.45469818 -0.98357146 -1.29827839]\n [-0.24427545 -0.4524207   0.52868989 -0.19752742  0.45136552  0.01641674]\n [-0.24332327  0.45469818 -0.19752742  0.79852333  0.12859379 -0.99452212]\n [ 0.09004592 -0.98357146  0.45136552  0.12859379  2.47210658 -0.4053046 ]\n [ 0.7678155  -1.29827839  0.01641674 -0.99452212 -0.4053046   2.19294309]]", "nfev": "259", "njev": "37", "status": "0", "success": "True", "message": "Optimization terminated successfully.", "x": "[1.22443805 7.78685182 1.08798407 4.77721714 1.27239393 1.02219105]", "nit": "29", "callback": [0.6802194563155715, 0.6553247211730169, 0.6079612147838214, 0.5371138686896866, 0.46370916762704106, 0.3761903898552943, 0.3601851926122759, 0.3322730552302461, 0.28659668355727064, 0.2458177078775765, 0.2369481282896695, 0.2300803336664864, 0.22847306905136633, 0.22832413692366726, 0.22826287214177599, 0.22822880559819736, 0.2282146990530627, 0.2282121407798129, 0.22821195391174054, 0.22821192855120442, 0.2282119213532946, 0.22821192084027364, 0.2282119208277842, 0.22821192081551256, 0.22821192080564046, 0.22821192080507302, 0.2282119208048452, 0.22821192080478037, 0.22821192080478025]}, "8": {"maxiter": 500, "gtol": 1e-05, "xrtol": 1e-05, "eps": 1e-05, "duration": 0.038694143295288086, "fun": "0.22821192086187125", "jac": "[-1.63032920e-06 -2.10909068e-06 -1.62911906e-06 -7.86171128e-07\n -1.39758205e-06 -1.27226008e-06]", "hess_inv": "[[ 3.41397924  0.73167037 -1.06510709 -0.42682628 -1.08752359 -0.29241703]\n [ 0.73167037  4.36993408 -2.22527987  0.18174291 -0.1796208  -1.25589673]\n [-1.06510709 -2.22527987  5.77365826 -1.13425487  1.19925681 -1.46823362]\n [-0.42682628  0.18174291 -1.13425487  2.861372   -0.21954756  0.49032922]\n [-1.08752359 -0.1796208   1.19925681 -0.21954756  3.49654635 -0.67672455]\n [-0.29241703 -1.25589673 -1.46823362  0.49032922 -0.67672455  3.79370187]]", "nfev": "168", "njev": "24", "status": "0", "success": "True", "message": "Optimization terminated successfully.", "x": "[1.22443092 7.78683894 1.08797915 4.77721251 1.27238255 1.02219361]", "nit": "22", "callback": [0.6802191510295372, 0.6553240243024008, 0.6079602662558088, 0.5371132916557778, 0.4637095681725235, 0.3761883411590651, 0.3601825789420139, 0.3322701037274789, 0.28659366495393646, 0.24581597642102604, 0.23694660336958717, 0.23007931389562342, 0.2284731533895451, 0.22832417335488897, 0.22826289634042074, 0.22822880621827601, 0.22821470527671284, 0.22821213668501594, 0.22821195311769193, 0.22821192839077187, 0.22821192145865288, 0.22821192086187125]}, "9": {"maxiter": 500, "gtol": 1e-05, "xrtol": 1e-05, "eps": 1e-10, "duration": 0.04232311248779297, "fun": "0.22821192084027364", "jac": "[-1.11022293e-06 -2.22044587e-06  0.00000000e+00 -5.55111466e-06\n -2.22044587e-06 -3.33066880e-06]", "hess_inv": "[[ 3.28170697  0.74525826 -0.94912594 -0.54553696 -0.96624287 -0.39254529]\n [ 0.74525826  4.39622775 -2.15719908  0.16369168 -0.19163138 -1.31135098]\n [-0.94912594 -2.15719908  5.88677752 -1.09524832  1.00188993 -1.60054707]\n [-0.54553696  0.16369168 -1.09524832  2.76833802 -0.04308055  0.48210341]\n [-0.96624287 -0.19163138  1.00188993 -0.04308055  3.21104349 -0.5666824 ]\n [-0.39254529 -1.31135098 -1.60054707  0.48210341 -0.5666824   3.90998897]]", "nfev": "168", "njev": "24", "status": "0", "success": "True", "message": "Optimization terminated successfully.", "x": "[1.22443844 7.78684061 1.08799906 4.77720898 1.27239309 1.02218549]", "nit": "22", "callback": [0.6802194563155715, 0.6553247211730169, 0.6079612147838214, 0.5371138686896866, 0.46370916762704106, 0.3761903898552943, 0.3601851926122759, 0.3322730552302461, 0.28659668355727064, 0.2458177078775765, 0.2369481282896695, 0.2300803336664864, 0.22847306905136633, 0.22832413692366726, 0.22826287214177599, 0.22822880559819736, 0.2282146990530627, 0.2282121407798129, 0.22821195391174054, 0.22821192855120442, 0.2282119213532946, 0.22821192084027364]}, "10": {"maxiter": 500, "gtol": 1e-05, "xrtol": 1e-10, "eps": 1e-05, "duration": 0.041925907135009766, "fun": "0.22821192086187125", "jac": "[-1.63032920e-06 -2.10909068e-06 -1.62911906e-06 -7.86171128e-07\n -1.39758205e-06 -1.27226008e-06]", "hess_inv": "[[ 3.41397924  0.73167037 -1.06510709 -0.42682628 -1.08752359 -0.29241703]\n [ 0.73167037  4.36993408 -2.22527987  0.18174291 -0.1796208  -1.25589673]\n [-1.06510709 -2.22527987  5.77365826 -1.13425487  1.19925681 -1.46823362]\n [-0.42682628  0.18174291 -1.13425487  2.861372   -0.21954756  0.49032922]\n [-1.08752359 -0.1796208   1.19925681 -0.21954756  3.49654635 -0.67672455]\n [-0.29241703 -1.25589673 -1.46823362  0.49032922 -0.67672455  3.79370187]]", "nfev": "168", "njev": "24", "status": "0", "success": "True", "message": "Optimization terminated successfully.", "x": "[1.22443092 7.78683894 1.08797915 4.77721251 1.27238255 1.02219361]", "nit": "22", "callback": [0.6802191510295372, 0.6553240243024008, 0.6079602662558088, 0.5371132916557778, 0.4637095681725235, 0.3761883411590651, 0.3601825789420139, 0.3322701037274789, 0.28659366495393646, 0.24581597642102604, 0.23694660336958717, 0.23007931389562342, 0.2284731533895451, 0.22832417335488897, 0.22826289634042074, 0.22822880621827601, 0.22821470527671284, 0.22821213668501594, 0.22821195311769193, 0.22821192839077187, 0.22821192145865288, 0.22821192086187125]}, "11": {"maxiter": 500, "gtol": 1e-05, "xrtol": 1e-10, "eps": 1e-10, "duration": 0.036440134048461914, "fun": "0.22821192084027364", "jac": "[-1.11022293e-06 -2.22044587e-06  0.00000000e+00 -5.55111466e-06\n -2.22044587e-06 -3.33066880e-06]", "hess_inv": "[[ 3.28170697  0.74525826 -0.94912594 -0.54553696 -0.96624287 -0.39254529]\n [ 0.74525826  4.39622775 -2.15719908  0.16369168 -0.19163138 -1.31135098]\n [-0.94912594 -2.15719908  5.88677752 -1.09524832  1.00188993 -1.60054707]\n [-0.54553696  0.16369168 -1.09524832  2.76833802 -0.04308055  0.48210341]\n [-0.96624287 -0.19163138  1.00188993 -0.04308055  3.21104349 -0.5666824 ]\n [-0.39254529 -1.31135098 -1.60054707  0.48210341 -0.5666824   3.90998897]]", "nfev": "168", "njev": "24", "status": "0", "success": "True", "message": "Optimization terminated successfully.", "x": "[1.22443844 7.78684061 1.08799906 4.77720898 1.27239309 1.02218549]", "nit": "22", "callback": [0.6802194563155715, 0.6553247211730169, 0.6079612147838214, 0.5371138686896866, 0.46370916762704106, 0.3761903898552943, 0.3601851926122759, 0.3322730552302461, 0.28659668355727064, 0.2458177078775765, 0.2369481282896695, 0.2300803336664864, 0.22847306905136633, 0.22832413692366726, 0.22826287214177599, 0.22822880559819736, 0.2282146990530627, 0.2282121407798129, 0.22821195391174054, 0.22821192855120442, 0.2282119213532946, 0.22821192084027364]}, "12": {"maxiter": 500, "gtol": 1e-10, "xrtol": 1e-05, "eps": 1e-05, "duration": 0.042330026626586914, "fun": "0.22821192086187125", "jac": "[-1.63032920e-06 -2.10909068e-06 -1.62911906e-06 -7.86171128e-07\n -1.39758205e-06 -1.27226008e-06]", "hess_inv": "[[ 3.41397924  0.73167037 -1.06510709 -0.42682628 -1.08752359 -0.29241703]\n [ 0.73167037  4.36993408 -2.22527987  0.18174291 -0.1796208  -1.25589673]\n [-1.06510709 -2.22527987  5.77365826 -1.13425487  1.19925681 -1.46823362]\n [-0.42682628  0.18174291 -1.13425487  2.861372   -0.21954756  0.49032922]\n [-1.08752359 -0.1796208   1.19925681 -0.21954756  3.49654635 -0.67672455]\n [-0.29241703 -1.25589673 -1.46823362  0.49032922 -0.67672455  3.79370187]]", "nfev": "168", "njev": "24", "status": "0", "success": "True", "message": "Optimization terminated successfully.", "x": "[1.22443092 7.78683894 1.08797915 4.77721251 1.27238255 1.02219361]", "nit": "22", "callback": [0.6802191510295372, 0.6553240243024008, 0.6079602662558088, 0.5371132916557778, 0.4637095681725235, 0.3761883411590651, 0.3601825789420139, 0.3322701037274789, 0.28659366495393646, 0.24581597642102604, 0.23694660336958717, 0.23007931389562342, 0.2284731533895451, 0.22832417335488897, 0.22826289634042074, 0.22822880621827601, 0.22821470527671284, 0.22821213668501594, 0.22821195311769193, 0.22821192839077187, 0.22821192145865288, 0.22821192086187125]}, "13": {"maxiter": 500, "gtol": 1e-10, "xrtol": 1e-05, "eps": 1e-10, "duration": 0.03973078727722168, "fun": "0.22821192084027364", "jac": "[-1.11022293e-06 -2.22044587e-06  0.00000000e+00 -5.55111466e-06\n -2.22044587e-06 -3.33066880e-06]", "hess_inv": "[[ 3.28170697  0.74525826 -0.94912594 -0.54553696 -0.96624287 -0.39254529]\n [ 0.74525826  4.39622775 -2.15719908  0.16369168 -0.19163138 -1.31135098]\n [-0.94912594 -2.15719908  5.88677752 -1.09524832  1.00188993 -1.60054707]\n [-0.54553696  0.16369168 -1.09524832  2.76833802 -0.04308055  0.48210341]\n [-0.96624287 -0.19163138  1.00188993 -0.04308055  3.21104349 -0.5666824 ]\n [-0.39254529 -1.31135098 -1.60054707  0.48210341 -0.5666824   3.90998897]]", "nfev": "168", "njev": "24", "status": "0", "success": "True", "message": "Optimization terminated successfully.", "x": "[1.22443844 7.78684061 1.08799906 4.77720898 1.27239309 1.02218549]", "nit": "22", "callback": [0.6802194563155715, 0.6