{"date": "2024/09/25/, 04:21:47", "conf_id": 134, "data_type": "orthogonal\n", "num_data_points": 3, "s_rank": 0, "unitary": "[[-0.24866696+0.58742286j,-0.44704345-0.43151574j,-0.35669027-0.20570733j,-0.10517633+0.1626036j],[0.10596805-0.19687975j,-0.30269685-0.15056416j,0.18246286+0.30440582j,-0.83484447-0.11310748j],[0.26054512-0.52548482j,0.0285017-0.50723956j,-0.43110112+0.17165838j,0.15243271+0.39915801j],[0.42978035+0.11991271j,-0.17224126-0.46030424j,0.6827807-0.15164662j,0.26483638+0.0061855j]]", "databatch_0": {"databatch": "[[[0.09388318-0.13354497j,0.47807404+0.05143171j,0.10311106-0.0316817j,0.01929863-0.00429657j],[-0.16769036+0.21150265j,-0.06107672+0.06535219j,0.06689033-0.37509154j,-0.14617595-0.04722513j],[0.15528319+0.26151066j,0.0825998-0.05951288j,-0.45833274-0.26614274j,-0.12306164+0.1634511j],[0.00060955-0.00883435j,0.08447108-0.18265721j,-0.09303238-0.06774756j,-0.0140573+0.02930142j]],[[-0.24975209+0.17637488j,0.07771394-0.0093829j,0.13662322-0.01070649j,-0.18617601+0.56446525j],[0.14381443-0.01810498j,-0.03758944-0.05229322j,-0.24711869+0.06988599j,-0.00507521-0.03838592j],[-0.04135533+0.17472051j,-0.03118509+0.02762271j,-0.05507933-0.21300413j,-0.05649161+0.05325046j],[-0.10681403-0.1341296j,-0.05332307+0.00263297j,0.43149153+0.18926722j,0.30482054-0.01179304j]],[[-0.09291796+0.02224455j,-0.02123101-0.00533155j,0.12366357-0.05937678j,0.00843006+0.00495747j],[0.0221737+0.00247784j,-0.06268163+0.04723341j,0.26287918-0.19578608j,0.35901564-0.36520906j],[0.20681229-0.25961926j,-0.0987946+0.01111347j,-0.25738689+0.12611962j,-0.10334688-0.54496765j],[0.00114591-0.17895041j,0.04414397-0.01583341j,0.11302549+0.12689772j,0.03128402-0.14543286j]]]", "initial param values": "[5.9728166,0.47026246,1.44830383,0.50271865,3.83461575,5.17105576]", "nelder_mead": {"type": "gradient-free", "0": {"maxiter": 100, "fatol": 1e-05, "xatol": 1e-05, "duration": 0.03945422172546387, "fun": "0.5493003678466515", "nit": "100", "nfev": "153", "status": "2", "success": "False", "message": "Maximum number of iterations has been exceeded.", "x": "[6.80267981 0.15340095 4.22642798 0.32306837 4.68274724 3.21041397]", "final_simplex": "(array([[6.80267981, 0.15340095, 4.22642798, 0.32306837, 4.68274724,\n        3.21041397],\n       [6.81951436, 0.20353504, 4.07472533, 0.30787735, 4.90166933,\n        3.02674729],\n       [6.87365152, 0.2710657 , 4.15346044, 0.19970161, 4.84473782,\n        2.96362821],\n       [6.84322718, 0.2311644 , 4.16555169, 0.2986524 , 5.28504869,\n        2.63877144],\n       [6.8756736 , 0.35982667, 3.94527722, 0.23854804, 5.18650079,\n        2.58955545],\n       [6.97801317, 0.26815697, 4.18019574, 0.2514322 , 5.21168093,\n        2.72946698],\n       [6.80923868, 0.35020366, 4.07894831, 0.21318778, 5.20255819,\n        2.64937709]]), array([0.54930037, 0.55112828, 0.55235341, 0.55566365, 0.55714465,\n       0.55734897, 0.55919815]))", "callback": [0.6810243306103831, 0.655636081107368, 0.6475524078633004, 0.6422500858049123, 0.619588618677384, 0.5798189062236194, 0.5701401516107163, 0.5656913925028835, 0.5642925379760071, 0.5609301141887582]}, "1": {"maxiter": 100, "fatol": 1e-05, "xatol": 1e-10, "duration": 0.03718876838684082, "fun": "0.5493003678466515", "nit": "100", "nfev": "153", "status": "2", "success": "False", "message": "Maximum number of iterations has been exceeded.", "x": "[6.80267981 0.15340095 4.22642798 0.32306837 4.68274724 3.21041397]", "final_simplex": "(array([[6.80267981, 0.15340095, 4.22642798, 0.32306837, 4.68274724,\n        3.21041397],\n       [6.81951436, 0.20353504, 4.07472533, 0.30787735, 4.90166933,\n        3.02674729],\n       [6.87365152, 0.2710657 , 4.15346044, 0.19970161, 4.84473782,\n        2.96362821],\n       [6.84322718, 0.2311644 , 4.16555169, 0.2986524 , 5.28504869,\n        2.63877144],\n       [6.8756736 , 0.35982667, 3.94527722, 0.23854804, 5.18650079,\n        2.58955545],\n       [6.97801317, 0.26815697, 4.18019574, 0.2514322 , 5.21168093,\n        2.72946698],\n       [6.80923868, 0.35020366, 4.07894831, 0.21318778, 5.20255819,\n        2.64937709]]), array([0.54930037, 0.55112828, 0.55235341, 0.55566365, 0.55714465,\n       0.55734897, 0.55919815]))", "callback": [0.6810243306103831, 0.655636081107368, 0.6475524078633004, 0.6422500858049123, 0.619588618677384, 0.5798189062236194, 0.5701401516107163, 0.5656913925028835, 0.5642925379760071, 0.5609301141887582]}, "2": {"maxiter": 100, "fatol": 1e-10, "xatol": 1e-05, "duration": 0.0369260311126709, "fun": "0.5493003678466515", "nit": "100", "nfev": "153", "status": "2", "success": "False", "message": "Maximum number of iterations has been exceeded.", "x": "[6.80267981 0.15340095 4.22642798 0.32306837 4.68274724 3.21041397]", "final_simplex": "(array([[6.80267981, 0.15340095, 4.22642798, 0.32306837, 4.68274724,\n        3.21041397],\n       [6.81951436, 0.20353504, 4.07472533, 0.30787735, 4.90166933,\n        3.02674729],\n       [6.87365152, 0.2710657 , 4.15346044, 0.19970161, 4.84473782,\n        2.96362821],\n       [6.84322718, 0.2311644 , 4.16555169, 0.2986524 , 5.28504869,\n        2.63877144],\n       [6.8756736 , 0.35982667, 3.94527722, 0.23854804, 5.18650079,\n        2.58955545],\n       [6.97801317, 0.26815697, 4.18019574, 0.2514322 , 5.21168093,\n        2.72946698],\n       [6.80923868, 0.35020366, 4.07894831, 0.21318778, 5.20255819,\n        2.64937709]]), array([0.54930037, 0.55112828, 0.55235341, 0.55566365, 0.55714465,\n       0.55734897, 0.55919815]))", "callback": [0.6810243306103831, 0.655636081107368, 0.6475524078633004, 0.6422500858049123, 0.619588618677384, 0.5798189062236194, 0.5701401516107163, 0.5656913925028835, 0.5642925379760071, 0.5609301141887582]}, "3": {"maxiter": 100, "fatol": 1e-10, "xatol": 1e-10, "duration": 0.03493499755859375, "fun": "0.5493003678466515", "nit": "100", "nfev": "153", "status": "2", "success": "False", "message": "Maximum number of iterations has been exceeded.", "x": "[6.80267981 0.15340095 4.22642798 0.32306837 4.68274724 3.21041397]", "final_simplex": "(array([[6.80267981, 0.15340095, 4.22642798, 0.32306837, 4.68274724,\n        3.21041397],\n       [6.81951436, 0.20353504, 4.07472533, 0.30787735, 4.90166933,\n        3.02674729],\n       [6.87365152, 0.2710657 , 4.15346044, 0.19970161, 4.84473782,\n        2.96362821],\n       [6.84322718, 0.2311644 , 4.16555169, 0.2986524 , 5.28504869,\n        2.63877144],\n       [6.8756736 , 0.35982667, 3.94527722, 0.23854804, 5.18650079,\n        2.58955545],\n       [6.97801317, 0.26815697, 4.18019574, 0.2514322 , 5.21168093,\n        2.72946698],\n       [6.80923868, 0.35020366, 4.07894831, 0.21318778, 5.20255819,\n        2.64937709]]), array([0.54930037, 0.55112828, 0.55235341, 0.55566365, 0.55714465,\n       0.55734897, 0.55919815]))", "callback": [0.6810243306103831, 0.655636081107368, 0.6475524078633004, 0.6422500858049123, 0.619588618677384, 0.5798189062236194, 0.5701401516107163, 0.5656913925028835, 0.5642925379760071, 0.5609301141887582]}, "4": {"maxiter": 500, "fatol": 1e-05, "xatol": 1e-05, "duration": 0.12181496620178223, "fun": "0.5206004716779242", "nit": "329", "nfev": "527", "status": "0", "success": "True", "message": "Optimization terminated successfully.", "x": "[ 7.12647272 -0.52707736  4.47200271  0.58139948  3.27840423  4.82763962]", "final_simplex": "(array([[ 7.12647272, -0.52707736,  4.47200271,  0.58139948,  3.27840423,\n         4.82763962],\n       [ 7.12647205, -0.52708242,  4.47200491,  0.58140085,  3.27840215,\n         4.82764135],\n       [ 7.12647207, -0.52708015,  4.47200298,  0.58139871,  3.2784021 ,\n         4.82764424],\n       [ 7.12647154, -0.52708294,  4.47200506,  0.58139236,  3.27840916,\n         4.82763316],\n       [ 7.12647012, -0.52708227,  4.47200715,  0.58139576,  3.27840723,\n         4.82764003],\n       [ 7.12646975, -0.52708169,  4.47200868,  0.58139242,  3.27840218,\n         4.82764269],\n       [ 7.12647601, -0.52708412,  4.47200896,  0.58139736,  3.27840205,\n         4.82764477]]), array([0.52060047, 0.52060047, 0.52060047, 0.52060047, 0.52060047,\n       0.52060047, 0.52060047]))", "callback": [0.6810243306103831, 0.655636081107368, 0.6475524078633004, 0.6422500858049123, 0.619588618677384, 0.5798189062236194, 0.5701401516107163, 0.5656913925028835, 0.5642925379760071, 0.5609301141887582, 0.5440122793286641, 0.525651094479054, 0.5232865531464495, 0.5217616780161849, 0.521145681135216, 0.5208011583467942, 0.5207444168405995, 0.5206846085512153, 0.5206621724627056, 0.5206504082782573, 0.5206151770968819, 0.5206032856791094, 0.5206028147945825, 0.5206007629018832, 0.5206006138097661, 0.5206004944065088, 0.5206004755365472, 0.5206004724424351, 0.5206004718383901, 0.5206004717677313, 0.5206004717130424, 0.5206004716838515, 0.5206004716784263]}, "5": {"maxiter": 500, "fatol": 1e-05, "xatol": 1e-10, "duration": 0.16303610801696777, "fun": "0.5206004716773214", "nit": "402", "nfev": "720", "status": "0", "success": "True", "message": "Optimization terminated successfully.", "x": "[ 7.12647099 -0.52708089  4.47200584  0.58139551  3.27840521  4.82763814]", "final_simplex": "(array([[ 7.12647099, -0.52708089,  4.47200584,  0.58139551,  3.27840521,\n         4.82763814],\n       [ 7.12647099, -0.52708089,  4.47200584,  0.58139551,  3.27840521,\n         4.82763814],\n       [ 7.12647099, -0.52708089,  4.47200584,  0.58139551,  3.27840521,\n         4.82763814],\n       [ 7.12647099, -0.52708089,  4.47200584,  0.58139551,  3.27840521,\n         4.82763814],\n       [ 7.12647099, -0.52708089,  4.47200584,  0.58139551,  3.27840521,\n         4.82763814],\n       [ 7.12647099, -0.52708089,  4.47200584,  0.58139551,  3.27840521,\n         4.82763814],\n       [ 7.12647099, -0.52708089,  4.47200584,  0.58139551,  3.27840521,\n         4.82763814]]), array([0.52060047, 0.52060047, 0.52060047, 0.52060047, 0.52060047,\n       0.52060047, 0.52060047]))", "callback": [0.6810243306103831, 0.655636081107368, 0.6475524078633004, 0.6422500858049123, 0.619588618677384, 0.5798189062236194, 0.5701401516107163, 0.5656913925028835, 0.5642925379760071, 0.5609301141887582, 0.5440122793286641, 0.525651094479054, 0.5232865531464495, 0.5217616780161849, 0.521145681135216, 0.5208011583467942, 0.5207444168405995, 0.5206846085512153, 0.5206621724627056, 0.5206504082782573, 0.5206151770968819, 0.5206032856791094, 0.5206028147945825, 0.5206007629018832, 0.5206006138097661, 0.5206004944065088, 0.5206004755365472, 0.5206004724424351, 0.5206004718383901, 0.5206004717677313, 0.5206004717130424, 0.5206004716838515, 0.5206004716784263, 0.5206004716777708, 0.5206004716773838, 0.5206004716773356, 0.5206004716773238, 0.5206004716773216, 0.5206004716773214, 0.5206004716773214, 0.5206004716773214]}, "6": {"maxiter": 500, "fatol": 1e-10, "xatol": 1e-05, "duration": 0.1214609146118164, "fun": "0.5206004716779242", "nit": "329", "nfev": "527", "status": "0", "success": "True", "message": "Optimization terminated successfully.", "x": "[ 7.12647272 -0.52707736  4.47200271  0.58139948  3.27840423  4.82763962]", "final_simplex": "(array([[ 7.12647272, -0.52707736,  4.47200271,  0.58139948,  3.27840423,\n         4.82763962],\n       [ 7.12647205, -0.52708242,  4.47200491,  0.58140085,  3.27840215,\n         4.82764135],\n       [ 7.12647207, -0.52708015,  4.47200298,  0.58139871,  3.2784021 ,\n         4.82764424],\n       [ 7.12647154, -0.52708294,  4.47200506,  0.58139236,  3.27840916,\n         4.82763316],\n       [ 7.12647012, -0.52708227,  4.47200715,  0.58139576,  3.27840723,\n         4.82764003],\n       [ 7.12646975, -0.52708169,  4.47200868,  0.58139242,  3.27840218,\n         4.82764269],\n       [ 7.12647601, -0.52708412,  4.47200896,  0.58139736,  3.27840205,\n         4.82764477]]), array([0.52060047, 0.52060047, 0.52060047, 0.52060047, 0.52060047,\n       0.52060047, 0.52060047]))", "callback": [0.6810243306103831, 0.655636081107368, 0.6475524078633004, 0.6422500858049123, 0.619588618677384, 0.5798189062236194, 0.5701401516107163, 0.5656913925028835, 0.5642925379760071, 0.5609301141887582, 0.5440122793286641, 0.525651094479054, 0.5232865531464495, 0.5217616780161849, 0.521145681135216, 0.5208011583467942, 0.5207444168405995, 0.5206846085512153, 0.5206621724627056, 0.5206504082782573, 0.5206151770968819, 0.5206032856791094, 0.5206028147945825, 0.5206007629018832, 0.5206006138097661, 0.5206004944065088, 0.5206004755365472, 0.5206004724424351, 0.5206004718383901, 0.5206004717677313, 0.5206004717130424, 0.5206004716838515, 0.5206004716784263]}, "7": {"maxiter": 500, "fatol": 1e-10, "xatol": 1e-10, "duration": 0.18073487281799316, "fun": "0.5206004716773214", "nit": "402", "nfev": "720", "status": "0", "success": "True", "message": "Optimization terminated successfully.", "x": "[ 7.12647099 -0.52708089  4.47200584  0.58139551  3.27840521  4.82763814]", "final_simplex": "(array([[ 7.12647099, -0.52708089,  4.47200584,  0.58139551,  3.27840521,\n         4.82763814],\n       [ 7.12647099, -0.52708089,  4.47200584,  0.58139551,  3.27840521,\n         4.82763814],\n       [ 7.12647099, -0.52708089,  4.47200584,  0.58139551,  3.27840521,\n         4.82763814],\n       [ 7.12647099, -0.52708089,  4.47200584,  0.58139551,  3.27840521,\n         4.82763814],\n       [ 7.12647099, -0.52708089,  4.47200584,  0.58139551,  3.27840521,\n         4.82763814],\n       [ 7.12647099, -0.52708089,  4.47200584,  0.58139551,  3.27840521,\n         4.82763814],\n       [ 7.12647099, -0.52708089,  4.47200584,  0.58139551,  3.27840521,\n         4.82763814]]), array([0.52060047, 0.52060047, 0.52060047, 0.52060047, 0.52060047,\n       0.52060047, 0.52060047]))", "callback": [0.6810243306103831, 0.655636081107368, 0.6475524078633004, 0.6422500858049123, 0.619588618677384, 0.5798189062236194, 0.5701401516107163, 0.5656913925028835, 0.5642925379760071, 0.5609301141887582, 0.5440122793286641, 0.525651094479054, 0.5232865531464495, 0.5217616780161849, 0.521145681135216, 0.5208011583467942, 0.5207444168405995, 0.5206846085512153, 0.5206621724627056, 0.5206504082782573, 0.5206151770968819, 0.5206032856791094, 0.5206028147945825, 0.5206007629018832, 0.5206006138097661, 0.5206004944065088, 0.5206004755365472, 0.5206004724424351, 0.5206004718383901, 0.5206004717677313, 0.5206004717130424, 0.5206004716838515, 0.5206004716784263, 0.5206004716777708, 0.5206004716773838, 0.5206004716773356, 0.5206004716773238, 0.5206004716773216, 0.5206004716773214, 0.5206004716773214, 0.5206004716773214]}, "8": {"maxiter": 1000, "fatol": 1e-05, "xatol": 1e-05, "duration": 0.12415003776550293, "fun": "0.5206004716779242", "nit": "329", "nfev": "527", "status": "0", "success": "True", "message": "Optimization terminated successfully.", "x": "[ 7.12647272 -0.52707736  4.47200271  0.58139948  3.27840423  4.82763962]", "final_simplex": "(array([[ 7.12647272, -0.52707736,  4.47200271,  0.58139948,  3.27840423,\n         4.82763962],\n       [ 7.12647205, -0.52708242,  4.47200491,  0.58140085,  3.27840215,\n         4.82764135],\n       [ 7.12647207, -0.52708015,  4.47200298,  0.58139871,  3.2784021 ,\n         4.82764424],\n       [ 7.12647154, -0.52708294,  4.47200506,  0.58139236,  3.27840916,\n         4.82763316],\n       [ 7.12647012, -0.52708227,  4.47200715,  0.58139576,  3.27840723,\n         4.82764003],\n       [ 7.12646975, -0.52708169,  4.47200868,  0.58139242,  3.27840218,\n         4.82764269],\n       [ 7.12647601, -0.52708412,  4.47200896,  0.58139736,  3.27840205,\n         4.82764477]]), array([0.52060047, 0.52060047, 0.52060047, 0.52060047, 0.52060047,\n       0.52060047, 0.52060047]))", "callback": [0.6810243306103831, 0.655636081107368, 0.6475524078633004, 0.6422500858049123, 0.619588618677384, 0.5798189062236194, 0.5701401516107163, 0.5656913925028835, 0.5642925379760071, 0.5609301141887582, 0.5440122793286641, 0.525651094479054, 0.5232865531464495, 0.5217616780161849, 0.521145681135216, 0.5208011583467942, 0.5207444168405995, 0.5206846085512153, 0.5206621724627056, 0.5206504082782573, 0.5206151770968819, 0.5206032856791094, 0.5206028147945825, 0.5206007629018832, 0.5206006138097661, 0.5206004944065088, 0.5206004755365472, 0.5206004724424351, 0.5206004718383901, 0.5206004717677313, 0.5206004717130424, 0.5206004716838515, 0.5206004716784263]}, "9": {"maxiter": 1000, "fatol": 1e-05, "xatol": 1e-10, "duration": 0.17125415802001953, "fun": "0.5206004716773214", "nit": "402", "nfev": "720", "status": "0", "success": "True", "message": "Optimization terminated successfully.", "x": "[ 7.12647099 -0.52708089  4.47200584  0.58139551  3.27840521  4.82763814]", "final_simplex": "(array([[ 7.12647099, -0.52708089,  4.47200584,  0.58139551,  3.27840521,\n         4.82763814],\n       [ 7.12647099, -0.52708089,  4.47200584,  0.58139551,  3.27840521,\n         4.82763814],\n       [ 7.12647099, -0.52708089,  4.47200584,  0.58139551,  3.27840521,\n         4.82763814],\n       [ 7.12647099, -0.52708089,  4.47200584,  0.58139551,  3.27840521,\n         4.82763814],\n       [ 7.12647099, -0.52708089,  4.47200584,  0.58139551,  3.27840521,\n         4.82763814],\n       [ 7.12647099, -0.52708089,  4.47200584,  0.58139551,  3.27840521,\n         4.82763814],\n       [ 7.12647099, -0.52708089,  4.47200584,  0.58139551,  3.27840521,\n         4.82763814]]), array([0.52060047, 0.52060047, 0.52060047, 0.52060047, 0.52060047,\n       0.52060047, 0.52060047]))", "callback": [0.6810243306103831, 0.655636081107368, 0.6475524078633004, 0.6422500858049123, 0.619588618677384, 0.5798189062236194, 0.5701401516107163, 0.5656913925028835, 0.5642925379760071, 0.5609301141887582, 0.5440122793286641, 0.525651094479054, 0.5232865531464495, 0.5217616780161849, 0.521145681135216, 0.5208011583467942, 0.5207444168405995, 0.5206846085512153, 0.5206621724627056, 0.5206504082782573, 0.5206151770968819, 0.5206032856791094, 0.5206028147945825, 0.5206007629018832, 0.5206006138097661, 0.5206004944065088, 0.5206004755365472, 0.5206004724424351, 0.5206004718383901, 0.5206004717677313, 0.5206004717130424, 0.5206004716838515, 0.5206004716784263, 0.5206004716777708, 0.5206004716773838, 0.5206004716773356, 0.5206004716773238, 0.5206004716773216, 0.5206004716773214, 0.5206004716773214, 0.5206004716773214]}, "10": {"maxiter": 1000, "fatol": 1e-10, "xatol": 1e-05, "duration": 0.12302589416503906, "fun": "0.5206004716779242", "nit": "329", "nfev": "527", "status": "0", "success": "True", "message": "Optimization terminated successfully.", "x": "[ 7.12647272 -0.52707736  4.47200271  0.58139948  3.27840423  4.82763962]", "final_simplex": "(array([[ 7.12647272, -0.52707736,  4.47200271,  0.58139948,  3.27840423,\n         4.82763962],\n       [ 7.12647205, -0.52708242,  4.47200491,  0.58140085,  3.27840215,\n         4.82764135],\n       [ 7.12647207, -0.52708015,  4.47200298,  0.58139871,  3.2784021 ,\n         4.82764424],\n       [ 7.12647154, -0.52708294,  4.47200506,  0.58139236,  3.27840916,\n         4.82763316],\n       [ 7.12647012, -0.52708227,  4.47200715,  0.58139576,  3.27840723,\n         4.82764003],\n       [ 7.12646975, -0.52708169,  4.47200868,  0.58139242,  3.27840218,\n         4.82764269],\n       [ 7.12647601, -0.52708412,  4.47200896,  0.58139736,  3.27840205,\n         4.82764477]]), array([0.52060047, 0.52060047, 0.52060047, 0.52060047, 0.52060047,\n       0.52060047, 0.52060047]))", "callback": [0.6810243306103831, 0.655636081107368, 0.6475524078633004, 0.6422500858049123, 0.619588618677384, 0.5798189062236194, 0.5701401516107163, 0.5656913925028835, 0.5642925379760071, 0.5609301141887582, 0.5440122793286641, 0.525651094479054, 0.5232865531464495, 0.5217616780161849, 0.521145681135216, 0.5208011583467942, 0.5207444168405995, 0.5206846085512153, 0.5206621724627056, 0.5206504082782573, 0.5206151770968819, 0.5206032856791094, 0.5206028147945825, 0.5206007629018832, 0.5206006138097661, 0.5206004944065088, 0.5206004755365472, 0.5206004724424351, 0.5206004718383901, 0.5206004717677313, 0.5206004717130424, 0.5206004716838515, 0.5206004716784263]}, "11": {"maxiter": 1000, "fatol": 1e-10, "xatol": 1e-10, "duration": 0.16777801513671875, "fun": "0.5206004716773214", "nit": "402", "nfev": "720", "status": "0", "success": "True", "message": "Optimization terminated successfully.", "x": "[ 7.12647099 -0.52708089  4.47200584  0.58139551  3.27840521  4.82763814]", "final_simplex": "(array([[ 7.12647099, -0.52708089,  4.47200584,  0.58139551,  3.27840521,\n         4.82763814],\n       [ 7.12647099, -0.52708089,  4.47200584,  0.58139551,  3.27840521,\n         4.82763814],\n       [ 7.12647099, -0.52708089,  4.47200584,  0.58139551,  3.27840521,\n         4.82763814],\n       [ 7.12647099, -0.52708089,  4.47200584,  0.58139551,  3.27840521,\n         4.82763814],\n       [ 7.12647099, -0.52708089,  4.47200584,  0.58139551,  3.27840521,\n         4.82763814],\n       [ 7.12647099, -0.52708089,  4.47200584,  0.58139551,  3.27840521,\n         4.82763814],\n       [ 7.12647099, -0.52708089,  4.47200584,  0.58139551,  3.27840521,\n         4.82763814]]), array([0.52060047, 0.52060047, 0.52060047, 0.52060047, 0.52060047,\n       0.52060047, 0.52060047]))", "callback": [0.6810243306103831, 0.655636081107368, 0.6475524078633004, 0.6422500858049123, 0.619588618677384, 0.5798189062236194, 0.5701401516107163, 0.5656913925028835, 0.5642925379760071, 0.5609301141887582, 0.5440122793286641, 0.525651094479054, 0.5232865531464495, 0.5217616780161849, 0.521145681135216, 0.5208011583467942, 0.5207444168405995, 0.5206846085512153, 0.5206621724627056, 0.5206504082782573, 0.5206151770968819, 0.5206032856791094, 0.5206028147945825, 0.5206007629018832, 0.5206006138097661, 0.5206004944065088, 0.5206004755365472, 0.5206004724424351, 0.5206004718383901, 0.5206004717677313, 0.5206004717130424, 0.5206004716838515, 0.5206004716784263, 0.5206004716777708, 0.5206004716773838, 0.5206004716773356, 0.5206004716773238, 0.5206004716773216, 0.5206004716773214, 0.5206004716773214, 0.5206004716773214]}}, "bfgs": {"type": "gradient", "0": {"maxiter": 100, "gtol": 1e-05, "xrtol": 1e-05, "eps": 1e-05, "duration": 0.05815577507019043, "fun": "0.5206004717326238", "jac": "[ 1.54143365e-06 -1.58872915e-07 -6.49835741e-07 -1.65127911e-06\n -2.75401923e-07  2.22577512e-06]", "hess_inv": "[[  7.79421197  -3.83341255   3.58247958  -9.52180684   7.71082942\n  -10.03358786]\n [ -3.83341255  17.18166096 -10.65335315   8.0043528   -7.8421513\n    5.896982  ]\n [  3.58247958 -10.65335315  12.58514324 -10.28093569   5.49888303\n   -5.83017106]\n [ -9.52180684   8.0043528  -10.28093569  29.28624508 -16.63247868\n   22.30201852]\n [  7.71082942  -7.8421513    5.49888303 -16.63247868  25.48182594\n  -26.01021737]\n [-10.03358786   5.896982    -5.83017106  22.30201852 -26.01021737\n   33.38596651]]", "nfev": "238", "njev": "34", "status": "0", "success": "True", "message": "Optimization terminated successfully.", "x": "[5.43989799 2.61451296 1.33041068 0.58138819 3.27836938 4.8276733 ]", "nit": "33", "callback": [0.6753584472431406, 0.64349310831942, 0.620382356619243, 0.6089806831718563, 0.5878631018436657, 0.557120674920387, 0.5461398023152368, 0.5398032166750921, 0.5317365447069755, 0.5296635676387138, 0.5276803528315628, 0.5255808890411899, 0.5241311115250051, 0.5230240945545721, 0.5223729222567595, 0.5218839375836146, 0.5216647368712357, 0.5216196722401318, 0.5216025472159076, 0.5215727635310898, 0.5215187803856949, 0.5214195626125959, 0.521239248716795, 0.5209479344208152, 0.5208529091283087, 0.5207225719484663, 0.5206339998319023, 0.5206083082978104, 0.5206029358180531, 0.5206009922816801, 0.5206005425408546, 0.5206004743503834, 0.5206004717326238]}, "1": {"maxiter": 100, "gtol": 1e-05, "xrtol": 1e-05, "eps": 1e-10, "duration": 0.05665707588195801, "fun": "0.5206004718972495", "jac": "[ 2.22044587e-06  0.00000000e+00 -2.22044587e-06  0.00000000e+00\n  0.00000000e+00  4.44089173e-06]", "hess_inv": "[[  7.66239482  -3.70152591   3.42883069  -9.08022688   7.30557222\n   -9.54116714]\n [ -3.70152591  17.05917921 -10.50623338   7.57430623  -7.46119895\n    5.4272838 ]\n [  3.42883069 -10.50623338  12.40542717  -9.74415168   5.0031776\n   -5.22917914]\n [ -9.08022688   7.57430623  -9.74415168  27.8043512  -15.30075101\n   20.6990615 ]\n [  7.30557222  -7.46119895   5.0031776  -15.30075101  24.18787259\n  -24.44449143]\n [ -9.54116714   5.4272838   -5.22917914  20.6990615  -24.44449143\n   31.49500579]]", "nfev": "238", "njev": "34", "status": "0", "success": "True", "message": "Optimization terminated successfully.", "x": "[5.43987591 2.61453627 1.33038736 0.5814591  3.27830359 4.82775802]", "nit": "33", "callback": [0.6753586614862503, 0.6434941748386391, 0.6203830314892897, 0.6089814736624288, 0.5878635676067281, 0.5571214156270283, 0.5461397850619589, 0.5398032081250659, 0.5317365261960805, 0.5296635561243275, 0.5276803761999045, 0.5255813182514844, 0.5241306187474595, 0.5230245517151919, 0.5223728012465165, 0.5218841023737009, 0.5216648194801083, 0.521619729614047, 0.5216026342401079, 0.5215729171724732, 0.5215190269899901, 0.5214198958950391, 0.5212397504256827, 0.5209485800574503, 0.5208546935775358, 0.5207248554127488, 0.5206345195015105, 0.5206085594506276, 0.520602981130218, 0.5206010050801837, 0.5206005528083475, 0.5206004740856762, 0.5206004718972495]}, "2": {"maxiter": 100, "gtol": 1e-05, "xrtol": 1e-10, "eps": 1e-05, "duration": 0.05670785903930664, "fun": "0.5206004717326238", "jac": "[ 1.54143365e-06 -1.58872915e-07 -6.49835741e-07 -1.65127911e-06\n -2.75401923e-07  2.22577512e-06]", "hess_inv": "[[  7.79421197  -3.83341255   3.58247958  -9.52180684   7.71082942\n  -10.03358786]\n [ -3.83341255  17.18166096 -10.65335315   8.0043528   -7.8421513\n    5.896982  ]\n [  3.58247958 -10.65335315  12.58514324 -10.28093569   5.49888303\n   -5.83017106]\n [ -9.52180684   8.0043528  -10.28093569  29.28624508 -16.63247868\n   22.30201852]\n [  7.71082942  -7.8421513    5.49888303 -16.63247868  25.48182594\n  -26.01021737]\n [-10.03358786   5.896982    -5.83017106  22.30201852 -26.01021737\n   33.38596651]]", "nfev": "238", "njev": "34", "status": "0", "success": "True", "message": "Optimization terminated successfully.", "x": "[5.43989799 2.61451296 1.33041068 0.58138819 3.27836938 4.8276733 ]", "nit": "33", "callback": [0.6753584472431406, 0.64349310831942, 0.620382356619243, 0.6089806831718563, 0.5878631018436657, 0.557120674920387, 0.5461398023152368, 0.5398032166750921, 0.5317365447069755, 0.5296635676387138, 0.5276803528315628, 0.5255808890411899, 0.5241311115250051, 0.5230240945545721, 0.5223729222567595, 0.5218839375836146, 0.5216647368712357, 0.5216196722401318, 0.5216025472159076, 0.5215727635310898, 0.5215187803856949, 0.5214195626125959, 0.521239248716795, 0.5209479344208152, 0.5208529091283087, 0.5207225719484663, 0.5206339998319023, 0.5206083082978104, 0.5206029358180531, 0.5206009922816801, 0.5206005425408546, 0.5206004743503834, 0.5206004717326238]}, "3": {"maxiter": 100, "gtol": 1e-05, "xrtol": 1e-10, "eps": 1e-10, "duration": 0.05692005157470703, "fun": "0.5206004718972495", "jac": "[ 2.22044587e-06  0.00000000e+00 -2.22044587e-06  0.00000000e+00\n  0.00000000e+00  4.44089173e-06]", "hess_inv": "[[  7.66239482  -3.70152591   3.42883069  -9.08022688   7.30557222\n   -9.54116714]\n [ -3.70152591  17.05917921 -10.50623338   7.57430623  -7.46119895\n    5.4272838 ]\n [  3.42883069 -10.50623338  12.40542717  -9.74415168   5.0031776\n   -5.22917914]\n [ -9.08022688   7.57430623  -9.74415168  27.8043512  -15.30075101\n   20.6990615 ]\n [  7.30557222  -7.46119895   5.0031776  -15.30075101  24.18787259\n  -24.44449143]\n [ -9.54116714   5.4272838   -5.22917914  20.6990615  -24.44449143\n   31.49500579]]", "nfev": "238", "njev": "34", "status": "0", "success": "True", "message": "Optimization terminated successfully.", "x": "[5.43987591 2.61453627 1.33038736 0.5814591  3.27830359 4.82775802]", "nit": "33", "callback": [0.6753586614862503, 0.6434941748386391, 0.6203830314892897, 0.6089814736624288, 0.5878635676067281, 0.5571214156270283, 0.5461397850619589, 0.5398032081250659, 0.5317365261960805, 0.5296635561243275, 0.5276803761999045, 0.5255813182514844, 0.5241306187474595, 0.5230245517151919, 0.5223728012465165, 0.5218841023737009, 0.5216648194801083, 0.521619729614047, 0.5216026342401079, 0.5215729171724732, 0.5215190269899901, 0.5214198958950391, 0.5212397504256827, 0.5209485800574503, 0.5208546935775358, 0.5207248554127488, 0.5206345195015105, 0.5206085594506276, 0.520602981130218, 0.5206010050801837, 0.5206005528083475, 0.5206004740856762, 0.5206004718972495]}, "4": {"maxiter": 100, "gtol": 1e-10, "xrtol": 1e-05, "eps": 1e-05, "duration": 0.05830192565917969, "fun": "0.5206004716846926", "jac": "[ 4.53415083e-08  7.83817455e-08  9.84323734e-08 -1.00763842e-07\n  1.11377574e-07  1.76059167e-07]", "hess_inv": "[[  7.68583902  -3.75486364   3.41363681  -9.1729831    7.5864823\n   -9.89181088]\n [ -3.75486364  17.12979952 -10.5340914    7.75706215  -7.85342039\n    5.91063423]\n [  3.41363681 -10.5340914   12.32400425  -9.7408781    5.36745456\n   -5.68081387]\n [ -9.1729831    7.75706215  -9.7408781   28.16952095 -16.34296189\n   21.97279732]\n [  7.5864823   -7.85342039   5.36745456 -16.34296189  27.36661557\n  -28.17526689]\n [ -9.89181088   5.91063423  -5.68081387  21.97279732 -28.17526689\n   35.8729397 ]]", "nfev": "245", "njev": "35", "status": "0", "success": "True", "message": "Optimization terminated successfully.", "x": "[5.43989673 2.61451212 1.33040979 0.58139034 3.27840319 4.82763447]", "nit": "34", "callback": [0.6753584472431406, 0.64349310831942, 0.620382356619243, 0.6089806831718563, 0.5878631018436657, 0.557120674920387, 0.5461398023152368, 0.5398032166750921, 0.5317365447069755, 0.5296635676387138, 0.5276803528315628, 0.5255808890411899, 0.5241311115250051, 0.5230240945545721, 0.5223729222567595, 0.5218839375836146, 0.5216647368712357, 0.5216196722401318, 0.5216025472159076, 0.5215727635310898, 0.5215187803856949, 0.5214195626125959, 0.521239248716795, 0.5209479344208152, 0.5208529091283087, 0.5207225719484663, 0.5206339998319023, 0.5206083082978104, 0.5206029358180531, 0.5206009922816801, 0.5206005425408546, 0.5206004743503834, 0.5206004717326238, 0.5206004716846926]}, "5": {"maxiter": 100, "gtol": 1e-10, "xrtol": 1e-05, "eps": 1e-10, "duration": 0.06141185760498047, "fun": "0.5206004717943264", "jac": "[ 0.00000000e+00 -4.44089173e-06 -4.44089173e-06 -4.44089173e-06\n  0.00000000e+00  0.00000000e+00]", "hess_inv": "[[  8.23985802  -4.21142532   3.83552903 -10.51602342  11.01023947\n  -13.55043862]\n [ -4.21142532  17.44864187 -10.7069848    8.74807463 -11.06875617\n    9.23084292]\n [  3.83552903 -10.7069848   12.14788106 -10.42371705   7.41382344\n   -7.60933811]\n [-10.51602342   8.74807463 -10.42371705  31.17167529 -24.32356864\n   30.33014553]\n [ 11.01023947 -11.06875617   7.41382344 -24.32356864  37.29772055\n  -39.46299608]\n [-13.55043862   9.23084292  -7.60933811  30.33014553 -39.46299608\n   48.47230174]]", "nfev": "259", "njev": "37", "status": "0", "success": "True", "message": "Optimization terminated successfully.", "x": "[5.4399295  2.61448129 1.33042691 0.58132597 3.27845642 4.82757532]", "nit": "35", "callback": [0.6753586614862503, 0.6434941748386391, 0.6203830314892897, 0.6089814736624288, 0.5878635676067281, 0.5571214156270283, 0.5461397850619589, 0.5398032081250659, 0.5317365261960805, 0.5296635561243275, 0.5276803761999045, 0.5255813182514844, 0.5241306187474595, 0.5230245517151919, 0.5223728012465165, 0.5218841023737009, 0.5216648194801083, 0.521619729614047, 0.5216026342401079, 0.5215729171724732, 0.5215190269899901, 0.5214198958950391, 0.5212397504256827, 0.5209485800574503, 0.5208546935775358, 0.5207248554127488, 0.5206345195015105, 0.5206085594506276, 0.520602981130218, 0.5206010050801837, 0.5206005528083475, 0.5206004740856762, 0.5206004718972495, 0.5206004718747863, 0.5206004717943264]}, "6": {"maxiter": 100, "gtol": 1e-10, "xrtol": 1e-10, "eps": 1e-05, "duration": 0.12033891677856445, "fun": "0.5206004716846926", "jac": "[ 4.53415083e-08  7.83817455e-08  9.84323734e-08 -1.00763842e-07\n  1.11377574e-07  1.76059167e-07]", "hess_inv": "[[  7.69620702  -3.75785006   3.43172371  -9.20164733   7.45518895\n   -9.73569165]\n [ -3.75785006  17.12118788 -10.52897361   7.75474873  -7.67652487\n    5.71104496]\n [  3.43172371 -10.52897361  12.34429604  -9.77935771   4.98677206\n   -5.23987579]\n [ -9.20164733   7.75474873  -9.77935771  28.23697306 -15.82477682\n   21.36863191]\n [  7.45518895  -7.67652487   4.98677206 -15.82477682  26.98711928\n  -27.88192965]\n [ -9.73569165   5.71104496  -5.23987579  21.36863191 -27.88192965\n   35.69970133]]", "nfev": "515", "njev": "72", "status": "2", "success": "False", "message": "Desired error not necessarily achieved due to precision loss.", "x": "[5.43989673 2.61451212 1.33040979 0.58139034 3.27840319 4.82763447]", "nit": "34", "callback": [0.6753584472431406, 0.64349310831942, 0.620382356619243, 0.6089806831718563, 0.5878631018436657, 0.557120674920387, 0.5461398023152368, 0.5398032166750921, 0.5317365447069755, 0.5296635676387138, 0.5276803528315628, 0.5255808890411899, 0.5241311115250051, 0.5230240945545721, 0.5223729222567595, 0.5218839375836146, 0.5216647368712357, 0.5216196722401318, 0.5216025472159076, 0.5215727635310898, 0.5215187803856949, 0.5214195626125959, 0.521239248716795, 0.5209479344208152, 0.5208529091283087, 0.5207225719484663, 0.5206339998319023, 0.5206083082978104, 0.5206029358180531, 0.5206009922816801, 0.5206005425408546, 0.5206004743503834, 0.5206004717326238, 0.5206004716846926]}, "7": {"maxiter": 100, "gtol": 1e-10, "xrtol": 1e-10, "eps": 1e-10, "duration": 0.07976484298706055, "fun": "0.5206004717263071", "jac": "[ 0.00000000e+00  0.00000000e+00 -2.22044587e-06 -2.22044587e-06\n  0.00000000e+00  0.00000000e+00]", "hess_inv": "[[12.09509277  0.67102033 -2.57865578 -2.24863362 -6.55067309  7.27677913]\n [ 0.67102033  0.37446841 -0.32312663  0.02574737 -0.4233764   0.38258695]\n [-2.57865578 -0.32312663  1.82014719 -0.36842299  0.92317116 -1.13598312]\n [-2.24863362  0.02574737 -0.36842299  2.01349058  0.72805554 -0.60137313]\n [-6.55067309 -0.4233764   0.92317116  0.72805554  8.58795677 -4.91039353]\n [ 7.27677913  0.38258695 -1.13598312 -0.60137313 -4.91039353  5.5503307 ]]", "nfev": "336", "njev": "48", "status": "0", "success": "True", "message": "Optimization terminated successfully.", "x": "[5.43991789 2.61449808 1.33042259 0.58134578 3.27844002 4.8275914 ]", "nit": "42", "callback": [0.6753586614862503, 0.6434941748386391, 0.6203830314892897, 0.6089814736624288, 0.5878635676067281, 0.5571214156270283, 0.5461397850619589, 0.5398032081250659, 0.5317365261960805, 0.5296635561243275, 0.5276803761999045, 0.5255813182514844, 0.5241306187474595, 0.5230245517151919, 0.5223728012465165, 0.5218841023737009, 0.5216648194801083, 0.521619729614047, 0.5216026342401079, 0.5215729171724732, 0.5215190269899901, 0.5214198958950391, 0.5212397504256827, 0.5209485800574503, 0.5208546935775358, 0.5207248554127488, 0.5206345195015105, 0.5206085594506276, 0.520602981130218, 0.5206010050801837, 0.5206005528083475, 0.5206004740856762, 0.5206004718972495, 0.5206004718747863, 0.5206004717943264, 0.5206004717776844, 0.5206004717611388, 0.5206004717416386, 0.5206004717264727, 0.5206004717263073, 0.5206004717263071, 0.5206004717263071]}, "8": {"maxiter": 500, "gtol": 1e-05, "xrtol": 1e-05, "eps": 1e-05, "duration": 0.05626797676086426, "fun": "0.5206004717326238", "jac": "[ 1.54143365e-06 -1.58872915e-07 -6.49835741e-07 -1.65127911e-06\n -2.75401923e-07  2.22577512e-06]", "hess_inv": "[[  7.79421197  -3.83341255   3.58247958  -9.52180684   7.71082942\n  -10.03358786]\n [ -3.83341255  17.18166096 -10.65335315   8.0043528   -7.8421513\n    5.896982  ]\n [  3.58247958 -10.65335315  12.58514324 -10.28093569   5.49888303\n   -5.83017106]\n [ -9.52180684   8.0043528  -10.28093569  29.28624508 -16.63247868\n   22.30201852]\n [  7.71082942  -7.8421513    5.49888303 -16.63247868  25.48182594\n  -26.01021737]\n [-10.03358786   5.896982    -5.83017106  22.30201852 -26.01021737\n   33.38596651]]", "nfev": "238", "njev": "34", "status": "0", "success": "True", "message": "Optimization terminated successfully.", "x": "[5.43989799 2.61451296 1.33041068 0.58138819 3.27836938 4.8276733 ]", "nit": "33", "callback": [0.6753584472431406, 0.64349310831942, 0.620382356619243, 0.6089806831718563, 0.5878631018436657, 0.557120674920387, 0.5461398023152368, 0.5398032166750921, 0.5317365447069755, 0.5296635676387138, 0.5276803528315628, 0.5255808890411899, 0.5241311115250051, 0.5230240945545721, 0.5223729222567595, 0.5218839375836146, 0.5216647368712357, 0.5216196722401318, 0.5216025472159076, 0.5215727635310898, 0.5215187803856949, 0.5214195626125959, 0.521239248716795, 0.5209479344208152, 0.5208529091283087, 0.5207225719484663, 0.5206339998319023, 0.5206083082978104, 0.5206029358180531, 0.5206009922816801, 0.5206005425408546, 0.5206004743503834, 0.5206004717326238]}, "9": {"maxiter": 500, "gtol": 1e-05, "xrtol": 1e-05, "eps": 1e-10, "duration": 0.05441093444824219, "fun": "0.5206004718972495", "jac": "[ 2.22044587e-06  0.00000000e+00 -2.22044587e-06  0.00000000e+00\n  0.00000000e+00  4.44089173e-06]", "hess_inv": "[[  7.66239482  -3.70152591   3.42883069  -9.08022688   7.30557222\n   -9.54116714]\n [ -3.70152591  17.05917921 -10.50623338   7.57430623  -7.46119895\n    5.4272838 ]\n [  3.42883069 -10.50623338  12.40542717  -9.74415168   5.0031776\n   -5.22917914]\n [ -9.08022688   7.57430623  -9.74415168  27.8043512  -15.30075101\n   20.6990615 ]\n [  7.30557222  -7.46119895   5.0031776  -15.30075101  24.18787259\n  -24.44449143]\n [ -9.54116714   5.4272838   -5.22917914  20.6990615  -24.44449143\n   31.49500579]]", "nfev": "238", "njev": "34", "status": "0", "success": "True", "message": "Optimization terminated successfully.", "x": "[5.43987591 2.61453627 1.33038736 0.5814591  3.27830359 4.82775802]", "nit": "33", "callback": [0.6753586614862503, 0.6434941748386391, 0.6203830314892897, 0.6089814736624288, 0.5878635676067281, 0.5571214156270283, 0.5461397850619589, 0.5398032081250659, 0.5317365261960805, 0.5296635561243275, 0.5276803761999045, 0.5255813182514844, 0.5241306187474595, 0.5230245517151919, 0.5223728012465165, 0.5218841023737009, 0.5216648194801083, 0.521619729614047, 0.5216026342401079, 0.5215729171724732, 0.5215190269899901, 0.5214198958950391, 0.5212397504256827, 0.5209485800574503, 0.5208546935775358, 0.5207248554127488, 0.5206345195015105, 0.5206085594506276, 0.520602981130218, 0.5206010050801837, 0.5206005528083475, 0.5206004740856762, 0.5206004718972495]}, "10": {"maxiter": 500, "gtol": 1e-05, "xrtol": 1e-10, "eps": 1e-05, "duration": 0.05385422706604004, "fun": "0.5206004717326238", "jac": "[ 1.54143365e-06 -1.58872915e-07 -6.49835741e-07 -1.65127911e-06\n -2.75401923e-07  2.22577512e-06]", "hess_inv": "[[  7.79421197  -3.83341255   3.58247958  -9.52180684   7.71082942\n  -10.03358786]\n [ -3.83341255  17.18166096 -10.65335315   8.0043528   -7.8421513\n    5.896982  ]\n [  3.58247958 -10.65335315  12.58514324 -10.28093569   5.49888303\n   -5.83017106]\n [ -9.52180684   8.0043528  -10.28093569  29.28624508 -16.63247868\n   22.30201852]\n [  7.71082942  -7.8421513    5.49888303 -16.63247868  25.48182594\n  -26.01021737]\n [-10.03358786   5.896982    -5.83017106  22.30201852 -26.01021737\n   33.38596651]]", "nfev": "238", "njev": "34", "status": "0", "success": "True", "message": "Optimization terminated successfully.", "x": "[5.43989799 2.61451296 1.33041068 0.58138819 3.27836938 4.8276733 ]", "nit": "33", "callback": [0.6753584472431406, 0.64349310831942, 0.620382356619243, 0.6089806831718563, 0.5878631018436657, 0.557120674920387, 0.5461398023152368, 0.5398032166750921, 0.5317365447069755, 0.5296635676387138, 0.5276803528315628, 0.5255808890411899, 0.5241311115250051, 0.5230240945545721, 0.5223729222567595, 0.5218839375836146, 0.5216647368712357, 0.5216196722401318, 0.5216025472159076, 0.5215727635310898, 0.5215187803856949, 0.5214195626125959, 0.5212392