{"date": "2024/10/27/, 06:40:15", "conf_id": 114, "data_type": "orthogonal\n", "num_data_points": 2, "s_rank": 0, "unitary": "[[-0.24866696+0.58742286j,-0.44704345-0.43151574j,-0.35669027-0.20570733j,-0.10517633+0.1626036j],[0.10596805-0.19687975j,-0.30269685-0.15056416j,0.18246286+0.30440582j,-0.83484447-0.11310748j],[0.26054512-0.52548482j,0.0285017-0.50723956j,-0.43110112+0.17165838j,0.15243271+0.39915801j],[0.42978035+0.11991271j,-0.17224126-0.46030424j,0.6827807-0.15164662j,0.26483638+0.0061855j]]", "databatch_0": {"databatch": "[[[0.30491711+0.20594382j,0.22119633-0.01321136j,-0.15654878+0.09167024j,-0.24243889+0.01111461j],[-0.03790331+0.00703974j,0.23899252-0.10031895j,-0.09252293+0.27271875j,-0.04074074-0.0056308j],[0.42640197-0.19225604j,-0.03638227-0.01297568j,-0.07487036+0.15623803j,-0.11677433+0.2062104j],[-0.19758184-0.3353949j,0.12915563-0.11832305j,0.18056396+0.10769079j,0.1527394+0.11923267j]],[[-0.02702369-0.25862063j,-0.01923625+0.0714005j,-0.36763062-0.14878702j,0.1381653+0.07957749j],[0.04822614-0.1714146j,-0.03300649-0.06410245j,-0.02759015+0.11896148j,0.04301969+0.09109014j],[0.12076959+0.01548396j,-0.56510963-0.00421703j,-0.16924907-0.13490022j,0.09578452-0.0034566j],[0.16580256+0.06573795j,-0.34564977-0.05409476j,0.32008468+0.18053944j,-0.05022905+0.0152063j]]]", "initial param values": "[3.72299766,3.90701198,1.78368661,0.28461202,1.15767073,0.21376244]", "nelder_mead": {"type": "gradient-free", "0": {"maxiter": 100, "fatol": 1e-05, "xatol": 1e-05, "duration": 0.23849916458129883, "fun": "0.6097841846218597", "nit": "100", "nfev": "161", "status": "2", "success": "False", "message": "Maximum number of iterations has been exceeded.", "x": "[3.47532247 2.1299464  1.39378669 0.26672064 3.79013027 0.2867581 ]", "final_simplex": "(array([[3.47532247, 2.1299464 , 1.39378669, 0.26672064, 3.79013027,\n        0.2867581 ],\n       [3.57495341, 2.06857908, 1.44400348, 0.28767021, 3.65198753,\n        0.26966801],\n       [3.50441543, 2.09921288, 1.37767169, 0.2640224 , 3.76742983,\n        0.29421096],\n       [3.45316204, 1.97460453, 1.43772882, 0.29266398, 3.77692755,\n        0.27649272],\n       [3.44712908, 2.0751513 , 1.42694491, 0.28664157, 3.69663978,\n        0.27899595],\n       [3.30935003, 2.12491786, 1.44753205, 0.2725548 , 3.8560291 ,\n        0.28689178],\n       [3.45494902, 1.97525782, 1.41662923, 0.30973259, 3.63132023,\n        0.2779859 ]]), array([0.60978418, 0.6103252 , 0.61061614, 0.61063144, 0.61087412,\n       0.61148717, 0.61260026]))", "callback": [0.9687908856564535, 0.8721594331165645, 0.7755423778942361, 0.7749380686729669, 0.771417694665433, 0.7673064471439375, 0.757849909821485, 0.7237405983722811, 0.6284489198549089, 0.613049922702902]}, "1": {"maxiter": 100, "fatol": 1e-05, "xatol": 1e-10, "duration": 0.15776944160461426, "fun": "0.6097841846218597", "nit": "100", "nfev": "161", "status": "2", "success": "False", "message": "Maximum number of iterations has been exceeded.", "x": "[3.47532247 2.1299464  1.39378669 0.26672064 3.79013027 0.2867581 ]", "final_simplex": "(array([[3.47532247, 2.1299464 , 1.39378669, 0.26672064, 3.79013027,\n        0.2867581 ],\n       [3.57495341, 2.06857908, 1.44400348, 0.28767021, 3.65198753,\n        0.26966801],\n       [3.50441543, 2.09921288, 1.37767169, 0.2640224 , 3.76742983,\n        0.29421096],\n       [3.45316204, 1.97460453, 1.43772882, 0.29266398, 3.77692755,\n        0.27649272],\n       [3.44712908, 2.0751513 , 1.42694491, 0.28664157, 3.69663978,\n        0.27899595],\n       [3.30935003, 2.12491786, 1.44753205, 0.2725548 , 3.8560291 ,\n        0.28689178],\n       [3.45494902, 1.97525782, 1.41662923, 0.30973259, 3.63132023,\n        0.2779859 ]]), array([0.60978418, 0.6103252 , 0.61061614, 0.61063144, 0.61087412,\n       0.61148717, 0.61260026]))", "callback": [0.9687908856564535, 0.8721594331165645, 0.7755423778942361, 0.7749380686729669, 0.771417694665433, 0.7673064471439375, 0.757849909821485, 0.7237405983722811, 0.6284489198549089, 0.613049922702902]}, "2": {"maxiter": 100, "fatol": 1e-10, "xatol": 1e-05, "duration": 0.12580108642578125, "fun": "0.6097841846218597", "nit": "100", "nfev": "161", "status": "2", "success": "False", "message": "Maximum number of iterations has been exceeded.", "x": "[3.47532247 2.1299464  1.39378669 0.26672064 3.79013027 0.2867581 ]", "final_simplex": "(array([[3.47532247, 2.1299464 , 1.39378669, 0.26672064, 3.79013027,\n        0.2867581 ],\n       [3.57495341, 2.06857908, 1.44400348, 0.28767021, 3.65198753,\n        0.26966801],\n       [3.50441543, 2.09921288, 1.37767169, 0.2640224 , 3.76742983,\n        0.29421096],\n       [3.45316204, 1.97460453, 1.43772882, 0.29266398, 3.77692755,\n        0.27649272],\n       [3.44712908, 2.0751513 , 1.42694491, 0.28664157, 3.69663978,\n        0.27899595],\n       [3.30935003, 2.12491786, 1.44753205, 0.2725548 , 3.8560291 ,\n        0.28689178],\n       [3.45494902, 1.97525782, 1.41662923, 0.30973259, 3.63132023,\n        0.2779859 ]]), array([0.60978418, 0.6103252 , 0.61061614, 0.61063144, 0.61087412,\n       0.61148717, 0.61260026]))", "callback": [0.9687908856564535, 0.8721594331165645, 0.7755423778942361, 0.7749380686729669, 0.771417694665433, 0.7673064471439375, 0.757849909821485, 0.7237405983722811, 0.6284489198549089, 0.613049922702902]}, "3": {"maxiter": 100, "fatol": 1e-10, "xatol": 1e-10, "duration": 0.12571024894714355, "fun": "0.6097841846218597", "nit": "100", "nfev": "161", "status": "2", "success": "False", "message": "Maximum number of iterations has been exceeded.", "x": "[3.47532247 2.1299464  1.39378669 0.26672064 3.79013027 0.2867581 ]", "final_simplex": "(array([[3.47532247, 2.1299464 , 1.39378669, 0.26672064, 3.79013027,\n        0.2867581 ],\n       [3.57495341, 2.06857908, 1.44400348, 0.28767021, 3.65198753,\n        0.26966801],\n       [3.50441543, 2.09921288, 1.37767169, 0.2640224 , 3.76742983,\n        0.29421096],\n       [3.45316204, 1.97460453, 1.43772882, 0.29266398, 3.77692755,\n        0.27649272],\n       [3.44712908, 2.0751513 , 1.42694491, 0.28664157, 3.69663978,\n        0.27899595],\n       [3.30935003, 2.12491786, 1.44753205, 0.2725548 , 3.8560291 ,\n        0.28689178],\n       [3.45494902, 1.97525782, 1.41662923, 0.30973259, 3.63132023,\n        0.2779859 ]]), array([0.60978418, 0.6103252 , 0.61061614, 0.61063144, 0.61087412,\n       0.61148717, 0.61260026]))", "callback": [0.9687908856564535, 0.8721594331165645, 0.7755423778942361, 0.7749380686729669, 0.771417694665433, 0.7673064471439375, 0.757849909821485, 0.7237405983722811, 0.6284489198549089, 0.613049922702902]}, "4": {"maxiter": 500, "fatol": 1e-05, "xatol": 1e-05, "duration": 0.7343909740447998, "fun": "0.3068878389040818", "nit": "500", "nfev": "772", "status": "2", "success": "False", "message": "Maximum number of iterations has been exceeded.", "x": "[ 4.07003448  3.21100415  1.72161974  1.95955864  3.70261405 -0.67367857]", "final_simplex": "(array([[ 4.07003448,  3.21100415,  1.72161974,  1.95955864,  3.70261405,\n        -0.67367857],\n       [ 4.08734425,  3.29602877,  1.79998538,  1.96008562,  3.63688468,\n        -0.7222884 ],\n       [ 4.09041064,  3.33774913,  1.85390981,  2.05302665,  3.59073997,\n        -0.8244799 ],\n       [ 3.98521591,  3.23950464,  1.7763044 ,  2.0031375 ,  3.65807206,\n        -0.66796074],\n       [ 4.04829697,  3.3714018 ,  1.74011758,  2.08692556,  3.57894672,\n        -0.73789456],\n       [ 4.10380677,  3.24525138,  1.86412296,  2.04482562,  3.56264832,\n        -0.75078859],\n       [ 4.17590997,  3.26193802,  1.73788788,  1.95924951,  3.59183266,\n        -0.84100019]]), array([0.30688784, 0.30851898, 0.30898479, 0.30903939, 0.30955019,\n       0.31171839, 0.31429873]))", "callback": [0.9687908856564535, 0.8721594331165645, 0.7755423778942361, 0.7749380686729669, 0.771417694665433, 0.7673064471439375, 0.757849909821485, 0.7237405983722811, 0.6284489198549089, 0.613049922702902, 0.6097841846218597, 0.608235350535679, 0.6029391910198232, 0.5908934659376583, 0.5715685652643063, 0.5299242367535868, 0.520835424134929, 0.5117844895693945, 0.5034804490010432, 0.5006826986215536, 0.49873355972042943, 0.4979893999611096, 0.4969964402137832, 0.4955761377837028, 0.48934865271119476, 0.41387096252861233, 0.3633906940124485, 0.35660800899825373, 0.35072423658806895, 0.3468496966346586, 0.3425562373517763, 0.33822641825478095, 0.33822641825478095, 0.3363058370194876, 0.33386114639130293, 0.33231217798625134, 0.332088270142182, 0.3319781334241445, 0.3319575838580904, 0.3319527795958016, 0.33194559890132946, 0.3319245563626154, 0.33191119144938575, 0.3318303263607013, 0.33151163693451025, 0.3309754616210907, 0.32949407855406787, 0.3264372945721822, 0.322479350615008, 0.31551383199866656]}, "5": {"maxiter": 500, "fatol": 1e-05, "xatol": 1e-10, "duration": 0.6643185615539551, "fun": "0.3068878389040818", "nit": "500", "nfev": "772", "status": "2", "success": "False", "message": "Maximum number of iterations has been exceeded.", "x": "[ 4.07003448  3.21100415  1.72161974  1.95955864  3.70261405 -0.67367857]", "final_simplex": "(array([[ 4.07003448,  3.21100415,  1.72161974,  1.95955864,  3.70261405,\n        -0.67367857],\n       [ 4.08734425,  3.29602877,  1.79998538,  1.96008562,  3.63688468,\n        -0.7222884 ],\n       [ 4.09041064,  3.33774913,  1.85390981,  2.05302665,  3.59073997,\n        -0.8244799 ],\n       [ 3.98521591,  3.23950464,  1.7763044 ,  2.0031375 ,  3.65807206,\n        -0.66796074],\n       [ 4.04829697,  3.3714018 ,  1.74011758,  2.08692556,  3.57894672,\n        -0.73789456],\n       [ 4.10380677,  3.24525138,  1.86412296,  2.04482562,  3.56264832,\n        -0.75078859],\n       [ 4.17590997,  3.26193802,  1.73788788,  1.95924951,  3.59183266,\n        -0.84100019]]), array([0.30688784, 0.30851898, 0.30898479, 0.30903939, 0.30955019,\n       0.31171839, 0.31429873]))", "callback": [0.9687908856564535, 0.8721594331165645, 0.7755423778942361, 0.7749380686729669, 0.771417694665433, 0.7673064471439375, 0.757849909821485, 0.7237405983722811, 0.6284489198549089, 0.613049922702902, 0.6097841846218597, 0.608235350535679, 0.6029391910198232, 0.5908934659376583, 0.5715685652643063, 0.5299242367535868, 0.520835424134929, 0.5117844895693945, 0.5034804490010432, 0.5006826986215536, 0.49873355972042943, 0.4979893999611096, 0.4969964402137832, 0.4955761377837028, 0.48934865271119476, 0.41387096252861233, 0.3633906940124485, 0.35660800899825373, 0.35072423658806895, 0.3468496966346586, 0.3425562373517763, 0.33822641825478095, 0.33822641825478095, 0.3363058370194876, 0.33386114639130293, 0.33231217798625134, 0.332088270142182, 0.3319781334241445, 0.3319575838580904, 0.3319527795958016, 0.33194559890132946, 0.3319245563626154, 0.33191119144938575, 0.3318303263607013, 0.33151163693451025, 0.3309754616210907, 0.32949407855406787, 0.3264372945721822, 0.322479350615008, 0.31551383199866656]}, "6": {"maxiter": 500, "fatol": 1e-10, "xatol": 1e-05, "duration": 0.6354467868804932, "fun": "0.3068878389040818", "nit": "500", "nfev": "772", "status": "2", "success": "False", "message": "Maximum number of iterations has been exceeded.", "x": "[ 4.07003448  3.21100415  1.72161974  1.95955864  3.70261405 -0.67367857]", "final_simplex": "(array([[ 4.07003448,  3.21100415,  1.72161974,  1.95955864,  3.70261405,\n        -0.67367857],\n       [ 4.08734425,  3.29602877,  1.79998538,  1.96008562,  3.63688468,\n        -0.7222884 ],\n       [ 4.09041064,  3.33774913,  1.85390981,  2.05302665,  3.59073997,\n        -0.8244799 ],\n       [ 3.98521591,  3.23950464,  1.7763044 ,  2.0031375 ,  3.65807206,\n        -0.66796074],\n       [ 4.04829697,  3.3714018 ,  1.74011758,  2.08692556,  3.57894672,\n        -0.73789456],\n       [ 4.10380677,  3.24525138,  1.86412296,  2.04482562,  3.56264832,\n        -0.75078859],\n       [ 4.17590997,  3.26193802,  1.73788788,  1.95924951,  3.59183266,\n        -0.84100019]]), array([0.30688784, 0.30851898, 0.30898479, 0.30903939, 0.30955019,\n       0.31171839, 0.31429873]))", "callback": [0.9687908856564535, 0.8721594331165645, 0.7755423778942361, 0.7749380686729669, 0.771417694665433, 0.7673064471439375, 0.757849909821485, 0.7237405983722811, 0.6284489198549089, 0.613049922702902, 0.6097841846218597, 0.608235350535679, 0.6029391910198232, 0.5908934659376583, 0.5715685652643063, 0.5299242367535868, 0.520835424134929, 0.5117844895693945, 0.5034804490010432, 0.5006826986215536, 0.49873355972042943, 0.4979893999611096, 0.4969964402137832, 0.4955761377837028, 0.48934865271119476, 0.41387096252861233, 0.3633906940124485, 0.35660800899825373, 0.35072423658806895, 0.3468496966346586, 0.3425562373517763, 0.33822641825478095, 0.33822641825478095, 0.3363058370194876, 0.33386114639130293, 0.33231217798625134, 0.332088270142182, 0.3319781334241445, 0.3319575838580904, 0.3319527795958016, 0.33194559890132946, 0.3319245563626154, 0.33191119144938575, 0.3318303263607013, 0.33151163693451025, 0.3309754616210907, 0.32949407855406787, 0.3264372945721822, 0.322479350615008, 0.31551383199866656]}, "7": {"maxiter": 500, "fatol": 1e-10, "xatol": 1e-10, "duration": 0.9940705299377441, "fun": "0.3068878389040818", "nit": "500", "nfev": "772", "status": "2", "success": "False", "message": "Maximum number of iterations has been exceeded.", "x": "[ 4.07003448  3.21100415  1.72161974  1.95955864  3.70261405 -0.67367857]", "final_simplex": "(array([[ 4.07003448,  3.21100415,  1.72161974,  1.95955864,  3.70261405,\n        -0.67367857],\n       [ 4.08734425,  3.29602877,  1.79998538,  1.96008562,  3.63688468,\n        -0.7222884 ],\n       [ 4.09041064,  3.33774913,  1.85390981,  2.05302665,  3.59073997,\n        -0.8244799 ],\n       [ 3.98521591,  3.23950464,  1.7763044 ,  2.0031375 ,  3.65807206,\n        -0.66796074],\n       [ 4.04829697,  3.3714018 ,  1.74011758,  2.08692556,  3.57894672,\n        -0.73789456],\n       [ 4.10380677,  3.24525138,  1.86412296,  2.04482562,  3.56264832,\n        -0.75078859],\n       [ 4.17590997,  3.26193802,  1.73788788,  1.95924951,  3.59183266,\n        -0.84100019]]), array([0.30688784, 0.30851898, 0.30898479, 0.30903939, 0.30955019,\n       0.31171839, 0.31429873]))", "callback": [0.9687908856564535, 0.8721594331165645, 0.7755423778942361, 0.7749380686729669, 0.771417694665433, 0.7673064471439375, 0.757849909821485, 0.7237405983722811, 0.6284489198549089, 0.613049922702902, 0.6097841846218597, 0.608235350535679, 0.6029391910198232, 0.5908934659376583, 0.5715685652643063, 0.5299242367535868, 0.520835424134929, 0.5117844895693945, 0.5034804490010432, 0.5006826986215536, 0.49873355972042943, 0.4979893999611096, 0.4969964402137832, 0.4955761377837028, 0.48934865271119476, 0.41387096252861233, 0.3633906940124485, 0.35660800899825373, 0.35072423658806895, 0.3468496966346586, 0.3425562373517763, 0.33822641825478095, 0.33822641825478095, 0.3363058370194876, 0.33386114639130293, 0.33231217798625134, 0.332088270142182, 0.3319781334241445, 0.3319575838580904, 0.3319527795958016, 0.33194559890132946, 0.3319245563626154, 0.33191119144938575, 0.3318303263607013, 0.33151163693451025, 0.3309754616210907, 0.32949407855406787, 0.3264372945721822, 0.322479350615008, 0.31551383199866656]}, "8": {"maxiter": 1000, "fatol": 1e-05, "xatol": 1e-05, "duration": 0.9135653972625732, "fun": "0.29276639102299307", "nit": "636", "nfev": "1010", "status": "0", "success": "True", "message": "Optimization terminated successfully.", "x": "[ 4.03595119  3.4850707   1.95973783  2.14018296  3.960045   -0.54758314]", "final_simplex": "(array([[ 4.03595119,  3.4850707 ,  1.95973783,  2.14018296,  3.960045  ,\n        -0.54758314],\n       [ 4.0359509 ,  3.48507716,  1.95974304,  2.14018555,  3.96004742,\n        -0.54758653],\n       [ 4.03594639,  3.48507476,  1.95974696,  2.14018343,  3.96004937,\n        -0.54758259],\n       [ 4.03594912,  3.48506168,  1.95973497,  2.1401824 ,  3.96003778,\n        -0.54758469],\n       [ 4.03595324,  3.48507773,  1.95974228,  2.14018257,  3.9600435 ,\n        -0.54759052],\n       [ 4.03595674,  3.48507296,  1.95974302,  2.14018554,  3.96003579,\n        -0.54759251],\n       [ 4.03595325,  3.48507862,  1.95974114,  2.14018615,  3.9600373 ,\n        -0.54758863]]), array([0.29276639, 0.29276639, 0.29276639, 0.29276639, 0.29276639,\n       0.29276639, 0.29276639]))", "callback": [0.9687908856564535, 0.8721594331165645, 0.7755423778942361, 0.7749380686729669, 0.771417694665433, 0.7673064471439375, 0.757849909821485, 0.7237405983722811, 0.6284489198549089, 0.613049922702902, 0.6097841846218597, 0.608235350535679, 0.6029391910198232, 0.5908934659376583, 0.5715685652643063, 0.5299242367535868, 0.520835424134929, 0.5117844895693945, 0.5034804490010432, 0.5006826986215536, 0.49873355972042943, 0.4979893999611096, 0.4969964402137832, 0.4955761377837028, 0.48934865271119476, 0.41387096252861233, 0.3633906940124485, 0.35660800899825373, 0.35072423658806895, 0.3468496966346586, 0.3425562373517763, 0.33822641825478095, 0.33822641825478095, 0.3363058370194876, 0.33386114639130293, 0.33231217798625134, 0.332088270142182, 0.3319781334241445, 0.3319575838580904, 0.3319527795958016, 0.33194559890132946, 0.3319245563626154, 0.33191119144938575, 0.3318303263607013, 0.33151163693451025, 0.3309754616210907, 0.32949407855406787, 0.3264372945721822, 0.322479350615008, 0.31551383199866656, 0.3068878389040818, 0.2990103769290079, 0.29487504301014367, 0.292936277922345, 0.29283156503234764, 0.29277581585507373, 0.2927682206466693, 0.29276670335444765, 0.2927664554803395, 0.2927663996643176, 0.29276639201619825, 0.2927663911351307, 0.29276639104604363, 0.2927663910246896]}, "9": {"maxiter": 1000, "fatol": 1e-05, "xatol": 1e-10, "duration": 1.2198681831359863, "fun": "0.2927663910075686", "nit": "758", "nfev": "1260", "status": "0", "success": "True", "message": "Optimization terminated successfully.", "x": "[ 4.03594452  3.48506882  1.95973736  2.14018366  3.96004246 -0.5475902 ]", "final_simplex": "(array([[ 4.03594452,  3.48506882,  1.95973736,  2.14018366,  3.96004246,\n        -0.5475902 ],\n       [ 4.03594452,  3.48506882,  1.95973736,  2.14018366,  3.96004246,\n        -0.5475902 ],\n       [ 4.03594452,  3.48506882,  1.95973736,  2.14018366,  3.96004246,\n        -0.5475902 ],\n       [ 4.03594452,  3.48506882,  1.95973736,  2.14018366,  3.96004246,\n        -0.5475902 ],\n       [ 4.03594452,  3.48506882,  1.95973736,  2.14018366,  3.96004246,\n        -0.5475902 ],\n       [ 4.03594452,  3.48506882,  1.95973736,  2.14018366,  3.96004246,\n        -0.5475902 ],\n       [ 4.03594452,  3.48506882,  1.95973736,  2.14018366,  3.96004246,\n        -0.5475902 ]]), array([0.29276639, 0.29276639, 0.29276639, 0.29276639, 0.29276639,\n       0.29276639, 0.29276639]))", "callback": [0.9687908856564535, 0.8721594331165645, 0.7755423778942361, 0.7749380686729669, 0.771417694665433, 0.7673064471439375, 0.757849909821485, 0.7237405983722811, 0.6284489198549089, 0.613049922702902, 0.6097841846218597, 0.608235350535679, 0.6029391910198232, 0.5908934659376583, 0.5715685652643063, 0.5299242367535868, 0.520835424134929, 0.5117844895693945, 0.5034804490010432, 0.5006826986215536, 0.49873355972042943, 0.4979893999611096, 0.4969964402137832, 0.4955761377837028, 0.48934865271119476, 0.41387096252861233, 0.3633906940124485, 0.35660800899825373, 0.35072423658806895, 0.3468496966346586, 0.3425562373517763, 0.33822641825478095, 0.33822641825478095, 0.3363058370194876, 0.33386114639130293, 0.33231217798625134, 0.332088270142182, 0.3319781334241445, 0.3319575838580904, 0.3319527795958016, 0.33194559890132946, 0.3319245563626154, 0.33191119144938575, 0.3318303263607013, 0.33151163693451025, 0.3309754616210907, 0.32949407855406787, 0.3264372945721822, 0.322479350615008, 0.31551383199866656, 0.3068878389040818, 0.2990103769290079, 0.29487504301014367, 0.292936277922345, 0.29283156503234764, 0.29277581585507373, 0.2927682206466693, 0.29276670335444765, 0.2927664554803395, 0.2927663996643176, 0.29276639201619825, 0.2927663911351307, 0.29276639104604363, 0.2927663910246896, 0.29276639101748625, 0.29276639101108226, 0.29276639100873236, 0.29276639100790147, 0.29276639100769675, 0.29276639100759794, 0.2927663910075722, 0.29276639100757096, 0.2927663910075693, 0.29276639100756874, 0.2927663910075686, 0.2927663910075686]}, "10": {"maxiter": 1000, "fatol": 1e-10, "xatol": 1e-05, "duration": 0.8564937114715576, "fun": "0.29276639102299307", "nit": "636", "nfev": "1010", "status": "0", "success": "True", "message": "Optimization terminated successfully.", "x": "[ 4.03595119  3.4850707   1.95973783  2.14018296  3.960045   -0.54758314]", "final_simplex": "(array([[ 4.03595119,  3.4850707 ,  1.95973783,  2.14018296,  3.960045  ,\n        -0.54758314],\n       [ 4.0359509 ,  3.48507716,  1.95974304,  2.14018555,  3.96004742,\n        -0.54758653],\n       [ 4.03594639,  3.48507476,  1.95974696,  2.14018343,  3.96004937,\n        -0.54758259],\n       [ 4.03594912,  3.48506168,  1.95973497,  2.1401824 ,  3.96003778,\n        -0.54758469],\n       [ 4.03595324,  3.48507773,  1.95974228,  2.14018257,  3.9600435 ,\n        -0.54759052],\n       [ 4.03595674,  3.48507296,  1.95974302,  2.14018554,  3.96003579,\n        -0.54759251],\n       [ 4.03595325,  3.48507862,  1.95974114,  2.14018615,  3.9600373 ,\n        -0.54758863]]), array([0.29276639, 0.29276639, 0.29276639, 0.29276639, 0.29276639,\n       0.29276639, 0.29276639]))", "callback": [0.9687908856564535, 0.8721594331165645, 0.7755423778942361, 0.7749380686729669, 0.771417694665433, 0.7673064471439375, 0.757849909821485, 0.7237405983722811, 0.6284489198549089, 0.613049922702902, 0.6097841846218597, 0.608235350535679, 0.6029391910198232, 0.5908934659376583, 0.5715685652643063, 0.5299242367535868, 0.520835424134929, 0.5117844895693945, 0.5034804490010432, 0.5006826986215536, 0.49873355972042943, 0.4979893999611096, 0.4969964402137832, 0.4955761377837028, 0.48934865271119476, 0.41387096252861233, 0.3633906940124485, 0.35660800899825373, 0.35072423658806895, 0.3468496966346586, 0.3425562373517763, 0.33822641825478095, 0.33822641825478095, 0.3363058370194876, 0.33386114639130293, 0.33231217798625134, 0.332088270142182, 0.3319781334241445, 0.3319575838580904, 0.3319527795958016, 0.33194559890132946, 0.3319245563626154, 0.33191119144938575, 0.3318303263607013, 0.33151163693451025, 0.3309754616210907, 0.32949407855406787, 0.3264372945721822, 0.322479350615008, 0.31551383199866656, 0.3068878389040818, 0.2990103769290079, 0.29487504301014367, 0.292936277922345, 0.29283156503234764, 0.29277581585507373, 0.2927682206466693, 0.29276670335444765, 0.2927664554803395, 0.2927663996643176, 0.29276639201619825, 0.2927663911351307, 0.29276639104604363, 0.2927663910246896]}, "11": {"maxiter": 1000, "fatol": 1e-10, "xatol": 1e-10, "duration": 1.127835750579834, "fun": "0.2927663910075686", "nit": "758", "nfev": "1260", "status": "0", "success": "True", "message": "Optimization terminated successfully.", "x": "[ 4.03594452  3.48506882  1.95973736  2.14018366  3.96004246 -0.5475902 ]", "final_simplex": "(array([[ 4.03594452,  3.48506882,  1.95973736,  2.14018366,  3.96004246,\n        -0.5475902 ],\n       [ 4.03594452,  3.48506882,  1.95973736,  2.14018366,  3.96004246,\n        -0.5475902 ],\n       [ 4.03594452,  3.48506882,  1.95973736,  2.14018366,  3.96004246,\n        -0.5475902 ],\n       [ 4.03594452,  3.48506882,  1.95973736,  2.14018366,  3.96004246,\n        -0.5475902 ],\n       [ 4.03594452,  3.48506882,  1.95973736,  2.14018366,  3.96004246,\n        -0.5475902 ],\n       [ 4.03594452,  3.48506882,  1.95973736,  2.14018366,  3.96004246,\n        -0.5475902 ],\n       [ 4.03594452,  3.48506882,  1.95973736,  2.14018366,  3.96004246,\n        -0.5475902 ]]), array([0.29276639, 0.29276639, 0.29276639, 0.29276639, 0.29276639,\n       0.29276639, 0.29276639]))", "callback": [0.9687908856564535, 0.8721594331165645, 0.7755423778942361, 0.7749380686729669, 0.771417694665433, 0.7673064471439375, 0.757849909821485, 0.7237405983722811, 0.6284489198549089, 0.613049922702902, 0.6097841846218597, 0.608235350535679, 0.6029391910198232, 0.5908934659376583, 0.5715685652643063, 0.5299242367535868, 0.520835424134929, 0.5117844895693945, 0.5034804490010432, 0.5006826986215536, 0.49873355972042943, 0.4979893999611096, 0.4969964402137832, 0.4955761377837028, 0.48934865271119476, 0.41387096252861233, 0.3633906940124485, 0.35660800899825373, 0.35072423658806895, 0.3468496966346586, 0.3425562373517763, 0.33822641825478095, 0.33822641825478095, 0.3363058370194876, 0.33386114639130293, 0.33231217798625134, 0.332088270142182, 0.3319781334241445, 0.3319575838580904, 0.3319527795958016, 0.33194559890132946, 0.3319245563626154, 0.33191119144938575, 0.3318303263607013, 0.33151163693451025, 0.3309754616210907, 0.32949407855406787, 0.3264372945721822, 0.322479350615008, 0.31551383199866656, 0.3068878389040818, 0.2990103769290079, 0.29487504301014367, 0.292936277922345, 0.29283156503234764, 0.29277581585507373, 0.2927682206466693, 0.29276670335444765, 0.2927664554803395, 0.2927663996643176, 0.29276639201619825, 0.2927663911351307, 0.29276639104604363, 0.2927663910246896, 0.29276639101748625, 0.29276639101108226, 0.29276639100873236, 0.29276639100790147, 0.29276639100769675, 0.29276639100759794, 0.2927663910075722, 0.29276639100757096, 0.2927663910075693, 0.29276639100756874, 0.2927663910075686, 0.2927663910075686]}}, "bfgs": {"type": "gradient", "0": {"maxiter": 100, "gtol": 1e-05, "xrtol": 1e-05, "eps": 1e-05, "duration": 0.16584062576293945, "fun": "0.29276639120880366", "jac": "[-3.36177752e-06 -8.24118551e-07 -3.14591686e-06  2.19513296e-07\n  1.10922382e-06  1.70219394e-06]", "hess_inv": "[[ 5.07313832 -0.24988927 -0.95117082  0.38918181 -2.93389327 -1.85682954]\n [-0.24988927  6.19619362  4.0759876   1.68565884  1.54119932  0.0633448 ]\n [-0.95117082  4.0759876   5.95657277  0.40460156  2.08453046  0.19647441]\n [ 0.38918181  1.68565884  0.40460156  3.85420203 -0.42149816 -0.51319172]\n [-2.93389327  1.54119932  2.08453046 -0.42149816  6.31601088  3.17924224]\n [-1.85682954  0.0633448   0.19647441 -0.51319172  3.17924224  4.8316985 ]]", "nfev": "210", "njev": "30", "status": "0", "success": "True", "message": "Optimization terminated successfully.", "x": "[ 4.03592332  3.48502949  1.95969818  2.14017081  3.96004168 -0.5475805 ]", "nit": "20", "callback": [0.9519871877358242, 0.7905180680351964, 0.7817839186447592, 0.4688136781553319, 0.446365035324474, 0.40485806940654456, 0.3402808191764508, 0.3051799549043508, 0.2993816230018219, 0.29535475812866163, 0.29412682871197826, 0.29313681587609897, 0.2929201153755433, 0.29284479438951805, 0.29282254140367237, 0.29279198710619236, 0.2927729247566191, 0.2927668952837732, 0.2927664030744308, 0.29276639120880366]}, "1": {"maxiter": 100, "gtol": 1e-05, "xrtol": 1e-05, "eps": 1e-10, "duration": 0.16463923454284668, "fun": "0.2927663911550974", "jac": "[-2.22044587e-06 -1.11022293e-06 -5.55111466e-06 -1.11022293e-06\n  2.22044587e-06  5.55111466e-06]", "hess_inv": "[[ 5.10020832 -0.24042624 -0.94330909  0.38533765 -2.90821068 -1.84074018]\n [-0.24042624  6.10166663  3.9924932   1.6330059   1.48330983  0.01164503]\n [-0.94330909  3.9924932   5.87938264  0.35920825  2.02814001  0.15695997]\n [ 0.38533765  1.6330059   0.35920825  3.83836962 -0.45603217 -0.53672762]\n [-2.90821068  1.48330983  2.02814001 -0.45603217  6.25643652  3.15511137]\n [-1.84074018  0.01164503  0.15695997 -0.53672762  3.15511137  4.79241542]]", "nfev": "210", "njev": "30", "status": "0", "success": "True", "message": "Optimization terminated successfully.", "x": "[ 4.03592343  3.48504898  1.95971394  2.14017662  3.96006307 -0.54756082]", "nit": "20", "callback": [0.9519831707253964, 0.7905166610452785, 0.7817804211450854, 0.468827750129871, 0.4462508555239201, 0.40453309669274395, 0.3398020815399384, 0.3051232459090609, 0.29930975739124976, 0.29536932366758173, 0.294124218533956, 0.29314563519670345, 0.2929222282677828, 0.2928452677062622, 0.29282283945379284, 0.29279268850897777, 0.2927733054412216, 0.2927669398995174, 0.29276640515159125, 0.2927663911550974]}, "2": {"maxiter": 100, "gtol": 1e-05, "xrtol": 1e-10, "eps": 1e-05, "duration": 0.20592927932739258, "fun": "0.29276639120880366", "jac": "[-3.36177752e-06 -8.24118551e-07 -3.14591686e-06  2.19513296e-07\n  1.10922382e-06  1.70219394e-06]", "hess_inv": "[[ 5.07313832 -0.24988927 -0.95117082  0.38918181 -2.93389327 -1.85682954]\n [-0.24988927  6.19619362  4.0759876   1.68565884  1.54119932  0.0633448 ]\n [-0.95117082  4.0759876   5.95657277  0.40460156  2.08453046  0.19647441]\n [ 0.38918181  1.68565884  0.40460156  3.85420203 -0.42149816 -0.51319172]\n [-2.93389327  1.54119932  2.08453046 -0.42149816  6.31601088  3.17924224]\n [-1.85682954  0.0633448   0.19647441 -0.51319172  3.17924224  4.8316985 ]]", "nfev": "210", "njev": "30", "status": "0", "success": "True", "message": "Optimization terminated successfully.", "x": "[ 4.03592332  3.48502949  1.95969818  2.14017081  3.96004168 -0.5475805 ]", "nit": "20", "callback": [0.9519871877358242, 0.7905180680351964, 0.7817839186447592, 0.4688136781553319, 0.446365035324474, 0.40485806940654456, 0.3402808191764508, 0.3051799549043508, 0.2993816230018219, 0.29535475812866163, 0.29412682871197826, 0.29313681587609897, 0.2929201153755433, 0.29284479438951805, 0.29282254140367237, 0.29279198710619236, 0.2927729247566191, 0.2927668952837732, 0.2927664030744308, 0.29276639120880366]}, "3": {"maxiter": 100, "gtol": 1e-05, "xrtol": 1e-10, "eps": 1e-10, "duration": 0.16237878799438477, "fun": "0.2927663911550974", "jac": "[-2.22044587e-06 -1.11022293e-06 -5.55111466e-06 -1.11022293e-06\n  2.22044587e-06  5.55111466e-06]", "hess_inv": "[[ 5.10020832 -0.24042624 -0.94330909  0.38533765 -2.90821068 -1.84074018]\n [-0.24042624  6.10166663  3.9924932   1.6330059   1.48330983  0.01164503]\n [-0.94330909  3.9924932   5.87938264  0.35920825  2.02814001  0.15695997]\n [ 0.38533765  1.6330059   0.35920825  3.83836962 -0.45603217 -0.53672762]\n [-2.90821068  1.48330983  2.02814001 -0.45603217  6.25643652  3.15511137]\n [-1.84074018  0.01164503  0.15695997 -0.53672762  3.15511137  4.79241542]]", "nfev": "210", "njev": "30", "status": "0", "success": "True", "message": "Optimization terminated successfully.", "x": "[ 4.03592343  3.48504898  1.95971394  2.14017662  3.96006307 -0.54756082]", "nit": "20", "callback": [0.9519831707253964, 0.7905166610452785, 0.7817804211450854, 0.468827750129871, 0.4462508555239201, 0.40453309669274395, 0.3398020815399384, 0.3051232459090609, 0.29930975739124976, 0.29536932366758173, 0.294124218533956, 0.29314563519670345, 0.2929222282677828, 0.2928452677062622, 0.29282283945379284, 0.29279268850897777, 0.2927733054412216, 0.2927669398995174, 0.29276640515159125, 0.2927663911550974]}, "4": {"maxiter": 100, "gtol": 1e-10, "xrtol": 1e-05, "eps": 1e-05, "duration": 0.1724090576171875, "fun": "0.2927663910744469", "jac": "[-3.19633209e-08 -4.68070027e-08 -2.35989006e-07 -5.50892665e-08\n  6.64357458e-08 -3.23741034e-08]", "hess_inv": "[[ 5.38283284 -0.06348602 -0.74634956  0.43490696 -3.15712696 -2.1182325 ]\n [-0.06348602  6.11726722  4.00378985  1.61004033  1.39361928 -0.08205697]\n [-0.74634956  4.00378985  5.89209969  0.32935109  1.92337306  0.03579868]\n [ 0.43490696  1.61004033  0.32935109  3.80529273 -0.46159039 -0.54534595]\n [-3.15712696  1.39361928  1.92337306 -0.46159039  6.47600794  3.36849183]\n [-2.1182325  -0.08205697  0.03579868 -0.54534595  3.36849183  5.05159483]]", "nfev": "217", "njev": "31", "status": "0", "success": "True", "message": "Optimization terminated successfully.", "x": "[ 4.03594603  3.48504515  1.95971523  2.14017524  3.96002545 -0.54759979]", "nit": "21", "callback": [0.9519871877358242, 0.7905180680351964, 0.7817839186447592, 0.4688136781553319, 0.446365035324474, 0.40485806940654456, 0.3402808191764508, 0.3051799549043508, 0.2993816230018219, 0.29535475812866163, 0.29412682871197826, 0.29313681587609897, 0.2929201153755433, 0.29284479438951805, 0.29282254140367237, 0.29279198710619236, 0.2927729247566191, 0.2927668952837732, 0.2927664030744308, 0.29276639120880366, 0.2927663910744469]}, "5": {"maxiter": 100, "gtol": 1e-10, "xrtol": 1e-05, "eps": 1e-10, "duration": 0.25362420082092285, "fun": "0.29276639101335356", "jac": "[-2.22044587e-06  0.00000000e+00 -2.22044587e-06 -3.33066880e-06\n -1.11022293e-06 -2.22044587e-06]", "hess_inv": "[[ 4.69075372 -0.49536931 -1.2988978   0.25944025 -2.57960391 -1.58252662]\n [-0.49536931  5.55491699  3.32005585  1.29034939  1.82035165  0.39447481]\n [-1.2988978   3.32005585  5.05877524 -0.0498742   2.47509611  0.68268692]\n [ 0.25944025  1.29034939 -0.0498742   3.62410579 -0.26024634 -0.28026173]\n [-2.57960391  1.82035165  2.47509611 -0.26024634  5.95217037  2.89857405]\n [-1.58252662  0.39447481  0.68268692 -0.28026173  2.89857405  4.65299509]]", "nfev": "224", "njev": "32", "status": "0", "success": "True", "message": "Optimization terminated successfully.", "x": "[ 4.03594089  3.48506768  1.95973348  2.14018451  3.96004351 -0.54759268]", "nit": "22", "callback": [0.9519831707253964, 0.7905166610452785, 0.7817804211450854, 0.468827750129871, 0.4462508555239201, 0.40453309669274395, 0.3398020815399384, 0.3051232459090609, 0.29930975739124976, 0.29536932366758173, 0.294124218533956, 0.29314563519670345, 0.2929222282677828, 0.2928452677062622, 0.29282283945379284, 0.29279268850897777, 0.2927733054412216, 0.2927669398995174, 0.29276640515159125, 0.2927663911550974, 0.2927663910403666, 0.29276639101335356]}, "6": {"maxiter": 100, "gtol": 1e-10, "xrtol": 1e-10, "eps": 1e-05, "duration": 0.18360686302185059, "fun": "0.2927663910687466", "jac": "[-4.44089210e-11 -2.22044605e-11  0.00000000e+00  0.00000000e+00\n -4.44089210e-11 -2.22044605e-11]", "hess_inv": "[[ 5.38975969 -0.03244041 -0.80726287  0.58617712 -3.1874832  -2.13522154]\n [-0.03244041  6.23624144  4.24232551  1.5038094   1.41778824 -0.09930075]\n [-0.80726287  4.24232551  6.40595776  0.08095647  2.08928753  0.11037845]\n [ 0.58617712  1.5038094   0.08095647  3.92787117 -0.64890977 -0.68680883]\n [-3.1874832   1.41778824  2.08928753 -0.64890977  6.54783957  3.4088761 ]\n [-2.13522154 -0.09930075  0.11037845 -0.68680883  3.4088761   5.07659259]]", "nfev": "238", "njev": "34", "status": "0", "success": "True", "message": "Optimization terminated successfully.", "x": "[ 4.03594618  3.48504646  1.95971681  2.14017563  3.96002555 -0.54759994]", "nit": "24", "callback": [0.9519871877358242, 0.7905180680351964, 0.7817839186447592, 0.4688136781553319, 0.446365035324474, 0.40485806940654456, 0.3402808191764508, 0.3051799549043508, 0.2993816230018219, 0.29535475812866163, 0.29412682871197826, 0.29313681587609897, 0.2929201153755433, 0.29284479438951805, 0.29282254140367237, 0.29279198710619236, 0.2927729247566191, 0.2927668952837732, 0.2927664030744308, 0.29276639120880366, 0.2927663910744469, 0.29276639106894187, 0.2927663910687466, 0.2927663910687466]}, "7": {"maxiter": 100, "gtol": 1e-10, "xrtol": 1e-10, "eps": 1e-10, "duration": 0.34262633323669434, "fun": "0.29276639101012036", "jac": "[0.00000000e+00 0.00000000e+00 0.00000000e+00 0.00000000e+00\n 2.22044587e-06 0.00000000e+00]", "hess_inv": "[[ 1.40278658e-02  9.06257825e-03  3.60382667e-03 -1.56899800e-02\n   5.82450541e-03 -1.23853845e-02]\n [ 9.06257825e-03  6.59739170e-01  5.98159153e-01 -7.26241728e-03\n   5.45122917e-03 -1.21498112e+00]\n [ 3.60382667e-03  5.98159153e-01  6.19257010e-01  3.77105729e-03\n   5.08865036e-03 -1.22825061e+00]\n [-1.56899800e-02 -7.26241728e-03  3.77105729e-03  2.33072942e-02\n  -3.82827897e-03 -1.73822951e-03]\n [ 5.82450541e-03  5.45122917e-03  5.08865036e-03 -3.82827897e-03\n   4.02658140e-03 -1.25218696e-02]\n [-1.23853845e-02 -1.21498112e+00 -1.22825061e+00 -1.73822951e-03\n  -1.25218696e-02  2.45794835e+00]]", "nfev": "371", "njev": "53", "status": "2", "success": "False", "message": "Desired error not necessarily achieved due to precision loss.", "x": "[ 4.03594356  3.48506481  1.95973319  2.14018352  3.96004375 -0.54759014]", "nit": "30", "callback": [0.9519831707253964, 0.7905166610452785, 0.7817804211450854, 0.468827750129871, 0.4462508555239201, 0.40453309669274395, 0.3398020815399384, 0.3051232459090609, 0.29930975739124976, 0.29536932366758173, 0.294124218533956, 0.29314563519670345, 0.2929222282677828, 0.2928452677062622, 0.29282283945379284, 0.29279268850897777, 0.2927733054412216, 0.2927669398995174, 0.29276640515159125, 0.2927663911550974, 0.2927663910403666, 0.29276639101335356, 0.29276639101313573, 0.2927663910130558, 0.29276639101300306, 0.292766391012951, 0.2927663910128411, 0.29276639101029833, 0.29276639101012036, 0.29276639101012036]}, "8": {"maxiter": 500, "gtol": 1e-05, "xrtol": 1e-05, "eps": 1e-05, "duration": 0.16160917282104492, "fun": "0.29276639120880366", "jac": "[-3.36177752e-06 -8.24118551e-07 -3.14591686e-06  2.19513296e-07\n  1.10922382e-06  1.70219394e-06]", "hess_inv": "[[ 5.07313832 -0.24988927 -0.95117082  0.38918181 -2.93389327 -1.85682954]\n [-0.24988927  6.19619362  4.0759876   1.68565884  1.54119932  0.0633448 ]\n [-0.95117082  4.0759876   5.95657277  0.40460156  2.08453046  0.19647441]\n [ 0.38918181  1.68565884  0.40460156  3.85420203 -0.42149816 -0.51319172]\n [-2.93389327  1.54119932  2.08453046 -0.42149816  6.31601088  3.17924224]\n [-1.85682954  0.0633448   0.19647441 -0.51319172  3.17924224  4.8316985 ]]", "nfev": "210", "njev": "30", "status": "0", "success": "True", "message": "Optimization terminated successfully.", "x": "[ 4.03592332  3.48502949  1.95969818  2.14017081  3.96004168 -0.5475805 ]", "nit": "20", "callback": [0.9519871877358242, 0.7905180680351964, 0.7817839186447592, 0.4688136781553319, 0.446365035324474, 0.40485806940654456, 0.3402808191764508, 0.3051799549043508, 0.2993816230018219, 0.29535475812866163, 0.29412682871197826, 0.29313681587609897, 0.2929201153755433, 0.29284479438951805, 0.29282254140367237, 0.29279198710619236, 0.2927729247566191, 0.2927668952837732, 0.2927664030744308, 0.29276639120880366]}, "9": {"maxiter": 500, "gtol": 1e-05, "xrtol": 1e-05, "eps": 1e-10, "duration": 0.21271514892578125, "fun": "0.2927663911550974", "jac": "[-2.22044587e-06 -1.11022293e-06 -5.55111466e-06 -1.11022293e-06\n  2.22044587e-06  5.55111466e-06]", "hess_inv": "[[ 5.10020832 -0.24042624 -0.94330909  0.38533765 -2.90821068 -1.84074018]\n [-0.24042624  6.10166663  3.9924932   1.6330059   1.48330983  0.01164503]\n [-0.94330909  3.9924932   5.87938264  0.35920825  2.02814001  0.15695997]\n [ 0.38533765  1.6330059   0.35920825  3.83836962 -0.45603217 -0.53672762]\n [-2.90821068  1.48330983  2.02814001 -0.45603217  6.25643652  3.15511137]\n [-1.84074018  0.01164503  0.15695997 -0.53672762  3.15511137  4.79241542]]", "nfev": "210", "njev": "30", "status": "0", "success": "True", "message": "Optimization terminated successfully.", "x": "[ 4.03592343  3.48504898  1.95971394  2.14017662  3.96006307 -0.54756082]", "nit": "20", "callback": [0.9519831707253964, 0.7905166610452785, 0.7817804211450854, 0.468827750129871, 0.4462508555239201, 0.40453309669274395, 0.3398020815399384, 0.3051232459090609, 0.29930975739124976, 0.29536932366758173, 0.294124218533956, 0.29314563519670345, 0.2929222282677828, 0.2928452677062622, 0.29282283945379284, 0.29279268850897777, 0.2927733054412216, 0.2927669398995174, 0.29276640515159125, 0.2927663911550974]}, "10": {"maxiter": 500, "gtol": 1e-05, "xrtol": 1e-10, "eps": 1e-05, "duration": 0.16256284713745117, "fun": "0.29276639120880366", "jac": "[-3.36177752e-06 -8.24118551e-07 -3.14591686e-06  2.19513296e-07\n  1.10922382e-06  1.70219394e-06]", "hess_inv": "[[ 5.07313832 -0.24988927 -0.95117082  0.38918181 -2.93389327 -1.85682954]\n [-0.24988927  6.19619362  4.0759876   1.68565884  1.54119932  0.0633448 ]\n [-0.95117082  4.0759876   5.95657277  0.40460156  2.08453046  0.19647441]\n [ 0.38918181  1.68565884  0.40460156  3.85420203 -0.42149816 -0.51319172]\n [-2.93389327  1.54119932  2.08453046 -0.42149816  6.31601088  3.17924224]\n [-1.85682