{"date": "2024/10/08/, 15:58:37", "conf_id": 10, "data_type": "random\n", "num_data_points": 1, "s_rank": 0, "unitary": "[[-0.45070455-0.02711853j,0.78437395-0.06613086j,0.06358678+0.19963393j,-0.07343613+0.35668523j],[-0.01890143-0.03813363j,0.32408202+0.25557629j,0.05872864-0.68979805j,0.55466693-0.20227297j],[-0.11215405+0.64023111j,-0.13344055+0.29565494j,-0.49012687-0.19046288j,-0.04241254+0.44046348j],[0.55771659+0.24656916j,0.31851997-0.05798805j,0.28761525-0.34294258j,-0.56718418+0.03616933j]]", "databatch_0": {"databatch": "[[[-0.22050833-0.13826777j,0.0007044-0.09354267j,-0.06469118+0.08001349j,-0.03834947-0.1512912j],[0.12055698-0.04461869j,-0.04450315-0.04520032j,0.04984929-0.12202348j,-0.43594289+0.28089956j],[-0.43069217-0.00074036j,0.13286521+0.06579084j,-0.07559421-0.13850831j,-0.16257475+0.1837869j],[0.00874133-0.10409884j,0.14590901+0.38376716j,0.12654374-0.23992015j,0.18284941-0.05111795j]]]", "initial param values": "[1.85758236,0.46974758,1.21186466,5.53073686,5.93907255,5.27845004]", "nelder_mead": {"type": "gradient-free", "0": {"maxiter": 100, "fatol": 1e-05, "xatol": 1e-05, "duration": 0.06170320510864258, "fun": "0.43880965363203195", "nit": "100", "nfev": "148", "status": "2", "success": "False", "message": "Maximum number of iterations has been exceeded.", "x": "[0.79372317 0.62868282 0.61000195 4.71822155 7.29512925 7.90324591]", "final_simplex": "(array([[0.79372317, 0.62868282, 0.61000195, 4.71822155, 7.29512925,\n        7.90324591],\n       [0.77073375, 0.65294726, 0.58763263, 4.55811623, 7.20827982,\n        8.00526962],\n       [0.73180869, 0.68472213, 0.52554088, 4.50331489, 7.29730102,\n        7.80873748],\n       [0.68338973, 0.68846863, 0.47569455, 4.53033522, 7.35475281,\n        7.97833137],\n       [0.69297362, 0.66488802, 0.55487833, 4.65578081, 7.16523312,\n        7.87954902],\n       [0.7337007 , 0.64926282, 0.58912602, 4.55814877, 7.17779725,\n        7.9637232 ],\n       [0.72808902, 0.66671335, 0.58066719, 4.55058689, 7.2702907 ,\n        7.83235621]]), array([0.43880965, 0.44265347, 0.44383067, 0.44403361, 0.44612926,\n       0.44663556, 0.44720079]))", "callback": [0.9897868585870945, 0.8330180400023505, 0.7805874379297622, 0.7158777684031197, 0.5448771467556583, 0.4967699909907247, 0.4865638534573111, 0.4621087652219701, 0.4576619258679706, 0.4466355641784341]}, "1": {"maxiter": 100, "fatol": 1e-05, "xatol": 1e-10, "duration": 0.06716370582580566, "fun": "0.43880965363203195", "nit": "100", "nfev": "148", "status": "2", "success": "False", "message": "Maximum number of iterations has been exceeded.", "x": "[0.79372317 0.62868282 0.61000195 4.71822155 7.29512925 7.90324591]", "final_simplex": "(array([[0.79372317, 0.62868282, 0.61000195, 4.71822155, 7.29512925,\n        7.90324591],\n       [0.77073375, 0.65294726, 0.58763263, 4.55811623, 7.20827982,\n        8.00526962],\n       [0.73180869, 0.68472213, 0.52554088, 4.50331489, 7.29730102,\n        7.80873748],\n       [0.68338973, 0.68846863, 0.47569455, 4.53033522, 7.35475281,\n        7.97833137],\n       [0.69297362, 0.66488802, 0.55487833, 4.65578081, 7.16523312,\n        7.87954902],\n       [0.7337007 , 0.64926282, 0.58912602, 4.55814877, 7.17779725,\n        7.9637232 ],\n       [0.72808902, 0.66671335, 0.58066719, 4.55058689, 7.2702907 ,\n        7.83235621]]), array([0.43880965, 0.44265347, 0.44383067, 0.44403361, 0.44612926,\n       0.44663556, 0.44720079]))", "callback": [0.9897868585870945, 0.8330180400023505, 0.7805874379297622, 0.7158777684031197, 0.5448771467556583, 0.4967699909907247, 0.4865638534573111, 0.4621087652219701, 0.4576619258679706, 0.4466355641784341]}, "2": {"maxiter": 100, "fatol": 1e-10, "xatol": 1e-05, "duration": 0.047219038009643555, "fun": "0.43880965363203195", "nit": "100", "nfev": "148", "status": "2", "success": "False", "message": "Maximum number of iterations has been exceeded.", "x": "[0.79372317 0.62868282 0.61000195 4.71822155 7.29512925 7.90324591]", "final_simplex": "(array([[0.79372317, 0.62868282, 0.61000195, 4.71822155, 7.29512925,\n        7.90324591],\n       [0.77073375, 0.65294726, 0.58763263, 4.55811623, 7.20827982,\n        8.00526962],\n       [0.73180869, 0.68472213, 0.52554088, 4.50331489, 7.29730102,\n        7.80873748],\n       [0.68338973, 0.68846863, 0.47569455, 4.53033522, 7.35475281,\n        7.97833137],\n       [0.69297362, 0.66488802, 0.55487833, 4.65578081, 7.16523312,\n        7.87954902],\n       [0.7337007 , 0.64926282, 0.58912602, 4.55814877, 7.17779725,\n        7.9637232 ],\n       [0.72808902, 0.66671335, 0.58066719, 4.55058689, 7.2702907 ,\n        7.83235621]]), array([0.43880965, 0.44265347, 0.44383067, 0.44403361, 0.44612926,\n       0.44663556, 0.44720079]))", "callback": [0.9897868585870945, 0.8330180400023505, 0.7805874379297622, 0.7158777684031197, 0.5448771467556583, 0.4967699909907247, 0.4865638534573111, 0.4621087652219701, 0.4576619258679706, 0.4466355641784341]}, "3": {"maxiter": 100, "fatol": 1e-10, "xatol": 1e-10, "duration": 0.05318880081176758, "fun": "0.43880965363203195", "nit": "100", "nfev": "148", "status": "2", "success": "False", "message": "Maximum number of iterations has been exceeded.", "x": "[0.79372317 0.62868282 0.61000195 4.71822155 7.29512925 7.90324591]", "final_simplex": "(array([[0.79372317, 0.62868282, 0.61000195, 4.71822155, 7.29512925,\n        7.90324591],\n       [0.77073375, 0.65294726, 0.58763263, 4.55811623, 7.20827982,\n        8.00526962],\n       [0.73180869, 0.68472213, 0.52554088, 4.50331489, 7.29730102,\n        7.80873748],\n       [0.68338973, 0.68846863, 0.47569455, 4.53033522, 7.35475281,\n        7.97833137],\n       [0.69297362, 0.66488802, 0.55487833, 4.65578081, 7.16523312,\n        7.87954902],\n       [0.7337007 , 0.64926282, 0.58912602, 4.55814877, 7.17779725,\n        7.9637232 ],\n       [0.72808902, 0.66671335, 0.58066719, 4.55058689, 7.2702907 ,\n        7.83235621]]), array([0.43880965, 0.44265347, 0.44383067, 0.44403361, 0.44612926,\n       0.44663556, 0.44720079]))", "callback": [0.9897868585870945, 0.8330180400023505, 0.7805874379297622, 0.7158777684031197, 0.5448771467556583, 0.4967699909907247, 0.4865638534573111, 0.4621087652219701, 0.4576619258679706, 0.4466355641784341]}, "4": {"maxiter": 500, "fatol": 1e-05, "xatol": 1e-05, "duration": 0.20068717002868652, "fun": "0.3401692278374988", "nit": "424", "nfev": "659", "status": "0", "success": "True", "message": "Optimization terminated successfully.", "x": "[ 1.30784415  0.72800936 -0.4511918   4.41660219  7.82233127  7.59717029]", "final_simplex": "(array([[ 1.30784415,  0.72800936, -0.4511918 ,  4.41660219,  7.82233127,\n         7.59717029],\n       [ 1.30785302,  0.72801193, -0.45118418,  4.41659888,  7.82232834,\n         7.59717269],\n       [ 1.30784999,  0.72801282, -0.45118999,  4.41660583,  7.82233612,\n         7.59717545],\n       [ 1.3078468 ,  0.72800219, -0.45119816,  4.41659288,  7.82233748,\n         7.59716121],\n       [ 1.30784973,  0.72800971, -0.45119125,  4.41659459,  7.82232988,\n         7.59717365],\n       [ 1.30783957,  0.72801111, -0.45119845,  4.41659518,  7.82233859,\n         7.59717204],\n       [ 1.30784197,  0.72800459, -0.45118538,  4.41659603,  7.82232813,\n         7.59717314]]), array([0.34016923, 0.34016923, 0.34016923, 0.34016923, 0.34016923,\n       0.34016923, 0.34016923]))", "callback": [0.9897868585870945, 0.8330180400023505, 0.7805874379297622, 0.7158777684031197, 0.5448771467556583, 0.4967699909907247, 0.4865638534573111, 0.4621087652219701, 0.4576619258679706, 0.4466355641784341, 0.43298956663838006, 0.4226279343273942, 0.40250355475597455, 0.3807269204300614, 0.35364117984884724, 0.3475366095535004, 0.3458367989818849, 0.3451321918168202, 0.3449420529025329, 0.34490565393165773, 0.3448867751383202, 0.34477194363467056, 0.3447169693942993, 0.3445762458570789, 0.3442252117533775, 0.34357661011163043, 0.34154719359942054, 0.3408119628459729, 0.3404392648513078, 0.34029983731517455, 0.34018909302287104, 0.3401766041668157, 0.34017279300759684, 0.34017037229562497, 0.34016954283246414, 0.34016926383418733, 0.34016925698930434, 0.3401692341398098, 0.3401692290686612, 0.34016922822963136, 0.34016922794627236, 0.34016922786110304, 0.3401692278492222]}, "5": {"maxiter": 500, "fatol": 1e-05, "xatol": 1e-10, "duration": 0.27013516426086426, "fun": "0.3401692278323618", "nit": "500", "nfev": "786", "status": "2", "success": "False", "message": "Maximum number of iterations has been exceeded.", "x": "[ 1.30784483  0.72801535 -0.45118703  4.41660345  7.82232656  7.59717143]", "final_simplex": "(array([[ 1.30784483,  0.72801535, -0.45118703,  4.41660345,  7.82232656,\n         7.59717143],\n       [ 1.30784486,  0.72801537, -0.45118693,  4.41660346,  7.82232653,\n         7.59717145],\n       [ 1.30784485,  0.7280154 , -0.45118697,  4.41660347,  7.82232658,\n         7.5971715 ],\n       [ 1.30784482,  0.72801541, -0.45118692,  4.41660346,  7.82232646,\n         7.59717147],\n       [ 1.30784486,  0.72801543, -0.45118695,  4.41660352,  7.82232652,\n         7.59717144],\n       [ 1.30784479,  0.72801537, -0.451187  ,  4.4166034 ,  7.82232654,\n         7.59717141],\n       [ 1.30784479,  0.72801538, -0.45118695,  4.41660346,  7.82232654,\n         7.59717146]]), array([0.34016923, 0.34016923, 0.34016923, 0.34016923, 0.34016923,\n       0.34016923, 0.34016923]))", "callback": [0.9897868585870945, 0.8330180400023505, 0.7805874379297622, 0.7158777684031197, 0.5448771467556583, 0.4967699909907247, 0.4865638534573111, 0.4621087652219701, 0.4576619258679706, 0.4466355641784341, 0.43298956663838006, 0.4226279343273942, 0.40250355475597455, 0.3807269204300614, 0.35364117984884724, 0.3475366095535004, 0.3458367989818849, 0.3451321918168202, 0.3449420529025329, 0.34490565393165773, 0.3448867751383202, 0.34477194363467056, 0.3447169693942993, 0.3445762458570789, 0.3442252117533775, 0.34357661011163043, 0.34154719359942054, 0.3408119628459729, 0.3404392648513078, 0.34029983731517455, 0.34018909302287104, 0.3401766041668157, 0.34017279300759684, 0.34017037229562497, 0.34016954283246414, 0.34016926383418733, 0.34016925698930434, 0.3401692341398098, 0.3401692290686612, 0.34016922822963136, 0.34016922794627236, 0.34016922786110304, 0.3401692278492222, 0.3401692278374988, 0.34016922783293724, 0.34016922783262804, 0.3401692278324624, 0.3401692278323739, 0.34016922783236503, 0.3401692278323638]}, "6": {"maxiter": 500, "fatol": 1e-10, "xatol": 1e-05, "duration": 0.20696806907653809, "fun": "0.3401692278374988", "nit": "424", "nfev": "659", "status": "0", "success": "True", "message": "Optimization terminated successfully.", "x": "[ 1.30784415  0.72800936 -0.4511918   4.41660219  7.82233127  7.59717029]", "final_simplex": "(array([[ 1.30784415,  0.72800936, -0.4511918 ,  4.41660219,  7.82233127,\n         7.59717029],\n       [ 1.30785302,  0.72801193, -0.45118418,  4.41659888,  7.82232834,\n         7.59717269],\n       [ 1.30784999,  0.72801282, -0.45118999,  4.41660583,  7.82233612,\n         7.59717545],\n       [ 1.3078468 ,  0.72800219, -0.45119816,  4.41659288,  7.82233748,\n         7.59716121],\n       [ 1.30784973,  0.72800971, -0.45119125,  4.41659459,  7.82232988,\n         7.59717365],\n       [ 1.30783957,  0.72801111, -0.45119845,  4.41659518,  7.82233859,\n         7.59717204],\n       [ 1.30784197,  0.72800459, -0.45118538,  4.41659603,  7.82232813,\n         7.59717314]]), array([0.34016923, 0.34016923, 0.34016923, 0.34016923, 0.34016923,\n       0.34016923, 0.34016923]))", "callback": [0.9897868585870945, 0.8330180400023505, 0.7805874379297622, 0.7158777684031197, 0.5448771467556583, 0.4967699909907247, 0.4865638534573111, 0.4621087652219701, 0.4576619258679706, 0.4466355641784341, 0.43298956663838006, 0.4226279343273942, 0.40250355475597455, 0.3807269204300614, 0.35364117984884724, 0.3475366095535004, 0.3458367989818849, 0.3451321918168202, 0.3449420529025329, 0.34490565393165773, 0.3448867751383202, 0.34477194363467056, 0.3447169693942993, 0.3445762458570789, 0.3442252117533775, 0.34357661011163043, 0.34154719359942054, 0.3408119628459729, 0.3404392648513078, 0.34029983731517455, 0.34018909302287104, 0.3401766041668157, 0.34017279300759684, 0.34017037229562497, 0.34016954283246414, 0.34016926383418733, 0.34016925698930434, 0.3401692341398098, 0.3401692290686612, 0.34016922822963136, 0.34016922794627236, 0.34016922786110304, 0.3401692278492222]}, "7": {"maxiter": 500, "fatol": 1e-10, "xatol": 1e-10, "duration": 0.2614610195159912, "fun": "0.3401692278323618", "nit": "500", "nfev": "786", "status": "2", "success": "False", "message": "Maximum number of iterations has been exceeded.", "x": "[ 1.30784483  0.72801535 -0.45118703  4.41660345  7.82232656  7.59717143]", "final_simplex": "(array([[ 1.30784483,  0.72801535, -0.45118703,  4.41660345,  7.82232656,\n         7.59717143],\n       [ 1.30784486,  0.72801537, -0.45118693,  4.41660346,  7.82232653,\n         7.59717145],\n       [ 1.30784485,  0.7280154 , -0.45118697,  4.41660347,  7.82232658,\n         7.5971715 ],\n       [ 1.30784482,  0.72801541, -0.45118692,  4.41660346,  7.82232646,\n         7.59717147],\n       [ 1.30784486,  0.72801543, -0.45118695,  4.41660352,  7.82232652,\n         7.59717144],\n       [ 1.30784479,  0.72801537, -0.451187  ,  4.4166034 ,  7.82232654,\n         7.59717141],\n       [ 1.30784479,  0.72801538, -0.45118695,  4.41660346,  7.82232654,\n         7.59717146]]), array([0.34016923, 0.34016923, 0.34016923, 0.34016923, 0.34016923,\n       0.34016923, 0.34016923]))", "callback": [0.9897868585870945, 0.8330180400023505, 0.7805874379297622, 0.7158777684031197, 0.5448771467556583, 0.4967699909907247, 0.4865638534573111, 0.4621087652219701, 0.4576619258679706, 0.4466355641784341, 0.43298956663838006, 0.4226279343273942, 0.40250355475597455, 0.3807269204300614, 0.35364117984884724, 0.3475366095535004, 0.3458367989818849, 0.3451321918168202, 0.3449420529025329, 0.34490565393165773, 0.3448867751383202, 0.34477194363467056, 0.3447169693942993, 0.3445762458570789, 0.3442252117533775, 0.34357661011163043, 0.34154719359942054, 0.3408119628459729, 0.3404392648513078, 0.34029983731517455, 0.34018909302287104, 0.3401766041668157, 0.34017279300759684, 0.34017037229562497, 0.34016954283246414, 0.34016926383418733, 0.34016925698930434, 0.3401692341398098, 0.3401692290686612, 0.34016922822963136, 0.34016922794627236, 0.34016922786110304, 0.3401692278492222, 0.3401692278374988, 0.34016922783293724, 0.34016922783262804, 0.3401692278324624, 0.3401692278323739, 0.34016922783236503, 0.3401692278323638]}, "8": {"maxiter": 1000, "fatol": 1e-05, "xatol": 1e-05, "duration": 0.21279120445251465, "fun": "0.3401692278374988", "nit": "424", "nfev": "659", "status": "0", "success": "True", "message": "Optimization terminated successfully.", "x": "[ 1.30784415  0.72800936 -0.4511918   4.41660219  7.82233127  7.59717029]", "final_simplex": "(array([[ 1.30784415,  0.72800936, -0.4511918 ,  4.41660219,  7.82233127,\n         7.59717029],\n       [ 1.30785302,  0.72801193, -0.45118418,  4.41659888,  7.82232834,\n         7.59717269],\n       [ 1.30784999,  0.72801282, -0.45118999,  4.41660583,  7.82233612,\n         7.59717545],\n       [ 1.3078468 ,  0.72800219, -0.45119816,  4.41659288,  7.82233748,\n         7.59716121],\n       [ 1.30784973,  0.72800971, -0.45119125,  4.41659459,  7.82232988,\n         7.59717365],\n       [ 1.30783957,  0.72801111, -0.45119845,  4.41659518,  7.82233859,\n         7.59717204],\n       [ 1.30784197,  0.72800459, -0.45118538,  4.41659603,  7.82232813,\n         7.59717314]]), array([0.34016923, 0.34016923, 0.34016923, 0.34016923, 0.34016923,\n       0.34016923, 0.34016923]))", "callback": [0.9897868585870945, 0.8330180400023505, 0.7805874379297622, 0.7158777684031197, 0.5448771467556583, 0.4967699909907247, 0.4865638534573111, 0.4621087652219701, 0.4576619258679706, 0.4466355641784341, 0.43298956663838006, 0.4226279343273942, 0.40250355475597455, 0.3807269204300614, 0.35364117984884724, 0.3475366095535004, 0.3458367989818849, 0.3451321918168202, 0.3449420529025329, 0.34490565393165773, 0.3448867751383202, 0.34477194363467056, 0.3447169693942993, 0.3445762458570789, 0.3442252117533775, 0.34357661011163043, 0.34154719359942054, 0.3408119628459729, 0.3404392648513078, 0.34029983731517455, 0.34018909302287104, 0.3401766041668157, 0.34017279300759684, 0.34017037229562497, 0.34016954283246414, 0.34016926383418733, 0.34016925698930434, 0.3401692341398098, 0.3401692290686612, 0.34016922822963136, 0.34016922794627236, 0.34016922786110304, 0.3401692278492222]}, "9": {"maxiter": 1000, "fatol": 1e-05, "xatol": 1e-10, "duration": 0.28781962394714355, "fun": "0.3401692278323606", "nit": "561", "nfev": "935", "status": "0", "success": "True", "message": "Optimization terminated successfully.", "x": "[ 1.30784488  0.72801537 -0.45118707  4.41660341  7.82232655  7.59717142]", "final_simplex": "(array([[ 1.30784488,  0.72801537, -0.45118707,  4.41660341,  7.82232655,\n         7.59717142],\n       [ 1.30784488,  0.72801537, -0.45118707,  4.41660341,  7.82232655,\n         7.59717142],\n       [ 1.30784488,  0.72801537, -0.45118707,  4.41660341,  7.82232655,\n         7.59717142],\n       [ 1.30784488,  0.72801537, -0.45118707,  4.41660341,  7.82232655,\n         7.59717142],\n       [ 1.30784488,  0.72801537, -0.45118707,  4.41660341,  7.82232655,\n         7.59717142],\n       [ 1.30784488,  0.72801537, -0.45118707,  4.41660341,  7.82232655,\n         7.59717142],\n       [ 1.30784488,  0.72801537, -0.45118707,  4.41660341,  7.82232655,\n         7.59717142]]), array([0.34016923, 0.34016923, 0.34016923, 0.34016923, 0.34016923,\n       0.34016923, 0.34016923]))", "callback": [0.9897868585870945, 0.8330180400023505, 0.7805874379297622, 0.7158777684031197, 0.5448771467556583, 0.4967699909907247, 0.4865638534573111, 0.4621087652219701, 0.4576619258679706, 0.4466355641784341, 0.43298956663838006, 0.4226279343273942, 0.40250355475597455, 0.3807269204300614, 0.35364117984884724, 0.3475366095535004, 0.3458367989818849, 0.3451321918168202, 0.3449420529025329, 0.34490565393165773, 0.3448867751383202, 0.34477194363467056, 0.3447169693942993, 0.3445762458570789, 0.3442252117533775, 0.34357661011163043, 0.34154719359942054, 0.3408119628459729, 0.3404392648513078, 0.34029983731517455, 0.34018909302287104, 0.3401766041668157, 0.34017279300759684, 0.34017037229562497, 0.34016954283246414, 0.34016926383418733, 0.34016925698930434, 0.3401692341398098, 0.3401692290686612, 0.34016922822963136, 0.34016922794627236, 0.34016922786110304, 0.3401692278492222, 0.3401692278374988, 0.34016922783293724, 0.34016922783262804, 0.3401692278324624, 0.3401692278323739, 0.34016922783236503, 0.3401692278323638, 0.3401692278323616, 0.34016922783236114, 0.3401692278323609, 0.3401692278323607, 0.3401692278323607, 0.3401692278323606, 0.3401692278323606]}, "10": {"maxiter": 1000, "fatol": 1e-10, "xatol": 1e-05, "duration": 0.19649291038513184, "fun": "0.3401692278374988", "nit": "424", "nfev": "659", "status": "0", "success": "True", "message": "Optimization terminated successfully.", "x": "[ 1.30784415  0.72800936 -0.4511918   4.41660219  7.82233127  7.59717029]", "final_simplex": "(array([[ 1.30784415,  0.72800936, -0.4511918 ,  4.41660219,  7.82233127,\n         7.59717029],\n       [ 1.30785302,  0.72801193, -0.45118418,  4.41659888,  7.82232834,\n         7.59717269],\n       [ 1.30784999,  0.72801282, -0.45118999,  4.41660583,  7.82233612,\n         7.59717545],\n       [ 1.3078468 ,  0.72800219, -0.45119816,  4.41659288,  7.82233748,\n         7.59716121],\n       [ 1.30784973,  0.72800971, -0.45119125,  4.41659459,  7.82232988,\n         7.59717365],\n       [ 1.30783957,  0.72801111, -0.45119845,  4.41659518,  7.82233859,\n         7.59717204],\n       [ 1.30784197,  0.72800459, -0.45118538,  4.41659603,  7.82232813,\n         7.59717314]]), array([0.34016923, 0.34016923, 0.34016923, 0.34016923, 0.34016923,\n       0.34016923, 0.34016923]))", "callback": [0.9897868585870945, 0.8330180400023505, 0.7805874379297622, 0.7158777684031197, 0.5448771467556583, 0.4967699909907247, 0.4865638534573111, 0.4621087652219701, 0.4576619258679706, 0.4466355641784341, 0.43298956663838006, 0.4226279343273942, 0.40250355475597455, 0.3807269204300614, 0.35364117984884724, 0.3475366095535004, 0.3458367989818849, 0.3451321918168202, 0.3449420529025329, 0.34490565393165773, 0.3448867751383202, 0.34477194363467056, 0.3447169693942993, 0.3445762458570789, 0.3442252117533775, 0.34357661011163043, 0.34154719359942054, 0.3408119628459729, 0.3404392648513078, 0.34029983731517455, 0.34018909302287104, 0.3401766041668157, 0.34017279300759684, 0.34017037229562497, 0.34016954283246414, 0.34016926383418733, 0.34016925698930434, 0.3401692341398098, 0.3401692290686612, 0.34016922822963136, 0.34016922794627236, 0.34016922786110304, 0.3401692278492222]}, "11": {"maxiter": 1000, "fatol": 1e-10, "xatol": 1e-10, "duration": 0.2983827590942383, "fun": "0.3401692278323606", "nit": "561", "nfev": "935", "status": "0", "success": "True", "message": "Optimization terminated successfully.", "x": "[ 1.30784488  0.72801537 -0.45118707  4.41660341  7.82232655  7.59717142]", "final_simplex": "(array([[ 1.30784488,  0.72801537, -0.45118707,  4.41660341,  7.82232655,\n         7.59717142],\n       [ 1.30784488,  0.72801537, -0.45118707,  4.41660341,  7.82232655,\n         7.59717142],\n       [ 1.30784488,  0.72801537, -0.45118707,  4.41660341,  7.82232655,\n         7.59717142],\n       [ 1.30784488,  0.72801537, -0.45118707,  4.41660341,  7.82232655,\n         7.59717142],\n       [ 1.30784488,  0.72801537, -0.45118707,  4.41660341,  7.82232655,\n         7.59717142],\n       [ 1.30784488,  0.72801537, -0.45118707,  4.41660341,  7.82232655,\n         7.59717142],\n       [ 1.30784488,  0.72801537, -0.45118707,  4.41660341,  7.82232655,\n         7.59717142]]), array([0.34016923, 0.34016923, 0.34016923, 0.34016923, 0.34016923,\n       0.34016923, 0.34016923]))", "callback": [0.9897868585870945, 0.8330180400023505, 0.7805874379297622, 0.7158777684031197, 0.5448771467556583, 0.4967699909907247, 0.4865638534573111, 0.4621087652219701, 0.4576619258679706, 0.4466355641784341, 0.43298956663838006, 0.4226279343273942, 0.40250355475597455, 0.3807269204300614, 0.35364117984884724, 0.3475366095535004, 0.3458367989818849, 0.3451321918168202, 0.3449420529025329, 0.34490565393165773, 0.3448867751383202, 0.34477194363467056, 0.3447169693942993, 0.3445762458570789, 0.3442252117533775, 0.34357661011163043, 0.34154719359942054, 0.3408119628459729, 0.3404392648513078, 0.34029983731517455, 0.34018909302287104, 0.3401766041668157, 0.34017279300759684, 0.34017037229562497, 0.34016954283246414, 0.34016926383418733, 0.34016925698930434, 0.3401692341398098, 0.3401692290686612, 0.34016922822963136, 0.34016922794627236, 0.34016922786110304, 0.3401692278492222, 0.3401692278374988, 0.34016922783293724, 0.34016922783262804, 0.3401692278324624, 0.3401692278323739, 0.34016922783236503, 0.3401692278323638, 0.3401692278323616, 0.34016922783236114, 0.3401692278323609, 0.3401692278323607, 0.3401692278323607, 0.3401692278323606, 0.3401692278323606]}}, "bfgs": {"type": "gradient", "0": {"maxiter": 100, "gtol": 1e-05, "xrtol": 1e-05, "eps": 1e-05, "duration": 0.08862996101379395, "fun": "0.3401692280256048", "jac": "[-1.81190618e-06  1.03055342e-06 -2.13340456e-06 -1.30975231e-06\n  2.27673436e-06  2.89841484e-06]", "hess_inv": "[[ 3.35577988  0.82497392  0.96523608  0.96848815 -0.22451131  1.04522077]\n [ 0.82497392  6.32985437  3.52082936  3.30262637 -3.80552518  3.76786185]\n [ 0.96523608  3.52082936 10.23509275  4.99554304 -5.20558175  5.13316413]\n [ 0.96848815  3.30262637  4.99554304  5.84182633 -3.44398996  3.29335345]\n [-0.22451131 -3.80552518 -5.20558175 -3.44398996  6.48539006 -2.60831893]\n [ 1.04522077  3.76786185  5.13316413  3.29335345 -2.60831893  6.73123386]]", "nfev": "287", "njev": "41", "status": "0", "success": "True", "message": "Optimization terminated successfully.", "x": "[ 1.30782643  0.72798803 -0.4512441   4.41656264  7.82236254  7.59714526]", "nit": "23", "callback": [0.7952417000201004, 0.7944007502848651, 0.7644703244886724, 0.7482376470112677, 0.7461961835291853, 0.745592507819813, 0.6445299519561729, 0.6431329981038828, 0.5877258818029698, 0.4881999043490225, 0.3677374385032476, 0.3545417109331821, 0.34661530182605116, 0.3426082429042452, 0.34196542329998647, 0.3417165325764112, 0.3412692477567034, 0.3405742643136441, 0.34019841182262667, 0.3401735145328547, 0.34016945058213455, 0.340169239647638, 0.3401692280256048]}, "1": {"maxiter": 100, "gtol": 1e-05, "xrtol": 1e-05, "eps": 1e-10, "duration": 0.08822011947631836, "fun": "0.34016922786747483", "jac": "[-1.11022293e-06  1.11022293e-06  0.00000000e+00  1.11022293e-06\n  1.11022293e-06  2.22044587e-06]", "hess_inv": "[[ 3.36711798  0.81291339  0.97448397  0.96444725 -0.2247073   1.05314489]\n [ 0.81291339  6.28874865  3.45420014  3.24931362 -3.79173195  3.68436582]\n [ 0.97448397  3.45420014 10.2361369   4.97095158 -5.21374592  5.07632237]\n [ 0.96444725  3.24931362  4.97095158  5.802465   -3.44767412  3.22241453]\n [-0.2247073  -3.79173195 -5.21374592 -3.44767412  6.49737583 -2.59751671]\n [ 1.05314489  3.68436582  5.07632237  3.22241453 -2.59751671  6.61335557]]", "nfev": "287", "njev": "41", "status": "0", "success": "True", "message": "Optimization terminated successfully.", "x": "[ 1.30784185  0.72799763 -0.45121014  4.41658809  7.82234546  7.59715691]", "nit": "23", "callback": [0.7952561030387948, 0.7944152161918089, 0.7644844043282117, 0.7482407305406249, 0.7461959207494656, 0.7455919765894904, 0.6445364238455982, 0.6431370136769718, 0.5876343913597641, 0.487967082730968, 0.3676558910288985, 0.35457049816535013, 0.34657973130337516, 0.3426022623575261, 0.34196635872100356, 0.3417161828889027, 0.3412669577994074, 0.34057078021970644, 0.34019917056006577, 0.3401736514069923, 0.3401694408747423, 0.34016923734633553, 0.34016922786747483]}, "2": {"maxiter": 100, "gtol": 1e-05, "xrtol": 1e-10, "eps": 1e-05, "duration": 0.08470511436462402, "fun": "0.3401692280256048", "jac": "[-1.81190618e-06  1.03055342e-06 -2.13340456e-06 -1.30975231e-06\n  2.27673436e-06  2.89841484e-06]", "hess_inv": "[[ 3.35577988  0.82497392  0.96523608  0.96848815 -0.22451131  1.04522077]\n [ 0.82497392  6.32985437  3.52082936  3.30262637 -3.80552518  3.76786185]\n [ 0.96523608  3.52082936 10.23509275  4.99554304 -5.20558175  5.13316413]\n [ 0.96848815  3.30262637  4.99554304  5.84182633 -3.44398996  3.29335345]\n [-0.22451131 -3.80552518 -5.20558175 -3.44398996  6.48539006 -2.60831893]\n [ 1.04522077  3.76786185  5.13316413  3.29335345 -2.60831893  6.73123386]]", "nfev": "287", "njev": "41", "status": "0", "success": "True", "message": "Optimization terminated successfully.", "x": "[ 1.30782643  0.72798803 -0.4512441   4.41656264  7.82236254  7.59714526]", "nit": "23", "callback": [0.7952417000201004, 0.7944007502848651, 0.7644703244886724, 0.7482376470112677, 0.7461961835291853, 0.745592507819813, 0.6445299519561729, 0.6431329981038828, 0.5877258818029698, 0.4881999043490225, 0.3677374385032476, 0.3545417109331821, 0.34661530182605116, 0.3426082429042452, 0.34196542329998647, 0.3417165325764112, 0.3412692477567034, 0.3405742643136441, 0.34019841182262667, 0.3401735145328547, 0.34016945058213455, 0.340169239647638, 0.3401692280256048]}, "3": {"maxiter": 100, "gtol": 1e-05, "xrtol": 1e-10, "eps": 1e-10, "duration": 0.09369397163391113, "fun": "0.34016922786747483", "jac": "[-1.11022293e-06  1.11022293e-06  0.00000000e+00  1.11022293e-06\n  1.11022293e-06  2.22044587e-06]", "hess_inv": "[[ 3.36711798  0.81291339  0.97448397  0.96444725 -0.2247073   1.05314489]\n [ 0.81291339  6.28874865  3.45420014  3.24931362 -3.79173195  3.68436582]\n [ 0.97448397  3.45420014 10.2361369   4.97095158 -5.21374592  5.07632237]\n [ 0.96444725  3.24931362  4.97095158  5.802465   -3.44767412  3.22241453]\n [-0.2247073  -3.79173195 -5.21374592 -3.44767412  6.49737583 -2.59751671]\n [ 1.05314489  3.68436582  5.07632237  3.22241453 -2.59751671  6.61335557]]", "nfev": "287", "njev": "41", "status": "0", "success": "True", "message": "Optimization terminated successfully.", "x": "[ 1.30784185  0.72799763 -0.45121014  4.41658809  7.82234546  7.59715691]", "nit": "23", "callback": [0.7952561030387948, 0.7944152161918089, 0.7644844043282117, 0.7482407305406249, 0.7461959207494656, 0.7455919765894904, 0.6445364238455982, 0.6431370136769718, 0.5876343913597641, 0.487967082730968, 0.3676558910288985, 0.35457049816535013, 0.34657973130337516, 0.3426022623575261, 0.34196635872100356, 0.3417161828889027, 0.3412669577994074, 0.34057078021970644, 0.34019917056006577, 0.3401736514069923, 0.3401694408747423, 0.34016923734633553, 0.34016922786747483]}, "4": {"maxiter": 100, "gtol": 1e-10, "xrtol": 1e-05, "eps": 1e-05, "duration": 0.09727811813354492, "fun": "0.34016922790484316", "jac": "[-2.91455748e-07  3.14315241e-07 -2.03570494e-07  3.45701245e-07\n  5.45841150e-07  3.07487369e-07]", "hess_inv": "[[ 3.40314591  0.86023234  1.15431784  1.08873724 -0.38336118  1.03744745]\n [ 0.86023234  6.35516143  3.67223372  3.39844731 -3.93962932  3.75044364]\n [ 1.15431784  3.67223372 10.8689389   5.40394373 -5.65967246  5.23417395]\n [ 1.08873724  3.39844731  5.40394373  6.10469135 -3.74066007  3.35180873]\n [-0.38336118 -3.93962932 -5.65967246 -3.74066007  6.75017157 -2.77877615]\n [ 1.03744745  3.75044364  5.23417395  3.35180873 -2.77877615  6.5883674 ]]", "nfev": "294", "njev": "42", "status": "0", "success": "True", "message": "Optimization terminated successfully.", "x": "[ 1.30783346  0.72799343 -0.45121781  4.41657944  7.82234162  7.59714606]", "nit": "24", "callback": [0.7952417000201004, 0.7944007502848651, 0.7644703244886724, 0.7482376470112677, 0.7461961835291853, 0.745592507819813, 0.6445299519561729, 0.6431329981038828, 0.5877258818029698, 0.4881999043490225, 0.3677374385032476, 0.3545417109331821, 0.34661530182605116, 0.3426082429042452, 0.34196542329998647, 0.3417165325764112, 0.3412692477567034, 0.3405742643136441, 0.34019841182262667, 0.3401735145328547, 0.34016945058213455, 0.340169239647638, 0.3401692280256048, 0.34016922790484316]}, "5": {"maxiter": 100, "gtol": 1e-10, "xrtol": 1e-05, "eps": 1e-10, "duration": 0.10664486885070801, "fun": "0.34016922786747483", "jac": "[-1.11022293e-06  1.11022293e-06 -2.22044587e-06  1.11022293e-06\n  0.00000000e+00  2.22044587e-06]", "hess_inv": "[[ 3.40215211  0.72683702  0.94704371  0.91680436 -0.20866838  0.9541272 ]\n [ 0.72683702  6.14621624  3.17850709  3.05416877 -3.67217544  3.45701718]\n [ 0.94704371  3.17850709  9.92508575  4.70568365 -5.07224157  4.69774519]\n [ 0.91680436  3.05416877  4.70568365  5.59193112 -3.32929893  2.9420305 ]\n [-0.20866838 -3.67217544 -5.07224157 -3.32929893  6.43333978 -2.43152276]\n [ 0.9541272   3.45701718  4.69774519  2.9420305  -2.43152276  6.2675593 ]]", "nfev": "364", "njev": "52", "status": "0", "success": "True", "message": "Optimization terminated successfully.", "x": "[ 1.30784185  0.72799763 -0.45121014  4.41658809  7.82234546  7.59715691]", "nit": "24", "callback": [0.7952561030387948, 0.7944152161918089, 0.7644844043282117, 0.7482407305406249, 0.7461959207494656, 0.7455919765894904, 0.6445364238455982, 0.6431370136769718, 0.5876343913597641, 0.487967082730968, 0.3676558910288985, 0.35457049816535013, 0.34657973130337516, 0.3426022623575261, 0.34196635872100356, 0.3417161828889027, 0.3412669577994074, 0.34057078021970644, 0.34019917056006577, 0.3401736514069923, 0.3401694408747423, 0.34016923734633553, 0.34016922786747483, 0.34016922786747483]}, "6": {"maxiter": 100, "gtol": 1e-10, "xrtol": 1e-10, "eps": 1e-05, "duration": 0.15639090538024902, "fun": "0.34016922790484316", "jac": "[-2.91455748e-07  3.14315241e-07 -2.03570494e-07  3.45701245e-07\n  5.45841150e-07  3.07487369e-07]", "hess_inv": "[[ 3.42804555  0.78882375  1.20315187  1.03794067 -0.46704844  0.95009121]\n [ 0.78882375  6.23100377  3.37146119  3.14338975 -3.73460882  3.6731367 ]\n [ 1.20315187  3.37146119 10.88618435  5.10852078 -5.84089524  4.90266919]\n [ 1.03794067  3.14338975  5.10852078  5.72013007 -3.61255059  3.13064372]\n [-0.46704844 -3.73460882 -5.84089524 -3.61255059  7.02772273 -2.52003726]\n [ 0.95009121  3.6731367   4.90266919  3.13064372 -2.52003726  6.56812152]]", "nfev": "472", "njev": "66", "status": "2", "success": "False", "message": "Desired error not necessarily achieved due to precision loss.", "x": "[ 1.30783346  0.72799343 -0.45121781  4.41657944  7.82234162  7.59714606]", "nit": "24", "callback": [0.7952417000201004, 0.7944007502848651, 0.7644703244886724, 0.7482376470112677, 0.7461961835291853, 0.745592507819813, 0.6445299519561729, 0.6431329981038828, 0.5877258818029698, 0.4881999043490225, 0.3677374385032476, 0.3545417109331821, 0.34661530182605116, 0.3426082429042452, 0.34196542329998647, 0.3417165325764112, 0.3412692477567034, 0.3405742643136441, 0.34019841182262667, 0.3401735145328547, 0.34016945058213455, 0.340169239647638, 0.3401692280256048, 0.34016922790484316]}, "7": {"maxiter": 100, "gtol": 1e-10, "xrtol": 1e-10, "eps": 1e-10, "duration": 0.11255097389221191, "fun": "0.34016922786747483", "jac": "[-1.11022293e-06  1.11022293e-06 -2.22044587e-06  1.11022293e-06\n  0.00000000e+00  2.22044587e-06]", "hess_inv": "[[ 3.40215211  0.72683702  0.94704371  0.91680436 -0.20866838  0.9541272 ]\n [ 0.72683702  6.14621624  3.17850709  3.05416877 -3.67217544  3.45701718]\n [ 0.94704371  3.17850709  9.92508575  4.70568365 -5.07224157  4.69774519]\n [ 0.91680436  3.05416877  4.70568365  5.59193112 -3.32929893  2.9420305 ]\n [-0.20866838 -3.67217544 -5.07224157 -3.32929893  6.43333978 -2.43152276]\n [ 0.9541272   3.45701718  4.69774519  2.9420305  -2.43152276  6.2675593 ]]", "nfev": "364", "njev": "52", "status": "0", "success": "True", "message": "Optimization terminated successfully.", "x": "[ 1.30784185  0.72799763 -0.45121014  4.41658809  7.82234546  7.59715691]", "nit": "24", "callback": [0.7952561030387948, 0.7944152161918089, 0.7644844043282117, 0.7482407305406249, 0.7461959207494656, 0.7455919765894904, 0.6445364238455982, 0.6431370136769718, 0.5876343913597641, 0.487967082730968, 0.3676558910288985, 0.35457049816535013, 0.34657973130337516, 0.3426022623575261, 0.34196635872100356, 0.3417161828889027, 0.3412669577994074, 0.34057078021970644, 0.34019917056006577, 0.3401736514069923, 0.3401694408747423, 0.34016923734633553, 0.34016922786747483, 0.34016922786747483]}, "8": {"maxiter": 500, "gtol": 1e-05, "xrtol": 1e-05, "eps": 1e-05, "duration": 0.09541177749633789, "fun": "0.3401692280256048", "jac": "[-1.81190618e-06  1.03055342e-06 -2.13340456e-06 -1.30975231e-06\n  2.27673436e-06  2.89841484e-06]", "hess_inv": "[[ 3.35577988  0.82497392  0.96523608  0.96848815 -0.22451131  1.04522077]\n [ 0.82497392  6.32985437  3.52082936  3.30262637 -3.80552518  3.76786185]\n [ 0.96523608  3.52082936 10.23509275  4.99554304 -5.20558175  5.13316413]\n [ 0.96848815  3.30262637  4.99554304  5.84182633 -3.44398996  3.29335345]\n [-0.22451131 -3.80552518 -5.20558175 -3.44398996  6.48539006 -2.60831893]\n [ 1.04522077  3.76786185  5.13316413  3.29335345 -2.60831893  6.73123386]]", "nfev": "287", "njev": "41", "status": "0", "success": "True", "message": "Optimization terminated successfully.", "x": "[ 1.30782643  0.72798803 -0.4512441   4.41656264  7.82236254  7.59714526]", "nit": "23", "callback": [0.7952417000201004, 0.7944007502848651, 0.7644703244886724, 0.7482376470112677, 0.7461961835291853, 0.745592507819813, 0.6445299519561729, 0.6431329981038828, 0.5877258818029698, 0.4881999043490225, 0.3677374385032476, 0.3545417109331821, 0.34661530182605116, 0.3426082429042452, 0.34196542329998647, 0.3417165325764112, 0.3412692477567034, 0.3405742643136441, 0.34019841182262667, 0.3401735145328547, 0.34016945058213455, 0.340169239647638, 0.3401692280256048]}, "9": {"maxiter": 500, "gtol": 1e-05, "xrtol": 1e-05, "eps": 1e-10, "duration": 0.10422825813293457, "fun": "0.34016922786747483", "jac": "[-1.11022293e-06  1.11022293e-06  0.00000000e+00  1.11022293e-06\n  1.11022293e-06  2.22044587e-06]", "hess_inv": "[[ 3.36711798  0.81291339  0.97448397  0.96444725 -0.2247073   1.05314489]\n [ 0.81291339  6.28874865  3.45420014  3.24931362 -3.79173195  3.68436582]\n [ 0.97448397  3.45420014 10.2361369   4.97095158 -5.21374592  5.07632237]\n [ 0.96444725  3.24931362  4.97095158  5.802465   -3.44767412  3.22241453]\n [-0.2247073  -3.79173195 -5.21374592 -3.44767412  6.49737583 -2.59751671]\n [ 1.05314489  3.68436582  5.07632237  3.22241453 -2.59751671  6.61335557]]", "nfev": "287", "njev": "41", "status": "0", "success": "True", "message": "Optimization terminated successfully.", "x": "[ 1.30784185  0.72799763 -0.45121014  4.41658809  7.82234546  7.59715691]", "nit": "23", "callback": [0.7952561030387948, 0.7944152161918089, 0.7644844043282117, 0.7482407305406249, 0.7461959207494656, 0.7455919765894904, 0.6445364238455982, 0.6431370136769718, 0.5876343913597641, 0.487967082730968, 0.3676558910288985, 0.35457049816535013, 0.34657973130337516, 0.3426022623575261, 0.34196635872100356, 0.3417161828889027, 0.3412669577994074, 0.34057078021970644, 0.34019917056006577, 0.3401736514069923, 0.3401694408747423, 0.34016923734633553, 0.34016922786747483]}, "10": {"maxiter": 500, "gtol": 1e-05, "xrtol": 1e-10, "eps": 1e-05, "duration": 0.0879201889038086, "fun": "0.3401692280256048", "jac": "[-1.81190618e-06  1.03055342e-06 -2.13340456e-06 -1.30975231e-06\n  2.27673436e-06  2.89841484e-06]", "hess_inv": "[[ 3.35577988  0.82497392  0.96523608  0.96848815 -0.22451131  1.04522077]\n [ 0.82497392  6.32985437  3.52082936  3.30262637 -3.80552518  3.76786185]\n [ 0.96523608  3.52082936 10.23509275  4.99554304 -5.20558175  5.13316413]\n [ 0.96848815  3.30262637  4.99554304  5.84182633 -3.44398996  3.29335345]\n [-0.22451131 -3.80552518 -5.20558175 -3.44398996  6.48539006 -2.60831893]\n [ 1.04522077  3.76786185  5.13316413  3.29335345 -2.60831893  6.73123386]]", "nfev": "287", "njev": "41", "status": "0", "success": "True", "message": "Optimization terminated successfully.", "x": "[ 1.30782643  0.72798803 -0.4512441   4.41656264  7.82236254  7.59714526]", "nit": "23", "callback": [0.7952417000201004, 0.7944007502848651, 0.7644703244886724, 0.7482376470112677, 0.7461961835291853, 0.745592507819813, 0.6445299519561729, 0.6431329981038828, 0.5877258818029698, 0.4881999043490225, 0.3677374385032476, 0.3545417109331821, 0.34661530182605116, 0.3426082429042452, 0.34196542329998647, 0.3417165325764112, 0.3412692477567034, 0.3405742643136441, 0.34019841182262667, 0.3401735145328547, 0.34016945058213455, 0.340169239647638, 0.3401692280256048]}, "11": {"maxiter": 500, "gtol": 1e-05, "xrtol": 1e-10, "eps": 1e-10, "duration": 0.08931875228881836, "fun": "0.34016922786747483", "jac": "[-1.11022293e-06  1.11022293e-06  0.00000000e+00  1.11022293e-06\n  1.11022293e-06  2.22044587e-06]", "hess_inv": "[[ 3.36711798  0.81291339  0.97448397  0.96444725 -0.2247073   1.05314489]\n [ 0.81291339  6.28874865  3.45420014  3.24931362 -3.79173195  3.68436582]\n [ 0.97448397  3.45420014 10.2361369   4.97095158 -5.21374592  5.07632237]\n [ 0.96444725  3.24931362  4.97095158  5.802465   -3.44767412  3.22241453]\n [-0.2247073  -3.79173195 -5.21374592 -3.44767412  6.49737583 -2.59751671]\n [ 1.05314489  3.68436582  5.07632237  3.22241453 -2.59751671  6.61335557]]", "nfev": "287", "njev": "41", "status": "0", "success": "True", "message": "Optimization terminated successfully.", "x": "[ 1.30784185  0.72799763 -0.45121014  4.41658809  7.82234546  7.59715691]", "nit": "23", "callback": [0.7952561030387948, 0.7944152161918089, 0.7644844043282117, 0.7482407305406249, 0.7461959207494656, 0.7455919765894904, 0.6445364238455982, 0.6431370136769718, 0.5876343913597641, 0.487967082730968, 0.3676558910288985, 0.35457049816535013, 0.34657973130337516, 0.3426022623575261, 0.34196635872100356, 0.3417161828889027, 0.3412669577994074, 0.3405707802197