{"date": "2024/10/08/, 16:45:37", "conf_id": 13, "data_type": "random\n", "num_data_points": 1, "s_rank": 0, "unitary": "[[-0.53618537-0.34368723j,-0.12107031-0.46226139j,-0.07699282-0.46603512j,0.36022595-0.11472301j],[0.26026499-0.63450712j,-0.56616638+0.37832564j,-0.14988651+0.08458591j,0.10363514-0.16008501j],[-0.32580188-0.11070003j,-0.36476308-0.23593218j,0.02559343+0.41761608j,-0.25598305+0.6725303j],[0.07406738-0.0126433j,0.28513701+0.19483972j,-0.74939717-0.10299659j,0.29798249+0.46269921j]]", "databatch_0": {"databatch": "[[[0.03386451-0.29063616j,0.03494863+0.20100588j,-0.12103969-0.06421604j,0.05662808+0.1485876j],[-0.02014732+0.2390612j,-0.0330027-0.25721012j,-0.02834007+0.04165106j,0.02908734-0.11375536j],[-0.23095248+0.02254899j,-0.12915466-0.09076911j,-0.06336128+0.17123259j,0.01964623-0.43139411j],[-0.02129171-0.10640433j,-0.03705718+0.04149013j,0.13324082+0.50036246j,0.32341188+0.03745139j]]]", "initial param values": "[2.4341706,5.33668587,2.73316126,1.49284406,4.13300913,0.71682303]", "nelder_mead": {"type": "gradient-free", "0": {"maxiter": 100, "fatol": 1e-05, "xatol": 1e-05, "duration": 0.0968787670135498, "fun": "0.5039302650377611", "nit": "100", "nfev": "163", "status": "2", "success": "False", "message": "Maximum number of iterations has been exceeded.", "x": "[4.03118476 7.11556509 4.04947648 0.00965751 1.14614292 0.82105224]", "final_simplex": "(array([[4.03118476, 7.11556509, 4.04947648, 0.00965751, 1.14614292,\n        0.82105224],\n       [4.22873536, 7.06240742, 3.71569562, 0.10946047, 1.43183339,\n        0.71526319],\n       [4.32978101, 7.11904509, 3.69973628, 0.07759754, 1.52121389,\n        0.67265156],\n       [4.31362888, 6.75831683, 3.62070202, 0.23880346, 1.59298848,\n        0.63509951],\n       [4.26449718, 6.74516575, 3.49194273, 0.31779569, 1.57560999,\n        0.63648497],\n       [4.2396098 , 6.65497396, 3.41543756, 0.39268449, 1.8376337 ,\n        0.59231309],\n       [4.24306302, 6.60238327, 3.47725443, 0.40446839, 1.85125466,\n        0.59182813]]), array([0.50393027, 0.51869344, 0.52792341, 0.54380391, 0.54925353,\n       0.56871877, 0.57169145]))", "callback": [0.9351879342477256, 0.8290407786099527, 0.7541424547391365, 0.7215956239448735, 0.7044574458823489, 0.6272744136660264, 0.6204823241088213, 0.6164433241886874, 0.6110771356623194, 0.5901441075315139]}, "1": {"maxiter": 100, "fatol": 1e-05, "xatol": 1e-10, "duration": 0.0455470085144043, "fun": "0.5039302650377611", "nit": "100", "nfev": "163", "status": "2", "success": "False", "message": "Maximum number of iterations has been exceeded.", "x": "[4.03118476 7.11556509 4.04947648 0.00965751 1.14614292 0.82105224]", "final_simplex": "(array([[4.03118476, 7.11556509, 4.04947648, 0.00965751, 1.14614292,\n        0.82105224],\n       [4.22873536, 7.06240742, 3.71569562, 0.10946047, 1.43183339,\n        0.71526319],\n       [4.32978101, 7.11904509, 3.69973628, 0.07759754, 1.52121389,\n        0.67265156],\n       [4.31362888, 6.75831683, 3.62070202, 0.23880346, 1.59298848,\n        0.63509951],\n       [4.26449718, 6.74516575, 3.49194273, 0.31779569, 1.57560999,\n        0.63648497],\n       [4.2396098 , 6.65497396, 3.41543756, 0.39268449, 1.8376337 ,\n        0.59231309],\n       [4.24306302, 6.60238327, 3.47725443, 0.40446839, 1.85125466,\n        0.59182813]]), array([0.50393027, 0.51869344, 0.52792341, 0.54380391, 0.54925353,\n       0.56871877, 0.57169145]))", "callback": [0.9351879342477256, 0.8290407786099527, 0.7541424547391365, 0.7215956239448735, 0.7044574458823489, 0.6272744136660264, 0.6204823241088213, 0.6164433241886874, 0.6110771356623194, 0.5901441075315139]}, "2": {"maxiter": 100, "fatol": 1e-10, "xatol": 1e-05, "duration": 0.04937100410461426, "fun": "0.5039302650377611", "nit": "100", "nfev": "163", "status": "2", "success": "False", "message": "Maximum number of iterations has been exceeded.", "x": "[4.03118476 7.11556509 4.04947648 0.00965751 1.14614292 0.82105224]", "final_simplex": "(array([[4.03118476, 7.11556509, 4.04947648, 0.00965751, 1.14614292,\n        0.82105224],\n       [4.22873536, 7.06240742, 3.71569562, 0.10946047, 1.43183339,\n        0.71526319],\n       [4.32978101, 7.11904509, 3.69973628, 0.07759754, 1.52121389,\n        0.67265156],\n       [4.31362888, 6.75831683, 3.62070202, 0.23880346, 1.59298848,\n        0.63509951],\n       [4.26449718, 6.74516575, 3.49194273, 0.31779569, 1.57560999,\n        0.63648497],\n       [4.2396098 , 6.65497396, 3.41543756, 0.39268449, 1.8376337 ,\n        0.59231309],\n       [4.24306302, 6.60238327, 3.47725443, 0.40446839, 1.85125466,\n        0.59182813]]), array([0.50393027, 0.51869344, 0.52792341, 0.54380391, 0.54925353,\n       0.56871877, 0.57169145]))", "callback": [0.9351879342477256, 0.8290407786099527, 0.7541424547391365, 0.7215956239448735, 0.7044574458823489, 0.6272744136660264, 0.6204823241088213, 0.6164433241886874, 0.6110771356623194, 0.5901441075315139]}, "3": {"maxiter": 100, "fatol": 1e-10, "xatol": 1e-10, "duration": 0.04585099220275879, "fun": "0.5039302650377611", "nit": "100", "nfev": "163", "status": "2", "success": "False", "message": "Maximum number of iterations has been exceeded.", "x": "[4.03118476 7.11556509 4.04947648 0.00965751 1.14614292 0.82105224]", "final_simplex": "(array([[4.03118476, 7.11556509, 4.04947648, 0.00965751, 1.14614292,\n        0.82105224],\n       [4.22873536, 7.06240742, 3.71569562, 0.10946047, 1.43183339,\n        0.71526319],\n       [4.32978101, 7.11904509, 3.69973628, 0.07759754, 1.52121389,\n        0.67265156],\n       [4.31362888, 6.75831683, 3.62070202, 0.23880346, 1.59298848,\n        0.63509951],\n       [4.26449718, 6.74516575, 3.49194273, 0.31779569, 1.57560999,\n        0.63648497],\n       [4.2396098 , 6.65497396, 3.41543756, 0.39268449, 1.8376337 ,\n        0.59231309],\n       [4.24306302, 6.60238327, 3.47725443, 0.40446839, 1.85125466,\n        0.59182813]]), array([0.50393027, 0.51869344, 0.52792341, 0.54380391, 0.54925353,\n       0.56871877, 0.57169145]))", "callback": [0.9351879342477256, 0.8290407786099527, 0.7541424547391365, 0.7215956239448735, 0.7044574458823489, 0.6272744136660264, 0.6204823241088213, 0.6164433241886874, 0.6110771356623194, 0.5901441075315139]}, "4": {"maxiter": 500, "fatol": 1e-05, "xatol": 1e-05, "duration": 0.25009584426879883, "fun": "0.26887525493985964", "nit": "500", "nfev": "750", "status": "2", "success": "False", "message": "Maximum number of iterations has been exceeded.", "x": "[ 4.28846019  5.99479295  0.60624277 -1.68060498  2.10118139  2.13998026]", "final_simplex": "(array([[ 4.28846019,  5.99479295,  0.60624277, -1.68060498,  2.10118139,\n         2.13998026],\n       [ 4.32156449,  5.98918391,  0.59031012, -1.70854997,  2.12933796,\n         2.15828341],\n       [ 4.30264726,  5.96957327,  0.58273192, -1.68177334,  2.11580672,\n         2.12585209],\n       [ 4.31705382,  5.964619  ,  0.62427754, -1.65200467,  2.11672546,\n         2.15570944],\n       [ 4.32555154,  5.94706725,  0.58432952, -1.68781627,  2.12143154,\n         2.16771034],\n       [ 4.30943435,  6.00803041,  0.64093101, -1.67628238,  2.08249896,\n         2.14843092],\n       [ 4.34615505,  5.95555072,  0.51978288, -1.66002928,  2.17711582,\n         2.17358276]]), array([0.26887525, 0.26904296, 0.26929394, 0.269348  , 0.2694201 ,\n       0.26947144, 0.2694858 ]))", "callback": [0.9351879342477256, 0.8290407786099527, 0.7541424547391365, 0.7215956239448735, 0.7044574458823489, 0.6272744136660264, 0.6204823241088213, 0.6164433241886874, 0.6110771356623194, 0.5901441075315139, 0.49789852934125556, 0.4946000460456238, 0.4946000460456238, 0.4934010433207835, 0.493163220654776, 0.4931250174570083, 0.49305338050732794, 0.4928685980590365, 0.4925643655954238, 0.4915760406454269, 0.4881158108749203, 0.4807521432813495, 0.42544369429786866, 0.4201003179147931, 0.414376270129462, 0.40640320453293666, 0.38332211248664727, 0.3343048676724043, 0.3314138401315816, 0.32890893104268426, 0.32890893104268426, 0.32866956895735233, 0.3281904209867287, 0.3279093485176896, 0.32761118070543915, 0.3272754319424678, 0.3267776112153812, 0.3263790610090871, 0.3262253963564655, 0.3260050186980359, 0.32537384106673783, 0.3233647833624138, 0.31305630357707537, 0.3030839918262427, 0.2955872507739973, 0.27840093780018127, 0.2741530152451096, 0.2718859777284567, 0.27027848724750414, 0.2697687772394196]}, "5": {"maxiter": 500, "fatol": 1e-05, "xatol": 1e-10, "duration": 0.2280731201171875, "fun": "0.26887525493985964", "nit": "500", "nfev": "750", "status": "2", "success": "False", "message": "Maximum number of iterations has been exceeded.", "x": "[ 4.28846019  5.99479295  0.60624277 -1.68060498  2.10118139  2.13998026]", "final_simplex": "(array([[ 4.28846019,  5.99479295,  0.60624277, -1.68060498,  2.10118139,\n         2.13998026],\n       [ 4.32156449,  5.98918391,  0.59031012, -1.70854997,  2.12933796,\n         2.15828341],\n       [ 4.30264726,  5.96957327,  0.58273192, -1.68177334,  2.11580672,\n         2.12585209],\n       [ 4.31705382,  5.964619  ,  0.62427754, -1.65200467,  2.11672546,\n         2.15570944],\n       [ 4.32555154,  5.94706725,  0.58432952, -1.68781627,  2.12143154,\n         2.16771034],\n       [ 4.30943435,  6.00803041,  0.64093101, -1.67628238,  2.08249896,\n         2.14843092],\n       [ 4.34615505,  5.95555072,  0.51978288, -1.66002928,  2.17711582,\n         2.17358276]]), array([0.26887525, 0.26904296, 0.26929394, 0.269348  , 0.2694201 ,\n       0.26947144, 0.2694858 ]))", "callback": [0.9351879342477256, 0.8290407786099527, 0.7541424547391365, 0.7215956239448735, 0.7044574458823489, 0.6272744136660264, 0.6204823241088213, 0.6164433241886874, 0.6110771356623194, 0.5901441075315139, 0.49789852934125556, 0.4946000460456238, 0.4946000460456238, 0.4934010433207835, 0.493163220654776, 0.4931250174570083, 0.49305338050732794, 0.4928685980590365, 0.4925643655954238, 0.4915760406454269, 0.4881158108749203, 0.4807521432813495, 0.42544369429786866, 0.4201003179147931, 0.414376270129462, 0.40640320453293666, 0.38332211248664727, 0.3343048676724043, 0.3314138401315816, 0.32890893104268426, 0.32890893104268426, 0.32866956895735233, 0.3281904209867287, 0.3279093485176896, 0.32761118070543915, 0.3272754319424678, 0.3267776112153812, 0.3263790610090871, 0.3262253963564655, 0.3260050186980359, 0.32537384106673783, 0.3233647833624138, 0.31305630357707537, 0.3030839918262427, 0.2955872507739973, 0.27840093780018127, 0.2741530152451096, 0.2718859777284567, 0.27027848724750414, 0.2697687772394196]}, "6": {"maxiter": 500, "fatol": 1e-10, "xatol": 1e-05, "duration": 0.24080204963684082, "fun": "0.26887525493985964", "nit": "500", "nfev": "750", "status": "2", "success": "False", "message": "Maximum number of iterations has been exceeded.", "x": "[ 4.28846019  5.99479295  0.60624277 -1.68060498  2.10118139  2.13998026]", "final_simplex": "(array([[ 4.28846019,  5.99479295,  0.60624277, -1.68060498,  2.10118139,\n         2.13998026],\n       [ 4.32156449,  5.98918391,  0.59031012, -1.70854997,  2.12933796,\n         2.15828341],\n       [ 4.30264726,  5.96957327,  0.58273192, -1.68177334,  2.11580672,\n         2.12585209],\n       [ 4.31705382,  5.964619  ,  0.62427754, -1.65200467,  2.11672546,\n         2.15570944],\n       [ 4.32555154,  5.94706725,  0.58432952, -1.68781627,  2.12143154,\n         2.16771034],\n       [ 4.30943435,  6.00803041,  0.64093101, -1.67628238,  2.08249896,\n         2.14843092],\n       [ 4.34615505,  5.95555072,  0.51978288, -1.66002928,  2.17711582,\n         2.17358276]]), array([0.26887525, 0.26904296, 0.26929394, 0.269348  , 0.2694201 ,\n       0.26947144, 0.2694858 ]))", "callback": [0.9351879342477256, 0.8290407786099527, 0.7541424547391365, 0.7215956239448735, 0.7044574458823489, 0.6272744136660264, 0.6204823241088213, 0.6164433241886874, 0.6110771356623194, 0.5901441075315139, 0.49789852934125556, 0.4946000460456238, 0.4946000460456238, 0.4934010433207835, 0.493163220654776, 0.4931250174570083, 0.49305338050732794, 0.4928685980590365, 0.4925643655954238, 0.4915760406454269, 0.4881158108749203, 0.4807521432813495, 0.42544369429786866, 0.4201003179147931, 0.414376270129462, 0.40640320453293666, 0.38332211248664727, 0.3343048676724043, 0.3314138401315816, 0.32890893104268426, 0.32890893104268426, 0.32866956895735233, 0.3281904209867287, 0.3279093485176896, 0.32761118070543915, 0.3272754319424678, 0.3267776112153812, 0.3263790610090871, 0.3262253963564655, 0.3260050186980359, 0.32537384106673783, 0.3233647833624138, 0.31305630357707537, 0.3030839918262427, 0.2955872507739973, 0.27840093780018127, 0.2741530152451096, 0.2718859777284567, 0.27027848724750414, 0.2697687772394196]}, "7": {"maxiter": 500, "fatol": 1e-10, "xatol": 1e-10, "duration": 0.2369222640991211, "fun": "0.26887525493985964", "nit": "500", "nfev": "750", "status": "2", "success": "False", "message": "Maximum number of iterations has been exceeded.", "x": "[ 4.28846019  5.99479295  0.60624277 -1.68060498  2.10118139  2.13998026]", "final_simplex": "(array([[ 4.28846019,  5.99479295,  0.60624277, -1.68060498,  2.10118139,\n         2.13998026],\n       [ 4.32156449,  5.98918391,  0.59031012, -1.70854997,  2.12933796,\n         2.15828341],\n       [ 4.30264726,  5.96957327,  0.58273192, -1.68177334,  2.11580672,\n         2.12585209],\n       [ 4.31705382,  5.964619  ,  0.62427754, -1.65200467,  2.11672546,\n         2.15570944],\n       [ 4.32555154,  5.94706725,  0.58432952, -1.68781627,  2.12143154,\n         2.16771034],\n       [ 4.30943435,  6.00803041,  0.64093101, -1.67628238,  2.08249896,\n         2.14843092],\n       [ 4.34615505,  5.95555072,  0.51978288, -1.66002928,  2.17711582,\n         2.17358276]]), array([0.26887525, 0.26904296, 0.26929394, 0.269348  , 0.2694201 ,\n       0.26947144, 0.2694858 ]))", "callback": [0.9351879342477256, 0.8290407786099527, 0.7541424547391365, 0.7215956239448735, 0.7044574458823489, 0.6272744136660264, 0.6204823241088213, 0.6164433241886874, 0.6110771356623194, 0.5901441075315139, 0.49789852934125556, 0.4946000460456238, 0.4946000460456238, 0.4934010433207835, 0.493163220654776, 0.4931250174570083, 0.49305338050732794, 0.4928685980590365, 0.4925643655954238, 0.4915760406454269, 0.4881158108749203, 0.4807521432813495, 0.42544369429786866, 0.4201003179147931, 0.414376270129462, 0.40640320453293666, 0.38332211248664727, 0.3343048676724043, 0.3314138401315816, 0.32890893104268426, 0.32890893104268426, 0.32866956895735233, 0.3281904209867287, 0.3279093485176896, 0.32761118070543915, 0.3272754319424678, 0.3267776112153812, 0.3263790610090871, 0.3262253963564655, 0.3260050186980359, 0.32537384106673783, 0.3233647833624138, 0.31305630357707537, 0.3030839918262427, 0.2955872507739973, 0.27840093780018127, 0.2741530152451096, 0.2718859777284567, 0.27027848724750414, 0.2697687772394196]}, "8": {"maxiter": 1000, "fatol": 1e-05, "xatol": 1e-05, "duration": 0.3172190189361572, "fun": "0.2677692040019778", "nit": "638", "nfev": "978", "status": "0", "success": "True", "message": "Optimization terminated successfully.", "x": "[ 4.25791835  5.99079143  0.53987693 -1.70934955  2.19641189  2.16716025]", "final_simplex": "(array([[ 4.25791835,  5.99079143,  0.53987693, -1.70934955,  2.19641189,\n         2.16716025],\n       [ 4.25791288,  5.99079021,  0.53987849, -1.70934859,  2.19640836,\n         2.16715136],\n       [ 4.25791485,  5.99078797,  0.53987728, -1.70935244,  2.1964088 ,\n         2.16715632],\n       [ 4.25791497,  5.99079311,  0.53987486, -1.70935532,  2.19641274,\n         2.16715572],\n       [ 4.25791522,  5.99079188,  0.53987663, -1.70934937,  2.19640804,\n         2.16715899],\n       [ 4.25792069,  5.99078688,  0.53987185, -1.70934713,  2.1964124 ,\n         2.16715864],\n       [ 4.25792124,  5.99079162,  0.53988426, -1.70934761,  2.19640506,\n         2.16715611]]), array([0.2677692, 0.2677692, 0.2677692, 0.2677692, 0.2677692, 0.2677692,\n       0.2677692]))", "callback": [0.9351879342477256, 0.8290407786099527, 0.7541424547391365, 0.7215956239448735, 0.7044574458823489, 0.6272744136660264, 0.6204823241088213, 0.6164433241886874, 0.6110771356623194, 0.5901441075315139, 0.49789852934125556, 0.4946000460456238, 0.4946000460456238, 0.4934010433207835, 0.493163220654776, 0.4931250174570083, 0.49305338050732794, 0.4928685980590365, 0.4925643655954238, 0.4915760406454269, 0.4881158108749203, 0.4807521432813495, 0.42544369429786866, 0.4201003179147931, 0.414376270129462, 0.40640320453293666, 0.38332211248664727, 0.3343048676724043, 0.3314138401315816, 0.32890893104268426, 0.32890893104268426, 0.32866956895735233, 0.3281904209867287, 0.3279093485176896, 0.32761118070543915, 0.3272754319424678, 0.3267776112153812, 0.3263790610090871, 0.3262253963564655, 0.3260050186980359, 0.32537384106673783, 0.3233647833624138, 0.31305630357707537, 0.3030839918262427, 0.2955872507739973, 0.27840093780018127, 0.2741530152451096, 0.2718859777284567, 0.27027848724750414, 0.2697687772394196, 0.26887525493985964, 0.26819976398260426, 0.2678240074511137, 0.26778317669433327, 0.26777412289316116, 0.26777067988896475, 0.26776934916459105, 0.2677693375873037, 0.2677692170355189, 0.26776920763789125, 0.26776920518884506, 0.26776920420166817, 0.2677692040281272, 0.26776920400487814]}, "9": {"maxiter": 1000, "fatol": 1e-05, "xatol": 1e-10, "duration": 0.36681175231933594, "fun": "0.26776920399945237", "nit": "732", "nfev": "1189", "status": "0", "success": "True", "message": "Optimization terminated successfully.", "x": "[ 4.25791665  5.99079146  0.53987821 -1.70935021  2.1964092   2.16715579]", "final_simplex": "(array([[ 4.25791665,  5.99079146,  0.53987821, -1.70935021,  2.1964092 ,\n         2.16715579],\n       [ 4.25791665,  5.99079146,  0.53987821, -1.70935021,  2.1964092 ,\n         2.16715579],\n       [ 4.25791665,  5.99079146,  0.53987821, -1.70935021,  2.1964092 ,\n         2.16715579],\n       [ 4.25791665,  5.99079146,  0.53987821, -1.70935021,  2.1964092 ,\n         2.16715579],\n       [ 4.25791665,  5.99079146,  0.53987821, -1.70935021,  2.1964092 ,\n         2.16715579],\n       [ 4.25791665,  5.99079146,  0.53987821, -1.70935021,  2.1964092 ,\n         2.16715579],\n       [ 4.25791665,  5.99079146,  0.53987821, -1.70935021,  2.1964092 ,\n         2.16715579]]), array([0.2677692, 0.2677692, 0.2677692, 0.2677692, 0.2677692, 0.2677692,\n       0.2677692]))", "callback": [0.9351879342477256, 0.8290407786099527, 0.7541424547391365, 0.7215956239448735, 0.7044574458823489, 0.6272744136660264, 0.6204823241088213, 0.6164433241886874, 0.6110771356623194, 0.5901441075315139, 0.49789852934125556, 0.4946000460456238, 0.4946000460456238, 0.4934010433207835, 0.493163220654776, 0.4931250174570083, 0.49305338050732794, 0.4928685980590365, 0.4925643655954238, 0.4915760406454269, 0.4881158108749203, 0.4807521432813495, 0.42544369429786866, 0.4201003179147931, 0.414376270129462, 0.40640320453293666, 0.38332211248664727, 0.3343048676724043, 0.3314138401315816, 0.32890893104268426, 0.32890893104268426, 0.32866956895735233, 0.3281904209867287, 0.3279093485176896, 0.32761118070543915, 0.3272754319424678, 0.3267776112153812, 0.3263790610090871, 0.3262253963564655, 0.3260050186980359, 0.32537384106673783, 0.3233647833624138, 0.31305630357707537, 0.3030839918262427, 0.2955872507739973, 0.27840093780018127, 0.2741530152451096, 0.2718859777284567, 0.27027848724750414, 0.2697687772394196, 0.26887525493985964, 0.26819976398260426, 0.2678240074511137, 0.26778317669433327, 0.26777412289316116, 0.26777067988896475, 0.26776934916459105, 0.2677693375873037, 0.2677692170355189, 0.26776920763789125, 0.26776920518884506, 0.26776920420166817, 0.2677692040281272, 0.26776920400487814, 0.2677692040004491, 0.26776920399960924, 0.26776920399949156, 0.26776920399946325, 0.26776920399945414, 0.26776920399945314, 0.2677692039994526, 0.26776920399945237, 0.26776920399945237, 0.26776920399945237]}, "10": {"maxiter": 1000, "fatol": 1e-10, "xatol": 1e-05, "duration": 0.2982022762298584, "fun": "0.2677692040019778", "nit": "638", "nfev": "978", "status": "0", "success": "True", "message": "Optimization terminated successfully.", "x": "[ 4.25791835  5.99079143  0.53987693 -1.70934955  2.19641189  2.16716025]", "final_simplex": "(array([[ 4.25791835,  5.99079143,  0.53987693, -1.70934955,  2.19641189,\n         2.16716025],\n       [ 4.25791288,  5.99079021,  0.53987849, -1.70934859,  2.19640836,\n         2.16715136],\n       [ 4.25791485,  5.99078797,  0.53987728, -1.70935244,  2.1964088 ,\n         2.16715632],\n       [ 4.25791497,  5.99079311,  0.53987486, -1.70935532,  2.19641274,\n         2.16715572],\n       [ 4.25791522,  5.99079188,  0.53987663, -1.70934937,  2.19640804,\n         2.16715899],\n       [ 4.25792069,  5.99078688,  0.53987185, -1.70934713,  2.1964124 ,\n         2.16715864],\n       [ 4.25792124,  5.99079162,  0.53988426, -1.70934761,  2.19640506,\n         2.16715611]]), array([0.2677692, 0.2677692, 0.2677692, 0.2677692, 0.2677692, 0.2677692,\n       0.2677692]))", "callback": [0.9351879342477256, 0.8290407786099527, 0.7541424547391365, 0.7215956239448735, 0.7044574458823489, 0.6272744136660264, 0.6204823241088213, 0.6164433241886874, 0.6110771356623194, 0.5901441075315139, 0.49789852934125556, 0.4946000460456238, 0.4946000460456238, 0.4934010433207835, 0.493163220654776, 0.4931250174570083, 0.49305338050732794, 0.4928685980590365, 0.4925643655954238, 0.4915760406454269, 0.4881158108749203, 0.4807521432813495, 0.42544369429786866, 0.4201003179147931, 0.414376270129462, 0.40640320453293666, 0.38332211248664727, 0.3343048676724043, 0.3314138401315816, 0.32890893104268426, 0.32890893104268426, 0.32866956895735233, 0.3281904209867287, 0.3279093485176896, 0.32761118070543915, 0.3272754319424678, 0.3267776112153812, 0.3263790610090871, 0.3262253963564655, 0.3260050186980359, 0.32537384106673783, 0.3233647833624138, 0.31305630357707537, 0.3030839918262427, 0.2955872507739973, 0.27840093780018127, 0.2741530152451096, 0.2718859777284567, 0.27027848724750414, 0.2697687772394196, 0.26887525493985964, 0.26819976398260426, 0.2678240074511137, 0.26778317669433327, 0.26777412289316116, 0.26777067988896475, 0.26776934916459105, 0.2677693375873037, 0.2677692170355189, 0.26776920763789125, 0.26776920518884506, 0.26776920420166817, 0.2677692040281272, 0.26776920400487814]}, "11": {"maxiter": 1000, "fatol": 1e-10, "xatol": 1e-10, "duration": 0.4094357490539551, "fun": "0.26776920399945237", "nit": "732", "nfev": "1189", "status": "0", "success": "True", "message": "Optimization terminated successfully.", "x": "[ 4.25791665  5.99079146  0.53987821 -1.70935021  2.1964092   2.16715579]", "final_simplex": "(array([[ 4.25791665,  5.99079146,  0.53987821, -1.70935021,  2.1964092 ,\n         2.16715579],\n       [ 4.25791665,  5.99079146,  0.53987821, -1.70935021,  2.1964092 ,\n         2.16715579],\n       [ 4.25791665,  5.99079146,  0.53987821, -1.70935021,  2.1964092 ,\n         2.16715579],\n       [ 4.25791665,  5.99079146,  0.53987821, -1.70935021,  2.1964092 ,\n         2.16715579],\n       [ 4.25791665,  5.99079146,  0.53987821, -1.70935021,  2.1964092 ,\n         2.16715579],\n       [ 4.25791665,  5.99079146,  0.53987821, -1.70935021,  2.1964092 ,\n         2.16715579],\n       [ 4.25791665,  5.99079146,  0.53987821, -1.70935021,  2.1964092 ,\n         2.16715579]]), array([0.2677692, 0.2677692, 0.2677692, 0.2677692, 0.2677692, 0.2677692,\n       0.2677692]))", "callback": [0.9351879342477256, 0.8290407786099527, 0.7541424547391365, 0.7215956239448735, 0.7044574458823489, 0.6272744136660264, 0.6204823241088213, 0.6164433241886874, 0.6110771356623194, 0.5901441075315139, 0.49789852934125556, 0.4946000460456238, 0.4946000460456238, 0.4934010433207835, 0.493163220654776, 0.4931250174570083, 0.49305338050732794, 0.4928685980590365, 0.4925643655954238, 0.4915760406454269, 0.4881158108749203, 0.4807521432813495, 0.42544369429786866, 0.4201003179147931, 0.414376270129462, 0.40640320453293666, 0.38332211248664727, 0.3343048676724043, 0.3314138401315816, 0.32890893104268426, 0.32890893104268426, 0.32866956895735233, 0.3281904209867287, 0.3279093485176896, 0.32761118070543915, 0.3272754319424678, 0.3267776112153812, 0.3263790610090871, 0.3262253963564655, 0.3260050186980359, 0.32537384106673783, 0.3233647833624138, 0.31305630357707537, 0.3030839918262427, 0.2955872507739973, 0.27840093780018127, 0.2741530152451096, 0.2718859777284567, 0.27027848724750414, 0.2697687772394196, 0.26887525493985964, 0.26819976398260426, 0.2678240074511137, 0.26778317669433327, 0.26777412289316116, 0.26777067988896475, 0.26776934916459105, 0.2677693375873037, 0.2677692170355189, 0.26776920763789125, 0.26776920518884506, 0.26776920420166817, 0.2677692040281272, 0.26776920400487814, 0.2677692040004491, 0.26776920399960924, 0.26776920399949156, 0.26776920399946325, 0.26776920399945414, 0.26776920399945314, 0.2677692039994526, 0.26776920399945237, 0.26776920399945237, 0.26776920399945237]}}, "bfgs": {"type": "gradient", "0": {"maxiter": 100, "gtol": 1e-05, "xrtol": 1e-05, "eps": 1e-05, "duration": 0.08553600311279297, "fun": "0.26776920409044636", "jac": "[-1.27658994e-06  3.64563935e-06 -2.77629031e-06 -4.76855222e-06\n -8.63542571e-07  1.31601396e-06]", "hess_inv": "[[ 4.22311739 -0.5552121  -1.29936044 -0.55006705  1.35585766  2.5627501 ]\n [-0.5552121   3.88875769  2.49405436  1.10885987 -0.99267347 -0.89581591]\n [-1.29936044  2.49405436  9.07091399 -1.60580659 -5.94790346 -2.4632406 ]\n [-0.55006705  1.10885987 -1.60580659  4.03374274  0.89720045 -0.06263062]\n [ 1.35585766 -0.99267347 -5.94790346  0.89720045  6.94447352  2.26658618]\n [ 2.5627501  -0.89581591 -2.4632406  -0.06263062  2.26658618  4.70222218]]", "nfev": "259", "njev": "37", "status": "0", "success": "True", "message": "Optimization terminated successfully.", "x": "[ 4.25790743  5.99078551  0.53986922  1.70933322  5.33799793 -0.97444201]", "nit": "32", "callback": [0.8956364638283577, 0.7727414287060881, 0.6789169045165504, 0.6004091599586308, 0.5487363543480036, 0.5162670265708268, 0.5067400262565236, 0.49247637217273676, 0.4869768783086672, 0.4865138592347211, 0.4857142953120476, 0.48426723729496357, 0.4816116668846525, 0.47732143960562534, 0.4744970269816349, 0.4693762392483084, 0.42951562518345066, 0.3930819707140839, 0.35347727010814733, 0.32045087286373475, 0.31066875521393567, 0.3001586769280342, 0.28365068988989506, 0.2739836626316613, 0.2714683976647194, 0.2701668188666304, 0.26833202236906606, 0.26779691497570846, 0.2677711915149745, 0.26776924675058766, 0.2677692142202791, 0.26776920409044636]}, "1": {"maxiter": 100, "gtol": 1e-05, "xrtol": 1e-05, "eps": 1e-10, "duration": 0.08311200141906738, "fun": "0.26776920400789817", "jac": "[ 0.00000000e+00  1.11022293e-06  0.00000000e+00 -1.11022293e-06\n  0.00000000e+00  0.00000000e+00]", "hess_inv": "[[ 4.27092001 -0.75080725 -1.19529352 -0.78572487  1.31074381  2.6714402 ]\n [-0.75080725  3.86314832  2.70517821  1.08503915 -1.16962462 -1.03348533]\n [-1.19529352  2.70517821  8.49016722 -1.129013   -5.58808536 -2.19292626]\n [-0.78572487  1.08503915 -1.129013    3.41893228  0.85280754 -0.27418086]\n [ 1.31074381 -1.16962462 -5.58808536  0.85280754  6.701276    2.18691604]\n [ 2.6714402  -1.03348533 -2.19292626 -0.27418086  2.18691604  4.88030324]]", "nfev": "266", "njev": "38", "status": "0", "success": "True", "message": "Optimization terminated successfully.", "x": "[ 4.25791078  5.99079008  0.53987175  1.70935373  5.33800593 -0.97443858]", "nit": "32", "callback": [0.8956335337023863, 0.7728057181264301, 0.6788896404596714, 0.6003334430348979, 0.5488181267052856, 0.516291843809635, 0.5067556742934803, 0.49247685194377966, 0.4869566590061851, 0.4864939435951634, 0.485693601367735, 0.48424351937801924, 0.48157953963990086, 0.477270472144837, 0.47450740979837047, 0.4695136177116327, 0.43127338788437675, 0.3913488381536109, 0.3562487221913324, 0.3204853763816222, 0.31179188338520936, 0.2981479949626441, 0.27829074995162406, 0.27310705735142704, 0.27113938719701924, 0.26970666128175547, 0.26809273212531803, 0.2678198717573075, 0.26777313448918405, 0.2677692195555884, 0.2677692057987706, 0.26776920400789817]}, "2": {"maxiter": 100, "gtol": 1e-05, "xrtol": 1e-10, "eps": 1e-05, "duration": 0.0872950553894043, "fun": "0.26776920409044636", "jac": "[-1.27658994e-06  3.64563935e-06 -2.77629031e-06 -4.76855222e-06\n -8.63542571e-07  1.31601396e-06]", "hess_inv": "[[ 4.22311739 -0.5552121  -1.29936044 -0.55006705  1.35585766  2.5627501 ]\n [-0.5552121   3.88875769  2.49405436  1.10885987 -0.99267347 -0.89581591]\n [-1.29936044  2.49405436  9.07091399 -1.60580659 -5.94790346 -2.4632406 ]\n [-0.55006705  1.10885987 -1.60580659  4.03374274  0.89720045 -0.06263062]\n [ 1.35585766 -0.99267347 -5.94790346  0.89720045  6.94447352  2.26658618]\n [ 2.5627501  -0.89581591 -2.4632406  -0.06263062  2.26658618  4.70222218]]", "nfev": "259", "njev": "37", "status": "0", "success": "True", "message": "Optimization terminated successfully.", "x": "[ 4.25790743  5.99078551  0.53986922  1.70933322  5.33799793 -0.97444201]", "nit": "32", "callback": [0.8956364638283577, 0.7727414287060881, 0.6789169045165504, 0.6004091599586308, 0.5487363543480036, 0.5162670265708268, 0.5067400262565236, 0.49247637217273676, 0.4869768783086672, 0.4865138592347211, 0.4857142953120476, 0.48426723729496357, 0.4816116668846525, 0.47732143960562534, 0.4744970269816349, 0.4693762392483084, 0.42951562518345066, 0.3930819707140839, 0.35347727010814733, 0.32045087286373475, 0.31066875521393567, 0.3001586769280342, 0.28365068988989506, 0.2739836626316613, 0.2714683976647194, 0.2701668188666304, 0.26833202236906606, 0.26779691497570846, 0.2677711915149745, 0.26776924675058766, 0.2677692142202791, 0.26776920409044636]}, "3": {"maxiter": 100, "gtol": 1e-05, "xrtol": 1e-10, "eps": 1e-10, "duration": 0.08319401741027832, "fun": "0.26776920400789817", "jac": "[ 0.00000000e+00  1.11022293e-06  0.00000000e+00 -1.11022293e-06\n  0.00000000e+00  0.00000000e+00]", "hess_inv": "[[ 4.27092001 -0.75080725 -1.19529352 -0.78572487  1.31074381  2.6714402 ]\n [-0.75080725  3.86314832  2.70517821  1.08503915 -1.16962462 -1.03348533]\n [-1.19529352  2.70517821  8.49016722 -1.129013   -5.58808536 -2.19292626]\n [-0.78572487  1.08503915 -1.129013    3.41893228  0.85280754 -0.27418086]\n [ 1.31074381 -1.16962462 -5.58808536  0.85280754  6.701276    2.18691604]\n [ 2.6714402  -1.03348533 -2.19292626 -0.27418086  2.18691604  4.88030324]]", "nfev": "266", "njev": "38", "status": "0", "success": "True", "message": "Optimization terminated successfully.", "x": "[ 4.25791078  5.99079008  0.53987175  1.70935373  5.33800593 -0.97443858]", "nit": "32", "callback": [0.8956335337023863, 0.7728057181264301, 0.6788896404596714, 0.6003334430348979, 0.5488181267052856, 0.516291843809635, 0.5067556742934803, 0.49247685194377966, 0.4869566590061851, 0.4864939435951634, 0.485693601367735, 0.48424351937801924, 0.48157953963990086, 0.477270472144837, 0.47450740979837047, 0.4695136177116327, 0.43127338788437675, 0.3913488381536109, 0.3562487221913324, 0.3204853763816222, 0.31179188338520936, 0.2981479949626441, 0.27829074995162406, 0.27310705735142704, 0.27113938719701924, 0.26970666128175547, 0.26809273212531803, 0.2678198717573075, 0.26777313448918405, 0.2677692195555884, 0.2677692057987706, 0.26776920400789817]}, "4": {"maxiter": 100, "gtol": 1e-10, "xrtol": 1e-05, "eps": 1e-05, "duration": 0.07698488235473633, "fun": "0.2677692040416296", "jac": "[ 1.42774681e-07  7.79498688e-07 -9.84490267e-07 -1.41420209e-07\n -6.29507557e-07 -1.58983937e-08]", "hess_inv": "[[ 4.20877264 -0.57885635 -1.29359491 -0.49848545  1.34666933  2.55661199]\n [-0.57885635  3.85141517  2.49277682  1.17644334 -1.0000562  -0.89533555]\n [-1.29359491  2.49277682  9.13990243 -1.51120273 -5.99555118 -2.53086854]\n [-0.49848545  1.17644334 -1.51120273  4.03481682  0.8471975  -0.15393639]\n [ 1.34666933 -1.0000562  -5.99555118  0.8471975   6.97555385  2.31312351]\n [ 2.55661199 -0.89533555 -2.53086854 -0.15393639  2.31312351  4.7685005 ]]", "nfev": "266", "njev": "38", "status": "0", "success": "True", "message": "Optimization terminated successfully.", "x": "[ 4.25790675  5.99078358  0.5398748   1.70934428  5.33799366 -0.97444752]", "nit": "33", "callback": [0.8956364638283577, 0.7727414287060881, 0.6789169045165504, 0.6004091599586308, 0.5487363543480036, 0.5162670265708268, 0.5067400262565236, 0.49247637217273676, 0.4869768783086672, 0.4865138592347211, 0.4857142953120476, 0.48426723729496357, 0.4816116668846525, 0.47732143960562534, 0.4744970269816349, 0.4693762392483084, 0.42951562518345066, 0.3930819707140839, 0.35347727010814733, 0.32045087286373475, 0.31066875521393567, 0.3001586769280342, 0.28365068988989506, 0.2739836626316613, 0.2714683976647194, 0.2701668188666304, 0.26833202236906606, 0.26779691497570846, 0.2677711915149745, 0.26776924675058766, 0.2677692142202791, 0.26776920409044636, 0.2677692040416296]}, "5": {"maxiter": 100, "gtol": 1e-10, "xrtol": 1e-05, "eps": 1e-10, "duration": 0.09600019454956055, "fun": "0.26776920400789817", "jac": "[-3.33066880e-06 -1.11022293e-06  1.11022293e-06  1.11022293e-06\n  0.00000000e+00  1.11022293e-06]", "hess_inv": "[[ 4.27029629 -0.73713666 -1.17325787 -0.80224653  1.29937006  2.6688009 ]\n [-0.73713666  3.98836057  2.82981345  1.05643915 -1.23915955 -1.08439021]\n [-1.17325787  2.82981345  8.58066329 -1.104119   -5.64223811 -2.25521934]\n [-0.80224653  1.05643915 -1.104119    3.3406283   0.84474462 -0.24407537]\n [ 1.29937006 -1.23915955 -5.64223811  0.84474462  6.73313254  2.22040093]\n [ 2.6688009  -1.08439021 -2.25521934 -0.24407537  2.22040093  4.89697382]]", "nfev": "329", "njev": "47", "status": "0", "success": "True", "message": "Optimization terminated successfully.", "x": "[ 4.25791078  5.99079008  0.53987175  1.70935373  5.33800593 -0.97443858]", "nit": "33", "callback": [0.8956335337023863, 0.7728057181264301, 0.6788896404596714, 0.6003334430348979, 0.5488181267052856, 0.516291843809635, 0.5067556742934803, 0.49247685194377966, 0.4869566590061851, 0.4864939435951634, 0.485693601367735, 0.48424351937801924, 0.48157953963990086, 0.477270472144837, 0.47450740979837047, 0.4695136177116327, 0.43127338788437675, 0.3913488381536109, 0.3562487221913324, 0.3204853763816222, 0.31179188338520936, 0.2981479949626441, 0.27829074995162406, 0.27310705735142704, 0.27113938719701924, 0.26970666128175547, 0.26809273212531803, 0.2678198717573075, 0.26777313448918405, 0.2677692195555884, 0.2677692057987706, 0.26776920400789817, 0.26776920400789817]}, "6": {"maxiter": 100, "gtol": 1e-10, "xrtol": 1e-10, "eps": 1e-05, "duration": 0.14688897132873535, "fun": "0.26776920404116766", "jac": "[ 5.45452572e-08  2.98316927e-07 -3.69837494e-07 -6.09512441e-08\n -2.34701147e-07 -1.40110146e-08]", "hess_inv": "[[ 4.18680246 -0.56802988 -1.22660212 -0.62298519  1.34134449  2.54269982]\n [-0.56802988  3.94227626  2.35196312  1.05033721 -0.94399437 -0.86000976]\n [-1.22660212  2.35196312  9.05466359 -0.93692934 -6.03481171 -2.51360293]\n [-0.62298519  1.05033721 -0.93692934  3.52976751  0.75869835 -0.21776209]\n [ 1.34134449 -0.94399437 -6.03481171  0.75869835  6.9911715   2.3059159 ]\n [ 2.54269982 -0.86000976 -2.51360293 -0.21776209  2.3059159   4.73788784]]", "nfev": "495", "njev": "69", "status": "2", "success": "False", "message": "Desired error not necessarily achieved due to precision loss.", "x": "[ 4.25790638  5.99078289  0.53987687  1.70934384  5.33799312 -0.97444797]", "nit": "36", "callback": [0.8956364638283577, 0.7727414287060881, 0.6789169045165504, 0.6004091599586308, 0.5487363543480036, 0.5162670265708268, 0.5067400262565236, 0.49247637217273676, 0.4869768783086672, 0.4865138592347211, 0.4857142953120476, 0.48426723729496357, 0.4816116668846525, 0.47732143960562534, 0.4744970269816349, 0.4693762392483084, 0.42951562518345066, 0.3930819707140839, 0.35347727010814733, 0.32045087286373475, 0.31066875521393567, 0.3001586769280342, 0.28365068988989506, 0.2739836626316613, 0.2714683976647194, 0.2701668188666304, 0.26833202236906606, 0.26779691497570846, 0.2677711915149745, 0.26776924675058766, 0.2677692142202791, 0.26776920409044636, 0.2677692040416296, 0.2677692040413192, 0.2677692040411699, 0.26776920404116766]}, "7": {"maxiter": 100, "gtol": 1e-10, "xrtol": 1e-10, "eps": 1e-10, "duration": 0.10197305679321289, "fun": "0.26776920400789817", "jac": "[-3.33066880e-06 -1.11022293e-06  1.11022293e-06  1.11022293e-06\n  0.00000000e+00  1.11022293e-06]", "hess_inv": "[[ 4.27029629 -0.73713666 -1.17325787 -0.80224653  1.29937006  2.6688009 ]\n [-0.73713666  3.98836057  2.82981345  1.05643915 -1.23915955 -1.08439021]\n [-1.17325787  2.82981345  8.58066329 -1.104119   -5.64223811 -2.25521934]\n [-0.80224653  1.05643915 -1.104119    3.3406283   0.84474462 -0.24407537]\n [ 1.29937006 -1.23915955 -5.64223811  0.84474462  6.73313254  2.22040093]\n [ 2.6688009  -1.08439021 -2.25521934 -0.24407537  2.22040093  4.89697382]]", "nfev": "329", "njev": "47", "status": "0", "success": "True", "message": "Optimization terminated successfully.", "x": "[ 4.25791078  5.99079008  0.53987175  1.70935373  5.33800593 -0.97443858]", "nit": "33", "callback": [0.8956335337023863, 0.7728057181264301, 0.6788896404596714, 0.6003334430348979, 0.5488181267052856, 0.516291843809635, 0.5067556742934803, 0.49247685194377966, 0.4869566590061851, 0.4864939435951634, 0.485693601367735, 0.48424351937801924, 0.48157953963990086, 0.477270472144837, 0.47450740979837047, 0.4695136177116327, 0.43127338788437675, 0.3913488381536109, 0.3562487221913324, 0.3204853763816222, 0.31179188338520936, 0.2981479949626441, 0.27829074995162406, 0.27310705735142704, 0.27113938719701924, 0.26970666128175547, 0.26809273212531803, 0.2678198717573075, 0.26777313448918405, 0.2677692195555884, 0.2677692057987706, 0.26776920400789817, 0.26776920400789817]}, "8": {"maxiter": 500, "gtol": 1e-05, "xrtol": 1e-05, "eps": 1e-05, "duration": 0.07440400123596191, "fun": "0.26776920409044636", "jac": "[-1.27658994e-06  3.64563935e-06 -2.77629031e-06 -4.76855222e-06\n -8.63542571e-07  1.31601396e-06]", "hess_inv": "[[ 4.22311739 -0.5552121  -1.29936044 -0.55006705  1.35585766  2.5627501 ]\n [-0.5552121   3.88875769  2.49405436  1.10885987 -0.99267347 -0.89581591]\n [-1.29936044  2.49405436  9.07091399 -1.60580659 -5.94790346 -2.4632406 ]\n [-0.55006705  1.10885987 -1.60580659  4.03374274  0.89720045 -0.06263062]\n [ 1.35585766 -0.99267347 -5.94790346  0.89720045  6.94447352  2.26658618]\n [ 2.5627501  -0.89581591 -2.4632406  -0.06263062  2.26658618  4.70222218]]", "nfev": "259", "njev": "37", "status": "0", "success": "True", "message": "Optimization terminated successfully.", "x": "[ 4.25790743  5.99078551  0.53986922  1.70933322  5.33799793 -0.97444201]", "nit": "32", "callback": [0.8956364638283577, 0.7727414287060881, 0.6789169045165504, 0.6004091599586308, 0.5487363543480036, 0.5162670265708268, 0.5067400262565236, 0.49247637217273676, 0.4869768783086672, 0.4865138592347211, 0.4857142953120476, 0.48426723729496357, 0.4816116668846525, 0.47732143960562534, 0.4744970269816349, 0.4693762392483084, 0.42951562518345066, 0.3930819707140839, 0.35347727010814733, 0.32045087286373475, 0.31066875521393567, 0.3001586769280342, 0.28365068988989506, 0.2739836626316613, 0.2714683976647194, 0.2701668188666304, 0.26833202236906606, 0.26779691497570846, 0.2677711915149745, 0.26776924675058766, 0.2677692142202791, 0.26776920409044636]}, "9": {"maxiter": 500, "gtol": 1e-05, "xrtol": 1e-05, "eps": 1e-10, "duration": 0.08118772506713867, "fun": "0.26776920400789817", "jac": "[ 0.00000000e+00  1.11022293e-06  0.00000000e+00 -1.11022293e-06\n  0.00000000e+00  0.00000000e+00]", "hess_inv": "[[ 4.27092001 -0.75080725 -1.19529352 -0.78572487  1.31074381  2.6714402 ]\n [-0.75080725  3.86314832  2.70517821  1.08503915 -1.16962462 -1.03348533]\n [-1.19529352  2.70517821  8.49016722 -1.129013   -5.58808536 -2.19292626]\n [-0.78572487  1.08503915 -1.129013    3.41893228  0.85280754 -0.27418086]\n [ 