{"date": "2024/09/23/, 14:03:56", "conf_id": 6, "data_type": "random\n", "num_data_points": 1, "s_rank": 0, "unitary": "[[-0.56303964-0.00798273j,-0.21670212-0.15784972j,-0.06047197-0.73952673j,-0.01438004+0.24552571j],[-0.06976756+0.23474685j,-0.01275565-0.5435098j,-0.02703657-0.08917885j,-0.08210486-0.79311774j],[-0.38559961+0.10714929j,0.5933431-0.2687392j,-0.24060861+0.29149289j,-0.45147719+0.26241743j],[-0.50180421+0.45931857j,-0.11617175+0.44134496j,0.49642745+0.22684508j,-0.08544628-0.15407063j]]", "databatch_0": {"databatch": "[[[0.11096773-0.07836851j,-0.19388433+0.09069114j,0.08827422-0.08731563j,0.1920038+0.10781195j],[0.07523734-0.21089263j,-0.17451617+0.34913665j,-0.04069336-0.16236217j,0.29306809-0.20220965j],[0.03763085+0.15366371j,-0.11536663-0.22454734j,-0.07401196-0.02583415j,0.15126961-0.08239015j],[0.23619754-0.05822173j,-0.25955159+0.15063308j,0.08449099+0.24417336j,-0.41708822+0.00241639j]]]", "initial param values": "[3.44148657,6.08405803,2.15209015,0.06946786,0.69032731,2.18412835]", "nelder_mead": {"type": "gradient-free", "0": {"maxiter": 100, "fatol": 1e-05, "xatol": 1e-05, "duration": 0.04275774955749512, "fun": "0.3077723460579981", "nit": "100", "nfev": "165", "status": "2", "success": "False", "message": "Maximum number of iterations has been exceeded.", "x": "[ 6.46121955  7.19584521 -0.74587489  0.19046318  1.23746192 -1.40743076]", "final_simplex": "(array([[ 6.46121955,  7.19584521, -0.74587489,  0.19046318,  1.23746192,\n        -1.40743076],\n       [ 6.36944247,  7.14716795, -0.68300896,  0.18838146,  1.25269069,\n        -1.45788302],\n       [ 6.41205856,  7.13133523, -0.72144432,  0.18903323,  1.26116914,\n        -1.50338807],\n       [ 6.39646849,  7.14379904, -0.67518437,  0.18654799,  1.26664754,\n        -1.52079052],\n       [ 6.43304483,  7.09124295, -0.64282908,  0.18399772,  1.25089395,\n        -1.4299369 ],\n       [ 6.34114095,  7.05500947, -0.64565865,  0.18505466,  1.27790949,\n        -1.50768305],\n       [ 6.36097058,  7.04183036, -0.60472009,  0.18176968,  1.26397003,\n        -1.43900517]]), array([0.30777235, 0.31079328, 0.31109946, 0.31223549, 0.31303079,\n       0.31375421, 0.31396326]))", "callback": [0.886758528469507, 0.7984151860541455, 0.7319311854644905, 0.544528676781868, 0.3735043261299753, 0.3243433143878116, 0.3183272530997372, 0.3150670238730753, 0.3143345630318959]}, "1": {"maxiter": 100, "fatol": 1e-05, "xatol": 1e-10, "duration": 0.042491912841796875, "fun": "0.3077723460579981", "nit": "100", "nfev": "165", "status": "2", "success": "False", "message": "Maximum number of iterations has been exceeded.", "x": "[ 6.46121955  7.19584521 -0.74587489  0.19046318  1.23746192 -1.40743076]", "final_simplex": "(array([[ 6.46121955,  7.19584521, -0.74587489,  0.19046318,  1.23746192,\n        -1.40743076],\n       [ 6.36944247,  7.14716795, -0.68300896,  0.18838146,  1.25269069,\n        -1.45788302],\n       [ 6.41205856,  7.13133523, -0.72144432,  0.18903323,  1.26116914,\n        -1.50338807],\n       [ 6.39646849,  7.14379904, -0.67518437,  0.18654799,  1.26664754,\n        -1.52079052],\n       [ 6.43304483,  7.09124295, -0.64282908,  0.18399772,  1.25089395,\n        -1.4299369 ],\n       [ 6.34114095,  7.05500947, -0.64565865,  0.18505466,  1.27790949,\n        -1.50768305],\n       [ 6.36097058,  7.04183036, -0.60472009,  0.18176968,  1.26397003,\n        -1.43900517]]), array([0.30777235, 0.31079328, 0.31109946, 0.31223549, 0.31303079,\n       0.31375421, 0.31396326]))", "callback": [0.886758528469507, 0.7984151860541455, 0.7319311854644905, 0.544528676781868, 0.3735043261299753, 0.3243433143878116, 0.3183272530997372, 0.3150670238730753, 0.3143345630318959]}, "2": {"maxiter": 100, "fatol": 1e-10, "xatol": 1e-05, "duration": 0.042406320571899414, "fun": "0.3077723460579981", "nit": "100", "nfev": "165", "status": "2", "success": "False", "message": "Maximum number of iterations has been exceeded.", "x": "[ 6.46121955  7.19584521 -0.74587489  0.19046318  1.23746192 -1.40743076]", "final_simplex": "(array([[ 6.46121955,  7.19584521, -0.74587489,  0.19046318,  1.23746192,\n        -1.40743076],\n       [ 6.36944247,  7.14716795, -0.68300896,  0.18838146,  1.25269069,\n        -1.45788302],\n       [ 6.41205856,  7.13133523, -0.72144432,  0.18903323,  1.26116914,\n        -1.50338807],\n       [ 6.39646849,  7.14379904, -0.67518437,  0.18654799,  1.26664754,\n        -1.52079052],\n       [ 6.43304483,  7.09124295, -0.64282908,  0.18399772,  1.25089395,\n        -1.4299369 ],\n       [ 6.34114095,  7.05500947, -0.64565865,  0.18505466,  1.27790949,\n        -1.50768305],\n       [ 6.36097058,  7.04183036, -0.60472009,  0.18176968,  1.26397003,\n        -1.43900517]]), array([0.30777235, 0.31079328, 0.31109946, 0.31223549, 0.31303079,\n       0.31375421, 0.31396326]))", "callback": [0.886758528469507, 0.7984151860541455, 0.7319311854644905, 0.544528676781868, 0.3735043261299753, 0.3243433143878116, 0.3183272530997372, 0.3150670238730753, 0.3143345630318959]}, "3": {"maxiter": 100, "fatol": 1e-10, "xatol": 1e-10, "duration": 0.04326987266540527, "fun": "0.3077723460579981", "nit": "100", "nfev": "165", "status": "2", "success": "False", "message": "Maximum number of iterations has been exceeded.", "x": "[ 6.46121955  7.19584521 -0.74587489  0.19046318  1.23746192 -1.40743076]", "final_simplex": "(array([[ 6.46121955,  7.19584521, -0.74587489,  0.19046318,  1.23746192,\n        -1.40743076],\n       [ 6.36944247,  7.14716795, -0.68300896,  0.18838146,  1.25269069,\n        -1.45788302],\n       [ 6.41205856,  7.13133523, -0.72144432,  0.18903323,  1.26116914,\n        -1.50338807],\n       [ 6.39646849,  7.14379904, -0.67518437,  0.18654799,  1.26664754,\n        -1.52079052],\n       [ 6.43304483,  7.09124295, -0.64282908,  0.18399772,  1.25089395,\n        -1.4299369 ],\n       [ 6.34114095,  7.05500947, -0.64565865,  0.18505466,  1.27790949,\n        -1.50768305],\n       [ 6.36097058,  7.04183036, -0.60472009,  0.18176968,  1.26397003,\n        -1.43900517]]), array([0.30777235, 0.31079328, 0.31109946, 0.31223549, 0.31303079,\n       0.31375421, 0.31396326]))", "callback": [0.886758528469507, 0.7984151860541455, 0.7319311854644905, 0.544528676781868, 0.3735043261299753, 0.3243433143878116, 0.3183272530997372, 0.3150670238730753, 0.3143345630318959]}, "4": {"maxiter": 500, "fatol": 1e-05, "xatol": 1e-05, "duration": 0.1993119716644287, "fun": "0.20440657891452074", "nit": "500", "nfev": "768", "status": "2", "success": "False", "message": "Maximum number of iterations has been exceeded.", "x": "[ 6.93807415  8.45585669 -2.05788062  0.37290527  0.73481793 -0.79263505]", "final_simplex": "(array([[ 6.93807415,  8.45585669, -2.05788062,  0.37290527,  0.73481793,\n        -0.79263505],\n       [ 6.93901819,  8.45647781, -2.05237731,  0.36696021,  0.6453306 ,\n        -0.70376326],\n       [ 6.93156716,  8.50134218, -2.09818293,  0.35425734,  0.57940207,\n        -0.69214533],\n       [ 6.93144831,  8.49945676, -2.07627289,  0.35396805,  0.63952191,\n        -0.71689466],\n       [ 6.92090718,  8.47103278, -2.08118236,  0.36198377,  0.64892816,\n        -0.71072082],\n       [ 6.94479543,  8.50797643, -2.1334161 ,  0.35622674,  0.5780364 ,\n        -0.69247273],\n       [ 6.92397953,  8.48310587, -2.08088713,  0.34217358,  0.66552846,\n        -0.77363967]]), array([0.20440658, 0.20445203, 0.20493987, 0.20504474, 0.20554683,\n       0.20584472, 0.20613862]))", "callback": [0.886758528469507, 0.7984151860541455, 0.7319311854644905, 0.544528676781868, 0.3735043261299753, 0.3243433143878116, 0.3183272530997372, 0.3150670238730753, 0.3143345630318959, 0.3077723460579981, 0.23539382942590104, 0.231846265508735, 0.2190773252072884, 0.21523413735327612, 0.2147053937572656, 0.21467896345784887, 0.21459866410452444, 0.21456941671848084, 0.21454360742146328, 0.21439132899353486, 0.21366909697994807, 0.2117146000538619, 0.21022024278426688, 0.20933907752627268, 0.20906428648481223, 0.20899741323605792, 0.20894247686346434, 0.20892016853944528, 0.20889803116338546, 0.2088926346832487, 0.2088926346832487, 0.20889179297704097, 0.20889138772690696, 0.20889109254279625, 0.20888976542699478, 0.2088872124027722, 0.2088762010606473, 0.20886630849212418, 0.2088576368203865, 0.2088334791810762, 0.20879032130923725, 0.20869287047696794, 0.20854854932781186, 0.20841806863631684, 0.20841806863631684, 0.20833075106236254, 0.20819198793639238, 0.20772953659823257, 0.206523817725083]}, "5": {"maxiter": 500, "fatol": 1e-05, "xatol": 1e-10, "duration": 0.20908284187316895, "fun": "0.20440657891452074", "nit": "500", "nfev": "768", "status": "2", "success": "False", "message": "Maximum number of iterations has been exceeded.", "x": "[ 6.93807415  8.45585669 -2.05788062  0.37290527  0.73481793 -0.79263505]", "final_simplex": "(array([[ 6.93807415,  8.45585669, -2.05788062,  0.37290527,  0.73481793,\n        -0.79263505],\n       [ 6.93901819,  8.45647781, -2.05237731,  0.36696021,  0.6453306 ,\n        -0.70376326],\n       [ 6.93156716,  8.50134218, -2.09818293,  0.35425734,  0.57940207,\n        -0.69214533],\n       [ 6.93144831,  8.49945676, -2.07627289,  0.35396805,  0.63952191,\n        -0.71689466],\n       [ 6.92090718,  8.47103278, -2.08118236,  0.36198377,  0.64892816,\n        -0.71072082],\n       [ 6.94479543,  8.50797643, -2.1334161 ,  0.35622674,  0.5780364 ,\n        -0.69247273],\n       [ 6.92397953,  8.48310587, -2.08088713,  0.34217358,  0.66552846,\n        -0.77363967]]), array([0.20440658, 0.20445203, 0.20493987, 0.20504474, 0.20554683,\n       0.20584472, 0.20613862]))", "callback": [0.886758528469507, 0.7984151860541455, 0.7319311854644905, 0.544528676781868, 0.3735043261299753, 0.3243433143878116, 0.3183272530997372, 0.3150670238730753, 0.3143345630318959, 0.3077723460579981, 0.23539382942590104, 0.231846265508735, 0.2190773252072884, 0.21523413735327612, 0.2147053937572656, 0.21467896345784887, 0.21459866410452444, 0.21456941671848084, 0.21454360742146328, 0.21439132899353486, 0.21366909697994807, 0.2117146000538619, 0.21022024278426688, 0.20933907752627268, 0.20906428648481223, 0.20899741323605792, 0.20894247686346434, 0.20892016853944528, 0.20889803116338546, 0.2088926346832487, 0.2088926346832487, 0.20889179297704097, 0.20889138772690696, 0.20889109254279625, 0.20888976542699478, 0.2088872124027722, 0.2088762010606473, 0.20886630849212418, 0.2088576368203865, 0.2088334791810762, 0.20879032130923725, 0.20869287047696794, 0.20854854932781186, 0.20841806863631684, 0.20841806863631684, 0.20833075106236254, 0.20819198793639238, 0.20772953659823257, 0.206523817725083]}, "6": {"maxiter": 500, "fatol": 1e-10, "xatol": 1e-05, "duration": 0.19660496711730957, "fun": "0.20440657891452074", "nit": "500", "nfev": "768", "status": "2", "success": "False", "message": "Maximum number of iterations has been exceeded.", "x": "[ 6.93807415  8.45585669 -2.05788062  0.37290527  0.73481793 -0.79263505]", "final_simplex": "(array([[ 6.93807415,  8.45585669, -2.05788062,  0.37290527,  0.73481793,\n        -0.79263505],\n       [ 6.93901819,  8.45647781, -2.05237731,  0.36696021,  0.6453306 ,\n        -0.70376326],\n       [ 6.93156716,  8.50134218, -2.09818293,  0.35425734,  0.57940207,\n        -0.69214533],\n       [ 6.93144831,  8.49945676, -2.07627289,  0.35396805,  0.63952191,\n        -0.71689466],\n       [ 6.92090718,  8.47103278, -2.08118236,  0.36198377,  0.64892816,\n        -0.71072082],\n       [ 6.94479543,  8.50797643, -2.1334161 ,  0.35622674,  0.5780364 ,\n        -0.69247273],\n       [ 6.92397953,  8.48310587, -2.08088713,  0.34217358,  0.66552846,\n        -0.77363967]]), array([0.20440658, 0.20445203, 0.20493987, 0.20504474, 0.20554683,\n       0.20584472, 0.20613862]))", "callback": [0.886758528469507, 0.7984151860541455, 0.7319311854644905, 0.544528676781868, 0.3735043261299753, 0.3243433143878116, 0.3183272530997372, 0.3150670238730753, 0.3143345630318959, 0.3077723460579981, 0.23539382942590104, 0.231846265508735, 0.2190773252072884, 0.21523413735327612, 0.2147053937572656, 0.21467896345784887, 0.21459866410452444, 0.21456941671848084, 0.21454360742146328, 0.21439132899353486, 0.21366909697994807, 0.2117146000538619, 0.21022024278426688, 0.20933907752627268, 0.20906428648481223, 0.20899741323605792, 0.20894247686346434, 0.20892016853944528, 0.20889803116338546, 0.2088926346832487, 0.2088926346832487, 0.20889179297704097, 0.20889138772690696, 0.20889109254279625, 0.20888976542699478, 0.2088872124027722, 0.2088762010606473, 0.20886630849212418, 0.2088576368203865, 0.2088334791810762, 0.20879032130923725, 0.20869287047696794, 0.20854854932781186, 0.20841806863631684, 0.20841806863631684, 0.20833075106236254, 0.20819198793639238, 0.20772953659823257, 0.206523817725083]}, "7": {"maxiter": 500, "fatol": 1e-10, "xatol": 1e-10, "duration": 0.1951007843017578, "fun": "0.20440657891452074", "nit": "500", "nfev": "768", "status": "2", "success": "False", "message": "Maximum number of iterations has been exceeded.", "x": "[ 6.93807415  8.45585669 -2.05788062  0.37290527  0.73481793 -0.79263505]", "final_simplex": "(array([[ 6.93807415,  8.45585669, -2.05788062,  0.37290527,  0.73481793,\n        -0.79263505],\n       [ 6.93901819,  8.45647781, -2.05237731,  0.36696021,  0.6453306 ,\n        -0.70376326],\n       [ 6.93156716,  8.50134218, -2.09818293,  0.35425734,  0.57940207,\n        -0.69214533],\n       [ 6.93144831,  8.49945676, -2.07627289,  0.35396805,  0.63952191,\n        -0.71689466],\n       [ 6.92090718,  8.47103278, -2.08118236,  0.36198377,  0.64892816,\n        -0.71072082],\n       [ 6.94479543,  8.50797643, -2.1334161 ,  0.35622674,  0.5780364 ,\n        -0.69247273],\n       [ 6.92397953,  8.48310587, -2.08088713,  0.34217358,  0.66552846,\n        -0.77363967]]), array([0.20440658, 0.20445203, 0.20493987, 0.20504474, 0.20554683,\n       0.20584472, 0.20613862]))", "callback": [0.886758528469507, 0.7984151860541455, 0.7319311854644905, 0.544528676781868, 0.3735043261299753, 0.3243433143878116, 0.3183272530997372, 0.3150670238730753, 0.3143345630318959, 0.3077723460579981, 0.23539382942590104, 0.231846265508735, 0.2190773252072884, 0.21523413735327612, 0.2147053937572656, 0.21467896345784887, 0.21459866410452444, 0.21456941671848084, 0.21454360742146328, 0.21439132899353486, 0.21366909697994807, 0.2117146000538619, 0.21022024278426688, 0.20933907752627268, 0.20906428648481223, 0.20899741323605792, 0.20894247686346434, 0.20892016853944528, 0.20889803116338546, 0.2088926346832487, 0.2088926346832487, 0.20889179297704097, 0.20889138772690696, 0.20889109254279625, 0.20888976542699478, 0.2088872124027722, 0.2088762010606473, 0.20886630849212418, 0.2088576368203865, 0.2088334791810762, 0.20879032130923725, 0.20869287047696794, 0.20854854932781186, 0.20841806863631684, 0.20841806863631684, 0.20833075106236254, 0.20819198793639238, 0.20772953659823257, 0.206523817725083]}, "8": {"maxiter": 1000, "fatol": 1e-05, "xatol": 1e-05, "duration": 0.35386204719543457, "fun": "0.16644085849658596", "nit": "773", "nfev": "1197", "status": "0", "success": "True", "message": "Optimization terminated successfully.", "x": "[ 6.90675233  7.81212632 -1.20611997  1.01171866  0.86252203 -0.87266393]", "final_simplex": "(array([[ 6.90675233,  7.81212632, -1.20611997,  1.01171866,  0.86252203,\n        -0.87266393],\n       [ 6.90675751,  7.81211977, -1.20611333,  1.01172092,  0.8625244 ,\n        -0.87266563],\n       [ 6.90675377,  7.81213144, -1.20612268,  1.01171456,  0.86252223,\n        -0.87266426],\n       [ 6.90675171,  7.81212772, -1.20611726,  1.01171716,  0.86252157,\n        -0.87266665],\n       [ 6.90675552,  7.81212807, -1.20611977,  1.01171735,  0.8625222 ,\n        -0.872668  ],\n       [ 6.90675626,  7.81213026, -1.20611823,  1.01171817,  0.86252236,\n        -0.87266502],\n       [ 6.90675536,  7.81212536, -1.20611621,  1.01171678,  0.86252093,\n        -0.87266179]]), array([0.16644086, 0.16644086, 0.16644086, 0.16644086, 0.16644086,\n       0.16644086, 0.16644086]))", "callback": [0.886758528469507, 0.7984151860541455, 0.7319311854644905, 0.544528676781868, 0.3735043261299753, 0.3243433143878116, 0.3183272530997372, 0.3150670238730753, 0.3143345630318959, 0.3077723460579981, 0.23539382942590104, 0.231846265508735, 0.2190773252072884, 0.21523413735327612, 0.2147053937572656, 0.21467896345784887, 0.21459866410452444, 0.21456941671848084, 0.21454360742146328, 0.21439132899353486, 0.21366909697994807, 0.2117146000538619, 0.21022024278426688, 0.20933907752627268, 0.20906428648481223, 0.20899741323605792, 0.20894247686346434, 0.20892016853944528, 0.20889803116338546, 0.2088926346832487, 0.2088926346832487, 0.20889179297704097, 0.20889138772690696, 0.20889109254279625, 0.20888976542699478, 0.2088872124027722, 0.2088762010606473, 0.20886630849212418, 0.2088576368203865, 0.2088334791810762, 0.20879032130923725, 0.20869287047696794, 0.20854854932781186, 0.20841806863631684, 0.20841806863631684, 0.20833075106236254, 0.20819198793639238, 0.20772953659823257, 0.206523817725083, 0.20349802958224728, 0.19901813529170398, 0.1978134510304297, 0.19234233204182005, 0.18713910555725288, 0.17736641643838147, 0.17254662238219765, 0.1705007351334945, 0.1669592216894913, 0.16694021700093264, 0.16669600068118318, 0.1666402666760578, 0.16658750592447258, 0.16652157795291156, 0.166460417803596, 0.16644965097928077, 0.16644154129626632, 0.16644148091612765, 0.16644101880295104, 0.1664408879756566, 0.1664408684100187, 0.16644086137238978, 0.16644085919430918, 0.16644085876180426, 0.1664408586144871, 0.16644085857577728, 0.1664408585129482, 0.1664408584980831]}, "9": {"maxiter": 1000, "fatol": 1e-05, "xatol": 1e-10, "duration": 0.3978550434112549, "fun": "0.1664408584864152", "nit": "911", "nfev": "1477", "status": "0", "success": "True", "message": "Optimization terminated successfully.", "x": "[ 6.90675409  7.81211788 -1.2061079   1.01172087  0.86253214 -0.87267189]", "final_simplex": "(array([[ 6.90675409,  7.81211788, -1.2061079 ,  1.01172087,  0.86253214,\n        -0.87267189],\n       [ 6.90675409,  7.81211788, -1.2061079 ,  1.01172087,  0.86253214,\n        -0.87267189],\n       [ 6.90675409,  7.81211788, -1.2061079 ,  1.01172087,  0.86253214,\n        -0.87267189],\n       [ 6.90675409,  7.81211788, -1.2061079 ,  1.01172087,  0.86253214,\n        -0.87267189],\n       [ 6.90675409,  7.81211788, -1.2061079 ,  1.01172087,  0.86253214,\n        -0.87267189],\n       [ 6.90675409,  7.81211788, -1.2061079 ,  1.01172087,  0.86253214,\n        -0.87267189],\n       [ 6.90675409,  7.81211788, -1.2061079 ,  1.01172087,  0.86253214,\n        -0.87267189]]), array([0.16644086, 0.16644086, 0.16644086, 0.16644086, 0.16644086,\n       0.16644086, 0.16644086]))", "callback": [0.886758528469507, 0.7984151860541455, 0.7319311854644905, 0.544528676781868, 0.3735043261299753, 0.3243433143878116, 0.3183272530997372, 0.3150670238730753, 0.3143345630318959, 0.3077723460579981, 0.23539382942590104, 0.231846265508735, 0.2190773252072884, 0.21523413735327612, 0.2147053937572656, 0.21467896345784887, 0.21459866410452444, 0.21456941671848084, 0.21454360742146328, 0.21439132899353486, 0.21366909697994807, 0.2117146000538619, 0.21022024278426688, 0.20933907752627268, 0.20906428648481223, 0.20899741323605792, 0.20894247686346434, 0.20892016853944528, 0.20889803116338546, 0.2088926346832487, 0.2088926346832487, 0.20889179297704097, 0.20889138772690696, 0.20889109254279625, 0.20888976542699478, 0.2088872124027722, 0.2088762010606473, 0.20886630849212418, 0.2088576368203865, 0.2088334791810762, 0.20879032130923725, 0.20869287047696794, 0.20854854932781186, 0.20841806863631684, 0.20841806863631684, 0.20833075106236254, 0.20819198793639238, 0.20772953659823257, 0.206523817725083, 0.20349802958224728, 0.19901813529170398, 0.1978134510304297, 0.19234233204182005, 0.18713910555725288, 0.17736641643838147, 0.17254662238219765, 0.1705007351334945, 0.1669592216894913, 0.16694021700093264, 0.16669600068118318, 0.1666402666760578, 0.16658750592447258, 0.16652157795291156, 0.166460417803596, 0.16644965097928077, 0.16644154129626632, 0.16644148091612765, 0.16644101880295104, 0.1664408879756566, 0.1664408684100187, 0.16644086137238978, 0.16644085919430918, 0.16644085876180426, 0.1664408586144871, 0.16644085857577728, 0.1664408585129482, 0.1664408584980831, 0.16644085849410417, 0.16644085848819223, 0.16644085848701695, 0.16644085848663925, 0.16644085848650747, 0.1664408584864463, 0.16644085848642431, 0.166440858486417, 0.16644085848641632, 0.16644085848641565, 0.16644085848641543, 0.1664408584864152, 0.1664408584864152, 0.1664408584864152]}, "10": {"maxiter": 1000, "fatol": 1e-10, "xatol": 1e-05, "duration": 0.3172750473022461, "fun": "0.16644085849658596", "nit": "773", "nfev": "1197", "status": "0", "success": "True", "message": "Optimization terminated successfully.", "x": "[ 6.90675233  7.81212632 -1.20611997  1.01171866  0.86252203 -0.87266393]", "final_simplex": "(array([[ 6.90675233,  7.81212632, -1.20611997,  1.01171866,  0.86252203,\n        -0.87266393],\n       [ 6.90675751,  7.81211977, -1.20611333,  1.01172092,  0.8625244 ,\n        -0.87266563],\n       [ 6.90675377,  7.81213144, -1.20612268,  1.01171456,  0.86252223,\n        -0.87266426],\n       [ 6.90675171,  7.81212772, -1.20611726,  1.01171716,  0.86252157,\n        -0.87266665],\n       [ 6.90675552,  7.81212807, -1.20611977,  1.01171735,  0.8625222 ,\n        -0.872668  ],\n       [ 6.90675626,  7.81213026, -1.20611823,  1.01171817,  0.86252236,\n        -0.87266502],\n       [ 6.90675536,  7.81212536, -1.20611621,  1.01171678,  0.86252093,\n        -0.87266179]]), array([0.16644086, 0.16644086, 0.16644086, 0.16644086, 0.16644086,\n       0.16644086, 0.16644086]))", "callback": [0.886758528469507, 0.7984151860541455, 0.7319311854644905, 0.544528676781868, 0.3735043261299753, 0.3243433143878116, 0.3183272530997372, 0.3150670238730753, 0.3143345630318959, 0.3077723460579981, 0.23539382942590104, 0.231846265508735, 0.2190773252072884, 0.21523413735327612, 0.2147053937572656, 0.21467896345784887, 0.21459866410452444, 0.21456941671848084, 0.21454360742146328, 0.21439132899353486, 0.21366909697994807, 0.2117146000538619, 0.21022024278426688, 0.20933907752627268, 0.20906428648481223, 0.20899741323605792, 0.20894247686346434, 0.20892016853944528, 0.20889803116338546, 0.2088926346832487, 0.2088926346832487, 0.20889179297704097, 0.20889138772690696, 0.20889109254279625, 0.20888976542699478, 0.2088872124027722, 0.2088762010606473, 0.20886630849212418, 0.2088576368203865, 0.2088334791810762, 0.20879032130923725, 0.20869287047696794, 0.20854854932781186, 0.20841806863631684, 0.20841806863631684, 0.20833075106236254, 0.20819198793639238, 0.20772953659823257, 0.206523817725083, 0.20349802958224728, 0.19901813529170398, 0.1978134510304297, 0.19234233204182005, 0.18713910555725288, 0.17736641643838147, 0.17254662238219765, 0.1705007351334945, 0.1669592216894913, 0.16694021700093264, 0.16669600068118318, 0.1666402666760578, 0.16658750592447258, 0.16652157795291156, 0.166460417803596, 0.16644965097928077, 0.16644154129626632, 0.16644148091612765, 0.16644101880295104, 0.1664408879756566, 0.1664408684100187, 0.16644086137238978, 0.16644085919430918, 0.16644085876180426, 0.1664408586144871, 0.16644085857577728, 0.1664408585129482, 0.1664408584980831]}, "11": {"maxiter": 1000, "fatol": 1e-10, "xatol": 1e-10, "duration": 0.3647890090942383, "fun": "0.1664408584864152", "nit": "911", "nfev": "1477", "status": "0", "success": "True", "message": "Optimization terminated successfully.", "x": "[ 6.90675409  7.81211788 -1.2061079   1.01172087  0.86253214 -0.87267189]", "final_simplex": "(array([[ 6.90675409,  7.81211788, -1.2061079 ,  1.01172087,  0.86253214,\n        -0.87267189],\n       [ 6.90675409,  7.81211788, -1.2061079 ,  1.01172087,  0.86253214,\n        -0.87267189],\n       [ 6.90675409,  7.81211788, -1.2061079 ,  1.01172087,  0.86253214,\n        -0.87267189],\n       [ 6.90675409,  7.81211788, -1.2061079 ,  1.01172087,  0.86253214,\n        -0.87267189],\n       [ 6.90675409,  7.81211788, -1.2061079 ,  1.01172087,  0.86253214,\n        -0.87267189],\n       [ 6.90675409,  7.81211788, -1.2061079 ,  1.01172087,  0.86253214,\n        -0.87267189],\n       [ 6.90675409,  7.81211788, -1.2061079 ,  1.01172087,  0.86253214,\n        -0.87267189]]), array([0.16644086, 0.16644086, 0.16644086, 0.16644086, 0.16644086,\n       0.16644086, 0.16644086]))", "callback": [0.886758528469507, 0.7984151860541455, 0.7319311854644905, 0.544528676781868, 0.3735043261299753, 0.3243433143878116, 0.3183272530997372, 0.3150670238730753, 0.3143345630318959, 0.3077723460579981, 0.23539382942590104, 0.231846265508735, 0.2190773252072884, 0.21523413735327612, 0.2147053937572656, 0.21467896345784887, 0.21459866410452444, 0.21456941671848084, 0.21454360742146328, 0.21439132899353486, 0.21366909697994807, 0.2117146000538619, 0.21022024278426688, 0.20933907752627268, 0.20906428648481223, 0.20899741323605792, 0.20894247686346434, 0.20892016853944528, 0.20889803116338546, 0.2088926346832487, 0.2088926346832487, 0.20889179297704097, 0.20889138772690696, 0.20889109254279625, 0.20888976542699478, 0.2088872124027722, 0.2088762010606473, 0.20886630849212418, 0.2088576368203865, 0.2088334791810762, 0.20879032130923725, 0.20869287047696794, 0.20854854932781186, 0.20841806863631684, 0.20841806863631684, 0.20833075106236254, 0.20819198793639238, 0.20772953659823257, 0.206523817725083, 0.20349802958224728, 0.19901813529170398, 0.1978134510304297, 0.19234233204182005, 0.18713910555725288, 0.17736641643838147, 0.17254662238219765, 0.1705007351334945, 0.1669592216894913, 0.16694021700093264, 0.16669600068118318, 0.1666402666760578, 0.16658750592447258, 0.16652157795291156, 0.166460417803596, 0.16644965097928077, 0.16644154129626632, 0.16644148091612765, 0.16644101880295104, 0.1664408879756566, 0.1664408684100187, 0.16644086137238978, 0.16644085919430918, 0.16644085876180426, 0.1664408586144871, 0.16644085857577728, 0.1664408585129482, 0.1664408584980831, 0.16644085849410417, 0.16644085848819223, 0.16644085848701695, 0.16644085848663925, 0.16644085848650747, 0.1664408584864463, 0.16644085848642431, 0.166440858486417, 0.16644085848641632, 0.16644085848641565, 0.16644085848641543, 0.1664408584864152, 0.1664408584864152, 0.1664408584864152]}}, "bfgs": {"type": "gradient", "0": {"maxiter": 100, "gtol": 1e-05, "xrtol": 1e-05, "eps": 1e-05, "duration": 0.08279299736022949, "fun": "0.1664408588677554", "jac": "[ 8.15225665e-07 -4.38452608e-06  3.09157144e-06  2.48056020e-06\n -1.30654376e-06 -2.23833174e-06]", "hess_inv": "[[  2.85278487  -1.92717579   2.11293123  -0.9799883    1.48563925\n   -0.94440668]\n [ -1.92717579  17.77084    -17.8840916    6.51864472  -5.67563202\n    4.39363694]\n [  2.11293123 -17.8840916   21.11667768  -7.70214791   6.64143135\n   -4.55437577]\n [ -0.9799883    6.51864472  -7.70214791   5.92049836  -1.72131634\n    0.63413872]\n [  1.48563925  -5.67563202   6.64143135  -1.72131634   6.25649661\n   -4.75659204]\n [ -0.94440668   4.39363694  -4.55437577   0.63413872  -4.75659204\n    5.94198345]]", "nfev": "371", "njev": "53", "status": "0", "success": "True", "message": "Optimization terminated successfully.", "x": "[ 6.90676233  7.81201753 -1.20600794 -1.0117546  -2.27903346  2.26888528]", "nit": "37", "callback": [0.2523708835300006, 0.2502543578290427, 0.1739185984573488]}, "1": {"maxiter": 100, "gtol": 1e-05, "xrtol": 1e-05, "eps": 1e-10, "duration": 0.08384823799133301, "fun": "0.16644085853563684", "jac": "[ 1.11022293e-06 -1.11022293e-06 -1.11022293e-06 -2.22044587e-06\n  1.11022293e-06  3.33066880e-06]", "hess_inv": "[[  2.7506237   -1.58159536   1.84840635  -0.73607164   1.11403961\n   -1.01485491]\n [ -1.58159536  14.39087981 -14.48614564   5.859341    -4.26159022\n    3.14929578]\n [  1.84840635 -14.48614564  17.46042943  -6.79630646   5.17839852\n   -3.5890785 ]\n [ -0.73607164   5.859341    -6.79630646   5.60653445  -0.99919809\n    0.42342711]\n [  1.11403961  -4.26159022   5.17839852  -0.99919809   5.64041293\n   -4.33752992]\n [ -1.01485491   3.14929578  -3.5890785    0.42342711  -4.33752992\n    5.91492732]]", "nfev": "378", "njev": "54", "status": "0", "success": "True", "message": "Optimization terminated successfully.", "x": "[ 6.90675465  7.8120904  -1.20607565 -1.01174157 -2.27905169  2.26892166]", "nit": "38", "callback": [0.25236919140277525, 0.25049904058694905, 0.1764538272889602]}, "2": {"maxiter": 100, "gtol": 1e-05, "xrtol": 1e-10, "eps": 1e-05, "duration": 0.08100605010986328, "fun": "0.1664408588677554", "jac": "[ 8.15225665e-07 -4.38452608e-06  3.09157144e-06  2.48056020e-06\n -1.30654376e-06 -2.23833174e-06]", "hess_inv": "[[  2.85278487  -1.92717579   2.11293123  -0.9799883    1.48563925\n   -0.94440668]\n [ -1.92717579  17.77084    -17.8840916    6.51864472  -5.67563202\n    4.39363694]\n [  2.11293123 -17.8840916   21.11667768  -7.70214791   6.64143135\n   -4.55437577]\n [ -0.9799883    6.51864472  -7.70214791   5.92049836  -1.72131634\n    0.63413872]\n [  1.48563925  -5.67563202   6.64143135  -1.72131634   6.25649661\n   -4.75659204]\n [ -0.94440668   4.39363694  -4.55437577   0.63413872  -4.75659204\n    5.94198345]]", "nfev": "371", "njev": "53", "status": "0", "success": "True", "message": "Optimization terminated successfully.", "x": "[ 6.90676233  7.81201753 -1.20600794 -1.0117546  -2.27903346  2.26888528]", "nit": "37", "callback": [0.2523708835300006, 0.2502543578290427, 0.1739185984573488]}, "3": {"maxiter": 100, "gtol": 1e-05, "xrtol": 1e-10, "eps": 1e-10, "duration": 0.0835118293762207, "fun": "0.16644085853563684", "jac": "[ 1.11022293e-06 -1.11022293e-06 -1.11022293e-06 -2.22044587e-06\n  1.11022293e-06  3.33066880e-06]", "hess_inv": "[[  2.7506237   -1.58159536   1.84840635  -0.73607164   1.11403961\n   -1.01485491]\n [ -1.58159536  14.39087981 -14.48614564   5.859341    -4.26159022\n    3.14929578]\n [  1.84840635 -14.48614564  17.46042943  -6.79630646   5.17839852\n   -3.5890785 ]\n [ -0.73607164   5.859341    -6.79630646   5.60653445  -0.99919809\n    0.42342711]\n [  1.11403961  -4.26159022   5.17839852  -0.99919809   5.64041293\n   -4.33752992]\n [ -1.01485491   3.14929578  -3.5890785    0.42342711  -4.33752992\n    5.91492732]]", "nfev": "378", "njev": "54", "status": "0", "success": "True", "message": "Optimization terminated successfully.", "x": "[ 6.90675465  7.8120904  -1.20607565 -1.01174157 -2.27905169  2.26892166]", "nit": "38", "callback": [0.25236919140277525, 0.25049904058694905, 0.1764538272889602]}, "4": {"maxiter": 100, "gtol": 1e-10, "xrtol": 1e-05, "eps": 1e-05, "duration": 0.08586907386779785, "fun": "0.16644085851107648", "jac": "[ 1.21225252e-07  1.17805765e-07  1.09945386e-07 -2.29816166e-08\n -4.69391193e-07 -4.58111327e-07]", "hess_inv": "[[  2.94053618  -1.68866222   1.86773181  -0.90732673   1.32540774\n   -0.89734179]\n [ -1.68866222  14.29656995 -14.27099372   5.48668627  -4.21665023\n    3.6176508 ]\n [  1.86773181 -14.27099372  17.36011881  -6.62976935   5.12152243\n   -3.75327011]\n [ -0.90732673   5.48668627  -6.62976935   5.61490386  -1.28798367\n    0.40945591]\n [  1.32540774  -4.21665023   5.12152243  -1.28798367   5.67963167\n   -4.42039905]\n [ -0.89734179   3.6176508   -3.75327011   0.40945591  -4.42039905\n    5.80812569]]", "nfev": "385", "njev": "55", "status": "0", "success": "True", "message": "Optimization terminated successfully.", "x": "[ 6.90674873  7.81211469 -1.20611097 -1.011724   -2.27906814  2.26891969]", "nit": "39", "callback": [0.2523708835300006, 0.2502543578290427, 0.1739185984573488]}, "5": {"maxiter": 100, "gtol": 1e-10, "xrtol": 1e-05, "eps": 1e-10, "duration": 0.08433413505554199, "fun": "0.16644085853563684", "jac": "[ 1.11022293e-06 -1.11022293e-06 -1.11022293e-06 -2.22044587e-06\n  1.11022293e-06  3.33066880e-06]", "hess_inv": "[[  2.7506237   -1.58159536   1.84840635  -0.73607164   1.11403961\n   -1.01485491]\n [ -1.58159536  14.39087981 -14.48614564   5.859341    -4.26159022\n    3.14929578]\n [  1.84840635 -14.48614564  17.46042943  -6.79630646   5.17839852\n   -3.5890785 ]\n [ -0.73607164   5.859341    -6.79630646   5.60653445  -0.99919809\n    0.42342711]\n [  1.11403961  -4.26159022   5.17839852  -0.99919809   5.64041293\n   -4.33752992]\n [ -1.01485491   3.14929578  -3.5890785    0.42342711  -4.33752992\n    5.91492732]]", "nfev": "378", "njev": "54", "status": "0", "success": "True", "message": "Optimization terminated successfully.", "x": "[ 6.90675465  7.8120904  -1.20607565 -1.01174157 -2.27905169  2.26892166]", "nit": "38", "callback": [0.25236919140277525, 0.25049904058694905, 0.1764538272889602]}, "6": {"maxiter": 100, "gtol": 1e-10, "xrtol": 1e-10, "eps": 1e-05, "duration": 0.09074902534484863, "fun": "0.16644085850865964", "jac": "[-2.22044605e-11 -2.22044605e-11  0.00000000e+00 -1.11022302e-11\n  0.00000000e+00 -2.22044605e-11]", "hess_inv": "[[  2.98550446  -1.7233515    1.93164631  -0.97527608   1.3228183\n   -1.01839521]\n [ -1.7233515   14.11102482 -14.08956857   5.51827908  -4.18554538\n    3.50622795]\n [  1.93164631 -14.08956857  17.19587275  -6.69892779   5.09574924\n   -3.65817431]\n [ -0.97527608   5.51827908  -6.69892779   5.74971864  -1.36400506\n    0.35653685]\n [  1.3228183   -4.18554538   5.09574924  -1.36400506   5.78706146\n   -4.17859342]\n [ -1.01839521   3.50622795  -3.65817431   0.35653685  -4.17859342\n    6.18077255]]", "nfev": "406", "njev": "58", "status": "0", "success": "True", "message": "Optimization terminated successfully.", "x": "[ 6.90674849  7.81211454 -1.20611086 -1.01172414 -2.2790676   2.26892068]", "nit": "42", "callback": [0.2523708835300006, 0.2502543578290427, 0.1739185984573488, 0.1664408585086814]}, "7": {"maxiter": 100, "gtol": 1e-10, "xrtol": 1e-10, "eps": 1e-10, "duration": 0.13635993003845215, "fun": "0.16644085850972545", "jac": "[ 2.22044587e-06  2.22044587e-06  4.44089173e-06  2.22044587e-06\n  1.11022293e-06 -1.11022293e-06]", "hess_inv": "[[  2.90607516  -6.11049568   6.78939331  -4.69754415   1.15652678\n    2.13843392]\n [ -6.11049568  31.16490484 -33.3948588   19.99967805  -0.22213506\n  -15.51916022]\n [  6.78939331 -33.3948588   38.5629503  -23.30208849   0.22531252\n   18.16304418]\n [ -4.69754415  19.99967805 -23.30208849  15.36412492   0.09896664\n  -10.63970694]\n [  1.15652678  -0.22213506   0.22531252   0.09896664   2.53665591\n   -0.91779311]\n [  2.13843392 -15.51916022  18.16304418 -10.63970694  -0.91779311\n   10.73339192]]", "nfev": "616", "njev": "88", "status": "0", "success": "True", "message": "Optimization terminated successfully.", "x": "[ 6.90675416  7.81210448 -1.20609017 -1.01172644 -2.27904871  2.26890603]", "nit": "41", "callback": [0.25236919140277525, 0.25049904058694905, 0.1764538272889602, 0.16644085850972545]}, "8": {"maxiter": 500, "gtol": 1e-05, "xrtol": 1e-05, "eps": 1e-05, "duration": 0.08232808113098145, "fun": "0.1664408588677554", "jac": "[ 8.15225665e-07 -4.38452608e-06  3.09157144e-06  2.48056020e-06\n -1.30654376e-06 -2.23833174e-06]", "hess_inv": "[[  2.85278487  -1.92717579   2.11293123  -0.9799883    1.48563925\n   -0.94440668]\n [ -1.92717579  17.77084    -17.8840916    6.51864472  -5.67563202\n    4.39363694]\n [  2.11293123 -17.8840916   21.11667768  -7.70214791   6.64143135\n   -4.55437577]\n [ -0.9799883    6.51864472  -7.70214791   5.92049836  -1.72131634\n    0.63413872]\n [  1.48563925  -5.67563202   6.64143135  -1.72131634   6.25649661\n   -4.75659204]\n [ -0.94440668   4.39363694  -4.55437577   0.63413872  -4.75659204\n    5.94198345]]", "nfev": "371", "njev": "53", "status": "0", "success": "True", "message": "Optimization terminated successfully.", "x": "[ 6.90676233  7.81201753 -1.20600794 -1.0117546  -2.27903346  2.26888528]", "nit": "37", "callback": [0.2523708835300006, 0.2502543578290427, 0.1739185984573488]}, "9": {"maxiter": 500, "gtol": 1e-05, "xrtol": 1e-05, "eps": 1e-10, "duration": 0.08208584785461426, "fun": "0.16644085853563684", "jac": "[ 1.11022293e-06 -1.11022293e-06 -1.11022293e-06 -2.22044587e-06\n  1.11022293e-06  3.33066880e-06]", "hess_inv": "[[  2.7506237   -1.58159536   1.84840635  -0.73607164   1.11403961\n   -1.01485491]\n [ -1.58159536  14.39087981 -14.48614564   5.859341    -4.26159022\n    3.14929578]\n [  1.84840635 -14.48614564  17.46042943  -6.79630646   5.17839852\n   -3.5890785 ]\n [ -0.73607164   5.859341    -6.79630646   5.60653445  -0.99919809\n    0.42342711]\n [  1.11403961  -4.26159022   5.17839852  -0.99919809   5.64041293\n   -4.33752992]\n [ -1.01485491   3.14929578  -3.5890785    0.42342711  -4.33752992\n    5.91492732]]", "nfev": "378", "njev": "54", "status": "0", "success": "True", "message": "Optimization terminated successfully.", "x": "[ 6.90675465  7.8120904  -1.20607565 -1.01174157 -2.27905169  2.26892166]", "nit": "38", "callback": [0.25236919140277525, 0.25049904058694905, 0.1764538272889602]}, "10": {"maxiter": 500, "gtol": 1e-05, "xrtol": 1e-10, "eps": 1e-05, "duration": 0.0815889835357666, "fun": "0.1664408588677554", "jac": "[ 8.15225665e-07 -4.38452608e-06  3.09157144e-06  2.48056020e-06\n -1.30654376e-06 -2.23833174e-06]", "hess_inv": "[[  2.85278487  -1.92717579   2.11293123  -0.9799883    1.48563925\n   -0.94440668]\n [ -1.92717579  17.77084    -17.8840916    6.51864472  -5.67563202\n    4.39363694]\n [  2.11293123 -17.8840916   21.11667768  -7.70214791   6.64143135\n   -4.55437577]\n [ -0.9799883    6.51864472  -7.70214791   5.92049836  -1.72131634\n    0.63413872]\n [  1.48563925  -5.67563202   6.64143135  -1.72131634   6.25649661\n   -4.75659204]\n [ -0.94440668   4.39363694  -4.55437577   0.63413872  -4.75659204\n    5.94198345]]", "nfev": "371", "njev": "53", "status": "0", "success": "True", "message": "Optimization terminated successfully.", "x": "[ 6.90676233  7.81201753 -1.20600794 -1.0117546  -2.27903346  2.26888528]", "nit": "37", "callback": [0.2523708835300006, 0.2502543578290427, 0.1739185984573488]}, "11": {"maxiter": 500, "gtol": 1e-05, "xrtol": 1e-10, "eps": 1e-10, "duration": 0.08520317077636719, "fun": "0.16644085853563684", "jac": "[ 1.11022293e-06 -1.11022293e-06 -1.11022293e-06 -2.22044587e-06\n  1.11022293e-06  3.33066880e-06]", "hess_inv": "[[  2.7506237   -1.58159536   1.84840635  -0.73607164   1.11403961\n   -1.01485491]\n [ -1.58159536  14.39087981 -14.48614564   5.859341    -4.26159022\n    3.14929578]\n [  1.84840635 -14.48614564  17.46042943  -6.79630646   5.17839852\n   -3.5890785 ]\n [ -0.73607164   5.859341    -6.79630646   5.60653445  -0.99919809\n    0.42342711]\n [  1.11403961  -4.26159022   5.17839852  -0.99919809   5.64041293\n   -4.33752992]\n [ -1.01485491   3.14929578  -3.5890785    0.42342711  -4.33752992\n    5.91492732]]", "nfev": "378", "njev": "54", "status": "0", "success": "True", "message": "Optimization terminated successfully.", "x": "[ 6.90675465  7.8120904  -1.20607565 -1.01174157 -2.27905169  2.26892166]", "nit": "38", "callback": [0.25236919140277525, 0.25049904058694905, 0.1764538272889602]}, "12": {"maxiter": 500, "gtol": 1e-10, "xrtol": 1e-05, "eps": 1e-05, "duration": 0.08581805229187012, "fun": "0.16644085851107648", "jac": "[ 1.21225252e-07  1.17805765e-07  1.09945386e-07 -2.29816166e-08\n -4.69391193e-07 -4.58111327e-07]", "hess_inv": "[[  2.94053618  -1.68866222   1.86773181  -0.90732673   1.32540774\n   -0.89734179]\n [ -1.68866222  14.29656995 -14.27099372   5.48668627  -4.21665023\n    3.6176508 ]\n [  1.86773181 -14.27099372  17.36011881  -6.62976935   5.12152243\n   -3.75327011]\n [ -0.90732673   5.48668627  -6.62976935   5.61490386  -1.28798367\n    0.40945591]\n [  1.32540774  -4.21665023   5.12152243  -1.28798367   5.67963167\n   -4.42039905]\n [ -0.89734179   3.6176508   -3.75327011   0.40945591  -4.42039905\n    5.80812569]]", "nfev": "385", "njev": "55", "status": "0", "success": "True", "message": "Optimization terminated successfully.", "x": "[ 6.90674873  7.81211469 -1.20611097 -1.011724   -2.27906814  2.26891969]", "nit"