{"date": "2024/09/24/, 17:26:26", "conf_id": 7, "data_type": "random\n", "num_data_points": 1, "s_rank": 0, "unitary": "[[0.18663085-0.53122324j,-0.11886349-0.70040876j,0.28555095-0.02789305j,-0.12262021-0.2844587j],[-0.16702216+0.27758472j,0.27526351-0.29738586j,-0.01109314+0.22495461j,-0.77239203+0.28900673j],[0.61935415+0.12301792j,-0.31269928-0.03315917j,-0.61902762-0.19039079j,-0.27120731-0.0968989j],[0.42341754+0.0023929j,-0.05847358+0.47832119j,0.64900495-0.16218422j,-0.37182676-0.05229966j]]", "databatch_0": {"databatch": "[[[0.15886146+0.0610829j,0.07932448+0.02639176j,0.07338829+0.00374489j,-0.07714906-0.02806378j],[0.48686462+0.0135062j,0.14521341+0.04967288j,0.0622276+0.10469281j,-0.21623799-0.10218724j],[0.38315917-0.12754217j,0.16841432-0.08746805j,0.0978711-0.12289051j,-0.16188911+0.06284061j],[-0.20485272+0.24791507j,0.10587479+0.22720328j,0.39303651+0.18255967j,-0.0976712-0.03953698j]]]", "initial param values": "[1.06947834,3.38248823,0.56743331,4.75312033,3.42471415,1.39079037]", "nelder_mead": {"type": "gradient-free", "0": {"maxiter": 100, "fatol": 1e-05, "xatol": 1e-05, "duration": 0.028803110122680664, "fun": "0.29272709554024967", "nit": "100", "nfev": "157", "status": "2", "success": "False", "message": "Maximum number of iterations has been exceeded.", "x": "[2.45225349 2.46455204 0.13689602 6.65977817 3.20982506 1.1333864 ]", "final_simplex": "(array([[2.45225349, 2.46455204, 0.13689602, 6.65977817, 3.20982506,\n        1.1333864 ],\n       [2.51929472, 2.44412615, 0.12430362, 6.58597494, 3.31811404,\n        1.10112431],\n       [2.45272814, 2.45635318, 0.1373379 , 6.57508485, 3.27907534,\n        1.12855626],\n       [2.48665005, 2.42087218, 0.13621069, 6.57435276, 3.24108244,\n        1.11825075],\n       [2.51256807, 2.5126058 , 0.09900118, 6.63341711, 3.23115468,\n        1.13504417],\n       [2.40016945, 2.48216765, 0.13464267, 6.64503858, 3.16309674,\n        1.20016666],\n       [2.41936184, 2.55370965, 0.13606108, 6.62320684, 3.16560727,\n        1.14268827]]), array([0.2927271 , 0.29292596, 0.29294933, 0.29310344, 0.29328095,\n       0.2937588 , 0.29398383]))", "callback": [0.9848940797369592, 0.6503333191041007, 0.6373667338820344, 0.5649864092121902, 0.44914577214899987, 0.3543059773765933, 0.3247144165330773, 0.3143708669508527, 0.3065616573453065, 0.2937588003973822]}, "1": {"maxiter": 100, "fatol": 1e-05, "xatol": 1e-10, "duration": 0.028741121292114258, "fun": "0.29272709554024967", "nit": "100", "nfev": "157", "status": "2", "success": "False", "message": "Maximum number of iterations has been exceeded.", "x": "[2.45225349 2.46455204 0.13689602 6.65977817 3.20982506 1.1333864 ]", "final_simplex": "(array([[2.45225349, 2.46455204, 0.13689602, 6.65977817, 3.20982506,\n        1.1333864 ],\n       [2.51929472, 2.44412615, 0.12430362, 6.58597494, 3.31811404,\n        1.10112431],\n       [2.45272814, 2.45635318, 0.1373379 , 6.57508485, 3.27907534,\n        1.12855626],\n       [2.48665005, 2.42087218, 0.13621069, 6.57435276, 3.24108244,\n        1.11825075],\n       [2.51256807, 2.5126058 , 0.09900118, 6.63341711, 3.23115468,\n        1.13504417],\n       [2.40016945, 2.48216765, 0.13464267, 6.64503858, 3.16309674,\n        1.20016666],\n       [2.41936184, 2.55370965, 0.13606108, 6.62320684, 3.16560727,\n        1.14268827]]), array([0.2927271 , 0.29292596, 0.29294933, 0.29310344, 0.29328095,\n       0.2937588 , 0.29398383]))", "callback": [0.9848940797369592, 0.6503333191041007, 0.6373667338820344, 0.5649864092121902, 0.44914577214899987, 0.3543059773765933, 0.3247144165330773, 0.3143708669508527, 0.3065616573453065, 0.2937588003973822]}, "2": {"maxiter": 100, "fatol": 1e-10, "xatol": 1e-05, "duration": 0.02851104736328125, "fun": "0.29272709554024967", "nit": "100", "nfev": "157", "status": "2", "success": "False", "message": "Maximum number of iterations has been exceeded.", "x": "[2.45225349 2.46455204 0.13689602 6.65977817 3.20982506 1.1333864 ]", "final_simplex": "(array([[2.45225349, 2.46455204, 0.13689602, 6.65977817, 3.20982506,\n        1.1333864 ],\n       [2.51929472, 2.44412615, 0.12430362, 6.58597494, 3.31811404,\n        1.10112431],\n       [2.45272814, 2.45635318, 0.1373379 , 6.57508485, 3.27907534,\n        1.12855626],\n       [2.48665005, 2.42087218, 0.13621069, 6.57435276, 3.24108244,\n        1.11825075],\n       [2.51256807, 2.5126058 , 0.09900118, 6.63341711, 3.23115468,\n        1.13504417],\n       [2.40016945, 2.48216765, 0.13464267, 6.64503858, 3.16309674,\n        1.20016666],\n       [2.41936184, 2.55370965, 0.13606108, 6.62320684, 3.16560727,\n        1.14268827]]), array([0.2927271 , 0.29292596, 0.29294933, 0.29310344, 0.29328095,\n       0.2937588 , 0.29398383]))", "callback": [0.9848940797369592, 0.6503333191041007, 0.6373667338820344, 0.5649864092121902, 0.44914577214899987, 0.3543059773765933, 0.3247144165330773, 0.3143708669508527, 0.3065616573453065, 0.2937588003973822]}, "3": {"maxiter": 100, "fatol": 1e-10, "xatol": 1e-10, "duration": 0.02775883674621582, "fun": "0.29272709554024967", "nit": "100", "nfev": "157", "status": "2", "success": "False", "message": "Maximum number of iterations has been exceeded.", "x": "[2.45225349 2.46455204 0.13689602 6.65977817 3.20982506 1.1333864 ]", "final_simplex": "(array([[2.45225349, 2.46455204, 0.13689602, 6.65977817, 3.20982506,\n        1.1333864 ],\n       [2.51929472, 2.44412615, 0.12430362, 6.58597494, 3.31811404,\n        1.10112431],\n       [2.45272814, 2.45635318, 0.1373379 , 6.57508485, 3.27907534,\n        1.12855626],\n       [2.48665005, 2.42087218, 0.13621069, 6.57435276, 3.24108244,\n        1.11825075],\n       [2.51256807, 2.5126058 , 0.09900118, 6.63341711, 3.23115468,\n        1.13504417],\n       [2.40016945, 2.48216765, 0.13464267, 6.64503858, 3.16309674,\n        1.20016666],\n       [2.41936184, 2.55370965, 0.13606108, 6.62320684, 3.16560727,\n        1.14268827]]), array([0.2927271 , 0.29292596, 0.29294933, 0.29310344, 0.29328095,\n       0.2937588 , 0.29398383]))", "callback": [0.9848940797369592, 0.6503333191041007, 0.6373667338820344, 0.5649864092121902, 0.44914577214899987, 0.3543059773765933, 0.3247144165330773, 0.3143708669508527, 0.3065616573453065, 0.2937588003973822]}, "4": {"maxiter": 500, "fatol": 1e-05, "xatol": 1e-05, "duration": 0.13623499870300293, "fun": "0.11026118902533599", "nit": "500", "nfev": "772", "status": "2", "success": "False", "message": "Maximum number of iterations has been exceeded.", "x": "[0.95917068 1.5474185  2.62081792 9.14240143 5.61129277 1.10415895]", "final_simplex": "(array([[0.95917068, 1.5474185 , 2.62081792, 9.14240143, 5.61129277,\n        1.10415895],\n       [0.97295371, 1.53237782, 2.62611429, 9.13766364, 5.59351715,\n        1.075511  ],\n       [0.96616851, 1.53814818, 2.62039995, 9.15200573, 5.62643888,\n        1.1083313 ],\n       [0.95862522, 1.54420039, 2.61784414, 9.13665976, 5.59076008,\n        1.09534567],\n       [0.96229806, 1.56912336, 2.59878864, 9.12780456, 5.54005032,\n        1.03296532],\n       [0.957228  , 1.5485813 , 2.61922685, 9.13770864, 5.55335184,\n        1.04780299],\n       [0.9761949 , 1.56542302, 2.60597486, 9.12753724, 5.53683464,\n        1.02705637]]), array([0.11026119, 0.11031871, 0.11033913, 0.11035341, 0.1103698 ,\n       0.11038264, 0.11040793]))", "callback": [0.9848940797369592, 0.6503333191041007, 0.6373667338820344, 0.5649864092121902, 0.44914577214899987, 0.3543059773765933, 0.3247144165330773, 0.3143708669508527, 0.3065616573453065, 0.2937588003973822, 0.29265053060590884, 0.29233806716312083, 0.2922170064970855, 0.2920959294092371, 0.291705613298781, 0.2855375755751418, 0.27938719145008684, 0.27320407698102134, 0.2621306702724344, 0.24783631975449216, 0.2048888491266363, 0.19395144009085097, 0.19182223643804064, 0.18886933655403082, 0.18836335243195235, 0.18835091073184085, 0.18824893266752163, 0.1881691051703387, 0.18816089155373406, 0.1880945749626033, 0.18785821814057657, 0.18687264704840412, 0.18490804038800235, 0.1817405882814742, 0.17358032268739265, 0.16008950495669372, 0.1431273248362097, 0.12493937575977643, 0.11896453601160317, 0.11436837202742867, 0.1125746944672098, 0.11118931842795288, 0.11096614485517464, 0.11077450816801782, 0.11075549516645622, 0.11073321964469418, 0.11071256349259562, 0.11068398526152246, 0.1106248788652553, 0.11040792984300107]}, "5": {"maxiter": 500, "fatol": 1e-05, "xatol": 1e-10, "duration": 0.13668489456176758, "fun": "0.11026118902533599", "nit": "500", "nfev": "772", "status": "2", "success": "False", "message": "Maximum number of iterations has been exceeded.", "x": "[0.95917068 1.5474185  2.62081792 9.14240143 5.61129277 1.10415895]", "final_simplex": "(array([[0.95917068, 1.5474185 , 2.62081792, 9.14240143, 5.61129277,\n        1.10415895],\n       [0.97295371, 1.53237782, 2.62611429, 9.13766364, 5.59351715,\n        1.075511  ],\n       [0.96616851, 1.53814818, 2.62039995, 9.15200573, 5.62643888,\n        1.1083313 ],\n       [0.95862522, 1.54420039, 2.61784414, 9.13665976, 5.59076008,\n        1.09534567],\n       [0.96229806, 1.56912336, 2.59878864, 9.12780456, 5.54005032,\n        1.03296532],\n       [0.957228  , 1.5485813 , 2.61922685, 9.13770864, 5.55335184,\n        1.04780299],\n       [0.9761949 , 1.56542302, 2.60597486, 9.12753724, 5.53683464,\n        1.02705637]]), array([0.11026119, 0.11031871, 0.11033913, 0.11035341, 0.1103698 ,\n       0.11038264, 0.11040793]))", "callback": [0.9848940797369592, 0.6503333191041007, 0.6373667338820344, 0.5649864092121902, 0.44914577214899987, 0.3543059773765933, 0.3247144165330773, 0.3143708669508527, 0.3065616573453065, 0.2937588003973822, 0.29265053060590884, 0.29233806716312083, 0.2922170064970855, 0.2920959294092371, 0.291705613298781, 0.2855375755751418, 0.27938719145008684, 0.27320407698102134, 0.2621306702724344, 0.24783631975449216, 0.2048888491266363, 0.19395144009085097, 0.19182223643804064, 0.18886933655403082, 0.18836335243195235, 0.18835091073184085, 0.18824893266752163, 0.1881691051703387, 0.18816089155373406, 0.1880945749626033, 0.18785821814057657, 0.18687264704840412, 0.18490804038800235, 0.1817405882814742, 0.17358032268739265, 0.16008950495669372, 0.1431273248362097, 0.12493937575977643, 0.11896453601160317, 0.11436837202742867, 0.1125746944672098, 0.11118931842795288, 0.11096614485517464, 0.11077450816801782, 0.11075549516645622, 0.11073321964469418, 0.11071256349259562, 0.11068398526152246, 0.1106248788652553, 0.11040792984300107]}, "6": {"maxiter": 500, "fatol": 1e-10, "xatol": 1e-05, "duration": 0.1385819911956787, "fun": "0.11026118902533599", "nit": "500", "nfev": "772", "status": "2", "success": "False", "message": "Maximum number of iterations has been exceeded.", "x": "[0.95917068 1.5474185  2.62081792 9.14240143 5.61129277 1.10415895]", "final_simplex": "(array([[0.95917068, 1.5474185 , 2.62081792, 9.14240143, 5.61129277,\n        1.10415895],\n       [0.97295371, 1.53237782, 2.62611429, 9.13766364, 5.59351715,\n        1.075511  ],\n       [0.96616851, 1.53814818, 2.62039995, 9.15200573, 5.62643888,\n        1.1083313 ],\n       [0.95862522, 1.54420039, 2.61784414, 9.13665976, 5.59076008,\n        1.09534567],\n       [0.96229806, 1.56912336, 2.59878864, 9.12780456, 5.54005032,\n        1.03296532],\n       [0.957228  , 1.5485813 , 2.61922685, 9.13770864, 5.55335184,\n        1.04780299],\n       [0.9761949 , 1.56542302, 2.60597486, 9.12753724, 5.53683464,\n        1.02705637]]), array([0.11026119, 0.11031871, 0.11033913, 0.11035341, 0.1103698 ,\n       0.11038264, 0.11040793]))", "callback": [0.9848940797369592, 0.6503333191041007, 0.6373667338820344, 0.5649864092121902, 0.44914577214899987, 0.3543059773765933, 0.3247144165330773, 0.3143708669508527, 0.3065616573453065, 0.2937588003973822, 0.29265053060590884, 0.29233806716312083, 0.2922170064970855, 0.2920959294092371, 0.291705613298781, 0.2855375755751418, 0.27938719145008684, 0.27320407698102134, 0.2621306702724344, 0.24783631975449216, 0.2048888491266363, 0.19395144009085097, 0.19182223643804064, 0.18886933655403082, 0.18836335243195235, 0.18835091073184085, 0.18824893266752163, 0.1881691051703387, 0.18816089155373406, 0.1880945749626033, 0.18785821814057657, 0.18687264704840412, 0.18490804038800235, 0.1817405882814742, 0.17358032268739265, 0.16008950495669372, 0.1431273248362097, 0.12493937575977643, 0.11896453601160317, 0.11436837202742867, 0.1125746944672098, 0.11118931842795288, 0.11096614485517464, 0.11077450816801782, 0.11075549516645622, 0.11073321964469418, 0.11071256349259562, 0.11068398526152246, 0.1106248788652553, 0.11040792984300107]}, "7": {"maxiter": 500, "fatol": 1e-10, "xatol": 1e-10, "duration": 0.14080405235290527, "fun": "0.11026118902533599", "nit": "500", "nfev": "772", "status": "2", "success": "False", "message": "Maximum number of iterations has been exceeded.", "x": "[0.95917068 1.5474185  2.62081792 9.14240143 5.61129277 1.10415895]", "final_simplex": "(array([[0.95917068, 1.5474185 , 2.62081792, 9.14240143, 5.61129277,\n        1.10415895],\n       [0.97295371, 1.53237782, 2.62611429, 9.13766364, 5.59351715,\n        1.075511  ],\n       [0.96616851, 1.53814818, 2.62039995, 9.15200573, 5.62643888,\n        1.1083313 ],\n       [0.95862522, 1.54420039, 2.61784414, 9.13665976, 5.59076008,\n        1.09534567],\n       [0.96229806, 1.56912336, 2.59878864, 9.12780456, 5.54005032,\n        1.03296532],\n       [0.957228  , 1.5485813 , 2.61922685, 9.13770864, 5.55335184,\n        1.04780299],\n       [0.9761949 , 1.56542302, 2.60597486, 9.12753724, 5.53683464,\n        1.02705637]]), array([0.11026119, 0.11031871, 0.11033913, 0.11035341, 0.1103698 ,\n       0.11038264, 0.11040793]))", "callback": [0.9848940797369592, 0.6503333191041007, 0.6373667338820344, 0.5649864092121902, 0.44914577214899987, 0.3543059773765933, 0.3247144165330773, 0.3143708669508527, 0.3065616573453065, 0.2937588003973822, 0.29265053060590884, 0.29233806716312083, 0.2922170064970855, 0.2920959294092371, 0.291705613298781, 0.2855375755751418, 0.27938719145008684, 0.27320407698102134, 0.2621306702724344, 0.24783631975449216, 0.2048888491266363, 0.19395144009085097, 0.19182223643804064, 0.18886933655403082, 0.18836335243195235, 0.18835091073184085, 0.18824893266752163, 0.1881691051703387, 0.18816089155373406, 0.1880945749626033, 0.18785821814057657, 0.18687264704840412, 0.18490804038800235, 0.1817405882814742, 0.17358032268739265, 0.16008950495669372, 0.1431273248362097, 0.12493937575977643, 0.11896453601160317, 0.11436837202742867, 0.1125746944672098, 0.11118931842795288, 0.11096614485517464, 0.11077450816801782, 0.11075549516645622, 0.11073321964469418, 0.11071256349259562, 0.11068398526152246, 0.1106248788652553, 0.11040792984300107]}, "8": {"maxiter": 1000, "fatol": 1e-05, "xatol": 1e-05, "duration": 0.189378023147583, "fun": "0.10962969440559456", "nit": "681", "nfev": "1075", "status": "0", "success": "True", "message": "Optimization terminated successfully.", "x": "[0.99522648 1.50513874 2.71808196 9.11929038 5.92120527 1.38972629]", "final_simplex": "(array([[0.99522648, 1.50513874, 2.71808196, 9.11929038, 5.92120527,\n        1.38972629],\n       [0.99522563, 1.50514125, 2.7180796 , 9.11929078, 5.92119642,\n        1.38971823],\n       [0.99522685, 1.50513901, 2.71808254, 9.11929153, 5.9212046 ,\n        1.38972572],\n       [0.99522723, 1.5051402 , 2.7180823 , 9.11928967, 5.92120832,\n        1.38973007],\n       [0.99522615, 1.50513881, 2.71808403, 9.11928993, 5.92121008,\n        1.38973172],\n       [0.99522634, 1.50513956, 2.71808265, 9.11928972, 5.92120249,\n        1.38972276],\n       [0.9952267 , 1.50514016, 2.71808007, 9.11929117, 5.92120246,\n        1.38972212]]), array([0.10962969, 0.10962969, 0.10962969, 0.10962969, 0.10962969,\n       0.10962969, 0.10962969]))", "callback": [0.9848940797369592, 0.6503333191041007, 0.6373667338820344, 0.5649864092121902, 0.44914577214899987, 0.3543059773765933, 0.3247144165330773, 0.3143708669508527, 0.3065616573453065, 0.2937588003973822, 0.29265053060590884, 0.29233806716312083, 0.2922170064970855, 0.2920959294092371, 0.291705613298781, 0.2855375755751418, 0.27938719145008684, 0.27320407698102134, 0.2621306702724344, 0.24783631975449216, 0.2048888491266363, 0.19395144009085097, 0.19182223643804064, 0.18886933655403082, 0.18836335243195235, 0.18835091073184085, 0.18824893266752163, 0.1881691051703387, 0.18816089155373406, 0.1880945749626033, 0.18785821814057657, 0.18687264704840412, 0.18490804038800235, 0.1817405882814742, 0.17358032268739265, 0.16008950495669372, 0.1431273248362097, 0.12493937575977643, 0.11896453601160317, 0.11436837202742867, 0.1125746944672098, 0.11118931842795288, 0.11096614485517464, 0.11077450816801782, 0.11075549516645622, 0.11073321964469418, 0.11071256349259562, 0.11068398526152246, 0.1106248788652553, 0.11040792984300107, 0.11026118902533599, 0.11005258206049862, 0.10983630957217949, 0.1096704872030666, 0.10964431483949655, 0.10963258088322447, 0.10963087706582764, 0.10962988563585296, 0.10962974109536772, 0.10962971514190556, 0.10962970546000561, 0.10962970107834968, 0.10962969763251629, 0.10962969527212385, 0.1096296945231876, 0.10962969445681714, 0.10962969441421688, 0.10962969440627623, 0.10962969440559456]}, "9": {"maxiter": 1000, "fatol": 1e-05, "xatol": 1e-10, "duration": 0.22428083419799805, "fun": "0.10962969440526393", "nit": "765", "nfev": "1284", "status": "0", "success": "True", "message": "Optimization terminated successfully.", "x": "[0.99522676 1.50514029 2.71808128 9.1192899  5.92120111 1.38972257]", "final_simplex": "(array([[0.99522676, 1.50514029, 2.71808128, 9.1192899 , 5.92120111,\n        1.38972257],\n       [0.99522676, 1.50514029, 2.71808128, 9.1192899 , 5.92120111,\n        1.38972257],\n       [0.99522676, 1.50514029, 2.71808128, 9.1192899 , 5.92120111,\n        1.38972257],\n       [0.99522676, 1.50514029, 2.71808128, 9.1192899 , 5.92120111,\n        1.38972257],\n       [0.99522676, 1.50514029, 2.71808128, 9.1192899 , 5.92120111,\n        1.38972257],\n       [0.99522676, 1.50514029, 2.71808128, 9.1192899 , 5.92120111,\n        1.38972257],\n       [0.99522676, 1.50514029, 2.71808128, 9.1192899 , 5.92120111,\n        1.38972257]]), array([0.10962969, 0.10962969, 0.10962969, 0.10962969, 0.10962969,\n       0.10962969, 0.10962969]))", "callback": [0.9848940797369592, 0.6503333191041007, 0.6373667338820344, 0.5649864092121902, 0.44914577214899987, 0.3543059773765933, 0.3247144165330773, 0.3143708669508527, 0.3065616573453065, 0.2937588003973822, 0.29265053060590884, 0.29233806716312083, 0.2922170064970855, 0.2920959294092371, 0.291705613298781, 0.2855375755751418, 0.27938719145008684, 0.27320407698102134, 0.2621306702724344, 0.24783631975449216, 0.2048888491266363, 0.19395144009085097, 0.19182223643804064, 0.18886933655403082, 0.18836335243195235, 0.18835091073184085, 0.18824893266752163, 0.1881691051703387, 0.18816089155373406, 0.1880945749626033, 0.18785821814057657, 0.18687264704840412, 0.18490804038800235, 0.1817405882814742, 0.17358032268739265, 0.16008950495669372, 0.1431273248362097, 0.12493937575977643, 0.11896453601160317, 0.11436837202742867, 0.1125746944672098, 0.11118931842795288, 0.11096614485517464, 0.11077450816801782, 0.11075549516645622, 0.11073321964469418, 0.11071256349259562, 0.11068398526152246, 0.1106248788652553, 0.11040792984300107, 0.11026118902533599, 0.11005258206049862, 0.10983630957217949, 0.1096704872030666, 0.10964431483949655, 0.10963258088322447, 0.10963087706582764, 0.10962988563585296, 0.10962974109536772, 0.10962971514190556, 0.10962970546000561, 0.10962970107834968, 0.10962969763251629, 0.10962969527212385, 0.1096296945231876, 0.10962969445681714, 0.10962969441421688, 0.10962969440627623, 0.10962969440559456, 0.10962969440533443, 0.10962969440529058, 0.1096296944052686, 0.1096296944052646, 0.10962969440526404, 0.10962969440526393, 0.10962969440526393, 0.10962969440526393]}, "10": {"maxiter": 1000, "fatol": 1e-10, "xatol": 1e-05, "duration": 0.20122313499450684, "fun": "0.10962969440559456", "nit": "681", "nfev": "1075", "status": "0", "success": "True", "message": "Optimization terminated successfully.", "x": "[0.99522648 1.50513874 2.71808196 9.11929038 5.92120527 1.38972629]", "final_simplex": "(array([[0.99522648, 1.50513874, 2.71808196, 9.11929038, 5.92120527,\n        1.38972629],\n       [0.99522563, 1.50514125, 2.7180796 , 9.11929078, 5.92119642,\n        1.38971823],\n       [0.99522685, 1.50513901, 2.71808254, 9.11929153, 5.9212046 ,\n        1.38972572],\n       [0.99522723, 1.5051402 , 2.7180823 , 9.11928967, 5.92120832,\n        1.38973007],\n       [0.99522615, 1.50513881, 2.71808403, 9.11928993, 5.92121008,\n        1.38973172],\n       [0.99522634, 1.50513956, 2.71808265, 9.11928972, 5.92120249,\n        1.38972276],\n       [0.9952267 , 1.50514016, 2.71808007, 9.11929117, 5.92120246,\n        1.38972212]]), array([0.10962969, 0.10962969, 0.10962969, 0.10962969, 0.10962969,\n       0.10962969, 0.10962969]))", "callback": [0.9848940797369592, 0.6503333191041007, 0.6373667338820344, 0.5649864092121902, 0.44914577214899987, 0.3543059773765933, 0.3247144165330773, 0.3143708669508527, 0.3065616573453065, 0.2937588003973822, 0.29265053060590884, 0.29233806716312083, 0.2922170064970855, 0.2920959294092371, 0.291705613298781, 0.2855375755751418, 0.27938719145008684, 0.27320407698102134, 0.2621306702724344, 0.24783631975449216, 0.2048888491266363, 0.19395144009085097, 0.19182223643804064, 0.18886933655403082, 0.18836335243195235, 0.18835091073184085, 0.18824893266752163, 0.1881691051703387, 0.18816089155373406, 0.1880945749626033, 0.18785821814057657, 0.18687264704840412, 0.18490804038800235, 0.1817405882814742, 0.17358032268739265, 0.16008950495669372, 0.1431273248362097, 0.12493937575977643, 0.11896453601160317, 0.11436837202742867, 0.1125746944672098, 0.11118931842795288, 0.11096614485517464, 0.11077450816801782, 0.11075549516645622, 0.11073321964469418, 0.11071256349259562, 0.11068398526152246, 0.1106248788652553, 0.11040792984300107, 0.11026118902533599, 0.11005258206049862, 0.10983630957217949, 0.1096704872030666, 0.10964431483949655, 0.10963258088322447, 0.10963087706582764, 0.10962988563585296, 0.10962974109536772, 0.10962971514190556, 0.10962970546000561, 0.10962970107834968, 0.10962969763251629, 0.10962969527212385, 0.1096296945231876, 0.10962969445681714, 0.10962969441421688, 0.10962969440627623, 0.10962969440559456]}, "11": {"maxiter": 1000, "fatol": 1e-10, "xatol": 1e-10, "duration": 0.23300385475158691, "fun": "0.10962969440526393", "nit": "765", "nfev": "1284", "status": "0", "success": "True", "message": "Optimization terminated successfully.", "x": "[0.99522676 1.50514029 2.71808128 9.1192899  5.92120111 1.38972257]", "final_simplex": "(array([[0.99522676, 1.50514029, 2.71808128, 9.1192899 , 5.92120111,\n        1.38972257],\n       [0.99522676, 1.50514029, 2.71808128, 9.1192899 , 5.92120111,\n        1.38972257],\n       [0.99522676, 1.50514029, 2.71808128, 9.1192899 , 5.92120111,\n        1.38972257],\n       [0.99522676, 1.50514029, 2.71808128, 9.1192899 , 5.92120111,\n        1.38972257],\n       [0.99522676, 1.50514029, 2.71808128, 9.1192899 , 5.92120111,\n        1.38972257],\n       [0.99522676, 1.50514029, 2.71808128, 9.1192899 , 5.92120111,\n        1.38972257],\n       [0.99522676, 1.50514029, 2.71808128, 9.1192899 , 5.92120111,\n        1.38972257]]), array([0.10962969, 0.10962969, 0.10962969, 0.10962969, 0.10962969,\n       0.10962969, 0.10962969]))", "callback": [0.9848940797369592, 0.6503333191041007, 0.6373667338820344, 0.5649864092121902, 0.44914577214899987, 0.3543059773765933, 0.3247144165330773, 0.3143708669508527, 0.3065616573453065, 0.2937588003973822, 0.29265053060590884, 0.29233806716312083, 0.2922170064970855, 0.2920959294092371, 0.291705613298781, 0.2855375755751418, 0.27938719145008684, 0.27320407698102134, 0.2621306702724344, 0.24783631975449216, 0.2048888491266363, 0.19395144009085097, 0.19182223643804064, 0.18886933655403082, 0.18836335243195235, 0.18835091073184085, 0.18824893266752163, 0.1881691051703387, 0.18816089155373406, 0.1880945749626033, 0.18785821814057657, 0.18687264704840412, 0.18490804038800235, 0.1817405882814742, 0.17358032268739265, 0.16008950495669372, 0.1431273248362097, 0.12493937575977643, 0.11896453601160317, 0.11436837202742867, 0.1125746944672098, 0.11118931842795288, 0.11096614485517464, 0.11077450816801782, 0.11075549516645622, 0.11073321964469418, 0.11071256349259562, 0.11068398526152246, 0.1106248788652553, 0.11040792984300107, 0.11026118902533599, 0.11005258206049862, 0.10983630957217949, 0.1096704872030666, 0.10964431483949655, 0.10963258088322447, 0.10963087706582764, 0.10962988563585296, 0.10962974109536772, 0.10962971514190556, 0.10962970546000561, 0.10962970107834968, 0.10962969763251629, 0.10962969527212385, 0.1096296945231876, 0.10962969445681714, 0.10962969441421688, 0.10962969440627623, 0.10962969440559456, 0.10962969440533443, 0.10962969440529058, 0.1096296944052686, 0.1096296944052646, 0.10962969440526404, 0.10962969440526393, 0.10962969440526393, 0.10962969440526393]}}, "bfgs": {"type": "gradient", "0": {"maxiter": 100, "gtol": 1e-05, "xrtol": 1e-05, "eps": 1e-05, "duration": 0.06097579002380371, "fun": "0.10962969534265721", "jac": "[-2.12985185e-07  4.18975965e-07  1.85240712e-06 -2.25184316e-06\n  1.30717659e-07 -6.40842934e-07]", "hess_inv": "[[ 4.03865028e+00 -2.21631770e+00  2.55314589e+00  1.19017676e-01\n   1.08773493e+01  8.41590659e+00]\n [-2.21631770e+00  9.59069493e+00 -8.98835766e+00  1.94630159e+00\n  -2.62244918e+01 -2.43384587e+01]\n [ 2.55314589e+00 -8.98835766e+00  1.36968527e+01 -2.26772519e-01\n   3.54202772e+01  3.45257133e+01]\n [ 1.19017676e-01  1.94630159e+00 -2.26772519e-01  3.17257211e+00\n  -2.82395235e+00 -2.22357127e+00]\n [ 1.08773493e+01 -2.62244918e+01  3.54202772e+01 -2.82395235e+00\n   1.26616825e+02  1.18359133e+02]\n [ 8.41590659e+00 -2.43384587e+01  3.45257133e+01 -2.22357127e+00\n   1.18359133e+02  1.14692621e+02]]", "nfev": "336", "njev": "48", "status": "0", "success": "True", "message": "Optimization terminated successfully.", "x": "[0.9951785  1.50522339 2.71794966 3.44707152 2.77913591 4.53087002]", "nit": "39", "callback": [0.35144276946370767, 0.3467678664949244, 0.3378090382690183, 0.3217669446490363, 0.29959617734630717, 0.2933069082787263, 0.28883039226173257, 0.28056436513964234, 0.26684736251688534, 0.2599672088252667, 0.25291602181999784, 0.24006382867511855, 0.2173938806021921, 0.18160760978334411, 0.1685888283528829, 0.16484494142102424, 0.15937277332005007, 0.14992475369616287, 0.13530499242057237, 0.12245704454885209, 0.118528472427475, 0.11617584120893298, 0.11531149852379496, 0.11476434525132007, 0.11440812495742991, 0.11429500910700463, 0.11409250215265199, 0.11372295496147244, 0.11307744130654251, 0.11210102046709192, 0.11099536455426795, 0.10998474164835204, 0.10967844546512795, 0.10963223568532476, 0.10963028100603922, 0.10962986943159758, 0.10962971194002658, 0.1096296953978011, 0.10962969534265721]}, "1": {"maxiter": 100, "gtol": 1e-05, "xrtol": 1e-05, "eps": 1e-10, "duration": 0.06216573715209961, "fun": "0.10962969446488513", "jac": "[ 2.22044587e-06  2.22044587e-06  4.44089173e-06 -3.33066880e-06\n  3.33066880e-06 -1.11022293e-06]", "hess_inv": "[[ 4.19727159e+00 -2.82025822e+00  3.34402192e+00  8.82911278e-02\n   1.31535812e+01  1.06333635e+01]\n [-2.82025822e+00  1.21541995e+01 -1.23360821e+01  2.05979148e+00\n  -3.62932797e+01 -3.42375690e+01]\n [ 3.34402192e+00 -1.23360821e+01  1.80168688e+01 -4.01906761e-01\n   4.84004076e+01  4.71568405e+01]\n [ 8.82911278e-02  2.05979148e+00 -4.01906761e-01  3.17424296e+00\n  -3.16205208e+00 -2.59126129e+00]\n [ 1.31535812e+01 -3.62932797e+01  4.84004076e+01 -3.16205208e+00\n   1.63841126e+02  1.54707176e+02]\n [ 1.06333635e+01 -3.42375690e+01  4.71568405e+01 -2.59126129e+00\n   1.54707176e+02  1.50161501e+02]]", "nfev": "350", "njev": "50", "status": "0", "success": "True", "message": "Optimization terminated successfully.", "x": "[0.99523815 1.50512003 2.71810429 3.44706948 2.77965915 4.53135398]", "nit": "39", "callback": [0.35144033816315234, 0.34676681709032553, 0.33781056100167284, 0.3217724632571485, 0.2996022166258635, 0.2933051724351331, 0.28883051860277975, 0.2805675250795836, 0.2668525871283902, 0.25996393109879956, 0.25292029566902896, 0.24008227175579433, 0.21743576868217074, 0.18166842140946138, 0.16857450483007141, 0.16481731163402202, 0.15935481127761641, 0.14990892533932443, 0.1352793074186336, 0.12238397206079621, 0.11846487369537073, 0.11615899002404095, 0.11529624135487748, 0.11476210529460762, 0.11440062008022123, 0.11428575172267974, 0.11408126772743976, 0.11370952026598491, 0.11306225160689176, 0.11208359870203455, 0.1109619148949953, 0.10996267210218313, 0.10967289542396719, 0.10963191559787977, 0.10963007056670415, 0.109629820016516, 0.10962972052077569, 0.1096296975212584, 0.10962969446488513]}, "2": {"maxiter": 100, "gtol": 1e-05, "xrtol": 1e-10, "eps": 1e-05, "duration": 0.060621023178100586, "fun": "0.10962969534265721", "jac": "[-2.12985185e-07  4.18975965e-07  1.85240712e-06 -2.25184316e-06\n  1.30717659e-07 -6.40842934e-07]", "hess_inv": "[[ 4.03865028e+00 -2.21631770e+00  2.55314589e+00  1.19017676e-01\n   1.08773493e+01  8.41590659e+00]\n [-2.21631770e+00  9.59069493e+00 -8.98835766e+00  1.94630159e+00\n  -2.62244918e+01 -2.43384587e+01]\n [ 2.55314589e+00 -8.98835766e+00  1.36968527e+01 -2.26772519e-01\n   3.54202772e+01  3.45257133e+01]\n [ 1.19017676e-01  1.94630159e+00 -2.26772519e-01  3.17257211e+00\n  -2.82395235e+00 -2.22357127e+00]\n [ 1.08773493e+01 -2.62244918e+01  3.54202772e+01 -2.82395235e+00\n   1.26616825e+02  1.18359133e+02]\n [ 8.41590659e+00 -2.43384587e+01  3.45257133e+01 -2.22357127e+00\n   1.18359133e+02  1.14692621e+02]]", "nfev": "336", "njev": "48", "status": "0", "success": "True", "message": "Optimization terminated successfully.", "x": "[0.9951785  1.50522339 2.71794966 3.44707152 2.77913591 4.53087002]", "nit": "39", "callback": [0.35144276946370767, 0.3467678664949244, 0.3378090382690183, 0.3217669446490363, 0.29959617734630717, 0.2933069082787263, 0.28883039226173257, 0.28056436513964234, 0.26684736251688534, 0.2599672088252667, 0.25291602181999784, 0.24006382867511855, 0.2173938806021921, 0.18160760978334411, 0.1685888283528829, 0.16484494142102424, 0.15937277332005007, 0.14992475369616287, 0.13530499242057237, 0.12245704454885209, 0.118528472427475, 0.11617584120893298, 0.11531149852379496, 0.11476434525132007, 0.11440812495742991, 0.11429500910700463, 0.11409250215265199, 0.11372295496147244, 0.11307744130654251, 0.11210102046709192, 0.11099536455426795, 0.10998474164835204, 0.10967844546512795, 0.10963223568532476, 0.10963028100603922, 0.10962986943159758, 0.10962971194002658, 0.1096296953978011, 0.10962969534265721]}, "3": {"maxiter": 100, "gtol": 1e-05, "xrtol": 1e-10, "eps": 1e-10, "duration": 0.06351995468139648, "fun": "0.10962969446488513", "jac": "[ 2.22044587e-06  2.22044587e-06  4.44089173e-06 -3.33066880e-06\n  3.33066880e-06 -1.11022293e-06]", "hess_inv": "[[ 4.19727159e+00 -2.82025822e+00  3.34402192e+00  8.82911278e-02\n   1.31535812e+01  1.06333635e+01]\n [-2.82025822e+00  1.21541995e+01 -1.23360821e+01  2.05979148e+00\n  -3.62932797e+01 -3.42375690e+01]\n [ 3.34402192e+00 -1.23360821e+01  1.80168688e+01 -4.01906761e-01\n   4.84004076e+01  4.71568405e+01]\n [ 8.82911278e-02  2.05979148e+00 -4.01906761e-01  3.17424296e+00\n  -3.16205208e+00 -2.59126129e+00]\n [ 1.31535812e+01 -3.62932797e+01  4.84004076e+01 -3.16205208e+00\n   1.63841126e+02  1.54707176e+02]\n [ 1.06333635e+01 -3.42375690e+01  4.71568405e+01 -2.59126129e+00\n   1.54707176e+02  1.50161501e+02]]", "nfev": "350", "njev": "50", "status": "0", "success": "True", "message": "Optimization terminated successfully.", "x": "[0.99523815 1.50512003 2.71810429 3.44706948 2.77965915 4.53135398]", "nit": "39", "callback": [0.35144033816315234, 0.34676681709032553, 0.33781056100167284, 0.3217724632571485, 0.2996022166258635, 0.2933051724351331, 0.28883051860277975, 0.2805675250795836, 0.2668525871283902, 0.25996393109879956, 0.25292029566902896, 0.24008227175579433, 0.21743576868217074, 0.18166842140946138, 0.16857450483007141, 0.16481731163402202, 0.15935481127761641, 0.14990892533932443, 0.1352793074186336, 0.12238397206079621, 0.11846487369537073, 0.11615899002404095, 0.11529624135487748, 0.11476210529460762, 0.11440062008022123, 0.11428575172267974, 0.11408126772743976, 0.11370952026598491, 0.11306225160689176, 0.11208359870203455, 0.1109619148949953, 0.10996267210218313, 0.10967289542396719, 0.10963191559787977, 0.10963007056670415, 0.109629820016516, 0.10962972052077569, 0.1096296975212584, 0.10962969446488513]}, "4": {"maxiter": 100, "gtol": 1e-10, "xrtol": 1e-05, "eps": 1e-05, "duration": 0.060665130615234375, "fun": "0.10962969531627265", "jac": "[ 4.79616347e-09  1.94400052e-08  3.98459044e-08 -9.96869254e-08\n  5.11812814e-09 -3.09419157e-08]", "hess_inv": "[[ 4.00754095e+00 -2.09899631e+00  2.40907920e+00  1.19377055e-01\n   1.04998546e+01  8.05184568e+00]\n [-2.09899631e+00  9.66310647e+00 -9.00548276e+00  2.26333489e+00\n  -2.56409876e+01 -2.37509059e+01]\n [ 2.40907920e+00 -9.00548276e+00  1.36397325e+01 -5.71681577e-01\n   3.45866040e+01  3.36946976e+01]\n [ 1.19377055e-01  2.26333489e+00 -5.71681577e-01  3.36945854e+00\n  -3.33912344e+00 -2.70506440e+00]\n [ 1.04998546e+01 -2.56409876e+01  3.45866040e+01 -3.33912344e+00\n   1.23407014e+02  1.15223058e+02]\n [ 8.05184568e+00 -2.37509059e+01  3.36946976e+01 -2.70506440e+00\n   1.15223058e+02  1.11630297e+02]]", "nfev": "343", "njev": "49", "status": "0", "success": "True", "message": "Optimization terminated successfully.", "x": "[0.99517983 1.5052288  2.71794446 3.44707795 2.77913501 4.53086965]", "nit": "40", "callback": [0.35144276946370767, 0.3467678664949244, 0.3378090382690183, 0.3217669446490363, 0.29959617734630717, 0.2933069082787263, 0.28883039226173257, 0.28056436513964234, 0.26684736251688534, 0.2599672088252667, 0.25291602181999784, 0.24006382867511855, 0.2173938806021921, 0.18160760978334411, 0.1685888283528829, 0.16484494142102424, 0.15937277332005007, 0.14992475369616287, 0.13530499242057237, 0.12245704454885209, 0.118528472427475, 0.11617584120893298, 0.11531149852379496, 0.11476434525132007, 0.11440812495742991, 0.11429500910700463, 0.11409250215265199, 0.11372295496147244, 0.11307744130654251, 0.11210102046709192, 0.11099536455426795, 0.10998474164835204, 0.10967844546512795, 0.10963223568532476, 0.10963028100603922, 0.10962986943159758, 0.10962971194002658, 0.1096296953978011, 0.10962969534265721, 0.10962969531627265]}, "5": {"maxiter": 100, "gtol": 1e-10, "xrtol": 1e-05, "eps": 1e-10, "duration": 0.06751108169555664, "fun": "0.10962969445179582", "jac": "[ 4.44089173e-06  2.22044587e-06  6.66133760e-06 -3.33066880e-06\n  0.00000000e+00 -3.33066880e-06]", "hess_inv": "[[ 5.08394613e+00 -5.90404292e+00  7.40429606e+00 -2.50778525e-01\n   2.50218264e+01  2.20052255e+01]\n [-5.90404292e+00  1.88495631e+01 -2.17503604e+01  2.93074396e+00\n  -6.79777338e+01 -6.36956461e+01]\n [ 7.40429606e+00 -2.17503604e+01  3.11116483e+01 -1.59446153e+00\n   9.15432164e+01  8.74425801e+01]\n [-2.50778525e-01  2.93074396e+00 -1.59446153e+00  3.28031791e+00\n  -6.96666235e+00 -6.16779884e+00]\n [ 2.50218264e+01 -6.79777338e+01  9.15432164e+01 -6.96666235e+00\n   2.99865700e+02  2.82897433e+02]\n [ 2.20052255e+01 -6.36956461e+01  8.74425801e+01 -6.16779884e+00\n   2.82897433e+02  2.70733292e+02]]", "nfev": "378", "njev": "54", "status": "0", "success": "True", "message": "Optimization terminated successfully.", "x": "[0.99523501 1.50512812 2.71809322 3.44707046 2.77962384 4.53132079]", "nit": "40", "callback": [0.35144033816315234, 0.34676681709032553, 0.33781056100167284, 0.3217724632571485, 0.2996022166258635, 0.2933051724351331, 0.28883051860277975, 0.2805675250795836, 0.2668525871283902, 0.25996393109879956, 0.25292029566902896, 0.24008227175579433, 0.21743576868217074, 0.18166842140946138, 0.16857450483007141, 0.16481731163402202, 0.15935481127761641, 0.14990892533932443, 0.1352793074186336, 0.12238397206079621, 0.11846487369537073, 0.11615899002404095, 0.11529624135487748, 0.11476210529460762, 0.11440062008022123, 0.11428575172267974, 0.11408126772743976, 0.11370952026598491, 0.11306225160689176, 0.11208359870203455, 0.1109619148949953, 0.10996267210218313, 0.10967289542396719, 0.10963191559787977, 0.10963007056670415, 0.109629820016516, 0.10962972052077569, 0.1096296975212584, 0.10962969446488513, 0.10962969445179582]}, "6": {"maxiter": 100, "gtol": 1e-10, "xrtol": 1e-10, "eps": 1e-05, "duration": 0.06764698028564453, "fun": "0.10962969530859779", "jac": "[ 3.33066907e-10 -8.65973959e-10 -4.66293670e-10  4.55191440e-10\n -1.22124533e-10  3.33066907e-11]", "hess_inv": "[[  3.92486786  -1.93757113   2.45957548   0.18988661  10.69657887\n    8.32377523]\n [ -1.93757113   9.28791327  -8.91626435   2.16200771 -25.47459889\n  -23.70162192]\n [  2.45957548  -8.91626435  13.62047076  -0.43953888  34.87302617\n   33.89730525]\n [  0.18988661   2.16200771  -0.43953888   3.43737618  -2.80375061\n   -2.20846459]\n [ 10.69657887 -25.47459889  34.87302617  -2.80375061 125.46370612\n  117.03961365]\n [  8.32377523 -23.70162192  33.89730525  -2.20846459 117.03961365\n  113.15476434]]", "nfev": "371", "njev": "53", "status": "0", "success": "True", "message": "Optimization terminated successfully.", "x": "[0.99517999 1.50522858 2.71794492 3.44707821 2.7791368  4.53087143]", "nit": "43", "callback": [0.35144276946370767, 0.3467678664949244, 0.3378090382690183, 0.3217669446490363, 0.29959617734630717, 0.2933069082787263, 0.28883039226173257, 0.28056436513964234, 0.26684736251688534, 0.2599672088252667, 0.25291602181999784, 0.24006382867511855, 0.2173938806021921, 0.18160760978334411, 0.1685888283528829, 0.16484494142102424, 0.15937277332005007, 0.14992475369616287, 0.13530499242057237, 0.12245704454885209, 0.118528472427475, 0.11617584120893298, 0.11531149852379496, 0.11476434525132007, 0.11440812495742991, 0.11429500910700463, 0.11409250215265199, 0.11372295496147244, 0.11307744130654251, 0.11210102046709192, 0.11099536455426795, 0.10998474164835204, 0.10967844546512795, 0.10963223568532476, 0.10963028100603922, 0.10962986943159758, 0.10962971194002658, 0.1096296953978011, 0.10962969534265721, 0.10962969531627265, 0.10962969530881705, 0.10962969530859779, 0.10962969530859779]}, "7": {"maxiter": 100, "gtol": 1e-10, "xrtol": 1e-10, "eps": 1e-10, "duration": 0.11981797218322754, "fun": "0.10962969441449233", "jac": "[ 0.00000000e+00 -1.11022293e-06  1.11022293e-06  1.11022293e-06\n  2.22044587e-06  1.11022293e-06]", "hess_inv": "[[ 0.03112169 -0.03095853  0.04483238 -0.03311727  0.02153731  0.0060158 ]\n [-0.03095853  0.03546437 -0.04821542  0.03232634 -0.02120927 -0.00433578]\n [ 0.04483238 -0.04821542  0.06868567 -0.04847617  0.03200398  0.00762488]\n [-0.03311727  0.03232634 -0.04847617  0.04360194 -0.02966051 -0.00655549]\n [ 0.02153731 -0.02120927  0.03200398 -0.02966051  0.02277377  0.00353291]\n [ 0.0060158  -0.00433578  0.00762488 -0.00655549  0.00353291  0.00274345]]", "nfev": "665", "njev": "95", "status": "0", "success": "True", "message": "Optimization terminated successfully.", "x": "[0.99522303 1.5051316  2.71808691 3.44707788 2.77961536 4.53132267]", "nit": "56", "callback": [0.35144033816315234, 0.34676681709032553, 0.33781056100167284, 0.3217724632571485, 0.2996022166258635, 0.2933051724351331, 0.28883051860277975, 0.2805675250795836, 0.2668525871283902, 0.25996393109879956, 0.25292029566902896, 0.24008227175579433, 0.21743576868217074, 0.18166842140946138, 0.16857450483007141, 0.16481731163402202, 0.15935481127761641, 0.14990892533932443, 0.1352793074186336, 0.12238397206079621, 0.11846487369537073, 0.11615899002404095, 0.11529624135487748, 0.11476210529460762, 0.11440062008022123, 0.11428575172267974, 0.11408126772743976, 0.11370952026598491, 0.11306225160689176, 0.11208359870203