{"date": "2024/09/23/, 21:43:03", "conf_id": 97, "data_type": "orthogonal\n", "num_data_points": 1, "s_rank": 0, "unitary": "[[0.18663085-0.53122324j,-0.11886349-0.70040876j,0.28555095-0.02789305j,-0.12262021-0.2844587j],[-0.16702216+0.27758472j,0.27526351-0.29738586j,-0.01109314+0.22495461j,-0.77239203+0.28900673j],[0.61935415+0.12301792j,-0.31269928-0.03315917j,-0.61902762-0.19039079j,-0.27120731-0.0968989j],[0.42341754+0.0023929j,-0.05847358+0.47832119j,0.64900495-0.16218422j,-0.37182676-0.05229966j]]", "databatch_0": {"databatch": "[[[0.21723522-0.00975192j,-0.11555255+0.04031002j,-0.17777309-0.19793371j,-0.24156844+0.18996209j],[-0.25775178+0.07061093j,-0.02338415+0.06363498j,-0.14535296+0.1760895j,0.0176949-0.44839376j],[0.02193932-0.10600951j,-0.06359032-0.01387832j,-0.52522772-0.1284561j,-0.17858982-0.13552209j],[0.12227326+0.10314678j,-0.02564581-0.00359118j,-0.09303092+0.01361905j,-0.1577726-0.15625922j]]]", "initial param values": "[5.83871131,1.68245906,3.23184154,4.08641798,5.0739149,4.10787146]", "nelder_mead": {"type": "gradient-free", "0": {"maxiter": 100, "fatol": 1e-05, "xatol": 1e-05, "duration": 0.037393808364868164, "fun": "0.09857003600179592", "nit": "100", "nfev": "161", "status": "2", "success": "False", "message": "Maximum number of iterations has been exceeded.", "x": "[7.47916391 1.03892575 2.5962661  4.51323044 3.32456317 5.18137002]", "final_simplex": "(array([[7.47916391, 1.03892575, 2.5962661 , 4.51323044, 3.32456317,\n        5.18137002],\n       [7.30637006, 1.01955896, 2.60399406, 4.38063909, 3.31571106,\n        5.18700383],\n       [7.40978959, 1.00836707, 2.68722298, 4.63942399, 3.42375741,\n        5.22929103],\n       [7.5936561 , 1.06516167, 2.67150318, 4.51980827, 3.20888687,\n        5.07789649],\n       [7.38416283, 1.15982494, 2.58535054, 4.3583825 , 3.39483737,\n        5.0610201 ],\n       [7.42740736, 1.13122338, 2.6704411 , 4.54569401, 3.17040515,\n        5.12065259],\n       [7.51246033, 1.22184053, 2.55116583, 4.45973382, 3.40603652,\n        5.20852008]]), array([0.09857004, 0.1045597 , 0.10686875, 0.10936164, 0.11381262,\n       0.1140987 , 0.11534043]))", "callback": [0.42002345933047947, 0.33401574772873965, 0.2198314215613486, 0.2084293168956155, 0.20346334159718849, 0.19734801316827033, 0.18453287568390186, 0.14541764638911725, 0.1284797074548103]}, "1": {"maxiter": 100, "fatol": 1e-05, "xatol": 1e-10, "duration": 0.03736114501953125, "fun": "0.09857003600179592", "nit": "100", "nfev": "161", "status": "2", "success": "False", "message": "Maximum number of iterations has been exceeded.", "x": "[7.47916391 1.03892575 2.5962661  4.51323044 3.32456317 5.18137002]", "final_simplex": "(array([[7.47916391, 1.03892575, 2.5962661 , 4.51323044, 3.32456317,\n        5.18137002],\n       [7.30637006, 1.01955896, 2.60399406, 4.38063909, 3.31571106,\n        5.18700383],\n       [7.40978959, 1.00836707, 2.68722298, 4.63942399, 3.42375741,\n        5.22929103],\n       [7.5936561 , 1.06516167, 2.67150318, 4.51980827, 3.20888687,\n        5.07789649],\n       [7.38416283, 1.15982494, 2.58535054, 4.3583825 , 3.39483737,\n        5.0610201 ],\n       [7.42740736, 1.13122338, 2.6704411 , 4.54569401, 3.17040515,\n        5.12065259],\n       [7.51246033, 1.22184053, 2.55116583, 4.45973382, 3.40603652,\n        5.20852008]]), array([0.09857004, 0.1045597 , 0.10686875, 0.10936164, 0.11381262,\n       0.1140987 , 0.11534043]))", "callback": [0.42002345933047947, 0.33401574772873965, 0.2198314215613486, 0.2084293168956155, 0.20346334159718849, 0.19734801316827033, 0.18453287568390186, 0.14541764638911725, 0.1284797074548103]}, "2": {"maxiter": 100, "fatol": 1e-10, "xatol": 1e-05, "duration": 0.0391230583190918, "fun": "0.09857003600179592", "nit": "100", "nfev": "161", "status": "2", "success": "False", "message": "Maximum number of iterations has been exceeded.", "x": "[7.47916391 1.03892575 2.5962661  4.51323044 3.32456317 5.18137002]", "final_simplex": "(array([[7.47916391, 1.03892575, 2.5962661 , 4.51323044, 3.32456317,\n        5.18137002],\n       [7.30637006, 1.01955896, 2.60399406, 4.38063909, 3.31571106,\n        5.18700383],\n       [7.40978959, 1.00836707, 2.68722298, 4.63942399, 3.42375741,\n        5.22929103],\n       [7.5936561 , 1.06516167, 2.67150318, 4.51980827, 3.20888687,\n        5.07789649],\n       [7.38416283, 1.15982494, 2.58535054, 4.3583825 , 3.39483737,\n        5.0610201 ],\n       [7.42740736, 1.13122338, 2.6704411 , 4.54569401, 3.17040515,\n        5.12065259],\n       [7.51246033, 1.22184053, 2.55116583, 4.45973382, 3.40603652,\n        5.20852008]]), array([0.09857004, 0.1045597 , 0.10686875, 0.10936164, 0.11381262,\n       0.1140987 , 0.11534043]))", "callback": [0.42002345933047947, 0.33401574772873965, 0.2198314215613486, 0.2084293168956155, 0.20346334159718849, 0.19734801316827033, 0.18453287568390186, 0.14541764638911725, 0.1284797074548103]}, "3": {"maxiter": 100, "fatol": 1e-10, "xatol": 1e-10, "duration": 0.03964686393737793, "fun": "0.09857003600179592", "nit": "100", "nfev": "161", "status": "2", "success": "False", "message": "Maximum number of iterations has been exceeded.", "x": "[7.47916391 1.03892575 2.5962661  4.51323044 3.32456317 5.18137002]", "final_simplex": "(array([[7.47916391, 1.03892575, 2.5962661 , 4.51323044, 3.32456317,\n        5.18137002],\n       [7.30637006, 1.01955896, 2.60399406, 4.38063909, 3.31571106,\n        5.18700383],\n       [7.40978959, 1.00836707, 2.68722298, 4.63942399, 3.42375741,\n        5.22929103],\n       [7.5936561 , 1.06516167, 2.67150318, 4.51980827, 3.20888687,\n        5.07789649],\n       [7.38416283, 1.15982494, 2.58535054, 4.3583825 , 3.39483737,\n        5.0610201 ],\n       [7.42740736, 1.13122338, 2.6704411 , 4.54569401, 3.17040515,\n        5.12065259],\n       [7.51246033, 1.22184053, 2.55116583, 4.45973382, 3.40603652,\n        5.20852008]]), array([0.09857004, 0.1045597 , 0.10686875, 0.10936164, 0.11381262,\n       0.1140987 , 0.11534043]))", "callback": [0.42002345933047947, 0.33401574772873965, 0.2198314215613486, 0.2084293168956155, 0.20346334159718849, 0.19734801316827033, 0.18453287568390186, 0.14541764638911725, 0.1284797074548103]}, "4": {"maxiter": 500, "fatol": 1e-05, "xatol": 1e-05, "duration": 0.15918898582458496, "fun": "0.09450432697991062", "nit": "416", "nfev": "656", "status": "0", "success": "True", "message": "Optimization terminated successfully.", "x": "[7.45670727 0.86397819 2.74840059 4.40724681 3.41270709 5.24195549]", "final_simplex": "(array([[7.45670727, 0.86397819, 2.74840059, 4.40724681, 3.41270709,\n        5.24195549],\n       [7.45670577, 0.8639705 , 2.7484033 , 4.40724437, 3.41270802,\n        5.24195731],\n       [7.4567089 , 0.86397753, 2.74839387, 4.40724828, 3.41270684,\n        5.24195267],\n       [7.45670083, 0.86397347, 2.74839975, 4.40724452, 3.41270825,\n        5.24195504],\n       [7.45670625, 0.86397245, 2.74839819, 4.40725038, 3.41271024,\n        5.24195598],\n       [7.45670648, 0.86397227, 2.74840439, 4.40724249, 3.41271107,\n        5.24196284],\n       [7.45670357, 0.86397657, 2.74839307, 4.40725055, 3.41270308,\n        5.24195485]]), array([0.09450433, 0.09450433, 0.09450433, 0.09450433, 0.09450433,\n       0.09450433, 0.09450433]))", "callback": [0.42002345933047947, 0.33401574772873965, 0.2198314215613486, 0.2084293168956155, 0.20346334159718849, 0.19734801316827033, 0.18453287568390186, 0.14541764638911725, 0.1284797074548103, 0.09857003600179592, 0.09737817340402377, 0.09599885419829624, 0.09570347248266298, 0.09565869037292085, 0.09563071591623118, 0.09554423878424889, 0.09517294549156374, 0.09478011907495021, 0.0946077863325725, 0.09452062288560692, 0.09451836692017124, 0.0945071811561704, 0.09450565862872673, 0.09450508273390912, 0.09450487897010684, 0.09450458108831938, 0.09450455938909808, 0.09450442472029108, 0.09450436963542552, 0.09450434610759317, 0.09450433552179649, 0.09450433015970194, 0.09450432914473605, 0.0945043288181392, 0.09450432845823775, 0.09450432818753574, 0.09450432784545937, 0.09450432733367109, 0.09450432709248147, 0.09450432697991062, 0.09450432697991062]}, "5": {"maxiter": 500, "fatol": 1e-05, "xatol": 1e-10, "duration": 0.20740413665771484, "fun": "0.09450432697627531", "nit": "500", "nfev": "816", "status": "2", "success": "False", "message": "Maximum number of iterations has been exceeded.", "x": "[7.45670657 0.86397945 2.74840172 4.40724833 3.41270517 5.24195299]", "final_simplex": "(array([[7.45670657, 0.86397945, 2.74840172, 4.40724833, 3.41270517,\n        5.24195299],\n       [7.45670657, 0.86397945, 2.74840171, 4.40724834, 3.41270517,\n        5.24195299],\n       [7.45670657, 0.86397945, 2.74840171, 4.40724834, 3.41270516,\n        5.24195299],\n       [7.45670657, 0.86397945, 2.74840172, 4.40724834, 3.41270517,\n        5.24195299],\n       [7.45670657, 0.86397945, 2.74840171, 4.40724834, 3.41270517,\n        5.24195299],\n       [7.45670657, 0.86397945, 2.74840171, 4.40724833, 3.41270517,\n        5.24195299],\n       [7.45670657, 0.86397945, 2.74840171, 4.40724834, 3.41270517,\n        5.24195299]]), array([0.09450433, 0.09450433, 0.09450433, 0.09450433, 0.09450433,\n       0.09450433, 0.09450433]))", "callback": [0.42002345933047947, 0.33401574772873965, 0.2198314215613486, 0.2084293168956155, 0.20346334159718849, 0.19734801316827033, 0.18453287568390186, 0.14541764638911725, 0.1284797074548103, 0.09857003600179592, 0.09737817340402377, 0.09599885419829624, 0.09570347248266298, 0.09565869037292085, 0.09563071591623118, 0.09554423878424889, 0.09517294549156374, 0.09478011907495021, 0.0946077863325725, 0.09452062288560692, 0.09451836692017124, 0.0945071811561704, 0.09450565862872673, 0.09450508273390912, 0.09450487897010684, 0.09450458108831938, 0.09450455938909808, 0.09450442472029108, 0.09450436963542552, 0.09450434610759317, 0.09450433552179649, 0.09450433015970194, 0.09450432914473605, 0.0945043288181392, 0.09450432845823775, 0.09450432818753574, 0.09450432784545937, 0.09450432733367109, 0.09450432709248147, 0.09450432697991062, 0.09450432697991062, 0.09450432697991062, 0.09450432697745803, 0.0945043269764605, 0.09450432697631239, 0.09450432697628086, 0.09450432697627686, 0.09450432697627587, 0.09450432697627531]}, "6": {"maxiter": 500, "fatol": 1e-10, "xatol": 1e-05, "duration": 0.1635589599609375, "fun": "0.09450432697991062", "nit": "416", "nfev": "656", "status": "0", "success": "True", "message": "Optimization terminated successfully.", "x": "[7.45670727 0.86397819 2.74840059 4.40724681 3.41270709 5.24195549]", "final_simplex": "(array([[7.45670727, 0.86397819, 2.74840059, 4.40724681, 3.41270709,\n        5.24195549],\n       [7.45670577, 0.8639705 , 2.7484033 , 4.40724437, 3.41270802,\n        5.24195731],\n       [7.4567089 , 0.86397753, 2.74839387, 4.40724828, 3.41270684,\n        5.24195267],\n       [7.45670083, 0.86397347, 2.74839975, 4.40724452, 3.41270825,\n        5.24195504],\n       [7.45670625, 0.86397245, 2.74839819, 4.40725038, 3.41271024,\n        5.24195598],\n       [7.45670648, 0.86397227, 2.74840439, 4.40724249, 3.41271107,\n        5.24196284],\n       [7.45670357, 0.86397657, 2.74839307, 4.40725055, 3.41270308,\n        5.24195485]]), array([0.09450433, 0.09450433, 0.09450433, 0.09450433, 0.09450433,\n       0.09450433, 0.09450433]))", "callback": [0.42002345933047947, 0.33401574772873965, 0.2198314215613486, 0.2084293168956155, 0.20346334159718849, 0.19734801316827033, 0.18453287568390186, 0.14541764638911725, 0.1284797074548103, 0.09857003600179592, 0.09737817340402377, 0.09599885419829624, 0.09570347248266298, 0.09565869037292085, 0.09563071591623118, 0.09554423878424889, 0.09517294549156374, 0.09478011907495021, 0.0946077863325725, 0.09452062288560692, 0.09451836692017124, 0.0945071811561704, 0.09450565862872673, 0.09450508273390912, 0.09450487897010684, 0.09450458108831938, 0.09450455938909808, 0.09450442472029108, 0.09450436963542552, 0.09450434610759317, 0.09450433552179649, 0.09450433015970194, 0.09450432914473605, 0.0945043288181392, 0.09450432845823775, 0.09450432818753574, 0.09450432784545937, 0.09450432733367109, 0.09450432709248147, 0.09450432697991062, 0.09450432697991062]}, "7": {"maxiter": 500, "fatol": 1e-10, "xatol": 1e-10, "duration": 0.2251889705657959, "fun": "0.09450432697627531", "nit": "500", "nfev": "816", "status": "2", "success": "False", "message": "Maximum number of iterations has been exceeded.", "x": "[7.45670657 0.86397945 2.74840172 4.40724833 3.41270517 5.24195299]", "final_simplex": "(array([[7.45670657, 0.86397945, 2.74840172, 4.40724833, 3.41270517,\n        5.24195299],\n       [7.45670657, 0.86397945, 2.74840171, 4.40724834, 3.41270517,\n        5.24195299],\n       [7.45670657, 0.86397945, 2.74840171, 4.40724834, 3.41270516,\n        5.24195299],\n       [7.45670657, 0.86397945, 2.74840172, 4.40724834, 3.41270517,\n        5.24195299],\n       [7.45670657, 0.86397945, 2.74840171, 4.40724834, 3.41270517,\n        5.24195299],\n       [7.45670657, 0.86397945, 2.74840171, 4.40724833, 3.41270517,\n        5.24195299],\n       [7.45670657, 0.86397945, 2.74840171, 4.40724834, 3.41270517,\n        5.24195299]]), array([0.09450433, 0.09450433, 0.09450433, 0.09450433, 0.09450433,\n       0.09450433, 0.09450433]))", "callback": [0.42002345933047947, 0.33401574772873965, 0.2198314215613486, 0.2084293168956155, 0.20346334159718849, 0.19734801316827033, 0.18453287568390186, 0.14541764638911725, 0.1284797074548103, 0.09857003600179592, 0.09737817340402377, 0.09599885419829624, 0.09570347248266298, 0.09565869037292085, 0.09563071591623118, 0.09554423878424889, 0.09517294549156374, 0.09478011907495021, 0.0946077863325725, 0.09452062288560692, 0.09451836692017124, 0.0945071811561704, 0.09450565862872673, 0.09450508273390912, 0.09450487897010684, 0.09450458108831938, 0.09450455938909808, 0.09450442472029108, 0.09450436963542552, 0.09450434610759317, 0.09450433552179649, 0.09450433015970194, 0.09450432914473605, 0.0945043288181392, 0.09450432845823775, 0.09450432818753574, 0.09450432784545937, 0.09450432733367109, 0.09450432709248147, 0.09450432697991062, 0.09450432697991062, 0.09450432697991062, 0.09450432697745803, 0.0945043269764605, 0.09450432697631239, 0.09450432697628086, 0.09450432697627686, 0.09450432697627587, 0.09450432697627531]}, "8": {"maxiter": 1000, "fatol": 1e-05, "xatol": 1e-05, "duration": 0.17644119262695312, "fun": "0.09450432697991062", "nit": "416", "nfev": "656", "status": "0", "success": "True", "message": "Optimization terminated successfully.", "x": "[7.45670727 0.86397819 2.74840059 4.40724681 3.41270709 5.24195549]", "final_simplex": "(array([[7.45670727, 0.86397819, 2.74840059, 4.40724681, 3.41270709,\n        5.24195549],\n       [7.45670577, 0.8639705 , 2.7484033 , 4.40724437, 3.41270802,\n        5.24195731],\n       [7.4567089 , 0.86397753, 2.74839387, 4.40724828, 3.41270684,\n        5.24195267],\n       [7.45670083, 0.86397347, 2.74839975, 4.40724452, 3.41270825,\n        5.24195504],\n       [7.45670625, 0.86397245, 2.74839819, 4.40725038, 3.41271024,\n        5.24195598],\n       [7.45670648, 0.86397227, 2.74840439, 4.40724249, 3.41271107,\n        5.24196284],\n       [7.45670357, 0.86397657, 2.74839307, 4.40725055, 3.41270308,\n        5.24195485]]), array([0.09450433, 0.09450433, 0.09450433, 0.09450433, 0.09450433,\n       0.09450433, 0.09450433]))", "callback": [0.42002345933047947, 0.33401574772873965, 0.2198314215613486, 0.2084293168956155, 0.20346334159718849, 0.19734801316827033, 0.18453287568390186, 0.14541764638911725, 0.1284797074548103, 0.09857003600179592, 0.09737817340402377, 0.09599885419829624, 0.09570347248266298, 0.09565869037292085, 0.09563071591623118, 0.09554423878424889, 0.09517294549156374, 0.09478011907495021, 0.0946077863325725, 0.09452062288560692, 0.09451836692017124, 0.0945071811561704, 0.09450565862872673, 0.09450508273390912, 0.09450487897010684, 0.09450458108831938, 0.09450455938909808, 0.09450442472029108, 0.09450436963542552, 0.09450434610759317, 0.09450433552179649, 0.09450433015970194, 0.09450432914473605, 0.0945043288181392, 0.09450432845823775, 0.09450432818753574, 0.09450432784545937, 0.09450432733367109, 0.09450432709248147, 0.09450432697991062, 0.09450432697991062]}, "9": {"maxiter": 1000, "fatol": 1e-05, "xatol": 1e-10, "duration": 0.2081761360168457, "fun": "0.09450432697627531", "nit": "520", "nfev": "877", "status": "0", "success": "True", "message": "Optimization terminated successfully.", "x": "[7.45670657 0.86397945 2.74840172 4.40724833 3.41270517 5.24195299]", "final_simplex": "(array([[7.45670657, 0.86397945, 2.74840172, 4.40724833, 3.41270517,\n        5.24195299],\n       [7.45670657, 0.86397945, 2.74840171, 4.40724833, 3.41270517,\n        5.24195299],\n       [7.45670657, 0.86397945, 2.74840171, 4.40724834, 3.41270517,\n        5.24195299],\n       [7.45670657, 0.86397945, 2.74840172, 4.40724833, 3.41270517,\n        5.24195299],\n       [7.45670657, 0.86397945, 2.74840172, 4.40724833, 3.41270517,\n        5.24195299],\n       [7.45670657, 0.86397945, 2.74840172, 4.40724833, 3.41270517,\n        5.24195299],\n       [7.45670657, 0.86397945, 2.74840172, 4.40724833, 3.41270517,\n        5.24195299]]), array([0.09450433, 0.09450433, 0.09450433, 0.09450433, 0.09450433,\n       0.09450433, 0.09450433]))", "callback": [0.42002345933047947, 0.33401574772873965, 0.2198314215613486, 0.2084293168956155, 0.20346334159718849, 0.19734801316827033, 0.18453287568390186, 0.14541764638911725, 0.1284797074548103, 0.09857003600179592, 0.09737817340402377, 0.09599885419829624, 0.09570347248266298, 0.09565869037292085, 0.09563071591623118, 0.09554423878424889, 0.09517294549156374, 0.09478011907495021, 0.0946077863325725, 0.09452062288560692, 0.09451836692017124, 0.0945071811561704, 0.09450565862872673, 0.09450508273390912, 0.09450487897010684, 0.09450458108831938, 0.09450455938909808, 0.09450442472029108, 0.09450436963542552, 0.09450434610759317, 0.09450433552179649, 0.09450433015970194, 0.09450432914473605, 0.0945043288181392, 0.09450432845823775, 0.09450432818753574, 0.09450432784545937, 0.09450432733367109, 0.09450432709248147, 0.09450432697991062, 0.09450432697991062, 0.09450432697991062, 0.09450432697745803, 0.0945043269764605, 0.09450432697631239, 0.09450432697628086, 0.09450432697627686, 0.09450432697627587, 0.09450432697627531, 0.09450432697627531, 0.09450432697627531, 0.09450432697627531]}, "10": {"maxiter": 1000, "fatol": 1e-10, "xatol": 1e-05, "duration": 0.16056585311889648, "fun": "0.09450432697991062", "nit": "416", "nfev": "656", "status": "0", "success": "True", "message": "Optimization terminated successfully.", "x": "[7.45670727 0.86397819 2.74840059 4.40724681 3.41270709 5.24195549]", "final_simplex": "(array([[7.45670727, 0.86397819, 2.74840059, 4.40724681, 3.41270709,\n        5.24195549],\n       [7.45670577, 0.8639705 , 2.7484033 , 4.40724437, 3.41270802,\n        5.24195731],\n       [7.4567089 , 0.86397753, 2.74839387, 4.40724828, 3.41270684,\n        5.24195267],\n       [7.45670083, 0.86397347, 2.74839975, 4.40724452, 3.41270825,\n        5.24195504],\n       [7.45670625, 0.86397245, 2.74839819, 4.40725038, 3.41271024,\n        5.24195598],\n       [7.45670648, 0.86397227, 2.74840439, 4.40724249, 3.41271107,\n        5.24196284],\n       [7.45670357, 0.86397657, 2.74839307, 4.40725055, 3.41270308,\n        5.24195485]]), array([0.09450433, 0.09450433, 0.09450433, 0.09450433, 0.09450433,\n       0.09450433, 0.09450433]))", "callback": [0.42002345933047947, 0.33401574772873965, 0.2198314215613486, 0.2084293168956155, 0.20346334159718849, 0.19734801316827033, 0.18453287568390186, 0.14541764638911725, 0.1284797074548103, 0.09857003600179592, 0.09737817340402377, 0.09599885419829624, 0.09570347248266298, 0.09565869037292085, 0.09563071591623118, 0.09554423878424889, 0.09517294549156374, 0.09478011907495021, 0.0946077863325725, 0.09452062288560692, 0.09451836692017124, 0.0945071811561704, 0.09450565862872673, 0.09450508273390912, 0.09450487897010684, 0.09450458108831938, 0.09450455938909808, 0.09450442472029108, 0.09450436963542552, 0.09450434610759317, 0.09450433552179649, 0.09450433015970194, 0.09450432914473605, 0.0945043288181392, 0.09450432845823775, 0.09450432818753574, 0.09450432784545937, 0.09450432733367109, 0.09450432709248147, 0.09450432697991062, 0.09450432697991062]}, "11": {"maxiter": 1000, "fatol": 1e-10, "xatol": 1e-10, "duration": 0.2325139045715332, "fun": "0.09450432697627531", "nit": "520", "nfev": "877", "status": "0", "success": "True", "message": "Optimization terminated successfully.", "x": "[7.45670657 0.86397945 2.74840172 4.40724833 3.41270517 5.24195299]", "final_simplex": "(array([[7.45670657, 0.86397945, 2.74840172, 4.40724833, 3.41270517,\n        5.24195299],\n       [7.45670657, 0.86397945, 2.74840171, 4.40724833, 3.41270517,\n        5.24195299],\n       [7.45670657, 0.86397945, 2.74840171, 4.40724834, 3.41270517,\n        5.24195299],\n       [7.45670657, 0.86397945, 2.74840172, 4.40724833, 3.41270517,\n        5.24195299],\n       [7.45670657, 0.86397945, 2.74840172, 4.40724833, 3.41270517,\n        5.24195299],\n       [7.45670657, 0.86397945, 2.74840172, 4.40724833, 3.41270517,\n        5.24195299],\n       [7.45670657, 0.86397945, 2.74840172, 4.40724833, 3.41270517,\n        5.24195299]]), array([0.09450433, 0.09450433, 0.09450433, 0.09450433, 0.09450433,\n       0.09450433, 0.09450433]))", "callback": [0.42002345933047947, 0.33401574772873965, 0.2198314215613486, 0.2084293168956155, 0.20346334159718849, 0.19734801316827033, 0.18453287568390186, 0.14541764638911725, 0.1284797074548103, 0.09857003600179592, 0.09737817340402377, 0.09599885419829624, 0.09570347248266298, 0.09565869037292085, 0.09563071591623118, 0.09554423878424889, 0.09517294549156374, 0.09478011907495021, 0.0946077863325725, 0.09452062288560692, 0.09451836692017124, 0.0945071811561704, 0.09450565862872673, 0.09450508273390912, 0.09450487897010684, 0.09450458108831938, 0.09450455938909808, 0.09450442472029108, 0.09450436963542552, 0.09450434610759317, 0.09450433552179649, 0.09450433015970194, 0.09450432914473605, 0.0945043288181392, 0.09450432845823775, 0.09450432818753574, 0.09450432784545937, 0.09450432733367109, 0.09450432709248147, 0.09450432697991062, 0.09450432697991062, 0.09450432697991062, 0.09450432697745803, 0.0945043269764605, 0.09450432697631239, 0.09450432697628086, 0.09450432697627686, 0.09450432697627587, 0.09450432697627531, 0.09450432697627531, 0.09450432697627531, 0.09450432697627531]}}, "bfgs": {"type": "gradient", "0": {"maxiter": 100, "gtol": 1e-05, "xrtol": 1e-05, "eps": 1e-05, "duration": 0.042150259017944336, "fun": "0.09450432704197809", "jac": "[ 8.64464056e-07 -2.05095940e-06 -2.08199014e-06 -3.28066463e-06\n  1.65041314e-06  2.03237427e-07]", "hess_inv": "[[ 3.56296567  0.22655181  0.6142263  -0.23592222 -0.02348272  0.70111001]\n [ 0.22655181  3.66526431 -2.78979578  1.37069047 -0.91291938 -1.57409425]\n [ 0.6142263  -2.78979578  5.93038249 -2.94870732  1.55610934  2.74221041]\n [-0.23592222  1.37069047 -2.94870732  3.34385872 -0.70084725 -1.34047203]\n [-0.02348272 -0.91291938  1.55610934 -0.70084725  2.87214245  1.25905172]\n [ 0.70111001 -1.57409425  2.74221041 -1.34047203  1.25905172  3.95166591]]", "nfev": "168", "njev": "24", "status": "0", "success": "True", "message": "Optimization terminated successfully.", "x": "[7.45670153 0.86397031 2.74839842 4.4072373  3.4127034  5.24194659]", "nit": "18", "callback": [0.09483149973021487]}, "1": {"maxiter": 100, "gtol": 1e-05, "xrtol": 1e-05, "eps": 1e-10, "duration": 0.040944814682006836, "fun": "0.09450432705828948", "jac": "[ 0.00000000e+00 -1.11022293e-06 -3.33066880e-06 -8.88178346e-06\n  3.33066880e-06  0.00000000e+00]", "hess_inv": "[[ 3.32667806  0.18167864  0.38075306 -0.09433725 -0.17373763  0.53034023]\n [ 0.18167864  3.72401394 -2.95239498  1.46585644 -0.95683122 -1.64561946]\n [ 0.38075306 -2.95239498  5.87387519 -2.92752749  1.43587499  2.62438269]\n [-0.09433725  1.46585644 -2.92752749  3.32578836 -0.60126873 -1.22825723]\n [-0.17373763 -0.95683122  1.43587499 -0.60126873  2.76911189  1.13979876]\n [ 0.53034023 -1.64561946  2.62438269 -1.22825723  1.13979876  3.80050472]]", "nfev": "168", "njev": "24", "status": "0", "success": "True", "message": "Optimization terminated successfully.", "x": "[7.45671601 0.86397144 2.74841421 4.40722743 3.41271752 5.24196608]", "nit": "18", "callback": [0.09483140838743687]}, "2": {"maxiter": 100, "gtol": 1e-05, "xrtol": 1e-10, "eps": 1e-05, "duration": 0.04093813896179199, "fun": "0.09450432704197809", "jac": "[ 8.64464056e-07 -2.05095940e-06 -2.08199014e-06 -3.28066463e-06\n  1.65041314e-06  2.03237427e-07]", "hess_inv": "[[ 3.56296567  0.22655181  0.6142263  -0.23592222 -0.02348272  0.70111001]\n [ 0.22655181  3.66526431 -2.78979578  1.37069047 -0.91291938 -1.57409425]\n [ 0.6142263  -2.78979578  5.93038249 -2.94870732  1.55610934  2.74221041]\n [-0.23592222  1.37069047 -2.94870732  3.34385872 -0.70084725 -1.34047203]\n [-0.02348272 -0.91291938  1.55610934 -0.70084725  2.87214245  1.25905172]\n [ 0.70111001 -1.57409425  2.74221041 -1.34047203  1.25905172  3.95166591]]", "nfev": "168", "njev": "24", "status": "0", "success": "True", "message": "Optimization terminated successfully.", "x": "[7.45670153 0.86397031 2.74839842 4.4072373  3.4127034  5.24194659]", "nit": "18", "callback": [0.09483149973021487]}, "3": {"maxiter": 100, "gtol": 1e-05, "xrtol": 1e-10, "eps": 1e-10, "duration": 0.03995323181152344, "fun": "0.09450432705828948", "jac": "[ 0.00000000e+00 -1.11022293e-06 -3.33066880e-06 -8.88178346e-06\n  3.33066880e-06  0.00000000e+00]", "hess_inv": "[[ 3.32667806  0.18167864  0.38075306 -0.09433725 -0.17373763  0.53034023]\n [ 0.18167864  3.72401394 -2.95239498  1.46585644 -0.95683122 -1.64561946]\n [ 0.38075306 -2.95239498  5.87387519 -2.92752749  1.43587499  2.62438269]\n [-0.09433725  1.46585644 -2.92752749  3.32578836 -0.60126873 -1.22825723]\n [-0.17373763 -0.95683122  1.43587499 -0.60126873  2.76911189  1.13979876]\n [ 0.53034023 -1.64561946  2.62438269 -1.22825723  1.13979876  3.80050472]]", "nfev": "168", "njev": "24", "status": "0", "success": "True", "message": "Optimization terminated successfully.", "x": "[7.45671601 0.86397144 2.74841421 4.40722743 3.41271752 5.24196608]", "nit": "18", "callback": [0.09483140838743687]}, "4": {"maxiter": 100, "gtol": 1e-10, "xrtol": 1e-05, "eps": 1e-05, "duration": 0.040374040603637695, "fun": "0.09450432704197809", "jac": "[ 8.64464056e-07 -2.05095940e-06 -2.08199014e-06 -3.28066463e-06\n  1.65041314e-06  2.03237427e-07]", "hess_inv": "[[ 3.56296567  0.22655181  0.6142263  -0.23592222 -0.02348272  0.70111001]\n [ 0.22655181  3.66526431 -2.78979578  1.37069047 -0.91291938 -1.57409425]\n [ 0.6142263  -2.78979578  5.93038249 -2.94870732  1.55610934  2.74221041]\n [-0.23592222  1.37069047 -2.94870732  3.34385872 -0.70084725 -1.34047203]\n [-0.02348272 -0.91291938  1.55610934 -0.70084725  2.87214245  1.25905172]\n [ 0.70111001 -1.57409425  2.74221041 -1.34047203  1.25905172  3.95166591]]", "nfev": "168", "njev": "24", "status": "0", "success": "True", "message": "Optimization terminated successfully.", "x": "[7.45670153 0.86397031 2.74839842 4.4072373  3.4127034  5.24194659]", "nit": "18", "callback": [0.09483149973021487]}, "5": {"maxiter": 100, "gtol": 1e-10, "xrtol": 1e-05, "eps": 1e-10, "duration": 0.03988313674926758, "fun": "0.09450432705828948", "jac": "[ 0.00000000e+00 -1.11022293e-06 -3.33066880e-06 -8.88178346e-06\n  3.33066880e-06  0.00000000e+00]", "hess_inv": "[[ 3.32667806  0.18167864  0.38075306 -0.09433725 -0.17373763  0.53034023]\n [ 0.18167864  3.72401394 -2.95239498  1.46585644 -0.95683122 -1.64561946]\n [ 0.38075306 -2.95239498  5.87387519 -2.92752749  1.43587499  2.62438269]\n [-0.09433725  1.46585644 -2.92752749  3.32578836 -0.60126873 -1.22825723]\n [-0.17373763 -0.95683122  1.43587499 -0.60126873  2.76911189  1.13979876]\n [ 0.53034023 -1.64561946  2.62438269 -1.22825723  1.13979876  3.80050472]]", "nfev": "168", "njev": "24", "status": "0", "success": "True", "message": "Optimization terminated successfully.", "x": "[7.45671601 0.86397144 2.74841421 4.40722743 3.41271752 5.24196608]", "nit": "18", "callback": [0.09483140838743687]}, "6": {"maxiter": 100, "gtol": 1e-10, "xrtol": 1e-10, "eps": 1e-05, "duration": 0.10609626770019531, "fun": "0.094504327020142", "jac": "[-6.66133815e-10 -1.11022302e-11  1.64313008e-09  1.67643677e-09\n -4.21884749e-10 -1.11022302e-10]", "hess_inv": "[[ 3.60033076  0.10917338  0.68854878 -0.38991478  0.0529133   0.75596504]\n [ 0.10917338  4.2929115  -3.42809772  1.9956612  -1.38591187 -2.05967816]\n [ 0.68854878 -3.42809772  6.56579123 -3.53290972  1.97908204  3.16963654]\n [-0.38991478  1.9956612  -3.53290972  4.03303366 -1.17938502 -1.80473768]\n [ 0.0529133  -1.38591187  1.97908204 -1.17938502  3.17813237  1.54306742]\n [ 0.75596504 -2.05967816  3.16963654 -1.80473768  1.54306742  4.20894514]]", "nfev": "465", "njev": "65", "status": "2", "success": "False", "message": "Desired error not necessarily achieved due to precision loss.", "x": "[7.45669847 0.86398134 2.74838884 4.40725022 3.41269506 5.24193888]", "nit": "21", "callback": [0.09483149973021487, 0.09450432702025191]}, "7": {"maxiter": 100, "gtol": 1e-10, "xrtol": 1e-10, "eps": 1e-10, "duration": 0.06210517883300781, "fun": "0.09450432698896338", "jac": "[ 1.11022293e-06  1.11022293e-06  0.00000000e+00 -1.11022293e-06\n  0.00000000e+00 -2.22044587e-06]", "hess_inv": "[[ 11.0634464   15.20105216 -11.27788665  -7.93235431  -8.27604983\n    2.49466868]\n [ 15.20105216  21.15625865 -15.57559477 -11.08333052 -11.33354516\n    3.4828271 ]\n [-11.27788665 -15.57559477  11.53751171   8.10286435   8.40065897\n   -2.57775031]\n [ -7.93235431 -11.08333052   8.10286435   5.89973151   5.9654779\n   -1.78490945]\n [ -8.27604983 -11.33354516   8.40065897   5.9654779    6.31246925\n   -1.83116442]\n [  2.49466868   3.4828271   -2.57775031  -1.78490945  -1.83116442\n    0.59383423]]", "nfev": "273", "njev": "39", "status": "2", "success": "False", "message": "Desired error not necessarily achieved due to precision loss.", "x": "[7.45671334 0.86397748 2.74840887 4.40724682 3.41270948 5.24195928]", "nit": "25", "callback": [0.09483140838743687, 0.09450432699058675]}, "8": {"maxiter": 500, "gtol": 1e-05, "xrtol": 1e-05, "eps": 1e-05, "duration": 0.038397789001464844, "fun": "0.09450432704197809", "jac": "[ 8.64464056e-07 -2.05095940e-06 -2.08199014e-06 -3.28066463e-06\n  1.65041314e-06  2.03237427e-07]", "hess_inv": "[[ 3.56296567  0.22655181  0.6142263  -0.23592222 -0.02348272  0.70111001]\n [ 0.22655181  3.66526431 -2.78979578  1.37069047 -0.91291938 -1.57409425]\n [ 0.6142263  -2.78979578  5.93038249 -2.94870732  1.55610934  2.74221041]\n [-0.23592222  1.37069047 -2.94870732  3.34385872 -0.70084725 -1.34047203]\n [-0.02348272 -0.91291938  1.55610934 -0.70084725  2.87214245  1.25905172]\n [ 0.70111001 -1.57409425  2.74221041 -1.34047203  1.25905172  3.95166591]]", "nfev": "168", "njev": "24", "status": "0", "success": "True", "message": "Optimization terminated successfully.", "x": "[7.45670153 0.86397031 2.74839842 4.4072373  3.4127034  5.24194659]", "nit": "18", "callback": [0.09483149973021487]}, "9": {"maxiter": 500, "gtol": 1e-05, "xrtol": 1e-05, "eps": 1e-10, "duration": 0.03837299346923828, "fun": "0.09450432705828948", "jac": "[ 0.00000000e+00 -1.11022293e-06 -3.33066880e-06 -8.88178346e-06\n  3.33066880e-06  0.00000000e+00]", "hess_inv": "[[ 3.32667806  0.18167864  0.38075306 -0.09433725 -0.17373763  0.53034023]\n [ 0.18167864  3.72401394 -2.95239498  1.46585644 -0.95683122 -1.64561946]\n [ 0.38075306 -2.95239498  5.87387519 -2.92752749  1.43587499  2.62438269]\n [-0.09433725  1.46585644 -2.92752749  3.32578836 -0.60126873 -1.22825723]\n [-0.17373763 -0.95683122  1.43587499 -0.60126873  2.76911189  1.13979876]\n [ 0.53034023 -1.64561946  2.62438269 -1.22825723  1.13979876  3.80050472]]", "nfev": "168", "njev": "24", "status": "0", "success": "True", "message": "Optimization terminated successfully.", "x": "[7.45671601 0.86397144 2.74841421 4.40722743 3.41271752 5.24196608]", "nit": "18", "callback": [0.09483140838743687]}, "10": {"maxiter": 500, "gtol": 1e-05, "xrtol": 1e-10, "eps": 1e-05, "duration": 0.03787708282470703, "fun": "0.09450432704197809", "jac": "[ 8.64464056e-07 -2.05095940e-06 -2.08199014e-06 -3.28066463e-06\n  1.65041314e-06  2.03237427e-07]", "hess_inv": "[[ 3.56296567  0.22655181  0.6142263  -0.23592222 -0.02348272  0.70111001]\n [ 0.22655181  3.66526431 -2.78979578  1.37069047 -0.91291938 -1.57409425]\n [ 0.6142263  -2.78979578  5.93038249 -2.94870732  1.55610934  2.74221041]\n [-0.23592222  1.37069047 -2.94870732  3.34385872 -0.70084725 -1.34047203]\n [-0.02348272 -0.91291938  1.55610934 -0.70084725  2.87214245  1.25905172]\n [ 0.70111001 -1.57409425  2.74221041 -1.34047203  1.25905172  3.95166591]]", "nfev": "168", "njev": "24", "status": "0", "success": "True", "message": "Optimization terminated successfully.", "x": "[7.45670153 0.86397031 2.74839842 4.4072373  3.4127034  5.24194659]", "nit": "18", "callback": [0.09483149973021487]}, "11": {"maxiter": 500, "gtol": 1e-05, "xrtol": 1e-10, "eps": 1e-10, "duration": 0.03865694999694824, "fun": "0.09450432705828948", "jac": "[ 0.00000000e+00 -1.11022293e-06 -3.33066880e-06 -8.88178346e-06\n  3.33066880e-06  0.00000000e+00]", "hess_inv": "[[ 3.32667806  0.18167864  0.38075306 -0.09433725 -0.17373763  0.53034023]\n [ 0.18167864  3.72401394 -2.95239498  1.46585644 -0.95683122 -1.64561946]\n [ 0.38075306 -2.95239498  5.87387519 -2.92752749  1.43587499  2.62438269]\n [-0.09433725  1.46585644 -2.92752749  3.32578836 -0.60126873 -1.22825723]\n [-0.17373763 -0.95683122  1.43587499 -0.60126873  2.76911189  1.13979876]\n [ 0.53034023 -1.64561946  2.62438269 -1.22825723  1.13979876  3.80050472]]", "nfev": "168", "njev": "24", "status": "0", "success": "True", "message": "Optimization terminated successfully.", "x": "[7.45671601 0.86397144 2.74841421 4.40722743 3.41271752 5.24196608]", "nit": "18", "callback": [0.09483140838743687]}, "12": {"maxiter": 500, "gtol": 1e-10, "xrtol": 1e-05, "eps": 1e-05, "duration": 0.03882908821105957, "fun": "0.09450432704197809", "jac": "[ 8.64464056e-07 -2.05095940e-06 -2.08199014e-06 -3.28066463e-06\n  1.65041314e-06  2.03237427e-07]", "hess_inv": "[[ 3.56296567  0.22655181  0.6142263  -0.23592222 -0.02348272  0.70111001]\n [ 0.22655181  3.66526431 -2.78979578  1.37069047 -0.91291938 -1.57409425]\n [ 0.6142263  -2.78979578  5.93038249 -2.94870732  1.55610934  2.74221041]\n [-0.23592222  1.37069047 -2.94870732  3.34385872 -0.70084725 -1.34047203]\n [-0.02348272 -0.91291938  1.55610934 -0.70084725  2.87214245  1.25905172]\n [ 0.70111001 -1.57409425  2.74221041 -1.34047203  1.25905172  3.95166591]]", "nfev": "168", "njev": "24", "status": "0", "success": "True", "message": "Optimization terminated successfully.", "x": "[7.45670153 0.86397031 2.74839842 4.4072373  3.4127034  5.24194659]", "nit": "18", "callback": [0.09483149973021487]}, "13": {"maxiter": 500, "gtol": 1e-10, "xrtol": 1e-05, "eps": 1e-10, "duration": 0.038162946701049805, "fun": "0.09450432705828948", "jac": "[ 0.00000000e+00 -1.11022293e-06 -3.33066880e-06 -8.88178346e-06\n  3.33066880e-06  0.00000000e+00]", "hess_inv": "[[ 3.32667806  0.18167864  0.38075306 -0.09433725 -0.17373763  0.53034023]\n [ 0.18167864  3.72401394 -2.95239498  1.46585644 -0.95683122 -1.64561946]\n [ 0.38075306 -2.95239498  5.87387519 -2.92752749  1.43587499  2.62438269]\n [-0.09433725  1.46585644 -2.92752749  3.32578836 -0.60126873 -1.22825723]\n [-0.17373763 -0.95683122  1.43587499 -0.60126873  2.76911189  1.13979876]\n [ 0.53034023 -1.64561946  2.62438269 -1.22825723  1.13979876  3.80050472]]", "nfev": "168", "njev": "24", "status": "0", "success": "True", "message": "Optimization terminated successfully.", "x": "[7.45671601 0.86397144 2.74841421 4.40722743 3.41271752 5.24196608]", "nit": "18", "callback": [0.09483140838743687]}, "14": {"maxiter": 500, "gtol": 1e-10, "xrtol": 1e-10, "eps": 1e-05, "duration": 0.10552096366882324, "fun": "0.094504327020142", "jac": "[-6.66133815e-10 -1.11022302e-11  1.64313008e-09  1.67643677e-09\n -4.21884749e-10 -1.11022302e-10]", "hess_inv": "[[ 3.60033076  0.10917338  0.68854878 -0.38991478  0.0529133   0.75596504]\n [ 0.10917338  4.2929115  -3.42809772  1.9956612  -1.38591187 -2.05967816]\n [ 0.68854878 -3.42809772  6.56579123 -3.53290972  1.97908204  3.16963654]\n [-0.38991478  1.9956612  -3.53290972  4.03303366 -1.17938502 -1.80473768]\n [ 0.0529133  -1.38591187  1.97908204 -1.17938502  3.17813237  1.54306742]\n [ 0.75596504 -2.05967816  3.16963654 -1.80473768  1.54306742  4.20894514]]", "nfev": "465", "njev": "65", "status": "2", "success": "False", "message": "Desired error not necessarily achieved due to precision loss.", "x": "[7.45669847 0.86398134 2.74838884 4.40725022 3.41269506 5.24193888]", "nit": "21", "callback": [0.09483149973021487, 0.09450432702025191]}, "15": {"maxiter": 500, "gtol": 1e-10, "xrtol": 1e-10, "eps": 1e-10, "duration": 0.06273102760314941, "fun": "0.09450432698896338", "jac": "[ 1.11022293e-06  1.11022293e-06  0.00000000e+00 -1.11022293e-06\n  0.00000000e+00 -2.22044587e-06]", "hess_inv": "[[ 11.0634464   15.20105216 -11.27788665  -7.93235431  -8.27604983\n    2.49466868]\n [ 15.20105216  21.15625865 -15.57559477 -11.08333052 -11.33354516\n    3.4828271 ]\n [-11.27788665 -15.57559477  11.53751171   8.10286435   8.40065897\n   -2.57775031]\n [ -7.93235431 -11.08333052   8.10286435   5.89973151   5.9654779\n   -1.78490945]\n [ -8.27604983 -11.33354516   8.40065897   5.9654779    6.31246925\n   -1.83116442]\n [  2.49466868   3.4828271   -2.57775031  -1.78490945  -1.83116442\n    0.59383423]]", "nfev": "273", "njev": "39", "status": "2", "success": "False", "message": "Desired error not necessarily achieved due to precision loss.", "x": "[7.45671334 0.86397748 2.74840887 4.40724682 3.41270948 5.24195928]", "nit": "25", "callback": [0.09483140838743687, 0.09450432699058675]}, "16": {"maxiter": 1000, "gtol": 1e-05, "xrtol": 1e-05, "eps": 1e-05, "duration": 0.03889203071594238, "fun": "0.09450432704197809", "jac": "[ 8.64464056e-07 -2.05095940e-06 -2.08199014e-06 -3.28066463e-06\n  1.65041314e-06  2.03237427e-07]", "hess_inv": "[[ 3.56296567  0.22655181  0.6142263  -0.23592222 -0.02348272  0.70111001]\n [ 0.22655181  3.66526431 -2.78979578  1.37069047 -0.91291938 -1.57409425]\n [ 0.6142263  -2.78979578  5.93038249 -2.94870732  1.55610934  2.74221041]\n [-0.23592222  1.37069047 -2.94870732  3.34385872 -0.70084725 -1.34047203]\n [-0.02348272 -0.91291938  1.55610934 -0.70084725  2.87214245  1.25905172]\n [ 0.70111001 -1.57409425  2.74221041 -1.34047203  1.25905172  3.95166591]]", "nfev": "168", "njev": "24", "status": "0", "success": "True", "message": "Optimization terminated successfully.", "x": "[7.45670153 0.86397031 2.74839842 4.4072373  3.4127034  5.24194659]", "nit": "18", "callback": [0.09483149973021487]}, "17": {"maxiter": 1000, "gtol": 1e-05, "xrtol": 1e-05, "eps": 1e-10, "duration": 0.0385127067565918, "fun": "0.09450432705828948", "jac": "[ 0.00000000e+00 -1.11022293e-06 -3.33066880e-06 -8.88178346e-06\n  3.33066880e-06  0.00000000e+00]", "hess_inv": "[[ 3.32667806  0.18167864  0.38075306 -0.09433725 -0.17373763  0.53034023]\n [ 0.18167864  3.72401394 -2.95239498  1.46585644 -0.95683122 -1.64561946]\n [ 0.38075306 -2.95239498  5.87387519 -2.92752749  1.43587499  2.62438269]\n [-0.09433725  1.46585644 -2.92752749  3.32578836 -0.60126873 -1.22825723]\n [-0.17373763 -0.95683122  1.43587499 -0.60126873  2.76911189  1.13979876]\n [ 0.53034023 -1.64561946  2.62438269 -1.22825723  1.13979876  3.80050472]]", "nfev": "168", "njev": "24", "status": "0", "success": "True", "message": "Optimization terminated successfully.", "x": "[7.45671601 0.86397144 2.74841421 4.40722743 3.41271752 5.24196608]", "nit": "18", "callback": [0.09483140838743687]}, "18": {"maxiter": 1000, "gtol": 1e-05, "xrt