{"date": "2024/10/08/, 14:55:53", "conf_id": 6, "data_type": "random\n", "num_data_points": 1, "s_rank": 0, "unitary": "[[-0.56303964-0.00798273j,-0.21670212-0.15784972j,-0.06047197-0.73952673j,-0.01438004+0.24552571j],[-0.06976756+0.23474685j,-0.01275565-0.5435098j,-0.02703657-0.08917885j,-0.08210486-0.79311774j],[-0.38559961+0.10714929j,0.5933431-0.2687392j,-0.24060861+0.29149289j,-0.45147719+0.26241743j],[-0.50180421+0.45931857j,-0.11617175+0.44134496j,0.49642745+0.22684508j,-0.08544628-0.15407063j]]", "databatch_0": {"databatch": "[[[0.11096773-0.07836851j,-0.19388433+0.09069114j,0.08827422-0.08731563j,0.1920038+0.10781195j],[0.07523734-0.21089263j,-0.17451617+0.34913665j,-0.04069336-0.16236217j,0.29306809-0.20220965j],[0.03763085+0.15366371j,-0.11536663-0.22454734j,-0.07401196-0.02583415j,0.15126961-0.08239015j],[0.23619754-0.05822173j,-0.25955159+0.15063308j,0.08449099+0.24417336j,-0.41708822+0.00241639j]]]", "initial param values": "[0.38728864,5.65844649,5.16377387,1.12243408,5.9727317,1.93491875]", "nelder_mead": {"type": "gradient-free", "0": {"maxiter": 100, "fatol": 1e-05, "xatol": 1e-05, "duration": 0.06142282485961914, "fun": "0.1887416714475152", "nit": "100", "nfev": "165", "status": "2", "success": "False", "message": "Maximum number of iterations has been exceeded.", "x": "[ 0.58052289  8.54908887  4.32404443 -0.65514514  3.65425986  2.68586494]", "final_simplex": "(array([[ 0.58052289,  8.54908887,  4.32404443, -0.65514514,  3.65425986,\n         2.68586494],\n       [ 0.57930888,  8.49512169,  4.30507922, -0.64449988,  3.63519382,\n         2.71532794],\n       [ 0.5846984 ,  8.53121923,  4.35435532, -0.72586237,  3.5960296 ,\n         2.77511796],\n       [ 0.58603681,  8.49908272,  4.30553752, -0.65618939,  3.58111268,\n         2.77902653],\n       [ 0.58916608,  8.61840639,  4.26106824, -0.74321484,  3.62762525,\n         2.76022623],\n       [ 0.57714818,  8.62650716,  4.19756344, -0.68703865,  3.54603834,\n         2.76684204],\n       [ 0.58200293,  8.5818367 ,  4.22732013, -0.65016138,  3.4987668 ,\n         2.77850352]]), array([0.18874167, 0.18937122, 0.18959174, 0.19114831, 0.19123423,\n       0.19123951, 0.19144217]))", "callback": [0.9588811273793264, 0.7347135859807393, 0.7068376911415308, 0.3700107515346299, 0.2603049714163499, 0.2376413911294537, 0.229076096497852, 0.20655908790843713, 0.1958333093868665, 0.19123950620715102]}, "1": {"maxiter": 100, "fatol": 1e-05, "xatol": 1e-10, "duration": 0.04895782470703125, "fun": "0.1887416714475152", "nit": "100", "nfev": "165", "status": "2", "success": "False", "message": "Maximum number of iterations has been exceeded.", "x": "[ 0.58052289  8.54908887  4.32404443 -0.65514514  3.65425986  2.68586494]", "final_simplex": "(array([[ 0.58052289,  8.54908887,  4.32404443, -0.65514514,  3.65425986,\n         2.68586494],\n       [ 0.57930888,  8.49512169,  4.30507922, -0.64449988,  3.63519382,\n         2.71532794],\n       [ 0.5846984 ,  8.53121923,  4.35435532, -0.72586237,  3.5960296 ,\n         2.77511796],\n       [ 0.58603681,  8.49908272,  4.30553752, -0.65618939,  3.58111268,\n         2.77902653],\n       [ 0.58916608,  8.61840639,  4.26106824, -0.74321484,  3.62762525,\n         2.76022623],\n       [ 0.57714818,  8.62650716,  4.19756344, -0.68703865,  3.54603834,\n         2.76684204],\n       [ 0.58200293,  8.5818367 ,  4.22732013, -0.65016138,  3.4987668 ,\n         2.77850352]]), array([0.18874167, 0.18937122, 0.18959174, 0.19114831, 0.19123423,\n       0.19123951, 0.19144217]))", "callback": [0.9588811273793264, 0.7347135859807393, 0.7068376911415308, 0.3700107515346299, 0.2603049714163499, 0.2376413911294537, 0.229076096497852, 0.20655908790843713, 0.1958333093868665, 0.19123950620715102]}, "2": {"maxiter": 100, "fatol": 1e-10, "xatol": 1e-05, "duration": 0.05092310905456543, "fun": "0.1887416714475152", "nit": "100", "nfev": "165", "status": "2", "success": "False", "message": "Maximum number of iterations has been exceeded.", "x": "[ 0.58052289  8.54908887  4.32404443 -0.65514514  3.65425986  2.68586494]", "final_simplex": "(array([[ 0.58052289,  8.54908887,  4.32404443, -0.65514514,  3.65425986,\n         2.68586494],\n       [ 0.57930888,  8.49512169,  4.30507922, -0.64449988,  3.63519382,\n         2.71532794],\n       [ 0.5846984 ,  8.53121923,  4.35435532, -0.72586237,  3.5960296 ,\n         2.77511796],\n       [ 0.58603681,  8.49908272,  4.30553752, -0.65618939,  3.58111268,\n         2.77902653],\n       [ 0.58916608,  8.61840639,  4.26106824, -0.74321484,  3.62762525,\n         2.76022623],\n       [ 0.57714818,  8.62650716,  4.19756344, -0.68703865,  3.54603834,\n         2.76684204],\n       [ 0.58200293,  8.5818367 ,  4.22732013, -0.65016138,  3.4987668 ,\n         2.77850352]]), array([0.18874167, 0.18937122, 0.18959174, 0.19114831, 0.19123423,\n       0.19123951, 0.19144217]))", "callback": [0.9588811273793264, 0.7347135859807393, 0.7068376911415308, 0.3700107515346299, 0.2603049714163499, 0.2376413911294537, 0.229076096497852, 0.20655908790843713, 0.1958333093868665, 0.19123950620715102]}, "3": {"maxiter": 100, "fatol": 1e-10, "xatol": 1e-10, "duration": 0.0512540340423584, "fun": "0.1887416714475152", "nit": "100", "nfev": "165", "status": "2", "success": "False", "message": "Maximum number of iterations has been exceeded.", "x": "[ 0.58052289  8.54908887  4.32404443 -0.65514514  3.65425986  2.68586494]", "final_simplex": "(array([[ 0.58052289,  8.54908887,  4.32404443, -0.65514514,  3.65425986,\n         2.68586494],\n       [ 0.57930888,  8.49512169,  4.30507922, -0.64449988,  3.63519382,\n         2.71532794],\n       [ 0.5846984 ,  8.53121923,  4.35435532, -0.72586237,  3.5960296 ,\n         2.77511796],\n       [ 0.58603681,  8.49908272,  4.30553752, -0.65618939,  3.58111268,\n         2.77902653],\n       [ 0.58916608,  8.61840639,  4.26106824, -0.74321484,  3.62762525,\n         2.76022623],\n       [ 0.57714818,  8.62650716,  4.19756344, -0.68703865,  3.54603834,\n         2.76684204],\n       [ 0.58200293,  8.5818367 ,  4.22732013, -0.65016138,  3.4987668 ,\n         2.77850352]]), array([0.18874167, 0.18937122, 0.18959174, 0.19114831, 0.19123423,\n       0.19123951, 0.19144217]))", "callback": [0.9588811273793264, 0.7347135859807393, 0.7068376911415308, 0.3700107515346299, 0.2603049714163499, 0.2376413911294537, 0.229076096497852, 0.20655908790843713, 0.1958333093868665, 0.19123950620715102]}, "4": {"maxiter": 500, "fatol": 1e-05, "xatol": 1e-05, "duration": 0.18150782585144043, "fun": "0.16644085848904788", "nit": "403", "nfev": "636", "status": "0", "success": "True", "message": "Optimization terminated successfully.", "x": "[ 0.62356814  7.81211434  5.07708055 -1.01172191  4.00412869  2.26891984]", "final_simplex": "(array([[ 0.62356814,  7.81211434,  5.07708055, -1.01172191,  4.00412869,\n         2.26891984],\n       [ 0.62356804,  7.81211869,  5.07707491, -1.01171454,  4.00412365,\n         2.26891995],\n       [ 0.62356415,  7.81212266,  5.07707127, -1.01171613,  4.00412202,\n         2.26892511],\n       [ 0.62356556,  7.81211681,  5.07708116, -1.01171964,  4.00412105,\n         2.26892347],\n       [ 0.62356627,  7.81211306,  5.07708387, -1.01171529,  4.00412849,\n         2.2689167 ],\n       [ 0.6235643 ,  7.81210795,  5.0770857 , -1.01172655,  4.0041218 ,\n         2.26892484],\n       [ 0.62356717,  7.81211483,  5.07707988, -1.0117174 ,  4.00412661,\n         2.26891106]]), array([0.16644086, 0.16644086, 0.16644086, 0.16644086, 0.16644086,\n       0.16644086, 0.16644086]))", "callback": [0.9588811273793264, 0.7347135859807393, 0.7068376911415308, 0.3700107515346299, 0.2603049714163499, 0.2376413911294537, 0.229076096497852, 0.20655908790843713, 0.1958333093868665, 0.19123950620715102, 0.1887416714475152, 0.18726237158561132, 0.18476691815890645, 0.17863758522662398, 0.1748569295325999, 0.17337432780929973, 0.17292325181614276, 0.1727092782386832, 0.17259338009773795, 0.17254304830297396, 0.17244516522319997, 0.17203725866654862, 0.17052648493314226, 0.16796596258150853, 0.1668951287251823, 0.16670839472840415, 0.16656825693462496, 0.1664800547717019, 0.16646040371962934, 0.16644451994102072, 0.16644451994102072, 0.16644177864645904, 0.1664411918761327, 0.1664409398784269, 0.1664408812541145, 0.1664408652741357, 0.16644085913784368, 0.16644085891409532, 0.16644085854977742, 0.16644085852975632, 0.16644085849175638]}, "5": {"maxiter": 500, "fatol": 1e-05, "xatol": 1e-10, "duration": 0.25768494606018066, "fun": "0.16644085848641543", "nit": "500", "nfev": "826", "status": "2", "success": "False", "message": "Maximum number of iterations has been exceeded.", "x": "[ 0.62356879  7.81211789  5.0770774  -1.01172085  4.0041248   2.26892077]", "final_simplex": "(array([[ 0.62356879,  7.81211789,  5.0770774 , -1.01172085,  4.0041248 ,\n         2.26892077],\n       [ 0.62356879,  7.81211789,  5.0770774 , -1.01172085,  4.0041248 ,\n         2.26892077],\n       [ 0.62356879,  7.81211789,  5.0770774 , -1.01172085,  4.00412481,\n         2.26892077],\n       [ 0.6235688 ,  7.81211789,  5.0770774 , -1.01172085,  4.00412481,\n         2.26892077],\n       [ 0.62356879,  7.81211789,  5.0770774 , -1.01172085,  4.00412481,\n         2.26892077],\n       [ 0.62356879,  7.81211789,  5.0770774 , -1.01172085,  4.00412481,\n         2.26892077],\n       [ 0.62356879,  7.81211789,  5.0770774 , -1.01172085,  4.0041248 ,\n         2.26892077]]), array([0.16644086, 0.16644086, 0.16644086, 0.16644086, 0.16644086,\n       0.16644086, 0.16644086]))", "callback": [0.9588811273793264, 0.7347135859807393, 0.7068376911415308, 0.3700107515346299, 0.2603049714163499, 0.2376413911294537, 0.229076096497852, 0.20655908790843713, 0.1958333093868665, 0.19123950620715102, 0.1887416714475152, 0.18726237158561132, 0.18476691815890645, 0.17863758522662398, 0.1748569295325999, 0.17337432780929973, 0.17292325181614276, 0.1727092782386832, 0.17259338009773795, 0.17254304830297396, 0.17244516522319997, 0.17203725866654862, 0.17052648493314226, 0.16796596258150853, 0.1668951287251823, 0.16670839472840415, 0.16656825693462496, 0.1664800547717019, 0.16646040371962934, 0.16644451994102072, 0.16644451994102072, 0.16644177864645904, 0.1664411918761327, 0.1664409398784269, 0.1664408812541145, 0.1664408652741357, 0.16644085913784368, 0.16644085891409532, 0.16644085854977742, 0.16644085852975632, 0.16644085849175638, 0.16644085848771117, 0.16644085848699308, 0.16644085848648293, 0.16644085848645251, 0.1664408584864241, 0.16644085848641788, 0.166440858486416, 0.16644085848641565, 0.16644085848641543]}, "6": {"maxiter": 500, "fatol": 1e-10, "xatol": 1e-05, "duration": 0.2119121551513672, "fun": "0.16644085848904788", "nit": "403", "nfev": "636", "status": "0", "success": "True", "message": "Optimization terminated successfully.", "x": "[ 0.62356814  7.81211434  5.07708055 -1.01172191  4.00412869  2.26891984]", "final_simplex": "(array([[ 0.62356814,  7.81211434,  5.07708055, -1.01172191,  4.00412869,\n         2.26891984],\n       [ 0.62356804,  7.81211869,  5.07707491, -1.01171454,  4.00412365,\n         2.26891995],\n       [ 0.62356415,  7.81212266,  5.07707127, -1.01171613,  4.00412202,\n         2.26892511],\n       [ 0.62356556,  7.81211681,  5.07708116, -1.01171964,  4.00412105,\n         2.26892347],\n       [ 0.62356627,  7.81211306,  5.07708387, -1.01171529,  4.00412849,\n         2.2689167 ],\n       [ 0.6235643 ,  7.81210795,  5.0770857 , -1.01172655,  4.0041218 ,\n         2.26892484],\n       [ 0.62356717,  7.81211483,  5.07707988, -1.0117174 ,  4.00412661,\n         2.26891106]]), array([0.16644086, 0.16644086, 0.16644086, 0.16644086, 0.16644086,\n       0.16644086, 0.16644086]))", "callback": [0.9588811273793264, 0.7347135859807393, 0.7068376911415308, 0.3700107515346299, 0.2603049714163499, 0.2376413911294537, 0.229076096497852, 0.20655908790843713, 0.1958333093868665, 0.19123950620715102, 0.1887416714475152, 0.18726237158561132, 0.18476691815890645, 0.17863758522662398, 0.1748569295325999, 0.17337432780929973, 0.17292325181614276, 0.1727092782386832, 0.17259338009773795, 0.17254304830297396, 0.17244516522319997, 0.17203725866654862, 0.17052648493314226, 0.16796596258150853, 0.1668951287251823, 0.16670839472840415, 0.16656825693462496, 0.1664800547717019, 0.16646040371962934, 0.16644451994102072, 0.16644451994102072, 0.16644177864645904, 0.1664411918761327, 0.1664409398784269, 0.1664408812541145, 0.1664408652741357, 0.16644085913784368, 0.16644085891409532, 0.16644085854977742, 0.16644085852975632, 0.16644085849175638]}, "7": {"maxiter": 500, "fatol": 1e-10, "xatol": 1e-10, "duration": 0.26327991485595703, "fun": "0.16644085848641543", "nit": "500", "nfev": "826", "status": "2", "success": "False", "message": "Maximum number of iterations has been exceeded.", "x": "[ 0.62356879  7.81211789  5.0770774  -1.01172085  4.0041248   2.26892077]", "final_simplex": "(array([[ 0.62356879,  7.81211789,  5.0770774 , -1.01172085,  4.0041248 ,\n         2.26892077],\n       [ 0.62356879,  7.81211789,  5.0770774 , -1.01172085,  4.0041248 ,\n         2.26892077],\n       [ 0.62356879,  7.81211789,  5.0770774 , -1.01172085,  4.00412481,\n         2.26892077],\n       [ 0.6235688 ,  7.81211789,  5.0770774 , -1.01172085,  4.00412481,\n         2.26892077],\n       [ 0.62356879,  7.81211789,  5.0770774 , -1.01172085,  4.00412481,\n         2.26892077],\n       [ 0.62356879,  7.81211789,  5.0770774 , -1.01172085,  4.00412481,\n         2.26892077],\n       [ 0.62356879,  7.81211789,  5.0770774 , -1.01172085,  4.0041248 ,\n         2.26892077]]), array([0.16644086, 0.16644086, 0.16644086, 0.16644086, 0.16644086,\n       0.16644086, 0.16644086]))", "callback": [0.9588811273793264, 0.7347135859807393, 0.7068376911415308, 0.3700107515346299, 0.2603049714163499, 0.2376413911294537, 0.229076096497852, 0.20655908790843713, 0.1958333093868665, 0.19123950620715102, 0.1887416714475152, 0.18726237158561132, 0.18476691815890645, 0.17863758522662398, 0.1748569295325999, 0.17337432780929973, 0.17292325181614276, 0.1727092782386832, 0.17259338009773795, 0.17254304830297396, 0.17244516522319997, 0.17203725866654862, 0.17052648493314226, 0.16796596258150853, 0.1668951287251823, 0.16670839472840415, 0.16656825693462496, 0.1664800547717019, 0.16646040371962934, 0.16644451994102072, 0.16644451994102072, 0.16644177864645904, 0.1664411918761327, 0.1664409398784269, 0.1664408812541145, 0.1664408652741357, 0.16644085913784368, 0.16644085891409532, 0.16644085854977742, 0.16644085852975632, 0.16644085849175638, 0.16644085848771117, 0.16644085848699308, 0.16644085848648293, 0.16644085848645251, 0.1664408584864241, 0.16644085848641788, 0.166440858486416, 0.16644085848641565, 0.16644085848641543]}, "8": {"maxiter": 1000, "fatol": 1e-05, "xatol": 1e-05, "duration": 0.19820785522460938, "fun": "0.16644085848904788", "nit": "403", "nfev": "636", "status": "0", "success": "True", "message": "Optimization terminated successfully.", "x": "[ 0.62356814  7.81211434  5.07708055 -1.01172191  4.00412869  2.26891984]", "final_simplex": "(array([[ 0.62356814,  7.81211434,  5.07708055, -1.01172191,  4.00412869,\n         2.26891984],\n       [ 0.62356804,  7.81211869,  5.07707491, -1.01171454,  4.00412365,\n         2.26891995],\n       [ 0.62356415,  7.81212266,  5.07707127, -1.01171613,  4.00412202,\n         2.26892511],\n       [ 0.62356556,  7.81211681,  5.07708116, -1.01171964,  4.00412105,\n         2.26892347],\n       [ 0.62356627,  7.81211306,  5.07708387, -1.01171529,  4.00412849,\n         2.2689167 ],\n       [ 0.6235643 ,  7.81210795,  5.0770857 , -1.01172655,  4.0041218 ,\n         2.26892484],\n       [ 0.62356717,  7.81211483,  5.07707988, -1.0117174 ,  4.00412661,\n         2.26891106]]), array([0.16644086, 0.16644086, 0.16644086, 0.16644086, 0.16644086,\n       0.16644086, 0.16644086]))", "callback": [0.9588811273793264, 0.7347135859807393, 0.7068376911415308, 0.3700107515346299, 0.2603049714163499, 0.2376413911294537, 0.229076096497852, 0.20655908790843713, 0.1958333093868665, 0.19123950620715102, 0.1887416714475152, 0.18726237158561132, 0.18476691815890645, 0.17863758522662398, 0.1748569295325999, 0.17337432780929973, 0.17292325181614276, 0.1727092782386832, 0.17259338009773795, 0.17254304830297396, 0.17244516522319997, 0.17203725866654862, 0.17052648493314226, 0.16796596258150853, 0.1668951287251823, 0.16670839472840415, 0.16656825693462496, 0.1664800547717019, 0.16646040371962934, 0.16644451994102072, 0.16644451994102072, 0.16644177864645904, 0.1664411918761327, 0.1664409398784269, 0.1664408812541145, 0.1664408652741357, 0.16644085913784368, 0.16644085891409532, 0.16644085854977742, 0.16644085852975632, 0.16644085849175638]}, "9": {"maxiter": 1000, "fatol": 1e-05, "xatol": 1e-10, "duration": 0.26973724365234375, "fun": "0.1664408584864152", "nit": "510", "nfev": "867", "status": "0", "success": "True", "message": "Optimization terminated successfully.", "x": "[ 0.62356879  7.81211789  5.0770774  -1.01172085  4.0041248   2.26892077]", "final_simplex": "(array([[ 0.62356879,  7.81211789,  5.0770774 , -1.01172085,  4.0041248 ,\n         2.26892077],\n       [ 0.62356879,  7.81211789,  5.0770774 , -1.01172085,  4.0041248 ,\n         2.26892077],\n       [ 0.62356879,  7.81211789,  5.0770774 , -1.01172085,  4.0041248 ,\n         2.26892077],\n       [ 0.62356879,  7.81211789,  5.0770774 , -1.01172085,  4.0041248 ,\n         2.26892077],\n       [ 0.62356879,  7.81211789,  5.0770774 , -1.01172085,  4.0041248 ,\n         2.26892077],\n       [ 0.62356879,  7.81211789,  5.0770774 , -1.01172085,  4.0041248 ,\n         2.26892077],\n       [ 0.62356879,  7.81211789,  5.0770774 , -1.01172085,  4.0041248 ,\n         2.26892077]]), array([0.16644086, 0.16644086, 0.16644086, 0.16644086, 0.16644086,\n       0.16644086, 0.16644086]))", "callback": [0.9588811273793264, 0.7347135859807393, 0.7068376911415308, 0.3700107515346299, 0.2603049714163499, 0.2376413911294537, 0.229076096497852, 0.20655908790843713, 0.1958333093868665, 0.19123950620715102, 0.1887416714475152, 0.18726237158561132, 0.18476691815890645, 0.17863758522662398, 0.1748569295325999, 0.17337432780929973, 0.17292325181614276, 0.1727092782386832, 0.17259338009773795, 0.17254304830297396, 0.17244516522319997, 0.17203725866654862, 0.17052648493314226, 0.16796596258150853, 0.1668951287251823, 0.16670839472840415, 0.16656825693462496, 0.1664800547717019, 0.16646040371962934, 0.16644451994102072, 0.16644451994102072, 0.16644177864645904, 0.1664411918761327, 0.1664409398784269, 0.1664408812541145, 0.1664408652741357, 0.16644085913784368, 0.16644085891409532, 0.16644085854977742, 0.16644085852975632, 0.16644085849175638, 0.16644085848771117, 0.16644085848699308, 0.16644085848648293, 0.16644085848645251, 0.1664408584864241, 0.16644085848641788, 0.166440858486416, 0.16644085848641565, 0.16644085848641543, 0.16644085848641543]}, "10": {"maxiter": 1000, "fatol": 1e-10, "xatol": 1e-05, "duration": 0.1843271255493164, "fun": "0.16644085848904788", "nit": "403", "nfev": "636", "status": "0", "success": "True", "message": "Optimization terminated successfully.", "x": "[ 0.62356814  7.81211434  5.07708055 -1.01172191  4.00412869  2.26891984]", "final_simplex": "(array([[ 0.62356814,  7.81211434,  5.07708055, -1.01172191,  4.00412869,\n         2.26891984],\n       [ 0.62356804,  7.81211869,  5.07707491, -1.01171454,  4.00412365,\n         2.26891995],\n       [ 0.62356415,  7.81212266,  5.07707127, -1.01171613,  4.00412202,\n         2.26892511],\n       [ 0.62356556,  7.81211681,  5.07708116, -1.01171964,  4.00412105,\n         2.26892347],\n       [ 0.62356627,  7.81211306,  5.07708387, -1.01171529,  4.00412849,\n         2.2689167 ],\n       [ 0.6235643 ,  7.81210795,  5.0770857 , -1.01172655,  4.0041218 ,\n         2.26892484],\n       [ 0.62356717,  7.81211483,  5.07707988, -1.0117174 ,  4.00412661,\n         2.26891106]]), array([0.16644086, 0.16644086, 0.16644086, 0.16644086, 0.16644086,\n       0.16644086, 0.16644086]))", "callback": [0.9588811273793264, 0.7347135859807393, 0.7068376911415308, 0.3700107515346299, 0.2603049714163499, 0.2376413911294537, 0.229076096497852, 0.20655908790843713, 0.1958333093868665, 0.19123950620715102, 0.1887416714475152, 0.18726237158561132, 0.18476691815890645, 0.17863758522662398, 0.1748569295325999, 0.17337432780929973, 0.17292325181614276, 0.1727092782386832, 0.17259338009773795, 0.17254304830297396, 0.17244516522319997, 0.17203725866654862, 0.17052648493314226, 0.16796596258150853, 0.1668951287251823, 0.16670839472840415, 0.16656825693462496, 0.1664800547717019, 0.16646040371962934, 0.16644451994102072, 0.16644451994102072, 0.16644177864645904, 0.1664411918761327, 0.1664409398784269, 0.1664408812541145, 0.1664408652741357, 0.16644085913784368, 0.16644085891409532, 0.16644085854977742, 0.16644085852975632, 0.16644085849175638]}, "11": {"maxiter": 1000, "fatol": 1e-10, "xatol": 1e-10, "duration": 0.2689080238342285, "fun": "0.1664408584864152", "nit": "510", "nfev": "867", "status": "0", "success": "True", "message": "Optimization terminated successfully.", "x": "[ 0.62356879  7.81211789  5.0770774  -1.01172085  4.0041248   2.26892077]", "final_simplex": "(array([[ 0.62356879,  7.81211789,  5.0770774 , -1.01172085,  4.0041248 ,\n         2.26892077],\n       [ 0.62356879,  7.81211789,  5.0770774 , -1.01172085,  4.0041248 ,\n         2.26892077],\n       [ 0.62356879,  7.81211789,  5.0770774 , -1.01172085,  4.0041248 ,\n         2.26892077],\n       [ 0.62356879,  7.81211789,  5.0770774 , -1.01172085,  4.0041248 ,\n         2.26892077],\n       [ 0.62356879,  7.81211789,  5.0770774 , -1.01172085,  4.0041248 ,\n         2.26892077],\n       [ 0.62356879,  7.81211789,  5.0770774 , -1.01172085,  4.0041248 ,\n         2.26892077],\n       [ 0.62356879,  7.81211789,  5.0770774 , -1.01172085,  4.0041248 ,\n         2.26892077]]), array([0.16644086, 0.16644086, 0.16644086, 0.16644086, 0.16644086,\n       0.16644086, 0.16644086]))", "callback": [0.9588811273793264, 0.7347135859807393, 0.7068376911415308, 0.3700107515346299, 0.2603049714163499, 0.2376413911294537, 0.229076096497852, 0.20655908790843713, 0.1958333093868665, 0.19123950620715102, 0.1887416714475152, 0.18726237158561132, 0.18476691815890645, 0.17863758522662398, 0.1748569295325999, 0.17337432780929973, 0.17292325181614276, 0.1727092782386832, 0.17259338009773795, 0.17254304830297396, 0.17244516522319997, 0.17203725866654862, 0.17052648493314226, 0.16796596258150853, 0.1668951287251823, 0.16670839472840415, 0.16656825693462496, 0.1664800547717019, 0.16646040371962934, 0.16644451994102072, 0.16644451994102072, 0.16644177864645904, 0.1664411918761327, 0.1664409398784269, 0.1664408812541145, 0.1664408652741357, 0.16644085913784368, 0.16644085891409532, 0.16644085854977742, 0.16644085852975632, 0.16644085849175638, 0.16644085848771117, 0.16644085848699308, 0.16644085848648293, 0.16644085848645251, 0.1664408584864241, 0.16644085848641788, 0.166440858486416, 0.16644085848641565, 0.16644085848641543, 0.16644085848641543]}}, "bfgs": {"type": "gradient", "0": {"maxiter": 100, "gtol": 1e-05, "xrtol": 1e-05, "eps": 1e-05, "duration": 0.05953717231750488, "fun": "0.16644085873651338", "jac": "[-3.02607939e-06 -4.07039957e-06 -3.86575216e-06 -4.91853225e-06\n  2.09166018e-07 -9.00368669e-07]", "hess_inv": "[[  2.75563708   1.54133179  -1.90666464  -1.11420453  -1.35078042\n    1.19541071]\n [  1.54133179  13.44947921 -14.16044836  -5.57394802  -4.77838905\n    3.73608438]\n [ -1.90666464 -14.16044836  17.15428823   7.02640801   5.61430678\n   -4.52742109]\n [ -1.11420453  -5.57394802   7.02640801   6.47153647   1.99469189\n   -0.96510028]\n [ -1.35078042  -4.77838905   5.61430678   1.99469189   5.88881932\n   -4.48463562]\n [  1.19541071   3.73608438  -4.52742109  -0.96510028  -4.48463562\n    5.82150014]]", "nfev": "196", "njev": "28", "status": "0", "success": "True", "message": "Optimization terminated successfully.", "x": "[-0.6235759   4.67054958  8.21861954  1.01167989  7.14571042 -0.87268262]", "nit": "21", "callback": [0.3979489492965719, 0.38896209323410835, 0.31858489212859087, 0.2708020752570095, 0.2544028266641639, 0.23662199467054923, 0.22768942733839637, 0.21448960387974814, 0.20153110100247218, 0.17981751816041514, 0.17636974252011695, 0.1714129252204304, 0.1689701180444919, 0.16789205869644686, 0.16694406555971386, 0.166715440919059, 0.16652732563685335, 0.1664571947714184, 0.16644167961122192, 0.1664408729013762, 0.16644085873651338]}, "1": {"maxiter": 100, "gtol": 1e-05, "xrtol": 1e-05, "eps": 1e-10, "duration": 0.060472965240478516, "fun": "0.1664408586309032", "jac": "[ 0.00000000e+00 -2.22044587e-06 -1.11022293e-06 -4.44089173e-06\n  2.22044587e-06  2.22044587e-06]", "hess_inv": "[[  2.75047012   1.53663706  -1.90178353  -1.10799856  -1.35251993\n    1.19114811]\n [  1.53663706  13.43439469 -14.14298425  -5.55807657  -4.77507368\n    3.72773645]\n [ -1.90178353 -14.14298425  17.13836242   7.00267932   5.61339507\n   -4.5211107 ]\n [ -1.10799856  -5.55807657   7.00267932   6.45632208   1.9867515\n   -0.95137846]\n [ -1.35251993  -4.77507368   5.61339507   1.9867515    5.88551178\n   -4.48491415]\n [  1.19114811   3.72773645  -4.5211107   -0.95137846  -4.48491415\n    5.81859805]]", "nfev": "196", "njev": "28", "status": "0", "success": "True", "message": "Optimization terminated successfully.", "x": "[-0.62357204  4.670558    8.21862264  1.01168457  7.14571466 -0.87267627]", "nit": "21", "callback": [0.39794813336187884, 0.388959338848891, 0.3185711495909167, 0.27079864439641044, 0.2543997023367257, 0.23662051393592842, 0.22768685466023175, 0.21448676723896565, 0.20152474591079583, 0.1798120921307922, 0.17636476019726643, 0.17141032427722247, 0.168970958619153, 0.16789224707023076, 0.166944130852269, 0.16671550343601504, 0.16652729347883533, 0.1664572069348872, 0.16644169068525738, 0.16644087278290187, 0.1664408586309032]}, "2": {"maxiter": 100, "gtol": 1e-05, "xrtol": 1e-10, "eps": 1e-05, "duration": 0.057724952697753906, "fun": "0.16644085873651338", "jac": "[-3.02607939e-06 -4.07039957e-06 -3.86575216e-06 -4.91853225e-06\n  2.09166018e-07 -9.00368669e-07]", "hess_inv": "[[  2.75563708   1.54133179  -1.90666464  -1.11420453  -1.35078042\n    1.19541071]\n [  1.54133179  13.44947921 -14.16044836  -5.57394802  -4.77838905\n    3.73608438]\n [ -1.90666464 -14.16044836  17.15428823   7.02640801   5.61430678\n   -4.52742109]\n [ -1.11420453  -5.57394802   7.02640801   6.47153647   1.99469189\n   -0.96510028]\n [ -1.35078042  -4.77838905   5.61430678   1.99469189   5.88881932\n   -4.48463562]\n [  1.19541071   3.73608438  -4.52742109  -0.96510028  -4.48463562\n    5.82150014]]", "nfev": "196", "njev": "28", "status": "0", "success": "True", "message": "Optimization terminated successfully.", "x": "[-0.6235759   4.67054958  8.21861954  1.01167989  7.14571042 -0.87268262]", "nit": "21", "callback": [0.3979489492965719, 0.38896209323410835, 0.31858489212859087, 0.2708020752570095, 0.2544028266641639, 0.23662199467054923, 0.22768942733839637, 0.21448960387974814, 0.20153110100247218, 0.17981751816041514, 0.17636974252011695, 0.1714129252204304, 0.1689701180444919, 0.16789205869644686, 0.16694406555971386, 0.166715440919059, 0.16652732563685335, 0.1664571947714184, 0.16644167961122192, 0.1664408729013762, 0.16644085873651338]}, "3": {"maxiter": 100, "gtol": 1e-05, "xrtol": 1e-10, "eps": 1e-10, "duration": 0.06583023071289062, "fun": "0.1664408586309032", "jac": "[ 0.00000000e+00 -2.22044587e-06 -1.11022293e-06 -4.44089173e-06\n  2.22044587e-06  2.22044587e-06]", "hess_inv": "[[  2.75047012   1.53663706  -1.90178353  -1.10799856  -1.35251993\n    1.19114811]\n [  1.53663706  13.43439469 -14.14298425  -5.55807657  -4.77507368\n    3.72773645]\n [ -1.90178353 -14.14298425  17.13836242   7.00267932   5.61339507\n   -4.5211107 ]\n [ -1.10799856  -5.55807657   7.00267932   6.45632208   1.9867515\n   -0.95137846]\n [ -1.35251993  -4.77507368   5.61339507   1.9867515    5.88551178\n   -4.48491415]\n [  1.19114811   3.72773645  -4.5211107   -0.95137846  -4.48491415\n    5.81859805]]", "nfev": "196", "njev": "28", "status": "0", "success": "True", "message": "Optimization terminated successfully.", "x": "[-0.62357204  4.670558    8.21862264  1.01168457  7.14571466 -0.87267627]", "nit": "21", "callback": [0.39794813336187884, 0.388959338848891, 0.3185711495909167, 0.27079864439641044, 0.2543997023367257, 0.23662051393592842, 0.22768685466023175, 0.21448676723896565, 0.20152474591079583, 0.1798120921307922, 0.17636476019726643, 0.17141032427722247, 0.168970958619153, 0.16789224707023076, 0.166944130852269, 0.16671550343601504, 0.16652729347883533, 0.1664572069348872, 0.16644169068525738, 0.16644087278290187, 0.1664408586309032]}, "4": {"maxiter": 100, "gtol": 1e-10, "xrtol": 1e-05, "eps": 1e-05, "duration": 0.0678260326385498, "fun": "0.166440858528209", "jac": "[-9.37805389e-08 -5.43232126e-07 -8.53783710e-07  1.41312517e-06\n -7.97284461e-07 -1.45784496e-06]", "hess_inv": "[[  2.75782915   1.51499068  -1.86064975  -1.09700818  -1.36478196\n    1.19729027]\n [  1.51499068  13.67136193 -14.54854605  -5.8160777   -4.72224302\n    3.71310297]\n [ -1.86064975 -14.54854605  17.83311076   7.4491955    5.51564096\n   -4.48727726]\n [ -1.09700818  -5.8160777    7.4491955    6.59313104   1.84281742\n   -0.9505038 ]\n [ -1.36478196  -4.72224302   5.51564096   1.84281742   5.84547008\n   -4.49710958]\n [  1.19729027   3.71310297  -4.48727726  -0.9505038   -4.49710958\n    5.8231101 ]]", "nfev": "203", "njev": "29", "status": "0", "success": "True", "message": "Optimization terminated successfully.", "x": "[-0.62357262  4.67052929  8.21865507  1.01171288  7.14571219 -0.87267972]", "nit": "22", "callback": [0.3979489492965719, 0.38896209323410835, 0.31858489212859087, 0.2708020752570095, 0.2544028266641639, 0.23662199467054923, 0.22768942733839637, 0.21448960387974814, 0.20153110100247218, 0.17981751816041514, 0.17636974252011695, 0.1714129252204304, 0.1689701180444919, 0.16789205869644686, 0.16694406555971386, 0.166715440919059, 0.16652732563685335, 0.1664571947714184, 0.16644167961122192, 0.1664408729013762, 0.16644085873651338, 0.166440858528209]}, "5": {"maxiter": 100, "gtol": 1e-10, "xrtol": 1e-05, "eps": 1e-10, "duration": 0.0680379867553711, "fun": "0.16644085854617408", "jac": "[-3.33066880e-06  2.22044587e-06  0.00000000e+00  2.22044587e-06\n  0.00000000e+00 -5.55111466e-06]", "hess_inv": "[[  2.74584982   1.55304117  -1.93014056  -1.09809694  -1.33384613\n    1.18658117]\n [  1.55304117  13.52675157 -14.318388    -5.70587364  -4.75135959\n    3.74930824]\n [ -1.93014056 -14.318388    17.47044957   7.26995019   5.56298728\n   -4.55896114]\n [ -1.09809694  -5.70587364   7.26995019   6.51935392   1.87940505\n   -0.94559807]\n [ -1.33384613  -4.75135959   5.56298728   1.87940505   5.86384061\n   -4.46325398]\n [  1.18658117   3.74930824  -4.55896114  -0.94559807  -4.46325398\n    5.8142744 ]]", "nfev": "203", "njev": "29", "status": "0", "success": "True", "message": "Optimization terminated successfully.", "x": "[-0.62357528  4.67054902  8.2186403   1.01170685  7.14571552 -0.87268021]", "nit": "22", "callback": [0.39794813336187884, 0.388959338848891, 0.3185711495909167, 0.27079864439641044, 0.2543997023367257, 0.23662051393592842, 0.22768685466023175, 0.21448676723896565, 0.20152474591079583, 0.1798120921307922, 0.17636476019726643, 0.17141032427722247, 0.168970958619153, 0.16789224707023076, 0.166944130852269, 0.16671550343601504, 0.16652729347883533, 0.1664572069348872, 0.16644169068525738, 0.16644087278290187, 0.1664408586309032, 0.16644085854617408]}, "6": {"maxiter": 100, "gtol": 1e-10, "xrtol": 1e-10, "eps": 1e-05, "duration": 0.0794210433959961, "fun": "0.1664408585193018", "jac": "[-2.22044605e-11  0.00000000e+00  1.11022302e-11  2.22044605e-11\n  0.00000000e+00  0.00000000e+00]", "hess_inv": "[[  2.75146971   1.3125634   -1.59044255  -0.8013988   -1.3239334\n    1.15483396]\n [  1.3125634   13.65557663 -13.83917943  -5.21730988  -4.232302\n    3.73401224]\n [ -1.59044255 -13.83917943  17.05056455   6.52595048   5.12874164\n   -3.8686903 ]\n [ -0.8013988   -5.21730988   6.52595048   5.59746522   1.33962062\n   -0.44454123]\n [ -1.3239334   -4.232302     5.12874164   1.33962062   5.80573411\n   -4.22218027]\n [  1.15483396   3.73401224  -3.8686903   -0.44454123  -4.22218027\n    6.09213923]]", "nfev": "238", "njev": "34", "status": "0", "success": "True", "message": "Optimization terminated successfully.", "x": "[-0.62357124  4.67053456  8.21865118  1.011708    7.14571079 -0.87267471]", "nit": "27", "callback": [0.3979489492965719, 0.38896209323410835, 0.31858489212859087, 0.2708020752570095, 0.2544028266641639, 0.23662199467054923, 0.22768942733839637, 0.21448960387974814, 0.20153110100247218, 0.17981751816041514, 0.17636974252011695, 0.1714129252204304, 0.1689701180444919, 0.16789205869644686, 0.16694406555971386, 0.166715440919059, 0.16652732563685335, 0.1664571947714184, 0.16644167961122192, 0.1664408729013762, 0.16644085873651338, 0.166440858528209, 0.16644085852435264, 0.16644085852081436, 0.16644085851938473, 0.16644085851930446, 0.1664408585193018]}, "7": {"maxiter": 100, "gtol": 1e-10, "xrtol": 1e-10, "eps": 1e-10, "duration": 0.17244791984558105, "fun": "0.16644085850300394", "jac": "[0.00000000e+00 3.33066880e-06 2.22044587e-06 0.00000000e+00\n 2.22044587e-06 2.22044587e-06]", "hess_inv": "[[  0.51024048  -0.45774352   0.0965496    0.23281618  -0.09729981\n    0.17879146]\n [ -0.45774352  13.6552108  -11.53134321   9.98072881  -7.35375207\n    6.50174612]\n [  0.0965496  -11.53134321  10.57434824  -8.51774411   5.9664118\n   -5.8267119 ]\n [  0.23281618   9.98072881  -8.51774411   8.30094497  -6.30642939\n    5.46370762]\n [ -0.09729981  -7.35375207   5.9664118   -6.30642939   5.29022472\n   -4.24064877]\n [  0.17879146   6.50174612  -5.8267119    5.46370762  -4.24064877\n    4.55912167]]", "nfev": "544", "njev": "76", "status": "2", "success": "False", "message": "Desired error not necessarily achieved due to precision loss.", "x": "[-0.62356816  4.67053848  8.2186525   1.01170971  7.14570822 -0.87266569]", "nit": "27", "callback": [0.39794813336187884, 0.388959338848891, 0.3185711495909167, 0.27079864439641044, 0.2543997023367257, 0.23662051393592842, 0.22768685466023175, 0.21448676723896565, 0.20152474591079583, 0.1798120921307922, 0.17636476019726643, 0.17141032427722247, 0.168970958619153, 0.16789224707023076, 0.166944130852269, 0.16671550343601504, 0.16652729347883533, 0.1664572069348872, 0.16644169068525738, 0.16644087278290187, 0.1664408586309032, 0.16644085854617408, 0.16644085852321577, 0.16644085852249746, 0.1664408585223649, 0.1664408585155056, 0.16644085850300394]}, "8": {"maxiter": 500, "gtol": 1e-05, "xrtol": 1e-05, "eps": 1e-05, "duration": 0.0636746883392334, "fun": "0.16644085873651338", "jac": "[-3.02607939e-06 -4.07039957e-06 -3.86575216e-06 -4.91853225e-06\n  2.09166018e-07 -9.00368669e-07]", "hess_inv": "[[  2.75563708   1.54133179  -1.90666464  -1.11420453  -1.35078042\n    1.19541071]\n [  1.54133179  13.44947921 -14.16044836  -5.57394802  -4.77838905\n    3.73608438]\n [ -1.90666464 -14.16044836  17.15428823   7.02640801   5.61430678\n   -4.52742109]\n [ -1.11420453  -5.57394802   7.02640801   6.47153647   1.99469189\n   -0.96510028]\n [ -1.35078042  -4.77838905   5.61430678   1.99469189   5.88881932\n   -4.48463562]\n [  1.19541071   3.73608438  -4.52742109  -0.96510028  -4.48463562\n    5.82150014]]", "nfev": "196", "njev": "28", "status": "0", "success": "True", "message": "Optimization terminated successfully.", "x": "[-0.6235759   4.67054958  8.21861954  1.01167989  7.14571042 -0.87268262]", "nit": "21", "callback": [0.3979489492965719, 0.38896209323410835, 0.31858489212859087, 0.2708020752570095, 0.2544028266641639, 0.23662199467054923, 0.22768942733839637, 0.21448960387974814, 0.20153110100247218, 0.17981751816041514, 0.17636974252011695, 0.1714129252204304, 0.1689701180444919, 0.16789205869644686, 0.16694406555971386, 0.166715440919059, 0.16652732563685335, 0.1664571947714184, 0.16644167961122192, 0.1664408729013762, 0.16644085873651338]}, "9": {"maxiter": 500, "gtol": 1e-05, "xrtol": 1e-05, "eps": 1e-10, "duration": 0.06523323059082031, "fun": "0.1664408586309032", "jac": "[ 0.00000000e+00 -2.22044587e-06 -1.11022293e-06 -4.44089173e-06\n  2.22044587e-06  2.22044587e-06]", "hess_inv": "[[  2.75047012   1.53663706  -1.90178353  -1.10799856  -1.35251993\n    1.19114811]\n [  1.53663706  13.43439469 -14.14298425  -5.55807657  -4.77507368\n    3.72773645]\n [ -1.90178353 -14.14298425  17.13836242   7.00267932   5.61339507\n   -4.5211107 ]\n [ -1.10799856  -5.55807657   7.00267932   6.45632208   1.9867515\n   -0.95137846]\n [ -1.35251993  -4.77507368   5.61339507   1.9867515    5.88551178\n   -4.48491415]\n [  1.19114811   3.72773645  -4.5211107   -0.95137846  -4.48491415\n    5.81859805]]", "nfev": "196", "njev": "28", "status": "0", "success": "True", "message": "Optimization terminated successfully.", "x": "[-0.62357204  4.670558    8.21862264  1.01168457  7.14571466 -0.87267627]", "nit": "21", "callback": [0.39794813336187884, 0.388959338848891, 0.3185711495909167, 0.27079864439641044, 0.2543997023367257, 0.23662051393592842, 0.22768685466023175, 0.21448676723896565, 0.20152474591079583, 0.1798120921307922, 0.17636476019726643, 0.17141032427722247, 0.168970958619153, 0.16789224707023076, 0.166944130852269, 0.16671550343601504, 0.16652729347883533, 0.1664572069348872, 0.16644169068525738, 0.16644087278290187, 0.1664408586309032]}, "10": {"maxiter": 500, "gtol": 1e-05, "xrtol": 1e-10, "eps": 1e-05, "duration": 0.05469703674316406, "fun": "0.16644085873651338", "jac": "[-3.02607939e-06 -4.07039957e-06 -3.86575216e-06 -4.91853225e-06\n  2.09166018e-07 -9.00368669e-07]", "hess_inv": "[[  2.75563708   1.54133179  -1.90666464  -1.11420453  -1.35078042\n    1.19541071]\n [  1.54133179  13.44947921 -14.16044836  -5.57394802  -4.77838905\n    3.73608438]\n [ -1.90666464 -14.16044836  17.15428823   7.02640801   5.61430678\n   -4.52742109]\n [ -1.11420453  -5.57394802   7.02640801   6.47153647   1.99469189\n   -0.96510028]\n [ -1.35078042  -4.77838905   5.61430678   1.99469189   5.88881932\n   -4.48463562]\n [  1.19541071   3.73608438  -4.52742109  -0.96510028  -4.48463562\n    5.82150014]]", "nfev": "196", "njev": "28", "status": "0", "success": "True", "message": "Optimization terminated successfully.", "x": "[-0.6235759   4.67054958  8.21861954  1.01167989  7.14571042 -0.87268262]", "nit": "21", "callback": [0.3979489492965719, 0.38896209323410835, 0.31858489212859087, 0.2708020752570095, 0.2544028266641639, 0.23662199467054923, 0.22768942733839637, 0.21448960387974814, 0.20153110100247218, 0.17981751816041514, 0.17636974252011695, 0.1714129252204304, 0.1689701180444919, 0.16789205869644686, 0.16694406555971386, 0.166715440919059, 0.16652732563685335, 0.1664571947714184, 0.16644167961122192, 0.1664408729013762, 0.16644085873651338]}, "11": {"maxiter": 500, "gtol": 1e-05, "xrtol": 1e-10, "eps": 1e-10, "duration": 0.05426788330078125, "fun": "0.1664408586309032", "jac": "[ 0.00000000e+00 -2.22044587e-06 -1.11022293e-06 -4.44089173e-06\n  2.22044587e-06  2.22044587e-06]", "hess_inv": "[[  2.75047012   1.53663706  -1.90178353  -1.10799856  -1.35251993\n    1.19114811]\n [  1.53663706  13.43439469 -14.14298425  -5.55807657  -4.77507368\n    3.72773645]\n [ -1.90178353 -14.14298425  17.13836242   7.00267932   5.61339507\n   -4.5211107 ]\n [ -1.10799856  -5.55807657   7.00267932   6.45632208   1.9867515\n   -0.95137846]\n [ -1.35251993  -4.77507368   5.61339507   1.9867515    5.88551178\n   -4.48491415]\n [  1.19114811   3.72773645  -4.5211107   -0.95137846  -4.48491415\n    5.81859805]]", "nfev": "196", "njev": "28", "status": "0", "success": "True", "message": "Optimization terminated successfully.", "x": "[-0.62357204  4.670558    8.21862264  1.01168457  7.14571466 -0.87267627]", "nit": "21", "callback": [0.39794813336187884, 0.3889