{"date": "2024/09/23/, 19:05:24", "conf_id": 46, "data_type": "random\n", "num_data_points": 3, "s_rank": 0, "unitary": "[[-0.56303964-0.00798273j,-0.21670212-0.15784972j,-0.06047197-0.73952673j,-0.01438004+0.24552571j],[-0.06976756+0.23474685j,-0.01275565-0.5435098j,-0.02703657-0.08917885j,-0.08210486-0.79311774j],[-0.38559961+0.10714929j,0.5933431-0.2687392j,-0.24060861+0.29149289j,-0.45147719+0.26241743j],[-0.50180421+0.45931857j,-0.11617175+0.44134496j,0.49642745+0.22684508j,-0.08544628-0.15407063j]]", "databatch_0": {"databatch": "[[[-1.16795094e-01-3.62027449e-01j,2.02198061e-01+2.95766362e-02j,1.24895009e-01+4.41055293e-02j,-4.07465038e-02-4.46989226e-02j],[2.10555682e-01-2.35212759e-01j,-7.91719994e-02+4.62226427e-02j,-1.62918135e-01+3.63998870e-02j,-5.62293477e-03+7.86673063e-02j],[-6.76224884e-01+7.11237094e-02j,-2.00561297e-01-1.38288047e-01j,-1.54413294e-01+1.13232815e-01j,1.45333786e-01+1.88594372e-01j],[-1.31897833e-01+3.96885571e-02j,5.95114699e-02+1.52525402e-02j,9.38365663e-02+3.25188732e-02j,2.23422875e-02-4.50838321e-02j]],[[-1.28524231e-01+1.59074461e-01j,1.91089347e-01-2.15394885e-01j,1.61157866e-01-1.46264131e-01j,-1.00408644e-01+3.61430379e-01j],[2.80416989e-01-2.07265007e-01j,-3.39842781e-01+2.19939948e-01j,-2.94236876e-01+1.45321049e-01j,2.53552203e-01-4.26083600e-01j],[-6.78615658e-02+5.34521061e-02j,9.60494270e-02-5.52541872e-02j,7.86072946e-02-3.72766988e-02j,-8.14009962e-02+1.13878706e-01j],[7.09015650e-03+8.97510760e-03j,-1.16487589e-02+1.12405002e-02j,-7.19905336e-03+1.69046085e-03j,5.47883734e-03-2.85947966e-02j]],[[-1.59515665e-01-1.67607773e-01j,1.56379917e-01-1.57460872e-01j,-8.79309658e-02-4.27704744e-02j,1.28463241e-02+5.80164665e-05j],[2.98664670e-02-6.40833704e-03j,3.62563179e-04+1.68595484e-02j,1.36868771e-02+1.50127033e-02j,2.69421569e-03-2.25655386e-03j],[-2.27259291e-01+4.61666738e-01j,-2.04087534e-01-5.47309558e-02j,-3.02539899e-01-1.69124950e-01j,-3.90861848e-02+8.01578719e-02j],[6.29511700e-02-1.11853761e-01j,3.74622270e-01-1.16568585e-01j,-5.09155491e-01+4.61216667e-02j,9.53023875e-02+8.64580623e-02j]]]", "initial param values": "[1.70926065,0.8152649,4.5842171,0.31497057,4.32851176,0.861119]", "nelder_mead": {"type": "gradient-free", "0": {"maxiter": 100, "fatol": 1e-05, "xatol": 1e-05, "duration": 0.04900097846984863, "fun": "0.40202633011189526", "nit": "100", "nfev": "155", "status": "2", "success": "False", "message": "Maximum number of iterations has been exceeded.", "x": "[3.11876611 0.65452918 5.57311356 0.27055916 3.22602068 0.70449685]", "final_simplex": "(array([[3.11876611, 0.65452918, 5.57311356, 0.27055916, 3.22602068,\n        0.70449685],\n       [3.16682763, 0.64745553, 5.52887026, 0.25961193, 3.25957934,\n        0.69374853],\n       [3.09889198, 0.62424007, 5.58944381, 0.28886903, 3.25394772,\n        0.70718697],\n       [3.15425456, 0.61898056, 5.57036682, 0.28565194, 3.19271406,\n        0.71418934],\n       [3.18806318, 0.61550022, 5.6012539 , 0.27352858, 3.29666688,\n        0.7027867 ],\n       [3.13856981, 0.61916823, 5.50518265, 0.29440663, 3.24390418,\n        0.71257266],\n       [3.11493192, 0.59609408, 5.53425989, 0.31568854, 3.21010348,\n        0.71592244]]), array([0.40202633, 0.40266271, 0.40344963, 0.40371524, 0.40393594,\n       0.40469124, 0.40574079]))", "callback": [0.5567567295625113, 0.523550699511701, 0.4446831960119463, 0.4168069426419183, 0.41044874217180016, 0.41018080205399376, 0.40938143233874313, 0.40813334436183746, 0.4057407866183472]}, "1": {"maxiter": 100, "fatol": 1e-05, "xatol": 1e-10, "duration": 0.04659390449523926, "fun": "0.40202633011189526", "nit": "100", "nfev": "155", "status": "2", "success": "False", "message": "Maximum number of iterations has been exceeded.", "x": "[3.11876611 0.65452918 5.57311356 0.27055916 3.22602068 0.70449685]", "final_simplex": "(array([[3.11876611, 0.65452918, 5.57311356, 0.27055916, 3.22602068,\n        0.70449685],\n       [3.16682763, 0.64745553, 5.52887026, 0.25961193, 3.25957934,\n        0.69374853],\n       [3.09889198, 0.62424007, 5.58944381, 0.28886903, 3.25394772,\n        0.70718697],\n       [3.15425456, 0.61898056, 5.57036682, 0.28565194, 3.19271406,\n        0.71418934],\n       [3.18806318, 0.61550022, 5.6012539 , 0.27352858, 3.29666688,\n        0.7027867 ],\n       [3.13856981, 0.61916823, 5.50518265, 0.29440663, 3.24390418,\n        0.71257266],\n       [3.11493192, 0.59609408, 5.53425989, 0.31568854, 3.21010348,\n        0.71592244]]), array([0.40202633, 0.40266271, 0.40344963, 0.40371524, 0.40393594,\n       0.40469124, 0.40574079]))", "callback": [0.5567567295625113, 0.523550699511701, 0.4446831960119463, 0.4168069426419183, 0.41044874217180016, 0.41018080205399376, 0.40938143233874313, 0.40813334436183746, 0.4057407866183472]}, "2": {"maxiter": 100, "fatol": 1e-10, "xatol": 1e-05, "duration": 0.04740023612976074, "fun": "0.40202633011189526", "nit": "100", "nfev": "155", "status": "2", "success": "False", "message": "Maximum number of iterations has been exceeded.", "x": "[3.11876611 0.65452918 5.57311356 0.27055916 3.22602068 0.70449685]", "final_simplex": "(array([[3.11876611, 0.65452918, 5.57311356, 0.27055916, 3.22602068,\n        0.70449685],\n       [3.16682763, 0.64745553, 5.52887026, 0.25961193, 3.25957934,\n        0.69374853],\n       [3.09889198, 0.62424007, 5.58944381, 0.28886903, 3.25394772,\n        0.70718697],\n       [3.15425456, 0.61898056, 5.57036682, 0.28565194, 3.19271406,\n        0.71418934],\n       [3.18806318, 0.61550022, 5.6012539 , 0.27352858, 3.29666688,\n        0.7027867 ],\n       [3.13856981, 0.61916823, 5.50518265, 0.29440663, 3.24390418,\n        0.71257266],\n       [3.11493192, 0.59609408, 5.53425989, 0.31568854, 3.21010348,\n        0.71592244]]), array([0.40202633, 0.40266271, 0.40344963, 0.40371524, 0.40393594,\n       0.40469124, 0.40574079]))", "callback": [0.5567567295625113, 0.523550699511701, 0.4446831960119463, 0.4168069426419183, 0.41044874217180016, 0.41018080205399376, 0.40938143233874313, 0.40813334436183746, 0.4057407866183472]}, "3": {"maxiter": 100, "fatol": 1e-10, "xatol": 1e-10, "duration": 0.07650589942932129, "fun": "0.40202633011189526", "nit": "100", "nfev": "155", "status": "2", "success": "False", "message": "Maximum number of iterations has been exceeded.", "x": "[3.11876611 0.65452918 5.57311356 0.27055916 3.22602068 0.70449685]", "final_simplex": "(array([[3.11876611, 0.65452918, 5.57311356, 0.27055916, 3.22602068,\n        0.70449685],\n       [3.16682763, 0.64745553, 5.52887026, 0.25961193, 3.25957934,\n        0.69374853],\n       [3.09889198, 0.62424007, 5.58944381, 0.28886903, 3.25394772,\n        0.70718697],\n       [3.15425456, 0.61898056, 5.57036682, 0.28565194, 3.19271406,\n        0.71418934],\n       [3.18806318, 0.61550022, 5.6012539 , 0.27352858, 3.29666688,\n        0.7027867 ],\n       [3.13856981, 0.61916823, 5.50518265, 0.29440663, 3.24390418,\n        0.71257266],\n       [3.11493192, 0.59609408, 5.53425989, 0.31568854, 3.21010348,\n        0.71592244]]), array([0.40202633, 0.40266271, 0.40344963, 0.40371524, 0.40393594,\n       0.40469124, 0.40574079]))", "callback": [0.5567567295625113, 0.523550699511701, 0.4446831960119463, 0.4168069426419183, 0.41044874217180016, 0.41018080205399376, 0.40938143233874313, 0.40813334436183746, 0.4057407866183472]}, "4": {"maxiter": 500, "fatol": 1e-05, "xatol": 1e-05, "duration": 0.23608803749084473, "fun": "0.3722628881287179", "nit": "500", "nfev": "759", "status": "2", "success": "False", "message": "Maximum number of iterations has been exceeded.", "x": "[ 2.89631004 -0.03027977  5.33621021 -0.34754554  3.12459915  0.81165109]", "final_simplex": "(array([[ 2.89631004, -0.03027977,  5.33621021, -0.34754554,  3.12459915,\n         0.81165109],\n       [ 2.89708825, -0.05597623,  5.31714805, -0.34393839,  3.13714237,\n         0.80232442],\n       [ 2.89709545, -0.04216806,  5.32952575, -0.34789032,  3.13311595,\n         0.80337545],\n       [ 2.89772933, -0.05098236,  5.32673369, -0.34644275,  3.13479725,\n         0.80611315],\n       [ 2.89852384, -0.03992392,  5.33326874, -0.34341129,  3.14014873,\n         0.8000038 ],\n       [ 2.8982378 , -0.06395941,  5.31837103, -0.34354027,  3.13866148,\n         0.8015998 ],\n       [ 2.89909747, -0.05434392,  5.31814173, -0.34525146,  3.12693185,\n         0.81026092]]), array([0.37226289, 0.37226294, 0.37226395, 0.37226427, 0.37226428,\n       0.37226448, 0.37226508]))", "callback": [0.5567567295625113, 0.523550699511701, 0.4446831960119463, 0.4168069426419183, 0.41044874217180016, 0.41018080205399376, 0.40938143233874313, 0.40813334436183746, 0.4057407866183472, 0.40046823682427135, 0.38653340207196585, 0.3819322664563435, 0.38111577219541226, 0.3808459622134115, 0.380668048691963, 0.38063462561717554, 0.3806230242580563, 0.38061663023074355, 0.3805967760560752, 0.3805054200121639, 0.3803750253477104, 0.37977469904188565, 0.37891760519077755, 0.37871286513836055, 0.378653839558166, 0.37864204857916073, 0.3786390564350274, 0.3786379347466592, 0.3786367141685367, 0.37863377963145683, 0.37862950759116176, 0.37861300912424467, 0.3785792287510682, 0.3784825244617619, 0.3782780082953471, 0.3781143915466978, 0.37782374108332895, 0.37755069492014404, 0.37722716949601753, 0.37686758919340113, 0.3753110796622573, 0.3739803648557448, 0.37305923463801693, 0.37244805003544046, 0.3723402555331321, 0.3723114604224653, 0.3722741692980641, 0.37226537627417855, 0.3722642827463115]}, "5": {"maxiter": 500, "fatol": 1e-05, "xatol": 1e-10, "duration": 0.2472069263458252, "fun": "0.3722628881287179", "nit": "500", "nfev": "759", "status": "2", "success": "False", "message": "Maximum number of iterations has been exceeded.", "x": "[ 2.89631004 -0.03027977  5.33621021 -0.34754554  3.12459915  0.81165109]", "final_simplex": "(array([[ 2.89631004, -0.03027977,  5.33621021, -0.34754554,  3.12459915,\n         0.81165109],\n       [ 2.89708825, -0.05597623,  5.31714805, -0.34393839,  3.13714237,\n         0.80232442],\n       [ 2.89709545, -0.04216806,  5.32952575, -0.34789032,  3.13311595,\n         0.80337545],\n       [ 2.89772933, -0.05098236,  5.32673369, -0.34644275,  3.13479725,\n         0.80611315],\n       [ 2.89852384, -0.03992392,  5.33326874, -0.34341129,  3.14014873,\n         0.8000038 ],\n       [ 2.8982378 , -0.06395941,  5.31837103, -0.34354027,  3.13866148,\n         0.8015998 ],\n       [ 2.89909747, -0.05434392,  5.31814173, -0.34525146,  3.12693185,\n         0.81026092]]), array([0.37226289, 0.37226294, 0.37226395, 0.37226427, 0.37226428,\n       0.37226448, 0.37226508]))", "callback": [0.5567567295625113, 0.523550699511701, 0.4446831960119463, 0.4168069426419183, 0.41044874217180016, 0.41018080205399376, 0.40938143233874313, 0.40813334436183746, 0.4057407866183472, 0.40046823682427135, 0.38653340207196585, 0.3819322664563435, 0.38111577219541226, 0.3808459622134115, 0.380668048691963, 0.38063462561717554, 0.3806230242580563, 0.38061663023074355, 0.3805967760560752, 0.3805054200121639, 0.3803750253477104, 0.37977469904188565, 0.37891760519077755, 0.37871286513836055, 0.378653839558166, 0.37864204857916073, 0.3786390564350274, 0.3786379347466592, 0.3786367141685367, 0.37863377963145683, 0.37862950759116176, 0.37861300912424467, 0.3785792287510682, 0.3784825244617619, 0.3782780082953471, 0.3781143915466978, 0.37782374108332895, 0.37755069492014404, 0.37722716949601753, 0.37686758919340113, 0.3753110796622573, 0.3739803648557448, 0.37305923463801693, 0.37244805003544046, 0.3723402555331321, 0.3723114604224653, 0.3722741692980641, 0.37226537627417855, 0.3722642827463115]}, "6": {"maxiter": 500, "fatol": 1e-10, "xatol": 1e-05, "duration": 0.2379159927368164, "fun": "0.3722628881287179", "nit": "500", "nfev": "759", "status": "2", "success": "False", "message": "Maximum number of iterations has been exceeded.", "x": "[ 2.89631004 -0.03027977  5.33621021 -0.34754554  3.12459915  0.81165109]", "final_simplex": "(array([[ 2.89631004, -0.03027977,  5.33621021, -0.34754554,  3.12459915,\n         0.81165109],\n       [ 2.89708825, -0.05597623,  5.31714805, -0.34393839,  3.13714237,\n         0.80232442],\n       [ 2.89709545, -0.04216806,  5.32952575, -0.34789032,  3.13311595,\n         0.80337545],\n       [ 2.89772933, -0.05098236,  5.32673369, -0.34644275,  3.13479725,\n         0.80611315],\n       [ 2.89852384, -0.03992392,  5.33326874, -0.34341129,  3.14014873,\n         0.8000038 ],\n       [ 2.8982378 , -0.06395941,  5.31837103, -0.34354027,  3.13866148,\n         0.8015998 ],\n       [ 2.89909747, -0.05434392,  5.31814173, -0.34525146,  3.12693185,\n         0.81026092]]), array([0.37226289, 0.37226294, 0.37226395, 0.37226427, 0.37226428,\n       0.37226448, 0.37226508]))", "callback": [0.5567567295625113, 0.523550699511701, 0.4446831960119463, 0.4168069426419183, 0.41044874217180016, 0.41018080205399376, 0.40938143233874313, 0.40813334436183746, 0.4057407866183472, 0.40046823682427135, 0.38653340207196585, 0.3819322664563435, 0.38111577219541226, 0.3808459622134115, 0.380668048691963, 0.38063462561717554, 0.3806230242580563, 0.38061663023074355, 0.3805967760560752, 0.3805054200121639, 0.3803750253477104, 0.37977469904188565, 0.37891760519077755, 0.37871286513836055, 0.378653839558166, 0.37864204857916073, 0.3786390564350274, 0.3786379347466592, 0.3786367141685367, 0.37863377963145683, 0.37862950759116176, 0.37861300912424467, 0.3785792287510682, 0.3784825244617619, 0.3782780082953471, 0.3781143915466978, 0.37782374108332895, 0.37755069492014404, 0.37722716949601753, 0.37686758919340113, 0.3753110796622573, 0.3739803648557448, 0.37305923463801693, 0.37244805003544046, 0.3723402555331321, 0.3723114604224653, 0.3722741692980641, 0.37226537627417855, 0.3722642827463115]}, "7": {"maxiter": 500, "fatol": 1e-10, "xatol": 1e-10, "duration": 0.2737278938293457, "fun": "0.3722628881287179", "nit": "500", "nfev": "759", "status": "2", "success": "False", "message": "Maximum number of iterations has been exceeded.", "x": "[ 2.89631004 -0.03027977  5.33621021 -0.34754554  3.12459915  0.81165109]", "final_simplex": "(array([[ 2.89631004, -0.03027977,  5.33621021, -0.34754554,  3.12459915,\n         0.81165109],\n       [ 2.89708825, -0.05597623,  5.31714805, -0.34393839,  3.13714237,\n         0.80232442],\n       [ 2.89709545, -0.04216806,  5.32952575, -0.34789032,  3.13311595,\n         0.80337545],\n       [ 2.89772933, -0.05098236,  5.32673369, -0.34644275,  3.13479725,\n         0.80611315],\n       [ 2.89852384, -0.03992392,  5.33326874, -0.34341129,  3.14014873,\n         0.8000038 ],\n       [ 2.8982378 , -0.06395941,  5.31837103, -0.34354027,  3.13866148,\n         0.8015998 ],\n       [ 2.89909747, -0.05434392,  5.31814173, -0.34525146,  3.12693185,\n         0.81026092]]), array([0.37226289, 0.37226294, 0.37226395, 0.37226427, 0.37226428,\n       0.37226448, 0.37226508]))", "callback": [0.5567567295625113, 0.523550699511701, 0.4446831960119463, 0.4168069426419183, 0.41044874217180016, 0.41018080205399376, 0.40938143233874313, 0.40813334436183746, 0.4057407866183472, 0.40046823682427135, 0.38653340207196585, 0.3819322664563435, 0.38111577219541226, 0.3808459622134115, 0.380668048691963, 0.38063462561717554, 0.3806230242580563, 0.38061663023074355, 0.3805967760560752, 0.3805054200121639, 0.3803750253477104, 0.37977469904188565, 0.37891760519077755, 0.37871286513836055, 0.378653839558166, 0.37864204857916073, 0.3786390564350274, 0.3786379347466592, 0.3786367141685367, 0.37863377963145683, 0.37862950759116176, 0.37861300912424467, 0.3785792287510682, 0.3784825244617619, 0.3782780082953471, 0.3781143915466978, 0.37782374108332895, 0.37755069492014404, 0.37722716949601753, 0.37686758919340113, 0.3753110796622573, 0.3739803648557448, 0.37305923463801693, 0.37244805003544046, 0.3723402555331321, 0.3723114604224653, 0.3722741692980641, 0.37226537627417855, 0.3722642827463115]}, "8": {"maxiter": 1000, "fatol": 1e-05, "xatol": 1e-05, "duration": 0.34261608123779297, "fun": "0.3722612489075696", "nit": "673", "nfev": "1042", "status": "0", "success": "True", "message": "Optimization terminated successfully.", "x": "[ 2.89520344 -0.04217921  5.32835059 -0.34351631  3.13315827  0.80386962]", "final_simplex": "(array([[ 2.89520344, -0.04217921,  5.32835059, -0.34351631,  3.13315827,\n         0.80386962],\n       [ 2.89520334, -0.04217428,  5.32835568, -0.34351741,  3.13315841,\n         0.80387088],\n       [ 2.89520345, -0.04218074,  5.32834947, -0.34351552,  3.13315919,\n         0.8038697 ],\n       [ 2.89520246, -0.04217263,  5.32835658, -0.34351679,  3.1331558 ,\n         0.80387235],\n       [ 2.89520303, -0.04218535,  5.32834648, -0.34351521,  3.13316232,\n         0.80386737],\n       [ 2.89520271, -0.04217587,  5.32835299, -0.34351605,  3.13315971,\n         0.80386891],\n       [ 2.89520369, -0.04218243,  5.32834962, -0.34351531,  3.13316404,\n         0.80386526]]), array([0.37226125, 0.37226125, 0.37226125, 0.37226125, 0.37226125,\n       0.37226125, 0.37226125]))", "callback": [0.5567567295625113, 0.523550699511701, 0.4446831960119463, 0.4168069426419183, 0.41044874217180016, 0.41018080205399376, 0.40938143233874313, 0.40813334436183746, 0.4057407866183472, 0.40046823682427135, 0.38653340207196585, 0.3819322664563435, 0.38111577219541226, 0.3808459622134115, 0.380668048691963, 0.38063462561717554, 0.3806230242580563, 0.38061663023074355, 0.3805967760560752, 0.3805054200121639, 0.3803750253477104, 0.37977469904188565, 0.37891760519077755, 0.37871286513836055, 0.378653839558166, 0.37864204857916073, 0.3786390564350274, 0.3786379347466592, 0.3786367141685367, 0.37863377963145683, 0.37862950759116176, 0.37861300912424467, 0.3785792287510682, 0.3784825244617619, 0.3782780082953471, 0.3781143915466978, 0.37782374108332895, 0.37755069492014404, 0.37722716949601753, 0.37686758919340113, 0.3753110796622573, 0.3739803648557448, 0.37305923463801693, 0.37244805003544046, 0.3723402555331321, 0.3723114604224653, 0.3722741692980641, 0.37226537627417855, 0.3722642827463115, 0.3722628881287179, 0.3722621112734248, 0.372261603510041, 0.37226140098503546, 0.37226133839789743, 0.3722613198608622, 0.37226129941495356, 0.3722612700759066, 0.37226125202115734, 0.3722612517117764, 0.3722612496826996, 0.37226124912362357, 0.3722612490036904, 0.3722612489500192, 0.3722612489191873, 0.3722612489103624, 0.3722612489079631, 0.3722612489076119]}, "9": {"maxiter": 1000, "fatol": 1e-05, "xatol": 1e-10, "duration": 0.39365577697753906, "fun": "0.37226124890737233", "nit": "778", "nfev": "1276", "status": "0", "success": "True", "message": "Optimization terminated successfully.", "x": "[ 2.89520292 -0.04218067  5.32835154 -0.34351687  3.13315981  0.80386908]", "final_simplex": "(array([[ 2.89520292, -0.04218067,  5.32835154, -0.34351687,  3.13315981,\n         0.80386908],\n       [ 2.89520292, -0.04218067,  5.32835154, -0.34351687,  3.13315981,\n         0.80386908],\n       [ 2.89520292, -0.04218067,  5.32835154, -0.34351687,  3.13315981,\n         0.80386908],\n       [ 2.89520292, -0.04218067,  5.32835154, -0.34351687,  3.13315981,\n         0.80386908],\n       [ 2.89520292, -0.04218067,  5.32835154, -0.34351687,  3.13315981,\n         0.80386908],\n       [ 2.89520292, -0.04218067,  5.32835154, -0.34351687,  3.13315981,\n         0.80386908],\n       [ 2.89520292, -0.04218067,  5.32835154, -0.34351687,  3.13315981,\n         0.80386908]]), array([0.37226125, 0.37226125, 0.37226125, 0.37226125, 0.37226125,\n       0.37226125, 0.37226125]))", "callback": [0.5567567295625113, 0.523550699511701, 0.4446831960119463, 0.4168069426419183, 0.41044874217180016, 0.41018080205399376, 0.40938143233874313, 0.40813334436183746, 0.4057407866183472, 0.40046823682427135, 0.38653340207196585, 0.3819322664563435, 0.38111577219541226, 0.3808459622134115, 0.380668048691963, 0.38063462561717554, 0.3806230242580563, 0.38061663023074355, 0.3805967760560752, 0.3805054200121639, 0.3803750253477104, 0.37977469904188565, 0.37891760519077755, 0.37871286513836055, 0.378653839558166, 0.37864204857916073, 0.3786390564350274, 0.3786379347466592, 0.3786367141685367, 0.37863377963145683, 0.37862950759116176, 0.37861300912424467, 0.3785792287510682, 0.3784825244617619, 0.3782780082953471, 0.3781143915466978, 0.37782374108332895, 0.37755069492014404, 0.37722716949601753, 0.37686758919340113, 0.3753110796622573, 0.3739803648557448, 0.37305923463801693, 0.37244805003544046, 0.3723402555331321, 0.3723114604224653, 0.3722741692980641, 0.37226537627417855, 0.3722642827463115, 0.3722628881287179, 0.3722621112734248, 0.372261603510041, 0.37226140098503546, 0.37226133839789743, 0.3722613198608622, 0.37226129941495356, 0.3722612700759066, 0.37226125202115734, 0.3722612517117764, 0.3722612496826996, 0.37226124912362357, 0.3722612490036904, 0.3722612489500192, 0.3722612489191873, 0.3722612489103624, 0.3722612489079631, 0.3722612489076119, 0.3722612489074263, 0.37226124890739776, 0.37226124890738277, 0.3722612489073758, 0.37226124890737267, 0.37226124890737267, 0.37226124890737244, 0.37226124890737244, 0.37226124890737244, 0.37226124890737233]}, "10": {"maxiter": 1000, "fatol": 1e-10, "xatol": 1e-05, "duration": 0.32387471199035645, "fun": "0.3722612489075696", "nit": "673", "nfev": "1042", "status": "0", "success": "True", "message": "Optimization terminated successfully.", "x": "[ 2.89520344 -0.04217921  5.32835059 -0.34351631  3.13315827  0.80386962]", "final_simplex": "(array([[ 2.89520344, -0.04217921,  5.32835059, -0.34351631,  3.13315827,\n         0.80386962],\n       [ 2.89520334, -0.04217428,  5.32835568, -0.34351741,  3.13315841,\n         0.80387088],\n       [ 2.89520345, -0.04218074,  5.32834947, -0.34351552,  3.13315919,\n         0.8038697 ],\n       [ 2.89520246, -0.04217263,  5.32835658, -0.34351679,  3.1331558 ,\n         0.80387235],\n       [ 2.89520303, -0.04218535,  5.32834648, -0.34351521,  3.13316232,\n         0.80386737],\n       [ 2.89520271, -0.04217587,  5.32835299, -0.34351605,  3.13315971,\n         0.80386891],\n       [ 2.89520369, -0.04218243,  5.32834962, -0.34351531,  3.13316404,\n         0.80386526]]), array([0.37226125, 0.37226125, 0.37226125, 0.37226125, 0.37226125,\n       0.37226125, 0.37226125]))", "callback": [0.5567567295625113, 0.523550699511701, 0.4446831960119463, 0.4168069426419183, 0.41044874217180016, 0.41018080205399376, 0.40938143233874313, 0.40813334436183746, 0.4057407866183472, 0.40046823682427135, 0.38653340207196585, 0.3819322664563435, 0.38111577219541226, 0.3808459622134115, 0.380668048691963, 0.38063462561717554, 0.3806230242580563, 0.38061663023074355, 0.3805967760560752, 0.3805054200121639, 0.3803750253477104, 0.37977469904188565, 0.37891760519077755, 0.37871286513836055, 0.378653839558166, 0.37864204857916073, 0.3786390564350274, 0.3786379347466592, 0.3786367141685367, 0.37863377963145683, 0.37862950759116176, 0.37861300912424467, 0.3785792287510682, 0.3784825244617619, 0.3782780082953471, 0.3781143915466978, 0.37782374108332895, 0.37755069492014404, 0.37722716949601753, 0.37686758919340113, 0.3753110796622573, 0.3739803648557448, 0.37305923463801693, 0.37244805003544046, 0.3723402555331321, 0.3723114604224653, 0.3722741692980641, 0.37226537627417855, 0.3722642827463115, 0.3722628881287179, 0.3722621112734248, 0.372261603510041, 0.37226140098503546, 0.37226133839789743, 0.3722613198608622, 0.37226129941495356, 0.3722612700759066, 0.37226125202115734, 0.3722612517117764, 0.3722612496826996, 0.37226124912362357, 0.3722612490036904, 0.3722612489500192, 0.3722612489191873, 0.3722612489103624, 0.3722612489079631, 0.3722612489076119]}, "11": {"maxiter": 1000, "fatol": 1e-10, "xatol": 1e-10, "duration": 0.3935267925262451, "fun": "0.37226124890737233", "nit": "778", "nfev": "1276", "status": "0", "success": "True", "message": "Optimization terminated successfully.", "x": "[ 2.89520292 -0.04218067  5.32835154 -0.34351687  3.13315981  0.80386908]", "final_simplex": "(array([[ 2.89520292, -0.04218067,  5.32835154, -0.34351687,  3.13315981,\n         0.80386908],\n       [ 2.89520292, -0.04218067,  5.32835154, -0.34351687,  3.13315981,\n         0.80386908],\n       [ 2.89520292, -0.04218067,  5.32835154, -0.34351687,  3.13315981,\n         0.80386908],\n       [ 2.89520292, -0.04218067,  5.32835154, -0.34351687,  3.13315981,\n         0.80386908],\n       [ 2.89520292, -0.04218067,  5.32835154, -0.34351687,  3.13315981,\n         0.80386908],\n       [ 2.89520292, -0.04218067,  5.32835154, -0.34351687,  3.13315981,\n         0.80386908],\n       [ 2.89520292, -0.04218067,  5.32835154, -0.34351687,  3.13315981,\n         0.80386908]]), array([0.37226125, 0.37226125, 0.37226125, 0.37226125, 0.37226125,\n       0.37226125, 0.37226125]))", "callback": [0.5567567295625113, 0.523550699511701, 0.4446831960119463, 0.4168069426419183, 0.41044874217180016, 0.41018080205399376, 0.40938143233874313, 0.40813334436183746, 0.4057407866183472, 0.40046823682427135, 0.38653340207196585, 0.3819322664563435, 0.38111577219541226, 0.3808459622134115, 0.380668048691963, 0.38063462561717554, 0.3806230242580563, 0.38061663023074355, 0.3805967760560752, 0.3805054200121639, 0.3803750253477104, 0.37977469904188565, 0.37891760519077755, 0.37871286513836055, 0.378653839558166, 0.37864204857916073, 0.3786390564350274, 0.3786379347466592, 0.3786367141685367, 0.37863377963145683, 0.37862950759116176, 0.37861300912424467, 0.3785792287510682, 0.3784825244617619, 0.3782780082953471, 0.3781143915466978, 0.37782374108332895, 0.37755069492014404, 0.37722716949601753, 0.37686758919340113, 0.3753110796622573, 0.3739803648557448, 0.37305923463801693, 0.37244805003544046, 0.3723402555331321, 0.3723114604224653, 0.3722741692980641, 0.37226537627417855, 0.3722642827463115, 0.3722628881287179, 0.3722621112734248, 0.372261603510041, 0.37226140098503546, 0.37226133839789743, 0.3722613198608622, 0.37226129941495356, 0.3722612700759066, 0.37226125202115734, 0.3722612517117764, 0.3722612496826996, 0.37226124912362357, 0.3722612490036904, 0.3722612489500192, 0.3722612489191873, 0.3722612489103624, 0.3722612489079631, 0.3722612489076119, 0.3722612489074263, 0.37226124890739776, 0.37226124890738277, 0.3722612489073758, 0.37226124890737267, 0.37226124890737267, 0.37226124890737244, 0.37226124890737244, 0.37226124890737244, 0.37226124890737233]}}, "bfgs": {"type": "gradient", "0": {"maxiter": 100, "gtol": 1e-05, "xrtol": 1e-05, "eps": 1e-05, "duration": 0.09665107727050781, "fun": "0.372261249000836", "jac": "[-1.12867493e-06 -1.05352393e-06  1.27129418e-06  1.09026121e-06\n  4.92295094e-07  7.79620812e-07]", "hess_inv": "[[  4.74048006  -6.58129466  -3.93123228   2.47557611   1.32138916\n   -0.27914363]\n [ -6.58129466 254.13493547 182.70140304 -24.2252422  -87.1567876\n   71.46755554]\n [ -3.93123228 182.70140304 144.37645312 -20.50465816 -62.21487826\n   54.65687188]\n [  2.47557611 -24.2252422  -20.50465816   9.93406242  11.7628298\n  -10.37905461]\n [  1.32138916 -87.1567876  -62.21487826  11.7628298   59.89493084\n  -51.31896499]\n [ -0.27914363  71.46755554  54.65687188 -10.37905461 -51.31896499\n   49.19299282]]", "nfev": "301", "njev": "43", "status": "0", "success": "True", "message": "Optimization terminated successfully.", "x": "[ 2.8951978  -0.0423877   5.32820787 -0.34350313  3.13321674  0.80382343]", "nit": "37", "callback": [0.38247863087599454, 0.3728974729443678, 0.3724568451262317]}, "1": {"maxiter": 100, "gtol": 1e-05, "xrtol": 1e-05, "eps": 1e-10, "duration": 0.09828782081604004, "fun": "0.372261249245034", "jac": "[-6.66133760e-06 -2.22044602e-06  4.44089173e-06  4.44089173e-06\n  4.44089173e-06  4.44089173e-06]", "hess_inv": "[[  4.76089131  -7.25818716  -4.43552625   2.5687463    1.64895527\n   -0.5682564 ]\n [ -7.25818716 275.2679383  199.34932394 -26.5523837  -95.77620229\n   79.83468167]\n [ -4.43552625 199.34932394 157.41953645 -22.29128082 -68.77279311\n   60.99030945]\n [  2.5687463  -26.5523837  -22.29128082  10.218763    12.69694738\n  -11.25085801]\n [  1.64895527 -95.77620229 -68.77279311  12.69694738  62.90882329\n  -54.10038839]\n [ -0.5682564   79.83468167  60.99030945 -11.25085801 -54.10038839\n   51.73083639]]", "nfev": "308", "njev": "44", "status": "0", "success": "True", "message": "Optimization terminated successfully.", "x": "[ 2.89518889 -0.04206543  5.32849476 -0.3435078   3.13320355  0.80386164]", "nit": "37", "callback": [0.38247876570771944, 0.3729017590041468, 0.372459581278901]}, "2": {"maxiter": 100, "gtol": 1e-05, "xrtol": 1e-10, "eps": 1e-05, "duration": 0.09551501274108887, "fun": "0.372261249000836", "jac": "[-1.12867493e-06 -1.05352393e-06  1.27129418e-06  1.09026121e-06\n  4.92295094e-07  7.79620812e-07]", "hess_inv": "[[  4.74048006  -6.58129466  -3.93123228   2.47557611   1.32138916\n   -0.27914363]\n [ -6.58129466 254.13493547 182.70140304 -24.2252422  -87.1567876\n   71.46755554]\n [ -3.93123228 182.70140304 144.37645312 -20.50465816 -62.21487826\n   54.65687188]\n [  2.47557611 -24.2252422  -20.50465816   9.93406242  11.7628298\n  -10.37905461]\n [  1.32138916 -87.1567876  -62.21487826  11.7628298   59.89493084\n  -51.31896499]\n [ -0.27914363  71.46755554  54.65687188 -10.37905461 -51.31896499\n   49.19299282]]", "nfev": "301", "njev": "43", "status": "0", "success": "True", "message": "Optimization terminated successfully.", "x": "[ 2.8951978  -0.0423877   5.32820787 -0.34350313  3.13321674  0.80382343]", "nit": "37", "callback": [0.38247863087599454, 0.3728974729443678, 0.3724568451262317]}, "3": {"maxiter": 100, "gtol": 1e-05, "xrtol": 1e-10, "eps": 1e-10, "duration": 0.10165882110595703, "fun": "0.372261249245034", "jac": "[-6.66133760e-06 -2.22044602e-06  4.44089173e-06  4.44089173e-06\n  4.44089173e-06  4.44089173e-06]", "hess_inv": "[[  4.76089131  -7.25818716  -4.43552625   2.5687463    1.64895527\n   -0.5682564 ]\n [ -7.25818716 275.2679383  199.34932394 -26.5523837  -95.77620229\n   79.83468167]\n [ -4.43552625 199.34932394 157.41953645 -22.29128082 -68.77279311\n   60.99030945]\n [  2.5687463  -26.5523837  -22.29128082  10.218763    12.69694738\n  -11.25085801]\n [  1.64895527 -95.77620229 -68.77279311  12.69694738  62.90882329\n  -54.10038839]\n [ -0.5682564   79.83468167  60.99030945 -11.25085801 -54.10038839\n   51.73083639]]", "nfev": "308", "njev": "44", "status": "0", "success": "True", "message": "Optimization terminated successfully.", "x": "[ 2.89518889 -0.04206543  5.32849476 -0.3435078   3.13320355  0.80386164]", "nit": "37", "callback": [0.38247876570771944, 0.3729017590041468, 0.372459581278901]}, "4": {"maxiter": 100, "gtol": 1e-10, "xrtol": 1e-05, "eps": 1e-05, "duration": 0.09977602958679199, "fun": "0.37226124897104096", "jac": "[-2.88180591e-07  7.36855021e-08 -8.37330205e-08 -4.17443857e-08\n  1.97508676e-07  2.08499884e-07]", "hess_inv": "[[  4.73773911  -6.5478039   -3.98172608   2.46736187   1.33797055\n   -0.33102375]\n [ -6.5478039  263.06949647 185.32009008 -25.3757672  -89.80994695\n   71.76353362]\n [ -3.98172608 185.32009008 143.87508443 -20.92396003 -62.43439914\n   53.62874085]\n [  2.46736187 -25.3757672  -20.92396003  10.07690793  12.14058872\n  -10.48929212]\n [  1.33797055 -89.80994695 -62.43439914  12.14058872  60.43731996\n  -50.91648857]\n [ -0.33102375  71.76353362  53.62874085 -10.48929212 -50.91648857\n   48.22323787]]", "nfev": "308", "njev": "44", "status": "0", "success": "True", "message": "Optimization terminated successfully.", "x": "[ 2.89519823 -0.04233761  5.32822745 -0.34350926  3.13319971  0.80382939]", "nit": "38", "callback": [0.38247863087599454, 0.3728974729443678, 0.3724568451262317]}, "5": {"maxiter": 100, "gtol": 1e-10, "xrtol": 1e-05, "eps": 1e-10, "duration": 0.10884976387023926, "fun": "0.372261248945282", "jac": "[ 0.00000000e+00  1.11022301e-06 -1.11022293e-06  0.00000000e+00\n  0.00000000e+00 -2.22044587e-06]", "hess_inv": "[[  4.66340163   1.17296385   1.14680696   1.2577114   -3.65513686\n    3.54216944]\n [  1.17296385 111.37466953  59.14653588 -12.1002971  -43.47364845\n   23.49866938]\n [  1.14680696  59.14653588  44.31287772  -7.89519238 -14.4276784\n    8.69302847]\n [  1.2577114  -12.1002971   -7.89519238   9.42110069  10.44175946\n   -7.14202843]\n [ -3.65513686 -43.47364845 -14.4276784   10.44175946  57.7604809\n  -40.4758871 ]\n [  3.54216944  23.49866938   8.69302847  -7.14202843 -40.4758871\n   33.80741389]]", "nfev": "343", "njev": "49", "status": "0", "success": "True", "message": "Optimization terminated successfully.", "x": "[ 2.89520859 -0.04207537  5.3284255  -0.34351771  3.13314982  0.80387409]", "nit": "39", "callback": [0.38247876570771944, 0.3729017590041468, 0.372459581278901]}, "6": {"maxiter": 100, "gtol": 1e-10, "xrtol": 1e-10, "eps": 1e-05, "duration": 0.17987704277038574, "fun": "0.3722612489709918", "jac": "[ 8.93729535e-08 -2.83773005e-08  4.32875957e-08  1.85962357e-08\n -6.18727292e-08 -6.76902978e-08]", "hess_inv": "[[ 4.04597226e+00 -5.56659934e+00 -4.28895688e+00  2.00086892e+00\n   1.05310305e+00 -1.01493348e-01]\n [-5.56659934e+00  2.61191273e+02  1.86505948e+02 -2.45819596e+01\n  -8.91167578e+01  7.16251941e+01]\n [-4.28895688e+00  1.86505948e+02  1.46235654e+02 -2.10595685e+01\n  -6.25225877e+01  5.44011126e+01]\n [ 2.00086892e+00 -2.45819596e+01 -2.10595685e+01  9.74718460e+00\n   1.19064374e+01 -1.03130901e+01]\n [ 1.05310305e+00 -8.91167578e+01 -6.25225877e+01  1.19064374e+01\n   6.02123224e+01 -5.08061535e+01]\n [-1.01493348e-01  7.16251941e+01  5.44011126e+01 -1.03130901e+01\n  -5.08061535e+01  4.83268032e+01]]", "nfev": "565", "njev": "79", "status": "2", "success": "False", "message": "Desired error not necessarily achieved due to precision loss.", "x": "[ 2.89519965 -0.04234083  5.32822529 -0.34350833  3.1332004   0.80382816]", "nit": "39", "callback": [0.38247863087599454, 0.3728974729443678, 0.3724568451262317]}, "7": {"maxiter": 100, "gtol": 1e-10, "xrtol": 1e-10, "eps": 1e-10, "duration": 0.1688220500946045, "fun": "0.37226124893027646", "jac": "[0.00000000e+00 0.00000000e+00 1.11022293e-06 0.00000000e+00\n 0.00000000e+00 0.00000000e+00]", "hess_inv": "[[ 0.36860052  0.0750544   0.0680472  -0.26805087  0.24425847 -0.37982703]\n [ 0.0750544   0.05549215 -0.00702889 -0.03688701  0.01827247 -0.05977974]\n [ 0.0680472  -0.00702889  0.03372599 -0.06517988  0.0729832  -0.08683823]\n [-0.26805087 -0.03688701 -0.06517988  0.22939247 -0.19790791  0.27964796]\n [ 0.24425847  0.01827247  0.0729832  -0.19790791  0.21143897 -0.28124374]\n [-0.37982703 -0.05977974 -0.08683823  0.27964796 -0.28124374  0.41735546]]", "nfev": "532", "njev": "76", "status": "0", "success": "True", "message": "Optimization terminated successfully.", "x": "[ 2.8952013  -0.04207943  5.32842776 -0.34352003  3.13313864  0.80388418]", "nit": "52", "callback": [0.38247876570771944, 0.3729017590041468, 0.372459581278901, 0.3722612489452516, 0.37226124893027823]}, "8": {"maxiter": 500, "gtol": 1e-05, "xrtol": 1e-05, "eps": 1e-05, "duration": 0.09790682792663574, "fun": "0.372261249000836", "jac": "[-1.12867493e-06 -1.05352393e-06  1.27129418e-06  1.09026121e-06\n  4.92295094e-07  7.79620812e-07]", "hess_inv": "[[  4.74048006  -6.58129466  -3.93123228   2.47557611   1.32138916\n   -0.27914363]\n [ -6.58129466 254.13493547 182.70140304 -24.2252422  -87.1567876\n   71.46755554]\n [ -3.93123228 182.70140304 144.37645312 -20.50465816 -62.21487826\n   54.65687188]\n [  2.47557611 -24.2252422  -20.50465816   9.93406242  11.7628298\n  -10.37905461]\n [  1.32138916 -87.1567876  -62.21487826  11.7628298   59.89493084\n  -51.31896499]\n [ -0.27914363  71.46755554  54.65687188 -10.37905461 -51.31896499\n   49.19299282]]", "nfev": "301", "njev": "43", "status": "0", "success": "True", "message": "Optimization terminated successfully.", "x": "[ 2.8951978  -0.0423877   5.32820787 -0.34350313  3.13321674  0.80382343]", "nit": "37", "callback": [0.38247863087599454, 0.3728974729443678, 0.3724568451262317]}, "9": {"maxiter": 500, "gtol": 1e-05, "xrtol": 1e-05, "eps": 1e-10, "duration": 0.09973573684692383, "fun": "0.372261249245034", "jac": "[-6.66133760e-06 -2.22044602e-06  4.44089173e-06  4.44089173e-06\n  4.44089173e-06  4.44089173e-06]", "hess_inv": "[[  4.76089131  -7.25818716  -4.43552625   2.5687463    1.64895527\n   -0.5682564 ]\n [ -7.25818716 275.2679383  199.34932394 -26.5523837  -95.77620229\n   79.83468167]\n [ -4.43552625 199.34932394 157.41953645 -22.29128082 -68.77279311\n   60.99030945]\n [  2.5687463  -26.5523837  -22.29128082  10.218763    12.69694738\n  -11.25085801]\n [  1.64895527 -95.77620229 -68.77279311  12.69694738  62.90882329\n  -54.10038839]\n [ -0.5682564   79.83468167  60.99030945 -11.25085801 -54.10038839\n   51.73083639]]", "nfev": "308", "njev": "44", "status": "0", "success": "True", "message": "Optimization terminated successfully.", "x": "[ 2.89518889 -0.04206543  5.32849476 -0.3435078   3.13320355  0.80386164]", "nit": "37", "callback": [0.38247876570771944, 0.3729017590041468, 0.372459581278901]}, "10": {"maxiter": 500, "gtol": 1e-05, "xrtol": 1e-10, "eps": 1e-05, "duration": 0.09624814987182617, "fun": "0.372261249000836", "jac": "[-1.12867493e-06 -1.05352393e-06  1.27129418e-06  1.09026121e-06\n  4.92295094e-07  7.79620812e-07]", "hess_inv": "[[  4.74048006  -6.58129466  -3.93123228   2.47557611   1.32138916\n   -0.27914363]\n [ -6.58129466 254.13493547 182.70140304 -24.2252422  -87.1567876\n   71.46755554]\n [ -3.93123228 182.70140304 144.37645312 -20.50465816 -62.21487826\n   54.65687188]\n [  2.47557611 -24.2252422  -20.50465816   9.93406242  11.7628298\n  -10.37905461]\n [  1.32138916 -87.1567876  -62.21487826  11.7628298   59.89493084\n  -51.31896499]\n [ -0.27914363  71.46755554  54.65687188 -10.37905461 -51.31896499\n   49.19299282]]", "nfev": "301", "njev": "43", "status": "0", "success": "True", "message": "Optimization terminated successfully.", "x": "[ 2.8951978  -0.0423877   5.32820787 -0.34350313  3.13321674  0.80382343]", "nit": "37", "callback": [0.38247863087599454, 0.3728974729443678, 0.3724568451262317]}, "11": {"maxiter": 500, "gtol": 1e-05, "xrtol": 1e-10, "eps": 1e-10, "duration": 0.09970474243164062, "fun": "0.372261249245034", "jac": "[-6.66133760e-06 -2.22044602e-06  4.44089173e-06  4.44089173e-06\n  4.44089173e-06  4.44089173e-06]", "hess_inv": "[[  4.76089131  -7.25818716  -4.43552625   2.5687463    1.64895527\n   -0.5682564 ]\n [ -7.25818716 275.2679383  199.34932394 -26.5523837  -95.77620229\n   79.83468167]\n [ -4.43552625 199.34932394 157.41953645 -22.29128082 -68.77279311\n   60.99030945]\n [  2.5687463  -26.5523837  -22.29128082  10.218763    12.69694738\n  -11.25085801]\n [  1.64895527 -95.77620229 -68.77279311  12.69694738  62.90882329\n  -54.10038839]\n [ -0.5682564   79.83468167  60.99030945 -11.25085801 -54.10038839\n   51.73083639]]", "nfev": "308", "njev": "44", "status": "0", "success": "True", "message": "Optimization terminated successfully.", "x": "[ 2.89518889 -0.04206543  5.32849476 -0.3435078   3.13320355  0.80386164]", "nit": "37", "callback": [0.38247876570771944, 0.3729017590041468, 0.372459581278901]}, "12": {"maxiter": 500, "gtol": 1e-10, "xrtol": 1e-05, "eps": 1e-05, "duration": 0.0985870361328125, "fun": "0.37226124897104096", "jac": "[-2.88180591e-07  7.36855021e-08 -8.37330205e-08 -4.17443857e-08\n  1.97508676e-07  2.08499884e-07]", "hess_inv": "[[  4.73773911  -6.5478039   -3.98172608   2.46736187   1.33797055\n   -0.33102375]\n [ -6.5478039  263.06949647 185.32009008 -25.3757672  -89.80994695\n   71.76353362]\n [ -3.98172608 185.32009008 143.87508443 -20.92396003 -62.43439914\n   53.62874085]\n [  2.46736187 -25.3757672  -20.92396003  10.07690793  12.14058872\n  -10.48929212]\n [  1.33797055 -89.80994695 -62.43439914  12.14058872  60.43731996\n  -50.91648857]\n [ -0.33102375  71.76353362  53.62874085 -10.48929212 -50.91648857\n   48.22323787]]", "nfev": "308", "njev": "44", "status": "0", "success": "True", "message": "Optimization terminated successfully.", "x": "[ 2.89519823 -0.04233761  5.32822745 -0.34350926  3.13319971  0.80382939]", "nit": "38", "callback": 