{"date": "2024/10/29/, 13:20:44", "conf_id": 256, "data_type": "var_s_rank\n", "num_data_points": 1, "s_rank": 0, "unitary": "[[-0.56303964-0.00798273j,-0.21670212-0.15784972j,-0.06047197-0.73952673j,-0.01438004+0.24552571j],[-0.06976756+0.23474685j,-0.01275565-0.5435098j,-0.02703657-0.08917885j,-0.08210486-0.79311774j],[-0.38559961+0.10714929j,0.5933431-0.2687392j,-0.24060861+0.29149289j,-0.45147719+0.26241743j],[-0.50180421+0.45931857j,-0.11617175+0.44134496j,0.49642745+0.22684508j,-0.08544628-0.15407063j]]", "databatch_0": {"databatch": "[[[0.15758169+0.20037282j,0.11813582+0.12441986j,-0.18360921-0.1091173j,-0.13445053-0.2448809j],[-0.07914145+0.12782374j,0.0190313-0.03085235j,-0.29826253+0.27685366j,0.24007566-0.0187934j],[0.1928609-0.36194185j,-0.13770237+0.20917887j,-0.12705847+0.05225859j,0.07160814-0.14852335j],[0.19204467+0.15574711j,0.24959781+0.32659992j,-0.0038747+0.02115685j,0.0641556+0.15081562j]]]", "initial param values": "[3.72299766,3.90701198,1.78368661,0.28461202,1.15767073,0.21376244]", "nelder_mead": {"type": "gradient-free", "0": {"maxiter": 100, "fatol": 1e-05, "xatol": 1e-05, "duration": 0.32120275497436523, "fun": "0.719701243024524", "nit": "100", "nfev": "156", "status": "2", "success": "False", "message": "Maximum number of iterations has been exceeded.", "x": "[ 4.54996725  7.03981758  0.96986279  0.48179102 -2.05574177  0.17355827]", "final_simplex": "(array([[ 4.54996725,  7.03981758,  0.96986279,  0.48179102, -2.05574177,\n         0.17355827],\n       [ 4.58277097,  7.15496189,  0.97084135,  0.48282623, -2.06034234,\n         0.17394319],\n       [ 4.73641048,  7.03680869,  1.02837855,  0.47320708, -1.99403227,\n         0.19421536],\n       [ 4.71511779,  7.21960126,  1.03500116,  0.47405733, -2.25125911,\n         0.18643902],\n       [ 4.77043845,  6.96106946,  0.97529034,  0.47760449, -1.93118867,\n         0.18047507],\n       [ 4.57425973,  6.95928746,  1.08965745,  0.46741042, -2.02865762,\n         0.18232644],\n       [ 4.62247586,  7.28248926,  0.9918389 ,  0.49353755, -2.24461025,\n         0.1739331 ]]), array([0.71970124, 0.72140526, 0.72193103, 0.72200432, 0.72210489,\n       0.72227951, 0.7224985 ]))", "callback": [0.8855864284117725, 0.8819820287213408, 0.8710682577331141, 0.8134840426707469, 0.7965662591686542, 0.7864020280178937, 0.7767390312157283, 0.7569517181714559, 0.7233591058105524, 0.7231362366774742]}, "1": {"maxiter": 100, "fatol": 1e-05, "xatol": 1e-10, "duration": 0.1374979019165039, "fun": "0.719701243024524", "nit": "100", "nfev": "156", "status": "2", "success": "False", "message": "Maximum number of iterations has been exceeded.", "x": "[ 4.54996725  7.03981758  0.96986279  0.48179102 -2.05574177  0.17355827]", "final_simplex": "(array([[ 4.54996725,  7.03981758,  0.96986279,  0.48179102, -2.05574177,\n         0.17355827],\n       [ 4.58277097,  7.15496189,  0.97084135,  0.48282623, -2.06034234,\n         0.17394319],\n       [ 4.73641048,  7.03680869,  1.02837855,  0.47320708, -1.99403227,\n         0.19421536],\n       [ 4.71511779,  7.21960126,  1.03500116,  0.47405733, -2.25125911,\n         0.18643902],\n       [ 4.77043845,  6.96106946,  0.97529034,  0.47760449, -1.93118867,\n         0.18047507],\n       [ 4.57425973,  6.95928746,  1.08965745,  0.46741042, -2.02865762,\n         0.18232644],\n       [ 4.62247586,  7.28248926,  0.9918389 ,  0.49353755, -2.24461025,\n         0.1739331 ]]), array([0.71970124, 0.72140526, 0.72193103, 0.72200432, 0.72210489,\n       0.72227951, 0.7224985 ]))", "callback": [0.8855864284117725, 0.8819820287213408, 0.8710682577331141, 0.8134840426707469, 0.7965662591686542, 0.7864020280178937, 0.7767390312157283, 0.7569517181714559, 0.7233591058105524, 0.7231362366774742]}, "2": {"maxiter": 100, "fatol": 1e-10, "xatol": 1e-05, "duration": 0.12114524841308594, "fun": "0.719701243024524", "nit": "100", "nfev": "156", "status": "2", "success": "False", "message": "Maximum number of iterations has been exceeded.", "x": "[ 4.54996725  7.03981758  0.96986279  0.48179102 -2.05574177  0.17355827]", "final_simplex": "(array([[ 4.54996725,  7.03981758,  0.96986279,  0.48179102, -2.05574177,\n         0.17355827],\n       [ 4.58277097,  7.15496189,  0.97084135,  0.48282623, -2.06034234,\n         0.17394319],\n       [ 4.73641048,  7.03680869,  1.02837855,  0.47320708, -1.99403227,\n         0.19421536],\n       [ 4.71511779,  7.21960126,  1.03500116,  0.47405733, -2.25125911,\n         0.18643902],\n       [ 4.77043845,  6.96106946,  0.97529034,  0.47760449, -1.93118867,\n         0.18047507],\n       [ 4.57425973,  6.95928746,  1.08965745,  0.46741042, -2.02865762,\n         0.18232644],\n       [ 4.62247586,  7.28248926,  0.9918389 ,  0.49353755, -2.24461025,\n         0.1739331 ]]), array([0.71970124, 0.72140526, 0.72193103, 0.72200432, 0.72210489,\n       0.72227951, 0.7224985 ]))", "callback": [0.8855864284117725, 0.8819820287213408, 0.8710682577331141, 0.8134840426707469, 0.7965662591686542, 0.7864020280178937, 0.7767390312157283, 0.7569517181714559, 0.7233591058105524, 0.7231362366774742]}, "3": {"maxiter": 100, "fatol": 1e-10, "xatol": 1e-10, "duration": 0.11965203285217285, "fun": "0.719701243024524", "nit": "100", "nfev": "156", "status": "2", "success": "False", "message": "Maximum number of iterations has been exceeded.", "x": "[ 4.54996725  7.03981758  0.96986279  0.48179102 -2.05574177  0.17355827]", "final_simplex": "(array([[ 4.54996725,  7.03981758,  0.96986279,  0.48179102, -2.05574177,\n         0.17355827],\n       [ 4.58277097,  7.15496189,  0.97084135,  0.48282623, -2.06034234,\n         0.17394319],\n       [ 4.73641048,  7.03680869,  1.02837855,  0.47320708, -1.99403227,\n         0.19421536],\n       [ 4.71511779,  7.21960126,  1.03500116,  0.47405733, -2.25125911,\n         0.18643902],\n       [ 4.77043845,  6.96106946,  0.97529034,  0.47760449, -1.93118867,\n         0.18047507],\n       [ 4.57425973,  6.95928746,  1.08965745,  0.46741042, -2.02865762,\n         0.18232644],\n       [ 4.62247586,  7.28248926,  0.9918389 ,  0.49353755, -2.24461025,\n         0.1739331 ]]), array([0.71970124, 0.72140526, 0.72193103, 0.72200432, 0.72210489,\n       0.72227951, 0.7224985 ]))", "callback": [0.8855864284117725, 0.8819820287213408, 0.8710682577331141, 0.8134840426707469, 0.7965662591686542, 0.7864020280178937, 0.7767390312157283, 0.7569517181714559, 0.7233591058105524, 0.7231362366774742]}, "4": {"maxiter": 500, "fatol": 1e-05, "xatol": 1e-05, "duration": 0.6052515506744385, "fun": "0.6011486642053537", "nit": "500", "nfev": "747", "status": "2", "success": "False", "message": "Maximum number of iterations has been exceeded.", "x": "[ 4.4439913   6.58058952  1.24155756  1.05086803 -3.50193088  2.15208544]", "final_simplex": "(array([[ 4.4439913 ,  6.58058952,  1.24155756,  1.05086803, -3.50193088,\n         2.15208544],\n       [ 4.44395249,  6.58106692,  1.24043761,  1.04980698, -3.50144186,\n         2.1510911 ],\n       [ 4.44535148,  6.5812647 ,  1.23926589,  1.05116617, -3.50256   ,\n         2.15177714],\n       [ 4.44690839,  6.58177359,  1.24112071,  1.05004707, -3.50310122,\n         2.15097072],\n       [ 4.44445285,  6.58189627,  1.24163924,  1.05187878, -3.50116839,\n         2.14925953],\n       [ 4.44468345,  6.58018688,  1.24041145,  1.05005202, -3.50349219,\n         2.15188603],\n       [ 4.44563777,  6.57918462,  1.23934764,  1.04975239, -3.5021974 ,\n         2.15057968]]), array([0.60114866, 0.60114867, 0.60114868, 0.60114872, 0.60114879,\n       0.60114881, 0.6011489 ]))", "callback": [0.8855864284117725, 0.8819820287213408, 0.8710682577331141, 0.8134840426707469, 0.7965662591686542, 0.7864020280178937, 0.7767390312157283, 0.7569517181714559, 0.7233591058105524, 0.7231362366774742, 0.719701243024524, 0.7171758177373198, 0.7118858569057709, 0.7106354082835038, 0.7092899255516282, 0.7042109286222454, 0.6966299623354855, 0.6892808781135401, 0.6877039209601961, 0.6871441321731993, 0.6871441321731993, 0.6870811410420277, 0.6870477890385679, 0.6868188661861794, 0.686180257249877, 0.681067007610797, 0.6526721031933309, 0.6474890043223138, 0.6344837848098679, 0.6292681917147682, 0.6268652339913215, 0.6244409488329976, 0.6193032349685494, 0.6076626034379335, 0.6032481573878847, 0.602182049210089, 0.601579967181225, 0.6014089888740553, 0.6013632756022991, 0.601360414622563, 0.6013512493389461, 0.6013473747789732, 0.6013331835800577, 0.6012850102119942, 0.6012270905477777, 0.6011894765847946, 0.6011563831225941, 0.6011559671206769, 0.6011509633695213, 0.6011487873644759]}, "5": {"maxiter": 500, "fatol": 1e-05, "xatol": 1e-10, "duration": 0.5891692638397217, "fun": "0.6011486642053537", "nit": "500", "nfev": "747", "status": "2", "success": "False", "message": "Maximum number of iterations has been exceeded.", "x": "[ 4.4439913   6.58058952  1.24155756  1.05086803 -3.50193088  2.15208544]", "final_simplex": "(array([[ 4.4439913 ,  6.58058952,  1.24155756,  1.05086803, -3.50193088,\n         2.15208544],\n       [ 4.44395249,  6.58106692,  1.24043761,  1.04980698, -3.50144186,\n         2.1510911 ],\n       [ 4.44535148,  6.5812647 ,  1.23926589,  1.05116617, -3.50256   ,\n         2.15177714],\n       [ 4.44690839,  6.58177359,  1.24112071,  1.05004707, -3.50310122,\n         2.15097072],\n       [ 4.44445285,  6.58189627,  1.24163924,  1.05187878, -3.50116839,\n         2.14925953],\n       [ 4.44468345,  6.58018688,  1.24041145,  1.05005202, -3.50349219,\n         2.15188603],\n       [ 4.44563777,  6.57918462,  1.23934764,  1.04975239, -3.5021974 ,\n         2.15057968]]), array([0.60114866, 0.60114867, 0.60114868, 0.60114872, 0.60114879,\n       0.60114881, 0.6011489 ]))", "callback": [0.8855864284117725, 0.8819820287213408, 0.8710682577331141, 0.8134840426707469, 0.7965662591686542, 0.7864020280178937, 0.7767390312157283, 0.7569517181714559, 0.7233591058105524, 0.7231362366774742, 0.719701243024524, 0.7171758177373198, 0.7118858569057709, 0.7106354082835038, 0.7092899255516282, 0.7042109286222454, 0.6966299623354855, 0.6892808781135401, 0.6877039209601961, 0.6871441321731993, 0.6871441321731993, 0.6870811410420277, 0.6870477890385679, 0.6868188661861794, 0.686180257249877, 0.681067007610797, 0.6526721031933309, 0.6474890043223138, 0.6344837848098679, 0.6292681917147682, 0.6268652339913215, 0.6244409488329976, 0.6193032349685494, 0.6076626034379335, 0.6032481573878847, 0.602182049210089, 0.601579967181225, 0.6014089888740553, 0.6013632756022991, 0.601360414622563, 0.6013512493389461, 0.6013473747789732, 0.6013331835800577, 0.6012850102119942, 0.6012270905477777, 0.6011894765847946, 0.6011563831225941, 0.6011559671206769, 0.6011509633695213, 0.6011487873644759]}, "6": {"maxiter": 500, "fatol": 1e-10, "xatol": 1e-05, "duration": 0.588432788848877, "fun": "0.6011486642053537", "nit": "500", "nfev": "747", "status": "2", "success": "False", "message": "Maximum number of iterations has been exceeded.", "x": "[ 4.4439913   6.58058952  1.24155756  1.05086803 -3.50193088  2.15208544]", "final_simplex": "(array([[ 4.4439913 ,  6.58058952,  1.24155756,  1.05086803, -3.50193088,\n         2.15208544],\n       [ 4.44395249,  6.58106692,  1.24043761,  1.04980698, -3.50144186,\n         2.1510911 ],\n       [ 4.44535148,  6.5812647 ,  1.23926589,  1.05116617, -3.50256   ,\n         2.15177714],\n       [ 4.44690839,  6.58177359,  1.24112071,  1.05004707, -3.50310122,\n         2.15097072],\n       [ 4.44445285,  6.58189627,  1.24163924,  1.05187878, -3.50116839,\n         2.14925953],\n       [ 4.44468345,  6.58018688,  1.24041145,  1.05005202, -3.50349219,\n         2.15188603],\n       [ 4.44563777,  6.57918462,  1.23934764,  1.04975239, -3.5021974 ,\n         2.15057968]]), array([0.60114866, 0.60114867, 0.60114868, 0.60114872, 0.60114879,\n       0.60114881, 0.6011489 ]))", "callback": [0.8855864284117725, 0.8819820287213408, 0.8710682577331141, 0.8134840426707469, 0.7965662591686542, 0.7864020280178937, 0.7767390312157283, 0.7569517181714559, 0.7233591058105524, 0.7231362366774742, 0.719701243024524, 0.7171758177373198, 0.7118858569057709, 0.7106354082835038, 0.7092899255516282, 0.7042109286222454, 0.6966299623354855, 0.6892808781135401, 0.6877039209601961, 0.6871441321731993, 0.6871441321731993, 0.6870811410420277, 0.6870477890385679, 0.6868188661861794, 0.686180257249877, 0.681067007610797, 0.6526721031933309, 0.6474890043223138, 0.6344837848098679, 0.6292681917147682, 0.6268652339913215, 0.6244409488329976, 0.6193032349685494, 0.6076626034379335, 0.6032481573878847, 0.602182049210089, 0.601579967181225, 0.6014089888740553, 0.6013632756022991, 0.601360414622563, 0.6013512493389461, 0.6013473747789732, 0.6013331835800577, 0.6012850102119942, 0.6012270905477777, 0.6011894765847946, 0.6011563831225941, 0.6011559671206769, 0.6011509633695213, 0.6011487873644759]}, "7": {"maxiter": 500, "fatol": 1e-10, "xatol": 1e-10, "duration": 0.7052946090698242, "fun": "0.6011486642053537", "nit": "500", "nfev": "747", "status": "2", "success": "False", "message": "Maximum number of iterations has been exceeded.", "x": "[ 4.4439913   6.58058952  1.24155756  1.05086803 -3.50193088  2.15208544]", "final_simplex": "(array([[ 4.4439913 ,  6.58058952,  1.24155756,  1.05086803, -3.50193088,\n         2.15208544],\n       [ 4.44395249,  6.58106692,  1.24043761,  1.04980698, -3.50144186,\n         2.1510911 ],\n       [ 4.44535148,  6.5812647 ,  1.23926589,  1.05116617, -3.50256   ,\n         2.15177714],\n       [ 4.44690839,  6.58177359,  1.24112071,  1.05004707, -3.50310122,\n         2.15097072],\n       [ 4.44445285,  6.58189627,  1.24163924,  1.05187878, -3.50116839,\n         2.14925953],\n       [ 4.44468345,  6.58018688,  1.24041145,  1.05005202, -3.50349219,\n         2.15188603],\n       [ 4.44563777,  6.57918462,  1.23934764,  1.04975239, -3.5021974 ,\n         2.15057968]]), array([0.60114866, 0.60114867, 0.60114868, 0.60114872, 0.60114879,\n       0.60114881, 0.6011489 ]))", "callback": [0.8855864284117725, 0.8819820287213408, 0.8710682577331141, 0.8134840426707469, 0.7965662591686542, 0.7864020280178937, 0.7767390312157283, 0.7569517181714559, 0.7233591058105524, 0.7231362366774742, 0.719701243024524, 0.7171758177373198, 0.7118858569057709, 0.7106354082835038, 0.7092899255516282, 0.7042109286222454, 0.6966299623354855, 0.6892808781135401, 0.6877039209601961, 0.6871441321731993, 0.6871441321731993, 0.6870811410420277, 0.6870477890385679, 0.6868188661861794, 0.686180257249877, 0.681067007610797, 0.6526721031933309, 0.6474890043223138, 0.6344837848098679, 0.6292681917147682, 0.6268652339913215, 0.6244409488329976, 0.6193032349685494, 0.6076626034379335, 0.6032481573878847, 0.602182049210089, 0.601579967181225, 0.6014089888740553, 0.6013632756022991, 0.601360414622563, 0.6013512493389461, 0.6013473747789732, 0.6013331835800577, 0.6012850102119942, 0.6012270905477777, 0.6011894765847946, 0.6011563831225941, 0.6011559671206769, 0.6011509633695213, 0.6011487873644759]}, "8": {"maxiter": 1000, "fatol": 1e-05, "xatol": 1e-05, "duration": 1.1102790832519531, "fun": "0.6011483742927136", "nit": "583", "nfev": "891", "status": "0", "success": "True", "message": "Optimization terminated successfully.", "x": "[ 4.44523113  6.58137111  1.24037676  1.05061451 -3.50202406  2.15070288]", "final_simplex": "(array([[ 4.44523113,  6.58137111,  1.24037676,  1.05061451, -3.50202406,\n         2.15070288],\n       [ 4.44522558,  6.58137012,  1.24037562,  1.05061366, -3.50201989,\n         2.15070606],\n       [ 4.44523001,  6.58136588,  1.24037391,  1.05061336, -3.50202271,\n         2.15070851],\n       [ 4.44522923,  6.58136953,  1.2403762 ,  1.05061048, -3.50202957,\n         2.15070923],\n       [ 4.44523209,  6.58137116,  1.24037125,  1.05061271, -3.5020305 ,\n         2.1507043 ],\n       [ 4.44523612,  6.58137199,  1.24037688,  1.05061273, -3.50202224,\n         2.15070673],\n       [ 4.44523161,  6.5813745 ,  1.24038004,  1.05061833, -3.50202572,\n         2.15070791]]), array([0.60114837, 0.60114837, 0.60114837, 0.60114837, 0.60114837,\n       0.60114837, 0.60114837]))", "callback": [0.8855864284117725, 0.8819820287213408, 0.8710682577331141, 0.8134840426707469, 0.7965662591686542, 0.7864020280178937, 0.7767390312157283, 0.7569517181714559, 0.7233591058105524, 0.7231362366774742, 0.719701243024524, 0.7171758177373198, 0.7118858569057709, 0.7106354082835038, 0.7092899255516282, 0.7042109286222454, 0.6966299623354855, 0.6892808781135401, 0.6877039209601961, 0.6871441321731993, 0.6871441321731993, 0.6870811410420277, 0.6870477890385679, 0.6868188661861794, 0.686180257249877, 0.681067007610797, 0.6526721031933309, 0.6474890043223138, 0.6344837848098679, 0.6292681917147682, 0.6268652339913215, 0.6244409488329976, 0.6193032349685494, 0.6076626034379335, 0.6032481573878847, 0.602182049210089, 0.601579967181225, 0.6014089888740553, 0.6013632756022991, 0.601360414622563, 0.6013512493389461, 0.6013473747789732, 0.6013331835800577, 0.6012850102119942, 0.6012270905477777, 0.6011894765847946, 0.6011563831225941, 0.6011559671206769, 0.6011509633695213, 0.6011487873644759, 0.6011485227750102, 0.6011483911956798, 0.6011483781217157, 0.6011483753735984, 0.6011483748493749, 0.6011483744911836, 0.6011483743376369, 0.6011483743023638, 0.6011483742927136]}, "9": {"maxiter": 1000, "fatol": 1e-05, "xatol": 1e-10, "duration": 1.0619053840637207, "fun": "0.6011483742899872", "nit": "678", "nfev": "1105", "status": "0", "success": "True", "message": "Optimization terminated successfully.", "x": "[ 4.44523029  6.58137078  1.24037329  1.05061066 -3.50202217  2.15070292]", "final_simplex": "(array([[ 4.44523029,  6.58137078,  1.24037329,  1.05061066, -3.50202217,\n         2.15070292],\n       [ 4.44523029,  6.58137078,  1.24037329,  1.05061066, -3.50202217,\n         2.15070292],\n       [ 4.44523029,  6.58137078,  1.24037329,  1.05061066, -3.50202217,\n         2.15070292],\n       [ 4.44523029,  6.58137078,  1.24037329,  1.05061066, -3.50202217,\n         2.15070292],\n       [ 4.44523029,  6.58137078,  1.24037329,  1.05061066, -3.50202217,\n         2.15070292],\n       [ 4.44523029,  6.58137078,  1.24037329,  1.05061066, -3.50202217,\n         2.15070292],\n       [ 4.44523029,  6.58137078,  1.24037329,  1.05061066, -3.50202217,\n         2.15070292]]), array([0.60114837, 0.60114837, 0.60114837, 0.60114837, 0.60114837,\n       0.60114837, 0.60114837]))", "callback": [0.8855864284117725, 0.8819820287213408, 0.8710682577331141, 0.8134840426707469, 0.7965662591686542, 0.7864020280178937, 0.7767390312157283, 0.7569517181714559, 0.7233591058105524, 0.7231362366774742, 0.719701243024524, 0.7171758177373198, 0.7118858569057709, 0.7106354082835038, 0.7092899255516282, 0.7042109286222454, 0.6966299623354855, 0.6892808781135401, 0.6877039209601961, 0.6871441321731993, 0.6871441321731993, 0.6870811410420277, 0.6870477890385679, 0.6868188661861794, 0.686180257249877, 0.681067007610797, 0.6526721031933309, 0.6474890043223138, 0.6344837848098679, 0.6292681917147682, 0.6268652339913215, 0.6244409488329976, 0.6193032349685494, 0.6076626034379335, 0.6032481573878847, 0.602182049210089, 0.601579967181225, 0.6014089888740553, 0.6013632756022991, 0.601360414622563, 0.6013512493389461, 0.6013473747789732, 0.6013331835800577, 0.6012850102119942, 0.6012270905477777, 0.6011894765847946, 0.6011563831225941, 0.6011559671206769, 0.6011509633695213, 0.6011487873644759, 0.6011485227750102, 0.6011483911956798, 0.6011483781217157, 0.6011483753735984, 0.6011483748493749, 0.6011483744911836, 0.6011483743376369, 0.6011483743023638, 0.6011483742927136, 0.6011483742908221, 0.6011483742901245, 0.601148374290021, 0.6011483742899936, 0.6011483742899902, 0.601148374289988, 0.6011483742899875, 0.6011483742899874, 0.6011483742899874]}, "10": {"maxiter": 1000, "fatol": 1e-10, "xatol": 1e-05, "duration": 0.8205785751342773, "fun": "0.6011483742927136", "nit": "583", "nfev": "891", "status": "0", "success": "True", "message": "Optimization terminated successfully.", "x": "[ 4.44523113  6.58137111  1.24037676  1.05061451 -3.50202406  2.15070288]", "final_simplex": "(array([[ 4.44523113,  6.58137111,  1.24037676,  1.05061451, -3.50202406,\n         2.15070288],\n       [ 4.44522558,  6.58137012,  1.24037562,  1.05061366, -3.50201989,\n         2.15070606],\n       [ 4.44523001,  6.58136588,  1.24037391,  1.05061336, -3.50202271,\n         2.15070851],\n       [ 4.44522923,  6.58136953,  1.2403762 ,  1.05061048, -3.50202957,\n         2.15070923],\n       [ 4.44523209,  6.58137116,  1.24037125,  1.05061271, -3.5020305 ,\n         2.1507043 ],\n       [ 4.44523612,  6.58137199,  1.24037688,  1.05061273, -3.50202224,\n         2.15070673],\n       [ 4.44523161,  6.5813745 ,  1.24038004,  1.05061833, -3.50202572,\n         2.15070791]]), array([0.60114837, 0.60114837, 0.60114837, 0.60114837, 0.60114837,\n       0.60114837, 0.60114837]))", "callback": [0.8855864284117725, 0.8819820287213408, 0.8710682577331141, 0.8134840426707469, 0.7965662591686542, 0.7864020280178937, 0.7767390312157283, 0.7569517181714559, 0.7233591058105524, 0.7231362366774742, 0.719701243024524, 0.7171758177373198, 0.7118858569057709, 0.7106354082835038, 0.7092899255516282, 0.7042109286222454, 0.6966299623354855, 0.6892808781135401, 0.6877039209601961, 0.6871441321731993, 0.6871441321731993, 0.6870811410420277, 0.6870477890385679, 0.6868188661861794, 0.686180257249877, 0.681067007610797, 0.6526721031933309, 0.6474890043223138, 0.6344837848098679, 0.6292681917147682, 0.6268652339913215, 0.6244409488329976, 0.6193032349685494, 0.6076626034379335, 0.6032481573878847, 0.602182049210089, 0.601579967181225, 0.6014089888740553, 0.6013632756022991, 0.601360414622563, 0.6013512493389461, 0.6013473747789732, 0.6013331835800577, 0.6012850102119942, 0.6012270905477777, 0.6011894765847946, 0.6011563831225941, 0.6011559671206769, 0.6011509633695213, 0.6011487873644759, 0.6011485227750102, 0.6011483911956798, 0.6011483781217157, 0.6011483753735984, 0.6011483748493749, 0.6011483744911836, 0.6011483743376369, 0.6011483743023638, 0.6011483742927136]}, "11": {"maxiter": 1000, "fatol": 1e-10, "xatol": 1e-10, "duration": 1.0501773357391357, "fun": "0.6011483742899872", "nit": "678", "nfev": "1105", "status": "0", "success": "True", "message": "Optimization terminated successfully.", "x": "[ 4.44523029  6.58137078  1.24037329  1.05061066 -3.50202217  2.15070292]", "final_simplex": "(array([[ 4.44523029,  6.58137078,  1.24037329,  1.05061066, -3.50202217,\n         2.15070292],\n       [ 4.44523029,  6.58137078,  1.24037329,  1.05061066, -3.50202217,\n         2.15070292],\n       [ 4.44523029,  6.58137078,  1.24037329,  1.05061066, -3.50202217,\n         2.15070292],\n       [ 4.44523029,  6.58137078,  1.24037329,  1.05061066, -3.50202217,\n         2.15070292],\n       [ 4.44523029,  6.58137078,  1.24037329,  1.05061066, -3.50202217,\n         2.15070292],\n       [ 4.44523029,  6.58137078,  1.24037329,  1.05061066, -3.50202217,\n         2.15070292],\n       [ 4.44523029,  6.58137078,  1.24037329,  1.05061066, -3.50202217,\n         2.15070292]]), array([0.60114837, 0.60114837, 0.60114837, 0.60114837, 0.60114837,\n       0.60114837, 0.60114837]))", "callback": [0.8855864284117725, 0.8819820287213408, 0.8710682577331141, 0.8134840426707469, 0.7965662591686542, 0.7864020280178937, 0.7767390312157283, 0.7569517181714559, 0.7233591058105524, 0.7231362366774742, 0.719701243024524, 0.7171758177373198, 0.7118858569057709, 0.7106354082835038, 0.7092899255516282, 0.7042109286222454, 0.6966299623354855, 0.6892808781135401, 0.6877039209601961, 0.6871441321731993, 0.6871441321731993, 0.6870811410420277, 0.6870477890385679, 0.6868188661861794, 0.686180257249877, 0.681067007610797, 0.6526721031933309, 0.6474890043223138, 0.6344837848098679, 0.6292681917147682, 0.6268652339913215, 0.6244409488329976, 0.6193032349685494, 0.6076626034379335, 0.6032481573878847, 0.602182049210089, 0.601579967181225, 0.6014089888740553, 0.6013632756022991, 0.601360414622563, 0.6013512493389461, 0.6013473747789732, 0.6013331835800577, 0.6012850102119942, 0.6012270905477777, 0.6011894765847946, 0.6011563831225941, 0.6011559671206769, 0.6011509633695213, 0.6011487873644759, 0.6011485227750102, 0.6011483911956798, 0.6011483781217157, 0.6011483753735984, 0.6011483748493749, 0.6011483744911836, 0.6011483743376369, 0.6011483743023638, 0.6011483742927136, 0.6011483742908221, 0.6011483742901245, 0.601148374290021, 0.6011483742899936, 0.6011483742899902, 0.601148374289988, 0.6011483742899875, 0.6011483742899874, 0.6011483742899874]}}, "bfgs": {"type": "gradient", "0": {"maxiter": 100, "gtol": 1e-05, "xrtol": 1e-05, "eps": 1e-05, "duration": 0.2298429012298584, "fun": "0.5445277286619706", "jac": "[-5.17638155e-06 -8.40149061e-06  7.90340016e-06  5.62041524e-06\n -7.53433982e-06  5.07719422e-06]", "hess_inv": "[[ 4.62896275 -0.56366487 -0.13576207  1.04828681 -0.21551201  0.43035895]\n [-0.56366487  4.58462846 -0.72405342 -0.70258498 -0.8186637  -1.60443958]\n [-0.13576207 -0.72405342  4.98924405  0.63977823 -0.01465361 -1.00079559]\n [ 1.04828681 -0.70258498  0.63977823  4.47826876  0.13923016  0.14314625]\n [-0.21551201 -0.8186637  -0.01465361  0.13923016  8.40125058  6.52401468]\n [ 0.43035895 -1.60443958 -1.00079559  0.14314625  6.52401468  9.73528613]]", "nfev": "301", "njev": "43", "status": "0", "success": "True", "message": "Optimization terminated successfully.", "x": "[ 1.26250041  6.19161286  0.33788181 -3.92219515  0.28041335 -1.0443254 ]", "nit": "33", "callback": [0.8828991838853547, 0.8741573382706758, 0.8234355147837281, 0.8050294997037049, 0.7748818789127154, 0.7482816819036802, 0.7296292947046583, 0.7022689565022522, 0.6923943029042547, 0.6855155722807713, 0.6815774955722341, 0.6789677726917673, 0.6759794054567768, 0.6704156247823234, 0.6659911748892724, 0.6595475842659118, 0.6482334887942871, 0.6286127346588464, 0.6011429098978185, 0.5896856300210878, 0.579812365856891, 0.5754009615873028, 0.5678035071278235, 0.5559207477776024, 0.5523295427181586, 0.5473629205765926, 0.5448568024700985, 0.5445771828421946, 0.544534989442717, 0.5445291666475766, 0.5445278736052308, 0.5445277414554319, 0.5445277286619706]}, "1": {"maxiter": 100, "gtol": 1e-05, "xrtol": 1e-05, "eps": 1e-10, "duration": 0.27875685691833496, "fun": "0.5445277282489788", "jac": "[-1.11022293e-06 -6.66133760e-06  5.55111466e-06  3.33066880e-06\n -4.44089173e-06  3.33066880e-06]", "hess_inv": "[[ 4.61532261 -0.54042466 -0.04715727  1.11100131 -0.2511831   0.35044877]\n [-0.54042466  4.76253749 -0.88624374 -0.87278494 -0.99103916 -1.9305964 ]\n [-0.04715727 -0.88624374  5.01520116  0.75595231  0.08883585 -0.73619193]\n [ 1.11100131 -0.87278494  0.75595231  4.66615281  0.19912919  0.33295962]\n [-0.2511831  -0.99103916  0.08883585  0.19912919  8.30775067  6.4500148 ]\n [ 0.35044877 -1.9305964  -0.73619193  0.33295962  6.4500148   9.79095463]]", "nfev": "301", "njev": "43", "status": "0", "success": "True", "message": "Optimization terminated successfully.", "x": "[ 1.26251582  6.1916273   0.33786528 -3.92220522  0.28042941 -1.04431979]", "nit": "33", "callback": [0.8828995022216516, 0.8741587902755971, 0.823424398442129, 0.8050193772965508, 0.7748744476398775, 0.7482779712924055, 0.7296241191189914, 0.7022616462885435, 0.6923922221833454, 0.6855118709361204, 0.6815760117058337, 0.6789698164595532, 0.6759910123973826, 0.6704374325119298, 0.6660137962827848, 0.6595963861140092, 0.6483160879045804, 0.6287332046777059, 0.6013168176969363, 0.5896751843743657, 0.5797450849362247, 0.5752830220811199, 0.5676339026339989, 0.5557685529230509, 0.5518903715239697, 0.5468163747074732, 0.544786375210703, 0.5445632273911833, 0.5445341786644184, 0.5445288682910014, 0.5445278324510336, 0.5445277379968586, 0.5445277282489788]}, "2": {"maxiter": 100, "gtol": 1e-05, "xrtol": 1e-10, "eps": 1e-05, "duration": 0.2797434329986572, "fun": "0.5445277286619706", "jac": "[-5.17638155e-06 -8.40149061e-06  7.90340016e-06  5.62041524e-06\n -7.53433982e-06  5.07719422e-06]", "hess_inv": "[[ 4.62896275 -0.56366487 -0.13576207  1.04828681 -0.21551201  0.43035895]\n [-0.56366487  4.58462846 -0.72405342 -0.70258498 -0.8186637  -1.60443958]\n [-0.13576207 -0.72405342  4.98924405  0.63977823 -0.01465361 -1.00079559]\n [ 1.04828681 -0.70258498  0.63977823  4.47826876  0.13923016  0.14314625]\n [-0.21551201 -0.8186637  -0.01465361  0.13923016  8.40125058  6.52401468]\n [ 0.43035895 -1.60443958 -1.00079559  0.14314625  6.52401468  9.73528613]]", "nfev": "301", "njev": "43", "status": "0", "success": "True", "message": "Optimization terminated successfully.", "x": "[ 1.26250041  6.19161286  0.33788181 -3.92219515  0.28041335 -1.0443254 ]", "nit": "33", "callback": [0.8828991838853547, 0.8741573382706758, 0.8234355147837281, 0.8050294997037049, 0.7748818789127154, 0.7482816819036802, 0.7296292947046583, 0.7022689565022522, 0.6923943029042547, 0.6855155722807713, 0.6815774955722341, 0.6789677726917673, 0.6759794054567768, 0.6704156247823234, 0.6659911748892724, 0.6595475842659118, 0.6482334887942871, 0.6286127346588464, 0.6011429098978185, 0.5896856300210878, 0.579812365856891, 0.5754009615873028, 0.5678035071278235, 0.5559207477776024, 0.5523295427181586, 0.5473629205765926, 0.5448568024700985, 0.5445771828421946, 0.544534989442717, 0.5445291666475766, 0.5445278736052308, 0.5445277414554319, 0.5445277286619706]}, "3": {"maxiter": 100, "gtol": 1e-05, "xrtol": 1e-10, "eps": 1e-10, "duration": 0.22995352745056152, "fun": "0.5445277282489788", "jac": "[-1.11022293e-06 -6.66133760e-06  5.55111466e-06  3.33066880e-06\n -4.44089173e-06  3.33066880e-06]", "hess_inv": "[[ 4.61532261 -0.54042466 -0.04715727  1.11100131 -0.2511831   0.35044877]\n [-0.54042466  4.76253749 -0.88624374 -0.87278494 -0.99103916 -1.9305964 ]\n [-0.04715727 -0.88624374  5.01520116  0.75595231  0.08883585 -0.73619193]\n [ 1.11100131 -0.87278494  0.75595231  4.66615281  0.19912919  0.33295962]\n [-0.2511831  -0.99103916  0.08883585  0.19912919  8.30775067  6.4500148 ]\n [ 0.35044877 -1.9305964  -0.73619193  0.33295962  6.4500148   9.79095463]]", "nfev": "301", "njev": "43", "status": "0", "success": "True", "message": "Optimization terminated successfully.", "x": "[ 1.26251582  6.1916273   0.33786528 -3.92220522  0.28042941 -1.04431979]", "nit": "33", "callback": [0.8828995022216516, 0.8741587902755971, 0.823424398442129, 0.8050193772965508, 0.7748744476398775, 0.7482779712924055, 0.7296241191189914, 0.7022616462885435, 0.6923922221833454, 0.6855118709361204, 0.6815760117058337, 0.6789698164595532, 0.6759910123973826, 0.6704374325119298, 0.6660137962827848, 0.6595963861140092, 0.6483160879045804, 0.6287332046777059, 0.6013168176969363, 0.5896751843743657, 0.5797450849362247, 0.5752830220811199, 0.5676339026339989, 0.5557685529230509, 0.5518903715239697, 0.5468163747074732, 0.544786375210703, 0.5445632273911833, 0.5445341786644184, 0.5445288682910014, 0.5445278324510336, 0.5445277379968586, 0.5445277282489788]}, "4": {"maxiter": 100, "gtol": 1e-10, "xrtol": 1e-05, "eps": 1e-05, "duration": 0.2889890670776367, "fun": "0.5445277278472689", "jac": "[ 6.10178574e-08  7.16982029e-08  8.18123347e-08  3.50608431e-08\n -7.71382958e-08 -8.56092974e-08]", "hess_inv": "[[ 4.53186941 -0.6312275   0.04643728  1.11422887 -0.33347992  0.3179178 ]\n [-0.6312275   5.85330009 -1.49108636 -1.46842776 -0.29960383 -1.8313503 ]\n [ 0.04643728 -1.49108636  5.23336297  1.05339598 -0.10649554 -0.56772557]\n [ 1.11422887 -1.46842776  1.05339598  4.92492189 -0.08826015  0.39172437]\n [-0.33347992 -0.29960383 -0.10649554 -0.08826015  8.1051838   5.77579679]\n [ 0.3179178  -1.8313503  -0.56772557  0.39172437  5.77579679  8.9302983 ]]", "nfev": "315", "njev": "45", "status": "0", "success": "True", "message": "Optimization terminated successfully.", "x": "[ 1.26250781  6.19168585  0.33782432 -3.92224038  0.28044219 -1.04433868]", "nit": "35", "callback": [0.8828991838853547, 0.8741573382706758, 0.8234355147837281, 0.8050294997037049, 0.7748818789127154, 0.7482816819036802, 0.7296292947046583, 0.7022689565022522, 0.6923943029042547, 0.6855155722807713, 0.6815774955722341, 0.6789677726917673, 0.6759794054567768, 0.6704156247823234, 0.6659911748892724, 0.6595475842659118, 0.6482334887942871, 0.6286127346588464, 0.6011429098978185, 0.5896856300210878, 0.579812365856891, 0.5754009615873028, 0.5678035071278235, 0.5559207477776024, 0.5523295427181586, 0.5473629205765926, 0.5448568024700985, 0.5445771828421946, 0.544534989442717, 0.5445291666475766, 0.5445278736052308, 0.5445277414554319, 0.5445277286619706, 0.5445277278854938, 0.5445277278472689]}, "5": {"maxiter": 100, "gtol": 1e-10, "xrtol": 1e-05, "eps": 1e-10, "duration": 0.24210000038146973, "fun": "0.5445277278464307", "jac": "[-2.22044587e-06  2.22044587e-06  0.00000000e+00  0.00000000e+00\n  0.00000000e+00  0.00000000e+00]", "hess_inv": "[[ 4.65324242 -0.85422013  0.09714306  1.26234387 -0.47959152  0.28070088]\n [-0.85422013  7.24186385 -1.85385001 -2.00803855  1.25159127 -0.90039117]\n [ 0.09714306 -1.85385001  4.92700255  1.04852586 -1.42914886 -1.76791212]\n [ 1.26234387 -2.00803855  1.04852586  5.13688471 -1.05522609 -0.36657966]\n [-0.47959152  1.25159127 -1.42914886 -1.05522609  8.62034593  5.493162  ]\n [ 0.28070088 -0.90039117 -1.76791212 -0.36657966  5.493162    8.11325184]]", "nfev": "315", "njev": "45", "status": "0", "success": "True", "message": "Optimization terminated successfully.", "x": "[ 1.26250749  6.19170013  0.33782174 -3.92224359  0.28046865 -1.04431707]", "nit": "35", "callback": [0.8828995022216516, 0.8741587902755971, 0.823424398442129, 0.8050193772965508, 0.7748744476398775, 0.7482779712924055, 0.7296241191189914, 0.7022616462885435, 0.6923922221833454, 0.6855118709361204, 0.6815760117058337, 0.6789698164595532, 0.6759910123973826, 0.6704374325119298, 0.6660137962827848, 0.6595963861140092, 0.6483160879045804, 0.6287332046777059, 0.6013168176969363, 0.5896751843743657, 0.5797450849362247, 0.5752830220811199, 0.5676339026339989, 0.5557685529230509, 0.5518903715239697, 0.5468163747074732, 0.544786375210703, 0.5445632273911833, 0.5445341786644184, 0.5445288682910014, 0.5445278324510336, 0.5445277379968586, 0.5445277282489788, 0.5445277278634343, 0.5445277278464307]}, "6": {"maxiter": 100, "gtol": 1e-10, "xrtol": 1e-10, "eps": 1e-05, "duration": 0.5393414497375488, "fun": "0.5445277278455029", "jac": "[1.22124533e-10 5.88418203e-10 4.77395901e-10 6.66133815e-11\n 5.55111512e-11 2.77555756e-10]", "hess_inv": "[[ 4.72592729 -0.43920728  0.18749426  1.20772413 -0.63734266 -0.03688943]\n [-0.43920728  5.70734357 -1.5740933  -1.36916785 -0.32735132 -1.77386872]\n [ 0.18749426 -1.5740933   5.08341136  1.077293   -0.22516386 -0.66077006]\n [ 1.20772413 -1.36916785  1.077293    4.94740265 -0.27668061  0.16343333]\n [-0.63734266 -0.32735132 -0.22516386 -0.27668061  8.70101545  6.37320292]\n [-0.03688943 -1.77386872 -0.66077006  0.16343333  6.37320292  9.48768517]]", "nfev": "529", "njev": "74", "status": "2", "success": "False", "message": "Desired error not necessarily achieved due to precision loss.", "x": "[ 1.26250745  6.19168547  0.3378239  -3.92224063  0.2804435  -1.04433719]", "nit": "37", "callback": [0.8828991838853547, 0.8741573382706758, 0.8234355147837281, 0.8050294997037049, 0.7748818789127154, 0.7482816819036802, 0.7296292947046583, 0.7022689565022522, 0.6923943029042547, 0.6855155722807713, 0.6815774955722341, 0.6789677726917673, 0.6759794054567768, 0.6704156247823234, 0.6659911748892724, 0.6595475842659118, 0.6482334887942871, 0.6286127346588464, 0.6011429098978185, 0.5896856300210878, 0.579812365856891, 0.5754009615873028, 0.5678035071278235, 0.5559207477776024, 0.5523295427181586, 0.5473629205765926, 0.5448568024700985, 0.5445771828421946, 0.544534989442717, 0.5445291666475766, 0.5445278736052308, 0.5445277414554319, 0.5445277286619706, 0.5445277278854938, 0.5445277278472689, 0.5445277278455032, 0.5445277278455029]}, "7": {"maxiter": 100, "gtol": 1e-10, "xrtol": 1e-10, "eps": 1e-10, "duration": 0.3376471996307373, "fun": "0.5445277278256615", "jac": "[ 1.11022293e-06 -2.22044587e-06  0.00000000e+00 -2.22044587e-06\n  0.00000000e+00  0.00000000e+00]", "hess_inv": "[[ 0.8169718   0.44108196 -0.31556218  0.68921579  0.11252748 -0.7912944 ]\n [ 0.44108196  0.45999398 -0.23453589  0.21275531  0.0315614  -0.39864908]\n [-0.31556218 -0.23453589  0.63265589 -0.70791009  0.72877165  0.45205079]\n [ 0.68921579  0.21275531 -0.70791009  1.20838724 -0.66112882 -0.85016854]\n [ 0.11252748  0.0315614   0.72877165 -0.66112882  1.76831    -0.24394779]\n [-0.7912944  -0.39864908  0.45205079 -0.85016854 -0.24394779  1.18997162]]", "nfev": "413", "njev": "59", "status": "2", "success": "False", "message": "Desired error not necessarily achieved due to precision loss.", "x": "[ 1.26251652  6.1916818   0.33783026 -3.92223464  0.2804693  -1.04431033]", "nit": "42", "callback": [0.8828995022216516, 0.8741587902755971, 0.823424398442129, 0.8050193772965508, 0.7748744476398775, 0.7482779712924055, 0.7296241191189914, 0.7022616462885435, 0.6923922221833454, 0.6855118709361204, 0.6815760117058337, 0.6789698164595532, 0.6759910123973826, 0.6704374325119298, 0.6660137962827848, 0.6595963861140092, 0.6483160879045804, 0.6287332046777059, 0.6013168176969363, 0.5896751843743657, 0.5797450849362247, 0.5752830220811199, 0.5676339026339989, 0.5557685529230509, 0.5518903715239697, 0.5468163747074732, 0.544786375210703, 0.5445632273911833, 0.5445341786644184, 0.5445288682910014, 0.5445278324510336, 0.5445277379968586, 0.5445277282489788, 0.5445277278634343, 0.5445277278464307, 0.5445277278319496, 0.5445277278318842, 0.5445277278317604, 0.5445277278280272, 0.5445277278257475, 0.5445277278256615, 0.5445277278256615]}, "8": {"maxiter": 500, "gtol": 1e-05, "xrtol": 1e-05, "eps": 1e-05, "duration": 0.2349090576171875, "fun": "0.5445277286619706", "jac": "[-5.17638155e-06 -8.40149061e-06  7.90340016e-06  5.62041524e-06\n -7.53433982e-06  5.07719422e-06]", "hess_inv": "[[ 4.62896275 -0.56366487 -0.13576207  1.04828681 -0.21551201  0.43035895]\n [-0.56366487  4.58462846 -0.72405342 -0.70258498 -0.8186637  -1.60443958]\n [-0.13576207 -0.72405342  4.98924405  0.63977823 -0.01465361 -1.00079559]\n [ 1.04828681 -0.70258498  0.63977823  4.47826876  0.13923016  0.14314625]\n [-0.21551201 -0.8186637  -0.01465361  0.13923016  8.40125058  6.52401468]\n [ 0.43035895 -1.60443958 -1.00079559  0.14314625  6.52401468  9.73528613]]", "nfev": "301", "njev": "43", "status": "0", "success": "True", "message": "Optimization terminated successfully.", "x": "[ 1.26250041  6.19161286  0.33788181 -3.92219515  0.28041335 -1.0443254 ]", "nit": "33", "callback": [0.8828991838853547, 0.8741573382706758, 0.8234355147837281, 0.8050294997037049, 0.7748818789127154, 0.7482816819036802, 0.7296292947046583, 0.7022689565022522, 0.6923943029042547, 0.6855155722807713, 0.6815774955722341, 0.6789677726917673, 0.6759794054567768, 0.6704156247823234, 0.6659911748892724, 0.6595475842659118, 0.6482334887942871, 0.6286127346588464, 0.6011429098978185, 0.5896856300210878, 0.579812365856891, 0.5754009615873028, 0.5678035071278235, 0.5559207477776024, 0.5523295427181586, 0.5473629205765926, 0.5448568024700985, 0.5445771828421946, 0.544534989442717, 0.5445291666475766, 0.5445278736052308, 0.5445277414554319, 0.5445277286619706]}, "9": {"maxiter": 500, "gtol": 1e-05, "xrtol": 1e-05, "eps": 1e-10, "duration": 0.3061714172363281, "fun": "0.5445277282489788", "jac": "[-1.11022293e-06 -6.66133760e-06  5.55111466e-06  3.33066880e-06\n -4.44089173e-06  3.33066880e-06]", "hess_inv": "[[ 4.61532261 -0.54042466 -0.04715727  1.11100131 -0.2511831   0.35044877]\n [-0.54042466  4.76253749 -0.88624374 -0.87278494 -0.99103916 -1.9305964 ]\n [-0.04715727 -0.88624374  5.01520116  0.75595231  0.08883585 -0.73619193]\n [ 1.11100131 -0.87278494  0.75595231  4.66615281  0.19912919  0.33295962]\n [-0.2511831  -0.99103916  0.08883585  0.19912919  8.30775067  6.4500148 ]\n [ 0.35044877 -1.9305964  -0.73619193  0.33295962  6.4500148   9.79095463]]", "nfev": "30