{"date": "2024/10/08/, 18:01:12", "conf_id": 18, "data_type": "random\n", "num_data_points": 1, "s_rank": 0, "unitary": "[[-0.53618537-0.34368723j,-0.12107031-0.46226139j,-0.07699282-0.46603512j,0.36022595-0.11472301j],[0.26026499-0.63450712j,-0.56616638+0.37832564j,-0.14988651+0.08458591j,0.10363514-0.16008501j],[-0.32580188-0.11070003j,-0.36476308-0.23593218j,0.02559343+0.41761608j,-0.25598305+0.6725303j],[0.07406738-0.0126433j,0.28513701+0.19483972j,-0.74939717-0.10299659j,0.29798249+0.46269921j]]", "databatch_0": {"databatch": "[[[-0.07795419+0.29819206j,-0.27920523+0.30634329j,0.24090422-0.25277829j,-0.19851574-0.05390677j],[0.14148921-0.00563487j,0.19780328+0.26749474j,0.00702299-0.10053885j,0.16637329+0.20192603j],[-0.01382119+0.08774322j,-0.05077223+0.14263597j,-0.08386457+0.04476311j,-0.09673325-0.0103696j],[0.17755784-0.10153512j,-0.18264166-0.02059411j,0.08262112-0.26555682j,0.00847636+0.39656431j]]]", "initial param values": "[0.47929223,4.61851133,1.48098661,2.51023131,1.75720897,3.53798283]", "nelder_mead": {"type": "gradient-free", "0": {"maxiter": 100, "fatol": 1e-05, "xatol": 1e-05, "duration": 0.05084514617919922, "fun": "0.43426751592707724", "nit": "100", "nfev": "160", "status": "2", "success": "False", "message": "Maximum number of iterations has been exceeded.", "x": "[ 0.50559524  4.34584951  3.49264444  0.02671573 -0.08583809  3.30877142]", "final_simplex": "(array([[ 5.05595236e-01,  4.34584951e+00,  3.49264444e+00,\n         2.67157278e-02, -8.58380857e-02,  3.30877142e+00],\n       [ 4.99527488e-01,  4.17394467e+00,  3.54984023e+00,\n        -5.17554826e-02, -1.72796287e-01,  3.48210042e+00],\n       [ 5.08808909e-01,  4.30150017e+00,  3.57407583e+00,\n        -5.44847809e-02, -1.78078925e-01,  3.28625144e+00],\n       [ 5.12077221e-01,  4.28017782e+00,  3.49264231e+00,\n        -1.70044628e-03, -9.94242595e-02,  3.35611951e+00],\n       [ 5.03963504e-01,  4.32997784e+00,  3.47071056e+00,\n         2.44636653e-02, -4.54454928e-02,  3.34000123e+00],\n       [ 5.11692705e-01,  4.44424751e+00,  3.51879237e+00,\n         4.87247468e-03, -1.05608068e-01,  3.18281104e+00],\n       [ 5.11142287e-01,  4.30761880e+00,  3.56244280e+00,\n        -7.63296646e-02, -1.49119240e-01,  3.34002070e+00]]), array([0.43426752, 0.43503744, 0.4354009 , 0.43581147, 0.43617578,\n       0.4369848 , 0.43714173]))", "callback": [0.9140395211709026, 0.8055930593530171, 0.6900266367204935, 0.6461652896372534, 0.6319845778593619, 0.5138955607285531, 0.4794548676345177, 0.44606085923936745, 0.44290792228991616, 0.4361757833505049]}, "1": {"maxiter": 100, "fatol": 1e-05, "xatol": 1e-10, "duration": 0.04185819625854492, "fun": "0.43426751592707724", "nit": "100", "nfev": "160", "status": "2", "success": "False", "message": "Maximum number of iterations has been exceeded.", "x": "[ 0.50559524  4.34584951  3.49264444  0.02671573 -0.08583809  3.30877142]", "final_simplex": "(array([[ 5.05595236e-01,  4.34584951e+00,  3.49264444e+00,\n         2.67157278e-02, -8.58380857e-02,  3.30877142e+00],\n       [ 4.99527488e-01,  4.17394467e+00,  3.54984023e+00,\n        -5.17554826e-02, -1.72796287e-01,  3.48210042e+00],\n       [ 5.08808909e-01,  4.30150017e+00,  3.57407583e+00,\n        -5.44847809e-02, -1.78078925e-01,  3.28625144e+00],\n       [ 5.12077221e-01,  4.28017782e+00,  3.49264231e+00,\n        -1.70044628e-03, -9.94242595e-02,  3.35611951e+00],\n       [ 5.03963504e-01,  4.32997784e+00,  3.47071056e+00,\n         2.44636653e-02, -4.54454928e-02,  3.34000123e+00],\n       [ 5.11692705e-01,  4.44424751e+00,  3.51879237e+00,\n         4.87247468e-03, -1.05608068e-01,  3.18281104e+00],\n       [ 5.11142287e-01,  4.30761880e+00,  3.56244280e+00,\n        -7.63296646e-02, -1.49119240e-01,  3.34002070e+00]]), array([0.43426752, 0.43503744, 0.4354009 , 0.43581147, 0.43617578,\n       0.4369848 , 0.43714173]))", "callback": [0.9140395211709026, 0.8055930593530171, 0.6900266367204935, 0.6461652896372534, 0.6319845778593619, 0.5138955607285531, 0.4794548676345177, 0.44606085923936745, 0.44290792228991616, 0.4361757833505049]}, "2": {"maxiter": 100, "fatol": 1e-10, "xatol": 1e-05, "duration": 0.04111289978027344, "fun": "0.43426751592707724", "nit": "100", "nfev": "160", "status": "2", "success": "False", "message": "Maximum number of iterations has been exceeded.", "x": "[ 0.50559524  4.34584951  3.49264444  0.02671573 -0.08583809  3.30877142]", "final_simplex": "(array([[ 5.05595236e-01,  4.34584951e+00,  3.49264444e+00,\n         2.67157278e-02, -8.58380857e-02,  3.30877142e+00],\n       [ 4.99527488e-01,  4.17394467e+00,  3.54984023e+00,\n        -5.17554826e-02, -1.72796287e-01,  3.48210042e+00],\n       [ 5.08808909e-01,  4.30150017e+00,  3.57407583e+00,\n        -5.44847809e-02, -1.78078925e-01,  3.28625144e+00],\n       [ 5.12077221e-01,  4.28017782e+00,  3.49264231e+00,\n        -1.70044628e-03, -9.94242595e-02,  3.35611951e+00],\n       [ 5.03963504e-01,  4.32997784e+00,  3.47071056e+00,\n         2.44636653e-02, -4.54454928e-02,  3.34000123e+00],\n       [ 5.11692705e-01,  4.44424751e+00,  3.51879237e+00,\n         4.87247468e-03, -1.05608068e-01,  3.18281104e+00],\n       [ 5.11142287e-01,  4.30761880e+00,  3.56244280e+00,\n        -7.63296646e-02, -1.49119240e-01,  3.34002070e+00]]), array([0.43426752, 0.43503744, 0.4354009 , 0.43581147, 0.43617578,\n       0.4369848 , 0.43714173]))", "callback": [0.9140395211709026, 0.8055930593530171, 0.6900266367204935, 0.6461652896372534, 0.6319845778593619, 0.5138955607285531, 0.4794548676345177, 0.44606085923936745, 0.44290792228991616, 0.4361757833505049]}, "3": {"maxiter": 100, "fatol": 1e-10, "xatol": 1e-10, "duration": 0.0503537654876709, "fun": "0.43426751592707724", "nit": "100", "nfev": "160", "status": "2", "success": "False", "message": "Maximum number of iterations has been exceeded.", "x": "[ 0.50559524  4.34584951  3.49264444  0.02671573 -0.08583809  3.30877142]", "final_simplex": "(array([[ 5.05595236e-01,  4.34584951e+00,  3.49264444e+00,\n         2.67157278e-02, -8.58380857e-02,  3.30877142e+00],\n       [ 4.99527488e-01,  4.17394467e+00,  3.54984023e+00,\n        -5.17554826e-02, -1.72796287e-01,  3.48210042e+00],\n       [ 5.08808909e-01,  4.30150017e+00,  3.57407583e+00,\n        -5.44847809e-02, -1.78078925e-01,  3.28625144e+00],\n       [ 5.12077221e-01,  4.28017782e+00,  3.49264231e+00,\n        -1.70044628e-03, -9.94242595e-02,  3.35611951e+00],\n       [ 5.03963504e-01,  4.32997784e+00,  3.47071056e+00,\n         2.44636653e-02, -4.54454928e-02,  3.34000123e+00],\n       [ 5.11692705e-01,  4.44424751e+00,  3.51879237e+00,\n         4.87247468e-03, -1.05608068e-01,  3.18281104e+00],\n       [ 5.11142287e-01,  4.30761880e+00,  3.56244280e+00,\n        -7.63296646e-02, -1.49119240e-01,  3.34002070e+00]]), array([0.43426752, 0.43503744, 0.4354009 , 0.43581147, 0.43617578,\n       0.4369848 , 0.43714173]))", "callback": [0.9140395211709026, 0.8055930593530171, 0.6900266367204935, 0.6461652896372534, 0.6319845778593619, 0.5138955607285531, 0.4794548676345177, 0.44606085923936745, 0.44290792228991616, 0.4361757833505049]}, "4": {"maxiter": 500, "fatol": 1e-05, "xatol": 1e-05, "duration": 0.212601900100708, "fun": "0.2618001752495771", "nit": "500", "nfev": "759", "status": "2", "success": "False", "message": "Maximum number of iterations has been exceeded.", "x": "[ 1.39597702  3.15895395  4.2155603   0.55504561 -1.42365685  5.00936786]", "final_simplex": "(array([[ 1.39597702,  3.15895395,  4.2155603 ,  0.55504561, -1.42365685,\n         5.00936786],\n       [ 1.40684345,  3.16376393,  4.21161941,  0.55624484, -1.43072978,\n         5.00711539],\n       [ 1.40190665,  3.15657063,  4.2063303 ,  0.56134082, -1.42631764,\n         5.00575393],\n       [ 1.40989073,  3.15495973,  4.21202551,  0.56181885, -1.41949087,\n         5.01149093],\n       [ 1.3996265 ,  3.16694274,  4.21978917,  0.56252836, -1.42766088,\n         5.00643165],\n       [ 1.40738768,  3.16213478,  4.20658584,  0.56237589, -1.43305007,\n         5.02051178],\n       [ 1.41221701,  3.16218398,  4.21719431,  0.55768771, -1.4595328 ,\n         5.03748866]]), array([0.26180018, 0.26181565, 0.2618162 , 0.26181647, 0.26182184,\n       0.2618368 , 0.26184234]))", "callback": [0.9140395211709026, 0.8055930593530171, 0.6900266367204935, 0.6461652896372534, 0.6319845778593619, 0.5138955607285531, 0.4794548676345177, 0.44606085923936745, 0.44290792228991616, 0.4361757833505049, 0.43366238782298716, 0.422326505182403, 0.407936182656643, 0.39261009684882453, 0.38606274694384124, 0.3825908323612379, 0.3820933522012273, 0.3814590553292492, 0.37961124166994853, 0.3738962102430923, 0.36893371649785145, 0.35060181900972043, 0.3418888813575519, 0.33821651417082865, 0.33821651417082865, 0.33806980358451266, 0.33799678128689714, 0.3379817871375881, 0.3379761215811943, 0.3379662588022263, 0.33790975114588107, 0.3378425358441012, 0.33773497955650067, 0.33748151652652814, 0.336725551075835, 0.3353804955181494, 0.3342660371505092, 0.33038724237004025, 0.32209011757858574, 0.30224229349474263, 0.2944928303312524, 0.27424840801323547, 0.265184676713775, 0.265184676713775, 0.26387358628487767, 0.2626506057583622, 0.26236335922416676, 0.26203103391779003, 0.2618956960119698, 0.2618162004930039]}, "5": {"maxiter": 500, "fatol": 1e-05, "xatol": 1e-10, "duration": 0.21578288078308105, "fun": "0.2618001752495771", "nit": "500", "nfev": "759", "status": "2", "success": "False", "message": "Maximum number of iterations has been exceeded.", "x": "[ 1.39597702  3.15895395  4.2155603   0.55504561 -1.42365685  5.00936786]", "final_simplex": "(array([[ 1.39597702,  3.15895395,  4.2155603 ,  0.55504561, -1.42365685,\n         5.00936786],\n       [ 1.40684345,  3.16376393,  4.21161941,  0.55624484, -1.43072978,\n         5.00711539],\n       [ 1.40190665,  3.15657063,  4.2063303 ,  0.56134082, -1.42631764,\n         5.00575393],\n       [ 1.40989073,  3.15495973,  4.21202551,  0.56181885, -1.41949087,\n         5.01149093],\n       [ 1.3996265 ,  3.16694274,  4.21978917,  0.56252836, -1.42766088,\n         5.00643165],\n       [ 1.40738768,  3.16213478,  4.20658584,  0.56237589, -1.43305007,\n         5.02051178],\n       [ 1.41221701,  3.16218398,  4.21719431,  0.55768771, -1.4595328 ,\n         5.03748866]]), array([0.26180018, 0.26181565, 0.2618162 , 0.26181647, 0.26182184,\n       0.2618368 , 0.26184234]))", "callback": [0.9140395211709026, 0.8055930593530171, 0.6900266367204935, 0.6461652896372534, 0.6319845778593619, 0.5138955607285531, 0.4794548676345177, 0.44606085923936745, 0.44290792228991616, 0.4361757833505049, 0.43366238782298716, 0.422326505182403, 0.407936182656643, 0.39261009684882453, 0.38606274694384124, 0.3825908323612379, 0.3820933522012273, 0.3814590553292492, 0.37961124166994853, 0.3738962102430923, 0.36893371649785145, 0.35060181900972043, 0.3418888813575519, 0.33821651417082865, 0.33821651417082865, 0.33806980358451266, 0.33799678128689714, 0.3379817871375881, 0.3379761215811943, 0.3379662588022263, 0.33790975114588107, 0.3378425358441012, 0.33773497955650067, 0.33748151652652814, 0.336725551075835, 0.3353804955181494, 0.3342660371505092, 0.33038724237004025, 0.32209011757858574, 0.30224229349474263, 0.2944928303312524, 0.27424840801323547, 0.265184676713775, 0.265184676713775, 0.26387358628487767, 0.2626506057583622, 0.26236335922416676, 0.26203103391779003, 0.2618956960119698, 0.2618162004930039]}, "6": {"maxiter": 500, "fatol": 1e-10, "xatol": 1e-05, "duration": 0.2134230136871338, "fun": "0.2618001752495771", "nit": "500", "nfev": "759", "status": "2", "success": "False", "message": "Maximum number of iterations has been exceeded.", "x": "[ 1.39597702  3.15895395  4.2155603   0.55504561 -1.42365685  5.00936786]", "final_simplex": "(array([[ 1.39597702,  3.15895395,  4.2155603 ,  0.55504561, -1.42365685,\n         5.00936786],\n       [ 1.40684345,  3.16376393,  4.21161941,  0.55624484, -1.43072978,\n         5.00711539],\n       [ 1.40190665,  3.15657063,  4.2063303 ,  0.56134082, -1.42631764,\n         5.00575393],\n       [ 1.40989073,  3.15495973,  4.21202551,  0.56181885, -1.41949087,\n         5.01149093],\n       [ 1.3996265 ,  3.16694274,  4.21978917,  0.56252836, -1.42766088,\n         5.00643165],\n       [ 1.40738768,  3.16213478,  4.20658584,  0.56237589, -1.43305007,\n         5.02051178],\n       [ 1.41221701,  3.16218398,  4.21719431,  0.55768771, -1.4595328 ,\n         5.03748866]]), array([0.26180018, 0.26181565, 0.2618162 , 0.26181647, 0.26182184,\n       0.2618368 , 0.26184234]))", "callback": [0.9140395211709026, 0.8055930593530171, 0.6900266367204935, 0.6461652896372534, 0.6319845778593619, 0.5138955607285531, 0.4794548676345177, 0.44606085923936745, 0.44290792228991616, 0.4361757833505049, 0.43366238782298716, 0.422326505182403, 0.407936182656643, 0.39261009684882453, 0.38606274694384124, 0.3825908323612379, 0.3820933522012273, 0.3814590553292492, 0.37961124166994853, 0.3738962102430923, 0.36893371649785145, 0.35060181900972043, 0.3418888813575519, 0.33821651417082865, 0.33821651417082865, 0.33806980358451266, 0.33799678128689714, 0.3379817871375881, 0.3379761215811943, 0.3379662588022263, 0.33790975114588107, 0.3378425358441012, 0.33773497955650067, 0.33748151652652814, 0.336725551075835, 0.3353804955181494, 0.3342660371505092, 0.33038724237004025, 0.32209011757858574, 0.30224229349474263, 0.2944928303312524, 0.27424840801323547, 0.265184676713775, 0.265184676713775, 0.26387358628487767, 0.2626506057583622, 0.26236335922416676, 0.26203103391779003, 0.2618956960119698, 0.2618162004930039]}, "7": {"maxiter": 500, "fatol": 1e-10, "xatol": 1e-10, "duration": 0.21564316749572754, "fun": "0.2618001752495771", "nit": "500", "nfev": "759", "status": "2", "success": "False", "message": "Maximum number of iterations has been exceeded.", "x": "[ 1.39597702  3.15895395  4.2155603   0.55504561 -1.42365685  5.00936786]", "final_simplex": "(array([[ 1.39597702,  3.15895395,  4.2155603 ,  0.55504561, -1.42365685,\n         5.00936786],\n       [ 1.40684345,  3.16376393,  4.21161941,  0.55624484, -1.43072978,\n         5.00711539],\n       [ 1.40190665,  3.15657063,  4.2063303 ,  0.56134082, -1.42631764,\n         5.00575393],\n       [ 1.40989073,  3.15495973,  4.21202551,  0.56181885, -1.41949087,\n         5.01149093],\n       [ 1.3996265 ,  3.16694274,  4.21978917,  0.56252836, -1.42766088,\n         5.00643165],\n       [ 1.40738768,  3.16213478,  4.20658584,  0.56237589, -1.43305007,\n         5.02051178],\n       [ 1.41221701,  3.16218398,  4.21719431,  0.55768771, -1.4595328 ,\n         5.03748866]]), array([0.26180018, 0.26181565, 0.2618162 , 0.26181647, 0.26182184,\n       0.2618368 , 0.26184234]))", "callback": [0.9140395211709026, 0.8055930593530171, 0.6900266367204935, 0.6461652896372534, 0.6319845778593619, 0.5138955607285531, 0.4794548676345177, 0.44606085923936745, 0.44290792228991616, 0.4361757833505049, 0.43366238782298716, 0.422326505182403, 0.407936182656643, 0.39261009684882453, 0.38606274694384124, 0.3825908323612379, 0.3820933522012273, 0.3814590553292492, 0.37961124166994853, 0.3738962102430923, 0.36893371649785145, 0.35060181900972043, 0.3418888813575519, 0.33821651417082865, 0.33821651417082865, 0.33806980358451266, 0.33799678128689714, 0.3379817871375881, 0.3379761215811943, 0.3379662588022263, 0.33790975114588107, 0.3378425358441012, 0.33773497955650067, 0.33748151652652814, 0.336725551075835, 0.3353804955181494, 0.3342660371505092, 0.33038724237004025, 0.32209011757858574, 0.30224229349474263, 0.2944928303312524, 0.27424840801323547, 0.265184676713775, 0.265184676713775, 0.26387358628487767, 0.2626506057583622, 0.26236335922416676, 0.26203103391779003, 0.2618956960119698, 0.2618162004930039]}, "8": {"maxiter": 1000, "fatol": 1e-05, "xatol": 1e-05, "duration": 0.25449681282043457, "fun": "0.26178425393627835", "nit": "605", "nfev": "938", "status": "0", "success": "True", "message": "Optimization terminated successfully.", "x": "[ 1.39988953  3.15314127  4.21936614  0.55726698 -1.42945554  5.00958085]", "final_simplex": "(array([[ 1.39988953,  3.15314127,  4.21936614,  0.55726698, -1.42945554,\n         5.00958085],\n       [ 1.39989344,  3.15314006,  4.21936552,  0.55726919, -1.42945453,\n         5.00957678],\n       [ 1.39989622,  3.15313973,  4.21936354,  0.55727025, -1.4294629 ,\n         5.00958752],\n       [ 1.39988785,  3.15314199,  4.21936389,  0.55726877, -1.42946222,\n         5.00958268],\n       [ 1.39989139,  3.15313812,  4.2193612 ,  0.55726979, -1.42945063,\n         5.00957735],\n       [ 1.39988718,  3.15314269,  4.21936982,  0.55726951, -1.42945852,\n         5.00957863],\n       [ 1.39988391,  3.15313782,  4.21936496,  0.55726798, -1.42946428,\n         5.00958715]]), array([0.26178425, 0.26178425, 0.26178425, 0.26178425, 0.26178425,\n       0.26178425, 0.26178425]))", "callback": [0.9140395211709026, 0.8055930593530171, 0.6900266367204935, 0.6461652896372534, 0.6319845778593619, 0.5138955607285531, 0.4794548676345177, 0.44606085923936745, 0.44290792228991616, 0.4361757833505049, 0.43366238782298716, 0.422326505182403, 0.407936182656643, 0.39261009684882453, 0.38606274694384124, 0.3825908323612379, 0.3820933522012273, 0.3814590553292492, 0.37961124166994853, 0.3738962102430923, 0.36893371649785145, 0.35060181900972043, 0.3418888813575519, 0.33821651417082865, 0.33821651417082865, 0.33806980358451266, 0.33799678128689714, 0.3379817871375881, 0.3379761215811943, 0.3379662588022263, 0.33790975114588107, 0.3378425358441012, 0.33773497955650067, 0.33748151652652814, 0.336725551075835, 0.3353804955181494, 0.3342660371505092, 0.33038724237004025, 0.32209011757858574, 0.30224229349474263, 0.2944928303312524, 0.27424840801323547, 0.265184676713775, 0.265184676713775, 0.26387358628487767, 0.2626506057583622, 0.26236335922416676, 0.26203103391779003, 0.2618956960119698, 0.2618162004930039, 0.2617902605889578, 0.2617902605889578, 0.26178591491343317, 0.26178460001590764, 0.2617843812667585, 0.2617842854355201, 0.26178425936365624, 0.26178425513752024, 0.2617842541375255, 0.2617842539528942, 0.26178425393769156]}, "9": {"maxiter": 1000, "fatol": 1e-05, "xatol": 1e-10, "duration": 0.32822084426879883, "fun": "0.2617842539323515", "nit": "724", "nfev": "1185", "status": "0", "success": "True", "message": "Optimization terminated successfully.", "x": "[ 1.39989371  3.15313942  4.21936361  0.5572658  -1.429459    5.00958277]", "final_simplex": "(array([[ 1.39989371,  3.15313942,  4.21936361,  0.5572658 , -1.429459  ,\n         5.00958277],\n       [ 1.39989371,  3.15313942,  4.21936361,  0.5572658 , -1.429459  ,\n         5.00958277],\n       [ 1.39989371,  3.15313942,  4.21936361,  0.5572658 , -1.429459  ,\n         5.00958277],\n       [ 1.39989371,  3.15313942,  4.21936361,  0.5572658 , -1.429459  ,\n         5.00958277],\n       [ 1.39989371,  3.15313942,  4.21936361,  0.5572658 , -1.429459  ,\n         5.00958277],\n       [ 1.39989371,  3.15313942,  4.21936361,  0.5572658 , -1.429459  ,\n         5.00958277],\n       [ 1.39989371,  3.15313942,  4.21936361,  0.5572658 , -1.429459  ,\n         5.00958277]]), array([0.26178425, 0.26178425, 0.26178425, 0.26178425, 0.26178425,\n       0.26178425, 0.26178425]))", "callback": [0.9140395211709026, 0.8055930593530171, 0.6900266367204935, 0.6461652896372534, 0.6319845778593619, 0.5138955607285531, 0.4794548676345177, 0.44606085923936745, 0.44290792228991616, 0.4361757833505049, 0.43366238782298716, 0.422326505182403, 0.407936182656643, 0.39261009684882453, 0.38606274694384124, 0.3825908323612379, 0.3820933522012273, 0.3814590553292492, 0.37961124166994853, 0.3738962102430923, 0.36893371649785145, 0.35060181900972043, 0.3418888813575519, 0.33821651417082865, 0.33821651417082865, 0.33806980358451266, 0.33799678128689714, 0.3379817871375881, 0.3379761215811943, 0.3379662588022263, 0.33790975114588107, 0.3378425358441012, 0.33773497955650067, 0.33748151652652814, 0.336725551075835, 0.3353804955181494, 0.3342660371505092, 0.33038724237004025, 0.32209011757858574, 0.30224229349474263, 0.2944928303312524, 0.27424840801323547, 0.265184676713775, 0.265184676713775, 0.26387358628487767, 0.2626506057583622, 0.26236335922416676, 0.26203103391779003, 0.2618956960119698, 0.2618162004930039, 0.2617902605889578, 0.2617902605889578, 0.26178591491343317, 0.26178460001590764, 0.2617843812667585, 0.2617842854355201, 0.26178425936365624, 0.26178425513752024, 0.2617842541375255, 0.2617842539528942, 0.26178425393769156, 0.26178425393387283, 0.26178425393290805, 0.26178425393263927, 0.261784253932399, 0.2617842539323685, 0.2617842539323575, 0.2617842539323523, 0.2617842539323523, 0.26178425393235194, 0.2617842539323516, 0.2617842539323515, 0.2617842539323515]}, "10": {"maxiter": 1000, "fatol": 1e-10, "xatol": 1e-05, "duration": 0.2482912540435791, "fun": "0.26178425393627835", "nit": "605", "nfev": "938", "status": "0", "success": "True", "message": "Optimization terminated successfully.", "x": "[ 1.39988953  3.15314127  4.21936614  0.55726698 -1.42945554  5.00958085]", "final_simplex": "(array([[ 1.39988953,  3.15314127,  4.21936614,  0.55726698, -1.42945554,\n         5.00958085],\n       [ 1.39989344,  3.15314006,  4.21936552,  0.55726919, -1.42945453,\n         5.00957678],\n       [ 1.39989622,  3.15313973,  4.21936354,  0.55727025, -1.4294629 ,\n         5.00958752],\n       [ 1.39988785,  3.15314199,  4.21936389,  0.55726877, -1.42946222,\n         5.00958268],\n       [ 1.39989139,  3.15313812,  4.2193612 ,  0.55726979, -1.42945063,\n         5.00957735],\n       [ 1.39988718,  3.15314269,  4.21936982,  0.55726951, -1.42945852,\n         5.00957863],\n       [ 1.39988391,  3.15313782,  4.21936496,  0.55726798, -1.42946428,\n         5.00958715]]), array([0.26178425, 0.26178425, 0.26178425, 0.26178425, 0.26178425,\n       0.26178425, 0.26178425]))", "callback": [0.9140395211709026, 0.8055930593530171, 0.6900266367204935, 0.6461652896372534, 0.6319845778593619, 0.5138955607285531, 0.4794548676345177, 0.44606085923936745, 0.44290792228991616, 0.4361757833505049, 0.43366238782298716, 0.422326505182403, 0.407936182656643, 0.39261009684882453, 0.38606274694384124, 0.3825908323612379, 0.3820933522012273, 0.3814590553292492, 0.37961124166994853, 0.3738962102430923, 0.36893371649785145, 0.35060181900972043, 0.3418888813575519, 0.33821651417082865, 0.33821651417082865, 0.33806980358451266, 0.33799678128689714, 0.3379817871375881, 0.3379761215811943, 0.3379662588022263, 0.33790975114588107, 0.3378425358441012, 0.33773497955650067, 0.33748151652652814, 0.336725551075835, 0.3353804955181494, 0.3342660371505092, 0.33038724237004025, 0.32209011757858574, 0.30224229349474263, 0.2944928303312524, 0.27424840801323547, 0.265184676713775, 0.265184676713775, 0.26387358628487767, 0.2626506057583622, 0.26236335922416676, 0.26203103391779003, 0.2618956960119698, 0.2618162004930039, 0.2617902605889578, 0.2617902605889578, 0.26178591491343317, 0.26178460001590764, 0.2617843812667585, 0.2617842854355201, 0.26178425936365624, 0.26178425513752024, 0.2617842541375255, 0.2617842539528942, 0.26178425393769156]}, "11": {"maxiter": 1000, "fatol": 1e-10, "xatol": 1e-10, "duration": 0.33251118659973145, "fun": "0.2617842539323515", "nit": "724", "nfev": "1185", "status": "0", "success": "True", "message": "Optimization terminated successfully.", "x": "[ 1.39989371  3.15313942  4.21936361  0.5572658  -1.429459    5.00958277]", "final_simplex": "(array([[ 1.39989371,  3.15313942,  4.21936361,  0.5572658 , -1.429459  ,\n         5.00958277],\n       [ 1.39989371,  3.15313942,  4.21936361,  0.5572658 , -1.429459  ,\n         5.00958277],\n       [ 1.39989371,  3.15313942,  4.21936361,  0.5572658 , -1.429459  ,\n         5.00958277],\n       [ 1.39989371,  3.15313942,  4.21936361,  0.5572658 , -1.429459  ,\n         5.00958277],\n       [ 1.39989371,  3.15313942,  4.21936361,  0.5572658 , -1.429459  ,\n         5.00958277],\n       [ 1.39989371,  3.15313942,  4.21936361,  0.5572658 , -1.429459  ,\n         5.00958277],\n       [ 1.39989371,  3.15313942,  4.21936361,  0.5572658 , -1.429459  ,\n         5.00958277]]), array([0.26178425, 0.26178425, 0.26178425, 0.26178425, 0.26178425,\n       0.26178425, 0.26178425]))", "callback": [0.9140395211709026, 0.8055930593530171, 0.6900266367204935, 0.6461652896372534, 0.6319845778593619, 0.5138955607285531, 0.4794548676345177, 0.44606085923936745, 0.44290792228991616, 0.4361757833505049, 0.43366238782298716, 0.422326505182403, 0.407936182656643, 0.39261009684882453, 0.38606274694384124, 0.3825908323612379, 0.3820933522012273, 0.3814590553292492, 0.37961124166994853, 0.3738962102430923, 0.36893371649785145, 0.35060181900972043, 0.3418888813575519, 0.33821651417082865, 0.33821651417082865, 0.33806980358451266, 0.33799678128689714, 0.3379817871375881, 0.3379761215811943, 0.3379662588022263, 0.33790975114588107, 0.3378425358441012, 0.33773497955650067, 0.33748151652652814, 0.336725551075835, 0.3353804955181494, 0.3342660371505092, 0.33038724237004025, 0.32209011757858574, 0.30224229349474263, 0.2944928303312524, 0.27424840801323547, 0.265184676713775, 0.265184676713775, 0.26387358628487767, 0.2626506057583622, 0.26236335922416676, 0.26203103391779003, 0.2618956960119698, 0.2618162004930039, 0.2617902605889578, 0.2617902605889578, 0.26178591491343317, 0.26178460001590764, 0.2617843812667585, 0.2617842854355201, 0.26178425936365624, 0.26178425513752024, 0.2617842541375255, 0.2617842539528942, 0.26178425393769156, 0.26178425393387283, 0.26178425393290805, 0.26178425393263927, 0.261784253932399, 0.2617842539323685, 0.2617842539323575, 0.2617842539323523, 0.2617842539323523, 0.26178425393235194, 0.2617842539323516, 0.2617842539323515, 0.2617842539323515]}}, "bfgs": {"type": "gradient", "0": {"maxiter": 100, "gtol": 1e-05, "xrtol": 1e-05, "eps": 1e-05, "duration": 0.06303095817565918, "fun": "0.2617842539726474", "jac": "[ 2.59904320e-06 -1.61644031e-06  1.91079375e-06  3.59996477e-06\n  1.60663705e-06  2.54790633e-06]", "hess_inv": "[[  6.98029977   1.73610765   2.47343462   0.4246003    0.96463779\n   -3.4440352 ]\n [  1.73610765   3.78956483   0.91692425  -0.14042829  -0.21901939\n   -1.81946665]\n [  2.47343462   0.91692425   5.03620592   0.50050733  -2.47762207\n   -0.71467949]\n [  0.4246003   -0.14042829   0.50050733   3.61613905  -0.95655737\n    0.25605607]\n [  0.96463779  -0.21901939  -2.47762207  -0.95655737  16.37264396\n  -13.26632323]\n [ -3.4440352   -1.81946665  -0.71467949   0.25605607 -13.26632323\n   15.7419847 ]]", "nfev": "189", "njev": "27", "status": "0", "success": "True", "message": "Optimization terminated successfully.", "x": "[-1.39988798  6.29472025  1.0777749   0.55727335 -1.42947348  5.00960112]", "nit": "22", "callback": [0.6760681661083566, 0.5236273967175659, 0.4702522592134708, 0.42902387416010945, 0.391816356025423, 0.37466488391493014, 0.3620888278424734, 0.35753079187479, 0.3224360203489758, 0.3152567050844358, 0.30312423068193484, 0.28386750243011893, 0.2706202516133759, 0.26840425861141437, 0.2651133455771376, 0.26309592088122413, 0.26232551800111015, 0.2618606937927398, 0.26179088943364504, 0.261784425845795, 0.261784256321693, 0.2617842539726474]}, "1": {"maxiter": 100, "gtol": 1e-05, "xrtol": 1e-05, "eps": 1e-10, "duration": 0.06851792335510254, "fun": "0.26178425412464235", "jac": "[ 2.22044587e-06 -2.22044587e-06  1.11022293e-06  1.11022293e-06\n  0.00000000e+00  3.33066880e-06]", "hess_inv": "[[  6.96004555   1.74277855   2.47030077   0.42758451   0.93828646\n   -3.42837417]\n [  1.74277855   3.78872026   0.91697329  -0.14146641  -0.20560594\n   -1.82934034]\n [  2.47030077   0.91697329   5.02977292   0.49702114  -2.45606523\n   -0.72114051]\n [  0.42758451  -0.14146641   0.49702114   3.6104899   -0.95396125\n    0.25491556]\n [  0.93828646  -0.20560594  -2.45606523  -0.95396125  16.51496655\n  -13.45659771]\n [ -3.42837417  -1.82934034  -0.72114051   0.25491556 -13.45659771\n   15.94129482]]", "nfev": "189", "njev": "27", "status": "0", "success": "True", "message": "Optimization terminated successfully.", "x": "[-1.39987464  6.2947237   1.07778281  0.5572814  -1.42950883  5.00964066]", "nit": "22", "callback": [0.6760671961449707, 0.5236174769858715, 0.47024941901872863, 0.42902017037060103, 0.39181454770498025, 0.37466318599649906, 0.36208777767359135, 0.3575292632302659, 0.3224348356372151, 0.3152084397301709, 0.30301679670469694, 0.2837105165013861, 0.27061072811641806, 0.2683950273557202, 0.26510525526833906, 0.2630917634623785, 0.26232154753543446, 0.2618602328338877, 0.2617908948666049, 0.26178442354741494, 0.261784256392513, 0.26178425412464235]}, "2": {"maxiter": 100, "gtol": 1e-05, "xrtol": 1e-10, "eps": 1e-05, "duration": 0.044799089431762695, "fun": "0.2617842539726474", "jac": "[ 2.59904320e-06 -1.61644031e-06  1.91079375e-06  3.59996477e-06\n  1.60663705e-06  2.54790633e-06]", "hess_inv": "[[  6.98029977   1.73610765   2.47343462   0.4246003    0.96463779\n   -3.4440352 ]\n [  1.73610765   3.78956483   0.91692425  -0.14042829  -0.21901939\n   -1.81946665]\n [  2.47343462   0.91692425   5.03620592   0.50050733  -2.47762207\n   -0.71467949]\n [  0.4246003   -0.14042829   0.50050733   3.61613905  -0.95655737\n    0.25605607]\n [  0.96463779  -0.21901939  -2.47762207  -0.95655737  16.37264396\n  -13.26632323]\n [ -3.4440352   -1.81946665  -0.71467949   0.25605607 -13.26632323\n   15.7419847 ]]", "nfev": "189", "njev": "27", "status": "0", "success": "True", "message": "Optimization terminated successfully.", "x": "[-1.39988798  6.29472025  1.0777749   0.55727335 -1.42947348  5.00960112]", "nit": "22", "callback": [0.6760681661083566, 0.5236273967175659, 0.4702522592134708, 0.42902387416010945, 0.391816356025423, 0.37466488391493014, 0.3620888278424734, 0.35753079187479, 0.3224360203489758, 0.3152567050844358, 0.30312423068193484, 0.28386750243011893, 0.2706202516133759, 0.26840425861141437, 0.2651133455771376, 0.26309592088122413, 0.26232551800111015, 0.2618606937927398, 0.26179088943364504, 0.261784425845795, 0.261784256321693, 0.2617842539726474]}, "3": {"maxiter": 100, "gtol": 1e-05, "xrtol": 1e-10, "eps": 1e-10, "duration": 0.05130314826965332, "fun": "0.26178425412464235", "jac": "[ 2.22044587e-06 -2.22044587e-06  1.11022293e-06  1.11022293e-06\n  0.00000000e+00  3.33066880e-06]", "hess_inv": "[[  6.96004555   1.74277855   2.47030077   0.42758451   0.93828646\n   -3.42837417]\n [  1.74277855   3.78872026   0.91697329  -0.14146641  -0.20560594\n   -1.82934034]\n [  2.47030077   0.91697329   5.02977292   0.49702114  -2.45606523\n   -0.72114051]\n [  0.42758451  -0.14146641   0.49702114   3.6104899   -0.95396125\n    0.25491556]\n [  0.93828646  -0.20560594  -2.45606523  -0.95396125  16.51496655\n  -13.45659771]\n [ -3.42837417  -1.82934034  -0.72114051   0.25491556 -13.45659771\n   15.94129482]]", "nfev": "189", "njev": "27", "status": "0", "success": "True", "message": "Optimization terminated successfully.", "x": "[-1.39987464  6.2947237   1.07778281  0.5572814  -1.42950883  5.00964066]", "nit": "22", "callback": [0.6760671961449707, 0.5236174769858715, 0.47024941901872863, 0.42902017037060103, 0.39181454770498025, 0.37466318599649906, 0.36208777767359135, 0.3575292632302659, 0.3224348356372151, 0.3152084397301709, 0.30301679670469694, 0.2837105165013861, 0.27061072811641806, 0.2683950273557202, 0.26510525526833906, 0.2630917634623785, 0.26232154753543446, 0.2618602328338877, 0.2617908948666049, 0.26178442354741494, 0.261784256392513, 0.26178425412464235]}, "4": {"maxiter": 100, "gtol": 1e-10, "xrtol": 1e-05, "eps": 1e-05, "duration": 0.06382417678833008, "fun": "0.2617842539554638", "jac": "[ 4.75730566e-08  5.62550007e-07  3.27493588e-07 -8.90965079e-07\n  2.06856754e-07  5.17552667e-07]", "hess_inv": "[[  7.22663736   1.51992      2.55497952   0.56731635   1.0611846\n   -3.22199314]\n [  1.51992      3.8846402    0.76947528  -0.3452606   -0.06304653\n   -2.00640379]\n [  2.55497952   0.76947528   5.00236165   0.48394685  -2.25268637\n   -0.63482064]\n [  0.56731635  -0.3452606    0.48394685   3.63190797  -0.69824005\n    0.3913628 ]\n [  1.0611846   -0.06304653  -2.25268637  -0.69824005  15.79837106\n  -13.19946104]\n [ -3.22199314  -2.00640379  -0.63482064   0.3913628  -13.19946104\n   15.94146328]]", "nfev": "196", "njev": "28", "status": "0", "success": "True", "message": "Optimization terminated successfully.", "x": "[-1.39990472  6.29472757  1.07776344  0.55725744 -1.42946127  5.00958665]", "nit": "23", "callback": [0.6760681661083566, 0.5236273967175659, 0.4702522592134708, 0.42902387416010945, 0.391816356025423, 0.37466488391493014, 0.3620888278424734, 0.35753079187479, 0.3224360203489758, 0.3152567050844358, 0.30312423068193484, 0.28386750243011893, 0.2706202516133759, 0.26840425861141437, 0.2651133455771376, 0.26309592088122413, 0.26232551800111015, 0.2618606937927398, 0.26179088943364504, 0.261784425845795, 0.261784256321693, 0.2617842539726474, 0.2617842539554638]}, "5": {"maxiter": 100, "gtol": 1e-10, "xrtol": 1e-05, "eps": 1e-10, "duration": 0.05635714530944824, "fun": "0.2617842539588383", "jac": "[ 2.22044587e-06  1.11022293e-06  1.11022293e-06  2.22044587e-06\n  1.11022293e-06 -1.11022293e-06]", "hess_inv": "[[  7.01899666   1.60724983   2.53675914   0.49410384   0.56264308\n   -2.94500966]\n [  1.60724983   4.07020558   0.81496209  -0.25136176   0.28864648\n   -2.61978009]\n [  2.53675914   0.81496209   5.01902475   0.49940727  -2.25637932\n   -0.71749772]\n [  0.49410384  -0.25136176   0.49940727   3.62401776  -0.8497034\n    0.34160876]\n [  0.56264308   0.28864648  -2.25637932  -0.8497034   14.3756677\n  -12.5993792 ]\n [ -2.94500966  -2.61978009  -0.71749772   0.34160876 -12.5993792\n   16.48471898]]", "nfev": "196", "njev": "28", "status": "0", "success": "True", "message": "Optimization terminated successfully.", "x": "[-1.39988022  6.29473727  1.07777525  0.55727403 -1.42946402  5.00958689]", "nit": "23", "callback": [0.6760671961449707, 0.5236174769858715, 0.47024941901872863, 0.42902017037060103, 0.39181454770498025, 0.37466318599649906, 0.36208777767359135, 0.3575292632302659, 0.3224348356372151, 0.3152084397301709, 0.30301679670469694, 0.2837105165013861, 0.27061072811641806, 0.2683950273557202, 0.26510525526833906, 0.2630917634623785, 0.26232154753543446, 0.2618602328338877, 0.2617908948666049, 0.26178442354741494, 0.261784256392513, 0.26178425412464235, 0.2617842539588383]}, "6": {"maxiter": 100, "gtol": 1e-10, "xrtol": 1e-10, "eps": 1e-05, "duration": 0.1348741054534912, "fun": "0.2617842539541101", "jac": "[4.55191440e-10 4.55191440e-10 2.44249065e-09 1.75415238e-09\n 4.32986980e-10 5.55111512e-10]", "hess_inv": "[[  7.32987852   1.62774831   2.70358776   0.50503086   0.69435724\n   -2.89249983]\n [  1.62774831   3.88016188   0.8779245   -0.11279553  -0.14851781\n   -2.01245784]\n [  2.70358776   0.8779245    5.20069291   0.54445227  -2.64506665\n   -0.33455448]\n [  0.50503086  -0.11279553   0.54445227   2.97988897  -1.08809158\n    0.87097472]\n [  0.69435724  -0.14851781  -2.64506665  -1.08809158  16.43362094\n  -13.65195848]\n [ -2.89249983  -2.01245784  -0.33455448   0.87097472 -13.65195848\n   16.25078061]]", "nfev": "466", "njev": "65", "status": "2", "success": "False", "message": "Desired error not necessarily achieved due to precision loss.", "x": "[-1.39990512  6.29472598  1.07776225  0.55725971 -1.42945761  5.0095832 ]", "nit": "25", "callback": [0.6760681661083566, 0.5236273967175659, 0.4702522592134708, 0.42902387416010945, 0.391816356025423, 0.37466488391493014, 0.3620888278424734, 0.35753079187479, 0.3224360203489758, 0.3152567050844358, 0.30312423068193484, 0.28386750243011893, 0.2706202516133759, 0.26840425861141437, 0.2651133455771376, 0.26309592088122413, 0.26232551800111015, 0.2618606937927398, 0.26179088943364504, 0.261784425845795, 0.261784256321693, 0.2617842539726474, 0.2617842539554638, 0.26178425395413984, 0.2617842539541101]}, "7": {"maxiter": 100, "gtol": 1e-10, "xrtol": 1e-10, "eps": 1e-10, "duration": 0.07512497901916504, "fun": "0.2617842539399512", "jac": "[-1.11022293e-06  0.00000000e+00  0.00000000e+00  1.11022293e-06\n  0.00000000e+00  3.33066880e-06]", "hess_inv": "[[ 0.556386   -1.11024657 -0.64976204  0.35728148  0.77947052 -0.22426081]\n [-1.11024657  4.07148998  0.82581849 -1.54480589 -2.60317295  1.55529574]\n [-0.64976204  0.82581849  2.3750085  -1.08704283 -1.84786337  1.169266  ]\n [ 0.35728148 -1.54480589 -1.08704283  3.54317141  3.61059397 -2.55129958]\n [ 0.77947052 -2.60317295 -1.84786337  3.61059397  4.73493402 -2.86152531]\n [-0.22426081  1.55529574  1.169266   -2.55129958 -2.86152531  2.30153245]]", "nfev": "266", "njev": "38", "status": "2", "success": "False", "message": "Desired error not necessarily achieved due to precision loss.", "x": "[-1.39989826  6.29473099  1.07776865  0.55726735 -1.42947039  5.00959743]", "nit": "28", "callback": [0.6760671961449707, 0.5236174769858715, 0.47024941901872863, 0.42902017037060103, 0.39181454770498025, 0.37466318599649906, 0.36208777767359135, 0.3575292632302659, 0.3224348356372151, 0.3152084397301709, 0.30301679670469694, 0.2837105165013861, 0.27061072811641806, 0.2683950273557202, 0.26510525526833906, 0.2630917634623785, 0.26232154753543446, 0.2618602328338877, 0.2617908948666049, 0.26178442354741494, 0.261784256392513, 0.26178425412464235, 0.2617842539588383, 0.2617842539494116, 0.2617842539441143, 0.2617842539399907, 0.2617842539399512, 0.2617842539399512]}, "8": {"maxiter": 500, "gtol": 1e-05, "xrtol": 1e-05, "eps": 1e-05, "duration": 0.050113677978515625, "fun": "0.2617842539726474", "jac": "[ 2.59904320e-06 -1.61644031e-06  1.91079375e-06  3.59996477e-06\n  1.60663705e-06  2.54790633e-06]", "hess_inv": "[[  6.98029977   1.73610765   2.47343462   0.4246003    0.96463779\n   -3.4440352 ]\n [  1.73610765   3.78956483   0.91692425  -0.14042829  -0.21901939\n   -1.81946665]\n [  2.47343462   0.91692425   5.03620592   0.50050733  -2.47762207\n   -0.71467949]\n [  0.4246003   -0.14042829   0.50050733   3.61613905  -0.95655737\n    0.25605607]\n [  0.96463779  -0.21901939  -2.47762207  -0.95655737  16.37264396\n  -13.26632323]\n [ -3.4440352   -1.81946665  -0.71467949   0.25605607 -13.26632323\n   15.7419847 ]]", "nfev": "189", "njev": "27", "status": "0", "success": "True", "message": "Optimization terminated successfully.", "x": "[-1.39988798  6.29472025  1.0777749   0.55727335 -1.42947348  5.00960112]", "nit": "22", "callback": [0.6760681661083566, 0.5236273967175659, 0.4702522592134708, 0.42902387416010945, 0.391816356025423, 0.37466488391493014, 0.3620888278424734, 0.35753079187479, 0.3224360203489758, 0.3152567050844358, 0.30312423068193484, 0.28386750243011893, 0.2706202516133759, 0.26840425861141437, 0.2651133455771376, 0.26309592088122413, 0.26232551800111015, 0.2618606937927398, 0.26179088943364504, 0.261784425845795, 0.261784256321693, 0.2617842539726474]}, "9": {"maxiter": 500, "gtol": 1e-05, "xrtol": 1e-05, "eps": 1e-10, "duration": 0.05221867561340332, "fun": "0.26178425412464235", "jac": "[ 2.22044587e-06 -2.22044587e-06  1.11022293e-06  1.11022293e-06\n  0.00000000e+00  3.33066880e-06]", "hess_inv": "[[  6.96004555   1.74277855   2.47030077   0.42758451   0.93828646\n   -3.42837417]\n [  1.74277855   3.78872026   0.91697329  -0.14146641  -0.20560594\n   -1.82934034]\n [  2.47030077   0.91697329   5.02977292   0.49702114  -2.45606523\n   -0.72114051]\n [  0.42758451  -0.14146641   0.49702114   3.6104899   -0.95396125\n    0.25491556]\n [  0.93828646  -0.20560594  -2.45606523  -0.95396125  16.51496655\n  -13.45659771]\n [ -3.42837417  -1.82934034  -0.72114051   0.25491556 -13.45659771\n   15.94129482]]", "nfev": "189", "njev": "27", "status": "0", "success": "True", "message": "Optimization terminated successfully.", "x": "[-1.39987464  6.2947237   1.07778281  0.5572814  -1.42950883  5.00964066]", "nit": "22", "callback": [0.6760671961449707, 0.5236174769858715, 0.47024941901872863, 0.42902017037060103, 0.39181454770498025, 0.37466318599649906, 0.36208777