{"date": "2024/10/08/, 13:14:37", "conf_id": 0, "data_type": "random\n", "num_data_points": 1, "s_rank": 0, "unitary": "[[-0.45070455-0.02711853j,0.78437395-0.06613086j,0.06358678+0.19963393j,-0.07343613+0.35668523j],[-0.01890143-0.03813363j,0.32408202+0.25557629j,0.05872864-0.68979805j,0.55466693-0.20227297j],[-0.11215405+0.64023111j,-0.13344055+0.29565494j,-0.49012687-0.19046288j,-0.04241254+0.44046348j],[0.55771659+0.24656916j,0.31851997-0.05798805j,0.28761525-0.34294258j,-0.56718418+0.03616933j]]", "databatch_0": {"databatch": "[[[0.09314128-0.12946863j,0.39382838-0.19799267j,0.05133879+0.12112185j,0.08106995-0.04021906j],[0.07622026-0.09754417j,0.31152873-0.14143589j,0.03608905+0.09551662j,0.06411194-0.02869752j],[0.11804856-0.19626647j,0.54031288-0.32976236j,0.08774511+0.16729872j,0.1112873-0.06711204j],[-0.01827577+0.10086995j,-0.17383409+0.2237231j,-0.06326177-0.05610261j,-0.03593256+0.04574145j]]]", "initial param values": "[5.53141409,4.25888465,2.11889933,0.89161455,5.35327668,0.02503122]", "nelder_mead": {"type": "gradient-free", "0": {"maxiter": 100, "fatol": 1e-05, "xatol": 1e-05, "duration": 0.08707404136657715, "fun": "0.10796109450364777", "nit": "100", "nfev": "164", "status": "2", "success": "False", "message": "Maximum number of iterations has been exceeded.", "x": "[6.64678356e+00 1.16632645e+00 1.95879556e+00 2.44113928e+00\n 4.21605156e+00 4.15164500e-05]", "final_simplex": "(array([[ 6.64678356e+00,  1.16632645e+00,  1.95879556e+00,\n         2.44113928e+00,  4.21605156e+00,  4.15164500e-05],\n       [ 6.73692125e+00,  1.26969905e+00,  1.85788853e+00,\n         2.44868286e+00,  4.27342050e+00,  2.07240969e-04],\n       [ 6.87503939e+00,  1.23729958e+00,  1.81245044e+00,\n         2.44069003e+00,  4.35146611e+00,  8.79078094e-05],\n       [ 6.84269003e+00,  1.25764366e+00,  1.83859904e+00,\n         2.44255009e+00,  4.25023308e+00,  6.50424979e-04],\n       [ 6.76124784e+00,  1.32654165e+00,  1.79890576e+00,\n         2.47688176e+00,  4.31746091e+00, -3.52157814e-04],\n       [ 6.67238149e+00,  1.05270918e+00,  1.89445564e+00,\n         2.55635159e+00,  4.20291465e+00, -1.03347604e-03],\n       [ 6.76372290e+00,  1.21983873e+00,  1.81492729e+00,\n         2.53430152e+00,  4.20579536e+00, -8.72305529e-04]]), array([0.10796109, 0.10861286, 0.10895624, 0.1099847 , 0.11005545,\n       0.11009074, 0.11024742]))", "callback": [0.9402078543116412, 0.5485465361612769, 0.4939202289767317, 0.436921021546269, 0.4083290040646157, 0.2879583537629662, 0.2674224588947075, 0.23593118245067068, 0.12619096436013377, 0.11009073693218652]}, "1": {"maxiter": 100, "fatol": 1e-05, "xatol": 1e-10, "duration": 0.07376813888549805, "fun": "0.10796109450364777", "nit": "100", "nfev": "164", "status": "2", "success": "False", "message": "Maximum number of iterations has been exceeded.", "x": "[6.64678356e+00 1.16632645e+00 1.95879556e+00 2.44113928e+00\n 4.21605156e+00 4.15164500e-05]", "final_simplex": "(array([[ 6.64678356e+00,  1.16632645e+00,  1.95879556e+00,\n         2.44113928e+00,  4.21605156e+00,  4.15164500e-05],\n       [ 6.73692125e+00,  1.26969905e+00,  1.85788853e+00,\n         2.44868286e+00,  4.27342050e+00,  2.07240969e-04],\n       [ 6.87503939e+00,  1.23729958e+00,  1.81245044e+00,\n         2.44069003e+00,  4.35146611e+00,  8.79078094e-05],\n       [ 6.84269003e+00,  1.25764366e+00,  1.83859904e+00,\n         2.44255009e+00,  4.25023308e+00,  6.50424979e-04],\n       [ 6.76124784e+00,  1.32654165e+00,  1.79890576e+00,\n         2.47688176e+00,  4.31746091e+00, -3.52157814e-04],\n       [ 6.67238149e+00,  1.05270918e+00,  1.89445564e+00,\n         2.55635159e+00,  4.20291465e+00, -1.03347604e-03],\n       [ 6.76372290e+00,  1.21983873e+00,  1.81492729e+00,\n         2.53430152e+00,  4.20579536e+00, -8.72305529e-04]]), array([0.10796109, 0.10861286, 0.10895624, 0.1099847 , 0.11005545,\n       0.11009074, 0.11024742]))", "callback": [0.9402078543116412, 0.5485465361612769, 0.4939202289767317, 0.436921021546269, 0.4083290040646157, 0.2879583537629662, 0.2674224588947075, 0.23593118245067068, 0.12619096436013377, 0.11009073693218652]}, "2": {"maxiter": 100, "fatol": 1e-10, "xatol": 1e-05, "duration": 0.07710480690002441, "fun": "0.10796109450364777", "nit": "100", "nfev": "164", "status": "2", "success": "False", "message": "Maximum number of iterations has been exceeded.", "x": "[6.64678356e+00 1.16632645e+00 1.95879556e+00 2.44113928e+00\n 4.21605156e+00 4.15164500e-05]", "final_simplex": "(array([[ 6.64678356e+00,  1.16632645e+00,  1.95879556e+00,\n         2.44113928e+00,  4.21605156e+00,  4.15164500e-05],\n       [ 6.73692125e+00,  1.26969905e+00,  1.85788853e+00,\n         2.44868286e+00,  4.27342050e+00,  2.07240969e-04],\n       [ 6.87503939e+00,  1.23729958e+00,  1.81245044e+00,\n         2.44069003e+00,  4.35146611e+00,  8.79078094e-05],\n       [ 6.84269003e+00,  1.25764366e+00,  1.83859904e+00,\n         2.44255009e+00,  4.25023308e+00,  6.50424979e-04],\n       [ 6.76124784e+00,  1.32654165e+00,  1.79890576e+00,\n         2.47688176e+00,  4.31746091e+00, -3.52157814e-04],\n       [ 6.67238149e+00,  1.05270918e+00,  1.89445564e+00,\n         2.55635159e+00,  4.20291465e+00, -1.03347604e-03],\n       [ 6.76372290e+00,  1.21983873e+00,  1.81492729e+00,\n         2.53430152e+00,  4.20579536e+00, -8.72305529e-04]]), array([0.10796109, 0.10861286, 0.10895624, 0.1099847 , 0.11005545,\n       0.11009074, 0.11024742]))", "callback": [0.9402078543116412, 0.5485465361612769, 0.4939202289767317, 0.436921021546269, 0.4083290040646157, 0.2879583537629662, 0.2674224588947075, 0.23593118245067068, 0.12619096436013377, 0.11009073693218652]}, "3": {"maxiter": 100, "fatol": 1e-10, "xatol": 1e-10, "duration": 0.07360172271728516, "fun": "0.10796109450364777", "nit": "100", "nfev": "164", "status": "2", "success": "False", "message": "Maximum number of iterations has been exceeded.", "x": "[6.64678356e+00 1.16632645e+00 1.95879556e+00 2.44113928e+00\n 4.21605156e+00 4.15164500e-05]", "final_simplex": "(array([[ 6.64678356e+00,  1.16632645e+00,  1.95879556e+00,\n         2.44113928e+00,  4.21605156e+00,  4.15164500e-05],\n       [ 6.73692125e+00,  1.26969905e+00,  1.85788853e+00,\n         2.44868286e+00,  4.27342050e+00,  2.07240969e-04],\n       [ 6.87503939e+00,  1.23729958e+00,  1.81245044e+00,\n         2.44069003e+00,  4.35146611e+00,  8.79078094e-05],\n       [ 6.84269003e+00,  1.25764366e+00,  1.83859904e+00,\n         2.44255009e+00,  4.25023308e+00,  6.50424979e-04],\n       [ 6.76124784e+00,  1.32654165e+00,  1.79890576e+00,\n         2.47688176e+00,  4.31746091e+00, -3.52157814e-04],\n       [ 6.67238149e+00,  1.05270918e+00,  1.89445564e+00,\n         2.55635159e+00,  4.20291465e+00, -1.03347604e-03],\n       [ 6.76372290e+00,  1.21983873e+00,  1.81492729e+00,\n         2.53430152e+00,  4.20579536e+00, -8.72305529e-04]]), array([0.10796109, 0.10861286, 0.10895624, 0.1099847 , 0.11005545,\n       0.11009074, 0.11024742]))", "callback": [0.9402078543116412, 0.5485465361612769, 0.4939202289767317, 0.436921021546269, 0.4083290040646157, 0.2879583537629662, 0.2674224588947075, 0.23593118245067068, 0.12619096436013377, 0.11009073693218652]}, "4": {"maxiter": 500, "fatol": 1e-05, "xatol": 1e-05, "duration": 0.27933597564697266, "fun": "0.07363486373753014", "nit": "394", "nfev": "636", "status": "0", "success": "True", "message": "Optimization terminated successfully.", "x": "[ 6.99073477 -0.22480881  3.29957261  3.00000952  3.92440415 -0.01465829]", "final_simplex": "(array([[ 6.99073477, -0.22480881,  3.29957261,  3.00000952,  3.92440415,\n        -0.01465829],\n       [ 6.99073345, -0.22481199,  3.29957594,  3.00000878,  3.92440286,\n        -0.01465828],\n       [ 6.99073515, -0.22481541,  3.29957948,  3.00000921,  3.92439983,\n        -0.01465828],\n       [ 6.99073383, -0.22481461,  3.29957839,  3.00000894,  3.9244003 ,\n        -0.01465827],\n       [ 6.99073502, -0.22481703,  3.29958137,  3.00001072,  3.9243989 ,\n        -0.01465831],\n       [ 6.99073362, -0.22481242,  3.2995759 ,  3.00000986,  3.92440251,\n        -0.0146583 ],\n       [ 6.99073385, -0.22480118,  3.29956674,  3.00000759,  3.924408  ,\n        -0.01465825]]), array([0.07363486, 0.07363486, 0.07363486, 0.07363486, 0.07363486,\n       0.07363486, 0.07363486]))", "callback": [0.9402078543116412, 0.5485465361612769, 0.4939202289767317, 0.436921021546269, 0.4083290040646157, 0.2879583537629662, 0.2674224588947075, 0.23593118245067068, 0.12619096436013377, 0.11009073693218652, 0.10710541138991858, 0.10605241485009875, 0.1058535037103373, 0.10562979698614616, 0.10436071659598345, 0.10081344479626186, 0.09700585332119682, 0.08440728753308835, 0.08007342410686824, 0.07758241133938282, 0.07679471421106332, 0.07541312489320928, 0.07511334803877434, 0.07436466112278584, 0.07395038127273623, 0.07371574827352712, 0.0736595252092731, 0.0736575964370283, 0.07363714310270009, 0.07363547199738507, 0.07363498173642802, 0.07363490647036541, 0.07363487294384763, 0.0736348662667935, 0.07363486482782844, 0.07363486386818097, 0.07363486376499362, 0.07363486374609995, 0.0736348637386719, 0.07363486373769257]}, "5": {"maxiter": 500, "fatol": 1e-05, "xatol": 1e-10, "duration": 0.37944602966308594, "fun": "0.07363486373741845", "nit": "490", "nfev": "860", "status": "0", "success": "True", "message": "Optimization terminated successfully.", "x": "[ 6.9907346  -0.22481059  3.29957465  3.0000092   3.92440326 -0.01465828]", "final_simplex": "(array([[ 6.9907346 , -0.22481059,  3.29957465,  3.0000092 ,  3.92440326,\n        -0.01465828],\n       [ 6.9907346 , -0.22481059,  3.29957465,  3.0000092 ,  3.92440326,\n        -0.01465828],\n       [ 6.9907346 , -0.22481059,  3.29957465,  3.0000092 ,  3.92440326,\n        -0.01465828],\n       [ 6.9907346 , -0.22481059,  3.29957465,  3.0000092 ,  3.92440326,\n        -0.01465828],\n       [ 6.9907346 , -0.22481059,  3.29957465,  3.0000092 ,  3.92440326,\n        -0.01465828],\n       [ 6.9907346 , -0.22481059,  3.29957465,  3.0000092 ,  3.92440326,\n        -0.01465828],\n       [ 6.9907346 , -0.22481059,  3.29957465,  3.0000092 ,  3.92440326,\n        -0.01465828]]), array([0.07363486, 0.07363486, 0.07363486, 0.07363486, 0.07363486,\n       0.07363486, 0.07363486]))", "callback": [0.9402078543116412, 0.5485465361612769, 0.4939202289767317, 0.436921021546269, 0.4083290040646157, 0.2879583537629662, 0.2674224588947075, 0.23593118245067068, 0.12619096436013377, 0.11009073693218652, 0.10710541138991858, 0.10605241485009875, 0.1058535037103373, 0.10562979698614616, 0.10436071659598345, 0.10081344479626186, 0.09700585332119682, 0.08440728753308835, 0.08007342410686824, 0.07758241133938282, 0.07679471421106332, 0.07541312489320928, 0.07511334803877434, 0.07436466112278584, 0.07395038127273623, 0.07371574827352712, 0.0736595252092731, 0.0736575964370283, 0.07363714310270009, 0.07363547199738507, 0.07363498173642802, 0.07363490647036541, 0.07363487294384763, 0.0736348662667935, 0.07363486482782844, 0.07363486386818097, 0.07363486376499362, 0.07363486374609995, 0.0736348637386719, 0.07363486373769257, 0.0736348637374673, 0.073634863737432, 0.07363486373742112, 0.07363486373741934, 0.07363486373741857, 0.07363486373741845, 0.07363486373741845, 0.07363486373741845, 0.07363486373741845]}, "6": {"maxiter": 500, "fatol": 1e-10, "xatol": 1e-05, "duration": 0.2861030101776123, "fun": "0.07363486373753014", "nit": "394", "nfev": "636", "status": "0", "success": "True", "message": "Optimization terminated successfully.", "x": "[ 6.99073477 -0.22480881  3.29957261  3.00000952  3.92440415 -0.01465829]", "final_simplex": "(array([[ 6.99073477, -0.22480881,  3.29957261,  3.00000952,  3.92440415,\n        -0.01465829],\n       [ 6.99073345, -0.22481199,  3.29957594,  3.00000878,  3.92440286,\n        -0.01465828],\n       [ 6.99073515, -0.22481541,  3.29957948,  3.00000921,  3.92439983,\n        -0.01465828],\n       [ 6.99073383, -0.22481461,  3.29957839,  3.00000894,  3.9244003 ,\n        -0.01465827],\n       [ 6.99073502, -0.22481703,  3.29958137,  3.00001072,  3.9243989 ,\n        -0.01465831],\n       [ 6.99073362, -0.22481242,  3.2995759 ,  3.00000986,  3.92440251,\n        -0.0146583 ],\n       [ 6.99073385, -0.22480118,  3.29956674,  3.00000759,  3.924408  ,\n        -0.01465825]]), array([0.07363486, 0.07363486, 0.07363486, 0.07363486, 0.07363486,\n       0.07363486, 0.07363486]))", "callback": [0.9402078543116412, 0.5485465361612769, 0.4939202289767317, 0.436921021546269, 0.4083290040646157, 0.2879583537629662, 0.2674224588947075, 0.23593118245067068, 0.12619096436013377, 0.11009073693218652, 0.10710541138991858, 0.10605241485009875, 0.1058535037103373, 0.10562979698614616, 0.10436071659598345, 0.10081344479626186, 0.09700585332119682, 0.08440728753308835, 0.08007342410686824, 0.07758241133938282, 0.07679471421106332, 0.07541312489320928, 0.07511334803877434, 0.07436466112278584, 0.07395038127273623, 0.07371574827352712, 0.0736595252092731, 0.0736575964370283, 0.07363714310270009, 0.07363547199738507, 0.07363498173642802, 0.07363490647036541, 0.07363487294384763, 0.0736348662667935, 0.07363486482782844, 0.07363486386818097, 0.07363486376499362, 0.07363486374609995, 0.0736348637386719, 0.07363486373769257]}, "7": {"maxiter": 500, "fatol": 1e-10, "xatol": 1e-10, "duration": 0.38428807258605957, "fun": "0.07363486373741845", "nit": "490", "nfev": "860", "status": "0", "success": "True", "message": "Optimization terminated successfully.", "x": "[ 6.9907346  -0.22481059  3.29957465  3.0000092   3.92440326 -0.01465828]", "final_simplex": "(array([[ 6.9907346 , -0.22481059,  3.29957465,  3.0000092 ,  3.92440326,\n        -0.01465828],\n       [ 6.9907346 , -0.22481059,  3.29957465,  3.0000092 ,  3.92440326,\n        -0.01465828],\n       [ 6.9907346 , -0.22481059,  3.29957465,  3.0000092 ,  3.92440326,\n        -0.01465828],\n       [ 6.9907346 , -0.22481059,  3.29957465,  3.0000092 ,  3.92440326,\n        -0.01465828],\n       [ 6.9907346 , -0.22481059,  3.29957465,  3.0000092 ,  3.92440326,\n        -0.01465828],\n       [ 6.9907346 , -0.22481059,  3.29957465,  3.0000092 ,  3.92440326,\n        -0.01465828],\n       [ 6.9907346 , -0.22481059,  3.29957465,  3.0000092 ,  3.92440326,\n        -0.01465828]]), array([0.07363486, 0.07363486, 0.07363486, 0.07363486, 0.07363486,\n       0.07363486, 0.07363486]))", "callback": [0.9402078543116412, 0.5485465361612769, 0.4939202289767317, 0.436921021546269, 0.4083290040646157, 0.2879583537629662, 0.2674224588947075, 0.23593118245067068, 0.12619096436013377, 0.11009073693218652, 0.10710541138991858, 0.10605241485009875, 0.1058535037103373, 0.10562979698614616, 0.10436071659598345, 0.10081344479626186, 0.09700585332119682, 0.08440728753308835, 0.08007342410686824, 0.07758241133938282, 0.07679471421106332, 0.07541312489320928, 0.07511334803877434, 0.07436466112278584, 0.07395038127273623, 0.07371574827352712, 0.0736595252092731, 0.0736575964370283, 0.07363714310270009, 0.07363547199738507, 0.07363498173642802, 0.07363490647036541, 0.07363487294384763, 0.0736348662667935, 0.07363486482782844, 0.07363486386818097, 0.07363486376499362, 0.07363486374609995, 0.0736348637386719, 0.07363486373769257, 0.0736348637374673, 0.073634863737432, 0.07363486373742112, 0.07363486373741934, 0.07363486373741857, 0.07363486373741845, 0.07363486373741845, 0.07363486373741845, 0.07363486373741845]}, "8": {"maxiter": 1000, "fatol": 1e-05, "xatol": 1e-05, "duration": 0.2846226692199707, "fun": "0.07363486373753014", "nit": "394", "nfev": "636", "status": "0", "success": "True", "message": "Optimization terminated successfully.", "x": "[ 6.99073477 -0.22480881  3.29957261  3.00000952  3.92440415 -0.01465829]", "final_simplex": "(array([[ 6.99073477, -0.22480881,  3.29957261,  3.00000952,  3.92440415,\n        -0.01465829],\n       [ 6.99073345, -0.22481199,  3.29957594,  3.00000878,  3.92440286,\n        -0.01465828],\n       [ 6.99073515, -0.22481541,  3.29957948,  3.00000921,  3.92439983,\n        -0.01465828],\n       [ 6.99073383, -0.22481461,  3.29957839,  3.00000894,  3.9244003 ,\n        -0.01465827],\n       [ 6.99073502, -0.22481703,  3.29958137,  3.00001072,  3.9243989 ,\n        -0.01465831],\n       [ 6.99073362, -0.22481242,  3.2995759 ,  3.00000986,  3.92440251,\n        -0.0146583 ],\n       [ 6.99073385, -0.22480118,  3.29956674,  3.00000759,  3.924408  ,\n        -0.01465825]]), array([0.07363486, 0.07363486, 0.07363486, 0.07363486, 0.07363486,\n       0.07363486, 0.07363486]))", "callback": [0.9402078543116412, 0.5485465361612769, 0.4939202289767317, 0.436921021546269, 0.4083290040646157, 0.2879583537629662, 0.2674224588947075, 0.23593118245067068, 0.12619096436013377, 0.11009073693218652, 0.10710541138991858, 0.10605241485009875, 0.1058535037103373, 0.10562979698614616, 0.10436071659598345, 0.10081344479626186, 0.09700585332119682, 0.08440728753308835, 0.08007342410686824, 0.07758241133938282, 0.07679471421106332, 0.07541312489320928, 0.07511334803877434, 0.07436466112278584, 0.07395038127273623, 0.07371574827352712, 0.0736595252092731, 0.0736575964370283, 0.07363714310270009, 0.07363547199738507, 0.07363498173642802, 0.07363490647036541, 0.07363487294384763, 0.0736348662667935, 0.07363486482782844, 0.07363486386818097, 0.07363486376499362, 0.07363486374609995, 0.0736348637386719, 0.07363486373769257]}, "9": {"maxiter": 1000, "fatol": 1e-05, "xatol": 1e-10, "duration": 0.37833189964294434, "fun": "0.07363486373741845", "nit": "490", "nfev": "860", "status": "0", "success": "True", "message": "Optimization terminated successfully.", "x": "[ 6.9907346  -0.22481059  3.29957465  3.0000092   3.92440326 -0.01465828]", "final_simplex": "(array([[ 6.9907346 , -0.22481059,  3.29957465,  3.0000092 ,  3.92440326,\n        -0.01465828],\n       [ 6.9907346 , -0.22481059,  3.29957465,  3.0000092 ,  3.92440326,\n        -0.01465828],\n       [ 6.9907346 , -0.22481059,  3.29957465,  3.0000092 ,  3.92440326,\n        -0.01465828],\n       [ 6.9907346 , -0.22481059,  3.29957465,  3.0000092 ,  3.92440326,\n        -0.01465828],\n       [ 6.9907346 , -0.22481059,  3.29957465,  3.0000092 ,  3.92440326,\n        -0.01465828],\n       [ 6.9907346 , -0.22481059,  3.29957465,  3.0000092 ,  3.92440326,\n        -0.01465828],\n       [ 6.9907346 , -0.22481059,  3.29957465,  3.0000092 ,  3.92440326,\n        -0.01465828]]), array([0.07363486, 0.07363486, 0.07363486, 0.07363486, 0.07363486,\n       0.07363486, 0.07363486]))", "callback": [0.9402078543116412, 0.5485465361612769, 0.4939202289767317, 0.436921021546269, 0.4083290040646157, 0.2879583537629662, 0.2674224588947075, 0.23593118245067068, 0.12619096436013377, 0.11009073693218652, 0.10710541138991858, 0.10605241485009875, 0.1058535037103373, 0.10562979698614616, 0.10436071659598345, 0.10081344479626186, 0.09700585332119682, 0.08440728753308835, 0.08007342410686824, 0.07758241133938282, 0.07679471421106332, 0.07541312489320928, 0.07511334803877434, 0.07436466112278584, 0.07395038127273623, 0.07371574827352712, 0.0736595252092731, 0.0736575964370283, 0.07363714310270009, 0.07363547199738507, 0.07363498173642802, 0.07363490647036541, 0.07363487294384763, 0.0736348662667935, 0.07363486482782844, 0.07363486386818097, 0.07363486376499362, 0.07363486374609995, 0.0736348637386719, 0.07363486373769257, 0.0736348637374673, 0.073634863737432, 0.07363486373742112, 0.07363486373741934, 0.07363486373741857, 0.07363486373741845, 0.07363486373741845, 0.07363486373741845, 0.07363486373741845]}, "10": {"maxiter": 1000, "fatol": 1e-10, "xatol": 1e-05, "duration": 0.28214001655578613, "fun": "0.07363486373753014", "nit": "394", "nfev": "636", "status": "0", "success": "True", "message": "Optimization terminated successfully.", "x": "[ 6.99073477 -0.22480881  3.29957261  3.00000952  3.92440415 -0.01465829]", "final_simplex": "(array([[ 6.99073477, -0.22480881,  3.29957261,  3.00000952,  3.92440415,\n        -0.01465829],\n       [ 6.99073345, -0.22481199,  3.29957594,  3.00000878,  3.92440286,\n        -0.01465828],\n       [ 6.99073515, -0.22481541,  3.29957948,  3.00000921,  3.92439983,\n        -0.01465828],\n       [ 6.99073383, -0.22481461,  3.29957839,  3.00000894,  3.9244003 ,\n        -0.01465827],\n       [ 6.99073502, -0.22481703,  3.29958137,  3.00001072,  3.9243989 ,\n        -0.01465831],\n       [ 6.99073362, -0.22481242,  3.2995759 ,  3.00000986,  3.92440251,\n        -0.0146583 ],\n       [ 6.99073385, -0.22480118,  3.29956674,  3.00000759,  3.924408  ,\n        -0.01465825]]), array([0.07363486, 0.07363486, 0.07363486, 0.07363486, 0.07363486,\n       0.07363486, 0.07363486]))", "callback": [0.9402078543116412, 0.5485465361612769, 0.4939202289767317, 0.436921021546269, 0.4083290040646157, 0.2879583537629662, 0.2674224588947075, 0.23593118245067068, 0.12619096436013377, 0.11009073693218652, 0.10710541138991858, 0.10605241485009875, 0.1058535037103373, 0.10562979698614616, 0.10436071659598345, 0.10081344479626186, 0.09700585332119682, 0.08440728753308835, 0.08007342410686824, 0.07758241133938282, 0.07679471421106332, 0.07541312489320928, 0.07511334803877434, 0.07436466112278584, 0.07395038127273623, 0.07371574827352712, 0.0736595252092731, 0.0736575964370283, 0.07363714310270009, 0.07363547199738507, 0.07363498173642802, 0.07363490647036541, 0.07363487294384763, 0.0736348662667935, 0.07363486482782844, 0.07363486386818097, 0.07363486376499362, 0.07363486374609995, 0.0736348637386719, 0.07363486373769257]}, "11": {"maxiter": 1000, "fatol": 1e-10, "xatol": 1e-10, "duration": 0.37636590003967285, "fun": "0.07363486373741845", "nit": "490", "nfev": "860", "status": "0", "success": "True", "message": "Optimization terminated successfully.", "x": "[ 6.9907346  -0.22481059  3.29957465  3.0000092   3.92440326 -0.01465828]", "final_simplex": "(array([[ 6.9907346 , -0.22481059,  3.29957465,  3.0000092 ,  3.92440326,\n        -0.01465828],\n       [ 6.9907346 , -0.22481059,  3.29957465,  3.0000092 ,  3.92440326,\n        -0.01465828],\n       [ 6.9907346 , -0.22481059,  3.29957465,  3.0000092 ,  3.92440326,\n        -0.01465828],\n       [ 6.9907346 , -0.22481059,  3.29957465,  3.0000092 ,  3.92440326,\n        -0.01465828],\n       [ 6.9907346 , -0.22481059,  3.29957465,  3.0000092 ,  3.92440326,\n        -0.01465828],\n       [ 6.9907346 , -0.22481059,  3.29957465,  3.0000092 ,  3.92440326,\n        -0.01465828],\n       [ 6.9907346 , -0.22481059,  3.29957465,  3.0000092 ,  3.92440326,\n        -0.01465828]]), array([0.07363486, 0.07363486, 0.07363486, 0.07363486, 0.07363486,\n       0.07363486, 0.07363486]))", "callback": [0.9402078543116412, 0.5485465361612769, 0.4939202289767317, 0.436921021546269, 0.4083290040646157, 0.2879583537629662, 0.2674224588947075, 0.23593118245067068, 0.12619096436013377, 0.11009073693218652, 0.10710541138991858, 0.10605241485009875, 0.1058535037103373, 0.10562979698614616, 0.10436071659598345, 0.10081344479626186, 0.09700585332119682, 0.08440728753308835, 0.08007342410686824, 0.07758241133938282, 0.07679471421106332, 0.07541312489320928, 0.07511334803877434, 0.07436466112278584, 0.07395038127273623, 0.07371574827352712, 0.0736595252092731, 0.0736575964370283, 0.07363714310270009, 0.07363547199738507, 0.07363498173642802, 0.07363490647036541, 0.07363487294384763, 0.0736348662667935, 0.07363486482782844, 0.07363486386818097, 0.07363486376499362, 0.07363486374609995, 0.0736348637386719, 0.07363486373769257, 0.0736348637374673, 0.073634863737432, 0.07363486373742112, 0.07363486373741934, 0.07363486373741857, 0.07363486373741845, 0.07363486373741845, 0.07363486373741845, 0.07363486373741845]}}, "bfgs": {"type": "gradient", "0": {"maxiter": 100, "gtol": 1e-05, "xrtol": 1e-05, "eps": 1e-05, "duration": 0.20992517471313477, "fun": "0.07363486415520715", "jac": "[ 3.43922668e-06 -1.25373045e-06  2.01529904e-06 -4.59496885e-06\n -1.71329617e-07 -1.31590294e-06]", "hess_inv": "[[109.68324466  44.8502405  -71.99710503  46.1023452   95.68164637\n  -30.43670809]\n [ 44.8502405   22.65839769 -30.07764641  16.73407162  38.47655091\n  -16.10298701]\n [-71.99710503 -30.07764641  49.77400171 -29.86974193 -64.37705772\n   20.57277778]\n [ 46.1023452   16.73407162 -29.86974193  22.46442755  39.11567337\n  -13.50855615]\n [ 95.68164637  38.47655091 -64.37705772  39.11567337  98.56131883\n  -16.42248595]\n [-30.43670809 -16.10298701  20.57277778 -13.50855615 -16.42248595\n   21.76413159]]", "nfev": "455", "njev": "65", "status": "0", "success": "True", "message": "Optimization terminated successfully.", "x": "[4.80230179 2.06460085 1.11562245 2.85155338 5.95187425 3.10107018]", "nit": "50", "callback": [0.5493754725704421, 0.534675680507595, 0.5317587358820963, 0.5040723320731928, 0.46442434530850896, 0.36322990123049737, 0.30229600207493346, 0.1949721962089258, 0.0810878749765358, 0.07604239344051833, 0.07523000136126301, 0.07516167151395636, 0.07515286256944065, 0.07513656596413354, 0.07510729296119434, 0.07505737328245066, 0.07497656593138313, 0.07484137452529804, 0.07459072191445071, 0.07440220305555822, 0.07426851912702692, 0.0740772058825947, 0.07391559246234614, 0.0739048179256061, 0.0739004452492551, 0.07389301441651708, 0.07388047863675096, 0.073860139704363, 0.07383293813472669, 0.07381843349898842, 0.07381671796035938, 0.07381591385562736, 0.0738155048475303, 0.07381480462501022, 0.0738135946431675, 0.07381152202707342, 0.07380801134672821, 0.07380207552759199, 0.07379202135408525, 0.07377632365188524, 0.07376490862838803, 0.07375794102003075, 0.07374470826823143, 0.0737200807458851, 0.07367860971126838, 0.07363772905667743, 0.07363549628842825, 0.07363491118329413, 0.07363486493775562, 0.07363486415520715]}, "1": {"maxiter": 100, "gtol": 1e-05, "xrtol": 1e-05, "eps": 1e-10, "duration": 0.199631929397583, "fun": "0.07363486429263355", "jac": "[-9.99200639e-06  2.22044587e-06 -9.99200639e-06 -4.44089173e-06\n  0.00000000e+00 -3.33066880e-06]", "hess_inv": "[[128.35290751  51.23737695 -89.21338415  54.21382741 111.2424083\n  -33.51546369]\n [ 51.23737695  25.20460809 -36.83638116  19.31104199  45.20807887\n  -15.6210557 ]\n [-89.21338415 -36.83638116  63.74536735 -37.09006007 -78.01251758\n   25.0123404 ]\n [ 54.21382741  19.31104199 -37.09006007  26.53177349  46.18250953\n  -14.66170141]\n [111.2424083   45.20807887 -78.01251758  46.18250953 111.77437066\n  -19.57339289]\n [-33.51546369 -15.6210557   25.0123404  -14.66170141 -19.57339289\n   19.97686762]]", "nfev": "455", "njev": "65", "status": "0", "success": "True", "message": "Optimization terminated successfully.", "x": "[4.83018076 2.07476361 1.1015447  2.86233227 5.95917783 3.07759189]", "nit": "49", "callback": [0.5493754190951265, 0.5346755757675021, 0.5317582427509838, 0.5040698488789095, 0.46442859809356074, 0.36325551420693536, 0.3019411191524576, 0.1941268862084532, 0.08111580934304308, 0.0760400309417032, 0.07523707757276843, 0.07516248193121733, 0.07515395941679748, 0.07513803863207158, 0.07510904431448284, 0.07505861904378108, 0.07497544221980568, 0.07483763199230042, 0.07458647246734751, 0.07439601547626573, 0.0742575247625552, 0.07406250106780454, 0.07391258966646996, 0.07390065474045937, 0.0738967827907393, 0.07389013507108144, 0.07387884352250385, 0.07386024340611941, 0.07383448197902975, 0.07381880409015018, 0.07381683227259206, 0.0738156255801602, 0.07381532994706763, 0.07381479515134193, 0.07381380409115679, 0.07381199498090285, 0.07380875298851253, 0.07380289024943121, 0.07379427112010295, 0.0737814994559377, 0.07376127522562204, 0.07373554741060173, 0.07369797517804633, 0.07365390072795874, 0.07364123315375304, 0.07363518927881185, 0.07363487512444877, 0.07363486551007403, 0.07363486429263355]}, "2": {"maxiter": 100, "gtol": 1e-05, "xrtol": 1e-10, "eps": 1e-05, "duration": 0.20739412307739258, "fun": "0.07363486415520715", "jac": "[ 3.43922668e-06 -1.25373045e-06  2.01529904e-06 -4.59496885e-06\n -1.71329617e-07 -1.31590294e-06]", "hess_inv": "[[109.68324466  44.8502405  -71.99710503  46.1023452   95.68164637\n  -30.43670809]\n [ 44.8502405   22.65839769 -30.07764641  16.73407162  38.47655091\n  -16.10298701]\n [-71.99710503 -30.07764641  49.77400171 -29.86974193 -64.37705772\n   20.57277778]\n [ 46.1023452   16.73407162 -29.86974193  22.46442755  39.11567337\n  -13.50855615]\n [ 95.68164637  38.47655091 -64.37705772  39.11567337  98.56131883\n  -16.42248595]\n [-30.43670809 -16.10298701  20.57277778 -13.50855615 -16.42248595\n   21.76413159]]", "nfev": "455", "njev": "65", "status": "0", "success": "True", "message": "Optimization terminated successfully.", "x": "[4.80230179 2.06460085 1.11562245 2.85155338 5.95187425 3.10107018]", "nit": "50", "callback": [0.5493754725704421, 0.534675680507595, 0.5317587358820963, 0.5040723320731928, 0.46442434530850896, 0.36322990123049737, 0.30229600207493346, 0.1949721962089258, 0.0810878749765358, 0.07604239344051833, 0.07523000136126301, 0.07516167151395636, 0.07515286256944065, 0.07513656596413354, 0.07510729296119434, 0.07505737328245066, 0.07497656593138313, 0.07484137452529804, 0.07459072191445071, 0.07440220305555822, 0.07426851912702692, 0.0740772058825947, 0.07391559246234614, 0.0739048179256061, 0.0739004452492551, 0.07389301441651708, 0.07388047863675096, 0.073860139704363, 0.07383293813472669, 0.07381843349898842, 0.07381671796035938, 0.07381591385562736, 0.0738155048475303, 0.07381480462501022, 0.0738135946431675, 0.07381152202707342, 0.07380801134672821, 0.07380207552759199, 0.07379202135408525, 0.07377632365188524, 0.07376490862838803, 0.07375794102003075, 0.07374470826823143, 0.0737200807458851, 0.07367860971126838, 0.07363772905667743, 0.07363549628842825, 0.07363491118329413, 0.07363486493775562, 0.07363486415520715]}, "3": {"maxiter": 100, "gtol": 1e-05, "xrtol": 1e-10, "eps": 1e-10, "duration": 0.19301700592041016, "fun": "0.07363486429263355", "jac": "[-9.99200639e-06  2.22044587e-06 -9.99200639e-06 -4.44089173e-06\n  0.00000000e+00 -3.33066880e-06]", "hess_inv": "[[128.35290751  51.23737695 -89.21338415  54.21382741 111.2424083\n  -33.51546369]\n [ 51.23737695  25.20460809 -36.83638116  19.31104199  45.20807887\n  -15.6210557 ]\n [-89.21338415 -36.83638116  63.74536735 -37.09006007 -78.01251758\n   25.0123404 ]\n [ 54.21382741  19.31104199 -37.09006007  26.53177349  46.18250953\n  -14.66170141]\n [111.2424083   45.20807887 -78.01251758  46.18250953 111.77437066\n  -19.57339289]\n [-33.51546369 -15.6210557   25.0123404  -14.66170141 -19.57339289\n   19.97686762]]", "nfev": "455", "njev": "65", "status": "0", "success": "True", "message": "Optimization terminated successfully.", "x": "[4.83018076 2.07476361 1.1015447  2.86233227 5.95917783 3.07759189]", "nit": "49", "callback": [0.5493754190951265, 0.5346755757675021, 0.5317582427509838, 0.5040698488789095, 0.46442859809356074, 0.36325551420693536, 0.3019411191524576, 0.1941268862084532, 0.08111580934304308, 0.0760400309417032, 0.07523707757276843, 0.07516248193121733, 0.07515395941679748, 0.07513803863207158, 0.07510904431448284, 0.07505861904378108, 0.07497544221980568, 0.07483763199230042, 0.07458647246734751, 0.07439601547626573, 0.0742575247625552, 0.07406250106780454, 0.07391258966646996, 0.07390065474045937, 0.0738967827907393, 0.07389013507108144, 0.07387884352250385, 0.07386024340611941, 0.07383448197902975, 0.07381880409015018, 0.07381683227259206, 0.0738156255801602, 0.07381532994706763, 0.07381479515134193, 0.07381380409115679, 0.07381199498090285, 0.07380875298851253, 0.07380289024943121, 0.07379427112010295, 0.0737814994559377, 0.07376127522562204, 0.07373554741060173, 0.07369797517804633, 0.07365390072795874, 0.07364123315375304, 0.07363518927881185, 0.07363487512444877, 0.07363486551007403, 0.07363486429263355]}, "4": {"maxiter": 100, "gtol": 1e-10, "xrtol": 1e-05, "eps": 1e-05, "duration": 0.20861482620239258, "fun": "0.07363486405313124", "jac": "[ 1.88704608e-06 -2.84756663e-06  1.15694121e-06 -2.34710029e-06\n  6.80855372e-07 -2.03514983e-06]", "hess_inv": "[[108.84089977  44.04617596 -71.68890998  46.10039381  94.82317739\n  -30.40090729]\n [ 44.04617596  22.50675096 -29.48424716  16.11272233  37.17786718\n  -16.37585258]\n [-71.68890998 -29.48424716  49.80660462 -30.16999166 -64.29578538\n   20.41051085]\n [ 46.10039381  16.11272233 -30.16999166  23.08754024  39.59572112\n  -13.19963435]\n [ 94.82317739  37.17786718 -64.29578538  39.59572112  98.05931513\n  -16.14708557]\n [-30.40090729 -16.37585258  20.41051085 -13.19963435 -16.14708557\n   21.91568143]]", "nfev": "462", "njev": "66", "status": "0", "success": "True", "message": "Optimization terminated successfully.", "x": "[4.80231523 2.06459586 1.11560888 2.85157134 5.95190181 3.10107849]", "nit": "51", "callback": [0.5493754725704421, 0.534675680507595, 0.5317587358820963, 0.5040723320731928, 0.46442434530850896, 0.36322990123049737, 0.30229600207493346, 0.1949721962089258, 0.0810878749765358, 0.07604239344051833, 0.07523000136126301, 0.07516167151395636, 0.07515286256944065, 0.07513656596413354, 0.07510729296119434, 0.07505737328245066, 0.07497656593138313, 0.07484137452529804, 0.07459072191445071, 0.07440220305555822, 0.07426851912702692, 0.0740772058825947, 0.07391559246234614, 0.0739048179256061, 0.0739004452492551, 0.07389301441651708, 0.07388047863675096, 0.073860139704363, 0.07383293813472669, 0.07381843349898842, 0.07381671796035938, 0.07381591385562736, 0.0738155048475303, 0.07381480462501022, 0.0738135946431675, 0.07381152202707342, 0.07380801134672821, 0.07380207552759199, 0.07379202135408525, 0.07377632365188524, 0.07376490862838803, 0.07375794102003075, 0.07374470826823143, 0.0737200807458851, 0.07367860971126838, 0.07363772905667743, 0.07363549628842825, 0.07363491118329413, 0.07363486493775562, 0.07363486415520715, 0.07363486405313124]}, "5": {"maxiter": 100, "gtol": 1e-10, "xrtol": 1e-05, "eps": 1e-10, "duration": 0.22220492362976074, "fun": "0.07363486427185362", "jac": "[-8.88178346e-06  2.22044587e-06 -1.22124523e-05 -3.33066880e-06\n -2.22044587e-06 -4.44089173e-06]", "hess_inv": "[[1053.44226366  494.4831116  -811.21927449  423.84320604  959.72962877\n  -354.20364678]\n [ 494.4831116   235.34996878 -380.85026099  197.47726686  451.71307998\n  -166.46567734]\n [-811.21927449 -380.85026099  625.58607158 -326.49314611 -740.20004382\n   272.87365193]\n [ 423.84320604  197.47726686 -326.49314611  173.71493896  385.22265056\n  -144.13443394]\n [ 959.72962877  451.71307998 -740.20004382  385.22265056  890.00186679\n  -313.65944988]\n [-354.20364678 -166.46567734  272.87365193 -144.13443394 -313.65944988\n   127.60725651]]", "nfev": "497", "njev": "71", "status": "0", "success": "True", "message": "Optimization terminated successfully.", "x": "[4.83022439 2.07478377 1.10151129 2.86235006 5.95921783 3.07757771]", "nit": "50", "callback": [0.5493754190951265, 0.5346755757675021, 0.5317582427509838, 0.5040698488789095, 0.46442859809356074, 0.36325551420693536, 0.3019411191524576, 0.1941268862084532, 0.08111580934304308, 0.0760400309417032, 0.07523707757276843, 0.07516248193121733, 0.07515395941679748, 0.07513803863207158, 0.07510904431448284, 0.07505861904378108, 0.07497544221980568, 0.07483763199230042, 0.07458647246734751, 0.07439601547626573, 0.0742575247625552, 0.07406250106780454, 0.07391258966646996, 0.07390065474045937, 0.0738967827907393, 0.07389013507108144, 0.07387884352250385, 0.07386024340611941, 0.07383448197902975, 0.07381880409015018, 0.07381683227259206, 0.0738156255801602, 0.07381532994706763, 0.07381479515134193, 0.07381380409115679, 0.07381199498090285, 0.07380875298851253, 0.07380289024943121, 0.07379427112010295, 0.0737814994559377, 0.07376127522562204, 0.07373554741060173, 0.07369797517804633, 0.07365390072795874, 0.07364123315375304, 0.07363518927881185, 0.07363487512444877, 0.07363486551007403, 0.07363486429263355, 0.07363486427185362]}, "6": {"maxiter": 100, "gtol": 1e-10, "xrtol": 1e-10, "eps": 1e-05, "duration": 0.29910802841186523, "fun": "0.07363486402496844", "jac": "[ 3.78042042e-07 -4.97974995e-06  7.91056110e-07  2.05702122e-07\n  1.81783477e-06 -2.99307246e-06]", "hess_inv": "[[ 520.27996106  218.04756986 -264.17142689  171.10287495  156.44905974\n  -412.99836611]\n [ 218.04756986   94.27129723 -111.74576061   71.1610701    66.68440534\n  -175.32927642]\n [-264.17142689 -111.74576061  139.3782908   -87.5853511   -91.33013778\n   200.87532731]\n [ 171.10287495   71.1610701   -87.5853511    58.43148746   54.1070482\n  -132.91948569]\n [ 156.44905974   66.68440534  -91.33013778   54.1070482   100.36599467\n   -79.15615332]\n [-412.99836611 -175.32927642  200.87532731 -132.91948569  -79.15615332\n   372.99377631]]", "nfev": "663", "njev": "93", "status": "2", "success": "False", "message": "Desired error not necessarily achieved due to precision loss.", "x": "[4.80219306 2.06453957 1.11566454 2.85153951 5.95189072 3.10119809]", "nit": "53", "callback": [0.5493754725704421, 0.534675680507595, 0.5317587358820963, 0.5040723320731928, 0.46442434530850896, 0.36322990123049737, 0.30229600207493346, 0.1949721962089258, 0.0810878749765358, 0.07604239344051833, 0.07523000136126301, 0.07516167151395636, 0.07515286256944065, 0.07513656596413354, 0.07510729296119434, 0.07505737328245066, 0.07497656593138313, 0.07484137452529804, 0.07459072191445071, 0.07440220305555822, 0.07426851912702692, 0.0740772058825947, 0.07391559246234614, 0.0739048179256061, 0.0739004452492551, 0.07389301441651708, 0.07388047863675096, 0.073860139704363, 0.07383293813472669, 0.07381843349898842, 0.07381671796035938, 0.07381591385562736, 0.0738155048475303, 0.07381480462501022, 0.0738135946431675, 0.07381152202707342, 0.07380801134672821, 0.07380207552759199, 0.07379202135408525, 0.07377632365188524, 0.07376490862838803, 0.07375794102003075, 0.07374470826823143, 0.0737200807458851, 0.07367860971126838, 0.07363772905667743, 0.07363549628842825, 0.07363491118329413, 0.07363486493775562, 0.07363486415520715, 0.07363486405313124, 0.0736348640391522, 0.07363486402496844]}, "7": {"maxiter": 100, "gtol": 1e-10, "xrtol": 1e-10, "eps": 1e-10, "duration": 0.25056886672973633, "fun": "0.07363486399626851", "jac": "[-4.44089173e-06 -2.22044587e-06 -2.22044587e-06  0.00000000e+00\n  0.00000000e+00 -2.22044587e-06]", "hess_inv": "[[ 44.34344532  42.48474293 -40.13498005  -2.98811192  34.20134843\n  -25.15777813]\n [ 42.48474293  43.42729116 -39.50162806  -3.28776138  32.51370599\n  -26.42404313]\n [-40.13498005 -39.50162806  37.55188797   3.35098464 -31.4554247\n   23.54831998]\n [ -2.98811192  -3.28776138   3.35098464   1.81197074  -1.67296891\n    2.05526333]\n [ 34.20134843  32.51370599 -31.4554247   -1.67296891  32.0455305\n  -17.3019645 ]\n [-25.15777813 -26.42404313  23.54831998   2.05526333 -17.3019645\n   17.96094915]]", "nfev": "574", "njev": "82", "status": "0", "success": "True", "message": "Optimization terminated successfully.", "x": "[4.83020538 2.07474442 1.10154465 2.8623633  5.95921809 3.07762135]", "nit": "54", "callback": [0.5493754190951265, 0.5346755757675021, 0.5317582427509838, 0.5040698488789095, 0.46442859809356074, 0.36325551420693536, 0.3019411191524576, 0.1941268862084532, 0.08111580934304308, 0.0760400309417032, 0.07523707757276843, 0.07516248193121733, 0.07515395941679748, 0.07513803863207158, 0.07510904431448284, 0.07505861904378108, 0.07497544221980568, 0.07483763199230042, 0.07458647246734751, 0.07439601547626573, 0.0742575247625552, 0.07406250106780454, 0.07391258966646996, 0.07390065474045937, 0.0738967827907393, 0.07389013507108144, 0.07387884352250385, 0.07386024340611941, 0.07383448197902975, 0.07381880409015018, 0.07381683227259206, 0.0738156255801602, 0.07381532994706763, 0.07381479515134193, 0.07381380409115679, 0.07381199498090285, 0.07380875298851253, 0.07380289024943121, 0.07379427112010295, 0.0737814994559377, 0.07376127522562204, 0.07373554741060173, 0.07369797517804633, 0.07365390072795874, 0.07364123315375304, 0.07363518927881185, 0.07363487512444877, 0.07363486551007403, 0.07363486429263355, 0.07363486427185362, 0.07363486423897281, 0.07363486399708474, 0.07363486399626851, 0.07363486399