{"date": "2024/09/25/, 11:31:52", "conf_id": 217, "data_type": "non_lin_ind\n", "num_data_points": 3, "s_rank": 0, "unitary": "[[0.18663085-0.53122324j,-0.11886349-0.70040876j,0.28555095-0.02789305j,-0.12262021-0.2844587j],[-0.16702216+0.27758472j,0.27526351-0.29738586j,-0.01109314+0.22495461j,-0.77239203+0.28900673j],[0.61935415+0.12301792j,-0.31269928-0.03315917j,-0.61902762-0.19039079j,-0.27120731-0.0968989j],[0.42341754+0.0023929j,-0.05847358+0.47832119j,0.64900495-0.16218422j,-0.37182676-0.05229966j]]", "databatch_0": {"databatch": "[[[0.02079531+0.00414717j,-0.23930047-0.05742284j,0.18535175-0.07112698j,0.13437796+0.14455843j],[0.34638613+0.12688123j,-0.01031967+0.09886619j,-0.17962292-0.01143412j,0.10960239-0.0379601j],[-0.45649409+0.03939284j,0.07730704-0.14048982j,0.03946346+0.06231925j,-0.1667098+0.08952086j],[-0.1858139+0.20055548j,0.28390512+0.27017118j,-0.30231223-0.19570945j,0.0118299-0.18365469j]],[[0.07098582+0.10843968j,-0.07824244-0.27256847j,-0.07252513+0.18032145j,-0.17373271+0.0676401j],[-0.03623833-0.05632368j,0.53037773-0.16753229j,-0.19312835-0.17572125j,0.14333562-0.23240485j],[-0.23359149+0.20391383j,0.17770347-0.09870426j,-0.14432536-0.2134394j,-0.04313735-0.01826931j],[0.03298631+0.2947736j,-0.13354208-0.23932914j,-0.01118854+0.00177811j,0.04148467-0.05174108j]],[[0.0195084+0.11275459j,-0.04971393+0.07918635j,-0.16479553+0.09199696j,0.15256629+0.21339885j],[0.17074734+0.10866906j,-0.28573028-0.3309444j,0.08790117-0.00379574j,0.15649529+0.207615j],[-0.02651245-0.26766343j,0.01202691+0.2787538j,0.24083866+0.07333823j,0.04858493-0.00133057j],[-0.47249306+0.02151082j,-0.32345954-0.01209653j,-0.06638211-0.01623966j,-0.05789586-0.11754109j]]]", "initial param values": "[0.13087034,3.23998917,2.0219676,2.54796996,2.09468964,4.83773415]", "nelder_mead": {"type": "gradient-free", "0": {"maxiter": 100, "fatol": 1e-05, "xatol": 1e-05, "duration": 0.038233041763305664, "fun": "0.4273243028171726", "nit": "100", "nfev": "158", "status": "2", "success": "False", "message": "Maximum number of iterations has been exceeded.", "x": "[0.29065585 0.60046019 3.77375751 2.75430522 1.03367991 3.00555586]", "final_simplex": "(array([[0.29065585, 0.60046019, 3.77375751, 2.75430522, 1.03367991,\n        3.00555586],\n       [0.29163282, 0.62443766, 3.74583439, 2.74715983, 1.06747453,\n        3.13560342],\n       [0.29678612, 0.52834917, 3.78175608, 2.68437381, 1.09530447,\n        3.04758892],\n       [0.28467947, 0.61469595, 3.66037071, 2.74007375, 1.17768146,\n        3.17256539],\n       [0.29378618, 0.46198936, 3.84912741, 2.75692881, 1.01501071,\n        3.02062387],\n       [0.28256262, 0.5891215 , 3.77359448, 2.75931762, 1.08981691,\n        3.0458242 ],\n       [0.28537395, 0.58058948, 3.77392718, 2.71769395, 1.08627044,\n        3.1432599 ]]), array([0.4273243 , 0.42749166, 0.42795209, 0.4281257 , 0.42943019,\n       0.42950254, 0.42988778]))", "callback": [0.6074131161673719, 0.5128262175333258, 0.5009762533193112, 0.49141931412936524, 0.4885398634288778, 0.48221790117844143, 0.46610121022257456, 0.4364585052608434, 0.43092009045482915, 0.42988777625361063]}, "1": {"maxiter": 100, "fatol": 1e-05, "xatol": 1e-10, "duration": 0.0359797477722168, "fun": "0.4273243028171726", "nit": "100", "nfev": "158", "status": "2", "success": "False", "message": "Maximum number of iterations has been exceeded.", "x": "[0.29065585 0.60046019 3.77375751 2.75430522 1.03367991 3.00555586]", "final_simplex": "(array([[0.29065585, 0.60046019, 3.77375751, 2.75430522, 1.03367991,\n        3.00555586],\n       [0.29163282, 0.62443766, 3.74583439, 2.74715983, 1.06747453,\n        3.13560342],\n       [0.29678612, 0.52834917, 3.78175608, 2.68437381, 1.09530447,\n        3.04758892],\n       [0.28467947, 0.61469595, 3.66037071, 2.74007375, 1.17768146,\n        3.17256539],\n       [0.29378618, 0.46198936, 3.84912741, 2.75692881, 1.01501071,\n        3.02062387],\n       [0.28256262, 0.5891215 , 3.77359448, 2.75931762, 1.08981691,\n        3.0458242 ],\n       [0.28537395, 0.58058948, 3.77392718, 2.71769395, 1.08627044,\n        3.1432599 ]]), array([0.4273243 , 0.42749166, 0.42795209, 0.4281257 , 0.42943019,\n       0.42950254, 0.42988778]))", "callback": [0.6074131161673719, 0.5128262175333258, 0.5009762533193112, 0.49141931412936524, 0.4885398634288778, 0.48221790117844143, 0.46610121022257456, 0.4364585052608434, 0.43092009045482915, 0.42988777625361063]}, "2": {"maxiter": 100, "fatol": 1e-10, "xatol": 1e-05, "duration": 0.03635525703430176, "fun": "0.4273243028171726", "nit": "100", "nfev": "158", "status": "2", "success": "False", "message": "Maximum number of iterations has been exceeded.", "x": "[0.29065585 0.60046019 3.77375751 2.75430522 1.03367991 3.00555586]", "final_simplex": "(array([[0.29065585, 0.60046019, 3.77375751, 2.75430522, 1.03367991,\n        3.00555586],\n       [0.29163282, 0.62443766, 3.74583439, 2.74715983, 1.06747453,\n        3.13560342],\n       [0.29678612, 0.52834917, 3.78175608, 2.68437381, 1.09530447,\n        3.04758892],\n       [0.28467947, 0.61469595, 3.66037071, 2.74007375, 1.17768146,\n        3.17256539],\n       [0.29378618, 0.46198936, 3.84912741, 2.75692881, 1.01501071,\n        3.02062387],\n       [0.28256262, 0.5891215 , 3.77359448, 2.75931762, 1.08981691,\n        3.0458242 ],\n       [0.28537395, 0.58058948, 3.77392718, 2.71769395, 1.08627044,\n        3.1432599 ]]), array([0.4273243 , 0.42749166, 0.42795209, 0.4281257 , 0.42943019,\n       0.42950254, 0.42988778]))", "callback": [0.6074131161673719, 0.5128262175333258, 0.5009762533193112, 0.49141931412936524, 0.4885398634288778, 0.48221790117844143, 0.46610121022257456, 0.4364585052608434, 0.43092009045482915, 0.42988777625361063]}, "3": {"maxiter": 100, "fatol": 1e-10, "xatol": 1e-10, "duration": 0.03646397590637207, "fun": "0.4273243028171726", "nit": "100", "nfev": "158", "status": "2", "success": "False", "message": "Maximum number of iterations has been exceeded.", "x": "[0.29065585 0.60046019 3.77375751 2.75430522 1.03367991 3.00555586]", "final_simplex": "(array([[0.29065585, 0.60046019, 3.77375751, 2.75430522, 1.03367991,\n        3.00555586],\n       [0.29163282, 0.62443766, 3.74583439, 2.74715983, 1.06747453,\n        3.13560342],\n       [0.29678612, 0.52834917, 3.78175608, 2.68437381, 1.09530447,\n        3.04758892],\n       [0.28467947, 0.61469595, 3.66037071, 2.74007375, 1.17768146,\n        3.17256539],\n       [0.29378618, 0.46198936, 3.84912741, 2.75692881, 1.01501071,\n        3.02062387],\n       [0.28256262, 0.5891215 , 3.77359448, 2.75931762, 1.08981691,\n        3.0458242 ],\n       [0.28537395, 0.58058948, 3.77392718, 2.71769395, 1.08627044,\n        3.1432599 ]]), array([0.4273243 , 0.42749166, 0.42795209, 0.4281257 , 0.42943019,\n       0.42950254, 0.42988778]))", "callback": [0.6074131161673719, 0.5128262175333258, 0.5009762533193112, 0.49141931412936524, 0.4885398634288778, 0.48221790117844143, 0.46610121022257456, 0.4364585052608434, 0.43092009045482915, 0.42988777625361063]}, "4": {"maxiter": 500, "fatol": 1e-05, "xatol": 1e-05, "duration": 0.17241811752319336, "fun": "0.3208359797360275", "nit": "473", "nfev": "746", "status": "0", "success": "True", "message": "Optimization terminated successfully.", "x": "[1.1342348  0.89788069 3.36971199 2.66399276 0.59428738 2.73297821]", "final_simplex": "(array([[1.1342348 , 0.89788069, 3.36971199, 2.66399276, 0.59428738,\n        2.73297821],\n       [1.13423635, 0.89788178, 3.36971309, 2.66399532, 0.59428175,\n        2.73297201],\n       [1.13423362, 0.89788174, 3.36970997, 2.6639911 , 0.59428133,\n        2.73297074],\n       [1.13423641, 0.89788095, 3.36971191, 2.66399365, 0.59428025,\n        2.73297559],\n       [1.13423365, 0.89788437, 3.36970954, 2.66399442, 0.59428495,\n        2.73297559],\n       [1.13423213, 0.89787789, 3.36971111, 2.66399372, 0.59427832,\n        2.73297029],\n       [1.13423321, 0.89788187, 3.36971288, 2.66399381, 0.59427911,\n        2.73297125]]), array([0.32083598, 0.32083598, 0.32083598, 0.32083598, 0.32083598,\n       0.32083598, 0.32083598]))", "callback": [0.6074131161673719, 0.5128262175333258, 0.5009762533193112, 0.49141931412936524, 0.4885398634288778, 0.48221790117844143, 0.46610121022257456, 0.4364585052608434, 0.43092009045482915, 0.42988777625361063, 0.42454303473054034, 0.40109017657190416, 0.3774196369315824, 0.3719698993555324, 0.37087896471999715, 0.3705202558100976, 0.370197281355356, 0.36967978659350365, 0.36767951300129686, 0.36008656682422735, 0.35701773511087287, 0.34790275438259866, 0.3290250589901844, 0.32534440434952705, 0.322700788442034, 0.32167766856190905, 0.3214573278753904, 0.3210585667915975, 0.3209548826786218, 0.3208992806796339, 0.3208624747638238, 0.3208453683019631, 0.320837961040804, 0.3208366402194778, 0.3208362129197724, 0.3208360424126194, 0.32083600108045207, 0.3208359868128151, 0.3208359837083917, 0.320835983032688, 0.32083598207696074, 0.32083598145177517, 0.3208359801465668, 0.32083597984498724, 0.32083597981566603, 0.320835979739325, 0.320835979739325, 0.32083597973737354]}, "5": {"maxiter": 500, "fatol": 1e-05, "xatol": 1e-10, "duration": 0.18306612968444824, "fun": "0.32083597973441436", "nit": "500", "nfev": "793", "status": "2", "success": "False", "message": "Maximum number of iterations has been exceeded.", "x": "[1.13423635 0.89787978 3.36971065 2.66399278 0.59428363 2.73297446]", "final_simplex": "(array([[1.13423635, 0.89787978, 3.36971065, 2.66399278, 0.59428363,\n        2.73297446],\n       [1.13423636, 0.89788019, 3.36970987, 2.6639929 , 0.59428296,\n        2.73297393],\n       [1.13423631, 0.89788017, 3.36971014, 2.66399305, 0.59428399,\n        2.73297421],\n       [1.13423671, 0.89787965, 3.36971063, 2.66399287, 0.59428407,\n        2.73297461],\n       [1.13423674, 0.89787944, 3.36971071, 2.66399299, 0.59428344,\n        2.73297366],\n       [1.13423644, 0.89788001, 3.36971063, 2.66399258, 0.59428317,\n        2.73297358],\n       [1.13423609, 0.89787987, 3.36971022, 2.6639925 , 0.59428412,\n        2.7329748 ]]), array([0.32083598, 0.32083598, 0.32083598, 0.32083598, 0.32083598,\n       0.32083598, 0.32083598]))", "callback": [0.6074131161673719, 0.5128262175333258, 0.5009762533193112, 0.49141931412936524, 0.4885398634288778, 0.48221790117844143, 0.46610121022257456, 0.4364585052608434, 0.43092009045482915, 0.42988777625361063, 0.42454303473054034, 0.40109017657190416, 0.3774196369315824, 0.3719698993555324, 0.37087896471999715, 0.3705202558100976, 0.370197281355356, 0.36967978659350365, 0.36767951300129686, 0.36008656682422735, 0.35701773511087287, 0.34790275438259866, 0.3290250589901844, 0.32534440434952705, 0.322700788442034, 0.32167766856190905, 0.3214573278753904, 0.3210585667915975, 0.3209548826786218, 0.3208992806796339, 0.3208624747638238, 0.3208453683019631, 0.320837961040804, 0.3208366402194778, 0.3208362129197724, 0.3208360424126194, 0.32083600108045207, 0.3208359868128151, 0.3208359837083917, 0.320835983032688, 0.32083598207696074, 0.32083598145177517, 0.3208359801465668, 0.32083597984498724, 0.32083597981566603, 0.320835979739325, 0.320835979739325, 0.32083597973737354, 0.3208359797347412, 0.3208359797344217]}, "6": {"maxiter": 500, "fatol": 1e-10, "xatol": 1e-05, "duration": 0.18297386169433594, "fun": "0.3208359797360275", "nit": "473", "nfev": "746", "status": "0", "success": "True", "message": "Optimization terminated successfully.", "x": "[1.1342348  0.89788069 3.36971199 2.66399276 0.59428738 2.73297821]", "final_simplex": "(array([[1.1342348 , 0.89788069, 3.36971199, 2.66399276, 0.59428738,\n        2.73297821],\n       [1.13423635, 0.89788178, 3.36971309, 2.66399532, 0.59428175,\n        2.73297201],\n       [1.13423362, 0.89788174, 3.36970997, 2.6639911 , 0.59428133,\n        2.73297074],\n       [1.13423641, 0.89788095, 3.36971191, 2.66399365, 0.59428025,\n        2.73297559],\n       [1.13423365, 0.89788437, 3.36970954, 2.66399442, 0.59428495,\n        2.73297559],\n       [1.13423213, 0.89787789, 3.36971111, 2.66399372, 0.59427832,\n        2.73297029],\n       [1.13423321, 0.89788187, 3.36971288, 2.66399381, 0.59427911,\n        2.73297125]]), array([0.32083598, 0.32083598, 0.32083598, 0.32083598, 0.32083598,\n       0.32083598, 0.32083598]))", "callback": [0.6074131161673719, 0.5128262175333258, 0.5009762533193112, 0.49141931412936524, 0.4885398634288778, 0.48221790117844143, 0.46610121022257456, 0.4364585052608434, 0.43092009045482915, 0.42988777625361063, 0.42454303473054034, 0.40109017657190416, 0.3774196369315824, 0.3719698993555324, 0.37087896471999715, 0.3705202558100976, 0.370197281355356, 0.36967978659350365, 0.36767951300129686, 0.36008656682422735, 0.35701773511087287, 0.34790275438259866, 0.3290250589901844, 0.32534440434952705, 0.322700788442034, 0.32167766856190905, 0.3214573278753904, 0.3210585667915975, 0.3209548826786218, 0.3208992806796339, 0.3208624747638238, 0.3208453683019631, 0.320837961040804, 0.3208366402194778, 0.3208362129197724, 0.3208360424126194, 0.32083600108045207, 0.3208359868128151, 0.3208359837083917, 0.320835983032688, 0.32083598207696074, 0.32083598145177517, 0.3208359801465668, 0.32083597984498724, 0.32083597981566603, 0.320835979739325, 0.320835979739325, 0.32083597973737354]}, "7": {"maxiter": 500, "fatol": 1e-10, "xatol": 1e-10, "duration": 0.18399620056152344, "fun": "0.32083597973441436", "nit": "500", "nfev": "793", "status": "2", "success": "False", "message": "Maximum number of iterations has been exceeded.", "x": "[1.13423635 0.89787978 3.36971065 2.66399278 0.59428363 2.73297446]", "final_simplex": "(array([[1.13423635, 0.89787978, 3.36971065, 2.66399278, 0.59428363,\n        2.73297446],\n       [1.13423636, 0.89788019, 3.36970987, 2.6639929 , 0.59428296,\n        2.73297393],\n       [1.13423631, 0.89788017, 3.36971014, 2.66399305, 0.59428399,\n        2.73297421],\n       [1.13423671, 0.89787965, 3.36971063, 2.66399287, 0.59428407,\n        2.73297461],\n       [1.13423674, 0.89787944, 3.36971071, 2.66399299, 0.59428344,\n        2.73297366],\n       [1.13423644, 0.89788001, 3.36971063, 2.66399258, 0.59428317,\n        2.73297358],\n       [1.13423609, 0.89787987, 3.36971022, 2.6639925 , 0.59428412,\n        2.7329748 ]]), array([0.32083598, 0.32083598, 0.32083598, 0.32083598, 0.32083598,\n       0.32083598, 0.32083598]))", "callback": [0.6074131161673719, 0.5128262175333258, 0.5009762533193112, 0.49141931412936524, 0.4885398634288778, 0.48221790117844143, 0.46610121022257456, 0.4364585052608434, 0.43092009045482915, 0.42988777625361063, 0.42454303473054034, 0.40109017657190416, 0.3774196369315824, 0.3719698993555324, 0.37087896471999715, 0.3705202558100976, 0.370197281355356, 0.36967978659350365, 0.36767951300129686, 0.36008656682422735, 0.35701773511087287, 0.34790275438259866, 0.3290250589901844, 0.32534440434952705, 0.322700788442034, 0.32167766856190905, 0.3214573278753904, 0.3210585667915975, 0.3209548826786218, 0.3208992806796339, 0.3208624747638238, 0.3208453683019631, 0.320837961040804, 0.3208366402194778, 0.3208362129197724, 0.3208360424126194, 0.32083600108045207, 0.3208359868128151, 0.3208359837083917, 0.320835983032688, 0.32083598207696074, 0.32083598145177517, 0.3208359801465668, 0.32083597984498724, 0.32083597981566603, 0.320835979739325, 0.320835979739325, 0.32083597973737354, 0.3208359797347412, 0.3208359797344217]}, "8": {"maxiter": 1000, "fatol": 1e-05, "xatol": 1e-05, "duration": 0.17814278602600098, "fun": "0.3208359797360275", "nit": "473", "nfev": "746", "status": "0", "success": "True", "message": "Optimization terminated successfully.", "x": "[1.1342348  0.89788069 3.36971199 2.66399276 0.59428738 2.73297821]", "final_simplex": "(array([[1.1342348 , 0.89788069, 3.36971199, 2.66399276, 0.59428738,\n        2.73297821],\n       [1.13423635, 0.89788178, 3.36971309, 2.66399532, 0.59428175,\n        2.73297201],\n       [1.13423362, 0.89788174, 3.36970997, 2.6639911 , 0.59428133,\n        2.73297074],\n       [1.13423641, 0.89788095, 3.36971191, 2.66399365, 0.59428025,\n        2.73297559],\n       [1.13423365, 0.89788437, 3.36970954, 2.66399442, 0.59428495,\n        2.73297559],\n       [1.13423213, 0.89787789, 3.36971111, 2.66399372, 0.59427832,\n        2.73297029],\n       [1.13423321, 0.89788187, 3.36971288, 2.66399381, 0.59427911,\n        2.73297125]]), array([0.32083598, 0.32083598, 0.32083598, 0.32083598, 0.32083598,\n       0.32083598, 0.32083598]))", "callback": [0.6074131161673719, 0.5128262175333258, 0.5009762533193112, 0.49141931412936524, 0.4885398634288778, 0.48221790117844143, 0.46610121022257456, 0.4364585052608434, 0.43092009045482915, 0.42988777625361063, 0.42454303473054034, 0.40109017657190416, 0.3774196369315824, 0.3719698993555324, 0.37087896471999715, 0.3705202558100976, 0.370197281355356, 0.36967978659350365, 0.36767951300129686, 0.36008656682422735, 0.35701773511087287, 0.34790275438259866, 0.3290250589901844, 0.32534440434952705, 0.322700788442034, 0.32167766856190905, 0.3214573278753904, 0.3210585667915975, 0.3209548826786218, 0.3208992806796339, 0.3208624747638238, 0.3208453683019631, 0.320837961040804, 0.3208366402194778, 0.3208362129197724, 0.3208360424126194, 0.32083600108045207, 0.3208359868128151, 0.3208359837083917, 0.320835983032688, 0.32083598207696074, 0.32083598145177517, 0.3208359801465668, 0.32083597984498724, 0.32083597981566603, 0.320835979739325, 0.320835979739325, 0.32083597973737354]}, "9": {"maxiter": 1000, "fatol": 1e-05, "xatol": 1e-10, "duration": 0.22772789001464844, "fun": "0.32083597973436706", "nit": "573", "nfev": "969", "status": "0", "success": "True", "message": "Optimization terminated successfully.", "x": "[1.13423649 0.89787987 3.36971032 2.66399306 0.59428307 2.73297373]", "final_simplex": "(array([[1.13423649, 0.89787987, 3.36971032, 2.66399306, 0.59428307,\n        2.73297373],\n       [1.13423649, 0.89787987, 3.36971032, 2.66399306, 0.59428307,\n        2.73297373],\n       [1.13423649, 0.89787987, 3.36971032, 2.66399306, 0.59428307,\n        2.73297373],\n       [1.13423649, 0.89787987, 3.36971032, 2.66399306, 0.59428307,\n        2.73297373],\n       [1.13423649, 0.89787987, 3.36971032, 2.66399306, 0.59428307,\n        2.73297373],\n       [1.13423649, 0.89787987, 3.36971032, 2.66399306, 0.59428307,\n        2.73297373],\n       [1.13423649, 0.89787987, 3.36971032, 2.66399306, 0.59428307,\n        2.73297373]]), array([0.32083598, 0.32083598, 0.32083598, 0.32083598, 0.32083598,\n       0.32083598, 0.32083598]))", "callback": [0.6074131161673719, 0.5128262175333258, 0.5009762533193112, 0.49141931412936524, 0.4885398634288778, 0.48221790117844143, 0.46610121022257456, 0.4364585052608434, 0.43092009045482915, 0.42988777625361063, 0.42454303473054034, 0.40109017657190416, 0.3774196369315824, 0.3719698993555324, 0.37087896471999715, 0.3705202558100976, 0.370197281355356, 0.36967978659350365, 0.36767951300129686, 0.36008656682422735, 0.35701773511087287, 0.34790275438259866, 0.3290250589901844, 0.32534440434952705, 0.322700788442034, 0.32167766856190905, 0.3214573278753904, 0.3210585667915975, 0.3209548826786218, 0.3208992806796339, 0.3208624747638238, 0.3208453683019631, 0.320837961040804, 0.3208366402194778, 0.3208362129197724, 0.3208360424126194, 0.32083600108045207, 0.3208359868128151, 0.3208359837083917, 0.320835983032688, 0.32083598207696074, 0.32083598145177517, 0.3208359801465668, 0.32083597984498724, 0.32083597981566603, 0.320835979739325, 0.320835979739325, 0.32083597973737354, 0.3208359797347412, 0.3208359797344217, 0.32083597973441436, 0.32083597973437505, 0.3208359797343693, 0.3208359797343675, 0.32083597973436706, 0.32083597973436706, 0.32083597973436706, 0.32083597973436706]}, "10": {"maxiter": 1000, "fatol": 1e-10, "xatol": 1e-05, "duration": 0.1708970069885254, "fun": "0.3208359797360275", "nit": "473", "nfev": "746", "status": "0", "success": "True", "message": "Optimization terminated successfully.", "x": "[1.1342348  0.89788069 3.36971199 2.66399276 0.59428738 2.73297821]", "final_simplex": "(array([[1.1342348 , 0.89788069, 3.36971199, 2.66399276, 0.59428738,\n        2.73297821],\n       [1.13423635, 0.89788178, 3.36971309, 2.66399532, 0.59428175,\n        2.73297201],\n       [1.13423362, 0.89788174, 3.36970997, 2.6639911 , 0.59428133,\n        2.73297074],\n       [1.13423641, 0.89788095, 3.36971191, 2.66399365, 0.59428025,\n        2.73297559],\n       [1.13423365, 0.89788437, 3.36970954, 2.66399442, 0.59428495,\n        2.73297559],\n       [1.13423213, 0.89787789, 3.36971111, 2.66399372, 0.59427832,\n        2.73297029],\n       [1.13423321, 0.89788187, 3.36971288, 2.66399381, 0.59427911,\n        2.73297125]]), array([0.32083598, 0.32083598, 0.32083598, 0.32083598, 0.32083598,\n       0.32083598, 0.32083598]))", "callback": [0.6074131161673719, 0.5128262175333258, 0.5009762533193112, 0.49141931412936524, 0.4885398634288778, 0.48221790117844143, 0.46610121022257456, 0.4364585052608434, 0.43092009045482915, 0.42988777625361063, 0.42454303473054034, 0.40109017657190416, 0.3774196369315824, 0.3719698993555324, 0.37087896471999715, 0.3705202558100976, 0.370197281355356, 0.36967978659350365, 0.36767951300129686, 0.36008656682422735, 0.35701773511087287, 0.34790275438259866, 0.3290250589901844, 0.32534440434952705, 0.322700788442034, 0.32167766856190905, 0.3214573278753904, 0.3210585667915975, 0.3209548826786218, 0.3208992806796339, 0.3208624747638238, 0.3208453683019631, 0.320837961040804, 0.3208366402194778, 0.3208362129197724, 0.3208360424126194, 0.32083600108045207, 0.3208359868128151, 0.3208359837083917, 0.320835983032688, 0.32083598207696074, 0.32083598145177517, 0.3208359801465668, 0.32083597984498724, 0.32083597981566603, 0.320835979739325, 0.320835979739325, 0.32083597973737354]}, "11": {"maxiter": 1000, "fatol": 1e-10, "xatol": 1e-10, "duration": 0.22026586532592773, "fun": "0.32083597973436706", "nit": "573", "nfev": "969", "status": "0", "success": "True", "message": "Optimization terminated successfully.", "x": "[1.13423649 0.89787987 3.36971032 2.66399306 0.59428307 2.73297373]", "final_simplex": "(array([[1.13423649, 0.89787987, 3.36971032, 2.66399306, 0.59428307,\n        2.73297373],\n       [1.13423649, 0.89787987, 3.36971032, 2.66399306, 0.59428307,\n        2.73297373],\n       [1.13423649, 0.89787987, 3.36971032, 2.66399306, 0.59428307,\n        2.73297373],\n       [1.13423649, 0.89787987, 3.36971032, 2.66399306, 0.59428307,\n        2.73297373],\n       [1.13423649, 0.89787987, 3.36971032, 2.66399306, 0.59428307,\n        2.73297373],\n       [1.13423649, 0.89787987, 3.36971032, 2.66399306, 0.59428307,\n        2.73297373],\n       [1.13423649, 0.89787987, 3.36971032, 2.66399306, 0.59428307,\n        2.73297373]]), array([0.32083598, 0.32083598, 0.32083598, 0.32083598, 0.32083598,\n       0.32083598, 0.32083598]))", "callback": [0.6074131161673719, 0.5128262175333258, 0.5009762533193112, 0.49141931412936524, 0.4885398634288778, 0.48221790117844143, 0.46610121022257456, 0.4364585052608434, 0.43092009045482915, 0.42988777625361063, 0.42454303473054034, 0.40109017657190416, 0.3774196369315824, 0.3719698993555324, 0.37087896471999715, 0.3705202558100976, 0.370197281355356, 0.36967978659350365, 0.36767951300129686, 0.36008656682422735, 0.35701773511087287, 0.34790275438259866, 0.3290250589901844, 0.32534440434952705, 0.322700788442034, 0.32167766856190905, 0.3214573278753904, 0.3210585667915975, 0.3209548826786218, 0.3208992806796339, 0.3208624747638238, 0.3208453683019631, 0.320837961040804, 0.3208366402194778, 0.3208362129197724, 0.3208360424126194, 0.32083600108045207, 0.3208359868128151, 0.3208359837083917, 0.320835983032688, 0.32083598207696074, 0.32083598145177517, 0.3208359801465668, 0.32083597984498724, 0.32083597981566603, 0.320835979739325, 0.320835979739325, 0.32083597973737354, 0.3208359797347412, 0.3208359797344217, 0.32083597973441436, 0.32083597973437505, 0.3208359797343693, 0.3208359797343675, 0.32083597973436706, 0.32083597973436706, 0.32083597973436706, 0.32083597973436706]}}, "bfgs": {"type": "gradient", "0": {"maxiter": 100, "gtol": 1e-05, "xrtol": 1e-05, "eps": 1e-05, "duration": 0.05186104774475098, "fun": "0.32083598019796866", "jac": "[-1.13250520e-06  2.36095588e-06 -9.40381106e-06 -9.09050613e-06\n -5.24251753e-06  6.13418205e-06]", "hess_inv": "[[ 3.21832998  0.03340181 -0.06286892 -0.32380362  0.58830758  0.32268346]\n [ 0.03340181  3.72149696 -1.29093839 -0.58176082  0.45145525  0.77506836]\n [-0.06286892 -1.29093839  3.89592014 -0.36988495  0.74615729  1.08447107]\n [-0.32380362 -0.58176082 -0.36988495  2.88579319  0.17621162  0.45214971]\n [ 0.58830758  0.45145525  0.74615729  0.17621162 14.21781305 12.16700493]\n [ 0.32268346  0.77506836  1.08447107  0.45214971 12.16700493 13.51605549]]", "nfev": "217", "njev": "31", "status": "0", "success": "True", "message": "Optimization terminated successfully.", "x": "[-1.1342448   4.03949804  0.22808119  3.61916158  3.73583598  5.87454213]", "nit": "28", "callback": [0.5279392881034832, 0.5227467347881125, 0.5139800794955405, 0.5025779423504453, 0.49890770612027635, 0.4956780418205433, 0.4911690819863572, 0.4827565145342734, 0.4705944494624682, 0.4587486131668901, 0.43697112587577525, 0.39900493187091224, 0.3565316330746158, 0.35310284167089556, 0.35204094918080553, 0.351852802284465, 0.3514967608300905, 0.34864949859673067, 0.34638480576014075, 0.34253516370032566, 0.3355318358407894, 0.3257177986425924, 0.3222879621465652, 0.32131548004640076, 0.3208509755749024, 0.3208391451030801, 0.32083603470204825, 0.32083598019796866]}, "1": {"maxiter": 100, "gtol": 1e-05, "xrtol": 1e-05, "eps": 1e-10, "duration": 0.05072522163391113, "fun": "0.32083598051355533", "jac": "[ 1.11022293e-06  0.00000000e+00  1.11022293e-06 -7.77156053e-06\n  4.44089173e-06  2.22044587e-06]", "hess_inv": "[[ 3.27884158  0.04054748 -0.04224229 -0.32137634  0.50949424  0.27457354]\n [ 0.04054748  3.83969022 -1.36384006 -0.71203779  0.61526029  0.89262448]\n [-0.04224229 -1.36384006  3.75577376 -0.32323575  0.5508399   0.98659339]\n [-0.32137634 -0.71203779 -0.32323575  2.99264649  0.17028286  0.44041746]\n [ 0.50949424  0.61526029  0.5508399   0.17028286 13.60551531 11.84268102]\n [ 0.27457354  0.89262448  0.98659339  0.44041746 11.84268102 13.39586144]]", "nfev": "217", "njev": "31", "status": "0", "success": "True", "message": "Optimization terminated successfully.", "x": "[-1.1342305   4.03949118  0.22813296  3.61915905  3.73601281  5.87470574]", "nit": "28", "callback": [0.527938427152403, 0.5227498044081258, 0.5139883031557684, 0.5025849836274947, 0.498908717711938, 0.49568598335741554, 0.4911710912072005, 0.48275174638415363, 0.47059206866502523, 0.45869241497276103, 0.43684692536683223, 0.39881132899638405, 0.35650115868195453, 0.35310386456690923, 0.352034088744238, 0.3518454344132004, 0.3514879786596439, 0.3487254067342568, 0.34657930674678517, 0.34285108629280614, 0.33598878625951123, 0.32594119476314065, 0.32224094233809863, 0.32135363454199484, 0.3208607066885202, 0.3208371141929036, 0.3208364745385931, 0.32083598051355533]}, "2": {"maxiter": 100, "gtol": 1e-05, "xrtol": 1e-10, "eps": 1e-05, "duration": 0.051428794860839844, "fun": "0.32083598019796866", "jac": "[-1.13250520e-06  2.36095588e-06 -9.40381106e-06 -9.09050613e-06\n -5.24251753e-06  6.13418205e-06]", "hess_inv": "[[ 3.21832998  0.03340181 -0.06286892 -0.32380362  0.58830758  0.32268346]\n [ 0.03340181  3.72149696 -1.29093839 -0.58176082  0.45145525  0.77506836]\n [-0.06286892 -1.29093839  3.89592014 -0.36988495  0.74615729  1.08447107]\n [-0.32380362 -0.58176082 -0.36988495  2.88579319  0.17621162  0.45214971]\n [ 0.58830758  0.45145525  0.74615729  0.17621162 14.21781305 12.16700493]\n [ 0.32268346  0.77506836  1.08447107  0.45214971 12.16700493 13.51605549]]", "nfev": "217", "njev": "31", "status": "0", "success": "True", "message": "Optimization terminated successfully.", "x": "[-1.1342448   4.03949804  0.22808119  3.61916158  3.73583598  5.87454213]", "nit": "28", "callback": [0.5279392881034832, 0.5227467347881125, 0.5139800794955405, 0.5025779423504453, 0.49890770612027635, 0.4956780418205433, 0.4911690819863572, 0.4827565145342734, 0.4705944494624682, 0.4587486131668901, 0.43697112587577525, 0.39900493187091224, 0.3565316330746158, 0.35310284167089556, 0.35204094918080553, 0.351852802284465, 0.3514967608300905, 0.34864949859673067, 0.34638480576014075, 0.34253516370032566, 0.3355318358407894, 0.3257177986425924, 0.3222879621465652, 0.32131548004640076, 0.3208509755749024, 0.3208391451030801, 0.32083603470204825, 0.32083598019796866]}, "3": {"maxiter": 100, "gtol": 1e-05, "xrtol": 1e-10, "eps": 1e-10, "duration": 0.05095100402832031, "fun": "0.32083598051355533", "jac": "[ 1.11022293e-06  0.00000000e+00  1.11022293e-06 -7.77156053e-06\n  4.44089173e-06  2.22044587e-06]", "hess_inv": "[[ 3.27884158  0.04054748 -0.04224229 -0.32137634  0.50949424  0.27457354]\n [ 0.04054748  3.83969022 -1.36384006 -0.71203779  0.61526029  0.89262448]\n [-0.04224229 -1.36384006  3.75577376 -0.32323575  0.5508399   0.98659339]\n [-0.32137634 -0.71203779 -0.32323575  2.99264649  0.17028286  0.44041746]\n [ 0.50949424  0.61526029  0.5508399   0.17028286 13.60551531 11.84268102]\n [ 0.27457354  0.89262448  0.98659339  0.44041746 11.84268102 13.39586144]]", "nfev": "217", "njev": "31", "status": "0", "success": "True", "message": "Optimization terminated successfully.", "x": "[-1.1342305   4.03949118  0.22813296  3.61915905  3.73601281  5.87470574]", "nit": "28", "callback": [0.527938427152403, 0.5227498044081258, 0.5139883031557684, 0.5025849836274947, 0.498908717711938, 0.49568598335741554, 0.4911710912072005, 0.48275174638415363, 0.47059206866502523, 0.45869241497276103, 0.43684692536683223, 0.39881132899638405, 0.35650115868195453, 0.35310386456690923, 0.352034088744238, 0.3518454344132004, 0.3514879786596439, 0.3487254067342568, 0.34657930674678517, 0.34285108629280614, 0.33598878625951123, 0.32594119476314065, 0.32224094233809863, 0.32135363454199484, 0.3208607066885202, 0.3208371141929036, 0.3208364745385931, 0.32083598051355533]}, "4": {"maxiter": 100, "gtol": 1e-10, "xrtol": 1e-05, "eps": 1e-05, "duration": 0.052755117416381836, "fun": "0.3208359797970378", "jac": "[-8.80961970e-07 -6.29496455e-09 -4.94027041e-07 -1.48395740e-06\n -7.06790182e-07  1.62407865e-06]", "hess_inv": "[[ 3.21953736  0.07489329 -0.10375368 -0.36166142  0.58058649  0.33054417]\n [ 0.07489329  3.75141105 -1.20966393 -0.69476516  0.50382997  0.76279947]\n [-0.10375368 -1.20966393  3.69791574 -0.35278488  0.66934196  1.1189658 ]\n [-0.36166142 -0.69476516 -0.35278488  3.06184221  0.14793096  0.44600476]\n [ 0.58058649  0.50382997  0.66934196  0.14793096 14.1948795  12.18100973]\n [ 0.33054417  0.76279947  1.1189658   0.44600476 12.18100973 13.51010255]]", "nfev": "224", "njev": "32", "status": "0", "success": "True", "message": "Optimization terminated successfully.", "x": "[-1.13424458  4.03946953  0.22811214  3.61918537  3.73584279  5.87453627]", "nit": "29", "callback": [0.5279392881034832, 0.5227467347881125, 0.5139800794955405, 0.5025779423504453, 0.49890770612027635, 0.4956780418205433, 0.4911690819863572, 0.4827565145342734, 0.4705944494624682, 0.4587486131668901, 0.43697112587577525, 0.39900493187091224, 0.3565316330746158, 0.35310284167089556, 0.35204094918080553, 0.351852802284465, 0.3514967608300905, 0.34864949859673067, 0.34638480576014075, 0.34253516370032566, 0.3355318358407894, 0.3257177986425924, 0.3222879621465652, 0.32131548004640076, 0.3208509755749024, 0.3208391451030801, 0.32083603470204825, 0.32083598019796866, 0.3208359797970378]}, "5": {"maxiter": 100, "gtol": 1e-10, "xrtol": 1e-05, "eps": 1e-10, "duration": 0.05462908744812012, "fun": "0.3208359798266155", "jac": "[0.00000000e+00 2.22044587e-06 1.11022293e-06 5.55111466e-06\n 0.00000000e+00 4.44089173e-06]", "hess_inv": "[[ 3.11865444e+00 -1.87286511e-03 -1.26779100e-01 -2.64744681e-01\n  -2.95021680e-01 -4.81887795e-01]\n [-1.87286511e-03  3.91661970e+00 -1.29536865e+00 -9.52451527e-01\n   9.93991647e-01  1.23385700e+00]\n [-1.26779100e-01 -1.29536865e+00  3.80454508e+00 -5.58739769e-01\n   7.30055731e-01  1.13975417e+00]\n [-2.64744681e-01 -9.52451527e-01 -5.58739769e-01  3.69376885e+00\n  -1.31230713e+00 -9.10679148e-01]\n [-2.95021680e-01  9.93991647e-01  7.30055731e-01 -1.31230713e+00\n   1.33898787e+01  1.15396133e+01]\n [-4.81887795e-01  1.23385700e+00  1.13975417e+00 -9.10679148e-01\n   1.15396133e+01  1.30190856e+01]]", "nfev": "231", "njev": "33", "status": "0", "success": "True", "message": "Optimization terminated successfully.", "x": "[-1.13423349  4.03947806  0.22811876  3.61919653  3.73591705  5.87461777]", "nit": "30", "callback": [0.527938427152403, 0.5227498044081258, 0.5139883031557684, 0.5025849836274947, 0.498908717711938, 0.49568598335741554, 0.4911710912072005, 0.48275174638415363, 0.47059206866502523, 0.45869241497276103, 0.43684692536683223, 0.39881132899638405, 0.35650115868195453, 0.35310386456690923, 0.352034088744238, 0.3518454344132004, 0.3514879786596439, 0.3487254067342568, 0.34657930674678517, 0.34285108629280614, 0.33598878625951123, 0.32594119476314065, 0.32224094233809863, 0.32135363454199484, 0.3208607066885202, 0.3208371141929036, 0.3208364745385931, 0.32083598051355533, 0.32083597984962997, 0.3208359798266155]}, "6": {"maxiter": 100, "gtol": 1e-10, "xrtol": 1e-10, "eps": 1e-05, "duration": 0.10733222961425781, "fun": "0.3208359797970378", "jac": "[-8.80961970e-07 -6.29496455e-09 -4.94027041e-07 -1.48395740e-06\n -7.06790182e-07  1.62407865e-06]", "hess_inv": "[[ 3.22115175e+00 -2.92058664e-02  8.23604316e-03 -2.74245337e-01\n   6.01898511e-01  3.04802421e-01]\n [-2.92058664e-02  3.88068681e+00 -1.21430293e+00 -8.71536983e-01\n   9.26972522e-01  1.34434920e+00]\n [ 8.23604316e-03 -1.21430293e+00  3.55553539e+00 -2.74111842e-01\n   1.77421694e-01  5.15355952e-01]\n [-2.74245337e-01 -8.71536983e-01 -2.74111842e-01  3.26685944e+00\n  -1.88774122e-01 -5.35183896e-02]\n [ 6.01898511e-01  9.26972522e-01  1.77421694e-01 -1.88774122e-01\n   1.39854964e+01  1.21355958e+01]\n [ 3.04802421e-01  1.34434920e+00  5.15355952e-01 -5.35183896e-02\n   1.21355958e+01  1.37439300e+01]]", "nfev": "474", "njev": "66", "status": "2", "success": "False", "message": "Desired error not necessarily achieved due to precision loss.", "x": "[-1.13424458  4.03946953  0.22811214  3.61918537  3.73584279  5.87453627]", "nit": "29", "callback": [0.5279392881034832, 0.5227467347881125, 0.5139800794955405, 0.5025779423504453, 0.49890770612027635, 0.4956780418205433, 0.4911690819863572, 0.4827565145342734, 0.4705944494624682, 0.4587486131668901, 0.43697112587577525, 0.39900493187091224, 0.3565316330746158, 0.35310284167089556, 0.35204094918080553, 0.351852802284465, 0.3514967608300905, 0.34864949859673067, 0.34638480576014075, 0.34253516370032566, 0.3355318358407894, 0.3257177986425924, 0.3222879621465652, 0.32131548004640076, 0.3208509755749024, 0.3208391451030801, 0.32083603470204825, 0.32083598019796866, 0.3208359797970378]}, "7": {"maxiter": 100, "gtol": 1e-10, "xrtol": 1e-10, "eps": 1e-10, "duration": 0.07915496826171875, "fun": "0.320835979740416", "jac": "[1.11022293e-06 1.11022293e-06 1.11022293e-06 1.11022293e-06\n 2.22044587e-06 2.22044587e-06]", "hess_inv": "[[ 1.66575654  0.90795651  0.03355934 -0.11084795 -0.47464052 -0.88660463]\n [ 0.90795651  1.32186931  0.09409434 -0.54516461 -0.51937667 -0.97982605]\n [ 0.03355934  0.09409434  1.94505    -0.31000956 -1.39837281 -0.6791771 ]\n [-0.11084795 -0.54516461 -0.31000956  3.67947212  1.0929745   0.89271164]\n [-0.47464052 -0.51937667 -1.39837281  1.0929745   1.43571239  0.54013666]\n [-0.88660463 -0.97982605 -0.6791771   0.89271164  0.54013666  2.6369083 ]]", "nfev": "343", "njev": "49", "status": "2", "success": "False", "message": "Desired error not necessarily achieved due to precision loss.", "x": "[-1.13423553  4.0394694   0.22811869  3.61919419  3.7358844   5.8745768 ]", "nit": "37", "callback": [0.527938427152403, 0.5227498044081258, 0.5139883031557684, 0.5025849836274947, 0.498908717711938, 0.49568598335741554, 0.4911710912072005, 0.48275174638415363, 0.47059206866502523, 0.45869241497276103, 0.43684692536683223, 0.39881132899638405, 0.35650115868195453, 0.35310386456690923, 0.352034088744238, 0.3518454344132004, 0.3514879786596439, 0.3487254067342568, 0.34657930674678517, 0.34285108629280614, 0.33598878625951123, 0.32594119476314065, 0.32224094233809863, 0.32135363454199484, 0.3208607066885202, 0.3208371141929036, 0.3208364745385931, 0.32083598051355533, 0.32083597984962997, 0.3208359798266155, 0.32083597980450873, 0.32083597979574174, 0.3208359797819732, 0.3208359797637709, 0.32083597974604416, 0.320835979740416, 0.320835979740416]}, "8": {"maxiter": 500, "gtol": 1e-05, "xrtol": 1e-05, "eps": 1e-05, "duration": 0.05067801475524902, "fun": "0.32083598019796866", "jac": "[-1.13250520e-06  2.36095588e-06 -9.40381106e-06 -9.09050613e-06\n -5.24251753e-06  6.13418205e-06]", "hess_inv": "[[ 3.21832998  0.03340181 -0.06286892 -0.32380362  0.58830758  0.32268346]\n [ 0.03340181  3.72149696 -1.29093839 -0.58176082  0.45145525  0.77506836]\n [-0.06286892 -1.29093839  3.89592014 -0.36988495  0.74615729  1.08447107]\n [-0.32380362 -0.58176082 -0.36988495  2.88579319  0.17621162  0.45214971]\n [ 0.58830758  0.45145525  0.74615729  0.17621162 14.21781305 12.16700493]\n [ 0.32268346  0.77506836  1.08447107  0.45214971 12.16700493 13.51605549]]", "nfev": "217", "njev": "31", "status": "0", "success": "True", "message": "Optimization terminated successfully.", "x": "[-1.1342448   4.03949804  0.22808119  3.61916158  3.73583598  5.87454213]", "nit": "28", "callback": [0.5279392881034832, 0.5227467347881125, 0.5139800794955405, 0.5025779423504453, 0.49890770612027635, 0.4956780418205433, 0.4911690819863572, 0.4827565145342734, 0.4705944494624682, 0.4587486131668901, 0.43697112587577525, 0.39900493187091224, 0.3565316330746158, 0.35310284167089556, 0.35204094918080553, 0.351852802284465, 0.3514967608300905, 0.34864949859673067, 0.34638480576014075, 0.34253516370032566, 0.3355318358407894, 0.3257177986425924, 0.3222879621465652, 0.32131548004640076, 0.3208509755749024, 0.3208391451030801, 0.32083603470204825, 0.32083598019796866]}, "9": {"maxiter": 500, "gtol": 1e-05, "xrtol": 1e-05, "eps": 1e-10, "duration": 0.05053305625915527, "fun": "0.32083598051355533", "jac": "[ 1.11022293e-06  0.00000000e+00  1.11022293e-06 -7.77156053e-06\n  4.44089173e-06  2.22044587e-06]", "hess_inv": "[[ 3.27884158  0.04054748 -0.04224229 -0.32137634  0.50949424  0.27457354]\n [ 0.04054748  3.83969022 -1.36384006 -0.71203779  0.61526029  0.89262448]\n [-0.04224229 -1.36384006  3.75577376 -0.32323575  0.5508399   0.98659339]\n [-0.32137634 -0.71203779 -0.32323575  2.99264649  0.17028286  0.44041746]\n [ 0.50949424  0.61526029  0.5508399   0.17028286 13.60551531 11.84268102]\n [ 0.27457354  0.89262448  0.98659339  0.44041746 11.84268102 13.39586144]]", "nfev": "217", "njev": "31", "status": "0", "success": "True", "message": "Optimization terminated successfully.", "x": "[-1.1342305   4.03949118  0.22813296  3.61915905  3.73601281  5.87470574]", "nit": "28", "callback": [0.527938427152403, 0.5227498044081258, 0.5139883031557684, 0.5025849836274947, 0.498908717711938, 0.49568598335741554, 0.4911710912072005, 0.48275174638415363, 0.47059206866502523, 0.45869241497276103, 0.43684692536683223, 0.39881132899638405, 0.35650115868195453, 0.35310386456690923, 0.352034088744238, 0.3518454344132004, 0.3514879786596439, 0.3487254067342568, 0.34657930674678517, 0.34285108629280614, 0.33598878625951123, 0.32594119476314065, 0.32224094233809863, 0.32135363454199484, 0.3208607066885202, 0.3208371141929036, 0.3208364745385931, 0.32083598051355533]}, "10": {"maxiter": 500, "gtol": 1e-05, "xrtol": 1e-10, "eps": 1e-05, "duration": 0.050337791442871094, "fun": "0.32083598019796866", "jac": "[-1.13250520e-06  2.36095588e-06 -9.40381106e-06 -9.09050613e-06\n -5.24251753e-06  6.13418205e-06]", "hess_inv": "[[ 3.21832998  0.03340