{"date": "2024/10/08/, 14:09:51", "conf_id": 3, "data_type": "random\n", "num_data_points": 1, "s_rank": 0, "unitary": "[[-0.53618537-0.34368723j,-0.12107031-0.46226139j,-0.07699282-0.46603512j,0.36022595-0.11472301j],[0.26026499-0.63450712j,-0.56616638+0.37832564j,-0.14988651+0.08458591j,0.10363514-0.16008501j],[-0.32580188-0.11070003j,-0.36476308-0.23593218j,0.02559343+0.41761608j,-0.25598305+0.6725303j],[0.07406738-0.0126433j,0.28513701+0.19483972j,-0.74939717-0.10299659j,0.29798249+0.46269921j]]", "databatch_0": {"databatch": "[[[0.06318202-0.11875141j,-0.09598484+0.10659092j,0.20844971+0.08357694j,-0.23608642+0.01980526j],[-0.03545851-0.14932089j,-0.00179743+0.16364685j,0.24149981-0.08564091j,-0.18719829+0.19499707j],[-0.01601117-0.27916861j,-0.05538858+0.29299214j,0.46052399-0.07665005j,-0.39797126+0.29013259j],[-0.01037376-0.06809724j,-0.00681803+0.07313637j,0.11117486-0.02943376j,-0.09090355+0.08034647j]]]", "initial param values": "[1.27281721,0.62394879,1.92382944,4.22893685,1.32380601,4.88034846]", "nelder_mead": {"type": "gradient-free", "0": {"maxiter": 100, "fatol": 1e-05, "xatol": 1e-05, "duration": 0.04170489311218262, "fun": "0.020343281021353965", "nit": "100", "nfev": "154", "status": "2", "success": "False", "message": "Maximum number of iterations has been exceeded.", "x": "[ 2.25073752  0.71261433  4.30507166 -0.30314879  2.11244053  2.89717424]", "final_simplex": "(array([[ 2.25073752,  0.71261433,  4.30507166, -0.30314879,  2.11244053,\n         2.89717424],\n       [ 2.09605537,  0.78545252,  4.36975347, -0.41884537,  2.03662615,\n         3.04211442],\n       [ 2.19483294,  0.76705462,  4.21544422, -0.33408339,  2.04983733,\n         2.87816575],\n       [ 2.11366057,  0.81210694,  4.26210614, -0.44441832,  2.0265065 ,\n         2.91061205],\n       [ 2.17910848,  0.74226168,  4.19305491, -0.26194556,  2.06695263,\n         2.8807947 ],\n       [ 2.19761742,  0.76964301,  4.35611783, -0.48875292,  2.08641718,\n         2.81336597],\n       [ 2.22662504,  0.75277653,  4.23965499, -0.4400324 ,  2.08890369,\n         2.96957546]]), array([0.02034328, 0.02053502, 0.02072739, 0.02093906, 0.02099143,\n       0.02171024, 0.02243524]))", "callback": [0.8632690772610342, 0.81563781653194, 0.6922326799151673, 0.2583342608272039, 0.1646544342101025, 0.05756272984895383, 0.048203559792625694, 0.04089876408755455, 0.03159170042023507, 0.020991427007014063]}, "1": {"maxiter": 100, "fatol": 1e-05, "xatol": 1e-10, "duration": 0.056849002838134766, "fun": "0.020343281021353965", "nit": "100", "nfev": "154", "status": "2", "success": "False", "message": "Maximum number of iterations has been exceeded.", "x": "[ 2.25073752  0.71261433  4.30507166 -0.30314879  2.11244053  2.89717424]", "final_simplex": "(array([[ 2.25073752,  0.71261433,  4.30507166, -0.30314879,  2.11244053,\n         2.89717424],\n       [ 2.09605537,  0.78545252,  4.36975347, -0.41884537,  2.03662615,\n         3.04211442],\n       [ 2.19483294,  0.76705462,  4.21544422, -0.33408339,  2.04983733,\n         2.87816575],\n       [ 2.11366057,  0.81210694,  4.26210614, -0.44441832,  2.0265065 ,\n         2.91061205],\n       [ 2.17910848,  0.74226168,  4.19305491, -0.26194556,  2.06695263,\n         2.8807947 ],\n       [ 2.19761742,  0.76964301,  4.35611783, -0.48875292,  2.08641718,\n         2.81336597],\n       [ 2.22662504,  0.75277653,  4.23965499, -0.4400324 ,  2.08890369,\n         2.96957546]]), array([0.02034328, 0.02053502, 0.02072739, 0.02093906, 0.02099143,\n       0.02171024, 0.02243524]))", "callback": [0.8632690772610342, 0.81563781653194, 0.6922326799151673, 0.2583342608272039, 0.1646544342101025, 0.05756272984895383, 0.048203559792625694, 0.04089876408755455, 0.03159170042023507, 0.020991427007014063]}, "2": {"maxiter": 100, "fatol": 1e-10, "xatol": 1e-05, "duration": 0.049733877182006836, "fun": "0.020343281021353965", "nit": "100", "nfev": "154", "status": "2", "success": "False", "message": "Maximum number of iterations has been exceeded.", "x": "[ 2.25073752  0.71261433  4.30507166 -0.30314879  2.11244053  2.89717424]", "final_simplex": "(array([[ 2.25073752,  0.71261433,  4.30507166, -0.30314879,  2.11244053,\n         2.89717424],\n       [ 2.09605537,  0.78545252,  4.36975347, -0.41884537,  2.03662615,\n         3.04211442],\n       [ 2.19483294,  0.76705462,  4.21544422, -0.33408339,  2.04983733,\n         2.87816575],\n       [ 2.11366057,  0.81210694,  4.26210614, -0.44441832,  2.0265065 ,\n         2.91061205],\n       [ 2.17910848,  0.74226168,  4.19305491, -0.26194556,  2.06695263,\n         2.8807947 ],\n       [ 2.19761742,  0.76964301,  4.35611783, -0.48875292,  2.08641718,\n         2.81336597],\n       [ 2.22662504,  0.75277653,  4.23965499, -0.4400324 ,  2.08890369,\n         2.96957546]]), array([0.02034328, 0.02053502, 0.02072739, 0.02093906, 0.02099143,\n       0.02171024, 0.02243524]))", "callback": [0.8632690772610342, 0.81563781653194, 0.6922326799151673, 0.2583342608272039, 0.1646544342101025, 0.05756272984895383, 0.048203559792625694, 0.04089876408755455, 0.03159170042023507, 0.020991427007014063]}, "3": {"maxiter": 100, "fatol": 1e-10, "xatol": 1e-10, "duration": 0.0497891902923584, "fun": "0.020343281021353965", "nit": "100", "nfev": "154", "status": "2", "success": "False", "message": "Maximum number of iterations has been exceeded.", "x": "[ 2.25073752  0.71261433  4.30507166 -0.30314879  2.11244053  2.89717424]", "final_simplex": "(array([[ 2.25073752,  0.71261433,  4.30507166, -0.30314879,  2.11244053,\n         2.89717424],\n       [ 2.09605537,  0.78545252,  4.36975347, -0.41884537,  2.03662615,\n         3.04211442],\n       [ 2.19483294,  0.76705462,  4.21544422, -0.33408339,  2.04983733,\n         2.87816575],\n       [ 2.11366057,  0.81210694,  4.26210614, -0.44441832,  2.0265065 ,\n         2.91061205],\n       [ 2.17910848,  0.74226168,  4.19305491, -0.26194556,  2.06695263,\n         2.8807947 ],\n       [ 2.19761742,  0.76964301,  4.35611783, -0.48875292,  2.08641718,\n         2.81336597],\n       [ 2.22662504,  0.75277653,  4.23965499, -0.4400324 ,  2.08890369,\n         2.96957546]]), array([0.02034328, 0.02053502, 0.02072739, 0.02093906, 0.02099143,\n       0.02171024, 0.02243524]))", "callback": [0.8632690772610342, 0.81563781653194, 0.6922326799151673, 0.2583342608272039, 0.1646544342101025, 0.05756272984895383, 0.048203559792625694, 0.04089876408755455, 0.03159170042023507, 0.020991427007014063]}, "4": {"maxiter": 500, "fatol": 1e-05, "xatol": 1e-05, "duration": 0.1365950107574463, "fun": "0.0025549996181829515", "nit": "305", "nfev": "489", "status": "0", "success": "True", "message": "Optimization terminated successfully.", "x": "[ 2.09724848  0.33367117  4.17054735 -0.24552495  2.50210348  2.68652777]", "final_simplex": "(array([[ 2.09724848,  0.33367117,  4.17054735, -0.24552495,  2.50210348,\n         2.68652777],\n       [ 2.09724565,  0.33367536,  4.17055593, -0.24553235,  2.50210094,\n         2.68653277],\n       [ 2.09724884,  0.3336723 ,  4.17055115, -0.24552524,  2.50210255,\n         2.68652734],\n       [ 2.09725221,  0.33366899,  4.17055205, -0.24552631,  2.5021052 ,\n         2.68653391],\n       [ 2.09724874,  0.33368016,  4.17055131, -0.24552662,  2.5020937 ,\n         2.68653667],\n       [ 2.09725342,  0.33367326,  4.17055323, -0.24552582,  2.50210142,\n         2.68653385],\n       [ 2.0972445 ,  0.33367179,  4.17054891, -0.24551913,  2.5021014 ,\n         2.68653238]]), array([0.002555, 0.002555, 0.002555, 0.002555, 0.002555, 0.002555,\n       0.002555]))", "callback": [0.8632690772610342, 0.81563781653194, 0.6922326799151673, 0.2583342608272039, 0.1646544342101025, 0.05756272984895383, 0.048203559792625694, 0.04089876408755455, 0.03159170042023507, 0.020991427007014063, 0.01900860877277466, 0.017545130401109388, 0.017143401299989147, 0.014791490791871587, 0.010650483733842364, 0.004325828727167247, 0.003146050998537153, 0.002778683264983872, 0.002655289662406579, 0.0026217099541080424, 0.002565307734027744, 0.002560813424113517, 0.002557447046967143, 0.0025553879247397493, 0.0025550405391324693, 0.002555012934531087, 0.002555002656760008, 0.0025550005609620285, 0.0025549999135743295, 0.0025549996474482084, 0.0025549996200208147]}, "5": {"maxiter": 500, "fatol": 1e-05, "xatol": 1e-10, "duration": 0.21672296524047852, "fun": "0.002554999614386988", "nit": "409", "nfev": "716", "status": "0", "success": "True", "message": "Optimization terminated successfully.", "x": "[ 2.09724743  0.33367198  4.170552   -0.24552591  2.5021025   2.68653349]", "final_simplex": "(array([[ 2.09724743,  0.33367198,  4.170552  , -0.24552591,  2.5021025 ,\n         2.68653349],\n       [ 2.09724743,  0.33367198,  4.170552  , -0.24552591,  2.5021025 ,\n         2.68653349],\n       [ 2.09724743,  0.33367198,  4.170552  , -0.24552591,  2.5021025 ,\n         2.68653349],\n       [ 2.09724743,  0.33367198,  4.170552  , -0.24552591,  2.5021025 ,\n         2.68653349],\n       [ 2.09724743,  0.33367198,  4.170552  , -0.24552591,  2.5021025 ,\n         2.68653349],\n       [ 2.09724743,  0.33367198,  4.170552  , -0.24552591,  2.5021025 ,\n         2.68653349],\n       [ 2.09724743,  0.33367198,  4.170552  , -0.24552591,  2.5021025 ,\n         2.68653349]]), array([0.002555, 0.002555, 0.002555, 0.002555, 0.002555, 0.002555,\n       0.002555]))", "callback": [0.8632690772610342, 0.81563781653194, 0.6922326799151673, 0.2583342608272039, 0.1646544342101025, 0.05756272984895383, 0.048203559792625694, 0.04089876408755455, 0.03159170042023507, 0.020991427007014063, 0.01900860877277466, 0.017545130401109388, 0.017143401299989147, 0.014791490791871587, 0.010650483733842364, 0.004325828727167247, 0.003146050998537153, 0.002778683264983872, 0.002655289662406579, 0.0026217099541080424, 0.002565307734027744, 0.002560813424113517, 0.002557447046967143, 0.0025553879247397493, 0.0025550405391324693, 0.002555012934531087, 0.002555002656760008, 0.0025550005609620285, 0.0025549999135743295, 0.0025549996474482084, 0.0025549996200208147, 0.0025549996154611287, 0.002554999614650111, 0.0025549996145228793, 0.002554999614421516, 0.002554999614391318, 0.0025549996143886533, 0.002554999614387765, 0.00255499961438721, 0.002554999614387099, 0.002554999614386988]}, "6": {"maxiter": 500, "fatol": 1e-10, "xatol": 1e-05, "duration": 0.14485812187194824, "fun": "0.0025549996181829515", "nit": "305", "nfev": "489", "status": "0", "success": "True", "message": "Optimization terminated successfully.", "x": "[ 2.09724848  0.33367117  4.17054735 -0.24552495  2.50210348  2.68652777]", "final_simplex": "(array([[ 2.09724848,  0.33367117,  4.17054735, -0.24552495,  2.50210348,\n         2.68652777],\n       [ 2.09724565,  0.33367536,  4.17055593, -0.24553235,  2.50210094,\n         2.68653277],\n       [ 2.09724884,  0.3336723 ,  4.17055115, -0.24552524,  2.50210255,\n         2.68652734],\n       [ 2.09725221,  0.33366899,  4.17055205, -0.24552631,  2.5021052 ,\n         2.68653391],\n       [ 2.09724874,  0.33368016,  4.17055131, -0.24552662,  2.5020937 ,\n         2.68653667],\n       [ 2.09725342,  0.33367326,  4.17055323, -0.24552582,  2.50210142,\n         2.68653385],\n       [ 2.0972445 ,  0.33367179,  4.17054891, -0.24551913,  2.5021014 ,\n         2.68653238]]), array([0.002555, 0.002555, 0.002555, 0.002555, 0.002555, 0.002555,\n       0.002555]))", "callback": [0.8632690772610342, 0.81563781653194, 0.6922326799151673, 0.2583342608272039, 0.1646544342101025, 0.05756272984895383, 0.048203559792625694, 0.04089876408755455, 0.03159170042023507, 0.020991427007014063, 0.01900860877277466, 0.017545130401109388, 0.017143401299989147, 0.014791490791871587, 0.010650483733842364, 0.004325828727167247, 0.003146050998537153, 0.002778683264983872, 0.002655289662406579, 0.0026217099541080424, 0.002565307734027744, 0.002560813424113517, 0.002557447046967143, 0.0025553879247397493, 0.0025550405391324693, 0.002555012934531087, 0.002555002656760008, 0.0025550005609620285, 0.0025549999135743295, 0.0025549996474482084, 0.0025549996200208147]}, "7": {"maxiter": 500, "fatol": 1e-10, "xatol": 1e-10, "duration": 0.19492197036743164, "fun": "0.002554999614386988", "nit": "409", "nfev": "716", "status": "0", "success": "True", "message": "Optimization terminated successfully.", "x": "[ 2.09724743  0.33367198  4.170552   -0.24552591  2.5021025   2.68653349]", "final_simplex": "(array([[ 2.09724743,  0.33367198,  4.170552  , -0.24552591,  2.5021025 ,\n         2.68653349],\n       [ 2.09724743,  0.33367198,  4.170552  , -0.24552591,  2.5021025 ,\n         2.68653349],\n       [ 2.09724743,  0.33367198,  4.170552  , -0.24552591,  2.5021025 ,\n         2.68653349],\n       [ 2.09724743,  0.33367198,  4.170552  , -0.24552591,  2.5021025 ,\n         2.68653349],\n       [ 2.09724743,  0.33367198,  4.170552  , -0.24552591,  2.5021025 ,\n         2.68653349],\n       [ 2.09724743,  0.33367198,  4.170552  , -0.24552591,  2.5021025 ,\n         2.68653349],\n       [ 2.09724743,  0.33367198,  4.170552  , -0.24552591,  2.5021025 ,\n         2.68653349]]), array([0.002555, 0.002555, 0.002555, 0.002555, 0.002555, 0.002555,\n       0.002555]))", "callback": [0.8632690772610342, 0.81563781653194, 0.6922326799151673, 0.2583342608272039, 0.1646544342101025, 0.05756272984895383, 0.048203559792625694, 0.04089876408755455, 0.03159170042023507, 0.020991427007014063, 0.01900860877277466, 0.017545130401109388, 0.017143401299989147, 0.014791490791871587, 0.010650483733842364, 0.004325828727167247, 0.003146050998537153, 0.002778683264983872, 0.002655289662406579, 0.0026217099541080424, 0.002565307734027744, 0.002560813424113517, 0.002557447046967143, 0.0025553879247397493, 0.0025550405391324693, 0.002555012934531087, 0.002555002656760008, 0.0025550005609620285, 0.0025549999135743295, 0.0025549996474482084, 0.0025549996200208147, 0.0025549996154611287, 0.002554999614650111, 0.0025549996145228793, 0.002554999614421516, 0.002554999614391318, 0.0025549996143886533, 0.002554999614387765, 0.00255499961438721, 0.002554999614387099, 0.002554999614386988]}, "8": {"maxiter": 1000, "fatol": 1e-05, "xatol": 1e-05, "duration": 0.13451194763183594, "fun": "0.0025549996181829515", "nit": "305", "nfev": "489", "status": "0", "success": "True", "message": "Optimization terminated successfully.", "x": "[ 2.09724848  0.33367117  4.17054735 -0.24552495  2.50210348  2.68652777]", "final_simplex": "(array([[ 2.09724848,  0.33367117,  4.17054735, -0.24552495,  2.50210348,\n         2.68652777],\n       [ 2.09724565,  0.33367536,  4.17055593, -0.24553235,  2.50210094,\n         2.68653277],\n       [ 2.09724884,  0.3336723 ,  4.17055115, -0.24552524,  2.50210255,\n         2.68652734],\n       [ 2.09725221,  0.33366899,  4.17055205, -0.24552631,  2.5021052 ,\n         2.68653391],\n       [ 2.09724874,  0.33368016,  4.17055131, -0.24552662,  2.5020937 ,\n         2.68653667],\n       [ 2.09725342,  0.33367326,  4.17055323, -0.24552582,  2.50210142,\n         2.68653385],\n       [ 2.0972445 ,  0.33367179,  4.17054891, -0.24551913,  2.5021014 ,\n         2.68653238]]), array([0.002555, 0.002555, 0.002555, 0.002555, 0.002555, 0.002555,\n       0.002555]))", "callback": [0.8632690772610342, 0.81563781653194, 0.6922326799151673, 0.2583342608272039, 0.1646544342101025, 0.05756272984895383, 0.048203559792625694, 0.04089876408755455, 0.03159170042023507, 0.020991427007014063, 0.01900860877277466, 0.017545130401109388, 0.017143401299989147, 0.014791490791871587, 0.010650483733842364, 0.004325828727167247, 0.003146050998537153, 0.002778683264983872, 0.002655289662406579, 0.0026217099541080424, 0.002565307734027744, 0.002560813424113517, 0.002557447046967143, 0.0025553879247397493, 0.0025550405391324693, 0.002555012934531087, 0.002555002656760008, 0.0025550005609620285, 0.0025549999135743295, 0.0025549996474482084, 0.0025549996200208147]}, "9": {"maxiter": 1000, "fatol": 1e-05, "xatol": 1e-10, "duration": 0.1948091983795166, "fun": "0.002554999614386988", "nit": "409", "nfev": "716", "status": "0", "success": "True", "message": "Optimization terminated successfully.", "x": "[ 2.09724743  0.33367198  4.170552   -0.24552591  2.5021025   2.68653349]", "final_simplex": "(array([[ 2.09724743,  0.33367198,  4.170552  , -0.24552591,  2.5021025 ,\n         2.68653349],\n       [ 2.09724743,  0.33367198,  4.170552  , -0.24552591,  2.5021025 ,\n         2.68653349],\n       [ 2.09724743,  0.33367198,  4.170552  , -0.24552591,  2.5021025 ,\n         2.68653349],\n       [ 2.09724743,  0.33367198,  4.170552  , -0.24552591,  2.5021025 ,\n         2.68653349],\n       [ 2.09724743,  0.33367198,  4.170552  , -0.24552591,  2.5021025 ,\n         2.68653349],\n       [ 2.09724743,  0.33367198,  4.170552  , -0.24552591,  2.5021025 ,\n         2.68653349],\n       [ 2.09724743,  0.33367198,  4.170552  , -0.24552591,  2.5021025 ,\n         2.68653349]]), array([0.002555, 0.002555, 0.002555, 0.002555, 0.002555, 0.002555,\n       0.002555]))", "callback": [0.8632690772610342, 0.81563781653194, 0.6922326799151673, 0.2583342608272039, 0.1646544342101025, 0.05756272984895383, 0.048203559792625694, 0.04089876408755455, 0.03159170042023507, 0.020991427007014063, 0.01900860877277466, 0.017545130401109388, 0.017143401299989147, 0.014791490791871587, 0.010650483733842364, 0.004325828727167247, 0.003146050998537153, 0.002778683264983872, 0.002655289662406579, 0.0026217099541080424, 0.002565307734027744, 0.002560813424113517, 0.002557447046967143, 0.0025553879247397493, 0.0025550405391324693, 0.002555012934531087, 0.002555002656760008, 0.0025550005609620285, 0.0025549999135743295, 0.0025549996474482084, 0.0025549996200208147, 0.0025549996154611287, 0.002554999614650111, 0.0025549996145228793, 0.002554999614421516, 0.002554999614391318, 0.0025549996143886533, 0.002554999614387765, 0.00255499961438721, 0.002554999614387099, 0.002554999614386988]}, "10": {"maxiter": 1000, "fatol": 1e-10, "xatol": 1e-05, "duration": 0.12758398056030273, "fun": "0.0025549996181829515", "nit": "305", "nfev": "489", "status": "0", "success": "True", "message": "Optimization terminated successfully.", "x": "[ 2.09724848  0.33367117  4.17054735 -0.24552495  2.50210348  2.68652777]", "final_simplex": "(array([[ 2.09724848,  0.33367117,  4.17054735, -0.24552495,  2.50210348,\n         2.68652777],\n       [ 2.09724565,  0.33367536,  4.17055593, -0.24553235,  2.50210094,\n         2.68653277],\n       [ 2.09724884,  0.3336723 ,  4.17055115, -0.24552524,  2.50210255,\n         2.68652734],\n       [ 2.09725221,  0.33366899,  4.17055205, -0.24552631,  2.5021052 ,\n         2.68653391],\n       [ 2.09724874,  0.33368016,  4.17055131, -0.24552662,  2.5020937 ,\n         2.68653667],\n       [ 2.09725342,  0.33367326,  4.17055323, -0.24552582,  2.50210142,\n         2.68653385],\n       [ 2.0972445 ,  0.33367179,  4.17054891, -0.24551913,  2.5021014 ,\n         2.68653238]]), array([0.002555, 0.002555, 0.002555, 0.002555, 0.002555, 0.002555,\n       0.002555]))", "callback": [0.8632690772610342, 0.81563781653194, 0.6922326799151673, 0.2583342608272039, 0.1646544342101025, 0.05756272984895383, 0.048203559792625694, 0.04089876408755455, 0.03159170042023507, 0.020991427007014063, 0.01900860877277466, 0.017545130401109388, 0.017143401299989147, 0.014791490791871587, 0.010650483733842364, 0.004325828727167247, 0.003146050998537153, 0.002778683264983872, 0.002655289662406579, 0.0026217099541080424, 0.002565307734027744, 0.002560813424113517, 0.002557447046967143, 0.0025553879247397493, 0.0025550405391324693, 0.002555012934531087, 0.002555002656760008, 0.0025550005609620285, 0.0025549999135743295, 0.0025549996474482084, 0.0025549996200208147]}, "11": {"maxiter": 1000, "fatol": 1e-10, "xatol": 1e-10, "duration": 0.20498013496398926, "fun": "0.002554999614386988", "nit": "409", "nfev": "716", "status": "0", "success": "True", "message": "Optimization terminated successfully.", "x": "[ 2.09724743  0.33367198  4.170552   -0.24552591  2.5021025   2.68653349]", "final_simplex": "(array([[ 2.09724743,  0.33367198,  4.170552  , -0.24552591,  2.5021025 ,\n         2.68653349],\n       [ 2.09724743,  0.33367198,  4.170552  , -0.24552591,  2.5021025 ,\n         2.68653349],\n       [ 2.09724743,  0.33367198,  4.170552  , -0.24552591,  2.5021025 ,\n         2.68653349],\n       [ 2.09724743,  0.33367198,  4.170552  , -0.24552591,  2.5021025 ,\n         2.68653349],\n       [ 2.09724743,  0.33367198,  4.170552  , -0.24552591,  2.5021025 ,\n         2.68653349],\n       [ 2.09724743,  0.33367198,  4.170552  , -0.24552591,  2.5021025 ,\n         2.68653349],\n       [ 2.09724743,  0.33367198,  4.170552  , -0.24552591,  2.5021025 ,\n         2.68653349]]), array([0.002555, 0.002555, 0.002555, 0.002555, 0.002555, 0.002555,\n       0.002555]))", "callback": [0.8632690772610342, 0.81563781653194, 0.6922326799151673, 0.2583342608272039, 0.1646544342101025, 0.05756272984895383, 0.048203559792625694, 0.04089876408755455, 0.03159170042023507, 0.020991427007014063, 0.01900860877277466, 0.017545130401109388, 0.017143401299989147, 0.014791490791871587, 0.010650483733842364, 0.004325828727167247, 0.003146050998537153, 0.002778683264983872, 0.002655289662406579, 0.0026217099541080424, 0.002565307734027744, 0.002560813424113517, 0.002557447046967143, 0.0025553879247397493, 0.0025550405391324693, 0.002555012934531087, 0.002555002656760008, 0.0025550005609620285, 0.0025549999135743295, 0.0025549996474482084, 0.0025549996200208147, 0.0025549996154611287, 0.002554999614650111, 0.0025549996145228793, 0.002554999614421516, 0.002554999614391318, 0.0025549996143886533, 0.002554999614387765, 0.00255499961438721, 0.002554999614387099, 0.002554999614386988]}}, "bfgs": {"type": "gradient", "0": {"maxiter": 100, "gtol": 1e-05, "xrtol": 1e-05, "eps": 1e-05, "duration": 0.03311800956726074, "fun": "0.0025549998140544927", "jac": "[ 4.06197298e-07  6.14391871e-06 -2.75774958e-06 -4.35077530e-06\n  4.92336172e-06  7.96129829e-07]", "hess_inv": "[[ 2.86997754 -0.22216627  0.05465863  1.43411649  1.33074795  0.4812481 ]\n [-0.22216627  3.65436621  1.56479227 -0.36052826 -1.21631794  1.15265748]\n [ 0.05465863  1.56479227  3.63118601  1.00083679 -1.08705176  1.29945899]\n [ 1.43411649 -0.36052826  1.00083679  2.73471973  0.39670405  0.5446196 ]\n [ 1.33074795 -1.21631794 -1.08705176  0.39670405  2.75469565 -0.57247397]\n [ 0.4812481   1.15265748  1.29945899  0.5446196  -0.57247397  1.75447447]]", "nfev": "119", "njev": "17", "status": "0", "success": "True", "message": "Optimization terminated successfully.", "x": "[1.94754722 3.33149566 2.94953123 4.54699702 1.3174129  6.1911792 ]", "nit": "14", "callback": [0.4812532428925661, 0.35954041542994686, 0.2371120862232079, 0.059075000292913904, 0.02063103529258581, 0.014136838164240606, 0.007186920144080733, 0.0027340383396151635, 0.002578787983877673, 0.0025607883639814366, 0.0025576823374019453, 0.0025552553558836344, 0.0025550130123362935, 0.0025549998140544927]}, "1": {"maxiter": 100, "gtol": 1e-05, "xrtol": 1e-05, "eps": 1e-10, "duration": 0.0353848934173584, "fun": "0.0025549998141517483", "jac": "[ 1.11022293e-06  7.77156053e-06 -2.22044587e-06 -3.33066880e-06\n  7.77156053e-06  0.00000000e+00]", "hess_inv": "[[ 2.89719558 -0.22195999  0.07670883  1.46164988  1.3353202   0.49796907]\n [-0.22195999  3.63043912  1.5448118  -0.36144404 -1.21089116  1.14214211]\n [ 0.07670883  1.5448118   3.62296826  1.01474316 -1.07318023  1.30163059]\n [ 1.46164988 -0.36144404  1.01474316  2.75656733  0.40554854  0.55911107]\n [ 1.3353202  -1.21089116 -1.07318023  0.40554854  2.75183791 -0.56601201]\n [ 0.49796907  1.14214211  1.30163059  0.55911107 -0.56601201  1.75942611]]", "nfev": "119", "njev": "17", "status": "0", "success": "True", "message": "Optimization terminated successfully.", "x": "[1.94755933 3.33151855 2.9495408  4.54700536 1.31740461 6.19117698]", "nit": "14", "callback": [0.48125424110243054, 0.3595424701191705, 0.23711566653228766, 0.05907973358766627, 0.020633568939892877, 0.014137812675285355, 0.007187868709860323, 0.0027338416169802038, 0.002578723714304232, 0.0025608054070778152, 0.0025576865691550044, 0.002555258744703637, 0.002555013872478029, 0.0025549998141517483]}, "2": {"maxiter": 100, "gtol": 1e-05, "xrtol": 1e-10, "eps": 1e-05, "duration": 0.03220701217651367, "fun": "0.0025549998140544927", "jac": "[ 4.06197298e-07  6.14391871e-06 -2.75774958e-06 -4.35077530e-06\n  4.92336172e-06  7.96129829e-07]", "hess_inv": "[[ 2.86997754 -0.22216627  0.05465863  1.43411649  1.33074795  0.4812481 ]\n [-0.22216627  3.65436621  1.56479227 -0.36052826 -1.21631794  1.15265748]\n [ 0.05465863  1.56479227  3.63118601  1.00083679 -1.08705176  1.29945899]\n [ 1.43411649 -0.36052826  1.00083679  2.73471973  0.39670405  0.5446196 ]\n [ 1.33074795 -1.21631794 -1.08705176  0.39670405  2.75469565 -0.57247397]\n [ 0.4812481   1.15265748  1.29945899  0.5446196  -0.57247397  1.75447447]]", "nfev": "119", "njev": "17", "status": "0", "success": "True", "message": "Optimization terminated successfully.", "x": "[1.94754722 3.33149566 2.94953123 4.54699702 1.3174129  6.1911792 ]", "nit": "14", "callback": [0.4812532428925661, 0.35954041542994686, 0.2371120862232079, 0.059075000292913904, 0.02063103529258581, 0.014136838164240606, 0.007186920144080733, 0.0027340383396151635, 0.002578787983877673, 0.0025607883639814366, 0.0025576823374019453, 0.0025552553558836344, 0.0025550130123362935, 0.0025549998140544927]}, "3": {"maxiter": 100, "gtol": 1e-05, "xrtol": 1e-10, "eps": 1e-10, "duration": 0.033653974533081055, "fun": "0.0025549998141517483", "jac": "[ 1.11022293e-06  7.77156053e-06 -2.22044587e-06 -3.33066880e-06\n  7.77156053e-06  0.00000000e+00]", "hess_inv": "[[ 2.89719558 -0.22195999  0.07670883  1.46164988  1.3353202   0.49796907]\n [-0.22195999  3.63043912  1.5448118  -0.36144404 -1.21089116  1.14214211]\n [ 0.07670883  1.5448118   3.62296826  1.01474316 -1.07318023  1.30163059]\n [ 1.46164988 -0.36144404  1.01474316  2.75656733  0.40554854  0.55911107]\n [ 1.3353202  -1.21089116 -1.07318023  0.40554854  2.75183791 -0.56601201]\n [ 0.49796907  1.14214211  1.30163059  0.55911107 -0.56601201  1.75942611]]", "nfev": "119", "njev": "17", "status": "0", "success": "True", "message": "Optimization terminated successfully.", "x": "[1.94755933 3.33151855 2.9495408  4.54700536 1.31740461 6.19117698]", "nit": "14", "callback": [0.48125424110243054, 0.3595424701191705, 0.23711566653228766, 0.05907973358766627, 0.020633568939892877, 0.014137812675285355, 0.007187868709860323, 0.0027338416169802038, 0.002578723714304232, 0.0025608054070778152, 0.0025576865691550044, 0.002555258744703637, 0.002555013872478029, 0.0025549998141517483]}, "4": {"maxiter": 100, "gtol": 1e-10, "xrtol": 1e-05, "eps": 1e-05, "duration": 0.034735679626464844, "fun": "0.002554999680964065", "jac": "[-1.27198252e-07  2.17448282e-07 -3.12916359e-07 -2.11564100e-07\n  1.71562764e-07 -1.01141318e-07]", "hess_inv": "[[ 2.84599201 -0.21112441 -0.0109321   1.37202745  1.35115267  0.45422893]\n [-0.21112441  3.80709155  1.48772202 -0.49077083 -1.142641    1.15987308]\n [-0.0109321   1.48772202  3.52473201  0.93900495 -1.0877175   1.22912255]\n [ 1.37202745 -0.49077083  0.93900495  2.73384497  0.36591806  0.47993416]\n [ 1.35115267 -1.142641   -1.0877175   0.36591806  2.78106536 -0.55223779]\n [ 0.45422893  1.15987308  1.22912255  0.47993416 -0.55223779  1.72421085]]", "nfev": "126", "njev": "18", "status": "0", "success": "True", "message": "Optimization terminated successfully.", "x": "[1.94754629 3.33147903 2.94954028 4.54701178 1.31740471 6.19117872]", "nit": "15", "callback": [0.4812532428925661, 0.35954041542994686, 0.2371120862232079, 0.059075000292913904, 0.02063103529258581, 0.014136838164240606, 0.007186920144080733, 0.0027340383396151635, 0.002578787983877673, 0.0025607883639814366, 0.0025576823374019453, 0.0025552553558836344, 0.0025550130123362935, 0.0025549998140544927, 0.002554999680964065]}, "5": {"maxiter": 100, "gtol": 1e-10, "xrtol": 1e-05, "eps": 1e-10, "duration": 0.032071828842163086, "fun": "0.002554999677319314", "jac": "[ 1.11022293e-06  0.00000000e+00  0.00000000e+00 -1.11022293e-06\n -2.22044587e-06  2.22044587e-06]", "hess_inv": "[[ 2.91943775 -0.16054614  0.02487093  1.41084624  1.40457065  0.48663015]\n [-0.16054614  3.77853282  1.47170665 -0.44963555 -1.07723107  1.14276719]\n [ 0.02487093  1.47170665  3.51547628  0.96333673 -1.04694648  1.22394554]\n [ 1.41084624 -0.44963555  0.96333673  2.74630685  0.3869284   0.50757399]\n [ 1.40457065 -1.07723107 -1.04694648  0.3869284   2.81324688 -0.5157529 ]\n [ 0.48663015  1.14276719  1.22394554  0.50757399 -0.5157529   1.71772981]]", "nfev": "126", "njev": "18", "status": "0", "success": "True", "message": "Optimization terminated successfully.", "x": "[1.94755117 3.3314995  2.94954849 4.54701556 1.31738852 6.19117598]", "nit": "15", "callback": [0.48125424110243054, 0.3595424701191705, 0.23711566653228766, 0.05907973358766627, 0.020633568939892877, 0.014137812675285355, 0.007187868709860323, 0.0027338416169802038, 0.002578723714304232, 0.0025608054070778152, 0.0025576865691550044, 0.002555258744703637, 0.002555013872478029, 0.0025549998141517483, 0.002554999677319314]}, "6": {"maxiter": 100, "gtol": 1e-10, "xrtol": 1e-10, "eps": 1e-05, "duration": 0.10352683067321777, "fun": "0.0025549996647871165", "jac": "[ 1.93274285e-06 -5.30619992e-07  1.17001964e-06 -1.58436597e-06\n -6.13697981e-07  3.16857651e-07]", "hess_inv": "[[ 14008.44881951  21920.56913029  -3008.91135668   9910.50421453\n  -17847.59364635 -21094.57119234]\n [ 21920.56913029  34312.27424739  -4707.08063673  15508.12550634\n  -27936.57699151 -33014.17527092]\n [ -3008.91135668  -4707.08063673    648.87409846  -2127.27232695\n    3832.55400866   4531.35806015]\n [  9910.50421453  15508.12550634  -2127.27232695   7013.19539072\n  -12627.4933606  -14923.48508937]\n [-17847.59364635 -27936.57699151   3832.55400866 -12627.4933606\n   22748.95658947  26881.69295566]\n [-21094.57119234 -33014.17527092   4531.35806015 -14923.48508937\n   26881.69295566  31771.64452193]]", "nfev": "403", "njev": "56", "status": "2", "success": "False", "message": "Desired error not necessarily achieved due to precision loss.", "x": "[1.94732968 3.33113651 2.94959053 4.54685748 1.31768295 6.19151029]", "nit": "27", "callback": [0.4812532428925661, 0.35954041542994686, 0.2371120862232079, 0.059075000292913904, 0.02063103529258581, 0.014136838164240606, 0.007186920144080733, 0.0027340383396151635, 0.002578787983877673, 0.0025607883639814366, 0.0025576823374019453, 0.0025552553558836344, 0.0025550130123362935, 0.0025549998140544927, 0.002554999680964065, 0.002554999673616165, 0.002554999673402003, 0.0025549996732847635, 0.00255499967312256, 0.002554999672883418, 0.0025549996725073854, 0.0025549996719215207, 0.002554999671017799, 0.002554999669677094, 0.0025549996678598808, 0.0025549996657927565, 0.0025549996647871165]}, "7": {"maxiter": 100, "gtol": 1e-10, "xrtol": 1e-10, "eps": 1e-10, "duration": 0.09774327278137207, "fun": "0.0025549996611293757", "jac": "[-3.33066880e-06  1.11022293e-06  0.00000000e+00  5.55111466e-06\n  0.00000000e+00 -2.22044587e-06]", "hess_inv": "[[ 0.45048616 -1.09456771 -0.2446935   1.01867504 -0.14293204  0.90760468]\n [-1.09456771  2.6805591   0.59702244 -2.49034001  0.33764877 -2.21782229]\n [-0.2446935   0.59702244  0.13380209 -0.55859653  0.07747455 -0.49310725]\n [ 1.01867504 -2.49034001 -0.55859653  2.3353263  -0.32221702  2.05334392]\n [-0.14293204  0.33764877  0.07747455 -0.32221702  0.05262954 -0.280563  ]\n [ 0.90760468 -2.21782229 -0.49310725  2.05334392 -0.280563    1.84154007]]", "nfev": "378", "njev": "54", "status": "0", "success": "True", "message": "Optimization terminated successfully.", "x": "[1.9475544  3.33148336 2.9495434  4.5470256  1.31739893 6.19117051]", "nit": "29", "callback": [0.48125424110243054, 0.3595424701191705, 0.23711566653228766, 0.05907973358766627, 0.020633568939892877, 0.014137812675285355, 0.007187868709860323, 0.0027338416169802038, 0.002578723714304232, 0.0025608054070778152, 0.0025576865691550044, 0.002555258744703637, 0.002555013872478029, 0.0025549998141517483, 0.002554999677319314, 0.00255499966964301, 0.0025549996644980144, 0.002554999664462154, 0.002554999664451718, 0.002554999664441615, 0.002554999664396762, 0.0025549996643390305, 0.002554999663888391, 0.0025549996614373516, 0.002554999661360413, 0.0025549996611394787, 0.002554999661129931, 0.0025549996611297088, 0.0025549996611293757]}, "8": {"maxiter": 500, "gtol": 1e-05, "xrtol": 1e-05, "eps": 1e-05, "duration": 0.03542590141296387, "fun": "0.0025549998140544927", "jac": "[ 4.06197298e-07  6.14391871e-06 -2.75774958e-06 -4.35077530e-06\n  4.92336172e-06  7.96129829e-07]", "hess_inv": "[[ 2.86997754 -0.22216627  0.05465863  1.43411649  1.33074795  0.4812481 ]\n [-0.22216627  3.65436621  1.56479227 -0.36052826 -1.21631794  1.15265748]\n [ 0.05465863  1.56479227  3.63118601  1.00083679 -1.08705176  1.29945899]\n [ 1.43411649 -0.36052826  1.00083679  2.73471973  0.39670405  0.5446196 ]\n [ 1.33074795 -1.21631794 -1.08705176  0.39670405  2.75469565 -0.57247397]\n [ 0.4812481   1.15265748  1.29945899  0.5446196  -0.57247397  1.75447447]]", "nfev": "119", "njev": "17", "status": "0", "success": "True", "message": "Optimization terminated successfully.", "x": "[1.94754722 3.33149566 2.94953123 4.54699702 1.3174129  6.1911792 ]", "nit": "14", "callback": [0.4812532428925661, 0.35954041542994686, 0.2371120862232079, 0.059075000292913904, 0.02063103529258581, 0.014136838164240606, 0.007186920144080733, 0.0027340383396151635, 0.002578787983877673, 0.0025607883639814366, 0.0025576823374019453, 0.0025552553558836344, 0.0025550130123362935, 0.0025549998140544927]}, "9": {"maxiter": 500, "gtol": 1e-05, "xrtol": 1e-05, "eps": 1e-10, "duration": 0.030128955841064453, "fun": "0.0025549998141517483", "jac": "[ 1.11022293e-06  7.77156053e-06 -2.22044587e-06 -3.33066880e-06\n  7.77156053e-06  0.00000000e+00]", "hess_inv": "[[ 2.89719558 -0.22195999  0.07670883  1.46164988  1.3353202   0.49796907]\n [-0.22195999  3.63043912  1.5448118  -0.36144404 -1.21089116  1.14214211]\n [ 0.07670883  1.5448118   3.62296826  1.01474316 -1.07318023  1.30163059]\n [ 1.46164988 -0.36144404  1.01474316  2.75656733  0.40554854  0.55911107]\n [ 1.3353202  -1.21089116 -1.07318023  0.40554854  2.75183791 -0.56601201]\n [ 0.49796907  1.14214211  1.30163059  0.55911107 -0.56601201  1.75942611]]", "nfev": "119", "njev": "17", "status": "0", "success": "True", "message": "Optimization terminated successfully.", "x": "[1.94755933 3.33151855 2.9495408  4.54700536 1.31740461 6.19117698]", "nit": "14", "callback": [0.48125424110243054, 0.3595424701191705, 0.23711566653228766, 0.05907973358766627, 0.020633568939892877, 0.014137812675285355, 0.007187868709860323, 0.0027338416169802038, 0.002578723714304232, 0.0025608054070778152, 0.0025576865691550044, 0.002555258744703637, 0.002555013872478029, 0.0025549998141517483]}, "10": {"maxiter": 500, "gtol": 1e-05, "xrtol": 1e-10, "eps": 1e-05, "duration": 0.03787589073181152, "fun": "0.0025549998140544927", "jac": "[ 4.06197298e-07  6.14391871e-06 -2.75774958e-06 -4.35077530e-06\n  4.92336172e-06  7.96129829e-07]", "hess_inv": "[[ 2.86997754 -0.22216627  0.05465863  1.43411649  1.33074795  0.4812481 ]\n [-0.22216627  3.65436621  1.56479227 -0.36052826 -1.21631794  1.15265748]\n [ 0.05465863  1.56479227  3.63118601  1.00083679 -1.08705176  1.29945899]\n [ 1.43411649 -0.36052826  1.00083679  2.73471973  0.39670405  0.5446196 ]\n [ 1.33074795 -1.21631794 -1.08705176  0.39670405  2.75469565 -0.57247397]\n [ 0.4812481   1.15265748  1.29945899  0.5446196  -0.57247397  1.75447447]]", "nfev": "119", "njev": "17", "status": "0", "success": "True", "message": "Optimization terminated successfully.", "x": "[1.94754722 3.33149566 2.94953123 4.54699702 1.3174129  6.1911792 ]", "nit": "14", "callback": [0.4812532428925661, 0.35954041542994686, 0.2371120862232079, 0.059075000292913904, 0.02063103529258581, 0.014136838164240606, 0.007186920144080733, 0.0027340383396151635, 0.002578787983877673, 0.0025607883639814366, 0.0025576823374019453, 0.0025552553558836344, 0.0025550130123362935, 0.0025549998140544927]}, "11": {"maxiter": 500, "gtol": 1e-05, "xrtol": 1e-10, "eps": 1e-10, "duration": 0.03386521339416504, "fun": "0.0025549998141517483", "jac": "[ 1.11022293e-06  7.77156053e-06 -2.22044587e-06 -3.33066880e-06\n  7.77156053e-06  0.00000000e+00]", "hess_inv": "[[ 2.89719558 -0.22195999  0.07670883  1.46164988  1.3353202   0.49796907]\n [-0.22195999  3.63043912  1.5448118  -0.36144404 -1.21089116  1.14214211]\n [ 0.07670883  1.5448118   3.62296826  1.01474316 -1.07318023  1.30163059]\n [ 1.46164988 -0.36144404  1.01474316  2.75656733  0.40554854  0.55911107]\n [ 1.3353202  -1.21089116 -1.07318023  0.40554854  2.75183791 -0.56601201]\n [ 0.49796907  1.14214211  1.30163059  0.55911107 -0.56601201  1.75942611]]", "nfev": "119", "njev": "17", "status": "0", "success": "True", "message": "Optimization terminated successfully.", "x": "[1.94755933 3.33151855 2.9495408  4.54700536 1.31740461 6.19117698]", "nit": "14", "callback": [0.48125424110243054, 0.3595424701191705, 0.23711566653228766, 0.05907973358766627, 0.020633568939892877, 0.014137812675285355, 0.007187868709860323, 0.0027338416169802038, 0.002578723714304232, 0.0025608054070778152, 0.0025576865691550044, 0.002555258744703637, 0.002555013872478029, 0.0025549998141517483]}, "12": {"maxiter": 500, "gtol": 1e-10, "xrtol": 1e-05, "eps": 1e-05, "duration": 0.03803300857543945, "fun": "0.002554999680964065", "jac": "[-1.27198252e-07  2.17448282e-07 -3.12916359e-07 -2.11564100e-07\n  1.71562764e-07 -1.01141318e-07]", "hess_inv": "[[ 2.84599201 -0.21112441 -0.0109321   1.37202745  1.35115267  0.45422893]\n [-0.21112441  3.80709155  1.48772202 -0.49077083 -1.142641    1.15987308]\n [-0.0109321   1.48772202  3.52473201  0.93900495 -1.0877175   1.22912255]\n [ 1.37202745 -0.49077083  0.93900495  2.73384497  0.36591806  0.47993416]\n [ 1.35115267 -1.142641   -1.0877175   0.36591806  2.78106536 -0.55223779]\n [ 0.45422893  1.15987308  1.22912255  0.47993416 -0.55223779  1.72421085]]", "nfev": "126", "njev": "18", "status": "0", "success": "True", "message": "Optimization terminated successfully.", "x": "[1.94754629 3.33147903 2.94954028 4.54701178 1.31740471 6.19117872]", "nit": "15", "callback": [0.4812532428925661, 0.35954041542994686, 0.2371120862232079, 0.059075000292913904, 0.02063103529258581, 0.014136838164240606, 0.007186920144080733, 0.0027340383396151635, 0.002578787983877673, 0.0025607883639814366, 0.0025576823374019453, 0.0025552553558836344, 0.0025550130123362935, 0.0025549998140544927, 0.002554999680964065]}, "13": {"maxiter": 500, "gtol": 1e-10, "xrtol": 1e-05, "eps": 1e-10, "duration": 0.039253950119018555, "fun": "0.002554999677319314", "jac": "[ 1.11022293e-06  0.00000000e+00  0.00000000e+00 -1.11022293e-06\n -2.22044587e-06  2.22044587e-06]", "hess_inv": "[[ 2.91943775 -0.16054614  0.02487093  1.41084624  1.40457065  0.48663015]\n [-0.16054614  3.77853282  1.47170665 -0.44963555 -1.07723107  1.14276719]\n [ 0.02487093  1.47170665  3.51547628  0.96333673 -1.04694648  1.22394554]\n [ 1.41084624 -0.44963555  0.96333673  2.74630685  0.3869284   0.50757399]\n [ 1.40457065 -1.07723107 -1.04694648  0.3869284   2.81324688 -0.5157529 ]\n [ 0.48663015  1.14276719  1.22394554  0.50757399 -0.5157529   1.71772981]]", "nfev": "126", "njev": "18", "status": "0", "success": "True", "message": "Optimization terminated successfully.", "x": "[1.94755117 3.3314995  2.94954849 4.54701556 1.31738852 6.19117598]", "nit": "15", "callback": [0.48125424110243054, 0.3595424701191705, 0.23711566653228766, 0.05907973358766627, 0.020633568939892877, 0.014137812675285355, 0.007187868709860323, 0.0027338416169802038, 0.002578723714304232, 0.0025608054070778152, 0.0025576865691550044, 0.002555258744703637, 0.002555013872478029, 0.0025549998141517483, 0.002554999677319314]}, "14": {"maxiter": 500, "gtol":