{"date": "2024/09/23/, 23:35:32", "conf_id": 139, "data_type": "orthogonal\n", "num_data_points": 3, "s_rank": 0, "unitary": "[[-0.24866696+0.58742286j,-0.44704345-0.43151574j,-0.35669027-0.20570733j,-0.10517633+0.1626036j],[0.10596805-0.19687975j,-0.30269685-0.15056416j,0.18246286+0.30440582j,-0.83484447-0.11310748j],[0.26054512-0.52548482j,0.0285017-0.50723956j,-0.43110112+0.17165838j,0.15243271+0.39915801j],[0.42978035+0.11991271j,-0.17224126-0.46030424j,0.6827807-0.15164662j,0.26483638+0.0061855j]]", "databatch_0": {"databatch": "[[[-0.15943343+0.17954406j,-0.0391437+0.4047713j,-0.20998155+0.34634704j,-0.11019897+0.19011224j],[0.21028412+0.06629718j,-0.00646772+0.12230077j,-0.19626159-0.36367027j,0.11272386+0.45370636j],[-0.09534796-0.10659752j,-0.03599457-0.08278015j,-0.00876803-0.11265196j,-0.01135843-0.09854608j],[0.02176883+0.07383089j,0.04877362+0.10330749j,0.16562823-0.06098165j,-0.0684695+0.07528081j]],[[-0.18031811+0.01285452j,0.05063884+0.27961124j,-0.11759105+0.25402456j,-0.15156048+0.13687768j],[0.11692937+0.02547884j,-0.0698079+0.01569092j,-0.04936506-0.22686149j,0.15376274+0.32956428j],[-0.43162718-0.20071476j,0.08428935-0.02290042j,0.06643329-0.15842399j,0.11096496+0.06490361j],[0.02937742+0.05100353j,0.04246428+0.40167606j,0.19571445-0.2099058j,0.0419493-0.17297731j]],[[-0.0447772-0.07266442j,0.1015496+0.18015016j,-0.16530523+0.048279j,-0.04143152+0.24011502j],[-0.01396852+0.07478504j,-0.15052887+0.12414705j,-0.1228751-0.07355875j,0.0930386+0.33890289j],[-0.4836542-0.17191492j,0.07188937-0.04591895j,0.15648981-0.11330773j,0.10598401+0.13258219j],[0.03280823+0.06018065j,-0.02509621+0.41729087j,0.09140916-0.24792069j,0.07729586-0.28441956j]]]", "initial param values": "[0.61260422,4.72966706,6.15028374,2.12683329,5.27868804,1.87174929]", "nelder_mead": {"type": "gradient-free", "0": {"maxiter": 100, "fatol": 1e-05, "xatol": 1e-05, "duration": 0.0498201847076416, "fun": "0.6419892288587901", "nit": "100", "nfev": "153", "status": "2", "success": "False", "message": "Maximum number of iterations has been exceeded.", "x": "[0.13240069 6.05947229 4.50346957 4.45495661 5.91601077 1.76836706]", "final_simplex": "(array([[0.13240069, 6.05947229, 4.50346957, 4.45495661, 5.91601077,\n        1.76836706],\n       [0.15991634, 6.06276669, 4.48341358, 4.44511919, 5.7786621 ,\n        1.66976742],\n       [0.12299406, 5.94175866, 4.68062846, 4.44518035, 5.76805969,\n        1.830154  ],\n       [0.1764848 , 5.92672203, 4.58021559, 4.37780919, 5.76323937,\n        1.72746319],\n       [0.13793182, 6.20340306, 4.33950204, 4.465824  , 5.71767202,\n        1.71691676],\n       [0.12750464, 6.05241473, 4.42949731, 4.43712179, 5.81588387,\n        1.82936655],\n       [0.15149049, 6.24768537, 4.2650835 , 4.35548623, 5.8025737 ,\n        1.69428787]]), array([0.64198923, 0.64391123, 0.64462663, 0.64478847, 0.6447938 ,\n       0.64510644, 0.64599308]))", "callback": [0.8612463236713548, 0.7282201777148705, 0.7114048940276455, 0.6817828332252824, 0.6609052154154051, 0.6609052154154051, 0.6517301649875689, 0.6491366193417514, 0.6459930825152023]}, "1": {"maxiter": 100, "fatol": 1e-05, "xatol": 1e-10, "duration": 0.0535120964050293, "fun": "0.6419892288587901", "nit": "100", "nfev": "153", "status": "2", "success": "False", "message": "Maximum number of iterations has been exceeded.", "x": "[0.13240069 6.05947229 4.50346957 4.45495661 5.91601077 1.76836706]", "final_simplex": "(array([[0.13240069, 6.05947229, 4.50346957, 4.45495661, 5.91601077,\n        1.76836706],\n       [0.15991634, 6.06276669, 4.48341358, 4.44511919, 5.7786621 ,\n        1.66976742],\n       [0.12299406, 5.94175866, 4.68062846, 4.44518035, 5.76805969,\n        1.830154  ],\n       [0.1764848 , 5.92672203, 4.58021559, 4.37780919, 5.76323937,\n        1.72746319],\n       [0.13793182, 6.20340306, 4.33950204, 4.465824  , 5.71767202,\n        1.71691676],\n       [0.12750464, 6.05241473, 4.42949731, 4.43712179, 5.81588387,\n        1.82936655],\n       [0.15149049, 6.24768537, 4.2650835 , 4.35548623, 5.8025737 ,\n        1.69428787]]), array([0.64198923, 0.64391123, 0.64462663, 0.64478847, 0.6447938 ,\n       0.64510644, 0.64599308]))", "callback": [0.8612463236713548, 0.7282201777148705, 0.7114048940276455, 0.6817828332252824, 0.6609052154154051, 0.6609052154154051, 0.6517301649875689, 0.6491366193417514, 0.6459930825152023]}, "2": {"maxiter": 100, "fatol": 1e-10, "xatol": 1e-05, "duration": 0.05412006378173828, "fun": "0.6419892288587901", "nit": "100", "nfev": "153", "status": "2", "success": "False", "message": "Maximum number of iterations has been exceeded.", "x": "[0.13240069 6.05947229 4.50346957 4.45495661 5.91601077 1.76836706]", "final_simplex": "(array([[0.13240069, 6.05947229, 4.50346957, 4.45495661, 5.91601077,\n        1.76836706],\n       [0.15991634, 6.06276669, 4.48341358, 4.44511919, 5.7786621 ,\n        1.66976742],\n       [0.12299406, 5.94175866, 4.68062846, 4.44518035, 5.76805969,\n        1.830154  ],\n       [0.1764848 , 5.92672203, 4.58021559, 4.37780919, 5.76323937,\n        1.72746319],\n       [0.13793182, 6.20340306, 4.33950204, 4.465824  , 5.71767202,\n        1.71691676],\n       [0.12750464, 6.05241473, 4.42949731, 4.43712179, 5.81588387,\n        1.82936655],\n       [0.15149049, 6.24768537, 4.2650835 , 4.35548623, 5.8025737 ,\n        1.69428787]]), array([0.64198923, 0.64391123, 0.64462663, 0.64478847, 0.6447938 ,\n       0.64510644, 0.64599308]))", "callback": [0.8612463236713548, 0.7282201777148705, 0.7114048940276455, 0.6817828332252824, 0.6609052154154051, 0.6609052154154051, 0.6517301649875689, 0.6491366193417514, 0.6459930825152023]}, "3": {"maxiter": 100, "fatol": 1e-10, "xatol": 1e-10, "duration": 0.05065178871154785, "fun": "0.6419892288587901", "nit": "100", "nfev": "153", "status": "2", "success": "False", "message": "Maximum number of iterations has been exceeded.", "x": "[0.13240069 6.05947229 4.50346957 4.45495661 5.91601077 1.76836706]", "final_simplex": "(array([[0.13240069, 6.05947229, 4.50346957, 4.45495661, 5.91601077,\n        1.76836706],\n       [0.15991634, 6.06276669, 4.48341358, 4.44511919, 5.7786621 ,\n        1.66976742],\n       [0.12299406, 5.94175866, 4.68062846, 4.44518035, 5.76805969,\n        1.830154  ],\n       [0.1764848 , 5.92672203, 4.58021559, 4.37780919, 5.76323937,\n        1.72746319],\n       [0.13793182, 6.20340306, 4.33950204, 4.465824  , 5.71767202,\n        1.71691676],\n       [0.12750464, 6.05241473, 4.42949731, 4.43712179, 5.81588387,\n        1.82936655],\n       [0.15149049, 6.24768537, 4.2650835 , 4.35548623, 5.8025737 ,\n        1.69428787]]), array([0.64198923, 0.64391123, 0.64462663, 0.64478847, 0.6447938 ,\n       0.64510644, 0.64599308]))", "callback": [0.8612463236713548, 0.7282201777148705, 0.7114048940276455, 0.6817828332252824, 0.6609052154154051, 0.6609052154154051, 0.6517301649875689, 0.6491366193417514, 0.6459930825152023]}, "4": {"maxiter": 500, "fatol": 1e-05, "xatol": 1e-05, "duration": 0.22991108894348145, "fun": "0.5074648455997102", "nit": "432", "nfev": "665", "status": "0", "success": "True", "message": "Optimization terminated successfully.", "x": "[1.1914059  6.59751405 4.08856843 4.53977857 5.96249466 2.04982974]", "final_simplex": "(array([[1.1914059 , 6.59751405, 4.08856843, 4.53977857, 5.96249466,\n        2.04982974],\n       [1.19140429, 6.597517  , 4.08856655, 4.53978573, 5.9624904 ,\n        2.04982158],\n       [1.19140071, 6.59751208, 4.0885739 , 4.5397839 , 5.96249342,\n        2.04982303],\n       [1.19140742, 6.59751174, 4.08857445, 4.53978637, 5.96249477,\n        2.04982537],\n       [1.19140488, 6.59751485, 4.08857046, 4.53977808, 5.96249099,\n        2.04982147],\n       [1.19141057, 6.5975081 , 4.08857053, 4.53978104, 5.96248835,\n        2.04983275],\n       [1.1914054 , 6.59750954, 4.08856611, 4.5397803 , 5.96249682,\n        2.0498234 ]]), array([0.50746485, 0.50746485, 0.50746485, 0.50746485, 0.50746485,\n       0.50746485, 0.50746485]))", "callback": [0.8612463236713548, 0.7282201777148705, 0.7114048940276455, 0.6817828332252824, 0.6609052154154051, 0.6609052154154051, 0.6517301649875689, 0.6491366193417514, 0.6459930825152023, 0.6419892288587901, 0.640850051431356, 0.6400016421155468, 0.6389470428960637, 0.635631561900676, 0.6200534514569465, 0.5953859268825119, 0.5646516525932712, 0.5355190594723904, 0.5184675056101351, 0.5131144891350199, 0.5094515930278423, 0.5093883017493099, 0.5083771836489015, 0.5082271048156539, 0.5080711237969051, 0.5079903989677674, 0.5079021542953746, 0.507796427108979, 0.5077568308175142, 0.5076971495828921, 0.507588255254853, 0.5075225477499763, 0.5074752014796189, 0.5074661798365818, 0.5074652430639872, 0.5074649975457557, 0.5074648745691617, 0.507464853942776, 0.5074648470943826, 0.5074648460418372, 0.5074648456778443, 0.5074648456213102, 0.5074648455997102]}, "5": {"maxiter": 500, "fatol": 1e-05, "xatol": 1e-10, "duration": 0.22278594970703125, "fun": "0.5074648455945818", "nit": "500", "nfev": "785", "status": "2", "success": "False", "message": "Maximum number of iterations has been exceeded.", "x": "[1.19140257 6.59751472 4.08856808 4.53978363 5.96249125 2.04983014]", "final_simplex": "(array([[1.19140257, 6.59751472, 4.08856808, 4.53978363, 5.96249125,\n        2.04983014],\n       [1.19140261, 6.59751467, 4.08856814, 4.53978364, 5.96249125,\n        2.04983016],\n       [1.1914026 , 6.59751471, 4.08856813, 4.53978362, 5.96249125,\n        2.04983017],\n       [1.19140259, 6.59751468, 4.08856813, 4.53978361, 5.96249124,\n        2.04983014],\n       [1.1914026 , 6.59751467, 4.08856812, 4.53978363, 5.96249125,\n        2.04983018],\n       [1.19140259, 6.59751471, 4.08856811, 4.53978361, 5.96249128,\n        2.04983015],\n       [1.19140261, 6.59751468, 4.08856811, 4.53978361, 5.96249126,\n        2.04983016]]), array([0.50746485, 0.50746485, 0.50746485, 0.50746485, 0.50746485,\n       0.50746485, 0.50746485]))", "callback": [0.8612463236713548, 0.7282201777148705, 0.7114048940276455, 0.6817828332252824, 0.6609052154154051, 0.6609052154154051, 0.6517301649875689, 0.6491366193417514, 0.6459930825152023, 0.6419892288587901, 0.640850051431356, 0.6400016421155468, 0.6389470428960637, 0.635631561900676, 0.6200534514569465, 0.5953859268825119, 0.5646516525932712, 0.5355190594723904, 0.5184675056101351, 0.5131144891350199, 0.5094515930278423, 0.5093883017493099, 0.5083771836489015, 0.5082271048156539, 0.5080711237969051, 0.5079903989677674, 0.5079021542953746, 0.507796427108979, 0.5077568308175142, 0.5076971495828921, 0.507588255254853, 0.5075225477499763, 0.5074752014796189, 0.5074661798365818, 0.5074652430639872, 0.5074649975457557, 0.5074648745691617, 0.507464853942776, 0.5074648470943826, 0.5074648460418372, 0.5074648456778443, 0.5074648456213102, 0.5074648455997102, 0.5074648455965498, 0.5074648455950175, 0.5074648455946702, 0.5074648455945945, 0.5074648455945832, 0.5074648455945818]}, "6": {"maxiter": 500, "fatol": 1e-10, "xatol": 1e-05, "duration": 0.22913408279418945, "fun": "0.5074648455997102", "nit": "432", "nfev": "665", "status": "0", "success": "True", "message": "Optimization terminated successfully.", "x": "[1.1914059  6.59751405 4.08856843 4.53977857 5.96249466 2.04982974]", "final_simplex": "(array([[1.1914059 , 6.59751405, 4.08856843, 4.53977857, 5.96249466,\n        2.04982974],\n       [1.19140429, 6.597517  , 4.08856655, 4.53978573, 5.9624904 ,\n        2.04982158],\n       [1.19140071, 6.59751208, 4.0885739 , 4.5397839 , 5.96249342,\n        2.04982303],\n       [1.19140742, 6.59751174, 4.08857445, 4.53978637, 5.96249477,\n        2.04982537],\n       [1.19140488, 6.59751485, 4.08857046, 4.53977808, 5.96249099,\n        2.04982147],\n       [1.19141057, 6.5975081 , 4.08857053, 4.53978104, 5.96248835,\n        2.04983275],\n       [1.1914054 , 6.59750954, 4.08856611, 4.5397803 , 5.96249682,\n        2.0498234 ]]), array([0.50746485, 0.50746485, 0.50746485, 0.50746485, 0.50746485,\n       0.50746485, 0.50746485]))", "callback": [0.8612463236713548, 0.7282201777148705, 0.7114048940276455, 0.6817828332252824, 0.6609052154154051, 0.6609052154154051, 0.6517301649875689, 0.6491366193417514, 0.6459930825152023, 0.6419892288587901, 0.640850051431356, 0.6400016421155468, 0.6389470428960637, 0.635631561900676, 0.6200534514569465, 0.5953859268825119, 0.5646516525932712, 0.5355190594723904, 0.5184675056101351, 0.5131144891350199, 0.5094515930278423, 0.5093883017493099, 0.5083771836489015, 0.5082271048156539, 0.5080711237969051, 0.5079903989677674, 0.5079021542953746, 0.507796427108979, 0.5077568308175142, 0.5076971495828921, 0.507588255254853, 0.5075225477499763, 0.5074752014796189, 0.5074661798365818, 0.5074652430639872, 0.5074649975457557, 0.5074648745691617, 0.507464853942776, 0.5074648470943826, 0.5074648460418372, 0.5074648456778443, 0.5074648456213102, 0.5074648455997102]}, "7": {"maxiter": 500, "fatol": 1e-10, "xatol": 1e-10, "duration": 0.2316598892211914, "fun": "0.5074648455945818", "nit": "500", "nfev": "785", "status": "2", "success": "False", "message": "Maximum number of iterations has been exceeded.", "x": "[1.19140257 6.59751472 4.08856808 4.53978363 5.96249125 2.04983014]", "final_simplex": "(array([[1.19140257, 6.59751472, 4.08856808, 4.53978363, 5.96249125,\n        2.04983014],\n       [1.19140261, 6.59751467, 4.08856814, 4.53978364, 5.96249125,\n        2.04983016],\n       [1.1914026 , 6.59751471, 4.08856813, 4.53978362, 5.96249125,\n        2.04983017],\n       [1.19140259, 6.59751468, 4.08856813, 4.53978361, 5.96249124,\n        2.04983014],\n       [1.1914026 , 6.59751467, 4.08856812, 4.53978363, 5.96249125,\n        2.04983018],\n       [1.19140259, 6.59751471, 4.08856811, 4.53978361, 5.96249128,\n        2.04983015],\n       [1.19140261, 6.59751468, 4.08856811, 4.53978361, 5.96249126,\n        2.04983016]]), array([0.50746485, 0.50746485, 0.50746485, 0.50746485, 0.50746485,\n       0.50746485, 0.50746485]))", "callback": [0.8612463236713548, 0.7282201777148705, 0.7114048940276455, 0.6817828332252824, 0.6609052154154051, 0.6609052154154051, 0.6517301649875689, 0.6491366193417514, 0.6459930825152023, 0.6419892288587901, 0.640850051431356, 0.6400016421155468, 0.6389470428960637, 0.635631561900676, 0.6200534514569465, 0.5953859268825119, 0.5646516525932712, 0.5355190594723904, 0.5184675056101351, 0.5131144891350199, 0.5094515930278423, 0.5093883017493099, 0.5083771836489015, 0.5082271048156539, 0.5080711237969051, 0.5079903989677674, 0.5079021542953746, 0.507796427108979, 0.5077568308175142, 0.5076971495828921, 0.507588255254853, 0.5075225477499763, 0.5074752014796189, 0.5074661798365818, 0.5074652430639872, 0.5074649975457557, 0.5074648745691617, 0.507464853942776, 0.5074648470943826, 0.5074648460418372, 0.5074648456778443, 0.5074648456213102, 0.5074648455997102, 0.5074648455965498, 0.5074648455950175, 0.5074648455946702, 0.5074648455945945, 0.5074648455945832, 0.5074648455945818]}, "8": {"maxiter": 1000, "fatol": 1e-05, "xatol": 1e-05, "duration": 0.19164180755615234, "fun": "0.5074648455997102", "nit": "432", "nfev": "665", "status": "0", "success": "True", "message": "Optimization terminated successfully.", "x": "[1.1914059  6.59751405 4.08856843 4.53977857 5.96249466 2.04982974]", "final_simplex": "(array([[1.1914059 , 6.59751405, 4.08856843, 4.53977857, 5.96249466,\n        2.04982974],\n       [1.19140429, 6.597517  , 4.08856655, 4.53978573, 5.9624904 ,\n        2.04982158],\n       [1.19140071, 6.59751208, 4.0885739 , 4.5397839 , 5.96249342,\n        2.04982303],\n       [1.19140742, 6.59751174, 4.08857445, 4.53978637, 5.96249477,\n        2.04982537],\n       [1.19140488, 6.59751485, 4.08857046, 4.53977808, 5.96249099,\n        2.04982147],\n       [1.19141057, 6.5975081 , 4.08857053, 4.53978104, 5.96248835,\n        2.04983275],\n       [1.1914054 , 6.59750954, 4.08856611, 4.5397803 , 5.96249682,\n        2.0498234 ]]), array([0.50746485, 0.50746485, 0.50746485, 0.50746485, 0.50746485,\n       0.50746485, 0.50746485]))", "callback": [0.8612463236713548, 0.7282201777148705, 0.7114048940276455, 0.6817828332252824, 0.6609052154154051, 0.6609052154154051, 0.6517301649875689, 0.6491366193417514, 0.6459930825152023, 0.6419892288587901, 0.640850051431356, 0.6400016421155468, 0.6389470428960637, 0.635631561900676, 0.6200534514569465, 0.5953859268825119, 0.5646516525932712, 0.5355190594723904, 0.5184675056101351, 0.5131144891350199, 0.5094515930278423, 0.5093883017493099, 0.5083771836489015, 0.5082271048156539, 0.5080711237969051, 0.5079903989677674, 0.5079021542953746, 0.507796427108979, 0.5077568308175142, 0.5076971495828921, 0.507588255254853, 0.5075225477499763, 0.5074752014796189, 0.5074661798365818, 0.5074652430639872, 0.5074649975457557, 0.5074648745691617, 0.507464853942776, 0.5074648470943826, 0.5074648460418372, 0.5074648456778443, 0.5074648456213102, 0.5074648455997102]}, "9": {"maxiter": 1000, "fatol": 1e-05, "xatol": 1e-10, "duration": 0.2524700164794922, "fun": "0.5074648455945816", "nit": "513", "nfev": "864", "status": "0", "success": "True", "message": "Optimization terminated successfully.", "x": "[1.19140258 6.59751471 4.08856813 4.53978363 5.96249125 2.04983015]", "final_simplex": "(array([[1.19140258, 6.59751471, 4.08856813, 4.53978363, 5.96249125,\n        2.04983015],\n       [1.19140258, 6.59751471, 4.08856813, 4.53978363, 5.96249125,\n        2.04983015],\n       [1.19140258, 6.59751471, 4.08856813, 4.53978363, 5.96249125,\n        2.04983015],\n       [1.19140258, 6.59751471, 4.08856813, 4.53978363, 5.96249125,\n        2.04983015],\n       [1.19140258, 6.59751471, 4.08856813, 4.53978363, 5.96249125,\n        2.04983015],\n       [1.19140258, 6.59751471, 4.08856813, 4.53978363, 5.96249125,\n        2.04983015],\n       [1.19140258, 6.59751471, 4.08856813, 4.53978363, 5.96249125,\n        2.04983015]]), array([0.50746485, 0.50746485, 0.50746485, 0.50746485, 0.50746485,\n       0.50746485, 0.50746485]))", "callback": [0.8612463236713548, 0.7282201777148705, 0.7114048940276455, 0.6817828332252824, 0.6609052154154051, 0.6609052154154051, 0.6517301649875689, 0.6491366193417514, 0.6459930825152023, 0.6419892288587901, 0.640850051431356, 0.6400016421155468, 0.6389470428960637, 0.635631561900676, 0.6200534514569465, 0.5953859268825119, 0.5646516525932712, 0.5355190594723904, 0.5184675056101351, 0.5131144891350199, 0.5094515930278423, 0.5093883017493099, 0.5083771836489015, 0.5082271048156539, 0.5080711237969051, 0.5079903989677674, 0.5079021542953746, 0.507796427108979, 0.5077568308175142, 0.5076971495828921, 0.507588255254853, 0.5075225477499763, 0.5074752014796189, 0.5074661798365818, 0.5074652430639872, 0.5074649975457557, 0.5074648745691617, 0.507464853942776, 0.5074648470943826, 0.5074648460418372, 0.5074648456778443, 0.5074648456213102, 0.5074648455997102, 0.5074648455965498, 0.5074648455950175, 0.5074648455946702, 0.5074648455945945, 0.5074648455945832, 0.5074648455945818, 0.5074648455945816, 0.5074648455945816]}, "10": {"maxiter": 1000, "fatol": 1e-10, "xatol": 1e-05, "duration": 0.18338418006896973, "fun": "0.5074648455997102", "nit": "432", "nfev": "665", "status": "0", "success": "True", "message": "Optimization terminated successfully.", "x": "[1.1914059  6.59751405 4.08856843 4.53977857 5.96249466 2.04982974]", "final_simplex": "(array([[1.1914059 , 6.59751405, 4.08856843, 4.53977857, 5.96249466,\n        2.04982974],\n       [1.19140429, 6.597517  , 4.08856655, 4.53978573, 5.9624904 ,\n        2.04982158],\n       [1.19140071, 6.59751208, 4.0885739 , 4.5397839 , 5.96249342,\n        2.04982303],\n       [1.19140742, 6.59751174, 4.08857445, 4.53978637, 5.96249477,\n        2.04982537],\n       [1.19140488, 6.59751485, 4.08857046, 4.53977808, 5.96249099,\n        2.04982147],\n       [1.19141057, 6.5975081 , 4.08857053, 4.53978104, 5.96248835,\n        2.04983275],\n       [1.1914054 , 6.59750954, 4.08856611, 4.5397803 , 5.96249682,\n        2.0498234 ]]), array([0.50746485, 0.50746485, 0.50746485, 0.50746485, 0.50746485,\n       0.50746485, 0.50746485]))", "callback": [0.8612463236713548, 0.7282201777148705, 0.7114048940276455, 0.6817828332252824, 0.6609052154154051, 0.6609052154154051, 0.6517301649875689, 0.6491366193417514, 0.6459930825152023, 0.6419892288587901, 0.640850051431356, 0.6400016421155468, 0.6389470428960637, 0.635631561900676, 0.6200534514569465, 0.5953859268825119, 0.5646516525932712, 0.5355190594723904, 0.5184675056101351, 0.5131144891350199, 0.5094515930278423, 0.5093883017493099, 0.5083771836489015, 0.5082271048156539, 0.5080711237969051, 0.5079903989677674, 0.5079021542953746, 0.507796427108979, 0.5077568308175142, 0.5076971495828921, 0.507588255254853, 0.5075225477499763, 0.5074752014796189, 0.5074661798365818, 0.5074652430639872, 0.5074649975457557, 0.5074648745691617, 0.507464853942776, 0.5074648470943826, 0.5074648460418372, 0.5074648456778443, 0.5074648456213102, 0.5074648455997102]}, "11": {"maxiter": 1000, "fatol": 1e-10, "xatol": 1e-10, "duration": 0.221282958984375, "fun": "0.5074648455945816", "nit": "513", "nfev": "864", "status": "0", "success": "True", "message": "Optimization terminated successfully.", "x": "[1.19140258 6.59751471 4.08856813 4.53978363 5.96249125 2.04983015]", "final_simplex": "(array([[1.19140258, 6.59751471, 4.08856813, 4.53978363, 5.96249125,\n        2.04983015],\n       [1.19140258, 6.59751471, 4.08856813, 4.53978363, 5.96249125,\n        2.04983015],\n       [1.19140258, 6.59751471, 4.08856813, 4.53978363, 5.96249125,\n        2.04983015],\n       [1.19140258, 6.59751471, 4.08856813, 4.53978363, 5.96249125,\n        2.04983015],\n       [1.19140258, 6.59751471, 4.08856813, 4.53978363, 5.96249125,\n        2.04983015],\n       [1.19140258, 6.59751471, 4.08856813, 4.53978363, 5.96249125,\n        2.04983015],\n       [1.19140258, 6.59751471, 4.08856813, 4.53978363, 5.96249125,\n        2.04983015]]), array([0.50746485, 0.50746485, 0.50746485, 0.50746485, 0.50746485,\n       0.50746485, 0.50746485]))", "callback": [0.8612463236713548, 0.7282201777148705, 0.7114048940276455, 0.6817828332252824, 0.6609052154154051, 0.6609052154154051, 0.6517301649875689, 0.6491366193417514, 0.6459930825152023, 0.6419892288587901, 0.640850051431356, 0.6400016421155468, 0.6389470428960637, 0.635631561900676, 0.6200534514569465, 0.5953859268825119, 0.5646516525932712, 0.5355190594723904, 0.5184675056101351, 0.5131144891350199, 0.5094515930278423, 0.5093883017493099, 0.5083771836489015, 0.5082271048156539, 0.5080711237969051, 0.5079903989677674, 0.5079021542953746, 0.507796427108979, 0.5077568308175142, 0.5076971495828921, 0.507588255254853, 0.5075225477499763, 0.5074752014796189, 0.5074661798365818, 0.5074652430639872, 0.5074649975457557, 0.5074648745691617, 0.507464853942776, 0.5074648470943826, 0.5074648460418372, 0.5074648456778443, 0.5074648456213102, 0.5074648455997102, 0.5074648455965498, 0.5074648455950175, 0.5074648455946702, 0.5074648455945945, 0.5074648455945832, 0.5074648455945818, 0.5074648455945816, 0.5074648455945816]}}, "bfgs": {"type": "gradient", "0": {"maxiter": 100, "gtol": 1e-05, "xrtol": 1e-05, "eps": 1e-05, "duration": 0.04643702507019043, "fun": "0.5074648463245233", "jac": "[ 9.81337234e-06 -2.25834906e-06  1.93134397e-07  2.87998514e-06\n -1.48131729e-05  6.65960620e-06]", "hess_inv": "[[ 3.46177314  0.45854403 -0.6603961  -0.6631215   1.13472784 -0.43213787]\n [ 0.45854403  6.54487643 -4.93680617  0.46257524 -1.09566121 -1.2257126 ]\n [-0.6603961  -4.93680617 10.00426315 -1.00100502  1.10336485  2.00992895]\n [-0.6631215   0.46257524 -1.00100502  4.19214309  0.01097511 -0.25465113]\n [ 1.13472784 -1.09566121  1.10336485  0.01097511  2.71239471  1.41803362]\n [-0.43213787 -1.2257126   2.00992895 -0.25465113  1.41803362  4.44562451]]", "nfev": "182", "njev": "26", "status": "0", "success": "True", "message": "Optimization terminated successfully.", "x": "[1.19143635 6.59750855 4.08856532 4.53978817 5.96242518 2.04984565]", "nit": "23", "callback": [0.5194711087865145, 0.5074650213716008]}, "1": {"maxiter": 100, "gtol": 1e-05, "xrtol": 1e-05, "eps": 1e-10, "duration": 0.04726982116699219, "fun": "0.5074648463811093", "jac": "[ 1.11022293e-05 -2.22044587e-06 -2.22044587e-06  2.22044587e-06\n -1.55431211e-05  4.44089173e-06]", "hess_inv": "[[ 3.24227351  0.54140254 -0.84178611 -0.76156892  0.82022493 -0.80349883]\n [ 0.54140254  6.59020611 -5.00904079  0.32799363 -1.21888362 -1.3448423 ]\n [-0.84178611 -5.00904079 10.07602418 -0.79772027  1.17316813  2.11651705]\n [-0.76156892  0.32799363 -0.79772027  4.46085603  0.14749118  0.02746998]\n [ 0.82022493 -1.21888362  1.17316813  0.14749118  2.55169565  1.32746182]\n [-0.80349883 -1.3448423   2.11651705  0.02746998  1.32746182  4.47330199]]", "nfev": "182", "njev": "26", "status": "0", "success": "True", "message": "Optimization terminated successfully.", "x": "[1.19144237 6.59751625 4.08855481 4.53977811 5.96242046 2.04983333]", "nit": "23", "callback": [0.5194692389569737, 0.5074650226658035]}, "2": {"maxiter": 100, "gtol": 1e-05, "xrtol": 1e-10, "eps": 1e-05, "duration": 0.04630398750305176, "fun": "0.5074648456645487", "jac": "[ 3.99678068e-06  1.34718903e-06  4.87299090e-07 -1.35087497e-06\n -2.63213895e-06  6.72750744e-07]", "hess_inv": "[[ 3.15349843 -0.12684085 -0.37100451 -0.08498784  0.64028993 -0.06130677]\n [-0.12684085  6.35933461 -4.8391418   0.61948559 -0.63842386 -1.33325019]\n [-0.37100451 -4.8391418   9.95308341 -1.08461043  0.88627921  2.05788504]\n [-0.08498784  0.61948559 -1.08461043  4.06393218 -0.48029871 -0.12536379]\n [ 0.64028993 -0.63842386  0.88627921 -0.48029871  4.02420086  0.78905448]\n [-0.06130677 -1.33325019  2.05788504 -0.12536379  0.78905448  4.71103305]]", "nfev": "189", "njev": "27", "status": "0", "success": "True", "message": "Optimization terminated successfully.", "x": "[1.19141532 6.59752272 4.08855866 4.53977263 5.96247302 2.04982352]", "nit": "24", "callback": [0.5194711087865145, 0.5074650213716008]}, "3": {"maxiter": 100, "gtol": 1e-05, "xrtol": 1e-10, "eps": 1e-10, "duration": 0.049551963806152344, "fun": "0.5074648458194453", "jac": "[ 2.22044587e-06  0.00000000e+00  2.22044587e-06 -4.44089173e-06\n -6.66133760e-06  0.00000000e+00]", "hess_inv": "[[ 3.32701681  0.01782907 -0.48156111 -0.10449133  0.58241605 -0.04238548]\n [ 0.01782907  5.73176776 -3.79391724  0.7621997  -0.62519211 -0.47714757]\n [-0.48156111 -3.79391724  8.71505444 -1.78208662  0.89828723  0.66970073]\n [-0.10449133  0.7621997  -1.78208662  4.62199738 -0.73515167 -0.18631211]\n [ 0.58241605 -0.62519211  0.89828723 -0.73515167  3.03175023  0.38308957]\n [-0.04238548 -0.47714757  0.66970073 -0.18631211  0.38308957  3.72933171]]", "nfev": "189", "njev": "27", "status": "0", "success": "True", "message": "Optimization terminated successfully.", "x": "[1.19141387 6.59751107 4.08858603 4.53975614 5.96246165 2.04982403]", "nit": "24", "callback": [0.5194692389569737, 0.5074650226658035]}, "4": {"maxiter": 100, "gtol": 1e-10, "xrtol": 1e-05, "eps": 1e-05, "duration": 0.04868793487548828, "fun": "0.5074648463245233", "jac": "[ 9.81337234e-06 -2.25834906e-06  1.93134397e-07  2.87998514e-06\n -1.48131729e-05  6.65960620e-06]", "hess_inv": "[[ 3.46177314  0.45854403 -0.6603961  -0.6631215   1.13472784 -0.43213787]\n [ 0.45854403  6.54487643 -4.93680617  0.46257524 -1.09566121 -1.2257126 ]\n [-0.6603961  -4.93680617 10.00426315 -1.00100502  1.10336485  2.00992895]\n [-0.6631215   0.46257524 -1.00100502  4.19214309  0.01097511 -0.25465113]\n [ 1.13472784 -1.09566121  1.10336485  0.01097511  2.71239471  1.41803362]\n [-0.43213787 -1.2257126   2.00992895 -0.25465113  1.41803362  4.44562451]]", "nfev": "182", "njev": "26", "status": "0", "success": "True", "message": "Optimization terminated successfully.", "x": "[1.19143635 6.59750855 4.08856532 4.53978817 5.96242518 2.04984565]", "nit": "23", "callback": [0.5194711087865145, 0.5074650213716008]}, "5": {"maxiter": 100, "gtol": 1e-10, "xrtol": 1e-05, "eps": 1e-10, "duration": 0.04654383659362793, "fun": "0.5074648463811093", "jac": "[ 1.11022293e-05 -2.22044587e-06 -2.22044587e-06  2.22044587e-06\n -1.55431211e-05  4.44089173e-06]", "hess_inv": "[[ 3.24227351  0.54140254 -0.84178611 -0.76156892  0.82022493 -0.80349883]\n [ 0.54140254  6.59020611 -5.00904079  0.32799363 -1.21888362 -1.3448423 ]\n [-0.84178611 -5.00904079 10.07602418 -0.79772027  1.17316813  2.11651705]\n [-0.76156892  0.32799363 -0.79772027  4.46085603  0.14749118  0.02746998]\n [ 0.82022493 -1.21888362  1.17316813  0.14749118  2.55169565  1.32746182]\n [-0.80349883 -1.3448423   2.11651705  0.02746998  1.32746182  4.47330199]]", "nfev": "182", "njev": "26", "status": "0", "success": "True", "message": "Optimization terminated successfully.", "x": "[1.19144237 6.59751625 4.08855481 4.53977811 5.96242046 2.04983333]", "nit": "23", "callback": [0.5194692389569737, 0.5074650226658035]}, "6": {"maxiter": 100, "gtol": 1e-10, "xrtol": 1e-10, "eps": 1e-05, "duration": 0.05308699607849121, "fun": "0.5074648456101782", "jac": "[2.22044605e-11 2.22044605e-11 2.22044605e-11 4.44089210e-11\n 4.44089210e-11 2.22044605e-11]", "hess_inv": "[[ 4.09688334e+00  3.43366488e-01 -5.87786441e-01 -4.23489727e-01\n  -5.30385919e-02 -9.89721725e-03]\n [ 3.43366488e-01  6.69249283e+00 -5.02185360e+00  3.94046387e-01\n  -1.02802906e+00 -1.39367398e+00]\n [-5.87786441e-01 -5.02185360e+00  1.00552043e+01 -9.58696393e-01\n   1.05324916e+00  2.11085528e+00]\n [-4.23489727e-01  3.94046387e-01 -9.58696393e-01  4.20963204e+00\n  -1.74590767e-01 -9.44540783e-02]\n [-5.30385919e-02 -1.02802906e+00  1.05324916e+00 -1.74590767e-01\n   4.39205672e+00  7.87869726e-01]\n [-9.89721725e-03 -1.39367398e+00  2.11085528e+00 -9.44540783e-02\n   7.87869726e-01  4.78868376e+00]]", "nfev": "224", "njev": "32", "status": "0", "success": "True", "message": "Optimization terminated successfully.", "x": "[1.19139785 6.59751326 4.08856312 4.53977978 5.96248518 2.04982329]", "nit": "29", "callback": [0.5194711087865145, 0.5074650213716008]}, "7": {"maxiter": 100, "gtol": 1e-10, "xrtol": 1e-10, "eps": 1e-10, "duration": 0.05163288116455078, "fun": "0.507464845597166", "jac": "[0. 0. 0. 0. 0. 0.]", "hess_inv": "[[ 3.6551689  -2.71981071  5.34641374 -1.24665732  0.0475586   0.65286263]\n [-2.71981071  3.1119903  -4.2962883   0.97851792 -0.24830824 -0.48128208]\n [ 5.34641374 -4.2962883  19.82184414 -3.77338527 -1.30883133  2.266459  ]\n [-1.24665732  0.97851792 -3.77338527  5.36990635  0.75700115 -0.03449931]\n [ 0.0475586  -0.24830824 -1.30883133  0.75700115  4.35025368  0.86493319]\n [ 0.65286263 -0.48128208  2.266459   -0.03449931  0.86493319  4.13505947]]", "nfev": "217", "njev": "31", "status": "0", "success": "True", "message": "Optimization terminated successfully.", "x": "[1.19140311 6.59751406 4.08856453 4.539786   5.96249367 2.04983072]", "nit": "28", "callback": [0.5194692389569737, 0.5074650226658035]}, "8": {"maxiter": 500, "gtol": 1e-05, "xrtol": 1e-05, "eps": 1e-05, "duration": 0.04993605613708496, "fun": "0.5074648463245233", "jac": "[ 9.81337234e-06 -2.25834906e-06  1.93134397e-07  2.87998514e-06\n -1.48131729e-05  6.65960620e-06]", "hess_inv": "[[ 3.46177314  0.45854403 -0.6603961  -0.6631215   1.13472784 -0.43213787]\n [ 0.45854403  6.54487643 -4.93680617  0.46257524 -1.09566121 -1.2257126 ]\n [-0.6603961  -4.93680617 10.00426315 -1.00100502  1.10336485  2.00992895]\n [-0.6631215   0.46257524 -1.00100502  4.19214309  0.01097511 -0.25465113]\n [ 1.13472784 -1.09566121  1.10336485  0.01097511  2.71239471  1.41803362]\n [-0.43213787 -1.2257126   2.00992895 -0.25465113  1.41803362  4.44562451]]", "nfev": "182", "njev": "26", "status": "0", "success": "True", "message": "Optimization terminated successfully.", "x": "[1.19143635 6.59750855 4.08856532 4.53978817 5.96242518 2.04984565]", "nit": "23", "callback": [0.5194711087865145, 0.5074650213716008]}, "9": {"maxiter": 500, "gtol": 1e-05, "xrtol": 1e-05, "eps": 1e-10, "duration": 0.04819297790527344, "fun": "0.5074648463811093", "jac": "[ 1.11022293e-05 -2.22044587e-06 -2.22044587e-06  2.22044587e-06\n -1.55431211e-05  4.44089173e-06]", "hess_inv": "[[ 3.24227351  0.54140254 -0.84178611 -0.76156892  0.82022493 -0.80349883]\n [ 0.54140254  6.59020611 -5.00904079  0.32799363 -1.21888362 -1.3448423 ]\n [-0.84178611 -5.00904079 10.07602418 -0.79772027  1.17316813  2.11651705]\n [-0.76156892  0.32799363 -0.79772027  4.46085603  0.14749118  0.02746998]\n [ 0.82022493 -1.21888362  1.17316813  0.14749118  2.55169565  1.32746182]\n [-0.80349883 -1.3448423   2.11651705  0.02746998  1.32746182  4.47330199]]", "nfev": "182", "njev": "26", "status": "0", "success": "True", "message": "Optimization terminated successfully.", "x": "[1.19144237 6.59751625 4.08855481 4.53977811 5.96242046 2.04983333]", "nit": "23", "callback": [0.5194692389569737, 0.5074650226658035]}, "10": {"maxiter": 500, "gtol": 1e-05, "xrtol": 1e-10, "eps": 1e-05, "duration": 0.04785895347595215, "fun": "0.5074648456645487", "jac": "[ 3.99678068e-06  1.34718903e-06  4.87299090e-07 -1.35087497e-06\n -2.63213895e-06  6.72750744e-07]", "hess_inv": "[[ 3.15349843 -0.12684085 -0.37100451 -0.08498784  0.64028993 -0.06130677]\n [-0.12684085  6.35933461 -4.8391418   0.61948559 -0.63842386 -1.33325019]\n [-0.37100451 -4.8391418   9.95308341 -1.08461043  0.88627921  2.05788504]\n [-0.08498784  0.61948559 -1.08461043  4.06393218 -0.48029871 -0.12536379]\n [ 0.64028993 -0.63842386  0.88627921 -0.48029871  4.02420086  0.78905448]\n [-0.06130677 -1.33325019  2.05788504 -0.12536379  0.78905448  4.71103305]]", "nfev": "189", "njev": "27", "status": "0", "success": "True", "message": "Optimization terminated successfully.", "x": "[1.19141532 6.59752272 4.08855866 4.53977263 5.96247302 2.04982352]", "nit": "24", "callback": [0.5194711087865145, 0.5074650213716008]}, "11": {"maxiter": 500, "gtol": 1e-05, "xrtol": 1e-10, "eps": 1e-10, "duration": 0.04518914222717285, "fun": "0.5074648458194453", "jac": "[ 2.22044587e-06  0.00000000e+00  2.22044587e-06 -4.44089173e-06\n -6.66133760e-06  0.00000000e+00]", "hess_inv": "[[ 3.32701681  0.01782907 -0.48156111 -0.10449133  0.58241605 -0.04238548]\n [ 0.01782907  5.73176776 -3.79391724  0.7621997  -0.62519211 -0.47714757]\n [-0.48156111 -3.79391724  8.71505444 -1.78208662  0.89828723  0.66970073]\n [-0.10449133  0.7621997  -1.78208662  4.62199738 -0.73515167 -0.18631211]\n [ 0.58241605 -0.62519211  0.89828723 -0.73515167  3.03175023  0.38308957]\n [-0.04238548 -0.47714757  0.66970073 -0.18631211  0.38308957  3.72933171]]", "nfev": "189", "njev": "27", "status": "0", "success": "True", "message": "Optimization terminated successfully.", "x": "[1.19141387 6.59751107 4.08858603 4.53975614 5.96246165 2.04982403]", "nit": "24", "callback": [0.5194692389569737, 0.5074650226658035]}, "12": {"maxiter": 500, "gtol": 1e-10, "xrtol": 1e-05, "eps": 1e-05, "duration": 0.04266691207885742, "fun": "0.5074648463245233", "jac": "[ 9.81337234e-06 -2.25834906e-06  1.93134397e-07  2.87998514e-06\n -1.48131729e-05  6.65960620e-06]", "hess_inv": "[[ 3.46177314  0.45854403 -0.6603961  -0.6631215   1.13472784 -0.43213787]\n [ 0.45854403  6.54487643 -4.93680617  0.46257524 -1.09566121 -1.2257126 ]\n [-0.6603961  -4.93680617 10.00426315 -1.00100502  1.10336485  2.00992895]\n [-0.6631215   0.46257524 -1.00100502  4.19214309  0.01097511 -0.25465113]\n [ 1.13472784 -1.09566121  1.10336485  0.01097511  2.71239471  1.41803362]\n [-0.43213787 -1.2257126   2.00992895 -0.25465113  1.41803362  4.44562451]]", "nfev": "182", "njev": "26", "status": "0", "success": "True", "message": "Optimization terminated successfully.", "x": "[1.19143635 6.59750855 4.08856532 4.53978817 5.96242518 2.04984565]", "nit": "23", "callback": [0.5194711087865145, 0.5074650213716008]}, "13": {"maxiter": 500, "gtol": 1e-10, "xrtol": 1e-05, "eps": 1e-10, "duration": 0.04287290573120117, "fun": "0.5074648463811093", "jac": "[ 1.11022293e-05 -2.22044587e-06 -2.22044587e-06  2.22044587e-06\n -1.55431211e-05  4.44089173e-06]", "hess_inv": "[[ 3.24227351  0.54140254 -0.84178611 -0.76156892  0.82022493 -0.80349883]\n [ 0.54140254  6.59020611 -5.00904079  0.32799363 -1.21888362 -1.3448423 ]\n [-0.84178611 -5.00904079 10.07602418 -0.79772027  1.17316813  2.11651705]\n [-0.76156892  0.32799363 -0.79772027  4.46085603  0.14749118  0.02746998]\n [ 0.82022493 -1.21888362  1.17316813  0.14749118  2.55169565  1.32746182]\n [-0.80349883 -1.3448423   2.11651705  0.02746998  1.32746182  4.47330199]]", "nfev": "182", "njev": "26", "status": "0", "success": "True", "message": "Optimization terminated successfully.", "x": "[1.19144237 6.59751625 4.08855481 4.53977811 5.96242046 2.04983333]", "nit": "23", "callback": [0.5194692389569737, 0.5074650226658035]}, "14": {"maxiter": 500, "gtol": 1e-10, "xrtol": 1e-10, "eps": 1e-05, "duration": 0.05705118179321289, "fun": "0.5074648456101782", "jac": "[2.22044605e-11 2.22044605e-11 2.22044605e-11 4.44089210e-11\n 4.44089210e-11 2.22044605e-11]", "hess_inv": "[[ 4.09688334e+00  3.43366488e-01 -5.87786441e-01 -4.23489727e-01\n  -5.30385919e-02 -9.89721725e-03]\n [ 3.43366488e-01  6.69249283e+00 -5.02185360e+00  3.94046387e-01\n  -1.02802906e+00 -1.39367398e+00]\n [-5.87786441e-01 -5.02185360e+00  1.00552043e+01 -9.58696393e-01\n   1.05324916e+00  2.11085528e+00]\n [-4.23489727e-01  3.94046387e-01 -9.58696393e-01  4.20963204e+00\n  -1.74590767e-01 -9.44540783e-02]\n [-5.30385919e-02 -1.02802906e+00  1.05324916e+00 -1.74590767e-01\n   4.39205672e+00  7.87869726e-01]\n [-9.89721725e-03 -1.39367398e+00  2.11085528e+00 -9.44540783e-02\n   7.87869726e-01  4.78868376e+00]]", "nfev": "224", "njev": "32", "status": "0", "success": "True", "message": "Optimization terminated successfully.", "x": "[1.19139785 6.59751326 4.08856312 4.53977978 5.96248518 2.04982329]", "nit": "29", "callback": [0.5194711087865145, 0.5074650213716008]}, "15": {"maxiter": 500, "gtol": 1e-10, "xrtol": 1e-10, "eps": 1e-10, "duration": 0.053147077560424805, "fun": "0.507464845597166", "jac": "[0. 0. 0. 0. 0. 0.]", "hess_inv": "[[ 3.6551689  -2.71981071  5.34641374 -1.24665732  0.0475586   0.65286263]\n [-2.71981071  3.1119903  -4.2962883   0.97851792 -0.24830824 -0.48128208]\n [ 5.34641374 -4.2962883  19.82184414 -3.77338527 -1.30883133  2.266459  ]\n [-1.24665732  0.97851792 -3.77338527  5.36990635  0.75700115 -0.03449931]\n [ 0.0475586  -0.24830824 -1.30883133  0.75700115  4.35025368  0.86493319]\n [ 0.65286263 -0.48128208  2.266459   -0.03449931  0.86493319  4.13505947]]", "nfev": "217", "njev": "31", "status": "0", "success": "True", "message": "Optimization terminated successfully.", "x": "[1.19140311 6.59751406 4.08856453 4.539786   5.96249367 2.04983072]", "nit": "28", "callback": [0.5194692389569737, 0.5074650226658035]}, "16": {"maxiter": 1000, "gtol": 1e-05, "xrtol": 1e-05, "eps": 1e-05, "duration": 0.044409990310668945, "fun": "0.5074648463245233", "jac": "[ 9.81337234e-06 -2.25834906e-06  1.93134397e-07  2.87998514e-06\n -1.48131729e-05  6.65960620e-06]", "hess_inv": "[[ 3.46177314  0.45854403 -0.6603961  -0.6631215   1.13472784 -0.43213787]\n [ 0.45854403  6.54487643 -4.93680617  0.46257524 -1.09566121 -1.2257126 ]\n [-0.6603961  -4.93680617 10.00426315 -1.00100502  1.10336485  2.00992895]\n [-0.6631215   0.46257524 -1.00100502  4.19214309  0.01097511 -0.25465113]\n [ 1.13472784 -1.09566121  1.10336485  0.01097511  2.71239471  1.41803362]\n [-0.43213787 -1.2257126   2.00992895 -0.25465113  1.41803362  4.44562451]]", "nfev": "182", "njev": "26", "status": "0", "success": "True", "message": "Optimization terminated successfully.", "x": "[1.19143635 6.59750855 4.08856532 4.53978817 5.96242518 2.04984565]", "nit": "23", "callback": [0.5194711087865145, 0.5074650213716008]}, "17": {"maxiter": 1000, "gtol": 1e-05, "xrtol": 1e-05, "eps": 1e-10, "duration": 0.04916214942932129, "fun": "0.5074648463811093", "jac": "[ 1.11022293e-05 -2.22044587e-06 -2.22044587e-06  2.22044587e-06\n -1.55431211e-05  4.44089173e-06]", "hess_inv": "[[ 3.24227351  0.54140254 -0.84178611 -0.76156892  0.82022493 -0.80349883]\n [ 0.54140