{"date": "2024/09/23/, 14:54:31", "conf_id": 22, "data_type": "random\n", "num_data_points": 2, "s_rank": 0, "unitary": "[[0.18663085-0.53122324j,-0.11886349-0.70040876j,0.28555095-0.02789305j,-0.12262021-0.2844587j],[-0.16702216+0.27758472j,0.27526351-0.29738586j,-0.01109314+0.22495461j,-0.77239203+0.28900673j],[0.61935415+0.12301792j,-0.31269928-0.03315917j,-0.61902762-0.19039079j,-0.27120731-0.0968989j],[0.42341754+0.0023929j,-0.05847358+0.47832119j,0.64900495-0.16218422j,-0.37182676-0.05229966j]]", "databatch_0": {"databatch": "[[[-0.01219503+0.19009235j,-0.36594094+0.115394j,-0.10128934-0.1949634j,-0.21900409+0.36866865j],[0.01828515-0.00456424j,0.02187674+0.03102603j,-0.01533321+0.01540798j,0.04133445+0.00956249j],[-0.09929985+0.08630659j,-0.23436314-0.12373223j,0.04659163-0.14441838j,-0.28743527+0.07142184j],[-0.16671345-0.07449823j,0.01864526-0.36735463j,0.20902392-0.02583439j,-0.25802726-0.31999941j]],[[0.05840079-0.17806603j,0.3106467+0.01650018j,-0.37512013+0.10265758j,-0.25175941-0.0574327j],[0.16158398-0.14438195j,0.30133732+0.19644129j,-0.43487885-0.11453187j,-0.2186948-0.20329865j],[0.00515193+0.03424945j,-0.05265662+0.02308412j,0.05340128-0.04811269j,0.04633533-0.01143413j],[0.01868798-0.12947889j,0.21558943-0.02610723j,-0.24555514+0.11581304j,-0.18003361-0.00913756j]]]", "initial param values": "[6.15285584,4.81163371,2.43330117,5.68736793,0.93246729,0.52278366]", "nelder_mead": {"type": "gradient-free", "0": {"maxiter": 100, "fatol": 1e-05, "xatol": 1e-05, "duration": 0.0634617805480957, "fun": "0.3364593868839666", "nit": "100", "nfev": "149", "status": "2", "success": "False", "message": "Maximum number of iterations has been exceeded.", "x": "[5.69134988 5.74853148 0.34320773 3.77503002 1.46141889 0.43555153]", "final_simplex": "(array([[5.69134988, 5.74853148, 0.34320773, 3.77503002, 1.46141889,\n        0.43555153],\n       [5.65220852, 5.94748625, 0.30461143, 3.92003472, 1.46221549,\n        0.38721072],\n       [5.73670423, 5.73039023, 0.36356512, 3.87351412, 1.44524904,\n        0.41380692],\n       [5.56974356, 5.75905762, 0.39149792, 3.93392467, 1.46701159,\n        0.42391197],\n       [5.74321989, 5.62956293, 0.24815995, 3.75272648, 1.5011408 ,\n        0.43801378],\n       [5.65961593, 5.88543549, 0.51468704, 3.96115253, 1.42162553,\n        0.38809561],\n       [5.60344722, 5.95610289, 0.34509602, 3.85069586, 1.46403431,\n        0.36443228]]), array([0.33645939, 0.33978757, 0.33995796, 0.34076713, 0.34092203,\n       0.34165605, 0.3420761 ]))", "callback": [0.507942355474122, 0.4675189639792552, 0.4553726186419579, 0.4158930473327769, 0.3844447903852115, 0.36271051877650073, 0.3566783809848296, 0.3524829475939485, 0.3450236525897745]}, "1": {"maxiter": 100, "fatol": 1e-05, "xatol": 1e-10, "duration": 0.06487607955932617, "fun": "0.3364593868839666", "nit": "100", "nfev": "149", "status": "2", "success": "False", "message": "Maximum number of iterations has been exceeded.", "x": "[5.69134988 5.74853148 0.34320773 3.77503002 1.46141889 0.43555153]", "final_simplex": "(array([[5.69134988, 5.74853148, 0.34320773, 3.77503002, 1.46141889,\n        0.43555153],\n       [5.65220852, 5.94748625, 0.30461143, 3.92003472, 1.46221549,\n        0.38721072],\n       [5.73670423, 5.73039023, 0.36356512, 3.87351412, 1.44524904,\n        0.41380692],\n       [5.56974356, 5.75905762, 0.39149792, 3.93392467, 1.46701159,\n        0.42391197],\n       [5.74321989, 5.62956293, 0.24815995, 3.75272648, 1.5011408 ,\n        0.43801378],\n       [5.65961593, 5.88543549, 0.51468704, 3.96115253, 1.42162553,\n        0.38809561],\n       [5.60344722, 5.95610289, 0.34509602, 3.85069586, 1.46403431,\n        0.36443228]]), array([0.33645939, 0.33978757, 0.33995796, 0.34076713, 0.34092203,\n       0.34165605, 0.3420761 ]))", "callback": [0.507942355474122, 0.4675189639792552, 0.4553726186419579, 0.4158930473327769, 0.3844447903852115, 0.36271051877650073, 0.3566783809848296, 0.3524829475939485, 0.3450236525897745]}, "2": {"maxiter": 100, "fatol": 1e-10, "xatol": 1e-05, "duration": 0.06561470031738281, "fun": "0.3364593868839666", "nit": "100", "nfev": "149", "status": "2", "success": "False", "message": "Maximum number of iterations has been exceeded.", "x": "[5.69134988 5.74853148 0.34320773 3.77503002 1.46141889 0.43555153]", "final_simplex": "(array([[5.69134988, 5.74853148, 0.34320773, 3.77503002, 1.46141889,\n        0.43555153],\n       [5.65220852, 5.94748625, 0.30461143, 3.92003472, 1.46221549,\n        0.38721072],\n       [5.73670423, 5.73039023, 0.36356512, 3.87351412, 1.44524904,\n        0.41380692],\n       [5.56974356, 5.75905762, 0.39149792, 3.93392467, 1.46701159,\n        0.42391197],\n       [5.74321989, 5.62956293, 0.24815995, 3.75272648, 1.5011408 ,\n        0.43801378],\n       [5.65961593, 5.88543549, 0.51468704, 3.96115253, 1.42162553,\n        0.38809561],\n       [5.60344722, 5.95610289, 0.34509602, 3.85069586, 1.46403431,\n        0.36443228]]), array([0.33645939, 0.33978757, 0.33995796, 0.34076713, 0.34092203,\n       0.34165605, 0.3420761 ]))", "callback": [0.507942355474122, 0.4675189639792552, 0.4553726186419579, 0.4158930473327769, 0.3844447903852115, 0.36271051877650073, 0.3566783809848296, 0.3524829475939485, 0.3450236525897745]}, "3": {"maxiter": 100, "fatol": 1e-10, "xatol": 1e-10, "duration": 0.06429409980773926, "fun": "0.3364593868839666", "nit": "100", "nfev": "149", "status": "2", "success": "False", "message": "Maximum number of iterations has been exceeded.", "x": "[5.69134988 5.74853148 0.34320773 3.77503002 1.46141889 0.43555153]", "final_simplex": "(array([[5.69134988, 5.74853148, 0.34320773, 3.77503002, 1.46141889,\n        0.43555153],\n       [5.65220852, 5.94748625, 0.30461143, 3.92003472, 1.46221549,\n        0.38721072],\n       [5.73670423, 5.73039023, 0.36356512, 3.87351412, 1.44524904,\n        0.41380692],\n       [5.56974356, 5.75905762, 0.39149792, 3.93392467, 1.46701159,\n        0.42391197],\n       [5.74321989, 5.62956293, 0.24815995, 3.75272648, 1.5011408 ,\n        0.43801378],\n       [5.65961593, 5.88543549, 0.51468704, 3.96115253, 1.42162553,\n        0.38809561],\n       [5.60344722, 5.95610289, 0.34509602, 3.85069586, 1.46403431,\n        0.36443228]]), array([0.33645939, 0.33978757, 0.33995796, 0.34076713, 0.34092203,\n       0.34165605, 0.3420761 ]))", "callback": [0.507942355474122, 0.4675189639792552, 0.4553726186419579, 0.4158930473327769, 0.3844447903852115, 0.36271051877650073, 0.3566783809848296, 0.3524829475939485, 0.3450236525897745]}, "4": {"maxiter": 500, "fatol": 1e-05, "xatol": 1e-05, "duration": 0.2959451675415039, "fun": "0.2037014142930864", "nit": "442", "nfev": "684", "status": "0", "success": "True", "message": "Optimization terminated successfully.", "x": "[5.79378321 3.43054137 0.85944104 2.1679946  0.92164809 1.42039655]", "final_simplex": "(array([[5.79378321, 3.43054137, 0.85944104, 2.1679946 , 0.92164809,\n        1.42039655],\n       [5.79378224, 3.43053497, 0.85945034, 2.16799296, 0.92164967,\n        1.42039691],\n       [5.79378155, 3.43054452, 0.8594453 , 2.16799782, 0.9216502 ,\n        1.42039542],\n       [5.79378243, 3.43053741, 0.85944939, 2.16799529, 0.92165   ,\n        1.42039919],\n       [5.79378556, 3.43054153, 0.85944442, 2.16799179, 0.92164842,\n        1.42039848],\n       [5.79378269, 3.43054254, 0.85944426, 2.16799574, 0.92165358,\n        1.42039933],\n       [5.79378474, 3.43053786, 0.85944766, 2.16799876, 0.92165256,\n        1.42039493]]), array([0.20370141, 0.20370141, 0.20370141, 0.20370141, 0.20370141,\n       0.20370141, 0.20370141]))", "callback": [0.507942355474122, 0.4675189639792552, 0.4553726186419579, 0.4158930473327769, 0.3844447903852115, 0.36271051877650073, 0.3566783809848296, 0.3524829475939485, 0.3450236525897745, 0.3364593868839666, 0.3330227412930361, 0.2885503353419634, 0.2599469183000832, 0.23669352666165056, 0.2180856153418177, 0.2180856153418177, 0.21728558198121894, 0.2163525792231924, 0.21612962709496253, 0.21545451645986669, 0.21505233633279397, 0.21477900545925876, 0.214134110585118, 0.21320630787971762, 0.2096393074928361, 0.2056140604265404, 0.2049159074830763, 0.20413471401828065, 0.2038149532349075, 0.20371979637698567, 0.2037140474791509, 0.20370634202835936, 0.2037024084722392, 0.2037017437448494, 0.2037014961158523, 0.20370147734977362, 0.2037014373960081, 0.20370142392018353, 0.2037014175176699, 0.20370141532453712, 0.20370141442417766, 0.20370141432825217, 0.2037014143025524, 0.2037014142930864]}, "5": {"maxiter": 500, "fatol": 1e-05, "xatol": 1e-10, "duration": 0.3694751262664795, "fun": "0.20370141429137434", "nit": "500", "nfev": "776", "status": "2", "success": "False", "message": "Maximum number of iterations has been exceeded.", "x": "[5.79378229 3.43054396 0.85944202 2.16799566 0.92164835 1.42039703]", "final_simplex": "(array([[5.79378229, 3.43054396, 0.85944202, 2.16799566, 0.92164835,\n        1.42039703],\n       [5.79378228, 3.43054393, 0.85944196, 2.16799553, 0.92164819,\n        1.4203972 ],\n       [5.79378241, 3.43054383, 0.85944205, 2.16799557, 0.92164824,\n        1.42039709],\n       [5.7937823 , 3.43054426, 0.85944172, 2.16799565, 0.92164821,\n        1.42039693],\n       [5.79378243, 3.43054402, 0.85944195, 2.16799552, 0.92164829,\n        1.42039704],\n       [5.7937824 , 3.43054445, 0.85944163, 2.16799571, 0.92164827,\n        1.42039714],\n       [5.79378241, 3.43054375, 0.85944228, 2.16799552, 0.92164824,\n        1.42039703]]), array([0.20370141, 0.20370141, 0.20370141, 0.20370141, 0.20370141,\n       0.20370141, 0.20370141]))", "callback": [0.507942355474122, 0.4675189639792552, 0.4553726186419579, 0.4158930473327769, 0.3844447903852115, 0.36271051877650073, 0.3566783809848296, 0.3524829475939485, 0.3450236525897745, 0.3364593868839666, 0.3330227412930361, 0.2885503353419634, 0.2599469183000832, 0.23669352666165056, 0.2180856153418177, 0.2180856153418177, 0.21728558198121894, 0.2163525792231924, 0.21612962709496253, 0.21545451645986669, 0.21505233633279397, 0.21477900545925876, 0.214134110585118, 0.21320630787971762, 0.2096393074928361, 0.2056140604265404, 0.2049159074830763, 0.20413471401828065, 0.2038149532349075, 0.20371979637698567, 0.2037140474791509, 0.20370634202835936, 0.2037024084722392, 0.2037017437448494, 0.2037014961158523, 0.20370147734977362, 0.2037014373960081, 0.20370142392018353, 0.2037014175176699, 0.20370141532453712, 0.20370141442417766, 0.20370141432825217, 0.2037014143025524, 0.2037014142930864, 0.20370141429186195, 0.2037014142914778, 0.20370141429141397, 0.2037014142913841, 0.20370141429137623]}, "6": {"maxiter": 500, "fatol": 1e-10, "xatol": 1e-05, "duration": 0.3746659755706787, "fun": "0.2037014142930864", "nit": "442", "nfev": "684", "status": "0", "success": "True", "message": "Optimization terminated successfully.", "x": "[5.79378321 3.43054137 0.85944104 2.1679946  0.92164809 1.42039655]", "final_simplex": "(array([[5.79378321, 3.43054137, 0.85944104, 2.1679946 , 0.92164809,\n        1.42039655],\n       [5.79378224, 3.43053497, 0.85945034, 2.16799296, 0.92164967,\n        1.42039691],\n       [5.79378155, 3.43054452, 0.8594453 , 2.16799782, 0.9216502 ,\n        1.42039542],\n       [5.79378243, 3.43053741, 0.85944939, 2.16799529, 0.92165   ,\n        1.42039919],\n       [5.79378556, 3.43054153, 0.85944442, 2.16799179, 0.92164842,\n        1.42039848],\n       [5.79378269, 3.43054254, 0.85944426, 2.16799574, 0.92165358,\n        1.42039933],\n       [5.79378474, 3.43053786, 0.85944766, 2.16799876, 0.92165256,\n        1.42039493]]), array([0.20370141, 0.20370141, 0.20370141, 0.20370141, 0.20370141,\n       0.20370141, 0.20370141]))", "callback": [0.507942355474122, 0.4675189639792552, 0.4553726186419579, 0.4158930473327769, 0.3844447903852115, 0.36271051877650073, 0.3566783809848296, 0.3524829475939485, 0.3450236525897745, 0.3364593868839666, 0.3330227412930361, 0.2885503353419634, 0.2599469183000832, 0.23669352666165056, 0.2180856153418177, 0.2180856153418177, 0.21728558198121894, 0.2163525792231924, 0.21612962709496253, 0.21545451645986669, 0.21505233633279397, 0.21477900545925876, 0.214134110585118, 0.21320630787971762, 0.2096393074928361, 0.2056140604265404, 0.2049159074830763, 0.20413471401828065, 0.2038149532349075, 0.20371979637698567, 0.2037140474791509, 0.20370634202835936, 0.2037024084722392, 0.2037017437448494, 0.2037014961158523, 0.20370147734977362, 0.2037014373960081, 0.20370142392018353, 0.2037014175176699, 0.20370141532453712, 0.20370141442417766, 0.20370141432825217, 0.2037014143025524, 0.2037014142930864]}, "7": {"maxiter": 500, "fatol": 1e-10, "xatol": 1e-10, "duration": 0.45994019508361816, "fun": "0.20370141429137434", "nit": "500", "nfev": "776", "status": "2", "success": "False", "message": "Maximum number of iterations has been exceeded.", "x": "[5.79378229 3.43054396 0.85944202 2.16799566 0.92164835 1.42039703]", "final_simplex": "(array([[5.79378229, 3.43054396, 0.85944202, 2.16799566, 0.92164835,\n        1.42039703],\n       [5.79378228, 3.43054393, 0.85944196, 2.16799553, 0.92164819,\n        1.4203972 ],\n       [5.79378241, 3.43054383, 0.85944205, 2.16799557, 0.92164824,\n        1.42039709],\n       [5.7937823 , 3.43054426, 0.85944172, 2.16799565, 0.92164821,\n        1.42039693],\n       [5.79378243, 3.43054402, 0.85944195, 2.16799552, 0.92164829,\n        1.42039704],\n       [5.7937824 , 3.43054445, 0.85944163, 2.16799571, 0.92164827,\n        1.42039714],\n       [5.79378241, 3.43054375, 0.85944228, 2.16799552, 0.92164824,\n        1.42039703]]), array([0.20370141, 0.20370141, 0.20370141, 0.20370141, 0.20370141,\n       0.20370141, 0.20370141]))", "callback": [0.507942355474122, 0.4675189639792552, 0.4553726186419579, 0.4158930473327769, 0.3844447903852115, 0.36271051877650073, 0.3566783809848296, 0.3524829475939485, 0.3450236525897745, 0.3364593868839666, 0.3330227412930361, 0.2885503353419634, 0.2599469183000832, 0.23669352666165056, 0.2180856153418177, 0.2180856153418177, 0.21728558198121894, 0.2163525792231924, 0.21612962709496253, 0.21545451645986669, 0.21505233633279397, 0.21477900545925876, 0.214134110585118, 0.21320630787971762, 0.2096393074928361, 0.2056140604265404, 0.2049159074830763, 0.20413471401828065, 0.2038149532349075, 0.20371979637698567, 0.2037140474791509, 0.20370634202835936, 0.2037024084722392, 0.2037017437448494, 0.2037014961158523, 0.20370147734977362, 0.2037014373960081, 0.20370142392018353, 0.2037014175176699, 0.20370141532453712, 0.20370141442417766, 0.20370141432825217, 0.2037014143025524, 0.2037014142930864, 0.20370141429186195, 0.2037014142914778, 0.20370141429141397, 0.2037014142913841, 0.20370141429137623]}, "8": {"maxiter": 1000, "fatol": 1e-05, "xatol": 1e-05, "duration": 0.26304006576538086, "fun": "0.2037014142930864", "nit": "442", "nfev": "684", "status": "0", "success": "True", "message": "Optimization terminated successfully.", "x": "[5.79378321 3.43054137 0.85944104 2.1679946  0.92164809 1.42039655]", "final_simplex": "(array([[5.79378321, 3.43054137, 0.85944104, 2.1679946 , 0.92164809,\n        1.42039655],\n       [5.79378224, 3.43053497, 0.85945034, 2.16799296, 0.92164967,\n        1.42039691],\n       [5.79378155, 3.43054452, 0.8594453 , 2.16799782, 0.9216502 ,\n        1.42039542],\n       [5.79378243, 3.43053741, 0.85944939, 2.16799529, 0.92165   ,\n        1.42039919],\n       [5.79378556, 3.43054153, 0.85944442, 2.16799179, 0.92164842,\n        1.42039848],\n       [5.79378269, 3.43054254, 0.85944426, 2.16799574, 0.92165358,\n        1.42039933],\n       [5.79378474, 3.43053786, 0.85944766, 2.16799876, 0.92165256,\n        1.42039493]]), array([0.20370141, 0.20370141, 0.20370141, 0.20370141, 0.20370141,\n       0.20370141, 0.20370141]))", "callback": [0.507942355474122, 0.4675189639792552, 0.4553726186419579, 0.4158930473327769, 0.3844447903852115, 0.36271051877650073, 0.3566783809848296, 0.3524829475939485, 0.3450236525897745, 0.3364593868839666, 0.3330227412930361, 0.2885503353419634, 0.2599469183000832, 0.23669352666165056, 0.2180856153418177, 0.2180856153418177, 0.21728558198121894, 0.2163525792231924, 0.21612962709496253, 0.21545451645986669, 0.21505233633279397, 0.21477900545925876, 0.214134110585118, 0.21320630787971762, 0.2096393074928361, 0.2056140604265404, 0.2049159074830763, 0.20413471401828065, 0.2038149532349075, 0.20371979637698567, 0.2037140474791509, 0.20370634202835936, 0.2037024084722392, 0.2037017437448494, 0.2037014961158523, 0.20370147734977362, 0.2037014373960081, 0.20370142392018353, 0.2037014175176699, 0.20370141532453712, 0.20370141442417766, 0.20370141432825217, 0.2037014143025524, 0.2037014142930864]}, "9": {"maxiter": 1000, "fatol": 1e-05, "xatol": 1e-10, "duration": 0.36280393600463867, "fun": "0.20370141429137134", "nit": "548", "nfev": "918", "status": "0", "success": "True", "message": "Optimization terminated successfully.", "x": "[5.79378228 3.43054398 0.85944191 2.16799564 0.92164826 1.42039716]", "final_simplex": "(array([[5.79378228, 3.43054398, 0.85944191, 2.16799564, 0.92164826,\n        1.42039716],\n       [5.79378228, 3.43054398, 0.85944191, 2.16799564, 0.92164826,\n        1.42039716],\n       [5.79378228, 3.43054398, 0.85944191, 2.16799564, 0.92164826,\n        1.42039716],\n       [5.79378228, 3.43054398, 0.85944191, 2.16799564, 0.92164826,\n        1.42039716],\n       [5.79378228, 3.43054398, 0.85944191, 2.16799564, 0.92164826,\n        1.42039716],\n       [5.79378228, 3.43054398, 0.85944191, 2.16799564, 0.92164826,\n        1.42039716],\n       [5.79378228, 3.43054398, 0.85944191, 2.16799564, 0.92164826,\n        1.42039716]]), array([0.20370141, 0.20370141, 0.20370141, 0.20370141, 0.20370141,\n       0.20370141, 0.20370141]))", "callback": [0.507942355474122, 0.4675189639792552, 0.4553726186419579, 0.4158930473327769, 0.3844447903852115, 0.36271051877650073, 0.3566783809848296, 0.3524829475939485, 0.3450236525897745, 0.3364593868839666, 0.3330227412930361, 0.2885503353419634, 0.2599469183000832, 0.23669352666165056, 0.2180856153418177, 0.2180856153418177, 0.21728558198121894, 0.2163525792231924, 0.21612962709496253, 0.21545451645986669, 0.21505233633279397, 0.21477900545925876, 0.214134110585118, 0.21320630787971762, 0.2096393074928361, 0.2056140604265404, 0.2049159074830763, 0.20413471401828065, 0.2038149532349075, 0.20371979637698567, 0.2037140474791509, 0.20370634202835936, 0.2037024084722392, 0.2037017437448494, 0.2037014961158523, 0.20370147734977362, 0.2037014373960081, 0.20370142392018353, 0.2037014175176699, 0.20370141532453712, 0.20370141442417766, 0.20370141432825217, 0.2037014143025524, 0.2037014142930864, 0.20370141429186195, 0.2037014142914778, 0.20370141429141397, 0.2037014142913841, 0.20370141429137623, 0.20370141429137434, 0.20370141429137223, 0.20370141429137156, 0.20370141429137156, 0.20370141429137134]}, "10": {"maxiter": 1000, "fatol": 1e-10, "xatol": 1e-05, "duration": 0.26770591735839844, "fun": "0.2037014142930864", "nit": "442", "nfev": "684", "status": "0", "success": "True", "message": "Optimization terminated successfully.", "x": "[5.79378321 3.43054137 0.85944104 2.1679946  0.92164809 1.42039655]", "final_simplex": "(array([[5.79378321, 3.43054137, 0.85944104, 2.1679946 , 0.92164809,\n        1.42039655],\n       [5.79378224, 3.43053497, 0.85945034, 2.16799296, 0.92164967,\n        1.42039691],\n       [5.79378155, 3.43054452, 0.8594453 , 2.16799782, 0.9216502 ,\n        1.42039542],\n       [5.79378243, 3.43053741, 0.85944939, 2.16799529, 0.92165   ,\n        1.42039919],\n       [5.79378556, 3.43054153, 0.85944442, 2.16799179, 0.92164842,\n        1.42039848],\n       [5.79378269, 3.43054254, 0.85944426, 2.16799574, 0.92165358,\n        1.42039933],\n       [5.79378474, 3.43053786, 0.85944766, 2.16799876, 0.92165256,\n        1.42039493]]), array([0.20370141, 0.20370141, 0.20370141, 0.20370141, 0.20370141,\n       0.20370141, 0.20370141]))", "callback": [0.507942355474122, 0.4675189639792552, 0.4553726186419579, 0.4158930473327769, 0.3844447903852115, 0.36271051877650073, 0.3566783809848296, 0.3524829475939485, 0.3450236525897745, 0.3364593868839666, 0.3330227412930361, 0.2885503353419634, 0.2599469183000832, 0.23669352666165056, 0.2180856153418177, 0.2180856153418177, 0.21728558198121894, 0.2163525792231924, 0.21612962709496253, 0.21545451645986669, 0.21505233633279397, 0.21477900545925876, 0.214134110585118, 0.21320630787971762, 0.2096393074928361, 0.2056140604265404, 0.2049159074830763, 0.20413471401828065, 0.2038149532349075, 0.20371979637698567, 0.2037140474791509, 0.20370634202835936, 0.2037024084722392, 0.2037017437448494, 0.2037014961158523, 0.20370147734977362, 0.2037014373960081, 0.20370142392018353, 0.2037014175176699, 0.20370141532453712, 0.20370141442417766, 0.20370141432825217, 0.2037014143025524, 0.2037014142930864]}, "11": {"maxiter": 1000, "fatol": 1e-10, "xatol": 1e-10, "duration": 0.3725471496582031, "fun": "0.20370141429137134", "nit": "548", "nfev": "918", "status": "0", "success": "True", "message": "Optimization terminated successfully.", "x": "[5.79378228 3.43054398 0.85944191 2.16799564 0.92164826 1.42039716]", "final_simplex": "(array([[5.79378228, 3.43054398, 0.85944191, 2.16799564, 0.92164826,\n        1.42039716],\n       [5.79378228, 3.43054398, 0.85944191, 2.16799564, 0.92164826,\n        1.42039716],\n       [5.79378228, 3.43054398, 0.85944191, 2.16799564, 0.92164826,\n        1.42039716],\n       [5.79378228, 3.43054398, 0.85944191, 2.16799564, 0.92164826,\n        1.42039716],\n       [5.79378228, 3.43054398, 0.85944191, 2.16799564, 0.92164826,\n        1.42039716],\n       [5.79378228, 3.43054398, 0.85944191, 2.16799564, 0.92164826,\n        1.42039716],\n       [5.79378228, 3.43054398, 0.85944191, 2.16799564, 0.92164826,\n        1.42039716]]), array([0.20370141, 0.20370141, 0.20370141, 0.20370141, 0.20370141,\n       0.20370141, 0.20370141]))", "callback": [0.507942355474122, 0.4675189639792552, 0.4553726186419579, 0.4158930473327769, 0.3844447903852115, 0.36271051877650073, 0.3566783809848296, 0.3524829475939485, 0.3450236525897745, 0.3364593868839666, 0.3330227412930361, 0.2885503353419634, 0.2599469183000832, 0.23669352666165056, 0.2180856153418177, 0.2180856153418177, 0.21728558198121894, 0.2163525792231924, 0.21612962709496253, 0.21545451645986669, 0.21505233633279397, 0.21477900545925876, 0.214134110585118, 0.21320630787971762, 0.2096393074928361, 0.2056140604265404, 0.2049159074830763, 0.20413471401828065, 0.2038149532349075, 0.20371979637698567, 0.2037140474791509, 0.20370634202835936, 0.2037024084722392, 0.2037017437448494, 0.2037014961158523, 0.20370147734977362, 0.2037014373960081, 0.20370142392018353, 0.2037014175176699, 0.20370141532453712, 0.20370141442417766, 0.20370141432825217, 0.2037014143025524, 0.2037014142930864, 0.20370141429186195, 0.2037014142914778, 0.20370141429141397, 0.2037014142913841, 0.20370141429137623, 0.20370141429137434, 0.20370141429137223, 0.20370141429137156, 0.20370141429137156, 0.20370141429137134]}}, "bfgs": {"type": "gradient", "0": {"maxiter": 100, "gtol": 1e-05, "xrtol": 1e-05, "eps": 1e-05, "duration": 0.09787201881408691, "fun": "0.20370141449641932", "jac": "[-4.11892742e-08  4.25122160e-06  3.82787135e-06 -8.83804141e-07\n -5.52522472e-06 -8.61688498e-07]", "hess_inv": "[[  3.88544436   1.16055433  -1.78179317   0.40391282  -0.59537726\n    1.37373061]\n [  1.16055433  27.03087383 -21.18997274   6.64901824  -1.10274589\n   -0.07142679]\n [ -1.78179317 -21.18997274  20.79594526  -4.2627989    2.3287743\n   -1.99389633]\n [  0.40391282   6.64901824  -4.2627989    4.97245168   0.2357145\n   -1.08228454]\n [ -0.59537726  -1.10274589   2.3287743    0.2357145    4.14436503\n    1.16854006]\n [  1.37373061  -0.07142679  -1.99389633  -1.08228454   1.16854006\n    7.39911708]]", "nfev": "238", "njev": "34", "status": "0", "success": "True", "message": "Optimization terminated successfully.", "x": "[ 6.77258123  6.57218061 -2.28217882  2.16799544  0.92161     1.42036502]", "nit": "33", "callback": [0.3892958824998025, 0.2295973262965887, 0.203706974097022]}, "1": {"maxiter": 100, "gtol": 1e-05, "xrtol": 1e-05, "eps": 1e-10, "duration": 0.09583425521850586, "fun": "0.20370141443470824", "jac": "[-2.22044587e-06  0.00000000e+00  4.44089173e-06  2.22044587e-06\n -8.88178346e-06  0.00000000e+00]", "hess_inv": "[[  4.04251499   1.19138992  -1.77074029   0.74624201  -0.63921735\n    1.24901982]\n [  1.19138992  27.99962353 -21.15455018   7.79795318  -1.15114214\n   -1.48853135]\n [ -1.77074029 -21.15455018  20.24498988  -4.80941706   2.12476666\n   -1.18766677]\n [  0.74624201   7.79795318  -4.80941706   5.73460715   0.13307731\n   -1.52927302]\n [ -0.63921735  -1.15114214   2.12476666   0.13307731   4.0799577\n    1.58313121]\n [  1.24901982  -1.48853135  -1.18766677  -1.52927302   1.58313121\n    8.03250364]]", "nfev": "238", "njev": "34", "status": "0", "success": "True", "message": "Optimization terminated successfully.", "x": "[ 6.77258998  6.57213714 -2.28213961  2.16800093  0.92162381  1.42039557]", "nit": "33", "callback": [0.3892992387342933, 0.22979067642627904, 0.20370424021931233]}, "2": {"maxiter": 100, "gtol": 1e-05, "xrtol": 1e-10, "eps": 1e-05, "duration": 0.09910893440246582, "fun": "0.20370141449641932", "jac": "[-4.11892742e-08  4.25122160e-06  3.82787135e-06 -8.83804141e-07\n -5.52522472e-06 -8.61688498e-07]", "hess_inv": "[[  3.88544436   1.16055433  -1.78179317   0.40391282  -0.59537726\n    1.37373061]\n [  1.16055433  27.03087383 -21.18997274   6.64901824  -1.10274589\n   -0.07142679]\n [ -1.78179317 -21.18997274  20.79594526  -4.2627989    2.3287743\n   -1.99389633]\n [  0.40391282   6.64901824  -4.2627989    4.97245168   0.2357145\n   -1.08228454]\n [ -0.59537726  -1.10274589   2.3287743    0.2357145    4.14436503\n    1.16854006]\n [  1.37373061  -0.07142679  -1.99389633  -1.08228454   1.16854006\n    7.39911708]]", "nfev": "238", "njev": "34", "status": "0", "success": "True", "message": "Optimization terminated successfully.", "x": "[ 6.77258123  6.57218061 -2.28217882  2.16799544  0.92161     1.42036502]", "nit": "33", "callback": [0.3892958824998025, 0.2295973262965887, 0.203706974097022]}, "3": {"maxiter": 100, "gtol": 1e-05, "xrtol": 1e-10, "eps": 1e-10, "duration": 0.09900426864624023, "fun": "0.20370141443470824", "jac": "[-2.22044587e-06  0.00000000e+00  4.44089173e-06  2.22044587e-06\n -8.88178346e-06  0.00000000e+00]", "hess_inv": "[[  4.04251499   1.19138992  -1.77074029   0.74624201  -0.63921735\n    1.24901982]\n [  1.19138992  27.99962353 -21.15455018   7.79795318  -1.15114214\n   -1.48853135]\n [ -1.77074029 -21.15455018  20.24498988  -4.80941706   2.12476666\n   -1.18766677]\n [  0.74624201   7.79795318  -4.80941706   5.73460715   0.13307731\n   -1.52927302]\n [ -0.63921735  -1.15114214   2.12476666   0.13307731   4.0799577\n    1.58313121]\n [  1.24901982  -1.48853135  -1.18766677  -1.52927302   1.58313121\n    8.03250364]]", "nfev": "238", "njev": "34", "status": "0", "success": "True", "message": "Optimization terminated successfully.", "x": "[ 6.77258998  6.57213714 -2.28213961  2.16800093  0.92162381  1.42039557]", "nit": "33", "callback": [0.3892992387342933, 0.22979067642627904, 0.20370424021931233]}, "4": {"maxiter": 100, "gtol": 1e-10, "xrtol": 1e-05, "eps": 1e-05, "duration": 0.1005258560180664, "fun": "0.20370141433631073", "jac": "[-7.37521155e-08  1.52751145e-06  1.35833567e-06 -3.00959258e-07\n -1.69346759e-06  4.06741307e-07]", "hess_inv": "[[  3.86605699   0.95936528  -1.65813164   0.36174379  -0.48923377\n    1.42906316]\n [  0.95936528  26.7786101  -20.88011619   6.59786667  -1.06401792\n   -0.5216411 ]\n [ -1.65813164 -20.88011619  20.52339677  -4.19876682   2.21534151\n   -1.80356572]\n [  0.36174379   6.59786667  -4.19876682   4.96209305   0.24283444\n   -1.17761045]\n [ -0.48923377  -1.06401792   2.21534151   0.24283444   4.17856718\n    1.45872784]\n [  1.42906316  -0.5216411   -1.80356572  -1.17761045   1.45872784\n    7.8129246 ]]", "nfev": "245", "njev": "35", "status": "0", "success": "True", "message": "Optimization terminated successfully.", "x": "[ 6.77258251  6.57214624 -2.2821617   2.16798819  0.92163058  1.42038795]", "nit": "34", "callback": [0.3892958824998025, 0.2295973262965887, 0.203706974097022]}, "5": {"maxiter": 100, "gtol": 1e-10, "xrtol": 1e-05, "eps": 1e-10, "duration": 0.10593605041503906, "fun": "0.20370141437859357", "jac": "[ 2.22044587e-06  5.55111466e-06  5.55111466e-06  3.33066880e-06\n -4.44089173e-06  4.44089173e-06]", "hess_inv": "[[  4.08706301   1.74252422  -2.28663404   0.81983871  -0.44338072\n    1.41905994]\n [  1.74252422  28.98872785 -22.03847764   8.19933735  -0.73359936\n   -0.67903205]\n [ -2.28663404 -22.03847764  21.03284525  -5.1814737    1.74834676\n   -1.93609587]\n [  0.81983871   8.19933735  -5.1814737    5.81172736   0.28147409\n   -1.36138687]\n [ -0.44338072  -0.73359936   1.74834676   0.28147409   4.25105635\n    1.88544431]\n [  1.41905994  -0.67903205  -1.93609587  -1.36138687   1.88544431\n    8.39422426]]", "nfev": "252", "njev": "36", "status": "0", "success": "True", "message": "Optimization terminated successfully.", "x": "[ 6.77259517  6.57216683 -2.28216716  2.16800649  0.92163475  1.42040772]", "nit": "34", "callback": [0.3892992387342933, 0.22979067642627904, 0.20370424021931233]}, "6": {"maxiter": 100, "gtol": 1e-10, "xrtol": 1e-10, "eps": 1e-05, "duration": 0.1139228343963623, "fun": "0.20370141431915711", "jac": "[-4.44089210e-11 -2.22044605e-11 -5.55111512e-11 -6.66133815e-11\n  2.22044605e-11 -6.66133815e-11]", "hess_inv": "[[  4.03855661   1.10657023  -1.74448928   0.71317291  -0.47161735\n    1.11592469]\n [  1.10657023  30.20505287 -22.80799494   7.45962336  -2.63731367\n   -1.88052245]\n [ -1.74448928 -22.80799494  21.58357927  -4.72762112   3.14147133\n   -0.88330581]\n [  0.71317291   7.45962336  -4.72762112   5.71538934   0.07198735\n   -1.77205117]\n [ -0.47161735  -2.63731367   3.14147133   0.07198735   4.86966015\n    1.69189717]\n [  1.11592469  -1.88052245  -0.88330581  -1.77205117   1.69189717\n    7.82226099]]", "nfev": "273", "njev": "39", "status": "0", "success": "True", "message": "Optimization terminated successfully.", "x": "[ 6.77258237  6.5721291  -2.28215163  2.16798567  0.92163798  1.4203911 ]", "nit": "38", "callback": [0.3892958824998025, 0.2295973262965887, 0.203706974097022]}, "7": {"maxiter": 100, "gtol": 1e-10, "xrtol": 1e-10, "eps": 1e-10, "duration": 0.17758893966674805, "fun": "0.20370141429956257", "jac": "[1.11022293e-06 1.11022293e-06 2.22044587e-06 2.22044587e-06\n 2.22044587e-06 1.11022293e-06]", "hess_inv": "[[ 6.13488032e-01  1.89559737e-01  6.01992173e-01 -5.28875941e-01\n  -2.01982245e-01 -9.71671395e-01]\n [ 1.89559737e-01  2.93216650e+00 -5.57827122e-01  2.16930091e+00\n   6.92579612e-01 -5.06729774e+00]\n [ 6.01992173e-01 -5.57827122e-01  2.17418638e+00 -3.33544756e-01\n  -1.41363624e+00 -1.00283475e+00]\n [-5.28875941e-01  2.16930091e+00 -3.33544756e-01  3.03415844e+00\n   2.78354711e-01 -4.00258756e+00]\n [-2.01982245e-01  6.92579612e-01 -1.41363624e+00  2.78354711e-01\n   1.15053736e+00 -8.02912290e-03]\n [-9.71671395e-01 -5.06729774e+00 -1.00283475e+00 -4.00258756e+00\n  -8.02912290e-03  1.09328922e+01]]", "nfev": "406", "njev": "58", "status": "0", "success": "True", "message": "Optimization terminated successfully.", "x": "[ 6.77258885  6.57215561 -2.28216691  2.167998    0.92164762  1.42040193]", "nit": "43", "callback": [0.3892992387342933, 0.22979067642627904, 0.20370424021931233, 0.20370141430338307]}, "8": {"maxiter": 500, "gtol": 1e-05, "xrtol": 1e-05, "eps": 1e-05, "duration": 0.09955787658691406, "fun": "0.20370141449641932", "jac": "[-4.11892742e-08  4.25122160e-06  3.82787135e-06 -8.83804141e-07\n -5.52522472e-06 -8.61688498e-07]", "hess_inv": "[[  3.88544436   1.16055433  -1.78179317   0.40391282  -0.59537726\n    1.37373061]\n [  1.16055433  27.03087383 -21.18997274   6.64901824  -1.10274589\n   -0.07142679]\n [ -1.78179317 -21.18997274  20.79594526  -4.2627989    2.3287743\n   -1.99389633]\n [  0.40391282   6.64901824  -4.2627989    4.97245168   0.2357145\n   -1.08228454]\n [ -0.59537726  -1.10274589   2.3287743    0.2357145    4.14436503\n    1.16854006]\n [  1.37373061  -0.07142679  -1.99389633  -1.08228454   1.16854006\n    7.39911708]]", "nfev": "238", "njev": "34", "status": "0", "success": "True", "message": "Optimization terminated successfully.", "x": "[ 6.77258123  6.57218061 -2.28217882  2.16799544  0.92161     1.42036502]", "nit": "33", "callback": [0.3892958824998025, 0.2295973262965887, 0.203706974097022]}, "9": {"maxiter": 500, "gtol": 1e-05, "xrtol": 1e-05, "eps": 1e-10, "duration": 0.11061525344848633, "fun": "0.20370141443470824", "jac": "[-2.22044587e-06  0.00000000e+00  4.44089173e-06  2.22044587e-06\n -8.88178346e-06  0.00000000e+00]", "hess_inv": "[[  4.04251499   1.19138992  -1.77074029   0.74624201  -0.63921735\n    1.24901982]\n [  1.19138992  27.99962353 -21.15455018   7.79795318  -1.15114214\n   -1.48853135]\n [ -1.77074029 -21.15455018  20.24498988  -4.80941706   2.12476666\n   -1.18766677]\n [  0.74624201   7.79795318  -4.80941706   5.73460715   0.13307731\n   -1.52927302]\n [ -0.63921735  -1.15114214   2.12476666   0.13307731   4.0799577\n    1.58313121]\n [  1.24901982  -1.48853135  -1.18766677  -1.52927302   1.58313121\n    8.03250364]]", "nfev": "238", "njev": "34", "status": "0", "success": "True", "message": "Optimization terminated successfully.", "x": "[ 6.77258998  6.57213714 -2.28213961  2.16800093  0.92162381  1.42039557]", "nit": "33", "callback": [0.3892992387342933, 0.22979067642627904, 0.20370424021931233]}, "10": {"maxiter": 500, "gtol": 1e-05, "xrtol": 1e-10, "eps": 1e-05, "duration": 0.10526418685913086, "fun": "0.20370141449641932", "jac": "[-4.11892742e-08  4.25122160e-06  3.82787135e-06 -8.83804141e-07\n -5.52522472e-06 -8.61688498e-07]", "hess_inv": "[[  3.88544436   1.16055433  -1.78179317   0.40391282  -0.59537726\n    1.37373061]\n [  1.16055433  27.03087383 -21.18997274   6.64901824  -1.10274589\n   -0.07142679]\n [ -1.78179317 -21.18997274  20.79594526  -4.2627989    2.3287743\n   -1.99389633]\n [  0.40391282   6.64901824  -4.2627989    4.97245168   0.2357145\n   -1.08228454]\n [ -0.59537726  -1.10274589   2.3287743    0.2357145    4.14436503\n    1.16854006]\n [  1.37373061  -0.07142679  -1.99389633  -1.08228454   1.16854006\n    7.39911708]]", "nfev": "238", "njev": "34", "status": "0", "success": "True", "message": "Optimization terminated successfully.", "x": "[ 6.77258123  6.57218061 -2.28217882  2.16799544  0.92161     1.42036502]", "nit": "33", "callback": [0.3892958824998025, 0.2295973262965887, 0.203706974097022]}, "11": {"maxiter": 500, "gtol": 1e-05, "xrtol": 1e-10, "eps": 1e-10, "duration": 0.10724997520446777, "fun": "0.20370141443470824", "jac": "[-2.22044587e-06  0.00000000e+00  4.44089173e-06  2.22044587e-06\n -8.88178346e-06  0.00000000e+00]", "hess_inv": "[[  4.04251499   1.19138992  -1.77074029   0.74624201  -0.63921735\n    1.24901982]\n [  1.19138992  27.99962353 -21.15455018   7.79795318  -1.15114214\n   -1.48853135]\n [ -1.77074029 -21.15455018  20.24498988  -4.80941706   2.12476666\n   -1.18766677]\n [  0.74624201   7.79795318  -4.80941706   5.73460715   0.13307731\n   -1.52927302]\n [ -0.63921735  -1.15114214   2.12476666   0.13307731   4.0799577\n    1.58313121]\n [  1.24901982  -1.48853135  -1.18766677  -1.52927302   1.58313121\n    8.03250364]]", "nfev": "238", "njev": "34", "status": "0", "success": "True", "message": "Optimization terminated successfully.", "x": "[ 6.77258998  6.57213714 -2.28213961  2.16800093  0.92162381  1.42039557]", "nit": "33", "callback": [0.3892992387342933, 0.22979067642627904, 0.20370424021931233]}, "12": {"maxiter": 500, "gtol": 1e-10, "xrtol": 1e-05, "eps": 1e-05, "duration": 0.11165404319763184, "fun": "0.20370141433631073", "jac": "[-7.37521155e-08  1.52751145e-06  1.35833567e-06 -3.00959258e-07\n -1.69346759e-06  4.06741307e-07]", "hess_inv": "[[  3.86605699   0.95936528  -1.65813164   0.36174379  -0.48923377\n    1.42906316]\n [  0.95936528  26.7786101  -20.88011619   6.59786667  -1.06401792\n   -0.5216411 ]\n [ -1.65813164 -20.88011619  20.52339677  -4.19876682   2.21534151\n   -1.80356572]\n [  0.36174379   6.59786667  -4.19876682   4.96209305   0.24283444\n   -1.17761045]\n [ -0.48923377  -1.06401792   2.21534151   0.24283444   4.17856718\n    1.45872784]\n [  1.42906316  -0.5216411   -1.80356572  -1.17761045   1.45872784\n    7.8129246 ]]", "nfev": "245", "njev": "35", "status": "0", "success": "True", "message": "Optimization terminated successfully.", "x": "[ 6.77258251  6.57214624 -2.2821617   2.16798819  0.92163058  1.42038795]", "nit": "34", "callback": [0.3892958824998025, 0.2295973262965887, 0.203706974097022]}, "13": {"maxiter": 500, "gtol": 1e-10, "xrtol": 1e-05, "eps": 1e-10, "duration": 0.11244797706604004, "fun": "0.20370141437859357", "jac": "[ 2.22044587e-06  5.55111466e-06  5.55111466e-06  3.33066880e-06\n -4.44089173e-06  4.44089173e-06]", "hess_inv": "[[  4.08706301   1.74252422  -2.28663404   0.81983871  -0.44338072\n    1.41905994]\n [  1.74252422  28.98872785 -22.03847764   8.19933735  -0.73359936\n   -0.67903205]\n [ -2.28663404 -22.03847764  21.03284525  -5.1814737    1.74834676\n   -1.93609587]\n [  0.81983871   8.19933735  -5.1814737    5.81172736   0.28147409\n   -1.36138687]\n [ -0.44338072  -0.73359936   1.74834676   0.28147409   4.25105635\n    1.88544431]\n [  1.41905994  -0.67903205  -1.93609587  -1.36138687   1.88544431\n    8.39422426]]", "nfev": "252", "njev": "36", "status": "0", "success": "True", "message": "Optimization terminated successfully.", "x": "[ 6.77259517  6.57216683 -2.28216716  2.16800649  0.92163475  1.42040772]", "nit": "34", "callback": [0.3892992387342933, 0.22979067642627904, 0.20370424021931233]}, "14": {"maxiter": 500, "gtol": 1e-10, "xrtol": 1e-10, "eps": 1e-05, "duration": 0.12337899208068848, "fun": "0.20370141431915711", "jac": "[-4.44089210e-11 -2.22044605e-11 -5.55111512e-11 -6.66133815e-11\n  2.22044605e-11 -6.66133815e-11]", "hess_inv": "[[  4.03855661   1.10657023  -1.74448928   0.71317291  -0.47161735\n    1.11592469]\n [  1.10657023  30.20505287 -22.80799494   7.45962336  -2.63731367\n   -1.88052245]\n [ -1.74448928 -22.80799494  21.58357927  -4.72762112   3.14147133\n   -0.88330581]\n [  0.71317291   7.45962336  -4.72762112   5.71538934   0.07198735\n   -1.77205117]\n [ -0.47161735  -2.63731367   3.14147133   0.07198735   4.86966015\n    1.69189717]\n [  1.11592469  -1.88052245  -0.88330581  -1.77205117   1.69189717\n    7.82226099]]", "nfev": "273", "njev": "39", "status": "0", "success": "True", "message": "Optimization terminated successfully.", "x": "[ 6.77258237  6.5721291  -2.28215163  2.16798567  0.92163798  1.4203911 ]", "nit": "38", "callback": [0.3892958824998025, 0.2295973262965887, 0.203706974097022]}, "15": {"maxiter": 500, "gtol": 1e-10, "xrtol": 1e-10, "eps": 1e-10, "duration": 0.1598649024963379, "fun": "0.20370141429956257", "jac": "[1.11022293e-06 1.11022293e-06 2.22044587e-06 2.22044587e-06\n 2.22044587e-06 1.11022293e-06]", "hess_inv": "[[ 6.13488032e-01  1.89559737e-01  6.01992173e-01 -5.28875941e-01\n  -2.01982245e-01 -9.71671395e-01]\n [ 1.89559737e-01  2.93216650e+00 -5.57827122e-01  2.16930091e+00\n   6.92579612e-01 -5.06729774e+00]\n [ 6.01992173e-01 -5.57827122e-01  2.17418638e+00 -3.33544756e-01\n  -1.41363624e+00 -1.00283475e+00]\n [-5.28875941e-01  2.16930091e+00 -3.33544756e-01  3.03415844e+00\n   2.78354711e-01 -4.00258756e+00]\n [-2.01982245e-01  6.92579612e-01 -1.41363624e+00  2.78354711e-01\n   1.15053736e+00 -8.02912290e-03]\n [-9.71671395e-01 -5.06729774e+00 -1.00283475e+00 -4.00258756e+00\n  -8.02912290e-03  1.09328922e+01]]", "nfev": "406", "njev": "58", "status": "0", "success": "True", "message": "Optimization terminated successfully.", "x": "[ 6.77258885  6.57215561 -2.28216691  2.167998    0.92164762  1.42040193]", "nit": "43", "callback": [0.38929923873429