{"date": "2024/10/08/, 20:06:44", "conf_id": 26, "data_type": "random\n", "num_data_points": 2, "s_rank": 0, "unitary": "[[-0.56303964-0.00798273j,-0.21670212-0.15784972j,-0.06047197-0.73952673j,-0.01438004+0.24552571j],[-0.06976756+0.23474685j,-0.01275565-0.5435098j,-0.02703657-0.08917885j,-0.08210486-0.79311774j],[-0.38559961+0.10714929j,0.5933431-0.2687392j,-0.24060861+0.29149289j,-0.45147719+0.26241743j],[-0.50180421+0.45931857j,-0.11617175+0.44134496j,0.49642745+0.22684508j,-0.08544628-0.15407063j]]", "databatch_0": {"databatch": "[[[0.41543961-0.43329767j,-0.40885265-0.03596676j,-0.00596343-0.29208193j,-0.15940066+0.14020761j],[-0.04341866-0.16617018j,-0.00430082+0.03396012j,-0.09828287-0.10272469j,0.02328223+0.05022809j],[-0.01621452-0.24491646j,-0.08305186-0.04890511j,-0.1932916-0.14638031j,0.00872982+0.05829682j],[0.01607164-0.14571025j,-0.30165174-0.06077591j,-0.17707576+0.06800861j,-0.04698725+0.02612596j]],[[0.1509735-0.09799215j,-0.01876463+0.00384723j,0.01137404-0.07689396j,0.05555485+0.02677262j],[0.01566205-0.15947486j,-0.16193991-0.30731423j,-0.16128053-0.17271592j,-0.0887471+0.26836438j],[0.34531388-0.22139527j,0.03979718+0.3185308j,0.10732218-0.04850686j,0.29656706-0.17308561j],[0.42158312+0.05334469j,0.08648709-0.09576949j,0.1835207-0.17211982j,-0.06458905+0.08671343j]]]", "initial param values": "[5.57664267,0.88819865,1.31124153,4.80199501,4.48314315,3.79584006]", "nelder_mead": {"type": "gradient-free", "0": {"maxiter": 100, "fatol": 1e-05, "xatol": 1e-05, "duration": 0.05287027359008789, "fun": "0.4457591733081143", "nit": "100", "nfev": "160", "status": "2", "success": "False", "message": "Maximum number of iterations has been exceeded.", "x": "[5.61117353 0.33991265 0.84125979 4.74523087 6.5941444  4.89403929]", "final_simplex": "(array([[5.61117353, 0.33991265, 0.84125979, 4.74523087, 6.5941444 ,\n        4.89403929],\n       [5.63536776, 0.35206868, 0.84925601, 4.7393039 , 6.60845843,\n        4.82399323],\n       [5.58178364, 0.3561838 , 0.85642389, 4.85372785, 6.55600422,\n        4.77133712],\n       [5.60353929, 0.31306658, 0.84558718, 4.71558423, 6.63014292,\n        4.67916697],\n       [5.59353061, 0.41600567, 0.90210564, 4.68966474, 6.41926604,\n        4.79665776],\n       [5.44422389, 0.41479637, 0.88117852, 4.72371416, 6.6203493 ,\n        4.72018496],\n       [5.65302992, 0.38396906, 0.86020237, 4.76641123, 6.51071267,\n        4.78164634]]), array([0.44575917, 0.44639827, 0.44645392, 0.44675567, 0.4467748 ,\n       0.44804191, 0.44837028]))", "callback": [0.706752923558908, 0.5800764383265384, 0.5494434936512989, 0.5114959941479333, 0.49587586122170046, 0.4861855851613236, 0.48130920658628995, 0.475209348186342, 0.46198307562849295, 0.4464539155791558]}, "1": {"maxiter": 100, "fatol": 1e-05, "xatol": 1e-10, "duration": 0.04871392250061035, "fun": "0.4457591733081143", "nit": "100", "nfev": "160", "status": "2", "success": "False", "message": "Maximum number of iterations has been exceeded.", "x": "[5.61117353 0.33991265 0.84125979 4.74523087 6.5941444  4.89403929]", "final_simplex": "(array([[5.61117353, 0.33991265, 0.84125979, 4.74523087, 6.5941444 ,\n        4.89403929],\n       [5.63536776, 0.35206868, 0.84925601, 4.7393039 , 6.60845843,\n        4.82399323],\n       [5.58178364, 0.3561838 , 0.85642389, 4.85372785, 6.55600422,\n        4.77133712],\n       [5.60353929, 0.31306658, 0.84558718, 4.71558423, 6.63014292,\n        4.67916697],\n       [5.59353061, 0.41600567, 0.90210564, 4.68966474, 6.41926604,\n        4.79665776],\n       [5.44422389, 0.41479637, 0.88117852, 4.72371416, 6.6203493 ,\n        4.72018496],\n       [5.65302992, 0.38396906, 0.86020237, 4.76641123, 6.51071267,\n        4.78164634]]), array([0.44575917, 0.44639827, 0.44645392, 0.44675567, 0.4467748 ,\n       0.44804191, 0.44837028]))", "callback": [0.706752923558908, 0.5800764383265384, 0.5494434936512989, 0.5114959941479333, 0.49587586122170046, 0.4861855851613236, 0.48130920658628995, 0.475209348186342, 0.46198307562849295, 0.4464539155791558]}, "2": {"maxiter": 100, "fatol": 1e-10, "xatol": 1e-05, "duration": 0.05324387550354004, "fun": "0.4457591733081143", "nit": "100", "nfev": "160", "status": "2", "success": "False", "message": "Maximum number of iterations has been exceeded.", "x": "[5.61117353 0.33991265 0.84125979 4.74523087 6.5941444  4.89403929]", "final_simplex": "(array([[5.61117353, 0.33991265, 0.84125979, 4.74523087, 6.5941444 ,\n        4.89403929],\n       [5.63536776, 0.35206868, 0.84925601, 4.7393039 , 6.60845843,\n        4.82399323],\n       [5.58178364, 0.3561838 , 0.85642389, 4.85372785, 6.55600422,\n        4.77133712],\n       [5.60353929, 0.31306658, 0.84558718, 4.71558423, 6.63014292,\n        4.67916697],\n       [5.59353061, 0.41600567, 0.90210564, 4.68966474, 6.41926604,\n        4.79665776],\n       [5.44422389, 0.41479637, 0.88117852, 4.72371416, 6.6203493 ,\n        4.72018496],\n       [5.65302992, 0.38396906, 0.86020237, 4.76641123, 6.51071267,\n        4.78164634]]), array([0.44575917, 0.44639827, 0.44645392, 0.44675567, 0.4467748 ,\n       0.44804191, 0.44837028]))", "callback": [0.706752923558908, 0.5800764383265384, 0.5494434936512989, 0.5114959941479333, 0.49587586122170046, 0.4861855851613236, 0.48130920658628995, 0.475209348186342, 0.46198307562849295, 0.4464539155791558]}, "3": {"maxiter": 100, "fatol": 1e-10, "xatol": 1e-10, "duration": 0.04678082466125488, "fun": "0.4457591733081143", "nit": "100", "nfev": "160", "status": "2", "success": "False", "message": "Maximum number of iterations has been exceeded.", "x": "[5.61117353 0.33991265 0.84125979 4.74523087 6.5941444  4.89403929]", "final_simplex": "(array([[5.61117353, 0.33991265, 0.84125979, 4.74523087, 6.5941444 ,\n        4.89403929],\n       [5.63536776, 0.35206868, 0.84925601, 4.7393039 , 6.60845843,\n        4.82399323],\n       [5.58178364, 0.3561838 , 0.85642389, 4.85372785, 6.55600422,\n        4.77133712],\n       [5.60353929, 0.31306658, 0.84558718, 4.71558423, 6.63014292,\n        4.67916697],\n       [5.59353061, 0.41600567, 0.90210564, 4.68966474, 6.41926604,\n        4.79665776],\n       [5.44422389, 0.41479637, 0.88117852, 4.72371416, 6.6203493 ,\n        4.72018496],\n       [5.65302992, 0.38396906, 0.86020237, 4.76641123, 6.51071267,\n        4.78164634]]), array([0.44575917, 0.44639827, 0.44645392, 0.44675567, 0.4467748 ,\n       0.44804191, 0.44837028]))", "callback": [0.706752923558908, 0.5800764383265384, 0.5494434936512989, 0.5114959941479333, 0.49587586122170046, 0.4861855851613236, 0.48130920658628995, 0.475209348186342, 0.46198307562849295, 0.4464539155791558]}, "4": {"maxiter": 500, "fatol": 1e-05, "xatol": 1e-05, "duration": 0.17289996147155762, "fun": "0.4157171963784453", "nit": "425", "nfev": "672", "status": "0", "success": "True", "message": "Optimization terminated successfully.", "x": "[ 5.26762366 -0.59182582  1.41691429  4.89130118  6.84964559  5.03385796]", "final_simplex": "(array([[ 5.26762366, -0.59182582,  1.41691429,  4.89130118,  6.84964559,\n         5.03385796],\n       [ 5.26762512, -0.59183199,  1.41691519,  4.8913009 ,  6.84965031,\n         5.03385619],\n       [ 5.26762168, -0.59183261,  1.41691527,  4.89130346,  6.84964802,\n         5.03386032],\n       [ 5.26762205, -0.59182914,  1.41691526,  4.89130461,  6.84964621,\n         5.03385557],\n       [ 5.26762523, -0.59182642,  1.41690972,  4.89130217,  6.84964415,\n         5.03385373],\n       [ 5.26762649, -0.59183063,  1.41691108,  4.89130858,  6.84964993,\n         5.03385523],\n       [ 5.26762116, -0.59182718,  1.41691259,  4.89130514,  6.84965021,\n         5.03385943]]), array([0.4157172, 0.4157172, 0.4157172, 0.4157172, 0.4157172, 0.4157172,\n       0.4157172]))", "callback": [0.706752923558908, 0.5800764383265384, 0.5494434936512989, 0.5114959941479333, 0.49587586122170046, 0.4861855851613236, 0.48130920658628995, 0.475209348186342, 0.46198307562849295, 0.4464539155791558, 0.44399222312983966, 0.4393533014240183, 0.4368884142869389, 0.4363812875704619, 0.43605015331090957, 0.4357876963357772, 0.43564511049044596, 0.4354706150538322, 0.43516062149244017, 0.43432819408642187, 0.4329604546688529, 0.4301083279722706, 0.4229561599215994, 0.4187550637985451, 0.4168680645645615, 0.4159031736179998, 0.4158977592564098, 0.4157876884883289, 0.41576728598295, 0.41575212975987264, 0.41574078529045955, 0.41572770441687257, 0.41572046446218847, 0.4157178182384832, 0.41571742704439485, 0.41571723968625063, 0.4157172031243246, 0.4157171989697628, 0.41571719703449916, 0.41571719654186046, 0.41571719641488114, 0.4157171963858073, 0.41571719637860927]}, "5": {"maxiter": 500, "fatol": 1e-05, "xatol": 1e-10, "duration": 0.22563910484313965, "fun": "0.4157171963771349", "nit": "500", "nfev": "808", "status": "2", "success": "False", "message": "Maximum number of iterations has been exceeded.", "x": "[ 5.26762331 -0.59182837  1.41691276  4.89130216  6.84964696  5.0338568 ]", "final_simplex": "(array([[ 5.26762331, -0.59182837,  1.41691276,  4.89130216,  6.84964696,\n         5.0338568 ],\n       [ 5.26762331, -0.59182834,  1.41691275,  4.89130214,  6.84964694,\n         5.03385678],\n       [ 5.26762329, -0.59182838,  1.41691275,  4.89130217,  6.84964696,\n         5.03385679],\n       [ 5.2676233 , -0.59182835,  1.41691275,  4.89130218,  6.84964694,\n         5.03385679],\n       [ 5.2676233 , -0.59182835,  1.41691274,  4.89130216,  6.84964694,\n         5.03385679],\n       [ 5.26762331, -0.59182836,  1.41691275,  4.89130216,  6.84964695,\n         5.03385679],\n       [ 5.2676233 , -0.59182836,  1.41691276,  4.89130216,  6.84964695,\n         5.03385679]]), array([0.4157172, 0.4157172, 0.4157172, 0.4157172, 0.4157172, 0.4157172,\n       0.4157172]))", "callback": [0.706752923558908, 0.5800764383265384, 0.5494434936512989, 0.5114959941479333, 0.49587586122170046, 0.4861855851613236, 0.48130920658628995, 0.475209348186342, 0.46198307562849295, 0.4464539155791558, 0.44399222312983966, 0.4393533014240183, 0.4368884142869389, 0.4363812875704619, 0.43605015331090957, 0.4357876963357772, 0.43564511049044596, 0.4354706150538322, 0.43516062149244017, 0.43432819408642187, 0.4329604546688529, 0.4301083279722706, 0.4229561599215994, 0.4187550637985451, 0.4168680645645615, 0.4159031736179998, 0.4158977592564098, 0.4157876884883289, 0.41576728598295, 0.41575212975987264, 0.41574078529045955, 0.41572770441687257, 0.41572046446218847, 0.4157178182384832, 0.41571742704439485, 0.41571723968625063, 0.4157172031243246, 0.4157171989697628, 0.41571719703449916, 0.41571719654186046, 0.41571719641488114, 0.4157171963858073, 0.41571719637860927, 0.4157171963774987, 0.4157171963772346, 0.41571719637717497, 0.415717196377143, 0.4157171963771361, 0.41571719637713533, 0.415717196377135]}, "6": {"maxiter": 500, "fatol": 1e-10, "xatol": 1e-05, "duration": 0.2047119140625, "fun": "0.4157171963784453", "nit": "425", "nfev": "672", "status": "0", "success": "True", "message": "Optimization terminated successfully.", "x": "[ 5.26762366 -0.59182582  1.41691429  4.89130118  6.84964559  5.03385796]", "final_simplex": "(array([[ 5.26762366, -0.59182582,  1.41691429,  4.89130118,  6.84964559,\n         5.03385796],\n       [ 5.26762512, -0.59183199,  1.41691519,  4.8913009 ,  6.84965031,\n         5.03385619],\n       [ 5.26762168, -0.59183261,  1.41691527,  4.89130346,  6.84964802,\n         5.03386032],\n       [ 5.26762205, -0.59182914,  1.41691526,  4.89130461,  6.84964621,\n         5.03385557],\n       [ 5.26762523, -0.59182642,  1.41690972,  4.89130217,  6.84964415,\n         5.03385373],\n       [ 5.26762649, -0.59183063,  1.41691108,  4.89130858,  6.84964993,\n         5.03385523],\n       [ 5.26762116, -0.59182718,  1.41691259,  4.89130514,  6.84965021,\n         5.03385943]]), array([0.4157172, 0.4157172, 0.4157172, 0.4157172, 0.4157172, 0.4157172,\n       0.4157172]))", "callback": [0.706752923558908, 0.5800764383265384, 0.5494434936512989, 0.5114959941479333, 0.49587586122170046, 0.4861855851613236, 0.48130920658628995, 0.475209348186342, 0.46198307562849295, 0.4464539155791558, 0.44399222312983966, 0.4393533014240183, 0.4368884142869389, 0.4363812875704619, 0.43605015331090957, 0.4357876963357772, 0.43564511049044596, 0.4354706150538322, 0.43516062149244017, 0.43432819408642187, 0.4329604546688529, 0.4301083279722706, 0.4229561599215994, 0.4187550637985451, 0.4168680645645615, 0.4159031736179998, 0.4158977592564098, 0.4157876884883289, 0.41576728598295, 0.41575212975987264, 0.41574078529045955, 0.41572770441687257, 0.41572046446218847, 0.4157178182384832, 0.41571742704439485, 0.41571723968625063, 0.4157172031243246, 0.4157171989697628, 0.41571719703449916, 0.41571719654186046, 0.41571719641488114, 0.4157171963858073, 0.41571719637860927]}, "7": {"maxiter": 500, "fatol": 1e-10, "xatol": 1e-10, "duration": 0.2523081302642822, "fun": "0.4157171963771349", "nit": "500", "nfev": "808", "status": "2", "success": "False", "message": "Maximum number of iterations has been exceeded.", "x": "[ 5.26762331 -0.59182837  1.41691276  4.89130216  6.84964696  5.0338568 ]", "final_simplex": "(array([[ 5.26762331, -0.59182837,  1.41691276,  4.89130216,  6.84964696,\n         5.0338568 ],\n       [ 5.26762331, -0.59182834,  1.41691275,  4.89130214,  6.84964694,\n         5.03385678],\n       [ 5.26762329, -0.59182838,  1.41691275,  4.89130217,  6.84964696,\n         5.03385679],\n       [ 5.2676233 , -0.59182835,  1.41691275,  4.89130218,  6.84964694,\n         5.03385679],\n       [ 5.2676233 , -0.59182835,  1.41691274,  4.89130216,  6.84964694,\n         5.03385679],\n       [ 5.26762331, -0.59182836,  1.41691275,  4.89130216,  6.84964695,\n         5.03385679],\n       [ 5.2676233 , -0.59182836,  1.41691276,  4.89130216,  6.84964695,\n         5.03385679]]), array([0.4157172, 0.4157172, 0.4157172, 0.4157172, 0.4157172, 0.4157172,\n       0.4157172]))", "callback": [0.706752923558908, 0.5800764383265384, 0.5494434936512989, 0.5114959941479333, 0.49587586122170046, 0.4861855851613236, 0.48130920658628995, 0.475209348186342, 0.46198307562849295, 0.4464539155791558, 0.44399222312983966, 0.4393533014240183, 0.4368884142869389, 0.4363812875704619, 0.43605015331090957, 0.4357876963357772, 0.43564511049044596, 0.4354706150538322, 0.43516062149244017, 0.43432819408642187, 0.4329604546688529, 0.4301083279722706, 0.4229561599215994, 0.4187550637985451, 0.4168680645645615, 0.4159031736179998, 0.4158977592564098, 0.4157876884883289, 0.41576728598295, 0.41575212975987264, 0.41574078529045955, 0.41572770441687257, 0.41572046446218847, 0.4157178182384832, 0.41571742704439485, 0.41571723968625063, 0.4157172031243246, 0.4157171989697628, 0.41571719703449916, 0.41571719654186046, 0.41571719641488114, 0.4157171963858073, 0.41571719637860927, 0.4157171963774987, 0.4157171963772346, 0.41571719637717497, 0.415717196377143, 0.4157171963771361, 0.41571719637713533, 0.415717196377135]}, "8": {"maxiter": 1000, "fatol": 1e-05, "xatol": 1e-05, "duration": 0.19395208358764648, "fun": "0.4157171963784453", "nit": "425", "nfev": "672", "status": "0", "success": "True", "message": "Optimization terminated successfully.", "x": "[ 5.26762366 -0.59182582  1.41691429  4.89130118  6.84964559  5.03385796]", "final_simplex": "(array([[ 5.26762366, -0.59182582,  1.41691429,  4.89130118,  6.84964559,\n         5.03385796],\n       [ 5.26762512, -0.59183199,  1.41691519,  4.8913009 ,  6.84965031,\n         5.03385619],\n       [ 5.26762168, -0.59183261,  1.41691527,  4.89130346,  6.84964802,\n         5.03386032],\n       [ 5.26762205, -0.59182914,  1.41691526,  4.89130461,  6.84964621,\n         5.03385557],\n       [ 5.26762523, -0.59182642,  1.41690972,  4.89130217,  6.84964415,\n         5.03385373],\n       [ 5.26762649, -0.59183063,  1.41691108,  4.89130858,  6.84964993,\n         5.03385523],\n       [ 5.26762116, -0.59182718,  1.41691259,  4.89130514,  6.84965021,\n         5.03385943]]), array([0.4157172, 0.4157172, 0.4157172, 0.4157172, 0.4157172, 0.4157172,\n       0.4157172]))", "callback": [0.706752923558908, 0.5800764383265384, 0.5494434936512989, 0.5114959941479333, 0.49587586122170046, 0.4861855851613236, 0.48130920658628995, 0.475209348186342, 0.46198307562849295, 0.4464539155791558, 0.44399222312983966, 0.4393533014240183, 0.4368884142869389, 0.4363812875704619, 0.43605015331090957, 0.4357876963357772, 0.43564511049044596, 0.4354706150538322, 0.43516062149244017, 0.43432819408642187, 0.4329604546688529, 0.4301083279722706, 0.4229561599215994, 0.4187550637985451, 0.4168680645645615, 0.4159031736179998, 0.4158977592564098, 0.4157876884883289, 0.41576728598295, 0.41575212975987264, 0.41574078529045955, 0.41572770441687257, 0.41572046446218847, 0.4157178182384832, 0.41571742704439485, 0.41571723968625063, 0.4157172031243246, 0.4157171989697628, 0.41571719703449916, 0.41571719654186046, 0.41571719641488114, 0.4157171963858073, 0.41571719637860927]}, "9": {"maxiter": 1000, "fatol": 1e-05, "xatol": 1e-10, "duration": 0.26369500160217285, "fun": "0.4157171963771348", "nit": "521", "nfev": "892", "status": "0", "success": "True", "message": "Optimization terminated successfully.", "x": "[ 5.26762331 -0.59182837  1.41691275  4.89130216  6.84964695  5.03385679]", "final_simplex": "(array([[ 5.26762331, -0.59182837,  1.41691275,  4.89130216,  6.84964695,\n         5.03385679],\n       [ 5.26762331, -0.59182837,  1.41691275,  4.89130216,  6.84964695,\n         5.03385679],\n       [ 5.26762331, -0.59182837,  1.41691275,  4.89130216,  6.84964695,\n         5.03385679],\n       [ 5.26762331, -0.59182837,  1.41691275,  4.89130216,  6.84964695,\n         5.03385679],\n       [ 5.26762331, -0.59182837,  1.41691275,  4.89130216,  6.84964695,\n         5.03385679],\n       [ 5.26762331, -0.59182837,  1.41691275,  4.89130216,  6.84964695,\n         5.03385679],\n       [ 5.26762331, -0.59182837,  1.41691275,  4.89130216,  6.84964695,\n         5.03385679]]), array([0.4157172, 0.4157172, 0.4157172, 0.4157172, 0.4157172, 0.4157172,\n       0.4157172]))", "callback": [0.706752923558908, 0.5800764383265384, 0.5494434936512989, 0.5114959941479333, 0.49587586122170046, 0.4861855851613236, 0.48130920658628995, 0.475209348186342, 0.46198307562849295, 0.4464539155791558, 0.44399222312983966, 0.4393533014240183, 0.4368884142869389, 0.4363812875704619, 0.43605015331090957, 0.4357876963357772, 0.43564511049044596, 0.4354706150538322, 0.43516062149244017, 0.43432819408642187, 0.4329604546688529, 0.4301083279722706, 0.4229561599215994, 0.4187550637985451, 0.4168680645645615, 0.4159031736179998, 0.4158977592564098, 0.4157876884883289, 0.41576728598295, 0.41575212975987264, 0.41574078529045955, 0.41572770441687257, 0.41572046446218847, 0.4157178182384832, 0.41571742704439485, 0.41571723968625063, 0.4157172031243246, 0.4157171989697628, 0.41571719703449916, 0.41571719654186046, 0.41571719641488114, 0.4157171963858073, 0.41571719637860927, 0.4157171963774987, 0.4157171963772346, 0.41571719637717497, 0.415717196377143, 0.4157171963771361, 0.41571719637713533, 0.415717196377135, 0.4157171963771349, 0.4157171963771348, 0.4157171963771348]}, "10": {"maxiter": 1000, "fatol": 1e-10, "xatol": 1e-05, "duration": 0.21781301498413086, "fun": "0.4157171963784453", "nit": "425", "nfev": "672", "status": "0", "success": "True", "message": "Optimization terminated successfully.", "x": "[ 5.26762366 -0.59182582  1.41691429  4.89130118  6.84964559  5.03385796]", "final_simplex": "(array([[ 5.26762366, -0.59182582,  1.41691429,  4.89130118,  6.84964559,\n         5.03385796],\n       [ 5.26762512, -0.59183199,  1.41691519,  4.8913009 ,  6.84965031,\n         5.03385619],\n       [ 5.26762168, -0.59183261,  1.41691527,  4.89130346,  6.84964802,\n         5.03386032],\n       [ 5.26762205, -0.59182914,  1.41691526,  4.89130461,  6.84964621,\n         5.03385557],\n       [ 5.26762523, -0.59182642,  1.41690972,  4.89130217,  6.84964415,\n         5.03385373],\n       [ 5.26762649, -0.59183063,  1.41691108,  4.89130858,  6.84964993,\n         5.03385523],\n       [ 5.26762116, -0.59182718,  1.41691259,  4.89130514,  6.84965021,\n         5.03385943]]), array([0.4157172, 0.4157172, 0.4157172, 0.4157172, 0.4157172, 0.4157172,\n       0.4157172]))", "callback": [0.706752923558908, 0.5800764383265384, 0.5494434936512989, 0.5114959941479333, 0.49587586122170046, 0.4861855851613236, 0.48130920658628995, 0.475209348186342, 0.46198307562849295, 0.4464539155791558, 0.44399222312983966, 0.4393533014240183, 0.4368884142869389, 0.4363812875704619, 0.43605015331090957, 0.4357876963357772, 0.43564511049044596, 0.4354706150538322, 0.43516062149244017, 0.43432819408642187, 0.4329604546688529, 0.4301083279722706, 0.4229561599215994, 0.4187550637985451, 0.4168680645645615, 0.4159031736179998, 0.4158977592564098, 0.4157876884883289, 0.41576728598295, 0.41575212975987264, 0.41574078529045955, 0.41572770441687257, 0.41572046446218847, 0.4157178182384832, 0.41571742704439485, 0.41571723968625063, 0.4157172031243246, 0.4157171989697628, 0.41571719703449916, 0.41571719654186046, 0.41571719641488114, 0.4157171963858073, 0.41571719637860927]}, "11": {"maxiter": 1000, "fatol": 1e-10, "xatol": 1e-10, "duration": 0.2934119701385498, "fun": "0.4157171963771348", "nit": "521", "nfev": "892", "status": "0", "success": "True", "message": "Optimization terminated successfully.", "x": "[ 5.26762331 -0.59182837  1.41691275  4.89130216  6.84964695  5.03385679]", "final_simplex": "(array([[ 5.26762331, -0.59182837,  1.41691275,  4.89130216,  6.84964695,\n         5.03385679],\n       [ 5.26762331, -0.59182837,  1.41691275,  4.89130216,  6.84964695,\n         5.03385679],\n       [ 5.26762331, -0.59182837,  1.41691275,  4.89130216,  6.84964695,\n         5.03385679],\n       [ 5.26762331, -0.59182837,  1.41691275,  4.89130216,  6.84964695,\n         5.03385679],\n       [ 5.26762331, -0.59182837,  1.41691275,  4.89130216,  6.84964695,\n         5.03385679],\n       [ 5.26762331, -0.59182837,  1.41691275,  4.89130216,  6.84964695,\n         5.03385679],\n       [ 5.26762331, -0.59182837,  1.41691275,  4.89130216,  6.84964695,\n         5.03385679]]), array([0.4157172, 0.4157172, 0.4157172, 0.4157172, 0.4157172, 0.4157172,\n       0.4157172]))", "callback": [0.706752923558908, 0.5800764383265384, 0.5494434936512989, 0.5114959941479333, 0.49587586122170046, 0.4861855851613236, 0.48130920658628995, 0.475209348186342, 0.46198307562849295, 0.4464539155791558, 0.44399222312983966, 0.4393533014240183, 0.4368884142869389, 0.4363812875704619, 0.43605015331090957, 0.4357876963357772, 0.43564511049044596, 0.4354706150538322, 0.43516062149244017, 0.43432819408642187, 0.4329604546688529, 0.4301083279722706, 0.4229561599215994, 0.4187550637985451, 0.4168680645645615, 0.4159031736179998, 0.4158977592564098, 0.4157876884883289, 0.41576728598295, 0.41575212975987264, 0.41574078529045955, 0.41572770441687257, 0.41572046446218847, 0.4157178182384832, 0.41571742704439485, 0.41571723968625063, 0.4157172031243246, 0.4157171989697628, 0.41571719703449916, 0.41571719654186046, 0.41571719641488114, 0.4157171963858073, 0.41571719637860927, 0.4157171963774987, 0.4157171963772346, 0.41571719637717497, 0.415717196377143, 0.4157171963771361, 0.41571719637713533, 0.415717196377135, 0.4157171963771349, 0.4157171963771348, 0.4157171963771348]}}, "bfgs": {"type": "gradient", "0": {"maxiter": 100, "gtol": 1e-05, "xrtol": 1e-05, "eps": 1e-05, "duration": 0.06427812576293945, "fun": "0.4157171964235674", "jac": "[-9.29489818e-07  4.25981472e-07 -1.04105613e-06  7.74968978e-07\n -7.59037278e-07  1.59627866e-06]", "hess_inv": "[[ 5.71797401  2.16753347 -0.6778198  -1.68300412 -0.95756063 -0.84789024]\n [ 2.16753347 17.00166155 -7.76605796 -6.41291576 -8.11090639 -2.24135412]\n [-0.6778198  -7.76605796  7.58456524  0.92246798  3.52132208  1.6150981 ]\n [-1.68300412 -6.41291576  0.92246798 11.1264836   2.975757   -1.16531147]\n [-0.95756063 -8.11090639  3.52132208  2.975757    7.61195539  0.52721175]\n [-0.84789024 -2.24135412  1.6150981  -1.16531147  0.52721175  5.02665438]]", "nfev": "196", "njev": "28", "status": "0", "success": "True", "message": "Optimization terminated successfully.", "x": "[ 5.26761296 -0.59180889  1.41689404  4.89130281  6.84962843  5.03385865]", "nit": "26", "callback": [0.5700245406744329, 0.5595948739424403, 0.5411404463222581, 0.5175472825339822, 0.5073442962520394, 0.4923148407869492, 0.4809869687097591, 0.46910205910652525, 0.457134210779482, 0.4520607436031874, 0.44769721415682406, 0.44124022409231656, 0.4334331957495179, 0.42299329058716917, 0.41641539418825513, 0.41612103816417967, 0.41594620315681774, 0.41583468701544657, 0.4157472111226945, 0.4157245355416439, 0.4157209183347962, 0.4157194553012339, 0.4157177611158863, 0.41571726447602086, 0.41571719846630895, 0.4157171964235674]}, "1": {"maxiter": 100, "gtol": 1e-05, "xrtol": 1e-05, "eps": 1e-10, "duration": 0.07032489776611328, "fun": "0.4157171964330071", "jac": "[-2.22044587e-06  2.22044587e-06 -1.11022293e-06  2.22044587e-06\n -1.11022293e-06  1.11022293e-06]", "hess_inv": "[[ 5.78124577  2.51109228 -0.82987084 -1.93948899 -1.20750544 -0.88442619]\n [ 2.51109228 17.12161262 -7.8547029  -6.56453112 -8.33379804 -2.07866151]\n [-0.82987084 -7.8547029   7.63752723  0.98993134  3.64756342  1.56565843]\n [-1.93948899 -6.56453112  0.98993134 11.35052057  3.15870592 -1.30864792]\n [-1.20750544 -8.33379804  3.64756342  3.15870592  7.82880619  0.42718971]\n [-0.88442619 -2.07866151  1.56565843 -1.30864792  0.42718971  4.99763236]]", "nfev": "196", "njev": "28", "status": "0", "success": "True", "message": "Optimization terminated successfully.", "x": "[ 5.26760794 -0.59183406  1.41690997  4.89132624  6.84965184  5.03386509]", "nit": "26", "callback": [0.5700245100347434, 0.5595933456949195, 0.5411366417479602, 0.5175444949328016, 0.5073428825678858, 0.4923123663772413, 0.48098211151005565, 0.46910609367346756, 0.45712855378398876, 0.4520590318508295, 0.44769118361291116, 0.4412313471244833, 0.4334242575572955, 0.42296548696400194, 0.41641301227667515, 0.4161200879374053, 0.41594544749100015, 0.41583356743444844, 0.41574704826183206, 0.41572470047092036, 0.4157209380827902, 0.4157194810244599, 0.4157177848533773, 0.41571726704824485, 0.41571719924385375, 0.4157171964330071]}, "2": {"maxiter": 100, "gtol": 1e-05, "xrtol": 1e-10, "eps": 1e-05, "duration": 0.07287764549255371, "fun": "0.4157171964235674", "jac": "[-9.29489818e-07  4.25981472e-07 -1.04105613e-06  7.74968978e-07\n -7.59037278e-07  1.59627866e-06]", "hess_inv": "[[ 5.71797401  2.16753347 -0.6778198  -1.68300412 -0.95756063 -0.84789024]\n [ 2.16753347 17.00166155 -7.76605796 -6.41291576 -8.11090639 -2.24135412]\n [-0.6778198  -7.76605796  7.58456524  0.92246798  3.52132208  1.6150981 ]\n [-1.68300412 -6.41291576  0.92246798 11.1264836   2.975757   -1.16531147]\n [-0.95756063 -8.11090639  3.52132208  2.975757    7.61195539  0.52721175]\n [-0.84789024 -2.24135412  1.6150981  -1.16531147  0.52721175  5.02665438]]", "nfev": "196", "njev": "28", "status": "0", "success": "True", "message": "Optimization terminated successfully.", "x": "[ 5.26761296 -0.59180889  1.41689404  4.89130281  6.84962843  5.03385865]", "nit": "26", "callback": [0.5700245406744329, 0.5595948739424403, 0.5411404463222581, 0.5175472825339822, 0.5073442962520394, 0.4923148407869492, 0.4809869687097591, 0.46910205910652525, 0.457134210779482, 0.4520607436031874, 0.44769721415682406, 0.44124022409231656, 0.4334331957495179, 0.42299329058716917, 0.41641539418825513, 0.41612103816417967, 0.41594620315681774, 0.41583468701544657, 0.4157472111226945, 0.4157245355416439, 0.4157209183347962, 0.4157194553012339, 0.4157177611158863, 0.41571726447602086, 0.41571719846630895, 0.4157171964235674]}, "3": {"maxiter": 100, "gtol": 1e-05, "xrtol": 1e-10, "eps": 1e-10, "duration": 0.059639930725097656, "fun": "0.4157171964330071", "jac": "[-2.22044587e-06  2.22044587e-06 -1.11022293e-06  2.22044587e-06\n -1.11022293e-06  1.11022293e-06]", "hess_inv": "[[ 5.78124577  2.51109228 -0.82987084 -1.93948899 -1.20750544 -0.88442619]\n [ 2.51109228 17.12161262 -7.8547029  -6.56453112 -8.33379804 -2.07866151]\n [-0.82987084 -7.8547029   7.63752723  0.98993134  3.64756342  1.56565843]\n [-1.93948899 -6.56453112  0.98993134 11.35052057  3.15870592 -1.30864792]\n [-1.20750544 -8.33379804  3.64756342  3.15870592  7.82880619  0.42718971]\n [-0.88442619 -2.07866151  1.56565843 -1.30864792  0.42718971  4.99763236]]", "nfev": "196", "njev": "28", "status": "0", "success": "True", "message": "Optimization terminated successfully.", "x": "[ 5.26760794 -0.59183406  1.41690997  4.89132624  6.84965184  5.03386509]", "nit": "26", "callback": [0.5700245100347434, 0.5595933456949195, 0.5411366417479602, 0.5175444949328016, 0.5073428825678858, 0.4923123663772413, 0.48098211151005565, 0.46910609367346756, 0.45712855378398876, 0.4520590318508295, 0.44769118361291116, 0.4412313471244833, 0.4334242575572955, 0.42296548696400194, 0.41641301227667515, 0.4161200879374053, 0.41594544749100015, 0.41583356743444844, 0.41574704826183206, 0.41572470047092036, 0.4157209380827902, 0.4157194810244599, 0.4157177848533773, 0.41571726704824485, 0.41571719924385375, 0.4157171964330071]}, "4": {"maxiter": 100, "gtol": 1e-10, "xrtol": 1e-05, "eps": 1e-05, "duration": 0.07586908340454102, "fun": "0.41571719638943183", "jac": "[-1.12443388e-07  5.64326363e-08  1.17883481e-07  7.74491582e-08\n -2.88880031e-08  4.54747351e-08]", "hess_inv": "[[ 5.60244243  2.11479309 -0.63075217 -1.67758391 -0.81403625 -0.96696234]\n [ 2.11479309 17.34008763 -8.07365222 -6.35365535 -8.47114477 -2.00912059]\n [-0.63075217 -8.07365222  7.86413049  0.86870918  3.84935432  1.40344059]\n [-1.67758391 -6.35365535  0.86870918 11.13512487  2.90232845 -1.11483072]\n [-0.81403625 -8.47114477  3.84935432  2.90232845  7.9337064   0.33853535]\n [-0.96696234 -2.00912059  1.40344059 -1.11483072  0.33853535  5.13050826]]", "nfev": "203", "njev": "29", "status": "0", "success": "True", "message": "Optimization terminated successfully.", "x": "[ 5.26761884 -0.59182101  1.41690509  4.89130021  6.84963852  5.033853  ]", "nit": "27", "callback": [0.5700245406744329, 0.5595948739424403, 0.5411404463222581, 0.5175472825339822, 0.5073442962520394, 0.4923148407869492, 0.4809869687097591, 0.46910205910652525, 0.457134210779482, 0.4520607436031874, 0.44769721415682406, 0.44124022409231656, 0.4334331957495179, 0.42299329058716917, 0.41641539418825513, 0.41612103816417967, 0.41594620315681774, 0.41583468701544657, 0.4157472111226945, 0.4157245355416439, 0.4157209183347962, 0.4157194553012339, 0.4157177611158863, 0.41571726447602086, 0.41571719846630895, 0.4157171964235674, 0.41571719638943183]}, "5": {"maxiter": 100, "gtol": 1e-10, "xrtol": 1e-05, "eps": 1e-10, "duration": 0.08913207054138184, "fun": "0.41571719641912874", "jac": "[-1.11022293e-06  1.11022293e-06  2.22044587e-06  2.22044587e-06\n  1.11022293e-06  1.11022293e-06]", "hess_inv": "[[ 5.54359961  2.43196578 -0.8113773  -1.68457882 -0.99862275 -1.09344483]\n [ 2.43196578 18.89149185 -9.06323794 -6.5846561  -9.72817897 -1.81644104]\n [-0.8113773  -9.06323794  8.45752086  1.04110009  4.62128741  1.35753503]\n [-1.68457882 -6.5846561   1.04110009 11.08323007  3.02022391 -1.10384145]\n [-0.99862275 -9.72817897  4.62128741  3.02022391  8.83831444  0.34047917]\n [-1.09344483 -1.81644104  1.35753503 -1.10384145  0.34047917  4.87508864]]", "nfev": "210", "njev": "30", "status": "0", "success": "True", "message": "Optimization terminated successfully.", "x": "[ 5.2676115  -0.59184879  1.41692046  4.89132335  6.84966168  5.03386528]", "nit": "27", "callback": [0.5700245100347434, 0.5595933456949195, 0.5411366417479602, 0.5175444949328016, 0.5073428825678858, 0.4923123663772413, 0.48098211151005565, 0.46910609367346756, 0.45712855378398876, 0.4520590318508295, 0.44769118361291116, 0.4412313471244833, 0.4334242575572955, 0.42296548696400194, 0.41641301227667515, 0.4161200879374053, 0.41594544749100015, 0.41583356743444844, 0.41574704826183206, 0.41572470047092036, 0.4157209380827902, 0.4157194810244599, 0.4157177848533773, 0.41571726704824485, 0.41571719924385375, 0.4157171964330071, 0.41571719641912874]}, "6": {"maxiter": 100, "gtol": 1e-10, "xrtol": 1e-10, "eps": 1e-05, "duration": 0.15259385108947754, "fun": "0.41571719638943183", "jac": "[-1.12443388e-07  5.64326363e-08  1.17883481e-07  7.74491582e-08\n -2.88880031e-08  4.54747351e-08]", "hess_inv": "[[ 5.80514918  1.99993443 -0.53509705 -1.81637357 -0.66276085 -1.10183823]\n [ 1.99993443 16.95092144 -7.70046189 -6.20127856 -8.26213401 -2.02261911]\n [-0.53509705 -7.70046189  7.50714737  0.73384025  3.64343792  1.42440005]\n [-1.81637357 -6.20127856  0.73384025 11.2181827   2.75091176 -1.00788708]\n [-0.66276085 -8.26213401  3.64343792  2.75091176  7.85537359  0.2962245 ]\n [-1.10183823 -2.02261911  1.42440005 -1.00788708  0.2962245   5.20245024]]", "nfev": "410", "njev": "57", "status": "2", "success": "False", "message": "Desired error not necessarily achieved due to precision loss.", "x": "[ 5.26761884 -0.59182101  1.41690509  4.89130021  6.84963852  5.033853  ]", "nit": "27", "callback": [0.5700245406744329, 0.5595948739424403, 0.5411404463222581, 0.5175472825339822, 0.5073442962520394, 0.4923148407869492, 0.4809869687097591, 0.46910205910652525, 0.457134210779482, 0.4520607436031874, 0.44769721415682406, 0.44124022409231656, 0.4334331957495179, 0.42299329058716917, 0.41641539418825513, 0.41612103816417967, 0.41594620315681774, 0.41583468701544657, 0.4157472111226945, 0.4157245355416439, 0.4157209183347962, 0.4157194553012339, 0.4157177611158863, 0.41571726447602086, 0.41571719846630895, 0.4157171964235674, 0.41571719638943183]}, "7": {"maxiter": 100, "gtol": 1e-10, "xrtol": 1e-10, "eps": 1e-10, "duration": 0.12940096855163574, "fun": "0.41571719638270466", "jac": "[ 0.00000000e+00 -2.22044587e-06  0.00000000e+00 -1.11022293e-06\n -2.22044587e-06  1.11022293e-06]", "hess_inv": "[[ 1.65174234  2.58018768 -1.08085977 -0.21797574 -2.27001232 -1.09612327]\n [ 2.58018768  7.81335665 -3.04707877 -1.86946003 -4.92389858 -0.85506956]\n [-1.08085977 -3.04707877  1.25897009  0.70397216  1.99556052  0.38867396]\n [-0.21797574 -1.86946003  0.70397216  0.88103466  0.7561872  -0.18067282]\n [-2.27001232 -4.92389858  1.99556052  0.7561872   3.68243391  1.19964099]\n [-1.09612327 -0.85506956  0.38867396 -0.18067282  1.19964099  0.97418685]]", "nfev": "406", "njev": "58", "status": "2", "success": "False", "message": "Desired error not necessarily achieved due to precision loss.", "x": "[ 5.26762924 -0.59183522  1.41691691  4.89130277  6.84965035  5.03385789]", "nit": "36", "callback": [0.5700245100347434, 0.5595933456949195, 0.5411366417479602, 0.5175444949328016, 0.5073428825678858, 0.4923123663772413, 0.48098211151005565, 0.46910609367346756, 0.45712855378398876, 0.4520590318508295, 0.44769118361291116, 0.4412313471244833, 0.4334242575572955, 0.42296548696400194, 0.41641301227667515, 0.4161200879374053, 0.41594544749100015, 0.41583356743444844, 0.41574704826183206, 0.41572470047092036, 0.4157209380827902, 0.4157194810244599, 0.4157177848533773, 0.41571726704824485, 0.41571719924385375, 0.4157171964330071, 0.41571719641912874, 0.415717196388823, 0.4157171963884506, 0.4157171963879571, 0.4157171963850709, 0.4157171963840608, 0.41571719638371996, 0.4157171963836457, 0.41571719638270466, 0.41571719638270466]}, "8": {"maxiter": 500, "gtol": 1e-05, "xrtol": 1e-05, "eps": 1e-05, "duration": 0.05644702911376953, "fun": "0.4157171964235674", "jac": "[-9.29489818e-07  4.25981472e-07 -1.04105613e-06  7.74968978e-07\n -7.59037278e-07  1.59627866e-06]", "hess_inv": "[[ 5.71797401  2.16753347 -0.6778198  -1.68300412 -0.95756063 -0.84789024]\n [ 2.16753347 17.00166155 -7.76605796 -6.41291576 -8.11090639 -2.24135412]\n [-0.6778198  -7.76605796  7.58456524  0.92246798  3.52132208  1.6150981 ]\n [-1.68300412 -6.41291576  0.92246798 11.1264836   2.975757   -1.16531147]\n [-0.95756063 -8.11090639  3.52132208  2.975757    7.61195539  0.52721175]\n [-0.84789024 -2.24135412  1.6150981  -1.16531147  0.52721175  5.02665438]]", "nfev": "196", "njev": "28", "status": "0", "success": "True", "message": "Optimization terminated successfully.", "x": "[ 5.26761296 -0.59180889  1.41689404  4.89130281  6.84962843  5.03385865]", "nit": "26", "callback": [0.5700245406744329, 0.5595948739424403, 0.5411404463222581, 0.5175472825339822, 0.5073442962520394, 0.4923148407869492, 0.4809869687097591, 0.46910205910652525, 0.457134210779482, 0.4520607436031874, 0.44769721415682406, 0.44124022409231656, 0.4334331957495179, 0.42299329058716917, 0.41641539418825513, 0.41612103816417967, 0.41594620315681774, 0.41583468701544657, 0.4157472111226945, 0.4157245355416439, 0.4157209183347962, 0.4157194553012339, 0.4157177611158863, 0.41571726447602086, 0.41571719846630895, 0.4157171964235674]}, "9": {"maxiter": 500, "gtol": 1e-05, "xrtol": 1e-05, "eps": 1e-10, "duration": 0.05731511116027832, "fun": "0.4157171964330071", "jac": "[-2.22044587e-06  2.22044587e-06 -1.11022293e-06  2.22044587e-06\n -1.11022293e-06  1.11022293e-06]", "hess_inv": "[[ 5.78124577  2.51109228 -0.82987084 -1.93948899 -1.20750544 -0.88442619]\n [ 2.51109228 17.12161262 -7.8547029  -6.56453112 -8.33379804 -2.07866151]\n [-0.82987084 -7.8547029   7.63752723  0.98993134  3.64756342  1.56565843]\n [-1.93948899 -6.56453112  0.98993134 11.35052057  3.15870592 -1.30864792]\n [-1.20750544 -8.33379804  3.64756342  3.15870592  7.82880619  0.42718971]\n [-0.88442619 -2.07866151  1.56565843 -1.30864792  0.42718971  4.99763236]]", "nfev": "196", "njev": "28", "status": "0", "success": "True", "message": "Optimization terminated successfully.", "x": "[ 5.26760794 -0.59183406  1.41690997  4.89132624  6.84965184  5.03386509]", "nit": "26", "callback": [0.5700245100347434, 0.5595933456949195, 0.5411366417479602, 0.5175444949328016, 0.5073428825678858, 0.4923123663772413, 0.48098211151005565, 0.46910609367346756, 0.45712855378398876, 0.4520590318508295, 0.44769118361291116, 0.4412313471244833, 0.4334242575572955, 0.42296548696400194, 0.41641301227667515, 0.4161200879374053, 0.41594544749100015, 0.41583356743444844, 0.41574704826183206, 0.41572470047092036, 0.4157209380827902, 0.4157194810244599, 0.4157177848533773, 0.41571726704824485, 0.41571719924385375, 0.4157171964330071]}, "10": {"maxiter": 500, "gtol": 1e-05, "xrtol": 1e-10, "eps": 1e-05, "duration": 0.06536602973937988, "fun": "0.4157171964235674", "jac": "[-9.29489818e-07  4.25981472e-07 -1.04105613e-06  7.74968978e-07\n -7.59037278e-07  1.59627866e-06]", "hess_inv": "[[ 5.71797401  2.16753347 -0.6778198  -1.68300412 -0.95756063 -0.84789024]\n [ 2.16753347 17.00166155 -7.76605796 -6.41291576 -8.11090639 -2.24135412]\n [-0.6778198  -7.76605796  7.58456524  0.92246798  3.52132208  1.6150981 ]\n [-1.68300412 -6.41291576  0.92246798 11.1264836   2.975757   -1.16531147]\n [-0.95756063 -8.11090639  3.52132208  2.975757    7.61195539  0.52721175]\n [-0.84789024 -2.24135412  1.6150981  -1.16531147  0.52721175  5.02665438]]", "nfev": "196", "njev": "28", "status": "0", "success": "True", "message": "Optimization terminated successfully.", "x": "[ 5.26761296 -0.59180889  1.41689404  4.89130281  6.84962843  5.03385865]", "nit": "26", "callback": [0.5700245406744329, 0.5595948739424403, 0.5411404463222581, 0.5175472825339822, 0.5073442962520394, 0.4923148407869492, 0.4809869687097591, 0.46910205910652525, 0.457134210779482, 0.4520607436031874, 0.44769721415682406, 0.44124022409231656, 0.4334331957495179, 0.42299329058716917, 0.41641539418825513, 0.41612103816417967, 0.41594620315681774, 0.41583468701544657, 0.4157472111226945, 0.4157245355416439, 0.4157209183347962, 0.4157194553012339, 0.4157177611158863, 0.41571726447602086, 0.41571719846630895, 0.4157171964235674]}, "11": {"maxiter": 500, "gtol": 1e-05, "xrtol": 1e-10, "eps": 1e-10, "duration": 0.06012296676635742, "fun": "0.4157171964330071", "jac": "[-2.22044587e-06  2.22044587e-06 -1.11022293e-06  2.22044587e-06\n -1.11022293e-06  1.1