{"date": "2024/09/25/, 08:13:10", "conf_id": 179, "data_type": "non_lin_ind\n", "num_data_points": 1, "s_rank": 0, "unitary": "[[-0.24866696+0.58742286j,-0.44704345-0.43151574j,-0.35669027-0.20570733j,-0.10517633+0.1626036j],[0.10596805-0.19687975j,-0.30269685-0.15056416j,0.18246286+0.30440582j,-0.83484447-0.11310748j],[0.26054512-0.52548482j,0.0285017-0.50723956j,-0.43110112+0.17165838j,0.15243271+0.39915801j],[0.42978035+0.11991271j,-0.17224126-0.46030424j,0.6827807-0.15164662j,0.26483638+0.0061855j]]", "databatch_0": {"databatch": "[[[0.0867704-0.07556625j,0.063823-0.08123254j,0.55850231+0.25261341j,-0.03350458-0.04103171j],[0.16282775-0.15156831j,0.18383808-0.24965959j,0.13407786-0.14094665j,-0.12631682+0.22455642j],[0.09746951-0.09252656j,0.03665076-0.02255963j,-0.07121356-0.3790099j,-0.20949181+0.10119936j],[-0.0671478+0.13137506j,0.08893284-0.03270333j,-0.21094716+0.1957187j,0.1065185+0.00695004j]]]", "initial param values": "[3.04122106,1.96112922,3.40512564,2.37534458,3.29616444,1.70276548]", "nelder_mead": {"type": "gradient-free", "0": {"maxiter": 100, "fatol": 1e-05, "xatol": 1e-05, "duration": 0.03901219367980957, "fun": "0.34062683614646894", "nit": "100", "nfev": "156", "status": "2", "success": "False", "message": "Maximum number of iterations has been exceeded.", "x": "[6.61875215 0.86636435 4.52333633 5.50095244 0.81231101 1.22820268]", "final_simplex": "(array([[6.61875215, 0.86636435, 4.52333633, 5.50095244, 0.81231101,\n        1.22820268],\n       [6.50264946, 0.89558817, 4.4612162 , 5.34225949, 0.89973184,\n        1.23468995],\n       [6.82717191, 1.06347719, 4.38273972, 5.54631417, 0.77579472,\n        1.17539733],\n       [6.46809104, 0.83676929, 4.57715828, 5.33227282, 1.04206295,\n        1.24783789],\n       [6.61943895, 0.95247987, 4.41335706, 5.44221945, 0.81232994,\n        1.17422393],\n       [6.57114862, 0.86215878, 4.6322063 , 5.44617713, 0.79774581,\n        1.24425514],\n       [6.51596335, 1.00607565, 4.36116247, 5.43473708, 0.95976481,\n        1.20423654]]), array([0.34062684, 0.34266434, 0.34407247, 0.34541347, 0.34573086,\n       0.34641075, 0.34665399]))", "callback": [0.993638635832838, 0.8167273980531136, 0.6894031323940076, 0.5061096806491514, 0.4311201078640241, 0.3871965168674736, 0.3623940405030883, 0.3540128366960211, 0.3506238389221876, 0.34848996514467756]}, "1": {"maxiter": 100, "fatol": 1e-05, "xatol": 1e-10, "duration": 0.03787994384765625, "fun": "0.34062683614646894", "nit": "100", "nfev": "156", "status": "2", "success": "False", "message": "Maximum number of iterations has been exceeded.", "x": "[6.61875215 0.86636435 4.52333633 5.50095244 0.81231101 1.22820268]", "final_simplex": "(array([[6.61875215, 0.86636435, 4.52333633, 5.50095244, 0.81231101,\n        1.22820268],\n       [6.50264946, 0.89558817, 4.4612162 , 5.34225949, 0.89973184,\n        1.23468995],\n       [6.82717191, 1.06347719, 4.38273972, 5.54631417, 0.77579472,\n        1.17539733],\n       [6.46809104, 0.83676929, 4.57715828, 5.33227282, 1.04206295,\n        1.24783789],\n       [6.61943895, 0.95247987, 4.41335706, 5.44221945, 0.81232994,\n        1.17422393],\n       [6.57114862, 0.86215878, 4.6322063 , 5.44617713, 0.79774581,\n        1.24425514],\n       [6.51596335, 1.00607565, 4.36116247, 5.43473708, 0.95976481,\n        1.20423654]]), array([0.34062684, 0.34266434, 0.34407247, 0.34541347, 0.34573086,\n       0.34641075, 0.34665399]))", "callback": [0.993638635832838, 0.8167273980531136, 0.6894031323940076, 0.5061096806491514, 0.4311201078640241, 0.3871965168674736, 0.3623940405030883, 0.3540128366960211, 0.3506238389221876, 0.34848996514467756]}, "2": {"maxiter": 100, "fatol": 1e-10, "xatol": 1e-05, "duration": 0.0380551815032959, "fun": "0.34062683614646894", "nit": "100", "nfev": "156", "status": "2", "success": "False", "message": "Maximum number of iterations has been exceeded.", "x": "[6.61875215 0.86636435 4.52333633 5.50095244 0.81231101 1.22820268]", "final_simplex": "(array([[6.61875215, 0.86636435, 4.52333633, 5.50095244, 0.81231101,\n        1.22820268],\n       [6.50264946, 0.89558817, 4.4612162 , 5.34225949, 0.89973184,\n        1.23468995],\n       [6.82717191, 1.06347719, 4.38273972, 5.54631417, 0.77579472,\n        1.17539733],\n       [6.46809104, 0.83676929, 4.57715828, 5.33227282, 1.04206295,\n        1.24783789],\n       [6.61943895, 0.95247987, 4.41335706, 5.44221945, 0.81232994,\n        1.17422393],\n       [6.57114862, 0.86215878, 4.6322063 , 5.44617713, 0.79774581,\n        1.24425514],\n       [6.51596335, 1.00607565, 4.36116247, 5.43473708, 0.95976481,\n        1.20423654]]), array([0.34062684, 0.34266434, 0.34407247, 0.34541347, 0.34573086,\n       0.34641075, 0.34665399]))", "callback": [0.993638635832838, 0.8167273980531136, 0.6894031323940076, 0.5061096806491514, 0.4311201078640241, 0.3871965168674736, 0.3623940405030883, 0.3540128366960211, 0.3506238389221876, 0.34848996514467756]}, "3": {"maxiter": 100, "fatol": 1e-10, "xatol": 1e-10, "duration": 0.03659796714782715, "fun": "0.34062683614646894", "nit": "100", "nfev": "156", "status": "2", "success": "False", "message": "Maximum number of iterations has been exceeded.", "x": "[6.61875215 0.86636435 4.52333633 5.50095244 0.81231101 1.22820268]", "final_simplex": "(array([[6.61875215, 0.86636435, 4.52333633, 5.50095244, 0.81231101,\n        1.22820268],\n       [6.50264946, 0.89558817, 4.4612162 , 5.34225949, 0.89973184,\n        1.23468995],\n       [6.82717191, 1.06347719, 4.38273972, 5.54631417, 0.77579472,\n        1.17539733],\n       [6.46809104, 0.83676929, 4.57715828, 5.33227282, 1.04206295,\n        1.24783789],\n       [6.61943895, 0.95247987, 4.41335706, 5.44221945, 0.81232994,\n        1.17422393],\n       [6.57114862, 0.86215878, 4.6322063 , 5.44617713, 0.79774581,\n        1.24425514],\n       [6.51596335, 1.00607565, 4.36116247, 5.43473708, 0.95976481,\n        1.20423654]]), array([0.34062684, 0.34266434, 0.34407247, 0.34541347, 0.34573086,\n       0.34641075, 0.34665399]))", "callback": [0.993638635832838, 0.8167273980531136, 0.6894031323940076, 0.5061096806491514, 0.4311201078640241, 0.3871965168674736, 0.3623940405030883, 0.3540128366960211, 0.3506238389221876, 0.34848996514467756]}, "4": {"maxiter": 500, "fatol": 1e-05, "xatol": 1e-05, "duration": 0.17517709732055664, "fun": "0.21351059934875904", "nit": "483", "nfev": "757", "status": "0", "success": "True", "message": "Optimization terminated successfully.", "x": "[ 8.17183596  1.63041014  4.14789928  5.14662295 -1.68594516  2.0374982 ]", "final_simplex": "(array([[ 8.17183596,  1.63041014,  4.14789928,  5.14662295, -1.68594516,\n         2.0374982 ],\n       [ 8.17184461,  1.63041422,  4.14790551,  5.14662095, -1.68595511,\n         2.03749981],\n       [ 8.17184199,  1.63041444,  4.14790886,  5.14662113, -1.685947  ,\n         2.03749483],\n       [ 8.17183514,  1.63040695,  4.14789946,  5.14662064, -1.68594257,\n         2.03749573],\n       [ 8.17184106,  1.63041391,  4.14790307,  5.14661688, -1.68594749,\n         2.03749992],\n       [ 8.17183008,  1.63040462,  4.14790535,  5.14662135, -1.68594056,\n         2.03749916],\n       [ 8.17183934,  1.63041014,  4.14790104,  5.14662561, -1.68594897,\n         2.03750577]]), array([0.2135106, 0.2135106, 0.2135106, 0.2135106, 0.2135106, 0.2135106,\n       0.2135106]))", "callback": [0.993638635832838, 0.8167273980531136, 0.6894031323940076, 0.5061096806491514, 0.4311201078640241, 0.3871965168674736, 0.3623940405030883, 0.3540128366960211, 0.3506238389221876, 0.34848996514467756, 0.3401806041578105, 0.3226820037052296, 0.29337543025205004, 0.2764652612091316, 0.2719091208355373, 0.27113116885446253, 0.2705246165386985, 0.2692552277913184, 0.26585382720944306, 0.2589286452945856, 0.2547867011803451, 0.2508638165387189, 0.24880991900227944, 0.24575975420769014, 0.24032366788639714, 0.23700481790517558, 0.23455830414870116, 0.23202312739178987, 0.2304766939854508, 0.22858125878444868, 0.22620031873755475, 0.22593461398688208, 0.22364759879102203, 0.2215814588734628, 0.21813770012036615, 0.21554596796302805, 0.2140967777731505, 0.2136508056081161, 0.21353606826119764, 0.2135148280865078, 0.2135118294864452, 0.2135108474067685, 0.21351065182822293, 0.21351060942189393, 0.21351060263662458, 0.21351060013420198, 0.21351059945449957, 0.2135105993818488, 0.21351059934875904]}, "5": {"maxiter": 500, "fatol": 1e-05, "xatol": 1e-10, "duration": 0.1795201301574707, "fun": "0.21351059934503858", "nit": "500", "nfev": "783", "status": "2", "success": "False", "message": "Maximum number of iterations has been exceeded.", "x": "[ 8.17183922  1.6304139   4.14790081  5.14662315 -1.68594958  2.03749824]", "final_simplex": "(array([[ 8.17183922,  1.6304139 ,  4.14790081,  5.14662315, -1.68594958,\n         2.03749824],\n       [ 8.17183676,  1.63041333,  4.147903  ,  5.14662116, -1.68594483,\n         2.03749838],\n       [ 8.17183535,  1.63041171,  4.14789983,  5.1466233 , -1.68594264,\n         2.03749869],\n       [ 8.1718308 ,  1.63040791,  4.14790069,  5.1466228 , -1.68593988,\n         2.0374976 ],\n       [ 8.1718353 ,  1.63041127,  4.14790001,  5.14662428, -1.68594596,\n         2.03750225],\n       [ 8.17183702,  1.63041215,  4.14790051,  5.14662058, -1.68594602,\n         2.03749931],\n       [ 8.17183851,  1.63041225,  4.14790255,  5.14662235, -1.68594761,\n         2.03750056]]), array([0.2135106, 0.2135106, 0.2135106, 0.2135106, 0.2135106, 0.2135106,\n       0.2135106]))", "callback": [0.993638635832838, 0.8167273980531136, 0.6894031323940076, 0.5061096806491514, 0.4311201078640241, 0.3871965168674736, 0.3623940405030883, 0.3540128366960211, 0.3506238389221876, 0.34848996514467756, 0.3401806041578105, 0.3226820037052296, 0.29337543025205004, 0.2764652612091316, 0.2719091208355373, 0.27113116885446253, 0.2705246165386985, 0.2692552277913184, 0.26585382720944306, 0.2589286452945856, 0.2547867011803451, 0.2508638165387189, 0.24880991900227944, 0.24575975420769014, 0.24032366788639714, 0.23700481790517558, 0.23455830414870116, 0.23202312739178987, 0.2304766939854508, 0.22858125878444868, 0.22620031873755475, 0.22593461398688208, 0.22364759879102203, 0.2215814588734628, 0.21813770012036615, 0.21554596796302805, 0.2140967777731505, 0.2136508056081161, 0.21353606826119764, 0.2135148280865078, 0.2135118294864452, 0.2135108474067685, 0.21351065182822293, 0.21351060942189393, 0.21351060263662458, 0.21351060013420198, 0.21351059945449957, 0.2135105993818488, 0.21351059934875904, 0.21351059934771355]}, "6": {"maxiter": 500, "fatol": 1e-10, "xatol": 1e-05, "duration": 0.18335199356079102, "fun": "0.21351059934875904", "nit": "483", "nfev": "757", "status": "0", "success": "True", "message": "Optimization terminated successfully.", "x": "[ 8.17183596  1.63041014  4.14789928  5.14662295 -1.68594516  2.0374982 ]", "final_simplex": "(array([[ 8.17183596,  1.63041014,  4.14789928,  5.14662295, -1.68594516,\n         2.0374982 ],\n       [ 8.17184461,  1.63041422,  4.14790551,  5.14662095, -1.68595511,\n         2.03749981],\n       [ 8.17184199,  1.63041444,  4.14790886,  5.14662113, -1.685947  ,\n         2.03749483],\n       [ 8.17183514,  1.63040695,  4.14789946,  5.14662064, -1.68594257,\n         2.03749573],\n       [ 8.17184106,  1.63041391,  4.14790307,  5.14661688, -1.68594749,\n         2.03749992],\n       [ 8.17183008,  1.63040462,  4.14790535,  5.14662135, -1.68594056,\n         2.03749916],\n       [ 8.17183934,  1.63041014,  4.14790104,  5.14662561, -1.68594897,\n         2.03750577]]), array([0.2135106, 0.2135106, 0.2135106, 0.2135106, 0.2135106, 0.2135106,\n       0.2135106]))", "callback": [0.993638635832838, 0.8167273980531136, 0.6894031323940076, 0.5061096806491514, 0.4311201078640241, 0.3871965168674736, 0.3623940405030883, 0.3540128366960211, 0.3506238389221876, 0.34848996514467756, 0.3401806041578105, 0.3226820037052296, 0.29337543025205004, 0.2764652612091316, 0.2719091208355373, 0.27113116885446253, 0.2705246165386985, 0.2692552277913184, 0.26585382720944306, 0.2589286452945856, 0.2547867011803451, 0.2508638165387189, 0.24880991900227944, 0.24575975420769014, 0.24032366788639714, 0.23700481790517558, 0.23455830414870116, 0.23202312739178987, 0.2304766939854508, 0.22858125878444868, 0.22620031873755475, 0.22593461398688208, 0.22364759879102203, 0.2215814588734628, 0.21813770012036615, 0.21554596796302805, 0.2140967777731505, 0.2136508056081161, 0.21353606826119764, 0.2135148280865078, 0.2135118294864452, 0.2135108474067685, 0.21351065182822293, 0.21351060942189393, 0.21351060263662458, 0.21351060013420198, 0.21351059945449957, 0.2135105993818488, 0.21351059934875904]}, "7": {"maxiter": 500, "fatol": 1e-10, "xatol": 1e-10, "duration": 0.1813962459564209, "fun": "0.21351059934503858", "nit": "500", "nfev": "783", "status": "2", "success": "False", "message": "Maximum number of iterations has been exceeded.", "x": "[ 8.17183922  1.6304139   4.14790081  5.14662315 -1.68594958  2.03749824]", "final_simplex": "(array([[ 8.17183922,  1.6304139 ,  4.14790081,  5.14662315, -1.68594958,\n         2.03749824],\n       [ 8.17183676,  1.63041333,  4.147903  ,  5.14662116, -1.68594483,\n         2.03749838],\n       [ 8.17183535,  1.63041171,  4.14789983,  5.1466233 , -1.68594264,\n         2.03749869],\n       [ 8.1718308 ,  1.63040791,  4.14790069,  5.1466228 , -1.68593988,\n         2.0374976 ],\n       [ 8.1718353 ,  1.63041127,  4.14790001,  5.14662428, -1.68594596,\n         2.03750225],\n       [ 8.17183702,  1.63041215,  4.14790051,  5.14662058, -1.68594602,\n         2.03749931],\n       [ 8.17183851,  1.63041225,  4.14790255,  5.14662235, -1.68594761,\n         2.03750056]]), array([0.2135106, 0.2135106, 0.2135106, 0.2135106, 0.2135106, 0.2135106,\n       0.2135106]))", "callback": [0.993638635832838, 0.8167273980531136, 0.6894031323940076, 0.5061096806491514, 0.4311201078640241, 0.3871965168674736, 0.3623940405030883, 0.3540128366960211, 0.3506238389221876, 0.34848996514467756, 0.3401806041578105, 0.3226820037052296, 0.29337543025205004, 0.2764652612091316, 0.2719091208355373, 0.27113116885446253, 0.2705246165386985, 0.2692552277913184, 0.26585382720944306, 0.2589286452945856, 0.2547867011803451, 0.2508638165387189, 0.24880991900227944, 0.24575975420769014, 0.24032366788639714, 0.23700481790517558, 0.23455830414870116, 0.23202312739178987, 0.2304766939854508, 0.22858125878444868, 0.22620031873755475, 0.22593461398688208, 0.22364759879102203, 0.2215814588734628, 0.21813770012036615, 0.21554596796302805, 0.2140967777731505, 0.2136508056081161, 0.21353606826119764, 0.2135148280865078, 0.2135118294864452, 0.2135108474067685, 0.21351065182822293, 0.21351060942189393, 0.21351060263662458, 0.21351060013420198, 0.21351059945449957, 0.2135105993818488, 0.21351059934875904, 0.21351059934771355]}, "8": {"maxiter": 1000, "fatol": 1e-05, "xatol": 1e-05, "duration": 0.17894506454467773, "fun": "0.21351059934875904", "nit": "483", "nfev": "757", "status": "0", "success": "True", "message": "Optimization terminated successfully.", "x": "[ 8.17183596  1.63041014  4.14789928  5.14662295 -1.68594516  2.0374982 ]", "final_simplex": "(array([[ 8.17183596,  1.63041014,  4.14789928,  5.14662295, -1.68594516,\n         2.0374982 ],\n       [ 8.17184461,  1.63041422,  4.14790551,  5.14662095, -1.68595511,\n         2.03749981],\n       [ 8.17184199,  1.63041444,  4.14790886,  5.14662113, -1.685947  ,\n         2.03749483],\n       [ 8.17183514,  1.63040695,  4.14789946,  5.14662064, -1.68594257,\n         2.03749573],\n       [ 8.17184106,  1.63041391,  4.14790307,  5.14661688, -1.68594749,\n         2.03749992],\n       [ 8.17183008,  1.63040462,  4.14790535,  5.14662135, -1.68594056,\n         2.03749916],\n       [ 8.17183934,  1.63041014,  4.14790104,  5.14662561, -1.68594897,\n         2.03750577]]), array([0.2135106, 0.2135106, 0.2135106, 0.2135106, 0.2135106, 0.2135106,\n       0.2135106]))", "callback": [0.993638635832838, 0.8167273980531136, 0.6894031323940076, 0.5061096806491514, 0.4311201078640241, 0.3871965168674736, 0.3623940405030883, 0.3540128366960211, 0.3506238389221876, 0.34848996514467756, 0.3401806041578105, 0.3226820037052296, 0.29337543025205004, 0.2764652612091316, 0.2719091208355373, 0.27113116885446253, 0.2705246165386985, 0.2692552277913184, 0.26585382720944306, 0.2589286452945856, 0.2547867011803451, 0.2508638165387189, 0.24880991900227944, 0.24575975420769014, 0.24032366788639714, 0.23700481790517558, 0.23455830414870116, 0.23202312739178987, 0.2304766939854508, 0.22858125878444868, 0.22620031873755475, 0.22593461398688208, 0.22364759879102203, 0.2215814588734628, 0.21813770012036615, 0.21554596796302805, 0.2140967777731505, 0.2136508056081161, 0.21353606826119764, 0.2135148280865078, 0.2135118294864452, 0.2135108474067685, 0.21351065182822293, 0.21351060942189393, 0.21351060263662458, 0.21351060013420198, 0.21351059945449957, 0.2135105993818488, 0.21351059934875904]}, "9": {"maxiter": 1000, "fatol": 1e-05, "xatol": 1e-10, "duration": 0.24492597579956055, "fun": "0.21351059933734096", "nit": "638", "nfev": "1050", "status": "0", "success": "True", "message": "Optimization terminated successfully.", "x": "[ 8.1718321   1.6304174   4.14790338  5.14662286 -1.68594666  2.03749603]", "final_simplex": "(array([[ 8.1718321 ,  1.6304174 ,  4.14790338,  5.14662286, -1.68594666,\n         2.03749603],\n       [ 8.1718321 ,  1.6304174 ,  4.14790338,  5.14662286, -1.68594666,\n         2.03749603],\n       [ 8.1718321 ,  1.6304174 ,  4.14790338,  5.14662286, -1.68594666,\n         2.03749603],\n       [ 8.1718321 ,  1.6304174 ,  4.14790338,  5.14662286, -1.68594666,\n         2.03749603],\n       [ 8.1718321 ,  1.6304174 ,  4.14790338,  5.14662286, -1.68594666,\n         2.03749603],\n       [ 8.1718321 ,  1.6304174 ,  4.14790338,  5.14662286, -1.68594666,\n         2.03749603],\n       [ 8.1718321 ,  1.6304174 ,  4.14790338,  5.14662286, -1.68594666,\n         2.03749603]]), array([0.2135106, 0.2135106, 0.2135106, 0.2135106, 0.2135106, 0.2135106,\n       0.2135106]))", "callback": [0.993638635832838, 0.8167273980531136, 0.6894031323940076, 0.5061096806491514, 0.4311201078640241, 0.3871965168674736, 0.3623940405030883, 0.3540128366960211, 0.3506238389221876, 0.34848996514467756, 0.3401806041578105, 0.3226820037052296, 0.29337543025205004, 0.2764652612091316, 0.2719091208355373, 0.27113116885446253, 0.2705246165386985, 0.2692552277913184, 0.26585382720944306, 0.2589286452945856, 0.2547867011803451, 0.2508638165387189, 0.24880991900227944, 0.24575975420769014, 0.24032366788639714, 0.23700481790517558, 0.23455830414870116, 0.23202312739178987, 0.2304766939854508, 0.22858125878444868, 0.22620031873755475, 0.22593461398688208, 0.22364759879102203, 0.2215814588734628, 0.21813770012036615, 0.21554596796302805, 0.2140967777731505, 0.2136508056081161, 0.21353606826119764, 0.2135148280865078, 0.2135118294864452, 0.2135108474067685, 0.21351065182822293, 0.21351060942189393, 0.21351060263662458, 0.21351060013420198, 0.21351059945449957, 0.2135105993818488, 0.21351059934875904, 0.21351059934771355, 0.2135105993446651, 0.2135105993413864, 0.21351059933895533, 0.21351059933783512, 0.21351059933750194, 0.2135105993374402, 0.21351059933739158, 0.21351059933735583, 0.21351059933734284, 0.21351059933734284, 0.21351059933734162, 0.21351059933734118, 0.21351059933734096, 0.21351059933734096]}, "10": {"maxiter": 1000, "fatol": 1e-10, "xatol": 1e-05, "duration": 0.1758570671081543, "fun": "0.21351059934875904", "nit": "483", "nfev": "757", "status": "0", "success": "True", "message": "Optimization terminated successfully.", "x": "[ 8.17183596  1.63041014  4.14789928  5.14662295 -1.68594516  2.0374982 ]", "final_simplex": "(array([[ 8.17183596,  1.63041014,  4.14789928,  5.14662295, -1.68594516,\n         2.0374982 ],\n       [ 8.17184461,  1.63041422,  4.14790551,  5.14662095, -1.68595511,\n         2.03749981],\n       [ 8.17184199,  1.63041444,  4.14790886,  5.14662113, -1.685947  ,\n         2.03749483],\n       [ 8.17183514,  1.63040695,  4.14789946,  5.14662064, -1.68594257,\n         2.03749573],\n       [ 8.17184106,  1.63041391,  4.14790307,  5.14661688, -1.68594749,\n         2.03749992],\n       [ 8.17183008,  1.63040462,  4.14790535,  5.14662135, -1.68594056,\n         2.03749916],\n       [ 8.17183934,  1.63041014,  4.14790104,  5.14662561, -1.68594897,\n         2.03750577]]), array([0.2135106, 0.2135106, 0.2135106, 0.2135106, 0.2135106, 0.2135106,\n       0.2135106]))", "callback": [0.993638635832838, 0.8167273980531136, 0.6894031323940076, 0.5061096806491514, 0.4311201078640241, 0.3871965168674736, 0.3623940405030883, 0.3540128366960211, 0.3506238389221876, 0.34848996514467756, 0.3401806041578105, 0.3226820037052296, 0.29337543025205004, 0.2764652612091316, 0.2719091208355373, 0.27113116885446253, 0.2705246165386985, 0.2692552277913184, 0.26585382720944306, 0.2589286452945856, 0.2547867011803451, 0.2508638165387189, 0.24880991900227944, 0.24575975420769014, 0.24032366788639714, 0.23700481790517558, 0.23455830414870116, 0.23202312739178987, 0.2304766939854508, 0.22858125878444868, 0.22620031873755475, 0.22593461398688208, 0.22364759879102203, 0.2215814588734628, 0.21813770012036615, 0.21554596796302805, 0.2140967777731505, 0.2136508056081161, 0.21353606826119764, 0.2135148280865078, 0.2135118294864452, 0.2135108474067685, 0.21351065182822293, 0.21351060942189393, 0.21351060263662458, 0.21351060013420198, 0.21351059945449957, 0.2135105993818488, 0.21351059934875904]}, "11": {"maxiter": 1000, "fatol": 1e-10, "xatol": 1e-10, "duration": 0.24095892906188965, "fun": "0.21351059933734096", "nit": "638", "nfev": "1050", "status": "0", "success": "True", "message": "Optimization terminated successfully.", "x": "[ 8.1718321   1.6304174   4.14790338  5.14662286 -1.68594666  2.03749603]", "final_simplex": "(array([[ 8.1718321 ,  1.6304174 ,  4.14790338,  5.14662286, -1.68594666,\n         2.03749603],\n       [ 8.1718321 ,  1.6304174 ,  4.14790338,  5.14662286, -1.68594666,\n         2.03749603],\n       [ 8.1718321 ,  1.6304174 ,  4.14790338,  5.14662286, -1.68594666,\n         2.03749603],\n       [ 8.1718321 ,  1.6304174 ,  4.14790338,  5.14662286, -1.68594666,\n         2.03749603],\n       [ 8.1718321 ,  1.6304174 ,  4.14790338,  5.14662286, -1.68594666,\n         2.03749603],\n       [ 8.1718321 ,  1.6304174 ,  4.14790338,  5.14662286, -1.68594666,\n         2.03749603],\n       [ 8.1718321 ,  1.6304174 ,  4.14790338,  5.14662286, -1.68594666,\n         2.03749603]]), array([0.2135106, 0.2135106, 0.2135106, 0.2135106, 0.2135106, 0.2135106,\n       0.2135106]))", "callback": [0.993638635832838, 0.8167273980531136, 0.6894031323940076, 0.5061096806491514, 0.4311201078640241, 0.3871965168674736, 0.3623940405030883, 0.3540128366960211, 0.3506238389221876, 0.34848996514467756, 0.3401806041578105, 0.3226820037052296, 0.29337543025205004, 0.2764652612091316, 0.2719091208355373, 0.27113116885446253, 0.2705246165386985, 0.2692552277913184, 0.26585382720944306, 0.2589286452945856, 0.2547867011803451, 0.2508638165387189, 0.24880991900227944, 0.24575975420769014, 0.24032366788639714, 0.23700481790517558, 0.23455830414870116, 0.23202312739178987, 0.2304766939854508, 0.22858125878444868, 0.22620031873755475, 0.22593461398688208, 0.22364759879102203, 0.2215814588734628, 0.21813770012036615, 0.21554596796302805, 0.2140967777731505, 0.2136508056081161, 0.21353606826119764, 0.2135148280865078, 0.2135118294864452, 0.2135108474067685, 0.21351065182822293, 0.21351060942189393, 0.21351060263662458, 0.21351060013420198, 0.21351059945449957, 0.2135105993818488, 0.21351059934875904, 0.21351059934771355, 0.2135105993446651, 0.2135105993413864, 0.21351059933895533, 0.21351059933783512, 0.21351059933750194, 0.2135105993374402, 0.21351059933739158, 0.21351059933735583, 0.21351059933734284, 0.21351059933734284, 0.21351059933734162, 0.21351059933734118, 0.21351059933734096, 0.21351059933734096]}}, "bfgs": {"type": "gradient", "0": {"maxiter": 100, "gtol": 1e-05, "xrtol": 1e-05, "eps": 1e-05, "duration": 0.06513810157775879, "fun": "0.21351059937639116", "jac": "[ 2.05749862e-06  1.58385527e-06 -1.02809983e-06  7.42517159e-08\n -1.03256292e-06  3.35953487e-08]", "hess_inv": "[[ 16.87235987  -8.73165574  -0.89349521  -1.60626733  16.99391026\n   -0.59624086]\n [ -8.73165574   8.39402336   1.71315124   1.09299212 -10.48398919\n   -0.91379845]\n [ -0.89349521   1.71315124   3.4440865   -0.91470333  -1.0304011\n   -0.87119397]\n [ -1.60626733   1.09299212  -0.91470333   3.57485529  -1.43797534\n    0.4981154 ]\n [ 16.99391026 -10.48398919  -1.0304011   -1.43797534  22.13701471\n   -0.82170753]\n [ -0.59624086  -0.91379845  -0.87119397   0.4981154   -0.82170753\n    3.88173419]]", "nfev": "273", "njev": "39", "status": "0", "success": "True", "message": "Optimization terminated successfully.", "x": "[ 4.39452149 -1.51116527  1.00630396  5.14662055  4.59720972  2.03749361]", "nit": "30", "callback": [0.6053766089407112, 0.5936970123576841, 0.4828411171655598, 0.3277565286975803, 0.30537247325098205, 0.28959526796975976, 0.26704717151834156, 0.2604745562143247, 0.2597579114419314, 0.25909041614927886, 0.2578209955387286, 0.25545341036105285, 0.251265739041831, 0.24470852733728232, 0.24030529049676308, 0.23707247791216557, 0.231751754246595, 0.224654340759465, 0.22250935507283331, 0.21927899149691843, 0.21653310765639366, 0.21446443172048069, 0.21375414433364115, 0.2135694523452023, 0.21351951339141295, 0.21351108846079758, 0.21351066437144262, 0.21351061225368284, 0.21351059988947096, 0.21351059937639116]}, "1": {"maxiter": 100, "gtol": 1e-05, "xrtol": 1e-05, "eps": 1e-10, "duration": 0.06263518333435059, "fun": "0.21351059954116092", "jac": "[-2.22044587e-06  7.77156053e-06 -1.11022293e-06 -6.66133760e-06\n  5.55111466e-06  0.00000000e+00]", "hess_inv": "[[ 16.02514019  -8.4448621   -0.91487982  -1.31485929  15.91625505\n   -0.55614431]\n [ -8.4448621    8.45532772   1.62716737   0.99826114 -10.30100957\n   -0.8489223 ]\n [ -0.91487982   1.62716737   3.49899557  -1.0283079   -0.85771967\n   -0.84301316]\n [ -1.31485929   0.99826114  -1.0283079    3.68392873  -1.1309021\n    0.59886045]\n [ 15.91625505 -10.30100957  -0.85771967  -1.1309021   21.0771977\n   -0.96014656]\n [ -0.55614431  -0.8489223   -0.84301316   0.59886045  -0.96014656\n    3.93228878]]", "nfev": "266", "njev": "38", "status": "0", "success": "True", "message": "Optimization terminated successfully.", "x": "[ 4.39459098 -1.51119207  1.00631791  5.14660256  4.59730875  2.03748983]", "nit": "29", "callback": [0.605398867525061, 0.5937294938623702, 0.48296039523559753, 0.32785022922455465, 0.3054326065588664, 0.28965539631300696, 0.2671200944536902, 0.26048600627226437, 0.25975827559375664, 0.25909756268044226, 0.25784114350399134, 0.25549536233710723, 0.25133748474208006, 0.24478655294927287, 0.24032356819535317, 0.23712766670620788, 0.23174750408867673, 0.22530007016593068, 0.2222681267234492, 0.21905589330424158, 0.2156963137021537, 0.21446044057603597, 0.21373622908253276, 0.21358396829299264, 0.213513038089026, 0.21351093952227707, 0.213510656089811, 0.21351060696950808, 0.21351059954116092]}, "2": {"maxiter": 100, "gtol": 1e-05, "xrtol": 1e-10, "eps": 1e-05, "duration": 0.0644369125366211, "fun": "0.21351059937639116", "jac": "[ 2.05749862e-06  1.58385527e-06 -1.02809983e-06  7.42517159e-08\n -1.03256292e-06  3.35953487e-08]", "hess_inv": "[[ 16.87235987  -8.73165574  -0.89349521  -1.60626733  16.99391026\n   -0.59624086]\n [ -8.73165574   8.39402336   1.71315124   1.09299212 -10.48398919\n   -0.91379845]\n [ -0.89349521   1.71315124   3.4440865   -0.91470333  -1.0304011\n   -0.87119397]\n [ -1.60626733   1.09299212  -0.91470333   3.57485529  -1.43797534\n    0.4981154 ]\n [ 16.99391026 -10.48398919  -1.0304011   -1.43797534  22.13701471\n   -0.82170753]\n [ -0.59624086  -0.91379845  -0.87119397   0.4981154   -0.82170753\n    3.88173419]]", "nfev": "273", "njev": "39", "status": "0", "success": "True", "message": "Optimization terminated successfully.", "x": "[ 4.39452149 -1.51116527  1.00630396  5.14662055  4.59720972  2.03749361]", "nit": "30", "callback": [0.6053766089407112, 0.5936970123576841, 0.4828411171655598, 0.3277565286975803, 0.30537247325098205, 0.28959526796975976, 0.26704717151834156, 0.2604745562143247, 0.2597579114419314, 0.25909041614927886, 0.2578209955387286, 0.25545341036105285, 0.251265739041831, 0.24470852733728232, 0.24030529049676308, 0.23707247791216557, 0.231751754246595, 0.224654340759465, 0.22250935507283331, 0.21927899149691843, 0.21653310765639366, 0.21446443172048069, 0.21375414433364115, 0.2135694523452023, 0.21351951339141295, 0.21351108846079758, 0.21351066437144262, 0.21351061225368284, 0.21351059988947096, 0.21351059937639116]}, "3": {"maxiter": 100, "gtol": 1e-05, "xrtol": 1e-10, "eps": 1e-10, "duration": 0.06132674217224121, "fun": "0.21351059954116092", "jac": "[-2.22044587e-06  7.77156053e-06 -1.11022293e-06 -6.66133760e-06\n  5.55111466e-06  0.00000000e+00]", "hess_inv": "[[ 16.02514019  -8.4448621   -0.91487982  -1.31485929  15.91625505\n   -0.55614431]\n [ -8.4448621    8.45532772   1.62716737   0.99826114 -10.30100957\n   -0.8489223 ]\n [ -0.91487982   1.62716737   3.49899557  -1.0283079   -0.85771967\n   -0.84301316]\n [ -1.31485929   0.99826114  -1.0283079    3.68392873  -1.1309021\n    0.59886045]\n [ 15.91625505 -10.30100957  -0.85771967  -1.1309021   21.0771977\n   -0.96014656]\n [ -0.55614431  -0.8489223   -0.84301316   0.59886045  -0.96014656\n    3.93228878]]", "nfev": "266", "njev": "38", "status": "0", "success": "True", "message": "Optimization terminated successfully.", "x": "[ 4.39459098 -1.51119207  1.00631791  5.14660256  4.59730875  2.03748983]", "nit": "29", "callback": [0.605398867525061, 0.5937294938623702, 0.48296039523559753, 0.32785022922455465, 0.3054326065588664, 0.28965539631300696, 0.2671200944536902, 0.26048600627226437, 0.25975827559375664, 0.25909756268044226, 0.25784114350399134, 0.25549536233710723, 0.25133748474208006, 0.24478655294927287, 0.24032356819535317, 0.23712766670620788, 0.23174750408867673, 0.22530007016593068, 0.2222681267234492, 0.21905589330424158, 0.2156963137021537, 0.21446044057603597, 0.21373622908253276, 0.21358396829299264, 0.213513038089026, 0.21351093952227707, 0.213510656089811, 0.21351060696950808, 0.21351059954116092]}, "4": {"maxiter": 100, "gtol": 1e-10, "xrtol": 1e-05, "eps": 1e-05, "duration": 0.06306195259094238, "fun": "0.21351059937639116", "jac": "[ 2.05749862e-06  1.58385527e-06 -1.02809983e-06  7.42517159e-08\n -1.03256292e-06  3.35953487e-08]", "hess_inv": "[[ 16.87235987  -8.73165574  -0.89349521  -1.60626733  16.99391026\n   -0.59624086]\n [ -8.73165574   8.39402336   1.71315124   1.09299212 -10.48398919\n   -0.91379845]\n [ -0.89349521   1.71315124   3.4440865   -0.91470333  -1.0304011\n   -0.87119397]\n [ -1.60626733   1.09299212  -0.91470333   3.57485529  -1.43797534\n    0.4981154 ]\n [ 16.99391026 -10.48398919  -1.0304011   -1.43797534  22.13701471\n   -0.82170753]\n [ -0.59624086  -0.91379845  -0.87119397   0.4981154   -0.82170753\n    3.88173419]]", "nfev": "273", "njev": "39", "status": "0", "success": "True", "message": "Optimization terminated successfully.", "x": "[ 4.39452149 -1.51116527  1.00630396  5.14662055  4.59720972  2.03749361]", "nit": "30", "callback": [0.6053766089407112, 0.5936970123576841, 0.4828411171655598, 0.3277565286975803, 0.30537247325098205, 0.28959526796975976, 0.26704717151834156, 0.2604745562143247, 0.2597579114419314, 0.25909041614927886, 0.2578209955387286, 0.25545341036105285, 0.251265739041831, 0.24470852733728232, 0.24030529049676308, 0.23707247791216557, 0.231751754246595, 0.224654340759465, 0.22250935507283331, 0.21927899149691843, 0.21653310765639366, 0.21446443172048069, 0.21375414433364115, 0.2135694523452023, 0.21351951339141295, 0.21351108846079758, 0.21351066437144262, 0.21351061225368284, 0.21351059988947096, 0.21351059937639116]}, "5": {"maxiter": 100, "gtol": 1e-10, "xrtol": 1e-05, "eps": 1e-10, "duration": 0.0633399486541748, "fun": "0.21351059941915496", "jac": "[ 3.33066880e-06 -3.33066880e-06  0.00000000e+00  0.00000000e+00\n  0.00000000e+00 -1.11022293e-06]", "hess_inv": "[[ 16.16806425  -8.11352825  -0.64382347  -1.70487178  16.33100396\n   -0.76468787]\n [ -8.11352825   8.17966814   1.50285467   1.19579005 -10.10475597\n   -0.59916736]\n [ -0.64382347   1.50285467   3.47027436  -0.97352578  -0.62297652\n   -0.70978215]\n [ -1.70487178   1.19579005  -0.97352578   3.58540955  -1.4549843\n    0.39405145]\n [ 16.33100396 -10.10475597  -0.62297652  -1.4549843   21.7197195\n   -1.02776517]\n [ -0.76468787  -0.59916736  -0.70978215   0.39405145  -1.02776517\n    3.72152662]]", "nfev": "273", "njev": "39", "status": "0", "success": "True", "message": "Optimization terminated successfully.", "x": "[ 4.39458721 -1.51120793  1.00630563  5.14662037  4.59729259  2.03750033]", "nit": "30", "callback": [0.605398867525061, 0.5937294938623702, 0.48296039523559753, 0.32785022922455465, 0.3054326065588664, 0.28965539631300696, 0.2671200944536902, 0.26048600627226437, 0.25975827559375664, 0.25909756268044226, 0.25784114350399134, 0.25549536233710723, 0.25133748474208006, 0.24478655294927287, 0.24032356819535317, 0.23712766670620788, 0.23174750408867673, 0.22530007016593068, 0.2222681267234492, 0.21905589330424158, 0.2156963137021537, 0.21446044057603597, 0.21373622908253276, 0.21358396829299264, 0.213513038089026, 0.21351093952227707, 0.213510656089811, 0.21351060696950808, 0.21351059954116092, 0.21351059941915496]}, "6": {"maxiter": 100, "gtol": 1e-10, "xrtol": 1e-10, "eps": 1e-05, "duration": 0.11714291572570801, "fun": "0.21351059937173222", "jac": "[-3.44169138e-10  6.66133815e-11 -9.99200722e-11 -1.77635684e-10\n  3.33066907e-10  1.99840144e-10]", "hess_inv": "[[ 17.12098317  -8.60648015  -0.97998712  -1.63129587  16.97613245\n   -0.605284  ]\n [ -8.60648015   8.62507655   1.56342124   1.11320595 -10.61567283\n   -0.93808016]\n [ -0.97998712   1.56342124   3.46512807  -0.97780136  -0.85242872\n   -0.81309233]\n [ -1.63129587   1.11320595  -0.97780136   3.49823519  -1.36400417\n    0.49717571]\n [ 16.97613245 -10.61567283  -0.85242872  -1.36400417  22.09007881\n   -0.84232849]\n [ -0.605284    -0.93808016  -0.81309233   0.49717571  -0.84232849\n    3.8468091 ]]", "nfev": "516", "njev": "72", "status": "2", "success": "False", "message": "Desired error not necessarily achieved due to precision loss.", "x": "[ 4.39451652 -1.51117057  1.00630627  5.14661943  4.59721362  2.03749442]", "nit": "33", "callback": [0.6053766089407112, 0.5936970123576841, 0.4828411171655598, 0.3277565286975803, 0.30537247325098205, 0.28959526796975976, 0.26704717151834156, 0.2604745562143247, 0.2597579114419314, 0.25909041614927886, 0.2578209955387286, 0.25545341036105285, 0.251265739041831, 0.24470852733728232, 0.24030529049676308, 0.23707247791216557, 0.231751754246595, 0.224654340759465, 0.22250935507283331, 0.21927899149691843, 0.21653310765639366, 0.21446443172048069, 0.21375414433364115, 0.2135694523452023, 0.21351951339141295, 0.21351108846079758, 0.21351066437144262, 0.21351061225368284, 0.21351059988947096, 0.21351059937639116, 0.2135105993728761, 0.21351059937175465, 0.21351059937173222]}, "7": {"maxiter": 100, "gtol": 1e-10, "xrtol": 1e-10, "eps": 1e-10, "duration": 0.14711928367614746, "fun": "0.2135105993562736", "jac": "[3.33066880e-06 1.11022293e-06 0.00000000e+00 3.33066880e-06\n 2.22044587e-06 1.11022293e-06]", "hess_inv": "[[ 0.05622048 -0.05938006  0.02437352 -0.02401965  0.02878456 -0.10203102]\n [-0.05938006  1.50920489  0.73016341  1.11774023 -0.65416853 -1.69654299]\n [ 0.02437352  0.73016341  0.42572787  0.5908751  -0.33721514 -1.00728927]\n [-0.02401965  1.11774023  0.5908751   0.8907737  -0.51529316 -1.36961407]\n [ 0.02878456 -0.65416853 -0.33721514 -0.51529316  0.3481143   0.68896469]\n [-0.10203102 -1.69654299 -1.00728927 -1.36961407  0.68896469  2.5772873 ]]", "nfev": "663", "njev": "93", "status": "2", "success": "False", "message": "Desired error not necessarily achieved due to precision loss.", "x": "[ 4.39456025 -1.5111856   1.00630614  5.14662579  4.5972596   2.03749801]", "nit": "43", "callback": [0.605398867525061, 0.5937294938623702, 0.48296039523559753, 0.32785022922455465, 0.3054326065588664, 0.28965539631300696, 0.2671200944536902, 0.26048600627226437, 0.25975827559375664, 0.25909756268044226, 0.25784114350399134, 0.25549536233710723, 0.25133748474208006, 0.24478655294927287, 0.24032356819535317, 0.23712766670620788, 0.23174750408867673, 0.22530007016593068, 0.2222681267234492, 0.21905589330424158, 0.2156963137021537, 0.21446044057603597, 0.21373622908253276, 0.21358396829299264, 0.213513038089026, 0.21351093952227707, 0.213510656089811, 0.21351060696950808, 0.21351059954116092, 0.21351059941915496, 0.21351059939561723, 0.21351059938576944, 0.21351059938544248, 0.21351059938303374, 0.21351059937878125, 0.21351059937359385, 0.21351059936459305, 0.21351059936444106, 0.21351059936426897, 0.21351059936327044, 0.21351059935843553, 0.2135105993562737, 0.2135105993562736]}, "8": {"maxiter": 500, "gtol": 1e-05, "xrtol": 1e-05, "eps": 1e-05, "duration": 0.060391902923583984, "fun": "0.21351059937639116", "jac": "[ 2.05749862e-06  1.58385527e-06 -1.02809983e-06  7.42517159e-08\n -1.03256292e-06  3.35953487e-08]", "hess_inv": "[[ 16.87235987  -8.73165574  -0.89349521  -1.60626733  16.99391026\n   -0.59624086]\n [ -8.73165574   8.39402336   1.71315124   1.09299212 -10.48398919\n   -0.91379845]\n [ -0.89349521   1.71315124   3.4440865   -0.91470333  -1.0304011\n   -0.87119397]\n [ -1.60626733   1.09299212  -0.91470333   3.57485529  -1.43797534\n    0.4981154 ]\n [ 16.99391026 -10.48398919  -1.0304011   -1.43797534  22.13701471\n   -0.82170753]\n [ -0.59624086  -0.91379845  -0.87119397   0.4981154   -0.82170753\n    3.88173419]]", "nfev": "273", "njev": "39", "status": "0", "success": "True", "message": "Optimization terminated successfully.", "x": "[ 4.39452149 -1.51116527  1.00630396  5.14662055  4.59720972  2.03749361]", "nit": "30", "callback": [0.6053766089407112, 0.5936970123576841, 0.4828411171655598, 0.3277565286975803, 0.30537247325098205, 0.28959526796975976, 0.26704717151834156, 0.2604745562143247, 0.2597579114419314, 0.25909041614927886, 0.2578209955387286, 0.25545341036105285, 0.251265739041831, 0.24470852733728232, 0.24030529049676308, 0.23707247791216557, 0.231751754246595, 0.224654340759465, 0.22250935507283331, 0.21927899149691843, 0.21653310765639366, 0.21446443172048069, 0.21375414433364115, 0.2135694523452023, 0.21351951339141295, 0.21351108846079758, 0.21351066437144262, 0.21351061225368284, 0.21351059988947096, 0.21351059937639116]}, "9": {"maxiter": 500, "gtol": 1e-05, "xrtol": 1e-05, "eps": 1e-10, "duration": 0.059735774993896484, "fun": "0.21351059954116092", "jac": "[-2.22044587e-06  7.77156053e-06 -1.11022293e-06 -6.66133760e-06\n  5.55111466e-06  0.00000000e+00]", "hess_inv": "[[ 16.02514019  -8.4448621   -0.91487982  -1.31485929  15.91625505\n   -0.55614431]\n [ -8.4448621    8.45532772   1.62716737   0.99826114 -10.30100957\n   -0.8489223 ]\n [ -0.91487982   1.62716737   3.49899557  -1.0283079   -0.85771967\n   -0.84301316]\n [ -1.31485929   0.99826114  -1.0283079    3.68392873  -1.1309021\n    0.59886045]\n [ 15.91625505 -10.30100957  -0.85771967  -1.1309021   21.0771977\n   -0.96014656]\n [ -0.55614431  -0.8489223   -0.84301316   0.59886045  -0.96014656\n    3.93228878]]", "nfev": "266", "njev": "38", "status": "0", "success": "True", "message": "Optimization terminated successfully.", "x": "[ 4.39459098 -1.51119207  1.00631791  5.14660256  4.59730875  2.03748983]", "nit": "29", "callback": [0.605398867525061, 0.5937294938623702, 0.48296039523559753, 0.32785022922455465, 0.3054326065588664, 0.28965539631300696, 0.2671200944536902, 0.26048600627226437, 0.25975827559375664, 0.25909756268044226, 0.25784114350399134, 0.25549536233710723, 0.25133748474208006, 0.24478655294927287, 0.24032356819535317, 0.23