{"date": "2024/10/08/, 14:40:29", "conf_id": 5, "data_type": "random\n", "num_data_points": 1, "s_rank": 0, "unitary": "[[-0.45070455-0.02711853j,0.78437395-0.06613086j,0.06358678+0.19963393j,-0.07343613+0.35668523j],[-0.01890143-0.03813363j,0.32408202+0.25557629j,0.05872864-0.68979805j,0.55466693-0.20227297j],[-0.11215405+0.64023111j,-0.13344055+0.29565494j,-0.49012687-0.19046288j,-0.04241254+0.44046348j],[0.55771659+0.24656916j,0.31851997-0.05798805j,0.28761525-0.34294258j,-0.56718418+0.03616933j]]", "databatch_0": {"databatch": "[[[-0.0432541-0.28844675j,0.4705842-0.07034148j,0.00252631+0.01368257j,-0.12723209+0.39829035j],[-0.02121673-0.22621814j,0.29424341+0.11710418j,0.02619764+0.02937616j,-0.13752709+0.32457863j],[-0.09412163+0.10463779j,0.09609346+0.00817881j,0.04253871-0.04780907j,0.22119709-0.03226716j],[0.07284152-0.12307488j,0.23950445+0.17586569j,0.00831376+0.00091005j,-0.16877261+0.12373264j]]]", "initial param values": "[5.42637713,5.05251958,4.34098181,2.68668586,2.53335882,0.04472328]", "nelder_mead": {"type": "gradient-free", "0": {"maxiter": 100, "fatol": 1e-05, "xatol": 1e-05, "duration": 0.03934311866760254, "fun": "0.26917697964263254", "nit": "100", "nfev": "160", "status": "2", "success": "False", "message": "Maximum number of iterations has been exceeded.", "x": "[ 3.99963372  4.96048693  8.80669997  2.56774765  4.31616767 -0.0111911 ]", "final_simplex": "(array([[ 3.99963372e+00,  4.96048693e+00,  8.80669997e+00,\n         2.56774765e+00,  4.31616767e+00, -1.11910974e-02],\n       [ 3.80971184e+00,  4.92737127e+00,  8.94625631e+00,\n         2.64566967e+00,  4.49114420e+00, -1.49527782e-02],\n       [ 3.99967617e+00,  4.95004469e+00,  9.05273252e+00,\n         2.66058277e+00,  4.43372939e+00, -1.65963523e-02],\n       [ 3.84175304e+00,  5.14834920e+00,  8.76130508e+00,\n         2.48269920e+00,  4.13257489e+00, -6.34661842e-03],\n       [ 3.83912529e+00,  4.99900678e+00,  8.38856193e+00,\n         2.52170551e+00,  4.07748513e+00, -2.44598311e-03],\n       [ 3.82268397e+00,  4.88071445e+00,  8.55798716e+00,\n         2.61545161e+00,  4.29847764e+00, -7.32021242e-03],\n       [ 3.79807746e+00,  5.05869752e+00,  8.51293262e+00,\n         2.44615562e+00,  4.08083234e+00, -2.98415617e-03]]), array([0.26917698, 0.27245271, 0.27247669, 0.27368638, 0.2756332 ,\n       0.27614187, 0.27795786]))", "callback": [0.6300037724231886, 0.5083891005624388, 0.35093804884591684, 0.34305618447348996, 0.3385255097753477, 0.3199312553235336, 0.30819695587084284, 0.3062361214986419, 0.3014823562782193, 0.27247669011974196]}, "1": {"maxiter": 100, "fatol": 1e-05, "xatol": 1e-10, "duration": 0.03319215774536133, "fun": "0.26917697964263254", "nit": "100", "nfev": "160", "status": "2", "success": "False", "message": "Maximum number of iterations has been exceeded.", "x": "[ 3.99963372  4.96048693  8.80669997  2.56774765  4.31616767 -0.0111911 ]", "final_simplex": "(array([[ 3.99963372e+00,  4.96048693e+00,  8.80669997e+00,\n         2.56774765e+00,  4.31616767e+00, -1.11910974e-02],\n       [ 3.80971184e+00,  4.92737127e+00,  8.94625631e+00,\n         2.64566967e+00,  4.49114420e+00, -1.49527782e-02],\n       [ 3.99967617e+00,  4.95004469e+00,  9.05273252e+00,\n         2.66058277e+00,  4.43372939e+00, -1.65963523e-02],\n       [ 3.84175304e+00,  5.14834920e+00,  8.76130508e+00,\n         2.48269920e+00,  4.13257489e+00, -6.34661842e-03],\n       [ 3.83912529e+00,  4.99900678e+00,  8.38856193e+00,\n         2.52170551e+00,  4.07748513e+00, -2.44598311e-03],\n       [ 3.82268397e+00,  4.88071445e+00,  8.55798716e+00,\n         2.61545161e+00,  4.29847764e+00, -7.32021242e-03],\n       [ 3.79807746e+00,  5.05869752e+00,  8.51293262e+00,\n         2.44615562e+00,  4.08083234e+00, -2.98415617e-03]]), array([0.26917698, 0.27245271, 0.27247669, 0.27368638, 0.2756332 ,\n       0.27614187, 0.27795786]))", "callback": [0.6300037724231886, 0.5083891005624388, 0.35093804884591684, 0.34305618447348996, 0.3385255097753477, 0.3199312553235336, 0.30819695587084284, 0.3062361214986419, 0.3014823562782193, 0.27247669011974196]}, "2": {"maxiter": 100, "fatol": 1e-10, "xatol": 1e-05, "duration": 0.033264875411987305, "fun": "0.26917697964263254", "nit": "100", "nfev": "160", "status": "2", "success": "False", "message": "Maximum number of iterations has been exceeded.", "x": "[ 3.99963372  4.96048693  8.80669997  2.56774765  4.31616767 -0.0111911 ]", "final_simplex": "(array([[ 3.99963372e+00,  4.96048693e+00,  8.80669997e+00,\n         2.56774765e+00,  4.31616767e+00, -1.11910974e-02],\n       [ 3.80971184e+00,  4.92737127e+00,  8.94625631e+00,\n         2.64566967e+00,  4.49114420e+00, -1.49527782e-02],\n       [ 3.99967617e+00,  4.95004469e+00,  9.05273252e+00,\n         2.66058277e+00,  4.43372939e+00, -1.65963523e-02],\n       [ 3.84175304e+00,  5.14834920e+00,  8.76130508e+00,\n         2.48269920e+00,  4.13257489e+00, -6.34661842e-03],\n       [ 3.83912529e+00,  4.99900678e+00,  8.38856193e+00,\n         2.52170551e+00,  4.07748513e+00, -2.44598311e-03],\n       [ 3.82268397e+00,  4.88071445e+00,  8.55798716e+00,\n         2.61545161e+00,  4.29847764e+00, -7.32021242e-03],\n       [ 3.79807746e+00,  5.05869752e+00,  8.51293262e+00,\n         2.44615562e+00,  4.08083234e+00, -2.98415617e-03]]), array([0.26917698, 0.27245271, 0.27247669, 0.27368638, 0.2756332 ,\n       0.27614187, 0.27795786]))", "callback": [0.6300037724231886, 0.5083891005624388, 0.35093804884591684, 0.34305618447348996, 0.3385255097753477, 0.3199312553235336, 0.30819695587084284, 0.3062361214986419, 0.3014823562782193, 0.27247669011974196]}, "3": {"maxiter": 100, "fatol": 1e-10, "xatol": 1e-10, "duration": 0.04056382179260254, "fun": "0.26917697964263254", "nit": "100", "nfev": "160", "status": "2", "success": "False", "message": "Maximum number of iterations has been exceeded.", "x": "[ 3.99963372  4.96048693  8.80669997  2.56774765  4.31616767 -0.0111911 ]", "final_simplex": "(array([[ 3.99963372e+00,  4.96048693e+00,  8.80669997e+00,\n         2.56774765e+00,  4.31616767e+00, -1.11910974e-02],\n       [ 3.80971184e+00,  4.92737127e+00,  8.94625631e+00,\n         2.64566967e+00,  4.49114420e+00, -1.49527782e-02],\n       [ 3.99967617e+00,  4.95004469e+00,  9.05273252e+00,\n         2.66058277e+00,  4.43372939e+00, -1.65963523e-02],\n       [ 3.84175304e+00,  5.14834920e+00,  8.76130508e+00,\n         2.48269920e+00,  4.13257489e+00, -6.34661842e-03],\n       [ 3.83912529e+00,  4.99900678e+00,  8.38856193e+00,\n         2.52170551e+00,  4.07748513e+00, -2.44598311e-03],\n       [ 3.82268397e+00,  4.88071445e+00,  8.55798716e+00,\n         2.61545161e+00,  4.29847764e+00, -7.32021242e-03],\n       [ 3.79807746e+00,  5.05869752e+00,  8.51293262e+00,\n         2.44615562e+00,  4.08083234e+00, -2.98415617e-03]]), array([0.26917698, 0.27245271, 0.27247669, 0.27368638, 0.2756332 ,\n       0.27614187, 0.27795786]))", "callback": [0.6300037724231886, 0.5083891005624388, 0.35093804884591684, 0.34305618447348996, 0.3385255097753477, 0.3199312553235336, 0.30819695587084284, 0.3062361214986419, 0.3014823562782193, 0.27247669011974196]}, "4": {"maxiter": 500, "fatol": 1e-05, "xatol": 1e-05, "duration": 0.18289494514465332, "fun": "0.1555746755715285", "nit": "500", "nfev": "776", "status": "2", "success": "False", "message": "Maximum number of iterations has been exceeded.", "x": "[ 3.68656332  4.30251632 11.09993342  1.31589782  7.47914695 -0.43805303]", "final_simplex": "(array([[ 3.68656332,  4.30251632, 11.09993342,  1.31589782,  7.47914695,\n        -0.43805303],\n       [ 3.68655518,  4.30257208, 11.10010809,  1.31594291,  7.47883576,\n        -0.43784404],\n       [ 3.68629051,  4.3023274 , 11.10009719,  1.31588895,  7.47944179,\n        -0.43816566],\n       [ 3.68631081,  4.30251981, 11.10064077,  1.31590339,  7.47976491,\n        -0.43843471],\n       [ 3.68665166,  4.30224737, 11.09983099,  1.31601601,  7.47920756,\n        -0.43807172],\n       [ 3.68648123,  4.30213054, 11.09970616,  1.31556789,  7.47896555,\n        -0.4379192 ],\n       [ 3.68664907,  4.30210047, 11.09969373,  1.31580942,  7.47842081,\n        -0.43801283]]), array([0.15557468, 0.15557468, 0.15557468, 0.15557468, 0.15557469,\n       0.15557469, 0.15557469]))", "callback": [0.6300037724231886, 0.5083891005624388, 0.35093804884591684, 0.34305618447348996, 0.3385255097753477, 0.3199312553235336, 0.30819695587084284, 0.3062361214986419, 0.3014823562782193, 0.27247669011974196, 0.2658282768969884, 0.2623989673210263, 0.2524055626849957, 0.23348031642974743, 0.18905204228655137, 0.18603142508164883, 0.17946516523410894, 0.1733446994620924, 0.16523993525451453, 0.16411319461826568, 0.16398272430229355, 0.16393531775890147, 0.16392127333989348, 0.16391883315640265, 0.16391878210775945, 0.16391801092859748, 0.16391777077615965, 0.16391688049551656, 0.16391500285022653, 0.16391037364740813, 0.1638916853154304, 0.16386838107282087, 0.1637920708327053, 0.16362833347239003, 0.1633926177869186, 0.16295550508426093, 0.1621522367625201, 0.16135451945323787, 0.15973460213744228, 0.15792251662755052, 0.1569320835772906, 0.15651052569075552, 0.15574117706676416, 0.15562086994099955, 0.15558216974255912, 0.1555764147594766, 0.15557518913411916, 0.15557498270784587, 0.1555747326969622, 0.15557469916913735]}, "5": {"maxiter": 500, "fatol": 1e-05, "xatol": 1e-10, "duration": 0.1821589469909668, "fun": "0.1555746755715285", "nit": "500", "nfev": "776", "status": "2", "success": "False", "message": "Maximum number of iterations has been exceeded.", "x": "[ 3.68656332  4.30251632 11.09993342  1.31589782  7.47914695 -0.43805303]", "final_simplex": "(array([[ 3.68656332,  4.30251632, 11.09993342,  1.31589782,  7.47914695,\n        -0.43805303],\n       [ 3.68655518,  4.30257208, 11.10010809,  1.31594291,  7.47883576,\n        -0.43784404],\n       [ 3.68629051,  4.3023274 , 11.10009719,  1.31588895,  7.47944179,\n        -0.43816566],\n       [ 3.68631081,  4.30251981, 11.10064077,  1.31590339,  7.47976491,\n        -0.43843471],\n       [ 3.68665166,  4.30224737, 11.09983099,  1.31601601,  7.47920756,\n        -0.43807172],\n       [ 3.68648123,  4.30213054, 11.09970616,  1.31556789,  7.47896555,\n        -0.4379192 ],\n       [ 3.68664907,  4.30210047, 11.09969373,  1.31580942,  7.47842081,\n        -0.43801283]]), array([0.15557468, 0.15557468, 0.15557468, 0.15557468, 0.15557469,\n       0.15557469, 0.15557469]))", "callback": [0.6300037724231886, 0.5083891005624388, 0.35093804884591684, 0.34305618447348996, 0.3385255097753477, 0.3199312553235336, 0.30819695587084284, 0.3062361214986419, 0.3014823562782193, 0.27247669011974196, 0.2658282768969884, 0.2623989673210263, 0.2524055626849957, 0.23348031642974743, 0.18905204228655137, 0.18603142508164883, 0.17946516523410894, 0.1733446994620924, 0.16523993525451453, 0.16411319461826568, 0.16398272430229355, 0.16393531775890147, 0.16392127333989348, 0.16391883315640265, 0.16391878210775945, 0.16391801092859748, 0.16391777077615965, 0.16391688049551656, 0.16391500285022653, 0.16391037364740813, 0.1638916853154304, 0.16386838107282087, 0.1637920708327053, 0.16362833347239003, 0.1633926177869186, 0.16295550508426093, 0.1621522367625201, 0.16135451945323787, 0.15973460213744228, 0.15792251662755052, 0.1569320835772906, 0.15651052569075552, 0.15574117706676416, 0.15562086994099955, 0.15558216974255912, 0.1555764147594766, 0.15557518913411916, 0.15557498270784587, 0.1555747326969622, 0.15557469916913735]}, "6": {"maxiter": 500, "fatol": 1e-10, "xatol": 1e-05, "duration": 0.19058799743652344, "fun": "0.1555746755715285", "nit": "500", "nfev": "776", "status": "2", "success": "False", "message": "Maximum number of iterations has been exceeded.", "x": "[ 3.68656332  4.30251632 11.09993342  1.31589782  7.47914695 -0.43805303]", "final_simplex": "(array([[ 3.68656332,  4.30251632, 11.09993342,  1.31589782,  7.47914695,\n        -0.43805303],\n       [ 3.68655518,  4.30257208, 11.10010809,  1.31594291,  7.47883576,\n        -0.43784404],\n       [ 3.68629051,  4.3023274 , 11.10009719,  1.31588895,  7.47944179,\n        -0.43816566],\n       [ 3.68631081,  4.30251981, 11.10064077,  1.31590339,  7.47976491,\n        -0.43843471],\n       [ 3.68665166,  4.30224737, 11.09983099,  1.31601601,  7.47920756,\n        -0.43807172],\n       [ 3.68648123,  4.30213054, 11.09970616,  1.31556789,  7.47896555,\n        -0.4379192 ],\n       [ 3.68664907,  4.30210047, 11.09969373,  1.31580942,  7.47842081,\n        -0.43801283]]), array([0.15557468, 0.15557468, 0.15557468, 0.15557468, 0.15557469,\n       0.15557469, 0.15557469]))", "callback": [0.6300037724231886, 0.5083891005624388, 0.35093804884591684, 0.34305618447348996, 0.3385255097753477, 0.3199312553235336, 0.30819695587084284, 0.3062361214986419, 0.3014823562782193, 0.27247669011974196, 0.2658282768969884, 0.2623989673210263, 0.2524055626849957, 0.23348031642974743, 0.18905204228655137, 0.18603142508164883, 0.17946516523410894, 0.1733446994620924, 0.16523993525451453, 0.16411319461826568, 0.16398272430229355, 0.16393531775890147, 0.16392127333989348, 0.16391883315640265, 0.16391878210775945, 0.16391801092859748, 0.16391777077615965, 0.16391688049551656, 0.16391500285022653, 0.16391037364740813, 0.1638916853154304, 0.16386838107282087, 0.1637920708327053, 0.16362833347239003, 0.1633926177869186, 0.16295550508426093, 0.1621522367625201, 0.16135451945323787, 0.15973460213744228, 0.15792251662755052, 0.1569320835772906, 0.15651052569075552, 0.15574117706676416, 0.15562086994099955, 0.15558216974255912, 0.1555764147594766, 0.15557518913411916, 0.15557498270784587, 0.1555747326969622, 0.15557469916913735]}, "7": {"maxiter": 500, "fatol": 1e-10, "xatol": 1e-10, "duration": 0.1862199306488037, "fun": "0.1555746755715285", "nit": "500", "nfev": "776", "status": "2", "success": "False", "message": "Maximum number of iterations has been exceeded.", "x": "[ 3.68656332  4.30251632 11.09993342  1.31589782  7.47914695 -0.43805303]", "final_simplex": "(array([[ 3.68656332,  4.30251632, 11.09993342,  1.31589782,  7.47914695,\n        -0.43805303],\n       [ 3.68655518,  4.30257208, 11.10010809,  1.31594291,  7.47883576,\n        -0.43784404],\n       [ 3.68629051,  4.3023274 , 11.10009719,  1.31588895,  7.47944179,\n        -0.43816566],\n       [ 3.68631081,  4.30251981, 11.10064077,  1.31590339,  7.47976491,\n        -0.43843471],\n       [ 3.68665166,  4.30224737, 11.09983099,  1.31601601,  7.47920756,\n        -0.43807172],\n       [ 3.68648123,  4.30213054, 11.09970616,  1.31556789,  7.47896555,\n        -0.4379192 ],\n       [ 3.68664907,  4.30210047, 11.09969373,  1.31580942,  7.47842081,\n        -0.43801283]]), array([0.15557468, 0.15557468, 0.15557468, 0.15557468, 0.15557469,\n       0.15557469, 0.15557469]))", "callback": [0.6300037724231886, 0.5083891005624388, 0.35093804884591684, 0.34305618447348996, 0.3385255097753477, 0.3199312553235336, 0.30819695587084284, 0.3062361214986419, 0.3014823562782193, 0.27247669011974196, 0.2658282768969884, 0.2623989673210263, 0.2524055626849957, 0.23348031642974743, 0.18905204228655137, 0.18603142508164883, 0.17946516523410894, 0.1733446994620924, 0.16523993525451453, 0.16411319461826568, 0.16398272430229355, 0.16393531775890147, 0.16392127333989348, 0.16391883315640265, 0.16391878210775945, 0.16391801092859748, 0.16391777077615965, 0.16391688049551656, 0.16391500285022653, 0.16391037364740813, 0.1638916853154304, 0.16386838107282087, 0.1637920708327053, 0.16362833347239003, 0.1633926177869186, 0.16295550508426093, 0.1621522367625201, 0.16135451945323787, 0.15973460213744228, 0.15792251662755052, 0.1569320835772906, 0.15651052569075552, 0.15574117706676416, 0.15562086994099955, 0.15558216974255912, 0.1555764147594766, 0.15557518913411916, 0.15557498270784587, 0.1555747326969622, 0.15557469916913735]}, "8": {"maxiter": 1000, "fatol": 1e-05, "xatol": 1e-05, "duration": 0.22150802612304688, "fun": "0.15557467131773506", "nit": "555", "nfev": "872", "status": "0", "success": "True", "message": "Optimization terminated successfully.", "x": "[ 3.68652834  4.30241386 11.10002265  1.31587114  7.47903098 -0.43807328]", "final_simplex": "(array([[ 3.68652834,  4.30241386, 11.10002265,  1.31587114,  7.47903098,\n        -0.43807328],\n       [ 3.68652277,  4.30241916, 11.10003134,  1.31587087,  7.47903659,\n        -0.43807475],\n       [ 3.68652415,  4.30241359, 11.10002445,  1.31586799,  7.47903646,\n        -0.43807722],\n       [ 3.6865252 ,  4.30241672, 11.10002975,  1.31586969,  7.47903337,\n        -0.43807461],\n       [ 3.68652496,  4.30241685, 11.10002944,  1.31587091,  7.47903907,\n        -0.43807639],\n       [ 3.68652235,  4.30241263, 11.10003257,  1.3158697 ,  7.47904067,\n        -0.43807859],\n       [ 3.68652537,  4.30241799, 11.10003085,  1.3158718 ,  7.47903758,\n        -0.43807868]]), array([0.15557467, 0.15557467, 0.15557467, 0.15557467, 0.15557467,\n       0.15557467, 0.15557467]))", "callback": [0.6300037724231886, 0.5083891005624388, 0.35093804884591684, 0.34305618447348996, 0.3385255097753477, 0.3199312553235336, 0.30819695587084284, 0.3062361214986419, 0.3014823562782193, 0.27247669011974196, 0.2658282768969884, 0.2623989673210263, 0.2524055626849957, 0.23348031642974743, 0.18905204228655137, 0.18603142508164883, 0.17946516523410894, 0.1733446994620924, 0.16523993525451453, 0.16411319461826568, 0.16398272430229355, 0.16393531775890147, 0.16392127333989348, 0.16391883315640265, 0.16391878210775945, 0.16391801092859748, 0.16391777077615965, 0.16391688049551656, 0.16391500285022653, 0.16391037364740813, 0.1638916853154304, 0.16386838107282087, 0.1637920708327053, 0.16362833347239003, 0.1633926177869186, 0.16295550508426093, 0.1621522367625201, 0.16135451945323787, 0.15973460213744228, 0.15792251662755052, 0.1569320835772906, 0.15651052569075552, 0.15574117706676416, 0.15562086994099955, 0.15558216974255912, 0.1555764147594766, 0.15557518913411916, 0.15557498270784587, 0.1555747326969622, 0.15557469916913735, 0.15557467408344683, 0.15557467209965858, 0.1555746715055928, 0.15557467137109393, 0.15557467132916614, 0.15557467131816327]}, "9": {"maxiter": 1000, "fatol": 1e-05, "xatol": 1e-10, "duration": 0.27162694931030273, "fun": "0.15557467131595382", "nit": "661", "nfev": "1100", "status": "0", "success": "True", "message": "Optimization terminated successfully.", "x": "[ 3.68652472  4.30241339 11.10002208  1.31586998  7.47903161 -0.4380732 ]", "final_simplex": "(array([[ 3.68652472,  4.30241339, 11.10002208,  1.31586998,  7.47903161,\n        -0.4380732 ],\n       [ 3.68652472,  4.30241339, 11.10002208,  1.31586998,  7.47903161,\n        -0.4380732 ],\n       [ 3.68652472,  4.30241339, 11.10002208,  1.31586998,  7.47903161,\n        -0.4380732 ],\n       [ 3.68652472,  4.30241339, 11.10002208,  1.31586998,  7.47903161,\n        -0.4380732 ],\n       [ 3.68652472,  4.30241339, 11.10002208,  1.31586998,  7.47903161,\n        -0.4380732 ],\n       [ 3.68652472,  4.30241339, 11.10002208,  1.31586998,  7.47903161,\n        -0.4380732 ],\n       [ 3.68652472,  4.30241339, 11.10002208,  1.31586998,  7.47903161,\n        -0.4380732 ]]), array([0.15557467, 0.15557467, 0.15557467, 0.15557467, 0.15557467,\n       0.15557467, 0.15557467]))", "callback": [0.6300037724231886, 0.5083891005624388, 0.35093804884591684, 0.34305618447348996, 0.3385255097753477, 0.3199312553235336, 0.30819695587084284, 0.3062361214986419, 0.3014823562782193, 0.27247669011974196, 0.2658282768969884, 0.2623989673210263, 0.2524055626849957, 0.23348031642974743, 0.18905204228655137, 0.18603142508164883, 0.17946516523410894, 0.1733446994620924, 0.16523993525451453, 0.16411319461826568, 0.16398272430229355, 0.16393531775890147, 0.16392127333989348, 0.16391883315640265, 0.16391878210775945, 0.16391801092859748, 0.16391777077615965, 0.16391688049551656, 0.16391500285022653, 0.16391037364740813, 0.1638916853154304, 0.16386838107282087, 0.1637920708327053, 0.16362833347239003, 0.1633926177869186, 0.16295550508426093, 0.1621522367625201, 0.16135451945323787, 0.15973460213744228, 0.15792251662755052, 0.1569320835772906, 0.15651052569075552, 0.15574117706676416, 0.15562086994099955, 0.15558216974255912, 0.1555764147594766, 0.15557518913411916, 0.15557498270784587, 0.1555747326969622, 0.15557469916913735, 0.15557467408344683, 0.15557467209965858, 0.1555746715055928, 0.15557467137109393, 0.15557467132916614, 0.15557467131816327, 0.15557467131678204, 0.15557467131616753, 0.1555746713160161, 0.15557467131596625, 0.1555746713159566, 0.15557467131595437, 0.15557467131595382, 0.15557467131595382, 0.15557467131595382, 0.15557467131595382, 0.15557467131595382]}, "10": {"maxiter": 1000, "fatol": 1e-10, "xatol": 1e-05, "duration": 0.21420502662658691, "fun": "0.15557467131773506", "nit": "555", "nfev": "872", "status": "0", "success": "True", "message": "Optimization terminated successfully.", "x": "[ 3.68652834  4.30241386 11.10002265  1.31587114  7.47903098 -0.43807328]", "final_simplex": "(array([[ 3.68652834,  4.30241386, 11.10002265,  1.31587114,  7.47903098,\n        -0.43807328],\n       [ 3.68652277,  4.30241916, 11.10003134,  1.31587087,  7.47903659,\n        -0.43807475],\n       [ 3.68652415,  4.30241359, 11.10002445,  1.31586799,  7.47903646,\n        -0.43807722],\n       [ 3.6865252 ,  4.30241672, 11.10002975,  1.31586969,  7.47903337,\n        -0.43807461],\n       [ 3.68652496,  4.30241685, 11.10002944,  1.31587091,  7.47903907,\n        -0.43807639],\n       [ 3.68652235,  4.30241263, 11.10003257,  1.3158697 ,  7.47904067,\n        -0.43807859],\n       [ 3.68652537,  4.30241799, 11.10003085,  1.3158718 ,  7.47903758,\n        -0.43807868]]), array([0.15557467, 0.15557467, 0.15557467, 0.15557467, 0.15557467,\n       0.15557467, 0.15557467]))", "callback": [0.6300037724231886, 0.5083891005624388, 0.35093804884591684, 0.34305618447348996, 0.3385255097753477, 0.3199312553235336, 0.30819695587084284, 0.3062361214986419, 0.3014823562782193, 0.27247669011974196, 0.2658282768969884, 0.2623989673210263, 0.2524055626849957, 0.23348031642974743, 0.18905204228655137, 0.18603142508164883, 0.17946516523410894, 0.1733446994620924, 0.16523993525451453, 0.16411319461826568, 0.16398272430229355, 0.16393531775890147, 0.16392127333989348, 0.16391883315640265, 0.16391878210775945, 0.16391801092859748, 0.16391777077615965, 0.16391688049551656, 0.16391500285022653, 0.16391037364740813, 0.1638916853154304, 0.16386838107282087, 0.1637920708327053, 0.16362833347239003, 0.1633926177869186, 0.16295550508426093, 0.1621522367625201, 0.16135451945323787, 0.15973460213744228, 0.15792251662755052, 0.1569320835772906, 0.15651052569075552, 0.15574117706676416, 0.15562086994099955, 0.15558216974255912, 0.1555764147594766, 0.15557518913411916, 0.15557498270784587, 0.1555747326969622, 0.15557469916913735, 0.15557467408344683, 0.15557467209965858, 0.1555746715055928, 0.15557467137109393, 0.15557467132916614, 0.15557467131816327]}, "11": {"maxiter": 1000, "fatol": 1e-10, "xatol": 1e-10, "duration": 0.27141571044921875, "fun": "0.15557467131595382", "nit": "661", "nfev": "1100", "status": "0", "success": "True", "message": "Optimization terminated successfully.", "x": "[ 3.68652472  4.30241339 11.10002208  1.31586998  7.47903161 -0.4380732 ]", "final_simplex": "(array([[ 3.68652472,  4.30241339, 11.10002208,  1.31586998,  7.47903161,\n        -0.4380732 ],\n       [ 3.68652472,  4.30241339, 11.10002208,  1.31586998,  7.47903161,\n        -0.4380732 ],\n       [ 3.68652472,  4.30241339, 11.10002208,  1.31586998,  7.47903161,\n        -0.4380732 ],\n       [ 3.68652472,  4.30241339, 11.10002208,  1.31586998,  7.47903161,\n        -0.4380732 ],\n       [ 3.68652472,  4.30241339, 11.10002208,  1.31586998,  7.47903161,\n        -0.4380732 ],\n       [ 3.68652472,  4.30241339, 11.10002208,  1.31586998,  7.47903161,\n        -0.4380732 ],\n       [ 3.68652472,  4.30241339, 11.10002208,  1.31586998,  7.47903161,\n        -0.4380732 ]]), array([0.15557467, 0.15557467, 0.15557467, 0.15557467, 0.15557467,\n       0.15557467, 0.15557467]))", "callback": [0.6300037724231886, 0.5083891005624388, 0.35093804884591684, 0.34305618447348996, 0.3385255097753477, 0.3199312553235336, 0.30819695587084284, 0.3062361214986419, 0.3014823562782193, 0.27247669011974196, 0.2658282768969884, 0.2623989673210263, 0.2524055626849957, 0.23348031642974743, 0.18905204228655137, 0.18603142508164883, 0.17946516523410894, 0.1733446994620924, 0.16523993525451453, 0.16411319461826568, 0.16398272430229355, 0.16393531775890147, 0.16392127333989348, 0.16391883315640265, 0.16391878210775945, 0.16391801092859748, 0.16391777077615965, 0.16391688049551656, 0.16391500285022653, 0.16391037364740813, 0.1638916853154304, 0.16386838107282087, 0.1637920708327053, 0.16362833347239003, 0.1633926177869186, 0.16295550508426093, 0.1621522367625201, 0.16135451945323787, 0.15973460213744228, 0.15792251662755052, 0.1569320835772906, 0.15651052569075552, 0.15574117706676416, 0.15562086994099955, 0.15558216974255912, 0.1555764147594766, 0.15557518913411916, 0.15557498270784587, 0.1555747326969622, 0.15557469916913735, 0.15557467408344683, 0.15557467209965858, 0.1555746715055928, 0.15557467137109393, 0.15557467132916614, 0.15557467131816327, 0.15557467131678204, 0.15557467131616753, 0.1555746713160161, 0.15557467131596625, 0.1555746713159566, 0.15557467131595437, 0.15557467131595382, 0.15557467131595382, 0.15557467131595382, 0.15557467131595382, 0.15557467131595382]}}, "bfgs": {"type": "gradient", "0": {"maxiter": 100, "gtol": 1e-05, "xrtol": 1e-05, "eps": 1e-05, "duration": 0.05225777626037598, "fun": "0.1555746714146896", "jac": "[ 1.19891874e-06 -2.49926746e-06  1.97646344e-06 -1.95232719e-07\n -6.82909285e-07  1.09683373e-06]", "hess_inv": "[[  8.11778064   2.02905135  -7.07591712   1.4411643  -10.40249531\n    3.92565377]\n [  2.02905135  12.6594609    7.54092439   2.88290999  -2.5961048\n    3.82351391]\n [ -7.07591712   7.54092439  24.49072571   2.97685251  16.85653824\n   -7.34624507]\n [  1.4411643    2.88290999   2.97685251   3.4964896    0.19075646\n   -0.10021128]\n [-10.40249531  -2.5961048   16.85653824   0.19075646  27.44191871\n  -12.19442515]\n [  3.92565377   3.82351391  -7.34624507  -0.10021128 -12.19442515\n    9.41938935]]", "nfev": "203", "njev": "29", "status": "0", "success": "True", "message": "Optimization terminated successfully.", "x": "[ 3.68651445  4.30236597  4.81681644  1.31585419  1.19584909 -0.43808711]", "nit": "26", "callback": [0.4606531510554599, 0.3562765965656338, 0.2676551392761011, 0.1673780886341536, 0.1657996640172954, 0.16529226489018545, 0.16480049629080085, 0.16452518320624998, 0.1641546728271861, 0.1637510504001728, 0.16309267327976107, 0.1620913259748944, 0.16109940819278767, 0.16040873190052096, 0.1594519554578817, 0.15891883807003038, 0.15841548639855896, 0.157583252231429, 0.15637878855463194, 0.15579644778600954, 0.1556028949506434, 0.15557586637292964, 0.15557486309544455, 0.1555746818644782, 0.1555746721080884, 0.1555746714146896]}, "1": {"maxiter": 100, "gtol": 1e-05, "xrtol": 1e-05, "eps": 1e-10, "duration": 0.05082082748413086, "fun": "0.15557467154509363", "jac": "[-1.11022293e-06 -8.88178346e-06  2.22044587e-06 -1.11022293e-06\n  3.33066880e-06  4.44089173e-06]", "hess_inv": "[[  8.28645642   2.5077368   -6.78276464   1.64328735 -10.47589504\n    4.00262678]\n [  2.5077368   13.06554626   6.64617902   3.00933992  -3.9865917\n    4.40326127]\n [ -6.78276464   6.64617902  22.23690578   2.50898387  14.90195972\n   -6.71870774]\n [  1.64328735   3.00933992   2.50898387   3.51029914  -0.45482379\n    0.14473486]\n [-10.47589504  -3.9865917   14.90195972  -0.45482379  26.16907136\n  -11.82754574]\n [  4.00262678   4.40326127  -6.71870774   0.14473486 -11.82754574\n    9.34125702]]", "nfev": "203", "njev": "29", "status": "0", "success": "True", "message": "Optimization terminated successfully.", "x": "[ 3.68651343  4.30234584  4.81678627  1.31584398  1.19582857 -0.43806887]", "nit": "26", "callback": [0.4606546075716895, 0.3562783600117341, 0.26765736134783247, 0.16737793938039636, 0.16579986393203594, 0.16529234550711103, 0.1648006954959278, 0.16452523908132421, 0.16415496651481398, 0.16375067966177315, 0.16309120289212853, 0.16208975269293724, 0.16109991581366478, 0.16040559944124566, 0.15945142094559372, 0.15891948666190558, 0.15841595461020674, 0.1575829025247486, 0.15637746599010782, 0.15579654490463413, 0.15560279162163293, 0.15557587703005027, 0.15557486554178612, 0.15557468257656837, 0.1555746721179051, 0.15557467154509363]}, "2": {"maxiter": 100, "gtol": 1e-05, "xrtol": 1e-10, "eps": 1e-05, "duration": 0.04500007629394531, "fun": "0.1555746714146896", "jac": "[ 1.19891874e-06 -2.49926746e-06  1.97646344e-06 -1.95232719e-07\n -6.82909285e-07  1.09683373e-06]", "hess_inv": "[[  8.11778064   2.02905135  -7.07591712   1.4411643  -10.40249531\n    3.92565377]\n [  2.02905135  12.6594609    7.54092439   2.88290999  -2.5961048\n    3.82351391]\n [ -7.07591712   7.54092439  24.49072571   2.97685251  16.85653824\n   -7.34624507]\n [  1.4411643    2.88290999   2.97685251   3.4964896    0.19075646\n   -0.10021128]\n [-10.40249531  -2.5961048   16.85653824   0.19075646  27.44191871\n  -12.19442515]\n [  3.92565377   3.82351391  -7.34624507  -0.10021128 -12.19442515\n    9.41938935]]", "nfev": "203", "njev": "29", "status": "0", "success": "True", "message": "Optimization terminated successfully.", "x": "[ 3.68651445  4.30236597  4.81681644  1.31585419  1.19584909 -0.43808711]", "nit": "26", "callback": [0.4606531510554599, 0.3562765965656338, 0.2676551392761011, 0.1673780886341536, 0.1657996640172954, 0.16529226489018545, 0.16480049629080085, 0.16452518320624998, 0.1641546728271861, 0.1637510504001728, 0.16309267327976107, 0.1620913259748944, 0.16109940819278767, 0.16040873190052096, 0.1594519554578817, 0.15891883807003038, 0.15841548639855896, 0.157583252231429, 0.15637878855463194, 0.15579644778600954, 0.1556028949506434, 0.15557586637292964, 0.15557486309544455, 0.1555746818644782, 0.1555746721080884, 0.1555746714146896]}, "3": {"maxiter": 100, "gtol": 1e-05, "xrtol": 1e-10, "eps": 1e-10, "duration": 0.04408121109008789, "fun": "0.15557467154509363", "jac": "[-1.11022293e-06 -8.88178346e-06  2.22044587e-06 -1.11022293e-06\n  3.33066880e-06  4.44089173e-06]", "hess_inv": "[[  8.28645642   2.5077368   -6.78276464   1.64328735 -10.47589504\n    4.00262678]\n [  2.5077368   13.06554626   6.64617902   3.00933992  -3.9865917\n    4.40326127]\n [ -6.78276464   6.64617902  22.23690578   2.50898387  14.90195972\n   -6.71870774]\n [  1.64328735   3.00933992   2.50898387   3.51029914  -0.45482379\n    0.14473486]\n [-10.47589504  -3.9865917   14.90195972  -0.45482379  26.16907136\n  -11.82754574]\n [  4.00262678   4.40326127  -6.71870774   0.14473486 -11.82754574\n    9.34125702]]", "nfev": "203", "njev": "29", "status": "0", "success": "True", "message": "Optimization terminated successfully.", "x": "[ 3.68651343  4.30234584  4.81678627  1.31584398  1.19582857 -0.43806887]", "nit": "26", "callback": [0.4606546075716895, 0.3562783600117341, 0.26765736134783247, 0.16737793938039636, 0.16579986393203594, 0.16529234550711103, 0.1648006954959278, 0.16452523908132421, 0.16415496651481398, 0.16375067966177315, 0.16309120289212853, 0.16208975269293724, 0.16109991581366478, 0.16040559944124566, 0.15945142094559372, 0.15891948666190558, 0.15841595461020674, 0.1575829025247486, 0.15637746599010782, 0.15579654490463413, 0.15560279162163293, 0.15557587703005027, 0.15557486554178612, 0.15557468257656837, 0.1555746721179051, 0.15557467154509363]}, "4": {"maxiter": 100, "gtol": 1e-10, "xrtol": 1e-05, "eps": 1e-05, "duration": 0.05605602264404297, "fun": "0.15557467138505254", "jac": "[ 1.03528297e-07 -2.65165667e-07  1.53765889e-07  4.38205028e-08\n  3.37507799e-09  6.02740080e-08]", "hess_inv": "[[  8.08628904   1.63284078  -6.97516329   1.40145333 -10.30340024\n    3.7687202 ]\n [  1.63284078  12.41319857   7.80422656   2.80194129  -1.47805783\n    3.3009739 ]\n [ -6.97516329   7.80422656  24.38123684   3.01517209  16.56677501\n   -7.15187865]\n [  1.40145333   2.80194129   3.01517209   3.4834015    0.30434377\n   -0.16982998]\n [-10.30340024  -1.47805783  16.56677501   0.30434377  27.13359115\n  -11.74003799]\n [  3.7687202    3.3009739   -7.15187865  -0.16982998 -11.74003799\n    9.08219942]]", "nfev": "210", "njev": "30", "status": "0", "success": "True", "message": "Optimization terminated successfully.", "x": "[ 3.68651173  4.30237553  4.81681586  1.31585462  1.19585647 -0.43808726]", "nit": "27", "callback": [0.4606531510554599, 0.3562765965656338, 0.2676551392761011, 0.1673780886341536, 0.1657996640172954, 0.16529226489018545, 0.16480049629080085, 0.16452518320624998, 0.1641546728271861, 0.1637510504001728, 0.16309267327976107, 0.1620913259748944, 0.16109940819278767, 0.16040873190052096, 0.1594519554578817, 0.15891883807003038, 0.15841548639855896, 0.157583252231429, 0.15637878855463194, 0.15579644778600954, 0.1556028949506434, 0.15557586637292964, 0.15557486309544455, 0.1555746818644782, 0.1555746721080884, 0.1555746714146896, 0.15557467138505254]}, "5": {"maxiter": 100, "gtol": 1e-10, "xrtol": 1e-05, "eps": 1e-10, "duration": 0.057686805725097656, "fun": "0.1555746714256092", "jac": "[-4.44089173e-06 -2.22044587e-06  1.11022293e-06  0.00000000e+00\n -3.33066880e-06 -1.11022293e-06]", "hess_inv": "[[  8.35993368   1.61192522  -7.31406174   2.01510948  -9.30671011\n    3.6516713 ]\n [  1.61192522   9.84048902   5.99972432   3.23866616  -0.15023858\n    2.91381406]\n [ -7.31406174   5.99972432  22.90307437   2.160588    15.04817451\n   -6.89910956]\n [  2.01510948   3.23866616   2.160588     3.79675566  -0.55669157\n    0.28431729]\n [ -9.30671011  -0.15023858  15.04817451  -0.55669157  22.26966093\n  -10.2665945 ]\n [  3.6516713    2.91381406  -6.89910956   0.28431729 -10.2665945\n    8.75017645]]", "nfev": "231", "njev": "33", "status": "0", "success": "True", "message": "Optimization terminated successfully.", "x": "[ 3.68654444  4.30239933  4.81677207  1.31585665  1.19577915 -0.43804433]", "nit": "28", "callback": [0.4606546075716895, 0.3562783600117341, 0.26765736134783247, 0.16737793938039636, 0.16579986393203594, 0.16529234550711103, 0.1648006954959278, 0.16452523908132421, 0.16415496651481398, 0.16375067966177315, 0.16309120289212853, 0.16208975269293724, 0.16109991581366478, 0.16040559944124566, 0.15945142094559372, 0.15891948666190558, 0.15841595461020674, 0.1575829025247486, 0.15637746599010782, 0.15579654490463413, 0.15560279162163293, 0.15557587703005027, 0.15557486554178612, 0.15557468257656837, 0.1555746721179051, 0.15557467154509363, 0.15557467142605474, 0.1555746714256092]}, "6": {"maxiter": 100, "gtol": 1e-10, "xrtol": 1e-10, "eps": 1e-05, "duration": 0.05746889114379883, "fun": "0.15557467138132175", "jac": "[-2.22044605e-11 -2.22044605e-11 -4.44089210e-11  1.11022302e-11\n -1.11022302e-11 -2.22044605e-11]", "hess_inv": "[[  8.14601193   1.88071108  -7.15066888   1.32577619 -10.50708485\n    3.97508003]\n [  1.88071108  13.30444029   7.29162014   2.6819452   -2.2718919\n    3.99292275]\n [ -7.15066888   7.29162014  24.74301532   3.13501982  17.13001095\n   -7.62008458]\n [  1.32577619   2.6819452    3.13501982   3.52638726   0.53951452\n   -0.33035012]\n [-10.50708485  -2.2718919   17.13001095   0.53951452  27.80803144\n  -12.41155966]\n [  3.97508003   3.99292275  -7.62008458  -0.33035012 -12.41155966\n    9.67632687]]", "nfev": "231", "njev": "33", "status": "0", "success": "True", "message": "Optimization terminated successfully.", "x": "[ 3.68651221  4.30237742  4.81681501  1.31585459  1.19585496 -0.43808597]", "nit": "30", "callback": [0.4606531510554599, 0.3562765965656338, 0.2676551392761011, 0.1673780886341536, 0.1657996640172954, 0.16529226489018545, 0.16480049629080085, 0.16452518320624998, 0.1641546728271861, 0.1637510504001728, 0.16309267327976107, 0.1620913259748944, 0.16109940819278767, 0.16040873190052096, 0.1594519554578817, 0.15891883807003038, 0.15841548639855896, 0.157583252231429, 0.15637878855463194, 0.15579644778600954, 0.1556028949506434, 0.15557586637292964, 0.15557486309544455, 0.1555746818644782, 0.1555746721080884, 0.1555746714146896, 0.15557467138505254, 0.155574671381437, 0.15557467138132175, 0.15557467138132175]}, "7": {"maxiter": 100, "gtol": 1e-10, "xrtol": 1e-10, "eps": 1e-10, "duration": 0.08316802978515625, "fun": "0.15557467139323178", "jac": "[-3.33066880e-06  0.00000000e+00 -3.33066880e-06  1.11022293e-06\n -3.33066880e-06  4.44089173e-06]", "hess_inv": "[[ 2.05744728e-01  6.27254520e-02  4.07283834e-01 -1.37169737e-01\n  -3.46877205e-03  1.12955862e-01]\n [ 6.27254520e-02  1.51893648e+01  9.40117504e+00  8.13624010e+00\n   1.65203669e+00  7.36917885e+00]\n [ 4.07283834e-01  9.40117504e+00  7.24117267e+00  4.98056747e+00\n   1.93750242e+00  4.62048833e+00]\n [-1.37169737e-01  8.13624010e+00  4.98056747e+00  6.50472938e+00\n   3.85227881e+00  2.91314332e+00]\n [-3.46877205e-03  1.65203669e+00  1.93750242e+00  3.85227881e+00\n   5.20373287e+00 -6.78950828e-01]\n [ 1.12955862e-01  7.36917885e+00  4.62048833e+00  2.91314332e+00\n  -6.78950828e-01  4.12039531e+00]]", "nfev": "329", "njev": "47", "status": "0", "success": "True", "message": "Optimization terminated successfully.", "x": "[ 3.68654663  4.30241195  4.81678361  1.31586704  1.19578829 -0.43803994]", "nit": "33", "callback": [0.4606546075716895, 0.3562783600117341, 0.26765736134783247, 0.16737793938039636, 0.16579986393203594, 0.16529234550711103, 0.1648006954959278, 0.16452523908132421, 0.16415496651481398, 0.16375067966177315, 0.16309120289212853, 0.16208975269293724, 0.16109991581366478, 0.16040559944124566, 0.15945142094559372, 0.15891948666190558, 0.15841595461020674, 0.1575829025247486, 0.15637746599010782, 0.15579654490463413, 0.15560279162163293, 0.15557587703005027, 0.15557486554178612, 0.15557468257656837, 0.1555746721179051, 0.15557467154509363, 0.15557467142605474, 0.1555746714256092, 0.15557467142465975, 0.15557467142324743, 0.15557467141950887, 0.15557467139323178, 0.15557467139323178]}, "8": {"maxiter": 500, "gtol": 1e-05, "xrtol": 1e-05, "eps": 1e-05, "duration": 0.045352935791015625, "fun": "0.1555746714146896", "jac": "[ 1.19891874e-06 -2.49926746e-06  1.97646344e-06 -1.95232719e-07\n -6.82909285e-07  1.09683373e-06]", "hess_inv": "[[  8.11778064   2.02905135  -7.07591712   1.4411643  -10.40249531\n    3.92565377]\n [  2.02905135  12.6594609    7.54092439   2.88290999  -2.5961048\n    3.82351391]\n [ -7.07591712   7.54092439  24.49072571   2.97685251  16.85653824\n   -7.34624507]\n [  1.4411643    2.88290999   2.97685251   3.4964896    0.19075646\n   -0.10021128]\n [-10.40249531  -2.5961048   16.85653824   0.19075646  27.44191871\n  -12.19442515]\n [  3.92565377   3.82351391  -7.34624507  -0.10021128 -12.19442515\n    9.41938935]]", "nfev": "203", "njev": "29", "status": "0", "success": "True", "message": "Optimization terminated successfully.", "x": "[ 3.68651445  4.30236597  4.81681644  1.31585419  1.19584909 -0.43808711]", "nit": "26", "callback": [0.4606531510554599, 0.3562765965656338, 0.2676551392761011, 0.1673780886341536, 0.1657996640172954, 0.16529226489018545, 0.16480049629080085, 0.16452518320624998, 0.1641546728271861, 0.1637510504001728, 0.16309267327976107, 0.1620913259748944, 0.16109940819278767, 0.16040873190052096, 0.1594519554578817, 0.15891883807003038, 0.15841548639855896, 0.157583252231429, 0.15637878855463194, 0.15579644778600954, 0.1556028949506434, 0.15557586637292964, 0.15557486309544455, 0.1555746818644782, 0.1555746721080884, 0.1555746714146896]}, "9": {"maxiter": 500, "gtol": 1e-05, "xrtol": 1e-05, "eps": 1e-10, "duration": 0.05205106735229492, "fun": "0.15557467154509363", "jac": "[-1.11022293e-06 -8.88178346e-06  2.22044587e-06 -1.11022293e-06\n  3.33066880e-06  4.44089173e-06]", "hess_inv": "[[  8.28645642   2.5077368   -6.78276464   1.64328735 -10.47589504\n    4.00262678]\n [  2.5077368   13.06554626   6.64617902   3.00933992  -3.9865917\n    4.40326127