{"date": "2024/09/24/, 05:13:40", "conf_id": 277, "data_type": "var_s_rank\n", "num_data_points": 2, "s_rank": 0, "unitary": "[[0.18663085-0.53122324j,-0.11886349-0.70040876j,0.28555095-0.02789305j,-0.12262021-0.2844587j],[-0.16702216+0.27758472j,0.27526351-0.29738586j,-0.01109314+0.22495461j,-0.77239203+0.28900673j],[0.61935415+0.12301792j,-0.31269928-0.03315917j,-0.61902762-0.19039079j,-0.27120731-0.0968989j],[0.42341754+0.0023929j,-0.05847358+0.47832119j,0.64900495-0.16218422j,-0.37182676-0.05229966j]]", "databatch_0": {"databatch": "[[[-9.48355605e-02+0.21722333j,-6.05944286e-02-0.33045429j,-1.19475686e-01-0.16201183j,-3.78126371e-01+0.18364701j],[-9.54503934e-02-0.14133631j,-2.57348022e-02-0.02034172j,2.26964815e-01-0.16053366j,9.82782393e-03-0.08625485j],[-2.75929156e-02-0.1506639j,-6.95414242e-06+0.2566585j,3.65400237e-02-0.04989627j,-3.07209898e-01+0.13237132j],[3.37307364e-01-0.02307217j,1.40064013e-01+0.00645438j,2.90846588e-01+0.0902372j,-2.36133775e-01+0.1059048j]],[[3.84702222e-01-0.03315332j,1.03243373e-01-0.28449256j,-6.23588844e-02+0.01445097j,-1.59208804e-01+0.0517206j],[1.33140065e-01-0.07710358j,-2.01714850e-01+0.10751866j,1.10352423e-01-0.24931015j,-1.43206235e-01+0.09010173j],[2.83596938e-01+0.07318398j,-2.98206793e-01+0.28876252j,-1.00711152e-01+0.13887258j,1.99282778e-01+0.02438415j],[-2.48275178e-02+0.19852966j,1.97359815e-01-0.16605341j,1.86614510e-02+0.06614025j,2.48183568e-01+0.21818871j]]]", "initial param values": "[2.93088136,5.21289338,1.70757387,1.97856712,2.73326855,2.35182103]", "nelder_mead": {"type": "gradient-free", "0": {"maxiter": 100, "fatol": 1e-05, "xatol": 1e-05, "duration": 0.03769803047180176, "fun": "0.3000283123344296", "nit": "100", "nfev": "157", "status": "2", "success": "False", "message": "Maximum number of iterations has been exceeded.", "x": "[1.1908423  6.9645807  3.30439995 2.65678102 0.9602909  3.06213415]", "final_simplex": "(array([[1.1908423 , 6.9645807 , 3.30439995, 2.65678102, 0.9602909 ,\n        3.06213415],\n       [1.23623947, 6.93008569, 3.23246706, 2.65948177, 0.96157434,\n        3.07957201],\n       [1.19983105, 7.01539007, 3.21761258, 2.66157545, 0.9529957 ,\n        3.08432246],\n       [1.16522131, 6.95316107, 3.32831387, 2.65269102, 0.9446931 ,\n        3.04304033],\n       [1.21233319, 6.97288411, 3.24937632, 2.68866924, 0.90787495,\n        3.11402445],\n       [1.16275748, 6.97672213, 3.23825747, 2.67130332, 0.99602291,\n        3.08800519],\n       [1.26406898, 6.96212053, 3.28194901, 2.60781872, 0.89744525,\n        3.08917447]]), array([0.30002831, 0.30062864, 0.30090103, 0.30155457, 0.30206908,\n       0.3023274 , 0.30234186]))", "callback": [0.7835742087414754, 0.7237057162809395, 0.6649709445815918, 0.5384037157196417, 0.43144900880695614, 0.33446590599100634, 0.3118720092524556, 0.3052502946607597, 0.30261662268723954]}, "1": {"maxiter": 100, "fatol": 1e-05, "xatol": 1e-10, "duration": 0.035386085510253906, "fun": "0.3000283123344296", "nit": "100", "nfev": "157", "status": "2", "success": "False", "message": "Maximum number of iterations has been exceeded.", "x": "[1.1908423  6.9645807  3.30439995 2.65678102 0.9602909  3.06213415]", "final_simplex": "(array([[1.1908423 , 6.9645807 , 3.30439995, 2.65678102, 0.9602909 ,\n        3.06213415],\n       [1.23623947, 6.93008569, 3.23246706, 2.65948177, 0.96157434,\n        3.07957201],\n       [1.19983105, 7.01539007, 3.21761258, 2.66157545, 0.9529957 ,\n        3.08432246],\n       [1.16522131, 6.95316107, 3.32831387, 2.65269102, 0.9446931 ,\n        3.04304033],\n       [1.21233319, 6.97288411, 3.24937632, 2.68866924, 0.90787495,\n        3.11402445],\n       [1.16275748, 6.97672213, 3.23825747, 2.67130332, 0.99602291,\n        3.08800519],\n       [1.26406898, 6.96212053, 3.28194901, 2.60781872, 0.89744525,\n        3.08917447]]), array([0.30002831, 0.30062864, 0.30090103, 0.30155457, 0.30206908,\n       0.3023274 , 0.30234186]))", "callback": [0.7835742087414754, 0.7237057162809395, 0.6649709445815918, 0.5384037157196417, 0.43144900880695614, 0.33446590599100634, 0.3118720092524556, 0.3052502946607597, 0.30261662268723954]}, "2": {"maxiter": 100, "fatol": 1e-10, "xatol": 1e-05, "duration": 0.0353388786315918, "fun": "0.3000283123344296", "nit": "100", "nfev": "157", "status": "2", "success": "False", "message": "Maximum number of iterations has been exceeded.", "x": "[1.1908423  6.9645807  3.30439995 2.65678102 0.9602909  3.06213415]", "final_simplex": "(array([[1.1908423 , 6.9645807 , 3.30439995, 2.65678102, 0.9602909 ,\n        3.06213415],\n       [1.23623947, 6.93008569, 3.23246706, 2.65948177, 0.96157434,\n        3.07957201],\n       [1.19983105, 7.01539007, 3.21761258, 2.66157545, 0.9529957 ,\n        3.08432246],\n       [1.16522131, 6.95316107, 3.32831387, 2.65269102, 0.9446931 ,\n        3.04304033],\n       [1.21233319, 6.97288411, 3.24937632, 2.68866924, 0.90787495,\n        3.11402445],\n       [1.16275748, 6.97672213, 3.23825747, 2.67130332, 0.99602291,\n        3.08800519],\n       [1.26406898, 6.96212053, 3.28194901, 2.60781872, 0.89744525,\n        3.08917447]]), array([0.30002831, 0.30062864, 0.30090103, 0.30155457, 0.30206908,\n       0.3023274 , 0.30234186]))", "callback": [0.7835742087414754, 0.7237057162809395, 0.6649709445815918, 0.5384037157196417, 0.43144900880695614, 0.33446590599100634, 0.3118720092524556, 0.3052502946607597, 0.30261662268723954]}, "3": {"maxiter": 100, "fatol": 1e-10, "xatol": 1e-10, "duration": 0.034802913665771484, "fun": "0.3000283123344296", "nit": "100", "nfev": "157", "status": "2", "success": "False", "message": "Maximum number of iterations has been exceeded.", "x": "[1.1908423  6.9645807  3.30439995 2.65678102 0.9602909  3.06213415]", "final_simplex": "(array([[1.1908423 , 6.9645807 , 3.30439995, 2.65678102, 0.9602909 ,\n        3.06213415],\n       [1.23623947, 6.93008569, 3.23246706, 2.65948177, 0.96157434,\n        3.07957201],\n       [1.19983105, 7.01539007, 3.21761258, 2.66157545, 0.9529957 ,\n        3.08432246],\n       [1.16522131, 6.95316107, 3.32831387, 2.65269102, 0.9446931 ,\n        3.04304033],\n       [1.21233319, 6.97288411, 3.24937632, 2.68866924, 0.90787495,\n        3.11402445],\n       [1.16275748, 6.97672213, 3.23825747, 2.67130332, 0.99602291,\n        3.08800519],\n       [1.26406898, 6.96212053, 3.28194901, 2.60781872, 0.89744525,\n        3.08917447]]), array([0.30002831, 0.30062864, 0.30090103, 0.30155457, 0.30206908,\n       0.3023274 , 0.30234186]))", "callback": [0.7835742087414754, 0.7237057162809395, 0.6649709445815918, 0.5384037157196417, 0.43144900880695614, 0.33446590599100634, 0.3118720092524556, 0.3052502946607597, 0.30261662268723954]}, "4": {"maxiter": 500, "fatol": 1e-05, "xatol": 1e-05, "duration": 0.14008188247680664, "fun": "0.2860805640231039", "nit": "402", "nfev": "634", "status": "0", "success": "True", "message": "Optimization terminated successfully.", "x": "[1.37991306 7.13615829 3.25263939 2.80490717 0.47804484 2.49465669]", "final_simplex": "(array([[1.37991306, 7.13615829, 3.25263939, 2.80490717, 0.47804484,\n        2.49465669],\n       [1.37991369, 7.13615745, 3.25263856, 2.80490731, 0.4780446 ,\n        2.49465536],\n       [1.37991362, 7.1361581 , 3.25263869, 2.80490748, 0.4780385 ,\n        2.4946504 ],\n       [1.37991403, 7.13615685, 3.25263918, 2.80490719, 0.47804673,\n        2.49465876],\n       [1.37991456, 7.13615862, 3.25263889, 2.80490854, 0.47803978,\n        2.49465118],\n       [1.3799151 , 7.13615692, 3.25264035, 2.80490651, 0.47804605,\n        2.49465672],\n       [1.37991538, 7.13615944, 3.25263776, 2.80490704, 0.47804255,\n        2.49465449]]), array([0.28608056, 0.28608056, 0.28608056, 0.28608056, 0.28608056,\n       0.28608056, 0.28608056]))", "callback": [0.7835742087414754, 0.7237057162809395, 0.6649709445815918, 0.5384037157196417, 0.43144900880695614, 0.33446590599100634, 0.3118720092524556, 0.3052502946607597, 0.30261662268723954, 0.3000283123344296, 0.29816852522149695, 0.2950239175915669, 0.2912889137012953, 0.29052967946221053, 0.289024641507875, 0.2887511893915595, 0.2886595564642921, 0.2885919677763532, 0.28847557803451596, 0.28826628135106924, 0.28801300220949777, 0.28770230884851944, 0.2871980884874007, 0.2866114273180771, 0.28624965845504313, 0.2861081963937844, 0.2860911395125817, 0.2860853788522726, 0.2860822090682382, 0.28608118647502523, 0.28608070270880126, 0.2860806132160736, 0.2860805704655699, 0.2860805669921598, 0.2860805646996798, 0.28608056416261696, 0.2860805640561186, 0.28608056402937554, 0.2860805640246189, 0.2860805640231039]}, "5": {"maxiter": 500, "fatol": 1e-05, "xatol": 1e-10, "duration": 0.18062424659729004, "fun": "0.2860805640229489", "nit": "473", "nfev": "814", "status": "0", "success": "True", "message": "Optimization terminated successfully.", "x": "[1.37991374 7.13615829 3.2526393  2.80490713 0.47804286 2.4946545 ]", "final_simplex": "(array([[1.37991374, 7.13615829, 3.2526393 , 2.80490713, 0.47804286,\n        2.4946545 ],\n       [1.37991374, 7.13615829, 3.2526393 , 2.80490713, 0.47804286,\n        2.4946545 ],\n       [1.37991374, 7.13615829, 3.2526393 , 2.80490713, 0.47804286,\n        2.4946545 ],\n       [1.37991374, 7.13615829, 3.2526393 , 2.80490713, 0.47804286,\n        2.4946545 ],\n       [1.37991374, 7.13615829, 3.2526393 , 2.80490713, 0.47804286,\n        2.4946545 ],\n       [1.37991374, 7.13615829, 3.2526393 , 2.80490713, 0.47804286,\n        2.4946545 ],\n       [1.37991374, 7.13615829, 3.2526393 , 2.80490713, 0.47804286,\n        2.4946545 ]]), array([0.28608056, 0.28608056, 0.28608056, 0.28608056, 0.28608056,\n       0.28608056, 0.28608056]))", "callback": [0.7835742087414754, 0.7237057162809395, 0.6649709445815918, 0.5384037157196417, 0.43144900880695614, 0.33446590599100634, 0.3118720092524556, 0.3052502946607597, 0.30261662268723954, 0.3000283123344296, 0.29816852522149695, 0.2950239175915669, 0.2912889137012953, 0.29052967946221053, 0.289024641507875, 0.2887511893915595, 0.2886595564642921, 0.2885919677763532, 0.28847557803451596, 0.28826628135106924, 0.28801300220949777, 0.28770230884851944, 0.2871980884874007, 0.2866114273180771, 0.28624965845504313, 0.2861081963937844, 0.2860911395125817, 0.2860853788522726, 0.2860822090682382, 0.28608118647502523, 0.28608070270880126, 0.2860806132160736, 0.2860805704655699, 0.2860805669921598, 0.2860805646996798, 0.28608056416261696, 0.2860805640561186, 0.28608056402937554, 0.2860805640246189, 0.2860805640231039, 0.28608056402303517, 0.28608056402296533, 0.2860805640229518, 0.28608056402295, 0.2860805640229491, 0.2860805640229489, 0.2860805640229489]}, "6": {"maxiter": 500, "fatol": 1e-10, "xatol": 1e-05, "duration": 0.1584172248840332, "fun": "0.2860805640231039", "nit": "402", "nfev": "634", "status": "0", "success": "True", "message": "Optimization terminated successfully.", "x": "[1.37991306 7.13615829 3.25263939 2.80490717 0.47804484 2.49465669]", "final_simplex": "(array([[1.37991306, 7.13615829, 3.25263939, 2.80490717, 0.47804484,\n        2.49465669],\n       [1.37991369, 7.13615745, 3.25263856, 2.80490731, 0.4780446 ,\n        2.49465536],\n       [1.37991362, 7.1361581 , 3.25263869, 2.80490748, 0.4780385 ,\n        2.4946504 ],\n       [1.37991403, 7.13615685, 3.25263918, 2.80490719, 0.47804673,\n        2.49465876],\n       [1.37991456, 7.13615862, 3.25263889, 2.80490854, 0.47803978,\n        2.49465118],\n       [1.3799151 , 7.13615692, 3.25264035, 2.80490651, 0.47804605,\n        2.49465672],\n       [1.37991538, 7.13615944, 3.25263776, 2.80490704, 0.47804255,\n        2.49465449]]), array([0.28608056, 0.28608056, 0.28608056, 0.28608056, 0.28608056,\n       0.28608056, 0.28608056]))", "callback": [0.7835742087414754, 0.7237057162809395, 0.6649709445815918, 0.5384037157196417, 0.43144900880695614, 0.33446590599100634, 0.3118720092524556, 0.3052502946607597, 0.30261662268723954, 0.3000283123344296, 0.29816852522149695, 0.2950239175915669, 0.2912889137012953, 0.29052967946221053, 0.289024641507875, 0.2887511893915595, 0.2886595564642921, 0.2885919677763532, 0.28847557803451596, 0.28826628135106924, 0.28801300220949777, 0.28770230884851944, 0.2871980884874007, 0.2866114273180771, 0.28624965845504313, 0.2861081963937844, 0.2860911395125817, 0.2860853788522726, 0.2860822090682382, 0.28608118647502523, 0.28608070270880126, 0.2860806132160736, 0.2860805704655699, 0.2860805669921598, 0.2860805646996798, 0.28608056416261696, 0.2860805640561186, 0.28608056402937554, 0.2860805640246189, 0.2860805640231039]}, "7": {"maxiter": 500, "fatol": 1e-10, "xatol": 1e-10, "duration": 0.2046809196472168, "fun": "0.2860805640229489", "nit": "473", "nfev": "814", "status": "0", "success": "True", "message": "Optimization terminated successfully.", "x": "[1.37991374 7.13615829 3.2526393  2.80490713 0.47804286 2.4946545 ]", "final_simplex": "(array([[1.37991374, 7.13615829, 3.2526393 , 2.80490713, 0.47804286,\n        2.4946545 ],\n       [1.37991374, 7.13615829, 3.2526393 , 2.80490713, 0.47804286,\n        2.4946545 ],\n       [1.37991374, 7.13615829, 3.2526393 , 2.80490713, 0.47804286,\n        2.4946545 ],\n       [1.37991374, 7.13615829, 3.2526393 , 2.80490713, 0.47804286,\n        2.4946545 ],\n       [1.37991374, 7.13615829, 3.2526393 , 2.80490713, 0.47804286,\n        2.4946545 ],\n       [1.37991374, 7.13615829, 3.2526393 , 2.80490713, 0.47804286,\n        2.4946545 ],\n       [1.37991374, 7.13615829, 3.2526393 , 2.80490713, 0.47804286,\n        2.4946545 ]]), array([0.28608056, 0.28608056, 0.28608056, 0.28608056, 0.28608056,\n       0.28608056, 0.28608056]))", "callback": [0.7835742087414754, 0.7237057162809395, 0.6649709445815918, 0.5384037157196417, 0.43144900880695614, 0.33446590599100634, 0.3118720092524556, 0.3052502946607597, 0.30261662268723954, 0.3000283123344296, 0.29816852522149695, 0.2950239175915669, 0.2912889137012953, 0.29052967946221053, 0.289024641507875, 0.2887511893915595, 0.2886595564642921, 0.2885919677763532, 0.28847557803451596, 0.28826628135106924, 0.28801300220949777, 0.28770230884851944, 0.2871980884874007, 0.2866114273180771, 0.28624965845504313, 0.2861081963937844, 0.2860911395125817, 0.2860853788522726, 0.2860822090682382, 0.28608118647502523, 0.28608070270880126, 0.2860806132160736, 0.2860805704655699, 0.2860805669921598, 0.2860805646996798, 0.28608056416261696, 0.2860805640561186, 0.28608056402937554, 0.2860805640246189, 0.2860805640231039, 0.28608056402303517, 0.28608056402296533, 0.2860805640229518, 0.28608056402295, 0.2860805640229491, 0.2860805640229489, 0.2860805640229489]}, "8": {"maxiter": 1000, "fatol": 1e-05, "xatol": 1e-05, "duration": 0.14191985130310059, "fun": "0.2860805640231039", "nit": "402", "nfev": "634", "status": "0", "success": "True", "message": "Optimization terminated successfully.", "x": "[1.37991306 7.13615829 3.25263939 2.80490717 0.47804484 2.49465669]", "final_simplex": "(array([[1.37991306, 7.13615829, 3.25263939, 2.80490717, 0.47804484,\n        2.49465669],\n       [1.37991369, 7.13615745, 3.25263856, 2.80490731, 0.4780446 ,\n        2.49465536],\n       [1.37991362, 7.1361581 , 3.25263869, 2.80490748, 0.4780385 ,\n        2.4946504 ],\n       [1.37991403, 7.13615685, 3.25263918, 2.80490719, 0.47804673,\n        2.49465876],\n       [1.37991456, 7.13615862, 3.25263889, 2.80490854, 0.47803978,\n        2.49465118],\n       [1.3799151 , 7.13615692, 3.25264035, 2.80490651, 0.47804605,\n        2.49465672],\n       [1.37991538, 7.13615944, 3.25263776, 2.80490704, 0.47804255,\n        2.49465449]]), array([0.28608056, 0.28608056, 0.28608056, 0.28608056, 0.28608056,\n       0.28608056, 0.28608056]))", "callback": [0.7835742087414754, 0.7237057162809395, 0.6649709445815918, 0.5384037157196417, 0.43144900880695614, 0.33446590599100634, 0.3118720092524556, 0.3052502946607597, 0.30261662268723954, 0.3000283123344296, 0.29816852522149695, 0.2950239175915669, 0.2912889137012953, 0.29052967946221053, 0.289024641507875, 0.2887511893915595, 0.2886595564642921, 0.2885919677763532, 0.28847557803451596, 0.28826628135106924, 0.28801300220949777, 0.28770230884851944, 0.2871980884874007, 0.2866114273180771, 0.28624965845504313, 0.2861081963937844, 0.2860911395125817, 0.2860853788522726, 0.2860822090682382, 0.28608118647502523, 0.28608070270880126, 0.2860806132160736, 0.2860805704655699, 0.2860805669921598, 0.2860805646996798, 0.28608056416261696, 0.2860805640561186, 0.28608056402937554, 0.2860805640246189, 0.2860805640231039]}, "9": {"maxiter": 1000, "fatol": 1e-05, "xatol": 1e-10, "duration": 0.19956398010253906, "fun": "0.2860805640229489", "nit": "473", "nfev": "814", "status": "0", "success": "True", "message": "Optimization terminated successfully.", "x": "[1.37991374 7.13615829 3.2526393  2.80490713 0.47804286 2.4946545 ]", "final_simplex": "(array([[1.37991374, 7.13615829, 3.2526393 , 2.80490713, 0.47804286,\n        2.4946545 ],\n       [1.37991374, 7.13615829, 3.2526393 , 2.80490713, 0.47804286,\n        2.4946545 ],\n       [1.37991374, 7.13615829, 3.2526393 , 2.80490713, 0.47804286,\n        2.4946545 ],\n       [1.37991374, 7.13615829, 3.2526393 , 2.80490713, 0.47804286,\n        2.4946545 ],\n       [1.37991374, 7.13615829, 3.2526393 , 2.80490713, 0.47804286,\n        2.4946545 ],\n       [1.37991374, 7.13615829, 3.2526393 , 2.80490713, 0.47804286,\n        2.4946545 ],\n       [1.37991374, 7.13615829, 3.2526393 , 2.80490713, 0.47804286,\n        2.4946545 ]]), array([0.28608056, 0.28608056, 0.28608056, 0.28608056, 0.28608056,\n       0.28608056, 0.28608056]))", "callback": [0.7835742087414754, 0.7237057162809395, 0.6649709445815918, 0.5384037157196417, 0.43144900880695614, 0.33446590599100634, 0.3118720092524556, 0.3052502946607597, 0.30261662268723954, 0.3000283123344296, 0.29816852522149695, 0.2950239175915669, 0.2912889137012953, 0.29052967946221053, 0.289024641507875, 0.2887511893915595, 0.2886595564642921, 0.2885919677763532, 0.28847557803451596, 0.28826628135106924, 0.28801300220949777, 0.28770230884851944, 0.2871980884874007, 0.2866114273180771, 0.28624965845504313, 0.2861081963937844, 0.2860911395125817, 0.2860853788522726, 0.2860822090682382, 0.28608118647502523, 0.28608070270880126, 0.2860806132160736, 0.2860805704655699, 0.2860805669921598, 0.2860805646996798, 0.28608056416261696, 0.2860805640561186, 0.28608056402937554, 0.2860805640246189, 0.2860805640231039, 0.28608056402303517, 0.28608056402296533, 0.2860805640229518, 0.28608056402295, 0.2860805640229491, 0.2860805640229489, 0.2860805640229489]}, "10": {"maxiter": 1000, "fatol": 1e-10, "xatol": 1e-05, "duration": 0.15356230735778809, "fun": "0.2860805640231039", "nit": "402", "nfev": "634", "status": "0", "success": "True", "message": "Optimization terminated successfully.", "x": "[1.37991306 7.13615829 3.25263939 2.80490717 0.47804484 2.49465669]", "final_simplex": "(array([[1.37991306, 7.13615829, 3.25263939, 2.80490717, 0.47804484,\n        2.49465669],\n       [1.37991369, 7.13615745, 3.25263856, 2.80490731, 0.4780446 ,\n        2.49465536],\n       [1.37991362, 7.1361581 , 3.25263869, 2.80490748, 0.4780385 ,\n        2.4946504 ],\n       [1.37991403, 7.13615685, 3.25263918, 2.80490719, 0.47804673,\n        2.49465876],\n       [1.37991456, 7.13615862, 3.25263889, 2.80490854, 0.47803978,\n        2.49465118],\n       [1.3799151 , 7.13615692, 3.25264035, 2.80490651, 0.47804605,\n        2.49465672],\n       [1.37991538, 7.13615944, 3.25263776, 2.80490704, 0.47804255,\n        2.49465449]]), array([0.28608056, 0.28608056, 0.28608056, 0.28608056, 0.28608056,\n       0.28608056, 0.28608056]))", "callback": [0.7835742087414754, 0.7237057162809395, 0.6649709445815918, 0.5384037157196417, 0.43144900880695614, 0.33446590599100634, 0.3118720092524556, 0.3052502946607597, 0.30261662268723954, 0.3000283123344296, 0.29816852522149695, 0.2950239175915669, 0.2912889137012953, 0.29052967946221053, 0.289024641507875, 0.2887511893915595, 0.2886595564642921, 0.2885919677763532, 0.28847557803451596, 0.28826628135106924, 0.28801300220949777, 0.28770230884851944, 0.2871980884874007, 0.2866114273180771, 0.28624965845504313, 0.2861081963937844, 0.2860911395125817, 0.2860853788522726, 0.2860822090682382, 0.28608118647502523, 0.28608070270880126, 0.2860806132160736, 0.2860805704655699, 0.2860805669921598, 0.2860805646996798, 0.28608056416261696, 0.2860805640561186, 0.28608056402937554, 0.2860805640246189, 0.2860805640231039]}, "11": {"maxiter": 1000, "fatol": 1e-10, "xatol": 1e-10, "duration": 0.18882989883422852, "fun": "0.2860805640229489", "nit": "473", "nfev": "814", "status": "0", "success": "True", "message": "Optimization terminated successfully.", "x": "[1.37991374 7.13615829 3.2526393  2.80490713 0.47804286 2.4946545 ]", "final_simplex": "(array([[1.37991374, 7.13615829, 3.2526393 , 2.80490713, 0.47804286,\n        2.4946545 ],\n       [1.37991374, 7.13615829, 3.2526393 , 2.80490713, 0.47804286,\n        2.4946545 ],\n       [1.37991374, 7.13615829, 3.2526393 , 2.80490713, 0.47804286,\n        2.4946545 ],\n       [1.37991374, 7.13615829, 3.2526393 , 2.80490713, 0.47804286,\n        2.4946545 ],\n       [1.37991374, 7.13615829, 3.2526393 , 2.80490713, 0.47804286,\n        2.4946545 ],\n       [1.37991374, 7.13615829, 3.2526393 , 2.80490713, 0.47804286,\n        2.4946545 ],\n       [1.37991374, 7.13615829, 3.2526393 , 2.80490713, 0.47804286,\n        2.4946545 ]]), array([0.28608056, 0.28608056, 0.28608056, 0.28608056, 0.28608056,\n       0.28608056, 0.28608056]))", "callback": [0.7835742087414754, 0.7237057162809395, 0.6649709445815918, 0.5384037157196417, 0.43144900880695614, 0.33446590599100634, 0.3118720092524556, 0.3052502946607597, 0.30261662268723954, 0.3000283123344296, 0.29816852522149695, 0.2950239175915669, 0.2912889137012953, 0.29052967946221053, 0.289024641507875, 0.2887511893915595, 0.2886595564642921, 0.2885919677763532, 0.28847557803451596, 0.28826628135106924, 0.28801300220949777, 0.28770230884851944, 0.2871980884874007, 0.2866114273180771, 0.28624965845504313, 0.2861081963937844, 0.2860911395125817, 0.2860853788522726, 0.2860822090682382, 0.28608118647502523, 0.28608070270880126, 0.2860806132160736, 0.2860805704655699, 0.2860805669921598, 0.2860805646996798, 0.28608056416261696, 0.2860805640561186, 0.28608056402937554, 0.2860805640246189, 0.2860805640231039, 0.28608056402303517, 0.28608056402296533, 0.2860805640229518, 0.28608056402295, 0.2860805640229491, 0.2860805640229489, 0.2860805640229489]}}, "bfgs": {"type": "gradient", "0": {"maxiter": 100, "gtol": 1e-05, "xrtol": 1e-05, "eps": 1e-05, "duration": 0.07375431060791016, "fun": "0.286080564221865", "jac": "[ 6.17410567e-06 -6.77514711e-06 -4.91270358e-06 -1.69328995e-06\n -1.42873491e-06  3.62333497e-06]", "hess_inv": "[[ 3.03349883  0.26525836 -0.13712178  0.43106667 -0.92858817 -1.04715776]\n [ 0.26525836  2.58108545 -0.78828669 -0.03563051 -2.26311036 -2.76967229]\n [-0.13712178 -0.78828669  3.10158107 -0.29196748  2.06130715  1.9694466 ]\n [ 0.43106667 -0.03563051 -0.29196748  2.945531   -0.05137666 -0.14180967]\n [-0.92858817 -2.26311036  2.06130715 -0.05137666 30.73310277 30.06680827]\n [-1.04715776 -2.76967229  1.9694466  -0.14180967 30.06680827 32.51416863]]", "nfev": "315", "njev": "45", "status": "0", "success": "True", "message": "Optimization terminated successfully.", "x": "[1.37992472 7.13613779 3.25262357 2.80489955 0.47802162 2.49464206]", "nit": "34", "callback": [0.6496580471195296, 0.3050828325181467, 0.28658309072210986]}, "1": {"maxiter": 100, "gtol": 1e-05, "xrtol": 1e-05, "eps": 1e-10, "duration": 0.0755300521850586, "fun": "0.28608056408805205", "jac": "[ 2.22044587e-06 -4.44089173e-06 -3.33066880e-06 -3.33066880e-06\n  0.00000000e+00 -2.22044587e-06]", "hess_inv": "[[ 2.98653352  0.3496095  -0.16843077  0.44049192 -1.19612102 -1.3124424 ]\n [ 0.3496095   2.51658248 -0.7529161  -0.04214841 -2.30515933 -2.82738045]\n [-0.16843077 -0.7529161   3.06330061 -0.21992379  2.1965559   2.07555324]\n [ 0.44049192 -0.04214841 -0.21992379  2.76289177 -0.73403668 -0.8194621 ]\n [-1.19612102 -2.30515933  2.1965559  -0.73403668 30.48904219 29.9780062 ]\n [-1.3124424  -2.82738045  2.07555324 -0.8194621  29.9780062  32.58540989]]", "nfev": "322", "njev": "46", "status": "0", "success": "True", "message": "Optimization terminated successfully.", "x": "[1.37992128 7.13614136 3.25263791 2.80490057 0.47805511 2.49466585]", "nit": "36", "callback": [0.649660734938688, 0.3050841590497604, 0.2875139178253996]}, "2": {"maxiter": 100, "gtol": 1e-05, "xrtol": 1e-10, "eps": 1e-05, "duration": 0.0745999813079834, "fun": "0.286080564221865", "jac": "[ 6.17410567e-06 -6.77514711e-06 -4.91270358e-06 -1.69328995e-06\n -1.42873491e-06  3.62333497e-06]", "hess_inv": "[[ 3.03349883  0.26525836 -0.13712178  0.43106667 -0.92858817 -1.04715776]\n [ 0.26525836  2.58108545 -0.78828669 -0.03563051 -2.26311036 -2.76967229]\n [-0.13712178 -0.78828669  3.10158107 -0.29196748  2.06130715  1.9694466 ]\n [ 0.43106667 -0.03563051 -0.29196748  2.945531   -0.05137666 -0.14180967]\n [-0.92858817 -2.26311036  2.06130715 -0.05137666 30.73310277 30.06680827]\n [-1.04715776 -2.76967229  1.9694466  -0.14180967 30.06680827 32.51416863]]", "nfev": "315", "njev": "45", "status": "0", "success": "True", "message": "Optimization terminated successfully.", "x": "[1.37992472 7.13613779 3.25262357 2.80489955 0.47802162 2.49464206]", "nit": "34", "callback": [0.6496580471195296, 0.3050828325181467, 0.28658309072210986]}, "3": {"maxiter": 100, "gtol": 1e-05, "xrtol": 1e-10, "eps": 1e-10, "duration": 0.07513308525085449, "fun": "0.28608056408805205", "jac": "[ 2.22044587e-06 -4.44089173e-06 -3.33066880e-06 -3.33066880e-06\n  0.00000000e+00 -2.22044587e-06]", "hess_inv": "[[ 2.98653352  0.3496095  -0.16843077  0.44049192 -1.19612102 -1.3124424 ]\n [ 0.3496095   2.51658248 -0.7529161  -0.04214841 -2.30515933 -2.82738045]\n [-0.16843077 -0.7529161   3.06330061 -0.21992379  2.1965559   2.07555324]\n [ 0.44049192 -0.04214841 -0.21992379  2.76289177 -0.73403668 -0.8194621 ]\n [-1.19612102 -2.30515933  2.1965559  -0.73403668 30.48904219 29.9780062 ]\n [-1.3124424  -2.82738045  2.07555324 -0.8194621  29.9780062  32.58540989]]", "nfev": "322", "njev": "46", "status": "0", "success": "True", "message": "Optimization terminated successfully.", "x": "[1.37992128 7.13614136 3.25263791 2.80490057 0.47805511 2.49466585]", "nit": "36", "callback": [0.649660734938688, 0.3050841590497604, 0.2875139178253996]}, "4": {"maxiter": 100, "gtol": 1e-10, "xrtol": 1e-05, "eps": 1e-05, "duration": 0.12472987174987793, "fun": "0.2860805641972559", "jac": "[ 3.54494212e-07 -3.45790063e-06 -9.23183752e-07 -8.58801918e-07\n  1.78169701e-06 -1.47468704e-06]", "hess_inv": "[[ 2.9405548   0.0565453  -0.05843192  0.33762522 -0.58167085 -0.88124915]\n [ 0.0565453   3.28521457 -0.758272    0.12714482 -4.25446486 -4.83208979]\n [-0.05843192 -0.758272    3.05247603 -0.25727645  2.10646647  2.12479545]\n [ 0.33762522  0.12714482 -0.25727645  2.96422537 -0.56268913 -0.72562625]\n [-0.58167085 -4.25446486  2.10646647 -0.56268913 35.91218234 35.11903575]\n [-0.88124915 -4.83208979  2.12479545 -0.72562625 35.11903575 37.18147164]]", "nfev": "537", "njev": "75", "status": "2", "success": "False", "message": "Desired error not necessarily achieved due to precision loss.", "x": "[1.37991047 7.13615642 3.25262929 2.80490135 0.47795509 2.49456222]", "nit": "35", "callback": [0.6496580471195296, 0.3050828325181467, 0.28658309072210986]}, "5": {"maxiter": 100, "gtol": 1e-10, "xrtol": 1e-05, "eps": 1e-10, "duration": 0.07608985900878906, "fun": "0.28608056407393223", "jac": "[-1.11022293e-06 -2.22044587e-06 -1.11022293e-06  2.22044587e-06\n -1.11022293e-06  1.11022293e-06]", "hess_inv": "[[ 2.86416034  0.29816265  0.03164076  0.36434072 -0.08556308 -0.15849197]\n [ 0.29816265  2.71187359 -0.69205293  0.40787256 -1.86069705 -2.33894185]\n [ 0.03164076 -0.69205293  2.73868947 -0.14708503  0.38327544  0.18857107]\n [ 0.36434072  0.40787256 -0.14708503  3.78667546 -0.09278771 -0.09402553]\n [-0.08556308 -1.86069705  0.38327544 -0.09278771 20.41285345 19.50536255]\n [-0.15849197 -2.33894185  0.18857107 -0.09402553 19.50536255 21.7039776 ]]", "nfev": "329", "njev": "47", "status": "0", "success": "True", "message": "Optimization terminated successfully.", "x": "[1.37991721 7.1361466  3.25264382 2.80491348 0.47809132 2.49470433]", "nit": "37", "callback": [0.649660734938688, 0.3050841590497604, 0.2875139178253996]}, "6": {"maxiter": 100, "gtol": 1e-10, "xrtol": 1e-10, "eps": 1e-05, "duration": 0.1216270923614502, "fun": "0.2860805641972559", "jac": "[ 3.54494212e-07 -3.45790063e-06 -9.23183752e-07 -8.58801918e-07\n  1.78169701e-06 -1.47468704e-06]", "hess_inv": "[[ 2.9405548   0.0565453  -0.05843192  0.33762522 -0.58167085 -0.88124915]\n [ 0.0565453   3.28521457 -0.758272    0.12714482 -4.25446486 -4.83208979]\n [-0.05843192 -0.758272    3.05247603 -0.25727645  2.10646647  2.12479545]\n [ 0.33762522  0.12714482 -0.25727645  2.96422537 -0.56268913 -0.72562625]\n [-0.58167085 -4.25446486  2.10646647 -0.56268913 35.91218234 35.11903575]\n [-0.88124915 -4.83208979  2.12479545 -0.72562625 35.11903575 37.18147164]]", "nfev": "537", "njev": "75", "status": "2", "success": "False", "message": "Desired error not necessarily achieved due to precision loss.", "x": "[1.37991047 7.13615642 3.25262929 2.80490135 0.47795509 2.49456222]", "nit": "35", "callback": [0.6496580471195296, 0.3050828325181467, 0.28658309072210986]}, "7": {"maxiter": 100, "gtol": 1e-10, "xrtol": 1e-10, "eps": 1e-10, "duration": 0.08918499946594238, "fun": "0.2860805640718459", "jac": "[ 1.11022293e-06  1.11022293e-06  1.11022293e-06  1.11022293e-06\n  2.22044587e-06 -1.11022293e-06]", "hess_inv": "[[ 2.87968111  0.72835215  0.48632998 -0.09920348  3.46259646  3.21298136]\n [ 0.72835215  4.72634993  0.92744818 -1.61951486  7.72245541  6.10746613]\n [ 0.48632998  0.92744818  3.86788385 -1.67081881  5.66652516  4.4660369 ]\n [-0.09920348 -1.61951486 -1.67081881  5.59256784 -8.14035711 -6.97915291]\n [ 3.46259646  7.72245541  5.66652516 -8.14035711 32.00730268 24.42881394]\n [ 3.21298136  6.10746613  4.4660369  -6.97915291 24.42881394 20.54042177]]", "nfev": "392", "njev": "56", "status": "0", "success": "True", "message": "Optimization terminated successfully.", "x": "[1.37991913 7.13615157 3.25264638 2.8049096  0.47809469 2.49470418]", "nit": "39", "callback": [0.649660734938688, 0.3050841590497604, 0.2875139178253996]}, "8": {"maxiter": 500, "gtol": 1e-05, "xrtol": 1e-05, "eps": 1e-05, "duration": 0.07162714004516602, "fun": "0.286080564221865", "jac": "[ 6.17410567e-06 -6.77514711e-06 -4.91270358e-06 -1.69328995e-06\n -1.42873491e-06  3.62333497e-06]", "hess_inv": "[[ 3.03349883  0.26525836 -0.13712178  0.43106667 -0.92858817 -1.04715776]\n [ 0.26525836  2.58108545 -0.78828669 -0.03563051 -2.26311036 -2.76967229]\n [-0.13712178 -0.78828669  3.10158107 -0.29196748  2.06130715  1.9694466 ]\n [ 0.43106667 -0.03563051 -0.29196748  2.945531   -0.05137666 -0.14180967]\n [-0.92858817 -2.26311036  2.06130715 -0.05137666 30.73310277 30.06680827]\n [-1.04715776 -2.76967229  1.9694466  -0.14180967 30.06680827 32.51416863]]", "nfev": "315", "njev": "45", "status": "0", "success": "True", "message": "Optimization terminated successfully.", "x": "[1.37992472 7.13613779 3.25262357 2.80489955 0.47802162 2.49464206]", "nit": "34", "callback": [0.6496580471195296, 0.3050828325181467, 0.28658309072210986]}, "9": {"maxiter": 500, "gtol": 1e-05, "xrtol": 1e-05, "eps": 1e-10, "duration": 0.07359004020690918, "fun": "0.28608056408805205", "jac": "[ 2.22044587e-06 -4.44089173e-06 -3.33066880e-06 -3.33066880e-06\n  0.00000000e+00 -2.22044587e-06]", "hess_inv": "[[ 2.98653352  0.3496095  -0.16843077  0.44049192 -1.19612102 -1.3124424 ]\n [ 0.3496095   2.51658248 -0.7529161  -0.04214841 -2.30515933 -2.82738045]\n [-0.16843077 -0.7529161   3.06330061 -0.21992379  2.1965559   2.07555324]\n [ 0.44049192 -0.04214841 -0.21992379  2.76289177 -0.73403668 -0.8194621 ]\n [-1.19612102 -2.30515933  2.1965559  -0.73403668 30.48904219 29.9780062 ]\n [-1.3124424  -2.82738045  2.07555324 -0.8194621  29.9780062  32.58540989]]", "nfev": "322", "njev": "46", "status": "0", "success": "True", "message": "Optimization terminated successfully.", "x": "[1.37992128 7.13614136 3.25263791 2.80490057 0.47805511 2.49466585]", "nit": "36", "callback": [0.649660734938688, 0.3050841590497604, 0.2875139178253996]}, "10": {"maxiter": 500, "gtol": 1e-05, "xrtol": 1e-10, "eps": 1e-05, "duration": 0.07183623313903809, "fun": "0.286080564221865", "jac": "[ 6.17410567e-06 -6.77514711e-06 -4.91270358e-06 -1.69328995e-06\n -1.42873491e-06  3.62333497e-06]", "hess_inv": "[[ 3.03349883  0.26525836 -0.13712178  0.43106667 -0.92858817 -1.04715776]\n [ 0.26525836  2.58108545 -0.78828669 -0.03563051 -2.26311036 -2.76967229]\n [-0.13712178 -0.78828669  3.10158107 -0.29196748  2.06130715  1.9694466 ]\n [ 0.43106667 -0.03563051 -0.29196748  2.945531   -0.05137666 -0.14180967]\n [-0.92858817 -2.26311036  2.06130715 -0.05137666 30.73310277 30.06680827]\n [-1.04715776 -2.76967229  1.9694466  -0.14180967 30.06680827 32.51416863]]", "nfev": "315", "njev": "45", "status": "0", "success": "True", "message": "Optimization terminated successfully.", "x": "[1.37992472 7.13613779 3.25262357 2.80489955 0.47802162 2.49464206]", "nit": "34", "callback": [0.6496580471195296, 0.3050828325181467, 0.28658309072210986]}, "11": {"maxiter": 500, "gtol": 1e-05, "xrtol": 1e-10, "eps": 1e-10, "duration": 0.07326102256774902, "fun": "0.28608056408805205", "jac": "[ 2.22044587e-06 -4.44089173e-06 -3.33066880e-06 -3.33066880e-06\n  0.00000000e+00 -2.22044587e-06]", "hess_inv": "[[ 2.98653352  0.3496095  -0.16843077  0.44049192 -1.19612102 -1.3124424 ]\n [ 0.3496095   2.51658248 -0.7529161  -0.04214841 -2.30515933 -2.82738045]\n [-0.16843077 -0.7529161   3.06330061 -0.21992379  2.1965559   2.07555324]\n [ 0.44049192 -0.04214841 -0.21992379  2.76289177 -0.73403668 -0.8194621 ]\n [-1.19612102 -2.30515933  2.1965559  -0.73403668 30.48904219 29.9780062 ]\n [-1.3124424  -2.82738045  2.07555324 -0.8194621  29.9780062  32.58540989]]", "nfev": "322", "njev": "46", "status": "0", "success": "True", "message": "Optimization terminated successfully.", "x": "[1.37992128 7.13614136 3.25263791 2.80490057 0.47805511 2.49466585]", "nit": "36", "callback": [0.649660734938688, 0.3050841590497604, 0.2875139178253996]}, "12": {"maxiter": 500, "gtol": 1e-10, "xrtol": 1e-05, "eps": 1e-05, "duration": 0.1217961311340332, "fun": "0.2860805641972559", "jac": "[ 3.54494212e-07 -3.45790063e-06 -9.23183752e-07 -8.58801918e-07\n  1.78169701e-06 -1.47468704e-06]", "hess_inv": "[[ 2.9405548   0.0565453  -0.05843192  0.33762522 -0.58167085 -0.88124915]\n [ 0.0565453   3.28521457 -0.758272    0.12714482 -4.25446486 -4.83208979]\n [-0.05843192 -0.758272    3.05247603 -0.25727645  2.10646647  2.12479545]\n [ 0.33762522  0.12714482 -0.25727645  2.96422537 -0.56268913 -0.72562625]\n [-0.58167085 -4.25446486  2.10646647 -0.56268913 35.91218234 35.11903575]\n [-0.88124915 -4.83208979  2.12479545 -0.72562625 35.11903575 37.18147164]]", "nfev": "537", "njev": "75", "status": "2", "success": "False", "message": "Desired error not necessarily achieved due to precision loss.", "x": "[1.37991047 7.13615642 3.25262929 2.80490135 0.47795509 2.49456222]", "nit": "35", "callback": [0.6496580471195296, 0.3050828325181467, 0.28658309072210986]}, "13": {"maxiter": 500, "gtol": 1e-10, "xrtol": 1e-05, "eps": 1e-10, "duration": 0.07471418380737305, "fun": "0.28608056407393223", "jac": "[-1.11022293e-06 -2.22044587e-06 -1.11022293e-06  2.22044587e-06\n -1.11022293e-06  1.11022293e-06]", "hess_inv": "[[ 2.86416034  0.29816265  0.03164076  0.36434072 -0.08556308 -0.15849197]\n [ 0.29816265  2.71187359 -0.69205293  0.40787256 -1.86069705 -2.33894185]\n [ 0.03164076 -0.69205293  2.73868947 -0.14708503  0.38327544  0.18857107]\n [ 0.36434072  0.40787256 -0.14708503  3.78667546 -0.09278771 -0.09402553]\n [-0.08556308 -1.86069705  0.38327544 -0.09278771 20.41285345 19.50536255]\n [-0.15849197 -2.33894185  0.18857107 -0.09402553 19.50536255 21.7039776 ]]", "nfev": "329", "njev": "47", "status": "0", "success": "True", "message": "Optimization terminated successfully.", "x": "[1.37991721 7.1361466  3.25264382 2.80491348 0.47809132 2.49470433]", "nit": "37", "callback": [0.649660734938688, 0.3050841590497604, 0.2875139178253996]}, "14": {"maxiter": 500, "gtol": 1e-10, "xrtol": 1e-10, "eps": 1e-05, "duration": 0.12104392051696777, "fun": "0.2860805641972559", "jac": "[ 3.54494212e-07 -3.45790063e-06 -9.23183752e-07 -8.58801918e-07\n  1.78169701e-06 -1.47468704e-06]", "hess_inv": "[[ 2.9405548   0.0565453  -0.05843192  0.33762522 -0.58167085 -0.88124915]\n [ 0.0565453   3.28521457 -0.758272    0.12714482 -4.25446486 -4.83208979]\n [-0.05843192 -0.758272    3.05247603 -0.25727645  2.10646647  2.12479545]\n [ 0.33762522  0.12714482 -0.25727645  2.96422537 -0.56268913 -0.72562625]\n [-0.58167085 -4.25446486  2.10646647 -0.56268913 35.91218234 35.11903575]\n [-0.88124915 -4.83208979  2.12479545 -0.72562625 35.11903575 37.18147164]]", "nfev": "537", "njev": "75", "status": "2", "success": "False", "message": "Desired error not necessarily achieved due to precision loss.", "x": "[1.37991047 7.13615642 3.25262929 2.80490135 0.47795509 2.49456222]", "nit": "35", "callback": [0.6496580471195296, 0.3050828325181467, 0.28658309072210986]}, "15": {"maxiter": 500, "gtol": 1e-10, "xrtol": 1e-10, "eps": 1e-10, "duration": 0.09132909774780273, "fun": "0.2860805640718459", "jac": "[ 1.11022293e-06  1.11022293e-06  1.11022293e-06  1.11022293e-06\n  2.22044587e-06 -1.11022293e-06]", "hess_inv": "[[ 2.87968111  0.72835215  0.48632998 -0.09920348  3.46259646  3.21298136]\n [ 0.72835215  4.72634993  0.92744818 -1.61951486  7.72245541  6.10746613]\n [ 0.48632998  0.92744818  3.86788385 -1.67081881  5.66652516  4.4660369 ]\n [-0.09920348 -1.61951486 -1.67081881  5.59256784 -8.14035711 -6.97915291]\n [ 3.46259646  7.72245541  5.66652516 -8.14035711 32.00730268 24.42881394]\n [ 3.21298136  6.10746613  4.4660369  -6.97915291 24.42881394 20.54042177]]", "nfev": "392", "njev": "56", "status": "0", "success": "True", "message": "Optimization terminated successfully.", "x": "[1.37991913 7.13615157 3.25264638 2.8049096  0.47809469 2.49470418]", "nit": "39", "callback": [0.649660734938688, 0.3050841590497604, 0.2875139178253996]}, "16": {"maxiter": 1000, "gtol": 1e-05, "xrtol": 1e-05, "eps": 1e-05, "duration": 0.07139205932617188, "fun": "0.286080564221865", "jac": "[ 6.17410567e-06 -6.77514711e-06 -4.91270358e-06 -1.69328995e-06\n -1.42873491e-06  3.62333497e-06]", "hess_inv": "[[ 3.03349883  0.26525836 -0.13712178  0.43106667 -0.92858817 -1.04715776]\n [ 0.26525836  2.58108545 -0.78828669 -0.03563051 -2.26311036 -2.76967229]\n [-0.13712178 -0.78828669  3.10158107 -0.29196748  2.06130715  1.9694466 ]\n [ 0.43106667 -0.03563051 -0.29196748  2.945531   -0.05137666 -0.14180967]\n [-0.92858817 -2.26311036  2.06130715 -0.05137666 30.73310277 30.06680827]\n [-1.04715776 -2.76967229  1.9694466  -0.14180967 30.06680827 32.51416863]]", "nfev": "315", "njev": "45", "status": "0", "success": "True", "message": "Optimization terminated successfully.", "x": "[1.37992472 7.13613779 3.25262357 2.80489955 0.47802162 2.49464206]", "nit": "34", "callback": [0.6496580471195296, 0.3050828325181467, 0.28658309072210986]}, "17": {"maxiter": 1000, "gtol": 1e-05, "xrtol": 1e-05, "eps": 1e-10, "duration": 0.07353401184082031, "fun": "0.28608056408805205", "jac": "[ 2.22044587e-06 -4.44089173e-06 -3.33066880e-06 -3.33066880e-06\n  0.00000000e+00 -2.22044587e-06]", "hess_inv": "[[ 2.98653352  0.3496095  -0.16843077  0.44049192 -1.19612102 -1.3124424 ]\n [ 0.3496095   2.51658248 -0.7529161  -0.04214841 -2.30515933 -2.82738045]\n [-0.16843077 -0.7529161   3.06330061 -0.21992379  2.1965559   2.07555324]\n [ 0.44049192 -0.04214841 -0.21992379  2.76289177 -0.73403668 -0.8194621 ]\n [-1.19612102 -2.30515933  2.1965559  -0.73403668 30.48904219 29.9780062 ]\n [-1.312