{"date": "2024/10/08/, 20:55:23", "conf_id": 29, "data_type": "random\n", "num_data_points": 2, "s_rank": 0, "unitary": "[[-0.24866696+0.58742286j,-0.44704345-0.43151574j,-0.35669027-0.20570733j,-0.10517633+0.1626036j],[0.10596805-0.19687975j,-0.30269685-0.15056416j,0.18246286+0.30440582j,-0.83484447-0.11310748j],[0.26054512-0.52548482j,0.0285017-0.50723956j,-0.43110112+0.17165838j,0.15243271+0.39915801j],[0.42978035+0.11991271j,-0.17224126-0.46030424j,0.6827807-0.15164662j,0.26483638+0.0061855j]]", "databatch_0": {"databatch": "[[[0.06621507-0.17891075j,0.01002237-0.02748951j,0.04498151-0.00305015j,-0.01166769-0.0968063j],[-0.2486384+0.67273031j,-0.01033233+0.1390138j,-0.1499171-0.02749768j,0.06387079+0.40707889j],[0.17861093+0.18060205j,-0.00914861+0.07266497j,0.03328978+0.06841132j,0.07501052+0.0783763j],[-0.02078083+0.16423466j,-0.05826693-0.17434476j,-0.18683896+0.14523209j,0.01853125-0.13923474j]],[[-0.07384579-0.03203949j,-0.24369597+0.0961282j,0.30072282+0.2981178j,0.04047496+0.09338703j],[-0.07108637+0.09320717j,-0.05219237+0.27686544j,0.38808347-0.09640143j,-0.04054691-0.0512136j],[0.03481192-0.01037106j,-0.08688432-0.06527719j,-0.0632813+0.22358243j,-0.16161798+0.13110296j],[-0.0533935+0.01801996j,-0.02305813+0.27301546j,0.46598273-0.13455987j,0.21048993+0.09852648j]]]", "initial param values": "[3.17466261,2.9335952,4.3280441,6.03491218,1.10332662,0.51619128]", "nelder_mead": {"type": "gradient-free", "0": {"maxiter": 100, "fatol": 1e-05, "xatol": 1e-05, "duration": 0.04205822944641113, "fun": "0.4612778397910192", "nit": "100", "nfev": "171", "status": "2", "success": "False", "message": "Maximum number of iterations has been exceeded.", "x": "[ 6.20432591  2.38490298 -1.34657752  4.85375732  1.62863336  0.70883614]", "final_simplex": "(array([[ 6.20432591,  2.38490298, -1.34657752,  4.85375732,  1.62863336,\n         0.70883614],\n       [ 6.1907525 ,  2.37603767, -1.33530769,  4.86723773,  1.63050495,\n         0.70793229],\n       [ 6.20801375,  2.37529277, -1.36672677,  4.86144296,  1.63055144,\n         0.70901274],\n       [ 6.18952726,  2.37917255, -1.33984418,  4.87118715,  1.62713219,\n         0.70772933],\n       [ 6.20672906,  2.37775861, -1.36493889,  4.86200453,  1.62866574,\n         0.70875735],\n       [ 6.20968796,  2.39220148, -1.35334856,  4.85217908,  1.62111949,\n         0.70827497],\n       [ 6.1871613 ,  2.38966489, -1.32147942,  4.86570247,  1.6213778 ,\n         0.70720865]]), array([0.46127784, 0.46145654, 0.46166458, 0.46170266, 0.46170707,\n       0.46176545, 0.46182857]))", "callback": [0.8500297823562007, 0.7811590233063285, 0.6708550104338403, 0.6708550104338403, 0.6708550104338403, 0.521002465170829, 0.46440474930144204, 0.46239313637935964, 0.4620454204505302, 0.4618285672849032]}, "1": {"maxiter": 100, "fatol": 1e-05, "xatol": 1e-10, "duration": 0.048002004623413086, "fun": "0.4612778397910192", "nit": "100", "nfev": "171", "status": "2", "success": "False", "message": "Maximum number of iterations has been exceeded.", "x": "[ 6.20432591  2.38490298 -1.34657752  4.85375732  1.62863336  0.70883614]", "final_simplex": "(array([[ 6.20432591,  2.38490298, -1.34657752,  4.85375732,  1.62863336,\n         0.70883614],\n       [ 6.1907525 ,  2.37603767, -1.33530769,  4.86723773,  1.63050495,\n         0.70793229],\n       [ 6.20801375,  2.37529277, -1.36672677,  4.86144296,  1.63055144,\n         0.70901274],\n       [ 6.18952726,  2.37917255, -1.33984418,  4.87118715,  1.62713219,\n         0.70772933],\n       [ 6.20672906,  2.37775861, -1.36493889,  4.86200453,  1.62866574,\n         0.70875735],\n       [ 6.20968796,  2.39220148, -1.35334856,  4.85217908,  1.62111949,\n         0.70827497],\n       [ 6.1871613 ,  2.38966489, -1.32147942,  4.86570247,  1.6213778 ,\n         0.70720865]]), array([0.46127784, 0.46145654, 0.46166458, 0.46170266, 0.46170707,\n       0.46176545, 0.46182857]))", "callback": [0.8500297823562007, 0.7811590233063285, 0.6708550104338403, 0.6708550104338403, 0.6708550104338403, 0.521002465170829, 0.46440474930144204, 0.46239313637935964, 0.4620454204505302, 0.4618285672849032]}, "2": {"maxiter": 100, "fatol": 1e-10, "xatol": 1e-05, "duration": 0.053369998931884766, "fun": "0.4612778397910192", "nit": "100", "nfev": "171", "status": "2", "success": "False", "message": "Maximum number of iterations has been exceeded.", "x": "[ 6.20432591  2.38490298 -1.34657752  4.85375732  1.62863336  0.70883614]", "final_simplex": "(array([[ 6.20432591,  2.38490298, -1.34657752,  4.85375732,  1.62863336,\n         0.70883614],\n       [ 6.1907525 ,  2.37603767, -1.33530769,  4.86723773,  1.63050495,\n         0.70793229],\n       [ 6.20801375,  2.37529277, -1.36672677,  4.86144296,  1.63055144,\n         0.70901274],\n       [ 6.18952726,  2.37917255, -1.33984418,  4.87118715,  1.62713219,\n         0.70772933],\n       [ 6.20672906,  2.37775861, -1.36493889,  4.86200453,  1.62866574,\n         0.70875735],\n       [ 6.20968796,  2.39220148, -1.35334856,  4.85217908,  1.62111949,\n         0.70827497],\n       [ 6.1871613 ,  2.38966489, -1.32147942,  4.86570247,  1.6213778 ,\n         0.70720865]]), array([0.46127784, 0.46145654, 0.46166458, 0.46170266, 0.46170707,\n       0.46176545, 0.46182857]))", "callback": [0.8500297823562007, 0.7811590233063285, 0.6708550104338403, 0.6708550104338403, 0.6708550104338403, 0.521002465170829, 0.46440474930144204, 0.46239313637935964, 0.4620454204505302, 0.4618285672849032]}, "3": {"maxiter": 100, "fatol": 1e-10, "xatol": 1e-10, "duration": 0.05240774154663086, "fun": "0.4612778397910192", "nit": "100", "nfev": "171", "status": "2", "success": "False", "message": "Maximum number of iterations has been exceeded.", "x": "[ 6.20432591  2.38490298 -1.34657752  4.85375732  1.62863336  0.70883614]", "final_simplex": "(array([[ 6.20432591,  2.38490298, -1.34657752,  4.85375732,  1.62863336,\n         0.70883614],\n       [ 6.1907525 ,  2.37603767, -1.33530769,  4.86723773,  1.63050495,\n         0.70793229],\n       [ 6.20801375,  2.37529277, -1.36672677,  4.86144296,  1.63055144,\n         0.70901274],\n       [ 6.18952726,  2.37917255, -1.33984418,  4.87118715,  1.62713219,\n         0.70772933],\n       [ 6.20672906,  2.37775861, -1.36493889,  4.86200453,  1.62866574,\n         0.70875735],\n       [ 6.20968796,  2.39220148, -1.35334856,  4.85217908,  1.62111949,\n         0.70827497],\n       [ 6.1871613 ,  2.38966489, -1.32147942,  4.86570247,  1.6213778 ,\n         0.70720865]]), array([0.46127784, 0.46145654, 0.46166458, 0.46170266, 0.46170707,\n       0.46176545, 0.46182857]))", "callback": [0.8500297823562007, 0.7811590233063285, 0.6708550104338403, 0.6708550104338403, 0.6708550104338403, 0.521002465170829, 0.46440474930144204, 0.46239313637935964, 0.4620454204505302, 0.4618285672849032]}, "4": {"maxiter": 500, "fatol": 1e-05, "xatol": 1e-05, "duration": 0.2322978973388672, "fun": "0.379688426172871", "nit": "500", "nfev": "807", "status": "2", "success": "False", "message": "Maximum number of iterations has been exceeded.", "x": "[ 5.67219935  3.37671084 -2.61048439  4.75810751  2.04631032  0.7452289 ]", "final_simplex": "(array([[ 5.67219935,  3.37671084, -2.61048439,  4.75810751,  2.04631032,\n         0.7452289 ],\n       [ 5.67204309,  3.37675611, -2.61043117,  4.75813111,  2.04652951,\n         0.7453087 ],\n       [ 5.67201051,  3.37664212, -2.61029648,  4.75808126,  2.04642989,\n         0.74517911],\n       [ 5.67209085,  3.37664248, -2.61047639,  4.758012  ,  2.04657359,\n         0.74524406],\n       [ 5.67212938,  3.37650296, -2.61029542,  4.75815167,  2.04647931,\n         0.74526701],\n       [ 5.67211258,  3.37677853, -2.61046187,  4.75812872,  2.04639448,\n         0.7452702 ],\n       [ 5.6718758 ,  3.37653068, -2.61028619,  4.75837453,  2.04656218,\n         0.7453016 ]]), array([0.37968843, 0.37968843, 0.37968843, 0.37968843, 0.37968844,\n       0.37968844, 0.37968844]))", "callback": [0.8500297823562007, 0.7811590233063285, 0.6708550104338403, 0.6708550104338403, 0.6708550104338403, 0.521002465170829, 0.46440474930144204, 0.46239313637935964, 0.4620454204505302, 0.4618285672849032, 0.4612778397910192, 0.45823932643970844, 0.45120622383692055, 0.4504680620595669, 0.4502644966844661, 0.45018886248447765, 0.4501062311864409, 0.4496979273928602, 0.44835393987921224, 0.439172077989214, 0.4052132305258953, 0.39676556763605575, 0.3846560760056328, 0.3819865268865974, 0.38159497121084485, 0.38147871205698847, 0.38146811853930473, 0.381465839449195, 0.3814653266922159, 0.3814652387442573, 0.3814651945005523, 0.3814650687133321, 0.3814643539471201, 0.38146173246030957, 0.3814524277393945, 0.3814283852496707, 0.3814119671924411, 0.3813870839710456, 0.38129415345329076, 0.3811281893939862, 0.38057089212138573, 0.3799882472226326, 0.3798125063911433, 0.3796958311352978, 0.37969227952577955, 0.3796892389941182, 0.3796885950087021, 0.3796884930859602, 0.3796884494582019, 0.37968844142357216]}, "5": {"maxiter": 500, "fatol": 1e-05, "xatol": 1e-10, "duration": 0.2219088077545166, "fun": "0.379688426172871", "nit": "500", "nfev": "807", "status": "2", "success": "False", "message": "Maximum number of iterations has been exceeded.", "x": "[ 5.67219935  3.37671084 -2.61048439  4.75810751  2.04631032  0.7452289 ]", "final_simplex": "(array([[ 5.67219935,  3.37671084, -2.61048439,  4.75810751,  2.04631032,\n         0.7452289 ],\n       [ 5.67204309,  3.37675611, -2.61043117,  4.75813111,  2.04652951,\n         0.7453087 ],\n       [ 5.67201051,  3.37664212, -2.61029648,  4.75808126,  2.04642989,\n         0.74517911],\n       [ 5.67209085,  3.37664248, -2.61047639,  4.758012  ,  2.04657359,\n         0.74524406],\n       [ 5.67212938,  3.37650296, -2.61029542,  4.75815167,  2.04647931,\n         0.74526701],\n       [ 5.67211258,  3.37677853, -2.61046187,  4.75812872,  2.04639448,\n         0.7452702 ],\n       [ 5.6718758 ,  3.37653068, -2.61028619,  4.75837453,  2.04656218,\n         0.7453016 ]]), array([0.37968843, 0.37968843, 0.37968843, 0.37968843, 0.37968844,\n       0.37968844, 0.37968844]))", "callback": [0.8500297823562007, 0.7811590233063285, 0.6708550104338403, 0.6708550104338403, 0.6708550104338403, 0.521002465170829, 0.46440474930144204, 0.46239313637935964, 0.4620454204505302, 0.4618285672849032, 0.4612778397910192, 0.45823932643970844, 0.45120622383692055, 0.4504680620595669, 0.4502644966844661, 0.45018886248447765, 0.4501062311864409, 0.4496979273928602, 0.44835393987921224, 0.439172077989214, 0.4052132305258953, 0.39676556763605575, 0.3846560760056328, 0.3819865268865974, 0.38159497121084485, 0.38147871205698847, 0.38146811853930473, 0.381465839449195, 0.3814653266922159, 0.3814652387442573, 0.3814651945005523, 0.3814650687133321, 0.3814643539471201, 0.38146173246030957, 0.3814524277393945, 0.3814283852496707, 0.3814119671924411, 0.3813870839710456, 0.38129415345329076, 0.3811281893939862, 0.38057089212138573, 0.3799882472226326, 0.3798125063911433, 0.3796958311352978, 0.37969227952577955, 0.3796892389941182, 0.3796885950087021, 0.3796884930859602, 0.3796884494582019, 0.37968844142357216]}, "6": {"maxiter": 500, "fatol": 1e-10, "xatol": 1e-05, "duration": 0.2206568717956543, "fun": "0.379688426172871", "nit": "500", "nfev": "807", "status": "2", "success": "False", "message": "Maximum number of iterations has been exceeded.", "x": "[ 5.67219935  3.37671084 -2.61048439  4.75810751  2.04631032  0.7452289 ]", "final_simplex": "(array([[ 5.67219935,  3.37671084, -2.61048439,  4.75810751,  2.04631032,\n         0.7452289 ],\n       [ 5.67204309,  3.37675611, -2.61043117,  4.75813111,  2.04652951,\n         0.7453087 ],\n       [ 5.67201051,  3.37664212, -2.61029648,  4.75808126,  2.04642989,\n         0.74517911],\n       [ 5.67209085,  3.37664248, -2.61047639,  4.758012  ,  2.04657359,\n         0.74524406],\n       [ 5.67212938,  3.37650296, -2.61029542,  4.75815167,  2.04647931,\n         0.74526701],\n       [ 5.67211258,  3.37677853, -2.61046187,  4.75812872,  2.04639448,\n         0.7452702 ],\n       [ 5.6718758 ,  3.37653068, -2.61028619,  4.75837453,  2.04656218,\n         0.7453016 ]]), array([0.37968843, 0.37968843, 0.37968843, 0.37968843, 0.37968844,\n       0.37968844, 0.37968844]))", "callback": [0.8500297823562007, 0.7811590233063285, 0.6708550104338403, 0.6708550104338403, 0.6708550104338403, 0.521002465170829, 0.46440474930144204, 0.46239313637935964, 0.4620454204505302, 0.4618285672849032, 0.4612778397910192, 0.45823932643970844, 0.45120622383692055, 0.4504680620595669, 0.4502644966844661, 0.45018886248447765, 0.4501062311864409, 0.4496979273928602, 0.44835393987921224, 0.439172077989214, 0.4052132305258953, 0.39676556763605575, 0.3846560760056328, 0.3819865268865974, 0.38159497121084485, 0.38147871205698847, 0.38146811853930473, 0.381465839449195, 0.3814653266922159, 0.3814652387442573, 0.3814651945005523, 0.3814650687133321, 0.3814643539471201, 0.38146173246030957, 0.3814524277393945, 0.3814283852496707, 0.3814119671924411, 0.3813870839710456, 0.38129415345329076, 0.3811281893939862, 0.38057089212138573, 0.3799882472226326, 0.3798125063911433, 0.3796958311352978, 0.37969227952577955, 0.3796892389941182, 0.3796885950087021, 0.3796884930859602, 0.3796884494582019, 0.37968844142357216]}, "7": {"maxiter": 500, "fatol": 1e-10, "xatol": 1e-10, "duration": 0.22271394729614258, "fun": "0.379688426172871", "nit": "500", "nfev": "807", "status": "2", "success": "False", "message": "Maximum number of iterations has been exceeded.", "x": "[ 5.67219935  3.37671084 -2.61048439  4.75810751  2.04631032  0.7452289 ]", "final_simplex": "(array([[ 5.67219935,  3.37671084, -2.61048439,  4.75810751,  2.04631032,\n         0.7452289 ],\n       [ 5.67204309,  3.37675611, -2.61043117,  4.75813111,  2.04652951,\n         0.7453087 ],\n       [ 5.67201051,  3.37664212, -2.61029648,  4.75808126,  2.04642989,\n         0.74517911],\n       [ 5.67209085,  3.37664248, -2.61047639,  4.758012  ,  2.04657359,\n         0.74524406],\n       [ 5.67212938,  3.37650296, -2.61029542,  4.75815167,  2.04647931,\n         0.74526701],\n       [ 5.67211258,  3.37677853, -2.61046187,  4.75812872,  2.04639448,\n         0.7452702 ],\n       [ 5.6718758 ,  3.37653068, -2.61028619,  4.75837453,  2.04656218,\n         0.7453016 ]]), array([0.37968843, 0.37968843, 0.37968843, 0.37968843, 0.37968844,\n       0.37968844, 0.37968844]))", "callback": [0.8500297823562007, 0.7811590233063285, 0.6708550104338403, 0.6708550104338403, 0.6708550104338403, 0.521002465170829, 0.46440474930144204, 0.46239313637935964, 0.4620454204505302, 0.4618285672849032, 0.4612778397910192, 0.45823932643970844, 0.45120622383692055, 0.4504680620595669, 0.4502644966844661, 0.45018886248447765, 0.4501062311864409, 0.4496979273928602, 0.44835393987921224, 0.439172077989214, 0.4052132305258953, 0.39676556763605575, 0.3846560760056328, 0.3819865268865974, 0.38159497121084485, 0.38147871205698847, 0.38146811853930473, 0.381465839449195, 0.3814653266922159, 0.3814652387442573, 0.3814651945005523, 0.3814650687133321, 0.3814643539471201, 0.38146173246030957, 0.3814524277393945, 0.3814283852496707, 0.3814119671924411, 0.3813870839710456, 0.38129415345329076, 0.3811281893939862, 0.38057089212138573, 0.3799882472226326, 0.3798125063911433, 0.3796958311352978, 0.37969227952577955, 0.3796892389941182, 0.3796885950087021, 0.3796884930859602, 0.3796884494582019, 0.37968844142357216]}, "8": {"maxiter": 1000, "fatol": 1e-05, "xatol": 1e-05, "duration": 0.4330577850341797, "fun": "0.2663499695662187", "nit": "1000", "nfev": "1550", "status": "2", "success": "False", "message": "Maximum number of iterations has been exceeded.", "x": "[ 5.40031589  2.12709677 -2.18113966  4.36094145  1.64266141  1.81397729]", "final_simplex": "(array([[ 5.40031589,  2.12709677, -2.18113966,  4.36094145,  1.64266141,\n         1.81397729],\n       [ 5.40031413,  2.12706209, -2.18110947,  4.36087556,  1.64268406,\n         1.81398011],\n       [ 5.40034476,  2.12706234, -2.18114905,  4.36091901,  1.64271568,\n         1.81397799],\n       [ 5.4003437 ,  2.12704674, -2.18107334,  4.36092927,  1.64266652,\n         1.81396791],\n       [ 5.40031413,  2.1270981 , -2.18117521,  4.36090043,  1.64264441,\n         1.81391851],\n       [ 5.40036452,  2.12711455, -2.1811974 ,  4.36092449,  1.64266065,\n         1.81400326],\n       [ 5.40032558,  2.12703872, -2.18118883,  4.36094691,  1.64265341,\n         1.81400658]]), array([0.26634997, 0.26634997, 0.26634997, 0.26634997, 0.26634997,\n       0.26634997, 0.26634997]))", "callback": [0.8500297823562007, 0.7811590233063285, 0.6708550104338403, 0.6708550104338403, 0.6708550104338403, 0.521002465170829, 0.46440474930144204, 0.46239313637935964, 0.4620454204505302, 0.4618285672849032, 0.4612778397910192, 0.45823932643970844, 0.45120622383692055, 0.4504680620595669, 0.4502644966844661, 0.45018886248447765, 0.4501062311864409, 0.4496979273928602, 0.44835393987921224, 0.439172077989214, 0.4052132305258953, 0.39676556763605575, 0.3846560760056328, 0.3819865268865974, 0.38159497121084485, 0.38147871205698847, 0.38146811853930473, 0.381465839449195, 0.3814653266922159, 0.3814652387442573, 0.3814651945005523, 0.3814650687133321, 0.3814643539471201, 0.38146173246030957, 0.3814524277393945, 0.3814283852496707, 0.3814119671924411, 0.3813870839710456, 0.38129415345329076, 0.3811281893939862, 0.38057089212138573, 0.3799882472226326, 0.3798125063911433, 0.3796958311352978, 0.37969227952577955, 0.3796892389941182, 0.3796885950087021, 0.3796884930859602, 0.3796884494582019, 0.37968844142357216, 0.3796884245372216, 0.3796883735653137, 0.3796883371210724, 0.3796882262264658, 0.3796879381571643, 0.3796874994250028, 0.37968690098485003, 0.37968523830694956, 0.37968270387575487, 0.37967790230083687, 0.3796741257544777, 0.37966622557393914, 0.3796423831048569, 0.37958949041529855, 0.3794794790055984, 0.3792260851703284, 0.37842289612241087, 0.377827695941821, 0.37703647786364713, 0.3749073669315497, 0.3698181628321886, 0.35702843889125835, 0.34424427018549075, 0.30060490487896574, 0.278559641846597, 0.27620081927813234, 0.2732242800219966, 0.2716728989152807, 0.268488423040931, 0.2680838650962446, 0.26753693121253075, 0.2672241163743281, 0.2668966130561756, 0.266737194074514, 0.26655890071747024, 0.2664860818407945, 0.2664362241299446, 0.2663848005300349, 0.2663672571504071, 0.26635257223664255, 0.26635257223664255, 0.2663507999195398, 0.2663504545772325, 0.26635027742306916, 0.2663500957604902, 0.2663500105558856, 0.26634999375018, 0.26634998360463347, 0.26634997217408285, 0.2663499704391963]}, "9": {"maxiter": 1000, "fatol": 1e-05, "xatol": 1e-10, "duration": 0.44081807136535645, "fun": "0.2663499695662187", "nit": "1000", "nfev": "1550", "status": "2", "success": "False", "message": "Maximum number of iterations has been exceeded.", "x": "[ 5.40031589  2.12709677 -2.18113966  4.36094145  1.64266141  1.81397729]", "final_simplex": "(array([[ 5.40031589,  2.12709677, -2.18113966,  4.36094145,  1.64266141,\n         1.81397729],\n       [ 5.40031413,  2.12706209, -2.18110947,  4.36087556,  1.64268406,\n         1.81398011],\n       [ 5.40034476,  2.12706234, -2.18114905,  4.36091901,  1.64271568,\n         1.81397799],\n       [ 5.4003437 ,  2.12704674, -2.18107334,  4.36092927,  1.64266652,\n         1.81396791],\n       [ 5.40031413,  2.1270981 , -2.18117521,  4.36090043,  1.64264441,\n         1.81391851],\n       [ 5.40036452,  2.12711455, -2.1811974 ,  4.36092449,  1.64266065,\n         1.81400326],\n       [ 5.40032558,  2.12703872, -2.18118883,  4.36094691,  1.64265341,\n         1.81400658]]), array([0.26634997, 0.26634997, 0.26634997, 0.26634997, 0.26634997,\n       0.26634997, 0.26634997]))", "callback": [0.8500297823562007, 0.7811590233063285, 0.6708550104338403, 0.6708550104338403, 0.6708550104338403, 0.521002465170829, 0.46440474930144204, 0.46239313637935964, 0.4620454204505302, 0.4618285672849032, 0.4612778397910192, 0.45823932643970844, 0.45120622383692055, 0.4504680620595669, 0.4502644966844661, 0.45018886248447765, 0.4501062311864409, 0.4496979273928602, 0.44835393987921224, 0.439172077989214, 0.4052132305258953, 0.39676556763605575, 0.3846560760056328, 0.3819865268865974, 0.38159497121084485, 0.38147871205698847, 0.38146811853930473, 0.381465839449195, 0.3814653266922159, 0.3814652387442573, 0.3814651945005523, 0.3814650687133321, 0.3814643539471201, 0.38146173246030957, 0.3814524277393945, 0.3814283852496707, 0.3814119671924411, 0.3813870839710456, 0.38129415345329076, 0.3811281893939862, 0.38057089212138573, 0.3799882472226326, 0.3798125063911433, 0.3796958311352978, 0.37969227952577955, 0.3796892389941182, 0.3796885950087021, 0.3796884930859602, 0.3796884494582019, 0.37968844142357216, 0.3796884245372216, 0.3796883735653137, 0.3796883371210724, 0.3796882262264658, 0.3796879381571643, 0.3796874994250028, 0.37968690098485003, 0.37968523830694956, 0.37968270387575487, 0.37967790230083687, 0.3796741257544777, 0.37966622557393914, 0.3796423831048569, 0.37958949041529855, 0.3794794790055984, 0.3792260851703284, 0.37842289612241087, 0.377827695941821, 0.37703647786364713, 0.3749073669315497, 0.3698181628321886, 0.35702843889125835, 0.34424427018549075, 0.30060490487896574, 0.278559641846597, 0.27620081927813234, 0.2732242800219966, 0.2716728989152807, 0.268488423040931, 0.2680838650962446, 0.26753693121253075, 0.2672241163743281, 0.2668966130561756, 0.266737194074514, 0.26655890071747024, 0.2664860818407945, 0.2664362241299446, 0.2663848005300349, 0.2663672571504071, 0.26635257223664255, 0.26635257223664255, 0.2663507999195398, 0.2663504545772325, 0.26635027742306916, 0.2663500957604902, 0.2663500105558856, 0.26634999375018, 0.26634998360463347, 0.26634997217408285, 0.2663499704391963]}, "10": {"maxiter": 1000, "fatol": 1e-10, "xatol": 1e-05, "duration": 0.43653416633605957, "fun": "0.2663499695662187", "nit": "1000", "nfev": "1550", "status": "2", "success": "False", "message": "Maximum number of iterations has been exceeded.", "x": "[ 5.40031589  2.12709677 -2.18113966  4.36094145  1.64266141  1.81397729]", "final_simplex": "(array([[ 5.40031589,  2.12709677, -2.18113966,  4.36094145,  1.64266141,\n         1.81397729],\n       [ 5.40031413,  2.12706209, -2.18110947,  4.36087556,  1.64268406,\n         1.81398011],\n       [ 5.40034476,  2.12706234, -2.18114905,  4.36091901,  1.64271568,\n         1.81397799],\n       [ 5.4003437 ,  2.12704674, -2.18107334,  4.36092927,  1.64266652,\n         1.81396791],\n       [ 5.40031413,  2.1270981 , -2.18117521,  4.36090043,  1.64264441,\n         1.81391851],\n       [ 5.40036452,  2.12711455, -2.1811974 ,  4.36092449,  1.64266065,\n         1.81400326],\n       [ 5.40032558,  2.12703872, -2.18118883,  4.36094691,  1.64265341,\n         1.81400658]]), array([0.26634997, 0.26634997, 0.26634997, 0.26634997, 0.26634997,\n       0.26634997, 0.26634997]))", "callback": [0.8500297823562007, 0.7811590233063285, 0.6708550104338403, 0.6708550104338403, 0.6708550104338403, 0.521002465170829, 0.46440474930144204, 0.46239313637935964, 0.4620454204505302, 0.4618285672849032, 0.4612778397910192, 0.45823932643970844, 0.45120622383692055, 0.4504680620595669, 0.4502644966844661, 0.45018886248447765, 0.4501062311864409, 0.4496979273928602, 0.44835393987921224, 0.439172077989214, 0.4052132305258953, 0.39676556763605575, 0.3846560760056328, 0.3819865268865974, 0.38159497121084485, 0.38147871205698847, 0.38146811853930473, 0.381465839449195, 0.3814653266922159, 0.3814652387442573, 0.3814651945005523, 0.3814650687133321, 0.3814643539471201, 0.38146173246030957, 0.3814524277393945, 0.3814283852496707, 0.3814119671924411, 0.3813870839710456, 0.38129415345329076, 0.3811281893939862, 0.38057089212138573, 0.3799882472226326, 0.3798125063911433, 0.3796958311352978, 0.37969227952577955, 0.3796892389941182, 0.3796885950087021, 0.3796884930859602, 0.3796884494582019, 0.37968844142357216, 0.3796884245372216, 0.3796883735653137, 0.3796883371210724, 0.3796882262264658, 0.3796879381571643, 0.3796874994250028, 0.37968690098485003, 0.37968523830694956, 0.37968270387575487, 0.37967790230083687, 0.3796741257544777, 0.37966622557393914, 0.3796423831048569, 0.37958949041529855, 0.3794794790055984, 0.3792260851703284, 0.37842289612241087, 0.377827695941821, 0.37703647786364713, 0.3749073669315497, 0.3698181628321886, 0.35702843889125835, 0.34424427018549075, 0.30060490487896574, 0.278559641846597, 0.27620081927813234, 0.2732242800219966, 0.2716728989152807, 0.268488423040931, 0.2680838650962446, 0.26753693121253075, 0.2672241163743281, 0.2668966130561756, 0.266737194074514, 0.26655890071747024, 0.2664860818407945, 0.2664362241299446, 0.2663848005300349, 0.2663672571504071, 0.26635257223664255, 0.26635257223664255, 0.2663507999195398, 0.2663504545772325, 0.26635027742306916, 0.2663500957604902, 0.2663500105558856, 0.26634999375018, 0.26634998360463347, 0.26634997217408285, 0.2663499704391963]}, "11": {"maxiter": 1000, "fatol": 1e-10, "xatol": 1e-10, "duration": 0.4286611080169678, "fun": "0.2663499695662187", "nit": "1000", "nfev": "1550", "status": "2", "success": "False", "message": "Maximum number of iterations has been exceeded.", "x": "[ 5.40031589  2.12709677 -2.18113966  4.36094145  1.64266141  1.81397729]", "final_simplex": "(array([[ 5.40031589,  2.12709677, -2.18113966,  4.36094145,  1.64266141,\n         1.81397729],\n       [ 5.40031413,  2.12706209, -2.18110947,  4.36087556,  1.64268406,\n         1.81398011],\n       [ 5.40034476,  2.12706234, -2.18114905,  4.36091901,  1.64271568,\n         1.81397799],\n       [ 5.4003437 ,  2.12704674, -2.18107334,  4.36092927,  1.64266652,\n         1.81396791],\n       [ 5.40031413,  2.1270981 , -2.18117521,  4.36090043,  1.64264441,\n         1.81391851],\n       [ 5.40036452,  2.12711455, -2.1811974 ,  4.36092449,  1.64266065,\n         1.81400326],\n       [ 5.40032558,  2.12703872, -2.18118883,  4.36094691,  1.64265341,\n         1.81400658]]), array([0.26634997, 0.26634997, 0.26634997, 0.26634997, 0.26634997,\n       0.26634997, 0.26634997]))", "callback": [0.8500297823562007, 0.7811590233063285, 0.6708550104338403, 0.6708550104338403, 0.6708550104338403, 0.521002465170829, 0.46440474930144204, 0.46239313637935964, 0.4620454204505302, 0.4618285672849032, 0.4612778397910192, 0.45823932643970844, 0.45120622383692055, 0.4504680620595669, 0.4502644966844661, 0.45018886248447765, 0.4501062311864409, 0.4496979273928602, 0.44835393987921224, 0.439172077989214, 0.4052132305258953, 0.39676556763605575, 0.3846560760056328, 0.3819865268865974, 0.38159497121084485, 0.38147871205698847, 0.38146811853930473, 0.381465839449195, 0.3814653266922159, 0.3814652387442573, 0.3814651945005523, 0.3814650687133321, 0.3814643539471201, 0.38146173246030957, 0.3814524277393945, 0.3814283852496707, 0.3814119671924411, 0.3813870839710456, 0.38129415345329076, 0.3811281893939862, 0.38057089212138573, 0.3799882472226326, 0.3798125063911433, 0.3796958311352978, 0.37969227952577955, 0.3796892389941182, 0.3796885950087021, 0.3796884930859602, 0.3796884494582019, 0.37968844142357216, 0.3796884245372216, 0.3796883735653137, 0.3796883371210724, 0.3796882262264658, 0.3796879381571643, 0.3796874994250028, 0.37968690098485003, 0.37968523830694956, 0.37968270387575487, 0.37967790230083687, 0.3796741257544777, 0.37966622557393914, 0.3796423831048569, 0.37958949041529855, 0.3794794790055984, 0.3792260851703284, 0.37842289612241087, 0.377827695941821, 0.37703647786364713, 0.3749073669315497, 0.3698181628321886, 0.35702843889125835, 0.34424427018549075, 0.30060490487896574, 0.278559641846597, 0.27620081927813234, 0.2732242800219966, 0.2716728989152807, 0.268488423040931, 0.2680838650962446, 0.26753693121253075, 0.2672241163743281, 0.2668966130561756, 0.266737194074514, 0.26655890071747024, 0.2664860818407945, 0.2664362241299446, 0.2663848005300349, 0.2663672571504071, 0.26635257223664255, 0.26635257223664255, 0.2663507999195398, 0.2663504545772325, 0.26635027742306916, 0.2663500957604902, 0.2663500105558856, 0.26634999375018, 0.26634998360463347, 0.26634997217408285, 0.2663499704391963]}}, "bfgs": {"type": "gradient", "0": {"maxiter": 100, "gtol": 1e-05, "xrtol": 1e-05, "eps": 1e-05, "duration": 0.06025195121765137, "fun": "0.26634996938601085", "jac": "[-2.02636796e-06  5.84476911e-07 -1.43618450e-07  1.92426075e-06\n -2.14303020e-06 -4.45654624e-07]", "hess_inv": "[[ 4.03908163  1.13994597 -1.85827373  0.5271622  -0.44060353  0.18038016]\n [ 1.13994597  8.42894026 -5.50403194  3.31986697  0.08758671 -2.80781953]\n [-1.85827373 -5.50403194  9.40001494 -3.68397484  0.62767825 -0.7447772 ]\n [ 0.5271622   3.31986697 -3.68397484  5.83398032  0.53395162  0.15953217]\n [-0.44060353  0.08758671  0.62767825  0.53395162  3.53220618  0.62976661]\n [ 0.18038016 -2.80781953 -0.7447772   0.15953217  0.62976661  6.40787124]]", "nfev": "189", "njev": "27", "status": "0", "success": "True", "message": "Optimization terminated successfully.", "x": "[5.40031559 2.12706297 4.10205799 4.3609102  1.6426513  1.8139557 ]", "nit": "24", "callback": [0.6267682336140584, 0.5713616148390928, 0.47394571719689293, 0.40519875107727577, 0.37325505898171585, 0.3485634454732782, 0.3312003431987969, 0.31991915728612985, 0.3022016557378854, 0.28853546956609244, 0.28213256991867774, 0.27201429330567095, 0.2677008388886125, 0.26737966531690727, 0.26685783959661435, 0.26641518351626947, 0.2663734947694162, 0.26635846785471984, 0.26635573218193687, 0.26635172478614555, 0.26635009767891016, 0.26634998287031064, 0.26634997010332695, 0.26634996938601085]}, "1": {"maxiter": 100, "gtol": 1e-05, "xrtol": 1e-05, "eps": 1e-10, "duration": 0.05300021171569824, "fun": "0.26634996943678635", "jac": "[-4.44089173e-06 -2.22044587e-06 -2.22044587e-06 -1.11022293e-06\n -6.66133760e-06 -4.44089173e-06]", "hess_inv": "[[ 4.04912271  1.21805096 -1.92398557  0.55562397 -0.49882771  0.10178118]\n [ 1.21805096  7.95063651 -4.93395157  2.92641137  0.10591822 -2.68086887]\n [-1.92398557 -4.93395157  8.69536348 -3.25596037  0.63685952 -0.86153954]\n [ 0.55562397  2.92641137 -3.25596037  5.49283891  0.53498606  0.31952777]\n [-0.49882771  0.10591822  0.63685952  0.53498606  3.66887992  0.73073135]\n [ 0.10178118 -2.68086887 -0.86153954  0.31952777  0.73073135  6.46021722]]", "nfev": "189", "njev": "27", "status": "0", "success": "True", "message": "Optimization terminated successfully.", "x": "[5.40032241 2.12707511 4.10205744 4.36090742 1.64264477 1.81393868]", "nit": "24", "callback": [0.6267703285507186, 0.5713655288023795, 0.4739520634805189, 0.40519805644995976, 0.3732574788061086, 0.34856184341472174, 0.33120216685576453, 0.3199183868814608, 0.30219796260066534, 0.2885355398880405, 0.28213180975084695, 0.2720134745102325, 0.26770375678290814, 0.2673808462389524, 0.26685673759970197, 0.26641531464995927, 0.26637349028809887, 0.2663584621510946, 0.26635572382102324, 0.2663517209983769, 0.26635010003169424, 0.2663499837466412, 0.2663499702552976, 0.26634996943678635]}, "2": {"maxiter": 100, "gtol": 1e-05, "xrtol": 1e-10, "eps": 1e-05, "duration": 0.05321097373962402, "fun": "0.26634996938601085", "jac": "[-2.02636796e-06  5.84476911e-07 -1.43618450e-07  1.92426075e-06\n -2.14303020e-06 -4.45654624e-07]", "hess_inv": "[[ 4.03908163  1.13994597 -1.85827373  0.5271622  -0.44060353  0.18038016]\n [ 1.13994597  8.42894026 -5.50403194  3.31986697  0.08758671 -2.80781953]\n [-1.85827373 -5.50403194  9.40001494 -3.68397484  0.62767825 -0.7447772 ]\n [ 0.5271622   3.31986697 -3.68397484  5.83398032  0.53395162  0.15953217]\n [-0.44060353  0.08758671  0.62767825  0.53395162  3.53220618  0.62976661]\n [ 0.18038016 -2.80781953 -0.7447772   0.15953217  0.62976661  6.40787124]]", "nfev": "189", "njev": "27", "status": "0", "success": "True", "message": "Optimization terminated successfully.", "x": "[5.40031559 2.12706297 4.10205799 4.3609102  1.6426513  1.8139557 ]", "nit": "24", "callback": [0.6267682336140584, 0.5713616148390928, 0.47394571719689293, 0.40519875107727577, 0.37325505898171585, 0.3485634454732782, 0.3312003431987969, 0.31991915728612985, 0.3022016557378854, 0.28853546956609244, 0.28213256991867774, 0.27201429330567095, 0.2677008388886125, 0.26737966531690727, 0.26685783959661435, 0.26641518351626947, 0.2663734947694162, 0.26635846785471984, 0.26635573218193687, 0.26635172478614555, 0.26635009767891016, 0.26634998287031064, 0.26634997010332695, 0.26634996938601085]}, "3": {"maxiter": 100, "gtol": 1e-05, "xrtol": 1e-10, "eps": 1e-10, "duration": 0.05154681205749512, "fun": "0.26634996943678635", "jac": "[-4.44089173e-06 -2.22044587e-06 -2.22044587e-06 -1.11022293e-06\n -6.66133760e-06 -4.44089173e-06]", "hess_inv": "[[ 4.04912271  1.21805096 -1.92398557  0.55562397 -0.49882771  0.10178118]\n [ 1.21805096  7.95063651 -4.93395157  2.92641137  0.10591822 -2.68086887]\n [-1.92398557 -4.93395157  8.69536348 -3.25596037  0.63685952 -0.86153954]\n [ 0.55562397  2.92641137 -3.25596037  5.49283891  0.53498606  0.31952777]\n [-0.49882771  0.10591822  0.63685952  0.53498606  3.66887992  0.73073135]\n [ 0.10178118 -2.68086887 -0.86153954  0.31952777  0.73073135  6.46021722]]", "nfev": "189", "njev": "27", "status": "0", "success": "True", "message": "Optimization terminated successfully.", "x": "[5.40032241 2.12707511 4.10205744 4.36090742 1.64264477 1.81393868]", "nit": "24", "callback": [0.6267703285507186, 0.5713655288023795, 0.4739520634805189, 0.40519805644995976, 0.3732574788061086, 0.34856184341472174, 0.33120216685576453, 0.3199183868814608, 0.30219796260066534, 0.2885355398880405, 0.28213180975084695, 0.2720134745102325, 0.26770375678290814, 0.2673808462389524, 0.26685673759970197, 0.26641531464995927, 0.26637349028809887, 0.2663584621510946, 0.26635572382102324, 0.2663517209983769, 0.26635010003169424, 0.2663499837466412, 0.2663499702552976, 0.26634996943678635]}, "4": {"maxiter": 100, "gtol": 1e-10, "xrtol": 1e-05, "eps": 1e-05, "duration": 0.059778690338134766, "fun": "0.2663499693545338", "jac": "[-4.50339765e-07  5.00688380e-07  2.47546428e-07  4.12447854e-08\n -4.83180163e-07  2.06001882e-07]", "hess_inv": "[[ 3.98576526  1.39036078 -2.12311114  0.69051916 -0.40433434  0.03053384]\n [ 1.39036078  7.79618006 -4.93236169  2.74351664  0.28095909 -2.45563278]\n [-2.12311114 -4.93236169  8.91607725 -3.10869514  0.35788296 -1.05413668]\n [ 0.69051916  2.74351664 -3.10869514  5.40053486  0.55060768  0.49512266]\n [-0.40433434  0.28095909  0.35788296  0.55060768  3.75099551  0.49634792]\n [ 0.03053384 -2.45563278 -1.05413668  0.49512266  0.49634792  6.21424184]]", "nfev": "196", "njev": "28", "status": "0", "success": "True", "message": "Optimization terminated successfully.", "x": "[5.40032037 2.12705475 4.10206413 4.36090056 1.64265756 1.81395993]", "nit": "25", "callback": [0.6267682336140584, 0.5713616148390928, 0.47394571719689293, 0.40519875107727577, 0.37325505898171585, 0.3485634454732782, 0.3312003431987969, 0.31991915728612985, 0.3022016557378854, 0.28853546956609244, 0.28213256991867774, 0.27201429330567095, 0.2677008388886125, 0.26737966531690727, 0.26685783959661435, 0.26641518351626947, 0.2663734947694162, 0.26635846785471984, 0.26635573218193687, 0.26635172478614555, 0.26635009767891016, 0.26634998287031064, 0.26634997010332695, 0.26634996938601085, 0.2663499693545338]}, "5": {"maxiter": 100, "gtol": 1e-10, "xrtol": 1e-05, "eps": 1e-10, "duration": 0.05744004249572754, "fun": "0.26634996939848565", "jac": "[ 0.00000000e+00  3.33066880e-06 -2.22044587e-06  2.22044587e-06\n  2.22044587e-06  0.00000000e+00]", "hess_inv": "[[ 3.99405834  1.69188337 -2.50691746  0.72738104 -0.46039217 -0.22876511]\n [ 1.69188337  8.93511709 -6.07589029  3.73760659  1.28548798 -2.18670838]\n [-2.50691746 -6.07589029 10.01602416 -4.22262944 -0.7936525  -1.50161774]\n [ 0.72738104  3.73760659 -4.22262944  5.99235465  1.09812326  0.28770531]\n [-0.46039217  1.28548798 -0.7936525   1.09812326  4.09268546  0.26021947]\n [-0.22876511 -2.18670838 -1.50161774  0.28770531  0.26021947  5.5671816 ]]", "nfev": "196", "njev": "28", "status": "0", "success": "True", "message": "Optimization terminated successfully.", "x": "[5.40033506 2.12709198 4.10203842 4.36092481 1.64267346 1.81395625]", "nit": "25", "callback": [0.6267703285507186, 0.5713655288023795, 0.4739520634805189, 0.40519805644995976, 0.3732574788061086, 0.34856184341472174, 0.33120216685576453, 0.3199183868814608, 0.30219796260066534, 0.2885355398880405, 0.28213180975084695, 0.2720134745102325, 0.26770375678290814, 0.2673808462389524, 0.26685673759970197, 0.26641531464995927, 0.26637349028809887, 0.2663584621510946, 0.26635572382102324, 0.2663517209983769, 0.26635010003169424, 0.2663499837466412, 0.2663499702552976, 0.26634996943678635, 0.26634996939848565]}, "6": {"maxiter": 100, "gtol": 1e-10, "xrtol": 1e-10, "eps": 1e-05, "duration": 0.0586240291595459, "fun": "0.26634996935138355", "jac": "[0.00000000e+00 0.00000000e+00 2.22044605e-11 5.55111512e-11\n 2.22044605e-11 2.22044605e-11]", "hess_inv": "[[ 4.26666235  1.04611914 -2.1130289   0.55029885 -0.09357705  0.18258341]\n [ 1.04611914  8.16852377 -4.83632372  2.78895219 -0.07268099 -2.61284167]\n [-2.1130289  -4.83632372  8.88967187 -3.12484431  0.23828425 -1.20488156]\n [ 0.55029885  2.78895219 -3.12484431  5.53529105  0.56715681  0.62908893]\n [-0.09357705 -0.07268099  0.23828425  0.56715681  4.09948668  0.67402953]\n [ 0.18258341 -2.61284167 -1.20488156  0.62908893  0.67402953  6.30269026]]", "nfev": "224", "njev": "32", "status": "0", "success": "True", "message": "Optimization terminated successfully.", "x": "[5.40032222 2.12705268 4.10206388 4.36090009 1.64265936 1.81396062]", "nit": "29", "callback": [0.6267682336140584, 0.5713616148390928, 0.47394571719689293, 0.40519875107727577, 0.37325505898171585, 0.3485634454732782, 0.3312003431987969, 0.31991915728612985, 0.3022016557378854, 0.28853546956609244, 0.28213256991867774, 0.27201429330567095, 0.2677008388886125, 0.26737966531690727, 0.26685783959661435, 0.26641518351626947, 0.2663734947694162, 0.26635846785471984, 0.26635573218193687, 0.26635172478614555, 0.26635009767891016, 0.26634998287031064, 0.26634997010332695, 0.26634996938601085, 0.2663499693545338, 0.26634996935168354, 0.2663499693514021, 0.2663499693513841, 0.26634996935138355]}, "7": {"maxiter": 100, "gtol": 1e-10, "xrtol": 1e-10, "eps": 1e-10, "duration": 0.11157989501953125, "fun": "0.2663499693392841", "jac": "[2.22044587e-06 3.33066880e-06 2.22044587e-06 2.22044587e-06\n 3.33066880e-06 0.00000000e+00]", "hess_inv": "[[ 0.13620947 -0.05727271  0.03789254 -0.00606609 -0.02041853  0.03239415]\n [-0.05727271  0.03962465 -0.02250132  0.00109398  0.00252255 -0.02734566]\n [ 0.03789254 -0.02250132  0.04348535 -0.01004725 -0.01715486  0.00501877]\n [-0.00606609  0.00109398 -0.01004725  0.01051571 -0.00539319  0.00313363]\n [-0.02041853  0.00252255 -0.01715486 -0.00539319  0.03073635  0.00414622]\n [ 0.03239415 -0.02734566  0.00501877  0.00313363  0.00414622  0.02414784]]", "nfev": "378", "njev": "54", "status": "0", "success": "True", "message": "Optimization terminated successfully.", "x": "[5.40033105 2.12706767 4.1020576  4.36091175 1.64266862 1.81395669]", "nit": "41", "callback": [0.6267703285507186, 0.5713655288023795, 0.4739520634805189, 0.40519805644995976, 0.3732574788061086, 0.34856184341472174, 0.33120216685576453, 0.3199183868814608, 0.30219796260066534, 0.2885355398880405, 0.28213180975084695, 0.2720134745102325, 0.26770375678290814, 0.2673808462389524, 0.26685673759970197, 0.26641531464995927, 0.26637349028809887, 0.2663584621510946, 0.26635572382102324, 0.2663517209983769, 0.26635010003169424, 0.2663499837466412, 0.2663499702552976, 0.26634996943678635, 0.26634996939848565, 0.2663499693621134, 0.26634996935385513, 0.26634996934722366, 0.26634996934344, 0.2663499693415943, 0.2663499693406204, 0.26634996934011346, 0.2663499693398991, 0.26634996933963684, 0.26634996933936894, 0.2663499693393441, 0.2663499693393243, 0.26634996933931154, 0.2663499693393052, 0.2663499693392841, 0.2663499693392841]}, "8": {"maxit