{"date": "2024/10/27/, 11:16:02", "conf_id": 126, "data_type": "orthogonal\n", "num_data_points": 3, "s_rank": 0, "unitary": "[[-0.56303964-0.00798273j,-0.21670212-0.15784972j,-0.06047197-0.73952673j,-0.01438004+0.24552571j],[-0.06976756+0.23474685j,-0.01275565-0.5435098j,-0.02703657-0.08917885j,-0.08210486-0.79311774j],[-0.38559961+0.10714929j,0.5933431-0.2687392j,-0.24060861+0.29149289j,-0.45147719+0.26241743j],[-0.50180421+0.45931857j,-0.11617175+0.44134496j,0.49642745+0.22684508j,-0.08544628-0.15407063j]]", "databatch_0": {"databatch": "[[[0.04804076-0.06889969j,-0.21254684+0.13659231j,0.00312228+0.0905295j,0.07998054+0.01124071j],[0.16237045+0.02678512j,-0.19384791+0.06368157j,-0.00178149-0.36558875j,-0.12963408+0.36869867j],[0.05738307-0.08890696j,-0.3218323+0.14596674j,0.01577492+0.19736783j,0.11377725-0.03755114j],[-0.03810542+0.11458132j,0.36149746-0.08044215j,0.06060554-0.38044303j,-0.22356941+0.13965472j]],[[-0.17188884-0.08210638j,0.6141918+0.00825951j,-0.3646357+0.02831976j,0.32490263-0.10682452j],[0.03476163+0.00146082j,-0.120478+0.03101667j,0.05961502-0.0065174j,-0.04219567+0.02757876j],[0.02968989+0.12598824j,-0.19899553-0.29097926j,0.16624473+0.09816817j,-0.20944581-0.07961531j],[-0.06872491+0.03312861j,0.1947938-0.15041097j,-0.07110049+0.05622502j,0.02856455-0.09449501j]],[[0.06211017-0.05948006j,-0.22657491+0.15480659j,0.03362336+0.03520828j,0.03947957+0.04890078j],[0.19073966-0.00803156j,-0.3058599+0.21059499j,0.07168058-0.38162058j,-0.14248693+0.39851692j],[0.07514452-0.06434859j,-0.33919871+0.13935053j,0.06146587+0.12641718j,0.04520346+0.00691829j],[-0.0403409+0.06874339j,0.32989839-0.02185616j,0.01252204-0.30654369j,-0.1336069+0.1139875j]]]", "initial param values": "[3.72299766,3.90701198,1.78368661,0.28461202,1.15767073,0.21376244]", "nelder_mead": {"type": "gradient-free", "0": {"maxiter": 100, "fatol": 1e-05, "xatol": 1e-05, "duration": 0.12521672248840332, "fun": "0.47815681454752934", "nit": "100", "nfev": "151", "status": "2", "success": "False", "message": "Maximum number of iterations has been exceeded.", "x": "[ 3.93167512  2.10245002  2.12326144  0.70225013 -1.4264616   0.36885789]", "final_simplex": "(array([[ 3.93167512,  2.10245002,  2.12326144,  0.70225013, -1.4264616 ,\n         0.36885789],\n       [ 3.95106403,  2.19394479,  2.12680971,  0.69222011, -1.43037777,\n         0.37248386],\n       [ 3.97945926,  2.26672604,  2.23414842,  0.68344896, -1.39371747,\n         0.3548964 ],\n       [ 4.03221527,  2.2606746 ,  2.13036133,  0.69104772, -1.5104923 ,\n         0.37310625],\n       [ 3.912719  ,  2.36447916,  2.28199899,  0.69007447, -1.46611577,\n         0.36004794],\n       [ 3.99291007,  2.20651896,  2.25179199,  0.69545604, -1.44209809,\n         0.36594603],\n       [ 3.91835715,  2.29252665,  2.24591959,  0.69257048, -1.49868093,\n         0.36753509]]), array([0.47815681, 0.47864628, 0.47950129, 0.47991102, 0.48030956,\n       0.48036413, 0.48041886]))", "callback": [0.85146559565661, 0.8028389653957181, 0.7921099667754189, 0.7451354598081021, 0.6502777719695285, 0.585873512835249, 0.5005564961670028, 0.49356128350367723, 0.48718708583592896, 0.4803641283430292]}, "1": {"maxiter": 100, "fatol": 1e-05, "xatol": 1e-10, "duration": 0.11929988861083984, "fun": "0.47815681454752934", "nit": "100", "nfev": "151", "status": "2", "success": "False", "message": "Maximum number of iterations has been exceeded.", "x": "[ 3.93167512  2.10245002  2.12326144  0.70225013 -1.4264616   0.36885789]", "final_simplex": "(array([[ 3.93167512,  2.10245002,  2.12326144,  0.70225013, -1.4264616 ,\n         0.36885789],\n       [ 3.95106403,  2.19394479,  2.12680971,  0.69222011, -1.43037777,\n         0.37248386],\n       [ 3.97945926,  2.26672604,  2.23414842,  0.68344896, -1.39371747,\n         0.3548964 ],\n       [ 4.03221527,  2.2606746 ,  2.13036133,  0.69104772, -1.5104923 ,\n         0.37310625],\n       [ 3.912719  ,  2.36447916,  2.28199899,  0.69007447, -1.46611577,\n         0.36004794],\n       [ 3.99291007,  2.20651896,  2.25179199,  0.69545604, -1.44209809,\n         0.36594603],\n       [ 3.91835715,  2.29252665,  2.24591959,  0.69257048, -1.49868093,\n         0.36753509]]), array([0.47815681, 0.47864628, 0.47950129, 0.47991102, 0.48030956,\n       0.48036413, 0.48041886]))", "callback": [0.85146559565661, 0.8028389653957181, 0.7921099667754189, 0.7451354598081021, 0.6502777719695285, 0.585873512835249, 0.5005564961670028, 0.49356128350367723, 0.48718708583592896, 0.4803641283430292]}, "2": {"maxiter": 100, "fatol": 1e-10, "xatol": 1e-05, "duration": 0.12717628479003906, "fun": "0.47815681454752934", "nit": "100", "nfev": "151", "status": "2", "success": "False", "message": "Maximum number of iterations has been exceeded.", "x": "[ 3.93167512  2.10245002  2.12326144  0.70225013 -1.4264616   0.36885789]", "final_simplex": "(array([[ 3.93167512,  2.10245002,  2.12326144,  0.70225013, -1.4264616 ,\n         0.36885789],\n       [ 3.95106403,  2.19394479,  2.12680971,  0.69222011, -1.43037777,\n         0.37248386],\n       [ 3.97945926,  2.26672604,  2.23414842,  0.68344896, -1.39371747,\n         0.3548964 ],\n       [ 4.03221527,  2.2606746 ,  2.13036133,  0.69104772, -1.5104923 ,\n         0.37310625],\n       [ 3.912719  ,  2.36447916,  2.28199899,  0.69007447, -1.46611577,\n         0.36004794],\n       [ 3.99291007,  2.20651896,  2.25179199,  0.69545604, -1.44209809,\n         0.36594603],\n       [ 3.91835715,  2.29252665,  2.24591959,  0.69257048, -1.49868093,\n         0.36753509]]), array([0.47815681, 0.47864628, 0.47950129, 0.47991102, 0.48030956,\n       0.48036413, 0.48041886]))", "callback": [0.85146559565661, 0.8028389653957181, 0.7921099667754189, 0.7451354598081021, 0.6502777719695285, 0.585873512835249, 0.5005564961670028, 0.49356128350367723, 0.48718708583592896, 0.4803641283430292]}, "3": {"maxiter": 100, "fatol": 1e-10, "xatol": 1e-10, "duration": 0.1782398223876953, "fun": "0.47815681454752934", "nit": "100", "nfev": "151", "status": "2", "success": "False", "message": "Maximum number of iterations has been exceeded.", "x": "[ 3.93167512  2.10245002  2.12326144  0.70225013 -1.4264616   0.36885789]", "final_simplex": "(array([[ 3.93167512,  2.10245002,  2.12326144,  0.70225013, -1.4264616 ,\n         0.36885789],\n       [ 3.95106403,  2.19394479,  2.12680971,  0.69222011, -1.43037777,\n         0.37248386],\n       [ 3.97945926,  2.26672604,  2.23414842,  0.68344896, -1.39371747,\n         0.3548964 ],\n       [ 4.03221527,  2.2606746 ,  2.13036133,  0.69104772, -1.5104923 ,\n         0.37310625],\n       [ 3.912719  ,  2.36447916,  2.28199899,  0.69007447, -1.46611577,\n         0.36004794],\n       [ 3.99291007,  2.20651896,  2.25179199,  0.69545604, -1.44209809,\n         0.36594603],\n       [ 3.91835715,  2.29252665,  2.24591959,  0.69257048, -1.49868093,\n         0.36753509]]), array([0.47815681, 0.47864628, 0.47950129, 0.47991102, 0.48030956,\n       0.48036413, 0.48041886]))", "callback": [0.85146559565661, 0.8028389653957181, 0.7921099667754189, 0.7451354598081021, 0.6502777719695285, 0.585873512835249, 0.5005564961670028, 0.49356128350367723, 0.48718708583592896, 0.4803641283430292]}, "4": {"maxiter": 500, "fatol": 1e-05, "xatol": 1e-05, "duration": 0.5292158126831055, "fun": "0.27620856857924647", "nit": "439", "nfev": "675", "status": "0", "success": "True", "message": "Optimization terminated successfully.", "x": "[ 4.35676987  3.33869981  3.01387306  1.97854752 -0.50222459  0.05896902]", "final_simplex": "(array([[ 4.35676987,  3.33869981,  3.01387306,  1.97854752, -0.50222459,\n         0.05896902],\n       [ 4.35676432,  3.33870026,  3.01387356,  1.9785421 , -0.5022175 ,\n         0.05896573],\n       [ 4.3567618 ,  3.33869867,  3.01387334,  1.97854252, -0.50222267,\n         0.05897401],\n       [ 4.35676547,  3.33870089,  3.01387131,  1.97853906, -0.50222309,\n         0.05897228],\n       [ 4.35677073,  3.33869336,  3.01387528,  1.97854348, -0.50221472,\n         0.0589706 ],\n       [ 4.35676251,  3.3386902 ,  3.01386652,  1.97854025, -0.50222636,\n         0.05896843],\n       [ 4.35676799,  3.33869748,  3.01387612,  1.97853906, -0.50222146,\n         0.05896592]]), array([0.27620857, 0.27620857, 0.27620857, 0.27620857, 0.27620857,\n       0.27620857, 0.27620857]))", "callback": [0.85146559565661, 0.8028389653957181, 0.7921099667754189, 0.7451354598081021, 0.6502777719695285, 0.585873512835249, 0.5005564961670028, 0.49356128350367723, 0.48718708583592896, 0.4803641283430292, 0.47815681454752934, 0.4759300593780552, 0.47152694067904377, 0.4634021637699467, 0.45789578777482987, 0.4383109466218589, 0.4104452796730351, 0.371710550223172, 0.3606134399763391, 0.3595851497486897, 0.35783610293684764, 0.356148207967523, 0.3528773559020434, 0.3451296233495946, 0.32976140509594654, 0.3120444664582137, 0.2936682510992522, 0.28042446389937525, 0.2790565891627045, 0.27710378287288984, 0.2763731991104411, 0.2762524216136133, 0.2762186102069192, 0.27621152491446044, 0.276209024876823, 0.276209024876823, 0.276208727294307, 0.2762086374026277, 0.27620857238510066, 0.27620857150718425, 0.27620856921094983, 0.27620856871979294, 0.2762085686125163, 0.27620856858088183]}, "5": {"maxiter": 500, "fatol": 1e-05, "xatol": 1e-10, "duration": 0.6149981021881104, "fun": "0.2762085685680118", "nit": "500", "nfev": "779", "status": "2", "success": "False", "message": "Maximum number of iterations has been exceeded.", "x": "[ 4.35676932  3.33870153  3.01387172  1.97854816 -0.50221596  0.0589733 ]", "final_simplex": "(array([[ 4.35676932,  3.33870153,  3.01387172,  1.97854816, -0.50221596,\n         0.0589733 ],\n       [ 4.35676936,  3.33870156,  3.01387172,  1.97854807, -0.50221589,\n         0.05897341],\n       [ 4.35676923,  3.33870161,  3.01387174,  1.97854815, -0.50221588,\n         0.05897348],\n       [ 4.35676926,  3.33870156,  3.01387171,  1.97854805, -0.50221596,\n         0.05897328],\n       [ 4.35676931,  3.33870149,  3.01387172,  1.97854807, -0.50221578,\n         0.05897333],\n       [ 4.35676926,  3.3387015 ,  3.01387175,  1.97854804, -0.50221589,\n         0.05897331],\n       [ 4.35676937,  3.33870167,  3.01387185,  1.97854816, -0.5022158 ,\n         0.05897335]]), array([0.27620857, 0.27620857, 0.27620857, 0.27620857, 0.27620857,\n       0.27620857, 0.27620857]))", "callback": [0.85146559565661, 0.8028389653957181, 0.7921099667754189, 0.7451354598081021, 0.6502777719695285, 0.585873512835249, 0.5005564961670028, 0.49356128350367723, 0.48718708583592896, 0.4803641283430292, 0.47815681454752934, 0.4759300593780552, 0.47152694067904377, 0.4634021637699467, 0.45789578777482987, 0.4383109466218589, 0.4104452796730351, 0.371710550223172, 0.3606134399763391, 0.3595851497486897, 0.35783610293684764, 0.356148207967523, 0.3528773559020434, 0.3451296233495946, 0.32976140509594654, 0.3120444664582137, 0.2936682510992522, 0.28042446389937525, 0.2790565891627045, 0.27710378287288984, 0.2763731991104411, 0.2762524216136133, 0.2762186102069192, 0.27621152491446044, 0.276209024876823, 0.276209024876823, 0.276208727294307, 0.2762086374026277, 0.27620857238510066, 0.27620857150718425, 0.27620856921094983, 0.27620856871979294, 0.2762085686125163, 0.27620856858088183, 0.2762085685725847, 0.27620856856921094, 0.2762085685682374, 0.27620856856806775, 0.2762085685680211, 0.2762085685680139]}, "6": {"maxiter": 500, "fatol": 1e-10, "xatol": 1e-05, "duration": 0.6484603881835938, "fun": "0.27620856857924647", "nit": "439", "nfev": "675", "status": "0", "success": "True", "message": "Optimization terminated successfully.", "x": "[ 4.35676987  3.33869981  3.01387306  1.97854752 -0.50222459  0.05896902]", "final_simplex": "(array([[ 4.35676987,  3.33869981,  3.01387306,  1.97854752, -0.50222459,\n         0.05896902],\n       [ 4.35676432,  3.33870026,  3.01387356,  1.9785421 , -0.5022175 ,\n         0.05896573],\n       [ 4.3567618 ,  3.33869867,  3.01387334,  1.97854252, -0.50222267,\n         0.05897401],\n       [ 4.35676547,  3.33870089,  3.01387131,  1.97853906, -0.50222309,\n         0.05897228],\n       [ 4.35677073,  3.33869336,  3.01387528,  1.97854348, -0.50221472,\n         0.0589706 ],\n       [ 4.35676251,  3.3386902 ,  3.01386652,  1.97854025, -0.50222636,\n         0.05896843],\n       [ 4.35676799,  3.33869748,  3.01387612,  1.97853906, -0.50222146,\n         0.05896592]]), array([0.27620857, 0.27620857, 0.27620857, 0.27620857, 0.27620857,\n       0.27620857, 0.27620857]))", "callback": [0.85146559565661, 0.8028389653957181, 0.7921099667754189, 0.7451354598081021, 0.6502777719695285, 0.585873512835249, 0.5005564961670028, 0.49356128350367723, 0.48718708583592896, 0.4803641283430292, 0.47815681454752934, 0.4759300593780552, 0.47152694067904377, 0.4634021637699467, 0.45789578777482987, 0.4383109466218589, 0.4104452796730351, 0.371710550223172, 0.3606134399763391, 0.3595851497486897, 0.35783610293684764, 0.356148207967523, 0.3528773559020434, 0.3451296233495946, 0.32976140509594654, 0.3120444664582137, 0.2936682510992522, 0.28042446389937525, 0.2790565891627045, 0.27710378287288984, 0.2763731991104411, 0.2762524216136133, 0.2762186102069192, 0.27621152491446044, 0.276209024876823, 0.276209024876823, 0.276208727294307, 0.2762086374026277, 0.27620857238510066, 0.27620857150718425, 0.27620856921094983, 0.27620856871979294, 0.2762085686125163, 0.27620856858088183]}, "7": {"maxiter": 500, "fatol": 1e-10, "xatol": 1e-10, "duration": 0.8607597351074219, "fun": "0.2762085685680118", "nit": "500", "nfev": "779", "status": "2", "success": "False", "message": "Maximum number of iterations has been exceeded.", "x": "[ 4.35676932  3.33870153  3.01387172  1.97854816 -0.50221596  0.0589733 ]", "final_simplex": "(array([[ 4.35676932,  3.33870153,  3.01387172,  1.97854816, -0.50221596,\n         0.0589733 ],\n       [ 4.35676936,  3.33870156,  3.01387172,  1.97854807, -0.50221589,\n         0.05897341],\n       [ 4.35676923,  3.33870161,  3.01387174,  1.97854815, -0.50221588,\n         0.05897348],\n       [ 4.35676926,  3.33870156,  3.01387171,  1.97854805, -0.50221596,\n         0.05897328],\n       [ 4.35676931,  3.33870149,  3.01387172,  1.97854807, -0.50221578,\n         0.05897333],\n       [ 4.35676926,  3.3387015 ,  3.01387175,  1.97854804, -0.50221589,\n         0.05897331],\n       [ 4.35676937,  3.33870167,  3.01387185,  1.97854816, -0.5022158 ,\n         0.05897335]]), array([0.27620857, 0.27620857, 0.27620857, 0.27620857, 0.27620857,\n       0.27620857, 0.27620857]))", "callback": [0.85146559565661, 0.8028389653957181, 0.7921099667754189, 0.7451354598081021, 0.6502777719695285, 0.585873512835249, 0.5005564961670028, 0.49356128350367723, 0.48718708583592896, 0.4803641283430292, 0.47815681454752934, 0.4759300593780552, 0.47152694067904377, 0.4634021637699467, 0.45789578777482987, 0.4383109466218589, 0.4104452796730351, 0.371710550223172, 0.3606134399763391, 0.3595851497486897, 0.35783610293684764, 0.356148207967523, 0.3528773559020434, 0.3451296233495946, 0.32976140509594654, 0.3120444664582137, 0.2936682510992522, 0.28042446389937525, 0.2790565891627045, 0.27710378287288984, 0.2763731991104411, 0.2762524216136133, 0.2762186102069192, 0.27621152491446044, 0.276209024876823, 0.276209024876823, 0.276208727294307, 0.2762086374026277, 0.27620857238510066, 0.27620857150718425, 0.27620856921094983, 0.27620856871979294, 0.2762085686125163, 0.27620856858088183, 0.2762085685725847, 0.27620856856921094, 0.2762085685682374, 0.27620856856806775, 0.2762085685680211, 0.2762085685680139]}, "8": {"maxiter": 1000, "fatol": 1e-05, "xatol": 1e-05, "duration": 0.5230331420898438, "fun": "0.27620856857924647", "nit": "439", "nfev": "675", "status": "0", "success": "True", "message": "Optimization terminated successfully.", "x": "[ 4.35676987  3.33869981  3.01387306  1.97854752 -0.50222459  0.05896902]", "final_simplex": "(array([[ 4.35676987,  3.33869981,  3.01387306,  1.97854752, -0.50222459,\n         0.05896902],\n       [ 4.35676432,  3.33870026,  3.01387356,  1.9785421 , -0.5022175 ,\n         0.05896573],\n       [ 4.3567618 ,  3.33869867,  3.01387334,  1.97854252, -0.50222267,\n         0.05897401],\n       [ 4.35676547,  3.33870089,  3.01387131,  1.97853906, -0.50222309,\n         0.05897228],\n       [ 4.35677073,  3.33869336,  3.01387528,  1.97854348, -0.50221472,\n         0.0589706 ],\n       [ 4.35676251,  3.3386902 ,  3.01386652,  1.97854025, -0.50222636,\n         0.05896843],\n       [ 4.35676799,  3.33869748,  3.01387612,  1.97853906, -0.50222146,\n         0.05896592]]), array([0.27620857, 0.27620857, 0.27620857, 0.27620857, 0.27620857,\n       0.27620857, 0.27620857]))", "callback": [0.85146559565661, 0.8028389653957181, 0.7921099667754189, 0.7451354598081021, 0.6502777719695285, 0.585873512835249, 0.5005564961670028, 0.49356128350367723, 0.48718708583592896, 0.4803641283430292, 0.47815681454752934, 0.4759300593780552, 0.47152694067904377, 0.4634021637699467, 0.45789578777482987, 0.4383109466218589, 0.4104452796730351, 0.371710550223172, 0.3606134399763391, 0.3595851497486897, 0.35783610293684764, 0.356148207967523, 0.3528773559020434, 0.3451296233495946, 0.32976140509594654, 0.3120444664582137, 0.2936682510992522, 0.28042446389937525, 0.2790565891627045, 0.27710378287288984, 0.2763731991104411, 0.2762524216136133, 0.2762186102069192, 0.27621152491446044, 0.276209024876823, 0.276209024876823, 0.276208727294307, 0.2762086374026277, 0.27620857238510066, 0.27620857150718425, 0.27620856921094983, 0.27620856871979294, 0.2762085686125163, 0.27620856858088183]}, "9": {"maxiter": 1000, "fatol": 1e-05, "xatol": 1e-10, "duration": 0.8790743350982666, "fun": "0.27620856856801035", "nit": "544", "nfev": "902", "status": "0", "success": "True", "message": "Optimization terminated successfully.", "x": "[ 4.35676932  3.33870152  3.01387168  1.97854815 -0.50221591  0.05897336]", "final_simplex": "(array([[ 4.35676932,  3.33870152,  3.01387168,  1.97854815, -0.50221591,\n         0.05897336],\n       [ 4.35676932,  3.33870152,  3.01387168,  1.97854815, -0.50221591,\n         0.05897336],\n       [ 4.35676932,  3.33870152,  3.01387168,  1.97854815, -0.50221591,\n         0.05897336],\n       [ 4.35676932,  3.33870152,  3.01387168,  1.97854815, -0.50221591,\n         0.05897336],\n       [ 4.35676932,  3.33870152,  3.01387168,  1.97854815, -0.50221591,\n         0.05897336],\n       [ 4.35676932,  3.33870152,  3.01387168,  1.97854815, -0.50221591,\n         0.05897336],\n       [ 4.35676932,  3.33870152,  3.01387168,  1.97854815, -0.50221591,\n         0.05897336]]), array([0.27620857, 0.27620857, 0.27620857, 0.27620857, 0.27620857,\n       0.27620857, 0.27620857]))", "callback": [0.85146559565661, 0.8028389653957181, 0.7921099667754189, 0.7451354598081021, 0.6502777719695285, 0.585873512835249, 0.5005564961670028, 0.49356128350367723, 0.48718708583592896, 0.4803641283430292, 0.47815681454752934, 0.4759300593780552, 0.47152694067904377, 0.4634021637699467, 0.45789578777482987, 0.4383109466218589, 0.4104452796730351, 0.371710550223172, 0.3606134399763391, 0.3595851497486897, 0.35783610293684764, 0.356148207967523, 0.3528773559020434, 0.3451296233495946, 0.32976140509594654, 0.3120444664582137, 0.2936682510992522, 0.28042446389937525, 0.2790565891627045, 0.27710378287288984, 0.2763731991104411, 0.2762524216136133, 0.2762186102069192, 0.27621152491446044, 0.276209024876823, 0.276209024876823, 0.276208727294307, 0.2762086374026277, 0.27620857238510066, 0.27620857150718425, 0.27620856921094983, 0.27620856871979294, 0.2762085686125163, 0.27620856858088183, 0.2762085685725847, 0.27620856856921094, 0.2762085685682374, 0.27620856856806775, 0.2762085685680211, 0.2762085685680139, 0.27620856856801124, 0.27620856856801057, 0.27620856856801046, 0.27620856856801035, 0.27620856856801035]}, "10": {"maxiter": 1000, "fatol": 1e-10, "xatol": 1e-05, "duration": 0.5961141586303711, "fun": "0.27620856857924647", "nit": "439", "nfev": "675", "status": "0", "success": "True", "message": "Optimization terminated successfully.", "x": "[ 4.35676987  3.33869981  3.01387306  1.97854752 -0.50222459  0.05896902]", "final_simplex": "(array([[ 4.35676987,  3.33869981,  3.01387306,  1.97854752, -0.50222459,\n         0.05896902],\n       [ 4.35676432,  3.33870026,  3.01387356,  1.9785421 , -0.5022175 ,\n         0.05896573],\n       [ 4.3567618 ,  3.33869867,  3.01387334,  1.97854252, -0.50222267,\n         0.05897401],\n       [ 4.35676547,  3.33870089,  3.01387131,  1.97853906, -0.50222309,\n         0.05897228],\n       [ 4.35677073,  3.33869336,  3.01387528,  1.97854348, -0.50221472,\n         0.0589706 ],\n       [ 4.35676251,  3.3386902 ,  3.01386652,  1.97854025, -0.50222636,\n         0.05896843],\n       [ 4.35676799,  3.33869748,  3.01387612,  1.97853906, -0.50222146,\n         0.05896592]]), array([0.27620857, 0.27620857, 0.27620857, 0.27620857, 0.27620857,\n       0.27620857, 0.27620857]))", "callback": [0.85146559565661, 0.8028389653957181, 0.7921099667754189, 0.7451354598081021, 0.6502777719695285, 0.585873512835249, 0.5005564961670028, 0.49356128350367723, 0.48718708583592896, 0.4803641283430292, 0.47815681454752934, 0.4759300593780552, 0.47152694067904377, 0.4634021637699467, 0.45789578777482987, 0.4383109466218589, 0.4104452796730351, 0.371710550223172, 0.3606134399763391, 0.3595851497486897, 0.35783610293684764, 0.356148207967523, 0.3528773559020434, 0.3451296233495946, 0.32976140509594654, 0.3120444664582137, 0.2936682510992522, 0.28042446389937525, 0.2790565891627045, 0.27710378287288984, 0.2763731991104411, 0.2762524216136133, 0.2762186102069192, 0.27621152491446044, 0.276209024876823, 0.276209024876823, 0.276208727294307, 0.2762086374026277, 0.27620857238510066, 0.27620857150718425, 0.27620856921094983, 0.27620856871979294, 0.2762085686125163, 0.27620856858088183]}, "11": {"maxiter": 1000, "fatol": 1e-10, "xatol": 1e-10, "duration": 0.8297522068023682, "fun": "0.27620856856801035", "nit": "544", "nfev": "902", "status": "0", "success": "True", "message": "Optimization terminated successfully.", "x": "[ 4.35676932  3.33870152  3.01387168  1.97854815 -0.50221591  0.05897336]", "final_simplex": "(array([[ 4.35676932,  3.33870152,  3.01387168,  1.97854815, -0.50221591,\n         0.05897336],\n       [ 4.35676932,  3.33870152,  3.01387168,  1.97854815, -0.50221591,\n         0.05897336],\n       [ 4.35676932,  3.33870152,  3.01387168,  1.97854815, -0.50221591,\n         0.05897336],\n       [ 4.35676932,  3.33870152,  3.01387168,  1.97854815, -0.50221591,\n         0.05897336],\n       [ 4.35676932,  3.33870152,  3.01387168,  1.97854815, -0.50221591,\n         0.05897336],\n       [ 4.35676932,  3.33870152,  3.01387168,  1.97854815, -0.50221591,\n         0.05897336],\n       [ 4.35676932,  3.33870152,  3.01387168,  1.97854815, -0.50221591,\n         0.05897336]]), array([0.27620857, 0.27620857, 0.27620857, 0.27620857, 0.27620857,\n       0.27620857, 0.27620857]))", "callback": [0.85146559565661, 0.8028389653957181, 0.7921099667754189, 0.7451354598081021, 0.6502777719695285, 0.585873512835249, 0.5005564961670028, 0.49356128350367723, 0.48718708583592896, 0.4803641283430292, 0.47815681454752934, 0.4759300593780552, 0.47152694067904377, 0.4634021637699467, 0.45789578777482987, 0.4383109466218589, 0.4104452796730351, 0.371710550223172, 0.3606134399763391, 0.3595851497486897, 0.35783610293684764, 0.356148207967523, 0.3528773559020434, 0.3451296233495946, 0.32976140509594654, 0.3120444664582137, 0.2936682510992522, 0.28042446389937525, 0.2790565891627045, 0.27710378287288984, 0.2763731991104411, 0.2762524216136133, 0.2762186102069192, 0.27621152491446044, 0.276209024876823, 0.276209024876823, 0.276208727294307, 0.2762086374026277, 0.27620857238510066, 0.27620857150718425, 0.27620856921094983, 0.27620856871979294, 0.2762085686125163, 0.27620856858088183, 0.2762085685725847, 0.27620856856921094, 0.2762085685682374, 0.27620856856806775, 0.2762085685680211, 0.2762085685680139, 0.27620856856801124, 0.27620856856801057, 0.27620856856801046, 0.27620856856801035, 0.27620856856801035]}}, "bfgs": {"type": "gradient", "0": {"maxiter": 100, "gtol": 1e-05, "xrtol": 1e-05, "eps": 1e-05, "duration": 0.1551530361175537, "fun": "0.2762085686542409", "jac": "[-2.92954550e-07 -6.24289509e-07 -1.19964039e-06  1.73999704e-06\n  1.10718101e-06 -1.80955251e-07]", "hess_inv": "[[ 5.63025132  0.75524056  1.82935684  0.54960757  3.29508052 -1.46268018]\n [ 0.75524056  5.02480673  2.61011218  1.07317394  1.25951494  1.85648103]\n [ 1.82935684  2.61011218  4.89178142  0.93811257  2.0346579   0.18195672]\n [ 0.54960757  1.07317394  0.93811257  3.40565886  0.42364947  1.38129949]\n [ 3.29508052  1.25951494  2.0346579   0.42364947  6.52597802  0.52860477]\n [-1.46268018  1.85648103  0.18195672  1.38129949  0.52860477  6.81491118]]", "nfev": "196", "njev": "28", "status": "0", "success": "True", "message": "Optimization terminated successfully.", "x": "[ 4.35675128  3.33867682  3.0138462   1.97854059 -0.50223459  0.05896263]", "nit": "22", "callback": [0.5855194287420555, 0.5672786289047944, 0.4126441143139311, 0.3914610576749985, 0.35375917055224626, 0.3056588208860802, 0.29511893795998645, 0.28406235673110103, 0.2781341450358864, 0.27680334483240265, 0.2764494132915144, 0.2763330343990358, 0.27629376293740415, 0.2762671731971237, 0.2762371092766237, 0.27621794185801907, 0.2762122222838478, 0.2762101595542652, 0.27620895766754183, 0.27620860637492795, 0.2762085697583778, 0.2762085686542409]}, "1": {"maxiter": 100, "gtol": 1e-05, "xrtol": 1e-05, "eps": 1e-10, "duration": 0.16310405731201172, "fun": "0.27620856862830434", "jac": "[-2.22044587e-06  0.00000000e+00  0.00000000e+00  5.55111466e-06\n  2.22044587e-06  1.11022301e-06]", "hess_inv": "[[ 5.54791632  0.72386175  1.82914742  0.59247037  3.22374208 -1.48811321]\n [ 0.72386175  5.02347134  2.63554487  1.07936077  1.26369018  1.85782949]\n [ 1.82914742  2.63554487  4.92958533  0.92743245  2.06843352  0.19333938]\n [ 0.59247037  1.07936077  0.92743245  3.38610182  0.45443418  1.38134395]\n [ 3.22374208  1.26369018  2.06843352  0.45443418  6.51972375  0.55176703]\n [-1.48811321  1.85782949  0.19333938  1.38134395  0.55176703  6.82761428]]", "nfev": "196", "njev": "28", "status": "0", "success": "True", "message": "Optimization terminated successfully.", "x": "[ 4.35676211  3.33870688  3.01387446  1.9785667  -0.50221427  0.05899   ]", "nit": "22", "callback": [0.5855208700602583, 0.5672811116897252, 0.41264033458327953, 0.3914488717032155, 0.3537351543003662, 0.30564502385582293, 0.29511884402069366, 0.28403706687494046, 0.27813261551606827, 0.2768024753570716, 0.27644937943313364, 0.27633298671963435, 0.27629380788922386, 0.276267164157301, 0.2762371170038037, 0.27621790452708905, 0.2762122380317463, 0.2762101488269716, 0.27620896558516284, 0.27620860621543863, 0.27620856986640074, 0.27620856862830434]}, "2": {"maxiter": 100, "gtol": 1e-05, "xrtol": 1e-10, "eps": 1e-05, "duration": 0.19849038124084473, "fun": "0.2762085686542409", "jac": "[-2.92954550e-07 -6.24289509e-07 -1.19964039e-06  1.73999704e-06\n  1.10718101e-06 -1.80955251e-07]", "hess_inv": "[[ 5.63025132  0.75524056  1.82935684  0.54960757  3.29508052 -1.46268018]\n [ 0.75524056  5.02480673  2.61011218  1.07317394  1.25951494  1.85648103]\n [ 1.82935684  2.61011218  4.89178142  0.93811257  2.0346579   0.18195672]\n [ 0.54960757  1.07317394  0.93811257  3.40565886  0.42364947  1.38129949]\n [ 3.29508052  1.25951494  2.0346579   0.42364947  6.52597802  0.52860477]\n [-1.46268018  1.85648103  0.18195672  1.38129949  0.52860477  6.81491118]]", "nfev": "196", "njev": "28", "status": "0", "success": "True", "message": "Optimization terminated successfully.", "x": "[ 4.35675128  3.33867682  3.0138462   1.97854059 -0.50223459  0.05896263]", "nit": "22", "callback": [0.5855194287420555, 0.5672786289047944, 0.4126441143139311, 0.3914610576749985, 0.35375917055224626, 0.3056588208860802, 0.29511893795998645, 0.28406235673110103, 0.2781341450358864, 0.27680334483240265, 0.2764494132915144, 0.2763330343990358, 0.27629376293740415, 0.2762671731971237, 0.2762371092766237, 0.27621794185801907, 0.2762122222838478, 0.2762101595542652, 0.27620895766754183, 0.27620860637492795, 0.2762085697583778, 0.2762085686542409]}, "3": {"maxiter": 100, "gtol": 1e-05, "xrtol": 1e-10, "eps": 1e-10, "duration": 0.15197229385375977, "fun": "0.27620856862830434", "jac": "[-2.22044587e-06  0.00000000e+00  0.00000000e+00  5.55111466e-06\n  2.22044587e-06  1.11022301e-06]", "hess_inv": "[[ 5.54791632  0.72386175  1.82914742  0.59247037  3.22374208 -1.48811321]\n [ 0.72386175  5.02347134  2.63554487  1.07936077  1.26369018  1.85782949]\n [ 1.82914742  2.63554487  4.92958533  0.92743245  2.06843352  0.19333938]\n [ 0.59247037  1.07936077  0.92743245  3.38610182  0.45443418  1.38134395]\n [ 3.22374208  1.26369018  2.06843352  0.45443418  6.51972375  0.55176703]\n [-1.48811321  1.85782949  0.19333938  1.38134395  0.55176703  6.82761428]]", "nfev": "196", "njev": "28", "status": "0", "success": "True", "message": "Optimization terminated successfully.", "x": "[ 4.35676211  3.33870688  3.01387446  1.9785667  -0.50221427  0.05899   ]", "nit": "22", "callback": [0.5855208700602583, 0.5672811116897252, 0.41264033458327953, 0.3914488717032155, 0.3537351543003662, 0.30564502385582293, 0.29511884402069366, 0.28403706687494046, 0.27813261551606827, 0.2768024753570716, 0.27644937943313364, 0.27633298671963435, 0.27629380788922386, 0.276267164157301, 0.2762371170038037, 0.27621790452708905, 0.2762122380317463, 0.2762101488269716, 0.27620896558516284, 0.27620860621543863, 0.27620856986640074, 0.27620856862830434]}, "4": {"maxiter": 100, "gtol": 1e-10, "xrtol": 1e-05, "eps": 1e-05, "duration": 0.19506001472473145, "fun": "0.27620856864468557", "jac": "[ 9.99644811e-08 -4.21884749e-09 -7.32414129e-08  7.81597009e-08\n -2.28372876e-08 -3.99680289e-09]", "hess_inv": "[[ 5.57435742  0.78667538  1.90706518  0.5503739   3.26334489 -1.44549511]\n [ 0.78667538  5.08994117  2.65328874  0.96588777  1.19179961  1.8219362 ]\n [ 1.90706518  2.65328874  4.87489076  0.82494501  1.98901445  0.13196299]\n [ 0.5503739   0.96588777  0.82494501  3.54352492  0.53448822  1.41316675]\n [ 3.26334489  1.19179961  1.98901445  0.53448822  6.59636396  0.56406831]\n [-1.44549511  1.8219362   0.13196299  1.41316675  0.56406831  6.81710224]]", "nfev": "203", "njev": "29", "status": "0", "success": "True", "message": "Optimization terminated successfully.", "x": "[ 4.35675086  3.33868074  3.01385065  1.97853584 -0.50223864  0.05896165]", "nit": "23", "callback": [0.5855194287420555, 0.5672786289047944, 0.4126441143139311, 0.3914610576749985, 0.35375917055224626, 0.3056588208860802, 0.29511893795998645, 0.28406235673110103, 0.2781341450358864, 0.27680334483240265, 0.2764494132915144, 0.2763330343990358, 0.27629376293740415, 0.2762671731971237, 0.2762371092766237, 0.27621794185801907, 0.2762122222838478, 0.2762101595542652, 0.27620895766754183, 0.27620860637492795, 0.2762085697583778, 0.2762085686542409, 0.27620856864468557]}, "5": {"maxiter": 100, "gtol": 1e-10, "xrtol": 1e-05, "eps": 1e-10, "duration": 0.24155378341674805, "fun": "0.2762085686005623", "jac": "[ 6.66133760e-06  3.33066880e-06  3.33066880e-06  0.00000000e+00\n -1.11022293e-06  2.22044602e-06]", "hess_inv": "[[ 5.57832287  0.54811866  1.73937582  0.30808187  3.09273395 -1.78878551]\n [ 0.54811866  4.86043799  2.67611251  1.35118366  1.51930417  1.99751758]\n [ 1.73937582  2.67611251  5.0005585   1.21041628  2.25170193  0.43259785]\n [ 0.30808187  1.35118366  1.21041628  4.44935218  1.09599104  2.33358217]\n [ 3.09273395  1.51930417  2.25170193  1.09599104  6.87075106  1.16721168]\n [-1.78878551  1.99751758  0.43259785  2.33358217  1.16721168  7.63413523]]", "nfev": "203", "njev": "29", "status": "0", "success": "True", "message": "Optimization terminated successfully.", "x": "[ 4.35676791  3.33869501  3.01386612  1.97853766 -0.50223004  0.058962  ]", "nit": "23", "callback": [0.5855208700602583, 0.5672811116897252, 0.41264033458327953, 0.3914488717032155, 0.3537351543003662, 0.30564502385582293, 0.29511884402069366, 0.28403706687494046, 0.27813261551606827, 0.2768024753570716, 0.27644937943313364, 0.27633298671963435, 0.27629380788922386, 0.276267164157301, 0.2762371170038037, 0.27621790452708905, 0.2762122380317463, 0.2762101488269716, 0.27620896558516284, 0.27620860621543863, 0.27620856986640074, 0.27620856862830434, 0.2762085686005623]}, "6": {"maxiter": 100, "gtol": 1e-10, "xrtol": 1e-10, "eps": 1e-05, "duration": 0.25557494163513184, "fun": "0.27620856864468557", "jac": "[ 9.99644811e-08 -4.21884749e-09 -7.32414129e-08  7.81597009e-08\n -2.28372876e-08 -3.99680289e-09]", "hess_inv": "[[ 5.59078     0.70930113  1.81817932  0.64693753  3.34242979 -1.42868376]\n [ 0.70930113  5.10479458  2.68015024  0.9212172   1.18345456  1.84137691]\n [ 1.81817932  2.68015024  4.91673012  0.76213241  1.96922142  0.15153201]\n [ 0.64693753  0.9212172   0.76213241  3.62993579  0.57212502  1.39627673]\n [ 3.34242979  1.18345456  1.96922142  0.57212502  6.59777194  0.54226917]\n [-1.42868376  1.84137691  0.15153201  1.39627673  0.54226917  6.80648375]]", "nfev": "320", "njev": "44", "status": "2", "success": "False", "message": "Desired error not necessarily achieved due to precision loss.", "x": "[ 4.35675086  3.33868074  3.01385065  1.97853584 -0.50223864  0.05896165]", "nit": "23", "callback": [0.5855194287420555, 0.5672786289047944, 0.4126441143139311, 0.3914610576749985, 0.35375917055224626, 0.3056588208860802, 0.29511893795998645, 0.28406235673110103, 0.2781341450358864, 0.27680334483240265, 0.2764494132915144, 0.2763330343990358, 0.27629376293740415, 0.2762671731971237, 0.2762371092766237, 0.27621794185801907, 0.2762122222838478, 0.2762101595542652, 0.27620895766754183, 0.27620860637492795, 0.2762085697583778, 0.2762085686542409, 0.27620856864468557]}, "7": {"maxiter": 100, "gtol": 1e-10, "xrtol": 1e-10, "eps": 1e-10, "duration": 0.2399451732635498, "fun": "0.2762085686005623", "jac": "[6.66133760e-06 3.33066880e-06 0.00000000e+00 0.00000000e+00\n 0.00000000e+00 2.22044602e-06]", "hess_inv": "[[ 3.45725526  1.13937014  1.68548423  3.92495838  4.35406902  1.77394773]\n [ 1.13937014 11.34393512  8.18912032 12.75755245  9.15306732 12.83702885]\n [ 1.68548423  8.18912032  9.54588544 11.56885944  8.88744445 10.30840723]\n [ 3.92495838 12.75755245 11.56885944 21.46390173 13.85644081 18.35376555]\n [ 4.35406902  9.15306732  8.88744445 13.85644081 15.71198576 13.26087178]\n [ 1.77394773 12.83702885 10.30840723 18.35376555 13.26087178 22.70951051]]", "nfev": "266", "njev": "38", "status": "0", "success": "True", "message": "Optimization terminated successfully.", "x": "[ 4.35676791  3.33869501  3.01386612  1.97853766 -0.50223004  0.058962  ]", "nit": "24", "callback": [0.5855208700602583, 0.5672811116897252, 0.41264033458327953, 0.3914488717032155, 0.3537351543003662, 0.30564502385582293, 0.29511884402069366, 0.28403706687494046, 0.27813261551606827, 0.2768024753570716, 0.27644937943313364, 0.27633298671963435, 0.27629380788922386, 0.276267164157301, 0.2762371170038037, 0.27621790452708905, 0.2762122380317463, 0.2762101488269716, 0.27620896558516284, 0.27620860621543863, 0.27620856986640074, 0.27620856862830434, 0.2762085686005623, 0.2762085686005623]}, "8": {"maxiter": 500, "gtol": 1e-05, "xrtol": 1e-05, "eps": 1e-05, "duration": 0.15249228477478027, "fun": "0.2762085686542409", "jac": "[-2.92954550e-07 -6.24289509e-07 -1.19964039e-06  1.73999704e-06\n  1.10718101e-06 -1.80955251e-07]", "hess_inv": "[[ 5.63025132  0.75524056  1.82935684  0.54960757  3.29508052 -1.46268018]\n [ 0.75524056  5.02480673  2.61011218  1.07317394  1.25951494  1.85648103]\n [ 1.82935684  2.61011218  4.89178142  0.93811257  2.0346579   0.18195672]\n [ 0.54960757  1.07317394  0.93811257  3.40565886  0.42364947  1.38129949]\n [ 3.29508052  1.25951494  2.0346579   0.42364947  6.52597802  0.52860477]\n [-1.46268018  1.85648103  0.18195672  1.38129949  0.52860477  6.81491118]]", "nfev": "196", "njev": "28", "status": "0", "success": "True", "message": "Optimization terminated successfully.", "x": "[ 4.35675128  3.33867682  3.0138462   1.97854059 -0.50223459  0.05896263]", "nit": "22", "callback": [0.5855194287420555, 0.5672786289047944, 0.4126441143139311, 0.3914610576749985, 0.35375917055224626, 0.3056588208860802, 0.29511893795998645, 0.28406235673110103, 0.2781341450358864, 0.27680334483240265, 0.2764494132915144, 0.2763330343990358, 0.27629376293740415, 0.2762671731971237, 0.2762371092766237, 0.27621794185801907, 0.2762122222838478, 0.2762101595542652, 0.27620895766754183, 0.27620860637492795, 0.2762085697583778, 0.2762085686542409]}, "9": {"maxiter": 500, "gtol": 1e-05, "xrtol": 1e-05, "eps": 1e-10, "duration": 0.1565721035003662, "fun": "0.27620856862830434", "jac": "[-2.22044587e-06  0.00000000e+00  0.00000000e+00  5.55111466e-06\n  2.22044587e-06  1.11022301e-06]", "hess_inv": "[[ 5.54791632  0.72386175  1.82914742  0.59247037  3.22374208 -1.48811321]\n [ 0.72386175  5.02347134  2.63554487  1.07936077  1.26369018  1.85782949]\n [ 1.82914742  2.63554487  4.92958533  0.92743245  2.06843352  0.19333938]\n [ 0.59247037  1.07936077  0.92743245  3.38610182  0.45443418  1.38134395]\n [ 3.22374208  1.26369018  2.06843352  0.45443418  6.51972375  0.55176703]\n [-1.48811321  1.85782949  0.19333938  1.38134395  0.55176703  6.82761428]]", "nfev": "196", "njev": "28", "status": "0", "success": "True", "message": "Optimization terminated successfully.", "x": "[ 4.35676211  3.33870688  3.01387446  1.9785667  -0.50221427  0.05899   ]", "nit": "22", "callback": [0.5855208700602583, 0.5672811116897252, 0.41264033458327953, 0.3914488717032155, 0.3537351543003662, 0.30564502385582293, 0.29511884402069366, 0.28403706687494046, 0.27813261551606827, 0.2768024753570716, 0.27644937943313364, 0.27633298671963435, 0.27629380788922386, 0.276267164157301, 0.2762371170038037, 0.27621790452708905, 0.2762122380317463, 0.2762101488269716, 0.27620896558516284, 0.27620860621543863, 0.27620856986640074, 0.27620856862830434]}, "10": {"maxiter": 500, "gtol": 1e-05, "xrtol": 1e-10, "eps": 1e-05, "duration": 0.15720391273498535, "fun": "0.2762085686542409", "jac": "[-2.92954550e-07 -6.24289509e-07 -1.19964039e-06  1.73999704e-06\n  1.10718101e-06 -1.80955251e-07]", "hess_inv": "[[ 5.63025132  0.75524056  1.82935684  0.54960757  3.29508052 -1.46268018]\n [ 0.75524056  5.02480673  2.61011218  1.07317394  1.25951494  1.85648103]\n [ 1.82935684  2.61011218  4.89178142  0.93811257  2.0346579   0.18195672]\n [ 0.54960757  1.07317394  0.93811257  3.40565886  0.42364947  1.38129949]\n [ 3.29508052  1.25951494  2.0346579   0.42364947  6.52597802  0.52860477]\n [-1.46268018  1.85648103  0.18195672  1.38129949  0.52860477  6.81491118]]", "nfev": "196", "njev": "28", "status": "0", "success": "True", "message": "Optimization terminated successfully.", "x": "[ 4.35675128  3.33867682  3.0138462   1.97854059 -0.50223459  0.05896263]", "nit": "22", "callback": [0.5855194287420555, 0.5672786289047944, 0.4126441143139311, 0.3914610576749985, 0.35375917055224626, 0.3056588208860802, 0.29511893795998645, 0.28406235673110103, 0.2781341450358864, 0.27680334483240265, 0.2764494132915144, 0.2763330343990358, 0.27629376293740415, 0.2762671731971237, 0.2762371092766237, 0.27621794185801907, 0.2762122222838478, 0.2762101595542652, 0.27620895766754183, 0.27620860637492795, 0.2762085697583778, 0.2762085686542409]}, "11": {"maxiter": 500, "gtol": 1e-05, "xrtol": 1e-10, "eps": 1e-10, "duration": 0.16225004196166992, "fun": "0.27620856862830434", "jac": "[-2.22044587e-06  0.00000000e+00  0.00000000e+00  5.55111466e-06\n  2.22044587e-06  1.11022301e-06]", "hess_inv": "[[ 5.54791632  0.72386175  1.82914742  0.59247037  3.22374208 -1.48811321]\n [ 0.72386175  5.02347134  2.63554487  1.07936077  1.26369018  1.85782949]\n [ 1.82914742  2.63554487  4.92958533  0.92743245  2.06843352  0.19333938]\n [ 0.59247037  1.07936077  0.92743245  3.38610182  0.45443418  1.38134395]\n [