{"date": "2024/09/24/, 18:15:38", "conf_id": 18, "data_type": "random\n", "num_data_points": 1, "s_rank": 0, "unitary": "[[-0.53618537-0.34368723j,-0.12107031-0.46226139j,-0.07699282-0.46603512j,0.36022595-0.11472301j],[0.26026499-0.63450712j,-0.56616638+0.37832564j,-0.14988651+0.08458591j,0.10363514-0.16008501j],[-0.32580188-0.11070003j,-0.36476308-0.23593218j,0.02559343+0.41761608j,-0.25598305+0.6725303j],[0.07406738-0.0126433j,0.28513701+0.19483972j,-0.74939717-0.10299659j,0.29798249+0.46269921j]]", "databatch_0": {"databatch": "[[[-0.07795419+0.29819206j,-0.27920523+0.30634329j,0.24090422-0.25277829j,-0.19851574-0.05390677j],[0.14148921-0.00563487j,0.19780328+0.26749474j,0.00702299-0.10053885j,0.16637329+0.20192603j],[-0.01382119+0.08774322j,-0.05077223+0.14263597j,-0.08386457+0.04476311j,-0.09673325-0.0103696j],[0.17755784-0.10153512j,-0.18264166-0.02059411j,0.08262112-0.26555682j,0.00847636+0.39656431j]]]", "initial param values": "[3.79972784,5.21027018,0.77232853,4.85640537,3.12571634,5.17637119]", "nelder_mead": {"type": "gradient-free", "0": {"maxiter": 100, "fatol": 1e-05, "xatol": 1e-05, "duration": 0.0400700569152832, "fun": "0.2982240590407488", "nit": "100", "nfev": "151", "status": "2", "success": "False", "message": "Maximum number of iterations has been exceeded.", "x": "[4.94871238 6.18677913 0.65889892 5.85154005 2.72909342 7.44827965]", "final_simplex": "(array([[4.94871238, 6.18677913, 0.65889892, 5.85154005, 2.72909342,\n        7.44827965],\n       [4.8914725 , 6.05372561, 0.65871504, 5.8465166 , 2.89701004,\n        7.3060799 ],\n       [4.93490321, 6.16735453, 0.65220215, 5.8308413 , 2.92607071,\n        7.19399019],\n       [4.79805242, 6.17086759, 0.6359354 , 5.94015405, 3.06252051,\n        7.08681007],\n       [4.79139696, 6.15501371, 0.64243939, 5.86937506, 3.07658631,\n        7.11045134],\n       [4.71594802, 6.14260094, 0.63897999, 5.97077068, 3.11582632,\n        7.00522105],\n       [4.79649068, 6.13822533, 0.64058776, 5.99361106, 3.13237568,\n        7.0382456 ]]), array([0.29822406, 0.3063236 , 0.30700625, 0.30926968, 0.30933562,\n       0.31094365, 0.31270795]))", "callback": [0.8695922993995984, 0.6311204301339635, 0.47024534299878873, 0.3756751100382899, 0.34379723436311027, 0.33145167631572303, 0.32276464604685395, 0.31918106498397125, 0.31918106498397125, 0.31270795023790776]}, "1": {"maxiter": 100, "fatol": 1e-05, "xatol": 1e-10, "duration": 0.03688406944274902, "fun": "0.2982240590407488", "nit": "100", "nfev": "151", "status": "2", "success": "False", "message": "Maximum number of iterations has been exceeded.", "x": "[4.94871238 6.18677913 0.65889892 5.85154005 2.72909342 7.44827965]", "final_simplex": "(array([[4.94871238, 6.18677913, 0.65889892, 5.85154005, 2.72909342,\n        7.44827965],\n       [4.8914725 , 6.05372561, 0.65871504, 5.8465166 , 2.89701004,\n        7.3060799 ],\n       [4.93490321, 6.16735453, 0.65220215, 5.8308413 , 2.92607071,\n        7.19399019],\n       [4.79805242, 6.17086759, 0.6359354 , 5.94015405, 3.06252051,\n        7.08681007],\n       [4.79139696, 6.15501371, 0.64243939, 5.86937506, 3.07658631,\n        7.11045134],\n       [4.71594802, 6.14260094, 0.63897999, 5.97077068, 3.11582632,\n        7.00522105],\n       [4.79649068, 6.13822533, 0.64058776, 5.99361106, 3.13237568,\n        7.0382456 ]]), array([0.29822406, 0.3063236 , 0.30700625, 0.30926968, 0.30933562,\n       0.31094365, 0.31270795]))", "callback": [0.8695922993995984, 0.6311204301339635, 0.47024534299878873, 0.3756751100382899, 0.34379723436311027, 0.33145167631572303, 0.32276464604685395, 0.31918106498397125, 0.31918106498397125, 0.31270795023790776]}, "2": {"maxiter": 100, "fatol": 1e-10, "xatol": 1e-05, "duration": 0.03623604774475098, "fun": "0.2982240590407488", "nit": "100", "nfev": "151", "status": "2", "success": "False", "message": "Maximum number of iterations has been exceeded.", "x": "[4.94871238 6.18677913 0.65889892 5.85154005 2.72909342 7.44827965]", "final_simplex": "(array([[4.94871238, 6.18677913, 0.65889892, 5.85154005, 2.72909342,\n        7.44827965],\n       [4.8914725 , 6.05372561, 0.65871504, 5.8465166 , 2.89701004,\n        7.3060799 ],\n       [4.93490321, 6.16735453, 0.65220215, 5.8308413 , 2.92607071,\n        7.19399019],\n       [4.79805242, 6.17086759, 0.6359354 , 5.94015405, 3.06252051,\n        7.08681007],\n       [4.79139696, 6.15501371, 0.64243939, 5.86937506, 3.07658631,\n        7.11045134],\n       [4.71594802, 6.14260094, 0.63897999, 5.97077068, 3.11582632,\n        7.00522105],\n       [4.79649068, 6.13822533, 0.64058776, 5.99361106, 3.13237568,\n        7.0382456 ]]), array([0.29822406, 0.3063236 , 0.30700625, 0.30926968, 0.30933562,\n       0.31094365, 0.31270795]))", "callback": [0.8695922993995984, 0.6311204301339635, 0.47024534299878873, 0.3756751100382899, 0.34379723436311027, 0.33145167631572303, 0.32276464604685395, 0.31918106498397125, 0.31918106498397125, 0.31270795023790776]}, "3": {"maxiter": 100, "fatol": 1e-10, "xatol": 1e-10, "duration": 0.03598308563232422, "fun": "0.2982240590407488", "nit": "100", "nfev": "151", "status": "2", "success": "False", "message": "Maximum number of iterations has been exceeded.", "x": "[4.94871238 6.18677913 0.65889892 5.85154005 2.72909342 7.44827965]", "final_simplex": "(array([[4.94871238, 6.18677913, 0.65889892, 5.85154005, 2.72909342,\n        7.44827965],\n       [4.8914725 , 6.05372561, 0.65871504, 5.8465166 , 2.89701004,\n        7.3060799 ],\n       [4.93490321, 6.16735453, 0.65220215, 5.8308413 , 2.92607071,\n        7.19399019],\n       [4.79805242, 6.17086759, 0.6359354 , 5.94015405, 3.06252051,\n        7.08681007],\n       [4.79139696, 6.15501371, 0.64243939, 5.86937506, 3.07658631,\n        7.11045134],\n       [4.71594802, 6.14260094, 0.63897999, 5.97077068, 3.11582632,\n        7.00522105],\n       [4.79649068, 6.13822533, 0.64058776, 5.99361106, 3.13237568,\n        7.0382456 ]]), array([0.29822406, 0.3063236 , 0.30700625, 0.30926968, 0.30933562,\n       0.31094365, 0.31270795]))", "callback": [0.8695922993995984, 0.6311204301339635, 0.47024534299878873, 0.3756751100382899, 0.34379723436311027, 0.33145167631572303, 0.32276464604685395, 0.31918106498397125, 0.31918106498397125, 0.31270795023790776]}, "4": {"maxiter": 500, "fatol": 1e-05, "xatol": 1e-05, "duration": 0.13214588165283203, "fun": "0.26178425393476545", "nit": "356", "nfev": "557", "status": "0", "success": "True", "message": "Optimization terminated successfully.", "x": "[4.88329491 6.29473285 1.07777467 5.72592002 1.71213051 8.15117801]", "final_simplex": "(array([[4.88329491, 6.29473285, 1.07777467, 5.72592002, 1.71213051,\n        8.15117801],\n       [4.88329031, 6.29473109, 1.07776651, 5.72591914, 1.71213689,\n        8.15117334],\n       [4.88329202, 6.294734  , 1.07777023, 5.72591925, 1.71214011,\n        8.15117144],\n       [4.8832949 , 6.2947311 , 1.077772  , 5.72591598, 1.71213118,\n        8.1511784 ],\n       [4.88329631, 6.29473384, 1.07777093, 5.72592083, 1.7121373 ,\n        8.15117478],\n       [4.88328776, 6.29472763, 1.07776899, 5.72591938, 1.71213735,\n        8.15117918],\n       [4.88329454, 6.29473602, 1.0777774 , 5.72591831, 1.71212494,\n        8.15118205]]), array([0.26178425, 0.26178425, 0.26178425, 0.26178425, 0.26178425,\n       0.26178425, 0.26178425]))", "callback": [0.8695922993995984, 0.6311204301339635, 0.47024534299878873, 0.3756751100382899, 0.34379723436311027, 0.33145167631572303, 0.32276464604685395, 0.31918106498397125, 0.31918106498397125, 0.31270795023790776, 0.2982240590407488, 0.28572910055479084, 0.27829948342721234, 0.27660470047197916, 0.2757731626064024, 0.27522029639273804, 0.2741458593260957, 0.27345735541208593, 0.2720018854327808, 0.2697095667149383, 0.26557234768429216, 0.2623776331080331, 0.2621717114508266, 0.2619570160861835, 0.2618577297506264, 0.2618255343379914, 0.26178907277639585, 0.2617849285982393, 0.2617846314338136, 0.26178429471239173, 0.26178426295649526, 0.2617842553688944, 0.2617842541994595, 0.2617842539650208, 0.26178425395116156, 0.26178425393554006]}, "5": {"maxiter": 500, "fatol": 1e-05, "xatol": 1e-10, "duration": 0.19304919242858887, "fun": "0.2617842539323515", "nit": "462", "nfev": "792", "status": "0", "success": "True", "message": "Optimization terminated successfully.", "x": "[4.88329159 6.29473205 1.07777087 5.72591947 1.71213371 8.15117545]", "final_simplex": "(array([[4.88329159, 6.29473205, 1.07777087, 5.72591947, 1.71213371,\n        8.15117545],\n       [4.88329159, 6.29473205, 1.07777087, 5.72591947, 1.71213371,\n        8.15117545],\n       [4.88329159, 6.29473205, 1.07777087, 5.72591947, 1.71213371,\n        8.15117545],\n       [4.88329159, 6.29473205, 1.07777087, 5.72591947, 1.71213371,\n        8.15117545],\n       [4.88329159, 6.29473205, 1.07777087, 5.72591947, 1.71213371,\n        8.15117545],\n       [4.88329159, 6.29473205, 1.07777087, 5.72591947, 1.71213371,\n        8.15117545],\n       [4.88329159, 6.29473205, 1.07777087, 5.72591947, 1.71213371,\n        8.15117545]]), array([0.26178425, 0.26178425, 0.26178425, 0.26178425, 0.26178425,\n       0.26178425, 0.26178425]))", "callback": [0.8695922993995984, 0.6311204301339635, 0.47024534299878873, 0.3756751100382899, 0.34379723436311027, 0.33145167631572303, 0.32276464604685395, 0.31918106498397125, 0.31918106498397125, 0.31270795023790776, 0.2982240590407488, 0.28572910055479084, 0.27829948342721234, 0.27660470047197916, 0.2757731626064024, 0.27522029639273804, 0.2741458593260957, 0.27345735541208593, 0.2720018854327808, 0.2697095667149383, 0.26557234768429216, 0.2623776331080331, 0.2621717114508266, 0.2619570160861835, 0.2618577297506264, 0.2618255343379914, 0.26178907277639585, 0.2617849285982393, 0.2617846314338136, 0.26178429471239173, 0.26178426295649526, 0.2617842553688944, 0.2617842541994595, 0.2617842539650208, 0.26178425395116156, 0.26178425393554006, 0.26178425393295246, 0.26178425393254523, 0.26178425393243077, 0.26178425393236604, 0.2617842539323567, 0.2617842539323533, 0.26178425393235205, 0.26178425393235183, 0.2617842539323516, 0.2617842539323515, 0.2617842539323515]}, "6": {"maxiter": 500, "fatol": 1e-10, "xatol": 1e-05, "duration": 0.13453221321105957, "fun": "0.26178425393476545", "nit": "356", "nfev": "557", "status": "0", "success": "True", "message": "Optimization terminated successfully.", "x": "[4.88329491 6.29473285 1.07777467 5.72592002 1.71213051 8.15117801]", "final_simplex": "(array([[4.88329491, 6.29473285, 1.07777467, 5.72592002, 1.71213051,\n        8.15117801],\n       [4.88329031, 6.29473109, 1.07776651, 5.72591914, 1.71213689,\n        8.15117334],\n       [4.88329202, 6.294734  , 1.07777023, 5.72591925, 1.71214011,\n        8.15117144],\n       [4.8832949 , 6.2947311 , 1.077772  , 5.72591598, 1.71213118,\n        8.1511784 ],\n       [4.88329631, 6.29473384, 1.07777093, 5.72592083, 1.7121373 ,\n        8.15117478],\n       [4.88328776, 6.29472763, 1.07776899, 5.72591938, 1.71213735,\n        8.15117918],\n       [4.88329454, 6.29473602, 1.0777774 , 5.72591831, 1.71212494,\n        8.15118205]]), array([0.26178425, 0.26178425, 0.26178425, 0.26178425, 0.26178425,\n       0.26178425, 0.26178425]))", "callback": [0.8695922993995984, 0.6311204301339635, 0.47024534299878873, 0.3756751100382899, 0.34379723436311027, 0.33145167631572303, 0.32276464604685395, 0.31918106498397125, 0.31918106498397125, 0.31270795023790776, 0.2982240590407488, 0.28572910055479084, 0.27829948342721234, 0.27660470047197916, 0.2757731626064024, 0.27522029639273804, 0.2741458593260957, 0.27345735541208593, 0.2720018854327808, 0.2697095667149383, 0.26557234768429216, 0.2623776331080331, 0.2621717114508266, 0.2619570160861835, 0.2618577297506264, 0.2618255343379914, 0.26178907277639585, 0.2617849285982393, 0.2617846314338136, 0.26178429471239173, 0.26178426295649526, 0.2617842553688944, 0.2617842541994595, 0.2617842539650208, 0.26178425395116156, 0.26178425393554006]}, "7": {"maxiter": 500, "fatol": 1e-10, "xatol": 1e-10, "duration": 0.24714088439941406, "fun": "0.2617842539323515", "nit": "462", "nfev": "792", "status": "0", "success": "True", "message": "Optimization terminated successfully.", "x": "[4.88329159 6.29473205 1.07777087 5.72591947 1.71213371 8.15117545]", "final_simplex": "(array([[4.88329159, 6.29473205, 1.07777087, 5.72591947, 1.71213371,\n        8.15117545],\n       [4.88329159, 6.29473205, 1.07777087, 5.72591947, 1.71213371,\n        8.15117545],\n       [4.88329159, 6.29473205, 1.07777087, 5.72591947, 1.71213371,\n        8.15117545],\n       [4.88329159, 6.29473205, 1.07777087, 5.72591947, 1.71213371,\n        8.15117545],\n       [4.88329159, 6.29473205, 1.07777087, 5.72591947, 1.71213371,\n        8.15117545],\n       [4.88329159, 6.29473205, 1.07777087, 5.72591947, 1.71213371,\n        8.15117545],\n       [4.88329159, 6.29473205, 1.07777087, 5.72591947, 1.71213371,\n        8.15117545]]), array([0.26178425, 0.26178425, 0.26178425, 0.26178425, 0.26178425,\n       0.26178425, 0.26178425]))", "callback": [0.8695922993995984, 0.6311204301339635, 0.47024534299878873, 0.3756751100382899, 0.34379723436311027, 0.33145167631572303, 0.32276464604685395, 0.31918106498397125, 0.31918106498397125, 0.31270795023790776, 0.2982240590407488, 0.28572910055479084, 0.27829948342721234, 0.27660470047197916, 0.2757731626064024, 0.27522029639273804, 0.2741458593260957, 0.27345735541208593, 0.2720018854327808, 0.2697095667149383, 0.26557234768429216, 0.2623776331080331, 0.2621717114508266, 0.2619570160861835, 0.2618577297506264, 0.2618255343379914, 0.26178907277639585, 0.2617849285982393, 0.2617846314338136, 0.26178429471239173, 0.26178426295649526, 0.2617842553688944, 0.2617842541994595, 0.2617842539650208, 0.26178425395116156, 0.26178425393554006, 0.26178425393295246, 0.26178425393254523, 0.26178425393243077, 0.26178425393236604, 0.2617842539323567, 0.2617842539323533, 0.26178425393235205, 0.26178425393235183, 0.2617842539323516, 0.2617842539323515, 0.2617842539323515]}, "8": {"maxiter": 1000, "fatol": 1e-05, "xatol": 1e-05, "duration": 0.1387190818786621, "fun": "0.26178425393476545", "nit": "356", "nfev": "557", "status": "0", "success": "True", "message": "Optimization terminated successfully.", "x": "[4.88329491 6.29473285 1.07777467 5.72592002 1.71213051 8.15117801]", "final_simplex": "(array([[4.88329491, 6.29473285, 1.07777467, 5.72592002, 1.71213051,\n        8.15117801],\n       [4.88329031, 6.29473109, 1.07776651, 5.72591914, 1.71213689,\n        8.15117334],\n       [4.88329202, 6.294734  , 1.07777023, 5.72591925, 1.71214011,\n        8.15117144],\n       [4.8832949 , 6.2947311 , 1.077772  , 5.72591598, 1.71213118,\n        8.1511784 ],\n       [4.88329631, 6.29473384, 1.07777093, 5.72592083, 1.7121373 ,\n        8.15117478],\n       [4.88328776, 6.29472763, 1.07776899, 5.72591938, 1.71213735,\n        8.15117918],\n       [4.88329454, 6.29473602, 1.0777774 , 5.72591831, 1.71212494,\n        8.15118205]]), array([0.26178425, 0.26178425, 0.26178425, 0.26178425, 0.26178425,\n       0.26178425, 0.26178425]))", "callback": [0.8695922993995984, 0.6311204301339635, 0.47024534299878873, 0.3756751100382899, 0.34379723436311027, 0.33145167631572303, 0.32276464604685395, 0.31918106498397125, 0.31918106498397125, 0.31270795023790776, 0.2982240590407488, 0.28572910055479084, 0.27829948342721234, 0.27660470047197916, 0.2757731626064024, 0.27522029639273804, 0.2741458593260957, 0.27345735541208593, 0.2720018854327808, 0.2697095667149383, 0.26557234768429216, 0.2623776331080331, 0.2621717114508266, 0.2619570160861835, 0.2618577297506264, 0.2618255343379914, 0.26178907277639585, 0.2617849285982393, 0.2617846314338136, 0.26178429471239173, 0.26178426295649526, 0.2617842553688944, 0.2617842541994595, 0.2617842539650208, 0.26178425395116156, 0.26178425393554006]}, "9": {"maxiter": 1000, "fatol": 1e-05, "xatol": 1e-10, "duration": 0.1905982494354248, "fun": "0.2617842539323515", "nit": "462", "nfev": "792", "status": "0", "success": "True", "message": "Optimization terminated successfully.", "x": "[4.88329159 6.29473205 1.07777087 5.72591947 1.71213371 8.15117545]", "final_simplex": "(array([[4.88329159, 6.29473205, 1.07777087, 5.72591947, 1.71213371,\n        8.15117545],\n       [4.88329159, 6.29473205, 1.07777087, 5.72591947, 1.71213371,\n        8.15117545],\n       [4.88329159, 6.29473205, 1.07777087, 5.72591947, 1.71213371,\n        8.15117545],\n       [4.88329159, 6.29473205, 1.07777087, 5.72591947, 1.71213371,\n        8.15117545],\n       [4.88329159, 6.29473205, 1.07777087, 5.72591947, 1.71213371,\n        8.15117545],\n       [4.88329159, 6.29473205, 1.07777087, 5.72591947, 1.71213371,\n        8.15117545],\n       [4.88329159, 6.29473205, 1.07777087, 5.72591947, 1.71213371,\n        8.15117545]]), array([0.26178425, 0.26178425, 0.26178425, 0.26178425, 0.26178425,\n       0.26178425, 0.26178425]))", "callback": [0.8695922993995984, 0.6311204301339635, 0.47024534299878873, 0.3756751100382899, 0.34379723436311027, 0.33145167631572303, 0.32276464604685395, 0.31918106498397125, 0.31918106498397125, 0.31270795023790776, 0.2982240590407488, 0.28572910055479084, 0.27829948342721234, 0.27660470047197916, 0.2757731626064024, 0.27522029639273804, 0.2741458593260957, 0.27345735541208593, 0.2720018854327808, 0.2697095667149383, 0.26557234768429216, 0.2623776331080331, 0.2621717114508266, 0.2619570160861835, 0.2618577297506264, 0.2618255343379914, 0.26178907277639585, 0.2617849285982393, 0.2617846314338136, 0.26178429471239173, 0.26178426295649526, 0.2617842553688944, 0.2617842541994595, 0.2617842539650208, 0.26178425395116156, 0.26178425393554006, 0.26178425393295246, 0.26178425393254523, 0.26178425393243077, 0.26178425393236604, 0.2617842539323567, 0.2617842539323533, 0.26178425393235205, 0.26178425393235183, 0.2617842539323516, 0.2617842539323515, 0.2617842539323515]}, "10": {"maxiter": 1000, "fatol": 1e-10, "xatol": 1e-05, "duration": 0.13212299346923828, "fun": "0.26178425393476545", "nit": "356", "nfev": "557", "status": "0", "success": "True", "message": "Optimization terminated successfully.", "x": "[4.88329491 6.29473285 1.07777467 5.72592002 1.71213051 8.15117801]", "final_simplex": "(array([[4.88329491, 6.29473285, 1.07777467, 5.72592002, 1.71213051,\n        8.15117801],\n       [4.88329031, 6.29473109, 1.07776651, 5.72591914, 1.71213689,\n        8.15117334],\n       [4.88329202, 6.294734  , 1.07777023, 5.72591925, 1.71214011,\n        8.15117144],\n       [4.8832949 , 6.2947311 , 1.077772  , 5.72591598, 1.71213118,\n        8.1511784 ],\n       [4.88329631, 6.29473384, 1.07777093, 5.72592083, 1.7121373 ,\n        8.15117478],\n       [4.88328776, 6.29472763, 1.07776899, 5.72591938, 1.71213735,\n        8.15117918],\n       [4.88329454, 6.29473602, 1.0777774 , 5.72591831, 1.71212494,\n        8.15118205]]), array([0.26178425, 0.26178425, 0.26178425, 0.26178425, 0.26178425,\n       0.26178425, 0.26178425]))", "callback": [0.8695922993995984, 0.6311204301339635, 0.47024534299878873, 0.3756751100382899, 0.34379723436311027, 0.33145167631572303, 0.32276464604685395, 0.31918106498397125, 0.31918106498397125, 0.31270795023790776, 0.2982240590407488, 0.28572910055479084, 0.27829948342721234, 0.27660470047197916, 0.2757731626064024, 0.27522029639273804, 0.2741458593260957, 0.27345735541208593, 0.2720018854327808, 0.2697095667149383, 0.26557234768429216, 0.2623776331080331, 0.2621717114508266, 0.2619570160861835, 0.2618577297506264, 0.2618255343379914, 0.26178907277639585, 0.2617849285982393, 0.2617846314338136, 0.26178429471239173, 0.26178426295649526, 0.2617842553688944, 0.2617842541994595, 0.2617842539650208, 0.26178425395116156, 0.26178425393554006]}, "11": {"maxiter": 1000, "fatol": 1e-10, "xatol": 1e-10, "duration": 0.18885397911071777, "fun": "0.2617842539323515", "nit": "462", "nfev": "792", "status": "0", "success": "True", "message": "Optimization terminated successfully.", "x": "[4.88329159 6.29473205 1.07777087 5.72591947 1.71213371 8.15117545]", "final_simplex": "(array([[4.88329159, 6.29473205, 1.07777087, 5.72591947, 1.71213371,\n        8.15117545],\n       [4.88329159, 6.29473205, 1.07777087, 5.72591947, 1.71213371,\n        8.15117545],\n       [4.88329159, 6.29473205, 1.07777087, 5.72591947, 1.71213371,\n        8.15117545],\n       [4.88329159, 6.29473205, 1.07777087, 5.72591947, 1.71213371,\n        8.15117545],\n       [4.88329159, 6.29473205, 1.07777087, 5.72591947, 1.71213371,\n        8.15117545],\n       [4.88329159, 6.29473205, 1.07777087, 5.72591947, 1.71213371,\n        8.15117545],\n       [4.88329159, 6.29473205, 1.07777087, 5.72591947, 1.71213371,\n        8.15117545]]), array([0.26178425, 0.26178425, 0.26178425, 0.26178425, 0.26178425,\n       0.26178425, 0.26178425]))", "callback": [0.8695922993995984, 0.6311204301339635, 0.47024534299878873, 0.3756751100382899, 0.34379723436311027, 0.33145167631572303, 0.32276464604685395, 0.31918106498397125, 0.31918106498397125, 0.31270795023790776, 0.2982240590407488, 0.28572910055479084, 0.27829948342721234, 0.27660470047197916, 0.2757731626064024, 0.27522029639273804, 0.2741458593260957, 0.27345735541208593, 0.2720018854327808, 0.2697095667149383, 0.26557234768429216, 0.2623776331080331, 0.2621717114508266, 0.2619570160861835, 0.2618577297506264, 0.2618255343379914, 0.26178907277639585, 0.2617849285982393, 0.2617846314338136, 0.26178429471239173, 0.26178426295649526, 0.2617842553688944, 0.2617842541994595, 0.2617842539650208, 0.26178425395116156, 0.26178425393554006, 0.26178425393295246, 0.26178425393254523, 0.26178425393243077, 0.26178425393236604, 0.2617842539323567, 0.2617842539323533, 0.26178425393235205, 0.26178425393235183, 0.2617842539323516, 0.2617842539323515, 0.2617842539323515]}}, "bfgs": {"type": "gradient", "0": {"maxiter": 100, "gtol": 1e-05, "xrtol": 1e-05, "eps": 1e-05, "duration": 0.05477404594421387, "fun": "0.2617842539507893", "jac": "[ 6.32827124e-09  4.69624339e-09  1.19260157e-07 -1.31628042e-07\n  2.02171613e-08 -9.22595333e-09]", "hess_inv": "[[  7.24597412   1.64673966   2.66751167  -0.46498123   0.49377908\n   -2.69735805]\n [  1.64673966   3.86871703   0.90274575   0.14402897  -0.33226948\n   -1.84140799]\n [  2.66751167   0.90274575   5.33728475  -0.58881083  -2.9812111\n   -0.04327521]\n [ -0.46498123   0.14402897  -0.58881083   2.93195172   1.26967561\n   -0.98834671]\n [  0.49377908  -0.33226948  -2.9812111    1.26967561  16.35776741\n  -13.2988183 ]\n [ -2.69735805  -1.84140799  -0.04327521  -0.98834671 -13.2988183\n   15.62322605]]", "nfev": "224", "njev": "32", "status": "0", "success": "True", "message": "Optimization terminated successfully.", "x": "[4.88328251 6.29472586 1.07776502 5.72591465 1.71213101 8.15117853]", "nit": "26", "callback": [0.5615619600742927, 0.539025716942227, 0.36223753821578786, 0.3531024799380599, 0.33805842981938494, 0.32460452250851957, 0.3216525240984409, 0.3172715369664052, 0.31463682481920163, 0.31336679874708373, 0.31133289381041573, 0.308590067985142, 0.3062625283692344, 0.3033098151640343, 0.29907120637090245, 0.29184456085804533, 0.2804374572173747, 0.2690407631628444, 0.26518200260216007, 0.26282436586548896, 0.2621031593610711, 0.26182099986975205, 0.2617862529456778, 0.26178426116538533, 0.2617842541015378, 0.2617842539507893]}, "1": {"maxiter": 100, "gtol": 1e-05, "xrtol": 1e-05, "eps": 1e-10, "duration": 0.053811073303222656, "fun": "0.2617842540670111", "jac": "[ 0.00000000e+00  0.00000000e+00  1.11022293e-06 -1.11022293e-06\n -2.22044587e-06  1.11022293e-06]", "hess_inv": "[[  7.47087931   1.60010933   2.48034853  -0.5898842    0.90282273\n   -3.25346691]\n [  1.60010933   3.80052121   0.78465219   0.06409326  -0.30125731\n   -1.86398755]\n [  2.48034853   0.78465219   5.14761051  -0.70426986  -3.07058572\n    0.09300344]\n [ -0.5898842    0.06409326  -0.70426986   2.8608615    1.25061202\n   -0.9282271 ]\n [  0.90282273  -0.30125731  -3.07058572   1.25061202  17.00261419\n  -14.06100397]\n [ -3.25346691  -1.86398755   0.09300344  -0.9282271  -14.06100397\n   16.58295282]]", "nfev": "224", "njev": "32", "status": "0", "success": "True", "message": "Optimization terminated successfully.", "x": "[4.88327598 6.29472337 1.07777668 5.7259104  1.7120738  8.15123629]", "nit": "26", "callback": [0.5615632463578402, 0.5390279817032619, 0.3622452044288188, 0.35311271850253834, 0.3380703227534494, 0.3246045641388685, 0.3216531287314075, 0.3172725190864155, 0.314636557236072, 0.3133670318256675, 0.31133369707978076, 0.30858980633325594, 0.3062619162843663, 0.30330952764316443, 0.2990732039457864, 0.2918494433584191, 0.28044599784883006, 0.26904279454500024, 0.2651828115041043, 0.26282203814593186, 0.2621031428420244, 0.2618215336013946, 0.2617863121833174, 0.2617842616151548, 0.26178425423766394, 0.2617842540670111]}, "2": {"maxiter": 100, "gtol": 1e-05, "xrtol": 1e-10, "eps": 1e-05, "duration": 0.05373692512512207, "fun": "0.2617842539507893", "jac": "[ 6.32827124e-09  4.69624339e-09  1.19260157e-07 -1.31628042e-07\n  2.02171613e-08 -9.22595333e-09]", "hess_inv": "[[  7.24597412   1.64673966   2.66751167  -0.46498123   0.49377908\n   -2.69735805]\n [  1.64673966   3.86871703   0.90274575   0.14402897  -0.33226948\n   -1.84140799]\n [  2.66751167   0.90274575   5.33728475  -0.58881083  -2.9812111\n   -0.04327521]\n [ -0.46498123   0.14402897  -0.58881083   2.93195172   1.26967561\n   -0.98834671]\n [  0.49377908  -0.33226948  -2.9812111    1.26967561  16.35776741\n  -13.2988183 ]\n [ -2.69735805  -1.84140799  -0.04327521  -0.98834671 -13.2988183\n   15.62322605]]", "nfev": "224", "njev": "32", "status": "0", "success": "True", "message": "Optimization terminated successfully.", "x": "[4.88328251 6.29472586 1.07776502 5.72591465 1.71213101 8.15117853]", "nit": "26", "callback": [0.5615619600742927, 0.539025716942227, 0.36223753821578786, 0.3531024799380599, 0.33805842981938494, 0.32460452250851957, 0.3216525240984409, 0.3172715369664052, 0.31463682481920163, 0.31336679874708373, 0.31133289381041573, 0.308590067985142, 0.3062625283692344, 0.3033098151640343, 0.29907120637090245, 0.29184456085804533, 0.2804374572173747, 0.2690407631628444, 0.26518200260216007, 0.26282436586548896, 0.2621031593610711, 0.26182099986975205, 0.2617862529456778, 0.26178426116538533, 0.2617842541015378, 0.2617842539507893]}, "3": {"maxiter": 100, "gtol": 1e-05, "xrtol": 1e-10, "eps": 1e-10, "duration": 0.053148746490478516, "fun": "0.2617842540670111", "jac": "[ 0.00000000e+00  0.00000000e+00  1.11022293e-06 -1.11022293e-06\n -2.22044587e-06  1.11022293e-06]", "hess_inv": "[[  7.47087931   1.60010933   2.48034853  -0.5898842    0.90282273\n   -3.25346691]\n [  1.60010933   3.80052121   0.78465219   0.06409326  -0.30125731\n   -1.86398755]\n [  2.48034853   0.78465219   5.14761051  -0.70426986  -3.07058572\n    0.09300344]\n [ -0.5898842    0.06409326  -0.70426986   2.8608615    1.25061202\n   -0.9282271 ]\n [  0.90282273  -0.30125731  -3.07058572   1.25061202  17.00261419\n  -14.06100397]\n [ -3.25346691  -1.86398755   0.09300344  -0.9282271  -14.06100397\n   16.58295282]]", "nfev": "224", "njev": "32", "status": "0", "success": "True", "message": "Optimization terminated successfully.", "x": "[4.88327598 6.29472337 1.07777668 5.7259104  1.7120738  8.15123629]", "nit": "26", "callback": [0.5615632463578402, 0.5390279817032619, 0.3622452044288188, 0.35311271850253834, 0.3380703227534494, 0.3246045641388685, 0.3216531287314075, 0.3172725190864155, 0.314636557236072, 0.3133670318256675, 0.31133369707978076, 0.30858980633325594, 0.3062619162843663, 0.30330952764316443, 0.2990732039457864, 0.2918494433584191, 0.28044599784883006, 0.26904279454500024, 0.2651828115041043, 0.26282203814593186, 0.2621031428420244, 0.2618215336013946, 0.2617863121833174, 0.2617842616151548, 0.26178425423766394, 0.2617842540670111]}, "4": {"maxiter": 100, "gtol": 1e-10, "xrtol": 1e-05, "eps": 1e-05, "duration": 0.05292105674743652, "fun": "0.2617842539507893", "jac": "[ 6.32827124e-09  4.69624339e-09  1.19260157e-07 -1.31628042e-07\n  2.02171613e-08 -9.22595333e-09]", "hess_inv": "[[  7.24597412   1.64673966   2.66751167  -0.46498123   0.49377908\n   -2.69735805]\n [  1.64673966   3.86871703   0.90274575   0.14402897  -0.33226948\n   -1.84140799]\n [  2.66751167   0.90274575   5.33728475  -0.58881083  -2.9812111\n   -0.04327521]\n [ -0.46498123   0.14402897  -0.58881083   2.93195172   1.26967561\n   -0.98834671]\n [  0.49377908  -0.33226948  -2.9812111    1.26967561  16.35776741\n  -13.2988183 ]\n [ -2.69735805  -1.84140799  -0.04327521  -0.98834671 -13.2988183\n   15.62322605]]", "nfev": "224", "njev": "32", "status": "0", "success": "True", "message": "Optimization terminated successfully.", "x": "[4.88328251 6.29472586 1.07776502 5.72591465 1.71213101 8.15117853]", "nit": "26", "callback": [0.5615619600742927, 0.539025716942227, 0.36223753821578786, 0.3531024799380599, 0.33805842981938494, 0.32460452250851957, 0.3216525240984409, 0.3172715369664052, 0.31463682481920163, 0.31336679874708373, 0.31133289381041573, 0.308590067985142, 0.3062625283692344, 0.3033098151640343, 0.29907120637090245, 0.29184456085804533, 0.2804374572173747, 0.2690407631628444, 0.26518200260216007, 0.26282436586548896, 0.2621031593610711, 0.26182099986975205, 0.2617862529456778, 0.26178426116538533, 0.2617842541015378, 0.2617842539507893]}, "5": {"maxiter": 100, "gtol": 1e-10, "xrtol": 1e-05, "eps": 1e-10, "duration": 0.05330801010131836, "fun": "0.2617842540670111", "jac": "[ 0.00000000e+00  0.00000000e+00  1.11022293e-06 -1.11022293e-06\n -2.22044587e-06  1.11022293e-06]", "hess_inv": "[[  7.47087931   1.60010933   2.48034853  -0.5898842    0.90282273\n   -3.25346691]\n [  1.60010933   3.80052121   0.78465219   0.06409326  -0.30125731\n   -1.86398755]\n [  2.48034853   0.78465219   5.14761051  -0.70426986  -3.07058572\n    0.09300344]\n [ -0.5898842    0.06409326  -0.70426986   2.8608615    1.25061202\n   -0.9282271 ]\n [  0.90282273  -0.30125731  -3.07058572   1.25061202  17.00261419\n  -14.06100397]\n [ -3.25346691  -1.86398755   0.09300344  -0.9282271  -14.06100397\n   16.58295282]]", "nfev": "224", "njev": "32", "status": "0", "success": "True", "message": "Optimization terminated successfully.", "x": "[4.88327598 6.29472337 1.07777668 5.7259104  1.7120738  8.15123629]", "nit": "26", "callback": [0.5615632463578402, 0.5390279817032619, 0.3622452044288188, 0.35311271850253834, 0.3380703227534494, 0.3246045641388685, 0.3216531287314075, 0.3172725190864155, 0.314636557236072, 0.3133670318256675, 0.31133369707978076, 0.30858980633325594, 0.3062619162843663, 0.30330952764316443, 0.2990732039457864, 0.2918494433584191, 0.28044599784883006, 0.26904279454500024, 0.2651828115041043, 0.26282203814593186, 0.2621031428420244, 0.2618215336013946, 0.2617863121833174, 0.2617842616151548, 0.26178425423766394, 0.2617842540670111]}, "6": {"maxiter": 100, "gtol": 1e-10, "xrtol": 1e-10, "eps": 1e-05, "duration": 0.1129159927368164, "fun": "0.2617842539507893", "jac": "[ 6.32827124e-09  4.69624339e-09  1.19260157e-07 -1.31628042e-07\n  2.02171613e-08 -9.22595333e-09]", "hess_inv": "[[  7.23966673   1.65366912   2.66354078  -0.45161309   0.50788833\n   -2.67904935]\n [  1.65366912   3.87344833   0.91443553   0.14026904  -0.32893679\n   -1.84143113]\n [  2.66354078   0.91443553   5.33913416  -0.57390892  -2.96114927\n   -0.01982297]\n [ -0.45161309   0.14026904  -0.57390892   2.91329062   1.25644263\n   -1.00936682]\n [  0.50788833  -0.32893679  -2.96114927   1.25644263  16.35494003\n  -13.30912058]\n [ -2.67904935  -1.84143113  -0.01982297  -1.00936682 -13.30912058\n   15.60278105]]", "nfev": "473", "njev": "66", "status": "2", "success": "False", "message": "Desired error not necessarily achieved due to precision loss.", "x": "[4.88328251 6.29472586 1.07776502 5.72591465 1.71213101 8.15117853]", "nit": "26", "callback": [0.5615619600742927, 0.539025716942227, 0.36223753821578786, 0.3531024799380599, 0.33805842981938494, 0.32460452250851957, 0.3216525240984409, 0.3172715369664052, 0.31463682481920163, 0.31336679874708373, 0.31133289381041573, 0.308590067985142, 0.3062625283692344, 0.3033098151640343, 0.29907120637090245, 0.29184456085804533, 0.2804374572173747, 0.2690407631628444, 0.26518200260216007, 0.26282436586548896, 0.2621031593610711, 0.26182099986975205, 0.2617862529456778, 0.26178426116538533, 0.2617842541015378, 0.2617842539507893]}, "7": {"maxiter": 100, "gtol": 1e-10, "xrtol": 1e-10, "eps": 1e-10, "duration": 0.11050701141357422, "fun": "0.2617842539531756", "jac": "[0.00000000e+00 2.22044587e-06 2.22044587e-06 3.33066880e-06\n 2.22044587e-06 2.22044587e-06]", "hess_inv": "[[ 0.35230646 -0.79789928  0.02051502  0.03474827  0.51457799 -0.63155219]\n [-0.79789928  2.08139803 -0.15503924  0.01164005 -1.42561153  1.60251473]\n [ 0.02051502 -0.15503924  0.07642114 -0.05138822  0.14251996 -0.10758597]\n [ 0.03474827  0.01164005 -0.05138822  0.04824512 -0.0394182  -0.00333064]\n [ 0.51457799 -1.42561153  0.14251996 -0.0394182   1.0047634  -1.08887617]\n [-0.63155219  1.60251473 -0.10758597 -0.00333064 -1.08887617  1.24999913]]", "nfev": "462", "njev": "66", "status": "0", "success": "True", "message": "Optimization terminated successfully.", "x": "[4.88329064 6.29473579 1.07776898 5.72592527 1.71215548 8.15115656]", "nit": "38", "callback": [0.5615632463578402, 0.5390279817032619, 0.3622452044288188, 0.35311271850253834, 0.3380703227534494, 0.3246045641388685, 0.3216531287314075, 0.3172725190864155, 0.314636557236072, 0.3133670318256675, 0.31133369707978076, 0.30858980633325594, 0.3062619162843663, 0.30330952764316443, 0.2990732039457864, 0.2918494433584191, 0.28044599784883006, 0.26904279454500024, 0.2651828115041043, 0.26282203814593186, 0.2621031428420244, 0.2618215336013946, 0.2617863121833174, 0.2617842616151548, 0.26178425423766394, 0.2617842540670111, 0.26178425401724503, 0.2617842539603832, 0.2617842539555646, 0.2617842539555273, 0.26178425395546945, 0.26178425395535554, 0.2617842539551528, 0.26178425395485705, 0.26178425395444915, 0.2617842539539007, 0.2617842539531756, 0.2617842539531756]}, "8": {"maxiter": 500, "gtol": 1e-05, "xrtol": 1e-05, "eps": 1e-05, "duration": 0.05358386039733887, "fun": "0.2617842539507893", "jac": "[ 6.32827124e-09  4.69624339e-09  1.19260157e-07 -1.31628042e-07\n  2.02171613e-08 -9.22595333e-09]", "hess_inv": "[[  7.24597412   1.64673966   2.66751167  -0.46498123   0.49377908\n   -2.69735805]\n [  1.64673966   3.86871703   0.90274575   0.14402897  -0.33226948\n   -1.84140799]\n [  2.66751167   0.90274575   5.33728475  -0.58881083  -2.9812111\n   -0.04327521]\n [ -0.46498123   0.14402897  -0.58881083   2.93195172   1.26967561\n   -0.98834671]\n [  0.49377908  -0.33226948  -2.9812111    1.26967561  16.35776741\n  -13.2988183 ]\n [ -2.69735805  -1.84140799  -0.04327521  -0.98834671 -13.2988183\n   15.62322605]]", "nfev": "224", "njev": "32", "status": "0", "success": "True", "message": "Optimization terminated successfully.", "x": "[4.88328251 6.29472586 1.07776502 5.72591465 1.71213101 8.15117853]", "nit": "26", "callback": [0.5615619600742927, 0.539025716942227, 0.36223753821578786, 0.3531024799380599, 0.33805842981938494, 0.32460452250851957, 0.3216525240984409, 0.3172715369664052, 0.31463682481920163, 0.31336679874708373, 0.31133289381041573, 0.308590067985142, 0.3062625283692344, 0.3033098151640343, 0.29907120637090245, 0.29184456085804533, 0.2804374572173747, 0.2690407631628444, 0.26518200260216007, 0.26282436586548896, 0.2621031593610711, 0.26182099986975205, 0.2617862529456778, 0.26178426116538533, 0.2617842541015378, 0.2617842539507893]}, "9": {"maxiter": 500, "gtol": 1e-05, "xrtol": 1e-05, "eps": 1e-10, "duration": 0.05374598503112793, "fun": "0.2617842540670111", "jac": "[ 0.00000000e+00  0.00000000e+00  1.11022293e-06 -1.11022293e-06\n -2.22044587e-06  1.11022293e-06]", "hess_inv": "[[  7.47087931   1.60010933   2.48034853  -0.5898842    0.90282273\n   -3.25346691]\n [  1.60010933   3.80052121   0.78465219   0.06409326  -0.30125731\n   -1.86398755]\n [  2.48034853   0.78465219   5.14761051  -0.70426986  -3.07058572\n    0.09300344]\n [ -0.5898842    0.06409326  -0.70426986   2.8608615    1.25061202\n   -0.9282271 ]\n [  0.90282273  -0.30125731  -3.07058572   1.25061202  17.00261419\n  -14.06100397]\n [ -3.25346691  -1.86398755   0.09300344  -0.9282271  -14.06100397\n   16.58295282]]", "nfev": "224", "njev": "32", "status": "0", "success": "True", "message": "Optimization terminated successfully.", "x": "[4.88327598 6.29472337 1.07777668 5.7259104  1.7120738  8.15123629]", "nit": "26", "callback": [0.5615632463578402, 0.5390279817032619, 0.3622452044288188, 0.35311271850253834, 0.3380703227534494, 0.3246045641388685, 0.3216531287314075, 0.3172725190864155, 0.314636557236072, 0.3133670318256675, 0.31133369707978076, 0.30858980633325594, 0.3062619162843663, 0.30330952764316443, 0.2990732039457864, 0.2918494433584191, 0.28044599784883006, 0.26904279454500024, 0.2651828115041043, 0.26282203814593186, 0.2621031428420244, 0.2618215336013946, 0.2617863121833174, 0.2617842616151548, 0.26178425423766394, 0.2617842540670111]}, "10": {"maxiter": 500, "gtol": 1e-05, "xrtol": 1e-10, "eps": 1e-05, "duration": 0.05323505401611328, "fun": "0.2617842539507893", "jac": "[ 6.32827124e-09  4.69624339e-09  1.19260157e-07 -1.31628042e-07\n  2.02171613e-08 -9.22595333e-09]", "hess_inv": "[[  7.24597412   1.64673966   2.66751167  -0.46498123   0.49377908\n   -2.69735805]\n [  1.64673966   3.86871703   0.90274575   0.14402897  -0.33226948\n   -1.84140799]\n [  2.66751167   0.90274575   5.33728475  -0.58881083  -2.9812111\n   -0.04327521]\n [ -0.46498123   0.14402897  -0.58881083   2.93195172   1.26967561\n   -0.98834671]\n [  0.49377908  -0.33226948  -2.9812111    1.26967561  16.35776741\n  -13.2988183 ]\n [ -2.69735805  -1.84140799  -0.04327521  -0.98834671 -13.2988183\n   15.62322605]]", "nfev": "224", "njev": "32", "status": "0", "success": "True", "message": "Optimization terminated successfully.", "x": "[4.88328251 6.29472586 1.07776502 5.72591465 1.71213101 8.15117853]", "nit": "26", "callback": [0.5615619600742927, 0.539025716942227, 0.36223753821578786, 0.3531024799380599, 0.33805842981938494, 0.32460452250851957, 0.3216525240984409, 0.3172715369664052, 0.31463682481920163, 0.31336679874708373, 0.31133289381041573, 0.308590067985142, 0.3062625283692344, 0.3033098151640343, 0.29907120637090245, 0.29184456085804533, 0.2804374572173747, 0.2690407631628444, 0.26518200260216007, 0.26282436586548896, 0.2621031593610711, 0.26182099986975205, 0.2617862529456778, 0.26178426116538533, 0.2617842541015378, 0.2617842539507893]}, "11": {"maxiter": 500, "gtol": 1e-05, "xrtol": 1e-10, "eps": 1e-10, "duration": 0.053073883056640625, "fun": "0.2617842540670111", "jac": "[ 0.00000000e+00  0.00000000e+00  1.11022293e-06 -1.11022293e-06\n -2.22044587e-06  1.11022293e-06]", "hess_inv": "[[  7.47087931   1.60010933   2.48034853  -0.5898842    0.90282273\n   -3.25346691]\n [  1.60010933   3.80052121   0.78465219   0.06409326  -0.30125731\n   -1.86398755]\n [  2.48034853   0.78465219   5.14761051  -0.70426986  -3.07058572\n    0.09300344]\n [ -0.5898842    0.06409326  -0.70426986   2.8608615    1.25061202\n   -0.9282271 ]\n [  0.90282273  -0.30125731  -3.07058572   1.25061202  17.00261419\n  -14.06100397]\n [ -3.25346691  -1.86398755   0.09300344  -0.9282271  -14.06100397\n   16.58295282]]", "nfev": "224", "njev": "32", "status": "0", "success": "True", "message": "Optimization terminated successfully.", "x": "[4.88327598 6.29472337 1.07777668 5.7259104  1.7120738  8.15123629]", "nit": "26", "callback": [0.5615632463578402, 0.5390279817032619, 0.3622452044288188, 0.35311271850253834, 0.3380703227534494, 0.3246045641388685, 0.3216531287314075, 0.3172725190864155, 0.314636557236072, 0.3133670318256675, 0.31133369707978076, 0.30858980633325594, 0.3062619162843663, 0.30330952764316443, 0.2990732039457864, 0.2918494433584191, 0.28044599784883006, 0.26904279454500024, 0.2651828115041043, 0.26282203814593186, 0.262103142842024