{"conf_id": 0, "data_type": "random\n", "num_data_points": 1, "s_rank": 0, "unitary": "[[-0.45070455-0.02711853j,0.78437395-0.06613086j,0.06358678+0.19963393j,-0.07343613+0.35668523j],[-0.01890143-0.03813363j,0.32408202+0.25557629j,0.05872864-0.68979805j,0.55466693-0.20227297j],[-0.11215405+0.64023111j,-0.13344055+0.29565494j,-0.49012687-0.19046288j,-0.04241254+0.44046348j],[0.55771659+0.24656916j,0.31851997-0.05798805j,0.28761525-0.34294258j,-0.56718418+0.03616933j]]", "databatch_0": {"databatch": "[[[-0.11458899+0.03928362j,0.0435563+0.05453538j,0.02294759-0.11649752j,0.14355952+0.05525074j],[0.239814+0.27457382j,0.10239304-0.18339806j,-0.35068906+0.06859816j,-0.00938315-0.46283845j],[0.1138846+0.30497249j,0.14333106-0.12098589j,-0.31463533-0.05315627j,0.13796413-0.38968998j],[0.0272455-0.04205309j,-0.02810213-0.00661599j,0.02229414+0.04376376j,-0.06082023+0.01869768j]]]", "nelder_mead": {"0": {"maxiter": 100, "fatol": 1e-05, "xatol": 1e-05, "duration": 0.027377843856811523, "fun": "0.031146253898549414", "nit": "100", "nfev": "162", "status": "2", "success": "False", "message": "Maximum number of iterations has been exceeded.", "x": "[3.00195656 0.39292862 0.47200167 1.55988137 0.2000987  0.25321914]", "final_simplex": "(array([[3.00195656, 0.39292862, 0.47200167, 1.55988137, 0.2000987 ,\n        0.25321914],\n       [2.91662187, 0.34510402, 0.49822015, 1.56440767, 0.12940332,\n        0.30753529],\n       [2.93267862, 0.35435295, 0.47340116, 1.57941935, 0.16142918,\n        0.34234005],\n       [3.03380405, 0.3098164 , 0.47210092, 1.54367636, 0.16887426,\n        0.35585007],\n       [3.00417164, 0.32069333, 0.46262689, 1.58447252, 0.18676466,\n        0.34866655],\n       [2.90334291, 0.36347373, 0.46720787, 1.61204366, 0.15684574,\n        0.34637598],\n       [2.98000048, 0.28538723, 0.47231866, 1.56053403, 0.19732932,\n        0.36030535]]), array([0.03114625, 0.0329897 , 0.03335861, 0.03361453, 0.03407633,\n       0.03428095, 0.03448468]))"}, "1": {"maxiter": 100, "fatol": 1e-05, "xatol": 1e-10, "duration": 0.02720475196838379, "fun": "0.031146253898549414", "nit": "100", "nfev": "162", "status": "2", "success": "False", "message": "Maximum number of iterations has been exceeded.", "x": "[3.00195656 0.39292862 0.47200167 1.55988137 0.2000987  0.25321914]", "final_simplex": "(array([[3.00195656, 0.39292862, 0.47200167, 1.55988137, 0.2000987 ,\n        0.25321914],\n       [2.91662187, 0.34510402, 0.49822015, 1.56440767, 0.12940332,\n        0.30753529],\n       [2.93267862, 0.35435295, 0.47340116, 1.57941935, 0.16142918,\n        0.34234005],\n       [3.03380405, 0.3098164 , 0.47210092, 1.54367636, 0.16887426,\n        0.35585007],\n       [3.00417164, 0.32069333, 0.46262689, 1.58447252, 0.18676466,\n        0.34866655],\n       [2.90334291, 0.36347373, 0.46720787, 1.61204366, 0.15684574,\n        0.34637598],\n       [2.98000048, 0.28538723, 0.47231866, 1.56053403, 0.19732932,\n        0.36030535]]), array([0.03114625, 0.0329897 , 0.03335861, 0.03361453, 0.03407633,\n       0.03428095, 0.03448468]))"}, "2": {"maxiter": 100, "fatol": 1e-10, "xatol": 1e-05, "duration": 0.02720808982849121, "fun": "0.031146253898549414", "nit": "100", "nfev": "162", "status": "2", "success": "False", "message": "Maximum number of iterations has been exceeded.", "x": "[3.00195656 0.39292862 0.47200167 1.55988137 0.2000987  0.25321914]", "final_simplex": "(array([[3.00195656, 0.39292862, 0.47200167, 1.55988137, 0.2000987 ,\n        0.25321914],\n       [2.91662187, 0.34510402, 0.49822015, 1.56440767, 0.12940332,\n        0.30753529],\n       [2.93267862, 0.35435295, 0.47340116, 1.57941935, 0.16142918,\n        0.34234005],\n       [3.03380405, 0.3098164 , 0.47210092, 1.54367636, 0.16887426,\n        0.35585007],\n       [3.00417164, 0.32069333, 0.46262689, 1.58447252, 0.18676466,\n        0.34866655],\n       [2.90334291, 0.36347373, 0.46720787, 1.61204366, 0.15684574,\n        0.34637598],\n       [2.98000048, 0.28538723, 0.47231866, 1.56053403, 0.19732932,\n        0.36030535]]), array([0.03114625, 0.0329897 , 0.03335861, 0.03361453, 0.03407633,\n       0.03428095, 0.03448468]))"}, "3": {"maxiter": 100, "fatol": 1e-10, "xatol": 1e-10, "duration": 0.02721405029296875, "fun": "0.031146253898549414", "nit": "100", "nfev": "162", "status": "2", "success": "False", "message": "Maximum number of iterations has been exceeded.", "x": "[3.00195656 0.39292862 0.47200167 1.55988137 0.2000987  0.25321914]", "final_simplex": "(array([[3.00195656, 0.39292862, 0.47200167, 1.55988137, 0.2000987 ,\n        0.25321914],\n       [2.91662187, 0.34510402, 0.49822015, 1.56440767, 0.12940332,\n        0.30753529],\n       [2.93267862, 0.35435295, 0.47340116, 1.57941935, 0.16142918,\n        0.34234005],\n       [3.03380405, 0.3098164 , 0.47210092, 1.54367636, 0.16887426,\n        0.35585007],\n       [3.00417164, 0.32069333, 0.46262689, 1.58447252, 0.18676466,\n        0.34866655],\n       [2.90334291, 0.36347373, 0.46720787, 1.61204366, 0.15684574,\n        0.34637598],\n       [2.98000048, 0.28538723, 0.47231866, 1.56053403, 0.19732932,\n        0.36030535]]), array([0.03114625, 0.0329897 , 0.03335861, 0.03361453, 0.03407633,\n       0.03428095, 0.03448468]))"}, "4": {"maxiter": 500, "fatol": 1e-05, "xatol": 1e-05, "duration": 0.13048601150512695, "fun": "0.0003633665718073553", "nit": "500", "nfev": "777", "status": "2", "success": "False", "message": "Maximum number of iterations has been exceeded.", "x": "[ 6.1375747   0.85379666 -0.34055166  1.56116307  3.51353113 -2.10141941]", "final_simplex": "(array([[ 6.1375747 ,  0.85379666, -0.34055166,  1.56116307,  3.51353113,\n        -2.10141941],\n       [ 6.09865652,  0.8491412 , -0.32190442,  1.53662128,  3.47741479,\n        -2.08967998],\n       [ 6.16305447,  0.85698517, -0.35198712,  1.57763249,  3.52815155,\n        -2.10045566],\n       [ 6.13220267,  0.85027682, -0.33745493,  1.56026782,  3.50236803,\n        -2.09355835],\n       [ 6.12018108,  0.84326471, -0.32843934,  1.54549603,  3.49526544,\n        -2.09446653],\n       [ 6.17869208,  0.85653155, -0.36137192,  1.58438177,  3.54221323,\n        -2.09552134],\n       [ 6.16272662,  0.84773288, -0.34776472,  1.56755164,  3.53260145,\n        -2.10371655]]), array([0.00036337, 0.00040399, 0.00041989, 0.00042136, 0.00043262,\n       0.0004373 , 0.00043817]))"}, "5": {"maxiter": 500, "fatol": 1e-05, "xatol": 1e-10, "duration": 0.12990689277648926, "fun": "0.0003633665718073553", "nit": "500", "nfev": "777", "status": "2", "success": "False", "message": "Maximum number of iterations has been exceeded.", "x": "[ 6.1375747   0.85379666 -0.34055166  1.56116307  3.51353113 -2.10141941]", "final_simplex": "(array([[ 6.1375747 ,  0.85379666, -0.34055166,  1.56116307,  3.51353113,\n        -2.10141941],\n       [ 6.09865652,  0.8491412 , -0.32190442,  1.53662128,  3.47741479,\n        -2.08967998],\n       [ 6.16305447,  0.85698517, -0.35198712,  1.57763249,  3.52815155,\n        -2.10045566],\n       [ 6.13220267,  0.85027682, -0.33745493,  1.56026782,  3.50236803,\n        -2.09355835],\n       [ 6.12018108,  0.84326471, -0.32843934,  1.54549603,  3.49526544,\n        -2.09446653],\n       [ 6.17869208,  0.85653155, -0.36137192,  1.58438177,  3.54221323,\n        -2.09552134],\n       [ 6.16272662,  0.84773288, -0.34776472,  1.56755164,  3.53260145,\n        -2.10371655]]), array([0.00036337, 0.00040399, 0.00041989, 0.00042136, 0.00043262,\n       0.0004373 , 0.00043817]))"}, "6": {"maxiter": 500, "fatol": 1e-10, "xatol": 1e-05, "duration": 0.13049674034118652, "fun": "0.0003633665718073553", "nit": "500", "nfev": "777", "status": "2", "success": "False", "message": "Maximum number of iterations has been exceeded.", "x": "[ 6.1375747   0.85379666 -0.34055166  1.56116307  3.51353113 -2.10141941]", "final_simplex": "(array([[ 6.1375747 ,  0.85379666, -0.34055166,  1.56116307,  3.51353113,\n        -2.10141941],\n       [ 6.09865652,  0.8491412 , -0.32190442,  1.53662128,  3.47741479,\n        -2.08967998],\n       [ 6.16305447,  0.85698517, -0.35198712,  1.57763249,  3.52815155,\n        -2.10045566],\n       [ 6.13220267,  0.85027682, -0.33745493,  1.56026782,  3.50236803,\n        -2.09355835],\n       [ 6.12018108,  0.84326471, -0.32843934,  1.54549603,  3.49526544,\n        -2.09446653],\n       [ 6.17869208,  0.85653155, -0.36137192,  1.58438177,  3.54221323,\n        -2.09552134],\n       [ 6.16272662,  0.84773288, -0.34776472,  1.56755164,  3.53260145,\n        -2.10371655]]), array([0.00036337, 0.00040399, 0.00041989, 0.00042136, 0.00043262,\n       0.0004373 , 0.00043817]))"}, "7": {"maxiter": 500, "fatol": 1e-10, "xatol": 1e-10, "duration": 0.13050603866577148, "fun": "0.0003633665718073553", "nit": "500", "nfev": "777", "status": "2", "success": "False", "message": "Maximum number of iterations has been exceeded.", "x": "[ 6.1375747   0.85379666 -0.34055166  1.56116307  3.51353113 -2.10141941]", "final_simplex": "(array([[ 6.1375747 ,  0.85379666, -0.34055166,  1.56116307,  3.51353113,\n        -2.10141941],\n       [ 6.09865652,  0.8491412 , -0.32190442,  1.53662128,  3.47741479,\n        -2.08967998],\n       [ 6.16305447,  0.85698517, -0.35198712,  1.57763249,  3.52815155,\n        -2.10045566],\n       [ 6.13220267,  0.85027682, -0.33745493,  1.56026782,  3.50236803,\n        -2.09355835],\n       [ 6.12018108,  0.84326471, -0.32843934,  1.54549603,  3.49526544,\n        -2.09446653],\n       [ 6.17869208,  0.85653155, -0.36137192,  1.58438177,  3.54221323,\n        -2.09552134],\n       [ 6.16272662,  0.84773288, -0.34776472,  1.56755164,  3.53260145,\n        -2.10371655]]), array([0.00036337, 0.00040399, 0.00041989, 0.00042136, 0.00043262,\n       0.0004373 , 0.00043817]))"}, "8": {"maxiter": 1000, "fatol": 1e-05, "xatol": 1e-05, "duration": 0.18010497093200684, "fun": "0.00012071690984760686", "nit": "659", "nfev": "1038", "status": "0", "success": "True", "message": "Optimization terminated successfully.", "x": "[ 6.17786463  0.93626914 -0.40490229  1.59817987  3.56384251 -2.06769471]", "final_simplex": "(array([[ 6.17786463,  0.93626914, -0.40490229,  1.59817987,  3.56384251,\n        -2.06769471],\n       [ 6.1778602 ,  0.93627208, -0.40490111,  1.5981788 ,  3.56383695,\n        -2.06769263],\n       [ 6.17786336,  0.93627571, -0.40490447,  1.5981786 ,  3.56384088,\n        -2.06769025],\n       [ 6.17786651,  0.93627534, -0.40490562,  1.59818222,  3.56384419,\n        -2.06769347],\n       [ 6.17786804,  0.93627716, -0.404906  ,  1.59818138,  3.56384285,\n        -2.06769114],\n       [ 6.17785769,  0.93626783, -0.40489911,  1.59817785,  3.56383822,\n        -2.0676965 ],\n       [ 6.17785939,  0.93626021, -0.40489517,  1.59817545,  3.56383788,\n        -2.06769959]]), array([0.00012072, 0.00012072, 0.00012072, 0.00012072, 0.00012072,\n       0.00012072, 0.00012072]))"}, "9": {"maxiter": 1000, "fatol": 1e-05, "xatol": 1e-10, "duration": 0.22453999519348145, "fun": "0.00012071690900483656", "nit": "763", "nfev": "1264", "status": "0", "success": "True", "message": "Optimization terminated successfully.", "x": "[ 6.17785928  0.93627029 -0.40489988  1.5981765   3.56383717 -2.06769342]", "final_simplex": "(array([[ 6.17785928,  0.93627029, -0.40489988,  1.5981765 ,  3.56383717,\n        -2.06769342],\n       [ 6.17785928,  0.93627029, -0.40489988,  1.5981765 ,  3.56383717,\n        -2.06769342],\n       [ 6.17785928,  0.93627029, -0.40489988,  1.5981765 ,  3.56383717,\n        -2.06769342],\n       [ 6.17785928,  0.93627029, -0.40489988,  1.5981765 ,  3.56383717,\n        -2.06769342],\n       [ 6.17785928,  0.93627029, -0.40489988,  1.5981765 ,  3.56383717,\n        -2.06769342],\n       [ 6.17785928,  0.93627029, -0.40489988,  1.5981765 ,  3.56383717,\n        -2.06769342],\n       [ 6.17785928,  0.93627029, -0.40489988,  1.5981765 ,  3.56383717,\n        -2.06769342]]), array([0.00012072, 0.00012072, 0.00012072, 0.00012072, 0.00012072,\n       0.00012072, 0.00012072]))"}, "10": {"maxiter": 1000, "fatol": 1e-10, "xatol": 1e-05, "duration": 0.1839001178741455, "fun": "0.00012071690984760686", "nit": "659", "nfev": "1038", "status": "0", "success": "True", "message": "Optimization terminated successfully.", "x": "[ 6.17786463  0.93626914 -0.40490229  1.59817987  3.56384251 -2.06769471]", "final_simplex": "(array([[ 6.17786463,  0.93626914, -0.40490229,  1.59817987,  3.56384251,\n        -2.06769471],\n       [ 6.1778602 ,  0.93627208, -0.40490111,  1.5981788 ,  3.56383695,\n        -2.06769263],\n       [ 6.17786336,  0.93627571, -0.40490447,  1.5981786 ,  3.56384088,\n        -2.06769025],\n       [ 6.17786651,  0.93627534, -0.40490562,  1.59818222,  3.56384419,\n        -2.06769347],\n       [ 6.17786804,  0.93627716, -0.404906  ,  1.59818138,  3.56384285,\n        -2.06769114],\n       [ 6.17785769,  0.93626783, -0.40489911,  1.59817785,  3.56383822,\n        -2.0676965 ],\n       [ 6.17785939,  0.93626021, -0.40489517,  1.59817545,  3.56383788,\n        -2.06769959]]), array([0.00012072, 0.00012072, 0.00012072, 0.00012072, 0.00012072,\n       0.00012072, 0.00012072]))"}, "11": {"maxiter": 1000, "fatol": 1e-10, "xatol": 1e-10, "duration": 0.22385692596435547, "fun": "0.00012071690900483656", "nit": "763", "nfev": "1264", "status": "0", "success": "True", "message": "Optimization terminated successfully.", "x": "[ 6.17785928  0.93627029 -0.40489988  1.5981765   3.56383717 -2.06769342]", "final_simplex": "(array([[ 6.17785928,  0.93627029, -0.40489988,  1.5981765 ,  3.56383717,\n        -2.06769342],\n       [ 6.17785928,  0.93627029, -0.40489988,  1.5981765 ,  3.56383717,\n        -2.06769342],\n       [ 6.17785928,  0.93627029, -0.40489988,  1.5981765 ,  3.56383717,\n        -2.06769342],\n       [ 6.17785928,  0.93627029, -0.40489988,  1.5981765 ,  3.56383717,\n        -2.06769342],\n       [ 6.17785928,  0.93627029, -0.40489988,  1.5981765 ,  3.56383717,\n        -2.06769342],\n       [ 6.17785928,  0.93627029, -0.40489988,  1.5981765 ,  3.56383717,\n        -2.06769342],\n       [ 6.17785928,  0.93627029, -0.40489988,  1.5981765 ,  3.56383717,\n        -2.06769342]]), array([0.00012072, 0.00012072, 0.00012072, 0.00012072, 0.00012072,\n       0.00012072, 0.00012072]))"}}, "bfgs": {"0": {"maxiter": 100, "gtol": 1e-05, "xrtol": 1e-05, "eps": 1e-05, "duration": 0.02311992645263672, "fun": "0.0001207170205691499", "jac": "[ 1.09426912e-06  2.86193291e-06 -7.00917102e-07  2.74358314e-06\n  2.57169841e-06  6.36402042e-07]", "hess_inv": "[[ 6.58202179  4.65943422  3.08291295 -5.70610713 -3.92361059 -1.41049719]\n [ 4.65943422  5.7882365   1.7799052  -5.47279222 -3.14259642 -2.4580972 ]\n [ 3.08291295  1.7799052   8.94335888 -1.84526536 -0.84536919  6.78824444]\n [-5.70610713 -5.47279222 -1.84526536  7.31056005  3.96288362  3.18505351]\n [-3.92361059 -3.14259642 -0.84536919  3.96288362  4.0688627   2.49436421]\n [-1.41049719 -2.4580972   6.78824444  3.18505351  2.49436421 10.34195925]]", "nfev": "126", "njev": "18", "status": "0", "success": "True", "message": "Optimization terminated successfully.", "x": "[ 2.13296591 -0.21567543 -0.48190054  2.26387596  0.14634759 -0.26062921]", "nit": "17"}, "1": {"maxiter": 100, "gtol": 1e-05, "xrtol": 1e-05, "eps": 1e-10, "duration": 0.02298879623413086, "fun": "0.00012071708261240932", "jac": "[ 0.00000000e+00  1.11022293e-06 -2.22044587e-06  4.44089173e-06\n  2.22044587e-06  2.22044587e-06]", "hess_inv": "[[ 6.62372174  4.63620453  3.2712059  -5.67715618 -3.91410281 -1.21452113]\n [ 4.63620453  5.719895    1.78884534 -5.41417714 -3.13661147 -2.41216394]\n [ 3.2712059   1.78884534  9.51205927 -1.83949171 -0.86719675  7.32765313]\n [-5.67715618 -5.41417714 -1.83949171  7.25895229  3.95145869  3.15728563]\n [-3.91410281 -3.13661147 -0.86719675  3.95145869  4.05093403  2.46586426]\n [-1.21452113 -2.41216394  7.32765313  3.15728563  2.46586426 10.83207662]]", "nfev": "126", "njev": "18", "status": "0", "success": "True", "message": "Optimization terminated successfully.", "x": "[ 2.13294786 -0.21569353 -0.48190761  2.26389776  0.14636345 -0.26061638]", "nit": "17"}, "2": {"maxiter": 100, "gtol": 1e-05, "xrtol": 1e-10, "eps": 1e-05, "duration": 0.02296614646911621, "fun": "0.0001207170205691499", "jac": "[ 1.09426912e-06  2.86193291e-06 -7.00917102e-07  2.74358314e-06\n  2.57169841e-06  6.36402042e-07]", "hess_inv": "[[ 6.58202179  4.65943422  3.08291295 -5.70610713 -3.92361059 -1.41049719]\n [ 4.65943422  5.7882365   1.7799052  -5.47279222 -3.14259642 -2.4580972 ]\n [ 3.08291295  1.7799052   8.94335888 -1.84526536 -0.84536919  6.78824444]\n [-5.70610713 -5.47279222 -1.84526536  7.31056005  3.96288362  3.18505351]\n [-3.92361059 -3.14259642 -0.84536919  3.96288362  4.0688627   2.49436421]\n [-1.41049719 -2.4580972   6.78824444  3.18505351  2.49436421 10.34195925]]", "nfev": "126", "njev": "18", "status": "0", "success": "True", "message": "Optimization terminated successfully.", "x": "[ 2.13296591 -0.21567543 -0.48190054  2.26387596  0.14634759 -0.26062921]", "nit": "17"}, "3": {"maxiter": 100, "gtol": 1e-05, "xrtol": 1e-10, "eps": 1e-10, "duration": 0.022932052612304688, "fun": "0.00012071708261240932", "jac": "[ 0.00000000e+00  1.11022293e-06 -2.22044587e-06  4.44089173e-06\n  2.22044587e-06  2.22044587e-06]", "hess_inv": "[[ 6.62372174  4.63620453  3.2712059  -5.67715618 -3.91410281 -1.21452113]\n [ 4.63620453  5.719895    1.78884534 -5.41417714 -3.13661147 -2.41216394]\n [ 3.2712059   1.78884534  9.51205927 -1.83949171 -0.86719675  7.32765313]\n [-5.67715618 -5.41417714 -1.83949171  7.25895229  3.95145869  3.15728563]\n [-3.91410281 -3.13661147 -0.86719675  3.95145869  4.05093403  2.46586426]\n [-1.21452113 -2.41216394  7.32765313  3.15728563  2.46586426 10.83207662]]", "nfev": "126", "njev": "18", "status": "0", "success": "True", "message": "Optimization terminated successfully.", "x": "[ 2.13294786 -0.21569353 -0.48190761  2.26389776  0.14636345 -0.26061638]", "nit": "17"}, "4": {"maxiter": 100, "gtol": 1e-10, "xrtol": 1e-05, "eps": 1e-05, "duration": 0.06353306770324707, "fun": "0.0001207170205691499", "jac": "[ 1.09426912e-06  2.86193291e-06 -7.00917102e-07  2.74358314e-06\n  2.57169841e-06  6.36402042e-07]", "hess_inv": "[[ 6.92523445  4.91512272  3.00968944 -6.19658624 -4.33216519 -1.83908809]\n [ 4.91512272  5.89789861  1.83013825 -5.8317934  -3.46337407 -2.69612334]\n [ 3.00968944  1.83013825  8.82313222 -1.74891868 -0.73692963  6.77432173]\n [-6.19658624 -5.8317934  -1.74891868  8.01098843  4.54804095  3.79111114]\n [-4.33216519 -3.46337407 -0.73692963  4.54804095  4.55186725  3.02105248]\n [-1.83908809 -2.69612334  6.77432173  3.79111114  3.02105248 10.79545108]]", "nfev": "354", "njev": "49", "status": "2", "success": "False", "message": "Desired error not necessarily achieved due to precision loss.", "x": "[ 2.13296591 -0.21567543 -0.48190054  2.26387596  0.14634759 -0.26062921]", "nit": "17"}, "5": {"maxiter": 100, "gtol": 1e-10, "xrtol": 1e-05, "eps": 1e-10, "duration": 0.02790975570678711, "fun": "0.00012071704240335102", "jac": "[-2.22044587e-06  1.11022293e-06 -1.11022293e-06  3.33066880e-06\n  2.22044587e-06  2.22044587e-06]", "hess_inv": "[[ 2.47466259  1.10329045  1.91272989 -1.44803686 -0.98850909  0.97360802]\n [ 1.10329045  2.67591035  0.81407163 -1.8155832  -0.62276342 -0.38970447]\n [ 1.91272989  0.81407163  8.23391066 -0.55675143 -0.06800716  7.23889579]\n [-1.44803686 -1.8155832  -0.55675143  3.08831693  1.02359727  0.93038936]\n [-0.98850909 -0.62276342 -0.06800716  1.02359727  1.99331649  0.81881533]\n [ 0.97360802 -0.38970447  7.23889579  0.93038936  0.81881533  8.96826857]]", "nfev": "154", "njev": "22", "status": "0", "success": "True", "message": "Optimization terminated successfully.", "x": "[ 2.13296086 -0.21568132 -0.48190512  2.26387959  0.14635167 -0.2606281 ]", "nit": "19"}, "6": {"maxiter": 100, "gtol": 1e-10, "xrtol": 1e-10, "eps": 1e-05, "duration": 0.06337904930114746, "fun": "0.0001207170205691499", "jac": "[ 1.09426912e-06  2.86193291e-06 -7.00917102e-07  2.74358314e-06\n  2.57169841e-06  6.36402042e-07]", "hess_inv": "[[ 6.92523445  4.91512272  3.00968944 -6.19658624 -4.33216519 -1.83908809]\n [ 4.91512272  5.89789861  1.83013825 -5.8317934  -3.46337407 -2.69612334]\n [ 3.00968944  1.83013825  8.82313222 -1.74891868 -0.73692963  6.77432173]\n [-6.19658624 -5.8317934  -1.74891868  8.01098843  4.54804095  3.79111114]\n [-4.33216519 -3.46337407 -0.73692963  4.54804095  4.55186725  3.02105248]\n [-1.83908809 -2.69612334  6.77432173  3.79111114  3.02105248 10.79545108]]", "nfev": "354", "njev": "49", "status": "2", "success": "False", "message": "Desired error not necessarily achieved due to precision loss.", "x": "[ 2.13296591 -0.21567543 -0.48190054  2.26387596  0.14634759 -0.26062921]", "nit": "17"}, "7": {"maxiter": 100, "gtol": 1e-10, "xrtol": 1e-10, "eps": 1e-10, "duration": 0.03960013389587402, "fun": "0.00012071704240335102", "jac": "[-2.22044587e-06  1.11022293e-06 -3.33066880e-06  1.11022293e-06\n  0.00000000e+00 -1.11022293e-06]", "hess_inv": "[[ 1.37745451  0.26897087  2.03551757  0.29675494  0.17310111  2.42775274]\n [ 0.26897087  2.05576626  0.8700263  -0.3220608   0.33862399  0.79788293]\n [ 2.03551757  0.8700263   8.31823019 -1.18913727 -0.40269279  6.86162817]\n [ 0.29675494 -0.3220608  -1.18913727  2.26232672  0.08884833 -0.4256661 ]\n [ 0.17310111  0.33862399 -0.40269279  0.08884833  1.19079346 -0.27286323]\n [ 2.42775274  0.79788293  6.86162817 -0.4256661  -0.27286323  7.51042811]]", "nfev": "224", "njev": "32", "status": "0", "success": "True", "message": "Optimization terminated successfully.", "x": "[ 2.13296086 -0.21568132 -0.48190512  2.26387959  0.14635167 -0.2606281 ]", "nit": "20"}, "8": {"maxiter": 500, "gtol": 1e-05, "xrtol": 1e-05, "eps": 1e-05, "duration": 0.021919965744018555, "fun": "0.0001207170205691499", "jac": "[ 1.09426912e-06  2.86193291e-06 -7.00917102e-07  2.74358314e-06\n  2.57169841e-06  6.36402042e-07]", "hess_inv": "[[ 6.58202179  4.65943422  3.08291295 -5.70610713 -3.92361059 -1.41049719]\n [ 4.65943422  5.7882365   1.7799052  -5.47279222 -3.14259642 -2.4580972 ]\n [ 3.08291295  1.7799052   8.94335888 -1.84526536 -0.84536919  6.78824444]\n [-5.70610713 -5.47279222 -1.84526536  7.31056005  3.96288362  3.18505351]\n [-3.92361059 -3.14259642 -0.84536919  3.96288362  4.0688627   2.49436421]\n [-1.41049719 -2.4580972   6.78824444  3.18505351  2.49436421 10.34195925]]", "nfev": "126", "njev": "18", "status": "0", "success": "True", "message": "Optimization terminated successfully.", "x": "[ 2.13296591 -0.21567543 -0.48190054  2.26387596  0.14634759 -0.26062921]", "nit": "17"}, "9": {"maxiter": 500, "gtol": 1e-05, "xrtol": 1e-05, "eps": 1e-10, "duration": 0.02197098731994629, "fun": "0.00012071708261240932", "jac": "[ 0.00000000e+00  1.11022293e-06 -2.22044587e-06  4.44089173e-06\n  2.22044587e-06  2.22044587e-06]", "hess_inv": "[[ 6.62372174  4.63620453  3.2712059  -5.67715618 -3.91410281 -1.21452113]\n [ 4.63620453  5.719895    1.78884534 -5.41417714 -3.13661147 -2.41216394]\n [ 3.2712059   1.78884534  9.51205927 -1.83949171 -0.86719675  7.32765313]\n [-5.67715618 -5.41417714 -1.83949171  7.25895229  3.95145869  3.15728563]\n [-3.91410281 -3.13661147 -0.86719675  3.95145869  4.05093403  2.46586426]\n [-1.21452113 -2.41216394  7.32765313  3.15728563  2.46586426 10.83207662]]", "nfev": "126", "njev": "18", "status": "0", "success": "True", "message": "Optimization terminated successfully.", "x": "[ 2.13294786 -0.21569353 -0.48190761  2.26389776  0.14636345 -0.26061638]", "nit": "17"}, "10": {"maxiter": 500, "gtol": 1e-05, "xrtol": 1e-10, "eps": 1e-05, "duration": 0.021918058395385742, "fun": "0.0001207170205691499", "jac": "[ 1.09426912e-06  2.86193291e-06 -7.00917102e-07  2.74358314e-06\n  2.57169841e-06  6.36402042e-07]", "hess_inv": "[[ 6.58202179  4.65943422  3.08291295 -5.70610713 -3.92361059 -1.41049719]\n [ 4.65943422  5.7882365   1.7799052  -5.47279222 -3.14259642 -2.4580972 ]\n [ 3.08291295  1.7799052   8.94335888 -1.84526536 -0.84536919  6.78824444]\n [-5.70610713 -5.47279222 -1.84526536  7.31056005  3.96288362  3.18505351]\n [-3.92361059 -3.14259642 -0.84536919  3.96288362  4.0688627   2.49436421]\n [-1.41049719 -2.4580972   6.78824444  3.18505351  2.49436421 10.34195925]]", "nfev": "126", "njev": "18", "status": "0", "success": "True", "message": "Optimization terminated successfully.", "x": "[ 2.13296591 -0.21567543 -0.48190054  2.26387596  0.14634759 -0.26062921]", "nit": "17"}, "11": {"maxiter": 500, "gtol": 1e-05, "xrtol": 1e-10, "eps": 1e-10, "duration": 0.021923065185546875, "fun": "0.00012071708261240932", "jac": "[ 0.00000000e+00  1.11022293e-06 -2.22044587e-06  4.44089173e-06\n  2.22044587e-06  2.22044587e-06]", "hess_inv": "[[ 6.62372174  4.63620453  3.2712059  -5.67715618 -3.91410281 -1.21452113]\n [ 4.63620453  5.719895    1.78884534 -5.41417714 -3.13661147 -2.41216394]\n [ 3.2712059   1.78884534  9.51205927 -1.83949171 -0.86719675  7.32765313]\n [-5.67715618 -5.41417714 -1.83949171  7.25895229  3.95145869  3.15728563]\n [-3.91410281 -3.13661147 -0.86719675  3.95145869  4.05093403  2.46586426]\n [-1.21452113 -2.41216394  7.32765313  3.15728563  2.46586426 10.83207662]]", "nfev": "126", "njev": "18", "status": "0", "success": "True", "message": "Optimization terminated successfully.", "x": "[ 2.13294786 -0.21569353 -0.48190761  2.26389776  0.14636345 -0.26061638]", "nit": "17"}, "12": {"maxiter": 500, "gtol": 1e-10, "xrtol": 1e-05, "eps": 1e-05, "duration": 0.06095099449157715, "fun": "0.0001207170205691499", "jac": "[ 1.09426912e-06  2.86193291e-06 -7.00917102e-07  2.74358314e-06\n  2.57169841e-06  6.36402042e-07]", "hess_inv": "[[ 6.92523445  4.91512272  3.00968944 -6.19658624 -4.33216519 -1.83908809]\n [ 4.91512272  5.89789861  1.83013825 -5.8317934  -3.46337407 -2.69612334]\n [ 3.00968944  1.83013825  8.82313222 -1.74891868 -0.73692963  6.77432173]\n [-6.19658624 -5.8317934  -1.74891868  8.01098843  4.54804095  3.79111114]\n [-4.33216519 -3.46337407 -0.73692963  4.54804095  4.55186725  3.02105248]\n [-1.83908809 -2.69612334  6.77432173  3.79111114  3.02105248 10.79545108]]", "nfev": "354", "njev": "49", "status": "2", "success": "False", "message": "Desired error not necessarily achieved due to precision loss.", "x": "[ 2.13296591 -0.21567543 -0.48190054  2.26387596  0.14634759 -0.26062921]", "nit": "17"}, "13": {"maxiter": 500, "gtol": 1e-10, "xrtol": 1e-05, "eps": 1e-10, "duration": 0.02690887451171875, "fun": "0.00012071704240335102", "jac": "[-2.22044587e-06  1.11022293e-06 -1.11022293e-06  3.33066880e-06\n  2.22044587e-06  2.22044587e-06]", "hess_inv": "[[ 2.47466259  1.10329045  1.91272989 -1.44803686 -0.98850909  0.97360802]\n [ 1.10329045  2.67591035  0.81407163 -1.8155832  -0.62276342 -0.38970447]\n [ 1.91272989  0.81407163  8.23391066 -0.55675143 -0.06800716  7.23889579]\n [-1.44803686 -1.8155832  -0.55675143  3.08831693  1.02359727  0.93038936]\n [-0.98850909 -0.62276342 -0.06800716  1.02359727  1.99331649  0.81881533]\n [ 0.97360802 -0.38970447  7.23889579  0.93038936  0.81881533  8.96826857]]", "nfev": "154", "njev": "22", "status": "0", "success": "True", "message": "Optimization terminated successfully.", "x": "[ 2.13296086 -0.21568132 -0.48190512  2.26387959  0.14635167 -0.2606281 ]", "nit": "19"}, "14": {"maxiter": 500, "gtol": 1e-10, "xrtol": 1e-10, "eps": 1e-05, "duration": 0.06094479560852051, "fun": "0.0001207170205691499", "jac": "[ 1.09426912e-06  2.86193291e-06 -7.00917102e-07  2.74358314e-06\n  2.57169841e-06  6.36402042e-07]", "hess_inv": "[[ 6.92523445  4.91512272  3.00968944 -6.19658624 -4.33216519 -1.83908809]\n [ 4.91512272  5.89789861  1.83013825 -5.8317934  -3.46337407 -2.69612334]\n [ 3.00968944  1.83013825  8.82313222 -1.74891868 -0.73692963  6.77432173]\n [-6.19658624 -5.8317934  -1.74891868  8.01098843  4.54804095  3.79111114]\n [-4.33216519 -3.46337407 -0.73692963  4.54804095  4.55186725  3.02105248]\n [-1.83908809 -2.69612334  6.77432173  3.79111114  3.02105248 10.79545108]]", "nfev": "354", "njev": "49", "status": "2", "success": "False", "message": "Desired error not necessarily achieved due to precision loss.", "x": "[ 2.13296591 -0.21567543 -0.48190054  2.26387596  0.14634759 -0.26062921]", "nit": "17"}, "15": {"maxiter": 500, "gtol": 1e-10, "xrtol": 1e-10, "eps": 1e-10, "duration": 0.03841876983642578, "fun": "0.00012071704240335102", "jac": "[-2.22044587e-06  1.11022293e-06 -3.33066880e-06  1.11022293e-06\n  0.00000000e+00 -1.11022293e-06]", "hess_inv": "[[ 1.37745451  0.26897087  2.03551757  0.29675494  0.17310111  2.42775274]\n [ 0.26897087  2.05576626  0.8700263  -0.3220608   0.33862399  0.79788293]\n [ 2.03551757  0.8700263   8.31823019 -1.18913727 -0.40269279  6.86162817]\n [ 0.29675494 -0.3220608  -1.18913727  2.26232672  0.08884833 -0.4256661 ]\n [ 0.17310111  0.33862399 -0.40269279  0.08884833  1.19079346 -0.27286323]\n [ 2.42775274  0.79788293  6.86162817 -0.4256661  -0.27286323  7.51042811]]", "nfev": "224", "njev": "32", "status": "0", "success": "True", "message": "Optimization terminated successfully.", "x": "[ 2.13296086 -0.21568132 -0.48190512  2.26387959  0.14635167 -0.2606281 ]", "nit": "20"}, "16": {"maxiter": 1000, "gtol": 1e-05, "xrtol": 1e-05, "eps": 1e-05, "duration": 0.02155017852783203, "fun": "0.0001207170205691499", "jac": "[ 1.09426912e-06  2.86193291e-06 -7.00917102e-07  2.74358314e-06\n  2.57169841e-06  6.36402042e-07]", "hess_inv": "[[ 6.58202179  4.65943422  3.08291295 -5.70610713 -3.92361059 -1.41049719]\n [ 4.65943422  5.7882365   1.7799052  -5.47279222 -3.14259642 -2.4580972 ]\n [ 3.08291295  1.7799052   8.94335888 -1.84526536 -0.84536919  6.78824444]\n [-5.70610713 -5.47279222 -1.84526536  7.31056005  3.96288362  3.18505351]\n [-3.92361059 -3.14259642 -0.84536919  3.96288362  4.0688627   2.49436421]\n [-1.41049719 -2.4580972   6.78824444  3.18505351  2.49436421 10.34195925]]", "nfev": "126", "njev": "18", "status": "0", "success": "True", "message": "Optimization terminated successfully.", "x": "[ 2.13296591 -0.21567543 -0.48190054  2.26387596  0.14634759 -0.26062921]", "nit": "17"}, "17": {"maxiter": 1000, "gtol": 1e-05, "xrtol": 1e-05, "eps": 1e-10, "duration": 0.02155590057373047, "fun": "0.00012071708261240932", "jac": "[ 0.00000000e+00  1.11022293e-06 -2.22044587e-06  4.44089173e-06\n  2.22044587e-06  2.22044587e-06]", "hess_inv": "[[ 6.62372174  4.63620453  3.2712059  -5.67715618 -3.91410281 -1.21452113]\n [ 4.63620453  5.719895    1.78884534 -5.41417714 -3.13661147 -2.41216394]\n [ 3.2712059   1.78884534  9.51205927 -1.83949171 -0.86719675  7.32765313]\n [-5.67715618 -5.41417714 -1.83949171  7.25895229  3.95145869  3.15728563]\n [-3.91410281 -3.13661147 -0.86719675  3.95145869  4.05093403  2.46586426]\n [-1.21452113 -2.41216394  7.32765313  3.15728563  2.46586426 10.83207662]]", "nfev": "126", "njev": "18", "status": "0", "success": "True", "message": "Optimization terminated successfully.", "x": "[ 2.13294786 -0.21569353 -0.48190761  2.26389776  0.14636345 -0.26061638]", "nit": "17"}, "18": {"maxiter": 1000, "gtol": 1e-05, "xrtol": 1e-10, "eps": 1e-05, "duration": 0.02143716812133789, "fun": "0.0001207170205691499", "jac": "[ 1.09426912e-06  2.86193291e-06 -7.00917102e-07  2.74358314e-06\n  2.57169841e-06  6.36402042e-07]", "hess_inv": "[[ 6.58202179  4.65943422  3.08291295 -5.70610713 -3.92361059 -1.41049719]\n [ 4.65943422  5.7882365   1.7799052  -5.47279222 -3.14259642 -2.4580972 ]\n [ 3.08291295  1.7799052   8.94335888 -1.84526536 -0.84536919  6.78824444]\n [-5.70610713 -5.47279222 -1.84526536  7.31056005  3.96288362  3.18505351]\n [-3.92361059 -3.14259642 -0.84536919  3.96288362  4.0688627   2.49436421]\n [-1.41049719 -2.4580972   6.78824444  3.18505351  2.49436421 10.34195925]]", "nfev": "126", "njev": "18", "status": "0", "success": "True", "message": "Optimization terminated successfully.", "x": "[ 2.13296591 -0.21567543 -0.48190054  2.26387596  0.14634759 -0.26062921]", "nit": "17"}, "19": {"maxiter": 1000, "gtol": 1e-05, "xrtol": 1e-10, "eps": 1e-10, "duration": 0.021386146545410156, "fun": "0.00012071708261240932", "jac": "[ 0.00000000e+00  1.11022293e-06 -2.22044587e-06  4.44089173e-06\n  2.22044587e-06  2.22044587e-06]", "hess_inv": "[[ 6.62372174  4.63620453  3.2712059  -5.67715618 -3.91410281 -1.21452113]\n [ 4.63620453  5.719895    1.78884534 -5.41417714 -3.13661147 -2.41216394]\n [ 3.2712059   1.78884534  9.51205927 -1.83949171 -0.86719675  7.32765313]\n [-5.67715618 -5.41417714 -1.83949171  7.25895229  3.95145869  3.15728563]\n [-3.91410281 -3.13661147 -0.86719675  3.95145869  4.05093403  2.46586426]\n [-1.21452113 -2.41216394  7.32765313  3.15728563  2.46586426 10.83207662]]", "nfev": "126", "njev": "18", "status": "0", "success": "True", "message": "Optimization terminated successfully.", "x": "[ 2.13294786 -0.21569353 -0.48190761  2.26389776  0.14636345 -0.26061638]", "nit": "17"}, "20": {"maxiter": 1000, "gtol": 1e-10, "xrtol": 1e-05, "eps": 1e-05, "duration": 0.06219792366027832, "fun": "0.0001207170205691499", "jac": "[ 1.09426912e-06  2.86193291e-06 -7.00917102e-07  2.74358314e-06\n  2.57169841e-06  6.36402042e-07]", "hess_inv": "[[ 6.92523445  4.91512272  3.00968944 -6.19658624 -4.33216519 -1.83908809]\n [ 4.91512272  5.89789861  1.83013825 -5.8317934  -3.46337407 -2.69612334]\n [ 3.00968944  1.83013825  8.82313222 -1.74891868 -0.73692963  6.77432173]\n [-6.19658624 -5.8317934  -1.74891868  8.01098843  4.54804095  3.79111114]\n [-4.33216519 -3.46337407 -0.73692963  4.54804095  4.55186725  3.02105248]\n [-1.83908809 -2.69612334  6.77432173  3.79111114  3.02105248 10.79545108]]", "nfev": "354", "njev": "49", "status": "2", "success": "False", "message": "Desired error not necessarily achieved due to precision loss.", "x": "[ 2.13296591 -0.21567543 -0.48190054  2.26387596  0.14634759 -0.26062921]", "nit": "17"}, "21": {"maxiter": 1000, "gtol": 1e-10, "xrtol": 1e-05, "eps": 1e-10, "duration": 0.02797698974609375, "fun": "0.00012071704240335102", "jac": "[-2.22044587e-06  1.11022293e-06 -1.11022293e-06  3.33066880e-06\n  2.22044587e-06  2.22044587e-06]", "hess_inv": "[[ 2.47466259  1.10329045  1.91272989 -1.44803686 -0.98850909  0.97360802]\n [ 1.10329045  2.67591035  0.81407163 -1.8155832  -0.62276342 -0.38970447]\n [ 1.91272989  0.81407163  8.23391066 -0.55675143 -0.06800716  7.23889579]\n [-1.44803686 -1.8155832  -0.55675143  3.08831693  1.02359727  0.93038936]\n [-0.98850909 -0.62276342 -0.06800716  1.02359727  1.99331649  0.81881533]\n [ 0.97360802 -0.38970447  7.23889579  0.93038936  0.81881533  8.96826857]]", "nfev": "154", "njev": "22", "status": "0", "success": "True", "message": "Optimization terminated successfully.", "x": "[ 2.13296086 -0.21568132 -0.48190512  2.26387959  0.14635167 -0.2606281 ]", "nit": "19"}, "22": {"maxiter": 1000, "gtol": 1e-10, "xrtol": 1e-10, "eps": 1e-05, "duration": 0.06349682807922363, "fun": "0.0001207170205691499", "jac": "[ 1.09426912e-06  2.86193291e-06 -7.00917102e-07  2.74358314e-06\n  2.57169841e-06  6.36402042e-07]", "hess_inv": "[[ 6.92523445  4.91512272  3.00968944 -6.19658624 -4.33216519 -1.83908809]\n [ 4.91512272  5.89789861  1.83013825 -5.8317934  -3.46337407 -2.69612334]\n [ 3.00968944  1.83013825  8.82313222 -1.74891868 -0.73692963  6.77432173]\n [-6.19658624 -5.8317934  -1.74891868  8.01098843  4.54804095  3.79111114]\n [-4.33216519 -3.46337407 -0.73692963  4.54804095  4.55186725  3.02105248]\n [-1.83908809 -2.69612334  6.77432173  3.79111114  3.02105248 10.79545108]]", "nfev": "354", "njev": "49", "status": "2", "success": "False", "message": "Desired error not necessarily achieved due to precision loss.", "x": "[ 2.13296591 -0.21567543 -0.48190054  2.26387596  0.14634759 -0.26062921]", "nit": "17"}, "23": {"maxiter": 1000, "gtol": 1e-10, "xrtol": 1e-10, "eps": 1e-10, "duration": 0.040402889251708984, "fun": "0.00012071704240335102", "jac": "[-2.22044587e-06  1.11022293e-06 -3.33066880e-06  1.11022293e-06\n  0.00000000e+00 -1.11022293e-06]", "hess_inv": "[[ 1.37745451  0.26897087  2.03551757  0.29675494  0.17310111  2.42775274]\n [ 0.26897087  2.05576626  0.8700263  -0.3220608   0.33862399  0.79788293]\n [ 2.03551757  0.8700263   8.31823019 -1.18913727 -0.40269279  6.86162817]\n [ 0.29675494 -0.3220608  -1.18913727  2.26232672  0.08884833 -0.4256661 ]\n [ 0.17310111  0.33862399 -0.40269279  0.08884833  1.19079346 -0.27286323]\n [ 2.42775274  0.79788293  6.86162817 -0.4256661  -0.27286323  7.51042811]]", "nfev": "224", "njev": "32", "status": "0", "success": "True", "message": "Optimization terminated successfully.", "x": "[ 2.13296086 -0.21568132 -0.48190512  2.26387959  0.14635167 -0.2606281 ]", "nit": "20"}}, "cobyla": {"0": {"maxiter": 100, "tol": 1e-05, "catol": 1e-05, "duration": 0.01737213134765625, "x": "[ 3.78634768  1.35191573  1.08723163  1.2806205   0.83405436 -0.18948177]", "status": "2", "success": "False", "message": "Maximum number of function evaluations has been exceeded.", "nfev": "100", "fun": "0.0004747310846618946", "maxcv": "0.0"}, "1": {"maxiter": 100, "tol": 1e-05, "catol": 1e-10, "duration": 0.017371177673339844, "x": "[ 3.78634768  1.35191573  1.08723163  1.2806205   0.83405436 -0.18948177]", "status": "2", "success": "False", "message": "Maximum number of function evaluations has been exceeded.", "nfev": "100", "fun": "0.0004747310846618946", "maxcv": "0.0"}, "2": {"maxiter": 100, "tol": 1e-10, "catol": 1e-05, "duration": 0.017245054244995117, "x": "[ 3.78634768  1.35191573  1.08723163  1.2806205   0.83405436 -0.18948177]", "status": "2", "success": "False", "message": "Maximum number of function evaluations has been exceeded.", "nfev": "100", "fun": "0.0004747310846618946", "maxcv": "0.0"}, "3": {"maxiter": 100, "tol": 1e-10, "catol": 1e-10, "duration": 0.017386913299560547, "x": "[ 3.78634768  1.35191573  1.08723163  1.2806205   0.83405436 -0.18948177]", "status": "2", "success": "False", "message": "Maximum number of function evaluations has been exceeded.", "nfev": "100", "fun": "0.0004747310846618946", "maxcv": "0.0"}, "4": {"maxiter": 500, "tol": 1e-05, "catol": 1e-05, "duration": 0.0776059627532959, "x": "[ 3.85415971  1.39480404  1.09378467  1.3039626   0.90912395 -0.23700546]", "status": "1", "success": "True", "message": "Optimization terminated successfully.", "nfev": "447", "fun": "0.00012071721370243704", "maxcv": "0.0"}, "5": {"maxiter": 500, "tol": 1e-05, "catol": 1e-10, "duration": 0.07754206657409668, "x": "[ 3.85415971  1.39480404  1.09378467  1.3039626   0.90912395 -0.23700546]", "status": "1", "success": "True", "message": "Optimization terminated successfully.", "nfev": "447", "fun": "0.00012071721370243704", "maxcv": "0.0"}, "6": {"maxiter": 500, "tol": 1e-10, "catol": 1e-05, "duration": 0.0865030288696289, "x": "[ 3.85419654  1.39482685  1.09379996  1.30398705  0.90916185 -0.23701893]", "status": "2", "success": "False", "message": "Maximum number of function evaluations has been exceeded.", "nfev": "500", "fun": "0.00012071695877868827", "maxcv": "0.0"}, "7": {"maxiter": 500, "tol": 1e-10, "catol": 1e-10, "duration": 0.08669686317443848, "x": "[ 3.85419654  1.39482685  1.09379996  1.30398705  0.90916185 -0.23701893]", "status": "2", "success": "False", "message": "Maximum number of function evaluations has been exceeded.", "nfev": "500", "fun": "0.00012071695877868827", "maxcv": "0.0"}, "8": {"maxiter": 1000, "tol": 1e-05, "catol": 1e-05, "duration": 0.0742490291595459, "x": "[ 3.85415971  1.39480404  1.09378467  1.3039626   0.90912395 -0.23700546]", "status": "1", "success": "True", "message": "Optimization terminated successfully.", "nfev": "447", "fun": "0.00012071721370243704", "maxcv": "0.0"}, "9": {"maxiter": 1000, "tol": 1e-05, "catol": 1e-10, "duration": 0.07239818572998047, "x": "[ 3.85415971  1.39480404  1.09378467  1.3039626   0.90912395 -0.23700546]", "status": "1", "success": "True", "message": "Optimization terminated successfully.", "nfev": "447", "fun": "0.00012071721370243704", "maxcv": "0.0"}, "10": {"maxiter": 1000, "tol": 1e-10, "catol": 1e-05, "duration": 0.12