{"date": "2024/10/08/, 20:22:48", "conf_id": 27, "data_type": "random\n", "num_data_points": 2, "s_rank": 0, "unitary": "[[0.18663085-0.53122324j,-0.11886349-0.70040876j,0.28555095-0.02789305j,-0.12262021-0.2844587j],[-0.16702216+0.27758472j,0.27526351-0.29738586j,-0.01109314+0.22495461j,-0.77239203+0.28900673j],[0.61935415+0.12301792j,-0.31269928-0.03315917j,-0.61902762-0.19039079j,-0.27120731-0.0968989j],[0.42341754+0.0023929j,-0.05847358+0.47832119j,0.64900495-0.16218422j,-0.37182676-0.05229966j]]", "databatch_0": {"databatch": "[[[-0.15193678+0.03878013j,0.19996856-0.1580094j,0.24995847+0.05761358j,0.0324961-0.09596735j],[0.06100565+0.00658139j,0.00864953+0.10383486j,-0.01115353+0.2712143j,-0.0183956+0.11294826j],[0.03289048-0.04370833j,-0.16399837+0.15565605j,-0.48418992-0.08136731j,-0.08239542-0.00984264j],[0.21664461-0.34707345j,-0.00804533+0.36318182j,0.11216879-0.08584452j,0.29415003+0.15841393j]],[[-0.11110911+0.13028034j,0.08996033-0.11136097j,-0.2079091-0.03399675j,0.31723626-0.03338481j],[-0.02982013-0.15681622j,-0.09078987+0.14868456j,0.01384315-0.07891936j,-0.02255091+0.32319863j],[0.05123127-0.28403467j,-0.18940223+0.16794912j,0.1372863-0.16793166j,-0.32886214+0.50971646j],[-0.10854235+0.0160624j,0.10796651-0.02019911j,-0.06693685-0.1136696j,0.14548667+0.10850782j]]]", "initial param values": "[4.09767228,2.74528397,0.26693177,5.15147681,6.00934868,3.71211136]", "nelder_mead": {"type": "gradient-free", "0": {"maxiter": 100, "fatol": 1e-05, "xatol": 1e-05, "duration": 0.06730794906616211, "fun": "0.2856888159405827", "nit": "100", "nfev": "157", "status": "2", "success": "False", "message": "Maximum number of iterations has been exceeded.", "x": "[4.56336654 3.94167947 0.24788085 2.68333626 7.92794284 3.78387289]", "final_simplex": "(array([[4.56336654, 3.94167947, 0.24788085, 2.68333626, 7.92794284,\n        3.78387289],\n       [4.56718668, 3.93202584, 0.24989224, 2.7023898 , 7.88362125,\n        3.74981859],\n       [4.54868477, 3.97772815, 0.24724522, 2.67487769, 7.92899894,\n        3.81351978],\n       [4.54259606, 3.93704257, 0.24750115, 2.70065761, 7.92428829,\n        3.79365334],\n       [4.55311194, 3.94291625, 0.24935095, 2.6700395 , 7.90433951,\n        3.76745364],\n       [4.551671  , 3.92852462, 0.25113323, 2.67160641, 7.89702713,\n        3.74645281],\n       [4.54704912, 3.9557873 , 0.25092018, 2.66626656, 7.89598272,\n        3.73020755]]), array([0.28568882, 0.28572501, 0.28576045, 0.28578536, 0.28579376,\n       0.28579763, 0.28580365]))", "callback": [0.6958379627907816, 0.5769679941374928, 0.4158198526406045, 0.38015572503168515, 0.3581447903412788, 0.32582099891173333, 0.28854149442639454, 0.288403804371566, 0.2863176053642069, 0.2857853595595259]}, "1": {"maxiter": 100, "fatol": 1e-05, "xatol": 1e-10, "duration": 0.05046987533569336, "fun": "0.2856888159405827", "nit": "100", "nfev": "157", "status": "2", "success": "False", "message": "Maximum number of iterations has been exceeded.", "x": "[4.56336654 3.94167947 0.24788085 2.68333626 7.92794284 3.78387289]", "final_simplex": "(array([[4.56336654, 3.94167947, 0.24788085, 2.68333626, 7.92794284,\n        3.78387289],\n       [4.56718668, 3.93202584, 0.24989224, 2.7023898 , 7.88362125,\n        3.74981859],\n       [4.54868477, 3.97772815, 0.24724522, 2.67487769, 7.92899894,\n        3.81351978],\n       [4.54259606, 3.93704257, 0.24750115, 2.70065761, 7.92428829,\n        3.79365334],\n       [4.55311194, 3.94291625, 0.24935095, 2.6700395 , 7.90433951,\n        3.76745364],\n       [4.551671  , 3.92852462, 0.25113323, 2.67160641, 7.89702713,\n        3.74645281],\n       [4.54704912, 3.9557873 , 0.25092018, 2.66626656, 7.89598272,\n        3.73020755]]), array([0.28568882, 0.28572501, 0.28576045, 0.28578536, 0.28579376,\n       0.28579763, 0.28580365]))", "callback": [0.6958379627907816, 0.5769679941374928, 0.4158198526406045, 0.38015572503168515, 0.3581447903412788, 0.32582099891173333, 0.28854149442639454, 0.288403804371566, 0.2863176053642069, 0.2857853595595259]}, "2": {"maxiter": 100, "fatol": 1e-10, "xatol": 1e-05, "duration": 0.05914020538330078, "fun": "0.2856888159405827", "nit": "100", "nfev": "157", "status": "2", "success": "False", "message": "Maximum number of iterations has been exceeded.", "x": "[4.56336654 3.94167947 0.24788085 2.68333626 7.92794284 3.78387289]", "final_simplex": "(array([[4.56336654, 3.94167947, 0.24788085, 2.68333626, 7.92794284,\n        3.78387289],\n       [4.56718668, 3.93202584, 0.24989224, 2.7023898 , 7.88362125,\n        3.74981859],\n       [4.54868477, 3.97772815, 0.24724522, 2.67487769, 7.92899894,\n        3.81351978],\n       [4.54259606, 3.93704257, 0.24750115, 2.70065761, 7.92428829,\n        3.79365334],\n       [4.55311194, 3.94291625, 0.24935095, 2.6700395 , 7.90433951,\n        3.76745364],\n       [4.551671  , 3.92852462, 0.25113323, 2.67160641, 7.89702713,\n        3.74645281],\n       [4.54704912, 3.9557873 , 0.25092018, 2.66626656, 7.89598272,\n        3.73020755]]), array([0.28568882, 0.28572501, 0.28576045, 0.28578536, 0.28579376,\n       0.28579763, 0.28580365]))", "callback": [0.6958379627907816, 0.5769679941374928, 0.4158198526406045, 0.38015572503168515, 0.3581447903412788, 0.32582099891173333, 0.28854149442639454, 0.288403804371566, 0.2863176053642069, 0.2857853595595259]}, "3": {"maxiter": 100, "fatol": 1e-10, "xatol": 1e-10, "duration": 0.04700016975402832, "fun": "0.2856888159405827", "nit": "100", "nfev": "157", "status": "2", "success": "False", "message": "Maximum number of iterations has been exceeded.", "x": "[4.56336654 3.94167947 0.24788085 2.68333626 7.92794284 3.78387289]", "final_simplex": "(array([[4.56336654, 3.94167947, 0.24788085, 2.68333626, 7.92794284,\n        3.78387289],\n       [4.56718668, 3.93202584, 0.24989224, 2.7023898 , 7.88362125,\n        3.74981859],\n       [4.54868477, 3.97772815, 0.24724522, 2.67487769, 7.92899894,\n        3.81351978],\n       [4.54259606, 3.93704257, 0.24750115, 2.70065761, 7.92428829,\n        3.79365334],\n       [4.55311194, 3.94291625, 0.24935095, 2.6700395 , 7.90433951,\n        3.76745364],\n       [4.551671  , 3.92852462, 0.25113323, 2.67160641, 7.89702713,\n        3.74645281],\n       [4.54704912, 3.9557873 , 0.25092018, 2.66626656, 7.89598272,\n        3.73020755]]), array([0.28568882, 0.28572501, 0.28576045, 0.28578536, 0.28579376,\n       0.28579763, 0.28580365]))", "callback": [0.6958379627907816, 0.5769679941374928, 0.4158198526406045, 0.38015572503168515, 0.3581447903412788, 0.32582099891173333, 0.28854149442639454, 0.288403804371566, 0.2863176053642069, 0.2857853595595259]}, "4": {"maxiter": 500, "fatol": 1e-05, "xatol": 1e-05, "duration": 0.2468090057373047, "fun": "0.2550094529191671", "nit": "494", "nfev": "769", "status": "0", "success": "True", "message": "Optimization terminated successfully.", "x": "[4.71478288 4.28951092 0.87173299 3.54628457 5.36750906 1.27789225]", "final_simplex": "(array([[4.71478288, 4.28951092, 0.87173299, 3.54628457, 5.36750906,\n        1.27789225],\n       [4.71478028, 4.28951217, 0.87173074, 3.54628515, 5.36750608,\n        1.27789053],\n       [4.71478218, 4.28951104, 0.87173325, 3.54628709, 5.36751063,\n        1.27789497],\n       [4.71478455, 4.28951234, 0.8717312 , 3.54628477, 5.36750778,\n        1.27789365],\n       [4.71478163, 4.28951116, 0.87173119, 3.54628605, 5.36751585,\n        1.27790095],\n       [4.71478184, 4.28951374, 0.8717349 , 3.5462875 , 5.36751478,\n        1.27789835],\n       [4.71478006, 4.28951191, 0.87173037, 3.54628787, 5.36750687,\n        1.27788713]]), array([0.25500945, 0.25500945, 0.25500945, 0.25500945, 0.25500945,\n       0.25500945, 0.25500945]))", "callback": [0.6958379627907816, 0.5769679941374928, 0.4158198526406045, 0.38015572503168515, 0.3581447903412788, 0.32582099891173333, 0.28854149442639454, 0.288403804371566, 0.2863176053642069, 0.2857853595595259, 0.28568594631404753, 0.28555145036041507, 0.285470496032439, 0.285444951426176, 0.28531204894961837, 0.2849841269337068, 0.28341177731723466, 0.28065028526960467, 0.27826428045840235, 0.27671560759300573, 0.27201442789818864, 0.26356796631078105, 0.26144231332111, 0.2588945248627037, 0.2585410649118952, 0.258407087321437, 0.257919591203266, 0.2571377337826629, 0.2564886980875952, 0.2563532509218217, 0.2561829699607965, 0.2559362413659966, 0.25564076765697585, 0.25546907789391193, 0.25533383046865454, 0.2551678860344526, 0.2550374143847356, 0.25502402625715137, 0.25501183212954026, 0.2550099943096191, 0.25500955770814504, 0.25500949607655077, 0.2550094663454636, 0.25500945707195566, 0.25500945477578574, 0.25500945333508307, 0.25500945301721056, 0.2550094529427107, 0.2550094529236878, 0.25500945291932176]}, "5": {"maxiter": 500, "fatol": 1e-05, "xatol": 1e-10, "duration": 0.2709922790527344, "fun": "0.25500945291848476", "nit": "500", "nfev": "779", "status": "2", "success": "False", "message": "Maximum number of iterations has been exceeded.", "x": "[4.71478193 4.28951123 0.87173128 3.54628573 5.36751183 1.27789648]", "final_simplex": "(array([[4.71478193, 4.28951123, 0.87173128, 3.54628573, 5.36751183,\n        1.27789648],\n       [4.7147809 , 4.28951145, 0.87173104, 3.54628539, 5.36750745,\n        1.27789143],\n       [4.71478173, 4.28951098, 0.87173218, 3.54628627, 5.36750944,\n        1.27789341],\n       [4.71478114, 4.2895119 , 0.87173137, 3.54628686, 5.36750878,\n        1.27789112],\n       [4.71478288, 4.28951092, 0.87173299, 3.54628457, 5.36750906,\n        1.27789225],\n       [4.71478238, 4.28950944, 0.87172868, 3.54628399, 5.36750461,\n        1.27788947],\n       [4.71477905, 4.28950989, 0.87173157, 3.54628636, 5.36750921,\n        1.27789129]]), array([0.25500945, 0.25500945, 0.25500945, 0.25500945, 0.25500945,\n       0.25500945, 0.25500945]))", "callback": [0.6958379627907816, 0.5769679941374928, 0.4158198526406045, 0.38015572503168515, 0.3581447903412788, 0.32582099891173333, 0.28854149442639454, 0.288403804371566, 0.2863176053642069, 0.2857853595595259, 0.28568594631404753, 0.28555145036041507, 0.285470496032439, 0.285444951426176, 0.28531204894961837, 0.2849841269337068, 0.28341177731723466, 0.28065028526960467, 0.27826428045840235, 0.27671560759300573, 0.27201442789818864, 0.26356796631078105, 0.26144231332111, 0.2588945248627037, 0.2585410649118952, 0.258407087321437, 0.257919591203266, 0.2571377337826629, 0.2564886980875952, 0.2563532509218217, 0.2561829699607965, 0.2559362413659966, 0.25564076765697585, 0.25546907789391193, 0.25533383046865454, 0.2551678860344526, 0.2550374143847356, 0.25502402625715137, 0.25501183212954026, 0.2550099943096191, 0.25500955770814504, 0.25500949607655077, 0.2550094663454636, 0.25500945707195566, 0.25500945477578574, 0.25500945333508307, 0.25500945301721056, 0.2550094529427107, 0.2550094529236878, 0.25500945291932176]}, "6": {"maxiter": 500, "fatol": 1e-10, "xatol": 1e-05, "duration": 0.2808852195739746, "fun": "0.2550094529191671", "nit": "494", "nfev": "769", "status": "0", "success": "True", "message": "Optimization terminated successfully.", "x": "[4.71478288 4.28951092 0.87173299 3.54628457 5.36750906 1.27789225]", "final_simplex": "(array([[4.71478288, 4.28951092, 0.87173299, 3.54628457, 5.36750906,\n        1.27789225],\n       [4.71478028, 4.28951217, 0.87173074, 3.54628515, 5.36750608,\n        1.27789053],\n       [4.71478218, 4.28951104, 0.87173325, 3.54628709, 5.36751063,\n        1.27789497],\n       [4.71478455, 4.28951234, 0.8717312 , 3.54628477, 5.36750778,\n        1.27789365],\n       [4.71478163, 4.28951116, 0.87173119, 3.54628605, 5.36751585,\n        1.27790095],\n       [4.71478184, 4.28951374, 0.8717349 , 3.5462875 , 5.36751478,\n        1.27789835],\n       [4.71478006, 4.28951191, 0.87173037, 3.54628787, 5.36750687,\n        1.27788713]]), array([0.25500945, 0.25500945, 0.25500945, 0.25500945, 0.25500945,\n       0.25500945, 0.25500945]))", "callback": [0.6958379627907816, 0.5769679941374928, 0.4158198526406045, 0.38015572503168515, 0.3581447903412788, 0.32582099891173333, 0.28854149442639454, 0.288403804371566, 0.2863176053642069, 0.2857853595595259, 0.28568594631404753, 0.28555145036041507, 0.285470496032439, 0.285444951426176, 0.28531204894961837, 0.2849841269337068, 0.28341177731723466, 0.28065028526960467, 0.27826428045840235, 0.27671560759300573, 0.27201442789818864, 0.26356796631078105, 0.26144231332111, 0.2588945248627037, 0.2585410649118952, 0.258407087321437, 0.257919591203266, 0.2571377337826629, 0.2564886980875952, 0.2563532509218217, 0.2561829699607965, 0.2559362413659966, 0.25564076765697585, 0.25546907789391193, 0.25533383046865454, 0.2551678860344526, 0.2550374143847356, 0.25502402625715137, 0.25501183212954026, 0.2550099943096191, 0.25500955770814504, 0.25500949607655077, 0.2550094663454636, 0.25500945707195566, 0.25500945477578574, 0.25500945333508307, 0.25500945301721056, 0.2550094529427107, 0.2550094529236878, 0.25500945291932176]}, "7": {"maxiter": 500, "fatol": 1e-10, "xatol": 1e-10, "duration": 0.27071380615234375, "fun": "0.25500945291848476", "nit": "500", "nfev": "779", "status": "2", "success": "False", "message": "Maximum number of iterations has been exceeded.", "x": "[4.71478193 4.28951123 0.87173128 3.54628573 5.36751183 1.27789648]", "final_simplex": "(array([[4.71478193, 4.28951123, 0.87173128, 3.54628573, 5.36751183,\n        1.27789648],\n       [4.7147809 , 4.28951145, 0.87173104, 3.54628539, 5.36750745,\n        1.27789143],\n       [4.71478173, 4.28951098, 0.87173218, 3.54628627, 5.36750944,\n        1.27789341],\n       [4.71478114, 4.2895119 , 0.87173137, 3.54628686, 5.36750878,\n        1.27789112],\n       [4.71478288, 4.28951092, 0.87173299, 3.54628457, 5.36750906,\n        1.27789225],\n       [4.71478238, 4.28950944, 0.87172868, 3.54628399, 5.36750461,\n        1.27788947],\n       [4.71477905, 4.28950989, 0.87173157, 3.54628636, 5.36750921,\n        1.27789129]]), array([0.25500945, 0.25500945, 0.25500945, 0.25500945, 0.25500945,\n       0.25500945, 0.25500945]))", "callback": [0.6958379627907816, 0.5769679941374928, 0.4158198526406045, 0.38015572503168515, 0.3581447903412788, 0.32582099891173333, 0.28854149442639454, 0.288403804371566, 0.2863176053642069, 0.2857853595595259, 0.28568594631404753, 0.28555145036041507, 0.285470496032439, 0.285444951426176, 0.28531204894961837, 0.2849841269337068, 0.28341177731723466, 0.28065028526960467, 0.27826428045840235, 0.27671560759300573, 0.27201442789818864, 0.26356796631078105, 0.26144231332111, 0.2588945248627037, 0.2585410649118952, 0.258407087321437, 0.257919591203266, 0.2571377337826629, 0.2564886980875952, 0.2563532509218217, 0.2561829699607965, 0.2559362413659966, 0.25564076765697585, 0.25546907789391193, 0.25533383046865454, 0.2551678860344526, 0.2550374143847356, 0.25502402625715137, 0.25501183212954026, 0.2550099943096191, 0.25500955770814504, 0.25500949607655077, 0.2550094663454636, 0.25500945707195566, 0.25500945477578574, 0.25500945333508307, 0.25500945301721056, 0.2550094529427107, 0.2550094529236878, 0.25500945291932176]}, "8": {"maxiter": 1000, "fatol": 1e-05, "xatol": 1e-05, "duration": 0.2494032382965088, "fun": "0.2550094529191671", "nit": "494", "nfev": "769", "status": "0", "success": "True", "message": "Optimization terminated successfully.", "x": "[4.71478288 4.28951092 0.87173299 3.54628457 5.36750906 1.27789225]", "final_simplex": "(array([[4.71478288, 4.28951092, 0.87173299, 3.54628457, 5.36750906,\n        1.27789225],\n       [4.71478028, 4.28951217, 0.87173074, 3.54628515, 5.36750608,\n        1.27789053],\n       [4.71478218, 4.28951104, 0.87173325, 3.54628709, 5.36751063,\n        1.27789497],\n       [4.71478455, 4.28951234, 0.8717312 , 3.54628477, 5.36750778,\n        1.27789365],\n       [4.71478163, 4.28951116, 0.87173119, 3.54628605, 5.36751585,\n        1.27790095],\n       [4.71478184, 4.28951374, 0.8717349 , 3.5462875 , 5.36751478,\n        1.27789835],\n       [4.71478006, 4.28951191, 0.87173037, 3.54628787, 5.36750687,\n        1.27788713]]), array([0.25500945, 0.25500945, 0.25500945, 0.25500945, 0.25500945,\n       0.25500945, 0.25500945]))", "callback": [0.6958379627907816, 0.5769679941374928, 0.4158198526406045, 0.38015572503168515, 0.3581447903412788, 0.32582099891173333, 0.28854149442639454, 0.288403804371566, 0.2863176053642069, 0.2857853595595259, 0.28568594631404753, 0.28555145036041507, 0.285470496032439, 0.285444951426176, 0.28531204894961837, 0.2849841269337068, 0.28341177731723466, 0.28065028526960467, 0.27826428045840235, 0.27671560759300573, 0.27201442789818864, 0.26356796631078105, 0.26144231332111, 0.2588945248627037, 0.2585410649118952, 0.258407087321437, 0.257919591203266, 0.2571377337826629, 0.2564886980875952, 0.2563532509218217, 0.2561829699607965, 0.2559362413659966, 0.25564076765697585, 0.25546907789391193, 0.25533383046865454, 0.2551678860344526, 0.2550374143847356, 0.25502402625715137, 0.25501183212954026, 0.2550099943096191, 0.25500955770814504, 0.25500949607655077, 0.2550094663454636, 0.25500945707195566, 0.25500945477578574, 0.25500945333508307, 0.25500945301721056, 0.2550094529427107, 0.2550094529236878, 0.25500945291932176]}, "9": {"maxiter": 1000, "fatol": 1e-05, "xatol": 1e-10, "duration": 0.3227226734161377, "fun": "0.2550094529182836", "nit": "580", "nfev": "981", "status": "0", "success": "True", "message": "Optimization terminated successfully.", "x": "[4.71478154 4.28951089 0.87173091 3.54628535 5.3675099  1.27789385]", "final_simplex": "(array([[4.71478154, 4.28951089, 0.87173091, 3.54628535, 5.3675099 ,\n        1.27789385],\n       [4.71478154, 4.28951089, 0.87173091, 3.54628535, 5.3675099 ,\n        1.27789385],\n       [4.71478154, 4.28951089, 0.87173091, 3.54628535, 5.3675099 ,\n        1.27789385],\n       [4.71478154, 4.28951089, 0.87173091, 3.54628535, 5.3675099 ,\n        1.27789385],\n       [4.71478154, 4.28951089, 0.87173091, 3.54628535, 5.3675099 ,\n        1.27789385],\n       [4.71478154, 4.28951089, 0.87173091, 3.54628535, 5.3675099 ,\n        1.27789385],\n       [4.71478154, 4.28951089, 0.87173091, 3.54628535, 5.3675099 ,\n        1.27789385]]), array([0.25500945, 0.25500945, 0.25500945, 0.25500945, 0.25500945,\n       0.25500945, 0.25500945]))", "callback": [0.6958379627907816, 0.5769679941374928, 0.4158198526406045, 0.38015572503168515, 0.3581447903412788, 0.32582099891173333, 0.28854149442639454, 0.288403804371566, 0.2863176053642069, 0.2857853595595259, 0.28568594631404753, 0.28555145036041507, 0.285470496032439, 0.285444951426176, 0.28531204894961837, 0.2849841269337068, 0.28341177731723466, 0.28065028526960467, 0.27826428045840235, 0.27671560759300573, 0.27201442789818864, 0.26356796631078105, 0.26144231332111, 0.2588945248627037, 0.2585410649118952, 0.258407087321437, 0.257919591203266, 0.2571377337826629, 0.2564886980875952, 0.2563532509218217, 0.2561829699607965, 0.2559362413659966, 0.25564076765697585, 0.25546907789391193, 0.25533383046865454, 0.2551678860344526, 0.2550374143847356, 0.25502402625715137, 0.25501183212954026, 0.2550099943096191, 0.25500955770814504, 0.25500949607655077, 0.2550094663454636, 0.25500945707195566, 0.25500945477578574, 0.25500945333508307, 0.25500945301721056, 0.2550094529427107, 0.2550094529236878, 0.25500945291932176, 0.25500945291848476, 0.2550094529183333, 0.25500945291829935, 0.25500945291828625, 0.2550094529182845, 0.2550094529182838, 0.2550094529182836, 0.2550094529182836]}, "10": {"maxiter": 1000, "fatol": 1e-10, "xatol": 1e-05, "duration": 0.25142788887023926, "fun": "0.2550094529191671", "nit": "494", "nfev": "769", "status": "0", "success": "True", "message": "Optimization terminated successfully.", "x": "[4.71478288 4.28951092 0.87173299 3.54628457 5.36750906 1.27789225]", "final_simplex": "(array([[4.71478288, 4.28951092, 0.87173299, 3.54628457, 5.36750906,\n        1.27789225],\n       [4.71478028, 4.28951217, 0.87173074, 3.54628515, 5.36750608,\n        1.27789053],\n       [4.71478218, 4.28951104, 0.87173325, 3.54628709, 5.36751063,\n        1.27789497],\n       [4.71478455, 4.28951234, 0.8717312 , 3.54628477, 5.36750778,\n        1.27789365],\n       [4.71478163, 4.28951116, 0.87173119, 3.54628605, 5.36751585,\n        1.27790095],\n       [4.71478184, 4.28951374, 0.8717349 , 3.5462875 , 5.36751478,\n        1.27789835],\n       [4.71478006, 4.28951191, 0.87173037, 3.54628787, 5.36750687,\n        1.27788713]]), array([0.25500945, 0.25500945, 0.25500945, 0.25500945, 0.25500945,\n       0.25500945, 0.25500945]))", "callback": [0.6958379627907816, 0.5769679941374928, 0.4158198526406045, 0.38015572503168515, 0.3581447903412788, 0.32582099891173333, 0.28854149442639454, 0.288403804371566, 0.2863176053642069, 0.2857853595595259, 0.28568594631404753, 0.28555145036041507, 0.285470496032439, 0.285444951426176, 0.28531204894961837, 0.2849841269337068, 0.28341177731723466, 0.28065028526960467, 0.27826428045840235, 0.27671560759300573, 0.27201442789818864, 0.26356796631078105, 0.26144231332111, 0.2588945248627037, 0.2585410649118952, 0.258407087321437, 0.257919591203266, 0.2571377337826629, 0.2564886980875952, 0.2563532509218217, 0.2561829699607965, 0.2559362413659966, 0.25564076765697585, 0.25546907789391193, 0.25533383046865454, 0.2551678860344526, 0.2550374143847356, 0.25502402625715137, 0.25501183212954026, 0.2550099943096191, 0.25500955770814504, 0.25500949607655077, 0.2550094663454636, 0.25500945707195566, 0.25500945477578574, 0.25500945333508307, 0.25500945301721056, 0.2550094529427107, 0.2550094529236878, 0.25500945291932176]}, "11": {"maxiter": 1000, "fatol": 1e-10, "xatol": 1e-10, "duration": 0.3092029094696045, "fun": "0.2550094529182836", "nit": "580", "nfev": "981", "status": "0", "success": "True", "message": "Optimization terminated successfully.", "x": "[4.71478154 4.28951089 0.87173091 3.54628535 5.3675099  1.27789385]", "final_simplex": "(array([[4.71478154, 4.28951089, 0.87173091, 3.54628535, 5.3675099 ,\n        1.27789385],\n       [4.71478154, 4.28951089, 0.87173091, 3.54628535, 5.3675099 ,\n        1.27789385],\n       [4.71478154, 4.28951089, 0.87173091, 3.54628535, 5.3675099 ,\n        1.27789385],\n       [4.71478154, 4.28951089, 0.87173091, 3.54628535, 5.3675099 ,\n        1.27789385],\n       [4.71478154, 4.28951089, 0.87173091, 3.54628535, 5.3675099 ,\n        1.27789385],\n       [4.71478154, 4.28951089, 0.87173091, 3.54628535, 5.3675099 ,\n        1.27789385],\n       [4.71478154, 4.28951089, 0.87173091, 3.54628535, 5.3675099 ,\n        1.27789385]]), array([0.25500945, 0.25500945, 0.25500945, 0.25500945, 0.25500945,\n       0.25500945, 0.25500945]))", "callback": [0.6958379627907816, 0.5769679941374928, 0.4158198526406045, 0.38015572503168515, 0.3581447903412788, 0.32582099891173333, 0.28854149442639454, 0.288403804371566, 0.2863176053642069, 0.2857853595595259, 0.28568594631404753, 0.28555145036041507, 0.285470496032439, 0.285444951426176, 0.28531204894961837, 0.2849841269337068, 0.28341177731723466, 0.28065028526960467, 0.27826428045840235, 0.27671560759300573, 0.27201442789818864, 0.26356796631078105, 0.26144231332111, 0.2588945248627037, 0.2585410649118952, 0.258407087321437, 0.257919591203266, 0.2571377337826629, 0.2564886980875952, 0.2563532509218217, 0.2561829699607965, 0.2559362413659966, 0.25564076765697585, 0.25546907789391193, 0.25533383046865454, 0.2551678860344526, 0.2550374143847356, 0.25502402625715137, 0.25501183212954026, 0.2550099943096191, 0.25500955770814504, 0.25500949607655077, 0.2550094663454636, 0.25500945707195566, 0.25500945477578574, 0.25500945333508307, 0.25500945301721056, 0.2550094529427107, 0.2550094529236878, 0.25500945291932176, 0.25500945291848476, 0.2550094529183333, 0.25500945291829935, 0.25500945291828625, 0.2550094529182845, 0.2550094529182838, 0.2550094529182836, 0.2550094529182836]}}, "bfgs": {"type": "gradient", "0": {"maxiter": 100, "gtol": 1e-05, "xrtol": 1e-05, "eps": 1e-05, "duration": 0.0961298942565918, "fun": "0.25500945317816726", "jac": "[-2.04585238e-06  8.05933098e-07 -2.27118324e-07  4.13336032e-08\n  7.13917814e-07 -8.59490257e-07]", "hess_inv": "[[ 5.13532831  1.06609667  1.31395213  2.66181402  1.3917452   2.70269712]\n [ 1.06609667  5.9864047   2.59927635 -1.72494223  2.54336516  4.32624952]\n [ 1.31395213  2.59927635  6.16445701 -0.94363375  6.40037451  6.56671331]\n [ 2.66181402 -1.72494223 -0.94363375  5.44858109 -0.70353477  0.27411978]\n [ 1.3917452   2.54336516  6.40037451 -0.70353477 25.90890325 25.18018358]\n [ 2.70269712  4.32624952  6.56671331  0.27411978 25.18018358 29.48396626]]", "nfev": "315", "njev": "45", "status": "0", "success": "True", "message": "Optimization terminated successfully.", "x": "[4.71474441 4.28948978 0.8716962  2.73688032 8.50901415 4.41938007]", "nit": "37", "callback": [0.6418923169089993, 0.6252100815276989, 0.554388076280509, 0.5231482320021792, 0.4857352437620345, 0.46594674996702745, 0.37687141937506274, 0.3501905969513496, 0.3111357734279063, 0.28536333613247955, 0.2778542524882526, 0.2697413716565089, 0.26951561880459807, 0.2694366110844566, 0.2693860060683324, 0.26936748301914304, 0.26936323613800495, 0.26935794784244593, 0.26934819518826747, 0.2692713472022017, 0.2691217469992295, 0.26888285802388123, 0.26871995619092415, 0.2684202900296079, 0.26786894934613636, 0.26692810112909315, 0.2654534229107419, 0.26308034722709683, 0.259328204928845, 0.2561511564002874, 0.255161805385862, 0.25502408984194336, 0.2550115661194283, 0.25501032720768735, 0.25500951968018515, 0.25500945674732967, 0.25500945317816726]}, "1": {"maxiter": 100, "gtol": 1e-05, "xrtol": 1e-05, "eps": 1e-10, "duration": 0.10095381736755371, "fun": "0.25500945322327506", "jac": "[-8.88178346e-06  0.00000000e+00 -1.11022293e-06 -2.22044587e-06\n -1.11022293e-06 -3.33066880e-06]", "hess_inv": "[[ 5.03782945  0.95887935  1.15369437  2.6375769   0.9641696   2.19426159]\n [ 0.95887935  5.98393036  2.68765103 -1.77232647  2.99811508  4.76997726]\n [ 1.15369437  2.68765103  6.18382322 -1.08819994  6.46511001  6.5603129 ]\n [ 2.6375769  -1.77232647 -1.08819994  5.44464956 -1.23829775 -0.27041457]\n [ 0.9641696   2.99811508  6.46511001 -1.23829775 26.77024164 26.0017901 ]\n [ 2.19426159  4.76997726  6.5603129  -0.27041457 26.0017901  30.21902805]]", "nfev": "315", "njev": "45", "status": "0", "success": "True", "message": "Optimization terminated successfully.", "x": "[4.7147333  4.28949671 0.87170229 2.73687002 8.50902428 4.41938632]", "nit": "37", "callback": [0.6418924975648559, 0.6252100193239207, 0.5543933573805128, 0.5231271691144668, 0.4857177709932623, 0.4659417916165436, 0.37691409563451694, 0.35024732499926314, 0.31124860776455476, 0.28537971214263413, 0.2778657255412713, 0.2697343090957983, 0.2695136796448123, 0.2694358707033384, 0.26938530346042167, 0.26936734662827777, 0.26936310593984447, 0.26935777049861387, 0.2693479517933235, 0.26927084965533243, 0.2691213017630374, 0.2688847669276804, 0.2687164688134154, 0.26840464420892707, 0.26782894016727476, 0.2668459078818006, 0.26531526949204565, 0.2628698488555503, 0.2590459081586136, 0.25645018337515957, 0.25518930212774027, 0.25502781203940095, 0.25501408555499616, 0.25501078736356786, 0.2550096932619288, 0.2550094648367732, 0.25500945322327506]}, "2": {"maxiter": 100, "gtol": 1e-05, "xrtol": 1e-10, "eps": 1e-05, "duration": 0.10299801826477051, "fun": "0.25500945317816726", "jac": "[-2.04585238e-06  8.05933098e-07 -2.27118324e-07  4.13336032e-08\n  7.13917814e-07 -8.59490257e-07]", "hess_inv": "[[ 5.13532831  1.06609667  1.31395213  2.66181402  1.3917452   2.70269712]\n [ 1.06609667  5.9864047   2.59927635 -1.72494223  2.54336516  4.32624952]\n [ 1.31395213  2.59927635  6.16445701 -0.94363375  6.40037451  6.56671331]\n [ 2.66181402 -1.72494223 -0.94363375  5.44858109 -0.70353477  0.27411978]\n [ 1.3917452   2.54336516  6.40037451 -0.70353477 25.90890325 25.18018358]\n [ 2.70269712  4.32624952  6.56671331  0.27411978 25.18018358 29.48396626]]", "nfev": "315", "njev": "45", "status": "0", "success": "True", "message": "Optimization terminated successfully.", "x": "[4.71474441 4.28948978 0.8716962  2.73688032 8.50901415 4.41938007]", "nit": "37", "callback": [0.6418923169089993, 0.6252100815276989, 0.554388076280509, 0.5231482320021792, 0.4857352437620345, 0.46594674996702745, 0.37687141937506274, 0.3501905969513496, 0.3111357734279063, 0.28536333613247955, 0.2778542524882526, 0.2697413716565089, 0.26951561880459807, 0.2694366110844566, 0.2693860060683324, 0.26936748301914304, 0.26936323613800495, 0.26935794784244593, 0.26934819518826747, 0.2692713472022017, 0.2691217469992295, 0.26888285802388123, 0.26871995619092415, 0.2684202900296079, 0.26786894934613636, 0.26692810112909315, 0.2654534229107419, 0.26308034722709683, 0.259328204928845, 0.2561511564002874, 0.255161805385862, 0.25502408984194336, 0.2550115661194283, 0.25501032720768735, 0.25500951968018515, 0.25500945674732967, 0.25500945317816726]}, "3": {"maxiter": 100, "gtol": 1e-05, "xrtol": 1e-10, "eps": 1e-10, "duration": 0.10976195335388184, "fun": "0.25500945322327506", "jac": "[-8.88178346e-06  0.00000000e+00 -1.11022293e-06 -2.22044587e-06\n -1.11022293e-06 -3.33066880e-06]", "hess_inv": "[[ 5.03782945  0.95887935  1.15369437  2.6375769   0.9641696   2.19426159]\n [ 0.95887935  5.98393036  2.68765103 -1.77232647  2.99811508  4.76997726]\n [ 1.15369437  2.68765103  6.18382322 -1.08819994  6.46511001  6.5603129 ]\n [ 2.6375769  -1.77232647 -1.08819994  5.44464956 -1.23829775 -0.27041457]\n [ 0.9641696   2.99811508  6.46511001 -1.23829775 26.77024164 26.0017901 ]\n [ 2.19426159  4.76997726  6.5603129  -0.27041457 26.0017901  30.21902805]]", "nfev": "315", "njev": "45", "status": "0", "success": "True", "message": "Optimization terminated successfully.", "x": "[4.7147333  4.28949671 0.87170229 2.73687002 8.50902428 4.41938632]", "nit": "37", "callback": [0.6418924975648559, 0.6252100193239207, 0.5543933573805128, 0.5231271691144668, 0.4857177709932623, 0.4659417916165436, 0.37691409563451694, 0.35024732499926314, 0.31124860776455476, 0.28537971214263413, 0.2778657255412713, 0.2697343090957983, 0.2695136796448123, 0.2694358707033384, 0.26938530346042167, 0.26936734662827777, 0.26936310593984447, 0.26935777049861387, 0.2693479517933235, 0.26927084965533243, 0.2691213017630374, 0.2688847669276804, 0.2687164688134154, 0.26840464420892707, 0.26782894016727476, 0.2668459078818006, 0.26531526949204565, 0.2628698488555503, 0.2590459081586136, 0.25645018337515957, 0.25518930212774027, 0.25502781203940095, 0.25501408555499616, 0.25501078736356786, 0.2550096932619288, 0.2550094648367732, 0.25500945322327506]}, "4": {"maxiter": 100, "gtol": 1e-10, "xrtol": 1e-05, "eps": 1e-05, "duration": 0.10858297348022461, "fun": "0.2550094531017313", "jac": "[-8.05355782e-08  4.40314452e-08  5.62550007e-08 -3.56825680e-08\n -1.99840144e-10 -2.06279438e-08]", "hess_inv": "[[ 5.48376179  1.15871736  1.54842946  2.78163893  1.5947409   3.11218388]\n [ 1.15871736  5.93947139  2.55813697 -1.61572186  2.57198916  4.38264815]\n [ 1.54842946  2.55813697  6.17263072 -0.75112151  6.50034298  6.76643069]\n [ 2.78163893 -1.61572186 -0.75112151  5.40613269 -0.60633005  0.47165431]\n [ 1.5947409   2.57198916  6.50034298 -0.60633005 26.01819626 25.40017624]\n [ 3.11218388  4.38264815  6.76643069  0.47165431 25.40017624 29.92675569]]", "nfev": "322", "njev": "46", "status": "0", "success": "True", "message": "Optimization terminated successfully.", "x": "[4.71475647 4.28948995 0.87169991 2.73688776 8.5090201  4.41939201]", "nit": "38", "callback": [0.6418923169089993, 0.6252100815276989, 0.554388076280509, 0.5231482320021792, 0.4857352437620345, 0.46594674996702745, 0.37687141937506274, 0.3501905969513496, 0.3111357734279063, 0.28536333613247955, 0.2778542524882526, 0.2697413716565089, 0.26951561880459807, 0.2694366110844566, 0.2693860060683324, 0.26936748301914304, 0.26936323613800495, 0.26935794784244593, 0.26934819518826747, 0.2692713472022017, 0.2691217469992295, 0.26888285802388123, 0.26871995619092415, 0.2684202900296079, 0.26786894934613636, 0.26692810112909315, 0.2654534229107419, 0.26308034722709683, 0.259328204928845, 0.2561511564002874, 0.255161805385862, 0.25502408984194336, 0.2550115661194283, 0.25501032720768735, 0.25500951968018515, 0.25500945674732967, 0.25500945317816726, 0.2550094531017313]}, "5": {"maxiter": 100, "gtol": 1e-10, "xrtol": 1e-05, "eps": 1e-10, "duration": 0.11086416244506836, "fun": "0.255009453140261", "jac": "[ 3.33066880e-06 -1.11022293e-06  2.22044587e-06 -3.33066880e-06\n -1.11022293e-06  1.11022293e-06]", "hess_inv": "[[ 4.8516405   0.50573695  0.85108086  2.77781031  0.6876739   1.7752706 ]\n [ 0.50573695  5.523219    2.07512078 -1.78516716  2.04753592  3.54572941]\n [ 0.85108086  2.07512078  5.39108153 -0.81047044  5.83659677  5.65063183]\n [ 2.77781031 -1.78516716 -0.81047044  5.49134429 -0.83125828  0.22678586]\n [ 0.6876739   2.04753592  5.83659677 -0.83125828 26.43118432 25.39489109]\n [ 1.7752706   3.54572941  5.65063183  0.22678586 25.39489109 29.23107423]]", "nfev": "329", "njev": "47", "status": "0", "success": "True", "message": "Optimization terminated successfully.", "x": "[4.71481105 4.2895327  0.87176519 2.73690831 8.50919291 4.41959036]", "nit": "39", "callback": [0.6418924975648559, 0.6252100193239207, 0.5543933573805128, 0.5231271691144668, 0.4857177709932623, 0.4659417916165436, 0.37691409563451694, 0.35024732499926314, 0.31124860776455476, 0.28537971214263413, 0.2778657255412713, 0.2697343090957983, 0.2695136796448123, 0.2694358707033384, 0.26938530346042167, 0.26936734662827777, 0.26936310593984447, 0.26935777049861387, 0.2693479517933235, 0.26927084965533243, 0.2691213017630374, 0.2688847669276804, 0.2687164688134154, 0.26840464420892707, 0.26782894016727476, 0.2668459078818006, 0.26531526949204565, 0.2628698488555503, 0.2590459081586136, 0.25645018337515957, 0.25518930212774027, 0.25502781203940095, 0.25501408555499616, 0.25501078736356786, 0.2550096932619288, 0.2550094648367732, 0.25500945322327506, 0.25500945319635593, 0.255009453140261]}, "6": {"maxiter": 100, "gtol": 1e-10, "xrtol": 1e-10, "eps": 1e-05, "duration": 0.1878209114074707, "fun": "0.2550094530999629", "jac": "[-5.10702591e-10  5.10702591e-10  2.10942375e-09 -7.99360578e-10\n -5.32907052e-10  4.88498131e-10]", "hess_inv": "[[ 5.6432995   1.00978436  1.39626664  3.00550053  1.5749808   3.13248628]\n [ 1.00978436  5.98669429  2.57984399 -1.74646348  2.54562433  4.29518297]\n [ 1.39626664  2.57984399  6.15971645 -0.86238681  6.45815515  6.65494517]\n [ 3.00550053 -1.74646348 -0.86238681  5.6532718  -0.5981739   0.55620227]\n [ 1.5749808   2.54562433  6.45815515 -0.5981739  25.98143599 25.34672757]\n [ 3.13248628  4.29518297  6.65494517  0.55620227 25.34672757 29.86055914]]", "nfev": "571", "njev": "80", "status": "2", "success": "False", "message": "Desired error not necessarily achieved due to precision loss.", "x": "[4.71475697 4.28948965 0.87169969 2.73688833 8.50902027 4.41939235]", "nit": "39", "callback": [0.6418923169089993, 0.6252100815276989, 0.554388076280509, 0.5231482320021792, 0.4857352437620345, 0.46594674996702745, 0.37687141937506274, 0.3501905969513496, 0.3111357734279063, 0.28536333613247955, 0.2778542524882526, 0.2697413716565089, 0.26951561880459807, 0.2694366110844566, 0.2693860060683324, 0.26936748301914304, 0.26936323613800495, 0.26935794784244593, 0.26934819518826747, 0.2692713472022017, 0.2691217469992295, 0.26888285802388123, 0.26871995619092415, 0.2684202900296079, 0.26786894934613636, 0.26692810112909315, 0.2654534229107419, 0.26308034722709683, 0.259328204928845, 0.2561511564002874, 0.255161805385862, 0.25502408984194336, 0.2550115661194283, 0.25501032720768735, 0.25500951968018515, 0.25500945674732967, 0.25500945317816726, 0.2550094531017313, 0.2550094530999629]}, "7": {"maxiter": 100, "gtol": 1e-10, "xrtol": 1e-10, "eps": 1e-10, "duration": 0.24855399131774902, "fun": "0.2550094530302083", "jac": "[2.22044587e-06 0.00000000e+00 2.22044587e-06 1.11022293e-06\n 2.22044587e-06 0.00000000e+00]", "hess_inv": "[[ 3.89273071 -1.81675316 -0.20005859  4.49220766 -4.71895516 -5.07317782]\n [-1.81675316  0.92054991  0.08021085 -2.10091316  2.23146391  2.32335937]\n [-0.20005859  0.08021085  0.04605262 -0.25999336  0.23141923  0.29270505]\n [ 4.49220766 -2.10091316 -0.25999336  5.62512982 -5.82322365 -6.07627459]\n [-4.71895516  2.23146391  0.23141923 -5.82322365  6.10672081  6.30605244]\n [-5.07317782  2.32335937  0.29270505 -6.07627459  6.30605244  6.77752871]]", "nfev": "663", "njev": "93", "status": "2", "success": "False", "message": "Desired error not necessarily achieved due to precision loss.", "x": "[4.71480043 4.28952245 0.87175628 2.73690712 8.50916968 4.41956033]", "nit": "53", "callback": [0.6418924975648559, 0.6252100193239207, 0.5543933573805128, 0.5231271691144668, 0.4857177709932623, 0.4659417916165436, 0.37691409563451694, 0.35024732499926314, 0.31124860776455476, 0.28537971214263413, 0.2778657255412713, 0.2697343090957983, 0.2695136796448123, 0.2694358707033384, 0.26938530346042167, 0.26936734662827777, 0.26936310593984447, 0.26935777049861387, 0.2693479517933235, 0.26927084965533243, 0.2691213017630374, 0.2688847669276804, 0.2687164688134154, 0.26840464420892707, 0.26782894016727476, 0.2668459078818006, 0.26531526949204565, 0.2628698488555503, 0.2590459081586136, 0.25645018337515957, 0.25518930212774027, 0.25502781203940095, 0.25501408555499616, 0.25501078736356786, 0.2550096932619288, 0.2550094648367732, 0.25500945322327506, 0.25500945319635593, 0.255009453140261, 0.2550094531150582, 0.25500945310089496, 0.25500945308042033, 0.2550094530584781, 0.2550094530383189, 0.2550094530370647, 0.2550094530358249, 0.2550094530348399, 0.25500945303417133, 0.25500945303380407, 0.2550094530336895, 0.2550094530336384, 0.25500945303337574, 0.2550094530302083]}, "8": {"maxiter": 500, "gtol": 1e-05, "xrtol": 1e-05, "eps": 1e-05, "duration": 0.12479996681213379, "fun": "0.25500945317816726", "jac": "[-2.04585238e-06  8.05933098e-07 -2.27118324e-07  4.13336032e-08\n  7.13917814e-07 -8.59490257e-07]", "hess_inv": "[[ 5.13532831  1.06609667  1.31395213  2.66181402  1.3917452   2.70269712]\n [ 1.06609667  5.9864047   2.59927635 -1.72494223  2.54336516  4.32624952]\n [ 1.31395213  2.59927635  6.16445701 -0.94363375  6.40037451  6.56671331]\n [ 2.66181402 -1.72494223 -0.94363375  5.44858109 -0.70353477  0.27411978]\n [ 1.3917452   2.54336516  6.40037451 -0.70353477 25.90890325 25.18018358]\n [ 2.70269712  4.32624952  6.56671331  0.27411978 25.18018358 29.48396626]]", "nfev": "315", "njev": "45", "status": "0", "success": "True", "message": "Optimization terminated successfully.", "x": "[4.71474441 4.28948978 0.8716962  2.73688032 8.50901415 4.41938007]", "nit": "37", "callback": [0.6418923169089993, 0.6252100815276989, 0.554388076280509, 0.5231482320021792, 0.4857352437620345, 0.46594674996702745, 0.37687141937506274, 0.3501905969513496, 0.3111357734279063, 0.28536333613247955, 0.2778542524882526, 0.2697413716565089, 0.26951561880459807, 0.2694366110844566, 0.2693860060683324, 0.26936748301914304, 0.26936323613800495, 0.26935794784244593, 0.26934819518826747, 0.2692713472022017, 0.2691217469992295, 0.26888285802388123, 0.26871995619092415, 0.2684202900296079, 0.26786894934613636, 0.26692810112909315, 0.2654534229107419, 0.26308034722709683, 0.259328204928845, 0.2561511564002874, 0.255161805385862, 0.25502408984194336, 0.2550115661194283, 0.25501032720768735, 0.25500951968018515, 0.25500945674732967, 0.25500945317816726]}, "9": {"maxiter": 500, "gtol": 1e-05, "xrtol": 1e-05, "eps": 1e-10, "duration": 0.11083602905273438, "fun": "0.25500945322327506", "jac": "[-8.88178346e-06  0.00000000e+00 -1.11022293e-06 -2.22044587e-06\n -1.11022293e-06 -3.33066880e-06]", "hess_inv": "[[ 5.03782945  0.95887935  1.15369437  2.6375769   0.9641696   2.19426159]\n [ 0.95887935  5.98393036  2.68765103 -1.77232647  2.99811508  4.76997726]\n [ 1.15369437  2.68765103  6.18382322 -1.08819994  6.46511001  6.5603129 ]\n [ 2.6375769  -1.77232647 -1.08819994  5.44464956 -1.23829775 -0.27041457]\n [ 0.96416