{"date": "2024/09/23/, 20:48:32", "conf_id": 76, "data_type": "random\n", "num_data_points": 4, "s_rank": 0, "unitary": "[[-0.56303964-0.00798273j,-0.21670212-0.15784972j,-0.06047197-0.73952673j,-0.01438004+0.24552571j],[-0.06976756+0.23474685j,-0.01275565-0.5435098j,-0.02703657-0.08917885j,-0.08210486-0.79311774j],[-0.38559961+0.10714929j,0.5933431-0.2687392j,-0.24060861+0.29149289j,-0.45147719+0.26241743j],[-0.50180421+0.45931857j,-0.11617175+0.44134496j,0.49642745+0.22684508j,-0.08544628-0.15407063j]]", "databatch_0": {"databatch": "[[[-0.14997006+0.07578916j,-0.09126944-0.13542111j,-0.11629677+0.01412016j,0.42751594+0.09247856j],[0.01018172+0.13533454j,-0.22739942+0.09236721j,-0.16130859+0.10885243j,-0.16881473+0.2451515j],[-0.27222518+0.21393352j,0.21890009+0.02322329j,0.22414374+0.14808969j,-0.30764287+0.04597576j],[0.01694268+0.10117782j,0.30719733-0.04079307j,-0.25807685+0.15200697j,0.03601027-0.00984338j]],[[-0.0053335+0.17437291j,-0.00671153+0.02088895j,0.13478103+0.30990117j,0.15187707-0.01030839j],[0.02527077+0.04151395j,-0.00522151+0.27534536j,-0.12308629+0.2283959j,-0.00333946+0.11764209j],[-0.08915209-0.10413535j,0.26232438+0.05941148j,-0.38090407-0.11832191j,-0.02947162+0.18918775j],[0.14914552+0.18166171j,0.27313189+0.46972384j,0.0757756+0.02511092j,0.10792561+0.1301716j]],[[0.08294574-0.08459614j,-0.3820353-0.21909024j,0.07184474+0.12072392j,-0.11404085-0.09756885j],[0.18170027+0.33398793j,-0.10439563+0.08688156j,0.18824624+0.08626318j,0.0157+0.22797039j],[0.15591814+0.04823184j,0.19624368-0.03031054j,0.10622986-0.00185883j,0.17641739+0.05202844j],[0.25603402+0.20620581j,-0.09985591+0.03809859j,-0.37763504-0.2877562j,-0.17730806-0.06414022j]],[[-0.27861498+0.19789071j,0.23879696+0.10359315j,-0.09153829+0.09763122j,0.21753373-0.03329709j],[0.02801701+0.00686854j,0.07032362-0.15112798j,-0.14199445-0.40612923j,0.24160042-0.01021346j],[-0.13127095-0.00329673j,-0.28305143-0.20679806j,0.0237788+0.0678786j,0.19623199+0.13433471j],[-0.19212608+0.29579485j,-0.17309859-0.06383332j,-0.02504241-0.15982842j,-0.26670627+0.13899461j]]]", "initial param values": "[4.1283176,4.19511069,5.68592151,6.22440925,0.76991324,5.18388455]", "nelder_mead": {"type": "gradient-free", "0": {"maxiter": 100, "fatol": 1e-05, "xatol": 1e-05, "duration": 0.03509020805358887, "fun": "0.39651200244863705", "nit": "100", "nfev": "155", "status": "2", "success": "False", "message": "Maximum number of iterations has been exceeded.", "x": "[1.25506335 6.10827064 6.74831019 8.74227291 0.54817757 5.49378655]", "final_simplex": "(array([[1.25506335, 6.10827064, 6.74831019, 8.74227291, 0.54817757,\n        5.49378655],\n       [1.18808539, 6.08706665, 6.74786277, 8.72552819, 0.56463307,\n        5.52779882],\n       [1.20931177, 6.06103804, 6.77331875, 8.74442921, 0.564057  ,\n        5.52504163],\n       [1.22450432, 6.13295472, 6.76693735, 8.73910774, 0.55529312,\n        5.46509528],\n       [1.20886007, 6.13513154, 6.77168442, 8.70032663, 0.55125506,\n        5.49059555],\n       [1.25044456, 6.11331374, 6.73965334, 8.70936576, 0.56122138,\n        5.48839454],\n       [1.22949962, 6.06969011, 6.76034223, 8.74954218, 0.55618939,\n        5.5568237 ]]), array([0.396512  , 0.39652675, 0.39658184, 0.39661098, 0.39663959,\n       0.39671956, 0.39681917]))", "callback": [0.8864139777503668, 0.6055127934269986, 0.4738737786207421, 0.45922285040454935, 0.4351331354656477, 0.41371889451129806, 0.39826969329126527, 0.39826969329126527, 0.39687469025041755]}, "1": {"maxiter": 100, "fatol": 1e-05, "xatol": 1e-10, "duration": 0.035272836685180664, "fun": "0.39651200244863705", "nit": "100", "nfev": "155", "status": "2", "success": "False", "message": "Maximum number of iterations has been exceeded.", "x": "[1.25506335 6.10827064 6.74831019 8.74227291 0.54817757 5.49378655]", "final_simplex": "(array([[1.25506335, 6.10827064, 6.74831019, 8.74227291, 0.54817757,\n        5.49378655],\n       [1.18808539, 6.08706665, 6.74786277, 8.72552819, 0.56463307,\n        5.52779882],\n       [1.20931177, 6.06103804, 6.77331875, 8.74442921, 0.564057  ,\n        5.52504163],\n       [1.22450432, 6.13295472, 6.76693735, 8.73910774, 0.55529312,\n        5.46509528],\n       [1.20886007, 6.13513154, 6.77168442, 8.70032663, 0.55125506,\n        5.49059555],\n       [1.25044456, 6.11331374, 6.73965334, 8.70936576, 0.56122138,\n        5.48839454],\n       [1.22949962, 6.06969011, 6.76034223, 8.74954218, 0.55618939,\n        5.5568237 ]]), array([0.396512  , 0.39652675, 0.39658184, 0.39661098, 0.39663959,\n       0.39671956, 0.39681917]))", "callback": [0.8864139777503668, 0.6055127934269986, 0.4738737786207421, 0.45922285040454935, 0.4351331354656477, 0.41371889451129806, 0.39826969329126527, 0.39826969329126527, 0.39687469025041755]}, "2": {"maxiter": 100, "fatol": 1e-10, "xatol": 1e-05, "duration": 0.03465390205383301, "fun": "0.39651200244863705", "nit": "100", "nfev": "155", "status": "2", "success": "False", "message": "Maximum number of iterations has been exceeded.", "x": "[1.25506335 6.10827064 6.74831019 8.74227291 0.54817757 5.49378655]", "final_simplex": "(array([[1.25506335, 6.10827064, 6.74831019, 8.74227291, 0.54817757,\n        5.49378655],\n       [1.18808539, 6.08706665, 6.74786277, 8.72552819, 0.56463307,\n        5.52779882],\n       [1.20931177, 6.06103804, 6.77331875, 8.74442921, 0.564057  ,\n        5.52504163],\n       [1.22450432, 6.13295472, 6.76693735, 8.73910774, 0.55529312,\n        5.46509528],\n       [1.20886007, 6.13513154, 6.77168442, 8.70032663, 0.55125506,\n        5.49059555],\n       [1.25044456, 6.11331374, 6.73965334, 8.70936576, 0.56122138,\n        5.48839454],\n       [1.22949962, 6.06969011, 6.76034223, 8.74954218, 0.55618939,\n        5.5568237 ]]), array([0.396512  , 0.39652675, 0.39658184, 0.39661098, 0.39663959,\n       0.39671956, 0.39681917]))", "callback": [0.8864139777503668, 0.6055127934269986, 0.4738737786207421, 0.45922285040454935, 0.4351331354656477, 0.41371889451129806, 0.39826969329126527, 0.39826969329126527, 0.39687469025041755]}, "3": {"maxiter": 100, "fatol": 1e-10, "xatol": 1e-10, "duration": 0.03505516052246094, "fun": "0.39651200244863705", "nit": "100", "nfev": "155", "status": "2", "success": "False", "message": "Maximum number of iterations has been exceeded.", "x": "[1.25506335 6.10827064 6.74831019 8.74227291 0.54817757 5.49378655]", "final_simplex": "(array([[1.25506335, 6.10827064, 6.74831019, 8.74227291, 0.54817757,\n        5.49378655],\n       [1.18808539, 6.08706665, 6.74786277, 8.72552819, 0.56463307,\n        5.52779882],\n       [1.20931177, 6.06103804, 6.77331875, 8.74442921, 0.564057  ,\n        5.52504163],\n       [1.22450432, 6.13295472, 6.76693735, 8.73910774, 0.55529312,\n        5.46509528],\n       [1.20886007, 6.13513154, 6.77168442, 8.70032663, 0.55125506,\n        5.49059555],\n       [1.25044456, 6.11331374, 6.73965334, 8.70936576, 0.56122138,\n        5.48839454],\n       [1.22949962, 6.06969011, 6.76034223, 8.74954218, 0.55618939,\n        5.5568237 ]]), array([0.396512  , 0.39652675, 0.39658184, 0.39661098, 0.39663959,\n       0.39671956, 0.39681917]))", "callback": [0.8864139777503668, 0.6055127934269986, 0.4738737786207421, 0.45922285040454935, 0.4351331354656477, 0.41371889451129806, 0.39826969329126527, 0.39826969329126527, 0.39687469025041755]}, "4": {"maxiter": 500, "fatol": 1e-05, "xatol": 1e-05, "duration": 0.11327314376831055, "fun": "0.39223776545758027", "nit": "310", "nfev": "496", "status": "0", "success": "True", "message": "Optimization terminated successfully.", "x": "[1.21142701 6.08309787 6.75281259 8.70548487 0.30299311 5.30296587]", "final_simplex": "(array([[1.21142701, 6.08309787, 6.75281259, 8.70548487, 0.30299311,\n        5.30296587],\n       [1.21142491, 6.08309055, 6.75281435, 8.70548612, 0.30298498,\n        5.30296686],\n       [1.21142482, 6.08309548, 6.75281519, 8.70548517, 0.3029861 ,\n        5.30295837],\n       [1.21142405, 6.08309592, 6.75280666, 8.7054855 , 0.30298463,\n        5.30296088],\n       [1.21142392, 6.08309343, 6.75281183, 8.70548873, 0.30298914,\n        5.30296426],\n       [1.21142198, 6.08310212, 6.75281025, 8.70548112, 0.30298838,\n        5.3029648 ],\n       [1.21142721, 6.08310201, 6.75281249, 8.70549089, 0.30298893,\n        5.30295753]]), array([0.39223777, 0.39223777, 0.39223777, 0.39223777, 0.39223777,\n       0.39223777, 0.39223777]))", "callback": [0.8864139777503668, 0.6055127934269986, 0.4738737786207421, 0.45922285040454935, 0.4351331354656477, 0.41371889451129806, 0.39826969329126527, 0.39826969329126527, 0.39687469025041755, 0.39651200244863705, 0.39609985888177623, 0.395845238189265, 0.3954678778152795, 0.39402668891438897, 0.3929758239183798, 0.39256853435597217, 0.3923275760283019, 0.3922791356399362, 0.3922436478073028, 0.3922391719367464, 0.39223794431464687, 0.39223780969136657, 0.3922377772798613, 0.3922377708372794, 0.3922377662115506, 0.3922377660780181, 0.39223776567276636, 0.39223776556832, 0.3922377655102719, 0.39223776547524736, 0.39223776545758027]}, "5": {"maxiter": 500, "fatol": 1e-05, "xatol": 1e-10, "duration": 0.17197084426879883, "fun": "0.3922377654530247", "nit": "442", "nfev": "765", "status": "0", "success": "True", "message": "Optimization terminated successfully.", "x": "[1.21143039 6.08309573 6.75281077 8.70548331 0.30299003 5.30296696]", "final_simplex": "(array([[1.21143039, 6.08309573, 6.75281077, 8.70548331, 0.30299003,\n        5.30296696],\n       [1.21143039, 6.08309573, 6.75281077, 8.70548331, 0.30299003,\n        5.30296696],\n       [1.21143039, 6.08309573, 6.75281077, 8.70548331, 0.30299003,\n        5.30296696],\n       [1.21143039, 6.08309573, 6.75281077, 8.70548331, 0.30299003,\n        5.30296696],\n       [1.21143039, 6.08309573, 6.75281077, 8.70548331, 0.30299003,\n        5.30296696],\n       [1.21143039, 6.08309573, 6.75281077, 8.70548331, 0.30299003,\n        5.30296696],\n       [1.21143039, 6.08309573, 6.75281077, 8.70548331, 0.30299003,\n        5.30296696]]), array([0.39223777, 0.39223777, 0.39223777, 0.39223777, 0.39223777,\n       0.39223777, 0.39223777]))", "callback": [0.8864139777503668, 0.6055127934269986, 0.4738737786207421, 0.45922285040454935, 0.4351331354656477, 0.41371889451129806, 0.39826969329126527, 0.39826969329126527, 0.39687469025041755, 0.39651200244863705, 0.39609985888177623, 0.395845238189265, 0.3954678778152795, 0.39402668891438897, 0.3929758239183798, 0.39256853435597217, 0.3923275760283019, 0.3922791356399362, 0.3922436478073028, 0.3922391719367464, 0.39223794431464687, 0.39223780969136657, 0.3922377772798613, 0.3922377708372794, 0.3922377662115506, 0.3922377660780181, 0.39223776567276636, 0.39223776556832, 0.3922377655102719, 0.39223776547524736, 0.39223776545758027, 0.3922377654556548, 0.39223776545412004, 0.39223776545335864, 0.39223776545320366, 0.392237765453076, 0.3922377654530492, 0.39223776545303424, 0.39223776545302824, 0.39223776545302624, 0.3922377654530256, 0.3922377654530249, 0.3922377654530247, 0.3922377654530247]}, "6": {"maxiter": 500, "fatol": 1e-10, "xatol": 1e-05, "duration": 0.11072874069213867, "fun": "0.39223776545758027", "nit": "310", "nfev": "496", "status": "0", "success": "True", "message": "Optimization terminated successfully.", "x": "[1.21142701 6.08309787 6.75281259 8.70548487 0.30299311 5.30296587]", "final_simplex": "(array([[1.21142701, 6.08309787, 6.75281259, 8.70548487, 0.30299311,\n        5.30296587],\n       [1.21142491, 6.08309055, 6.75281435, 8.70548612, 0.30298498,\n        5.30296686],\n       [1.21142482, 6.08309548, 6.75281519, 8.70548517, 0.3029861 ,\n        5.30295837],\n       [1.21142405, 6.08309592, 6.75280666, 8.7054855 , 0.30298463,\n        5.30296088],\n       [1.21142392, 6.08309343, 6.75281183, 8.70548873, 0.30298914,\n        5.30296426],\n       [1.21142198, 6.08310212, 6.75281025, 8.70548112, 0.30298838,\n        5.3029648 ],\n       [1.21142721, 6.08310201, 6.75281249, 8.70549089, 0.30298893,\n        5.30295753]]), array([0.39223777, 0.39223777, 0.39223777, 0.39223777, 0.39223777,\n       0.39223777, 0.39223777]))", "callback": [0.8864139777503668, 0.6055127934269986, 0.4738737786207421, 0.45922285040454935, 0.4351331354656477, 0.41371889451129806, 0.39826969329126527, 0.39826969329126527, 0.39687469025041755, 0.39651200244863705, 0.39609985888177623, 0.395845238189265, 0.3954678778152795, 0.39402668891438897, 0.3929758239183798, 0.39256853435597217, 0.3923275760283019, 0.3922791356399362, 0.3922436478073028, 0.3922391719367464, 0.39223794431464687, 0.39223780969136657, 0.3922377772798613, 0.3922377708372794, 0.3922377662115506, 0.3922377660780181, 0.39223776567276636, 0.39223776556832, 0.3922377655102719, 0.39223776547524736, 0.39223776545758027]}, "7": {"maxiter": 500, "fatol": 1e-10, "xatol": 1e-10, "duration": 0.17170000076293945, "fun": "0.3922377654530247", "nit": "442", "nfev": "765", "status": "0", "success": "True", "message": "Optimization terminated successfully.", "x": "[1.21143039 6.08309573 6.75281077 8.70548331 0.30299003 5.30296696]", "final_simplex": "(array([[1.21143039, 6.08309573, 6.75281077, 8.70548331, 0.30299003,\n        5.30296696],\n       [1.21143039, 6.08309573, 6.75281077, 8.70548331, 0.30299003,\n        5.30296696],\n       [1.21143039, 6.08309573, 6.75281077, 8.70548331, 0.30299003,\n        5.30296696],\n       [1.21143039, 6.08309573, 6.75281077, 8.70548331, 0.30299003,\n        5.30296696],\n       [1.21143039, 6.08309573, 6.75281077, 8.70548331, 0.30299003,\n        5.30296696],\n       [1.21143039, 6.08309573, 6.75281077, 8.70548331, 0.30299003,\n        5.30296696],\n       [1.21143039, 6.08309573, 6.75281077, 8.70548331, 0.30299003,\n        5.30296696]]), array([0.39223777, 0.39223777, 0.39223777, 0.39223777, 0.39223777,\n       0.39223777, 0.39223777]))", "callback": [0.8864139777503668, 0.6055127934269986, 0.4738737786207421, 0.45922285040454935, 0.4351331354656477, 0.41371889451129806, 0.39826969329126527, 0.39826969329126527, 0.39687469025041755, 0.39651200244863705, 0.39609985888177623, 0.395845238189265, 0.3954678778152795, 0.39402668891438897, 0.3929758239183798, 0.39256853435597217, 0.3923275760283019, 0.3922791356399362, 0.3922436478073028, 0.3922391719367464, 0.39223794431464687, 0.39223780969136657, 0.3922377772798613, 0.3922377708372794, 0.3922377662115506, 0.3922377660780181, 0.39223776567276636, 0.39223776556832, 0.3922377655102719, 0.39223776547524736, 0.39223776545758027, 0.3922377654556548, 0.39223776545412004, 0.39223776545335864, 0.39223776545320366, 0.392237765453076, 0.3922377654530492, 0.39223776545303424, 0.39223776545302824, 0.39223776545302624, 0.3922377654530256, 0.3922377654530249, 0.3922377654530247, 0.3922377654530247]}, "8": {"maxiter": 1000, "fatol": 1e-05, "xatol": 1e-05, "duration": 0.10980725288391113, "fun": "0.39223776545758027", "nit": "310", "nfev": "496", "status": "0", "success": "True", "message": "Optimization terminated successfully.", "x": "[1.21142701 6.08309787 6.75281259 8.70548487 0.30299311 5.30296587]", "final_simplex": "(array([[1.21142701, 6.08309787, 6.75281259, 8.70548487, 0.30299311,\n        5.30296587],\n       [1.21142491, 6.08309055, 6.75281435, 8.70548612, 0.30298498,\n        5.30296686],\n       [1.21142482, 6.08309548, 6.75281519, 8.70548517, 0.3029861 ,\n        5.30295837],\n       [1.21142405, 6.08309592, 6.75280666, 8.7054855 , 0.30298463,\n        5.30296088],\n       [1.21142392, 6.08309343, 6.75281183, 8.70548873, 0.30298914,\n        5.30296426],\n       [1.21142198, 6.08310212, 6.75281025, 8.70548112, 0.30298838,\n        5.3029648 ],\n       [1.21142721, 6.08310201, 6.75281249, 8.70549089, 0.30298893,\n        5.30295753]]), array([0.39223777, 0.39223777, 0.39223777, 0.39223777, 0.39223777,\n       0.39223777, 0.39223777]))", "callback": [0.8864139777503668, 0.6055127934269986, 0.4738737786207421, 0.45922285040454935, 0.4351331354656477, 0.41371889451129806, 0.39826969329126527, 0.39826969329126527, 0.39687469025041755, 0.39651200244863705, 0.39609985888177623, 0.395845238189265, 0.3954678778152795, 0.39402668891438897, 0.3929758239183798, 0.39256853435597217, 0.3923275760283019, 0.3922791356399362, 0.3922436478073028, 0.3922391719367464, 0.39223794431464687, 0.39223780969136657, 0.3922377772798613, 0.3922377708372794, 0.3922377662115506, 0.3922377660780181, 0.39223776567276636, 0.39223776556832, 0.3922377655102719, 0.39223776547524736, 0.39223776545758027]}, "9": {"maxiter": 1000, "fatol": 1e-05, "xatol": 1e-10, "duration": 0.2108900547027588, "fun": "0.3922377654530247", "nit": "442", "nfev": "765", "status": "0", "success": "True", "message": "Optimization terminated successfully.", "x": "[1.21143039 6.08309573 6.75281077 8.70548331 0.30299003 5.30296696]", "final_simplex": "(array([[1.21143039, 6.08309573, 6.75281077, 8.70548331, 0.30299003,\n        5.30296696],\n       [1.21143039, 6.08309573, 6.75281077, 8.70548331, 0.30299003,\n        5.30296696],\n       [1.21143039, 6.08309573, 6.75281077, 8.70548331, 0.30299003,\n        5.30296696],\n       [1.21143039, 6.08309573, 6.75281077, 8.70548331, 0.30299003,\n        5.30296696],\n       [1.21143039, 6.08309573, 6.75281077, 8.70548331, 0.30299003,\n        5.30296696],\n       [1.21143039, 6.08309573, 6.75281077, 8.70548331, 0.30299003,\n        5.30296696],\n       [1.21143039, 6.08309573, 6.75281077, 8.70548331, 0.30299003,\n        5.30296696]]), array([0.39223777, 0.39223777, 0.39223777, 0.39223777, 0.39223777,\n       0.39223777, 0.39223777]))", "callback": [0.8864139777503668, 0.6055127934269986, 0.4738737786207421, 0.45922285040454935, 0.4351331354656477, 0.41371889451129806, 0.39826969329126527, 0.39826969329126527, 0.39687469025041755, 0.39651200244863705, 0.39609985888177623, 0.395845238189265, 0.3954678778152795, 0.39402668891438897, 0.3929758239183798, 0.39256853435597217, 0.3923275760283019, 0.3922791356399362, 0.3922436478073028, 0.3922391719367464, 0.39223794431464687, 0.39223780969136657, 0.3922377772798613, 0.3922377708372794, 0.3922377662115506, 0.3922377660780181, 0.39223776567276636, 0.39223776556832, 0.3922377655102719, 0.39223776547524736, 0.39223776545758027, 0.3922377654556548, 0.39223776545412004, 0.39223776545335864, 0.39223776545320366, 0.392237765453076, 0.3922377654530492, 0.39223776545303424, 0.39223776545302824, 0.39223776545302624, 0.3922377654530256, 0.3922377654530249, 0.3922377654530247, 0.3922377654530247]}, "10": {"maxiter": 1000, "fatol": 1e-10, "xatol": 1e-05, "duration": 0.11377477645874023, "fun": "0.39223776545758027", "nit": "310", "nfev": "496", "status": "0", "success": "True", "message": "Optimization terminated successfully.", "x": "[1.21142701 6.08309787 6.75281259 8.70548487 0.30299311 5.30296587]", "final_simplex": "(array([[1.21142701, 6.08309787, 6.75281259, 8.70548487, 0.30299311,\n        5.30296587],\n       [1.21142491, 6.08309055, 6.75281435, 8.70548612, 0.30298498,\n        5.30296686],\n       [1.21142482, 6.08309548, 6.75281519, 8.70548517, 0.3029861 ,\n        5.30295837],\n       [1.21142405, 6.08309592, 6.75280666, 8.7054855 , 0.30298463,\n        5.30296088],\n       [1.21142392, 6.08309343, 6.75281183, 8.70548873, 0.30298914,\n        5.30296426],\n       [1.21142198, 6.08310212, 6.75281025, 8.70548112, 0.30298838,\n        5.3029648 ],\n       [1.21142721, 6.08310201, 6.75281249, 8.70549089, 0.30298893,\n        5.30295753]]), array([0.39223777, 0.39223777, 0.39223777, 0.39223777, 0.39223777,\n       0.39223777, 0.39223777]))", "callback": [0.8864139777503668, 0.6055127934269986, 0.4738737786207421, 0.45922285040454935, 0.4351331354656477, 0.41371889451129806, 0.39826969329126527, 0.39826969329126527, 0.39687469025041755, 0.39651200244863705, 0.39609985888177623, 0.395845238189265, 0.3954678778152795, 0.39402668891438897, 0.3929758239183798, 0.39256853435597217, 0.3923275760283019, 0.3922791356399362, 0.3922436478073028, 0.3922391719367464, 0.39223794431464687, 0.39223780969136657, 0.3922377772798613, 0.3922377708372794, 0.3922377662115506, 0.3922377660780181, 0.39223776567276636, 0.39223776556832, 0.3922377655102719, 0.39223776547524736, 0.39223776545758027]}, "11": {"maxiter": 1000, "fatol": 1e-10, "xatol": 1e-10, "duration": 0.17532110214233398, "fun": "0.3922377654530247", "nit": "442", "nfev": "765", "status": "0", "success": "True", "message": "Optimization terminated successfully.", "x": "[1.21143039 6.08309573 6.75281077 8.70548331 0.30299003 5.30296696]", "final_simplex": "(array([[1.21143039, 6.08309573, 6.75281077, 8.70548331, 0.30299003,\n        5.30296696],\n       [1.21143039, 6.08309573, 6.75281077, 8.70548331, 0.30299003,\n        5.30296696],\n       [1.21143039, 6.08309573, 6.75281077, 8.70548331, 0.30299003,\n        5.30296696],\n       [1.21143039, 6.08309573, 6.75281077, 8.70548331, 0.30299003,\n        5.30296696],\n       [1.21143039, 6.08309573, 6.75281077, 8.70548331, 0.30299003,\n        5.30296696],\n       [1.21143039, 6.08309573, 6.75281077, 8.70548331, 0.30299003,\n        5.30296696],\n       [1.21143039, 6.08309573, 6.75281077, 8.70548331, 0.30299003,\n        5.30296696]]), array([0.39223777, 0.39223777, 0.39223777, 0.39223777, 0.39223777,\n       0.39223777, 0.39223777]))", "callback": [0.8864139777503668, 0.6055127934269986, 0.4738737786207421, 0.45922285040454935, 0.4351331354656477, 0.41371889451129806, 0.39826969329126527, 0.39826969329126527, 0.39687469025041755, 0.39651200244863705, 0.39609985888177623, 0.395845238189265, 0.3954678778152795, 0.39402668891438897, 0.3929758239183798, 0.39256853435597217, 0.3923275760283019, 0.3922791356399362, 0.3922436478073028, 0.3922391719367464, 0.39223794431464687, 0.39223780969136657, 0.3922377772798613, 0.3922377708372794, 0.3922377662115506, 0.3922377660780181, 0.39223776567276636, 0.39223776556832, 0.3922377655102719, 0.39223776547524736, 0.39223776545758027, 0.3922377654556548, 0.39223776545412004, 0.39223776545335864, 0.39223776545320366, 0.392237765453076, 0.3922377654530492, 0.39223776545303424, 0.39223776545302824, 0.39223776545302624, 0.3922377654530256, 0.3922377654530249, 0.3922377654530247, 0.3922377654530247]}}, "bfgs": {"type": "gradient", "0": {"maxiter": 100, "gtol": 1e-05, "xrtol": 1e-05, "eps": 1e-05, "duration": 0.056825876235961914, "fun": "0.7359581390562646", "jac": "[-1.04360964e-06 -2.91733304e-06  1.23017152e-06 -3.36948247e-06\n  4.16008339e-06  1.91479055e-06]", "hess_inv": "[[10.43964847  0.21418489 -0.32878074 -2.56290332  5.08312519 -3.37288284]\n [ 0.21418489  7.4567447   2.22341638 -0.30178377 -0.61417233 -0.06648696]\n [-0.32878074  2.22341638 26.51837238 -5.04538214 -4.83158067 13.11959962]\n [-2.56290332 -0.30178377 -5.04538214 10.007849    0.95265895 -2.49129693]\n [ 5.08312519 -0.61417233 -4.83158067  0.95265895 12.10689642 -7.97734215]\n [-3.37288284 -0.06648696 13.11959962 -2.49129693 -7.97734215 15.93494857]]", "nfev": "245", "njev": "35", "status": "0", "success": "True", "message": "Optimization terminated successfully.", "x": "[ 1.63917084  3.59596468  4.40090247  5.16621482 -0.76284621  5.3492016 ]", "nit": "29", "callback": [0.7530691280765398, 0.7363349778633497]}, "1": {"maxiter": 100, "gtol": 1e-05, "xrtol": 1e-05, "eps": 1e-10, "duration": 0.05700397491455078, "fun": "0.7359581391471233", "jac": "[-2.22044587e-06 -4.44089173e-06  0.00000000e+00 -5.55111466e-06\n  4.44089173e-06  2.22044587e-06]", "hess_inv": "[[10.46285559  0.14030994 -0.37833347 -2.60489098  5.13023416 -3.46817172]\n [ 0.14030994  7.40749614  2.20507443 -0.26585807 -0.61623474 -0.05524683]\n [-0.37833347  2.20507443 26.48996136 -5.01279378 -4.83865929 13.16305996]\n [-2.60489098 -0.26585807 -5.01279378 10.0479241   0.91778252 -2.43036881]\n [ 5.13023416 -0.61623474 -4.83865929  0.91778252 12.12562376 -8.01956114]\n [-3.46817172 -0.05524683 13.16305996 -2.43036881 -8.01956114 16.04605232]]", "nfev": "245", "njev": "35", "status": "0", "success": "True", "message": "Optimization terminated successfully.", "x": "[ 1.63916838  3.59595673  4.40091234  5.16620592 -0.76284974  5.34921402]", "nit": "29", "callback": [0.75305743949117, 0.736335332404955]}, "2": {"maxiter": 100, "gtol": 1e-05, "xrtol": 1e-10, "eps": 1e-05, "duration": 0.05656003952026367, "fun": "0.7359581390562646", "jac": "[-1.04360964e-06 -2.91733304e-06  1.23017152e-06 -3.36948247e-06\n  4.16008339e-06  1.91479055e-06]", "hess_inv": "[[10.43964847  0.21418489 -0.32878074 -2.56290332  5.08312519 -3.37288284]\n [ 0.21418489  7.4567447   2.22341638 -0.30178377 -0.61417233 -0.06648696]\n [-0.32878074  2.22341638 26.51837238 -5.04538214 -4.83158067 13.11959962]\n [-2.56290332 -0.30178377 -5.04538214 10.007849    0.95265895 -2.49129693]\n [ 5.08312519 -0.61417233 -4.83158067  0.95265895 12.10689642 -7.97734215]\n [-3.37288284 -0.06648696 13.11959962 -2.49129693 -7.97734215 15.93494857]]", "nfev": "245", "njev": "35", "status": "0", "success": "True", "message": "Optimization terminated successfully.", "x": "[ 1.63917084  3.59596468  4.40090247  5.16621482 -0.76284621  5.3492016 ]", "nit": "29", "callback": [0.7530691280765398, 0.7363349778633497]}, "3": {"maxiter": 100, "gtol": 1e-05, "xrtol": 1e-10, "eps": 1e-10, "duration": 0.056665658950805664, "fun": "0.7359581391471233", "jac": "[-2.22044587e-06 -4.44089173e-06  0.00000000e+00 -5.55111466e-06\n  4.44089173e-06  2.22044587e-06]", "hess_inv": "[[10.46285559  0.14030994 -0.37833347 -2.60489098  5.13023416 -3.46817172]\n [ 0.14030994  7.40749614  2.20507443 -0.26585807 -0.61623474 -0.05524683]\n [-0.37833347  2.20507443 26.48996136 -5.01279378 -4.83865929 13.16305996]\n [-2.60489098 -0.26585807 -5.01279378 10.0479241   0.91778252 -2.43036881]\n [ 5.13023416 -0.61623474 -4.83865929  0.91778252 12.12562376 -8.01956114]\n [-3.46817172 -0.05524683 13.16305996 -2.43036881 -8.01956114 16.04605232]]", "nfev": "245", "njev": "35", "status": "0", "success": "True", "message": "Optimization terminated successfully.", "x": "[ 1.63916838  3.59595673  4.40091234  5.16620592 -0.76284974  5.34921402]", "nit": "29", "callback": [0.75305743949117, 0.736335332404955]}, "4": {"maxiter": 100, "gtol": 1e-10, "xrtol": 1e-05, "eps": 1e-05, "duration": 0.05765795707702637, "fun": "0.7359581388519658", "jac": "[ 2.93753910e-07  5.63216140e-08  8.55093774e-08 -1.98818739e-07\n  1.08635323e-07  1.72795112e-07]", "hess_inv": "[[10.00100035  0.15606496 -0.48453363 -2.21878164  4.96332698 -3.30834707]\n [ 0.15606496  7.68764208  1.72965881  0.04434499 -0.83557346 -0.34796705]\n [-0.48453363  1.72965881 27.40122808 -5.51912638 -4.46657249 13.71762231]\n [-2.21878164  0.04434499 -5.51912638 10.11642955  0.7877622  -2.90724265]\n [ 4.96332698 -0.83557346 -4.46657249  0.7877622  12.25122026 -7.70988466]\n [-3.30834707 -0.34796705 13.71762231 -2.90724265 -7.70988466 16.2780045 ]]", "nfev": "252", "njev": "36", "status": "0", "success": "True", "message": "Optimization terminated successfully.", "x": "[ 1.63916054  3.59598943  4.40084702  5.1662558  -0.76287152  5.34917136]", "nit": "30", "callback": [0.7530691280765398, 0.7363349778633497, 0.7359581388519658]}, "5": {"maxiter": 100, "gtol": 1e-10, "xrtol": 1e-05, "eps": 1e-10, "duration": 0.058055877685546875, "fun": "0.7359581388642634", "jac": "[2.22044587e-06 1.11022293e-06 2.22044587e-06 2.22044587e-06\n 1.11022293e-06 0.00000000e+00]", "hess_inv": "[[10.09014259  0.29047867 -0.32743275 -2.0786987   4.96302858 -3.35516179]\n [ 0.29047867  7.85787292  1.75133119  0.18810261 -0.86110654 -0.46736901]\n [-0.32743275  1.75133119 26.85040003 -5.64940563 -4.55103981 13.45850022]\n [-2.0786987   0.18810261 -5.64940563 10.17318426  0.74681574 -3.06778917]\n [ 4.96302858 -0.86110654 -4.55103981  0.74681574 12.2414473  -7.74481065]\n [-3.35516179 -0.46736901 13.45850022 -3.06778917 -7.74481065 16.27483823]]", "nfev": "252", "njev": "36", "status": "0", "success": "True", "message": "Optimization terminated successfully.", "x": "[ 1.63916595  3.59599817  4.40087836  5.16626211 -0.76287556  5.34918572]", "nit": "30", "callback": [0.75305743949117, 0.736335332404955, 0.7359581388642634]}, "6": {"maxiter": 100, "gtol": 1e-10, "xrtol": 1e-10, "eps": 1e-05, "duration": 0.11224079132080078, "fun": "0.7359581388519658", "jac": "[ 2.93753910e-07  5.63216140e-08  8.55093774e-08 -1.98818739e-07\n  1.08635323e-07  1.72795112e-07]", "hess_inv": "[[ 1.01555678e+01 -2.77462071e-03  3.08162757e-02 -2.59074240e+00\n   5.15975609e+00 -3.03099565e+00]\n [-2.77462071e-03  7.55842148e+00  1.63569040e+00  9.23825180e-02\n  -7.85171487e-01 -3.90447653e-01]\n [ 3.08162757e-02  1.63569040e+00  2.84705835e+01 -6.26147630e+00\n  -4.18740919e+00  1.42810762e+01]\n [-2.59074240e+00  9.23825180e-02 -6.26147630e+00  1.06296204e+01\n   6.03338736e-01 -3.29751451e+00]\n [ 5.15975609e+00 -7.85171487e-01 -4.18740919e+00  6.03338736e-01\n   1.22832552e+01 -7.56662376e+00]\n [-3.03099565e+00 -3.90447653e-01  1.42810762e+01 -3.29751451e+00\n  -7.56662376e+00  1.65745341e+01]]", "nfev": "488", "njev": "68", "status": "2", "success": "False", "message": "Desired error not necessarily achieved due to precision loss.", "x": "[ 1.63916054  3.59598943  4.40084702  5.1662558  -0.76287152  5.34917136]", "nit": "30", "callback": [0.7530691280765398, 0.7363349778633497, 0.7359581388519658]}, "7": {"maxiter": 100, "gtol": 1e-10, "xrtol": 1e-10, "eps": 1e-10, "duration": 0.07442831993103027, "fun": "0.7359581388495378", "jac": "[0. 0. 0. 0. 0. 0.]", "hess_inv": "[[ 15.00978337   0.63333582 -18.73048102  14.29848972  20.84534592\n  -19.32662859]\n [  0.63333582   1.01967647  -1.47834516   0.5062656    1.11566934\n   -1.51570599]\n [-18.73048102  -1.47834516  24.45396376 -17.87910525 -26.93484859\n   25.17950234]\n [ 14.29848972   0.5062656  -17.87910525  13.81380238  19.80060735\n  -18.46758362]\n [ 20.84534592   1.11566934 -26.93484859  19.80060735  30.32724952\n  -27.72580943]\n [-19.32662859  -1.51570599  25.17950234 -18.46758362 -27.72580943\n   26.04965648]]", "nfev": "322", "njev": "46", "status": "0", "success": "True", "message": "Optimization terminated successfully.", "x": "[ 1.63915959  3.59599504  4.40086311  5.16626207 -0.76287639  5.34918216]", "nit": "39", "callback": [0.75305743949117, 0.736335332404955, 0.7359581388642634]}, "8": {"maxiter": 500, "gtol": 1e-05, "xrtol": 1e-05, "eps": 1e-05, "duration": 0.056654930114746094, "fun": "0.7359581390562646", "jac": "[-1.04360964e-06 -2.91733304e-06  1.23017152e-06 -3.36948247e-06\n  4.16008339e-06  1.91479055e-06]", "hess_inv": "[[10.43964847  0.21418489 -0.32878074 -2.56290332  5.08312519 -3.37288284]\n [ 0.21418489  7.4567447   2.22341638 -0.30178377 -0.61417233 -0.06648696]\n [-0.32878074  2.22341638 26.51837238 -5.04538214 -4.83158067 13.11959962]\n [-2.56290332 -0.30178377 -5.04538214 10.007849    0.95265895 -2.49129693]\n [ 5.08312519 -0.61417233 -4.83158067  0.95265895 12.10689642 -7.97734215]\n [-3.37288284 -0.06648696 13.11959962 -2.49129693 -7.97734215 15.93494857]]", "nfev": "245", "njev": "35", "status": "0", "success": "True", "message": "Optimization terminated successfully.", "x": "[ 1.63917084  3.59596468  4.40090247  5.16621482 -0.76284621  5.3492016 ]", "nit": "29", "callback": [0.7530691280765398, 0.7363349778633497]}, "9": {"maxiter": 500, "gtol": 1e-05, "xrtol": 1e-05, "eps": 1e-10, "duration": 0.05713987350463867, "fun": "0.7359581391471233", "jac": "[-2.22044587e-06 -4.44089173e-06  0.00000000e+00 -5.55111466e-06\n  4.44089173e-06  2.22044587e-06]", "hess_inv": "[[10.46285559  0.14030994 -0.37833347 -2.60489098  5.13023416 -3.46817172]\n [ 0.14030994  7.40749614  2.20507443 -0.26585807 -0.61623474 -0.05524683]\n [-0.37833347  2.20507443 26.48996136 -5.01279378 -4.83865929 13.16305996]\n [-2.60489098 -0.26585807 -5.01279378 10.0479241   0.91778252 -2.43036881]\n [ 5.13023416 -0.61623474 -4.83865929  0.91778252 12.12562376 -8.01956114]\n [-3.46817172 -0.05524683 13.16305996 -2.43036881 -8.01956114 16.04605232]]", "nfev": "245", "njev": "35", "status": "0", "success": "True", "message": "Optimization terminated successfully.", "x": "[ 1.63916838  3.59595673  4.40091234  5.16620592 -0.76284974  5.34921402]", "nit": "29", "callback": [0.75305743949117, 0.736335332404955]}, "10": {"maxiter": 500, "gtol": 1e-05, "xrtol": 1e-10, "eps": 1e-05, "duration": 0.055802106857299805, "fun": "0.7359581390562646", "jac": "[-1.04360964e-06 -2.91733304e-06  1.23017152e-06 -3.36948247e-06\n  4.16008339e-06  1.91479055e-06]", "hess_inv": "[[10.43964847  0.21418489 -0.32878074 -2.56290332  5.08312519 -3.37288284]\n [ 0.21418489  7.4567447   2.22341638 -0.30178377 -0.61417233 -0.06648696]\n [-0.32878074  2.22341638 26.51837238 -5.04538214 -4.83158067 13.11959962]\n [-2.56290332 -0.30178377 -5.04538214 10.007849    0.95265895 -2.49129693]\n [ 5.08312519 -0.61417233 -4.83158067  0.95265895 12.10689642 -7.97734215]\n [-3.37288284 -0.06648696 13.11959962 -2.49129693 -7.97734215 15.93494857]]", "nfev": "245", "njev": "35", "status": "0", "success": "True", "message": "Optimization terminated successfully.", "x": "[ 1.63917084  3.59596468  4.40090247  5.16621482 -0.76284621  5.3492016 ]", "nit": "29", "callback": [0.7530691280765398, 0.7363349778633497]}, "11": {"maxiter": 500, "gtol": 1e-05, "xrtol": 1e-10, "eps": 1e-10, "duration": 0.05658698081970215, "fun": "0.7359581391471233", "jac": "[-2.22044587e-06 -4.44089173e-06  0.00000000e+00 -5.55111466e-06\n  4.44089173e-06  2.22044587e-06]", "hess_inv": "[[10.46285559  0.14030994 -0.37833347 -2.60489098  5.13023416 -3.46817172]\n [ 0.14030994  7.40749614  2.20507443 -0.26585807 -0.61623474 -0.05524683]\n [-0.37833347  2.20507443 26.48996136 -5.01279378 -4.83865929 13.16305996]\n [-2.60489098 -0.26585807 -5.01279378 10.0479241   0.91778252 -2.43036881]\n [ 5.13023416 -0.61623474 -4.83865929  0.91778252 12.12562376 -8.01956114]\n [-3.46817172 -0.05524683 13.16305996 -2.43036881 -8.01956114 16.04605232]]", "nfev": "245", "njev": "35", "status": "0", "success": "True", "message": "Optimization terminated successfully.", "x": "[ 1.63916838  3.59595673  4.40091234  5.16620592 -0.76284974  5.34921402]", "nit": "29", "callback": [0.75305743949117, 0.736335332404955]}, "12": {"maxiter": 500, "gtol": 1e-10, "xrtol": 1e-05, "eps": 1e-05, "duration": 0.05883979797363281, "fun": "0.7359581388519658", "jac": "[ 2.93753910e-07  5.63216140e-08  8.55093774e-08 -1.98818739e-07\n  1.08635323e-07  1.72795112e-07]", "hess_inv": "[[10.00100035  0.15606496 -0.48453363 -2.21878164  4.96332698 -3.30834707]\n [ 0.15606496  7.68764208  1.72965881  0.04434499 -0.83557346 -0.34796705]\n [-0.48453363  1.72965881 27.40122808 -5.51912638 -4.46657249 13.71762231]\n [-2.21878164  0.04434499 -5.51912638 10.11642955  0.7877622  -2.90724265]\n [ 4.96332698 -0.83557346 -4.46657249  0.7877622  12.25122026 -7.70988466]\n [-3.30834707 -0.34796705 13.71762231 -2.90724265 -7.70988466 16.2780045 ]]", "nfev": "252", "njev": "36", "status": "0", "success": "True", "message": "Optimization terminated successfully.", "x": "[ 1.63916054  3.59598943  4.40084702  5.1662558  -0.76287152  5.34917136]", "nit": "30", "callback": [0.7530691280765398, 0.7363349778633497, 0.7359581388519658]}, "13": {"maxiter": 500, "gtol": 1e-10, "xrtol": 1e-05, "eps": 1e-10, "duration": 0.05894017219543457, "fun": "0.7359581388642634", "jac": "[2.22044587e-06 1.11022293e-06 2.22044587e-06 2.22044587e-06\n 1.11022293e-06 0.00000000e+00]", "hess_inv": "[[10.09014259  0.29047867 -0.32743275 -2.0786987   4.96302858 -3.35516179]\n [ 0.29047867  7.85787292  1.75133119  0.18810261 -0.86110654 -0.46736901]\n [-0.32743275  1.75133119 26.85040003 -5.64940563 -4.55103981 13.45850022]\n [-2.0786987   0.18810261 -5.64940563 10.17318426  0.74681574 -3.06778917]\n [ 4.96302858 -0.86110654 -4.55103981  0.74681574 12.2414473  -7.74481065]\n [-3.35516179 -0.46736901 13.45850022 -3.06778917 -7.74481065 16.27483823]]", "nfev": "252", "njev": "36", "status": "0", "success": "True", "message": "Optimization terminated successfully.", "x": "[ 1.63916595  3.59599817  4.40087836  5.16626211 -0.76287556  5.34918572]", "nit": "30", "callback": [0.75305743949117, 0.736335332404955, 0.7359581388642634]}, "14": {"maxiter": 500, "gtol": 1e-10, "xrtol": 1e-10, "eps": 1e-05, "duration": 0.11234402656555176, "fun": "0.7359581388519658", "jac": "[ 2.93753910e-07  5.63216140e-08  8.55093774e-08 -1.98818739e-07\n  1.08635323e-07  1.72795112e-07]", "hess_inv": "[[ 1.01555678e+01 -2.77462071e-03  3.08162757e-02 -2.59074240e+00\n   5.15975609e+00 -3.03099565e+00]\n [-2.77462071e-03  7.55842148e+00  1.63569040e+00  9.23825180e-02\n  -7.85171487e-01 -3.90447653e-01]\n [ 3.08162757e-02  1.63569040e+00  2.84705835e+01 -6.26147630e+00\n  -4.18740919e+00  1.42810762e+01]\n [-2.59074240e+00  9.23825180e-02 -6.26147630e+00  1.06296204e+01\n   6.03338736e-01 -3.29751451e+00]\n [ 5.15975609e+00 -7.85171487e-01 -4.18740919e+00  6.03338736e-01\n   1.22832552e+01 -7.56662376e+00]\n [-3.03099565e+00 -3.90447653e-01  1.42810762e+01 -3.29751451e+00\n  -7.56662376e+00  1.65745341e+01]]", "nfev": "488", "njev": "68", "status": "2", "success": "False", "message": "Desired error not necessarily achieved due to precision loss.", "x": "[ 1.63916054  3.59598943  4.40084702  5.1662558  -0.76287152  5.34917136]", "nit": "30", "callback": [0.7530691280765398, 0.7363349778633497, 0.7359581388519658]}, "15": {"maxiter": 500, "gtol": 1e-10, "xrtol": 1e-10, "eps": 1e-10, "duration": 0.07302713394165039, "fun": "0.7359581388495378", "jac": "[0. 0. 0. 0. 0. 0.]", "hess_inv": "[[ 15.00978337   0.63333582 -18.73048102  14.29848972  20.84534592\n  -19.32662859]\n [  0.63333582   1.01967647  -1.47834516   0.5062656    1.11566934\n   -1.51570599]\n [-18.73048102  -1.47834516  24.45396376 -17.87910525 -26.93484859\n   25.17950234]\n [ 14.29848972   0.5062656  -17.87910525  13.81380238  19.80060735\n  -18.46758362]\n [ 20.84534592   1.11566934 -26.93484859  19.80060735  30.32724952\n  -27.72580943]\n [-19.32662859  -1.51570599  25.17950234 -18.46758362 -27.72580943\n   26.04965648]]", "nfev": "322", "njev": "46", "status": "0", "success": "True", "message": "Optimization terminated successfully.", "x": "[ 1.63915959  3.59599504  4.40086311  5.16626207 -0.76287639  5.34918216]", "nit": "39", "callback": [0.75305743949117, 0.736335332404955, 0.7359581388642634]}, "16": {"maxiter": 1000, "gtol": 1e-05, "xrtol": 1e-05, "eps": 1e-05, "duration": 0.056551218032836914, "fun": "0.7359581390562646", "jac": "[-1.04360964e-06 -2.91733304e-06  1.23017152e-06 -3.36948247e-06\n  4.16008339e-06  1.91479055e-06]", "hess_inv": "[[10.43964847  0.21418489 -0.32878074 -2.56290332  5.08312519 -3.37288284]\n [ 0.21418489  7.4567447   2.22341638 -0.30178377 -0.61417233 -0.06648696]\n [-0.32878074  2.22341638 26.51837238 -5.04538214 -4.83158067 13.11959962]\n [-2.56290332 -0.30178377 -5.04538214 10.007849    0.95265895 -2.49129693]\n [ 5.08312519 -0.61417233 -4.83158067  0.95265895 12.10689642 -7.97734215]\n [-3.37288284 -0.06648696 13.11959962 -2.49129693 -7.97734215 15.93494857]]", "nfev": "245", "njev": "35", "status": "0", "success": "True", "message": "Optimization terminated successfully.", "x": "[ 1.63917084  3.59596468  4.40090247  5.16621482 -0.76284621  5.3492016 ]", "nit": "29", "callback": [0.7530691280765398, 0.7363349778633497]}, "17": {"maxiter": 1000, "gtol": 1e-05, "xrtol": 1e-05, "eps": 1e-10, "duration": 0.056342124938964844, "fun": "0.7359581391471233", "jac": "[-2.22044587e-06 -4.44089173e-06  0.00000000e+00 -5.55111466e-06\n  4.44089173e-06  2.22044587e-06]", "hess_inv": "[[10.46285559  0.14030994 -0.37833347 -2.60489098  5.13023416 -3.46817172]\n [ 0.14030994  7.40749614  2.20507443 -0.26585807 -0.61623474 -0.05524683]\n [-0.37833347  2.20507443 26.48996136 -5.01279378 -4.83865929 13.16305996]\n [-2.60489098 -0.26585807 -5.01279378 10.0479241   0.91778252 -2.43036881]\n [ 5.13023416 -0.61623474 -4.83865929  0.91778252 12.12562376 -8.01956114]\n [-3.46817172 -0.05524683 13.16305996 -2.43036881 -8.01956114 16.04605232]]", "nfev": "245", "njev": "35", "status": "0", "success": "True", "message": "Optimization terminated successfully.", "x": 