{"date": "2024/10/08/, 18:30:04", "conf_id": 20, "data_type": "random\n", "num_data_points": 2, "s_rank": 0, "unitary": "[[-0.45070455-0.02711853j,0.78437395-0.06613086j,0.06358678+0.19963393j,-0.07343613+0.35668523j],[-0.01890143-0.03813363j,0.32408202+0.25557629j,0.05872864-0.68979805j,0.55466693-0.20227297j],[-0.11215405+0.64023111j,-0.13344055+0.29565494j,-0.49012687-0.19046288j,-0.04241254+0.44046348j],[0.55771659+0.24656916j,0.31851997-0.05798805j,0.28761525-0.34294258j,-0.56718418+0.03616933j]]", "databatch_0": {"databatch": "[[[0.0574941+0.27191649j,-0.03828138-0.02951819j,0.09104237+0.11543044j,0.03547516-0.17983907j],[0.55888957+0.3092445j,-0.10887831+0.02209086j,0.3375126+0.01551426j,-0.25904754-0.33221467j],[-0.10820122-0.03164467j,0.01789542-0.00801392j,-0.05872171+0.01037813j,0.05745461+0.04719355j],[-0.20498101+0.18191094j,0.00662293-0.04720515j,-0.05451123+0.13432779j,0.17142274-0.05732334j]],[[-0.136856-0.02592408j,-0.03424675-0.10063785j,-0.02968067-0.03172417j,-0.01737855+0.01410467j],[0.05201387+0.30408559j,-0.18239109+0.14889246j,-0.04289321+0.08613089j,0.04271113+0.02516281j],[0.20030685+0.13759281j,-0.01605496+0.18476916j,0.02509427+0.07151948j,0.03766409-0.01030649j],[-0.47715508+0.43012638j,-0.46508728-0.15514464j,-0.19931902+0.02043208j,0.00328243+0.10317409j]]]", "initial param values": "[1.8727389,3.18051134,3.4907355,0.15371439,5.90237074,3.5188903]", "nelder_mead": {"type": "gradient-free", "0": {"maxiter": 100, "fatol": 1e-05, "xatol": 1e-05, "duration": 0.06408095359802246, "fun": "0.18934922600505466", "nit": "100", "nfev": "156", "status": "2", "success": "False", "message": "Maximum number of iterations has been exceeded.", "x": "[ 1.92845834  1.64533904 -0.26864956  0.31186021  4.45251505  3.74604072]", "final_simplex": "(array([[ 1.92845834,  1.64533904, -0.26864956,  0.31186021,  4.45251505,\n         3.74604072],\n       [ 1.94023026,  1.63860696, -0.27828156,  0.30896176,  4.53931249,\n         3.72565468],\n       [ 1.90910215,  1.66778505, -0.2282713 ,  0.30661997,  4.48679593,\n         3.75157686],\n       [ 1.96058453,  1.69376022, -0.16905528,  0.30524159,  4.45688852,\n         3.78811696],\n       [ 1.9355956 ,  1.6138122 , -0.31196049,  0.30940259,  4.43990682,\n         3.82977321],\n       [ 1.942824  ,  1.6323156 , -0.23983282,  0.30852509,  4.47654887,\n         3.76876074],\n       [ 1.91922495,  1.6673183 , -0.29174248,  0.30759383,  4.58389762,\n         3.65712607]]), array([0.18934923, 0.18953128, 0.18959062, 0.18967416, 0.1897279 ,\n       0.18978629, 0.19000155]))", "callback": [0.6442118720690945, 0.5677565143494587, 0.46337834595742067, 0.30173129657170483, 0.26370261570113485, 0.20355069640094325, 0.20236140903626154, 0.19513709362120535, 0.19135658348159656, 0.18934922600505466]}, "1": {"maxiter": 100, "fatol": 1e-05, "xatol": 1e-10, "duration": 0.051535844802856445, "fun": "0.18934922600505466", "nit": "100", "nfev": "156", "status": "2", "success": "False", "message": "Maximum number of iterations has been exceeded.", "x": "[ 1.92845834  1.64533904 -0.26864956  0.31186021  4.45251505  3.74604072]", "final_simplex": "(array([[ 1.92845834,  1.64533904, -0.26864956,  0.31186021,  4.45251505,\n         3.74604072],\n       [ 1.94023026,  1.63860696, -0.27828156,  0.30896176,  4.53931249,\n         3.72565468],\n       [ 1.90910215,  1.66778505, -0.2282713 ,  0.30661997,  4.48679593,\n         3.75157686],\n       [ 1.96058453,  1.69376022, -0.16905528,  0.30524159,  4.45688852,\n         3.78811696],\n       [ 1.9355956 ,  1.6138122 , -0.31196049,  0.30940259,  4.43990682,\n         3.82977321],\n       [ 1.942824  ,  1.6323156 , -0.23983282,  0.30852509,  4.47654887,\n         3.76876074],\n       [ 1.91922495,  1.6673183 , -0.29174248,  0.30759383,  4.58389762,\n         3.65712607]]), array([0.18934923, 0.18953128, 0.18959062, 0.18967416, 0.1897279 ,\n       0.18978629, 0.19000155]))", "callback": [0.6442118720690945, 0.5677565143494587, 0.46337834595742067, 0.30173129657170483, 0.26370261570113485, 0.20355069640094325, 0.20236140903626154, 0.19513709362120535, 0.19135658348159656, 0.18934922600505466]}, "2": {"maxiter": 100, "fatol": 1e-10, "xatol": 1e-05, "duration": 0.04934406280517578, "fun": "0.18934922600505466", "nit": "100", "nfev": "156", "status": "2", "success": "False", "message": "Maximum number of iterations has been exceeded.", "x": "[ 1.92845834  1.64533904 -0.26864956  0.31186021  4.45251505  3.74604072]", "final_simplex": "(array([[ 1.92845834,  1.64533904, -0.26864956,  0.31186021,  4.45251505,\n         3.74604072],\n       [ 1.94023026,  1.63860696, -0.27828156,  0.30896176,  4.53931249,\n         3.72565468],\n       [ 1.90910215,  1.66778505, -0.2282713 ,  0.30661997,  4.48679593,\n         3.75157686],\n       [ 1.96058453,  1.69376022, -0.16905528,  0.30524159,  4.45688852,\n         3.78811696],\n       [ 1.9355956 ,  1.6138122 , -0.31196049,  0.30940259,  4.43990682,\n         3.82977321],\n       [ 1.942824  ,  1.6323156 , -0.23983282,  0.30852509,  4.47654887,\n         3.76876074],\n       [ 1.91922495,  1.6673183 , -0.29174248,  0.30759383,  4.58389762,\n         3.65712607]]), array([0.18934923, 0.18953128, 0.18959062, 0.18967416, 0.1897279 ,\n       0.18978629, 0.19000155]))", "callback": [0.6442118720690945, 0.5677565143494587, 0.46337834595742067, 0.30173129657170483, 0.26370261570113485, 0.20355069640094325, 0.20236140903626154, 0.19513709362120535, 0.19135658348159656, 0.18934922600505466]}, "3": {"maxiter": 100, "fatol": 1e-10, "xatol": 1e-10, "duration": 0.05379199981689453, "fun": "0.18934922600505466", "nit": "100", "nfev": "156", "status": "2", "success": "False", "message": "Maximum number of iterations has been exceeded.", "x": "[ 1.92845834  1.64533904 -0.26864956  0.31186021  4.45251505  3.74604072]", "final_simplex": "(array([[ 1.92845834,  1.64533904, -0.26864956,  0.31186021,  4.45251505,\n         3.74604072],\n       [ 1.94023026,  1.63860696, -0.27828156,  0.30896176,  4.53931249,\n         3.72565468],\n       [ 1.90910215,  1.66778505, -0.2282713 ,  0.30661997,  4.48679593,\n         3.75157686],\n       [ 1.96058453,  1.69376022, -0.16905528,  0.30524159,  4.45688852,\n         3.78811696],\n       [ 1.9355956 ,  1.6138122 , -0.31196049,  0.30940259,  4.43990682,\n         3.82977321],\n       [ 1.942824  ,  1.6323156 , -0.23983282,  0.30852509,  4.47654887,\n         3.76876074],\n       [ 1.91922495,  1.6673183 , -0.29174248,  0.30759383,  4.58389762,\n         3.65712607]]), array([0.18934923, 0.18953128, 0.18959062, 0.18967416, 0.1897279 ,\n       0.18978629, 0.19000155]))", "callback": [0.6442118720690945, 0.5677565143494587, 0.46337834595742067, 0.30173129657170483, 0.26370261570113485, 0.20355069640094325, 0.20236140903626154, 0.19513709362120535, 0.19135658348159656, 0.18934922600505466]}, "4": {"maxiter": 500, "fatol": 1e-05, "xatol": 1e-05, "duration": 0.20806193351745605, "fun": "0.09096274338513699", "nit": "451", "nfev": "710", "status": "0", "success": "True", "message": "Optimization terminated successfully.", "x": "[ 1.61188487  1.52874763 -0.78220219  1.11821239  4.72049284  3.71601227]", "final_simplex": "(array([[ 1.61188487,  1.52874763, -0.78220219,  1.11821239,  4.72049284,\n         3.71601227],\n       [ 1.61188584,  1.52874525, -0.78220229,  1.11821281,  4.72048963,\n         3.7160151 ],\n       [ 1.61188299,  1.52874955, -0.78220511,  1.1182152 ,  4.72049431,\n         3.71600749],\n       [ 1.61188105,  1.5287482 , -0.78221042,  1.11821372,  4.72049564,\n         3.71600843],\n       [ 1.61188373,  1.52874757, -0.78220462,  1.11821516,  4.72049638,\n         3.71600715],\n       [ 1.61188495,  1.52874769, -0.7822044 ,  1.11821379,  4.72049585,\n         3.71600494],\n       [ 1.61188572,  1.52874988, -0.78220677,  1.11821303,  4.72049353,\n         3.71601001]]), array([0.09096274, 0.09096274, 0.09096274, 0.09096274, 0.09096274,\n       0.09096274, 0.09096274]))", "callback": [0.6442118720690945, 0.5677565143494587, 0.46337834595742067, 0.30173129657170483, 0.26370261570113485, 0.20355069640094325, 0.20236140903626154, 0.19513709362120535, 0.19135658348159656, 0.18934922600505466, 0.18912471060224412, 0.18884621817037084, 0.1885635818174809, 0.18650936953057629, 0.1837008136288686, 0.18049681637383708, 0.1727288422039791, 0.16119932343520882, 0.1518900592687542, 0.13039333187060853, 0.10715308284289726, 0.10006044472425779, 0.09610423210560881, 0.0932105833865422, 0.09164462874545609, 0.09108638645896294, 0.09104712326559461, 0.09098557783004213, 0.09096638735020357, 0.0909635729534426, 0.09096351328498131, 0.09096310083770831, 0.09096305523692605, 0.09096293162551938, 0.09096290007997787, 0.09096285662239201, 0.0909628249220843, 0.09096279560082687, 0.09096277040015321, 0.09096275122573505, 0.0909627457919766, 0.09096274396786397, 0.09096274353552602, 0.0909627434073288, 0.09096274338886601, 0.09096274338513699]}, "5": {"maxiter": 500, "fatol": 1e-05, "xatol": 1e-10, "duration": 0.2657017707824707, "fun": "0.09096274338338795", "nit": "500", "nfev": "793", "status": "2", "success": "False", "message": "Maximum number of iterations has been exceeded.", "x": "[ 1.61188343  1.528746   -0.78220635  1.1182139   4.72049258  3.71601139]", "final_simplex": "(array([[ 1.61188343,  1.528746  , -0.78220635,  1.1182139 ,  4.72049258,\n         3.71601139],\n       [ 1.61188322,  1.52874609, -0.78220646,  1.11821386,  4.72049275,\n         3.71601105],\n       [ 1.61188337,  1.52874599, -0.78220656,  1.11821382,  4.7204927 ,\n         3.71601127],\n       [ 1.61188327,  1.52874618, -0.78220638,  1.11821393,  4.72049275,\n         3.71601128],\n       [ 1.6118834 ,  1.52874605, -0.7822061 ,  1.11821374,  4.72049264,\n         3.71601146],\n       [ 1.61188334,  1.52874616, -0.78220643,  1.11821382,  4.72049291,\n         3.71601098],\n       [ 1.61188336,  1.52874633, -0.78220631,  1.11821381,  4.72049283,\n         3.71601111]]), array([0.09096274, 0.09096274, 0.09096274, 0.09096274, 0.09096274,\n       0.09096274, 0.09096274]))", "callback": [0.6442118720690945, 0.5677565143494587, 0.46337834595742067, 0.30173129657170483, 0.26370261570113485, 0.20355069640094325, 0.20236140903626154, 0.19513709362120535, 0.19135658348159656, 0.18934922600505466, 0.18912471060224412, 0.18884621817037084, 0.1885635818174809, 0.18650936953057629, 0.1837008136288686, 0.18049681637383708, 0.1727288422039791, 0.16119932343520882, 0.1518900592687542, 0.13039333187060853, 0.10715308284289726, 0.10006044472425779, 0.09610423210560881, 0.0932105833865422, 0.09164462874545609, 0.09108638645896294, 0.09104712326559461, 0.09098557783004213, 0.09096638735020357, 0.0909635729534426, 0.09096351328498131, 0.09096310083770831, 0.09096305523692605, 0.09096293162551938, 0.09096290007997787, 0.09096285662239201, 0.0909628249220843, 0.09096279560082687, 0.09096277040015321, 0.09096275122573505, 0.0909627457919766, 0.09096274396786397, 0.09096274353552602, 0.0909627434073288, 0.09096274338886601, 0.09096274338487098, 0.09096274338353139, 0.09096274338350219, 0.09096274338341948, 0.09096274338339982]}, "6": {"maxiter": 500, "fatol": 1e-10, "xatol": 1e-05, "duration": 0.23167109489440918, "fun": "0.09096274338513699", "nit": "451", "nfev": "710", "status": "0", "success": "True", "message": "Optimization terminated successfully.", "x": "[ 1.61188487  1.52874763 -0.78220219  1.11821239  4.72049284  3.71601227]", "final_simplex": "(array([[ 1.61188487,  1.52874763, -0.78220219,  1.11821239,  4.72049284,\n         3.71601227],\n       [ 1.61188584,  1.52874525, -0.78220229,  1.11821281,  4.72048963,\n         3.7160151 ],\n       [ 1.61188299,  1.52874955, -0.78220511,  1.1182152 ,  4.72049431,\n         3.71600749],\n       [ 1.61188105,  1.5287482 , -0.78221042,  1.11821372,  4.72049564,\n         3.71600843],\n       [ 1.61188373,  1.52874757, -0.78220462,  1.11821516,  4.72049638,\n         3.71600715],\n       [ 1.61188495,  1.52874769, -0.7822044 ,  1.11821379,  4.72049585,\n         3.71600494],\n       [ 1.61188572,  1.52874988, -0.78220677,  1.11821303,  4.72049353,\n         3.71601001]]), array([0.09096274, 0.09096274, 0.09096274, 0.09096274, 0.09096274,\n       0.09096274, 0.09096274]))", "callback": [0.6442118720690945, 0.5677565143494587, 0.46337834595742067, 0.30173129657170483, 0.26370261570113485, 0.20355069640094325, 0.20236140903626154, 0.19513709362120535, 0.19135658348159656, 0.18934922600505466, 0.18912471060224412, 0.18884621817037084, 0.1885635818174809, 0.18650936953057629, 0.1837008136288686, 0.18049681637383708, 0.1727288422039791, 0.16119932343520882, 0.1518900592687542, 0.13039333187060853, 0.10715308284289726, 0.10006044472425779, 0.09610423210560881, 0.0932105833865422, 0.09164462874545609, 0.09108638645896294, 0.09104712326559461, 0.09098557783004213, 0.09096638735020357, 0.0909635729534426, 0.09096351328498131, 0.09096310083770831, 0.09096305523692605, 0.09096293162551938, 0.09096290007997787, 0.09096285662239201, 0.0909628249220843, 0.09096279560082687, 0.09096277040015321, 0.09096275122573505, 0.0909627457919766, 0.09096274396786397, 0.09096274353552602, 0.0909627434073288, 0.09096274338886601, 0.09096274338513699]}, "7": {"maxiter": 500, "fatol": 1e-10, "xatol": 1e-10, "duration": 0.2602970600128174, "fun": "0.09096274338338795", "nit": "500", "nfev": "793", "status": "2", "success": "False", "message": "Maximum number of iterations has been exceeded.", "x": "[ 1.61188343  1.528746   -0.78220635  1.1182139   4.72049258  3.71601139]", "final_simplex": "(array([[ 1.61188343,  1.528746  , -0.78220635,  1.1182139 ,  4.72049258,\n         3.71601139],\n       [ 1.61188322,  1.52874609, -0.78220646,  1.11821386,  4.72049275,\n         3.71601105],\n       [ 1.61188337,  1.52874599, -0.78220656,  1.11821382,  4.7204927 ,\n         3.71601127],\n       [ 1.61188327,  1.52874618, -0.78220638,  1.11821393,  4.72049275,\n         3.71601128],\n       [ 1.6118834 ,  1.52874605, -0.7822061 ,  1.11821374,  4.72049264,\n         3.71601146],\n       [ 1.61188334,  1.52874616, -0.78220643,  1.11821382,  4.72049291,\n         3.71601098],\n       [ 1.61188336,  1.52874633, -0.78220631,  1.11821381,  4.72049283,\n         3.71601111]]), array([0.09096274, 0.09096274, 0.09096274, 0.09096274, 0.09096274,\n       0.09096274, 0.09096274]))", "callback": [0.6442118720690945, 0.5677565143494587, 0.46337834595742067, 0.30173129657170483, 0.26370261570113485, 0.20355069640094325, 0.20236140903626154, 0.19513709362120535, 0.19135658348159656, 0.18934922600505466, 0.18912471060224412, 0.18884621817037084, 0.1885635818174809, 0.18650936953057629, 0.1837008136288686, 0.18049681637383708, 0.1727288422039791, 0.16119932343520882, 0.1518900592687542, 0.13039333187060853, 0.10715308284289726, 0.10006044472425779, 0.09610423210560881, 0.0932105833865422, 0.09164462874545609, 0.09108638645896294, 0.09104712326559461, 0.09098557783004213, 0.09096638735020357, 0.0909635729534426, 0.09096351328498131, 0.09096310083770831, 0.09096305523692605, 0.09096293162551938, 0.09096290007997787, 0.09096285662239201, 0.0909628249220843, 0.09096279560082687, 0.09096277040015321, 0.09096275122573505, 0.0909627457919766, 0.09096274396786397, 0.09096274353552602, 0.0909627434073288, 0.09096274338886601, 0.09096274338487098, 0.09096274338353139, 0.09096274338350219, 0.09096274338341948, 0.09096274338339982]}, "8": {"maxiter": 1000, "fatol": 1e-05, "xatol": 1e-05, "duration": 0.24920392036437988, "fun": "0.09096274338513699", "nit": "451", "nfev": "710", "status": "0", "success": "True", "message": "Optimization terminated successfully.", "x": "[ 1.61188487  1.52874763 -0.78220219  1.11821239  4.72049284  3.71601227]", "final_simplex": "(array([[ 1.61188487,  1.52874763, -0.78220219,  1.11821239,  4.72049284,\n         3.71601227],\n       [ 1.61188584,  1.52874525, -0.78220229,  1.11821281,  4.72048963,\n         3.7160151 ],\n       [ 1.61188299,  1.52874955, -0.78220511,  1.1182152 ,  4.72049431,\n         3.71600749],\n       [ 1.61188105,  1.5287482 , -0.78221042,  1.11821372,  4.72049564,\n         3.71600843],\n       [ 1.61188373,  1.52874757, -0.78220462,  1.11821516,  4.72049638,\n         3.71600715],\n       [ 1.61188495,  1.52874769, -0.7822044 ,  1.11821379,  4.72049585,\n         3.71600494],\n       [ 1.61188572,  1.52874988, -0.78220677,  1.11821303,  4.72049353,\n         3.71601001]]), array([0.09096274, 0.09096274, 0.09096274, 0.09096274, 0.09096274,\n       0.09096274, 0.09096274]))", "callback": [0.6442118720690945, 0.5677565143494587, 0.46337834595742067, 0.30173129657170483, 0.26370261570113485, 0.20355069640094325, 0.20236140903626154, 0.19513709362120535, 0.19135658348159656, 0.18934922600505466, 0.18912471060224412, 0.18884621817037084, 0.1885635818174809, 0.18650936953057629, 0.1837008136288686, 0.18049681637383708, 0.1727288422039791, 0.16119932343520882, 0.1518900592687542, 0.13039333187060853, 0.10715308284289726, 0.10006044472425779, 0.09610423210560881, 0.0932105833865422, 0.09164462874545609, 0.09108638645896294, 0.09104712326559461, 0.09098557783004213, 0.09096638735020357, 0.0909635729534426, 0.09096351328498131, 0.09096310083770831, 0.09096305523692605, 0.09096293162551938, 0.09096290007997787, 0.09096285662239201, 0.0909628249220843, 0.09096279560082687, 0.09096277040015321, 0.09096275122573505, 0.0909627457919766, 0.09096274396786397, 0.09096274353552602, 0.0909627434073288, 0.09096274338886601, 0.09096274338513699]}, "9": {"maxiter": 1000, "fatol": 1e-05, "xatol": 1e-10, "duration": 0.29566311836242676, "fun": "0.0909627433833764", "nit": "572", "nfev": "956", "status": "0", "success": "True", "message": "Optimization terminated successfully.", "x": "[ 1.61188334  1.52874613 -0.78220624  1.11821381  4.72049248  3.71601122]", "final_simplex": "(array([[ 1.61188334,  1.52874613, -0.78220624,  1.11821381,  4.72049248,\n         3.71601122],\n       [ 1.61188334,  1.52874612, -0.78220624,  1.11821381,  4.72049248,\n         3.71601122],\n       [ 1.61188334,  1.52874613, -0.78220624,  1.11821381,  4.72049248,\n         3.71601122],\n       [ 1.61188334,  1.52874612, -0.78220624,  1.11821381,  4.72049248,\n         3.71601122],\n       [ 1.61188334,  1.52874612, -0.78220624,  1.11821381,  4.72049248,\n         3.71601122],\n       [ 1.61188334,  1.52874612, -0.78220624,  1.11821381,  4.72049248,\n         3.71601122],\n       [ 1.61188334,  1.52874612, -0.78220624,  1.11821381,  4.72049248,\n         3.71601122]]), array([0.09096274, 0.09096274, 0.09096274, 0.09096274, 0.09096274,\n       0.09096274, 0.09096274]))", "callback": [0.6442118720690945, 0.5677565143494587, 0.46337834595742067, 0.30173129657170483, 0.26370261570113485, 0.20355069640094325, 0.20236140903626154, 0.19513709362120535, 0.19135658348159656, 0.18934922600505466, 0.18912471060224412, 0.18884621817037084, 0.1885635818174809, 0.18650936953057629, 0.1837008136288686, 0.18049681637383708, 0.1727288422039791, 0.16119932343520882, 0.1518900592687542, 0.13039333187060853, 0.10715308284289726, 0.10006044472425779, 0.09610423210560881, 0.0932105833865422, 0.09164462874545609, 0.09108638645896294, 0.09104712326559461, 0.09098557783004213, 0.09096638735020357, 0.0909635729534426, 0.09096351328498131, 0.09096310083770831, 0.09096305523692605, 0.09096293162551938, 0.09096290007997787, 0.09096285662239201, 0.0909628249220843, 0.09096279560082687, 0.09096277040015321, 0.09096275122573505, 0.0909627457919766, 0.09096274396786397, 0.09096274353552602, 0.0909627434073288, 0.09096274338886601, 0.09096274338487098, 0.09096274338353139, 0.09096274338350219, 0.09096274338341948, 0.09096274338339982, 0.09096274338338795, 0.0909627433833815, 0.09096274338337806, 0.09096274338337718, 0.09096274338337662, 0.0909627433833764, 0.0909627433833764, 0.0909627433833764]}, "10": {"maxiter": 1000, "fatol": 1e-10, "xatol": 1e-05, "duration": 0.2464132308959961, "fun": "0.09096274338513699", "nit": "451", "nfev": "710", "status": "0", "success": "True", "message": "Optimization terminated successfully.", "x": "[ 1.61188487  1.52874763 -0.78220219  1.11821239  4.72049284  3.71601227]", "final_simplex": "(array([[ 1.61188487,  1.52874763, -0.78220219,  1.11821239,  4.72049284,\n         3.71601227],\n       [ 1.61188584,  1.52874525, -0.78220229,  1.11821281,  4.72048963,\n         3.7160151 ],\n       [ 1.61188299,  1.52874955, -0.78220511,  1.1182152 ,  4.72049431,\n         3.71600749],\n       [ 1.61188105,  1.5287482 , -0.78221042,  1.11821372,  4.72049564,\n         3.71600843],\n       [ 1.61188373,  1.52874757, -0.78220462,  1.11821516,  4.72049638,\n         3.71600715],\n       [ 1.61188495,  1.52874769, -0.7822044 ,  1.11821379,  4.72049585,\n         3.71600494],\n       [ 1.61188572,  1.52874988, -0.78220677,  1.11821303,  4.72049353,\n         3.71601001]]), array([0.09096274, 0.09096274, 0.09096274, 0.09096274, 0.09096274,\n       0.09096274, 0.09096274]))", "callback": [0.6442118720690945, 0.5677565143494587, 0.46337834595742067, 0.30173129657170483, 0.26370261570113485, 0.20355069640094325, 0.20236140903626154, 0.19513709362120535, 0.19135658348159656, 0.18934922600505466, 0.18912471060224412, 0.18884621817037084, 0.1885635818174809, 0.18650936953057629, 0.1837008136288686, 0.18049681637383708, 0.1727288422039791, 0.16119932343520882, 0.1518900592687542, 0.13039333187060853, 0.10715308284289726, 0.10006044472425779, 0.09610423210560881, 0.0932105833865422, 0.09164462874545609, 0.09108638645896294, 0.09104712326559461, 0.09098557783004213, 0.09096638735020357, 0.0909635729534426, 0.09096351328498131, 0.09096310083770831, 0.09096305523692605, 0.09096293162551938, 0.09096290007997787, 0.09096285662239201, 0.0909628249220843, 0.09096279560082687, 0.09096277040015321, 0.09096275122573505, 0.0909627457919766, 0.09096274396786397, 0.09096274353552602, 0.0909627434073288, 0.09096274338886601, 0.09096274338513699]}, "11": {"maxiter": 1000, "fatol": 1e-10, "xatol": 1e-10, "duration": 0.30246496200561523, "fun": "0.0909627433833764", "nit": "572", "nfev": "956", "status": "0", "success": "True", "message": "Optimization terminated successfully.", "x": "[ 1.61188334  1.52874613 -0.78220624  1.11821381  4.72049248  3.71601122]", "final_simplex": "(array([[ 1.61188334,  1.52874613, -0.78220624,  1.11821381,  4.72049248,\n         3.71601122],\n       [ 1.61188334,  1.52874612, -0.78220624,  1.11821381,  4.72049248,\n         3.71601122],\n       [ 1.61188334,  1.52874613, -0.78220624,  1.11821381,  4.72049248,\n         3.71601122],\n       [ 1.61188334,  1.52874612, -0.78220624,  1.11821381,  4.72049248,\n         3.71601122],\n       [ 1.61188334,  1.52874612, -0.78220624,  1.11821381,  4.72049248,\n         3.71601122],\n       [ 1.61188334,  1.52874612, -0.78220624,  1.11821381,  4.72049248,\n         3.71601122],\n       [ 1.61188334,  1.52874612, -0.78220624,  1.11821381,  4.72049248,\n         3.71601122]]), array([0.09096274, 0.09096274, 0.09096274, 0.09096274, 0.09096274,\n       0.09096274, 0.09096274]))", "callback": [0.6442118720690945, 0.5677565143494587, 0.46337834595742067, 0.30173129657170483, 0.26370261570113485, 0.20355069640094325, 0.20236140903626154, 0.19513709362120535, 0.19135658348159656, 0.18934922600505466, 0.18912471060224412, 0.18884621817037084, 0.1885635818174809, 0.18650936953057629, 0.1837008136288686, 0.18049681637383708, 0.1727288422039791, 0.16119932343520882, 0.1518900592687542, 0.13039333187060853, 0.10715308284289726, 0.10006044472425779, 0.09610423210560881, 0.0932105833865422, 0.09164462874545609, 0.09108638645896294, 0.09104712326559461, 0.09098557783004213, 0.09096638735020357, 0.0909635729534426, 0.09096351328498131, 0.09096310083770831, 0.09096305523692605, 0.09096293162551938, 0.09096290007997787, 0.09096285662239201, 0.0909628249220843, 0.09096279560082687, 0.09096277040015321, 0.09096275122573505, 0.0909627457919766, 0.09096274396786397, 0.09096274353552602, 0.0909627434073288, 0.09096274338886601, 0.09096274338487098, 0.09096274338353139, 0.09096274338350219, 0.09096274338341948, 0.09096274338339982, 0.09096274338338795, 0.0909627433833815, 0.09096274338337806, 0.09096274338337718, 0.09096274338337662, 0.0909627433833764, 0.0909627433833764, 0.0909627433833764]}}, "bfgs": {"type": "gradient", "0": {"maxiter": 100, "gtol": 1e-05, "xrtol": 1e-05, "eps": 1e-05, "duration": 0.05054593086242676, "fun": "0.09096274341329535", "jac": "[ 6.40476561e-07 -2.03416173e-06  1.06060716e-06 -8.66573480e-07\n  2.33991715e-06  5.14366327e-08]", "hess_inv": "[[ 3.79217617 -0.29941252  2.66646786 -1.49956044 -0.10671423  0.63651261]\n [-0.29941252  3.35325176  0.22463821  0.04798213  0.68851289 -1.61303159]\n [ 2.66646786  0.22463821  9.61990365 -2.1845544  -2.48574588  1.55026134]\n [-1.49956044  0.04798213 -2.1845544   3.24601614  0.91828378 -0.55811937]\n [-0.10671423  0.68851289 -2.48574588  0.91828378  5.24960355 -3.58384576]\n [ 0.63651261 -1.61303159  1.55026134 -0.55811937 -3.58384576  7.74259066]]", "nfev": "182", "njev": "26", "status": "0", "success": "True", "message": "Optimization terminated successfully.", "x": "[1.61188272 1.52873605 5.50097898 1.11820709 4.7204923  3.71600999]", "nit": "22", "callback": [0.4999327054990087, 0.3658302497174303, 0.3429925255006415, 0.3361629119835502, 0.32387385385613676, 0.3017125945961584, 0.2785603251618851, 0.26344568391786183, 0.15927420476164156, 0.12825682450002263, 0.1015687808563086, 0.09652021883162931, 0.09402052910364, 0.09279316468662102, 0.0913488671707322, 0.09112580406514137, 0.09102940491217393, 0.09098278003405158, 0.09096459376124066, 0.09096281125527206, 0.09096274412003769, 0.09096274341329535]}, "1": {"maxiter": 100, "gtol": 1e-05, "xrtol": 1e-05, "eps": 1e-10, "duration": 0.05910992622375488, "fun": "0.09096274342803745", "jac": "[ 1.11022293e-06 -2.22044587e-06 -2.22044587e-06 -3.33066880e-06\n -5.55111466e-06 -5.55111466e-06]", "hess_inv": "[[ 3.82520877 -0.33107036  2.73132263 -1.49766985 -0.13895681  0.73909843]\n [-0.33107036  3.38598219  0.16676753  0.04690321  0.72572817 -1.70549193]\n [ 2.73132263  0.16676753  9.74071076 -2.1815414  -2.54678947  1.71910223]\n [-1.49766985  0.04690321 -2.1815414   3.24117119  0.92328877 -0.56378436]\n [-0.13895681  0.72572817 -2.54678947  0.92328877  5.24468175 -3.671924  ]\n [ 0.73909843 -1.70549193  1.71910223 -0.56378436 -3.671924    7.94425995]]", "nfev": "182", "njev": "26", "status": "0", "success": "True", "message": "Optimization terminated successfully.", "x": "[1.61188015 1.52874732 5.5009657  1.11820908 4.7204953  3.71599383]", "nit": "22", "callback": [0.49993198884663137, 0.3658118146648601, 0.3429924664850391, 0.33616206656999525, 0.32387171624820854, 0.301707431205644, 0.27856169302935907, 0.2634465264330843, 0.15930273543301543, 0.1282707256572927, 0.10153944547034299, 0.09651613545203408, 0.09402025598548025, 0.09279148537021042, 0.0913494118892183, 0.09112551795552504, 0.09102939219286155, 0.09098276648823067, 0.09096458277690422, 0.09096281194296651, 0.09096274427719331, 0.09096274342803745]}, "2": {"maxiter": 100, "gtol": 1e-05, "xrtol": 1e-10, "eps": 1e-05, "duration": 0.06131887435913086, "fun": "0.09096274341329535", "jac": "[ 6.40476561e-07 -2.03416173e-06  1.06060716e-06 -8.66573480e-07\n  2.33991715e-06  5.14366327e-08]", "hess_inv": "[[ 3.79217617 -0.29941252  2.66646786 -1.49956044 -0.10671423  0.63651261]\n [-0.29941252  3.35325176  0.22463821  0.04798213  0.68851289 -1.61303159]\n [ 2.66646786  0.22463821  9.61990365 -2.1845544  -2.48574588  1.55026134]\n [-1.49956044  0.04798213 -2.1845544   3.24601614  0.91828378 -0.55811937]\n [-0.10671423  0.68851289 -2.48574588  0.91828378  5.24960355 -3.58384576]\n [ 0.63651261 -1.61303159  1.55026134 -0.55811937 -3.58384576  7.74259066]]", "nfev": "182", "njev": "26", "status": "0", "success": "True", "message": "Optimization terminated successfully.", "x": "[1.61188272 1.52873605 5.50097898 1.11820709 4.7204923  3.71600999]", "nit": "22", "callback": [0.4999327054990087, 0.3658302497174303, 0.3429925255006415, 0.3361629119835502, 0.32387385385613676, 0.3017125945961584, 0.2785603251618851, 0.26344568391786183, 0.15927420476164156, 0.12825682450002263, 0.1015687808563086, 0.09652021883162931, 0.09402052910364, 0.09279316468662102, 0.0913488671707322, 0.09112580406514137, 0.09102940491217393, 0.09098278003405158, 0.09096459376124066, 0.09096281125527206, 0.09096274412003769, 0.09096274341329535]}, "3": {"maxiter": 100, "gtol": 1e-05, "xrtol": 1e-10, "eps": 1e-10, "duration": 0.060647010803222656, "fun": "0.09096274342803745", "jac": "[ 1.11022293e-06 -2.22044587e-06 -2.22044587e-06 -3.33066880e-06\n -5.55111466e-06 -5.55111466e-06]", "hess_inv": "[[ 3.82520877 -0.33107036  2.73132263 -1.49766985 -0.13895681  0.73909843]\n [-0.33107036  3.38598219  0.16676753  0.04690321  0.72572817 -1.70549193]\n [ 2.73132263  0.16676753  9.74071076 -2.1815414  -2.54678947  1.71910223]\n [-1.49766985  0.04690321 -2.1815414   3.24117119  0.92328877 -0.56378436]\n [-0.13895681  0.72572817 -2.54678947  0.92328877  5.24468175 -3.671924  ]\n [ 0.73909843 -1.70549193  1.71910223 -0.56378436 -3.671924    7.94425995]]", "nfev": "182", "njev": "26", "status": "0", "success": "True", "message": "Optimization terminated successfully.", "x": "[1.61188015 1.52874732 5.5009657  1.11820908 4.7204953  3.71599383]", "nit": "22", "callback": [0.49993198884663137, 0.3658118146648601, 0.3429924664850391, 0.33616206656999525, 0.32387171624820854, 0.301707431205644, 0.27856169302935907, 0.2634465264330843, 0.15930273543301543, 0.1282707256572927, 0.10153944547034299, 0.09651613545203408, 0.09402025598548025, 0.09279148537021042, 0.0913494118892183, 0.09112551795552504, 0.09102939219286155, 0.09098276648823067, 0.09096458277690422, 0.09096281194296651, 0.09096274427719331, 0.09096274342803745]}, "4": {"maxiter": 100, "gtol": 1e-10, "xrtol": 1e-05, "eps": 1e-05, "duration": 0.0659799575805664, "fun": "0.0909627434068917", "jac": "[-1.06292752e-07  1.13242749e-07 -4.41868764e-08 -3.82804899e-08\n -6.10067552e-08 -4.71400696e-08]", "hess_inv": "[[ 3.71422685 -0.30086831  2.41056373 -1.38475696 -0.25682369  0.90968164]\n [-0.30086831  3.42055618  0.40877697 -0.02650035  0.76254546 -1.88357198]\n [ 2.41056373  0.40877697  9.30984543 -2.02265743 -2.76296307  1.67367028]\n [-1.38475696 -0.02650035 -2.02265743  3.16413866  1.05192139 -0.64674791]\n [-0.25682369  0.76254546 -2.76296307  1.05192139  5.04821514 -3.37234692]\n [ 0.90968164 -1.88357198  1.67367028 -0.64674791 -3.37234692  7.91370885]]", "nfev": "189", "njev": "27", "status": "0", "success": "True", "message": "Optimization terminated successfully.", "x": "[1.61187653 1.52874105 5.50097301 1.11821038 4.72048622 3.71601073]", "nit": "23", "callback": [0.4999327054990087, 0.3658302497174303, 0.3429925255006415, 0.3361629119835502, 0.32387385385613676, 0.3017125945961584, 0.2785603251618851, 0.26344568391786183, 0.15927420476164156, 0.12825682450002263, 0.1015687808563086, 0.09652021883162931, 0.09402052910364, 0.09279316468662102, 0.0913488671707322, 0.09112580406514137, 0.09102940491217393, 0.09098278003405158, 0.09096459376124066, 0.09096281125527206, 0.09096274412003769, 0.09096274341329535, 0.0909627434068917]}, "5": {"maxiter": 100, "gtol": 1e-10, "xrtol": 1e-05, "eps": 1e-10, "duration": 0.055998802185058594, "fun": "0.09096274340287636", "jac": "[-2.22044587e-06  1.11022293e-06  1.11022293e-06 -3.33066880e-06\n  4.44089173e-06  2.22044587e-06]", "hess_inv": "[[ 3.82519855 -0.33611679  2.72224742 -1.49163046 -0.1481139   0.7647634 ]\n [-0.33611679  3.48227757  0.3558297   0.05160337  0.92323992 -1.86834997]\n [ 2.72224742  0.3558297  10.10938279 -2.19136871 -2.16262209  1.34742251]\n [-1.49163046  0.05160337 -2.19136871  3.09756397  0.9056147  -0.96372852]\n [-0.1481139   0.92323992 -2.16262209  0.9056147   5.64461165 -4.08040252]\n [ 0.7647634  -1.86834997  1.34742251 -0.96372852 -4.08040252  7.15139472]]", "nfev": "189", "njev": "27", "status": "0", "success": "True", "message": "Optimization terminated successfully.", "x": "[1.61187966 1.52875114 5.50097409 1.11821598 4.72050442 3.71600566]", "nit": "23", "callback": [0.49993198884663137, 0.3658118146648601, 0.3429924664850391, 0.33616206656999525, 0.32387171624820854, 0.301707431205644, 0.27856169302935907, 0.2634465264330843, 0.15930273543301543, 0.1282707256572927, 0.10153944547034299, 0.09651613545203408, 0.09402025598548025, 0.09279148537021042, 0.0913494118892183, 0.09112551795552504, 0.09102939219286155, 0.09098276648823067, 0.09096458277690422, 0.09096281194296651, 0.09096274427719331, 0.09096274342803745, 0.09096274340287636]}, "6": {"maxiter": 100, "gtol": 1e-10, "xrtol": 1e-10, "eps": 1e-05, "duration": 0.1292269229888916, "fun": "0.09096274340599408", "jac": "[ 1.53210777e-09 -4.21884749e-10 -8.32667269e-10  1.19904087e-09\n -9.99200722e-11  2.08721929e-09]", "hess_inv": "[[ 3.59185775 -0.18670137  2.32196056 -1.36203054 -0.26673913  0.77772537]\n [-0.18670137  3.314653    0.49284495 -0.04849209  0.77343596 -1.76388747]\n [ 2.32196056  0.49284495  9.24927824 -2.00659832 -2.77070774  1.5740665 ]\n [-1.36203054 -0.04849209 -2.00659832  3.16642288  1.03484764 -0.60304012]\n [-0.26673913  0.77343596 -2.77070774  1.03484764  5.10324166 -3.43747887]\n [ 0.77772537 -1.76388747  1.5740665  -0.60304012 -3.43747887  7.83043221]]", "nfev": "326", "njev": "45", "status": "2", "success": "False", "message": "Desired error not necessarily achieved due to precision loss.", "x": "[1.61187701 1.52874064 5.50097344 1.11821031 4.72048617 3.71601123]", "nit": "24", "callback": [0.4999327054990087, 0.3658302497174303, 0.3429925255006415, 0.3361629119835502, 0.32387385385613676, 0.3017125945961584, 0.2785603251618851, 0.26344568391786183, 0.15927420476164156, 0.12825682450002263, 0.1015687808563086, 0.09652021883162931, 0.09402052910364, 0.09279316468662102, 0.0913488671707322, 0.09112580406514137, 0.09102940491217393, 0.09098278003405158, 0.09096459376124066, 0.09096281125527206, 0.09096274412003769, 0.09096274341329535, 0.0909627434068917, 0.09096274340599408]}, "7": {"maxiter": 100, "gtol": 1e-10, "xrtol": 1e-10, "eps": 1e-10, "duration": 0.12745094299316406, "fun": "0.09096274339719157", "jac": "[1.11022293e-06 2.22044587e-06 1.11022293e-06 2.22044587e-06\n 2.22044587e-06 3.33066880e-06]", "hess_inv": "[[ 0.02167457 -0.00469304 -0.0208185   0.0201485  -0.00611447 -0.0095834 ]\n [-0.00469304  0.00318131 -0.00371937 -0.0001902   0.00295801  0.00097956]\n [-0.0208185  -0.00371937  0.09061671 -0.06165564 -0.02916986  0.0266749 ]\n [ 0.0201485  -0.0001902  -0.06165564  0.04478225  0.01714975 -0.01987878]\n [-0.00611447  0.00295801 -0.02916986  0.01714975  0.02561934 -0.0081482 ]\n [-0.0095834   0.00097956  0.0266749  -0.01987878 -0.0081482   0.01001479]]", "nfev": "322", "njev": "46", "status": "0", "success": "True", "message": "Optimization terminated successfully.", "x": "[1.61187969 1.52874796 5.50097138 1.11822284 4.72049685 3.71600973]", "nit": "32", "callback": [0.49993198884663137, 0.3658118146648601, 0.3429924664850391, 0.33616206656999525, 0.32387171624820854, 0.301707431205644, 0.27856169302935907, 0.2634465264330843, 0.15930273543301543, 0.1282707256572927, 0.10153944547034299, 0.09651613545203408, 0.09402025598548025, 0.09279148537021042, 0.0913494118892183, 0.09112551795552504, 0.09102939219286155, 0.09098276648823067, 0.09096458277690422, 0.09096281194296651, 0.09096274427719331, 0.09096274342803745, 0.09096274340287636, 0.09096274339789845, 0.09096274339788357, 0.09096274339787047, 0.09096274339785793, 0.0909627433978395, 0.09096274339769961, 0.09096274339749111, 0.09096274339719157, 0.09096274339719157]}, "8": {"maxiter": 500, "gtol": 1e-05, "xrtol": 1e-05, "eps": 1e-05, "duration": 0.06499814987182617, "fun": "0.09096274341329535", "jac": "[ 6.40476561e-07 -2.03416173e-06  1.06060716e-06 -8.66573480e-07\n  2.33991715e-06  5.14366327e-08]", "hess_inv": "[[ 3.79217617 -0.29941252  2.66646786 -1.49956044 -0.10671423  0.63651261]\n [-0.29941252  3.35325176  0.22463821  0.04798213  0.68851289 -1.61303159]\n [ 2.66646786  0.22463821  9.61990365 -2.1845544  -2.48574588  1.55026134]\n [-1.49956044  0.04798213 -2.1845544   3.24601614  0.91828378 -0.55811937]\n [-0.10671423  0.68851289 -2.48574588  0.91828378  5.24960355 -3.58384576]\n [ 0.63651261 -1.61303159  1.55026134 -0.55811937 -3.58384576  7.74259066]]", "nfev": "182", "njev": "26", "status": "0", "success": "True", "message": "Optimization terminated successfully.", "x": "[1.61188272 1.52873605 5.50097898 1.11820709 4.7204923  3.71600999]", "nit": "22", "callback": [0.4999327054990087, 0.3658302497174303, 0.3429925255006415, 0.3361629119835502, 0.32387385385613676, 0.3017125945961584, 0.2785603251618851, 0.26344568391786183, 0.15927420476164156, 0.12825682450002263, 0.1015687808563086, 0.09652021883162931, 0.09402052910364, 0.09279316468662102, 0.0913488671707322, 0.09112580406514137, 0.09102940491217393, 0.09098278003405158, 0.09096459376124066, 0.09096281125527206, 0.09096274412003769, 0.09096274341329535]}, "9": {"maxiter": 500, "gtol": 1e-05, "xrtol": 1e-05, "eps": 1e-10, "duration": 0.05396223068237305, "fun": "0.09096274342803745", "jac": "[ 1.11022293e-06 -2.22044587e-06 -2.22044587e-06 -3.33066880e-06\n -5.55111466e-06 -5.55111466e-06]", "hess_inv": "[[ 3.82520877 -0.33107036  2.73132263 -1.49766985 -0.13895681  0.73909843]\n [-0.33107036  3.38598219  0.16676753  0.04690321  0.72572817 -1.70549193]\n [ 2.73132263  0.16676753  9.74071076 -2.1815414  -2.54678947  1.71910223]\n [-1.49766985  0.04690321 -2.1815414   3.24117119  0.92328877 -0.56378436]\n [-0.13895681  0.72572817 -2.54678947  0.92328877  5.24468175 -3.671924  ]\n [ 0.73909843 -1.70549193  1.71910223 -0.56378436 -3.671924    7.94425995]]", "nfev": "182", "njev": "26", "status": "0", "success": "True", "message": "Optimization terminated successfully.", "x": "[1.61188015 1.52874732 5.5009657  1.11820908 4.7204953  3.71599383]", "nit": "22", "callback": [0.49993198884663137, 0.3658118146648601, 0.3429924664850391, 0.33616206656999525, 0.32387171624820854, 0.301707431205644, 0.27856169302935907, 0.2634465264330843, 0.15930273543301543, 0.1282707256572927, 0.10153944547034299, 0.09651613545203408, 0.09402025598548025, 0.09279148537021042, 0.0913494118892183, 0.09112551795552504, 0.09102939219286155, 0.09098276648823067, 0.09096458277690422, 0.09096281194296651, 0.09096274427719331, 0.09096274342803745]}, "10": {"maxiter": 500, "gtol": 1e-05, "xrtol": 1e-10, "eps": 1e-05, "duration": 0.059880971908569336, "fun": "0.09096274341329535", "jac": "[ 6.40476561e-07 -2.03416173e-06  1.06060716e-06 -8.66573480e-07\n  2.33991715e-06  5.14366327e-08]", "hess_inv": "[[ 3.79217617 -0.29941252  2.66646786 -1.49956044 -0.10671423  0.63651261]\n [-0.29941252  3.35325176  0.22463821  0.04798213  0.68851289 -1.61303159]\n [ 2.66646786  0.22463821  9.61990365 -2.1845544  -2.48574588  1.55026134]\n [-1.49956044  0.04798213 -2.1845544   3.24601614  0.91828378 -0.55811937]\n [-0.10671423  0.68851289 -2.48574588  0.91828378  5.24960355 -3.58384576]\n [ 0.63651261 -1.61303159  1.55026134 -0.55811937 -3.58384576  7.74259066]]", "nfev": "182", "njev": "26", "status": "0", "success": "True", "message": "Optimization terminated successfully.", "x": "[1.61188272 1.52873605 5.50097898 1.11820709 4.7204923  3.71600999]", "nit": "22", "callback": [0.4999327054990087, 0.3658302497174303, 0.3429925255006415, 0.3361629119835502, 0.32387385385613676, 0.3017125945961584, 0.2785603251618851, 0.26344568391786183, 0.15927420476164156, 0.12825682450002263, 0.1015687808563086, 0.09652021883162931, 0.09402052910364, 0.09279316468662102, 0.0913488671707322, 0.09112580406514137, 0.09102940491217393, 0.09098278003405158, 0.09096459376124066, 0.09096281125527206, 0.09096274412003769, 0.09096274341329535]}, "11": {"maxiter": 500, "gtol": 1e-05, "xrtol": 1e-10, "eps": 1e-10, "duration": 0.054308176040649414, "fun": "0.09096274342803745", "jac": "[ 1.11022293e-06 -2.22044587e-06 -2.22044587e-06 -3.33066880e-06\n -5.55111466e-06 -5.55