{"date": "2024/10/08/, 15:58:37", "conf_id": 10, "data_type": "random\n", "num_data_points": 1, "s_rank": 0, "unitary": "[[-0.45070455-0.02711853j,0.78437395-0.06613086j,0.06358678+0.19963393j,-0.07343613+0.35668523j],[-0.01890143-0.03813363j,0.32408202+0.25557629j,0.05872864-0.68979805j,0.55466693-0.20227297j],[-0.11215405+0.64023111j,-0.13344055+0.29565494j,-0.49012687-0.19046288j,-0.04241254+0.44046348j],[0.55771659+0.24656916j,0.31851997-0.05798805j,0.28761525-0.34294258j,-0.56718418+0.03616933j]]", "databatch_0": {"databatch": "[[[-0.22050833-0.13826777j,0.0007044-0.09354267j,-0.06469118+0.08001349j,-0.03834947-0.1512912j],[0.12055698-0.04461869j,-0.04450315-0.04520032j,0.04984929-0.12202348j,-0.43594289+0.28089956j],[-0.43069217-0.00074036j,0.13286521+0.06579084j,-0.07559421-0.13850831j,-0.16257475+0.1837869j],[0.00874133-0.10409884j,0.14590901+0.38376716j,0.12654374-0.23992015j,0.18284941-0.05111795j]]]", "initial param values": "[0.7800365,1.94210651,4.60301046,0.21017104,4.36750492,4.79752247]", "nelder_mead": {"type": "gradient-free", "0": {"maxiter": 100, "fatol": 1e-05, "xatol": 1e-05, "duration": 0.06673884391784668, "fun": "0.5202288819862219", "nit": "100", "nfev": "155", "status": "2", "success": "False", "message": "Maximum number of iterations has been exceeded.", "x": "[1.64021232 1.20034564 6.21970421 0.6158567  4.25789689 4.90181765]", "final_simplex": "(array([[1.64021232, 1.20034564, 6.21970421, 0.6158567 , 4.25789689,\n        4.90181765],\n       [1.58936077, 1.09623777, 6.30796061, 0.59414834, 4.3558056 ,\n        4.76522979],\n       [1.73626587, 0.97847536, 6.42146441, 0.65639541, 4.26394321,\n        4.76604328],\n       [1.66259562, 1.119496  , 6.29806418, 0.60962612, 4.28009516,\n        4.69816759],\n       [1.70149328, 0.98168599, 6.29011247, 0.6435864 , 4.26145925,\n        4.91612017],\n       [1.55529169, 1.02095606, 6.30653233, 0.59704726, 4.18607935,\n        4.74400733],\n       [1.61429393, 0.97811693, 6.48580511, 0.59949424, 4.21265117,\n        4.82481433]]), array([0.52022888, 0.52063885, 0.52338329, 0.52510162, 0.5258074 ,\n       0.52649055, 0.52776821]))", "callback": [0.7796410053581997, 0.7180747274070276, 0.651226045542985, 0.6431640886506218, 0.6269669418416292, 0.6247686307303192, 0.6087448744156589, 0.5735420826890792, 0.538932661315429, 0.5285733008251291]}, "1": {"maxiter": 100, "fatol": 1e-05, "xatol": 1e-10, "duration": 0.04827690124511719, "fun": "0.5202288819862219", "nit": "100", "nfev": "155", "status": "2", "success": "False", "message": "Maximum number of iterations has been exceeded.", "x": "[1.64021232 1.20034564 6.21970421 0.6158567  4.25789689 4.90181765]", "final_simplex": "(array([[1.64021232, 1.20034564, 6.21970421, 0.6158567 , 4.25789689,\n        4.90181765],\n       [1.58936077, 1.09623777, 6.30796061, 0.59414834, 4.3558056 ,\n        4.76522979],\n       [1.73626587, 0.97847536, 6.42146441, 0.65639541, 4.26394321,\n        4.76604328],\n       [1.66259562, 1.119496  , 6.29806418, 0.60962612, 4.28009516,\n        4.69816759],\n       [1.70149328, 0.98168599, 6.29011247, 0.6435864 , 4.26145925,\n        4.91612017],\n       [1.55529169, 1.02095606, 6.30653233, 0.59704726, 4.18607935,\n        4.74400733],\n       [1.61429393, 0.97811693, 6.48580511, 0.59949424, 4.21265117,\n        4.82481433]]), array([0.52022888, 0.52063885, 0.52338329, 0.52510162, 0.5258074 ,\n       0.52649055, 0.52776821]))", "callback": [0.7796410053581997, 0.7180747274070276, 0.651226045542985, 0.6431640886506218, 0.6269669418416292, 0.6247686307303192, 0.6087448744156589, 0.5735420826890792, 0.538932661315429, 0.5285733008251291]}, "2": {"maxiter": 100, "fatol": 1e-10, "xatol": 1e-05, "duration": 0.04475712776184082, "fun": "0.5202288819862219", "nit": "100", "nfev": "155", "status": "2", "success": "False", "message": "Maximum number of iterations has been exceeded.", "x": "[1.64021232 1.20034564 6.21970421 0.6158567  4.25789689 4.90181765]", "final_simplex": "(array([[1.64021232, 1.20034564, 6.21970421, 0.6158567 , 4.25789689,\n        4.90181765],\n       [1.58936077, 1.09623777, 6.30796061, 0.59414834, 4.3558056 ,\n        4.76522979],\n       [1.73626587, 0.97847536, 6.42146441, 0.65639541, 4.26394321,\n        4.76604328],\n       [1.66259562, 1.119496  , 6.29806418, 0.60962612, 4.28009516,\n        4.69816759],\n       [1.70149328, 0.98168599, 6.29011247, 0.6435864 , 4.26145925,\n        4.91612017],\n       [1.55529169, 1.02095606, 6.30653233, 0.59704726, 4.18607935,\n        4.74400733],\n       [1.61429393, 0.97811693, 6.48580511, 0.59949424, 4.21265117,\n        4.82481433]]), array([0.52022888, 0.52063885, 0.52338329, 0.52510162, 0.5258074 ,\n       0.52649055, 0.52776821]))", "callback": [0.7796410053581997, 0.7180747274070276, 0.651226045542985, 0.6431640886506218, 0.6269669418416292, 0.6247686307303192, 0.6087448744156589, 0.5735420826890792, 0.538932661315429, 0.5285733008251291]}, "3": {"maxiter": 100, "fatol": 1e-10, "xatol": 1e-10, "duration": 0.05049610137939453, "fun": "0.5202288819862219", "nit": "100", "nfev": "155", "status": "2", "success": "False", "message": "Maximum number of iterations has been exceeded.", "x": "[1.64021232 1.20034564 6.21970421 0.6158567  4.25789689 4.90181765]", "final_simplex": "(array([[1.64021232, 1.20034564, 6.21970421, 0.6158567 , 4.25789689,\n        4.90181765],\n       [1.58936077, 1.09623777, 6.30796061, 0.59414834, 4.3558056 ,\n        4.76522979],\n       [1.73626587, 0.97847536, 6.42146441, 0.65639541, 4.26394321,\n        4.76604328],\n       [1.66259562, 1.119496  , 6.29806418, 0.60962612, 4.28009516,\n        4.69816759],\n       [1.70149328, 0.98168599, 6.29011247, 0.6435864 , 4.26145925,\n        4.91612017],\n       [1.55529169, 1.02095606, 6.30653233, 0.59704726, 4.18607935,\n        4.74400733],\n       [1.61429393, 0.97811693, 6.48580511, 0.59949424, 4.21265117,\n        4.82481433]]), array([0.52022888, 0.52063885, 0.52338329, 0.52510162, 0.5258074 ,\n       0.52649055, 0.52776821]))", "callback": [0.7796410053581997, 0.7180747274070276, 0.651226045542985, 0.6431640886506218, 0.6269669418416292, 0.6247686307303192, 0.6087448744156589, 0.5735420826890792, 0.538932661315429, 0.5285733008251291]}, "4": {"maxiter": 500, "fatol": 1e-05, "xatol": 1e-05, "duration": 0.1683971881866455, "fun": "0.34016922783543135", "nit": "336", "nfev": "544", "status": "0", "success": "True", "message": "Optimization terminated successfully.", "x": "[1.30784154 0.72801754 5.83200115 1.8665791  4.68073142 4.45558061]", "final_simplex": "(array([[1.30784154, 0.72801754, 5.83200115, 1.8665791 , 4.68073142,\n        4.45558061],\n       [1.30784608, 0.72801297, 5.83200318, 1.86658211, 4.68073449,\n        4.45558153],\n       [1.30784366, 0.72801195, 5.83199386, 1.86658309, 4.68073625,\n        4.45557137],\n       [1.30784551, 0.72801793, 5.83200708, 1.86658001, 4.68072887,\n        4.45557978],\n       [1.30784221, 0.72800927, 5.83199983, 1.8665833 , 4.68073466,\n        4.45557409],\n       [1.30783983, 0.72801705, 5.83199361, 1.8665855 , 4.68073523,\n        4.45557717],\n       [1.30784104, 0.72801383, 5.83200292, 1.86658102, 4.68073585,\n        4.45558004]]), array([0.34016923, 0.34016923, 0.34016923, 0.34016923, 0.34016923,\n       0.34016923, 0.34016923]))", "callback": [0.7796410053581997, 0.7180747274070276, 0.651226045542985, 0.6431640886506218, 0.6269669418416292, 0.6247686307303192, 0.6087448744156589, 0.5735420826890792, 0.538932661315429, 0.5285733008251291, 0.5202288819862219, 0.5150794792170783, 0.5014644057010091, 0.4658124124753469, 0.41099235499271414, 0.3640293540907187, 0.35273686623979184, 0.3444929038683744, 0.3427117680778238, 0.3411649338911139, 0.34036646271063675, 0.340221873624277, 0.3401880090958507, 0.3401768598182281, 0.3401716918958366, 0.34016964354132606, 0.34016931110111925, 0.3401692456586277, 0.3401692332179922, 0.3401692290489444, 0.3401692280648094, 0.34016922787279247, 0.34016922784535153, 0.3401692278371775]}, "5": {"maxiter": 500, "fatol": 1e-05, "xatol": 1e-10, "duration": 0.25362491607666016, "fun": "0.3401692278323607", "nit": "432", "nfev": "760", "status": "0", "success": "True", "message": "Optimization terminated successfully.", "x": "[1.30784487 0.72801538 5.83199822 1.86658189 4.6807339  4.45557876]", "final_simplex": "(array([[1.30784487, 0.72801538, 5.83199822, 1.86658189, 4.6807339 ,\n        4.45557876],\n       [1.30784487, 0.72801538, 5.83199822, 1.86658189, 4.6807339 ,\n        4.45557876],\n       [1.30784487, 0.72801538, 5.83199822, 1.86658189, 4.6807339 ,\n        4.45557876],\n       [1.30784487, 0.72801538, 5.83199822, 1.86658189, 4.6807339 ,\n        4.45557876],\n       [1.30784487, 0.72801538, 5.83199822, 1.86658189, 4.6807339 ,\n        4.45557876],\n       [1.30784487, 0.72801538, 5.83199822, 1.86658189, 4.6807339 ,\n        4.45557876],\n       [1.30784487, 0.72801538, 5.83199822, 1.86658189, 4.6807339 ,\n        4.45557876]]), array([0.34016923, 0.34016923, 0.34016923, 0.34016923, 0.34016923,\n       0.34016923, 0.34016923]))", "callback": [0.7796410053581997, 0.7180747274070276, 0.651226045542985, 0.6431640886506218, 0.6269669418416292, 0.6247686307303192, 0.6087448744156589, 0.5735420826890792, 0.538932661315429, 0.5285733008251291, 0.5202288819862219, 0.5150794792170783, 0.5014644057010091, 0.4658124124753469, 0.41099235499271414, 0.3640293540907187, 0.35273686623979184, 0.3444929038683744, 0.3427117680778238, 0.3411649338911139, 0.34036646271063675, 0.340221873624277, 0.3401880090958507, 0.3401768598182281, 0.3401716918958366, 0.34016964354132606, 0.34016931110111925, 0.3401692456586277, 0.3401692332179922, 0.3401692290489444, 0.3401692280648094, 0.34016922787279247, 0.34016922784535153, 0.3401692278371775, 0.34016922783336556, 0.34016922783258885, 0.34016922783242465, 0.34016922783237713, 0.34016922783236403, 0.3401692278323616, 0.3401692278323609, 0.3401692278323609, 0.3401692278323607, 0.3401692278323607]}, "6": {"maxiter": 500, "fatol": 1e-10, "xatol": 1e-05, "duration": 0.17869901657104492, "fun": "0.34016922783543135", "nit": "336", "nfev": "544", "status": "0", "success": "True", "message": "Optimization terminated successfully.", "x": "[1.30784154 0.72801754 5.83200115 1.8665791  4.68073142 4.45558061]", "final_simplex": "(array([[1.30784154, 0.72801754, 5.83200115, 1.8665791 , 4.68073142,\n        4.45558061],\n       [1.30784608, 0.72801297, 5.83200318, 1.86658211, 4.68073449,\n        4.45558153],\n       [1.30784366, 0.72801195, 5.83199386, 1.86658309, 4.68073625,\n        4.45557137],\n       [1.30784551, 0.72801793, 5.83200708, 1.86658001, 4.68072887,\n        4.45557978],\n       [1.30784221, 0.72800927, 5.83199983, 1.8665833 , 4.68073466,\n        4.45557409],\n       [1.30783983, 0.72801705, 5.83199361, 1.8665855 , 4.68073523,\n        4.45557717],\n       [1.30784104, 0.72801383, 5.83200292, 1.86658102, 4.68073585,\n        4.45558004]]), array([0.34016923, 0.34016923, 0.34016923, 0.34016923, 0.34016923,\n       0.34016923, 0.34016923]))", "callback": [0.7796410053581997, 0.7180747274070276, 0.651226045542985, 0.6431640886506218, 0.6269669418416292, 0.6247686307303192, 0.6087448744156589, 0.5735420826890792, 0.538932661315429, 0.5285733008251291, 0.5202288819862219, 0.5150794792170783, 0.5014644057010091, 0.4658124124753469, 0.41099235499271414, 0.3640293540907187, 0.35273686623979184, 0.3444929038683744, 0.3427117680778238, 0.3411649338911139, 0.34036646271063675, 0.340221873624277, 0.3401880090958507, 0.3401768598182281, 0.3401716918958366, 0.34016964354132606, 0.34016931110111925, 0.3401692456586277, 0.3401692332179922, 0.3401692290489444, 0.3401692280648094, 0.34016922787279247, 0.34016922784535153, 0.3401692278371775]}, "7": {"maxiter": 500, "fatol": 1e-10, "xatol": 1e-10, "duration": 0.24870896339416504, "fun": "0.3401692278323607", "nit": "432", "nfev": "760", "status": "0", "success": "True", "message": "Optimization terminated successfully.", "x": "[1.30784487 0.72801538 5.83199822 1.86658189 4.6807339  4.45557876]", "final_simplex": "(array([[1.30784487, 0.72801538, 5.83199822, 1.86658189, 4.6807339 ,\n        4.45557876],\n       [1.30784487, 0.72801538, 5.83199822, 1.86658189, 4.6807339 ,\n        4.45557876],\n       [1.30784487, 0.72801538, 5.83199822, 1.86658189, 4.6807339 ,\n        4.45557876],\n       [1.30784487, 0.72801538, 5.83199822, 1.86658189, 4.6807339 ,\n        4.45557876],\n       [1.30784487, 0.72801538, 5.83199822, 1.86658189, 4.6807339 ,\n        4.45557876],\n       [1.30784487, 0.72801538, 5.83199822, 1.86658189, 4.6807339 ,\n        4.45557876],\n       [1.30784487, 0.72801538, 5.83199822, 1.86658189, 4.6807339 ,\n        4.45557876]]), array([0.34016923, 0.34016923, 0.34016923, 0.34016923, 0.34016923,\n       0.34016923, 0.34016923]))", "callback": [0.7796410053581997, 0.7180747274070276, 0.651226045542985, 0.6431640886506218, 0.6269669418416292, 0.6247686307303192, 0.6087448744156589, 0.5735420826890792, 0.538932661315429, 0.5285733008251291, 0.5202288819862219, 0.5150794792170783, 0.5014644057010091, 0.4658124124753469, 0.41099235499271414, 0.3640293540907187, 0.35273686623979184, 0.3444929038683744, 0.3427117680778238, 0.3411649338911139, 0.34036646271063675, 0.340221873624277, 0.3401880090958507, 0.3401768598182281, 0.3401716918958366, 0.34016964354132606, 0.34016931110111925, 0.3401692456586277, 0.3401692332179922, 0.3401692290489444, 0.3401692280648094, 0.34016922787279247, 0.34016922784535153, 0.3401692278371775, 0.34016922783336556, 0.34016922783258885, 0.34016922783242465, 0.34016922783237713, 0.34016922783236403, 0.3401692278323616, 0.3401692278323609, 0.3401692278323609, 0.3401692278323607, 0.3401692278323607]}, "8": {"maxiter": 1000, "fatol": 1e-05, "xatol": 1e-05, "duration": 0.17271089553833008, "fun": "0.34016922783543135", "nit": "336", "nfev": "544", "status": "0", "success": "True", "message": "Optimization terminated successfully.", "x": "[1.30784154 0.72801754 5.83200115 1.8665791  4.68073142 4.45558061]", "final_simplex": "(array([[1.30784154, 0.72801754, 5.83200115, 1.8665791 , 4.68073142,\n        4.45558061],\n       [1.30784608, 0.72801297, 5.83200318, 1.86658211, 4.68073449,\n        4.45558153],\n       [1.30784366, 0.72801195, 5.83199386, 1.86658309, 4.68073625,\n        4.45557137],\n       [1.30784551, 0.72801793, 5.83200708, 1.86658001, 4.68072887,\n        4.45557978],\n       [1.30784221, 0.72800927, 5.83199983, 1.8665833 , 4.68073466,\n        4.45557409],\n       [1.30783983, 0.72801705, 5.83199361, 1.8665855 , 4.68073523,\n        4.45557717],\n       [1.30784104, 0.72801383, 5.83200292, 1.86658102, 4.68073585,\n        4.45558004]]), array([0.34016923, 0.34016923, 0.34016923, 0.34016923, 0.34016923,\n       0.34016923, 0.34016923]))", "callback": [0.7796410053581997, 0.7180747274070276, 0.651226045542985, 0.6431640886506218, 0.6269669418416292, 0.6247686307303192, 0.6087448744156589, 0.5735420826890792, 0.538932661315429, 0.5285733008251291, 0.5202288819862219, 0.5150794792170783, 0.5014644057010091, 0.4658124124753469, 0.41099235499271414, 0.3640293540907187, 0.35273686623979184, 0.3444929038683744, 0.3427117680778238, 0.3411649338911139, 0.34036646271063675, 0.340221873624277, 0.3401880090958507, 0.3401768598182281, 0.3401716918958366, 0.34016964354132606, 0.34016931110111925, 0.3401692456586277, 0.3401692332179922, 0.3401692290489444, 0.3401692280648094, 0.34016922787279247, 0.34016922784535153, 0.3401692278371775]}, "9": {"maxiter": 1000, "fatol": 1e-05, "xatol": 1e-10, "duration": 0.235825777053833, "fun": "0.3401692278323607", "nit": "432", "nfev": "760", "status": "0", "success": "True", "message": "Optimization terminated successfully.", "x": "[1.30784487 0.72801538 5.83199822 1.86658189 4.6807339  4.45557876]", "final_simplex": "(array([[1.30784487, 0.72801538, 5.83199822, 1.86658189, 4.6807339 ,\n        4.45557876],\n       [1.30784487, 0.72801538, 5.83199822, 1.86658189, 4.6807339 ,\n        4.45557876],\n       [1.30784487, 0.72801538, 5.83199822, 1.86658189, 4.6807339 ,\n        4.45557876],\n       [1.30784487, 0.72801538, 5.83199822, 1.86658189, 4.6807339 ,\n        4.45557876],\n       [1.30784487, 0.72801538, 5.83199822, 1.86658189, 4.6807339 ,\n        4.45557876],\n       [1.30784487, 0.72801538, 5.83199822, 1.86658189, 4.6807339 ,\n        4.45557876],\n       [1.30784487, 0.72801538, 5.83199822, 1.86658189, 4.6807339 ,\n        4.45557876]]), array([0.34016923, 0.34016923, 0.34016923, 0.34016923, 0.34016923,\n       0.34016923, 0.34016923]))", "callback": [0.7796410053581997, 0.7180747274070276, 0.651226045542985, 0.6431640886506218, 0.6269669418416292, 0.6247686307303192, 0.6087448744156589, 0.5735420826890792, 0.538932661315429, 0.5285733008251291, 0.5202288819862219, 0.5150794792170783, 0.5014644057010091, 0.4658124124753469, 0.41099235499271414, 0.3640293540907187, 0.35273686623979184, 0.3444929038683744, 0.3427117680778238, 0.3411649338911139, 0.34036646271063675, 0.340221873624277, 0.3401880090958507, 0.3401768598182281, 0.3401716918958366, 0.34016964354132606, 0.34016931110111925, 0.3401692456586277, 0.3401692332179922, 0.3401692290489444, 0.3401692280648094, 0.34016922787279247, 0.34016922784535153, 0.3401692278371775, 0.34016922783336556, 0.34016922783258885, 0.34016922783242465, 0.34016922783237713, 0.34016922783236403, 0.3401692278323616, 0.3401692278323609, 0.3401692278323609, 0.3401692278323607, 0.3401692278323607]}, "10": {"maxiter": 1000, "fatol": 1e-10, "xatol": 1e-05, "duration": 0.17503905296325684, "fun": "0.34016922783543135", "nit": "336", "nfev": "544", "status": "0", "success": "True", "message": "Optimization terminated successfully.", "x": "[1.30784154 0.72801754 5.83200115 1.8665791  4.68073142 4.45558061]", "final_simplex": "(array([[1.30784154, 0.72801754, 5.83200115, 1.8665791 , 4.68073142,\n        4.45558061],\n       [1.30784608, 0.72801297, 5.83200318, 1.86658211, 4.68073449,\n        4.45558153],\n       [1.30784366, 0.72801195, 5.83199386, 1.86658309, 4.68073625,\n        4.45557137],\n       [1.30784551, 0.72801793, 5.83200708, 1.86658001, 4.68072887,\n        4.45557978],\n       [1.30784221, 0.72800927, 5.83199983, 1.8665833 , 4.68073466,\n        4.45557409],\n       [1.30783983, 0.72801705, 5.83199361, 1.8665855 , 4.68073523,\n        4.45557717],\n       [1.30784104, 0.72801383, 5.83200292, 1.86658102, 4.68073585,\n        4.45558004]]), array([0.34016923, 0.34016923, 0.34016923, 0.34016923, 0.34016923,\n       0.34016923, 0.34016923]))", "callback": [0.7796410053581997, 0.7180747274070276, 0.651226045542985, 0.6431640886506218, 0.6269669418416292, 0.6247686307303192, 0.6087448744156589, 0.5735420826890792, 0.538932661315429, 0.5285733008251291, 0.5202288819862219, 0.5150794792170783, 0.5014644057010091, 0.4658124124753469, 0.41099235499271414, 0.3640293540907187, 0.35273686623979184, 0.3444929038683744, 0.3427117680778238, 0.3411649338911139, 0.34036646271063675, 0.340221873624277, 0.3401880090958507, 0.3401768598182281, 0.3401716918958366, 0.34016964354132606, 0.34016931110111925, 0.3401692456586277, 0.3401692332179922, 0.3401692290489444, 0.3401692280648094, 0.34016922787279247, 0.34016922784535153, 0.3401692278371775]}, "11": {"maxiter": 1000, "fatol": 1e-10, "xatol": 1e-10, "duration": 0.22710871696472168, "fun": "0.3401692278323607", "nit": "432", "nfev": "760", "status": "0", "success": "True", "message": "Optimization terminated successfully.", "x": "[1.30784487 0.72801538 5.83199822 1.86658189 4.6807339  4.45557876]", "final_simplex": "(array([[1.30784487, 0.72801538, 5.83199822, 1.86658189, 4.6807339 ,\n        4.45557876],\n       [1.30784487, 0.72801538, 5.83199822, 1.86658189, 4.6807339 ,\n        4.45557876],\n       [1.30784487, 0.72801538, 5.83199822, 1.86658189, 4.6807339 ,\n        4.45557876],\n       [1.30784487, 0.72801538, 5.83199822, 1.86658189, 4.6807339 ,\n        4.45557876],\n       [1.30784487, 0.72801538, 5.83199822, 1.86658189, 4.6807339 ,\n        4.45557876],\n       [1.30784487, 0.72801538, 5.83199822, 1.86658189, 4.6807339 ,\n        4.45557876],\n       [1.30784487, 0.72801538, 5.83199822, 1.86658189, 4.6807339 ,\n        4.45557876]]), array([0.34016923, 0.34016923, 0.34016923, 0.34016923, 0.34016923,\n       0.34016923, 0.34016923]))", "callback": [0.7796410053581997, 0.7180747274070276, 0.651226045542985, 0.6431640886506218, 0.6269669418416292, 0.6247686307303192, 0.6087448744156589, 0.5735420826890792, 0.538932661315429, 0.5285733008251291, 0.5202288819862219, 0.5150794792170783, 0.5014644057010091, 0.4658124124753469, 0.41099235499271414, 0.3640293540907187, 0.35273686623979184, 0.3444929038683744, 0.3427117680778238, 0.3411649338911139, 0.34036646271063675, 0.340221873624277, 0.3401880090958507, 0.3401768598182281, 0.3401716918958366, 0.34016964354132606, 0.34016931110111925, 0.3401692456586277, 0.3401692332179922, 0.3401692290489444, 0.3401692280648094, 0.34016922787279247, 0.34016922784535153, 0.3401692278371775, 0.34016922783336556, 0.34016922783258885, 0.34016922783242465, 0.34016922783237713, 0.34016922783236403, 0.3401692278323616, 0.3401692278323609, 0.3401692278323609, 0.3401692278323607, 0.3401692278323607]}}, "bfgs": {"type": "gradient", "0": {"maxiter": 100, "gtol": 1e-05, "xrtol": 1e-05, "eps": 1e-05, "duration": 0.04604291915893555, "fun": "0.34016922796914706", "jac": "[ 1.78171922e-06  3.36780603e-06 -1.73407955e-06  2.44424481e-06\n  3.31019656e-06 -6.60060895e-07]", "hess_inv": "[[ 3.21786378  0.31594882  1.33127737 -0.91033359 -0.3494477   0.91010135]\n [ 0.31594882  6.8320024   2.51308612 -3.28641685 -3.44048888  4.06137898]\n [ 1.33127737  2.51308612  7.44066604 -2.82272932 -3.155005    3.80763565]\n [-0.91033359 -3.28641685 -2.82272932  5.29723155  1.79452108 -2.6094986 ]\n [-0.3494477  -3.44048888 -3.155005    1.79452108  5.27327668 -1.76560872]\n [ 0.91010135  4.06137898  3.80763565 -2.6094986  -1.76560872  6.50861318]]", "nfev": "154", "njev": "22", "status": "0", "success": "True", "message": "Optimization terminated successfully.", "x": "[1.30783842 0.72799832 5.83194577 1.8666097  4.68076533 4.45554841]", "nit": "20", "callback": [0.5405096467432099, 0.4971678399942262, 0.43496584569731167, 0.40095410077502924, 0.3734401304819105, 0.35353866026384617, 0.3490132646385793, 0.34721313205201954, 0.34568148500112206, 0.34319817075106984, 0.34060029079530163, 0.3402109678093912, 0.3401785515776755, 0.34017222087772103, 0.3401694835006872, 0.34016925604369685, 0.340169233169482, 0.34016923025751267, 0.3401692284840081, 0.34016922796914706]}, "1": {"maxiter": 100, "gtol": 1e-05, "xrtol": 1e-05, "eps": 1e-10, "duration": 0.048665761947631836, "fun": "0.3401692279871419", "jac": "[ 1.11022293e-06  2.22044587e-06 -5.55111466e-06  1.11022293e-06\n  0.00000000e+00  0.00000000e+00]", "hess_inv": "[[ 2.90384439  0.22733111  1.06172419 -0.92624743 -0.11258926  0.86177937]\n [ 0.22733111  6.51777624  1.96980451 -2.86657646 -3.11693285  3.71820036]\n [ 1.06172419  1.96980451  7.04654642 -2.61484876 -2.8724233   3.70371416]\n [-0.92624743 -2.86657646 -2.61484876  4.97974806  1.787778   -2.31389892]\n [-0.11258926 -3.11693285 -2.8724233   1.787778    5.38286413 -1.49810512]\n [ 0.86177937  3.71820036  3.70371416 -2.31389892 -1.49810512  6.52095499]]", "nfev": "154", "njev": "22", "status": "0", "success": "True", "message": "Optimization terminated successfully.", "x": "[1.30784103 0.72800471 5.83194163 1.86660719 4.6807607  4.45555235]", "nit": "20", "callback": [0.5405099819481834, 0.49716849878357705, 0.43496652265469726, 0.40095436911037263, 0.37344085896029056, 0.3535394208711121, 0.34901371417607496, 0.347213910864997, 0.34568233697319506, 0.34319900879993637, 0.340600964183451, 0.3402109804914294, 0.34017854986321383, 0.3401722262339061, 0.34016948393371993, 0.3401692581816902, 0.3401692339211332, 0.3401692307523858, 0.34016922885614065, 0.3401692279871419]}, "2": {"maxiter": 100, "gtol": 1e-05, "xrtol": 1e-10, "eps": 1e-05, "duration": 0.05592966079711914, "fun": "0.34016922796914706", "jac": "[ 1.78171922e-06  3.36780603e-06 -1.73407955e-06  2.44424481e-06\n  3.31019656e-06 -6.60060895e-07]", "hess_inv": "[[ 3.21786378  0.31594882  1.33127737 -0.91033359 -0.3494477   0.91010135]\n [ 0.31594882  6.8320024   2.51308612 -3.28641685 -3.44048888  4.06137898]\n [ 1.33127737  2.51308612  7.44066604 -2.82272932 -3.155005    3.80763565]\n [-0.91033359 -3.28641685 -2.82272932  5.29723155  1.79452108 -2.6094986 ]\n [-0.3494477  -3.44048888 -3.155005    1.79452108  5.27327668 -1.76560872]\n [ 0.91010135  4.06137898  3.80763565 -2.6094986  -1.76560872  6.50861318]]", "nfev": "154", "njev": "22", "status": "0", "success": "True", "message": "Optimization terminated successfully.", "x": "[1.30783842 0.72799832 5.83194577 1.8666097  4.68076533 4.45554841]", "nit": "20", "callback": [0.5405096467432099, 0.4971678399942262, 0.43496584569731167, 0.40095410077502924, 0.3734401304819105, 0.35353866026384617, 0.3490132646385793, 0.34721313205201954, 0.34568148500112206, 0.34319817075106984, 0.34060029079530163, 0.3402109678093912, 0.3401785515776755, 0.34017222087772103, 0.3401694835006872, 0.34016925604369685, 0.340169233169482, 0.34016923025751267, 0.3401692284840081, 0.34016922796914706]}, "3": {"maxiter": 100, "gtol": 1e-05, "xrtol": 1e-10, "eps": 1e-10, "duration": 0.044304847717285156, "fun": "0.3401692279871419", "jac": "[ 1.11022293e-06  2.22044587e-06 -5.55111466e-06  1.11022293e-06\n  0.00000000e+00  0.00000000e+00]", "hess_inv": "[[ 2.90384439  0.22733111  1.06172419 -0.92624743 -0.11258926  0.86177937]\n [ 0.22733111  6.51777624  1.96980451 -2.86657646 -3.11693285  3.71820036]\n [ 1.06172419  1.96980451  7.04654642 -2.61484876 -2.8724233   3.70371416]\n [-0.92624743 -2.86657646 -2.61484876  4.97974806  1.787778   -2.31389892]\n [-0.11258926 -3.11693285 -2.8724233   1.787778    5.38286413 -1.49810512]\n [ 0.86177937  3.71820036  3.70371416 -2.31389892 -1.49810512  6.52095499]]", "nfev": "154", "njev": "22", "status": "0", "success": "True", "message": "Optimization terminated successfully.", "x": "[1.30784103 0.72800471 5.83194163 1.86660719 4.6807607  4.45555235]", "nit": "20", "callback": [0.5405099819481834, 0.49716849878357705, 0.43496652265469726, 0.40095436911037263, 0.37344085896029056, 0.3535394208711121, 0.34901371417607496, 0.347213910864997, 0.34568233697319506, 0.34319900879993637, 0.340600964183451, 0.3402109804914294, 0.34017854986321383, 0.3401722262339061, 0.34016948393371993, 0.3401692581816902, 0.3401692339211332, 0.3401692307523858, 0.34016922885614065, 0.3401692279871419]}, "4": {"maxiter": 100, "gtol": 1e-10, "xrtol": 1e-05, "eps": 1e-05, "duration": 0.04776787757873535, "fun": "0.34016922796914706", "jac": "[ 1.78171922e-06  3.36780603e-06 -1.73407955e-06  2.44424481e-06\n  3.31019656e-06 -6.60060895e-07]", "hess_inv": "[[ 3.21786378  0.31594882  1.33127737 -0.91033359 -0.3494477   0.91010135]\n [ 0.31594882  6.8320024   2.51308612 -3.28641685 -3.44048888  4.06137898]\n [ 1.33127737  2.51308612  7.44066604 -2.82272932 -3.155005    3.80763565]\n [-0.91033359 -3.28641685 -2.82272932  5.29723155  1.79452108 -2.6094986 ]\n [-0.3494477  -3.44048888 -3.155005    1.79452108  5.27327668 -1.76560872]\n [ 0.91010135  4.06137898  3.80763565 -2.6094986  -1.76560872  6.50861318]]", "nfev": "154", "njev": "22", "status": "0", "success": "True", "message": "Optimization terminated successfully.", "x": "[1.30783842 0.72799832 5.83194577 1.8666097  4.68076533 4.45554841]", "nit": "20", "callback": [0.5405096467432099, 0.4971678399942262, 0.43496584569731167, 0.40095410077502924, 0.3734401304819105, 0.35353866026384617, 0.3490132646385793, 0.34721313205201954, 0.34568148500112206, 0.34319817075106984, 0.34060029079530163, 0.3402109678093912, 0.3401785515776755, 0.34017222087772103, 0.3401694835006872, 0.34016925604369685, 0.340169233169482, 0.34016923025751267, 0.3401692284840081, 0.34016922796914706]}, "5": {"maxiter": 100, "gtol": 1e-10, "xrtol": 1e-05, "eps": 1e-10, "duration": 0.049922943115234375, "fun": "0.3401692279871419", "jac": "[ 1.11022293e-06  2.22044587e-06 -5.55111466e-06  1.11022293e-06\n  0.00000000e+00  0.00000000e+00]", "hess_inv": "[[ 2.90384439  0.22733111  1.06172419 -0.92624743 -0.11258926  0.86177937]\n [ 0.22733111  6.51777624  1.96980451 -2.86657646 -3.11693285  3.71820036]\n [ 1.06172419  1.96980451  7.04654642 -2.61484876 -2.8724233   3.70371416]\n [-0.92624743 -2.86657646 -2.61484876  4.97974806  1.787778   -2.31389892]\n [-0.11258926 -3.11693285 -2.8724233   1.787778    5.38286413 -1.49810512]\n [ 0.86177937  3.71820036  3.70371416 -2.31389892 -1.49810512  6.52095499]]", "nfev": "154", "njev": "22", "status": "0", "success": "True", "message": "Optimization terminated successfully.", "x": "[1.30784103 0.72800471 5.83194163 1.86660719 4.6807607  4.45555235]", "nit": "20", "callback": [0.5405099819481834, 0.49716849878357705, 0.43496652265469726, 0.40095436911037263, 0.37344085896029056, 0.3535394208711121, 0.34901371417607496, 0.347213910864997, 0.34568233697319506, 0.34319900879993637, 0.340600964183451, 0.3402109804914294, 0.34017854986321383, 0.3401722262339061, 0.34016948393371993, 0.3401692581816902, 0.3401692339211332, 0.3401692307523858, 0.34016922885614065, 0.3401692279871419]}, "6": {"maxiter": 100, "gtol": 1e-10, "xrtol": 1e-10, "eps": 1e-05, "duration": 0.1460888385772705, "fun": "0.34016922786350834", "jac": "[-2.66453526e-10 -5.99520433e-10 -2.55351296e-10 -7.77156117e-11\n -3.21964677e-10  6.66133815e-10]", "hess_inv": "[[ 3.25568003  0.40984056  1.31245066 -0.92188847 -0.30542777  0.88689532]\n [ 0.40984056  7.17669143  3.23278318 -3.7687448  -3.86206252  4.28968642]\n [ 1.31245066  3.23278318 10.78117151 -4.83140626 -5.60102797  4.99241043]\n [-0.92188847 -3.7687448  -4.83140626  6.5172562   3.24642828 -3.30747716]\n [-0.30542777 -3.86206252 -5.60102797  3.24642828  7.01184094 -2.78054604]\n [ 0.88689532  4.28968642  4.99241043 -3.30747716 -2.78054604  6.6841557 ]]", "nfev": "388", "njev": "55", "status": "0", "success": "True", "message": "Optimization terminated successfully.", "x": "[1.30783757 0.72800431 5.83198595 1.86658608 4.68073548 4.4555627 ]", "nit": "25", "callback": [0.5405096467432099, 0.4971678399942262, 0.43496584569731167, 0.40095410077502924, 0.3734401304819105, 0.35353866026384617, 0.3490132646385793, 0.34721313205201954, 0.34568148500112206, 0.34319817075106984, 0.34060029079530163, 0.3402109678093912, 0.3401785515776755, 0.34017222087772103, 0.3401694835006872, 0.34016925604369685, 0.340169233169482, 0.34016923025751267, 0.3401692284840081, 0.34016922796914706, 0.3401692278800389, 0.34016922786584614, 0.3401692278636268, 0.34016922786350845, 0.34016922786350834]}, "7": {"maxiter": 100, "gtol": 1e-10, "xrtol": 1e-10, "eps": 1e-10, "duration": 0.20992302894592285, "fun": "0.34016922784956094", "jac": "[ 2.22044587e-06  1.11022293e-06  1.11022293e-06  2.22044587e-06\n  1.11022293e-06 -1.11022293e-06]", "hess_inv": "[[ 0.38525723  0.4198927   0.99489476  0.8089703  -1.63149029  1.40339873]\n [ 0.4198927   0.6272396   1.25277046  0.95679099 -2.04131933  1.67461785]\n [ 0.99489476  1.25277046  2.73853202  2.16543686 -4.47687194  3.76995196]\n [ 0.8089703   0.95679099  2.16543686  1.74288188 -3.558892    3.02877812]\n [-1.63149029 -2.04131933 -4.47687194 -3.558892    7.36395337 -6.22313031]\n [ 1.40339873  1.67461785  3.76995196  3.02877812 -6.22313031  5.30666596]]", "nfev": "649", "njev": "91", "status": "2", "success": "False", "message": "Desired error not necessarily achieved due to precision loss.", "x": "[1.30784096 0.7280045  5.83198654 1.8665917  4.68073707 4.4555657 ]", "nit": "30", "callback": [0.5405099819481834, 0.49716849878357705, 0.43496652265469726, 0.40095436911037263, 0.37344085896029056, 0.3535394208711121, 0.34901371417607496, 0.347213910864997, 0.34568233697319506, 0.34319900879993637, 0.340600964183451, 0.3402109804914294, 0.34017854986321383, 0.3401722262339061, 0.34016948393371993, 0.3401692581816902, 0.3401692339211332, 0.3401692307523858, 0.34016922885614065, 0.3401692279871419, 0.3401692278564662, 0.3401692278562911, 0.3401692278562024, 0.3401692278560795, 0.34016922785056236, 0.34016922785048165, 0.3401692278504581, 0.3401692278502948, 0.34016922785002224, 0.34016922784956094]}, "8": {"maxiter": 500, "gtol": 1e-05, "xrtol": 1e-05, "eps": 1e-05, "duration": 0.04686903953552246, "fun": "0.34016922796914706", "jac": "[ 1.78171922e-06  3.36780603e-06 -1.73407955e-06  2.44424481e-06\n  3.31019656e-06 -6.60060895e-07]", "hess_inv": "[[ 3.21786378  0.31594882  1.33127737 -0.91033359 -0.3494477   0.91010135]\n [ 0.31594882  6.8320024   2.51308612 -3.28641685 -3.44048888  4.06137898]\n [ 1.33127737  2.51308612  7.44066604 -2.82272932 -3.155005    3.80763565]\n [-0.91033359 -3.28641685 -2.82272932  5.29723155  1.79452108 -2.6094986 ]\n [-0.3494477  -3.44048888 -3.155005    1.79452108  5.27327668 -1.76560872]\n [ 0.91010135  4.06137898  3.80763565 -2.6094986  -1.76560872  6.50861318]]", "nfev": "154", "njev": "22", "status": "0", "success": "True", "message": "Optimization terminated successfully.", "x": "[1.30783842 0.72799832 5.83194577 1.8666097  4.68076533 4.45554841]", "nit": "20", "callback": [0.5405096467432099, 0.4971678399942262, 0.43496584569731167, 0.40095410077502924, 0.3734401304819105, 0.35353866026384617, 0.3490132646385793, 0.34721313205201954, 0.34568148500112206, 0.34319817075106984, 0.34060029079530163, 0.3402109678093912, 0.3401785515776755, 0.34017222087772103, 0.3401694835006872, 0.34016925604369685, 0.340169233169482, 0.34016923025751267, 0.3401692284840081, 0.34016922796914706]}, "9": {"maxiter": 500, "gtol": 1e-05, "xrtol": 1e-05, "eps": 1e-10, "duration": 0.04551506042480469, "fun": "0.3401692279871419", "jac": "[ 1.11022293e-06  2.22044587e-06 -5.55111466e-06  1.11022293e-06\n  0.00000000e+00  0.00000000e+00]", "hess_inv": "[[ 2.90384439  0.22733111  1.06172419 -0.92624743 -0.11258926  0.86177937]\n [ 0.22733111  6.51777624  1.96980451 -2.86657646 -3.11693285  3.71820036]\n [ 1.06172419  1.96980451  7.04654642 -2.61484876 -2.8724233   3.70371416]\n [-0.92624743 -2.86657646 -2.61484876  4.97974806  1.787778   -2.31389892]\n [-0.11258926 -3.11693285 -2.8724233   1.787778    5.38286413 -1.49810512]\n [ 0.86177937  3.71820036  3.70371416 -2.31389892 -1.49810512  6.52095499]]", "nfev": "154", "njev": "22", "status": "0", "success": "True", "message": "Optimization terminated successfully.", "x": "[1.30784103 0.72800471 5.83194163 1.86660719 4.6807607  4.45555235]", "nit": "20", "callback": [0.5405099819481834, 0.49716849878357705, 0.43496652265469726, 0.40095436911037263, 0.37344085896029056, 0.3535394208711121, 0.34901371417607496, 0.347213910864997, 0.34568233697319506, 0.34319900879993637, 0.340600964183451, 0.3402109804914294, 0.34017854986321383, 0.3401722262339061, 0.34016948393371993, 0.3401692581816902, 0.3401692339211332, 0.3401692307523858, 0.34016922885614065, 0.3401692279871419]}, "10": {"maxiter": 500, "gtol": 1e-05, "xrtol": 1e-10, "eps": 1e-05, "duration": 0.05646991729736328, "fun": "0.34016922796914706", "jac": "[ 1.78171922e-06  3.36780603e-06 -1.73407955e-06  2.44424481e-06\n  3.31019656e-06 -6.60060895e-07]", "hess_inv": "[[ 3.21786378  0.31594882  1.33127737 -0.91033359 -0.3494477   0.91010135]\n [ 0.31594882  6.8320024   2.51308612 -3.28641685 -3.44048888  4.06137898]\n [ 1.33127737  2.51308612  7.44066604 -2.82272932 -3.155005    3.80763565]\n [-0.91033359 -3.28641685 -2.82272932  5.29723155  1.79452108 -2.6094986 ]\n [-0.3494477  -3.44048888 -3.155005    1.79452108  5.27327668 -1.76560872]\n [ 0.91010135  4.06137898  3.80763565 -2.6094986  -1.76560872  6.50861318]]", "nfev": "154", "njev": "22", "status": "0", "success": "True", "message": "Optimization terminated successfully.", "x": "[1.30783842 0.72799832 5.83194577 1.8666097  4.68076533 4.45554841]", "nit": "20", "callback": [0.5405096467432099, 0.4971678399942262, 0.43496584569731167, 0.40095410077502924, 0.3734401304819105, 0.35353866026384617, 0.3490132646385793, 0.34721313205201954, 0.34568148500112206, 0.34319817075106984, 0.34060029079530163, 0.3402109678093912, 0.3401785515776755, 0.34017222087772103, 0.3401694835006872, 0.34016925604369685, 0.340169233169482, 0.34016923025751267, 0.3401692284840081, 0.34016922796914706]}, "11": {"maxiter": 500, "gtol": 1e-05, "xrtol": 1e-10, "eps": 1e-10, "duration": 0.04718804359436035, "fun": "0.3401692279871419", "jac": "[ 1.11022293e-06  2.22044587e-06 -5.55111466e-06  1.11022293e-06\n  0.00000000e+00  0.00000000e+00]", "hess_inv": "[[ 2.90384439  0.22733111  1.06172419 -0.92624743 -0.11258926  0.86177937]\n [ 0.22733111  6.51777624  1.96980451 -2.86657646 -3.11693285  3.71820036]\n [ 1.06172419  1.96980451  7.04654642 -2.61484876 -2.8724233   3.70371416]\n [-0.92624743 -2.86657646 -2.61484876  4.97974806  1.787778   -2.31389892]\n [-0.11258926 -3.11693285 -2.8724233   1.787778    5.38286413 -1.49810512]\n [ 0.86177937  3.71820036  3.70371416 -2.31389892 -1.49810512  6.52095499]]", "nfev": "154", "njev": "22", "status": "0", "success": "True", "message": "Optimization terminated successfully.", "x": "[1.30784103 0.72800471 5.83194163 1.86660719 4.6807607  4.45555235]", "nit": "20", "callback": [0.5405099819481834, 0.49716849878357705, 0.43496652265469726, 0.40095436911037263, 0.37344085896029056, 0.3535394208711121, 0.34901371417607496, 0.347213910864997, 0.34568233697319506, 0.34319900879993637, 0.340600964183451, 0.3402109804914294, 0.34017854986321383, 0.3401722262339061, 0.34016948393371993, 0.3401692581816902, 0.3401692339211332, 0.3401692307523858, 0.34016922885614065, 0.3401692279871419]}, "12": {"maxiter": 500, "gtol": 1e-10, "xrtol": 1e-05, "eps": 1e-05, "duration": 0.04830288887023926, "fun": "0.34016922796914706", "jac": "[ 1.78171922e-06  3.36780603e-06 -1.73407955e-06  2.44424481e-06\n  3.31019656e-06 -6.60060895e-07]", "hess_inv": "[[ 3.21786378  0.31594882  1.33127737 -0.91033359 -0.3494477   0.91010135]\n [ 0.31594882  6.8320024   2.51308612 -3.28641685 -3.44048888  4.06137898]\n [ 1.33127737  2.51308612  7.44066604 -2.82272932 -3.155005    3.80763565]\n [-0.91033359 -3.28641685 -2.82272932  5.29723155  1.79452108 -2.6094986 ]\n [-0.3494477  -3.44048888 -3.155005    1.79452108  5.27327668 -1.76560872]\n [ 0.91010135  4.06137898  3.80763565 -2.6094986  -1.76560872  6.50861318]]", "nfev": "154", "njev": "22", "status": "0", "success": "True", "message": "Optimization terminated successfully.", "x": "[1.30783842 0.72799832 5.83194577 1.8666097  4.68076533 4.45554841]", "nit": "20", "callback": [0.5405096467432099, 0.4971678399942262, 0.43496584569731167, 0.40095410077502924, 0.3734401304819105, 0.35353866026384617, 0.3490132646385793, 0.34721313205201954, 0.34568148500112206, 0.34319817075106984, 0.34060029079530163, 0.3402109678093912, 0.3401785515776755, 0.34017222087772103, 0.3401694835006872, 0.34016925604369685, 0.340169233169482, 0.34016923025751267, 0.3401692284840081, 0.34016922796914706]}, "13": {"maxiter": 500, "gtol": 1e-10, "xrtol": 1e-05, "eps": 1e-10, "duration": 0.04271101951599121, "fun": "0.3401692279871419", "jac": "[ 1.11022293e-06  2.22044587e-06 -5.55111466e-06  1.11022293e-06\n  0.00000000e+00  0.00000000e+00]", "hess_inv": "[[ 2.90384439  0.22733111  1.06172419 -0.92624743 -0.11258926  0.86177937]\n [ 0.22733111  6.51777624  1.96980451 -2.86657646 -3.11693285  3.71820036]\n [ 1.06172419  1.96980451  7.04654642 -2.61484876 -2.8724233   3.70371416]\n [-0.92624743 -2.86657646 -2.61484876  4.97974806  1.787778   -2.31389892]\n [-0.11258926 -3.11693285 -2.8724233   1.787778    5.38286413 -1.49810512]\n [ 0.86177937  3.71820036  3.70371416 -2.31389892 -1.49810512  6.52095499]]", "nfev": "154", "njev": "22", "status": "0", "success": "True", "message": "Optimization terminated successfully.", "x": "[1.30784103 0.72800471 5.83194163 1.86660719 4.6807607  4.45555235]", "nit": "20", "callback": [0.5405099819481834, 0.49716849878357705, 0.43496652265469726, 0.40095436911037263, 0.37344085896029056, 0.3535394208711121