{"date": "2024/09/23/, 23:41:13", "conf_id": 141, "data_type": "orthogonal\n", "num_data_points": 4, "s_rank": 0, "unitary": "[[-0.56303964-0.00798273j,-0.21670212-0.15784972j,-0.06047197-0.73952673j,-0.01438004+0.24552571j],[-0.06976756+0.23474685j,-0.01275565-0.5435098j,-0.02703657-0.08917885j,-0.08210486-0.79311774j],[-0.38559961+0.10714929j,0.5933431-0.2687392j,-0.24060861+0.29149289j,-0.45147719+0.26241743j],[-0.50180421+0.45931857j,-0.11617175+0.44134496j,0.49642745+0.22684508j,-0.08544628-0.15407063j]]", "databatch_0": {"databatch": "[[[-8.19734931e-03+0.01721897j,-4.52152098e-02+0.01123299j,-8.04246844e-02-0.02459402j,3.36552782e-01+0.09259876j],[3.16850472e-02-0.0138632j,7.53093832e-02+0.03830564j,8.10140505e-02+0.12922442j,-3.51275508e-01-0.52662142j],[-1.16815028e-02-0.02142975j,2.23320514e-02-0.05528585j,8.59045902e-02-0.06484868j,-3.48792478e-01+0.2791252j],[-2.50201934e-04-0.02472217j,4.62760474e-02-0.0388152j,1.07677433e-01-0.01711917j,-4.44724588e-01+0.08365929j]],[[-2.25451849e-02+0.00644367j,-4.71292139e-02-0.03256113j,-4.27240721e-02-0.09416597j,1.88303766e-01+0.38566354j],[1.11712406e-02+0.00821492j,1.82008037e-03+0.03382713j,-2.85914982e-02+0.05405551j,1.12277750e-01-0.22762111j],[1.76953536e-02+0.01780969j,-6.17185099e-03+0.0610227j,-6.62148178e-02+0.08873454j,2.64300504e-01-0.37591267j],[-3.73002531e-02-0.00174712j,-5.45531888e-02-0.07311545j,-1.65612788e-02-0.16383872j,8.79348155e-02+0.67779263j]],[[-1.66534246e-02-0.0295186j,2.98888782e-02-0.07721599j,1.17965313e-01-0.09178065j,-4.78646122e-01+0.39462292j],[-1.29040492e-02-0.02137262j,2.03281095e-02-0.05750485j,8.48628033e-02-0.07014447j,-3.43848881e-01+0.30097418j],[1.25711075e-02-0.0269131j,7.02967787e-02-0.01801249j,1.25546682e-01+0.03738777j,-5.25256694e-01-0.14038289j],[-1.03935493e-02-0.00209716j,-1.21614292e-02-0.02287085j,2.40965769e-03-0.04669693j,-4.51769655e-03+0.19401954j]],[[2.59494327e-02-0.00558628j,5.07906959e-02+0.04031654j,4.11911353e-02+0.10957137j,-1.83751603e-01-0.44975751j],[1.95640095e-04+0.02747737j,-5.15612310e-02+0.0429854j,-1.19731181e-01+0.01866741j,4.94551642e-01-0.09149706j],[-6.41437529e-03-0.02484483j,3.69472206e-02-0.05064056j,1.04216138e-01-0.04408719j,-4.27199838e-01+0.19513841j],[-2.53124522e-02-0.00282948j,-3.39176702e-02-0.05216668j,-4.06807887e-03-0.11224889j,3.00492208e-02+0.46522215j]]]", "initial param values": "[5.43528713,0.7510368,2.32342234,4.80827801,5.34768998,1.40170271]", "nelder_mead": {"type": "gradient-free", "0": {"maxiter": 100, "fatol": 1e-05, "xatol": 1e-05, "duration": 0.04216623306274414, "fun": "0.41379124510749843", "nit": "100", "nfev": "164", "status": "2", "success": "False", "message": "Maximum number of iterations has been exceeded.", "x": "[6.48416412 0.45302412 3.53853391 6.85709209 8.64798908 0.3473482 ]", "final_simplex": "(array([[6.48416412, 0.45302412, 3.53853391, 6.85709209, 8.64798908,\n        0.3473482 ],\n       [6.49110563, 0.4358446 , 3.572648  , 6.83917901, 8.56997909,\n        0.3902231 ],\n       [6.44808379, 0.43680082, 3.54837016, 6.85275711, 8.55950663,\n        0.40312301],\n       [6.45011079, 0.44014809, 3.56444636, 6.82472752, 8.61962654,\n        0.38449643],\n       [6.49020871, 0.42997024, 3.57440542, 6.83454258, 8.55386003,\n        0.41747174],\n       [6.45998286, 0.43531998, 3.55948371, 6.78188211, 8.54112364,\n        0.42365177],\n       [6.47839372, 0.43691189, 3.51773766, 6.82805794, 8.59214479,\n        0.41678419]]), array([0.41379125, 0.41445158, 0.41485578, 0.41490984, 0.41523853,\n       0.41528047, 0.41537303]))", "callback": [0.6949728845999701, 0.5757193885252501, 0.5573521995841526, 0.5043257089801709, 0.42826027511147724, 0.42141414688677425, 0.41739190176293794, 0.4162401821853571, 0.4155357340278487]}, "1": {"maxiter": 100, "fatol": 1e-05, "xatol": 1e-10, "duration": 0.04084420204162598, "fun": "0.41379124510749843", "nit": "100", "nfev": "164", "status": "2", "success": "False", "message": "Maximum number of iterations has been exceeded.", "x": "[6.48416412 0.45302412 3.53853391 6.85709209 8.64798908 0.3473482 ]", "final_simplex": "(array([[6.48416412, 0.45302412, 3.53853391, 6.85709209, 8.64798908,\n        0.3473482 ],\n       [6.49110563, 0.4358446 , 3.572648  , 6.83917901, 8.56997909,\n        0.3902231 ],\n       [6.44808379, 0.43680082, 3.54837016, 6.85275711, 8.55950663,\n        0.40312301],\n       [6.45011079, 0.44014809, 3.56444636, 6.82472752, 8.61962654,\n        0.38449643],\n       [6.49020871, 0.42997024, 3.57440542, 6.83454258, 8.55386003,\n        0.41747174],\n       [6.45998286, 0.43531998, 3.55948371, 6.78188211, 8.54112364,\n        0.42365177],\n       [6.47839372, 0.43691189, 3.51773766, 6.82805794, 8.59214479,\n        0.41678419]]), array([0.41379125, 0.41445158, 0.41485578, 0.41490984, 0.41523853,\n       0.41528047, 0.41537303]))", "callback": [0.6949728845999701, 0.5757193885252501, 0.5573521995841526, 0.5043257089801709, 0.42826027511147724, 0.42141414688677425, 0.41739190176293794, 0.4162401821853571, 0.4155357340278487]}, "2": {"maxiter": 100, "fatol": 1e-10, "xatol": 1e-05, "duration": 0.04016423225402832, "fun": "0.41379124510749843", "nit": "100", "nfev": "164", "status": "2", "success": "False", "message": "Maximum number of iterations has been exceeded.", "x": "[6.48416412 0.45302412 3.53853391 6.85709209 8.64798908 0.3473482 ]", "final_simplex": "(array([[6.48416412, 0.45302412, 3.53853391, 6.85709209, 8.64798908,\n        0.3473482 ],\n       [6.49110563, 0.4358446 , 3.572648  , 6.83917901, 8.56997909,\n        0.3902231 ],\n       [6.44808379, 0.43680082, 3.54837016, 6.85275711, 8.55950663,\n        0.40312301],\n       [6.45011079, 0.44014809, 3.56444636, 6.82472752, 8.61962654,\n        0.38449643],\n       [6.49020871, 0.42997024, 3.57440542, 6.83454258, 8.55386003,\n        0.41747174],\n       [6.45998286, 0.43531998, 3.55948371, 6.78188211, 8.54112364,\n        0.42365177],\n       [6.47839372, 0.43691189, 3.51773766, 6.82805794, 8.59214479,\n        0.41678419]]), array([0.41379125, 0.41445158, 0.41485578, 0.41490984, 0.41523853,\n       0.41528047, 0.41537303]))", "callback": [0.6949728845999701, 0.5757193885252501, 0.5573521995841526, 0.5043257089801709, 0.42826027511147724, 0.42141414688677425, 0.41739190176293794, 0.4162401821853571, 0.4155357340278487]}, "3": {"maxiter": 100, "fatol": 1e-10, "xatol": 1e-10, "duration": 0.03984212875366211, "fun": "0.41379124510749843", "nit": "100", "nfev": "164", "status": "2", "success": "False", "message": "Maximum number of iterations has been exceeded.", "x": "[6.48416412 0.45302412 3.53853391 6.85709209 8.64798908 0.3473482 ]", "final_simplex": "(array([[6.48416412, 0.45302412, 3.53853391, 6.85709209, 8.64798908,\n        0.3473482 ],\n       [6.49110563, 0.4358446 , 3.572648  , 6.83917901, 8.56997909,\n        0.3902231 ],\n       [6.44808379, 0.43680082, 3.54837016, 6.85275711, 8.55950663,\n        0.40312301],\n       [6.45011079, 0.44014809, 3.56444636, 6.82472752, 8.61962654,\n        0.38449643],\n       [6.49020871, 0.42997024, 3.57440542, 6.83454258, 8.55386003,\n        0.41747174],\n       [6.45998286, 0.43531998, 3.55948371, 6.78188211, 8.54112364,\n        0.42365177],\n       [6.47839372, 0.43691189, 3.51773766, 6.82805794, 8.59214479,\n        0.41678419]]), array([0.41379125, 0.41445158, 0.41485578, 0.41490984, 0.41523853,\n       0.41528047, 0.41537303]))", "callback": [0.6949728845999701, 0.5757193885252501, 0.5573521995841526, 0.5043257089801709, 0.42826027511147724, 0.42141414688677425, 0.41739190176293794, 0.4162401821853571, 0.4155357340278487]}, "4": {"maxiter": 500, "fatol": 1e-05, "xatol": 1e-05, "duration": 0.20724797248840332, "fun": "0.4029041187475807", "nit": "500", "nfev": "795", "status": "2", "success": "False", "message": "Maximum number of iterations has been exceeded.", "x": "[ 6.53975424 -0.24973877  4.18617594  6.85544704  8.90414751 -0.02429848]", "final_simplex": "(array([[ 6.53975424, -0.24973877,  4.18617594,  6.85544704,  8.90414751,\n        -0.02429848],\n       [ 6.53967718, -0.24970927,  4.18612914,  6.85545503,  8.90420637,\n        -0.02435112],\n       [ 6.53969235, -0.24973267,  4.18613782,  6.85544557,  8.904204  ,\n        -0.02431251],\n       [ 6.53967128, -0.2495909 ,  4.18603979,  6.85543333,  8.90418421,\n        -0.02432723],\n       [ 6.53971252, -0.24974084,  4.18613509,  6.85543091,  8.90415048,\n        -0.02430239],\n       [ 6.53963444, -0.24971291,  4.18612678,  6.85539457,  8.90430117,\n        -0.02442317],\n       [ 6.53959219, -0.24958802,  4.18597806,  6.85536649,  8.90443887,\n        -0.02455309]]), array([0.40290412, 0.40290412, 0.40290412, 0.40290412, 0.40290412,\n       0.40290412, 0.40290412]))", "callback": [0.6949728845999701, 0.5757193885252501, 0.5573521995841526, 0.5043257089801709, 0.42826027511147724, 0.42141414688677425, 0.41739190176293794, 0.4162401821853571, 0.4155357340278487, 0.41379124510749843, 0.4109473104015764, 0.40630092711996624, 0.4051984492069358, 0.40489900283294156, 0.40488022792453693, 0.40484847679122127, 0.4048449423403675, 0.4048439419447407, 0.4048436116568902, 0.40484331403194795, 0.40484217721395077, 0.4048400965493618, 0.4048325470697727, 0.40480059115655387, 0.4046262848101019, 0.403695627653068, 0.40334252989311914, 0.4031926082296722, 0.4030760924220371, 0.4030136056166441, 0.40296255340795384, 0.4029427793104241, 0.4029202212011258, 0.40291820752022234, 0.40291588945829715, 0.4029149282928399, 0.4029148094555166, 0.40291430302180964, 0.4029138187919419, 0.40291254712509716, 0.4029077951964175, 0.40290546875907307, 0.4029047360857727, 0.40290437448804706, 0.4029042641863886, 0.4029041649012648, 0.40290413561963234, 0.4029041222488794, 0.40290411940164805]}, "5": {"maxiter": 500, "fatol": 1e-05, "xatol": 1e-10, "duration": 0.20218396186828613, "fun": "0.4029041187475807", "nit": "500", "nfev": "795", "status": "2", "success": "False", "message": "Maximum number of iterations has been exceeded.", "x": "[ 6.53975424 -0.24973877  4.18617594  6.85544704  8.90414751 -0.02429848]", "final_simplex": "(array([[ 6.53975424, -0.24973877,  4.18617594,  6.85544704,  8.90414751,\n        -0.02429848],\n       [ 6.53967718, -0.24970927,  4.18612914,  6.85545503,  8.90420637,\n        -0.02435112],\n       [ 6.53969235, -0.24973267,  4.18613782,  6.85544557,  8.904204  ,\n        -0.02431251],\n       [ 6.53967128, -0.2495909 ,  4.18603979,  6.85543333,  8.90418421,\n        -0.02432723],\n       [ 6.53971252, -0.24974084,  4.18613509,  6.85543091,  8.90415048,\n        -0.02430239],\n       [ 6.53963444, -0.24971291,  4.18612678,  6.85539457,  8.90430117,\n        -0.02442317],\n       [ 6.53959219, -0.24958802,  4.18597806,  6.85536649,  8.90443887,\n        -0.02455309]]), array([0.40290412, 0.40290412, 0.40290412, 0.40290412, 0.40290412,\n       0.40290412, 0.40290412]))", "callback": [0.6949728845999701, 0.5757193885252501, 0.5573521995841526, 0.5043257089801709, 0.42826027511147724, 0.42141414688677425, 0.41739190176293794, 0.4162401821853571, 0.4155357340278487, 0.41379124510749843, 0.4109473104015764, 0.40630092711996624, 0.4051984492069358, 0.40489900283294156, 0.40488022792453693, 0.40484847679122127, 0.4048449423403675, 0.4048439419447407, 0.4048436116568902, 0.40484331403194795, 0.40484217721395077, 0.4048400965493618, 0.4048325470697727, 0.40480059115655387, 0.4046262848101019, 0.403695627653068, 0.40334252989311914, 0.4031926082296722, 0.4030760924220371, 0.4030136056166441, 0.40296255340795384, 0.4029427793104241, 0.4029202212011258, 0.40291820752022234, 0.40291588945829715, 0.4029149282928399, 0.4029148094555166, 0.40291430302180964, 0.4029138187919419, 0.40291254712509716, 0.4029077951964175, 0.40290546875907307, 0.4029047360857727, 0.40290437448804706, 0.4029042641863886, 0.4029041649012648, 0.40290413561963234, 0.4029041222488794, 0.40290411940164805]}, "6": {"maxiter": 500, "fatol": 1e-10, "xatol": 1e-05, "duration": 0.19938111305236816, "fun": "0.4029041187475807", "nit": "500", "nfev": "795", "status": "2", "success": "False", "message": "Maximum number of iterations has been exceeded.", "x": "[ 6.53975424 -0.24973877  4.18617594  6.85544704  8.90414751 -0.02429848]", "final_simplex": "(array([[ 6.53975424, -0.24973877,  4.18617594,  6.85544704,  8.90414751,\n        -0.02429848],\n       [ 6.53967718, -0.24970927,  4.18612914,  6.85545503,  8.90420637,\n        -0.02435112],\n       [ 6.53969235, -0.24973267,  4.18613782,  6.85544557,  8.904204  ,\n        -0.02431251],\n       [ 6.53967128, -0.2495909 ,  4.18603979,  6.85543333,  8.90418421,\n        -0.02432723],\n       [ 6.53971252, -0.24974084,  4.18613509,  6.85543091,  8.90415048,\n        -0.02430239],\n       [ 6.53963444, -0.24971291,  4.18612678,  6.85539457,  8.90430117,\n        -0.02442317],\n       [ 6.53959219, -0.24958802,  4.18597806,  6.85536649,  8.90443887,\n        -0.02455309]]), array([0.40290412, 0.40290412, 0.40290412, 0.40290412, 0.40290412,\n       0.40290412, 0.40290412]))", "callback": [0.6949728845999701, 0.5757193885252501, 0.5573521995841526, 0.5043257089801709, 0.42826027511147724, 0.42141414688677425, 0.41739190176293794, 0.4162401821853571, 0.4155357340278487, 0.41379124510749843, 0.4109473104015764, 0.40630092711996624, 0.4051984492069358, 0.40489900283294156, 0.40488022792453693, 0.40484847679122127, 0.4048449423403675, 0.4048439419447407, 0.4048436116568902, 0.40484331403194795, 0.40484217721395077, 0.4048400965493618, 0.4048325470697727, 0.40480059115655387, 0.4046262848101019, 0.403695627653068, 0.40334252989311914, 0.4031926082296722, 0.4030760924220371, 0.4030136056166441, 0.40296255340795384, 0.4029427793104241, 0.4029202212011258, 0.40291820752022234, 0.40291588945829715, 0.4029149282928399, 0.4029148094555166, 0.40291430302180964, 0.4029138187919419, 0.40291254712509716, 0.4029077951964175, 0.40290546875907307, 0.4029047360857727, 0.40290437448804706, 0.4029042641863886, 0.4029041649012648, 0.40290413561963234, 0.4029041222488794, 0.40290411940164805]}, "7": {"maxiter": 500, "fatol": 1e-10, "xatol": 1e-10, "duration": 0.20350289344787598, "fun": "0.4029041187475807", "nit": "500", "nfev": "795", "status": "2", "success": "False", "message": "Maximum number of iterations has been exceeded.", "x": "[ 6.53975424 -0.24973877  4.18617594  6.85544704  8.90414751 -0.02429848]", "final_simplex": "(array([[ 6.53975424, -0.24973877,  4.18617594,  6.85544704,  8.90414751,\n        -0.02429848],\n       [ 6.53967718, -0.24970927,  4.18612914,  6.85545503,  8.90420637,\n        -0.02435112],\n       [ 6.53969235, -0.24973267,  4.18613782,  6.85544557,  8.904204  ,\n        -0.02431251],\n       [ 6.53967128, -0.2495909 ,  4.18603979,  6.85543333,  8.90418421,\n        -0.02432723],\n       [ 6.53971252, -0.24974084,  4.18613509,  6.85543091,  8.90415048,\n        -0.02430239],\n       [ 6.53963444, -0.24971291,  4.18612678,  6.85539457,  8.90430117,\n        -0.02442317],\n       [ 6.53959219, -0.24958802,  4.18597806,  6.85536649,  8.90443887,\n        -0.02455309]]), array([0.40290412, 0.40290412, 0.40290412, 0.40290412, 0.40290412,\n       0.40290412, 0.40290412]))", "callback": [0.6949728845999701, 0.5757193885252501, 0.5573521995841526, 0.5043257089801709, 0.42826027511147724, 0.42141414688677425, 0.41739190176293794, 0.4162401821853571, 0.4155357340278487, 0.41379124510749843, 0.4109473104015764, 0.40630092711996624, 0.4051984492069358, 0.40489900283294156, 0.40488022792453693, 0.40484847679122127, 0.4048449423403675, 0.4048439419447407, 0.4048436116568902, 0.40484331403194795, 0.40484217721395077, 0.4048400965493618, 0.4048325470697727, 0.40480059115655387, 0.4046262848101019, 0.403695627653068, 0.40334252989311914, 0.4031926082296722, 0.4030760924220371, 0.4030136056166441, 0.40296255340795384, 0.4029427793104241, 0.4029202212011258, 0.40291820752022234, 0.40291588945829715, 0.4029149282928399, 0.4029148094555166, 0.40291430302180964, 0.4029138187919419, 0.40291254712509716, 0.4029077951964175, 0.40290546875907307, 0.4029047360857727, 0.40290437448804706, 0.4029042641863886, 0.4029041649012648, 0.40290413561963234, 0.4029041222488794, 0.40290411940164805]}, "8": {"maxiter": 1000, "fatol": 1e-05, "xatol": 1e-05, "duration": 0.22940897941589355, "fun": "0.4029041180532421", "nit": "557", "nfev": "891", "status": "0", "success": "True", "message": "Optimization terminated successfully.", "x": "[ 6.53971789 -0.2494885   4.18590379  6.85544901  8.90428654 -0.02441755]", "final_simplex": "(array([[ 6.53971789, -0.2494885 ,  4.18590379,  6.85544901,  8.90428654,\n        -0.02441755],\n       [ 6.53971686, -0.24949613,  4.18591189,  6.85544716,  8.90428552,\n        -0.02441697],\n       [ 6.53971362, -0.24948882,  4.18590438,  6.85544626,  8.90429019,\n        -0.02442186],\n       [ 6.53971972, -0.24949578,  4.18591263,  6.85544857,  8.90428619,\n        -0.02441862],\n       [ 6.53971399, -0.24948757,  4.18590469,  6.85544665,  8.9042951 ,\n        -0.02442462],\n       [ 6.5397172 , -0.24949039,  4.18590754,  6.85544816,  8.90428349,\n        -0.02441694],\n       [ 6.53971827, -0.24949073,  4.18590696,  6.85544681,  8.90428535,\n        -0.02441795]]), array([0.40290412, 0.40290412, 0.40290412, 0.40290412, 0.40290412,\n       0.40290412, 0.40290412]))", "callback": [0.6949728845999701, 0.5757193885252501, 0.5573521995841526, 0.5043257089801709, 0.42826027511147724, 0.42141414688677425, 0.41739190176293794, 0.4162401821853571, 0.4155357340278487, 0.41379124510749843, 0.4109473104015764, 0.40630092711996624, 0.4051984492069358, 0.40489900283294156, 0.40488022792453693, 0.40484847679122127, 0.4048449423403675, 0.4048439419447407, 0.4048436116568902, 0.40484331403194795, 0.40484217721395077, 0.4048400965493618, 0.4048325470697727, 0.40480059115655387, 0.4046262848101019, 0.403695627653068, 0.40334252989311914, 0.4031926082296722, 0.4030760924220371, 0.4030136056166441, 0.40296255340795384, 0.4029427793104241, 0.4029202212011258, 0.40291820752022234, 0.40291588945829715, 0.4029149282928399, 0.4029148094555166, 0.40291430302180964, 0.4029138187919419, 0.40291254712509716, 0.4029077951964175, 0.40290546875907307, 0.4029047360857727, 0.40290437448804706, 0.4029042641863886, 0.4029041649012648, 0.40290413561963234, 0.4029041222488794, 0.40290411940164805, 0.4029041187475807, 0.4029041183841071, 0.4029041181533989, 0.40290411810012117, 0.40290411805960935, 0.4029041180539661]}, "9": {"maxiter": 1000, "fatol": 1e-05, "xatol": 1e-10, "duration": 0.2854149341583252, "fun": "0.4029041180524069", "nit": "652", "nfev": "1112", "status": "0", "success": "True", "message": "Optimization terminated successfully.", "x": "[ 6.53971591 -0.24949437  4.18590979  6.85544884  8.90429005 -0.02442129]", "final_simplex": "(array([[ 6.53971591, -0.24949437,  4.18590979,  6.85544884,  8.90429005,\n        -0.02442129],\n       [ 6.53971591, -0.24949437,  4.18590979,  6.85544884,  8.90429005,\n        -0.02442129],\n       [ 6.53971591, -0.24949437,  4.18590979,  6.85544884,  8.90429005,\n        -0.02442129],\n       [ 6.53971591, -0.24949437,  4.18590979,  6.85544884,  8.90429005,\n        -0.02442129],\n       [ 6.53971591, -0.24949437,  4.18590979,  6.85544884,  8.90429005,\n        -0.02442129],\n       [ 6.53971591, -0.24949437,  4.18590979,  6.85544884,  8.90429005,\n        -0.02442129],\n       [ 6.53971591, -0.24949437,  4.18590979,  6.85544884,  8.90429005,\n        -0.02442129]]), array([0.40290412, 0.40290412, 0.40290412, 0.40290412, 0.40290412,\n       0.40290412, 0.40290412]))", "callback": [0.6949728845999701, 0.5757193885252501, 0.5573521995841526, 0.5043257089801709, 0.42826027511147724, 0.42141414688677425, 0.41739190176293794, 0.4162401821853571, 0.4155357340278487, 0.41379124510749843, 0.4109473104015764, 0.40630092711996624, 0.4051984492069358, 0.40489900283294156, 0.40488022792453693, 0.40484847679122127, 0.4048449423403675, 0.4048439419447407, 0.4048436116568902, 0.40484331403194795, 0.40484217721395077, 0.4048400965493618, 0.4048325470697727, 0.40480059115655387, 0.4046262848101019, 0.403695627653068, 0.40334252989311914, 0.4031926082296722, 0.4030760924220371, 0.4030136056166441, 0.40296255340795384, 0.4029427793104241, 0.4029202212011258, 0.40291820752022234, 0.40291588945829715, 0.4029149282928399, 0.4029148094555166, 0.40291430302180964, 0.4029138187919419, 0.40291254712509716, 0.4029077951964175, 0.40290546875907307, 0.4029047360857727, 0.40290437448804706, 0.4029042641863886, 0.4029041649012648, 0.40290413561963234, 0.4029041222488794, 0.40290411940164805, 0.4029041187475807, 0.4029041183841071, 0.4029041181533989, 0.40290411810012117, 0.40290411805960935, 0.4029041180539661, 0.40290411805272053, 0.4029041180525519, 0.4029041180524612, 0.40290411805242154, 0.4029041180524082, 0.4029041180524071, 0.4029041180524069, 0.4029041180524069, 0.4029041180524069, 0.4029041180524069]}, "10": {"maxiter": 1000, "fatol": 1e-10, "xatol": 1e-05, "duration": 0.2555410861968994, "fun": "0.4029041180532421", "nit": "557", "nfev": "891", "status": "0", "success": "True", "message": "Optimization terminated successfully.", "x": "[ 6.53971789 -0.2494885   4.18590379  6.85544901  8.90428654 -0.02441755]", "final_simplex": "(array([[ 6.53971789, -0.2494885 ,  4.18590379,  6.85544901,  8.90428654,\n        -0.02441755],\n       [ 6.53971686, -0.24949613,  4.18591189,  6.85544716,  8.90428552,\n        -0.02441697],\n       [ 6.53971362, -0.24948882,  4.18590438,  6.85544626,  8.90429019,\n        -0.02442186],\n       [ 6.53971972, -0.24949578,  4.18591263,  6.85544857,  8.90428619,\n        -0.02441862],\n       [ 6.53971399, -0.24948757,  4.18590469,  6.85544665,  8.9042951 ,\n        -0.02442462],\n       [ 6.5397172 , -0.24949039,  4.18590754,  6.85544816,  8.90428349,\n        -0.02441694],\n       [ 6.53971827, -0.24949073,  4.18590696,  6.85544681,  8.90428535,\n        -0.02441795]]), array([0.40290412, 0.40290412, 0.40290412, 0.40290412, 0.40290412,\n       0.40290412, 0.40290412]))", "callback": [0.6949728845999701, 0.5757193885252501, 0.5573521995841526, 0.5043257089801709, 0.42826027511147724, 0.42141414688677425, 0.41739190176293794, 0.4162401821853571, 0.4155357340278487, 0.41379124510749843, 0.4109473104015764, 0.40630092711996624, 0.4051984492069358, 0.40489900283294156, 0.40488022792453693, 0.40484847679122127, 0.4048449423403675, 0.4048439419447407, 0.4048436116568902, 0.40484331403194795, 0.40484217721395077, 0.4048400965493618, 0.4048325470697727, 0.40480059115655387, 0.4046262848101019, 0.403695627653068, 0.40334252989311914, 0.4031926082296722, 0.4030760924220371, 0.4030136056166441, 0.40296255340795384, 0.4029427793104241, 0.4029202212011258, 0.40291820752022234, 0.40291588945829715, 0.4029149282928399, 0.4029148094555166, 0.40291430302180964, 0.4029138187919419, 0.40291254712509716, 0.4029077951964175, 0.40290546875907307, 0.4029047360857727, 0.40290437448804706, 0.4029042641863886, 0.4029041649012648, 0.40290413561963234, 0.4029041222488794, 0.40290411940164805, 0.4029041187475807, 0.4029041183841071, 0.4029041181533989, 0.40290411810012117, 0.40290411805960935, 0.4029041180539661]}, "11": {"maxiter": 1000, "fatol": 1e-10, "xatol": 1e-10, "duration": 0.29793310165405273, "fun": "0.4029041180524069", "nit": "652", "nfev": "1112", "status": "0", "success": "True", "message": "Optimization terminated successfully.", "x": "[ 6.53971591 -0.24949437  4.18590979  6.85544884  8.90429005 -0.02442129]", "final_simplex": "(array([[ 6.53971591, -0.24949437,  4.18590979,  6.85544884,  8.90429005,\n        -0.02442129],\n       [ 6.53971591, -0.24949437,  4.18590979,  6.85544884,  8.90429005,\n        -0.02442129],\n       [ 6.53971591, -0.24949437,  4.18590979,  6.85544884,  8.90429005,\n        -0.02442129],\n       [ 6.53971591, -0.24949437,  4.18590979,  6.85544884,  8.90429005,\n        -0.02442129],\n       [ 6.53971591, -0.24949437,  4.18590979,  6.85544884,  8.90429005,\n        -0.02442129],\n       [ 6.53971591, -0.24949437,  4.18590979,  6.85544884,  8.90429005,\n        -0.02442129],\n       [ 6.53971591, -0.24949437,  4.18590979,  6.85544884,  8.90429005,\n        -0.02442129]]), array([0.40290412, 0.40290412, 0.40290412, 0.40290412, 0.40290412,\n       0.40290412, 0.40290412]))", "callback": [0.6949728845999701, 0.5757193885252501, 0.5573521995841526, 0.5043257089801709, 0.42826027511147724, 0.42141414688677425, 0.41739190176293794, 0.4162401821853571, 0.4155357340278487, 0.41379124510749843, 0.4109473104015764, 0.40630092711996624, 0.4051984492069358, 0.40489900283294156, 0.40488022792453693, 0.40484847679122127, 0.4048449423403675, 0.4048439419447407, 0.4048436116568902, 0.40484331403194795, 0.40484217721395077, 0.4048400965493618, 0.4048325470697727, 0.40480059115655387, 0.4046262848101019, 0.403695627653068, 0.40334252989311914, 0.4031926082296722, 0.4030760924220371, 0.4030136056166441, 0.40296255340795384, 0.4029427793104241, 0.4029202212011258, 0.40291820752022234, 0.40291588945829715, 0.4029149282928399, 0.4029148094555166, 0.40291430302180964, 0.4029138187919419, 0.40291254712509716, 0.4029077951964175, 0.40290546875907307, 0.4029047360857727, 0.40290437448804706, 0.4029042641863886, 0.4029041649012648, 0.40290413561963234, 0.4029041222488794, 0.40290411940164805, 0.4029041187475807, 0.4029041183841071, 0.4029041181533989, 0.40290411810012117, 0.40290411805960935, 0.4029041180539661, 0.40290411805272053, 0.4029041180525519, 0.4029041180524612, 0.40290411805242154, 0.4029041180524082, 0.4029041180524071, 0.4029041180524069, 0.4029041180524069, 0.4029041180524069, 0.4029041180524069]}}, "bfgs": {"type": "gradient", "0": {"maxiter": 100, "gtol": 1e-05, "xrtol": 1e-05, "eps": 1e-05, "duration": 0.09120726585388184, "fun": "0.4029041183229517", "jac": "[-5.22368815e-06 -8.86590801e-07  1.28680400e-06 -1.52463597e-06\n -5.63027402e-07 -1.50160995e-06]", "hess_inv": "[[  9.85675775  -8.44517405   8.28443699  -2.91841623 -11.63435187\n   10.68735837]\n [ -8.44517405  61.87261968 -60.20133486   3.04263561  20.07551988\n  -18.92953152]\n [  8.28443699 -60.20133486  62.86776388  -3.62388132 -20.96430154\n   18.95843596]\n [ -2.91841623   3.04263561  -3.62388132   4.88336764   4.98064632\n   -4.35612484]\n [-11.63435187  20.07551988 -20.96430154   4.98064632  36.80681834\n  -32.90883812]\n [ 10.68735837 -18.92953152  18.95843596  -4.35612484 -32.90883812\n   32.89830319]]", "nfev": "350", "njev": "50", "status": "0", "success": "True", "message": "Optimization terminated successfully.", "x": "[ 6.5396686  -0.24958066  4.18599656  5.71092572  5.76275147  3.11711244]", "nit": "37", "callback": [0.42089086967065426, 0.40569231343098355, 0.40293060577903517]}, "1": {"maxiter": 100, "gtol": 1e-05, "xrtol": 1e-05, "eps": 1e-10, "duration": 0.08960914611816406, "fun": "0.4029041183076534", "jac": "[-7.77156053e-06  4.44089173e-06  3.33066880e-06  0.00000000e+00\n  0.00000000e+00  1.11022293e-06]", "hess_inv": "[[ 10.20720886  -8.60604691   8.35244563  -2.88815224 -11.66068736\n   10.7468652 ]\n [ -8.60604691  64.38146116 -62.52639624   2.97293173  20.18893577\n  -19.08066771]\n [  8.35244563 -62.52639624  65.01361503  -3.4796139  -20.84329\n   18.88505984]\n [ -2.88815224   2.97293173  -3.4796139    4.73288346   4.60587341\n   -4.08568592]\n [-11.66068736  20.18893577 -20.84329      4.60587341  34.82606772\n  -31.16233729]\n [ 10.7468652  -19.08066771  18.88505984  -4.08568592 -31.16233729\n   31.39716188]]", "nfev": "350", "njev": "50", "status": "0", "success": "True", "message": "Optimization terminated successfully.", "x": "[ 6.53964779 -0.24946011  4.18588575  5.71093769  5.76276235  3.11710829]", "nit": "37", "callback": [0.4208895908889825, 0.4056923046756906, 0.4029243231693277]}, "2": {"maxiter": 100, "gtol": 1e-05, "xrtol": 1e-10, "eps": 1e-05, "duration": 0.1007990837097168, "fun": "0.4029041183229517", "jac": "[-5.22368815e-06 -8.86590801e-07  1.28680400e-06 -1.52463597e-06\n -5.63027402e-07 -1.50160995e-06]", "hess_inv": "[[  9.85675775  -8.44517405   8.28443699  -2.91841623 -11.63435187\n   10.68735837]\n [ -8.44517405  61.87261968 -60.20133486   3.04263561  20.07551988\n  -18.92953152]\n [  8.28443699 -60.20133486  62.86776388  -3.62388132 -20.96430154\n   18.95843596]\n [ -2.91841623   3.04263561  -3.62388132   4.88336764   4.98064632\n   -4.35612484]\n [-11.63435187  20.07551988 -20.96430154   4.98064632  36.80681834\n  -32.90883812]\n [ 10.68735837 -18.92953152  18.95843596  -4.35612484 -32.90883812\n   32.89830319]]", "nfev": "350", "njev": "50", "status": "0", "success": "True", "message": "Optimization terminated successfully.", "x": "[ 6.5396686  -0.24958066  4.18599656  5.71092572  5.76275147  3.11711244]", "nit": "37", "callback": [0.42089086967065426, 0.40569231343098355, 0.40293060577903517]}, "3": {"maxiter": 100, "gtol": 1e-05, "xrtol": 1e-10, "eps": 1e-10, "duration": 0.10039591789245605, "fun": "0.4029041183076534", "jac": "[-7.77156053e-06  4.44089173e-06  3.33066880e-06  0.00000000e+00\n  0.00000000e+00  1.11022293e-06]", "hess_inv": "[[ 10.20720886  -8.60604691   8.35244563  -2.88815224 -11.66068736\n   10.7468652 ]\n [ -8.60604691  64.38146116 -62.52639624   2.97293173  20.18893577\n  -19.08066771]\n [  8.35244563 -62.52639624  65.01361503  -3.4796139  -20.84329\n   18.88505984]\n [ -2.88815224   2.97293173  -3.4796139    4.73288346   4.60587341\n   -4.08568592]\n [-11.66068736  20.18893577 -20.84329      4.60587341  34.82606772\n  -31.16233729]\n [ 10.7468652  -19.08066771  18.88505984  -4.08568592 -31.16233729\n   31.39716188]]", "nfev": "350", "njev": "50", "status": "0", "success": "True", "message": "Optimization terminated successfully.", "x": "[ 6.53964779 -0.24946011  4.18588575  5.71093769  5.76276235  3.11710829]", "nit": "37", "callback": [0.4208895908889825, 0.4056923046756906, 0.4029243231693277]}, "4": {"maxiter": 100, "gtol": 1e-10, "xrtol": 1e-05, "eps": 1e-05, "duration": 0.1032109260559082, "fun": "0.4029041180625623", "jac": "[-7.60724817e-08  1.31561428e-08 -7.10542736e-10 -5.77315973e-08\n -2.76889622e-08  1.06137321e-08]", "hess_inv": "[[  9.94842754  -7.05202146   6.94482411  -3.19349802 -12.56022404\n   11.52104744]\n [ -7.05202146  63.06871833 -61.47664054   2.52276217  16.51216152\n  -15.64256885]\n [  6.94482411 -61.47664054  64.20899067  -3.07940115 -17.37144297\n   15.65260553]\n [ -3.19349802   2.52276217  -3.07940115   4.937165     5.36483768\n   -4.73595542]\n [-12.56022404  16.51216152 -17.37144297   5.36483768  38.45337038\n  -34.5234281 ]\n [ 11.52104744 -15.64256885  15.65260553  -4.73595542 -34.5234281\n   34.46688489]]", "nfev": "364", "njev": "52", "status": "0", "success": "True", "message": "Optimization terminated successfully.", "x": "[ 6.53971074 -0.24949282  4.18590473  5.71091868  5.76270084  3.11716371]", "nit": "39", "callback": [0.42089086967065426, 0.40569231343098355, 0.40293060577903517]}, "5": {"maxiter": 100, "gtol": 1e-10, "xrtol": 1e-05, "eps": 1e-10, "duration": 0.09015011787414551, "fun": "0.4029041180853794", "jac": "[ 0.00000000e+00  0.00000000e+00 -1.11022293e-06 -2.22044587e-06\n  0.00000000e+00  0.00000000e+00]", "hess_inv": "[[ 12.23834961  -2.08144235   1.60812182  -4.3755334  -15.4424503\n   14.65363809]\n [ -2.08144235  42.76966982 -42.76694562   2.45725532  16.19927544\n  -15.93547607]\n [  1.60812182 -42.76694562  47.09949496  -2.68820764 -16.22635733\n   15.06571099]\n [ -4.3755334    2.45725532  -2.68820764   5.39535386   6.55778058\n   -6.0043053 ]\n [-15.4424503   16.19927544 -16.22635733   6.55778058  40.32755239\n  -36.66080598]\n [ 14.65363809 -15.93547607  15.06571099  -6.0043053  -36.66080598\n   36.86422224]]", "nfev": "364", "njev": "52", "status": "0", "success": "True", "message": "Optimization terminated successfully.", "x": "[ 6.53973052 -0.24950609  4.18591457  5.7109084   5.76266514  3.11720183]", "nit": "39", "callback": [0.4208895908889825, 0.4056923046756906, 0.4029243231693277]}, "6": {"maxiter": 100, "gtol": 1e-10, "xrtol": 1e-10, "eps": 1e-05, "duration": 0.1667649745941162, "fun": "0.4029041180621611", "jac": "[ 7.99360578e-10  4.55191440e-10  3.33066907e-10 -1.55431223e-10\n  9.76996262e-10  9.65894031e-10]", "hess_inv": "[[ 10.17057339  -7.51360661   7.3774752   -3.2495792  -13.25625499\n   12.11922828]\n [ -7.51360661  64.04982871 -62.39996135   2.66967657  18.15876593\n  -17.05037788]\n [  7.3774752  -62.39996135  65.07589573  -3.20373369 -18.84314454\n   16.91097951]\n [ -3.2495792    2.66967657  -3.20373369   4.8637787    5.07875731\n   -4.4915777 ]\n [-13.25625499  18.15876593 -18.84314454   5.07875731  38.24754328\n  -34.34600346]\n [ 12.11922828 -17.05037788  16.91097951  -4.4915777  -34.34600346\n   34.31533814]]", "nfev": "627", "njev": "88", "status": "2", "success": "False", "message": "Desired error not necessarily achieved due to precision loss.", "x": "[ 6.53971094 -0.24949343  4.18590527  5.71091886  5.7627013   3.1171633 ]", "nit": "40", "callback": [0.42089086967065426, 0.40569231343098355, 0.40293060577903517, 0.4029041180621611]}, "7": {"maxiter": 100, "gtol": 1e-10, "xrtol": 1e-10, "eps": 1e-10, "duration": 0.10563802719116211, "fun": "0.4029041180751989", "jac": "[0. 0. 0. 0. 0. 0.]", "hess_inv": "[[  5.57569371  -4.01700329   2.12772999  -3.92284914  -8.88143034\n    6.59367849]\n [ -4.01700329  24.31902127 -27.88712735   1.83802751  16.07480539\n  -12.74506389]\n [  2.12772999 -27.88712735  38.02649812   0.24892769 -17.43205114\n   12.18109058]\n [ -3.92284914   1.83802751   0.24892769   7.13146933   4.32791492\n   -4.54847704]\n [ -8.88143034  16.07480539 -17.43205114   4.32791492  36.8035001\n  -30.45963653]\n [  6.59367849 -12.74506389  12.18109058  -4.54847704 -30.45963653\n   27.56201913]]", "nfev": "399", "njev": "57", "status": "0", "success": "True", "message": "Optimization terminated successfully.", "x": "[ 6.53972754 -0.24952721  4.18594076  5.71091484  5.76265924  3.11720698]", "nit": "42", "callback": [0.4208895908889825, 0.4056923046756906, 0.4029243231693277, 0.4029041180779811]}, "8": {"maxiter": 500, "gtol": 1e-05, "xrtol": 1e-05, "eps": 1e-05, "duration": 0.11208510398864746, "fun": "0.4029041183229517", "jac": "[-5.22368815e-06 -8.86590801e-07  1.28680400e-06 -1.52463597e-06\n -5.63027402e-07 -1.50160995e-06]", "hess_inv": "[[  9.85675775  -8.44517405   8.28443699  -2.91841623 -11.63435187\n   10.68735837]\n [ -8.44517405  61.87261968 -60.20133486   3.04263561  20.07551988\n  -18.92953152]\n [  8.28443699 -60.20133486  62.86776388  -3.62388132 -20.96430154\n   18.95843596]\n [ -2.91841623   3.04263561  -3.62388132   4.88336764   4.98064632\n   -4.35612484]\n [-11.63435187  20.07551988 -20.96430154   4.98064632  36.80681834\n  -32.90883812]\n [ 10.68735837 -18.92953152  18.95843596  -4.35612484 -32.90883812\n   32.89830319]]", "nfev": "350", "njev": "50", "status": "0", "success": "True", "message": "Optimization terminated successfully.", "x": "[ 6.5396686  -0.24958066  4.18599656  5.71092572  5.76275147  3.11711244]", "nit": "37", "callback": [0.42089086967065426, 0.40569231343098355, 0.40293060577903517]}, "9": {"maxiter": 500, "gtol": 1e-05, "xrtol": 1e-05, "eps": 1e-10, "duration": 0.10185670852661133, "fun": "0.4029041183076534", "jac": "[-7.77156053e-06  4.44089173e-06  3.33066880e-06  0.00000000e+00\n  0.00000000e+00  1.11022293e-06]", "hess_inv": "[[ 10.20720886  -8.60604691   8.35244563  -2.88815224 -11.66068736\n   10.7468652 ]\n [ -8.60604691  64.38146116 -62.52639624   2.97293173  20.18893577\n  -19.08066771]\n [  8.35244563 -62.52639624  65.01361503  -3.4796139  -20.84329\n   18.88505984]\n [ -2.88815224   2.97293173  -3.4796139    4.73288346   4.60587341\n   -4.08568592]\n [-11.66068736  20.18893577 -20.84329      4.60587341  34.82606772\n  -31.16233729]\n [ 10.7468652  -19.08066771  18.88505984  -4.08568592 -31.16233729\n   31.39716188]]", "nfev": "350", "njev": "50", "status": "0", "success": "True", "message": "Optimization terminated successfully.", "x": "[ 6.53964779 -0.24946011  4.18588575  5.71093769  5.76276235  3.11710829]", "nit": "37", "callback": [0.4208895908889825, 0.4056923046756906, 0.4029243231693277]}, "10": {"maxiter": 500, "gtol": 1e-05, "xrtol": 1e-10, "eps": 1e-05, "duration": 0.0928199291229248, "fun": "0.4029041183229517", "jac": "[-5.22368815e-06 -8.86590801e-07  1.28680400e-06 -1.52463597e-06\n -5.63027402e-07 -1.50160995e-06]", "hess_inv": "[[  9.85675775  -8.44517405   8.28443699  -2.91841623 -11.63435187\n   10.68735837]\n [ -8.44517405  61.87261968 -60.20133486   3.04263561  20.07551988\n  -18.92953152]\n [  8.28443699 -60.20133486  62.86776388  -3.62388132 -20.96430154\n   18.95843596]\n [ -2.91841623   3.04263561  -3.62388132   4.88336764   4.98064632\n   -4.35612484]\n [-11.63435187  20.07551988 -20.96430154   4.98064632  36.80681834\n  -32.90883812]\n [ 10.68735837 -18.92953152  18.95843596  -4.35612484 -32.90883812\n   32.89830319]]", "nfev": "350", "njev": "50", "status": "0", "success": "True", "message": "Optimization terminated successfully.", "x": "[ 6.5396686  -0.24958066  4.18599656  5.71092572  5.76275147  3.11711244]", "nit": "37", "callback": [0.42089086967065426, 0.40569231343098355, 0.40293060577903517]}, "11": {"maxiter": 500, "gtol": 1e-05, "xrtol": 1e-10, "eps": 1e-10, "duration": 0.1001429557800293, "fun": "0.4029041183076534", "jac": "[-7.77156053e-06  4.44089173e-06  3.33066880e-06  0.00000000e+00\n  0.00000000e+00  1.11022293e-06]", "hess_inv": "[[ 10.20720886  -8.60604691   8.35244563  -2.88815224 -11.66068736\n   10.7468652 ]\n [ -8.60604691  64.38146116 -62.52639624   2.97293173  20.18893577\n  -19.08066771]\n [  8.35244563 -62.52639624  65.01361503  -3.4796139  -20.84329\n   18.88505984]\n [ -2.88815224   2.97293173  -3.4796139    4.73288346   4.60587341\n   -4.08568592]\n [-11.66068736  20.18893577 -20.84329      4.60587341  34.82606772\n  -31.16233729]\n [ 10.7468652  -19.08066771  18.88505984  -4.08568592 -31.16233729\n   31.39716188]]", "nfev": "350", "njev": "50", "status": "0", "success": "True", "message": "Optimization terminated successfully.", "x": "[ 6.53964779 -0.24946011  4.18588575  5.71093769  5.76276235  3.11710829]", "nit": "37", "callback": [0.4208895908889825, 0.4056923046756906, 0.4029243231693277]}, "12": {"maxiter": 500, "gtol": 1e-10, "xrtol": 1e-05, "eps": 1e-05, "duration": 0.10965299606323242, "fun": "0.4029041180625623", "jac": "[-7.60724817e-08  1.31561428e-08 -7.10542736e-10 -5.77315973e-08\n -2.76889622e-08  1.06137321e-08]", "hess_inv": "[[  9.94842754  -7.05202146   6.94482411  -3.19349802 -12.56022404\n   11.52104744]\n [ -7.05202146  63.06871833 -61.47664054   2.52276217  16.51216152\n  -15.64256885]\n [  6.94482411 -61.47664054  64.20899067  -3.07940115 -17.37144297\n   15.65260553]\n [ -3.19349802   2.52276217  -3.07940115   4.937165     5.36483768\n   -4.73595542]\n [-12.56022404  16.51216152 -17.37144297   5.36483768  38.45337038\n  -34.5234281 ]\n [ 11.52104744 -15.64256885  15.65260553  -4.73595542 -34.5234281\n   34.46688489]]", "nfev": "364", "njev": "52", "status": "0", "success": "True", "message": "Optimization terminated successfully.", "x": "[ 6.53971074 -0.24949282  4.18590473  5.71091868  5.76270084  3.11716371]", "nit": "39", "callback": [0.42089086967065426, 0.40569231343098355, 0.40293060577903517]}, "13": {"maxiter": 500, "gtol": 1e-10, "xrtol": 1e-05, "eps": 1e-10, "duration": 0.11184310913085938, "fun": "0.4029041180853794", "jac": "[ 0.00000000e+00  0.00000000e+00 -1.11022293e-06 -2.22044587e-06\n  0.00000000e+00  0.00000000e+00]", "hess_inv": "[[ 12.23834961  -2.08144235   1.60812182  -4.3755334  -15.4424503\n   14.65363809]\n [ -2.08144235  42.76966982 -42.76694562   2.45725532  16.19927544\n  -15.93547607]\n [  1.60812182 -42.76694562  47.09949496  -2.68820764 -16.22635733\n   15.06571099]\n [ -4.3755334    2.45725532  -2.68820764   5.39535386   6.55778058\n   -6.0043053 ]\n [-15.4424503   16.19927544 -16.22635733   6.55778058  40.32755239\n  -36.66080598]\n [ 14.65363809 -15.93547607  15.06571099  -6.0043053  -36.66080598\n   36.86422224]]", "nfev": "36