{"date": "2024/09/24/, 22:56:50", "conf_id": 71, "data_type": "random\n", "num_data_points": 4, "s_rank": 0, "unitary": "[[-0.56303964-0.00798273j,-0.21670212-0.15784972j,-0.06047197-0.73952673j,-0.01438004+0.24552571j],[-0.06976756+0.23474685j,-0.01275565-0.5435098j,-0.02703657-0.08917885j,-0.08210486-0.79311774j],[-0.38559961+0.10714929j,0.5933431-0.2687392j,-0.24060861+0.29149289j,-0.45147719+0.26241743j],[-0.50180421+0.45931857j,-0.11617175+0.44134496j,0.49642745+0.22684508j,-0.08544628-0.15407063j]]", "databatch_0": {"databatch": "[[[-0.06612914+1.18936433e-01j,-0.04317156+3.27409540e-02j,0.01841876-5.26885972e-02j,-0.1147742-2.65370537e-02j],[0.00125971-4.30427369e-01j,-0.03076647+6.45724939e-02j,-0.05147079+2.11279747e-01j,0.24456279-5.23747632e-02j],[0.17167508+3.95343191e-01j,-0.00990402+5.80429431e-04j,0.03371212-1.59513112e-01j,-0.12980395+1.00859207e-01j],[-0.37899435+3.61396602e-01j,-0.03716201+3.28911228e-02j,0.32533381+8.37552819e-02j,0.01738953-1.78853651e-01j]],[[-0.02570279+9.16949621e-02j,0.23732394+1.05304387e-01j,0.08712307+1.08185225e-01j,-0.22234989-1.65487543e-02j],[0.09051178+2.39549819e-01j,0.08870353+1.36554383e-01j,-0.04219352+1.00258083e-01j,-0.07571324-1.12995526e-01j],[-0.00309427+3.94789720e-02j,0.07430054+1.36984054e-01j,-0.11353413+1.22494454e-01j,-0.1182649+1.81273003e-02j],[0.01844459+6.47066398e-03j,-0.39289134+3.09480278e-01j,-0.15824695+1.02773544e-01j,0.33911937-5.12731854e-01j]],[[0.30696776-6.33459056e-02j,0.00109874+3.63990211e-01j,-0.0745347+1.53350748e-02j,-0.12059242+3.27203430e-02j],[-0.04281869+1.99654408e-01j,0.25827368+1.35210145e-01j,0.13015955+2.40498335e-01j,-0.284988+2.26756563e-01j],[-0.1168057+4.39663449e-03j,-0.04190237+1.93543244e-01j,-0.0717607+1.68209587e-02j,-0.23619051-4.99439474e-02j],[0.37391851+6.10584691e-02j,-0.20943213+2.04988761e-01j,-0.02747369-2.41124945e-01j,0.01832597+9.22840510e-02j]],[[0.11857089-2.62387191e-01j,-0.07836435-1.28122015e-01j,0.12209764+7.47206423e-02j,-0.03706631-6.08157093e-02j],[-0.25057915+1.27525911e-01j,0.15223262-4.65889072e-01j,-0.01758225-4.30293896e-04j,-0.0739586+1.38072744e-01j],[0.08083927+9.61761842e-02j,-0.15894751-1.32936858e-01j,0.12378622-8.12270668e-02j,0.39995285+1.07978812e-01j],[-0.18191597+6.69138972e-02j,0.34123585-2.68887740e-01j,-0.06750663+5.21228813e-02j,-0.17487233+9.17559362e-02j]]]", "initial param values": "[1.83340399,0.21727003,4.8270083,6.02858585,3.49232511,0.71707001]", "nelder_mead": {"type": "gradient-free", "0": {"maxiter": 100, "fatol": 1e-05, "xatol": 1e-05, "duration": 0.0399019718170166, "fun": "0.3971690716540802", "nit": "100", "nfev": "160", "status": "2", "success": "False", "message": "Maximum number of iterations has been exceeded.", "x": "[1.6161579  0.21796989 6.97041303 3.43793279 2.77362755 1.15978641]", "final_simplex": "(array([[1.6161579 , 0.21796989, 6.97041303, 3.43793279, 2.77362755,\n        1.15978641],\n       [1.61711931, 0.22436253, 6.92581285, 3.41133182, 2.78874007,\n        1.13787533],\n       [1.59934647, 0.22624561, 6.95924486, 3.35313519, 2.76691825,\n        1.14002911],\n       [1.56196902, 0.23446057, 6.98178438, 3.44849966, 2.75260354,\n        1.11982917],\n       [1.58333323, 0.22765572, 6.93441256, 3.39198998, 2.72342642,\n        1.14468302],\n       [1.60756075, 0.23949449, 6.96751046, 3.38981945, 2.75884692,\n        1.10092033],\n       [1.55695416, 0.23859295, 6.91796716, 3.45747735, 2.7602863 ,\n        1.09577274]]), array([0.39716907, 0.397325  , 0.397388  , 0.39767383, 0.39777294,\n       0.39822198, 0.39822731]))", "callback": [0.8608984140438095, 0.6410520438713498, 0.5484084699861743, 0.4281354341712209, 0.41120715235363225, 0.4015043041581623, 0.40046872426139646, 0.3997134166883456, 0.3992106806751433, 0.39854741517311654]}, "1": {"maxiter": 100, "fatol": 1e-05, "xatol": 1e-10, "duration": 0.03772401809692383, "fun": "0.3971690716540802", "nit": "100", "nfev": "160", "status": "2", "success": "False", "message": "Maximum number of iterations has been exceeded.", "x": "[1.6161579  0.21796989 6.97041303 3.43793279 2.77362755 1.15978641]", "final_simplex": "(array([[1.6161579 , 0.21796989, 6.97041303, 3.43793279, 2.77362755,\n        1.15978641],\n       [1.61711931, 0.22436253, 6.92581285, 3.41133182, 2.78874007,\n        1.13787533],\n       [1.59934647, 0.22624561, 6.95924486, 3.35313519, 2.76691825,\n        1.14002911],\n       [1.56196902, 0.23446057, 6.98178438, 3.44849966, 2.75260354,\n        1.11982917],\n       [1.58333323, 0.22765572, 6.93441256, 3.39198998, 2.72342642,\n        1.14468302],\n       [1.60756075, 0.23949449, 6.96751046, 3.38981945, 2.75884692,\n        1.10092033],\n       [1.55695416, 0.23859295, 6.91796716, 3.45747735, 2.7602863 ,\n        1.09577274]]), array([0.39716907, 0.397325  , 0.397388  , 0.39767383, 0.39777294,\n       0.39822198, 0.39822731]))", "callback": [0.8608984140438095, 0.6410520438713498, 0.5484084699861743, 0.4281354341712209, 0.41120715235363225, 0.4015043041581623, 0.40046872426139646, 0.3997134166883456, 0.3992106806751433, 0.39854741517311654]}, "2": {"maxiter": 100, "fatol": 1e-10, "xatol": 1e-05, "duration": 0.037187814712524414, "fun": "0.3971690716540802", "nit": "100", "nfev": "160", "status": "2", "success": "False", "message": "Maximum number of iterations has been exceeded.", "x": "[1.6161579  0.21796989 6.97041303 3.43793279 2.77362755 1.15978641]", "final_simplex": "(array([[1.6161579 , 0.21796989, 6.97041303, 3.43793279, 2.77362755,\n        1.15978641],\n       [1.61711931, 0.22436253, 6.92581285, 3.41133182, 2.78874007,\n        1.13787533],\n       [1.59934647, 0.22624561, 6.95924486, 3.35313519, 2.76691825,\n        1.14002911],\n       [1.56196902, 0.23446057, 6.98178438, 3.44849966, 2.75260354,\n        1.11982917],\n       [1.58333323, 0.22765572, 6.93441256, 3.39198998, 2.72342642,\n        1.14468302],\n       [1.60756075, 0.23949449, 6.96751046, 3.38981945, 2.75884692,\n        1.10092033],\n       [1.55695416, 0.23859295, 6.91796716, 3.45747735, 2.7602863 ,\n        1.09577274]]), array([0.39716907, 0.397325  , 0.397388  , 0.39767383, 0.39777294,\n       0.39822198, 0.39822731]))", "callback": [0.8608984140438095, 0.6410520438713498, 0.5484084699861743, 0.4281354341712209, 0.41120715235363225, 0.4015043041581623, 0.40046872426139646, 0.3997134166883456, 0.3992106806751433, 0.39854741517311654]}, "3": {"maxiter": 100, "fatol": 1e-10, "xatol": 1e-10, "duration": 0.037029266357421875, "fun": "0.3971690716540802", "nit": "100", "nfev": "160", "status": "2", "success": "False", "message": "Maximum number of iterations has been exceeded.", "x": "[1.6161579  0.21796989 6.97041303 3.43793279 2.77362755 1.15978641]", "final_simplex": "(array([[1.6161579 , 0.21796989, 6.97041303, 3.43793279, 2.77362755,\n        1.15978641],\n       [1.61711931, 0.22436253, 6.92581285, 3.41133182, 2.78874007,\n        1.13787533],\n       [1.59934647, 0.22624561, 6.95924486, 3.35313519, 2.76691825,\n        1.14002911],\n       [1.56196902, 0.23446057, 6.98178438, 3.44849966, 2.75260354,\n        1.11982917],\n       [1.58333323, 0.22765572, 6.93441256, 3.39198998, 2.72342642,\n        1.14468302],\n       [1.60756075, 0.23949449, 6.96751046, 3.38981945, 2.75884692,\n        1.10092033],\n       [1.55695416, 0.23859295, 6.91796716, 3.45747735, 2.7602863 ,\n        1.09577274]]), array([0.39716907, 0.397325  , 0.397388  , 0.39767383, 0.39777294,\n       0.39822198, 0.39822731]))", "callback": [0.8608984140438095, 0.6410520438713498, 0.5484084699861743, 0.4281354341712209, 0.41120715235363225, 0.4015043041581623, 0.40046872426139646, 0.3997134166883456, 0.3992106806751433, 0.39854741517311654]}, "4": {"maxiter": 500, "fatol": 1e-05, "xatol": 1e-05, "duration": 0.1549699306488037, "fun": "0.3746721293735621", "nit": "416", "nfev": "652", "status": "0", "success": "True", "message": "Optimization terminated successfully.", "x": "[ 1.27127491 -0.08967997  6.87365643  3.71706318  3.52836538  2.06431506]", "final_simplex": "(array([[ 1.27127491, -0.08967997,  6.87365643,  3.71706318,  3.52836538,\n         2.06431506],\n       [ 1.27127685, -0.08967899,  6.87365859,  3.71705791,  3.52835618,\n         2.06430928],\n       [ 1.27127743, -0.08967812,  6.8736578 ,  3.71705553,  3.5283627 ,\n         2.06431367],\n       [ 1.27127977, -0.08967542,  6.87365957,  3.71705763,  3.52836282,\n         2.06431199],\n       [ 1.27128073, -0.0896779 ,  6.87365971,  3.71705685,  3.52836058,\n         2.06431284],\n       [ 1.27128171, -0.08967323,  6.87365396,  3.71705586,  3.52836799,\n         2.06431796],\n       [ 1.27127032, -0.08967959,  6.87365093,  3.71706334,  3.52836362,\n         2.06432125]]), array([0.37467213, 0.37467213, 0.37467213, 0.37467213, 0.37467213,\n       0.37467213, 0.37467213]))", "callback": [0.8608984140438095, 0.6410520438713498, 0.5484084699861743, 0.4281354341712209, 0.41120715235363225, 0.4015043041581623, 0.40046872426139646, 0.3997134166883456, 0.3992106806751433, 0.39854741517311654, 0.396126681310375, 0.3926923313482086, 0.38834920683436736, 0.3796125532356701, 0.37538434081864835, 0.37538434081864835, 0.3748950803000103, 0.374866306899275, 0.3748340379458085, 0.3748340379458085, 0.3748316180230643, 0.37483020075587015, 0.37482770649303765, 0.3748245239782386, 0.3748153336726652, 0.37477075815692573, 0.3746871628974966, 0.37468068576932323, 0.3746765416295974, 0.37467323565000665, 0.37467271135642966, 0.37467225521985414, 0.37467219418758246, 0.37467213629334073, 0.37467213629334073, 0.37467213167589164, 0.3746721297458868, 0.37467212962485485, 0.37467212947388095, 0.37467212941787265, 0.37467212938131755, 0.3746721293735621]}, "5": {"maxiter": 500, "fatol": 1e-05, "xatol": 1e-10, "duration": 0.18103981018066406, "fun": "0.3746721293698434", "nit": "500", "nfev": "785", "status": "2", "success": "False", "message": "Maximum number of iterations has been exceeded.", "x": "[ 1.27127436 -0.08967794  6.87365443  3.71706045  3.52835748  2.06430652]", "final_simplex": "(array([[ 1.27127436, -0.08967794,  6.87365443,  3.71706045,  3.52835748,\n         2.06430652],\n       [ 1.27127445, -0.08967802,  6.87365445,  3.71706051,  3.52835773,\n         2.06430664],\n       [ 1.27127438, -0.0896779 ,  6.8736544 ,  3.71706036,  3.5283578 ,\n         2.06430681],\n       [ 1.27127449, -0.08967802,  6.87365461,  3.7170604 ,  3.52835781,\n         2.06430675],\n       [ 1.27127447, -0.08967789,  6.87365444,  3.71706045,  3.52835772,\n         2.06430674],\n       [ 1.27127458, -0.08967811,  6.87365448,  3.7170604 ,  3.52835771,\n         2.06430666],\n       [ 1.27127423, -0.08967804,  6.87365438,  3.71706065,  3.52835783,\n         2.06430704]]), array([0.37467213, 0.37467213, 0.37467213, 0.37467213, 0.37467213,\n       0.37467213, 0.37467213]))", "callback": [0.8608984140438095, 0.6410520438713498, 0.5484084699861743, 0.4281354341712209, 0.41120715235363225, 0.4015043041581623, 0.40046872426139646, 0.3997134166883456, 0.3992106806751433, 0.39854741517311654, 0.396126681310375, 0.3926923313482086, 0.38834920683436736, 0.3796125532356701, 0.37538434081864835, 0.37538434081864835, 0.3748950803000103, 0.374866306899275, 0.3748340379458085, 0.3748340379458085, 0.3748316180230643, 0.37483020075587015, 0.37482770649303765, 0.3748245239782386, 0.3748153336726652, 0.37477075815692573, 0.3746871628974966, 0.37468068576932323, 0.3746765416295974, 0.37467323565000665, 0.37467271135642966, 0.37467225521985414, 0.37467219418758246, 0.37467213629334073, 0.37467213629334073, 0.37467213167589164, 0.3746721297458868, 0.37467212962485485, 0.37467212947388095, 0.37467212941787265, 0.37467212938131755, 0.3746721293735621, 0.37467212937207606, 0.3746721293715589, 0.3746721293705675, 0.3746721293701252, 0.3746721293699995, 0.37467212936987293, 0.37467212936985805, 0.37467212936984784]}, "6": {"maxiter": 500, "fatol": 1e-10, "xatol": 1e-05, "duration": 0.15558290481567383, "fun": "0.3746721293735621", "nit": "416", "nfev": "652", "status": "0", "success": "True", "message": "Optimization terminated successfully.", "x": "[ 1.27127491 -0.08967997  6.87365643  3.71706318  3.52836538  2.06431506]", "final_simplex": "(array([[ 1.27127491, -0.08967997,  6.87365643,  3.71706318,  3.52836538,\n         2.06431506],\n       [ 1.27127685, -0.08967899,  6.87365859,  3.71705791,  3.52835618,\n         2.06430928],\n       [ 1.27127743, -0.08967812,  6.8736578 ,  3.71705553,  3.5283627 ,\n         2.06431367],\n       [ 1.27127977, -0.08967542,  6.87365957,  3.71705763,  3.52836282,\n         2.06431199],\n       [ 1.27128073, -0.0896779 ,  6.87365971,  3.71705685,  3.52836058,\n         2.06431284],\n       [ 1.27128171, -0.08967323,  6.87365396,  3.71705586,  3.52836799,\n         2.06431796],\n       [ 1.27127032, -0.08967959,  6.87365093,  3.71706334,  3.52836362,\n         2.06432125]]), array([0.37467213, 0.37467213, 0.37467213, 0.37467213, 0.37467213,\n       0.37467213, 0.37467213]))", "callback": [0.8608984140438095, 0.6410520438713498, 0.5484084699861743, 0.4281354341712209, 0.41120715235363225, 0.4015043041581623, 0.40046872426139646, 0.3997134166883456, 0.3992106806751433, 0.39854741517311654, 0.396126681310375, 0.3926923313482086, 0.38834920683436736, 0.3796125532356701, 0.37538434081864835, 0.37538434081864835, 0.3748950803000103, 0.374866306899275, 0.3748340379458085, 0.3748340379458085, 0.3748316180230643, 0.37483020075587015, 0.37482770649303765, 0.3748245239782386, 0.3748153336726652, 0.37477075815692573, 0.3746871628974966, 0.37468068576932323, 0.3746765416295974, 0.37467323565000665, 0.37467271135642966, 0.37467225521985414, 0.37467219418758246, 0.37467213629334073, 0.37467213629334073, 0.37467213167589164, 0.3746721297458868, 0.37467212962485485, 0.37467212947388095, 0.37467212941787265, 0.37467212938131755, 0.3746721293735621]}, "7": {"maxiter": 500, "fatol": 1e-10, "xatol": 1e-10, "duration": 0.18761682510375977, "fun": "0.3746721293698434", "nit": "500", "nfev": "785", "status": "2", "success": "False", "message": "Maximum number of iterations has been exceeded.", "x": "[ 1.27127436 -0.08967794  6.87365443  3.71706045  3.52835748  2.06430652]", "final_simplex": "(array([[ 1.27127436, -0.08967794,  6.87365443,  3.71706045,  3.52835748,\n         2.06430652],\n       [ 1.27127445, -0.08967802,  6.87365445,  3.71706051,  3.52835773,\n         2.06430664],\n       [ 1.27127438, -0.0896779 ,  6.8736544 ,  3.71706036,  3.5283578 ,\n         2.06430681],\n       [ 1.27127449, -0.08967802,  6.87365461,  3.7170604 ,  3.52835781,\n         2.06430675],\n       [ 1.27127447, -0.08967789,  6.87365444,  3.71706045,  3.52835772,\n         2.06430674],\n       [ 1.27127458, -0.08967811,  6.87365448,  3.7170604 ,  3.52835771,\n         2.06430666],\n       [ 1.27127423, -0.08967804,  6.87365438,  3.71706065,  3.52835783,\n         2.06430704]]), array([0.37467213, 0.37467213, 0.37467213, 0.37467213, 0.37467213,\n       0.37467213, 0.37467213]))", "callback": [0.8608984140438095, 0.6410520438713498, 0.5484084699861743, 0.4281354341712209, 0.41120715235363225, 0.4015043041581623, 0.40046872426139646, 0.3997134166883456, 0.3992106806751433, 0.39854741517311654, 0.396126681310375, 0.3926923313482086, 0.38834920683436736, 0.3796125532356701, 0.37538434081864835, 0.37538434081864835, 0.3748950803000103, 0.374866306899275, 0.3748340379458085, 0.3748340379458085, 0.3748316180230643, 0.37483020075587015, 0.37482770649303765, 0.3748245239782386, 0.3748153336726652, 0.37477075815692573, 0.3746871628974966, 0.37468068576932323, 0.3746765416295974, 0.37467323565000665, 0.37467271135642966, 0.37467225521985414, 0.37467219418758246, 0.37467213629334073, 0.37467213629334073, 0.37467213167589164, 0.3746721297458868, 0.37467212962485485, 0.37467212947388095, 0.37467212941787265, 0.37467212938131755, 0.3746721293735621, 0.37467212937207606, 0.3746721293715589, 0.3746721293705675, 0.3746721293701252, 0.3746721293699995, 0.37467212936987293, 0.37467212936985805, 0.37467212936984784]}, "8": {"maxiter": 1000, "fatol": 1e-05, "xatol": 1e-05, "duration": 0.14659571647644043, "fun": "0.3746721293735621", "nit": "416", "nfev": "652", "status": "0", "success": "True", "message": "Optimization terminated successfully.", "x": "[ 1.27127491 -0.08967997  6.87365643  3.71706318  3.52836538  2.06431506]", "final_simplex": "(array([[ 1.27127491, -0.08967997,  6.87365643,  3.71706318,  3.52836538,\n         2.06431506],\n       [ 1.27127685, -0.08967899,  6.87365859,  3.71705791,  3.52835618,\n         2.06430928],\n       [ 1.27127743, -0.08967812,  6.8736578 ,  3.71705553,  3.5283627 ,\n         2.06431367],\n       [ 1.27127977, -0.08967542,  6.87365957,  3.71705763,  3.52836282,\n         2.06431199],\n       [ 1.27128073, -0.0896779 ,  6.87365971,  3.71705685,  3.52836058,\n         2.06431284],\n       [ 1.27128171, -0.08967323,  6.87365396,  3.71705586,  3.52836799,\n         2.06431796],\n       [ 1.27127032, -0.08967959,  6.87365093,  3.71706334,  3.52836362,\n         2.06432125]]), array([0.37467213, 0.37467213, 0.37467213, 0.37467213, 0.37467213,\n       0.37467213, 0.37467213]))", "callback": [0.8608984140438095, 0.6410520438713498, 0.5484084699861743, 0.4281354341712209, 0.41120715235363225, 0.4015043041581623, 0.40046872426139646, 0.3997134166883456, 0.3992106806751433, 0.39854741517311654, 0.396126681310375, 0.3926923313482086, 0.38834920683436736, 0.3796125532356701, 0.37538434081864835, 0.37538434081864835, 0.3748950803000103, 0.374866306899275, 0.3748340379458085, 0.3748340379458085, 0.3748316180230643, 0.37483020075587015, 0.37482770649303765, 0.3748245239782386, 0.3748153336726652, 0.37477075815692573, 0.3746871628974966, 0.37468068576932323, 0.3746765416295974, 0.37467323565000665, 0.37467271135642966, 0.37467225521985414, 0.37467219418758246, 0.37467213629334073, 0.37467213629334073, 0.37467213167589164, 0.3746721297458868, 0.37467212962485485, 0.37467212947388095, 0.37467212941787265, 0.37467212938131755, 0.3746721293735621]}, "9": {"maxiter": 1000, "fatol": 1e-05, "xatol": 1e-10, "duration": 0.22014904022216797, "fun": "0.3746721293698404", "nit": "557", "nfev": "939", "status": "0", "success": "True", "message": "Optimization terminated successfully.", "x": "[ 1.2712743  -0.08967807  6.87365449  3.71706046  3.52835748  2.06430654]", "final_simplex": "(array([[ 1.2712743 , -0.08967807,  6.87365449,  3.71706046,  3.52835748,\n         2.06430654],\n       [ 1.2712743 , -0.08967807,  6.87365449,  3.71706046,  3.52835748,\n         2.06430654],\n       [ 1.2712743 , -0.08967807,  6.87365449,  3.71706046,  3.52835748,\n         2.06430654],\n       [ 1.2712743 , -0.08967807,  6.87365449,  3.71706046,  3.52835748,\n         2.06430654],\n       [ 1.2712743 , -0.08967807,  6.87365449,  3.71706046,  3.52835748,\n         2.06430654],\n       [ 1.2712743 , -0.08967807,  6.87365449,  3.71706046,  3.52835748,\n         2.06430654],\n       [ 1.2712743 , -0.08967807,  6.87365449,  3.71706046,  3.52835748,\n         2.06430654]]), array([0.37467213, 0.37467213, 0.37467213, 0.37467213, 0.37467213,\n       0.37467213, 0.37467213]))", "callback": [0.8608984140438095, 0.6410520438713498, 0.5484084699861743, 0.4281354341712209, 0.41120715235363225, 0.4015043041581623, 0.40046872426139646, 0.3997134166883456, 0.3992106806751433, 0.39854741517311654, 0.396126681310375, 0.3926923313482086, 0.38834920683436736, 0.3796125532356701, 0.37538434081864835, 0.37538434081864835, 0.3748950803000103, 0.374866306899275, 0.3748340379458085, 0.3748340379458085, 0.3748316180230643, 0.37483020075587015, 0.37482770649303765, 0.3748245239782386, 0.3748153336726652, 0.37477075815692573, 0.3746871628974966, 0.37468068576932323, 0.3746765416295974, 0.37467323565000665, 0.37467271135642966, 0.37467225521985414, 0.37467219418758246, 0.37467213629334073, 0.37467213629334073, 0.37467213167589164, 0.3746721297458868, 0.37467212962485485, 0.37467212947388095, 0.37467212941787265, 0.37467212938131755, 0.3746721293735621, 0.37467212937207606, 0.3746721293715589, 0.3746721293705675, 0.3746721293701252, 0.3746721293699995, 0.37467212936987293, 0.37467212936985805, 0.37467212936984784, 0.3746721293698434, 0.37467212936984096, 0.37467212936984073, 0.3746721293698404, 0.3746721293698404, 0.3746721293698404]}, "10": {"maxiter": 1000, "fatol": 1e-10, "xatol": 1e-05, "duration": 0.14986777305603027, "fun": "0.3746721293735621", "nit": "416", "nfev": "652", "status": "0", "success": "True", "message": "Optimization terminated successfully.", "x": "[ 1.27127491 -0.08967997  6.87365643  3.71706318  3.52836538  2.06431506]", "final_simplex": "(array([[ 1.27127491, -0.08967997,  6.87365643,  3.71706318,  3.52836538,\n         2.06431506],\n       [ 1.27127685, -0.08967899,  6.87365859,  3.71705791,  3.52835618,\n         2.06430928],\n       [ 1.27127743, -0.08967812,  6.8736578 ,  3.71705553,  3.5283627 ,\n         2.06431367],\n       [ 1.27127977, -0.08967542,  6.87365957,  3.71705763,  3.52836282,\n         2.06431199],\n       [ 1.27128073, -0.0896779 ,  6.87365971,  3.71705685,  3.52836058,\n         2.06431284],\n       [ 1.27128171, -0.08967323,  6.87365396,  3.71705586,  3.52836799,\n         2.06431796],\n       [ 1.27127032, -0.08967959,  6.87365093,  3.71706334,  3.52836362,\n         2.06432125]]), array([0.37467213, 0.37467213, 0.37467213, 0.37467213, 0.37467213,\n       0.37467213, 0.37467213]))", "callback": [0.8608984140438095, 0.6410520438713498, 0.5484084699861743, 0.4281354341712209, 0.41120715235363225, 0.4015043041581623, 0.40046872426139646, 0.3997134166883456, 0.3992106806751433, 0.39854741517311654, 0.396126681310375, 0.3926923313482086, 0.38834920683436736, 0.3796125532356701, 0.37538434081864835, 0.37538434081864835, 0.3748950803000103, 0.374866306899275, 0.3748340379458085, 0.3748340379458085, 0.3748316180230643, 0.37483020075587015, 0.37482770649303765, 0.3748245239782386, 0.3748153336726652, 0.37477075815692573, 0.3746871628974966, 0.37468068576932323, 0.3746765416295974, 0.37467323565000665, 0.37467271135642966, 0.37467225521985414, 0.37467219418758246, 0.37467213629334073, 0.37467213629334073, 0.37467213167589164, 0.3746721297458868, 0.37467212962485485, 0.37467212947388095, 0.37467212941787265, 0.37467212938131755, 0.3746721293735621]}, "11": {"maxiter": 1000, "fatol": 1e-10, "xatol": 1e-10, "duration": 0.21201801300048828, "fun": "0.3746721293698404", "nit": "557", "nfev": "939", "status": "0", "success": "True", "message": "Optimization terminated successfully.", "x": "[ 1.2712743  -0.08967807  6.87365449  3.71706046  3.52835748  2.06430654]", "final_simplex": "(array([[ 1.2712743 , -0.08967807,  6.87365449,  3.71706046,  3.52835748,\n         2.06430654],\n       [ 1.2712743 , -0.08967807,  6.87365449,  3.71706046,  3.52835748,\n         2.06430654],\n       [ 1.2712743 , -0.08967807,  6.87365449,  3.71706046,  3.52835748,\n         2.06430654],\n       [ 1.2712743 , -0.08967807,  6.87365449,  3.71706046,  3.52835748,\n         2.06430654],\n       [ 1.2712743 , -0.08967807,  6.87365449,  3.71706046,  3.52835748,\n         2.06430654],\n       [ 1.2712743 , -0.08967807,  6.87365449,  3.71706046,  3.52835748,\n         2.06430654],\n       [ 1.2712743 , -0.08967807,  6.87365449,  3.71706046,  3.52835748,\n         2.06430654]]), array([0.37467213, 0.37467213, 0.37467213, 0.37467213, 0.37467213,\n       0.37467213, 0.37467213]))", "callback": [0.8608984140438095, 0.6410520438713498, 0.5484084699861743, 0.4281354341712209, 0.41120715235363225, 0.4015043041581623, 0.40046872426139646, 0.3997134166883456, 0.3992106806751433, 0.39854741517311654, 0.396126681310375, 0.3926923313482086, 0.38834920683436736, 0.3796125532356701, 0.37538434081864835, 0.37538434081864835, 0.3748950803000103, 0.374866306899275, 0.3748340379458085, 0.3748340379458085, 0.3748316180230643, 0.37483020075587015, 0.37482770649303765, 0.3748245239782386, 0.3748153336726652, 0.37477075815692573, 0.3746871628974966, 0.37468068576932323, 0.3746765416295974, 0.37467323565000665, 0.37467271135642966, 0.37467225521985414, 0.37467219418758246, 0.37467213629334073, 0.37467213629334073, 0.37467213167589164, 0.3746721297458868, 0.37467212962485485, 0.37467212947388095, 0.37467212941787265, 0.37467212938131755, 0.3746721293735621, 0.37467212937207606, 0.3746721293715589, 0.3746721293705675, 0.3746721293701252, 0.3746721293699995, 0.37467212936987293, 0.37467212936985805, 0.37467212936984784, 0.3746721293698434, 0.37467212936984096, 0.37467212936984073, 0.3746721293698404, 0.3746721293698404, 0.3746721293698404]}}, "bfgs": {"type": "gradient", "0": {"maxiter": 100, "gtol": 1e-05, "xrtol": 1e-05, "eps": 1e-05, "duration": 0.04570412635803223, "fun": "0.3746721294293347", "jac": "[ 8.31823499e-07 -3.04012371e-07  8.22664159e-07  1.45871093e-06\n -2.19690932e-07 -9.71223102e-08]", "hess_inv": "[[ 7.33479653  1.5340102  -0.02881307 -3.5889289   1.18482752 -0.55038215]\n [ 1.5340102   4.90424014 -0.10951007 -1.77343019  0.76562025 -1.04681816]\n [-0.02881307 -0.10951007  5.41496219 -0.62119703 -0.53340963 -1.92342171]\n [-3.5889289  -1.77343019 -0.62119703  6.09106146  0.60163307  2.00092459]\n [ 1.18482752  0.76562025 -0.53340963  0.60163307 16.89454782 14.87465895]\n [-0.55038215 -1.04681816 -1.92342171  2.00092459 14.87465895 19.24151221]]", "nfev": "196", "njev": "28", "status": "0", "success": "True", "message": "Optimization terminated successfully.", "x": "[ 1.27126755 -0.08968793  6.87365489  3.71706551  3.52831608  2.06426745]", "nit": "22", "callback": [0.5880947519329773, 0.5692209401234954, 0.4293695852100652, 0.4129438069689586, 0.3941115230049719, 0.3865661433621401, 0.3856451558091202, 0.38399791144082873, 0.38152093640473117, 0.3802255939546998, 0.379622263964299, 0.37856092886423753, 0.37689058688871513, 0.375647286509434, 0.37506899278045325, 0.3746834852762304, 0.37467602913617704, 0.3746740832557718, 0.37467242582398463, 0.3746721696538966, 0.3746721300999385, 0.3746721294293347]}, "1": {"maxiter": 100, "gtol": 1e-05, "xrtol": 1e-05, "eps": 1e-10, "duration": 0.044371843338012695, "fun": "0.37467212944949924", "jac": "[ 0.00000000e+00 -1.11022309e-06  0.00000000e+00  1.11022293e-06\n  0.00000000e+00  0.00000000e+00]", "hess_inv": "[[ 7.3347275   1.56522266 -0.02634122 -3.53420864  1.13502985 -0.53733803]\n [ 1.56522266  4.99852776 -0.07263742 -1.72113     0.9456538  -0.84592239]\n [-0.02634122 -0.07263742  5.41301426 -0.59785654 -0.60981482 -1.95792717]\n [-3.53420864 -1.72113    -0.59785654  5.99116599  0.66350692  1.98461763]\n [ 1.13502985  0.9456538  -0.60981482  0.66350692 16.88789835 15.01437277]\n [-0.53733803 -0.84592239 -1.95792717  1.98461763 15.01437277 19.43089606]]", "nfev": "196", "njev": "28", "status": "0", "success": "True", "message": "Optimization terminated successfully.", "x": "[ 1.27126563 -0.08969251  6.87365381  3.71706619  3.52831225  2.06426406]", "nit": "22", "callback": [0.588098010932987, 0.5692259585104958, 0.42937568833469153, 0.4129532464840284, 0.3941196351280398, 0.38656582984307986, 0.38564488817915143, 0.3839978351886575, 0.381521076971875, 0.38022478065835386, 0.3796216622810795, 0.3785607465316684, 0.3768910586197183, 0.3756478305508282, 0.375069583663033, 0.37468348437236876, 0.3746760442809385, 0.3746740900671106, 0.37467242572386084, 0.3746721701119775, 0.3746721301344331, 0.37467212944949924]}, "2": {"maxiter": 100, "gtol": 1e-05, "xrtol": 1e-10, "eps": 1e-05, "duration": 0.04506516456604004, "fun": "0.3746721294293347", "jac": "[ 8.31823499e-07 -3.04012371e-07  8.22664159e-07  1.45871093e-06\n -2.19690932e-07 -9.71223102e-08]", "hess_inv": "[[ 7.33479653  1.5340102  -0.02881307 -3.5889289   1.18482752 -0.55038215]\n [ 1.5340102   4.90424014 -0.10951007 -1.77343019  0.76562025 -1.04681816]\n [-0.02881307 -0.10951007  5.41496219 -0.62119703 -0.53340963 -1.92342171]\n [-3.5889289  -1.77343019 -0.62119703  6.09106146  0.60163307  2.00092459]\n [ 1.18482752  0.76562025 -0.53340963  0.60163307 16.89454782 14.87465895]\n [-0.55038215 -1.04681816 -1.92342171  2.00092459 14.87465895 19.24151221]]", "nfev": "196", "njev": "28", "status": "0", "success": "True", "message": "Optimization terminated successfully.", "x": "[ 1.27126755 -0.08968793  6.87365489  3.71706551  3.52831608  2.06426745]", "nit": "22", "callback": [0.5880947519329773, 0.5692209401234954, 0.4293695852100652, 0.4129438069689586, 0.3941115230049719, 0.3865661433621401, 0.3856451558091202, 0.38399791144082873, 0.38152093640473117, 0.3802255939546998, 0.379622263964299, 0.37856092886423753, 0.37689058688871513, 0.375647286509434, 0.37506899278045325, 0.3746834852762304, 0.37467602913617704, 0.3746740832557718, 0.37467242582398463, 0.3746721696538966, 0.3746721300999385, 0.3746721294293347]}, "3": {"maxiter": 100, "gtol": 1e-05, "xrtol": 1e-10, "eps": 1e-10, "duration": 0.045305728912353516, "fun": "0.37467212944949924", "jac": "[ 0.00000000e+00 -1.11022309e-06  0.00000000e+00  1.11022293e-06\n  0.00000000e+00  0.00000000e+00]", "hess_inv": "[[ 7.3347275   1.56522266 -0.02634122 -3.53420864  1.13502985 -0.53733803]\n [ 1.56522266  4.99852776 -0.07263742 -1.72113     0.9456538  -0.84592239]\n [-0.02634122 -0.07263742  5.41301426 -0.59785654 -0.60981482 -1.95792717]\n [-3.53420864 -1.72113    -0.59785654  5.99116599  0.66350692  1.98461763]\n [ 1.13502985  0.9456538  -0.60981482  0.66350692 16.88789835 15.01437277]\n [-0.53733803 -0.84592239 -1.95792717  1.98461763 15.01437277 19.43089606]]", "nfev": "196", "njev": "28", "status": "0", "success": "True", "message": "Optimization terminated successfully.", "x": "[ 1.27126563 -0.08969251  6.87365381  3.71706619  3.52831225  2.06426406]", "nit": "22", "callback": [0.588098010932987, 0.5692259585104958, 0.42937568833469153, 0.4129532464840284, 0.3941196351280398, 0.38656582984307986, 0.38564488817915143, 0.3839978351886575, 0.381521076971875, 0.38022478065835386, 0.3796216622810795, 0.3785607465316684, 0.3768910586197183, 0.3756478305508282, 0.375069583663033, 0.37468348437236876, 0.3746760442809385, 0.3746740900671106, 0.37467242572386084, 0.3746721701119775, 0.3746721301344331, 0.37467212944949924]}, "4": {"maxiter": 100, "gtol": 1e-10, "xrtol": 1e-05, "eps": 1e-05, "duration": 0.04540395736694336, "fun": "0.3746721294293347", "jac": "[ 8.31823499e-07 -3.04012371e-07  8.22664159e-07  1.45871093e-06\n -2.19690932e-07 -9.71223102e-08]", "hess_inv": "[[ 7.33479653  1.5340102  -0.02881307 -3.5889289   1.18482752 -0.55038215]\n [ 1.5340102   4.90424014 -0.10951007 -1.77343019  0.76562025 -1.04681816]\n [-0.02881307 -0.10951007  5.41496219 -0.62119703 -0.53340963 -1.92342171]\n [-3.5889289  -1.77343019 -0.62119703  6.09106146  0.60163307  2.00092459]\n [ 1.18482752  0.76562025 -0.53340963  0.60163307 16.89454782 14.87465895]\n [-0.55038215 -1.04681816 -1.92342171  2.00092459 14.87465895 19.24151221]]", "nfev": "196", "njev": "28", "status": "0", "success": "True", "message": "Optimization terminated successfully.", "x": "[ 1.27126755 -0.08968793  6.87365489  3.71706551  3.52831608  2.06426745]", "nit": "22", "callback": [0.5880947519329773, 0.5692209401234954, 0.4293695852100652, 0.4129438069689586, 0.3941115230049719, 0.3865661433621401, 0.3856451558091202, 0.38399791144082873, 0.38152093640473117, 0.3802255939546998, 0.379622263964299, 0.37856092886423753, 0.37689058688871513, 0.375647286509434, 0.37506899278045325, 0.3746834852762304, 0.37467602913617704, 0.3746740832557718, 0.37467242582398463, 0.3746721696538966, 0.3746721300999385, 0.3746721294293347]}, "5": {"maxiter": 100, "gtol": 1e-10, "xrtol": 1e-05, "eps": 1e-10, "duration": 0.04407811164855957, "fun": "0.37467212944949924", "jac": "[ 0.00000000e+00 -1.11022309e-06  0.00000000e+00  1.11022293e-06\n  0.00000000e+00  0.00000000e+00]", "hess_inv": "[[ 7.3347275   1.56522266 -0.02634122 -3.53420864  1.13502985 -0.53733803]\n [ 1.56522266  4.99852776 -0.07263742 -1.72113     0.9456538  -0.84592239]\n [-0.02634122 -0.07263742  5.41301426 -0.59785654 -0.60981482 -1.95792717]\n [-3.53420864 -1.72113    -0.59785654  5.99116599  0.66350692  1.98461763]\n [ 1.13502985  0.9456538  -0.60981482  0.66350692 16.88789835 15.01437277]\n [-0.53733803 -0.84592239 -1.95792717  1.98461763 15.01437277 19.43089606]]", "nfev": "196", "njev": "28", "status": "0", "success": "True", "message": "Optimization terminated successfully.", "x": "[ 1.27126563 -0.08969251  6.87365381  3.71706619  3.52831225  2.06426406]", "nit": "22", "callback": [0.588098010932987, 0.5692259585104958, 0.42937568833469153, 0.4129532464840284, 0.3941196351280398, 0.38656582984307986, 0.38564488817915143, 0.3839978351886575, 0.381521076971875, 0.38022478065835386, 0.3796216622810795, 0.3785607465316684, 0.3768910586197183, 0.3756478305508282, 0.375069583663033, 0.37468348437236876, 0.3746760442809385, 0.3746740900671106, 0.37467242572386084, 0.3746721701119775, 0.3746721301344331, 0.37467212944949924]}, "6": {"maxiter": 100, "gtol": 1e-10, "xrtol": 1e-10, "eps": 1e-05, "duration": 0.0827329158782959, "fun": "0.3746721294191908", "jac": "[ 3.54161145e-09 -4.18554080e-09 -5.51780843e-09  2.59792188e-09\n  1.19904087e-09  2.77555756e-10]", "hess_inv": "[[ 7.27483057  1.56132272  0.09682172 -3.64398678  1.02524197 -0.78264529]\n [ 1.56132272  5.2190862  -0.20118923 -2.11206405  1.04621449 -0.72199961]\n [ 0.09682172 -0.20118923  5.22308775 -0.30458557 -0.29410422 -1.47352015]\n [-3.64398678 -2.11206405 -0.30458557  6.46682855  0.13276206  1.41453532]\n [ 1.02524197  1.04621449 -0.29410422  0.13276206 16.6615394  14.43261882]\n [-0.78264529 -0.72199961 -1.47352015  1.41453532 14.43261882 18.46587859]]", "nfev": "369", "njev": "51", "status": "2", "success": "False", "message": "Desired error not necessarily achieved due to precision loss.", "x": "[ 1.27126747 -0.08968458  6.87365036  3.71705911  3.52832087  2.06427226]", "nit": "24", "callback": [0.5880947519329773, 0.5692209401234954, 0.4293695852100652, 0.4129438069689586, 0.3941115230049719, 0.3865661433621401, 0.3856451558091202, 0.38399791144082873, 0.38152093640473117, 0.3802255939546998, 0.379622263964299, 0.37856092886423753, 0.37689058688871513, 0.375647286509434, 0.37506899278045325, 0.3746834852762304, 0.37467602913617704, 0.3746740832557718, 0.37467242582398463, 0.3746721696538966, 0.3746721300999385, 0.3746721294293347, 0.3746721294201122, 0.3746721294191908]}, "7": {"maxiter": 100, "gtol": 1e-10, "xrtol": 1e-10, "eps": 1e-10, "duration": 0.07686519622802734, "fun": "0.3746721294390667", "jac": "[ 0.00000000e+00 -2.22044617e-06 -2.22044587e-06 -2.22044587e-06\n -2.22044587e-06 -3.33066880e-06]", "hess_inv": "[[ 1.80433488 -1.32121827  1.93704149 -0.92267091  1.41902316 -1.0319333 ]\n [-1.32121827  2.47222824 -0.13573721  1.05784066 -2.6583098  -0.96010295]\n [ 1.93704149 -0.13573721  3.60808437 -0.60821251 -0.04900522 -2.97706376]\n [-0.92267091  1.05784066 -0.60821251  2.13724681 -0.90770158 -1.50456182]\n [ 1.41902316 -2.6583098  -0.04900522 -0.90770158  4.76046003  1.01148573]\n [-1.0319333  -0.96010295 -2.97706376 -1.50456182  1.01148573  4.48588233]]", "nfev": "343", "njev": "49", "status": "0", "success": "True", "message": "Optimization terminated successfully.", "x": "[ 1.27127368 -0.08968281  6.8736537   3.71705397  3.5283157   2.06426039]", "nit": "28", "callback": [0.588098010932987, 0.5692259585104958, 0.42937568833469153, 0.4129532464840284, 0.3941196351280398, 0.38656582984307986, 0.38564488817915143, 0.3839978351886575, 0.381521076971875, 0.38022478065835386, 0.3796216622810795, 0.3785607465316684, 0.3768910586197183, 0.3756478305508282, 0.375069583663033, 0.37468348437236876, 0.3746760442809385, 0.3746740900671106, 0.37467242572386084, 0.3746721701119775, 0.3746721301344331, 0.37467212944949924, 0.37467212944161754, 0.37467212944129347, 0.37467212944125483, 0.37467212944125117, 0.3746721294390668, 0.3746721294390667]}, "8": {"maxiter": 500, "gtol": 1e-05, "xrtol": 1e-05, "eps": 1e-05, "duration": 0.043493032455444336, "fun": "0.3746721294293347", "jac": "[ 8.31823499e-07 -3.04012371e-07  8.22664159e-07  1.45871093e-06\n -2.19690932e-07 -9.71223102e-08]", "hess_inv": "[[ 7.33479653  1.5340102  -0.02881307 -3.5889289   1.18482752 -0.55038215]\n [ 1.5340102   4.90424014 -0.10951007 -1.77343019  0.76562025 -1.04681816]\n [-0.02881307 -0.10951007  5.41496219 -0.62119703 -0.53340963 -1.92342171]\n [-3.5889289  -1.77343019 -0.62119703  6.09106146  0.60163307  2.00092459]\n [ 1.18482752  0.76562025 -0.53340963  0.60163307 16.89454782 14.87465895]\n [-0.55038215 -1.04681816 -1.92342171  2.00092459 14.87465895 19.24151221]]", "nfev": "196", "njev": "28", "status": "0", "success": "True", "message": "Optimization terminated successfully.", "x": "[ 1.27126755 -0.08968793  6.87365489  3.71706551  3.52831608  2.06426745]", "nit": "22", "callback": [0.5880947519329773, 0.5692209401234954, 0.4293695852100652, 0.4129438069689586, 0.3941115230049719, 0.3865661433621401, 0.3856451558091202, 0.38399791144082873, 0.38152093640473117, 0.3802255939546998, 0.379622263964299, 0.37856092886423753, 0.37689058688871513, 0.375647286509434, 0.37506899278045325, 0.3746834852762304, 0.37467602913617704, 0.3746740832557718, 0.37467242582398463, 0.3746721696538966, 0.3746721300999385, 0.3746721294293347]}, "9": {"maxiter": 500, "gtol": 1e-05, "xrtol": 1e-05, "eps": 1e-10, "duration": 0.043202877044677734, "fun": "0.37467212944949924", "jac": "[ 0.00000000e+00 -1.11022309e-06  0.00000000e+00  1.11022293e-06\n  0.00000000e+00  0.00000000e+00]", "hess_inv": "[[ 7.3347275   1.56522266 -0.02634122 -3.53420864  1.13502985 -0.53733803]\n [ 1.56522266  4.99852776 -0.07263742 -1.72113     0.9456538  -0.84592239]\n [-0.02634122 -0.07263742  5.41301426 -0.59785654 -0.60981482 -1.95792717]\n [-3.53420864 -1.72113    -0.59785654  5.99116599  0.66350692  1.98461763]\n [ 1.13502985  0.9456538  -0.60981482  0.66350692 16.88789835 15.01437277]\n [-0.53733803 -0.84592239 -1.95792717  1.98461763 15.01437277 19.43089606]]", "nfev": "196", "njev": "28", "status": "0", "success": "True", "message": "Optimization terminated successfully.", "x": "[ 1.27126563 -0.08969251  6.87365381  3.71706619  3.52831225  2.06426406]", "nit": "22", "callback": [0.588098010932987, 0.5692259585104958, 0.42937568833469153, 0.4129532464840284, 0.3941196351280398, 0.38656582984307986, 0.38564488817915143, 0.3839978351886575, 0.381521076971875, 0.38022478065835386, 0.3796216622810795, 0.3785607465316684, 0.3768910586197183, 0.3756478305508282, 0.375069583663033, 0.37468348437236876, 0.3746760442809385, 0.3746740900671106, 0.37467242572386084, 0.3746721701119775, 0.3746721301344331, 0.37467212944949924]}, "10": {"maxiter": 500, "gtol": 1e-05, "xrtol": 1e-10, "eps": 1e-05, "duration": 0.043927907943725586, "fun": "0.3746721294293347", "jac": "[ 8.31823499e-07 -3.04012371e-07  8.22664159e-07  1.45871093e-06\n -2.19690932e-07 -9.71223102e-08]", "hess_inv": "[[ 7.33479653  1.5340102  -0.02881307 -3.5889289   1.18482752 -0.55038215]\n [ 1.5340102   4.90424014 -0.10951007 -1.77343019  0.76562025 -1.04681816]\n [-0.02881307 -0.10951007  5.41496219 -0.62119703 -0.53340963 -1.92342171]\n [-3.5889289  -1.77343019 -0.62119703  6.09106146  0.60163307  2.00092459]\n [ 1.18482752  0.76562025 -0.53340963  0.60163307 16.89454782 14.87465895]\n [-0.55038215 -1.04681816 -1.92342171  2.00092459 14.87465895 19.24151221]]", "nfev": "196", "njev": "28", "status": "0", "success": "True", "message": "Optimization terminated successfully.", "x": "[ 1.27126755 -0.08968793  6.87365489  3.71706551  3.52831608  2.06426745]", "nit": "22", "callback": [0.5880947519329773, 0.5692209401234954, 0.4293695852100652, 0.4129438069689586, 0.3941115230049719, 0.3865661433621401, 0.3856451558091202, 0.38399791144082873, 0.38152093640473117, 0.3802255939546998, 0.379622263964299, 0.37856092886423753, 0.37689058688871513, 0.375647286509434, 0.37506899278045325, 0.3746834852762304, 0.37467602913617704, 0.3746740832557718, 0.37467242582398463, 0.3746721696538966, 0.3746721300999385, 0.3746721294293347]}, "11": {"maxiter": 500, "gtol": 1e-05, "xrtol": 1e-10, "eps": 1e-10, "duration": 0.0436959266662