{"date": "2024/09/23/, 21:45:41", "conf_id": 98, "data_type": "orthogonal\n", "num_data_points": 1, "s_rank": 0, "unitary": "[[-0.53618537-0.34368723j,-0.12107031-0.46226139j,-0.07699282-0.46603512j,0.36022595-0.11472301j],[0.26026499-0.63450712j,-0.56616638+0.37832564j,-0.14988651+0.08458591j,0.10363514-0.16008501j],[-0.32580188-0.11070003j,-0.36476308-0.23593218j,0.02559343+0.41761608j,-0.25598305+0.6725303j],[0.07406738-0.0126433j,0.28513701+0.19483972j,-0.74939717-0.10299659j,0.29798249+0.46269921j]]", "databatch_0": {"databatch": "[[[0.18059596+0.03612055j,0.0633663+0.05256721j,0.01814459+0.11792943j,-0.10467535+0.25950842j],[0.26342182-0.16433242j,0.1157567+0.21081648j,-0.00224914+0.24534898j,0.17032621+0.12674349j],[0.02918039+0.08693152j,0.11946505-0.21811979j,-0.1329684-0.17759444j,0.36376698-0.28624151j],[-0.02822168-0.1047428j,0.07978793-0.14091717j,-0.16485002-0.31688485j,-0.14116487+0.29664812j]]]", "initial param values": "[1.30089661,3.54819454,3.70572134,1.71738953,5.23981368,3.06315231]", "nelder_mead": {"type": "gradient-free", "0": {"maxiter": 100, "fatol": 1e-05, "xatol": 1e-05, "duration": 0.036844730377197266, "fun": "0.39913462061510885", "nit": "100", "nfev": "159", "status": "2", "success": "False", "message": "Maximum number of iterations has been exceeded.", "x": "[1.68017093 2.8887848  4.58036754 1.71486946 4.79934632 5.32248105]", "final_simplex": "(array([[1.68017093, 2.8887848 , 4.58036754, 1.71486946, 4.79934632,\n        5.32248105],\n       [1.63341651, 2.84697046, 4.62765089, 1.80847887, 4.84290408,\n        5.37430792],\n       [1.67804029, 2.84123432, 4.61630644, 1.72582433, 4.81953938,\n        5.33874093],\n       [1.65384374, 2.8654441 , 4.62856945, 1.75559695, 4.73762826,\n        5.40265815],\n       [1.65821171, 2.85586688, 4.54928064, 1.75627295, 4.7792262 ,\n        5.30892549],\n       [1.72316405, 2.81686545, 4.51922907, 1.74721576, 4.79961758,\n        5.35390142],\n       [1.66110568, 2.90992855, 4.61250811, 1.7291624 , 4.72426035,\n        5.30486905]]), array([0.39913462, 0.39933005, 0.39972022, 0.39975419, 0.39979636,\n       0.39982286, 0.39991271]))", "callback": [0.6303810391128724, 0.5915258574344814, 0.5769119875480963, 0.549508451338423, 0.49163099443165903, 0.4572380392525789, 0.41420241398052937, 0.40054645562892355, 0.3999127063815767]}, "1": {"maxiter": 100, "fatol": 1e-05, "xatol": 1e-10, "duration": 0.036293983459472656, "fun": "0.39913462061510885", "nit": "100", "nfev": "159", "status": "2", "success": "False", "message": "Maximum number of iterations has been exceeded.", "x": "[1.68017093 2.8887848  4.58036754 1.71486946 4.79934632 5.32248105]", "final_simplex": "(array([[1.68017093, 2.8887848 , 4.58036754, 1.71486946, 4.79934632,\n        5.32248105],\n       [1.63341651, 2.84697046, 4.62765089, 1.80847887, 4.84290408,\n        5.37430792],\n       [1.67804029, 2.84123432, 4.61630644, 1.72582433, 4.81953938,\n        5.33874093],\n       [1.65384374, 2.8654441 , 4.62856945, 1.75559695, 4.73762826,\n        5.40265815],\n       [1.65821171, 2.85586688, 4.54928064, 1.75627295, 4.7792262 ,\n        5.30892549],\n       [1.72316405, 2.81686545, 4.51922907, 1.74721576, 4.79961758,\n        5.35390142],\n       [1.66110568, 2.90992855, 4.61250811, 1.7291624 , 4.72426035,\n        5.30486905]]), array([0.39913462, 0.39933005, 0.39972022, 0.39975419, 0.39979636,\n       0.39982286, 0.39991271]))", "callback": [0.6303810391128724, 0.5915258574344814, 0.5769119875480963, 0.549508451338423, 0.49163099443165903, 0.4572380392525789, 0.41420241398052937, 0.40054645562892355, 0.3999127063815767]}, "2": {"maxiter": 100, "fatol": 1e-10, "xatol": 1e-05, "duration": 0.03578305244445801, "fun": "0.39913462061510885", "nit": "100", "nfev": "159", "status": "2", "success": "False", "message": "Maximum number of iterations has been exceeded.", "x": "[1.68017093 2.8887848  4.58036754 1.71486946 4.79934632 5.32248105]", "final_simplex": "(array([[1.68017093, 2.8887848 , 4.58036754, 1.71486946, 4.79934632,\n        5.32248105],\n       [1.63341651, 2.84697046, 4.62765089, 1.80847887, 4.84290408,\n        5.37430792],\n       [1.67804029, 2.84123432, 4.61630644, 1.72582433, 4.81953938,\n        5.33874093],\n       [1.65384374, 2.8654441 , 4.62856945, 1.75559695, 4.73762826,\n        5.40265815],\n       [1.65821171, 2.85586688, 4.54928064, 1.75627295, 4.7792262 ,\n        5.30892549],\n       [1.72316405, 2.81686545, 4.51922907, 1.74721576, 4.79961758,\n        5.35390142],\n       [1.66110568, 2.90992855, 4.61250811, 1.7291624 , 4.72426035,\n        5.30486905]]), array([0.39913462, 0.39933005, 0.39972022, 0.39975419, 0.39979636,\n       0.39982286, 0.39991271]))", "callback": [0.6303810391128724, 0.5915258574344814, 0.5769119875480963, 0.549508451338423, 0.49163099443165903, 0.4572380392525789, 0.41420241398052937, 0.40054645562892355, 0.3999127063815767]}, "3": {"maxiter": 100, "fatol": 1e-10, "xatol": 1e-10, "duration": 0.036173105239868164, "fun": "0.39913462061510885", "nit": "100", "nfev": "159", "status": "2", "success": "False", "message": "Maximum number of iterations has been exceeded.", "x": "[1.68017093 2.8887848  4.58036754 1.71486946 4.79934632 5.32248105]", "final_simplex": "(array([[1.68017093, 2.8887848 , 4.58036754, 1.71486946, 4.79934632,\n        5.32248105],\n       [1.63341651, 2.84697046, 4.62765089, 1.80847887, 4.84290408,\n        5.37430792],\n       [1.67804029, 2.84123432, 4.61630644, 1.72582433, 4.81953938,\n        5.33874093],\n       [1.65384374, 2.8654441 , 4.62856945, 1.75559695, 4.73762826,\n        5.40265815],\n       [1.65821171, 2.85586688, 4.54928064, 1.75627295, 4.7792262 ,\n        5.30892549],\n       [1.72316405, 2.81686545, 4.51922907, 1.74721576, 4.79961758,\n        5.35390142],\n       [1.66110568, 2.90992855, 4.61250811, 1.7291624 , 4.72426035,\n        5.30486905]]), array([0.39913462, 0.39933005, 0.39972022, 0.39975419, 0.39979636,\n       0.39982286, 0.39991271]))", "callback": [0.6303810391128724, 0.5915258574344814, 0.5769119875480963, 0.549508451338423, 0.49163099443165903, 0.4572380392525789, 0.41420241398052937, 0.40054645562892355, 0.3999127063815767]}, "4": {"maxiter": 500, "fatol": 1e-05, "xatol": 1e-05, "duration": 0.0957479476928711, "fun": "0.3984846582233663", "nit": "258", "nfev": "424", "status": "0", "success": "True", "message": "Optimization terminated successfully.", "x": "[1.71117148 2.88734863 4.60062926 1.77294958 4.78572743 5.34958138]", "final_simplex": "(array([[1.71117148, 2.88734863, 4.60062926, 1.77294958, 4.78572743,\n        5.34958138],\n       [1.71116288, 2.88733983, 4.60062555, 1.77294799, 4.78573343,\n        5.34958813],\n       [1.71117281, 2.88734747, 4.60062387, 1.7729409 , 4.78572396,\n        5.3495844 ],\n       [1.71117044, 2.88734919, 4.60062642, 1.77294774, 4.78572543,\n        5.34957782],\n       [1.7111719 , 2.88734589, 4.60062601, 1.7729474 , 4.7857292 ,\n        5.34958802],\n       [1.71117196, 2.88735105, 4.60062127, 1.77294135, 4.78573321,\n        5.34958103],\n       [1.71116843, 2.88735153, 4.60062775, 1.77294607, 4.78572966,\n        5.34958603]]), array([0.39848466, 0.39848466, 0.39848466, 0.39848466, 0.39848466,\n       0.39848466, 0.39848466]))", "callback": [0.6303810391128724, 0.5915258574344814, 0.5769119875480963, 0.549508451338423, 0.49163099443165903, 0.4572380392525789, 0.41420241398052937, 0.40054645562892355, 0.3999127063815767, 0.3991200376890277, 0.398725785179017, 0.3986509168695931, 0.39862629191404353, 0.3985832091577297, 0.39850015977918396, 0.39848605960069183, 0.39848605960069183, 0.39848489508844875, 0.3984846869239326, 0.398484679907782, 0.3984846588363432, 0.3984846588363432, 0.39848465836860625, 0.39848465827250756, 0.3984846582246597]}, "5": {"maxiter": 500, "fatol": 1e-05, "xatol": 1e-10, "duration": 0.15523719787597656, "fun": "0.398484658211403", "nit": "396", "nfev": "702", "status": "0", "success": "True", "message": "Optimization terminated successfully.", "x": "[1.71117056 2.88734511 4.60062997 1.77294187 4.78572865 5.34958137]", "final_simplex": "(array([[1.71117056, 2.88734511, 4.60062997, 1.77294187, 4.78572865,\n        5.34958137],\n       [1.71117056, 2.88734511, 4.60062997, 1.77294187, 4.78572865,\n        5.34958137],\n       [1.71117056, 2.88734511, 4.60062997, 1.77294187, 4.78572865,\n        5.34958137],\n       [1.71117056, 2.88734511, 4.60062997, 1.77294187, 4.78572865,\n        5.34958137],\n       [1.71117056, 2.88734511, 4.60062997, 1.77294187, 4.78572865,\n        5.34958137],\n       [1.71117056, 2.88734511, 4.60062997, 1.77294187, 4.78572865,\n        5.34958137],\n       [1.71117056, 2.88734511, 4.60062997, 1.77294187, 4.78572865,\n        5.34958137]]), array([0.39848466, 0.39848466, 0.39848466, 0.39848466, 0.39848466,\n       0.39848466, 0.39848466]))", "callback": [0.6303810391128724, 0.5915258574344814, 0.5769119875480963, 0.549508451338423, 0.49163099443165903, 0.4572380392525789, 0.41420241398052937, 0.40054645562892355, 0.3999127063815767, 0.3991200376890277, 0.398725785179017, 0.3986509168695931, 0.39862629191404353, 0.3985832091577297, 0.39850015977918396, 0.39848605960069183, 0.39848605960069183, 0.39848489508844875, 0.3984846869239326, 0.398484679907782, 0.3984846588363432, 0.3984846588363432, 0.39848465836860625, 0.39848465827250756, 0.3984846582246597, 0.3984846582220849, 0.39848465821532053, 0.39848465821309365, 0.3984846582123698, 0.39848465821158296, 0.39848465821143664, 0.3984846582114099, 0.39848465821140566, 0.398484658211404, 0.39848465821140344, 0.3984846582114032, 0.398484658211403, 0.398484658211403, 0.398484658211403]}, "6": {"maxiter": 500, "fatol": 1e-10, "xatol": 1e-05, "duration": 0.09544801712036133, "fun": "0.3984846582233663", "nit": "258", "nfev": "424", "status": "0", "success": "True", "message": "Optimization terminated successfully.", "x": "[1.71117148 2.88734863 4.60062926 1.77294958 4.78572743 5.34958138]", "final_simplex": "(array([[1.71117148, 2.88734863, 4.60062926, 1.77294958, 4.78572743,\n        5.34958138],\n       [1.71116288, 2.88733983, 4.60062555, 1.77294799, 4.78573343,\n        5.34958813],\n       [1.71117281, 2.88734747, 4.60062387, 1.7729409 , 4.78572396,\n        5.3495844 ],\n       [1.71117044, 2.88734919, 4.60062642, 1.77294774, 4.78572543,\n        5.34957782],\n       [1.7111719 , 2.88734589, 4.60062601, 1.7729474 , 4.7857292 ,\n        5.34958802],\n       [1.71117196, 2.88735105, 4.60062127, 1.77294135, 4.78573321,\n        5.34958103],\n       [1.71116843, 2.88735153, 4.60062775, 1.77294607, 4.78572966,\n        5.34958603]]), array([0.39848466, 0.39848466, 0.39848466, 0.39848466, 0.39848466,\n       0.39848466, 0.39848466]))", "callback": [0.6303810391128724, 0.5915258574344814, 0.5769119875480963, 0.549508451338423, 0.49163099443165903, 0.4572380392525789, 0.41420241398052937, 0.40054645562892355, 0.3999127063815767, 0.3991200376890277, 0.398725785179017, 0.3986509168695931, 0.39862629191404353, 0.3985832091577297, 0.39850015977918396, 0.39848605960069183, 0.39848605960069183, 0.39848489508844875, 0.3984846869239326, 0.398484679907782, 0.3984846588363432, 0.3984846588363432, 0.39848465836860625, 0.39848465827250756, 0.3984846582246597]}, "7": {"maxiter": 500, "fatol": 1e-10, "xatol": 1e-10, "duration": 0.155318021774292, "fun": "0.398484658211403", "nit": "396", "nfev": "702", "status": "0", "success": "True", "message": "Optimization terminated successfully.", "x": "[1.71117056 2.88734511 4.60062997 1.77294187 4.78572865 5.34958137]", "final_simplex": "(array([[1.71117056, 2.88734511, 4.60062997, 1.77294187, 4.78572865,\n        5.34958137],\n       [1.71117056, 2.88734511, 4.60062997, 1.77294187, 4.78572865,\n        5.34958137],\n       [1.71117056, 2.88734511, 4.60062997, 1.77294187, 4.78572865,\n        5.34958137],\n       [1.71117056, 2.88734511, 4.60062997, 1.77294187, 4.78572865,\n        5.34958137],\n       [1.71117056, 2.88734511, 4.60062997, 1.77294187, 4.78572865,\n        5.34958137],\n       [1.71117056, 2.88734511, 4.60062997, 1.77294187, 4.78572865,\n        5.34958137],\n       [1.71117056, 2.88734511, 4.60062997, 1.77294187, 4.78572865,\n        5.34958137]]), array([0.39848466, 0.39848466, 0.39848466, 0.39848466, 0.39848466,\n       0.39848466, 0.39848466]))", "callback": [0.6303810391128724, 0.5915258574344814, 0.5769119875480963, 0.549508451338423, 0.49163099443165903, 0.4572380392525789, 0.41420241398052937, 0.40054645562892355, 0.3999127063815767, 0.3991200376890277, 0.398725785179017, 0.3986509168695931, 0.39862629191404353, 0.3985832091577297, 0.39850015977918396, 0.39848605960069183, 0.39848605960069183, 0.39848489508844875, 0.3984846869239326, 0.398484679907782, 0.3984846588363432, 0.3984846588363432, 0.39848465836860625, 0.39848465827250756, 0.3984846582246597, 0.3984846582220849, 0.39848465821532053, 0.39848465821309365, 0.3984846582123698, 0.39848465821158296, 0.39848465821143664, 0.3984846582114099, 0.39848465821140566, 0.398484658211404, 0.39848465821140344, 0.3984846582114032, 0.398484658211403, 0.398484658211403, 0.398484658211403]}, "8": {"maxiter": 1000, "fatol": 1e-05, "xatol": 1e-05, "duration": 0.09686899185180664, "fun": "0.3984846582233663", "nit": "258", "nfev": "424", "status": "0", "success": "True", "message": "Optimization terminated successfully.", "x": "[1.71117148 2.88734863 4.60062926 1.77294958 4.78572743 5.34958138]", "final_simplex": "(array([[1.71117148, 2.88734863, 4.60062926, 1.77294958, 4.78572743,\n        5.34958138],\n       [1.71116288, 2.88733983, 4.60062555, 1.77294799, 4.78573343,\n        5.34958813],\n       [1.71117281, 2.88734747, 4.60062387, 1.7729409 , 4.78572396,\n        5.3495844 ],\n       [1.71117044, 2.88734919, 4.60062642, 1.77294774, 4.78572543,\n        5.34957782],\n       [1.7111719 , 2.88734589, 4.60062601, 1.7729474 , 4.7857292 ,\n        5.34958802],\n       [1.71117196, 2.88735105, 4.60062127, 1.77294135, 4.78573321,\n        5.34958103],\n       [1.71116843, 2.88735153, 4.60062775, 1.77294607, 4.78572966,\n        5.34958603]]), array([0.39848466, 0.39848466, 0.39848466, 0.39848466, 0.39848466,\n       0.39848466, 0.39848466]))", "callback": [0.6303810391128724, 0.5915258574344814, 0.5769119875480963, 0.549508451338423, 0.49163099443165903, 0.4572380392525789, 0.41420241398052937, 0.40054645562892355, 0.3999127063815767, 0.3991200376890277, 0.398725785179017, 0.3986509168695931, 0.39862629191404353, 0.3985832091577297, 0.39850015977918396, 0.39848605960069183, 0.39848605960069183, 0.39848489508844875, 0.3984846869239326, 0.398484679907782, 0.3984846588363432, 0.3984846588363432, 0.39848465836860625, 0.39848465827250756, 0.3984846582246597]}, "9": {"maxiter": 1000, "fatol": 1e-05, "xatol": 1e-10, "duration": 0.1701810359954834, "fun": "0.398484658211403", "nit": "396", "nfev": "702", "status": "0", "success": "True", "message": "Optimization terminated successfully.", "x": "[1.71117056 2.88734511 4.60062997 1.77294187 4.78572865 5.34958137]", "final_simplex": "(array([[1.71117056, 2.88734511, 4.60062997, 1.77294187, 4.78572865,\n        5.34958137],\n       [1.71117056, 2.88734511, 4.60062997, 1.77294187, 4.78572865,\n        5.34958137],\n       [1.71117056, 2.88734511, 4.60062997, 1.77294187, 4.78572865,\n        5.34958137],\n       [1.71117056, 2.88734511, 4.60062997, 1.77294187, 4.78572865,\n        5.34958137],\n       [1.71117056, 2.88734511, 4.60062997, 1.77294187, 4.78572865,\n        5.34958137],\n       [1.71117056, 2.88734511, 4.60062997, 1.77294187, 4.78572865,\n        5.34958137],\n       [1.71117056, 2.88734511, 4.60062997, 1.77294187, 4.78572865,\n        5.34958137]]), array([0.39848466, 0.39848466, 0.39848466, 0.39848466, 0.39848466,\n       0.39848466, 0.39848466]))", "callback": [0.6303810391128724, 0.5915258574344814, 0.5769119875480963, 0.549508451338423, 0.49163099443165903, 0.4572380392525789, 0.41420241398052937, 0.40054645562892355, 0.3999127063815767, 0.3991200376890277, 0.398725785179017, 0.3986509168695931, 0.39862629191404353, 0.3985832091577297, 0.39850015977918396, 0.39848605960069183, 0.39848605960069183, 0.39848489508844875, 0.3984846869239326, 0.398484679907782, 0.3984846588363432, 0.3984846588363432, 0.39848465836860625, 0.39848465827250756, 0.3984846582246597, 0.3984846582220849, 0.39848465821532053, 0.39848465821309365, 0.3984846582123698, 0.39848465821158296, 0.39848465821143664, 0.3984846582114099, 0.39848465821140566, 0.398484658211404, 0.39848465821140344, 0.3984846582114032, 0.398484658211403, 0.398484658211403, 0.398484658211403]}, "10": {"maxiter": 1000, "fatol": 1e-10, "xatol": 1e-05, "duration": 0.10134506225585938, "fun": "0.3984846582233663", "nit": "258", "nfev": "424", "status": "0", "success": "True", "message": "Optimization terminated successfully.", "x": "[1.71117148 2.88734863 4.60062926 1.77294958 4.78572743 5.34958138]", "final_simplex": "(array([[1.71117148, 2.88734863, 4.60062926, 1.77294958, 4.78572743,\n        5.34958138],\n       [1.71116288, 2.88733983, 4.60062555, 1.77294799, 4.78573343,\n        5.34958813],\n       [1.71117281, 2.88734747, 4.60062387, 1.7729409 , 4.78572396,\n        5.3495844 ],\n       [1.71117044, 2.88734919, 4.60062642, 1.77294774, 4.78572543,\n        5.34957782],\n       [1.7111719 , 2.88734589, 4.60062601, 1.7729474 , 4.7857292 ,\n        5.34958802],\n       [1.71117196, 2.88735105, 4.60062127, 1.77294135, 4.78573321,\n        5.34958103],\n       [1.71116843, 2.88735153, 4.60062775, 1.77294607, 4.78572966,\n        5.34958603]]), array([0.39848466, 0.39848466, 0.39848466, 0.39848466, 0.39848466,\n       0.39848466, 0.39848466]))", "callback": [0.6303810391128724, 0.5915258574344814, 0.5769119875480963, 0.549508451338423, 0.49163099443165903, 0.4572380392525789, 0.41420241398052937, 0.40054645562892355, 0.3999127063815767, 0.3991200376890277, 0.398725785179017, 0.3986509168695931, 0.39862629191404353, 0.3985832091577297, 0.39850015977918396, 0.39848605960069183, 0.39848605960069183, 0.39848489508844875, 0.3984846869239326, 0.398484679907782, 0.3984846588363432, 0.3984846588363432, 0.39848465836860625, 0.39848465827250756, 0.3984846582246597]}, "11": {"maxiter": 1000, "fatol": 1e-10, "xatol": 1e-10, "duration": 0.16082262992858887, "fun": "0.398484658211403", "nit": "396", "nfev": "702", "status": "0", "success": "True", "message": "Optimization terminated successfully.", "x": "[1.71117056 2.88734511 4.60062997 1.77294187 4.78572865 5.34958137]", "final_simplex": "(array([[1.71117056, 2.88734511, 4.60062997, 1.77294187, 4.78572865,\n        5.34958137],\n       [1.71117056, 2.88734511, 4.60062997, 1.77294187, 4.78572865,\n        5.34958137],\n       [1.71117056, 2.88734511, 4.60062997, 1.77294187, 4.78572865,\n        5.34958137],\n       [1.71117056, 2.88734511, 4.60062997, 1.77294187, 4.78572865,\n        5.34958137],\n       [1.71117056, 2.88734511, 4.60062997, 1.77294187, 4.78572865,\n        5.34958137],\n       [1.71117056, 2.88734511, 4.60062997, 1.77294187, 4.78572865,\n        5.34958137],\n       [1.71117056, 2.88734511, 4.60062997, 1.77294187, 4.78572865,\n        5.34958137]]), array([0.39848466, 0.39848466, 0.39848466, 0.39848466, 0.39848466,\n       0.39848466, 0.39848466]))", "callback": [0.6303810391128724, 0.5915258574344814, 0.5769119875480963, 0.549508451338423, 0.49163099443165903, 0.4572380392525789, 0.41420241398052937, 0.40054645562892355, 0.3999127063815767, 0.3991200376890277, 0.398725785179017, 0.3986509168695931, 0.39862629191404353, 0.3985832091577297, 0.39850015977918396, 0.39848605960069183, 0.39848605960069183, 0.39848489508844875, 0.3984846869239326, 0.398484679907782, 0.3984846588363432, 0.3984846588363432, 0.39848465836860625, 0.39848465827250756, 0.3984846582246597, 0.3984846582220849, 0.39848465821532053, 0.39848465821309365, 0.3984846582123698, 0.39848465821158296, 0.39848465821143664, 0.3984846582114099, 0.39848465821140566, 0.398484658211404, 0.39848465821140344, 0.3984846582114032, 0.398484658211403, 0.398484658211403, 0.398484658211403]}}, "bfgs": {"type": "gradient", "0": {"maxiter": 100, "gtol": 1e-05, "xrtol": 1e-05, "eps": 1e-05, "duration": 0.040167808532714844, "fun": "0.39848465826461676", "jac": "[ 8.74667005e-07 -1.03620446e-06  2.57159849e-06 -2.73375766e-06\n -3.43991502e-07  6.42075282e-07]", "hess_inv": "[[ 5.62877421  1.92725467  0.33903906 -1.07958356 -2.43947542 -2.63216301]\n [ 1.92725467  5.11689188  0.64824584 -1.25611174 -1.17821288 -2.914361  ]\n [ 0.33903906  0.64824584  4.46857883  1.98163489 -1.46867305 -0.45106432]\n [-1.07958356 -1.25611174  1.98163489  5.32297605  0.60278649  1.42428818]\n [-2.43947542 -1.17821288 -1.46867305  0.60278649  5.87369895  2.18311965]\n [-2.63216301 -2.914361   -0.45106432  1.42428818  2.18311965  5.94640352]]", "nfev": "175", "njev": "25", "status": "0", "success": "True", "message": "Optimization terminated successfully.", "x": "[1.71117439 2.88733974 4.60062731 1.7729234  4.78571722 5.34957652]", "nit": "23", "callback": [0.43184963649679153, 0.39848502787003115]}, "1": {"maxiter": 100, "gtol": 1e-05, "xrtol": 1e-05, "eps": 1e-10, "duration": 0.041654109954833984, "fun": "0.3984846583256332", "jac": "[ 3.33066880e-06 -2.22044587e-06  3.33066880e-06 -4.44089173e-06\n  0.00000000e+00 -3.33066880e-06]", "hess_inv": "[[ 5.60029757  1.8661271   0.34799866 -1.03005077 -2.42285461 -2.59778444]\n [ 1.8661271   5.02134536  0.67958909 -1.14179659 -1.16146055 -2.86839392]\n [ 0.34799866  0.67958909  4.46047984  1.94525421 -1.45104473 -0.45849083]\n [-1.03005077 -1.14179659  1.94525421  5.22454946  0.62958417  1.41921443]\n [-2.42285461 -1.16146055 -1.45104473  0.62958417  5.84457837  2.21396292]\n [-2.59778444 -2.86839392 -0.45849083  1.41921443  2.21396292  6.04407893]]", "nfev": "175", "njev": "25", "status": "0", "success": "True", "message": "Optimization terminated successfully.", "x": "[1.71118633 2.88735258 4.60063217 1.77291557 4.78571218 5.34955985]", "nit": "23", "callback": [0.4318501542816924, 0.39848503476672315]}, "2": {"maxiter": 100, "gtol": 1e-05, "xrtol": 1e-10, "eps": 1e-05, "duration": 0.04039192199707031, "fun": "0.39848465826461676", "jac": "[ 8.74667005e-07 -1.03620446e-06  2.57159849e-06 -2.73375766e-06\n -3.43991502e-07  6.42075282e-07]", "hess_inv": "[[ 5.62877421  1.92725467  0.33903906 -1.07958356 -2.43947542 -2.63216301]\n [ 1.92725467  5.11689188  0.64824584 -1.25611174 -1.17821288 -2.914361  ]\n [ 0.33903906  0.64824584  4.46857883  1.98163489 -1.46867305 -0.45106432]\n [-1.07958356 -1.25611174  1.98163489  5.32297605  0.60278649  1.42428818]\n [-2.43947542 -1.17821288 -1.46867305  0.60278649  5.87369895  2.18311965]\n [-2.63216301 -2.914361   -0.45106432  1.42428818  2.18311965  5.94640352]]", "nfev": "175", "njev": "25", "status": "0", "success": "True", "message": "Optimization terminated successfully.", "x": "[1.71117439 2.88733974 4.60062731 1.7729234  4.78571722 5.34957652]", "nit": "23", "callback": [0.43184963649679153, 0.39848502787003115]}, "3": {"maxiter": 100, "gtol": 1e-05, "xrtol": 1e-10, "eps": 1e-10, "duration": 0.0399169921875, "fun": "0.3984846583256332", "jac": "[ 3.33066880e-06 -2.22044587e-06  3.33066880e-06 -4.44089173e-06\n  0.00000000e+00 -3.33066880e-06]", "hess_inv": "[[ 5.60029757  1.8661271   0.34799866 -1.03005077 -2.42285461 -2.59778444]\n [ 1.8661271   5.02134536  0.67958909 -1.14179659 -1.16146055 -2.86839392]\n [ 0.34799866  0.67958909  4.46047984  1.94525421 -1.45104473 -0.45849083]\n [-1.03005077 -1.14179659  1.94525421  5.22454946  0.62958417  1.41921443]\n [-2.42285461 -1.16146055 -1.45104473  0.62958417  5.84457837  2.21396292]\n [-2.59778444 -2.86839392 -0.45849083  1.41921443  2.21396292  6.04407893]]", "nfev": "175", "njev": "25", "status": "0", "success": "True", "message": "Optimization terminated successfully.", "x": "[1.71118633 2.88735258 4.60063217 1.77291557 4.78571218 5.34955985]", "nit": "23", "callback": [0.4318501542816924, 0.39848503476672315]}, "4": {"maxiter": 100, "gtol": 1e-10, "xrtol": 1e-05, "eps": 1e-05, "duration": 0.04084300994873047, "fun": "0.39848465823608936", "jac": "[-1.32394096e-07 -2.18192131e-07  3.15636406e-08  2.28372876e-08\n  1.85185201e-08 -1.55520041e-07]", "hess_inv": "[[ 5.67362019  1.79630054  0.31255215 -1.1422003  -2.34040193 -2.47148171]\n [ 1.79630054  5.09081828  0.50295101 -1.06958561 -0.99402894 -2.85284748]\n [ 0.31255215  0.50295101  4.3628722   2.02062328 -1.26911156 -0.25669631]\n [-1.1422003  -1.06958561  2.02062328  5.41037225  0.46018835  1.19515385]\n [-2.34040193 -0.99402894 -1.26911156  0.46018835  5.54371975  1.92290516]\n [-2.47148171 -2.85284748 -0.25669631  1.19515385  1.92290516  5.83257005]]", "nfev": "182", "njev": "26", "status": "0", "success": "True", "message": "Optimization terminated successfully.", "x": "[1.71116815 2.88734072 4.60062159 1.77293228 4.78572343 5.34957657]", "nit": "24", "callback": [0.43184963649679153, 0.39848502787003115]}, "5": {"maxiter": 100, "gtol": 1e-10, "xrtol": 1e-05, "eps": 1e-10, "duration": 0.04150080680847168, "fun": "0.3984846582355893", "jac": "[-2.22044587e-06  1.11022293e-06  0.00000000e+00  0.00000000e+00\n -1.11022293e-06  1.11022293e-06]", "hess_inv": "[[ 5.73305203  1.29493634  0.2117855  -1.06310876 -1.95388214 -1.85720202]\n [ 1.29493634  4.75666646  0.52569326 -0.69692677 -0.73081824 -2.2306694 ]\n [ 0.2117855   0.52569326  4.39910504  2.06143494 -1.26670274 -0.17889104]\n [-1.06310876 -0.69692677  2.06143494  5.19913792  0.24061108  0.80966942]\n [-1.95388214 -0.73081824 -1.26670274  0.24061108  5.29913222  1.39068691]\n [-1.85720202 -2.2306694  -0.17889104  0.80966942  1.39068691  4.80345594]]", "nfev": "182", "njev": "26", "status": "0", "success": "True", "message": "Optimization terminated successfully.", "x": "[1.7111585  2.88734655 4.60062654 1.77293648 4.78572699 5.34958128]", "nit": "24", "callback": [0.4318501542816924, 0.39848503476672315]}, "6": {"maxiter": 100, "gtol": 1e-10, "xrtol": 1e-10, "eps": 1e-05, "duration": 0.09454178810119629, "fun": "0.398484658234759", "jac": "[-1.22790667e-08  4.37427872e-09  7.01660952e-09 -8.10462808e-10\n -5.46229728e-09  4.76285678e-09]", "hess_inv": "[[ 5.74883895  1.84643197  0.13842741 -1.07431819 -2.23799632 -2.55665863]\n [ 1.84643197  5.11657367  0.28720866 -0.96012754 -0.85040373 -2.95153074]\n [ 0.13842741  0.28720866  4.40784454  2.07780357 -1.22956908 -0.22584852]\n [-1.07431819 -0.96012754  2.07780357  5.34439812  0.38669664  1.21882329]\n [-2.23799632 -0.85040373 -1.22956908  0.38669664  5.46962463  1.93505827]\n [-2.55665863 -2.95153074 -0.22584852  1.21882329  1.93505827  5.85272807]]", "nfev": "417", "njev": "58", "status": "2", "success": "False", "message": "Desired error not necessarily achieved due to precision loss.", "x": "[1.71116891 2.88734164 4.60062151 1.77293195 4.78572317 5.34957648]", "nit": "25", "callback": [0.43184963649679153, 0.39848502787003115]}, "7": {"maxiter": 100, "gtol": 1e-10, "xrtol": 1e-10, "eps": 1e-10, "duration": 0.060355186462402344, "fun": "0.39848465821998125", "jac": "[2.22044587e-06 1.11022293e-06 2.22044587e-06 3.33066880e-06\n 4.44089173e-06 2.22044587e-06]", "hess_inv": "[[ 5.49871288  2.84481125 -0.81478045 -2.43109281 -2.31650304 -1.7046471 ]\n [ 2.84481125  4.46536188  0.42268309 -0.83113764 -0.54274323 -2.98564947]\n [-0.81478045  0.42268309  4.05787358  0.90171846 -1.91465335 -0.95419252]\n [-2.43109281 -0.83113764  0.90171846  3.06765788 -0.53344796 -0.67457754]\n [-2.31650304 -0.54274323 -1.91465335 -0.53344796  5.16796117  1.01432564]\n [-1.7046471  -2.98564947 -0.95419252 -0.67457754  1.01432564  2.95692504]]", "nfev": "266", "njev": "38", "status": "0", "success": "True", "message": "Optimization terminated successfully.", "x": "[1.71116957 2.88734533 4.60062475 1.77293539 4.78572888 5.34957651]", "nit": "27", "callback": [0.4318501542816924, 0.39848503476672315]}, "8": {"maxiter": 500, "gtol": 1e-05, "xrtol": 1e-05, "eps": 1e-05, "duration": 0.03901386260986328, "fun": "0.39848465826461676", "jac": "[ 8.74667005e-07 -1.03620446e-06  2.57159849e-06 -2.73375766e-06\n -3.43991502e-07  6.42075282e-07]", "hess_inv": "[[ 5.62877421  1.92725467  0.33903906 -1.07958356 -2.43947542 -2.63216301]\n [ 1.92725467  5.11689188  0.64824584 -1.25611174 -1.17821288 -2.914361  ]\n [ 0.33903906  0.64824584  4.46857883  1.98163489 -1.46867305 -0.45106432]\n [-1.07958356 -1.25611174  1.98163489  5.32297605  0.60278649  1.42428818]\n [-2.43947542 -1.17821288 -1.46867305  0.60278649  5.87369895  2.18311965]\n [-2.63216301 -2.914361   -0.45106432  1.42428818  2.18311965  5.94640352]]", "nfev": "175", "njev": "25", "status": "0", "success": "True", "message": "Optimization terminated successfully.", "x": "[1.71117439 2.88733974 4.60062731 1.7729234  4.78571722 5.34957652]", "nit": "23", "callback": [0.43184963649679153, 0.39848502787003115]}, "9": {"maxiter": 500, "gtol": 1e-05, "xrtol": 1e-05, "eps": 1e-10, "duration": 0.04165196418762207, "fun": "0.3984846583256332", "jac": "[ 3.33066880e-06 -2.22044587e-06  3.33066880e-06 -4.44089173e-06\n  0.00000000e+00 -3.33066880e-06]", "hess_inv": "[[ 5.60029757  1.8661271   0.34799866 -1.03005077 -2.42285461 -2.59778444]\n [ 1.8661271   5.02134536  0.67958909 -1.14179659 -1.16146055 -2.86839392]\n [ 0.34799866  0.67958909  4.46047984  1.94525421 -1.45104473 -0.45849083]\n [-1.03005077 -1.14179659  1.94525421  5.22454946  0.62958417  1.41921443]\n [-2.42285461 -1.16146055 -1.45104473  0.62958417  5.84457837  2.21396292]\n [-2.59778444 -2.86839392 -0.45849083  1.41921443  2.21396292  6.04407893]]", "nfev": "175", "njev": "25", "status": "0", "success": "True", "message": "Optimization terminated successfully.", "x": "[1.71118633 2.88735258 4.60063217 1.77291557 4.78571218 5.34955985]", "nit": "23", "callback": [0.4318501542816924, 0.39848503476672315]}, "10": {"maxiter": 500, "gtol": 1e-05, "xrtol": 1e-10, "eps": 1e-05, "duration": 0.040753841400146484, "fun": "0.39848465826461676", "jac": "[ 8.74667005e-07 -1.03620446e-06  2.57159849e-06 -2.73375766e-06\n -3.43991502e-07  6.42075282e-07]", "hess_inv": "[[ 5.62877421  1.92725467  0.33903906 -1.07958356 -2.43947542 -2.63216301]\n [ 1.92725467  5.11689188  0.64824584 -1.25611174 -1.17821288 -2.914361  ]\n [ 0.33903906  0.64824584  4.46857883  1.98163489 -1.46867305 -0.45106432]\n [-1.07958356 -1.25611174  1.98163489  5.32297605  0.60278649  1.42428818]\n [-2.43947542 -1.17821288 -1.46867305  0.60278649  5.87369895  2.18311965]\n [-2.63216301 -2.914361   -0.45106432  1.42428818  2.18311965  5.94640352]]", "nfev": "175", "njev": "25", "status": "0", "success": "True", "message": "Optimization terminated successfully.", "x": "[1.71117439 2.88733974 4.60062731 1.7729234  4.78571722 5.34957652]", "nit": "23", "callback": [0.43184963649679153, 0.39848502787003115]}, "11": {"maxiter": 500, "gtol": 1e-05, "xrtol": 1e-10, "eps": 1e-10, "duration": 0.04002976417541504, "fun": "0.3984846583256332", "jac": "[ 3.33066880e-06 -2.22044587e-06  3.33066880e-06 -4.44089173e-06\n  0.00000000e+00 -3.33066880e-06]", "hess_inv": "[[ 5.60029757  1.8661271   0.34799866 -1.03005077 -2.42285461 -2.59778444]\n [ 1.8661271   5.02134536  0.67958909 -1.14179659 -1.16146055 -2.86839392]\n [ 0.34799866  0.67958909  4.46047984  1.94525421 -1.45104473 -0.45849083]\n [-1.03005077 -1.14179659  1.94525421  5.22454946  0.62958417  1.41921443]\n [-2.42285461 -1.16146055 -1.45104473  0.62958417  5.84457837  2.21396292]\n [-2.59778444 -2.86839392 -0.45849083  1.41921443  2.21396292  6.04407893]]", "nfev": "175", "njev": "25", "status": "0", "success": "True", "message": "Optimization terminated successfully.", "x": "[1.71118633 2.88735258 4.60063217 1.77291557 4.78571218 5.34955985]", "nit": "23", "callback": [0.4318501542816924, 0.39848503476672315]}, "12": {"maxiter": 500, "gtol": 1e-10, "xrtol": 1e-05, "eps": 1e-05, "duration": 0.04083824157714844, "fun": "0.39848465823608936", "jac": "[-1.32394096e-07 -2.18192131e-07  3.15636406e-08  2.28372876e-08\n  1.85185201e-08 -1.55520041e-07]", "hess_inv": "[[ 5.67362019  1.79630054  0.31255215 -1.1422003  -2.34040193 -2.47148171]\n [ 1.79630054  5.09081828  0.50295101 -1.06958561 -0.99402894 -2.85284748]\n [ 0.31255215  0.50295101  4.3628722   2.02062328 -1.26911156 -0.25669631]\n [-1.1422003  -1.06958561  2.02062328  5.41037225  0.46018835  1.19515385]\n [-2.34040193 -0.99402894 -1.26911156  0.46018835  5.54371975  1.92290516]\n [-2.47148171 -2.85284748 -0.25669631  1.19515385  1.92290516  5.83257005]]", "nfev": "182", "njev": "26", "status": "0", "success": "True", "message": "Optimization terminated successfully.", "x": "[1.71116815 2.88734072 4.60062159 1.77293228 4.78572343 5.34957657]", "nit": "24", "callback": [0.43184963649679153, 0.39848502787003115]}, "13": {"maxiter": 500, "gtol": 1e-10, "xrtol": 1e-05, "eps": 1e-10, "duration": 0.04135394096374512, "fun": "0.3984846582355893", "jac": "[-2.22044587e-06  1.11022293e-06  0.00000000e+00  0.00000000e+00\n -1.11022293e-06  1.11022293e-06]", "hess_inv": "[[ 5.73305203  1.29493634  0.2117855  -1.06310876 -1.95388214 -1.85720202]\n [ 1.29493634  4.75666646  0.52569326 -0.69692677 -0.73081824 -2.2306694 ]\n [ 0.2117855   0.52569326  4.39910504  2.06143494 -1.26670274 -0.17889104]\n [-1.06310876 -0.69692677  2.06143494  5.19913792  0.24061108  0.80966942]\n [-1.95388214 -0.73081824 -1.26670274  0.24061108  5.29913222  1.39068691]\n [-1.85720202 -2.2306694  -0.17889104  0.80966942  1.39068691  4.80345594]]", "nfev": "182", "njev": "26", "status": "0", "success": "True", "message": "Optimization terminated successfully.", "x": "[1.7111585  2.88734655 4.60062654 1.77293648 4.78572699 5.34958128]", "nit": "24", "callback": [0.4318501542816924, 0.39848503476672315]}, "14": {"maxiter": 500, "gtol": 1e-10, "xrtol": 1e-10, "eps": 1e-05, "duration": 0.09327292442321777, "fun": "0.398484658234759", "jac": "[-1.22790667e-08  4.37427872e-09  7.01660952e-09 -8.10462808e-10\n -5.46229728e-09  4.76285678e-09]", "hess_inv": "[[ 5.74883895  1.84643197  0.13842741 -1.07431819 -2.23799632 -2.55665863]\n [ 1.84643197  5.11657367  0.28720866 -0.96012754 -0.85040373 -2.95153074]\n [ 0.13842741  0.28720866  4.40784454  2.07780357 -1.22956908 -0.22584852]\n [-1.07431819 -0.96012754  2.07780357  5.34439812  0.38669664  1.21882329]\n [-2.23799632 -0.85040373 -1.22956908  0.38669664  5.46962463  1.93505827]\n [-2.55665863 -2.95153074 -0.22584852  1.21882329  1.93505827  5.85272807]]", "nfev": "417", "njev": "58", "status": "2", "success": "False", "message": "Desired error not necessarily achieved due to precision loss.", "x": "[1.71116891 2.88734164 4.60062151 1.77293195 4.78572317 5.34957648]", "nit": "25", "callback": [0.43184963649679153, 0.39848502787003115]}, "15": {"maxiter": 500, "gtol": 1e-10, "xrtol": 1e-10, "eps": 1e-10, "duration": 0.06046795845031738, "fun": "0.39848465821998125", "jac": "[2.22044587e-06 1.11022293e-06 2.22044587e-06 3.33066880e-06\n 4.44089173e-06 2.22044587e-06]", "hess_inv": "[[ 5.49871288  2.84481125 -0.81478045 -2.43109281 -2.31650304 -1.7046471 ]\n [ 2.84481125  4.46536188  0.42268309 -0.83113764 -0.54274323 -2.98564947]\n [-0.81478045  0.42268309  4.05787358  0.90171846 -1.91465335 -0.95419252]\n [-2.43109281 -0.83113764  0.90171846  3.06765788 -0.53344796 -0.67457754]\n [-2.31650304 -0.54274323 -1.91465335 -0.53344796  5.16796117  1.01432564]\n [-1.7046471  -2.98564947 -0.95419252 -0.67457754  1.01432564  2.95692504]]", "nfev": "266", "njev": "38", "status": "0", "success": "True", "message": "Optimization terminated successfully.", "x": "[1.71116957 2.88734533 4.60062475 1.77293539 4.78572888 5.34957651]", "nit": "27", "callback": [0.4318501542816924, 0.39848503476672315]}, "16": {"maxiter": 1000, "gtol": 1e-05, "xrtol": 1e-05, "eps": 1e-05, "duration": 0.03955721855163574, "fun": "0.39848465826461676", "jac": "[ 8.74667005e-07 -1.03620446e-06  2.57159849e-06 -2.73375766e-06\n -3.43991502e-07  6.42075282e-07]", "hess_inv": "[[ 5.62877421  1.92725467  0.33903906 -1.07958356 -2.43947542 -2.63216301]\n [ 1.92725467  5.11689188  0.64824584 -1.25611174 -1.17821288 -2.914361  ]\n [ 0.33903906  0.64824584  4.46857883  1.98163489 -1.46867305 -0.45106432]\n [-1.07958356 -1.25611174  1.98163489  5.32297605  0.60278649  1.42428818]\n [-2.43947542 -1.17821288 -1.46867305  0.60278649  5.87369895  2.18311965]\n [-2.63216301 -2.914361   -0.45106432  1.42428818  2.18311965  5.94640352]]", "nfev": "175", "njev": "25", "status": "0", "success": "True", "message": "Optimization terminated successfully.", "x": "[1.71117439 2.88733974 4.60062731 1.7729234  4.78571722 5.34957652]", "nit": "23", "callback": [0.43184963649679153, 0.39848502787003115]}, "17": {"maxiter": 1000, "gtol": 1e-05, "xrtol": 1e-05, "eps": 1e-10, "duration": 0.0393519401550293, "fun": "0.3984846583256332", "jac": "[ 3.33066880e-06 -2.22044587e-06  3.33066880e-06 -4.44089173e-06\n  0.00000000e+00 -3.33066880e-06]", "hess_inv": "[[ 5.60029757  1.8661271   0.34799866 -1.03005077 -2.42285461 -2.59778444]\n [ 1.8661271   5.02134536  0.67958909 -1.14179659 -1.16146055 -2.86839392]\n [ 0.34799866  0.67958909  4.46047984  1.94525421 -1.45104473 -0.45849083]\n [-1.03005077 -1.14179659  1.94525421  5.22454946  0.62958417  1.41921443]\n [-2.42285461 -1.16146055 -1.45104473  0.62958417  5.84457837  2.21396292]\n [-2.59778444 -2.86839392 -0.45849083  1.41921443  2.21396292  6.04407893]]", "nfev": "175", "njev": "25", "status": "0", "success": "True", "message": "Optimization terminated successfully.", "x": "[1.71118633 2.88735258 4.60063217 1.77291557 4.78571218 5.34955985]", "nit": "23", "callback": [0.4318501542816924, 0.39848503476672315]}, "18": {"maxiter": 1000, "gtol": 1e-05, "xrtol": 1e-10, "eps": 1e-05, "duration": 0.03923797607421875, "fun": "0.39848465826461676", "jac": "[ 8.74667005e-07 -1.03620446e-06  2.57159849e-06 -2.73375766e-06\n -3.43991502e-07  6.42075282e-07]", "hess_inv": "[[ 5.62877421  1.92725467  0.33903906 -1.07958356 -2.43947542 -2.63216301]\n [ 1.92725467  5.11689188  0.64824584 -1.25611174 -1.17821288 -2.914361  ]\n [ 0.33903906  0.64824584  4.46857883  1.98163489 -1.46867305 -0.45106432]\n [-1.07958356 -1.25611174  1.98163489  5.32297605  0.60278649  1.42428818]\n [-2.43947542 -1.17821288 -1.46867305  0.60278649  5.87369895  2.18311965]\n [-2.63216301 -2.914361   -0.45106432  1.42428818  2.18311965  5.94640352]]", "nfev": "175", "njev": "25", "status": "0", "success": "True", "message": "Optimization terminated successfully.", "x": "[1.71117439 2.88733974 4.60062731 1.7729234  4.78571722 5.34957652]", "nit": "23", "callback": [0.43184963649679153, 0.39848502787003115]}, "19": {"maxiter": 1000, "gtol": 1e-05, "xrtol": 1e-10, "eps": 1e-10, "duration": 0.03892087936401367, "fun": "0.3984846583256332", "jac": "[ 3.33066880e-06 -2.22044587e-06  3.33066880e-06 -4.44089173e-06\n  0.00000000e+00 -3.33066880e-06]", "hess_inv": "[[ 5.60029757  1.8661271   0.34799866 -1.03005077 -2.42285461 -2.59778444]\n [ 1.8661271   5.02134536  0.67958909 -1.14179659 -1.16146055 -2.86839392]\n [ 0.34799866  0.67958909  4.46047984  1.94525421 -1.45104473 -0.45849083]\n [-1.03005077 -1.14179659  1.94525421  5.22454946  0.62958417  1.41921443]\n [-2.42285461 -1.16146055 -1.45104473  0.62958417  5.84457837  2.21396292]\n [-2.59778444 -2.86839392 -0.45849083  1.41921443  2.21396292  6.04407893]]", "nfev": "175", "njev": "25", "status": "0", "success": "True", "message": "Optimization terminated successfully.", "x": "[1.71118633 2.88735258 4.60063217 1.77291557 4.78571218 5.34955985]", "nit": "23", "callback": [0.4318501542816924, 0.39848503476672315]}, "20": {"maxiter": 1000, "gtol": 1e-10, "xrtol": 1e-05, "eps": 1e-05, "duration": 0.04118514060974121, "fun": "0.39848465823608936", "jac": "[-1.32394096e-07 -2.18192131e-07  3.15636406e-08  2.28372876e-08\n  1.85185201e-08 -1.55520041e-07]", "hess_inv": "[[ 5.67362019  1.79630054  0.31255215 -1.1422003  -2.34040193 -2.47148171]\n [ 1.79630054  5.09081828  0.50295101 -1.06958561 -0.99402894 -2.85284748]\n [ 0.31255215  0.50295101  4.3628722   2.02062328 -1.26911156 -0.25669631]\n [-1.142200