{"date": "2024/09/25/, 05:17:45", "conf_id": 145, "data_type": "orthogonal\n", "num_data_points": 4, "s_rank": 0, "unitary": "[[-0.45070455-0.02711853j,0.78437395-0.06613086j,0.06358678+0.19963393j,-0.07343613+0.35668523j],[-0.01890143-0.03813363j,0.32408202+0.25557629j,0.05872864-0.68979805j,0.55466693-0.20227297j],[-0.11215405+0.64023111j,-0.13344055+0.29565494j,-0.49012687-0.19046288j,-0.04241254+0.44046348j],[0.55771659+0.24656916j,0.31851997-0.05798805j,0.28761525-0.34294258j,-0.56718418+0.03616933j]]", "databatch_0": {"databatch": "[[[-0.36914597+0.00456045j,-0.05493943-0.07159124j,0.20897944+0.2132043j,-0.08983273+0.22450708j],[-0.09898605+0.20999405j,0.01137906+0.10691854j,0.14386599-0.11917341j,0.13367893+0.13065539j],[-0.11298475+0.19579039j,-0.07356926-0.2690006j,0.17380009+0.11932582j,0.04857732+0.04233831j],[0.20590401-0.07669942j,-0.45787328-0.24064436j,0.12087079+0.1077529j,-0.17194216-0.15354323j]],[[0.14236788+0.18537159j,0.21663104+0.04114813j,-0.10816669-0.19110522j,0.21140473-0.07411092j],[-0.40966527+0.30043035j,0.01655237+0.29525616j,0.34287201-0.13024894j,0.16079052+0.39875941j],[0.12972157-0.07271231j,-0.1440838-0.08560002j,-0.01631241+0.03320691j,-0.07460602-0.10164086j],[-0.05063616+0.16442711j,0.10233262+0.01529436j,0.0411656-0.07056723j,0.12691013+0.05351075j]],[[-0.36094178+0.01223126j,-0.04477452-0.08831557j,0.20169393+0.21497847j,-0.08274793+0.21461047j],[-0.09202905+0.20242732j,0.00534543+0.09959343j,0.14015749-0.11410556j,0.1274443+0.12353721j],[-0.11328278+0.20363059j,-0.0767649-0.28647371j,0.17850416+0.12609883j,0.05034667+0.03947063j],[0.20928548-0.05654875j,-0.46960944-0.24105952j,0.135406+0.09732174j,-0.16176523-0.15057786j]],[[0.14368674+0.19208086j,0.21155434+0.03336104j,-0.10314389-0.19011587j,0.21349221-0.07524737j],[-0.4112871+0.29899208j,0.01869703+0.30107232j,0.34204476-0.13233297j,0.16094042+0.40089j],[0.12253881-0.07835907j,-0.12868116-0.08508529j,-0.02445921+0.03812659j,-0.07514011-0.09995854j],[-0.04690359+0.1628204j,0.09909009+0.02234087j,0.0408995-0.07547579j,0.12658123+0.0532345j]]]", "initial param values": "[0.36372135,0.10343009,1.43137337,5.20495417,5.49009794,0.63205677]", "nelder_mead": {"type": "gradient-free", "0": {"maxiter": 100, "fatol": 1e-05, "xatol": 1e-05, "duration": 0.03988218307495117, "fun": "0.31720986198854206", "nit": "100", "nfev": "158", "status": "2", "success": "False", "message": "Maximum number of iterations has been exceeded.", "x": "[0.7988142  0.10949012 1.47447675 3.83845864 5.7392592  0.47460598]", "final_simplex": "(array([[0.7988142 , 0.10949012, 1.47447675, 3.83845864, 5.7392592 ,\n        0.47460598],\n       [0.75839558, 0.11156982, 1.4013331 , 3.72763911, 5.78656249,\n        0.47639226],\n       [0.8071404 , 0.111764  , 1.41888156, 3.91336971, 5.79331658,\n        0.45314918],\n       [0.75636893, 0.11340277, 1.34698668, 3.8264437 , 5.71129838,\n        0.47400338],\n       [0.73902916, 0.10984956, 1.49291802, 3.75017123, 5.72084526,\n        0.49904328],\n       [0.74258933, 0.11015264, 1.45604911, 3.8399855 , 5.77731203,\n        0.49181091],\n       [0.6872691 , 0.11160401, 1.35926642, 3.7919187 , 5.74175663,\n        0.50477889]]), array([0.31720986, 0.31734061, 0.31777863, 0.31810643, 0.31831763,\n       0.31836087, 0.31998814]))", "callback": [0.4994110843957499, 0.34000059231168867, 0.33937881256348, 0.3370221555739148, 0.3349816457527064, 0.33334698088071, 0.3298426925815747, 0.3288988794208798, 0.3263898564389578, 0.31998813683401595]}, "1": {"maxiter": 100, "fatol": 1e-05, "xatol": 1e-10, "duration": 0.03831171989440918, "fun": "0.31720986198854206", "nit": "100", "nfev": "158", "status": "2", "success": "False", "message": "Maximum number of iterations has been exceeded.", "x": "[0.7988142  0.10949012 1.47447675 3.83845864 5.7392592  0.47460598]", "final_simplex": "(array([[0.7988142 , 0.10949012, 1.47447675, 3.83845864, 5.7392592 ,\n        0.47460598],\n       [0.75839558, 0.11156982, 1.4013331 , 3.72763911, 5.78656249,\n        0.47639226],\n       [0.8071404 , 0.111764  , 1.41888156, 3.91336971, 5.79331658,\n        0.45314918],\n       [0.75636893, 0.11340277, 1.34698668, 3.8264437 , 5.71129838,\n        0.47400338],\n       [0.73902916, 0.10984956, 1.49291802, 3.75017123, 5.72084526,\n        0.49904328],\n       [0.74258933, 0.11015264, 1.45604911, 3.8399855 , 5.77731203,\n        0.49181091],\n       [0.6872691 , 0.11160401, 1.35926642, 3.7919187 , 5.74175663,\n        0.50477889]]), array([0.31720986, 0.31734061, 0.31777863, 0.31810643, 0.31831763,\n       0.31836087, 0.31998814]))", "callback": [0.4994110843957499, 0.34000059231168867, 0.33937881256348, 0.3370221555739148, 0.3349816457527064, 0.33334698088071, 0.3298426925815747, 0.3288988794208798, 0.3263898564389578, 0.31998813683401595]}, "2": {"maxiter": 100, "fatol": 1e-10, "xatol": 1e-05, "duration": 0.037719011306762695, "fun": "0.31720986198854206", "nit": "100", "nfev": "158", "status": "2", "success": "False", "message": "Maximum number of iterations has been exceeded.", "x": "[0.7988142  0.10949012 1.47447675 3.83845864 5.7392592  0.47460598]", "final_simplex": "(array([[0.7988142 , 0.10949012, 1.47447675, 3.83845864, 5.7392592 ,\n        0.47460598],\n       [0.75839558, 0.11156982, 1.4013331 , 3.72763911, 5.78656249,\n        0.47639226],\n       [0.8071404 , 0.111764  , 1.41888156, 3.91336971, 5.79331658,\n        0.45314918],\n       [0.75636893, 0.11340277, 1.34698668, 3.8264437 , 5.71129838,\n        0.47400338],\n       [0.73902916, 0.10984956, 1.49291802, 3.75017123, 5.72084526,\n        0.49904328],\n       [0.74258933, 0.11015264, 1.45604911, 3.8399855 , 5.77731203,\n        0.49181091],\n       [0.6872691 , 0.11160401, 1.35926642, 3.7919187 , 5.74175663,\n        0.50477889]]), array([0.31720986, 0.31734061, 0.31777863, 0.31810643, 0.31831763,\n       0.31836087, 0.31998814]))", "callback": [0.4994110843957499, 0.34000059231168867, 0.33937881256348, 0.3370221555739148, 0.3349816457527064, 0.33334698088071, 0.3298426925815747, 0.3288988794208798, 0.3263898564389578, 0.31998813683401595]}, "3": {"maxiter": 100, "fatol": 1e-10, "xatol": 1e-10, "duration": 0.036959171295166016, "fun": "0.31720986198854206", "nit": "100", "nfev": "158", "status": "2", "success": "False", "message": "Maximum number of iterations has been exceeded.", "x": "[0.7988142  0.10949012 1.47447675 3.83845864 5.7392592  0.47460598]", "final_simplex": "(array([[0.7988142 , 0.10949012, 1.47447675, 3.83845864, 5.7392592 ,\n        0.47460598],\n       [0.75839558, 0.11156982, 1.4013331 , 3.72763911, 5.78656249,\n        0.47639226],\n       [0.8071404 , 0.111764  , 1.41888156, 3.91336971, 5.79331658,\n        0.45314918],\n       [0.75636893, 0.11340277, 1.34698668, 3.8264437 , 5.71129838,\n        0.47400338],\n       [0.73902916, 0.10984956, 1.49291802, 3.75017123, 5.72084526,\n        0.49904328],\n       [0.74258933, 0.11015264, 1.45604911, 3.8399855 , 5.77731203,\n        0.49181091],\n       [0.6872691 , 0.11160401, 1.35926642, 3.7919187 , 5.74175663,\n        0.50477889]]), array([0.31720986, 0.31734061, 0.31777863, 0.31810643, 0.31831763,\n       0.31836087, 0.31998814]))", "callback": [0.4994110843957499, 0.34000059231168867, 0.33937881256348, 0.3370221555739148, 0.3349816457527064, 0.33334698088071, 0.3298426925815747, 0.3288988794208798, 0.3263898564389578, 0.31998813683401595]}, "4": {"maxiter": 500, "fatol": 1e-05, "xatol": 1e-05, "duration": 0.1769390106201172, "fun": "0.25797990368074886", "nit": "500", "nfev": "762", "status": "2", "success": "False", "message": "Maximum number of iterations has been exceeded.", "x": "[ 1.49417573  1.62196215 -0.60310888  4.45336704  7.03063658  2.81127106]", "final_simplex": "(array([[ 1.49417573,  1.62196215, -0.60310888,  4.45336704,  7.03063658,\n         2.81127106],\n       [ 1.54253415,  1.6363226 , -0.6564948 ,  4.43866834,  6.98621162,\n         2.7982728 ],\n       [ 1.51983143,  1.64539968, -0.71538753,  4.5038915 ,  6.98234119,\n         2.89342477],\n       [ 1.53207436,  1.64430763, -0.65320108,  4.43665416,  6.95857934,\n         2.86548344],\n       [ 1.48725191,  1.63322889, -0.64972961,  4.440803  ,  7.00003156,\n         2.84420901],\n       [ 1.46577708,  1.60689559, -0.65725096,  4.43405955,  6.96193751,\n         2.82811348],\n       [ 1.49990021,  1.65644443, -0.65048093,  4.49921663,  6.99492237,\n         2.84386944]]), array([0.2579799 , 0.25808604, 0.25818708, 0.25827925, 0.25828196,\n       0.25835565, 0.258957  ]))", "callback": [0.4994110843957499, 0.34000059231168867, 0.33937881256348, 0.3370221555739148, 0.3349816457527064, 0.33334698088071, 0.3298426925815747, 0.3288988794208798, 0.3263898564389578, 0.31998813683401595, 0.3159649646079381, 0.3156710426261027, 0.315460430905662, 0.3154256148771095, 0.3153863014967073, 0.3152980001353709, 0.31478992247719806, 0.313634786360378, 0.3124823362796221, 0.31246077260215577, 0.3123945756607118, 0.31236330547983016, 0.3123467590532625, 0.3123347791659785, 0.31232544576282184, 0.31230563659733646, 0.31225286107596295, 0.3120797155418791, 0.31182449327813266, 0.31156723525037355, 0.31114713114330905, 0.30953531706835424, 0.30801345397668045, 0.3059185470646246, 0.30002513786620233, 0.29279201525000786, 0.28666225763119313, 0.28127371464702455, 0.2725863373695927, 0.2678762952692958, 0.26694940538117706, 0.2658453523640063, 0.2657895791668341, 0.2655913735998988, 0.26529223512257094, 0.26508031218637196, 0.26401972412765884, 0.262515879159694, 0.26114132414799873, 0.25895699757649815]}, "5": {"maxiter": 500, "fatol": 1e-05, "xatol": 1e-10, "duration": 0.17509078979492188, "fun": "0.25797990368074886", "nit": "500", "nfev": "762", "status": "2", "success": "False", "message": "Maximum number of iterations has been exceeded.", "x": "[ 1.49417573  1.62196215 -0.60310888  4.45336704  7.03063658  2.81127106]", "final_simplex": "(array([[ 1.49417573,  1.62196215, -0.60310888,  4.45336704,  7.03063658,\n         2.81127106],\n       [ 1.54253415,  1.6363226 , -0.6564948 ,  4.43866834,  6.98621162,\n         2.7982728 ],\n       [ 1.51983143,  1.64539968, -0.71538753,  4.5038915 ,  6.98234119,\n         2.89342477],\n       [ 1.53207436,  1.64430763, -0.65320108,  4.43665416,  6.95857934,\n         2.86548344],\n       [ 1.48725191,  1.63322889, -0.64972961,  4.440803  ,  7.00003156,\n         2.84420901],\n       [ 1.46577708,  1.60689559, -0.65725096,  4.43405955,  6.96193751,\n         2.82811348],\n       [ 1.49990021,  1.65644443, -0.65048093,  4.49921663,  6.99492237,\n         2.84386944]]), array([0.2579799 , 0.25808604, 0.25818708, 0.25827925, 0.25828196,\n       0.25835565, 0.258957  ]))", "callback": [0.4994110843957499, 0.34000059231168867, 0.33937881256348, 0.3370221555739148, 0.3349816457527064, 0.33334698088071, 0.3298426925815747, 0.3288988794208798, 0.3263898564389578, 0.31998813683401595, 0.3159649646079381, 0.3156710426261027, 0.315460430905662, 0.3154256148771095, 0.3153863014967073, 0.3152980001353709, 0.31478992247719806, 0.313634786360378, 0.3124823362796221, 0.31246077260215577, 0.3123945756607118, 0.31236330547983016, 0.3123467590532625, 0.3123347791659785, 0.31232544576282184, 0.31230563659733646, 0.31225286107596295, 0.3120797155418791, 0.31182449327813266, 0.31156723525037355, 0.31114713114330905, 0.30953531706835424, 0.30801345397668045, 0.3059185470646246, 0.30002513786620233, 0.29279201525000786, 0.28666225763119313, 0.28127371464702455, 0.2725863373695927, 0.2678762952692958, 0.26694940538117706, 0.2658453523640063, 0.2657895791668341, 0.2655913735998988, 0.26529223512257094, 0.26508031218637196, 0.26401972412765884, 0.262515879159694, 0.26114132414799873, 0.25895699757649815]}, "6": {"maxiter": 500, "fatol": 1e-10, "xatol": 1e-05, "duration": 0.1898350715637207, "fun": "0.25797990368074886", "nit": "500", "nfev": "762", "status": "2", "success": "False", "message": "Maximum number of iterations has been exceeded.", "x": "[ 1.49417573  1.62196215 -0.60310888  4.45336704  7.03063658  2.81127106]", "final_simplex": "(array([[ 1.49417573,  1.62196215, -0.60310888,  4.45336704,  7.03063658,\n         2.81127106],\n       [ 1.54253415,  1.6363226 , -0.6564948 ,  4.43866834,  6.98621162,\n         2.7982728 ],\n       [ 1.51983143,  1.64539968, -0.71538753,  4.5038915 ,  6.98234119,\n         2.89342477],\n       [ 1.53207436,  1.64430763, -0.65320108,  4.43665416,  6.95857934,\n         2.86548344],\n       [ 1.48725191,  1.63322889, -0.64972961,  4.440803  ,  7.00003156,\n         2.84420901],\n       [ 1.46577708,  1.60689559, -0.65725096,  4.43405955,  6.96193751,\n         2.82811348],\n       [ 1.49990021,  1.65644443, -0.65048093,  4.49921663,  6.99492237,\n         2.84386944]]), array([0.2579799 , 0.25808604, 0.25818708, 0.25827925, 0.25828196,\n       0.25835565, 0.258957  ]))", "callback": [0.4994110843957499, 0.34000059231168867, 0.33937881256348, 0.3370221555739148, 0.3349816457527064, 0.33334698088071, 0.3298426925815747, 0.3288988794208798, 0.3263898564389578, 0.31998813683401595, 0.3159649646079381, 0.3156710426261027, 0.315460430905662, 0.3154256148771095, 0.3153863014967073, 0.3152980001353709, 0.31478992247719806, 0.313634786360378, 0.3124823362796221, 0.31246077260215577, 0.3123945756607118, 0.31236330547983016, 0.3123467590532625, 0.3123347791659785, 0.31232544576282184, 0.31230563659733646, 0.31225286107596295, 0.3120797155418791, 0.31182449327813266, 0.31156723525037355, 0.31114713114330905, 0.30953531706835424, 0.30801345397668045, 0.3059185470646246, 0.30002513786620233, 0.29279201525000786, 0.28666225763119313, 0.28127371464702455, 0.2725863373695927, 0.2678762952692958, 0.26694940538117706, 0.2658453523640063, 0.2657895791668341, 0.2655913735998988, 0.26529223512257094, 0.26508031218637196, 0.26401972412765884, 0.262515879159694, 0.26114132414799873, 0.25895699757649815]}, "7": {"maxiter": 500, "fatol": 1e-10, "xatol": 1e-10, "duration": 0.1796879768371582, "fun": "0.25797990368074886", "nit": "500", "nfev": "762", "status": "2", "success": "False", "message": "Maximum number of iterations has been exceeded.", "x": "[ 1.49417573  1.62196215 -0.60310888  4.45336704  7.03063658  2.81127106]", "final_simplex": "(array([[ 1.49417573,  1.62196215, -0.60310888,  4.45336704,  7.03063658,\n         2.81127106],\n       [ 1.54253415,  1.6363226 , -0.6564948 ,  4.43866834,  6.98621162,\n         2.7982728 ],\n       [ 1.51983143,  1.64539968, -0.71538753,  4.5038915 ,  6.98234119,\n         2.89342477],\n       [ 1.53207436,  1.64430763, -0.65320108,  4.43665416,  6.95857934,\n         2.86548344],\n       [ 1.48725191,  1.63322889, -0.64972961,  4.440803  ,  7.00003156,\n         2.84420901],\n       [ 1.46577708,  1.60689559, -0.65725096,  4.43405955,  6.96193751,\n         2.82811348],\n       [ 1.49990021,  1.65644443, -0.65048093,  4.49921663,  6.99492237,\n         2.84386944]]), array([0.2579799 , 0.25808604, 0.25818708, 0.25827925, 0.25828196,\n       0.25835565, 0.258957  ]))", "callback": [0.4994110843957499, 0.34000059231168867, 0.33937881256348, 0.3370221555739148, 0.3349816457527064, 0.33334698088071, 0.3298426925815747, 0.3288988794208798, 0.3263898564389578, 0.31998813683401595, 0.3159649646079381, 0.3156710426261027, 0.315460430905662, 0.3154256148771095, 0.3153863014967073, 0.3152980001353709, 0.31478992247719806, 0.313634786360378, 0.3124823362796221, 0.31246077260215577, 0.3123945756607118, 0.31236330547983016, 0.3123467590532625, 0.3123347791659785, 0.31232544576282184, 0.31230563659733646, 0.31225286107596295, 0.3120797155418791, 0.31182449327813266, 0.31156723525037355, 0.31114713114330905, 0.30953531706835424, 0.30801345397668045, 0.3059185470646246, 0.30002513786620233, 0.29279201525000786, 0.28666225763119313, 0.28127371464702455, 0.2725863373695927, 0.2678762952692958, 0.26694940538117706, 0.2658453523640063, 0.2657895791668341, 0.2655913735998988, 0.26529223512257094, 0.26508031218637196, 0.26401972412765884, 0.262515879159694, 0.26114132414799873, 0.25895699757649815]}, "8": {"maxiter": 1000, "fatol": 1e-05, "xatol": 1e-05, "duration": 0.2628641128540039, "fun": "0.25350002153949713", "nit": "723", "nfev": "1110", "status": "0", "success": "True", "message": "Optimization terminated successfully.", "x": "[ 1.6400883   1.51369174 -0.70661915  4.50779404  7.03466256  2.92230265]", "final_simplex": "(array([[ 1.6400883 ,  1.51369174, -0.70661915,  4.50779404,  7.03466256,\n         2.92230265],\n       [ 1.64009286,  1.51369676, -0.70662172,  4.50780336,  7.03465952,\n         2.9223084 ],\n       [ 1.64009268,  1.51369273, -0.70662083,  4.50780095,  7.03466483,\n         2.92230658],\n       [ 1.64008596,  1.51369159, -0.70661756,  4.50779729,  7.03466258,\n         2.92230085],\n       [ 1.64008805,  1.51369485, -0.70660997,  4.5078002 ,  7.03466387,\n         2.92229937],\n       [ 1.64009115,  1.51369237, -0.7066205 ,  4.50779902,  7.03465757,\n         2.92230215],\n       [ 1.64009166,  1.51369092, -0.70661428,  4.5078    ,  7.03466483,\n         2.92230711]]), array([0.25350002, 0.25350002, 0.25350002, 0.25350002, 0.25350002,\n       0.25350002, 0.25350002]))", "callback": [0.4994110843957499, 0.34000059231168867, 0.33937881256348, 0.3370221555739148, 0.3349816457527064, 0.33334698088071, 0.3298426925815747, 0.3288988794208798, 0.3263898564389578, 0.31998813683401595, 0.3159649646079381, 0.3156710426261027, 0.315460430905662, 0.3154256148771095, 0.3153863014967073, 0.3152980001353709, 0.31478992247719806, 0.313634786360378, 0.3124823362796221, 0.31246077260215577, 0.3123945756607118, 0.31236330547983016, 0.3123467590532625, 0.3123347791659785, 0.31232544576282184, 0.31230563659733646, 0.31225286107596295, 0.3120797155418791, 0.31182449327813266, 0.31156723525037355, 0.31114713114330905, 0.30953531706835424, 0.30801345397668045, 0.3059185470646246, 0.30002513786620233, 0.29279201525000786, 0.28666225763119313, 0.28127371464702455, 0.2725863373695927, 0.2678762952692958, 0.26694940538117706, 0.2658453523640063, 0.2657895791668341, 0.2655913735998988, 0.26529223512257094, 0.26508031218637196, 0.26401972412765884, 0.262515879159694, 0.26114132414799873, 0.25895699757649815, 0.25700965073871385, 0.2554320069596554, 0.2549169206080214, 0.2544542149277389, 0.25408893068679994, 0.2536406487705478, 0.2535676574963922, 0.25352391128721474, 0.253504730816826, 0.253504730816826, 0.2535026460993701, 0.25350164980961787, 0.25350081882786324, 0.25350029818601405, 0.2535000990766405, 0.25350004387407, 0.2535000301922309, 0.2535000238763123, 0.25350002164937724, 0.25350002164937724, 0.25350002157794116, 0.25350002155629925, 0.2535000215395029]}, "9": {"maxiter": 1000, "fatol": 1e-05, "xatol": 1e-10, "duration": 0.3081791400909424, "fun": "0.2535000215349237", "nit": "826", "nfev": "1338", "status": "0", "success": "True", "message": "Optimization terminated successfully.", "x": "[ 1.64008868  1.51369668 -0.70661769  4.50779733  7.03466211  2.92230376]", "final_simplex": "(array([[ 1.64008868,  1.51369668, -0.70661769,  4.50779733,  7.03466211,\n         2.92230376],\n       [ 1.64008868,  1.51369668, -0.70661769,  4.50779733,  7.03466211,\n         2.92230376],\n       [ 1.64008868,  1.51369668, -0.70661769,  4.50779733,  7.03466211,\n         2.92230376],\n       [ 1.64008868,  1.51369668, -0.70661769,  4.50779733,  7.03466211,\n         2.92230376],\n       [ 1.64008868,  1.51369668, -0.70661769,  4.50779733,  7.03466211,\n         2.92230376],\n       [ 1.64008868,  1.51369668, -0.70661769,  4.50779733,  7.03466211,\n         2.92230376],\n       [ 1.64008868,  1.51369668, -0.70661769,  4.50779733,  7.03466211,\n         2.92230376]]), array([0.25350002, 0.25350002, 0.25350002, 0.25350002, 0.25350002,\n       0.25350002, 0.25350002]))", "callback": [0.4994110843957499, 0.34000059231168867, 0.33937881256348, 0.3370221555739148, 0.3349816457527064, 0.33334698088071, 0.3298426925815747, 0.3288988794208798, 0.3263898564389578, 0.31998813683401595, 0.3159649646079381, 0.3156710426261027, 0.315460430905662, 0.3154256148771095, 0.3153863014967073, 0.3152980001353709, 0.31478992247719806, 0.313634786360378, 0.3124823362796221, 0.31246077260215577, 0.3123945756607118, 0.31236330547983016, 0.3123467590532625, 0.3123347791659785, 0.31232544576282184, 0.31230563659733646, 0.31225286107596295, 0.3120797155418791, 0.31182449327813266, 0.31156723525037355, 0.31114713114330905, 0.30953531706835424, 0.30801345397668045, 0.3059185470646246, 0.30002513786620233, 0.29279201525000786, 0.28666225763119313, 0.28127371464702455, 0.2725863373695927, 0.2678762952692958, 0.26694940538117706, 0.2658453523640063, 0.2657895791668341, 0.2655913735998988, 0.26529223512257094, 0.26508031218637196, 0.26401972412765884, 0.262515879159694, 0.26114132414799873, 0.25895699757649815, 0.25700965073871385, 0.2554320069596554, 0.2549169206080214, 0.2544542149277389, 0.25408893068679994, 0.2536406487705478, 0.2535676574963922, 0.25352391128721474, 0.253504730816826, 0.253504730816826, 0.2535026460993701, 0.25350164980961787, 0.25350081882786324, 0.25350029818601405, 0.2535000990766405, 0.25350004387407, 0.2535000301922309, 0.2535000238763123, 0.25350002164937724, 0.25350002164937724, 0.25350002157794116, 0.25350002155629925, 0.2535000215395029, 0.2535000215358185, 0.253500021535348, 0.2535000215349643, 0.253500021534935, 0.2535000215349257, 0.25350002153492457, 0.2535000215349241, 0.2535000215349238, 0.2535000215349237, 0.2535000215349237]}, "10": {"maxiter": 1000, "fatol": 1e-10, "xatol": 1e-05, "duration": 0.2532308101654053, "fun": "0.25350002153949713", "nit": "723", "nfev": "1110", "status": "0", "success": "True", "message": "Optimization terminated successfully.", "x": "[ 1.6400883   1.51369174 -0.70661915  4.50779404  7.03466256  2.92230265]", "final_simplex": "(array([[ 1.6400883 ,  1.51369174, -0.70661915,  4.50779404,  7.03466256,\n         2.92230265],\n       [ 1.64009286,  1.51369676, -0.70662172,  4.50780336,  7.03465952,\n         2.9223084 ],\n       [ 1.64009268,  1.51369273, -0.70662083,  4.50780095,  7.03466483,\n         2.92230658],\n       [ 1.64008596,  1.51369159, -0.70661756,  4.50779729,  7.03466258,\n         2.92230085],\n       [ 1.64008805,  1.51369485, -0.70660997,  4.5078002 ,  7.03466387,\n         2.92229937],\n       [ 1.64009115,  1.51369237, -0.7066205 ,  4.50779902,  7.03465757,\n         2.92230215],\n       [ 1.64009166,  1.51369092, -0.70661428,  4.5078    ,  7.03466483,\n         2.92230711]]), array([0.25350002, 0.25350002, 0.25350002, 0.25350002, 0.25350002,\n       0.25350002, 0.25350002]))", "callback": [0.4994110843957499, 0.34000059231168867, 0.33937881256348, 0.3370221555739148, 0.3349816457527064, 0.33334698088071, 0.3298426925815747, 0.3288988794208798, 0.3263898564389578, 0.31998813683401595, 0.3159649646079381, 0.3156710426261027, 0.315460430905662, 0.3154256148771095, 0.3153863014967073, 0.3152980001353709, 0.31478992247719806, 0.313634786360378, 0.3124823362796221, 0.31246077260215577, 0.3123945756607118, 0.31236330547983016, 0.3123467590532625, 0.3123347791659785, 0.31232544576282184, 0.31230563659733646, 0.31225286107596295, 0.3120797155418791, 0.31182449327813266, 0.31156723525037355, 0.31114713114330905, 0.30953531706835424, 0.30801345397668045, 0.3059185470646246, 0.30002513786620233, 0.29279201525000786, 0.28666225763119313, 0.28127371464702455, 0.2725863373695927, 0.2678762952692958, 0.26694940538117706, 0.2658453523640063, 0.2657895791668341, 0.2655913735998988, 0.26529223512257094, 0.26508031218637196, 0.26401972412765884, 0.262515879159694, 0.26114132414799873, 0.25895699757649815, 0.25700965073871385, 0.2554320069596554, 0.2549169206080214, 0.2544542149277389, 0.25408893068679994, 0.2536406487705478, 0.2535676574963922, 0.25352391128721474, 0.253504730816826, 0.253504730816826, 0.2535026460993701, 0.25350164980961787, 0.25350081882786324, 0.25350029818601405, 0.2535000990766405, 0.25350004387407, 0.2535000301922309, 0.2535000238763123, 0.25350002164937724, 0.25350002164937724, 0.25350002157794116, 0.25350002155629925, 0.2535000215395029]}, "11": {"maxiter": 1000, "fatol": 1e-10, "xatol": 1e-10, "duration": 0.30503225326538086, "fun": "0.2535000215349237", "nit": "826", "nfev": "1338", "status": "0", "success": "True", "message": "Optimization terminated successfully.", "x": "[ 1.64008868  1.51369668 -0.70661769  4.50779733  7.03466211  2.92230376]", "final_simplex": "(array([[ 1.64008868,  1.51369668, -0.70661769,  4.50779733,  7.03466211,\n         2.92230376],\n       [ 1.64008868,  1.51369668, -0.70661769,  4.50779733,  7.03466211,\n         2.92230376],\n       [ 1.64008868,  1.51369668, -0.70661769,  4.50779733,  7.03466211,\n         2.92230376],\n       [ 1.64008868,  1.51369668, -0.70661769,  4.50779733,  7.03466211,\n         2.92230376],\n       [ 1.64008868,  1.51369668, -0.70661769,  4.50779733,  7.03466211,\n         2.92230376],\n       [ 1.64008868,  1.51369668, -0.70661769,  4.50779733,  7.03466211,\n         2.92230376],\n       [ 1.64008868,  1.51369668, -0.70661769,  4.50779733,  7.03466211,\n         2.92230376]]), array([0.25350002, 0.25350002, 0.25350002, 0.25350002, 0.25350002,\n       0.25350002, 0.25350002]))", "callback": [0.4994110843957499, 0.34000059231168867, 0.33937881256348, 0.3370221555739148, 0.3349816457527064, 0.33334698088071, 0.3298426925815747, 0.3288988794208798, 0.3263898564389578, 0.31998813683401595, 0.3159649646079381, 0.3156710426261027, 0.315460430905662, 0.3154256148771095, 0.3153863014967073, 0.3152980001353709, 0.31478992247719806, 0.313634786360378, 0.3124823362796221, 0.31246077260215577, 0.3123945756607118, 0.31236330547983016, 0.3123467590532625, 0.3123347791659785, 0.31232544576282184, 0.31230563659733646, 0.31225286107596295, 0.3120797155418791, 0.31182449327813266, 0.31156723525037355, 0.31114713114330905, 0.30953531706835424, 0.30801345397668045, 0.3059185470646246, 0.30002513786620233, 0.29279201525000786, 0.28666225763119313, 0.28127371464702455, 0.2725863373695927, 0.2678762952692958, 0.26694940538117706, 0.2658453523640063, 0.2657895791668341, 0.2655913735998988, 0.26529223512257094, 0.26508031218637196, 0.26401972412765884, 0.262515879159694, 0.26114132414799873, 0.25895699757649815, 0.25700965073871385, 0.2554320069596554, 0.2549169206080214, 0.2544542149277389, 0.25408893068679994, 0.2536406487705478, 0.2535676574963922, 0.25352391128721474, 0.253504730816826, 0.253504730816826, 0.2535026460993701, 0.25350164980961787, 0.25350081882786324, 0.25350029818601405, 0.2535000990766405, 0.25350004387407, 0.2535000301922309, 0.2535000238763123, 0.25350002164937724, 0.25350002164937724, 0.25350002157794116, 0.25350002155629925, 0.2535000215395029, 0.2535000215358185, 0.253500021535348, 0.2535000215349643, 0.253500021534935, 0.2535000215349257, 0.25350002153492457, 0.2535000215349241, 0.2535000215349238, 0.2535000215349237, 0.2535000215349237]}}, "bfgs": {"type": "gradient", "0": {"maxiter": 100, "gtol": 1e-05, "xrtol": 1e-05, "eps": 1e-05, "duration": 0.05981731414794922, "fun": "0.25350002225027923", "jac": "[-5.69367886e-06  1.31775924e-05  8.24540436e-06  5.90179017e-06\n  5.64381875e-07 -1.96620498e-07]", "hess_inv": "[[ 4.3478506   0.76590952 -1.35702099  2.69821489  0.2697498   1.88585422]\n [ 0.76590952  1.92844738 -1.21077546  0.23753413 -0.51485784  0.56862179]\n [-1.35702099 -1.21077546  4.41546812 -2.30115389  1.0423625  -2.05331396]\n [ 2.69821489  0.23753413 -2.30115389  6.8680207  -0.30966207  2.79557509]\n [ 0.2697498  -0.51485784  1.0423625  -0.30966207  3.21509498  0.24825229]\n [ 1.88585422  0.56862179 -2.05331396  2.79557509  0.24825229  5.1800437 ]]", "nfev": "266", "njev": "38", "status": "0", "success": "True", "message": "Optimization terminated successfully.", "x": "[ 1.64003891  1.51373805 -0.7065574   4.50782383  7.03465687  2.92227566]", "nit": "35", "callback": [0.34300678742949775, 0.3207878929185568, 0.3152631732208947, 0.3099057175277522, 0.30681212081089426, 0.3026167492055385, 0.30093276770693145, 0.2994622550642356, 0.29719519491850366, 0.29472923293139597, 0.29356542634690896, 0.29316890729036527, 0.29300519657999224, 0.2928147990905179, 0.2924961007145074, 0.2919573585571398, 0.29107467192015135, 0.2897020531029433, 0.2886362571962322, 0.2870762448685409, 0.2841828492878061, 0.2786844288586404, 0.26934307706424254, 0.26591751358973714, 0.2645334606232822, 0.2620786823016592, 0.25811570288872976, 0.2547751409905795, 0.2537710788929578, 0.2535605676215317, 0.2535047464973941, 0.2535001753930025, 0.25350002521687, 0.2535000229638342, 0.25350002225027923]}, "1": {"maxiter": 100, "gtol": 1e-05, "xrtol": 1e-05, "eps": 1e-10, "duration": 0.059526920318603516, "fun": "0.2535000222496955", "jac": "[-4.44089173e-06  1.33226752e-05  5.55111466e-06  6.66133760e-06\n  1.11022293e-06 -1.11022293e-06]", "hess_inv": "[[ 4.3204198   0.69339911 -1.22096472  2.62246148  0.23544663  1.72414575]\n [ 0.69339911  1.81923933 -1.30651896  0.22618241 -0.54402329  0.64113068]\n [-1.22096472 -1.30651896  4.42126805 -2.24152106  1.15474855 -2.00945346]\n [ 2.62246148  0.22618241 -2.24152106  6.83180459 -0.35117268  2.72448567]\n [ 0.23544663 -0.54402329  1.15474855 -0.35117268  3.21200012  0.1561062 ]\n [ 1.72414575  0.64113068 -2.00945346  2.72448567  0.1561062   5.11316574]]", "nfev": "266", "njev": "38", "status": "0", "success": "True", "message": "Optimization terminated successfully.", "x": "[ 1.64005671  1.51374565 -0.70656787  4.50784132  7.0346629   2.92229286]", "nit": "35", "callback": [0.3430069112369688, 0.32078794060412763, 0.3152632836190197, 0.3099057453088818, 0.30681204230455417, 0.3026167825973739, 0.30093241361954126, 0.29946147309339577, 0.2971943156996185, 0.29472927432394513, 0.29356479535300206, 0.29316841076972744, 0.29300467401999186, 0.2928142391501374, 0.2924955387920669, 0.2919571533387092, 0.2910747382537042, 0.2897033607376912, 0.28863907661665855, 0.28707966604634916, 0.2841893808072873, 0.2786981720850338, 0.26937309925784636, 0.2659508213372004, 0.26458165519416244, 0.26214644767399664, 0.2581922379571142, 0.25476975439744576, 0.2537853448431978, 0.25356179547963953, 0.2535055042300005, 0.2535002017930834, 0.25350002585108056, 0.25350002301302677, 0.2535000222496955]}, "2": {"maxiter": 100, "gtol": 1e-05, "xrtol": 1e-10, "eps": 1e-05, "duration": 0.06123232841491699, "fun": "0.25350002174102737", "jac": "[-6.82118806e-06  2.87557755e-06  1.73835391e-06  3.42069706e-06\n -1.15845111e-06  7.98061617e-07]", "hess_inv": "[[ 3.52504777  0.59159075 -1.47878567  2.67352229 -0.06014072  1.88262215]\n [ 0.59159075  2.66639371 -0.30504803  0.71776648 -0.3514614   0.32188654]\n [-1.47878567 -0.30504803  5.51728722 -1.72120442  1.27399034 -2.34958364]\n [ 2.67352229  0.71776648 -1.72120442  7.17142456 -0.17340702  2.6413265 ]\n [-0.06014072 -0.3514614   1.27399034 -0.17340702  3.15306437  0.17287973]\n [ 1.88262215  0.32188654 -2.34958364  2.6413265   0.17287973  5.25816059]]", "nfev": "273", "njev": "39", "status": "0", "success": "True", "message": "Optimization terminated successfully.", "x": "[ 1.64004801  1.51370482 -0.70659832  4.50780208  7.03464994  2.92228685]", "nit": "36", "callback": [0.34300678742949775, 0.3207878929185568, 0.3152631732208947, 0.3099057175277522, 0.30681212081089426, 0.3026167492055385, 0.30093276770693145, 0.2994622550642356, 0.29719519491850366, 0.29472923293139597, 0.29356542634690896, 0.29316890729036527, 0.29300519657999224, 0.2928147990905179, 0.2924961007145074, 0.2919573585571398, 0.29107467192015135, 0.2897020531029433, 0.2886362571962322, 0.2870762448685409, 0.2841828492878061, 0.2786844288586404, 0.26934307706424254, 0.26591751358973714, 0.2645334606232822, 0.2620786823016592, 0.25811570288872976, 0.2547751409905795, 0.2537710788929578, 0.2535605676215317, 0.2535047464973941, 0.2535001753930025, 0.25350002521687, 0.2535000229638342, 0.25350002225027923, 0.25350002174102737]}, "3": {"maxiter": 100, "gtol": 1e-05, "xrtol": 1e-10, "eps": 1e-10, "duration": 0.06115579605102539, "fun": "0.25350002177005426", "jac": "[-4.44089173e-06  5.55111466e-06  4.44089173e-06  3.33066880e-06\n  0.00000000e+00  3.33066880e-06]", "hess_inv": "[[ 4.17817036  0.95763562 -1.39632026  3.1263108   0.12258437  1.86220312]\n [ 0.95763562  2.51928195 -0.76364509  0.99851245 -0.34472904  0.52792675]\n [-1.39632026 -0.76364509  4.24469436 -1.30893079  1.01373166 -1.81314666]\n [ 3.1263108   0.99851245 -1.30893079  7.49758398  0.03373471  2.44096397]\n [ 0.12258437 -0.34472904  1.01373166  0.03373471  3.12254399  0.264397  ]\n [ 1.86220312  0.52792675 -1.81314666  2.44096397  0.264397    4.9964073 ]]", "nfev": "273", "njev": "39", "status": "0", "success": "True", "message": "Optimization terminated successfully.", "x": "[ 1.64005136  1.5137149  -0.70658188  4.50780189  7.03465901  2.92229315]", "nit": "36", "callback": [0.3430069112369688, 0.32078794060412763, 0.3152632836190197, 0.3099057453088818, 0.30681204230455417, 0.3026167825973739, 0.30093241361954126, 0.29946147309339577, 0.2971943156996185, 0.29472927432394513, 0.29356479535300206, 0.29316841076972744, 0.29300467401999186, 0.2928142391501374, 0.2924955387920669, 0.2919571533387092, 0.2910747382537042, 0.2897033607376912, 0.28863907661665855, 0.28707966604634916, 0.2841893808072873, 0.2786981720850338, 0.26937309925784636, 0.2659508213372004, 0.26458165519416244, 0.26214644767399664, 0.2581922379571142, 0.25476975439744576, 0.2537853448431978, 0.25356179547963953, 0.2535055042300005, 0.2535002017930834, 0.25350002585108056, 0.25350002301302677, 0.2535000222496955, 0.25350002177005426]}, "4": {"maxiter": 100, "gtol": 1e-10, "xrtol": 1e-05, "eps": 1e-05, "duration": 0.060002803802490234, "fun": "0.25350002225027923", "jac": "[-5.69367886e-06  1.31775924e-05  8.24540436e-06  5.90179017e-06\n  5.64381875e-07 -1.96620498e-07]", "hess_inv": "[[ 4.3478506   0.76590952 -1.35702099  2.69821489  0.2697498   1.88585422]\n [ 0.76590952  1.92844738 -1.21077546  0.23753413 -0.51485784  0.56862179]\n [-1.35702099 -1.21077546  4.41546812 -2.30115389  1.0423625  -2.05331396]\n [ 2.69821489  0.23753413 -2.30115389  6.8680207  -0.30966207  2.79557509]\n [ 0.2697498  -0.51485784  1.0423625  -0.30966207  3.21509498  0.24825229]\n [ 1.88585422  0.56862179 -2.05331396  2.79557509  0.24825229  5.1800437 ]]", "nfev": "266", "njev": "38", "status": "0", "success": "True", "message": "Optimization terminated successfully.", "x": "[ 1.64003891  1.51373805 -0.7065574   4.50782383  7.03465687  2.92227566]", "nit": "35", "callback": [0.34300678742949775, 0.3207878929185568, 0.3152631732208947, 0.3099057175277522, 0.30681212081089426, 0.3026167492055385, 0.30093276770693145, 0.2994622550642356, 0.29719519491850366, 0.29472923293139597, 0.29356542634690896, 0.29316890729036527, 0.29300519657999224, 0.2928147990905179, 0.2924961007145074, 0.2919573585571398, 0.29107467192015135, 0.2897020531029433, 0.2886362571962322, 0.2870762448685409, 0.2841828492878061, 0.2786844288586404, 0.26934307706424254, 0.26591751358973714, 0.2645334606232822, 0.2620786823016592, 0.25811570288872976, 0.2547751409905795, 0.2537710788929578, 0.2535605676215317, 0.2535047464973941, 0.2535001753930025, 0.25350002521687, 0.2535000229638342, 0.25350002225027923]}, "5": {"maxiter": 100, "gtol": 1e-10, "xrtol": 1e-05, "eps": 1e-10, "duration": 0.05938315391540527, "fun": "0.2535000222496955", "jac": "[-4.44089173e-06  1.33226752e-05  5.55111466e-06  6.66133760e-06\n  1.11022293e-06 -1.11022293e-06]", "hess_inv": "[[ 4.3204198   0.69339911 -1.22096472  2.62246148  0.23544663  1.72414575]\n [ 0.69339911  1.81923933 -1.30651896  0.22618241 -0.54402329  0.64113068]\n [-1.22096472 -1.30651896  4.42126805 -2.24152106  1.15474855 -2.00945346]\n [ 2.62246148  0.22618241 -2.24152106  6.83180459 -0.35117268  2.72448567]\n [ 0.23544663 -0.54402329  1.15474855 -0.35117268  3.21200012  0.1561062 ]\n [ 1.72414575  0.64113068 -2.00945346  2.72448567  0.1561062   5.11316574]]", "nfev": "266", "njev": "38", "status": "0", "success": "True", "message": "Optimization terminated successfully.", "x": "[ 1.64005671  1.51374565 -0.70656787  4.50784132  7.0346629   2.92229286]", "nit": "35", "callback": [0.3430069112369688, 0.32078794060412763, 0.3152632836190197, 0.3099057453088818, 0.30681204230455417, 0.3026167825973739, 0.30093241361954126, 0.29946147309339577, 0.2971943156996185, 0.29472927432394513, 0.29356479535300206, 0.29316841076972744, 0.29300467401999186, 0.2928142391501374, 0.2924955387920669, 0.2919571533387092, 0.2910747382537042, 0.2897033607376912, 0.28863907661665855, 0.28707966604634916, 0.2841893808072873, 0.2786981720850338, 0.26937309925784636, 0.2659508213372004, 0.26458165519416244, 0.26214644767399664, 0.2581922379571142, 0.25476975439744576, 0.2537853448431978, 0.25356179547963953, 0.2535055042300005, 0.2535002017930834, 0.25350002585108056, 0.25350002301302677, 0.2535000222496955]}, "6": {"maxiter": 100, "gtol": 1e-10, "xrtol": 1e-10, "eps": 1e-05, "duration": 0.0693202018737793, "fun": "0.2535000215666774", "jac": "[ 5.55111512e-11 -2.22044605e-11  2.22044605e-11  0.00000000e+00\n  2.22044605e-11  0.00000000e+00]", "hess_inv": "[[ 4.95672368 -0.08242034 -2.51904698  1.79634593  0.16534183  2.19047776]\n [-0.08242034  2.97937555  0.16265996  1.05553423 -0.47012966  0.17104074]\n [-2.51904698  0.16265996  6.22748111 -1.18018194  1.09077326 -2.57463928]\n [ 1.79634593  1.05553423 -1.18018194  7.63644145 -0.33803742  2.47374559]\n [ 0.16534183 -0.47012966  1.09077326 -0.33803742  3.18193729  0.22341929]\n [ 2.19047776  0.17104074 -2.57463928  2.47374559  0.22341929  5.3286918 ]]", "nfev": "308", "njev": "44", "status": "0", "success": "True", "message": "Optimization terminated successfully.", "x": "[ 1.64007962  1.51369105 -0.70661968  4.50778441  7.03465541  2.92229339]", "nit": "41", "callback": [0.34300678742949775, 0.3207878929185568, 0.3152631732208947, 0.3099057175277522, 0.30681212081089426, 0.3026167492055385, 0.30093276770693145, 0.2994622550642356, 0.29719519491850366, 0.29472923293139597, 0.29356542634690896, 0.29316890729036527, 0.29300519657999224, 0.2928147990905179, 0.2924961007145074, 0.2919573585571398, 0.29107467192015135, 0.2897020531029433, 0.2886362571962322, 0.2870762448685409, 0.2841828492878061, 0.2786844288586404, 0.26934307706424254, 0.26591751358973714, 0.2645334606232822, 0.2620786823016592, 0.25811570288872976, 0.2547751409905795, 0.2537710788929578, 0.2535605676215317, 0.2535047464973941, 0.2535001753930025, 0.25350002521687, 0.2535000229638342, 0.25350002225027923, 0.25350002174102737, 0.2535000215983896, 0.2535000215712999, 0.25350002156699714, 0.2535000215666807, 0.2535000215666774]}, "7": {"maxiter": 100, "gtol": 1e-10, "xrtol": 1e-10, "eps": 1e-10, "duration": 0.07960891723632812, "fun": "0.2535000216966674", "jac": "[ 1.11022293e-06  6.66133760e-06  1.11022293e-06 -3.33066880e-06\n  1.11022293e-06 -1.11022293e-06]", "hess_inv": "[[22.63501108 19.27901227  2.11526867 14.35098469  8.70822159 12.24985775]\n [19.27901227 21.61294146  3.34353119 15.76292751  8.27000418 12.37970136]\n [ 2.11526867  3.34353119  5.29661079  3.32491803  2.66870015  1.05931502]\n [14.35098469 15.76292751  3.32491803 13.9073681   6.35357395  8.40629571]\n [ 8.70822159  8.27000418  2.66870015  6.35357395  7.05009599  5.41008789]\n [12.24985775 12.37970136  1.05931502  8.40629571  5.41008789  9.95612089]]", "nfev": "357", "njev": "51", "status": "0", "success": "True", "message": "Optimization terminated successfully.", "x": "[ 1.64007601  1.51370874 -0.70659907  4.50775796  7.03466345  2.92227945]", "nit": "39", "callback": [0.3430069112369688, 0.32078794060412763, 0.3152632836190197, 0.3099057453088818, 0.30681204230455417, 0.3026167825973739, 0.30093241361954126, 0.29946147309339577, 0.2971943156996185, 0.29472927432394513, 0.29356479535300206, 0.29316841076972744, 0.29300467401999186, 0.2928142391501374, 0.2924955387920669, 0.2919571533387092, 0.2910747382537042, 0.2897033607376912, 0.28863907661665855, 0.28707966604634916, 0.2841893808072873, 0.2786981720850338, 0.26937309925784