{"date": "2024/09/25/, 06:39:23", "conf_id": 161, "data_type": "non_lin_ind\n", "num_data_points": 1, "s_rank": 0, "unitary": "[[-0.56303964-0.00798273j,-0.21670212-0.15784972j,-0.06047197-0.73952673j,-0.01438004+0.24552571j],[-0.06976756+0.23474685j,-0.01275565-0.5435098j,-0.02703657-0.08917885j,-0.08210486-0.79311774j],[-0.38559961+0.10714929j,0.5933431-0.2687392j,-0.24060861+0.29149289j,-0.45147719+0.26241743j],[-0.50180421+0.45931857j,-0.11617175+0.44134496j,0.49642745+0.22684508j,-0.08544628-0.15407063j]]", "databatch_0": {"databatch": "[[[0.15416586+0.0460672j,0.00667006-0.13894772j,-0.12137225-0.06770184j,-0.03625279-0.11390954j],[0.36453332+0.0869187j,-0.00270043-0.3239817j,-0.29111092-0.14152569j,-0.09923117-0.26013258j],[-0.16690081+0.25471815j,0.24841463+0.08721585j,0.18841243-0.18354164j,0.2262058-0.00417288j],[0.25884402+0.04787638j,-0.0135347-0.22717702j,-0.20929998-0.08882133j,-0.07895725-0.17891844j]]]", "initial param values": "[4.12643184,6.27850687,2.75537832,4.17310416,0.39822237,5.56504102]", "nelder_mead": {"type": "gradient-free", "0": {"maxiter": 100, "fatol": 1e-05, "xatol": 1e-05, "duration": 0.0391538143157959, "fun": "0.06737122875368584", "nit": "100", "nfev": "159", "status": "2", "success": "False", "message": "Maximum number of iterations has been exceeded.", "x": "[4.64929116 6.7447041  1.43721112 5.28595493 0.4172443  6.47034184]", "final_simplex": "(array([[4.64929116, 6.7447041 , 1.43721112, 5.28595493, 0.4172443 ,\n        6.47034184],\n       [4.56324769, 6.70650679, 1.42071875, 5.30339374, 0.42846463,\n        6.35763461],\n       [4.51415642, 6.66863836, 1.3487753 , 5.31077006, 0.43449286,\n        6.30191574],\n       [4.54071078, 6.68681246, 1.40350474, 5.2800105 , 0.43177279,\n        6.33025704],\n       [4.48696243, 6.70020068, 1.38855066, 5.27158302, 0.43612351,\n        6.29186152],\n       [4.51620487, 6.73057888, 1.42171231, 5.2685698 , 0.42920788,\n        6.31648628],\n       [4.49365396, 6.67026459, 1.34913033, 5.29919668, 0.43761716,\n        6.25267034]]), array([0.06737123, 0.06774752, 0.06881863, 0.06887849, 0.06926237,\n       0.06932633, 0.06943419]))", "callback": [0.5131189394716573, 0.10877475202584908, 0.09939978030797614, 0.09438392444941446, 0.07835133694971641, 0.07672072235894012, 0.07119309403920493, 0.07109350761258948, 0.07072070739127345, 0.07020976809295332]}, "1": {"maxiter": 100, "fatol": 1e-05, "xatol": 1e-10, "duration": 0.03898215293884277, "fun": "0.06737122875368584", "nit": "100", "nfev": "159", "status": "2", "success": "False", "message": "Maximum number of iterations has been exceeded.", "x": "[4.64929116 6.7447041  1.43721112 5.28595493 0.4172443  6.47034184]", "final_simplex": "(array([[4.64929116, 6.7447041 , 1.43721112, 5.28595493, 0.4172443 ,\n        6.47034184],\n       [4.56324769, 6.70650679, 1.42071875, 5.30339374, 0.42846463,\n        6.35763461],\n       [4.51415642, 6.66863836, 1.3487753 , 5.31077006, 0.43449286,\n        6.30191574],\n       [4.54071078, 6.68681246, 1.40350474, 5.2800105 , 0.43177279,\n        6.33025704],\n       [4.48696243, 6.70020068, 1.38855066, 5.27158302, 0.43612351,\n        6.29186152],\n       [4.51620487, 6.73057888, 1.42171231, 5.2685698 , 0.42920788,\n        6.31648628],\n       [4.49365396, 6.67026459, 1.34913033, 5.29919668, 0.43761716,\n        6.25267034]]), array([0.06737123, 0.06774752, 0.06881863, 0.06887849, 0.06926237,\n       0.06932633, 0.06943419]))", "callback": [0.5131189394716573, 0.10877475202584908, 0.09939978030797614, 0.09438392444941446, 0.07835133694971641, 0.07672072235894012, 0.07119309403920493, 0.07109350761258948, 0.07072070739127345, 0.07020976809295332]}, "2": {"maxiter": 100, "fatol": 1e-10, "xatol": 1e-05, "duration": 0.03821396827697754, "fun": "0.06737122875368584", "nit": "100", "nfev": "159", "status": "2", "success": "False", "message": "Maximum number of iterations has been exceeded.", "x": "[4.64929116 6.7447041  1.43721112 5.28595493 0.4172443  6.47034184]", "final_simplex": "(array([[4.64929116, 6.7447041 , 1.43721112, 5.28595493, 0.4172443 ,\n        6.47034184],\n       [4.56324769, 6.70650679, 1.42071875, 5.30339374, 0.42846463,\n        6.35763461],\n       [4.51415642, 6.66863836, 1.3487753 , 5.31077006, 0.43449286,\n        6.30191574],\n       [4.54071078, 6.68681246, 1.40350474, 5.2800105 , 0.43177279,\n        6.33025704],\n       [4.48696243, 6.70020068, 1.38855066, 5.27158302, 0.43612351,\n        6.29186152],\n       [4.51620487, 6.73057888, 1.42171231, 5.2685698 , 0.42920788,\n        6.31648628],\n       [4.49365396, 6.67026459, 1.34913033, 5.29919668, 0.43761716,\n        6.25267034]]), array([0.06737123, 0.06774752, 0.06881863, 0.06887849, 0.06926237,\n       0.06932633, 0.06943419]))", "callback": [0.5131189394716573, 0.10877475202584908, 0.09939978030797614, 0.09438392444941446, 0.07835133694971641, 0.07672072235894012, 0.07119309403920493, 0.07109350761258948, 0.07072070739127345, 0.07020976809295332]}, "3": {"maxiter": 100, "fatol": 1e-10, "xatol": 1e-10, "duration": 0.03614997863769531, "fun": "0.06737122875368584", "nit": "100", "nfev": "159", "status": "2", "success": "False", "message": "Maximum number of iterations has been exceeded.", "x": "[4.64929116 6.7447041  1.43721112 5.28595493 0.4172443  6.47034184]", "final_simplex": "(array([[4.64929116, 6.7447041 , 1.43721112, 5.28595493, 0.4172443 ,\n        6.47034184],\n       [4.56324769, 6.70650679, 1.42071875, 5.30339374, 0.42846463,\n        6.35763461],\n       [4.51415642, 6.66863836, 1.3487753 , 5.31077006, 0.43449286,\n        6.30191574],\n       [4.54071078, 6.68681246, 1.40350474, 5.2800105 , 0.43177279,\n        6.33025704],\n       [4.48696243, 6.70020068, 1.38855066, 5.27158302, 0.43612351,\n        6.29186152],\n       [4.51620487, 6.73057888, 1.42171231, 5.2685698 , 0.42920788,\n        6.31648628],\n       [4.49365396, 6.67026459, 1.34913033, 5.29919668, 0.43761716,\n        6.25267034]]), array([0.06737123, 0.06774752, 0.06881863, 0.06887849, 0.06926237,\n       0.06932633, 0.06943419]))", "callback": [0.5131189394716573, 0.10877475202584908, 0.09939978030797614, 0.09438392444941446, 0.07835133694971641, 0.07672072235894012, 0.07119309403920493, 0.07109350761258948, 0.07072070739127345, 0.07020976809295332]}, "4": {"maxiter": 500, "fatol": 1e-05, "xatol": 1e-05, "duration": 0.1612558364868164, "fun": "0.015595254902482036", "nit": "448", "nfev": "709", "status": "0", "success": "True", "message": "Optimization terminated successfully.", "x": "[5.67075812 7.79557624 0.76510675 6.11037127 0.20251031 7.83557987]", "final_simplex": "(array([[5.67075812, 7.79557624, 0.76510675, 6.11037127, 0.20251031,\n        7.83557987],\n       [5.67075878, 7.79558289, 0.76510378, 6.11037118, 0.20250973,\n        7.8355856 ],\n       [5.67075733, 7.79557967, 0.76510537, 6.11037242, 0.20251005,\n        7.83558055],\n       [5.67075893, 7.79558517, 0.76510259, 6.11037461, 0.20250931,\n        7.83558698],\n       [5.67075186, 7.79557406, 0.76510582, 6.11037583, 0.20251075,\n        7.83557693],\n       [5.67075397, 7.79556872, 0.76510757, 6.11037641, 0.20251081,\n        7.83557298],\n       [5.67076389, 7.79557436, 0.76511599, 6.11036748, 0.20251015,\n        7.83558519]]), array([0.01559525, 0.01559525, 0.01559525, 0.01559525, 0.01559525,\n       0.01559525, 0.01559525]))", "callback": [0.5131189394716573, 0.10877475202584908, 0.09939978030797614, 0.09438392444941446, 0.07835133694971641, 0.07672072235894012, 0.07119309403920493, 0.07109350761258948, 0.07072070739127345, 0.07020976809295332, 0.06737122875368584, 0.03751901083694431, 0.03315486543508628, 0.03315486543508628, 0.032893015320317076, 0.03251484874666988, 0.03140338747835292, 0.027892802644300052, 0.0232013259722188, 0.017280798402304454, 0.017280798402304454, 0.016690262675224665, 0.016542664747706604, 0.016394706772715373, 0.016365668490977425, 0.016351835396170356, 0.01634716293402627, 0.016340889726052632, 0.016320403491192792, 0.01627168918732047, 0.01619114384822351, 0.016068364643854638, 0.015916295328377683, 0.015702838308985334, 0.01563232318450214, 0.015612079163539683, 0.015599247304242003, 0.01559577123256084, 0.015595406995853711, 0.015595271188099558, 0.015595256925579282, 0.015595255223949223, 0.015595254964383853, 0.015595254904840927, 0.015595254904840927]}, "5": {"maxiter": 500, "fatol": 1e-05, "xatol": 1e-10, "duration": 0.1828300952911377, "fun": "0.015595254901223043", "nit": "500", "nfev": "795", "status": "2", "success": "False", "message": "Maximum number of iterations has been exceeded.", "x": "[5.67075803 7.79557654 0.76510903 6.11037123 0.2025103  7.83558181]", "final_simplex": "(array([[5.67075803, 7.79557654, 0.76510903, 6.11037123, 0.2025103 ,\n        7.83558181],\n       [5.670758  , 7.79557625, 0.76510924, 6.11037124, 0.20251033,\n        7.83558165],\n       [5.67075819, 7.79557652, 0.76510918, 6.1103711 , 0.2025103 ,\n        7.835582  ],\n       [5.67075796, 7.79557638, 0.76510902, 6.11037138, 0.20251031,\n        7.83558174],\n       [5.67075816, 7.79557655, 0.76510918, 6.11037116, 0.2025103 ,\n        7.83558187],\n       [5.67075799, 7.79557666, 0.76510906, 6.11037121, 0.2025103 ,\n        7.83558195],\n       [5.670758  , 7.79557637, 0.76510917, 6.11037132, 0.20251031,\n        7.83558169]]), array([0.01559525, 0.01559525, 0.01559525, 0.01559525, 0.01559525,\n       0.01559525, 0.01559525]))", "callback": [0.5131189394716573, 0.10877475202584908, 0.09939978030797614, 0.09438392444941446, 0.07835133694971641, 0.07672072235894012, 0.07119309403920493, 0.07109350761258948, 0.07072070739127345, 0.07020976809295332, 0.06737122875368584, 0.03751901083694431, 0.03315486543508628, 0.03315486543508628, 0.032893015320317076, 0.03251484874666988, 0.03140338747835292, 0.027892802644300052, 0.0232013259722188, 0.017280798402304454, 0.017280798402304454, 0.016690262675224665, 0.016542664747706604, 0.016394706772715373, 0.016365668490977425, 0.016351835396170356, 0.01634716293402627, 0.016340889726052632, 0.016320403491192792, 0.01627168918732047, 0.01619114384822351, 0.016068364643854638, 0.015916295328377683, 0.015702838308985334, 0.01563232318450214, 0.015612079163539683, 0.015599247304242003, 0.01559577123256084, 0.015595406995853711, 0.015595271188099558, 0.015595256925579282, 0.015595255223949223, 0.015595254964383853, 0.015595254904840927, 0.015595254904840927, 0.015595254901812128, 0.015595254901456745, 0.015595254901304867, 0.015595254901241695, 0.01559525490122693]}, "6": {"maxiter": 500, "fatol": 1e-10, "xatol": 1e-05, "duration": 0.20859694480895996, "fun": "0.015595254902482036", "nit": "448", "nfev": "709", "status": "0", "success": "True", "message": "Optimization terminated successfully.", "x": "[5.67075812 7.79557624 0.76510675 6.11037127 0.20251031 7.83557987]", "final_simplex": "(array([[5.67075812, 7.79557624, 0.76510675, 6.11037127, 0.20251031,\n        7.83557987],\n       [5.67075878, 7.79558289, 0.76510378, 6.11037118, 0.20250973,\n        7.8355856 ],\n       [5.67075733, 7.79557967, 0.76510537, 6.11037242, 0.20251005,\n        7.83558055],\n       [5.67075893, 7.79558517, 0.76510259, 6.11037461, 0.20250931,\n        7.83558698],\n       [5.67075186, 7.79557406, 0.76510582, 6.11037583, 0.20251075,\n        7.83557693],\n       [5.67075397, 7.79556872, 0.76510757, 6.11037641, 0.20251081,\n        7.83557298],\n       [5.67076389, 7.79557436, 0.76511599, 6.11036748, 0.20251015,\n        7.83558519]]), array([0.01559525, 0.01559525, 0.01559525, 0.01559525, 0.01559525,\n       0.01559525, 0.01559525]))", "callback": [0.5131189394716573, 0.10877475202584908, 0.09939978030797614, 0.09438392444941446, 0.07835133694971641, 0.07672072235894012, 0.07119309403920493, 0.07109350761258948, 0.07072070739127345, 0.07020976809295332, 0.06737122875368584, 0.03751901083694431, 0.03315486543508628, 0.03315486543508628, 0.032893015320317076, 0.03251484874666988, 0.03140338747835292, 0.027892802644300052, 0.0232013259722188, 0.017280798402304454, 0.017280798402304454, 0.016690262675224665, 0.016542664747706604, 0.016394706772715373, 0.016365668490977425, 0.016351835396170356, 0.01634716293402627, 0.016340889726052632, 0.016320403491192792, 0.01627168918732047, 0.01619114384822351, 0.016068364643854638, 0.015916295328377683, 0.015702838308985334, 0.01563232318450214, 0.015612079163539683, 0.015599247304242003, 0.01559577123256084, 0.015595406995853711, 0.015595271188099558, 0.015595256925579282, 0.015595255223949223, 0.015595254964383853, 0.015595254904840927, 0.015595254904840927]}, "7": {"maxiter": 500, "fatol": 1e-10, "xatol": 1e-10, "duration": 0.1875908374786377, "fun": "0.015595254901223043", "nit": "500", "nfev": "795", "status": "2", "success": "False", "message": "Maximum number of iterations has been exceeded.", "x": "[5.67075803 7.79557654 0.76510903 6.11037123 0.2025103  7.83558181]", "final_simplex": "(array([[5.67075803, 7.79557654, 0.76510903, 6.11037123, 0.2025103 ,\n        7.83558181],\n       [5.670758  , 7.79557625, 0.76510924, 6.11037124, 0.20251033,\n        7.83558165],\n       [5.67075819, 7.79557652, 0.76510918, 6.1103711 , 0.2025103 ,\n        7.835582  ],\n       [5.67075796, 7.79557638, 0.76510902, 6.11037138, 0.20251031,\n        7.83558174],\n       [5.67075816, 7.79557655, 0.76510918, 6.11037116, 0.2025103 ,\n        7.83558187],\n       [5.67075799, 7.79557666, 0.76510906, 6.11037121, 0.2025103 ,\n        7.83558195],\n       [5.670758  , 7.79557637, 0.76510917, 6.11037132, 0.20251031,\n        7.83558169]]), array([0.01559525, 0.01559525, 0.01559525, 0.01559525, 0.01559525,\n       0.01559525, 0.01559525]))", "callback": [0.5131189394716573, 0.10877475202584908, 0.09939978030797614, 0.09438392444941446, 0.07835133694971641, 0.07672072235894012, 0.07119309403920493, 0.07109350761258948, 0.07072070739127345, 0.07020976809295332, 0.06737122875368584, 0.03751901083694431, 0.03315486543508628, 0.03315486543508628, 0.032893015320317076, 0.03251484874666988, 0.03140338747835292, 0.027892802644300052, 0.0232013259722188, 0.017280798402304454, 0.017280798402304454, 0.016690262675224665, 0.016542664747706604, 0.016394706772715373, 0.016365668490977425, 0.016351835396170356, 0.01634716293402627, 0.016340889726052632, 0.016320403491192792, 0.01627168918732047, 0.01619114384822351, 0.016068364643854638, 0.015916295328377683, 0.015702838308985334, 0.01563232318450214, 0.015612079163539683, 0.015599247304242003, 0.01559577123256084, 0.015595406995853711, 0.015595271188099558, 0.015595256925579282, 0.015595255223949223, 0.015595254964383853, 0.015595254904840927, 0.015595254904840927, 0.015595254901812128, 0.015595254901456745, 0.015595254901304867, 0.015595254901241695, 0.01559525490122693]}, "8": {"maxiter": 1000, "fatol": 1e-05, "xatol": 1e-05, "duration": 0.17154574394226074, "fun": "0.015595254902482036", "nit": "448", "nfev": "709", "status": "0", "success": "True", "message": "Optimization terminated successfully.", "x": "[5.67075812 7.79557624 0.76510675 6.11037127 0.20251031 7.83557987]", "final_simplex": "(array([[5.67075812, 7.79557624, 0.76510675, 6.11037127, 0.20251031,\n        7.83557987],\n       [5.67075878, 7.79558289, 0.76510378, 6.11037118, 0.20250973,\n        7.8355856 ],\n       [5.67075733, 7.79557967, 0.76510537, 6.11037242, 0.20251005,\n        7.83558055],\n       [5.67075893, 7.79558517, 0.76510259, 6.11037461, 0.20250931,\n        7.83558698],\n       [5.67075186, 7.79557406, 0.76510582, 6.11037583, 0.20251075,\n        7.83557693],\n       [5.67075397, 7.79556872, 0.76510757, 6.11037641, 0.20251081,\n        7.83557298],\n       [5.67076389, 7.79557436, 0.76511599, 6.11036748, 0.20251015,\n        7.83558519]]), array([0.01559525, 0.01559525, 0.01559525, 0.01559525, 0.01559525,\n       0.01559525, 0.01559525]))", "callback": [0.5131189394716573, 0.10877475202584908, 0.09939978030797614, 0.09438392444941446, 0.07835133694971641, 0.07672072235894012, 0.07119309403920493, 0.07109350761258948, 0.07072070739127345, 0.07020976809295332, 0.06737122875368584, 0.03751901083694431, 0.03315486543508628, 0.03315486543508628, 0.032893015320317076, 0.03251484874666988, 0.03140338747835292, 0.027892802644300052, 0.0232013259722188, 0.017280798402304454, 0.017280798402304454, 0.016690262675224665, 0.016542664747706604, 0.016394706772715373, 0.016365668490977425, 0.016351835396170356, 0.01634716293402627, 0.016340889726052632, 0.016320403491192792, 0.01627168918732047, 0.01619114384822351, 0.016068364643854638, 0.015916295328377683, 0.015702838308985334, 0.01563232318450214, 0.015612079163539683, 0.015599247304242003, 0.01559577123256084, 0.015595406995853711, 0.015595271188099558, 0.015595256925579282, 0.015595255223949223, 0.015595254964383853, 0.015595254904840927, 0.015595254904840927]}, "9": {"maxiter": 1000, "fatol": 1e-05, "xatol": 1e-10, "duration": 0.2167198657989502, "fun": "0.015595254901221156", "nit": "550", "nfev": "930", "status": "0", "success": "True", "message": "Optimization terminated successfully.", "x": "[5.6707581  7.7955764  0.76510918 6.11037116 0.20251031 7.83558181]", "final_simplex": "(array([[5.6707581 , 7.7955764 , 0.76510918, 6.11037116, 0.20251031,\n        7.83558181],\n       [5.6707581 , 7.7955764 , 0.76510918, 6.11037116, 0.20251031,\n        7.83558181],\n       [5.6707581 , 7.7955764 , 0.76510918, 6.11037116, 0.20251031,\n        7.83558181],\n       [5.6707581 , 7.7955764 , 0.76510918, 6.11037116, 0.20251031,\n        7.83558181],\n       [5.6707581 , 7.7955764 , 0.76510918, 6.11037116, 0.20251031,\n        7.83558181],\n       [5.6707581 , 7.7955764 , 0.76510918, 6.11037116, 0.20251031,\n        7.83558181],\n       [5.6707581 , 7.7955764 , 0.76510918, 6.11037116, 0.20251031,\n        7.83558181]]), array([0.01559525, 0.01559525, 0.01559525, 0.01559525, 0.01559525,\n       0.01559525, 0.01559525]))", "callback": [0.5131189394716573, 0.10877475202584908, 0.09939978030797614, 0.09438392444941446, 0.07835133694971641, 0.07672072235894012, 0.07119309403920493, 0.07109350761258948, 0.07072070739127345, 0.07020976809295332, 0.06737122875368584, 0.03751901083694431, 0.03315486543508628, 0.03315486543508628, 0.032893015320317076, 0.03251484874666988, 0.03140338747835292, 0.027892802644300052, 0.0232013259722188, 0.017280798402304454, 0.017280798402304454, 0.016690262675224665, 0.016542664747706604, 0.016394706772715373, 0.016365668490977425, 0.016351835396170356, 0.01634716293402627, 0.016340889726052632, 0.016320403491192792, 0.01627168918732047, 0.01619114384822351, 0.016068364643854638, 0.015916295328377683, 0.015702838308985334, 0.01563232318450214, 0.015612079163539683, 0.015599247304242003, 0.01559577123256084, 0.015595406995853711, 0.015595271188099558, 0.015595256925579282, 0.015595255223949223, 0.015595254964383853, 0.015595254904840927, 0.015595254904840927, 0.015595254901812128, 0.015595254901456745, 0.015595254901304867, 0.015595254901241695, 0.01559525490122693, 0.015595254901223043, 0.015595254901221933, 0.015595254901221378, 0.015595254901221267, 0.015595254901221156]}, "10": {"maxiter": 1000, "fatol": 1e-10, "xatol": 1e-05, "duration": 0.16396784782409668, "fun": "0.015595254902482036", "nit": "448", "nfev": "709", "status": "0", "success": "True", "message": "Optimization terminated successfully.", "x": "[5.67075812 7.79557624 0.76510675 6.11037127 0.20251031 7.83557987]", "final_simplex": "(array([[5.67075812, 7.79557624, 0.76510675, 6.11037127, 0.20251031,\n        7.83557987],\n       [5.67075878, 7.79558289, 0.76510378, 6.11037118, 0.20250973,\n        7.8355856 ],\n       [5.67075733, 7.79557967, 0.76510537, 6.11037242, 0.20251005,\n        7.83558055],\n       [5.67075893, 7.79558517, 0.76510259, 6.11037461, 0.20250931,\n        7.83558698],\n       [5.67075186, 7.79557406, 0.76510582, 6.11037583, 0.20251075,\n        7.83557693],\n       [5.67075397, 7.79556872, 0.76510757, 6.11037641, 0.20251081,\n        7.83557298],\n       [5.67076389, 7.79557436, 0.76511599, 6.11036748, 0.20251015,\n        7.83558519]]), array([0.01559525, 0.01559525, 0.01559525, 0.01559525, 0.01559525,\n       0.01559525, 0.01559525]))", "callback": [0.5131189394716573, 0.10877475202584908, 0.09939978030797614, 0.09438392444941446, 0.07835133694971641, 0.07672072235894012, 0.07119309403920493, 0.07109350761258948, 0.07072070739127345, 0.07020976809295332, 0.06737122875368584, 0.03751901083694431, 0.03315486543508628, 0.03315486543508628, 0.032893015320317076, 0.03251484874666988, 0.03140338747835292, 0.027892802644300052, 0.0232013259722188, 0.017280798402304454, 0.017280798402304454, 0.016690262675224665, 0.016542664747706604, 0.016394706772715373, 0.016365668490977425, 0.016351835396170356, 0.01634716293402627, 0.016340889726052632, 0.016320403491192792, 0.01627168918732047, 0.01619114384822351, 0.016068364643854638, 0.015916295328377683, 0.015702838308985334, 0.01563232318450214, 0.015612079163539683, 0.015599247304242003, 0.01559577123256084, 0.015595406995853711, 0.015595271188099558, 0.015595256925579282, 0.015595255223949223, 0.015595254964383853, 0.015595254904840927, 0.015595254904840927]}, "11": {"maxiter": 1000, "fatol": 1e-10, "xatol": 1e-10, "duration": 0.21175789833068848, "fun": "0.015595254901221156", "nit": "550", "nfev": "930", "status": "0", "success": "True", "message": "Optimization terminated successfully.", "x": "[5.6707581  7.7955764  0.76510918 6.11037116 0.20251031 7.83558181]", "final_simplex": "(array([[5.6707581 , 7.7955764 , 0.76510918, 6.11037116, 0.20251031,\n        7.83558181],\n       [5.6707581 , 7.7955764 , 0.76510918, 6.11037116, 0.20251031,\n        7.83558181],\n       [5.6707581 , 7.7955764 , 0.76510918, 6.11037116, 0.20251031,\n        7.83558181],\n       [5.6707581 , 7.7955764 , 0.76510918, 6.11037116, 0.20251031,\n        7.83558181],\n       [5.6707581 , 7.7955764 , 0.76510918, 6.11037116, 0.20251031,\n        7.83558181],\n       [5.6707581 , 7.7955764 , 0.76510918, 6.11037116, 0.20251031,\n        7.83558181],\n       [5.6707581 , 7.7955764 , 0.76510918, 6.11037116, 0.20251031,\n        7.83558181]]), array([0.01559525, 0.01559525, 0.01559525, 0.01559525, 0.01559525,\n       0.01559525, 0.01559525]))", "callback": [0.5131189394716573, 0.10877475202584908, 0.09939978030797614, 0.09438392444941446, 0.07835133694971641, 0.07672072235894012, 0.07119309403920493, 0.07109350761258948, 0.07072070739127345, 0.07020976809295332, 0.06737122875368584, 0.03751901083694431, 0.03315486543508628, 0.03315486543508628, 0.032893015320317076, 0.03251484874666988, 0.03140338747835292, 0.027892802644300052, 0.0232013259722188, 0.017280798402304454, 0.017280798402304454, 0.016690262675224665, 0.016542664747706604, 0.016394706772715373, 0.016365668490977425, 0.016351835396170356, 0.01634716293402627, 0.016340889726052632, 0.016320403491192792, 0.01627168918732047, 0.01619114384822351, 0.016068364643854638, 0.015916295328377683, 0.015702838308985334, 0.01563232318450214, 0.015612079163539683, 0.015599247304242003, 0.01559577123256084, 0.015595406995853711, 0.015595271188099558, 0.015595256925579282, 0.015595255223949223, 0.015595254964383853, 0.015595254904840927, 0.015595254904840927, 0.015595254901812128, 0.015595254901456745, 0.015595254901304867, 0.015595254901241695, 0.01559525490122693, 0.015595254901223043, 0.015595254901221933, 0.015595254901221378, 0.015595254901221267, 0.015595254901221156]}}, "bfgs": {"type": "gradient", "0": {"maxiter": 100, "gtol": 1e-05, "xrtol": 1e-05, "eps": 1e-05, "duration": 0.03521108627319336, "fun": "0.015595255055734114", "jac": "[ 3.65436570e-06 -1.15525367e-06  2.54232191e-06  2.27746710e-06\n  1.47921675e-06  1.37611034e-06]", "hess_inv": "[[ 1.35821548  0.10698984 -1.68874339  0.28108475  1.72068529 -1.03101115]\n [ 0.10698984 13.31564328  6.25447295 -3.06504467  5.52085844  6.18391993]\n [-1.68874339  6.25447295 13.00539689 -4.07662861 -5.65870023  8.1659109 ]\n [ 0.28108475 -3.06504467 -4.07662861  2.72145123  1.01682928 -2.98303578]\n [ 1.72068529  5.52085844 -5.65870023  1.01682928 11.08922513 -2.11718971]\n [-1.03101115  6.18391993  8.1659109  -2.98303578 -2.11718971  7.57057158]]", "nfev": "147", "njev": "21", "status": "0", "success": "True", "message": "Optimization terminated successfully.", "x": "[4.12179868 7.34681246 0.83494312 4.90383488 1.62062174 5.63694649]", "nit": "19", "callback": [0.29030605284828526, 0.14938559998791012, 0.1306180073094827, 0.11678446691853361, 0.10067729201529452, 0.07485098560533032, 0.04320162093575275, 0.02419447796289076, 0.018795044921562587, 0.0185056091901048, 0.01803605314852219, 0.01730939232772455, 0.016458608470949487, 0.015909431765791737, 0.01563205308751736, 0.015596271129727723, 0.01559528049689507, 0.015595255559023413, 0.015595255055734114]}, "1": {"maxiter": 100, "gtol": 1e-05, "xrtol": 1e-05, "eps": 1e-10, "duration": 0.03441882133483887, "fun": "0.015595254935623748", "jac": "[ 0.00000000e+00  1.11022293e-06  1.11022293e-06  0.00000000e+00\n  0.00000000e+00 -1.11022293e-06]", "hess_inv": "[[ 1.36913439  0.21400344 -1.6706241   0.27061084  1.74940228 -1.01521078]\n [ 0.21400344 12.1329181   5.49516879 -2.6743068   5.33281562  5.48930792]\n [-1.6706241   5.49516879 12.63059652 -3.87969354 -5.7937827   7.83245826]\n [ 0.27061084 -2.6743068  -3.87969354  2.61337792  1.0847826  -2.81463212]\n [ 1.74940228  5.33281562 -5.7937827   1.0847826  11.05363718 -2.25023319]\n [-1.01521078  5.48930792  7.83245826 -2.81463212 -2.25023319  7.26187428]]", "nfev": "147", "njev": "21", "status": "0", "success": "True", "message": "Optimization terminated successfully.", "x": "[4.12200695 7.3469779  0.83505036 4.90399855 1.62071001 5.63710072]", "nit": "19", "callback": [0.29030612914753506, 0.14938502306396484, 0.13061778609279162, 0.11678405784308099, 0.10067867813685405, 0.07485184161075664, 0.04320264882523617, 0.024198747028936207, 0.018796497709992255, 0.018506929955128926, 0.01803686765928114, 0.017309241393966834, 0.016458798855675694, 0.015908401202507028, 0.01563208904472213, 0.015596231727660781, 0.015595277075159952, 0.015595255732895885, 0.015595254935623748]}, "2": {"maxiter": 100, "gtol": 1e-05, "xrtol": 1e-10, "eps": 1e-05, "duration": 0.03544282913208008, "fun": "0.015595255055734114", "jac": "[ 3.65436570e-06 -1.15525367e-06  2.54232191e-06  2.27746710e-06\n  1.47921675e-06  1.37611034e-06]", "hess_inv": "[[ 1.35821548  0.10698984 -1.68874339  0.28108475  1.72068529 -1.03101115]\n [ 0.10698984 13.31564328  6.25447295 -3.06504467  5.52085844  6.18391993]\n [-1.68874339  6.25447295 13.00539689 -4.07662861 -5.65870023  8.1659109 ]\n [ 0.28108475 -3.06504467 -4.07662861  2.72145123  1.01682928 -2.98303578]\n [ 1.72068529  5.52085844 -5.65870023  1.01682928 11.08922513 -2.11718971]\n [-1.03101115  6.18391993  8.1659109  -2.98303578 -2.11718971  7.57057158]]", "nfev": "147", "njev": "21", "status": "0", "success": "True", "message": "Optimization terminated successfully.", "x": "[4.12179868 7.34681246 0.83494312 4.90383488 1.62062174 5.63694649]", "nit": "19", "callback": [0.29030605284828526, 0.14938559998791012, 0.1306180073094827, 0.11678446691853361, 0.10067729201529452, 0.07485098560533032, 0.04320162093575275, 0.02419447796289076, 0.018795044921562587, 0.0185056091901048, 0.01803605314852219, 0.01730939232772455, 0.016458608470949487, 0.015909431765791737, 0.01563205308751736, 0.015596271129727723, 0.01559528049689507, 0.015595255559023413, 0.015595255055734114]}, "3": {"maxiter": 100, "gtol": 1e-05, "xrtol": 1e-10, "eps": 1e-10, "duration": 0.035208940505981445, "fun": "0.015595254935623748", "jac": "[ 0.00000000e+00  1.11022293e-06  1.11022293e-06  0.00000000e+00\n  0.00000000e+00 -1.11022293e-06]", "hess_inv": "[[ 1.36913439  0.21400344 -1.6706241   0.27061084  1.74940228 -1.01521078]\n [ 0.21400344 12.1329181   5.49516879 -2.6743068   5.33281562  5.48930792]\n [-1.6706241   5.49516879 12.63059652 -3.87969354 -5.7937827   7.83245826]\n [ 0.27061084 -2.6743068  -3.87969354  2.61337792  1.0847826  -2.81463212]\n [ 1.74940228  5.33281562 -5.7937827   1.0847826  11.05363718 -2.25023319]\n [-1.01521078  5.48930792  7.83245826 -2.81463212 -2.25023319  7.26187428]]", "nfev": "147", "njev": "21", "status": "0", "success": "True", "message": "Optimization terminated successfully.", "x": "[4.12200695 7.3469779  0.83505036 4.90399855 1.62071001 5.63710072]", "nit": "19", "callback": [0.29030612914753506, 0.14938502306396484, 0.13061778609279162, 0.11678405784308099, 0.10067867813685405, 0.07485184161075664, 0.04320264882523617, 0.024198747028936207, 0.018796497709992255, 0.018506929955128926, 0.01803686765928114, 0.017309241393966834, 0.016458798855675694, 0.015908401202507028, 0.01563208904472213, 0.015596231727660781, 0.015595277075159952, 0.015595255732895885, 0.015595254935623748]}, "4": {"maxiter": 100, "gtol": 1e-10, "xrtol": 1e-05, "eps": 1e-05, "duration": 0.03446006774902344, "fun": "0.015595255055734114", "jac": "[ 3.65436570e-06 -1.15525367e-06  2.54232191e-06  2.27746710e-06\n  1.47921675e-06  1.37611034e-06]", "hess_inv": "[[ 1.35821548  0.10698984 -1.68874339  0.28108475  1.72068529 -1.03101115]\n [ 0.10698984 13.31564328  6.25447295 -3.06504467  5.52085844  6.18391993]\n [-1.68874339  6.25447295 13.00539689 -4.07662861 -5.65870023  8.1659109 ]\n [ 0.28108475 -3.06504467 -4.07662861  2.72145123  1.01682928 -2.98303578]\n [ 1.72068529  5.52085844 -5.65870023  1.01682928 11.08922513 -2.11718971]\n [-1.03101115  6.18391993  8.1659109  -2.98303578 -2.11718971  7.57057158]]", "nfev": "147", "njev": "21", "status": "0", "success": "True", "message": "Optimization terminated successfully.", "x": "[4.12179868 7.34681246 0.83494312 4.90383488 1.62062174 5.63694649]", "nit": "19", "callback": [0.29030605284828526, 0.14938559998791012, 0.1306180073094827, 0.11678446691853361, 0.10067729201529452, 0.07485098560533032, 0.04320162093575275, 0.02419447796289076, 0.018795044921562587, 0.0185056091901048, 0.01803605314852219, 0.01730939232772455, 0.016458608470949487, 0.015909431765791737, 0.01563205308751736, 0.015596271129727723, 0.01559528049689507, 0.015595255559023413, 0.015595255055734114]}, "5": {"maxiter": 100, "gtol": 1e-10, "xrtol": 1e-05, "eps": 1e-10, "duration": 0.03491806983947754, "fun": "0.015595254935623748", "jac": "[ 0.00000000e+00  1.11022293e-06  1.11022293e-06  0.00000000e+00\n  0.00000000e+00 -1.11022293e-06]", "hess_inv": "[[ 1.36913439  0.21400344 -1.6706241   0.27061084  1.74940228 -1.01521078]\n [ 0.21400344 12.1329181   5.49516879 -2.6743068   5.33281562  5.48930792]\n [-1.6706241   5.49516879 12.63059652 -3.87969354 -5.7937827   7.83245826]\n [ 0.27061084 -2.6743068  -3.87969354  2.61337792  1.0847826  -2.81463212]\n [ 1.74940228  5.33281562 -5.7937827   1.0847826  11.05363718 -2.25023319]\n [-1.01521078  5.48930792  7.83245826 -2.81463212 -2.25023319  7.26187428]]", "nfev": "147", "njev": "21", "status": "0", "success": "True", "message": "Optimization terminated successfully.", "x": "[4.12200695 7.3469779  0.83505036 4.90399855 1.62071001 5.63710072]", "nit": "19", "callback": [0.29030612914753506, 0.14938502306396484, 0.13061778609279162, 0.11678405784308099, 0.10067867813685405, 0.07485184161075664, 0.04320264882523617, 0.024198747028936207, 0.018796497709992255, 0.018506929955128926, 0.01803686765928114, 0.017309241393966834, 0.016458798855675694, 0.015908401202507028, 0.01563208904472213, 0.015596231727660781, 0.015595277075159952, 0.015595255732895885, 0.015595254935623748]}, "6": {"maxiter": 100, "gtol": 1e-10, "xrtol": 1e-10, "eps": 1e-05, "duration": 0.08384013175964355, "fun": "0.015595255055734114", "jac": "[ 3.65436570e-06 -1.15525367e-06  2.54232191e-06  2.27746710e-06\n  1.47921675e-06  1.37611034e-06]", "hess_inv": "[[ 1.37005768  0.11641436 -1.70185248  0.31107421  1.84327091 -1.02339392]\n [ 0.11641436 13.14185236  5.91698688 -2.87451394  6.08624207  6.00684105]\n [-1.70185248  5.91698688 12.42989757 -3.80916134 -4.95043454  7.82708867]\n [ 0.31107421 -2.87451394 -3.80916134  2.64418059  0.89718936 -2.79538145]\n [ 1.84327091  6.08624207 -4.95043454  0.89718936 11.15095242 -1.56574132]\n [-1.02339392  6.00684105  7.82708867 -2.79538145 -1.56574132  7.39046169]]", "nfev": "368", "njev": "51", "status": "2", "success": "False", "message": "Desired error not necessarily achieved due to precision loss.", "x": "[4.12179868 7.34681246 0.83494312 4.90383488 1.62062174 5.63694649]", "nit": "19", "callback": [0.29030605284828526, 0.14938559998791012, 0.1306180073094827, 0.11678446691853361, 0.10067729201529452, 0.07485098560533032, 0.04320162093575275, 0.02419447796289076, 0.018795044921562587, 0.0185056091901048, 0.01803605314852219, 0.01730939232772455, 0.016458608470949487, 0.015909431765791737, 0.01563205308751736, 0.015596271129727723, 0.01559528049689507, 0.015595255559023413, 0.015595255055734114]}, "7": {"maxiter": 100, "gtol": 1e-10, "xrtol": 1e-10, "eps": 1e-10, "duration": 0.0742652416229248, "fun": "0.015595254907789569", "jac": "[ 1.11022293e-06 -2.22044587e-06  2.22044587e-06  2.22044587e-06\n  2.22044587e-06  0.00000000e+00]", "hess_inv": "[[ 2.64344716 -0.10686737 -2.55288073  0.76507334  2.17002361 -1.31239947]\n [-0.10686737  5.2756392   2.45081865 -1.53706489  2.32385741  3.81703128]\n [-2.55288073  2.45081865  5.45578779 -2.01566271 -1.68041497  3.3212842 ]\n [ 0.76507334 -1.53706489 -2.01566271  0.93218782  0.00577024 -1.43478599]\n [ 2.17002361  2.32385741 -1.68041497  0.00577024  3.53598219  0.27544323]\n [-1.31239947  3.81703128  3.3212842  -1.43478599  0.27544323  4.3455454 ]]", "nfev": "322", "njev": "46", "status": "0", "success": "True", "message": "Optimization terminated successfully.", "x": "[4.12201475 7.34695349 0.83502083 4.90400878 1.6207118  5.63708301]", "nit": "25", "callback": [0.29030612914753506, 0.14938502306396484, 0.13061778609279162, 0.11678405784308099, 0.10067867813685405, 0.07485184161075664, 0.04320264882523617, 0.024198747028936207, 0.018796497709992255, 0.018506929955128926, 0.01803686765928114, 0.017309241393966834, 0.016458798855675694, 0.015908401202507028, 0.01563208904472213, 0.015596231727660781, 0.015595277075159952, 0.015595255732895885, 0.015595254935623748, 0.015595254916390466, 0.015595254913184808, 0.015595254911308198, 0.015595254908374656, 0.015595254907789569, 0.015595254907789569]}, "8": {"maxiter": 500, "gtol": 1e-05, "xrtol": 1e-05, "eps": 1e-05, "duration": 0.034506797790527344, "fun": "0.015595255055734114", "jac": "[ 3.65436570e-06 -1.15525367e-06  2.54232191e-06  2.27746710e-06\n  1.47921675e-06  1.37611034e-06]", "hess_inv": "[[ 1.35821548  0.10698984 -1.68874339  0.28108475  1.72068529 -1.03101115]\n [ 0.10698984 13.31564328  6.25447295 -3.06504467  5.52085844  6.18391993]\n [-1.68874339  6.25447295 13.00539689 -4.07662861 -5.65870023  8.1659109 ]\n [ 0.28108475 -3.06504467 -4.07662861  2.72145123  1.01682928 -2.98303578]\n [ 1.72068529  5.52085844 -5.65870023  1.01682928 11.08922513 -2.11718971]\n [-1.03101115  6.18391993  8.1659109  -2.98303578 -2.11718971  7.57057158]]", "nfev": "147", "njev": "21", "status": "0", "success": "True", "message": "Optimization terminated successfully.", "x": "[4.12179868 7.34681246 0.83494312 4.90383488 1.62062174 5.63694649]", "nit": "19", "callback": [0.29030605284828526, 0.14938559998791012, 0.1306180073094827, 0.11678446691853361, 0.10067729201529452, 0.07485098560533032, 0.04320162093575275, 0.02419447796289076, 0.018795044921562587, 0.0185056091901048, 0.01803605314852219, 0.01730939232772455, 0.016458608470949487, 0.015909431765791737, 0.01563205308751736, 0.015596271129727723, 0.01559528049689507, 0.015595255559023413, 0.015595255055734114]}, "9": {"maxiter": 500, "gtol": 1e-05, "xrtol": 1e-05, "eps": 1e-10, "duration": 0.03351283073425293, "fun": "0.015595254935623748", "jac": "[ 0.00000000e+00  1.11022293e-06  1.11022293e-06  0.00000000e+00\n  0.00000000e+00 -1.11022293e-06]", "hess_inv": "[[ 1.36913439  0.21400344 -1.6706241   0.27061084  1.74940228 -1.01521078]\n [ 0.21400344 12.1329181   5.49516879 -2.6743068   5.33281562  5.48930792]\n [-1.6706241   5.49516879 12.63059652 -3.87969354 -5.7937827   7.83245826]\n [ 0.27061084 -2.6743068  -3.87969354  2.61337792  1.0847826  -2.81463212]\n [ 1.74940228  5.33281562 -5.7937827   1.0847826  11.05363718 -2.25023319]\n [-1.01521078  5.48930792  7.83245826 -2.81463212 -2.25023319  7.26187428]]", "nfev": "147", "njev": "21", "status": "0", "success": "True", "message": "Optimization terminated successfully.", "x": "[4.12200695 7.3469779  0.83505036 4.90399855 1.62071001 5.63710072]", "nit": "19", "callback": [0.29030612914753506, 0.14938502306396484, 0.13061778609279162, 0.11678405784308099, 0.10067867813685405, 0.07485184161075664, 0.04320264882523617, 0.024198747028936207, 0.018796497709992255, 0.018506929955128926, 0.01803686765928114, 0.017309241393966834, 0.016458798855675694, 0.015908401202507028, 0.01563208904472213, 0.015596231727660781, 0.015595277075159952, 0.015595255732895885, 0.015595254935623748]}, "10": {"maxiter": 500, "gtol": 1e-05, "xrtol": 1e-10, "eps": 1e-05, "duration": 0.03379511833190918, "fun": "0.015595255055734114", "jac": "[ 3.65436570e-06 -1.15525367e-06  2.54232191e-06  2.27746710e-06\n  1.47921675e-06  1.37611034e-06]", "hess_inv": "[[ 1.35821548  0.10698984 -1.68874339  0.28108475  1.72068529 -1.03101115]\n [ 0.10698984 13.31564328  6.25447295 -3.06504467  5.52085844  6.18391993]\n [-1.68874339  6.25447295 13.00539689 -4.07662861 -5.65870023  8.1659109 ]\n [ 0.28108475 -3.06504467 -4.07662861  2.72145123  1.01682928 -2.98303578]\n [ 1.72068529  5.52085844 -5.65870023  1.01682928 11.08922513 -2.11718971]\n [-1.03101115  6.18391993  8.1659109  -2.98303578 -2.11718971  7.57057158]]", "nfev": "147", "njev": "21", "status": "0", "success": "True", "message": "Optimization terminated successfully.", "x": "[4.12179868 7.34681246 0.83494312 4.90383488 1.62062174 5.63694649]", "nit": "19", "callback": [0.29030605284828526, 0.14938559998791012, 0.1306180073094827, 0.11678446691853361, 0.10067729201529452, 0.07485098560533032, 0.04320162093575275, 0.02419447796289076, 0.018795044921562587, 0.0185056091901048, 0.01803605314852219, 0.01730939232772455, 0.016458608470949487, 0.015909431765791737, 0.01563205308751736, 0.015596271129727723, 0.01559528049689507, 0.015595255559023413, 0.015595255055734114]}, "11": {"maxiter": 500, "gtol": 1e-05, "xrtol": 1e-10, "eps": 1e-10, "duration": 0.03397083282470703, "fun": "0.015595254935623748", "jac": "[ 0.00000000e+00  1.11022293e-06  1.11022293e-06  0.00000000e+00\n  0.00000000e+00 -1.11022293e-06]", "hess_inv": "[[ 1.36913439  0.21400344 -1.6706241   0.27061084  1.74940228 -1.01521078]\n [ 0.21400344 12.1329181   5.49516879 -2.6743068   5.33281562  5.48930792]\n [-1.6706241   5.49516879 12.63059652 -3.87969354 -5.7937827   7.83245826]\n [ 0.27061084 -2.6743068  -3.87969354  2.61337792  1.0847826  -2.81463212]\n [ 1.74940228  5.33281562 -5.7937827   1.0847826  11.05363718 -2.25023319]\n [-1.01521078  5.48930792  7.83245826 -2.81463212 -2.25023319  7.26187428]]", "nfev": "147", "njev": "21", "status": "0", "success": "True", "message": "Optimization terminated successfully.", "x": "[4.12200695 7.3469779  0.83505036 4.90399855 1.62071001 5.63710072]", "nit": "19", "callback": [0.29030612914753506, 0.14938502306396484, 0.13061778609279162, 0.11678405784308099, 0.10067867813685405, 0.07485184161075664, 0.04320264882523617, 0.024198747028936207, 0.018796497709992255, 0.018506929955128926, 0.01803686765928114, 0.017309241393966834, 0.016458798855675694, 0.015908401202507028, 0.01563208904472213, 0.015596231727660781, 0.015595277075159952, 0.015595255732895885, 0.015595254935623748]}, "12": {"maxiter": 500, "gtol": 1e-10, "xrtol": 1e-05, "eps": 1e-05, "duration": 0.03730297088623047, "fun": "0.015595255055734114", "jac": "[ 3.65436570e-06 -1.15525367e-06  2.54232191e-06  2.27746710e-06\n  1.47921675e-06  1.37611034e-06]", "hess_inv": "[[ 1.35821548  0.10698984 -1.68874339  0.28108475  1.72068529 -1.03101115]\n [ 0.10698984 13.31564328  6.25447295 -3.06504467  5.52085844  6.18391993]