{"date": "2024/10/08/, 17:00:11", "conf_id": 14, "data_type": "random\n", "num_data_points": 1, "s_rank": 0, "unitary": "[[-0.24866696+0.58742286j,-0.44704345-0.43151574j,-0.35669027-0.20570733j,-0.10517633+0.1626036j],[0.10596805-0.19687975j,-0.30269685-0.15056416j,0.18246286+0.30440582j,-0.83484447-0.11310748j],[0.26054512-0.52548482j,0.0285017-0.50723956j,-0.43110112+0.17165838j,0.15243271+0.39915801j],[0.42978035+0.11991271j,-0.17224126-0.46030424j,0.6827807-0.15164662j,0.26483638+0.0061855j]]", "databatch_0": {"databatch": "[[[0.15169572-0.09500404j,0.04355583+0.05107387j,-0.1302028+0.01970885j,-0.04737121+0.06704456j],[0.11428584-0.13513436j,0.05028393+0.08793043j,-0.09232017-0.00222247j,-0.07440784+0.08119812j],[-0.65663537-0.21386257j,0.2183777-0.37342643j,0.27817202+0.12417652j,0.13061599+0.12095881j],[0.23683184+0.08193342j,0.03608788+0.05901949j,-0.1232546-0.01767372j,-0.03685959-0.06443045j]]]", "initial param values": "[2.4170424,1.48631673,5.35049501,2.8219068,0.34525365,0.29865274]", "nelder_mead": {"type": "gradient-free", "0": {"maxiter": 100, "fatol": 1e-05, "xatol": 1e-05, "duration": 0.06576728820800781, "fun": "0.3139597865237225", "nit": "100", "nfev": "156", "status": "2", "success": "False", "message": "Maximum number of iterations has been exceeded.", "x": "[5.46271242 2.06473742 1.85402951 1.6240244  0.79884924 0.08596338]", "final_simplex": "(array([[5.46271242, 2.06473742, 1.85402951, 1.6240244 , 0.79884924,\n        0.08596338],\n       [5.53325683, 2.00142154, 1.85915412, 1.76162735, 0.7928915 ,\n        0.08266204],\n       [5.51154916, 1.97504392, 1.71078967, 1.40183201, 0.80980851,\n        0.08267047],\n       [5.40661761, 1.93447839, 1.69934967, 1.42809204, 0.79865312,\n        0.08918725],\n       [5.12866311, 1.94445185, 2.05495487, 1.82530408, 0.72354823,\n        0.12125092],\n       [5.24380225, 1.93961558, 1.69360709, 1.66500146, 0.73084334,\n        0.11451724],\n       [5.26749163, 1.92857186, 1.85907493, 1.94170491, 0.72356637,\n        0.1114374 ]]), array([0.31395979, 0.32670595, 0.33004013, 0.33062279, 0.3323486 ,\n       0.33439553, 0.33537578]))", "callback": [0.8088805678439531, 0.6478711258459717, 0.6178175497440563, 0.5806862912745925, 0.5215414599223291, 0.513841643899565, 0.5103908338044734, 0.4477096676337702, 0.3554262974487612, 0.3414489898920954]}, "1": {"maxiter": 100, "fatol": 1e-05, "xatol": 1e-10, "duration": 0.051976919174194336, "fun": "0.3139597865237225", "nit": "100", "nfev": "156", "status": "2", "success": "False", "message": "Maximum number of iterations has been exceeded.", "x": "[5.46271242 2.06473742 1.85402951 1.6240244  0.79884924 0.08596338]", "final_simplex": "(array([[5.46271242, 2.06473742, 1.85402951, 1.6240244 , 0.79884924,\n        0.08596338],\n       [5.53325683, 2.00142154, 1.85915412, 1.76162735, 0.7928915 ,\n        0.08266204],\n       [5.51154916, 1.97504392, 1.71078967, 1.40183201, 0.80980851,\n        0.08267047],\n       [5.40661761, 1.93447839, 1.69934967, 1.42809204, 0.79865312,\n        0.08918725],\n       [5.12866311, 1.94445185, 2.05495487, 1.82530408, 0.72354823,\n        0.12125092],\n       [5.24380225, 1.93961558, 1.69360709, 1.66500146, 0.73084334,\n        0.11451724],\n       [5.26749163, 1.92857186, 1.85907493, 1.94170491, 0.72356637,\n        0.1114374 ]]), array([0.31395979, 0.32670595, 0.33004013, 0.33062279, 0.3323486 ,\n       0.33439553, 0.33537578]))", "callback": [0.8088805678439531, 0.6478711258459717, 0.6178175497440563, 0.5806862912745925, 0.5215414599223291, 0.513841643899565, 0.5103908338044734, 0.4477096676337702, 0.3554262974487612, 0.3414489898920954]}, "2": {"maxiter": 100, "fatol": 1e-10, "xatol": 1e-05, "duration": 0.051991939544677734, "fun": "0.3139597865237225", "nit": "100", "nfev": "156", "status": "2", "success": "False", "message": "Maximum number of iterations has been exceeded.", "x": "[5.46271242 2.06473742 1.85402951 1.6240244  0.79884924 0.08596338]", "final_simplex": "(array([[5.46271242, 2.06473742, 1.85402951, 1.6240244 , 0.79884924,\n        0.08596338],\n       [5.53325683, 2.00142154, 1.85915412, 1.76162735, 0.7928915 ,\n        0.08266204],\n       [5.51154916, 1.97504392, 1.71078967, 1.40183201, 0.80980851,\n        0.08267047],\n       [5.40661761, 1.93447839, 1.69934967, 1.42809204, 0.79865312,\n        0.08918725],\n       [5.12866311, 1.94445185, 2.05495487, 1.82530408, 0.72354823,\n        0.12125092],\n       [5.24380225, 1.93961558, 1.69360709, 1.66500146, 0.73084334,\n        0.11451724],\n       [5.26749163, 1.92857186, 1.85907493, 1.94170491, 0.72356637,\n        0.1114374 ]]), array([0.31395979, 0.32670595, 0.33004013, 0.33062279, 0.3323486 ,\n       0.33439553, 0.33537578]))", "callback": [0.8088805678439531, 0.6478711258459717, 0.6178175497440563, 0.5806862912745925, 0.5215414599223291, 0.513841643899565, 0.5103908338044734, 0.4477096676337702, 0.3554262974487612, 0.3414489898920954]}, "3": {"maxiter": 100, "fatol": 1e-10, "xatol": 1e-10, "duration": 0.049468040466308594, "fun": "0.3139597865237225", "nit": "100", "nfev": "156", "status": "2", "success": "False", "message": "Maximum number of iterations has been exceeded.", "x": "[5.46271242 2.06473742 1.85402951 1.6240244  0.79884924 0.08596338]", "final_simplex": "(array([[5.46271242, 2.06473742, 1.85402951, 1.6240244 , 0.79884924,\n        0.08596338],\n       [5.53325683, 2.00142154, 1.85915412, 1.76162735, 0.7928915 ,\n        0.08266204],\n       [5.51154916, 1.97504392, 1.71078967, 1.40183201, 0.80980851,\n        0.08267047],\n       [5.40661761, 1.93447839, 1.69934967, 1.42809204, 0.79865312,\n        0.08918725],\n       [5.12866311, 1.94445185, 2.05495487, 1.82530408, 0.72354823,\n        0.12125092],\n       [5.24380225, 1.93961558, 1.69360709, 1.66500146, 0.73084334,\n        0.11451724],\n       [5.26749163, 1.92857186, 1.85907493, 1.94170491, 0.72356637,\n        0.1114374 ]]), array([0.31395979, 0.32670595, 0.33004013, 0.33062279, 0.3323486 ,\n       0.33439553, 0.33537578]))", "callback": [0.8088805678439531, 0.6478711258459717, 0.6178175497440563, 0.5806862912745925, 0.5215414599223291, 0.513841643899565, 0.5103908338044734, 0.4477096676337702, 0.3554262974487612, 0.3414489898920954]}, "4": {"maxiter": 500, "fatol": 1e-05, "xatol": 1e-05, "duration": 0.24310517311096191, "fun": "0.04399245822583653", "nit": "500", "nfev": "751", "status": "2", "success": "False", "message": "Maximum number of iterations has been exceeded.", "x": "[ 4.68198112  2.92739286  0.92251221  1.76454722  1.60001583 -0.81083145]", "final_simplex": "(array([[ 4.68198112,  2.92739286,  0.92251221,  1.76454722,  1.60001583,\n        -0.81083145],\n       [ 4.66085999,  2.93482936,  0.82428811,  1.73126126,  1.5901917 ,\n        -0.91026481],\n       [ 4.67051324,  2.9529808 ,  0.87942586,  1.73527008,  1.59263205,\n        -0.86414079],\n       [ 4.63622921,  2.9458888 ,  0.80244691,  1.72348174,  1.55090769,\n        -0.93833365],\n       [ 4.6357832 ,  2.94144716,  0.84098448,  1.71997103,  1.58129196,\n        -0.92450361],\n       [ 4.62510327,  2.95309627,  0.79101223,  1.71663322,  1.58648604,\n        -0.94858562],\n       [ 4.66483123,  2.92513418,  0.82386737,  1.70007591,  1.57684408,\n        -0.93137836]]), array([0.04399246, 0.04405404, 0.0441349 , 0.04421596, 0.04426767,\n       0.04430296, 0.04440362]))", "callback": [0.8088805678439531, 0.6478711258459717, 0.6178175497440563, 0.5806862912745925, 0.5215414599223291, 0.513841643899565, 0.5103908338044734, 0.4477096676337702, 0.3554262974487612, 0.3414489898920954, 0.3139597865237225, 0.3117014617709215, 0.30447083577889056, 0.2805549170622116, 0.25604438759169956, 0.21705643081613313, 0.19289998318298118, 0.13126226551786802, 0.06796959587179185, 0.05888299914106876, 0.04956327101708902, 0.04956327101708902, 0.0487075098621822, 0.04849061764792639, 0.04846562621166872, 0.04843904634577689, 0.048408751506850756, 0.04840634262089405, 0.04840409043640381, 0.04840355572996946, 0.04840349452742332, 0.048403459100213375, 0.048403440098974126, 0.04840340966951162, 0.04840337662132921, 0.04840320205197646, 0.04840285168000269, 0.04840209945297669, 0.04840001888123491, 0.048395636586379576, 0.04837864996927643, 0.04831067222321772, 0.04816119871419833, 0.048003887302639714, 0.047706936376397446, 0.047252459511037626, 0.046410239544443455, 0.04512310587303037, 0.04469627456867453, 0.04444322695117531]}, "5": {"maxiter": 500, "fatol": 1e-05, "xatol": 1e-10, "duration": 0.24242711067199707, "fun": "0.04399245822583653", "nit": "500", "nfev": "751", "status": "2", "success": "False", "message": "Maximum number of iterations has been exceeded.", "x": "[ 4.68198112  2.92739286  0.92251221  1.76454722  1.60001583 -0.81083145]", "final_simplex": "(array([[ 4.68198112,  2.92739286,  0.92251221,  1.76454722,  1.60001583,\n        -0.81083145],\n       [ 4.66085999,  2.93482936,  0.82428811,  1.73126126,  1.5901917 ,\n        -0.91026481],\n       [ 4.67051324,  2.9529808 ,  0.87942586,  1.73527008,  1.59263205,\n        -0.86414079],\n       [ 4.63622921,  2.9458888 ,  0.80244691,  1.72348174,  1.55090769,\n        -0.93833365],\n       [ 4.6357832 ,  2.94144716,  0.84098448,  1.71997103,  1.58129196,\n        -0.92450361],\n       [ 4.62510327,  2.95309627,  0.79101223,  1.71663322,  1.58648604,\n        -0.94858562],\n       [ 4.66483123,  2.92513418,  0.82386737,  1.70007591,  1.57684408,\n        -0.93137836]]), array([0.04399246, 0.04405404, 0.0441349 , 0.04421596, 0.04426767,\n       0.04430296, 0.04440362]))", "callback": [0.8088805678439531, 0.6478711258459717, 0.6178175497440563, 0.5806862912745925, 0.5215414599223291, 0.513841643899565, 0.5103908338044734, 0.4477096676337702, 0.3554262974487612, 0.3414489898920954, 0.3139597865237225, 0.3117014617709215, 0.30447083577889056, 0.2805549170622116, 0.25604438759169956, 0.21705643081613313, 0.19289998318298118, 0.13126226551786802, 0.06796959587179185, 0.05888299914106876, 0.04956327101708902, 0.04956327101708902, 0.0487075098621822, 0.04849061764792639, 0.04846562621166872, 0.04843904634577689, 0.048408751506850756, 0.04840634262089405, 0.04840409043640381, 0.04840355572996946, 0.04840349452742332, 0.048403459100213375, 0.048403440098974126, 0.04840340966951162, 0.04840337662132921, 0.04840320205197646, 0.04840285168000269, 0.04840209945297669, 0.04840001888123491, 0.048395636586379576, 0.04837864996927643, 0.04831067222321772, 0.04816119871419833, 0.048003887302639714, 0.047706936376397446, 0.047252459511037626, 0.046410239544443455, 0.04512310587303037, 0.04469627456867453, 0.04444322695117531]}, "6": {"maxiter": 500, "fatol": 1e-10, "xatol": 1e-05, "duration": 0.2272648811340332, "fun": "0.04399245822583653", "nit": "500", "nfev": "751", "status": "2", "success": "False", "message": "Maximum number of iterations has been exceeded.", "x": "[ 4.68198112  2.92739286  0.92251221  1.76454722  1.60001583 -0.81083145]", "final_simplex": "(array([[ 4.68198112,  2.92739286,  0.92251221,  1.76454722,  1.60001583,\n        -0.81083145],\n       [ 4.66085999,  2.93482936,  0.82428811,  1.73126126,  1.5901917 ,\n        -0.91026481],\n       [ 4.67051324,  2.9529808 ,  0.87942586,  1.73527008,  1.59263205,\n        -0.86414079],\n       [ 4.63622921,  2.9458888 ,  0.80244691,  1.72348174,  1.55090769,\n        -0.93833365],\n       [ 4.6357832 ,  2.94144716,  0.84098448,  1.71997103,  1.58129196,\n        -0.92450361],\n       [ 4.62510327,  2.95309627,  0.79101223,  1.71663322,  1.58648604,\n        -0.94858562],\n       [ 4.66483123,  2.92513418,  0.82386737,  1.70007591,  1.57684408,\n        -0.93137836]]), array([0.04399246, 0.04405404, 0.0441349 , 0.04421596, 0.04426767,\n       0.04430296, 0.04440362]))", "callback": [0.8088805678439531, 0.6478711258459717, 0.6178175497440563, 0.5806862912745925, 0.5215414599223291, 0.513841643899565, 0.5103908338044734, 0.4477096676337702, 0.3554262974487612, 0.3414489898920954, 0.3139597865237225, 0.3117014617709215, 0.30447083577889056, 0.2805549170622116, 0.25604438759169956, 0.21705643081613313, 0.19289998318298118, 0.13126226551786802, 0.06796959587179185, 0.05888299914106876, 0.04956327101708902, 0.04956327101708902, 0.0487075098621822, 0.04849061764792639, 0.04846562621166872, 0.04843904634577689, 0.048408751506850756, 0.04840634262089405, 0.04840409043640381, 0.04840355572996946, 0.04840349452742332, 0.048403459100213375, 0.048403440098974126, 0.04840340966951162, 0.04840337662132921, 0.04840320205197646, 0.04840285168000269, 0.04840209945297669, 0.04840001888123491, 0.048395636586379576, 0.04837864996927643, 0.04831067222321772, 0.04816119871419833, 0.048003887302639714, 0.047706936376397446, 0.047252459511037626, 0.046410239544443455, 0.04512310587303037, 0.04469627456867453, 0.04444322695117531]}, "7": {"maxiter": 500, "fatol": 1e-10, "xatol": 1e-10, "duration": 0.24239182472229004, "fun": "0.04399245822583653", "nit": "500", "nfev": "751", "status": "2", "success": "False", "message": "Maximum number of iterations has been exceeded.", "x": "[ 4.68198112  2.92739286  0.92251221  1.76454722  1.60001583 -0.81083145]", "final_simplex": "(array([[ 4.68198112,  2.92739286,  0.92251221,  1.76454722,  1.60001583,\n        -0.81083145],\n       [ 4.66085999,  2.93482936,  0.82428811,  1.73126126,  1.5901917 ,\n        -0.91026481],\n       [ 4.67051324,  2.9529808 ,  0.87942586,  1.73527008,  1.59263205,\n        -0.86414079],\n       [ 4.63622921,  2.9458888 ,  0.80244691,  1.72348174,  1.55090769,\n        -0.93833365],\n       [ 4.6357832 ,  2.94144716,  0.84098448,  1.71997103,  1.58129196,\n        -0.92450361],\n       [ 4.62510327,  2.95309627,  0.79101223,  1.71663322,  1.58648604,\n        -0.94858562],\n       [ 4.66483123,  2.92513418,  0.82386737,  1.70007591,  1.57684408,\n        -0.93137836]]), array([0.04399246, 0.04405404, 0.0441349 , 0.04421596, 0.04426767,\n       0.04430296, 0.04440362]))", "callback": [0.8088805678439531, 0.6478711258459717, 0.6178175497440563, 0.5806862912745925, 0.5215414599223291, 0.513841643899565, 0.5103908338044734, 0.4477096676337702, 0.3554262974487612, 0.3414489898920954, 0.3139597865237225, 0.3117014617709215, 0.30447083577889056, 0.2805549170622116, 0.25604438759169956, 0.21705643081613313, 0.19289998318298118, 0.13126226551786802, 0.06796959587179185, 0.05888299914106876, 0.04956327101708902, 0.04956327101708902, 0.0487075098621822, 0.04849061764792639, 0.04846562621166872, 0.04843904634577689, 0.048408751506850756, 0.04840634262089405, 0.04840409043640381, 0.04840355572996946, 0.04840349452742332, 0.048403459100213375, 0.048403440098974126, 0.04840340966951162, 0.04840337662132921, 0.04840320205197646, 0.04840285168000269, 0.04840209945297669, 0.04840001888123491, 0.048395636586379576, 0.04837864996927643, 0.04831067222321772, 0.04816119871419833, 0.048003887302639714, 0.047706936376397446, 0.047252459511037626, 0.046410239544443455, 0.04512310587303037, 0.04469627456867453, 0.04444322695117531]}, "8": {"maxiter": 1000, "fatol": 1e-05, "xatol": 1e-05, "duration": 0.34171319007873535, "fun": "0.04371551176197763", "nit": "676", "nfev": "1035", "status": "0", "success": "True", "message": "Optimization terminated successfully.", "x": "[ 4.68728975  2.92829724  0.92987906  1.7871726   1.59789164 -0.83792226]", "final_simplex": "(array([[ 4.68728975,  2.92829724,  0.92987906,  1.7871726 ,  1.59789164,\n        -0.83792226],\n       [ 4.68729525,  2.92829539,  0.92988132,  1.78717418,  1.59788832,\n        -0.83791936],\n       [ 4.68729486,  2.92829143,  0.92988821,  1.78717786,  1.59788853,\n        -0.83791735],\n       [ 4.68728646,  2.92829385,  0.92987044,  1.78717416,  1.59788543,\n        -0.83793022],\n       [ 4.68728823,  2.92829822,  0.92987407,  1.78717206,  1.59788609,\n        -0.83792514],\n       [ 4.68729539,  2.92829305,  0.92988115,  1.7871692 ,  1.59788286,\n        -0.83792966],\n       [ 4.68728955,  2.92829478,  0.92987493,  1.78717416,  1.59788996,\n        -0.83791858]]), array([0.04371551, 0.04371551, 0.04371551, 0.04371551, 0.04371551,\n       0.04371551, 0.04371551]))", "callback": [0.8088805678439531, 0.6478711258459717, 0.6178175497440563, 0.5806862912745925, 0.5215414599223291, 0.513841643899565, 0.5103908338044734, 0.4477096676337702, 0.3554262974487612, 0.3414489898920954, 0.3139597865237225, 0.3117014617709215, 0.30447083577889056, 0.2805549170622116, 0.25604438759169956, 0.21705643081613313, 0.19289998318298118, 0.13126226551786802, 0.06796959587179185, 0.05888299914106876, 0.04956327101708902, 0.04956327101708902, 0.0487075098621822, 0.04849061764792639, 0.04846562621166872, 0.04843904634577689, 0.048408751506850756, 0.04840634262089405, 0.04840409043640381, 0.04840355572996946, 0.04840349452742332, 0.048403459100213375, 0.048403440098974126, 0.04840340966951162, 0.04840337662132921, 0.04840320205197646, 0.04840285168000269, 0.04840209945297669, 0.04840001888123491, 0.048395636586379576, 0.04837864996927643, 0.04831067222321772, 0.04816119871419833, 0.048003887302639714, 0.047706936376397446, 0.047252459511037626, 0.046410239544443455, 0.04512310587303037, 0.04469627456867453, 0.04444322695117531, 0.04399245822583653, 0.04388375971048486, 0.04380223509698422, 0.04377143661979854, 0.043730602640623895, 0.04372173199238538, 0.0437194162386334, 0.04371630356781342, 0.043715754136977814, 0.04371556397142884, 0.043715534415708635, 0.04371552912809629, 0.04371551660753559, 0.04371551343116287, 0.0437155122242624, 0.04371551184776701, 0.043715511784052974, 0.04371551176780719]}, "9": {"maxiter": 1000, "fatol": 1e-05, "xatol": 1e-10, "duration": 0.38638830184936523, "fun": "0.043715511756128866", "nit": "784", "nfev": "1279", "status": "0", "success": "True", "message": "Optimization terminated successfully.", "x": "[ 4.68729161  2.92829747  0.92988162  1.78717308  1.59788986 -0.83792851]", "final_simplex": "(array([[ 4.68729161,  2.92829747,  0.92988162,  1.78717308,  1.59788986,\n        -0.83792851],\n       [ 4.68729161,  2.92829747,  0.92988162,  1.78717308,  1.59788986,\n        -0.83792851],\n       [ 4.68729161,  2.92829747,  0.92988162,  1.78717308,  1.59788986,\n        -0.83792851],\n       [ 4.68729161,  2.92829747,  0.92988162,  1.78717308,  1.59788986,\n        -0.83792851],\n       [ 4.68729161,  2.92829747,  0.92988162,  1.78717308,  1.59788986,\n        -0.83792851],\n       [ 4.68729161,  2.92829747,  0.92988162,  1.78717308,  1.59788986,\n        -0.83792851],\n       [ 4.68729161,  2.92829747,  0.92988162,  1.78717308,  1.59788986,\n        -0.83792851]]), array([0.04371551, 0.04371551, 0.04371551, 0.04371551, 0.04371551,\n       0.04371551, 0.04371551]))", "callback": [0.8088805678439531, 0.6478711258459717, 0.6178175497440563, 0.5806862912745925, 0.5215414599223291, 0.513841643899565, 0.5103908338044734, 0.4477096676337702, 0.3554262974487612, 0.3414489898920954, 0.3139597865237225, 0.3117014617709215, 0.30447083577889056, 0.2805549170622116, 0.25604438759169956, 0.21705643081613313, 0.19289998318298118, 0.13126226551786802, 0.06796959587179185, 0.05888299914106876, 0.04956327101708902, 0.04956327101708902, 0.0487075098621822, 0.04849061764792639, 0.04846562621166872, 0.04843904634577689, 0.048408751506850756, 0.04840634262089405, 0.04840409043640381, 0.04840355572996946, 0.04840349452742332, 0.048403459100213375, 0.048403440098974126, 0.04840340966951162, 0.04840337662132921, 0.04840320205197646, 0.04840285168000269, 0.04840209945297669, 0.04840001888123491, 0.048395636586379576, 0.04837864996927643, 0.04831067222321772, 0.04816119871419833, 0.048003887302639714, 0.047706936376397446, 0.047252459511037626, 0.046410239544443455, 0.04512310587303037, 0.04469627456867453, 0.04444322695117531, 0.04399245822583653, 0.04388375971048486, 0.04380223509698422, 0.04377143661979854, 0.043730602640623895, 0.04372173199238538, 0.0437194162386334, 0.04371630356781342, 0.043715754136977814, 0.04371556397142884, 0.043715534415708635, 0.04371552912809629, 0.04371551660753559, 0.04371551343116287, 0.0437155122242624, 0.04371551184776701, 0.043715511784052974, 0.04371551176780719, 0.043715511760049286, 0.04371551175737354, 0.0437155117563951, 0.043715511756173164, 0.04371551175613697, 0.043715511756130754, 0.043715511756129644, 0.04371551175612898, 0.04371551175612898, 0.04371551175612898, 0.043715511756128866]}, "10": {"maxiter": 1000, "fatol": 1e-10, "xatol": 1e-05, "duration": 0.31592273712158203, "fun": "0.04371551176197763", "nit": "676", "nfev": "1035", "status": "0", "success": "True", "message": "Optimization terminated successfully.", "x": "[ 4.68728975  2.92829724  0.92987906  1.7871726   1.59789164 -0.83792226]", "final_simplex": "(array([[ 4.68728975,  2.92829724,  0.92987906,  1.7871726 ,  1.59789164,\n        -0.83792226],\n       [ 4.68729525,  2.92829539,  0.92988132,  1.78717418,  1.59788832,\n        -0.83791936],\n       [ 4.68729486,  2.92829143,  0.92988821,  1.78717786,  1.59788853,\n        -0.83791735],\n       [ 4.68728646,  2.92829385,  0.92987044,  1.78717416,  1.59788543,\n        -0.83793022],\n       [ 4.68728823,  2.92829822,  0.92987407,  1.78717206,  1.59788609,\n        -0.83792514],\n       [ 4.68729539,  2.92829305,  0.92988115,  1.7871692 ,  1.59788286,\n        -0.83792966],\n       [ 4.68728955,  2.92829478,  0.92987493,  1.78717416,  1.59788996,\n        -0.83791858]]), array([0.04371551, 0.04371551, 0.04371551, 0.04371551, 0.04371551,\n       0.04371551, 0.04371551]))", "callback": [0.8088805678439531, 0.6478711258459717, 0.6178175497440563, 0.5806862912745925, 0.5215414599223291, 0.513841643899565, 0.5103908338044734, 0.4477096676337702, 0.3554262974487612, 0.3414489898920954, 0.3139597865237225, 0.3117014617709215, 0.30447083577889056, 0.2805549170622116, 0.25604438759169956, 0.21705643081613313, 0.19289998318298118, 0.13126226551786802, 0.06796959587179185, 0.05888299914106876, 0.04956327101708902, 0.04956327101708902, 0.0487075098621822, 0.04849061764792639, 0.04846562621166872, 0.04843904634577689, 0.048408751506850756, 0.04840634262089405, 0.04840409043640381, 0.04840355572996946, 0.04840349452742332, 0.048403459100213375, 0.048403440098974126, 0.04840340966951162, 0.04840337662132921, 0.04840320205197646, 0.04840285168000269, 0.04840209945297669, 0.04840001888123491, 0.048395636586379576, 0.04837864996927643, 0.04831067222321772, 0.04816119871419833, 0.048003887302639714, 0.047706936376397446, 0.047252459511037626, 0.046410239544443455, 0.04512310587303037, 0.04469627456867453, 0.04444322695117531, 0.04399245822583653, 0.04388375971048486, 0.04380223509698422, 0.04377143661979854, 0.043730602640623895, 0.04372173199238538, 0.0437194162386334, 0.04371630356781342, 0.043715754136977814, 0.04371556397142884, 0.043715534415708635, 0.04371552912809629, 0.04371551660753559, 0.04371551343116287, 0.0437155122242624, 0.04371551184776701, 0.043715511784052974, 0.04371551176780719]}, "11": {"maxiter": 1000, "fatol": 1e-10, "xatol": 1e-10, "duration": 0.3901510238647461, "fun": "0.043715511756128866", "nit": "784", "nfev": "1279", "status": "0", "success": "True", "message": "Optimization terminated successfully.", "x": "[ 4.68729161  2.92829747  0.92988162  1.78717308  1.59788986 -0.83792851]", "final_simplex": "(array([[ 4.68729161,  2.92829747,  0.92988162,  1.78717308,  1.59788986,\n        -0.83792851],\n       [ 4.68729161,  2.92829747,  0.92988162,  1.78717308,  1.59788986,\n        -0.83792851],\n       [ 4.68729161,  2.92829747,  0.92988162,  1.78717308,  1.59788986,\n        -0.83792851],\n       [ 4.68729161,  2.92829747,  0.92988162,  1.78717308,  1.59788986,\n        -0.83792851],\n       [ 4.68729161,  2.92829747,  0.92988162,  1.78717308,  1.59788986,\n        -0.83792851],\n       [ 4.68729161,  2.92829747,  0.92988162,  1.78717308,  1.59788986,\n        -0.83792851],\n       [ 4.68729161,  2.92829747,  0.92988162,  1.78717308,  1.59788986,\n        -0.83792851]]), array([0.04371551, 0.04371551, 0.04371551, 0.04371551, 0.04371551,\n       0.04371551, 0.04371551]))", "callback": [0.8088805678439531, 0.6478711258459717, 0.6178175497440563, 0.5806862912745925, 0.5215414599223291, 0.513841643899565, 0.5103908338044734, 0.4477096676337702, 0.3554262974487612, 0.3414489898920954, 0.3139597865237225, 0.3117014617709215, 0.30447083577889056, 0.2805549170622116, 0.25604438759169956, 0.21705643081613313, 0.19289998318298118, 0.13126226551786802, 0.06796959587179185, 0.05888299914106876, 0.04956327101708902, 0.04956327101708902, 0.0487075098621822, 0.04849061764792639, 0.04846562621166872, 0.04843904634577689, 0.048408751506850756, 0.04840634262089405, 0.04840409043640381, 0.04840355572996946, 0.04840349452742332, 0.048403459100213375, 0.048403440098974126, 0.04840340966951162, 0.04840337662132921, 0.04840320205197646, 0.04840285168000269, 0.04840209945297669, 0.04840001888123491, 0.048395636586379576, 0.04837864996927643, 0.04831067222321772, 0.04816119871419833, 0.048003887302639714, 0.047706936376397446, 0.047252459511037626, 0.046410239544443455, 0.04512310587303037, 0.04469627456867453, 0.04444322695117531, 0.04399245822583653, 0.04388375971048486, 0.04380223509698422, 0.04377143661979854, 0.043730602640623895, 0.04372173199238538, 0.0437194162386334, 0.04371630356781342, 0.043715754136977814, 0.04371556397142884, 0.043715534415708635, 0.04371552912809629, 0.04371551660753559, 0.04371551343116287, 0.0437155122242624, 0.04371551184776701, 0.043715511784052974, 0.04371551176780719, 0.043715511760049286, 0.04371551175737354, 0.0437155117563951, 0.043715511756173164, 0.04371551175613697, 0.043715511756130754, 0.043715511756129644, 0.04371551175612898, 0.04371551175612898, 0.04371551175612898, 0.043715511756128866]}}, "bfgs": {"type": "gradient", "0": {"maxiter": 100, "gtol": 1e-05, "xrtol": 1e-05, "eps": 1e-05, "duration": 0.06251120567321777, "fun": "0.043715511917426064", "jac": "[ 5.29399857e-06  2.21558327e-06  3.31507044e-06  8.19396773e-06\n -1.21047616e-06 -4.68133310e-06]", "hess_inv": "[[ 5.59343545 -0.94455139  8.95984563  2.0847003   2.71188004  8.40209694]\n [-0.94455139  2.77204422 -3.16139489 -1.59888215 -0.13722734 -3.19538761]\n [ 8.95984563 -3.16139489 28.07589104  8.45051486  7.52718496 23.16730165]\n [ 2.0847003  -1.59888215  8.45051486  5.70500239  2.58555914  9.3038299 ]\n [ 2.71188004 -0.13722734  7.52718496  2.58555914  5.03054225  8.56444423]\n [ 8.40209694 -3.19538761 23.16730165  9.3038299   8.56444423 27.57723128]]", "nfev": "196", "njev": "28", "status": "0", "success": "True", "message": "Optimization terminated successfully.", "x": "[ 4.68729339  2.9282925   0.92989145  1.78717932  1.59787243 -0.83796254]", "nit": "24", "callback": [0.5996152244749255, 0.49071051752109995, 0.3861081930893365, 0.20211559184784011, 0.14207652454587427, 0.06997915062020654, 0.0569060008082547, 0.05372318246713015, 0.051561529287960206, 0.05122140527747965, 0.050657340364646086, 0.0497073134661874, 0.04826793655771899, 0.04687656589544764, 0.04542654282190972, 0.04405295710073953, 0.043841920200203055, 0.043743457251001594, 0.04372297142982695, 0.04371906161328887, 0.04371662248562769, 0.04371568738702414, 0.04371552182286542, 0.043715511917426064]}, "1": {"maxiter": 100, "gtol": 1e-05, "xrtol": 1e-05, "eps": 1e-10, "duration": 0.0588831901550293, "fun": "0.04371551207037283", "jac": "[-5.55111466e-06 -4.44089173e-06 -1.11022293e-06 -2.22044587e-06\n -1.11022293e-06 -2.22044587e-06]", "hess_inv": "[[ 5.88653092 -1.22713031  9.76715995  2.68753694  2.72736332  8.84526404]\n [-1.22713031  2.7236436  -3.90348539 -1.84525728 -0.26315749 -3.48594317]\n [ 9.76715995 -3.90348539 30.29655027 10.06829556  7.59349524 24.39030018]\n [ 2.68753694 -1.84525728 10.06829556  6.55136189  2.78578595 10.1776719 ]\n [ 2.72736332 -0.26315749  7.59349524  2.78578595  4.96738845  8.55747985]\n [ 8.84526404 -3.48594317 24.39030018 10.1776719   8.55747985 27.90506068]]", "nfev": "203", "njev": "29", "status": "0", "success": "True", "message": "Optimization terminated successfully.", "x": "[ 4.68724056  2.92830989  0.92975107  1.78712173  1.59784843 -0.83805375]", "nit": "25", "callback": [0.5996085875073616, 0.49070970359718946, 0.3861083022625854, 0.20211885533268126, 0.1420807169260636, 0.06998038296238507, 0.05690594921685299, 0.05372289061415647, 0.05156091451527778, 0.051220784984117085, 0.05065662443095842, 0.04970645598558876, 0.04826791030557287, 0.04687686767231414, 0.04542488065939354, 0.04405336895254053, 0.043841965835572094, 0.043743517146096145, 0.043722989934590006, 0.043719074269762626, 0.043716624362581724, 0.04371568441812668, 0.043715526270811766, 0.04371551224466519, 0.04371551207037283]}, "2": {"maxiter": 100, "gtol": 1e-05, "xrtol": 1e-10, "eps": 1e-05, "duration": 0.06436395645141602, "fun": "0.043715511917426064", "jac": "[ 5.29399857e-06  2.21558327e-06  3.31507044e-06  8.19396773e-06\n -1.21047616e-06 -4.68133310e-06]", "hess_inv": "[[ 5.59343545 -0.94455139  8.95984563  2.0847003   2.71188004  8.40209694]\n [-0.94455139  2.77204422 -3.16139489 -1.59888215 -0.13722734 -3.19538761]\n [ 8.95984563 -3.16139489 28.07589104  8.45051486  7.52718496 23.16730165]\n [ 2.0847003  -1.59888215  8.45051486  5.70500239  2.58555914  9.3038299 ]\n [ 2.71188004 -0.13722734  7.52718496  2.58555914  5.03054225  8.56444423]\n [ 8.40209694 -3.19538761 23.16730165  9.3038299   8.56444423 27.57723128]]", "nfev": "196", "njev": "28", "status": "0", "success": "True", "message": "Optimization terminated successfully.", "x": "[ 4.68729339  2.9282925   0.92989145  1.78717932  1.59787243 -0.83796254]", "nit": "24", "callback": [0.5996152244749255, 0.49071051752109995, 0.3861081930893365, 0.20211559184784011, 0.14207652454587427, 0.06997915062020654, 0.0569060008082547, 0.05372318246713015, 0.051561529287960206, 0.05122140527747965, 0.050657340364646086, 0.0497073134661874, 0.04826793655771899, 0.04687656589544764, 0.04542654282190972, 0.04405295710073953, 0.043841920200203055, 0.043743457251001594, 0.04372297142982695, 0.04371906161328887, 0.04371662248562769, 0.04371568738702414, 0.04371552182286542, 0.043715511917426064]}, "3": {"maxiter": 100, "gtol": 1e-05, "xrtol": 1e-10, "eps": 1e-10, "duration": 0.06383490562438965, "fun": "0.04371551207037283", "jac": "[-5.55111466e-06 -4.44089173e-06 -1.11022293e-06 -2.22044587e-06\n -1.11022293e-06 -2.22044587e-06]", "hess_inv": "[[ 5.88653092 -1.22713031  9.76715995  2.68753694  2.72736332  8.84526404]\n [-1.22713031  2.7236436  -3.90348539 -1.84525728 -0.26315749 -3.48594317]\n [ 9.76715995 -3.90348539 30.29655027 10.06829556  7.59349524 24.39030018]\n [ 2.68753694 -1.84525728 10.06829556  6.55136189  2.78578595 10.1776719 ]\n [ 2.72736332 -0.26315749  7.59349524  2.78578595  4.96738845  8.55747985]\n [ 8.84526404 -3.48594317 24.39030018 10.1776719   8.55747985 27.90506068]]", "nfev": "203", "njev": "29", "status": "0", "success": "True", "message": "Optimization terminated successfully.", "x": "[ 4.68724056  2.92830989  0.92975107  1.78712173  1.59784843 -0.83805375]", "nit": "25", "callback": [0.5996085875073616, 0.49070970359718946, 0.3861083022625854, 0.20211885533268126, 0.1420807169260636, 0.06998038296238507, 0.05690594921685299, 0.05372289061415647, 0.05156091451527778, 0.051220784984117085, 0.05065662443095842, 0.04970645598558876, 0.04826791030557287, 0.04687686767231414, 0.04542488065939354, 0.04405336895254053, 0.043841965835572094, 0.043743517146096145, 0.043722989934590006, 0.043719074269762626, 0.043716624362581724, 0.04371568441812668, 0.043715526270811766, 0.04371551224466519, 0.04371551207037283]}, "4": {"maxiter": 100, "gtol": 1e-10, "xrtol": 1e-05, "eps": 1e-05, "duration": 0.06374692916870117, "fun": "0.04371551186712508", "jac": "[ 3.67248454e-06  1.98622230e-06  2.48902010e-06  5.96209748e-06\n -7.23032745e-07 -3.45499185e-06]", "hess_inv": "[[ 5.96564357 -1.18282856  9.95652195  2.63513595  2.83331597  9.1129799 ]\n [-1.18282856  2.76368452 -3.80352175 -1.81119441 -0.26050739 -3.53202611]\n [ 9.95652195 -3.80352175 30.74462675  9.92799198  7.85120316 25.07386644]\n [ 2.63513595 -1.81119441  9.92799198  6.397085    2.80478581 10.25200163]\n [ 2.83331597 -0.26050739  7.85120316  2.80478581  5.05727214  8.82990102]\n [ 9.1129799  -3.53202611 25.07386644 10.25200163  8.82990102 28.84775293]]", "nfev": "210", "njev": "30", "status": "0", "success": "True", "message": "Optimization terminated successfully.", "x": "[ 4.68728193  2.92829579  0.92986067  1.78716591  1.59786755 -0.83798144]", "nit": "25", "callback": [0.5996152244749255, 0.49071051752109995, 0.3861081930893365, 0.20211559184784011, 0.14207652454587427, 0.06997915062020654, 0.0569060008082547, 0.05372318246713015, 0.051561529287960206, 0.05122140527747965, 0.050657340364646086, 0.0497073134661874, 0.04826793655771899, 0.04687656589544764, 0.04542654282190972, 0.04405295710073953, 0.043841920200203055, 0.043743457251001594, 0.04372297142982695, 0.04371906161328887, 0.04371662248562769, 0.04371568738702414, 0.04371552182286542, 0.043715511917426064, 0.04371551186712508]}, "5": {"maxiter": 100, "gtol": 1e-10, "xrtol": 1e-05, "eps": 1e-10, "duration": 0.07062196731567383, "fun": "0.043715511968763776", "jac": "[-2.22044587e-06  3.33066880e-06 -1.11022293e-06  2.22044587e-06\n  0.00000000e+00  1.11022293e-06]", "hess_inv": "[[ 3.50977707 -0.92655145  4.01298153  0.4391474   1.42904048  4.95421792]\n [-0.92655145  2.70106653 -3.1418235  -1.53299179 -0.19271031 -3.25011618]\n [ 4.01298153 -3.1418235  16.44022951  4.68630431  4.24401765 14.40631324]\n [ 0.4391474  -1.53299179  4.68630431  4.47490588  1.38801563  6.0332576 ]\n [ 1.42904048 -0.19271031  4.24401765  1.38801563  4.82751596  7.988286  ]\n [ 4.95421792 -3.25011618 14.40631324  6.0332576   7.988286   25.78917339]]", "nfev": "217", "njev": "31", "status": "0", "success": "True", "message": "Optimization terminated successfully.", "x": "[ 4.68725008  2.92830775  0.92977208  1.78712906  1.59785926 -0.83802278]", "nit": "26", "callback": [0.5996085875073616, 0.49070970359718946, 0.3861083022625854, 0.20211885533268126, 0.1420807169260636, 0.06998038296238507, 0.05690594921685299, 0.05372289061415647, 0.05156091451527778, 0.051220784984117085, 0.05065662443095842, 0.04970645598558876, 0.04826791030557287, 0.04687686767231414, 0.04542488065939354, 0.04405336895254053, 0.043841965835572094, 0.043743517146096145, 0.043722989934590006, 0.043719074269762626, 0.043716624362581724, 0.04371568441812668, 0.043715526270811766, 0.04371551224466519, 0.04371551207037283, 0.043715511968763776]}, "6": {"maxiter": 100, "gtol": 1e-10, "xrtol": 1e-10, "eps": 1e-05, "duration": 0.15828394889831543, "fun": "0.04371551186201594", "jac": "[ 2.48705501e-06  1.42277301e-06  1.72751813e-06  4.13219459e-06\n -4.33164615e-07 -2.40061304e-06]", "hess_inv": "[[ 5.93302268 -0.93269485 10.24402672  2.75366188  3.04700899  9.15640856]\n [-0.93269485  2.6306643  -3.22301587 -1.55517737 -0.20877864 -3.14057874]\n [10.24402672 -3.22301587 32.55409907 10.69931663  8.60358598 25.81960882]\n [ 2.75366188 -1.55517737 10.69931663  6.72544292  3.13024301 10.56559338]\n [ 3.04700899 -0.20877864  8.60358598  3.13024301  5.25686555  9.23003249]\n [ 9.15640856 -3.14057874 25.81960882 10.56559338  9.23003249 29.08231531]]", "nfev": "523", "njev": "73", "status": "2", "success": "False", "message": "Desired error not necessarily achieved due to precision loss.", "x": "[ 4.68727312  2.92829734  0.92983569  1.78715511  1.59786303 -0.83799618]", "nit": "26", "callback": [0.5996152244749255, 0.49071051752109995, 0.3861081930893365, 0.20211559184784011, 0.14207652454587427, 0.06997915062020654, 0.0569060008082547, 0.05372318246713015, 0.051561529287960206, 0.05122140527747965, 0.050657340364646086, 0.0497073134661874, 0.04826793655771899, 0.04687656589544764, 0.04542654282190972, 0.04405295710073953, 0.043841920200203055, 0.043743457251001594, 0.04372297142982695, 0.04371906161328887, 0.04371662248562769, 0.04371568738702414, 0.04371552182286542, 0.043715511917426064, 0.04371551186712508, 0.04371551186201594]}, "7": {"maxiter": 100, "gtol": 1e-10, "xrtol": 1e-10, "eps": 1e-10, "duration": 0.11288094520568848, "fun": "0.04371551188289646", "jac": "[ 3.33066880e-06 -3.33066880e-06  3.33066880e-06  1.11022293e-06\n -4.44089173e-06 -2.22044587e-06]", "hess_inv": "[[  3.58055346  -4.51737052  11.0464309    2.61711334   2.34998517\n   13.28743466]\n [ -4.51737052   6.03825508 -14.70842617  -3.80048373  -2.92607748\n  -17.7954076 ]\n [ 11.0464309  -14.70842617  36.67670273   9.35311589   7.09034937\n   43.84240645]\n [  2.61711334  -3.80048373   9.35311589   2.84847447   1.68425805\n   11.31333097]\n [  2.34998517  -2.92607748   7.09034937   1.68425805   1.56520557\n    8.53441789]\n [ 13.28743466 -17.7954076   43.84240645  11.31333097   8.53441789\n   52.87441383]]", "nfev": "385", "njev": "55", "status": "2", "success": "False", "message": "Desired error not necessarily achieved due to precision loss.", "x": "[ 4.68727763  2.92828584  0.92984522  1.78715173  1.59786486 -0.83798745]", "nit": "35", "callback": [0.5996085875073616, 0.49070970359718946, 0.3861083022625854, 0.20211885533268126, 0.1420807169260636, 0.06998038296238507, 0.05690594921685299, 0.05372289061415647, 0.05156091451527778, 0.051220784984117085, 0.05065662443095842, 0.04970645598558876, 0.04826791030557287, 0.04687686767231414, 0.04542488065939354, 0.04405336895254053, 0.043841965835572094, 0.043743517146096145, 0.043722989934590006, 0.043719074269762626, 0.043716624362581724, 0.04371568441812668, 0.043715526270811766, 0.04371551224466519, 0.04371551207037283, 0.043715511968763776, 0.04371551193905854, 0.043715511908137605, 0.043715511899124926, 0.04371551189739997, 0.04371551189364864, 0.043715511889305114, 0.04371551188562295, 0.04371551188289646, 0.04371551188289646]}, "8": {"maxiter": 500, "gtol": 1e-05, "xrtol": 1e-05, "eps": 1e-05, "duration": 0.06035494804382324, "fun": "0.043715511917426064", "jac": "[ 5.29399857e-06  2.21558327e-06  3.31507044e-06  8.19396773e-06\n -1.21047616e-06 -4.68133310e-06]", "hess_inv": "[[ 5.59343545 -0.94455139  8.95984563  2.0847003   2.71188004  8.40209694]\n [-0.94455139  2.77204422 -3.16139489 -1.59888215 -0.13722734 -3.19538761]\n [ 8.95984563 -3.16139489 28.07589104  8.45051486  7.52718496 23.16730165]\n [ 2.0847003  -1.59888215  8.45051486  5.70500239  2.58555914  9.3038299 ]\n [ 2.71188004 -0.13722734  7.52718496  2.58555914  5.03054225  8.56444423]\n [ 8.40209694 -3.19538761 23.16730165  9.3038299   8.56444423 27.57723128]]", "nfev": "196", "njev": "28", "status": "0", "success": "True", "message": "Optimization terminated successfully.", "x": "[ 4.68729339  2.9282925   0.92989145  1.78717932  1.59787243 -0.83796254]", "nit": "24", "callback": [0.5996152244749255, 0.49071051752109995, 0.3861081930893365, 0.20211559184784011, 0.14207652454587427, 0.06997915062020654, 0.0569060008082547, 0.05372318246713015, 0.051561529287960206, 0.05122140527747965, 0.050657340364646086, 0.0497073134661874, 0.04826793655771899, 0.04687656589544764, 0.04542654282190972, 0.04405295710073953, 0.043841920200203055, 0.043743457251001594, 0.04372297142982695, 0.04371906161328887, 0.04371662248562769, 0.04371568738702414, 0.04371552182286542, 0.043715511917426064]}, "9": {"maxiter": 500, "gtol": 1e-05, "xrtol": 1e-05, "eps": 1e-10, "duration": 0.06408429145812988, "fun": "0.04371551207037283", "jac": "[-5.55111466e-06 -4.44089173e-06 -1.11022293e-06 -2.22044587e-06\n -1.11022293e-06 -2.22044587e-06]", "hess_inv": "[[ 5.88653092 -1.22713031  9.76715995  2.68753694  2.72736332  8.84526404]\n [-1.22713031  2.7236436  -3.90348539 -1.84525728 -0.26315749 -3.48594317]\n [ 9.76715995 -3.90348539 30.29655027 10.06829556  7.59349524 24.39030018]\n [ 2.68753694 -1.84525728 10.06829556  6.55136189  2.78578595 10.1776719 ]\n [ 2.72736332 -0.26315749  7.59349524  2.78578595  4.96738845  8.55747985]\n [ 8.84526404 -3.48594317 24.39030018 10.1776719   8.55747985 27.90506068]]", "nfev": "203", "njev": "29", "status": "0", "success": "True", "message": "Optimization terminated successfully.", "x": "[ 4.6