{"date": "2024/10/08/, 17:16:35", "conf_id": 15, "data_type": "random\n", "num_data_points": 1, "s_rank": 0, "unitary": "[[-0.45070455-0.02711853j,0.78437395-0.06613086j,0.06358678+0.19963393j,-0.07343613+0.35668523j],[-0.01890143-0.03813363j,0.32408202+0.25557629j,0.05872864-0.68979805j,0.55466693-0.20227297j],[-0.11215405+0.64023111j,-0.13344055+0.29565494j,-0.49012687-0.19046288j,-0.04241254+0.44046348j],[0.55771659+0.24656916j,0.31851997-0.05798805j,0.28761525-0.34294258j,-0.56718418+0.03616933j]]", "databatch_0": {"databatch": "[[[0.04825078-0.04281163j,-0.22970037+0.12409915j,0.28065501-0.24073082j,-0.0622342+0.24174145j],[-0.01314943+0.20267982j,0.01947458-0.11997878j,0.01982135-0.02196487j,-0.14900793+0.04154397j],[0.0443335+0.0269559j,-0.33889203-0.16919102j,-0.04412654+0.20506365j,-0.29372605-0.01268455j],[-0.00935639-0.18411391j,0.4502821-0.09271809j,0.21673413-0.1612324j,-0.22621694+0.04165805j]]]", "initial param values": "[0.44872991,1.34229298,3.9838918,0.73551196,6.25440575,0.88101151]", "nelder_mead": {"type": "gradient-free", "0": {"maxiter": 100, "fatol": 1e-05, "xatol": 1e-05, "duration": 0.05611920356750488, "fun": "0.3091401379769839", "nit": "100", "nfev": "158", "status": "2", "success": "False", "message": "Maximum number of iterations has been exceeded.", "x": "[ 1.20443162  2.11554529  6.85017381  1.00133757  4.31242752 -2.12460402]", "final_simplex": "(array([[ 1.20443162,  2.11554529,  6.85017381,  1.00133757,  4.31242752,\n        -2.12460402],\n       [ 1.23115484,  2.09726265,  6.88966691,  0.96021348,  4.4766587 ,\n        -2.16452495],\n       [ 1.21913505,  2.15046626,  6.92822493,  1.00186775,  4.36046438,\n        -2.20337498],\n       [ 1.18189006,  2.09939634,  6.9455138 ,  0.98176956,  4.3094191 ,\n        -2.04852379],\n       [ 1.24303337,  1.99108358,  6.86090166,  0.89475658,  4.21847906,\n        -2.03738508],\n       [ 1.28974806,  2.10773657,  7.08137716,  0.94916777,  4.43409809,\n        -2.35745819],\n       [ 1.27972887,  2.03809222,  6.93020139,  0.88226349,  4.42687967,\n        -2.19846457]]), array([0.30914014, 0.30925878, 0.31047115, 0.31121299, 0.3140603 ,\n       0.31407918, 0.31471506]))", "callback": [0.9423339048053556, 0.8332056138163191, 0.8185002790603226, 0.7283624170636652, 0.7208951075122897, 0.6369774390312656, 0.3594357336419157, 0.34263481383944894, 0.3258816249015618, 0.31471505531530697]}, "1": {"maxiter": 100, "fatol": 1e-05, "xatol": 1e-10, "duration": 0.05154109001159668, "fun": "0.3091401379769839", "nit": "100", "nfev": "158", "status": "2", "success": "False", "message": "Maximum number of iterations has been exceeded.", "x": "[ 1.20443162  2.11554529  6.85017381  1.00133757  4.31242752 -2.12460402]", "final_simplex": "(array([[ 1.20443162,  2.11554529,  6.85017381,  1.00133757,  4.31242752,\n        -2.12460402],\n       [ 1.23115484,  2.09726265,  6.88966691,  0.96021348,  4.4766587 ,\n        -2.16452495],\n       [ 1.21913505,  2.15046626,  6.92822493,  1.00186775,  4.36046438,\n        -2.20337498],\n       [ 1.18189006,  2.09939634,  6.9455138 ,  0.98176956,  4.3094191 ,\n        -2.04852379],\n       [ 1.24303337,  1.99108358,  6.86090166,  0.89475658,  4.21847906,\n        -2.03738508],\n       [ 1.28974806,  2.10773657,  7.08137716,  0.94916777,  4.43409809,\n        -2.35745819],\n       [ 1.27972887,  2.03809222,  6.93020139,  0.88226349,  4.42687967,\n        -2.19846457]]), array([0.30914014, 0.30925878, 0.31047115, 0.31121299, 0.3140603 ,\n       0.31407918, 0.31471506]))", "callback": [0.9423339048053556, 0.8332056138163191, 0.8185002790603226, 0.7283624170636652, 0.7208951075122897, 0.6369774390312656, 0.3594357336419157, 0.34263481383944894, 0.3258816249015618, 0.31471505531530697]}, "2": {"maxiter": 100, "fatol": 1e-10, "xatol": 1e-05, "duration": 0.05432701110839844, "fun": "0.3091401379769839", "nit": "100", "nfev": "158", "status": "2", "success": "False", "message": "Maximum number of iterations has been exceeded.", "x": "[ 1.20443162  2.11554529  6.85017381  1.00133757  4.31242752 -2.12460402]", "final_simplex": "(array([[ 1.20443162,  2.11554529,  6.85017381,  1.00133757,  4.31242752,\n        -2.12460402],\n       [ 1.23115484,  2.09726265,  6.88966691,  0.96021348,  4.4766587 ,\n        -2.16452495],\n       [ 1.21913505,  2.15046626,  6.92822493,  1.00186775,  4.36046438,\n        -2.20337498],\n       [ 1.18189006,  2.09939634,  6.9455138 ,  0.98176956,  4.3094191 ,\n        -2.04852379],\n       [ 1.24303337,  1.99108358,  6.86090166,  0.89475658,  4.21847906,\n        -2.03738508],\n       [ 1.28974806,  2.10773657,  7.08137716,  0.94916777,  4.43409809,\n        -2.35745819],\n       [ 1.27972887,  2.03809222,  6.93020139,  0.88226349,  4.42687967,\n        -2.19846457]]), array([0.30914014, 0.30925878, 0.31047115, 0.31121299, 0.3140603 ,\n       0.31407918, 0.31471506]))", "callback": [0.9423339048053556, 0.8332056138163191, 0.8185002790603226, 0.7283624170636652, 0.7208951075122897, 0.6369774390312656, 0.3594357336419157, 0.34263481383944894, 0.3258816249015618, 0.31471505531530697]}, "3": {"maxiter": 100, "fatol": 1e-10, "xatol": 1e-10, "duration": 0.047270774841308594, "fun": "0.3091401379769839", "nit": "100", "nfev": "158", "status": "2", "success": "False", "message": "Maximum number of iterations has been exceeded.", "x": "[ 1.20443162  2.11554529  6.85017381  1.00133757  4.31242752 -2.12460402]", "final_simplex": "(array([[ 1.20443162,  2.11554529,  6.85017381,  1.00133757,  4.31242752,\n        -2.12460402],\n       [ 1.23115484,  2.09726265,  6.88966691,  0.96021348,  4.4766587 ,\n        -2.16452495],\n       [ 1.21913505,  2.15046626,  6.92822493,  1.00186775,  4.36046438,\n        -2.20337498],\n       [ 1.18189006,  2.09939634,  6.9455138 ,  0.98176956,  4.3094191 ,\n        -2.04852379],\n       [ 1.24303337,  1.99108358,  6.86090166,  0.89475658,  4.21847906,\n        -2.03738508],\n       [ 1.28974806,  2.10773657,  7.08137716,  0.94916777,  4.43409809,\n        -2.35745819],\n       [ 1.27972887,  2.03809222,  6.93020139,  0.88226349,  4.42687967,\n        -2.19846457]]), array([0.30914014, 0.30925878, 0.31047115, 0.31121299, 0.3140603 ,\n       0.31407918, 0.31471506]))", "callback": [0.9423339048053556, 0.8332056138163191, 0.8185002790603226, 0.7283624170636652, 0.7208951075122897, 0.6369774390312656, 0.3594357336419157, 0.34263481383944894, 0.3258816249015618, 0.31471505531530697]}, "4": {"maxiter": 500, "fatol": 1e-05, "xatol": 1e-05, "duration": 0.23031902313232422, "fun": "0.22821192082731956", "nit": "448", "nfev": "694", "status": "0", "success": "True", "message": "Optimization terminated successfully.", "x": "[ 1.22443028  1.5036657   7.37117182  1.505964    4.41398931 -2.11939376]", "final_simplex": "(array([[ 1.22443028,  1.5036657 ,  7.37117182,  1.505964  ,  4.41398931,\n        -2.11939376],\n       [ 1.22442866,  1.50366334,  7.3711626 ,  1.50596602,  4.41398971,\n        -2.11939023],\n       [ 1.22442454,  1.50366293,  7.37116956,  1.50596862,  4.41398651,\n        -2.11939185],\n       [ 1.22443279,  1.50366814,  7.37116928,  1.5059726 ,  4.41399606,\n        -2.11939447],\n       [ 1.22442922,  1.50366677,  7.37116407,  1.50596349,  4.41399083,\n        -2.11938882],\n       [ 1.22443074,  1.50366117,  7.37116548,  1.50596073,  4.41398732,\n        -2.11938568],\n       [ 1.22442477,  1.50366205,  7.37117156,  1.50596688,  4.41399541,\n        -2.11939388]]), array([0.22821192, 0.22821192, 0.22821192, 0.22821192, 0.22821192,\n       0.22821192, 0.22821192]))", "callback": [0.9423339048053556, 0.8332056138163191, 0.8185002790603226, 0.7283624170636652, 0.7208951075122897, 0.6369774390312656, 0.3594357336419157, 0.34263481383944894, 0.3258816249015618, 0.31471505531530697, 0.30894973101349954, 0.30092279612904904, 0.28047931285576344, 0.2654176245588795, 0.23421599375168178, 0.23059639033718227, 0.22910260091820922, 0.22866348373236045, 0.2284819873481222, 0.22844512828336194, 0.22842109402053978, 0.22841644563947194, 0.22841527182141097, 0.2284143252149592, 0.22841181441583047, 0.228409619112508, 0.2284051285011749, 0.22839755787245486, 0.22837596472530985, 0.2283342173337517, 0.22828920363109628, 0.228246620555419, 0.2282158728536694, 0.2282150147013412, 0.22821251335658155, 0.22821208665947468, 0.2282119944265797, 0.2282119625704745, 0.22821193781384896, 0.2282119260514357, 0.22821192183129368, 0.2282119212968936, 0.22821192092828912, 0.2282119208677046, 0.22821192082731956]}, "5": {"maxiter": 500, "fatol": 1e-05, "xatol": 1e-10, "duration": 0.2268378734588623, "fun": "0.22821192080349628", "nit": "500", "nfev": "771", "status": "2", "success": "False", "message": "Maximum number of iterations has been exceeded.", "x": "[ 1.22443797  1.50366442  7.37116878  1.50596921  4.41398442 -2.11939851]", "final_simplex": "(array([[ 1.22443797,  1.50366442,  7.37116878,  1.50596921,  4.41398442,\n        -2.11939851],\n       [ 1.22443736,  1.50366329,  7.37116905,  1.5059683 ,  4.41398405,\n        -2.1193983 ],\n       [ 1.22443718,  1.50366422,  7.37116898,  1.50596954,  4.41398525,\n        -2.11939986],\n       [ 1.22443727,  1.50366355,  7.37116813,  1.50596971,  4.41398454,\n        -2.11939894],\n       [ 1.22443664,  1.5036643 ,  7.37116859,  1.50596748,  4.41398556,\n        -2.11939815],\n       [ 1.22443705,  1.50366453,  7.37116749,  1.50596775,  4.41398285,\n        -2.11939877],\n       [ 1.2244362 ,  1.50366357,  7.37116916,  1.50596882,  4.41398425,\n        -2.11939846]]), array([0.22821192, 0.22821192, 0.22821192, 0.22821192, 0.22821192,\n       0.22821192, 0.22821192]))", "callback": [0.9423339048053556, 0.8332056138163191, 0.8185002790603226, 0.7283624170636652, 0.7208951075122897, 0.6369774390312656, 0.3594357336419157, 0.34263481383944894, 0.3258816249015618, 0.31471505531530697, 0.30894973101349954, 0.30092279612904904, 0.28047931285576344, 0.2654176245588795, 0.23421599375168178, 0.23059639033718227, 0.22910260091820922, 0.22866348373236045, 0.2284819873481222, 0.22844512828336194, 0.22842109402053978, 0.22841644563947194, 0.22841527182141097, 0.2284143252149592, 0.22841181441583047, 0.228409619112508, 0.2284051285011749, 0.22839755787245486, 0.22837596472530985, 0.2283342173337517, 0.22828920363109628, 0.228246620555419, 0.2282158728536694, 0.2282150147013412, 0.22821251335658155, 0.22821208665947468, 0.2282119944265797, 0.2282119625704745, 0.22821193781384896, 0.2282119260514357, 0.22821192183129368, 0.2282119212968936, 0.22821192092828912, 0.2282119208677046, 0.22821192082731956, 0.22821192082154895, 0.22821192081062058, 0.22821192080873454, 0.22821192080471953, 0.2282119208038066]}, "6": {"maxiter": 500, "fatol": 1e-10, "xatol": 1e-05, "duration": 0.1990797519683838, "fun": "0.22821192082731956", "nit": "448", "nfev": "694", "status": "0", "success": "True", "message": "Optimization terminated successfully.", "x": "[ 1.22443028  1.5036657   7.37117182  1.505964    4.41398931 -2.11939376]", "final_simplex": "(array([[ 1.22443028,  1.5036657 ,  7.37117182,  1.505964  ,  4.41398931,\n        -2.11939376],\n       [ 1.22442866,  1.50366334,  7.3711626 ,  1.50596602,  4.41398971,\n        -2.11939023],\n       [ 1.22442454,  1.50366293,  7.37116956,  1.50596862,  4.41398651,\n        -2.11939185],\n       [ 1.22443279,  1.50366814,  7.37116928,  1.5059726 ,  4.41399606,\n        -2.11939447],\n       [ 1.22442922,  1.50366677,  7.37116407,  1.50596349,  4.41399083,\n        -2.11938882],\n       [ 1.22443074,  1.50366117,  7.37116548,  1.50596073,  4.41398732,\n        -2.11938568],\n       [ 1.22442477,  1.50366205,  7.37117156,  1.50596688,  4.41399541,\n        -2.11939388]]), array([0.22821192, 0.22821192, 0.22821192, 0.22821192, 0.22821192,\n       0.22821192, 0.22821192]))", "callback": [0.9423339048053556, 0.8332056138163191, 0.8185002790603226, 0.7283624170636652, 0.7208951075122897, 0.6369774390312656, 0.3594357336419157, 0.34263481383944894, 0.3258816249015618, 0.31471505531530697, 0.30894973101349954, 0.30092279612904904, 0.28047931285576344, 0.2654176245588795, 0.23421599375168178, 0.23059639033718227, 0.22910260091820922, 0.22866348373236045, 0.2284819873481222, 0.22844512828336194, 0.22842109402053978, 0.22841644563947194, 0.22841527182141097, 0.2284143252149592, 0.22841181441583047, 0.228409619112508, 0.2284051285011749, 0.22839755787245486, 0.22837596472530985, 0.2283342173337517, 0.22828920363109628, 0.228246620555419, 0.2282158728536694, 0.2282150147013412, 0.22821251335658155, 0.22821208665947468, 0.2282119944265797, 0.2282119625704745, 0.22821193781384896, 0.2282119260514357, 0.22821192183129368, 0.2282119212968936, 0.22821192092828912, 0.2282119208677046, 0.22821192082731956]}, "7": {"maxiter": 500, "fatol": 1e-10, "xatol": 1e-10, "duration": 0.2342698574066162, "fun": "0.22821192080349628", "nit": "500", "nfev": "771", "status": "2", "success": "False", "message": "Maximum number of iterations has been exceeded.", "x": "[ 1.22443797  1.50366442  7.37116878  1.50596921  4.41398442 -2.11939851]", "final_simplex": "(array([[ 1.22443797,  1.50366442,  7.37116878,  1.50596921,  4.41398442,\n        -2.11939851],\n       [ 1.22443736,  1.50366329,  7.37116905,  1.5059683 ,  4.41398405,\n        -2.1193983 ],\n       [ 1.22443718,  1.50366422,  7.37116898,  1.50596954,  4.41398525,\n        -2.11939986],\n       [ 1.22443727,  1.50366355,  7.37116813,  1.50596971,  4.41398454,\n        -2.11939894],\n       [ 1.22443664,  1.5036643 ,  7.37116859,  1.50596748,  4.41398556,\n        -2.11939815],\n       [ 1.22443705,  1.50366453,  7.37116749,  1.50596775,  4.41398285,\n        -2.11939877],\n       [ 1.2244362 ,  1.50366357,  7.37116916,  1.50596882,  4.41398425,\n        -2.11939846]]), array([0.22821192, 0.22821192, 0.22821192, 0.22821192, 0.22821192,\n       0.22821192, 0.22821192]))", "callback": [0.9423339048053556, 0.8332056138163191, 0.8185002790603226, 0.7283624170636652, 0.7208951075122897, 0.6369774390312656, 0.3594357336419157, 0.34263481383944894, 0.3258816249015618, 0.31471505531530697, 0.30894973101349954, 0.30092279612904904, 0.28047931285576344, 0.2654176245588795, 0.23421599375168178, 0.23059639033718227, 0.22910260091820922, 0.22866348373236045, 0.2284819873481222, 0.22844512828336194, 0.22842109402053978, 0.22841644563947194, 0.22841527182141097, 0.2284143252149592, 0.22841181441583047, 0.228409619112508, 0.2284051285011749, 0.22839755787245486, 0.22837596472530985, 0.2283342173337517, 0.22828920363109628, 0.228246620555419, 0.2282158728536694, 0.2282150147013412, 0.22821251335658155, 0.22821208665947468, 0.2282119944265797, 0.2282119625704745, 0.22821193781384896, 0.2282119260514357, 0.22821192183129368, 0.2282119212968936, 0.22821192092828912, 0.2282119208677046, 0.22821192082731956, 0.22821192082154895, 0.22821192081062058, 0.22821192080873454, 0.22821192080471953, 0.2282119208038066]}, "8": {"maxiter": 1000, "fatol": 1e-05, "xatol": 1e-05, "duration": 0.22191834449768066, "fun": "0.22821192082731956", "nit": "448", "nfev": "694", "status": "0", "success": "True", "message": "Optimization terminated successfully.", "x": "[ 1.22443028  1.5036657   7.37117182  1.505964    4.41398931 -2.11939376]", "final_simplex": "(array([[ 1.22443028,  1.5036657 ,  7.37117182,  1.505964  ,  4.41398931,\n        -2.11939376],\n       [ 1.22442866,  1.50366334,  7.3711626 ,  1.50596602,  4.41398971,\n        -2.11939023],\n       [ 1.22442454,  1.50366293,  7.37116956,  1.50596862,  4.41398651,\n        -2.11939185],\n       [ 1.22443279,  1.50366814,  7.37116928,  1.5059726 ,  4.41399606,\n        -2.11939447],\n       [ 1.22442922,  1.50366677,  7.37116407,  1.50596349,  4.41399083,\n        -2.11938882],\n       [ 1.22443074,  1.50366117,  7.37116548,  1.50596073,  4.41398732,\n        -2.11938568],\n       [ 1.22442477,  1.50366205,  7.37117156,  1.50596688,  4.41399541,\n        -2.11939388]]), array([0.22821192, 0.22821192, 0.22821192, 0.22821192, 0.22821192,\n       0.22821192, 0.22821192]))", "callback": [0.9423339048053556, 0.8332056138163191, 0.8185002790603226, 0.7283624170636652, 0.7208951075122897, 0.6369774390312656, 0.3594357336419157, 0.34263481383944894, 0.3258816249015618, 0.31471505531530697, 0.30894973101349954, 0.30092279612904904, 0.28047931285576344, 0.2654176245588795, 0.23421599375168178, 0.23059639033718227, 0.22910260091820922, 0.22866348373236045, 0.2284819873481222, 0.22844512828336194, 0.22842109402053978, 0.22841644563947194, 0.22841527182141097, 0.2284143252149592, 0.22841181441583047, 0.228409619112508, 0.2284051285011749, 0.22839755787245486, 0.22837596472530985, 0.2283342173337517, 0.22828920363109628, 0.228246620555419, 0.2282158728536694, 0.2282150147013412, 0.22821251335658155, 0.22821208665947468, 0.2282119944265797, 0.2282119625704745, 0.22821193781384896, 0.2282119260514357, 0.22821192183129368, 0.2282119212968936, 0.22821192092828912, 0.2282119208677046, 0.22821192082731956]}, "9": {"maxiter": 1000, "fatol": 1e-05, "xatol": 1e-10, "duration": 0.30973076820373535, "fun": "0.22821192080313135", "nit": "591", "nfev": "973", "status": "0", "success": "True", "message": "Optimization terminated successfully.", "x": "[ 1.22443811  1.50366444  7.37116771  1.50596821  4.41398442 -2.11939885]", "final_simplex": "(array([[ 1.22443811,  1.50366444,  7.37116771,  1.50596821,  4.41398442,\n        -2.11939885],\n       [ 1.22443811,  1.50366444,  7.37116771,  1.50596821,  4.41398442,\n        -2.11939885],\n       [ 1.22443811,  1.50366444,  7.37116771,  1.50596821,  4.41398442,\n        -2.11939885],\n       [ 1.22443811,  1.50366444,  7.37116771,  1.50596821,  4.41398442,\n        -2.11939885],\n       [ 1.22443811,  1.50366444,  7.37116771,  1.50596821,  4.41398442,\n        -2.11939885],\n       [ 1.22443811,  1.50366444,  7.37116771,  1.50596821,  4.41398442,\n        -2.11939885],\n       [ 1.22443811,  1.50366444,  7.37116771,  1.50596821,  4.41398442,\n        -2.11939885]]), array([0.22821192, 0.22821192, 0.22821192, 0.22821192, 0.22821192,\n       0.22821192, 0.22821192]))", "callback": [0.9423339048053556, 0.8332056138163191, 0.8185002790603226, 0.7283624170636652, 0.7208951075122897, 0.6369774390312656, 0.3594357336419157, 0.34263481383944894, 0.3258816249015618, 0.31471505531530697, 0.30894973101349954, 0.30092279612904904, 0.28047931285576344, 0.2654176245588795, 0.23421599375168178, 0.23059639033718227, 0.22910260091820922, 0.22866348373236045, 0.2284819873481222, 0.22844512828336194, 0.22842109402053978, 0.22841644563947194, 0.22841527182141097, 0.2284143252149592, 0.22841181441583047, 0.228409619112508, 0.2284051285011749, 0.22839755787245486, 0.22837596472530985, 0.2283342173337517, 0.22828920363109628, 0.228246620555419, 0.2282158728536694, 0.2282150147013412, 0.22821251335658155, 0.22821208665947468, 0.2282119944265797, 0.2282119625704745, 0.22821193781384896, 0.2282119260514357, 0.22821192183129368, 0.2282119212968936, 0.22821192092828912, 0.2282119208677046, 0.22821192082731956, 0.22821192082154895, 0.22821192081062058, 0.22821192080873454, 0.22821192080471953, 0.2282119208038066, 0.22821192080315977, 0.22821192080315977, 0.22821192080315356, 0.22821192080313657, 0.2282119208031339, 0.2282119208031318, 0.22821192080313146, 0.22821192080313135, 0.22821192080313135, 0.22821192080313135]}, "10": {"maxiter": 1000, "fatol": 1e-10, "xatol": 1e-05, "duration": 0.19971084594726562, "fun": "0.22821192082731956", "nit": "448", "nfev": "694", "status": "0", "success": "True", "message": "Optimization terminated successfully.", "x": "[ 1.22443028  1.5036657   7.37117182  1.505964    4.41398931 -2.11939376]", "final_simplex": "(array([[ 1.22443028,  1.5036657 ,  7.37117182,  1.505964  ,  4.41398931,\n        -2.11939376],\n       [ 1.22442866,  1.50366334,  7.3711626 ,  1.50596602,  4.41398971,\n        -2.11939023],\n       [ 1.22442454,  1.50366293,  7.37116956,  1.50596862,  4.41398651,\n        -2.11939185],\n       [ 1.22443279,  1.50366814,  7.37116928,  1.5059726 ,  4.41399606,\n        -2.11939447],\n       [ 1.22442922,  1.50366677,  7.37116407,  1.50596349,  4.41399083,\n        -2.11938882],\n       [ 1.22443074,  1.50366117,  7.37116548,  1.50596073,  4.41398732,\n        -2.11938568],\n       [ 1.22442477,  1.50366205,  7.37117156,  1.50596688,  4.41399541,\n        -2.11939388]]), array([0.22821192, 0.22821192, 0.22821192, 0.22821192, 0.22821192,\n       0.22821192, 0.22821192]))", "callback": [0.9423339048053556, 0.8332056138163191, 0.8185002790603226, 0.7283624170636652, 0.7208951075122897, 0.6369774390312656, 0.3594357336419157, 0.34263481383944894, 0.3258816249015618, 0.31471505531530697, 0.30894973101349954, 0.30092279612904904, 0.28047931285576344, 0.2654176245588795, 0.23421599375168178, 0.23059639033718227, 0.22910260091820922, 0.22866348373236045, 0.2284819873481222, 0.22844512828336194, 0.22842109402053978, 0.22841644563947194, 0.22841527182141097, 0.2284143252149592, 0.22841181441583047, 0.228409619112508, 0.2284051285011749, 0.22839755787245486, 0.22837596472530985, 0.2283342173337517, 0.22828920363109628, 0.228246620555419, 0.2282158728536694, 0.2282150147013412, 0.22821251335658155, 0.22821208665947468, 0.2282119944265797, 0.2282119625704745, 0.22821193781384896, 0.2282119260514357, 0.22821192183129368, 0.2282119212968936, 0.22821192092828912, 0.2282119208677046, 0.22821192082731956]}, "11": {"maxiter": 1000, "fatol": 1e-10, "xatol": 1e-10, "duration": 0.32755112648010254, "fun": "0.22821192080313135", "nit": "591", "nfev": "973", "status": "0", "success": "True", "message": "Optimization terminated successfully.", "x": "[ 1.22443811  1.50366444  7.37116771  1.50596821  4.41398442 -2.11939885]", "final_simplex": "(array([[ 1.22443811,  1.50366444,  7.37116771,  1.50596821,  4.41398442,\n        -2.11939885],\n       [ 1.22443811,  1.50366444,  7.37116771,  1.50596821,  4.41398442,\n        -2.11939885],\n       [ 1.22443811,  1.50366444,  7.37116771,  1.50596821,  4.41398442,\n        -2.11939885],\n       [ 1.22443811,  1.50366444,  7.37116771,  1.50596821,  4.41398442,\n        -2.11939885],\n       [ 1.22443811,  1.50366444,  7.37116771,  1.50596821,  4.41398442,\n        -2.11939885],\n       [ 1.22443811,  1.50366444,  7.37116771,  1.50596821,  4.41398442,\n        -2.11939885],\n       [ 1.22443811,  1.50366444,  7.37116771,  1.50596821,  4.41398442,\n        -2.11939885]]), array([0.22821192, 0.22821192, 0.22821192, 0.22821192, 0.22821192,\n       0.22821192, 0.22821192]))", "callback": [0.9423339048053556, 0.8332056138163191, 0.8185002790603226, 0.7283624170636652, 0.7208951075122897, 0.6369774390312656, 0.3594357336419157, 0.34263481383944894, 0.3258816249015618, 0.31471505531530697, 0.30894973101349954, 0.30092279612904904, 0.28047931285576344, 0.2654176245588795, 0.23421599375168178, 0.23059639033718227, 0.22910260091820922, 0.22866348373236045, 0.2284819873481222, 0.22844512828336194, 0.22842109402053978, 0.22841644563947194, 0.22841527182141097, 0.2284143252149592, 0.22841181441583047, 0.228409619112508, 0.2284051285011749, 0.22839755787245486, 0.22837596472530985, 0.2283342173337517, 0.22828920363109628, 0.228246620555419, 0.2282158728536694, 0.2282150147013412, 0.22821251335658155, 0.22821208665947468, 0.2282119944265797, 0.2282119625704745, 0.22821193781384896, 0.2282119260514357, 0.22821192183129368, 0.2282119212968936, 0.22821192092828912, 0.2282119208677046, 0.22821192082731956, 0.22821192082154895, 0.22821192081062058, 0.22821192080873454, 0.22821192080471953, 0.2282119208038066, 0.22821192080315977, 0.22821192080315977, 0.22821192080315356, 0.22821192080313657, 0.2282119208031339, 0.2282119208031318, 0.22821192080313146, 0.22821192080313135, 0.22821192080313135, 0.22821192080313135]}}, "bfgs": {"type": "gradient", "0": {"maxiter": 100, "gtol": 1e-05, "xrtol": 1e-05, "eps": 1e-05, "duration": 0.06777501106262207, "fun": "0.22821192089309972", "jac": "[ 1.29198874e-06 -3.20141691e-06 -3.70632414e-06 -1.61500813e-06\n  1.47702961e-06 -3.28173044e-06]", "hess_inv": "[[ 3.4503292   0.88479779 -0.88494804  0.44947117 -0.95179553 -0.30360587]\n [ 0.88479779  4.62753298 -2.00753836 -0.19453244  0.11985919 -1.44780382]\n [-0.88494804 -2.00753836  5.41131126  1.14295986  1.14076067 -1.55996934]\n [ 0.44947117 -0.19453244  1.14295986  2.91952995  0.23311341 -0.53981526]\n [-0.95179553  0.11985919  1.14076067  0.23311341  3.61267383 -0.79248712]\n [-0.30360587 -1.44780382 -1.55996934 -0.53981526 -0.79248712  4.05990133]]", "nfev": "210", "njev": "30", "status": "0", "success": "True", "message": "Optimization terminated successfully.", "x": "[1.22443757 1.50365976 1.08796594 1.5059547  4.4139809  4.16378249]", "nit": "25", "callback": [0.9320393446920268, 0.9188497386146508, 0.8584326485288443, 0.7878570990315823, 0.732852758964619, 0.6475138422742317, 0.585827739056895, 0.5159580138388322, 0.44067758997543616, 0.43344005690836296, 0.42649830880972506, 0.41383047893917957, 0.3900309304594518, 0.36013445806863964, 0.3466885287084035, 0.32348069709954563, 0.2850812928960369, 0.2395124538806246, 0.23085571763014012, 0.2285147737184885, 0.22822597510742026, 0.22821903737584204, 0.2282140435142187, 0.22821192609666008, 0.22821192089309972]}, "1": {"maxiter": 100, "gtol": 1e-05, "xrtol": 1e-05, "eps": 1e-10, "duration": 0.06987285614013672, "fun": "0.22821192085948094", "jac": "[ 3.33066880e-06 -3.33066880e-06 -4.44089173e-06  1.11022293e-06\n  1.11022293e-06 -1.11022293e-06]", "hess_inv": "[[ 3.45046892  0.86699633 -0.8754842   0.45164028 -0.95561344 -0.2944538 ]\n [ 0.86699633  4.62251634 -1.99302371 -0.18384498  0.11998509 -1.44763833]\n [-0.8754842  -1.99302371  5.41108327  1.1463239   1.13387007 -1.56993946]\n [ 0.45164028 -0.18384498  1.1463239   2.92886102  0.21649852 -0.54349761]\n [-0.95561344  0.11998509  1.13387007  0.21649852  3.61958332 -0.79084117]\n [-0.2944538  -1.44763833 -1.56993946 -0.54349761 -0.79084117  4.0587598 ]]", "nfev": "210", "njev": "30", "status": "0", "success": "True", "message": "Optimization terminated successfully.", "x": "[1.2244435  1.50366098 1.0879636  1.50596032 4.41397949 4.16379009]", "nit": "25", "callback": [0.9320386540007769, 0.9188499094904172, 0.8584338471714675, 0.7878594538086634, 0.7328602699511626, 0.6475252279777641, 0.5858383145995101, 0.5159784750993613, 0.44067420802886526, 0.43343738544975585, 0.4264932876402806, 0.4138222497157613, 0.39001875566602107, 0.36012428271584607, 0.3466691700398673, 0.32343845323711995, 0.2850027190909894, 0.23945246531162367, 0.23077662443374092, 0.2285130406615381, 0.228225901795849, 0.22821903247611375, 0.22821404588609606, 0.2282119258370907, 0.22821192085948094]}, "2": {"maxiter": 100, "gtol": 1e-05, "xrtol": 1e-10, "eps": 1e-05, "duration": 0.07345700263977051, "fun": "0.22821192089309972", "jac": "[ 1.29198874e-06 -3.20141691e-06 -3.70632414e-06 -1.61500813e-06\n  1.47702961e-06 -3.28173044e-06]", "hess_inv": "[[ 3.4503292   0.88479779 -0.88494804  0.44947117 -0.95179553 -0.30360587]\n [ 0.88479779  4.62753298 -2.00753836 -0.19453244  0.11985919 -1.44780382]\n [-0.88494804 -2.00753836  5.41131126  1.14295986  1.14076067 -1.55996934]\n [ 0.44947117 -0.19453244  1.14295986  2.91952995  0.23311341 -0.53981526]\n [-0.95179553  0.11985919  1.14076067  0.23311341  3.61267383 -0.79248712]\n [-0.30360587 -1.44780382 -1.55996934 -0.53981526 -0.79248712  4.05990133]]", "nfev": "210", "njev": "30", "status": "0", "success": "True", "message": "Optimization terminated successfully.", "x": "[1.22443757 1.50365976 1.08796594 1.5059547  4.4139809  4.16378249]", "nit": "25", "callback": [0.9320393446920268, 0.9188497386146508, 0.8584326485288443, 0.7878570990315823, 0.732852758964619, 0.6475138422742317, 0.585827739056895, 0.5159580138388322, 0.44067758997543616, 0.43344005690836296, 0.42649830880972506, 0.41383047893917957, 0.3900309304594518, 0.36013445806863964, 0.3466885287084035, 0.32348069709954563, 0.2850812928960369, 0.2395124538806246, 0.23085571763014012, 0.2285147737184885, 0.22822597510742026, 0.22821903737584204, 0.2282140435142187, 0.22821192609666008, 0.22821192089309972]}, "3": {"maxiter": 100, "gtol": 1e-05, "xrtol": 1e-10, "eps": 1e-10, "duration": 0.07019329071044922, "fun": "0.22821192085948094", "jac": "[ 3.33066880e-06 -3.33066880e-06 -4.44089173e-06  1.11022293e-06\n  1.11022293e-06 -1.11022293e-06]", "hess_inv": "[[ 3.45046892  0.86699633 -0.8754842   0.45164028 -0.95561344 -0.2944538 ]\n [ 0.86699633  4.62251634 -1.99302371 -0.18384498  0.11998509 -1.44763833]\n [-0.8754842  -1.99302371  5.41108327  1.1463239   1.13387007 -1.56993946]\n [ 0.45164028 -0.18384498  1.1463239   2.92886102  0.21649852 -0.54349761]\n [-0.95561344  0.11998509  1.13387007  0.21649852  3.61958332 -0.79084117]\n [-0.2944538  -1.44763833 -1.56993946 -0.54349761 -0.79084117  4.0587598 ]]", "nfev": "210", "njev": "30", "status": "0", "success": "True", "message": "Optimization terminated successfully.", "x": "[1.2244435  1.50366098 1.0879636  1.50596032 4.41397949 4.16379009]", "nit": "25", "callback": [0.9320386540007769, 0.9188499094904172, 0.8584338471714675, 0.7878594538086634, 0.7328602699511626, 0.6475252279777641, 0.5858383145995101, 0.5159784750993613, 0.44067420802886526, 0.43343738544975585, 0.4264932876402806, 0.4138222497157613, 0.39001875566602107, 0.36012428271584607, 0.3466691700398673, 0.32343845323711995, 0.2850027190909894, 0.23945246531162367, 0.23077662443374092, 0.2285130406615381, 0.228225901795849, 0.22821903247611375, 0.22821404588609606, 0.2282119258370907, 0.22821192085948094]}, "4": {"maxiter": 100, "gtol": 1e-10, "xrtol": 1e-05, "eps": 1e-05, "duration": 0.06785917282104492, "fun": "0.22821192082683228", "jac": "[-1.33670852e-08 -5.01376718e-08 -7.84039500e-08  2.50910404e-08\n -6.89670543e-08 -4.67403893e-08]", "hess_inv": "[[ 3.44299245  0.87863848 -0.9023099   0.42955259 -0.90235377 -0.33599077]\n [ 0.87863848  4.62909586 -1.99173829 -0.18552948  0.11739099 -1.44217937]\n [-0.9023099  -1.99173829  5.50724948  1.21186849  1.05938933 -1.48859132]\n [ 0.42955259 -0.18552948  1.21186849  2.96373009  0.19934369 -0.50238484]\n [-0.90235377  0.11739099  1.05938933  0.19934369  3.56667544 -0.78853078]\n [-0.33599077 -1.44217937 -1.48859132 -0.50238484 -0.78853078  4.07683889]]", "nfev": "217", "njev": "31", "status": "0", "success": "True", "message": "Optimization terminated successfully.", "x": "[1.22443352 1.50366086 1.08797665 1.50596089 4.41397884 4.16378653]", "nit": "26", "callback": [0.9320393446920268, 0.9188497386146508, 0.8584326485288443, 0.7878570990315823, 0.732852758964619, 0.6475138422742317, 0.585827739056895, 0.5159580138388322, 0.44067758997543616, 0.43344005690836296, 0.42649830880972506, 0.41383047893917957, 0.3900309304594518, 0.36013445806863964, 0.3466885287084035, 0.32348069709954563, 0.2850812928960369, 0.2395124538806246, 0.23085571763014012, 0.2285147737184885, 0.22822597510742026, 0.22821903737584204, 0.2282140435142187, 0.22821192609666008, 0.22821192089309972, 0.22821192082683228]}, "5": {"maxiter": 100, "gtol": 1e-10, "xrtol": 1e-05, "eps": 1e-10, "duration": 0.06891989707946777, "fun": "0.22821192082360964", "jac": "[-1.11022293e-06 -2.22044587e-06  0.00000000e+00 -3.33066880e-06\n -1.11022293e-06  0.00000000e+00]", "hess_inv": "[[ 3.40477051  0.88376606 -0.98575044  0.34264256 -0.84452131 -0.38478361]\n [ 0.88376606  4.61793857 -1.9827975  -0.16248719  0.09666708 -1.42735591]\n [-0.98575044 -1.9827975   5.72512224  1.24093664  1.06717265 -1.54107659]\n [ 0.34264256 -0.16248719  1.24093664  2.88934304  0.27510551 -0.60679075]\n [-0.84452131  0.09666708  1.06717265  0.27510551  3.5426923  -0.71368095]\n [-0.38478361 -1.42735591 -1.54107659 -0.60679075 -0.71368095  3.98522619]]", "nfev": "217", "njev": "31", "status": "0", "success": "True", "message": "Optimization terminated successfully.", "x": "[1.22443086 1.5036631  1.08798143 1.50595997 4.41398233 4.16378566]", "nit": "26", "callback": [0.9320386540007769, 0.9188499094904172, 0.8584338471714675, 0.7878594538086634, 0.7328602699511626, 0.6475252279777641, 0.5858383145995101, 0.5159784750993613, 0.44067420802886526, 0.43343738544975585, 0.4264932876402806, 0.4138222497157613, 0.39001875566602107, 0.36012428271584607, 0.3466691700398673, 0.32343845323711995, 0.2850027190909894, 0.23945246531162367, 0.23077662443374092, 0.2285130406615381, 0.228225901795849, 0.22821903247611375, 0.22821404588609606, 0.2282119258370907, 0.22821192085948094, 0.22821192082360964]}, "6": {"maxiter": 100, "gtol": 1e-10, "xrtol": 1e-10, "eps": 1e-05, "duration": 0.07689189910888672, "fun": "0.22821192082596387", "jac": "[-7.77156117e-11  0.00000000e+00 -1.11022302e-11  0.00000000e+00\n  1.11022302e-11 -1.11022302e-11]", "hess_inv": "[[ 3.4352009   0.87702866 -0.90448101  0.43678967 -0.90585068 -0.33138159]\n [ 0.87702866  4.63224511 -1.96935774 -0.18755145  0.13775868 -1.44679854]\n [-0.90448101 -1.96935774  5.65621033  1.19142161  1.19505999 -1.52319077]\n [ 0.43678967 -0.18755145  1.19142161  2.95747069  0.18974153 -0.50437952]\n [-0.90585068  0.13775868  1.19505999  0.18974153  3.66972426 -0.81106783]\n [-0.33138159 -1.44679854 -1.52319077 -0.50437952 -0.81106783  4.07941415]]", "nfev": "231", "njev": "33", "status": "0", "success": "True", "message": "Optimization terminated successfully.", "x": "[1.22443345 1.50366089 1.08797696 1.50596089 4.41397914 4.16378648]", "nit": "28", "callback": [0.9320393446920268, 0.9188497386146508, 0.8584326485288443, 0.7878570990315823, 0.732852758964619, 0.6475138422742317, 0.585827739056895, 0.5159580138388322, 0.44067758997543616, 0.43344005690836296, 0.42649830880972506, 0.41383047893917957, 0.3900309304594518, 0.36013445806863964, 0.3466885287084035, 0.32348069709954563, 0.2850812928960369, 0.2395124538806246, 0.23085571763014012, 0.2285147737184885, 0.22822597510742026, 0.22821903737584204, 0.2282140435142187, 0.22821192609666008, 0.22821192089309972, 0.22821192082683228, 0.22821192082599795, 0.22821192082596387]}, "7": {"maxiter": 100, "gtol": 1e-10, "xrtol": 1e-10, "eps": 1e-10, "duration": 0.22502398490905762, "fun": "0.2282119208193173", "jac": "[-2.22044587e-06  1.11022293e-06  0.00000000e+00  0.00000000e+00\n  1.11022293e-06  0.00000000e+00]", "hess_inv": "[[ 0.01467335 -0.01547327  0.05418299  0.03015713  0.01207894 -0.01260593]\n [-0.01547327  0.01749366 -0.05799978 -0.03153315 -0.01337907  0.01335494]\n [ 0.05418299 -0.05799978  0.20391398  0.11182441  0.04440411 -0.04593372]\n [ 0.03015713 -0.03153315  0.11182441  0.06301163  0.02448294 -0.02620236]\n [ 0.01207894 -0.01337907  0.04440411  0.02448294  0.01088178 -0.01069317]\n [-0.01260593  0.01335494 -0.04593372 -0.02620236 -0.01069317  0.0114917 ]]", "nfev": "692", "njev": "98", "status": "2", "success": "False", "message": "Desired error not necessarily achieved due to precision loss.", "x": "[1.2244306  1.50366722 1.08798583 1.50596403 4.41398615 4.16378187]", "nit": "41", "callback": [0.9320386540007769, 0.9188499094904172, 0.8584338471714675, 0.7878594538086634, 0.7328602699511626, 0.6475252279777641, 0.5858383145995101, 0.5159784750993613, 0.44067420802886526, 0.43343738544975585, 0.4264932876402806, 0.4138222497157613, 0.39001875566602107, 0.36012428271584607, 0.3466691700398673, 0.32343845323711995, 0.2850027190909894, 0.23945246531162367, 0.23077662443374092, 0.2285130406615381, 0.228225901795849, 0.22821903247611375, 0.22821404588609606, 0.2282119258370907, 0.22821192085948094, 0.22821192082360964, 0.22821192082045083, 0.22821192082044783, 0.22821192082044506, 0.2282119208204395, 0.22821192082043007, 0.22821192082008535, 0.22821192081976005, 0.22821192081974895, 0.22821192081943387, 0.22821192081939512, 0.22821192081934139, 0.22821192081932895, 0.22821192081932307, 0.22821192081931863, 0.2282119208193173]}, "8": {"maxiter": 500, "gtol": 1e-05, "xrtol": 1e-05, "eps": 1e-05, "duration": 0.07454109191894531, "fun": "0.22821192089309972", "jac": "[ 1.29198874e-06 -3.20141691e-06 -3.70632414e-06 -1.61500813e-06\n  1.47702961e-06 -3.28173044e-06]", "hess_inv": "[[ 3.4503292   0.88479779 -0.88494804  0.44947117 -0.95179553 -0.30360587]\n [ 0.88479779  4.62753298 -2.00753836 -0.19453244  0.11985919 -1.44780382]\n [-0.88494804 -2.00753836  5.41131126  1.14295986  1.14076067 -1.55996934]\n [ 0.44947117 -0.19453244  1.14295986  2.91952995  0.23311341 -0.53981526]\n [-0.95179553  0.11985919  1.14076067  0.23311341  3.61267383 -0.79248712]\n [-0.30360587 -1.44780382 -1.55996934 -0.53981526 -0.79248712  4.05990133]]", "nfev": "210", "njev": "30", "status": "0", "success": "True", "message": "Optimization terminated successfully.", "x": "[1.22443757 1.50365976 1.08796594 1.5059547  4.4139809  4.16378249]", "nit": "25", "callback": [0.9320393446920268, 0.9188497386146508, 0.8584326485288443, 0.7878570990315823, 0.732852758964619, 0.6475138422742317, 0.585827739056895, 0.5159580138388322, 0.44067758997543616, 0.43344005690836296, 0.42649830880972506, 0.41383047893917957, 0.3900309304594518, 0.36013445806863964, 0.3466885287084035, 0.32348069709954563, 0.2850812928960369, 0.2395124538806246, 0.23085571763014012, 0.2285147737184885, 0.22822597510742026, 0.22821903737584204, 0.2282140435142187, 0.22821192609666008, 0.22821192089309972]}, "9": {"maxiter": 500, "gtol": 1e-05, "xrtol": 1e-05, "eps": 1e-10, "duration": 0.06284976005554199, "fun": "0.22821192085948094", "jac": "[ 3.33066880e-06 -3.33066880e-06 -4.44089173e-06  1.11022293e-06\n  1.11022293e-06 -1.11022293e-06]", "hess_inv": "[[ 3.45046892  0.86699633 -0.8754842   0.45164028 -0.95561344 -0.2944538 ]\n [ 0.86699633  4.62251634 -1.99302371 -0.18384498  0.11998509 -1.44763833]\n [-0.8754842  -1.99302371  5.41108327  1.1463239   1.13387007 -1.56993946]\n [ 0.45164028 -0.18384498  1.1463239   2.92886102  0.21649852 -0.54349761]\n [-0.95561344  0.11998509  1.13387007  0.21649852  3.61958332 -0.79084117]\n [-0.2944538  -1.44763833 -1.56993946 -0.54349761 -0.79084117  4.0587598 ]]", "nfev": "210", "njev": "30", "status": "0", "success": "True", "message": "Optimization terminated successfully.", "x": "[1.2244435  1.50366098 1.0879636  1.50596032 4.41397949 4.16379009]", "nit": "25", "callback": [0.9320386540007769, 0.9188499094904172, 0.8584338471714675, 0.7878594538086634, 0.7328602699511626, 0.6475252279777641, 0.5858383145995101, 0.5159784750993613, 0.44067420802886526, 0.43343738544975585, 0.4264932876402806, 0.4138222497157613, 0.39001875566602107, 0.36012428271584607, 0.3466691700398673, 0.32343845323711995, 0.2850027190909894, 0.23945246531162367, 0.23077662443374092, 0.2285130406615381, 0.228225901795849, 0.22821903247611375, 0.22821404588609606, 0.2282119258370907, 0.22821192085948094]}, "10": {"maxiter": 500, "gtol": 1e-05, "xrtol": 1e-10, "eps": 1e-05, "duration": 0.05669522285461426, "fun": "0.22821192089309972", "jac": "[ 1.29198874e-06 -3.20141691e-06 -3.70632414e-06 -1.61500813e-06\n  1.47702961e-06 -3.28173044e-06]", "hess_inv": "[[ 3.4503292   0.88479779 -0.88494804  0.44947117 -0.95179553 -0.30360587]\n [ 0.88479779  4.62753298 -2.00753836 -0.19453244  0.11985919 -1.44780382]\n [-0.88494804 -2.00753836  5.41131126  1.14295986  1.14076067 -1.55996934]\n [ 0.44947117 -0.19453244  1.14295986  2.91952995  0.23311341 -0.53981526]\n [-0.95179553  0.11985919  1.14076067  0.23311341  3.61267383 -0.79248712]\n [-0.30360587 -1.44780382 -1.55996934 -0.53981526 -0.79248712  4.05990133]]", "nfev": "210", "njev": "30", "status": "0", "success": "True", "message": "Optimization terminated successfully.", "x": "[1.22443757 1.50365976 1.08796594 1.5059547  4.4139809  4.16378249]", "nit": "25", "callback": [0.9320393446920268, 0.9188497386146508, 0.8584326485288443, 0.7878570990315823, 0.732852758964619, 0.6475138422742317, 0.585827739056895, 0.5159580138388322, 0.44067758997543616, 0.43344005690836296, 0.42649830880972506, 0.41383047893917957, 0.3900309304594518, 0.36013445806863964, 0.3466885287084035, 0.32348069709954563, 0.2850812928960369, 0.2395124538806246, 0.23085571763014012, 0.2285147737184885, 0.22822597510742026, 0.22821903737584204, 0.2282140435142187, 0.2282119260966