{"date": "2024/10/08/, 13:14:37", "conf_id": 0, "data_type": "random\n", "num_data_points": 1, "s_rank": 0, "unitary": "[[-0.45070455-0.02711853j,0.78437395-0.06613086j,0.06358678+0.19963393j,-0.07343613+0.35668523j],[-0.01890143-0.03813363j,0.32408202+0.25557629j,0.05872864-0.68979805j,0.55466693-0.20227297j],[-0.11215405+0.64023111j,-0.13344055+0.29565494j,-0.49012687-0.19046288j,-0.04241254+0.44046348j],[0.55771659+0.24656916j,0.31851997-0.05798805j,0.28761525-0.34294258j,-0.56718418+0.03616933j]]", "databatch_0": {"databatch": "[[[0.09314128-0.12946863j,0.39382838-0.19799267j,0.05133879+0.12112185j,0.08106995-0.04021906j],[0.07622026-0.09754417j,0.31152873-0.14143589j,0.03608905+0.09551662j,0.06411194-0.02869752j],[0.11804856-0.19626647j,0.54031288-0.32976236j,0.08774511+0.16729872j,0.1112873-0.06711204j],[-0.01827577+0.10086995j,-0.17383409+0.2237231j,-0.06326177-0.05610261j,-0.03593256+0.04574145j]]]", "initial param values": "[1.38308354,1.41657126,3.69100285,5.57845919,1.95215695,0.60190106]", "nelder_mead": {"type": "gradient-free", "0": {"maxiter": 100, "fatol": 1e-05, "xatol": 1e-05, "duration": 0.07996702194213867, "fun": "0.2673908967530214", "nit": "100", "nfev": "152", "status": "2", "success": "False", "message": "Maximum number of iterations has been exceeded.", "x": "[2.76136503 0.71144986 5.65273546 4.4451176  3.12018297 0.4991059 ]", "final_simplex": "(array([[2.76136503, 0.71144986, 5.65273546, 4.4451176 , 3.12018297,\n        0.4991059 ],\n       [2.73372284, 0.66275857, 5.78444061, 4.47914002, 3.19915008,\n        0.51204567],\n       [2.78247242, 0.67023148, 5.59506323, 4.58937937, 3.16150283,\n        0.49099128],\n       [2.87151604, 0.6549806 , 5.80078518, 4.478208  , 3.22373003,\n        0.47900572],\n       [2.70792772, 0.70464422, 5.72515362, 4.5602164 , 3.13363887,\n        0.44104597],\n       [2.86877237, 0.65247459, 5.79665837, 4.27891331, 3.27083994,\n        0.48742925],\n       [2.75659655, 0.73398033, 5.67987301, 4.46152675, 3.14273111,\n        0.44737695]]), array([0.2673909 , 0.26907797, 0.27093258, 0.27235404, 0.27474609,\n       0.27486506, 0.27730599]))", "callback": [0.8235407163559625, 0.5786041784489391, 0.5184336596143729, 0.4996447160665416, 0.48655977788756466, 0.4362514156095326, 0.3186216416434363, 0.3095100101586945, 0.28331115920508676, 0.277305986719232]}, "1": {"maxiter": 100, "fatol": 1e-05, "xatol": 1e-10, "duration": 0.07350802421569824, "fun": "0.2673908967530214", "nit": "100", "nfev": "152", "status": "2", "success": "False", "message": "Maximum number of iterations has been exceeded.", "x": "[2.76136503 0.71144986 5.65273546 4.4451176  3.12018297 0.4991059 ]", "final_simplex": "(array([[2.76136503, 0.71144986, 5.65273546, 4.4451176 , 3.12018297,\n        0.4991059 ],\n       [2.73372284, 0.66275857, 5.78444061, 4.47914002, 3.19915008,\n        0.51204567],\n       [2.78247242, 0.67023148, 5.59506323, 4.58937937, 3.16150283,\n        0.49099128],\n       [2.87151604, 0.6549806 , 5.80078518, 4.478208  , 3.22373003,\n        0.47900572],\n       [2.70792772, 0.70464422, 5.72515362, 4.5602164 , 3.13363887,\n        0.44104597],\n       [2.86877237, 0.65247459, 5.79665837, 4.27891331, 3.27083994,\n        0.48742925],\n       [2.75659655, 0.73398033, 5.67987301, 4.46152675, 3.14273111,\n        0.44737695]]), array([0.2673909 , 0.26907797, 0.27093258, 0.27235404, 0.27474609,\n       0.27486506, 0.27730599]))", "callback": [0.8235407163559625, 0.5786041784489391, 0.5184336596143729, 0.4996447160665416, 0.48655977788756466, 0.4362514156095326, 0.3186216416434363, 0.3095100101586945, 0.28331115920508676, 0.277305986719232]}, "2": {"maxiter": 100, "fatol": 1e-10, "xatol": 1e-05, "duration": 0.07073497772216797, "fun": "0.2673908967530214", "nit": "100", "nfev": "152", "status": "2", "success": "False", "message": "Maximum number of iterations has been exceeded.", "x": "[2.76136503 0.71144986 5.65273546 4.4451176  3.12018297 0.4991059 ]", "final_simplex": "(array([[2.76136503, 0.71144986, 5.65273546, 4.4451176 , 3.12018297,\n        0.4991059 ],\n       [2.73372284, 0.66275857, 5.78444061, 4.47914002, 3.19915008,\n        0.51204567],\n       [2.78247242, 0.67023148, 5.59506323, 4.58937937, 3.16150283,\n        0.49099128],\n       [2.87151604, 0.6549806 , 5.80078518, 4.478208  , 3.22373003,\n        0.47900572],\n       [2.70792772, 0.70464422, 5.72515362, 4.5602164 , 3.13363887,\n        0.44104597],\n       [2.86877237, 0.65247459, 5.79665837, 4.27891331, 3.27083994,\n        0.48742925],\n       [2.75659655, 0.73398033, 5.67987301, 4.46152675, 3.14273111,\n        0.44737695]]), array([0.2673909 , 0.26907797, 0.27093258, 0.27235404, 0.27474609,\n       0.27486506, 0.27730599]))", "callback": [0.8235407163559625, 0.5786041784489391, 0.5184336596143729, 0.4996447160665416, 0.48655977788756466, 0.4362514156095326, 0.3186216416434363, 0.3095100101586945, 0.28331115920508676, 0.277305986719232]}, "3": {"maxiter": 100, "fatol": 1e-10, "xatol": 1e-10, "duration": 0.07312178611755371, "fun": "0.2673908967530214", "nit": "100", "nfev": "152", "status": "2", "success": "False", "message": "Maximum number of iterations has been exceeded.", "x": "[2.76136503 0.71144986 5.65273546 4.4451176  3.12018297 0.4991059 ]", "final_simplex": "(array([[2.76136503, 0.71144986, 5.65273546, 4.4451176 , 3.12018297,\n        0.4991059 ],\n       [2.73372284, 0.66275857, 5.78444061, 4.47914002, 3.19915008,\n        0.51204567],\n       [2.78247242, 0.67023148, 5.59506323, 4.58937937, 3.16150283,\n        0.49099128],\n       [2.87151604, 0.6549806 , 5.80078518, 4.478208  , 3.22373003,\n        0.47900572],\n       [2.70792772, 0.70464422, 5.72515362, 4.5602164 , 3.13363887,\n        0.44104597],\n       [2.86877237, 0.65247459, 5.79665837, 4.27891331, 3.27083994,\n        0.48742925],\n       [2.75659655, 0.73398033, 5.67987301, 4.46152675, 3.14273111,\n        0.44737695]]), array([0.2673909 , 0.26907797, 0.27093258, 0.27235404, 0.27474609,\n       0.27486506, 0.27730599]))", "callback": [0.8235407163559625, 0.5786041784489391, 0.5184336596143729, 0.4996447160665416, 0.48655977788756466, 0.4362514156095326, 0.3186216416434363, 0.3095100101586945, 0.28331115920508676, 0.277305986719232]}, "4": {"maxiter": 500, "fatol": 1e-05, "xatol": 1e-05, "duration": 0.2614290714263916, "fun": "0.07363486373895423", "nit": "350", "nfev": "557", "status": "0", "success": "True", "message": "Optimization terminated successfully.", "x": "[2.93337321 0.83464757 7.02316006 3.87383925 1.98159652 1.11238785]", "final_simplex": "(array([[2.93337321, 0.83464757, 7.02316006, 3.87383925, 1.98159652,\n        1.11238785],\n       [2.93337622, 0.8346444 , 7.02315114, 3.87384122, 1.98160097,\n        1.11239135],\n       [2.93336579, 0.8346467 , 7.02315716, 3.87384565, 1.98159378,\n        1.11238927],\n       [2.93336605, 0.83464855, 7.02315718, 3.87384427, 1.98159095,\n        1.11238835],\n       [2.93337453, 0.83464746, 7.02315738, 3.87383923, 1.981601  ,\n        1.11238632],\n       [2.93337402, 0.83465063, 7.02315921, 3.87384041, 1.98159568,\n        1.11238455],\n       [2.93336858, 0.83465171, 7.02316358, 3.87384435, 1.9815916 ,\n        1.11238239]]), array([0.07363486, 0.07363486, 0.07363486, 0.07363486, 0.07363486,\n       0.07363486, 0.07363486]))", "callback": [0.8235407163559625, 0.5786041784489391, 0.5184336596143729, 0.4996447160665416, 0.48655977788756466, 0.4362514156095326, 0.3186216416434363, 0.3095100101586945, 0.28331115920508676, 0.277305986719232, 0.26605096521804705, 0.23987449916358805, 0.1982744295286375, 0.1304786098813735, 0.12697863721884184, 0.12018404198364296, 0.11215446249544136, 0.09128906710588425, 0.08114712263045509, 0.07586109118821671, 0.0738874951231967, 0.07388504032909615, 0.07370461791535765, 0.07364618307386983, 0.07363768977399154, 0.07363528590998036, 0.07363500664621336, 0.07363488927968709, 0.07363486950650733, 0.07363486543558462, 0.07363486416581144, 0.07363486401014663, 0.07363486382569107, 0.0736348637571912, 0.07363486374399264]}, "5": {"maxiter": 500, "fatol": 1e-05, "xatol": 1e-10, "duration": 0.3701467514038086, "fun": "0.07363486373741834", "nit": "472", "nfev": "804", "status": "0", "success": "True", "message": "Optimization terminated successfully.", "x": "[2.93336975 0.83464769 7.02316149 3.87384089 1.98159165 1.11238924]", "final_simplex": "(array([[2.93336975, 0.83464769, 7.02316149, 3.87384089, 1.98159165,\n        1.11238924],\n       [2.93336975, 0.83464769, 7.02316149, 3.87384089, 1.98159165,\n        1.11238924],\n       [2.93336975, 0.83464769, 7.02316149, 3.87384089, 1.98159165,\n        1.11238924],\n       [2.93336975, 0.83464769, 7.02316149, 3.87384089, 1.98159165,\n        1.11238924],\n       [2.93336975, 0.83464769, 7.02316149, 3.87384089, 1.98159165,\n        1.11238924],\n       [2.93336975, 0.83464769, 7.02316149, 3.87384089, 1.98159165,\n        1.11238924],\n       [2.93336975, 0.83464769, 7.02316149, 3.87384089, 1.98159165,\n        1.11238924]]), array([0.07363486, 0.07363486, 0.07363486, 0.07363486, 0.07363486,\n       0.07363486, 0.07363486]))", "callback": [0.8235407163559625, 0.5786041784489391, 0.5184336596143729, 0.4996447160665416, 0.48655977788756466, 0.4362514156095326, 0.3186216416434363, 0.3095100101586945, 0.28331115920508676, 0.277305986719232, 0.26605096521804705, 0.23987449916358805, 0.1982744295286375, 0.1304786098813735, 0.12697863721884184, 0.12018404198364296, 0.11215446249544136, 0.09128906710588425, 0.08114712263045509, 0.07586109118821671, 0.0738874951231967, 0.07388504032909615, 0.07370461791535765, 0.07364618307386983, 0.07363768977399154, 0.07363528590998036, 0.07363500664621336, 0.07363488927968709, 0.07363486950650733, 0.07363486543558462, 0.07363486416581144, 0.07363486401014663, 0.07363486382569107, 0.0736348637571912, 0.07363486374399264, 0.07363486373895423, 0.07363486373827066, 0.07363486373751349, 0.07363486373751349, 0.07363486373743666, 0.07363486373742478, 0.07363486373742045, 0.07363486373741901, 0.07363486373741868, 0.07363486373741834, 0.07363486373741834, 0.07363486373741834, 0.07363486373741834]}, "6": {"maxiter": 500, "fatol": 1e-10, "xatol": 1e-05, "duration": 0.2681269645690918, "fun": "0.07363486373895423", "nit": "350", "nfev": "557", "status": "0", "success": "True", "message": "Optimization terminated successfully.", "x": "[2.93337321 0.83464757 7.02316006 3.87383925 1.98159652 1.11238785]", "final_simplex": "(array([[2.93337321, 0.83464757, 7.02316006, 3.87383925, 1.98159652,\n        1.11238785],\n       [2.93337622, 0.8346444 , 7.02315114, 3.87384122, 1.98160097,\n        1.11239135],\n       [2.93336579, 0.8346467 , 7.02315716, 3.87384565, 1.98159378,\n        1.11238927],\n       [2.93336605, 0.83464855, 7.02315718, 3.87384427, 1.98159095,\n        1.11238835],\n       [2.93337453, 0.83464746, 7.02315738, 3.87383923, 1.981601  ,\n        1.11238632],\n       [2.93337402, 0.83465063, 7.02315921, 3.87384041, 1.98159568,\n        1.11238455],\n       [2.93336858, 0.83465171, 7.02316358, 3.87384435, 1.9815916 ,\n        1.11238239]]), array([0.07363486, 0.07363486, 0.07363486, 0.07363486, 0.07363486,\n       0.07363486, 0.07363486]))", "callback": [0.8235407163559625, 0.5786041784489391, 0.5184336596143729, 0.4996447160665416, 0.48655977788756466, 0.4362514156095326, 0.3186216416434363, 0.3095100101586945, 0.28331115920508676, 0.277305986719232, 0.26605096521804705, 0.23987449916358805, 0.1982744295286375, 0.1304786098813735, 0.12697863721884184, 0.12018404198364296, 0.11215446249544136, 0.09128906710588425, 0.08114712263045509, 0.07586109118821671, 0.0738874951231967, 0.07388504032909615, 0.07370461791535765, 0.07364618307386983, 0.07363768977399154, 0.07363528590998036, 0.07363500664621336, 0.07363488927968709, 0.07363486950650733, 0.07363486543558462, 0.07363486416581144, 0.07363486401014663, 0.07363486382569107, 0.0736348637571912, 0.07363486374399264]}, "7": {"maxiter": 500, "fatol": 1e-10, "xatol": 1e-10, "duration": 0.45924997329711914, "fun": "0.07363486373741834", "nit": "472", "nfev": "804", "status": "0", "success": "True", "message": "Optimization terminated successfully.", "x": "[2.93336975 0.83464769 7.02316149 3.87384089 1.98159165 1.11238924]", "final_simplex": "(array([[2.93336975, 0.83464769, 7.02316149, 3.87384089, 1.98159165,\n        1.11238924],\n       [2.93336975, 0.83464769, 7.02316149, 3.87384089, 1.98159165,\n        1.11238924],\n       [2.93336975, 0.83464769, 7.02316149, 3.87384089, 1.98159165,\n        1.11238924],\n       [2.93336975, 0.83464769, 7.02316149, 3.87384089, 1.98159165,\n        1.11238924],\n       [2.93336975, 0.83464769, 7.02316149, 3.87384089, 1.98159165,\n        1.11238924],\n       [2.93336975, 0.83464769, 7.02316149, 3.87384089, 1.98159165,\n        1.11238924],\n       [2.93336975, 0.83464769, 7.02316149, 3.87384089, 1.98159165,\n        1.11238924]]), array([0.07363486, 0.07363486, 0.07363486, 0.07363486, 0.07363486,\n       0.07363486, 0.07363486]))", "callback": [0.8235407163559625, 0.5786041784489391, 0.5184336596143729, 0.4996447160665416, 0.48655977788756466, 0.4362514156095326, 0.3186216416434363, 0.3095100101586945, 0.28331115920508676, 0.277305986719232, 0.26605096521804705, 0.23987449916358805, 0.1982744295286375, 0.1304786098813735, 0.12697863721884184, 0.12018404198364296, 0.11215446249544136, 0.09128906710588425, 0.08114712263045509, 0.07586109118821671, 0.0738874951231967, 0.07388504032909615, 0.07370461791535765, 0.07364618307386983, 0.07363768977399154, 0.07363528590998036, 0.07363500664621336, 0.07363488927968709, 0.07363486950650733, 0.07363486543558462, 0.07363486416581144, 0.07363486401014663, 0.07363486382569107, 0.0736348637571912, 0.07363486374399264, 0.07363486373895423, 0.07363486373827066, 0.07363486373751349, 0.07363486373751349, 0.07363486373743666, 0.07363486373742478, 0.07363486373742045, 0.07363486373741901, 0.07363486373741868, 0.07363486373741834, 0.07363486373741834, 0.07363486373741834, 0.07363486373741834]}, "8": {"maxiter": 1000, "fatol": 1e-05, "xatol": 1e-05, "duration": 0.25435328483581543, "fun": "0.07363486373895423", "nit": "350", "nfev": "557", "status": "0", "success": "True", "message": "Optimization terminated successfully.", "x": "[2.93337321 0.83464757 7.02316006 3.87383925 1.98159652 1.11238785]", "final_simplex": "(array([[2.93337321, 0.83464757, 7.02316006, 3.87383925, 1.98159652,\n        1.11238785],\n       [2.93337622, 0.8346444 , 7.02315114, 3.87384122, 1.98160097,\n        1.11239135],\n       [2.93336579, 0.8346467 , 7.02315716, 3.87384565, 1.98159378,\n        1.11238927],\n       [2.93336605, 0.83464855, 7.02315718, 3.87384427, 1.98159095,\n        1.11238835],\n       [2.93337453, 0.83464746, 7.02315738, 3.87383923, 1.981601  ,\n        1.11238632],\n       [2.93337402, 0.83465063, 7.02315921, 3.87384041, 1.98159568,\n        1.11238455],\n       [2.93336858, 0.83465171, 7.02316358, 3.87384435, 1.9815916 ,\n        1.11238239]]), array([0.07363486, 0.07363486, 0.07363486, 0.07363486, 0.07363486,\n       0.07363486, 0.07363486]))", "callback": [0.8235407163559625, 0.5786041784489391, 0.5184336596143729, 0.4996447160665416, 0.48655977788756466, 0.4362514156095326, 0.3186216416434363, 0.3095100101586945, 0.28331115920508676, 0.277305986719232, 0.26605096521804705, 0.23987449916358805, 0.1982744295286375, 0.1304786098813735, 0.12697863721884184, 0.12018404198364296, 0.11215446249544136, 0.09128906710588425, 0.08114712263045509, 0.07586109118821671, 0.0738874951231967, 0.07388504032909615, 0.07370461791535765, 0.07364618307386983, 0.07363768977399154, 0.07363528590998036, 0.07363500664621336, 0.07363488927968709, 0.07363486950650733, 0.07363486543558462, 0.07363486416581144, 0.07363486401014663, 0.07363486382569107, 0.0736348637571912, 0.07363486374399264]}, "9": {"maxiter": 1000, "fatol": 1e-05, "xatol": 1e-10, "duration": 0.375730037689209, "fun": "0.07363486373741834", "nit": "472", "nfev": "804", "status": "0", "success": "True", "message": "Optimization terminated successfully.", "x": "[2.93336975 0.83464769 7.02316149 3.87384089 1.98159165 1.11238924]", "final_simplex": "(array([[2.93336975, 0.83464769, 7.02316149, 3.87384089, 1.98159165,\n        1.11238924],\n       [2.93336975, 0.83464769, 7.02316149, 3.87384089, 1.98159165,\n        1.11238924],\n       [2.93336975, 0.83464769, 7.02316149, 3.87384089, 1.98159165,\n        1.11238924],\n       [2.93336975, 0.83464769, 7.02316149, 3.87384089, 1.98159165,\n        1.11238924],\n       [2.93336975, 0.83464769, 7.02316149, 3.87384089, 1.98159165,\n        1.11238924],\n       [2.93336975, 0.83464769, 7.02316149, 3.87384089, 1.98159165,\n        1.11238924],\n       [2.93336975, 0.83464769, 7.02316149, 3.87384089, 1.98159165,\n        1.11238924]]), array([0.07363486, 0.07363486, 0.07363486, 0.07363486, 0.07363486,\n       0.07363486, 0.07363486]))", "callback": [0.8235407163559625, 0.5786041784489391, 0.5184336596143729, 0.4996447160665416, 0.48655977788756466, 0.4362514156095326, 0.3186216416434363, 0.3095100101586945, 0.28331115920508676, 0.277305986719232, 0.26605096521804705, 0.23987449916358805, 0.1982744295286375, 0.1304786098813735, 0.12697863721884184, 0.12018404198364296, 0.11215446249544136, 0.09128906710588425, 0.08114712263045509, 0.07586109118821671, 0.0738874951231967, 0.07388504032909615, 0.07370461791535765, 0.07364618307386983, 0.07363768977399154, 0.07363528590998036, 0.07363500664621336, 0.07363488927968709, 0.07363486950650733, 0.07363486543558462, 0.07363486416581144, 0.07363486401014663, 0.07363486382569107, 0.0736348637571912, 0.07363486374399264, 0.07363486373895423, 0.07363486373827066, 0.07363486373751349, 0.07363486373751349, 0.07363486373743666, 0.07363486373742478, 0.07363486373742045, 0.07363486373741901, 0.07363486373741868, 0.07363486373741834, 0.07363486373741834, 0.07363486373741834, 0.07363486373741834]}, "10": {"maxiter": 1000, "fatol": 1e-10, "xatol": 1e-05, "duration": 0.2515280246734619, "fun": "0.07363486373895423", "nit": "350", "nfev": "557", "status": "0", "success": "True", "message": "Optimization terminated successfully.", "x": "[2.93337321 0.83464757 7.02316006 3.87383925 1.98159652 1.11238785]", "final_simplex": "(array([[2.93337321, 0.83464757, 7.02316006, 3.87383925, 1.98159652,\n        1.11238785],\n       [2.93337622, 0.8346444 , 7.02315114, 3.87384122, 1.98160097,\n        1.11239135],\n       [2.93336579, 0.8346467 , 7.02315716, 3.87384565, 1.98159378,\n        1.11238927],\n       [2.93336605, 0.83464855, 7.02315718, 3.87384427, 1.98159095,\n        1.11238835],\n       [2.93337453, 0.83464746, 7.02315738, 3.87383923, 1.981601  ,\n        1.11238632],\n       [2.93337402, 0.83465063, 7.02315921, 3.87384041, 1.98159568,\n        1.11238455],\n       [2.93336858, 0.83465171, 7.02316358, 3.87384435, 1.9815916 ,\n        1.11238239]]), array([0.07363486, 0.07363486, 0.07363486, 0.07363486, 0.07363486,\n       0.07363486, 0.07363486]))", "callback": [0.8235407163559625, 0.5786041784489391, 0.5184336596143729, 0.4996447160665416, 0.48655977788756466, 0.4362514156095326, 0.3186216416434363, 0.3095100101586945, 0.28331115920508676, 0.277305986719232, 0.26605096521804705, 0.23987449916358805, 0.1982744295286375, 0.1304786098813735, 0.12697863721884184, 0.12018404198364296, 0.11215446249544136, 0.09128906710588425, 0.08114712263045509, 0.07586109118821671, 0.0738874951231967, 0.07388504032909615, 0.07370461791535765, 0.07364618307386983, 0.07363768977399154, 0.07363528590998036, 0.07363500664621336, 0.07363488927968709, 0.07363486950650733, 0.07363486543558462, 0.07363486416581144, 0.07363486401014663, 0.07363486382569107, 0.0736348637571912, 0.07363486374399264]}, "11": {"maxiter": 1000, "fatol": 1e-10, "xatol": 1e-10, "duration": 0.35956406593322754, "fun": "0.07363486373741834", "nit": "472", "nfev": "804", "status": "0", "success": "True", "message": "Optimization terminated successfully.", "x": "[2.93336975 0.83464769 7.02316149 3.87384089 1.98159165 1.11238924]", "final_simplex": "(array([[2.93336975, 0.83464769, 7.02316149, 3.87384089, 1.98159165,\n        1.11238924],\n       [2.93336975, 0.83464769, 7.02316149, 3.87384089, 1.98159165,\n        1.11238924],\n       [2.93336975, 0.83464769, 7.02316149, 3.87384089, 1.98159165,\n        1.11238924],\n       [2.93336975, 0.83464769, 7.02316149, 3.87384089, 1.98159165,\n        1.11238924],\n       [2.93336975, 0.83464769, 7.02316149, 3.87384089, 1.98159165,\n        1.11238924],\n       [2.93336975, 0.83464769, 7.02316149, 3.87384089, 1.98159165,\n        1.11238924],\n       [2.93336975, 0.83464769, 7.02316149, 3.87384089, 1.98159165,\n        1.11238924]]), array([0.07363486, 0.07363486, 0.07363486, 0.07363486, 0.07363486,\n       0.07363486, 0.07363486]))", "callback": [0.8235407163559625, 0.5786041784489391, 0.5184336596143729, 0.4996447160665416, 0.48655977788756466, 0.4362514156095326, 0.3186216416434363, 0.3095100101586945, 0.28331115920508676, 0.277305986719232, 0.26605096521804705, 0.23987449916358805, 0.1982744295286375, 0.1304786098813735, 0.12697863721884184, 0.12018404198364296, 0.11215446249544136, 0.09128906710588425, 0.08114712263045509, 0.07586109118821671, 0.0738874951231967, 0.07388504032909615, 0.07370461791535765, 0.07364618307386983, 0.07363768977399154, 0.07363528590998036, 0.07363500664621336, 0.07363488927968709, 0.07363486950650733, 0.07363486543558462, 0.07363486416581144, 0.07363486401014663, 0.07363486382569107, 0.0736348637571912, 0.07363486374399264, 0.07363486373895423, 0.07363486373827066, 0.07363486373751349, 0.07363486373751349, 0.07363486373743666, 0.07363486373742478, 0.07363486373742045, 0.07363486373741901, 0.07363486373741868, 0.07363486373741834, 0.07363486373741834, 0.07363486373741834, 0.07363486373741834]}}, "bfgs": {"type": "gradient", "0": {"maxiter": 100, "gtol": 1e-05, "xrtol": 1e-05, "eps": 1e-05, "duration": 0.07815098762512207, "fun": "0.07363486384536899", "jac": "[ 2.59459121e-07  7.56527063e-06 -3.68183262e-07 -3.39159811e-06\n -4.90039120e-06  5.69537750e-06]", "hess_inv": "[[  4.32485168  -0.23053696   2.73378241   1.21546938  -9.34883978\n   -6.6004714 ]\n [ -0.23053696   4.35352857  -0.05357055   2.95553898   1.77240613\n    0.31160638]\n [  2.73378241  -0.05357055   5.77015154   1.50900702 -12.28561418\n   -7.98361418]\n [  1.21546938   2.95553898   1.50900702   4.66961234  -4.7094408\n   -3.68556486]\n [ -9.34883978   1.77240613 -12.28561418  -4.7094408   38.49623312\n   24.07550471]\n [ -6.6004714    0.31160638  -7.98361418  -3.68556486  24.07550471\n   17.25957867]]", "nfev": "168", "njev": "24", "status": "0", "success": "True", "message": "Optimization terminated successfully.", "x": "[ 1.64594645 -1.12835002  4.33349303  3.49327642  2.75771921  0.08724198]", "nit": "21", "callback": [0.5599779614026208, 0.5173268113340758, 0.4389103013576907, 0.3402696083352119, 0.29798574712142634, 0.22279766311373983, 0.12280232846592964, 0.0987723593011588, 0.08592086683253852, 0.07929512171868813, 0.07702478947412184, 0.07639919902689163, 0.07531921073440451, 0.07389511607400956, 0.07366516115835564, 0.07364422284965777, 0.0736365489002977, 0.07363528096822547, 0.07363491050558069, 0.07363486715967726, 0.07363486384536899]}, "1": {"maxiter": 100, "gtol": 1e-05, "xrtol": 1e-05, "eps": 1e-10, "duration": 0.0761868953704834, "fun": "0.07363486382655737", "jac": "[-1.11022293e-06  5.55111466e-06  0.00000000e+00 -8.88178346e-06\n -6.66133760e-06  1.11022309e-06]", "hess_inv": "[[  4.45811135  -0.21979477   2.78446213   1.20562592  -9.53973774\n   -6.73401895]\n [ -0.21979477   4.43993662  -0.10370907   3.01671208   1.90015378\n    0.38185591]\n [  2.78446213  -0.10370907   5.6830518    1.35749531 -12.13958937\n   -7.87827157]\n [  1.20562592   3.01671208   1.35749531   4.64575715  -4.29976668\n   -3.44495458]\n [ -9.53973774   1.90015378 -12.13958937  -4.29976668  38.25017433\n   23.8858429 ]\n [ -6.73401895   0.38185591  -7.87827157  -3.44495458  23.8858429\n   17.12062185]]", "nfev": "168", "njev": "24", "status": "0", "success": "True", "message": "Optimization terminated successfully.", "x": "[ 1.64604085 -1.12836157  4.33352942  3.49331333  2.75772161  0.08732725]", "nit": "21", "callback": [0.5599784674840351, 0.5173161330826214, 0.4388816866117018, 0.34026336641692145, 0.29798048541696853, 0.22278801033854356, 0.12279175415814447, 0.09873409832048119, 0.08582816635945201, 0.07947268634907223, 0.07702759711121532, 0.07640212660919143, 0.07532253461168215, 0.07390038863387538, 0.07366901261893832, 0.07364526807132521, 0.07363672706650015, 0.07363533817272916, 0.07363490961561037, 0.07363486694238541, 0.07363486382655737]}, "2": {"maxiter": 100, "gtol": 1e-05, "xrtol": 1e-10, "eps": 1e-05, "duration": 0.07894301414489746, "fun": "0.07363486384536899", "jac": "[ 2.59459121e-07  7.56527063e-06 -3.68183262e-07 -3.39159811e-06\n -4.90039120e-06  5.69537750e-06]", "hess_inv": "[[  4.32485168  -0.23053696   2.73378241   1.21546938  -9.34883978\n   -6.6004714 ]\n [ -0.23053696   4.35352857  -0.05357055   2.95553898   1.77240613\n    0.31160638]\n [  2.73378241  -0.05357055   5.77015154   1.50900702 -12.28561418\n   -7.98361418]\n [  1.21546938   2.95553898   1.50900702   4.66961234  -4.7094408\n   -3.68556486]\n [ -9.34883978   1.77240613 -12.28561418  -4.7094408   38.49623312\n   24.07550471]\n [ -6.6004714    0.31160638  -7.98361418  -3.68556486  24.07550471\n   17.25957867]]", "nfev": "168", "njev": "24", "status": "0", "success": "True", "message": "Optimization terminated successfully.", "x": "[ 1.64594645 -1.12835002  4.33349303  3.49327642  2.75771921  0.08724198]", "nit": "21", "callback": [0.5599779614026208, 0.5173268113340758, 0.4389103013576907, 0.3402696083352119, 0.29798574712142634, 0.22279766311373983, 0.12280232846592964, 0.0987723593011588, 0.08592086683253852, 0.07929512171868813, 0.07702478947412184, 0.07639919902689163, 0.07531921073440451, 0.07389511607400956, 0.07366516115835564, 0.07364422284965777, 0.0736365489002977, 0.07363528096822547, 0.07363491050558069, 0.07363486715967726, 0.07363486384536899]}, "3": {"maxiter": 100, "gtol": 1e-05, "xrtol": 1e-10, "eps": 1e-10, "duration": 0.07954096794128418, "fun": "0.07363486382655737", "jac": "[-1.11022293e-06  5.55111466e-06  0.00000000e+00 -8.88178346e-06\n -6.66133760e-06  1.11022309e-06]", "hess_inv": "[[  4.45811135  -0.21979477   2.78446213   1.20562592  -9.53973774\n   -6.73401895]\n [ -0.21979477   4.43993662  -0.10370907   3.01671208   1.90015378\n    0.38185591]\n [  2.78446213  -0.10370907   5.6830518    1.35749531 -12.13958937\n   -7.87827157]\n [  1.20562592   3.01671208   1.35749531   4.64575715  -4.29976668\n   -3.44495458]\n [ -9.53973774   1.90015378 -12.13958937  -4.29976668  38.25017433\n   23.8858429 ]\n [ -6.73401895   0.38185591  -7.87827157  -3.44495458  23.8858429\n   17.12062185]]", "nfev": "168", "njev": "24", "status": "0", "success": "True", "message": "Optimization terminated successfully.", "x": "[ 1.64604085 -1.12836157  4.33352942  3.49331333  2.75772161  0.08732725]", "nit": "21", "callback": [0.5599784674840351, 0.5173161330826214, 0.4388816866117018, 0.34026336641692145, 0.29798048541696853, 0.22278801033854356, 0.12279175415814447, 0.09873409832048119, 0.08582816635945201, 0.07947268634907223, 0.07702759711121532, 0.07640212660919143, 0.07532253461168215, 0.07390038863387538, 0.07366901261893832, 0.07364526807132521, 0.07363672706650015, 0.07363533817272916, 0.07363490961561037, 0.07363486694238541, 0.07363486382655737]}, "4": {"maxiter": 100, "gtol": 1e-10, "xrtol": 1e-05, "eps": 1e-05, "duration": 0.08489704132080078, "fun": "0.07363486379212225", "jac": "[ 1.79952719e-06 -5.38880052e-07 -6.22990548e-07  5.92081939e-07\n -3.67950115e-07  9.58755297e-07]", "hess_inv": "[[  4.33085006  -0.22887853   2.74779538   1.17401923  -9.37234624\n   -6.58528303]\n [ -0.22887853   4.08082196  -0.0859237    2.4892717    1.95130924\n    0.49191091]\n [  2.74779538  -0.0859237    5.79808308   1.35185722 -12.31594003\n   -7.92477695]\n [  1.17401923   2.4892717    1.35185722   4.1988097   -4.23831982\n   -3.49731299]\n [ -9.37234624   1.95130924 -12.31594003  -4.23831982  38.46251451\n   23.89645857]\n [ -6.58528303   0.49191091  -7.92477695  -3.49731299  23.89645857\n   17.18450458]]", "nfev": "175", "njev": "25", "status": "0", "success": "True", "message": "Optimization terminated successfully.", "x": "[ 1.64594363 -1.12836566  4.33348446  3.49327117  2.75774035  0.08724441]", "nit": "22", "callback": [0.5599779614026208, 0.5173268113340758, 0.4389103013576907, 0.3402696083352119, 0.29798574712142634, 0.22279766311373983, 0.12280232846592964, 0.0987723593011588, 0.08592086683253852, 0.07929512171868813, 0.07702478947412184, 0.07639919902689163, 0.07531921073440451, 0.07389511607400956, 0.07366516115835564, 0.07364422284965777, 0.0736365489002977, 0.07363528096822547, 0.07363491050558069, 0.07363486715967726, 0.07363486384536899, 0.07363486379212225]}, "5": {"maxiter": 100, "gtol": 1e-10, "xrtol": 1e-05, "eps": 1e-10, "duration": 0.08949398994445801, "fun": "0.0736348638093165", "jac": "[-1.11022293e-06  6.66133760e-06 -1.11022293e-06 -2.22044587e-06\n -2.22044587e-06  2.22044617e-06]", "hess_inv": "[[  4.34051219   0.76452456   2.74366565   1.52973324  -9.22000585\n   -6.53118323]\n [  0.76452456   3.04330536   1.41112249   1.72134352  -2.37817612\n   -1.77364065]\n [  2.74366565   1.41112249   5.80042197   1.97796305 -12.23321324\n   -7.95782984]\n [  1.52973324   1.72134352   1.97796305   3.03885919  -5.77975477\n   -3.82725299]\n [ -9.22000585  -2.37817612 -12.23321324  -5.77975477  37.68530619\n   23.51349895]\n [ -6.53118323  -1.77364065  -7.95782984  -3.82725299  23.51349895\n   16.72818605]]", "nfev": "196", "njev": "28", "status": "0", "success": "True", "message": "Optimization terminated successfully.", "x": "[ 1.64602554 -1.12835362  4.33350599  3.49332115  2.75778886  0.08736425]", "nit": "23", "callback": [0.5599784674840351, 0.5173161330826214, 0.4388816866117018, 0.34026336641692145, 0.29798048541696853, 0.22278801033854356, 0.12279175415814447, 0.09873409832048119, 0.08582816635945201, 0.07947268634907223, 0.07702759711121532, 0.07640212660919143, 0.07532253461168215, 0.07390038863387538, 0.07366901261893832, 0.07364526807132521, 0.07363672706650015, 0.07363533817272916, 0.07363490961561037, 0.07363486694238541, 0.07363486382655737, 0.07363486381058926, 0.0736348638093165]}, "6": {"maxiter": 100, "gtol": 1e-10, "xrtol": 1e-10, "eps": 1e-05, "duration": 0.21845507621765137, "fun": "0.07363486378064721", "jac": "[ 6.62703226e-07 -8.58491056e-07  1.77542425e-06  1.00670583e-06\n  2.91322522e-07  1.09038334e-06]", "hess_inv": "[[ 14.03693111  -1.94255022   4.3909397    4.79382167 -14.18851374\n   -1.3197405 ]\n [ -1.94255022   4.33739863  -0.42190464   1.80013034   2.72539983\n   -0.60018631]\n [  4.3909397   -0.42190464   5.65005164   1.83208457 -13.58867215\n   -7.81640312]\n [  4.79382167   1.80013034   1.83208457   5.45075201  -6.2850445\n   -1.95079276]\n [-14.18851374   2.72539983 -13.58867215  -6.2850445   40.06319499\n   20.04271082]\n [ -1.3197405   -0.60018631  -7.81640312  -1.95079276  20.04271082\n   18.01882242]]", "nfev": "479", "njev": "67", "status": "2", "success": "False", "message": "Desired error not necessarily achieved due to precision loss.", "x": "[ 1.64593408 -1.12836414  4.33348504  3.49326843  2.75774879  0.0872445 ]", "nit": "24", "callback": [0.5599779614026208, 0.5173268113340758, 0.4389103013576907, 0.3402696083352119, 0.29798574712142634, 0.22279766311373983, 0.12280232846592964, 0.0987723593011588, 0.08592086683253852, 0.07929512171868813, 0.07702478947412184, 0.07639919902689163, 0.07531921073440451, 0.07389511607400956, 0.07366516115835564, 0.07364422284965777, 0.0736365489002977, 0.07363528096822547, 0.07363491050558069, 0.07363486715967726, 0.07363486384536899, 0.07363486379212225, 0.07363486378287576, 0.07363486378064721]}, "7": {"maxiter": 100, "gtol": 1e-10, "xrtol": 1e-10, "eps": 1e-10, "duration": 0.19326066970825195, "fun": "0.0736348637542118", "jac": "[ 0.00000000e+00 -1.11022293e-06  2.22044587e-06 -1.11022293e-06\n  4.44089173e-06  1.11022309e-06]", "hess_inv": "[[ 3.6028395   2.80881803  2.43816066 -2.20189634 -0.18522124 -3.94064883]\n [ 2.80881803  2.23224318  1.8590606  -1.75741167 -0.15775123 -3.07098573]\n [ 2.43816066  1.8590606   1.7066095  -1.43869786 -0.10328439 -2.67919155]\n [-2.20189634 -1.75741167 -1.43869786  1.40898945  0.1379084   2.39699855]\n [-0.18522124 -0.15775123 -0.10328439  0.1379084   0.02074596  0.19506434]\n [-3.94064883 -3.07098573 -2.67919155  2.39699855  0.19506434  4.3195645 ]]", "nfev": "406", "njev": "58", "status": "0", "success": "True", "message": "Optimization terminated successfully.", "x": "[ 1.64603034 -1.12837762  4.33351843  3.4933109   2.75776843  0.08735745]", "nit": "34", "callback": [0.5599784674840351, 0.5173161330826214, 0.4388816866117018, 0.34026336641692145, 0.29798048541696853, 0.22278801033854356, 0.12279175415814447, 0.09873409832048119, 0.08582816635945201, 0.07947268634907223, 0.07702759711121532, 0.07640212660919143, 0.07532253461168215, 0.07390038863387538, 0.07366901261893832, 0.07364526807132521, 0.07363672706650015, 0.07363533817272916, 0.07363490961561037, 0.07363486694238541, 0.07363486382655737, 0.07363486381058926, 0.0736348638093165, 0.07363486379997153, 0.07363486378678374, 0.07363486376610873, 0.07363486375448525, 0.07363486375444217, 0.07363486375440464, 0.0736348637543609, 0.07363486375430428, 0.07363486375421202, 0.07363486375421191, 0.0736348637542118]}, "8": {"maxiter": 500, "gtol": 1e-05, "xrtol": 1e-05, "eps": 1e-05, "duration": 0.08411884307861328, "fun": "0.07363486384536899", "jac": "[ 2.59459121e-07  7.56527063e-06 -3.68183262e-07 -3.39159811e-06\n -4.90039120e-06  5.69537750e-06]", "hess_inv": "[[  4.32485168  -0.23053696   2.73378241   1.21546938  -9.34883978\n   -6.6004714 ]\n [ -0.23053696   4.35352857  -0.05357055   2.95553898   1.77240613\n    0.31160638]\n [  2.73378241  -0.05357055   5.77015154   1.50900702 -12.28561418\n   -7.98361418]\n [  1.21546938   2.95553898   1.50900702   4.66961234  -4.7094408\n   -3.68556486]\n [ -9.34883978   1.77240613 -12.28561418  -4.7094408   38.49623312\n   24.07550471]\n [ -6.6004714    0.31160638  -7.98361418  -3.68556486  24.07550471\n   17.25957867]]", "nfev": "168", "njev": "24", "status": "0", "success": "True", "message": "Optimization terminated successfully.", "x": "[ 1.64594645 -1.12835002  4.33349303  3.49327642  2.75771921  0.08724198]", "nit": "21", "callback": [0.5599779614026208, 0.5173268113340758, 0.4389103013576907, 0.3402696083352119, 0.29798574712142634, 0.22279766311373983, 0.12280232846592964, 0.0987723593011588, 0.08592086683253852, 0.07929512171868813, 0.07702478947412184, 0.07639919902689163, 0.07531921073440451, 0.07389511607400956, 0.07366516115835564, 0.07364422284965777, 0.0736365489002977, 0.07363528096822547, 0.07363491050558069, 0.07363486715967726, 0.07363486384536899]}, "9": {"maxiter": 500, "gtol": 1e-05, "xrtol": 1e-05, "eps": 1e-10, "duration": 0.07398200035095215, "fun": "0.07363486382655737", "jac": "[-1.11022293e-06  5.55111466e-06  0.00000000e+00 -8.88178346e-06\n -6.66133760e-06  1.11022309e-06]", "hess_inv": "[[  4.45811135  -0.21979477   2.78446213   1.20562592  -9.53973774\n   -6.73401895]\n [ -0.21979477   4.43993662  -0.10370907   3.01671208   1.90015378\n    0.38185591]\n [  2.78446213  -0.10370907   5.6830518    1.35749531 -12.13958937\n   -7.87827157]\n [  1.20562592   3.01671208   1.35749531   4.64575715  -4.29976668\n   -3.44495458]\n [ -9.53973774   1.90015378 -12.13958937  -4.29976668  38.25017433\n   23.8858429 ]\n [ -6.73401895   0.38185591  -7.87827157  -3.44495458  23.8858429\n   17.12062185]]", "nfev": "168", "njev": "24", "status": "0", "success": "True", "message": "Optimization terminated successfully.", "x": "[ 1.64604085 -1.12836157  4.33352942  3.49331333  2.75772161  0.08732725]", "nit": "21", "callback": [0.5599784674840351, 0.5173161330826214, 0.4388816866117018, 0.34026336641692145, 0.29798048541696853, 0.22278801033854356, 0.12279175415814447, 0.09873409832048119, 0.08582816635945201, 0.07947268634907223, 0.07702759711121532, 0.07640212660919143, 0.07532253461168215, 0.07390038863387538, 0.07366901261893832, 0.07364526807132521, 0.07363672706650015, 0.07363533817272916, 0.07363490961561037, 0.07363486694238541, 0.07363486382655737]}, "10": {"maxiter": 500, "gtol": 1e-05, "xrtol": 1e-10, "eps": 1e-05, "duration": 0.07438087463378906, "fun": "0.07363486384536899", "jac": "[ 2.59459121e-07  7.56527063e-06 -3.68183262e-07 -3.39159811e-06\n -4.90039120e-06  5.69537750e-06]", "hess_inv": "[[  4.32485168  -0.23053696   2.73378241   1.21546938  -9.34883978\n   -6.6004714 ]\n [ -0.23053696   4.35352857  -0.05357055   2.95553898   1.77240613\n    0.31160638]\n [  2.73378241  -0.05357055   5.77015154   1.50900702 -12.28561418\n   -7.98361418]\n [  1.21546938   2.95553898   1.50900702   4.66961234  -4.7094408\n   -3.68556486]\n [ -9.34883978   1.77240613 -12.28561418  -4.7094408   38.49623312\n   24.07550471]\n [ -6.6004714    0.31160638  -7.98361418  -3.68556486  24.07550471\n   17.25957867]]", "nfev": "168", "njev": "24", "status": "0", "success": "True", "message": "Optimization terminated successfully.", "x": "[ 1.64594645 -1.12835002  4.33349303  3.49327642  2.75771921  0.08724198]", "nit": "21", "callback": [0.5599779614026208, 0.5173268113340758, 0.4389103013576907, 0.3402696083352119, 0.29798574712142634, 0.22279766311373983, 0.12280232846592964, 0.0987723593011588, 0.08592086683253852, 0.07929512171868813, 0.07702478947412184, 0.07639919902689163, 0.07531921073440451, 0.07389511607400956, 0.07366516115835564, 0.07364422284965777, 0.0736365489002977, 0.07363528096822547, 0.07363491050558069, 0.07363486715967726, 0.07363486384536899]}, "11": {"maxiter": 500, "gtol": 1e-05, "xrtol": 1e-10, "eps": 1e-10, "duration": 0.076568603515625, "fun": "0.07363486382655737", "jac": "[-1.11022293e-06  5.55111466e-06  0.00000000e+00 -8.88178346e-06\n -6.66133760e-06  1.11022309e-06]", "hess_inv": "[[  4.45811135  -0.21979477   2.78446213   1.20562592  -9.53973774\n   -6.73401895]\n [ -0.21979477   4.43993662  -0.10370907   3.01671208   1.90015378\n    0.38185591]\n [  2.78446213  -0.10370907   5.6830518    1.35749531 -12.13958937\n   -7.87827157]\n [  1.20562592   3.01671208   1.35749531   4.64575715  -4.29976668\n   -3.44495458]\n [ -9.53973774   1.90015378 -12.13958937  -4.29976668  38.25017433\n   23.8858429 ]\n [ -6.73401895   0.38185591  -7.87827157  -3.44495458  23.8858429\n   17.12062185]]", "nfev": "168", "njev": "24", "status": "0", "success": "True", "message": "Optimization terminated successfully.", "x": "[ 1.64604085 -1.12836157  4.33352942  3.49331333  2.75772161  0.08732725]", "nit": "21", "callback": [0.5599784674840351, 0.5173161330826214, 0.4388816866117018, 0.34026336641692145, 0.29798048541696853, 0.22278801033854356, 0.12279175415814447, 0.09873409832048119, 0.08582816635945201, 0.07947268634907223, 0.07702759711121532, 0.07640212660919143, 0.07532253461168215, 0.07390038863387538, 0.07366901261893832, 0.07364526807132521, 0.07363672706650015, 0.07363533817272916, 0.07363490961561037, 0.07363486694238541, 0.07363486382655737]}, "12": {"maxiter": 500, "gtol": 1e-10, "xrtol": 1e-05, "eps": 1e-05, "duration": 0.08292984962463379, "fun": "0.07363486379212225", "jac": "[ 1.79952719e-06 -5.38880052e-07 -6.22990548e-07  5.92081939e-07\n -3.67950115e-07  9.58755297e-07]", "hess_inv": "[[  4.33085006  -0.22887853   2.74779538   1.17401923  -9.37234624\n   -6.58528303]\n [ -0.22887853   4.08082196  -0.0859237    2.4892717    1.95130924\n    0.49191091]\n [  2.74779538  -0.0859237    5.79808308   1.35185722 -12.31594003\n   -7.92477695]\n [  1.17401923   2.4892717    1.35185722   4.1988097   -4.23831982\n   -3.49731299]\n [ -9.37234624   1.95130924 -12.31594003  -4.23831982  38.46251451\n   23.89645857]\n [ -6.58528303   0.49191091  -7.92477695  -3.49731299