{"date": "2024/10/08/, 20:55:23", "conf_id": 29, "data_type": "random\n", "num_data_points": 2, "s_rank": 0, "unitary": "[[-0.24866696+0.58742286j,-0.44704345-0.43151574j,-0.35669027-0.20570733j,-0.10517633+0.1626036j],[0.10596805-0.19687975j,-0.30269685-0.15056416j,0.18246286+0.30440582j,-0.83484447-0.11310748j],[0.26054512-0.52548482j,0.0285017-0.50723956j,-0.43110112+0.17165838j,0.15243271+0.39915801j],[0.42978035+0.11991271j,-0.17224126-0.46030424j,0.6827807-0.15164662j,0.26483638+0.0061855j]]", "databatch_0": {"databatch": "[[[0.06621507-0.17891075j,0.01002237-0.02748951j,0.04498151-0.00305015j,-0.01166769-0.0968063j],[-0.2486384+0.67273031j,-0.01033233+0.1390138j,-0.1499171-0.02749768j,0.06387079+0.40707889j],[0.17861093+0.18060205j,-0.00914861+0.07266497j,0.03328978+0.06841132j,0.07501052+0.0783763j],[-0.02078083+0.16423466j,-0.05826693-0.17434476j,-0.18683896+0.14523209j,0.01853125-0.13923474j]],[[-0.07384579-0.03203949j,-0.24369597+0.0961282j,0.30072282+0.2981178j,0.04047496+0.09338703j],[-0.07108637+0.09320717j,-0.05219237+0.27686544j,0.38808347-0.09640143j,-0.04054691-0.0512136j],[0.03481192-0.01037106j,-0.08688432-0.06527719j,-0.0632813+0.22358243j,-0.16161798+0.13110296j],[-0.0533935+0.01801996j,-0.02305813+0.27301546j,0.46598273-0.13455987j,0.21048993+0.09852648j]]]", "initial param values": "[1.25580086,4.0453993,0.52997719,1.96790948,3.47959306,1.60011837]", "nelder_mead": {"type": "gradient-free", "0": {"maxiter": 100, "fatol": 1e-05, "xatol": 1e-05, "duration": 0.05904579162597656, "fun": "0.2899251495012052", "nit": "100", "nfev": "157", "status": "2", "success": "False", "message": "Maximum number of iterations has been exceeded.", "x": "[0.66013049 5.65331626 0.51604995 4.31627903 1.52914073 1.51831117]", "final_simplex": "(array([[0.66013049, 5.65331626, 0.51604995, 4.31627903, 1.52914073,\n        1.51831117],\n       [0.60003844, 5.60310508, 0.52542349, 4.36314029, 1.46875529,\n        1.5698896 ],\n       [0.61401014, 5.63633223, 0.52291986, 4.3361846 , 1.46169096,\n        1.5606004 ],\n       [0.5997649 , 5.60369892, 0.52684861, 4.32138812, 1.48989139,\n        1.56361024],\n       [0.64923706, 5.66131477, 0.51271575, 4.37613069, 1.51159747,\n        1.50387118],\n       [0.62590706, 5.6093871 , 0.52409488, 4.37431542, 1.44543008,\n        1.55062275],\n       [0.60610128, 5.65052251, 0.51968995, 4.39540987, 1.50465113,\n        1.52903479]]), array([0.28992515, 0.29023731, 0.2902953 , 0.29040103, 0.29052866,\n       0.2907196 , 0.29078293]))", "callback": [0.7659785421445189, 0.6507167197003563, 0.6435642477301224, 0.6132504993023881, 0.5987101987389214, 0.4854595566606884, 0.32478347642708205, 0.2969644835956482, 0.29627974916895417, 0.2899251495012052]}, "1": {"maxiter": 100, "fatol": 1e-05, "xatol": 1e-10, "duration": 0.058624982833862305, "fun": "0.2899251495012052", "nit": "100", "nfev": "157", "status": "2", "success": "False", "message": "Maximum number of iterations has been exceeded.", "x": "[0.66013049 5.65331626 0.51604995 4.31627903 1.52914073 1.51831117]", "final_simplex": "(array([[0.66013049, 5.65331626, 0.51604995, 4.31627903, 1.52914073,\n        1.51831117],\n       [0.60003844, 5.60310508, 0.52542349, 4.36314029, 1.46875529,\n        1.5698896 ],\n       [0.61401014, 5.63633223, 0.52291986, 4.3361846 , 1.46169096,\n        1.5606004 ],\n       [0.5997649 , 5.60369892, 0.52684861, 4.32138812, 1.48989139,\n        1.56361024],\n       [0.64923706, 5.66131477, 0.51271575, 4.37613069, 1.51159747,\n        1.50387118],\n       [0.62590706, 5.6093871 , 0.52409488, 4.37431542, 1.44543008,\n        1.55062275],\n       [0.60610128, 5.65052251, 0.51968995, 4.39540987, 1.50465113,\n        1.52903479]]), array([0.28992515, 0.29023731, 0.2902953 , 0.29040103, 0.29052866,\n       0.2907196 , 0.29078293]))", "callback": [0.7659785421445189, 0.6507167197003563, 0.6435642477301224, 0.6132504993023881, 0.5987101987389214, 0.4854595566606884, 0.32478347642708205, 0.2969644835956482, 0.29627974916895417, 0.2899251495012052]}, "2": {"maxiter": 100, "fatol": 1e-10, "xatol": 1e-05, "duration": 0.04417991638183594, "fun": "0.2899251495012052", "nit": "100", "nfev": "157", "status": "2", "success": "False", "message": "Maximum number of iterations has been exceeded.", "x": "[0.66013049 5.65331626 0.51604995 4.31627903 1.52914073 1.51831117]", "final_simplex": "(array([[0.66013049, 5.65331626, 0.51604995, 4.31627903, 1.52914073,\n        1.51831117],\n       [0.60003844, 5.60310508, 0.52542349, 4.36314029, 1.46875529,\n        1.5698896 ],\n       [0.61401014, 5.63633223, 0.52291986, 4.3361846 , 1.46169096,\n        1.5606004 ],\n       [0.5997649 , 5.60369892, 0.52684861, 4.32138812, 1.48989139,\n        1.56361024],\n       [0.64923706, 5.66131477, 0.51271575, 4.37613069, 1.51159747,\n        1.50387118],\n       [0.62590706, 5.6093871 , 0.52409488, 4.37431542, 1.44543008,\n        1.55062275],\n       [0.60610128, 5.65052251, 0.51968995, 4.39540987, 1.50465113,\n        1.52903479]]), array([0.28992515, 0.29023731, 0.2902953 , 0.29040103, 0.29052866,\n       0.2907196 , 0.29078293]))", "callback": [0.7659785421445189, 0.6507167197003563, 0.6435642477301224, 0.6132504993023881, 0.5987101987389214, 0.4854595566606884, 0.32478347642708205, 0.2969644835956482, 0.29627974916895417, 0.2899251495012052]}, "3": {"maxiter": 100, "fatol": 1e-10, "xatol": 1e-10, "duration": 0.04988503456115723, "fun": "0.2899251495012052", "nit": "100", "nfev": "157", "status": "2", "success": "False", "message": "Maximum number of iterations has been exceeded.", "x": "[0.66013049 5.65331626 0.51604995 4.31627903 1.52914073 1.51831117]", "final_simplex": "(array([[0.66013049, 5.65331626, 0.51604995, 4.31627903, 1.52914073,\n        1.51831117],\n       [0.60003844, 5.60310508, 0.52542349, 4.36314029, 1.46875529,\n        1.5698896 ],\n       [0.61401014, 5.63633223, 0.52291986, 4.3361846 , 1.46169096,\n        1.5606004 ],\n       [0.5997649 , 5.60369892, 0.52684861, 4.32138812, 1.48989139,\n        1.56361024],\n       [0.64923706, 5.66131477, 0.51271575, 4.37613069, 1.51159747,\n        1.50387118],\n       [0.62590706, 5.6093871 , 0.52409488, 4.37431542, 1.44543008,\n        1.55062275],\n       [0.60610128, 5.65052251, 0.51968995, 4.39540987, 1.50465113,\n        1.52903479]]), array([0.28992515, 0.29023731, 0.2902953 , 0.29040103, 0.29052866,\n       0.2907196 , 0.29078293]))", "callback": [0.7659785421445189, 0.6507167197003563, 0.6435642477301224, 0.6132504993023881, 0.5987101987389214, 0.4854595566606884, 0.32478347642708205, 0.2969644835956482, 0.29627974916895417, 0.2899251495012052]}, "4": {"maxiter": 500, "fatol": 1e-05, "xatol": 1e-05, "duration": 0.18549823760986328, "fun": "0.266349969335572", "nit": "397", "nfev": "633", "status": "0", "success": "True", "message": "Optimization terminated successfully.", "x": "[0.88285488 5.26865453 0.96046846 4.36090719 1.64266171 1.81396186]", "final_simplex": "(array([[0.88285488, 5.26865453, 0.96046846, 4.36090719, 1.64266171,\n        1.81396186],\n       [0.88285631, 5.26865504, 0.96046566, 4.36090667, 1.64266528,\n        1.81396902],\n       [0.88285518, 5.26864658, 0.96046959, 4.36090383, 1.6426661 ,\n        1.81396272],\n       [0.88285507, 5.26865625, 0.96046921, 4.36091483, 1.64266635,\n        1.81396779],\n       [0.88285259, 5.26864811, 0.96047457, 4.36090492, 1.64266814,\n        1.81396736],\n       [0.88285824, 5.26865496, 0.9604734 , 4.36091353, 1.64266386,\n        1.8139655 ],\n       [0.88285393, 5.26864616, 0.96046792, 4.36090999, 1.64266102,\n        1.81397069]]), array([0.26634997, 0.26634997, 0.26634997, 0.26634997, 0.26634997,\n       0.26634997, 0.26634997]))", "callback": [0.7659785421445189, 0.6507167197003563, 0.6435642477301224, 0.6132504993023881, 0.5987101987389214, 0.4854595566606884, 0.32478347642708205, 0.2969644835956482, 0.29627974916895417, 0.2899251495012052, 0.2899251495012052, 0.2886648241940696, 0.2862636006021828, 0.2818576963185271, 0.27786901621735016, 0.2764349686764045, 0.2751649397788769, 0.27503945405072183, 0.274997895715683, 0.27485230049317033, 0.27441468222620913, 0.27414583400795645, 0.273635866184763, 0.27160145993157214, 0.27046046583797567, 0.2685844120897527, 0.26758774271863284, 0.26682059923427515, 0.2665824484864674, 0.26637720627589845, 0.26635538915581536, 0.2663512411116207, 0.26635024147533737, 0.2663500101045335, 0.26634999532146864, 0.26634997559783824, 0.2663499716181984, 0.2663499697358077, 0.2663499693950765, 0.26634996933862265]}, "5": {"maxiter": 500, "fatol": 1e-05, "xatol": 1e-10, "duration": 0.26202392578125, "fun": "0.266349969330669", "nit": "500", "nfev": "832", "status": "2", "success": "False", "message": "Maximum number of iterations has been exceeded.", "x": "[0.88285723 5.26865315 0.96046709 4.36090996 1.64266648 1.8139653 ]", "final_simplex": "(array([[0.88285723, 5.26865315, 0.96046709, 4.36090996, 1.64266648,\n        1.8139653 ],\n       [0.88285724, 5.26865315, 0.96046709, 4.36090996, 1.64266648,\n        1.8139653 ],\n       [0.88285724, 5.26865315, 0.96046709, 4.36090996, 1.64266648,\n        1.8139653 ],\n       [0.88285724, 5.26865315, 0.96046709, 4.36090996, 1.64266648,\n        1.8139653 ],\n       [0.88285724, 5.26865315, 0.96046709, 4.36090996, 1.64266648,\n        1.8139653 ],\n       [0.88285724, 5.26865315, 0.96046709, 4.36090996, 1.64266648,\n        1.8139653 ],\n       [0.88285723, 5.26865315, 0.96046709, 4.36090996, 1.64266648,\n        1.8139653 ]]), array([0.26634997, 0.26634997, 0.26634997, 0.26634997, 0.26634997,\n       0.26634997, 0.26634997]))", "callback": [0.7659785421445189, 0.6507167197003563, 0.6435642477301224, 0.6132504993023881, 0.5987101987389214, 0.4854595566606884, 0.32478347642708205, 0.2969644835956482, 0.29627974916895417, 0.2899251495012052, 0.2899251495012052, 0.2886648241940696, 0.2862636006021828, 0.2818576963185271, 0.27786901621735016, 0.2764349686764045, 0.2751649397788769, 0.27503945405072183, 0.274997895715683, 0.27485230049317033, 0.27441468222620913, 0.27414583400795645, 0.273635866184763, 0.27160145993157214, 0.27046046583797567, 0.2685844120897527, 0.26758774271863284, 0.26682059923427515, 0.2665824484864674, 0.26637720627589845, 0.26635538915581536, 0.2663512411116207, 0.26635024147533737, 0.2663500101045335, 0.26634999532146864, 0.26634997559783824, 0.2663499716181984, 0.2663499697358077, 0.2663499693950765, 0.26634996933862265, 0.2663499693327087, 0.26634996933124777, 0.2663499693308182, 0.26634996933069177, 0.26634996933067534, 0.2663499693306701, 0.2663499693306699, 0.26634996933066934, 0.26634996933066923, 0.266349969330669]}, "6": {"maxiter": 500, "fatol": 1e-10, "xatol": 1e-05, "duration": 0.22005701065063477, "fun": "0.266349969335572", "nit": "397", "nfev": "633", "status": "0", "success": "True", "message": "Optimization terminated successfully.", "x": "[0.88285488 5.26865453 0.96046846 4.36090719 1.64266171 1.81396186]", "final_simplex": "(array([[0.88285488, 5.26865453, 0.96046846, 4.36090719, 1.64266171,\n        1.81396186],\n       [0.88285631, 5.26865504, 0.96046566, 4.36090667, 1.64266528,\n        1.81396902],\n       [0.88285518, 5.26864658, 0.96046959, 4.36090383, 1.6426661 ,\n        1.81396272],\n       [0.88285507, 5.26865625, 0.96046921, 4.36091483, 1.64266635,\n        1.81396779],\n       [0.88285259, 5.26864811, 0.96047457, 4.36090492, 1.64266814,\n        1.81396736],\n       [0.88285824, 5.26865496, 0.9604734 , 4.36091353, 1.64266386,\n        1.8139655 ],\n       [0.88285393, 5.26864616, 0.96046792, 4.36090999, 1.64266102,\n        1.81397069]]), array([0.26634997, 0.26634997, 0.26634997, 0.26634997, 0.26634997,\n       0.26634997, 0.26634997]))", "callback": [0.7659785421445189, 0.6507167197003563, 0.6435642477301224, 0.6132504993023881, 0.5987101987389214, 0.4854595566606884, 0.32478347642708205, 0.2969644835956482, 0.29627974916895417, 0.2899251495012052, 0.2899251495012052, 0.2886648241940696, 0.2862636006021828, 0.2818576963185271, 0.27786901621735016, 0.2764349686764045, 0.2751649397788769, 0.27503945405072183, 0.274997895715683, 0.27485230049317033, 0.27441468222620913, 0.27414583400795645, 0.273635866184763, 0.27160145993157214, 0.27046046583797567, 0.2685844120897527, 0.26758774271863284, 0.26682059923427515, 0.2665824484864674, 0.26637720627589845, 0.26635538915581536, 0.2663512411116207, 0.26635024147533737, 0.2663500101045335, 0.26634999532146864, 0.26634997559783824, 0.2663499716181984, 0.2663499697358077, 0.2663499693950765, 0.26634996933862265]}, "7": {"maxiter": 500, "fatol": 1e-10, "xatol": 1e-10, "duration": 0.2652549743652344, "fun": "0.266349969330669", "nit": "500", "nfev": "832", "status": "2", "success": "False", "message": "Maximum number of iterations has been exceeded.", "x": "[0.88285723 5.26865315 0.96046709 4.36090996 1.64266648 1.8139653 ]", "final_simplex": "(array([[0.88285723, 5.26865315, 0.96046709, 4.36090996, 1.64266648,\n        1.8139653 ],\n       [0.88285724, 5.26865315, 0.96046709, 4.36090996, 1.64266648,\n        1.8139653 ],\n       [0.88285724, 5.26865315, 0.96046709, 4.36090996, 1.64266648,\n        1.8139653 ],\n       [0.88285724, 5.26865315, 0.96046709, 4.36090996, 1.64266648,\n        1.8139653 ],\n       [0.88285724, 5.26865315, 0.96046709, 4.36090996, 1.64266648,\n        1.8139653 ],\n       [0.88285724, 5.26865315, 0.96046709, 4.36090996, 1.64266648,\n        1.8139653 ],\n       [0.88285723, 5.26865315, 0.96046709, 4.36090996, 1.64266648,\n        1.8139653 ]]), array([0.26634997, 0.26634997, 0.26634997, 0.26634997, 0.26634997,\n       0.26634997, 0.26634997]))", "callback": [0.7659785421445189, 0.6507167197003563, 0.6435642477301224, 0.6132504993023881, 0.5987101987389214, 0.4854595566606884, 0.32478347642708205, 0.2969644835956482, 0.29627974916895417, 0.2899251495012052, 0.2899251495012052, 0.2886648241940696, 0.2862636006021828, 0.2818576963185271, 0.27786901621735016, 0.2764349686764045, 0.2751649397788769, 0.27503945405072183, 0.274997895715683, 0.27485230049317033, 0.27441468222620913, 0.27414583400795645, 0.273635866184763, 0.27160145993157214, 0.27046046583797567, 0.2685844120897527, 0.26758774271863284, 0.26682059923427515, 0.2665824484864674, 0.26637720627589845, 0.26635538915581536, 0.2663512411116207, 0.26635024147533737, 0.2663500101045335, 0.26634999532146864, 0.26634997559783824, 0.2663499716181984, 0.2663499697358077, 0.2663499693950765, 0.26634996933862265, 0.2663499693327087, 0.26634996933124777, 0.2663499693308182, 0.26634996933069177, 0.26634996933067534, 0.2663499693306701, 0.2663499693306699, 0.26634996933066934, 0.26634996933066923, 0.266349969330669]}, "8": {"maxiter": 1000, "fatol": 1e-05, "xatol": 1e-05, "duration": 0.2221989631652832, "fun": "0.266349969335572", "nit": "397", "nfev": "633", "status": "0", "success": "True", "message": "Optimization terminated successfully.", "x": "[0.88285488 5.26865453 0.96046846 4.36090719 1.64266171 1.81396186]", "final_simplex": "(array([[0.88285488, 5.26865453, 0.96046846, 4.36090719, 1.64266171,\n        1.81396186],\n       [0.88285631, 5.26865504, 0.96046566, 4.36090667, 1.64266528,\n        1.81396902],\n       [0.88285518, 5.26864658, 0.96046959, 4.36090383, 1.6426661 ,\n        1.81396272],\n       [0.88285507, 5.26865625, 0.96046921, 4.36091483, 1.64266635,\n        1.81396779],\n       [0.88285259, 5.26864811, 0.96047457, 4.36090492, 1.64266814,\n        1.81396736],\n       [0.88285824, 5.26865496, 0.9604734 , 4.36091353, 1.64266386,\n        1.8139655 ],\n       [0.88285393, 5.26864616, 0.96046792, 4.36090999, 1.64266102,\n        1.81397069]]), array([0.26634997, 0.26634997, 0.26634997, 0.26634997, 0.26634997,\n       0.26634997, 0.26634997]))", "callback": [0.7659785421445189, 0.6507167197003563, 0.6435642477301224, 0.6132504993023881, 0.5987101987389214, 0.4854595566606884, 0.32478347642708205, 0.2969644835956482, 0.29627974916895417, 0.2899251495012052, 0.2899251495012052, 0.2886648241940696, 0.2862636006021828, 0.2818576963185271, 0.27786901621735016, 0.2764349686764045, 0.2751649397788769, 0.27503945405072183, 0.274997895715683, 0.27485230049317033, 0.27441468222620913, 0.27414583400795645, 0.273635866184763, 0.27160145993157214, 0.27046046583797567, 0.2685844120897527, 0.26758774271863284, 0.26682059923427515, 0.2665824484864674, 0.26637720627589845, 0.26635538915581536, 0.2663512411116207, 0.26635024147533737, 0.2663500101045335, 0.26634999532146864, 0.26634997559783824, 0.2663499716181984, 0.2663499697358077, 0.2663499693950765, 0.26634996933862265]}, "9": {"maxiter": 1000, "fatol": 1e-05, "xatol": 1e-10, "duration": 0.27350711822509766, "fun": "0.266349969330669", "nit": "511", "nfev": "874", "status": "0", "success": "True", "message": "Optimization terminated successfully.", "x": "[0.88285723 5.26865315 0.96046709 4.36090996 1.64266648 1.8139653 ]", "final_simplex": "(array([[0.88285723, 5.26865315, 0.96046709, 4.36090996, 1.64266648,\n        1.8139653 ],\n       [0.88285724, 5.26865315, 0.96046709, 4.36090996, 1.64266648,\n        1.8139653 ],\n       [0.88285724, 5.26865315, 0.96046709, 4.36090996, 1.64266648,\n        1.8139653 ],\n       [0.88285724, 5.26865315, 0.96046709, 4.36090996, 1.64266648,\n        1.8139653 ],\n       [0.88285724, 5.26865315, 0.96046709, 4.36090996, 1.64266648,\n        1.8139653 ],\n       [0.88285724, 5.26865315, 0.96046709, 4.36090996, 1.64266648,\n        1.8139653 ],\n       [0.88285724, 5.26865315, 0.96046709, 4.36090996, 1.64266648,\n        1.8139653 ]]), array([0.26634997, 0.26634997, 0.26634997, 0.26634997, 0.26634997,\n       0.26634997, 0.26634997]))", "callback": [0.7659785421445189, 0.6507167197003563, 0.6435642477301224, 0.6132504993023881, 0.5987101987389214, 0.4854595566606884, 0.32478347642708205, 0.2969644835956482, 0.29627974916895417, 0.2899251495012052, 0.2899251495012052, 0.2886648241940696, 0.2862636006021828, 0.2818576963185271, 0.27786901621735016, 0.2764349686764045, 0.2751649397788769, 0.27503945405072183, 0.274997895715683, 0.27485230049317033, 0.27441468222620913, 0.27414583400795645, 0.273635866184763, 0.27160145993157214, 0.27046046583797567, 0.2685844120897527, 0.26758774271863284, 0.26682059923427515, 0.2665824484864674, 0.26637720627589845, 0.26635538915581536, 0.2663512411116207, 0.26635024147533737, 0.2663500101045335, 0.26634999532146864, 0.26634997559783824, 0.2663499716181984, 0.2663499697358077, 0.2663499693950765, 0.26634996933862265, 0.2663499693327087, 0.26634996933124777, 0.2663499693308182, 0.26634996933069177, 0.26634996933067534, 0.2663499693306701, 0.2663499693306699, 0.26634996933066934, 0.26634996933066923, 0.266349969330669, 0.266349969330669, 0.266349969330669]}, "10": {"maxiter": 1000, "fatol": 1e-10, "xatol": 1e-05, "duration": 0.20033907890319824, "fun": "0.266349969335572", "nit": "397", "nfev": "633", "status": "0", "success": "True", "message": "Optimization terminated successfully.", "x": "[0.88285488 5.26865453 0.96046846 4.36090719 1.64266171 1.81396186]", "final_simplex": "(array([[0.88285488, 5.26865453, 0.96046846, 4.36090719, 1.64266171,\n        1.81396186],\n       [0.88285631, 5.26865504, 0.96046566, 4.36090667, 1.64266528,\n        1.81396902],\n       [0.88285518, 5.26864658, 0.96046959, 4.36090383, 1.6426661 ,\n        1.81396272],\n       [0.88285507, 5.26865625, 0.96046921, 4.36091483, 1.64266635,\n        1.81396779],\n       [0.88285259, 5.26864811, 0.96047457, 4.36090492, 1.64266814,\n        1.81396736],\n       [0.88285824, 5.26865496, 0.9604734 , 4.36091353, 1.64266386,\n        1.8139655 ],\n       [0.88285393, 5.26864616, 0.96046792, 4.36090999, 1.64266102,\n        1.81397069]]), array([0.26634997, 0.26634997, 0.26634997, 0.26634997, 0.26634997,\n       0.26634997, 0.26634997]))", "callback": [0.7659785421445189, 0.6507167197003563, 0.6435642477301224, 0.6132504993023881, 0.5987101987389214, 0.4854595566606884, 0.32478347642708205, 0.2969644835956482, 0.29627974916895417, 0.2899251495012052, 0.2899251495012052, 0.2886648241940696, 0.2862636006021828, 0.2818576963185271, 0.27786901621735016, 0.2764349686764045, 0.2751649397788769, 0.27503945405072183, 0.274997895715683, 0.27485230049317033, 0.27441468222620913, 0.27414583400795645, 0.273635866184763, 0.27160145993157214, 0.27046046583797567, 0.2685844120897527, 0.26758774271863284, 0.26682059923427515, 0.2665824484864674, 0.26637720627589845, 0.26635538915581536, 0.2663512411116207, 0.26635024147533737, 0.2663500101045335, 0.26634999532146864, 0.26634997559783824, 0.2663499716181984, 0.2663499697358077, 0.2663499693950765, 0.26634996933862265]}, "11": {"maxiter": 1000, "fatol": 1e-10, "xatol": 1e-10, "duration": 0.3550589084625244, "fun": "0.266349969330669", "nit": "511", "nfev": "874", "status": "0", "success": "True", "message": "Optimization terminated successfully.", "x": "[0.88285723 5.26865315 0.96046709 4.36090996 1.64266648 1.8139653 ]", "final_simplex": "(array([[0.88285723, 5.26865315, 0.96046709, 4.36090996, 1.64266648,\n        1.8139653 ],\n       [0.88285724, 5.26865315, 0.96046709, 4.36090996, 1.64266648,\n        1.8139653 ],\n       [0.88285724, 5.26865315, 0.96046709, 4.36090996, 1.64266648,\n        1.8139653 ],\n       [0.88285724, 5.26865315, 0.96046709, 4.36090996, 1.64266648,\n        1.8139653 ],\n       [0.88285724, 5.26865315, 0.96046709, 4.36090996, 1.64266648,\n        1.8139653 ],\n       [0.88285724, 5.26865315, 0.96046709, 4.36090996, 1.64266648,\n        1.8139653 ],\n       [0.88285724, 5.26865315, 0.96046709, 4.36090996, 1.64266648,\n        1.8139653 ]]), array([0.26634997, 0.26634997, 0.26634997, 0.26634997, 0.26634997,\n       0.26634997, 0.26634997]))", "callback": [0.7659785421445189, 0.6507167197003563, 0.6435642477301224, 0.6132504993023881, 0.5987101987389214, 0.4854595566606884, 0.32478347642708205, 0.2969644835956482, 0.29627974916895417, 0.2899251495012052, 0.2899251495012052, 0.2886648241940696, 0.2862636006021828, 0.2818576963185271, 0.27786901621735016, 0.2764349686764045, 0.2751649397788769, 0.27503945405072183, 0.274997895715683, 0.27485230049317033, 0.27441468222620913, 0.27414583400795645, 0.273635866184763, 0.27160145993157214, 0.27046046583797567, 0.2685844120897527, 0.26758774271863284, 0.26682059923427515, 0.2665824484864674, 0.26637720627589845, 0.26635538915581536, 0.2663512411116207, 0.26635024147533737, 0.2663500101045335, 0.26634999532146864, 0.26634997559783824, 0.2663499716181984, 0.2663499697358077, 0.2663499693950765, 0.26634996933862265, 0.2663499693327087, 0.26634996933124777, 0.2663499693308182, 0.26634996933069177, 0.26634996933067534, 0.2663499693306701, 0.2663499693306699, 0.26634996933066934, 0.26634996933066923, 0.266349969330669, 0.266349969330669, 0.266349969330669]}}, "bfgs": {"type": "gradient", "0": {"maxiter": 100, "gtol": 1e-05, "xrtol": 1e-05, "eps": 1e-05, "duration": 0.09558391571044922, "fun": "0.2663499697573093", "jac": "[-9.26478894e-06 -5.53728174e-06 -2.32174280e-06 -4.68173278e-06\n  4.59909888e-06 -2.23475682e-06]", "hess_inv": "[[ 3.81168062 -1.08612825  1.50713523  0.30227472  0.311089    0.11010029]\n [-1.08612825  8.70762699 -5.20651997 -3.14091909  0.234735   -2.74191307]\n [ 1.50713523 -5.20651997  8.85397029  3.14828825 -0.01209432 -0.93197096]\n [ 0.30227472 -3.14091909  3.14828825  5.44972323 -0.47639024 -0.53277467]\n [ 0.311089    0.234735   -0.01209432 -0.47639024  4.03670237  0.71259303]\n [ 0.11010029 -2.74191307 -0.93197096 -0.53277467  0.71259303  6.34683958]]", "nfev": "287", "njev": "41", "status": "0", "success": "True", "message": "Optimization terminated successfully.", "x": "[ 0.88280887  5.26865067  0.96043403  1.92224439  4.7842739  -1.32762005]", "nit": "33", "callback": [0.5794352850244933, 0.5437908698175908, 0.4590551174620354, 0.44611966070607423, 0.4432554092559634, 0.4380031370991849, 0.4294445307916934, 0.42204633024490557, 0.40448376546568743, 0.38630563021481046, 0.377973856092215, 0.3706303736316431, 0.3674750639788962, 0.3640031752294416, 0.3611351861051296, 0.35897633560913467, 0.348746328178992, 0.344609689481695, 0.33946831563765634, 0.3319968395979831, 0.3248448570791581, 0.3161987314280349, 0.3003257612685447, 0.2885396304584844, 0.2777022304672385, 0.2706655272516698, 0.26824613442615153, 0.26724176667675037, 0.2665078539991954, 0.26637198031375486, 0.2663510425361689, 0.26635002262954277, 0.2663499697573093]}, "1": {"maxiter": 100, "gtol": 1e-05, "xrtol": 1e-05, "eps": 1e-10, "duration": 0.10666513442993164, "fun": "0.26634996969606006", "jac": "[-6.66133760e-06 -4.44089173e-06  1.11022293e-06 -6.66133760e-06\n  5.55111466e-06  2.22044587e-06]", "hess_inv": "[[ 3.80991935 -1.09092043  1.50411158  0.30505693  0.31157427  0.12184962]\n [-1.09092043  8.72118498 -5.2226575  -3.14367122  0.24409719 -2.73095864]\n [ 1.50411158 -5.2226575   8.8688818   3.14994784 -0.01049879 -0.93601388]\n [ 0.30505693 -3.14367122  3.14994784  5.44278221 -0.46896123 -0.53616473]\n [ 0.31157427  0.24409719 -0.01049879 -0.46896123  4.04204313  0.69815488]\n [ 0.12184962 -2.73095864 -0.93601388 -0.53616473  0.69815488  6.34099742]]", "nfev": "287", "njev": "41", "status": "0", "success": "True", "message": "Optimization terminated successfully.", "x": "[ 0.88282377  5.2686473   0.96044738  1.92224239  4.7842922  -1.32760838]", "nit": "33", "callback": [0.5794360638580933, 0.5437920332761085, 0.4590561514566799, 0.4461193337512104, 0.44325529454952317, 0.4380036290818615, 0.4294455586243735, 0.4220457245977397, 0.4044823518378362, 0.3863015094897536, 0.37797486825690507, 0.37063239768366607, 0.3674756959698404, 0.364002669628419, 0.3611348383361075, 0.3589766795696089, 0.3487549487869195, 0.34461795784607085, 0.33947255414512445, 0.3319943343424282, 0.32485227422601815, 0.3161939479363304, 0.3003014017438679, 0.28860035810662366, 0.27772135770692874, 0.27070641274678375, 0.26831815647642054, 0.2672326662896064, 0.2665159383129958, 0.2663733451214021, 0.2663511120598483, 0.2663500282380423, 0.26634996969606006]}, "2": {"maxiter": 100, "gtol": 1e-05, "xrtol": 1e-10, "eps": 1e-05, "duration": 0.09148502349853516, "fun": "0.2663499697573093", "jac": "[-9.26478894e-06 -5.53728174e-06 -2.32174280e-06 -4.68173278e-06\n  4.59909888e-06 -2.23475682e-06]", "hess_inv": "[[ 3.81168062 -1.08612825  1.50713523  0.30227472  0.311089    0.11010029]\n [-1.08612825  8.70762699 -5.20651997 -3.14091909  0.234735   -2.74191307]\n [ 1.50713523 -5.20651997  8.85397029  3.14828825 -0.01209432 -0.93197096]\n [ 0.30227472 -3.14091909  3.14828825  5.44972323 -0.47639024 -0.53277467]\n [ 0.311089    0.234735   -0.01209432 -0.47639024  4.03670237  0.71259303]\n [ 0.11010029 -2.74191307 -0.93197096 -0.53277467  0.71259303  6.34683958]]", "nfev": "287", "njev": "41", "status": "0", "success": "True", "message": "Optimization terminated successfully.", "x": "[ 0.88280887  5.26865067  0.96043403  1.92224439  4.7842739  -1.32762005]", "nit": "33", "callback": [0.5794352850244933, 0.5437908698175908, 0.4590551174620354, 0.44611966070607423, 0.4432554092559634, 0.4380031370991849, 0.4294445307916934, 0.42204633024490557, 0.40448376546568743, 0.38630563021481046, 0.377973856092215, 0.3706303736316431, 0.3674750639788962, 0.3640031752294416, 0.3611351861051296, 0.35897633560913467, 0.348746328178992, 0.344609689481695, 0.33946831563765634, 0.3319968395979831, 0.3248448570791581, 0.3161987314280349, 0.3003257612685447, 0.2885396304584844, 0.2777022304672385, 0.2706655272516698, 0.26824613442615153, 0.26724176667675037, 0.2665078539991954, 0.26637198031375486, 0.2663510425361689, 0.26635002262954277, 0.2663499697573093]}, "3": {"maxiter": 100, "gtol": 1e-05, "xrtol": 1e-10, "eps": 1e-10, "duration": 0.08638906478881836, "fun": "0.26634996969606006", "jac": "[-6.66133760e-06 -4.44089173e-06  1.11022293e-06 -6.66133760e-06\n  5.55111466e-06  2.22044587e-06]", "hess_inv": "[[ 3.80991935 -1.09092043  1.50411158  0.30505693  0.31157427  0.12184962]\n [-1.09092043  8.72118498 -5.2226575  -3.14367122  0.24409719 -2.73095864]\n [ 1.50411158 -5.2226575   8.8688818   3.14994784 -0.01049879 -0.93601388]\n [ 0.30505693 -3.14367122  3.14994784  5.44278221 -0.46896123 -0.53616473]\n [ 0.31157427  0.24409719 -0.01049879 -0.46896123  4.04204313  0.69815488]\n [ 0.12184962 -2.73095864 -0.93601388 -0.53616473  0.69815488  6.34099742]]", "nfev": "287", "njev": "41", "status": "0", "success": "True", "message": "Optimization terminated successfully.", "x": "[ 0.88282377  5.2686473   0.96044738  1.92224239  4.7842922  -1.32760838]", "nit": "33", "callback": [0.5794360638580933, 0.5437920332761085, 0.4590561514566799, 0.4461193337512104, 0.44325529454952317, 0.4380036290818615, 0.4294455586243735, 0.4220457245977397, 0.4044823518378362, 0.3863015094897536, 0.37797486825690507, 0.37063239768366607, 0.3674756959698404, 0.364002669628419, 0.3611348383361075, 0.3589766795696089, 0.3487549487869195, 0.34461795784607085, 0.33947255414512445, 0.3319943343424282, 0.32485227422601815, 0.3161939479363304, 0.3003014017438679, 0.28860035810662366, 0.27772135770692874, 0.27070641274678375, 0.26831815647642054, 0.2672326662896064, 0.2665159383129958, 0.2663733451214021, 0.2663511120598483, 0.2663500282380423, 0.26634996969606006]}, "4": {"maxiter": 100, "gtol": 1e-10, "xrtol": 1e-05, "eps": 1e-05, "duration": 0.11372113227844238, "fun": "0.2663499693734678", "jac": "[-1.51437751e-06 -6.26687591e-07 -1.00619513e-07 -1.30043754e-06\n  9.04576414e-07 -1.88371541e-07]", "hess_inv": "[[ 3.8980215  -0.94512425  1.56111875  0.19353446  0.26314182  0.09941092]\n [-0.94512425  8.70956675 -5.12867428 -3.03952171  0.17153491 -2.77691296]\n [ 1.56111875 -5.12867428  8.88725679  3.09290307 -0.04139038 -0.93944688]\n [ 0.19353446 -3.03952171  3.09290307  5.24581099 -0.43445694 -0.49787796]\n [ 0.26314182  0.17153491 -0.04139038 -0.43445694  4.06232965  0.71968945]\n [ 0.09941092 -2.77691296 -0.93944688 -0.49787796  0.71968945  6.34681514]]", "nfev": "294", "njev": "42", "status": "0", "success": "True", "message": "Optimization terminated successfully.", "x": "[ 0.88284329  5.26865701  0.9604533   1.92226198  4.78425808 -1.32762814]", "nit": "34", "callback": [0.5794352850244933, 0.5437908698175908, 0.4590551174620354, 0.44611966070607423, 0.4432554092559634, 0.4380031370991849, 0.4294445307916934, 0.42204633024490557, 0.40448376546568743, 0.38630563021481046, 0.377973856092215, 0.3706303736316431, 0.3674750639788962, 0.3640031752294416, 0.3611351861051296, 0.35897633560913467, 0.348746328178992, 0.344609689481695, 0.33946831563765634, 0.3319968395979831, 0.3248448570791581, 0.3161987314280349, 0.3003257612685447, 0.2885396304584844, 0.2777022304672385, 0.2706655272516698, 0.26824613442615153, 0.26724176667675037, 0.2665078539991954, 0.26637198031375486, 0.2663510425361689, 0.26635002262954277, 0.2663499697573093, 0.2663499693734678]}, "5": {"maxiter": 100, "gtol": 1e-10, "xrtol": 1e-05, "eps": 1e-10, "duration": 0.10062408447265625, "fun": "0.2663499693966255", "jac": "[-1.11022293e-06 -1.11022293e-06 -3.33066880e-06 -4.44089173e-06\n  3.33066880e-06 -3.33066880e-06]", "hess_inv": "[[ 3.85071665 -0.98653136  1.51836953  0.25474255  0.27177488  0.0897332 ]\n [-0.98653136  8.90575214 -5.20582536 -3.1276257   0.12562724 -2.86427352]\n [ 1.51836953 -5.20582536  8.86918644  3.16683439 -0.02836825 -0.95941285]\n [ 0.25474255 -3.1276257   3.16683439  5.25084657 -0.39069738 -0.40684924]\n [ 0.27177488  0.12562724 -0.02836825 -0.39069738  4.07751655  0.71917943]\n [ 0.0897332  -2.86427352 -0.95941285 -0.40684924  0.71917943  6.33459601]]", "nfev": "294", "njev": "42", "status": "0", "success": "True", "message": "Optimization terminated successfully.", "x": "[ 0.88284334  5.26867089  0.96044791  1.92226473  4.78426777 -1.3276402 ]", "nit": "34", "callback": [0.5794360638580933, 0.5437920332761085, 0.4590561514566799, 0.4461193337512104, 0.44325529454952317, 0.4380036290818615, 0.4294455586243735, 0.4220457245977397, 0.4044823518378362, 0.3863015094897536, 0.37797486825690507, 0.37063239768366607, 0.3674756959698404, 0.364002669628419, 0.3611348383361075, 0.3589766795696089, 0.3487549487869195, 0.34461795784607085, 0.33947255414512445, 0.3319943343424282, 0.32485227422601815, 0.3161939479363304, 0.3003014017438679, 0.28860035810662366, 0.27772135770692874, 0.27070641274678375, 0.26831815647642054, 0.2672326662896064, 0.2665159383129958, 0.2663733451214021, 0.2663511120598483, 0.2663500282380423, 0.26634996969606006, 0.2663499693966255]}, "6": {"maxiter": 100, "gtol": 1e-10, "xrtol": 1e-10, "eps": 1e-05, "duration": 0.15066313743591309, "fun": "0.2663499693482754", "jac": "[ 3.09752224e-09  1.37667655e-09 -2.57571742e-09  9.54791801e-10\n  2.95319325e-09  1.99840144e-10]", "hess_inv": "[[ 4.27087269 -1.12514232  1.96477725  0.67125049 -0.07080776 -0.04396842]\n [-1.12514232  8.41489108 -4.77236676 -2.98061342 -0.02590268 -2.79424516]\n [ 1.96477725 -4.77236676  8.55983469  3.19194119  0.08797406 -0.9769019 ]\n [ 0.67125049 -2.98061342  3.19194119  5.62889112 -0.58375069 -0.61247697]\n [-0.07080776 -0.02590268  0.08797406 -0.58375069  4.04301426  0.77054459]\n [-0.04396842 -2.79424516 -0.9769019  -0.61247697  0.77054459  6.3826936 ]]", "nfev": "473", "njev": "66", "status": "2", "success": "False", "message": "Desired error not necessarily achieved due to precision loss.", "x": "[ 0.8828502   5.26865576  0.960458    1.92226916  4.78425372 -1.32763034]", "nit": "36", "callback": [0.5794352850244933, 0.5437908698175908, 0.4590551174620354, 0.44611966070607423, 0.4432554092559634, 0.4380031370991849, 0.4294445307916934, 0.42204633024490557, 0.40448376546568743, 0.38630563021481046, 0.377973856092215, 0.3706303736316431, 0.3674750639788962, 0.3640031752294416, 0.3611351861051296, 0.35897633560913467, 0.348746328178992, 0.344609689481695, 0.33946831563765634, 0.3319968395979831, 0.3248448570791581, 0.3161987314280349, 0.3003257612685447, 0.2885396304584844, 0.2777022304672385, 0.2706655272516698, 0.26824613442615153, 0.26724176667675037, 0.2665078539991954, 0.26637198031375486, 0.2663510425361689, 0.26635002262954277, 0.2663499697573093, 0.2663499693734678, 0.26634996934838195, 0.2663499693482754]}, "7": {"maxiter": 100, "gtol": 1e-10, "xrtol": 1e-10, "eps": 1e-10, "duration": 0.17890310287475586, "fun": "0.26634996933729127", "jac": "[0.00000000e+00 2.22044587e-06 1.11022293e-06 3.33066880e-06\n 3.33066880e-06 5.55111466e-06]", "hess_inv": "[[ 0.73876053 -0.81440132  0.75959473 -0.49101897 -0.74734432  0.77943157]\n [-0.81440132  0.96365946 -0.92170324  0.55156895  0.87250279 -0.9159915 ]\n [ 0.75959473 -0.92170324  1.26475671 -0.45545681 -1.30342997  1.11090603]\n [-0.49101897  0.55156895 -0.45545681  0.34714986  0.41207823 -0.48657796]\n [-0.74734432  0.87250279 -1.30342997  0.41207823  1.81103849 -1.51034288]\n [ 0.77943157 -0.9159915   1.11090603 -0.48657796 -1.51034288  1.3923555 ]]", "nfev": "525", "njev": "75", "status": "0", "success": "True", "message": "Optimization terminated successfully.", "x": "[ 0.88285771  5.26864977  0.96046606  1.92227846  4.78426108 -1.32761977]", "nit": "44", "callback": [0.5794360638580933, 0.5437920332761085, 0.4590561514566799, 0.4461193337512104, 0.44325529454952317, 0.4380036290818615, 0.4294455586243735, 0.4220457245977397, 0.4044823518378362, 0.3863015094897536, 0.37797486825690507, 0.37063239768366607, 0.3674756959698404, 0.364002669628419, 0.3611348383361075, 0.3589766795696089, 0.3487549487869195, 0.34461795784607085, 0.33947255414512445, 0.3319943343424282, 0.32485227422601815, 0.3161939479363304, 0.3003014017438679, 0.28860035810662366, 0.27772135770692874, 0.27070641274678375, 0.26831815647642054, 0.2672326662896064, 0.2665159383129958, 0.2663733451214021, 0.2663511120598483, 0.2663500282380423, 0.26634996969606006, 0.2663499693966255, 0.26634996936364774, 0.26634996934157584, 0.26634996934124455, 0.2663499693392134, 0.26634996933819033, 0.2663499693377047, 0.26634996933743005, 0.26634996933729616, 0.26634996933729127, 0.26634996933729127]}, "8": {"maxiter": 500, "gtol": 1e-05, "xrtol": 1e-05, "eps": 1e-05, "duration": 0.09647893905639648, "fun": "0.2663499697573093", "jac": "[-9.26478894e-06 -5.53728174e-06 -2.32174280e-06 -4.68173278e-06\n  4.59909888e-06 -2.23475682e-06]", "hess_inv": "[[ 3.81168062 -1.08612825  1.50713523  0.30227472  0.311089    0.11010029]\n [-1.08612825  8.70762699 -5.20651997 -3.14091909  0.234735   -2.74191307]\n [ 1.50713523 -5.20651997  8.85397029  3.14828825 -0.01209432 -0.93197096]\n [ 0.30227472 -3.14091909  3.14828825  5.44972323 -0.47639024 -0.53277467]\n [ 0.311089    0.234735   -0.01209432 -0.47639024  4.03670237  0.71259303]\n [ 0.11010029 -2.74191307 -0.93197096 -0.53277467  0.71259303  6.34683958]]", "nfev": "287", "njev": "41", "status": "0", "success": "True", "message": "Optimization terminated successfully.", "x": "[ 0.88280887  5.26865067  0.96043403  1.92224439  4.7842739  -1.32762005]", "nit": "33", "callback": [0.5794352850244933, 0.5437908698175908, 0.4590551174620354, 0.44611966070607423, 0.4432554092559634, 0.4380031370991849, 0.4294445307916934, 0.42204633024490557, 0.40448376546568743, 0.38630563021481046, 0.377973856092215, 0.3706303736316431, 0.3674750639788962, 0.3640031752294416, 0.3611351861051296, 0.35897633560913467, 0.348746328178992, 0.344609689481695, 0.33946831563765634, 0.3319968395979831, 0.3248448570791581, 0.3161987314280349, 0.3003257612685447, 0.2885396304584844, 0.2777022304672385, 0.2706655272516698, 0.26824613442615153, 0.26724176667675037, 0.2665078539991954, 0.26637198031375486, 0.2663510425361689, 0.26635002262954277, 0.2663499697573093]}, "9": {"maxiter": 500, "gtol": 1e-05, "xrtol": 1e-05, "eps": 1e-10, "duration": 0.08651995658874512, "fun": "0.26634996969606006", "jac": "[-6.66133760e-06 -4.44089173e-06  1.11022293e-06 -6.66133760e-06\n  5.55111466e-06  2.22044587e-06]", "hess_inv": "[[ 3.80991935 -1.09092043  1.50411158  0.30505693  0.31157427  0.12184962]\n [-1.09092043  8.72118498 -5.2226575  -3.14367122  0.24409719 -2.73095864]\n [ 1.50411158 -5.2226575   8.8688818   3.14994784 -0.01049879 -0.93601388]\n [ 0.30505693 -3.14367122  3.14994784  5.44278221 -0.46896123 -0.53616473]\n [ 0.31157427  0.24409719 -0.01049879 -0.46896123  4.04204313  0.69815488]\n [ 0.12184962 -2.73095864 -0.93601388 -0.53616473  0.69815488  6.34099742]]", "nfev": "287", "njev": "41", "status": "0", "success": "True", "message": "Optimization terminated successfully.", "x": "[ 0.88282377  5.2686473   0.96044738  1.92224239  4.7842922  -1.32760838]", "nit": "33", "callback": [0.5794360638580933, 0.5437920332761085, 0.4590561514566799, 0.4461193337512104, 0.44325529454952317, 0.4380036290818615, 0.4294455586243735, 0.4220457245977397, 0.4044823518378362, 0.3863015094897536, 0.37797486825690507, 0.37063239768366607, 0.3674756959698404, 0.364002669628419, 0.3611348383361075, 0.3589766795696089, 0.3487549487869195, 0.34461795784607085, 0.33947255414512445, 0.3319943343424282, 0.32485227422601815, 0.3161939479363304, 0.3003014017438679, 0.28860035810662366, 0.27772135770692874, 0.27070641274678375, 0.26831815647642054, 0.2672326662896064, 0.2665159383129958, 0.2663733451214021, 0.2663511120598483, 0.2663500282380423, 0.26634996969606006]}, "10": {"maxiter": 500, "gtol": 1e-05, "xrtol": 1e-10, "eps": 1e-05, "duration": 0.09006118774414062, "fun": "0.2663499697573093", "jac": "[-9.26478894e-06 -5.53728174e-06 -2.32174280e-06 -4.68173278e-06\n  4.59909888e-06 -2.23475682e-06]", "hess_inv": "[[ 3.81168062 -1.08612825  1.50713523  0.30227472  0.311089    0.11010029]\n [-1.08612825  8.70762699 -5.20651997 -3.14091909  0.234735   -2.74191307]\n [ 1.50713523 -5.20651997  8.85397029  3.14828825 -0.01209432 -0.93197096]\n [ 0.30227472 -3.14091909  3.14828825  5.44972323 -0.47639024 -0.53277467]\n [ 0.311089    0.234735   -0.01209432 -0.47639024  4.03670237  0.71259303]\n [ 0.11010029 -2.74191307 -0.93197096 -0.53277467  0.71259303  6.34683958]]", "nfev": "287", "njev": "41", "status": "0", "success": "True", "message": "Optimization terminated successfully.", "x": "[ 0.88280887  5.26865067  0.96043403  1.92224439  