{"date": "2024/10/08/, 21:10:01", "conf_id": 30, "data_type": "random\n", "num_data_points": 2, "s_rank": 0, "unitary": "[[-0.45070455-0.02711853j,0.78437395-0.06613086j,0.06358678+0.19963393j,-0.07343613+0.35668523j],[-0.01890143-0.03813363j,0.32408202+0.25557629j,0.05872864-0.68979805j,0.55466693-0.20227297j],[-0.11215405+0.64023111j,-0.13344055+0.29565494j,-0.49012687-0.19046288j,-0.04241254+0.44046348j],[0.55771659+0.24656916j,0.31851997-0.05798805j,0.28761525-0.34294258j,-0.56718418+0.03616933j]]", "databatch_0": {"databatch": "[[[-0.0779512+0.17058044j,-0.2648647-0.02934216j,-0.05751179+0.14710999j,0.08781596+0.27454089j],[0.10279813+0.02315208j,-0.28872821-0.11699758j,-0.30792178+0.10987042j,0.14834643+0.11756917j],[-0.14125582-0.19919366j,-0.1373623+0.06774381j,-0.04063293+0.3209736j,-0.22335527-0.25204515j],[0.11212276-0.14854455j,0.11255005-0.10596502j,-0.15061384-0.12015637j,0.33704261+0.15644393j]],[[0.13334929-0.00945854j,-0.13555577+0.08033427j,0.25266927+0.027441j,-0.02407518-0.14516955j],[0.13743407+0.03762556j,-0.00757683-0.29500802j,0.28039991-0.09903875j,-0.09738428+0.23483749j],[-0.35529068-0.16965373j,0.25147201+0.00450129j,0.43608067+0.02872624j,0.33320977-0.12735869j],[0.03147809+0.0786476j,-0.09567823-0.19694754j,0.07721524-0.08056247j,0.05792725+0.05616959j]]]", "initial param values": "[5.95493195,1.20013816,1.51076764,1.08159343,5.69744303,3.90462973]", "nelder_mead": {"type": "gradient-free", "0": {"maxiter": 100, "fatol": 1e-05, "xatol": 1e-05, "duration": 0.05120730400085449, "fun": "0.3968468257925102", "nit": "100", "nfev": "159", "status": "2", "success": "False", "message": "Maximum number of iterations has been exceeded.", "x": "[7.62475671 1.03727185 0.57368341 1.80134709 4.12478235 5.17273682]", "final_simplex": "(array([[7.62475671, 1.03727185, 0.57368341, 1.80134709, 4.12478235,\n        5.17273682],\n       [7.6218774 , 1.03145311, 0.58229649, 1.80271193, 4.11627372,\n        5.18601418],\n       [7.62525109, 1.03600444, 0.55505613, 1.82199909, 4.1080419 ,\n        5.17666824],\n       [7.62694976, 1.02878058, 0.57682478, 1.80300072, 4.11907291,\n        5.2051717 ],\n       [7.62992017, 1.02432463, 0.5824992 , 1.80687133, 4.11740279,\n        5.19762352],\n       [7.62141068, 1.02165305, 0.58434493, 1.80481627, 4.12788613,\n        5.19880981],\n       [7.62123518, 1.02680468, 0.57621393, 1.80338651, 4.14641755,\n        5.19621833]]), array([0.39684683, 0.39693013, 0.39695491, 0.39698002, 0.39703135,\n       0.39704132, 0.39704396]))", "callback": [0.7845617722867799, 0.6822643195583671, 0.6385387151276959, 0.5743421656041094, 0.49221900213994374, 0.410173561810529, 0.39974631640800795, 0.39764243956850787, 0.39730020699585555, 0.39704132312070584]}, "1": {"maxiter": 100, "fatol": 1e-05, "xatol": 1e-10, "duration": 0.04296302795410156, "fun": "0.3968468257925102", "nit": "100", "nfev": "159", "status": "2", "success": "False", "message": "Maximum number of iterations has been exceeded.", "x": "[7.62475671 1.03727185 0.57368341 1.80134709 4.12478235 5.17273682]", "final_simplex": "(array([[7.62475671, 1.03727185, 0.57368341, 1.80134709, 4.12478235,\n        5.17273682],\n       [7.6218774 , 1.03145311, 0.58229649, 1.80271193, 4.11627372,\n        5.18601418],\n       [7.62525109, 1.03600444, 0.55505613, 1.82199909, 4.1080419 ,\n        5.17666824],\n       [7.62694976, 1.02878058, 0.57682478, 1.80300072, 4.11907291,\n        5.2051717 ],\n       [7.62992017, 1.02432463, 0.5824992 , 1.80687133, 4.11740279,\n        5.19762352],\n       [7.62141068, 1.02165305, 0.58434493, 1.80481627, 4.12788613,\n        5.19880981],\n       [7.62123518, 1.02680468, 0.57621393, 1.80338651, 4.14641755,\n        5.19621833]]), array([0.39684683, 0.39693013, 0.39695491, 0.39698002, 0.39703135,\n       0.39704132, 0.39704396]))", "callback": [0.7845617722867799, 0.6822643195583671, 0.6385387151276959, 0.5743421656041094, 0.49221900213994374, 0.410173561810529, 0.39974631640800795, 0.39764243956850787, 0.39730020699585555, 0.39704132312070584]}, "2": {"maxiter": 100, "fatol": 1e-10, "xatol": 1e-05, "duration": 0.05353212356567383, "fun": "0.3968468257925102", "nit": "100", "nfev": "159", "status": "2", "success": "False", "message": "Maximum number of iterations has been exceeded.", "x": "[7.62475671 1.03727185 0.57368341 1.80134709 4.12478235 5.17273682]", "final_simplex": "(array([[7.62475671, 1.03727185, 0.57368341, 1.80134709, 4.12478235,\n        5.17273682],\n       [7.6218774 , 1.03145311, 0.58229649, 1.80271193, 4.11627372,\n        5.18601418],\n       [7.62525109, 1.03600444, 0.55505613, 1.82199909, 4.1080419 ,\n        5.17666824],\n       [7.62694976, 1.02878058, 0.57682478, 1.80300072, 4.11907291,\n        5.2051717 ],\n       [7.62992017, 1.02432463, 0.5824992 , 1.80687133, 4.11740279,\n        5.19762352],\n       [7.62141068, 1.02165305, 0.58434493, 1.80481627, 4.12788613,\n        5.19880981],\n       [7.62123518, 1.02680468, 0.57621393, 1.80338651, 4.14641755,\n        5.19621833]]), array([0.39684683, 0.39693013, 0.39695491, 0.39698002, 0.39703135,\n       0.39704132, 0.39704396]))", "callback": [0.7845617722867799, 0.6822643195583671, 0.6385387151276959, 0.5743421656041094, 0.49221900213994374, 0.410173561810529, 0.39974631640800795, 0.39764243956850787, 0.39730020699585555, 0.39704132312070584]}, "3": {"maxiter": 100, "fatol": 1e-10, "xatol": 1e-10, "duration": 0.0421900749206543, "fun": "0.3968468257925102", "nit": "100", "nfev": "159", "status": "2", "success": "False", "message": "Maximum number of iterations has been exceeded.", "x": "[7.62475671 1.03727185 0.57368341 1.80134709 4.12478235 5.17273682]", "final_simplex": "(array([[7.62475671, 1.03727185, 0.57368341, 1.80134709, 4.12478235,\n        5.17273682],\n       [7.6218774 , 1.03145311, 0.58229649, 1.80271193, 4.11627372,\n        5.18601418],\n       [7.62525109, 1.03600444, 0.55505613, 1.82199909, 4.1080419 ,\n        5.17666824],\n       [7.62694976, 1.02878058, 0.57682478, 1.80300072, 4.11907291,\n        5.2051717 ],\n       [7.62992017, 1.02432463, 0.5824992 , 1.80687133, 4.11740279,\n        5.19762352],\n       [7.62141068, 1.02165305, 0.58434493, 1.80481627, 4.12788613,\n        5.19880981],\n       [7.62123518, 1.02680468, 0.57621393, 1.80338651, 4.14641755,\n        5.19621833]]), array([0.39684683, 0.39693013, 0.39695491, 0.39698002, 0.39703135,\n       0.39704132, 0.39704396]))", "callback": [0.7845617722867799, 0.6822643195583671, 0.6385387151276959, 0.5743421656041094, 0.49221900213994374, 0.410173561810529, 0.39974631640800795, 0.39764243956850787, 0.39730020699585555, 0.39704132312070584]}, "4": {"maxiter": 500, "fatol": 1e-05, "xatol": 1e-05, "duration": 0.18717384338378906, "fun": "0.3957386300459007", "nit": "352", "nfev": "557", "status": "0", "success": "True", "message": "Optimization terminated successfully.", "x": "[7.63185442 1.06324434 0.46712771 1.72512413 4.0939529  5.10821821]", "final_simplex": "(array([[7.63185442, 1.06324434, 0.46712771, 1.72512413, 4.0939529 ,\n        5.10821821],\n       [7.63185115, 1.06323809, 0.46713193, 1.72512865, 4.09395424,\n        5.10822324],\n       [7.63185519, 1.06324021, 0.46712606, 1.72512747, 4.09395524,\n        5.1082154 ],\n       [7.63185173, 1.06324492, 0.4671218 , 1.72512348, 4.09395342,\n        5.10821322],\n       [7.63185325, 1.06323992, 0.46712947, 1.72511972, 4.09395677,\n        5.1082223 ],\n       [7.63185357, 1.06324111, 0.46713187, 1.72512304, 4.09395135,\n        5.10821484],\n       [7.6318547 , 1.06323512, 0.46713165, 1.72512263, 4.09395018,\n        5.10822215]]), array([0.39573863, 0.39573863, 0.39573863, 0.39573863, 0.39573863,\n       0.39573863, 0.39573863]))", "callback": [0.7845617722867799, 0.6822643195583671, 0.6385387151276959, 0.5743421656041094, 0.49221900213994374, 0.410173561810529, 0.39974631640800795, 0.39764243956850787, 0.39730020699585555, 0.39704132312070584, 0.39683555097062806, 0.3966887660975513, 0.39653272781006244, 0.39647582281359817, 0.3964666766445851, 0.39645056009073043, 0.396432844971888, 0.3964037922621998, 0.3963634285596147, 0.39625781746144684, 0.39601882014813006, 0.39584287349275715, 0.3957861283730403, 0.39576641407753244, 0.39574969131132853, 0.3957412391900471, 0.3957396145783585, 0.3957388065689518, 0.39573866659279844, 0.39573863668274945, 0.3957386317421825, 0.395738630742438, 0.3957386302115724, 0.3957386300788561, 0.3957386300551611, 0.3957386300459007]}, "5": {"maxiter": 500, "fatol": 1e-05, "xatol": 1e-10, "duration": 0.2339029312133789, "fun": "0.3957386300438416", "nit": "444", "nfev": "768", "status": "0", "success": "True", "message": "Optimization terminated successfully.", "x": "[7.63185281 1.06324089 0.46712761 1.72512406 4.093954   5.10821804]", "final_simplex": "(array([[7.63185281, 1.06324089, 0.46712761, 1.72512406, 4.093954  ,\n        5.10821804],\n       [7.63185281, 1.06324089, 0.46712761, 1.72512406, 4.093954  ,\n        5.10821804],\n       [7.63185281, 1.06324089, 0.46712761, 1.72512406, 4.093954  ,\n        5.10821804],\n       [7.63185281, 1.06324089, 0.46712761, 1.72512406, 4.093954  ,\n        5.10821804],\n       [7.63185281, 1.06324089, 0.46712761, 1.72512406, 4.093954  ,\n        5.10821804],\n       [7.63185281, 1.06324089, 0.46712761, 1.72512406, 4.093954  ,\n        5.10821804],\n       [7.63185281, 1.06324089, 0.46712761, 1.72512406, 4.093954  ,\n        5.10821804]]), array([0.39573863, 0.39573863, 0.39573863, 0.39573863, 0.39573863,\n       0.39573863, 0.39573863]))", "callback": [0.7845617722867799, 0.6822643195583671, 0.6385387151276959, 0.5743421656041094, 0.49221900213994374, 0.410173561810529, 0.39974631640800795, 0.39764243956850787, 0.39730020699585555, 0.39704132312070584, 0.39683555097062806, 0.3966887660975513, 0.39653272781006244, 0.39647582281359817, 0.3964666766445851, 0.39645056009073043, 0.396432844971888, 0.3964037922621998, 0.3963634285596147, 0.39625781746144684, 0.39601882014813006, 0.39584287349275715, 0.3957861283730403, 0.39576641407753244, 0.39574969131132853, 0.3957412391900471, 0.3957396145783585, 0.3957388065689518, 0.39573866659279844, 0.39573863668274945, 0.3957386317421825, 0.395738630742438, 0.3957386302115724, 0.3957386300788561, 0.3957386300551611, 0.3957386300459007, 0.39573863004407106, 0.39573863004393117, 0.3957386300438629, 0.3957386300438466, 0.39573863004384324, 0.3957386300438419, 0.3957386300438418, 0.3957386300438416, 0.3957386300438416]}, "6": {"maxiter": 500, "fatol": 1e-10, "xatol": 1e-05, "duration": 0.1596357822418213, "fun": "0.3957386300459007", "nit": "352", "nfev": "557", "status": "0", "success": "True", "message": "Optimization terminated successfully.", "x": "[7.63185442 1.06324434 0.46712771 1.72512413 4.0939529  5.10821821]", "final_simplex": "(array([[7.63185442, 1.06324434, 0.46712771, 1.72512413, 4.0939529 ,\n        5.10821821],\n       [7.63185115, 1.06323809, 0.46713193, 1.72512865, 4.09395424,\n        5.10822324],\n       [7.63185519, 1.06324021, 0.46712606, 1.72512747, 4.09395524,\n        5.1082154 ],\n       [7.63185173, 1.06324492, 0.4671218 , 1.72512348, 4.09395342,\n        5.10821322],\n       [7.63185325, 1.06323992, 0.46712947, 1.72511972, 4.09395677,\n        5.1082223 ],\n       [7.63185357, 1.06324111, 0.46713187, 1.72512304, 4.09395135,\n        5.10821484],\n       [7.6318547 , 1.06323512, 0.46713165, 1.72512263, 4.09395018,\n        5.10822215]]), array([0.39573863, 0.39573863, 0.39573863, 0.39573863, 0.39573863,\n       0.39573863, 0.39573863]))", "callback": [0.7845617722867799, 0.6822643195583671, 0.6385387151276959, 0.5743421656041094, 0.49221900213994374, 0.410173561810529, 0.39974631640800795, 0.39764243956850787, 0.39730020699585555, 0.39704132312070584, 0.39683555097062806, 0.3966887660975513, 0.39653272781006244, 0.39647582281359817, 0.3964666766445851, 0.39645056009073043, 0.396432844971888, 0.3964037922621998, 0.3963634285596147, 0.39625781746144684, 0.39601882014813006, 0.39584287349275715, 0.3957861283730403, 0.39576641407753244, 0.39574969131132853, 0.3957412391900471, 0.3957396145783585, 0.3957388065689518, 0.39573866659279844, 0.39573863668274945, 0.3957386317421825, 0.395738630742438, 0.3957386302115724, 0.3957386300788561, 0.3957386300551611, 0.3957386300459007]}, "7": {"maxiter": 500, "fatol": 1e-10, "xatol": 1e-10, "duration": 0.23176288604736328, "fun": "0.3957386300438416", "nit": "444", "nfev": "768", "status": "0", "success": "True", "message": "Optimization terminated successfully.", "x": "[7.63185281 1.06324089 0.46712761 1.72512406 4.093954   5.10821804]", "final_simplex": "(array([[7.63185281, 1.06324089, 0.46712761, 1.72512406, 4.093954  ,\n        5.10821804],\n       [7.63185281, 1.06324089, 0.46712761, 1.72512406, 4.093954  ,\n        5.10821804],\n       [7.63185281, 1.06324089, 0.46712761, 1.72512406, 4.093954  ,\n        5.10821804],\n       [7.63185281, 1.06324089, 0.46712761, 1.72512406, 4.093954  ,\n        5.10821804],\n       [7.63185281, 1.06324089, 0.46712761, 1.72512406, 4.093954  ,\n        5.10821804],\n       [7.63185281, 1.06324089, 0.46712761, 1.72512406, 4.093954  ,\n        5.10821804],\n       [7.63185281, 1.06324089, 0.46712761, 1.72512406, 4.093954  ,\n        5.10821804]]), array([0.39573863, 0.39573863, 0.39573863, 0.39573863, 0.39573863,\n       0.39573863, 0.39573863]))", "callback": [0.7845617722867799, 0.6822643195583671, 0.6385387151276959, 0.5743421656041094, 0.49221900213994374, 0.410173561810529, 0.39974631640800795, 0.39764243956850787, 0.39730020699585555, 0.39704132312070584, 0.39683555097062806, 0.3966887660975513, 0.39653272781006244, 0.39647582281359817, 0.3964666766445851, 0.39645056009073043, 0.396432844971888, 0.3964037922621998, 0.3963634285596147, 0.39625781746144684, 0.39601882014813006, 0.39584287349275715, 0.3957861283730403, 0.39576641407753244, 0.39574969131132853, 0.3957412391900471, 0.3957396145783585, 0.3957388065689518, 0.39573866659279844, 0.39573863668274945, 0.3957386317421825, 0.395738630742438, 0.3957386302115724, 0.3957386300788561, 0.3957386300551611, 0.3957386300459007, 0.39573863004407106, 0.39573863004393117, 0.3957386300438629, 0.3957386300438466, 0.39573863004384324, 0.3957386300438419, 0.3957386300438418, 0.3957386300438416, 0.3957386300438416]}, "8": {"maxiter": 1000, "fatol": 1e-05, "xatol": 1e-05, "duration": 0.1686110496520996, "fun": "0.3957386300459007", "nit": "352", "nfev": "557", "status": "0", "success": "True", "message": "Optimization terminated successfully.", "x": "[7.63185442 1.06324434 0.46712771 1.72512413 4.0939529  5.10821821]", "final_simplex": "(array([[7.63185442, 1.06324434, 0.46712771, 1.72512413, 4.0939529 ,\n        5.10821821],\n       [7.63185115, 1.06323809, 0.46713193, 1.72512865, 4.09395424,\n        5.10822324],\n       [7.63185519, 1.06324021, 0.46712606, 1.72512747, 4.09395524,\n        5.1082154 ],\n       [7.63185173, 1.06324492, 0.4671218 , 1.72512348, 4.09395342,\n        5.10821322],\n       [7.63185325, 1.06323992, 0.46712947, 1.72511972, 4.09395677,\n        5.1082223 ],\n       [7.63185357, 1.06324111, 0.46713187, 1.72512304, 4.09395135,\n        5.10821484],\n       [7.6318547 , 1.06323512, 0.46713165, 1.72512263, 4.09395018,\n        5.10822215]]), array([0.39573863, 0.39573863, 0.39573863, 0.39573863, 0.39573863,\n       0.39573863, 0.39573863]))", "callback": [0.7845617722867799, 0.6822643195583671, 0.6385387151276959, 0.5743421656041094, 0.49221900213994374, 0.410173561810529, 0.39974631640800795, 0.39764243956850787, 0.39730020699585555, 0.39704132312070584, 0.39683555097062806, 0.3966887660975513, 0.39653272781006244, 0.39647582281359817, 0.3964666766445851, 0.39645056009073043, 0.396432844971888, 0.3964037922621998, 0.3963634285596147, 0.39625781746144684, 0.39601882014813006, 0.39584287349275715, 0.3957861283730403, 0.39576641407753244, 0.39574969131132853, 0.3957412391900471, 0.3957396145783585, 0.3957388065689518, 0.39573866659279844, 0.39573863668274945, 0.3957386317421825, 0.395738630742438, 0.3957386302115724, 0.3957386300788561, 0.3957386300551611, 0.3957386300459007]}, "9": {"maxiter": 1000, "fatol": 1e-05, "xatol": 1e-10, "duration": 0.24067473411560059, "fun": "0.3957386300438416", "nit": "444", "nfev": "768", "status": "0", "success": "True", "message": "Optimization terminated successfully.", "x": "[7.63185281 1.06324089 0.46712761 1.72512406 4.093954   5.10821804]", "final_simplex": "(array([[7.63185281, 1.06324089, 0.46712761, 1.72512406, 4.093954  ,\n        5.10821804],\n       [7.63185281, 1.06324089, 0.46712761, 1.72512406, 4.093954  ,\n        5.10821804],\n       [7.63185281, 1.06324089, 0.46712761, 1.72512406, 4.093954  ,\n        5.10821804],\n       [7.63185281, 1.06324089, 0.46712761, 1.72512406, 4.093954  ,\n        5.10821804],\n       [7.63185281, 1.06324089, 0.46712761, 1.72512406, 4.093954  ,\n        5.10821804],\n       [7.63185281, 1.06324089, 0.46712761, 1.72512406, 4.093954  ,\n        5.10821804],\n       [7.63185281, 1.06324089, 0.46712761, 1.72512406, 4.093954  ,\n        5.10821804]]), array([0.39573863, 0.39573863, 0.39573863, 0.39573863, 0.39573863,\n       0.39573863, 0.39573863]))", "callback": [0.7845617722867799, 0.6822643195583671, 0.6385387151276959, 0.5743421656041094, 0.49221900213994374, 0.410173561810529, 0.39974631640800795, 0.39764243956850787, 0.39730020699585555, 0.39704132312070584, 0.39683555097062806, 0.3966887660975513, 0.39653272781006244, 0.39647582281359817, 0.3964666766445851, 0.39645056009073043, 0.396432844971888, 0.3964037922621998, 0.3963634285596147, 0.39625781746144684, 0.39601882014813006, 0.39584287349275715, 0.3957861283730403, 0.39576641407753244, 0.39574969131132853, 0.3957412391900471, 0.3957396145783585, 0.3957388065689518, 0.39573866659279844, 0.39573863668274945, 0.3957386317421825, 0.395738630742438, 0.3957386302115724, 0.3957386300788561, 0.3957386300551611, 0.3957386300459007, 0.39573863004407106, 0.39573863004393117, 0.3957386300438629, 0.3957386300438466, 0.39573863004384324, 0.3957386300438419, 0.3957386300438418, 0.3957386300438416, 0.3957386300438416]}, "10": {"maxiter": 1000, "fatol": 1e-10, "xatol": 1e-05, "duration": 0.16570210456848145, "fun": "0.3957386300459007", "nit": "352", "nfev": "557", "status": "0", "success": "True", "message": "Optimization terminated successfully.", "x": "[7.63185442 1.06324434 0.46712771 1.72512413 4.0939529  5.10821821]", "final_simplex": "(array([[7.63185442, 1.06324434, 0.46712771, 1.72512413, 4.0939529 ,\n        5.10821821],\n       [7.63185115, 1.06323809, 0.46713193, 1.72512865, 4.09395424,\n        5.10822324],\n       [7.63185519, 1.06324021, 0.46712606, 1.72512747, 4.09395524,\n        5.1082154 ],\n       [7.63185173, 1.06324492, 0.4671218 , 1.72512348, 4.09395342,\n        5.10821322],\n       [7.63185325, 1.06323992, 0.46712947, 1.72511972, 4.09395677,\n        5.1082223 ],\n       [7.63185357, 1.06324111, 0.46713187, 1.72512304, 4.09395135,\n        5.10821484],\n       [7.6318547 , 1.06323512, 0.46713165, 1.72512263, 4.09395018,\n        5.10822215]]), array([0.39573863, 0.39573863, 0.39573863, 0.39573863, 0.39573863,\n       0.39573863, 0.39573863]))", "callback": [0.7845617722867799, 0.6822643195583671, 0.6385387151276959, 0.5743421656041094, 0.49221900213994374, 0.410173561810529, 0.39974631640800795, 0.39764243956850787, 0.39730020699585555, 0.39704132312070584, 0.39683555097062806, 0.3966887660975513, 0.39653272781006244, 0.39647582281359817, 0.3964666766445851, 0.39645056009073043, 0.396432844971888, 0.3964037922621998, 0.3963634285596147, 0.39625781746144684, 0.39601882014813006, 0.39584287349275715, 0.3957861283730403, 0.39576641407753244, 0.39574969131132853, 0.3957412391900471, 0.3957396145783585, 0.3957388065689518, 0.39573866659279844, 0.39573863668274945, 0.3957386317421825, 0.395738630742438, 0.3957386302115724, 0.3957386300788561, 0.3957386300551611, 0.3957386300459007]}, "11": {"maxiter": 1000, "fatol": 1e-10, "xatol": 1e-10, "duration": 0.2178192138671875, "fun": "0.3957386300438416", "nit": "444", "nfev": "768", "status": "0", "success": "True", "message": "Optimization terminated successfully.", "x": "[7.63185281 1.06324089 0.46712761 1.72512406 4.093954   5.10821804]", "final_simplex": "(array([[7.63185281, 1.06324089, 0.46712761, 1.72512406, 4.093954  ,\n        5.10821804],\n       [7.63185281, 1.06324089, 0.46712761, 1.72512406, 4.093954  ,\n        5.10821804],\n       [7.63185281, 1.06324089, 0.46712761, 1.72512406, 4.093954  ,\n        5.10821804],\n       [7.63185281, 1.06324089, 0.46712761, 1.72512406, 4.093954  ,\n        5.10821804],\n       [7.63185281, 1.06324089, 0.46712761, 1.72512406, 4.093954  ,\n        5.10821804],\n       [7.63185281, 1.06324089, 0.46712761, 1.72512406, 4.093954  ,\n        5.10821804],\n       [7.63185281, 1.06324089, 0.46712761, 1.72512406, 4.093954  ,\n        5.10821804]]), array([0.39573863, 0.39573863, 0.39573863, 0.39573863, 0.39573863,\n       0.39573863, 0.39573863]))", "callback": [0.7845617722867799, 0.6822643195583671, 0.6385387151276959, 0.5743421656041094, 0.49221900213994374, 0.410173561810529, 0.39974631640800795, 0.39764243956850787, 0.39730020699585555, 0.39704132312070584, 0.39683555097062806, 0.3966887660975513, 0.39653272781006244, 0.39647582281359817, 0.3964666766445851, 0.39645056009073043, 0.396432844971888, 0.3964037922621998, 0.3963634285596147, 0.39625781746144684, 0.39601882014813006, 0.39584287349275715, 0.3957861283730403, 0.39576641407753244, 0.39574969131132853, 0.3957412391900471, 0.3957396145783585, 0.3957388065689518, 0.39573866659279844, 0.39573863668274945, 0.3957386317421825, 0.395738630742438, 0.3957386302115724, 0.3957386300788561, 0.3957386300551611, 0.3957386300459007, 0.39573863004407106, 0.39573863004393117, 0.3957386300438629, 0.3957386300438466, 0.39573863004384324, 0.3957386300438419, 0.3957386300438418, 0.3957386300438416, 0.3957386300438416]}}, "bfgs": {"type": "gradient", "0": {"maxiter": 100, "gtol": 1e-05, "xrtol": 1e-05, "eps": 1e-05, "duration": 0.061940908432006836, "fun": "0.3957386301071639", "jac": "[-9.11026810e-07 -1.18094423e-07 -1.63502545e-06 -3.99147382e-07\n -2.09166018e-08  8.31379410e-07]", "hess_inv": "[[ 4.04600741  0.04524698 -0.30977511 -0.27466372 -0.50810787 -1.00598382]\n [ 0.04524698  4.45720391 -1.7080294  -0.75200019 -0.62009231 -1.51970963]\n [-0.30977511 -1.7080294   6.13111752  2.05625988  1.01387754  3.28707262]\n [-0.27466372 -0.75200019  2.05625988  4.23387995  0.31200661  1.26256101]\n [-0.50810787 -0.62009231  1.01387754  0.31200661  5.51450526  1.56409434]\n [-1.00598382 -1.51970963  3.28707262  1.26256101  1.56409434  5.70836366]]", "nfev": "203", "njev": "29", "status": "0", "success": "True", "message": "Optimization terminated successfully.", "x": "[7.63184779 1.06324276 0.46710374 1.72510903 4.09394764 5.1082028 ]", "nit": "26", "callback": [0.7535147595447841, 0.7371438549961687, 0.7234261239244799, 0.6992453893593868, 0.6696973565609912, 0.6586793541085632, 0.6379390709297013, 0.5992769871416344, 0.5744611250762613, 0.553666721212799, 0.5159864982554593, 0.4571777418260784, 0.42127191442088563, 0.41446328829861456, 0.4035210974921106, 0.39720235768025136, 0.3969378881749529, 0.3964833075314379, 0.3958956861675098, 0.3957928011334666, 0.39576486154219337, 0.39574583135949215, 0.39573987275740663, 0.39573869030324227, 0.3957386313903948, 0.3957386301071639]}, "1": {"maxiter": 100, "gtol": 1e-05, "xrtol": 1e-05, "eps": 1e-10, "duration": 0.061183929443359375, "fun": "0.3957386300508089", "jac": "[ 1.11022293e-06  1.11022293e-06 -1.11022293e-06  1.11022293e-06\n  1.11022293e-06  1.11022293e-06]", "hess_inv": "[[ 4.05210839  0.05568287 -0.33652844 -0.27718095 -0.4988255  -1.01870689]\n [ 0.05568287  4.4532117  -1.74011285 -0.75669495 -0.60639769 -1.54789418]\n [-0.33652844 -1.74011285  6.12252282  2.04347233  0.9989482   3.26211352]\n [-0.27718095 -0.75669495  2.04347233  4.22987021  0.3160994   1.25694516]\n [-0.4988255  -0.60639769  0.9989482   0.3160994   5.52700522  1.56180266]\n [-1.01870689 -1.54789418  3.26211352  1.25694516  1.56180266  5.66686361]]", "nfev": "203", "njev": "29", "status": "0", "success": "True", "message": "Optimization terminated successfully.", "x": "[7.63185264 1.06324324 0.46712287 1.7251251  4.09395928 5.10821814]", "nit": "26", "callback": [0.7535149786781952, 0.737144419339103, 0.7234265010182153, 0.6992462780710398, 0.6696987165595913, 0.6586805865107543, 0.6379400443942091, 0.5992776775403135, 0.5744613978436841, 0.5536692082150643, 0.515990716000098, 0.4571819920642124, 0.42127377979652225, 0.41446413554747885, 0.4035209650518887, 0.3972021350203947, 0.39693769019566083, 0.39648332773026507, 0.39589593779787646, 0.3957928563745583, 0.3957648985856912, 0.3957458231374693, 0.39573987133431876, 0.3957386896041757, 0.3957386309544988, 0.3957386300508089]}, "2": {"maxiter": 100, "gtol": 1e-05, "xrtol": 1e-10, "eps": 1e-05, "duration": 0.060829877853393555, "fun": "0.3957386301071639", "jac": "[-9.11026810e-07 -1.18094423e-07 -1.63502545e-06 -3.99147382e-07\n -2.09166018e-08  8.31379410e-07]", "hess_inv": "[[ 4.04600741  0.04524698 -0.30977511 -0.27466372 -0.50810787 -1.00598382]\n [ 0.04524698  4.45720391 -1.7080294  -0.75200019 -0.62009231 -1.51970963]\n [-0.30977511 -1.7080294   6.13111752  2.05625988  1.01387754  3.28707262]\n [-0.27466372 -0.75200019  2.05625988  4.23387995  0.31200661  1.26256101]\n [-0.50810787 -0.62009231  1.01387754  0.31200661  5.51450526  1.56409434]\n [-1.00598382 -1.51970963  3.28707262  1.26256101  1.56409434  5.70836366]]", "nfev": "203", "njev": "29", "status": "0", "success": "True", "message": "Optimization terminated successfully.", "x": "[7.63184779 1.06324276 0.46710374 1.72510903 4.09394764 5.1082028 ]", "nit": "26", "callback": [0.7535147595447841, 0.7371438549961687, 0.7234261239244799, 0.6992453893593868, 0.6696973565609912, 0.6586793541085632, 0.6379390709297013, 0.5992769871416344, 0.5744611250762613, 0.553666721212799, 0.5159864982554593, 0.4571777418260784, 0.42127191442088563, 0.41446328829861456, 0.4035210974921106, 0.39720235768025136, 0.3969378881749529, 0.3964833075314379, 0.3958956861675098, 0.3957928011334666, 0.39576486154219337, 0.39574583135949215, 0.39573987275740663, 0.39573869030324227, 0.3957386313903948, 0.3957386301071639]}, "3": {"maxiter": 100, "gtol": 1e-05, "xrtol": 1e-10, "eps": 1e-10, "duration": 0.058862924575805664, "fun": "0.3957386300508089", "jac": "[ 1.11022293e-06  1.11022293e-06 -1.11022293e-06  1.11022293e-06\n  1.11022293e-06  1.11022293e-06]", "hess_inv": "[[ 4.05210839  0.05568287 -0.33652844 -0.27718095 -0.4988255  -1.01870689]\n [ 0.05568287  4.4532117  -1.74011285 -0.75669495 -0.60639769 -1.54789418]\n [-0.33652844 -1.74011285  6.12252282  2.04347233  0.9989482   3.26211352]\n [-0.27718095 -0.75669495  2.04347233  4.22987021  0.3160994   1.25694516]\n [-0.4988255  -0.60639769  0.9989482   0.3160994   5.52700522  1.56180266]\n [-1.01870689 -1.54789418  3.26211352  1.25694516  1.56180266  5.66686361]]", "nfev": "203", "njev": "29", "status": "0", "success": "True", "message": "Optimization terminated successfully.", "x": "[7.63185264 1.06324324 0.46712287 1.7251251  4.09395928 5.10821814]", "nit": "26", "callback": [0.7535149786781952, 0.737144419339103, 0.7234265010182153, 0.6992462780710398, 0.6696987165595913, 0.6586805865107543, 0.6379400443942091, 0.5992776775403135, 0.5744613978436841, 0.5536692082150643, 0.515990716000098, 0.4571819920642124, 0.42127377979652225, 0.41446413554747885, 0.4035209650518887, 0.3972021350203947, 0.39693769019566083, 0.39648332773026507, 0.39589593779787646, 0.3957928563745583, 0.3957648985856912, 0.3957458231374693, 0.39573987133431876, 0.3957386896041757, 0.3957386309544988, 0.3957386300508089]}, "4": {"maxiter": 100, "gtol": 1e-10, "xrtol": 1e-05, "eps": 1e-05, "duration": 0.06057405471801758, "fun": "0.3957386301071639", "jac": "[-9.11026810e-07 -1.18094423e-07 -1.63502545e-06 -3.99147382e-07\n -2.09166018e-08  8.31379410e-07]", "hess_inv": "[[ 4.04600741  0.04524698 -0.30977511 -0.27466372 -0.50810787 -1.00598382]\n [ 0.04524698  4.45720391 -1.7080294  -0.75200019 -0.62009231 -1.51970963]\n [-0.30977511 -1.7080294   6.13111752  2.05625988  1.01387754  3.28707262]\n [-0.27466372 -0.75200019  2.05625988  4.23387995  0.31200661  1.26256101]\n [-0.50810787 -0.62009231  1.01387754  0.31200661  5.51450526  1.56409434]\n [-1.00598382 -1.51970963  3.28707262  1.26256101  1.56409434  5.70836366]]", "nfev": "203", "njev": "29", "status": "0", "success": "True", "message": "Optimization terminated successfully.", "x": "[7.63184779 1.06324276 0.46710374 1.72510903 4.09394764 5.1082028 ]", "nit": "26", "callback": [0.7535147595447841, 0.7371438549961687, 0.7234261239244799, 0.6992453893593868, 0.6696973565609912, 0.6586793541085632, 0.6379390709297013, 0.5992769871416344, 0.5744611250762613, 0.553666721212799, 0.5159864982554593, 0.4571777418260784, 0.42127191442088563, 0.41446328829861456, 0.4035210974921106, 0.39720235768025136, 0.3969378881749529, 0.3964833075314379, 0.3958956861675098, 0.3957928011334666, 0.39576486154219337, 0.39574583135949215, 0.39573987275740663, 0.39573869030324227, 0.3957386313903948, 0.3957386301071639]}, "5": {"maxiter": 100, "gtol": 1e-10, "xrtol": 1e-05, "eps": 1e-10, "duration": 0.058793067932128906, "fun": "0.3957386300508089", "jac": "[ 1.11022293e-06  1.11022293e-06 -1.11022293e-06  1.11022293e-06\n  1.11022293e-06  1.11022293e-06]", "hess_inv": "[[ 4.05210839  0.05568287 -0.33652844 -0.27718095 -0.4988255  -1.01870689]\n [ 0.05568287  4.4532117  -1.74011285 -0.75669495 -0.60639769 -1.54789418]\n [-0.33652844 -1.74011285  6.12252282  2.04347233  0.9989482   3.26211352]\n [-0.27718095 -0.75669495  2.04347233  4.22987021  0.3160994   1.25694516]\n [-0.4988255  -0.60639769  0.9989482   0.3160994   5.52700522  1.56180266]\n [-1.01870689 -1.54789418  3.26211352  1.25694516  1.56180266  5.66686361]]", "nfev": "203", "njev": "29", "status": "0", "success": "True", "message": "Optimization terminated successfully.", "x": "[7.63185264 1.06324324 0.46712287 1.7251251  4.09395928 5.10821814]", "nit": "26", "callback": [0.7535149786781952, 0.737144419339103, 0.7234265010182153, 0.6992462780710398, 0.6696987165595913, 0.6586805865107543, 0.6379400443942091, 0.5992776775403135, 0.5744613978436841, 0.5536692082150643, 0.515990716000098, 0.4571819920642124, 0.42127377979652225, 0.41446413554747885, 0.4035209650518887, 0.3972021350203947, 0.39693769019566083, 0.39648332773026507, 0.39589593779787646, 0.3957928563745583, 0.3957648985856912, 0.3957458231374693, 0.39573987133431876, 0.3957386896041757, 0.3957386309544988, 0.3957386300508089]}, "6": {"maxiter": 100, "gtol": 1e-10, "xrtol": 1e-10, "eps": 1e-05, "duration": 0.15859293937683105, "fun": "0.3957386300765078", "jac": "[ 3.17879056e-07  4.72732964e-08  1.56696878e-07 -5.04818409e-08\n  2.01805239e-07 -1.12021503e-07]", "hess_inv": "[[ 3.706642    0.14694281 -0.59222778 -0.29220902 -0.72815971 -0.92854662]\n [ 0.14694281  4.36446962 -1.57697886 -0.75012257 -0.54540879 -1.55408785]\n [-0.59222778 -1.57697886  6.31222932  2.40632486  0.56533965  3.46185586]\n [-0.29220902 -0.75012257  2.40632486  4.52372572  0.09313539  1.34790411]\n [-0.72815971 -0.54540879  0.56533965  0.09313539  5.51925331  1.55729778]\n [-0.92854662 -1.55408785  3.46185586  1.34790411  1.55729778  5.71177   ]]", "nfev": "487", "njev": "68", "status": "2", "success": "False", "message": "Desired error not necessarily achieved due to precision loss.", "x": "[7.63185192 1.06324192 0.46711176 1.72511319 4.09394746 5.10820304]", "nit": "27", "callback": [0.7535147595447841, 0.7371438549961687, 0.7234261239244799, 0.6992453893593868, 0.6696973565609912, 0.6586793541085632, 0.6379390709297013, 0.5992769871416344, 0.5744611250762613, 0.553666721212799, 0.5159864982554593, 0.4571777418260784, 0.42127191442088563, 0.41446328829861456, 0.4035210974921106, 0.39720235768025136, 0.3969378881749529, 0.3964833075314379, 0.3958956861675098, 0.3957928011334666, 0.39576486154219337, 0.39574583135949215, 0.39573987275740663, 0.39573869030324227, 0.3957386313903948, 0.3957386301071639, 0.3957386300765078]}, "7": {"maxiter": 100, "gtol": 1e-10, "xrtol": 1e-10, "eps": 1e-10, "duration": 0.08584284782409668, "fun": "0.3957386300464899", "jac": "[ 1.11022293e-06 -1.11022293e-06  0.00000000e+00  2.22044587e-06\n  1.11022293e-06  0.00000000e+00]", "hess_inv": "[[ 2.81487549 -1.07206974  0.84481018 -0.63261744 -0.95351491 -0.38288703]\n [-1.07206974  3.5263573  -0.59389898 -0.86732827 -0.55568815 -0.53446268]\n [ 0.84481018 -0.59389898  5.04315141  2.53866918  1.7971568   2.98499752]\n [-0.63261744 -0.86732827  2.53866918  4.67020655  1.60819541  2.67201202]\n [-0.95351491 -0.55568815  1.7971568   1.60819541  9.60983976  5.30702698]\n [-0.38288703 -0.53446268  2.98499752  2.67201202  5.30702698  8.29044675]]", "nfev": "287", "njev": "41", "status": "0", "success": "True", "message": "Optimization terminated successfully.", "x": "[7.63184999 1.06324021 0.46712494 1.72512262 4.09395344 5.1082154 ]", "nit": "28", "callback": [0.7535149786781952, 0.737144419339103, 0.7234265010182153, 0.6992462780710398, 0.6696987165595913, 0.6586805865107543, 0.6379400443942091, 0.5992776775403135, 0.5744613978436841, 0.5536692082150643, 0.515990716000098, 0.4571819920642124, 0.42127377979652225, 0.41446413554747885, 0.4035209650518887, 0.3972021350203947, 0.39693769019566083, 0.39648332773026507, 0.39589593779787646, 0.3957928563745583, 0.3957648985856912, 0.3957458231374693, 0.39573987133431876, 0.3957386896041757, 0.3957386309544988, 0.3957386300508089, 0.3957386300464899, 0.3957386300464899]}, "8": {"maxiter": 500, "gtol": 1e-05, "xrtol": 1e-05, "eps": 1e-05, "duration": 0.06561517715454102, "fun": "0.3957386301071639", "jac": "[-9.11026810e-07 -1.18094423e-07 -1.63502545e-06 -3.99147382e-07\n -2.09166018e-08  8.31379410e-07]", "hess_inv": "[[ 4.04600741  0.04524698 -0.30977511 -0.27466372 -0.50810787 -1.00598382]\n [ 0.04524698  4.45720391 -1.7080294  -0.75200019 -0.62009231 -1.51970963]\n [-0.30977511 -1.7080294   6.13111752  2.05625988  1.01387754  3.28707262]\n [-0.27466372 -0.75200019  2.05625988  4.23387995  0.31200661  1.26256101]\n [-0.50810787 -0.62009231  1.01387754  0.31200661  5.51450526  1.56409434]\n [-1.00598382 -1.51970963  3.28707262  1.26256101  1.56409434  5.70836366]]", "nfev": "203", "njev": "29", "status": "0", "success": "True", "message": "Optimization terminated successfully.", "x": "[7.63184779 1.06324276 0.46710374 1.72510903 4.09394764 5.1082028 ]", "nit": "26", "callback": [0.7535147595447841, 0.7371438549961687, 0.7234261239244799, 0.6992453893593868, 0.6696973565609912, 0.6586793541085632, 0.6379390709297013, 0.5992769871416344, 0.5744611250762613, 0.553666721212799, 0.5159864982554593, 0.4571777418260784, 0.42127191442088563, 0.41446328829861456, 0.4035210974921106, 0.39720235768025136, 0.3969378881749529, 0.3964833075314379, 0.3958956861675098, 0.3957928011334666, 0.39576486154219337, 0.39574583135949215, 0.39573987275740663, 0.39573869030324227, 0.3957386313903948, 0.3957386301071639]}, "9": {"maxiter": 500, "gtol": 1e-05, "xrtol": 1e-05, "eps": 1e-10, "duration": 0.06102705001831055, "fun": "0.3957386300508089", "jac": "[ 1.11022293e-06  1.11022293e-06 -1.11022293e-06  1.11022293e-06\n  1.11022293e-06  1.11022293e-06]", "hess_inv": "[[ 4.05210839  0.05568287 -0.33652844 -0.27718095 -0.4988255  -1.01870689]\n [ 0.05568287  4.4532117  -1.74011285 -0.75669495 -0.60639769 -1.54789418]\n [-0.33652844 -1.74011285  6.12252282  2.04347233  0.9989482   3.26211352]\n [-0.27718095 -0.75669495  2.04347233  4.22987021  0.3160994   1.25694516]\n [-0.4988255  -0.60639769  0.9989482   0.3160994   5.52700522  1.56180266]\n [-1.01870689 -1.54789418  3.26211352  1.25694516  1.56180266  5.66686361]]", "nfev": "203", "njev": "29", "status": "0", "success": "True", "message": "Optimization terminated successfully.", "x": "[7.63185264 1.06324324 0.46712287 1.7251251  4.09395928 5.10821814]", "nit": "26", "callback": [0.7535149786781952, 0.737144419339103, 0.7234265010182153, 0.6992462780710398, 0.6696987165595913, 0.6586805865107543, 0.6379400443942091, 0.5992776775403135, 0.5744613978436841, 0.5536692082150643, 0.515990716000098, 0.4571819920642124, 0.42127377979652225, 0.41446413554747885, 0.4035209650518887, 0.3972021350203947, 0.39693769019566083, 0.39648332773026507, 0.39589593779787646, 0.3957928563745583, 0.3957648985856912, 0.3957458231374693, 0.39573987133431876, 0.3957386896041757, 0.3957386309544988, 0.3957386300508089]}, "10": {"maxiter": 500, "gtol": 1e-05, "xrtol": 1e-10, "eps": 1e-05, "duration": 0.05702614784240723, "fun": "0.3957386301071639", "jac": "[-9.11026810e-07 -1.18094423e-07 -1.63502545e-06 -3.99147382e-07\n -2.09166018e-08  8.31379410e-07]", "hess_inv": "[[ 4.04600741  0.04524698 -0.30977511 -0.27466372 -0.50810787 -1.00598382]\n [ 0.04524698  4.45720391 -1.7080294  -0.75200019 -0.62009231 -1.51970963]\n [-0.30977511 -1.7080294   6.13111752  2.05625988  1.01387754  3.28707262]\n [-0.27466372 -0.75200019  2.05625988  4.23387995  0.31200661  1.26256101]\n [-0.50810787 -0.62009231  1.01387754  0.31200661  5.51450526  1.56409434]\n [-1.00598382 -1.51970963  3.28707262  1.26256101  1.56409434  5.70836366]]", "nfev": "203", "njev": "29", "status": "0", "success": "True", "message": "Optimization terminated successfully.", "x": "[7.63184779 1.06324276 0.46710374 1.72510903 4.09394764 5.1082028 ]", "nit": "26", "callback": [0.7535147595447841, 0.7371438549961687, 0.7234261239244799, 0.6992453893593868, 0.6696973565609912, 0.6586793541085632, 0.6379390709297013, 0.5992769871416344, 0.5744611250762613, 0.553666721212799, 0.5159864982554593, 0.4571777418260784, 0.42127191442088563, 0.41446328829861456, 0.4035210974921106, 0.39720235768025136, 0.3969378881749529, 0.3964833075314379, 0.3958956861675098, 0.3957928011334666, 0.39576486154219337, 0.39574583135949215, 0.39573987275740663, 0.39573869030324227, 0.3957386313903948, 0.3957386301071639]}, "11": {"maxiter": 500, "gtol": 1e-05, "xrtol": 1e-10, "eps": 1e-10, "duration": 0.054276227951049805, "fun": "0.3957386300508089", "jac": "[ 1.11022293e-06  1.11022293e-06 -1.11022293e-06  1.11022293e-06\n  1.11022293e-06  1.11022293e-06]", "hess_inv": "[[ 4.05210839  0.05568287 -0.33652844 -0.27718095 -0.4988255  -1.01870689]\n [ 0.05568287  4.4532117  -1.74011285 -0.75669495 -0.60639769 -1.54789418]\n [-0.33652844 -1.74011285  6.12252282  2.04347233  0.9989482   3.26211352]\n [-0.27718095 -0.75669495  2.04347233  4.22987021  0.3160994   1.25694516]\n [-0.4988255  -0.60639769  0.9989482   0.3160994   5.52700522  1.56180266]\n [-1.01870689 -1.54789418  3.26211352  1.25694516  1.56180266  5.66686361]]", "nfev": "203", "njev": "29", "status": "0", "success": "True", "message": "Optimization terminated successfully.", "x": "[7.63185264 1.06324324 0.46712287 1.7251251  4.09395928 5.10821814]", "nit": "26", "callback": [0.7535149786781952, 0.737144419339103, 0.7234265010182153, 0.6992462780710398, 0.6696987165595913, 0.6586805865107543, 0.6379400443942091, 0.5992776775403135, 0.5744613978436841, 0.5536692082150643, 0.515990716000098, 0.4571819920642124, 0.42127377979652225, 0.41446413554747885, 0.4035209650518887, 0.3972021350203947, 0.39693769019566083, 0.39648332773026507, 0.39589593779787646, 0.3957928563745583, 0.3957648985856912, 0.3957458231374693, 0.39573987133431876, 0.3957386896041757, 0.3957386309544988, 0.3957386300508089]}, "12": {"maxiter": 500, "gtol": 1e-10, "xrtol": 1e-05, "eps": 1e-05, "duration": 0.06073284149169922, "fun": "0.3957386301071639", "jac": "[-9.11026810e-07 -1.18094423e-07 -1.63502545e-06 -3.99147382e-07\n -2.09166018e-08  8.31379410e-07]", "hess_inv": "[[ 4.04600741  0.04524698 -0.30977511 -0.27466372 -0.50810787 -1.00598382]\n [ 0.04524698  4.45720391 -1.7080294  -0.75200019 -0.62009231 -1.51970963]\n [-0.30977511 -1.7080294   6.13111752  2.05625988  1.01387754  3.28707262]\n [-0.27466372 -0.75200019  2.05625988  4.23387995  0.31200661  