{"date": "2024/09/25/, 11:52:31", "conf_id": 221, "data_type": "non_lin_ind\n", "num_data_points": 4, "s_rank": 0, "unitary": "[[-0.56303964-0.00798273j,-0.21670212-0.15784972j,-0.06047197-0.73952673j,-0.01438004+0.24552571j],[-0.06976756+0.23474685j,-0.01275565-0.5435098j,-0.02703657-0.08917885j,-0.08210486-0.79311774j],[-0.38559961+0.10714929j,0.5933431-0.2687392j,-0.24060861+0.29149289j,-0.45147719+0.26241743j],[-0.50180421+0.45931857j,-0.11617175+0.44134496j,0.49642745+0.22684508j,-0.08544628-0.15407063j]]", "databatch_0": {"databatch": "[[[-0.14436778-0.07720623j,0.06186291-0.02375018j,0.0424702+0.03585939j,0.0145493+0.00878846j],[-0.12911357-0.25808002j,0.11319318+0.02881454j,0.02459692+0.09483839j,0.01198601+0.02745902j],[-0.58426591+0.36069576j,0.04429542-0.27436863j,0.21954742-0.07839584j,0.06253554-0.03422652j],[0.25097189-0.36156913j,0.0442276+0.17257104j,-0.10893889+0.10228721j,-0.0279837+0.03612604j]],[[0.06880295+0.04206796j,0.07994103-0.11261738j,-0.0071554-0.08374532j,0.02386186+0.03690273j],[0.05616429+0.130583j,0.22968744-0.08064508j,0.07497207-0.1277822j,-0.00323996+0.07739301j],[0.29756868-0.16078526j,-0.23981013-0.52725098j,-0.3187276-0.15059355j,0.18410344-0.00872629j],[-0.13368953+0.17068081j,0.27593288+0.24842295j,0.22585747+0.00687789j,-0.10595095+0.05227092j]],[[-0.09697287+0.05909821j,-0.09395729+0.04114708j,0.03594168+0.07256952j,0.04372346-0.05181901j],[-0.19970164-0.01370228j,-0.17708525-0.03646082j,-0.02217405+0.14101148j,0.11567234-0.0300414j],[0.00985666+0.47618505j,-0.04887359+0.42740965j,0.33888872+0.02266131j,-0.09571504-0.26776853j],[-0.12772799-0.27729864j,-0.08072625-0.26367551j,-0.20494544+0.07346209j,0.12481246+0.13284036j]],[[-0.01175748+0.04284364j,-0.12246425-0.02993728j,-0.09782599-0.01338103j,0.08148525-0.01777941j],[-0.06053966+0.04967427j,-0.14572592-0.16776552j,-0.12713242-0.11885748j,0.13534745+0.05738459j],[0.1305574+0.13294594j,-0.36670483+0.38092229j,-0.254737+0.32648993j,0.1073087-0.3329288j],[-0.11076323-0.04469197j,0.11794619-0.31774444j,0.06608847-0.25708671j,0.02219424+0.22311871j]]]", "initial param values": "[4.05992182,1.75225132,0.17531721,2.65763892,3.61907853,2.32520057]", "nelder_mead": {"type": "gradient-free", "0": {"maxiter": 100, "fatol": 1e-05, "xatol": 1e-05, "duration": 0.03733491897583008, "fun": "0.03071092314395274", "nit": "100", "nfev": "158", "status": "2", "success": "False", "message": "Maximum number of iterations has been exceeded.", "x": "[4.42295128 2.07715406 0.30072154 1.73587772 1.92401107 0.53920853]", "final_simplex": "(array([[4.42295128, 2.07715406, 0.30072154, 1.73587772, 1.92401107,\n        0.53920853],\n       [4.39697147, 2.06162051, 0.29930162, 1.73342037, 1.91038174,\n        0.53362473],\n       [4.43211761, 2.06148009, 0.29888548, 1.73234448, 1.91705375,\n        0.50214456],\n       [4.43379541, 2.0549731 , 0.29676962, 1.72994263, 1.92303056,\n        0.57934598],\n       [4.39411773, 2.07503501, 0.30015742, 1.69294373, 1.88349988,\n        0.53805047],\n       [4.41334295, 2.04709417, 0.29711902, 1.69643264, 1.99101142,\n        0.59688302],\n       [4.41738578, 2.07378933, 0.30303496, 1.68470003, 1.85893637,\n        0.51993129]]), array([0.03071092, 0.03120472, 0.03123247, 0.03147913, 0.03165824,\n       0.03169959, 0.03169982]))", "callback": [0.4095396342473836, 0.36188368177348873, 0.2923998747686496, 0.18691753706723935, 0.12267650872094393, 0.0868237331690146, 0.04917535242384041, 0.03767273478156219, 0.03262188288271095, 0.03169982326455689]}, "1": {"maxiter": 100, "fatol": 1e-05, "xatol": 1e-10, "duration": 0.036479949951171875, "fun": "0.03071092314395274", "nit": "100", "nfev": "158", "status": "2", "success": "False", "message": "Maximum number of iterations has been exceeded.", "x": "[4.42295128 2.07715406 0.30072154 1.73587772 1.92401107 0.53920853]", "final_simplex": "(array([[4.42295128, 2.07715406, 0.30072154, 1.73587772, 1.92401107,\n        0.53920853],\n       [4.39697147, 2.06162051, 0.29930162, 1.73342037, 1.91038174,\n        0.53362473],\n       [4.43211761, 2.06148009, 0.29888548, 1.73234448, 1.91705375,\n        0.50214456],\n       [4.43379541, 2.0549731 , 0.29676962, 1.72994263, 1.92303056,\n        0.57934598],\n       [4.39411773, 2.07503501, 0.30015742, 1.69294373, 1.88349988,\n        0.53805047],\n       [4.41334295, 2.04709417, 0.29711902, 1.69643264, 1.99101142,\n        0.59688302],\n       [4.41738578, 2.07378933, 0.30303496, 1.68470003, 1.85893637,\n        0.51993129]]), array([0.03071092, 0.03120472, 0.03123247, 0.03147913, 0.03165824,\n       0.03169959, 0.03169982]))", "callback": [0.4095396342473836, 0.36188368177348873, 0.2923998747686496, 0.18691753706723935, 0.12267650872094393, 0.0868237331690146, 0.04917535242384041, 0.03767273478156219, 0.03262188288271095, 0.03169982326455689]}, "2": {"maxiter": 100, "fatol": 1e-10, "xatol": 1e-05, "duration": 0.03723621368408203, "fun": "0.03071092314395274", "nit": "100", "nfev": "158", "status": "2", "success": "False", "message": "Maximum number of iterations has been exceeded.", "x": "[4.42295128 2.07715406 0.30072154 1.73587772 1.92401107 0.53920853]", "final_simplex": "(array([[4.42295128, 2.07715406, 0.30072154, 1.73587772, 1.92401107,\n        0.53920853],\n       [4.39697147, 2.06162051, 0.29930162, 1.73342037, 1.91038174,\n        0.53362473],\n       [4.43211761, 2.06148009, 0.29888548, 1.73234448, 1.91705375,\n        0.50214456],\n       [4.43379541, 2.0549731 , 0.29676962, 1.72994263, 1.92303056,\n        0.57934598],\n       [4.39411773, 2.07503501, 0.30015742, 1.69294373, 1.88349988,\n        0.53805047],\n       [4.41334295, 2.04709417, 0.29711902, 1.69643264, 1.99101142,\n        0.59688302],\n       [4.41738578, 2.07378933, 0.30303496, 1.68470003, 1.85893637,\n        0.51993129]]), array([0.03071092, 0.03120472, 0.03123247, 0.03147913, 0.03165824,\n       0.03169959, 0.03169982]))", "callback": [0.4095396342473836, 0.36188368177348873, 0.2923998747686496, 0.18691753706723935, 0.12267650872094393, 0.0868237331690146, 0.04917535242384041, 0.03767273478156219, 0.03262188288271095, 0.03169982326455689]}, "3": {"maxiter": 100, "fatol": 1e-10, "xatol": 1e-10, "duration": 0.03521466255187988, "fun": "0.03071092314395274", "nit": "100", "nfev": "158", "status": "2", "success": "False", "message": "Maximum number of iterations has been exceeded.", "x": "[4.42295128 2.07715406 0.30072154 1.73587772 1.92401107 0.53920853]", "final_simplex": "(array([[4.42295128, 2.07715406, 0.30072154, 1.73587772, 1.92401107,\n        0.53920853],\n       [4.39697147, 2.06162051, 0.29930162, 1.73342037, 1.91038174,\n        0.53362473],\n       [4.43211761, 2.06148009, 0.29888548, 1.73234448, 1.91705375,\n        0.50214456],\n       [4.43379541, 2.0549731 , 0.29676962, 1.72994263, 1.92303056,\n        0.57934598],\n       [4.39411773, 2.07503501, 0.30015742, 1.69294373, 1.88349988,\n        0.53805047],\n       [4.41334295, 2.04709417, 0.29711902, 1.69643264, 1.99101142,\n        0.59688302],\n       [4.41738578, 2.07378933, 0.30303496, 1.68470003, 1.85893637,\n        0.51993129]]), array([0.03071092, 0.03120472, 0.03123247, 0.03147913, 0.03165824,\n       0.03169959, 0.03169982]))", "callback": [0.4095396342473836, 0.36188368177348873, 0.2923998747686496, 0.18691753706723935, 0.12267650872094393, 0.0868237331690146, 0.04917535242384041, 0.03767273478156219, 0.03262188288271095, 0.03169982326455689]}, "4": {"maxiter": 500, "fatol": 1e-05, "xatol": 1e-05, "duration": 0.08641219139099121, "fun": "0.030211169239871993", "nit": "236", "nfev": "385", "status": "0", "success": "True", "message": "Optimization terminated successfully.", "x": "[4.42024137 2.12730963 0.30743152 1.70195516 1.94795946 0.53775024]", "final_simplex": "(array([[4.42024137, 2.12730963, 0.30743152, 1.70195516, 1.94795946,\n        0.53775024],\n       [4.42024404, 2.12731888, 0.30743265, 1.70195363, 1.94795655,\n        0.53775341],\n       [4.42023825, 2.12731258, 0.30743204, 1.70195262, 1.94795964,\n        0.53775233],\n       [4.42024122, 2.12731407, 0.30743247, 1.70194791, 1.94795793,\n        0.53775176],\n       [4.4202446 , 2.12731165, 0.30743134, 1.70195413, 1.94795824,\n        0.53775668],\n       [4.42023911, 2.12731034, 0.30743169, 1.7019579 , 1.94796235,\n        0.53775122],\n       [4.42024309, 2.12731186, 0.30743143, 1.70195577, 1.94796843,\n        0.53775633]]), array([0.03021117, 0.03021117, 0.03021117, 0.03021117, 0.03021117,\n       0.03021117, 0.03021117]))", "callback": [0.4095396342473836, 0.36188368177348873, 0.2923998747686496, 0.18691753706723935, 0.12267650872094393, 0.0868237331690146, 0.04917535242384041, 0.03767273478156219, 0.03262188288271095, 0.03169982326455689, 0.03071092314395274, 0.03048095472785839, 0.030359112786739084, 0.030237788234809715, 0.030218570561240887, 0.030212647879209076, 0.030211609367693848, 0.030211297174094986, 0.030211198461651323, 0.03021117521294192, 0.030211170920193098, 0.030211169477738165, 0.03021116928365364, 0.030211169243902103]}, "5": {"maxiter": 500, "fatol": 1e-05, "xatol": 1e-10, "duration": 0.13797593116760254, "fun": "0.030211169234418578", "nit": "339", "nfev": "610", "status": "0", "success": "True", "message": "Optimization terminated successfully.", "x": "[4.42024268 2.12731571 0.30743263 1.70195219 1.94795455 0.53774889]", "final_simplex": "(array([[4.42024268, 2.12731571, 0.30743263, 1.70195219, 1.94795455,\n        0.53774889],\n       [4.42024268, 2.12731571, 0.30743263, 1.70195219, 1.94795455,\n        0.53774889],\n       [4.42024268, 2.12731571, 0.30743263, 1.70195219, 1.94795455,\n        0.53774889],\n       [4.42024268, 2.12731571, 0.30743263, 1.70195219, 1.94795455,\n        0.53774889],\n       [4.42024268, 2.12731571, 0.30743263, 1.70195219, 1.94795455,\n        0.53774889],\n       [4.42024268, 2.12731571, 0.30743263, 1.70195219, 1.94795455,\n        0.53774889],\n       [4.42024268, 2.12731571, 0.30743263, 1.70195219, 1.94795455,\n        0.53774889]]), array([0.03021117, 0.03021117, 0.03021117, 0.03021117, 0.03021117,\n       0.03021117, 0.03021117]))", "callback": [0.4095396342473836, 0.36188368177348873, 0.2923998747686496, 0.18691753706723935, 0.12267650872094393, 0.0868237331690146, 0.04917535242384041, 0.03767273478156219, 0.03262188288271095, 0.03169982326455689, 0.03071092314395274, 0.03048095472785839, 0.030359112786739084, 0.030237788234809715, 0.030218570561240887, 0.030212647879209076, 0.030211609367693848, 0.030211297174094986, 0.030211198461651323, 0.03021117521294192, 0.030211170920193098, 0.030211169477738165, 0.03021116928365364, 0.030211169243902103, 0.03021116923475564, 0.03021116923475564, 0.030211169234563573, 0.030211169234463098, 0.030211169234425905, 0.0302111692344198, 0.030211169234419244, 0.0302111692344188, 0.030211169234418578, 0.030211169234418578]}, "6": {"maxiter": 500, "fatol": 1e-10, "xatol": 1e-05, "duration": 0.08843493461608887, "fun": "0.030211169239871993", "nit": "236", "nfev": "385", "status": "0", "success": "True", "message": "Optimization terminated successfully.", "x": "[4.42024137 2.12730963 0.30743152 1.70195516 1.94795946 0.53775024]", "final_simplex": "(array([[4.42024137, 2.12730963, 0.30743152, 1.70195516, 1.94795946,\n        0.53775024],\n       [4.42024404, 2.12731888, 0.30743265, 1.70195363, 1.94795655,\n        0.53775341],\n       [4.42023825, 2.12731258, 0.30743204, 1.70195262, 1.94795964,\n        0.53775233],\n       [4.42024122, 2.12731407, 0.30743247, 1.70194791, 1.94795793,\n        0.53775176],\n       [4.4202446 , 2.12731165, 0.30743134, 1.70195413, 1.94795824,\n        0.53775668],\n       [4.42023911, 2.12731034, 0.30743169, 1.7019579 , 1.94796235,\n        0.53775122],\n       [4.42024309, 2.12731186, 0.30743143, 1.70195577, 1.94796843,\n        0.53775633]]), array([0.03021117, 0.03021117, 0.03021117, 0.03021117, 0.03021117,\n       0.03021117, 0.03021117]))", "callback": [0.4095396342473836, 0.36188368177348873, 0.2923998747686496, 0.18691753706723935, 0.12267650872094393, 0.0868237331690146, 0.04917535242384041, 0.03767273478156219, 0.03262188288271095, 0.03169982326455689, 0.03071092314395274, 0.03048095472785839, 0.030359112786739084, 0.030237788234809715, 0.030218570561240887, 0.030212647879209076, 0.030211609367693848, 0.030211297174094986, 0.030211198461651323, 0.03021117521294192, 0.030211170920193098, 0.030211169477738165, 0.03021116928365364, 0.030211169243902103]}, "7": {"maxiter": 500, "fatol": 1e-10, "xatol": 1e-10, "duration": 0.18903088569641113, "fun": "0.030211169234418578", "nit": "339", "nfev": "610", "status": "0", "success": "True", "message": "Optimization terminated successfully.", "x": "[4.42024268 2.12731571 0.30743263 1.70195219 1.94795455 0.53774889]", "final_simplex": "(array([[4.42024268, 2.12731571, 0.30743263, 1.70195219, 1.94795455,\n        0.53774889],\n       [4.42024268, 2.12731571, 0.30743263, 1.70195219, 1.94795455,\n        0.53774889],\n       [4.42024268, 2.12731571, 0.30743263, 1.70195219, 1.94795455,\n        0.53774889],\n       [4.42024268, 2.12731571, 0.30743263, 1.70195219, 1.94795455,\n        0.53774889],\n       [4.42024268, 2.12731571, 0.30743263, 1.70195219, 1.94795455,\n        0.53774889],\n       [4.42024268, 2.12731571, 0.30743263, 1.70195219, 1.94795455,\n        0.53774889],\n       [4.42024268, 2.12731571, 0.30743263, 1.70195219, 1.94795455,\n        0.53774889]]), array([0.03021117, 0.03021117, 0.03021117, 0.03021117, 0.03021117,\n       0.03021117, 0.03021117]))", "callback": [0.4095396342473836, 0.36188368177348873, 0.2923998747686496, 0.18691753706723935, 0.12267650872094393, 0.0868237331690146, 0.04917535242384041, 0.03767273478156219, 0.03262188288271095, 0.03169982326455689, 0.03071092314395274, 0.03048095472785839, 0.030359112786739084, 0.030237788234809715, 0.030218570561240887, 0.030212647879209076, 0.030211609367693848, 0.030211297174094986, 0.030211198461651323, 0.03021117521294192, 0.030211170920193098, 0.030211169477738165, 0.03021116928365364, 0.030211169243902103, 0.03021116923475564, 0.03021116923475564, 0.030211169234563573, 0.030211169234463098, 0.030211169234425905, 0.0302111692344198, 0.030211169234419244, 0.0302111692344188, 0.030211169234418578, 0.030211169234418578]}, "8": {"maxiter": 1000, "fatol": 1e-05, "xatol": 1e-05, "duration": 0.09303879737854004, "fun": "0.030211169239871993", "nit": "236", "nfev": "385", "status": "0", "success": "True", "message": "Optimization terminated successfully.", "x": "[4.42024137 2.12730963 0.30743152 1.70195516 1.94795946 0.53775024]", "final_simplex": "(array([[4.42024137, 2.12730963, 0.30743152, 1.70195516, 1.94795946,\n        0.53775024],\n       [4.42024404, 2.12731888, 0.30743265, 1.70195363, 1.94795655,\n        0.53775341],\n       [4.42023825, 2.12731258, 0.30743204, 1.70195262, 1.94795964,\n        0.53775233],\n       [4.42024122, 2.12731407, 0.30743247, 1.70194791, 1.94795793,\n        0.53775176],\n       [4.4202446 , 2.12731165, 0.30743134, 1.70195413, 1.94795824,\n        0.53775668],\n       [4.42023911, 2.12731034, 0.30743169, 1.7019579 , 1.94796235,\n        0.53775122],\n       [4.42024309, 2.12731186, 0.30743143, 1.70195577, 1.94796843,\n        0.53775633]]), array([0.03021117, 0.03021117, 0.03021117, 0.03021117, 0.03021117,\n       0.03021117, 0.03021117]))", "callback": [0.4095396342473836, 0.36188368177348873, 0.2923998747686496, 0.18691753706723935, 0.12267650872094393, 0.0868237331690146, 0.04917535242384041, 0.03767273478156219, 0.03262188288271095, 0.03169982326455689, 0.03071092314395274, 0.03048095472785839, 0.030359112786739084, 0.030237788234809715, 0.030218570561240887, 0.030212647879209076, 0.030211609367693848, 0.030211297174094986, 0.030211198461651323, 0.03021117521294192, 0.030211170920193098, 0.030211169477738165, 0.03021116928365364, 0.030211169243902103]}, "9": {"maxiter": 1000, "fatol": 1e-05, "xatol": 1e-10, "duration": 0.14289426803588867, "fun": "0.030211169234418578", "nit": "339", "nfev": "610", "status": "0", "success": "True", "message": "Optimization terminated successfully.", "x": "[4.42024268 2.12731571 0.30743263 1.70195219 1.94795455 0.53774889]", "final_simplex": "(array([[4.42024268, 2.12731571, 0.30743263, 1.70195219, 1.94795455,\n        0.53774889],\n       [4.42024268, 2.12731571, 0.30743263, 1.70195219, 1.94795455,\n        0.53774889],\n       [4.42024268, 2.12731571, 0.30743263, 1.70195219, 1.94795455,\n        0.53774889],\n       [4.42024268, 2.12731571, 0.30743263, 1.70195219, 1.94795455,\n        0.53774889],\n       [4.42024268, 2.12731571, 0.30743263, 1.70195219, 1.94795455,\n        0.53774889],\n       [4.42024268, 2.12731571, 0.30743263, 1.70195219, 1.94795455,\n        0.53774889],\n       [4.42024268, 2.12731571, 0.30743263, 1.70195219, 1.94795455,\n        0.53774889]]), array([0.03021117, 0.03021117, 0.03021117, 0.03021117, 0.03021117,\n       0.03021117, 0.03021117]))", "callback": [0.4095396342473836, 0.36188368177348873, 0.2923998747686496, 0.18691753706723935, 0.12267650872094393, 0.0868237331690146, 0.04917535242384041, 0.03767273478156219, 0.03262188288271095, 0.03169982326455689, 0.03071092314395274, 0.03048095472785839, 0.030359112786739084, 0.030237788234809715, 0.030218570561240887, 0.030212647879209076, 0.030211609367693848, 0.030211297174094986, 0.030211198461651323, 0.03021117521294192, 0.030211170920193098, 0.030211169477738165, 0.03021116928365364, 0.030211169243902103, 0.03021116923475564, 0.03021116923475564, 0.030211169234563573, 0.030211169234463098, 0.030211169234425905, 0.0302111692344198, 0.030211169234419244, 0.0302111692344188, 0.030211169234418578, 0.030211169234418578]}, "10": {"maxiter": 1000, "fatol": 1e-10, "xatol": 1e-05, "duration": 0.08887696266174316, "fun": "0.030211169239871993", "nit": "236", "nfev": "385", "status": "0", "success": "True", "message": "Optimization terminated successfully.", "x": "[4.42024137 2.12730963 0.30743152 1.70195516 1.94795946 0.53775024]", "final_simplex": "(array([[4.42024137, 2.12730963, 0.30743152, 1.70195516, 1.94795946,\n        0.53775024],\n       [4.42024404, 2.12731888, 0.30743265, 1.70195363, 1.94795655,\n        0.53775341],\n       [4.42023825, 2.12731258, 0.30743204, 1.70195262, 1.94795964,\n        0.53775233],\n       [4.42024122, 2.12731407, 0.30743247, 1.70194791, 1.94795793,\n        0.53775176],\n       [4.4202446 , 2.12731165, 0.30743134, 1.70195413, 1.94795824,\n        0.53775668],\n       [4.42023911, 2.12731034, 0.30743169, 1.7019579 , 1.94796235,\n        0.53775122],\n       [4.42024309, 2.12731186, 0.30743143, 1.70195577, 1.94796843,\n        0.53775633]]), array([0.03021117, 0.03021117, 0.03021117, 0.03021117, 0.03021117,\n       0.03021117, 0.03021117]))", "callback": [0.4095396342473836, 0.36188368177348873, 0.2923998747686496, 0.18691753706723935, 0.12267650872094393, 0.0868237331690146, 0.04917535242384041, 0.03767273478156219, 0.03262188288271095, 0.03169982326455689, 0.03071092314395274, 0.03048095472785839, 0.030359112786739084, 0.030237788234809715, 0.030218570561240887, 0.030212647879209076, 0.030211609367693848, 0.030211297174094986, 0.030211198461651323, 0.03021117521294192, 0.030211170920193098, 0.030211169477738165, 0.03021116928365364, 0.030211169243902103]}, "11": {"maxiter": 1000, "fatol": 1e-10, "xatol": 1e-10, "duration": 0.14707016944885254, "fun": "0.030211169234418578", "nit": "339", "nfev": "610", "status": "0", "success": "True", "message": "Optimization terminated successfully.", "x": "[4.42024268 2.12731571 0.30743263 1.70195219 1.94795455 0.53774889]", "final_simplex": "(array([[4.42024268, 2.12731571, 0.30743263, 1.70195219, 1.94795455,\n        0.53774889],\n       [4.42024268, 2.12731571, 0.30743263, 1.70195219, 1.94795455,\n        0.53774889],\n       [4.42024268, 2.12731571, 0.30743263, 1.70195219, 1.94795455,\n        0.53774889],\n       [4.42024268, 2.12731571, 0.30743263, 1.70195219, 1.94795455,\n        0.53774889],\n       [4.42024268, 2.12731571, 0.30743263, 1.70195219, 1.94795455,\n        0.53774889],\n       [4.42024268, 2.12731571, 0.30743263, 1.70195219, 1.94795455,\n        0.53774889],\n       [4.42024268, 2.12731571, 0.30743263, 1.70195219, 1.94795455,\n        0.53774889]]), array([0.03021117, 0.03021117, 0.03021117, 0.03021117, 0.03021117,\n       0.03021117, 0.03021117]))", "callback": [0.4095396342473836, 0.36188368177348873, 0.2923998747686496, 0.18691753706723935, 0.12267650872094393, 0.0868237331690146, 0.04917535242384041, 0.03767273478156219, 0.03262188288271095, 0.03169982326455689, 0.03071092314395274, 0.03048095472785839, 0.030359112786739084, 0.030237788234809715, 0.030218570561240887, 0.030212647879209076, 0.030211609367693848, 0.030211297174094986, 0.030211198461651323, 0.03021117521294192, 0.030211170920193098, 0.030211169477738165, 0.03021116928365364, 0.030211169243902103, 0.03021116923475564, 0.03021116923475564, 0.030211169234563573, 0.030211169234463098, 0.030211169234425905, 0.0302111692344198, 0.030211169234419244, 0.0302111692344188, 0.030211169234418578, 0.030211169234418578]}}, "bfgs": {"type": "gradient", "0": {"maxiter": 100, "gtol": 1e-05, "xrtol": 1e-05, "eps": 1e-05, "duration": 0.03255820274353027, "fun": "0.030211169271713967", "jac": "[-1.03927977e-06  7.78577203e-07 -7.49700302e-07 -1.22196697e-06\n  9.08928488e-07 -2.79398726e-07]", "hess_inv": "[[ 2.57315938  0.24447331  0.11817125 -0.82439804  0.20294602  1.07729723]\n [ 0.24447331  3.88758938  1.46062147 -1.18363603 -0.11011854 -0.86885956]\n [ 0.11817125  1.46062147  3.31760474 -0.29800694 -1.6097039  -0.68412025]\n [-0.82439804 -1.18363603 -0.29800694  2.41352706  0.26633827  0.05471802]\n [ 0.20294602 -0.11011854 -1.6097039   0.26633827  3.022111    0.64631648]\n [ 1.07729723 -0.86885956 -0.68412025  0.05471802  0.64631648  3.00451789]]", "nfev": "133", "njev": "19", "status": "0", "success": "True", "message": "Optimization terminated successfully.", "x": "[4.24200967 1.90648    0.87666428 1.60475261 2.59660928 0.86115083]", "nit": "18", "callback": [0.374134645074638, 0.31694347850055415, 0.27254537692928993, 0.21804565712491986, 0.16707294486149493, 0.10009176262845276, 0.07447737893457151, 0.046944108241381066, 0.03345981521583019, 0.03194087339898655, 0.030556824833418372, 0.03024868139970671, 0.030213416749782174, 0.030212043283610934, 0.030211437206973057, 0.030211195258606383, 0.030211170303980905, 0.030211169271713967]}, "1": {"maxiter": 100, "gtol": 1e-05, "xrtol": 1e-05, "eps": 1e-10, "duration": 0.03148293495178223, "fun": "0.030211169310062624", "jac": "[7.77156053e-06 6.66133760e-06 2.22044587e-06 3.33066880e-06\n 4.44089173e-06 1.11022293e-06]", "hess_inv": "[[ 2.75625051  0.26784569  0.0810023  -0.84693857  0.3419718   1.19605498]\n [ 0.26784569  3.67623557  1.26922806 -1.1519805  -0.01195252 -0.82928847]\n [ 0.0810023   1.26922806  3.16966223 -0.2558329  -1.58563246 -0.68311533]\n [-0.84693857 -1.1519805  -0.2558329   2.40994512  0.22385814  0.04147251]\n [ 0.3419718  -0.01195252 -1.58563246  0.22385814  3.12194999  0.72442391]\n [ 1.19605498 -0.82928847 -0.68311533  0.04147251  0.72442391  3.07444647]]", "nfev": "133", "njev": "19", "status": "0", "success": "True", "message": "Optimization terminated successfully.", "x": "[4.24203359 1.90649643 0.87666522 1.60475424 2.59661077 0.86115992]", "nit": "18", "callback": [0.37413462673111497, 0.3169441046049428, 0.27254625807579824, 0.21804717329809886, 0.16707476102921304, 0.10008720966991569, 0.07446931907744547, 0.046945259375912096, 0.03345881890199087, 0.03194009699965972, 0.030557535814598413, 0.030248779814725846, 0.0302134195908339, 0.03021204195982341, 0.03021143619201805, 0.030211194354883397, 0.030211170349567773, 0.030211169310062624]}, "2": {"maxiter": 100, "gtol": 1e-05, "xrtol": 1e-10, "eps": 1e-05, "duration": 0.03559517860412598, "fun": "0.030211169271713967", "jac": "[-1.03927977e-06  7.78577203e-07 -7.49700302e-07 -1.22196697e-06\n  9.08928488e-07 -2.79398726e-07]", "hess_inv": "[[ 2.57315938  0.24447331  0.11817125 -0.82439804  0.20294602  1.07729723]\n [ 0.24447331  3.88758938  1.46062147 -1.18363603 -0.11011854 -0.86885956]\n [ 0.11817125  1.46062147  3.31760474 -0.29800694 -1.6097039  -0.68412025]\n [-0.82439804 -1.18363603 -0.29800694  2.41352706  0.26633827  0.05471802]\n [ 0.20294602 -0.11011854 -1.6097039   0.26633827  3.022111    0.64631648]\n [ 1.07729723 -0.86885956 -0.68412025  0.05471802  0.64631648  3.00451789]]", "nfev": "133", "njev": "19", "status": "0", "success": "True", "message": "Optimization terminated successfully.", "x": "[4.24200967 1.90648    0.87666428 1.60475261 2.59660928 0.86115083]", "nit": "18", "callback": [0.374134645074638, 0.31694347850055415, 0.27254537692928993, 0.21804565712491986, 0.16707294486149493, 0.10009176262845276, 0.07447737893457151, 0.046944108241381066, 0.03345981521583019, 0.03194087339898655, 0.030556824833418372, 0.03024868139970671, 0.030213416749782174, 0.030212043283610934, 0.030211437206973057, 0.030211195258606383, 0.030211170303980905, 0.030211169271713967]}, "3": {"maxiter": 100, "gtol": 1e-05, "xrtol": 1e-10, "eps": 1e-10, "duration": 0.031109094619750977, "fun": "0.030211169310062624", "jac": "[7.77156053e-06 6.66133760e-06 2.22044587e-06 3.33066880e-06\n 4.44089173e-06 1.11022293e-06]", "hess_inv": "[[ 2.75625051  0.26784569  0.0810023  -0.84693857  0.3419718   1.19605498]\n [ 0.26784569  3.67623557  1.26922806 -1.1519805  -0.01195252 -0.82928847]\n [ 0.0810023   1.26922806  3.16966223 -0.2558329  -1.58563246 -0.68311533]\n [-0.84693857 -1.1519805  -0.2558329   2.40994512  0.22385814  0.04147251]\n [ 0.3419718  -0.01195252 -1.58563246  0.22385814  3.12194999  0.72442391]\n [ 1.19605498 -0.82928847 -0.68311533  0.04147251  0.72442391  3.07444647]]", "nfev": "133", "njev": "19", "status": "0", "success": "True", "message": "Optimization terminated successfully.", "x": "[4.24203359 1.90649643 0.87666522 1.60475424 2.59661077 0.86115992]", "nit": "18", "callback": [0.37413462673111497, 0.3169441046049428, 0.27254625807579824, 0.21804717329809886, 0.16707476102921304, 0.10008720966991569, 0.07446931907744547, 0.046945259375912096, 0.03345881890199087, 0.03194009699965972, 0.030557535814598413, 0.030248779814725846, 0.0302134195908339, 0.03021204195982341, 0.03021143619201805, 0.030211194354883397, 0.030211170349567773, 0.030211169310062624]}, "4": {"maxiter": 100, "gtol": 1e-10, "xrtol": 1e-05, "eps": 1e-05, "duration": 0.03321385383605957, "fun": "0.030211169257024828", "jac": "[-1.20703447e-07 -1.52622359e-07  2.08510986e-07 -1.97875050e-07\n  3.04511971e-07  3.77586851e-08]", "hess_inv": "[[ 2.59817695  0.16815773  0.18907099 -0.76192567  0.10387965  1.10741749]\n [ 0.16815773  3.9933523   1.40697645 -1.26269038 -0.04712151 -0.93192827]\n [ 0.18907099  1.40697645  3.31032961 -0.26372484 -1.58422754 -0.63564562]\n [-0.76192567 -1.26269038 -0.26372484  2.4716368   0.22893543  0.10463998]\n [ 0.10387965 -0.04712151 -1.58422754  0.22893543  2.96399391  0.58129668]\n [ 1.10741749 -0.93192827 -0.63564562  0.10463998  0.58129668  3.03424675]]", "nfev": "140", "njev": "20", "status": "0", "success": "True", "message": "Optimization terminated successfully.", "x": "[4.24201167 1.90647636 0.8766668  1.60475544 2.59660598 0.86115268]", "nit": "19", "callback": [0.374134645074638, 0.31694347850055415, 0.27254537692928993, 0.21804565712491986, 0.16707294486149493, 0.10009176262845276, 0.07447737893457151, 0.046944108241381066, 0.03345981521583019, 0.03194087339898655, 0.030556824833418372, 0.03024868139970671, 0.030213416749782174, 0.030212043283610934, 0.030211437206973057, 0.030211195258606383, 0.030211170303980905, 0.030211169271713967, 0.030211169257024828]}, "5": {"maxiter": 100, "gtol": 1e-10, "xrtol": 1e-05, "eps": 1e-10, "duration": 0.0344090461730957, "fun": "0.030211169240744518", "jac": "[-2.22044587e-06  2.22044587e-06  2.22044587e-06 -2.22044587e-06\n  1.11022293e-06  0.00000000e+00]", "hess_inv": "[[ 2.28563642 -0.23846985 -0.07132601 -0.726431    0.04874664  1.01702985]\n [-0.23846985  3.80992254  1.22489209 -1.28732989 -0.19938406 -1.152824  ]\n [-0.07132601  1.22489209  3.14142311 -0.26352448 -1.65798098 -0.7641342 ]\n [-0.726431   -1.28732989 -0.26352448  2.48260024  0.24892895  0.13845759]\n [ 0.04874664 -0.19938406 -1.65798098  0.24892895  2.9634153   0.58816832]\n [ 1.01702985 -1.152824   -0.7641342   0.13845759  0.58816832  3.03161249]]", "nfev": "140", "njev": "20", "status": "0", "success": "True", "message": "Optimization terminated successfully.", "x": "[4.24201865 1.90647664 0.87665973 1.60475952 2.59660076 0.86115496]", "nit": "19", "callback": [0.37413462673111497, 0.3169441046049428, 0.27254625807579824, 0.21804717329809886, 0.16707476102921304, 0.10008720966991569, 0.07446931907744547, 0.046945259375912096, 0.03345881890199087, 0.03194009699965972, 0.030557535814598413, 0.030248779814725846, 0.0302134195908339, 0.03021204195982341, 0.03021143619201805, 0.030211194354883397, 0.030211170349567773, 0.030211169310062624, 0.030211169240744518]}, "6": {"maxiter": 100, "gtol": 1e-10, "xrtol": 1e-10, "eps": 1e-05, "duration": 0.09714293479919434, "fun": "0.030211169256244896", "jac": "[-1.34492417e-07 -1.53488333e-07  7.06001924e-07  2.19746443e-07\n -1.20448096e-07  2.53197463e-07]", "hess_inv": "[[  7.0579285    3.34974105  -8.54316255   4.2240708  -14.73743406\n   -4.29502047]\n [  3.34974105   6.13552813  -4.77492898   2.26403193 -10.45923031\n   -4.68854214]\n [ -8.54316255  -4.77492898  19.04383636 -10.60616453  28.6788866\n    9.83458767]\n [  4.2240708    2.26403193 -10.60616453   7.76935059 -15.72998274\n   -5.93522058]\n [-14.73743406 -10.45923031  28.6788866  -15.72998274  50.79357344\n   18.4639007 ]\n [ -4.29502047  -4.68854214   9.83458767  -5.93522058  18.4639007\n    9.49349946]]", "nfev": "417", "njev": "58", "status": "2", "success": "False", "message": "Desired error not necessarily achieved due to precision loss.", "x": "[4.24201383 1.90647788 0.87666335 1.60475825 2.59659787 0.86115006]", "nit": "22", "callback": [0.374134645074638, 0.31694347850055415, 0.27254537692928993, 0.21804565712491986, 0.16707294486149493, 0.10009176262845276, 0.07447737893457151, 0.046944108241381066, 0.03345981521583019, 0.03194087339898655, 0.030556824833418372, 0.03024868139970671, 0.030213416749782174, 0.030212043283610934, 0.030211437206973057, 0.030211195258606383, 0.030211170303980905, 0.030211169271713967, 0.030211169257024828, 0.0302111692566851, 0.030211169256411763, 0.030211169256244896]}, "7": {"maxiter": 100, "gtol": 1e-10, "xrtol": 1e-10, "eps": 1e-10, "duration": 0.04758191108703613, "fun": "0.030211169240744518", "jac": "[ 1.11022293e-06 -1.11022293e-06  0.00000000e+00  0.00000000e+00\n  0.00000000e+00 -2.22044587e-06]", "hess_inv": "[[ 1.89326579  0.43903093  0.39626009 -1.10335572 -0.13850373  0.59548118]\n [ 0.43903093  6.29324673  2.28427175 -2.2095189   0.35475464 -1.31325418]\n [ 0.39626009  2.28427175  3.5381101  -0.61815459 -1.31688913 -0.71570232]\n [-1.10335572 -2.2095189  -0.61815459  2.79784311 -0.03033779  0.11600365]\n [-0.13850373  0.35475464 -1.31688913 -0.03033779  2.88863771  0.33086741]\n [ 0.59548118 -1.31325418 -0.71570232  0.11600365  0.33086741  2.79472071]]", "nfev": "203", "njev": "29", "status": "0", "success": "True", "message": "Optimization terminated successfully.", "x": "[4.24201865 1.90647664 0.87665973 1.60475952 2.59660076 0.86115496]", "nit": "20", "callback": [0.37413462673111497, 0.3169441046049428, 0.27254625807579824, 0.21804717329809886, 0.16707476102921304, 0.10008720966991569, 0.07446931907744547, 0.046945259375912096, 0.03345881890199087, 0.03194009699965972, 0.030557535814598413, 0.030248779814725846, 0.0302134195908339, 0.03021204195982341, 0.03021143619201805, 0.030211194354883397, 0.030211170349567773, 0.030211169310062624, 0.030211169240744518, 0.030211169240744518]}, "8": {"maxiter": 500, "gtol": 1e-05, "xrtol": 1e-05, "eps": 1e-05, "duration": 0.03166484832763672, "fun": "0.030211169271713967", "jac": "[-1.03927977e-06  7.78577203e-07 -7.49700302e-07 -1.22196697e-06\n  9.08928488e-07 -2.79398726e-07]", "hess_inv": "[[ 2.57315938  0.24447331  0.11817125 -0.82439804  0.20294602  1.07729723]\n [ 0.24447331  3.88758938  1.46062147 -1.18363603 -0.11011854 -0.86885956]\n [ 0.11817125  1.46062147  3.31760474 -0.29800694 -1.6097039  -0.68412025]\n [-0.82439804 -1.18363603 -0.29800694  2.41352706  0.26633827  0.05471802]\n [ 0.20294602 -0.11011854 -1.6097039   0.26633827  3.022111    0.64631648]\n [ 1.07729723 -0.86885956 -0.68412025  0.05471802  0.64631648  3.00451789]]", "nfev": "133", "njev": "19", "status": "0", "success": "True", "message": "Optimization terminated successfully.", "x": "[4.24200967 1.90648    0.87666428 1.60475261 2.59660928 0.86115083]", "nit": "18", "callback": [0.374134645074638, 0.31694347850055415, 0.27254537692928993, 0.21804565712491986, 0.16707294486149493, 0.10009176262845276, 0.07447737893457151, 0.046944108241381066, 0.03345981521583019, 0.03194087339898655, 0.030556824833418372, 0.03024868139970671, 0.030213416749782174, 0.030212043283610934, 0.030211437206973057, 0.030211195258606383, 0.030211170303980905, 0.030211169271713967]}, "9": {"maxiter": 500, "gtol": 1e-05, "xrtol": 1e-05, "eps": 1e-10, "duration": 0.034327030181884766, "fun": "0.030211169310062624", "jac": "[7.77156053e-06 6.66133760e-06 2.22044587e-06 3.33066880e-06\n 4.44089173e-06 1.11022293e-06]", "hess_inv": "[[ 2.75625051  0.26784569  0.0810023  -0.84693857  0.3419718   1.19605498]\n [ 0.26784569  3.67623557  1.26922806 -1.1519805  -0.01195252 -0.82928847]\n [ 0.0810023   1.26922806  3.16966223 -0.2558329  -1.58563246 -0.68311533]\n [-0.84693857 -1.1519805  -0.2558329   2.40994512  0.22385814  0.04147251]\n [ 0.3419718  -0.01195252 -1.58563246  0.22385814  3.12194999  0.72442391]\n [ 1.19605498 -0.82928847 -0.68311533  0.04147251  0.72442391  3.07444647]]", "nfev": "133", "njev": "19", "status": "0", "success": "True", "message": "Optimization terminated successfully.", "x": "[4.24203359 1.90649643 0.87666522 1.60475424 2.59661077 0.86115992]", "nit": "18", "callback": [0.37413462673111497, 0.3169441046049428, 0.27254625807579824, 0.21804717329809886, 0.16707476102921304, 0.10008720966991569, 0.07446931907744547, 0.046945259375912096, 0.03345881890199087, 0.03194009699965972, 0.030557535814598413, 0.030248779814725846, 0.0302134195908339, 0.03021204195982341, 0.03021143619201805, 0.030211194354883397, 0.030211170349567773, 0.030211169310062624]}, "10": {"maxiter": 500, "gtol": 1e-05, "xrtol": 1e-10, "eps": 1e-05, "duration": 0.034877777099609375, "fun": "0.030211169271713967", "jac": "[-1.03927977e-06  7.78577203e-07 -7.49700302e-07 -1.22196697e-06\n  9.08928488e-07 -2.79398726e-07]", "hess_inv": "[[ 2.57315938  0.24447331  0.11817125 -0.82439804  0.20294602  1.07729723]\n [ 0.24447331  3.88758938  1.46062147 -1.18363603 -0.11011854 -0.86885956]\n [ 0.11817125  1.46062147  3.31760474 -0.29800694 -1.6097039  -0.68412025]\n [-0.82439804 -1.18363603 -0.29800694  2.41352706  0.26633827  0.05471802]\n [ 0.20294602 -0.11011854 -1.6097039   0.26633827  3.022111    0.64631648]\n [ 1.07729723 -0.86885956 -0.68412025  0.05471802  0.64631648  3.00451789]]", "nfev": "133", "njev": "19", "status": "0", "success": "True", "message": "Optimization terminated successfully.", "x": "[4.24200967 1.90648    0.87666428 1.60475261 2.59660928 0.86115083]", "nit": "18", "callback": [0.374134645074638, 0.31694347850055415, 0.27254537692928993, 0.21804565712491986, 0.16707294486149493, 0.10009176262845276, 0.07447737893457151, 0.046944108241381066, 0.03345981521583019, 0.03194087339898655, 0.030556824833418372, 0.03024868139970671, 0.030213416749782174, 0.030212043283610934, 0.030211437206973057, 0.030211195258606383, 0.030211170303980905, 0.030211169271713967]}, "11": {"maxiter": 500, "gtol": 1e-05, "xrtol": 1e-10, "eps": 1e-10, "duration": 0.03596901893615723, "fun": "0.030211169310062624", "jac": "[7.77156053e-06 6.66133760e-06 2.22044587e-06 3.33066880e-06\n 4.44089173e-06 1.11022293e-06]", "hess_inv": "[[ 2.75625051  0.26784569  0.0810023  -0.84693857  0.3419718   1.19605498]\n [ 0.26784569  3.67623557  1.26922806 -1.1519805  -0.01195252 -0.82928847]\n [ 0.0810023   1.26922806  3.16966223 -0.2558329  -1.58563246 -0.68311533]\n [-0.84693857 -1.1519805  -0.2558329   2.40994512  0.22385814  0.04147251]\n [ 0.3419718  -0.01195252 -1.58563246  0.22385814  3.12194999  0.72442391]\n [ 1.19605498 -0.82928847 -0.68311533  0.04147251  0.72442391  3.07444647]]", "nfev": "133", "njev": "19", "status": "0", "success": "True", "message": "Optimization terminated successfully.", "x": "[4.24203359 1.90649643 0.87666522 1.60475424 2.59661077 0.86115992]", "nit": "18", "callback": [0.37413462673111497, 0.3169441046049428, 0.27254625807579824, 0.21804717329809886, 0.16707476102921304, 0.10008720966991569, 0.07446931907744547, 0.046945259375912096, 0.03345881890199087, 0.03194009699965972, 0.030557535814598413, 0.030248779814725846, 0.0302134195908339, 0.03021204195982341, 0.03021143619201805, 0.030211194354883397, 0.030211170349567773, 0.030211169310062624]}, "12": {"maxiter": 500, "gtol": 1e-10, "xrtol": 1e-05, "eps": 1e-05, "duration": 0.038031816482543945, "fun": "0.030211169257024828", "jac": "[-1.20703447e-07 -1.52622359e-07  2.08510986e-07 -1.97875050e-07\n  3.04511971e-07  3.77586851e-08]", "hess_inv": "[[ 2.59817695  0.16815773  0.18907099 -0.76192567  0.10387965  1.10741749]\n [ 0.16815773  3.9933523   1.40697645 -1.26269038 -0.04712151 -0.93192827]\n [ 0.18907099  1.40697645  3.31032961 -0.26372484 -1.58422754 -0.63564562]\n [-0.76192567 -1.26269038 -0.26372484  2.4716368   0.22893543  0.10463998]\n [ 0.10387965 -0.04712151 -1.58422754  0.22893543  2.96399391  0.58129668]\n [ 1.10741749 -0.93192827 -0.63564562  0.10463998  0.58129668  3.03424675]]", "nfev": "140", "njev": "20", "status": "0", "success": "True", "message": "Optimization terminated successfully.", "x": "[4.24201167 1.90647636 0.8766668  1.60475544 2.59660598 0.86115268]", "nit": "19", "callback": [0.374134645074638, 0.31694347850055415, 0.27254537692928993, 0.21804565712491986, 0.16707294486149493, 0.10009176262845276, 0.07447737893457151, 0.046944108241381066, 0.03345981521583019, 0.03194087339898655, 0.030556824833418372, 0.03024868139970671, 0.030213416749782174, 0.030212043283610934, 0.030211437206973057, 0.030211195258606383, 0.030211170303980905, 0.030211169271713967, 0.030211169257024828]}, "13": {"maxiter": 500, "gtol": 1e-10, "xrtol": 1e-05, "eps": 1e-10, "duration": 0.03912806510925293, "fun": "0.030211169240744518", "jac": "[-2.22044587e-06  2.22044587e-06  2.22044587e-06 -2.22044587e-06\n  1.11022293e-06  0.00000000e+00]", "hess_inv": "[[ 2.28563642 -0.23846985 -0.07132601 -0.726431    0.04874664  1.01702985]\n [-0.23846985  3.80992254  1.22489209 -1.28732989 -0.19938406 -1.152824  ]\n [-0.07132601  1.22489209  3.14142311 -0.26352448 -1.65798098 -0.7641342 ]\n [-0.726431   -1.28732989 -0.26352448  2.48260024  0.24892895  0.13845759]\n [ 0.04874664 -0.19938406 -1.65798098  0.24892895  2.9634153   0.58816832]\n [ 1.01702985 -1.152824   -0.7641342   0.13845759  0.58816832  3.03161249]]", "nfev": "140", "njev": "20", "status": "0", "success": "True", "message": "Optimization terminated successfully.", "x": "[4.24201865 1.90647664 0.87665973 1.60475952 2.59660076 0.86115496]", "nit": "19", "callback": [0.37413462673111497, 0.3169441046049428, 0.27254625807579824, 0.21804717329809886, 0.16707476102921304, 0.10008720966991569, 0.07446931907744547, 0.046945259375912096, 0.03345881890199087, 0.03194009699965972, 0.030557535814598413, 0.030248779814725846, 0.0302134195908339, 0.03021204195982341, 0.03021143619201805, 0.030211194354883397, 0.030211170349567773, 0.030211169310062624, 0.030211169240744518]}, "14": {"maxiter": 500, "gtol": 1e-10, "xrtol": 1e-10, "eps": 1e-05, "duration": 0.09865498542785645, "fun": "0.030211169256244896", "jac": "[-1.34492417e-07 -1.53488333e-07  7.06001924e-07  2.19746443e-07\n -1.20448096e-07  2.53197463e-07]", "hess_inv": 