{"date": "2024/09/24/, 21:28:41", "conf_id": 54, "data_type": "random\n", "num_data_points": 3, "s_rank": 0, "unitary": "[[-0.24866696+0.58742286j,-0.44704345-0.43151574j,-0.35669027-0.20570733j,-0.10517633+0.1626036j],[0.10596805-0.19687975j,-0.30269685-0.15056416j,0.18246286+0.30440582j,-0.83484447-0.11310748j],[0.26054512-0.52548482j,0.0285017-0.50723956j,-0.43110112+0.17165838j,0.15243271+0.39915801j],[0.42978035+0.11991271j,-0.17224126-0.46030424j,0.6827807-0.15164662j,0.26483638+0.0061855j]]", "databatch_0": {"databatch": "[[[3.00759500e-02+0.16362151j,-2.16963348e-01+0.0307468j,6.69368951e-02+0.14619444j,8.93808854e-03-0.04934819j],[1.69040858e-01-0.26029314j,2.34411140e-01+0.04648567j,2.27166913e-02-0.2811671j,-1.50396219e-02+0.10820395j],[-1.89166069e-01+0.45654858j,-4.24474262e-01-0.06063845j,-1.07429096e-02+0.44322851j,-1.38590372e-02-0.11784995j],[5.45375535e-02-0.05592709j,1.47817920e-02+0.04219469j,2.85797815e-02-0.05787267j,-3.27352084e-04-0.00192741j]],[[-3.18399977e-02-0.42148705j,-1.53281841e-01-0.11033907j,2.13291543e-01+0.08960424j,-1.18592033e-01+0.01024108j],[6.95082374e-04-0.19186951j,5.63105243e-02-0.0808041j,3.77081879e-02-0.25152533j,-1.68881168e-02+0.48543314j],[-2.84491615e-01+0.06376818j,-8.55664250e-02+0.14832574j,1.21535843e-01-0.00987703j,-1.69450304e-01-0.13843921j],[-2.40662961e-01-0.01052275j,1.37200697e-01-0.05044016j,-2.39530546e-01+0.06951622j,-2.27205471e-01+0.0233026j]],[[1.17244350e-01+0.10914885j,-2.31699605e-01+0.05071705j,1.87257668e-01-0.25200069j,4.95814632e-02-0.04169568j],[7.98699532e-02+0.16593299j,6.09998171e-02-0.23657381j,-3.49890614e-01-0.17275128j,-3.76689781e-01+0.08419194j],[5.35860756e-02-0.13566547j,3.21642718e-01-0.06448388j,-1.64896422e-01+0.06783428j,2.76671374e-01+0.0386441j],[2.63582803e-02+0.14895783j,1.71439175e-01-0.33648053j,4.30744219e-02-0.05790649j,9.55955925e-02+0.0436274j]]]", "initial param values": "[2.6095773,3.76916093,2.56335553,0.06237203,1.25283791,0.32615375]", "nelder_mead": {"type": "gradient-free", "0": {"maxiter": 100, "fatol": 1e-05, "xatol": 1e-05, "duration": 0.039132118225097656, "fun": "0.5390389649616694", "nit": "100", "nfev": "156", "status": "2", "success": "False", "message": "Maximum number of iterations has been exceeded.", "x": "[0.82795212 1.62786859 3.75141222 0.08612531 1.14616009 0.39742842]", "final_simplex": "(array([[0.82795212, 1.62786859, 3.75141222, 0.08612531, 1.14616009,\n        0.39742842],\n       [0.71710674, 1.65844336, 3.68214713, 0.09160488, 1.09330865,\n        0.39152907],\n       [0.76451422, 1.64675638, 3.74939385, 0.09097335, 1.0889113 ,\n        0.3910369 ],\n       [0.75980957, 1.74541679, 3.58293161, 0.09403844, 1.05194587,\n        0.38972012],\n       [0.77985477, 1.7751484 , 3.59423433, 0.09092155, 1.09767368,\n        0.39522549],\n       [0.74688319, 1.70307382, 3.5827663 , 0.09681661, 1.02788981,\n        0.38930571],\n       [0.77654496, 1.73552276, 3.60924347, 0.09587146, 1.0435745 ,\n        0.38600365]]), array([0.53903896, 0.53952   , 0.53999208, 0.5404396 , 0.54044412,\n       0.54063024, 0.54086591]))", "callback": [0.9266531124612087, 0.8387050354086804, 0.7123706852615974, 0.5795477497113974, 0.568576440326271, 0.5487102914040389, 0.5449240609438695, 0.5440297931669014, 0.5424216412896954, 0.540439595499113]}, "1": {"maxiter": 100, "fatol": 1e-05, "xatol": 1e-10, "duration": 0.0402989387512207, "fun": "0.5390389649616694", "nit": "100", "nfev": "156", "status": "2", "success": "False", "message": "Maximum number of iterations has been exceeded.", "x": "[0.82795212 1.62786859 3.75141222 0.08612531 1.14616009 0.39742842]", "final_simplex": "(array([[0.82795212, 1.62786859, 3.75141222, 0.08612531, 1.14616009,\n        0.39742842],\n       [0.71710674, 1.65844336, 3.68214713, 0.09160488, 1.09330865,\n        0.39152907],\n       [0.76451422, 1.64675638, 3.74939385, 0.09097335, 1.0889113 ,\n        0.3910369 ],\n       [0.75980957, 1.74541679, 3.58293161, 0.09403844, 1.05194587,\n        0.38972012],\n       [0.77985477, 1.7751484 , 3.59423433, 0.09092155, 1.09767368,\n        0.39522549],\n       [0.74688319, 1.70307382, 3.5827663 , 0.09681661, 1.02788981,\n        0.38930571],\n       [0.77654496, 1.73552276, 3.60924347, 0.09587146, 1.0435745 ,\n        0.38600365]]), array([0.53903896, 0.53952   , 0.53999208, 0.5404396 , 0.54044412,\n       0.54063024, 0.54086591]))", "callback": [0.9266531124612087, 0.8387050354086804, 0.7123706852615974, 0.5795477497113974, 0.568576440326271, 0.5487102914040389, 0.5449240609438695, 0.5440297931669014, 0.5424216412896954, 0.540439595499113]}, "2": {"maxiter": 100, "fatol": 1e-10, "xatol": 1e-05, "duration": 0.03999590873718262, "fun": "0.5390389649616694", "nit": "100", "nfev": "156", "status": "2", "success": "False", "message": "Maximum number of iterations has been exceeded.", "x": "[0.82795212 1.62786859 3.75141222 0.08612531 1.14616009 0.39742842]", "final_simplex": "(array([[0.82795212, 1.62786859, 3.75141222, 0.08612531, 1.14616009,\n        0.39742842],\n       [0.71710674, 1.65844336, 3.68214713, 0.09160488, 1.09330865,\n        0.39152907],\n       [0.76451422, 1.64675638, 3.74939385, 0.09097335, 1.0889113 ,\n        0.3910369 ],\n       [0.75980957, 1.74541679, 3.58293161, 0.09403844, 1.05194587,\n        0.38972012],\n       [0.77985477, 1.7751484 , 3.59423433, 0.09092155, 1.09767368,\n        0.39522549],\n       [0.74688319, 1.70307382, 3.5827663 , 0.09681661, 1.02788981,\n        0.38930571],\n       [0.77654496, 1.73552276, 3.60924347, 0.09587146, 1.0435745 ,\n        0.38600365]]), array([0.53903896, 0.53952   , 0.53999208, 0.5404396 , 0.54044412,\n       0.54063024, 0.54086591]))", "callback": [0.9266531124612087, 0.8387050354086804, 0.7123706852615974, 0.5795477497113974, 0.568576440326271, 0.5487102914040389, 0.5449240609438695, 0.5440297931669014, 0.5424216412896954, 0.540439595499113]}, "3": {"maxiter": 100, "fatol": 1e-10, "xatol": 1e-10, "duration": 0.04105401039123535, "fun": "0.5390389649616694", "nit": "100", "nfev": "156", "status": "2", "success": "False", "message": "Maximum number of iterations has been exceeded.", "x": "[0.82795212 1.62786859 3.75141222 0.08612531 1.14616009 0.39742842]", "final_simplex": "(array([[0.82795212, 1.62786859, 3.75141222, 0.08612531, 1.14616009,\n        0.39742842],\n       [0.71710674, 1.65844336, 3.68214713, 0.09160488, 1.09330865,\n        0.39152907],\n       [0.76451422, 1.64675638, 3.74939385, 0.09097335, 1.0889113 ,\n        0.3910369 ],\n       [0.75980957, 1.74541679, 3.58293161, 0.09403844, 1.05194587,\n        0.38972012],\n       [0.77985477, 1.7751484 , 3.59423433, 0.09092155, 1.09767368,\n        0.39522549],\n       [0.74688319, 1.70307382, 3.5827663 , 0.09681661, 1.02788981,\n        0.38930571],\n       [0.77654496, 1.73552276, 3.60924347, 0.09587146, 1.0435745 ,\n        0.38600365]]), array([0.53903896, 0.53952   , 0.53999208, 0.5404396 , 0.54044412,\n       0.54063024, 0.54086591]))", "callback": [0.9266531124612087, 0.8387050354086804, 0.7123706852615974, 0.5795477497113974, 0.568576440326271, 0.5487102914040389, 0.5449240609438695, 0.5440297931669014, 0.5424216412896954, 0.540439595499113]}, "4": {"maxiter": 500, "fatol": 1e-05, "xatol": 1e-05, "duration": 0.20395898818969727, "fun": "0.4753337422090359", "nit": "500", "nfev": "750", "status": "2", "success": "False", "message": "Maximum number of iterations has been exceeded.", "x": "[ 1.23635471  1.36622326  3.98140287 -0.43334501  0.25214791  1.50828415]", "final_simplex": "(array([[ 1.23635471,  1.36622326,  3.98140287, -0.43334501,  0.25214791,\n         1.50828415],\n       [ 1.15903349,  1.32723422,  3.87779638, -0.39597014,  0.32921382,\n         1.36644853],\n       [ 1.05636741,  1.35796437,  3.71778489, -0.36072749, -0.01184018,\n         1.52338897],\n       [ 1.12309179,  1.47609537,  3.66863454, -0.42595251,  0.00524001,\n         1.58485926],\n       [ 1.1546825 ,  1.47416355,  3.64972524, -0.40686487,  0.18382412,\n         1.34676123],\n       [ 1.31531766,  1.34218514,  3.93436198, -0.44066242,  0.37403005,\n         1.32019565],\n       [ 1.10572161,  1.53056399,  3.68516599, -0.3594459 ,  0.06915413,\n         1.47820735]]), array([0.47533374, 0.47541636, 0.47784037, 0.4781751 , 0.47906012,\n       0.47933949, 0.483508  ]))", "callback": [0.9266531124612087, 0.8387050354086804, 0.7123706852615974, 0.5795477497113974, 0.568576440326271, 0.5487102914040389, 0.5449240609438695, 0.5440297931669014, 0.5424216412896954, 0.540439595499113, 0.5384622841430442, 0.5383148305150323, 0.5382147855247277, 0.5381925166295733, 0.5381739993952392, 0.5381391007015026, 0.5378210919550253, 0.537211222620593, 0.5360367747361452, 0.5334006055189264, 0.531461941252733, 0.5307087567069342, 0.5305116645309635, 0.5303854922980646, 0.530325018282942, 0.530294561493968, 0.53029114787314, 0.5302903613212453, 0.5302891752909187, 0.5302878676153968, 0.5302827225512334, 0.5302757166675864, 0.5302680288390123, 0.5302494841093397, 0.5302126910298006, 0.529936982132597, 0.5273247853154059, 0.5191335716763095, 0.5181177654911528, 0.5147663760403964, 0.5097255993851177, 0.5097255993851177, 0.5089387896783057, 0.5082616798940751, 0.505702913717947, 0.5022915943046051, 0.49946932232282537, 0.4957322349627047, 0.4921066539852804, 0.4854539167601638]}, "5": {"maxiter": 500, "fatol": 1e-05, "xatol": 1e-10, "duration": 0.19516897201538086, "fun": "0.4753337422090359", "nit": "500", "nfev": "750", "status": "2", "success": "False", "message": "Maximum number of iterations has been exceeded.", "x": "[ 1.23635471  1.36622326  3.98140287 -0.43334501  0.25214791  1.50828415]", "final_simplex": "(array([[ 1.23635471,  1.36622326,  3.98140287, -0.43334501,  0.25214791,\n         1.50828415],\n       [ 1.15903349,  1.32723422,  3.87779638, -0.39597014,  0.32921382,\n         1.36644853],\n       [ 1.05636741,  1.35796437,  3.71778489, -0.36072749, -0.01184018,\n         1.52338897],\n       [ 1.12309179,  1.47609537,  3.66863454, -0.42595251,  0.00524001,\n         1.58485926],\n       [ 1.1546825 ,  1.47416355,  3.64972524, -0.40686487,  0.18382412,\n         1.34676123],\n       [ 1.31531766,  1.34218514,  3.93436198, -0.44066242,  0.37403005,\n         1.32019565],\n       [ 1.10572161,  1.53056399,  3.68516599, -0.3594459 ,  0.06915413,\n         1.47820735]]), array([0.47533374, 0.47541636, 0.47784037, 0.4781751 , 0.47906012,\n       0.47933949, 0.483508  ]))", "callback": [0.9266531124612087, 0.8387050354086804, 0.7123706852615974, 0.5795477497113974, 0.568576440326271, 0.5487102914040389, 0.5449240609438695, 0.5440297931669014, 0.5424216412896954, 0.540439595499113, 0.5384622841430442, 0.5383148305150323, 0.5382147855247277, 0.5381925166295733, 0.5381739993952392, 0.5381391007015026, 0.5378210919550253, 0.537211222620593, 0.5360367747361452, 0.5334006055189264, 0.531461941252733, 0.5307087567069342, 0.5305116645309635, 0.5303854922980646, 0.530325018282942, 0.530294561493968, 0.53029114787314, 0.5302903613212453, 0.5302891752909187, 0.5302878676153968, 0.5302827225512334, 0.5302757166675864, 0.5302680288390123, 0.5302494841093397, 0.5302126910298006, 0.529936982132597, 0.5273247853154059, 0.5191335716763095, 0.5181177654911528, 0.5147663760403964, 0.5097255993851177, 0.5097255993851177, 0.5089387896783057, 0.5082616798940751, 0.505702913717947, 0.5022915943046051, 0.49946932232282537, 0.4957322349627047, 0.4921066539852804, 0.4854539167601638]}, "6": {"maxiter": 500, "fatol": 1e-10, "xatol": 1e-05, "duration": 0.22180914878845215, "fun": "0.4753337422090359", "nit": "500", "nfev": "750", "status": "2", "success": "False", "message": "Maximum number of iterations has been exceeded.", "x": "[ 1.23635471  1.36622326  3.98140287 -0.43334501  0.25214791  1.50828415]", "final_simplex": "(array([[ 1.23635471,  1.36622326,  3.98140287, -0.43334501,  0.25214791,\n         1.50828415],\n       [ 1.15903349,  1.32723422,  3.87779638, -0.39597014,  0.32921382,\n         1.36644853],\n       [ 1.05636741,  1.35796437,  3.71778489, -0.36072749, -0.01184018,\n         1.52338897],\n       [ 1.12309179,  1.47609537,  3.66863454, -0.42595251,  0.00524001,\n         1.58485926],\n       [ 1.1546825 ,  1.47416355,  3.64972524, -0.40686487,  0.18382412,\n         1.34676123],\n       [ 1.31531766,  1.34218514,  3.93436198, -0.44066242,  0.37403005,\n         1.32019565],\n       [ 1.10572161,  1.53056399,  3.68516599, -0.3594459 ,  0.06915413,\n         1.47820735]]), array([0.47533374, 0.47541636, 0.47784037, 0.4781751 , 0.47906012,\n       0.47933949, 0.483508  ]))", "callback": [0.9266531124612087, 0.8387050354086804, 0.7123706852615974, 0.5795477497113974, 0.568576440326271, 0.5487102914040389, 0.5449240609438695, 0.5440297931669014, 0.5424216412896954, 0.540439595499113, 0.5384622841430442, 0.5383148305150323, 0.5382147855247277, 0.5381925166295733, 0.5381739993952392, 0.5381391007015026, 0.5378210919550253, 0.537211222620593, 0.5360367747361452, 0.5334006055189264, 0.531461941252733, 0.5307087567069342, 0.5305116645309635, 0.5303854922980646, 0.530325018282942, 0.530294561493968, 0.53029114787314, 0.5302903613212453, 0.5302891752909187, 0.5302878676153968, 0.5302827225512334, 0.5302757166675864, 0.5302680288390123, 0.5302494841093397, 0.5302126910298006, 0.529936982132597, 0.5273247853154059, 0.5191335716763095, 0.5181177654911528, 0.5147663760403964, 0.5097255993851177, 0.5097255993851177, 0.5089387896783057, 0.5082616798940751, 0.505702913717947, 0.5022915943046051, 0.49946932232282537, 0.4957322349627047, 0.4921066539852804, 0.4854539167601638]}, "7": {"maxiter": 500, "fatol": 1e-10, "xatol": 1e-10, "duration": 0.17723536491394043, "fun": "0.4753337422090359", "nit": "500", "nfev": "750", "status": "2", "success": "False", "message": "Maximum number of iterations has been exceeded.", "x": "[ 1.23635471  1.36622326  3.98140287 -0.43334501  0.25214791  1.50828415]", "final_simplex": "(array([[ 1.23635471,  1.36622326,  3.98140287, -0.43334501,  0.25214791,\n         1.50828415],\n       [ 1.15903349,  1.32723422,  3.87779638, -0.39597014,  0.32921382,\n         1.36644853],\n       [ 1.05636741,  1.35796437,  3.71778489, -0.36072749, -0.01184018,\n         1.52338897],\n       [ 1.12309179,  1.47609537,  3.66863454, -0.42595251,  0.00524001,\n         1.58485926],\n       [ 1.1546825 ,  1.47416355,  3.64972524, -0.40686487,  0.18382412,\n         1.34676123],\n       [ 1.31531766,  1.34218514,  3.93436198, -0.44066242,  0.37403005,\n         1.32019565],\n       [ 1.10572161,  1.53056399,  3.68516599, -0.3594459 ,  0.06915413,\n         1.47820735]]), array([0.47533374, 0.47541636, 0.47784037, 0.4781751 , 0.47906012,\n       0.47933949, 0.483508  ]))", "callback": [0.9266531124612087, 0.8387050354086804, 0.7123706852615974, 0.5795477497113974, 0.568576440326271, 0.5487102914040389, 0.5449240609438695, 0.5440297931669014, 0.5424216412896954, 0.540439595499113, 0.5384622841430442, 0.5383148305150323, 0.5382147855247277, 0.5381925166295733, 0.5381739993952392, 0.5381391007015026, 0.5378210919550253, 0.537211222620593, 0.5360367747361452, 0.5334006055189264, 0.531461941252733, 0.5307087567069342, 0.5305116645309635, 0.5303854922980646, 0.530325018282942, 0.530294561493968, 0.53029114787314, 0.5302903613212453, 0.5302891752909187, 0.5302878676153968, 0.5302827225512334, 0.5302757166675864, 0.5302680288390123, 0.5302494841093397, 0.5302126910298006, 0.529936982132597, 0.5273247853154059, 0.5191335716763095, 0.5181177654911528, 0.5147663760403964, 0.5097255993851177, 0.5097255993851177, 0.5089387896783057, 0.5082616798940751, 0.505702913717947, 0.5022915943046051, 0.49946932232282537, 0.4957322349627047, 0.4921066539852804, 0.4854539167601638]}, "8": {"maxiter": 1000, "fatol": 1e-05, "xatol": 1e-05, "duration": 0.30788493156433105, "fun": "0.3659665592044429", "nit": "823", "nfev": "1250", "status": "0", "success": "True", "message": "Optimization terminated successfully.", "x": "[ 1.18988624  0.2190138   4.58853008 -1.64497764 -0.2622796   2.13591479]", "final_simplex": "(array([[ 1.18988624,  0.2190138 ,  4.58853008, -1.64497764, -0.2622796 ,\n         2.13591479],\n       [ 1.18988041,  0.21901276,  4.58852462, -1.64497448, -0.26228507,\n         2.13591206],\n       [ 1.1898911 ,  0.21900485,  4.58853529, -1.64498367, -0.2622789 ,\n         2.1359183 ],\n       [ 1.18988749,  0.21900906,  4.58853197, -1.64498404, -0.2622779 ,\n         2.135915  ],\n       [ 1.18988227,  0.2190077 ,  4.588533  , -1.64498145, -0.26228268,\n         2.13591502],\n       [ 1.18988076,  0.21901318,  4.58852623, -1.64497485, -0.26227831,\n         2.13590714],\n       [ 1.18988285,  0.21901092,  4.58853076, -1.64497677, -0.26227864,\n         2.1359147 ]]), array([0.36596656, 0.36596656, 0.36596656, 0.36596656, 0.36596656,\n       0.36596656, 0.36596656]))", "callback": [0.9266531124612087, 0.8387050354086804, 0.7123706852615974, 0.5795477497113974, 0.568576440326271, 0.5487102914040389, 0.5449240609438695, 0.5440297931669014, 0.5424216412896954, 0.540439595499113, 0.5384622841430442, 0.5383148305150323, 0.5382147855247277, 0.5381925166295733, 0.5381739993952392, 0.5381391007015026, 0.5378210919550253, 0.537211222620593, 0.5360367747361452, 0.5334006055189264, 0.531461941252733, 0.5307087567069342, 0.5305116645309635, 0.5303854922980646, 0.530325018282942, 0.530294561493968, 0.53029114787314, 0.5302903613212453, 0.5302891752909187, 0.5302878676153968, 0.5302827225512334, 0.5302757166675864, 0.5302680288390123, 0.5302494841093397, 0.5302126910298006, 0.529936982132597, 0.5273247853154059, 0.5191335716763095, 0.5181177654911528, 0.5147663760403964, 0.5097255993851177, 0.5097255993851177, 0.5089387896783057, 0.5082616798940751, 0.505702913717947, 0.5022915943046051, 0.49946932232282537, 0.4957322349627047, 0.4921066539852804, 0.4854539167601638, 0.4704407571755592, 0.460922277477101, 0.44724530624001213, 0.4334106439128501, 0.41871875550010873, 0.41413804262435294, 0.40561167709042767, 0.4032798637922075, 0.3978483445299471, 0.388716350958476, 0.3699655679256454, 0.36722162376948575, 0.3666239783413646, 0.3664553887511063, 0.36638046652799316, 0.36616802616702215, 0.36608199519549633, 0.3659778120185476, 0.3659763676741066, 0.3659685331782273, 0.36596696407550156, 0.3659666592189096, 0.3659665898134886, 0.3659665732298025, 0.3659665632017043, 0.36596656027016283, 0.36596656027016283, 0.3659665599094205, 0.36596655971422265, 0.3659665593227449, 0.36596655922708965, 0.36596655921863075, 0.3659665592058806]}, "9": {"maxiter": 1000, "fatol": 1e-05, "xatol": 1e-10, "duration": 0.34919095039367676, "fun": "0.36596655919842147", "nit": "965", "nfev": "1534", "status": "0", "success": "True", "message": "Optimization terminated successfully.", "x": "[ 1.18988734  0.21901034  4.58852664 -1.64497916 -0.26228164  2.13590991]", "final_simplex": "(array([[ 1.18988734,  0.21901034,  4.58852664, -1.64497916, -0.26228164,\n         2.13590991],\n       [ 1.18988734,  0.21901034,  4.58852664, -1.64497916, -0.26228164,\n         2.13590991],\n       [ 1.18988734,  0.21901034,  4.58852664, -1.64497916, -0.26228164,\n         2.13590991],\n       [ 1.18988734,  0.21901034,  4.58852664, -1.64497916, -0.26228164,\n         2.13590991],\n       [ 1.18988734,  0.21901034,  4.58852664, -1.64497916, -0.26228164,\n         2.13590991],\n       [ 1.18988734,  0.21901034,  4.58852664, -1.64497916, -0.26228164,\n         2.13590991],\n       [ 1.18988734,  0.21901034,  4.58852664, -1.64497916, -0.26228164,\n         2.13590991]]), array([0.36596656, 0.36596656, 0.36596656, 0.36596656, 0.36596656,\n       0.36596656, 0.36596656]))", "callback": [0.9266531124612087, 0.8387050354086804, 0.7123706852615974, 0.5795477497113974, 0.568576440326271, 0.5487102914040389, 0.5449240609438695, 0.5440297931669014, 0.5424216412896954, 0.540439595499113, 0.5384622841430442, 0.5383148305150323, 0.5382147855247277, 0.5381925166295733, 0.5381739993952392, 0.5381391007015026, 0.5378210919550253, 0.537211222620593, 0.5360367747361452, 0.5334006055189264, 0.531461941252733, 0.5307087567069342, 0.5305116645309635, 0.5303854922980646, 0.530325018282942, 0.530294561493968, 0.53029114787314, 0.5302903613212453, 0.5302891752909187, 0.5302878676153968, 0.5302827225512334, 0.5302757166675864, 0.5302680288390123, 0.5302494841093397, 0.5302126910298006, 0.529936982132597, 0.5273247853154059, 0.5191335716763095, 0.5181177654911528, 0.5147663760403964, 0.5097255993851177, 0.5097255993851177, 0.5089387896783057, 0.5082616798940751, 0.505702913717947, 0.5022915943046051, 0.49946932232282537, 0.4957322349627047, 0.4921066539852804, 0.4854539167601638, 0.4704407571755592, 0.460922277477101, 0.44724530624001213, 0.4334106439128501, 0.41871875550010873, 0.41413804262435294, 0.40561167709042767, 0.4032798637922075, 0.3978483445299471, 0.388716350958476, 0.3699655679256454, 0.36722162376948575, 0.3666239783413646, 0.3664553887511063, 0.36638046652799316, 0.36616802616702215, 0.36608199519549633, 0.3659778120185476, 0.3659763676741066, 0.3659685331782273, 0.36596696407550156, 0.3659666592189096, 0.3659665898134886, 0.3659665732298025, 0.3659665632017043, 0.36596656027016283, 0.36596656027016283, 0.3659665599094205, 0.36596655971422265, 0.3659665593227449, 0.36596655922708965, 0.36596655921863075, 0.3659665592058806, 0.36596655919944776, 0.3659665591988649, 0.36596655919869947, 0.3659665591986121, 0.3659665591985056, 0.3659665591984703, 0.36596655919844134, 0.36596655919843146, 0.3659665591984229, 0.365966559198422, 0.3659665591984218, 0.36596655919842147, 0.36596655919842147, 0.36596655919842147]}, "10": {"maxiter": 1000, "fatol": 1e-10, "xatol": 1e-05, "duration": 0.28139305114746094, "fun": "0.3659665592044429", "nit": "823", "nfev": "1250", "status": "0", "success": "True", "message": "Optimization terminated successfully.", "x": "[ 1.18988624  0.2190138   4.58853008 -1.64497764 -0.2622796   2.13591479]", "final_simplex": "(array([[ 1.18988624,  0.2190138 ,  4.58853008, -1.64497764, -0.2622796 ,\n         2.13591479],\n       [ 1.18988041,  0.21901276,  4.58852462, -1.64497448, -0.26228507,\n         2.13591206],\n       [ 1.1898911 ,  0.21900485,  4.58853529, -1.64498367, -0.2622789 ,\n         2.1359183 ],\n       [ 1.18988749,  0.21900906,  4.58853197, -1.64498404, -0.2622779 ,\n         2.135915  ],\n       [ 1.18988227,  0.2190077 ,  4.588533  , -1.64498145, -0.26228268,\n         2.13591502],\n       [ 1.18988076,  0.21901318,  4.58852623, -1.64497485, -0.26227831,\n         2.13590714],\n       [ 1.18988285,  0.21901092,  4.58853076, -1.64497677, -0.26227864,\n         2.1359147 ]]), array([0.36596656, 0.36596656, 0.36596656, 0.36596656, 0.36596656,\n       0.36596656, 0.36596656]))", "callback": [0.9266531124612087, 0.8387050354086804, 0.7123706852615974, 0.5795477497113974, 0.568576440326271, 0.5487102914040389, 0.5449240609438695, 0.5440297931669014, 0.5424216412896954, 0.540439595499113, 0.5384622841430442, 0.5383148305150323, 0.5382147855247277, 0.5381925166295733, 0.5381739993952392, 0.5381391007015026, 0.5378210919550253, 0.537211222620593, 0.5360367747361452, 0.5334006055189264, 0.531461941252733, 0.5307087567069342, 0.5305116645309635, 0.5303854922980646, 0.530325018282942, 0.530294561493968, 0.53029114787314, 0.5302903613212453, 0.5302891752909187, 0.5302878676153968, 0.5302827225512334, 0.5302757166675864, 0.5302680288390123, 0.5302494841093397, 0.5302126910298006, 0.529936982132597, 0.5273247853154059, 0.5191335716763095, 0.5181177654911528, 0.5147663760403964, 0.5097255993851177, 0.5097255993851177, 0.5089387896783057, 0.5082616798940751, 0.505702913717947, 0.5022915943046051, 0.49946932232282537, 0.4957322349627047, 0.4921066539852804, 0.4854539167601638, 0.4704407571755592, 0.460922277477101, 0.44724530624001213, 0.4334106439128501, 0.41871875550010873, 0.41413804262435294, 0.40561167709042767, 0.4032798637922075, 0.3978483445299471, 0.388716350958476, 0.3699655679256454, 0.36722162376948575, 0.3666239783413646, 0.3664553887511063, 0.36638046652799316, 0.36616802616702215, 0.36608199519549633, 0.3659778120185476, 0.3659763676741066, 0.3659685331782273, 0.36596696407550156, 0.3659666592189096, 0.3659665898134886, 0.3659665732298025, 0.3659665632017043, 0.36596656027016283, 0.36596656027016283, 0.3659665599094205, 0.36596655971422265, 0.3659665593227449, 0.36596655922708965, 0.36596655921863075, 0.3659665592058806]}, "11": {"maxiter": 1000, "fatol": 1e-10, "xatol": 1e-10, "duration": 0.33748316764831543, "fun": "0.36596655919842147", "nit": "965", "nfev": "1534", "status": "0", "success": "True", "message": "Optimization terminated successfully.", "x": "[ 1.18988734  0.21901034  4.58852664 -1.64497916 -0.26228164  2.13590991]", "final_simplex": "(array([[ 1.18988734,  0.21901034,  4.58852664, -1.64497916, -0.26228164,\n         2.13590991],\n       [ 1.18988734,  0.21901034,  4.58852664, -1.64497916, -0.26228164,\n         2.13590991],\n       [ 1.18988734,  0.21901034,  4.58852664, -1.64497916, -0.26228164,\n         2.13590991],\n       [ 1.18988734,  0.21901034,  4.58852664, -1.64497916, -0.26228164,\n         2.13590991],\n       [ 1.18988734,  0.21901034,  4.58852664, -1.64497916, -0.26228164,\n         2.13590991],\n       [ 1.18988734,  0.21901034,  4.58852664, -1.64497916, -0.26228164,\n         2.13590991],\n       [ 1.18988734,  0.21901034,  4.58852664, -1.64497916, -0.26228164,\n         2.13590991]]), array([0.36596656, 0.36596656, 0.36596656, 0.36596656, 0.36596656,\n       0.36596656, 0.36596656]))", "callback": [0.9266531124612087, 0.8387050354086804, 0.7123706852615974, 0.5795477497113974, 0.568576440326271, 0.5487102914040389, 0.5449240609438695, 0.5440297931669014, 0.5424216412896954, 0.540439595499113, 0.5384622841430442, 0.5383148305150323, 0.5382147855247277, 0.5381925166295733, 0.5381739993952392, 0.5381391007015026, 0.5378210919550253, 0.537211222620593, 0.5360367747361452, 0.5334006055189264, 0.531461941252733, 0.5307087567069342, 0.5305116645309635, 0.5303854922980646, 0.530325018282942, 0.530294561493968, 0.53029114787314, 0.5302903613212453, 0.5302891752909187, 0.5302878676153968, 0.5302827225512334, 0.5302757166675864, 0.5302680288390123, 0.5302494841093397, 0.5302126910298006, 0.529936982132597, 0.5273247853154059, 0.5191335716763095, 0.5181177654911528, 0.5147663760403964, 0.5097255993851177, 0.5097255993851177, 0.5089387896783057, 0.5082616798940751, 0.505702913717947, 0.5022915943046051, 0.49946932232282537, 0.4957322349627047, 0.4921066539852804, 0.4854539167601638, 0.4704407571755592, 0.460922277477101, 0.44724530624001213, 0.4334106439128501, 0.41871875550010873, 0.41413804262435294, 0.40561167709042767, 0.4032798637922075, 0.3978483445299471, 0.388716350958476, 0.3699655679256454, 0.36722162376948575, 0.3666239783413646, 0.3664553887511063, 0.36638046652799316, 0.36616802616702215, 0.36608199519549633, 0.3659778120185476, 0.3659763676741066, 0.3659685331782273, 0.36596696407550156, 0.3659666592189096, 0.3659665898134886, 0.3659665732298025, 0.3659665632017043, 0.36596656027016283, 0.36596656027016283, 0.3659665599094205, 0.36596655971422265, 0.3659665593227449, 0.36596655922708965, 0.36596655921863075, 0.3659665592058806, 0.36596655919944776, 0.3659665591988649, 0.36596655919869947, 0.3659665591986121, 0.3659665591985056, 0.3659665591984703, 0.36596655919844134, 0.36596655919843146, 0.3659665591984229, 0.365966559198422, 0.3659665591984218, 0.36596655919842147, 0.36596655919842147, 0.36596655919842147]}}, "bfgs": {"type": "gradient", "0": {"maxiter": 100, "gtol": 1e-05, "xrtol": 1e-05, "eps": 1e-05, "duration": 0.06477189064025879, "fun": "0.36596655929305544", "jac": "[ 2.22298846e-06 -3.06995540e-06  2.25784946e-06 -1.56938906e-06\n -1.54252167e-06 -1.75574000e-06]", "hess_inv": "[[ 5.57799874 -1.54217426  1.28049435  2.71495915  2.27611875  1.49767962]\n [-1.54217426  7.40829904 -4.19598942 -4.62867211  1.79956873 -2.94179837]\n [ 1.28049435 -4.19598942  7.7422526   2.52695971 -1.54000278  4.54310091]\n [ 2.71495915 -4.62867211  2.52695971  6.79794406 -0.21139841  2.41646523]\n [ 2.27611875  1.79956873 -1.54000278 -0.21139841  5.10548503 -0.29630339]\n [ 1.49767962 -2.94179837  4.54310091  2.41646523 -0.29630339  6.5223655 ]]", "nfev": "287", "njev": "41", "status": "0", "success": "True", "message": "Optimization terminated successfully.", "x": "[ 1.18987643  0.21899247  4.58853348  1.64497293  2.87929128 -1.00569259]", "nit": "34", "callback": [0.7789403735194225, 0.774081235924105, 0.7274789085542595, 0.6559437027046571, 0.6443410477897327, 0.6289176531976259, 0.6132844717417898, 0.5938672212829843, 0.5860997534867314, 0.5806702938846413, 0.5727597507990387, 0.5668649000852888, 0.563871413284851, 0.5612552831729363, 0.5566743967922358, 0.516690363696152, 0.5117305034469934, 0.5026097038365429, 0.4861387527734967, 0.4576812658553945, 0.41592341970915647, 0.4046329306864237, 0.3997666826547457, 0.39209766831684056, 0.38204689192243, 0.37376615653164225, 0.36674469816029187, 0.3662150631283665, 0.3659887901158134, 0.36598151074790064, 0.36597064805012414, 0.3659666346985917, 0.3659665638899722, 0.36596655929305544]}, "1": {"maxiter": 100, "gtol": 1e-05, "xrtol": 1e-05, "eps": 1e-10, "duration": 0.06834197044372559, "fun": "0.36596655924973065", "jac": "[ 4.44089173e-06 -2.22044587e-06 -2.22044587e-06 -3.33066880e-06\n  1.11022293e-06  1.11022293e-06]", "hess_inv": "[[ 5.8397334  -1.14173073  0.86039679  2.95777702  2.41607334  1.33191362]\n [-1.14173073  7.17014584 -3.85477522 -3.84626926  1.52890324 -2.326542  ]\n [ 0.86039679 -3.85477522  7.11534996  1.91998192 -1.14002282  3.91100877]\n [ 2.95777702 -3.84626926  1.91998192  6.57334676  0.30660507  2.16777998]\n [ 2.41607334  1.52890324 -1.14002282  0.30660507  4.87767778  0.0226077 ]\n [ 1.33191362 -2.326542    3.91100877  2.16777998  0.0226077   6.12017344]]", "nfev": "301", "njev": "43", "status": "0", "success": "True", "message": "Optimization terminated successfully.", "x": "[ 1.18990514  0.21901143  4.58851817  1.64497557  2.87932338 -1.00568669]", "nit": "35", "callback": [0.7789397614857517, 0.7740717947170307, 0.7273879860592403, 0.6558223475811453, 0.6441672466525203, 0.6288641285242036, 0.6130006893551947, 0.5938579096469723, 0.5860774478512223, 0.5806625841325004, 0.5727547625706455, 0.5668441656348557, 0.5638756467132098, 0.5612391403858956, 0.556624754830976, 0.5162108165333947, 0.511315058197731, 0.5022801558229146, 0.48585618210891424, 0.45724975766655096, 0.4151309259979208, 0.4023223426230792, 0.39608804584728696, 0.3881204255527285, 0.37714254857608254, 0.36942744894976187, 0.36664662643223667, 0.36609909801228857, 0.3660105856875613, 0.36598763995886585, 0.365977362177788, 0.36596838213719873, 0.36596673101356236, 0.3659665622575765, 0.36596655924973065]}, "2": {"maxiter": 100, "gtol": 1e-05, "xrtol": 1e-10, "eps": 1e-05, "duration": 0.06437873840332031, "fun": "0.36596655929305544", "jac": "[ 2.22298846e-06 -3.06995540e-06  2.25784946e-06 -1.56938906e-06\n -1.54252167e-06 -1.75574000e-06]", "hess_inv": "[[ 5.57799874 -1.54217426  1.28049435  2.71495915  2.27611875  1.49767962]\n [-1.54217426  7.40829904 -4.19598942 -4.62867211  1.79956873 -2.94179837]\n [ 1.28049435 -4.19598942  7.7422526   2.52695971 -1.54000278  4.54310091]\n [ 2.71495915 -4.62867211  2.52695971  6.79794406 -0.21139841  2.41646523]\n [ 2.27611875  1.79956873 -1.54000278 -0.21139841  5.10548503 -0.29630339]\n [ 1.49767962 -2.94179837  4.54310091  2.41646523 -0.29630339  6.5223655 ]]", "nfev": "287", "njev": "41", "status": "0", "success": "True", "message": "Optimization terminated successfully.", "x": "[ 1.18987643  0.21899247  4.58853348  1.64497293  2.87929128 -1.00569259]", "nit": "34", "callback": [0.7789403735194225, 0.774081235924105, 0.7274789085542595, 0.6559437027046571, 0.6443410477897327, 0.6289176531976259, 0.6132844717417898, 0.5938672212829843, 0.5860997534867314, 0.5806702938846413, 0.5727597507990387, 0.5668649000852888, 0.563871413284851, 0.5612552831729363, 0.5566743967922358, 0.516690363696152, 0.5117305034469934, 0.5026097038365429, 0.4861387527734967, 0.4576812658553945, 0.41592341970915647, 0.4046329306864237, 0.3997666826547457, 0.39209766831684056, 0.38204689192243, 0.37376615653164225, 0.36674469816029187, 0.3662150631283665, 0.3659887901158134, 0.36598151074790064, 0.36597064805012414, 0.3659666346985917, 0.3659665638899722, 0.36596655929305544]}, "3": {"maxiter": 100, "gtol": 1e-05, "xrtol": 1e-10, "eps": 1e-10, "duration": 0.06731104850769043, "fun": "0.36596655924973065", "jac": "[ 4.44089173e-06 -2.22044587e-06 -2.22044587e-06 -3.33066880e-06\n  1.11022293e-06  1.11022293e-06]", "hess_inv": "[[ 5.8397334  -1.14173073  0.86039679  2.95777702  2.41607334  1.33191362]\n [-1.14173073  7.17014584 -3.85477522 -3.84626926  1.52890324 -2.326542  ]\n [ 0.86039679 -3.85477522  7.11534996  1.91998192 -1.14002282  3.91100877]\n [ 2.95777702 -3.84626926  1.91998192  6.57334676  0.30660507  2.16777998]\n [ 2.41607334  1.52890324 -1.14002282  0.30660507  4.87767778  0.0226077 ]\n [ 1.33191362 -2.326542    3.91100877  2.16777998  0.0226077   6.12017344]]", "nfev": "301", "njev": "43", "status": "0", "success": "True", "message": "Optimization terminated successfully.", "x": "[ 1.18990514  0.21901143  4.58851817  1.64497557  2.87932338 -1.00568669]", "nit": "35", "callback": [0.7789397614857517, 0.7740717947170307, 0.7273879860592403, 0.6558223475811453, 0.6441672466525203, 0.6288641285242036, 0.6130006893551947, 0.5938579096469723, 0.5860774478512223, 0.5806625841325004, 0.5727547625706455, 0.5668441656348557, 0.5638756467132098, 0.5612391403858956, 0.556624754830976, 0.5162108165333947, 0.511315058197731, 0.5022801558229146, 0.48585618210891424, 0.45724975766655096, 0.4151309259979208, 0.4023223426230792, 0.39608804584728696, 0.3881204255527285, 0.37714254857608254, 0.36942744894976187, 0.36664662643223667, 0.36609909801228857, 0.3660105856875613, 0.36598763995886585, 0.365977362177788, 0.36596838213719873, 0.36596673101356236, 0.3659665622575765, 0.36596655924973065]}, "4": {"maxiter": 100, "gtol": 1e-10, "xrtol": 1e-05, "eps": 1e-05, "duration": 0.06606698036193848, "fun": "0.365966559251936", "jac": "[-6.54243326e-07  2.30715447e-07  2.93876035e-08  4.25992575e-08\n  4.49995596e-07  3.10695913e-07]", "hess_inv": "[[ 5.74380776 -1.64938381  1.20489448  2.69310659  2.40103759  1.44061055]\n [-1.64938381  7.11978327 -3.63974309 -4.38586188  1.38907757 -2.70318929]\n [ 1.20489448 -3.63974309  7.05734496  2.21268378 -1.12945809  4.28312403]\n [ 2.69310659 -4.38586188  2.21268378  6.65468201 -0.01714869  2.29508113]\n [ 2.40103759  1.38907757 -1.12945809 -0.01714869  4.89578328 -0.15343788]\n [ 1.44061055 -2.70318929  4.28312403  2.29508113 -0.15343788  6.42830609]]", "nfev": "294", "njev": "42", "status": "0", "success": "True", "message": "Optimization terminated successfully.", "x": "[ 1.18986634  0.21901673  4.58851294  1.64496293  2.87930001 -1.00569911]", "nit": "35", "callback": [0.7789403735194225, 0.774081235924105, 0.7274789085542595, 0.6559437027046571, 0.6443410477897327, 0.6289176531976259, 0.6132844717417898, 0.5938672212829843, 0.5860997534867314, 0.5806702938846413, 0.5727597507990387, 0.5668649000852888, 0.563871413284851, 0.5612552831729363, 0.5566743967922358, 0.516690363696152, 0.5117305034469934, 0.5026097038365429, 0.4861387527734967, 0.4576812658553945, 0.41592341970915647, 0.4046329306864237, 0.3997666826547457, 0.39209766831684056, 0.38204689192243, 0.37376615653164225, 0.36674469816029187, 0.3662150631283665, 0.3659887901158134, 0.36598151074790064, 0.36597064805012414, 0.3659666346985917, 0.3659665638899722, 0.36596655929305544, 0.365966559251936]}, "5": {"maxiter": 100, "gtol": 1e-10, "xrtol": 1e-05, "eps": 1e-10, "duration": 0.06826400756835938, "fun": "0.3659665592081479", "jac": "[-2.22044587e-06  1.11022293e-06  2.22044587e-06  0.00000000e+00\n  1.11022293e-06 -2.22044587e-06]", "hess_inv": "[[ 6.03584179 -1.22102658  0.73690444  2.74926134  2.47359     1.67054594]\n [-1.22102658  7.16831612 -3.8322061  -3.84936521  1.47075494 -2.31801037]\n [ 0.73690444 -3.8322061   7.17102099  1.98071452 -1.20441301  3.81520708]\n [ 2.74926134 -3.84936521  1.98071452  6.56962984  0.15546485  2.18285244]\n [ 2.47359     1.47075494 -1.20441301  0.15546485  4.85862696  0.27166852]\n [ 1.67054594 -2.31801037  3.81520708  2.18285244  0.27166852  6.08065857]]", "nfev": "308", "njev": "44", "status": "0", "success": "True", "message": "Optimization terminated successfully.", "x": "[ 1.18988182  0.21901238  4.58852601  1.6449785   2.87930781 -1.00569056]", "nit": "36", "callback": [0.7789397614857517, 0.7740717947170307, 0.7273879860592403, 0.6558223475811453, 0.6441672466525203, 0.6288641285242036, 0.6130006893551947, 0.5938579096469723, 0.5860774478512223, 0.5806625841325004, 0.5727547625706455, 0.5668441656348557, 0.5638756467132098, 0.5612391403858956, 0.556624754830976, 0.5162108165333947, 0.511315058197731, 0.5022801558229146, 0.48585618210891424, 0.45724975766655096, 0.4151309259979208, 0.4023223426230792, 0.39608804584728696, 0.3881204255527285, 0.37714254857608254, 0.36942744894976187, 0.36664662643223667, 0.36609909801228857, 0.3660105856875613, 0.36598763995886585, 0.365977362177788, 0.36596838213719873, 0.36596673101356236, 0.3659665622575765, 0.36596655924973065, 0.3659665592081479]}, "6": {"maxiter": 100, "gtol": 1e-10, "xrtol": 1e-10, "eps": 1e-05, "duration": 0.07184314727783203, "fun": "0.3659665592490198", "jac": "[-1.11022302e-11  1.11022302e-11  1.11022302e-11  1.11022302e-11\n  0.00000000e+00  1.11022302e-11]", "hess_inv": "[[ 5.83407315 -1.17057219  0.90070161  2.87110666  2.52493227  1.60173936]\n [-1.17057219  6.7806303  -3.62111326 -4.05844125  1.26130445 -2.81661244]\n [ 0.90070161 -3.62111326  7.24371225  2.01120945 -1.10048168  4.41796556]\n [ 2.87110666 -4.05844125  2.01120945  6.89819344  0.06533366  2.4809018 ]\n [ 2.52493227  1.26130445 -1.10048168  0.06533366  4.8404097  -0.20006969]\n [ 1.60173936 -2.81661244  4.41796556  2.4809018  -0.20006969  6.57924206]]", "nfev": "322", "njev": "46", "status": "0", "success": "True", "message": "Optimization terminated successfully.", "x": "[ 1.18986868  0.21901494  4.58851321  1.64496463  2.87929924 -1.00569962]", "nit": "39", "callback": [0.7789403735194225, 0.774081235924105, 0.7274789085542595, 0.6559437027046571, 0.6443410477897327, 0.6289176531976259, 0.6132844717417898, 0.5938672212829843, 0.5860997534867314, 0.5806702938846413, 0.5727597507990387, 0.5668649000852888, 0.563871413284851, 0.5612552831729363, 0.5566743967922358, 0.516690363696152, 0.5117305034469934, 0.5026097038365429, 0.4861387527734967, 0.4576812658553945, 0.41592341970915647, 0.4046329306864237, 0.3997666826547457, 0.39209766831684056, 0.38204689192243, 0.37376615653164225, 0.36674469816029187, 0.3662150631283665, 0.3659887901158134, 0.36598151074790064, 0.36597064805012414, 0.3659666346985917, 0.3659665638899722, 0.36596655929305544, 0.365966559251936, 0.36596655924967114, 0.36596655924911403, 0.3659665592490212, 0.3659665592490198]}, "7": {"maxiter": 100, "gtol": 1e-10, "xrtol": 1e-10, "eps": 1e-10, "duration": 0.1460251808166504, "fun": "0.36596655920154353", "jac": "[ 1.11022293e-06  1.11022293e-06 -1.11022293e-06  1.11022293e-06\n  1.11022293e-06  0.00000000e+00]", "hess_inv": "[[ 0.51231623 -1.94071404 -0.65310405  0.49652387  0.50181043  0.43553575]\n [-1.94071404  7.53385353  2.48567833 -1.94540826 -1.91594668 -1.66975689]\n [-0.65310405  2.48567833  0.83430369 -0.63707471 -0.64375922 -0.55622948]\n [ 0.49652387 -1.94540826 -0.63707471  0.504857    0.49217265  0.42856526]\n [ 0.50181043 -1.91594668 -0.64375922  0.49217265  0.50390662  0.4265497 ]\n [ 0.43553575 -1.66975689 -0.55622948  0.42856526  0.4265497   0.3733779 ]]", "nfev": "623", "njev": "89", "status": "0", "success": "True", "message": "Optimization terminated successfully.", "x": "[ 1.18988947  0.21901537  4.58852412  1.64497719  2.87931169 -1.00568443]", "nit": "51", "callback": [0.7789397614857517, 0.774071794717