{"date": "2024/10/08/, 20:22:48", "conf_id": 27, "data_type": "random\n", "num_data_points": 2, "s_rank": 0, "unitary": "[[0.18663085-0.53122324j,-0.11886349-0.70040876j,0.28555095-0.02789305j,-0.12262021-0.2844587j],[-0.16702216+0.27758472j,0.27526351-0.29738586j,-0.01109314+0.22495461j,-0.77239203+0.28900673j],[0.61935415+0.12301792j,-0.31269928-0.03315917j,-0.61902762-0.19039079j,-0.27120731-0.0968989j],[0.42341754+0.0023929j,-0.05847358+0.47832119j,0.64900495-0.16218422j,-0.37182676-0.05229966j]]", "databatch_0": {"databatch": "[[[-0.15193678+0.03878013j,0.19996856-0.1580094j,0.24995847+0.05761358j,0.0324961-0.09596735j],[0.06100565+0.00658139j,0.00864953+0.10383486j,-0.01115353+0.2712143j,-0.0183956+0.11294826j],[0.03289048-0.04370833j,-0.16399837+0.15565605j,-0.48418992-0.08136731j,-0.08239542-0.00984264j],[0.21664461-0.34707345j,-0.00804533+0.36318182j,0.11216879-0.08584452j,0.29415003+0.15841393j]],[[-0.11110911+0.13028034j,0.08996033-0.11136097j,-0.2079091-0.03399675j,0.31723626-0.03338481j],[-0.02982013-0.15681622j,-0.09078987+0.14868456j,0.01384315-0.07891936j,-0.02255091+0.32319863j],[0.05123127-0.28403467j,-0.18940223+0.16794912j,0.1372863-0.16793166j,-0.32886214+0.50971646j],[-0.10854235+0.0160624j,0.10796651-0.02019911j,-0.06693685-0.1136696j,0.14548667+0.10850782j]]]", "initial param values": "[4.76367718,1.48348727,2.82128423,3.2502122,1.22681497,3.68607974]", "nelder_mead": {"type": "gradient-free", "0": {"maxiter": 100, "fatol": 1e-05, "xatol": 1e-05, "duration": 0.06554913520812988, "fun": "0.2696052367503976", "nit": "100", "nfev": "158", "status": "2", "success": "False", "message": "Maximum number of iterations has been exceeded.", "x": "[7.66623754 1.03480676 3.9403236  3.12233343 0.90783777 3.12809267]", "final_simplex": "(array([[7.66623754, 1.03480676, 3.9403236 , 3.12233343, 0.90783777,\n        3.12809267],\n       [7.67153367, 1.000202  , 3.90993471, 3.12335122, 0.89730403,\n        3.19115379],\n       [7.60339756, 1.07247234, 3.97464733, 3.15384174, 0.87577512,\n        3.13593648],\n       [7.62361258, 0.97573181, 3.97920713, 3.13657341, 0.92279326,\n        3.15203766],\n       [7.64044419, 1.01178158, 3.95451834, 3.13340884, 0.93484028,\n        3.12810073],\n       [7.61713128, 0.95673371, 3.96339746, 3.10808281, 0.95316515,\n        3.17105568],\n       [7.60746852, 1.04919067, 4.03782289, 3.1696042 , 0.86098771,\n        3.13977047]]), array([0.26960524, 0.26975603, 0.26987077, 0.26994455, 0.2699651 ,\n       0.26996662, 0.27023668]))", "callback": [0.9058399024863781, 0.6038321706506153, 0.4425240415177163, 0.35061466367338834, 0.3278790337786561, 0.32291766167616975, 0.3163058977049249, 0.2811555243298356, 0.2736874520757475, 0.2699650999587748]}, "1": {"maxiter": 100, "fatol": 1e-05, "xatol": 1e-10, "duration": 0.047775983810424805, "fun": "0.2696052367503976", "nit": "100", "nfev": "158", "status": "2", "success": "False", "message": "Maximum number of iterations has been exceeded.", "x": "[7.66623754 1.03480676 3.9403236  3.12233343 0.90783777 3.12809267]", "final_simplex": "(array([[7.66623754, 1.03480676, 3.9403236 , 3.12233343, 0.90783777,\n        3.12809267],\n       [7.67153367, 1.000202  , 3.90993471, 3.12335122, 0.89730403,\n        3.19115379],\n       [7.60339756, 1.07247234, 3.97464733, 3.15384174, 0.87577512,\n        3.13593648],\n       [7.62361258, 0.97573181, 3.97920713, 3.13657341, 0.92279326,\n        3.15203766],\n       [7.64044419, 1.01178158, 3.95451834, 3.13340884, 0.93484028,\n        3.12810073],\n       [7.61713128, 0.95673371, 3.96339746, 3.10808281, 0.95316515,\n        3.17105568],\n       [7.60746852, 1.04919067, 4.03782289, 3.1696042 , 0.86098771,\n        3.13977047]]), array([0.26960524, 0.26975603, 0.26987077, 0.26994455, 0.2699651 ,\n       0.26996662, 0.27023668]))", "callback": [0.9058399024863781, 0.6038321706506153, 0.4425240415177163, 0.35061466367338834, 0.3278790337786561, 0.32291766167616975, 0.3163058977049249, 0.2811555243298356, 0.2736874520757475, 0.2699650999587748]}, "2": {"maxiter": 100, "fatol": 1e-10, "xatol": 1e-05, "duration": 0.051930904388427734, "fun": "0.2696052367503976", "nit": "100", "nfev": "158", "status": "2", "success": "False", "message": "Maximum number of iterations has been exceeded.", "x": "[7.66623754 1.03480676 3.9403236  3.12233343 0.90783777 3.12809267]", "final_simplex": "(array([[7.66623754, 1.03480676, 3.9403236 , 3.12233343, 0.90783777,\n        3.12809267],\n       [7.67153367, 1.000202  , 3.90993471, 3.12335122, 0.89730403,\n        3.19115379],\n       [7.60339756, 1.07247234, 3.97464733, 3.15384174, 0.87577512,\n        3.13593648],\n       [7.62361258, 0.97573181, 3.97920713, 3.13657341, 0.92279326,\n        3.15203766],\n       [7.64044419, 1.01178158, 3.95451834, 3.13340884, 0.93484028,\n        3.12810073],\n       [7.61713128, 0.95673371, 3.96339746, 3.10808281, 0.95316515,\n        3.17105568],\n       [7.60746852, 1.04919067, 4.03782289, 3.1696042 , 0.86098771,\n        3.13977047]]), array([0.26960524, 0.26975603, 0.26987077, 0.26994455, 0.2699651 ,\n       0.26996662, 0.27023668]))", "callback": [0.9058399024863781, 0.6038321706506153, 0.4425240415177163, 0.35061466367338834, 0.3278790337786561, 0.32291766167616975, 0.3163058977049249, 0.2811555243298356, 0.2736874520757475, 0.2699650999587748]}, "3": {"maxiter": 100, "fatol": 1e-10, "xatol": 1e-10, "duration": 0.04959702491760254, "fun": "0.2696052367503976", "nit": "100", "nfev": "158", "status": "2", "success": "False", "message": "Maximum number of iterations has been exceeded.", "x": "[7.66623754 1.03480676 3.9403236  3.12233343 0.90783777 3.12809267]", "final_simplex": "(array([[7.66623754, 1.03480676, 3.9403236 , 3.12233343, 0.90783777,\n        3.12809267],\n       [7.67153367, 1.000202  , 3.90993471, 3.12335122, 0.89730403,\n        3.19115379],\n       [7.60339756, 1.07247234, 3.97464733, 3.15384174, 0.87577512,\n        3.13593648],\n       [7.62361258, 0.97573181, 3.97920713, 3.13657341, 0.92279326,\n        3.15203766],\n       [7.64044419, 1.01178158, 3.95451834, 3.13340884, 0.93484028,\n        3.12810073],\n       [7.61713128, 0.95673371, 3.96339746, 3.10808281, 0.95316515,\n        3.17105568],\n       [7.60746852, 1.04919067, 4.03782289, 3.1696042 , 0.86098771,\n        3.13977047]]), array([0.26960524, 0.26975603, 0.26987077, 0.26994455, 0.2699651 ,\n       0.26996662, 0.27023668]))", "callback": [0.9058399024863781, 0.6038321706506153, 0.4425240415177163, 0.35061466367338834, 0.3278790337786561, 0.32291766167616975, 0.3163058977049249, 0.2811555243298356, 0.2736874520757475, 0.2699650999587748]}, "4": {"maxiter": 500, "fatol": 1e-05, "xatol": 1e-05, "duration": 0.2454531192779541, "fun": "0.255009452932521", "nit": "500", "nfev": "784", "status": "2", "success": "False", "message": "Maximum number of iterations has been exceeded.", "x": "[7.85159881 1.14791753 4.0133229  2.73689236 2.22592786 4.41949593]", "final_simplex": "(array([[7.85159881, 1.14791753, 4.0133229 , 2.73689236, 2.22592786,\n        4.41949593],\n       [7.85158064, 1.14791689, 4.01333323, 2.73690043, 2.22592186,\n        4.41948941],\n       [7.85160152, 1.14791683, 4.01332176, 2.73689574, 2.22590232,\n        4.41947382],\n       [7.85159108, 1.14791686, 4.01331685, 2.7369097 , 2.22592334,\n        4.41949295],\n       [7.85159491, 1.14792705, 4.01331307, 2.73689131, 2.22590271,\n        4.41946693],\n       [7.85159188, 1.1479227 , 4.01331919, 2.73689199, 2.22589015,\n        4.41947173],\n       [7.85160014, 1.14792673, 4.01333197, 2.73689334, 2.22592844,\n        4.41950785]]), array([0.25500945, 0.25500945, 0.25500945, 0.25500945, 0.25500945,\n       0.25500945, 0.25500945]))", "callback": [0.9058399024863781, 0.6038321706506153, 0.4425240415177163, 0.35061466367338834, 0.3278790337786561, 0.32291766167616975, 0.3163058977049249, 0.2811555243298356, 0.2736874520757475, 0.2699650999587748, 0.2695205887728779, 0.26931712537281494, 0.2691914117798746, 0.2690270167071236, 0.26897234844164286, 0.26896501881316204, 0.2689631891698947, 0.26895785995295896, 0.26893952312444136, 0.2688842689784223, 0.26857990362626705, 0.2681213968458651, 0.2670940915258325, 0.2620963967461022, 0.26107098275701046, 0.260558345847854, 0.26014013715028095, 0.25972139352775814, 0.2595932808032404, 0.2593618609186734, 0.2583819298338902, 0.25665808378199984, 0.2560487567760463, 0.25548072011439804, 0.25522699885731615, 0.25509684257456344, 0.2550693699408163, 0.2550478332123537, 0.25502995205510337, 0.2550212678623873, 0.2550113541894793, 0.2550099701648515, 0.2550096568169955, 0.255009505655569, 0.25500947815422426, 0.25500946539603897, 0.2550094554721577, 0.2550094537275027, 0.25500945322208046, 0.25500945297069544]}, "5": {"maxiter": 500, "fatol": 1e-05, "xatol": 1e-10, "duration": 0.2804992198944092, "fun": "0.255009452932521", "nit": "500", "nfev": "784", "status": "2", "success": "False", "message": "Maximum number of iterations has been exceeded.", "x": "[7.85159881 1.14791753 4.0133229  2.73689236 2.22592786 4.41949593]", "final_simplex": "(array([[7.85159881, 1.14791753, 4.0133229 , 2.73689236, 2.22592786,\n        4.41949593],\n       [7.85158064, 1.14791689, 4.01333323, 2.73690043, 2.22592186,\n        4.41948941],\n       [7.85160152, 1.14791683, 4.01332176, 2.73689574, 2.22590232,\n        4.41947382],\n       [7.85159108, 1.14791686, 4.01331685, 2.7369097 , 2.22592334,\n        4.41949295],\n       [7.85159491, 1.14792705, 4.01331307, 2.73689131, 2.22590271,\n        4.41946693],\n       [7.85159188, 1.1479227 , 4.01331919, 2.73689199, 2.22589015,\n        4.41947173],\n       [7.85160014, 1.14792673, 4.01333197, 2.73689334, 2.22592844,\n        4.41950785]]), array([0.25500945, 0.25500945, 0.25500945, 0.25500945, 0.25500945,\n       0.25500945, 0.25500945]))", "callback": [0.9058399024863781, 0.6038321706506153, 0.4425240415177163, 0.35061466367338834, 0.3278790337786561, 0.32291766167616975, 0.3163058977049249, 0.2811555243298356, 0.2736874520757475, 0.2699650999587748, 0.2695205887728779, 0.26931712537281494, 0.2691914117798746, 0.2690270167071236, 0.26897234844164286, 0.26896501881316204, 0.2689631891698947, 0.26895785995295896, 0.26893952312444136, 0.2688842689784223, 0.26857990362626705, 0.2681213968458651, 0.2670940915258325, 0.2620963967461022, 0.26107098275701046, 0.260558345847854, 0.26014013715028095, 0.25972139352775814, 0.2595932808032404, 0.2593618609186734, 0.2583819298338902, 0.25665808378199984, 0.2560487567760463, 0.25548072011439804, 0.25522699885731615, 0.25509684257456344, 0.2550693699408163, 0.2550478332123537, 0.25502995205510337, 0.2550212678623873, 0.2550113541894793, 0.2550099701648515, 0.2550096568169955, 0.255009505655569, 0.25500947815422426, 0.25500946539603897, 0.2550094554721577, 0.2550094537275027, 0.25500945322208046, 0.25500945297069544]}, "6": {"maxiter": 500, "fatol": 1e-10, "xatol": 1e-05, "duration": 0.2538330554962158, "fun": "0.255009452932521", "nit": "500", "nfev": "784", "status": "2", "success": "False", "message": "Maximum number of iterations has been exceeded.", "x": "[7.85159881 1.14791753 4.0133229  2.73689236 2.22592786 4.41949593]", "final_simplex": "(array([[7.85159881, 1.14791753, 4.0133229 , 2.73689236, 2.22592786,\n        4.41949593],\n       [7.85158064, 1.14791689, 4.01333323, 2.73690043, 2.22592186,\n        4.41948941],\n       [7.85160152, 1.14791683, 4.01332176, 2.73689574, 2.22590232,\n        4.41947382],\n       [7.85159108, 1.14791686, 4.01331685, 2.7369097 , 2.22592334,\n        4.41949295],\n       [7.85159491, 1.14792705, 4.01331307, 2.73689131, 2.22590271,\n        4.41946693],\n       [7.85159188, 1.1479227 , 4.01331919, 2.73689199, 2.22589015,\n        4.41947173],\n       [7.85160014, 1.14792673, 4.01333197, 2.73689334, 2.22592844,\n        4.41950785]]), array([0.25500945, 0.25500945, 0.25500945, 0.25500945, 0.25500945,\n       0.25500945, 0.25500945]))", "callback": [0.9058399024863781, 0.6038321706506153, 0.4425240415177163, 0.35061466367338834, 0.3278790337786561, 0.32291766167616975, 0.3163058977049249, 0.2811555243298356, 0.2736874520757475, 0.2699650999587748, 0.2695205887728779, 0.26931712537281494, 0.2691914117798746, 0.2690270167071236, 0.26897234844164286, 0.26896501881316204, 0.2689631891698947, 0.26895785995295896, 0.26893952312444136, 0.2688842689784223, 0.26857990362626705, 0.2681213968458651, 0.2670940915258325, 0.2620963967461022, 0.26107098275701046, 0.260558345847854, 0.26014013715028095, 0.25972139352775814, 0.2595932808032404, 0.2593618609186734, 0.2583819298338902, 0.25665808378199984, 0.2560487567760463, 0.25548072011439804, 0.25522699885731615, 0.25509684257456344, 0.2550693699408163, 0.2550478332123537, 0.25502995205510337, 0.2550212678623873, 0.2550113541894793, 0.2550099701648515, 0.2550096568169955, 0.255009505655569, 0.25500947815422426, 0.25500946539603897, 0.2550094554721577, 0.2550094537275027, 0.25500945322208046, 0.25500945297069544]}, "7": {"maxiter": 500, "fatol": 1e-10, "xatol": 1e-10, "duration": 0.24062514305114746, "fun": "0.255009452932521", "nit": "500", "nfev": "784", "status": "2", "success": "False", "message": "Maximum number of iterations has been exceeded.", "x": "[7.85159881 1.14791753 4.0133229  2.73689236 2.22592786 4.41949593]", "final_simplex": "(array([[7.85159881, 1.14791753, 4.0133229 , 2.73689236, 2.22592786,\n        4.41949593],\n       [7.85158064, 1.14791689, 4.01333323, 2.73690043, 2.22592186,\n        4.41948941],\n       [7.85160152, 1.14791683, 4.01332176, 2.73689574, 2.22590232,\n        4.41947382],\n       [7.85159108, 1.14791686, 4.01331685, 2.7369097 , 2.22592334,\n        4.41949295],\n       [7.85159491, 1.14792705, 4.01331307, 2.73689131, 2.22590271,\n        4.41946693],\n       [7.85159188, 1.1479227 , 4.01331919, 2.73689199, 2.22589015,\n        4.41947173],\n       [7.85160014, 1.14792673, 4.01333197, 2.73689334, 2.22592844,\n        4.41950785]]), array([0.25500945, 0.25500945, 0.25500945, 0.25500945, 0.25500945,\n       0.25500945, 0.25500945]))", "callback": [0.9058399024863781, 0.6038321706506153, 0.4425240415177163, 0.35061466367338834, 0.3278790337786561, 0.32291766167616975, 0.3163058977049249, 0.2811555243298356, 0.2736874520757475, 0.2699650999587748, 0.2695205887728779, 0.26931712537281494, 0.2691914117798746, 0.2690270167071236, 0.26897234844164286, 0.26896501881316204, 0.2689631891698947, 0.26895785995295896, 0.26893952312444136, 0.2688842689784223, 0.26857990362626705, 0.2681213968458651, 0.2670940915258325, 0.2620963967461022, 0.26107098275701046, 0.260558345847854, 0.26014013715028095, 0.25972139352775814, 0.2595932808032404, 0.2593618609186734, 0.2583819298338902, 0.25665808378199984, 0.2560487567760463, 0.25548072011439804, 0.25522699885731615, 0.25509684257456344, 0.2550693699408163, 0.2550478332123537, 0.25502995205510337, 0.2550212678623873, 0.2550113541894793, 0.2550099701648515, 0.2550096568169955, 0.255009505655569, 0.25500947815422426, 0.25500946539603897, 0.2550094554721577, 0.2550094537275027, 0.25500945322208046, 0.25500945297069544]}, "8": {"maxiter": 1000, "fatol": 1e-05, "xatol": 1e-05, "duration": 0.28894519805908203, "fun": "0.2550094529191633", "nit": "514", "nfev": "809", "status": "0", "success": "True", "message": "Optimization terminated successfully.", "x": "[7.85159024 1.14791692 4.01332162 2.73690126 2.225918   4.41948754]", "final_simplex": "(array([[7.85159024, 1.14791692, 4.01332162, 2.73690126, 2.225918  ,\n        4.41948754],\n       [7.85158935, 1.14791837, 4.013325  , 2.73689916, 2.22592313,\n        4.41949385],\n       [7.85158881, 1.14791847, 4.01332018, 2.73689836, 2.22591476,\n        4.41948243],\n       [7.85159065, 1.1479178 , 4.01332099, 2.73689791, 2.22590903,\n        4.41948063],\n       [7.85159389, 1.1479167 , 4.01332246, 2.73689641, 2.22592077,\n        4.41948969],\n       [7.85158527, 1.14791589, 4.01332309, 2.73690078, 2.22592144,\n        4.41949006],\n       [7.85158542, 1.14791645, 4.01332735, 2.73689995, 2.22591906,\n        4.4194876 ]]), array([0.25500945, 0.25500945, 0.25500945, 0.25500945, 0.25500945,\n       0.25500945, 0.25500945]))", "callback": [0.9058399024863781, 0.6038321706506153, 0.4425240415177163, 0.35061466367338834, 0.3278790337786561, 0.32291766167616975, 0.3163058977049249, 0.2811555243298356, 0.2736874520757475, 0.2699650999587748, 0.2695205887728779, 0.26931712537281494, 0.2691914117798746, 0.2690270167071236, 0.26897234844164286, 0.26896501881316204, 0.2689631891698947, 0.26895785995295896, 0.26893952312444136, 0.2688842689784223, 0.26857990362626705, 0.2681213968458651, 0.2670940915258325, 0.2620963967461022, 0.26107098275701046, 0.260558345847854, 0.26014013715028095, 0.25972139352775814, 0.2595932808032404, 0.2593618609186734, 0.2583819298338902, 0.25665808378199984, 0.2560487567760463, 0.25548072011439804, 0.25522699885731615, 0.25509684257456344, 0.2550693699408163, 0.2550478332123537, 0.25502995205510337, 0.2550212678623873, 0.2550113541894793, 0.2550099701648515, 0.2550096568169955, 0.255009505655569, 0.25500947815422426, 0.25500946539603897, 0.2550094554721577, 0.2550094537275027, 0.25500945322208046, 0.25500945297069544, 0.2550094529289325, 0.2550094529207292]}, "9": {"maxiter": 1000, "fatol": 1e-05, "xatol": 1e-10, "duration": 0.31999897956848145, "fun": "0.2550094529182838", "nit": "613", "nfev": "1031", "status": "0", "success": "True", "message": "Optimization terminated successfully.", "x": "[7.85158904 1.14791828 4.01332358 2.73689998 2.22591725 4.41948654]", "final_simplex": "(array([[7.85158904, 1.14791828, 4.01332358, 2.73689998, 2.22591725,\n        4.41948654],\n       [7.85158904, 1.14791828, 4.01332358, 2.73689998, 2.22591725,\n        4.41948654],\n       [7.85158904, 1.14791828, 4.01332358, 2.73689998, 2.22591725,\n        4.41948654],\n       [7.85158904, 1.14791828, 4.01332358, 2.73689998, 2.22591725,\n        4.41948654],\n       [7.85158904, 1.14791828, 4.01332358, 2.73689998, 2.22591725,\n        4.41948654],\n       [7.85158904, 1.14791828, 4.01332358, 2.73689998, 2.22591725,\n        4.41948654],\n       [7.85158904, 1.14791828, 4.01332358, 2.73689998, 2.22591725,\n        4.41948654]]), array([0.25500945, 0.25500945, 0.25500945, 0.25500945, 0.25500945,\n       0.25500945, 0.25500945]))", "callback": [0.9058399024863781, 0.6038321706506153, 0.4425240415177163, 0.35061466367338834, 0.3278790337786561, 0.32291766167616975, 0.3163058977049249, 0.2811555243298356, 0.2736874520757475, 0.2699650999587748, 0.2695205887728779, 0.26931712537281494, 0.2691914117798746, 0.2690270167071236, 0.26897234844164286, 0.26896501881316204, 0.2689631891698947, 0.26895785995295896, 0.26893952312444136, 0.2688842689784223, 0.26857990362626705, 0.2681213968458651, 0.2670940915258325, 0.2620963967461022, 0.26107098275701046, 0.260558345847854, 0.26014013715028095, 0.25972139352775814, 0.2595932808032404, 0.2593618609186734, 0.2583819298338902, 0.25665808378199984, 0.2560487567760463, 0.25548072011439804, 0.25522699885731615, 0.25509684257456344, 0.2550693699408163, 0.2550478332123537, 0.25502995205510337, 0.2550212678623873, 0.2550113541894793, 0.2550099701648515, 0.2550096568169955, 0.255009505655569, 0.25500947815422426, 0.25500946539603897, 0.2550094554721577, 0.2550094537275027, 0.25500945322208046, 0.25500945297069544, 0.2550094529289325, 0.2550094529207292, 0.25500945291852894, 0.2550094529183975, 0.25500945291831423, 0.25500945291828714, 0.2550094529182868, 0.2550094529182849, 0.25500945291828436, 0.2550094529182839, 0.2550094529182838, 0.2550094529182838]}, "10": {"maxiter": 1000, "fatol": 1e-10, "xatol": 1e-05, "duration": 0.2696201801300049, "fun": "0.2550094529191633", "nit": "514", "nfev": "809", "status": "0", "success": "True", "message": "Optimization terminated successfully.", "x": "[7.85159024 1.14791692 4.01332162 2.73690126 2.225918   4.41948754]", "final_simplex": "(array([[7.85159024, 1.14791692, 4.01332162, 2.73690126, 2.225918  ,\n        4.41948754],\n       [7.85158935, 1.14791837, 4.013325  , 2.73689916, 2.22592313,\n        4.41949385],\n       [7.85158881, 1.14791847, 4.01332018, 2.73689836, 2.22591476,\n        4.41948243],\n       [7.85159065, 1.1479178 , 4.01332099, 2.73689791, 2.22590903,\n        4.41948063],\n       [7.85159389, 1.1479167 , 4.01332246, 2.73689641, 2.22592077,\n        4.41948969],\n       [7.85158527, 1.14791589, 4.01332309, 2.73690078, 2.22592144,\n        4.41949006],\n       [7.85158542, 1.14791645, 4.01332735, 2.73689995, 2.22591906,\n        4.4194876 ]]), array([0.25500945, 0.25500945, 0.25500945, 0.25500945, 0.25500945,\n       0.25500945, 0.25500945]))", "callback": [0.9058399024863781, 0.6038321706506153, 0.4425240415177163, 0.35061466367338834, 0.3278790337786561, 0.32291766167616975, 0.3163058977049249, 0.2811555243298356, 0.2736874520757475, 0.2699650999587748, 0.2695205887728779, 0.26931712537281494, 0.2691914117798746, 0.2690270167071236, 0.26897234844164286, 0.26896501881316204, 0.2689631891698947, 0.26895785995295896, 0.26893952312444136, 0.2688842689784223, 0.26857990362626705, 0.2681213968458651, 0.2670940915258325, 0.2620963967461022, 0.26107098275701046, 0.260558345847854, 0.26014013715028095, 0.25972139352775814, 0.2595932808032404, 0.2593618609186734, 0.2583819298338902, 0.25665808378199984, 0.2560487567760463, 0.25548072011439804, 0.25522699885731615, 0.25509684257456344, 0.2550693699408163, 0.2550478332123537, 0.25502995205510337, 0.2550212678623873, 0.2550113541894793, 0.2550099701648515, 0.2550096568169955, 0.255009505655569, 0.25500947815422426, 0.25500946539603897, 0.2550094554721577, 0.2550094537275027, 0.25500945322208046, 0.25500945297069544, 0.2550094529289325, 0.2550094529207292]}, "11": {"maxiter": 1000, "fatol": 1e-10, "xatol": 1e-10, "duration": 0.33994221687316895, "fun": "0.2550094529182838", "nit": "613", "nfev": "1031", "status": "0", "success": "True", "message": "Optimization terminated successfully.", "x": "[7.85158904 1.14791828 4.01332358 2.73689998 2.22591725 4.41948654]", "final_simplex": "(array([[7.85158904, 1.14791828, 4.01332358, 2.73689998, 2.22591725,\n        4.41948654],\n       [7.85158904, 1.14791828, 4.01332358, 2.73689998, 2.22591725,\n        4.41948654],\n       [7.85158904, 1.14791828, 4.01332358, 2.73689998, 2.22591725,\n        4.41948654],\n       [7.85158904, 1.14791828, 4.01332358, 2.73689998, 2.22591725,\n        4.41948654],\n       [7.85158904, 1.14791828, 4.01332358, 2.73689998, 2.22591725,\n        4.41948654],\n       [7.85158904, 1.14791828, 4.01332358, 2.73689998, 2.22591725,\n        4.41948654],\n       [7.85158904, 1.14791828, 4.01332358, 2.73689998, 2.22591725,\n        4.41948654]]), array([0.25500945, 0.25500945, 0.25500945, 0.25500945, 0.25500945,\n       0.25500945, 0.25500945]))", "callback": [0.9058399024863781, 0.6038321706506153, 0.4425240415177163, 0.35061466367338834, 0.3278790337786561, 0.32291766167616975, 0.3163058977049249, 0.2811555243298356, 0.2736874520757475, 0.2699650999587748, 0.2695205887728779, 0.26931712537281494, 0.2691914117798746, 0.2690270167071236, 0.26897234844164286, 0.26896501881316204, 0.2689631891698947, 0.26895785995295896, 0.26893952312444136, 0.2688842689784223, 0.26857990362626705, 0.2681213968458651, 0.2670940915258325, 0.2620963967461022, 0.26107098275701046, 0.260558345847854, 0.26014013715028095, 0.25972139352775814, 0.2595932808032404, 0.2593618609186734, 0.2583819298338902, 0.25665808378199984, 0.2560487567760463, 0.25548072011439804, 0.25522699885731615, 0.25509684257456344, 0.2550693699408163, 0.2550478332123537, 0.25502995205510337, 0.2550212678623873, 0.2550113541894793, 0.2550099701648515, 0.2550096568169955, 0.255009505655569, 0.25500947815422426, 0.25500946539603897, 0.2550094554721577, 0.2550094537275027, 0.25500945322208046, 0.25500945297069544, 0.2550094529289325, 0.2550094529207292, 0.25500945291852894, 0.2550094529183975, 0.25500945291831423, 0.25500945291828714, 0.2550094529182868, 0.2550094529182849, 0.25500945291828436, 0.2550094529182839, 0.2550094529182838, 0.2550094529182838]}}, "bfgs": {"type": "gradient", "0": {"maxiter": 100, "gtol": 1e-05, "xrtol": 1e-05, "eps": 1e-05, "duration": 0.128676176071167, "fun": "0.2550094530620457", "jac": "[ 1.25952582e-06 -1.25663924e-06  6.79747370e-06  2.81905610e-06\n -1.94954053e-06  9.57955937e-07]", "hess_inv": "[[ 5.88195644 -1.12733835 -1.78801535  3.26924372 -1.9645101  -3.43136077]\n [-1.12733835  5.74598088  2.5601985   1.4127407   2.41111839  4.20081189]\n [-1.78801535  2.5601985   5.77895774  0.13734032  6.4502114   6.51861691]\n [ 3.26924372  1.4127407   0.13734032  5.10359393  0.48964124 -0.73042986]\n [-1.9645101   2.41111839  6.4502114   0.48964124 24.79925632 23.8557563 ]\n [-3.43136077  4.20081189  6.51861691 -0.73042986 23.8557563  28.60304151]]", "nfev": "336", "njev": "48", "status": "0", "success": "True", "message": "Optimization terminated successfully.", "x": "[ 7.85159263  1.1479078   4.01332792  3.54629002 -0.91573888  1.277827  ]", "nit": "38", "callback": [0.783177591187022, 0.46300153395577626, 0.4592219521054396, 0.42675330050471105, 0.3907000140948711, 0.38810328636769675, 0.38707565989584514, 0.38677611946429, 0.38664350987982954, 0.3864516214614576, 0.3862617486489186, 0.3860973055636522, 0.385892036766012, 0.3855523313178205, 0.38498918406129357, 0.38407957582865304, 0.3825178188625509, 0.3806759286588888, 0.3771522457140871, 0.37029063573491783, 0.3581460610247049, 0.3422374781527069, 0.33923345760619883, 0.31327883086395114, 0.2773464302196157, 0.26342963261332353, 0.257796341913892, 0.25658788264705756, 0.2559717273162163, 0.25578796549189253, 0.2555898744259282, 0.2554086691807764, 0.2552492197774787, 0.25509820112297055, 0.25502873391563274, 0.2550106396357592, 0.25500946128497004, 0.2550094530620457]}, "1": {"maxiter": 100, "gtol": 1e-05, "xrtol": 1e-05, "eps": 1e-10, "duration": 0.11543703079223633, "fun": "0.2550094531241982", "jac": "[2.22044587e-06 0.00000000e+00 8.88178346e-06 1.11022293e-06\n 0.00000000e+00 0.00000000e+00]", "hess_inv": "[[ 5.89690875 -1.09817979 -1.80631585  3.32314348 -2.03582421 -3.52781712]\n [-1.09817979  5.68670484  2.55922224  1.38844194  2.49477957  4.27767919]\n [-1.80631585  2.55922224  5.82070602  0.11059691  6.4899006   6.61105456]\n [ 3.32314348  1.38844194  0.11059691  5.10975106  0.42415773 -0.76539033]\n [-2.03582421  2.49477957  6.4899006   0.42415773 24.95988984 24.10178373]\n [-3.52781712  4.27767919  6.61105456 -0.76539033 24.10178373 28.88091777]]", "nfev": "336", "njev": "48", "status": "0", "success": "True", "message": "Optimization terminated successfully.", "x": "[ 7.85160528  1.1479329   4.01336362  3.54631537 -0.91563656  1.27792214]", "nit": "38", "callback": [0.7831720111833402, 0.4629964292469093, 0.4592169860982993, 0.426749914258463, 0.3907009747519925, 0.3881038297419426, 0.3870757663290376, 0.38677622876301365, 0.3866435589945587, 0.3864516371552775, 0.3862617054909614, 0.3860972725325683, 0.38589210965904386, 0.3855525436056868, 0.38498969993857357, 0.38408084940618703, 0.3825202666912987, 0.38066994787112096, 0.3771342996016609, 0.3702609112267805, 0.3581227845011785, 0.34233380381919143, 0.339373138401163, 0.3134743933243007, 0.2773992677440754, 0.26291489860565653, 0.2576642347876219, 0.25654759198358534, 0.25592444680305937, 0.25574791694025745, 0.2555519987714836, 0.25539003976770147, 0.25523280620502065, 0.2550918800220553, 0.2550264522668235, 0.25501050256449675, 0.2550094629365589, 0.2550094531241982]}, "2": {"maxiter": 100, "gtol": 1e-05, "xrtol": 1e-10, "eps": 1e-05, "duration": 0.12091517448425293, "fun": "0.2550094530620457", "jac": "[ 1.25952582e-06 -1.25663924e-06  6.79747370e-06  2.81905610e-06\n -1.94954053e-06  9.57955937e-07]", "hess_inv": "[[ 5.88195644 -1.12733835 -1.78801535  3.26924372 -1.9645101  -3.43136077]\n [-1.12733835  5.74598088  2.5601985   1.4127407   2.41111839  4.20081189]\n [-1.78801535  2.5601985   5.77895774  0.13734032  6.4502114   6.51861691]\n [ 3.26924372  1.4127407   0.13734032  5.10359393  0.48964124 -0.73042986]\n [-1.9645101   2.41111839  6.4502114   0.48964124 24.79925632 23.8557563 ]\n [-3.43136077  4.20081189  6.51861691 -0.73042986 23.8557563  28.60304151]]", "nfev": "336", "njev": "48", "status": "0", "success": "True", "message": "Optimization terminated successfully.", "x": "[ 7.85159263  1.1479078   4.01332792  3.54629002 -0.91573888  1.277827  ]", "nit": "38", "callback": [0.783177591187022, 0.46300153395577626, 0.4592219521054396, 0.42675330050471105, 0.3907000140948711, 0.38810328636769675, 0.38707565989584514, 0.38677611946429, 0.38664350987982954, 0.3864516214614576, 0.3862617486489186, 0.3860973055636522, 0.385892036766012, 0.3855523313178205, 0.38498918406129357, 0.38407957582865304, 0.3825178188625509, 0.3806759286588888, 0.3771522457140871, 0.37029063573491783, 0.3581460610247049, 0.3422374781527069, 0.33923345760619883, 0.31327883086395114, 0.2773464302196157, 0.26342963261332353, 0.257796341913892, 0.25658788264705756, 0.2559717273162163, 0.25578796549189253, 0.2555898744259282, 0.2554086691807764, 0.2552492197774787, 0.25509820112297055, 0.25502873391563274, 0.2550106396357592, 0.25500946128497004, 0.2550094530620457]}, "3": {"maxiter": 100, "gtol": 1e-05, "xrtol": 1e-10, "eps": 1e-10, "duration": 0.11336994171142578, "fun": "0.2550094531241982", "jac": "[2.22044587e-06 0.00000000e+00 8.88178346e-06 1.11022293e-06\n 0.00000000e+00 0.00000000e+00]", "hess_inv": "[[ 5.89690875 -1.09817979 -1.80631585  3.32314348 -2.03582421 -3.52781712]\n [-1.09817979  5.68670484  2.55922224  1.38844194  2.49477957  4.27767919]\n [-1.80631585  2.55922224  5.82070602  0.11059691  6.4899006   6.61105456]\n [ 3.32314348  1.38844194  0.11059691  5.10975106  0.42415773 -0.76539033]\n [-2.03582421  2.49477957  6.4899006   0.42415773 24.95988984 24.10178373]\n [-3.52781712  4.27767919  6.61105456 -0.76539033 24.10178373 28.88091777]]", "nfev": "336", "njev": "48", "status": "0", "success": "True", "message": "Optimization terminated successfully.", "x": "[ 7.85160528  1.1479329   4.01336362  3.54631537 -0.91563656  1.27792214]", "nit": "38", "callback": [0.7831720111833402, 0.4629964292469093, 0.4592169860982993, 0.426749914258463, 0.3907009747519925, 0.3881038297419426, 0.3870757663290376, 0.38677622876301365, 0.3866435589945587, 0.3864516371552775, 0.3862617054909614, 0.3860972725325683, 0.38589210965904386, 0.3855525436056868, 0.38498969993857357, 0.38408084940618703, 0.3825202666912987, 0.38066994787112096, 0.3771342996016609, 0.3702609112267805, 0.3581227845011785, 0.34233380381919143, 0.339373138401163, 0.3134743933243007, 0.2773992677440754, 0.26291489860565653, 0.2576642347876219, 0.25654759198358534, 0.25592444680305937, 0.25574791694025745, 0.2555519987714836, 0.25539003976770147, 0.25523280620502065, 0.2550918800220553, 0.2550264522668235, 0.25501050256449675, 0.2550094629365589, 0.2550094531241982]}, "4": {"maxiter": 100, "gtol": 1e-10, "xrtol": 1e-05, "eps": 1e-05, "duration": 0.11382794380187988, "fun": "0.2550094530460093", "jac": "[ 7.30049354e-07 -1.11237686e-06  5.08671993e-06  2.39516185e-06\n -1.57801550e-06  7.76545495e-07]", "hess_inv": "[[ 5.87958012 -1.09083625 -1.6810908   3.28398567 -1.77459083 -3.23060846]\n [-1.09083625  5.84232863  2.79807299  1.51765866  2.62452196  4.41752338]\n [-1.6810908   2.79807299  6.34882528  0.42230455  6.86398901  6.93062788]\n [ 3.28398567  1.51765866  0.42230455  5.17925536  0.89033561 -0.31135046]\n [-1.77459083  2.62452196  6.86398901  0.89033561 24.53784394 23.53719443]\n [-3.23060846  4.41752338  6.93062788 -0.31135046 23.53719443 28.22178064]]", "nfev": "350", "njev": "50", "status": "0", "success": "True", "message": "Optimization terminated successfully.", "x": "[ 7.85159073  1.14790406  4.0133192   3.54628521 -0.91574388  1.27782216]", "nit": "39", "callback": [0.783177591187022, 0.46300153395577626, 0.4592219521054396, 0.42675330050471105, 0.3907000140948711, 0.38810328636769675, 0.38707565989584514, 0.38677611946429, 0.38664350987982954, 0.3864516214614576, 0.3862617486489186, 0.3860973055636522, 0.385892036766012, 0.3855523313178205, 0.38498918406129357, 0.38407957582865304, 0.3825178188625509, 0.3806759286588888, 0.3771522457140871, 0.37029063573491783, 0.3581460610247049, 0.3422374781527069, 0.33923345760619883, 0.31327883086395114, 0.2773464302196157, 0.26342963261332353, 0.257796341913892, 0.25658788264705756, 0.2559717273162163, 0.25578796549189253, 0.2555898744259282, 0.2554086691807764, 0.2552492197774787, 0.25509820112297055, 0.25502873391563274, 0.2550106396357592, 0.25500946128497004, 0.2550094530620457, 0.2550094530460093]}, "5": {"maxiter": 100, "gtol": 1e-10, "xrtol": 1e-05, "eps": 1e-10, "duration": 0.12598180770874023, "fun": "0.2550094529708784", "jac": "[0.00000000e+00 0.00000000e+00 0.00000000e+00 2.22044587e-06\n 1.11022293e-06 0.00000000e+00]", "hess_inv": "[[ 5.95553995  0.27946098  1.25181075  4.21519482  1.53456978 -0.15890938]\n [ 0.27946098  5.40626922  2.79341526  2.71079463  4.04555964  5.13424214]\n [ 1.25181075  2.79341526  8.19416366  3.56609614 11.96524552 10.41724619]\n [ 4.21519482  2.71079463  3.56609614  6.86965461  5.24511861  3.42411078]\n [ 1.53456978  4.04555964 11.96524552  5.24511861 34.0882096  31.03922824]\n [-0.15890938  5.13424214 10.41724619  3.42411078 31.03922824 33.80097294]]", "nfev": "378", "njev": "54", "status": "0", "success": "True", "message": "Optimization terminated successfully.", "x": "[ 7.85160168  1.14790637  4.0133036   3.54629544 -0.91570746  1.27785676]", "nit": "40", "callback": [0.7831720111833402, 0.4629964292469093, 0.4592169860982993, 0.426749914258463, 0.3907009747519925, 0.3881038297419426, 0.3870757663290376, 0.38677622876301365, 0.3866435589945587, 0.3864516371552775, 0.3862617054909614, 0.3860972725325683, 0.38589210965904386, 0.3855525436056868, 0.38498969993857357, 0.38408084940618703, 0.3825202666912987, 0.38066994787112096, 0.3771342996016609, 0.3702609112267805, 0.3581227845011785, 0.34233380381919143, 0.339373138401163, 0.3134743933243007, 0.2773992677440754, 0.26291489860565653, 0.2576642347876219, 0.25654759198358534, 0.25592444680305937, 0.25574791694025745, 0.2555519987714836, 0.25539003976770147, 0.25523280620502065, 0.2550918800220553, 0.2550264522668235, 0.25501050256449675, 0.2550094629365589, 0.2550094531241982, 0.25500945297269073, 0.2550094529708784]}, "6": {"maxiter": 100, "gtol": 1e-10, "xrtol": 1e-10, "eps": 1e-05, "duration": 0.17002391815185547, "fun": "0.2550094530398882", "jac": "[ 4.55335769e-07 -8.05167044e-07  3.52279317e-06  1.71738179e-06\n -1.11340936e-06  5.46684920e-07]", "hess_inv": "[[ 5.85317988 -1.1544751  -1.75462643  3.33096558 -1.97739903 -3.42622873]\n [-1.1544751   5.69213892  2.59517255  1.57875219  2.19123044  3.99965783]\n [-1.75462643  2.59517255  6.23721149  0.78416853  6.02415079  6.12130871]\n [ 3.33096558  1.57875219  0.78416853  5.6343476   0.62934574 -0.56204745]\n [-1.97739903  2.19123044  6.02415079  0.62934574 23.68615489 22.71491555]\n [-3.42622873  3.99965783  6.12130871 -0.56204745 22.71491555 27.42787939]]", "nfev": "495", "njev": "69", "status": "2", "success": "False", "message": "Desired error not necessarily achieved due to precision loss.", "x": "[ 7.85158911  1.14790107  4.01331156  3.54628017 -0.9157468   1.27781932]", "nit": "41", "callback": [0.783177591187022, 0.46300153395577626, 0.4592219521054396, 0.42675330050471105, 0.3907000140948711, 0.38810328636769675, 0.38707565989584514, 0.38677611946429, 0.38664350987982954, 0.3864516214614576, 0.3862617486489186, 0.3860973055636522, 0.385892036766012, 0.3855523313178205, 0.38498918406129357, 0.38407957582865304, 0.3825178188625509, 0.3806759286588888, 0.3771522457140871, 0.37029063573491783, 0.3581460610247049, 0.3422374781527069, 0.33923345760619883, 0.31327883086395114, 0.2773464302196157, 0.26342963261332353, 0.257796341913892, 0.25658788264705756, 0.2559717273162163, 0.25578796549189253, 0.2555898744259282, 0.2554086691807764, 0.2552492197774787, 0.25509820112297055, 0.25502873391563274, 0.2550106396357592, 0.25500946128497004, 0.2550094530620457, 0.2550094530460093, 0.25500945304056344, 0.2550094530398882]}, "7": {"maxiter": 100, "gtol": 1e-10, "xrtol": 1e-10, "eps": 1e-10, "duration": 0.16008400917053223, "fun": "0.2550094529708784", "jac": "[-2.22044587e-06  0.00000000e+00 -1.11022293e-06  4.44089173e-06\n -1.11022293e-06  1.11022293e-06]", "hess_inv": "[[ 2.70982743  2.95999112  2.60721811  3.13681265  4.93178519  4.62593861]\n [ 2.95999112  5.82876012  5.13882417  5.93624543  9.43437399  9.01496086]\n [ 2.60721811  5.13882417 12.18188452  7.08509083 21.31645319 18.71308353]\n [ 3.13681265  5.93624543  7.08509083  8.57926799 13.63142219 11.95075712]\n [ 4.93178519  9.43437399 21.31645319 13.63142219 56.00388235 50.37697236]\n [ 4.62593861  9.01496086 18.71308353 11.95075712 50.37697236 50.0172711 ]]", "nfev": "476", "njev": "68", "status": "0", "success": "True", "message": "Optimization terminated successfully.", "x": "[ 7.85160168  1.14790637  4.0133036   3.54629544 -0.91570746  1.27785676]", "nit": "41", "callback": [0.7831720111833402, 0.4629964292469093, 0.4592169860982993, 0.426749914258463, 0.3907009747519925, 0.3881038297419426, 0.3870757663290376, 0.38677622876301365, 0.3866435589945587, 0.3864516371552775, 0.3862617054909614, 0.3860972725325683, 0.38589210965904386, 0.3855525436056868, 0.38498969993857357, 0.38408084940618703, 0.3825202666912987, 0.38066994787112096, 0.3771342996016609, 0.3702609112267805, 0.3581227845011785, 0.34233380381919143, 0.339373138401163, 0.3134743933243007, 0.2773992677440754, 0.26291489860565653, 0.2576642347876219, 0.25654759198358534, 0.25592444680305937, 0.25574791694025745, 0.2555519987714836, 0.25539003976770147, 0.25523280620502065, 0.2550918800220553, 0.2550264522668235, 0.25501050256449675, 0.2550094629365589, 0.2550094531241982, 0.25500945297269073, 0.2550094529708784, 0.2550094529708784]}, "8": {"maxiter": 500, "gtol": 1e-05, "xrtol": 1e-05, "eps": 1e-05, "duration": 0.1049346923828125, "fun": "0.2550094530620457", "jac": "[ 1.25952582e-06 -1.25663924e-06  6.79747370e-06  2.81905610e-06\n -1.94954053e-06  9.57955937e-07]", "hess_inv": "[[ 5.88195644 -1.12733835 -1.78801535  3.26924372 -1.9645101  -3.43136077]\n [-1.12733835  5.74598088  2.5601985   1.4127407   2.41111839  4.20081189]\n [-1.78801535  2.5601985   5.77895774  0.13734032  6.4502114   6.51861691]\n [ 3.26924372  1.4127407   0.13734032  5.10359393  0.48964124 -0.73042986]\n [-1.9645101   2.41111839  6.4502114   0.48964124 24.79925632 23.8557563 ]\n [-3.43136077  4.20081189  6.51861691 -0.73042986 23.8557563  28.60304151]]", "nfev": "336", "njev": "48", "status": "0", "success": "True", "message": "Optimization terminated successfully.", "x": "[ 7.85159263  1.1479078   4.01332792  3.54629002 -0.91573888  1.277827  ]", "nit": "38", "callback": [0.783177591187022, 0.46300153395577626, 0.4592219521054396, 0.42675330050471105, 0.3907000140948711, 0.38810328636769675, 0.38707565989584514, 0.38677611946429, 0.38664350987982954, 0.3864516214614576, 0.3862617486489186, 0.3860973055636522, 0.385892036766012, 0.3855523313178205, 0.38498918406129357, 0.38407957582865304, 0.3825178188625509, 0.3806759286588888, 0.3771522457140871, 0.37029063573491783, 0.3581460610247049, 0.3422374781527069, 0.33923345760619883, 0.31327883086395114, 0.2773464302196157, 0.26342963261332353, 0.257796341913892, 0.25658788264705756, 0.2559717273162163, 0.25578796549189253, 0.2555898744259282, 0.2554086691807764, 0.2552492197774787, 0.25509820112297055, 0.25502873391563274, 0.2550106396357592, 0.25500946128497004, 0.2550094530620457]}, "9": {"maxiter": 500, "gtol": 1e-05, "xrtol": 1e-05, "eps": 1e-10, "duration": 0.11937117576599121, "fun": "0.2550094531241982", "jac": "[2.22044587e-06 0.00000000e+00 8.88178346e-06 1.11022293e-06\n 0.00000000e+00 0.00000000e+00]", "hess_inv": "[[ 5.89690875 -1.09817979 -1.80631585  3.32314348 -2.03582421 -3.52781712]\n [-1.09817979  5.68670484  2.55922224  1.38844194  2.49477957  4.2776791