{"conf_id": 5, "data_type": "random\n", "num_data_points": 1, "s_rank": 0, "unitary": "[[-0.45070455-0.02711853j,0.78437395-0.06613086j,0.06358678+0.19963393j,-0.07343613+0.35668523j],[-0.01890143-0.03813363j,0.32408202+0.25557629j,0.05872864-0.68979805j,0.55466693-0.20227297j],[-0.11215405+0.64023111j,-0.13344055+0.29565494j,-0.49012687-0.19046288j,-0.04241254+0.44046348j],[0.55771659+0.24656916j,0.31851997-0.05798805j,0.28761525-0.34294258j,-0.56718418+0.03616933j]]", "databatch_0": {"databatch": "[[[0.30715846-0.13564256j,-0.19442098+0.15900901j,0.2508133-0.1603977j,0.15910509+0.02685728j],[-0.06440566-0.15722039j,0.10575446+0.09736528j,-0.08634204-0.15603251j,0.00311335-0.11974827j],[0.17063565+0.34231051j,-0.12728654-0.20757374j,0.18830668+0.2127866j,-0.03303436+0.0882935j],[0.39384787+0.00708326j,-0.26544674+0.00859981j,0.27825673-0.05387837j,0.05650115+0.09689966j]]]", "nelder_mead": {"0": {"maxiter": 100, "fatol": 1e-05, "xatol": 1e-05, "duration": 0.038687944412231445, "fun": "0.016956405714154243", "nit": "100", "nfev": "162", "status": "2", "success": "False", "message": "Maximum number of iterations has been exceeded.", "x": "[6.75981949 7.7564529  5.72515898 1.66438562 3.1718171  4.87778452]", "final_simplex": "(array([[6.75981949, 7.7564529 , 5.72515898, 1.66438562, 3.1718171 ,\n        4.87778452],\n       [6.77302742, 7.7059612 , 5.71966367, 1.65521343, 3.15653452,\n        4.90055982],\n       [6.82226916, 7.71397835, 5.75132251, 1.65897292, 3.16189307,\n        4.87824541],\n       [6.88044798, 7.73943259, 5.6858716 , 1.65211159, 3.16787446,\n        4.89020187],\n       [6.88948371, 7.73195276, 5.67447273, 1.66732004, 3.12624352,\n        4.84349834],\n       [6.87555467, 7.77540985, 5.63466438, 1.65859808, 3.19331919,\n        4.92577454],\n       [6.83303351, 7.69190873, 5.73638403, 1.66216857, 3.17517784,\n        4.87471071]]), array([0.01695641, 0.01739459, 0.01763298, 0.0181744 , 0.01823242,\n       0.01824703, 0.01838223]))"}, "1": {"maxiter": 100, "fatol": 1e-05, "xatol": 1e-10, "duration": 0.04067277908325195, "fun": "0.016956405714154243", "nit": "100", "nfev": "162", "status": "2", "success": "False", "message": "Maximum number of iterations has been exceeded.", "x": "[6.75981949 7.7564529  5.72515898 1.66438562 3.1718171  4.87778452]", "final_simplex": "(array([[6.75981949, 7.7564529 , 5.72515898, 1.66438562, 3.1718171 ,\n        4.87778452],\n       [6.77302742, 7.7059612 , 5.71966367, 1.65521343, 3.15653452,\n        4.90055982],\n       [6.82226916, 7.71397835, 5.75132251, 1.65897292, 3.16189307,\n        4.87824541],\n       [6.88044798, 7.73943259, 5.6858716 , 1.65211159, 3.16787446,\n        4.89020187],\n       [6.88948371, 7.73195276, 5.67447273, 1.66732004, 3.12624352,\n        4.84349834],\n       [6.87555467, 7.77540985, 5.63466438, 1.65859808, 3.19331919,\n        4.92577454],\n       [6.83303351, 7.69190873, 5.73638403, 1.66216857, 3.17517784,\n        4.87471071]]), array([0.01695641, 0.01739459, 0.01763298, 0.0181744 , 0.01823242,\n       0.01824703, 0.01838223]))"}, "2": {"maxiter": 100, "fatol": 1e-10, "xatol": 1e-05, "duration": 0.03800201416015625, "fun": "0.016956405714154243", "nit": "100", "nfev": "162", "status": "2", "success": "False", "message": "Maximum number of iterations has been exceeded.", "x": "[6.75981949 7.7564529  5.72515898 1.66438562 3.1718171  4.87778452]", "final_simplex": "(array([[6.75981949, 7.7564529 , 5.72515898, 1.66438562, 3.1718171 ,\n        4.87778452],\n       [6.77302742, 7.7059612 , 5.71966367, 1.65521343, 3.15653452,\n        4.90055982],\n       [6.82226916, 7.71397835, 5.75132251, 1.65897292, 3.16189307,\n        4.87824541],\n       [6.88044798, 7.73943259, 5.6858716 , 1.65211159, 3.16787446,\n        4.89020187],\n       [6.88948371, 7.73195276, 5.67447273, 1.66732004, 3.12624352,\n        4.84349834],\n       [6.87555467, 7.77540985, 5.63466438, 1.65859808, 3.19331919,\n        4.92577454],\n       [6.83303351, 7.69190873, 5.73638403, 1.66216857, 3.17517784,\n        4.87471071]]), array([0.01695641, 0.01739459, 0.01763298, 0.0181744 , 0.01823242,\n       0.01824703, 0.01838223]))"}, "3": {"maxiter": 100, "fatol": 1e-10, "xatol": 1e-10, "duration": 0.03827524185180664, "fun": "0.016956405714154243", "nit": "100", "nfev": "162", "status": "2", "success": "False", "message": "Maximum number of iterations has been exceeded.", "x": "[6.75981949 7.7564529  5.72515898 1.66438562 3.1718171  4.87778452]", "final_simplex": "(array([[6.75981949, 7.7564529 , 5.72515898, 1.66438562, 3.1718171 ,\n        4.87778452],\n       [6.77302742, 7.7059612 , 5.71966367, 1.65521343, 3.15653452,\n        4.90055982],\n       [6.82226916, 7.71397835, 5.75132251, 1.65897292, 3.16189307,\n        4.87824541],\n       [6.88044798, 7.73943259, 5.6858716 , 1.65211159, 3.16787446,\n        4.89020187],\n       [6.88948371, 7.73195276, 5.67447273, 1.66732004, 3.12624352,\n        4.84349834],\n       [6.87555467, 7.77540985, 5.63466438, 1.65859808, 3.19331919,\n        4.92577454],\n       [6.83303351, 7.69190873, 5.73638403, 1.66216857, 3.17517784,\n        4.87471071]]), array([0.01695641, 0.01739459, 0.01763298, 0.0181744 , 0.01823242,\n       0.01824703, 0.01838223]))"}, "4": {"maxiter": 500, "fatol": 1e-05, "xatol": 1e-05, "duration": 0.1484541893005371, "fun": "0.008437780663371086", "nit": "385", "nfev": "629", "status": "0", "success": "True", "message": "Optimization terminated successfully.", "x": "[7.28474675 7.51437747 5.70282302 1.98737114 2.35614261 4.56661757]", "final_simplex": "(array([[7.28474675, 7.51437747, 5.70282302, 1.98737114, 2.35614261,\n        4.56661757],\n       [7.28475023, 7.51437176, 5.70282339, 1.98737366, 2.35613798,\n        4.56661299],\n       [7.28474497, 7.51437359, 5.7028231 , 1.98737292, 2.35615158,\n        4.56661934],\n       [7.28474887, 7.51437564, 5.70282207, 1.9873738 , 2.35614284,\n        4.56661404],\n       [7.28474265, 7.51437927, 5.702822  , 1.98737014, 2.35615041,\n        4.56661954],\n       [7.28474838, 7.51437657, 5.7028204 , 1.9873721 , 2.35614373,\n        4.56661668],\n       [7.28474827, 7.51437544, 5.70282366, 1.98737169, 2.35615019,\n        4.5666179 ]]), array([0.00843778, 0.00843778, 0.00843778, 0.00843778, 0.00843778,\n       0.00843778, 0.00843778]))"}, "5": {"maxiter": 500, "fatol": 1e-05, "xatol": 1e-10, "duration": 0.18030810356140137, "fun": "0.008437780663371086", "nit": "402", "nfev": "765", "status": "0", "success": "True", "message": "Optimization terminated successfully.", "x": "[7.28474675 7.51437747 5.70282302 1.98737114 2.35614261 4.56661757]", "final_simplex": "(array([[7.28474675, 7.51437747, 5.70282302, 1.98737114, 2.35614261,\n        4.56661757],\n       [7.28474675, 7.51437747, 5.70282302, 1.98737114, 2.35614261,\n        4.56661757],\n       [7.28474675, 7.51437747, 5.70282302, 1.98737114, 2.35614261,\n        4.56661757],\n       [7.28474675, 7.51437747, 5.70282302, 1.98737114, 2.35614261,\n        4.56661757],\n       [7.28474675, 7.51437747, 5.70282302, 1.98737114, 2.35614261,\n        4.56661757],\n       [7.28474675, 7.51437747, 5.70282302, 1.98737114, 2.35614261,\n        4.56661757],\n       [7.28474675, 7.51437747, 5.70282302, 1.98737114, 2.35614261,\n        4.56661757]]), array([0.00843778, 0.00843778, 0.00843778, 0.00843778, 0.00843778,\n       0.00843778, 0.00843778]))"}, "6": {"maxiter": 500, "fatol": 1e-10, "xatol": 1e-05, "duration": 0.146820068359375, "fun": "0.008437780663371086", "nit": "385", "nfev": "629", "status": "0", "success": "True", "message": "Optimization terminated successfully.", "x": "[7.28474675 7.51437747 5.70282302 1.98737114 2.35614261 4.56661757]", "final_simplex": "(array([[7.28474675, 7.51437747, 5.70282302, 1.98737114, 2.35614261,\n        4.56661757],\n       [7.28475023, 7.51437176, 5.70282339, 1.98737366, 2.35613798,\n        4.56661299],\n       [7.28474497, 7.51437359, 5.7028231 , 1.98737292, 2.35615158,\n        4.56661934],\n       [7.28474887, 7.51437564, 5.70282207, 1.9873738 , 2.35614284,\n        4.56661404],\n       [7.28474265, 7.51437927, 5.702822  , 1.98737014, 2.35615041,\n        4.56661954],\n       [7.28474838, 7.51437657, 5.7028204 , 1.9873721 , 2.35614373,\n        4.56661668],\n       [7.28474827, 7.51437544, 5.70282366, 1.98737169, 2.35615019,\n        4.5666179 ]]), array([0.00843778, 0.00843778, 0.00843778, 0.00843778, 0.00843778,\n       0.00843778, 0.00843778]))"}, "7": {"maxiter": 500, "fatol": 1e-10, "xatol": 1e-10, "duration": 0.18123221397399902, "fun": "0.008437780663371086", "nit": "402", "nfev": "765", "status": "0", "success": "True", "message": "Optimization terminated successfully.", "x": "[7.28474675 7.51437747 5.70282302 1.98737114 2.35614261 4.56661757]", "final_simplex": "(array([[7.28474675, 7.51437747, 5.70282302, 1.98737114, 2.35614261,\n        4.56661757],\n       [7.28474675, 7.51437747, 5.70282302, 1.98737114, 2.35614261,\n        4.56661757],\n       [7.28474675, 7.51437747, 5.70282302, 1.98737114, 2.35614261,\n        4.56661757],\n       [7.28474675, 7.51437747, 5.70282302, 1.98737114, 2.35614261,\n        4.56661757],\n       [7.28474675, 7.51437747, 5.70282302, 1.98737114, 2.35614261,\n        4.56661757],\n       [7.28474675, 7.51437747, 5.70282302, 1.98737114, 2.35614261,\n        4.56661757],\n       [7.28474675, 7.51437747, 5.70282302, 1.98737114, 2.35614261,\n        4.56661757]]), array([0.00843778, 0.00843778, 0.00843778, 0.00843778, 0.00843778,\n       0.00843778, 0.00843778]))"}, "8": {"maxiter": 1000, "fatol": 1e-05, "xatol": 1e-05, "duration": 0.14902591705322266, "fun": "0.008437780663371086", "nit": "385", "nfev": "629", "status": "0", "success": "True", "message": "Optimization terminated successfully.", "x": "[7.28474675 7.51437747 5.70282302 1.98737114 2.35614261 4.56661757]", "final_simplex": "(array([[7.28474675, 7.51437747, 5.70282302, 1.98737114, 2.35614261,\n        4.56661757],\n       [7.28475023, 7.51437176, 5.70282339, 1.98737366, 2.35613798,\n        4.56661299],\n       [7.28474497, 7.51437359, 5.7028231 , 1.98737292, 2.35615158,\n        4.56661934],\n       [7.28474887, 7.51437564, 5.70282207, 1.9873738 , 2.35614284,\n        4.56661404],\n       [7.28474265, 7.51437927, 5.702822  , 1.98737014, 2.35615041,\n        4.56661954],\n       [7.28474838, 7.51437657, 5.7028204 , 1.9873721 , 2.35614373,\n        4.56661668],\n       [7.28474827, 7.51437544, 5.70282366, 1.98737169, 2.35615019,\n        4.5666179 ]]), array([0.00843778, 0.00843778, 0.00843778, 0.00843778, 0.00843778,\n       0.00843778, 0.00843778]))"}, "9": {"maxiter": 1000, "fatol": 1e-05, "xatol": 1e-10, "duration": 0.18121886253356934, "fun": "0.008437780663371086", "nit": "402", "nfev": "765", "status": "0", "success": "True", "message": "Optimization terminated successfully.", "x": "[7.28474675 7.51437747 5.70282302 1.98737114 2.35614261 4.56661757]", "final_simplex": "(array([[7.28474675, 7.51437747, 5.70282302, 1.98737114, 2.35614261,\n        4.56661757],\n       [7.28474675, 7.51437747, 5.70282302, 1.98737114, 2.35614261,\n        4.56661757],\n       [7.28474675, 7.51437747, 5.70282302, 1.98737114, 2.35614261,\n        4.56661757],\n       [7.28474675, 7.51437747, 5.70282302, 1.98737114, 2.35614261,\n        4.56661757],\n       [7.28474675, 7.51437747, 5.70282302, 1.98737114, 2.35614261,\n        4.56661757],\n       [7.28474675, 7.51437747, 5.70282302, 1.98737114, 2.35614261,\n        4.56661757],\n       [7.28474675, 7.51437747, 5.70282302, 1.98737114, 2.35614261,\n        4.56661757]]), array([0.00843778, 0.00843778, 0.00843778, 0.00843778, 0.00843778,\n       0.00843778, 0.00843778]))"}, "10": {"maxiter": 1000, "fatol": 1e-10, "xatol": 1e-05, "duration": 0.14664196968078613, "fun": "0.008437780663371086", "nit": "385", "nfev": "629", "status": "0", "success": "True", "message": "Optimization terminated successfully.", "x": "[7.28474675 7.51437747 5.70282302 1.98737114 2.35614261 4.56661757]", "final_simplex": "(array([[7.28474675, 7.51437747, 5.70282302, 1.98737114, 2.35614261,\n        4.56661757],\n       [7.28475023, 7.51437176, 5.70282339, 1.98737366, 2.35613798,\n        4.56661299],\n       [7.28474497, 7.51437359, 5.7028231 , 1.98737292, 2.35615158,\n        4.56661934],\n       [7.28474887, 7.51437564, 5.70282207, 1.9873738 , 2.35614284,\n        4.56661404],\n       [7.28474265, 7.51437927, 5.702822  , 1.98737014, 2.35615041,\n        4.56661954],\n       [7.28474838, 7.51437657, 5.7028204 , 1.9873721 , 2.35614373,\n        4.56661668],\n       [7.28474827, 7.51437544, 5.70282366, 1.98737169, 2.35615019,\n        4.5666179 ]]), array([0.00843778, 0.00843778, 0.00843778, 0.00843778, 0.00843778,\n       0.00843778, 0.00843778]))"}, "11": {"maxiter": 1000, "fatol": 1e-10, "xatol": 1e-10, "duration": 0.19663000106811523, "fun": "0.008437780663371086", "nit": "402", "nfev": "765", "status": "0", "success": "True", "message": "Optimization terminated successfully.", "x": "[7.28474675 7.51437747 5.70282302 1.98737114 2.35614261 4.56661757]", "final_simplex": "(array([[7.28474675, 7.51437747, 5.70282302, 1.98737114, 2.35614261,\n        4.56661757],\n       [7.28474675, 7.51437747, 5.70282302, 1.98737114, 2.35614261,\n        4.56661757],\n       [7.28474675, 7.51437747, 5.70282302, 1.98737114, 2.35614261,\n        4.56661757],\n       [7.28474675, 7.51437747, 5.70282302, 1.98737114, 2.35614261,\n        4.56661757],\n       [7.28474675, 7.51437747, 5.70282302, 1.98737114, 2.35614261,\n        4.56661757],\n       [7.28474675, 7.51437747, 5.70282302, 1.98737114, 2.35614261,\n        4.56661757],\n       [7.28474675, 7.51437747, 5.70282302, 1.98737114, 2.35614261,\n        4.56661757]]), array([0.00843778, 0.00843778, 0.00843778, 0.00843778, 0.00843778,\n       0.00843778, 0.00843778]))"}}, "bfgs": {"0": {"maxiter": 100, "gtol": 1e-05, "xrtol": 1e-05, "eps": 1e-05, "duration": 0.13316583633422852, "fun": "0.008437806740403175", "jac": "[ 0.00000000e+00 -9.31322575e-05  0.00000000e+00  0.00000000e+00\n  0.00000000e+00  0.00000000e+00]", "hess_inv": "[[ 574.18184254  354.56795819   14.04010901 -173.56986649  835.11448914\n   475.88742026]\n [ 354.56795819  222.63013093    8.15472505 -108.68509124  517.84471246\n   295.51962169]\n [  14.04010901    8.15472505    1.27499348   -4.40151985   20.8898599\n    11.57551266]\n [-173.56986649 -108.68509124   -4.40151985   55.6630702  -255.01608705\n  -145.41925379]\n [ 835.11448914  517.84471246   20.8898599  -255.01608705 1225.45189273\n   698.53003755]\n [ 475.88742026  295.51962169   11.57551266 -145.41925379  698.53003755\n   400.05847247]]", "nfev": "523", "njev": "73", "status": "2", "success": "False", "message": "Desired error not necessarily achieved due to precision loss.", "x": "[5.28154444 4.37263334 8.84438579 1.98731037 2.35691012 4.5670736 ]", "nit": "34"}, "1": {"maxiter": 100, "gtol": 1e-05, "xrtol": 1e-05, "eps": 1e-10, "duration": 0.0018718242645263672, "fun": "0.6951501965522766", "jac": "[0. 0. 0. 0. 0. 0.]", "hess_inv": "[[1 0 0 0 0 0]\n [0 1 0 0 0 0]\n [0 0 1 0 0 0]\n [0 0 0 1 0 0]\n [0 0 0 0 1 0]\n [0 0 0 0 0 1]]", "nfev": "7", "njev": "1", "status": "0", "success": "True", "message": "Optimization terminated successfully.", "x": "[5.88749973 5.9909508  5.66816317 1.52934661 2.69418469 5.56696085]", "nit": "0"}, "2": {"maxiter": 100, "gtol": 1e-05, "xrtol": 1e-10, "eps": 1e-05, "duration": 0.1287829875946045, "fun": "0.008437806740403175", "jac": "[ 0.00000000e+00 -9.31322575e-05  0.00000000e+00  0.00000000e+00\n  0.00000000e+00  0.00000000e+00]", "hess_inv": "[[ 574.18184254  354.56795819   14.04010901 -173.56986649  835.11448914\n   475.88742026]\n [ 354.56795819  222.63013093    8.15472505 -108.68509124  517.84471246\n   295.51962169]\n [  14.04010901    8.15472505    1.27499348   -4.40151985   20.8898599\n    11.57551266]\n [-173.56986649 -108.68509124   -4.40151985   55.6630702  -255.01608705\n  -145.41925379]\n [ 835.11448914  517.84471246   20.8898599  -255.01608705 1225.45189273\n   698.53003755]\n [ 475.88742026  295.51962169   11.57551266 -145.41925379  698.53003755\n   400.05847247]]", "nfev": "523", "njev": "73", "status": "2", "success": "False", "message": "Desired error not necessarily achieved due to precision loss.", "x": "[5.28154444 4.37263334 8.84438579 1.98731037 2.35691012 4.5670736 ]", "nit": "34"}, "3": {"maxiter": 100, "gtol": 1e-05, "xrtol": 1e-10, "eps": 1e-10, "duration": 0.0016341209411621094, "fun": "0.6951501965522766", "jac": "[0. 0. 0. 0. 0. 0.]", "hess_inv": "[[1 0 0 0 0 0]\n [0 1 0 0 0 0]\n [0 0 1 0 0 0]\n [0 0 0 1 0 0]\n [0 0 0 0 1 0]\n [0 0 0 0 0 1]]", "nfev": "7", "njev": "1", "status": "0", "success": "True", "message": "Optimization terminated successfully.", "x": "[5.88749973 5.9909508  5.66816317 1.52934661 2.69418469 5.56696085]", "nit": "0"}, "4": {"maxiter": 100, "gtol": 1e-10, "xrtol": 1e-05, "eps": 1e-05, "duration": 0.12114810943603516, "fun": "0.008437806740403175", "jac": "[ 0.00000000e+00 -9.31322575e-05  0.00000000e+00  0.00000000e+00\n  0.00000000e+00  0.00000000e+00]", "hess_inv": "[[ 574.18184254  354.56795819   14.04010901 -173.56986649  835.11448914\n   475.88742026]\n [ 354.56795819  222.63013093    8.15472505 -108.68509124  517.84471246\n   295.51962169]\n [  14.04010901    8.15472505    1.27499348   -4.40151985   20.8898599\n    11.57551266]\n [-173.56986649 -108.68509124   -4.40151985   55.6630702  -255.01608705\n  -145.41925379]\n [ 835.11448914  517.84471246   20.8898599  -255.01608705 1225.45189273\n   698.53003755]\n [ 475.88742026  295.51962169   11.57551266 -145.41925379  698.53003755\n   400.05847247]]", "nfev": "523", "njev": "73", "status": "2", "success": "False", "message": "Desired error not necessarily achieved due to precision loss.", "x": "[5.28154444 4.37263334 8.84438579 1.98731037 2.35691012 4.5670736 ]", "nit": "34"}, "5": {"maxiter": 100, "gtol": 1e-10, "xrtol": 1e-05, "eps": 1e-10, "duration": 0.0018000602722167969, "fun": "0.6951501965522766", "jac": "[0. 0. 0. 0. 0. 0.]", "hess_inv": "[[1 0 0 0 0 0]\n [0 1 0 0 0 0]\n [0 0 1 0 0 0]\n [0 0 0 1 0 0]\n [0 0 0 0 1 0]\n [0 0 0 0 0 1]]", "nfev": "7", "njev": "1", "status": "0", "success": "True", "message": "Optimization terminated successfully.", "x": "[5.88749973 5.9909508  5.66816317 1.52934661 2.69418469 5.56696085]", "nit": "0"}, "6": {"maxiter": 100, "gtol": 1e-10, "xrtol": 1e-10, "eps": 1e-05, "duration": 0.12416911125183105, "fun": "0.008437806740403175", "jac": "[ 0.00000000e+00 -9.31322575e-05  0.00000000e+00  0.00000000e+00\n  0.00000000e+00  0.00000000e+00]", "hess_inv": "[[ 574.18184254  354.56795819   14.04010901 -173.56986649  835.11448914\n   475.88742026]\n [ 354.56795819  222.63013093    8.15472505 -108.68509124  517.84471246\n   295.51962169]\n [  14.04010901    8.15472505    1.27499348   -4.40151985   20.8898599\n    11.57551266]\n [-173.56986649 -108.68509124   -4.40151985   55.6630702  -255.01608705\n  -145.41925379]\n [ 835.11448914  517.84471246   20.8898599  -255.01608705 1225.45189273\n   698.53003755]\n [ 475.88742026  295.51962169   11.57551266 -145.41925379  698.53003755\n   400.05847247]]", "nfev": "523", "njev": "73", "status": "2", "success": "False", "message": "Desired error not necessarily achieved due to precision loss.", "x": "[5.28154444 4.37263334 8.84438579 1.98731037 2.35691012 4.5670736 ]", "nit": "34"}, "7": {"maxiter": 100, "gtol": 1e-10, "xrtol": 1e-10, "eps": 1e-10, "duration": 0.0016379356384277344, "fun": "0.6951501965522766", "jac": "[0. 0. 0. 0. 0. 0.]", "hess_inv": "[[1 0 0 0 0 0]\n [0 1 0 0 0 0]\n [0 0 1 0 0 0]\n [0 0 0 1 0 0]\n [0 0 0 0 1 0]\n [0 0 0 0 0 1]]", "nfev": "7", "njev": "1", "status": "0", "success": "True", "message": "Optimization terminated successfully.", "x": "[5.88749973 5.9909508  5.66816317 1.52934661 2.69418469 5.56696085]", "nit": "0"}, "8": {"maxiter": 500, "gtol": 1e-05, "xrtol": 1e-05, "eps": 1e-05, "duration": 0.12309718132019043, "fun": "0.008437806740403175", "jac": "[ 0.00000000e+00 -9.31322575e-05  0.00000000e+00  0.00000000e+00\n  0.00000000e+00  0.00000000e+00]", "hess_inv": "[[ 574.18184254  354.56795819   14.04010901 -173.56986649  835.11448914\n   475.88742026]\n [ 354.56795819  222.63013093    8.15472505 -108.68509124  517.84471246\n   295.51962169]\n [  14.04010901    8.15472505    1.27499348   -4.40151985   20.8898599\n    11.57551266]\n [-173.56986649 -108.68509124   -4.40151985   55.6630702  -255.01608705\n  -145.41925379]\n [ 835.11448914  517.84471246   20.8898599  -255.01608705 1225.45189273\n   698.53003755]\n [ 475.88742026  295.51962169   11.57551266 -145.41925379  698.53003755\n   400.05847247]]", "nfev": "523", "njev": "73", "status": "2", "success": "False", "message": "Desired error not necessarily achieved due to precision loss.", "x": "[5.28154444 4.37263334 8.84438579 1.98731037 2.35691012 4.5670736 ]", "nit": "34"}, "9": {"maxiter": 500, "gtol": 1e-05, "xrtol": 1e-05, "eps": 1e-10, "duration": 0.0017981529235839844, "fun": "0.6951501965522766", "jac": "[0. 0. 0. 0. 0. 0.]", "hess_inv": "[[1 0 0 0 0 0]\n [0 1 0 0 0 0]\n [0 0 1 0 0 0]\n [0 0 0 1 0 0]\n [0 0 0 0 1 0]\n [0 0 0 0 0 1]]", "nfev": "7", "njev": "1", "status": "0", "success": "True", "message": "Optimization terminated successfully.", "x": "[5.88749973 5.9909508  5.66816317 1.52934661 2.69418469 5.56696085]", "nit": "0"}, "10": {"maxiter": 500, "gtol": 1e-05, "xrtol": 1e-10, "eps": 1e-05, "duration": 0.12718415260314941, "fun": "0.008437806740403175", "jac": "[ 0.00000000e+00 -9.31322575e-05  0.00000000e+00  0.00000000e+00\n  0.00000000e+00  0.00000000e+00]", "hess_inv": "[[ 574.18184254  354.56795819   14.04010901 -173.56986649  835.11448914\n   475.88742026]\n [ 354.56795819  222.63013093    8.15472505 -108.68509124  517.84471246\n   295.51962169]\n [  14.04010901    8.15472505    1.27499348   -4.40151985   20.8898599\n    11.57551266]\n [-173.56986649 -108.68509124   -4.40151985   55.6630702  -255.01608705\n  -145.41925379]\n [ 835.11448914  517.84471246   20.8898599  -255.01608705 1225.45189273\n   698.53003755]\n [ 475.88742026  295.51962169   11.57551266 -145.41925379  698.53003755\n   400.05847247]]", "nfev": "523", "njev": "73", "status": "2", "success": "False", "message": "Desired error not necessarily achieved due to precision loss.", "x": "[5.28154444 4.37263334 8.84438579 1.98731037 2.35691012 4.5670736 ]", "nit": "34"}, "11": {"maxiter": 500, "gtol": 1e-05, "xrtol": 1e-10, "eps": 1e-10, "duration": 0.001764059066772461, "fun": "0.6951501965522766", "jac": "[0. 0. 0. 0. 0. 0.]", "hess_inv": "[[1 0 0 0 0 0]\n [0 1 0 0 0 0]\n [0 0 1 0 0 0]\n [0 0 0 1 0 0]\n [0 0 0 0 1 0]\n [0 0 0 0 0 1]]", "nfev": "7", "njev": "1", "status": "0", "success": "True", "message": "Optimization terminated successfully.", "x": "[5.88749973 5.9909508  5.66816317 1.52934661 2.69418469 5.56696085]", "nit": "0"}, "12": {"maxiter": 500, "gtol": 1e-10, "xrtol": 1e-05, "eps": 1e-05, "duration": 0.12267327308654785, "fun": "0.008437806740403175", "jac": "[ 0.00000000e+00 -9.31322575e-05  0.00000000e+00  0.00000000e+00\n  0.00000000e+00  0.00000000e+00]", "hess_inv": "[[ 574.18184254  354.56795819   14.04010901 -173.56986649  835.11448914\n   475.88742026]\n [ 354.56795819  222.63013093    8.15472505 -108.68509124  517.84471246\n   295.51962169]\n [  14.04010901    8.15472505    1.27499348   -4.40151985   20.8898599\n    11.57551266]\n [-173.56986649 -108.68509124   -4.40151985   55.6630702  -255.01608705\n  -145.41925379]\n [ 835.11448914  517.84471246   20.8898599  -255.01608705 1225.45189273\n   698.53003755]\n [ 475.88742026  295.51962169   11.57551266 -145.41925379  698.53003755\n   400.05847247]]", "nfev": "523", "njev": "73", "status": "2", "success": "False", "message": "Desired error not necessarily achieved due to precision loss.", "x": "[5.28154444 4.37263334 8.84438579 1.98731037 2.35691012 4.5670736 ]", "nit": "34"}, "13": {"maxiter": 500, "gtol": 1e-10, "xrtol": 1e-05, "eps": 1e-10, "duration": 0.002053976058959961, "fun": "0.6951501965522766", "jac": "[0. 0. 0. 0. 0. 0.]", "hess_inv": "[[1 0 0 0 0 0]\n [0 1 0 0 0 0]\n [0 0 1 0 0 0]\n [0 0 0 1 0 0]\n [0 0 0 0 1 0]\n [0 0 0 0 0 1]]", "nfev": "7", "njev": "1", "status": "0", "success": "True", "message": "Optimization terminated successfully.", "x": "[5.88749973 5.9909508  5.66816317 1.52934661 2.69418469 5.56696085]", "nit": "0"}, "14": {"maxiter": 500, "gtol": 1e-10, "xrtol": 1e-10, "eps": 1e-05, "duration": 0.1254720687866211, "fun": "0.008437806740403175", "jac": "[ 0.00000000e+00 -9.31322575e-05  0.00000000e+00  0.00000000e+00\n  0.00000000e+00  0.00000000e+00]", "hess_inv": "[[ 574.18184254  354.56795819   14.04010901 -173.56986649  835.11448914\n   475.88742026]\n [ 354.56795819  222.63013093    8.15472505 -108.68509124  517.84471246\n   295.51962169]\n [  14.04010901    8.15472505    1.27499348   -4.40151985   20.8898599\n    11.57551266]\n [-173.56986649 -108.68509124   -4.40151985   55.6630702  -255.01608705\n  -145.41925379]\n [ 835.11448914  517.84471246   20.8898599  -255.01608705 1225.45189273\n   698.53003755]\n [ 475.88742026  295.51962169   11.57551266 -145.41925379  698.53003755\n   400.05847247]]", "nfev": "523", "njev": "73", "status": "2", "success": "False", "message": "Desired error not necessarily achieved due to precision loss.", "x": "[5.28154444 4.37263334 8.84438579 1.98731037 2.35691012 4.5670736 ]", "nit": "34"}, "15": {"maxiter": 500, "gtol": 1e-10, "xrtol": 1e-10, "eps": 1e-10, "duration": 0.0016982555389404297, "fun": "0.6951501965522766", "jac": "[0. 0. 0. 0. 0. 0.]", "hess_inv": "[[1 0 0 0 0 0]\n [0 1 0 0 0 0]\n [0 0 1 0 0 0]\n [0 0 0 1 0 0]\n [0 0 0 0 1 0]\n [0 0 0 0 0 1]]", "nfev": "7", "njev": "1", "status": "0", "success": "True", "message": "Optimization terminated successfully.", "x": "[5.88749973 5.9909508  5.66816317 1.52934661 2.69418469 5.56696085]", "nit": "0"}, "16": {"maxiter": 1000, "gtol": 1e-05, "xrtol": 1e-05, "eps": 1e-05, "duration": 0.12473607063293457, "fun": "0.008437806740403175", "jac": "[ 0.00000000e+00 -9.31322575e-05  0.00000000e+00  0.00000000e+00\n  0.00000000e+00  0.00000000e+00]", "hess_inv": "[[ 574.18184254  354.56795819   14.04010901 -173.56986649  835.11448914\n   475.88742026]\n [ 354.56795819  222.63013093    8.15472505 -108.68509124  517.84471246\n   295.51962169]\n [  14.04010901    8.15472505    1.27499348   -4.40151985   20.8898599\n    11.57551266]\n [-173.56986649 -108.68509124   -4.40151985   55.6630702  -255.01608705\n  -145.41925379]\n [ 835.11448914  517.84471246   20.8898599  -255.01608705 1225.45189273\n   698.53003755]\n [ 475.88742026  295.51962169   11.57551266 -145.41925379  698.53003755\n   400.05847247]]", "nfev": "523", "njev": "73", "status": "2", "success": "False", "message": "Desired error not necessarily achieved due to precision loss.", "x": "[5.28154444 4.37263334 8.84438579 1.98731037 2.35691012 4.5670736 ]", "nit": "34"}, "17": {"maxiter": 1000, "gtol": 1e-05, "xrtol": 1e-05, "eps": 1e-10, "duration": 0.0017228126525878906, "fun": "0.6951501965522766", "jac": "[0. 0. 0. 0. 0. 0.]", "hess_inv": "[[1 0 0 0 0 0]\n [0 1 0 0 0 0]\n [0 0 1 0 0 0]\n [0 0 0 1 0 0]\n [0 0 0 0 1 0]\n [0 0 0 0 0 1]]", "nfev": "7", "njev": "1", "status": "0", "success": "True", "message": "Optimization terminated successfully.", "x": "[5.88749973 5.9909508  5.66816317 1.52934661 2.69418469 5.56696085]", "nit": "0"}, "18": {"maxiter": 1000, "gtol": 1e-05, "xrtol": 1e-10, "eps": 1e-05, "duration": 0.12489604949951172, "fun": "0.008437806740403175", "jac": "[ 0.00000000e+00 -9.31322575e-05  0.00000000e+00  0.00000000e+00\n  0.00000000e+00  0.00000000e+00]", "hess_inv": "[[ 574.18184254  354.56795819   14.04010901 -173.56986649  835.11448914\n   475.88742026]\n [ 354.56795819  222.63013093    8.15472505 -108.68509124  517.84471246\n   295.51962169]\n [  14.04010901    8.15472505    1.27499348   -4.40151985   20.8898599\n    11.57551266]\n [-173.56986649 -108.68509124   -4.40151985   55.6630702  -255.01608705\n  -145.41925379]\n [ 835.11448914  517.84471246   20.8898599  -255.01608705 1225.45189273\n   698.53003755]\n [ 475.88742026  295.51962169   11.57551266 -145.41925379  698.53003755\n   400.05847247]]", "nfev": "523", "njev": "73", "status": "2", "success": "False", "message": "Desired error not necessarily achieved due to precision loss.", "x": "[5.28154444 4.37263334 8.84438579 1.98731037 2.35691012 4.5670736 ]", "nit": "34"}, "19": {"maxiter": 1000, "gtol": 1e-05, "xrtol": 1e-10, "eps": 1e-10, "duration": 0.0015799999237060547, "fun": "0.6951501965522766", "jac": "[0. 0. 0. 0. 0. 0.]", "hess_inv": "[[1 0 0 0 0 0]\n [0 1 0 0 0 0]\n [0 0 1 0 0 0]\n [0 0 0 1 0 0]\n [0 0 0 0 1 0]\n [0 0 0 0 0 1]]", "nfev": "7", "njev": "1", "status": "0", "success": "True", "message": "Optimization terminated successfully.", "x": "[5.88749973 5.9909508  5.66816317 1.52934661 2.69418469 5.56696085]", "nit": "0"}, "20": {"maxiter": 1000, "gtol": 1e-10, "xrtol": 1e-05, "eps": 1e-05, "duration": 0.12401890754699707, "fun": "0.008437806740403175", "jac": "[ 0.00000000e+00 -9.31322575e-05  0.00000000e+00  0.00000000e+00\n  0.00000000e+00  0.00000000e+00]", "hess_inv": "[[ 574.18184254  354.56795819   14.04010901 -173.56986649  835.11448914\n   475.88742026]\n [ 354.56795819  222.63013093    8.15472505 -108.68509124  517.84471246\n   295.51962169]\n [  14.04010901    8.15472505    1.27499348   -4.40151985   20.8898599\n    11.57551266]\n [-173.56986649 -108.68509124   -4.40151985   55.6630702  -255.01608705\n  -145.41925379]\n [ 835.11448914  517.84471246   20.8898599  -255.01608705 1225.45189273\n   698.53003755]\n [ 475.88742026  295.51962169   11.57551266 -145.41925379  698.53003755\n   400.05847247]]", "nfev": "523", "njev": "73", "status": "2", "success": "False", "message": "Desired error not necessarily achieved due to precision loss.", "x": "[5.28154444 4.37263334 8.84438579 1.98731037 2.35691012 4.5670736 ]", "nit": "34"}, "21": {"maxiter": 1000, "gtol": 1e-10, "xrtol": 1e-05, "eps": 1e-10, "duration": 0.0017380714416503906, "fun": "0.6951501965522766", "jac": "[0. 0. 0. 0. 0. 0.]", "hess_inv": "[[1 0 0 0 0 0]\n [0 1 0 0 0 0]\n [0 0 1 0 0 0]\n [0 0 0 1 0 0]\n [0 0 0 0 1 0]\n [0 0 0 0 0 1]]", "nfev": "7", "njev": "1", "status": "0", "success": "True", "message": "Optimization terminated successfully.", "x": "[5.88749973 5.9909508  5.66816317 1.52934661 2.69418469 5.56696085]", "nit": "0"}, "22": {"maxiter": 1000, "gtol": 1e-10, "xrtol": 1e-10, "eps": 1e-05, "duration": 0.12717580795288086, "fun": "0.008437806740403175", "jac": "[ 0.00000000e+00 -9.31322575e-05  0.00000000e+00  0.00000000e+00\n  0.00000000e+00  0.00000000e+00]", "hess_inv": "[[ 574.18184254  354.56795819   14.04010901 -173.56986649  835.11448914\n   475.88742026]\n [ 354.56795819  222.63013093    8.15472505 -108.68509124  517.84471246\n   295.51962169]\n [  14.04010901    8.15472505    1.27499348   -4.40151985   20.8898599\n    11.57551266]\n [-173.56986649 -108.68509124   -4.40151985   55.6630702  -255.01608705\n  -145.41925379]\n [ 835.11448914  517.84471246   20.8898599  -255.01608705 1225.45189273\n   698.53003755]\n [ 475.88742026  295.51962169   11.57551266 -145.41925379  698.53003755\n   400.05847247]]", "nfev": "523", "njev": "73", "status": "2", "success": "False", "message": "Desired error not necessarily achieved due to precision loss.", "x": "[5.28154444 4.37263334 8.84438579 1.98731037 2.35691012 4.5670736 ]", "nit": "34"}, "23": {"maxiter": 1000, "gtol": 1e-10, "xrtol": 1e-10, "eps": 1e-10, "duration": 0.0016701221466064453, "fun": "0.6951501965522766", "jac": "[0. 0. 0. 0. 0. 0.]", "hess_inv": "[[1 0 0 0 0 0]\n [0 1 0 0 0 0]\n [0 0 1 0 0 0]\n [0 0 0 1 0 0]\n [0 0 0 0 1 0]\n [0 0 0 0 0 1]]", "nfev": "7", "njev": "1", "status": "0", "success": "True", "message": "Optimization terminated successfully.", "x": "[5.88749973 5.9909508  5.66816317 1.52934661 2.69418469 5.56696085]", "nit": "0"}}, "cobyla": {"0": {"maxiter": 100, "tol": 1e-05, "catol": 1e-05, "duration": 0.02214670181274414, "x": "[7.06516479 7.6391895  5.68629499 1.91880511 2.64161949 4.73156586]", "status": "2", "success": "False", "message": "Maximum number of function evaluations has been exceeded.", "nfev": "100", "fun": "0.009172511287033558", "maxcv": "0.0"}, "1": {"maxiter": 100, "tol": 1e-05, "catol": 1e-10, "duration": 0.022519826889038086, "x": "[7.06516479 7.6391895  5.68629499 1.91880511 2.64161949 4.73156586]", "status": "2", "success": "False", "message": "Maximum number of function evaluations has been exceeded.", "nfev": "100", "fun": "0.009172511287033558", "maxcv": "0.0"}, "2": {"maxiter": 100, "tol": 1e-10, "catol": 1e-05, "duration": 0.023672103881835938, "x": "[7.06516479 7.6391895  5.68629499 1.91880511 2.64161949 4.73156586]", "status": "2", "success": "False", "message": "Maximum number of function evaluations has been exceeded.", "nfev": "100", "fun": "0.009172511287033558", "maxcv": "0.0"}, "3": {"maxiter": 100, "tol": 1e-10, "catol": 1e-10, "duration": 0.022275209426879883, "x": "[7.06516479 7.6391895  5.68629499 1.91880511 2.64161949 4.73156586]", "status": "2", "success": "False", "message": "Maximum number of function evaluations has been exceeded.", "nfev": "100", "fun": "0.009172511287033558", "maxcv": "0.0"}, "4": {"maxiter": 500, "tol": 1e-05, "catol": 1e-05, "duration": 0.11499691009521484, "x": "[7.24708407 7.53315229 5.70276504 1.9777943  2.40809034 4.59740191]", "status": "2", "success": "False", "message": "Maximum number of function evaluations has been exceeded.", "nfev": "500", "fun": "0.008460120297968388", "maxcv": "0.0"}, "5": {"maxiter": 500, "tol": 1e-05, "catol": 1e-10, "duration": 0.11531424522399902, "x": "[7.24708407 7.53315229 5.70276504 1.9777943  2.40809034 4.59740191]", "status": "2", "success": "False", "message": "Maximum number of function evaluations has been exceeded.", "nfev": "500", "fun": "0.008460120297968388", "maxcv": "0.0"}, "6": {"maxiter": 500, "tol": 1e-10, "catol": 1e-05, "duration": 0.11328291893005371, "x": "[7.24708407 7.53315229 5.70276504 1.9777943  2.40809034 4.59740191]", "status": "2", "success": "False", "message": "Maximum number of function evaluations has been exceeded.", "nfev": "500", "fun": "0.008460120297968388", "maxcv": "0.0"}, "7": {"maxiter": 500, "tol": 1e-10, "catol": 1e-10, "duration": 0.11014294624328613, "x": "[7.24708407 7.53315229 5.70276504 1.9777943  2.40809034 4.59740191]", "status": "2", "success": "False", "message": "Maximum number of function evaluations has been exceeded.", "nfev": "500", "fun": "0.008460120297968388", "maxcv": "0.0"}, "8": {"maxiter": 1000, "tol": 1e-05, "catol": 1e-05, "duration": 0.2289111614227295, "x": "[7.28114493 7.51627894 5.7027849  1.98659513 2.36119099 4.56970939]", "status": "2", "success": "False", "message": "Maximum number of function evaluations has been exceeded.", "nfev": "1000", "fun": "0.008437982760369778", "maxcv": "0.0"}, "9": {"maxiter": 1000, "tol": 1e-05, "catol": 1e-10, "duration": 0.27658915519714355, "x": "[7.28114493 7.51627894 5.7027849  1.98659513 2.36119099 4.56970939]", "status": "2", "success": "False", "message": "Maximum number of function evaluations has been exceeded.", "nfev": "1000", "fun": "0.008437982760369778", "maxcv": "0.0"}, "10": {"maxiter": 1000, "tol": 1e-10, "catol": 1e-05, "duration": 0.26093196868896484, "x": "[7.28114493 7.51627894 5.7027849  1.98659513 2.36119099 4.56970939]", "status": "2", "success": "False", "message": "Maximum number of function evaluations has been exceeded.", "nfev": "1000", "fun": "0.008437982760369778", "maxcv": "0.0"}, "11": {"maxiter": 1000, "tol": 1e-10, "catol": 1e-10, "duration": 0.270902156829834, "x": "[7.28114493 7.51627894 5.7027849  1.98659513 2.36119099 4.56970939]", "status": "2", "success": "False", "message": "Maximum number of function evaluations has been exceeded.", "nfev": "1000", "fun": "0.008437982760369778", "maxcv": "0.0"}}, "powell": {"0": {"maxiter": 100, "ftol": 1e-05, "xtol": 1e-05, "duration": 0.24795317649841309, "fun": "0.008437822572886944", "direc": "[[ 0.00000000e+00  0.00000000e+00  0.00000000e+00  0.00000000e+00\n   0.00000000e+00  1.00000000e+00]\n [-1.21262008e-02 -1.73045060e-02  6.50349268e-03  6.81730951e-03\n  -1.91889780e-03 -1.21841359e-03]\n [ 0.00000000e+00  0.00000000e+00  1.00000000e+00  0.00000000e+00\n   0.00000000e+00  0.00000000e+00]\n [ 5.68169542e-02 -1.53280918e-02 -1.23313653e-02  1.96685639e-02\n  -8.25312134e-02 -4.65328539e-02]\n [ 1.42518171e-01 -1.16134644e-01  5.62485797e-02  4.86783015e-02\n  -1.45043649e-01 -8.46783166e-02]\n [ 8.11766622e-04 -3.39061180e-04  7.58027587e-05 -2.26797387e-04\n  -9.95850282e-04 -6.43315545e-04]]", "nit": "11", "nfev": "959", "status": "0", "success": "True", "message": "Optimization terminated successfully.", "x": "[7.28471557 7.51442003 5.70270513 1.98721479 2.35731839 4.56732554]"}, "1": {"maxiter": 100, "ftol": 1e-05, "xtol": 1e-10, "duration": 0.6380479335784912, "fun": "0.008437815122306347", "direc": "[[ 0.00000000e+00  0.00000000e+00  0.00000000e+00  0.00000000e+00\n   0.00000000e+00  1.00000000e+00]\n [-1.22015462e-02 -1.75370921e-02  6.60565654e-03  6.87808813e-03\n  -1.94823406e-03 -1.23452775e-03]\n [ 0.00000000e+00  0.00000000e+00  1.00000000e+00  0.00000000e+00\n   0.00000000e+00  0.00000000e+00]\n [ 5.59960140e-02 -1.52534370e-02 -1.24213150e-02  1.92498329e-02\n  -8.15163194e-02 -4.60032928e-02]\n [ 1.44375747e-01 -1.16648509e-01  5.59738647e-02  4.89774826e-02\n  -1.47677128e-01 -8.53864754e-02]\n [ 7.12212349e-04 -2.99824408e-04  9.09757097e-05 -2.08866706e-04\n  -8.63949593e-04 -5.89441870e-04]]", "nit": "11", "nfev": "2188", "status": "0", "success": "True", "message": "Optimization terminated successfully.", "x": "[7.28473583 7.51437258 5.70274292 1.98728014 2.35720372 4.56726798]"}, "2": {"maxiter": 100, "ftol": 1e-10, "xtol": 1e-05, "duration": 0.34636783599853516, "fun": "0.008437780663371086", "direc": "[[ 0.00000000e+00  0.00000000e+00  0.00000000e+00  0.00000000e+00\n   0.00000000e+00  1.00000000e+00]\n [ 2.52007195e-04 -2.74692067e-05 -2.57803207e-05  1.51154209e-04\n  -6.62292566e-04 -4.03912922e-04]\n [ 0.00000000e+00  0.00000000e+00  1.00000000e+00  0.00000000e+00\n   0.00000000e+00  0.00000000e+00]\n [ 8.11766622e-04 -3.39061180e-04  7.58027587e-05 -2.26797387e-04\n  -9.95850282e-04 -6.43315545e-04]\n [ 1.42518171e-01 -1.16134644e-01  5.62485797e-02  4.86783015e-02\n  -1.45043649e-01 -8.46783166e-02]\n [ 1.06751018e-05 -2.63726228e-05  2.05412766e-05  4.39320931e-05\n  -2.28323070e-04 -1.43434499e-04]]", "nit": "15", "nfev": "1543", "status": "0", "success": "True", "message": "Optimization terminated successfully.", "x": "[7.28483327 7.51430636 5.70278141 1.98746429 2.35610045 4.56656487]"}, "3": {"maxiter": 100, "ftol": 1e-10, "xtol": 1e-10, "duration": 0.7197990417480469, "fun": "0.00843778159469366", "direc": "[[ 0.00000000e+00  0.00000000e+00  0.00000000e+00  0.00000000e+00\n   0.00000000e+00  1.00000000e+00]\n [-1.22015462e-02 -1.75370921e-02  6.60565654e-03  6.87808813e-03\n  -1.94823406e-03 -1.23452775e-03]\n [ 0.00000000e+00  0.00000000e+00  1.00000000e+00  0.00000000e+00\n   0.00000000e+00  0.00000000e+00]\n [ 7.12212349e-04 -2.99824408e-04  9.09757097e-05 -2.08866706e-04\n  -8.63949593e-04 -5.89441870e-04]\n [ 1.44375747e-01 -1.16648509e-01  5.59738647e-02  4.89774826e-02\n  -1.47677128e-01 -8.53864754e-02]\n [ 1.78668642e-04 -2.16863721e-05 -2.16784930e-05  5.06494549e-05\n  -3.86344050e-04 -2.83666653e-04]]", "nit": "15", "nfev": "3216", "status": "0", "success": "True", "message": "Optimization terminated successfully.", "x": "[7.28472196 7.51439356 5.70277898 1.98737961 2.35648667 4.56677816]"}, "4": {"maxiter": 500, "ftol": 1e-05, "xtol": 1e-05, "duration": 0.21461009979248047, "fun": "0.008437822572886944", "direc": "[[ 0.00000000e+00  0.00000000e+00  0.00000000e+00  0.00000000e+00\n   0.00000000e+00  1.00000000e+00]\n [-1.21262008e-02 -1.73045060e-02  6.50349268e-03  6.81730951e-03\n  -1.91889780e-03 -1.21841359e-03]\n [ 0.00000000e+00  0.00000000e+00  1.00000000