{"date": "2024/10/07/, 08:40:30", "conf_id": 0, "data_type": "random\n", "num_data_points": 1, "s_rank": 1, "unitary": "[[-0.45070455-0.02711853j,0.78437395-0.06613086j,0.06358678+0.19963393j,-0.07343613+0.35668523j],[-0.01890143-0.03813363j,0.32408202+0.25557629j,0.05872864-0.68979805j,0.55466693-0.20227297j],[-0.11215405+0.64023111j,-0.13344055+0.29565494j,-0.49012687-0.19046288j,-0.04241254+0.44046348j],[0.55771659+0.24656916j,0.31851997-0.05798805j,0.28761525-0.34294258j,-0.56718418+0.03616933j]]", "databatch_0": {"databatch": "[[[0.09314128-0.12946863j,0.39382838-0.19799267j,0.05133879+0.12112185j,0.08106995-0.04021906j],[0.07622026-0.09754417j,0.31152873-0.14143589j,0.03608905+0.09551662j,0.06411194-0.02869752j],[0.11804856-0.19626647j,0.54031288-0.32976236j,0.08774511+0.16729872j,0.1112873-0.06711204j],[-0.01827577+0.10086995j,-0.17383409+0.2237231j,-0.06326177-0.05610261j,-0.03593256+0.04574145j]]]", "initial param values": "[6.22691932,5.43425763,2.35198893,5.10507432,4.74892451,4.96664227]", "nelder_mead": {"type": "gradient-free", "0": {"maxiter": 100, "fatol": 1e-05, "xatol": 1e-05, "duration": 0.05035400390625, "fun": "0.07922628145848165", "nit": "100", "nfev": "161", "status": "2", "success": "False", "message": "Maximum number of iterations has been exceeded.", "x": "[3.35012649 3.22139307 3.16487766 8.72604449 4.91820248 3.86443949]", "final_simplex": "(array([[3.35012649, 3.22139307, 3.16487766, 8.72604449, 4.91820248,\n        3.86443949],\n       [3.39011356, 3.21753964, 3.14431504, 8.71323715, 4.89345198,\n        3.8583243 ],\n       [3.37090073, 3.23200856, 3.14967732, 8.69517751, 4.91742788,\n        3.85572159],\n       [3.31440143, 3.19062533, 3.17843201, 8.77240831, 4.87157766,\n        3.88756782],\n       [3.370813  , 3.24776192, 3.14609556, 8.6834453 , 4.895084  ,\n        3.88199329],\n       [3.38578503, 3.23753546, 3.16462324, 8.67444745, 4.86343043,\n        3.89466074],\n       [3.43778496, 3.2313255 , 3.14883078, 8.65994815, 4.89648159,\n        3.86744127]]), array([0.07922628, 0.07958493, 0.07963156, 0.07970233, 0.07970899,\n       0.07974451, 0.07982323]))", "callback": [0.8714702341768723, 0.5922580788382388, 0.5698515578469704, 0.49871001789651503, 0.2875932933878924, 0.17694762584881363, 0.13035431914115347, 0.09189106547012194, 0.0814869657110131, 0.07970233088939982]}, "1": {"maxiter": 100, "fatol": 1e-05, "xatol": 1e-10, "duration": 0.04483604431152344, "fun": "0.07922628145848165", "nit": "100", "nfev": "161", "status": "2", "success": "False", "message": "Maximum number of iterations has been exceeded.", "x": "[3.35012649 3.22139307 3.16487766 8.72604449 4.91820248 3.86443949]", "final_simplex": "(array([[3.35012649, 3.22139307, 3.16487766, 8.72604449, 4.91820248,\n        3.86443949],\n       [3.39011356, 3.21753964, 3.14431504, 8.71323715, 4.89345198,\n        3.8583243 ],\n       [3.37090073, 3.23200856, 3.14967732, 8.69517751, 4.91742788,\n        3.85572159],\n       [3.31440143, 3.19062533, 3.17843201, 8.77240831, 4.87157766,\n        3.88756782],\n       [3.370813  , 3.24776192, 3.14609556, 8.6834453 , 4.895084  ,\n        3.88199329],\n       [3.38578503, 3.23753546, 3.16462324, 8.67444745, 4.86343043,\n        3.89466074],\n       [3.43778496, 3.2313255 , 3.14883078, 8.65994815, 4.89648159,\n        3.86744127]]), array([0.07922628, 0.07958493, 0.07963156, 0.07970233, 0.07970899,\n       0.07974451, 0.07982323]))", "callback": [0.8714702341768723, 0.5922580788382388, 0.5698515578469704, 0.49871001789651503, 0.2875932933878924, 0.17694762584881363, 0.13035431914115347, 0.09189106547012194, 0.0814869657110131, 0.07970233088939982]}, "2": {"maxiter": 100, "fatol": 1e-10, "xatol": 1e-05, "duration": 0.04496407508850098, "fun": "0.07922628145848165", "nit": "100", "nfev": "161", "status": "2", "success": "False", "message": "Maximum number of iterations has been exceeded.", "x": "[3.35012649 3.22139307 3.16487766 8.72604449 4.91820248 3.86443949]", "final_simplex": "(array([[3.35012649, 3.22139307, 3.16487766, 8.72604449, 4.91820248,\n        3.86443949],\n       [3.39011356, 3.21753964, 3.14431504, 8.71323715, 4.89345198,\n        3.8583243 ],\n       [3.37090073, 3.23200856, 3.14967732, 8.69517751, 4.91742788,\n        3.85572159],\n       [3.31440143, 3.19062533, 3.17843201, 8.77240831, 4.87157766,\n        3.88756782],\n       [3.370813  , 3.24776192, 3.14609556, 8.6834453 , 4.895084  ,\n        3.88199329],\n       [3.38578503, 3.23753546, 3.16462324, 8.67444745, 4.86343043,\n        3.89466074],\n       [3.43778496, 3.2313255 , 3.14883078, 8.65994815, 4.89648159,\n        3.86744127]]), array([0.07922628, 0.07958493, 0.07963156, 0.07970233, 0.07970899,\n       0.07974451, 0.07982323]))", "callback": [0.8714702341768723, 0.5922580788382388, 0.5698515578469704, 0.49871001789651503, 0.2875932933878924, 0.17694762584881363, 0.13035431914115347, 0.09189106547012194, 0.0814869657110131, 0.07970233088939982]}, "3": {"maxiter": 100, "fatol": 1e-10, "xatol": 1e-10, "duration": 0.044547080993652344, "fun": "0.07922628145848165", "nit": "100", "nfev": "161", "status": "2", "success": "False", "message": "Maximum number of iterations has been exceeded.", "x": "[3.35012649 3.22139307 3.16487766 8.72604449 4.91820248 3.86443949]", "final_simplex": "(array([[3.35012649, 3.22139307, 3.16487766, 8.72604449, 4.91820248,\n        3.86443949],\n       [3.39011356, 3.21753964, 3.14431504, 8.71323715, 4.89345198,\n        3.8583243 ],\n       [3.37090073, 3.23200856, 3.14967732, 8.69517751, 4.91742788,\n        3.85572159],\n       [3.31440143, 3.19062533, 3.17843201, 8.77240831, 4.87157766,\n        3.88756782],\n       [3.370813  , 3.24776192, 3.14609556, 8.6834453 , 4.895084  ,\n        3.88199329],\n       [3.38578503, 3.23753546, 3.16462324, 8.67444745, 4.86343043,\n        3.89466074],\n       [3.43778496, 3.2313255 , 3.14883078, 8.65994815, 4.89648159,\n        3.86744127]]), array([0.07922628, 0.07958493, 0.07963156, 0.07970233, 0.07970899,\n       0.07974451, 0.07982323]))", "callback": [0.8714702341768723, 0.5922580788382388, 0.5698515578469704, 0.49871001789651503, 0.2875932933878924, 0.17694762584881363, 0.13035431914115347, 0.09189106547012194, 0.0814869657110131, 0.07970233088939982]}, "4": {"maxiter": 500, "fatol": 1e-05, "xatol": 1e-05, "duration": 0.1201169490814209, "fun": "0.0736348637391201", "nit": "265", "nfev": "436", "status": "0", "success": "True", "message": "Optimization terminated successfully.", "x": "[3.28955388 3.47170895 3.33799256 8.70228934 5.18026304 4.1877153 ]", "final_simplex": "(array([[3.28955388, 3.47170895, 3.33799256, 8.70228934, 5.18026304,\n        4.1877153 ],\n       [3.28955382, 3.47171266, 3.3379923 , 8.70229057, 5.18026628,\n        4.18771745],\n       [3.28955545, 3.47170521, 3.33798922, 8.70228859, 5.18025732,\n        4.18771065],\n       [3.28955116, 3.47171249, 3.33799093, 8.702293  , 5.18026687,\n        4.1877182 ],\n       [3.28955669, 3.47170589, 3.3379914 , 8.70229314, 5.18025997,\n        4.18771367],\n       [3.28955414, 3.47170586, 3.33799342, 8.70229397, 5.18025595,\n        4.1877175 ],\n       [3.28954955, 3.47171022, 3.33799047, 8.70229354, 5.1802655 ,\n        4.18771288]]), array([0.07363486, 0.07363486, 0.07363486, 0.07363486, 0.07363486,\n       0.07363486, 0.07363486]))", "callback": [0.8714702341768723, 0.5922580788382388, 0.5698515578469704, 0.49871001789651503, 0.2875932933878924, 0.17694762584881363, 0.13035431914115347, 0.09189106547012194, 0.0814869657110131, 0.07970233088939982, 0.07922628145848165, 0.07864859303355787, 0.07796248592530919, 0.07540790144714804, 0.07405127669212896, 0.0737056528689286, 0.07364806349604414, 0.07363727339853454, 0.07363527724527619, 0.07363497037537747, 0.07363487952204628, 0.07363486593567503, 0.07363486433451194, 0.0736348639247979, 0.07363486375447259, 0.07363486374927519, 0.07363486374194195]}, "5": {"maxiter": 500, "fatol": 1e-05, "xatol": 1e-10, "duration": 0.17674994468688965, "fun": "0.0736348637374189", "nit": "354", "nfev": "640", "status": "0", "success": "True", "message": "Optimization terminated successfully.", "x": "[3.28955231 3.4717117  3.3379933  8.70229023 5.18026479 4.18771862]", "final_simplex": "(array([[3.28955231, 3.4717117 , 3.3379933 , 8.70229023, 5.18026479,\n        4.18771862],\n       [3.28955231, 3.4717117 , 3.3379933 , 8.70229023, 5.18026479,\n        4.18771862],\n       [3.28955231, 3.4717117 , 3.3379933 , 8.70229023, 5.18026479,\n        4.18771862],\n       [3.28955231, 3.4717117 , 3.3379933 , 8.70229023, 5.18026479,\n        4.18771862],\n       [3.28955231, 3.4717117 , 3.3379933 , 8.70229023, 5.18026479,\n        4.18771862],\n       [3.28955231, 3.4717117 , 3.3379933 , 8.70229023, 5.18026479,\n        4.18771862],\n       [3.28955231, 3.4717117 , 3.3379933 , 8.70229023, 5.18026479,\n        4.18771862]]), array([0.07363486, 0.07363486, 0.07363486, 0.07363486, 0.07363486,\n       0.07363486, 0.07363486]))", "callback": [0.8714702341768723, 0.5922580788382388, 0.5698515578469704, 0.49871001789651503, 0.2875932933878924, 0.17694762584881363, 0.13035431914115347, 0.09189106547012194, 0.0814869657110131, 0.07970233088939982, 0.07922628145848165, 0.07864859303355787, 0.07796248592530919, 0.07540790144714804, 0.07405127669212896, 0.0737056528689286, 0.07364806349604414, 0.07363727339853454, 0.07363527724527619, 0.07363497037537747, 0.07363487952204628, 0.07363486593567503, 0.07363486433451194, 0.0736348639247979, 0.07363486375447259, 0.07363486374927519, 0.07363486374194195, 0.0736348637378762, 0.07363486373748218, 0.07363486373743588, 0.07363486373742245, 0.07363486373742067, 0.07363486373741934, 0.07363486373741901, 0.07363486373741901, 0.0736348637374189]}, "6": {"maxiter": 500, "fatol": 1e-10, "xatol": 1e-05, "duration": 0.12242388725280762, "fun": "0.0736348637391201", "nit": "265", "nfev": "436", "status": "0", "success": "True", "message": "Optimization terminated successfully.", "x": "[3.28955388 3.47170895 3.33799256 8.70228934 5.18026304 4.1877153 ]", "final_simplex": "(array([[3.28955388, 3.47170895, 3.33799256, 8.70228934, 5.18026304,\n        4.1877153 ],\n       [3.28955382, 3.47171266, 3.3379923 , 8.70229057, 5.18026628,\n        4.18771745],\n       [3.28955545, 3.47170521, 3.33798922, 8.70228859, 5.18025732,\n        4.18771065],\n       [3.28955116, 3.47171249, 3.33799093, 8.702293  , 5.18026687,\n        4.1877182 ],\n       [3.28955669, 3.47170589, 3.3379914 , 8.70229314, 5.18025997,\n        4.18771367],\n       [3.28955414, 3.47170586, 3.33799342, 8.70229397, 5.18025595,\n        4.1877175 ],\n       [3.28954955, 3.47171022, 3.33799047, 8.70229354, 5.1802655 ,\n        4.18771288]]), array([0.07363486, 0.07363486, 0.07363486, 0.07363486, 0.07363486,\n       0.07363486, 0.07363486]))", "callback": [0.8714702341768723, 0.5922580788382388, 0.5698515578469704, 0.49871001789651503, 0.2875932933878924, 0.17694762584881363, 0.13035431914115347, 0.09189106547012194, 0.0814869657110131, 0.07970233088939982, 0.07922628145848165, 0.07864859303355787, 0.07796248592530919, 0.07540790144714804, 0.07405127669212896, 0.0737056528689286, 0.07364806349604414, 0.07363727339853454, 0.07363527724527619, 0.07363497037537747, 0.07363487952204628, 0.07363486593567503, 0.07363486433451194, 0.0736348639247979, 0.07363486375447259, 0.07363486374927519, 0.07363486374194195]}, "7": {"maxiter": 500, "fatol": 1e-10, "xatol": 1e-10, "duration": 0.175584077835083, "fun": "0.0736348637374189", "nit": "354", "nfev": "640", "status": "0", "success": "True", "message": "Optimization terminated successfully.", "x": "[3.28955231 3.4717117  3.3379933  8.70229023 5.18026479 4.18771862]", "final_simplex": "(array([[3.28955231, 3.4717117 , 3.3379933 , 8.70229023, 5.18026479,\n        4.18771862],\n       [3.28955231, 3.4717117 , 3.3379933 , 8.70229023, 5.18026479,\n        4.18771862],\n       [3.28955231, 3.4717117 , 3.3379933 , 8.70229023, 5.18026479,\n        4.18771862],\n       [3.28955231, 3.4717117 , 3.3379933 , 8.70229023, 5.18026479,\n        4.18771862],\n       [3.28955231, 3.4717117 , 3.3379933 , 8.70229023, 5.18026479,\n        4.18771862],\n       [3.28955231, 3.4717117 , 3.3379933 , 8.70229023, 5.18026479,\n        4.18771862],\n       [3.28955231, 3.4717117 , 3.3379933 , 8.70229023, 5.18026479,\n        4.18771862]]), array([0.07363486, 0.07363486, 0.07363486, 0.07363486, 0.07363486,\n       0.07363486, 0.07363486]))", "callback": [0.8714702341768723, 0.5922580788382388, 0.5698515578469704, 0.49871001789651503, 0.2875932933878924, 0.17694762584881363, 0.13035431914115347, 0.09189106547012194, 0.0814869657110131, 0.07970233088939982, 0.07922628145848165, 0.07864859303355787, 0.07796248592530919, 0.07540790144714804, 0.07405127669212896, 0.0737056528689286, 0.07364806349604414, 0.07363727339853454, 0.07363527724527619, 0.07363497037537747, 0.07363487952204628, 0.07363486593567503, 0.07363486433451194, 0.0736348639247979, 0.07363486375447259, 0.07363486374927519, 0.07363486374194195, 0.0736348637378762, 0.07363486373748218, 0.07363486373743588, 0.07363486373742245, 0.07363486373742067, 0.07363486373741934, 0.07363486373741901, 0.07363486373741901, 0.0736348637374189]}, "8": {"maxiter": 1000, "fatol": 1e-05, "xatol": 1e-05, "duration": 0.11993002891540527, "fun": "0.0736348637391201", "nit": "265", "nfev": "436", "status": "0", "success": "True", "message": "Optimization terminated successfully.", "x": "[3.28955388 3.47170895 3.33799256 8.70228934 5.18026304 4.1877153 ]", "final_simplex": "(array([[3.28955388, 3.47170895, 3.33799256, 8.70228934, 5.18026304,\n        4.1877153 ],\n       [3.28955382, 3.47171266, 3.3379923 , 8.70229057, 5.18026628,\n        4.18771745],\n       [3.28955545, 3.47170521, 3.33798922, 8.70228859, 5.18025732,\n        4.18771065],\n       [3.28955116, 3.47171249, 3.33799093, 8.702293  , 5.18026687,\n        4.1877182 ],\n       [3.28955669, 3.47170589, 3.3379914 , 8.70229314, 5.18025997,\n        4.18771367],\n       [3.28955414, 3.47170586, 3.33799342, 8.70229397, 5.18025595,\n        4.1877175 ],\n       [3.28954955, 3.47171022, 3.33799047, 8.70229354, 5.1802655 ,\n        4.18771288]]), array([0.07363486, 0.07363486, 0.07363486, 0.07363486, 0.07363486,\n       0.07363486, 0.07363486]))", "callback": [0.8714702341768723, 0.5922580788382388, 0.5698515578469704, 0.49871001789651503, 0.2875932933878924, 0.17694762584881363, 0.13035431914115347, 0.09189106547012194, 0.0814869657110131, 0.07970233088939982, 0.07922628145848165, 0.07864859303355787, 0.07796248592530919, 0.07540790144714804, 0.07405127669212896, 0.0737056528689286, 0.07364806349604414, 0.07363727339853454, 0.07363527724527619, 0.07363497037537747, 0.07363487952204628, 0.07363486593567503, 0.07363486433451194, 0.0736348639247979, 0.07363486375447259, 0.07363486374927519, 0.07363486374194195]}, "9": {"maxiter": 1000, "fatol": 1e-05, "xatol": 1e-10, "duration": 0.17841792106628418, "fun": "0.0736348637374189", "nit": "354", "nfev": "640", "status": "0", "success": "True", "message": "Optimization terminated successfully.", "x": "[3.28955231 3.4717117  3.3379933  8.70229023 5.18026479 4.18771862]", "final_simplex": "(array([[3.28955231, 3.4717117 , 3.3379933 , 8.70229023, 5.18026479,\n        4.18771862],\n       [3.28955231, 3.4717117 , 3.3379933 , 8.70229023, 5.18026479,\n        4.18771862],\n       [3.28955231, 3.4717117 , 3.3379933 , 8.70229023, 5.18026479,\n        4.18771862],\n       [3.28955231, 3.4717117 , 3.3379933 , 8.70229023, 5.18026479,\n        4.18771862],\n       [3.28955231, 3.4717117 , 3.3379933 , 8.70229023, 5.18026479,\n        4.18771862],\n       [3.28955231, 3.4717117 , 3.3379933 , 8.70229023, 5.18026479,\n        4.18771862],\n       [3.28955231, 3.4717117 , 3.3379933 , 8.70229023, 5.18026479,\n        4.18771862]]), array([0.07363486, 0.07363486, 0.07363486, 0.07363486, 0.07363486,\n       0.07363486, 0.07363486]))", "callback": [0.8714702341768723, 0.5922580788382388, 0.5698515578469704, 0.49871001789651503, 0.2875932933878924, 0.17694762584881363, 0.13035431914115347, 0.09189106547012194, 0.0814869657110131, 0.07970233088939982, 0.07922628145848165, 0.07864859303355787, 0.07796248592530919, 0.07540790144714804, 0.07405127669212896, 0.0737056528689286, 0.07364806349604414, 0.07363727339853454, 0.07363527724527619, 0.07363497037537747, 0.07363487952204628, 0.07363486593567503, 0.07363486433451194, 0.0736348639247979, 0.07363486375447259, 0.07363486374927519, 0.07363486374194195, 0.0736348637378762, 0.07363486373748218, 0.07363486373743588, 0.07363486373742245, 0.07363486373742067, 0.07363486373741934, 0.07363486373741901, 0.07363486373741901, 0.0736348637374189]}, "10": {"maxiter": 1000, "fatol": 1e-10, "xatol": 1e-05, "duration": 0.1197059154510498, "fun": "0.0736348637391201", "nit": "265", "nfev": "436", "status": "0", "success": "True", "message": "Optimization terminated successfully.", "x": "[3.28955388 3.47170895 3.33799256 8.70228934 5.18026304 4.1877153 ]", "final_simplex": "(array([[3.28955388, 3.47170895, 3.33799256, 8.70228934, 5.18026304,\n        4.1877153 ],\n       [3.28955382, 3.47171266, 3.3379923 , 8.70229057, 5.18026628,\n        4.18771745],\n       [3.28955545, 3.47170521, 3.33798922, 8.70228859, 5.18025732,\n        4.18771065],\n       [3.28955116, 3.47171249, 3.33799093, 8.702293  , 5.18026687,\n        4.1877182 ],\n       [3.28955669, 3.47170589, 3.3379914 , 8.70229314, 5.18025997,\n        4.18771367],\n       [3.28955414, 3.47170586, 3.33799342, 8.70229397, 5.18025595,\n        4.1877175 ],\n       [3.28954955, 3.47171022, 3.33799047, 8.70229354, 5.1802655 ,\n        4.18771288]]), array([0.07363486, 0.07363486, 0.07363486, 0.07363486, 0.07363486,\n       0.07363486, 0.07363486]))", "callback": [0.8714702341768723, 0.5922580788382388, 0.5698515578469704, 0.49871001789651503, 0.2875932933878924, 0.17694762584881363, 0.13035431914115347, 0.09189106547012194, 0.0814869657110131, 0.07970233088939982, 0.07922628145848165, 0.07864859303355787, 0.07796248592530919, 0.07540790144714804, 0.07405127669212896, 0.0737056528689286, 0.07364806349604414, 0.07363727339853454, 0.07363527724527619, 0.07363497037537747, 0.07363487952204628, 0.07363486593567503, 0.07363486433451194, 0.0736348639247979, 0.07363486375447259, 0.07363486374927519, 0.07363486374194195]}, "11": {"maxiter": 1000, "fatol": 1e-10, "xatol": 1e-10, "duration": 0.17421579360961914, "fun": "0.0736348637374189", "nit": "354", "nfev": "640", "status": "0", "success": "True", "message": "Optimization terminated successfully.", "x": "[3.28955231 3.4717117  3.3379933  8.70229023 5.18026479 4.18771862]", "final_simplex": "(array([[3.28955231, 3.4717117 , 3.3379933 , 8.70229023, 5.18026479,\n        4.18771862],\n       [3.28955231, 3.4717117 , 3.3379933 , 8.70229023, 5.18026479,\n        4.18771862],\n       [3.28955231, 3.4717117 , 3.3379933 , 8.70229023, 5.18026479,\n        4.18771862],\n       [3.28955231, 3.4717117 , 3.3379933 , 8.70229023, 5.18026479,\n        4.18771862],\n       [3.28955231, 3.4717117 , 3.3379933 , 8.70229023, 5.18026479,\n        4.18771862],\n       [3.28955231, 3.4717117 , 3.3379933 , 8.70229023, 5.18026479,\n        4.18771862],\n       [3.28955231, 3.4717117 , 3.3379933 , 8.70229023, 5.18026479,\n        4.18771862]]), array([0.07363486, 0.07363486, 0.07363486, 0.07363486, 0.07363486,\n       0.07363486, 0.07363486]))", "callback": [0.8714702341768723, 0.5922580788382388, 0.5698515578469704, 0.49871001789651503, 0.2875932933878924, 0.17694762584881363, 0.13035431914115347, 0.09189106547012194, 0.0814869657110131, 0.07970233088939982, 0.07922628145848165, 0.07864859303355787, 0.07796248592530919, 0.07540790144714804, 0.07405127669212896, 0.0737056528689286, 0.07364806349604414, 0.07363727339853454, 0.07363527724527619, 0.07363497037537747, 0.07363487952204628, 0.07363486593567503, 0.07363486433451194, 0.0736348639247979, 0.07363486375447259, 0.07363486374927519, 0.07363486374194195, 0.0736348637378762, 0.07363486373748218, 0.07363486373743588, 0.07363486373742245, 0.07363486373742067, 0.07363486373741934, 0.07363486373741901, 0.07363486373741901, 0.0736348637374189]}}, "bfgs": {"type": "gradient", "0": {"maxiter": 100, "gtol": 1e-05, "xrtol": 1e-05, "eps": 1e-05, "duration": 0.08645987510681152, "fun": "0.07363486405447728", "jac": "[-1.76846315e-06  8.90341134e-06  1.75096604e-06 -1.13813403e-06\n -4.84794427e-06 -4.60674832e-06]", "hess_inv": "[[ 90.63830136  15.27896744  49.2616571   -6.52402596 -50.78285392\n   53.11518696]\n [ 15.27896744  12.84264745  15.6739242   -1.69887891   0.46009349\n   18.19699675]\n [ 49.2616571   15.6739242   36.06493828  -1.49149604 -21.5254845\n   37.03754453]\n [ -6.52402596  -1.69887891  -1.49149604   4.21504981   2.5873291\n   -3.87768182]\n [-50.78285392   0.46009349 -21.5254845    2.5873291   38.51384769\n  -23.00549106]\n [ 53.11518696  18.19699675  37.03754453  -3.87768182 -23.00549106\n   41.69883995]]", "nfev": "308", "njev": "44", "status": "0", "success": "True", "message": "Optimization terminated successfully.", "x": "[3.59714602 4.3590473  4.3670662  8.67915019 4.97493029 4.42504796]", "nit": "33", "callback": [0.7792391190472047, 0.600185382561147, 0.5754508465630879, 0.5495744466332732, 0.5232668248943765, 0.48451467108488044, 0.4167083899167128, 0.34178440704769897, 0.3298887881661533, 0.22709813281363422, 0.1511821275317411, 0.1281639540160473, 0.12219464621840492, 0.12069152236025527, 0.11907567429945942, 0.11602732622927592, 0.09320675961288127, 0.0879055429386002, 0.08031635365487777, 0.07617829290762157, 0.07540684490952154, 0.07489829322640329, 0.07475703969289427, 0.07451747052454016, 0.07413282164793389, 0.0737366526514408, 0.07365054889459055, 0.07363673061298681, 0.07363592110590078, 0.07363523057524157, 0.07363489878142704, 0.07363486469125857, 0.07363486405447728]}, "1": {"maxiter": 100, "gtol": 1e-05, "xrtol": 1e-05, "eps": 1e-10, "duration": 0.11098790168762207, "fun": "0.07363486801545827", "jac": "[ 1.22124523e-05 -2.22044587e-06 -1.44328981e-05  1.33226752e-05\n  1.44328981e-05  2.10942357e-05]", "hess_inv": "[[119.08841626  20.18715056  68.3590342   -6.71040125 -66.49472665\n   70.74783569]\n [ 20.18715056  13.57072459  18.81860719  -1.78549194  -2.35947873\n   21.11734075]\n [ 68.3590342   18.81860719  48.18542937  -1.7400404  -32.401696\n   48.55126673]\n [ -6.71040125  -1.78549194  -1.7400404    4.24603581   2.59776565\n   -4.0861132 ]\n [-66.49472665  -2.35947873 -32.401696     2.59776565  47.02334088\n  -32.9110171 ]\n [ 70.74783569  21.11734075  48.55126673  -4.0861132  -32.9110171\n   52.44544279]]", "nfev": "385", "njev": "55", "status": "0", "success": "True", "message": "Optimization terminated successfully.", "x": "[3.60081384 4.36085861 4.37023881 8.67905336 4.97307864 4.42757254]", "nit": "33", "callback": [0.7792409119770839, 0.6001889692895711, 0.5754538211971288, 0.5495780717750244, 0.52327264987593, 0.48452531546517785, 0.4167488560749677, 0.34178514300785356, 0.32990227660212745, 0.2271982265197483, 0.1510444862431468, 0.1281644095474419, 0.12218886016649988, 0.12069647265763472, 0.11906673045170735, 0.11599393082978215, 0.09310722651987913, 0.08781421316665428, 0.08025514020912883, 0.07619497225500804, 0.07541125728404208, 0.07490265509605598, 0.07476062671248351, 0.07452093660430703, 0.07413617183306531, 0.0737354931000006, 0.07364945086708952, 0.07363673302668017, 0.0736359406583339, 0.07363522977018944, 0.07363491261940935, 0.07363486801545838, 0.07363486801545827]}, "2": {"maxiter": 100, "gtol": 1e-05, "xrtol": 1e-10, "eps": 1e-05, "duration": 0.09076786041259766, "fun": "0.07363486405447728", "jac": "[-1.76846315e-06  8.90341134e-06  1.75096604e-06 -1.13813403e-06\n -4.84794427e-06 -4.60674832e-06]", "hess_inv": "[[ 90.63830136  15.27896744  49.2616571   -6.52402596 -50.78285392\n   53.11518696]\n [ 15.27896744  12.84264745  15.6739242   -1.69887891   0.46009349\n   18.19699675]\n [ 49.2616571   15.6739242   36.06493828  -1.49149604 -21.5254845\n   37.03754453]\n [ -6.52402596  -1.69887891  -1.49149604   4.21504981   2.5873291\n   -3.87768182]\n [-50.78285392   0.46009349 -21.5254845    2.5873291   38.51384769\n  -23.00549106]\n [ 53.11518696  18.19699675  37.03754453  -3.87768182 -23.00549106\n   41.69883995]]", "nfev": "308", "njev": "44", "status": "0", "success": "True", "message": "Optimization terminated successfully.", "x": "[3.59714602 4.3590473  4.3670662  8.67915019 4.97493029 4.42504796]", "nit": "33", "callback": [0.7792391190472047, 0.600185382561147, 0.5754508465630879, 0.5495744466332732, 0.5232668248943765, 0.48451467108488044, 0.4167083899167128, 0.34178440704769897, 0.3298887881661533, 0.22709813281363422, 0.1511821275317411, 0.1281639540160473, 0.12219464621840492, 0.12069152236025527, 0.11907567429945942, 0.11602732622927592, 0.09320675961288127, 0.0879055429386002, 0.08031635365487777, 0.07617829290762157, 0.07540684490952154, 0.07489829322640329, 0.07475703969289427, 0.07451747052454016, 0.07413282164793389, 0.0737366526514408, 0.07365054889459055, 0.07363673061298681, 0.07363592110590078, 0.07363523057524157, 0.07363489878142704, 0.07363486469125857, 0.07363486405447728]}, "3": {"maxiter": 100, "gtol": 1e-05, "xrtol": 1e-10, "eps": 1e-10, "duration": 0.11286592483520508, "fun": "0.07363486801545827", "jac": "[ 1.22124523e-05 -2.22044587e-06 -1.44328981e-05  1.33226752e-05\n  1.44328981e-05  2.10942357e-05]", "hess_inv": "[[119.08841626  20.18715056  68.3590342   -6.71040125 -66.49472665\n   70.74783569]\n [ 20.18715056  13.57072459  18.81860719  -1.78549194  -2.35947873\n   21.11734075]\n [ 68.3590342   18.81860719  48.18542937  -1.7400404  -32.401696\n   48.55126673]\n [ -6.71040125  -1.78549194  -1.7400404    4.24603581   2.59776565\n   -4.0861132 ]\n [-66.49472665  -2.35947873 -32.401696     2.59776565  47.02334088\n  -32.9110171 ]\n [ 70.74783569  21.11734075  48.55126673  -4.0861132  -32.9110171\n   52.44544279]]", "nfev": "385", "njev": "55", "status": "0", "success": "True", "message": "Optimization terminated successfully.", "x": "[3.60081384 4.36085861 4.37023881 8.67905336 4.97307864 4.42757254]", "nit": "33", "callback": [0.7792409119770839, 0.6001889692895711, 0.5754538211971288, 0.5495780717750244, 0.52327264987593, 0.48452531546517785, 0.4167488560749677, 0.34178514300785356, 0.32990227660212745, 0.2271982265197483, 0.1510444862431468, 0.1281644095474419, 0.12218886016649988, 0.12069647265763472, 0.11906673045170735, 0.11599393082978215, 0.09310722651987913, 0.08781421316665428, 0.08025514020912883, 0.07619497225500804, 0.07541125728404208, 0.07490265509605598, 0.07476062671248351, 0.07452093660430703, 0.07413617183306531, 0.0737354931000006, 0.07364945086708952, 0.07363673302668017, 0.0736359406583339, 0.07363522977018944, 0.07363491261940935, 0.07363486801545838, 0.07363486801545827]}, "4": {"maxiter": 100, "gtol": 1e-10, "xrtol": 1e-05, "eps": 1e-05, "duration": 0.15148305892944336, "fun": "0.07363486405447728", "jac": "[-1.76846315e-06  8.90341134e-06  1.75096604e-06 -1.13813403e-06\n -4.84794427e-06 -4.60674832e-06]", "hess_inv": "[[104.24238439  20.36125675  57.00466846  -7.35497372 -57.16800042\n   63.06388197]\n [ 20.36125675  14.66338433  18.36646001  -1.98402134  -2.03491089\n   21.82132748]\n [ 57.00466846  18.36646001  39.95802648  -1.89950328 -25.44118732\n   42.46283813]\n [ -7.35497372  -1.98402134  -1.89950328   4.25759941   3.01290348\n   -4.45538734]\n [-57.16800042  -2.03491089 -25.44118732   3.01290348  41.35659893\n  -27.8048557 ]\n [ 63.06388197  21.82132748  42.46283813  -4.45538734 -27.8048557\n   48.86488837]]", "nfev": "516", "njev": "72", "status": "2", "success": "False", "message": "Desired error not necessarily achieved due to precision loss.", "x": "[3.59714602 4.3590473  4.3670662  8.67915019 4.97493029 4.42504796]", "nit": "33", "callback": [0.7792391190472047, 0.600185382561147, 0.5754508465630879, 0.5495744466332732, 0.5232668248943765, 0.48451467108488044, 0.4167083899167128, 0.34178440704769897, 0.3298887881661533, 0.22709813281363422, 0.1511821275317411, 0.1281639540160473, 0.12219464621840492, 0.12069152236025527, 0.11907567429945942, 0.11602732622927592, 0.09320675961288127, 0.0879055429386002, 0.08031635365487777, 0.07617829290762157, 0.07540684490952154, 0.07489829322640329, 0.07475703969289427, 0.07451747052454016, 0.07413282164793389, 0.0737366526514408, 0.07365054889459055, 0.07363673061298681, 0.07363592110590078, 0.07363523057524157, 0.07363489878142704, 0.07363486469125857, 0.07363486405447728]}, "5": {"maxiter": 100, "gtol": 1e-10, "xrtol": 1e-05, "eps": 1e-10, "duration": 0.1111748218536377, "fun": "0.07363486801545827", "jac": "[ 1.22124523e-05 -2.22044587e-06 -1.44328981e-05  1.33226752e-05\n  1.44328981e-05  2.10942357e-05]", "hess_inv": "[[119.08841626  20.18715056  68.3590342   -6.71040125 -66.49472665\n   70.74783569]\n [ 20.18715056  13.57072459  18.81860719  -1.78549194  -2.35947873\n   21.11734075]\n [ 68.3590342   18.81860719  48.18542937  -1.7400404  -32.401696\n   48.55126673]\n [ -6.71040125  -1.78549194  -1.7400404    4.24603581   2.59776565\n   -4.0861132 ]\n [-66.49472665  -2.35947873 -32.401696     2.59776565  47.02334088\n  -32.9110171 ]\n [ 70.74783569  21.11734075  48.55126673  -4.0861132  -32.9110171\n   52.44544279]]", "nfev": "385", "njev": "55", "status": "0", "success": "True", "message": "Optimization terminated successfully.", "x": "[3.60081384 4.36085861 4.37023881 8.67905336 4.97307864 4.42757254]", "nit": "33", "callback": [0.7792409119770839, 0.6001889692895711, 0.5754538211971288, 0.5495780717750244, 0.52327264987593, 0.48452531546517785, 0.4167488560749677, 0.34178514300785356, 0.32990227660212745, 0.2271982265197483, 0.1510444862431468, 0.1281644095474419, 0.12218886016649988, 0.12069647265763472, 0.11906673045170735, 0.11599393082978215, 0.09310722651987913, 0.08781421316665428, 0.08025514020912883, 0.07619497225500804, 0.07541125728404208, 0.07490265509605598, 0.07476062671248351, 0.07452093660430703, 0.07413617183306531, 0.0737354931000006, 0.07364945086708952, 0.07363673302668017, 0.0736359406583339, 0.07363522977018944, 0.07363491261940935, 0.07363486801545838, 0.07363486801545827]}, "6": {"maxiter": 100, "gtol": 1e-10, "xrtol": 1e-10, "eps": 1e-05, "duration": 0.150557279586792, "fun": "0.07363486405447728", "jac": "[-1.76846315e-06  8.90341134e-06  1.75096604e-06 -1.13813403e-06\n -4.84794427e-06 -4.60674832e-06]", "hess_inv": "[[104.24238439  20.36125675  57.00466846  -7.35497372 -57.16800042\n   63.06388197]\n [ 20.36125675  14.66338433  18.36646001  -1.98402134  -2.03491089\n   21.82132748]\n [ 57.00466846  18.36646001  39.95802648  -1.89950328 -25.44118732\n   42.46283813]\n [ -7.35497372  -1.98402134  -1.89950328   4.25759941   3.01290348\n   -4.45538734]\n [-57.16800042  -2.03491089 -25.44118732   3.01290348  41.35659893\n  -27.8048557 ]\n [ 63.06388197  21.82132748  42.46283813  -4.45538734 -27.8048557\n   48.86488837]]", "nfev": "516", "njev": "72", "status": "2", "success": "False", "message": "Desired error not necessarily achieved due to precision loss.", "x": "[3.59714602 4.3590473  4.3670662  8.67915019 4.97493029 4.42504796]", "nit": "33", "callback": [0.7792391190472047, 0.600185382561147, 0.5754508465630879, 0.5495744466332732, 0.5232668248943765, 0.48451467108488044, 0.4167083899167128, 0.34178440704769897, 0.3298887881661533, 0.22709813281363422, 0.1511821275317411, 0.1281639540160473, 0.12219464621840492, 0.12069152236025527, 0.11907567429945942, 0.11602732622927592, 0.09320675961288127, 0.0879055429386002, 0.08031635365487777, 0.07617829290762157, 0.07540684490952154, 0.07489829322640329, 0.07475703969289427, 0.07451747052454016, 0.07413282164793389, 0.0737366526514408, 0.07365054889459055, 0.07363673061298681, 0.07363592110590078, 0.07363523057524157, 0.07363489878142704, 0.07363486469125857, 0.07363486405447728]}, "7": {"maxiter": 100, "gtol": 1e-10, "xrtol": 1e-10, "eps": 1e-10, "duration": 0.11227631568908691, "fun": "0.07363486801545827", "jac": "[ 1.22124523e-05 -2.22044587e-06 -1.44328981e-05  1.33226752e-05\n  1.44328981e-05  2.10942357e-05]", "hess_inv": "[[119.08841626  20.18715056  68.3590342   -6.71040125 -66.49472665\n   70.74783569]\n [ 20.18715056  13.57072459  18.81860719  -1.78549194  -2.35947873\n   21.11734075]\n [ 68.3590342   18.81860719  48.18542937  -1.7400404  -32.401696\n   48.55126673]\n [ -6.71040125  -1.78549194  -1.7400404    4.24603581   2.59776565\n   -4.0861132 ]\n [-66.49472665  -2.35947873 -32.401696     2.59776565  47.02334088\n  -32.9110171 ]\n [ 70.74783569  21.11734075  48.55126673  -4.0861132  -32.9110171\n   52.44544279]]", "nfev": "385", "njev": "55", "status": "0", "success": "True", "message": "Optimization terminated successfully.", "x": "[3.60081384 4.36085861 4.37023881 8.67905336 4.97307864 4.42757254]", "nit": "33", "callback": [0.7792409119770839, 0.6001889692895711, 0.5754538211971288, 0.5495780717750244, 0.52327264987593, 0.48452531546517785, 0.4167488560749677, 0.34178514300785356, 0.32990227660212745, 0.2271982265197483, 0.1510444862431468, 0.1281644095474419, 0.12218886016649988, 0.12069647265763472, 0.11906673045170735, 0.11599393082978215, 0.09310722651987913, 0.08781421316665428, 0.08025514020912883, 0.07619497225500804, 0.07541125728404208, 0.07490265509605598, 0.07476062671248351, 0.07452093660430703, 0.07413617183306531, 0.0737354931000006, 0.07364945086708952, 0.07363673302668017, 0.0736359406583339, 0.07363522977018944, 0.07363491261940935, 0.07363486801545838, 0.07363486801545827]}, "8": {"maxiter": 500, "gtol": 1e-05, "xrtol": 1e-05, "eps": 1e-05, "duration": 0.09008622169494629, "fun": "0.07363486405447728", "jac": "[-1.76846315e-06  8.90341134e-06  1.75096604e-06 -1.13813403e-06\n -4.84794427e-06 -4.60674832e-06]", "hess_inv": "[[ 90.63830136  15.27896744  49.2616571   -6.52402596 -50.78285392\n   53.11518696]\n [ 15.27896744  12.84264745  15.6739242   -1.69887891   0.46009349\n   18.19699675]\n [ 49.2616571   15.6739242   36.06493828  -1.49149604 -21.5254845\n   37.03754453]\n [ -6.52402596  -1.69887891  -1.49149604   4.21504981   2.5873291\n   -3.87768182]\n [-50.78285392   0.46009349 -21.5254845    2.5873291   38.51384769\n  -23.00549106]\n [ 53.11518696  18.19699675  37.03754453  -3.87768182 -23.00549106\n   41.69883995]]", "nfev": "308", "njev": "44", "status": "0", "success": "True", "message": "Optimization terminated successfully.", "x": "[3.59714602 4.3590473  4.3670662  8.67915019 4.97493029 4.42504796]", "nit": "33", "callback": [0.7792391190472047, 0.600185382561147, 0.5754508465630879, 0.5495744466332732, 0.5232668248943765, 0.48451467108488044, 0.4167083899167128, 0.34178440704769897, 0.3298887881661533, 0.22709813281363422, 0.1511821275317411, 0.1281639540160473, 0.12219464621840492, 0.12069152236025527, 0.11907567429945942, 0.11602732622927592, 0.09320675961288127, 0.0879055429386002, 0.08031635365487777, 0.07617829290762157, 0.07540684490952154, 0.07489829322640329, 0.07475703969289427, 0.07451747052454016, 0.07413282164793389, 0.0737366526514408, 0.07365054889459055, 0.07363673061298681, 0.07363592110590078, 0.07363523057524157, 0.07363489878142704, 0.07363486469125857, 0.07363486405447728]}, "9": {"maxiter": 500, "gtol": 1e-05, "xrtol": 1e-05, "eps": 1e-10, "duration": 0.1110692024230957, "fun": "0.07363486801545827", "jac": "[ 1.22124523e-05 -2.22044587e-06 -1.44328981e-05  1.33226752e-05\n  1.44328981e-05  2.10942357e-05]", "hess_inv": "[[119.08841626  20.18715056  68.3590342   -6.71040125 -66.49472665\n   70.74783569]\n [ 20.18715056  13.57072459  18.81860719  -1.78549194  -2.35947873\n   21.11734075]\n [ 68.3590342   18.81860719  48.18542937  -1.7400404  -32.401696\n   48.55126673]\n [ -6.71040125  -1.78549194  -1.7400404    4.24603581   2.59776565\n   -4.0861132 ]\n [-66.49472665  -2.35947873 -32.401696     2.59776565  47.02334088\n  -32.9110171 ]\n [ 70.74783569  21.11734075  48.55126673  -4.0861132  -32.9110171\n   52.44544279]]", "nfev": "385", "njev": "55", "status": "0", "success": "True", "message": "Optimization terminated successfully.", "x": "[3.60081384 4.36085861 4.37023881 8.67905336 4.97307864 4.42757254]", "nit": "33", "callback": [0.7792409119770839, 0.6001889692895711, 0.5754538211971288, 0.5495780717750244, 0.52327264987593, 0.48452531546517785, 0.4167488560749677, 0.34178514300785356, 0.32990227660212745, 0.2271982265197483, 0.1510444862431468, 0.1281644095474419, 0.12218886016649988, 0.12069647265763472, 0.11906673045170735, 0.11599393082978215, 0.09310722651987913, 0.08781421316665428, 0.08025514020912883, 0.07619497225500804, 0.07541125728404208, 0.07490265509605598, 0.07476062671248351, 0.07452093660430703, 0.07413617183306531, 0.0737354931000006, 0.07364945086708952, 0.07363673302668017, 0.0736359406583339, 0.07363522977018944, 0.07363491261940935, 0.07363486801545838, 0.07363486801545827]}, "10": {"maxiter": 500, "gtol": 1e-05, "xrtol": 1e-10, "eps": 1e-05, "duration": 0.0859990119934082, "fun": "0.07363486405447728", "jac": "[-1.76846315e-06  8.90341134e-06  1.75096604e-06 -1.13813403e-06\n -4.84794427e-06 -4.60674832e-06]", "hess_inv": "[[ 90.63830136  15.27896744  49.2616571   -6.52402596 -50.78285392\n   53.11518696]\n [ 15.27896744  12.84264745  15.6739242   -1.69887891   0.46009349\n   18.19699675]\n [ 49.2616571   15.6739242   36.06493828  -1.49149604 -21.5254845\n   37.03754453]\n [ -6.52402596  -1.69887891  -1.49149604   4.21504981   2.5873291\n   -3.87768182]\n [-50.78285392   0.46009349 -21.5254845    2.5873291   38.51384769\n  -23.00549106]\n [ 53.11518696  18.19699675  37.03754453  -3.87768182 -23.00549106\n   41.69883995]]", "nfev": "308", "njev": "44", "status": "0", "success": "True", "message": "Optimization terminated successfully.", "x": "[3.59714602 4.3590473  4.3670662  8.67915019 4.97493029 4.42504796]", "nit": "33", "callback": [0.7792391190472047, 0.600185382561147, 0.5754508465630879, 0.5495744466332732, 0.5232668248943765, 0.48451467108488044, 0.4167083899167128, 0.34178440704769897, 0.3298887881661533, 0.22709813281363422, 0.1511821275317411, 0.1281639540160473, 0.12219464621840492, 0.12069152236025527, 0.11907567429945942, 0.11602732622927592, 0.09320675961288127, 0.0879055429386002, 0.08031635365487777, 0.07617829290762157, 0.07540684490952154, 0.07489829322640329, 0.07475703969289427, 0.07451747052454016, 0.07413282164793389, 0.0737366526514408, 0.07365054889459055, 0.07363673061298681, 0.07363592110590078, 0.07363523057524157, 0.07363489878142704, 0.07363486469125857, 0.07363486405447728]}, "11": {"maxiter": 500, "gtol": 1e-05, "xrtol": 1e-10, "eps": 1e-10, "duration": 0.10796999931335449, "fun": "0.07363486801545827", "jac": "[ 1.22124523e-05 -2.22044587e-06 -1.44328981e-05  1.33226752e-05\n  1.44328981e-05  2.10942357e-05]", "hess_inv": "[[119.08841626  20.18715056  68.3590342   -6.71040125 -66.49472665\n   70.74783569]\n [ 20.18715056  13.57072459  18.81860719  -1.78549194  -2.35947873\n   21.11734075]\n [ 68.3590342   18.81860719  48.18542937  -1.7400404  -32.401696\n   48.55126673]\n [ -6.71040125  -1.78549194  -1.7400404    4.24603581   2.59776565\n   -4.0861132 ]\n [-66.49472665  -2.35947873 -32.401696     2.59776565  47.02334088\n  -32.9110171 ]\n [ 70.74783569  21.11734075  48.55126673  -4.0861132  -32.9110171\n   52.44544279]]", "nfev": "385", "njev": "55", "status": "0", "success": "True", "message": "Optimization terminated successfully.", "x": "[3.60081384 4.36085861 4.37023881 8.67905336 4.97307864 4.42757254]", "nit": "33", "callback": [0.7792409119770839, 0.6001889692895711, 0.5754538211971288, 0.5495780717750244, 0.52327264987593, 0.48452531546517785, 0.4167488560749677, 0.34178514300785356, 0.32990227660212745, 0.2271982265197483, 0.1510444862431468, 0.1281644095474419, 0.12218886016649988, 0.12069647265763472, 0.11906673045170735, 0.11599393082978215, 0.09310722651987913, 0.08781421316665428, 0.08025514020912883, 0.07619497225500804, 0.07541125728404208, 0.07490265509605598, 0.07476062671248351, 0.07452093660430703, 0.07413617183306531, 0.07373