{"date": "2024/10/08/, 15:43:46", "conf_id": 9, "data_type": "random\n", "num_data_points": 1, "s_rank": 0, "unitary": "[[-0.24866696+0.58742286j,-0.44704345-0.43151574j,-0.35669027-0.20570733j,-0.10517633+0.1626036j],[0.10596805-0.19687975j,-0.30269685-0.15056416j,0.18246286+0.30440582j,-0.83484447-0.11310748j],[0.26054512-0.52548482j,0.0285017-0.50723956j,-0.43110112+0.17165838j,0.15243271+0.39915801j],[0.42978035+0.11991271j,-0.17224126-0.46030424j,0.6827807-0.15164662j,0.26483638+0.0061855j]]", "databatch_0": {"databatch": "[[[-0.05012474+0.22127544j,0.12734145-0.15668901j,0.02782199+0.05051984j,-0.16151511+0.37167767j],[0.14567095+0.110306j,-0.11281021-0.05375086j,-0.01639116-0.04239441j,0.27927989+0.50898365j],[0.18634099-0.03919098j,-0.20605792-0.02393237j,0.0197494-0.07138802j,0.27750977+0.10162602j],[-0.12051519+0.06068917j,0.06497505-0.01559109j,0.00380134-0.00675199j,-0.37686039+0.1232733j]]]", "initial param values": "[1.77138372,5.14007627,4.96241607,4.99908247,5.81085794,1.7250437]", "nelder_mead": {"type": "gradient-free", "0": {"maxiter": 100, "fatol": 1e-05, "xatol": 1e-05, "duration": 0.05614495277404785, "fun": "0.1861720309201631", "nit": "100", "nfev": "151", "status": "2", "success": "False", "message": "Maximum number of iterations has been exceeded.", "x": "[0.73726675 6.78229512 5.24533964 4.42780841 6.1433765  2.08910228]", "final_simplex": "(array([[0.73726675, 6.78229512, 5.24533964, 4.42780841, 6.1433765 ,\n        2.08910228],\n       [0.81163339, 6.90423346, 5.19982276, 4.42221446, 6.00761656,\n        2.09066037],\n       [0.83234607, 6.80613053, 5.22933631, 4.44543318, 6.06709281,\n        2.1321139 ],\n       [0.84407965, 6.80053074, 5.26816454, 4.43490026, 6.03213651,\n        2.1275366 ],\n       [0.88365423, 6.80959047, 5.24624575, 4.47795894, 6.0339177 ,\n        2.12483541],\n       [0.82721995, 6.83460927, 5.25009258, 4.45821194, 6.07402124,\n        2.13161192],\n       [0.76662746, 6.7876781 , 5.23740711, 4.44816455, 6.09670034,\n        2.14046261]]), array([0.18617203, 0.18663451, 0.18699881, 0.18709401, 0.18713617,\n       0.18740763, 0.18763066]))", "callback": [0.743687023725774, 0.29460937071794335, 0.22241709229918505, 0.20899213987938925, 0.2067281752677168, 0.2026799298757621, 0.19720145123242983, 0.19032693904349474, 0.18790347801972684, 0.18783994634932244]}, "1": {"maxiter": 100, "fatol": 1e-05, "xatol": 1e-10, "duration": 0.046996116638183594, "fun": "0.1861720309201631", "nit": "100", "nfev": "151", "status": "2", "success": "False", "message": "Maximum number of iterations has been exceeded.", "x": "[0.73726675 6.78229512 5.24533964 4.42780841 6.1433765  2.08910228]", "final_simplex": "(array([[0.73726675, 6.78229512, 5.24533964, 4.42780841, 6.1433765 ,\n        2.08910228],\n       [0.81163339, 6.90423346, 5.19982276, 4.42221446, 6.00761656,\n        2.09066037],\n       [0.83234607, 6.80613053, 5.22933631, 4.44543318, 6.06709281,\n        2.1321139 ],\n       [0.84407965, 6.80053074, 5.26816454, 4.43490026, 6.03213651,\n        2.1275366 ],\n       [0.88365423, 6.80959047, 5.24624575, 4.47795894, 6.0339177 ,\n        2.12483541],\n       [0.82721995, 6.83460927, 5.25009258, 4.45821194, 6.07402124,\n        2.13161192],\n       [0.76662746, 6.7876781 , 5.23740711, 4.44816455, 6.09670034,\n        2.14046261]]), array([0.18617203, 0.18663451, 0.18699881, 0.18709401, 0.18713617,\n       0.18740763, 0.18763066]))", "callback": [0.743687023725774, 0.29460937071794335, 0.22241709229918505, 0.20899213987938925, 0.2067281752677168, 0.2026799298757621, 0.19720145123242983, 0.19032693904349474, 0.18790347801972684, 0.18783994634932244]}, "2": {"maxiter": 100, "fatol": 1e-10, "xatol": 1e-05, "duration": 0.04200410842895508, "fun": "0.1861720309201631", "nit": "100", "nfev": "151", "status": "2", "success": "False", "message": "Maximum number of iterations has been exceeded.", "x": "[0.73726675 6.78229512 5.24533964 4.42780841 6.1433765  2.08910228]", "final_simplex": "(array([[0.73726675, 6.78229512, 5.24533964, 4.42780841, 6.1433765 ,\n        2.08910228],\n       [0.81163339, 6.90423346, 5.19982276, 4.42221446, 6.00761656,\n        2.09066037],\n       [0.83234607, 6.80613053, 5.22933631, 4.44543318, 6.06709281,\n        2.1321139 ],\n       [0.84407965, 6.80053074, 5.26816454, 4.43490026, 6.03213651,\n        2.1275366 ],\n       [0.88365423, 6.80959047, 5.24624575, 4.47795894, 6.0339177 ,\n        2.12483541],\n       [0.82721995, 6.83460927, 5.25009258, 4.45821194, 6.07402124,\n        2.13161192],\n       [0.76662746, 6.7876781 , 5.23740711, 4.44816455, 6.09670034,\n        2.14046261]]), array([0.18617203, 0.18663451, 0.18699881, 0.18709401, 0.18713617,\n       0.18740763, 0.18763066]))", "callback": [0.743687023725774, 0.29460937071794335, 0.22241709229918505, 0.20899213987938925, 0.2067281752677168, 0.2026799298757621, 0.19720145123242983, 0.19032693904349474, 0.18790347801972684, 0.18783994634932244]}, "3": {"maxiter": 100, "fatol": 1e-10, "xatol": 1e-10, "duration": 0.046874046325683594, "fun": "0.1861720309201631", "nit": "100", "nfev": "151", "status": "2", "success": "False", "message": "Maximum number of iterations has been exceeded.", "x": "[0.73726675 6.78229512 5.24533964 4.42780841 6.1433765  2.08910228]", "final_simplex": "(array([[0.73726675, 6.78229512, 5.24533964, 4.42780841, 6.1433765 ,\n        2.08910228],\n       [0.81163339, 6.90423346, 5.19982276, 4.42221446, 6.00761656,\n        2.09066037],\n       [0.83234607, 6.80613053, 5.22933631, 4.44543318, 6.06709281,\n        2.1321139 ],\n       [0.84407965, 6.80053074, 5.26816454, 4.43490026, 6.03213651,\n        2.1275366 ],\n       [0.88365423, 6.80959047, 5.24624575, 4.47795894, 6.0339177 ,\n        2.12483541],\n       [0.82721995, 6.83460927, 5.25009258, 4.45821194, 6.07402124,\n        2.13161192],\n       [0.76662746, 6.7876781 , 5.23740711, 4.44816455, 6.09670034,\n        2.14046261]]), array([0.18617203, 0.18663451, 0.18699881, 0.18709401, 0.18713617,\n       0.18740763, 0.18763066]))", "callback": [0.743687023725774, 0.29460937071794335, 0.22241709229918505, 0.20899213987938925, 0.2067281752677168, 0.2026799298757621, 0.19720145123242983, 0.19032693904349474, 0.18790347801972684, 0.18783994634932244]}, "4": {"maxiter": 500, "fatol": 1e-05, "xatol": 1e-05, "duration": 0.1550610065460205, "fun": "0.18339171946352428", "nit": "315", "nfev": "502", "status": "0", "success": "True", "message": "Optimization terminated successfully.", "x": "[0.76005877 7.00299878 5.02504153 4.50369995 6.09251913 1.92117942]", "final_simplex": "(array([[0.76005877, 7.00299878, 5.02504153, 4.50369995, 6.09251913,\n        1.92117942],\n       [0.76005684, 7.00300119, 5.02503247, 4.50370815, 6.09252158,\n        1.92117744],\n       [0.76005394, 7.00299181, 5.02504283, 4.50370235, 6.09252121,\n        1.92118492],\n       [0.76004988, 7.00299767, 5.02503424, 4.50370452, 6.09252698,\n        1.92117926],\n       [0.76005566, 7.00299553, 5.02503458, 4.50370596, 6.09252445,\n        1.92117783],\n       [0.76006204, 7.00300498, 5.02503273, 4.50370207, 6.09251387,\n        1.92117415],\n       [0.76005925, 7.00299785, 5.02504619, 4.50370033, 6.09251312,\n        1.92117615]]), array([0.18339172, 0.18339172, 0.18339172, 0.18339172, 0.18339172,\n       0.18339172, 0.18339172]))", "callback": [0.743687023725774, 0.29460937071794335, 0.22241709229918505, 0.20899213987938925, 0.2067281752677168, 0.2026799298757621, 0.19720145123242983, 0.19032693904349474, 0.18790347801972684, 0.18783994634932244, 0.1860057087903264, 0.18457995819401207, 0.1841271071714452, 0.1838638088256236, 0.18370853489570105, 0.18364443985863188, 0.18350833615102302, 0.183406475273858, 0.18339829703424537, 0.1833952611907569, 0.18339244261236654, 0.18339193256579112, 0.1833918232291113, 0.1833917507090359, 0.18339172480141352, 0.18339172082409283, 0.18339172034036277, 0.18339171960935796, 0.18339171954045774, 0.18339171949710198, 0.18339171947784016, 0.18339171946871335]}, "5": {"maxiter": 500, "fatol": 1e-05, "xatol": 1e-10, "duration": 0.22234106063842773, "fun": "0.18339171946257848", "nit": "437", "nfev": "749", "status": "0", "success": "True", "message": "Optimization terminated successfully.", "x": "[0.76006102 7.00299715 5.02504275 4.5037009  6.09251752 1.92118196]", "final_simplex": "(array([[0.76006102, 7.00299715, 5.02504275, 4.5037009 , 6.09251752,\n        1.92118196],\n       [0.76006102, 7.00299715, 5.02504275, 4.5037009 , 6.09251752,\n        1.92118196],\n       [0.76006102, 7.00299715, 5.02504275, 4.5037009 , 6.09251752,\n        1.92118196],\n       [0.76006102, 7.00299715, 5.02504275, 4.5037009 , 6.09251752,\n        1.92118196],\n       [0.76006102, 7.00299715, 5.02504275, 4.5037009 , 6.09251752,\n        1.92118196],\n       [0.76006102, 7.00299715, 5.02504275, 4.5037009 , 6.09251752,\n        1.92118196],\n       [0.76006102, 7.00299715, 5.02504275, 4.5037009 , 6.09251752,\n        1.92118196]]), array([0.18339172, 0.18339172, 0.18339172, 0.18339172, 0.18339172,\n       0.18339172, 0.18339172]))", "callback": [0.743687023725774, 0.29460937071794335, 0.22241709229918505, 0.20899213987938925, 0.2067281752677168, 0.2026799298757621, 0.19720145123242983, 0.19032693904349474, 0.18790347801972684, 0.18783994634932244, 0.1860057087903264, 0.18457995819401207, 0.1841271071714452, 0.1838638088256236, 0.18370853489570105, 0.18364443985863188, 0.18350833615102302, 0.183406475273858, 0.18339829703424537, 0.1833952611907569, 0.18339244261236654, 0.18339193256579112, 0.1833918232291113, 0.1833917507090359, 0.18339172480141352, 0.18339172082409283, 0.18339172034036277, 0.18339171960935796, 0.18339171954045774, 0.18339171949710198, 0.18339171947784016, 0.18339171946871335, 0.18339171946352428, 0.18339171946284494, 0.1833917194626662, 0.18339171946260235, 0.1833917194625887, 0.18339171946258048, 0.1833917194625796, 0.18339171946257904, 0.18339171946257882, 0.1833917194625787, 0.18339171946257848, 0.18339171946257848]}, "6": {"maxiter": 500, "fatol": 1e-10, "xatol": 1e-05, "duration": 0.14828705787658691, "fun": "0.18339171946352428", "nit": "315", "nfev": "502", "status": "0", "success": "True", "message": "Optimization terminated successfully.", "x": "[0.76005877 7.00299878 5.02504153 4.50369995 6.09251913 1.92117942]", "final_simplex": "(array([[0.76005877, 7.00299878, 5.02504153, 4.50369995, 6.09251913,\n        1.92117942],\n       [0.76005684, 7.00300119, 5.02503247, 4.50370815, 6.09252158,\n        1.92117744],\n       [0.76005394, 7.00299181, 5.02504283, 4.50370235, 6.09252121,\n        1.92118492],\n       [0.76004988, 7.00299767, 5.02503424, 4.50370452, 6.09252698,\n        1.92117926],\n       [0.76005566, 7.00299553, 5.02503458, 4.50370596, 6.09252445,\n        1.92117783],\n       [0.76006204, 7.00300498, 5.02503273, 4.50370207, 6.09251387,\n        1.92117415],\n       [0.76005925, 7.00299785, 5.02504619, 4.50370033, 6.09251312,\n        1.92117615]]), array([0.18339172, 0.18339172, 0.18339172, 0.18339172, 0.18339172,\n       0.18339172, 0.18339172]))", "callback": [0.743687023725774, 0.29460937071794335, 0.22241709229918505, 0.20899213987938925, 0.2067281752677168, 0.2026799298757621, 0.19720145123242983, 0.19032693904349474, 0.18790347801972684, 0.18783994634932244, 0.1860057087903264, 0.18457995819401207, 0.1841271071714452, 0.1838638088256236, 0.18370853489570105, 0.18364443985863188, 0.18350833615102302, 0.183406475273858, 0.18339829703424537, 0.1833952611907569, 0.18339244261236654, 0.18339193256579112, 0.1833918232291113, 0.1833917507090359, 0.18339172480141352, 0.18339172082409283, 0.18339172034036277, 0.18339171960935796, 0.18339171954045774, 0.18339171949710198, 0.18339171947784016, 0.18339171946871335]}, "7": {"maxiter": 500, "fatol": 1e-10, "xatol": 1e-10, "duration": 0.2161998748779297, "fun": "0.18339171946257848", "nit": "437", "nfev": "749", "status": "0", "success": "True", "message": "Optimization terminated successfully.", "x": "[0.76006102 7.00299715 5.02504275 4.5037009  6.09251752 1.92118196]", "final_simplex": "(array([[0.76006102, 7.00299715, 5.02504275, 4.5037009 , 6.09251752,\n        1.92118196],\n       [0.76006102, 7.00299715, 5.02504275, 4.5037009 , 6.09251752,\n        1.92118196],\n       [0.76006102, 7.00299715, 5.02504275, 4.5037009 , 6.09251752,\n        1.92118196],\n       [0.76006102, 7.00299715, 5.02504275, 4.5037009 , 6.09251752,\n        1.92118196],\n       [0.76006102, 7.00299715, 5.02504275, 4.5037009 , 6.09251752,\n        1.92118196],\n       [0.76006102, 7.00299715, 5.02504275, 4.5037009 , 6.09251752,\n        1.92118196],\n       [0.76006102, 7.00299715, 5.02504275, 4.5037009 , 6.09251752,\n        1.92118196]]), array([0.18339172, 0.18339172, 0.18339172, 0.18339172, 0.18339172,\n       0.18339172, 0.18339172]))", "callback": [0.743687023725774, 0.29460937071794335, 0.22241709229918505, 0.20899213987938925, 0.2067281752677168, 0.2026799298757621, 0.19720145123242983, 0.19032693904349474, 0.18790347801972684, 0.18783994634932244, 0.1860057087903264, 0.18457995819401207, 0.1841271071714452, 0.1838638088256236, 0.18370853489570105, 0.18364443985863188, 0.18350833615102302, 0.183406475273858, 0.18339829703424537, 0.1833952611907569, 0.18339244261236654, 0.18339193256579112, 0.1833918232291113, 0.1833917507090359, 0.18339172480141352, 0.18339172082409283, 0.18339172034036277, 0.18339171960935796, 0.18339171954045774, 0.18339171949710198, 0.18339171947784016, 0.18339171946871335, 0.18339171946352428, 0.18339171946284494, 0.1833917194626662, 0.18339171946260235, 0.1833917194625887, 0.18339171946258048, 0.1833917194625796, 0.18339171946257904, 0.18339171946257882, 0.1833917194625787, 0.18339171946257848, 0.18339171946257848]}, "8": {"maxiter": 1000, "fatol": 1e-05, "xatol": 1e-05, "duration": 0.1697521209716797, "fun": "0.18339171946352428", "nit": "315", "nfev": "502", "status": "0", "success": "True", "message": "Optimization terminated successfully.", "x": "[0.76005877 7.00299878 5.02504153 4.50369995 6.09251913 1.92117942]", "final_simplex": "(array([[0.76005877, 7.00299878, 5.02504153, 4.50369995, 6.09251913,\n        1.92117942],\n       [0.76005684, 7.00300119, 5.02503247, 4.50370815, 6.09252158,\n        1.92117744],\n       [0.76005394, 7.00299181, 5.02504283, 4.50370235, 6.09252121,\n        1.92118492],\n       [0.76004988, 7.00299767, 5.02503424, 4.50370452, 6.09252698,\n        1.92117926],\n       [0.76005566, 7.00299553, 5.02503458, 4.50370596, 6.09252445,\n        1.92117783],\n       [0.76006204, 7.00300498, 5.02503273, 4.50370207, 6.09251387,\n        1.92117415],\n       [0.76005925, 7.00299785, 5.02504619, 4.50370033, 6.09251312,\n        1.92117615]]), array([0.18339172, 0.18339172, 0.18339172, 0.18339172, 0.18339172,\n       0.18339172, 0.18339172]))", "callback": [0.743687023725774, 0.29460937071794335, 0.22241709229918505, 0.20899213987938925, 0.2067281752677168, 0.2026799298757621, 0.19720145123242983, 0.19032693904349474, 0.18790347801972684, 0.18783994634932244, 0.1860057087903264, 0.18457995819401207, 0.1841271071714452, 0.1838638088256236, 0.18370853489570105, 0.18364443985863188, 0.18350833615102302, 0.183406475273858, 0.18339829703424537, 0.1833952611907569, 0.18339244261236654, 0.18339193256579112, 0.1833918232291113, 0.1833917507090359, 0.18339172480141352, 0.18339172082409283, 0.18339172034036277, 0.18339171960935796, 0.18339171954045774, 0.18339171949710198, 0.18339171947784016, 0.18339171946871335]}, "9": {"maxiter": 1000, "fatol": 1e-05, "xatol": 1e-10, "duration": 0.2479391098022461, "fun": "0.18339171946257848", "nit": "437", "nfev": "749", "status": "0", "success": "True", "message": "Optimization terminated successfully.", "x": "[0.76006102 7.00299715 5.02504275 4.5037009  6.09251752 1.92118196]", "final_simplex": "(array([[0.76006102, 7.00299715, 5.02504275, 4.5037009 , 6.09251752,\n        1.92118196],\n       [0.76006102, 7.00299715, 5.02504275, 4.5037009 , 6.09251752,\n        1.92118196],\n       [0.76006102, 7.00299715, 5.02504275, 4.5037009 , 6.09251752,\n        1.92118196],\n       [0.76006102, 7.00299715, 5.02504275, 4.5037009 , 6.09251752,\n        1.92118196],\n       [0.76006102, 7.00299715, 5.02504275, 4.5037009 , 6.09251752,\n        1.92118196],\n       [0.76006102, 7.00299715, 5.02504275, 4.5037009 , 6.09251752,\n        1.92118196],\n       [0.76006102, 7.00299715, 5.02504275, 4.5037009 , 6.09251752,\n        1.92118196]]), array([0.18339172, 0.18339172, 0.18339172, 0.18339172, 0.18339172,\n       0.18339172, 0.18339172]))", "callback": [0.743687023725774, 0.29460937071794335, 0.22241709229918505, 0.20899213987938925, 0.2067281752677168, 0.2026799298757621, 0.19720145123242983, 0.19032693904349474, 0.18790347801972684, 0.18783994634932244, 0.1860057087903264, 0.18457995819401207, 0.1841271071714452, 0.1838638088256236, 0.18370853489570105, 0.18364443985863188, 0.18350833615102302, 0.183406475273858, 0.18339829703424537, 0.1833952611907569, 0.18339244261236654, 0.18339193256579112, 0.1833918232291113, 0.1833917507090359, 0.18339172480141352, 0.18339172082409283, 0.18339172034036277, 0.18339171960935796, 0.18339171954045774, 0.18339171949710198, 0.18339171947784016, 0.18339171946871335, 0.18339171946352428, 0.18339171946284494, 0.1833917194626662, 0.18339171946260235, 0.1833917194625887, 0.18339171946258048, 0.1833917194625796, 0.18339171946257904, 0.18339171946257882, 0.1833917194625787, 0.18339171946257848, 0.18339171946257848]}, "10": {"maxiter": 1000, "fatol": 1e-10, "xatol": 1e-05, "duration": 0.1583709716796875, "fun": "0.18339171946352428", "nit": "315", "nfev": "502", "status": "0", "success": "True", "message": "Optimization terminated successfully.", "x": "[0.76005877 7.00299878 5.02504153 4.50369995 6.09251913 1.92117942]", "final_simplex": "(array([[0.76005877, 7.00299878, 5.02504153, 4.50369995, 6.09251913,\n        1.92117942],\n       [0.76005684, 7.00300119, 5.02503247, 4.50370815, 6.09252158,\n        1.92117744],\n       [0.76005394, 7.00299181, 5.02504283, 4.50370235, 6.09252121,\n        1.92118492],\n       [0.76004988, 7.00299767, 5.02503424, 4.50370452, 6.09252698,\n        1.92117926],\n       [0.76005566, 7.00299553, 5.02503458, 4.50370596, 6.09252445,\n        1.92117783],\n       [0.76006204, 7.00300498, 5.02503273, 4.50370207, 6.09251387,\n        1.92117415],\n       [0.76005925, 7.00299785, 5.02504619, 4.50370033, 6.09251312,\n        1.92117615]]), array([0.18339172, 0.18339172, 0.18339172, 0.18339172, 0.18339172,\n       0.18339172, 0.18339172]))", "callback": [0.743687023725774, 0.29460937071794335, 0.22241709229918505, 0.20899213987938925, 0.2067281752677168, 0.2026799298757621, 0.19720145123242983, 0.19032693904349474, 0.18790347801972684, 0.18783994634932244, 0.1860057087903264, 0.18457995819401207, 0.1841271071714452, 0.1838638088256236, 0.18370853489570105, 0.18364443985863188, 0.18350833615102302, 0.183406475273858, 0.18339829703424537, 0.1833952611907569, 0.18339244261236654, 0.18339193256579112, 0.1833918232291113, 0.1833917507090359, 0.18339172480141352, 0.18339172082409283, 0.18339172034036277, 0.18339171960935796, 0.18339171954045774, 0.18339171949710198, 0.18339171947784016, 0.18339171946871335]}, "11": {"maxiter": 1000, "fatol": 1e-10, "xatol": 1e-10, "duration": 0.3055541515350342, "fun": "0.18339171946257848", "nit": "437", "nfev": "749", "status": "0", "success": "True", "message": "Optimization terminated successfully.", "x": "[0.76006102 7.00299715 5.02504275 4.5037009  6.09251752 1.92118196]", "final_simplex": "(array([[0.76006102, 7.00299715, 5.02504275, 4.5037009 , 6.09251752,\n        1.92118196],\n       [0.76006102, 7.00299715, 5.02504275, 4.5037009 , 6.09251752,\n        1.92118196],\n       [0.76006102, 7.00299715, 5.02504275, 4.5037009 , 6.09251752,\n        1.92118196],\n       [0.76006102, 7.00299715, 5.02504275, 4.5037009 , 6.09251752,\n        1.92118196],\n       [0.76006102, 7.00299715, 5.02504275, 4.5037009 , 6.09251752,\n        1.92118196],\n       [0.76006102, 7.00299715, 5.02504275, 4.5037009 , 6.09251752,\n        1.92118196],\n       [0.76006102, 7.00299715, 5.02504275, 4.5037009 , 6.09251752,\n        1.92118196]]), array([0.18339172, 0.18339172, 0.18339172, 0.18339172, 0.18339172,\n       0.18339172, 0.18339172]))", "callback": [0.743687023725774, 0.29460937071794335, 0.22241709229918505, 0.20899213987938925, 0.2067281752677168, 0.2026799298757621, 0.19720145123242983, 0.19032693904349474, 0.18790347801972684, 0.18783994634932244, 0.1860057087903264, 0.18457995819401207, 0.1841271071714452, 0.1838638088256236, 0.18370853489570105, 0.18364443985863188, 0.18350833615102302, 0.183406475273858, 0.18339829703424537, 0.1833952611907569, 0.18339244261236654, 0.18339193256579112, 0.1833918232291113, 0.1833917507090359, 0.18339172480141352, 0.18339172082409283, 0.18339172034036277, 0.18339171960935796, 0.18339171954045774, 0.18339171949710198, 0.18339171947784016, 0.18339171946871335, 0.18339171946352428, 0.18339171946284494, 0.1833917194626662, 0.18339171946260235, 0.1833917194625887, 0.18339171946258048, 0.1833917194625796, 0.18339171946257904, 0.18339171946257882, 0.1833917194625787, 0.18339171946257848, 0.18339171946257848]}}, "bfgs": {"type": "gradient", "0": {"maxiter": 100, "gtol": 1e-05, "xrtol": 1e-05, "eps": 1e-05, "duration": 0.0645301342010498, "fun": "0.18339171950856925", "jac": "[-6.44062581e-07  5.86841686e-07 -1.32527322e-07  3.08297832e-07\n  2.81841217e-07  4.21596091e-07]", "hess_inv": "[[  9.56206473   1.51728484   4.64255383  -1.04117642 -10.01212479\n    0.77417916]\n [  1.51728484  12.07545823  -7.40948497   0.23108421  -4.40088013\n   -6.07721774]\n [  4.64255383  -7.40948497  16.46297995  -6.65990673  -6.48896912\n    4.63047736]\n [ -1.04117642   0.23108421  -6.65990673   6.90703835   4.44028876\n   -0.42012202]\n [-10.01212479  -4.40088013  -6.48896912   4.44028876  17.72480357\n    0.63482981]\n [  0.77417916  -6.07721774   4.63047736  -0.42012202   0.63482981\n    5.76460642]]", "nfev": "196", "njev": "28", "status": "0", "success": "True", "message": "Optimization terminated successfully.", "x": "[0.76003414 7.00300564 5.02501722 4.50370194 6.09253802 1.92116967]", "nit": "26", "callback": [0.31895789463674096, 0.29299601854629265, 0.25489884097331184, 0.23079652704596354, 0.20940420038263352, 0.19209637941915436, 0.1875810333885387, 0.18570249996803445, 0.18529578446103634, 0.1849279667102367, 0.18466140839133205, 0.18422661613222413, 0.1836745749539157, 0.18348610162742174, 0.18340089777715585, 0.18339334862473666, 0.1833919071401069, 0.18339177205306179, 0.18339176539609758, 0.1833917616655223, 0.1833917551030273, 0.1833917439689785, 0.1833917282783305, 0.18339172145617777, 0.18339171986260128, 0.18339171950856925]}, "1": {"maxiter": 100, "gtol": 1e-05, "xrtol": 1e-05, "eps": 1e-10, "duration": 0.07512998580932617, "fun": "0.18339171988016834", "jac": "[-4.44089173e-06  5.55111466e-06  0.00000000e+00 -1.11022293e-06\n -3.33066880e-06 -2.22044587e-06]", "hess_inv": "[[  9.30321728   2.01444322   6.10065546  -2.98402652 -11.36771585\n    0.56838722]\n [  2.01444322   7.4213066   -3.95788968  -0.18920645  -3.42626462\n   -3.87095573]\n [  6.10065546  -3.95788968  14.40069375  -6.06978986  -9.39162742\n    3.43507133]\n [ -2.98402652  -0.18920645  -6.06978986   5.52594986   6.04837139\n   -0.8332834 ]\n [-11.36771585  -3.42626462  -9.39162742   6.04837139  20.19695025\n   -0.32816424]\n [  0.56838722  -3.87095573   3.43507133  -0.8332834   -0.32816424\n    4.54274608]]", "nfev": "189", "njev": "27", "status": "0", "success": "True", "message": "Optimization terminated successfully.", "x": "[0.76004648 7.00307599 5.02501587 4.50367186 6.09247574 1.9211321 ]", "nit": "25", "callback": [0.31895706703756477, 0.29299580248191404, 0.25489957640707717, 0.23079764103043665, 0.20940615012916064, 0.19209747660316845, 0.1875818619031805, 0.1857027773932033, 0.18529601424315034, 0.18492802177955014, 0.18466128392286452, 0.1842265700750323, 0.18367483548675567, 0.18348621317873914, 0.18340086125471045, 0.18339334417341613, 0.18339190689662843, 0.18339177281145402, 0.18339176570225912, 0.18339176235230126, 0.1833917563603087, 0.18339174550992055, 0.183391728625247, 0.1833917211273699, 0.18339171988016834]}, "2": {"maxiter": 100, "gtol": 1e-05, "xrtol": 1e-10, "eps": 1e-05, "duration": 0.059941768646240234, "fun": "0.18339171950856925", "jac": "[-6.44062581e-07  5.86841686e-07 -1.32527322e-07  3.08297832e-07\n  2.81841217e-07  4.21596091e-07]", "hess_inv": "[[  9.56206473   1.51728484   4.64255383  -1.04117642 -10.01212479\n    0.77417916]\n [  1.51728484  12.07545823  -7.40948497   0.23108421  -4.40088013\n   -6.07721774]\n [  4.64255383  -7.40948497  16.46297995  -6.65990673  -6.48896912\n    4.63047736]\n [ -1.04117642   0.23108421  -6.65990673   6.90703835   4.44028876\n   -0.42012202]\n [-10.01212479  -4.40088013  -6.48896912   4.44028876  17.72480357\n    0.63482981]\n [  0.77417916  -6.07721774   4.63047736  -0.42012202   0.63482981\n    5.76460642]]", "nfev": "196", "njev": "28", "status": "0", "success": "True", "message": "Optimization terminated successfully.", "x": "[0.76003414 7.00300564 5.02501722 4.50370194 6.09253802 1.92116967]", "nit": "26", "callback": [0.31895789463674096, 0.29299601854629265, 0.25489884097331184, 0.23079652704596354, 0.20940420038263352, 0.19209637941915436, 0.1875810333885387, 0.18570249996803445, 0.18529578446103634, 0.1849279667102367, 0.18466140839133205, 0.18422661613222413, 0.1836745749539157, 0.18348610162742174, 0.18340089777715585, 0.18339334862473666, 0.1833919071401069, 0.18339177205306179, 0.18339176539609758, 0.1833917616655223, 0.1833917551030273, 0.1833917439689785, 0.1833917282783305, 0.18339172145617777, 0.18339171986260128, 0.18339171950856925]}, "3": {"maxiter": 100, "gtol": 1e-05, "xrtol": 1e-10, "eps": 1e-10, "duration": 0.0519406795501709, "fun": "0.18339171988016834", "jac": "[-4.44089173e-06  5.55111466e-06  0.00000000e+00 -1.11022293e-06\n -3.33066880e-06 -2.22044587e-06]", "hess_inv": "[[  9.30321728   2.01444322   6.10065546  -2.98402652 -11.36771585\n    0.56838722]\n [  2.01444322   7.4213066   -3.95788968  -0.18920645  -3.42626462\n   -3.87095573]\n [  6.10065546  -3.95788968  14.40069375  -6.06978986  -9.39162742\n    3.43507133]\n [ -2.98402652  -0.18920645  -6.06978986   5.52594986   6.04837139\n   -0.8332834 ]\n [-11.36771585  -3.42626462  -9.39162742   6.04837139  20.19695025\n   -0.32816424]\n [  0.56838722  -3.87095573   3.43507133  -0.8332834   -0.32816424\n    4.54274608]]", "nfev": "189", "njev": "27", "status": "0", "success": "True", "message": "Optimization terminated successfully.", "x": "[0.76004648 7.00307599 5.02501587 4.50367186 6.09247574 1.9211321 ]", "nit": "25", "callback": [0.31895706703756477, 0.29299580248191404, 0.25489957640707717, 0.23079764103043665, 0.20940615012916064, 0.19209747660316845, 0.1875818619031805, 0.1857027773932033, 0.18529601424315034, 0.18492802177955014, 0.18466128392286452, 0.1842265700750323, 0.18367483548675567, 0.18348621317873914, 0.18340086125471045, 0.18339334417341613, 0.18339190689662843, 0.18339177281145402, 0.18339176570225912, 0.18339176235230126, 0.1833917563603087, 0.18339174550992055, 0.183391728625247, 0.1833917211273699, 0.18339171988016834]}, "4": {"maxiter": 100, "gtol": 1e-10, "xrtol": 1e-05, "eps": 1e-05, "duration": 0.06386208534240723, "fun": "0.18339171950856925", "jac": "[-6.44062581e-07  5.86841686e-07 -1.32527322e-07  3.08297832e-07\n  2.81841217e-07  4.21596091e-07]", "hess_inv": "[[  9.56206473   1.51728484   4.64255383  -1.04117642 -10.01212479\n    0.77417916]\n [  1.51728484  12.07545823  -7.40948497   0.23108421  -4.40088013\n   -6.07721774]\n [  4.64255383  -7.40948497  16.46297995  -6.65990673  -6.48896912\n    4.63047736]\n [ -1.04117642   0.23108421  -6.65990673   6.90703835   4.44028876\n   -0.42012202]\n [-10.01212479  -4.40088013  -6.48896912   4.44028876  17.72480357\n    0.63482981]\n [  0.77417916  -6.07721774   4.63047736  -0.42012202   0.63482981\n    5.76460642]]", "nfev": "196", "njev": "28", "status": "0", "success": "True", "message": "Optimization terminated successfully.", "x": "[0.76003414 7.00300564 5.02501722 4.50370194 6.09253802 1.92116967]", "nit": "26", "callback": [0.31895789463674096, 0.29299601854629265, 0.25489884097331184, 0.23079652704596354, 0.20940420038263352, 0.19209637941915436, 0.1875810333885387, 0.18570249996803445, 0.18529578446103634, 0.1849279667102367, 0.18466140839133205, 0.18422661613222413, 0.1836745749539157, 0.18348610162742174, 0.18340089777715585, 0.18339334862473666, 0.1833919071401069, 0.18339177205306179, 0.18339176539609758, 0.1833917616655223, 0.1833917551030273, 0.1833917439689785, 0.1833917282783305, 0.18339172145617777, 0.18339171986260128, 0.18339171950856925]}, "5": {"maxiter": 100, "gtol": 1e-10, "xrtol": 1e-05, "eps": 1e-10, "duration": 0.06071925163269043, "fun": "0.18339171954045175", "jac": "[ 0.00000000e+00 -2.22044587e-06 -1.11022293e-06 -2.22044587e-06\n  0.00000000e+00  2.22044587e-06]", "hess_inv": "[[ 7.94820418 -0.57628044  6.33758899 -2.15866738 -8.43528681  2.22980067]\n [-0.57628044 14.81699665 -9.36535792 -0.6207187  -4.19552572 -8.79889261]\n [ 6.33758899 -9.36535792 17.12047855 -5.2770003  -6.9467006   7.03495029]\n [-2.15866738 -0.6207187  -5.2770003   5.33649555  5.24326204 -0.48975452]\n [-8.43528681 -4.19552572 -6.9467006   5.24326204 16.91044357  0.41159304]\n [ 2.22980067 -8.79889261  7.03495029 -0.48975452  0.41159304  7.7265376 ]]", "nfev": "203", "njev": "29", "status": "0", "success": "True", "message": "Optimization terminated successfully.", "x": "[0.76005943 7.00295698 5.02508263 4.50368802 6.09252463 1.92120883]", "nit": "27", "callback": [0.31895706703756477, 0.29299580248191404, 0.25489957640707717, 0.23079764103043665, 0.20940615012916064, 0.19209747660316845, 0.1875818619031805, 0.1857027773932033, 0.18529601424315034, 0.18492802177955014, 0.18466128392286452, 0.1842265700750323, 0.18367483548675567, 0.18348621317873914, 0.18340086125471045, 0.18339334417341613, 0.18339190689662843, 0.18339177281145402, 0.18339176570225912, 0.18339176235230126, 0.1833917563603087, 0.18339174550992055, 0.183391728625247, 0.1833917211273699, 0.18339171988016834, 0.1833917195689303, 0.18339171954045175]}, "6": {"maxiter": 100, "gtol": 1e-10, "xrtol": 1e-10, "eps": 1e-05, "duration": 0.06084775924682617, "fun": "0.18339171949025757", "jac": "[ 1.11022302e-11  2.22044605e-11  0.00000000e+00  3.33066907e-11\n -1.11022302e-11  0.00000000e+00]", "hess_inv": "[[ 11.21274693   0.97161522   6.76852395  -1.96412641 -12.19917941\n    1.16300136]\n [  0.97161522  12.32990114  -8.18809175   0.58355078  -3.65989692\n   -6.23821382]\n [  6.76852395  -8.18809175  19.24333615  -7.85778852  -9.28364446\n    5.15630922]\n [ -1.96412641   0.58355078  -7.85778852   7.40969789   5.62960518\n   -0.64919522]\n [-12.19917941  -3.65989692  -9.28364446   5.62960518  20.58043465\n    0.12114747]\n [  1.16300136  -6.23821382   5.15630922  -0.64919522   0.12114747\n    5.86853095]]", "nfev": "224", "njev": "32", "status": "0", "success": "True", "message": "Optimization terminated successfully.", "x": "[0.76004539 7.0030013  5.02503203 4.50369561 6.09252333 1.92117252]", "nit": "30", "callback": [0.31895789463674096, 0.29299601854629265, 0.25489884097331184, 0.23079652704596354, 0.20940420038263352, 0.19209637941915436, 0.1875810333885387, 0.18570249996803445, 0.18529578446103634, 0.1849279667102367, 0.18466140839133205, 0.18422661613222413, 0.1836745749539157, 0.18348610162742174, 0.18340089777715585, 0.18339334862473666, 0.1833919071401069, 0.18339177205306179, 0.18339176539609758, 0.1833917616655223, 0.1833917551030273, 0.1833917439689785, 0.1833917282783305, 0.18339172145617777, 0.18339171986260128, 0.18339171950856925, 0.18339171949136124, 0.18339171949026645, 0.18339171949025812, 0.18339171949025757]}, "7": {"maxiter": 100, "gtol": 1e-10, "xrtol": 1e-10, "eps": 1e-10, "duration": 0.09353876113891602, "fun": "0.183391719488897", "jac": "[2.22044587e-06 0.00000000e+00 0.00000000e+00 0.00000000e+00\n 0.00000000e+00 2.22044587e-06]", "hess_inv": "[[  3.31093862   6.95001001  -4.71324979  -0.70641204  -6.48560099\n   -4.08517452]\n [  6.95001001  36.94443612 -25.27679023  -0.63309732 -24.33626008\n  -21.79715531]\n [ -4.71324979 -25.27679023  22.99284896  -4.18021512  13.85332841\n   15.06028527]\n [ -0.70641204  -0.63309732  -4.18021512   4.98743583   3.3810133\n   -0.11250906]\n [ -6.48560099 -24.33626008  13.85332841   3.3810133   24.10897839\n   14.61343531]\n [ -4.08517452 -21.79715531  15.06028527  -0.11250906  14.61343531\n   14.83255051]]", "nfev": "315", "njev": "45", "status": "0", "success": "True", "message": "Optimization terminated successfully.", "x": "[0.76007003 7.00300565 5.02505187 4.50368798 6.09249    1.92117676]", "nit": "30", "callback": [0.31895706703756477, 0.29299580248191404, 0.25489957640707717, 0.23079764103043665, 0.20940615012916064, 0.19209747660316845, 0.1875818619031805, 0.1857027773932033, 0.18529601424315034, 0.18492802177955014, 0.18466128392286452, 0.1842265700750323, 0.18367483548675567, 0.18348621317873914, 0.18340086125471045, 0.18339334417341613, 0.18339190689662843, 0.18339177281145402, 0.18339176570225912, 0.18339176235230126, 0.1833917563603087, 0.18339174550992055, 0.183391728625247, 0.1833917211273699, 0.18339171988016834, 0.1833917195689303, 0.18339171954045175, 0.18339171949641975, 0.1833917194888972, 0.183391719488897]}, "8": {"maxiter": 500, "gtol": 1e-05, "xrtol": 1e-05, "eps": 1e-05, "duration": 0.05340385437011719, "fun": "0.18339171950856925", "jac": "[-6.44062581e-07  5.86841686e-07 -1.32527322e-07  3.08297832e-07\n  2.81841217e-07  4.21596091e-07]", "hess_inv": "[[  9.56206473   1.51728484   4.64255383  -1.04117642 -10.01212479\n    0.77417916]\n [  1.51728484  12.07545823  -7.40948497   0.23108421  -4.40088013\n   -6.07721774]\n [  4.64255383  -7.40948497  16.46297995  -6.65990673  -6.48896912\n    4.63047736]\n [ -1.04117642   0.23108421  -6.65990673   6.90703835   4.44028876\n   -0.42012202]\n [-10.01212479  -4.40088013  -6.48896912   4.44028876  17.72480357\n    0.63482981]\n [  0.77417916  -6.07721774   4.63047736  -0.42012202   0.63482981\n    5.76460642]]", "nfev": "196", "njev": "28", "status": "0", "success": "True", "message": "Optimization terminated successfully.", "x": "[0.76003414 7.00300564 5.02501722 4.50370194 6.09253802 1.92116967]", "nit": "26", "callback": [0.31895789463674096, 0.29299601854629265, 0.25489884097331184, 0.23079652704596354, 0.20940420038263352, 0.19209637941915436, 0.1875810333885387, 0.18570249996803445, 0.18529578446103634, 0.1849279667102367, 0.18466140839133205, 0.18422661613222413, 0.1836745749539157, 0.18348610162742174, 0.18340089777715585, 0.18339334862473666, 0.1833919071401069, 0.18339177205306179, 0.18339176539609758, 0.1833917616655223, 0.1833917551030273, 0.1833917439689785, 0.1833917282783305, 0.18339172145617777, 0.18339171986260128, 0.18339171950856925]}, "9": {"maxiter": 500, "gtol": 1e-05, "xrtol": 1e-05, "eps": 1e-10, "duration": 0.0568389892578125, "fun": "0.18339171988016834", "jac": "[-4.44089173e-06  5.55111466e-06  0.00000000e+00 -1.11022293e-06\n -3.33066880e-06 -2.22044587e-06]", "hess_inv": "[[  9.30321728   2.01444322   6.10065546  -2.98402652 -11.36771585\n    0.56838722]\n [  2.01444322   7.4213066   -3.95788968  -0.18920645  -3.42626462\n   -3.87095573]\n [  6.10065546  -3.95788968  14.40069375  -6.06978986  -9.39162742\n    3.43507133]\n [ -2.98402652  -0.18920645  -6.06978986   5.52594986   6.04837139\n   -0.8332834 ]\n [-11.36771585  -3.42626462  -9.39162742   6.04837139  20.19695025\n   -0.32816424]\n [  0.56838722  -3.87095573   3.43507133  -0.8332834   -0.32816424\n    4.54274608]]", "nfev": "189", "njev": "27", "status": "0", "success": "True", "message": "Optimization terminated successfully.", "x": "[0.76004648 7.00307599 5.02501587 4.50367186 6.09247574 1.9211321 ]", "nit": "25", "callback": [0.31895706703756477, 0.29299580248191404, 0.25489957640707717, 0.23079764103043665, 0.20940615012916064, 0.19209747660316845, 0.1875818619031805, 0.1857027773932033, 0.18529601424315034, 0.18492802177955014, 0.18466128392286452, 0.1842265700750323, 0.18367483548675567, 0.18348621317873914, 0.18340086125471045, 0.18339334417341613, 0.18339190689662843, 0.18339177281145402, 0.18339176570225912, 0.18339176235230126, 0.1833917563603087, 0.18339174550992055, 0.183391728625247, 0.1833917211273699, 0.18339171988016834]}, "10": {"maxiter": 500, "gtol": 1e-05, "xrtol": 1e-10, "eps": 1e-05, "duration": 0.05103802680969238, "fun": "0.18339171950856925", "jac": "[-6.44062581e-07  5.86841686e-07 -1.32527322e-07  3.08297832e-07\n  2.81841217e-07  4.21596091e-07]", "hess_inv": "[[  9.56206473   1.51728484   4.64255383  -1.04117642 -10.01212479\n    0.77417916]\n [  1.51728484  12.07545823  -7.40948497   0.23108421  -4.40088013\n   -6.07721774]\n [  4.64255383  -7.40948497  16.46297995  -6.65990673  -6.48896912\n    4.63047736]\n [ -1.04117642   0.23108421  -6.65990673   6.90703835   4.44028876\n   -0.42012202]\n [-10.01212479  -4.40088013  -6.48896912   4.44028876  17.72480357\n    0.63482981]\n [  0.77417916  -6.07721774   4.63047736  -0.42012202   0.63482981\n    5.76460642]]", "nfev": "196", "njev": "28", "status": "0", "success": "True", "message": "Optimization terminated successfully.", "x": "[0.76003414 7.00300564 5.02501722 4.50370194 6.09253802 1.92116967]", "nit": "26", "callback": [0.31895789463674096, 0.29299601854629265, 0.25489884097331184, 0.23079652704596354, 0.20940420038263352, 0.19209637941915436, 0.1875810333885387, 0.18570249996803445, 0.18529578446103634, 0.1849279667102367, 0.18466140839133205, 0.18422661613222413, 0.1836745749539157, 0.18348610162742174, 0.18340089777715585, 0.18339334862473666, 0.1833919071401069, 0.18339177205306179, 0.18339176539609758, 0.1833917616655223, 0.1833917551030273, 0.1833917439689785, 0.1833917282783305, 0.18339172145617777, 0.18339171986260128, 0.18339171950856925]}, "11": {"maxiter": 500, "gtol": 1e-05, "xrtol": 1e-10, "eps": 1e-10, "duration": 0.05990290641784668, "fun": "0.18339171988016834", "jac": "[-4.44089173e-06  5.55111466e-06  0.00000000e+00 -1.11022293e-06\n -3.33066880e-06 -2.22044587e-06]", "hess_inv": "[[  9.30321728   2.01444322   6.10065546  -2.98402652 -11.36771585\n    0.56838722]\n [  2.01444322   7.4213066   -3.95788968  -0.18920645  -3.42626462\n   -3.87095573]\n [  6.10065546  -3.95788968  14.40069375  -6.06978986  -9.39162742\n    3.43507133]\n [ -2.98402652  -0.18920645  -6.06978986   5.52594986   6.04837139\n   -0.8332834 ]\n [-11.36771585  -3.42626462  -9.39162742   6.04837139  20.19695025\n   -0.32816424]\n [  0.56838722  -3.87095573   3.43507133  -0.8332834   -0.32816424\n    4.54274608]]", "nfev": "189", "njev": "27", "status": "0", "success": "True", "message": "Optimization terminated successfully.", "x": "[0.76004648 7.00307599 5.02501587 4.50367186 6.09247574 1.9211321 ]", "nit": "25", "callback": [0.31895706703756477, 0.29299580248191404, 0.25489957640707717, 0.23079764103043665, 0.20940615012916064, 0.19209747660316845, 0.1875818619031805, 0.1857027773932033, 0.18529601424315034, 0.18492802177955014, 0.18466128392286452, 0.1842265700750323, 0.18367483548675567, 0.18348621317873914, 0.18340086125471045, 0.18339334417341613, 0.18339190689662843, 0.18339177281145402, 0.18339176570225912, 0.18339176235230126, 0.1833917563603087, 0.18339174550992055, 0.183391728625247, 0.1833917211273699, 0.18339171988016834]}, "12": {"maxiter": 500, "gtol": 1e-10, "xrtol": 1e-05, "eps": 1e-05, "duration": 0.05573129653930664, "fun": "0.18339171950856925", "jac": "[-6.44062581e-07  5.86841686e-07 -1.32527322e-07  3.08297832e-07\n  2.81841217e-07  4.21596091e-07]", "hess_inv": "[[  9.56206473   1.51728484   4.64255383  -1.04117642 -10.01212479\n    0.77417916]\n [  1.51728484  12.07545823  -7.40948497   0.23108421  -4.40088013\n   -6.07721774]\n [  4.64255383  -7.40948497  16.46297995  -6.659906