{"date": "2024/10/08/, 19:17:26", "conf_id": 23, "data_type": "random\n", "num_data_points": 2, "s_rank": 0, "unitary": "[[-0.53618537-0.34368723j,-0.12107031-0.46226139j,-0.07699282-0.46603512j,0.36022595-0.11472301j],[0.26026499-0.63450712j,-0.56616638+0.37832564j,-0.14988651+0.08458591j,0.10363514-0.16008501j],[-0.32580188-0.11070003j,-0.36476308-0.23593218j,0.02559343+0.41761608j,-0.25598305+0.6725303j],[0.07406738-0.0126433j,0.28513701+0.19483972j,-0.74939717-0.10299659j,0.29798249+0.46269921j]]", "databatch_0": {"databatch": "[[[-0.28604775+0.05366445j,0.08347066-0.12062127j,-0.17962117+0.18971649j,0.28679751+0.04425749j],[-0.21966528+0.38703982j,-0.05848338-0.21654165j,0.04427476+0.39703389j,0.33476697-0.29126304j],[0.16507617-0.02211605j,-0.0513085+0.06643749j,0.10832281-0.10304958j,-0.16257696-0.03386719j],[0.1186124-0.053574j,-0.02350962+0.06123944j,0.05797882-0.10143185j,-0.12929584+0.01110588j]],[[-0.08743311-0.10669002j,-0.35090993-0.00787388j,-0.08023911-0.01943367j,-0.07050058+0.05487746j],[0.15501397+0.04392438j,0.34163819-0.2266341j,0.08988668-0.03491891j,0.03095928-0.09965475j],[0.25452536+0.00653973j,0.43428543-0.48076713j,0.12393958-0.08866222j,0.00837057-0.16469398j],[-0.07487098-0.07586981j,-0.27057167+0.01892079j,-0.06312417-0.00924163j,-0.05034094+0.04724457j]]]", "initial param values": "[6.07196467,3.58024065,2.98709619,2.57290992,3.82498535,2.41767319]", "nelder_mead": {"type": "gradient-free", "0": {"maxiter": 100, "fatol": 1e-05, "xatol": 1e-05, "duration": 0.07265996932983398, "fun": "0.1391812663159533", "nit": "100", "nfev": "160", "status": "2", "success": "False", "message": "Maximum number of iterations has been exceeded.", "x": "[6.53362905 3.97310181 3.66384404 4.52057041 0.83162385 2.25506389]", "final_simplex": "(array([[6.53362905, 3.97310181, 3.66384404, 4.52057041, 0.83162385,\n        2.25506389],\n       [6.50843571, 4.0039814 , 3.66233654, 4.53683601, 0.84058976,\n        2.21191372],\n       [6.48518698, 3.99901624, 3.65992341, 4.54328291, 0.82100261,\n        2.22138242],\n       [6.53140974, 3.98050788, 3.66219831, 4.54028225, 0.85789188,\n        2.23537753],\n       [6.51549544, 3.99122396, 3.67122463, 4.51364429, 0.84416611,\n        2.2420566 ],\n       [6.50253188, 3.99210731, 3.67933271, 4.51434631, 0.810659  ,\n        2.23844933],\n       [6.51938918, 3.99386695, 3.67829057, 4.55638336, 0.81758999,\n        2.22929321]]), array([0.13918127, 0.13936097, 0.13937835, 0.13954156, 0.13959681,\n       0.13960075, 0.13968268]))", "callback": [0.896779209023747, 0.5140971762186068, 0.4338732372496211, 0.2908982802390895, 0.2301817583037694, 0.16545951987071184, 0.15086520237227974, 0.14207427936601424, 0.14024841006480648, 0.13974460624627727]}, "1": {"maxiter": 100, "fatol": 1e-05, "xatol": 1e-10, "duration": 0.062207937240600586, "fun": "0.1391812663159533", "nit": "100", "nfev": "160", "status": "2", "success": "False", "message": "Maximum number of iterations has been exceeded.", "x": "[6.53362905 3.97310181 3.66384404 4.52057041 0.83162385 2.25506389]", "final_simplex": "(array([[6.53362905, 3.97310181, 3.66384404, 4.52057041, 0.83162385,\n        2.25506389],\n       [6.50843571, 4.0039814 , 3.66233654, 4.53683601, 0.84058976,\n        2.21191372],\n       [6.48518698, 3.99901624, 3.65992341, 4.54328291, 0.82100261,\n        2.22138242],\n       [6.53140974, 3.98050788, 3.66219831, 4.54028225, 0.85789188,\n        2.23537753],\n       [6.51549544, 3.99122396, 3.67122463, 4.51364429, 0.84416611,\n        2.2420566 ],\n       [6.50253188, 3.99210731, 3.67933271, 4.51434631, 0.810659  ,\n        2.23844933],\n       [6.51938918, 3.99386695, 3.67829057, 4.55638336, 0.81758999,\n        2.22929321]]), array([0.13918127, 0.13936097, 0.13937835, 0.13954156, 0.13959681,\n       0.13960075, 0.13968268]))", "callback": [0.896779209023747, 0.5140971762186068, 0.4338732372496211, 0.2908982802390895, 0.2301817583037694, 0.16545951987071184, 0.15086520237227974, 0.14207427936601424, 0.14024841006480648, 0.13974460624627727]}, "2": {"maxiter": 100, "fatol": 1e-10, "xatol": 1e-05, "duration": 0.05653882026672363, "fun": "0.1391812663159533", "nit": "100", "nfev": "160", "status": "2", "success": "False", "message": "Maximum number of iterations has been exceeded.", "x": "[6.53362905 3.97310181 3.66384404 4.52057041 0.83162385 2.25506389]", "final_simplex": "(array([[6.53362905, 3.97310181, 3.66384404, 4.52057041, 0.83162385,\n        2.25506389],\n       [6.50843571, 4.0039814 , 3.66233654, 4.53683601, 0.84058976,\n        2.21191372],\n       [6.48518698, 3.99901624, 3.65992341, 4.54328291, 0.82100261,\n        2.22138242],\n       [6.53140974, 3.98050788, 3.66219831, 4.54028225, 0.85789188,\n        2.23537753],\n       [6.51549544, 3.99122396, 3.67122463, 4.51364429, 0.84416611,\n        2.2420566 ],\n       [6.50253188, 3.99210731, 3.67933271, 4.51434631, 0.810659  ,\n        2.23844933],\n       [6.51938918, 3.99386695, 3.67829057, 4.55638336, 0.81758999,\n        2.22929321]]), array([0.13918127, 0.13936097, 0.13937835, 0.13954156, 0.13959681,\n       0.13960075, 0.13968268]))", "callback": [0.896779209023747, 0.5140971762186068, 0.4338732372496211, 0.2908982802390895, 0.2301817583037694, 0.16545951987071184, 0.15086520237227974, 0.14207427936601424, 0.14024841006480648, 0.13974460624627727]}, "3": {"maxiter": 100, "fatol": 1e-10, "xatol": 1e-10, "duration": 0.052995920181274414, "fun": "0.1391812663159533", "nit": "100", "nfev": "160", "status": "2", "success": "False", "message": "Maximum number of iterations has been exceeded.", "x": "[6.53362905 3.97310181 3.66384404 4.52057041 0.83162385 2.25506389]", "final_simplex": "(array([[6.53362905, 3.97310181, 3.66384404, 4.52057041, 0.83162385,\n        2.25506389],\n       [6.50843571, 4.0039814 , 3.66233654, 4.53683601, 0.84058976,\n        2.21191372],\n       [6.48518698, 3.99901624, 3.65992341, 4.54328291, 0.82100261,\n        2.22138242],\n       [6.53140974, 3.98050788, 3.66219831, 4.54028225, 0.85789188,\n        2.23537753],\n       [6.51549544, 3.99122396, 3.67122463, 4.51364429, 0.84416611,\n        2.2420566 ],\n       [6.50253188, 3.99210731, 3.67933271, 4.51434631, 0.810659  ,\n        2.23844933],\n       [6.51938918, 3.99386695, 3.67829057, 4.55638336, 0.81758999,\n        2.22929321]]), array([0.13918127, 0.13936097, 0.13937835, 0.13954156, 0.13959681,\n       0.13960075, 0.13968268]))", "callback": [0.896779209023747, 0.5140971762186068, 0.4338732372496211, 0.2908982802390895, 0.2301817583037694, 0.16545951987071184, 0.15086520237227974, 0.14207427936601424, 0.14024841006480648, 0.13974460624627727]}, "4": {"maxiter": 500, "fatol": 1e-05, "xatol": 1e-05, "duration": 0.21485686302185059, "fun": "0.13241477164712645", "nit": "427", "nfev": "669", "status": "0", "success": "True", "message": "Optimization terminated successfully.", "x": "[6.57956262 4.87990237 2.6047633  4.34005181 0.75166662 2.19144174]", "final_simplex": "(array([[6.57956262, 4.87990237, 2.6047633 , 4.34005181, 0.75166662,\n        2.19144174],\n       [6.57956155, 4.87989932, 2.60476512, 4.34005211, 0.75166632,\n        2.19144154],\n       [6.57956142, 4.87989845, 2.60476781, 4.34005193, 0.75166772,\n        2.19144126],\n       [6.57956338, 4.87990284, 2.60476189, 4.34005046, 0.75166791,\n        2.19144186],\n       [6.57956283, 4.87990057, 2.60476422, 4.34005335, 0.75166639,\n        2.19144112],\n       [6.57956119, 4.87989709, 2.6047672 , 4.34005085, 0.75166614,\n        2.19144053],\n       [6.57956207, 4.87990903, 2.60475463, 4.3400515 , 0.75166659,\n        2.19144078]]), array([0.13241477, 0.13241477, 0.13241477, 0.13241477, 0.13241477,\n       0.13241477, 0.13241477]))", "callback": [0.896779209023747, 0.5140971762186068, 0.4338732372496211, 0.2908982802390895, 0.2301817583037694, 0.16545951987071184, 0.15086520237227974, 0.14207427936601424, 0.14024841006480648, 0.13974460624627727, 0.13906588173377732, 0.13764742286746112, 0.1365433003921166, 0.13624619912273506, 0.1359613731794027, 0.13582595972682932, 0.1357852373278603, 0.13575714257001192, 0.13569991431860973, 0.13535259577602377, 0.13424588221723133, 0.1332372201391432, 0.13270280723769412, 0.13253789902277258, 0.13253692730958877, 0.13250176169748862, 0.13246329932215595, 0.13243870912408873, 0.13242515780819986, 0.13242153020037473, 0.13241646517071137, 0.1324157714436225, 0.13241530536126567, 0.13241506403403558, 0.132414884813031, 0.13241479184374094, 0.13241478600604684, 0.1324147760551576, 0.13241477215815323, 0.13241477174036165, 0.13241477166176174, 0.13241477164876914, 0.1324147716472519]}, "5": {"maxiter": 500, "fatol": 1e-05, "xatol": 1e-10, "duration": 0.3466968536376953, "fun": "0.13241477164688942", "nit": "500", "nfev": "835", "status": "2", "success": "False", "message": "Maximum number of iterations has been exceeded.", "x": "[6.57956173 4.87990085 2.6047642  4.34005204 0.75166736 2.1914415 ]", "final_simplex": "(array([[6.57956173, 4.87990085, 2.6047642 , 4.34005204, 0.75166736,\n        2.1914415 ],\n       [6.57956173, 4.87990085, 2.6047642 , 4.34005204, 0.75166736,\n        2.1914415 ],\n       [6.57956173, 4.87990085, 2.6047642 , 4.34005204, 0.75166736,\n        2.1914415 ],\n       [6.57956173, 4.87990085, 2.6047642 , 4.34005204, 0.75166736,\n        2.1914415 ],\n       [6.57956173, 4.87990085, 2.6047642 , 4.34005204, 0.75166736,\n        2.1914415 ],\n       [6.57956173, 4.87990086, 2.6047642 , 4.34005204, 0.75166736,\n        2.1914415 ],\n       [6.57956173, 4.87990085, 2.6047642 , 4.34005204, 0.75166736,\n        2.1914415 ]]), array([0.13241477, 0.13241477, 0.13241477, 0.13241477, 0.13241477,\n       0.13241477, 0.13241477]))", "callback": [0.896779209023747, 0.5140971762186068, 0.4338732372496211, 0.2908982802390895, 0.2301817583037694, 0.16545951987071184, 0.15086520237227974, 0.14207427936601424, 0.14024841006480648, 0.13974460624627727, 0.13906588173377732, 0.13764742286746112, 0.1365433003921166, 0.13624619912273506, 0.1359613731794027, 0.13582595972682932, 0.1357852373278603, 0.13575714257001192, 0.13569991431860973, 0.13535259577602377, 0.13424588221723133, 0.1332372201391432, 0.13270280723769412, 0.13253789902277258, 0.13253692730958877, 0.13250176169748862, 0.13246329932215595, 0.13243870912408873, 0.13242515780819986, 0.13242153020037473, 0.13241646517071137, 0.1324157714436225, 0.13241530536126567, 0.13241506403403558, 0.132414884813031, 0.13241479184374094, 0.13241478600604684, 0.1324147760551576, 0.13241477215815323, 0.13241477174036165, 0.13241477166176174, 0.13241477164876914, 0.1324147716472519, 0.1324147716469748, 0.13241477164690962, 0.13241477164689375, 0.13241477164689097, 0.13241477164688986, 0.13241477164688942, 0.13241477164688942]}, "6": {"maxiter": 500, "fatol": 1e-10, "xatol": 1e-05, "duration": 0.2375500202178955, "fun": "0.13241477164712645", "nit": "427", "nfev": "669", "status": "0", "success": "True", "message": "Optimization terminated successfully.", "x": "[6.57956262 4.87990237 2.6047633  4.34005181 0.75166662 2.19144174]", "final_simplex": "(array([[6.57956262, 4.87990237, 2.6047633 , 4.34005181, 0.75166662,\n        2.19144174],\n       [6.57956155, 4.87989932, 2.60476512, 4.34005211, 0.75166632,\n        2.19144154],\n       [6.57956142, 4.87989845, 2.60476781, 4.34005193, 0.75166772,\n        2.19144126],\n       [6.57956338, 4.87990284, 2.60476189, 4.34005046, 0.75166791,\n        2.19144186],\n       [6.57956283, 4.87990057, 2.60476422, 4.34005335, 0.75166639,\n        2.19144112],\n       [6.57956119, 4.87989709, 2.6047672 , 4.34005085, 0.75166614,\n        2.19144053],\n       [6.57956207, 4.87990903, 2.60475463, 4.3400515 , 0.75166659,\n        2.19144078]]), array([0.13241477, 0.13241477, 0.13241477, 0.13241477, 0.13241477,\n       0.13241477, 0.13241477]))", "callback": [0.896779209023747, 0.5140971762186068, 0.4338732372496211, 0.2908982802390895, 0.2301817583037694, 0.16545951987071184, 0.15086520237227974, 0.14207427936601424, 0.14024841006480648, 0.13974460624627727, 0.13906588173377732, 0.13764742286746112, 0.1365433003921166, 0.13624619912273506, 0.1359613731794027, 0.13582595972682932, 0.1357852373278603, 0.13575714257001192, 0.13569991431860973, 0.13535259577602377, 0.13424588221723133, 0.1332372201391432, 0.13270280723769412, 0.13253789902277258, 0.13253692730958877, 0.13250176169748862, 0.13246329932215595, 0.13243870912408873, 0.13242515780819986, 0.13242153020037473, 0.13241646517071137, 0.1324157714436225, 0.13241530536126567, 0.13241506403403558, 0.132414884813031, 0.13241479184374094, 0.13241478600604684, 0.1324147760551576, 0.13241477215815323, 0.13241477174036165, 0.13241477166176174, 0.13241477164876914, 0.1324147716472519]}, "7": {"maxiter": 500, "fatol": 1e-10, "xatol": 1e-10, "duration": 0.28838300704956055, "fun": "0.13241477164688942", "nit": "500", "nfev": "835", "status": "2", "success": "False", "message": "Maximum number of iterations has been exceeded.", "x": "[6.57956173 4.87990085 2.6047642  4.34005204 0.75166736 2.1914415 ]", "final_simplex": "(array([[6.57956173, 4.87990085, 2.6047642 , 4.34005204, 0.75166736,\n        2.1914415 ],\n       [6.57956173, 4.87990085, 2.6047642 , 4.34005204, 0.75166736,\n        2.1914415 ],\n       [6.57956173, 4.87990085, 2.6047642 , 4.34005204, 0.75166736,\n        2.1914415 ],\n       [6.57956173, 4.87990085, 2.6047642 , 4.34005204, 0.75166736,\n        2.1914415 ],\n       [6.57956173, 4.87990085, 2.6047642 , 4.34005204, 0.75166736,\n        2.1914415 ],\n       [6.57956173, 4.87990086, 2.6047642 , 4.34005204, 0.75166736,\n        2.1914415 ],\n       [6.57956173, 4.87990085, 2.6047642 , 4.34005204, 0.75166736,\n        2.1914415 ]]), array([0.13241477, 0.13241477, 0.13241477, 0.13241477, 0.13241477,\n       0.13241477, 0.13241477]))", "callback": [0.896779209023747, 0.5140971762186068, 0.4338732372496211, 0.2908982802390895, 0.2301817583037694, 0.16545951987071184, 0.15086520237227974, 0.14207427936601424, 0.14024841006480648, 0.13974460624627727, 0.13906588173377732, 0.13764742286746112, 0.1365433003921166, 0.13624619912273506, 0.1359613731794027, 0.13582595972682932, 0.1357852373278603, 0.13575714257001192, 0.13569991431860973, 0.13535259577602377, 0.13424588221723133, 0.1332372201391432, 0.13270280723769412, 0.13253789902277258, 0.13253692730958877, 0.13250176169748862, 0.13246329932215595, 0.13243870912408873, 0.13242515780819986, 0.13242153020037473, 0.13241646517071137, 0.1324157714436225, 0.13241530536126567, 0.13241506403403558, 0.132414884813031, 0.13241479184374094, 0.13241478600604684, 0.1324147760551576, 0.13241477215815323, 0.13241477174036165, 0.13241477166176174, 0.13241477164876914, 0.1324147716472519, 0.1324147716469748, 0.13241477164690962, 0.13241477164689375, 0.13241477164689097, 0.13241477164688986, 0.13241477164688942, 0.13241477164688942]}, "8": {"maxiter": 1000, "fatol": 1e-05, "xatol": 1e-05, "duration": 0.2166152000427246, "fun": "0.13241477164712645", "nit": "427", "nfev": "669", "status": "0", "success": "True", "message": "Optimization terminated successfully.", "x": "[6.57956262 4.87990237 2.6047633  4.34005181 0.75166662 2.19144174]", "final_simplex": "(array([[6.57956262, 4.87990237, 2.6047633 , 4.34005181, 0.75166662,\n        2.19144174],\n       [6.57956155, 4.87989932, 2.60476512, 4.34005211, 0.75166632,\n        2.19144154],\n       [6.57956142, 4.87989845, 2.60476781, 4.34005193, 0.75166772,\n        2.19144126],\n       [6.57956338, 4.87990284, 2.60476189, 4.34005046, 0.75166791,\n        2.19144186],\n       [6.57956283, 4.87990057, 2.60476422, 4.34005335, 0.75166639,\n        2.19144112],\n       [6.57956119, 4.87989709, 2.6047672 , 4.34005085, 0.75166614,\n        2.19144053],\n       [6.57956207, 4.87990903, 2.60475463, 4.3400515 , 0.75166659,\n        2.19144078]]), array([0.13241477, 0.13241477, 0.13241477, 0.13241477, 0.13241477,\n       0.13241477, 0.13241477]))", "callback": [0.896779209023747, 0.5140971762186068, 0.4338732372496211, 0.2908982802390895, 0.2301817583037694, 0.16545951987071184, 0.15086520237227974, 0.14207427936601424, 0.14024841006480648, 0.13974460624627727, 0.13906588173377732, 0.13764742286746112, 0.1365433003921166, 0.13624619912273506, 0.1359613731794027, 0.13582595972682932, 0.1357852373278603, 0.13575714257001192, 0.13569991431860973, 0.13535259577602377, 0.13424588221723133, 0.1332372201391432, 0.13270280723769412, 0.13253789902277258, 0.13253692730958877, 0.13250176169748862, 0.13246329932215595, 0.13243870912408873, 0.13242515780819986, 0.13242153020037473, 0.13241646517071137, 0.1324157714436225, 0.13241530536126567, 0.13241506403403558, 0.132414884813031, 0.13241479184374094, 0.13241478600604684, 0.1324147760551576, 0.13241477215815323, 0.13241477174036165, 0.13241477166176174, 0.13241477164876914, 0.1324147716472519]}, "9": {"maxiter": 1000, "fatol": 1e-05, "xatol": 1e-10, "duration": 0.27011680603027344, "fun": "0.13241477164688942", "nit": "510", "nfev": "870", "status": "0", "success": "True", "message": "Optimization terminated successfully.", "x": "[6.57956173 4.87990085 2.6047642  4.34005204 0.75166736 2.1914415 ]", "final_simplex": "(array([[6.57956173, 4.87990085, 2.6047642 , 4.34005204, 0.75166736,\n        2.1914415 ],\n       [6.57956173, 4.87990085, 2.6047642 , 4.34005204, 0.75166736,\n        2.1914415 ],\n       [6.57956173, 4.87990085, 2.6047642 , 4.34005204, 0.75166736,\n        2.1914415 ],\n       [6.57956173, 4.87990085, 2.6047642 , 4.34005204, 0.75166736,\n        2.1914415 ],\n       [6.57956173, 4.87990085, 2.6047642 , 4.34005204, 0.75166736,\n        2.1914415 ],\n       [6.57956173, 4.87990085, 2.6047642 , 4.34005204, 0.75166736,\n        2.1914415 ],\n       [6.57956173, 4.87990085, 2.6047642 , 4.34005204, 0.75166736,\n        2.1914415 ]]), array([0.13241477, 0.13241477, 0.13241477, 0.13241477, 0.13241477,\n       0.13241477, 0.13241477]))", "callback": [0.896779209023747, 0.5140971762186068, 0.4338732372496211, 0.2908982802390895, 0.2301817583037694, 0.16545951987071184, 0.15086520237227974, 0.14207427936601424, 0.14024841006480648, 0.13974460624627727, 0.13906588173377732, 0.13764742286746112, 0.1365433003921166, 0.13624619912273506, 0.1359613731794027, 0.13582595972682932, 0.1357852373278603, 0.13575714257001192, 0.13569991431860973, 0.13535259577602377, 0.13424588221723133, 0.1332372201391432, 0.13270280723769412, 0.13253789902277258, 0.13253692730958877, 0.13250176169748862, 0.13246329932215595, 0.13243870912408873, 0.13242515780819986, 0.13242153020037473, 0.13241646517071137, 0.1324157714436225, 0.13241530536126567, 0.13241506403403558, 0.132414884813031, 0.13241479184374094, 0.13241478600604684, 0.1324147760551576, 0.13241477215815323, 0.13241477174036165, 0.13241477166176174, 0.13241477164876914, 0.1324147716472519, 0.1324147716469748, 0.13241477164690962, 0.13241477164689375, 0.13241477164689097, 0.13241477164688986, 0.13241477164688942, 0.13241477164688942, 0.13241477164688942]}, "10": {"maxiter": 1000, "fatol": 1e-10, "xatol": 1e-05, "duration": 0.21739816665649414, "fun": "0.13241477164712645", "nit": "427", "nfev": "669", "status": "0", "success": "True", "message": "Optimization terminated successfully.", "x": "[6.57956262 4.87990237 2.6047633  4.34005181 0.75166662 2.19144174]", "final_simplex": "(array([[6.57956262, 4.87990237, 2.6047633 , 4.34005181, 0.75166662,\n        2.19144174],\n       [6.57956155, 4.87989932, 2.60476512, 4.34005211, 0.75166632,\n        2.19144154],\n       [6.57956142, 4.87989845, 2.60476781, 4.34005193, 0.75166772,\n        2.19144126],\n       [6.57956338, 4.87990284, 2.60476189, 4.34005046, 0.75166791,\n        2.19144186],\n       [6.57956283, 4.87990057, 2.60476422, 4.34005335, 0.75166639,\n        2.19144112],\n       [6.57956119, 4.87989709, 2.6047672 , 4.34005085, 0.75166614,\n        2.19144053],\n       [6.57956207, 4.87990903, 2.60475463, 4.3400515 , 0.75166659,\n        2.19144078]]), array([0.13241477, 0.13241477, 0.13241477, 0.13241477, 0.13241477,\n       0.13241477, 0.13241477]))", "callback": [0.896779209023747, 0.5140971762186068, 0.4338732372496211, 0.2908982802390895, 0.2301817583037694, 0.16545951987071184, 0.15086520237227974, 0.14207427936601424, 0.14024841006480648, 0.13974460624627727, 0.13906588173377732, 0.13764742286746112, 0.1365433003921166, 0.13624619912273506, 0.1359613731794027, 0.13582595972682932, 0.1357852373278603, 0.13575714257001192, 0.13569991431860973, 0.13535259577602377, 0.13424588221723133, 0.1332372201391432, 0.13270280723769412, 0.13253789902277258, 0.13253692730958877, 0.13250176169748862, 0.13246329932215595, 0.13243870912408873, 0.13242515780819986, 0.13242153020037473, 0.13241646517071137, 0.1324157714436225, 0.13241530536126567, 0.13241506403403558, 0.132414884813031, 0.13241479184374094, 0.13241478600604684, 0.1324147760551576, 0.13241477215815323, 0.13241477174036165, 0.13241477166176174, 0.13241477164876914, 0.1324147716472519]}, "11": {"maxiter": 1000, "fatol": 1e-10, "xatol": 1e-10, "duration": 0.2868232727050781, "fun": "0.13241477164688942", "nit": "510", "nfev": "870", "status": "0", "success": "True", "message": "Optimization terminated successfully.", "x": "[6.57956173 4.87990085 2.6047642  4.34005204 0.75166736 2.1914415 ]", "final_simplex": "(array([[6.57956173, 4.87990085, 2.6047642 , 4.34005204, 0.75166736,\n        2.1914415 ],\n       [6.57956173, 4.87990085, 2.6047642 , 4.34005204, 0.75166736,\n        2.1914415 ],\n       [6.57956173, 4.87990085, 2.6047642 , 4.34005204, 0.75166736,\n        2.1914415 ],\n       [6.57956173, 4.87990085, 2.6047642 , 4.34005204, 0.75166736,\n        2.1914415 ],\n       [6.57956173, 4.87990085, 2.6047642 , 4.34005204, 0.75166736,\n        2.1914415 ],\n       [6.57956173, 4.87990085, 2.6047642 , 4.34005204, 0.75166736,\n        2.1914415 ],\n       [6.57956173, 4.87990085, 2.6047642 , 4.34005204, 0.75166736,\n        2.1914415 ]]), array([0.13241477, 0.13241477, 0.13241477, 0.13241477, 0.13241477,\n       0.13241477, 0.13241477]))", "callback": [0.896779209023747, 0.5140971762186068, 0.4338732372496211, 0.2908982802390895, 0.2301817583037694, 0.16545951987071184, 0.15086520237227974, 0.14207427936601424, 0.14024841006480648, 0.13974460624627727, 0.13906588173377732, 0.13764742286746112, 0.1365433003921166, 0.13624619912273506, 0.1359613731794027, 0.13582595972682932, 0.1357852373278603, 0.13575714257001192, 0.13569991431860973, 0.13535259577602377, 0.13424588221723133, 0.1332372201391432, 0.13270280723769412, 0.13253789902277258, 0.13253692730958877, 0.13250176169748862, 0.13246329932215595, 0.13243870912408873, 0.13242515780819986, 0.13242153020037473, 0.13241646517071137, 0.1324157714436225, 0.13241530536126567, 0.13241506403403558, 0.132414884813031, 0.13241479184374094, 0.13241478600604684, 0.1324147760551576, 0.13241477215815323, 0.13241477174036165, 0.13241477166176174, 0.13241477164876914, 0.1324147716472519, 0.1324147716469748, 0.13241477164690962, 0.13241477164689375, 0.13241477164689097, 0.13241477164688986, 0.13241477164688942, 0.13241477164688942, 0.13241477164688942]}}, "bfgs": {"type": "gradient", "0": {"maxiter": 100, "gtol": 1e-05, "xrtol": 1e-05, "eps": 1e-05, "duration": 0.08255791664123535, "fun": "0.13241477169203741", "jac": "[ 1.94932959e-07 -8.05744360e-07 -7.25752791e-07  2.21667129e-07\n  8.31879010e-07 -1.29229960e-07]", "hess_inv": "[[ 5.20163950e+00  8.60339151e+00 -9.27284069e+00  2.24525051e+00\n  -3.44574767e-01  1.97600200e+00]\n [ 8.60339151e+00  7.25654818e+01 -7.58022954e+01  7.48332026e+00\n  -2.00605771e+00 -5.83476547e-01]\n [-9.27284069e+00 -7.58022954e+01  8.31920880e+01 -9.99163964e+00\n   2.56355268e+00  1.15723036e+00]\n [ 2.24525051e+00  7.48332026e+00 -9.99163964e+00  7.91173032e+00\n  -3.79040349e-02  1.14850425e+00]\n [-3.44574767e-01 -2.00605771e+00  2.56355268e+00 -3.79040349e-02\n   3.17418572e+00  1.42685334e+00]\n [ 1.97600200e+00 -5.83476547e-01  1.15723036e+00  1.14850425e+00\n   1.42685334e+00  4.20290940e+00]]", "nfev": "259", "njev": "37", "status": "0", "success": "True", "message": "Optimization terminated successfully.", "x": "[6.5795482  4.8798822  2.60477575 1.94312498 3.89325257 5.33301805]", "nit": "32", "callback": [0.4783383807539391, 0.45257856876648683, 0.4078927191523605, 0.3374615125127155, 0.26615063686895024, 0.23141396148548476, 0.19236628730835514, 0.17473371131451487, 0.15151940493691163, 0.1444496501084087, 0.14136674993049392, 0.1388333107459201, 0.13758854337362003, 0.13696406603967226, 0.1368242486153739, 0.13678459607272586, 0.13672584261681742, 0.13661678767354402, 0.13641253551198773, 0.13603289633904736, 0.1353378548817199, 0.1340889314471001, 0.13309421949380007, 0.13276608355231545, 0.1325872764550169, 0.13248845288227062, 0.13243207252744704, 0.13241578361840867, 0.13241480429590125, 0.13241477357217124, 0.13241477186620532, 0.13241477169203741]}, "1": {"maxiter": 100, "gtol": 1e-05, "xrtol": 1e-05, "eps": 1e-10, "duration": 0.08747696876525879, "fun": "0.13241477183623207", "jac": "[-1.11022293e-06 -4.44089173e-06 -3.33066880e-06  0.00000000e+00\n  8.88178346e-06 -3.33066880e-06]", "hess_inv": "[[  5.57205009   9.86536664 -10.56658511   2.05855154   0.18672954\n    2.25688742]\n [  9.86536664  71.40807854 -74.15678976   7.56312248  -2.74327755\n    0.39382639]\n [-10.56658511 -74.15678976  81.12061039 -10.20259339   3.30763367\n    0.1068007 ]\n [  2.05855154   7.56312248 -10.20259339   7.91559523   0.24370186\n    1.04833019]\n [  0.18672954  -2.74327755   3.30763367   0.24370186   2.85834122\n    1.84017711]\n [  2.25688742   0.39382639   0.1068007    1.04833019   1.84017711\n    4.38512692]]", "nfev": "252", "njev": "36", "status": "0", "success": "True", "message": "Optimization terminated successfully.", "x": "[6.57953609 4.87981824 2.60483935 1.94312173 3.89327975 5.33302102]", "nit": "31", "callback": [0.47833922289111597, 0.45257822553058047, 0.40789108472014335, 0.3374579770388928, 0.2661460877652435, 0.23141247943611487, 0.1923629616435607, 0.1747318590834669, 0.15151804760957233, 0.14444913559827177, 0.14136655876002036, 0.13883337119550543, 0.1375884267877332, 0.13696380219073845, 0.13682407814794262, 0.13678450917499618, 0.13672578367995614, 0.13661677994990862, 0.1364125924371311, 0.13603311309727117, 0.1353382612799886, 0.13409011393210168, 0.13308999750339034, 0.13276435048556723, 0.1325863752102363, 0.1324883104050244, 0.1324318556694588, 0.1324157775003778, 0.1324148019780761, 0.13241477321853945, 0.13241477183623207]}, "2": {"maxiter": 100, "gtol": 1e-05, "xrtol": 1e-10, "eps": 1e-05, "duration": 0.09761905670166016, "fun": "0.13241477169203741", "jac": "[ 1.94932959e-07 -8.05744360e-07 -7.25752791e-07  2.21667129e-07\n  8.31879010e-07 -1.29229960e-07]", "hess_inv": "[[ 5.20163950e+00  8.60339151e+00 -9.27284069e+00  2.24525051e+00\n  -3.44574767e-01  1.97600200e+00]\n [ 8.60339151e+00  7.25654818e+01 -7.58022954e+01  7.48332026e+00\n  -2.00605771e+00 -5.83476547e-01]\n [-9.27284069e+00 -7.58022954e+01  8.31920880e+01 -9.99163964e+00\n   2.56355268e+00  1.15723036e+00]\n [ 2.24525051e+00  7.48332026e+00 -9.99163964e+00  7.91173032e+00\n  -3.79040349e-02  1.14850425e+00]\n [-3.44574767e-01 -2.00605771e+00  2.56355268e+00 -3.79040349e-02\n   3.17418572e+00  1.42685334e+00]\n [ 1.97600200e+00 -5.83476547e-01  1.15723036e+00  1.14850425e+00\n   1.42685334e+00  4.20290940e+00]]", "nfev": "259", "njev": "37", "status": "0", "success": "True", "message": "Optimization terminated successfully.", "x": "[6.5795482  4.8798822  2.60477575 1.94312498 3.89325257 5.33301805]", "nit": "32", "callback": [0.4783383807539391, 0.45257856876648683, 0.4078927191523605, 0.3374615125127155, 0.26615063686895024, 0.23141396148548476, 0.19236628730835514, 0.17473371131451487, 0.15151940493691163, 0.1444496501084087, 0.14136674993049392, 0.1388333107459201, 0.13758854337362003, 0.13696406603967226, 0.1368242486153739, 0.13678459607272586, 0.13672584261681742, 0.13661678767354402, 0.13641253551198773, 0.13603289633904736, 0.1353378548817199, 0.1340889314471001, 0.13309421949380007, 0.13276608355231545, 0.1325872764550169, 0.13248845288227062, 0.13243207252744704, 0.13241578361840867, 0.13241480429590125, 0.13241477357217124, 0.13241477186620532, 0.13241477169203741]}, "3": {"maxiter": 100, "gtol": 1e-05, "xrtol": 1e-10, "eps": 1e-10, "duration": 0.08056211471557617, "fun": "0.13241477183623207", "jac": "[-1.11022293e-06 -4.44089173e-06 -3.33066880e-06  0.00000000e+00\n  8.88178346e-06 -3.33066880e-06]", "hess_inv": "[[  5.57205009   9.86536664 -10.56658511   2.05855154   0.18672954\n    2.25688742]\n [  9.86536664  71.40807854 -74.15678976   7.56312248  -2.74327755\n    0.39382639]\n [-10.56658511 -74.15678976  81.12061039 -10.20259339   3.30763367\n    0.1068007 ]\n [  2.05855154   7.56312248 -10.20259339   7.91559523   0.24370186\n    1.04833019]\n [  0.18672954  -2.74327755   3.30763367   0.24370186   2.85834122\n    1.84017711]\n [  2.25688742   0.39382639   0.1068007    1.04833019   1.84017711\n    4.38512692]]", "nfev": "252", "njev": "36", "status": "0", "success": "True", "message": "Optimization terminated successfully.", "x": "[6.57953609 4.87981824 2.60483935 1.94312173 3.89327975 5.33302102]", "nit": "31", "callback": [0.47833922289111597, 0.45257822553058047, 0.40789108472014335, 0.3374579770388928, 0.2661460877652435, 0.23141247943611487, 0.1923629616435607, 0.1747318590834669, 0.15151804760957233, 0.14444913559827177, 0.14136655876002036, 0.13883337119550543, 0.1375884267877332, 0.13696380219073845, 0.13682407814794262, 0.13678450917499618, 0.13672578367995614, 0.13661677994990862, 0.1364125924371311, 0.13603311309727117, 0.1353382612799886, 0.13409011393210168, 0.13308999750339034, 0.13276435048556723, 0.1325863752102363, 0.1324883104050244, 0.1324318556694588, 0.1324157775003778, 0.1324148019780761, 0.13241477321853945, 0.13241477183623207]}, "4": {"maxiter": 100, "gtol": 1e-10, "xrtol": 1e-05, "eps": 1e-05, "duration": 0.08702325820922852, "fun": "0.13241477169203741", "jac": "[ 1.94932959e-07 -8.05744360e-07 -7.25752791e-07  2.21667129e-07\n  8.31879010e-07 -1.29229960e-07]", "hess_inv": "[[ 5.20163950e+00  8.60339151e+00 -9.27284069e+00  2.24525051e+00\n  -3.44574767e-01  1.97600200e+00]\n [ 8.60339151e+00  7.25654818e+01 -7.58022954e+01  7.48332026e+00\n  -2.00605771e+00 -5.83476547e-01]\n [-9.27284069e+00 -7.58022954e+01  8.31920880e+01 -9.99163964e+00\n   2.56355268e+00  1.15723036e+00]\n [ 2.24525051e+00  7.48332026e+00 -9.99163964e+00  7.91173032e+00\n  -3.79040349e-02  1.14850425e+00]\n [-3.44574767e-01 -2.00605771e+00  2.56355268e+00 -3.79040349e-02\n   3.17418572e+00  1.42685334e+00]\n [ 1.97600200e+00 -5.83476547e-01  1.15723036e+00  1.14850425e+00\n   1.42685334e+00  4.20290940e+00]]", "nfev": "259", "njev": "37", "status": "0", "success": "True", "message": "Optimization terminated successfully.", "x": "[6.5795482  4.8798822  2.60477575 1.94312498 3.89325257 5.33301805]", "nit": "32", "callback": [0.4783383807539391, 0.45257856876648683, 0.4078927191523605, 0.3374615125127155, 0.26615063686895024, 0.23141396148548476, 0.19236628730835514, 0.17473371131451487, 0.15151940493691163, 0.1444496501084087, 0.14136674993049392, 0.1388333107459201, 0.13758854337362003, 0.13696406603967226, 0.1368242486153739, 0.13678459607272586, 0.13672584261681742, 0.13661678767354402, 0.13641253551198773, 0.13603289633904736, 0.1353378548817199, 0.1340889314471001, 0.13309421949380007, 0.13276608355231545, 0.1325872764550169, 0.13248845288227062, 0.13243207252744704, 0.13241578361840867, 0.13241480429590125, 0.13241477357217124, 0.13241477186620532, 0.13241477169203741]}, "5": {"maxiter": 100, "gtol": 1e-10, "xrtol": 1e-05, "eps": 1e-10, "duration": 0.09639120101928711, "fun": "0.13241477165748017", "jac": "[ 0.00000000e+00  0.00000000e+00 -2.22044587e-06 -3.33066880e-06\n -1.11022293e-06 -2.22044587e-06]", "hess_inv": "[[  6.36389017  11.45047285 -12.35926513   2.56114209  -0.3483053\n    2.4074392 ]\n [ 11.45047285  64.34789297 -68.6173902    9.57722888  -2.75827124\n    1.56988177]\n [-12.35926513 -68.6173902   76.94842521 -12.18090186   3.56857839\n   -1.09122817]\n [  2.56114209   9.57722888 -12.18090186   8.09644882  -0.19437779\n    1.10870095]\n [ -0.3483053   -2.75827124   3.56857839  -0.19437779   3.11008714\n    1.64092139]\n [  2.4074392    1.56988177  -1.09122817   1.10870095   1.64092139\n    4.27211199]]", "nfev": "280", "njev": "40", "status": "0", "success": "True", "message": "Optimization terminated successfully.", "x": "[6.57956537 4.87991925 2.60474156 1.94313196 3.89325619 5.33302845]", "nit": "33", "callback": [0.47833922289111597, 0.45257822553058047, 0.40789108472014335, 0.3374579770388928, 0.2661460877652435, 0.23141247943611487, 0.1923629616435607, 0.1747318590834669, 0.15151804760957233, 0.14444913559827177, 0.14136655876002036, 0.13883337119550543, 0.1375884267877332, 0.13696380219073845, 0.13682407814794262, 0.13678450917499618, 0.13672578367995614, 0.13661677994990862, 0.1364125924371311, 0.13603311309727117, 0.1353382612799886, 0.13409011393210168, 0.13308999750339034, 0.13276435048556723, 0.1325863752102363, 0.1324883104050244, 0.1324318556694588, 0.1324157775003778, 0.1324148019780761, 0.13241477321853945, 0.13241477183623207, 0.132414771658925, 0.13241477165748017]}, "6": {"maxiter": 100, "gtol": 1e-10, "xrtol": 1e-10, "eps": 1e-05, "duration": 0.17411112785339355, "fun": "0.13241477169203741", "jac": "[ 1.94932959e-07 -8.05744360e-07 -7.25752791e-07  2.21667129e-07\n  8.31879010e-07 -1.29229960e-07]", "hess_inv": "[[  5.16540662   8.77968566  -9.39197856   2.1439062   -0.32232074\n    1.94027834]\n [  8.77968566  71.86746523 -75.52799057   8.06237542  -1.90814461\n   -0.39721979]\n [ -9.39197856 -75.52799057  83.38405359 -10.4891727    2.24259827\n    1.01598774]\n [  2.1439062    8.06237542 -10.4891727    7.6745152    0.13528036\n    1.0552776 ]\n [ -0.32232074  -1.90814461   2.24259827   0.13528036   3.42664012\n    1.46485071]\n [  1.94027834  -0.39721979   1.01598774   1.0552776    1.46485071\n    4.16865653]]", "nfev": "544", "njev": "76", "status": "2", "success": "False", "message": "Desired error not necessarily achieved due to precision loss.", "x": "[6.5795482  4.8798822  2.60477575 1.94312498 3.89325257 5.33301805]", "nit": "32", "callback": [0.4783383807539391, 0.45257856876648683, 0.4078927191523605, 0.3374615125127155, 0.26615063686895024, 0.23141396148548476, 0.19236628730835514, 0.17473371131451487, 0.15151940493691163, 0.1444496501084087, 0.14136674993049392, 0.1388333107459201, 0.13758854337362003, 0.13696406603967226, 0.1368242486153739, 0.13678459607272586, 0.13672584261681742, 0.13661678767354402, 0.13641253551198773, 0.13603289633904736, 0.1353378548817199, 0.1340889314471001, 0.13309421949380007, 0.13276608355231545, 0.1325872764550169, 0.13248845288227062, 0.13243207252744704, 0.13241578361840867, 0.13241480429590125, 0.13241477357217124, 0.13241477186620532, 0.13241477169203741]}, "7": {"maxiter": 100, "gtol": 1e-10, "xrtol": 1e-10, "eps": 1e-10, "duration": 0.11400604248046875, "fun": "0.1324147716574613", "jac": "[ 2.22044587e-06  0.00000000e+00 -1.11022293e-06 -2.22044587e-06\n  0.00000000e+00 -2.22044587e-06]", "hess_inv": "[[  80.79250165  178.14733298 -166.79046558   26.73290426  -22.34780623\n    55.3534728 ]\n [ 178.14733298  397.88570296 -369.45801324   58.85470455  -47.88247543\n   122.53572946]\n [-166.79046558 -369.45801324  345.18181758  -55.18806342   45.62046519\n  -114.17431013]\n [  26.73290426   58.85470455  -55.18806342   10.17181446   -8.73997145\n    16.96281187]\n [ -22.34780623  -47.88247543   45.62046519   -8.73997145    8.14439445\n   -14.14346237]\n [  55.3534728   122.53572946 -114.17431013   16.96281187  -14.14346237\n    39.75245142]]", "nfev": "350", "njev": "50", "status": "2", "success": "False", "message": "Desired error not necessarily achieved due to precision loss.", "x": "[6.5795652  4.87991882 2.60474192 1.94313196 3.89325629 5.33302831]", "nit": "35", "callback": [0.47833922289111597, 0.45257822553058047, 0.40789108472014335, 0.3374579770388928, 0.2661460877652435, 0.23141247943611487, 0.1923629616435607, 0.1747318590834669, 0.15151804760957233, 0.14444913559827177, 0.14136655876002036, 0.13883337119550543, 0.1375884267877332, 0.13696380219073845, 0.13682407814794262, 0.13678450917499618, 0.13672578367995614, 0.13661677994990862, 0.1364125924371311, 0.13603311309727117, 0.1353382612799886, 0.13409011393210168, 0.13308999750339034, 0.13276435048556723, 0.1325863752102363, 0.1324883104050244, 0.1324318556694588, 0.1324157775003778, 0.1324148019780761, 0.13241477321853945, 0.13241477183623207, 0.132414771658925, 0.13241477165748017, 0.1324147716574613, 0.1324147716574613]}, "8": {"maxiter": 500, "gtol": 1e-05, "xrtol": 1e-05, "eps": 1e-05, "duration": 0.09151887893676758, "fun": "0.13241477169203741", "jac": "[ 1.94932959e-07 -8.05744360e-07 -7.25752791e-07  2.21667129e-07\n  8.31879010e-07 -1.29229960e-07]", "hess_inv": "[[ 5.20163950e+00  8.60339151e+00 -9.27284069e+00  2.24525051e+00\n  -3.44574767e-01  1.97600200e+00]\n [ 8.60339151e+00  7.25654818e+01 -7.58022954e+01  7.48332026e+00\n  -2.00605771e+00 -5.83476547e-01]\n [-9.27284069e+00 -7.58022954e+01  8.31920880e+01 -9.99163964e+00\n   2.56355268e+00  1.15723036e+00]\n [ 2.24525051e+00  7.48332026e+00 -9.99163964e+00  7.91173032e+00\n  -3.79040349e-02  1.14850425e+00]\n [-3.44574767e-01 -2.00605771e+00  2.56355268e+00 -3.79040349e-02\n   3.17418572e+00  1.42685334e+00]\n [ 1.97600200e+00 -5.83476547e-01  1.15723036e+00  1.14850425e+00\n   1.42685334e+00  4.20290940e+00]]", "nfev": "259", "njev": "37", "status": "0", "success": "True", "message": "Optimization terminated successfully.", "x": "[6.5795482  4.8798822  2.60477575 1.94312498 3.89325257 5.33301805]", "nit": "32", "callback": [0.4783383807539391, 0.45257856876648683, 0.4078927191523605, 0.3374615125127155, 0.26615063686895024, 0.23141396148548476, 0.19236628730835514, 0.17473371131451487, 0.15151940493691163, 0.1444496501084087, 0.14136674993049392, 0.1388333107459201, 0.13758854337362003, 0.13696406603967226, 0.1368242486153739, 0.13678459607272586, 0.13672584261681742, 0.13661678767354402, 0.13641253551198773, 0.13603289633904736, 0.1353378548817199, 0.1340889314471001, 0.13309421949380007, 0.13276608355231545, 0.1325872764550169, 0.13248845288227062, 0.13243207252744704, 0.13241578361840867, 0.13241480429590125, 0.13241477357217124, 0.13241477186620532, 0.13241477169203741]}, "9": {"maxiter": 500, "gtol": 1e-05, "xrtol": 1e-05, "eps": 1e-10, "duration": 0.07739782333374023, "fun": "0.13241477183623207", "jac": "[-1.11022293e-06 -4.44089173e-06 -3.33066880e-06  0.00000000e+00\n  8.88178346e-06 -3.33066880e-06]", "hess_inv": "[[  5.57205009   9.86536664 -10.56658511   2.05855154   0.18672954\n    2.25688742]\n [  9.86536664  71.40807854 -74.15678976   7.56312248  -2.74327755\n    0.39382639]\n [-10.56658511 -74.15678976  81.12061039 -10.20259339   3.30763367\n    0.1068007 ]\n [  2.05855154   7.56312248 -10.20259339   7.91559523   0.24370186\n    1.04833019]\n [  0.18672954  -2.74327755   3.30763367   0.24370186   2.85834122\n    1.84017711]\n [  2.25688742   0.39382639   0.1068007    1.04833019   1.84017711\n    4.38512692]]", "nfev": "252", "njev": "36", "status": "0", "success": "True", "message": "Optimization terminated successfully.", "x": "[6.57953609 4.87981824 2.60483935 1.94312173 3.89327975 5.33302102]", "nit": "31", "callback": [0.47833922289111597, 0.45257822553058047, 0.40789108472014335, 0.3374579770388928, 0.2661460877652435, 0.23141247943611487, 0.1923629616435607, 0.1747318590834669, 0.15151804760957233, 0.14444913559827177, 0.14136655876002036, 0.13883337119550543, 0.1375884267877332, 0.13696380219073845, 0.13682407814794262, 0.13678450917499618, 0.13672578367995614, 0.13661677994990862, 0.1364125924371311, 0.13603311309727117, 0.1353382612799886, 0.13409011393210168, 0.13308999750339034, 0.13276435048556723, 0.1325863752102363, 0.1324883104050244, 0.1324318556694588, 0.1324157775003