{"date": "2024/10/08/, 17:16:35", "conf_id": 15, "data_type": "random\n", "num_data_points": 1, "s_rank": 0, "unitary": "[[-0.45070455-0.02711853j,0.78437395-0.06613086j,0.06358678+0.19963393j,-0.07343613+0.35668523j],[-0.01890143-0.03813363j,0.32408202+0.25557629j,0.05872864-0.68979805j,0.55466693-0.20227297j],[-0.11215405+0.64023111j,-0.13344055+0.29565494j,-0.49012687-0.19046288j,-0.04241254+0.44046348j],[0.55771659+0.24656916j,0.31851997-0.05798805j,0.28761525-0.34294258j,-0.56718418+0.03616933j]]", "databatch_0": {"databatch": "[[[0.04825078-0.04281163j,-0.22970037+0.12409915j,0.28065501-0.24073082j,-0.0622342+0.24174145j],[-0.01314943+0.20267982j,0.01947458-0.11997878j,0.01982135-0.02196487j,-0.14900793+0.04154397j],[0.0443335+0.0269559j,-0.33889203-0.16919102j,-0.04412654+0.20506365j,-0.29372605-0.01268455j],[-0.00935639-0.18411391j,0.4502821-0.09271809j,0.21673413-0.1612324j,-0.22621694+0.04165805j]]]", "initial param values": "[6.17269942,4.89618169,4.68649657,0.14845549,2.34255497,2.11685398]", "nelder_mead": {"type": "gradient-free", "0": {"maxiter": 100, "fatol": 1e-05, "xatol": 1e-05, "duration": 0.06336092948913574, "fun": "0.5264865038514619", "nit": "100", "nfev": "148", "status": "2", "success": "False", "message": "Maximum number of iterations has been exceeded.", "x": "[ 7.11712917  1.87784734  6.98808432  0.17442332 -0.9963542   3.33595026]", "final_simplex": "(array([[ 7.11712917,  1.87784734,  6.98808432,  0.17442332, -0.9963542 ,\n         3.33595026],\n       [ 6.88122873,  1.84291931,  6.81034236,  0.17103788, -1.13857511,\n         3.49471872],\n       [ 6.81555556,  1.94536897,  6.79600144,  0.17445854, -0.94200039,\n         3.62371175],\n       [ 7.23640107,  1.9003454 ,  6.75999077,  0.17145523, -0.65723656,\n         3.07298933],\n       [ 6.83757444,  1.94130719,  6.75111226,  0.17133045, -0.85901725,\n         3.31996355],\n       [ 6.94421328,  1.76754949,  6.81333972,  0.17336347, -0.59462936,\n         3.14350619],\n       [ 7.33080114,  2.10029413,  6.62797725,  0.17712054, -0.73209774,\n         2.95322874]]), array([0.5264865 , 0.52897956, 0.53433034, 0.53443697, 0.54039698,\n       0.54097766, 0.54282492]))", "callback": [0.9174510267304407, 0.8341145315761659, 0.7287880916264097, 0.6303917213301887, 0.5977092468521861, 0.5849582571172469, 0.5740951694904584, 0.5732185801666067, 0.56503276299619, 0.5536718889388421]}, "1": {"maxiter": 100, "fatol": 1e-05, "xatol": 1e-10, "duration": 0.05418705940246582, "fun": "0.5264865038514619", "nit": "100", "nfev": "148", "status": "2", "success": "False", "message": "Maximum number of iterations has been exceeded.", "x": "[ 7.11712917  1.87784734  6.98808432  0.17442332 -0.9963542   3.33595026]", "final_simplex": "(array([[ 7.11712917,  1.87784734,  6.98808432,  0.17442332, -0.9963542 ,\n         3.33595026],\n       [ 6.88122873,  1.84291931,  6.81034236,  0.17103788, -1.13857511,\n         3.49471872],\n       [ 6.81555556,  1.94536897,  6.79600144,  0.17445854, -0.94200039,\n         3.62371175],\n       [ 7.23640107,  1.9003454 ,  6.75999077,  0.17145523, -0.65723656,\n         3.07298933],\n       [ 6.83757444,  1.94130719,  6.75111226,  0.17133045, -0.85901725,\n         3.31996355],\n       [ 6.94421328,  1.76754949,  6.81333972,  0.17336347, -0.59462936,\n         3.14350619],\n       [ 7.33080114,  2.10029413,  6.62797725,  0.17712054, -0.73209774,\n         2.95322874]]), array([0.5264865 , 0.52897956, 0.53433034, 0.53443697, 0.54039698,\n       0.54097766, 0.54282492]))", "callback": [0.9174510267304407, 0.8341145315761659, 0.7287880916264097, 0.6303917213301887, 0.5977092468521861, 0.5849582571172469, 0.5740951694904584, 0.5732185801666067, 0.56503276299619, 0.5536718889388421]}, "2": {"maxiter": 100, "fatol": 1e-10, "xatol": 1e-05, "duration": 0.05682516098022461, "fun": "0.5264865038514619", "nit": "100", "nfev": "148", "status": "2", "success": "False", "message": "Maximum number of iterations has been exceeded.", "x": "[ 7.11712917  1.87784734  6.98808432  0.17442332 -0.9963542   3.33595026]", "final_simplex": "(array([[ 7.11712917,  1.87784734,  6.98808432,  0.17442332, -0.9963542 ,\n         3.33595026],\n       [ 6.88122873,  1.84291931,  6.81034236,  0.17103788, -1.13857511,\n         3.49471872],\n       [ 6.81555556,  1.94536897,  6.79600144,  0.17445854, -0.94200039,\n         3.62371175],\n       [ 7.23640107,  1.9003454 ,  6.75999077,  0.17145523, -0.65723656,\n         3.07298933],\n       [ 6.83757444,  1.94130719,  6.75111226,  0.17133045, -0.85901725,\n         3.31996355],\n       [ 6.94421328,  1.76754949,  6.81333972,  0.17336347, -0.59462936,\n         3.14350619],\n       [ 7.33080114,  2.10029413,  6.62797725,  0.17712054, -0.73209774,\n         2.95322874]]), array([0.5264865 , 0.52897956, 0.53433034, 0.53443697, 0.54039698,\n       0.54097766, 0.54282492]))", "callback": [0.9174510267304407, 0.8341145315761659, 0.7287880916264097, 0.6303917213301887, 0.5977092468521861, 0.5849582571172469, 0.5740951694904584, 0.5732185801666067, 0.56503276299619, 0.5536718889388421]}, "3": {"maxiter": 100, "fatol": 1e-10, "xatol": 1e-10, "duration": 0.047866106033325195, "fun": "0.5264865038514619", "nit": "100", "nfev": "148", "status": "2", "success": "False", "message": "Maximum number of iterations has been exceeded.", "x": "[ 7.11712917  1.87784734  6.98808432  0.17442332 -0.9963542   3.33595026]", "final_simplex": "(array([[ 7.11712917,  1.87784734,  6.98808432,  0.17442332, -0.9963542 ,\n         3.33595026],\n       [ 6.88122873,  1.84291931,  6.81034236,  0.17103788, -1.13857511,\n         3.49471872],\n       [ 6.81555556,  1.94536897,  6.79600144,  0.17445854, -0.94200039,\n         3.62371175],\n       [ 7.23640107,  1.9003454 ,  6.75999077,  0.17145523, -0.65723656,\n         3.07298933],\n       [ 6.83757444,  1.94130719,  6.75111226,  0.17133045, -0.85901725,\n         3.31996355],\n       [ 6.94421328,  1.76754949,  6.81333972,  0.17336347, -0.59462936,\n         3.14350619],\n       [ 7.33080114,  2.10029413,  6.62797725,  0.17712054, -0.73209774,\n         2.95322874]]), array([0.5264865 , 0.52897956, 0.53433034, 0.53443697, 0.54039698,\n       0.54097766, 0.54282492]))", "callback": [0.9174510267304407, 0.8341145315761659, 0.7287880916264097, 0.6303917213301887, 0.5977092468521861, 0.5849582571172469, 0.5740951694904584, 0.5732185801666067, 0.56503276299619, 0.5536718889388421]}, "4": {"maxiter": 500, "fatol": 1e-05, "xatol": 1e-05, "duration": 0.23065495491027832, "fun": "0.2282119208074982", "nit": "417", "nfev": "647", "status": "0", "success": "True", "message": "Optimization terminated successfully.", "x": "[ 7.50762676  1.50366218  7.37116629  1.50597006 -1.86920373  4.16378644]", "final_simplex": "(array([[ 7.50762676,  1.50366218,  7.37116629,  1.50597006, -1.86920373,\n         4.16378644],\n       [ 7.50762385,  1.50366292,  7.37116915,  1.5059706 , -1.86919596,\n         4.16378336],\n       [ 7.50762097,  1.50366375,  7.37116853,  1.50597302, -1.86919801,\n         4.16378728],\n       [ 7.50762386,  1.50365692,  7.37116852,  1.50596763, -1.86920064,\n         4.16379122],\n       [ 7.50762632,  1.50365956,  7.37116905,  1.5059732 , -1.86920028,\n         4.1637857 ],\n       [ 7.50762407,  1.50366753,  7.37116046,  1.5059709 , -1.86919555,\n         4.16378687],\n       [ 7.507624  ,  1.50366834,  7.37116565,  1.50597522, -1.8691974 ,\n         4.16378845]]), array([0.22821192, 0.22821192, 0.22821192, 0.22821192, 0.22821192,\n       0.22821192, 0.22821192]))", "callback": [0.9174510267304407, 0.8341145315761659, 0.7287880916264097, 0.6303917213301887, 0.5977092468521861, 0.5849582571172469, 0.5740951694904584, 0.5732185801666067, 0.56503276299619, 0.5536718889388421, 0.5249932455017774, 0.5084503300489409, 0.5028131122121527, 0.49305007970403114, 0.4893743653903816, 0.4886355876134202, 0.48810001857765994, 0.4866762398283456, 0.4830756846510317, 0.4731798320360334, 0.4628833965804874, 0.436907563597258, 0.4040914745871408, 0.3565265540058399, 0.24214049368332757, 0.24214049368332757, 0.23316648480548197, 0.2296328492750137, 0.2286630980388059, 0.22830166123692064, 0.22824876813676476, 0.2282264950625834, 0.22821513118322723, 0.2282129523030385, 0.2282121185549323, 0.22821195850197407, 0.2282119323909918, 0.22821192393332168, 0.22821192127398648, 0.22821192094539766, 0.22821192084553843, 0.22821192081124808]}, "5": {"maxiter": 500, "fatol": 1e-05, "xatol": 1e-10, "duration": 0.28014683723449707, "fun": "0.22821192080313146", "nit": "500", "nfev": "783", "status": "2", "success": "False", "message": "Maximum number of iterations has been exceeded.", "x": "[ 7.50762342  1.50366448  7.37116769  1.50596822 -1.86920087  4.16378645]", "final_simplex": "(array([[ 7.50762342,  1.50366448,  7.37116769,  1.50596822, -1.86920087,\n         4.16378645],\n       [ 7.50762341,  1.50366446,  7.37116773,  1.50596819, -1.86920089,\n         4.16378645],\n       [ 7.5076234 ,  1.50366448,  7.37116771,  1.50596821, -1.86920088,\n         4.16378643],\n       [ 7.50762341,  1.50366449,  7.37116766,  1.5059682 , -1.86920092,\n         4.16378648],\n       [ 7.50762339,  1.50366445,  7.37116769,  1.50596818, -1.86920091,\n         4.16378644],\n       [ 7.5076234 ,  1.50366446,  7.3711677 ,  1.50596821, -1.86920087,\n         4.16378647],\n       [ 7.50762341,  1.50366446,  7.37116772,  1.50596822, -1.8692009 ,\n         4.16378645]]), array([0.22821192, 0.22821192, 0.22821192, 0.22821192, 0.22821192,\n       0.22821192, 0.22821192]))", "callback": [0.9174510267304407, 0.8341145315761659, 0.7287880916264097, 0.6303917213301887, 0.5977092468521861, 0.5849582571172469, 0.5740951694904584, 0.5732185801666067, 0.56503276299619, 0.5536718889388421, 0.5249932455017774, 0.5084503300489409, 0.5028131122121527, 0.49305007970403114, 0.4893743653903816, 0.4886355876134202, 0.48810001857765994, 0.4866762398283456, 0.4830756846510317, 0.4731798320360334, 0.4628833965804874, 0.436907563597258, 0.4040914745871408, 0.3565265540058399, 0.24214049368332757, 0.24214049368332757, 0.23316648480548197, 0.2296328492750137, 0.2286630980388059, 0.22830166123692064, 0.22824876813676476, 0.2282264950625834, 0.22821513118322723, 0.2282129523030385, 0.2282121185549323, 0.22821195850197407, 0.2282119323909918, 0.22821192393332168, 0.22821192127398648, 0.22821192094539766, 0.22821192084553843, 0.22821192081124808, 0.2282119208055814, 0.2282119208039638, 0.2282119208034613, 0.22821192080321484, 0.22821192080316355, 0.22821192080313657, 0.2282119208031348, 0.22821192080313213]}, "6": {"maxiter": 500, "fatol": 1e-10, "xatol": 1e-05, "duration": 0.25171875953674316, "fun": "0.2282119208074982", "nit": "417", "nfev": "647", "status": "0", "success": "True", "message": "Optimization terminated successfully.", "x": "[ 7.50762676  1.50366218  7.37116629  1.50597006 -1.86920373  4.16378644]", "final_simplex": "(array([[ 7.50762676,  1.50366218,  7.37116629,  1.50597006, -1.86920373,\n         4.16378644],\n       [ 7.50762385,  1.50366292,  7.37116915,  1.5059706 , -1.86919596,\n         4.16378336],\n       [ 7.50762097,  1.50366375,  7.37116853,  1.50597302, -1.86919801,\n         4.16378728],\n       [ 7.50762386,  1.50365692,  7.37116852,  1.50596763, -1.86920064,\n         4.16379122],\n       [ 7.50762632,  1.50365956,  7.37116905,  1.5059732 , -1.86920028,\n         4.1637857 ],\n       [ 7.50762407,  1.50366753,  7.37116046,  1.5059709 , -1.86919555,\n         4.16378687],\n       [ 7.507624  ,  1.50366834,  7.37116565,  1.50597522, -1.8691974 ,\n         4.16378845]]), array([0.22821192, 0.22821192, 0.22821192, 0.22821192, 0.22821192,\n       0.22821192, 0.22821192]))", "callback": [0.9174510267304407, 0.8341145315761659, 0.7287880916264097, 0.6303917213301887, 0.5977092468521861, 0.5849582571172469, 0.5740951694904584, 0.5732185801666067, 0.56503276299619, 0.5536718889388421, 0.5249932455017774, 0.5084503300489409, 0.5028131122121527, 0.49305007970403114, 0.4893743653903816, 0.4886355876134202, 0.48810001857765994, 0.4866762398283456, 0.4830756846510317, 0.4731798320360334, 0.4628833965804874, 0.436907563597258, 0.4040914745871408, 0.3565265540058399, 0.24214049368332757, 0.24214049368332757, 0.23316648480548197, 0.2296328492750137, 0.2286630980388059, 0.22830166123692064, 0.22824876813676476, 0.2282264950625834, 0.22821513118322723, 0.2282129523030385, 0.2282121185549323, 0.22821195850197407, 0.2282119323909918, 0.22821192393332168, 0.22821192127398648, 0.22821192094539766, 0.22821192084553843, 0.22821192081124808]}, "7": {"maxiter": 500, "fatol": 1e-10, "xatol": 1e-10, "duration": 0.2944910526275635, "fun": "0.22821192080313146", "nit": "500", "nfev": "783", "status": "2", "success": "False", "message": "Maximum number of iterations has been exceeded.", "x": "[ 7.50762342  1.50366448  7.37116769  1.50596822 -1.86920087  4.16378645]", "final_simplex": "(array([[ 7.50762342,  1.50366448,  7.37116769,  1.50596822, -1.86920087,\n         4.16378645],\n       [ 7.50762341,  1.50366446,  7.37116773,  1.50596819, -1.86920089,\n         4.16378645],\n       [ 7.5076234 ,  1.50366448,  7.37116771,  1.50596821, -1.86920088,\n         4.16378643],\n       [ 7.50762341,  1.50366449,  7.37116766,  1.5059682 , -1.86920092,\n         4.16378648],\n       [ 7.50762339,  1.50366445,  7.37116769,  1.50596818, -1.86920091,\n         4.16378644],\n       [ 7.5076234 ,  1.50366446,  7.3711677 ,  1.50596821, -1.86920087,\n         4.16378647],\n       [ 7.50762341,  1.50366446,  7.37116772,  1.50596822, -1.8692009 ,\n         4.16378645]]), array([0.22821192, 0.22821192, 0.22821192, 0.22821192, 0.22821192,\n       0.22821192, 0.22821192]))", "callback": [0.9174510267304407, 0.8341145315761659, 0.7287880916264097, 0.6303917213301887, 0.5977092468521861, 0.5849582571172469, 0.5740951694904584, 0.5732185801666067, 0.56503276299619, 0.5536718889388421, 0.5249932455017774, 0.5084503300489409, 0.5028131122121527, 0.49305007970403114, 0.4893743653903816, 0.4886355876134202, 0.48810001857765994, 0.4866762398283456, 0.4830756846510317, 0.4731798320360334, 0.4628833965804874, 0.436907563597258, 0.4040914745871408, 0.3565265540058399, 0.24214049368332757, 0.24214049368332757, 0.23316648480548197, 0.2296328492750137, 0.2286630980388059, 0.22830166123692064, 0.22824876813676476, 0.2282264950625834, 0.22821513118322723, 0.2282129523030385, 0.2282121185549323, 0.22821195850197407, 0.2282119323909918, 0.22821192393332168, 0.22821192127398648, 0.22821192094539766, 0.22821192084553843, 0.22821192081124808, 0.2282119208055814, 0.2282119208039638, 0.2282119208034613, 0.22821192080321484, 0.22821192080316355, 0.22821192080313657, 0.2282119208031348, 0.22821192080313213]}, "8": {"maxiter": 1000, "fatol": 1e-05, "xatol": 1e-05, "duration": 0.2309858798980713, "fun": "0.2282119208074982", "nit": "417", "nfev": "647", "status": "0", "success": "True", "message": "Optimization terminated successfully.", "x": "[ 7.50762676  1.50366218  7.37116629  1.50597006 -1.86920373  4.16378644]", "final_simplex": "(array([[ 7.50762676,  1.50366218,  7.37116629,  1.50597006, -1.86920373,\n         4.16378644],\n       [ 7.50762385,  1.50366292,  7.37116915,  1.5059706 , -1.86919596,\n         4.16378336],\n       [ 7.50762097,  1.50366375,  7.37116853,  1.50597302, -1.86919801,\n         4.16378728],\n       [ 7.50762386,  1.50365692,  7.37116852,  1.50596763, -1.86920064,\n         4.16379122],\n       [ 7.50762632,  1.50365956,  7.37116905,  1.5059732 , -1.86920028,\n         4.1637857 ],\n       [ 7.50762407,  1.50366753,  7.37116046,  1.5059709 , -1.86919555,\n         4.16378687],\n       [ 7.507624  ,  1.50366834,  7.37116565,  1.50597522, -1.8691974 ,\n         4.16378845]]), array([0.22821192, 0.22821192, 0.22821192, 0.22821192, 0.22821192,\n       0.22821192, 0.22821192]))", "callback": [0.9174510267304407, 0.8341145315761659, 0.7287880916264097, 0.6303917213301887, 0.5977092468521861, 0.5849582571172469, 0.5740951694904584, 0.5732185801666067, 0.56503276299619, 0.5536718889388421, 0.5249932455017774, 0.5084503300489409, 0.5028131122121527, 0.49305007970403114, 0.4893743653903816, 0.4886355876134202, 0.48810001857765994, 0.4866762398283456, 0.4830756846510317, 0.4731798320360334, 0.4628833965804874, 0.436907563597258, 0.4040914745871408, 0.3565265540058399, 0.24214049368332757, 0.24214049368332757, 0.23316648480548197, 0.2296328492750137, 0.2286630980388059, 0.22830166123692064, 0.22824876813676476, 0.2282264950625834, 0.22821513118322723, 0.2282129523030385, 0.2282121185549323, 0.22821195850197407, 0.2282119323909918, 0.22821192393332168, 0.22821192127398648, 0.22821192094539766, 0.22821192084553843, 0.22821192081124808]}, "9": {"maxiter": 1000, "fatol": 1e-05, "xatol": 1e-10, "duration": 0.35361504554748535, "fun": "0.22821192080313135", "nit": "537", "nfev": "889", "status": "0", "success": "True", "message": "Optimization terminated successfully.", "x": "[ 7.50762342  1.50366449  7.37116769  1.5059682  -1.86920089  4.16378644]", "final_simplex": "(array([[ 7.50762342,  1.50366449,  7.37116769,  1.5059682 , -1.86920089,\n         4.16378644],\n       [ 7.50762342,  1.50366449,  7.37116769,  1.5059682 , -1.86920089,\n         4.16378644],\n       [ 7.50762342,  1.50366449,  7.37116769,  1.5059682 , -1.86920089,\n         4.16378644],\n       [ 7.50762342,  1.50366449,  7.37116769,  1.5059682 , -1.86920089,\n         4.16378644],\n       [ 7.50762342,  1.50366449,  7.37116769,  1.5059682 , -1.86920089,\n         4.16378644],\n       [ 7.50762342,  1.50366449,  7.37116769,  1.5059682 , -1.86920089,\n         4.16378644],\n       [ 7.50762342,  1.50366449,  7.37116769,  1.5059682 , -1.86920089,\n         4.16378644]]), array([0.22821192, 0.22821192, 0.22821192, 0.22821192, 0.22821192,\n       0.22821192, 0.22821192]))", "callback": [0.9174510267304407, 0.8341145315761659, 0.7287880916264097, 0.6303917213301887, 0.5977092468521861, 0.5849582571172469, 0.5740951694904584, 0.5732185801666067, 0.56503276299619, 0.5536718889388421, 0.5249932455017774, 0.5084503300489409, 0.5028131122121527, 0.49305007970403114, 0.4893743653903816, 0.4886355876134202, 0.48810001857765994, 0.4866762398283456, 0.4830756846510317, 0.4731798320360334, 0.4628833965804874, 0.436907563597258, 0.4040914745871408, 0.3565265540058399, 0.24214049368332757, 0.24214049368332757, 0.23316648480548197, 0.2296328492750137, 0.2286630980388059, 0.22830166123692064, 0.22824876813676476, 0.2282264950625834, 0.22821513118322723, 0.2282129523030385, 0.2282121185549323, 0.22821195850197407, 0.2282119323909918, 0.22821192393332168, 0.22821192127398648, 0.22821192094539766, 0.22821192084553843, 0.22821192081124808, 0.2282119208055814, 0.2282119208039638, 0.2282119208034613, 0.22821192080321484, 0.22821192080316355, 0.22821192080313657, 0.2282119208031348, 0.22821192080313213, 0.22821192080313146, 0.22821192080313135, 0.22821192080313135, 0.22821192080313135]}, "10": {"maxiter": 1000, "fatol": 1e-10, "xatol": 1e-05, "duration": 0.22100210189819336, "fun": "0.2282119208074982", "nit": "417", "nfev": "647", "status": "0", "success": "True", "message": "Optimization terminated successfully.", "x": "[ 7.50762676  1.50366218  7.37116629  1.50597006 -1.86920373  4.16378644]", "final_simplex": "(array([[ 7.50762676,  1.50366218,  7.37116629,  1.50597006, -1.86920373,\n         4.16378644],\n       [ 7.50762385,  1.50366292,  7.37116915,  1.5059706 , -1.86919596,\n         4.16378336],\n       [ 7.50762097,  1.50366375,  7.37116853,  1.50597302, -1.86919801,\n         4.16378728],\n       [ 7.50762386,  1.50365692,  7.37116852,  1.50596763, -1.86920064,\n         4.16379122],\n       [ 7.50762632,  1.50365956,  7.37116905,  1.5059732 , -1.86920028,\n         4.1637857 ],\n       [ 7.50762407,  1.50366753,  7.37116046,  1.5059709 , -1.86919555,\n         4.16378687],\n       [ 7.507624  ,  1.50366834,  7.37116565,  1.50597522, -1.8691974 ,\n         4.16378845]]), array([0.22821192, 0.22821192, 0.22821192, 0.22821192, 0.22821192,\n       0.22821192, 0.22821192]))", "callback": [0.9174510267304407, 0.8341145315761659, 0.7287880916264097, 0.6303917213301887, 0.5977092468521861, 0.5849582571172469, 0.5740951694904584, 0.5732185801666067, 0.56503276299619, 0.5536718889388421, 0.5249932455017774, 0.5084503300489409, 0.5028131122121527, 0.49305007970403114, 0.4893743653903816, 0.4886355876134202, 0.48810001857765994, 0.4866762398283456, 0.4830756846510317, 0.4731798320360334, 0.4628833965804874, 0.436907563597258, 0.4040914745871408, 0.3565265540058399, 0.24214049368332757, 0.24214049368332757, 0.23316648480548197, 0.2296328492750137, 0.2286630980388059, 0.22830166123692064, 0.22824876813676476, 0.2282264950625834, 0.22821513118322723, 0.2282129523030385, 0.2282121185549323, 0.22821195850197407, 0.2282119323909918, 0.22821192393332168, 0.22821192127398648, 0.22821192094539766, 0.22821192084553843, 0.22821192081124808]}, "11": {"maxiter": 1000, "fatol": 1e-10, "xatol": 1e-10, "duration": 0.3259756565093994, "fun": "0.22821192080313135", "nit": "537", "nfev": "889", "status": "0", "success": "True", "message": "Optimization terminated successfully.", "x": "[ 7.50762342  1.50366449  7.37116769  1.5059682  -1.86920089  4.16378644]", "final_simplex": "(array([[ 7.50762342,  1.50366449,  7.37116769,  1.5059682 , -1.86920089,\n         4.16378644],\n       [ 7.50762342,  1.50366449,  7.37116769,  1.5059682 , -1.86920089,\n         4.16378644],\n       [ 7.50762342,  1.50366449,  7.37116769,  1.5059682 , -1.86920089,\n         4.16378644],\n       [ 7.50762342,  1.50366449,  7.37116769,  1.5059682 , -1.86920089,\n         4.16378644],\n       [ 7.50762342,  1.50366449,  7.37116769,  1.5059682 , -1.86920089,\n         4.16378644],\n       [ 7.50762342,  1.50366449,  7.37116769,  1.5059682 , -1.86920089,\n         4.16378644],\n       [ 7.50762342,  1.50366449,  7.37116769,  1.5059682 , -1.86920089,\n         4.16378644]]), array([0.22821192, 0.22821192, 0.22821192, 0.22821192, 0.22821192,\n       0.22821192, 0.22821192]))", "callback": [0.9174510267304407, 0.8341145315761659, 0.7287880916264097, 0.6303917213301887, 0.5977092468521861, 0.5849582571172469, 0.5740951694904584, 0.5732185801666067, 0.56503276299619, 0.5536718889388421, 0.5249932455017774, 0.5084503300489409, 0.5028131122121527, 0.49305007970403114, 0.4893743653903816, 0.4886355876134202, 0.48810001857765994, 0.4866762398283456, 0.4830756846510317, 0.4731798320360334, 0.4628833965804874, 0.436907563597258, 0.4040914745871408, 0.3565265540058399, 0.24214049368332757, 0.24214049368332757, 0.23316648480548197, 0.2296328492750137, 0.2286630980388059, 0.22830166123692064, 0.22824876813676476, 0.2282264950625834, 0.22821513118322723, 0.2282129523030385, 0.2282121185549323, 0.22821195850197407, 0.2282119323909918, 0.22821192393332168, 0.22821192127398648, 0.22821192094539766, 0.22821192084553843, 0.22821192081124808, 0.2282119208055814, 0.2282119208039638, 0.2282119208034613, 0.22821192080321484, 0.22821192080316355, 0.22821192080313657, 0.2282119208031348, 0.22821192080313213, 0.22821192080313146, 0.22821192080313135, 0.22821192080313135, 0.22821192080313135]}}, "bfgs": {"type": "gradient", "0": {"maxiter": 100, "gtol": 1e-05, "xrtol": 1e-05, "eps": 1e-05, "duration": 0.05302000045776367, "fun": "0.22821192146996638", "jac": "[-1.10904397e-05 -2.94706481e-06  3.58976182e-06  1.14292797e-05\n -4.66365835e-06 -1.00497832e-05]", "hess_inv": "[[ 2.60600144 -0.83665887  1.14966941  0.64948003  0.47356446 -0.11631312]\n [-0.83665887  4.33272531 -1.77538876  0.10291075  0.23130895 -1.27397134]\n [ 1.14966941 -1.77538876  4.87244553 -1.04664131  1.1102373  -0.97899396]\n [ 0.64948003  0.10291075 -1.04664131  2.63560909  0.01855349  0.87141263]\n [ 0.47356446  0.23130895  1.1102373   0.01855349  3.37285376 -0.88665651]\n [-0.11631312 -1.27397134 -0.97899396  0.87141263 -0.88665651  3.02801567]]", "nfev": "154", "njev": "22", "status": "0", "success": "True", "message": "Optimization terminated successfully.", "x": "[ 5.05870268  4.64526106  4.22958255 -1.50595288  1.27236663  1.02215503]", "nit": "17", "callback": [0.4181743023231691, 0.3966790262992088, 0.3553582045451582, 0.28459899177125547, 0.2371391017345632, 0.23183998045364929, 0.23040697931756127, 0.22853787166255513, 0.22825826031073004, 0.22822288158889048, 0.2282137605459852, 0.22821323071332456, 0.22821245453138794, 0.2282120227715223, 0.22821193848891086, 0.22821192329289142, 0.22821192146996638]}, "1": {"maxiter": 100, "gtol": 1e-05, "xrtol": 1e-05, "eps": 1e-10, "duration": 0.05592918395996094, "fun": "0.22821192139275415", "jac": "[-1.11022293e-05  1.11022293e-06  7.77156053e-06  1.22124523e-05\n  1.11022293e-06 -9.99200639e-06]", "hess_inv": "[[ 2.55845543 -0.85315593  1.0930461   0.6027373   0.41398003 -0.10268979]\n [-0.85315593  4.32366265 -1.74290313  0.08180826  0.2885735  -1.31152411]\n [ 1.0930461  -1.74290313  4.82280963 -1.07717581  1.11897721 -0.98046345]\n [ 0.6027373   0.08180826 -1.07717581  2.57992883  0.01964132  0.86807791]\n [ 0.41398003  0.2885735   1.11897721  0.01964132  3.51142536 -0.97042771]\n [-0.10268979 -1.31152411 -0.98046345  0.86807791 -0.97042771  3.0458339 ]]", "nfev": "154", "njev": "22", "status": "0", "success": "True", "message": "Optimization terminated successfully.", "x": "[ 5.05871507  4.6452599   4.22959514 -1.50594648  1.27238711  1.02215176]", "nit": "17", "callback": [0.4181748030120118, 0.39667834975347127, 0.3553556831236744, 0.284594413138345, 0.23713527829546555, 0.23183998973231157, 0.23040678937394266, 0.22853762540529832, 0.22825827785341446, 0.22822289118490224, 0.22821376139104377, 0.22821323288697293, 0.22821245864194395, 0.228212022512302, 0.22821193917293014, 0.22821192296335113, 0.22821192139275415]}, "2": {"maxiter": 100, "gtol": 1e-05, "xrtol": 1e-10, "eps": 1e-05, "duration": 0.06003975868225098, "fun": "0.22821192089353481", "jac": "[-3.86649601e-06 -7.79798448e-07  1.00059960e-06  1.26028077e-06\n  1.54479762e-06 -2.63187250e-06]", "hess_inv": "[[ 2.72897724 -0.78037276  1.15960461  0.2855009   1.00282565 -0.01847664]\n [-0.78037276  4.29432477 -1.79543352  0.16695809  0.10084598 -1.21591854]\n [ 1.15960461 -1.79543352  4.8638226  -0.98764778  1.01014649 -0.96600254]\n [ 0.2855009   0.16695809 -0.98764778  2.88383382 -0.20819546  0.53412857]\n [ 1.00282565  0.10084598  1.01014649 -0.20819546  3.48571675 -0.3884899 ]\n [-0.01847664 -1.21591854 -0.96600254  0.53412857 -0.3884899   3.10310622]]", "nfev": "161", "njev": "23", "status": "0", "success": "True", "message": "Optimization terminated successfully.", "x": "[ 5.05872771  4.64525785  4.22957895 -1.50597424  1.27238915  1.02217798]", "nit": "18", "callback": [0.4181743023231691, 0.3966790262992088, 0.3553582045451582, 0.28459899177125547, 0.2371391017345632, 0.23183998045364929, 0.23040697931756127, 0.22853787166255513, 0.22825826031073004, 0.22822288158889048, 0.2282137605459852, 0.22821323071332456, 0.22821245453138794, 0.2282120227715223, 0.22821193848891086, 0.22821192329289142, 0.22821192146996638, 0.22821192089353481]}, "3": {"maxiter": 100, "gtol": 1e-05, "xrtol": 1e-10, "eps": 1e-10, "duration": 0.06314802169799805, "fun": "0.22821192088279973", "jac": "[-5.55111466e-06 -6.66133760e-06 -2.22044587e-06  0.00000000e+00\n  0.00000000e+00 -6.66133760e-06]", "hess_inv": "[[ 2.72771613 -0.86032403  1.04033392  0.36722955  0.74504831  0.08567178]\n [-0.86032403  4.15100697 -1.94802196  0.1960618  -0.21856819 -1.13665254]\n [ 1.04033392 -1.94802196  4.59064386 -0.87881722  0.42469862 -0.8199172 ]\n [ 0.36722955  0.1960618  -0.87881722  2.84474004 -0.14369329  0.49575104]\n [ 0.74504831 -0.21856819  0.42469862 -0.14369329  2.75305469 -0.08068232]\n [ 0.08567178 -1.13665254 -0.8199172   0.49575104 -0.08068232  3.06214849]]", "nfev": "161", "njev": "23", "status": "0", "success": "True", "message": "Optimization terminated successfully.", "x": "[ 5.05873376  4.64524737  4.22957524 -1.50596542  1.27239022  1.02218498]", "nit": "18", "callback": [0.4181748030120118, 0.39667834975347127, 0.3553556831236744, 0.284594413138345, 0.23713527829546555, 0.23183998973231157, 0.23040678937394266, 0.22853762540529832, 0.22825827785341446, 0.22822289118490224, 0.22821376139104377, 0.22821323288697293, 0.22821245864194395, 0.228212022512302, 0.22821193917293014, 0.22821192296335113, 0.22821192139275415, 0.22821192088279973]}, "4": {"maxiter": 100, "gtol": 1e-10, "xrtol": 1e-05, "eps": 1e-05, "duration": 0.05586719512939453, "fun": "0.22821192146996638", "jac": "[-1.10904397e-05 -2.94706481e-06  3.58976182e-06  1.14292797e-05\n -4.66365835e-06 -1.00497832e-05]", "hess_inv": "[[ 2.60600144 -0.83665887  1.14966941  0.64948003  0.47356446 -0.11631312]\n [-0.83665887  4.33272531 -1.77538876  0.10291075  0.23130895 -1.27397134]\n [ 1.14966941 -1.77538876  4.87244553 -1.04664131  1.1102373  -0.97899396]\n [ 0.64948003  0.10291075 -1.04664131  2.63560909  0.01855349  0.87141263]\n [ 0.47356446  0.23130895  1.1102373   0.01855349  3.37285376 -0.88665651]\n [-0.11631312 -1.27397134 -0.97899396  0.87141263 -0.88665651  3.02801567]]", "nfev": "154", "njev": "22", "status": "0", "success": "True", "message": "Optimization terminated successfully.", "x": "[ 5.05870268  4.64526106  4.22958255 -1.50595288  1.27236663  1.02215503]", "nit": "17", "callback": [0.4181743023231691, 0.3966790262992088, 0.3553582045451582, 0.28459899177125547, 0.2371391017345632, 0.23183998045364929, 0.23040697931756127, 0.22853787166255513, 0.22825826031073004, 0.22822288158889048, 0.2282137605459852, 0.22821323071332456, 0.22821245453138794, 0.2282120227715223, 0.22821193848891086, 0.22821192329289142, 0.22821192146996638]}, "5": {"maxiter": 100, "gtol": 1e-10, "xrtol": 1e-05, "eps": 1e-10, "duration": 0.04892706871032715, "fun": "0.22821192139275415", "jac": "[-1.11022293e-05  1.11022293e-06  7.77156053e-06  1.22124523e-05\n  1.11022293e-06 -9.99200639e-06]", "hess_inv": "[[ 2.55845543 -0.85315593  1.0930461   0.6027373   0.41398003 -0.10268979]\n [-0.85315593  4.32366265 -1.74290313  0.08180826  0.2885735  -1.31152411]\n [ 1.0930461  -1.74290313  4.82280963 -1.07717581  1.11897721 -0.98046345]\n [ 0.6027373   0.08180826 -1.07717581  2.57992883  0.01964132  0.86807791]\n [ 0.41398003  0.2885735   1.11897721  0.01964132  3.51142536 -0.97042771]\n [-0.10268979 -1.31152411 -0.98046345  0.86807791 -0.97042771  3.0458339 ]]", "nfev": "154", "njev": "22", "status": "0", "success": "True", "message": "Optimization terminated successfully.", "x": "[ 5.05871507  4.6452599   4.22959514 -1.50594648  1.27238711  1.02215176]", "nit": "17", "callback": [0.4181748030120118, 0.39667834975347127, 0.3553556831236744, 0.284594413138345, 0.23713527829546555, 0.23183998973231157, 0.23040678937394266, 0.22853762540529832, 0.22825827785341446, 0.22822289118490224, 0.22821376139104377, 0.22821323288697293, 0.22821245864194395, 0.228212022512302, 0.22821193917293014, 0.22821192296335113, 0.22821192139275415]}, "6": {"maxiter": 100, "gtol": 1e-10, "xrtol": 1e-10, "eps": 1e-05, "duration": 0.17079973220825195, "fun": "0.22821192082905506", "jac": "[ 3.88578059e-10  3.89688282e-09  1.17239551e-08 -5.85753668e-08\n  6.02295991e-08  1.81077375e-08]", "hess_inv": "[[ 3.12871063 -0.84097463  0.78073356  0.36960805  0.73738756  0.49599133]\n [-0.84097463  4.30222707 -1.74752593  0.16963342  0.11768609 -1.28927594]\n [ 0.78073356 -1.74752593  5.24459723 -1.06795949  1.25519856 -1.46091116]\n [ 0.36960805  0.16963342 -1.06795949  2.85949802 -0.19105617  0.63864245]\n [ 0.73738756  0.11768609  1.25519856 -0.19105617  3.53783855 -0.72107627]\n [ 0.49599133 -1.28927594 -1.46091116  0.63864245 -0.72107627  3.76729589]]", "nfev": "460", "njev": "64", "status": "2", "success": "False", "message": "Desired error not necessarily achieved due to precision loss.", "x": "[ 5.0587385   4.64525574  4.22957125 -1.50597377  1.27238425  1.02219083]", "nit": "20", "callback": [0.4181743023231691, 0.3966790262992088, 0.3553582045451582, 0.28459899177125547, 0.2371391017345632, 0.23183998045364929, 0.23040697931756127, 0.22853787166255513, 0.22825826031073004, 0.22822288158889048, 0.2282137605459852, 0.22821323071332456, 0.22821245453138794, 0.2282120227715223, 0.22821193848891086, 0.22821192329289142, 0.22821192146996638, 0.22821192089353481, 0.2282119208320077, 0.22821192082905506]}, "7": {"maxiter": 100, "gtol": 1e-10, "xrtol": 1e-10, "eps": 1e-10, "duration": 0.22236895561218262, "fun": "0.22821192081343733", "jac": "[4.44089173e-06 2.22044587e-06 3.33066880e-06 3.33066880e-06\n 5.55111466e-06 2.22044587e-06]", "hess_inv": "[[ 0.5497996  -1.04557268  0.91354888  0.70366635 -0.96874059  0.38666942]\n [-1.04557268  2.30393106 -1.87002235 -1.55452231  1.92213024 -0.78960429]\n [ 0.91354888 -1.87002235  1.61220825  1.2706068  -1.67565291  0.67920283]\n [ 0.70366635 -1.55452231  1.2706068   1.06139933 -1.31144235  0.54059341]\n [-0.96874059  1.92213024 -1.67565291 -1.31144235  1.77112722 -0.71917275]\n [ 0.38666942 -0.78960429  0.67920283  0.54059341 -0.71917275  0.30540482]]", "nfev": "621", "njev": "87", "status": "2", "success": "False", "message": "Desired error not necessarily achieved due to precision loss.", "x": "[ 5.05875435  4.64525652  4.22957263 -1.50596718  1.27239486  1.02219712]", "nit": "35", "callback": [0.4181748030120118, 0.39667834975347127, 0.3553556831236744, 0.284594413138345, 0.23713527829546555, 0.23183998973231157, 0.23040678937394266, 0.22853762540529832, 0.22825827785341446, 0.22822289118490224, 0.22821376139104377, 0.22821323288697293, 0.22821245864194395, 0.228212022512302, 0.22821193917293014, 0.22821192296335113, 0.22821192139275415, 0.22821192088279973, 0.22821192084932596, 0.22821192082524122, 0.2282119208224701, 0.22821192082231423, 0.22821192082226494, 0.22821192082181463, 0.2282119208212009, 0.2282119208202178, 0.22821192081908137, 0.22821192081895414, 0.22821192081850183, 0.22821192081825803, 0.22821192081804975, 0.22821192081776165, 0.22821192081726105, 0.22821192081354036, 0.22821192081343733]}, "8": {"maxiter": 500, "gtol": 1e-05, "xrtol": 1e-05, "eps": 1e-05, "duration": 0.057016849517822266, "fun": "0.22821192146996638", "jac": "[-1.10904397e-05 -2.94706481e-06  3.58976182e-06  1.14292797e-05\n -4.66365835e-06 -1.00497832e-05]", "hess_inv": "[[ 2.60600144 -0.83665887  1.14966941  0.64948003  0.47356446 -0.11631312]\n [-0.83665887  4.33272531 -1.77538876  0.10291075  0.23130895 -1.27397134]\n [ 1.14966941 -1.77538876  4.87244553 -1.04664131  1.1102373  -0.97899396]\n [ 0.64948003  0.10291075 -1.04664131  2.63560909  0.01855349  0.87141263]\n [ 0.47356446  0.23130895  1.1102373   0.01855349  3.37285376 -0.88665651]\n [-0.11631312 -1.27397134 -0.97899396  0.87141263 -0.88665651  3.02801567]]", "nfev": "154", "njev": "22", "status": "0", "success": "True", "message": "Optimization terminated successfully.", "x": "[ 5.05870268  4.64526106  4.22958255 -1.50595288  1.27236663  1.02215503]", "nit": "17", "callback": [0.4181743023231691, 0.3966790262992088, 0.3553582045451582, 0.28459899177125547, 0.2371391017345632, 0.23183998045364929, 0.23040697931756127, 0.22853787166255513, 0.22825826031073004, 0.22822288158889048, 0.2282137605459852, 0.22821323071332456, 0.22821245453138794, 0.2282120227715223, 0.22821193848891086, 0.22821192329289142, 0.22821192146996638]}, "9": {"maxiter": 500, "gtol": 1e-05, "xrtol": 1e-05, "eps": 1e-10, "duration": 0.05522012710571289, "fun": "0.22821192139275415", "jac": "[-1.11022293e-05  1.11022293e-06  7.77156053e-06  1.22124523e-05\n  1.11022293e-06 -9.99200639e-06]", "hess_inv": "[[ 2.55845543 -0.85315593  1.0930461   0.6027373   0.41398003 -0.10268979]\n [-0.85315593  4.32366265 -1.74290313  0.08180826  0.2885735  -1.31152411]\n [ 1.0930461  -1.74290313  4.82280963 -1.07717581  1.11897721 -0.98046345]\n [ 0.6027373   0.08180826 -1.07717581  2.57992883  0.01964132  0.86807791]\n [ 0.41398003  0.2885735   1.11897721  0.01964132  3.51142536 -0.97042771]\n [-0.10268979 -1.31152411 -0.98046345  0.86807791 -0.97042771  3.0458339 ]]", "nfev": "154", "njev": "22", "status": "0", "success": "True", "message": "Optimization terminated successfully.", "x": "[ 5.05871507  4.6452599   4.22959514 -1.50594648  1.27238711  1.02215176]", "nit": "17", "callback": [0.4181748030120118, 0.39667834975347127, 0.3553556831236744, 0.284594413138345, 0.23713527829546555, 0.23183998973231157, 0.23040678937394266, 0.22853762540529832, 0.22825827785341446, 0.22822289118490224, 0.22821376139104377, 0.22821323288697293, 0.22821245864194395, 0.228212022512302, 0.22821193917293014, 0.22821192296335113, 0.22821192139275415]}, "10": {"maxiter": 500, "gtol": 1e-05, "xrtol": 1e-10, "eps": 1e-05, "duration": 0.06122016906738281, "fun": "0.22821192089353481", "jac": "[-3.86649601e-06 -7.79798448e-07  1.00059960e-06  1.26028077e-06\n  1.54479762e-06 -2.63187250e-06]", "hess_inv": "[[ 2.72897724 -0.78037276  1.15960461  0.2855009   1.00282565 -0.01847664]\n [-0.78037276  4.29432477 -1.79543352  0.16695809  0.10084598 -1.21591854]\n [ 1.15960461 -1.79543352  4.8638226  -0.98764778  1.01014649 -0.96600254]\n [ 0.2855009   0.16695809 -0.98764778  2.88383382 -0.20819546  0.53412857]\n [ 1.00282565  0.10084598  1.01014649 -0.20819546  3.48571675 -0.3884899 ]\n [-0.01847664 -1.21591854 -0.96600254  0.53412857 -0.3884899   3.10310622]]", "nfev": "161", "njev": "23", "status": "0", "success": "True", "message": "Optimization terminated successfully.", "x": "[ 5.05872771  4.64525785  4.22957895 -1.50597424  1.27238915  1.02217798]", "nit": "18", "callback": [0.4181743023231691, 0.3966790262992088, 0.3553582045451582, 0.28459899177125547, 0.2371391017345632, 0.23183998045364929, 0.23040697931756127, 0.22853787166255513, 0.22825826031073004, 0.22822288158889048, 0.2282137605459852, 0.22821323071332456, 0.22821245453138794, 0.2282120227715223, 0.22821193848891086, 0.22821192329289142, 0.22821192146996638, 0.22821192089353481]}, "11": {"maxiter": 500, "gtol": 1e-05, "xrtol": 1e-10, "eps": 1e-10, "duration": 0.05566072463989258, "fun": "0.22821192088279973", "jac": "[-5.55111466e-06 -6.66133760e-06 -2.22044587e-06  0.00000000e+00\n  0.00000000e+00 -6.66133760e-06]", "hess_inv": "[[ 2.72771613 -0.86032403  1.04033392  0.36722955  0.74504831  0.08567178]\n [-0.86032403  4.15100697 -1.94802196  0.1960618  -0.21856819 -1.13665254]\n [ 1.04033392 -1.94802196  4.59064386 -0.87881722  0.42469862 -0.8199172 ]\n [ 0.36722955  0.1960618  -0.87881722  2.84474004 -0.14369329  0.49575104]\n [ 0.74504831 -0.21856819  0.42469862 -0.14369329  2.75305469 -0.08068232]\n [ 0.08567178 -1.13665254 -0.8199172   0.49575104 -0.08068232  3.06214849]]", "nfev": "161", "njev": "23", "status": "0", "success": "True", "message": "Optimization terminated successfully.", "x": "[ 5.05873376  4.64524737  4.22957524 -1.50596542  1.27239022  1.02218498]", "nit": "18", "callback": [0.4181748030120118, 0.39667834975347127, 0.3553556831236744, 0.284594413138345, 0.23713527829546555, 0.23183998973231157, 0.23040678937394266, 0.22853762540529832, 0.22825827785341446, 0.22822289118490224, 0.22821376139104377, 0.22821323288697293, 0.22821245864194395, 0.228212022512302, 0.22821193917293014, 0.22821192296335113, 0.22821192139275415, 0.22821192088279973]}, "12": {"maxiter": 500, "gtol": 1e-10, "xrtol": 1e-05, "eps": 1e-05, "duration": 0.055908203125, "fun": "0.22821192146996638", "jac": "[-1.10904397e-05 -2.94706481e-06  3.58976182e-06  1.14292797e-05\n -4.66365835e-06 -1.00497832e-05]", "hess_inv": "[[ 2.60600144 -0.83665887  1.14966941  0.64948003  0.47356446 -0.11631312]\n [-0.83665887  4.33272531 -1.77538876  0.10291075  0.23130895 -1.27397134]\n [ 1.14966941 -1.77538876  4.87244553 -1.04664131  1.1102373  -0.97899396]\n [ 0.64948003  0.10291075 -1.04664131  2.63560909  0.01855349  0.87141263]\n [ 0.47356446  0.23130895  1.1102373   0.01855349  3.37285376 -0.88665651]\n [-0.11631312 -1.27397134 -0.97899396  0.87141263 -0.88665651  3.02801567]]", "nfev": "154", "njev": "22", "status": "0", "success": "True", "message": "Optimization terminated successfully.", "x": "[ 5.0587026