{"conf_id": 17, "data_type": "random\n", "num_data_points": 1, "s_rank": 0, "unitary": "[[0.18663085-0.53122324j,-0.11886349-0.70040876j,0.28555095-0.02789305j,-0.12262021-0.2844587j],[-0.16702216+0.27758472j,0.27526351-0.29738586j,-0.01109314+0.22495461j,-0.77239203+0.28900673j],[0.61935415+0.12301792j,-0.31269928-0.03315917j,-0.61902762-0.19039079j,-0.27120731-0.0968989j],[0.42341754+0.0023929j,-0.05847358+0.47832119j,0.64900495-0.16218422j,-0.37182676-0.05229966j]]", "databatch_0": {"databatch": "[[[-0.2303341-0.08912525j,0.09314637-0.22686747j,0.24199054-0.03930553j,-0.00499134-0.25760221j],[0.08768482-0.36525961j,0.11927971+0.15788803j,-0.16641741+0.03346834j,-0.07297297+0.01263512j],[0.27177435-0.35373733j,-0.26865834+0.07496794j,0.07668963-0.13753437j,-0.06280997+0.02646032j],[0.19944094+0.01722182j,0.04096614-0.27987194j,-0.29171998-0.09944369j,0.0566739+0.11531739j]]]", "nelder_mead": {"0": {"maxiter": 100, "fatol": 1e-05, "xatol": 1e-05, "duration": 0.04678702354431152, "fun": "0.33028000593185425", "nit": "100", "nfev": "161", "status": "2", "success": "False", "message": "Maximum number of iterations has been exceeded.", "x": "[1.60132    0.98379889 3.47672744 3.39602539 4.45960474 0.35427061]", "final_simplex": "(array([[1.60132   , 0.98379889, 3.47672744, 3.39602539, 4.45960474,\n        0.35427061],\n       [1.61831407, 0.93562944, 3.40862316, 3.42617919, 4.4389265 ,\n        0.3558514 ],\n       [1.64040257, 0.97224502, 3.45297809, 3.42225271, 4.4210604 ,\n        0.35640411],\n       [1.64514545, 0.96746498, 3.45994677, 3.53308833, 4.36091866,\n        0.36181653],\n       [1.55111211, 0.97044826, 3.49585142, 3.46147395, 4.41908743,\n        0.35904613],\n       [1.64123561, 0.92905754, 3.45909342, 3.35795752, 4.45030092,\n        0.35584969],\n       [1.59314768, 0.99137985, 3.44721294, 3.45297541, 4.41727234,\n        0.35992585]]), array([0.33028001, 0.33065367, 0.33079693, 0.33095703, 0.33098051,\n       0.33134583, 0.33149672]))"}, "1": {"maxiter": 100, "fatol": 1e-05, "xatol": 1e-10, "duration": 0.04450082778930664, "fun": "0.33028000593185425", "nit": "100", "nfev": "161", "status": "2", "success": "False", "message": "Maximum number of iterations has been exceeded.", "x": "[1.60132    0.98379889 3.47672744 3.39602539 4.45960474 0.35427061]", "final_simplex": "(array([[1.60132   , 0.98379889, 3.47672744, 3.39602539, 4.45960474,\n        0.35427061],\n       [1.61831407, 0.93562944, 3.40862316, 3.42617919, 4.4389265 ,\n        0.3558514 ],\n       [1.64040257, 0.97224502, 3.45297809, 3.42225271, 4.4210604 ,\n        0.35640411],\n       [1.64514545, 0.96746498, 3.45994677, 3.53308833, 4.36091866,\n        0.36181653],\n       [1.55111211, 0.97044826, 3.49585142, 3.46147395, 4.41908743,\n        0.35904613],\n       [1.64123561, 0.92905754, 3.45909342, 3.35795752, 4.45030092,\n        0.35584969],\n       [1.59314768, 0.99137985, 3.44721294, 3.45297541, 4.41727234,\n        0.35992585]]), array([0.33028001, 0.33065367, 0.33079693, 0.33095703, 0.33098051,\n       0.33134583, 0.33149672]))"}, "2": {"maxiter": 100, "fatol": 1e-10, "xatol": 1e-05, "duration": 0.04482722282409668, "fun": "0.33028000593185425", "nit": "100", "nfev": "161", "status": "2", "success": "False", "message": "Maximum number of iterations has been exceeded.", "x": "[1.60132    0.98379889 3.47672744 3.39602539 4.45960474 0.35427061]", "final_simplex": "(array([[1.60132   , 0.98379889, 3.47672744, 3.39602539, 4.45960474,\n        0.35427061],\n       [1.61831407, 0.93562944, 3.40862316, 3.42617919, 4.4389265 ,\n        0.3558514 ],\n       [1.64040257, 0.97224502, 3.45297809, 3.42225271, 4.4210604 ,\n        0.35640411],\n       [1.64514545, 0.96746498, 3.45994677, 3.53308833, 4.36091866,\n        0.36181653],\n       [1.55111211, 0.97044826, 3.49585142, 3.46147395, 4.41908743,\n        0.35904613],\n       [1.64123561, 0.92905754, 3.45909342, 3.35795752, 4.45030092,\n        0.35584969],\n       [1.59314768, 0.99137985, 3.44721294, 3.45297541, 4.41727234,\n        0.35992585]]), array([0.33028001, 0.33065367, 0.33079693, 0.33095703, 0.33098051,\n       0.33134583, 0.33149672]))"}, "3": {"maxiter": 100, "fatol": 1e-10, "xatol": 1e-10, "duration": 0.04581403732299805, "fun": "0.33028000593185425", "nit": "100", "nfev": "161", "status": "2", "success": "False", "message": "Maximum number of iterations has been exceeded.", "x": "[1.60132    0.98379889 3.47672744 3.39602539 4.45960474 0.35427061]", "final_simplex": "(array([[1.60132   , 0.98379889, 3.47672744, 3.39602539, 4.45960474,\n        0.35427061],\n       [1.61831407, 0.93562944, 3.40862316, 3.42617919, 4.4389265 ,\n        0.3558514 ],\n       [1.64040257, 0.97224502, 3.45297809, 3.42225271, 4.4210604 ,\n        0.35640411],\n       [1.64514545, 0.96746498, 3.45994677, 3.53308833, 4.36091866,\n        0.36181653],\n       [1.55111211, 0.97044826, 3.49585142, 3.46147395, 4.41908743,\n        0.35904613],\n       [1.64123561, 0.92905754, 3.45909342, 3.35795752, 4.45030092,\n        0.35584969],\n       [1.59314768, 0.99137985, 3.44721294, 3.45297541, 4.41727234,\n        0.35992585]]), array([0.33028001, 0.33065367, 0.33079693, 0.33095703, 0.33098051,\n       0.33134583, 0.33149672]))"}, "4": {"maxiter": 500, "fatol": 1e-05, "xatol": 1e-05, "duration": 0.1941072940826416, "fun": "0.315258264541626", "nit": "418", "nfev": "689", "status": "0", "success": "True", "message": "Optimization terminated successfully.", "x": "[ 1.70626597  0.96044064  3.45974557  3.63648378  4.13080426 -0.11305367]", "final_simplex": "(array([[ 1.70626597,  0.96044064,  3.45974557,  3.63648378,  4.13080426,\n        -0.11305367],\n       [ 1.70626032,  0.96043891,  3.45974734,  3.63647949,  4.13080063,\n        -0.11305833],\n       [ 1.70626187,  0.96044334,  3.45974842,  3.63648416,  4.13080765,\n        -0.11304849],\n       [ 1.70626272,  0.96043954,  3.45974086,  3.63648436,  4.13080285,\n        -0.11305536],\n       [ 1.70625973,  0.96043996,  3.45974806,  3.63647699,  4.13080807,\n        -0.11304926],\n       [ 1.70626213,  0.96043921,  3.45974514,  3.63647641,  4.13080789,\n        -0.11305441],\n       [ 1.70626127,  0.96044571,  3.45974533,  3.63648133,  4.13079658,\n        -0.11306098]]), array([0.31525826, 0.31525826, 0.31525826, 0.31525826, 0.31525826,\n       0.31525826, 0.31525826]))"}, "5": {"maxiter": 500, "fatol": 1e-05, "xatol": 1e-10, "duration": 0.24480581283569336, "fun": "0.315258264541626", "nit": "435", "nfev": "825", "status": "0", "success": "True", "message": "Optimization terminated successfully.", "x": "[ 1.70626597  0.96044064  3.45974557  3.63648378  4.13080426 -0.11305367]", "final_simplex": "(array([[ 1.70626597,  0.96044064,  3.45974557,  3.63648378,  4.13080426,\n        -0.11305367],\n       [ 1.70626597,  0.96044064,  3.45974557,  3.63648378,  4.13080426,\n        -0.11305367],\n       [ 1.70626597,  0.96044064,  3.45974557,  3.63648378,  4.13080426,\n        -0.11305367],\n       [ 1.70626597,  0.96044064,  3.45974557,  3.63648378,  4.13080426,\n        -0.11305367],\n       [ 1.70626597,  0.96044064,  3.45974557,  3.63648378,  4.13080426,\n        -0.11305367],\n       [ 1.70626597,  0.96044064,  3.45974557,  3.63648378,  4.13080426,\n        -0.11305367],\n       [ 1.70626597,  0.96044064,  3.45974557,  3.63648378,  4.13080426,\n        -0.11305367]]), array([0.31525826, 0.31525826, 0.31525826, 0.31525826, 0.31525826,\n       0.31525826, 0.31525826]))"}, "6": {"maxiter": 500, "fatol": 1e-10, "xatol": 1e-05, "duration": 0.25756001472473145, "fun": "0.315258264541626", "nit": "418", "nfev": "689", "status": "0", "success": "True", "message": "Optimization terminated successfully.", "x": "[ 1.70626597  0.96044064  3.45974557  3.63648378  4.13080426 -0.11305367]", "final_simplex": "(array([[ 1.70626597,  0.96044064,  3.45974557,  3.63648378,  4.13080426,\n        -0.11305367],\n       [ 1.70626032,  0.96043891,  3.45974734,  3.63647949,  4.13080063,\n        -0.11305833],\n       [ 1.70626187,  0.96044334,  3.45974842,  3.63648416,  4.13080765,\n        -0.11304849],\n       [ 1.70626272,  0.96043954,  3.45974086,  3.63648436,  4.13080285,\n        -0.11305536],\n       [ 1.70625973,  0.96043996,  3.45974806,  3.63647699,  4.13080807,\n        -0.11304926],\n       [ 1.70626213,  0.96043921,  3.45974514,  3.63647641,  4.13080789,\n        -0.11305441],\n       [ 1.70626127,  0.96044571,  3.45974533,  3.63648133,  4.13079658,\n        -0.11306098]]), array([0.31525826, 0.31525826, 0.31525826, 0.31525826, 0.31525826,\n       0.31525826, 0.31525826]))"}, "7": {"maxiter": 500, "fatol": 1e-10, "xatol": 1e-10, "duration": 0.2652890682220459, "fun": "0.315258264541626", "nit": "435", "nfev": "825", "status": "0", "success": "True", "message": "Optimization terminated successfully.", "x": "[ 1.70626597  0.96044064  3.45974557  3.63648378  4.13080426 -0.11305367]", "final_simplex": "(array([[ 1.70626597,  0.96044064,  3.45974557,  3.63648378,  4.13080426,\n        -0.11305367],\n       [ 1.70626597,  0.96044064,  3.45974557,  3.63648378,  4.13080426,\n        -0.11305367],\n       [ 1.70626597,  0.96044064,  3.45974557,  3.63648378,  4.13080426,\n        -0.11305367],\n       [ 1.70626597,  0.96044064,  3.45974557,  3.63648378,  4.13080426,\n        -0.11305367],\n       [ 1.70626597,  0.96044064,  3.45974557,  3.63648378,  4.13080426,\n        -0.11305367],\n       [ 1.70626597,  0.96044064,  3.45974557,  3.63648378,  4.13080426,\n        -0.11305367],\n       [ 1.70626597,  0.96044064,  3.45974557,  3.63648378,  4.13080426,\n        -0.11305367]]), array([0.31525826, 0.31525826, 0.31525826, 0.31525826, 0.31525826,\n       0.31525826, 0.31525826]))"}, "8": {"maxiter": 1000, "fatol": 1e-05, "xatol": 1e-05, "duration": 0.28173327445983887, "fun": "0.315258264541626", "nit": "418", "nfev": "689", "status": "0", "success": "True", "message": "Optimization terminated successfully.", "x": "[ 1.70626597  0.96044064  3.45974557  3.63648378  4.13080426 -0.11305367]", "final_simplex": "(array([[ 1.70626597,  0.96044064,  3.45974557,  3.63648378,  4.13080426,\n        -0.11305367],\n       [ 1.70626032,  0.96043891,  3.45974734,  3.63647949,  4.13080063,\n        -0.11305833],\n       [ 1.70626187,  0.96044334,  3.45974842,  3.63648416,  4.13080765,\n        -0.11304849],\n       [ 1.70626272,  0.96043954,  3.45974086,  3.63648436,  4.13080285,\n        -0.11305536],\n       [ 1.70625973,  0.96043996,  3.45974806,  3.63647699,  4.13080807,\n        -0.11304926],\n       [ 1.70626213,  0.96043921,  3.45974514,  3.63647641,  4.13080789,\n        -0.11305441],\n       [ 1.70626127,  0.96044571,  3.45974533,  3.63648133,  4.13079658,\n        -0.11306098]]), array([0.31525826, 0.31525826, 0.31525826, 0.31525826, 0.31525826,\n       0.31525826, 0.31525826]))"}, "9": {"maxiter": 1000, "fatol": 1e-05, "xatol": 1e-10, "duration": 0.30427122116088867, "fun": "0.315258264541626", "nit": "435", "nfev": "825", "status": "0", "success": "True", "message": "Optimization terminated successfully.", "x": "[ 1.70626597  0.96044064  3.45974557  3.63648378  4.13080426 -0.11305367]", "final_simplex": "(array([[ 1.70626597,  0.96044064,  3.45974557,  3.63648378,  4.13080426,\n        -0.11305367],\n       [ 1.70626597,  0.96044064,  3.45974557,  3.63648378,  4.13080426,\n        -0.11305367],\n       [ 1.70626597,  0.96044064,  3.45974557,  3.63648378,  4.13080426,\n        -0.11305367],\n       [ 1.70626597,  0.96044064,  3.45974557,  3.63648378,  4.13080426,\n        -0.11305367],\n       [ 1.70626597,  0.96044064,  3.45974557,  3.63648378,  4.13080426,\n        -0.11305367],\n       [ 1.70626597,  0.96044064,  3.45974557,  3.63648378,  4.13080426,\n        -0.11305367],\n       [ 1.70626597,  0.96044064,  3.45974557,  3.63648378,  4.13080426,\n        -0.11305367]]), array([0.31525826, 0.31525826, 0.31525826, 0.31525826, 0.31525826,\n       0.31525826, 0.31525826]))"}, "10": {"maxiter": 1000, "fatol": 1e-10, "xatol": 1e-05, "duration": 0.2173328399658203, "fun": "0.315258264541626", "nit": "418", "nfev": "689", "status": "0", "success": "True", "message": "Optimization terminated successfully.", "x": "[ 1.70626597  0.96044064  3.45974557  3.63648378  4.13080426 -0.11305367]", "final_simplex": "(array([[ 1.70626597,  0.96044064,  3.45974557,  3.63648378,  4.13080426,\n        -0.11305367],\n       [ 1.70626032,  0.96043891,  3.45974734,  3.63647949,  4.13080063,\n        -0.11305833],\n       [ 1.70626187,  0.96044334,  3.45974842,  3.63648416,  4.13080765,\n        -0.11304849],\n       [ 1.70626272,  0.96043954,  3.45974086,  3.63648436,  4.13080285,\n        -0.11305536],\n       [ 1.70625973,  0.96043996,  3.45974806,  3.63647699,  4.13080807,\n        -0.11304926],\n       [ 1.70626213,  0.96043921,  3.45974514,  3.63647641,  4.13080789,\n        -0.11305441],\n       [ 1.70626127,  0.96044571,  3.45974533,  3.63648133,  4.13079658,\n        -0.11306098]]), array([0.31525826, 0.31525826, 0.31525826, 0.31525826, 0.31525826,\n       0.31525826, 0.31525826]))"}, "11": {"maxiter": 1000, "fatol": 1e-10, "xatol": 1e-10, "duration": 0.2633957862854004, "fun": "0.315258264541626", "nit": "435", "nfev": "825", "status": "0", "success": "True", "message": "Optimization terminated successfully.", "x": "[ 1.70626597  0.96044064  3.45974557  3.63648378  4.13080426 -0.11305367]", "final_simplex": "(array([[ 1.70626597,  0.96044064,  3.45974557,  3.63648378,  4.13080426,\n        -0.11305367],\n       [ 1.70626597,  0.96044064,  3.45974557,  3.63648378,  4.13080426,\n        -0.11305367],\n       [ 1.70626597,  0.96044064,  3.45974557,  3.63648378,  4.13080426,\n        -0.11305367],\n       [ 1.70626597,  0.96044064,  3.45974557,  3.63648378,  4.13080426,\n        -0.11305367],\n       [ 1.70626597,  0.96044064,  3.45974557,  3.63648378,  4.13080426,\n        -0.11305367],\n       [ 1.70626597,  0.96044064,  3.45974557,  3.63648378,  4.13080426,\n        -0.11305367],\n       [ 1.70626597,  0.96044064,  3.45974557,  3.63648378,  4.13080426,\n        -0.11305367]]), array([0.31525826, 0.31525826, 0.31525826, 0.31525826, 0.31525826,\n       0.31525826, 0.31525826]))"}}, "bfgs": {"0": {"maxiter": 100, "gtol": 1e-05, "xrtol": 1e-05, "eps": 1e-05, "duration": 0.06704473495483398, "fun": "0.3153243660926819", "jac": "[0. 0. 0. 0. 0. 0.]", "hess_inv": "[[ 7.28133462  5.29159947  1.51451992 -4.4605324   1.02559764  5.12139519]\n [ 5.29159947  6.61036871  1.80285818 -3.91248222  0.56117306  4.42028705]\n [ 1.51451992  1.80285818  2.53049525 -1.92561525 -0.44242859  1.96805035]\n [-4.4605324  -3.91248222 -1.92561525  5.48809641 -1.22565176 -4.12349224]\n [ 1.02559764  0.56117306 -0.44242859 -1.22565176  1.25001537  0.90948797]\n [ 5.12139519  4.42028705  1.96805035 -4.12349224  0.90948797  7.23237016]]", "nfev": "210", "njev": "30", "status": "0", "success": "True", "message": "Optimization terminated successfully.", "x": "[ 1.69774012  0.96131156  3.45365227  3.63396698  4.08501497 -0.15586515]", "nit": "22"}, "1": {"maxiter": 100, "gtol": 1e-05, "xrtol": 1e-05, "eps": 1e-10, "duration": 0.0021638870239257812, "fun": "0.9697927832603455", "jac": "[0. 0. 0. 0. 0. 0.]", "hess_inv": "[[1 0 0 0 0 0]\n [0 1 0 0 0 0]\n [0 0 1 0 0 0]\n [0 0 0 1 0 0]\n [0 0 0 0 1 0]\n [0 0 0 0 0 1]]", "nfev": "7", "njev": "1", "status": "0", "success": "True", "message": "Optimization terminated successfully.", "x": "[4.01203743 3.41595138 4.17636853 5.76057901 1.81938371 0.42170113]", "nit": "0"}, "2": {"maxiter": 100, "gtol": 1e-05, "xrtol": 1e-10, "eps": 1e-05, "duration": 0.06844592094421387, "fun": "0.3153243660926819", "jac": "[0. 0. 0. 0. 0. 0.]", "hess_inv": "[[ 7.28133462  5.29159947  1.51451992 -4.4605324   1.02559764  5.12139519]\n [ 5.29159947  6.61036871  1.80285818 -3.91248222  0.56117306  4.42028705]\n [ 1.51451992  1.80285818  2.53049525 -1.92561525 -0.44242859  1.96805035]\n [-4.4605324  -3.91248222 -1.92561525  5.48809641 -1.22565176 -4.12349224]\n [ 1.02559764  0.56117306 -0.44242859 -1.22565176  1.25001537  0.90948797]\n [ 5.12139519  4.42028705  1.96805035 -4.12349224  0.90948797  7.23237016]]", "nfev": "210", "njev": "30", "status": "0", "success": "True", "message": "Optimization terminated successfully.", "x": "[ 1.69774012  0.96131156  3.45365227  3.63396698  4.08501497 -0.15586515]", "nit": "22"}, "3": {"maxiter": 100, "gtol": 1e-05, "xrtol": 1e-10, "eps": 1e-10, "duration": 0.002660036087036133, "fun": "0.9697927832603455", "jac": "[0. 0. 0. 0. 0. 0.]", "hess_inv": "[[1 0 0 0 0 0]\n [0 1 0 0 0 0]\n [0 0 1 0 0 0]\n [0 0 0 1 0 0]\n [0 0 0 0 1 0]\n [0 0 0 0 0 1]]", "nfev": "7", "njev": "1", "status": "0", "success": "True", "message": "Optimization terminated successfully.", "x": "[4.01203743 3.41595138 4.17636853 5.76057901 1.81938371 0.42170113]", "nit": "0"}, "4": {"maxiter": 100, "gtol": 1e-10, "xrtol": 1e-05, "eps": 1e-05, "duration": 0.10359716415405273, "fun": "0.3153243660926819", "jac": "[0. 0. 0. 0. 0. 0.]", "hess_inv": "[[ 7.28133462  5.29159947  1.51451992 -4.4605324   1.02559764  5.12139519]\n [ 5.29159947  6.61036871  1.80285818 -3.91248222  0.56117306  4.42028705]\n [ 1.51451992  1.80285818  2.53049525 -1.92561525 -0.44242859  1.96805035]\n [-4.4605324  -3.91248222 -1.92561525  5.48809641 -1.22565176 -4.12349224]\n [ 1.02559764  0.56117306 -0.44242859 -1.22565176  1.25001537  0.90948797]\n [ 5.12139519  4.42028705  1.96805035 -4.12349224  0.90948797  7.23237016]]", "nfev": "210", "njev": "30", "status": "0", "success": "True", "message": "Optimization terminated successfully.", "x": "[ 1.69774012  0.96131156  3.45365227  3.63396698  4.08501497 -0.15586515]", "nit": "22"}, "5": {"maxiter": 100, "gtol": 1e-10, "xrtol": 1e-05, "eps": 1e-10, "duration": 0.004486083984375, "fun": "0.9697927832603455", "jac": "[0. 0. 0. 0. 0. 0.]", "hess_inv": "[[1 0 0 0 0 0]\n [0 1 0 0 0 0]\n [0 0 1 0 0 0]\n [0 0 0 1 0 0]\n [0 0 0 0 1 0]\n [0 0 0 0 0 1]]", "nfev": "7", "njev": "1", "status": "0", "success": "True", "message": "Optimization terminated successfully.", "x": "[4.01203743 3.41595138 4.17636853 5.76057901 1.81938371 0.42170113]", "nit": "0"}, "6": {"maxiter": 100, "gtol": 1e-10, "xrtol": 1e-10, "eps": 1e-05, "duration": 0.10407304763793945, "fun": "0.3153243660926819", "jac": "[0. 0. 0. 0. 0. 0.]", "hess_inv": "[[ 7.28133462  5.29159947  1.51451992 -4.4605324   1.02559764  5.12139519]\n [ 5.29159947  6.61036871  1.80285818 -3.91248222  0.56117306  4.42028705]\n [ 1.51451992  1.80285818  2.53049525 -1.92561525 -0.44242859  1.96805035]\n [-4.4605324  -3.91248222 -1.92561525  5.48809641 -1.22565176 -4.12349224]\n [ 1.02559764  0.56117306 -0.44242859 -1.22565176  1.25001537  0.90948797]\n [ 5.12139519  4.42028705  1.96805035 -4.12349224  0.90948797  7.23237016]]", "nfev": "210", "njev": "30", "status": "0", "success": "True", "message": "Optimization terminated successfully.", "x": "[ 1.69774012  0.96131156  3.45365227  3.63396698  4.08501497 -0.15586515]", "nit": "22"}, "7": {"maxiter": 100, "gtol": 1e-10, "xrtol": 1e-10, "eps": 1e-10, "duration": 0.005644083023071289, "fun": "0.9697927832603455", "jac": "[0. 0. 0. 0. 0. 0.]", "hess_inv": "[[1 0 0 0 0 0]\n [0 1 0 0 0 0]\n [0 0 1 0 0 0]\n [0 0 0 1 0 0]\n [0 0 0 0 1 0]\n [0 0 0 0 0 1]]", "nfev": "7", "njev": "1", "status": "0", "success": "True", "message": "Optimization terminated successfully.", "x": "[4.01203743 3.41595138 4.17636853 5.76057901 1.81938371 0.42170113]", "nit": "0"}, "8": {"maxiter": 500, "gtol": 1e-05, "xrtol": 1e-05, "eps": 1e-05, "duration": 0.08956718444824219, "fun": "0.3153243660926819", "jac": "[0. 0. 0. 0. 0. 0.]", "hess_inv": "[[ 7.28133462  5.29159947  1.51451992 -4.4605324   1.02559764  5.12139519]\n [ 5.29159947  6.61036871  1.80285818 -3.91248222  0.56117306  4.42028705]\n [ 1.51451992  1.80285818  2.53049525 -1.92561525 -0.44242859  1.96805035]\n [-4.4605324  -3.91248222 -1.92561525  5.48809641 -1.22565176 -4.12349224]\n [ 1.02559764  0.56117306 -0.44242859 -1.22565176  1.25001537  0.90948797]\n [ 5.12139519  4.42028705  1.96805035 -4.12349224  0.90948797  7.23237016]]", "nfev": "210", "njev": "30", "status": "0", "success": "True", "message": "Optimization terminated successfully.", "x": "[ 1.69774012  0.96131156  3.45365227  3.63396698  4.08501497 -0.15586515]", "nit": "22"}, "9": {"maxiter": 500, "gtol": 1e-05, "xrtol": 1e-05, "eps": 1e-10, "duration": 0.002386808395385742, "fun": "0.9697927832603455", "jac": "[0. 0. 0. 0. 0. 0.]", "hess_inv": "[[1 0 0 0 0 0]\n [0 1 0 0 0 0]\n [0 0 1 0 0 0]\n [0 0 0 1 0 0]\n [0 0 0 0 1 0]\n [0 0 0 0 0 1]]", "nfev": "7", "njev": "1", "status": "0", "success": "True", "message": "Optimization terminated successfully.", "x": "[4.01203743 3.41595138 4.17636853 5.76057901 1.81938371 0.42170113]", "nit": "0"}, "10": {"maxiter": 500, "gtol": 1e-05, "xrtol": 1e-10, "eps": 1e-05, "duration": 0.1081998348236084, "fun": "0.3153243660926819", "jac": "[0. 0. 0. 0. 0. 0.]", "hess_inv": "[[ 7.28133462  5.29159947  1.51451992 -4.4605324   1.02559764  5.12139519]\n [ 5.29159947  6.61036871  1.80285818 -3.91248222  0.56117306  4.42028705]\n [ 1.51451992  1.80285818  2.53049525 -1.92561525 -0.44242859  1.96805035]\n [-4.4605324  -3.91248222 -1.92561525  5.48809641 -1.22565176 -4.12349224]\n [ 1.02559764  0.56117306 -0.44242859 -1.22565176  1.25001537  0.90948797]\n [ 5.12139519  4.42028705  1.96805035 -4.12349224  0.90948797  7.23237016]]", "nfev": "210", "njev": "30", "status": "0", "success": "True", "message": "Optimization terminated successfully.", "x": "[ 1.69774012  0.96131156  3.45365227  3.63396698  4.08501497 -0.15586515]", "nit": "22"}, "11": {"maxiter": 500, "gtol": 1e-05, "xrtol": 1e-10, "eps": 1e-10, "duration": 0.0042607784271240234, "fun": "0.9697927832603455", "jac": "[0. 0. 0. 0. 0. 0.]", "hess_inv": "[[1 0 0 0 0 0]\n [0 1 0 0 0 0]\n [0 0 1 0 0 0]\n [0 0 0 1 0 0]\n [0 0 0 0 1 0]\n [0 0 0 0 0 1]]", "nfev": "7", "njev": "1", "status": "0", "success": "True", "message": "Optimization terminated successfully.", "x": "[4.01203743 3.41595138 4.17636853 5.76057901 1.81938371 0.42170113]", "nit": "0"}, "12": {"maxiter": 500, "gtol": 1e-10, "xrtol": 1e-05, "eps": 1e-05, "duration": 0.13262581825256348, "fun": "0.3153243660926819", "jac": "[0. 0. 0. 0. 0. 0.]", "hess_inv": "[[ 7.28133462  5.29159947  1.51451992 -4.4605324   1.02559764  5.12139519]\n [ 5.29159947  6.61036871  1.80285818 -3.91248222  0.56117306  4.42028705]\n [ 1.51451992  1.80285818  2.53049525 -1.92561525 -0.44242859  1.96805035]\n [-4.4605324  -3.91248222 -1.92561525  5.48809641 -1.22565176 -4.12349224]\n [ 1.02559764  0.56117306 -0.44242859 -1.22565176  1.25001537  0.90948797]\n [ 5.12139519  4.42028705  1.96805035 -4.12349224  0.90948797  7.23237016]]", "nfev": "210", "njev": "30", "status": "0", "success": "True", "message": "Optimization terminated successfully.", "x": "[ 1.69774012  0.96131156  3.45365227  3.63396698  4.08501497 -0.15586515]", "nit": "22"}, "13": {"maxiter": 500, "gtol": 1e-10, "xrtol": 1e-05, "eps": 1e-10, "duration": 0.003992795944213867, "fun": "0.9697927832603455", "jac": "[0. 0. 0. 0. 0. 0.]", "hess_inv": "[[1 0 0 0 0 0]\n [0 1 0 0 0 0]\n [0 0 1 0 0 0]\n [0 0 0 1 0 0]\n [0 0 0 0 1 0]\n [0 0 0 0 0 1]]", "nfev": "7", "njev": "1", "status": "0", "success": "True", "message": "Optimization terminated successfully.", "x": "[4.01203743 3.41595138 4.17636853 5.76057901 1.81938371 0.42170113]", "nit": "0"}, "14": {"maxiter": 500, "gtol": 1e-10, "xrtol": 1e-10, "eps": 1e-05, "duration": 0.15853071212768555, "fun": "0.3153243660926819", "jac": "[0. 0. 0. 0. 0. 0.]", "hess_inv": "[[ 7.28133462  5.29159947  1.51451992 -4.4605324   1.02559764  5.12139519]\n [ 5.29159947  6.61036871  1.80285818 -3.91248222  0.56117306  4.42028705]\n [ 1.51451992  1.80285818  2.53049525 -1.92561525 -0.44242859  1.96805035]\n [-4.4605324  -3.91248222 -1.92561525  5.48809641 -1.22565176 -4.12349224]\n [ 1.02559764  0.56117306 -0.44242859 -1.22565176  1.25001537  0.90948797]\n [ 5.12139519  4.42028705  1.96805035 -4.12349224  0.90948797  7.23237016]]", "nfev": "210", "njev": "30", "status": "0", "success": "True", "message": "Optimization terminated successfully.", "x": "[ 1.69774012  0.96131156  3.45365227  3.63396698  4.08501497 -0.15586515]", "nit": "22"}, "15": {"maxiter": 500, "gtol": 1e-10, "xrtol": 1e-10, "eps": 1e-10, "duration": 0.005505084991455078, "fun": "0.9697927832603455", "jac": "[0. 0. 0. 0. 0. 0.]", "hess_inv": "[[1 0 0 0 0 0]\n [0 1 0 0 0 0]\n [0 0 1 0 0 0]\n [0 0 0 1 0 0]\n [0 0 0 0 1 0]\n [0 0 0 0 0 1]]", "nfev": "7", "njev": "1", "status": "0", "success": "True", "message": "Optimization terminated successfully.", "x": "[4.01203743 3.41595138 4.17636853 5.76057901 1.81938371 0.42170113]", "nit": "0"}, "16": {"maxiter": 1000, "gtol": 1e-05, "xrtol": 1e-05, "eps": 1e-05, "duration": 0.12033987045288086, "fun": "0.3153243660926819", "jac": "[0. 0. 0. 0. 0. 0.]", "hess_inv": "[[ 7.28133462  5.29159947  1.51451992 -4.4605324   1.02559764  5.12139519]\n [ 5.29159947  6.61036871  1.80285818 -3.91248222  0.56117306  4.42028705]\n [ 1.51451992  1.80285818  2.53049525 -1.92561525 -0.44242859  1.96805035]\n [-4.4605324  -3.91248222 -1.92561525  5.48809641 -1.22565176 -4.12349224]\n [ 1.02559764  0.56117306 -0.44242859 -1.22565176  1.25001537  0.90948797]\n [ 5.12139519  4.42028705  1.96805035 -4.12349224  0.90948797  7.23237016]]", "nfev": "210", "njev": "30", "status": "0", "success": "True", "message": "Optimization terminated successfully.", "x": "[ 1.69774012  0.96131156  3.45365227  3.63396698  4.08501497 -0.15586515]", "nit": "22"}, "17": {"maxiter": 1000, "gtol": 1e-05, "xrtol": 1e-05, "eps": 1e-10, "duration": 0.004907846450805664, "fun": "0.9697927832603455", "jac": "[0. 0. 0. 0. 0. 0.]", "hess_inv": "[[1 0 0 0 0 0]\n [0 1 0 0 0 0]\n [0 0 1 0 0 0]\n [0 0 0 1 0 0]\n [0 0 0 0 1 0]\n [0 0 0 0 0 1]]", "nfev": "7", "njev": "1", "status": "0", "success": "True", "message": "Optimization terminated successfully.", "x": "[4.01203743 3.41595138 4.17636853 5.76057901 1.81938371 0.42170113]", "nit": "0"}, "18": {"maxiter": 1000, "gtol": 1e-05, "xrtol": 1e-10, "eps": 1e-05, "duration": 0.11353683471679688, "fun": "0.3153243660926819", "jac": "[0. 0. 0. 0. 0. 0.]", "hess_inv": "[[ 7.28133462  5.29159947  1.51451992 -4.4605324   1.02559764  5.12139519]\n [ 5.29159947  6.61036871  1.80285818 -3.91248222  0.56117306  4.42028705]\n [ 1.51451992  1.80285818  2.53049525 -1.92561525 -0.44242859  1.96805035]\n [-4.4605324  -3.91248222 -1.92561525  5.48809641 -1.22565176 -4.12349224]\n [ 1.02559764  0.56117306 -0.44242859 -1.22565176  1.25001537  0.90948797]\n [ 5.12139519  4.42028705  1.96805035 -4.12349224  0.90948797  7.23237016]]", "nfev": "210", "njev": "30", "status": "0", "success": "True", "message": "Optimization terminated successfully.", "x": "[ 1.69774012  0.96131156  3.45365227  3.63396698  4.08501497 -0.15586515]", "nit": "22"}, "19": {"maxiter": 1000, "gtol": 1e-05, "xrtol": 1e-10, "eps": 1e-10, "duration": 0.005223751068115234, "fun": "0.9697927832603455", "jac": "[0. 0. 0. 0. 0. 0.]", "hess_inv": "[[1 0 0 0 0 0]\n [0 1 0 0 0 0]\n [0 0 1 0 0 0]\n [0 0 0 1 0 0]\n [0 0 0 0 1 0]\n [0 0 0 0 0 1]]", "nfev": "7", "njev": "1", "status": "0", "success": "True", "message": "Optimization terminated successfully.", "x": "[4.01203743 3.41595138 4.17636853 5.76057901 1.81938371 0.42170113]", "nit": "0"}, "20": {"maxiter": 1000, "gtol": 1e-10, "xrtol": 1e-05, "eps": 1e-05, "duration": 0.10438799858093262, "fun": "0.3153243660926819", "jac": "[0. 0. 0. 0. 0. 0.]", "hess_inv": "[[ 7.28133462  5.29159947  1.51451992 -4.4605324   1.02559764  5.12139519]\n [ 5.29159947  6.61036871  1.80285818 -3.91248222  0.56117306  4.42028705]\n [ 1.51451992  1.80285818  2.53049525 -1.92561525 -0.44242859  1.96805035]\n [-4.4605324  -3.91248222 -1.92561525  5.48809641 -1.22565176 -4.12349224]\n [ 1.02559764  0.56117306 -0.44242859 -1.22565176  1.25001537  0.90948797]\n [ 5.12139519  4.42028705  1.96805035 -4.12349224  0.90948797  7.23237016]]", "nfev": "210", "njev": "30", "status": "0", "success": "True", "message": "Optimization terminated successfully.", "x": "[ 1.69774012  0.96131156  3.45365227  3.63396698  4.08501497 -0.15586515]", "nit": "22"}, "21": {"maxiter": 1000, "gtol": 1e-10, "xrtol": 1e-05, "eps": 1e-10, "duration": 0.0030031204223632812, "fun": "0.9697927832603455", "jac": "[0. 0. 0. 0. 0. 0.]", "hess_inv": "[[1 0 0 0 0 0]\n [0 1 0 0 0 0]\n [0 0 1 0 0 0]\n [0 0 0 1 0 0]\n [0 0 0 0 1 0]\n [0 0 0 0 0 1]]", "nfev": "7", "njev": "1", "status": "0", "success": "True", "message": "Optimization terminated successfully.", "x": "[4.01203743 3.41595138 4.17636853 5.76057901 1.81938371 0.42170113]", "nit": "0"}, "22": {"maxiter": 1000, "gtol": 1e-10, "xrtol": 1e-10, "eps": 1e-05, "duration": 0.08940601348876953, "fun": "0.3153243660926819", "jac": "[0. 0. 0. 0. 0. 0.]", "hess_inv": "[[ 7.28133462  5.29159947  1.51451992 -4.4605324   1.02559764  5.12139519]\n [ 5.29159947  6.61036871  1.80285818 -3.91248222  0.56117306  4.42028705]\n [ 1.51451992  1.80285818  2.53049525 -1.92561525 -0.44242859  1.96805035]\n [-4.4605324  -3.91248222 -1.92561525  5.48809641 -1.22565176 -4.12349224]\n [ 1.02559764  0.56117306 -0.44242859 -1.22565176  1.25001537  0.90948797]\n [ 5.12139519  4.42028705  1.96805035 -4.12349224  0.90948797  7.23237016]]", "nfev": "210", "njev": "30", "status": "0", "success": "True", "message": "Optimization terminated successfully.", "x": "[ 1.69774012  0.96131156  3.45365227  3.63396698  4.08501497 -0.15586515]", "nit": "22"}, "23": {"maxiter": 1000, "gtol": 1e-10, "xrtol": 1e-10, "eps": 1e-10, "duration": 0.0033721923828125, "fun": "0.9697927832603455", "jac": "[0. 0. 0. 0. 0. 0.]", "hess_inv": "[[1 0 0 0 0 0]\n [0 1 0 0 0 0]\n [0 0 1 0 0 0]\n [0 0 0 1 0 0]\n [0 0 0 0 1 0]\n [0 0 0 0 0 1]]", "nfev": "7", "njev": "1", "status": "0", "success": "True", "message": "Optimization terminated successfully.", "x": "[4.01203743 3.41595138 4.17636853 5.76057901 1.81938371 0.42170113]", "nit": "0"}}, "cobyla": {"0": {"maxiter": 100, "tol": 1e-05, "catol": 1e-05, "duration": 0.04152989387512207, "x": "[ 4.57240552  4.09944639  6.60207859  3.63545768  4.14828457 -0.09670572]", "status": "2", "success": "False", "message": "Maximum number of function evaluations has been exceeded.", "nfev": "100", "fun": "0.3152685761451721", "maxcv": "0.0"}, "1": {"maxiter": 100, "tol": 1e-05, "catol": 1e-10, "duration": 0.03946805000305176, "x": "[ 4.57240552  4.09944639  6.60207859  3.63545768  4.14828457 -0.09670572]", "status": "2", "success": "False", "message": "Maximum number of function evaluations has been exceeded.", "nfev": "100", "fun": "0.3152685761451721", "maxcv": "0.0"}, "2": {"maxiter": 100, "tol": 1e-10, "catol": 1e-05, "duration": 0.03528404235839844, "x": "[ 4.57240552  4.09944639  6.60207859  3.63545768  4.14828457 -0.09670572]", "status": "2", "success": "False", "message": "Maximum number of function evaluations has been exceeded.", "nfev": "100", "fun": "0.3152685761451721", "maxcv": "0.0"}, "3": {"maxiter": 100, "tol": 1e-10, "catol": 1e-10, "duration": 0.0324709415435791, "x": "[ 4.57240552  4.09944639  6.60207859  3.63545768  4.14828457 -0.09670572]", "status": "2", "success": "False", "message": "Maximum number of function evaluations has been exceeded.", "nfev": "100", "fun": "0.3152685761451721", "maxcv": "0.0"}, "4": {"maxiter": 500, "tol": 1e-05, "catol": 1e-05, "duration": 0.059654951095581055, "x": "[ 4.57655425  4.10155011  6.60160945  3.63597845  4.1336452  -0.11025087]", "status": "1", "success": "True", "message": "Optimization terminated successfully.", "nfev": "174", "fun": "0.31525853276252747", "maxcv": "0.0"}, "5": {"maxiter": 500, "tol": 1e-05, "catol": 1e-10, "duration": 0.060804128646850586, "x": "[ 4.57655425  4.10155011  6.60160945  3.63597845  4.1336452  -0.11025087]", "status": "1", "success": "True", "message": "Optimization terminated successfully.", "nfev": "174", "fun": "0.31525853276252747", "maxcv": "0.0"}, "6": {"maxiter": 500, "tol": 1e-10, "catol": 1e-05, "duration": 0.09907770156860352, "x": "[ 4.57655425  4.10155011  6.60160945  3.63597845  4.1336452  -0.11025087]", "status": "1", "success": "True", "message": "Optimization terminated successfully.", "nfev": "207", "fun": "0.31525853276252747", "maxcv": "0.0"}, "7": {"maxiter": 500, "tol": 1e-10, "catol": 1e-10, "duration": 0.08434033393859863, "x": "[ 4.57655425  4.10155011  6.60160945  3.63597845  4.1336452  -0.11025087]", "status": "1", "success": "True", "message": "Optimization terminated successfully.", "nfev": "207", "fun": "0.31525853276252747", "maxcv": "0.0"}, "8": {"maxiter": 1000, "tol": 1e-05, "catol": 1e-05, "duration": 0.060626983642578125, "x": "[ 4.57655425  4.10155011  6.60160945  3.63597845  4.1336452  -0.11025087]", "status": "1", "success": "True", "message": "Optimization terminated successfully.", "nfev": "174", "fun": "0.31525853276252747", "maxcv": "0.0"}, "9": {"maxiter": 1000, "tol": 1e-05, "catol": 1e-10, "duration": 0.05414104461669922, "x": "[ 4.57655425  4.10155011  6.60160945  3.63597845  4.1336452  -0.11025087]", "status": "1", "success": "True", "message": "Optimization terminated successfully.", "nfev": "174", "fun": "0.31525853276252747", "maxcv": "0.0"}, "10": {"maxiter": 1000, "tol": 1e-10, "catol": 1e-05, "duration": 0.06537914276123047, "x": "[ 4.57655425  4.10155011  6.60160945  3.63597845  4.1336452  -0.11025087]", "status": "1", "success": "True", "message": "Optimization terminated successfully.", "nfev": "207", "fun": "0.31525853276252747", "maxcv": "0.0"}, "11": {"maxiter": 1000, "tol": 1e-10, "catol": 1e-10, "duration": 0.06303691864013672, "x": "[ 4.57655425  4.10155011  6.60160945  3.63597845  4.1336452  -0.11025087]", "status": "1", "success": "True", "message": "Optimization terminated successfully.", "nfev": "207", "fun": "0.31525853276252747", "maxcv": "0.0"}}, "powell": {"0": {"maxiter": 100, "ftol": 1e-05, "xtol": 1e-05, "duration": 0.30354976654052734, "fun": "0.315258264541626", "direc": "[[-1.28200297e-02 -5.56807233e-03 -1.12819592e-03 -2.29236278e-03\n  -2.79246486e-02 -2.32602762e-02]\n [ 0.00000000e+00  1.00000000e+00  0.00000000e+00  0.00000000e+00\n   0.00000000e+00  0.00000000e+00]\n [ 0.00000000e+00  0.00000000e+00  1.00000000e+00  0.00000000e+00\n   0.00000000e+00  0.00000000e+00]\n [ 0.00000000e+00  0.00000000e+00  0.00000000e+00  1.00000000e+00\n   0.00000000e+00  0.00000000e+00]\n [ 0.00000000e+00  0.00000000e+00  0.00000000e+00  0.00000000e+00\n   0.00000000e+00  1.00000000e+00]\n [ 1.26466431e-03  1.71822813e-03 -6.46966421e-04  1.06536280e-03\n  -3.51918196e-03 -3.04339905e-03]]", "nit": "11", "nfev": "986", "status": "0", "success": "True", "message": "Optimization terminated successfully.", "x": "[ 1.7064368   0.95994286  3.45971004  3.63618531  4.13075648 -0.11292436]"}, "1": {"maxiter": 100, "ftol": 1e-05, "xtol": 1e-10, "duration": 0.6435010433197021, "fun": "0.315258264541626", "direc": "[[-1.31105668e-02 -4.87749221e-03 -9.17621352e-04 -2.40138722e-03\n  -2.91436943e-02 -2.41069890e-02]\n [ 0.00000000e+00  1.00000000e+00  0.00000000e+00  0.00000000e+00\n   0.00000000e+00  0.00000000e+00]\n [ 0.00000000e+00  0.00000000e+00  1.00000000e+00  0.00000000e+00\n   0.00000000e+00  0.00000000e+00]\n [ 0.00000000e+00  0.00000000e+00  0.00000000e+00  1.00000000e+00\n   0.00000000e+00  0.00000000e+00]\n [ 0.00000000e+00  0.00000000e+00  0.00000000e+00  0.00000000e+00\n   0.00000000e+00  1.00000000e+00]\n [ 8.13313194e-04  1.58476696e-03 -6.09402582e-04  8.78213847e-04\n  -3.59561369e-03 -3.16521045e-03]]", "nit": "11", "nfev": "2234", "status": "0", "success": "True", "message": "Optimization terminated successfully.", "x": "[ 1.70608904  0.9602429   3.45978496  3.6361316   4.13072905 -0.11290576]"}, "2": {"maxiter": 100, "ftol": 1e-10, "xtol": 1e-05, "duration": 0.4120190143585205, "fun": "0.315258264541626", "direc": "[[-1.28200297e-02 -5.56807233e-03 -1.12819592e-03 -2.29236278e-03\n  -2.79246486e-02 -2.32602762e-02]\n [ 0.00000000e+00  1.00000000e+00  0.00000000e+00  0.00000000e+00\n   0.00000000e+00  0.00000000e+00]\n [ 0.00000000e+00  0.00000000e+00  1.00000000e+00  0.00000000e+00\n   0.00000000e+00  0.00000000e+00]\n [ 0.00000000e+00  0.00000000e+00  0.00000000e+00  1.00000000e+00\n   0.00000000e+00  0.00000000e+00]\n [ 0.00000000e+00  0.00000000e+00  0.00000000e+00  0.00000000e+00\n   0.00000000e+00  1.00000000e+00]\n [ 1.26466431e-03  1.71822813e-03 -6.46966421e-04  1.06536280e-03\n  -3.51918196e-03 -3.04339905e-03]]", "nit": "12", "nfev": "1155", "status": "0", "success": "True", "message": "Optimization terminated successfully.", "x": "[ 1.70643833  0.95994353  3.45972208  3.63616882  4.13075981 -0.11292413]"}, "3": {"maxiter": 100, "ftol": 1e-10, "xtol": 1e-10, "duration": 0.8624870777130127, "fun": "0.315258264541626", "direc": "[[-1.31105668e-02 -4.87749221e-03 -9.17621352e-04 -2.40138722e-03\n  -2.91436943e-02 -2.41069890e-02]\n [ 0.00000000e+00  1.00000000e+00  0.00000000e+00  0.00000000e+00\n   0.00000000e+00  0.00000000e+00]\n [ 0.00000000e+00  0.00000000e+00  1.00000000e+00  0.00000000e+00\n   0.00000000e+00  0.00000000e+00]\n [ 0.00000000e+00  0.00000000e+00  0.00000000e+00  1.00000000e+00\n   0.00000000e+00  0.00000000e+00]\n [ 0.00000000e+00  0.00000000e+00  0.00000000e+00  0.00000000e+00\n   0.00000000e+00  1.00000000e+00]\n [ 8.13313194e-04  1.58476696e-03 -6.09402582e-04  8.78213847e-04\n  -3.59561369e-03 -3.16521045e-03]]", "nit": "11", "nfev": "2234", "status": "0", "success": "True", "message": "Optimization terminated successfully.", "x": "[ 1.70608904  0.9602429   3.45978496  3.6361316   4.13072905 -0.11290576]"}, "4": {"maxiter": 500, "ftol": 1e-05, "xtol": 1e-05, "duration": 0.4480290412902832, "fun": "0.315258264541626", "direc": "[[-1.28200297e-02 -5.56807233e-03 -1.12819592e-03 -2.29236278e-03\n  -2.79246486e-02 -2.32602762e-02]\n [ 0.00000000e+00  1.00000000e+00  0.00000000e+00  0.00000000e+00\n   0.00000000e+00  0.00000000e+00]\n [ 0.00000000e+00  0.00000000e+00  1.00000000e+00  0.00000000e+00\n   0.00000000e+00  0.00000000e+00]\n [ 0.00000000e+00  0.00000000e+00  0.00000000e+00  1.00000000e+00\n   0.00000000e+00  0.00000000e+00]\n [ 0.00000000e+00  0.00000000e+00  0.00000000e+00  0.00000000e+00\n   0.00000000e+00  1.00000000e+00]\n [ 1.26466431e-03  1.71822813e-03 -6.46966421e-04  1.06536280e-03\n  -3.51918196e-03 -3.04339905e-03]]", "nit": "11", "nfev": "986", "status": "0", "success": "True", "message": "Optimization terminated successfully.", "x": "[ 1.7064368   0.95994286  3.45971004  3.63618531  4.13075648 -0.11292436]"}, "5": {"maxiter": 500, "ftol": 1e-05, "xtol": 1e-10, "duration": 0.82989501953125, "fun": "0.315258264541626", "direc": "[[-1.31105668e-02 -4.87749221e-03 -9.17621352e-04 -2.40138722e-03\n  -2.91436943e-02 -2.41069890e-02]\n [ 0.00000000e+00  1.00000000e+00  0.00000000e+00  0.00000000e+00\n   0.00000000e+00  0.00000000e+00]\n [ 0.00000000e+00  0.00000000e+00  1.00000000e+00  0.00000000e+00\n   0.00000000e+00  0.00000000e+00]\n [ 0.00000000e+00  0.00000000e+00  0.00000000e+00  1.00000000e+00\n   0.00000000e+00  0.00000000e+00]\n [ 0.00000000e+00  0.00000000e+00  0.00000000e+00  0.00000000e+00\n   0.00000000e+00  1.00000000e+00]\n [ 8.13313194e-04  1.58476696e-03 -6.09402582e-04  8.78213847e-04\n  -3.59561369e-03 -3.16521045e-03]]", "nit": "11", "nfev": "2234", "status": "0", "success": "True", "message": "Optimization terminated successfully.", "x": "[ 1.70608904  0.9602429   3.45978496  3.6361316   4.13072905 -0.11290576]"}, "6": {"maxiter": 500, "ftol": 1e-10, "xtol": 1e-05, "duration": 0.41472291946411133, "fun": "0.315258264541626", "direc": "[[-1.28200297e-02 -5.56807233e-03 -1.12819592e-03 -2.29236278e-03\n  -2.79246486e-02 -2.32602762e-02]\n [ 0.00000000e+00  1.00000000e+00  0.00000000e+00  0.00000000e+00\n   0.00000000e+00  0.00000000e+00]\n [ 0.00000000e+00  0.00000000e+00  1.00000000e+00  0.00000000e+00\n   0.00000000e+00  0.00000000e+00]\n [ 0.00000000e+00  0.00000000e+00  0.00000000e+00  1.00000000e+00\n   0.00000000e+00  0.00000000e+00]\n 