{"date": "2024/10/08/, 13:35:59", "conf_id": 1, "data_type": "random\n", "num_data_points": 1, "s_rank": 0, "unitary": "[[-0.56303964-0.00798273j,-0.21670212-0.15784972j,-0.06047197-0.73952673j,-0.01438004+0.24552571j],[-0.06976756+0.23474685j,-0.01275565-0.5435098j,-0.02703657-0.08917885j,-0.08210486-0.79311774j],[-0.38559961+0.10714929j,0.5933431-0.2687392j,-0.24060861+0.29149289j,-0.45147719+0.26241743j],[-0.50180421+0.45931857j,-0.11617175+0.44134496j,0.49642745+0.22684508j,-0.08544628-0.15407063j]]", "databatch_0": {"databatch": "[[[0.13097013+0.12006982j,-0.14593665-0.09634602j,-0.06364278+0.05900074j,0.04976175-0.16136353j],[-0.05970905-0.05036634j,0.0658529+0.03967376j,0.02688563-0.02707164j,-0.01893102+0.07178422j],[-0.34609938-0.25660397j,0.37622185+0.19561964j,0.13863591-0.15831944j,-0.07938546+0.40169886j],[0.21023659-0.23237435j,-0.16822327+0.25849413j,0.1047932+0.11155645j,-0.28516049-0.08588756j]]]", "initial param values": "[3.41540047,2.541397,6.18516576,4.43158908,0.72966151,1.01529218]", "nelder_mead": {"type": "gradient-free", "0": {"maxiter": 100, "fatol": 1e-05, "xatol": 1e-05, "duration": 0.06651496887207031, "fun": "0.05779899306626424", "nit": "100", "nfev": "161", "status": "2", "success": "False", "message": "Maximum number of iterations has been exceeded.", "x": "[2.62927716 5.27887719 4.91431945 1.26958672 0.56028253 0.09610876]", "final_simplex": "(array([[2.62927716, 5.27887719, 4.91431945, 1.26958672, 0.56028253,\n        0.09610876],\n       [2.58222734, 5.27101187, 4.99309415, 1.33529005, 0.56265294,\n        0.07816117],\n       [2.67733136, 5.37379587, 4.96812251, 1.22872508, 0.53371133,\n        0.08811273],\n       [2.6705548 , 5.34163334, 4.88471741, 1.18050431, 0.55655296,\n        0.08568933],\n       [2.59897676, 5.2934009 , 4.91592386, 1.28356344, 0.54832313,\n        0.09534729],\n       [2.62663907, 5.32587439, 5.03431621, 1.35090068, 0.51007368,\n        0.09140137],\n       [2.57149238, 5.29907356, 4.99594164, 1.25493026, 0.53997829,\n        0.06921108]]), array([0.05779899, 0.05789952, 0.05794875, 0.05797066, 0.05822952,\n       0.05830061, 0.05840296]))", "callback": [0.39401657486428254, 0.3815736910295702, 0.3450355540989646, 0.14952792934114723, 0.09298671938026248, 0.07858532118063744, 0.06977215087633948, 0.06335303705610418, 0.06034721535776355, 0.05794874664673266]}, "1": {"maxiter": 100, "fatol": 1e-05, "xatol": 1e-10, "duration": 0.060006141662597656, "fun": "0.05779899306626424", "nit": "100", "nfev": "161", "status": "2", "success": "False", "message": "Maximum number of iterations has been exceeded.", "x": "[2.62927716 5.27887719 4.91431945 1.26958672 0.56028253 0.09610876]", "final_simplex": "(array([[2.62927716, 5.27887719, 4.91431945, 1.26958672, 0.56028253,\n        0.09610876],\n       [2.58222734, 5.27101187, 4.99309415, 1.33529005, 0.56265294,\n        0.07816117],\n       [2.67733136, 5.37379587, 4.96812251, 1.22872508, 0.53371133,\n        0.08811273],\n       [2.6705548 , 5.34163334, 4.88471741, 1.18050431, 0.55655296,\n        0.08568933],\n       [2.59897676, 5.2934009 , 4.91592386, 1.28356344, 0.54832313,\n        0.09534729],\n       [2.62663907, 5.32587439, 5.03431621, 1.35090068, 0.51007368,\n        0.09140137],\n       [2.57149238, 5.29907356, 4.99594164, 1.25493026, 0.53997829,\n        0.06921108]]), array([0.05779899, 0.05789952, 0.05794875, 0.05797066, 0.05822952,\n       0.05830061, 0.05840296]))", "callback": [0.39401657486428254, 0.3815736910295702, 0.3450355540989646, 0.14952792934114723, 0.09298671938026248, 0.07858532118063744, 0.06977215087633948, 0.06335303705610418, 0.06034721535776355, 0.05794874664673266]}, "2": {"maxiter": 100, "fatol": 1e-10, "xatol": 1e-05, "duration": 0.05457305908203125, "fun": "0.05779899306626424", "nit": "100", "nfev": "161", "status": "2", "success": "False", "message": "Maximum number of iterations has been exceeded.", "x": "[2.62927716 5.27887719 4.91431945 1.26958672 0.56028253 0.09610876]", "final_simplex": "(array([[2.62927716, 5.27887719, 4.91431945, 1.26958672, 0.56028253,\n        0.09610876],\n       [2.58222734, 5.27101187, 4.99309415, 1.33529005, 0.56265294,\n        0.07816117],\n       [2.67733136, 5.37379587, 4.96812251, 1.22872508, 0.53371133,\n        0.08811273],\n       [2.6705548 , 5.34163334, 4.88471741, 1.18050431, 0.55655296,\n        0.08568933],\n       [2.59897676, 5.2934009 , 4.91592386, 1.28356344, 0.54832313,\n        0.09534729],\n       [2.62663907, 5.32587439, 5.03431621, 1.35090068, 0.51007368,\n        0.09140137],\n       [2.57149238, 5.29907356, 4.99594164, 1.25493026, 0.53997829,\n        0.06921108]]), array([0.05779899, 0.05789952, 0.05794875, 0.05797066, 0.05822952,\n       0.05830061, 0.05840296]))", "callback": [0.39401657486428254, 0.3815736910295702, 0.3450355540989646, 0.14952792934114723, 0.09298671938026248, 0.07858532118063744, 0.06977215087633948, 0.06335303705610418, 0.06034721535776355, 0.05794874664673266]}, "3": {"maxiter": 100, "fatol": 1e-10, "xatol": 1e-10, "duration": 0.05569100379943848, "fun": "0.05779899306626424", "nit": "100", "nfev": "161", "status": "2", "success": "False", "message": "Maximum number of iterations has been exceeded.", "x": "[2.62927716 5.27887719 4.91431945 1.26958672 0.56028253 0.09610876]", "final_simplex": "(array([[2.62927716, 5.27887719, 4.91431945, 1.26958672, 0.56028253,\n        0.09610876],\n       [2.58222734, 5.27101187, 4.99309415, 1.33529005, 0.56265294,\n        0.07816117],\n       [2.67733136, 5.37379587, 4.96812251, 1.22872508, 0.53371133,\n        0.08811273],\n       [2.6705548 , 5.34163334, 4.88471741, 1.18050431, 0.55655296,\n        0.08568933],\n       [2.59897676, 5.2934009 , 4.91592386, 1.28356344, 0.54832313,\n        0.09534729],\n       [2.62663907, 5.32587439, 5.03431621, 1.35090068, 0.51007368,\n        0.09140137],\n       [2.57149238, 5.29907356, 4.99594164, 1.25493026, 0.53997829,\n        0.06921108]]), array([0.05779899, 0.05789952, 0.05794875, 0.05797066, 0.05822952,\n       0.05830061, 0.05840296]))", "callback": [0.39401657486428254, 0.3815736910295702, 0.3450355540989646, 0.14952792934114723, 0.09298671938026248, 0.07858532118063744, 0.06977215087633948, 0.06335303705610418, 0.06034721535776355, 0.05794874664673266]}, "4": {"maxiter": 500, "fatol": 1e-05, "xatol": 1e-05, "duration": 0.14931511878967285, "fun": "0.056596147839772626", "nit": "268", "nfev": "440", "status": "0", "success": "True", "message": "Optimization terminated successfully.", "x": "[2.63292216 5.43837478 5.08350665 1.28891326 0.60086413 0.01900308]", "final_simplex": "(array([[2.63292216, 5.43837478, 5.08350665, 1.28891326, 0.60086413,\n        0.01900308],\n       [2.63292076, 5.43836966, 5.08350822, 1.28891545, 0.60086323,\n        0.01900295],\n       [2.63292302, 5.43837362, 5.08350744, 1.28891034, 0.60086319,\n        0.0190028 ],\n       [2.63292212, 5.43837969, 5.08351171, 1.28891293, 0.60086476,\n        0.01900009],\n       [2.63292279, 5.43836696, 5.08349984, 1.28891081, 0.60086451,\n        0.01900426],\n       [2.63291763, 5.43837261, 5.08350576, 1.28891039, 0.60086608,\n        0.01900254],\n       [2.63292422, 5.43837865, 5.08351041, 1.28891152, 0.60086694,\n        0.01899959]]), array([0.05659615, 0.05659615, 0.05659615, 0.05659615, 0.05659615,\n       0.05659615, 0.05659615]))", "callback": [0.39401657486428254, 0.3815736910295702, 0.3450355540989646, 0.14952792934114723, 0.09298671938026248, 0.07858532118063744, 0.06977215087633948, 0.06335303705610418, 0.06034721535776355, 0.05794874664673266, 0.05772655115940739, 0.05733587131886131, 0.05722629971693771, 0.057162427654837034, 0.056943140883756405, 0.05664160505022564, 0.056619467994219574, 0.05660716118281439, 0.05659798327354271, 0.056596400065636154, 0.05659620870178261, 0.05659615881118618, 0.05659614980255967, 0.05659614833368287, 0.05659614790165324, 0.05659614785183298, 0.056596147840729416]}, "5": {"maxiter": 500, "fatol": 1e-05, "xatol": 1e-10, "duration": 0.24324417114257812, "fun": "0.056596147838765876", "nit": "351", "nfev": "638", "status": "0", "success": "True", "message": "Optimization terminated successfully.", "x": "[2.63292132 5.43837301 5.08350704 1.28891296 0.60086464 0.0190023 ]", "final_simplex": "(array([[2.63292132, 5.43837301, 5.08350704, 1.28891296, 0.60086464,\n        0.0190023 ],\n       [2.63292132, 5.43837301, 5.08350704, 1.28891296, 0.60086464,\n        0.0190023 ],\n       [2.63292132, 5.43837301, 5.08350704, 1.28891296, 0.60086464,\n        0.0190023 ],\n       [2.63292132, 5.43837301, 5.08350704, 1.28891296, 0.60086464,\n        0.0190023 ],\n       [2.63292132, 5.43837301, 5.08350704, 1.28891296, 0.60086464,\n        0.0190023 ],\n       [2.63292132, 5.43837301, 5.08350704, 1.28891296, 0.60086464,\n        0.0190023 ],\n       [2.63292132, 5.43837301, 5.08350704, 1.28891296, 0.60086464,\n        0.0190023 ]]), array([0.05659615, 0.05659615, 0.05659615, 0.05659615, 0.05659615,\n       0.05659615, 0.05659615]))", "callback": [0.39401657486428254, 0.3815736910295702, 0.3450355540989646, 0.14952792934114723, 0.09298671938026248, 0.07858532118063744, 0.06977215087633948, 0.06335303705610418, 0.06034721535776355, 0.05794874664673266, 0.05772655115940739, 0.05733587131886131, 0.05722629971693771, 0.057162427654837034, 0.056943140883756405, 0.05664160505022564, 0.056619467994219574, 0.05660716118281439, 0.05659798327354271, 0.056596400065636154, 0.05659620870178261, 0.05659615881118618, 0.05659614980255967, 0.05659614833368287, 0.05659614790165324, 0.05659614785183298, 0.056596147840729416, 0.056596147839225175, 0.05659614783879052, 0.056596147838773314, 0.056596147838767985, 0.0565961478387661, 0.056596147838765876, 0.056596147838765876, 0.056596147838765876, 0.056596147838765876]}, "6": {"maxiter": 500, "fatol": 1e-10, "xatol": 1e-05, "duration": 0.1695418357849121, "fun": "0.056596147839772626", "nit": "268", "nfev": "440", "status": "0", "success": "True", "message": "Optimization terminated successfully.", "x": "[2.63292216 5.43837478 5.08350665 1.28891326 0.60086413 0.01900308]", "final_simplex": "(array([[2.63292216, 5.43837478, 5.08350665, 1.28891326, 0.60086413,\n        0.01900308],\n       [2.63292076, 5.43836966, 5.08350822, 1.28891545, 0.60086323,\n        0.01900295],\n       [2.63292302, 5.43837362, 5.08350744, 1.28891034, 0.60086319,\n        0.0190028 ],\n       [2.63292212, 5.43837969, 5.08351171, 1.28891293, 0.60086476,\n        0.01900009],\n       [2.63292279, 5.43836696, 5.08349984, 1.28891081, 0.60086451,\n        0.01900426],\n       [2.63291763, 5.43837261, 5.08350576, 1.28891039, 0.60086608,\n        0.01900254],\n       [2.63292422, 5.43837865, 5.08351041, 1.28891152, 0.60086694,\n        0.01899959]]), array([0.05659615, 0.05659615, 0.05659615, 0.05659615, 0.05659615,\n       0.05659615, 0.05659615]))", "callback": [0.39401657486428254, 0.3815736910295702, 0.3450355540989646, 0.14952792934114723, 0.09298671938026248, 0.07858532118063744, 0.06977215087633948, 0.06335303705610418, 0.06034721535776355, 0.05794874664673266, 0.05772655115940739, 0.05733587131886131, 0.05722629971693771, 0.057162427654837034, 0.056943140883756405, 0.05664160505022564, 0.056619467994219574, 0.05660716118281439, 0.05659798327354271, 0.056596400065636154, 0.05659620870178261, 0.05659615881118618, 0.05659614980255967, 0.05659614833368287, 0.05659614790165324, 0.05659614785183298, 0.056596147840729416]}, "7": {"maxiter": 500, "fatol": 1e-10, "xatol": 1e-10, "duration": 0.21773481369018555, "fun": "0.056596147838765876", "nit": "351", "nfev": "638", "status": "0", "success": "True", "message": "Optimization terminated successfully.", "x": "[2.63292132 5.43837301 5.08350704 1.28891296 0.60086464 0.0190023 ]", "final_simplex": "(array([[2.63292132, 5.43837301, 5.08350704, 1.28891296, 0.60086464,\n        0.0190023 ],\n       [2.63292132, 5.43837301, 5.08350704, 1.28891296, 0.60086464,\n        0.0190023 ],\n       [2.63292132, 5.43837301, 5.08350704, 1.28891296, 0.60086464,\n        0.0190023 ],\n       [2.63292132, 5.43837301, 5.08350704, 1.28891296, 0.60086464,\n        0.0190023 ],\n       [2.63292132, 5.43837301, 5.08350704, 1.28891296, 0.60086464,\n        0.0190023 ],\n       [2.63292132, 5.43837301, 5.08350704, 1.28891296, 0.60086464,\n        0.0190023 ],\n       [2.63292132, 5.43837301, 5.08350704, 1.28891296, 0.60086464,\n        0.0190023 ]]), array([0.05659615, 0.05659615, 0.05659615, 0.05659615, 0.05659615,\n       0.05659615, 0.05659615]))", "callback": [0.39401657486428254, 0.3815736910295702, 0.3450355540989646, 0.14952792934114723, 0.09298671938026248, 0.07858532118063744, 0.06977215087633948, 0.06335303705610418, 0.06034721535776355, 0.05794874664673266, 0.05772655115940739, 0.05733587131886131, 0.05722629971693771, 0.057162427654837034, 0.056943140883756405, 0.05664160505022564, 0.056619467994219574, 0.05660716118281439, 0.05659798327354271, 0.056596400065636154, 0.05659620870178261, 0.05659615881118618, 0.05659614980255967, 0.05659614833368287, 0.05659614790165324, 0.05659614785183298, 0.056596147840729416, 0.056596147839225175, 0.05659614783879052, 0.056596147838773314, 0.056596147838767985, 0.0565961478387661, 0.056596147838765876, 0.056596147838765876, 0.056596147838765876, 0.056596147838765876]}, "8": {"maxiter": 1000, "fatol": 1e-05, "xatol": 1e-05, "duration": 0.1584029197692871, "fun": "0.056596147839772626", "nit": "268", "nfev": "440", "status": "0", "success": "True", "message": "Optimization terminated successfully.", "x": "[2.63292216 5.43837478 5.08350665 1.28891326 0.60086413 0.01900308]", "final_simplex": "(array([[2.63292216, 5.43837478, 5.08350665, 1.28891326, 0.60086413,\n        0.01900308],\n       [2.63292076, 5.43836966, 5.08350822, 1.28891545, 0.60086323,\n        0.01900295],\n       [2.63292302, 5.43837362, 5.08350744, 1.28891034, 0.60086319,\n        0.0190028 ],\n       [2.63292212, 5.43837969, 5.08351171, 1.28891293, 0.60086476,\n        0.01900009],\n       [2.63292279, 5.43836696, 5.08349984, 1.28891081, 0.60086451,\n        0.01900426],\n       [2.63291763, 5.43837261, 5.08350576, 1.28891039, 0.60086608,\n        0.01900254],\n       [2.63292422, 5.43837865, 5.08351041, 1.28891152, 0.60086694,\n        0.01899959]]), array([0.05659615, 0.05659615, 0.05659615, 0.05659615, 0.05659615,\n       0.05659615, 0.05659615]))", "callback": [0.39401657486428254, 0.3815736910295702, 0.3450355540989646, 0.14952792934114723, 0.09298671938026248, 0.07858532118063744, 0.06977215087633948, 0.06335303705610418, 0.06034721535776355, 0.05794874664673266, 0.05772655115940739, 0.05733587131886131, 0.05722629971693771, 0.057162427654837034, 0.056943140883756405, 0.05664160505022564, 0.056619467994219574, 0.05660716118281439, 0.05659798327354271, 0.056596400065636154, 0.05659620870178261, 0.05659615881118618, 0.05659614980255967, 0.05659614833368287, 0.05659614790165324, 0.05659614785183298, 0.056596147840729416]}, "9": {"maxiter": 1000, "fatol": 1e-05, "xatol": 1e-10, "duration": 0.23473286628723145, "fun": "0.056596147838765876", "nit": "351", "nfev": "638", "status": "0", "success": "True", "message": "Optimization terminated successfully.", "x": "[2.63292132 5.43837301 5.08350704 1.28891296 0.60086464 0.0190023 ]", "final_simplex": "(array([[2.63292132, 5.43837301, 5.08350704, 1.28891296, 0.60086464,\n        0.0190023 ],\n       [2.63292132, 5.43837301, 5.08350704, 1.28891296, 0.60086464,\n        0.0190023 ],\n       [2.63292132, 5.43837301, 5.08350704, 1.28891296, 0.60086464,\n        0.0190023 ],\n       [2.63292132, 5.43837301, 5.08350704, 1.28891296, 0.60086464,\n        0.0190023 ],\n       [2.63292132, 5.43837301, 5.08350704, 1.28891296, 0.60086464,\n        0.0190023 ],\n       [2.63292132, 5.43837301, 5.08350704, 1.28891296, 0.60086464,\n        0.0190023 ],\n       [2.63292132, 5.43837301, 5.08350704, 1.28891296, 0.60086464,\n        0.0190023 ]]), array([0.05659615, 0.05659615, 0.05659615, 0.05659615, 0.05659615,\n       0.05659615, 0.05659615]))", "callback": [0.39401657486428254, 0.3815736910295702, 0.3450355540989646, 0.14952792934114723, 0.09298671938026248, 0.07858532118063744, 0.06977215087633948, 0.06335303705610418, 0.06034721535776355, 0.05794874664673266, 0.05772655115940739, 0.05733587131886131, 0.05722629971693771, 0.057162427654837034, 0.056943140883756405, 0.05664160505022564, 0.056619467994219574, 0.05660716118281439, 0.05659798327354271, 0.056596400065636154, 0.05659620870178261, 0.05659615881118618, 0.05659614980255967, 0.05659614833368287, 0.05659614790165324, 0.05659614785183298, 0.056596147840729416, 0.056596147839225175, 0.05659614783879052, 0.056596147838773314, 0.056596147838767985, 0.0565961478387661, 0.056596147838765876, 0.056596147838765876, 0.056596147838765876, 0.056596147838765876]}, "10": {"maxiter": 1000, "fatol": 1e-10, "xatol": 1e-05, "duration": 0.164290189743042, "fun": "0.056596147839772626", "nit": "268", "nfev": "440", "status": "0", "success": "True", "message": "Optimization terminated successfully.", "x": "[2.63292216 5.43837478 5.08350665 1.28891326 0.60086413 0.01900308]", "final_simplex": "(array([[2.63292216, 5.43837478, 5.08350665, 1.28891326, 0.60086413,\n        0.01900308],\n       [2.63292076, 5.43836966, 5.08350822, 1.28891545, 0.60086323,\n        0.01900295],\n       [2.63292302, 5.43837362, 5.08350744, 1.28891034, 0.60086319,\n        0.0190028 ],\n       [2.63292212, 5.43837969, 5.08351171, 1.28891293, 0.60086476,\n        0.01900009],\n       [2.63292279, 5.43836696, 5.08349984, 1.28891081, 0.60086451,\n        0.01900426],\n       [2.63291763, 5.43837261, 5.08350576, 1.28891039, 0.60086608,\n        0.01900254],\n       [2.63292422, 5.43837865, 5.08351041, 1.28891152, 0.60086694,\n        0.01899959]]), array([0.05659615, 0.05659615, 0.05659615, 0.05659615, 0.05659615,\n       0.05659615, 0.05659615]))", "callback": [0.39401657486428254, 0.3815736910295702, 0.3450355540989646, 0.14952792934114723, 0.09298671938026248, 0.07858532118063744, 0.06977215087633948, 0.06335303705610418, 0.06034721535776355, 0.05794874664673266, 0.05772655115940739, 0.05733587131886131, 0.05722629971693771, 0.057162427654837034, 0.056943140883756405, 0.05664160505022564, 0.056619467994219574, 0.05660716118281439, 0.05659798327354271, 0.056596400065636154, 0.05659620870178261, 0.05659615881118618, 0.05659614980255967, 0.05659614833368287, 0.05659614790165324, 0.05659614785183298, 0.056596147840729416]}, "11": {"maxiter": 1000, "fatol": 1e-10, "xatol": 1e-10, "duration": 0.22921395301818848, "fun": "0.056596147838765876", "nit": "351", "nfev": "638", "status": "0", "success": "True", "message": "Optimization terminated successfully.", "x": "[2.63292132 5.43837301 5.08350704 1.28891296 0.60086464 0.0190023 ]", "final_simplex": "(array([[2.63292132, 5.43837301, 5.08350704, 1.28891296, 0.60086464,\n        0.0190023 ],\n       [2.63292132, 5.43837301, 5.08350704, 1.28891296, 0.60086464,\n        0.0190023 ],\n       [2.63292132, 5.43837301, 5.08350704, 1.28891296, 0.60086464,\n        0.0190023 ],\n       [2.63292132, 5.43837301, 5.08350704, 1.28891296, 0.60086464,\n        0.0190023 ],\n       [2.63292132, 5.43837301, 5.08350704, 1.28891296, 0.60086464,\n        0.0190023 ],\n       [2.63292132, 5.43837301, 5.08350704, 1.28891296, 0.60086464,\n        0.0190023 ],\n       [2.63292132, 5.43837301, 5.08350704, 1.28891296, 0.60086464,\n        0.0190023 ]]), array([0.05659615, 0.05659615, 0.05659615, 0.05659615, 0.05659615,\n       0.05659615, 0.05659615]))", "callback": [0.39401657486428254, 0.3815736910295702, 0.3450355540989646, 0.14952792934114723, 0.09298671938026248, 0.07858532118063744, 0.06977215087633948, 0.06335303705610418, 0.06034721535776355, 0.05794874664673266, 0.05772655115940739, 0.05733587131886131, 0.05722629971693771, 0.057162427654837034, 0.056943140883756405, 0.05664160505022564, 0.056619467994219574, 0.05660716118281439, 0.05659798327354271, 0.056596400065636154, 0.05659620870178261, 0.05659615881118618, 0.05659614980255967, 0.05659614833368287, 0.05659614790165324, 0.05659614785183298, 0.056596147840729416, 0.056596147839225175, 0.05659614783879052, 0.056596147838773314, 0.056596147838767985, 0.0565961478387661, 0.056596147838765876, 0.056596147838765876, 0.056596147838765876, 0.056596147838765876]}}, "bfgs": {"type": "gradient", "0": {"maxiter": 100, "gtol": 1e-05, "xrtol": 1e-05, "eps": 1e-05, "duration": 0.08222699165344238, "fun": "0.056596148048544626", "jac": "[ 3.76685350e-06 -8.78042083e-07  1.69255721e-06 -3.48905349e-06\n -2.07507345e-06 -1.84995352e-06]", "hess_inv": "[[ 4.91390876 -1.18107125 -2.48388286  1.35901671 -2.09848059  0.52888599]\n [-1.18107125 20.7143227  20.41761167  2.77169568  9.51834626 -4.69388503]\n [-2.48388286 20.41761167 25.1842825   3.76883601  9.58306668 -5.09947414]\n [ 1.35901671  2.77169568  3.76883601  3.68882666  0.27156275 -0.0326871 ]\n [-2.09848059  9.51834626  9.58306668  0.27156275  6.28832744 -2.39460792]\n [ 0.52888599 -4.69388503 -5.09947414 -0.0326871  -2.39460792  2.42306874]]", "nfev": "210", "njev": "30", "status": "0", "success": "True", "message": "Optimization terminated successfully.", "x": "[ 3.56911761  0.44866854  5.27373004  6.19395017 -1.15726709  1.22623874]", "nit": "26", "callback": [0.3405031180949687, 0.2685899412824201, 0.2515647824827034, 0.22504960209655622, 0.19825005633344417, 0.18192111143167178, 0.15312028007224776, 0.11620074607861042, 0.09240957444449316, 0.08362313640171182, 0.08209610122869404, 0.08164777774690801, 0.08142564802588437, 0.079789113942905, 0.07717096841485627, 0.07270450453643196, 0.06535512490270023, 0.0607900603065713, 0.058626719137062855, 0.0568992529925032, 0.05666562113751494, 0.05660982782069379, 0.05659715985925651, 0.056596168050655704, 0.056596150313682037, 0.056596148048544626]}, "1": {"maxiter": 100, "gtol": 1e-05, "xrtol": 1e-05, "eps": 1e-10, "duration": 0.07891321182250977, "fun": "0.056596147854273915", "jac": "[ 1.11022293e-06  0.00000000e+00  0.00000000e+00 -3.33066880e-06\n  1.11022293e-06  1.11022293e-06]", "hess_inv": "[[ 4.63967346 -0.69254502 -2.027713    1.49590965 -1.77068483  0.50112123]\n [-0.69254502 23.26817344 23.10798119  2.98114065 10.85588008 -5.14339312]\n [-2.027713   23.10798119 27.97930266  3.95210178 11.0150385  -5.57203864]\n [ 1.49590965  2.98114065  3.95210178  3.44956159  0.459613   -0.08868189]\n [-1.77068483 10.85588008 11.0150385   0.459613    6.94706815 -2.62650125]\n [ 0.50112123 -5.14339312 -5.57203864 -0.08868189 -2.62650125  2.50574579]]", "nfev": "210", "njev": "30", "status": "0", "success": "True", "message": "Optimization terminated successfully.", "x": "[ 3.56911061  0.44872756  5.27378584  6.19396443 -1.15720177  1.22619924]", "nit": "27", "callback": [0.34050343348773304, 0.26859125652743976, 0.2515655234767433, 0.22504981181050399, 0.19825020393016146, 0.18192034211003205, 0.15311821550184668, 0.11620183603513612, 0.09240831275118044, 0.08362133593299492, 0.082095371671849, 0.08164713663141232, 0.08142496569343827, 0.07978951183607352, 0.07717102274049692, 0.0727024642174211, 0.06534989835694638, 0.06078108323063458, 0.058623545976267066, 0.05689827468534869, 0.056665368516345405, 0.056611114042995125, 0.056607064827775555, 0.05660043272744719, 0.05659616221448238, 0.0565961501670913, 0.056596147854273915]}, "2": {"maxiter": 100, "gtol": 1e-05, "xrtol": 1e-10, "eps": 1e-05, "duration": 0.0816500186920166, "fun": "0.056596148048544626", "jac": "[ 3.76685350e-06 -8.78042083e-07  1.69255721e-06 -3.48905349e-06\n -2.07507345e-06 -1.84995352e-06]", "hess_inv": "[[ 4.91390876 -1.18107125 -2.48388286  1.35901671 -2.09848059  0.52888599]\n [-1.18107125 20.7143227  20.41761167  2.77169568  9.51834626 -4.69388503]\n [-2.48388286 20.41761167 25.1842825   3.76883601  9.58306668 -5.09947414]\n [ 1.35901671  2.77169568  3.76883601  3.68882666  0.27156275 -0.0326871 ]\n [-2.09848059  9.51834626  9.58306668  0.27156275  6.28832744 -2.39460792]\n [ 0.52888599 -4.69388503 -5.09947414 -0.0326871  -2.39460792  2.42306874]]", "nfev": "210", "njev": "30", "status": "0", "success": "True", "message": "Optimization terminated successfully.", "x": "[ 3.56911761  0.44866854  5.27373004  6.19395017 -1.15726709  1.22623874]", "nit": "26", "callback": [0.3405031180949687, 0.2685899412824201, 0.2515647824827034, 0.22504960209655622, 0.19825005633344417, 0.18192111143167178, 0.15312028007224776, 0.11620074607861042, 0.09240957444449316, 0.08362313640171182, 0.08209610122869404, 0.08164777774690801, 0.08142564802588437, 0.079789113942905, 0.07717096841485627, 0.07270450453643196, 0.06535512490270023, 0.0607900603065713, 0.058626719137062855, 0.0568992529925032, 0.05666562113751494, 0.05660982782069379, 0.05659715985925651, 0.056596168050655704, 0.056596150313682037, 0.056596148048544626]}, "3": {"maxiter": 100, "gtol": 1e-05, "xrtol": 1e-10, "eps": 1e-10, "duration": 0.07918500900268555, "fun": "0.056596147854273915", "jac": "[ 1.11022293e-06  0.00000000e+00  0.00000000e+00 -3.33066880e-06\n  1.11022293e-06  1.11022293e-06]", "hess_inv": "[[ 4.63967346 -0.69254502 -2.027713    1.49590965 -1.77068483  0.50112123]\n [-0.69254502 23.26817344 23.10798119  2.98114065 10.85588008 -5.14339312]\n [-2.027713   23.10798119 27.97930266  3.95210178 11.0150385  -5.57203864]\n [ 1.49590965  2.98114065  3.95210178  3.44956159  0.459613   -0.08868189]\n [-1.77068483 10.85588008 11.0150385   0.459613    6.94706815 -2.62650125]\n [ 0.50112123 -5.14339312 -5.57203864 -0.08868189 -2.62650125  2.50574579]]", "nfev": "210", "njev": "30", "status": "0", "success": "True", "message": "Optimization terminated successfully.", "x": "[ 3.56911061  0.44872756  5.27378584  6.19396443 -1.15720177  1.22619924]", "nit": "27", "callback": [0.34050343348773304, 0.26859125652743976, 0.2515655234767433, 0.22504981181050399, 0.19825020393016146, 0.18192034211003205, 0.15311821550184668, 0.11620183603513612, 0.09240831275118044, 0.08362133593299492, 0.082095371671849, 0.08164713663141232, 0.08142496569343827, 0.07978951183607352, 0.07717102274049692, 0.0727024642174211, 0.06534989835694638, 0.06078108323063458, 0.058623545976267066, 0.05689827468534869, 0.056665368516345405, 0.056611114042995125, 0.056607064827775555, 0.05660043272744719, 0.05659616221448238, 0.0565961501670913, 0.056596147854273915]}, "4": {"maxiter": 100, "gtol": 1e-10, "xrtol": 1e-05, "eps": 1e-05, "duration": 0.08941316604614258, "fun": "0.056596147980316425", "jac": "[-4.57744953e-08  1.02462483e-07 -8.64863736e-08  4.00679490e-08\n  2.47735166e-07  3.06432657e-07]", "hess_inv": "[[ 4.59270977 -1.13891833 -2.44936708  1.46741029 -1.99377744  0.58556978]\n [-1.13891833 21.13698122 20.82744544  2.73246359  9.81440785 -4.73502674]\n [-2.44936708 20.82744544 25.58155644  3.73298871  9.87161374 -5.13817976]\n [ 1.46741029  2.73246359  3.73298871  3.653708    0.21813615 -0.04984763]\n [-1.99377744  9.81440785  9.87161374  0.21813615  6.47834356 -2.43746993]\n [ 0.58556978 -4.73502674 -5.13817976 -0.04984763 -2.43746993  2.41571817]]", "nfev": "217", "njev": "31", "status": "0", "success": "True", "message": "Optimization terminated successfully.", "x": "[ 3.56910552  0.44867728  5.27373826  6.19395384 -1.15725798  1.22624031]", "nit": "27", "callback": [0.3405031180949687, 0.2685899412824201, 0.2515647824827034, 0.22504960209655622, 0.19825005633344417, 0.18192111143167178, 0.15312028007224776, 0.11620074607861042, 0.09240957444449316, 0.08362313640171182, 0.08209610122869404, 0.08164777774690801, 0.08142564802588437, 0.079789113942905, 0.07717096841485627, 0.07270450453643196, 0.06535512490270023, 0.0607900603065713, 0.058626719137062855, 0.0568992529925032, 0.05666562113751494, 0.05660982782069379, 0.05659715985925651, 0.056596168050655704, 0.056596150313682037, 0.056596148048544626, 0.056596147980316425]}, "5": {"maxiter": 100, "gtol": 1e-10, "xrtol": 1e-05, "eps": 1e-10, "duration": 0.08916592597961426, "fun": "0.056596147854273915", "jac": "[ 1.11022293e-06  0.00000000e+00  0.00000000e+00 -3.33066880e-06\n  1.11022293e-06  1.11022293e-06]", "hess_inv": "[[ 4.63967346 -0.69254502 -2.027713    1.49590965 -1.77068483  0.50112123]\n [-0.69254502 23.26817344 23.10798119  2.98114065 10.85588008 -5.14339312]\n [-2.027713   23.10798119 27.97930266  3.95210178 11.0150385  -5.57203864]\n [ 1.49590965  2.98114065  3.95210178  3.44956159  0.459613   -0.08868189]\n [-1.77068483 10.85588008 11.0150385   0.459613    6.94706815 -2.62650125]\n [ 0.50112123 -5.14339312 -5.57203864 -0.08868189 -2.62650125  2.50574579]]", "nfev": "210", "njev": "30", "status": "0", "success": "True", "message": "Optimization terminated successfully.", "x": "[ 3.56911061  0.44872756  5.27378584  6.19396443 -1.15720177  1.22619924]", "nit": "27", "callback": [0.34050343348773304, 0.26859125652743976, 0.2515655234767433, 0.22504981181050399, 0.19825020393016146, 0.18192034211003205, 0.15311821550184668, 0.11620183603513612, 0.09240831275118044, 0.08362133593299492, 0.082095371671849, 0.08164713663141232, 0.08142496569343827, 0.07978951183607352, 0.07717102274049692, 0.0727024642174211, 0.06534989835694638, 0.06078108323063458, 0.058623545976267066, 0.05689827468534869, 0.056665368516345405, 0.056611114042995125, 0.056607064827775555, 0.05660043272744719, 0.05659616221448238, 0.0565961501670913, 0.056596147854273915]}, "6": {"maxiter": 100, "gtol": 1e-10, "xrtol": 1e-10, "eps": 1e-05, "duration": 0.1464519500732422, "fun": "0.056596147980316425", "jac": "[-4.57744953e-08  1.02462483e-07 -8.64863736e-08  4.00679490e-08\n  2.47735166e-07  3.06432657e-07]", "hess_inv": "[[ 4.57439979 -0.93254071 -2.31181243  1.46715486 -1.85048802  0.59085797]\n [-0.93254071 20.84821222 20.5967027   2.67414159  9.56521511 -4.76394116]\n [-2.31181243 20.5967027  25.40297147  3.69526566  9.67986383 -5.1580283 ]\n [ 1.46715486  2.67414159  3.69526566  3.65554287  0.17910564 -0.05069577]\n [-1.85048802  9.56521511  9.67986383  0.17910564  6.27267966 -2.45827899]\n [ 0.59085797 -4.76394116 -5.1580283  -0.05069577 -2.45827899  2.41465318]]", "nfev": "397", "njev": "55", "status": "2", "success": "False", "message": "Desired error not necessarily achieved due to precision loss.", "x": "[ 3.56910552  0.44867728  5.27373826  6.19395384 -1.15725798  1.22624031]", "nit": "27", "callback": [0.3405031180949687, 0.2685899412824201, 0.2515647824827034, 0.22504960209655622, 0.19825005633344417, 0.18192111143167178, 0.15312028007224776, 0.11620074607861042, 0.09240957444449316, 0.08362313640171182, 0.08209610122869404, 0.08164777774690801, 0.08142564802588437, 0.079789113942905, 0.07717096841485627, 0.07270450453643196, 0.06535512490270023, 0.0607900603065713, 0.058626719137062855, 0.0568992529925032, 0.05666562113751494, 0.05660982782069379, 0.05659715985925651, 0.056596168050655704, 0.056596150313682037, 0.056596148048544626, 0.056596147980316425]}, "7": {"maxiter": 100, "gtol": 1e-10, "xrtol": 1e-10, "eps": 1e-10, "duration": 0.1131598949432373, "fun": "0.05659614784775946", "jac": "[0.00000000e+00 0.00000000e+00 2.22044587e-06 3.33066880e-06\n 0.00000000e+00 2.22044587e-06]", "hess_inv": "[[37.05976071 30.81436229 25.26840252 23.0422239   3.88835608  0.2687199 ]\n [30.81436229 33.36730142 24.50657089 17.44523381  7.31061577 -2.41509442]\n [25.26840252 24.50657089 20.25460721 14.33497239  4.63112482 -2.15348661]\n [23.0422239  17.44523381 14.33497239 16.05426092  1.23668838  0.67949842]\n [ 3.88835608  7.31061577  4.63112482  1.23668838  3.99843404 -1.36084788]\n [ 0.2687199  -2.41509442 -2.15348661  0.67949842 -1.36084788  2.08229331]]", "nfev": "273", "njev": "39", "status": "2", "success": "False", "message": "Desired error not necessarily achieved due to precision loss.", "x": "[ 3.56911181  0.44873216  5.27379587  6.19397471 -1.15720328  1.22619847]", "nit": "29", "callback": [0.34050343348773304, 0.26859125652743976, 0.2515655234767433, 0.22504981181050399, 0.19825020393016146, 0.18192034211003205, 0.15311821550184668, 0.11620183603513612, 0.09240831275118044, 0.08362133593299492, 0.082095371671849, 0.08164713663141232, 0.08142496569343827, 0.07978951183607352, 0.07717102274049692, 0.0727024642174211, 0.06534989835694638, 0.06078108323063458, 0.058623545976267066, 0.05689827468534869, 0.056665368516345405, 0.056611114042995125, 0.056607064827775555, 0.05660043272744719, 0.05659616221448238, 0.0565961501670913, 0.056596147854273915, 0.05659614784775946, 0.05659614784775946]}, "8": {"maxiter": 500, "gtol": 1e-05, "xrtol": 1e-05, "eps": 1e-05, "duration": 0.08102893829345703, "fun": "0.056596148048544626", "jac": "[ 3.76685350e-06 -8.78042083e-07  1.69255721e-06 -3.48905349e-06\n -2.07507345e-06 -1.84995352e-06]", "hess_inv": "[[ 4.91390876 -1.18107125 -2.48388286  1.35901671 -2.09848059  0.52888599]\n [-1.18107125 20.7143227  20.41761167  2.77169568  9.51834626 -4.69388503]\n [-2.48388286 20.41761167 25.1842825   3.76883601  9.58306668 -5.09947414]\n [ 1.35901671  2.77169568  3.76883601  3.68882666  0.27156275 -0.0326871 ]\n [-2.09848059  9.51834626  9.58306668  0.27156275  6.28832744 -2.39460792]\n [ 0.52888599 -4.69388503 -5.09947414 -0.0326871  -2.39460792  2.42306874]]", "nfev": "210", "njev": "30", "status": "0", "success": "True", "message": "Optimization terminated successfully.", "x": "[ 3.56911761  0.44866854  5.27373004  6.19395017 -1.15726709  1.22623874]", "nit": "26", "callback": [0.3405031180949687, 0.2685899412824201, 0.2515647824827034, 0.22504960209655622, 0.19825005633344417, 0.18192111143167178, 0.15312028007224776, 0.11620074607861042, 0.09240957444449316, 0.08362313640171182, 0.08209610122869404, 0.08164777774690801, 0.08142564802588437, 0.079789113942905, 0.07717096841485627, 0.07270450453643196, 0.06535512490270023, 0.0607900603065713, 0.058626719137062855, 0.0568992529925032, 0.05666562113751494, 0.05660982782069379, 0.05659715985925651, 0.056596168050655704, 0.056596150313682037, 0.056596148048544626]}, "9": {"maxiter": 500, "gtol": 1e-05, "xrtol": 1e-05, "eps": 1e-10, "duration": 0.08056807518005371, "fun": "0.056596147854273915", "jac": "[ 1.11022293e-06  0.00000000e+00  0.00000000e+00 -3.33066880e-06\n  1.11022293e-06  1.11022293e-06]", "hess_inv": "[[ 4.63967346 -0.69254502 -2.027713    1.49590965 -1.77068483  0.50112123]\n [-0.69254502 23.26817344 23.10798119  2.98114065 10.85588008 -5.14339312]\n [-2.027713   23.10798119 27.97930266  3.95210178 11.0150385  -5.57203864]\n [ 1.49590965  2.98114065  3.95210178  3.44956159  0.459613   -0.08868189]\n [-1.77068483 10.85588008 11.0150385   0.459613    6.94706815 -2.62650125]\n [ 0.50112123 -5.14339312 -5.57203864 -0.08868189 -2.62650125  2.50574579]]", "nfev": "210", "njev": "30", "status": "0", "success": "True", "message": "Optimization terminated successfully.", "x": "[ 3.56911061  0.44872756  5.27378584  6.19396443 -1.15720177  1.22619924]", "nit": "27", "callback": [0.34050343348773304, 0.26859125652743976, 0.2515655234767433, 0.22504981181050399, 0.19825020393016146, 0.18192034211003205, 0.15311821550184668, 0.11620183603513612, 0.09240831275118044, 0.08362133593299492, 0.082095371671849, 0.08164713663141232, 0.08142496569343827, 0.07978951183607352, 0.07717102274049692, 0.0727024642174211, 0.06534989835694638, 0.06078108323063458, 0.058623545976267066, 0.05689827468534869, 0.056665368516345405, 0.056611114042995125, 0.056607064827775555, 0.05660043272744719, 0.05659616221448238, 0.0565961501670913, 0.056596147854273915]}, "10": {"maxiter": 500, "gtol": 1e-05, "xrtol": 1e-10, "eps": 1e-05, "duration": 0.08054113388061523, "fun": "0.056596148048544626", "jac": "[ 3.76685350e-06 -8.78042083e-07  1.69255721e-06 -3.48905349e-06\n -2.07507345e-06 -1.84995352e-06]", "hess_inv": "[[ 4.91390876 -1.18107125 -2.48388286  1.35901671 -2.09848059  0.52888599]\n [-1.18107125 20.7143227  20.41761167  2.77169568  9.51834626 -4.69388503]\n [-2.48388286 20.41761167 25.1842825   3.76883601  9.58306668 -5.09947414]\n [ 1.35901671  2.77169568  3.76883601  3.68882666  0.27156275 -0.0326871 ]\n [-2.09848059  9.51834626  9.58306668  0.27156275  6.28832744 -2.39460792]\n [ 0.52888599 -4.69388503 -5.09947414 -0.0326871  -2.39460792  2.42306874]]", "nfev": "210", "njev": "30", "status": "0", "success": "True", "message": "Optimization terminated successfully.", "x": "[ 3.56911761  0.44866854  5.27373004  6.19395017 -1.15726709  1.22623874]", "nit": "26", "callback": [0.3405031180949687, 0.2685899412824201, 0.2515647824827034, 0.22504960209655622, 0.19825005633344417, 0.18192111143167178, 0.15312028007224776, 0.11620074607861042, 0.09240957444449316, 0.08362313640171182, 0.08209610122869404, 0.08164777774690801, 0.08142564802588437, 0.079789113942905, 0.07717096841485627, 0.07270450453643196, 0.06535512490270023, 0.0607900603065713, 0.058626719137062855, 0.0568992529925032, 0.05666562113751494, 0.05660982782069379, 0.05659715985925651, 0.056596168050655704, 0.056596150313682037, 0.056596148048544626]}, "11": {"maxiter": 500, "gtol": 1e-05, "xrtol": 1e-10, "eps": 1e-10, "duration": 0.08052396774291992, "fun": "0.056596147854273915", "jac": "[ 1.11022293e-06  0.00000000e+00  0.00000000e+00 -3.33066880e-06\n  1.11022293e-06  1.11022293e-06]", "hess_inv": "[[ 4.63967346 -0.69254502 -2.027713    1.49590965 -1.77068483  0.50112123]\n [-0.69254502 23.26817344 23.10798119  2.98114065 10.85588008 -5.14339312]\n [-2.027713   23.10798119 27.97930266  3.95210178 11.0150385  -5.57203864]\n [ 1.49590965  2.98114065  3.95210178  3.44956159  0.459613   -0.08868189]\n [-1.77068483 10.85588008 11.0150385   0.459613    6.94706815 -2.62650125]\n [ 0.50112123 -5.14339312 -5.57203864 -0.08868189 -2.62650125  2.50574579]]", "nfev": "210", "njev": "30", "status": "0", "success": "True", "message": "Optimization terminated successfully.", "x": "[ 3.56911061  0.44872756  5.27378584  6.19396443 -1.15720177  1.22619924]", "nit": "27", "callback": [0.34050343348773304, 0.26859125652743976, 0.2515655234767433, 0.22504981181050399, 0.19825020393016146, 0.18192034211003205, 0.15311821550184668, 0.11620183603513612, 0.09240831275118044, 0.08362133593299492, 0.082095371671849, 0.08164713663141232, 0.08142496569343827, 0.07978951183607352, 0.07717102274049692, 0.0727024642174211, 0.06534989835694638, 0.06078108323063458, 0.058623545976267066, 0.05689827468534869, 0.056665368516345405, 0.056611114042995125, 0.056607064827775555, 0.05660043272744719, 0.05659616221448238, 0.0565961501670913, 0.056596147854273915]}, "12": {"maxiter": 500, "gtol": 1e-10, "xrtol": 1e-05, "eps": 1e-05, "duration": 0.07989692687988281, "fun": "0.056596147980316425", "jac": "[-4.57744953e-08  1.02462483e-07 -8.64863736e-08  4.00679490e-08\n  2.47735166e-07  3.06432657e-07]", "hess_inv": "[[ 4.59270977 -1.13891833 -2.44936708  1.46741029 -1.99377744  0.58556978]\n [-1.13891833 21.13698122 20.82744544  2.73246359  9.81440785 -4.73502674]\n [-2.44936708 20.82744544 25.58155644  3.73298871  9.87161374 -5.13817976]\n [ 1.46741029  2.73246359  3.73298871  3.653708    0.21813615 -0.04984763]\n [-1.99377744  9.81440785  9.87161374  0.21813615  6.47834356 -2.43746993]\n [ 0.58556978 -4.73502674 -5.13817976 -0.04984763 -2.43746993  2.41571817]]", "nfev": "217", "njev": "31", "status": "0", "success": "True", "message": "Optimization terminated successfully.", "x": "[ 3.56910552  0.44867728  5.27373826  6.19395384 -1.15725798  1.22624031]", "nit": "27", "callback": [0.3405031180949687, 0.2685899412824201, 0.2515647824827034, 0.22504960209655622, 0.19825005633344417, 0.18192111143167178, 0.15312028007224776, 0.11620074607861042, 0.09240957444449316, 0.08362313640171182, 0.08209610122869404, 0.08164777774690801, 0.08142564802588437, 0.079789113942905, 0.07717096841485627, 0.07270450453643196, 0.06535512490270023, 0.0607900603065713, 0.058626719137062855, 0.0568992529925032, 0.05666562113751494, 0.05660982782069379, 0.05659715985925651, 0.056596168050655704, 0.056596150313682037, 0.056596148048544626, 0.056596147980316425]}, "13": {"maxiter": 500, "gtol": 1e-10, "xrtol": 1e-05, "eps": 1e-10, "duration": 0.0772402286529541, "fun": "0.056596147854273915", "jac": "[ 1.110222