{"date": "2024/10/08/, 15:10:30", "conf_id": 7, "data_type": "random\n", "num_data_points": 1, "s_rank": 0, "unitary": "[[0.18663085-0.53122324j,-0.11886349-0.70040876j,0.28555095-0.02789305j,-0.12262021-0.2844587j],[-0.16702216+0.27758472j,0.27526351-0.29738586j,-0.01109314+0.22495461j,-0.77239203+0.28900673j],[0.61935415+0.12301792j,-0.31269928-0.03315917j,-0.61902762-0.19039079j,-0.27120731-0.0968989j],[0.42341754+0.0023929j,-0.05847358+0.47832119j,0.64900495-0.16218422j,-0.37182676-0.05229966j]]", "databatch_0": {"databatch": "[[[0.15886146+0.0610829j,0.07932448+0.02639176j,0.07338829+0.00374489j,-0.07714906-0.02806378j],[0.48686462+0.0135062j,0.14521341+0.04967288j,0.0622276+0.10469281j,-0.21623799-0.10218724j],[0.38315917-0.12754217j,0.16841432-0.08746805j,0.0978711-0.12289051j,-0.16188911+0.06284061j],[-0.20485272+0.24791507j,0.10587479+0.22720328j,0.39303651+0.18255967j,-0.0976712-0.03953698j]]]", "initial param values": "[0.33707073,3.93901277,0.86960328,0.54145704,0.76831932,1.1954852]", "nelder_mead": {"type": "gradient-free", "0": {"maxiter": 100, "fatol": 1e-05, "xatol": 1e-05, "duration": 0.03736090660095215, "fun": "0.5341311819700079", "nit": "100", "nfev": "146", "status": "2", "success": "False", "message": "Maximum number of iterations has been exceeded.", "x": "[ 0.78221588  8.17085024 -2.02899288  0.85291182 -0.31196793  2.40595916]", "final_simplex": "(array([[ 0.78221588,  8.17085024, -2.02899288,  0.85291182, -0.31196793,\n         2.40595916],\n       [ 0.8466532 ,  8.42189938, -2.32017965,  0.8447232 , -0.28468104,\n         2.13878248],\n       [ 0.82409531,  8.29911834, -2.29649498,  0.84177062, -0.36721348,\n         2.40881038],\n       [ 0.75581543,  8.05025008, -1.99007312,  0.81263116, -0.2884681 ,\n         2.43562303],\n       [ 0.76197825,  8.07344145, -2.05665549,  0.84314436, -0.3646706 ,\n         2.6383966 ],\n       [ 0.75132238,  8.22004805, -1.97151126,  0.81450055, -0.30458782,\n         2.41314418],\n       [ 0.75167463,  8.37688591, -2.01359978,  0.81502613, -0.3195525 ,\n         2.48489948]]), array([0.53413118, 0.53674029, 0.54100707, 0.5425709 , 0.54269861,\n       0.54362097, 0.545367  ]))", "callback": [0.9444196967784487, 0.8710152270160478, 0.8469000592694477, 0.8042673269241608, 0.7597817745082089, 0.7561592901475112, 0.7281896188703247, 0.6519507210634331, 0.5859320699415304, 0.5341311819700079]}, "1": {"maxiter": 100, "fatol": 1e-05, "xatol": 1e-10, "duration": 0.03574180603027344, "fun": "0.5341311819700079", "nit": "100", "nfev": "146", "status": "2", "success": "False", "message": "Maximum number of iterations has been exceeded.", "x": "[ 0.78221588  8.17085024 -2.02899288  0.85291182 -0.31196793  2.40595916]", "final_simplex": "(array([[ 0.78221588,  8.17085024, -2.02899288,  0.85291182, -0.31196793,\n         2.40595916],\n       [ 0.8466532 ,  8.42189938, -2.32017965,  0.8447232 , -0.28468104,\n         2.13878248],\n       [ 0.82409531,  8.29911834, -2.29649498,  0.84177062, -0.36721348,\n         2.40881038],\n       [ 0.75581543,  8.05025008, -1.99007312,  0.81263116, -0.2884681 ,\n         2.43562303],\n       [ 0.76197825,  8.07344145, -2.05665549,  0.84314436, -0.3646706 ,\n         2.6383966 ],\n       [ 0.75132238,  8.22004805, -1.97151126,  0.81450055, -0.30458782,\n         2.41314418],\n       [ 0.75167463,  8.37688591, -2.01359978,  0.81502613, -0.3195525 ,\n         2.48489948]]), array([0.53413118, 0.53674029, 0.54100707, 0.5425709 , 0.54269861,\n       0.54362097, 0.545367  ]))", "callback": [0.9444196967784487, 0.8710152270160478, 0.8469000592694477, 0.8042673269241608, 0.7597817745082089, 0.7561592901475112, 0.7281896188703247, 0.6519507210634331, 0.5859320699415304, 0.5341311819700079]}, "2": {"maxiter": 100, "fatol": 1e-10, "xatol": 1e-05, "duration": 0.0420222282409668, "fun": "0.5341311819700079", "nit": "100", "nfev": "146", "status": "2", "success": "False", "message": "Maximum number of iterations has been exceeded.", "x": "[ 0.78221588  8.17085024 -2.02899288  0.85291182 -0.31196793  2.40595916]", "final_simplex": "(array([[ 0.78221588,  8.17085024, -2.02899288,  0.85291182, -0.31196793,\n         2.40595916],\n       [ 0.8466532 ,  8.42189938, -2.32017965,  0.8447232 , -0.28468104,\n         2.13878248],\n       [ 0.82409531,  8.29911834, -2.29649498,  0.84177062, -0.36721348,\n         2.40881038],\n       [ 0.75581543,  8.05025008, -1.99007312,  0.81263116, -0.2884681 ,\n         2.43562303],\n       [ 0.76197825,  8.07344145, -2.05665549,  0.84314436, -0.3646706 ,\n         2.6383966 ],\n       [ 0.75132238,  8.22004805, -1.97151126,  0.81450055, -0.30458782,\n         2.41314418],\n       [ 0.75167463,  8.37688591, -2.01359978,  0.81502613, -0.3195525 ,\n         2.48489948]]), array([0.53413118, 0.53674029, 0.54100707, 0.5425709 , 0.54269861,\n       0.54362097, 0.545367  ]))", "callback": [0.9444196967784487, 0.8710152270160478, 0.8469000592694477, 0.8042673269241608, 0.7597817745082089, 0.7561592901475112, 0.7281896188703247, 0.6519507210634331, 0.5859320699415304, 0.5341311819700079]}, "3": {"maxiter": 100, "fatol": 1e-10, "xatol": 1e-10, "duration": 0.04474902153015137, "fun": "0.5341311819700079", "nit": "100", "nfev": "146", "status": "2", "success": "False", "message": "Maximum number of iterations has been exceeded.", "x": "[ 0.78221588  8.17085024 -2.02899288  0.85291182 -0.31196793  2.40595916]", "final_simplex": "(array([[ 0.78221588,  8.17085024, -2.02899288,  0.85291182, -0.31196793,\n         2.40595916],\n       [ 0.8466532 ,  8.42189938, -2.32017965,  0.8447232 , -0.28468104,\n         2.13878248],\n       [ 0.82409531,  8.29911834, -2.29649498,  0.84177062, -0.36721348,\n         2.40881038],\n       [ 0.75581543,  8.05025008, -1.99007312,  0.81263116, -0.2884681 ,\n         2.43562303],\n       [ 0.76197825,  8.07344145, -2.05665549,  0.84314436, -0.3646706 ,\n         2.6383966 ],\n       [ 0.75132238,  8.22004805, -1.97151126,  0.81450055, -0.30458782,\n         2.41314418],\n       [ 0.75167463,  8.37688591, -2.01359978,  0.81502613, -0.3195525 ,\n         2.48489948]]), array([0.53413118, 0.53674029, 0.54100707, 0.5425709 , 0.54269861,\n       0.54362097, 0.545367  ]))", "callback": [0.9444196967784487, 0.8710152270160478, 0.8469000592694477, 0.8042673269241608, 0.7597817745082089, 0.7561592901475112, 0.7281896188703247, 0.6519507210634331, 0.5859320699415304, 0.5341311819700079]}, "4": {"maxiter": 500, "fatol": 1e-05, "xatol": 1e-05, "duration": 0.21422481536865234, "fun": "0.11660836625332727", "nit": "500", "nfev": "753", "status": "2", "success": "False", "message": "Maximum number of iterations has been exceeded.", "x": "[ 0.95785115  7.99781029 -3.89346527  2.78332301 -1.28366691  0.60170271]", "final_simplex": "(array([[ 0.95785115,  7.99781029, -3.89346527,  2.78332301, -1.28366691,\n         0.60170271],\n       [ 0.9868799 ,  7.95754585, -3.84115982,  2.79846199, -1.24054181,\n         0.64261362],\n       [ 0.97892069,  8.04086565, -3.88293041,  2.77068589, -1.22291753,\n         0.66993323],\n       [ 0.93037615,  7.99486586, -3.83971392,  2.79577451, -1.25732651,\n         0.67738977],\n       [ 0.96242753,  7.98828982, -3.85539214,  2.78858227, -1.28271706,\n         0.61914885],\n       [ 0.94598597,  8.0374609 , -3.88009839,  2.7497528 , -1.27258476,\n         0.66048503],\n       [ 0.95017169,  8.05204984, -3.89935787,  2.7554855 , -1.20832812,\n         0.72520918]]), array([0.11660837, 0.11680272, 0.11685447, 0.11692671, 0.11697273,\n       0.117153  , 0.11715323]))", "callback": [0.9444196967784487, 0.8710152270160478, 0.8469000592694477, 0.8042673269241608, 0.7597817745082089, 0.7561592901475112, 0.7281896188703247, 0.6519507210634331, 0.5859320699415304, 0.5341311819700079, 0.5341311819700079, 0.47733799502232266, 0.42761803932581144, 0.37198597698543057, 0.30485836847988534, 0.295040329063035, 0.2762215020508867, 0.26394815805682126, 0.26334494116271356, 0.2627777024555519, 0.26265713737160634, 0.26258279487320535, 0.26253521687391745, 0.2624026068020622, 0.2620485342064912, 0.260640784748687, 0.25422541092377804, 0.2474385691980483, 0.22936457886032413, 0.20489183591079874, 0.17932581092891775, 0.16996066183572078, 0.16040193286237048, 0.1573571769445825, 0.1563598547261278, 0.15629648897251192, 0.15608827821820837, 0.15480931474527415, 0.15128761051931827, 0.1444462171840427, 0.13000017653942186, 0.12519301612657996, 0.12158938637797723, 0.12139105154181795, 0.12110250978955961, 0.12091555875048565, 0.12065587811755618, 0.12030959225324755, 0.11871512794988626, 0.11697272507690992]}, "5": {"maxiter": 500, "fatol": 1e-05, "xatol": 1e-10, "duration": 0.22659802436828613, "fun": "0.11660836625332727", "nit": "500", "nfev": "753", "status": "2", "success": "False", "message": "Maximum number of iterations has been exceeded.", "x": "[ 0.95785115  7.99781029 -3.89346527  2.78332301 -1.28366691  0.60170271]", "final_simplex": "(array([[ 0.95785115,  7.99781029, -3.89346527,  2.78332301, -1.28366691,\n         0.60170271],\n       [ 0.9868799 ,  7.95754585, -3.84115982,  2.79846199, -1.24054181,\n         0.64261362],\n       [ 0.97892069,  8.04086565, -3.88293041,  2.77068589, -1.22291753,\n         0.66993323],\n       [ 0.93037615,  7.99486586, -3.83971392,  2.79577451, -1.25732651,\n         0.67738977],\n       [ 0.96242753,  7.98828982, -3.85539214,  2.78858227, -1.28271706,\n         0.61914885],\n       [ 0.94598597,  8.0374609 , -3.88009839,  2.7497528 , -1.27258476,\n         0.66048503],\n       [ 0.95017169,  8.05204984, -3.89935787,  2.7554855 , -1.20832812,\n         0.72520918]]), array([0.11660837, 0.11680272, 0.11685447, 0.11692671, 0.11697273,\n       0.117153  , 0.11715323]))", "callback": [0.9444196967784487, 0.8710152270160478, 0.8469000592694477, 0.8042673269241608, 0.7597817745082089, 0.7561592901475112, 0.7281896188703247, 0.6519507210634331, 0.5859320699415304, 0.5341311819700079, 0.5341311819700079, 0.47733799502232266, 0.42761803932581144, 0.37198597698543057, 0.30485836847988534, 0.295040329063035, 0.2762215020508867, 0.26394815805682126, 0.26334494116271356, 0.2627777024555519, 0.26265713737160634, 0.26258279487320535, 0.26253521687391745, 0.2624026068020622, 0.2620485342064912, 0.260640784748687, 0.25422541092377804, 0.2474385691980483, 0.22936457886032413, 0.20489183591079874, 0.17932581092891775, 0.16996066183572078, 0.16040193286237048, 0.1573571769445825, 0.1563598547261278, 0.15629648897251192, 0.15608827821820837, 0.15480931474527415, 0.15128761051931827, 0.1444462171840427, 0.13000017653942186, 0.12519301612657996, 0.12158938637797723, 0.12139105154181795, 0.12110250978955961, 0.12091555875048565, 0.12065587811755618, 0.12030959225324755, 0.11871512794988626, 0.11697272507690992]}, "6": {"maxiter": 500, "fatol": 1e-10, "xatol": 1e-05, "duration": 0.22816061973571777, "fun": "0.11660836625332727", "nit": "500", "nfev": "753", "status": "2", "success": "False", "message": "Maximum number of iterations has been exceeded.", "x": "[ 0.95785115  7.99781029 -3.89346527  2.78332301 -1.28366691  0.60170271]", "final_simplex": "(array([[ 0.95785115,  7.99781029, -3.89346527,  2.78332301, -1.28366691,\n         0.60170271],\n       [ 0.9868799 ,  7.95754585, -3.84115982,  2.79846199, -1.24054181,\n         0.64261362],\n       [ 0.97892069,  8.04086565, -3.88293041,  2.77068589, -1.22291753,\n         0.66993323],\n       [ 0.93037615,  7.99486586, -3.83971392,  2.79577451, -1.25732651,\n         0.67738977],\n       [ 0.96242753,  7.98828982, -3.85539214,  2.78858227, -1.28271706,\n         0.61914885],\n       [ 0.94598597,  8.0374609 , -3.88009839,  2.7497528 , -1.27258476,\n         0.66048503],\n       [ 0.95017169,  8.05204984, -3.89935787,  2.7554855 , -1.20832812,\n         0.72520918]]), array([0.11660837, 0.11680272, 0.11685447, 0.11692671, 0.11697273,\n       0.117153  , 0.11715323]))", "callback": [0.9444196967784487, 0.8710152270160478, 0.8469000592694477, 0.8042673269241608, 0.7597817745082089, 0.7561592901475112, 0.7281896188703247, 0.6519507210634331, 0.5859320699415304, 0.5341311819700079, 0.5341311819700079, 0.47733799502232266, 0.42761803932581144, 0.37198597698543057, 0.30485836847988534, 0.295040329063035, 0.2762215020508867, 0.26394815805682126, 0.26334494116271356, 0.2627777024555519, 0.26265713737160634, 0.26258279487320535, 0.26253521687391745, 0.2624026068020622, 0.2620485342064912, 0.260640784748687, 0.25422541092377804, 0.2474385691980483, 0.22936457886032413, 0.20489183591079874, 0.17932581092891775, 0.16996066183572078, 0.16040193286237048, 0.1573571769445825, 0.1563598547261278, 0.15629648897251192, 0.15608827821820837, 0.15480931474527415, 0.15128761051931827, 0.1444462171840427, 0.13000017653942186, 0.12519301612657996, 0.12158938637797723, 0.12139105154181795, 0.12110250978955961, 0.12091555875048565, 0.12065587811755618, 0.12030959225324755, 0.11871512794988626, 0.11697272507690992]}, "7": {"maxiter": 500, "fatol": 1e-10, "xatol": 1e-10, "duration": 0.2185192108154297, "fun": "0.11660836625332727", "nit": "500", "nfev": "753", "status": "2", "success": "False", "message": "Maximum number of iterations has been exceeded.", "x": "[ 0.95785115  7.99781029 -3.89346527  2.78332301 -1.28366691  0.60170271]", "final_simplex": "(array([[ 0.95785115,  7.99781029, -3.89346527,  2.78332301, -1.28366691,\n         0.60170271],\n       [ 0.9868799 ,  7.95754585, -3.84115982,  2.79846199, -1.24054181,\n         0.64261362],\n       [ 0.97892069,  8.04086565, -3.88293041,  2.77068589, -1.22291753,\n         0.66993323],\n       [ 0.93037615,  7.99486586, -3.83971392,  2.79577451, -1.25732651,\n         0.67738977],\n       [ 0.96242753,  7.98828982, -3.85539214,  2.78858227, -1.28271706,\n         0.61914885],\n       [ 0.94598597,  8.0374609 , -3.88009839,  2.7497528 , -1.27258476,\n         0.66048503],\n       [ 0.95017169,  8.05204984, -3.89935787,  2.7554855 , -1.20832812,\n         0.72520918]]), array([0.11660837, 0.11680272, 0.11685447, 0.11692671, 0.11697273,\n       0.117153  , 0.11715323]))", "callback": [0.9444196967784487, 0.8710152270160478, 0.8469000592694477, 0.8042673269241608, 0.7597817745082089, 0.7561592901475112, 0.7281896188703247, 0.6519507210634331, 0.5859320699415304, 0.5341311819700079, 0.5341311819700079, 0.47733799502232266, 0.42761803932581144, 0.37198597698543057, 0.30485836847988534, 0.295040329063035, 0.2762215020508867, 0.26394815805682126, 0.26334494116271356, 0.2627777024555519, 0.26265713737160634, 0.26258279487320535, 0.26253521687391745, 0.2624026068020622, 0.2620485342064912, 0.260640784748687, 0.25422541092377804, 0.2474385691980483, 0.22936457886032413, 0.20489183591079874, 0.17932581092891775, 0.16996066183572078, 0.16040193286237048, 0.1573571769445825, 0.1563598547261278, 0.15629648897251192, 0.15608827821820837, 0.15480931474527415, 0.15128761051931827, 0.1444462171840427, 0.13000017653942186, 0.12519301612657996, 0.12158938637797723, 0.12139105154181795, 0.12110250978955961, 0.12091555875048565, 0.12065587811755618, 0.12030959225324755, 0.11871512794988626, 0.11697272507690992]}, "8": {"maxiter": 1000, "fatol": 1e-05, "xatol": 1e-05, "duration": 0.3228750228881836, "fun": "0.10962969440546333", "nit": "730", "nfev": "1125", "status": "0", "success": "True", "message": "Optimization terminated successfully.", "x": "[ 0.99522707  7.78832499 -3.5651045   2.83610534 -0.36198448  1.38972147]", "final_simplex": "(array([[ 0.99522707,  7.78832499, -3.5651045 ,  2.83610534, -0.36198448,\n         1.38972147],\n       [ 0.99522764,  7.78832384, -3.56510241,  2.83610478, -0.36197966,\n         1.38972612],\n       [ 0.9952268 ,  7.78832491, -3.56510386,  2.83610501, -0.36198724,\n         1.38971962],\n       [ 0.99522746,  7.78832441, -3.5651018 ,  2.8361051 , -0.36197887,\n         1.38972713],\n       [ 0.99522647,  7.78832577, -3.56510443,  2.83610517, -0.36198686,\n         1.389719  ],\n       [ 0.99522615,  7.7883276 , -3.56510673,  2.83610349, -0.36199274,\n         1.38971515],\n       [ 0.99522819,  7.78832585, -3.56510506,  2.83610438, -0.36198444,\n         1.38972055]]), array([0.10962969, 0.10962969, 0.10962969, 0.10962969, 0.10962969,\n       0.10962969, 0.10962969]))", "callback": [0.9444196967784487, 0.8710152270160478, 0.8469000592694477, 0.8042673269241608, 0.7597817745082089, 0.7561592901475112, 0.7281896188703247, 0.6519507210634331, 0.5859320699415304, 0.5341311819700079, 0.5341311819700079, 0.47733799502232266, 0.42761803932581144, 0.37198597698543057, 0.30485836847988534, 0.295040329063035, 0.2762215020508867, 0.26394815805682126, 0.26334494116271356, 0.2627777024555519, 0.26265713737160634, 0.26258279487320535, 0.26253521687391745, 0.2624026068020622, 0.2620485342064912, 0.260640784748687, 0.25422541092377804, 0.2474385691980483, 0.22936457886032413, 0.20489183591079874, 0.17932581092891775, 0.16996066183572078, 0.16040193286237048, 0.1573571769445825, 0.1563598547261278, 0.15629648897251192, 0.15608827821820837, 0.15480931474527415, 0.15128761051931827, 0.1444462171840427, 0.13000017653942186, 0.12519301612657996, 0.12158938637797723, 0.12139105154181795, 0.12110250978955961, 0.12091555875048565, 0.12065587811755618, 0.12030959225324755, 0.11871512794988626, 0.11697272507690992, 0.11660836625332727, 0.11611321610710157, 0.11554696894535821, 0.11418741262472776, 0.1125853991089748, 0.11082215930136152, 0.10989924072894808, 0.10978275222822131, 0.10967772697894751, 0.10965214048473693, 0.10964175854503655, 0.10963472803034369, 0.10963083993898626, 0.10963017118476714, 0.1096297572938576, 0.10962973720448144, 0.10962970015631301, 0.10962969543532264, 0.10962969458734406, 0.10962969444103288, 0.10962969441341308, 0.10962969440815062, 0.10962969440578241]}, "9": {"maxiter": 1000, "fatol": 1e-05, "xatol": 1e-10, "duration": 0.39682793617248535, "fun": "0.10962969440526371", "nit": "814", "nfev": "1331", "status": "0", "success": "True", "message": "Optimization terminated successfully.", "x": "[ 0.99522677  7.78832561 -3.56510399  2.83610455 -0.3619842   1.38972259]", "final_simplex": "(array([[ 0.99522677,  7.78832561, -3.56510399,  2.83610455, -0.3619842 ,\n         1.38972259],\n       [ 0.99522677,  7.78832561, -3.56510399,  2.83610455, -0.3619842 ,\n         1.38972259],\n       [ 0.99522677,  7.78832561, -3.56510399,  2.83610455, -0.3619842 ,\n         1.38972259],\n       [ 0.99522677,  7.78832561, -3.56510399,  2.83610455, -0.3619842 ,\n         1.38972259],\n       [ 0.99522677,  7.78832561, -3.56510399,  2.83610455, -0.3619842 ,\n         1.38972259],\n       [ 0.99522677,  7.78832561, -3.56510399,  2.83610455, -0.3619842 ,\n         1.38972259],\n       [ 0.99522677,  7.78832561, -3.56510399,  2.83610455, -0.3619842 ,\n         1.38972259]]), array([0.10962969, 0.10962969, 0.10962969, 0.10962969, 0.10962969,\n       0.10962969, 0.10962969]))", "callback": [0.9444196967784487, 0.8710152270160478, 0.8469000592694477, 0.8042673269241608, 0.7597817745082089, 0.7561592901475112, 0.7281896188703247, 0.6519507210634331, 0.5859320699415304, 0.5341311819700079, 0.5341311819700079, 0.47733799502232266, 0.42761803932581144, 0.37198597698543057, 0.30485836847988534, 0.295040329063035, 0.2762215020508867, 0.26394815805682126, 0.26334494116271356, 0.2627777024555519, 0.26265713737160634, 0.26258279487320535, 0.26253521687391745, 0.2624026068020622, 0.2620485342064912, 0.260640784748687, 0.25422541092377804, 0.2474385691980483, 0.22936457886032413, 0.20489183591079874, 0.17932581092891775, 0.16996066183572078, 0.16040193286237048, 0.1573571769445825, 0.1563598547261278, 0.15629648897251192, 0.15608827821820837, 0.15480931474527415, 0.15128761051931827, 0.1444462171840427, 0.13000017653942186, 0.12519301612657996, 0.12158938637797723, 0.12139105154181795, 0.12110250978955961, 0.12091555875048565, 0.12065587811755618, 0.12030959225324755, 0.11871512794988626, 0.11697272507690992, 0.11660836625332727, 0.11611321610710157, 0.11554696894535821, 0.11418741262472776, 0.1125853991089748, 0.11082215930136152, 0.10989924072894808, 0.10978275222822131, 0.10967772697894751, 0.10965214048473693, 0.10964175854503655, 0.10963472803034369, 0.10963083993898626, 0.10963017118476714, 0.1096297572938576, 0.10962973720448144, 0.10962970015631301, 0.10962969543532264, 0.10962969458734406, 0.10962969444103288, 0.10962969441341308, 0.10962969440815062, 0.10962969440578241, 0.10962969440535131, 0.10962969440529702, 0.10962969440526726, 0.10962969440526527, 0.10962969440526404, 0.10962969440526371, 0.10962969440526371, 0.10962969440526371, 0.10962969440526371]}, "10": {"maxiter": 1000, "fatol": 1e-10, "xatol": 1e-05, "duration": 0.327333927154541, "fun": "0.10962969440546333", "nit": "730", "nfev": "1125", "status": "0", "success": "True", "message": "Optimization terminated successfully.", "x": "[ 0.99522707  7.78832499 -3.5651045   2.83610534 -0.36198448  1.38972147]", "final_simplex": "(array([[ 0.99522707,  7.78832499, -3.5651045 ,  2.83610534, -0.36198448,\n         1.38972147],\n       [ 0.99522764,  7.78832384, -3.56510241,  2.83610478, -0.36197966,\n         1.38972612],\n       [ 0.9952268 ,  7.78832491, -3.56510386,  2.83610501, -0.36198724,\n         1.38971962],\n       [ 0.99522746,  7.78832441, -3.5651018 ,  2.8361051 , -0.36197887,\n         1.38972713],\n       [ 0.99522647,  7.78832577, -3.56510443,  2.83610517, -0.36198686,\n         1.389719  ],\n       [ 0.99522615,  7.7883276 , -3.56510673,  2.83610349, -0.36199274,\n         1.38971515],\n       [ 0.99522819,  7.78832585, -3.56510506,  2.83610438, -0.36198444,\n         1.38972055]]), array([0.10962969, 0.10962969, 0.10962969, 0.10962969, 0.10962969,\n       0.10962969, 0.10962969]))", "callback": [0.9444196967784487, 0.8710152270160478, 0.8469000592694477, 0.8042673269241608, 0.7597817745082089, 0.7561592901475112, 0.7281896188703247, 0.6519507210634331, 0.5859320699415304, 0.5341311819700079, 0.5341311819700079, 0.47733799502232266, 0.42761803932581144, 0.37198597698543057, 0.30485836847988534, 0.295040329063035, 0.2762215020508867, 0.26394815805682126, 0.26334494116271356, 0.2627777024555519, 0.26265713737160634, 0.26258279487320535, 0.26253521687391745, 0.2624026068020622, 0.2620485342064912, 0.260640784748687, 0.25422541092377804, 0.2474385691980483, 0.22936457886032413, 0.20489183591079874, 0.17932581092891775, 0.16996066183572078, 0.16040193286237048, 0.1573571769445825, 0.1563598547261278, 0.15629648897251192, 0.15608827821820837, 0.15480931474527415, 0.15128761051931827, 0.1444462171840427, 0.13000017653942186, 0.12519301612657996, 0.12158938637797723, 0.12139105154181795, 0.12110250978955961, 0.12091555875048565, 0.12065587811755618, 0.12030959225324755, 0.11871512794988626, 0.11697272507690992, 0.11660836625332727, 0.11611321610710157, 0.11554696894535821, 0.11418741262472776, 0.1125853991089748, 0.11082215930136152, 0.10989924072894808, 0.10978275222822131, 0.10967772697894751, 0.10965214048473693, 0.10964175854503655, 0.10963472803034369, 0.10963083993898626, 0.10963017118476714, 0.1096297572938576, 0.10962973720448144, 0.10962970015631301, 0.10962969543532264, 0.10962969458734406, 0.10962969444103288, 0.10962969441341308, 0.10962969440815062, 0.10962969440578241]}, "11": {"maxiter": 1000, "fatol": 1e-10, "xatol": 1e-10, "duration": 0.3754758834838867, "fun": "0.10962969440526371", "nit": "814", "nfev": "1331", "status": "0", "success": "True", "message": "Optimization terminated successfully.", "x": "[ 0.99522677  7.78832561 -3.56510399  2.83610455 -0.3619842   1.38972259]", "final_simplex": "(array([[ 0.99522677,  7.78832561, -3.56510399,  2.83610455, -0.3619842 ,\n         1.38972259],\n       [ 0.99522677,  7.78832561, -3.56510399,  2.83610455, -0.3619842 ,\n         1.38972259],\n       [ 0.99522677,  7.78832561, -3.56510399,  2.83610455, -0.3619842 ,\n         1.38972259],\n       [ 0.99522677,  7.78832561, -3.56510399,  2.83610455, -0.3619842 ,\n         1.38972259],\n       [ 0.99522677,  7.78832561, -3.56510399,  2.83610455, -0.3619842 ,\n         1.38972259],\n       [ 0.99522677,  7.78832561, -3.56510399,  2.83610455, -0.3619842 ,\n         1.38972259],\n       [ 0.99522677,  7.78832561, -3.56510399,  2.83610455, -0.3619842 ,\n         1.38972259]]), array([0.10962969, 0.10962969, 0.10962969, 0.10962969, 0.10962969,\n       0.10962969, 0.10962969]))", "callback": [0.9444196967784487, 0.8710152270160478, 0.8469000592694477, 0.8042673269241608, 0.7597817745082089, 0.7561592901475112, 0.7281896188703247, 0.6519507210634331, 0.5859320699415304, 0.5341311819700079, 0.5341311819700079, 0.47733799502232266, 0.42761803932581144, 0.37198597698543057, 0.30485836847988534, 0.295040329063035, 0.2762215020508867, 0.26394815805682126, 0.26334494116271356, 0.2627777024555519, 0.26265713737160634, 0.26258279487320535, 0.26253521687391745, 0.2624026068020622, 0.2620485342064912, 0.260640784748687, 0.25422541092377804, 0.2474385691980483, 0.22936457886032413, 0.20489183591079874, 0.17932581092891775, 0.16996066183572078, 0.16040193286237048, 0.1573571769445825, 0.1563598547261278, 0.15629648897251192, 0.15608827821820837, 0.15480931474527415, 0.15128761051931827, 0.1444462171840427, 0.13000017653942186, 0.12519301612657996, 0.12158938637797723, 0.12139105154181795, 0.12110250978955961, 0.12091555875048565, 0.12065587811755618, 0.12030959225324755, 0.11871512794988626, 0.11697272507690992, 0.11660836625332727, 0.11611321610710157, 0.11554696894535821, 0.11418741262472776, 0.1125853991089748, 0.11082215930136152, 0.10989924072894808, 0.10978275222822131, 0.10967772697894751, 0.10965214048473693, 0.10964175854503655, 0.10963472803034369, 0.10963083993898626, 0.10963017118476714, 0.1096297572938576, 0.10962973720448144, 0.10962970015631301, 0.10962969543532264, 0.10962969458734406, 0.10962969444103288, 0.10962969441341308, 0.10962969440815062, 0.10962969440578241, 0.10962969440535131, 0.10962969440529702, 0.10962969440526726, 0.10962969440526527, 0.10962969440526404, 0.10962969440526371, 0.10962969440526371, 0.10962969440526371, 0.10962969440526371]}}, "bfgs": {"type": "gradient", "0": {"maxiter": 100, "gtol": 1e-05, "xrtol": 1e-05, "eps": 1e-05, "duration": 0.07309889793395996, "fun": "0.10962969509327347", "jac": "[-1.81310522e-07 -3.23530092e-07 -9.52549151e-07 -6.91480206e-07\n -1.86540783e-06  2.38740139e-06]", "hess_inv": "[[  4.04097626   2.27283837  -2.91104721   0.24807181 -12.53873277\n  -10.30765512]\n [  2.27283837   9.3553576   -8.53449409  -2.13310498 -26.6228\n  -24.69750212]\n [ -2.91104721  -8.53449409  12.29615084   0.60693322  33.7077365\n   31.89239869]\n [  0.24807181  -2.13310498   0.60693322   3.40817718   3.02844405\n    2.45982976]\n [-12.53873277 -26.6228      33.7077365    3.02844405 129.96288114\n  119.3147422 ]\n [-10.30765512 -24.69750212  31.89239869   2.45982976 119.3147422\n  113.37991467]]", "nfev": "252", "njev": "36", "status": "0", "success": "True", "message": "Optimization terminated successfully.", "x": "[-0.9951978   4.64681859 -0.42363203  2.8360894  -0.36239743  1.38933594]", "nit": "29", "callback": [0.7223177402607612, 0.7004866390944751, 0.48803879784847926, 0.4094068213117895, 0.31645285397787326, 0.2512383424158737, 0.15432457621885087, 0.13588131614772914, 0.13076784204820002, 0.12667438893558336, 0.12381384341605328, 0.12166546731760208, 0.11975941935739098, 0.118168636682485, 0.11681464871689695, 0.1158437522148541, 0.11522566123513411, 0.114251489426626, 0.112750800197573, 0.1106787132810868, 0.10988798536041255, 0.10970612935185031, 0.10964153288389722, 0.10963307223284513, 0.10963088048145198, 0.10962993057685644, 0.1096297085573632, 0.10962969510055853, 0.10962969509327347]}, "1": {"maxiter": 100, "gtol": 1e-05, "xrtol": 1e-05, "eps": 1e-10, "duration": 0.07341289520263672, "fun": "0.10962969447814452", "jac": "[-4.44089173e-06 -5.55111466e-06 -4.44089173e-06 -6.66133760e-06\n -6.66133760e-06  2.22044587e-06]", "hess_inv": "[[  3.78490335   1.49645264  -1.77997133   0.24720398  -8.59980771\n   -6.50527488]\n [  1.49645264   6.73940075  -5.2099072   -1.71534825 -14.16582951\n  -12.75634655]\n [ -1.77997133  -5.2099072    7.89758669   0.52658139  17.65714157\n   16.47253172]\n [  0.24720398  -1.71534825   0.52658139   2.81276039   1.77270287\n    1.34829668]\n [ -8.59980771 -14.16582951  17.65714157   1.77270287  70.5107965\n   62.30768905]\n [ -6.50527488 -12.75634655  16.47253172   1.34829668  62.30768905\n   58.72973352]]", "nfev": "266", "njev": "38", "status": "0", "success": "True", "message": "Optimization terminated successfully.", "x": "[-0.99522918  4.64674325 -0.42352431  2.83609    -0.36201326  1.38970583]", "nit": "30", "callback": [0.7223182410847673, 0.7004874165925439, 0.48804131078267743, 0.4094064872027612, 0.3164525656039032, 0.2512378210424915, 0.15432404500728547, 0.13588187699284493, 0.13076747724053228, 0.12667503922889056, 0.12381407827477253, 0.12166559730925064, 0.11976072812505134, 0.11816842923954585, 0.11681683813340227, 0.11584454878540962, 0.11522699245993762, 0.11425259210986871, 0.11275151791612781, 0.11067929735552962, 0.10988842448331149, 0.1097067940980806, 0.10964160840666048, 0.10963304776026328, 0.10963088017733091, 0.10962992651743086, 0.10962971767836682, 0.10962969579950832, 0.1096296946961327, 0.10962969447814452]}, "2": {"maxiter": 100, "gtol": 1e-05, "xrtol": 1e-10, "eps": 1e-05, "duration": 0.07081985473632812, "fun": "0.10962969509327347", "jac": "[-1.81310522e-07 -3.23530092e-07 -9.52549151e-07 -6.91480206e-07\n -1.86540783e-06  2.38740139e-06]", "hess_inv": "[[  4.04097626   2.27283837  -2.91104721   0.24807181 -12.53873277\n  -10.30765512]\n [  2.27283837   9.3553576   -8.53449409  -2.13310498 -26.6228\n  -24.69750212]\n [ -2.91104721  -8.53449409  12.29615084   0.60693322  33.7077365\n   31.89239869]\n [  0.24807181  -2.13310498   0.60693322   3.40817718   3.02844405\n    2.45982976]\n [-12.53873277 -26.6228      33.7077365    3.02844405 129.96288114\n  119.3147422 ]\n [-10.30765512 -24.69750212  31.89239869   2.45982976 119.3147422\n  113.37991467]]", "nfev": "252", "njev": "36", "status": "0", "success": "True", "message": "Optimization terminated successfully.", "x": "[-0.9951978   4.64681859 -0.42363203  2.8360894  -0.36239743  1.38933594]", "nit": "29", "callback": [0.7223177402607612, 0.7004866390944751, 0.48803879784847926, 0.4094068213117895, 0.31645285397787326, 0.2512383424158737, 0.15432457621885087, 0.13588131614772914, 0.13076784204820002, 0.12667438893558336, 0.12381384341605328, 0.12166546731760208, 0.11975941935739098, 0.118168636682485, 0.11681464871689695, 0.1158437522148541, 0.11522566123513411, 0.114251489426626, 0.112750800197573, 0.1106787132810868, 0.10988798536041255, 0.10970612935185031, 0.10964153288389722, 0.10963307223284513, 0.10963088048145198, 0.10962993057685644, 0.1096297085573632, 0.10962969510055853, 0.10962969509327347]}, "3": {"maxiter": 100, "gtol": 1e-05, "xrtol": 1e-10, "eps": 1e-10, "duration": 0.07922482490539551, "fun": "0.10962969447814452", "jac": "[-4.44089173e-06 -5.55111466e-06 -4.44089173e-06 -6.66133760e-06\n -6.66133760e-06  2.22044587e-06]", "hess_inv": "[[  3.78490335   1.49645264  -1.77997133   0.24720398  -8.59980771\n   -6.50527488]\n [  1.49645264   6.73940075  -5.2099072   -1.71534825 -14.16582951\n  -12.75634655]\n [ -1.77997133  -5.2099072    7.89758669   0.52658139  17.65714157\n   16.47253172]\n [  0.24720398  -1.71534825   0.52658139   2.81276039   1.77270287\n    1.34829668]\n [ -8.59980771 -14.16582951  17.65714157   1.77270287  70.5107965\n   62.30768905]\n [ -6.50527488 -12.75634655  16.47253172   1.34829668  62.30768905\n   58.72973352]]", "nfev": "266", "njev": "38", "status": "0", "success": "True", "message": "Optimization terminated successfully.", "x": "[-0.99522918  4.64674325 -0.42352431  2.83609    -0.36201326  1.38970583]", "nit": "30", "callback": [0.7223182410847673, 0.7004874165925439, 0.48804131078267743, 0.4094064872027612, 0.3164525656039032, 0.2512378210424915, 0.15432404500728547, 0.13588187699284493, 0.13076747724053228, 0.12667503922889056, 0.12381407827477253, 0.12166559730925064, 0.11976072812505134, 0.11816842923954585, 0.11681683813340227, 0.11584454878540962, 0.11522699245993762, 0.11425259210986871, 0.11275151791612781, 0.11067929735552962, 0.10988842448331149, 0.1097067940980806, 0.10964160840666048, 0.10963304776026328, 0.10963088017733091, 0.10962992651743086, 0.10962971767836682, 0.10962969579950832, 0.1096296946961327, 0.10962969447814452]}, "4": {"maxiter": 100, "gtol": 1e-10, "xrtol": 1e-05, "eps": 1e-05, "duration": 0.11315202713012695, "fun": "0.10962969509327347", "jac": "[-1.81310522e-07 -3.23530092e-07 -9.52549151e-07 -6.91480206e-07\n -1.86540783e-06  2.38740139e-06]", "hess_inv": "[[  4.03861827   2.20146291  -2.81107201   0.20059146 -12.10592208\n   -9.72060345]\n [  2.20146291   9.33038583  -8.6038047   -2.22288631 -26.83369774\n  -24.91269205]\n [ -2.81107201  -8.6038047   12.54440291   0.66688795  34.65322393\n   33.0721083 ]\n [  0.20059146  -2.22288631   0.66688795   3.30228605   3.34425522\n    2.9328998 ]\n [-12.10592208 -26.83369774  34.65322393   3.34425522 133.50028349\n  123.67102853]\n [ -9.72060345 -24.91269205  33.0721083    2.9328998  123.67102853\n  118.69183887]]", "nfev": "395", "njev": "55", "status": "2", "success": "False", "message": "Desired error not necessarily achieved due to precision loss.", "x": "[-0.9951978   4.64681859 -0.42363203  2.8360894  -0.36239743  1.38933594]", "nit": "29", "callback": [0.7223177402607612, 0.7004866390944751, 0.48803879784847926, 0.4094068213117895, 0.31645285397787326, 0.2512383424158737, 0.15432457621885087, 0.13588131614772914, 0.13076784204820002, 0.12667438893558336, 0.12381384341605328, 0.12166546731760208, 0.11975941935739098, 0.118168636682485, 0.11681464871689695, 0.1158437522148541, 0.11522566123513411, 0.114251489426626, 0.112750800197573, 0.1106787132810868, 0.10988798536041255, 0.10970612935185031, 0.10964153288389722, 0.10963307223284513, 0.10963088048145198, 0.10962993057685644, 0.1096297085573632, 0.10962969510055853, 0.10962969509327347]}, "5": {"maxiter": 100, "gtol": 1e-10, "xrtol": 1e-05, "eps": 1e-10, "duration": 0.0928659439086914, "fun": "0.1096296944781443", "jac": "[ 0.00000000e+00 -4.44089173e-06 -2.22044587e-06 -3.33066880e-06\n -3.33066880e-06  5.55111466e-06]", "hess_inv": "[[  9.17069107  10.20583805  -5.74476349  -0.81663078 -36.45369021\n  -29.3279239 ]\n [ 10.20583805  20.61818541 -10.86870483  -3.24239455 -57.12058014\n  -47.75133626]\n [ -5.74476349 -10.86870483   8.05549188   0.6007708   30.50370474\n   26.26186788]\n [ -0.81663078  -3.24239455   0.6007708    2.84083819   5.3079655\n    4.0557908 ]\n [-36.45369021 -57.12058014  30.50370474   5.3079655  193.32015065\n  160.89032902]\n [-29.3279239  -47.75133626  26.26186788   4.0557908  160.89032902\n  137.63426143]]", "nfev": "350", "njev": "50", "status": "0", "success": "True", "message": "Optimization terminated successfully.", "x": "[-0.99522918  4.64674325 -0.42352431  2.83609    -0.36201326  1.38970583]", "nit": "31", "callback": [0.7223182410847673, 0.7004874165925439, 0.48804131078267743, 0.4094064872027612, 0.3164525656039032, 0.2512378210424915, 0.15432404500728547, 0.13588187699284493, 0.13076747724053228, 0.12667503922889056, 0.12381407827477253, 0.12166559730925064, 0.11976072812505134, 0.11816842923954585, 0.11681683813340227, 0.11584454878540962, 0.11522699245993762, 0.11425259210986871, 0.11275151791612781, 0.11067929735552962, 0.10988842448331149, 0.1097067940980806, 0.10964160840666048, 0.10963304776026328, 0.10963088017733091, 0.10962992651743086, 0.10962971767836682, 0.10962969579950832, 0.1096296946961327, 0.10962969447814452, 0.1096296944781443]}, "6": {"maxiter": 100, "gtol": 1e-10, "xrtol": 1e-10, "eps": 1e-05, "duration": 0.1218101978302002, "fun": "0.10962969509327347", "jac": "[-1.81310522e-07 -3.23530092e-07 -9.52549151e-07 -6.91480206e-07\n -1.86540783e-06  2.38740139e-06]", "hess_inv": "[[  4.03861827   2.20146291  -2.81107201   0.20059146 -12.10592208\n   -9.72060345]\n [  2.20146291   9.33038583  -8.6038047   -2.22288631 -26.83369774\n  -24.91269205]\n [ -2.81107201  -8.6038047   12.54440291   0.66688795  34.65322393\n   33.0721083 ]\n [  0.20059146  -2.22288631   0.66688795   3.30228605   3.34425522\n    2.9328998 ]\n [-12.10592208 -26.83369774  34.65322393   3.34425522 133.50028349\n  123.67102853]\n [ -9.72060345 -24.91269205  33.0721083    2.9328998  123.67102853\n  118.69183887]]", "nfev": "395", "njev": "55", "status": "2", "success": "False", "message": "Desired error not necessarily achieved due to precision loss.", "x": "[-0.9951978   4.64681859 -0.42363203  2.8360894  -0.36239743  1.38933594]", "nit": "29", "callback": [0.7223177402607612, 0.7004866390944751, 0.48803879784847926, 0.4094068213117895, 0.31645285397787326, 0.2512383424158737, 0.15432457621885087, 0.13588131614772914, 0.13076784204820002, 0.12667438893558336, 0.12381384341605328, 0.12166546731760208, 0.11975941935739098, 0.118168636682485, 0.11681464871689695, 0.1158437522148541, 0.11522566123513411, 0.114251489426626, 0.112750800197573, 0.1106787132810868, 0.10988798536041255, 0.10970612935185031, 0.10964153288389722, 0.10963307223284513, 0.10963088048145198, 0.10962993057685644, 0.1096297085573632, 0.10962969510055853, 0.10962969509327347]}, "7": {"maxiter": 100, "gtol": 1e-10, "xrtol": 1e-10, "eps": 1e-10, "duration": 0.0997011661529541, "fun": "0.1096296944781443", "jac": "[ 0.00000000e+00 -4.44089173e-06 -2.22044587e-06 -3.33066880e-06\n -3.33066880e-06  5.55111466e-06]", "hess_inv": "[[  9.17069107  10.20583805  -5.74476349  -0.81663078 -36.45369021\n  -29.3279239 ]\n [ 10.20583805  20.61818541 -10.86870483  -3.24239455 -57.12058014\n  -47.75133626]\n [ -5.74476349 -10.86870483   8.05549188   0.6007708   30.50370474\n   26.26186788]\n [ -0.81663078  -3.24239455   0.6007708    2.84083819   5.3079655\n    4.0557908 ]\n [-36.45369021 -57.12058014  30.50370474   5.3079655  193.32015065\n  160.89032902]\n [-29.3279239  -47.75133626  26.26186788   4.0557908  160.89032902\n  137.63426143]]", "nfev": "350", "njev": "50", "status": "0", "success": "True", "message": "Optimization terminated successfully.", "x": "[-0.99522918  4.64674325 -0.42352431  2.83609    -0.36201326  1.38970583]", "nit": "31", "callback": [0.7223182410847673, 0.7004874165925439, 0.48804131078267743, 0.4094064872027612, 0.3164525656039032, 0.2512378210424915, 0.15432404500728547, 0.13588187699284493, 0.13076747724053228, 0.12667503922889056, 0.12381407827477253, 0.12166559730925064, 0.11976072812505134, 0.11816842923954585, 0.11681683813340227, 0.11584454878540962, 0.11522699245993762, 0.11425259210986871, 0.11275151791612781, 0.11067929735552962, 0.10988842448331149, 0.1097067940980806, 0.10964160840666048, 0.10963304776026328, 0.10963088017733091, 0.10962992651743086, 0.10962971767836682, 0.10962969579950832, 0.1096296946961327, 0.10962969447814452, 0.1096296944781443]}, "8": {"maxiter": 500, "gtol": 1e-05, "xrtol": 1e-05, "eps": 1e-05, "duration": 0.06824016571044922, "fun": "0.10962969509327347", "jac": "[-1.81310522e-07 -3.23530092e-07 -9.52549151e-07 -6.91480206e-07\n -1.86540783e-06  2.38740139e-06]", "hess_inv": "[[  4.04097626   2.27283837  -2.91104721   0.24807181 -12.53873277\n  -10.30765512]\n [  2.27283837   9.3553576   -8.53449409  -2.13310498 -26.6228\n  -24.69750212]\n [ -2.91104721  -8.53449409  12.29615084   0.60693322  33.7077365\n   31.89239869]\n [  0.24807181  -2.13310498   0.60693322   3.40817718   3.02844405\n    2.45982976]\n [-12.53873277 -26.6228      33.7077365    3.02844405 129.96288114\n  119.3147422 ]\n [-10.30765512 -24.69750212  31.89239869   2.45982976 119.3147422\n  113.37991467]]", "nfev": "252", "njev": "36", "status": "0", "success": "True", "message": "Optimization terminated successfully.", "x": "[-0.9951978   4.64681859 -0.42363203  2.8360894  -0.36239743  1.38933594]", "nit": "29", "callback": [0.7223177402607612, 0.7004866390944751, 0.48803879784847926, 0.4094068213117895, 0.31645285