{"date": "2024/10/08/, 17:46:38", "conf_id": 17, "data_type": "random\n", "num_data_points": 1, "s_rank": 0, "unitary": "[[0.18663085-0.53122324j,-0.11886349-0.70040876j,0.28555095-0.02789305j,-0.12262021-0.2844587j],[-0.16702216+0.27758472j,0.27526351-0.29738586j,-0.01109314+0.22495461j,-0.77239203+0.28900673j],[0.61935415+0.12301792j,-0.31269928-0.03315917j,-0.61902762-0.19039079j,-0.27120731-0.0968989j],[0.42341754+0.0023929j,-0.05847358+0.47832119j,0.64900495-0.16218422j,-0.37182676-0.05229966j]]", "databatch_0": {"databatch": "[[[-0.09982213+0.05819637j,0.31559628+0.24783365j,-0.05027755+0.05376914j,0.03308919+0.03876535j],[-0.39564916+0.05259059j,-0.09499137-0.27218948j,0.30705689-0.14329855j,-0.09573405+0.15976143j],[-0.09081101-0.07081308j,0.07351958-0.1239636j,-0.31941774-0.14176635j,-0.06290594+0.04970175j],[-0.23544923+0.10103484j,0.03443063-0.16947653j,0.03709228-0.12486005j,-0.25406452-0.29331742j]]]", "initial param values": "[1.77227185,4.44197131,4.92888719,2.62120005,2.31493686,4.4286734]", "nelder_mead": {"type": "gradient-free", "0": {"maxiter": 100, "fatol": 1e-05, "xatol": 1e-05, "duration": 0.056996822357177734, "fun": "0.3319702050752933", "nit": "100", "nfev": "157", "status": "2", "success": "False", "message": "Maximum number of iterations has been exceeded.", "x": "[1.30027419 7.16120292 3.81178002 2.9179648  2.01343279 3.80315931]", "final_simplex": "(array([[1.30027419, 7.16120292, 3.81178002, 2.9179648 , 2.01343279,\n        3.80315931],\n       [1.2868796 , 7.19303527, 3.66415743, 2.99073292, 2.1635746 ,\n        3.98490243],\n       [1.2752965 , 7.21020218, 3.64560875, 3.01356496, 2.14364134,\n        3.9754767 ],\n       [1.31640462, 7.22799804, 3.73192205, 2.97336906, 2.06248408,\n        3.89722093],\n       [1.27294464, 7.19684281, 3.65403666, 2.99657322, 2.19069168,\n        4.0481563 ],\n       [1.29007165, 7.18812281, 3.71885209, 2.98300682, 2.12344693,\n        3.93537945],\n       [1.28805502, 7.17266859, 3.65464786, 3.04125475, 2.13576283,\n        3.99013537]]), array([0.33197021, 0.33363714, 0.3339273 , 0.33421023, 0.33450127,\n       0.33479052, 0.33534492]))", "callback": [0.9442688285808818, 0.7378179795951203, 0.49806585876028064, 0.3696263584918432, 0.34650880105108295, 0.339519982631063, 0.3377325390955781, 0.33747707995915777, 0.3365196449222182, 0.33551654237829975]}, "1": {"maxiter": 100, "fatol": 1e-05, "xatol": 1e-10, "duration": 0.04361581802368164, "fun": "0.3319702050752933", "nit": "100", "nfev": "157", "status": "2", "success": "False", "message": "Maximum number of iterations has been exceeded.", "x": "[1.30027419 7.16120292 3.81178002 2.9179648  2.01343279 3.80315931]", "final_simplex": "(array([[1.30027419, 7.16120292, 3.81178002, 2.9179648 , 2.01343279,\n        3.80315931],\n       [1.2868796 , 7.19303527, 3.66415743, 2.99073292, 2.1635746 ,\n        3.98490243],\n       [1.2752965 , 7.21020218, 3.64560875, 3.01356496, 2.14364134,\n        3.9754767 ],\n       [1.31640462, 7.22799804, 3.73192205, 2.97336906, 2.06248408,\n        3.89722093],\n       [1.27294464, 7.19684281, 3.65403666, 2.99657322, 2.19069168,\n        4.0481563 ],\n       [1.29007165, 7.18812281, 3.71885209, 2.98300682, 2.12344693,\n        3.93537945],\n       [1.28805502, 7.17266859, 3.65464786, 3.04125475, 2.13576283,\n        3.99013537]]), array([0.33197021, 0.33363714, 0.3339273 , 0.33421023, 0.33450127,\n       0.33479052, 0.33534492]))", "callback": [0.9442688285808818, 0.7378179795951203, 0.49806585876028064, 0.3696263584918432, 0.34650880105108295, 0.339519982631063, 0.3377325390955781, 0.33747707995915777, 0.3365196449222182, 0.33551654237829975]}, "2": {"maxiter": 100, "fatol": 1e-10, "xatol": 1e-05, "duration": 0.0487360954284668, "fun": "0.3319702050752933", "nit": "100", "nfev": "157", "status": "2", "success": "False", "message": "Maximum number of iterations has been exceeded.", "x": "[1.30027419 7.16120292 3.81178002 2.9179648  2.01343279 3.80315931]", "final_simplex": "(array([[1.30027419, 7.16120292, 3.81178002, 2.9179648 , 2.01343279,\n        3.80315931],\n       [1.2868796 , 7.19303527, 3.66415743, 2.99073292, 2.1635746 ,\n        3.98490243],\n       [1.2752965 , 7.21020218, 3.64560875, 3.01356496, 2.14364134,\n        3.9754767 ],\n       [1.31640462, 7.22799804, 3.73192205, 2.97336906, 2.06248408,\n        3.89722093],\n       [1.27294464, 7.19684281, 3.65403666, 2.99657322, 2.19069168,\n        4.0481563 ],\n       [1.29007165, 7.18812281, 3.71885209, 2.98300682, 2.12344693,\n        3.93537945],\n       [1.28805502, 7.17266859, 3.65464786, 3.04125475, 2.13576283,\n        3.99013537]]), array([0.33197021, 0.33363714, 0.3339273 , 0.33421023, 0.33450127,\n       0.33479052, 0.33534492]))", "callback": [0.9442688285808818, 0.7378179795951203, 0.49806585876028064, 0.3696263584918432, 0.34650880105108295, 0.339519982631063, 0.3377325390955781, 0.33747707995915777, 0.3365196449222182, 0.33551654237829975]}, "3": {"maxiter": 100, "fatol": 1e-10, "xatol": 1e-10, "duration": 0.05200600624084473, "fun": "0.3319702050752933", "nit": "100", "nfev": "157", "status": "2", "success": "False", "message": "Maximum number of iterations has been exceeded.", "x": "[1.30027419 7.16120292 3.81178002 2.9179648  2.01343279 3.80315931]", "final_simplex": "(array([[1.30027419, 7.16120292, 3.81178002, 2.9179648 , 2.01343279,\n        3.80315931],\n       [1.2868796 , 7.19303527, 3.66415743, 2.99073292, 2.1635746 ,\n        3.98490243],\n       [1.2752965 , 7.21020218, 3.64560875, 3.01356496, 2.14364134,\n        3.9754767 ],\n       [1.31640462, 7.22799804, 3.73192205, 2.97336906, 2.06248408,\n        3.89722093],\n       [1.27294464, 7.19684281, 3.65403666, 2.99657322, 2.19069168,\n        4.0481563 ],\n       [1.29007165, 7.18812281, 3.71885209, 2.98300682, 2.12344693,\n        3.93537945],\n       [1.28805502, 7.17266859, 3.65464786, 3.04125475, 2.13576283,\n        3.99013537]]), array([0.33197021, 0.33363714, 0.3339273 , 0.33421023, 0.33450127,\n       0.33479052, 0.33534492]))", "callback": [0.9442688285808818, 0.7378179795951203, 0.49806585876028064, 0.3696263584918432, 0.34650880105108295, 0.339519982631063, 0.3377325390955781, 0.33747707995915777, 0.3365196449222182, 0.33551654237829975]}, "4": {"maxiter": 500, "fatol": 1e-05, "xatol": 1e-05, "duration": 0.1899878978729248, "fun": "0.25564543991393984", "nit": "391", "nfev": "619", "status": "0", "success": "True", "message": "Optimization terminated successfully.", "x": "[1.40994387 7.23381326 3.48886714 2.44256447 0.86479785 2.69517816]", "final_simplex": "(array([[1.40994387, 7.23381326, 3.48886714, 2.44256447, 0.86479785,\n        2.69517816],\n       [1.40993897, 7.23381213, 3.48886781, 2.44256368, 0.86479743,\n        2.69517591],\n       [1.40994114, 7.23381023, 3.48887098, 2.44256685, 0.86480057,\n        2.6951782 ],\n       [1.40994174, 7.23381393, 3.48887297, 2.44256441, 0.86480356,\n        2.69517998],\n       [1.40994278, 7.23381444, 3.48886674, 2.4425672 , 0.86479696,\n        2.69517472],\n       [1.40993819, 7.23381278, 3.48887086, 2.44256522, 0.86480514,\n        2.69518779],\n       [1.40994461, 7.23380885, 3.48886566, 2.44256699, 0.86480339,\n        2.69518196]]), array([0.25564544, 0.25564544, 0.25564544, 0.25564544, 0.25564544,\n       0.25564544, 0.25564544]))", "callback": [0.9442688285808818, 0.7378179795951203, 0.49806585876028064, 0.3696263584918432, 0.34650880105108295, 0.339519982631063, 0.3377325390955781, 0.33747707995915777, 0.3365196449222182, 0.33551654237829975, 0.33027539049742904, 0.310994855319469, 0.2892363051134954, 0.2642414793761563, 0.2613524452258983, 0.26071512428918797, 0.2592947911160438, 0.2588987837436971, 0.2585971967673367, 0.25830481492141666, 0.25794681265735575, 0.2563221965418834, 0.2559193627409404, 0.25572691860124075, 0.2556948524392578, 0.25566159348881445, 0.2556506973705456, 0.2556468124232594, 0.2556455243244312, 0.255645503906028, 0.2556454536589584, 0.2556454447680315, 0.2556454424866209, 0.2556454411921042, 0.25564544089626184, 0.25564544038027015, 0.255645440080317, 0.25564543997499434, 0.25564543992099176, 0.25564543991393984]}, "5": {"maxiter": 500, "fatol": 1e-05, "xatol": 1e-10, "duration": 0.25403594970703125, "fun": "0.2556454399109994", "nit": "500", "nfev": "818", "status": "2", "success": "False", "message": "Maximum number of iterations has been exceeded.", "x": "[1.40994199 7.23381197 3.48886821 2.44256405 0.86480229 2.69517966]", "final_simplex": "(array([[1.40994199, 7.23381197, 3.48886821, 2.44256405, 0.86480229,\n        2.69517966],\n       [1.40994199, 7.23381197, 3.48886821, 2.44256405, 0.86480229,\n        2.69517966],\n       [1.40994199, 7.23381197, 3.48886821, 2.44256405, 0.86480229,\n        2.69517966],\n       [1.40994199, 7.23381197, 3.48886821, 2.44256405, 0.86480229,\n        2.69517966],\n       [1.40994199, 7.23381197, 3.48886821, 2.44256405, 0.86480229,\n        2.69517966],\n       [1.40994199, 7.23381197, 3.48886821, 2.44256405, 0.86480229,\n        2.69517966],\n       [1.40994199, 7.23381197, 3.48886821, 2.44256405, 0.86480229,\n        2.69517966]]), array([0.25564544, 0.25564544, 0.25564544, 0.25564544, 0.25564544,\n       0.25564544, 0.25564544]))", "callback": [0.9442688285808818, 0.7378179795951203, 0.49806585876028064, 0.3696263584918432, 0.34650880105108295, 0.339519982631063, 0.3377325390955781, 0.33747707995915777, 0.3365196449222182, 0.33551654237829975, 0.33027539049742904, 0.310994855319469, 0.2892363051134954, 0.2642414793761563, 0.2613524452258983, 0.26071512428918797, 0.2592947911160438, 0.2588987837436971, 0.2585971967673367, 0.25830481492141666, 0.25794681265735575, 0.2563221965418834, 0.2559193627409404, 0.25572691860124075, 0.2556948524392578, 0.25566159348881445, 0.2556506973705456, 0.2556468124232594, 0.2556455243244312, 0.255645503906028, 0.2556454536589584, 0.2556454447680315, 0.2556454424866209, 0.2556454411921042, 0.25564544089626184, 0.25564544038027015, 0.255645440080317, 0.25564543997499434, 0.25564543992099176, 0.25564543991262356, 0.2556454399116166, 0.2556454399111552, 0.2556454399111552, 0.25564543991108535, 0.2556454399110294, 0.2556454399110073, 0.25564543991100064, 0.25564543991099997, 0.25564543991099953, 0.25564543991099953]}, "6": {"maxiter": 500, "fatol": 1e-10, "xatol": 1e-05, "duration": 0.20549511909484863, "fun": "0.25564543991393984", "nit": "391", "nfev": "619", "status": "0", "success": "True", "message": "Optimization terminated successfully.", "x": "[1.40994387 7.23381326 3.48886714 2.44256447 0.86479785 2.69517816]", "final_simplex": "(array([[1.40994387, 7.23381326, 3.48886714, 2.44256447, 0.86479785,\n        2.69517816],\n       [1.40993897, 7.23381213, 3.48886781, 2.44256368, 0.86479743,\n        2.69517591],\n       [1.40994114, 7.23381023, 3.48887098, 2.44256685, 0.86480057,\n        2.6951782 ],\n       [1.40994174, 7.23381393, 3.48887297, 2.44256441, 0.86480356,\n        2.69517998],\n       [1.40994278, 7.23381444, 3.48886674, 2.4425672 , 0.86479696,\n        2.69517472],\n       [1.40993819, 7.23381278, 3.48887086, 2.44256522, 0.86480514,\n        2.69518779],\n       [1.40994461, 7.23380885, 3.48886566, 2.44256699, 0.86480339,\n        2.69518196]]), array([0.25564544, 0.25564544, 0.25564544, 0.25564544, 0.25564544,\n       0.25564544, 0.25564544]))", "callback": [0.9442688285808818, 0.7378179795951203, 0.49806585876028064, 0.3696263584918432, 0.34650880105108295, 0.339519982631063, 0.3377325390955781, 0.33747707995915777, 0.3365196449222182, 0.33551654237829975, 0.33027539049742904, 0.310994855319469, 0.2892363051134954, 0.2642414793761563, 0.2613524452258983, 0.26071512428918797, 0.2592947911160438, 0.2588987837436971, 0.2585971967673367, 0.25830481492141666, 0.25794681265735575, 0.2563221965418834, 0.2559193627409404, 0.25572691860124075, 0.2556948524392578, 0.25566159348881445, 0.2556506973705456, 0.2556468124232594, 0.2556455243244312, 0.255645503906028, 0.2556454536589584, 0.2556454447680315, 0.2556454424866209, 0.2556454411921042, 0.25564544089626184, 0.25564544038027015, 0.255645440080317, 0.25564543997499434, 0.25564543992099176, 0.25564543991393984]}, "7": {"maxiter": 500, "fatol": 1e-10, "xatol": 1e-10, "duration": 0.2462759017944336, "fun": "0.2556454399109994", "nit": "500", "nfev": "818", "status": "2", "success": "False", "message": "Maximum number of iterations has been exceeded.", "x": "[1.40994199 7.23381197 3.48886821 2.44256405 0.86480229 2.69517966]", "final_simplex": "(array([[1.40994199, 7.23381197, 3.48886821, 2.44256405, 0.86480229,\n        2.69517966],\n       [1.40994199, 7.23381197, 3.48886821, 2.44256405, 0.86480229,\n        2.69517966],\n       [1.40994199, 7.23381197, 3.48886821, 2.44256405, 0.86480229,\n        2.69517966],\n       [1.40994199, 7.23381197, 3.48886821, 2.44256405, 0.86480229,\n        2.69517966],\n       [1.40994199, 7.23381197, 3.48886821, 2.44256405, 0.86480229,\n        2.69517966],\n       [1.40994199, 7.23381197, 3.48886821, 2.44256405, 0.86480229,\n        2.69517966],\n       [1.40994199, 7.23381197, 3.48886821, 2.44256405, 0.86480229,\n        2.69517966]]), array([0.25564544, 0.25564544, 0.25564544, 0.25564544, 0.25564544,\n       0.25564544, 0.25564544]))", "callback": [0.9442688285808818, 0.7378179795951203, 0.49806585876028064, 0.3696263584918432, 0.34650880105108295, 0.339519982631063, 0.3377325390955781, 0.33747707995915777, 0.3365196449222182, 0.33551654237829975, 0.33027539049742904, 0.310994855319469, 0.2892363051134954, 0.2642414793761563, 0.2613524452258983, 0.26071512428918797, 0.2592947911160438, 0.2588987837436971, 0.2585971967673367, 0.25830481492141666, 0.25794681265735575, 0.2563221965418834, 0.2559193627409404, 0.25572691860124075, 0.2556948524392578, 0.25566159348881445, 0.2556506973705456, 0.2556468124232594, 0.2556455243244312, 0.255645503906028, 0.2556454536589584, 0.2556454447680315, 0.2556454424866209, 0.2556454411921042, 0.25564544089626184, 0.25564544038027015, 0.255645440080317, 0.25564543997499434, 0.25564543992099176, 0.25564543991262356, 0.2556454399116166, 0.2556454399111552, 0.2556454399111552, 0.25564543991108535, 0.2556454399110294, 0.2556454399110073, 0.25564543991100064, 0.25564543991099997, 0.25564543991099953, 0.25564543991099953]}, "8": {"maxiter": 1000, "fatol": 1e-05, "xatol": 1e-05, "duration": 0.1961212158203125, "fun": "0.25564543991393984", "nit": "391", "nfev": "619", "status": "0", "success": "True", "message": "Optimization terminated successfully.", "x": "[1.40994387 7.23381326 3.48886714 2.44256447 0.86479785 2.69517816]", "final_simplex": "(array([[1.40994387, 7.23381326, 3.48886714, 2.44256447, 0.86479785,\n        2.69517816],\n       [1.40993897, 7.23381213, 3.48886781, 2.44256368, 0.86479743,\n        2.69517591],\n       [1.40994114, 7.23381023, 3.48887098, 2.44256685, 0.86480057,\n        2.6951782 ],\n       [1.40994174, 7.23381393, 3.48887297, 2.44256441, 0.86480356,\n        2.69517998],\n       [1.40994278, 7.23381444, 3.48886674, 2.4425672 , 0.86479696,\n        2.69517472],\n       [1.40993819, 7.23381278, 3.48887086, 2.44256522, 0.86480514,\n        2.69518779],\n       [1.40994461, 7.23380885, 3.48886566, 2.44256699, 0.86480339,\n        2.69518196]]), array([0.25564544, 0.25564544, 0.25564544, 0.25564544, 0.25564544,\n       0.25564544, 0.25564544]))", "callback": [0.9442688285808818, 0.7378179795951203, 0.49806585876028064, 0.3696263584918432, 0.34650880105108295, 0.339519982631063, 0.3377325390955781, 0.33747707995915777, 0.3365196449222182, 0.33551654237829975, 0.33027539049742904, 0.310994855319469, 0.2892363051134954, 0.2642414793761563, 0.2613524452258983, 0.26071512428918797, 0.2592947911160438, 0.2588987837436971, 0.2585971967673367, 0.25830481492141666, 0.25794681265735575, 0.2563221965418834, 0.2559193627409404, 0.25572691860124075, 0.2556948524392578, 0.25566159348881445, 0.2556506973705456, 0.2556468124232594, 0.2556455243244312, 0.255645503906028, 0.2556454536589584, 0.2556454447680315, 0.2556454424866209, 0.2556454411921042, 0.25564544089626184, 0.25564544038027015, 0.255645440080317, 0.25564543997499434, 0.25564543992099176, 0.25564543991393984]}, "9": {"maxiter": 1000, "fatol": 1e-05, "xatol": 1e-10, "duration": 0.2719893455505371, "fun": "0.2556454399109994", "nit": "516", "nfev": "876", "status": "0", "success": "True", "message": "Optimization terminated successfully.", "x": "[1.40994199 7.23381197 3.48886821 2.44256405 0.86480229 2.69517966]", "final_simplex": "(array([[1.40994199, 7.23381197, 3.48886821, 2.44256405, 0.86480229,\n        2.69517966],\n       [1.40994199, 7.23381197, 3.48886821, 2.44256405, 0.86480229,\n        2.69517966],\n       [1.40994199, 7.23381197, 3.48886821, 2.44256405, 0.86480229,\n        2.69517966],\n       [1.40994199, 7.23381197, 3.48886821, 2.44256405, 0.86480229,\n        2.69517966],\n       [1.40994199, 7.23381197, 3.48886821, 2.44256405, 0.86480229,\n        2.69517966],\n       [1.40994199, 7.23381197, 3.48886821, 2.44256405, 0.86480229,\n        2.69517966],\n       [1.40994199, 7.23381197, 3.48886821, 2.44256405, 0.86480229,\n        2.69517966]]), array([0.25564544, 0.25564544, 0.25564544, 0.25564544, 0.25564544,\n       0.25564544, 0.25564544]))", "callback": [0.9442688285808818, 0.7378179795951203, 0.49806585876028064, 0.3696263584918432, 0.34650880105108295, 0.339519982631063, 0.3377325390955781, 0.33747707995915777, 0.3365196449222182, 0.33551654237829975, 0.33027539049742904, 0.310994855319469, 0.2892363051134954, 0.2642414793761563, 0.2613524452258983, 0.26071512428918797, 0.2592947911160438, 0.2588987837436971, 0.2585971967673367, 0.25830481492141666, 0.25794681265735575, 0.2563221965418834, 0.2559193627409404, 0.25572691860124075, 0.2556948524392578, 0.25566159348881445, 0.2556506973705456, 0.2556468124232594, 0.2556455243244312, 0.255645503906028, 0.2556454536589584, 0.2556454447680315, 0.2556454424866209, 0.2556454411921042, 0.25564544089626184, 0.25564544038027015, 0.255645440080317, 0.25564543997499434, 0.25564543992099176, 0.25564543991262356, 0.2556454399116166, 0.2556454399111552, 0.2556454399111552, 0.25564543991108535, 0.2556454399110294, 0.2556454399110073, 0.25564543991100064, 0.25564543991099997, 0.25564543991099953, 0.25564543991099953, 0.2556454399109994, 0.2556454399109994]}, "10": {"maxiter": 1000, "fatol": 1e-10, "xatol": 1e-05, "duration": 0.2115311622619629, "fun": "0.25564543991393984", "nit": "391", "nfev": "619", "status": "0", "success": "True", "message": "Optimization terminated successfully.", "x": "[1.40994387 7.23381326 3.48886714 2.44256447 0.86479785 2.69517816]", "final_simplex": "(array([[1.40994387, 7.23381326, 3.48886714, 2.44256447, 0.86479785,\n        2.69517816],\n       [1.40993897, 7.23381213, 3.48886781, 2.44256368, 0.86479743,\n        2.69517591],\n       [1.40994114, 7.23381023, 3.48887098, 2.44256685, 0.86480057,\n        2.6951782 ],\n       [1.40994174, 7.23381393, 3.48887297, 2.44256441, 0.86480356,\n        2.69517998],\n       [1.40994278, 7.23381444, 3.48886674, 2.4425672 , 0.86479696,\n        2.69517472],\n       [1.40993819, 7.23381278, 3.48887086, 2.44256522, 0.86480514,\n        2.69518779],\n       [1.40994461, 7.23380885, 3.48886566, 2.44256699, 0.86480339,\n        2.69518196]]), array([0.25564544, 0.25564544, 0.25564544, 0.25564544, 0.25564544,\n       0.25564544, 0.25564544]))", "callback": [0.9442688285808818, 0.7378179795951203, 0.49806585876028064, 0.3696263584918432, 0.34650880105108295, 0.339519982631063, 0.3377325390955781, 0.33747707995915777, 0.3365196449222182, 0.33551654237829975, 0.33027539049742904, 0.310994855319469, 0.2892363051134954, 0.2642414793761563, 0.2613524452258983, 0.26071512428918797, 0.2592947911160438, 0.2588987837436971, 0.2585971967673367, 0.25830481492141666, 0.25794681265735575, 0.2563221965418834, 0.2559193627409404, 0.25572691860124075, 0.2556948524392578, 0.25566159348881445, 0.2556506973705456, 0.2556468124232594, 0.2556455243244312, 0.255645503906028, 0.2556454536589584, 0.2556454447680315, 0.2556454424866209, 0.2556454411921042, 0.25564544089626184, 0.25564544038027015, 0.255645440080317, 0.25564543997499434, 0.25564543992099176, 0.25564543991393984]}, "11": {"maxiter": 1000, "fatol": 1e-10, "xatol": 1e-10, "duration": 0.32708191871643066, "fun": "0.2556454399109994", "nit": "516", "nfev": "876", "status": "0", "success": "True", "message": "Optimization terminated successfully.", "x": "[1.40994199 7.23381197 3.48886821 2.44256405 0.86480229 2.69517966]", "final_simplex": "(array([[1.40994199, 7.23381197, 3.48886821, 2.44256405, 0.86480229,\n        2.69517966],\n       [1.40994199, 7.23381197, 3.48886821, 2.44256405, 0.86480229,\n        2.69517966],\n       [1.40994199, 7.23381197, 3.48886821, 2.44256405, 0.86480229,\n        2.69517966],\n       [1.40994199, 7.23381197, 3.48886821, 2.44256405, 0.86480229,\n        2.69517966],\n       [1.40994199, 7.23381197, 3.48886821, 2.44256405, 0.86480229,\n        2.69517966],\n       [1.40994199, 7.23381197, 3.48886821, 2.44256405, 0.86480229,\n        2.69517966],\n       [1.40994199, 7.23381197, 3.48886821, 2.44256405, 0.86480229,\n        2.69517966]]), array([0.25564544, 0.25564544, 0.25564544, 0.25564544, 0.25564544,\n       0.25564544, 0.25564544]))", "callback": [0.9442688285808818, 0.7378179795951203, 0.49806585876028064, 0.3696263584918432, 0.34650880105108295, 0.339519982631063, 0.3377325390955781, 0.33747707995915777, 0.3365196449222182, 0.33551654237829975, 0.33027539049742904, 0.310994855319469, 0.2892363051134954, 0.2642414793761563, 0.2613524452258983, 0.26071512428918797, 0.2592947911160438, 0.2588987837436971, 0.2585971967673367, 0.25830481492141666, 0.25794681265735575, 0.2563221965418834, 0.2559193627409404, 0.25572691860124075, 0.2556948524392578, 0.25566159348881445, 0.2556506973705456, 0.2556468124232594, 0.2556455243244312, 0.255645503906028, 0.2556454536589584, 0.2556454447680315, 0.2556454424866209, 0.2556454411921042, 0.25564544089626184, 0.25564544038027015, 0.255645440080317, 0.25564543997499434, 0.25564543992099176, 0.25564543991262356, 0.2556454399116166, 0.2556454399111552, 0.2556454399111552, 0.25564543991108535, 0.2556454399110294, 0.2556454399110073, 0.25564543991100064, 0.25564543991099997, 0.25564543991099953, 0.25564543991099953, 0.2556454399109994, 0.2556454399109994]}}, "bfgs": {"type": "gradient", "0": {"maxiter": 100, "gtol": 1e-05, "xrtol": 1e-05, "eps": 1e-05, "duration": 0.06019401550292969, "fun": "0.25564543999879463", "jac": "[-7.91711141e-07  3.54083429e-07  2.50884868e-06 -4.63507011e-07\n  6.46604992e-07 -1.54245505e-06]", "hess_inv": "[[ 3.33616355 -0.3414344  -0.3418548  -0.56909559 -0.87668656 -1.5843555 ]\n [-0.3414344   3.21660779 -0.14675448 -0.35063294  0.04453571  0.62776588]\n [-0.3418548  -0.14675448  3.42190338 -0.04385442  2.45126635  2.64697157]\n [-0.56909559 -0.35063294 -0.04385442  2.86592588  0.44758757  0.53127178]\n [-0.87668656  0.04453571  2.45126635  0.44758757  8.59637171  7.51056452]\n [-1.5843555   0.62776588  2.64697157  0.53127178  7.51056452  9.77846253]]", "nfev": "182", "njev": "26", "status": "0", "success": "True", "message": "Optimization terminated successfully.", "x": "[1.40994051 7.23380597 3.48886004 2.44255861 0.86477083 2.69514311]", "nit": "20", "callback": [0.5984236868063497, 0.5857746901693315, 0.5667168999123877, 0.5331344192158765, 0.4905005101807389, 0.4686474051982501, 0.4268557561102949, 0.3702198269643784, 0.3364424188812748, 0.2865174307802696, 0.26587765480498693, 0.26127312462683905, 0.2573668784112758, 0.25698119369022765, 0.2563227763203193, 0.2556606415351298, 0.2556498525413421, 0.2556455407564142, 0.25564544323729865, 0.25564543999879463]}, "1": {"maxiter": 100, "gtol": 1e-05, "xrtol": 1e-05, "eps": 1e-10, "duration": 0.058357954025268555, "fun": "0.25564544009123336", "jac": "[-4.44089173e-06 -3.33066880e-06  1.11022293e-06 -1.11022293e-06\n -2.22044587e-06 -4.44089173e-06]", "hess_inv": "[[ 3.31562422e+00 -3.52233875e-01 -3.63254964e-01 -5.75351232e-01\n  -9.15228187e-01 -1.62416914e+00]\n [-3.52233875e-01  3.23103850e+00 -1.58030117e-01 -3.46261204e-01\n   3.35389705e-03  6.00167122e-01]\n [-3.63254964e-01 -1.58030117e-01  3.40103884e+00 -3.98186039e-02\n   2.42299691e+00  2.62610227e+00]\n [-5.75351232e-01 -3.46261204e-01 -3.98186039e-02  2.88967266e+00\n   4.45207250e-01  5.43717082e-01]\n [-9.15228187e-01  3.35389705e-03  2.42299691e+00  4.45207250e-01\n   8.56363083e+00  7.46995732e+00]\n [-1.62416914e+00  6.00167122e-01  2.62610227e+00  5.43717082e-01\n   7.46995732e+00  9.74002867e+00]]", "nfev": "182", "njev": "26", "status": "0", "success": "True", "message": "Optimization terminated successfully.", "x": "[1.40993779 7.23380726 3.48885782 2.44255773 0.86475436 2.69512894]", "nit": "20", "callback": [0.5984252265339133, 0.5857759275134556, 0.5667185553269762, 0.5331367521557794, 0.4905033539477265, 0.4686512473115749, 0.4268595814160123, 0.3702232913088066, 0.3364500586914342, 0.2865284453825291, 0.2658795493761025, 0.2612740254570526, 0.2573671838944027, 0.25698145581370224, 0.25632303941603374, 0.2556606965059738, 0.25564982875595554, 0.25564554692698904, 0.2556454435762989, 0.25564544009123336]}, "2": {"maxiter": 100, "gtol": 1e-05, "xrtol": 1e-10, "eps": 1e-05, "duration": 0.06000161170959473, "fun": "0.25564543999879463", "jac": "[-7.91711141e-07  3.54083429e-07  2.50884868e-06 -4.63507011e-07\n  6.46604992e-07 -1.54245505e-06]", "hess_inv": "[[ 3.33616355 -0.3414344  -0.3418548  -0.56909559 -0.87668656 -1.5843555 ]\n [-0.3414344   3.21660779 -0.14675448 -0.35063294  0.04453571  0.62776588]\n [-0.3418548  -0.14675448  3.42190338 -0.04385442  2.45126635  2.64697157]\n [-0.56909559 -0.35063294 -0.04385442  2.86592588  0.44758757  0.53127178]\n [-0.87668656  0.04453571  2.45126635  0.44758757  8.59637171  7.51056452]\n [-1.5843555   0.62776588  2.64697157  0.53127178  7.51056452  9.77846253]]", "nfev": "182", "njev": "26", "status": "0", "success": "True", "message": "Optimization terminated successfully.", "x": "[1.40994051 7.23380597 3.48886004 2.44255861 0.86477083 2.69514311]", "nit": "20", "callback": [0.5984236868063497, 0.5857746901693315, 0.5667168999123877, 0.5331344192158765, 0.4905005101807389, 0.4686474051982501, 0.4268557561102949, 0.3702198269643784, 0.3364424188812748, 0.2865174307802696, 0.26587765480498693, 0.26127312462683905, 0.2573668784112758, 0.25698119369022765, 0.2563227763203193, 0.2556606415351298, 0.2556498525413421, 0.2556455407564142, 0.25564544323729865, 0.25564543999879463]}, "3": {"maxiter": 100, "gtol": 1e-05, "xrtol": 1e-10, "eps": 1e-10, "duration": 0.06520700454711914, "fun": "0.25564544009123336", "jac": "[-4.44089173e-06 -3.33066880e-06  1.11022293e-06 -1.11022293e-06\n -2.22044587e-06 -4.44089173e-06]", "hess_inv": "[[ 3.31562422e+00 -3.52233875e-01 -3.63254964e-01 -5.75351232e-01\n  -9.15228187e-01 -1.62416914e+00]\n [-3.52233875e-01  3.23103850e+00 -1.58030117e-01 -3.46261204e-01\n   3.35389705e-03  6.00167122e-01]\n [-3.63254964e-01 -1.58030117e-01  3.40103884e+00 -3.98186039e-02\n   2.42299691e+00  2.62610227e+00]\n [-5.75351232e-01 -3.46261204e-01 -3.98186039e-02  2.88967266e+00\n   4.45207250e-01  5.43717082e-01]\n [-9.15228187e-01  3.35389705e-03  2.42299691e+00  4.45207250e-01\n   8.56363083e+00  7.46995732e+00]\n [-1.62416914e+00  6.00167122e-01  2.62610227e+00  5.43717082e-01\n   7.46995732e+00  9.74002867e+00]]", "nfev": "182", "njev": "26", "status": "0", "success": "True", "message": "Optimization terminated successfully.", "x": "[1.40993779 7.23380726 3.48885782 2.44255773 0.86475436 2.69512894]", "nit": "20", "callback": [0.5984252265339133, 0.5857759275134556, 0.5667185553269762, 0.5331367521557794, 0.4905033539477265, 0.4686512473115749, 0.4268595814160123, 0.3702232913088066, 0.3364500586914342, 0.2865284453825291, 0.2658795493761025, 0.2612740254570526, 0.2573671838944027, 0.25698145581370224, 0.25632303941603374, 0.2556606965059738, 0.25564982875595554, 0.25564554692698904, 0.2556454435762989, 0.25564544009123336]}, "4": {"maxiter": 100, "gtol": 1e-10, "xrtol": 1e-05, "eps": 1e-05, "duration": 0.05221390724182129, "fun": "0.25564543998840294", "jac": "[ 5.30575583e-08 -1.56985536e-08  1.67521552e-07 -1.23789867e-08\n  1.35147449e-07 -3.43391982e-08]", "hess_inv": "[[ 3.3527879  -0.34074374 -0.40481455 -0.55235207 -0.88201975 -1.55793146]\n [-0.34074374  3.17274896 -0.24703531 -0.32940378  0.02389245  0.62942862]\n [-0.40481455 -0.24703531  3.44300539 -0.06157116  2.42601877  2.54815561]\n [-0.55235207 -0.32940378 -0.06157116  2.87318245  0.4517708   0.55762092]\n [-0.88201975  0.02389245  2.42601877  0.4517708   8.58858003  7.50235041]\n [-1.55793146  0.62942862  2.54815561  0.55762092  7.50235041  9.8204557 ]]", "nfev": "189", "njev": "27", "status": "0", "success": "True", "message": "Optimization terminated successfully.", "x": "[1.40994221 7.23380599 3.48885351 2.44256035 0.86477026 2.69514581]", "nit": "21", "callback": [0.5984236868063497, 0.5857746901693315, 0.5667168999123877, 0.5331344192158765, 0.4905005101807389, 0.4686474051982501, 0.4268557561102949, 0.3702198269643784, 0.3364424188812748, 0.2865174307802696, 0.26587765480498693, 0.26127312462683905, 0.2573668784112758, 0.25698119369022765, 0.2563227763203193, 0.2556606415351298, 0.2556498525413421, 0.2556455407564142, 0.25564544323729865, 0.25564543999879463, 0.25564543998840294]}, "5": {"maxiter": 100, "gtol": 1e-10, "xrtol": 1e-05, "eps": 1e-10, "duration": 0.06558108329772949, "fun": "0.2556454399175685", "jac": "[ 0.00000000e+00 -2.22044587e-06  0.00000000e+00  0.00000000e+00\n -1.11022293e-06  0.00000000e+00]", "hess_inv": "[[ 3.32023507 -0.41150067 -0.28481209 -0.50685041 -0.59340511 -1.31104433]\n [-0.41150067  2.86744054 -0.17427472 -0.22341926 -0.06124557  0.40108463]\n [-0.28481209 -0.17427472  3.3157928   0.09182757  2.25255411  2.54098025]\n [-0.50685041 -0.22341926  0.09182757  2.97196478  1.03306234  1.22635705]\n [-0.59340511 -0.06124557  2.25255411  1.03306234  8.53978515  7.79122066]\n [-1.31104433  0.40108463  2.54098025  1.22635705  7.79122066 10.36842985]]", "nfev": "210", "njev": "30", "status": "0", "success": "True", "message": "Optimization terminated successfully.", "x": "[1.4099426  7.23380848 3.48886718 2.44256835 0.86479824 2.69517805]", "nit": "22", "callback": [0.5984252265339133, 0.5857759275134556, 0.5667185553269762, 0.5331367521557794, 0.4905033539477265, 0.4686512473115749, 0.4268595814160123, 0.3702232913088066, 0.3364500586914342, 0.2865284453825291, 0.2658795493761025, 0.2612740254570526, 0.2573671838944027, 0.25698145581370224, 0.25632303941603374, 0.2556606965059738, 0.25564982875595554, 0.25564554692698904, 0.2556454435762989, 0.25564544009123336, 0.25564543996299527, 0.2556454399175685]}, "6": {"maxiter": 100, "gtol": 1e-10, "xrtol": 1e-10, "eps": 1e-05, "duration": 0.1517188549041748, "fun": "0.25564543998840294", "jac": "[ 5.30575583e-08 -1.56985536e-08  1.67521552e-07 -1.23789867e-08\n  1.35147449e-07 -3.43391982e-08]", "hess_inv": "[[ 3.33841905 -0.33130539 -0.42875095 -0.56032162 -0.97644007 -1.65186911]\n [-0.33130539  3.17307843 -0.28465425 -0.31967556  0.0190489   0.64320883]\n [-0.42875095 -0.28465425  3.83892241 -0.11155683  2.81499837  2.78319697]\n [-0.56032162 -0.31967556 -0.11155683  2.8718545   0.35338554  0.47253832]\n [-0.97644007  0.0190489   2.81499837  0.35338554  8.65288297  7.37585369]\n [-1.65186911  0.64320883  2.78319697  0.47253832  7.37585369  9.55808952]]", "nfev": "502", "njev": "70", "status": "2", "success": "False", "message": "Desired error not necessarily achieved due to precision loss.", "x": "[1.40994221 7.23380599 3.48885351 2.44256035 0.86477026 2.69514581]", "nit": "21", "callback": [0.5984236868063497, 0.5857746901693315, 0.5667168999123877, 0.5331344192158765, 0.4905005101807389, 0.4686474051982501, 0.4268557561102949, 0.3702198269643784, 0.3364424188812748, 0.2865174307802696, 0.26587765480498693, 0.26127312462683905, 0.2573668784112758, 0.25698119369022765, 0.2563227763203193, 0.2556606415351298, 0.2556498525413421, 0.2556455407564142, 0.25564544323729865, 0.25564543999879463, 0.25564543998840294]}, "7": {"maxiter": 100, "gtol": 1e-10, "xrtol": 1e-10, "eps": 1e-10, "duration": 0.09486579895019531, "fun": "0.25564543991332034", "jac": "[ 1.11022293e-06  2.22044587e-06  0.00000000e+00  0.00000000e+00\n -1.11022293e-06  1.11022293e-06]", "hess_inv": "[[ 3.5882041  -0.02607656 -0.18664292  0.08306444 -3.52738344 -3.30057403]\n [-0.02607656  1.4120767  -0.41126383  0.36239294 -2.61841697 -1.85185257]\n [-0.18664292 -0.41126383  2.06046669 -0.50194843 -2.01223237 -1.68831744]\n [ 0.08306444  0.36239294 -0.50194843  0.87825705 -1.63674892 -1.11187095]\n [-3.52738344 -2.61841697 -2.01223237 -1.63674892 21.00236284 13.13770948]\n [-3.30057403 -1.85185257 -1.68831744 -1.11187095 13.13770948 10.59083394]]", "nfev": "287", "njev": "41", "status": "0", "success": "True", "message": "Optimization terminated successfully.", "x": "[1.40994189 7.2338115  3.48886666 2.44256616 0.86480413 2.69518278]", "nit": "26", "callback": [0.5984252265339133, 0.5857759275134556, 0.5667185553269762, 0.5331367521557794, 0.4905033539477265, 0.4686512473115749, 0.4268595814160123, 0.3702232913088066, 0.3364500586914342, 0.2865284453825291, 0.2658795493761025, 0.2612740254570526, 0.2573671838944027, 0.25698145581370224, 0.25632303941603374, 0.2556606965059738, 0.25564982875595554, 0.25564554692698904, 0.2556454435762989, 0.25564544009123336, 0.25564543996299527, 0.2556454399175685, 0.2556454399155329, 0.2556454399137319, 0.25564543991332045, 0.25564543991332034]}, "8": {"maxiter": 500, "gtol": 1e-05, "xrtol": 1e-05, "eps": 1e-05, "duration": 0.058976173400878906, "fun": "0.25564543999879463", "jac": "[-7.91711141e-07  3.54083429e-07  2.50884868e-06 -4.63507011e-07\n  6.46604992e-07 -1.54245505e-06]", "hess_inv": "[[ 3.33616355 -0.3414344  -0.3418548  -0.56909559 -0.87668656 -1.5843555 ]\n [-0.3414344   3.21660779 -0.14675448 -0.35063294  0.04453571  0.62776588]\n [-0.3418548  -0.14675448  3.42190338 -0.04385442  2.45126635  2.64697157]\n [-0.56909559 -0.35063294 -0.04385442  2.86592588  0.44758757  0.53127178]\n [-0.87668656  0.04453571  2.45126635  0.44758757  8.59637171  7.51056452]\n [-1.5843555   0.62776588  2.64697157  0.53127178  7.51056452  9.77846253]]", "nfev": "182", "njev": "26", "status": "0", "success": "True", "message": "Optimization terminated successfully.", "x": "[1.40994051 7.23380597 3.48886004 2.44255861 0.86477083 2.69514311]", "nit": "20", "callback": [0.5984236868063497, 0.5857746901693315, 0.5667168999123877, 0.5331344192158765, 0.4905005101807389, 0.4686474051982501, 0.4268557561102949, 0.3702198269643784, 0.3364424188812748, 0.2865174307802696, 0.26587765480498693, 0.26127312462683905, 0.2573668784112758, 0.25698119369022765, 0.2563227763203193, 0.2556606415351298, 0.2556498525413421, 0.2556455407564142, 0.25564544323729865, 0.25564543999879463]}, "9": {"maxiter": 500, "gtol": 1e-05, "xrtol": 1e-05, "eps": 1e-10, "duration": 0.04862785339355469, "fun": "0.25564544009123336", "jac": "[-4.44089173e-06 -3.33066880e-06  1.11022293e-06 -1.11022293e-06\n -2.22044587e-06 -4.44089173e-06]", "hess_inv": "[[ 3.31562422e+00 -3.52233875e-01 -3.63254964e-01 -5.75351232e-01\n  -9.15228187e-01 -1.62416914e+00]\n [-3.52233875e-01  3.23103850e+00 -1.58030117e-01 -3.46261204e-01\n   3.35389705e-03  6.00167122e-01]\n [-3.63254964e-01 -1.58030117e-01  3.40103884e+00 -3.98186039e-02\n   2.42299691e+00  2.62610227e+00]\n [-5.75351232e-01 -3.46261204e-01 -3.98186039e-02  2.88967266e+00\n   4.45207250e-01  5.43717082e-01]\n [-9.15228187e-01  3.35389705e-03  2.42299691e+00  4.45207250e-01\n   8.56363083e+00  7.46995732e+00]\n [-1.62416914e+00  6.00167122e-01  2.62610227e+00  5.43717082e-01\n   7.46995732e+00  9.74002867e+00]]", "nfev": "182", "njev": "26", "status": "0", "success": "True", "message": "Optimization terminated successfully.", "x": "[1.40993779 7.23380726 3.48885782 2.44255773 0.86475436 2.69512894]", "nit": "20", "callback": [0.5984252265339133, 0.5857759275134556, 0.5667185553269762, 0.5331367521557794, 0.4905033539477265, 0.4686512473115749, 0.4268595814160123, 0.3702232913088066, 0.3364500586914342, 0.2865284453825291, 0.2658795493761025, 0.2612740254570526, 0.2573671838944027, 0.25698145581370224, 0.25632303941603374, 0.2556606965059738, 0.25564982875595554, 0.25564554692698904, 0.2556454435762989, 0.25564544009123336]}, "10": {"maxiter": 500, "gtol": 1e-05, "xrtol": 1e-10, "eps": 1e-05, "duration": 0.057394981384277344, "fun": "0.25564543999879463", "jac": "[-7.91711141e-07  3.54083429e-07  2.50884868e-06 -4.63507011e-07\n  6.46604992e-07 -1.54245505e-06]", "hess_inv": "[[ 3.33616355 -0.3414344  -0.3418548  -0.56909559 -0.87668656 -1.5843555 ]\n [-0.3414344   3.21660779 -0.14675448 -0.35063294  0.04453571  0.62776588]\n [-0.3418548  -0.14675448  3.42190338 -0.04385442  2.45126635  2.64697157]\n [-0.56909559 -0.35063294 -0.04385442  2.86592588  0.44758757  0.53127178]\n [-0.87668656  0.04453571  2.45126635  0.44758757  8.59637171  7.51056452]\n [-1.5843555   0.62776588  2.64697157  0.53127178  7.51056452  9.77846253]]", "nfev": "182", "njev": "26", "status": "0", "success": "True", "message": "Optimization terminated successfully.", "x": "[1.40994051 7.23380597 3.48886004 2.44255861 0.86477083 2.69514311]", "nit": "20", "callback": [0.5984236868063497, 0.5857746901693315, 0.5667168999123877, 0.5331344192158765, 0.4905005101807389, 0.4686474051982501, 0.4268557561102949, 0.3702198269643784, 0.3364424188812748, 0.2865174307802696, 0.26587765480498693, 0.26127312462683905, 0.2573668784112758, 0.25698119369022765, 0.2563227763203193, 0.2556606415351298, 0.2556498525413421, 0.2556455407564142, 0.25564544323729865, 0.25564543999879463]}, "11": {"maxiter": 500, "gtol": 1e-05, "xrtol": 1e-10, "eps": 1e-10, "duration": 0.05760502815246582, "fun": "0.25564544009123336", "jac": "[-4.44089173e-06 -3.33066880e-06  1.11022293e-06 -1.11022293e-06\n -2.22044587e-06 -4.44089173e-06]", "hess_inv": "[[ 3.31562422e+00 -3.52233875e-01 -3.63254964e-01 -5.75351232e-01\n  -9.15228187e-01 -1.62416914e+00]\n [-3.52233875e-01  3.23103850e+00 -1.58030117e-01 -3.46261204e-01\n   3.35389705e-03  6.00167122e-01]\n [-3.63254964e-01 -1.58030117e-01  3.40103884e+00 -3.98186039e-02\n   2.42299691e+00  2.62610227e+00]\n [-5.75351232e-01 -3.46261204e-01 -3.98186039e-02  2.88967266e+00\n   4.45207250e-01  5.43717082e-01]\n [-9.15228187e-01  3.35389705e-03  2.42299691e+00  4.45207250e-01\n   8.56363083e+00  7.46995732e+00]\n [-1.62416914e+00  6.00167122e-01  2.62610227e+00  5.43717082e-01\n   7.46995732e+00  9.74002867e+00]]", "nfev": "182", "njev": "26", "status": "0", "success": "True", "message": "Optimization terminated successfully.", "x": "[1.40993779 7.23380726 3.48885782 2.44255773 0.86475436 2.69512894]", "nit": "20", "callback": [0.5984252265339133, 0.5857759275134556, 0.5667185553269762, 0.5331367521557794, 0.4905033539477265, 0.4686512473115749, 0.4268595814160123, 0.3702232913088066, 0.3364500586914342, 0.2865284453825291, 0.2658795493761025, 0.2612740254570526, 0.2573671838944027, 0.25698145581370224, 0.25632303941603374, 0.2556606965059738, 0.25564982875595554, 0.25564554692698904, 0.2556454435762989, 0.25564544009123336]}, "12": {"maxiter": 500, "gtol": 1e-10, "xrtol": 1e-05, "eps": 1e-05, "duration": 0.05916595458984375, "fun": "0.25564543998840294", "jac": "[ 5.30575583e-08 -1.56985536e-08  1.67521552e-07 -1.23789867e-08\n  1.35147449e-07 -3.43391982e-08]", "hess_inv": "[[ 3.3527879  -0.34074374 -0.40481455 -0.55235207 -0.88201975 -1.55793146]\n [-0.34074374  3.17274896 -0.24703531 -0.32940378  0.02389245  0.62942862]\n [-0.40481455 -0.24703531  3.44300539 -0.06157116  2.42601877  2.54815561]\n [-0.55235207 -0.32940378 -0.06157116  2.87318245  0.4517708   0.55762092]\n [-0.88201975  0.02389245  2.42601877  0.4517708   8.58858003  7.50235041]\n [-1.55793146  0.62942862  2.54815561  0.55762092  7.50235041  9.8204557 ]]", "nfev": "189", "njev": "27", "status"