{"date": "2024/09/23/, 20:53:24", "conf_id": 78, "data_type": "random\n", "num_data_points": 4, "s_rank": 0, "unitary": "[[-0.53618537-0.34368723j,-0.12107031-0.46226139j,-0.07699282-0.46603512j,0.36022595-0.11472301j],[0.26026499-0.63450712j,-0.56616638+0.37832564j,-0.14988651+0.08458591j,0.10363514-0.16008501j],[-0.32580188-0.11070003j,-0.36476308-0.23593218j,0.02559343+0.41761608j,-0.25598305+0.6725303j],[0.07406738-0.0126433j,0.28513701+0.19483972j,-0.74939717-0.10299659j,0.29798249+0.46269921j]]", "databatch_0": {"databatch": "[[[-0.16262421-0.10900752j,-0.12226794+0.15252754j,-0.32874049+0.02725028j,-0.19628147-0.10427052j],[0.02961531-0.31778382j,-0.0564327+0.03668624j,0.02705555+0.31657333j,0.26808807-0.1346847j],[0.172989-0.1211202j,-0.06852441+0.28967832j,0.17734522-0.0236036j,-0.21197179+0.03161242j],[-0.12415746+0.12795343j,-0.12240322+0.3434386j,0.08787515-0.16061787j,0.21345901+0.11375434j]],[[0.12215813+0.09675964j,0.12135753+0.02945627j,-0.25395056-0.09345272j,0.01004181-0.31702493j],[-0.38655687+0.14428895j,0.13313572-0.04342509j,-0.01572483+0.15587324j,0.2958047+0.00857468j],[-0.09236977+0.0499387j,0.04482439+0.30764496j,-0.03560053+0.07729518j,-0.17259013+0.09740779j],[0.20910725+0.07814966j,-0.34002611-0.00463967j,-0.1609389+0.07825975j,0.27102131+0.24324146j]],[[0.02342763-0.23755576j,0.10569688+0.0396858j,0.10577553+0.1285131j,0.08747028-0.06128159j],[0.07040045+0.23140496j,-0.37999907-0.20959714j,-0.16311825+0.01930481j,-0.07710684-0.28189814j],[-0.01896217+0.01733861j,0.029936-0.16368713j,-0.10373575-0.12711384j,-0.04603498+0.06149735j],[0.3248331-0.05831229j,0.1506217+0.29296822j,0.26402914+0.39733682j,-0.14139024+0.07583381j]],[[-0.04608625-0.24192858j,-0.21842896-0.27711177j,-0.30519605-0.06923872j,-0.07708948-0.11222987j],[0.26798135-0.15057084j,0.46410272-0.11115084j,-0.04929774-0.01892716j,-0.05139916-0.05628364j],[0.08761798+0.12960083j,-0.22390271+0.11454537j,-0.19692032+0.00843321j,-0.14330254+0.05821036j],[-0.12317117+0.31103175j,-0.05552673-0.20246915j,-0.10864612-0.0128902j,0.1610777+0.15209767j]]]", "initial param values": "[2.29310165,2.33042743,2.03501466,5.68955198,5.86909616,5.25728117]", "nelder_mead": {"type": "gradient-free", "0": {"maxiter": 100, "fatol": 1e-05, "xatol": 1e-05, "duration": 0.034709930419921875, "fun": "0.6607686935653834", "nit": "100", "nfev": "149", "status": "2", "success": "False", "message": "Maximum number of iterations has been exceeded.", "x": "[2.75597643 2.18268596 2.35974703 4.94783859 8.5112348  3.75542405]", "final_simplex": "(array([[2.75597643, 2.18268596, 2.35974703, 4.94783859, 8.5112348 ,\n        3.75542405],\n       [2.6604919 , 2.24331784, 2.37783719, 4.86977495, 8.70499323,\n        3.6551847 ],\n       [2.76387444, 2.23469327, 2.27968029, 5.04413239, 8.30656136,\n        3.81368473],\n       [2.83579365, 2.11813834, 2.34390988, 4.97676374, 8.48026055,\n        3.77504111],\n       [2.74108878, 2.21882255, 2.34365819, 5.07739981, 8.55717172,\n        3.63363049],\n       [2.85105594, 2.27621455, 2.35745776, 5.12381776, 8.3892346 ,\n        3.71140455],\n       [2.89926527, 2.25586311, 2.34424645, 5.09940392, 8.51215204,\n        3.55650732]]), array([0.66076869, 0.66309175, 0.66369401, 0.66385202, 0.66419099,\n       0.6655038 , 0.66709634]))", "callback": [0.7962844964210166, 0.7803247498317402, 0.6990208678864803, 0.6985997074467487, 0.6900922029566633, 0.6900922029566633, 0.6834483485267103, 0.6738463323081392, 0.6655037988512578]}, "1": {"maxiter": 100, "fatol": 1e-05, "xatol": 1e-10, "duration": 0.033783912658691406, "fun": "0.6607686935653834", "nit": "100", "nfev": "149", "status": "2", "success": "False", "message": "Maximum number of iterations has been exceeded.", "x": "[2.75597643 2.18268596 2.35974703 4.94783859 8.5112348  3.75542405]", "final_simplex": "(array([[2.75597643, 2.18268596, 2.35974703, 4.94783859, 8.5112348 ,\n        3.75542405],\n       [2.6604919 , 2.24331784, 2.37783719, 4.86977495, 8.70499323,\n        3.6551847 ],\n       [2.76387444, 2.23469327, 2.27968029, 5.04413239, 8.30656136,\n        3.81368473],\n       [2.83579365, 2.11813834, 2.34390988, 4.97676374, 8.48026055,\n        3.77504111],\n       [2.74108878, 2.21882255, 2.34365819, 5.07739981, 8.55717172,\n        3.63363049],\n       [2.85105594, 2.27621455, 2.35745776, 5.12381776, 8.3892346 ,\n        3.71140455],\n       [2.89926527, 2.25586311, 2.34424645, 5.09940392, 8.51215204,\n        3.55650732]]), array([0.66076869, 0.66309175, 0.66369401, 0.66385202, 0.66419099,\n       0.6655038 , 0.66709634]))", "callback": [0.7962844964210166, 0.7803247498317402, 0.6990208678864803, 0.6985997074467487, 0.6900922029566633, 0.6900922029566633, 0.6834483485267103, 0.6738463323081392, 0.6655037988512578]}, "2": {"maxiter": 100, "fatol": 1e-10, "xatol": 1e-05, "duration": 0.033384084701538086, "fun": "0.6607686935653834", "nit": "100", "nfev": "149", "status": "2", "success": "False", "message": "Maximum number of iterations has been exceeded.", "x": "[2.75597643 2.18268596 2.35974703 4.94783859 8.5112348  3.75542405]", "final_simplex": "(array([[2.75597643, 2.18268596, 2.35974703, 4.94783859, 8.5112348 ,\n        3.75542405],\n       [2.6604919 , 2.24331784, 2.37783719, 4.86977495, 8.70499323,\n        3.6551847 ],\n       [2.76387444, 2.23469327, 2.27968029, 5.04413239, 8.30656136,\n        3.81368473],\n       [2.83579365, 2.11813834, 2.34390988, 4.97676374, 8.48026055,\n        3.77504111],\n       [2.74108878, 2.21882255, 2.34365819, 5.07739981, 8.55717172,\n        3.63363049],\n       [2.85105594, 2.27621455, 2.35745776, 5.12381776, 8.3892346 ,\n        3.71140455],\n       [2.89926527, 2.25586311, 2.34424645, 5.09940392, 8.51215204,\n        3.55650732]]), array([0.66076869, 0.66309175, 0.66369401, 0.66385202, 0.66419099,\n       0.6655038 , 0.66709634]))", "callback": [0.7962844964210166, 0.7803247498317402, 0.6990208678864803, 0.6985997074467487, 0.6900922029566633, 0.6900922029566633, 0.6834483485267103, 0.6738463323081392, 0.6655037988512578]}, "3": {"maxiter": 100, "fatol": 1e-10, "xatol": 1e-10, "duration": 0.033512115478515625, "fun": "0.6607686935653834", "nit": "100", "nfev": "149", "status": "2", "success": "False", "message": "Maximum number of iterations has been exceeded.", "x": "[2.75597643 2.18268596 2.35974703 4.94783859 8.5112348  3.75542405]", "final_simplex": "(array([[2.75597643, 2.18268596, 2.35974703, 4.94783859, 8.5112348 ,\n        3.75542405],\n       [2.6604919 , 2.24331784, 2.37783719, 4.86977495, 8.70499323,\n        3.6551847 ],\n       [2.76387444, 2.23469327, 2.27968029, 5.04413239, 8.30656136,\n        3.81368473],\n       [2.83579365, 2.11813834, 2.34390988, 4.97676374, 8.48026055,\n        3.77504111],\n       [2.74108878, 2.21882255, 2.34365819, 5.07739981, 8.55717172,\n        3.63363049],\n       [2.85105594, 2.27621455, 2.35745776, 5.12381776, 8.3892346 ,\n        3.71140455],\n       [2.89926527, 2.25586311, 2.34424645, 5.09940392, 8.51215204,\n        3.55650732]]), array([0.66076869, 0.66309175, 0.66369401, 0.66385202, 0.66419099,\n       0.6655038 , 0.66709634]))", "callback": [0.7962844964210166, 0.7803247498317402, 0.6990208678864803, 0.6985997074467487, 0.6900922029566633, 0.6900922029566633, 0.6834483485267103, 0.6738463323081392, 0.6655037988512578]}, "4": {"maxiter": 500, "fatol": 1e-05, "xatol": 1e-05, "duration": 0.15038681030273438, "fun": "0.43840624847005005", "nit": "425", "nfev": "666", "status": "0", "success": "True", "message": "Optimization terminated successfully.", "x": "[ 4.19305726 -0.27370966  0.94052568  4.72827723  7.9154571   2.50472303]", "final_simplex": "(array([[ 4.19305726, -0.27370966,  0.94052568,  4.72827723,  7.9154571 ,\n         2.50472303],\n       [ 4.19305314, -0.27371557,  0.94052122,  4.7282814 ,  7.9154551 ,\n         2.50472817],\n       [ 4.19305309, -0.27370329,  0.9405195 ,  4.72827946,  7.91546   ,\n         2.50472313],\n       [ 4.19306029, -0.27370682,  0.94052514,  4.72828441,  7.9154601 ,\n         2.50471801],\n       [ 4.19305695, -0.27371799,  0.94051601,  4.7282794 ,  7.91546034,\n         2.50472667],\n       [ 4.19305123, -0.27371189,  0.94052215,  4.728277  ,  7.91545961,\n         2.50472398],\n       [ 4.19305935, -0.27371216,  0.94052494,  4.72828039,  7.91545313,\n         2.50471935]]), array([0.43840625, 0.43840625, 0.43840625, 0.43840625, 0.43840625,\n       0.43840625, 0.43840625]))", "callback": [0.7962844964210166, 0.7803247498317402, 0.6990208678864803, 0.6985997074467487, 0.6900922029566633, 0.6900922029566633, 0.6834483485267103, 0.6738463323081392, 0.6655037988512578, 0.6607686935653834, 0.6596193482446926, 0.6567249582626531, 0.6324907666392294, 0.612288776576285, 0.5122693831751003, 0.45365368065968714, 0.44874422753541265, 0.444855153998436, 0.44368141301433395, 0.4422574757038217, 0.44174827271691, 0.4416122349719648, 0.44142168716308683, 0.44110799231343545, 0.44043936976485953, 0.43893100058168144, 0.4385855890838398, 0.4385507207803466, 0.4385267903136658, 0.43847349852412876, 0.4384465241022888, 0.4384201486235402, 0.43841077970193965, 0.43840717959542075, 0.43840639354532496, 0.43840626844183184, 0.4384062538902632, 0.43840624949340035, 0.43840624865150224, 0.4384062485409165, 0.43840624849150245, 0.43840624847517096]}, "5": {"maxiter": 500, "fatol": 1e-05, "xatol": 1e-10, "duration": 0.18497109413146973, "fun": "0.4384062484613994", "nit": "500", "nfev": "788", "status": "2", "success": "False", "message": "Maximum number of iterations has been exceeded.", "x": "[ 4.19305752 -0.27370765  0.94052221  4.7282819   7.91545678  2.50472864]", "final_simplex": "(array([[ 4.19305752, -0.27370765,  0.94052221,  4.7282819 ,  7.91545678,\n         2.50472864],\n       [ 4.19305752, -0.27370754,  0.94052228,  4.728282  ,  7.91545672,\n         2.50472867],\n       [ 4.19305751, -0.27370763,  0.94052219,  4.72828198,  7.9154567 ,\n         2.50472873],\n       [ 4.19305744, -0.27370763,  0.94052225,  4.72828192,  7.91545666,\n         2.50472865],\n       [ 4.19305761, -0.27370767,  0.94052222,  4.72828202,  7.91545668,\n         2.50472867],\n       [ 4.19305756, -0.27370764,  0.94052215,  4.72828195,  7.91545677,\n         2.50472863],\n       [ 4.19305758, -0.27370758,  0.9405223 ,  4.72828192,  7.91545665,\n         2.50472865]]), array([0.43840625, 0.43840625, 0.43840625, 0.43840625, 0.43840625,\n       0.43840625, 0.43840625]))", "callback": [0.7962844964210166, 0.7803247498317402, 0.6990208678864803, 0.6985997074467487, 0.6900922029566633, 0.6900922029566633, 0.6834483485267103, 0.6738463323081392, 0.6655037988512578, 0.6607686935653834, 0.6596193482446926, 0.6567249582626531, 0.6324907666392294, 0.612288776576285, 0.5122693831751003, 0.45365368065968714, 0.44874422753541265, 0.444855153998436, 0.44368141301433395, 0.4422574757038217, 0.44174827271691, 0.4416122349719648, 0.44142168716308683, 0.44110799231343545, 0.44043936976485953, 0.43893100058168144, 0.4385855890838398, 0.4385507207803466, 0.4385267903136658, 0.43847349852412876, 0.4384465241022888, 0.4384201486235402, 0.43841077970193965, 0.43840717959542075, 0.43840639354532496, 0.43840626844183184, 0.4384062538902632, 0.43840624949340035, 0.43840624865150224, 0.4384062485409165, 0.43840624849150245, 0.43840624847517096, 0.43840624846483567, 0.43840624846231624, 0.4384062484617097, 0.438406248461473, 0.4384062484614286, 0.43840624846140885, 0.43840624846140375]}, "6": {"maxiter": 500, "fatol": 1e-10, "xatol": 1e-05, "duration": 0.15799999237060547, "fun": "0.43840624847005005", "nit": "425", "nfev": "666", "status": "0", "success": "True", "message": "Optimization terminated successfully.", "x": "[ 4.19305726 -0.27370966  0.94052568  4.72827723  7.9154571   2.50472303]", "final_simplex": "(array([[ 4.19305726, -0.27370966,  0.94052568,  4.72827723,  7.9154571 ,\n         2.50472303],\n       [ 4.19305314, -0.27371557,  0.94052122,  4.7282814 ,  7.9154551 ,\n         2.50472817],\n       [ 4.19305309, -0.27370329,  0.9405195 ,  4.72827946,  7.91546   ,\n         2.50472313],\n       [ 4.19306029, -0.27370682,  0.94052514,  4.72828441,  7.9154601 ,\n         2.50471801],\n       [ 4.19305695, -0.27371799,  0.94051601,  4.7282794 ,  7.91546034,\n         2.50472667],\n       [ 4.19305123, -0.27371189,  0.94052215,  4.728277  ,  7.91545961,\n         2.50472398],\n       [ 4.19305935, -0.27371216,  0.94052494,  4.72828039,  7.91545313,\n         2.50471935]]), array([0.43840625, 0.43840625, 0.43840625, 0.43840625, 0.43840625,\n       0.43840625, 0.43840625]))", "callback": [0.7962844964210166, 0.7803247498317402, 0.6990208678864803, 0.6985997074467487, 0.6900922029566633, 0.6900922029566633, 0.6834483485267103, 0.6738463323081392, 0.6655037988512578, 0.6607686935653834, 0.6596193482446926, 0.6567249582626531, 0.6324907666392294, 0.612288776576285, 0.5122693831751003, 0.45365368065968714, 0.44874422753541265, 0.444855153998436, 0.44368141301433395, 0.4422574757038217, 0.44174827271691, 0.4416122349719648, 0.44142168716308683, 0.44110799231343545, 0.44043936976485953, 0.43893100058168144, 0.4385855890838398, 0.4385507207803466, 0.4385267903136658, 0.43847349852412876, 0.4384465241022888, 0.4384201486235402, 0.43841077970193965, 0.43840717959542075, 0.43840639354532496, 0.43840626844183184, 0.4384062538902632, 0.43840624949340035, 0.43840624865150224, 0.4384062485409165, 0.43840624849150245, 0.43840624847517096]}, "7": {"maxiter": 500, "fatol": 1e-10, "xatol": 1e-10, "duration": 0.1850738525390625, "fun": "0.4384062484613994", "nit": "500", "nfev": "788", "status": "2", "success": "False", "message": "Maximum number of iterations has been exceeded.", "x": "[ 4.19305752 -0.27370765  0.94052221  4.7282819   7.91545678  2.50472864]", "final_simplex": "(array([[ 4.19305752, -0.27370765,  0.94052221,  4.7282819 ,  7.91545678,\n         2.50472864],\n       [ 4.19305752, -0.27370754,  0.94052228,  4.728282  ,  7.91545672,\n         2.50472867],\n       [ 4.19305751, -0.27370763,  0.94052219,  4.72828198,  7.9154567 ,\n         2.50472873],\n       [ 4.19305744, -0.27370763,  0.94052225,  4.72828192,  7.91545666,\n         2.50472865],\n       [ 4.19305761, -0.27370767,  0.94052222,  4.72828202,  7.91545668,\n         2.50472867],\n       [ 4.19305756, -0.27370764,  0.94052215,  4.72828195,  7.91545677,\n         2.50472863],\n       [ 4.19305758, -0.27370758,  0.9405223 ,  4.72828192,  7.91545665,\n         2.50472865]]), array([0.43840625, 0.43840625, 0.43840625, 0.43840625, 0.43840625,\n       0.43840625, 0.43840625]))", "callback": [0.7962844964210166, 0.7803247498317402, 0.6990208678864803, 0.6985997074467487, 0.6900922029566633, 0.6900922029566633, 0.6834483485267103, 0.6738463323081392, 0.6655037988512578, 0.6607686935653834, 0.6596193482446926, 0.6567249582626531, 0.6324907666392294, 0.612288776576285, 0.5122693831751003, 0.45365368065968714, 0.44874422753541265, 0.444855153998436, 0.44368141301433395, 0.4422574757038217, 0.44174827271691, 0.4416122349719648, 0.44142168716308683, 0.44110799231343545, 0.44043936976485953, 0.43893100058168144, 0.4385855890838398, 0.4385507207803466, 0.4385267903136658, 0.43847349852412876, 0.4384465241022888, 0.4384201486235402, 0.43841077970193965, 0.43840717959542075, 0.43840639354532496, 0.43840626844183184, 0.4384062538902632, 0.43840624949340035, 0.43840624865150224, 0.4384062485409165, 0.43840624849150245, 0.43840624847517096, 0.43840624846483567, 0.43840624846231624, 0.4384062484617097, 0.438406248461473, 0.4384062484614286, 0.43840624846140885, 0.43840624846140375]}, "8": {"maxiter": 1000, "fatol": 1e-05, "xatol": 1e-05, "duration": 0.16224288940429688, "fun": "0.43840624847005005", "nit": "425", "nfev": "666", "status": "0", "success": "True", "message": "Optimization terminated successfully.", "x": "[ 4.19305726 -0.27370966  0.94052568  4.72827723  7.9154571   2.50472303]", "final_simplex": "(array([[ 4.19305726, -0.27370966,  0.94052568,  4.72827723,  7.9154571 ,\n         2.50472303],\n       [ 4.19305314, -0.27371557,  0.94052122,  4.7282814 ,  7.9154551 ,\n         2.50472817],\n       [ 4.19305309, -0.27370329,  0.9405195 ,  4.72827946,  7.91546   ,\n         2.50472313],\n       [ 4.19306029, -0.27370682,  0.94052514,  4.72828441,  7.9154601 ,\n         2.50471801],\n       [ 4.19305695, -0.27371799,  0.94051601,  4.7282794 ,  7.91546034,\n         2.50472667],\n       [ 4.19305123, -0.27371189,  0.94052215,  4.728277  ,  7.91545961,\n         2.50472398],\n       [ 4.19305935, -0.27371216,  0.94052494,  4.72828039,  7.91545313,\n         2.50471935]]), array([0.43840625, 0.43840625, 0.43840625, 0.43840625, 0.43840625,\n       0.43840625, 0.43840625]))", "callback": [0.7962844964210166, 0.7803247498317402, 0.6990208678864803, 0.6985997074467487, 0.6900922029566633, 0.6900922029566633, 0.6834483485267103, 0.6738463323081392, 0.6655037988512578, 0.6607686935653834, 0.6596193482446926, 0.6567249582626531, 0.6324907666392294, 0.612288776576285, 0.5122693831751003, 0.45365368065968714, 0.44874422753541265, 0.444855153998436, 0.44368141301433395, 0.4422574757038217, 0.44174827271691, 0.4416122349719648, 0.44142168716308683, 0.44110799231343545, 0.44043936976485953, 0.43893100058168144, 0.4385855890838398, 0.4385507207803466, 0.4385267903136658, 0.43847349852412876, 0.4384465241022888, 0.4384201486235402, 0.43841077970193965, 0.43840717959542075, 0.43840639354532496, 0.43840626844183184, 0.4384062538902632, 0.43840624949340035, 0.43840624865150224, 0.4384062485409165, 0.43840624849150245, 0.43840624847517096]}, "9": {"maxiter": 1000, "fatol": 1e-05, "xatol": 1e-10, "duration": 0.2332911491394043, "fun": "0.43840624846139287", "nit": "568", "nfev": "938", "status": "0", "success": "True", "message": "Optimization terminated successfully.", "x": "[ 4.19305749 -0.27370771  0.94052234  4.72828199  7.9154568   2.50472876]", "final_simplex": "(array([[ 4.19305749, -0.27370771,  0.94052234,  4.72828199,  7.9154568 ,\n         2.50472876],\n       [ 4.19305749, -0.27370771,  0.94052234,  4.72828199,  7.9154568 ,\n         2.50472876],\n       [ 4.19305749, -0.27370771,  0.94052234,  4.72828199,  7.9154568 ,\n         2.50472876],\n       [ 4.19305749, -0.27370771,  0.94052234,  4.72828199,  7.9154568 ,\n         2.50472876],\n       [ 4.19305749, -0.27370771,  0.94052234,  4.72828199,  7.9154568 ,\n         2.50472876],\n       [ 4.19305749, -0.27370771,  0.94052234,  4.72828199,  7.9154568 ,\n         2.50472876],\n       [ 4.19305749, -0.27370771,  0.94052234,  4.72828199,  7.9154568 ,\n         2.50472876]]), array([0.43840625, 0.43840625, 0.43840625, 0.43840625, 0.43840625,\n       0.43840625, 0.43840625]))", "callback": [0.7962844964210166, 0.7803247498317402, 0.6990208678864803, 0.6985997074467487, 0.6900922029566633, 0.6900922029566633, 0.6834483485267103, 0.6738463323081392, 0.6655037988512578, 0.6607686935653834, 0.6596193482446926, 0.6567249582626531, 0.6324907666392294, 0.612288776576285, 0.5122693831751003, 0.45365368065968714, 0.44874422753541265, 0.444855153998436, 0.44368141301433395, 0.4422574757038217, 0.44174827271691, 0.4416122349719648, 0.44142168716308683, 0.44110799231343545, 0.44043936976485953, 0.43893100058168144, 0.4385855890838398, 0.4385507207803466, 0.4385267903136658, 0.43847349852412876, 0.4384465241022888, 0.4384201486235402, 0.43841077970193965, 0.43840717959542075, 0.43840639354532496, 0.43840626844183184, 0.4384062538902632, 0.43840624949340035, 0.43840624865150224, 0.4384062485409165, 0.43840624849150245, 0.43840624847517096, 0.43840624846483567, 0.43840624846231624, 0.4384062484617097, 0.438406248461473, 0.4384062484614286, 0.43840624846140885, 0.43840624846140375, 0.4384062484613994, 0.4384062484613972, 0.43840624846139375, 0.4384062484613932, 0.43840624846139287, 0.43840624846139287, 0.43840624846139287]}, "10": {"maxiter": 1000, "fatol": 1e-10, "xatol": 1e-05, "duration": 0.17798709869384766, "fun": "0.43840624847005005", "nit": "425", "nfev": "666", "status": "0", "success": "True", "message": "Optimization terminated successfully.", "x": "[ 4.19305726 -0.27370966  0.94052568  4.72827723  7.9154571   2.50472303]", "final_simplex": "(array([[ 4.19305726, -0.27370966,  0.94052568,  4.72827723,  7.9154571 ,\n         2.50472303],\n       [ 4.19305314, -0.27371557,  0.94052122,  4.7282814 ,  7.9154551 ,\n         2.50472817],\n       [ 4.19305309, -0.27370329,  0.9405195 ,  4.72827946,  7.91546   ,\n         2.50472313],\n       [ 4.19306029, -0.27370682,  0.94052514,  4.72828441,  7.9154601 ,\n         2.50471801],\n       [ 4.19305695, -0.27371799,  0.94051601,  4.7282794 ,  7.91546034,\n         2.50472667],\n       [ 4.19305123, -0.27371189,  0.94052215,  4.728277  ,  7.91545961,\n         2.50472398],\n       [ 4.19305935, -0.27371216,  0.94052494,  4.72828039,  7.91545313,\n         2.50471935]]), array([0.43840625, 0.43840625, 0.43840625, 0.43840625, 0.43840625,\n       0.43840625, 0.43840625]))", "callback": [0.7962844964210166, 0.7803247498317402, 0.6990208678864803, 0.6985997074467487, 0.6900922029566633, 0.6900922029566633, 0.6834483485267103, 0.6738463323081392, 0.6655037988512578, 0.6607686935653834, 0.6596193482446926, 0.6567249582626531, 0.6324907666392294, 0.612288776576285, 0.5122693831751003, 0.45365368065968714, 0.44874422753541265, 0.444855153998436, 0.44368141301433395, 0.4422574757038217, 0.44174827271691, 0.4416122349719648, 0.44142168716308683, 0.44110799231343545, 0.44043936976485953, 0.43893100058168144, 0.4385855890838398, 0.4385507207803466, 0.4385267903136658, 0.43847349852412876, 0.4384465241022888, 0.4384201486235402, 0.43841077970193965, 0.43840717959542075, 0.43840639354532496, 0.43840626844183184, 0.4384062538902632, 0.43840624949340035, 0.43840624865150224, 0.4384062485409165, 0.43840624849150245, 0.43840624847517096]}, "11": {"maxiter": 1000, "fatol": 1e-10, "xatol": 1e-10, "duration": 0.262951135635376, "fun": "0.43840624846139287", "nit": "568", "nfev": "938", "status": "0", "success": "True", "message": "Optimization terminated successfully.", "x": "[ 4.19305749 -0.27370771  0.94052234  4.72828199  7.9154568   2.50472876]", "final_simplex": "(array([[ 4.19305749, -0.27370771,  0.94052234,  4.72828199,  7.9154568 ,\n         2.50472876],\n       [ 4.19305749, -0.27370771,  0.94052234,  4.72828199,  7.9154568 ,\n         2.50472876],\n       [ 4.19305749, -0.27370771,  0.94052234,  4.72828199,  7.9154568 ,\n         2.50472876],\n       [ 4.19305749, -0.27370771,  0.94052234,  4.72828199,  7.9154568 ,\n         2.50472876],\n       [ 4.19305749, -0.27370771,  0.94052234,  4.72828199,  7.9154568 ,\n         2.50472876],\n       [ 4.19305749, -0.27370771,  0.94052234,  4.72828199,  7.9154568 ,\n         2.50472876],\n       [ 4.19305749, -0.27370771,  0.94052234,  4.72828199,  7.9154568 ,\n         2.50472876]]), array([0.43840625, 0.43840625, 0.43840625, 0.43840625, 0.43840625,\n       0.43840625, 0.43840625]))", "callback": [0.7962844964210166, 0.7803247498317402, 0.6990208678864803, 0.6985997074467487, 0.6900922029566633, 0.6900922029566633, 0.6834483485267103, 0.6738463323081392, 0.6655037988512578, 0.6607686935653834, 0.6596193482446926, 0.6567249582626531, 0.6324907666392294, 0.612288776576285, 0.5122693831751003, 0.45365368065968714, 0.44874422753541265, 0.444855153998436, 0.44368141301433395, 0.4422574757038217, 0.44174827271691, 0.4416122349719648, 0.44142168716308683, 0.44110799231343545, 0.44043936976485953, 0.43893100058168144, 0.4385855890838398, 0.4385507207803466, 0.4385267903136658, 0.43847349852412876, 0.4384465241022888, 0.4384201486235402, 0.43841077970193965, 0.43840717959542075, 0.43840639354532496, 0.43840626844183184, 0.4384062538902632, 0.43840624949340035, 0.43840624865150224, 0.4384062485409165, 0.43840624849150245, 0.43840624847517096, 0.43840624846483567, 0.43840624846231624, 0.4384062484617097, 0.438406248461473, 0.4384062484614286, 0.43840624846140885, 0.43840624846140375, 0.4384062484613994, 0.4384062484613972, 0.43840624846139375, 0.4384062484613932, 0.43840624846139287, 0.43840624846139287, 0.43840624846139287]}}, "bfgs": {"type": "gradient", "0": {"maxiter": 100, "gtol": 1e-05, "xrtol": 1e-05, "eps": 1e-05, "duration": 0.04935288429260254, "fun": "0.4384062485323079", "jac": "[ 1.51788582e-06  3.93467481e-06 -1.14857013e-06 -1.78992376e-06\n -1.84833260e-06 -1.87821980e-06]", "hess_inv": "[[ 4.9396662  -0.52425827 -0.50996131 -0.61357452 -0.39939044  1.31879975]\n [-0.52425827  5.41166207  3.06224782  0.60355446  0.03768332 -1.58881336]\n [-0.50996131  3.06224782  6.2400491   0.9915744  -1.46325253 -1.93613688]\n [-0.61357452  0.60355446  0.9915744   4.56243843 -0.09717459  0.2238281 ]\n [-0.39939044  0.03768332 -1.46325253 -0.09717459  4.37745487 -0.02813914]\n [ 1.31879975 -1.58881336 -1.93613688  0.2238281  -0.02813914  5.69198632]]", "nfev": "203", "njev": "29", "status": "0", "success": "True", "message": "Optimization terminated successfully.", "x": "[2.09012951 2.867893   4.08211346 4.72826768 7.91544679 2.50471513]", "nit": "24", "callback": [0.5411567174025426, 0.4384801044387674]}, "1": {"maxiter": 100, "gtol": 1e-05, "xrtol": 1e-05, "eps": 1e-10, "duration": 0.04695296287536621, "fun": "0.43840624857588484", "jac": "[ 2.22044587e-06  5.55111466e-06 -2.22044587e-06  0.00000000e+00\n -3.33066880e-06  1.11022293e-06]", "hess_inv": "[[ 4.93821725 -0.51939576 -0.48617184 -0.61824899 -0.39247644  1.30984876]\n [-0.51939576  5.41020925  3.05933717  0.6098018   0.03878027 -1.56598026]\n [-0.48617184  3.05933717  6.24841643  1.00656364 -1.47649874 -1.89532413]\n [-0.61824899  0.6098018   1.00656364  4.53180526 -0.08533985  0.20582544]\n [-0.39247644  0.03878027 -1.47649874 -0.08533985  4.36694267 -0.01886049]\n [ 1.30984876 -1.56598026 -1.89532413  0.20582544 -0.01886049  5.65719039]]", "nfev": "203", "njev": "29", "status": "0", "success": "True", "message": "Optimization terminated successfully.", "x": "[2.09014142 2.86791282 4.08213117 4.72828883 7.91544591 2.50472892]", "nit": "24", "callback": [0.5411076273664684, 0.4384794630147294]}, "2": {"maxiter": 100, "gtol": 1e-05, "xrtol": 1e-10, "eps": 1e-05, "duration": 0.0462038516998291, "fun": "0.4384062485323079", "jac": "[ 1.51788582e-06  3.93467481e-06 -1.14857013e-06 -1.78992376e-06\n -1.84833260e-06 -1.87821980e-06]", "hess_inv": "[[ 4.9396662  -0.52425827 -0.50996131 -0.61357452 -0.39939044  1.31879975]\n [-0.52425827  5.41166207  3.06224782  0.60355446  0.03768332 -1.58881336]\n [-0.50996131  3.06224782  6.2400491   0.9915744  -1.46325253 -1.93613688]\n [-0.61357452  0.60355446  0.9915744   4.56243843 -0.09717459  0.2238281 ]\n [-0.39939044  0.03768332 -1.46325253 -0.09717459  4.37745487 -0.02813914]\n [ 1.31879975 -1.58881336 -1.93613688  0.2238281  -0.02813914  5.69198632]]", "nfev": "203", "njev": "29", "status": "0", "success": "True", "message": "Optimization terminated successfully.", "x": "[2.09012951 2.867893   4.08211346 4.72826768 7.91544679 2.50471513]", "nit": "24", "callback": [0.5411567174025426, 0.4384801044387674]}, "3": {"maxiter": 100, "gtol": 1e-05, "xrtol": 1e-10, "eps": 1e-10, "duration": 0.04617810249328613, "fun": "0.43840624857588484", "jac": "[ 2.22044587e-06  5.55111466e-06 -2.22044587e-06  0.00000000e+00\n -3.33066880e-06  1.11022293e-06]", "hess_inv": "[[ 4.93821725 -0.51939576 -0.48617184 -0.61824899 -0.39247644  1.30984876]\n [-0.51939576  5.41020925  3.05933717  0.6098018   0.03878027 -1.56598026]\n [-0.48617184  3.05933717  6.24841643  1.00656364 -1.47649874 -1.89532413]\n [-0.61824899  0.6098018   1.00656364  4.53180526 -0.08533985  0.20582544]\n [-0.39247644  0.03878027 -1.47649874 -0.08533985  4.36694267 -0.01886049]\n [ 1.30984876 -1.56598026 -1.89532413  0.20582544 -0.01886049  5.65719039]]", "nfev": "203", "njev": "29", "status": "0", "success": "True", "message": "Optimization terminated successfully.", "x": "[2.09014142 2.86791282 4.08213117 4.72828883 7.91544591 2.50472892]", "nit": "24", "callback": [0.5411076273664684, 0.4384794630147294]}, "4": {"maxiter": 100, "gtol": 1e-10, "xrtol": 1e-05, "eps": 1e-05, "duration": 0.04746198654174805, "fun": "0.4384062484838822", "jac": "[-2.95208302e-08 -2.37154740e-07  1.90347738e-07  1.15019105e-08\n  9.72999459e-08  5.97766281e-07]", "hess_inv": "[[ 4.95954195 -0.486709   -0.5263596  -0.61786903 -0.43542426  1.30846045]\n [-0.486709    5.41954135  2.93567425  0.64603539 -0.05308308 -1.5335027 ]\n [-0.5263596   2.93567425  6.10866285  1.07181563 -1.46792203 -1.81414739]\n [-0.61786903  0.64603539  1.07181563  4.52277304 -0.07118288  0.1660126 ]\n [-0.43542426 -0.05308308 -1.46792203 -0.07118288  4.43461722  0.01753753]\n [ 1.30846045 -1.5335027  -1.81414739  0.1660126   0.01753753  5.60853384]]", "nfev": "210", "njev": "30", "status": "0", "success": "True", "message": "Optimization terminated successfully.", "x": "[2.09012384 2.86787396 4.08210552 4.72827558 7.91545408 2.50472796]", "nit": "25", "callback": [0.5411567174025426, 0.4384801044387674]}, "5": {"maxiter": 100, "gtol": 1e-10, "xrtol": 1e-05, "eps": 1e-10, "duration": 0.04816913604736328, "fun": "0.4384062484804707", "jac": "[ 1.11022293e-06  0.00000000e+00  2.22044587e-06  2.22044587e-06\n  0.00000000e+00 -1.11022293e-06]", "hess_inv": "[[ 4.97566605 -0.48420499 -0.54647871 -0.59983632 -0.45673082  1.34293692]\n [-0.48420499  5.41037061  2.91490035  0.64744491 -0.05267787 -1.51383542]\n [-0.54647871  2.91490035  6.11145626  1.03116186 -1.45591148 -1.89246251]\n [-0.59983632  0.64744491  1.03116186  4.52828545 -0.09772235  0.20908167]\n [-0.45673082 -0.05267787 -1.45591148 -0.09772235  4.44783962 -0.05575154]\n [ 1.34293692 -1.51383542 -1.89246251  0.20908167 -0.05575154  5.67295835]]", "nfev": "210", "njev": "30", "status": "0", "success": "True", "message": "Optimization terminated successfully.", "x": "[2.09012883 2.86789184 4.08212702 4.7282883  7.91545886 2.50472365]", "nit": "25", "callback": [0.5411076273664684, 0.4384794630147294]}, "6": {"maxiter": 100, "gtol": 1e-10, "xrtol": 1e-10, "eps": 1e-05, "duration": 0.08291888236999512, "fun": "0.4384062484838822", "jac": "[-2.95208302e-08 -2.37154740e-07  1.90347738e-07  1.15019105e-08\n  9.72999459e-08  5.97766281e-07]", "hess_inv": "[[ 5.03260339 -0.39155308 -0.48892659 -0.67638913 -0.48977089  1.33655598]\n [-0.39155308  5.23510984  2.8512229   0.65876891 -0.04266276 -1.09965438]\n [-0.48892659  2.8512229   6.07030101  1.08025708 -1.46068956 -1.62814889]\n [-0.67638913  0.65876891  1.08025708  4.5439872  -0.05107633  0.02891614]\n [-0.48977089 -0.04266276 -1.46068956 -0.05107633  4.45365983 -0.10797149]\n [ 1.33655598 -1.09965438 -1.62814889  0.02891614 -0.10797149  5.10756303]]", "nfev": "367", "njev": "51", "status": "2", "success": "False", "message": "Desired error not necessarily achieved due to precision loss.", "x": "[2.09012384 2.86787396 4.08210552 4.72827558 7.91545408 2.50472796]", "nit": "25", "callback": [0.5411567174025426, 0.4384801044387674]}, "7": {"maxiter": 100, "gtol": 1e-10, "xrtol": 1e-10, "eps": 1e-10, "duration": 0.08637094497680664, "fun": "0.4384062484644028", "jac": "[ 0.00000000e+00 -1.11022293e-06  1.11022293e-06  0.00000000e+00\n -2.22044587e-06 -1.11022293e-06]", "hess_inv": "[[ 4.40679976 -0.48722548  1.2756197   1.22686276  3.99213937  1.26505498]\n [-0.48722548  4.55245401  0.64405122  0.61465797 -0.63750996 -1.81551454]\n [ 1.2756197   0.64405122  4.81164877  4.67009493  3.67792847 -0.39367882]\n [ 1.22686276  0.61465797  4.67009493  4.66932315  3.62777128 -0.37790801]\n [ 3.99213937 -0.63750996  3.67792847  3.62777128  6.81451098 -0.69304999]\n [ 1.26505498 -1.81551454 -0.39367882 -0.37790801 -0.69304999  2.67572485]]", "nfev": "385", "njev": "55", "status": "0", "success": "True", "message": "Optimization terminated successfully.", "x": "[2.09013078 2.86788141 4.08211295 4.72828182 7.91545392 2.50472993]", "nit": "31", "callback": [0.5411076273664684, 0.4384794630147294, 0.4384062484644028]}, "8": {"maxiter": 500, "gtol": 1e-05, "xrtol": 1e-05, "eps": 1e-05, "duration": 0.04626893997192383, "fun": "0.4384062485323079", "jac": "[ 1.51788582e-06  3.93467481e-06 -1.14857013e-06 -1.78992376e-06\n -1.84833260e-06 -1.87821980e-06]", "hess_inv": "[[ 4.9396662  -0.52425827 -0.50996131 -0.61357452 -0.39939044  1.31879975]\n [-0.52425827  5.41166207  3.06224782  0.60355446  0.03768332 -1.58881336]\n [-0.50996131  3.06224782  6.2400491   0.9915744  -1.46325253 -1.93613688]\n [-0.61357452  0.60355446  0.9915744   4.56243843 -0.09717459  0.2238281 ]\n [-0.39939044  0.03768332 -1.46325253 -0.09717459  4.37745487 -0.02813914]\n [ 1.31879975 -1.58881336 -1.93613688  0.2238281  -0.02813914  5.69198632]]", "nfev": "203", "njev": "29", "status": "0", "success": "True", "message": "Optimization terminated successfully.", "x": "[2.09012951 2.867893   4.08211346 4.72826768 7.91544679 2.50471513]", "nit": "24", "callback": [0.5411567174025426, 0.4384801044387674]}, "9": {"maxiter": 500, "gtol": 1e-05, "xrtol": 1e-05, "eps": 1e-10, "duration": 0.04648542404174805, "fun": "0.43840624857588484", "jac": "[ 2.22044587e-06  5.55111466e-06 -2.22044587e-06  0.00000000e+00\n -3.33066880e-06  1.11022293e-06]", "hess_inv": "[[ 4.93821725 -0.51939576 -0.48617184 -0.61824899 -0.39247644  1.30984876]\n [-0.51939576  5.41020925  3.05933717  0.6098018   0.03878027 -1.56598026]\n [-0.48617184  3.05933717  6.24841643  1.00656364 -1.47649874 -1.89532413]\n [-0.61824899  0.6098018   1.00656364  4.53180526 -0.08533985  0.20582544]\n [-0.39247644  0.03878027 -1.47649874 -0.08533985  4.36694267 -0.01886049]\n [ 1.30984876 -1.56598026 -1.89532413  0.20582544 -0.01886049  5.65719039]]", "nfev": "203", "njev": "29", "status": "0", "success": "True", "message": "Optimization terminated successfully.", "x": "[2.09014142 2.86791282 4.08213117 4.72828883 7.91544591 2.50472892]", "nit": "24", "callback": [0.5411076273664684, 0.4384794630147294]}, "10": {"maxiter": 500, "gtol": 1e-05, "xrtol": 1e-10, "eps": 1e-05, "duration": 0.04653000831604004, "fun": "0.4384062485323079", "jac": "[ 1.51788582e-06  3.93467481e-06 -1.14857013e-06 -1.78992376e-06\n -1.84833260e-06 -1.87821980e-06]", "hess_inv": "[[ 4.9396662  -0.52425827 -0.50996131 -0.61357452 -0.39939044  1.31879975]\n [-0.52425827  5.41166207  3.06224782  0.60355446  0.03768332 -1.58881336]\n [-0.50996131  3.06224782  6.2400491   0.9915744  -1.46325253 -1.93613688]\n [-0.61357452  0.60355446  0.9915744   4.56243843 -0.09717459  0.2238281 ]\n [-0.39939044  0.03768332 -1.46325253 -0.09717459  4.37745487 -0.02813914]\n [ 1.31879975 -1.58881336 -1.93613688  0.2238281  -0.02813914  5.69198632]]", "nfev": "203", "njev": "29", "status": "0", "success": "True", "message": "Optimization terminated successfully.", "x": "[2.09012951 2.867893   4.08211346 4.72826768 7.91544679 2.50471513]", "nit": "24", "callback": [0.5411567174025426, 0.4384801044387674]}, "11": {"maxiter": 500, "gtol": 1e-05, "xrtol": 1e-10, "eps": 1e-10, "duration": 0.04621577262878418, "fun": "0.43840624857588484", "jac": "[ 2.22044587e-06  5.55111466e-06 -2.22044587e-06  0.00000000e+00\n -3.33066880e-06  1.11022293e-06]", "hess_inv": "[[ 4.93821725 -0.51939576 -0.48617184 -0.61824899 -0.39247644  1.30984876]\n [-0.51939576  5.41020925  3.05933717  0.6098018   0.03878027 -1.56598026]\n [-0.48617184  3.05933717  6.24841643  1.00656364 -1.47649874 -1.89532413]\n [-0.61824899  0.6098018   1.00656364  4.53180526 -0.08533985  0.20582544]\n [-0.39247644  0.03878027 -1.47649874 -0.08533985  4.36694267 -0.01886049]\n [ 1.30984876 -1.56598026 -1.89532413  0.20582544 -0.01886049  5.65719039]]", "nfev": "203", "njev": "29", "status": "0", "success": "True", "message": "Optimization terminated successfully.", "x": "[2.09014142 2.86791282 4.08213117 4.72828883 7.91544591 2.50472892]", "nit": "24", "callback": [0.5411076273664684, 0.4384794630147294]}, "12": {"maxiter": 500, "gtol": 1e-10, "xrtol": 1e-05, "eps": 1e-05, "duration": 0.047518253326416016, "fun": "0.4384062484838822", "jac": "[-2.95208302e-08 -2.37154740e-07  1.90347738e-07  1.15019105e-08\n  9.72999459e-08  5.97766281e-07]", "hess_inv": "[[ 4.95954195 -0.486709   -0.5263596  -0.61786903 -0.43542426  1.30846045]\n [-0.486709    5.41954135  2.93567425  0.64603539 -0.05308308 -1.5335027 ]\n [-0.5263596   2.93567425  6.10866285  1.07181563 -1.46792203 -1.81414739]\n [-0.61786903  0.64603539  1.07181563  4.52277304 -0.07118288  0.1660126 ]\n [-0.43542426 -0.05308308 -1.46792203 -0.07118288  4.43461722  0.01753753]\n [ 1.30846045 -1.5335027  -1.81414739  0.1660126   0.01753753  5.60853384]]", "nfev": "210", "njev": "30", "status": "0", "success": "True", "message": "Optimization terminated successfully.", "x": "[2.09012384 2.86787396 4.08210552 4.72827558 7.91545408 2.50472796]", "nit": "25", "callback": [0.5411567174025426, 0.4384801044387674]}, "13": {"maxiter": 500, "gtol": 1e-10, "xrtol": 1e-05, "eps": 1e-10, "duration": 0.047997236251831055, "fun": "0.4384062484804707", "jac": "[ 1.11022293e-06  0.00000000e+00  2.22044587e-06  2.22044587e-06\n  0.00000000e+00 -1.11022293e-06]", "hess_inv": "[[ 4.97566605 -0.48420499 -0.54647871 -0.59983632 -0.45673082  1.34293692]\n [-0.48420499  5.41037061  2.91490035  0.64744491 -0.05267787 -1.51383542]\n [-0.54647871  2.91490035  6.11145626  1.03116186 -1.45591148 -1.89246251]\n [-0.59983632  0.64744491  1.03116186  4.52828545 -0.09772235  0.20908167]\n [-0.45673082 -0.05267787 -1.45591148 -0.09772235  4.44783962 -0.05575154]\n [ 1.34293692 -1.51383542 -1.89246251  0.20908167 -0.05575154  5.67295835]]", "nfev": "210", "njev": "30", "status": "0", "success": "True", "message": "Optimization terminated successfully.", "x": "[2.09012883 2.86789184 4.08212702 4.7282883  7.91545886 2.50472365]", "nit": "25", "callback": [0.5411076273664684, 0.4384794630147294]}, "14": {"maxiter": 500, "gtol": 1e-10, "xrtol": 1e-10, "eps": 1e-05, "duration": 0.08331084251403809, "fun": "0.4384062484838822", "jac": "[-2.95208302e-08 -2.37154740e-07  1.90347738e-07  1.15019105e-08\n  9.72999459e-08  5.97766281e-07]", "hess_inv": "[[ 5.03260339 -0.39155308 -0.48892659 -0.67638913 -0.48977089  1.33655598]\n [-0.39155308  5.23510984  2.8512229   0.65876891 -0.04266276 -1.09965438]\n [-0.48892659  2.8512229   6.07030101  1.08025708 -1.46068956 -1.62814889]\n [-0.67638913  0.65876891  1.08025708  4.5439872  -0.05107633  0.02891614]\n [-0.48977089 -0.04266276 -1.46068956 -0.05107633  4.45365983 -0.10797149]\n [ 1.33655598 -1.09965438 -1.62814889  0.02891614 -0.10797149  5.10756303]]", "nfev": "367", "njev": "51", "status": "2", "success": "False", "message": "Desired error not necessarily achieved due to precision loss.", "x": "[2.09012384 2.86787396 4.08210552 4.72827558 7.91545408 2.50472796]", "nit": "25", "callback": [0.5411567174025426, 0.4384801044387674]}, "15": {"maxiter": 500, "gtol": 1e-10, "xrtol": 1e-10, "eps": 1e-10, "duration": 0.08707094192504883, "fun": "0.4384062484644028", "jac": "[ 0.00000000e+00 -1.11022293e-06  1.11022293e-06  0.00000000e+00\n -2.22044587e-06 -1.11022293e-06]", "hess_inv": "[[ 4.40679976 -0.48722548  1.2756197   1.22686276  3.99213937  1.26505498]\n [-0.48722548  4.55245401  0.64405122  0.61465797 -0.63750996 -1.81551454]\n [ 1.2756197   0.64405122  4.81164877  4.67009493  3.67792847 -0.39367882]\n [ 1.22686276  0.61465797  4.67009493  4.66932315  3.62777128 -0.37790801]\n [ 3.99213937 -0.63750996  3.67792847  3.62777128  6.81451098 -0.69304999]\n [ 1.26505498 -1.81551454 -0.39367882 -0.37790801 -0.69304999  2.67572485]]", "nfev": "385", "njev": "55", "status": "0", "success": "True", "message": "Optimization terminated successfully.", "x": "[2.09013078 2.86788141 4.08211295 4.72828182 7.91545392 2.50472993]", "nit": "31", "callback": [0.5411076273664684, 0.4384794630147294, 0.4384062484644028]}, "16": {"maxiter": 1000, "gtol": 1e-05, "xrtol": 1e-05, "eps": 1e-05, "duration": 0.04558277130126953, "fun": "0.4384062485323079", "jac": "[ 1.51788582e-06  3.93467481e-06 -1.14857013e-06 -1.78992376e-06\n -1.84833260e-06 -1.87821980e-06]", "hess_inv": "[[ 4.9396662  -0.52425827 -0.50996131 -0.61357452 -0.39939044