{"date": "2024/09/25/, 06:59:29", "conf_id": 165, "data_type": "non_lin_ind\n", "num_data_points": 1, "s_rank": 0, "unitary": "[[-0.45070455-0.02711853j,0.78437395-0.06613086j,0.06358678+0.19963393j,-0.07343613+0.35668523j],[-0.01890143-0.03813363j,0.32408202+0.25557629j,0.05872864-0.68979805j,0.55466693-0.20227297j],[-0.11215405+0.64023111j,-0.13344055+0.29565494j,-0.49012687-0.19046288j,-0.04241254+0.44046348j],[0.55771659+0.24656916j,0.31851997-0.05798805j,0.28761525-0.34294258j,-0.56718418+0.03616933j]]", "databatch_0": {"databatch": "[[[0.19445049+0.03752407j,-0.03256621-0.40606338j,-0.08418518+0.22534215j,0.15330499-0.06214725j],[-0.19245991+0.02502174j,-0.1822939+0.22183984j,0.18494723+0.09423632j,-0.04324472-0.20367791j],[0.07903411-0.34469221j,-0.06994035-0.06958505j,-0.19000409-0.17016711j,0.07351492+0.27171283j],[0.31159755-0.04560485j,-0.15494101-0.1144796j,0.20955556-0.06520138j,-0.19790267-0.01874723j]]]", "initial param values": "[3.97940453,3.39442492,2.40826647,2.35741334,1.20100689,0.89030629]", "nelder_mead": {"type": "gradient-free", "0": {"maxiter": 100, "fatol": 1e-05, "xatol": 1e-05, "duration": 0.034802913665771484, "fun": "0.36598572778070404", "nit": "100", "nfev": "154", "status": "2", "success": "False", "message": "Maximum number of iterations has been exceeded.", "x": "[ 3.27075878  3.50277017  4.26101607  4.47296245 -1.32289189  1.31295418]", "final_simplex": "(array([[ 3.27075878,  3.50277017,  4.26101607,  4.47296245, -1.32289189,\n         1.31295418],\n       [ 3.23901964,  3.58316547,  4.26959702,  4.51652935, -1.35106568,\n         1.25370952],\n       [ 3.292827  ,  3.5670198 ,  4.20142629,  4.42232413, -1.28260194,\n         1.23947081],\n       [ 3.32228026,  3.47639484,  4.2733876 ,  4.47122595, -1.35203348,\n         1.24663732],\n       [ 3.3534398 ,  3.56026166,  4.19086909,  4.42991014, -1.31577369,\n         1.23065621],\n       [ 3.26612245,  3.49111706,  4.1978012 ,  4.48434467, -1.27225669,\n         1.22399737],\n       [ 3.18303526,  3.59056055,  4.29402884,  4.52848972, -1.38770104,\n         1.26107469]]), array([0.36598573, 0.36850592, 0.36973469, 0.3699875 , 0.37016086,\n       0.3709932 , 0.37110546]))", "callback": [0.921679669336664, 0.8436683906198689, 0.8088287845580283, 0.7178780856599736, 0.641706561149958, 0.5022133156760133, 0.44842987917405985, 0.40340912851760413, 0.3729541163112815, 0.37110545976121045]}, "1": {"maxiter": 100, "fatol": 1e-05, "xatol": 1e-10, "duration": 0.03524184226989746, "fun": "0.36598572778070404", "nit": "100", "nfev": "154", "status": "2", "success": "False", "message": "Maximum number of iterations has been exceeded.", "x": "[ 3.27075878  3.50277017  4.26101607  4.47296245 -1.32289189  1.31295418]", "final_simplex": "(array([[ 3.27075878,  3.50277017,  4.26101607,  4.47296245, -1.32289189,\n         1.31295418],\n       [ 3.23901964,  3.58316547,  4.26959702,  4.51652935, -1.35106568,\n         1.25370952],\n       [ 3.292827  ,  3.5670198 ,  4.20142629,  4.42232413, -1.28260194,\n         1.23947081],\n       [ 3.32228026,  3.47639484,  4.2733876 ,  4.47122595, -1.35203348,\n         1.24663732],\n       [ 3.3534398 ,  3.56026166,  4.19086909,  4.42991014, -1.31577369,\n         1.23065621],\n       [ 3.26612245,  3.49111706,  4.1978012 ,  4.48434467, -1.27225669,\n         1.22399737],\n       [ 3.18303526,  3.59056055,  4.29402884,  4.52848972, -1.38770104,\n         1.26107469]]), array([0.36598573, 0.36850592, 0.36973469, 0.3699875 , 0.37016086,\n       0.3709932 , 0.37110546]))", "callback": [0.921679669336664, 0.8436683906198689, 0.8088287845580283, 0.7178780856599736, 0.641706561149958, 0.5022133156760133, 0.44842987917405985, 0.40340912851760413, 0.3729541163112815, 0.37110545976121045]}, "2": {"maxiter": 100, "fatol": 1e-10, "xatol": 1e-05, "duration": 0.03523707389831543, "fun": "0.36598572778070404", "nit": "100", "nfev": "154", "status": "2", "success": "False", "message": "Maximum number of iterations has been exceeded.", "x": "[ 3.27075878  3.50277017  4.26101607  4.47296245 -1.32289189  1.31295418]", "final_simplex": "(array([[ 3.27075878,  3.50277017,  4.26101607,  4.47296245, -1.32289189,\n         1.31295418],\n       [ 3.23901964,  3.58316547,  4.26959702,  4.51652935, -1.35106568,\n         1.25370952],\n       [ 3.292827  ,  3.5670198 ,  4.20142629,  4.42232413, -1.28260194,\n         1.23947081],\n       [ 3.32228026,  3.47639484,  4.2733876 ,  4.47122595, -1.35203348,\n         1.24663732],\n       [ 3.3534398 ,  3.56026166,  4.19086909,  4.42991014, -1.31577369,\n         1.23065621],\n       [ 3.26612245,  3.49111706,  4.1978012 ,  4.48434467, -1.27225669,\n         1.22399737],\n       [ 3.18303526,  3.59056055,  4.29402884,  4.52848972, -1.38770104,\n         1.26107469]]), array([0.36598573, 0.36850592, 0.36973469, 0.3699875 , 0.37016086,\n       0.3709932 , 0.37110546]))", "callback": [0.921679669336664, 0.8436683906198689, 0.8088287845580283, 0.7178780856599736, 0.641706561149958, 0.5022133156760133, 0.44842987917405985, 0.40340912851760413, 0.3729541163112815, 0.37110545976121045]}, "3": {"maxiter": 100, "fatol": 1e-10, "xatol": 1e-10, "duration": 0.03409910202026367, "fun": "0.36598572778070404", "nit": "100", "nfev": "154", "status": "2", "success": "False", "message": "Maximum number of iterations has been exceeded.", "x": "[ 3.27075878  3.50277017  4.26101607  4.47296245 -1.32289189  1.31295418]", "final_simplex": "(array([[ 3.27075878,  3.50277017,  4.26101607,  4.47296245, -1.32289189,\n         1.31295418],\n       [ 3.23901964,  3.58316547,  4.26959702,  4.51652935, -1.35106568,\n         1.25370952],\n       [ 3.292827  ,  3.5670198 ,  4.20142629,  4.42232413, -1.28260194,\n         1.23947081],\n       [ 3.32228026,  3.47639484,  4.2733876 ,  4.47122595, -1.35203348,\n         1.24663732],\n       [ 3.3534398 ,  3.56026166,  4.19086909,  4.42991014, -1.31577369,\n         1.23065621],\n       [ 3.26612245,  3.49111706,  4.1978012 ,  4.48434467, -1.27225669,\n         1.22399737],\n       [ 3.18303526,  3.59056055,  4.29402884,  4.52848972, -1.38770104,\n         1.26107469]]), array([0.36598573, 0.36850592, 0.36973469, 0.3699875 , 0.37016086,\n       0.3709932 , 0.37110546]))", "callback": [0.921679669336664, 0.8436683906198689, 0.8088287845580283, 0.7178780856599736, 0.641706561149958, 0.5022133156760133, 0.44842987917405985, 0.40340912851760413, 0.3729541163112815, 0.37110545976121045]}, "4": {"maxiter": 500, "fatol": 1e-05, "xatol": 1e-05, "duration": 0.15551495552062988, "fun": "0.16002649760157162", "nit": "399", "nfev": "628", "status": "0", "success": "True", "message": "Optimization terminated successfully.", "x": "[ 4.27274299  4.73622225  5.43274769  4.33137701 -1.20775949  1.64013376]", "final_simplex": "(array([[ 4.27274299,  4.73622225,  5.43274769,  4.33137701, -1.20775949,\n         1.64013376],\n       [ 4.2727442 ,  4.73621661,  5.43273784,  4.33137552, -1.20775172,\n         1.64013455],\n       [ 4.27274462,  4.73621608,  5.43273882,  4.3313728 , -1.20775628,\n         1.64013605],\n       [ 4.27274498,  4.73621647,  5.4327428 ,  4.33137094, -1.20775522,\n         1.64013319],\n       [ 4.27274372,  4.73622851,  5.4327569 ,  4.33137569, -1.20776943,\n         1.64012579],\n       [ 4.2727468 ,  4.73622163,  5.43274512,  4.33136965, -1.20775661,\n         1.64013336],\n       [ 4.27273777,  4.73622444,  5.43274821,  4.33137306, -1.20776353,\n         1.64013003]]), array([0.1600265, 0.1600265, 0.1600265, 0.1600265, 0.1600265, 0.1600265,\n       0.1600265]))", "callback": [0.921679669336664, 0.8436683906198689, 0.8088287845580283, 0.7178780856599736, 0.641706561149958, 0.5022133156760133, 0.44842987917405985, 0.40340912851760413, 0.3729541163112815, 0.37110545976121045, 0.36454522391398925, 0.3594300154613148, 0.34465596021019773, 0.3038715501270943, 0.28297115169106735, 0.2694151638069211, 0.2490046080161934, 0.2302243975164011, 0.21091387330302536, 0.2073434652162165, 0.2029774090822769, 0.19520699480171433, 0.18474596193375126, 0.16917188379652193, 0.16293243916179312, 0.1612325004904699, 0.16048750259811806, 0.1602794571894406, 0.16010403325410272, 0.1600460034421396, 0.16004252879668257, 0.16002919323098697, 0.16002696203028066, 0.16002655989229875, 0.16002651331560203, 0.16002650052805367, 0.1600264990649063, 0.16002649786125644, 0.16002649764338184, 0.16002649760675136]}, "5": {"maxiter": 500, "fatol": 1e-05, "xatol": 1e-10, "duration": 0.19249200820922852, "fun": "0.16002649760015597", "nit": "485", "nfev": "834", "status": "0", "success": "True", "message": "Optimization terminated successfully.", "x": "[ 4.27274343  4.73622169  5.43274598  4.3313752  -1.20775936  1.64013216]", "final_simplex": "(array([[ 4.27274343,  4.73622169,  5.43274598,  4.3313752 , -1.20775936,\n         1.64013216],\n       [ 4.27274343,  4.73622169,  5.43274598,  4.3313752 , -1.20775936,\n         1.64013216],\n       [ 4.27274343,  4.73622169,  5.43274598,  4.3313752 , -1.20775936,\n         1.64013216],\n       [ 4.27274343,  4.73622169,  5.43274598,  4.3313752 , -1.20775936,\n         1.64013216],\n       [ 4.27274343,  4.73622169,  5.43274598,  4.3313752 , -1.20775936,\n         1.64013216],\n       [ 4.27274343,  4.73622169,  5.43274598,  4.3313752 , -1.20775936,\n         1.64013216],\n       [ 4.27274343,  4.73622169,  5.43274598,  4.3313752 , -1.20775936,\n         1.64013216]]), array([0.1600265, 0.1600265, 0.1600265, 0.1600265, 0.1600265, 0.1600265,\n       0.1600265]))", "callback": [0.921679669336664, 0.8436683906198689, 0.8088287845580283, 0.7178780856599736, 0.641706561149958, 0.5022133156760133, 0.44842987917405985, 0.40340912851760413, 0.3729541163112815, 0.37110545976121045, 0.36454522391398925, 0.3594300154613148, 0.34465596021019773, 0.3038715501270943, 0.28297115169106735, 0.2694151638069211, 0.2490046080161934, 0.2302243975164011, 0.21091387330302536, 0.2073434652162165, 0.2029774090822769, 0.19520699480171433, 0.18474596193375126, 0.16917188379652193, 0.16293243916179312, 0.1612325004904699, 0.16048750259811806, 0.1602794571894406, 0.16010403325410272, 0.1600460034421396, 0.16004252879668257, 0.16002919323098697, 0.16002696203028066, 0.16002655989229875, 0.16002651331560203, 0.16002650052805367, 0.1600264990649063, 0.16002649786125644, 0.16002649764338184, 0.16002649760675136, 0.16002649760118826, 0.16002649760037668, 0.16002649760020127, 0.16002649760016951, 0.16002649760015863, 0.16002649760015675, 0.1600264976001562, 0.16002649760015597, 0.16002649760015597]}, "6": {"maxiter": 500, "fatol": 1e-10, "xatol": 1e-05, "duration": 0.21031403541564941, "fun": "0.16002649760157162", "nit": "399", "nfev": "628", "status": "0", "success": "True", "message": "Optimization terminated successfully.", "x": "[ 4.27274299  4.73622225  5.43274769  4.33137701 -1.20775949  1.64013376]", "final_simplex": "(array([[ 4.27274299,  4.73622225,  5.43274769,  4.33137701, -1.20775949,\n         1.64013376],\n       [ 4.2727442 ,  4.73621661,  5.43273784,  4.33137552, -1.20775172,\n         1.64013455],\n       [ 4.27274462,  4.73621608,  5.43273882,  4.3313728 , -1.20775628,\n         1.64013605],\n       [ 4.27274498,  4.73621647,  5.4327428 ,  4.33137094, -1.20775522,\n         1.64013319],\n       [ 4.27274372,  4.73622851,  5.4327569 ,  4.33137569, -1.20776943,\n         1.64012579],\n       [ 4.2727468 ,  4.73622163,  5.43274512,  4.33136965, -1.20775661,\n         1.64013336],\n       [ 4.27273777,  4.73622444,  5.43274821,  4.33137306, -1.20776353,\n         1.64013003]]), array([0.1600265, 0.1600265, 0.1600265, 0.1600265, 0.1600265, 0.1600265,\n       0.1600265]))", "callback": [0.921679669336664, 0.8436683906198689, 0.8088287845580283, 0.7178780856599736, 0.641706561149958, 0.5022133156760133, 0.44842987917405985, 0.40340912851760413, 0.3729541163112815, 0.37110545976121045, 0.36454522391398925, 0.3594300154613148, 0.34465596021019773, 0.3038715501270943, 0.28297115169106735, 0.2694151638069211, 0.2490046080161934, 0.2302243975164011, 0.21091387330302536, 0.2073434652162165, 0.2029774090822769, 0.19520699480171433, 0.18474596193375126, 0.16917188379652193, 0.16293243916179312, 0.1612325004904699, 0.16048750259811806, 0.1602794571894406, 0.16010403325410272, 0.1600460034421396, 0.16004252879668257, 0.16002919323098697, 0.16002696203028066, 0.16002655989229875, 0.16002651331560203, 0.16002650052805367, 0.1600264990649063, 0.16002649786125644, 0.16002649764338184, 0.16002649760675136]}, "7": {"maxiter": 500, "fatol": 1e-10, "xatol": 1e-10, "duration": 0.1994481086730957, "fun": "0.16002649760015597", "nit": "485", "nfev": "834", "status": "0", "success": "True", "message": "Optimization terminated successfully.", "x": "[ 4.27274343  4.73622169  5.43274598  4.3313752  -1.20775936  1.64013216]", "final_simplex": "(array([[ 4.27274343,  4.73622169,  5.43274598,  4.3313752 , -1.20775936,\n         1.64013216],\n       [ 4.27274343,  4.73622169,  5.43274598,  4.3313752 , -1.20775936,\n         1.64013216],\n       [ 4.27274343,  4.73622169,  5.43274598,  4.3313752 , -1.20775936,\n         1.64013216],\n       [ 4.27274343,  4.73622169,  5.43274598,  4.3313752 , -1.20775936,\n         1.64013216],\n       [ 4.27274343,  4.73622169,  5.43274598,  4.3313752 , -1.20775936,\n         1.64013216],\n       [ 4.27274343,  4.73622169,  5.43274598,  4.3313752 , -1.20775936,\n         1.64013216],\n       [ 4.27274343,  4.73622169,  5.43274598,  4.3313752 , -1.20775936,\n         1.64013216]]), array([0.1600265, 0.1600265, 0.1600265, 0.1600265, 0.1600265, 0.1600265,\n       0.1600265]))", "callback": [0.921679669336664, 0.8436683906198689, 0.8088287845580283, 0.7178780856599736, 0.641706561149958, 0.5022133156760133, 0.44842987917405985, 0.40340912851760413, 0.3729541163112815, 0.37110545976121045, 0.36454522391398925, 0.3594300154613148, 0.34465596021019773, 0.3038715501270943, 0.28297115169106735, 0.2694151638069211, 0.2490046080161934, 0.2302243975164011, 0.21091387330302536, 0.2073434652162165, 0.2029774090822769, 0.19520699480171433, 0.18474596193375126, 0.16917188379652193, 0.16293243916179312, 0.1612325004904699, 0.16048750259811806, 0.1602794571894406, 0.16010403325410272, 0.1600460034421396, 0.16004252879668257, 0.16002919323098697, 0.16002696203028066, 0.16002655989229875, 0.16002651331560203, 0.16002650052805367, 0.1600264990649063, 0.16002649786125644, 0.16002649764338184, 0.16002649760675136, 0.16002649760118826, 0.16002649760037668, 0.16002649760020127, 0.16002649760016951, 0.16002649760015863, 0.16002649760015675, 0.1600264976001562, 0.16002649760015597, 0.16002649760015597]}, "8": {"maxiter": 1000, "fatol": 1e-05, "xatol": 1e-05, "duration": 0.14920806884765625, "fun": "0.16002649760157162", "nit": "399", "nfev": "628", "status": "0", "success": "True", "message": "Optimization terminated successfully.", "x": "[ 4.27274299  4.73622225  5.43274769  4.33137701 -1.20775949  1.64013376]", "final_simplex": "(array([[ 4.27274299,  4.73622225,  5.43274769,  4.33137701, -1.20775949,\n         1.64013376],\n       [ 4.2727442 ,  4.73621661,  5.43273784,  4.33137552, -1.20775172,\n         1.64013455],\n       [ 4.27274462,  4.73621608,  5.43273882,  4.3313728 , -1.20775628,\n         1.64013605],\n       [ 4.27274498,  4.73621647,  5.4327428 ,  4.33137094, -1.20775522,\n         1.64013319],\n       [ 4.27274372,  4.73622851,  5.4327569 ,  4.33137569, -1.20776943,\n         1.64012579],\n       [ 4.2727468 ,  4.73622163,  5.43274512,  4.33136965, -1.20775661,\n         1.64013336],\n       [ 4.27273777,  4.73622444,  5.43274821,  4.33137306, -1.20776353,\n         1.64013003]]), array([0.1600265, 0.1600265, 0.1600265, 0.1600265, 0.1600265, 0.1600265,\n       0.1600265]))", "callback": [0.921679669336664, 0.8436683906198689, 0.8088287845580283, 0.7178780856599736, 0.641706561149958, 0.5022133156760133, 0.44842987917405985, 0.40340912851760413, 0.3729541163112815, 0.37110545976121045, 0.36454522391398925, 0.3594300154613148, 0.34465596021019773, 0.3038715501270943, 0.28297115169106735, 0.2694151638069211, 0.2490046080161934, 0.2302243975164011, 0.21091387330302536, 0.2073434652162165, 0.2029774090822769, 0.19520699480171433, 0.18474596193375126, 0.16917188379652193, 0.16293243916179312, 0.1612325004904699, 0.16048750259811806, 0.1602794571894406, 0.16010403325410272, 0.1600460034421396, 0.16004252879668257, 0.16002919323098697, 0.16002696203028066, 0.16002655989229875, 0.16002651331560203, 0.16002650052805367, 0.1600264990649063, 0.16002649786125644, 0.16002649764338184, 0.16002649760675136]}, "9": {"maxiter": 1000, "fatol": 1e-05, "xatol": 1e-10, "duration": 0.19299602508544922, "fun": "0.16002649760015597", "nit": "485", "nfev": "834", "status": "0", "success": "True", "message": "Optimization terminated successfully.", "x": "[ 4.27274343  4.73622169  5.43274598  4.3313752  -1.20775936  1.64013216]", "final_simplex": "(array([[ 4.27274343,  4.73622169,  5.43274598,  4.3313752 , -1.20775936,\n         1.64013216],\n       [ 4.27274343,  4.73622169,  5.43274598,  4.3313752 , -1.20775936,\n         1.64013216],\n       [ 4.27274343,  4.73622169,  5.43274598,  4.3313752 , -1.20775936,\n         1.64013216],\n       [ 4.27274343,  4.73622169,  5.43274598,  4.3313752 , -1.20775936,\n         1.64013216],\n       [ 4.27274343,  4.73622169,  5.43274598,  4.3313752 , -1.20775936,\n         1.64013216],\n       [ 4.27274343,  4.73622169,  5.43274598,  4.3313752 , -1.20775936,\n         1.64013216],\n       [ 4.27274343,  4.73622169,  5.43274598,  4.3313752 , -1.20775936,\n         1.64013216]]), array([0.1600265, 0.1600265, 0.1600265, 0.1600265, 0.1600265, 0.1600265,\n       0.1600265]))", "callback": [0.921679669336664, 0.8436683906198689, 0.8088287845580283, 0.7178780856599736, 0.641706561149958, 0.5022133156760133, 0.44842987917405985, 0.40340912851760413, 0.3729541163112815, 0.37110545976121045, 0.36454522391398925, 0.3594300154613148, 0.34465596021019773, 0.3038715501270943, 0.28297115169106735, 0.2694151638069211, 0.2490046080161934, 0.2302243975164011, 0.21091387330302536, 0.2073434652162165, 0.2029774090822769, 0.19520699480171433, 0.18474596193375126, 0.16917188379652193, 0.16293243916179312, 0.1612325004904699, 0.16048750259811806, 0.1602794571894406, 0.16010403325410272, 0.1600460034421396, 0.16004252879668257, 0.16002919323098697, 0.16002696203028066, 0.16002655989229875, 0.16002651331560203, 0.16002650052805367, 0.1600264990649063, 0.16002649786125644, 0.16002649764338184, 0.16002649760675136, 0.16002649760118826, 0.16002649760037668, 0.16002649760020127, 0.16002649760016951, 0.16002649760015863, 0.16002649760015675, 0.1600264976001562, 0.16002649760015597, 0.16002649760015597]}, "10": {"maxiter": 1000, "fatol": 1e-10, "xatol": 1e-05, "duration": 0.14249706268310547, "fun": "0.16002649760157162", "nit": "399", "nfev": "628", "status": "0", "success": "True", "message": "Optimization terminated successfully.", "x": "[ 4.27274299  4.73622225  5.43274769  4.33137701 -1.20775949  1.64013376]", "final_simplex": "(array([[ 4.27274299,  4.73622225,  5.43274769,  4.33137701, -1.20775949,\n         1.64013376],\n       [ 4.2727442 ,  4.73621661,  5.43273784,  4.33137552, -1.20775172,\n         1.64013455],\n       [ 4.27274462,  4.73621608,  5.43273882,  4.3313728 , -1.20775628,\n         1.64013605],\n       [ 4.27274498,  4.73621647,  5.4327428 ,  4.33137094, -1.20775522,\n         1.64013319],\n       [ 4.27274372,  4.73622851,  5.4327569 ,  4.33137569, -1.20776943,\n         1.64012579],\n       [ 4.2727468 ,  4.73622163,  5.43274512,  4.33136965, -1.20775661,\n         1.64013336],\n       [ 4.27273777,  4.73622444,  5.43274821,  4.33137306, -1.20776353,\n         1.64013003]]), array([0.1600265, 0.1600265, 0.1600265, 0.1600265, 0.1600265, 0.1600265,\n       0.1600265]))", "callback": [0.921679669336664, 0.8436683906198689, 0.8088287845580283, 0.7178780856599736, 0.641706561149958, 0.5022133156760133, 0.44842987917405985, 0.40340912851760413, 0.3729541163112815, 0.37110545976121045, 0.36454522391398925, 0.3594300154613148, 0.34465596021019773, 0.3038715501270943, 0.28297115169106735, 0.2694151638069211, 0.2490046080161934, 0.2302243975164011, 0.21091387330302536, 0.2073434652162165, 0.2029774090822769, 0.19520699480171433, 0.18474596193375126, 0.16917188379652193, 0.16293243916179312, 0.1612325004904699, 0.16048750259811806, 0.1602794571894406, 0.16010403325410272, 0.1600460034421396, 0.16004252879668257, 0.16002919323098697, 0.16002696203028066, 0.16002655989229875, 0.16002651331560203, 0.16002650052805367, 0.1600264990649063, 0.16002649786125644, 0.16002649764338184, 0.16002649760675136]}, "11": {"maxiter": 1000, "fatol": 1e-10, "xatol": 1e-10, "duration": 0.18907403945922852, "fun": "0.16002649760015597", "nit": "485", "nfev": "834", "status": "0", "success": "True", "message": "Optimization terminated successfully.", "x": "[ 4.27274343  4.73622169  5.43274598  4.3313752  -1.20775936  1.64013216]", "final_simplex": "(array([[ 4.27274343,  4.73622169,  5.43274598,  4.3313752 , -1.20775936,\n         1.64013216],\n       [ 4.27274343,  4.73622169,  5.43274598,  4.3313752 , -1.20775936,\n         1.64013216],\n       [ 4.27274343,  4.73622169,  5.43274598,  4.3313752 , -1.20775936,\n         1.64013216],\n       [ 4.27274343,  4.73622169,  5.43274598,  4.3313752 , -1.20775936,\n         1.64013216],\n       [ 4.27274343,  4.73622169,  5.43274598,  4.3313752 , -1.20775936,\n         1.64013216],\n       [ 4.27274343,  4.73622169,  5.43274598,  4.3313752 , -1.20775936,\n         1.64013216],\n       [ 4.27274343,  4.73622169,  5.43274598,  4.3313752 , -1.20775936,\n         1.64013216]]), array([0.1600265, 0.1600265, 0.1600265, 0.1600265, 0.1600265, 0.1600265,\n       0.1600265]))", "callback": [0.921679669336664, 0.8436683906198689, 0.8088287845580283, 0.7178780856599736, 0.641706561149958, 0.5022133156760133, 0.44842987917405985, 0.40340912851760413, 0.3729541163112815, 0.37110545976121045, 0.36454522391398925, 0.3594300154613148, 0.34465596021019773, 0.3038715501270943, 0.28297115169106735, 0.2694151638069211, 0.2490046080161934, 0.2302243975164011, 0.21091387330302536, 0.2073434652162165, 0.2029774090822769, 0.19520699480171433, 0.18474596193375126, 0.16917188379652193, 0.16293243916179312, 0.1612325004904699, 0.16048750259811806, 0.1602794571894406, 0.16010403325410272, 0.1600460034421396, 0.16004252879668257, 0.16002919323098697, 0.16002696203028066, 0.16002655989229875, 0.16002651331560203, 0.16002650052805367, 0.1600264990649063, 0.16002649786125644, 0.16002649764338184, 0.16002649760675136, 0.16002649760118826, 0.16002649760037668, 0.16002649760020127, 0.16002649760016951, 0.16002649760015863, 0.16002649760015675, 0.1600264976001562, 0.16002649760015597, 0.16002649760015597]}}, "bfgs": {"type": "gradient", "0": {"maxiter": 100, "gtol": 1e-05, "xrtol": 1e-05, "eps": 1e-05, "duration": 0.04629206657409668, "fun": "0.16002649764650978", "jac": "[-1.91535676e-06 -7.96607225e-07  1.15651932e-06 -6.86961599e-07\n  2.61124455e-08  3.16724424e-07]", "hess_inv": "[[  3.43629341  -1.8571962   -2.66548034  -1.4458089    3.33450538\n    1.9738716 ]\n [ -1.8571962    8.58186378  10.19576544   2.54333409  -9.9561832\n   -4.85675752]\n [ -2.66548034  10.19576544  16.72497088   4.12482048 -15.56424646\n   -7.02306265]\n [ -1.4458089    2.54333409   4.12482048   3.71004055  -3.95036818\n   -2.05054128]\n [  3.33450538  -9.9561832  -15.56424646  -3.95036818  17.79053465\n    8.0268001 ]\n [  1.9738716   -4.85675752  -7.02306265  -2.05054128   8.0268001\n    6.21880667]]", "nfev": "196", "njev": "28", "status": "0", "success": "True", "message": "Optimization terminated successfully.", "x": "[ 4.27273417  4.73621322  5.43274003  4.33136932 -1.2077616   1.64012779]", "nit": "22", "callback": [0.7481139482870023, 0.7109417728211298, 0.522703248632723, 0.4793951719470113, 0.3973853047438034, 0.2842473524804454, 0.23980405798457838, 0.191338332163543, 0.17614244920142674, 0.17404612577361023, 0.17110485428584066, 0.16953760424634445, 0.167559562630343, 0.1645213435225017, 0.16129586887366276, 0.16010437626508356, 0.1600339877408803, 0.1600271647008139, 0.16002659010863596, 0.16002651265950374, 0.1600264979842949, 0.16002649764650978]}, "1": {"maxiter": 100, "gtol": 1e-05, "xrtol": 1e-05, "eps": 1e-10, "duration": 0.0456690788269043, "fun": "0.1600264976537007", "jac": "[-4.44089173e-06 -6.66133760e-06  0.00000000e+00 -4.44089173e-06\n -2.22044587e-06 -2.22044587e-06]", "hess_inv": "[[  3.52468467  -1.99659518  -2.88486992  -1.56695534   3.50088593\n    2.02964321]\n [ -1.99659518   8.7049853   10.3976199    2.59295683 -10.16506512\n   -4.92834549]\n [ -2.88486992  10.3976199   16.85686647   4.1880137  -15.69940672\n   -7.10554861]\n [ -1.56695534   2.59295683   4.1880137    3.74657035  -4.01712245\n   -2.06807608]\n [  3.50088593 -10.16506512 -15.69940672  -4.01712245  17.91327617\n    8.11019353]\n [  2.02964321  -4.92834549  -7.10554861  -2.06807608   8.11019353\n    6.26105087]]", "nfev": "196", "njev": "28", "status": "0", "success": "True", "message": "Optimization terminated successfully.", "x": "[ 4.27273708  4.73624174  5.43278593  4.33138504 -1.20779319  1.64012328]", "nit": "22", "callback": [0.7481133862455414, 0.7109413904010184, 0.5227060845889903, 0.479404020062991, 0.39740342466928813, 0.28425740848178926, 0.23980984680012996, 0.19136125449198094, 0.17614394840795822, 0.17404858991731897, 0.1711072123174575, 0.1695380807867466, 0.1675647307133583, 0.16452897139250022, 0.1612989779937435, 0.160105361202602, 0.16003400006562007, 0.1600271713428678, 0.16002658998748798, 0.16002651250077649, 0.16002649820038561, 0.1600264976537007]}, "2": {"maxiter": 100, "gtol": 1e-05, "xrtol": 1e-10, "eps": 1e-05, "duration": 0.04621696472167969, "fun": "0.16002649764650978", "jac": "[-1.91535676e-06 -7.96607225e-07  1.15651932e-06 -6.86961599e-07\n  2.61124455e-08  3.16724424e-07]", "hess_inv": "[[  3.43629341  -1.8571962   -2.66548034  -1.4458089    3.33450538\n    1.9738716 ]\n [ -1.8571962    8.58186378  10.19576544   2.54333409  -9.9561832\n   -4.85675752]\n [ -2.66548034  10.19576544  16.72497088   4.12482048 -15.56424646\n   -7.02306265]\n [ -1.4458089    2.54333409   4.12482048   3.71004055  -3.95036818\n   -2.05054128]\n [  3.33450538  -9.9561832  -15.56424646  -3.95036818  17.79053465\n    8.0268001 ]\n [  1.9738716   -4.85675752  -7.02306265  -2.05054128   8.0268001\n    6.21880667]]", "nfev": "196", "njev": "28", "status": "0", "success": "True", "message": "Optimization terminated successfully.", "x": "[ 4.27273417  4.73621322  5.43274003  4.33136932 -1.2077616   1.64012779]", "nit": "22", "callback": [0.7481139482870023, 0.7109417728211298, 0.522703248632723, 0.4793951719470113, 0.3973853047438034, 0.2842473524804454, 0.23980405798457838, 0.191338332163543, 0.17614244920142674, 0.17404612577361023, 0.17110485428584066, 0.16953760424634445, 0.167559562630343, 0.1645213435225017, 0.16129586887366276, 0.16010437626508356, 0.1600339877408803, 0.1600271647008139, 0.16002659010863596, 0.16002651265950374, 0.1600264979842949, 0.16002649764650978]}, "3": {"maxiter": 100, "gtol": 1e-05, "xrtol": 1e-10, "eps": 1e-10, "duration": 0.04586601257324219, "fun": "0.1600264976537007", "jac": "[-4.44089173e-06 -6.66133760e-06  0.00000000e+00 -4.44089173e-06\n -2.22044587e-06 -2.22044587e-06]", "hess_inv": "[[  3.52468467  -1.99659518  -2.88486992  -1.56695534   3.50088593\n    2.02964321]\n [ -1.99659518   8.7049853   10.3976199    2.59295683 -10.16506512\n   -4.92834549]\n [ -2.88486992  10.3976199   16.85686647   4.1880137  -15.69940672\n   -7.10554861]\n [ -1.56695534   2.59295683   4.1880137    3.74657035  -4.01712245\n   -2.06807608]\n [  3.50088593 -10.16506512 -15.69940672  -4.01712245  17.91327617\n    8.11019353]\n [  2.02964321  -4.92834549  -7.10554861  -2.06807608   8.11019353\n    6.26105087]]", "nfev": "196", "njev": "28", "status": "0", "success": "True", "message": "Optimization terminated successfully.", "x": "[ 4.27273708  4.73624174  5.43278593  4.33138504 -1.20779319  1.64012328]", "nit": "22", "callback": [0.7481133862455414, 0.7109413904010184, 0.5227060845889903, 0.479404020062991, 0.39740342466928813, 0.28425740848178926, 0.23980984680012996, 0.19136125449198094, 0.17614394840795822, 0.17404858991731897, 0.1711072123174575, 0.1695380807867466, 0.1675647307133583, 0.16452897139250022, 0.1612989779937435, 0.160105361202602, 0.16003400006562007, 0.1600271713428678, 0.16002658998748798, 0.16002651250077649, 0.16002649820038561, 0.1600264976537007]}, "4": {"maxiter": 100, "gtol": 1e-10, "xrtol": 1e-05, "eps": 1e-05, "duration": 0.047271013259887695, "fun": "0.16002649764650978", "jac": "[-1.91535676e-06 -7.96607225e-07  1.15651932e-06 -6.86961599e-07\n  2.61124455e-08  3.16724424e-07]", "hess_inv": "[[  3.43629341  -1.8571962   -2.66548034  -1.4458089    3.33450538\n    1.9738716 ]\n [ -1.8571962    8.58186378  10.19576544   2.54333409  -9.9561832\n   -4.85675752]\n [ -2.66548034  10.19576544  16.72497088   4.12482048 -15.56424646\n   -7.02306265]\n [ -1.4458089    2.54333409   4.12482048   3.71004055  -3.95036818\n   -2.05054128]\n [  3.33450538  -9.9561832  -15.56424646  -3.95036818  17.79053465\n    8.0268001 ]\n [  1.9738716   -4.85675752  -7.02306265  -2.05054128   8.0268001\n    6.21880667]]", "nfev": "196", "njev": "28", "status": "0", "success": "True", "message": "Optimization terminated successfully.", "x": "[ 4.27273417  4.73621322  5.43274003  4.33136932 -1.2077616   1.64012779]", "nit": "22", "callback": [0.7481139482870023, 0.7109417728211298, 0.522703248632723, 0.4793951719470113, 0.3973853047438034, 0.2842473524804454, 0.23980405798457838, 0.191338332163543, 0.17614244920142674, 0.17404612577361023, 0.17110485428584066, 0.16953760424634445, 0.167559562630343, 0.1645213435225017, 0.16129586887366276, 0.16010437626508356, 0.1600339877408803, 0.1600271647008139, 0.16002659010863596, 0.16002651265950374, 0.1600264979842949, 0.16002649764650978]}, "5": {"maxiter": 100, "gtol": 1e-10, "xrtol": 1e-05, "eps": 1e-10, "duration": 0.05185103416442871, "fun": "0.16002649765366717", "jac": "[0.00000000e+00 1.11022293e-06 5.55111466e-06 1.11022293e-06\n 1.11022293e-06 4.44089173e-06]", "hess_inv": "[[  3.47568655  -2.38828709  -3.56116773  -1.6511968    3.93043723\n    2.12696678]\n [ -2.38828709   7.05176956   8.51109104   1.90891261  -9.10862081\n   -4.76151395]\n [ -3.56116773   8.51109104  15.90468969   2.99998577 -15.43229596\n   -7.21775357]\n [ -1.6511968    1.90891261   2.99998577   3.601812    -3.26152676\n   -1.89635955]\n [  3.93043723  -9.10862081 -15.43229596  -3.26152676  17.97169098\n    8.2400924 ]\n [  2.12696678  -4.76151395  -7.21775357  -1.89635955   8.2400924\n    6.32047373]]", "nfev": "224", "njev": "32", "status": "0", "success": "True", "message": "Optimization terminated successfully.", "x": "[ 4.27273726  4.73624218  5.43278605  4.33138536 -1.20779317  1.64012333]", "nit": "23", "callback": [0.7481133862455414, 0.7109413904010184, 0.5227060845889903, 0.479404020062991, 0.39740342466928813, 0.28425740848178926, 0.23980984680012996, 0.19136125449198094, 0.17614394840795822, 0.17404858991731897, 0.1711072123174575, 0.1695380807867466, 0.1675647307133583, 0.16452897139250022, 0.1612989779937435, 0.160105361202602, 0.16003400006562007, 0.1600271713428678, 0.16002658998748798, 0.16002651250077649, 0.16002649820038561, 0.1600264976537007, 0.16002649765366717]}, "6": {"maxiter": 100, "gtol": 1e-10, "xrtol": 1e-10, "eps": 1e-05, "duration": 0.08783388137817383, "fun": "0.160026497633047", "jac": "[7.88591414e-08 1.74160686e-07 1.59094959e-07 1.08579812e-08\n 3.33022498e-07 1.23367982e-07]", "hess_inv": "[[  3.11995472  -1.73552429  -2.67234288  -1.26447692   2.77394127\n    1.49429682]\n [ -1.73552429   8.5262785   10.23794857   2.43946247  -9.58960655\n   -4.53760184]\n [ -2.67234288  10.23794857  17.13961476   3.98478916 -15.09742242\n   -6.47998004]\n [ -1.26447692   2.43946247   3.98478916   3.62291594  -3.62418913\n   -1.83462004]\n [  2.77394127  -9.58960655 -15.09742242  -3.62418913  16.46718112\n    7.12900498]\n [  1.49429682  -4.53760184  -6.47998004  -1.83462004   7.12900498\n    5.69571133]]", "nfev": "376", "njev": "52", "status": "2", "success": "False", "message": "Desired error not necessarily achieved due to precision loss.", "x": "[ 4.27274105  4.73620746  5.43272694  4.33136696 -1.20774917  1.64013264]", "nit": "23", "callback": [0.7481139482870023, 0.7109417728211298, 0.522703248632723, 0.4793951719470113, 0.3973853047438034, 0.2842473524804454, 0.23980405798457838, 0.191338332163543, 0.17614244920142674, 0.17404612577361023, 0.17110485428584066, 0.16953760424634445, 0.167559562630343, 0.1645213435225017, 0.16129586887366276, 0.16010437626508356, 0.1600339877408803, 0.1600271647008139, 0.16002659010863596, 0.16002651265950374, 0.1600264979842949, 0.16002649764650978, 0.160026497633047]}, "7": {"maxiter": 100, "gtol": 1e-10, "xrtol": 1e-10, "eps": 1e-10, "duration": 0.0790567398071289, "fun": "0.16002649764585608", "jac": "[0.00000000e+00 0.00000000e+00 4.44089173e-06 0.00000000e+00\n 2.22044587e-06 2.22044587e-06]", "hess_inv": "[[ 1.21408047e+01 -3.98032548e+00 -1.29149322e+00 -8.91430051e+00\n   1.12894685e+01 -8.26469189e-01]\n [-3.98032548e+00  1.43082774e+00  3.36744909e-01  2.61917757e+00\n  -3.46847009e+00  3.16314165e-01]\n [-1.29149322e+00  3.36744909e-01  4.74162490e-01  1.69664820e+00\n  -1.89981835e+00 -3.65464390e-01]\n [-8.91430051e+00  2.61917757e+00  1.69664820e+00  8.45047491e+00\n  -1.00046638e+01 -2.93525890e-01]\n [ 1.12894685e+01 -3.46847009e+00 -1.89981835e+00 -1.00046638e+01\n   1.21393451e+01  3.12293062e-03]\n [-8.26469189e-01  3.16314165e-01 -3.65464390e-01 -2.93525890e-01\n   3.12293062e-03  8.85162055e-01]]", "nfev": "343", "njev": "49", "status": "0", "success": "True", "message": "Optimization terminated successfully.", "x": "[ 4.27273857  4.73624275  5.43278455  4.33138536 -1.20778978  1.64012141]", "nit": "28", "callback": [0.7481133862455414, 0.7109413904010184, 0.5227060845889903, 0.479404020062991, 0.39740342466928813, 0.28425740848178926, 0.23980984680012996, 0.19136125449198094, 0.17614394840795822, 0.17404858991731897, 0.1711072123174575, 0.1695380807867466, 0.1675647307133583, 0.16452897139250022, 0.1612989779937435, 0.160105361202602, 0.16003400006562007, 0.1600271713428678, 0.16002658998748798, 0.16002651250077649, 0.16002649820038561, 0.1600264976537007, 0.16002649765366717, 0.160026497653609, 0.1600264976464948, 0.16002649764591936, 0.1600264976458562, 0.16002649764585608]}, "8": {"maxiter": 500, "gtol": 1e-05, "xrtol": 1e-05, "eps": 1e-05, "duration": 0.04511833190917969, "fun": "0.16002649764650978", "jac": "[-1.91535676e-06 -7.96607225e-07  1.15651932e-06 -6.86961599e-07\n  2.61124455e-08  3.16724424e-07]", "hess_inv": "[[  3.43629341  -1.8571962   -2.66548034  -1.4458089    3.33450538\n    1.9738716 ]\n [ -1.8571962    8.58186378  10.19576544   2.54333409  -9.9561832\n   -4.85675752]\n [ -2.66548034  10.19576544  16.72497088   4.12482048 -15.56424646\n   -7.02306265]\n [ -1.4458089    2.54333409   4.12482048   3.71004055  -3.95036818\n   -2.05054128]\n [  3.33450538  -9.9561832  -15.56424646  -3.95036818  17.79053465\n    8.0268001 ]\n [  1.9738716   -4.85675752  -7.02306265  -2.05054128   8.0268001\n    6.21880667]]", "nfev": "196", "njev": "28", "status": "0", "success": "True", "message": "Optimization terminated successfully.", "x": "[ 4.27273417  4.73621322  5.43274003  4.33136932 -1.2077616   1.64012779]", "nit": "22", "callback": [0.7481139482870023, 0.7109417728211298, 0.522703248632723, 0.4793951719470113, 0.3973853047438034, 0.2842473524804454, 0.23980405798457838, 0.191338332163543, 0.17614244920142674, 0.17404612577361023, 0.17110485428584066, 0.16953760424634445, 0.167559562630343, 0.1645213435225017, 0.16129586887366276, 0.16010437626508356, 0.1600339877408803, 0.1600271647008139, 0.16002659010863596, 0.16002651265950374, 0.1600264979842949, 0.16002649764650978]}, "9": {"maxiter": 500, "gtol": 1e-05, "xrtol": 1e-05, "eps": 1e-10, "duration": 0.044888973236083984, "fun": "0.1600264976537007", "jac": "[-4.44089173e-06 -6.66133760e-06  0.00000000e+00 -4.44089173e-06\n -2.22044587e-06 -2.22044587e-06]", "hess_inv": "[[  3.52468467  -1.99659518  -2.88486992  -1.56695534   3.50088593\n    2.02964321]\n [ -1.99659518   8.7049853   10.3976199    2.59295683 -10.16506512\n   -4.92834549]\n [ -2.88486992  10.3976199   16.85686647   4.1880137  -15.69940672\n   -7.10554861]\n [ -1.56695534   2.59295683   4.1880137    3.74657035  -4.01712245\n   -2.06807608]\n [  3.50088593 -10.16506512 -15.69940672  -4.01712245  17.91327617\n    8.11019353]\n [  2.02964321  -4.92834549  -7.10554861  -2.06807608   8.11019353\n    6.26105087]]", "nfev": "196", "njev": "28", "status": "0", "success": "True", "message": "Optimization terminated successfully.", "x": "[ 4.27273708  4.73624174  5.43278593  4.33138504 -1.20779319  1.64012328]", "nit": "22", "callback": [0.7481133862455414, 0.7109413904010184, 0.5227060845889903, 0.479404020062991, 0.39740342466928813, 0.28425740848178926, 0.23980984680012996, 0.19136125449198094, 0.17614394840795822, 0.17404858991731897, 0.1711072123174575, 0.1695380807867466, 0.1675647307133583, 0.16452897139250022, 0.1612989779937435, 0.160105361202602, 0.16003400006562007, 0.1600271713428678, 0.16002658998748798, 0.16002651250077649, 0.16002649820038561, 0.1600264976537007]}, "10": {"maxiter": 500, "gtol": 1e-05, "xrtol": 1e-10, "eps": 1e-05, "duration": 0.0445408821105957, "fun": "0.16002649764650978", "jac": "[-1.91535676e-06 -7.96607225e-07  1.15651932e-06 -6.86961599e-07\n  2.61124455e-08  3.16724424e-07]", "hess_inv": "[[  3.43629341  -1.8571962   -2.66548034  -1.4458089    3.33450538\n    1.9738716 ]\n [ -1.8571962    8.58186378  10.19576544   2.54333409  -9.9561832\n   -4.85675752]\n [ -2.66548034  10.19576544  16.72497088   4.12482048 -15.56424646\n   -7.02306265]\n [ -1.4458089    2.54333409   4.12482048   3.71004055  -3.95036818\n   -2.05054128]\n [  3.33450538  -9.9561832  -15.56424646  -3.95036818  17.79053465\n    8.0268001 ]\n [  1.9738716   -4.85675752  -7.02306265  -2.05054128   8.0268001\n    6.21880667]]", "nfev": "196", "njev": "28", "status": "0", "success": "True", "message": "Optimization terminated successfully.", "x": "[ 4.27273417  4.73621322  5.43274003  4.33136932 -1.2077616   1.64012779]", "nit": "22", "callback": [0.7481139482870023, 0.7109417728211298, 0.522703248632723, 0.4793951719470113, 0.3973853047438034, 0.2842473524804454, 0.23980405798457838, 0.191338332163543, 0.17614244920142674, 0.17404612577361023, 0.17110485428584066, 0.16953760424634445, 0.167559562630343, 0.1645213435225017, 0.16129586887366276, 0.16010437626508356, 0.1600339877408803, 0.1600271647008139, 0.16002659010863596, 0.16002651265950374, 0.1600264979842949, 0.16002649764650978]}, "11": {"maxiter": 500, "gtol": 1e-05, "xrtol": 1e-10, "eps": 1e-10, "duration": 0.04532909393310547, "fun": "0.1600264976537007", "jac": "[-4.44089173e-06 -6.66133760e-06  0.00000000e+00 -4.44089173e-06\n -2.22044587e-06 -2.22044587e-06]", "hess_inv": "[[  3.52468467  -1.99659518  -2.88486992  -1.56695534   3.50088593\n    2.02964321]\n [ -1.99659518   8.7049853   10.3976199    2.59295683 -10.16506512\n   -4.92834549]\n [ -2.88486992  10.3976199   16.85686647   4.1880137  -15.69940672\n   -7.10554861]\n [ -1.56695534   2.59295683   4.1880137    3.74657035  -4.01712245\n   -2.06807608]\n [  3.50088593 -10.16506512 -15.69940672  -4.01712245  17.91327617\n    8.11019353]\n [  2.02964321  -4.92834549  -7.10554861  -2.06807608   8.11019353\n    6.26105087]]", "nfev": "196", "njev": "28", "status": "0", "success": "True", "message": "Optimization terminated successfully.", "x": "[ 4.27273708  4.73624174  5.43278593  4.33138504 -1.20779319  1.64012328]", "nit": "22", "callback": [0.7481133862455414, 0.7109413904010184, 0.5227060845889903, 0.479404020062991, 0.39740342466928813, 0.28425740848178926, 0.23980984680012996, 0.19136125