{"date": "2024/09/24/, 00:05:15", "conf_id": 150, "data_type": "orthogonal\n", "num_data_points": 4, "s_rank": 0, "unitary": "[[-0.45070455-0.02711853j,0.78437395-0.06613086j,0.06358678+0.19963393j,-0.07343613+0.35668523j],[-0.01890143-0.03813363j,0.32408202+0.25557629j,0.05872864-0.68979805j,0.55466693-0.20227297j],[-0.11215405+0.64023111j,-0.13344055+0.29565494j,-0.49012687-0.19046288j,-0.04241254+0.44046348j],[0.55771659+0.24656916j,0.31851997-0.05798805j,0.28761525-0.34294258j,-0.56718418+0.03616933j]]", "databatch_0": {"databatch": "[[[0.05319763-0.17041049j,0.08883438+0.20542322j,-0.01259954-0.09299717j,-0.28127924+0.10185242j],[0.14980859-0.01543993j,0.10563637-0.07553653j,0.00273453-0.05784738j,-0.1295601-0.02776155j],[-0.11688312-0.02182342j,0.14477262+0.46555473j,0.21989899-0.13833872j,-0.05222533-0.13933684j],[-0.33412141-0.15730336j,0.25576699+0.33094729j,0.08741199-0.02814115j,0.11909145+0.28960527j]],[[0.12393283+0.28317043j,0.04921682+0.18443137j,0.04975367+0.14501146j,0.01777532-0.16020123j],[0.03602711+0.10126427j,0.0157199+0.06270998j,-0.10148082+0.13015173j,-0.04028204+0.09191439j],[-0.10936597+0.26087466j,-0.0612897+0.20177443j,-0.06002505-0.22077836j,-0.13224296-0.38536726j],[0.22710304+0.06939171j,0.20894253+0.03946745j,0.22981807-0.27054557j,-0.16937856-0.4078712j]],[[-0.22259228-0.06355463j,0.02037763+0.07753422j,-0.05882887-0.01533201j,0.0682149+0.15718033j],[0.27717523+0.26528781j,-0.21607037-0.63385984j,-0.16928709+0.1130694j,0.10809098-0.21168719j],[-0.00478816+0.02894498j,-0.28420591+0.11795653j,-0.03436717+0.02682202j,-0.06101185-0.13183895j],[0.00104305+0.1286969j,-0.02555917-0.1046364j,-0.23139491+0.00173143j,-0.11074673+0.02821463j]],[[-0.13709093+0.13642995j,0.41222293-0.16097721j,-0.01823707-0.12983458j,0.14138394+0.04392396j],[-0.18303641+0.02893014j,0.29919384-0.05533829j,-0.06002084-0.05912641j,0.10132592+0.1789179j],[-0.19124276-0.23554509j,0.0382276+0.4905376j,0.1387489-0.06121319j,-0.08749826+0.13168543j],[0.20732115+0.02103603j,-0.27193962-0.15822392j,-0.03612807+0.13147241j,-0.03090698-0.0851619j]]]", "initial param values": "[1.43904,5.71500324,2.22949161,5.68192223,3.42578111,4.01772086]", "nelder_mead": {"type": "gradient-free", "0": {"maxiter": 100, "fatol": 1e-05, "xatol": 1e-05, "duration": 0.03937482833862305, "fun": "0.2632852872285102", "nit": "100", "nfev": "161", "status": "2", "success": "False", "message": "Maximum number of iterations has been exceeded.", "x": "[1.28787936 7.55210311 0.55065441 1.72961971 4.16952405 5.0432537 ]", "final_simplex": "(array([[1.28787936, 7.55210311, 0.55065441, 1.72961971, 4.16952405,\n        5.0432537 ],\n       [1.28615271, 7.5904101 , 0.57433663, 1.65703642, 4.16058291,\n        5.01472034],\n       [1.27595002, 7.61103698, 0.54275466, 1.69497006, 4.21188349,\n        5.04829187],\n       [1.2786275 , 7.60785083, 0.55896147, 1.66498792, 4.17615232,\n        5.05892341],\n       [1.287993  , 7.54716527, 0.58970279, 1.71799192, 4.1919511 ,\n        5.02229584],\n       [1.27721874, 7.56849224, 0.56975388, 1.65747743, 4.18613301,\n        5.05915154],\n       [1.28184667, 7.55370283, 0.60451358, 1.72648963, 4.14628426,\n        5.04667725]]), array([0.26328529, 0.26363139, 0.26380254, 0.26391826, 0.26402214,\n       0.26436147, 0.26436885]))", "callback": [0.7442330010173939, 0.6946355449081898, 0.5731364286460972, 0.43818941605735584, 0.34871856781924904, 0.30394119864041425, 0.28001865334378895, 0.2669829318431438, 0.2649939614290484]}, "1": {"maxiter": 100, "fatol": 1e-05, "xatol": 1e-10, "duration": 0.03632307052612305, "fun": "0.2632852872285102", "nit": "100", "nfev": "161", "status": "2", "success": "False", "message": "Maximum number of iterations has been exceeded.", "x": "[1.28787936 7.55210311 0.55065441 1.72961971 4.16952405 5.0432537 ]", "final_simplex": "(array([[1.28787936, 7.55210311, 0.55065441, 1.72961971, 4.16952405,\n        5.0432537 ],\n       [1.28615271, 7.5904101 , 0.57433663, 1.65703642, 4.16058291,\n        5.01472034],\n       [1.27595002, 7.61103698, 0.54275466, 1.69497006, 4.21188349,\n        5.04829187],\n       [1.2786275 , 7.60785083, 0.55896147, 1.66498792, 4.17615232,\n        5.05892341],\n       [1.287993  , 7.54716527, 0.58970279, 1.71799192, 4.1919511 ,\n        5.02229584],\n       [1.27721874, 7.56849224, 0.56975388, 1.65747743, 4.18613301,\n        5.05915154],\n       [1.28184667, 7.55370283, 0.60451358, 1.72648963, 4.14628426,\n        5.04667725]]), array([0.26328529, 0.26363139, 0.26380254, 0.26391826, 0.26402214,\n       0.26436147, 0.26436885]))", "callback": [0.7442330010173939, 0.6946355449081898, 0.5731364286460972, 0.43818941605735584, 0.34871856781924904, 0.30394119864041425, 0.28001865334378895, 0.2669829318431438, 0.2649939614290484]}, "2": {"maxiter": 100, "fatol": 1e-10, "xatol": 1e-05, "duration": 0.036158084869384766, "fun": "0.2632852872285102", "nit": "100", "nfev": "161", "status": "2", "success": "False", "message": "Maximum number of iterations has been exceeded.", "x": "[1.28787936 7.55210311 0.55065441 1.72961971 4.16952405 5.0432537 ]", "final_simplex": "(array([[1.28787936, 7.55210311, 0.55065441, 1.72961971, 4.16952405,\n        5.0432537 ],\n       [1.28615271, 7.5904101 , 0.57433663, 1.65703642, 4.16058291,\n        5.01472034],\n       [1.27595002, 7.61103698, 0.54275466, 1.69497006, 4.21188349,\n        5.04829187],\n       [1.2786275 , 7.60785083, 0.55896147, 1.66498792, 4.17615232,\n        5.05892341],\n       [1.287993  , 7.54716527, 0.58970279, 1.71799192, 4.1919511 ,\n        5.02229584],\n       [1.27721874, 7.56849224, 0.56975388, 1.65747743, 4.18613301,\n        5.05915154],\n       [1.28184667, 7.55370283, 0.60451358, 1.72648963, 4.14628426,\n        5.04667725]]), array([0.26328529, 0.26363139, 0.26380254, 0.26391826, 0.26402214,\n       0.26436147, 0.26436885]))", "callback": [0.7442330010173939, 0.6946355449081898, 0.5731364286460972, 0.43818941605735584, 0.34871856781924904, 0.30394119864041425, 0.28001865334378895, 0.2669829318431438, 0.2649939614290484]}, "3": {"maxiter": 100, "fatol": 1e-10, "xatol": 1e-10, "duration": 0.03691697120666504, "fun": "0.2632852872285102", "nit": "100", "nfev": "161", "status": "2", "success": "False", "message": "Maximum number of iterations has been exceeded.", "x": "[1.28787936 7.55210311 0.55065441 1.72961971 4.16952405 5.0432537 ]", "final_simplex": "(array([[1.28787936, 7.55210311, 0.55065441, 1.72961971, 4.16952405,\n        5.0432537 ],\n       [1.28615271, 7.5904101 , 0.57433663, 1.65703642, 4.16058291,\n        5.01472034],\n       [1.27595002, 7.61103698, 0.54275466, 1.69497006, 4.21188349,\n        5.04829187],\n       [1.2786275 , 7.60785083, 0.55896147, 1.66498792, 4.17615232,\n        5.05892341],\n       [1.287993  , 7.54716527, 0.58970279, 1.71799192, 4.1919511 ,\n        5.02229584],\n       [1.27721874, 7.56849224, 0.56975388, 1.65747743, 4.18613301,\n        5.05915154],\n       [1.28184667, 7.55370283, 0.60451358, 1.72648963, 4.14628426,\n        5.04667725]]), array([0.26328529, 0.26363139, 0.26380254, 0.26391826, 0.26402214,\n       0.26436147, 0.26436885]))", "callback": [0.7442330010173939, 0.6946355449081898, 0.5731364286460972, 0.43818941605735584, 0.34871856781924904, 0.30394119864041425, 0.28001865334378895, 0.2669829318431438, 0.2649939614290484]}, "4": {"maxiter": 500, "fatol": 1e-05, "xatol": 1e-05, "duration": 0.10285186767578125, "fun": "0.2620454497689948", "nit": "284", "nfev": "456", "status": "0", "success": "True", "message": "Optimization terminated successfully.", "x": "[1.31184639 7.5751892  0.49357509 1.70411397 4.12594491 4.97915692]", "final_simplex": "(array([[1.31184639, 7.5751892 , 0.49357509, 1.70411397, 4.12594491,\n        4.97915692],\n       [1.31184396, 7.57518745, 0.49358012, 1.70411972, 4.1259438 ,\n        4.97915725],\n       [1.31184239, 7.57518944, 0.4935765 , 1.70412265, 4.12594309,\n        4.97915626],\n       [1.31184262, 7.57519232, 0.49357733, 1.70411539, 4.12594523,\n        4.97915515],\n       [1.31184728, 7.57519028, 0.4935764 , 1.70411884, 4.1259459 ,\n        4.9791582 ],\n       [1.31184822, 7.57518739, 0.4935712 , 1.7041198 , 4.12594219,\n        4.97915091],\n       [1.31184716, 7.57519078, 0.49357442, 1.70411716, 4.12593714,\n        4.9791561 ]]), array([0.26204545, 0.26204545, 0.26204545, 0.26204545, 0.26204545,\n       0.26204545, 0.26204545]))", "callback": [0.7442330010173939, 0.6946355449081898, 0.5731364286460972, 0.43818941605735584, 0.34871856781924904, 0.30394119864041425, 0.28001865334378895, 0.2669829318431438, 0.2649939614290484, 0.2632852872285102, 0.2621648821994498, 0.2621502348527991, 0.26205985787035635, 0.26204948155176555, 0.262047443733318, 0.2620468779841094, 0.2620466693976099, 0.262046401628081, 0.26204609009078716, 0.2620456323696009, 0.2620454821350209, 0.262045466811907, 0.2620454520858203, 0.26204545071201446, 0.2620454498820137, 0.2620454498592788, 0.26204544979242994, 0.2620454497710747]}, "5": {"maxiter": 500, "fatol": 1e-05, "xatol": 1e-10, "duration": 0.16236066818237305, "fun": "0.26204544975857713", "nit": "413", "nfev": "721", "status": "0", "success": "True", "message": "Optimization terminated successfully.", "x": "[1.31183977 7.57518687 0.49357384 1.70411768 4.12594656 4.97916026]", "final_simplex": "(array([[1.31183977, 7.57518687, 0.49357384, 1.70411768, 4.12594656,\n        4.97916026],\n       [1.31183977, 7.57518687, 0.49357384, 1.70411768, 4.12594656,\n        4.97916026],\n       [1.31183977, 7.57518687, 0.49357384, 1.70411768, 4.12594656,\n        4.97916026],\n       [1.31183977, 7.57518687, 0.49357384, 1.70411768, 4.12594656,\n        4.97916026],\n       [1.31183977, 7.57518687, 0.49357384, 1.70411768, 4.12594656,\n        4.97916026],\n       [1.31183977, 7.57518687, 0.49357384, 1.70411768, 4.12594656,\n        4.97916026],\n       [1.31183977, 7.57518687, 0.49357384, 1.70411768, 4.12594656,\n        4.97916026]]), array([0.26204545, 0.26204545, 0.26204545, 0.26204545, 0.26204545,\n       0.26204545, 0.26204545]))", "callback": [0.7442330010173939, 0.6946355449081898, 0.5731364286460972, 0.43818941605735584, 0.34871856781924904, 0.30394119864041425, 0.28001865334378895, 0.2669829318431438, 0.2649939614290484, 0.2632852872285102, 0.2621648821994498, 0.2621502348527991, 0.26205985787035635, 0.26204948155176555, 0.262047443733318, 0.2620468779841094, 0.2620466693976099, 0.262046401628081, 0.26204609009078716, 0.2620456323696009, 0.2620454821350209, 0.262045466811907, 0.2620454520858203, 0.26204545071201446, 0.2620454498820137, 0.2620454498592788, 0.26204544979242994, 0.2620454497710747, 0.26204544976446575, 0.2620454497608292, 0.26204544975958943, 0.262045449758749, 0.2620454497586726, 0.26204544975860056, 0.262045449758584, 0.2620454497585806, 0.262045449758578, 0.26204544975857735, 0.26204544975857713, 0.26204544975857713, 0.26204544975857713]}, "6": {"maxiter": 500, "fatol": 1e-10, "xatol": 1e-05, "duration": 0.10149025917053223, "fun": "0.2620454497689948", "nit": "284", "nfev": "456", "status": "0", "success": "True", "message": "Optimization terminated successfully.", "x": "[1.31184639 7.5751892  0.49357509 1.70411397 4.12594491 4.97915692]", "final_simplex": "(array([[1.31184639, 7.5751892 , 0.49357509, 1.70411397, 4.12594491,\n        4.97915692],\n       [1.31184396, 7.57518745, 0.49358012, 1.70411972, 4.1259438 ,\n        4.97915725],\n       [1.31184239, 7.57518944, 0.4935765 , 1.70412265, 4.12594309,\n        4.97915626],\n       [1.31184262, 7.57519232, 0.49357733, 1.70411539, 4.12594523,\n        4.97915515],\n       [1.31184728, 7.57519028, 0.4935764 , 1.70411884, 4.1259459 ,\n        4.9791582 ],\n       [1.31184822, 7.57518739, 0.4935712 , 1.7041198 , 4.12594219,\n        4.97915091],\n       [1.31184716, 7.57519078, 0.49357442, 1.70411716, 4.12593714,\n        4.9791561 ]]), array([0.26204545, 0.26204545, 0.26204545, 0.26204545, 0.26204545,\n       0.26204545, 0.26204545]))", "callback": [0.7442330010173939, 0.6946355449081898, 0.5731364286460972, 0.43818941605735584, 0.34871856781924904, 0.30394119864041425, 0.28001865334378895, 0.2669829318431438, 0.2649939614290484, 0.2632852872285102, 0.2621648821994498, 0.2621502348527991, 0.26205985787035635, 0.26204948155176555, 0.262047443733318, 0.2620468779841094, 0.2620466693976099, 0.262046401628081, 0.26204609009078716, 0.2620456323696009, 0.2620454821350209, 0.262045466811907, 0.2620454520858203, 0.26204545071201446, 0.2620454498820137, 0.2620454498592788, 0.26204544979242994, 0.2620454497710747]}, "7": {"maxiter": 500, "fatol": 1e-10, "xatol": 1e-10, "duration": 0.20241093635559082, "fun": "0.26204544975857713", "nit": "413", "nfev": "721", "status": "0", "success": "True", "message": "Optimization terminated successfully.", "x": "[1.31183977 7.57518687 0.49357384 1.70411768 4.12594656 4.97916026]", "final_simplex": "(array([[1.31183977, 7.57518687, 0.49357384, 1.70411768, 4.12594656,\n        4.97916026],\n       [1.31183977, 7.57518687, 0.49357384, 1.70411768, 4.12594656,\n        4.97916026],\n       [1.31183977, 7.57518687, 0.49357384, 1.70411768, 4.12594656,\n        4.97916026],\n       [1.31183977, 7.57518687, 0.49357384, 1.70411768, 4.12594656,\n        4.97916026],\n       [1.31183977, 7.57518687, 0.49357384, 1.70411768, 4.12594656,\n        4.97916026],\n       [1.31183977, 7.57518687, 0.49357384, 1.70411768, 4.12594656,\n        4.97916026],\n       [1.31183977, 7.57518687, 0.49357384, 1.70411768, 4.12594656,\n        4.97916026]]), array([0.26204545, 0.26204545, 0.26204545, 0.26204545, 0.26204545,\n       0.26204545, 0.26204545]))", "callback": [0.7442330010173939, 0.6946355449081898, 0.5731364286460972, 0.43818941605735584, 0.34871856781924904, 0.30394119864041425, 0.28001865334378895, 0.2669829318431438, 0.2649939614290484, 0.2632852872285102, 0.2621648821994498, 0.2621502348527991, 0.26205985787035635, 0.26204948155176555, 0.262047443733318, 0.2620468779841094, 0.2620466693976099, 0.262046401628081, 0.26204609009078716, 0.2620456323696009, 0.2620454821350209, 0.262045466811907, 0.2620454520858203, 0.26204545071201446, 0.2620454498820137, 0.2620454498592788, 0.26204544979242994, 0.2620454497710747, 0.26204544976446575, 0.2620454497608292, 0.26204544975958943, 0.262045449758749, 0.2620454497586726, 0.26204544975860056, 0.262045449758584, 0.2620454497585806, 0.262045449758578, 0.26204544975857735, 0.26204544975857713, 0.26204544975857713, 0.26204544975857713]}, "8": {"maxiter": 1000, "fatol": 1e-05, "xatol": 1e-05, "duration": 0.114044189453125, "fun": "0.2620454497689948", "nit": "284", "nfev": "456", "status": "0", "success": "True", "message": "Optimization terminated successfully.", "x": "[1.31184639 7.5751892  0.49357509 1.70411397 4.12594491 4.97915692]", "final_simplex": "(array([[1.31184639, 7.5751892 , 0.49357509, 1.70411397, 4.12594491,\n        4.97915692],\n       [1.31184396, 7.57518745, 0.49358012, 1.70411972, 4.1259438 ,\n        4.97915725],\n       [1.31184239, 7.57518944, 0.4935765 , 1.70412265, 4.12594309,\n        4.97915626],\n       [1.31184262, 7.57519232, 0.49357733, 1.70411539, 4.12594523,\n        4.97915515],\n       [1.31184728, 7.57519028, 0.4935764 , 1.70411884, 4.1259459 ,\n        4.9791582 ],\n       [1.31184822, 7.57518739, 0.4935712 , 1.7041198 , 4.12594219,\n        4.97915091],\n       [1.31184716, 7.57519078, 0.49357442, 1.70411716, 4.12593714,\n        4.9791561 ]]), array([0.26204545, 0.26204545, 0.26204545, 0.26204545, 0.26204545,\n       0.26204545, 0.26204545]))", "callback": [0.7442330010173939, 0.6946355449081898, 0.5731364286460972, 0.43818941605735584, 0.34871856781924904, 0.30394119864041425, 0.28001865334378895, 0.2669829318431438, 0.2649939614290484, 0.2632852872285102, 0.2621648821994498, 0.2621502348527991, 0.26205985787035635, 0.26204948155176555, 0.262047443733318, 0.2620468779841094, 0.2620466693976099, 0.262046401628081, 0.26204609009078716, 0.2620456323696009, 0.2620454821350209, 0.262045466811907, 0.2620454520858203, 0.26204545071201446, 0.2620454498820137, 0.2620454498592788, 0.26204544979242994, 0.2620454497710747]}, "9": {"maxiter": 1000, "fatol": 1e-05, "xatol": 1e-10, "duration": 0.16430997848510742, "fun": "0.26204544975857713", "nit": "413", "nfev": "721", "status": "0", "success": "True", "message": "Optimization terminated successfully.", "x": "[1.31183977 7.57518687 0.49357384 1.70411768 4.12594656 4.97916026]", "final_simplex": "(array([[1.31183977, 7.57518687, 0.49357384, 1.70411768, 4.12594656,\n        4.97916026],\n       [1.31183977, 7.57518687, 0.49357384, 1.70411768, 4.12594656,\n        4.97916026],\n       [1.31183977, 7.57518687, 0.49357384, 1.70411768, 4.12594656,\n        4.97916026],\n       [1.31183977, 7.57518687, 0.49357384, 1.70411768, 4.12594656,\n        4.97916026],\n       [1.31183977, 7.57518687, 0.49357384, 1.70411768, 4.12594656,\n        4.97916026],\n       [1.31183977, 7.57518687, 0.49357384, 1.70411768, 4.12594656,\n        4.97916026],\n       [1.31183977, 7.57518687, 0.49357384, 1.70411768, 4.12594656,\n        4.97916026]]), array([0.26204545, 0.26204545, 0.26204545, 0.26204545, 0.26204545,\n       0.26204545, 0.26204545]))", "callback": [0.7442330010173939, 0.6946355449081898, 0.5731364286460972, 0.43818941605735584, 0.34871856781924904, 0.30394119864041425, 0.28001865334378895, 0.2669829318431438, 0.2649939614290484, 0.2632852872285102, 0.2621648821994498, 0.2621502348527991, 0.26205985787035635, 0.26204948155176555, 0.262047443733318, 0.2620468779841094, 0.2620466693976099, 0.262046401628081, 0.26204609009078716, 0.2620456323696009, 0.2620454821350209, 0.262045466811907, 0.2620454520858203, 0.26204545071201446, 0.2620454498820137, 0.2620454498592788, 0.26204544979242994, 0.2620454497710747, 0.26204544976446575, 0.2620454497608292, 0.26204544975958943, 0.262045449758749, 0.2620454497586726, 0.26204544975860056, 0.262045449758584, 0.2620454497585806, 0.262045449758578, 0.26204544975857735, 0.26204544975857713, 0.26204544975857713, 0.26204544975857713]}, "10": {"maxiter": 1000, "fatol": 1e-10, "xatol": 1e-05, "duration": 0.1074681282043457, "fun": "0.2620454497689948", "nit": "284", "nfev": "456", "status": "0", "success": "True", "message": "Optimization terminated successfully.", "x": "[1.31184639 7.5751892  0.49357509 1.70411397 4.12594491 4.97915692]", "final_simplex": "(array([[1.31184639, 7.5751892 , 0.49357509, 1.70411397, 4.12594491,\n        4.97915692],\n       [1.31184396, 7.57518745, 0.49358012, 1.70411972, 4.1259438 ,\n        4.97915725],\n       [1.31184239, 7.57518944, 0.4935765 , 1.70412265, 4.12594309,\n        4.97915626],\n       [1.31184262, 7.57519232, 0.49357733, 1.70411539, 4.12594523,\n        4.97915515],\n       [1.31184728, 7.57519028, 0.4935764 , 1.70411884, 4.1259459 ,\n        4.9791582 ],\n       [1.31184822, 7.57518739, 0.4935712 , 1.7041198 , 4.12594219,\n        4.97915091],\n       [1.31184716, 7.57519078, 0.49357442, 1.70411716, 4.12593714,\n        4.9791561 ]]), array([0.26204545, 0.26204545, 0.26204545, 0.26204545, 0.26204545,\n       0.26204545, 0.26204545]))", "callback": [0.7442330010173939, 0.6946355449081898, 0.5731364286460972, 0.43818941605735584, 0.34871856781924904, 0.30394119864041425, 0.28001865334378895, 0.2669829318431438, 0.2649939614290484, 0.2632852872285102, 0.2621648821994498, 0.2621502348527991, 0.26205985787035635, 0.26204948155176555, 0.262047443733318, 0.2620468779841094, 0.2620466693976099, 0.262046401628081, 0.26204609009078716, 0.2620456323696009, 0.2620454821350209, 0.262045466811907, 0.2620454520858203, 0.26204545071201446, 0.2620454498820137, 0.2620454498592788, 0.26204544979242994, 0.2620454497710747]}, "11": {"maxiter": 1000, "fatol": 1e-10, "xatol": 1e-10, "duration": 0.18142223358154297, "fun": "0.26204544975857713", "nit": "413", "nfev": "721", "status": "0", "success": "True", "message": "Optimization terminated successfully.", "x": "[1.31183977 7.57518687 0.49357384 1.70411768 4.12594656 4.97916026]", "final_simplex": "(array([[1.31183977, 7.57518687, 0.49357384, 1.70411768, 4.12594656,\n        4.97916026],\n       [1.31183977, 7.57518687, 0.49357384, 1.70411768, 4.12594656,\n        4.97916026],\n       [1.31183977, 7.57518687, 0.49357384, 1.70411768, 4.12594656,\n        4.97916026],\n       [1.31183977, 7.57518687, 0.49357384, 1.70411768, 4.12594656,\n        4.97916026],\n       [1.31183977, 7.57518687, 0.49357384, 1.70411768, 4.12594656,\n        4.97916026],\n       [1.31183977, 7.57518687, 0.49357384, 1.70411768, 4.12594656,\n        4.97916026],\n       [1.31183977, 7.57518687, 0.49357384, 1.70411768, 4.12594656,\n        4.97916026]]), array([0.26204545, 0.26204545, 0.26204545, 0.26204545, 0.26204545,\n       0.26204545, 0.26204545]))", "callback": [0.7442330010173939, 0.6946355449081898, 0.5731364286460972, 0.43818941605735584, 0.34871856781924904, 0.30394119864041425, 0.28001865334378895, 0.2669829318431438, 0.2649939614290484, 0.2632852872285102, 0.2621648821994498, 0.2621502348527991, 0.26205985787035635, 0.26204948155176555, 0.262047443733318, 0.2620468779841094, 0.2620466693976099, 0.262046401628081, 0.26204609009078716, 0.2620456323696009, 0.2620454821350209, 0.262045466811907, 0.2620454520858203, 0.26204545071201446, 0.2620454498820137, 0.2620454498592788, 0.26204544979242994, 0.2620454497710747, 0.26204544976446575, 0.2620454497608292, 0.26204544975958943, 0.262045449758749, 0.2620454497586726, 0.26204544975860056, 0.262045449758584, 0.2620454497585806, 0.262045449758578, 0.26204544975857735, 0.26204544975857713, 0.26204544975857713, 0.26204544975857713]}}, "bfgs": {"type": "gradient", "0": {"maxiter": 100, "gtol": 1e-05, "xrtol": 1e-05, "eps": 1e-05, "duration": 0.051613807678222656, "fun": "0.2620454497982535", "jac": "[ 1.37359013e-06  4.17299528e-07 -3.65929509e-08 -1.48969725e-06\n  9.45243883e-08 -1.27333699e-06]", "hess_inv": "[[ 3.57218025 -0.70742109 -0.131567    0.06798441 -1.46213465 -1.01248371]\n [-0.70742109  4.47854323 -0.80869656 -1.28504697  1.04787306  0.76648221]\n [-0.131567   -0.80869656  3.42541627  0.40967782  0.06568384  0.35186599]\n [ 0.06798441 -1.28504697  0.40967782  3.55787193 -0.18591466 -0.34544443]\n [-1.46213465  1.04787306  0.06568384 -0.18591466  4.2630465   0.78686729]\n [-1.01248371  0.76648221  0.35186599 -0.34544443  0.78686729  3.34842871]]", "nfev": "203", "njev": "29", "status": "0", "success": "True", "message": "Optimization terminated successfully.", "x": "[1.31184329 7.57518595 0.49356698 1.70410844 4.12593941 4.97914997]", "nit": "23", "callback": [0.49266396372243704, 0.2620462399128213]}, "1": {"maxiter": 100, "gtol": 1e-05, "xrtol": 1e-05, "eps": 1e-10, "duration": 0.049594879150390625, "fun": "0.26204544980663436", "jac": "[ 1.11022293e-06  1.11022293e-06 -2.22044587e-06  1.11022293e-06\n  0.00000000e+00 -2.22044587e-06]", "hess_inv": "[[ 3.53397141 -0.70068654 -0.0555769   0.03493839 -1.46472577 -0.99582149]\n [-0.70068654  4.47034242 -0.82460773 -1.29320317  1.05627079  0.76561294]\n [-0.0555769  -0.82460773  3.44701861  0.47335838  0.02022582  0.3130297 ]\n [ 0.03493839 -1.29320317  0.47335838  3.52775279 -0.18985496 -0.32934256]\n [-1.46472577  1.05627079  0.02022582 -0.18985496  4.28224147  0.79099745]\n [-0.99582149  0.76561294  0.3130297  -0.32934256  0.79099745  3.34198372]]", "nfev": "203", "njev": "29", "status": "0", "success": "True", "message": "Optimization terminated successfully.", "x": "[1.31185392 7.57519186 0.49356861 1.70411565 4.12594096 4.97914848]", "nit": "23", "callback": [0.4926613351466791, 0.26204623522471937]}, "2": {"maxiter": 100, "gtol": 1e-05, "xrtol": 1e-10, "eps": 1e-05, "duration": 0.04719090461730957, "fun": "0.2620454497982535", "jac": "[ 1.37359013e-06  4.17299528e-07 -3.65929509e-08 -1.48969725e-06\n  9.45243883e-08 -1.27333699e-06]", "hess_inv": "[[ 3.57218025 -0.70742109 -0.131567    0.06798441 -1.46213465 -1.01248371]\n [-0.70742109  4.47854323 -0.80869656 -1.28504697  1.04787306  0.76648221]\n [-0.131567   -0.80869656  3.42541627  0.40967782  0.06568384  0.35186599]\n [ 0.06798441 -1.28504697  0.40967782  3.55787193 -0.18591466 -0.34544443]\n [-1.46213465  1.04787306  0.06568384 -0.18591466  4.2630465   0.78686729]\n [-1.01248371  0.76648221  0.35186599 -0.34544443  0.78686729  3.34842871]]", "nfev": "203", "njev": "29", "status": "0", "success": "True", "message": "Optimization terminated successfully.", "x": "[1.31184329 7.57518595 0.49356698 1.70410844 4.12593941 4.97914997]", "nit": "23", "callback": [0.49266396372243704, 0.2620462399128213]}, "3": {"maxiter": 100, "gtol": 1e-05, "xrtol": 1e-10, "eps": 1e-10, "duration": 0.04818081855773926, "fun": "0.26204544980663436", "jac": "[ 1.11022293e-06  1.11022293e-06 -2.22044587e-06  1.11022293e-06\n  0.00000000e+00 -2.22044587e-06]", "hess_inv": "[[ 3.53397141 -0.70068654 -0.0555769   0.03493839 -1.46472577 -0.99582149]\n [-0.70068654  4.47034242 -0.82460773 -1.29320317  1.05627079  0.76561294]\n [-0.0555769  -0.82460773  3.44701861  0.47335838  0.02022582  0.3130297 ]\n [ 0.03493839 -1.29320317  0.47335838  3.52775279 -0.18985496 -0.32934256]\n [-1.46472577  1.05627079  0.02022582 -0.18985496  4.28224147  0.79099745]\n [-0.99582149  0.76561294  0.3130297  -0.32934256  0.79099745  3.34198372]]", "nfev": "203", "njev": "29", "status": "0", "success": "True", "message": "Optimization terminated successfully.", "x": "[1.31185392 7.57519186 0.49356861 1.70411565 4.12594096 4.97914848]", "nit": "23", "callback": [0.4926613351466791, 0.26204623522471937]}, "4": {"maxiter": 100, "gtol": 1e-10, "xrtol": 1e-05, "eps": 1e-05, "duration": 0.04914379119873047, "fun": "0.2620454497776483", "jac": "[-1.01929576e-07  1.29640743e-07  1.70685688e-07  1.49102952e-08\n  2.25375274e-08  7.59392549e-09]", "hess_inv": "[[ 3.58788999 -0.54753949 -0.25438257  0.0153099  -1.38441851 -1.03940952]\n [-0.54753949  4.52149582 -0.84700572 -1.43254792  0.98768599  0.63332008]\n [-0.25438257 -0.84700572  3.45890859  0.52428655  0.10906227  0.45462914]\n [ 0.0153099  -1.43254792  0.52428655  3.63917617 -0.23772859 -0.28971536]\n [-1.38441851  0.98768599  0.10906227 -0.23772859  4.1902373   0.72934751]\n [-1.03940952  0.63332008  0.45462914 -0.28971536  0.72934751  3.38205229]]", "nfev": "210", "njev": "30", "status": "0", "success": "True", "message": "Optimization terminated successfully.", "x": "[1.31183741 7.57518336 0.49356916 1.70411411 4.12594108 4.97915496]", "nit": "24", "callback": [0.49266396372243704, 0.2620462399128213]}, "5": {"maxiter": 100, "gtol": 1e-10, "xrtol": 1e-05, "eps": 1e-10, "duration": 0.04946303367614746, "fun": "0.2620454497769362", "jac": "[2.22044587e-06 0.00000000e+00 2.22044587e-06 0.00000000e+00\n 0.00000000e+00 0.00000000e+00]", "hess_inv": "[[ 3.48455084 -0.52831242 -0.15192806 -0.05165332 -1.34490799 -0.96463625]\n [-0.52831242  4.49987738 -1.0460671  -1.20409626  0.94945943  0.50707709]\n [-0.15192806 -1.0460671   3.75196066  0.49273293 -0.02115541  0.50620483]\n [-0.05165332 -1.20409626  0.49273293  3.44790332 -0.08493169 -0.22414768]\n [-1.34490799  0.94945943 -0.02115541 -0.08493169  4.14518968  0.64152376]\n [-0.96463625  0.50707709  0.50620483 -0.22414768  0.64152376  3.35786482]]", "nfev": "210", "njev": "30", "status": "0", "success": "True", "message": "Optimization terminated successfully.", "x": "[1.31184822 7.57518759 0.49357885 1.70411381 4.12594287 4.97915782]", "nit": "24", "callback": [0.4926613351466791, 0.26204623522471937]}, "6": {"maxiter": 100, "gtol": 1e-10, "xrtol": 1e-10, "eps": 1e-05, "duration": 0.10141396522521973, "fun": "0.2620454497776483", "jac": "[-1.01929576e-07  1.29640743e-07  1.70685688e-07  1.49102952e-08\n  2.25375274e-08  7.59392549e-09]", "hess_inv": "[[ 3.39806407 -0.45674327 -0.10588602  0.06693902 -1.274046   -0.91099404]\n [-0.45674327  4.6381449  -0.8462799  -1.57797756  0.9866743   0.5419799 ]\n [-0.10588602 -0.8462799   3.37490605  0.42977991  0.0459307   0.34076239]\n [ 0.06693902 -1.57797756  0.42977991  3.71619507 -0.30680227 -0.30207757]\n [-1.274046    0.9866743   0.0459307  -0.30680227  4.14281197  0.64500407]\n [-0.91099404  0.5419799   0.34076239 -0.30207757  0.64500407  3.30077174]]", "nfev": "439", "njev": "61", "status": "2", "success": "False", "message": "Desired error not necessarily achieved due to precision loss.", "x": "[1.31183741 7.57518336 0.49356916 1.70411411 4.12594108 4.97915496]", "nit": "24", "callback": [0.49266396372243704, 0.2620462399128213]}, "7": {"maxiter": 100, "gtol": 1e-10, "xrtol": 1e-10, "eps": 1e-10, "duration": 0.10192298889160156, "fun": "0.26204544976171884", "jac": "[-1.11022293e-06  0.00000000e+00 -1.11022293e-06  0.00000000e+00\n  0.00000000e+00  0.00000000e+00]", "hess_inv": "[[ 0.17622441 -0.02963108 -0.11990104  0.03318712  0.04141936 -0.31840009]\n [-0.02963108  0.03841462  0.04640732 -0.03112301 -0.05589352  0.05247318]\n [-0.11990104  0.04640732  0.17439253 -0.07025552 -0.06512547  0.20944104]\n [ 0.03318712 -0.03112301 -0.07025552  0.05116331  0.04419813 -0.06066427]\n [ 0.04141936 -0.05589352 -0.06512547  0.04419813  0.0848392  -0.07988539]\n [-0.31840009  0.05247318  0.20944104 -0.06066427 -0.07988539  0.69689734]]", "nfev": "434", "njev": "62", "status": "0", "success": "True", "message": "Optimization terminated successfully.", "x": "[1.31183783 7.5751856  0.49357152 1.70411554 4.12594589 4.9791605 ]", "nit": "35", "callback": [0.4926613351466791, 0.26204623522471937, 0.2620454497620015]}, "8": {"maxiter": 500, "gtol": 1e-05, "xrtol": 1e-05, "eps": 1e-05, "duration": 0.048046112060546875, "fun": "0.2620454497982535", "jac": "[ 1.37359013e-06  4.17299528e-07 -3.65929509e-08 -1.48969725e-06\n  9.45243883e-08 -1.27333699e-06]", "hess_inv": "[[ 3.57218025 -0.70742109 -0.131567    0.06798441 -1.46213465 -1.01248371]\n [-0.70742109  4.47854323 -0.80869656 -1.28504697  1.04787306  0.76648221]\n [-0.131567   -0.80869656  3.42541627  0.40967782  0.06568384  0.35186599]\n [ 0.06798441 -1.28504697  0.40967782  3.55787193 -0.18591466 -0.34544443]\n [-1.46213465  1.04787306  0.06568384 -0.18591466  4.2630465   0.78686729]\n [-1.01248371  0.76648221  0.35186599 -0.34544443  0.78686729  3.34842871]]", "nfev": "203", "njev": "29", "status": "0", "success": "True", "message": "Optimization terminated successfully.", "x": "[1.31184329 7.57518595 0.49356698 1.70410844 4.12593941 4.97914997]", "nit": "23", "callback": [0.49266396372243704, 0.2620462399128213]}, "9": {"maxiter": 500, "gtol": 1e-05, "xrtol": 1e-05, "eps": 1e-10, "duration": 0.04781627655029297, "fun": "0.26204544980663436", "jac": "[ 1.11022293e-06  1.11022293e-06 -2.22044587e-06  1.11022293e-06\n  0.00000000e+00 -2.22044587e-06]", "hess_inv": "[[ 3.53397141 -0.70068654 -0.0555769   0.03493839 -1.46472577 -0.99582149]\n [-0.70068654  4.47034242 -0.82460773 -1.29320317  1.05627079  0.76561294]\n [-0.0555769  -0.82460773  3.44701861  0.47335838  0.02022582  0.3130297 ]\n [ 0.03493839 -1.29320317  0.47335838  3.52775279 -0.18985496 -0.32934256]\n [-1.46472577  1.05627079  0.02022582 -0.18985496  4.28224147  0.79099745]\n [-0.99582149  0.76561294  0.3130297  -0.32934256  0.79099745  3.34198372]]", "nfev": "203", "njev": "29", "status": "0", "success": "True", "message": "Optimization terminated successfully.", "x": "[1.31185392 7.57519186 0.49356861 1.70411565 4.12594096 4.97914848]", "nit": "23", "callback": [0.4926613351466791, 0.26204623522471937]}, "10": {"maxiter": 500, "gtol": 1e-05, "xrtol": 1e-10, "eps": 1e-05, "duration": 0.04803013801574707, "fun": "0.2620454497982535", "jac": "[ 1.37359013e-06  4.17299528e-07 -3.65929509e-08 -1.48969725e-06\n  9.45243883e-08 -1.27333699e-06]", "hess_inv": "[[ 3.57218025 -0.70742109 -0.131567    0.06798441 -1.46213465 -1.01248371]\n [-0.70742109  4.47854323 -0.80869656 -1.28504697  1.04787306  0.76648221]\n [-0.131567   -0.80869656  3.42541627  0.40967782  0.06568384  0.35186599]\n [ 0.06798441 -1.28504697  0.40967782  3.55787193 -0.18591466 -0.34544443]\n [-1.46213465  1.04787306  0.06568384 -0.18591466  4.2630465   0.78686729]\n [-1.01248371  0.76648221  0.35186599 -0.34544443  0.78686729  3.34842871]]", "nfev": "203", "njev": "29", "status": "0", "success": "True", "message": "Optimization terminated successfully.", "x": "[1.31184329 7.57518595 0.49356698 1.70410844 4.12593941 4.97914997]", "nit": "23", "callback": [0.49266396372243704, 0.2620462399128213]}, "11": {"maxiter": 500, "gtol": 1e-05, "xrtol": 1e-10, "eps": 1e-10, "duration": 0.04838085174560547, "fun": "0.26204544980663436", "jac": "[ 1.11022293e-06  1.11022293e-06 -2.22044587e-06  1.11022293e-06\n  0.00000000e+00 -2.22044587e-06]", "hess_inv": "[[ 3.53397141 -0.70068654 -0.0555769   0.03493839 -1.46472577 -0.99582149]\n [-0.70068654  4.47034242 -0.82460773 -1.29320317  1.05627079  0.76561294]\n [-0.0555769  -0.82460773  3.44701861  0.47335838  0.02022582  0.3130297 ]\n [ 0.03493839 -1.29320317  0.47335838  3.52775279 -0.18985496 -0.32934256]\n [-1.46472577  1.05627079  0.02022582 -0.18985496  4.28224147  0.79099745]\n [-0.99582149  0.76561294  0.3130297  -0.32934256  0.79099745  3.34198372]]", "nfev": "203", "njev": "29", "status": "0", "success": "True", "message": "Optimization terminated successfully.", "x": "[1.31185392 7.57519186 0.49356861 1.70411565 4.12594096 4.97914848]", "nit": "23", "callback": [0.4926613351466791, 0.26204623522471937]}, "12": {"maxiter": 500, "gtol": 1e-10, "xrtol": 1e-05, "eps": 1e-05, "duration": 0.049114227294921875, "fun": "0.2620454497776483", "jac": "[-1.01929576e-07  1.29640743e-07  1.70685688e-07  1.49102952e-08\n  2.25375274e-08  7.59392549e-09]", "hess_inv": "[[ 3.58788999 -0.54753949 -0.25438257  0.0153099  -1.38441851 -1.03940952]\n [-0.54753949  4.52149582 -0.84700572 -1.43254792  0.98768599  0.63332008]\n [-0.25438257 -0.84700572  3.45890859  0.52428655  0.10906227  0.45462914]\n [ 0.0153099  -1.43254792  0.52428655  3.63917617 -0.23772859 -0.28971536]\n [-1.38441851  0.98768599  0.10906227 -0.23772859  4.1902373   0.72934751]\n [-1.03940952  0.63332008  0.45462914 -0.28971536  0.72934751  3.38205229]]", "nfev": "210", "njev": "30", "status": "0", "success": "True", "message": "Optimization terminated successfully.", "x": "[1.31183741 7.57518336 0.49356916 1.70411411 4.12594108 4.97915496]", "nit": "24", "callback": [0.49266396372243704, 0.2620462399128213]}, "13": {"maxiter": 500, "gtol": 1e-10, "xrtol": 1e-05, "eps": 1e-10, "duration": 0.04818010330200195, "fun": "0.2620454497769362", "jac": "[2.22044587e-06 0.00000000e+00 2.22044587e-06 0.00000000e+00\n 0.00000000e+00 0.00000000e+00]", "hess_inv": "[[ 3.48455084 -0.52831242 -0.15192806 -0.05165332 -1.34490799 -0.96463625]\n [-0.52831242  4.49987738 -1.0460671  -1.20409626  0.94945943  0.50707709]\n [-0.15192806 -1.0460671   3.75196066  0.49273293 -0.02115541  0.50620483]\n [-0.05165332 -1.20409626  0.49273293  3.44790332 -0.08493169 -0.22414768]\n [-1.34490799  0.94945943 -0.02115541 -0.08493169  4.14518968  0.64152376]\n [-0.96463625  0.50707709  0.50620483 -0.22414768  0.64152376  3.35786482]]", "nfev": "210", "njev": "30", "status": "0", "success": "True", "message": "Optimization terminated successfully.", "x": "[1.31184822 7.57518759 0.49357885 1.70411381 4.12594287 4.97915782]", "nit": "24", "callback": [0.4926613351466791, 0.26204623522471937]}, "14": {"maxiter": 500, "gtol": 1e-10, "xrtol": 1e-10, "eps": 1e-05, "duration": 0.09799408912658691, "fun": "0.2620454497776483", "jac": "[-1.01929576e-07  1.29640743e-07  1.70685688e-07  1.49102952e-08\n  2.25375274e-08  7.59392549e-09]", "hess_inv": "[[ 3.39806407 -0.45674327 -0.10588602  0.06693902 -1.274046   -0.91099404]\n [-0.45674327  4.6381449  -0.8462799  -1.57797756  0.9866743   0.5419799 ]\n [-0.10588602 -0.8462799   3.37490605  0.42977991  0.0459307   0.34076239]\n [ 0.06693902 -1.57797756  0.42977991  3.71619507 -0.30680227 -0.30207757]\n [-1.274046    0.9866743   0.0459307  -0.30680227  4.14281197  0.64500407]\n [-0.91099404  0.5419799   0.34076239 -0.30207757  0.64500407  3.30077174]]", "nfev": "439", "njev": "61", "status": "2", "success": "False", "message": "Desired error not necessarily achieved due to precision loss.", "x": "[1.31183741 7.57518336 0.49356916 1.70411411 4.12594108 4.97915496]", "nit": "24", "callback": [0.49266396372243704, 0.2620462399128213]}, "15": {"maxiter": 500, "gtol": 1e-10, "xrtol": 1e-10, "eps": 1e-10, "duration": 0.09833908081054688, "fun": "0.26204544976171884", "jac": "[-1.11022293e-06  0.00000000e+00 -1.11022293e-06  0.00000000e+00\n  0.00000000e+00  0.00000000e+00]", "hess_inv": "[[ 0.17622441 -0.02963108 -0.11990104  0.03318712  0.04141936 -0.31840009]\n [-0.02963108  0.03841462  0.04640732 -0.03112301 -0.05589352  0.05247318]\n [-0.11990104  0.04640732  0.17439253 -0.07025552 -0.06512547  0.20944104]\n [ 0.03318712 -0.03112301 -0.07025552  0.05116331  0.04419813 -0.06066427]\n [ 0.04141936 -0.05589352 -0.06512547  0.04419813  0.0848392  -0.07988539]\n [-0.31840009  0.05247318  0.20944104 -0.06066427 -0.07988539  0.69689734]]", "nfev": "434", "njev": "62", "status": "0", "success": "True", "message": "Optimization terminated successfully.", "x": "[1.31183783 7.5751856  0.49357152 1.70411554 4.12594589 4.9791605 ]", "nit": "35", "callback": [0.4926613351466791, 0.26204623522471937, 0.2620454497620015]}, "16": {"maxiter": 1000, "gtol": 1e-05, "xrtol": 1e-05, "eps": 1e-05, "duration": 0.04766225814819336, "fun": "0.2620454497982535", "jac": "[ 1.37359013e-06  4.17299528e-07 -3.65929509e-08 -1.48969725e-06\n  9.45243883e-08 -1.27333699e-06]", "hess_inv": "[[ 3.57218025 -0.70742109 -0.131567    0.06798441 -1.46213465 -1.01248371]\n [-0.70742109  4.47854323 -0.80869656 -1.28504697  1.04787306  0.76648221]\n [-0.131567   -0.80869656  3.42541627  0.40967782  0.06568384  0.35186599]\n [ 0.06798441 -1.28504697  0.40967782  3.55787193 -0.18591466 -0.34544443]\n [-1.46213465  1.04787306  0.06568384 -0.18591466  4.2630465   0.78686729]\n [-1.01248371  0.76648221  0.35186599 -0.34544443  0.78686729  3.34842871]]", "nfev": "203", "njev": "29", "status": "0", "success": "True", "message": "Optimization terminated successfully.", "x": "[1.31184329 7.57518595 0.49356698 1.70410844 4.12593941 4.97914997]", "nit": "23", "callback": [0.49266396372243704, 0.2620462399128213]}, "17": {"maxiter": 1000, "gtol": 1e-05, "xrtol": 1e-05, "eps": 1e-10, "duration": 0.04674577713012695, "fun": "0.26204544980663436", "jac": "[ 1.11022293e-06  1.11022293e-06 -2.22044587e-06  1.11022293e-06\n  0.00000000e+00 -2.22044587e-06]", "hess_inv": "[[ 3.53397141 -0.70068654 -0.0555769   0.03493839 -1.46472577 -0.99582149]\n [-0.70068654  4.47034242 -0.82460773 -1.29320317  1.05627079  0.76561294]\n [-0.0555769  -0.82460773  3.44701861  0.47335838  0.02022582  0.3130297 ]\n [ 0.03493839 -1.29320317  0.47335838  3.52775279 -0.18985496 -0.32934256]\n [-1.46472577  1.05627079  0.02022582 -0.18985496  4.28224147  0.79099745]\n [-0.99582149  0.76561294  0.3130297  -0.32934256  0.79099745  3.34198372]]", "nfev": "203", "njev": "29", "status": "0", "success": "True", "message": "Optimization terminated successfully.", "x": "[1.31185392 7.57519186 0.49356861 1.70411565 4.12594096 4.97914848]", "nit": "23", "callback": [0.4926613351466791, 0.26204623522471937]}, "18": {"maxiter": 1000, "gtol": 1e-05, "xrtol": 1e-10, "eps": 1e-05, "duration": 0.04564690589904785, "fun": "0.2620454497982535", "jac": "[ 1.37359013e-06  4.17299528e-07 -3.65929509e-08 -1.48969725e-06\n  9.45243883e-08 -1.27333699e-06]", "hess_inv": "[[ 3.57218025 -0.70742109 -0.131567    0.06798441 -1.46213465 -1.01248371]\n [-0.70742109  4.47854323 -0.80869656 -1.28504697  1.04787306  0.76648221]\n [-0.131567   -0.80869656  3.42541627  0.40967782  0.06568384  0.35186599]\n [ 0.06798441 -1.28504697  0.40967782  3.55787193 -0.18591466 -0.34544443]\n [-1.46213465  1.04787306  0.06568384 -0.18591466  4.2630465   0.78686729]\n [-1.01248371  0.76648221  0.35186599 -0.34544443  0.78686729  3.34842871]]", "nfev": "203", "njev": "29", "status": "0", "success": "True", "message": "Optimization terminated successfully.", "x": "[1.311843