{"date": "2024/10/08/, 17:16:35", "conf_id": 15, "data_type": "random\n", "num_data_points": 1, "s_rank": 0, "unitary": "[[-0.45070455-0.02711853j,0.78437395-0.06613086j,0.06358678+0.19963393j,-0.07343613+0.35668523j],[-0.01890143-0.03813363j,0.32408202+0.25557629j,0.05872864-0.68979805j,0.55466693-0.20227297j],[-0.11215405+0.64023111j,-0.13344055+0.29565494j,-0.49012687-0.19046288j,-0.04241254+0.44046348j],[0.55771659+0.24656916j,0.31851997-0.05798805j,0.28761525-0.34294258j,-0.56718418+0.03616933j]]", "databatch_0": {"databatch": "[[[0.04825078-0.04281163j,-0.22970037+0.12409915j,0.28065501-0.24073082j,-0.0622342+0.24174145j],[-0.01314943+0.20267982j,0.01947458-0.11997878j,0.01982135-0.02196487j,-0.14900793+0.04154397j],[0.0443335+0.0269559j,-0.33889203-0.16919102j,-0.04412654+0.20506365j,-0.29372605-0.01268455j],[-0.00935639-0.18411391j,0.4502821-0.09271809j,0.21673413-0.1612324j,-0.22621694+0.04165805j]]]", "initial param values": "[1.07977272,2.29542355,3.98455411,0.90926248,4.98115666,3.73058007]", "nelder_mead": {"type": "gradient-free", "0": {"maxiter": 100, "fatol": 1e-05, "xatol": 1e-05, "duration": 0.05351901054382324, "fun": "0.28707977352693714", "nit": "100", "nfev": "154", "status": "2", "success": "False", "message": "Maximum number of iterations has been exceeded.", "x": "[0.96817721 1.28243411 7.37838137 1.01332671 4.38173747 4.08407705]", "final_simplex": "(array([[0.96817721, 1.28243411, 7.37838137, 1.01332671, 4.38173747,\n        4.08407705],\n       [0.96269526, 1.25998481, 7.35269746, 0.99602812, 4.54196971,\n        4.10844328],\n       [0.94905254, 1.27269828, 7.40447576, 0.98758244, 4.58273187,\n        4.08229448],\n       [0.97975336, 1.29615498, 7.34915043, 0.97172688, 4.48487439,\n        4.08882404],\n       [0.96346902, 1.39091277, 7.38828089, 0.94597742, 4.44256947,\n        4.10152324],\n       [0.95285532, 1.35569605, 7.44629431, 1.00445492, 4.52596975,\n        3.95812336],\n       [0.94839607, 1.38276206, 7.33106248, 0.96258364, 4.55367683,\n        4.04568415]]), array([0.28707977, 0.28834808, 0.28995006, 0.29035661, 0.29069971,\n       0.29074932, 0.29148676]))", "callback": [0.9100539665166097, 0.809820462058408, 0.4345164762495871, 0.3650202822224049, 0.33010566873957314, 0.3208306267777138, 0.3130332628935796, 0.3061501319783233, 0.2946277673429545, 0.29069971441348785]}, "1": {"maxiter": 100, "fatol": 1e-05, "xatol": 1e-10, "duration": 0.047711849212646484, "fun": "0.28707977352693714", "nit": "100", "nfev": "154", "status": "2", "success": "False", "message": "Maximum number of iterations has been exceeded.", "x": "[0.96817721 1.28243411 7.37838137 1.01332671 4.38173747 4.08407705]", "final_simplex": "(array([[0.96817721, 1.28243411, 7.37838137, 1.01332671, 4.38173747,\n        4.08407705],\n       [0.96269526, 1.25998481, 7.35269746, 0.99602812, 4.54196971,\n        4.10844328],\n       [0.94905254, 1.27269828, 7.40447576, 0.98758244, 4.58273187,\n        4.08229448],\n       [0.97975336, 1.29615498, 7.34915043, 0.97172688, 4.48487439,\n        4.08882404],\n       [0.96346902, 1.39091277, 7.38828089, 0.94597742, 4.44256947,\n        4.10152324],\n       [0.95285532, 1.35569605, 7.44629431, 1.00445492, 4.52596975,\n        3.95812336],\n       [0.94839607, 1.38276206, 7.33106248, 0.96258364, 4.55367683,\n        4.04568415]]), array([0.28707977, 0.28834808, 0.28995006, 0.29035661, 0.29069971,\n       0.29074932, 0.29148676]))", "callback": [0.9100539665166097, 0.809820462058408, 0.4345164762495871, 0.3650202822224049, 0.33010566873957314, 0.3208306267777138, 0.3130332628935796, 0.3061501319783233, 0.2946277673429545, 0.29069971441348785]}, "2": {"maxiter": 100, "fatol": 1e-10, "xatol": 1e-05, "duration": 0.05464315414428711, "fun": "0.28707977352693714", "nit": "100", "nfev": "154", "status": "2", "success": "False", "message": "Maximum number of iterations has been exceeded.", "x": "[0.96817721 1.28243411 7.37838137 1.01332671 4.38173747 4.08407705]", "final_simplex": "(array([[0.96817721, 1.28243411, 7.37838137, 1.01332671, 4.38173747,\n        4.08407705],\n       [0.96269526, 1.25998481, 7.35269746, 0.99602812, 4.54196971,\n        4.10844328],\n       [0.94905254, 1.27269828, 7.40447576, 0.98758244, 4.58273187,\n        4.08229448],\n       [0.97975336, 1.29615498, 7.34915043, 0.97172688, 4.48487439,\n        4.08882404],\n       [0.96346902, 1.39091277, 7.38828089, 0.94597742, 4.44256947,\n        4.10152324],\n       [0.95285532, 1.35569605, 7.44629431, 1.00445492, 4.52596975,\n        3.95812336],\n       [0.94839607, 1.38276206, 7.33106248, 0.96258364, 4.55367683,\n        4.04568415]]), array([0.28707977, 0.28834808, 0.28995006, 0.29035661, 0.29069971,\n       0.29074932, 0.29148676]))", "callback": [0.9100539665166097, 0.809820462058408, 0.4345164762495871, 0.3650202822224049, 0.33010566873957314, 0.3208306267777138, 0.3130332628935796, 0.3061501319783233, 0.2946277673429545, 0.29069971441348785]}, "3": {"maxiter": 100, "fatol": 1e-10, "xatol": 1e-10, "duration": 0.046896934509277344, "fun": "0.28707977352693714", "nit": "100", "nfev": "154", "status": "2", "success": "False", "message": "Maximum number of iterations has been exceeded.", "x": "[0.96817721 1.28243411 7.37838137 1.01332671 4.38173747 4.08407705]", "final_simplex": "(array([[0.96817721, 1.28243411, 7.37838137, 1.01332671, 4.38173747,\n        4.08407705],\n       [0.96269526, 1.25998481, 7.35269746, 0.99602812, 4.54196971,\n        4.10844328],\n       [0.94905254, 1.27269828, 7.40447576, 0.98758244, 4.58273187,\n        4.08229448],\n       [0.97975336, 1.29615498, 7.34915043, 0.97172688, 4.48487439,\n        4.08882404],\n       [0.96346902, 1.39091277, 7.38828089, 0.94597742, 4.44256947,\n        4.10152324],\n       [0.95285532, 1.35569605, 7.44629431, 1.00445492, 4.52596975,\n        3.95812336],\n       [0.94839607, 1.38276206, 7.33106248, 0.96258364, 4.55367683,\n        4.04568415]]), array([0.28707977, 0.28834808, 0.28995006, 0.29035661, 0.29069971,\n       0.29074932, 0.29148676]))", "callback": [0.9100539665166097, 0.809820462058408, 0.4345164762495871, 0.3650202822224049, 0.33010566873957314, 0.3208306267777138, 0.3130332628935796, 0.3061501319783233, 0.2946277673429545, 0.29069971441348785]}, "4": {"maxiter": 500, "fatol": 1e-05, "xatol": 1e-05, "duration": 0.16504287719726562, "fun": "0.228211920806753", "nit": "359", "nfev": "565", "status": "0", "success": "True", "message": "Optimization terminated successfully.", "x": "[1.22443768 1.50366182 7.37116835 1.5059646  4.41398325 4.16378862]", "final_simplex": "(array([[1.22443768, 1.50366182, 7.37116835, 1.5059646 , 4.41398325,\n        4.16378862],\n       [1.22443699, 1.50366893, 7.37116347, 1.50596612, 4.41398519,\n        4.16378853],\n       [1.22443977, 1.50366653, 7.37117168, 1.50596725, 4.41398641,\n        4.16378475],\n       [1.22443396, 1.50366412, 7.37116478, 1.50596872, 4.41398601,\n        4.16378873],\n       [1.22443897, 1.50366118, 7.37116631, 1.50596427, 4.41398669,\n        4.16379041],\n       [1.22444414, 1.50366984, 7.3711619 , 1.50596475, 4.41398491,\n        4.16378386],\n       [1.22443604, 1.50366369, 7.37117006, 1.50597272, 4.4139815 ,\n        4.16379206]]), array([0.22821192, 0.22821192, 0.22821192, 0.22821192, 0.22821192,\n       0.22821192, 0.22821192]))", "callback": [0.9100539665166097, 0.809820462058408, 0.4345164762495871, 0.3650202822224049, 0.33010566873957314, 0.3208306267777138, 0.3130332628935796, 0.3061501319783233, 0.2946277673429545, 0.29069971441348785, 0.2865294741710306, 0.27530012605398035, 0.2720025773609067, 0.27035530452990486, 0.269757192472043, 0.26712230522246405, 0.2667880185485323, 0.2607136824774524, 0.2447545479510036, 0.23321203212896846, 0.2300826588077547, 0.22953303073246378, 0.2286553104957587, 0.22835465335652427, 0.2282364197824167, 0.22821635244849425, 0.22821336757953092, 0.22821214771643328, 0.22821203894649655, 0.22821193876339474, 0.228211927345083, 0.22821192208362706, 0.2282119216893168, 0.22821192109558697, 0.22821192087912257, 0.22821192081727482]}, "5": {"maxiter": 500, "fatol": 1e-05, "xatol": 1e-10, "duration": 0.23785114288330078, "fun": "0.22821192080313124", "nit": "459", "nfev": "788", "status": "0", "success": "True", "message": "Optimization terminated successfully.", "x": "[1.22443813 1.50366448 7.37116767 1.50596817 4.41398444 4.16378644]", "final_simplex": "(array([[1.22443813, 1.50366448, 7.37116767, 1.50596817, 4.41398444,\n        4.16378644],\n       [1.22443813, 1.50366448, 7.37116767, 1.50596817, 4.41398444,\n        4.16378644],\n       [1.22443813, 1.50366448, 7.37116767, 1.50596817, 4.41398444,\n        4.16378644],\n       [1.22443813, 1.50366448, 7.37116767, 1.50596817, 4.41398444,\n        4.16378644],\n       [1.22443813, 1.50366448, 7.37116767, 1.50596817, 4.41398444,\n        4.16378644],\n       [1.22443813, 1.50366448, 7.37116767, 1.50596817, 4.41398444,\n        4.16378644],\n       [1.22443813, 1.50366448, 7.37116767, 1.50596817, 4.41398444,\n        4.16378644]]), array([0.22821192, 0.22821192, 0.22821192, 0.22821192, 0.22821192,\n       0.22821192, 0.22821192]))", "callback": [0.9100539665166097, 0.809820462058408, 0.4345164762495871, 0.3650202822224049, 0.33010566873957314, 0.3208306267777138, 0.3130332628935796, 0.3061501319783233, 0.2946277673429545, 0.29069971441348785, 0.2865294741710306, 0.27530012605398035, 0.2720025773609067, 0.27035530452990486, 0.269757192472043, 0.26712230522246405, 0.2667880185485323, 0.2607136824774524, 0.2447545479510036, 0.23321203212896846, 0.2300826588077547, 0.22953303073246378, 0.2286553104957587, 0.22835465335652427, 0.2282364197824167, 0.22821635244849425, 0.22821336757953092, 0.22821214771643328, 0.22821203894649655, 0.22821193876339474, 0.228211927345083, 0.22821192208362706, 0.2282119216893168, 0.22821192109558697, 0.22821192087912257, 0.22821192081727482, 0.22821192080509634, 0.22821192080358632, 0.22821192080326635, 0.228211920803155, 0.2282119208031369, 0.22821192080313402, 0.22821192080313213, 0.22821192080313157, 0.22821192080313146, 0.22821192080313124]}, "6": {"maxiter": 500, "fatol": 1e-10, "xatol": 1e-05, "duration": 0.1777808666229248, "fun": "0.228211920806753", "nit": "359", "nfev": "565", "status": "0", "success": "True", "message": "Optimization terminated successfully.", "x": "[1.22443768 1.50366182 7.37116835 1.5059646  4.41398325 4.16378862]", "final_simplex": "(array([[1.22443768, 1.50366182, 7.37116835, 1.5059646 , 4.41398325,\n        4.16378862],\n       [1.22443699, 1.50366893, 7.37116347, 1.50596612, 4.41398519,\n        4.16378853],\n       [1.22443977, 1.50366653, 7.37117168, 1.50596725, 4.41398641,\n        4.16378475],\n       [1.22443396, 1.50366412, 7.37116478, 1.50596872, 4.41398601,\n        4.16378873],\n       [1.22443897, 1.50366118, 7.37116631, 1.50596427, 4.41398669,\n        4.16379041],\n       [1.22444414, 1.50366984, 7.3711619 , 1.50596475, 4.41398491,\n        4.16378386],\n       [1.22443604, 1.50366369, 7.37117006, 1.50597272, 4.4139815 ,\n        4.16379206]]), array([0.22821192, 0.22821192, 0.22821192, 0.22821192, 0.22821192,\n       0.22821192, 0.22821192]))", "callback": [0.9100539665166097, 0.809820462058408, 0.4345164762495871, 0.3650202822224049, 0.33010566873957314, 0.3208306267777138, 0.3130332628935796, 0.3061501319783233, 0.2946277673429545, 0.29069971441348785, 0.2865294741710306, 0.27530012605398035, 0.2720025773609067, 0.27035530452990486, 0.269757192472043, 0.26712230522246405, 0.2667880185485323, 0.2607136824774524, 0.2447545479510036, 0.23321203212896846, 0.2300826588077547, 0.22953303073246378, 0.2286553104957587, 0.22835465335652427, 0.2282364197824167, 0.22821635244849425, 0.22821336757953092, 0.22821214771643328, 0.22821203894649655, 0.22821193876339474, 0.228211927345083, 0.22821192208362706, 0.2282119216893168, 0.22821192109558697, 0.22821192087912257, 0.22821192081727482]}, "7": {"maxiter": 500, "fatol": 1e-10, "xatol": 1e-10, "duration": 0.23189187049865723, "fun": "0.22821192080313124", "nit": "459", "nfev": "788", "status": "0", "success": "True", "message": "Optimization terminated successfully.", "x": "[1.22443813 1.50366448 7.37116767 1.50596817 4.41398444 4.16378644]", "final_simplex": "(array([[1.22443813, 1.50366448, 7.37116767, 1.50596817, 4.41398444,\n        4.16378644],\n       [1.22443813, 1.50366448, 7.37116767, 1.50596817, 4.41398444,\n        4.16378644],\n       [1.22443813, 1.50366448, 7.37116767, 1.50596817, 4.41398444,\n        4.16378644],\n       [1.22443813, 1.50366448, 7.37116767, 1.50596817, 4.41398444,\n        4.16378644],\n       [1.22443813, 1.50366448, 7.37116767, 1.50596817, 4.41398444,\n        4.16378644],\n       [1.22443813, 1.50366448, 7.37116767, 1.50596817, 4.41398444,\n        4.16378644],\n       [1.22443813, 1.50366448, 7.37116767, 1.50596817, 4.41398444,\n        4.16378644]]), array([0.22821192, 0.22821192, 0.22821192, 0.22821192, 0.22821192,\n       0.22821192, 0.22821192]))", "callback": [0.9100539665166097, 0.809820462058408, 0.4345164762495871, 0.3650202822224049, 0.33010566873957314, 0.3208306267777138, 0.3130332628935796, 0.3061501319783233, 0.2946277673429545, 0.29069971441348785, 0.2865294741710306, 0.27530012605398035, 0.2720025773609067, 0.27035530452990486, 0.269757192472043, 0.26712230522246405, 0.2667880185485323, 0.2607136824774524, 0.2447545479510036, 0.23321203212896846, 0.2300826588077547, 0.22953303073246378, 0.2286553104957587, 0.22835465335652427, 0.2282364197824167, 0.22821635244849425, 0.22821336757953092, 0.22821214771643328, 0.22821203894649655, 0.22821193876339474, 0.228211927345083, 0.22821192208362706, 0.2282119216893168, 0.22821192109558697, 0.22821192087912257, 0.22821192081727482, 0.22821192080509634, 0.22821192080358632, 0.22821192080326635, 0.228211920803155, 0.2282119208031369, 0.22821192080313402, 0.22821192080313213, 0.22821192080313157, 0.22821192080313146, 0.22821192080313124]}, "8": {"maxiter": 1000, "fatol": 1e-05, "xatol": 1e-05, "duration": 0.16214919090270996, "fun": "0.228211920806753", "nit": "359", "nfev": "565", "status": "0", "success": "True", "message": "Optimization terminated successfully.", "x": "[1.22443768 1.50366182 7.37116835 1.5059646  4.41398325 4.16378862]", "final_simplex": "(array([[1.22443768, 1.50366182, 7.37116835, 1.5059646 , 4.41398325,\n        4.16378862],\n       [1.22443699, 1.50366893, 7.37116347, 1.50596612, 4.41398519,\n        4.16378853],\n       [1.22443977, 1.50366653, 7.37117168, 1.50596725, 4.41398641,\n        4.16378475],\n       [1.22443396, 1.50366412, 7.37116478, 1.50596872, 4.41398601,\n        4.16378873],\n       [1.22443897, 1.50366118, 7.37116631, 1.50596427, 4.41398669,\n        4.16379041],\n       [1.22444414, 1.50366984, 7.3711619 , 1.50596475, 4.41398491,\n        4.16378386],\n       [1.22443604, 1.50366369, 7.37117006, 1.50597272, 4.4139815 ,\n        4.16379206]]), array([0.22821192, 0.22821192, 0.22821192, 0.22821192, 0.22821192,\n       0.22821192, 0.22821192]))", "callback": [0.9100539665166097, 0.809820462058408, 0.4345164762495871, 0.3650202822224049, 0.33010566873957314, 0.3208306267777138, 0.3130332628935796, 0.3061501319783233, 0.2946277673429545, 0.29069971441348785, 0.2865294741710306, 0.27530012605398035, 0.2720025773609067, 0.27035530452990486, 0.269757192472043, 0.26712230522246405, 0.2667880185485323, 0.2607136824774524, 0.2447545479510036, 0.23321203212896846, 0.2300826588077547, 0.22953303073246378, 0.2286553104957587, 0.22835465335652427, 0.2282364197824167, 0.22821635244849425, 0.22821336757953092, 0.22821214771643328, 0.22821203894649655, 0.22821193876339474, 0.228211927345083, 0.22821192208362706, 0.2282119216893168, 0.22821192109558697, 0.22821192087912257, 0.22821192081727482]}, "9": {"maxiter": 1000, "fatol": 1e-05, "xatol": 1e-10, "duration": 0.2608058452606201, "fun": "0.22821192080313124", "nit": "459", "nfev": "788", "status": "0", "success": "True", "message": "Optimization terminated successfully.", "x": "[1.22443813 1.50366448 7.37116767 1.50596817 4.41398444 4.16378644]", "final_simplex": "(array([[1.22443813, 1.50366448, 7.37116767, 1.50596817, 4.41398444,\n        4.16378644],\n       [1.22443813, 1.50366448, 7.37116767, 1.50596817, 4.41398444,\n        4.16378644],\n       [1.22443813, 1.50366448, 7.37116767, 1.50596817, 4.41398444,\n        4.16378644],\n       [1.22443813, 1.50366448, 7.37116767, 1.50596817, 4.41398444,\n        4.16378644],\n       [1.22443813, 1.50366448, 7.37116767, 1.50596817, 4.41398444,\n        4.16378644],\n       [1.22443813, 1.50366448, 7.37116767, 1.50596817, 4.41398444,\n        4.16378644],\n       [1.22443813, 1.50366448, 7.37116767, 1.50596817, 4.41398444,\n        4.16378644]]), array([0.22821192, 0.22821192, 0.22821192, 0.22821192, 0.22821192,\n       0.22821192, 0.22821192]))", "callback": [0.9100539665166097, 0.809820462058408, 0.4345164762495871, 0.3650202822224049, 0.33010566873957314, 0.3208306267777138, 0.3130332628935796, 0.3061501319783233, 0.2946277673429545, 0.29069971441348785, 0.2865294741710306, 0.27530012605398035, 0.2720025773609067, 0.27035530452990486, 0.269757192472043, 0.26712230522246405, 0.2667880185485323, 0.2607136824774524, 0.2447545479510036, 0.23321203212896846, 0.2300826588077547, 0.22953303073246378, 0.2286553104957587, 0.22835465335652427, 0.2282364197824167, 0.22821635244849425, 0.22821336757953092, 0.22821214771643328, 0.22821203894649655, 0.22821193876339474, 0.228211927345083, 0.22821192208362706, 0.2282119216893168, 0.22821192109558697, 0.22821192087912257, 0.22821192081727482, 0.22821192080509634, 0.22821192080358632, 0.22821192080326635, 0.228211920803155, 0.2282119208031369, 0.22821192080313402, 0.22821192080313213, 0.22821192080313157, 0.22821192080313146, 0.22821192080313124]}, "10": {"maxiter": 1000, "fatol": 1e-10, "xatol": 1e-05, "duration": 0.16348695755004883, "fun": "0.228211920806753", "nit": "359", "nfev": "565", "status": "0", "success": "True", "message": "Optimization terminated successfully.", "x": "[1.22443768 1.50366182 7.37116835 1.5059646  4.41398325 4.16378862]", "final_simplex": "(array([[1.22443768, 1.50366182, 7.37116835, 1.5059646 , 4.41398325,\n        4.16378862],\n       [1.22443699, 1.50366893, 7.37116347, 1.50596612, 4.41398519,\n        4.16378853],\n       [1.22443977, 1.50366653, 7.37117168, 1.50596725, 4.41398641,\n        4.16378475],\n       [1.22443396, 1.50366412, 7.37116478, 1.50596872, 4.41398601,\n        4.16378873],\n       [1.22443897, 1.50366118, 7.37116631, 1.50596427, 4.41398669,\n        4.16379041],\n       [1.22444414, 1.50366984, 7.3711619 , 1.50596475, 4.41398491,\n        4.16378386],\n       [1.22443604, 1.50366369, 7.37117006, 1.50597272, 4.4139815 ,\n        4.16379206]]), array([0.22821192, 0.22821192, 0.22821192, 0.22821192, 0.22821192,\n       0.22821192, 0.22821192]))", "callback": [0.9100539665166097, 0.809820462058408, 0.4345164762495871, 0.3650202822224049, 0.33010566873957314, 0.3208306267777138, 0.3130332628935796, 0.3061501319783233, 0.2946277673429545, 0.29069971441348785, 0.2865294741710306, 0.27530012605398035, 0.2720025773609067, 0.27035530452990486, 0.269757192472043, 0.26712230522246405, 0.2667880185485323, 0.2607136824774524, 0.2447545479510036, 0.23321203212896846, 0.2300826588077547, 0.22953303073246378, 0.2286553104957587, 0.22835465335652427, 0.2282364197824167, 0.22821635244849425, 0.22821336757953092, 0.22821214771643328, 0.22821203894649655, 0.22821193876339474, 0.228211927345083, 0.22821192208362706, 0.2282119216893168, 0.22821192109558697, 0.22821192087912257, 0.22821192081727482]}, "11": {"maxiter": 1000, "fatol": 1e-10, "xatol": 1e-10, "duration": 0.2915918827056885, "fun": "0.22821192080313124", "nit": "459", "nfev": "788", "status": "0", "success": "True", "message": "Optimization terminated successfully.", "x": "[1.22443813 1.50366448 7.37116767 1.50596817 4.41398444 4.16378644]", "final_simplex": "(array([[1.22443813, 1.50366448, 7.37116767, 1.50596817, 4.41398444,\n        4.16378644],\n       [1.22443813, 1.50366448, 7.37116767, 1.50596817, 4.41398444,\n        4.16378644],\n       [1.22443813, 1.50366448, 7.37116767, 1.50596817, 4.41398444,\n        4.16378644],\n       [1.22443813, 1.50366448, 7.37116767, 1.50596817, 4.41398444,\n        4.16378644],\n       [1.22443813, 1.50366448, 7.37116767, 1.50596817, 4.41398444,\n        4.16378644],\n       [1.22443813, 1.50366448, 7.37116767, 1.50596817, 4.41398444,\n        4.16378644],\n       [1.22443813, 1.50366448, 7.37116767, 1.50596817, 4.41398444,\n        4.16378644]]), array([0.22821192, 0.22821192, 0.22821192, 0.22821192, 0.22821192,\n       0.22821192, 0.22821192]))", "callback": [0.9100539665166097, 0.809820462058408, 0.4345164762495871, 0.3650202822224049, 0.33010566873957314, 0.3208306267777138, 0.3130332628935796, 0.3061501319783233, 0.2946277673429545, 0.29069971441348785, 0.2865294741710306, 0.27530012605398035, 0.2720025773609067, 0.27035530452990486, 0.269757192472043, 0.26712230522246405, 0.2667880185485323, 0.2607136824774524, 0.2447545479510036, 0.23321203212896846, 0.2300826588077547, 0.22953303073246378, 0.2286553104957587, 0.22835465335652427, 0.2282364197824167, 0.22821635244849425, 0.22821336757953092, 0.22821214771643328, 0.22821203894649655, 0.22821193876339474, 0.228211927345083, 0.22821192208362706, 0.2282119216893168, 0.22821192109558697, 0.22821192087912257, 0.22821192081727482, 0.22821192080509634, 0.22821192080358632, 0.22821192080326635, 0.228211920803155, 0.2282119208031369, 0.22821192080313402, 0.22821192080313213, 0.22821192080313157, 0.22821192080313146, 0.22821192080313124]}}, "bfgs": {"type": "gradient", "0": {"maxiter": 100, "gtol": 1e-05, "xrtol": 1e-05, "eps": 1e-05, "duration": 0.06560683250427246, "fun": "0.2282119209650877", "jac": "[ 8.78574991e-07  1.19957377e-06 -4.64279726e-06 -1.03067554e-06\n  9.66227098e-08 -5.26965138e-06]", "hess_inv": "[[ 3.18328765  0.74046524 -0.74534086  0.41511906 -0.81516557 -0.48657867]\n [ 0.74046524  4.23642684 -1.74681776 -0.07892421  0.26240506 -1.19842424]\n [-0.74534086 -1.74681776  5.75788585  1.0822833   0.8791056  -1.4336275 ]\n [ 0.41511906 -0.07892421  1.0822833   2.93094107  0.17616317 -0.56833126]\n [-0.81516557  0.26240506  0.8791056   0.17616317  3.79195717 -0.92134057]\n [-0.48657867 -1.19842424 -1.4336275  -0.56833126 -0.92134057  3.65887196]]", "nfev": "203", "njev": "29", "status": "0", "success": "True", "message": "Optimization terminated successfully.", "x": "[1.22444298 1.50368412 7.37113972 1.50595495 4.4139774  4.16377051]", "nit": "19", "callback": [0.7309557933781994, 0.7274743583310403, 0.6150517089885021, 0.5732413232212026, 0.5420367923587949, 0.3206371384639627, 0.3135572975594926, 0.3000015860766855, 0.27558193243512885, 0.240710541817715, 0.23118417440733896, 0.2297762635399374, 0.22854560136296942, 0.22829408924499417, 0.2282374788545013, 0.22821622987869306, 0.228212403296715, 0.2282119303500123, 0.2282119209650877]}, "1": {"maxiter": 100, "gtol": 1e-05, "xrtol": 1e-05, "eps": 1e-10, "duration": 0.0606989860534668, "fun": "0.22821192084068487", "jac": "[ 1.11022293e-06  1.11022293e-06 -2.22044587e-06 -1.11022293e-06\n  0.00000000e+00 -3.33066880e-06]", "hess_inv": "[[ 3.31348027  0.79783198 -0.7406734   0.3524829  -0.82250976 -0.55645126]\n [ 0.79783198  4.25008716 -1.77482689 -0.09476668  0.19202247 -1.25776648]\n [-0.7406734  -1.77482689  5.601322    1.11442934  0.90635716 -1.38824472]\n [ 0.3524829  -0.09476668  1.11442934  2.79108573  0.14465788 -0.58671634]\n [-0.82250976  0.19202247  0.90635716  0.14465788  3.77720176 -0.82449645]\n [-0.55645126 -1.25776648 -1.38824472 -0.58671634 -0.82449645  3.69938661]]", "nfev": "203", "njev": "29", "status": "0", "success": "True", "message": "Optimization terminated successfully.", "x": "[1.22444131 1.50367091 7.3711607  1.50596486 4.41398785 4.16377403]", "nit": "19", "callback": [0.7309574207991666, 0.7274842676689283, 0.6152271360393817, 0.5734211426266438, 0.5420444527890003, 0.32063991327890984, 0.3134977985095331, 0.29983877760364686, 0.27527380436190274, 0.24042121253419713, 0.2312497432031284, 0.22983029043564895, 0.22855177382704372, 0.22828576965212855, 0.22823426581202733, 0.22821639205553246, 0.22821220300282308, 0.22821192664947043, 0.22821192084068487]}, "2": {"maxiter": 100, "gtol": 1e-05, "xrtol": 1e-10, "eps": 1e-05, "duration": 0.058075904846191406, "fun": "0.2282119209650877", "jac": "[ 8.78574991e-07  1.19957377e-06 -4.64279726e-06 -1.03067554e-06\n  9.66227098e-08 -5.26965138e-06]", "hess_inv": "[[ 3.18328765  0.74046524 -0.74534086  0.41511906 -0.81516557 -0.48657867]\n [ 0.74046524  4.23642684 -1.74681776 -0.07892421  0.26240506 -1.19842424]\n [-0.74534086 -1.74681776  5.75788585  1.0822833   0.8791056  -1.4336275 ]\n [ 0.41511906 -0.07892421  1.0822833   2.93094107  0.17616317 -0.56833126]\n [-0.81516557  0.26240506  0.8791056   0.17616317  3.79195717 -0.92134057]\n [-0.48657867 -1.19842424 -1.4336275  -0.56833126 -0.92134057  3.65887196]]", "nfev": "203", "njev": "29", "status": "0", "success": "True", "message": "Optimization terminated successfully.", "x": "[1.22444298 1.50368412 7.37113972 1.50595495 4.4139774  4.16377051]", "nit": "19", "callback": [0.7309557933781994, 0.7274743583310403, 0.6150517089885021, 0.5732413232212026, 0.5420367923587949, 0.3206371384639627, 0.3135572975594926, 0.3000015860766855, 0.27558193243512885, 0.240710541817715, 0.23118417440733896, 0.2297762635399374, 0.22854560136296942, 0.22829408924499417, 0.2282374788545013, 0.22821622987869306, 0.228212403296715, 0.2282119303500123, 0.2282119209650877]}, "3": {"maxiter": 100, "gtol": 1e-05, "xrtol": 1e-10, "eps": 1e-10, "duration": 0.06583976745605469, "fun": "0.22821192084068487", "jac": "[ 1.11022293e-06  1.11022293e-06 -2.22044587e-06 -1.11022293e-06\n  0.00000000e+00 -3.33066880e-06]", "hess_inv": "[[ 3.31348027  0.79783198 -0.7406734   0.3524829  -0.82250976 -0.55645126]\n [ 0.79783198  4.25008716 -1.77482689 -0.09476668  0.19202247 -1.25776648]\n [-0.7406734  -1.77482689  5.601322    1.11442934  0.90635716 -1.38824472]\n [ 0.3524829  -0.09476668  1.11442934  2.79108573  0.14465788 -0.58671634]\n [-0.82250976  0.19202247  0.90635716  0.14465788  3.77720176 -0.82449645]\n [-0.55645126 -1.25776648 -1.38824472 -0.58671634 -0.82449645  3.69938661]]", "nfev": "203", "njev": "29", "status": "0", "success": "True", "message": "Optimization terminated successfully.", "x": "[1.22444131 1.50367091 7.3711607  1.50596486 4.41398785 4.16377403]", "nit": "19", "callback": [0.7309574207991666, 0.7274842676689283, 0.6152271360393817, 0.5734211426266438, 0.5420444527890003, 0.32063991327890984, 0.3134977985095331, 0.29983877760364686, 0.27527380436190274, 0.24042121253419713, 0.2312497432031284, 0.22983029043564895, 0.22855177382704372, 0.22828576965212855, 0.22823426581202733, 0.22821639205553246, 0.22821220300282308, 0.22821192664947043, 0.22821192084068487]}, "4": {"maxiter": 100, "gtol": 1e-10, "xrtol": 1e-05, "eps": 1e-05, "duration": 0.06281018257141113, "fun": "0.22821192082686426", "jac": "[-4.35218528e-07  7.55595586e-07  8.94539998e-07 -3.57469609e-07\n -3.61177754e-07  3.01336733e-07]", "hess_inv": "[[ 3.28362322  0.91530471 -0.94223973  0.36992349 -0.85931268 -0.60720635]\n [ 0.91530471  4.41895117 -1.94839982 -0.13981796  0.05240601 -1.32400493]\n [-0.94223973 -1.94839982  5.98029999  1.15027924  1.11992673 -1.29495361]\n [ 0.36992349 -0.13981796  1.15027924  2.94868711  0.21550887 -0.52636964]\n [-0.85931268  0.05240601  1.11992673  0.21550887  3.6664042  -0.77607483]\n [-0.60720635 -1.32400493 -1.29495361 -0.52636964 -0.77607483  3.74527253]]", "nfev": "210", "njev": "30", "status": "0", "success": "True", "message": "Optimization terminated successfully.", "x": "[1.22443189 1.50366184 7.3711649  1.50596037 4.41397907 4.16378589]", "nit": "20", "callback": [0.7309557933781994, 0.7274743583310403, 0.6150517089885021, 0.5732413232212026, 0.5420367923587949, 0.3206371384639627, 0.3135572975594926, 0.3000015860766855, 0.27558193243512885, 0.240710541817715, 0.23118417440733896, 0.2297762635399374, 0.22854560136296942, 0.22829408924499417, 0.2282374788545013, 0.22821622987869306, 0.228212403296715, 0.2282119303500123, 0.2282119209650877, 0.22821192082686426]}, "5": {"maxiter": 100, "gtol": 1e-10, "xrtol": 1e-05, "eps": 1e-10, "duration": 0.06068301200866699, "fun": "0.22821192081668074", "jac": "[-1.11022293e-06 -3.33066880e-06 -1.11022293e-06  0.00000000e+00\n -1.11022293e-06 -1.11022293e-06]", "hess_inv": "[[ 3.3761512   0.91415464 -0.83278345  0.32291586 -0.90070681 -0.63728217]\n [ 0.91415464  4.46564172 -1.94629126 -0.14939419  0.05518243 -1.40841763]\n [-0.83278345 -1.94629126  5.7359858   1.15824424  1.03313735 -1.27033228]\n [ 0.32291586 -0.14939419  1.15824424  2.80485444  0.175592   -0.54813528]\n [-0.90070681  0.05518243  1.03313735  0.175592    3.67810748 -0.70890298]\n [-0.63728217 -1.40841763 -1.27033228 -0.54813528 -0.70890298  3.80253526]]", "nfev": "210", "njev": "30", "status": "0", "success": "True", "message": "Optimization terminated successfully.", "x": "[1.22443293 1.50365575 7.37117357 1.50596853 4.41398892 4.16378554]", "nit": "20", "callback": [0.7309574207991666, 0.7274842676689283, 0.6152271360393817, 0.5734211426266438, 0.5420444527890003, 0.32063991327890984, 0.3134977985095331, 0.29983877760364686, 0.27527380436190274, 0.24042121253419713, 0.2312497432031284, 0.22983029043564895, 0.22855177382704372, 0.22828576965212855, 0.22823426581202733, 0.22821639205553246, 0.22821220300282308, 0.22821192664947043, 0.22821192084068487, 0.22821192081668074]}, "6": {"maxiter": 100, "gtol": 1e-10, "xrtol": 1e-10, "eps": 1e-05, "duration": 0.07386112213134766, "fun": "0.2282119208259643", "jac": "[-2.22044605e-11  1.11022302e-11 -1.11022302e-11 -6.66133815e-11\n -1.11022302e-11  1.11022302e-11]", "hess_inv": "[[ 3.46052016  0.88154991 -0.92501216  0.37082222 -0.91023084 -0.33576016]\n [ 0.88154991  4.58219113 -1.97676348 -0.18606342  0.1138926  -1.42778583]\n [-0.92501216 -1.97676348  5.64116053  1.19527358  1.23414327 -1.47017925]\n [ 0.37082222 -0.18606342  1.19527358  2.95747729  0.18203044 -0.48953755]\n [-0.91023084  0.1138926   1.23414327  0.18203044  3.60163291 -0.82838439]\n [-0.33576016 -1.42778583 -1.47017925 -0.48953755 -0.82838439  4.0267731 ]]", "nfev": "238", "njev": "34", "status": "0", "success": "True", "message": "Optimization terminated successfully.", "x": "[1.22443345 1.50366089 7.37116227 1.50596089 4.41397914 4.16378648]", "nit": "24", "callback": [0.7309557933781994, 0.7274743583310403, 0.6150517089885021, 0.5732413232212026, 0.5420367923587949, 0.3206371384639627, 0.3135572975594926, 0.3000015860766855, 0.27558193243512885, 0.240710541817715, 0.23118417440733896, 0.2297762635399374, 0.22854560136296942, 0.22829408924499417, 0.2282374788545013, 0.22821622987869306, 0.228212403296715, 0.2282119303500123, 0.2282119209650877, 0.22821192082686426, 0.22821192082633024, 0.22821192082603103, 0.22821192082596597, 0.2282119208259643]}, "7": {"maxiter": 100, "gtol": 1e-10, "xrtol": 1e-10, "eps": 1e-10, "duration": 0.09777998924255371, "fun": "0.22821192080891828", "jac": "[-1.11022293e-06 -1.11022293e-06  0.00000000e+00 -2.22044587e-06\n  1.11022293e-06  1.11022293e-06]", "hess_inv": "[[ 3.62967044  3.06648553 -3.09085656 -1.09015531 -4.7742947   1.58953117]\n [ 3.06648553  4.67824299 -4.66119076 -1.50510966 -4.39055728  2.15987609]\n [-3.09085656 -4.66119076  7.99458813  1.42127554  4.33043638 -2.15123424]\n [-1.09015531 -1.50510966  1.42127554  1.59770725  1.25659577  0.67686257]\n [-4.7742947  -4.39055728  4.33043638  1.25659577  7.08798956 -3.25431703]\n [ 1.58953117  2.15987609 -2.15123424  0.67686257 -3.25431703  3.4247578 ]]", "nfev": "301", "njev": "43", "status": "2", "success": "False", "message": "Desired error not necessarily achieved due to precision loss.", "x": "[1.22443452 1.50366079 7.37117159 1.50596656 4.41398767 4.16378918]", "nit": "23", "callback": [0.7309574207991666, 0.7274842676689283, 0.6152271360393817, 0.5734211426266438, 0.5420444527890003, 0.32063991327890984, 0.3134977985095331, 0.29983877760364686, 0.27527380436190274, 0.24042121253419713, 0.2312497432031284, 0.22983029043564895, 0.22855177382704372, 0.22828576965212855, 0.22823426581202733, 0.22821639205553246, 0.22821220300282308, 0.22821192664947043, 0.22821192084068487, 0.22821192081668074, 0.22821192081314878, 0.22821192080891828, 0.22821192080891828]}, "8": {"maxiter": 500, "gtol": 1e-05, "xrtol": 1e-05, "eps": 1e-05, "duration": 0.06302309036254883, "fun": "0.2282119209650877", "jac": "[ 8.78574991e-07  1.19957377e-06 -4.64279726e-06 -1.03067554e-06\n  9.66227098e-08 -5.26965138e-06]", "hess_inv": "[[ 3.18328765  0.74046524 -0.74534086  0.41511906 -0.81516557 -0.48657867]\n [ 0.74046524  4.23642684 -1.74681776 -0.07892421  0.26240506 -1.19842424]\n [-0.74534086 -1.74681776  5.75788585  1.0822833   0.8791056  -1.4336275 ]\n [ 0.41511906 -0.07892421  1.0822833   2.93094107  0.17616317 -0.56833126]\n [-0.81516557  0.26240506  0.8791056   0.17616317  3.79195717 -0.92134057]\n [-0.48657867 -1.19842424 -1.4336275  -0.56833126 -0.92134057  3.65887196]]", "nfev": "203", "njev": "29", "status": "0", "success": "True", "message": "Optimization terminated successfully.", "x": "[1.22444298 1.50368412 7.37113972 1.50595495 4.4139774  4.16377051]", "nit": "19", "callback": [0.7309557933781994, 0.7274743583310403, 0.6150517089885021, 0.5732413232212026, 0.5420367923587949, 0.3206371384639627, 0.3135572975594926, 0.3000015860766855, 0.27558193243512885, 0.240710541817715, 0.23118417440733896, 0.2297762635399374, 0.22854560136296942, 0.22829408924499417, 0.2282374788545013, 0.22821622987869306, 0.228212403296715, 0.2282119303500123, 0.2282119209650877]}, "9": {"maxiter": 500, "gtol": 1e-05, "xrtol": 1e-05, "eps": 1e-10, "duration": 0.053978919982910156, "fun": "0.22821192084068487", "jac": "[ 1.11022293e-06  1.11022293e-06 -2.22044587e-06 -1.11022293e-06\n  0.00000000e+00 -3.33066880e-06]", "hess_inv": "[[ 3.31348027  0.79783198 -0.7406734   0.3524829  -0.82250976 -0.55645126]\n [ 0.79783198  4.25008716 -1.77482689 -0.09476668  0.19202247 -1.25776648]\n [-0.7406734  -1.77482689  5.601322    1.11442934  0.90635716 -1.38824472]\n [ 0.3524829  -0.09476668  1.11442934  2.79108573  0.14465788 -0.58671634]\n [-0.82250976  0.19202247  0.90635716  0.14465788  3.77720176 -0.82449645]\n [-0.55645126 -1.25776648 -1.38824472 -0.58671634 -0.82449645  3.69938661]]", "nfev": "203", "njev": "29", "status": "0", "success": "True", "message": "Optimization terminated successfully.", "x": "[1.22444131 1.50367091 7.3711607  1.50596486 4.41398785 4.16377403]", "nit": "19", "callback": [0.7309574207991666, 0.7274842676689283, 0.6152271360393817, 0.5734211426266438, 0.5420444527890003, 0.32063991327890984, 0.3134977985095331, 0.29983877760364686, 0.27527380436190274, 0.24042121253419713, 0.2312497432031284, 0.22983029043564895, 0.22855177382704372, 0.22828576965212855, 0.22823426581202733, 0.22821639205553246, 0.22821220300282308, 0.22821192664947043, 0.22821192084068487]}, "10": {"maxiter": 500, "gtol": 1e-05, "xrtol": 1e-10, "eps": 1e-05, "duration": 0.06488704681396484, "fun": "0.2282119209650877", "jac": "[ 8.78574991e-07  1.19957377e-06 -4.64279726e-06 -1.03067554e-06\n  9.66227098e-08 -5.26965138e-06]", "hess_inv": "[[ 3.18328765  0.74046524 -0.74534086  0.41511906 -0.81516557 -0.48657867]\n [ 0.74046524  4.23642684 -1.74681776 -0.07892421  0.26240506 -1.19842424]\n [-0.74534086 -1.74681776  5.75788585  1.0822833   0.8791056  -1.4336275 ]\n [ 0.41511906 -0.07892421  1.0822833   2.93094107  0.17616317 -0.56833126]\n [-0.81516557  0.26240506  0.8791056   0.17616317  3.79195717 -0.92134057]\n [-0.48657867 -1.19842424 -1.4336275  -0.56833126 -0.92134057  3.65887196]]", "nfev": "203", "njev": "29", "status": "0", "success": "True", "message": "Optimization terminated successfully.", "x": "[1.22444298 1.50368412 7.37113972 1.50595495 4.4139774  4.16377051]", "nit": "19", "callback": [0.7309557933781994, 0.7274743583310403, 0.6150517089885021, 0.5732413232212026, 0.5420367923587949, 0.3206371384639627, 0.3135572975594926, 0.3000015860766855, 0.27558193243512885, 0.240710541817715, 0.23118417440733896, 0.2297762635399374, 0.22854560136296942, 0.22829408924499417, 0.2282374788545013, 0.22821622987869306, 0.228212403296715, 0.2282119303500123, 0.2282119209650877]}, "11": {"maxiter": 500, "gtol": 1e-05, "xrtol": 1e-10, "eps": 1e-10, "duration": 0.062029123306274414, "fun": "0.22821192084068487", "jac": "[ 1.11022293e-06  1.11022293e-06 -2.22044587e-06 -1.11022293e-06\n  0.00000000e+00 -3.33066880e-06]", "hess_inv": "[[ 3.31348027  0.79783198 -0.7406734   0.3524829  -0.82250976 -0.55645126]\n [ 0.79783198  4.25008716 -1.77482689 -0.09476668  0.19202247 -1.25776648]\n [-0.7406734  -1.77482689  5.601322    1.11442934  0.90635716 -1.38824472]\n [ 0.3524829  -0.09476668  1.11442934  2.79108573  0.14465788 -0.58671634]\n [-0.82250976  0.19202247  0.90635716  0.14465788  3.77720176 -0.82449645]\n [-0.55645126 -1.25776648 -1.38824472 -0.58671634 -0.82449645  3.69938661]]", "nfev": "203", "njev": "29", "status": "0", "success": "True", "message": "Optimization terminated successfully.", "x": "[1.22444131 1.50367091 7.3711607  1.50596486 4.41398785 4.16377403]", "nit": "19", "callback": [0.7309574207991666, 0.7274842676689283, 0.6152271360393817, 0.5734211426266438, 0.5420444527890003, 0.32063991327890984, 0.3134977985095331, 0.29983877760364686, 0.27527380436190274, 0.24042121253419713, 0.2312497432031284, 0.22983029043564895, 0.22855177382704372, 0.22828576965212855, 0.22823426581202733, 0.22821639205553246, 0.22821220300282308, 0.22821192664947043, 0.22821192084068487]}, "12": {"maxiter": 500, "gtol": 1e-10, "xrtol": 1e-05, "eps": 1e-05, "duration": 0.07234692573547363, "fun": "0.22821192082686426", "jac": "[-4.35218528e-07  7.55595586e-07  8.94539998e-07 -3.57469609e-07\n -3.61177754e-07  3.01336733e-07]", "hess_inv": "[[ 3.28362322  0.91530471 -0.94223973  0.36992349 -0.85931268 -0.60720635]\n [ 0.91530471  4.41895117 -1.94839982 -0.13981796  0.05240601 -1.32400493]\n [-0.94223973 -1.94839982  5.98029999  1.15027924  1.11992673 -1.29495361]\n [ 0.36992349 -0.13981796  1.15027924  2.94868711  0.21550887 -0.52636964]\n [-0.85931268  0.05240601  1.11992673  0.21550887  3.6664042  -0.77607483]\n [-0.60720635 -1.32400493 -1.29495361 -0.52636964 -0.77607483  3.74527253]]", "nfev": "210", "njev": "30", "status": "0", "success": "True", "message": "Optimization terminated successfully.", "x": "[1.22443189 1.50366184 7.3711649  1.50596037 4.41397907 4.16378589]", "nit": "20", "callback": [0.7309557933781994, 0.7274743583310403, 0.6150517089885021, 0.5732413232212026, 0.5420367923587949, 0.3206371384639627, 0.3135572975594926, 0.3000015860766855, 0.27558193243512885, 0.240710541817715, 0.23118417440733896, 0.2297762635399374, 0.22854560136296942, 0.22829408924499417, 0.2282374788545013, 0.22821622987869306, 0.228212403296715, 0.2282119303500123, 0.2282119209650877, 0.22821192082686426]}, "13": {"maxiter": 500, "gtol": 1e-10, "xrtol": 1e-05, "eps": 1e-10, "duration": 0.06095576286315918, "fun": "0.22821192081668074", "jac": "[-1.11022293e-06 -3.33066880e-06 -1.11022293e-06  0.00000000e+00\n -1.11022293e-06 -1.11022293e-06]", "hess_inv": "[[ 3.3761512   0.91415464 -0.83278345  0.32291586 -0.90070681 -0.63728217]\n [ 0.91415464  4.46564172 -1.94629126 -0.14939419  0.05518243 -1.40841763]\n [-0.83278345 -1.94629126  5.7359858   1.15824424  1.03313735 -1.27033228]\n [ 0.32291586 -0.14939419  1.15824424  2.80485444  0.175592   -0.54813528]\n [-0.90070681  0.05518243  1.03313735  0.175592    3.67810748 -0.70890298]\n [-0.63728217 -1.40841763 -1.27033228 -0.54813528 -0.70890298  3.80253526]]", "nfev": "210", "njev": "30", "status": "0", "success": "True", "message": "Optimization terminated successfully.", "x": "[1.22443293 1.50365575 7.37117357 1.50596853 4.41398892 4.16378554]", "nit": "20", "callback": [0.7309574207991666, 0.7274842676689283, 