{"date": "2024/09/25/, 12:43:24", "conf_id": 230, "data_type": "non_lin_ind\n", "num_data_points": 4, "s_rank": 0, "unitary": "[[-0.45070455-0.02711853j,0.78437395-0.06613086j,0.06358678+0.19963393j,-0.07343613+0.35668523j],[-0.01890143-0.03813363j,0.32408202+0.25557629j,0.05872864-0.68979805j,0.55466693-0.20227297j],[-0.11215405+0.64023111j,-0.13344055+0.29565494j,-0.49012687-0.19046288j,-0.04241254+0.44046348j],[0.55771659+0.24656916j,0.31851997-0.05798805j,0.28761525-0.34294258j,-0.56718418+0.03616933j]]", "databatch_0": {"databatch": "[[[-0.29351489+0.19676147j,0.24515437+0.10558781j,0.050051+0.19855146j,-0.06301487-0.11610917j],[-0.31061279+0.31960625j,0.27531907+0.23349544j,-0.09400656+0.05585066j,-0.10988982-0.17314049j],[-0.0148504+0.3606831j,0.25950549-0.01270075j,-0.03975379-0.09350957j,-0.10614934+0.20709392j],[-0.07086704+0.23501733j,0.1086956-0.05009911j,0.09322175+0.02936887j,0.05112403-0.11181116j]],[[-0.09751575+0.02573613j,-0.11636794+0.08967315j,0.40117371+0.14483097j,-0.16397102+0.15967146j],[-0.32514703-0.38647723j,0.00083309+0.03085657j,0.29926316+0.3592201j,-0.00718979+0.14119164j],[-0.13129599+0.0038459j,-0.06449798+0.10033243j,-0.06090996-0.10850029j,0.10795945-0.07909195j],[0.11718913-0.20056328j,0.0854887+0.17150703j,0.14843217+0.0637362j,-0.06067626+0.23236681j]],[[0.07341645+0.01574983j,0.02275852+0.23001311j,-0.02671332-0.09865764j,0.17515761+0.1685421j],[0.10231958-0.11500065j,0.3096771+0.03370724j,0.19151971+0.10291038j,-0.09426946+0.18991436j],[-0.2506853+0.19998579j,-0.01494465+0.05501806j,0.14220596-0.34540957j,0.17004284+0.05554319j],[0.30574896+0.03896137j,0.36922645+0.26933877j,-0.28667762+0.14585967j,0.06288909-0.1773311j]],[[0.03652485-0.15013123j,-0.18044772+0.07926963j,-0.20930695+0.27666299j,-0.06373363+0.07097706j],[-0.12800435-0.18935595j,-0.43161286-0.03682762j,-0.15698142-0.14524918j,0.19550408+0.19899599j],[0.17862668-0.11369192j,0.09376955+0.14792747j,0.13203372+0.23037982j,0.27227882+0.22016489j],[-0.15648798-0.32008053j,-0.09684772-0.15889827j,0.29956323+0.03285412j,0.06220571+0.11609113j]]]", "initial param values": "[5.51773845,4.55765093,4.4601151,1.19398102,1.91147986,1.09985209]", "nelder_mead": {"type": "gradient-free", "0": {"maxiter": 100, "fatol": 1e-05, "xatol": 1e-05, "duration": 0.03677082061767578, "fun": "0.5681882713078267", "nit": "100", "nfev": "152", "status": "2", "success": "False", "message": "Maximum number of iterations has been exceeded.", "x": "[ 4.9746988   5.81357245  3.5613942  -0.01800096  3.12847178  0.73207715]", "final_simplex": "(array([[ 4.97469880e+00,  5.81357245e+00,  3.56139420e+00,\n        -1.80009596e-02,  3.12847178e+00,  7.32077147e-01],\n       [ 4.97424132e+00,  5.72927984e+00,  3.65867718e+00,\n        -1.90929409e-03,  3.17158398e+00,  7.26746859e-01],\n       [ 5.02165427e+00,  5.82633781e+00,  3.43682195e+00,\n        -4.05404484e-02,  3.17282424e+00,  7.55810245e-01],\n       [ 5.01003354e+00,  5.75047131e+00,  3.60992123e+00,\n        -2.92225571e-02,  3.16919062e+00,  8.13975007e-01],\n       [ 4.92962291e+00,  5.80365562e+00,  3.51894262e+00,\n        -1.95005443e-02,  3.18984674e+00,  7.48859146e-01],\n       [ 5.00836787e+00,  5.89265394e+00,  3.50245541e+00,\n        -3.20511884e-02,  3.17970975e+00,  8.08145730e-01],\n       [ 5.09901693e+00,  5.90146929e+00,  3.54240350e+00,\n        -1.05957612e-01,  3.20817618e+00,  7.74656081e-01]]), array([0.56818827, 0.5689529 , 0.56953294, 0.56962266, 0.56967765,\n       0.56976075, 0.57047927]))", "callback": [0.8331026114676616, 0.7115223211024493, 0.6653900378805386, 0.6361505651849005, 0.6148543371690972, 0.5912082593480927, 0.5865666018257016, 0.5786661600123537, 0.5740254050611808, 0.5696226561862612]}, "1": {"maxiter": 100, "fatol": 1e-05, "xatol": 1e-10, "duration": 0.035978078842163086, "fun": "0.5681882713078267", "nit": "100", "nfev": "152", "status": "2", "success": "False", "message": "Maximum number of iterations has been exceeded.", "x": "[ 4.9746988   5.81357245  3.5613942  -0.01800096  3.12847178  0.73207715]", "final_simplex": "(array([[ 4.97469880e+00,  5.81357245e+00,  3.56139420e+00,\n        -1.80009596e-02,  3.12847178e+00,  7.32077147e-01],\n       [ 4.97424132e+00,  5.72927984e+00,  3.65867718e+00,\n        -1.90929409e-03,  3.17158398e+00,  7.26746859e-01],\n       [ 5.02165427e+00,  5.82633781e+00,  3.43682195e+00,\n        -4.05404484e-02,  3.17282424e+00,  7.55810245e-01],\n       [ 5.01003354e+00,  5.75047131e+00,  3.60992123e+00,\n        -2.92225571e-02,  3.16919062e+00,  8.13975007e-01],\n       [ 4.92962291e+00,  5.80365562e+00,  3.51894262e+00,\n        -1.95005443e-02,  3.18984674e+00,  7.48859146e-01],\n       [ 5.00836787e+00,  5.89265394e+00,  3.50245541e+00,\n        -3.20511884e-02,  3.17970975e+00,  8.08145730e-01],\n       [ 5.09901693e+00,  5.90146929e+00,  3.54240350e+00,\n        -1.05957612e-01,  3.20817618e+00,  7.74656081e-01]]), array([0.56818827, 0.5689529 , 0.56953294, 0.56962266, 0.56967765,\n       0.56976075, 0.57047927]))", "callback": [0.8331026114676616, 0.7115223211024493, 0.6653900378805386, 0.6361505651849005, 0.6148543371690972, 0.5912082593480927, 0.5865666018257016, 0.5786661600123537, 0.5740254050611808, 0.5696226561862612]}, "2": {"maxiter": 100, "fatol": 1e-10, "xatol": 1e-05, "duration": 0.03679513931274414, "fun": "0.5681882713078267", "nit": "100", "nfev": "152", "status": "2", "success": "False", "message": "Maximum number of iterations has been exceeded.", "x": "[ 4.9746988   5.81357245  3.5613942  -0.01800096  3.12847178  0.73207715]", "final_simplex": "(array([[ 4.97469880e+00,  5.81357245e+00,  3.56139420e+00,\n        -1.80009596e-02,  3.12847178e+00,  7.32077147e-01],\n       [ 4.97424132e+00,  5.72927984e+00,  3.65867718e+00,\n        -1.90929409e-03,  3.17158398e+00,  7.26746859e-01],\n       [ 5.02165427e+00,  5.82633781e+00,  3.43682195e+00,\n        -4.05404484e-02,  3.17282424e+00,  7.55810245e-01],\n       [ 5.01003354e+00,  5.75047131e+00,  3.60992123e+00,\n        -2.92225571e-02,  3.16919062e+00,  8.13975007e-01],\n       [ 4.92962291e+00,  5.80365562e+00,  3.51894262e+00,\n        -1.95005443e-02,  3.18984674e+00,  7.48859146e-01],\n       [ 5.00836787e+00,  5.89265394e+00,  3.50245541e+00,\n        -3.20511884e-02,  3.17970975e+00,  8.08145730e-01],\n       [ 5.09901693e+00,  5.90146929e+00,  3.54240350e+00,\n        -1.05957612e-01,  3.20817618e+00,  7.74656081e-01]]), array([0.56818827, 0.5689529 , 0.56953294, 0.56962266, 0.56967765,\n       0.56976075, 0.57047927]))", "callback": [0.8331026114676616, 0.7115223211024493, 0.6653900378805386, 0.6361505651849005, 0.6148543371690972, 0.5912082593480927, 0.5865666018257016, 0.5786661600123537, 0.5740254050611808, 0.5696226561862612]}, "3": {"maxiter": 100, "fatol": 1e-10, "xatol": 1e-10, "duration": 0.033323049545288086, "fun": "0.5681882713078267", "nit": "100", "nfev": "152", "status": "2", "success": "False", "message": "Maximum number of iterations has been exceeded.", "x": "[ 4.9746988   5.81357245  3.5613942  -0.01800096  3.12847178  0.73207715]", "final_simplex": "(array([[ 4.97469880e+00,  5.81357245e+00,  3.56139420e+00,\n        -1.80009596e-02,  3.12847178e+00,  7.32077147e-01],\n       [ 4.97424132e+00,  5.72927984e+00,  3.65867718e+00,\n        -1.90929409e-03,  3.17158398e+00,  7.26746859e-01],\n       [ 5.02165427e+00,  5.82633781e+00,  3.43682195e+00,\n        -4.05404484e-02,  3.17282424e+00,  7.55810245e-01],\n       [ 5.01003354e+00,  5.75047131e+00,  3.60992123e+00,\n        -2.92225571e-02,  3.16919062e+00,  8.13975007e-01],\n       [ 4.92962291e+00,  5.80365562e+00,  3.51894262e+00,\n        -1.95005443e-02,  3.18984674e+00,  7.48859146e-01],\n       [ 5.00836787e+00,  5.89265394e+00,  3.50245541e+00,\n        -3.20511884e-02,  3.17970975e+00,  8.08145730e-01],\n       [ 5.09901693e+00,  5.90146929e+00,  3.54240350e+00,\n        -1.05957612e-01,  3.20817618e+00,  7.74656081e-01]]), array([0.56818827, 0.5689529 , 0.56953294, 0.56962266, 0.56967765,\n       0.56976075, 0.57047927]))", "callback": [0.8331026114676616, 0.7115223211024493, 0.6653900378805386, 0.6361505651849005, 0.6148543371690972, 0.5912082593480927, 0.5865666018257016, 0.5786661600123537, 0.5740254050611808, 0.5696226561862612]}, "4": {"maxiter": 500, "fatol": 1e-05, "xatol": 1e-05, "duration": 0.13350486755371094, "fun": "0.36873749075723394", "nit": "380", "nfev": "590", "status": "0", "success": "True", "message": "Optimization terminated successfully.", "x": "[ 4.9562731   4.42775582  3.3556453   1.56620688  3.96743276 -0.90923159]", "final_simplex": "(array([[ 4.9562731 ,  4.42775582,  3.3556453 ,  1.56620688,  3.96743276,\n        -0.90923159],\n       [ 4.95626543,  4.42775502,  3.3556436 ,  1.56620318,  3.96742953,\n        -0.90922811],\n       [ 4.95626784,  4.42776047,  3.35564003,  1.5662019 ,  3.967423  ,\n        -0.90923589],\n       [ 4.95626951,  4.42776254,  3.35563946,  1.56620658,  3.96743583,\n        -0.90923039],\n       [ 4.95626945,  4.42775456,  3.35563825,  1.56620411,  3.96743058,\n        -0.90922967],\n       [ 4.95626697,  4.42775229,  3.35564118,  1.56620931,  3.96742921,\n        -0.90923801],\n       [ 4.95626744,  4.4277568 ,  3.35563995,  1.56621147,  3.9674228 ,\n        -0.90923239]]), array([0.36873749, 0.36873749, 0.36873749, 0.36873749, 0.36873749,\n       0.36873749, 0.36873749]))", "callback": [0.8331026114676616, 0.7115223211024493, 0.6653900378805386, 0.6361505651849005, 0.6148543371690972, 0.5912082593480927, 0.5865666018257016, 0.5786661600123537, 0.5740254050611808, 0.5696226561862612, 0.5679046518065404, 0.5581126977487164, 0.5442194622736458, 0.5359772591086495, 0.5205787662248823, 0.47997414538459426, 0.40662367022577994, 0.39098182166147377, 0.38314452066548743, 0.3794581416360967, 0.37763404694191305, 0.376527402565934, 0.37345068072537424, 0.3707687135201717, 0.36916253441872326, 0.3689234455355499, 0.368761655711519, 0.3687451905246075, 0.36873876314666987, 0.36873773163614054, 0.368737578193275, 0.3687375071781256, 0.3687375071781256, 0.3687374959265012, 0.36873749257473787, 0.36873749113311616, 0.3687374908602564, 0.36873749077431095]}, "5": {"maxiter": 500, "fatol": 1e-05, "xatol": 1e-10, "duration": 0.18440008163452148, "fun": "0.3687374907527119", "nit": "481", "nfev": "817", "status": "0", "success": "True", "message": "Optimization terminated successfully.", "x": "[ 4.95626873  4.42776     3.35564165  1.56620336  3.96742995 -0.90923186]", "final_simplex": "(array([[ 4.95626873,  4.42776   ,  3.35564165,  1.56620336,  3.96742995,\n        -0.90923186],\n       [ 4.95626873,  4.42776   ,  3.35564165,  1.56620336,  3.96742995,\n        -0.90923186],\n       [ 4.95626873,  4.42776   ,  3.35564165,  1.56620336,  3.96742995,\n        -0.90923186],\n       [ 4.95626873,  4.42776   ,  3.35564165,  1.56620336,  3.96742995,\n        -0.90923186],\n       [ 4.95626873,  4.42776   ,  3.35564165,  1.56620336,  3.96742995,\n        -0.90923186],\n       [ 4.95626873,  4.42776   ,  3.35564165,  1.56620336,  3.96742995,\n        -0.90923186],\n       [ 4.95626873,  4.42776   ,  3.35564165,  1.56620336,  3.96742995,\n        -0.90923186]]), array([0.36873749, 0.36873749, 0.36873749, 0.36873749, 0.36873749,\n       0.36873749, 0.36873749]))", "callback": [0.8331026114676616, 0.7115223211024493, 0.6653900378805386, 0.6361505651849005, 0.6148543371690972, 0.5912082593480927, 0.5865666018257016, 0.5786661600123537, 0.5740254050611808, 0.5696226561862612, 0.5679046518065404, 0.5581126977487164, 0.5442194622736458, 0.5359772591086495, 0.5205787662248823, 0.47997414538459426, 0.40662367022577994, 0.39098182166147377, 0.38314452066548743, 0.3794581416360967, 0.37763404694191305, 0.376527402565934, 0.37345068072537424, 0.3707687135201717, 0.36916253441872326, 0.3689234455355499, 0.368761655711519, 0.3687451905246075, 0.36873876314666987, 0.36873773163614054, 0.368737578193275, 0.3687375071781256, 0.3687375071781256, 0.3687374959265012, 0.36873749257473787, 0.36873749113311616, 0.3687374908602564, 0.36873749077431095, 0.3687374907553792, 0.36873749075323625, 0.3687374907528643, 0.3687374907527484, 0.36873749075271867, 0.36873749075271367, 0.36873749075271234, 0.3687374907527119, 0.3687374907527119, 0.3687374907527119, 0.3687374907527119]}, "6": {"maxiter": 500, "fatol": 1e-10, "xatol": 1e-05, "duration": 0.14717888832092285, "fun": "0.36873749075723394", "nit": "380", "nfev": "590", "status": "0", "success": "True", "message": "Optimization terminated successfully.", "x": "[ 4.9562731   4.42775582  3.3556453   1.56620688  3.96743276 -0.90923159]", "final_simplex": "(array([[ 4.9562731 ,  4.42775582,  3.3556453 ,  1.56620688,  3.96743276,\n        -0.90923159],\n       [ 4.95626543,  4.42775502,  3.3556436 ,  1.56620318,  3.96742953,\n        -0.90922811],\n       [ 4.95626784,  4.42776047,  3.35564003,  1.5662019 ,  3.967423  ,\n        -0.90923589],\n       [ 4.95626951,  4.42776254,  3.35563946,  1.56620658,  3.96743583,\n        -0.90923039],\n       [ 4.95626945,  4.42775456,  3.35563825,  1.56620411,  3.96743058,\n        -0.90922967],\n       [ 4.95626697,  4.42775229,  3.35564118,  1.56620931,  3.96742921,\n        -0.90923801],\n       [ 4.95626744,  4.4277568 ,  3.35563995,  1.56621147,  3.9674228 ,\n        -0.90923239]]), array([0.36873749, 0.36873749, 0.36873749, 0.36873749, 0.36873749,\n       0.36873749, 0.36873749]))", "callback": [0.8331026114676616, 0.7115223211024493, 0.6653900378805386, 0.6361505651849005, 0.6148543371690972, 0.5912082593480927, 0.5865666018257016, 0.5786661600123537, 0.5740254050611808, 0.5696226561862612, 0.5679046518065404, 0.5581126977487164, 0.5442194622736458, 0.5359772591086495, 0.5205787662248823, 0.47997414538459426, 0.40662367022577994, 0.39098182166147377, 0.38314452066548743, 0.3794581416360967, 0.37763404694191305, 0.376527402565934, 0.37345068072537424, 0.3707687135201717, 0.36916253441872326, 0.3689234455355499, 0.368761655711519, 0.3687451905246075, 0.36873876314666987, 0.36873773163614054, 0.368737578193275, 0.3687375071781256, 0.3687375071781256, 0.3687374959265012, 0.36873749257473787, 0.36873749113311616, 0.3687374908602564, 0.36873749077431095]}, "7": {"maxiter": 500, "fatol": 1e-10, "xatol": 1e-10, "duration": 0.19346094131469727, "fun": "0.3687374907527119", "nit": "481", "nfev": "817", "status": "0", "success": "True", "message": "Optimization terminated successfully.", "x": "[ 4.95626873  4.42776     3.35564165  1.56620336  3.96742995 -0.90923186]", "final_simplex": "(array([[ 4.95626873,  4.42776   ,  3.35564165,  1.56620336,  3.96742995,\n        -0.90923186],\n       [ 4.95626873,  4.42776   ,  3.35564165,  1.56620336,  3.96742995,\n        -0.90923186],\n       [ 4.95626873,  4.42776   ,  3.35564165,  1.56620336,  3.96742995,\n        -0.90923186],\n       [ 4.95626873,  4.42776   ,  3.35564165,  1.56620336,  3.96742995,\n        -0.90923186],\n       [ 4.95626873,  4.42776   ,  3.35564165,  1.56620336,  3.96742995,\n        -0.90923186],\n       [ 4.95626873,  4.42776   ,  3.35564165,  1.56620336,  3.96742995,\n        -0.90923186],\n       [ 4.95626873,  4.42776   ,  3.35564165,  1.56620336,  3.96742995,\n        -0.90923186]]), array([0.36873749, 0.36873749, 0.36873749, 0.36873749, 0.36873749,\n       0.36873749, 0.36873749]))", "callback": [0.8331026114676616, 0.7115223211024493, 0.6653900378805386, 0.6361505651849005, 0.6148543371690972, 0.5912082593480927, 0.5865666018257016, 0.5786661600123537, 0.5740254050611808, 0.5696226561862612, 0.5679046518065404, 0.5581126977487164, 0.5442194622736458, 0.5359772591086495, 0.5205787662248823, 0.47997414538459426, 0.40662367022577994, 0.39098182166147377, 0.38314452066548743, 0.3794581416360967, 0.37763404694191305, 0.376527402565934, 0.37345068072537424, 0.3707687135201717, 0.36916253441872326, 0.3689234455355499, 0.368761655711519, 0.3687451905246075, 0.36873876314666987, 0.36873773163614054, 0.368737578193275, 0.3687375071781256, 0.3687375071781256, 0.3687374959265012, 0.36873749257473787, 0.36873749113311616, 0.3687374908602564, 0.36873749077431095, 0.3687374907553792, 0.36873749075323625, 0.3687374907528643, 0.3687374907527484, 0.36873749075271867, 0.36873749075271367, 0.36873749075271234, 0.3687374907527119, 0.3687374907527119, 0.3687374907527119, 0.3687374907527119]}, "8": {"maxiter": 1000, "fatol": 1e-05, "xatol": 1e-05, "duration": 0.1371002197265625, "fun": "0.36873749075723394", "nit": "380", "nfev": "590", "status": "0", "success": "True", "message": "Optimization terminated successfully.", "x": "[ 4.9562731   4.42775582  3.3556453   1.56620688  3.96743276 -0.90923159]", "final_simplex": "(array([[ 4.9562731 ,  4.42775582,  3.3556453 ,  1.56620688,  3.96743276,\n        -0.90923159],\n       [ 4.95626543,  4.42775502,  3.3556436 ,  1.56620318,  3.96742953,\n        -0.90922811],\n       [ 4.95626784,  4.42776047,  3.35564003,  1.5662019 ,  3.967423  ,\n        -0.90923589],\n       [ 4.95626951,  4.42776254,  3.35563946,  1.56620658,  3.96743583,\n        -0.90923039],\n       [ 4.95626945,  4.42775456,  3.35563825,  1.56620411,  3.96743058,\n        -0.90922967],\n       [ 4.95626697,  4.42775229,  3.35564118,  1.56620931,  3.96742921,\n        -0.90923801],\n       [ 4.95626744,  4.4277568 ,  3.35563995,  1.56621147,  3.9674228 ,\n        -0.90923239]]), array([0.36873749, 0.36873749, 0.36873749, 0.36873749, 0.36873749,\n       0.36873749, 0.36873749]))", "callback": [0.8331026114676616, 0.7115223211024493, 0.6653900378805386, 0.6361505651849005, 0.6148543371690972, 0.5912082593480927, 0.5865666018257016, 0.5786661600123537, 0.5740254050611808, 0.5696226561862612, 0.5679046518065404, 0.5581126977487164, 0.5442194622736458, 0.5359772591086495, 0.5205787662248823, 0.47997414538459426, 0.40662367022577994, 0.39098182166147377, 0.38314452066548743, 0.3794581416360967, 0.37763404694191305, 0.376527402565934, 0.37345068072537424, 0.3707687135201717, 0.36916253441872326, 0.3689234455355499, 0.368761655711519, 0.3687451905246075, 0.36873876314666987, 0.36873773163614054, 0.368737578193275, 0.3687375071781256, 0.3687375071781256, 0.3687374959265012, 0.36873749257473787, 0.36873749113311616, 0.3687374908602564, 0.36873749077431095]}, "9": {"maxiter": 1000, "fatol": 1e-05, "xatol": 1e-10, "duration": 0.19661593437194824, "fun": "0.3687374907527119", "nit": "481", "nfev": "817", "status": "0", "success": "True", "message": "Optimization terminated successfully.", "x": "[ 4.95626873  4.42776     3.35564165  1.56620336  3.96742995 -0.90923186]", "final_simplex": "(array([[ 4.95626873,  4.42776   ,  3.35564165,  1.56620336,  3.96742995,\n        -0.90923186],\n       [ 4.95626873,  4.42776   ,  3.35564165,  1.56620336,  3.96742995,\n        -0.90923186],\n       [ 4.95626873,  4.42776   ,  3.35564165,  1.56620336,  3.96742995,\n        -0.90923186],\n       [ 4.95626873,  4.42776   ,  3.35564165,  1.56620336,  3.96742995,\n        -0.90923186],\n       [ 4.95626873,  4.42776   ,  3.35564165,  1.56620336,  3.96742995,\n        -0.90923186],\n       [ 4.95626873,  4.42776   ,  3.35564165,  1.56620336,  3.96742995,\n        -0.90923186],\n       [ 4.95626873,  4.42776   ,  3.35564165,  1.56620336,  3.96742995,\n        -0.90923186]]), array([0.36873749, 0.36873749, 0.36873749, 0.36873749, 0.36873749,\n       0.36873749, 0.36873749]))", "callback": [0.8331026114676616, 0.7115223211024493, 0.6653900378805386, 0.6361505651849005, 0.6148543371690972, 0.5912082593480927, 0.5865666018257016, 0.5786661600123537, 0.5740254050611808, 0.5696226561862612, 0.5679046518065404, 0.5581126977487164, 0.5442194622736458, 0.5359772591086495, 0.5205787662248823, 0.47997414538459426, 0.40662367022577994, 0.39098182166147377, 0.38314452066548743, 0.3794581416360967, 0.37763404694191305, 0.376527402565934, 0.37345068072537424, 0.3707687135201717, 0.36916253441872326, 0.3689234455355499, 0.368761655711519, 0.3687451905246075, 0.36873876314666987, 0.36873773163614054, 0.368737578193275, 0.3687375071781256, 0.3687375071781256, 0.3687374959265012, 0.36873749257473787, 0.36873749113311616, 0.3687374908602564, 0.36873749077431095, 0.3687374907553792, 0.36873749075323625, 0.3687374907528643, 0.3687374907527484, 0.36873749075271867, 0.36873749075271367, 0.36873749075271234, 0.3687374907527119, 0.3687374907527119, 0.3687374907527119, 0.3687374907527119]}, "10": {"maxiter": 1000, "fatol": 1e-10, "xatol": 1e-05, "duration": 0.13536906242370605, "fun": "0.36873749075723394", "nit": "380", "nfev": "590", "status": "0", "success": "True", "message": "Optimization terminated successfully.", "x": "[ 4.9562731   4.42775582  3.3556453   1.56620688  3.96743276 -0.90923159]", "final_simplex": "(array([[ 4.9562731 ,  4.42775582,  3.3556453 ,  1.56620688,  3.96743276,\n        -0.90923159],\n       [ 4.95626543,  4.42775502,  3.3556436 ,  1.56620318,  3.96742953,\n        -0.90922811],\n       [ 4.95626784,  4.42776047,  3.35564003,  1.5662019 ,  3.967423  ,\n        -0.90923589],\n       [ 4.95626951,  4.42776254,  3.35563946,  1.56620658,  3.96743583,\n        -0.90923039],\n       [ 4.95626945,  4.42775456,  3.35563825,  1.56620411,  3.96743058,\n        -0.90922967],\n       [ 4.95626697,  4.42775229,  3.35564118,  1.56620931,  3.96742921,\n        -0.90923801],\n       [ 4.95626744,  4.4277568 ,  3.35563995,  1.56621147,  3.9674228 ,\n        -0.90923239]]), array([0.36873749, 0.36873749, 0.36873749, 0.36873749, 0.36873749,\n       0.36873749, 0.36873749]))", "callback": [0.8331026114676616, 0.7115223211024493, 0.6653900378805386, 0.6361505651849005, 0.6148543371690972, 0.5912082593480927, 0.5865666018257016, 0.5786661600123537, 0.5740254050611808, 0.5696226561862612, 0.5679046518065404, 0.5581126977487164, 0.5442194622736458, 0.5359772591086495, 0.5205787662248823, 0.47997414538459426, 0.40662367022577994, 0.39098182166147377, 0.38314452066548743, 0.3794581416360967, 0.37763404694191305, 0.376527402565934, 0.37345068072537424, 0.3707687135201717, 0.36916253441872326, 0.3689234455355499, 0.368761655711519, 0.3687451905246075, 0.36873876314666987, 0.36873773163614054, 0.368737578193275, 0.3687375071781256, 0.3687375071781256, 0.3687374959265012, 0.36873749257473787, 0.36873749113311616, 0.3687374908602564, 0.36873749077431095]}, "11": {"maxiter": 1000, "fatol": 1e-10, "xatol": 1e-10, "duration": 0.18892431259155273, "fun": "0.3687374907527119", "nit": "481", "nfev": "817", "status": "0", "success": "True", "message": "Optimization terminated successfully.", "x": "[ 4.95626873  4.42776     3.35564165  1.56620336  3.96742995 -0.90923186]", "final_simplex": "(array([[ 4.95626873,  4.42776   ,  3.35564165,  1.56620336,  3.96742995,\n        -0.90923186],\n       [ 4.95626873,  4.42776   ,  3.35564165,  1.56620336,  3.96742995,\n        -0.90923186],\n       [ 4.95626873,  4.42776   ,  3.35564165,  1.56620336,  3.96742995,\n        -0.90923186],\n       [ 4.95626873,  4.42776   ,  3.35564165,  1.56620336,  3.96742995,\n        -0.90923186],\n       [ 4.95626873,  4.42776   ,  3.35564165,  1.56620336,  3.96742995,\n        -0.90923186],\n       [ 4.95626873,  4.42776   ,  3.35564165,  1.56620336,  3.96742995,\n        -0.90923186],\n       [ 4.95626873,  4.42776   ,  3.35564165,  1.56620336,  3.96742995,\n        -0.90923186]]), array([0.36873749, 0.36873749, 0.36873749, 0.36873749, 0.36873749,\n       0.36873749, 0.36873749]))", "callback": [0.8331026114676616, 0.7115223211024493, 0.6653900378805386, 0.6361505651849005, 0.6148543371690972, 0.5912082593480927, 0.5865666018257016, 0.5786661600123537, 0.5740254050611808, 0.5696226561862612, 0.5679046518065404, 0.5581126977487164, 0.5442194622736458, 0.5359772591086495, 0.5205787662248823, 0.47997414538459426, 0.40662367022577994, 0.39098182166147377, 0.38314452066548743, 0.3794581416360967, 0.37763404694191305, 0.376527402565934, 0.37345068072537424, 0.3707687135201717, 0.36916253441872326, 0.3689234455355499, 0.368761655711519, 0.3687451905246075, 0.36873876314666987, 0.36873773163614054, 0.368737578193275, 0.3687375071781256, 0.3687375071781256, 0.3687374959265012, 0.36873749257473787, 0.36873749113311616, 0.3687374908602564, 0.36873749077431095, 0.3687374907553792, 0.36873749075323625, 0.3687374907528643, 0.3687374907527484, 0.36873749075271867, 0.36873749075271367, 0.36873749075271234, 0.3687374907527119, 0.3687374907527119, 0.3687374907527119, 0.3687374907527119]}}, "bfgs": {"type": "gradient", "0": {"maxiter": 100, "gtol": 1e-05, "xrtol": 1e-05, "eps": 1e-05, "duration": 0.04162478446960449, "fun": "0.3687374910367829", "jac": "[-6.24567065e-06  2.93863822e-06 -2.04335437e-06  9.77660175e-06\n  6.36877218e-06  5.95536953e-06]", "hess_inv": "[[ 3.71035755 -0.25146889  0.11418918  1.15249249  0.49187305 -0.13870957]\n [-0.25146889  8.71995681 -2.82190218 -3.72630014 -0.24087322  1.6412332 ]\n [ 0.11418918 -2.82190218  4.72312432  0.98372708  1.21165724  0.20062503]\n [ 1.15249249 -3.72630014  0.98372708  4.84356279  0.02121665 -1.01791225]\n [ 0.49187305 -0.24087322  1.21165724  0.02121665  4.23563524  0.2399086 ]\n [-0.13870957  1.6412332   0.20062503 -1.01791225  0.2399086   3.78658678]]", "nfev": "175", "njev": "25", "status": "0", "success": "True", "message": "Optimization terminated successfully.", "x": "[ 4.95624806  4.42776474  3.35563411  1.56622512  3.96745056 -0.90921283]", "nit": "21", "callback": [0.6083423784374605, 0.5953486695888488, 0.5728732914725536, 0.5418995863884508, 0.5244780537874413, 0.5060590306568888, 0.4881632007087938, 0.4543077065767229, 0.40033841273082793, 0.3833490627946462, 0.37444761956935624, 0.37017567685036445, 0.36900250852919236, 0.3688535215381732, 0.3687680752730367, 0.36874508724705746, 0.3687395999693711, 0.3687387808752902, 0.36873769389307554, 0.36873749970404635, 0.3687374910367829]}, "1": {"maxiter": 100, "gtol": 1e-05, "xrtol": 1e-05, "eps": 1e-10, "duration": 0.043251991271972656, "fun": "0.36873749081589313", "jac": "[-1.11022293e-06 -4.44089173e-06 -3.33066880e-06 -2.22044587e-06\n -6.66133760e-06 -2.22044587e-06]", "hess_inv": "[[ 3.53034973e+00 -1.93548167e-01 -6.87273429e-02  9.17435546e-01\n   5.52226947e-03 -4.16339764e-01]\n [-1.93548167e-01  8.70813052e+00 -2.75216724e+00 -3.60072385e+00\n  -2.77753287e-02  1.77316147e+00]\n [-6.87273429e-02 -2.75216724e+00  4.59516506e+00  9.34227098e-01\n   1.00389216e+00  1.10969340e-01]\n [ 9.17435546e-01 -3.60072385e+00  9.34227098e-01  5.16314181e+00\n   3.01458745e-01 -7.37318689e-01]\n [ 5.52226947e-03 -2.77753287e-02  1.00389216e+00  3.01458745e-01\n   4.26108058e+00  4.25044285e-01]\n [-4.16339764e-01  1.77316147e+00  1.10969340e-01 -7.37318689e-01\n   4.25044285e-01  4.00698221e+00]]", "nfev": "182", "njev": "26", "status": "0", "success": "True", "message": "Optimization terminated successfully.", "x": "[ 4.95626367  4.42775224  3.35563613  1.56619463  3.96741287 -0.90924247]", "nit": "22", "callback": [0.6083427896542534, 0.5953490197347784, 0.5728738825570041, 0.5419001610724792, 0.5244793081408201, 0.5060603279353644, 0.48816458343566493, 0.4543086752926768, 0.4003384667942227, 0.38334811880997244, 0.37444735796843154, 0.3701758248263469, 0.3690029558874989, 0.3688541576789428, 0.368768077800527, 0.3687450788337605, 0.3687395912311978, 0.3687387728317949, 0.3687376966511573, 0.3687375002921178, 0.36873749121059707, 0.36873749081589313]}, "2": {"maxiter": 100, "gtol": 1e-05, "xrtol": 1e-10, "eps": 1e-05, "duration": 0.041535139083862305, "fun": "0.3687374910367829", "jac": "[-6.24567065e-06  2.93863822e-06 -2.04335437e-06  9.77660175e-06\n  6.36877218e-06  5.95536953e-06]", "hess_inv": "[[ 3.71035755 -0.25146889  0.11418918  1.15249249  0.49187305 -0.13870957]\n [-0.25146889  8.71995681 -2.82190218 -3.72630014 -0.24087322  1.6412332 ]\n [ 0.11418918 -2.82190218  4.72312432  0.98372708  1.21165724  0.20062503]\n [ 1.15249249 -3.72630014  0.98372708  4.84356279  0.02121665 -1.01791225]\n [ 0.49187305 -0.24087322  1.21165724  0.02121665  4.23563524  0.2399086 ]\n [-0.13870957  1.6412332   0.20062503 -1.01791225  0.2399086   3.78658678]]", "nfev": "175", "njev": "25", "status": "0", "success": "True", "message": "Optimization terminated successfully.", "x": "[ 4.95624806  4.42776474  3.35563411  1.56622512  3.96745056 -0.90921283]", "nit": "21", "callback": [0.6083423784374605, 0.5953486695888488, 0.5728732914725536, 0.5418995863884508, 0.5244780537874413, 0.5060590306568888, 0.4881632007087938, 0.4543077065767229, 0.40033841273082793, 0.3833490627946462, 0.37444761956935624, 0.37017567685036445, 0.36900250852919236, 0.3688535215381732, 0.3687680752730367, 0.36874508724705746, 0.3687395999693711, 0.3687387808752902, 0.36873769389307554, 0.36873749970404635, 0.3687374910367829]}, "3": {"maxiter": 100, "gtol": 1e-05, "xrtol": 1e-10, "eps": 1e-10, "duration": 0.04476809501647949, "fun": "0.36873749081589313", "jac": "[-1.11022293e-06 -4.44089173e-06 -3.33066880e-06 -2.22044587e-06\n -6.66133760e-06 -2.22044587e-06]", "hess_inv": "[[ 3.53034973e+00 -1.93548167e-01 -6.87273429e-02  9.17435546e-01\n   5.52226947e-03 -4.16339764e-01]\n [-1.93548167e-01  8.70813052e+00 -2.75216724e+00 -3.60072385e+00\n  -2.77753287e-02  1.77316147e+00]\n [-6.87273429e-02 -2.75216724e+00  4.59516506e+00  9.34227098e-01\n   1.00389216e+00  1.10969340e-01]\n [ 9.17435546e-01 -3.60072385e+00  9.34227098e-01  5.16314181e+00\n   3.01458745e-01 -7.37318689e-01]\n [ 5.52226947e-03 -2.77753287e-02  1.00389216e+00  3.01458745e-01\n   4.26108058e+00  4.25044285e-01]\n [-4.16339764e-01  1.77316147e+00  1.10969340e-01 -7.37318689e-01\n   4.25044285e-01  4.00698221e+00]]", "nfev": "182", "njev": "26", "status": "0", "success": "True", "message": "Optimization terminated successfully.", "x": "[ 4.95626367  4.42775224  3.35563613  1.56619463  3.96741287 -0.90924247]", "nit": "22", "callback": [0.6083427896542534, 0.5953490197347784, 0.5728738825570041, 0.5419001610724792, 0.5244793081408201, 0.5060603279353644, 0.48816458343566493, 0.4543086752926768, 0.4003384667942227, 0.38334811880997244, 0.37444735796843154, 0.3701758248263469, 0.3690029558874989, 0.3688541576789428, 0.368768077800527, 0.3687450788337605, 0.3687395912311978, 0.3687387728317949, 0.3687376966511573, 0.3687375002921178, 0.36873749121059707, 0.36873749081589313]}, "4": {"maxiter": 100, "gtol": 1e-10, "xrtol": 1e-05, "eps": 1e-05, "duration": 0.0424199104309082, "fun": "0.3687374907693246", "jac": "[ 2.26008101e-07 -6.32049968e-08 -1.66533454e-10  1.70219394e-07\n  4.86088947e-07  3.83548748e-07]", "hess_inv": "[[ 3.72153219 -0.25183536  0.06537655  0.97411171  0.24547051 -0.31632808]\n [-0.25183536  8.71758303 -2.79533029 -3.64091624 -0.11914327  1.72720737]\n [ 0.06537655 -2.79533029  4.67498531  0.93047928  1.09847116  0.13760789]\n [ 0.97411171 -3.64091624  0.93047928  5.03968719  0.16589516 -0.85446639]\n [ 0.24547051 -0.11914327  1.09847116  0.16589516  4.25510332  0.33847078]\n [-0.31632808  1.72720737  0.13760789 -0.85446639  0.33847078  3.91724744]]", "nfev": "182", "njev": "26", "status": "0", "success": "True", "message": "Optimization terminated successfully.", "x": "[ 4.95626297  4.42775791  3.35563537  1.56619856  3.96742395 -0.90923674]", "nit": "22", "callback": [0.6083423784374605, 0.5953486695888488, 0.5728732914725536, 0.5418995863884508, 0.5244780537874413, 0.5060590306568888, 0.4881632007087938, 0.4543077065767229, 0.40033841273082793, 0.3833490627946462, 0.37444761956935624, 0.37017567685036445, 0.36900250852919236, 0.3688535215381732, 0.3687680752730367, 0.36874508724705746, 0.3687395999693711, 0.3687387808752902, 0.36873769389307554, 0.36873749970404635, 0.3687374910367829, 0.3687374907693246]}, "5": {"maxiter": 100, "gtol": 1e-10, "xrtol": 1e-05, "eps": 1e-10, "duration": 0.04308509826660156, "fun": "0.36873749081589313", "jac": "[-1.11022293e-06 -4.44089173e-06 -3.33066880e-06 -2.22044587e-06\n -6.66133760e-06 -2.22044587e-06]", "hess_inv": "[[ 3.53034973e+00 -1.93548167e-01 -6.87273429e-02  9.17435546e-01\n   5.52226947e-03 -4.16339764e-01]\n [-1.93548167e-01  8.70813052e+00 -2.75216724e+00 -3.60072385e+00\n  -2.77753287e-02  1.77316147e+00]\n [-6.87273429e-02 -2.75216724e+00  4.59516506e+00  9.34227098e-01\n   1.00389216e+00  1.10969340e-01]\n [ 9.17435546e-01 -3.60072385e+00  9.34227098e-01  5.16314181e+00\n   3.01458745e-01 -7.37318689e-01]\n [ 5.52226947e-03 -2.77753287e-02  1.00389216e+00  3.01458745e-01\n   4.26108058e+00  4.25044285e-01]\n [-4.16339764e-01  1.77316147e+00  1.10969340e-01 -7.37318689e-01\n   4.25044285e-01  4.00698221e+00]]", "nfev": "182", "njev": "26", "status": "0", "success": "True", "message": "Optimization terminated successfully.", "x": "[ 4.95626367  4.42775224  3.35563613  1.56619463  3.96741287 -0.90924247]", "nit": "22", "callback": [0.6083427896542534, 0.5953490197347784, 0.5728738825570041, 0.5419001610724792, 0.5244793081408201, 0.5060603279353644, 0.48816458343566493, 0.4543086752926768, 0.4003384667942227, 0.38334811880997244, 0.37444735796843154, 0.3701758248263469, 0.3690029558874989, 0.3688541576789428, 0.368768077800527, 0.3687450788337605, 0.3687395912311978, 0.3687387728317949, 0.3687376966511573, 0.3687375002921178, 0.36873749121059707, 0.36873749081589313]}, "6": {"maxiter": 100, "gtol": 1e-10, "xrtol": 1e-10, "eps": 1e-05, "duration": 0.09740400314331055, "fun": "0.3687374907693246", "jac": "[ 2.26008101e-07 -6.32049968e-08 -1.66533454e-10  1.70219394e-07\n  4.86088947e-07  3.83548748e-07]", "hess_inv": "[[ 3.66525263 -0.22256966  0.04154491  1.00970425  0.25361377 -0.2929565 ]\n [-0.22256966  8.70257945 -2.78411543 -3.66341588 -0.12907766  1.71092634]\n [ 0.04154491 -2.78411543  4.67135232  0.96743898  1.13317684  0.17014036]\n [ 1.00970425 -3.66341588  0.96743898  5.09135607  0.2666765  -0.79253459]\n [ 0.25361377 -0.12907766  1.13317684  0.2666765   4.40520144  0.44463925]\n [-0.2929565   1.71092634  0.17014036 -0.79253459  0.44463925  3.98687497]]", "nfev": "418", "njev": "58", "status": "2", "success": "False", "message": "Desired error not necessarily achieved due to precision loss.", "x": "[ 4.95626297  4.42775791  3.35563537  1.56619856  3.96742395 -0.90923674]", "nit": "22", "callback": [0.6083423784374605, 0.5953486695888488, 0.5728732914725536, 0.5418995863884508, 0.5244780537874413, 0.5060590306568888, 0.4881632007087938, 0.4543077065767229, 0.40033841273082793, 0.3833490627946462, 0.37444761956935624, 0.37017567685036445, 0.36900250852919236, 0.3688535215381732, 0.3687680752730367, 0.36874508724705746, 0.3687395999693711, 0.3687387808752902, 0.36873769389307554, 0.36873749970404635, 0.3687374910367829, 0.3687374907693246]}, "7": {"maxiter": 100, "gtol": 1e-10, "xrtol": 1e-10, "eps": 1e-10, "duration": 0.06172609329223633, "fun": "0.36873749076485374", "jac": "[ 0.00000000e+00  1.11022293e-06  0.00000000e+00 -1.11022293e-06\n  1.11022293e-06  1.11022293e-06]", "hess_inv": "[[ 4.02339876  0.87380358 -0.28721546  0.55644033  0.47027198  0.18119902]\n [ 0.87380358  8.99085808 -3.4090071  -2.10164004 -0.55429198  2.03473645]\n [-0.28721546 -3.4090071   4.55129405  0.69355432  0.23688262 -0.50668584]\n [ 0.55644033 -2.10164004  0.69355432  2.29339634  1.15246032  0.01747217]\n [ 0.47027198 -0.55429198  0.23688262  1.15246032  3.08372733  0.15643693]\n [ 0.18119902  2.03473645 -0.50668584  0.01747217  0.15643693  4.36820101]]", "nfev": "266", "njev": "38", "status": "0", "success": "True", "message": "Optimization terminated successfully.", "x": "[ 4.95627008  4.42777112  3.35564355  1.56619823  3.9674343  -0.90923011]", "nit": "25", "callback": [0.6083427896542534, 0.5953490197347784, 0.5728738825570041, 0.5419001610724792, 0.5244793081408201, 0.5060603279353644, 0.48816458343566493, 0.4543086752926768, 0.4003384667942227, 0.38334811880997244, 0.37444735796843154, 0.3701758248263469, 0.3690029558874989, 0.3688541576789428, 0.368768077800527, 0.3687450788337605, 0.3687395912311978, 0.3687387728317949, 0.3687376966511573, 0.3687375002921178, 0.36873749121059707, 0.36873749081589313, 0.3687374907725678, 0.36873749076485374, 0.36873749076485374]}, "8": {"maxiter": 500, "gtol": 1e-05, "xrtol": 1e-05, "eps": 1e-05, "duration": 0.04223012924194336, "fun": "0.3687374910367829", "jac": "[-6.24567065e-06  2.93863822e-06 -2.04335437e-06  9.77660175e-06\n  6.36877218e-06  5.95536953e-06]", "hess_inv": "[[ 3.71035755 -0.25146889  0.11418918  1.15249249  0.49187305 -0.13870957]\n [-0.25146889  8.71995681 -2.82190218 -3.72630014 -0.24087322  1.6412332 ]\n [ 0.11418918 -2.82190218  4.72312432  0.98372708  1.21165724  0.20062503]\n [ 1.15249249 -3.72630014  0.98372708  4.84356279  0.02121665 -1.01791225]\n [ 0.49187305 -0.24087322  1.21165724  0.02121665  4.23563524  0.2399086 ]\n [-0.13870957  1.6412332   0.20062503 -1.01791225  0.2399086   3.78658678]]", "nfev": "175", "njev": "25", "status": "0", "success": "True", "message": "Optimization terminated successfully.", "x": "[ 4.95624806  4.42776474  3.35563411  1.56622512  3.96745056 -0.90921283]", "nit": "21", "callback": [0.6083423784374605, 0.5953486695888488, 0.5728732914725536, 0.5418995863884508, 0.5244780537874413, 0.5060590306568888, 0.4881632007087938, 0.4543077065767229, 0.40033841273082793, 0.3833490627946462, 0.37444761956935624, 0.37017567685036445, 0.36900250852919236, 0.3688535215381732, 0.3687680752730367, 0.36874508724705746, 0.3687395999693711, 0.3687387808752902, 0.36873769389307554, 0.36873749970404635, 0.3687374910367829]}, "9": {"maxiter": 500, "gtol": 1e-05, "xrtol": 1e-05, "eps": 1e-10, "duration": 0.042005300521850586, "fun": "0.36873749081589313", "jac": "[-1.11022293e-06 -4.44089173e-06 -3.33066880e-06 -2.22044587e-06\n -6.66133760e-06 -2.22044587e-06]", "hess_inv": "[[ 3.53034973e+00 -1.93548167e-01 -6.87273429e-02  9.17435546e-01\n   5.52226947e-03 -4.16339764e-01]\n [-1.93548167e-01  8.70813052e+00 -2.75216724e+00 -3.60072385e+00\n  -2.77753287e-02  1.77316147e+00]\n [-6.87273429e-02 -2.75216724e+00  4.59516506e+00  9.34227098e-01\n   1.00389216e+00  1.10969340e-01]\n [ 9.17435546e-01 -3.60072385e+00  9.34227098e-01  5.16314181e+00\n   3.01458745e-01 -7.37318689e-01]\n [ 5.52226947e-03 -2.77753287e-02  1.00389216e+00  3.01458745e-01\n   4.26108058e+00  4.25044285e-01]\n [-4.16339764e-01  1.77316147e+00  1.10969340e-01 -7.37318689e-01\n   4.25044285e-01  4.00698221e+00]]", "nfev": "182", "njev": "26", "status": "0", "success": "True", "message": "Optimization terminated successfully.", "x": "[ 4.95626367  4.42775224  3.35563613  1.56619463  3.96741287 -0.90924247]", "nit": "22", "callback": [0.6083427896542534, 0.5953490197347784, 0.5728738825570041, 0.5419001610724792, 0.5244793081408201, 0.5060603279353644, 0.48816458343566493, 0.4543086752926768, 0.4003384667942227, 0.38334811880997244, 0.37444735796843154, 0.3701758248263469, 0.3690029558874989, 0.3688541576789428, 0.368768077800527, 0.3687450788337605, 0.3687395912311978, 0.3687387728317949, 0.3687376966511573, 0.3687375002921178, 0.36873749121059707, 0.36873749081589313]}, "10": {"maxiter": 500, "gtol": 1e-05, "xrtol": 1e-10, "eps": 1e-05, "duration": 0.03960895538330078, "fun": "0.3687374910367829", "jac": "[-6.24567065e-06  2.93863822e-06 -2.04335437e-06  9.77660175e-06\n  6.36877218e-06  5.95536953e-06]", "hess_inv": "[[ 3.71035755 -0.25146889  0.11418918  1.15249249  0.49187305 -0.13870957]\n [-0.25146889  8.71995681 -2.82190218 -3.72630014 -0.24087322  1.6412332 ]\n [ 0.11418918 -2.82190218  4.72312432  0.98372708  1.21165724  0.20062503]\n [ 1.15249249 -3.72630014  0.98372708  4.84356279  0.02121665 -1.01791225]\n [ 0.49187305 -0.24087322  1.21165724  0.02121665  4.23563524  0.2399086 ]\n [-0.13870957  1.6412332   0.20062503 -1.01791225  0.2399086   3.78658678]]", "nfev": "175", "njev": "25", "status": "0", "success": "True", "message": "Optimization terminated successfully.", "x": "[ 4.95624806  4.42776474  3.35563411  1.56622512  3.96745056 -0.90921283]", "nit": "21", "callback": [0.6083423784374605, 0.5953486695888488, 0.5728732914725536, 0.5418995863884508, 0.5244780537874413, 0.5060590306568888, 0.4881632007087938, 0.4543077065767229, 0.40033841273082793, 0.3833490627946462,