{"date": "2024/09/23/, 15:14:01", "conf_id": 26, "data_type": "random\n", "num_data_points": 2, "s_rank": 0, "unitary": "[[-0.56303964-0.00798273j,-0.21670212-0.15784972j,-0.06047197-0.73952673j,-0.01438004+0.24552571j],[-0.06976756+0.23474685j,-0.01275565-0.5435098j,-0.02703657-0.08917885j,-0.08210486-0.79311774j],[-0.38559961+0.10714929j,0.5933431-0.2687392j,-0.24060861+0.29149289j,-0.45147719+0.26241743j],[-0.50180421+0.45931857j,-0.11617175+0.44134496j,0.49642745+0.22684508j,-0.08544628-0.15407063j]]", "databatch_0": {"databatch": "[[[0.41543961-0.43329767j,-0.40885265-0.03596676j,-0.00596343-0.29208193j,-0.15940066+0.14020761j],[-0.04341866-0.16617018j,-0.00430082+0.03396012j,-0.09828287-0.10272469j,0.02328223+0.05022809j],[-0.01621452-0.24491646j,-0.08305186-0.04890511j,-0.1932916-0.14638031j,0.00872982+0.05829682j],[0.01607164-0.14571025j,-0.30165174-0.06077591j,-0.17707576+0.06800861j,-0.04698725+0.02612596j]],[[0.1509735-0.09799215j,-0.01876463+0.00384723j,0.01137404-0.07689396j,0.05555485+0.02677262j],[0.01566205-0.15947486j,-0.16193991-0.30731423j,-0.16128053-0.17271592j,-0.0887471+0.26836438j],[0.34531388-0.22139527j,0.03979718+0.3185308j,0.10732218-0.04850686j,0.29656706-0.17308561j],[0.42158312+0.05334469j,0.08648709-0.09576949j,0.1835207-0.17211982j,-0.06458905+0.08671343j]]]", "initial param values": "[1.39877773,0.68600454,5.49220714,2.80477706,3.75060322,2.38265666]", "nelder_mead": {"type": "gradient-free", "0": {"maxiter": 100, "fatol": 1e-05, "xatol": 1e-05, "duration": 0.08424997329711914, "fun": "0.4694866327852828", "nit": "100", "nfev": "165", "status": "2", "success": "False", "message": "Maximum number of iterations has been exceeded.", "x": "[0.05335149 0.97962833 6.41934709 2.77454552 4.16876958 2.61868277]", "final_simplex": "(array([[0.05335149, 0.97962833, 6.41934709, 2.77454552, 4.16876958,\n        2.61868277],\n       [0.06456204, 0.95324059, 6.44263312, 2.77031993, 4.24145915,\n        2.69282388],\n       [0.06784823, 0.95091657, 6.43776014, 2.78305862, 4.23401305,\n        2.69169014],\n       [0.06095414, 0.95026502, 6.42874079, 2.78781286, 4.24907949,\n        2.69526191],\n       [0.06637726, 0.9345673 , 6.44439437, 2.78004691, 4.28619825,\n        2.74716828],\n       [0.07861959, 0.93484508, 6.44449398, 2.78038811, 4.27575866,\n        2.72763397],\n       [0.06345112, 0.93888864, 6.45032909, 2.7889074 , 4.27211099,\n        2.72802245]]), array([0.46948663, 0.46951394, 0.46954532, 0.46954816, 0.46956522,\n       0.4695697 , 0.46957058]))", "callback": [0.52816791689791, 0.5126314888264449, 0.47322828327045785, 0.47046136072312184, 0.4698163719302575, 0.46975135200130613, 0.46971314366120664, 0.46968136753174383, 0.4696104282380067]}, "1": {"maxiter": 100, "fatol": 1e-05, "xatol": 1e-10, "duration": 0.08663296699523926, "fun": "0.4694866327852828", "nit": "100", "nfev": "165", "status": "2", "success": "False", "message": "Maximum number of iterations has been exceeded.", "x": "[0.05335149 0.97962833 6.41934709 2.77454552 4.16876958 2.61868277]", "final_simplex": "(array([[0.05335149, 0.97962833, 6.41934709, 2.77454552, 4.16876958,\n        2.61868277],\n       [0.06456204, 0.95324059, 6.44263312, 2.77031993, 4.24145915,\n        2.69282388],\n       [0.06784823, 0.95091657, 6.43776014, 2.78305862, 4.23401305,\n        2.69169014],\n       [0.06095414, 0.95026502, 6.42874079, 2.78781286, 4.24907949,\n        2.69526191],\n       [0.06637726, 0.9345673 , 6.44439437, 2.78004691, 4.28619825,\n        2.74716828],\n       [0.07861959, 0.93484508, 6.44449398, 2.78038811, 4.27575866,\n        2.72763397],\n       [0.06345112, 0.93888864, 6.45032909, 2.7889074 , 4.27211099,\n        2.72802245]]), array([0.46948663, 0.46951394, 0.46954532, 0.46954816, 0.46956522,\n       0.4695697 , 0.46957058]))", "callback": [0.52816791689791, 0.5126314888264449, 0.47322828327045785, 0.47046136072312184, 0.4698163719302575, 0.46975135200130613, 0.46971314366120664, 0.46968136753174383, 0.4696104282380067]}, "2": {"maxiter": 100, "fatol": 1e-10, "xatol": 1e-05, "duration": 0.07673406600952148, "fun": "0.4694866327852828", "nit": "100", "nfev": "165", "status": "2", "success": "False", "message": "Maximum number of iterations has been exceeded.", "x": "[0.05335149 0.97962833 6.41934709 2.77454552 4.16876958 2.61868277]", "final_simplex": "(array([[0.05335149, 0.97962833, 6.41934709, 2.77454552, 4.16876958,\n        2.61868277],\n       [0.06456204, 0.95324059, 6.44263312, 2.77031993, 4.24145915,\n        2.69282388],\n       [0.06784823, 0.95091657, 6.43776014, 2.78305862, 4.23401305,\n        2.69169014],\n       [0.06095414, 0.95026502, 6.42874079, 2.78781286, 4.24907949,\n        2.69526191],\n       [0.06637726, 0.9345673 , 6.44439437, 2.78004691, 4.28619825,\n        2.74716828],\n       [0.07861959, 0.93484508, 6.44449398, 2.78038811, 4.27575866,\n        2.72763397],\n       [0.06345112, 0.93888864, 6.45032909, 2.7889074 , 4.27211099,\n        2.72802245]]), array([0.46948663, 0.46951394, 0.46954532, 0.46954816, 0.46956522,\n       0.4695697 , 0.46957058]))", "callback": [0.52816791689791, 0.5126314888264449, 0.47322828327045785, 0.47046136072312184, 0.4698163719302575, 0.46975135200130613, 0.46971314366120664, 0.46968136753174383, 0.4696104282380067]}, "3": {"maxiter": 100, "fatol": 1e-10, "xatol": 1e-10, "duration": 0.07920289039611816, "fun": "0.4694866327852828", "nit": "100", "nfev": "165", "status": "2", "success": "False", "message": "Maximum number of iterations has been exceeded.", "x": "[0.05335149 0.97962833 6.41934709 2.77454552 4.16876958 2.61868277]", "final_simplex": "(array([[0.05335149, 0.97962833, 6.41934709, 2.77454552, 4.16876958,\n        2.61868277],\n       [0.06456204, 0.95324059, 6.44263312, 2.77031993, 4.24145915,\n        2.69282388],\n       [0.06784823, 0.95091657, 6.43776014, 2.78305862, 4.23401305,\n        2.69169014],\n       [0.06095414, 0.95026502, 6.42874079, 2.78781286, 4.24907949,\n        2.69526191],\n       [0.06637726, 0.9345673 , 6.44439437, 2.78004691, 4.28619825,\n        2.74716828],\n       [0.07861959, 0.93484508, 6.44449398, 2.78038811, 4.27575866,\n        2.72763397],\n       [0.06345112, 0.93888864, 6.45032909, 2.7889074 , 4.27211099,\n        2.72802245]]), array([0.46948663, 0.46951394, 0.46954532, 0.46954816, 0.46956522,\n       0.4695697 , 0.46957058]))", "callback": [0.52816791689791, 0.5126314888264449, 0.47322828327045785, 0.47046136072312184, 0.4698163719302575, 0.46975135200130613, 0.46971314366120664, 0.46968136753174383, 0.4696104282380067]}, "4": {"maxiter": 500, "fatol": 1e-05, "xatol": 1e-05, "duration": 0.354813814163208, "fun": "0.41848611659078694", "nit": "500", "nfev": "779", "status": "2", "success": "False", "message": "Maximum number of iterations has been exceeded.", "x": "[1.05215259 2.77114555 4.5281461  1.55021308 3.55352474 1.92124364]", "final_simplex": "(array([[1.05215259, 2.77114555, 4.5281461 , 1.55021308, 3.55352474,\n        1.92124364],\n       [1.05272691, 2.7713357 , 4.52801026, 1.54947069, 3.55324969,\n        1.92084343],\n       [1.05231727, 2.77070611, 4.52803129, 1.55115764, 3.55340551,\n        1.92065112],\n       [1.05252685, 2.77237757, 4.52582478, 1.54998254, 3.55211094,\n        1.92057631],\n       [1.05125478, 2.77250948, 4.52641725, 1.55045328, 3.55239906,\n        1.92112069],\n       [1.05189094, 2.77318614, 4.52637225, 1.55090831, 3.55295848,\n        1.91992278],\n       [1.05335628, 2.76996842, 4.52805147, 1.55073072, 3.55438123,\n        1.92206297]]), array([0.41848612, 0.41848624, 0.41848624, 0.41848624, 0.41848627,\n       0.41848634, 0.41848635]))", "callback": [0.52816791689791, 0.5126314888264449, 0.47322828327045785, 0.47046136072312184, 0.4698163719302575, 0.46975135200130613, 0.46971314366120664, 0.46968136753174383, 0.4696104282380067, 0.4694583729895664, 0.4693864268543664, 0.4693445650176059, 0.4693390489618985, 0.46933773615296004, 0.4693374449919039, 0.4693372670119287, 0.4693371981683587, 0.4693369515977295, 0.4693366788654898, 0.4693364259295174, 0.4693352266465207, 0.46932705338334135, 0.46930928197366284, 0.4692243556109368, 0.4690145815352972, 0.4687827402678062, 0.4683204851117344, 0.4628927394924778, 0.4582427231368591, 0.45807523444915565, 0.4577147140306095, 0.4566857242531498, 0.4544111210574, 0.4477764888314073, 0.43187963387845385, 0.4253007514359626, 0.42264779960208454, 0.4218374768517701, 0.42142147502012317, 0.42139502613663327, 0.421317834758705, 0.4210648959906599, 0.42012765093361526, 0.4193639483995595, 0.4188794641537521, 0.41852348973425235, 0.41849810467454807, 0.41849024822255876, 0.4184867585693617]}, "5": {"maxiter": 500, "fatol": 1e-05, "xatol": 1e-10, "duration": 0.30031609535217285, "fun": "0.41848611659078694", "nit": "500", "nfev": "779", "status": "2", "success": "False", "message": "Maximum number of iterations has been exceeded.", "x": "[1.05215259 2.77114555 4.5281461  1.55021308 3.55352474 1.92124364]", "final_simplex": "(array([[1.05215259, 2.77114555, 4.5281461 , 1.55021308, 3.55352474,\n        1.92124364],\n       [1.05272691, 2.7713357 , 4.52801026, 1.54947069, 3.55324969,\n        1.92084343],\n       [1.05231727, 2.77070611, 4.52803129, 1.55115764, 3.55340551,\n        1.92065112],\n       [1.05252685, 2.77237757, 4.52582478, 1.54998254, 3.55211094,\n        1.92057631],\n       [1.05125478, 2.77250948, 4.52641725, 1.55045328, 3.55239906,\n        1.92112069],\n       [1.05189094, 2.77318614, 4.52637225, 1.55090831, 3.55295848,\n        1.91992278],\n       [1.05335628, 2.76996842, 4.52805147, 1.55073072, 3.55438123,\n        1.92206297]]), array([0.41848612, 0.41848624, 0.41848624, 0.41848624, 0.41848627,\n       0.41848634, 0.41848635]))", "callback": [0.52816791689791, 0.5126314888264449, 0.47322828327045785, 0.47046136072312184, 0.4698163719302575, 0.46975135200130613, 0.46971314366120664, 0.46968136753174383, 0.4696104282380067, 0.4694583729895664, 0.4693864268543664, 0.4693445650176059, 0.4693390489618985, 0.46933773615296004, 0.4693374449919039, 0.4693372670119287, 0.4693371981683587, 0.4693369515977295, 0.4693366788654898, 0.4693364259295174, 0.4693352266465207, 0.46932705338334135, 0.46930928197366284, 0.4692243556109368, 0.4690145815352972, 0.4687827402678062, 0.4683204851117344, 0.4628927394924778, 0.4582427231368591, 0.45807523444915565, 0.4577147140306095, 0.4566857242531498, 0.4544111210574, 0.4477764888314073, 0.43187963387845385, 0.4253007514359626, 0.42264779960208454, 0.4218374768517701, 0.42142147502012317, 0.42139502613663327, 0.421317834758705, 0.4210648959906599, 0.42012765093361526, 0.4193639483995595, 0.4188794641537521, 0.41852348973425235, 0.41849810467454807, 0.41849024822255876, 0.4184867585693617]}, "6": {"maxiter": 500, "fatol": 1e-10, "xatol": 1e-05, "duration": 0.35995006561279297, "fun": "0.41848611659078694", "nit": "500", "nfev": "779", "status": "2", "success": "False", "message": "Maximum number of iterations has been exceeded.", "x": "[1.05215259 2.77114555 4.5281461  1.55021308 3.55352474 1.92124364]", "final_simplex": "(array([[1.05215259, 2.77114555, 4.5281461 , 1.55021308, 3.55352474,\n        1.92124364],\n       [1.05272691, 2.7713357 , 4.52801026, 1.54947069, 3.55324969,\n        1.92084343],\n       [1.05231727, 2.77070611, 4.52803129, 1.55115764, 3.55340551,\n        1.92065112],\n       [1.05252685, 2.77237757, 4.52582478, 1.54998254, 3.55211094,\n        1.92057631],\n       [1.05125478, 2.77250948, 4.52641725, 1.55045328, 3.55239906,\n        1.92112069],\n       [1.05189094, 2.77318614, 4.52637225, 1.55090831, 3.55295848,\n        1.91992278],\n       [1.05335628, 2.76996842, 4.52805147, 1.55073072, 3.55438123,\n        1.92206297]]), array([0.41848612, 0.41848624, 0.41848624, 0.41848624, 0.41848627,\n       0.41848634, 0.41848635]))", "callback": [0.52816791689791, 0.5126314888264449, 0.47322828327045785, 0.47046136072312184, 0.4698163719302575, 0.46975135200130613, 0.46971314366120664, 0.46968136753174383, 0.4696104282380067, 0.4694583729895664, 0.4693864268543664, 0.4693445650176059, 0.4693390489618985, 0.46933773615296004, 0.4693374449919039, 0.4693372670119287, 0.4693371981683587, 0.4693369515977295, 0.4693366788654898, 0.4693364259295174, 0.4693352266465207, 0.46932705338334135, 0.46930928197366284, 0.4692243556109368, 0.4690145815352972, 0.4687827402678062, 0.4683204851117344, 0.4628927394924778, 0.4582427231368591, 0.45807523444915565, 0.4577147140306095, 0.4566857242531498, 0.4544111210574, 0.4477764888314073, 0.43187963387845385, 0.4253007514359626, 0.42264779960208454, 0.4218374768517701, 0.42142147502012317, 0.42139502613663327, 0.421317834758705, 0.4210648959906599, 0.42012765093361526, 0.4193639483995595, 0.4188794641537521, 0.41852348973425235, 0.41849810467454807, 0.41849024822255876, 0.4184867585693617]}, "7": {"maxiter": 500, "fatol": 1e-10, "xatol": 1e-10, "duration": 0.35449695587158203, "fun": "0.41848611659078694", "nit": "500", "nfev": "779", "status": "2", "success": "False", "message": "Maximum number of iterations has been exceeded.", "x": "[1.05215259 2.77114555 4.5281461  1.55021308 3.55352474 1.92124364]", "final_simplex": "(array([[1.05215259, 2.77114555, 4.5281461 , 1.55021308, 3.55352474,\n        1.92124364],\n       [1.05272691, 2.7713357 , 4.52801026, 1.54947069, 3.55324969,\n        1.92084343],\n       [1.05231727, 2.77070611, 4.52803129, 1.55115764, 3.55340551,\n        1.92065112],\n       [1.05252685, 2.77237757, 4.52582478, 1.54998254, 3.55211094,\n        1.92057631],\n       [1.05125478, 2.77250948, 4.52641725, 1.55045328, 3.55239906,\n        1.92112069],\n       [1.05189094, 2.77318614, 4.52637225, 1.55090831, 3.55295848,\n        1.91992278],\n       [1.05335628, 2.76996842, 4.52805147, 1.55073072, 3.55438123,\n        1.92206297]]), array([0.41848612, 0.41848624, 0.41848624, 0.41848624, 0.41848627,\n       0.41848634, 0.41848635]))", "callback": [0.52816791689791, 0.5126314888264449, 0.47322828327045785, 0.47046136072312184, 0.4698163719302575, 0.46975135200130613, 0.46971314366120664, 0.46968136753174383, 0.4696104282380067, 0.4694583729895664, 0.4693864268543664, 0.4693445650176059, 0.4693390489618985, 0.46933773615296004, 0.4693374449919039, 0.4693372670119287, 0.4693371981683587, 0.4693369515977295, 0.4693366788654898, 0.4693364259295174, 0.4693352266465207, 0.46932705338334135, 0.46930928197366284, 0.4692243556109368, 0.4690145815352972, 0.4687827402678062, 0.4683204851117344, 0.4628927394924778, 0.4582427231368591, 0.45807523444915565, 0.4577147140306095, 0.4566857242531498, 0.4544111210574, 0.4477764888314073, 0.43187963387845385, 0.4253007514359626, 0.42264779960208454, 0.4218374768517701, 0.42142147502012317, 0.42139502613663327, 0.421317834758705, 0.4210648959906599, 0.42012765093361526, 0.4193639483995595, 0.4188794641537521, 0.41852348973425235, 0.41849810467454807, 0.41849024822255876, 0.4184867585693617]}, "8": {"maxiter": 1000, "fatol": 1e-05, "xatol": 1e-05, "duration": 0.5733458995819092, "fun": "0.4157171963774743", "nit": "863", "nfev": "1352", "status": "0", "success": "True", "message": "Optimization terminated successfully.", "x": "[1.01556243 2.5497637  4.55850477 1.39188148 3.70805549 1.8922631 ]", "final_simplex": "(array([[1.01556243, 2.5497637 , 4.55850477, 1.39188148, 3.70805549,\n        1.8922631 ],\n       [1.01556393, 2.5497679 , 4.55850569, 1.39188183, 3.70805672,\n        1.89226227],\n       [1.01555951, 2.54976017, 4.55850338, 1.39187889, 3.70806031,\n        1.8922634 ],\n       [1.01555844, 2.54976953, 4.55850384, 1.39188871, 3.70805652,\n        1.89226516],\n       [1.01555813, 2.54977342, 4.55850103, 1.39188366, 3.70805422,\n        1.89226123],\n       [1.01556275, 2.5497733 , 4.55849883, 1.39188102, 3.70805318,\n        1.89226519],\n       [1.01556069, 2.54976069, 4.5585094 , 1.39187633, 3.70806124,\n        1.89226333]]), array([0.4157172, 0.4157172, 0.4157172, 0.4157172, 0.4157172, 0.4157172,\n       0.4157172]))", "callback": [0.52816791689791, 0.5126314888264449, 0.47322828327045785, 0.47046136072312184, 0.4698163719302575, 0.46975135200130613, 0.46971314366120664, 0.46968136753174383, 0.4696104282380067, 0.4694583729895664, 0.4693864268543664, 0.4693445650176059, 0.4693390489618985, 0.46933773615296004, 0.4693374449919039, 0.4693372670119287, 0.4693371981683587, 0.4693369515977295, 0.4693366788654898, 0.4693364259295174, 0.4693352266465207, 0.46932705338334135, 0.46930928197366284, 0.4692243556109368, 0.4690145815352972, 0.4687827402678062, 0.4683204851117344, 0.4628927394924778, 0.4582427231368591, 0.45807523444915565, 0.4577147140306095, 0.4566857242531498, 0.4544111210574, 0.4477764888314073, 0.43187963387845385, 0.4253007514359626, 0.42264779960208454, 0.4218374768517701, 0.42142147502012317, 0.42139502613663327, 0.421317834758705, 0.4210648959906599, 0.42012765093361526, 0.4193639483995595, 0.4188794641537521, 0.41852348973425235, 0.41849810467454807, 0.41849024822255876, 0.4184867585693617, 0.41848611659078694, 0.41848604172531634, 0.41848599511873597, 0.41848593052033134, 0.4184857538378043, 0.41848533039063196, 0.41848432673872393, 0.41847797728729375, 0.41846951235301066, 0.4184601521181682, 0.4184515426464789, 0.4184385737460804, 0.41840157443199666, 0.4183593005024058, 0.41823857887194515, 0.4179001489155052, 0.4175794790800843, 0.4173781568552968, 0.4169018987465549, 0.41657526693459745, 0.4161335979978936, 0.41590153177438993, 0.41577083801583314, 0.41573332856360257, 0.4157222199266888, 0.4157185530876709, 0.4157179511827954, 0.4157173842318236, 0.415717267392422, 0.4157172165518893, 0.4157172007668173, 0.4157171974557653, 0.4157171971009612, 0.4157171965595039, 0.41571719639652494, 0.41571719638909344, 0.4157171963774743]}, "9": {"maxiter": 1000, "fatol": 1e-05, "xatol": 1e-10, "duration": 0.6210837364196777, "fun": "0.4157171963771349", "nit": "969", "nfev": "1582", "status": "0", "success": "True", "message": "Optimization terminated successfully.", "x": "[1.01556199 2.5497643  4.5585054  1.39188316 3.70805427 1.89226414]", "final_simplex": "(array([[1.01556199, 2.5497643 , 4.5585054 , 1.39188316, 3.70805427,\n        1.89226414],\n       [1.01556199, 2.5497643 , 4.5585054 , 1.39188316, 3.70805427,\n        1.89226415],\n       [1.01556199, 2.5497643 , 4.5585054 , 1.39188316, 3.70805427,\n        1.89226414],\n       [1.01556199, 2.5497643 , 4.5585054 , 1.39188316, 3.70805427,\n        1.89226414],\n       [1.01556199, 2.5497643 , 4.5585054 , 1.39188316, 3.70805427,\n        1.89226414],\n       [1.01556199, 2.5497643 , 4.5585054 , 1.39188316, 3.70805427,\n        1.89226415],\n       [1.01556199, 2.5497643 , 4.5585054 , 1.39188316, 3.70805427,\n        1.89226414]]), array([0.4157172, 0.4157172, 0.4157172, 0.4157172, 0.4157172, 0.4157172,\n       0.4157172]))", "callback": [0.52816791689791, 0.5126314888264449, 0.47322828327045785, 0.47046136072312184, 0.4698163719302575, 0.46975135200130613, 0.46971314366120664, 0.46968136753174383, 0.4696104282380067, 0.4694583729895664, 0.4693864268543664, 0.4693445650176059, 0.4693390489618985, 0.46933773615296004, 0.4693374449919039, 0.4693372670119287, 0.4693371981683587, 0.4693369515977295, 0.4693366788654898, 0.4693364259295174, 0.4693352266465207, 0.46932705338334135, 0.46930928197366284, 0.4692243556109368, 0.4690145815352972, 0.4687827402678062, 0.4683204851117344, 0.4628927394924778, 0.4582427231368591, 0.45807523444915565, 0.4577147140306095, 0.4566857242531498, 0.4544111210574, 0.4477764888314073, 0.43187963387845385, 0.4253007514359626, 0.42264779960208454, 0.4218374768517701, 0.42142147502012317, 0.42139502613663327, 0.421317834758705, 0.4210648959906599, 0.42012765093361526, 0.4193639483995595, 0.4188794641537521, 0.41852348973425235, 0.41849810467454807, 0.41849024822255876, 0.4184867585693617, 0.41848611659078694, 0.41848604172531634, 0.41848599511873597, 0.41848593052033134, 0.4184857538378043, 0.41848533039063196, 0.41848432673872393, 0.41847797728729375, 0.41846951235301066, 0.4184601521181682, 0.4184515426464789, 0.4184385737460804, 0.41840157443199666, 0.4183593005024058, 0.41823857887194515, 0.4179001489155052, 0.4175794790800843, 0.4173781568552968, 0.4169018987465549, 0.41657526693459745, 0.4161335979978936, 0.41590153177438993, 0.41577083801583314, 0.41573332856360257, 0.4157222199266888, 0.4157185530876709, 0.4157179511827954, 0.4157173842318236, 0.415717267392422, 0.4157172165518893, 0.4157172007668173, 0.4157171974557653, 0.4157171971009612, 0.4157171965595039, 0.41571719639652494, 0.41571719638909344, 0.4157171963774743, 0.4157171963774743, 0.4157171963774743, 0.415717196377276, 0.4157171963771509, 0.41571719637714244, 0.41571719637713733, 0.41571719637713545, 0.415717196377135, 0.4157171963771349, 0.4157171963771349]}, "10": {"maxiter": 1000, "fatol": 1e-10, "xatol": 1e-05, "duration": 0.5626640319824219, "fun": "0.4157171963774743", "nit": "863", "nfev": "1352", "status": "0", "success": "True", "message": "Optimization terminated successfully.", "x": "[1.01556243 2.5497637  4.55850477 1.39188148 3.70805549 1.8922631 ]", "final_simplex": "(array([[1.01556243, 2.5497637 , 4.55850477, 1.39188148, 3.70805549,\n        1.8922631 ],\n       [1.01556393, 2.5497679 , 4.55850569, 1.39188183, 3.70805672,\n        1.89226227],\n       [1.01555951, 2.54976017, 4.55850338, 1.39187889, 3.70806031,\n        1.8922634 ],\n       [1.01555844, 2.54976953, 4.55850384, 1.39188871, 3.70805652,\n        1.89226516],\n       [1.01555813, 2.54977342, 4.55850103, 1.39188366, 3.70805422,\n        1.89226123],\n       [1.01556275, 2.5497733 , 4.55849883, 1.39188102, 3.70805318,\n        1.89226519],\n       [1.01556069, 2.54976069, 4.5585094 , 1.39187633, 3.70806124,\n        1.89226333]]), array([0.4157172, 0.4157172, 0.4157172, 0.4157172, 0.4157172, 0.4157172,\n       0.4157172]))", "callback": [0.52816791689791, 0.5126314888264449, 0.47322828327045785, 0.47046136072312184, 0.4698163719302575, 0.46975135200130613, 0.46971314366120664, 0.46968136753174383, 0.4696104282380067, 0.4694583729895664, 0.4693864268543664, 0.4693445650176059, 0.4693390489618985, 0.46933773615296004, 0.4693374449919039, 0.4693372670119287, 0.4693371981683587, 0.4693369515977295, 0.4693366788654898, 0.4693364259295174, 0.4693352266465207, 0.46932705338334135, 0.46930928197366284, 0.4692243556109368, 0.4690145815352972, 0.4687827402678062, 0.4683204851117344, 0.4628927394924778, 0.4582427231368591, 0.45807523444915565, 0.4577147140306095, 0.4566857242531498, 0.4544111210574, 0.4477764888314073, 0.43187963387845385, 0.4253007514359626, 0.42264779960208454, 0.4218374768517701, 0.42142147502012317, 0.42139502613663327, 0.421317834758705, 0.4210648959906599, 0.42012765093361526, 0.4193639483995595, 0.4188794641537521, 0.41852348973425235, 0.41849810467454807, 0.41849024822255876, 0.4184867585693617, 0.41848611659078694, 0.41848604172531634, 0.41848599511873597, 0.41848593052033134, 0.4184857538378043, 0.41848533039063196, 0.41848432673872393, 0.41847797728729375, 0.41846951235301066, 0.4184601521181682, 0.4184515426464789, 0.4184385737460804, 0.41840157443199666, 0.4183593005024058, 0.41823857887194515, 0.4179001489155052, 0.4175794790800843, 0.4173781568552968, 0.4169018987465549, 0.41657526693459745, 0.4161335979978936, 0.41590153177438993, 0.41577083801583314, 0.41573332856360257, 0.4157222199266888, 0.4157185530876709, 0.4157179511827954, 0.4157173842318236, 0.415717267392422, 0.4157172165518893, 0.4157172007668173, 0.4157171974557653, 0.4157171971009612, 0.4157171965595039, 0.41571719639652494, 0.41571719638909344, 0.4157171963774743]}, "11": {"maxiter": 1000, "fatol": 1e-10, "xatol": 1e-10, "duration": 0.6531410217285156, "fun": "0.4157171963771349", "nit": "969", "nfev": "1582", "status": "0", "success": "True", "message": "Optimization terminated successfully.", "x": "[1.01556199 2.5497643  4.5585054  1.39188316 3.70805427 1.89226414]", "final_simplex": "(array([[1.01556199, 2.5497643 , 4.5585054 , 1.39188316, 3.70805427,\n        1.89226414],\n       [1.01556199, 2.5497643 , 4.5585054 , 1.39188316, 3.70805427,\n        1.89226415],\n       [1.01556199, 2.5497643 , 4.5585054 , 1.39188316, 3.70805427,\n        1.89226414],\n       [1.01556199, 2.5497643 , 4.5585054 , 1.39188316, 3.70805427,\n        1.89226414],\n       [1.01556199, 2.5497643 , 4.5585054 , 1.39188316, 3.70805427,\n        1.89226414],\n       [1.01556199, 2.5497643 , 4.5585054 , 1.39188316, 3.70805427,\n        1.89226415],\n       [1.01556199, 2.5497643 , 4.5585054 , 1.39188316, 3.70805427,\n        1.89226414]]), array([0.4157172, 0.4157172, 0.4157172, 0.4157172, 0.4157172, 0.4157172,\n       0.4157172]))", "callback": [0.52816791689791, 0.5126314888264449, 0.47322828327045785, 0.47046136072312184, 0.4698163719302575, 0.46975135200130613, 0.46971314366120664, 0.46968136753174383, 0.4696104282380067, 0.4694583729895664, 0.4693864268543664, 0.4693445650176059, 0.4693390489618985, 0.46933773615296004, 0.4693374449919039, 0.4693372670119287, 0.4693371981683587, 0.4693369515977295, 0.4693366788654898, 0.4693364259295174, 0.4693352266465207, 0.46932705338334135, 0.46930928197366284, 0.4692243556109368, 0.4690145815352972, 0.4687827402678062, 0.4683204851117344, 0.4628927394924778, 0.4582427231368591, 0.45807523444915565, 0.4577147140306095, 0.4566857242531498, 0.4544111210574, 0.4477764888314073, 0.43187963387845385, 0.4253007514359626, 0.42264779960208454, 0.4218374768517701, 0.42142147502012317, 0.42139502613663327, 0.421317834758705, 0.4210648959906599, 0.42012765093361526, 0.4193639483995595, 0.4188794641537521, 0.41852348973425235, 0.41849810467454807, 0.41849024822255876, 0.4184867585693617, 0.41848611659078694, 0.41848604172531634, 0.41848599511873597, 0.41848593052033134, 0.4184857538378043, 0.41848533039063196, 0.41848432673872393, 0.41847797728729375, 0.41846951235301066, 0.4184601521181682, 0.4184515426464789, 0.4184385737460804, 0.41840157443199666, 0.4183593005024058, 0.41823857887194515, 0.4179001489155052, 0.4175794790800843, 0.4173781568552968, 0.4169018987465549, 0.41657526693459745, 0.4161335979978936, 0.41590153177438993, 0.41577083801583314, 0.41573332856360257, 0.4157222199266888, 0.4157185530876709, 0.4157179511827954, 0.4157173842318236, 0.415717267392422, 0.4157172165518893, 0.4157172007668173, 0.4157171974557653, 0.4157171971009612, 0.4157171965595039, 0.41571719639652494, 0.41571719638909344, 0.4157171963774743, 0.4157171963774743, 0.4157171963774743, 0.415717196377276, 0.4157171963771509, 0.41571719637714244, 0.41571719637713733, 0.41571719637713545, 0.415717196377135, 0.4157171963771349, 0.4157171963771349]}}, "bfgs": {"type": "gradient", "0": {"maxiter": 100, "gtol": 1e-05, "xrtol": 1e-05, "eps": 1e-05, "duration": 0.14105677604675293, "fun": "0.4157171966258745", "jac": "[ 3.61298769e-06 -3.98185929e-06 -4.47500925e-06 -9.04742947e-07\n -6.62858657e-07 -3.32049943e-06]", "hess_inv": "[[ 5.78494263 -1.92303625  0.53264994 -0.88381862  0.71011645  1.34935306]\n [-1.92303625 17.90073757 -7.49552022  5.53728326 -9.01728236 -2.37686898]\n [ 0.53264994 -7.49552022  7.13723288 -0.38630422  3.91125371  1.03889414]\n [-0.88381862  5.53728326 -0.38630422 11.40271599 -3.09488709  1.27602741]\n [ 0.71011645 -9.01728236  3.91125371 -3.09488709  8.31426845  0.39601265]\n [ 1.34935306 -2.37686898  1.03889414  1.27602741  0.39601265  5.17959583]]", "nfev": "343", "njev": "49", "status": "0", "success": "True", "message": "Optimization terminated successfully.", "x": "[1.01558372 2.5497238  4.5584898  1.39182889 3.70806906 1.8922453 ]", "nit": "40", "callback": [0.4687813945350997, 0.4652586431141438, 0.42169824835645964, 0.4157171966258745]}, "1": {"maxiter": 100, "gtol": 1e-05, "xrtol": 1e-05, "eps": 1e-10, "duration": 0.14647889137268066, "fun": "0.41571719644898", "jac": "[1.11022293e-06 1.11022293e-06 1.11022293e-06 2.22044587e-06\n 0.00000000e+00 1.11022293e-06]", "hess_inv": "[[ 6.41763086 -2.21511212  0.43191737 -1.09980163  0.74494115  1.28956233]\n [-2.21511212 16.26567591 -6.22436816  5.37423383 -8.227555   -2.13380293]\n [ 0.43191737 -6.22436816  6.58873433 -0.07530742  3.16816128  1.00815402]\n [-1.09980163  5.37423383 -0.07530742 11.32885271 -3.24656577  1.52722608]\n [ 0.74494115 -8.227555    3.16816128 -3.24656577  7.90061057  0.38377164]\n [ 1.28956233 -2.13380293  1.00815402  1.52722608  0.38377164  4.95400595]]", "nfev": "350", "njev": "50", "status": "0", "success": "True", "message": "Optimization terminated successfully.", "x": "[1.01556892 2.54976452 4.55851692 1.39191428 3.70805134 1.89228077]", "nit": "41", "callback": [0.4687813783090192, 0.4652660611422953, 0.421757085458383, 0.41571719713595967]}, "2": {"maxiter": 100, "gtol": 1e-05, "xrtol": 1e-10, "eps": 1e-05, "duration": 0.1482999324798584, "fun": "0.4157171966258745", "jac": "[ 3.61298769e-06 -3.98185929e-06 -4.47500925e-06 -9.04742947e-07\n -6.62858657e-07 -3.32049943e-06]", "hess_inv": "[[ 5.78494263 -1.92303625  0.53264994 -0.88381862  0.71011645  1.34935306]\n [-1.92303625 17.90073757 -7.49552022  5.53728326 -9.01728236 -2.37686898]\n [ 0.53264994 -7.49552022  7.13723288 -0.38630422  3.91125371  1.03889414]\n [-0.88381862  5.53728326 -0.38630422 11.40271599 -3.09488709  1.27602741]\n [ 0.71011645 -9.01728236  3.91125371 -3.09488709  8.31426845  0.39601265]\n [ 1.34935306 -2.37686898  1.03889414  1.27602741  0.39601265  5.17959583]]", "nfev": "343", "njev": "49", "status": "0", "success": "True", "message": "Optimization terminated successfully.", "x": "[1.01558372 2.5497238  4.5584898  1.39182889 3.70806906 1.8922453 ]", "nit": "40", "callback": [0.4687813945350997, 0.4652586431141438, 0.42169824835645964, 0.4157171966258745]}, "3": {"maxiter": 100, "gtol": 1e-05, "xrtol": 1e-10, "eps": 1e-10, "duration": 0.14289093017578125, "fun": "0.41571719644898", "jac": "[1.11022293e-06 1.11022293e-06 1.11022293e-06 2.22044587e-06\n 0.00000000e+00 1.11022293e-06]", "hess_inv": "[[ 6.41763086 -2.21511212  0.43191737 -1.09980163  0.74494115  1.28956233]\n [-2.21511212 16.26567591 -6.22436816  5.37423383 -8.227555   -2.13380293]\n [ 0.43191737 -6.22436816  6.58873433 -0.07530742  3.16816128  1.00815402]\n [-1.09980163  5.37423383 -0.07530742 11.32885271 -3.24656577  1.52722608]\n [ 0.74494115 -8.227555    3.16816128 -3.24656577  7.90061057  0.38377164]\n [ 1.28956233 -2.13380293  1.00815402  1.52722608  0.38377164  4.95400595]]", "nfev": "350", "njev": "50", "status": "0", "success": "True", "message": "Optimization terminated successfully.", "x": "[1.01556892 2.54976452 4.55851692 1.39191428 3.70805134 1.89228077]", "nit": "41", "callback": [0.4687813783090192, 0.4652660611422953, 0.421757085458383, 0.41571719713595967]}, "4": {"maxiter": 100, "gtol": 1e-10, "xrtol": 1e-05, "eps": 1e-05, "duration": 0.15440106391906738, "fun": "0.4157171963963475", "jac": "[-7.77156117e-10 -3.94129174e-09  9.54791801e-10 -2.35367281e-09\n -7.10542736e-09  7.88258347e-09]", "hess_inv": "[[ 6.12812979 -2.46610278  0.4324065  -1.44465584  0.98273511  1.18408781]\n [-2.46610278 18.68470999 -7.28808686  6.39124518 -9.47159302 -2.01237533]\n [ 0.4324065  -7.28808686  7.13491385 -0.20076889  3.84644629  1.02051613]\n [-1.44465584  6.39124518 -0.20076889 12.30421616 -3.55051447  1.59178729]\n [ 0.98273511 -9.47159302  3.84644629 -3.55051447  8.52381853  0.29609198]\n [ 1.18408781 -2.01237533  1.02051613  1.59178729  0.29609198  5.11843758]]", "nfev": "357", "njev": "51", "status": "0", "success": "True", "message": "Optimization terminated successfully.", "x": "[1.01555697 2.54976732 4.55849691 1.39187272 3.70804842 1.8922562 ]", "nit": "42", "callback": [0.4687813945350997, 0.4652586431141438, 0.42169824835645964, 0.4157171966258745]}, "5": {"maxiter": 100, "gtol": 1e-10, "xrtol": 1e-05, "eps": 1e-10, "duration": 0.15143394470214844, "fun": "0.41571719639012694", "jac": "[ 0.00000000e+00 -1.11022293e-06  0.00000000e+00  2.22044587e-06\n  0.00000000e+00  1.11022293e-06]", "hess_inv": "[[ 6.43491375 -2.83533407  0.31789521 -2.29392583  1.13180712  0.81719749]\n [-2.83533407 15.50011957 -6.15516815  4.40184967 -7.72415037 -2.04975248]\n [ 0.31789521 -6.15516815  6.6381374   0.14555735  3.1295203   1.17741485]\n [-2.29392583  4.40184967  0.14555735 10.4114306  -2.59076283  2.05650445]\n [ 1.13180712 -7.72415037  3.1295203  -2.59076283  7.57043443  0.35030953]\n [ 0.81719749 -2.04975248  1.17741485  2.05650445  0.35030953  5.50675938]]", "nfev": "357", "njev": "51", "status": "0", "success": "True", "message": "Optimization terminated successfully.", "x": "[1.01556875 2.5497498  4.5585144  1.39188638 3.70806055 1.89227015]", "nit": "42", "callback": [0.4687813783090192, 0.4652660611422953, 0.421757085458383, 0.41571719713595967]}, "6": {"maxiter": 100, "gtol": 1e-10, "xrtol": 1e-10, "eps": 1e-05, "duration": 0.2724020481109619, "fun": "0.4157171963963475", "jac": "[-7.77156117e-10 -3.94129174e-09  9.54791801e-10 -2.35367281e-09\n -7.10542736e-09  7.88258347e-09]", "hess_inv": "[[ 6.13142404 -2.49418106  0.45164834 -1.43771506  0.96065838  1.23663616]\n [-2.49418106 18.81136427 -7.34785479  6.41551411 -9.42268973 -2.17072594]\n [ 0.45164834 -7.34785479  7.15086737 -0.23741322  3.84634076  1.05957663]\n [-1.43771506  6.41551411 -0.23741322 12.25706362 -3.49390605  1.48810597]\n [ 0.96065838 -9.42268973  3.84634076 -3.49390605  8.49962588  0.30182619]\n [ 1.23663616 -2.17072594  1.05957663  1.48810597  0.30182619  5.21258871]]", "nfev": "627", "njev": "88", "status": "2", "success": "False", "message": "Desired error not necessarily achieved due to precision loss.", "x": "[1.01555697 2.54976732 4.55849691 1.39187272 3.70804842 1.8922562 ]", "nit": "42", "callback": [0.4687813945350997, 0.4652586431141438, 0.42169824835645964, 0.4157171966258745]}, "7": {"maxiter": 100, "gtol": 1e-10, "xrtol": 1e-10, "eps": 1e-10, "duration": 0.4212222099304199, "fun": "0.41571719638028704", "jac": "[1.11022293e-06 1.11022293e-06 1.11022293e-06 0.00000000e+00\n 0.00000000e+00 0.00000000e+00]", "hess_inv": "[[ 0.2760708  -0.66793407  0.36773844 -0.15939738  0.27649643  0.41885063]\n [-0.66793407  1.64599661 -0.91818189  0.39730555 -0.67438181 -1.02794088]\n [ 0.36773844 -0.91818189  0.51751314 -0.22422767  0.37290487  0.57248157]\n [-0.15939738  0.39730555 -0.22422767  0.09796916 -0.16101826 -0.24890514]\n [ 0.27649643 -0.67438181  0.37290487 -0.16101826  0.27849449  0.42144057]\n [ 0.41885063 -1.02794088  0.57248157 -0.24890514  0.42144057  0.64412892]]", "nfev": "957", "njev": "135", "status": "2", "success": "False", "message": "Desired error not necessarily achieved due to precision loss.", "x": "[1.0155649  2.5497564  4.55850768 1.39187583 3.70805768 1.89226355]", "nit": "56", "callback": [0.4687813783090192, 0.4652660611422953, 0.421757085458383, 0.41571719713595967, 0.4157171963842329]}, "8": {"maxiter": 500, "gtol": 1e-05, "xrtol": 1e-05, "eps": 1e-05, "duration": 0.15212798118591309, "fun": "0.4157171966258745", "jac": "[ 3.61298769e-06 -3.98185929e-06 -4.47500925e-06 -9.04742947e-07\n -6.62858657e-07 -3.32049943e-06]", "hess_inv": "[[ 5.78494263 -1.92303625  0.53264994 -0.88381862  0.71011645  1.34935306]\n [-1.92303625 17.90073757 -7.49552022  5.53728326 -9.01728236 -2.37686898]\n [ 0.53264994 -7.49552022  7.13723288 -0.38630422  3.91125371  1.03889414]\n [-0.88381862  5.53728326 -0.38630422 11.40271599 -3.09488709  1.27602741]\n [ 0.71011645 -9.01728236  3.91125371 -3.09488709  8.31426845  0.39601265]\n [ 1.34935306 -2.37686898  1.03889414  1.27602741  0.39601265  5.17959583]]", "nfev": "343", "njev": "49", "status": "0", "success": "True", "message": "Optimization terminated successfully.", "x": "[1.01558372 2.5497238  4.5584898  1.39182889 3.70806906 1.8922453 ]", "nit": "40", "callback": [0.4687813945350997, 0.4652586431141438, 0.42169824835645964, 0.4157171966258745]}, "9": {"maxiter": 500, "gtol": 1e-05, "xrtol": 1e-05, "eps": 1e-10, "duration": 0.15747880935668945, "fun": "0.41571719644898", "jac": "[1.11022293e-06 1.11022293e-06 1.11022293e-06 2.22044587e-06\n 0.00000000e+00 1.11022293e-06]", "hess_inv": "[[ 6.41763086 -2.21511212  0.43191737 -1.09980163  0.74494115  1.28956233]\n [-2.21511212 16.26567591 -6.22436816  5.37423383 -8.227555   -2.13380293]\n [ 0.43191737 -6.22436816  6.58873433 -0.07530742  3.16816128  1.00815402]\n [-1.09980163  5.37423383 -0.07530742 11.32885271 -3.24656577  1.52722608]\n [ 0.74494115 -8.227555    3.16816128 -3.24656577  7.90061057  0.38377164]\n [ 1.28956233 -2.13380293  1.00815402  1.52722608  0.38377164  4.95400595]]", "nfev": "350", "njev": "50", "status": "0", "success": "True", "message": "Optimization terminated successfully.", "x": "[1.01556892 2.54976452 4.55851692 1.39191428 3.70805134 1.89228077]", "nit": "41", "callback": [0.4687813783090192, 0.4652660611422953, 0.421757085458383, 0.41571719713595967]}, "10": {"maxiter": 500, "gtol": 1e-05, "xrtol": 1e-10, "eps": 1e-05, "duration": 0.13944292068481445, "fun": "0.4157171966258745", "jac": "[ 3.61298769e-06 -3.98185929e-06 -4.47500925e-06 -9.04742947e-07\n -6.62858657e-07 -3.32049943e-06]", "hess_inv": "[[ 5.78494263 -1.92303625  0.53264994 -0.88381862  0.71011645  1.34935306]\n [-1.92303625 17.90073757 -7.49552022  5.53728326 -9.01728236 -2.37686898]\n [ 0.53264994 -7.49552022  7.13723288 -0.38630422  3.91125371  1.03889414]\n [-0.88381862  5.53728326 -0.38630422 11.40271599 -3.09488709  1.27602741]\n [ 0.71011645 -9.01728236  3.91125371 -3.09488709  8.31426845  0.39601265]\n [ 1.34935306 -2.37686898  1.03889414  1.27602741  0.39601265  5.17959583]]", "nfev": "343", "njev": "49", "status": "0", "success": "True", "message": "Optimization terminated successfully.", "x": "[1.01558372 2.5497238  4.5584898  1.39182889 3.70806906 1.8922453 ]", "nit": "40", "callback": [0.4687813945350997, 0.4652586431141438, 0.42169824835645964, 0.4157171966258745]}, "11": {"maxiter": 500, "gtol": 1e-05, "xrtol": 1e-10, "eps": 1e-10, "duration": 0.14327502250671387, "fun": "0.41571719644898", "jac": "[1.11022293e-06 1.11022293e-06 1.11022293e-06 2.22044587e-06\n 0.00000000e+00 1.11022293e-06]", "hess_inv": "[[ 6.41763086 -2.21511212  0.43191737 -1.09980163  0.74494115  1.28956233]\n [-2.21511212 16.26567591 -6.22436816  5.37423383 -8.227555   -2.13380293]\n [ 0.43191737 -6.22436816  6.58873433 -0.07530742  3.16816128  1.00815402]\n [-1.09980163  5.37423383 -0.07530742 11.32885271 -3.24656577  1.52722608]\n [ 0.74494115 -8.227555    3.16816128 -3.24656577  7.90061057  0.38377164]\n [ 1.28956233 -2.13380293  1.00815402  1.52722608  0.38377164  4.95400595]]", "nfev": "350", "njev": "50", "status": "0", "success": "True", "message": "Optimization terminated successfully.", "x": "[1.01556892 2.54976452 4.55851692 1.39191428 3.70805134 1.89228077]", "nit": "41", "callback": [0.4687813783090192, 0.4652660611422953, 0.421757085458383, 0.41571719713595967]}, "12": {"maxiter": 500, "gtol": 1e-10, "xrtol": 1e-05, "eps": 1e-05, "duration": 0.1697850227355957, "fun": "0.4157171963963475", "jac": "[-7.77156117e-10 -3.94129174e-09  9.54791801e-10 -2.35367281e-09\n -7.10542736e-09  7.88258347e-09]", "hess_inv": "[[ 6.12812979 -2.46610278  0.4324065  -1.44465584  0.98273511  1.18408781]\n [-2.46610278 18.68470999 -7.28808686  6.39124518 -9.47159302 -2.01237533]\n [ 0.4324065  -7.28808686  7.13491385 -0.20076889  3.84644629  1.02051613]\n [-1.44465584  6.39124518 -0.20076889 12.30421616 -3.55051447  1.59178729]\n [ 0.98273511 -9.47159302  3.84644629 -3.55051447  8.52381853  0.29609198]\n [ 1.18408781 -2.01237533  1.02051613  1.59178729  0.29609198  5.11843758]]", "nfev": "357", "njev": "51", "status": "0", "success": "True", "message": "Optimization terminated successfully.", "x": "[1.01555697 2.54976732 4.55849691 1.39187272 3.70804842 1.8922562 ]", "nit": "42", "callback": [0.4687813945350997, 0.4652586431141438, 0.42169824835645964, 0.4157171966258745]}, "13": {"maxiter": 500, "gtol": 1e-10, "xrtol": 1e-05, "eps": 1e-10, "duration": 0.1617579460144043, "fun": "0.41571719639012694", "jac": "[ 0.00000000e+00 -1.11022293e-06  0.00000000e+00  2.22044587e-06\n  0.00000000e+00  1.1102