{"date": "2024/09/23/, 22:21:31", "conf_id": 111, "data_type": "orthogonal\n", "num_data_points": 2, "s_rank": 0, "unitary": "[[-0.56303964-0.00798273j,-0.21670212-0.15784972j,-0.06047197-0.73952673j,-0.01438004+0.24552571j],[-0.06976756+0.23474685j,-0.01275565-0.5435098j,-0.02703657-0.08917885j,-0.08210486-0.79311774j],[-0.38559961+0.10714929j,0.5933431-0.2687392j,-0.24060861+0.29149289j,-0.45147719+0.26241743j],[-0.50180421+0.45931857j,-0.11617175+0.44134496j,0.49642745+0.22684508j,-0.08544628-0.15407063j]]", "databatch_0": {"databatch": "[[[-0.0874838+0.10897552j,0.12650518-0.06998135j,-0.10310839-0.21462462j,-0.0994503-0.18205146j],[0.08296945+0.19989374j,0.15559608+0.23644125j,0.05177406-0.01778494j,-0.50982211+0.28132139j],[0.08351732-0.06857869j,-0.06441624+0.07858032j,0.1282532+0.06628397j,0.07117206-0.07631153j],[-0.02465852-0.13260776j,0.25864783+0.22451151j,0.21340443-0.28812813j,-0.26893459-0.0266961j]],[[0.08159543-0.05477315j,-0.14104007-0.06650301j,-0.03344885+0.14023668j,0.10318648-0.02950427j],[0.31883341-0.00923392j,-0.11418546+0.05487698j,0.05563314+0.26003814j,-0.04717059+0.22070838j],[0.50490422+0.11332294j,0.08067869-0.1717254j,-0.08230393-0.12632141j,-0.03560193-0.35629359j],[0.00542562+0.32922175j,-0.11499453+0.19942413j,0.10392541+0.24040674j,-0.03882159+0.08975673j]]]", "initial param values": "[6.08681146,1.75182514,5.52444958,1.01178615,0.18017162,2.43446789]", "nelder_mead": {"type": "gradient-free", "0": {"maxiter": 100, "fatol": 1e-05, "xatol": 1e-05, "duration": 0.03847908973693848, "fun": "0.4328021815883021", "nit": "100", "nfev": "149", "status": "2", "success": "False", "message": "Maximum number of iterations has been exceeded.", "x": "[ 1.39294962  6.76393315  5.96599104  2.65029604  0.20274823 -1.24210005]", "final_simplex": "(array([[ 1.39294962,  6.76393315,  5.96599104,  2.65029604,  0.20274823,\n        -1.24210005],\n       [ 1.16496158,  6.54589462,  5.8906653 ,  2.60481757,  0.21128664,\n        -1.01398503],\n       [ 1.45426765,  5.89103099,  6.53830434,  2.21250816,  0.19866577,\n        -0.70484568],\n       [ 1.44078762,  5.81750064,  6.36615584,  2.20898914,  0.20362022,\n        -0.73157768],\n       [ 0.897961  ,  5.93685982,  6.54872797,  2.29693978,  0.2044353 ,\n        -0.79353528],\n       [ 1.57435143,  6.20968146,  5.70872718,  2.54660084,  0.19720415,\n        -0.66685448],\n       [ 0.59639227,  6.09975201,  6.07691274,  2.4309557 ,  0.21444319,\n        -0.75239397]]), array([0.43280218, 0.46099423, 0.47608418, 0.48184985, 0.49479001,\n       0.49936947, 0.56020345]))", "callback": [0.9177741133354822, 0.9090000628750021, 0.895355313748903, 0.865801896363072, 0.8253105029256552, 0.8130102522200451, 0.7918856444051372, 0.7182314531360854, 0.6019177526850175]}, "1": {"maxiter": 100, "fatol": 1e-05, "xatol": 1e-10, "duration": 0.038812875747680664, "fun": "0.4328021815883021", "nit": "100", "nfev": "149", "status": "2", "success": "False", "message": "Maximum number of iterations has been exceeded.", "x": "[ 1.39294962  6.76393315  5.96599104  2.65029604  0.20274823 -1.24210005]", "final_simplex": "(array([[ 1.39294962,  6.76393315,  5.96599104,  2.65029604,  0.20274823,\n        -1.24210005],\n       [ 1.16496158,  6.54589462,  5.8906653 ,  2.60481757,  0.21128664,\n        -1.01398503],\n       [ 1.45426765,  5.89103099,  6.53830434,  2.21250816,  0.19866577,\n        -0.70484568],\n       [ 1.44078762,  5.81750064,  6.36615584,  2.20898914,  0.20362022,\n        -0.73157768],\n       [ 0.897961  ,  5.93685982,  6.54872797,  2.29693978,  0.2044353 ,\n        -0.79353528],\n       [ 1.57435143,  6.20968146,  5.70872718,  2.54660084,  0.19720415,\n        -0.66685448],\n       [ 0.59639227,  6.09975201,  6.07691274,  2.4309557 ,  0.21444319,\n        -0.75239397]]), array([0.43280218, 0.46099423, 0.47608418, 0.48184985, 0.49479001,\n       0.49936947, 0.56020345]))", "callback": [0.9177741133354822, 0.9090000628750021, 0.895355313748903, 0.865801896363072, 0.8253105029256552, 0.8130102522200451, 0.7918856444051372, 0.7182314531360854, 0.6019177526850175]}, "2": {"maxiter": 100, "fatol": 1e-10, "xatol": 1e-05, "duration": 0.037513017654418945, "fun": "0.4328021815883021", "nit": "100", "nfev": "149", "status": "2", "success": "False", "message": "Maximum number of iterations has been exceeded.", "x": "[ 1.39294962  6.76393315  5.96599104  2.65029604  0.20274823 -1.24210005]", "final_simplex": "(array([[ 1.39294962,  6.76393315,  5.96599104,  2.65029604,  0.20274823,\n        -1.24210005],\n       [ 1.16496158,  6.54589462,  5.8906653 ,  2.60481757,  0.21128664,\n        -1.01398503],\n       [ 1.45426765,  5.89103099,  6.53830434,  2.21250816,  0.19866577,\n        -0.70484568],\n       [ 1.44078762,  5.81750064,  6.36615584,  2.20898914,  0.20362022,\n        -0.73157768],\n       [ 0.897961  ,  5.93685982,  6.54872797,  2.29693978,  0.2044353 ,\n        -0.79353528],\n       [ 1.57435143,  6.20968146,  5.70872718,  2.54660084,  0.19720415,\n        -0.66685448],\n       [ 0.59639227,  6.09975201,  6.07691274,  2.4309557 ,  0.21444319,\n        -0.75239397]]), array([0.43280218, 0.46099423, 0.47608418, 0.48184985, 0.49479001,\n       0.49936947, 0.56020345]))", "callback": [0.9177741133354822, 0.9090000628750021, 0.895355313748903, 0.865801896363072, 0.8253105029256552, 0.8130102522200451, 0.7918856444051372, 0.7182314531360854, 0.6019177526850175]}, "3": {"maxiter": 100, "fatol": 1e-10, "xatol": 1e-10, "duration": 0.04049992561340332, "fun": "0.4328021815883021", "nit": "100", "nfev": "149", "status": "2", "success": "False", "message": "Maximum number of iterations has been exceeded.", "x": "[ 1.39294962  6.76393315  5.96599104  2.65029604  0.20274823 -1.24210005]", "final_simplex": "(array([[ 1.39294962,  6.76393315,  5.96599104,  2.65029604,  0.20274823,\n        -1.24210005],\n       [ 1.16496158,  6.54589462,  5.8906653 ,  2.60481757,  0.21128664,\n        -1.01398503],\n       [ 1.45426765,  5.89103099,  6.53830434,  2.21250816,  0.19866577,\n        -0.70484568],\n       [ 1.44078762,  5.81750064,  6.36615584,  2.20898914,  0.20362022,\n        -0.73157768],\n       [ 0.897961  ,  5.93685982,  6.54872797,  2.29693978,  0.2044353 ,\n        -0.79353528],\n       [ 1.57435143,  6.20968146,  5.70872718,  2.54660084,  0.19720415,\n        -0.66685448],\n       [ 0.59639227,  6.09975201,  6.07691274,  2.4309557 ,  0.21444319,\n        -0.75239397]]), array([0.43280218, 0.46099423, 0.47608418, 0.48184985, 0.49479001,\n       0.49936947, 0.56020345]))", "callback": [0.9177741133354822, 0.9090000628750021, 0.895355313748903, 0.865801896363072, 0.8253105029256552, 0.8130102522200451, 0.7918856444051372, 0.7182314531360854, 0.6019177526850175]}, "4": {"maxiter": 500, "fatol": 1e-05, "xatol": 1e-05, "duration": 0.19723892211914062, "fun": "0.3039720330849609", "nit": "500", "nfev": "771", "status": "2", "success": "False", "message": "Maximum number of iterations has been exceeded.", "x": "[ 2.1816771   6.30213201  6.45475094  3.42716029 -0.53163145 -2.1441036 ]", "final_simplex": "(array([[ 2.1816771 ,  6.30213201,  6.45475094,  3.42716029, -0.53163145,\n        -2.1441036 ],\n       [ 2.18547997,  6.29360284,  6.44701487,  3.42544347, -0.5198419 ,\n        -2.12752226],\n       [ 2.18559548,  6.29743539,  6.4474881 ,  3.42760022, -0.52306311,\n        -2.13862877],\n       [ 2.18285376,  6.29894653,  6.45318509,  3.42637347, -0.54982307,\n        -2.15783661],\n       [ 2.17998662,  6.29815566,  6.44648385,  3.4207776 , -0.53254056,\n        -2.14097161],\n       [ 2.18286823,  6.29891477,  6.44868598,  3.42969332, -0.52571996,\n        -2.13749203],\n       [ 2.1840626 ,  6.29998616,  6.45155601,  3.42515097, -0.52183449,\n        -2.1347302 ]]), array([0.30397203, 0.30397472, 0.3039759 , 0.30397867, 0.30398084,\n       0.30398232, 0.30398239]))", "callback": [0.9177741133354822, 0.9090000628750021, 0.895355313748903, 0.865801896363072, 0.8253105029256552, 0.8130102522200451, 0.7918856444051372, 0.7182314531360854, 0.6019177526850175, 0.4328021815883021, 0.4120222209612521, 0.40151129665813756, 0.3987181731190048, 0.39482532095512624, 0.3837221354109983, 0.3520136955489406, 0.3352486385973936, 0.33309301861744534, 0.328007384964601, 0.31616673370018145, 0.3101521687923815, 0.3078096734274479, 0.3071218937732756, 0.3070696084920106, 0.30705822225910717, 0.30705633374907293, 0.3070559262768766, 0.30705585778420286, 0.30705583338394615, 0.3070557621875434, 0.3070553822441534, 0.30705438380969496, 0.3070508572305296, 0.3070376252686824, 0.3069874007003558, 0.3068947800020133, 0.306801040167363, 0.30660891364625953, 0.30647636106530884, 0.30612323677248654, 0.3057961579355164, 0.30557750387711646, 0.3052985019639277, 0.30443096383183477, 0.30417187643861165, 0.3040819024064303, 0.3040334888885692, 0.3040048489328331, 0.30398238911331754]}, "5": {"maxiter": 500, "fatol": 1e-05, "xatol": 1e-10, "duration": 0.20686912536621094, "fun": "0.3039720330849609", "nit": "500", "nfev": "771", "status": "2", "success": "False", "message": "Maximum number of iterations has been exceeded.", "x": "[ 2.1816771   6.30213201  6.45475094  3.42716029 -0.53163145 -2.1441036 ]", "final_simplex": "(array([[ 2.1816771 ,  6.30213201,  6.45475094,  3.42716029, -0.53163145,\n        -2.1441036 ],\n       [ 2.18547997,  6.29360284,  6.44701487,  3.42544347, -0.5198419 ,\n        -2.12752226],\n       [ 2.18559548,  6.29743539,  6.4474881 ,  3.42760022, -0.52306311,\n        -2.13862877],\n       [ 2.18285376,  6.29894653,  6.45318509,  3.42637347, -0.54982307,\n        -2.15783661],\n       [ 2.17998662,  6.29815566,  6.44648385,  3.4207776 , -0.53254056,\n        -2.14097161],\n       [ 2.18286823,  6.29891477,  6.44868598,  3.42969332, -0.52571996,\n        -2.13749203],\n       [ 2.1840626 ,  6.29998616,  6.45155601,  3.42515097, -0.52183449,\n        -2.1347302 ]]), array([0.30397203, 0.30397472, 0.3039759 , 0.30397867, 0.30398084,\n       0.30398232, 0.30398239]))", "callback": [0.9177741133354822, 0.9090000628750021, 0.895355313748903, 0.865801896363072, 0.8253105029256552, 0.8130102522200451, 0.7918856444051372, 0.7182314531360854, 0.6019177526850175, 0.4328021815883021, 0.4120222209612521, 0.40151129665813756, 0.3987181731190048, 0.39482532095512624, 0.3837221354109983, 0.3520136955489406, 0.3352486385973936, 0.33309301861744534, 0.328007384964601, 0.31616673370018145, 0.3101521687923815, 0.3078096734274479, 0.3071218937732756, 0.3070696084920106, 0.30705822225910717, 0.30705633374907293, 0.3070559262768766, 0.30705585778420286, 0.30705583338394615, 0.3070557621875434, 0.3070553822441534, 0.30705438380969496, 0.3070508572305296, 0.3070376252686824, 0.3069874007003558, 0.3068947800020133, 0.306801040167363, 0.30660891364625953, 0.30647636106530884, 0.30612323677248654, 0.3057961579355164, 0.30557750387711646, 0.3052985019639277, 0.30443096383183477, 0.30417187643861165, 0.3040819024064303, 0.3040334888885692, 0.3040048489328331, 0.30398238911331754]}, "6": {"maxiter": 500, "fatol": 1e-10, "xatol": 1e-05, "duration": 0.2523159980773926, "fun": "0.3039720330849609", "nit": "500", "nfev": "771", "status": "2", "success": "False", "message": "Maximum number of iterations has been exceeded.", "x": "[ 2.1816771   6.30213201  6.45475094  3.42716029 -0.53163145 -2.1441036 ]", "final_simplex": "(array([[ 2.1816771 ,  6.30213201,  6.45475094,  3.42716029, -0.53163145,\n        -2.1441036 ],\n       [ 2.18547997,  6.29360284,  6.44701487,  3.42544347, -0.5198419 ,\n        -2.12752226],\n       [ 2.18559548,  6.29743539,  6.4474881 ,  3.42760022, -0.52306311,\n        -2.13862877],\n       [ 2.18285376,  6.29894653,  6.45318509,  3.42637347, -0.54982307,\n        -2.15783661],\n       [ 2.17998662,  6.29815566,  6.44648385,  3.4207776 , -0.53254056,\n        -2.14097161],\n       [ 2.18286823,  6.29891477,  6.44868598,  3.42969332, -0.52571996,\n        -2.13749203],\n       [ 2.1840626 ,  6.29998616,  6.45155601,  3.42515097, -0.52183449,\n        -2.1347302 ]]), array([0.30397203, 0.30397472, 0.3039759 , 0.30397867, 0.30398084,\n       0.30398232, 0.30398239]))", "callback": [0.9177741133354822, 0.9090000628750021, 0.895355313748903, 0.865801896363072, 0.8253105029256552, 0.8130102522200451, 0.7918856444051372, 0.7182314531360854, 0.6019177526850175, 0.4328021815883021, 0.4120222209612521, 0.40151129665813756, 0.3987181731190048, 0.39482532095512624, 0.3837221354109983, 0.3520136955489406, 0.3352486385973936, 0.33309301861744534, 0.328007384964601, 0.31616673370018145, 0.3101521687923815, 0.3078096734274479, 0.3071218937732756, 0.3070696084920106, 0.30705822225910717, 0.30705633374907293, 0.3070559262768766, 0.30705585778420286, 0.30705583338394615, 0.3070557621875434, 0.3070553822441534, 0.30705438380969496, 0.3070508572305296, 0.3070376252686824, 0.3069874007003558, 0.3068947800020133, 0.306801040167363, 0.30660891364625953, 0.30647636106530884, 0.30612323677248654, 0.3057961579355164, 0.30557750387711646, 0.3052985019639277, 0.30443096383183477, 0.30417187643861165, 0.3040819024064303, 0.3040334888885692, 0.3040048489328331, 0.30398238911331754]}, "7": {"maxiter": 500, "fatol": 1e-10, "xatol": 1e-10, "duration": 0.21447300910949707, "fun": "0.3039720330849609", "nit": "500", "nfev": "771", "status": "2", "success": "False", "message": "Maximum number of iterations has been exceeded.", "x": "[ 2.1816771   6.30213201  6.45475094  3.42716029 -0.53163145 -2.1441036 ]", "final_simplex": "(array([[ 2.1816771 ,  6.30213201,  6.45475094,  3.42716029, -0.53163145,\n        -2.1441036 ],\n       [ 2.18547997,  6.29360284,  6.44701487,  3.42544347, -0.5198419 ,\n        -2.12752226],\n       [ 2.18559548,  6.29743539,  6.4474881 ,  3.42760022, -0.52306311,\n        -2.13862877],\n       [ 2.18285376,  6.29894653,  6.45318509,  3.42637347, -0.54982307,\n        -2.15783661],\n       [ 2.17998662,  6.29815566,  6.44648385,  3.4207776 , -0.53254056,\n        -2.14097161],\n       [ 2.18286823,  6.29891477,  6.44868598,  3.42969332, -0.52571996,\n        -2.13749203],\n       [ 2.1840626 ,  6.29998616,  6.45155601,  3.42515097, -0.52183449,\n        -2.1347302 ]]), array([0.30397203, 0.30397472, 0.3039759 , 0.30397867, 0.30398084,\n       0.30398232, 0.30398239]))", "callback": [0.9177741133354822, 0.9090000628750021, 0.895355313748903, 0.865801896363072, 0.8253105029256552, 0.8130102522200451, 0.7918856444051372, 0.7182314531360854, 0.6019177526850175, 0.4328021815883021, 0.4120222209612521, 0.40151129665813756, 0.3987181731190048, 0.39482532095512624, 0.3837221354109983, 0.3520136955489406, 0.3352486385973936, 0.33309301861744534, 0.328007384964601, 0.31616673370018145, 0.3101521687923815, 0.3078096734274479, 0.3071218937732756, 0.3070696084920106, 0.30705822225910717, 0.30705633374907293, 0.3070559262768766, 0.30705585778420286, 0.30705583338394615, 0.3070557621875434, 0.3070553822441534, 0.30705438380969496, 0.3070508572305296, 0.3070376252686824, 0.3069874007003558, 0.3068947800020133, 0.306801040167363, 0.30660891364625953, 0.30647636106530884, 0.30612323677248654, 0.3057961579355164, 0.30557750387711646, 0.3052985019639277, 0.30443096383183477, 0.30417187643861165, 0.3040819024064303, 0.3040334888885692, 0.3040048489328331, 0.30398238911331754]}, "8": {"maxiter": 1000, "fatol": 1e-05, "xatol": 1e-05, "duration": 0.28324198722839355, "fun": "0.30361913525708906", "nit": "669", "nfev": "1055", "status": "0", "success": "True", "message": "Optimization terminated successfully.", "x": "[ 2.14492996  6.26607641  6.45261052  3.41791557 -0.5838821  -2.19395211]", "final_simplex": "(array([[ 2.14492996,  6.26607641,  6.45261052,  3.41791557, -0.5838821 ,\n        -2.19395211],\n       [ 2.14493116,  6.26607615,  6.45261031,  3.41791614, -0.58388481,\n        -2.19395377],\n       [ 2.14492922,  6.26607549,  6.45261162,  3.41791752, -0.5838831 ,\n        -2.19395087],\n       [ 2.14492804,  6.26607498,  6.45260918,  3.4179146 , -0.58389109,\n        -2.19395968],\n       [ 2.14493002,  6.26607497,  6.4526099 ,  3.4179179 , -0.58388923,\n        -2.19395866],\n       [ 2.1449318 ,  6.26607344,  6.45260893,  3.4179172 , -0.58387429,\n        -2.19394381],\n       [ 2.14492991,  6.26607463,  6.45260781,  3.41791809, -0.5838805 ,\n        -2.19395001]]), array([0.30361914, 0.30361914, 0.30361914, 0.30361914, 0.30361914,\n       0.30361914, 0.30361914]))", "callback": [0.9177741133354822, 0.9090000628750021, 0.895355313748903, 0.865801896363072, 0.8253105029256552, 0.8130102522200451, 0.7918856444051372, 0.7182314531360854, 0.6019177526850175, 0.4328021815883021, 0.4120222209612521, 0.40151129665813756, 0.3987181731190048, 0.39482532095512624, 0.3837221354109983, 0.3520136955489406, 0.3352486385973936, 0.33309301861744534, 0.328007384964601, 0.31616673370018145, 0.3101521687923815, 0.3078096734274479, 0.3071218937732756, 0.3070696084920106, 0.30705822225910717, 0.30705633374907293, 0.3070559262768766, 0.30705585778420286, 0.30705583338394615, 0.3070557621875434, 0.3070553822441534, 0.30705438380969496, 0.3070508572305296, 0.3070376252686824, 0.3069874007003558, 0.3068947800020133, 0.306801040167363, 0.30660891364625953, 0.30647636106530884, 0.30612323677248654, 0.3057961579355164, 0.30557750387711646, 0.3052985019639277, 0.30443096383183477, 0.30417187643861165, 0.3040819024064303, 0.3040334888885692, 0.3040048489328331, 0.30398238911331754, 0.30396748618711755, 0.3039366752405439, 0.30385706755245834, 0.3037452561452656, 0.30369748174385247, 0.30363847257655574, 0.3036261163625149, 0.30362206876676545, 0.30361998481549346, 0.3036192594285869, 0.30361917057760435, 0.3036191382302711, 0.30361913568762233, 0.30361913535302065, 0.30361913527932116, 0.30361913526051576, 0.30361913525790973]}, "9": {"maxiter": 1000, "fatol": 1e-05, "xatol": 1e-10, "duration": 0.3152639865875244, "fun": "0.30361913525670614", "nit": "743", "nfev": "1242", "status": "0", "success": "True", "message": "Optimization terminated successfully.", "x": "[ 2.14492937  6.26607539  6.45261005  3.41791628 -0.58388369 -2.19395255]", "final_simplex": "(array([[ 2.14492937,  6.26607539,  6.45261005,  3.41791628, -0.58388369,\n        -2.19395255],\n       [ 2.14492937,  6.26607539,  6.45261005,  3.41791628, -0.58388369,\n        -2.19395255],\n       [ 2.14492937,  6.26607539,  6.45261005,  3.41791628, -0.58388369,\n        -2.19395255],\n       [ 2.14492937,  6.26607539,  6.45261005,  3.41791628, -0.58388369,\n        -2.19395255],\n       [ 2.14492937,  6.26607539,  6.45261005,  3.41791628, -0.58388369,\n        -2.19395255],\n       [ 2.14492937,  6.26607539,  6.45261005,  3.41791628, -0.58388369,\n        -2.19395255],\n       [ 2.14492937,  6.26607539,  6.45261005,  3.41791628, -0.58388369,\n        -2.19395255]]), array([0.30361914, 0.30361914, 0.30361914, 0.30361914, 0.30361914,\n       0.30361914, 0.30361914]))", "callback": [0.9177741133354822, 0.9090000628750021, 0.895355313748903, 0.865801896363072, 0.8253105029256552, 0.8130102522200451, 0.7918856444051372, 0.7182314531360854, 0.6019177526850175, 0.4328021815883021, 0.4120222209612521, 0.40151129665813756, 0.3987181731190048, 0.39482532095512624, 0.3837221354109983, 0.3520136955489406, 0.3352486385973936, 0.33309301861744534, 0.328007384964601, 0.31616673370018145, 0.3101521687923815, 0.3078096734274479, 0.3071218937732756, 0.3070696084920106, 0.30705822225910717, 0.30705633374907293, 0.3070559262768766, 0.30705585778420286, 0.30705583338394615, 0.3070557621875434, 0.3070553822441534, 0.30705438380969496, 0.3070508572305296, 0.3070376252686824, 0.3069874007003558, 0.3068947800020133, 0.306801040167363, 0.30660891364625953, 0.30647636106530884, 0.30612323677248654, 0.3057961579355164, 0.30557750387711646, 0.3052985019639277, 0.30443096383183477, 0.30417187643861165, 0.3040819024064303, 0.3040334888885692, 0.3040048489328331, 0.30398238911331754, 0.30396748618711755, 0.3039366752405439, 0.30385706755245834, 0.3037452561452656, 0.30369748174385247, 0.30363847257655574, 0.3036261163625149, 0.30362206876676545, 0.30361998481549346, 0.3036192594285869, 0.30361917057760435, 0.3036191382302711, 0.30361913568762233, 0.30361913535302065, 0.30361913527932116, 0.30361913526051576, 0.30361913525790973, 0.3036191352569555, 0.303619135256745, 0.3036191352567148, 0.3036191352567086, 0.3036191352567066, 0.30361913525670636, 0.30361913525670625, 0.30361913525670614]}, "10": {"maxiter": 1000, "fatol": 1e-10, "xatol": 1e-05, "duration": 0.29114198684692383, "fun": "0.30361913525708906", "nit": "669", "nfev": "1055", "status": "0", "success": "True", "message": "Optimization terminated successfully.", "x": "[ 2.14492996  6.26607641  6.45261052  3.41791557 -0.5838821  -2.19395211]", "final_simplex": "(array([[ 2.14492996,  6.26607641,  6.45261052,  3.41791557, -0.5838821 ,\n        -2.19395211],\n       [ 2.14493116,  6.26607615,  6.45261031,  3.41791614, -0.58388481,\n        -2.19395377],\n       [ 2.14492922,  6.26607549,  6.45261162,  3.41791752, -0.5838831 ,\n        -2.19395087],\n       [ 2.14492804,  6.26607498,  6.45260918,  3.4179146 , -0.58389109,\n        -2.19395968],\n       [ 2.14493002,  6.26607497,  6.4526099 ,  3.4179179 , -0.58388923,\n        -2.19395866],\n       [ 2.1449318 ,  6.26607344,  6.45260893,  3.4179172 , -0.58387429,\n        -2.19394381],\n       [ 2.14492991,  6.26607463,  6.45260781,  3.41791809, -0.5838805 ,\n        -2.19395001]]), array([0.30361914, 0.30361914, 0.30361914, 0.30361914, 0.30361914,\n       0.30361914, 0.30361914]))", "callback": [0.9177741133354822, 0.9090000628750021, 0.895355313748903, 0.865801896363072, 0.8253105029256552, 0.8130102522200451, 0.7918856444051372, 0.7182314531360854, 0.6019177526850175, 0.4328021815883021, 0.4120222209612521, 0.40151129665813756, 0.3987181731190048, 0.39482532095512624, 0.3837221354109983, 0.3520136955489406, 0.3352486385973936, 0.33309301861744534, 0.328007384964601, 0.31616673370018145, 0.3101521687923815, 0.3078096734274479, 0.3071218937732756, 0.3070696084920106, 0.30705822225910717, 0.30705633374907293, 0.3070559262768766, 0.30705585778420286, 0.30705583338394615, 0.3070557621875434, 0.3070553822441534, 0.30705438380969496, 0.3070508572305296, 0.3070376252686824, 0.3069874007003558, 0.3068947800020133, 0.306801040167363, 0.30660891364625953, 0.30647636106530884, 0.30612323677248654, 0.3057961579355164, 0.30557750387711646, 0.3052985019639277, 0.30443096383183477, 0.30417187643861165, 0.3040819024064303, 0.3040334888885692, 0.3040048489328331, 0.30398238911331754, 0.30396748618711755, 0.3039366752405439, 0.30385706755245834, 0.3037452561452656, 0.30369748174385247, 0.30363847257655574, 0.3036261163625149, 0.30362206876676545, 0.30361998481549346, 0.3036192594285869, 0.30361917057760435, 0.3036191382302711, 0.30361913568762233, 0.30361913535302065, 0.30361913527932116, 0.30361913526051576, 0.30361913525790973]}, "11": {"maxiter": 1000, "fatol": 1e-10, "xatol": 1e-10, "duration": 0.29720520973205566, "fun": "0.30361913525670614", "nit": "743", "nfev": "1242", "status": "0", "success": "True", "message": "Optimization terminated successfully.", "x": "[ 2.14492937  6.26607539  6.45261005  3.41791628 -0.58388369 -2.19395255]", "final_simplex": "(array([[ 2.14492937,  6.26607539,  6.45261005,  3.41791628, -0.58388369,\n        -2.19395255],\n       [ 2.14492937,  6.26607539,  6.45261005,  3.41791628, -0.58388369,\n        -2.19395255],\n       [ 2.14492937,  6.26607539,  6.45261005,  3.41791628, -0.58388369,\n        -2.19395255],\n       [ 2.14492937,  6.26607539,  6.45261005,  3.41791628, -0.58388369,\n        -2.19395255],\n       [ 2.14492937,  6.26607539,  6.45261005,  3.41791628, -0.58388369,\n        -2.19395255],\n       [ 2.14492937,  6.26607539,  6.45261005,  3.41791628, -0.58388369,\n        -2.19395255],\n       [ 2.14492937,  6.26607539,  6.45261005,  3.41791628, -0.58388369,\n        -2.19395255]]), array([0.30361914, 0.30361914, 0.30361914, 0.30361914, 0.30361914,\n       0.30361914, 0.30361914]))", "callback": [0.9177741133354822, 0.9090000628750021, 0.895355313748903, 0.865801896363072, 0.8253105029256552, 0.8130102522200451, 0.7918856444051372, 0.7182314531360854, 0.6019177526850175, 0.4328021815883021, 0.4120222209612521, 0.40151129665813756, 0.3987181731190048, 0.39482532095512624, 0.3837221354109983, 0.3520136955489406, 0.3352486385973936, 0.33309301861744534, 0.328007384964601, 0.31616673370018145, 0.3101521687923815, 0.3078096734274479, 0.3071218937732756, 0.3070696084920106, 0.30705822225910717, 0.30705633374907293, 0.3070559262768766, 0.30705585778420286, 0.30705583338394615, 0.3070557621875434, 0.3070553822441534, 0.30705438380969496, 0.3070508572305296, 0.3070376252686824, 0.3069874007003558, 0.3068947800020133, 0.306801040167363, 0.30660891364625953, 0.30647636106530884, 0.30612323677248654, 0.3057961579355164, 0.30557750387711646, 0.3052985019639277, 0.30443096383183477, 0.30417187643861165, 0.3040819024064303, 0.3040334888885692, 0.3040048489328331, 0.30398238911331754, 0.30396748618711755, 0.3039366752405439, 0.30385706755245834, 0.3037452561452656, 0.30369748174385247, 0.30363847257655574, 0.3036261163625149, 0.30362206876676545, 0.30361998481549346, 0.3036192594285869, 0.30361917057760435, 0.3036191382302711, 0.30361913568762233, 0.30361913535302065, 0.30361913527932116, 0.30361913526051576, 0.30361913525790973, 0.3036191352569555, 0.303619135256745, 0.3036191352567148, 0.3036191352567086, 0.3036191352567066, 0.30361913525670636, 0.30361913525670625, 0.30361913525670614]}}, "bfgs": {"type": "gradient", "0": {"maxiter": 100, "gtol": 1e-05, "xrtol": 1e-05, "eps": 1e-05, "duration": 0.07599997520446777, "fun": "0.3036191357995057", "jac": "[-4.63729055e-06 -5.40605338e-06  1.84873228e-06  2.75124368e-06\n  9.12292464e-06 -8.75159945e-06]", "hess_inv": "[[ 5.87144261e+00 -1.73793142e+00 -1.06025399e+00 -1.70767507e+00\n   1.01711709e+01  9.63783191e+00]\n [-1.73793142e+00  6.16084991e+00  2.87660667e+00  7.25511510e-01\n  -4.35826691e+00 -6.18312310e+00]\n [-1.06025399e+00  2.87660667e+00  4.76678364e+00  4.80266285e-02\n  -2.53439489e+00 -2.67724151e+00]\n [-1.70767507e+00  7.25511510e-01  4.80266285e-02  3.41365942e+00\n  -2.47224395e+00 -1.99441290e+00]\n [ 1.01711709e+01 -4.35826691e+00 -2.53439489e+00 -2.47224395e+00\n   6.10481170e+01  6.02397799e+01]\n [ 9.63783191e+00 -6.18312310e+00 -2.67724151e+00 -1.99441290e+00\n   6.02397799e+01  6.34613421e+01]]", "nfev": "322", "njev": "46", "status": "0", "success": "True", "message": "Optimization terminated successfully.", "x": "[ 8.42806325 -0.01711071  6.45260703  2.86528325  2.55752335  0.94742679]", "nit": "32", "callback": [0.44997433984305935, 0.3101930471882062, 0.3036194092401576]}, "1": {"maxiter": 100, "gtol": 1e-05, "xrtol": 1e-05, "eps": 1e-10, "duration": 0.08925080299377441, "fun": "0.30361913548796493", "jac": "[-2.22044587e-06 -5.55111505e-06  4.44089173e-06  1.11022293e-06\n  8.88178346e-06 -1.11022293e-05]", "hess_inv": "[[ 5.36782636e+00 -1.47783722e+00 -1.02246000e+00 -1.57389052e+00\n   7.13680259e+00  6.87993075e+00]\n [-1.47783722e+00  6.09271434e+00  2.91338796e+00  6.47864950e-01\n  -3.48519178e+00 -5.28986251e+00]\n [-1.02246000e+00  2.91338796e+00  4.82126913e+00  2.52320155e-02\n  -2.88841434e+00 -2.94109232e+00]\n [-1.57389052e+00  6.47864950e-01  2.52320155e-02  3.38469426e+00\n  -1.78808629e+00 -1.36817207e+00]\n [ 7.13680259e+00 -3.48519178e+00 -2.88841434e+00 -1.78808629e+00\n   4.80003982e+01  4.73283507e+01]\n [ 6.87993075e+00 -5.28986251e+00 -2.94109232e+00 -1.36817207e+00\n   4.73283507e+01  5.09310394e+01]]", "nfev": "343", "njev": "49", "status": "0", "success": "True", "message": "Optimization terminated successfully.", "x": "[ 8.42808963 -0.01710885  6.45261952  2.86527419  2.55762904  0.94753269]", "nit": "33", "callback": [0.45046999315696357, 0.3102344530425709, 0.30361939889747025]}, "2": {"maxiter": 100, "gtol": 1e-05, "xrtol": 1e-10, "eps": 1e-05, "duration": 0.09323501586914062, "fun": "0.3036191357995057", "jac": "[-4.63729055e-06 -5.40605338e-06  1.84873228e-06  2.75124368e-06\n  9.12292464e-06 -8.75159945e-06]", "hess_inv": "[[ 5.87144261e+00 -1.73793142e+00 -1.06025399e+00 -1.70767507e+00\n   1.01711709e+01  9.63783191e+00]\n [-1.73793142e+00  6.16084991e+00  2.87660667e+00  7.25511510e-01\n  -4.35826691e+00 -6.18312310e+00]\n [-1.06025399e+00  2.87660667e+00  4.76678364e+00  4.80266285e-02\n  -2.53439489e+00 -2.67724151e+00]\n [-1.70767507e+00  7.25511510e-01  4.80266285e-02  3.41365942e+00\n  -2.47224395e+00 -1.99441290e+00]\n [ 1.01711709e+01 -4.35826691e+00 -2.53439489e+00 -2.47224395e+00\n   6.10481170e+01  6.02397799e+01]\n [ 9.63783191e+00 -6.18312310e+00 -2.67724151e+00 -1.99441290e+00\n   6.02397799e+01  6.34613421e+01]]", "nfev": "322", "njev": "46", "status": "0", "success": "True", "message": "Optimization terminated successfully.", "x": "[ 8.42806325 -0.01711071  6.45260703  2.86528325  2.55752335  0.94742679]", "nit": "32", "callback": [0.44997433984305935, 0.3101930471882062, 0.3036194092401576]}, "3": {"maxiter": 100, "gtol": 1e-05, "xrtol": 1e-10, "eps": 1e-10, "duration": 0.11989402770996094, "fun": "0.3036191354753415", "jac": "[-3.33066880e-06 -4.44089204e-06  4.44089173e-06  0.00000000e+00\n  6.66133760e-06 -8.88178346e-06]", "hess_inv": "[[ 4.24823152 -0.8753576  -0.70205269 -1.30496227  0.0900874  -0.33176222]\n [-0.8753576   5.77120042  2.72653048  0.50759225  0.24450341 -1.4137339 ]\n [-0.70205269  2.72653048  4.80695836 -0.075546   -0.53786664 -0.85232642]\n [-1.30496227  0.50759225 -0.075546    3.32742687 -0.19821937  0.35641946]\n [ 0.0900874   0.24450341 -0.53786664 -0.19821937  5.08926675  2.04554832]\n [-0.33176222 -1.4137339  -0.85232642  0.35641946  2.04554832  4.48608078]]", "nfev": "350", "njev": "50", "status": "0", "success": "True", "message": "Optimization terminated successfully.", "x": "[ 8.42808976 -0.01710886  6.45261917  2.86527425  2.55762852  0.94753343]", "nit": "34", "callback": [0.45046999315696357, 0.3102344530425709, 0.30361939889747025]}, "4": {"maxiter": 100, "gtol": 1e-10, "xrtol": 1e-05, "eps": 1e-05, "duration": 0.08847689628601074, "fun": "0.303619135520493", "jac": "[-1.46893608e-07 -5.14466247e-07  3.73312492e-07  7.51632090e-07\n  7.70861153e-07 -6.39344133e-07]", "hess_inv": "[[ 6.05181827e+00 -1.68708747e+00 -1.04664787e+00 -1.81043059e+00\n   1.01609066e+01  9.90506529e+00]\n [-1.68708747e+00  6.13914434e+00  2.88695189e+00  7.25733671e-01\n  -4.12173880e+00 -5.96421313e+00]\n [-1.04664787e+00  2.88695189e+00  4.76663399e+00  3.50031467e-02\n  -2.57841933e+00 -2.68302098e+00]\n [-1.81043059e+00  7.25733671e-01  3.50031467e-02  3.44855835e+00\n  -2.66030420e+00 -2.26293688e+00]\n [ 1.01609066e+01 -4.12173880e+00 -2.57841933e+00 -2.66030420e+00\n   5.94580574e+01  5.92706525e+01]\n [ 9.90506529e+00 -5.96421313e+00 -2.68302098e+00 -2.26293688e+00\n   5.92706525e+01  6.32851855e+01]]", "nfev": "329", "njev": "47", "status": "0", "success": "True", "message": "Optimization terminated successfully.", "x": "[ 8.42808309 -0.01710728  6.45260892  2.86527369  2.55753656  0.94746479]", "nit": "33", "callback": [0.44997433984305935, 0.3101930471882062, 0.3036194092401576]}, "5": {"maxiter": 100, "gtol": 1e-10, "xrtol": 1e-05, "eps": 1e-10, "duration": 0.09748125076293945, "fun": "0.30361913548796493", "jac": "[-2.22044587e-06 -5.55111505e-06  4.44089173e-06  1.11022293e-06\n  8.88178346e-06 -1.11022293e-05]", "hess_inv": "[[ 5.36782636e+00 -1.47783722e+00 -1.02246000e+00 -1.57389052e+00\n   7.13680259e+00  6.87993075e+00]\n [-1.47783722e+00  6.09271434e+00  2.91338796e+00  6.47864950e-01\n  -3.48519178e+00 -5.28986251e+00]\n [-1.02246000e+00  2.91338796e+00  4.82126913e+00  2.52320155e-02\n  -2.88841434e+00 -2.94109232e+00]\n [-1.57389052e+00  6.47864950e-01  2.52320155e-02  3.38469426e+00\n  -1.78808629e+00 -1.36817207e+00]\n [ 7.13680259e+00 -3.48519178e+00 -2.88841434e+00 -1.78808629e+00\n   4.80003982e+01  4.73283507e+01]\n [ 6.87993075e+00 -5.28986251e+00 -2.94109232e+00 -1.36817207e+00\n   4.73283507e+01  5.09310394e+01]]", "nfev": "343", "njev": "49", "status": "0", "success": "True", "message": "Optimization terminated successfully.", "x": "[ 8.42808963 -0.01710885  6.45261952  2.86527419  2.55762904  0.94753269]", "nit": "33", "callback": [0.45046999315696357, 0.3102344530425709, 0.30361939889747025]}, "6": {"maxiter": 100, "gtol": 1e-10, "xrtol": 1e-10, "eps": 1e-05, "duration": 0.13751792907714844, "fun": "0.303619135520493", "jac": "[-1.46893608e-07 -5.14466247e-07  3.73312492e-07  7.51632090e-07\n  7.70861153e-07 -6.39344133e-07]", "hess_inv": "[[ 6.00213954e+00 -1.65824395e+00 -1.06549763e+00 -1.89572954e+00\n   9.76922962e+00  9.52106915e+00]\n [-1.65824395e+00  6.15062407e+00  2.88724761e+00  6.92926485e-01\n  -4.16465426e+00 -5.95901446e+00]\n [-1.06549763e+00  2.88724761e+00  4.76349894e+00  3.36978698e-02\n  -2.62505408e+00 -2.74657496e+00]\n [-1.89572954e+00  6.92926485e-01  3.36978698e-02  3.54224851e+00\n  -2.54432566e+00 -2.28711956e+00]\n [ 9.76922962e+00 -4.16465426e+00 -2.62505408e+00 -2.54432566e+00\n   5.89588876e+01  5.83285419e+01]\n [ 9.52106915e+00 -5.95901446e+00 -2.74657496e+00 -2.28711956e+00\n   5.83285419e+01  6.19968690e+01]]", "nfev": "550", "njev": "77", "status": "2", "success": "False", "message": "Desired error not necessarily achieved due to precision loss.", "x": "[ 8.42808309 -0.01710728  6.45260892  2.86527369  2.55753656  0.94746479]", "nit": "33", "callback": [0.44997433984305935, 0.3101930471882062, 0.3036194092401576]}, "7": {"maxiter": 100, "gtol": 1e-10, "xrtol": 1e-10, "eps": 1e-10, "duration": 0.12334895133972168, "fun": "0.3036191353125999", "jac": "[ 2.22044587e-06  1.11022301e-06  0.00000000e+00  2.22044587e-06\n  0.00000000e+00 -2.22044587e-06]", "hess_inv": "[[ 0.24352467 -0.04141839 -0.06463908  0.00243858  0.06960003  0.24560492]\n [-0.04141839  0.29729416 -0.34669861  0.03126358  0.04737704  0.09867712]\n [-0.06463908 -0.34669861  0.74418169 -0.11811022 -0.10470235  0.09440442]\n [ 0.00243858  0.03126358 -0.11811022  0.44951511  0.0366954  -0.0816488 ]\n [ 0.06960003  0.04737704 -0.10470235  0.0366954   0.11957206  0.00579979]\n [ 0.24560492  0.09867712  0.09440442 -0.0816488   0.00579979  1.11807664]]", "nfev": "511", "njev": "73", "status": "0", "success": "True", "message": "Optimization terminated successfully.", "x": "[ 8.42810524 -0.01710364  6.45261169  2.86527393  2.55763134  0.94755779]", "nit": "46", "callback": [0.45046999315696357, 0.3102344530425709, 0.30361939889747025, 0.3036191353392712]}, "8": {"maxiter": 500, "gtol": 1e-05, "xrtol": 1e-05, "eps": 1e-05, "duration": 0.0954749584197998, "fun": "0.3036191357995057", "jac": "[-4.63729055e-06 -5.40605338e-06  1.84873228e-06  2.75124368e-06\n  9.12292464e-06 -8.75159945e-06]", "hess_inv": "[[ 5.87144261e+00 -1.73793142e+00 -1.06025399e+00 -1.70767507e+00\n   1.01711709e+01  9.63783191e+00]\n [-1.73793142e+00  6.16084991e+00  2.87660667e+00  7.25511510e-01\n  -4.35826691e+00 -6.18312310e+00]\n [-1.06025399e+00  2.87660667e+00  4.76678364e+00  4.80266285e-02\n  -2.53439489e+00 -2.67724151e+00]\n [-1.70767507e+00  7.25511510e-01  4.80266285e-02  3.41365942e+00\n  -2.47224395e+00 -1.99441290e+00]\n [ 1.01711709e+01 -4.35826691e+00 -2.53439489e+00 -2.47224395e+00\n   6.10481170e+01  6.02397799e+01]\n [ 9.63783191e+00 -6.18312310e+00 -2.67724151e+00 -1.99441290e+00\n   6.02397799e+01  6.34613421e+01]]", "nfev": "322", "njev": "46", "status": "0", "success": "True", "message": "Optimization terminated successfully.", "x": "[ 8.42806325 -0.01711071  6.45260703  2.86528325  2.55752335  0.94742679]", "nit": "32", "callback": [0.44997433984305935, 0.3101930471882062, 0.3036194092401576]}, "9": {"maxiter": 500, "gtol": 1e-05, "xrtol": 1e-05, "eps": 1e-10, "duration": 0.08503293991088867, "fun": "0.30361913548796493", "jac": "[-2.22044587e-06 -5.55111505e-06  4.44089173e-06  1.11022293e-06\n  8.88178346e-06 -1.11022293e-05]", "hess_inv": "[[ 5.36782636e+00 -1.47783722e+00 -1.02246000e+00 -1.57389052e+00\n   7.13680259e+00  6.87993075e+00]\n [-1.47783722e+00  6.09271434e+00  2.91338796e+00  6.47864950e-01\n  -3.48519178e+00 -5.28986251e+00]\n [-1.02246000e+00  2.91338796e+00  4.82126913e+00  2.52320155e-02\n  -2.88841434e+00 -2.94109232e+00]\n [-1.57389052e+00  6.47864950e-01  2.52320155e-02  3.38469426e+00\n  -1.78808629e+00 -1.36817207e+00]\n [ 7.13680259e+00 -3.48519178e+00 -2.88841434e+00 -1.78808629e+00\n   4.80003982e+01  4.73283507e+01]\n [ 6.87993075e+00 -5.28986251e+00 -2.94109232e+00 -1.36817207e+00\n   4.73283507e+01  5.09310394e+01]]", "nfev": "343", "njev": "49", "status": "0", "success": "True", "message": "Optimization terminated successfully.", "x": "[ 8.42808963 -0.01710885  6.45261952  2.86527419  2.55762904  0.94753269]", "nit": "33", "callback": [0.45046999315696357, 0.3102344530425709, 0.30361939889747025]}, "10": {"maxiter": 500, "gtol": 1e-05, "xrtol": 1e-10, "eps": 1e-05, "duration": 0.0770721435546875, "fun": "0.3036191357995057", "jac": "[-4.63729055e-06 -5.40605338e-06  1.84873228e-06  2.75124368e-06\n  9.12292464e-06 -8.75159945e-06]", "hess_inv": "[[ 5.87144261e+00 -1.73793142e+00 -1.06025399e+00 -1.70767507e+00\n   1.01711709e+01  9.63783191e+00]\n [-1.73793142e+00  6.16084991e+00  2.87660667e+00  7.25511510e-01\n  -4.35826691e+00 -6.18312310e+00]\n [-1.06025399e+00  2.87660667e+00  4.76678364e+00  4.80266285e-02\n  -2.53439489e+00 -2.67724151e+00]\n [-1.70767507e+00  7.25511510e-01  4.80266285e-02  3.41365942e+00\n  -2.47224395e+00 -1.99441290e+00]\n [ 1.01711709e+01 -4.35826691e+00 -2.53439489e+00 -2.47224395e+00\n   6.10481170e+01  6.02397799e+01]\n [ 9.63783191e+00 -6.18312310e+00 -2.67724151e+00 -1.99441290e+00\n   6.02397799e+01  6.34613421e+01]]", "nfev": "322", "njev": "46", "status": "0", "success": "True", "message": "Optimization terminated successfully.", "x": "[ 8.42806325 -0.01711071  6.45260703  2.86528325  2.55752335  0.94742679]", "nit": "32", "callback": [0.44997433984305935, 0.3101930471882062, 0.3036194092401576]}, "11": {"maxiter": 500, "gtol": 1e-05, "xrtol": 1e-10, "eps": 1e-10, "duration": 0.08399677276611328, "fun": "0.3036191354753415", "jac": "[-3.33066880e-06 -4.44089204e-06  4.44089173e-06  0.00000000e+00\n  6.66133760e-06 -8.88178346e-06]", "hess_inv": "[[ 4.24823152 -0.8753576  -0.70205269 -1.30496227  0.0900874  -0.33176222]\n [-0.8753576   5.77120042  2.72653048  0.50759225  0.24450341 -1.4137339 ]\n [-0.70205269  2.72653048  4.80695836 -0.075546   -0.53786664 -0.85232642]\n [-1.30496227  0.50759225 -0.075546    3.32742687 -0.19821937  0.35641946]\n [ 0.0900874   0.24450341 -0.53786664 -0.19821937  5.08926675  2.04554832]\n [-0.33176222 -1.4137339  -0.85232642  0.35641946  2.04554832  4.48608078]]", "nfev": "350", "njev": "50", "status": "0", "success": "True", "message": "Optimization terminated successfully.", "x": "[ 8.42808976 -0.01710886  6.45261917  2.86527425  2.55762852  0.94753343]", "nit": "34", "callback": [0.45046999315696357, 0.3102344530425709, 0.30361939889747025]}, "12": {"maxiter": 500, "gtol": 1e-10, "xrtol": 1e-05, "eps": 1e-05, "duration": 0.07882094383239746, "fun": "0.303619135520493", "jac": "[-1.46893608e-07 -5.14466247e-07  3.73312492e-07  7.51632090e-07\n  7.70861153e-07 -6.39344133e-07]", "hess_inv": "[[ 6.05181827e+00 -1.68708747e+00 -1.04664787e+00 -1.81043059e+00\n   1.01609066e+01  9.90506529e+00]\n [-1.68708747e+00  6.13914434e+00  2.88695189e+00  7.25733671e-01\n  -4.12173880e+00 -5.96421313e+00]\n [-1.04664787e+00  2.88695189e+00  4.76663399e+00  3.50031467e-02\n  -2.57841933e+00 -2.68302098e+00]\n [-1.81043059e+00  7.25733671e-01  3.50031467e-02  3.44855835e+00\n  -2.66030420e+00 -2.26293688e+00]\n [ 1.01609066e+01 -4.12173880e+00 -2.57841933e+00 -2.66030420e+00\n   5.94580574e+01  5.92706525e+01]\n [ 9.90506529e+00 -5.96421313e+00 -2.68302098e+00 -2.26293688e+00\n   5.92706525e+01  6.32851855e+01]]", "nfev": "329", "njev": "47", "status": "0", "success": "True", "message": "Optimization terminated successfully.", "x": "[ 8.42808309 -0.0171