{"date": "2024/10/08/, 18:45:27", "conf_id": 21, "data_type": "random\n", "num_data_points": 2, "s_rank": 0, "unitary": "[[-0.56303964-0.00798273j,-0.21670212-0.15784972j,-0.06047197-0.73952673j,-0.01438004+0.24552571j],[-0.06976756+0.23474685j,-0.01275565-0.5435098j,-0.02703657-0.08917885j,-0.08210486-0.79311774j],[-0.38559961+0.10714929j,0.5933431-0.2687392j,-0.24060861+0.29149289j,-0.45147719+0.26241743j],[-0.50180421+0.45931857j,-0.11617175+0.44134496j,0.49642745+0.22684508j,-0.08544628-0.15407063j]]", "databatch_0": {"databatch": "[[[-0.09742541+0.10331464j,-0.12213221-0.00333875j,-0.13265878+0.09270072j,0.04526118-0.05472582j],[-0.38276946-0.19185166j,-0.09616655-0.3556018j,-0.38264145-0.30279848j,0.19725614+0.08329968j],[0.14712313+0.07516279j,0.03605049+0.13749543j,0.14674438+0.11797155j,-0.07586455-0.03272699j],[-0.19734061-0.18521414j,0.0058141-0.23278118j,-0.17727043-0.25241151j,0.10450291+0.08601517j]],[[0.10266853-0.10093211j,0.23319304+0.11176509j,-0.03052019-0.02540776j,-0.00726933+0.22386035j],[0.04605064+0.01956382j,-0.00491674+0.08973289j,0.00410536-0.01317611j,-0.07285555+0.02740111j],[0.15681666+0.00461397j,0.08799151+0.26769393j,-0.0030384-0.04316659j,-0.18153705+0.16313249j],[-0.30094113+0.10172236j,-0.35563432-0.44618041j,0.03617983+0.079804j,0.22968716-0.43757737j]]]", "initial param values": "[4.0805879,0.79548879,0.12548021,2.18210777,3.44951166,4.5738186]", "nelder_mead": {"type": "gradient-free", "0": {"maxiter": 100, "fatol": 1e-05, "xatol": 1e-05, "duration": 0.05652809143066406, "fun": "0.3401644394715504", "nit": "100", "nfev": "157", "status": "2", "success": "False", "message": "Maximum number of iterations has been exceeded.", "x": "[3.28247044 1.06267056 0.18082268 1.31836647 4.06623389 2.30525752]", "final_simplex": "(array([[3.28247044, 1.06267056, 0.18082268, 1.31836647, 4.06623389,\n        2.30525752],\n       [3.25513243, 1.1079038 , 0.17719361, 1.15237171, 4.17284754,\n        2.33726527],\n       [3.17427798, 1.10145608, 0.17875078, 1.17228885, 4.21562704,\n        2.27728666],\n       [3.25546363, 1.08148479, 0.17662644, 1.25320022, 4.0544643 ,\n        2.43089063],\n       [3.28414036, 1.02641311, 0.18719777, 1.23340372, 4.13580984,\n        2.26019234],\n       [3.37677455, 1.01023484, 0.18225215, 1.26575726, 4.0718613 ,\n        2.35882666],\n       [3.3251877 , 1.03251374, 0.18542026, 1.25916839, 4.05099775,\n        2.26465414]]), array([0.34016444, 0.34017158, 0.3402389 , 0.34121267, 0.34232676,\n       0.3428064 , 0.34285783]))", "callback": [0.5878978577166747, 0.48204871603807276, 0.4431582504883351, 0.3968713750564614, 0.3663586030787469, 0.3576843277427977, 0.3503325996385567, 0.34786505748813457, 0.34595698026172406, 0.3437331141022495]}, "1": {"maxiter": 100, "fatol": 1e-05, "xatol": 1e-10, "duration": 0.04873394966125488, "fun": "0.3401644394715504", "nit": "100", "nfev": "157", "status": "2", "success": "False", "message": "Maximum number of iterations has been exceeded.", "x": "[3.28247044 1.06267056 0.18082268 1.31836647 4.06623389 2.30525752]", "final_simplex": "(array([[3.28247044, 1.06267056, 0.18082268, 1.31836647, 4.06623389,\n        2.30525752],\n       [3.25513243, 1.1079038 , 0.17719361, 1.15237171, 4.17284754,\n        2.33726527],\n       [3.17427798, 1.10145608, 0.17875078, 1.17228885, 4.21562704,\n        2.27728666],\n       [3.25546363, 1.08148479, 0.17662644, 1.25320022, 4.0544643 ,\n        2.43089063],\n       [3.28414036, 1.02641311, 0.18719777, 1.23340372, 4.13580984,\n        2.26019234],\n       [3.37677455, 1.01023484, 0.18225215, 1.26575726, 4.0718613 ,\n        2.35882666],\n       [3.3251877 , 1.03251374, 0.18542026, 1.25916839, 4.05099775,\n        2.26465414]]), array([0.34016444, 0.34017158, 0.3402389 , 0.34121267, 0.34232676,\n       0.3428064 , 0.34285783]))", "callback": [0.5878978577166747, 0.48204871603807276, 0.4431582504883351, 0.3968713750564614, 0.3663586030787469, 0.3576843277427977, 0.3503325996385567, 0.34786505748813457, 0.34595698026172406, 0.3437331141022495]}, "2": {"maxiter": 100, "fatol": 1e-10, "xatol": 1e-05, "duration": 0.04953598976135254, "fun": "0.3401644394715504", "nit": "100", "nfev": "157", "status": "2", "success": "False", "message": "Maximum number of iterations has been exceeded.", "x": "[3.28247044 1.06267056 0.18082268 1.31836647 4.06623389 2.30525752]", "final_simplex": "(array([[3.28247044, 1.06267056, 0.18082268, 1.31836647, 4.06623389,\n        2.30525752],\n       [3.25513243, 1.1079038 , 0.17719361, 1.15237171, 4.17284754,\n        2.33726527],\n       [3.17427798, 1.10145608, 0.17875078, 1.17228885, 4.21562704,\n        2.27728666],\n       [3.25546363, 1.08148479, 0.17662644, 1.25320022, 4.0544643 ,\n        2.43089063],\n       [3.28414036, 1.02641311, 0.18719777, 1.23340372, 4.13580984,\n        2.26019234],\n       [3.37677455, 1.01023484, 0.18225215, 1.26575726, 4.0718613 ,\n        2.35882666],\n       [3.3251877 , 1.03251374, 0.18542026, 1.25916839, 4.05099775,\n        2.26465414]]), array([0.34016444, 0.34017158, 0.3402389 , 0.34121267, 0.34232676,\n       0.3428064 , 0.34285783]))", "callback": [0.5878978577166747, 0.48204871603807276, 0.4431582504883351, 0.3968713750564614, 0.3663586030787469, 0.3576843277427977, 0.3503325996385567, 0.34786505748813457, 0.34595698026172406, 0.3437331141022495]}, "3": {"maxiter": 100, "fatol": 1e-10, "xatol": 1e-10, "duration": 0.05318593978881836, "fun": "0.3401644394715504", "nit": "100", "nfev": "157", "status": "2", "success": "False", "message": "Maximum number of iterations has been exceeded.", "x": "[3.28247044 1.06267056 0.18082268 1.31836647 4.06623389 2.30525752]", "final_simplex": "(array([[3.28247044, 1.06267056, 0.18082268, 1.31836647, 4.06623389,\n        2.30525752],\n       [3.25513243, 1.1079038 , 0.17719361, 1.15237171, 4.17284754,\n        2.33726527],\n       [3.17427798, 1.10145608, 0.17875078, 1.17228885, 4.21562704,\n        2.27728666],\n       [3.25546363, 1.08148479, 0.17662644, 1.25320022, 4.0544643 ,\n        2.43089063],\n       [3.28414036, 1.02641311, 0.18719777, 1.23340372, 4.13580984,\n        2.26019234],\n       [3.37677455, 1.01023484, 0.18225215, 1.26575726, 4.0718613 ,\n        2.35882666],\n       [3.3251877 , 1.03251374, 0.18542026, 1.25916839, 4.05099775,\n        2.26465414]]), array([0.34016444, 0.34017158, 0.3402389 , 0.34121267, 0.34232676,\n       0.3428064 , 0.34285783]))", "callback": [0.5878978577166747, 0.48204871603807276, 0.4431582504883351, 0.3968713750564614, 0.3663586030787469, 0.3576843277427977, 0.3503325996385567, 0.34786505748813457, 0.34595698026172406, 0.3437331141022495]}, "4": {"maxiter": 500, "fatol": 1e-05, "xatol": 1e-05, "duration": 0.23857498168945312, "fun": "0.30075197602074977", "nit": "500", "nfev": "777", "status": "2", "success": "False", "message": "Maximum number of iterations has been exceeded.", "x": "[2.78205674 2.81942798 1.43548784 1.28671388 4.37365957 2.43777369]", "final_simplex": "(array([[2.78205674, 2.81942798, 1.43548784, 1.28671388, 4.37365957,\n        2.43777369],\n       [2.78204513, 2.8192973 , 1.43542721, 1.28664583, 4.37356889,\n        2.43781524],\n       [2.78202357, 2.81950135, 1.43556317, 1.28666636, 4.37364519,\n        2.4378091 ],\n       [2.78213592, 2.81935959, 1.43535715, 1.28668462, 4.37370483,\n        2.43774287],\n       [2.7819817 , 2.81959165, 1.43562589, 1.28660839, 4.37353023,\n        2.43785412],\n       [2.78206031, 2.81941516, 1.43551285, 1.28667683, 4.37363009,\n        2.43784811],\n       [2.78190503, 2.81982319, 1.43603669, 1.28654162, 4.37330193,\n        2.43790826]]), array([0.30075198, 0.30075198, 0.30075198, 0.30075198, 0.30075198,\n       0.30075198, 0.30075198]))", "callback": [0.5878978577166747, 0.48204871603807276, 0.4431582504883351, 0.3968713750564614, 0.3663586030787469, 0.3576843277427977, 0.3503325996385567, 0.34786505748813457, 0.34595698026172406, 0.3437331141022495, 0.33915552362560053, 0.3326698206778995, 0.3188972332668826, 0.3071649254040947, 0.3071649254040947, 0.3059371419420793, 0.30569769833972293, 0.3056270322201282, 0.30560103874864486, 0.30559721445184007, 0.3055966269903063, 0.30559622504513306, 0.3055954994389827, 0.3055923627368634, 0.30557711053751324, 0.30550535526535993, 0.305275256403454, 0.30506673663488704, 0.30483657824318966, 0.30442923817221657, 0.3038991174273684, 0.30381256454584593, 0.30368174042388196, 0.3035706306893805, 0.3034708211443913, 0.3031520922434434, 0.3025674398654483, 0.3017373381365146, 0.30119490328930043, 0.30110395353281827, 0.30099022245549634, 0.3008485870009172, 0.30078986864165846, 0.30076377899226436, 0.3007537789391044, 0.3007532597064899, 0.3007522331247343, 0.30075202903715104, 0.30075198861273966, 0.30075197827017797]}, "5": {"maxiter": 500, "fatol": 1e-05, "xatol": 1e-10, "duration": 0.27048397064208984, "fun": "0.30075197602074977", "nit": "500", "nfev": "777", "status": "2", "success": "False", "message": "Maximum number of iterations has been exceeded.", "x": "[2.78205674 2.81942798 1.43548784 1.28671388 4.37365957 2.43777369]", "final_simplex": "(array([[2.78205674, 2.81942798, 1.43548784, 1.28671388, 4.37365957,\n        2.43777369],\n       [2.78204513, 2.8192973 , 1.43542721, 1.28664583, 4.37356889,\n        2.43781524],\n       [2.78202357, 2.81950135, 1.43556317, 1.28666636, 4.37364519,\n        2.4378091 ],\n       [2.78213592, 2.81935959, 1.43535715, 1.28668462, 4.37370483,\n        2.43774287],\n       [2.7819817 , 2.81959165, 1.43562589, 1.28660839, 4.37353023,\n        2.43785412],\n       [2.78206031, 2.81941516, 1.43551285, 1.28667683, 4.37363009,\n        2.43784811],\n       [2.78190503, 2.81982319, 1.43603669, 1.28654162, 4.37330193,\n        2.43790826]]), array([0.30075198, 0.30075198, 0.30075198, 0.30075198, 0.30075198,\n       0.30075198, 0.30075198]))", "callback": [0.5878978577166747, 0.48204871603807276, 0.4431582504883351, 0.3968713750564614, 0.3663586030787469, 0.3576843277427977, 0.3503325996385567, 0.34786505748813457, 0.34595698026172406, 0.3437331141022495, 0.33915552362560053, 0.3326698206778995, 0.3188972332668826, 0.3071649254040947, 0.3071649254040947, 0.3059371419420793, 0.30569769833972293, 0.3056270322201282, 0.30560103874864486, 0.30559721445184007, 0.3055966269903063, 0.30559622504513306, 0.3055954994389827, 0.3055923627368634, 0.30557711053751324, 0.30550535526535993, 0.305275256403454, 0.30506673663488704, 0.30483657824318966, 0.30442923817221657, 0.3038991174273684, 0.30381256454584593, 0.30368174042388196, 0.3035706306893805, 0.3034708211443913, 0.3031520922434434, 0.3025674398654483, 0.3017373381365146, 0.30119490328930043, 0.30110395353281827, 0.30099022245549634, 0.3008485870009172, 0.30078986864165846, 0.30076377899226436, 0.3007537789391044, 0.3007532597064899, 0.3007522331247343, 0.30075202903715104, 0.30075198861273966, 0.30075197827017797]}, "6": {"maxiter": 500, "fatol": 1e-10, "xatol": 1e-05, "duration": 0.26711416244506836, "fun": "0.30075197602074977", "nit": "500", "nfev": "777", "status": "2", "success": "False", "message": "Maximum number of iterations has been exceeded.", "x": "[2.78205674 2.81942798 1.43548784 1.28671388 4.37365957 2.43777369]", "final_simplex": "(array([[2.78205674, 2.81942798, 1.43548784, 1.28671388, 4.37365957,\n        2.43777369],\n       [2.78204513, 2.8192973 , 1.43542721, 1.28664583, 4.37356889,\n        2.43781524],\n       [2.78202357, 2.81950135, 1.43556317, 1.28666636, 4.37364519,\n        2.4378091 ],\n       [2.78213592, 2.81935959, 1.43535715, 1.28668462, 4.37370483,\n        2.43774287],\n       [2.7819817 , 2.81959165, 1.43562589, 1.28660839, 4.37353023,\n        2.43785412],\n       [2.78206031, 2.81941516, 1.43551285, 1.28667683, 4.37363009,\n        2.43784811],\n       [2.78190503, 2.81982319, 1.43603669, 1.28654162, 4.37330193,\n        2.43790826]]), array([0.30075198, 0.30075198, 0.30075198, 0.30075198, 0.30075198,\n       0.30075198, 0.30075198]))", "callback": [0.5878978577166747, 0.48204871603807276, 0.4431582504883351, 0.3968713750564614, 0.3663586030787469, 0.3576843277427977, 0.3503325996385567, 0.34786505748813457, 0.34595698026172406, 0.3437331141022495, 0.33915552362560053, 0.3326698206778995, 0.3188972332668826, 0.3071649254040947, 0.3071649254040947, 0.3059371419420793, 0.30569769833972293, 0.3056270322201282, 0.30560103874864486, 0.30559721445184007, 0.3055966269903063, 0.30559622504513306, 0.3055954994389827, 0.3055923627368634, 0.30557711053751324, 0.30550535526535993, 0.305275256403454, 0.30506673663488704, 0.30483657824318966, 0.30442923817221657, 0.3038991174273684, 0.30381256454584593, 0.30368174042388196, 0.3035706306893805, 0.3034708211443913, 0.3031520922434434, 0.3025674398654483, 0.3017373381365146, 0.30119490328930043, 0.30110395353281827, 0.30099022245549634, 0.3008485870009172, 0.30078986864165846, 0.30076377899226436, 0.3007537789391044, 0.3007532597064899, 0.3007522331247343, 0.30075202903715104, 0.30075198861273966, 0.30075197827017797]}, "7": {"maxiter": 500, "fatol": 1e-10, "xatol": 1e-10, "duration": 0.2658669948577881, "fun": "0.30075197602074977", "nit": "500", "nfev": "777", "status": "2", "success": "False", "message": "Maximum number of iterations has been exceeded.", "x": "[2.78205674 2.81942798 1.43548784 1.28671388 4.37365957 2.43777369]", "final_simplex": "(array([[2.78205674, 2.81942798, 1.43548784, 1.28671388, 4.37365957,\n        2.43777369],\n       [2.78204513, 2.8192973 , 1.43542721, 1.28664583, 4.37356889,\n        2.43781524],\n       [2.78202357, 2.81950135, 1.43556317, 1.28666636, 4.37364519,\n        2.4378091 ],\n       [2.78213592, 2.81935959, 1.43535715, 1.28668462, 4.37370483,\n        2.43774287],\n       [2.7819817 , 2.81959165, 1.43562589, 1.28660839, 4.37353023,\n        2.43785412],\n       [2.78206031, 2.81941516, 1.43551285, 1.28667683, 4.37363009,\n        2.43784811],\n       [2.78190503, 2.81982319, 1.43603669, 1.28654162, 4.37330193,\n        2.43790826]]), array([0.30075198, 0.30075198, 0.30075198, 0.30075198, 0.30075198,\n       0.30075198, 0.30075198]))", "callback": [0.5878978577166747, 0.48204871603807276, 0.4431582504883351, 0.3968713750564614, 0.3663586030787469, 0.3576843277427977, 0.3503325996385567, 0.34786505748813457, 0.34595698026172406, 0.3437331141022495, 0.33915552362560053, 0.3326698206778995, 0.3188972332668826, 0.3071649254040947, 0.3071649254040947, 0.3059371419420793, 0.30569769833972293, 0.3056270322201282, 0.30560103874864486, 0.30559721445184007, 0.3055966269903063, 0.30559622504513306, 0.3055954994389827, 0.3055923627368634, 0.30557711053751324, 0.30550535526535993, 0.305275256403454, 0.30506673663488704, 0.30483657824318966, 0.30442923817221657, 0.3038991174273684, 0.30381256454584593, 0.30368174042388196, 0.3035706306893805, 0.3034708211443913, 0.3031520922434434, 0.3025674398654483, 0.3017373381365146, 0.30119490328930043, 0.30110395353281827, 0.30099022245549634, 0.3008485870009172, 0.30078986864165846, 0.30076377899226436, 0.3007537789391044, 0.3007532597064899, 0.3007522331247343, 0.30075202903715104, 0.30075198861273966, 0.30075197827017797]}, "8": {"maxiter": 1000, "fatol": 1e-05, "xatol": 1e-05, "duration": 0.2758450508117676, "fun": "0.3007519753521575", "nit": "544", "nfev": "854", "status": "0", "success": "True", "message": "Optimization terminated successfully.", "x": "[2.78201305 2.81946492 1.43557154 1.28665093 4.37354352 2.43782185]", "final_simplex": "(array([[2.78201305, 2.81946492, 1.43557154, 1.28665093, 4.37354352,\n        2.43782185],\n       [2.78200996, 2.81947354, 1.43558037, 1.28664876, 4.37354054,\n        2.43782319],\n       [2.78201229, 2.81946814, 1.43557558, 1.28665156, 4.3735409 ,\n        2.43782269],\n       [2.78201087, 2.81947261, 1.43557938, 1.28664776, 4.3735396 ,\n        2.43782245],\n       [2.78201181, 2.8194616 , 1.43556955, 1.28665058, 4.37354032,\n        2.43781994],\n       [2.78200806, 2.81946677, 1.43557667, 1.28664813, 4.37353577,\n        2.43782482],\n       [2.78201259, 2.81947137, 1.43557109, 1.28665138, 4.37354817,\n        2.43781965]]), array([0.30075198, 0.30075198, 0.30075198, 0.30075198, 0.30075198,\n       0.30075198, 0.30075198]))", "callback": [0.5878978577166747, 0.48204871603807276, 0.4431582504883351, 0.3968713750564614, 0.3663586030787469, 0.3576843277427977, 0.3503325996385567, 0.34786505748813457, 0.34595698026172406, 0.3437331141022495, 0.33915552362560053, 0.3326698206778995, 0.3188972332668826, 0.3071649254040947, 0.3071649254040947, 0.3059371419420793, 0.30569769833972293, 0.3056270322201282, 0.30560103874864486, 0.30559721445184007, 0.3055966269903063, 0.30559622504513306, 0.3055954994389827, 0.3055923627368634, 0.30557711053751324, 0.30550535526535993, 0.305275256403454, 0.30506673663488704, 0.30483657824318966, 0.30442923817221657, 0.3038991174273684, 0.30381256454584593, 0.30368174042388196, 0.3035706306893805, 0.3034708211443913, 0.3031520922434434, 0.3025674398654483, 0.3017373381365146, 0.30119490328930043, 0.30110395353281827, 0.30099022245549634, 0.3008485870009172, 0.30078986864165846, 0.30076377899226436, 0.3007537789391044, 0.3007532597064899, 0.3007522331247343, 0.30075202903715104, 0.30075198861273966, 0.30075197827017797, 0.3007519758216659, 0.30075197542948495, 0.3007519753653076, 0.30075197535440656, 0.3007519753524337]}, "9": {"maxiter": 1000, "fatol": 1e-05, "xatol": 1e-10, "duration": 0.3800373077392578, "fun": "0.30075197535098974", "nit": "708", "nfev": "1168", "status": "0", "success": "True", "message": "Optimization terminated successfully.", "x": "[2.78201226 2.81947032 1.43557777 1.28665018 4.37354286 2.43782009]", "final_simplex": "(array([[2.78201226, 2.81947032, 1.43557777, 1.28665018, 4.37354286,\n        2.43782009],\n       [2.78201226, 2.81947032, 1.43557777, 1.28665018, 4.37354286,\n        2.43782009],\n       [2.78201226, 2.81947032, 1.43557777, 1.28665018, 4.37354286,\n        2.43782009],\n       [2.78201226, 2.81947032, 1.43557777, 1.28665018, 4.37354286,\n        2.43782009],\n       [2.78201226, 2.81947032, 1.43557777, 1.28665018, 4.37354286,\n        2.43782009],\n       [2.78201226, 2.81947032, 1.43557777, 1.28665018, 4.37354286,\n        2.43782009],\n       [2.78201226, 2.81947032, 1.43557777, 1.28665018, 4.37354286,\n        2.43782009]]), array([0.30075198, 0.30075198, 0.30075198, 0.30075198, 0.30075198,\n       0.30075198, 0.30075198]))", "callback": [0.5878978577166747, 0.48204871603807276, 0.4431582504883351, 0.3968713750564614, 0.3663586030787469, 0.3576843277427977, 0.3503325996385567, 0.34786505748813457, 0.34595698026172406, 0.3437331141022495, 0.33915552362560053, 0.3326698206778995, 0.3188972332668826, 0.3071649254040947, 0.3071649254040947, 0.3059371419420793, 0.30569769833972293, 0.3056270322201282, 0.30560103874864486, 0.30559721445184007, 0.3055966269903063, 0.30559622504513306, 0.3055954994389827, 0.3055923627368634, 0.30557711053751324, 0.30550535526535993, 0.305275256403454, 0.30506673663488704, 0.30483657824318966, 0.30442923817221657, 0.3038991174273684, 0.30381256454584593, 0.30368174042388196, 0.3035706306893805, 0.3034708211443913, 0.3031520922434434, 0.3025674398654483, 0.3017373381365146, 0.30119490328930043, 0.30110395353281827, 0.30099022245549634, 0.3008485870009172, 0.30078986864165846, 0.30076377899226436, 0.3007537789391044, 0.3007532597064899, 0.3007522331247343, 0.30075202903715104, 0.30075198861273966, 0.30075197827017797, 0.3007519758216659, 0.30075197542948495, 0.3007519753653076, 0.30075197535440656, 0.3007519753524337, 0.3007519753513983, 0.3007519753511976, 0.30075197535117415, 0.3007519753511172, 0.3007519753510851, 0.30075197535106013, 0.3007519753510305, 0.3007519753510173, 0.30075197535100606, 0.3007519753509962, 0.3007519753509923, 0.30075197535099085, 0.3007519753509901, 0.30075197535098985, 0.30075197535098974, 0.30075197535098974]}, "10": {"maxiter": 1000, "fatol": 1e-10, "xatol": 1e-05, "duration": 0.2751002311706543, "fun": "0.3007519753521575", "nit": "544", "nfev": "854", "status": "0", "success": "True", "message": "Optimization terminated successfully.", "x": "[2.78201305 2.81946492 1.43557154 1.28665093 4.37354352 2.43782185]", "final_simplex": "(array([[2.78201305, 2.81946492, 1.43557154, 1.28665093, 4.37354352,\n        2.43782185],\n       [2.78200996, 2.81947354, 1.43558037, 1.28664876, 4.37354054,\n        2.43782319],\n       [2.78201229, 2.81946814, 1.43557558, 1.28665156, 4.3735409 ,\n        2.43782269],\n       [2.78201087, 2.81947261, 1.43557938, 1.28664776, 4.3735396 ,\n        2.43782245],\n       [2.78201181, 2.8194616 , 1.43556955, 1.28665058, 4.37354032,\n        2.43781994],\n       [2.78200806, 2.81946677, 1.43557667, 1.28664813, 4.37353577,\n        2.43782482],\n       [2.78201259, 2.81947137, 1.43557109, 1.28665138, 4.37354817,\n        2.43781965]]), array([0.30075198, 0.30075198, 0.30075198, 0.30075198, 0.30075198,\n       0.30075198, 0.30075198]))", "callback": [0.5878978577166747, 0.48204871603807276, 0.4431582504883351, 0.3968713750564614, 0.3663586030787469, 0.3576843277427977, 0.3503325996385567, 0.34786505748813457, 0.34595698026172406, 0.3437331141022495, 0.33915552362560053, 0.3326698206778995, 0.3188972332668826, 0.3071649254040947, 0.3071649254040947, 0.3059371419420793, 0.30569769833972293, 0.3056270322201282, 0.30560103874864486, 0.30559721445184007, 0.3055966269903063, 0.30559622504513306, 0.3055954994389827, 0.3055923627368634, 0.30557711053751324, 0.30550535526535993, 0.305275256403454, 0.30506673663488704, 0.30483657824318966, 0.30442923817221657, 0.3038991174273684, 0.30381256454584593, 0.30368174042388196, 0.3035706306893805, 0.3034708211443913, 0.3031520922434434, 0.3025674398654483, 0.3017373381365146, 0.30119490328930043, 0.30110395353281827, 0.30099022245549634, 0.3008485870009172, 0.30078986864165846, 0.30076377899226436, 0.3007537789391044, 0.3007532597064899, 0.3007522331247343, 0.30075202903715104, 0.30075198861273966, 0.30075197827017797, 0.3007519758216659, 0.30075197542948495, 0.3007519753653076, 0.30075197535440656, 0.3007519753524337]}, "11": {"maxiter": 1000, "fatol": 1e-10, "xatol": 1e-10, "duration": 0.37877821922302246, "fun": "0.30075197535098974", "nit": "708", "nfev": "1168", "status": "0", "success": "True", "message": "Optimization terminated successfully.", "x": "[2.78201226 2.81947032 1.43557777 1.28665018 4.37354286 2.43782009]", "final_simplex": "(array([[2.78201226, 2.81947032, 1.43557777, 1.28665018, 4.37354286,\n        2.43782009],\n       [2.78201226, 2.81947032, 1.43557777, 1.28665018, 4.37354286,\n        2.43782009],\n       [2.78201226, 2.81947032, 1.43557777, 1.28665018, 4.37354286,\n        2.43782009],\n       [2.78201226, 2.81947032, 1.43557777, 1.28665018, 4.37354286,\n        2.43782009],\n       [2.78201226, 2.81947032, 1.43557777, 1.28665018, 4.37354286,\n        2.43782009],\n       [2.78201226, 2.81947032, 1.43557777, 1.28665018, 4.37354286,\n        2.43782009],\n       [2.78201226, 2.81947032, 1.43557777, 1.28665018, 4.37354286,\n        2.43782009]]), array([0.30075198, 0.30075198, 0.30075198, 0.30075198, 0.30075198,\n       0.30075198, 0.30075198]))", "callback": [0.5878978577166747, 0.48204871603807276, 0.4431582504883351, 0.3968713750564614, 0.3663586030787469, 0.3576843277427977, 0.3503325996385567, 0.34786505748813457, 0.34595698026172406, 0.3437331141022495, 0.33915552362560053, 0.3326698206778995, 0.3188972332668826, 0.3071649254040947, 0.3071649254040947, 0.3059371419420793, 0.30569769833972293, 0.3056270322201282, 0.30560103874864486, 0.30559721445184007, 0.3055966269903063, 0.30559622504513306, 0.3055954994389827, 0.3055923627368634, 0.30557711053751324, 0.30550535526535993, 0.305275256403454, 0.30506673663488704, 0.30483657824318966, 0.30442923817221657, 0.3038991174273684, 0.30381256454584593, 0.30368174042388196, 0.3035706306893805, 0.3034708211443913, 0.3031520922434434, 0.3025674398654483, 0.3017373381365146, 0.30119490328930043, 0.30110395353281827, 0.30099022245549634, 0.3008485870009172, 0.30078986864165846, 0.30076377899226436, 0.3007537789391044, 0.3007532597064899, 0.3007522331247343, 0.30075202903715104, 0.30075198861273966, 0.30075197827017797, 0.3007519758216659, 0.30075197542948495, 0.3007519753653076, 0.30075197535440656, 0.3007519753524337, 0.3007519753513983, 0.3007519753511976, 0.30075197535117415, 0.3007519753511172, 0.3007519753510851, 0.30075197535106013, 0.3007519753510305, 0.3007519753510173, 0.30075197535100606, 0.3007519753509962, 0.3007519753509923, 0.30075197535099085, 0.3007519753509901, 0.30075197535098985, 0.30075197535098974, 0.30075197535098974]}}, "bfgs": {"type": "gradient", "0": {"maxiter": 100, "gtol": 1e-05, "xrtol": 1e-05, "eps": 1e-05, "duration": 0.07121682167053223, "fun": "0.30075197552204536", "jac": "[-2.03335127e-06  3.81250587e-08 -5.96855898e-08 -1.14294130e-06\n -4.91973129e-07  7.00717262e-07]", "hess_inv": "[[  7.4957127    5.2478348   12.08938824  -2.86385835 -10.43730814\n    4.45872494]\n [  5.2478348   35.0043253   44.57421671  -2.93801313 -14.63190855\n    5.35223064]\n [ 12.08938824  44.57421671  70.40291155  -5.7745781  -32.66965881\n   10.42374473]\n [ -2.86385835  -2.93801313  -5.7745781    5.11755433   4.29947296\n   -1.84205355]\n [-10.43730814 -14.63190855 -32.66965881   4.29947296  25.54623902\n   -8.63467269]\n [  4.45872494   5.35223064  10.42374473  -1.84205355  -8.63467269\n    7.83337535]]", "nfev": "217", "njev": "31", "status": "0", "success": "True", "message": "Optimization terminated successfully.", "x": "[ 3.50114223 -0.32222664 -1.70615412  1.28665347  4.37359745  2.43779744]", "nit": "28", "callback": [0.5708161354304935, 0.5252200516592167, 0.5138721023989259, 0.4945549510906405, 0.47420871710818524, 0.4490382366842912, 0.4327955521768707, 0.4068444439313854, 0.37690867994033184, 0.3630823426114308, 0.3501260793825651, 0.331627842326502, 0.31264154424647006, 0.3045904777084252, 0.30215717986904267, 0.3012198705164981, 0.30089940073238974, 0.30084348518859927, 0.30081724575636937, 0.30080156549335657, 0.30079168328176786, 0.30078119540367854, 0.3007681201979179, 0.3007572661397344, 0.3007527567676276, 0.3007520043881631, 0.3007519762263655, 0.30075197552204536]}, "1": {"maxiter": 100, "gtol": 1e-05, "xrtol": 1e-05, "eps": 1e-10, "duration": 0.07330822944641113, "fun": "0.30075197549550237", "jac": "[ 1.11022293e-06  2.22044587e-06  4.44089173e-06 -1.11022293e-06\n  2.22044587e-06  1.11022293e-06]", "hess_inv": "[[  7.72401585   6.07653343  13.2870576   -3.01224187 -10.89432844\n    4.57012902]\n [  6.07653343  37.9143855   48.69057194  -3.54406624 -16.34385254\n    5.72245759]\n [ 13.2870576   48.69057194  76.20377481  -6.63499253 -35.1052334\n   10.94248316]\n [ -3.01224187  -3.54406624  -6.63499253   5.21386188   4.61117542\n   -1.92948994]\n [-10.89432844 -16.34385254 -35.1052334    4.61117542  26.43828232\n   -8.81532527]\n [  4.57012902   5.72245759  10.94248316  -1.92948994  -8.81532527\n    7.83180328]]", "nfev": "217", "njev": "31", "status": "0", "success": "True", "message": "Optimization terminated successfully.", "x": "[ 3.50119539 -0.32202238 -1.70587407  1.28663186  4.37348441  2.43784443]", "nit": "28", "callback": [0.5708161519358577, 0.5252200442890106, 0.5138719975809275, 0.4945547557721044, 0.47420911890334205, 0.4490318022741262, 0.4327863794746024, 0.40684109918738764, 0.37691968749110305, 0.3630866484382982, 0.3501262681294953, 0.33163957868489524, 0.3126483294603626, 0.3045957434203326, 0.30215917242170875, 0.30122058378613403, 0.30089962832288, 0.3008435997293799, 0.3008173444500205, 0.3008016302747335, 0.3007917419436339, 0.30078119855320695, 0.300768345765728, 0.30075707633220117, 0.30075278039093567, 0.3007520025036501, 0.3007519758365693, 0.30075197549550237]}, "2": {"maxiter": 100, "gtol": 1e-05, "xrtol": 1e-10, "eps": 1e-05, "duration": 0.06581497192382812, "fun": "0.30075197552204536", "jac": "[-2.03335127e-06  3.81250587e-08 -5.96855898e-08 -1.14294130e-06\n -4.91973129e-07  7.00717262e-07]", "hess_inv": "[[  7.4957127    5.2478348   12.08938824  -2.86385835 -10.43730814\n    4.45872494]\n [  5.2478348   35.0043253   44.57421671  -2.93801313 -14.63190855\n    5.35223064]\n [ 12.08938824  44.57421671  70.40291155  -5.7745781  -32.66965881\n   10.42374473]\n [ -2.86385835  -2.93801313  -5.7745781    5.11755433   4.29947296\n   -1.84205355]\n [-10.43730814 -14.63190855 -32.66965881   4.29947296  25.54623902\n   -8.63467269]\n [  4.45872494   5.35223064  10.42374473  -1.84205355  -8.63467269\n    7.83337535]]", "nfev": "217", "njev": "31", "status": "0", "success": "True", "message": "Optimization terminated successfully.", "x": "[ 3.50114223 -0.32222664 -1.70615412  1.28665347  4.37359745  2.43779744]", "nit": "28", "callback": [0.5708161354304935, 0.5252200516592167, 0.5138721023989259, 0.4945549510906405, 0.47420871710818524, 0.4490382366842912, 0.4327955521768707, 0.4068444439313854, 0.37690867994033184, 0.3630823426114308, 0.3501260793825651, 0.331627842326502, 0.31264154424647006, 0.3045904777084252, 0.30215717986904267, 0.3012198705164981, 0.30089940073238974, 0.30084348518859927, 0.30081724575636937, 0.30080156549335657, 0.30079168328176786, 0.30078119540367854, 0.3007681201979179, 0.3007572661397344, 0.3007527567676276, 0.3007520043881631, 0.3007519762263655, 0.30075197552204536]}, "3": {"maxiter": 100, "gtol": 1e-05, "xrtol": 1e-10, "eps": 1e-10, "duration": 0.07812094688415527, "fun": "0.30075197549550237", "jac": "[ 1.11022293e-06  2.22044587e-06  4.44089173e-06 -1.11022293e-06\n  2.22044587e-06  1.11022293e-06]", "hess_inv": "[[  7.72401585   6.07653343  13.2870576   -3.01224187 -10.89432844\n    4.57012902]\n [  6.07653343  37.9143855   48.69057194  -3.54406624 -16.34385254\n    5.72245759]\n [ 13.2870576   48.69057194  76.20377481  -6.63499253 -35.1052334\n   10.94248316]\n [ -3.01224187  -3.54406624  -6.63499253   5.21386188   4.61117542\n   -1.92948994]\n [-10.89432844 -16.34385254 -35.1052334    4.61117542  26.43828232\n   -8.81532527]\n [  4.57012902   5.72245759  10.94248316  -1.92948994  -8.81532527\n    7.83180328]]", "nfev": "217", "njev": "31", "status": "0", "success": "True", "message": "Optimization terminated successfully.", "x": "[ 3.50119539 -0.32202238 -1.70587407  1.28663186  4.37348441  2.43784443]", "nit": "28", "callback": [0.5708161519358577, 0.5252200442890106, 0.5138719975809275, 0.4945547557721044, 0.47420911890334205, 0.4490318022741262, 0.4327863794746024, 0.40684109918738764, 0.37691968749110305, 0.3630866484382982, 0.3501262681294953, 0.33163957868489524, 0.3126483294603626, 0.3045957434203326, 0.30215917242170875, 0.30122058378613403, 0.30089962832288, 0.3008435997293799, 0.3008173444500205, 0.3008016302747335, 0.3007917419436339, 0.30078119855320695, 0.300768345765728, 0.30075707633220117, 0.30075278039093567, 0.3007520025036501, 0.3007519758365693, 0.30075197549550237]}, "4": {"maxiter": 100, "gtol": 1e-10, "xrtol": 1e-05, "eps": 1e-05, "duration": 0.08045005798339844, "fun": "0.3007519755078645", "jac": "[-1.92335037e-07  3.55493412e-08  2.99094083e-08 -8.37552250e-08\n  4.94715380e-08  7.34301508e-08]", "hess_inv": "[[  7.65966975   5.52247831  12.37197703  -2.73827385 -10.37941517\n    4.31200186]\n [  5.52247831  33.72552941  43.16313624  -2.73527561 -14.6415178\n    5.37064821]\n [ 12.37197703  43.16313624  68.84774099  -5.56639353 -32.68538698\n   10.45717299]\n [ -2.73827385  -2.73527561  -5.56639353   5.21371355   4.34334905\n   -1.95327852]\n [-10.37941517 -14.6415178  -32.68538698   4.34334905  25.56014762\n   -8.67028629]\n [  4.31200186   5.37064821  10.45717299  -1.95327852  -8.67028629\n    7.92453582]]", "nfev": "224", "njev": "32", "status": "0", "success": "True", "message": "Optimization terminated successfully.", "x": "[ 3.50114707 -0.32222821 -1.70615627  1.28665713  4.37359857  2.43779458]", "nit": "29", "callback": [0.5708161354304935, 0.5252200516592167, 0.5138721023989259, 0.4945549510906405, 0.47420871710818524, 0.4490382366842912, 0.4327955521768707, 0.4068444439313854, 0.37690867994033184, 0.3630823426114308, 0.3501260793825651, 0.331627842326502, 0.31264154424647006, 0.3045904777084252, 0.30215717986904267, 0.3012198705164981, 0.30089940073238974, 0.30084348518859927, 0.30081724575636937, 0.30080156549335657, 0.30079168328176786, 0.30078119540367854, 0.3007681201979179, 0.3007572661397344, 0.3007527567676276, 0.3007520043881631, 0.3007519762263655, 0.30075197552204536, 0.3007519755078645]}, "5": {"maxiter": 100, "gtol": 1e-10, "xrtol": 1e-05, "eps": 1e-10, "duration": 0.10348892211914062, "fun": "0.3007519753624992", "jac": "[ 0.00000000e+00  2.22044587e-06  0.00000000e+00 -1.11022293e-06\n  0.00000000e+00  0.00000000e+00]", "hess_inv": "[[  7.39572194   2.71132882   9.63693783  -2.85128273 -10.63909925\n    4.71583762]\n [  2.71132882  14.1200152   19.55007054  -1.50100105  -9.84934471\n    4.10321407]\n [  9.63693783  19.55007054  42.94773214  -4.86065048 -30.51917713\n   11.21749582]\n [ -2.85128273  -1.50100105  -4.86065048   5.25924609   5.05889097\n   -2.48075165]\n [-10.63909925  -9.84934471 -30.51917713   5.05889097  29.33140719\n  -11.4884686 ]\n [  4.71583762   4.10321407  11.21749582  -2.48075165 -11.4884686\n    9.88840915]]", "nfev": "308", "njev": "44", "status": "0", "success": "True", "message": "Optimization terminated successfully.", "x": "[ 3.50117721 -0.32210605 -1.70600123  1.28664607  4.37354174  2.43781755]", "nit": "30", "callback": [0.5708161519358577, 0.5252200442890106, 0.5138719975809275, 0.4945547557721044, 0.47420911890334205, 0.4490318022741262, 0.4327863794746024, 0.40684109918738764, 0.37691968749110305, 0.3630866484382982, 0.3501262681294953, 0.33163957868489524, 0.3126483294603626, 0.3045957434203326, 0.30215917242170875, 0.30122058378613403, 0.30089962832288, 0.3008435997293799, 0.3008173444500205, 0.3008016302747335, 0.3007917419436339, 0.30078119855320695, 0.300768345765728, 0.30075707633220117, 0.30075278039093567, 0.3007520025036501, 0.3007519758365693, 0.30075197549550237, 0.3007519753624992, 0.3007519753624992]}, "6": {"maxiter": 100, "gtol": 1e-10, "xrtol": 1e-10, "eps": 1e-05, "duration": 0.09817790985107422, "fun": "0.3007519755078645", "jac": "[-1.92335037e-07  3.55493412e-08  2.99094083e-08 -8.37552250e-08\n  4.94715380e-08  7.34301508e-08]", "hess_inv": "[[  8.09596947   5.04433927  12.03541555  -2.58850441 -10.58979216\n    4.22378795]\n [  5.04433927  33.99003712  43.42170741  -3.03867735 -14.65076971\n    5.59816162]\n [ 12.03541555  43.42170741  69.06050813  -5.74110731 -32.62500465\n   10.58082064]\n [ -2.58850441  -3.03867735  -5.74110731   5.19037596   4.14242503\n   -1.91333516]\n [-10.58979216 -14.65076971 -32.62500465   4.14242503  25.43997214\n   -8.50683394]\n [  4.22378795   5.59816162  10.58082064  -1.91333516  -8.50683394\n    7.8763974 ]]", "nfev": "292", "njev": "40", "status": "2", "success": "False", "message": "Desired error not necessarily achieved due to precision loss.", "x": "[ 3.50114707 -0.32222821 -1.70615627  1.28665713  4.37359857  2.43779458]", "nit": "29", "callback": [0.5708161354304935, 0.5252200516592167, 0.5138721023989259, 0.4945549510906405, 0.47420871710818524, 0.4490382366842912, 0.4327955521768707, 0.4068444439313854, 0.37690867994033184, 0.3630823426114308, 0.3501260793825651, 0.331627842326502, 0.31264154424647006, 0.3045904777084252, 0.30215717986904267, 0.3012198705164981, 0.30089940073238974, 0.30084348518859927, 0.30081724575636937, 0.30080156549335657, 0.30079168328176786, 0.30078119540367854, 0.3007681201979179, 0.3007572661397344, 0.3007527567676276, 0.3007520043881631, 0.3007519762263655, 0.30075197552204536, 0.3007519755078645]}, "7": {"maxiter": 100, "gtol": 1e-10, "xrtol": 1e-10, "eps": 1e-10, "duration": 0.09496688842773438, "fun": "0.3007519753624992", "jac": "[ 0.00000000e+00  2.22044587e-06  0.00000000e+00 -1.11022293e-06\n  0.00000000e+00  0.00000000e+00]", "hess_inv": "[[  7.39572194   2.71132882   9.63693783  -2.85128273 -10.63909925\n    4.71583762]\n [  2.71132882  14.1200152   19.55007054  -1.50100105  -9.84934471\n    4.10321407]\n [  9.63693783  19.55007054  42.94773214  -4.86065048 -30.51917713\n   11.21749582]\n [ -2.85128273  -1.50100105  -4.86065048   5.25924609   5.05889097\n   -2.48075165]\n [-10.63909925  -9.84934471 -30.51917713   5.05889097  29.33140719\n  -11.4884686 ]\n [  4.71583762   4.10321407  11.21749582  -2.48075165 -11.4884686\n    9.88840915]]", "nfev": "308", "njev": "44", "status": "0", "success": "True", "message": "Optimization terminated successfully.", "x": "[ 3.50117721 -0.32210605 -1.70600123  1.28664607  4.37354174  2.43781755]", "nit": "30", "callback": [0.5708161519358577, 0.5252200442890106, 0.5138719975809275, 0.4945547557721044, 0.47420911890334205, 0.4490318022741262, 0.4327863794746024, 0.40684109918738764, 0.37691968749110305, 0.3630866484382982, 0.3501262681294953, 0.33163957868489524, 0.3126483294603626, 0.3045957434203326, 0.30215917242170875, 0.30122058378613403, 0.30089962832288, 0.3008435997293799, 0.3008173444500205, 0.3008016302747335, 0.3007917419436339, 0.30078119855320695, 0.300768345765728, 0.30075707633220117, 0.30075278039093567, 0.3007520025036501, 0.3007519758365693, 0.30075197549550237, 0.3007519753624992, 0.3007519753624992]}, "8": {"maxiter": 500, "gtol": 1e-05, "xrtol": 1e-05, "eps": 1e-05, "duration": 0.08134078979492188, "fun": "0.30075197552204536", "jac": "[-2.03335127e-06  3.81250587e-08 -5.96855898e-08 -1.14294130e-06\n -4.91973129e-07  7.00717262e-07]", "hess_inv": "[[  7.4957127    5.2478348   12.08938824  -2.86385835 -10.43730814\n    4.45872494]\n [  5.2478348   35.0043253   44.57421671  -2.93801313 -14.63190855\n    5.35223064]\n [ 12.08938824  44.57421671  70.40291155  -5.7745781  -32.66965881\n   10.42374473]\n [ -2.86385835  -2.93801313  -5.7745781    5.11755433   4.29947296\n   -1.84205355]\n [-10.43730814 -14.63190855 -32.66965881   4.29947296  25.54623902\n   -8.63467269]\n [  4.45872494   5.35223064  10.42374473  -1.84205355  -8.63467269\n    7.83337535]]", "nfev": "217", "njev": "31", "status": "0", "success": "True", "message": "Optimization terminated successfully.", "x": "[ 3.50114223 -0.32222664 -1.70615412  1.28665347  4.37359745  2.43779744]", "nit": "28", "callback": [0.5708161354304935, 0.5252200516592167, 0.5138721023989259, 0.4945549510906405, 0.47420871710818524, 0.4490382366842912, 0.4327955521768707, 0.4068444439313854, 0.37690867994033184, 0.3630823426114308, 0.3501260793825651, 0.331627842326502, 0.31264154424647006, 0.3045904777084252, 0.30215717986904267, 0.3012198705164981, 0.30089940073238974, 0.30084348518859927, 0.30081724575636937, 0.30080156549335657, 0.30079168328176786, 0.30078119540367854, 0.3007681201979179, 0.3007572661397344, 0.3007527567676276, 0.3007520043881631, 0.3007519762263655, 0.30075197552204536]}, "9": {"maxiter": 500, "gtol": 1e-05, "xrtol": 1e-05, "eps": 1e-10, "duration": 0.07422637939453125, "fun": "0.30075197549550237", "jac": "[ 1.11022293e-06  2.22044587e-06  4.44089173e-06 -1.11022293e-06\n  2.22044587e-06  1.11022293e-06]", "hess_inv": "[[  7.72401585   6.07653343  13.2870576   -3.01224187 -10.89432844\n    4.57012902]\n [  6.07653343  37.9143855   48.69057194  -3.54406624 -16.34385254\n    5.72245759]\n [ 13.2870576   48.69057194  76.20377481  -6.63499253 -35.1052334\n   10.94248316]\n [ -3.01224187  -3.54406624  -6.63499253   5.21386188   4.61117542\n   -1.92948994]\n [-10.89432844 -16.34385254 -35.1052334    4.61117542  26.43828232\n   -8.81532527]\n [  4.57012902   5.72245759  10.94248316  -1.92948994  -8.81532527\n    7.83180328]]", "nfev": "217", "njev": "31", "status": "0", "success": "True", "message": "Optimization terminated successfully.", "x": "[ 3.50119539 -0.32202238 -1.70587407  1.28663186  4.37348441  2.43784443]", "nit": "28", "callback": [0.5708161519358577, 0.5252200442890106, 0.5138719975809275, 0.4945547557721044, 0.47420911890334205, 0.4490318022741262, 0.4327863794746024, 0.40684109918738764, 0.37691968749110305, 0.3630866484382982, 0.3501262681294953, 0.33163957868489