{"date": "2024/10/08/, 16:45:37", "conf_id": 13, "data_type": "random\n", "num_data_points": 1, "s_rank": 0, "unitary": "[[-0.53618537-0.34368723j,-0.12107031-0.46226139j,-0.07699282-0.46603512j,0.36022595-0.11472301j],[0.26026499-0.63450712j,-0.56616638+0.37832564j,-0.14988651+0.08458591j,0.10363514-0.16008501j],[-0.32580188-0.11070003j,-0.36476308-0.23593218j,0.02559343+0.41761608j,-0.25598305+0.6725303j],[0.07406738-0.0126433j,0.28513701+0.19483972j,-0.74939717-0.10299659j,0.29798249+0.46269921j]]", "databatch_0": {"databatch": "[[[0.03386451-0.29063616j,0.03494863+0.20100588j,-0.12103969-0.06421604j,0.05662808+0.1485876j],[-0.02014732+0.2390612j,-0.0330027-0.25721012j,-0.02834007+0.04165106j,0.02908734-0.11375536j],[-0.23095248+0.02254899j,-0.12915466-0.09076911j,-0.06336128+0.17123259j,0.01964623-0.43139411j],[-0.02129171-0.10640433j,-0.03705718+0.04149013j,0.13324082+0.50036246j,0.32341188+0.03745139j]]]", "initial param values": "[6.16297436,3.08926801,1.84380815,1.47745286,0.24558071,0.83259242]", "nelder_mead": {"type": "gradient-free", "0": {"maxiter": 100, "fatol": 1e-05, "xatol": 1e-05, "duration": 0.051785945892333984, "fun": "0.38072967753989406", "nit": "100", "nfev": "159", "status": "2", "success": "False", "message": "Maximum number of iterations has been exceeded.", "x": "[ 8.16949343  2.99494672  2.8417261   1.87470945  0.30503753 -0.35513799]", "final_simplex": "(array([[ 8.16949343,  2.99494672,  2.8417261 ,  1.87470945,  0.30503753,\n        -0.35513799],\n       [ 8.18637452,  2.97240964,  2.83459888,  1.93466262,  0.30415346,\n        -0.35970387],\n       [ 8.14391127,  2.94555172,  2.84742735,  1.89874161,  0.30330284,\n        -0.34288141],\n       [ 8.167487  ,  2.99028615,  2.85359964,  1.89273712,  0.30519693,\n        -0.35483891],\n       [ 8.16635818,  2.95171078,  2.85951283,  1.91071857,  0.30533165,\n        -0.36374333],\n       [ 8.18907132,  2.95864448,  2.82595605,  1.90634408,  0.30179064,\n        -0.33137351],\n       [ 8.2080611 ,  2.97203791,  2.8517984 ,  1.91388193,  0.30368134,\n        -0.36097585]]), array([0.38072968, 0.38096414, 0.38111242, 0.38118309, 0.38121572,\n       0.38133979, 0.38137348]))", "callback": [0.7404856240052953, 0.5319851552531866, 0.5149043991385298, 0.5033831765358003, 0.4883068995930179, 0.41960121693585173, 0.3830808452418655, 0.3830808452418655, 0.38219508030483573, 0.38118309219633106]}, "1": {"maxiter": 100, "fatol": 1e-05, "xatol": 1e-10, "duration": 0.055155038833618164, "fun": "0.38072967753989406", "nit": "100", "nfev": "159", "status": "2", "success": "False", "message": "Maximum number of iterations has been exceeded.", "x": "[ 8.16949343  2.99494672  2.8417261   1.87470945  0.30503753 -0.35513799]", "final_simplex": "(array([[ 8.16949343,  2.99494672,  2.8417261 ,  1.87470945,  0.30503753,\n        -0.35513799],\n       [ 8.18637452,  2.97240964,  2.83459888,  1.93466262,  0.30415346,\n        -0.35970387],\n       [ 8.14391127,  2.94555172,  2.84742735,  1.89874161,  0.30330284,\n        -0.34288141],\n       [ 8.167487  ,  2.99028615,  2.85359964,  1.89273712,  0.30519693,\n        -0.35483891],\n       [ 8.16635818,  2.95171078,  2.85951283,  1.91071857,  0.30533165,\n        -0.36374333],\n       [ 8.18907132,  2.95864448,  2.82595605,  1.90634408,  0.30179064,\n        -0.33137351],\n       [ 8.2080611 ,  2.97203791,  2.8517984 ,  1.91388193,  0.30368134,\n        -0.36097585]]), array([0.38072968, 0.38096414, 0.38111242, 0.38118309, 0.38121572,\n       0.38133979, 0.38137348]))", "callback": [0.7404856240052953, 0.5319851552531866, 0.5149043991385298, 0.5033831765358003, 0.4883068995930179, 0.41960121693585173, 0.3830808452418655, 0.3830808452418655, 0.38219508030483573, 0.38118309219633106]}, "2": {"maxiter": 100, "fatol": 1e-10, "xatol": 1e-05, "duration": 0.042099952697753906, "fun": "0.38072967753989406", "nit": "100", "nfev": "159", "status": "2", "success": "False", "message": "Maximum number of iterations has been exceeded.", "x": "[ 8.16949343  2.99494672  2.8417261   1.87470945  0.30503753 -0.35513799]", "final_simplex": "(array([[ 8.16949343,  2.99494672,  2.8417261 ,  1.87470945,  0.30503753,\n        -0.35513799],\n       [ 8.18637452,  2.97240964,  2.83459888,  1.93466262,  0.30415346,\n        -0.35970387],\n       [ 8.14391127,  2.94555172,  2.84742735,  1.89874161,  0.30330284,\n        -0.34288141],\n       [ 8.167487  ,  2.99028615,  2.85359964,  1.89273712,  0.30519693,\n        -0.35483891],\n       [ 8.16635818,  2.95171078,  2.85951283,  1.91071857,  0.30533165,\n        -0.36374333],\n       [ 8.18907132,  2.95864448,  2.82595605,  1.90634408,  0.30179064,\n        -0.33137351],\n       [ 8.2080611 ,  2.97203791,  2.8517984 ,  1.91388193,  0.30368134,\n        -0.36097585]]), array([0.38072968, 0.38096414, 0.38111242, 0.38118309, 0.38121572,\n       0.38133979, 0.38137348]))", "callback": [0.7404856240052953, 0.5319851552531866, 0.5149043991385298, 0.5033831765358003, 0.4883068995930179, 0.41960121693585173, 0.3830808452418655, 0.3830808452418655, 0.38219508030483573, 0.38118309219633106]}, "3": {"maxiter": 100, "fatol": 1e-10, "xatol": 1e-10, "duration": 0.05056405067443848, "fun": "0.38072967753989406", "nit": "100", "nfev": "159", "status": "2", "success": "False", "message": "Maximum number of iterations has been exceeded.", "x": "[ 8.16949343  2.99494672  2.8417261   1.87470945  0.30503753 -0.35513799]", "final_simplex": "(array([[ 8.16949343,  2.99494672,  2.8417261 ,  1.87470945,  0.30503753,\n        -0.35513799],\n       [ 8.18637452,  2.97240964,  2.83459888,  1.93466262,  0.30415346,\n        -0.35970387],\n       [ 8.14391127,  2.94555172,  2.84742735,  1.89874161,  0.30330284,\n        -0.34288141],\n       [ 8.167487  ,  2.99028615,  2.85359964,  1.89273712,  0.30519693,\n        -0.35483891],\n       [ 8.16635818,  2.95171078,  2.85951283,  1.91071857,  0.30533165,\n        -0.36374333],\n       [ 8.18907132,  2.95864448,  2.82595605,  1.90634408,  0.30179064,\n        -0.33137351],\n       [ 8.2080611 ,  2.97203791,  2.8517984 ,  1.91388193,  0.30368134,\n        -0.36097585]]), array([0.38072968, 0.38096414, 0.38111242, 0.38118309, 0.38121572,\n       0.38133979, 0.38137348]))", "callback": [0.7404856240052953, 0.5319851552531866, 0.5149043991385298, 0.5033831765358003, 0.4883068995930179, 0.41960121693585173, 0.3830808452418655, 0.3830808452418655, 0.38219508030483573, 0.38118309219633106]}, "4": {"maxiter": 500, "fatol": 1e-05, "xatol": 1e-05, "duration": 0.24628925323486328, "fun": "0.26776920400531545", "nit": "491", "nfev": "758", "status": "0", "success": "True", "message": "Optimization terminated successfully.", "x": "[ 8.30845527  2.84920231  3.68147381  1.70935183 -0.9451805  -0.9744393 ]", "final_simplex": "(array([[ 8.30845527,  2.84920231,  3.68147381,  1.70935183, -0.9451805 ,\n        -0.9744393 ],\n       [ 8.30845215,  2.84919536,  3.68146526,  1.70934897, -0.9451755 ,\n        -0.97443228],\n       [ 8.30845039,  2.84919553,  3.68146762,  1.70934537, -0.94518391,\n        -0.97443206],\n       [ 8.30845384,  2.84919782,  3.681471  ,  1.70934395, -0.94518494,\n        -0.97443467],\n       [ 8.3084548 ,  2.84919991,  3.68147864,  1.70934809, -0.94518633,\n        -0.97443411],\n       [ 8.30844761,  2.84919873,  3.68147317,  1.70934516, -0.94517913,\n        -0.97443285],\n       [ 8.30845433,  2.84920823,  3.68147084,  1.7093525 , -0.94518177,\n        -0.97443539]]), array([0.2677692, 0.2677692, 0.2677692, 0.2677692, 0.2677692, 0.2677692,\n       0.2677692]))", "callback": [0.7404856240052953, 0.5319851552531866, 0.5149043991385298, 0.5033831765358003, 0.4883068995930179, 0.41960121693585173, 0.3830808452418655, 0.3830808452418655, 0.38219508030483573, 0.38118309219633106, 0.38072967753989406, 0.37930620236212265, 0.37693842681740297, 0.37520651712406716, 0.3745108540200982, 0.37432545513785653, 0.37409447069861845, 0.37374800664888796, 0.3731478023028588, 0.3726197045987898, 0.3714478404792594, 0.3679540743183518, 0.36264553969147095, 0.3557616425485225, 0.3398251346103066, 0.3285403621068371, 0.31595822736102197, 0.3090433751332333, 0.3029426762536881, 0.2968457085645696, 0.2831309452815395, 0.27641496132785326, 0.2723874323274964, 0.26825988326858896, 0.26825988326858896, 0.2679683461155904, 0.26786550331021153, 0.26780250732708466, 0.26777439430645944, 0.2677711333681292, 0.26777033823844953, 0.267769400029815, 0.2677692492151621, 0.26776921394694564, 0.26776920573399976, 0.26776920456450837, 0.2677692041601718, 0.2677692040669586, 0.2677692040076176, 0.26776920400531545]}, "5": {"maxiter": 500, "fatol": 1e-05, "xatol": 1e-10, "duration": 0.24869084358215332, "fun": "0.26776920400120596", "nit": "500", "nfev": "774", "status": "2", "success": "False", "message": "Maximum number of iterations has been exceeded.", "x": "[ 8.30845257  2.84919778  3.68146908  1.70934804 -0.94518244 -0.97443371]", "final_simplex": "(array([[ 8.30845257,  2.84919778,  3.68146908,  1.70934804, -0.94518244,\n        -0.97443371],\n       [ 8.30845644,  2.84919977,  3.68147017,  1.70935062, -0.94518312,\n        -0.97443572],\n       [ 8.30845424,  2.84920022,  3.68147015,  1.70935202, -0.9451803 ,\n        -0.974435  ],\n       [ 8.30845468,  2.84920105,  3.6814721 ,  1.709351  , -0.945181  ,\n        -0.97443696],\n       [ 8.30845348,  2.8491979 ,  3.68146822,  1.70934976, -0.94517881,\n        -0.97443394],\n       [ 8.3084544 ,  2.84919942,  3.68147417,  1.70934828, -0.94518415,\n        -0.9744345 ],\n       [ 8.30845334,  2.84920326,  3.68147121,  1.70934986, -0.94518174,\n        -0.9744348 ]]), array([0.2677692, 0.2677692, 0.2677692, 0.2677692, 0.2677692, 0.2677692,\n       0.2677692]))", "callback": [0.7404856240052953, 0.5319851552531866, 0.5149043991385298, 0.5033831765358003, 0.4883068995930179, 0.41960121693585173, 0.3830808452418655, 0.3830808452418655, 0.38219508030483573, 0.38118309219633106, 0.38072967753989406, 0.37930620236212265, 0.37693842681740297, 0.37520651712406716, 0.3745108540200982, 0.37432545513785653, 0.37409447069861845, 0.37374800664888796, 0.3731478023028588, 0.3726197045987898, 0.3714478404792594, 0.3679540743183518, 0.36264553969147095, 0.3557616425485225, 0.3398251346103066, 0.3285403621068371, 0.31595822736102197, 0.3090433751332333, 0.3029426762536881, 0.2968457085645696, 0.2831309452815395, 0.27641496132785326, 0.2723874323274964, 0.26825988326858896, 0.26825988326858896, 0.2679683461155904, 0.26786550331021153, 0.26780250732708466, 0.26777439430645944, 0.2677711333681292, 0.26777033823844953, 0.267769400029815, 0.2677692492151621, 0.26776921394694564, 0.26776920573399976, 0.26776920456450837, 0.2677692041601718, 0.2677692040669586, 0.2677692040076176, 0.2677692040037103]}, "6": {"maxiter": 500, "fatol": 1e-10, "xatol": 1e-05, "duration": 0.23740816116333008, "fun": "0.26776920400531545", "nit": "491", "nfev": "758", "status": "0", "success": "True", "message": "Optimization terminated successfully.", "x": "[ 8.30845527  2.84920231  3.68147381  1.70935183 -0.9451805  -0.9744393 ]", "final_simplex": "(array([[ 8.30845527,  2.84920231,  3.68147381,  1.70935183, -0.9451805 ,\n        -0.9744393 ],\n       [ 8.30845215,  2.84919536,  3.68146526,  1.70934897, -0.9451755 ,\n        -0.97443228],\n       [ 8.30845039,  2.84919553,  3.68146762,  1.70934537, -0.94518391,\n        -0.97443206],\n       [ 8.30845384,  2.84919782,  3.681471  ,  1.70934395, -0.94518494,\n        -0.97443467],\n       [ 8.3084548 ,  2.84919991,  3.68147864,  1.70934809, -0.94518633,\n        -0.97443411],\n       [ 8.30844761,  2.84919873,  3.68147317,  1.70934516, -0.94517913,\n        -0.97443285],\n       [ 8.30845433,  2.84920823,  3.68147084,  1.7093525 , -0.94518177,\n        -0.97443539]]), array([0.2677692, 0.2677692, 0.2677692, 0.2677692, 0.2677692, 0.2677692,\n       0.2677692]))", "callback": [0.7404856240052953, 0.5319851552531866, 0.5149043991385298, 0.5033831765358003, 0.4883068995930179, 0.41960121693585173, 0.3830808452418655, 0.3830808452418655, 0.38219508030483573, 0.38118309219633106, 0.38072967753989406, 0.37930620236212265, 0.37693842681740297, 0.37520651712406716, 0.3745108540200982, 0.37432545513785653, 0.37409447069861845, 0.37374800664888796, 0.3731478023028588, 0.3726197045987898, 0.3714478404792594, 0.3679540743183518, 0.36264553969147095, 0.3557616425485225, 0.3398251346103066, 0.3285403621068371, 0.31595822736102197, 0.3090433751332333, 0.3029426762536881, 0.2968457085645696, 0.2831309452815395, 0.27641496132785326, 0.2723874323274964, 0.26825988326858896, 0.26825988326858896, 0.2679683461155904, 0.26786550331021153, 0.26780250732708466, 0.26777439430645944, 0.2677711333681292, 0.26777033823844953, 0.267769400029815, 0.2677692492151621, 0.26776921394694564, 0.26776920573399976, 0.26776920456450837, 0.2677692041601718, 0.2677692040669586, 0.2677692040076176, 0.26776920400531545]}, "7": {"maxiter": 500, "fatol": 1e-10, "xatol": 1e-10, "duration": 0.24193382263183594, "fun": "0.26776920400120596", "nit": "500", "nfev": "774", "status": "2", "success": "False", "message": "Maximum number of iterations has been exceeded.", "x": "[ 8.30845257  2.84919778  3.68146908  1.70934804 -0.94518244 -0.97443371]", "final_simplex": "(array([[ 8.30845257,  2.84919778,  3.68146908,  1.70934804, -0.94518244,\n        -0.97443371],\n       [ 8.30845644,  2.84919977,  3.68147017,  1.70935062, -0.94518312,\n        -0.97443572],\n       [ 8.30845424,  2.84920022,  3.68147015,  1.70935202, -0.9451803 ,\n        -0.974435  ],\n       [ 8.30845468,  2.84920105,  3.6814721 ,  1.709351  , -0.945181  ,\n        -0.97443696],\n       [ 8.30845348,  2.8491979 ,  3.68146822,  1.70934976, -0.94517881,\n        -0.97443394],\n       [ 8.3084544 ,  2.84919942,  3.68147417,  1.70934828, -0.94518415,\n        -0.9744345 ],\n       [ 8.30845334,  2.84920326,  3.68147121,  1.70934986, -0.94518174,\n        -0.9744348 ]]), array([0.2677692, 0.2677692, 0.2677692, 0.2677692, 0.2677692, 0.2677692,\n       0.2677692]))", "callback": [0.7404856240052953, 0.5319851552531866, 0.5149043991385298, 0.5033831765358003, 0.4883068995930179, 0.41960121693585173, 0.3830808452418655, 0.3830808452418655, 0.38219508030483573, 0.38118309219633106, 0.38072967753989406, 0.37930620236212265, 0.37693842681740297, 0.37520651712406716, 0.3745108540200982, 0.37432545513785653, 0.37409447069861845, 0.37374800664888796, 0.3731478023028588, 0.3726197045987898, 0.3714478404792594, 0.3679540743183518, 0.36264553969147095, 0.3557616425485225, 0.3398251346103066, 0.3285403621068371, 0.31595822736102197, 0.3090433751332333, 0.3029426762536881, 0.2968457085645696, 0.2831309452815395, 0.27641496132785326, 0.2723874323274964, 0.26825988326858896, 0.26825988326858896, 0.2679683461155904, 0.26786550331021153, 0.26780250732708466, 0.26777439430645944, 0.2677711333681292, 0.26777033823844953, 0.267769400029815, 0.2677692492151621, 0.26776921394694564, 0.26776920573399976, 0.26776920456450837, 0.2677692041601718, 0.2677692040669586, 0.2677692040076176, 0.2677692040037103]}, "8": {"maxiter": 1000, "fatol": 1e-05, "xatol": 1e-05, "duration": 0.21198606491088867, "fun": "0.26776920400531545", "nit": "491", "nfev": "758", "status": "0", "success": "True", "message": "Optimization terminated successfully.", "x": "[ 8.30845527  2.84920231  3.68147381  1.70935183 -0.9451805  -0.9744393 ]", "final_simplex": "(array([[ 8.30845527,  2.84920231,  3.68147381,  1.70935183, -0.9451805 ,\n        -0.9744393 ],\n       [ 8.30845215,  2.84919536,  3.68146526,  1.70934897, -0.9451755 ,\n        -0.97443228],\n       [ 8.30845039,  2.84919553,  3.68146762,  1.70934537, -0.94518391,\n        -0.97443206],\n       [ 8.30845384,  2.84919782,  3.681471  ,  1.70934395, -0.94518494,\n        -0.97443467],\n       [ 8.3084548 ,  2.84919991,  3.68147864,  1.70934809, -0.94518633,\n        -0.97443411],\n       [ 8.30844761,  2.84919873,  3.68147317,  1.70934516, -0.94517913,\n        -0.97443285],\n       [ 8.30845433,  2.84920823,  3.68147084,  1.7093525 , -0.94518177,\n        -0.97443539]]), array([0.2677692, 0.2677692, 0.2677692, 0.2677692, 0.2677692, 0.2677692,\n       0.2677692]))", "callback": [0.7404856240052953, 0.5319851552531866, 0.5149043991385298, 0.5033831765358003, 0.4883068995930179, 0.41960121693585173, 0.3830808452418655, 0.3830808452418655, 0.38219508030483573, 0.38118309219633106, 0.38072967753989406, 0.37930620236212265, 0.37693842681740297, 0.37520651712406716, 0.3745108540200982, 0.37432545513785653, 0.37409447069861845, 0.37374800664888796, 0.3731478023028588, 0.3726197045987898, 0.3714478404792594, 0.3679540743183518, 0.36264553969147095, 0.3557616425485225, 0.3398251346103066, 0.3285403621068371, 0.31595822736102197, 0.3090433751332333, 0.3029426762536881, 0.2968457085645696, 0.2831309452815395, 0.27641496132785326, 0.2723874323274964, 0.26825988326858896, 0.26825988326858896, 0.2679683461155904, 0.26786550331021153, 0.26780250732708466, 0.26777439430645944, 0.2677711333681292, 0.26777033823844953, 0.267769400029815, 0.2677692492151621, 0.26776921394694564, 0.26776920573399976, 0.26776920456450837, 0.2677692041601718, 0.2677692040669586, 0.2677692040076176, 0.26776920400531545]}, "9": {"maxiter": 1000, "fatol": 1e-05, "xatol": 1e-10, "duration": 0.3333418369293213, "fun": "0.26776920399945303", "nit": "615", "nfev": "1028", "status": "0", "success": "True", "message": "Optimization terminated successfully.", "x": "[ 8.30845395  2.84919879  3.68147083  1.70935019 -0.94518343 -0.9744369 ]", "final_simplex": "(array([[ 8.30845395,  2.84919879,  3.68147083,  1.70935019, -0.94518343,\n        -0.9744369 ],\n       [ 8.30845395,  2.84919879,  3.68147083,  1.70935019, -0.94518343,\n        -0.9744369 ],\n       [ 8.30845395,  2.84919879,  3.68147083,  1.70935019, -0.94518343,\n        -0.9744369 ],\n       [ 8.30845395,  2.84919879,  3.68147083,  1.70935019, -0.94518343,\n        -0.9744369 ],\n       [ 8.30845395,  2.84919879,  3.68147083,  1.70935019, -0.94518343,\n        -0.9744369 ],\n       [ 8.30845395,  2.84919879,  3.68147083,  1.70935019, -0.94518343,\n        -0.9744369 ],\n       [ 8.30845395,  2.84919879,  3.68147083,  1.70935019, -0.94518343,\n        -0.9744369 ]]), array([0.2677692, 0.2677692, 0.2677692, 0.2677692, 0.2677692, 0.2677692,\n       0.2677692]))", "callback": [0.7404856240052953, 0.5319851552531866, 0.5149043991385298, 0.5033831765358003, 0.4883068995930179, 0.41960121693585173, 0.3830808452418655, 0.3830808452418655, 0.38219508030483573, 0.38118309219633106, 0.38072967753989406, 0.37930620236212265, 0.37693842681740297, 0.37520651712406716, 0.3745108540200982, 0.37432545513785653, 0.37409447069861845, 0.37374800664888796, 0.3731478023028588, 0.3726197045987898, 0.3714478404792594, 0.3679540743183518, 0.36264553969147095, 0.3557616425485225, 0.3398251346103066, 0.3285403621068371, 0.31595822736102197, 0.3090433751332333, 0.3029426762536881, 0.2968457085645696, 0.2831309452815395, 0.27641496132785326, 0.2723874323274964, 0.26825988326858896, 0.26825988326858896, 0.2679683461155904, 0.26786550331021153, 0.26780250732708466, 0.26777439430645944, 0.2677711333681292, 0.26777033823844953, 0.267769400029815, 0.2677692492151621, 0.26776921394694564, 0.26776920573399976, 0.26776920456450837, 0.2677692041601718, 0.2677692040669586, 0.2677692040076176, 0.2677692040037103, 0.2677692040011128, 0.2677692039998628, 0.26776920399952064, 0.26776920399949267, 0.26776920399946713, 0.2677692039994599, 0.2677692039994556, 0.2677692039994538, 0.2677692039994535, 0.26776920399945314, 0.26776920399945314, 0.26776920399945303]}, "10": {"maxiter": 1000, "fatol": 1e-10, "xatol": 1e-05, "duration": 0.2289431095123291, "fun": "0.26776920400531545", "nit": "491", "nfev": "758", "status": "0", "success": "True", "message": "Optimization terminated successfully.", "x": "[ 8.30845527  2.84920231  3.68147381  1.70935183 -0.9451805  -0.9744393 ]", "final_simplex": "(array([[ 8.30845527,  2.84920231,  3.68147381,  1.70935183, -0.9451805 ,\n        -0.9744393 ],\n       [ 8.30845215,  2.84919536,  3.68146526,  1.70934897, -0.9451755 ,\n        -0.97443228],\n       [ 8.30845039,  2.84919553,  3.68146762,  1.70934537, -0.94518391,\n        -0.97443206],\n       [ 8.30845384,  2.84919782,  3.681471  ,  1.70934395, -0.94518494,\n        -0.97443467],\n       [ 8.3084548 ,  2.84919991,  3.68147864,  1.70934809, -0.94518633,\n        -0.97443411],\n       [ 8.30844761,  2.84919873,  3.68147317,  1.70934516, -0.94517913,\n        -0.97443285],\n       [ 8.30845433,  2.84920823,  3.68147084,  1.7093525 , -0.94518177,\n        -0.97443539]]), array([0.2677692, 0.2677692, 0.2677692, 0.2677692, 0.2677692, 0.2677692,\n       0.2677692]))", "callback": [0.7404856240052953, 0.5319851552531866, 0.5149043991385298, 0.5033831765358003, 0.4883068995930179, 0.41960121693585173, 0.3830808452418655, 0.3830808452418655, 0.38219508030483573, 0.38118309219633106, 0.38072967753989406, 0.37930620236212265, 0.37693842681740297, 0.37520651712406716, 0.3745108540200982, 0.37432545513785653, 0.37409447069861845, 0.37374800664888796, 0.3731478023028588, 0.3726197045987898, 0.3714478404792594, 0.3679540743183518, 0.36264553969147095, 0.3557616425485225, 0.3398251346103066, 0.3285403621068371, 0.31595822736102197, 0.3090433751332333, 0.3029426762536881, 0.2968457085645696, 0.2831309452815395, 0.27641496132785326, 0.2723874323274964, 0.26825988326858896, 0.26825988326858896, 0.2679683461155904, 0.26786550331021153, 0.26780250732708466, 0.26777439430645944, 0.2677711333681292, 0.26777033823844953, 0.267769400029815, 0.2677692492151621, 0.26776921394694564, 0.26776920573399976, 0.26776920456450837, 0.2677692041601718, 0.2677692040669586, 0.2677692040076176, 0.26776920400531545]}, "11": {"maxiter": 1000, "fatol": 1e-10, "xatol": 1e-10, "duration": 0.2833137512207031, "fun": "0.26776920399945303", "nit": "615", "nfev": "1028", "status": "0", "success": "True", "message": "Optimization terminated successfully.", "x": "[ 8.30845395  2.84919879  3.68147083  1.70935019 -0.94518343 -0.9744369 ]", "final_simplex": "(array([[ 8.30845395,  2.84919879,  3.68147083,  1.70935019, -0.94518343,\n        -0.9744369 ],\n       [ 8.30845395,  2.84919879,  3.68147083,  1.70935019, -0.94518343,\n        -0.9744369 ],\n       [ 8.30845395,  2.84919879,  3.68147083,  1.70935019, -0.94518343,\n        -0.9744369 ],\n       [ 8.30845395,  2.84919879,  3.68147083,  1.70935019, -0.94518343,\n        -0.9744369 ],\n       [ 8.30845395,  2.84919879,  3.68147083,  1.70935019, -0.94518343,\n        -0.9744369 ],\n       [ 8.30845395,  2.84919879,  3.68147083,  1.70935019, -0.94518343,\n        -0.9744369 ],\n       [ 8.30845395,  2.84919879,  3.68147083,  1.70935019, -0.94518343,\n        -0.9744369 ]]), array([0.2677692, 0.2677692, 0.2677692, 0.2677692, 0.2677692, 0.2677692,\n       0.2677692]))", "callback": [0.7404856240052953, 0.5319851552531866, 0.5149043991385298, 0.5033831765358003, 0.4883068995930179, 0.41960121693585173, 0.3830808452418655, 0.3830808452418655, 0.38219508030483573, 0.38118309219633106, 0.38072967753989406, 0.37930620236212265, 0.37693842681740297, 0.37520651712406716, 0.3745108540200982, 0.37432545513785653, 0.37409447069861845, 0.37374800664888796, 0.3731478023028588, 0.3726197045987898, 0.3714478404792594, 0.3679540743183518, 0.36264553969147095, 0.3557616425485225, 0.3398251346103066, 0.3285403621068371, 0.31595822736102197, 0.3090433751332333, 0.3029426762536881, 0.2968457085645696, 0.2831309452815395, 0.27641496132785326, 0.2723874323274964, 0.26825988326858896, 0.26825988326858896, 0.2679683461155904, 0.26786550331021153, 0.26780250732708466, 0.26777439430645944, 0.2677711333681292, 0.26777033823844953, 0.267769400029815, 0.2677692492151621, 0.26776921394694564, 0.26776920573399976, 0.26776920456450837, 0.2677692041601718, 0.2677692040669586, 0.2677692040076176, 0.2677692040037103, 0.2677692040011128, 0.2677692039998628, 0.26776920399952064, 0.26776920399949267, 0.26776920399946713, 0.2677692039994599, 0.2677692039994556, 0.2677692039994538, 0.2677692039994535, 0.26776920399945314, 0.26776920399945314, 0.26776920399945303]}}, "bfgs": {"type": "gradient", "0": {"maxiter": 100, "gtol": 1e-05, "xrtol": 1e-05, "eps": 1e-05, "duration": 0.05650591850280762, "fun": "0.2677692041774713", "jac": "[ 6.45659082e-06  2.92594837e-06  4.09523526e-06 -6.06720230e-06\n  4.92167418e-06 -7.45059570e-07]", "hess_inv": "[[ 3.92914616  0.39697805  0.76814336  1.03064093 -1.43819531 -2.50558808]\n [ 0.39697805  3.65283827  2.10640737  0.97797342 -0.77081593 -0.62753747]\n [ 0.76814336  2.10640737  7.85069243 -0.37449707 -5.49500621 -2.32389812]\n [ 1.03064093  0.97797342 -0.37449707  2.97712256  0.48496711 -0.58133772]\n [-1.43819531 -0.77081593 -5.49500621  0.48496711  6.87117303  2.64206949]\n [-2.50558808 -0.62753747 -2.32389812 -0.58133772  2.64206949  4.93943675]]", "nfev": "175", "njev": "25", "status": "0", "success": "True", "message": "Optimization terminated successfully.", "x": "[ 8.30847481  2.84920234  3.68149596  1.70932786 -0.94519565 -0.97445895]", "nit": "22", "callback": [0.4741854249538773, 0.46804224299993336, 0.4566064518561743, 0.4348767821826718, 0.3968566662400317, 0.3730858664579775, 0.358113007143104, 0.3326377514761152, 0.2991316941414406, 0.2881275523970781, 0.2810951178659865, 0.27480876638882124, 0.2710863457999828, 0.2694723429263737, 0.2680811996626742, 0.2678323898721876, 0.2677976284990644, 0.2677818278394333, 0.2677715524562846, 0.2677693924033159, 0.26776920920310954, 0.2677692041774713]}, "1": {"maxiter": 100, "gtol": 1e-05, "xrtol": 1e-05, "eps": 1e-10, "duration": 0.05295681953430176, "fun": "0.26776920429082807", "jac": "[ 7.77156053e-06  5.55111466e-06  6.66133760e-06 -6.66133760e-06\n  4.44089173e-06  3.33066880e-06]", "hess_inv": "[[ 3.94311883  0.39184472  0.74180883  1.03847864 -1.4317817  -2.51467401]\n [ 0.39184472  3.65837912  2.1290624   0.97757602 -0.77589238 -0.64468577]\n [ 0.74180883  2.1290624   7.90384406 -0.37366858 -5.49880618 -2.32971395]\n [ 1.03847864  0.97757602 -0.37366858  2.97522077  0.478284   -0.58419448]\n [-1.4317817  -0.77589238 -5.49880618  0.478284    6.86547125  2.65140886]\n [-2.51467401 -0.64468577 -2.32971395 -0.58419448  2.65140886  4.92182972]]", "nfev": "175", "njev": "25", "status": "0", "success": "True", "message": "Optimization terminated successfully.", "x": "[ 8.30848119  2.84922182  3.68152075  1.70933479 -0.94520447 -0.9744542 ]", "nit": "22", "callback": [0.4741845350864422, 0.46804202181982524, 0.45660772466562616, 0.43488070016425484, 0.39686486775125784, 0.3730861757420899, 0.35811562296734323, 0.3326437242329696, 0.29914037164367024, 0.2881352713463473, 0.28109987262359226, 0.27481201707199143, 0.27108566517817145, 0.2694738129263239, 0.26807989971202595, 0.2678322083074356, 0.2677975746866378, 0.267781782474125, 0.26777154991892727, 0.26776939001505073, 0.26776920983184305, 0.26776920429082807]}, "2": {"maxiter": 100, "gtol": 1e-05, "xrtol": 1e-10, "eps": 1e-05, "duration": 0.05725598335266113, "fun": "0.2677692041774713", "jac": "[ 6.45659082e-06  2.92594837e-06  4.09523526e-06 -6.06720230e-06\n  4.92167418e-06 -7.45059570e-07]", "hess_inv": "[[ 3.92914616  0.39697805  0.76814336  1.03064093 -1.43819531 -2.50558808]\n [ 0.39697805  3.65283827  2.10640737  0.97797342 -0.77081593 -0.62753747]\n [ 0.76814336  2.10640737  7.85069243 -0.37449707 -5.49500621 -2.32389812]\n [ 1.03064093  0.97797342 -0.37449707  2.97712256  0.48496711 -0.58133772]\n [-1.43819531 -0.77081593 -5.49500621  0.48496711  6.87117303  2.64206949]\n [-2.50558808 -0.62753747 -2.32389812 -0.58133772  2.64206949  4.93943675]]", "nfev": "175", "njev": "25", "status": "0", "success": "True", "message": "Optimization terminated successfully.", "x": "[ 8.30847481  2.84920234  3.68149596  1.70932786 -0.94519565 -0.97445895]", "nit": "22", "callback": [0.4741854249538773, 0.46804224299993336, 0.4566064518561743, 0.4348767821826718, 0.3968566662400317, 0.3730858664579775, 0.358113007143104, 0.3326377514761152, 0.2991316941414406, 0.2881275523970781, 0.2810951178659865, 0.27480876638882124, 0.2710863457999828, 0.2694723429263737, 0.2680811996626742, 0.2678323898721876, 0.2677976284990644, 0.2677818278394333, 0.2677715524562846, 0.2677693924033159, 0.26776920920310954, 0.2677692041774713]}, "3": {"maxiter": 100, "gtol": 1e-05, "xrtol": 1e-10, "eps": 1e-10, "duration": 0.059023141860961914, "fun": "0.26776920429082807", "jac": "[ 7.77156053e-06  5.55111466e-06  6.66133760e-06 -6.66133760e-06\n  4.44089173e-06  3.33066880e-06]", "hess_inv": "[[ 3.94311883  0.39184472  0.74180883  1.03847864 -1.4317817  -2.51467401]\n [ 0.39184472  3.65837912  2.1290624   0.97757602 -0.77589238 -0.64468577]\n [ 0.74180883  2.1290624   7.90384406 -0.37366858 -5.49880618 -2.32971395]\n [ 1.03847864  0.97757602 -0.37366858  2.97522077  0.478284   -0.58419448]\n [-1.4317817  -0.77589238 -5.49880618  0.478284    6.86547125  2.65140886]\n [-2.51467401 -0.64468577 -2.32971395 -0.58419448  2.65140886  4.92182972]]", "nfev": "175", "njev": "25", "status": "0", "success": "True", "message": "Optimization terminated successfully.", "x": "[ 8.30848119  2.84922182  3.68152075  1.70933479 -0.94520447 -0.9744542 ]", "nit": "22", "callback": [0.4741845350864422, 0.46804202181982524, 0.45660772466562616, 0.43488070016425484, 0.39686486775125784, 0.3730861757420899, 0.35811562296734323, 0.3326437242329696, 0.29914037164367024, 0.2881352713463473, 0.28109987262359226, 0.27481201707199143, 0.27108566517817145, 0.2694738129263239, 0.26807989971202595, 0.2678322083074356, 0.2677975746866378, 0.267781782474125, 0.26777154991892727, 0.26776939001505073, 0.26776920983184305, 0.26776920429082807]}, "4": {"maxiter": 100, "gtol": 1e-10, "xrtol": 1e-05, "eps": 1e-05, "duration": 0.06030988693237305, "fun": "0.26776920404666615", "jac": "[ 7.42828021e-07 -7.29127869e-07  1.52197144e-06 -1.40515377e-06\n  1.33073552e-06 -3.16946469e-07]", "hess_inv": "[[ 4.30918304  0.6653321   1.09396119  0.92575671 -1.53405601 -2.75931359]\n [ 0.6653321   3.84166846  2.34910588  0.89780199 -0.83999345 -0.81359498]\n [ 1.09396119  2.34910588  7.88894881 -0.34779293 -5.54879298 -2.40981056]\n [ 0.92575671  0.89780199 -0.34779293  2.94965009  0.49768538 -0.57498387]\n [-1.53405601 -0.83999345 -5.54879298  0.49768538  6.89200789  2.69056584]\n [-2.75931359 -0.81359498 -2.40981056 -0.57498387  2.69056584  5.0369785 ]]", "nfev": "182", "njev": "26", "status": "0", "success": "True", "message": "Optimization terminated successfully.", "x": "[ 8.30845167  2.84918616  3.68147312  1.7093357  -0.94518946 -0.97444186]", "nit": "23", "callback": [0.4741854249538773, 0.46804224299993336, 0.4566064518561743, 0.4348767821826718, 0.3968566662400317, 0.3730858664579775, 0.358113007143104, 0.3326377514761152, 0.2991316941414406, 0.2881275523970781, 0.2810951178659865, 0.27480876638882124, 0.2710863457999828, 0.2694723429263737, 0.2680811996626742, 0.2678323898721876, 0.2677976284990644, 0.2677818278394333, 0.2677715524562846, 0.2677693924033159, 0.26776920920310954, 0.2677692041774713, 0.26776920404666615]}, "5": {"maxiter": 100, "gtol": 1e-10, "xrtol": 1e-05, "eps": 1e-10, "duration": 0.05463004112243652, "fun": "0.2677692040299834", "jac": "[-1.11022293e-06 -1.11022293e-06  1.11022293e-06  2.22044587e-06\n  4.44089173e-06 -1.11022293e-06]", "hess_inv": "[[ 4.27123707  0.8604614   1.432465    0.89683334 -1.71091193 -2.64297476]\n [ 0.8604614   4.12479494  2.56008546  0.91575444 -0.98825781 -0.80427735]\n [ 1.432465    2.56008546  7.83717841 -0.28723909 -5.57635126 -2.53503642]\n [ 0.89683334  0.91575444 -0.28723909  2.93909184  0.46978268 -0.5451832 ]\n [-1.71091193 -0.98825781 -5.57635126  0.46978268  6.93185966  2.73883936]\n [-2.64297476 -0.80427735 -2.53503642 -0.5451832   2.73883936  4.96924141]]", "nfev": "182", "njev": "26", "status": "0", "success": "True", "message": "Optimization terminated successfully.", "x": "[ 8.30845605  2.84918835  3.6814745   1.70934395 -0.94518532 -0.97444465]", "nit": "23", "callback": [0.4741845350864422, 0.46804202181982524, 0.45660772466562616, 0.43488070016425484, 0.39686486775125784, 0.3730861757420899, 0.35811562296734323, 0.3326437242329696, 0.29914037164367024, 0.2881352713463473, 0.28109987262359226, 0.27481201707199143, 0.27108566517817145, 0.2694738129263239, 0.26807989971202595, 0.2678322083074356, 0.2677975746866378, 0.267781782474125, 0.26777154991892727, 0.26776939001505073, 0.26776920983184305, 0.26776920429082807, 0.2677692040299834]}, "6": {"maxiter": 100, "gtol": 1e-10, "xrtol": 1e-10, "eps": 1e-05, "duration": 0.05718493461608887, "fun": "0.267769204031582", "jac": "[ 3.33066907e-11  1.11022302e-11 -2.22044605e-11  1.11022302e-11\n -1.11022302e-11  0.00000000e+00]", "hess_inv": "[[ 4.36387412  0.59346517  1.34847316  0.72420316 -1.58407201 -2.87932639]\n [ 0.59346517  3.98630911  2.20709175  1.10106397 -0.7424759  -0.81266293]\n [ 1.34847316  2.20709175  8.50670866 -0.85650197 -5.72852546 -2.68384854]\n [ 0.72420316  1.10106397 -0.85650197  3.42848238  0.67848345 -0.3922138 ]\n [-1.58407201 -0.7424759  -5.72852546  0.67848345  6.95309016  2.74839319]\n [-2.87932639 -0.81266293 -2.68384854 -0.3922138   2.74839319  5.18852959]]", "nfev": "210", "njev": "30", "status": "0", "success": "True", "message": "Optimization terminated successfully.", "x": "[ 8.30844894  2.84918755  3.68146615  1.70934119 -0.9451875  -0.97443868]", "nit": "27", "callback": [0.4741854249538773, 0.46804224299993336, 0.4566064518561743, 0.4348767821826718, 0.3968566662400317, 0.3730858664579775, 0.358113007143104, 0.3326377514761152, 0.2991316941414406, 0.2881275523970781, 0.2810951178659865, 0.27480876638882124, 0.2710863457999828, 0.2694723429263737, 0.2680811996626742, 0.2678323898721876, 0.2677976284990644, 0.2677818278394333, 0.2677715524562846, 0.2677693924033159, 0.26776920920310954, 0.2677692041774713, 0.26776920404666615, 0.2677692040345876, 0.2677692040318531, 0.26776920403158866, 0.267769204031582]}, "7": {"maxiter": 100, "gtol": 1e-10, "xrtol": 1e-10, "eps": 1e-10, "duration": 0.08410906791687012, "fun": "0.2677692040299834", "jac": "[ 3.33066880e-06 -2.22044587e-06  1.11022293e-06 -1.11022293e-06\n  4.44089173e-06 -2.22044587e-06]", "hess_inv": "[[ 4.06681512  0.75331152  0.85831871  1.12091691 -0.86317051 -2.43411597]\n [ 0.75331152  4.20186211  2.09930096  1.15392606  0.01474891 -0.58885845]\n [ 0.85831871  2.09930096  6.41637509  0.19730415 -3.86558544 -2.07553116]\n [ 1.12091691  1.15392606  0.19730415  2.80283208  0.04668157 -0.67813868]\n [-0.86317051  0.01474891 -3.86558544  0.04668157  5.7587708   2.31693274]\n [-2.43411597 -0.58885845 -2.07553116 -0.67813868  2.31693274  4.84009428]]", "nfev": "252", "njev": "36", "status": "0", "success": "True", "message": "Optimization terminated successfully.", "x": "[ 8.30845605  2.84918835  3.6814745   1.70934395 -0.94518532 -0.97444465]", "nit": "24", "callback": [0.4741845350864422, 0.46804202181982524, 0.45660772466562616, 0.43488070016425484, 0.39686486775125784, 0.3730861757420899, 0.35811562296734323, 0.3326437242329696, 0.29914037164367024, 0.2881352713463473, 0.28109987262359226, 0.27481201707199143, 0.27108566517817145, 0.2694738129263239, 0.26807989971202595, 0.2678322083074356, 0.2677975746866378, 0.267781782474125, 0.26777154991892727, 0.26776939001505073, 0.26776920983184305, 0.26776920429082807, 0.2677692040299834, 0.2677692040299834]}, "8": {"maxiter": 500, "gtol": 1e-05, "xrtol": 1e-05, "eps": 1e-05, "duration": 0.05343317985534668, "fun": "0.2677692041774713", "jac": "[ 6.45659082e-06  2.92594837e-06  4.09523526e-06 -6.06720230e-06\n  4.92167418e-06 -7.45059570e-07]", "hess_inv": "[[ 3.92914616  0.39697805  0.76814336  1.03064093 -1.43819531 -2.50558808]\n [ 0.39697805  3.65283827  2.10640737  0.97797342 -0.77081593 -0.62753747]\n [ 0.76814336  2.10640737  7.85069243 -0.37449707 -5.49500621 -2.32389812]\n [ 1.03064093  0.97797342 -0.37449707  2.97712256  0.48496711 -0.58133772]\n [-1.43819531 -0.77081593 -5.49500621  0.48496711  6.87117303  2.64206949]\n [-2.50558808 -0.62753747 -2.32389812 -0.58133772  2.64206949  4.93943675]]", "nfev": "175", "njev": "25", "status": "0", "success": "True", "message": "Optimization terminated successfully.", "x": "[ 8.30847481  2.84920234  3.68149596  1.70932786 -0.94519565 -0.97445895]", "nit": "22", "callback": [0.4741854249538773, 0.46804224299993336, 0.4566064518561743, 0.4348767821826718, 0.3968566662400317, 0.3730858664579775, 0.358113007143104, 0.3326377514761152, 0.2991316941414406, 0.2881275523970781, 0.2810951178659865, 0.27480876638882124, 0.2710863457999828, 0.2694723429263737, 0.2680811996626742, 0.2678323898721876, 0.2677976284990644, 0.2677818278394333, 0.2677715524562846, 0.2677693924033159, 0.26776920920310954, 0.2677692041774713]}, "9": {"maxiter": 500, "gtol": 1e-05, "xrtol": 1e-05, "eps": 1e-10, "duration": 0.04985785484313965, "fun": "0.26776920429082807", "jac": "[ 7.77156053e-06  5.55111466e-06  6.66133760e-06 -6.66133760e-06\n  4.44089173e-06  3.33066880e-06]", "hess_inv": "[[ 3.94311883  0.39184472  0.74180883  1.03847864 -1.4317817  -2.51467401]\n [ 0.39184472  3.65837912  2.1290624   0.97757602 -0.77589238 -0.64468577]\n [ 0.74180883  2.1290624   7.90384406 -0.37366858 -5.49880618 -2.32971395]\n [ 1.03847864  0.97757602 -0.37366858  2.97522077  0.478284   -0.58419448]\n [-1.4317817  -0.77589238 -5.49880618  0.478284    6.86547125  2.65140886]\n [-2.51467401 -0.64468577 -2.32971395 -0.58419448  2.65140886  4.92182972]]", "nfev": "175", "njev": "25", "status": "0", "success": "True", "message": "Optimization terminated successfully.", "x": "[ 8.30848119  2.84922182  3.68152075  1.70933479 -0.94520447 -0.9744542 ]", "nit": "22", "callback": [0.4741845350864422, 0.46804202181982524, 0.45660772466562616, 0.43488070016425484, 0.39686486775125784, 0.3730861757420899, 0.35811562296734323, 0.3326437242329696, 0.29914037164367024, 0.2881352713463473, 0.28109987262359226, 0.27481201707199143, 0.27108566517817145, 0.2694738129263239, 0.26807989971202595, 0.2678322083074356, 0.2677975746866378, 0.267781782474125, 0.26777154991892727, 0.26776939001505073, 0.26776920983184305, 0.26776920429082807]}, "10": {"maxiter": 500, "gtol": 1e-05, "xrtol": 1e-10, "eps": 1e-05, "duration": 0.05006575584411621, "fun": "0.2677692041774713", "jac": "[ 6.45659082e-06  2.92594837e-06  4.09523526e-06 -6.06720230e-06\n  4.92167418e-06 -7.45059570e-07]", "hess_inv": "[[ 3.92914616  0.39697805  0.76814336  1.03064093 -1.43819531 -2.50558808]\n [ 0.39697805  3.65283827  2.10640737  0.97797342 -0.77081593 -0.62753747]\n [ 0.76814336  2.10640737  7.85069243 -0.37449707 -5.49500621 -2.32389812]\n [ 1.03064093  0.97797342 -0.37449707  2.97712256  0.48496711 -0.58133772]\n [-1.43819531 -0.77081593 -5.49500621  0.48496711  6.87117303  2.64206949]\n [-2.50558808 -0.62753747 -2.32389812 -0.58133772  2.64206949  4.93943675]]", "nfev": "175", "njev": "25", "status": "0", "success": "True", "message": "Optimization terminated successfully.", "x": "[ 8.30847481  2.84920234  3.68149596  1.70932786 -0.94519565 -0.97445895]", "nit": "22", "callback": [0.4741854249538773, 0.46804224299993336, 0.4566064518561743, 0.4348767821826718, 0.3968566662400317, 0.3730858664579775, 0.358113007143104, 0.3326377514761152, 0.2991316941414406, 0.2881275523970781, 0.2810951178659865, 0.27480876638882124, 0.2710863457999828, 0.2694723429263737, 0.2680811996626742, 0.2678323898721876, 0.2677976284990644, 0.2677818278394333, 0.2677715524562846, 0.2677693924033159, 0.26776920920310954, 0.2677692041774713]}, "11": {"maxiter": 500, "gtol": 1e-05, "xrtol": 1e-10, "eps": 1e-10, "duration": 0.05330514907836914, "fun": "0.26776920429082807", "jac": "[ 7.77156053e-06  5.55111466e-06  6.66133760e-06 -6.66133760e-06\n  4.44089173e-06  3.33066880e-06]", "hess_inv": "[[ 3.94311883  0.39184472  0.74180883  1.03847864 -1.4317817  -2.51467401]\n [ 0.39184472  3.65837912  2.1290624   0.97757602 -0.77589238 -0.64468577]\n [ 0.74180883  2.1290624   7.90384406 -0.373668