{"date": "2024/10/08/, 18:15:34", "conf_id": 19, "data_type": "random\n", "num_data_points": 1, "s_rank": 0, "unitary": "[[-0.24866696+0.58742286j,-0.44704345-0.43151574j,-0.35669027-0.20570733j,-0.10517633+0.1626036j],[0.10596805-0.19687975j,-0.30269685-0.15056416j,0.18246286+0.30440582j,-0.83484447-0.11310748j],[0.26054512-0.52548482j,0.0285017-0.50723956j,-0.43110112+0.17165838j,0.15243271+0.39915801j],[0.42978035+0.11991271j,-0.17224126-0.46030424j,0.6827807-0.15164662j,0.26483638+0.0061855j]]", "databatch_0": {"databatch": "[[[-0.21908533-0.13624612j,0.12982317-0.16818675j,0.15854887+0.06305537j,0.23718657+0.14174072j],[-0.20776521-0.04618502j,-0.24118812+0.17600298j,0.0644187+0.25471753j,-0.07564452-0.13817242j],[-0.21115346+0.20523562j,0.25172726-0.20764155j,-0.22845126+0.20843514j,-0.03001425-0.06405185j],[-0.12695665-0.11070172j,-0.0177713-0.25243822j,0.15832437-0.13589838j,-0.27884589+0.21682239j]]]", "initial param values": "[3.20105782,0.97907032,1.34638299,3.99025448,4.07494816,5.11769801]", "nelder_mead": {"type": "gradient-free", "0": {"maxiter": 100, "fatol": 1e-05, "xatol": 1e-05, "duration": 0.05384087562561035, "fun": "0.7461692221598912", "nit": "100", "nfev": "153", "status": "2", "success": "False", "message": "Maximum number of iterations has been exceeded.", "x": "[ 2.22401479  0.99453553 -1.29355466  5.62383293  5.31135265  2.73302766]", "final_simplex": "(array([[ 2.22401479,  0.99453553, -1.29355466,  5.62383293,  5.31135265,\n         2.73302766],\n       [ 2.41284607,  1.02251421, -1.24564289,  5.60652071,  5.49010941,\n         2.87919941],\n       [ 2.43611721,  1.01611393, -1.34120761,  5.56991599,  5.47199775,\n         2.70466199],\n       [ 2.49585386,  1.03226962, -0.82971659,  5.43904391,  5.56324538,\n         3.12600364],\n       [ 2.51092861,  1.04644678, -0.79734864,  5.43721135,  5.68288444,\n         3.07176741],\n       [ 2.42231731,  0.99627344, -1.07463157,  5.52451147,  5.40762419,\n         2.77184567],\n       [ 2.38067969,  1.03273715, -1.20739192,  5.60474471,  5.37423464,\n         2.74888264]]), array([0.74616922, 0.7475682 , 0.7507046 , 0.75535578, 0.75594888,\n       0.75797339, 0.75829286]))", "callback": [0.9875383779451948, 0.9063449078987683, 0.8589307347548033, 0.8149812443278124, 0.8127055866483041, 0.8093916619756414, 0.8082632303858812, 0.8045352199155275, 0.7996527845200312, 0.7579733932875807]}, "1": {"maxiter": 100, "fatol": 1e-05, "xatol": 1e-10, "duration": 0.057962894439697266, "fun": "0.7461692221598912", "nit": "100", "nfev": "153", "status": "2", "success": "False", "message": "Maximum number of iterations has been exceeded.", "x": "[ 2.22401479  0.99453553 -1.29355466  5.62383293  5.31135265  2.73302766]", "final_simplex": "(array([[ 2.22401479,  0.99453553, -1.29355466,  5.62383293,  5.31135265,\n         2.73302766],\n       [ 2.41284607,  1.02251421, -1.24564289,  5.60652071,  5.49010941,\n         2.87919941],\n       [ 2.43611721,  1.01611393, -1.34120761,  5.56991599,  5.47199775,\n         2.70466199],\n       [ 2.49585386,  1.03226962, -0.82971659,  5.43904391,  5.56324538,\n         3.12600364],\n       [ 2.51092861,  1.04644678, -0.79734864,  5.43721135,  5.68288444,\n         3.07176741],\n       [ 2.42231731,  0.99627344, -1.07463157,  5.52451147,  5.40762419,\n         2.77184567],\n       [ 2.38067969,  1.03273715, -1.20739192,  5.60474471,  5.37423464,\n         2.74888264]]), array([0.74616922, 0.7475682 , 0.7507046 , 0.75535578, 0.75594888,\n       0.75797339, 0.75829286]))", "callback": [0.9875383779451948, 0.9063449078987683, 0.8589307347548033, 0.8149812443278124, 0.8127055866483041, 0.8093916619756414, 0.8082632303858812, 0.8045352199155275, 0.7996527845200312, 0.7579733932875807]}, "2": {"maxiter": 100, "fatol": 1e-10, "xatol": 1e-05, "duration": 0.0466008186340332, "fun": "0.7461692221598912", "nit": "100", "nfev": "153", "status": "2", "success": "False", "message": "Maximum number of iterations has been exceeded.", "x": "[ 2.22401479  0.99453553 -1.29355466  5.62383293  5.31135265  2.73302766]", "final_simplex": "(array([[ 2.22401479,  0.99453553, -1.29355466,  5.62383293,  5.31135265,\n         2.73302766],\n       [ 2.41284607,  1.02251421, -1.24564289,  5.60652071,  5.49010941,\n         2.87919941],\n       [ 2.43611721,  1.01611393, -1.34120761,  5.56991599,  5.47199775,\n         2.70466199],\n       [ 2.49585386,  1.03226962, -0.82971659,  5.43904391,  5.56324538,\n         3.12600364],\n       [ 2.51092861,  1.04644678, -0.79734864,  5.43721135,  5.68288444,\n         3.07176741],\n       [ 2.42231731,  0.99627344, -1.07463157,  5.52451147,  5.40762419,\n         2.77184567],\n       [ 2.38067969,  1.03273715, -1.20739192,  5.60474471,  5.37423464,\n         2.74888264]]), array([0.74616922, 0.7475682 , 0.7507046 , 0.75535578, 0.75594888,\n       0.75797339, 0.75829286]))", "callback": [0.9875383779451948, 0.9063449078987683, 0.8589307347548033, 0.8149812443278124, 0.8127055866483041, 0.8093916619756414, 0.8082632303858812, 0.8045352199155275, 0.7996527845200312, 0.7579733932875807]}, "3": {"maxiter": 100, "fatol": 1e-10, "xatol": 1e-10, "duration": 0.049163103103637695, "fun": "0.7461692221598912", "nit": "100", "nfev": "153", "status": "2", "success": "False", "message": "Maximum number of iterations has been exceeded.", "x": "[ 2.22401479  0.99453553 -1.29355466  5.62383293  5.31135265  2.73302766]", "final_simplex": "(array([[ 2.22401479,  0.99453553, -1.29355466,  5.62383293,  5.31135265,\n         2.73302766],\n       [ 2.41284607,  1.02251421, -1.24564289,  5.60652071,  5.49010941,\n         2.87919941],\n       [ 2.43611721,  1.01611393, -1.34120761,  5.56991599,  5.47199775,\n         2.70466199],\n       [ 2.49585386,  1.03226962, -0.82971659,  5.43904391,  5.56324538,\n         3.12600364],\n       [ 2.51092861,  1.04644678, -0.79734864,  5.43721135,  5.68288444,\n         3.07176741],\n       [ 2.42231731,  0.99627344, -1.07463157,  5.52451147,  5.40762419,\n         2.77184567],\n       [ 2.38067969,  1.03273715, -1.20739192,  5.60474471,  5.37423464,\n         2.74888264]]), array([0.74616922, 0.7475682 , 0.7507046 , 0.75535578, 0.75594888,\n       0.75797339, 0.75829286]))", "callback": [0.9875383779451948, 0.9063449078987683, 0.8589307347548033, 0.8149812443278124, 0.8127055866483041, 0.8093916619756414, 0.8082632303858812, 0.8045352199155275, 0.7996527845200312, 0.7579733932875807]}, "4": {"maxiter": 500, "fatol": 1e-05, "xatol": 1e-05, "duration": 0.23207402229309082, "fun": "0.49030191331757333", "nit": "479", "nfev": "760", "status": "0", "success": "True", "message": "Optimization terminated successfully.", "x": "[ 1.08969591  0.13616668 -1.76172388  4.6345885   5.92611466  2.25792821]", "final_simplex": "(array([[ 1.08969591,  0.13616668, -1.76172388,  4.6345885 ,  5.92611466,\n         2.25792821],\n       [ 1.08969694,  0.13616944, -1.7617271 ,  4.63459056,  5.92611682,\n         2.25793089],\n       [ 1.0896972 ,  0.13616474, -1.76172036,  4.63459503,  5.92611167,\n         2.25793312],\n       [ 1.0896965 ,  0.13617097, -1.76172   ,  4.63459595,  5.92611491,\n         2.25792908],\n       [ 1.08969301,  0.13616461, -1.76171974,  4.63459229,  5.92611547,\n         2.25793446],\n       [ 1.0896995 ,  0.13616193, -1.7617184 ,  4.63458674,  5.92611308,\n         2.25793635],\n       [ 1.0897029 ,  0.13615918, -1.76171766,  4.63459154,  5.92611866,\n         2.25793167]]), array([0.49030191, 0.49030191, 0.49030191, 0.49030191, 0.49030191,\n       0.49030191, 0.49030191]))", "callback": [0.9875383779451948, 0.9063449078987683, 0.8589307347548033, 0.8149812443278124, 0.8127055866483041, 0.8093916619756414, 0.8082632303858812, 0.8045352199155275, 0.7996527845200312, 0.7579733932875807, 0.7413163282159965, 0.7138273191660758, 0.6418889949306914, 0.5518052199132195, 0.5286918593220216, 0.5216406496522458, 0.518559978013587, 0.5169724084807031, 0.5144446052689874, 0.5092385153222169, 0.5074234674779547, 0.5045961159543644, 0.5028513988670482, 0.5004256508351289, 0.4987444505989177, 0.4956245891838593, 0.49375295929093155, 0.49183056280922854, 0.49083145589709254, 0.490508306584018, 0.49035700022711637, 0.49031722048630444, 0.49030398802670083, 0.49030262511086864, 0.4903022709286252, 0.49030207486622013, 0.4903019970500784, 0.4903019566550305, 0.4903019416400869, 0.49030193557503454, 0.49030192955807306, 0.49030192379217663, 0.49030191880119744, 0.49030191443737725, 0.4903019136642769, 0.4903019133644497, 0.49030191333598616, 0.490301913328958]}, "5": {"maxiter": 500, "fatol": 1e-05, "xatol": 1e-10, "duration": 0.24442386627197266, "fun": "0.4903019133137445", "nit": "500", "nfev": "793", "status": "2", "success": "False", "message": "Maximum number of iterations has been exceeded.", "x": "[ 1.08969677  0.13616895 -1.76172209  4.63459266  5.92611449  2.25793069]", "final_simplex": "(array([[ 1.08969677,  0.13616895, -1.76172209,  4.63459266,  5.92611449,\n         2.25793069],\n       [ 1.08969787,  0.13616891, -1.76172248,  4.63459251,  5.92611467,\n         2.2579309 ],\n       [ 1.08969669,  0.13617066, -1.76172314,  4.63459164,  5.92611411,\n         2.25793073],\n       [ 1.08969732,  0.13616897, -1.76172047,  4.63459267,  5.92611358,\n         2.25793178],\n       [ 1.08969659,  0.13616839, -1.7617216 ,  4.63459312,  5.92611551,\n         2.25793242],\n       [ 1.08969699,  0.13616648, -1.7617213 ,  4.63459074,  5.92611334,\n         2.25793227],\n       [ 1.08969715,  0.13616909, -1.76172249,  4.63459352,  5.92611317,\n         2.25793256]]), array([0.49030191, 0.49030191, 0.49030191, 0.49030191, 0.49030191,\n       0.49030191, 0.49030191]))", "callback": [0.9875383779451948, 0.9063449078987683, 0.8589307347548033, 0.8149812443278124, 0.8127055866483041, 0.8093916619756414, 0.8082632303858812, 0.8045352199155275, 0.7996527845200312, 0.7579733932875807, 0.7413163282159965, 0.7138273191660758, 0.6418889949306914, 0.5518052199132195, 0.5286918593220216, 0.5216406496522458, 0.518559978013587, 0.5169724084807031, 0.5144446052689874, 0.5092385153222169, 0.5074234674779547, 0.5045961159543644, 0.5028513988670482, 0.5004256508351289, 0.4987444505989177, 0.4956245891838593, 0.49375295929093155, 0.49183056280922854, 0.49083145589709254, 0.490508306584018, 0.49035700022711637, 0.49031722048630444, 0.49030398802670083, 0.49030262511086864, 0.4903022709286252, 0.49030207486622013, 0.4903019970500784, 0.4903019566550305, 0.4903019416400869, 0.49030193557503454, 0.49030192955807306, 0.49030192379217663, 0.49030191880119744, 0.49030191443737725, 0.4903019136642769, 0.4903019133644497, 0.49030191333598616, 0.490301913328958, 0.49030191331536965, 0.4903019133141433]}, "6": {"maxiter": 500, "fatol": 1e-10, "xatol": 1e-05, "duration": 0.22628402709960938, "fun": "0.49030191331757333", "nit": "479", "nfev": "760", "status": "0", "success": "True", "message": "Optimization terminated successfully.", "x": "[ 1.08969591  0.13616668 -1.76172388  4.6345885   5.92611466  2.25792821]", "final_simplex": "(array([[ 1.08969591,  0.13616668, -1.76172388,  4.6345885 ,  5.92611466,\n         2.25792821],\n       [ 1.08969694,  0.13616944, -1.7617271 ,  4.63459056,  5.92611682,\n         2.25793089],\n       [ 1.0896972 ,  0.13616474, -1.76172036,  4.63459503,  5.92611167,\n         2.25793312],\n       [ 1.0896965 ,  0.13617097, -1.76172   ,  4.63459595,  5.92611491,\n         2.25792908],\n       [ 1.08969301,  0.13616461, -1.76171974,  4.63459229,  5.92611547,\n         2.25793446],\n       [ 1.0896995 ,  0.13616193, -1.7617184 ,  4.63458674,  5.92611308,\n         2.25793635],\n       [ 1.0897029 ,  0.13615918, -1.76171766,  4.63459154,  5.92611866,\n         2.25793167]]), array([0.49030191, 0.49030191, 0.49030191, 0.49030191, 0.49030191,\n       0.49030191, 0.49030191]))", "callback": [0.9875383779451948, 0.9063449078987683, 0.8589307347548033, 0.8149812443278124, 0.8127055866483041, 0.8093916619756414, 0.8082632303858812, 0.8045352199155275, 0.7996527845200312, 0.7579733932875807, 0.7413163282159965, 0.7138273191660758, 0.6418889949306914, 0.5518052199132195, 0.5286918593220216, 0.5216406496522458, 0.518559978013587, 0.5169724084807031, 0.5144446052689874, 0.5092385153222169, 0.5074234674779547, 0.5045961159543644, 0.5028513988670482, 0.5004256508351289, 0.4987444505989177, 0.4956245891838593, 0.49375295929093155, 0.49183056280922854, 0.49083145589709254, 0.490508306584018, 0.49035700022711637, 0.49031722048630444, 0.49030398802670083, 0.49030262511086864, 0.4903022709286252, 0.49030207486622013, 0.4903019970500784, 0.4903019566550305, 0.4903019416400869, 0.49030193557503454, 0.49030192955807306, 0.49030192379217663, 0.49030191880119744, 0.49030191443737725, 0.4903019136642769, 0.4903019133644497, 0.49030191333598616, 0.490301913328958]}, "7": {"maxiter": 500, "fatol": 1e-10, "xatol": 1e-10, "duration": 0.25692105293273926, "fun": "0.4903019133137445", "nit": "500", "nfev": "793", "status": "2", "success": "False", "message": "Maximum number of iterations has been exceeded.", "x": "[ 1.08969677  0.13616895 -1.76172209  4.63459266  5.92611449  2.25793069]", "final_simplex": "(array([[ 1.08969677,  0.13616895, -1.76172209,  4.63459266,  5.92611449,\n         2.25793069],\n       [ 1.08969787,  0.13616891, -1.76172248,  4.63459251,  5.92611467,\n         2.2579309 ],\n       [ 1.08969669,  0.13617066, -1.76172314,  4.63459164,  5.92611411,\n         2.25793073],\n       [ 1.08969732,  0.13616897, -1.76172047,  4.63459267,  5.92611358,\n         2.25793178],\n       [ 1.08969659,  0.13616839, -1.7617216 ,  4.63459312,  5.92611551,\n         2.25793242],\n       [ 1.08969699,  0.13616648, -1.7617213 ,  4.63459074,  5.92611334,\n         2.25793227],\n       [ 1.08969715,  0.13616909, -1.76172249,  4.63459352,  5.92611317,\n         2.25793256]]), array([0.49030191, 0.49030191, 0.49030191, 0.49030191, 0.49030191,\n       0.49030191, 0.49030191]))", "callback": [0.9875383779451948, 0.9063449078987683, 0.8589307347548033, 0.8149812443278124, 0.8127055866483041, 0.8093916619756414, 0.8082632303858812, 0.8045352199155275, 0.7996527845200312, 0.7579733932875807, 0.7413163282159965, 0.7138273191660758, 0.6418889949306914, 0.5518052199132195, 0.5286918593220216, 0.5216406496522458, 0.518559978013587, 0.5169724084807031, 0.5144446052689874, 0.5092385153222169, 0.5074234674779547, 0.5045961159543644, 0.5028513988670482, 0.5004256508351289, 0.4987444505989177, 0.4956245891838593, 0.49375295929093155, 0.49183056280922854, 0.49083145589709254, 0.490508306584018, 0.49035700022711637, 0.49031722048630444, 0.49030398802670083, 0.49030262511086864, 0.4903022709286252, 0.49030207486622013, 0.4903019970500784, 0.4903019566550305, 0.4903019416400869, 0.49030193557503454, 0.49030192955807306, 0.49030192379217663, 0.49030191880119744, 0.49030191443737725, 0.4903019136642769, 0.4903019133644497, 0.49030191333598616, 0.490301913328958, 0.49030191331536965, 0.4903019133141433]}, "8": {"maxiter": 1000, "fatol": 1e-05, "xatol": 1e-05, "duration": 0.2648937702178955, "fun": "0.49030191331757333", "nit": "479", "nfev": "760", "status": "0", "success": "True", "message": "Optimization terminated successfully.", "x": "[ 1.08969591  0.13616668 -1.76172388  4.6345885   5.92611466  2.25792821]", "final_simplex": "(array([[ 1.08969591,  0.13616668, -1.76172388,  4.6345885 ,  5.92611466,\n         2.25792821],\n       [ 1.08969694,  0.13616944, -1.7617271 ,  4.63459056,  5.92611682,\n         2.25793089],\n       [ 1.0896972 ,  0.13616474, -1.76172036,  4.63459503,  5.92611167,\n         2.25793312],\n       [ 1.0896965 ,  0.13617097, -1.76172   ,  4.63459595,  5.92611491,\n         2.25792908],\n       [ 1.08969301,  0.13616461, -1.76171974,  4.63459229,  5.92611547,\n         2.25793446],\n       [ 1.0896995 ,  0.13616193, -1.7617184 ,  4.63458674,  5.92611308,\n         2.25793635],\n       [ 1.0897029 ,  0.13615918, -1.76171766,  4.63459154,  5.92611866,\n         2.25793167]]), array([0.49030191, 0.49030191, 0.49030191, 0.49030191, 0.49030191,\n       0.49030191, 0.49030191]))", "callback": [0.9875383779451948, 0.9063449078987683, 0.8589307347548033, 0.8149812443278124, 0.8127055866483041, 0.8093916619756414, 0.8082632303858812, 0.8045352199155275, 0.7996527845200312, 0.7579733932875807, 0.7413163282159965, 0.7138273191660758, 0.6418889949306914, 0.5518052199132195, 0.5286918593220216, 0.5216406496522458, 0.518559978013587, 0.5169724084807031, 0.5144446052689874, 0.5092385153222169, 0.5074234674779547, 0.5045961159543644, 0.5028513988670482, 0.5004256508351289, 0.4987444505989177, 0.4956245891838593, 0.49375295929093155, 0.49183056280922854, 0.49083145589709254, 0.490508306584018, 0.49035700022711637, 0.49031722048630444, 0.49030398802670083, 0.49030262511086864, 0.4903022709286252, 0.49030207486622013, 0.4903019970500784, 0.4903019566550305, 0.4903019416400869, 0.49030193557503454, 0.49030192955807306, 0.49030192379217663, 0.49030191880119744, 0.49030191443737725, 0.4903019136642769, 0.4903019133644497, 0.49030191333598616, 0.490301913328958]}, "9": {"maxiter": 1000, "fatol": 1e-05, "xatol": 1e-10, "duration": 0.32330322265625, "fun": "0.4903019133133757", "nit": "585", "nfev": "988", "status": "0", "success": "True", "message": "Optimization terminated successfully.", "x": "[ 1.08969752  0.13616872 -1.76172153  4.6345916   5.92611457  2.25793214]", "final_simplex": "(array([[ 1.08969752,  0.13616872, -1.76172153,  4.6345916 ,  5.92611457,\n         2.25793214],\n       [ 1.08969752,  0.13616872, -1.76172153,  4.6345916 ,  5.92611457,\n         2.25793214],\n       [ 1.08969752,  0.13616872, -1.76172153,  4.6345916 ,  5.92611457,\n         2.25793214],\n       [ 1.08969752,  0.13616872, -1.76172153,  4.6345916 ,  5.92611457,\n         2.25793214],\n       [ 1.08969752,  0.13616872, -1.76172153,  4.6345916 ,  5.92611457,\n         2.25793214],\n       [ 1.08969752,  0.13616872, -1.76172153,  4.6345916 ,  5.92611457,\n         2.25793214],\n       [ 1.08969752,  0.13616872, -1.76172153,  4.6345916 ,  5.92611457,\n         2.25793214]]), array([0.49030191, 0.49030191, 0.49030191, 0.49030191, 0.49030191,\n       0.49030191, 0.49030191]))", "callback": [0.9875383779451948, 0.9063449078987683, 0.8589307347548033, 0.8149812443278124, 0.8127055866483041, 0.8093916619756414, 0.8082632303858812, 0.8045352199155275, 0.7996527845200312, 0.7579733932875807, 0.7413163282159965, 0.7138273191660758, 0.6418889949306914, 0.5518052199132195, 0.5286918593220216, 0.5216406496522458, 0.518559978013587, 0.5169724084807031, 0.5144446052689874, 0.5092385153222169, 0.5074234674779547, 0.5045961159543644, 0.5028513988670482, 0.5004256508351289, 0.4987444505989177, 0.4956245891838593, 0.49375295929093155, 0.49183056280922854, 0.49083145589709254, 0.490508306584018, 0.49035700022711637, 0.49031722048630444, 0.49030398802670083, 0.49030262511086864, 0.4903022709286252, 0.49030207486622013, 0.4903019970500784, 0.4903019566550305, 0.4903019416400869, 0.49030193557503454, 0.49030192955807306, 0.49030192379217663, 0.49030191880119744, 0.49030191443737725, 0.4903019136642769, 0.4903019133644497, 0.49030191333598616, 0.490301913328958, 0.49030191331536965, 0.4903019133141433, 0.49030191331356476, 0.4903019133134656, 0.49030191331339923, 0.49030191331338213, 0.4903019133133769, 0.49030191331337614, 0.4903019133133759, 0.4903019133133757, 0.4903019133133757]}, "10": {"maxiter": 1000, "fatol": 1e-10, "xatol": 1e-05, "duration": 0.257335901260376, "fun": "0.49030191331757333", "nit": "479", "nfev": "760", "status": "0", "success": "True", "message": "Optimization terminated successfully.", "x": "[ 1.08969591  0.13616668 -1.76172388  4.6345885   5.92611466  2.25792821]", "final_simplex": "(array([[ 1.08969591,  0.13616668, -1.76172388,  4.6345885 ,  5.92611466,\n         2.25792821],\n       [ 1.08969694,  0.13616944, -1.7617271 ,  4.63459056,  5.92611682,\n         2.25793089],\n       [ 1.0896972 ,  0.13616474, -1.76172036,  4.63459503,  5.92611167,\n         2.25793312],\n       [ 1.0896965 ,  0.13617097, -1.76172   ,  4.63459595,  5.92611491,\n         2.25792908],\n       [ 1.08969301,  0.13616461, -1.76171974,  4.63459229,  5.92611547,\n         2.25793446],\n       [ 1.0896995 ,  0.13616193, -1.7617184 ,  4.63458674,  5.92611308,\n         2.25793635],\n       [ 1.0897029 ,  0.13615918, -1.76171766,  4.63459154,  5.92611866,\n         2.25793167]]), array([0.49030191, 0.49030191, 0.49030191, 0.49030191, 0.49030191,\n       0.49030191, 0.49030191]))", "callback": [0.9875383779451948, 0.9063449078987683, 0.8589307347548033, 0.8149812443278124, 0.8127055866483041, 0.8093916619756414, 0.8082632303858812, 0.8045352199155275, 0.7996527845200312, 0.7579733932875807, 0.7413163282159965, 0.7138273191660758, 0.6418889949306914, 0.5518052199132195, 0.5286918593220216, 0.5216406496522458, 0.518559978013587, 0.5169724084807031, 0.5144446052689874, 0.5092385153222169, 0.5074234674779547, 0.5045961159543644, 0.5028513988670482, 0.5004256508351289, 0.4987444505989177, 0.4956245891838593, 0.49375295929093155, 0.49183056280922854, 0.49083145589709254, 0.490508306584018, 0.49035700022711637, 0.49031722048630444, 0.49030398802670083, 0.49030262511086864, 0.4903022709286252, 0.49030207486622013, 0.4903019970500784, 0.4903019566550305, 0.4903019416400869, 0.49030193557503454, 0.49030192955807306, 0.49030192379217663, 0.49030191880119744, 0.49030191443737725, 0.4903019136642769, 0.4903019133644497, 0.49030191333598616, 0.490301913328958]}, "11": {"maxiter": 1000, "fatol": 1e-10, "xatol": 1e-10, "duration": 0.323883056640625, "fun": "0.4903019133133757", "nit": "585", "nfev": "988", "status": "0", "success": "True", "message": "Optimization terminated successfully.", "x": "[ 1.08969752  0.13616872 -1.76172153  4.6345916   5.92611457  2.25793214]", "final_simplex": "(array([[ 1.08969752,  0.13616872, -1.76172153,  4.6345916 ,  5.92611457,\n         2.25793214],\n       [ 1.08969752,  0.13616872, -1.76172153,  4.6345916 ,  5.92611457,\n         2.25793214],\n       [ 1.08969752,  0.13616872, -1.76172153,  4.6345916 ,  5.92611457,\n         2.25793214],\n       [ 1.08969752,  0.13616872, -1.76172153,  4.6345916 ,  5.92611457,\n         2.25793214],\n       [ 1.08969752,  0.13616872, -1.76172153,  4.6345916 ,  5.92611457,\n         2.25793214],\n       [ 1.08969752,  0.13616872, -1.76172153,  4.6345916 ,  5.92611457,\n         2.25793214],\n       [ 1.08969752,  0.13616872, -1.76172153,  4.6345916 ,  5.92611457,\n         2.25793214]]), array([0.49030191, 0.49030191, 0.49030191, 0.49030191, 0.49030191,\n       0.49030191, 0.49030191]))", "callback": [0.9875383779451948, 0.9063449078987683, 0.8589307347548033, 0.8149812443278124, 0.8127055866483041, 0.8093916619756414, 0.8082632303858812, 0.8045352199155275, 0.7996527845200312, 0.7579733932875807, 0.7413163282159965, 0.7138273191660758, 0.6418889949306914, 0.5518052199132195, 0.5286918593220216, 0.5216406496522458, 0.518559978013587, 0.5169724084807031, 0.5144446052689874, 0.5092385153222169, 0.5074234674779547, 0.5045961159543644, 0.5028513988670482, 0.5004256508351289, 0.4987444505989177, 0.4956245891838593, 0.49375295929093155, 0.49183056280922854, 0.49083145589709254, 0.490508306584018, 0.49035700022711637, 0.49031722048630444, 0.49030398802670083, 0.49030262511086864, 0.4903022709286252, 0.49030207486622013, 0.4903019970500784, 0.4903019566550305, 0.4903019416400869, 0.49030193557503454, 0.49030192955807306, 0.49030192379217663, 0.49030191880119744, 0.49030191443737725, 0.4903019136642769, 0.4903019133644497, 0.49030191333598616, 0.490301913328958, 0.49030191331536965, 0.4903019133141433, 0.49030191331356476, 0.4903019133134656, 0.49030191331339923, 0.49030191331338213, 0.4903019133133769, 0.49030191331337614, 0.4903019133133759, 0.4903019133133757, 0.4903019133133757]}}, "bfgs": {"type": "gradient", "0": {"maxiter": 100, "gtol": 1e-05, "xrtol": 1e-05, "eps": 1e-05, "duration": 0.08705401420593262, "fun": "0.490301913465095", "jac": "[-1.86731741e-06 -2.95760083e-06 -3.15172333e-06  2.53553845e-06\n -4.03849176e-06  1.91027194e-06]", "hess_inv": "[[ 4.47456025 -0.38399475  0.87899816  0.06799286  0.60360598  1.8120381 ]\n [-0.38399475  5.352276   -2.67860435  0.71797721  0.04152317 -1.11724687]\n [ 0.87899816 -2.67860435  5.81010888 -0.25479668  0.67735216  1.90202537]\n [ 0.06799286  0.71797721 -0.25479668  4.00876303 -0.04093613 -0.07889329]\n [ 0.60360598  0.04152317  0.67735216 -0.04093613  4.44567763  0.68116366]\n [ 1.8120381  -1.11724687  1.90202537 -0.07889329  0.68116366  5.40185944]]", "nfev": "280", "njev": "40", "status": "0", "success": "True", "message": "Optimization terminated successfully.", "x": "[ 1.08968158  0.13615851 -1.76173862  4.63459437  5.92608866  2.25792415]", "nit": "27", "callback": [0.8627897288036747, 0.8606923079903464, 0.8422659633524684, 0.8176553744103439, 0.8130325668368369, 0.8115105927931716, 0.8098942849619546, 0.8075774589074807, 0.8053447050176896, 0.8032814399366333, 0.800658720021044, 0.6984568678034891, 0.6970643608451963, 0.6454229448241098, 0.5681589064812345, 0.5129227725540183, 0.4982736064398512, 0.49350106033931873, 0.4917701257471364, 0.4910607157605249, 0.4904190815936895, 0.4903522561259275, 0.4903272204219894, 0.4903072842177032, 0.49030234574813536, 0.4903019235567194, 0.490301913465095]}, "1": {"maxiter": 100, "gtol": 1e-05, "xrtol": 1e-05, "eps": 1e-10, "duration": 0.09260797500610352, "fun": "0.490301913426729", "jac": "[-1.11022293e-06 -5.55111466e-06 -4.44089173e-06  2.22044587e-06\n -4.44089173e-06  2.22044587e-06]", "hess_inv": "[[ 4.48467697 -0.3809042   0.88829931  0.06488944  0.6126147   1.80955302]\n [-0.3809042   5.33281987 -2.67503258  0.69838894  0.03072525 -1.10978279]\n [ 0.88829931 -2.67503258  5.81599601 -0.25619652  0.68685483  1.89863002]\n [ 0.06488944  0.69838894 -0.25619652  3.98701552 -0.0419926  -0.07261943]\n [ 0.6126147   0.03072525  0.68685483 -0.0419926   4.46737117  0.68358715]\n [ 1.80955302 -1.10978279  1.89863002 -0.07261943  0.68358715  5.39382936]]", "nfev": "280", "njev": "40", "status": "0", "success": "True", "message": "Optimization terminated successfully.", "x": "[ 1.08969312  0.13615708 -1.76173384  4.63459427  5.92609208  2.2579369 ]", "nit": "27", "callback": [0.8627919612316598, 0.8606931551651318, 0.8422559717786783, 0.8176442144537327, 0.8130300238236967, 0.8115074473544759, 0.8098933022780654, 0.8075709666412347, 0.8053418072001497, 0.8032751287281055, 0.8006538357090287, 0.6983278552195524, 0.6969354256459552, 0.6452954064878402, 0.5680330873122588, 0.5128615897461775, 0.4982430115514157, 0.4934862625671427, 0.4917624997977047, 0.4910579925287888, 0.4904187764427129, 0.49035205150462136, 0.4903271324539751, 0.490307283681496, 0.49030234147017604, 0.49030192365890346, 0.490301913426729]}, "2": {"maxiter": 100, "gtol": 1e-05, "xrtol": 1e-10, "eps": 1e-05, "duration": 0.08756589889526367, "fun": "0.490301913465095", "jac": "[-1.86731741e-06 -2.95760083e-06 -3.15172333e-06  2.53553845e-06\n -4.03849176e-06  1.91027194e-06]", "hess_inv": "[[ 4.47456025 -0.38399475  0.87899816  0.06799286  0.60360598  1.8120381 ]\n [-0.38399475  5.352276   -2.67860435  0.71797721  0.04152317 -1.11724687]\n [ 0.87899816 -2.67860435  5.81010888 -0.25479668  0.67735216  1.90202537]\n [ 0.06799286  0.71797721 -0.25479668  4.00876303 -0.04093613 -0.07889329]\n [ 0.60360598  0.04152317  0.67735216 -0.04093613  4.44567763  0.68116366]\n [ 1.8120381  -1.11724687  1.90202537 -0.07889329  0.68116366  5.40185944]]", "nfev": "280", "njev": "40", "status": "0", "success": "True", "message": "Optimization terminated successfully.", "x": "[ 1.08968158  0.13615851 -1.76173862  4.63459437  5.92608866  2.25792415]", "nit": "27", "callback": [0.8627897288036747, 0.8606923079903464, 0.8422659633524684, 0.8176553744103439, 0.8130325668368369, 0.8115105927931716, 0.8098942849619546, 0.8075774589074807, 0.8053447050176896, 0.8032814399366333, 0.800658720021044, 0.6984568678034891, 0.6970643608451963, 0.6454229448241098, 0.5681589064812345, 0.5129227725540183, 0.4982736064398512, 0.49350106033931873, 0.4917701257471364, 0.4910607157605249, 0.4904190815936895, 0.4903522561259275, 0.4903272204219894, 0.4903072842177032, 0.49030234574813536, 0.4903019235567194, 0.490301913465095]}, "3": {"maxiter": 100, "gtol": 1e-05, "xrtol": 1e-10, "eps": 1e-10, "duration": 0.08683371543884277, "fun": "0.490301913426729", "jac": "[-1.11022293e-06 -5.55111466e-06 -4.44089173e-06  2.22044587e-06\n -4.44089173e-06  2.22044587e-06]", "hess_inv": "[[ 4.48467697 -0.3809042   0.88829931  0.06488944  0.6126147   1.80955302]\n [-0.3809042   5.33281987 -2.67503258  0.69838894  0.03072525 -1.10978279]\n [ 0.88829931 -2.67503258  5.81599601 -0.25619652  0.68685483  1.89863002]\n [ 0.06488944  0.69838894 -0.25619652  3.98701552 -0.0419926  -0.07261943]\n [ 0.6126147   0.03072525  0.68685483 -0.0419926   4.46737117  0.68358715]\n [ 1.80955302 -1.10978279  1.89863002 -0.07261943  0.68358715  5.39382936]]", "nfev": "280", "njev": "40", "status": "0", "success": "True", "message": "Optimization terminated successfully.", "x": "[ 1.08969312  0.13615708 -1.76173384  4.63459427  5.92609208  2.2579369 ]", "nit": "27", "callback": [0.8627919612316598, 0.8606931551651318, 0.8422559717786783, 0.8176442144537327, 0.8130300238236967, 0.8115074473544759, 0.8098933022780654, 0.8075709666412347, 0.8053418072001497, 0.8032751287281055, 0.8006538357090287, 0.6983278552195524, 0.6969354256459552, 0.6452954064878402, 0.5680330873122588, 0.5128615897461775, 0.4982430115514157, 0.4934862625671427, 0.4917624997977047, 0.4910579925287888, 0.4904187764427129, 0.49035205150462136, 0.4903271324539751, 0.490307283681496, 0.49030234147017604, 0.49030192365890346, 0.490301913426729]}, "4": {"maxiter": 100, "gtol": 1e-10, "xrtol": 1e-05, "eps": 1e-05, "duration": 0.09204769134521484, "fun": "0.4903019133393848", "jac": "[ 5.38791234e-08 -1.79189996e-08 -5.19695398e-08  3.18745030e-08\n -2.50577337e-08 -2.52020627e-09]", "hess_inv": "[[ 4.40476923 -0.46815582  0.78015136  0.15393387  0.41631485  1.83468327]\n [-0.46815582  5.54573932 -2.74006448  0.64243985  0.11109983 -1.22314618]\n [ 0.78015136 -2.74006448  5.68141256 -0.16815087  0.46991987  1.90802199]\n [ 0.15393387  0.64243985 -0.16815087  4.0117766   0.01023099 -0.02586001]\n [ 0.41631485  0.11109983  0.46991987  0.01023099  4.23897331  0.6085112 ]\n [ 1.83468327 -1.22314618  1.90802199 -0.02586001  0.6085112   5.4546709 ]]", "nfev": "287", "njev": "41", "status": "0", "success": "True", "message": "Optimization terminated successfully.", "x": "[ 1.08968867  0.13616656 -1.76172869  4.63458595  5.92610717  2.25792207]", "nit": "28", "callback": [0.8627897288036747, 0.8606923079903464, 0.8422659633524684, 0.8176553744103439, 0.8130325668368369, 0.8115105927931716, 0.8098942849619546, 0.8075774589074807, 0.8053447050176896, 0.8032814399366333, 0.800658720021044, 0.6984568678034891, 0.6970643608451963, 0.6454229448241098, 0.5681589064812345, 0.5129227725540183, 0.4982736064398512, 0.49350106033931873, 0.4917701257471364, 0.4910607157605249, 0.4904190815936895, 0.4903522561259275, 0.4903272204219894, 0.4903072842177032, 0.49030234574813536, 0.4903019235567194, 0.490301913465095, 0.4903019133393848]}, "5": {"maxiter": 100, "gtol": 1e-10, "xrtol": 1e-05, "eps": 1e-10, "duration": 0.09545326232910156, "fun": "0.4903019133232511", "jac": "[-2.22044587e-06  1.11022293e-06  0.00000000e+00 -1.11022293e-06\n -2.22044587e-06  1.11022293e-06]", "hess_inv": "[[ 4.46333731 -0.59837018  0.80543249  0.12881193  0.40232373  1.87572921]\n [-0.59837018  5.69800007 -2.8465959   0.63883863  0.05932205 -1.29792369]\n [ 0.80543249 -2.8465959   5.66962147 -0.19330823  0.43635088  1.9307613 ]\n [ 0.12881193  0.63883863 -0.19330823  3.99135672 -0.01019216 -0.033286  ]\n [ 0.40232373  0.05932205  0.43635088 -0.01019216  4.22199939  0.6100942 ]\n [ 1.87572921 -1.29792369  1.9307613  -0.033286    0.6100942   5.47681545]]", "nfev": "287", "njev": "41", "status": "0", "success": "True", "message": "Optimization terminated successfully.", "x": "[ 1.08969566  0.13617713 -1.76172549  4.63458827  5.92611221  2.25793098]", "nit": "28", "callback": [0.8627919612316598, 0.8606931551651318, 0.8422559717786783, 0.8176442144537327, 0.8130300238236967, 0.8115074473544759, 0.8098933022780654, 0.8075709666412347, 0.8053418072001497, 0.8032751287281055, 0.8006538357090287, 0.6983278552195524, 0.6969354256459552, 0.6452954064878402, 0.5680330873122588, 0.5128615897461775, 0.4982430115514157, 0.4934862625671427, 0.4917624997977047, 0.4910579925287888, 0.4904187764427129, 0.49035205150462136, 0.4903271324539751, 0.490307283681496, 0.49030234147017604, 0.49030192365890346, 0.490301913426729, 0.4903019133232511]}, "6": {"maxiter": 100, "gtol": 1e-10, "xrtol": 1e-10, "eps": 1e-05, "duration": 0.1490013599395752, "fun": "0.49030191333938467", "jac": "[ 4.48308057e-08 -1.41331391e-08 -4.27435864e-08  2.60791388e-08\n -2.06057393e-08 -1.90958360e-09]", "hess_inv": "[[ 4.60834578e+00 -3.45987775e-01  5.82752504e-01  2.49925834e-01\n   3.30921829e-01  1.87539780e+00]\n [-3.45987775e-01  5.58371739e+00 -2.87971870e+00  7.21577005e-01\n   4.04543515e-02 -1.21823024e+00]\n [ 5.82752504e-01 -2.87971870e+00  5.85236166e+00 -2.43276396e-01\n   5.30738876e-01  1.85981705e+00]\n [ 2.49925834e-01  7.21577005e-01 -2.43276396e-01  4.04064178e+00\n  -1.14831406e-02  3.29244836e-03]\n [ 3.30921829e-01  4.04543515e-02  5.30738876e-01 -1.14831406e-02\n   4.25032424e+00  5.84696742e-01]\n [ 1.87539780e+00 -1.21823024e+00  1.85981705e+00  3.29244836e-03\n   5.84696742e-01  5.45088767e+00]]", "nfev": "487", "njev": "68", "status": "2", "success": "False", "message": "Desired error not necessarily achieved due to precision loss.", "x": "[ 1.08968863  0.13616655 -1.76172864  4.63458592  5.92610719  2.25792208]", "nit": "29", "callback": [0.8627897288036747, 0.8606923079903464, 0.8422659633524684, 0.8176553744103439, 0.8130325668368369, 0.8115105927931716, 0.8098942849619546, 0.8075774589074807, 0.8053447050176896, 0.8032814399366333, 0.800658720021044, 0.6984568678034891, 0.6970643608451963, 0.6454229448241098, 0.5681589064812345, 0.5129227725540183, 0.4982736064398512, 0.49350106033931873, 0.4917701257471364, 0.4910607157605249, 0.4904190815936895, 0.4903522561259275, 0.4903272204219894, 0.4903072842177032, 0.49030234574813536, 0.4903019235567194, 0.490301913465095, 0.4903019133393848, 0.49030191333938467]}, "7": {"maxiter": 100, "gtol": 1e-10, "xrtol": 1e-10, "eps": 1e-10, "duration": 0.15048789978027344, "fun": "0.49030191331517403", "jac": "[ 0.00000000e+00  0.00000000e+00 -1.11022293e-06  1.11022293e-06\n  1.11022293e-06  0.00000000e+00]", "hess_inv": "[[  2.22203841 -12.92785961  -0.959227    -0.26993998  -2.78282916\n    4.68171073]\n [-12.92785961  84.80358808   5.55757302   1.6019632   18.13299332\n  -30.6914885 ]\n [ -0.959227     5.55757302   0.52081267   0.10873501   1.23861067\n   -2.04317113]\n [ -0.26993998   1.6019632    0.10873501   0.14898947   0.2925619\n   -0.58935766]\n [ -2.78282916  18.13299332   1.23861067   0.2925619    3.99304808\n   -6.56643153]\n [  4.68171073 -30.6914885   -2.04317113  -0.58935766  -6.56643153\n   11.14215036]]", "nfev": "504", "njev": "72", "status": "0", "success": "True", "message": "Optimization terminated successfully.", "x": "[ 1.08969844  0.13617048 -1.76172485  4.63459029  5.92611413  2.25792982]", "nit": "38", "callback": [0.8627919612316598, 0.8606931551651318, 0.8422559717786783, 0.8176442144537327, 0.8130300238236967, 0.8115074473544759, 0.8098933022780654, 0.8075709666412347, 0.8053418072001497, 0.8032751287281055, 0.8006538357090287, 0.6983278552195524, 0.6969354256459552, 0.6452954064878402, 0.5680330873122588, 0.5128615897461775, 0.4982430115514157, 0.4934862625671427, 0.4917624997977047, 0.4910579925287888, 0.4904187764427129, 0.49035205150462136, 0.4903271324539751, 0.490307283681496, 0.49030234147017604, 0.49030192365890346, 0.490301913426729, 0.4903019133232511, 0.4903019133214941, 0.4903019133208233, 0.49030191332053596, 0.4903019133190165, 0.4903019133159865, 0.49030191331566053, 0.49030191331551864, 0.49030191331543205, 0.49030191331517403, 0.49030191331517403]}, "8": {"maxiter": 500, "gtol": 1e-05, "xrtol": 1e-05, "eps": 1e-05, "duration": 0.09034585952758789, "fun": "0.490301913465095", "jac": "[-1.86731741e-06 -2.95760083e-06 -3.15172333e-06  2.53553845e-06\n -4.03849176e-06  1.91027194e-06]", "hess_inv": "[[ 4.47456025 -0.38399475  0.87899816  0.06799286  0.60360598  1.8120381 ]\n [-0.38399475  5.352276   -2.67860435  0.71797721  0.04152317 -1.11724687]\n [ 0.87899816 -2.67860435  5.81010888 -0.25479668  0.67735216  1.90202537]\n [ 0.06799286  0.71797721 -0.25479668  4.00876303 -0.04093613 -0.07889329]\n [ 0.60360598  0.04152317  0.67735216 -0.04093613  4.44567763  0.68116366]\n [ 1.8120381  -1.11724687  1.90202537 -0.07889329  0.68116366  5.40185944]]", "nfev": "280", "njev": "40", "status": "0", "success": "True", "message": "Optimization terminated successfully.", "x": "[ 1.08968158  0.13615851 -1.76173862  4.63459437  5.92608866  2.25792415]", "nit": "27", "callback": [0.8627897288036747, 0.8606923079903464, 0.8422659633524684, 0.8176553744103439, 0.8130325668368369, 0.8115105927931716, 0.8098942849619546, 0.8075774589074807, 0.8053447050176896, 0.8032814399366333, 0.800658720021044, 0.6984568678034891, 0.6970643608451963, 0.6454229448241098, 0.5681589064812345, 0.5129227725540183, 0.4982736064398512, 0.49350106033931873, 0.4917701257471364, 0.4910607157605249, 0.4904190815936895, 0.4903522561259275, 0.4903272204219894, 0.4903072842177032, 0.49030234574813536, 0.4903019235567194, 0.490301913465095]}, "9": {"maxiter": 500, "gtol": 1e-05, "xrtol": 1e-05, "eps": 1e-10, "duration": 0.08774495124816895, "fun": "0.490301913426729", "jac": "[-1.11022293e-06 -5.55111466e-06 -4.44089173e-06  2.22044587e-06\n -4.44089173e-06  2.22044587e-06]", "hess_inv": "[[ 4.48467697 -0.3809042   0.88829931  0.06488944  0.6126147   1.80955302]\n [-0.3809042   5.33281987 -2.67503258  0.69838894  0.03072525 -1.10978279]\n [ 0.88829931 -2.67503258  5.81599601 -0.25619652  0.68685483  1.89863002]\n [ 0.06488944  0.69838894 -0.25619652  3.98701552 -0.0419926  -0.07261943]\n [ 0.6126147   0.03072525  0.68685483 -0.0419926   4.46737117  0.68358715]\n [ 1.80955302 -1.10978279  1.89863002 -0.07261943  0.68358715  5.39382936]]", "nfev": "280", "njev": "40", "status": "0", "success": "True", "message": "Optimization terminated successfully.", "x": "[ 1.08969312  0.13615708 -1.76173384  4.63459427  5.92609208  2.2579369 ]", "nit": "27", "callback": [0.8627919612316598, 0.8606931551651318, 0.8422559717786783, 0.8176442144537327, 0.8130300238236967, 0.8115074473544759, 0.8098933022780654, 0.8075709666412347, 0.8053418072001497, 0.8032751287281055, 0.8006538357090287, 0.6983278552195524, 0.6969354256459552, 0.6452954064878402, 0.5680330873122588, 0.5128615897461775, 0.4982430115514157, 0.4934862625671427, 0.4917624997977047, 0.4910579925287888, 0.4904187764427129, 0.49035205150462136, 0.4903271324539751, 0.490307283681496, 0.49030234147017604, 0.49030192365890346, 0.490301913426729]}, "10": {"maxiter": 500, "gtol": 1e-05, "xrtol": 1e-10, "eps": 1e-05, "duration": 0.0855400562286377, "fun": "0.490301913465095", "jac": "[-1.86731741e-06 -2.95760083e-06 -3.15172333e-06  2.53553845e-06\n -4.03849176e-06  1.91027194e-06]", "hess_inv": "[[ 4.47456025 -0.38399475  0.87899816  0.06799286  0.60360598  1.8120381 ]\n [-0.38399475  5.352276   -2.67860435  0.71797721  0.04152317 -1.11724687]\n [ 0.87899816 -2.67860435  5.81010888 -0.25479668  0.67735216  1.90202537]\n [ 0.06799286  0.71797721 -0.25479668  4.00876303 -0.04093613 -0.07889329]\n [ 0.60360598  0.04152317  0.67735216 -0.04093613  4.44567763  0.68116366]\n [ 1.8120381  -1.11724687  1.90202537 -0.07889329  0.68116366  5.40185944]]", "nfev": "280", "njev": "40", "status": "0", "success": "True", "message": "Optimization terminated successfully.", "x": "[ 1.08968158  0.13615851 -1.76173862  4.63459437  5.9