{"date": "2024/09/24/, 00:36:06", "conf_id": 163, "data_type": "non_lin_ind\n", "num_data_points": 1, "s_rank": 0, "unitary": "[[-0.53618537-0.34368723j,-0.12107031-0.46226139j,-0.07699282-0.46603512j,0.36022595-0.11472301j],[0.26026499-0.63450712j,-0.56616638+0.37832564j,-0.14988651+0.08458591j,0.10363514-0.16008501j],[-0.32580188-0.11070003j,-0.36476308-0.23593218j,0.02559343+0.41761608j,-0.25598305+0.6725303j],[0.07406738-0.0126433j,0.28513701+0.19483972j,-0.74939717-0.10299659j,0.29798249+0.46269921j]]", "databatch_0": {"databatch": "[[[0.23805876-0.58251039j,-0.19290298+0.38200611j,0.11313044+0.00579448j,0.11941404+0.06648482j],[-0.09781163-0.17985597j,0.05657474+0.12721854j,0.02473914-0.0273174j,0.04132655-0.01641265j],[-0.07991925-0.0047963j,0.05391831+0.00757609j,-0.00393928-0.01386367j,0.00311309-0.01710819j],[0.42741252+0.14657487j,-0.28181455-0.12249262j,0.00052238+0.08133706j,-0.04272377+0.08835005j]]]", "initial param values": "[0.51274968,2.11458155,3.41782617,2.79809723,2.33636313,4.96046029]", "nelder_mead": {"type": "gradient-free", "0": {"maxiter": 100, "fatol": 1e-05, "xatol": 1e-05, "duration": 0.03648781776428223, "fun": "0.11061660407021934", "nit": "100", "nfev": "151", "status": "2", "success": "False", "message": "Maximum number of iterations has been exceeded.", "x": "[0.87721588 2.45343745 2.36813579 0.55911579 3.09820808 2.82818761]", "final_simplex": "(array([[0.87721588, 2.45343745, 2.36813579, 0.55911579, 3.09820808,\n        2.82818761],\n       [0.87078242, 2.51031646, 2.32809051, 0.57124976, 3.07180152,\n        2.88600654],\n       [0.85637757, 2.47296845, 2.36437224, 0.63877258, 3.07219854,\n        2.91272575],\n       [0.84225003, 2.66499434, 2.32073302, 0.6880313 , 3.03341448,\n        2.96394132],\n       [0.85113039, 2.57784714, 2.33682128, 0.72905355, 3.04395264,\n        2.86274146],\n       [0.86931807, 2.51319297, 2.2678698 , 0.58819826, 3.10972695,\n        2.8860936 ],\n       [0.87006471, 2.44018674, 2.3780321 , 0.57118239, 3.09253019,\n        2.98007576]]), array([0.1106166 , 0.11129327, 0.1124761 , 0.11262099, 0.1128652 ,\n       0.11331101, 0.11375053]))", "callback": [0.6978044560018963, 0.663969675985661, 0.6229351696354615, 0.5510412504491087, 0.47014697378919956, 0.37999181699371365, 0.17200098598728142, 0.12349258294649923, 0.11414333934185916]}, "1": {"maxiter": 100, "fatol": 1e-05, "xatol": 1e-10, "duration": 0.034216880798339844, "fun": "0.11061660407021934", "nit": "100", "nfev": "151", "status": "2", "success": "False", "message": "Maximum number of iterations has been exceeded.", "x": "[0.87721588 2.45343745 2.36813579 0.55911579 3.09820808 2.82818761]", "final_simplex": "(array([[0.87721588, 2.45343745, 2.36813579, 0.55911579, 3.09820808,\n        2.82818761],\n       [0.87078242, 2.51031646, 2.32809051, 0.57124976, 3.07180152,\n        2.88600654],\n       [0.85637757, 2.47296845, 2.36437224, 0.63877258, 3.07219854,\n        2.91272575],\n       [0.84225003, 2.66499434, 2.32073302, 0.6880313 , 3.03341448,\n        2.96394132],\n       [0.85113039, 2.57784714, 2.33682128, 0.72905355, 3.04395264,\n        2.86274146],\n       [0.86931807, 2.51319297, 2.2678698 , 0.58819826, 3.10972695,\n        2.8860936 ],\n       [0.87006471, 2.44018674, 2.3780321 , 0.57118239, 3.09253019,\n        2.98007576]]), array([0.1106166 , 0.11129327, 0.1124761 , 0.11262099, 0.1128652 ,\n       0.11331101, 0.11375053]))", "callback": [0.6978044560018963, 0.663969675985661, 0.6229351696354615, 0.5510412504491087, 0.47014697378919956, 0.37999181699371365, 0.17200098598728142, 0.12349258294649923, 0.11414333934185916]}, "2": {"maxiter": 100, "fatol": 1e-10, "xatol": 1e-05, "duration": 0.034288883209228516, "fun": "0.11061660407021934", "nit": "100", "nfev": "151", "status": "2", "success": "False", "message": "Maximum number of iterations has been exceeded.", "x": "[0.87721588 2.45343745 2.36813579 0.55911579 3.09820808 2.82818761]", "final_simplex": "(array([[0.87721588, 2.45343745, 2.36813579, 0.55911579, 3.09820808,\n        2.82818761],\n       [0.87078242, 2.51031646, 2.32809051, 0.57124976, 3.07180152,\n        2.88600654],\n       [0.85637757, 2.47296845, 2.36437224, 0.63877258, 3.07219854,\n        2.91272575],\n       [0.84225003, 2.66499434, 2.32073302, 0.6880313 , 3.03341448,\n        2.96394132],\n       [0.85113039, 2.57784714, 2.33682128, 0.72905355, 3.04395264,\n        2.86274146],\n       [0.86931807, 2.51319297, 2.2678698 , 0.58819826, 3.10972695,\n        2.8860936 ],\n       [0.87006471, 2.44018674, 2.3780321 , 0.57118239, 3.09253019,\n        2.98007576]]), array([0.1106166 , 0.11129327, 0.1124761 , 0.11262099, 0.1128652 ,\n       0.11331101, 0.11375053]))", "callback": [0.6978044560018963, 0.663969675985661, 0.6229351696354615, 0.5510412504491087, 0.47014697378919956, 0.37999181699371365, 0.17200098598728142, 0.12349258294649923, 0.11414333934185916]}, "3": {"maxiter": 100, "fatol": 1e-10, "xatol": 1e-10, "duration": 0.033605098724365234, "fun": "0.11061660407021934", "nit": "100", "nfev": "151", "status": "2", "success": "False", "message": "Maximum number of iterations has been exceeded.", "x": "[0.87721588 2.45343745 2.36813579 0.55911579 3.09820808 2.82818761]", "final_simplex": "(array([[0.87721588, 2.45343745, 2.36813579, 0.55911579, 3.09820808,\n        2.82818761],\n       [0.87078242, 2.51031646, 2.32809051, 0.57124976, 3.07180152,\n        2.88600654],\n       [0.85637757, 2.47296845, 2.36437224, 0.63877258, 3.07219854,\n        2.91272575],\n       [0.84225003, 2.66499434, 2.32073302, 0.6880313 , 3.03341448,\n        2.96394132],\n       [0.85113039, 2.57784714, 2.33682128, 0.72905355, 3.04395264,\n        2.86274146],\n       [0.86931807, 2.51319297, 2.2678698 , 0.58819826, 3.10972695,\n        2.8860936 ],\n       [0.87006471, 2.44018674, 2.3780321 , 0.57118239, 3.09253019,\n        2.98007576]]), array([0.1106166 , 0.11129327, 0.1124761 , 0.11262099, 0.1128652 ,\n       0.11331101, 0.11375053]))", "callback": [0.6978044560018963, 0.663969675985661, 0.6229351696354615, 0.5510412504491087, 0.47014697378919956, 0.37999181699371365, 0.17200098598728142, 0.12349258294649923, 0.11414333934185916]}, "4": {"maxiter": 500, "fatol": 1e-05, "xatol": 1e-05, "duration": 0.17313480377197266, "fun": "0.049249281147450086", "nit": "500", "nfev": "778", "status": "2", "success": "False", "message": "Maximum number of iterations has been exceeded.", "x": "[1.4744604  1.59088725 3.70104429 0.95245654 4.87992412 0.54694523]", "final_simplex": "(array([[1.4744604 , 1.59088725, 3.70104429, 0.95245654, 4.87992412,\n        0.54694523],\n       [1.47445573, 1.59089537, 3.7010307 , 0.95244656, 4.87991159,\n        0.54696078],\n       [1.47445853, 1.59089045, 3.70104032, 0.9524523 , 4.87992174,\n        0.54694845],\n       [1.47446318, 1.59088206, 3.70105397, 0.9524592 , 4.87993019,\n        0.54693664],\n       [1.47445283, 1.59090527, 3.70101451, 0.95244117, 4.87989617,\n        0.54697989],\n       [1.47446409, 1.5908883 , 3.70104383, 0.95245642, 4.8799221 ,\n        0.54694565],\n       [1.47445737, 1.59089462, 3.70102901, 0.95244662, 4.87991161,\n        0.54696312]]), array([0.04924928, 0.04924928, 0.04924928, 0.04924928, 0.04924928,\n       0.04924928, 0.04924928]))", "callback": [0.6978044560018963, 0.663969675985661, 0.6229351696354615, 0.5510412504491087, 0.47014697378919956, 0.37999181699371365, 0.17200098598728142, 0.12349258294649923, 0.11414333934185916, 0.11061660407021934, 0.1042578176837804, 0.09871114012292626, 0.0955832312823719, 0.09497179768543018, 0.09319829651746281, 0.0903347296268997, 0.08193114638735799, 0.057503763186363965, 0.05353396104347263, 0.052635293828403484, 0.050789481506771206, 0.05042857002554113, 0.05000531756462567, 0.04971430626508533, 0.04954252326575814, 0.049513287355325786, 0.04949475431626482, 0.049487292067211364, 0.049484843769047715, 0.0494825325138013, 0.04948018361063111, 0.049475968430276906, 0.049464922669352984, 0.04943104289858047, 0.049359546137190735, 0.0492908587011458, 0.04926117062593105, 0.0492509736770701, 0.04924970291265662, 0.049249666198728725, 0.04924935129240282, 0.04924929347972229, 0.049249282513288195, 0.04924928158003117, 0.04924928127601125, 0.04924928121757233, 0.04924928119287175, 0.04924928115584848, 0.049249281149377766]}, "5": {"maxiter": 500, "fatol": 1e-05, "xatol": 1e-10, "duration": 0.17376470565795898, "fun": "0.049249281147450086", "nit": "500", "nfev": "778", "status": "2", "success": "False", "message": "Maximum number of iterations has been exceeded.", "x": "[1.4744604  1.59088725 3.70104429 0.95245654 4.87992412 0.54694523]", "final_simplex": "(array([[1.4744604 , 1.59088725, 3.70104429, 0.95245654, 4.87992412,\n        0.54694523],\n       [1.47445573, 1.59089537, 3.7010307 , 0.95244656, 4.87991159,\n        0.54696078],\n       [1.47445853, 1.59089045, 3.70104032, 0.9524523 , 4.87992174,\n        0.54694845],\n       [1.47446318, 1.59088206, 3.70105397, 0.9524592 , 4.87993019,\n        0.54693664],\n       [1.47445283, 1.59090527, 3.70101451, 0.95244117, 4.87989617,\n        0.54697989],\n       [1.47446409, 1.5908883 , 3.70104383, 0.95245642, 4.8799221 ,\n        0.54694565],\n       [1.47445737, 1.59089462, 3.70102901, 0.95244662, 4.87991161,\n        0.54696312]]), array([0.04924928, 0.04924928, 0.04924928, 0.04924928, 0.04924928,\n       0.04924928, 0.04924928]))", "callback": [0.6978044560018963, 0.663969675985661, 0.6229351696354615, 0.5510412504491087, 0.47014697378919956, 0.37999181699371365, 0.17200098598728142, 0.12349258294649923, 0.11414333934185916, 0.11061660407021934, 0.1042578176837804, 0.09871114012292626, 0.0955832312823719, 0.09497179768543018, 0.09319829651746281, 0.0903347296268997, 0.08193114638735799, 0.057503763186363965, 0.05353396104347263, 0.052635293828403484, 0.050789481506771206, 0.05042857002554113, 0.05000531756462567, 0.04971430626508533, 0.04954252326575814, 0.049513287355325786, 0.04949475431626482, 0.049487292067211364, 0.049484843769047715, 0.0494825325138013, 0.04948018361063111, 0.049475968430276906, 0.049464922669352984, 0.04943104289858047, 0.049359546137190735, 0.0492908587011458, 0.04926117062593105, 0.0492509736770701, 0.04924970291265662, 0.049249666198728725, 0.04924935129240282, 0.04924929347972229, 0.049249282513288195, 0.04924928158003117, 0.04924928127601125, 0.04924928121757233, 0.04924928119287175, 0.04924928115584848, 0.049249281149377766]}, "6": {"maxiter": 500, "fatol": 1e-10, "xatol": 1e-05, "duration": 0.2173168659210205, "fun": "0.049249281147450086", "nit": "500", "nfev": "778", "status": "2", "success": "False", "message": "Maximum number of iterations has been exceeded.", "x": "[1.4744604  1.59088725 3.70104429 0.95245654 4.87992412 0.54694523]", "final_simplex": "(array([[1.4744604 , 1.59088725, 3.70104429, 0.95245654, 4.87992412,\n        0.54694523],\n       [1.47445573, 1.59089537, 3.7010307 , 0.95244656, 4.87991159,\n        0.54696078],\n       [1.47445853, 1.59089045, 3.70104032, 0.9524523 , 4.87992174,\n        0.54694845],\n       [1.47446318, 1.59088206, 3.70105397, 0.9524592 , 4.87993019,\n        0.54693664],\n       [1.47445283, 1.59090527, 3.70101451, 0.95244117, 4.87989617,\n        0.54697989],\n       [1.47446409, 1.5908883 , 3.70104383, 0.95245642, 4.8799221 ,\n        0.54694565],\n       [1.47445737, 1.59089462, 3.70102901, 0.95244662, 4.87991161,\n        0.54696312]]), array([0.04924928, 0.04924928, 0.04924928, 0.04924928, 0.04924928,\n       0.04924928, 0.04924928]))", "callback": [0.6978044560018963, 0.663969675985661, 0.6229351696354615, 0.5510412504491087, 0.47014697378919956, 0.37999181699371365, 0.17200098598728142, 0.12349258294649923, 0.11414333934185916, 0.11061660407021934, 0.1042578176837804, 0.09871114012292626, 0.0955832312823719, 0.09497179768543018, 0.09319829651746281, 0.0903347296268997, 0.08193114638735799, 0.057503763186363965, 0.05353396104347263, 0.052635293828403484, 0.050789481506771206, 0.05042857002554113, 0.05000531756462567, 0.04971430626508533, 0.04954252326575814, 0.049513287355325786, 0.04949475431626482, 0.049487292067211364, 0.049484843769047715, 0.0494825325138013, 0.04948018361063111, 0.049475968430276906, 0.049464922669352984, 0.04943104289858047, 0.049359546137190735, 0.0492908587011458, 0.04926117062593105, 0.0492509736770701, 0.04924970291265662, 0.049249666198728725, 0.04924935129240282, 0.04924929347972229, 0.049249282513288195, 0.04924928158003117, 0.04924928127601125, 0.04924928121757233, 0.04924928119287175, 0.04924928115584848, 0.049249281149377766]}, "7": {"maxiter": 500, "fatol": 1e-10, "xatol": 1e-10, "duration": 0.18598508834838867, "fun": "0.049249281147450086", "nit": "500", "nfev": "778", "status": "2", "success": "False", "message": "Maximum number of iterations has been exceeded.", "x": "[1.4744604  1.59088725 3.70104429 0.95245654 4.87992412 0.54694523]", "final_simplex": "(array([[1.4744604 , 1.59088725, 3.70104429, 0.95245654, 4.87992412,\n        0.54694523],\n       [1.47445573, 1.59089537, 3.7010307 , 0.95244656, 4.87991159,\n        0.54696078],\n       [1.47445853, 1.59089045, 3.70104032, 0.9524523 , 4.87992174,\n        0.54694845],\n       [1.47446318, 1.59088206, 3.70105397, 0.9524592 , 4.87993019,\n        0.54693664],\n       [1.47445283, 1.59090527, 3.70101451, 0.95244117, 4.87989617,\n        0.54697989],\n       [1.47446409, 1.5908883 , 3.70104383, 0.95245642, 4.8799221 ,\n        0.54694565],\n       [1.47445737, 1.59089462, 3.70102901, 0.95244662, 4.87991161,\n        0.54696312]]), array([0.04924928, 0.04924928, 0.04924928, 0.04924928, 0.04924928,\n       0.04924928, 0.04924928]))", "callback": [0.6978044560018963, 0.663969675985661, 0.6229351696354615, 0.5510412504491087, 0.47014697378919956, 0.37999181699371365, 0.17200098598728142, 0.12349258294649923, 0.11414333934185916, 0.11061660407021934, 0.1042578176837804, 0.09871114012292626, 0.0955832312823719, 0.09497179768543018, 0.09319829651746281, 0.0903347296268997, 0.08193114638735799, 0.057503763186363965, 0.05353396104347263, 0.052635293828403484, 0.050789481506771206, 0.05042857002554113, 0.05000531756462567, 0.04971430626508533, 0.04954252326575814, 0.049513287355325786, 0.04949475431626482, 0.049487292067211364, 0.049484843769047715, 0.0494825325138013, 0.04948018361063111, 0.049475968430276906, 0.049464922669352984, 0.04943104289858047, 0.049359546137190735, 0.0492908587011458, 0.04926117062593105, 0.0492509736770701, 0.04924970291265662, 0.049249666198728725, 0.04924935129240282, 0.04924929347972229, 0.049249282513288195, 0.04924928158003117, 0.04924928127601125, 0.04924928121757233, 0.04924928119287175, 0.04924928115584848, 0.049249281149377766]}, "8": {"maxiter": 1000, "fatol": 1e-05, "xatol": 1e-05, "duration": 0.19657301902770996, "fun": "0.049249281147102364", "nit": "510", "nfev": "797", "status": "0", "success": "True", "message": "Optimization terminated successfully.", "x": "[1.47445989 1.59089016 3.70104132 0.95245377 4.87991998 0.54694891]", "final_simplex": "(array([[1.47445989, 1.59089016, 3.70104132, 0.95245377, 4.87991998,\n        0.54694891],\n       [1.47446119, 1.59088763, 3.70104546, 0.9524553 , 4.87992377,\n        0.5469442 ],\n       [1.47445815, 1.5908951 , 3.70103346, 0.95244855, 4.87991225,\n        0.54695824],\n       [1.47445775, 1.59089293, 3.70103525, 0.95245005, 4.87991511,\n        0.54695591],\n       [1.47446127, 1.59089   , 3.70104077, 0.95245409, 4.87991976,\n        0.54694938],\n       [1.47445933, 1.59089016, 3.70104066, 0.95245328, 4.87992083,\n        0.54694897],\n       [1.47446095, 1.59088687, 3.70104588, 0.95245558, 4.87992398,\n        0.5469446 ]]), array([0.04924928, 0.04924928, 0.04924928, 0.04924928, 0.04924928,\n       0.04924928, 0.04924928]))", "callback": [0.6978044560018963, 0.663969675985661, 0.6229351696354615, 0.5510412504491087, 0.47014697378919956, 0.37999181699371365, 0.17200098598728142, 0.12349258294649923, 0.11414333934185916, 0.11061660407021934, 0.1042578176837804, 0.09871114012292626, 0.0955832312823719, 0.09497179768543018, 0.09319829651746281, 0.0903347296268997, 0.08193114638735799, 0.057503763186363965, 0.05353396104347263, 0.052635293828403484, 0.050789481506771206, 0.05042857002554113, 0.05000531756462567, 0.04971430626508533, 0.04954252326575814, 0.049513287355325786, 0.04949475431626482, 0.049487292067211364, 0.049484843769047715, 0.0494825325138013, 0.04948018361063111, 0.049475968430276906, 0.049464922669352984, 0.04943104289858047, 0.049359546137190735, 0.0492908587011458, 0.04926117062593105, 0.0492509736770701, 0.04924970291265662, 0.049249666198728725, 0.04924935129240282, 0.04924929347972229, 0.049249282513288195, 0.04924928158003117, 0.04924928127601125, 0.04924928121757233, 0.04924928119287175, 0.04924928115584848, 0.049249281149377766, 0.04924928114734306, 0.049249281147102364]}, "9": {"maxiter": 1000, "fatol": 1e-05, "xatol": 1e-10, "duration": 0.31917691230773926, "fun": "0.049249281147053736", "nit": "604", "nfev": "1012", "status": "0", "success": "True", "message": "Optimization terminated successfully.", "x": "[1.4744604  1.59088946 3.70104186 0.95245414 4.87992063 0.54694832]", "final_simplex": "(array([[1.4744604 , 1.59088946, 3.70104186, 0.95245414, 4.87992063,\n        0.54694832],\n       [1.4744604 , 1.59088946, 3.70104186, 0.95245414, 4.87992063,\n        0.54694832],\n       [1.4744604 , 1.59088946, 3.70104186, 0.95245414, 4.87992063,\n        0.54694832],\n       [1.4744604 , 1.59088946, 3.70104186, 0.95245414, 4.87992063,\n        0.54694832],\n       [1.4744604 , 1.59088946, 3.70104186, 0.95245414, 4.87992063,\n        0.54694832],\n       [1.4744604 , 1.59088946, 3.70104186, 0.95245414, 4.87992063,\n        0.54694832],\n       [1.4744604 , 1.59088946, 3.70104186, 0.95245414, 4.87992063,\n        0.54694832]]), array([0.04924928, 0.04924928, 0.04924928, 0.04924928, 0.04924928,\n       0.04924928, 0.04924928]))", "callback": [0.6978044560018963, 0.663969675985661, 0.6229351696354615, 0.5510412504491087, 0.47014697378919956, 0.37999181699371365, 0.17200098598728142, 0.12349258294649923, 0.11414333934185916, 0.11061660407021934, 0.1042578176837804, 0.09871114012292626, 0.0955832312823719, 0.09497179768543018, 0.09319829651746281, 0.0903347296268997, 0.08193114638735799, 0.057503763186363965, 0.05353396104347263, 0.052635293828403484, 0.050789481506771206, 0.05042857002554113, 0.05000531756462567, 0.04971430626508533, 0.04954252326575814, 0.049513287355325786, 0.04949475431626482, 0.049487292067211364, 0.049484843769047715, 0.0494825325138013, 0.04948018361063111, 0.049475968430276906, 0.049464922669352984, 0.04943104289858047, 0.049359546137190735, 0.0492908587011458, 0.04926117062593105, 0.0492509736770701, 0.04924970291265662, 0.049249666198728725, 0.04924935129240282, 0.04924929347972229, 0.049249282513288195, 0.04924928158003117, 0.04924928127601125, 0.04924928121757233, 0.04924928119287175, 0.04924928115584848, 0.049249281149377766, 0.04924928114734306, 0.04924928114709859, 0.04924928114706306, 0.04924928114705662, 0.04924928114705418, 0.049249281147053736, 0.049249281147053736, 0.049249281147053736, 0.049249281147053736, 0.049249281147053736, 0.049249281147053736]}, "10": {"maxiter": 1000, "fatol": 1e-10, "xatol": 1e-05, "duration": 0.19837379455566406, "fun": "0.049249281147102364", "nit": "510", "nfev": "797", "status": "0", "success": "True", "message": "Optimization terminated successfully.", "x": "[1.47445989 1.59089016 3.70104132 0.95245377 4.87991998 0.54694891]", "final_simplex": "(array([[1.47445989, 1.59089016, 3.70104132, 0.95245377, 4.87991998,\n        0.54694891],\n       [1.47446119, 1.59088763, 3.70104546, 0.9524553 , 4.87992377,\n        0.5469442 ],\n       [1.47445815, 1.5908951 , 3.70103346, 0.95244855, 4.87991225,\n        0.54695824],\n       [1.47445775, 1.59089293, 3.70103525, 0.95245005, 4.87991511,\n        0.54695591],\n       [1.47446127, 1.59089   , 3.70104077, 0.95245409, 4.87991976,\n        0.54694938],\n       [1.47445933, 1.59089016, 3.70104066, 0.95245328, 4.87992083,\n        0.54694897],\n       [1.47446095, 1.59088687, 3.70104588, 0.95245558, 4.87992398,\n        0.5469446 ]]), array([0.04924928, 0.04924928, 0.04924928, 0.04924928, 0.04924928,\n       0.04924928, 0.04924928]))", "callback": [0.6978044560018963, 0.663969675985661, 0.6229351696354615, 0.5510412504491087, 0.47014697378919956, 0.37999181699371365, 0.17200098598728142, 0.12349258294649923, 0.11414333934185916, 0.11061660407021934, 0.1042578176837804, 0.09871114012292626, 0.0955832312823719, 0.09497179768543018, 0.09319829651746281, 0.0903347296268997, 0.08193114638735799, 0.057503763186363965, 0.05353396104347263, 0.052635293828403484, 0.050789481506771206, 0.05042857002554113, 0.05000531756462567, 0.04971430626508533, 0.04954252326575814, 0.049513287355325786, 0.04949475431626482, 0.049487292067211364, 0.049484843769047715, 0.0494825325138013, 0.04948018361063111, 0.049475968430276906, 0.049464922669352984, 0.04943104289858047, 0.049359546137190735, 0.0492908587011458, 0.04926117062593105, 0.0492509736770701, 0.04924970291265662, 0.049249666198728725, 0.04924935129240282, 0.04924929347972229, 0.049249282513288195, 0.04924928158003117, 0.04924928127601125, 0.04924928121757233, 0.04924928119287175, 0.04924928115584848, 0.049249281149377766, 0.04924928114734306, 0.049249281147102364]}, "11": {"maxiter": 1000, "fatol": 1e-10, "xatol": 1e-10, "duration": 0.2330009937286377, "fun": "0.049249281147053736", "nit": "604", "nfev": "1012", "status": "0", "success": "True", "message": "Optimization terminated successfully.", "x": "[1.4744604  1.59088946 3.70104186 0.95245414 4.87992063 0.54694832]", "final_simplex": "(array([[1.4744604 , 1.59088946, 3.70104186, 0.95245414, 4.87992063,\n        0.54694832],\n       [1.4744604 , 1.59088946, 3.70104186, 0.95245414, 4.87992063,\n        0.54694832],\n       [1.4744604 , 1.59088946, 3.70104186, 0.95245414, 4.87992063,\n        0.54694832],\n       [1.4744604 , 1.59088946, 3.70104186, 0.95245414, 4.87992063,\n        0.54694832],\n       [1.4744604 , 1.59088946, 3.70104186, 0.95245414, 4.87992063,\n        0.54694832],\n       [1.4744604 , 1.59088946, 3.70104186, 0.95245414, 4.87992063,\n        0.54694832],\n       [1.4744604 , 1.59088946, 3.70104186, 0.95245414, 4.87992063,\n        0.54694832]]), array([0.04924928, 0.04924928, 0.04924928, 0.04924928, 0.04924928,\n       0.04924928, 0.04924928]))", "callback": [0.6978044560018963, 0.663969675985661, 0.6229351696354615, 0.5510412504491087, 0.47014697378919956, 0.37999181699371365, 0.17200098598728142, 0.12349258294649923, 0.11414333934185916, 0.11061660407021934, 0.1042578176837804, 0.09871114012292626, 0.0955832312823719, 0.09497179768543018, 0.09319829651746281, 0.0903347296268997, 0.08193114638735799, 0.057503763186363965, 0.05353396104347263, 0.052635293828403484, 0.050789481506771206, 0.05042857002554113, 0.05000531756462567, 0.04971430626508533, 0.04954252326575814, 0.049513287355325786, 0.04949475431626482, 0.049487292067211364, 0.049484843769047715, 0.0494825325138013, 0.04948018361063111, 0.049475968430276906, 0.049464922669352984, 0.04943104289858047, 0.049359546137190735, 0.0492908587011458, 0.04926117062593105, 0.0492509736770701, 0.04924970291265662, 0.049249666198728725, 0.04924935129240282, 0.04924929347972229, 0.049249282513288195, 0.04924928158003117, 0.04924928127601125, 0.04924928121757233, 0.04924928119287175, 0.04924928115584848, 0.049249281149377766, 0.04924928114734306, 0.04924928114709859, 0.04924928114706306, 0.04924928114705662, 0.04924928114705418, 0.049249281147053736, 0.049249281147053736, 0.049249281147053736, 0.049249281147053736, 0.049249281147053736, 0.049249281147053736]}}, "bfgs": {"type": "gradient", "0": {"maxiter": 100, "gtol": 1e-05, "xrtol": 1e-05, "eps": 1e-05, "duration": 0.04966998100280762, "fun": "0.04924928116770544", "jac": "[-2.15716334e-07  2.97317726e-08 -2.15805152e-07 -1.40032430e-07\n -2.10420570e-07  1.43030032e-07]", "hess_inv": "[[ 6.45038844 -0.50061154  0.24613    -4.84920222 -2.83835855  0.64399223]\n [-0.50061154  5.14433256  1.17667037  2.26433124 -2.01696917 -1.86338123]\n [ 0.24613     1.17667037  2.11830457  0.18035479 -1.58541226 -0.56639348]\n [-4.84920222  2.26433124  0.18035479  6.69929521  1.09614111 -0.61190898]\n [-2.83835855 -2.01696917 -1.58541226  1.09614111  4.03451965  0.27034277]\n [ 0.64399223 -1.86338123 -0.56639348 -0.61190898  0.27034277  2.86209346]]", "nfev": "210", "njev": "30", "status": "0", "success": "True", "message": "Optimization terminated successfully.", "x": "[ 1.51336288  1.50976608  3.82645497 -1.03223178  1.85277802  3.54386551]", "nit": "22", "callback": [0.09774137356643153, 0.04924932537675264]}, "1": {"maxiter": 100, "gtol": 1e-05, "xrtol": 1e-05, "eps": 1e-10, "duration": 0.04957914352416992, "fun": "0.0492492812403591", "jac": "[-1.11022293e-06  0.00000000e+00 -4.44089173e-06  6.66133760e-06\n -1.11022293e-06 -1.11022293e-06]", "hess_inv": "[[ 6.19703101 -0.33327672  0.22265889 -4.64499113 -2.74088797  0.48163894]\n [-0.33327672  5.06527607  1.22393314  2.09458632 -2.11179347 -1.7977471 ]\n [ 0.22265889  1.22393314  2.16452866  0.16782979 -1.63334437 -0.61305421]\n [-4.64499113  2.09458632  0.16782979  6.55134522  1.0595764  -0.45565902]\n [-2.74088797 -2.11179347 -1.63334437  1.0595764   4.0659995   0.37178373]\n [ 0.48163894 -1.7977471  -0.61305421 -0.45565902  0.37178373  2.79733136]]", "nfev": "210", "njev": "30", "status": "0", "success": "True", "message": "Optimization terminated successfully.", "x": "[ 1.51304895  1.51031338  3.82563288 -1.03161587  1.85208928  3.54476387]", "nit": "22", "callback": [0.09775669075596427, 0.04924932205960608]}, "2": {"maxiter": 100, "gtol": 1e-05, "xrtol": 1e-10, "eps": 1e-05, "duration": 0.04880213737487793, "fun": "0.04924928116770544", "jac": "[-2.15716334e-07  2.97317726e-08 -2.15805152e-07 -1.40032430e-07\n -2.10420570e-07  1.43030032e-07]", "hess_inv": "[[ 6.45038844 -0.50061154  0.24613    -4.84920222 -2.83835855  0.64399223]\n [-0.50061154  5.14433256  1.17667037  2.26433124 -2.01696917 -1.86338123]\n [ 0.24613     1.17667037  2.11830457  0.18035479 -1.58541226 -0.56639348]\n [-4.84920222  2.26433124  0.18035479  6.69929521  1.09614111 -0.61190898]\n [-2.83835855 -2.01696917 -1.58541226  1.09614111  4.03451965  0.27034277]\n [ 0.64399223 -1.86338123 -0.56639348 -0.61190898  0.27034277  2.86209346]]", "nfev": "210", "njev": "30", "status": "0", "success": "True", "message": "Optimization terminated successfully.", "x": "[ 1.51336288  1.50976608  3.82645497 -1.03223178  1.85277802  3.54386551]", "nit": "22", "callback": [0.09774137356643153, 0.04924932537675264]}, "3": {"maxiter": 100, "gtol": 1e-05, "xrtol": 1e-10, "eps": 1e-10, "duration": 0.04806208610534668, "fun": "0.0492492812403591", "jac": "[-1.11022293e-06  0.00000000e+00 -4.44089173e-06  6.66133760e-06\n -1.11022293e-06 -1.11022293e-06]", "hess_inv": "[[ 6.19703101 -0.33327672  0.22265889 -4.64499113 -2.74088797  0.48163894]\n [-0.33327672  5.06527607  1.22393314  2.09458632 -2.11179347 -1.7977471 ]\n [ 0.22265889  1.22393314  2.16452866  0.16782979 -1.63334437 -0.61305421]\n [-4.64499113  2.09458632  0.16782979  6.55134522  1.0595764  -0.45565902]\n [-2.74088797 -2.11179347 -1.63334437  1.0595764   4.0659995   0.37178373]\n [ 0.48163894 -1.7977471  -0.61305421 -0.45565902  0.37178373  2.79733136]]", "nfev": "210", "njev": "30", "status": "0", "success": "True", "message": "Optimization terminated successfully.", "x": "[ 1.51304895  1.51031338  3.82563288 -1.03161587  1.85208928  3.54476387]", "nit": "22", "callback": [0.09775669075596427, 0.04924932205960608]}, "4": {"maxiter": 100, "gtol": 1e-10, "xrtol": 1e-05, "eps": 1e-05, "duration": 0.05032610893249512, "fun": "0.04924928116681482", "jac": "[-1.24666943e-07  4.12669898e-08 -2.25952590e-07 -3.99902333e-08\n -1.91169303e-07  1.07680531e-07]", "hess_inv": "[[ 6.45962795 -0.49537412  0.25844254 -4.84115105 -2.83394194  0.62673516]\n [-0.49537412  5.1306032   1.16263206  2.25187625 -2.01874927 -1.84061648]\n [ 0.25844254  1.16263206  2.10825769  0.16966253 -1.58491845 -0.54842402]\n [-4.84115105  2.25187625  0.16966253  6.68896531  1.09562377 -0.59377469]\n [-2.83394194 -2.01874927 -1.58491845  1.09562377  4.03553194  0.27044305]\n [ 0.62673516 -1.84061648 -0.54842402 -0.59377469  0.27044305  2.83088715]]", "nfev": "217", "njev": "31", "status": "0", "success": "True", "message": "Optimization terminated successfully.", "x": "[ 1.51336298  1.50976622  3.82645521 -1.0322316   1.85277809  3.54386515]", "nit": "23", "callback": [0.09774137356643153, 0.04924932537675264]}, "5": {"maxiter": 100, "gtol": 1e-10, "xrtol": 1e-05, "eps": 1e-10, "duration": 0.04770493507385254, "fun": "0.0492492812403591", "jac": "[-1.11022293e-06  0.00000000e+00 -4.44089173e-06  6.66133760e-06\n -1.11022293e-06 -1.11022293e-06]", "hess_inv": "[[ 6.19703101 -0.33327672  0.22265889 -4.64499113 -2.74088797  0.48163894]\n [-0.33327672  5.06527607  1.22393314  2.09458632 -2.11179347 -1.7977471 ]\n [ 0.22265889  1.22393314  2.16452866  0.16782979 -1.63334437 -0.61305421]\n [-4.64499113  2.09458632  0.16782979  6.55134522  1.0595764  -0.45565902]\n [-2.74088797 -2.11179347 -1.63334437  1.0595764   4.0659995   0.37178373]\n [ 0.48163894 -1.7977471  -0.61305421 -0.45565902  0.37178373  2.79733136]]", "nfev": "210", "njev": "30", "status": "0", "success": "True", "message": "Optimization terminated successfully.", "x": "[ 1.51304895  1.51031338  3.82563288 -1.03161587  1.85208928  3.54476387]", "nit": "22", "callback": [0.09775669075596427, 0.04924932205960608]}, "6": {"maxiter": 100, "gtol": 1e-10, "xrtol": 1e-10, "eps": 1e-05, "duration": 0.09078598022460938, "fun": "0.04924928115785476", "jac": "[ 1.54531943e-06  1.67554859e-07 -3.78286291e-07  1.85120808e-06\n  4.32542890e-08 -5.87907500e-07]", "hess_inv": "[[  41.28552896  -54.32210585   97.36359397  -63.61325771   75.28664141\n  -107.96778775]\n [ -54.32210585   86.60918617 -148.72932107   91.10520876 -121.87004134\n   166.27135333]\n [  97.36359397 -148.72932107  272.84496517 -163.4812418   216.13795199\n  -303.37273327]\n [ -63.61325771   91.10520876 -163.4812418   103.57713578 -129.70907037\n   182.98093157]\n [  75.28664141 -121.87004134  216.13795199 -129.70907037  178.80135025\n  -243.46039092]\n [-107.96778775  166.27135333 -303.37273327  182.98093157 -243.46039092\n   341.40624021]]", "nfev": "396", "njev": "55", "status": "2", "success": "False", "message": "Desired error not necessarily achieved due to precision loss.", "x": "[ 1.5133749   1.50975107  3.82648808 -1.03224792  1.85280291  3.54382759]", "nit": "27", "callback": [0.09774137356643153, 0.04924932537675264]}, "7": {"maxiter": 100, "gtol": 1e-10, "xrtol": 1e-10, "eps": 1e-10, "duration": 0.09098386764526367, "fun": "0.0492492811507762", "jac": "[ 0.00000000e+00 -1.11022293e-06  0.00000000e+00 -1.11022293e-06\n -1.11022293e-06 -1.11022293e-06]", "hess_inv": "[[ 0.67677101  0.43115862  0.52765999 -0.21699602 -0.24652344 -0.46610987]\n [ 0.43115862  0.43073275  0.48207874 -0.13103367 -0.27663059 -0.38955433]\n [ 0.52765999  0.48207874  0.56039144 -0.17338699 -0.33446008 -0.43637813]\n [-0.21699602 -0.13103367 -0.17338699  0.08869872  0.08965097  0.12596152]\n [-0.24652344 -0.27663059 -0.33446008  0.08965097  0.43884491  0.1326372 ]\n [-0.46610987 -0.38955433 -0.43637813  0.12596152  0.1326372   0.43797117]]", "nfev": "371", "njev": "53", "status": "2", "success": "False", "message": "Desired error not necessarily achieved due to precision loss.", "x": "[ 1.51307218  1.51029038  3.82563658 -1.03165475  1.85208455  3.54476687]", "nit": "34", "callback": [0.09775669075596427, 0.04924932205960608, 0.0492492811539893]}, "8": {"maxiter": 500, "gtol": 1e-05, "xrtol": 1e-05, "eps": 1e-05, "duration": 0.050451040267944336, "fun": "0.04924928116770544", "jac": "[-2.15716334e-07  2.97317726e-08 -2.15805152e-07 -1.40032430e-07\n -2.10420570e-07  1.43030032e-07]", "hess_inv": "[[ 6.45038844 -0.50061154  0.24613    -4.84920222 -2.83835855  0.64399223]\n [-0.50061154  5.14433256  1.17667037  2.26433124 -2.01696917 -1.86338123]\n [ 0.24613     1.17667037  2.11830457  0.18035479 -1.58541226 -0.56639348]\n [-4.84920222  2.26433124  0.18035479  6.69929521  1.09614111 -0.61190898]\n [-2.83835855 -2.01696917 -1.58541226  1.09614111  4.03451965  0.27034277]\n [ 0.64399223 -1.86338123 -0.56639348 -0.61190898  0.27034277  2.86209346]]", "nfev": "210", "njev": "30", "status": "0", "success": "True", "message": "Optimization terminated successfully.", "x": "[ 1.51336288  1.50976608  3.82645497 -1.03223178  1.85277802  3.54386551]", "nit": "22", "callback": [0.09774137356643153, 0.04924932537675264]}, "9": {"maxiter": 500, "gtol": 1e-05, "xrtol": 1e-05, "eps": 1e-10, "duration": 0.048043012619018555, "fun": "0.0492492812403591", "jac": "[-1.11022293e-06  0.00000000e+00 -4.44089173e-06  6.66133760e-06\n -1.11022293e-06 -1.11022293e-06]", "hess_inv": "[[ 6.19703101 -0.33327672  0.22265889 -4.64499113 -2.74088797  0.48163894]\n [-0.33327672  5.06527607  1.22393314  2.09458632 -2.11179347 -1.7977471 ]\n [ 0.22265889  1.22393314  2.16452866  0.16782979 -1.63334437 -0.61305421]\n [-4.64499113  2.09458632  0.16782979  6.55134522  1.0595764  -0.45565902]\n [-2.74088797 -2.11179347 -1.63334437  1.0595764   4.0659995   0.37178373]\n [ 0.48163894 -1.7977471  -0.61305421 -0.45565902  0.37178373  2.79733136]]", "nfev": "210", "njev": "30", "status": "0", "success": "True", "message": "Optimization terminated successfully.", "x": "[ 1.51304895  1.51031338  3.82563288 -1.03161587  1.85208928  3.54476387]", "nit": "22", "callback": [0.09775669075596427, 0.04924932205960608]}, "10": {"maxiter": 500, "gtol": 1e-05, "xrtol": 1e-10, "eps": 1e-05, "duration": 0.04843711853027344, "fun": "0.04924928116770544", "jac": "[-2.15716334e-07  2.97317726e-08 -2.15805152e-07 -1.40032430e-07\n -2.10420570e-07  1.43030032e-07]", "hess_inv": "[[ 6.45038844 -0.50061154  0.24613    -4.84920222 -2.83835855  0.64399223]\n [-0.50061154  5.14433256  1.17667037  2.26433124 -2.01696917 -1.86338123]\n [ 0.24613     1.17667037  2.11830457  0.18035479 -1.58541226 -0.56639348]\n [-4.84920222  2.26433124  0.18035479  6.69929521  1.09614111 -0.61190898]\n [-2.83835855 -2.01696917 -1.58541226  1.09614111  4.03451965  0.27034277]\n [ 0.64399223 -1.86338123 -0.56639348 -0.61190898  0.27034277  2.86209346]]", "nfev": "210", "njev": "30", "status": "0", "success": "True", "message": "Optimization terminated successfully.", "x": "[ 1.51336288  1.50976608  3.82645497 -1.03223178  1.85277802  3.54386551]", "nit": "22", "callback": [0.09774137356643153, 0.04924932537675264]}, "11": {"maxiter": 500, "gtol": 1e-05, "xrtol": 1e-10, "eps": 1e-10, "duration": 0.048847198486328125, "fun": "0.0492492812403591", "jac": "[-1.11022293e-06  0.00000000e+00 -4.44089173e-06  6.66133760e-06\n -1.11022293e-06 -1.11022293e-06]", "hess_inv": "[[ 6.19703101 -0.33327672  0.22265889 -4.64499113 -2.74088797  0.48163894]\n [-0.33327672  5.06527607  1.22393314  2.09458632 -2.11179347 -1.7977471 ]\n [ 0.22265889  1.22393314  2.16452866  0.16782979 -1.63334437 -0.61305421]\n [-4.64499113  2.09458632  0.16782979  6.55134522  1.0595764  -0.45565902]\n [-2.74088797 -2.11179347 -1.63334437  1.0595764   4.0659995   0.37178373]\n [ 0.48163894 -1.7977471  -0.61305421 -0.45565902  0.37178373  2.79733136]]", "nfev": "210", "njev": "30", "status": "0", "success": "True", "message": "Optimization terminated successfully.", "x": "[ 1.51304895  1.51031338  3.82563288 -1.03161587  1.85208928  3.54476387]", "nit": "22", "callback": [0.09775669075596427, 0.04924932205960608]}, "12": {"maxiter": 500, "gtol": 1e-10, "xrtol": 1e-05, "eps": 1e-05, "duration": 0.05024409294128418, "fun": "0.04924928116681482", "jac": "[-1.24666943e-07  4.12669898e-08 -2.25952590e-07 -3.99902333e-08\n -1.91169303e-07  1.07680531e-07]", "hess_inv": "[[ 6.45962795 -0.49537412  0.25844254 -4.84115105 -2.83394194  0.62673516]\n [-0.49537412  5.1306032   1.16263206  2.25187625 -2.01874927 -1.84061648]\n [ 0.25844254  1.16263206  2.10825769  0.16966253 -1.58491845 -0.54842402]\n [-4.84115105  2.25187625  0.16966253  6.68896531  1.09562377 -0.59377469]\n [-2.83394194 -2.01874927 -1.58491845  1.09562377  4.03553194  0.27044305]\n [ 0.62673516 -1.84061648 -0.54842402 -0.59377469  0.27044305  2.83088715]]", "nfev": "217", "njev": "31", "status": "0", "success": "True", "message": "Optimization terminated successfully.", "x": "[ 1.51336298  1.50976622  3.82645521 -1.0322316   1.85277809  3.54386515]", "nit": "23", "callback": [0.09774137356643153, 0.04924932537675264]}, "13": {"maxiter": 500, "gtol": 1e-10, "xrtol": 1e-05, "eps": 1e-10, "duration": 0.04775691032409668, "fun": "0.0492492812403591", "jac": "[-1.11022293e-06  0.00000000e+00 -4.44089173e-06  6.66133760e-06\n -1.11022293e-06 -1.11022293e-06]", "hess_inv": "[[ 6.19703101 -0.33327672  0.22265889 -4.64499113 -2.74088797  0.48163894]\n [-0.33327672  5.06527607  1.22393314  2.09458632 -2.11179347 -1.7977471 ]\n [ 0.22265889  1.22393314  2.16452866  0.16782979 -1.63334437 -0.61305421]\n [-4.64499113  2.09458632  0.16782979  6.55134522  1.0595764  -0.45565902]\n [-2.74088797 -2.11179347 -1.63334437  1.0595764   4.0659995   0.37178373]\n [ 0.48163894 -1.7977471  -0.61305421 -0.45565902  0.37178373  2.79733136]]", "nfev": "210", "njev": "30", "status": "0", "success": "True", "message": "Optimization terminated successfully.", "x": "[ 1.51304895  1.51031338  3.82563288 -1.03161587  1.85208928  3.54476387]", "nit": "22", "callback": [0.09775669075596427, 0.04924932205960608]}, "14": {"maxiter": 500, "gtol": 1e-10, "xrtol": 1e-10, "eps": 1e-05, "duration": 0.09056687355041504, "fun": "0.04924928115785476", "jac": "[ 1.54531943e-06  1.67554859e-07 -3.78286291e-07  1.85120808e-06\n  4.32542890e-08 -5.87907500e-07]", "hess_inv": "[[  41.28552896  -54.32210585   97.36359397  -63.61325771   75.28664141\n  -107.96778775]\n [ -54.32210585   86.60918617 -148.72932107   91.10520876 -121.87004134\n   166.27135333]\n [  97.36359397 -148.72932107  272.84496517 -163.4812418   216.13795199\n  -303.37273327]\n [ -63.61325771   91.10520876 -163.4812418   103.57713578 -129.70907037\n   182.98093157]\n [  75.28664141 -121.87004134  216.13795199 -129.70907037  178.80135025\n  -243.46039092]\n [-107.96778775  166.27135333 -303.37273327  182.98093157 -243.46039092\n   341.40624021]]", "nfev": "396", "njev": "55", "status": "2", "success": "False", "message": "Desired error not necessarily achieved due to precision loss.", "x": "[ 1.5133749   1.50975107  3.82648808 -1.03224792  1.85280291  3.54382759]", "nit": "27", "callback": [0.09774137356643153, 0.04924932537675264]}, "15": {"maxiter": 500, "gtol": 1e-10, "xrtol": 1e-10, "eps": 1e-10, "duration": 0.0845339298248291, "fun": "0.0492492811507762", "jac": "[ 0.00000000e+00 -1.11022293e-06  0.00000000e+00 -1.11022293e-06\n -1.11022293e-06 -1.11022293e-06]", "hess_inv": "[[ 0.67677101  0.43115862  0.52765999 -0.21699602 -0.24652344 -0.46610987]\n [ 0.43115862  0.43073275  0.48207874 -0.13103367 -0.27663059 -0.38955433]\n [ 0.52765999  0.48207874  0.56039144 -0.17338699 -0.33446008 -0.43637813]\n [-0.21699602 -0.13103367 -0.17338699  0.08869872  0.08965097  0.12596152]\n [-0.24652344 -0.27663059 -0.33446008  0.08965097  0.43884491  0.1326372 ]\n [-0.46610987 -0.38955433 -0.43637813  0.12596152  0.1326372   0.43797117]]", "nfev": "371", "njev": "53", "status": "2", "success": "False", "message": "Desired error not necessarily achieved due to precision loss.", "x": "[ 1.51307218  1.51029038  3.82563658 -1.03165475  1.85208455  3.54476687]", "nit": "34", "callback": [0.09775669075596427, 0.04924932205960608, 0.0492492811539893]}, "16": {"maxiter": 1000, "gtol": 1e-05, "xrtol": 1e-05, "eps": 1e-05, "duration": 0.04793691635131836, "fun": "0.04924928116770544", "jac": "[-2.15716334e-07  2.97317726e-08 -2.15805152e-07 -1.40032430e-07\n -2.10420570e-07  1.43030032e-07]", "hess_inv": "[[ 6.45038844 -0.50061154  0.24613    -4.849