{"date": "2024/10/08/, 19:17:26", "conf_id": 23, "data_type": "random\n", "num_data_points": 2, "s_rank": 0, "unitary": "[[-0.53618537-0.34368723j,-0.12107031-0.46226139j,-0.07699282-0.46603512j,0.36022595-0.11472301j],[0.26026499-0.63450712j,-0.56616638+0.37832564j,-0.14988651+0.08458591j,0.10363514-0.16008501j],[-0.32580188-0.11070003j,-0.36476308-0.23593218j,0.02559343+0.41761608j,-0.25598305+0.6725303j],[0.07406738-0.0126433j,0.28513701+0.19483972j,-0.74939717-0.10299659j,0.29798249+0.46269921j]]", "databatch_0": {"databatch": "[[[-0.28604775+0.05366445j,0.08347066-0.12062127j,-0.17962117+0.18971649j,0.28679751+0.04425749j],[-0.21966528+0.38703982j,-0.05848338-0.21654165j,0.04427476+0.39703389j,0.33476697-0.29126304j],[0.16507617-0.02211605j,-0.0513085+0.06643749j,0.10832281-0.10304958j,-0.16257696-0.03386719j],[0.1186124-0.053574j,-0.02350962+0.06123944j,0.05797882-0.10143185j,-0.12929584+0.01110588j]],[[-0.08743311-0.10669002j,-0.35090993-0.00787388j,-0.08023911-0.01943367j,-0.07050058+0.05487746j],[0.15501397+0.04392438j,0.34163819-0.2266341j,0.08988668-0.03491891j,0.03095928-0.09965475j],[0.25452536+0.00653973j,0.43428543-0.48076713j,0.12393958-0.08866222j,0.00837057-0.16469398j],[-0.07487098-0.07586981j,-0.27057167+0.01892079j,-0.06312417-0.00924163j,-0.05034094+0.04724457j]]]", "initial param values": "[3.07869999,3.01450905,0.79587802,4.87370268,5.43294971,3.26114024]", "nelder_mead": {"type": "gradient-free", "0": {"maxiter": 100, "fatol": 1e-05, "xatol": 1e-05, "duration": 0.07426691055297852, "fun": "0.23775076496746284", "nit": "100", "nfev": "156", "status": "2", "success": "False", "message": "Maximum number of iterations has been exceeded.", "x": "[2.49422128 4.39731345 0.21405407 4.39391544 9.95298738 4.97180365]", "final_simplex": "(array([[ 2.49422128,  4.39731345,  0.21405407,  4.39391544,  9.95298738,\n         4.97180365],\n       [ 2.62282447,  4.35315729,  0.17768075,  4.50621729, 10.02197728,\n         4.96464799],\n       [ 2.64912373,  4.38630435,  0.18663824,  4.44727607,  9.96621059,\n         4.89294289],\n       [ 2.59348476,  4.36938847,  0.22032369,  4.31790687,  9.84542877,\n         4.86038324],\n       [ 2.70780033,  4.38029566,  0.20773777,  4.46410596,  9.78323786,\n         4.71178473],\n       [ 2.49599164,  4.35732405,  0.20342678,  4.38440714, 10.07693595,\n         4.92446823],\n       [ 2.66008833,  4.47994448,  0.17223855,  4.35451713,  9.93433115,\n         4.83192702]]), array([0.23775076, 0.23987042, 0.24010337, 0.24019721, 0.24225696,\n       0.24349204, 0.24379509]))", "callback": [0.8570976080700687, 0.5971750865474572, 0.4357901884324019, 0.3380586711915108, 0.314123454626838, 0.3115136206038669, 0.3017997575579693, 0.28995258871827945, 0.253425717181756, 0.24379509037139324]}, "1": {"maxiter": 100, "fatol": 1e-05, "xatol": 1e-10, "duration": 0.05226492881774902, "fun": "0.23775076496746284", "nit": "100", "nfev": "156", "status": "2", "success": "False", "message": "Maximum number of iterations has been exceeded.", "x": "[2.49422128 4.39731345 0.21405407 4.39391544 9.95298738 4.97180365]", "final_simplex": "(array([[ 2.49422128,  4.39731345,  0.21405407,  4.39391544,  9.95298738,\n         4.97180365],\n       [ 2.62282447,  4.35315729,  0.17768075,  4.50621729, 10.02197728,\n         4.96464799],\n       [ 2.64912373,  4.38630435,  0.18663824,  4.44727607,  9.96621059,\n         4.89294289],\n       [ 2.59348476,  4.36938847,  0.22032369,  4.31790687,  9.84542877,\n         4.86038324],\n       [ 2.70780033,  4.38029566,  0.20773777,  4.46410596,  9.78323786,\n         4.71178473],\n       [ 2.49599164,  4.35732405,  0.20342678,  4.38440714, 10.07693595,\n         4.92446823],\n       [ 2.66008833,  4.47994448,  0.17223855,  4.35451713,  9.93433115,\n         4.83192702]]), array([0.23775076, 0.23987042, 0.24010337, 0.24019721, 0.24225696,\n       0.24349204, 0.24379509]))", "callback": [0.8570976080700687, 0.5971750865474572, 0.4357901884324019, 0.3380586711915108, 0.314123454626838, 0.3115136206038669, 0.3017997575579693, 0.28995258871827945, 0.253425717181756, 0.24379509037139324]}, "2": {"maxiter": 100, "fatol": 1e-10, "xatol": 1e-05, "duration": 0.05729985237121582, "fun": "0.23775076496746284", "nit": "100", "nfev": "156", "status": "2", "success": "False", "message": "Maximum number of iterations has been exceeded.", "x": "[2.49422128 4.39731345 0.21405407 4.39391544 9.95298738 4.97180365]", "final_simplex": "(array([[ 2.49422128,  4.39731345,  0.21405407,  4.39391544,  9.95298738,\n         4.97180365],\n       [ 2.62282447,  4.35315729,  0.17768075,  4.50621729, 10.02197728,\n         4.96464799],\n       [ 2.64912373,  4.38630435,  0.18663824,  4.44727607,  9.96621059,\n         4.89294289],\n       [ 2.59348476,  4.36938847,  0.22032369,  4.31790687,  9.84542877,\n         4.86038324],\n       [ 2.70780033,  4.38029566,  0.20773777,  4.46410596,  9.78323786,\n         4.71178473],\n       [ 2.49599164,  4.35732405,  0.20342678,  4.38440714, 10.07693595,\n         4.92446823],\n       [ 2.66008833,  4.47994448,  0.17223855,  4.35451713,  9.93433115,\n         4.83192702]]), array([0.23775076, 0.23987042, 0.24010337, 0.24019721, 0.24225696,\n       0.24349204, 0.24379509]))", "callback": [0.8570976080700687, 0.5971750865474572, 0.4357901884324019, 0.3380586711915108, 0.314123454626838, 0.3115136206038669, 0.3017997575579693, 0.28995258871827945, 0.253425717181756, 0.24379509037139324]}, "3": {"maxiter": 100, "fatol": 1e-10, "xatol": 1e-10, "duration": 0.05388021469116211, "fun": "0.23775076496746284", "nit": "100", "nfev": "156", "status": "2", "success": "False", "message": "Maximum number of iterations has been exceeded.", "x": "[2.49422128 4.39731345 0.21405407 4.39391544 9.95298738 4.97180365]", "final_simplex": "(array([[ 2.49422128,  4.39731345,  0.21405407,  4.39391544,  9.95298738,\n         4.97180365],\n       [ 2.62282447,  4.35315729,  0.17768075,  4.50621729, 10.02197728,\n         4.96464799],\n       [ 2.64912373,  4.38630435,  0.18663824,  4.44727607,  9.96621059,\n         4.89294289],\n       [ 2.59348476,  4.36938847,  0.22032369,  4.31790687,  9.84542877,\n         4.86038324],\n       [ 2.70780033,  4.38029566,  0.20773777,  4.46410596,  9.78323786,\n         4.71178473],\n       [ 2.49599164,  4.35732405,  0.20342678,  4.38440714, 10.07693595,\n         4.92446823],\n       [ 2.66008833,  4.47994448,  0.17223855,  4.35451713,  9.93433115,\n         4.83192702]]), array([0.23775076, 0.23987042, 0.24010337, 0.24019721, 0.24225696,\n       0.24349204, 0.24379509]))", "callback": [0.8570976080700687, 0.5971750865474572, 0.4357901884324019, 0.3380586711915108, 0.314123454626838, 0.3115136206038669, 0.3017997575579693, 0.28995258871827945, 0.253425717181756, 0.24379509037139324]}, "4": {"maxiter": 500, "fatol": 1e-05, "xatol": 1e-05, "duration": 0.27539682388305664, "fun": "0.17258970274765106", "nit": "494", "nfev": "759", "status": "0", "success": "True", "message": "Optimization terminated successfully.", "x": "[ 1.966725    3.46196766 -0.93662742  5.3700409  10.0290235   5.17728936]", "final_simplex": "(array([[ 1.966725  ,  3.46196766, -0.93662742,  5.3700409 , 10.0290235 ,\n         5.17728936],\n       [ 1.96673063,  3.46196974, -0.93662608,  5.3700332 , 10.02902405,\n         5.17728678],\n       [ 1.96672957,  3.46197046, -0.93662242,  5.37004   , 10.02902499,\n         5.17729324],\n       [ 1.96672709,  3.46196705, -0.93662571,  5.37003533, 10.02902638,\n         5.17728713],\n       [ 1.96672868,  3.46196685, -0.93662453,  5.37004503, 10.02902519,\n         5.1772894 ],\n       [ 1.96672509,  3.46197234, -0.93662331,  5.37004799, 10.02902653,\n         5.17729345],\n       [ 1.96673042,  3.46196737, -0.93663123,  5.37003995, 10.02902533,\n         5.17728795]]), array([0.1725897, 0.1725897, 0.1725897, 0.1725897, 0.1725897, 0.1725897,\n       0.1725897]))", "callback": [0.8570976080700687, 0.5971750865474572, 0.4357901884324019, 0.3380586711915108, 0.314123454626838, 0.3115136206038669, 0.3017997575579693, 0.28995258871827945, 0.253425717181756, 0.24379509037139324, 0.23775076496746284, 0.23565305300469352, 0.2347827406703813, 0.23428902453834488, 0.23408176619893695, 0.234008502793289, 0.23384776460956425, 0.2334288686499868, 0.2329511281822766, 0.2306942891942413, 0.22513970716026466, 0.22033950357330423, 0.21304410129084128, 0.2041467309224576, 0.18596784558776425, 0.17784435267097698, 0.17488421840119373, 0.17323316553594625, 0.1727899056108071, 0.1726841466711413, 0.1726447750397495, 0.17261019292952062, 0.17260667779659633, 0.17259412947057629, 0.17259234726928296, 0.1725914088653422, 0.17258994989124832, 0.17258984836942093, 0.1725897344448062, 0.17258971696725667, 0.17258970889228187, 0.17258970583200162, 0.1725897043233019, 0.17258970369483573, 0.17258970326342027, 0.17258970301830912, 0.17258970291313358, 0.17258970283028174, 0.17258970276057606, 0.17258970274899021]}, "5": {"maxiter": 500, "fatol": 1e-05, "xatol": 1e-10, "duration": 0.27552008628845215, "fun": "0.17258970274682794", "nit": "500", "nfev": "771", "status": "2", "success": "False", "message": "Maximum number of iterations has been exceeded.", "x": "[ 1.96672606  3.46196804 -0.93662573  5.3700444  10.02902547  5.17729126]", "final_simplex": "(array([[ 1.96672606,  3.46196804, -0.93662573,  5.3700444 , 10.02902547,\n         5.17729126],\n       [ 1.96672672,  3.46197033, -0.93662451,  5.37004355, 10.02902571,\n         5.1772913 ],\n       [ 1.96672765,  3.46196805, -0.93662566,  5.37003765, 10.02902557,\n         5.17728848],\n       [ 1.96672873,  3.46196955, -0.93662428,  5.37003978, 10.02902492,\n         5.17729114],\n       [ 1.96672835,  3.46196788, -0.93662511,  5.37004195, 10.02902508,\n         5.17728943],\n       [ 1.96672905,  3.46196819, -0.93662807,  5.37004018, 10.02902522,\n         5.17728892],\n       [ 1.966725  ,  3.46196766, -0.93662742,  5.3700409 , 10.0290235 ,\n         5.17728936]]), array([0.1725897, 0.1725897, 0.1725897, 0.1725897, 0.1725897, 0.1725897,\n       0.1725897]))", "callback": [0.8570976080700687, 0.5971750865474572, 0.4357901884324019, 0.3380586711915108, 0.314123454626838, 0.3115136206038669, 0.3017997575579693, 0.28995258871827945, 0.253425717181756, 0.24379509037139324, 0.23775076496746284, 0.23565305300469352, 0.2347827406703813, 0.23428902453834488, 0.23408176619893695, 0.234008502793289, 0.23384776460956425, 0.2334288686499868, 0.2329511281822766, 0.2306942891942413, 0.22513970716026466, 0.22033950357330423, 0.21304410129084128, 0.2041467309224576, 0.18596784558776425, 0.17784435267097698, 0.17488421840119373, 0.17323316553594625, 0.1727899056108071, 0.1726841466711413, 0.1726447750397495, 0.17261019292952062, 0.17260667779659633, 0.17259412947057629, 0.17259234726928296, 0.1725914088653422, 0.17258994989124832, 0.17258984836942093, 0.1725897344448062, 0.17258971696725667, 0.17258970889228187, 0.17258970583200162, 0.1725897043233019, 0.17258970369483573, 0.17258970326342027, 0.17258970301830912, 0.17258970291313358, 0.17258970283028174, 0.17258970276057606, 0.17258970274899021]}, "6": {"maxiter": 500, "fatol": 1e-10, "xatol": 1e-05, "duration": 0.25359487533569336, "fun": "0.17258970274765106", "nit": "494", "nfev": "759", "status": "0", "success": "True", "message": "Optimization terminated successfully.", "x": "[ 1.966725    3.46196766 -0.93662742  5.3700409  10.0290235   5.17728936]", "final_simplex": "(array([[ 1.966725  ,  3.46196766, -0.93662742,  5.3700409 , 10.0290235 ,\n         5.17728936],\n       [ 1.96673063,  3.46196974, -0.93662608,  5.3700332 , 10.02902405,\n         5.17728678],\n       [ 1.96672957,  3.46197046, -0.93662242,  5.37004   , 10.02902499,\n         5.17729324],\n       [ 1.96672709,  3.46196705, -0.93662571,  5.37003533, 10.02902638,\n         5.17728713],\n       [ 1.96672868,  3.46196685, -0.93662453,  5.37004503, 10.02902519,\n         5.1772894 ],\n       [ 1.96672509,  3.46197234, -0.93662331,  5.37004799, 10.02902653,\n         5.17729345],\n       [ 1.96673042,  3.46196737, -0.93663123,  5.37003995, 10.02902533,\n         5.17728795]]), array([0.1725897, 0.1725897, 0.1725897, 0.1725897, 0.1725897, 0.1725897,\n       0.1725897]))", "callback": [0.8570976080700687, 0.5971750865474572, 0.4357901884324019, 0.3380586711915108, 0.314123454626838, 0.3115136206038669, 0.3017997575579693, 0.28995258871827945, 0.253425717181756, 0.24379509037139324, 0.23775076496746284, 0.23565305300469352, 0.2347827406703813, 0.23428902453834488, 0.23408176619893695, 0.234008502793289, 0.23384776460956425, 0.2334288686499868, 0.2329511281822766, 0.2306942891942413, 0.22513970716026466, 0.22033950357330423, 0.21304410129084128, 0.2041467309224576, 0.18596784558776425, 0.17784435267097698, 0.17488421840119373, 0.17323316553594625, 0.1727899056108071, 0.1726841466711413, 0.1726447750397495, 0.17261019292952062, 0.17260667779659633, 0.17259412947057629, 0.17259234726928296, 0.1725914088653422, 0.17258994989124832, 0.17258984836942093, 0.1725897344448062, 0.17258971696725667, 0.17258970889228187, 0.17258970583200162, 0.1725897043233019, 0.17258970369483573, 0.17258970326342027, 0.17258970301830912, 0.17258970291313358, 0.17258970283028174, 0.17258970276057606, 0.17258970274899021]}, "7": {"maxiter": 500, "fatol": 1e-10, "xatol": 1e-10, "duration": 0.27094006538391113, "fun": "0.17258970274682794", "nit": "500", "nfev": "771", "status": "2", "success": "False", "message": "Maximum number of iterations has been exceeded.", "x": "[ 1.96672606  3.46196804 -0.93662573  5.3700444  10.02902547  5.17729126]", "final_simplex": "(array([[ 1.96672606,  3.46196804, -0.93662573,  5.3700444 , 10.02902547,\n         5.17729126],\n       [ 1.96672672,  3.46197033, -0.93662451,  5.37004355, 10.02902571,\n         5.1772913 ],\n       [ 1.96672765,  3.46196805, -0.93662566,  5.37003765, 10.02902557,\n         5.17728848],\n       [ 1.96672873,  3.46196955, -0.93662428,  5.37003978, 10.02902492,\n         5.17729114],\n       [ 1.96672835,  3.46196788, -0.93662511,  5.37004195, 10.02902508,\n         5.17728943],\n       [ 1.96672905,  3.46196819, -0.93662807,  5.37004018, 10.02902522,\n         5.17728892],\n       [ 1.966725  ,  3.46196766, -0.93662742,  5.3700409 , 10.0290235 ,\n         5.17728936]]), array([0.1725897, 0.1725897, 0.1725897, 0.1725897, 0.1725897, 0.1725897,\n       0.1725897]))", "callback": [0.8570976080700687, 0.5971750865474572, 0.4357901884324019, 0.3380586711915108, 0.314123454626838, 0.3115136206038669, 0.3017997575579693, 0.28995258871827945, 0.253425717181756, 0.24379509037139324, 0.23775076496746284, 0.23565305300469352, 0.2347827406703813, 0.23428902453834488, 0.23408176619893695, 0.234008502793289, 0.23384776460956425, 0.2334288686499868, 0.2329511281822766, 0.2306942891942413, 0.22513970716026466, 0.22033950357330423, 0.21304410129084128, 0.2041467309224576, 0.18596784558776425, 0.17784435267097698, 0.17488421840119373, 0.17323316553594625, 0.1727899056108071, 0.1726841466711413, 0.1726447750397495, 0.17261019292952062, 0.17260667779659633, 0.17259412947057629, 0.17259234726928296, 0.1725914088653422, 0.17258994989124832, 0.17258984836942093, 0.1725897344448062, 0.17258971696725667, 0.17258970889228187, 0.17258970583200162, 0.1725897043233019, 0.17258970369483573, 0.17258970326342027, 0.17258970301830912, 0.17258970291313358, 0.17258970283028174, 0.17258970276057606, 0.17258970274899021]}, "8": {"maxiter": 1000, "fatol": 1e-05, "xatol": 1e-05, "duration": 0.2587089538574219, "fun": "0.17258970274765106", "nit": "494", "nfev": "759", "status": "0", "success": "True", "message": "Optimization terminated successfully.", "x": "[ 1.966725    3.46196766 -0.93662742  5.3700409  10.0290235   5.17728936]", "final_simplex": "(array([[ 1.966725  ,  3.46196766, -0.93662742,  5.3700409 , 10.0290235 ,\n         5.17728936],\n       [ 1.96673063,  3.46196974, -0.93662608,  5.3700332 , 10.02902405,\n         5.17728678],\n       [ 1.96672957,  3.46197046, -0.93662242,  5.37004   , 10.02902499,\n         5.17729324],\n       [ 1.96672709,  3.46196705, -0.93662571,  5.37003533, 10.02902638,\n         5.17728713],\n       [ 1.96672868,  3.46196685, -0.93662453,  5.37004503, 10.02902519,\n         5.1772894 ],\n       [ 1.96672509,  3.46197234, -0.93662331,  5.37004799, 10.02902653,\n         5.17729345],\n       [ 1.96673042,  3.46196737, -0.93663123,  5.37003995, 10.02902533,\n         5.17728795]]), array([0.1725897, 0.1725897, 0.1725897, 0.1725897, 0.1725897, 0.1725897,\n       0.1725897]))", "callback": [0.8570976080700687, 0.5971750865474572, 0.4357901884324019, 0.3380586711915108, 0.314123454626838, 0.3115136206038669, 0.3017997575579693, 0.28995258871827945, 0.253425717181756, 0.24379509037139324, 0.23775076496746284, 0.23565305300469352, 0.2347827406703813, 0.23428902453834488, 0.23408176619893695, 0.234008502793289, 0.23384776460956425, 0.2334288686499868, 0.2329511281822766, 0.2306942891942413, 0.22513970716026466, 0.22033950357330423, 0.21304410129084128, 0.2041467309224576, 0.18596784558776425, 0.17784435267097698, 0.17488421840119373, 0.17323316553594625, 0.1727899056108071, 0.1726841466711413, 0.1726447750397495, 0.17261019292952062, 0.17260667779659633, 0.17259412947057629, 0.17259234726928296, 0.1725914088653422, 0.17258994989124832, 0.17258984836942093, 0.1725897344448062, 0.17258971696725667, 0.17258970889228187, 0.17258970583200162, 0.1725897043233019, 0.17258970369483573, 0.17258970326342027, 0.17258970301830912, 0.17258970291313358, 0.17258970283028174, 0.17258970276057606, 0.17258970274899021]}, "9": {"maxiter": 1000, "fatol": 1e-05, "xatol": 1e-10, "duration": 0.3651719093322754, "fun": "0.17258970274632457", "nit": "594", "nfev": "981", "status": "0", "success": "True", "message": "Optimization terminated successfully.", "x": "[ 1.96672706  3.46196864 -0.93662599  5.37004117 10.02902529  5.17728976]", "final_simplex": "(array([[ 1.96672706,  3.46196864, -0.93662599,  5.37004117, 10.02902529,\n         5.17728976],\n       [ 1.96672706,  3.46196864, -0.93662599,  5.37004117, 10.02902529,\n         5.17728976],\n       [ 1.96672706,  3.46196864, -0.93662599,  5.37004117, 10.02902529,\n         5.17728976],\n       [ 1.96672706,  3.46196864, -0.93662599,  5.37004117, 10.02902529,\n         5.17728976],\n       [ 1.96672706,  3.46196864, -0.93662599,  5.37004117, 10.02902529,\n         5.17728976],\n       [ 1.96672706,  3.46196864, -0.93662599,  5.37004117, 10.02902529,\n         5.17728976],\n       [ 1.96672706,  3.46196864, -0.93662599,  5.37004117, 10.02902529,\n         5.17728976]]), array([0.1725897, 0.1725897, 0.1725897, 0.1725897, 0.1725897, 0.1725897,\n       0.1725897]))", "callback": [0.8570976080700687, 0.5971750865474572, 0.4357901884324019, 0.3380586711915108, 0.314123454626838, 0.3115136206038669, 0.3017997575579693, 0.28995258871827945, 0.253425717181756, 0.24379509037139324, 0.23775076496746284, 0.23565305300469352, 0.2347827406703813, 0.23428902453834488, 0.23408176619893695, 0.234008502793289, 0.23384776460956425, 0.2334288686499868, 0.2329511281822766, 0.2306942891942413, 0.22513970716026466, 0.22033950357330423, 0.21304410129084128, 0.2041467309224576, 0.18596784558776425, 0.17784435267097698, 0.17488421840119373, 0.17323316553594625, 0.1727899056108071, 0.1726841466711413, 0.1726447750397495, 0.17261019292952062, 0.17260667779659633, 0.17259412947057629, 0.17259234726928296, 0.1725914088653422, 0.17258994989124832, 0.17258984836942093, 0.1725897344448062, 0.17258971696725667, 0.17258970889228187, 0.17258970583200162, 0.1725897043233019, 0.17258970369483573, 0.17258970326342027, 0.17258970301830912, 0.17258970291313358, 0.17258970283028174, 0.17258970276057606, 0.17258970274899021, 0.1725897027465293, 0.17258970274636898, 0.17258970274633234, 0.17258970274632723, 0.17258970274632557, 0.172589702746325, 0.17258970274632468, 0.17258970274632457, 0.17258970274632457, 0.17258970274632457]}, "10": {"maxiter": 1000, "fatol": 1e-10, "xatol": 1e-05, "duration": 0.24300694465637207, "fun": "0.17258970274765106", "nit": "494", "nfev": "759", "status": "0", "success": "True", "message": "Optimization terminated successfully.", "x": "[ 1.966725    3.46196766 -0.93662742  5.3700409  10.0290235   5.17728936]", "final_simplex": "(array([[ 1.966725  ,  3.46196766, -0.93662742,  5.3700409 , 10.0290235 ,\n         5.17728936],\n       [ 1.96673063,  3.46196974, -0.93662608,  5.3700332 , 10.02902405,\n         5.17728678],\n       [ 1.96672957,  3.46197046, -0.93662242,  5.37004   , 10.02902499,\n         5.17729324],\n       [ 1.96672709,  3.46196705, -0.93662571,  5.37003533, 10.02902638,\n         5.17728713],\n       [ 1.96672868,  3.46196685, -0.93662453,  5.37004503, 10.02902519,\n         5.1772894 ],\n       [ 1.96672509,  3.46197234, -0.93662331,  5.37004799, 10.02902653,\n         5.17729345],\n       [ 1.96673042,  3.46196737, -0.93663123,  5.37003995, 10.02902533,\n         5.17728795]]), array([0.1725897, 0.1725897, 0.1725897, 0.1725897, 0.1725897, 0.1725897,\n       0.1725897]))", "callback": [0.8570976080700687, 0.5971750865474572, 0.4357901884324019, 0.3380586711915108, 0.314123454626838, 0.3115136206038669, 0.3017997575579693, 0.28995258871827945, 0.253425717181756, 0.24379509037139324, 0.23775076496746284, 0.23565305300469352, 0.2347827406703813, 0.23428902453834488, 0.23408176619893695, 0.234008502793289, 0.23384776460956425, 0.2334288686499868, 0.2329511281822766, 0.2306942891942413, 0.22513970716026466, 0.22033950357330423, 0.21304410129084128, 0.2041467309224576, 0.18596784558776425, 0.17784435267097698, 0.17488421840119373, 0.17323316553594625, 0.1727899056108071, 0.1726841466711413, 0.1726447750397495, 0.17261019292952062, 0.17260667779659633, 0.17259412947057629, 0.17259234726928296, 0.1725914088653422, 0.17258994989124832, 0.17258984836942093, 0.1725897344448062, 0.17258971696725667, 0.17258970889228187, 0.17258970583200162, 0.1725897043233019, 0.17258970369483573, 0.17258970326342027, 0.17258970301830912, 0.17258970291313358, 0.17258970283028174, 0.17258970276057606, 0.17258970274899021]}, "11": {"maxiter": 1000, "fatol": 1e-10, "xatol": 1e-10, "duration": 0.31735897064208984, "fun": "0.17258970274632457", "nit": "594", "nfev": "981", "status": "0", "success": "True", "message": "Optimization terminated successfully.", "x": "[ 1.96672706  3.46196864 -0.93662599  5.37004117 10.02902529  5.17728976]", "final_simplex": "(array([[ 1.96672706,  3.46196864, -0.93662599,  5.37004117, 10.02902529,\n         5.17728976],\n       [ 1.96672706,  3.46196864, -0.93662599,  5.37004117, 10.02902529,\n         5.17728976],\n       [ 1.96672706,  3.46196864, -0.93662599,  5.37004117, 10.02902529,\n         5.17728976],\n       [ 1.96672706,  3.46196864, -0.93662599,  5.37004117, 10.02902529,\n         5.17728976],\n       [ 1.96672706,  3.46196864, -0.93662599,  5.37004117, 10.02902529,\n         5.17728976],\n       [ 1.96672706,  3.46196864, -0.93662599,  5.37004117, 10.02902529,\n         5.17728976],\n       [ 1.96672706,  3.46196864, -0.93662599,  5.37004117, 10.02902529,\n         5.17728976]]), array([0.1725897, 0.1725897, 0.1725897, 0.1725897, 0.1725897, 0.1725897,\n       0.1725897]))", "callback": [0.8570976080700687, 0.5971750865474572, 0.4357901884324019, 0.3380586711915108, 0.314123454626838, 0.3115136206038669, 0.3017997575579693, 0.28995258871827945, 0.253425717181756, 0.24379509037139324, 0.23775076496746284, 0.23565305300469352, 0.2347827406703813, 0.23428902453834488, 0.23408176619893695, 0.234008502793289, 0.23384776460956425, 0.2334288686499868, 0.2329511281822766, 0.2306942891942413, 0.22513970716026466, 0.22033950357330423, 0.21304410129084128, 0.2041467309224576, 0.18596784558776425, 0.17784435267097698, 0.17488421840119373, 0.17323316553594625, 0.1727899056108071, 0.1726841466711413, 0.1726447750397495, 0.17261019292952062, 0.17260667779659633, 0.17259412947057629, 0.17259234726928296, 0.1725914088653422, 0.17258994989124832, 0.17258984836942093, 0.1725897344448062, 0.17258971696725667, 0.17258970889228187, 0.17258970583200162, 0.1725897043233019, 0.17258970369483573, 0.17258970326342027, 0.17258970301830912, 0.17258970291313358, 0.17258970283028174, 0.17258970276057606, 0.17258970274899021, 0.1725897027465293, 0.17258970274636898, 0.17258970274633234, 0.17258970274632723, 0.17258970274632557, 0.172589702746325, 0.17258970274632468, 0.17258970274632457, 0.17258970274632457, 0.17258970274632457]}}, "bfgs": {"type": "gradient", "0": {"maxiter": 100, "gtol": 1e-05, "xrtol": 1e-05, "eps": 1e-05, "duration": 0.0669248104095459, "fun": "0.17258970285462394", "jac": "[-5.21360732e-08 -1.97528660e-06  1.96848093e-06 -4.98090458e-07\n -3.48083784e-06 -8.06599232e-07]", "hess_inv": "[[ 6.45053096  0.83049104  0.70652482  5.87929533  0.82241396 -4.33096564]\n [ 0.83049104  4.83291657  3.91296589  0.45984316  0.08308264  1.55062272]\n [ 0.70652482  3.91296589  6.82519599  0.99527411 -0.20368572  2.85767495]\n [ 5.87929533  0.45984316  0.99527411 13.72405233  0.64341055 -5.71113775]\n [ 0.82241396  0.08308264 -0.20368572  0.64341055  3.50735551 -2.64855063]\n [-4.33096564  1.55062272  2.85767495 -5.71113775 -2.64855063  9.1391813 ]]", "nfev": "210", "njev": "30", "status": "0", "success": "True", "message": "Optimization terminated successfully.", "x": "[ 1.96671346  3.46194474 -0.93664659  7.1963125   6.8874154   2.03569798]", "nit": "26", "callback": [0.6766768095881128, 0.6362820507177336, 0.6088223656929587, 0.5580870376012897, 0.4700125614492551, 0.3336352787136099, 0.28065004550305894, 0.23118402529270132, 0.19894446946034916, 0.18645070290228172, 0.1809534155205843, 0.17871622503370477, 0.17571414683662345, 0.1744327561495942, 0.17375243086782655, 0.17328332932970925, 0.1728761333105564, 0.17272793372570994, 0.17269874348594627, 0.1726757890376217, 0.17264070510973362, 0.17260539568078415, 0.17259193594883493, 0.17258981717739041, 0.1725897059819348, 0.17258970285462394]}, "1": {"maxiter": 100, "gtol": 1e-05, "xrtol": 1e-05, "eps": 1e-10, "duration": 0.07080507278442383, "fun": "0.17258970278028585", "jac": "[ 0.00000000e+00 -1.11022293e-06  2.22044587e-06 -2.22044587e-06\n -1.11022293e-06 -2.22044587e-06]", "hess_inv": "[[ 6.37548205  0.82957456  0.68154531  5.7513305   0.80373637 -4.22791219]\n [ 0.82957456  4.84722183  3.92214741  0.47635612  0.08157411  1.58115492]\n [ 0.68154531  3.92214741  6.8262192   0.9714625  -0.21300523  2.91386229]\n [ 5.7513305   0.47635612  0.9714625  13.51739674  0.59930988 -5.49502168]\n [ 0.80373637  0.08157411 -0.21300523  0.59930988  3.50410603 -2.62812164]\n [-4.22791219  1.58115492  2.91386229 -5.49502168 -2.62812164  9.05890306]]", "nfev": "210", "njev": "30", "status": "0", "success": "True", "message": "Optimization terminated successfully.", "x": "[ 1.96672507  3.46197302 -0.93661552  7.19631237  6.88742438  2.03570748]", "nit": "26", "callback": [0.6766771108301786, 0.6362822459279558, 0.6088226763653044, 0.5580875026977186, 0.470013772048092, 0.3336367254401581, 0.28064863534872675, 0.2311820510714938, 0.19894530704331825, 0.18645149579037612, 0.1809549678136093, 0.17871796733935286, 0.1757156953800838, 0.17443359402225878, 0.1737531943505961, 0.1732832894656957, 0.17287664943280756, 0.17272791019673295, 0.17269877582329274, 0.17267580847920994, 0.17264075826801317, 0.1726054607923717, 0.17259194022417423, 0.17258981841949872, 0.17258970557876996, 0.17258970278028585]}, "2": {"maxiter": 100, "gtol": 1e-05, "xrtol": 1e-10, "eps": 1e-05, "duration": 0.07404303550720215, "fun": "0.17258970285462394", "jac": "[-5.21360732e-08 -1.97528660e-06  1.96848093e-06 -4.98090458e-07\n -3.48083784e-06 -8.06599232e-07]", "hess_inv": "[[ 6.45053096  0.83049104  0.70652482  5.87929533  0.82241396 -4.33096564]\n [ 0.83049104  4.83291657  3.91296589  0.45984316  0.08308264  1.55062272]\n [ 0.70652482  3.91296589  6.82519599  0.99527411 -0.20368572  2.85767495]\n [ 5.87929533  0.45984316  0.99527411 13.72405233  0.64341055 -5.71113775]\n [ 0.82241396  0.08308264 -0.20368572  0.64341055  3.50735551 -2.64855063]\n [-4.33096564  1.55062272  2.85767495 -5.71113775 -2.64855063  9.1391813 ]]", "nfev": "210", "njev": "30", "status": "0", "success": "True", "message": "Optimization terminated successfully.", "x": "[ 1.96671346  3.46194474 -0.93664659  7.1963125   6.8874154   2.03569798]", "nit": "26", "callback": [0.6766768095881128, 0.6362820507177336, 0.6088223656929587, 0.5580870376012897, 0.4700125614492551, 0.3336352787136099, 0.28065004550305894, 0.23118402529270132, 0.19894446946034916, 0.18645070290228172, 0.1809534155205843, 0.17871622503370477, 0.17571414683662345, 0.1744327561495942, 0.17375243086782655, 0.17328332932970925, 0.1728761333105564, 0.17272793372570994, 0.17269874348594627, 0.1726757890376217, 0.17264070510973362, 0.17260539568078415, 0.17259193594883493, 0.17258981717739041, 0.1725897059819348, 0.17258970285462394]}, "3": {"maxiter": 100, "gtol": 1e-05, "xrtol": 1e-10, "eps": 1e-10, "duration": 0.07754993438720703, "fun": "0.17258970278028585", "jac": "[ 0.00000000e+00 -1.11022293e-06  2.22044587e-06 -2.22044587e-06\n -1.11022293e-06 -2.22044587e-06]", "hess_inv": "[[ 6.37548205  0.82957456  0.68154531  5.7513305   0.80373637 -4.22791219]\n [ 0.82957456  4.84722183  3.92214741  0.47635612  0.08157411  1.58115492]\n [ 0.68154531  3.92214741  6.8262192   0.9714625  -0.21300523  2.91386229]\n [ 5.7513305   0.47635612  0.9714625  13.51739674  0.59930988 -5.49502168]\n [ 0.80373637  0.08157411 -0.21300523  0.59930988  3.50410603 -2.62812164]\n [-4.22791219  1.58115492  2.91386229 -5.49502168 -2.62812164  9.05890306]]", "nfev": "210", "njev": "30", "status": "0", "success": "True", "message": "Optimization terminated successfully.", "x": "[ 1.96672507  3.46197302 -0.93661552  7.19631237  6.88742438  2.03570748]", "nit": "26", "callback": [0.6766771108301786, 0.6362822459279558, 0.6088226763653044, 0.5580875026977186, 0.470013772048092, 0.3336367254401581, 0.28064863534872675, 0.2311820510714938, 0.19894530704331825, 0.18645149579037612, 0.1809549678136093, 0.17871796733935286, 0.1757156953800838, 0.17443359402225878, 0.1737531943505961, 0.1732832894656957, 0.17287664943280756, 0.17272791019673295, 0.17269877582329274, 0.17267580847920994, 0.17264075826801317, 0.1726054607923717, 0.17259194022417423, 0.17258981841949872, 0.17258970557876996, 0.17258970278028585]}, "4": {"maxiter": 100, "gtol": 1e-10, "xrtol": 1e-05, "eps": 1e-05, "duration": 0.07863974571228027, "fun": "0.17258970280821184", "jac": "[ 2.28173036e-07 -3.29758443e-07  2.92532665e-07 -3.72146758e-08\n -2.95485858e-07 -8.84292639e-08]", "hess_inv": "[[ 6.44975616  0.90998711  0.65088943  5.8843106   0.98757557 -4.3722054 ]\n [ 0.90998711  4.81927781  3.89481588  0.55396275  0.14730516  1.40590522]\n [ 0.65088943  3.89481588  6.85737493  0.92733416 -0.30648626  2.97383912]\n [ 5.8843106   0.55396275  0.92733416 13.73709018  0.84587307 -5.77131056]\n [ 0.98757557  0.14730516 -0.30648626  0.84587307  3.83413697 -2.99895822]\n [-4.3722054   1.40590522  2.97383912 -5.77131056 -2.99895822  9.29582998]]", "nfev": "217", "njev": "31", "status": "0", "success": "True", "message": "Optimization terminated successfully.", "x": "[ 1.96671716  3.46194856 -0.93665057  7.19631721  6.88742769  2.03568886]", "nit": "27", "callback": [0.6766768095881128, 0.6362820507177336, 0.6088223656929587, 0.5580870376012897, 0.4700125614492551, 0.3336352787136099, 0.28065004550305894, 0.23118402529270132, 0.19894446946034916, 0.18645070290228172, 0.1809534155205843, 0.17871622503370477, 0.17571414683662345, 0.1744327561495942, 0.17375243086782655, 0.17328332932970925, 0.1728761333105564, 0.17272793372570994, 0.17269874348594627, 0.1726757890376217, 0.17264070510973362, 0.17260539568078415, 0.17259193594883493, 0.17258981717739041, 0.1725897059819348, 0.17258970285462394, 0.17258970280821184]}, "5": {"maxiter": 100, "gtol": 1e-10, "xrtol": 1e-05, "eps": 1e-10, "duration": 0.07787275314331055, "fun": "0.17258970276509578", "jac": "[ 2.22044587e-06  2.22044587e-06  2.22044587e-06  0.00000000e+00\n -2.22044587e-06  2.22044587e-06]", "hess_inv": "[[ 6.52087162  0.83196613  0.5967374   6.11628989  0.90321689 -4.4085079 ]\n [ 0.83196613  4.83807558  3.92265981  0.42739673  0.10178754  1.54309839]\n [ 0.5967374   3.92265981  6.87529283  0.76998958 -0.27489134  3.02649226]\n [ 6.11628989  0.42739673  0.76998958 14.10464995  0.96018478 -6.15829508]\n [ 0.90321689  0.10178754 -0.27489134  0.96018478  3.53460364 -2.68073348]\n [-4.4085079   1.54309839  3.02649226 -6.15829508 -2.68073348  9.14921415]]", "nfev": "224", "njev": "32", "status": "0", "success": "True", "message": "Optimization terminated successfully.", "x": "[ 1.96672718  3.46197357 -0.93661686  7.19632077  6.88742478  2.03570683]", "nit": "27", "callback": [0.6766771108301786, 0.6362822459279558, 0.6088226763653044, 0.5580875026977186, 0.470013772048092, 0.3336367254401581, 0.28064863534872675, 0.2311820510714938, 0.19894530704331825, 0.18645149579037612, 0.1809549678136093, 0.17871796733935286, 0.1757156953800838, 0.17443359402225878, 0.1737531943505961, 0.1732832894656957, 0.17287664943280756, 0.17272791019673295, 0.17269877582329274, 0.17267580847920994, 0.17264075826801317, 0.1726054607923717, 0.17259194022417423, 0.17258981841949872, 0.17258970557876996, 0.17258970278028585, 0.17258970276509578]}, "6": {"maxiter": 100, "gtol": 1e-10, "xrtol": 1e-10, "eps": 1e-05, "duration": 0.15744400024414062, "fun": "0.17258970280814379", "jac": "[ 1.78523862e-07 -2.44593235e-07  2.15405471e-07 -2.66120459e-08\n -2.11641815e-07 -6.02073946e-08]", "hess_inv": "[[ 6.85298585  0.74188403  0.99011947  6.20452105  0.49953562 -4.24615451]\n [ 0.74188403  4.83521699  3.81925134  0.40618675  0.19047263  1.44562966]\n [ 0.99011947  3.81925134  7.04237149  1.22703231 -0.49004195  2.92668433]\n [ 6.20452105  0.40618675  1.22703231 13.97935426  0.39558806 -5.62074518]\n [ 0.49953562  0.19047263 -0.49004195  0.39558806  3.89963392 -2.8136246 ]\n [-4.24615451  1.44562966  2.92668433 -5.62074518 -2.8136246   9.09526407]]", "nfev": "465", "njev": "65", "status": "2", "success": "False", "message": "Desired error not necessarily achieved due to precision loss.", "x": "[ 1.96671679  3.4619487  -0.93665078  7.19631686  6.88742798  2.03568893]", "nit": "28", "callback": [0.6766768095881128, 0.6362820507177336, 0.6088223656929587, 0.5580870376012897, 0.4700125614492551, 0.3336352787136099, 0.28065004550305894, 0.23118402529270132, 0.19894446946034916, 0.18645070290228172, 0.1809534155205843, 0.17871622503370477, 0.17571414683662345, 0.1744327561495942, 0.17375243086782655, 0.17328332932970925, 0.1728761333105564, 0.17272793372570994, 0.17269874348594627, 0.1726757890376217, 0.17264070510973362, 0.17260539568078415, 0.17259193594883493, 0.17258981717739041, 0.1725897059819348, 0.17258970285462394, 0.17258970280821184, 0.17258970280814379]}, "7": {"maxiter": 100, "gtol": 1e-10, "xrtol": 1e-10, "eps": 1e-10, "duration": 0.09888005256652832, "fun": "0.17258970275075314", "jac": "[1.11022293e-06 2.22044587e-06 1.11022293e-06 2.22044587e-06\n 0.00000000e+00 1.11022293e-06]", "hess_inv": "[[ 7.15169539e+00 -4.15456801e-01 -5.91540476e-01  5.03453585e+00\n  -9.31634295e-01 -5.41961079e+00]\n [-4.15456801e-01  1.14787953e+00 -2.77270101e-01 -2.01827575e-01\n  -1.15495042e-02 -5.12241559e-01]\n [-5.91540476e-01 -2.77270101e-01  2.07105285e+00 -3.62932613e-01\n  -3.84919386e-01  2.25439066e-01]\n [ 5.03453585e+00 -2.01827575e-01 -3.62932613e-01  1.46304509e+01\n   3.33787288e+00 -7.00533759e+00]\n [-9.31634295e-01 -1.15495042e-02 -3.84919386e-01  3.33787288e+00\n   4.49854917e+00 -2.75357761e-01]\n [-5.41961079e+00 -5.12241559e-01  2.25439066e-01 -7.00533759e+00\n  -2.75357761e-01  6.34892407e+00]]", "nfev": "301", "njev": "43", "status": "0", "success": "True", "message": "Optimization terminated successfully.", "x": "[ 1.96672873  3.46197215 -0.93662251  7.19633354  6.88743026  2.03570202]", "nit": "30", "callback": [0.6766771108301786, 0.6362822459279558, 0.6088226763653044, 0.5580875026977186, 0.470013772048092, 0.3336367254401581, 0.28064863534872675, 0.2311820510714938, 0.19894530704331825, 0.18645149579037612, 0.1809549678136093, 0.17871796733935286, 0.1757156953800838, 0.17443359402225878, 0.1737531943505961, 0.1732832894656957, 0.17287664943280756, 0.17272791019673295, 0.17269877582329274, 0.17267580847920994, 0.17264075826801317, 0.1726054607923717, 0.17259194022417423, 0.17258981841949872, 0.17258970557876996, 0.17258970278028585, 0.17258970276509578, 0.1725897027523836, 0.17258970275075325, 0.17258970275075314]}, "8": {"maxiter": 500, "gtol": 1e-05, "xrtol": 1e-05, "eps": 1e-05, "duration": 0.06446313858032227, "fun": "0.17258970285462394", "jac": "[-5.21360732e-08 -1.97528660e-06  1.96848093e-06 -4.98090458e-07\n -3.48083784e-06 -8.06599232e-07]", "hess_inv": "[[ 6.45053096  0.83049104  0.70652482  5.87929533  0.82241396 -4.33096564]\n [ 0.83049104  4.83291657  3.91296589  0.45984316  0.08308264  1.55062272]\n [ 0.70652482  3.91296589  6.82519599  0.99527411 -0.20368572  2.85767495]\n [ 5.87929533  0.45984316  0.99527411 13.72405233  0.64341055 -5.71113775]\n [ 0.82241396  0.08308264 -0.20368572  0.64341055  3.50735551 -2.64855063]\n [-4.33096564  1.55062272  2.85767495 -5.71113775 -2.64855063  9.1391813 ]]", "nfev": "210", "njev": "30", "status": "0", "success": "True", "message": "Optimization terminated successfully.", "x": "[ 1.96671346  3.46194474 -0.93664659  7.1963125   6.8874154   2.03569798]", "nit": "26", "callback": [0.6766768095881128, 0.6362820507177336, 0.6088223656929587, 0.5580870376012897, 0.4700125614492551, 0.3336352787136099, 0.28065004550305894, 0.23118402529270132, 0.19894446946034916, 0.18645070290228172, 0.1809534155205843, 0.17871622503370477, 0.17571414683662345, 0.1744327561495942, 0.17375243086782655, 0.17328332932970925, 0.1728761333105564, 0.17272793372570994, 0.17269874348594627, 0.1726757890376217, 0.17264070510973362, 0.17260539568078415, 0.17259193594883493, 0.17258981717739041, 0.1725897059819348, 0.17258970285462394]}, "9": {"maxiter": 500, "gtol": 1e-05, "xrtol": 1e-05, "eps": 1e-10, "duration": 0.07153105735778809, "fun": "0.17258970278028585", "jac": "[ 0.00000000e+00 -1.11022293e-06  2.22044587e-06 -2.22044587e-06\n -1.11022293e-06 -2.22044587e-06]", "hess_inv": "[[ 6.37548205  0.82957456  0.68154531  5.7513305   0.80373637 -4.22791219]\n [ 0.82957456  4.84722183  3.92214741  0.47635612  0.08157411  1.58115492]\n [ 0.68154531  3.92214741  6.8262192   0.9714625  -0.21300523  2.91386229]\n [ 5.7513305   0.47635612  0.9714625  13.51739674  0.59930988 -5.49502168]\n [ 0.80373637  0.08157411 -0.21300523  0.59930988  3.50410603 -2.62812164]\n [-4.22791219  1.58115492  2.91386229 -5.49502168 -2.62812164  9.05890306]]", "nfev": "210", "njev": "30", "status": "0", "success": "True", "message": "Optimization terminated successfully.", "x": "[ 1.96672507  3.46197302 -0.93661552  7.19631237  6.88742438  2.03570748]", "nit": "26", "callback": [0.6766771108301786, 0.6362822459279558, 0.6088226763653044, 0.5580875026977186, 0.470013772048092, 0.3336367254401581, 0.28064863534872675, 0.2311820510714938, 0.19894530704331825, 0.18645149579037612, 0.1809549678136093, 0.17871796733935286, 0.1757156953800838, 0.17443359402225878, 0.1737531943505961, 0.1732832894656957, 0.17287664943280756, 0.17272791019673295, 0.17269877582329274, 0.17267580847920994, 0.17264075826801317, 0.1726054607923717, 0.17259194022417423, 0.17258981841949872, 0.17258970557876996, 0.17258970278028585]}, "10": {"maxiter": 500, "gtol": 1e-05, "xrtol": 1e-10, "eps": 1e-05, "duration": 0.06643199920654297, "fun": "0.17258970285462394", "jac": "[-5.21360732e-08 -1.97528660e-06  1.96848093e-06 -4.98090458e-07\n -3.48083784e-06 -8.06599232e-07]", "hess_inv": "[[ 6.45053096  0.83049104  0.70652482  5.87929533  0.82241396 -4.33096564]\n [ 0.83049104  4.83291657  3.91296589  0.45984316  0.08308264  1.55062272]\n [ 0.70652482  3.91296589  6.82519599  0.99527411 -0.20368572  2.85767495]\n [ 5