{"date": "2024/10/08/, 14:55:53", "conf_id": 6, "data_type": "random\n", "num_data_points": 1, "s_rank": 0, "unitary": "[[-0.56303964-0.00798273j,-0.21670212-0.15784972j,-0.06047197-0.73952673j,-0.01438004+0.24552571j],[-0.06976756+0.23474685j,-0.01275565-0.5435098j,-0.02703657-0.08917885j,-0.08210486-0.79311774j],[-0.38559961+0.10714929j,0.5933431-0.2687392j,-0.24060861+0.29149289j,-0.45147719+0.26241743j],[-0.50180421+0.45931857j,-0.11617175+0.44134496j,0.49642745+0.22684508j,-0.08544628-0.15407063j]]", "databatch_0": {"databatch": "[[[0.11096773-0.07836851j,-0.19388433+0.09069114j,0.08827422-0.08731563j,0.1920038+0.10781195j],[0.07523734-0.21089263j,-0.17451617+0.34913665j,-0.04069336-0.16236217j,0.29306809-0.20220965j],[0.03763085+0.15366371j,-0.11536663-0.22454734j,-0.07401196-0.02583415j,0.15126961-0.08239015j],[0.23619754-0.05822173j,-0.25955159+0.15063308j,0.08449099+0.24417336j,-0.41708822+0.00241639j]]]", "initial param values": "[0.70561596,1.80018101,6.19413225,0.90601517,0.40376089,3.44976782]", "nelder_mead": {"type": "gradient-free", "0": {"maxiter": 100, "fatol": 1e-05, "xatol": 1e-05, "duration": 0.07356595993041992, "fun": "0.18483696411392658", "nit": "100", "nfev": "165", "status": "2", "success": "False", "message": "Maximum number of iterations has been exceeded.", "x": "[0.52360128 2.05191366 4.4651995  0.87073777 0.36445267 5.7779313 ]", "final_simplex": "(array([[0.52360128, 2.05191366, 4.4651995 , 0.87073777, 0.36445267,\n        5.7779313 ],\n       [0.5183181 , 2.04103551, 4.44924848, 0.868302  , 0.36684444,\n        5.78884588],\n       [0.51318344, 2.07794392, 4.43775594, 0.86449441, 0.37069873,\n        5.77145684],\n       [0.52218842, 2.05148241, 4.46574093, 0.87010711, 0.36255498,\n        5.79457756],\n       [0.51626851, 2.07097346, 4.43901495, 0.86650319, 0.36659341,\n        5.79948608],\n       [0.51636355, 2.07979107, 4.41577181, 0.8633794 , 0.37063307,\n        5.77627539],\n       [0.52344247, 2.03996912, 4.45489171, 0.87303058, 0.36122428,\n        5.80144454]]), array([0.18483696, 0.18485882, 0.18489133, 0.18490129, 0.18493749,\n       0.18497338, 0.18506435]))", "callback": [0.8056835794496504, 0.5791842875994474, 0.4184577786460846, 0.19939288519703502, 0.19461901617038668, 0.1917343710005892, 0.18868395078322298, 0.18716350947981653, 0.18532434354180738, 0.18497338102186256]}, "1": {"maxiter": 100, "fatol": 1e-05, "xatol": 1e-10, "duration": 0.06815981864929199, "fun": "0.18483696411392658", "nit": "100", "nfev": "165", "status": "2", "success": "False", "message": "Maximum number of iterations has been exceeded.", "x": "[0.52360128 2.05191366 4.4651995  0.87073777 0.36445267 5.7779313 ]", "final_simplex": "(array([[0.52360128, 2.05191366, 4.4651995 , 0.87073777, 0.36445267,\n        5.7779313 ],\n       [0.5183181 , 2.04103551, 4.44924848, 0.868302  , 0.36684444,\n        5.78884588],\n       [0.51318344, 2.07794392, 4.43775594, 0.86449441, 0.37069873,\n        5.77145684],\n       [0.52218842, 2.05148241, 4.46574093, 0.87010711, 0.36255498,\n        5.79457756],\n       [0.51626851, 2.07097346, 4.43901495, 0.86650319, 0.36659341,\n        5.79948608],\n       [0.51636355, 2.07979107, 4.41577181, 0.8633794 , 0.37063307,\n        5.77627539],\n       [0.52344247, 2.03996912, 4.45489171, 0.87303058, 0.36122428,\n        5.80144454]]), array([0.18483696, 0.18485882, 0.18489133, 0.18490129, 0.18493749,\n       0.18497338, 0.18506435]))", "callback": [0.8056835794496504, 0.5791842875994474, 0.4184577786460846, 0.19939288519703502, 0.19461901617038668, 0.1917343710005892, 0.18868395078322298, 0.18716350947981653, 0.18532434354180738, 0.18497338102186256]}, "2": {"maxiter": 100, "fatol": 1e-10, "xatol": 1e-05, "duration": 0.06937599182128906, "fun": "0.18483696411392658", "nit": "100", "nfev": "165", "status": "2", "success": "False", "message": "Maximum number of iterations has been exceeded.", "x": "[0.52360128 2.05191366 4.4651995  0.87073777 0.36445267 5.7779313 ]", "final_simplex": "(array([[0.52360128, 2.05191366, 4.4651995 , 0.87073777, 0.36445267,\n        5.7779313 ],\n       [0.5183181 , 2.04103551, 4.44924848, 0.868302  , 0.36684444,\n        5.78884588],\n       [0.51318344, 2.07794392, 4.43775594, 0.86449441, 0.37069873,\n        5.77145684],\n       [0.52218842, 2.05148241, 4.46574093, 0.87010711, 0.36255498,\n        5.79457756],\n       [0.51626851, 2.07097346, 4.43901495, 0.86650319, 0.36659341,\n        5.79948608],\n       [0.51636355, 2.07979107, 4.41577181, 0.8633794 , 0.37063307,\n        5.77627539],\n       [0.52344247, 2.03996912, 4.45489171, 0.87303058, 0.36122428,\n        5.80144454]]), array([0.18483696, 0.18485882, 0.18489133, 0.18490129, 0.18493749,\n       0.18497338, 0.18506435]))", "callback": [0.8056835794496504, 0.5791842875994474, 0.4184577786460846, 0.19939288519703502, 0.19461901617038668, 0.1917343710005892, 0.18868395078322298, 0.18716350947981653, 0.18532434354180738, 0.18497338102186256]}, "3": {"maxiter": 100, "fatol": 1e-10, "xatol": 1e-10, "duration": 0.06666326522827148, "fun": "0.18483696411392658", "nit": "100", "nfev": "165", "status": "2", "success": "False", "message": "Maximum number of iterations has been exceeded.", "x": "[0.52360128 2.05191366 4.4651995  0.87073777 0.36445267 5.7779313 ]", "final_simplex": "(array([[0.52360128, 2.05191366, 4.4651995 , 0.87073777, 0.36445267,\n        5.7779313 ],\n       [0.5183181 , 2.04103551, 4.44924848, 0.868302  , 0.36684444,\n        5.78884588],\n       [0.51318344, 2.07794392, 4.43775594, 0.86449441, 0.37069873,\n        5.77145684],\n       [0.52218842, 2.05148241, 4.46574093, 0.87010711, 0.36255498,\n        5.79457756],\n       [0.51626851, 2.07097346, 4.43901495, 0.86650319, 0.36659341,\n        5.79948608],\n       [0.51636355, 2.07979107, 4.41577181, 0.8633794 , 0.37063307,\n        5.77627539],\n       [0.52344247, 2.03996912, 4.45489171, 0.87303058, 0.36122428,\n        5.80144454]]), array([0.18483696, 0.18485882, 0.18489133, 0.18490129, 0.18493749,\n       0.18497338, 0.18506435]))", "callback": [0.8056835794496504, 0.5791842875994474, 0.4184577786460846, 0.19939288519703502, 0.19461901617038668, 0.1917343710005892, 0.18868395078322298, 0.18716350947981653, 0.18532434354180738, 0.18497338102186256]}, "4": {"maxiter": 500, "fatol": 1e-05, "xatol": 1e-05, "duration": 0.22104382514953613, "fun": "0.16644085849503942", "nit": "438", "nfev": "694", "status": "0", "success": "True", "message": "Optimization terminated successfully.", "x": "[0.62356967 1.52893305 5.07707581 1.01172714 0.86253204 5.41051311]", "final_simplex": "(array([[0.62356967, 1.52893305, 5.07707581, 1.01172714, 0.86253204,\n        5.41051311],\n       [0.6235691 , 1.52894036, 5.07707132, 1.01172014, 0.86253225,\n        5.41050872],\n       [0.6235662 , 1.5289278 , 5.07708311, 1.01172658, 0.8625367 ,\n        5.41051426],\n       [0.62356849, 1.52893947, 5.07707499, 1.01172308, 0.86253097,\n        5.4105202 ],\n       [0.62356445, 1.5289387 , 5.07707249, 1.01172534, 0.86252795,\n        5.41051874],\n       [0.62356787, 1.52894245, 5.0770685 , 1.01172008, 0.86253591,\n        5.4105141 ],\n       [0.62357075, 1.52893329, 5.07708152, 1.01172881, 0.86253605,\n        5.41051339]]), array([0.16644086, 0.16644086, 0.16644086, 0.16644086, 0.16644086,\n       0.16644086, 0.16644086]))", "callback": [0.8056835794496504, 0.5791842875994474, 0.4184577786460846, 0.19939288519703502, 0.19461901617038668, 0.1917343710005892, 0.18868395078322298, 0.18716350947981653, 0.18532434354180738, 0.18497338102186256, 0.18481380479455245, 0.18462157162145187, 0.18407514439378825, 0.18325836428886322, 0.1825351545075269, 0.18237126830752337, 0.18182786697773157, 0.18125507406215213, 0.17835136311084288, 0.17651894617896713, 0.17543815872887936, 0.17521982265424396, 0.1750327776160565, 0.1748198581663709, 0.17472409370904485, 0.17426262417027316, 0.1737952717377872, 0.17315831300719586, 0.17202449745097903, 0.16763583912825264, 0.16755657938565283, 0.16669767627357612, 0.16647440975920458, 0.1664473805249026, 0.16644387327752186, 0.1664417395454446, 0.16644109425992126, 0.16644094727829994, 0.16644089127321915, 0.16644086553694915, 0.1664408596158281, 0.1664408586658941, 0.16644085851759716, 0.16644085849527201]}, "5": {"maxiter": 500, "fatol": 1e-05, "xatol": 1e-10, "duration": 0.24015378952026367, "fun": "0.16644085848641843", "nit": "500", "nfev": "796", "status": "2", "success": "False", "message": "Maximum number of iterations has been exceeded.", "x": "[0.62356871 1.5289327  5.07707731 1.0117209  0.86253205 5.41051354]", "final_simplex": "(array([[0.62356871, 1.5289327 , 5.07707731, 1.0117209 , 0.86253205,\n        5.41051354],\n       [0.62356882, 1.52893252, 5.07707744, 1.01172078, 0.86253214,\n        5.41051345],\n       [0.62356873, 1.52893239, 5.07707755, 1.01172087, 0.86253209,\n        5.41051342],\n       [0.62356881, 1.5289326 , 5.07707728, 1.01172083, 0.86253203,\n        5.41051343],\n       [0.62356888, 1.52893227, 5.07707766, 1.01172095, 0.86253227,\n        5.41051327],\n       [0.62356882, 1.52893246, 5.07707738, 1.01172091, 0.86253215,\n        5.41051345],\n       [0.62356878, 1.5289325 , 5.07707757, 1.01172094, 0.86253197,\n        5.41051359]]), array([0.16644086, 0.16644086, 0.16644086, 0.16644086, 0.16644086,\n       0.16644086, 0.16644086]))", "callback": [0.8056835794496504, 0.5791842875994474, 0.4184577786460846, 0.19939288519703502, 0.19461901617038668, 0.1917343710005892, 0.18868395078322298, 0.18716350947981653, 0.18532434354180738, 0.18497338102186256, 0.18481380479455245, 0.18462157162145187, 0.18407514439378825, 0.18325836428886322, 0.1825351545075269, 0.18237126830752337, 0.18182786697773157, 0.18125507406215213, 0.17835136311084288, 0.17651894617896713, 0.17543815872887936, 0.17521982265424396, 0.1750327776160565, 0.1748198581663709, 0.17472409370904485, 0.17426262417027316, 0.1737952717377872, 0.17315831300719586, 0.17202449745097903, 0.16763583912825264, 0.16755657938565283, 0.16669767627357612, 0.16647440975920458, 0.1664473805249026, 0.16644387327752186, 0.1664417395454446, 0.16644109425992126, 0.16644094727829994, 0.16644089127321915, 0.16644086553694915, 0.1664408596158281, 0.1664408586658941, 0.16644085851759716, 0.16644085849527201, 0.1664408584876651, 0.1664408584876651, 0.16644085848670231, 0.16644085848653645, 0.16644085848645251, 0.16644085848641987]}, "6": {"maxiter": 500, "fatol": 1e-10, "xatol": 1e-05, "duration": 0.20717501640319824, "fun": "0.16644085849503942", "nit": "438", "nfev": "694", "status": "0", "success": "True", "message": "Optimization terminated successfully.", "x": "[0.62356967 1.52893305 5.07707581 1.01172714 0.86253204 5.41051311]", "final_simplex": "(array([[0.62356967, 1.52893305, 5.07707581, 1.01172714, 0.86253204,\n        5.41051311],\n       [0.6235691 , 1.52894036, 5.07707132, 1.01172014, 0.86253225,\n        5.41050872],\n       [0.6235662 , 1.5289278 , 5.07708311, 1.01172658, 0.8625367 ,\n        5.41051426],\n       [0.62356849, 1.52893947, 5.07707499, 1.01172308, 0.86253097,\n        5.4105202 ],\n       [0.62356445, 1.5289387 , 5.07707249, 1.01172534, 0.86252795,\n        5.41051874],\n       [0.62356787, 1.52894245, 5.0770685 , 1.01172008, 0.86253591,\n        5.4105141 ],\n       [0.62357075, 1.52893329, 5.07708152, 1.01172881, 0.86253605,\n        5.41051339]]), array([0.16644086, 0.16644086, 0.16644086, 0.16644086, 0.16644086,\n       0.16644086, 0.16644086]))", "callback": [0.8056835794496504, 0.5791842875994474, 0.4184577786460846, 0.19939288519703502, 0.19461901617038668, 0.1917343710005892, 0.18868395078322298, 0.18716350947981653, 0.18532434354180738, 0.18497338102186256, 0.18481380479455245, 0.18462157162145187, 0.18407514439378825, 0.18325836428886322, 0.1825351545075269, 0.18237126830752337, 0.18182786697773157, 0.18125507406215213, 0.17835136311084288, 0.17651894617896713, 0.17543815872887936, 0.17521982265424396, 0.1750327776160565, 0.1748198581663709, 0.17472409370904485, 0.17426262417027316, 0.1737952717377872, 0.17315831300719586, 0.17202449745097903, 0.16763583912825264, 0.16755657938565283, 0.16669767627357612, 0.16647440975920458, 0.1664473805249026, 0.16644387327752186, 0.1664417395454446, 0.16644109425992126, 0.16644094727829994, 0.16644089127321915, 0.16644086553694915, 0.1664408596158281, 0.1664408586658941, 0.16644085851759716, 0.16644085849527201]}, "7": {"maxiter": 500, "fatol": 1e-10, "xatol": 1e-10, "duration": 0.26250219345092773, "fun": "0.16644085848641843", "nit": "500", "nfev": "796", "status": "2", "success": "False", "message": "Maximum number of iterations has been exceeded.", "x": "[0.62356871 1.5289327  5.07707731 1.0117209  0.86253205 5.41051354]", "final_simplex": "(array([[0.62356871, 1.5289327 , 5.07707731, 1.0117209 , 0.86253205,\n        5.41051354],\n       [0.62356882, 1.52893252, 5.07707744, 1.01172078, 0.86253214,\n        5.41051345],\n       [0.62356873, 1.52893239, 5.07707755, 1.01172087, 0.86253209,\n        5.41051342],\n       [0.62356881, 1.5289326 , 5.07707728, 1.01172083, 0.86253203,\n        5.41051343],\n       [0.62356888, 1.52893227, 5.07707766, 1.01172095, 0.86253227,\n        5.41051327],\n       [0.62356882, 1.52893246, 5.07707738, 1.01172091, 0.86253215,\n        5.41051345],\n       [0.62356878, 1.5289325 , 5.07707757, 1.01172094, 0.86253197,\n        5.41051359]]), array([0.16644086, 0.16644086, 0.16644086, 0.16644086, 0.16644086,\n       0.16644086, 0.16644086]))", "callback": [0.8056835794496504, 0.5791842875994474, 0.4184577786460846, 0.19939288519703502, 0.19461901617038668, 0.1917343710005892, 0.18868395078322298, 0.18716350947981653, 0.18532434354180738, 0.18497338102186256, 0.18481380479455245, 0.18462157162145187, 0.18407514439378825, 0.18325836428886322, 0.1825351545075269, 0.18237126830752337, 0.18182786697773157, 0.18125507406215213, 0.17835136311084288, 0.17651894617896713, 0.17543815872887936, 0.17521982265424396, 0.1750327776160565, 0.1748198581663709, 0.17472409370904485, 0.17426262417027316, 0.1737952717377872, 0.17315831300719586, 0.17202449745097903, 0.16763583912825264, 0.16755657938565283, 0.16669767627357612, 0.16647440975920458, 0.1664473805249026, 0.16644387327752186, 0.1664417395454446, 0.16644109425992126, 0.16644094727829994, 0.16644089127321915, 0.16644086553694915, 0.1664408596158281, 0.1664408586658941, 0.16644085851759716, 0.16644085849527201, 0.1664408584876651, 0.1664408584876651, 0.16644085848670231, 0.16644085848653645, 0.16644085848645251, 0.16644085848641987]}, "8": {"maxiter": 1000, "fatol": 1e-05, "xatol": 1e-05, "duration": 0.22665691375732422, "fun": "0.16644085849503942", "nit": "438", "nfev": "694", "status": "0", "success": "True", "message": "Optimization terminated successfully.", "x": "[0.62356967 1.52893305 5.07707581 1.01172714 0.86253204 5.41051311]", "final_simplex": "(array([[0.62356967, 1.52893305, 5.07707581, 1.01172714, 0.86253204,\n        5.41051311],\n       [0.6235691 , 1.52894036, 5.07707132, 1.01172014, 0.86253225,\n        5.41050872],\n       [0.6235662 , 1.5289278 , 5.07708311, 1.01172658, 0.8625367 ,\n        5.41051426],\n       [0.62356849, 1.52893947, 5.07707499, 1.01172308, 0.86253097,\n        5.4105202 ],\n       [0.62356445, 1.5289387 , 5.07707249, 1.01172534, 0.86252795,\n        5.41051874],\n       [0.62356787, 1.52894245, 5.0770685 , 1.01172008, 0.86253591,\n        5.4105141 ],\n       [0.62357075, 1.52893329, 5.07708152, 1.01172881, 0.86253605,\n        5.41051339]]), array([0.16644086, 0.16644086, 0.16644086, 0.16644086, 0.16644086,\n       0.16644086, 0.16644086]))", "callback": [0.8056835794496504, 0.5791842875994474, 0.4184577786460846, 0.19939288519703502, 0.19461901617038668, 0.1917343710005892, 0.18868395078322298, 0.18716350947981653, 0.18532434354180738, 0.18497338102186256, 0.18481380479455245, 0.18462157162145187, 0.18407514439378825, 0.18325836428886322, 0.1825351545075269, 0.18237126830752337, 0.18182786697773157, 0.18125507406215213, 0.17835136311084288, 0.17651894617896713, 0.17543815872887936, 0.17521982265424396, 0.1750327776160565, 0.1748198581663709, 0.17472409370904485, 0.17426262417027316, 0.1737952717377872, 0.17315831300719586, 0.17202449745097903, 0.16763583912825264, 0.16755657938565283, 0.16669767627357612, 0.16647440975920458, 0.1664473805249026, 0.16644387327752186, 0.1664417395454446, 0.16644109425992126, 0.16644094727829994, 0.16644089127321915, 0.16644086553694915, 0.1664408596158281, 0.1664408586658941, 0.16644085851759716, 0.16644085849527201]}, "9": {"maxiter": 1000, "fatol": 1e-05, "xatol": 1e-10, "duration": 0.3025319576263428, "fun": "0.16644085848641554", "nit": "545", "nfev": "925", "status": "0", "success": "True", "message": "Optimization terminated successfully.", "x": "[0.62356879 1.52893257 5.07707742 1.01172088 0.86253215 5.41051346]", "final_simplex": "(array([[0.62356879, 1.52893257, 5.07707742, 1.01172088, 0.86253215,\n        5.41051346],\n       [0.62356879, 1.52893257, 5.07707742, 1.01172088, 0.86253215,\n        5.41051346],\n       [0.62356879, 1.52893257, 5.07707742, 1.01172088, 0.86253215,\n        5.41051346],\n       [0.62356879, 1.52893257, 5.07707742, 1.01172088, 0.86253215,\n        5.41051346],\n       [0.62356879, 1.52893257, 5.07707742, 1.01172088, 0.86253215,\n        5.41051346],\n       [0.62356879, 1.52893257, 5.07707742, 1.01172088, 0.86253215,\n        5.41051346],\n       [0.62356879, 1.52893257, 5.07707742, 1.01172088, 0.86253215,\n        5.41051346]]), array([0.16644086, 0.16644086, 0.16644086, 0.16644086, 0.16644086,\n       0.16644086, 0.16644086]))", "callback": [0.8056835794496504, 0.5791842875994474, 0.4184577786460846, 0.19939288519703502, 0.19461901617038668, 0.1917343710005892, 0.18868395078322298, 0.18716350947981653, 0.18532434354180738, 0.18497338102186256, 0.18481380479455245, 0.18462157162145187, 0.18407514439378825, 0.18325836428886322, 0.1825351545075269, 0.18237126830752337, 0.18182786697773157, 0.18125507406215213, 0.17835136311084288, 0.17651894617896713, 0.17543815872887936, 0.17521982265424396, 0.1750327776160565, 0.1748198581663709, 0.17472409370904485, 0.17426262417027316, 0.1737952717377872, 0.17315831300719586, 0.17202449745097903, 0.16763583912825264, 0.16755657938565283, 0.16669767627357612, 0.16647440975920458, 0.1664473805249026, 0.16644387327752186, 0.1664417395454446, 0.16644109425992126, 0.16644094727829994, 0.16644089127321915, 0.16644086553694915, 0.1664408596158281, 0.1664408586658941, 0.16644085851759716, 0.16644085849527201, 0.1664408584876651, 0.1664408584876651, 0.16644085848670231, 0.16644085848653645, 0.16644085848645251, 0.16644085848641987, 0.16644085848641743, 0.1664408584864161, 0.16644085848641565, 0.16644085848641554, 0.16644085848641554]}, "10": {"maxiter": 1000, "fatol": 1e-10, "xatol": 1e-05, "duration": 0.21778202056884766, "fun": "0.16644085849503942", "nit": "438", "nfev": "694", "status": "0", "success": "True", "message": "Optimization terminated successfully.", "x": "[0.62356967 1.52893305 5.07707581 1.01172714 0.86253204 5.41051311]", "final_simplex": "(array([[0.62356967, 1.52893305, 5.07707581, 1.01172714, 0.86253204,\n        5.41051311],\n       [0.6235691 , 1.52894036, 5.07707132, 1.01172014, 0.86253225,\n        5.41050872],\n       [0.6235662 , 1.5289278 , 5.07708311, 1.01172658, 0.8625367 ,\n        5.41051426],\n       [0.62356849, 1.52893947, 5.07707499, 1.01172308, 0.86253097,\n        5.4105202 ],\n       [0.62356445, 1.5289387 , 5.07707249, 1.01172534, 0.86252795,\n        5.41051874],\n       [0.62356787, 1.52894245, 5.0770685 , 1.01172008, 0.86253591,\n        5.4105141 ],\n       [0.62357075, 1.52893329, 5.07708152, 1.01172881, 0.86253605,\n        5.41051339]]), array([0.16644086, 0.16644086, 0.16644086, 0.16644086, 0.16644086,\n       0.16644086, 0.16644086]))", "callback": [0.8056835794496504, 0.5791842875994474, 0.4184577786460846, 0.19939288519703502, 0.19461901617038668, 0.1917343710005892, 0.18868395078322298, 0.18716350947981653, 0.18532434354180738, 0.18497338102186256, 0.18481380479455245, 0.18462157162145187, 0.18407514439378825, 0.18325836428886322, 0.1825351545075269, 0.18237126830752337, 0.18182786697773157, 0.18125507406215213, 0.17835136311084288, 0.17651894617896713, 0.17543815872887936, 0.17521982265424396, 0.1750327776160565, 0.1748198581663709, 0.17472409370904485, 0.17426262417027316, 0.1737952717377872, 0.17315831300719586, 0.17202449745097903, 0.16763583912825264, 0.16755657938565283, 0.16669767627357612, 0.16647440975920458, 0.1664473805249026, 0.16644387327752186, 0.1664417395454446, 0.16644109425992126, 0.16644094727829994, 0.16644089127321915, 0.16644086553694915, 0.1664408596158281, 0.1664408586658941, 0.16644085851759716, 0.16644085849527201]}, "11": {"maxiter": 1000, "fatol": 1e-10, "xatol": 1e-10, "duration": 0.2696669101715088, "fun": "0.16644085848641554", "nit": "545", "nfev": "925", "status": "0", "success": "True", "message": "Optimization terminated successfully.", "x": "[0.62356879 1.52893257 5.07707742 1.01172088 0.86253215 5.41051346]", "final_simplex": "(array([[0.62356879, 1.52893257, 5.07707742, 1.01172088, 0.86253215,\n        5.41051346],\n       [0.62356879, 1.52893257, 5.07707742, 1.01172088, 0.86253215,\n        5.41051346],\n       [0.62356879, 1.52893257, 5.07707742, 1.01172088, 0.86253215,\n        5.41051346],\n       [0.62356879, 1.52893257, 5.07707742, 1.01172088, 0.86253215,\n        5.41051346],\n       [0.62356879, 1.52893257, 5.07707742, 1.01172088, 0.86253215,\n        5.41051346],\n       [0.62356879, 1.52893257, 5.07707742, 1.01172088, 0.86253215,\n        5.41051346],\n       [0.62356879, 1.52893257, 5.07707742, 1.01172088, 0.86253215,\n        5.41051346]]), array([0.16644086, 0.16644086, 0.16644086, 0.16644086, 0.16644086,\n       0.16644086, 0.16644086]))", "callback": [0.8056835794496504, 0.5791842875994474, 0.4184577786460846, 0.19939288519703502, 0.19461901617038668, 0.1917343710005892, 0.18868395078322298, 0.18716350947981653, 0.18532434354180738, 0.18497338102186256, 0.18481380479455245, 0.18462157162145187, 0.18407514439378825, 0.18325836428886322, 0.1825351545075269, 0.18237126830752337, 0.18182786697773157, 0.18125507406215213, 0.17835136311084288, 0.17651894617896713, 0.17543815872887936, 0.17521982265424396, 0.1750327776160565, 0.1748198581663709, 0.17472409370904485, 0.17426262417027316, 0.1737952717377872, 0.17315831300719586, 0.17202449745097903, 0.16763583912825264, 0.16755657938565283, 0.16669767627357612, 0.16647440975920458, 0.1664473805249026, 0.16644387327752186, 0.1664417395454446, 0.16644109425992126, 0.16644094727829994, 0.16644089127321915, 0.16644086553694915, 0.1664408596158281, 0.1664408586658941, 0.16644085851759716, 0.16644085849527201, 0.1664408584876651, 0.1664408584876651, 0.16644085848670231, 0.16644085848653645, 0.16644085848645251, 0.16644085848641987, 0.16644085848641743, 0.1664408584864161, 0.16644085848641565, 0.16644085848641554, 0.16644085848641554]}}, "bfgs": {"type": "gradient", "0": {"maxiter": 100, "gtol": 1e-05, "xrtol": 1e-05, "eps": 1e-05, "duration": 0.04897499084472656, "fun": "0.1664408586319328", "jac": "[-1.02309272e-06 -3.18720605e-06 -5.07984765e-06  3.26163541e-06\n -1.18769439e-06 -1.31016309e-06]", "hess_inv": "[[  2.82571587  -1.74922054   1.7303389    0.98207663   1.18769402\n   -0.79416494]\n [ -1.74922054  12.60370692 -11.76578004  -4.88086101  -3.20956246\n    2.8244293 ]\n [  1.7303389  -11.76578004  13.48357178   5.88204144   3.31472051\n   -2.92834336]\n [  0.98207663  -4.88086101   5.88204144   5.15477771   0.9692102\n   -0.28961877]\n [  1.18769402  -3.20956246   3.31472051   0.9692102    4.75503295\n   -3.09442069]\n [ -0.79416494   2.8244293   -2.92834336  -0.28961877  -3.09442069\n    5.54863878]]", "nfev": "161", "njev": "23", "status": "0", "success": "True", "message": "Optimization terminated successfully.", "x": "[0.62355521 1.52895975 5.07702701 1.01170409 0.86250925 5.41051887]", "nit": "19", "callback": [0.29976159347652576, 0.2775889425847077, 0.2392204063518788, 0.1973024903458509, 0.19031107400882163, 0.17865485425838146, 0.1693211981842141, 0.16894968897448992, 0.16838339452948614, 0.16768969878261308, 0.16699387539159438, 0.16658316770154513, 0.16646393954002014, 0.16644474073348847, 0.16644171612584402, 0.16644100989192356, 0.16644087304191768, 0.16644085943237985, 0.1664408586319328]}, "1": {"maxiter": 100, "gtol": 1e-05, "xrtol": 1e-05, "eps": 1e-10, "duration": 0.05646109580993652, "fun": "0.16644085866042968", "jac": "[-5.55111466e-06 -5.55111466e-06 -7.77156053e-06  1.11022293e-06\n -4.44089173e-06 -2.22044587e-06]", "hess_inv": "[[  2.9708274   -1.98665295   2.05269609   1.19999405   1.32751401\n   -0.89312872]\n [ -1.98665295  12.80626618 -12.23770534  -5.19713472  -3.50211123\n    3.03798018]\n [  2.05269609 -12.23770534  14.11569912   6.25381421   3.56524291\n   -3.17495517]\n [  1.19999405  -5.19713472   6.25381421   5.36856669   1.08752197\n   -0.41179398]\n [  1.32751401  -3.50211123   3.56524291   1.08752197   4.79148528\n   -3.18384585]\n [ -0.89312872   3.03798018  -3.17495517  -0.41179398  -3.18384585\n    5.60789025]]", "nfev": "161", "njev": "23", "status": "0", "success": "True", "message": "Optimization terminated successfully.", "x": "[0.62354819 1.52896163 5.07702512 1.01169887 0.86250656 5.41052163]", "nit": "19", "callback": [0.2997615290236796, 0.2775633263347822, 0.23916123801322642, 0.19729383352134233, 0.1903112406412638, 0.1786615000559557, 0.1693131776359157, 0.1689488196695108, 0.16838681392733168, 0.1676685327393801, 0.16699022977089517, 0.1665800931849586, 0.16646334562723808, 0.16644458242241977, 0.16644168408239457, 0.16644100742559576, 0.16644087400194452, 0.16644085917757123, 0.16644085866042968]}, "2": {"maxiter": 100, "gtol": 1e-05, "xrtol": 1e-10, "eps": 1e-05, "duration": 0.046692848205566406, "fun": "0.1664408586319328", "jac": "[-1.02309272e-06 -3.18720605e-06 -5.07984765e-06  3.26163541e-06\n -1.18769439e-06 -1.31016309e-06]", "hess_inv": "[[  2.82571587  -1.74922054   1.7303389    0.98207663   1.18769402\n   -0.79416494]\n [ -1.74922054  12.60370692 -11.76578004  -4.88086101  -3.20956246\n    2.8244293 ]\n [  1.7303389  -11.76578004  13.48357178   5.88204144   3.31472051\n   -2.92834336]\n [  0.98207663  -4.88086101   5.88204144   5.15477771   0.9692102\n   -0.28961877]\n [  1.18769402  -3.20956246   3.31472051   0.9692102    4.75503295\n   -3.09442069]\n [ -0.79416494   2.8244293   -2.92834336  -0.28961877  -3.09442069\n    5.54863878]]", "nfev": "161", "njev": "23", "status": "0", "success": "True", "message": "Optimization terminated successfully.", "x": "[0.62355521 1.52895975 5.07702701 1.01170409 0.86250925 5.41051887]", "nit": "19", "callback": [0.29976159347652576, 0.2775889425847077, 0.2392204063518788, 0.1973024903458509, 0.19031107400882163, 0.17865485425838146, 0.1693211981842141, 0.16894968897448992, 0.16838339452948614, 0.16768969878261308, 0.16699387539159438, 0.16658316770154513, 0.16646393954002014, 0.16644474073348847, 0.16644171612584402, 0.16644100989192356, 0.16644087304191768, 0.16644085943237985, 0.1664408586319328]}, "3": {"maxiter": 100, "gtol": 1e-05, "xrtol": 1e-10, "eps": 1e-10, "duration": 0.05266976356506348, "fun": "0.16644085866042968", "jac": "[-5.55111466e-06 -5.55111466e-06 -7.77156053e-06  1.11022293e-06\n -4.44089173e-06 -2.22044587e-06]", "hess_inv": "[[  2.9708274   -1.98665295   2.05269609   1.19999405   1.32751401\n   -0.89312872]\n [ -1.98665295  12.80626618 -12.23770534  -5.19713472  -3.50211123\n    3.03798018]\n [  2.05269609 -12.23770534  14.11569912   6.25381421   3.56524291\n   -3.17495517]\n [  1.19999405  -5.19713472   6.25381421   5.36856669   1.08752197\n   -0.41179398]\n [  1.32751401  -3.50211123   3.56524291   1.08752197   4.79148528\n   -3.18384585]\n [ -0.89312872   3.03798018  -3.17495517  -0.41179398  -3.18384585\n    5.60789025]]", "nfev": "161", "njev": "23", "status": "0", "success": "True", "message": "Optimization terminated successfully.", "x": "[0.62354819 1.52896163 5.07702512 1.01169887 0.86250656 5.41052163]", "nit": "19", "callback": [0.2997615290236796, 0.2775633263347822, 0.23916123801322642, 0.19729383352134233, 0.1903112406412638, 0.1786615000559557, 0.1693131776359157, 0.1689488196695108, 0.16838681392733168, 0.1676685327393801, 0.16699022977089517, 0.1665800931849586, 0.16646334562723808, 0.16644458242241977, 0.16644168408239457, 0.16644100742559576, 0.16644087400194452, 0.16644085917757123, 0.16644085866042968]}, "4": {"maxiter": 100, "gtol": 1e-10, "xrtol": 1e-05, "eps": 1e-05, "duration": 0.07209229469299316, "fun": "0.16644085854738844", "jac": "[ 2.63566946e-08 -8.00914890e-08 -7.41895434e-07  4.71778172e-07\n -1.91580085e-07 -9.75997061e-08]", "hess_inv": "[[  2.77708824  -1.44902626   1.51906701   0.86486268   1.16845468\n   -0.71352855]\n [ -1.44902626  11.36191489 -10.48405008  -4.51688054  -2.88337184\n    2.46376199]\n [  1.51906701 -10.48405008  12.5664907    5.3860297    3.2234914\n   -2.58305434]\n [  0.86486268  -4.51688054   5.3860297    5.08376348   0.80083369\n   -0.17590602]\n [  1.16845468  -2.88337184   3.2234914    0.80083369   4.81778834\n   -3.01599656]\n [ -0.71352855   2.46376199  -2.58305434  -0.17590602  -3.01599656\n    5.44567941]]", "nfev": "168", "njev": "24", "status": "0", "success": "True", "message": "Optimization terminated successfully.", "x": "[0.62355878 1.52895576 5.07704187 1.01170208 0.86251679 5.41051699]", "nit": "20", "callback": [0.29976159347652576, 0.2775889425847077, 0.2392204063518788, 0.1973024903458509, 0.19031107400882163, 0.17865485425838146, 0.1693211981842141, 0.16894968897448992, 0.16838339452948614, 0.16768969878261308, 0.16699387539159438, 0.16658316770154513, 0.16646393954002014, 0.16644474073348847, 0.16644171612584402, 0.16644100989192356, 0.16644087304191768, 0.16644085943237985, 0.1664408586319328, 0.16644085854738844]}, "5": {"maxiter": 100, "gtol": 1e-10, "xrtol": 1e-05, "eps": 1e-10, "duration": 0.056516170501708984, "fun": "0.16644085853291868", "jac": "[ 1.11022293e-06  3.33066880e-06  2.22044587e-06 -5.55111466e-06\n  2.22044587e-06  4.44089173e-06]", "hess_inv": "[[ 2.63872636 -0.37565864  0.75978724  0.04679236  0.88312963 -0.13442408]\n [-0.37565864  9.47703936 -8.16608872 -2.97960559 -1.54524829  1.695544  ]\n [ 0.75978724 -8.16608872 10.1614389   3.42046564  1.93271734 -1.36800676]\n [ 0.04679236 -2.97960559  3.42046564  3.90587396 -0.30592224  0.46283063]\n [ 0.88312963 -1.54524829  1.93271734 -0.30592224  4.20566611 -2.27224645]\n [-0.13442408  1.695544   -1.36800676  0.46283063 -2.27224645  5.09318788]]", "nfev": "168", "njev": "24", "status": "0", "success": "True", "message": "Optimization terminated successfully.", "x": "[0.62357023 1.5289489  5.07706472 1.01170451 0.86253187 5.41052037]", "nit": "20", "callback": [0.2997615290236796, 0.2775633263347822, 0.23916123801322642, 0.19729383352134233, 0.1903112406412638, 0.1786615000559557, 0.1693131776359157, 0.1689488196695108, 0.16838681392733168, 0.1676685327393801, 0.16699022977089517, 0.1665800931849586, 0.16646334562723808, 0.16644458242241977, 0.16644168408239457, 0.16644100742559576, 0.16644087400194452, 0.16644085917757123, 0.16644085866042968, 0.16644085853291868]}, "6": {"maxiter": 100, "gtol": 1e-10, "xrtol": 1e-10, "eps": 1e-05, "duration": 0.15150690078735352, "fun": "0.16644085853221968", "jac": "[ 6.66133815e-10 -6.21724894e-10 -4.44089210e-11 -9.32587341e-10\n  8.43769499e-10  1.24344979e-09]", "hess_inv": "[[  2.85863264  -1.57324629   1.73801466   0.82928306   1.24803986\n   -0.71091892]\n [ -1.57324629  13.77778257 -13.81503456  -5.35905011  -4.22652192\n    3.57618476]\n [  1.73801466 -13.81503456  16.86037187   6.49415492   4.97194501\n   -3.92161968]\n [  0.82928306  -5.35905011   6.49415492   5.45944364   1.25847982\n   -0.62364547]\n [  1.24803986  -4.22652192   4.97194501   1.25847982   5.47746299\n   -3.59280923]\n [ -0.71091892   3.57618476  -3.92161968  -0.62364547  -3.59280923\n    5.9219694 ]]", "nfev": "439", "njev": "61", "status": "2", "success": "False", "message": "Desired error not necessarily achieved due to precision loss.", "x": "[0.62355968 1.52894846 5.07705102 1.01170411 0.86252032 5.41051452]", "nit": "23", "callback": [0.29976159347652576, 0.2775889425847077, 0.2392204063518788, 0.1973024903458509, 0.19031107400882163, 0.17865485425838146, 0.1693211981842141, 0.16894968897448992, 0.16838339452948614, 0.16768969878261308, 0.16699387539159438, 0.16658316770154513, 0.16646393954002014, 0.16644474073348847, 0.16644171612584402, 0.16644100989192356, 0.16644087304191768, 0.16644085943237985, 0.1664408586319328, 0.16644085854738844, 0.1664408585332776, 0.16644085853223478, 0.16644085853221968]}, "7": {"maxiter": 100, "gtol": 1e-10, "xrtol": 1e-10, "eps": 1e-10, "duration": 0.13438796997070312, "fun": "0.16644085849530987", "jac": "[2.22044587e-06 1.11022293e-06 0.00000000e+00 2.22044587e-06\n 1.11022293e-06 0.00000000e+00]", "hess_inv": "[[ 1.74488672  0.26628728 -0.29685764 -1.20806781  0.0718868   0.41233481]\n [ 0.26628728  3.89930917 -3.76116203  0.05941025 -2.7346589   0.76202338]\n [-0.29685764 -3.76116203  3.81240474  0.07743655  2.68775341 -1.03885967]\n [-1.20806781  0.05941025  0.07743655  1.19083064 -0.27907469 -0.70250717]\n [ 0.0718868  -2.7346589   2.68775341 -0.27907469  2.44488756 -0.63606123]\n [ 0.41233481  0.76202338 -1.03885967 -0.70250717 -0.63606123  1.14416895]]", "nfev": "273", "njev": "39", "status": "0", "success": "True", "message": "Optimization terminated successfully.", "x": "[0.62356777 1.52891978 5.0770892  1.01172326 0.86253307 5.41050978]", "nit": "27", "callback": [0.2997615290236796, 0.2775633263347822, 0.23916123801322642, 0.19729383352134233, 0.1903112406412638, 0.1786615000559557, 0.1693131776359157, 0.1689488196695108, 0.16838681392733168, 0.1676685327393801, 0.16699022977089517, 0.1665800931849586, 0.16646334562723808, 0.16644458242241977, 0.16644168408239457, 0.16644100742559576, 0.16644087400194452, 0.16644085917757123, 0.16644085866042968, 0.16644085853291868, 0.16644085850855428, 0.16644085850706314, 0.1664408584994883, 0.16644085849633594, 0.16644085849549817, 0.16644085849530998, 0.16644085849530987]}, "8": {"maxiter": 500, "gtol": 1e-05, "xrtol": 1e-05, "eps": 1e-05, "duration": 0.056626081466674805, "fun": "0.1664408586319328", "jac": "[-1.02309272e-06 -3.18720605e-06 -5.07984765e-06  3.26163541e-06\n -1.18769439e-06 -1.31016309e-06]", "hess_inv": "[[  2.82571587  -1.74922054   1.7303389    0.98207663   1.18769402\n   -0.79416494]\n [ -1.74922054  12.60370692 -11.76578004  -4.88086101  -3.20956246\n    2.8244293 ]\n [  1.7303389  -11.76578004  13.48357178   5.88204144   3.31472051\n   -2.92834336]\n [  0.98207663  -4.88086101   5.88204144   5.15477771   0.9692102\n   -0.28961877]\n [  1.18769402  -3.20956246   3.31472051   0.9692102    4.75503295\n   -3.09442069]\n [ -0.79416494   2.8244293   -2.92834336  -0.28961877  -3.09442069\n    5.54863878]]", "nfev": "161", "njev": "23", "status": "0", "success": "True", "message": "Optimization terminated successfully.", "x": "[0.62355521 1.52895975 5.07702701 1.01170409 0.86250925 5.41051887]", "nit": "19", "callback": [0.29976159347652576, 0.2775889425847077, 0.2392204063518788, 0.1973024903458509, 0.19031107400882163, 0.17865485425838146, 0.1693211981842141, 0.16894968897448992, 0.16838339452948614, 0.16768969878261308, 0.16699387539159438, 0.16658316770154513, 0.16646393954002014, 0.16644474073348847, 0.16644171612584402, 0.16644100989192356, 0.16644087304191768, 0.16644085943237985, 0.1664408586319328]}, "9": {"maxiter": 500, "gtol": 1e-05, "xrtol": 1e-05, "eps": 1e-10, "duration": 0.04823589324951172, "fun": "0.16644085866042968", "jac": "[-5.55111466e-06 -5.55111466e-06 -7.77156053e-06  1.11022293e-06\n -4.44089173e-06 -2.22044587e-06]", "hess_inv": "[[  2.9708274   -1.98665295   2.05269609   1.19999405   1.32751401\n   -0.89312872]\n [ -1.98665295  12.80626618 -12.23770534  -5.19713472  -3.50211123\n    3.03798018]\n [  2.05269609 -12.23770534  14.11569912   6.25381421   3.56524291\n   -3.17495517]\n [  1.19999405  -5.19713472   6.25381421   5.36856669   1.08752197\n   -0.41179398]\n [  1.32751401  -3.50211123   3.56524291   1.08752197   4.79148528\n   -3.18384585]\n [ -0.89312872   3.03798018  -3.17495517  -0.41179398  -3.18384585\n    5.60789025]]", "nfev": "161", "njev": "23", "status": "0", "success": "True", "message": "Optimization terminated successfully.", "x": "[0.62354819 1.52896163 5.07702512 1.01169887 0.86250656 5.41052163]", "nit": "19", "callback": [0.2997615290236796, 0.2775633263347822, 0.23916123801322642, 0.19729383352134233, 0.1903112406412638, 0.1786615000559557, 0.1693131776359157, 0.1689488196695108, 0.16838681392733168, 0.1676685327393801, 0.16699022977089517, 0.1665800931849586, 0.16646334562723808, 0.16644458242241977, 0.16644168408239457, 0.16644100742559576, 0.16644087400194452, 0.16644085917757123, 0.16644085866042968]}, "10": {"maxiter": 500, "gtol": 1e-05, "xrtol": 1e-10, "eps": 1e-05, "duration": 0.06351995468139648, "fun": "0.1664408586319328", "jac": "[-1.02309272e-06 -3.18720605e-06 -5.07984765e-06  3.26163541e-06\n -1.18769439e-06 -1.31016309e-06]", "hess_inv": "[[  2.82571587  -1.74922054   1.7303389    0.98207663   1.18769402\n   -0.79416494]\n [ -1.74922054  12.60370692 -11.76578004  -4.88086101  -3.20956246\n    2.8244293 ]\n [  1.7303389  -11.76578004  13.48357178   5.88204144   3.31472051\n   -2.92834336]\n [  0.98207663  -4.88086101   5.88204144   5.15477771   0.9692102\n   -0.28961877]\n [  1.18769402  -3.20956246   3.31472051   0.9692102    4.75503295\n   -3.09442069]\n [ -0.79416494   2.8244293   -2.92834336  -0.28961877  -3.09442069\n    5.54863878]]", "nfev": "161", "njev": "23", "status": "0", "success": "True", "message": "Optimization terminated successfully.", "x": "[0.62355521 1.52895975 5.07702701 1.01170409 0.86250925 5.41051887]", "nit": "19", "callback": [0.29976159347652576, 0.2775889425847077, 0.2392204063518788, 0.1973024903458509, 0.19031107400882163, 0.17865485425838146, 0.1693211981842141, 0.16894968897448992, 0.16838339452948614, 0.16768969878261308, 0.16699387539159438, 0.16658316770154513, 0.16646393954002014, 0.16644474073348847, 0.16644171612584402, 0.16644100989192356, 0.16644087304191768, 0.16644085943237985, 0.1664408586319328]}, "11": {"maxiter": 500, "gtol": 1e-05, "xrtol": 1e-10, "eps": 1e-10, "duration": 0.04366111755371094, "fun": "0.16644085866042968", "jac": "[-5.55111466e-06 -5.55111466e-06 -7.77156053e-06  1.11022293e-06\n -4.44089173e-06 -2.22044587e-06]", "hess_inv": "[[  2.9708274   -1.98665295   2.05269609   1.19999405   1.32751401\n   -0.89312872]\n [ -1.98665295  12.80626618 -12.23770534  -5.19713472  -3.50211123\n    3.03798018]\n [  2.05269609 -12.23770534  14.11569912   6.25381421   3.56524291\n   -3.17495517]\n [  1.19999405  -5.19713472   6.25381421   5.36856669   1.08752197\n   -0.41179398]\n [  1.32751401  -3.50211123   3.56524291   1.08752197   4.79148528\n   -3.18384585]\n [ -0.89312872   3.03798018  -3.17495517  -0.41179398  -3.18384585\n    5.60789025]]", "nfev": "161", "njev": "23", "status": "0", "success": "True", "message": "Optimization terminated successfully.", "x": "[0.62354819 1.52896163 5.07702512 1.01169887 0.86250656 5.41052163]", "nit": "19", "callback": [0.2997615290236796, 0.2775633263347822, 0.23916123801322642, 0.19729383352134233, 0.1903112406412638, 0.1786615000559557, 0.1693131776359157, 0.1689488196695108, 0.16838681392733168, 0.1676685327393801, 0.16699022977089517, 0.1665800931849586, 0.16646334562723808, 0.16644458242241977, 0.16644168408239457, 0.16644100742559576, 0.16644087400194452, 0.16644085917757123, 0.16644085866042968]}, "12": {"maxiter": 500, "gtol": 1e-10, "xrtol": 1e-05, "eps": 1e-05, "duration": 0.05426478385925293, "fun": "0.16644085854738844", "jac": "[ 2.63566946e-08 -8.00914890e-08 -7.41895434e-07  4.71778172e-07\n -1.91580085e-07 -9.75997061e-08]", "hess_inv": "[[  2.77708824  -1.44902626   1.51906701   0