{"date": "2024/10/08/, 19:17:26", "conf_id": 23, "data_type": "random\n", "num_data_points": 2, "s_rank": 0, "unitary": "[[-0.53618537-0.34368723j,-0.12107031-0.46226139j,-0.07699282-0.46603512j,0.36022595-0.11472301j],[0.26026499-0.63450712j,-0.56616638+0.37832564j,-0.14988651+0.08458591j,0.10363514-0.16008501j],[-0.32580188-0.11070003j,-0.36476308-0.23593218j,0.02559343+0.41761608j,-0.25598305+0.6725303j],[0.07406738-0.0126433j,0.28513701+0.19483972j,-0.74939717-0.10299659j,0.29798249+0.46269921j]]", "databatch_0": {"databatch": "[[[-0.28604775+0.05366445j,0.08347066-0.12062127j,-0.17962117+0.18971649j,0.28679751+0.04425749j],[-0.21966528+0.38703982j,-0.05848338-0.21654165j,0.04427476+0.39703389j,0.33476697-0.29126304j],[0.16507617-0.02211605j,-0.0513085+0.06643749j,0.10832281-0.10304958j,-0.16257696-0.03386719j],[0.1186124-0.053574j,-0.02350962+0.06123944j,0.05797882-0.10143185j,-0.12929584+0.01110588j]],[[-0.08743311-0.10669002j,-0.35090993-0.00787388j,-0.08023911-0.01943367j,-0.07050058+0.05487746j],[0.15501397+0.04392438j,0.34163819-0.2266341j,0.08988668-0.03491891j,0.03095928-0.09965475j],[0.25452536+0.00653973j,0.43428543-0.48076713j,0.12393958-0.08866222j,0.00837057-0.16469398j],[-0.07487098-0.07586981j,-0.27057167+0.01892079j,-0.06312417-0.00924163j,-0.05034094+0.04724457j]]]", "initial param values": "[5.437114,3.14336073,1.61156007,4.15163473,4.60532765,5.85678713]", "nelder_mead": {"type": "gradient-free", "0": {"maxiter": 100, "fatol": 1e-05, "xatol": 1e-05, "duration": 0.07179808616638184, "fun": "0.1348828625377987", "nit": "100", "nfev": "164", "status": "2", "success": "False", "message": "Maximum number of iterations has been exceeded.", "x": "[6.60689588 5.32759572 2.1022604  1.99220607 3.88454925 5.29389263]", "final_simplex": "(array([[6.60689588, 5.32759572, 2.1022604 , 1.99220607, 3.88454925,\n        5.29389263],\n       [6.62569143, 5.32721081, 2.10307001, 1.98452284, 3.87691947,\n        5.30035407],\n       [6.61659266, 5.31594696, 2.10232834, 1.98860344, 3.89009152,\n        5.29610515],\n       [6.62675526, 5.32315173, 2.10079444, 1.9916529 , 3.8798625 ,\n        5.2923501 ],\n       [6.60768974, 5.33863402, 2.1012058 , 1.97181623, 3.8930061 ,\n        5.29122777],\n       [6.61904252, 5.32923164, 2.10030844, 1.98125648, 3.89385088,\n        5.30063716],\n       [6.61832916, 5.33575652, 2.099133  , 1.98085706, 3.88325104,\n        5.30094848]]), array([0.13488286, 0.13490091, 0.13490526, 0.13491287, 0.13493226,\n       0.13493424, 0.13493784]))", "callback": [0.7946849522405501, 0.6393371930183377, 0.456851453694054, 0.3162383920035179, 0.1705037752019931, 0.14184264965741966, 0.13634003452334753, 0.13543280137077807, 0.1350149552309471, 0.13495754872363208]}, "1": {"maxiter": 100, "fatol": 1e-05, "xatol": 1e-10, "duration": 0.055593252182006836, "fun": "0.1348828625377987", "nit": "100", "nfev": "164", "status": "2", "success": "False", "message": "Maximum number of iterations has been exceeded.", "x": "[6.60689588 5.32759572 2.1022604  1.99220607 3.88454925 5.29389263]", "final_simplex": "(array([[6.60689588, 5.32759572, 2.1022604 , 1.99220607, 3.88454925,\n        5.29389263],\n       [6.62569143, 5.32721081, 2.10307001, 1.98452284, 3.87691947,\n        5.30035407],\n       [6.61659266, 5.31594696, 2.10232834, 1.98860344, 3.89009152,\n        5.29610515],\n       [6.62675526, 5.32315173, 2.10079444, 1.9916529 , 3.8798625 ,\n        5.2923501 ],\n       [6.60768974, 5.33863402, 2.1012058 , 1.97181623, 3.8930061 ,\n        5.29122777],\n       [6.61904252, 5.32923164, 2.10030844, 1.98125648, 3.89385088,\n        5.30063716],\n       [6.61832916, 5.33575652, 2.099133  , 1.98085706, 3.88325104,\n        5.30094848]]), array([0.13488286, 0.13490091, 0.13490526, 0.13491287, 0.13493226,\n       0.13493424, 0.13493784]))", "callback": [0.7946849522405501, 0.6393371930183377, 0.456851453694054, 0.3162383920035179, 0.1705037752019931, 0.14184264965741966, 0.13634003452334753, 0.13543280137077807, 0.1350149552309471, 0.13495754872363208]}, "2": {"maxiter": 100, "fatol": 1e-10, "xatol": 1e-05, "duration": 0.05569195747375488, "fun": "0.1348828625377987", "nit": "100", "nfev": "164", "status": "2", "success": "False", "message": "Maximum number of iterations has been exceeded.", "x": "[6.60689588 5.32759572 2.1022604  1.99220607 3.88454925 5.29389263]", "final_simplex": "(array([[6.60689588, 5.32759572, 2.1022604 , 1.99220607, 3.88454925,\n        5.29389263],\n       [6.62569143, 5.32721081, 2.10307001, 1.98452284, 3.87691947,\n        5.30035407],\n       [6.61659266, 5.31594696, 2.10232834, 1.98860344, 3.89009152,\n        5.29610515],\n       [6.62675526, 5.32315173, 2.10079444, 1.9916529 , 3.8798625 ,\n        5.2923501 ],\n       [6.60768974, 5.33863402, 2.1012058 , 1.97181623, 3.8930061 ,\n        5.29122777],\n       [6.61904252, 5.32923164, 2.10030844, 1.98125648, 3.89385088,\n        5.30063716],\n       [6.61832916, 5.33575652, 2.099133  , 1.98085706, 3.88325104,\n        5.30094848]]), array([0.13488286, 0.13490091, 0.13490526, 0.13491287, 0.13493226,\n       0.13493424, 0.13493784]))", "callback": [0.7946849522405501, 0.6393371930183377, 0.456851453694054, 0.3162383920035179, 0.1705037752019931, 0.14184264965741966, 0.13634003452334753, 0.13543280137077807, 0.1350149552309471, 0.13495754872363208]}, "3": {"maxiter": 100, "fatol": 1e-10, "xatol": 1e-10, "duration": 0.06089496612548828, "fun": "0.1348828625377987", "nit": "100", "nfev": "164", "status": "2", "success": "False", "message": "Maximum number of iterations has been exceeded.", "x": "[6.60689588 5.32759572 2.1022604  1.99220607 3.88454925 5.29389263]", "final_simplex": "(array([[6.60689588, 5.32759572, 2.1022604 , 1.99220607, 3.88454925,\n        5.29389263],\n       [6.62569143, 5.32721081, 2.10307001, 1.98452284, 3.87691947,\n        5.30035407],\n       [6.61659266, 5.31594696, 2.10232834, 1.98860344, 3.89009152,\n        5.29610515],\n       [6.62675526, 5.32315173, 2.10079444, 1.9916529 , 3.8798625 ,\n        5.2923501 ],\n       [6.60768974, 5.33863402, 2.1012058 , 1.97181623, 3.8930061 ,\n        5.29122777],\n       [6.61904252, 5.32923164, 2.10030844, 1.98125648, 3.89385088,\n        5.30063716],\n       [6.61832916, 5.33575652, 2.099133  , 1.98085706, 3.88325104,\n        5.30094848]]), array([0.13488286, 0.13490091, 0.13490526, 0.13491287, 0.13493226,\n       0.13493424, 0.13493784]))", "callback": [0.7946849522405501, 0.6393371930183377, 0.456851453694054, 0.3162383920035179, 0.1705037752019931, 0.14184264965741966, 0.13634003452334753, 0.13543280137077807, 0.1350149552309471, 0.13495754872363208]}, "4": {"maxiter": 500, "fatol": 1e-05, "xatol": 1e-05, "duration": 0.20698904991149902, "fun": "0.13241477164730886", "nit": "389", "nfev": "624", "status": "0", "success": "True", "message": "Optimization terminated successfully.", "x": "[6.57956101 4.87989957 2.60476525 1.94313486 3.89326006 5.3330345 ]", "final_simplex": "(array([[6.57956101, 4.87989957, 2.60476525, 1.94313486, 3.89326006,\n        5.3330345 ],\n       [6.57956113, 4.87990269, 2.60476382, 1.94313415, 3.89326008,\n        5.3330343 ],\n       [6.57956185, 4.87990726, 2.6047572 , 1.94313389, 3.89326058,\n        5.33303304],\n       [6.57956171, 4.87990656, 2.6047589 , 1.94313425, 3.893259  ,\n        5.33303446],\n       [6.57956349, 4.87990524, 2.60475973, 1.94313583, 3.89326088,\n        5.33303487],\n       [6.57956175, 4.87990617, 2.60475951, 1.94313345, 3.89326212,\n        5.33303611],\n       [6.57956088, 4.87990372, 2.60476261, 1.9431355 , 3.8932611 ,\n        5.33303464]]), array([0.13241477, 0.13241477, 0.13241477, 0.13241477, 0.13241477,\n       0.13241477, 0.13241477]))", "callback": [0.7946849522405501, 0.6393371930183377, 0.456851453694054, 0.3162383920035179, 0.1705037752019931, 0.14184264965741966, 0.13634003452334753, 0.13543280137077807, 0.1350149552309471, 0.13495754872363208, 0.134857517197861, 0.13475834230693462, 0.13449916626823566, 0.13433550667472616, 0.1342011445623441, 0.13412896505213834, 0.13387742552054638, 0.13363917130665914, 0.13342898546701354, 0.13304435713206353, 0.1325292783837667, 0.13247331045813604, 0.13242713507806214, 0.1324206365119659, 0.13241732708472853, 0.13241599284541128, 0.13241484821469207, 0.13241484821469207, 0.13241480032236197, 0.13241477280198288, 0.13241477280198288, 0.13241477276190639, 0.13241477201209995, 0.13241477187397743, 0.13241477173562055, 0.13241477167935134, 0.13241477165983984, 0.13241477165130155, 0.1324147716482802]}, "5": {"maxiter": 500, "fatol": 1e-05, "xatol": 1e-10, "duration": 0.2875199317932129, "fun": "0.1324147716468893", "nit": "494", "nfev": "859", "status": "0", "success": "True", "message": "Optimization terminated successfully.", "x": "[6.57956172 4.87990085 2.60476421 1.94313322 3.89325998 5.33303414]", "final_simplex": "(array([[6.57956172, 4.87990085, 2.60476421, 1.94313322, 3.89325998,\n        5.33303414],\n       [6.57956172, 4.87990085, 2.60476421, 1.94313322, 3.89325998,\n        5.33303414],\n       [6.57956172, 4.87990085, 2.60476421, 1.94313322, 3.89325998,\n        5.33303414],\n       [6.57956172, 4.87990085, 2.60476421, 1.94313322, 3.89325998,\n        5.33303414],\n       [6.57956172, 4.87990085, 2.60476421, 1.94313322, 3.89325998,\n        5.33303414],\n       [6.57956172, 4.87990085, 2.60476421, 1.94313322, 3.89325998,\n        5.33303414],\n       [6.57956172, 4.87990085, 2.60476421, 1.94313322, 3.89325998,\n        5.33303414]]), array([0.13241477, 0.13241477, 0.13241477, 0.13241477, 0.13241477,\n       0.13241477, 0.13241477]))", "callback": [0.7946849522405501, 0.6393371930183377, 0.456851453694054, 0.3162383920035179, 0.1705037752019931, 0.14184264965741966, 0.13634003452334753, 0.13543280137077807, 0.1350149552309471, 0.13495754872363208, 0.134857517197861, 0.13475834230693462, 0.13449916626823566, 0.13433550667472616, 0.1342011445623441, 0.13412896505213834, 0.13387742552054638, 0.13363917130665914, 0.13342898546701354, 0.13304435713206353, 0.1325292783837667, 0.13247331045813604, 0.13242713507806214, 0.1324206365119659, 0.13241732708472853, 0.13241599284541128, 0.13241484821469207, 0.13241484821469207, 0.13241480032236197, 0.13241477280198288, 0.13241477280198288, 0.13241477276190639, 0.13241477201209995, 0.13241477187397743, 0.13241477173562055, 0.13241477167935134, 0.13241477165983984, 0.13241477165130155, 0.1324147716482802, 0.13241477164719595, 0.13241477164696247, 0.1324147716469133, 0.13241477164690652, 0.13241477164689652, 0.1324147716468913, 0.1324147716468902, 0.13241477164688953, 0.13241477164688953, 0.1324147716468893, 0.1324147716468893]}, "6": {"maxiter": 500, "fatol": 1e-10, "xatol": 1e-05, "duration": 0.19115686416625977, "fun": "0.13241477164730886", "nit": "389", "nfev": "624", "status": "0", "success": "True", "message": "Optimization terminated successfully.", "x": "[6.57956101 4.87989957 2.60476525 1.94313486 3.89326006 5.3330345 ]", "final_simplex": "(array([[6.57956101, 4.87989957, 2.60476525, 1.94313486, 3.89326006,\n        5.3330345 ],\n       [6.57956113, 4.87990269, 2.60476382, 1.94313415, 3.89326008,\n        5.3330343 ],\n       [6.57956185, 4.87990726, 2.6047572 , 1.94313389, 3.89326058,\n        5.33303304],\n       [6.57956171, 4.87990656, 2.6047589 , 1.94313425, 3.893259  ,\n        5.33303446],\n       [6.57956349, 4.87990524, 2.60475973, 1.94313583, 3.89326088,\n        5.33303487],\n       [6.57956175, 4.87990617, 2.60475951, 1.94313345, 3.89326212,\n        5.33303611],\n       [6.57956088, 4.87990372, 2.60476261, 1.9431355 , 3.8932611 ,\n        5.33303464]]), array([0.13241477, 0.13241477, 0.13241477, 0.13241477, 0.13241477,\n       0.13241477, 0.13241477]))", "callback": [0.7946849522405501, 0.6393371930183377, 0.456851453694054, 0.3162383920035179, 0.1705037752019931, 0.14184264965741966, 0.13634003452334753, 0.13543280137077807, 0.1350149552309471, 0.13495754872363208, 0.134857517197861, 0.13475834230693462, 0.13449916626823566, 0.13433550667472616, 0.1342011445623441, 0.13412896505213834, 0.13387742552054638, 0.13363917130665914, 0.13342898546701354, 0.13304435713206353, 0.1325292783837667, 0.13247331045813604, 0.13242713507806214, 0.1324206365119659, 0.13241732708472853, 0.13241599284541128, 0.13241484821469207, 0.13241484821469207, 0.13241480032236197, 0.13241477280198288, 0.13241477280198288, 0.13241477276190639, 0.13241477201209995, 0.13241477187397743, 0.13241477173562055, 0.13241477167935134, 0.13241477165983984, 0.13241477165130155, 0.1324147716482802]}, "7": {"maxiter": 500, "fatol": 1e-10, "xatol": 1e-10, "duration": 0.32685399055480957, "fun": "0.1324147716468893", "nit": "494", "nfev": "859", "status": "0", "success": "True", "message": "Optimization terminated successfully.", "x": "[6.57956172 4.87990085 2.60476421 1.94313322 3.89325998 5.33303414]", "final_simplex": "(array([[6.57956172, 4.87990085, 2.60476421, 1.94313322, 3.89325998,\n        5.33303414],\n       [6.57956172, 4.87990085, 2.60476421, 1.94313322, 3.89325998,\n        5.33303414],\n       [6.57956172, 4.87990085, 2.60476421, 1.94313322, 3.89325998,\n        5.33303414],\n       [6.57956172, 4.87990085, 2.60476421, 1.94313322, 3.89325998,\n        5.33303414],\n       [6.57956172, 4.87990085, 2.60476421, 1.94313322, 3.89325998,\n        5.33303414],\n       [6.57956172, 4.87990085, 2.60476421, 1.94313322, 3.89325998,\n        5.33303414],\n       [6.57956172, 4.87990085, 2.60476421, 1.94313322, 3.89325998,\n        5.33303414]]), array([0.13241477, 0.13241477, 0.13241477, 0.13241477, 0.13241477,\n       0.13241477, 0.13241477]))", "callback": [0.7946849522405501, 0.6393371930183377, 0.456851453694054, 0.3162383920035179, 0.1705037752019931, 0.14184264965741966, 0.13634003452334753, 0.13543280137077807, 0.1350149552309471, 0.13495754872363208, 0.134857517197861, 0.13475834230693462, 0.13449916626823566, 0.13433550667472616, 0.1342011445623441, 0.13412896505213834, 0.13387742552054638, 0.13363917130665914, 0.13342898546701354, 0.13304435713206353, 0.1325292783837667, 0.13247331045813604, 0.13242713507806214, 0.1324206365119659, 0.13241732708472853, 0.13241599284541128, 0.13241484821469207, 0.13241484821469207, 0.13241480032236197, 0.13241477280198288, 0.13241477280198288, 0.13241477276190639, 0.13241477201209995, 0.13241477187397743, 0.13241477173562055, 0.13241477167935134, 0.13241477165983984, 0.13241477165130155, 0.1324147716482802, 0.13241477164719595, 0.13241477164696247, 0.1324147716469133, 0.13241477164690652, 0.13241477164689652, 0.1324147716468913, 0.1324147716468902, 0.13241477164688953, 0.13241477164688953, 0.1324147716468893, 0.1324147716468893]}, "8": {"maxiter": 1000, "fatol": 1e-05, "xatol": 1e-05, "duration": 0.21664786338806152, "fun": "0.13241477164730886", "nit": "389", "nfev": "624", "status": "0", "success": "True", "message": "Optimization terminated successfully.", "x": "[6.57956101 4.87989957 2.60476525 1.94313486 3.89326006 5.3330345 ]", "final_simplex": "(array([[6.57956101, 4.87989957, 2.60476525, 1.94313486, 3.89326006,\n        5.3330345 ],\n       [6.57956113, 4.87990269, 2.60476382, 1.94313415, 3.89326008,\n        5.3330343 ],\n       [6.57956185, 4.87990726, 2.6047572 , 1.94313389, 3.89326058,\n        5.33303304],\n       [6.57956171, 4.87990656, 2.6047589 , 1.94313425, 3.893259  ,\n        5.33303446],\n       [6.57956349, 4.87990524, 2.60475973, 1.94313583, 3.89326088,\n        5.33303487],\n       [6.57956175, 4.87990617, 2.60475951, 1.94313345, 3.89326212,\n        5.33303611],\n       [6.57956088, 4.87990372, 2.60476261, 1.9431355 , 3.8932611 ,\n        5.33303464]]), array([0.13241477, 0.13241477, 0.13241477, 0.13241477, 0.13241477,\n       0.13241477, 0.13241477]))", "callback": [0.7946849522405501, 0.6393371930183377, 0.456851453694054, 0.3162383920035179, 0.1705037752019931, 0.14184264965741966, 0.13634003452334753, 0.13543280137077807, 0.1350149552309471, 0.13495754872363208, 0.134857517197861, 0.13475834230693462, 0.13449916626823566, 0.13433550667472616, 0.1342011445623441, 0.13412896505213834, 0.13387742552054638, 0.13363917130665914, 0.13342898546701354, 0.13304435713206353, 0.1325292783837667, 0.13247331045813604, 0.13242713507806214, 0.1324206365119659, 0.13241732708472853, 0.13241599284541128, 0.13241484821469207, 0.13241484821469207, 0.13241480032236197, 0.13241477280198288, 0.13241477280198288, 0.13241477276190639, 0.13241477201209995, 0.13241477187397743, 0.13241477173562055, 0.13241477167935134, 0.13241477165983984, 0.13241477165130155, 0.1324147716482802]}, "9": {"maxiter": 1000, "fatol": 1e-05, "xatol": 1e-10, "duration": 0.30895495414733887, "fun": "0.1324147716468893", "nit": "494", "nfev": "859", "status": "0", "success": "True", "message": "Optimization terminated successfully.", "x": "[6.57956172 4.87990085 2.60476421 1.94313322 3.89325998 5.33303414]", "final_simplex": "(array([[6.57956172, 4.87990085, 2.60476421, 1.94313322, 3.89325998,\n        5.33303414],\n       [6.57956172, 4.87990085, 2.60476421, 1.94313322, 3.89325998,\n        5.33303414],\n       [6.57956172, 4.87990085, 2.60476421, 1.94313322, 3.89325998,\n        5.33303414],\n       [6.57956172, 4.87990085, 2.60476421, 1.94313322, 3.89325998,\n        5.33303414],\n       [6.57956172, 4.87990085, 2.60476421, 1.94313322, 3.89325998,\n        5.33303414],\n       [6.57956172, 4.87990085, 2.60476421, 1.94313322, 3.89325998,\n        5.33303414],\n       [6.57956172, 4.87990085, 2.60476421, 1.94313322, 3.89325998,\n        5.33303414]]), array([0.13241477, 0.13241477, 0.13241477, 0.13241477, 0.13241477,\n       0.13241477, 0.13241477]))", "callback": [0.7946849522405501, 0.6393371930183377, 0.456851453694054, 0.3162383920035179, 0.1705037752019931, 0.14184264965741966, 0.13634003452334753, 0.13543280137077807, 0.1350149552309471, 0.13495754872363208, 0.134857517197861, 0.13475834230693462, 0.13449916626823566, 0.13433550667472616, 0.1342011445623441, 0.13412896505213834, 0.13387742552054638, 0.13363917130665914, 0.13342898546701354, 0.13304435713206353, 0.1325292783837667, 0.13247331045813604, 0.13242713507806214, 0.1324206365119659, 0.13241732708472853, 0.13241599284541128, 0.13241484821469207, 0.13241484821469207, 0.13241480032236197, 0.13241477280198288, 0.13241477280198288, 0.13241477276190639, 0.13241477201209995, 0.13241477187397743, 0.13241477173562055, 0.13241477167935134, 0.13241477165983984, 0.13241477165130155, 0.1324147716482802, 0.13241477164719595, 0.13241477164696247, 0.1324147716469133, 0.13241477164690652, 0.13241477164689652, 0.1324147716468913, 0.1324147716468902, 0.13241477164688953, 0.13241477164688953, 0.1324147716468893, 0.1324147716468893]}, "10": {"maxiter": 1000, "fatol": 1e-10, "xatol": 1e-05, "duration": 0.2417287826538086, "fun": "0.13241477164730886", "nit": "389", "nfev": "624", "status": "0", "success": "True", "message": "Optimization terminated successfully.", "x": "[6.57956101 4.87989957 2.60476525 1.94313486 3.89326006 5.3330345 ]", "final_simplex": "(array([[6.57956101, 4.87989957, 2.60476525, 1.94313486, 3.89326006,\n        5.3330345 ],\n       [6.57956113, 4.87990269, 2.60476382, 1.94313415, 3.89326008,\n        5.3330343 ],\n       [6.57956185, 4.87990726, 2.6047572 , 1.94313389, 3.89326058,\n        5.33303304],\n       [6.57956171, 4.87990656, 2.6047589 , 1.94313425, 3.893259  ,\n        5.33303446],\n       [6.57956349, 4.87990524, 2.60475973, 1.94313583, 3.89326088,\n        5.33303487],\n       [6.57956175, 4.87990617, 2.60475951, 1.94313345, 3.89326212,\n        5.33303611],\n       [6.57956088, 4.87990372, 2.60476261, 1.9431355 , 3.8932611 ,\n        5.33303464]]), array([0.13241477, 0.13241477, 0.13241477, 0.13241477, 0.13241477,\n       0.13241477, 0.13241477]))", "callback": [0.7946849522405501, 0.6393371930183377, 0.456851453694054, 0.3162383920035179, 0.1705037752019931, 0.14184264965741966, 0.13634003452334753, 0.13543280137077807, 0.1350149552309471, 0.13495754872363208, 0.134857517197861, 0.13475834230693462, 0.13449916626823566, 0.13433550667472616, 0.1342011445623441, 0.13412896505213834, 0.13387742552054638, 0.13363917130665914, 0.13342898546701354, 0.13304435713206353, 0.1325292783837667, 0.13247331045813604, 0.13242713507806214, 0.1324206365119659, 0.13241732708472853, 0.13241599284541128, 0.13241484821469207, 0.13241484821469207, 0.13241480032236197, 0.13241477280198288, 0.13241477280198288, 0.13241477276190639, 0.13241477201209995, 0.13241477187397743, 0.13241477173562055, 0.13241477167935134, 0.13241477165983984, 0.13241477165130155, 0.1324147716482802]}, "11": {"maxiter": 1000, "fatol": 1e-10, "xatol": 1e-10, "duration": 0.3183119297027588, "fun": "0.1324147716468893", "nit": "494", "nfev": "859", "status": "0", "success": "True", "message": "Optimization terminated successfully.", "x": "[6.57956172 4.87990085 2.60476421 1.94313322 3.89325998 5.33303414]", "final_simplex": "(array([[6.57956172, 4.87990085, 2.60476421, 1.94313322, 3.89325998,\n        5.33303414],\n       [6.57956172, 4.87990085, 2.60476421, 1.94313322, 3.89325998,\n        5.33303414],\n       [6.57956172, 4.87990085, 2.60476421, 1.94313322, 3.89325998,\n        5.33303414],\n       [6.57956172, 4.87990085, 2.60476421, 1.94313322, 3.89325998,\n        5.33303414],\n       [6.57956172, 4.87990085, 2.60476421, 1.94313322, 3.89325998,\n        5.33303414],\n       [6.57956172, 4.87990085, 2.60476421, 1.94313322, 3.89325998,\n        5.33303414],\n       [6.57956172, 4.87990085, 2.60476421, 1.94313322, 3.89325998,\n        5.33303414]]), array([0.13241477, 0.13241477, 0.13241477, 0.13241477, 0.13241477,\n       0.13241477, 0.13241477]))", "callback": [0.7946849522405501, 0.6393371930183377, 0.456851453694054, 0.3162383920035179, 0.1705037752019931, 0.14184264965741966, 0.13634003452334753, 0.13543280137077807, 0.1350149552309471, 0.13495754872363208, 0.134857517197861, 0.13475834230693462, 0.13449916626823566, 0.13433550667472616, 0.1342011445623441, 0.13412896505213834, 0.13387742552054638, 0.13363917130665914, 0.13342898546701354, 0.13304435713206353, 0.1325292783837667, 0.13247331045813604, 0.13242713507806214, 0.1324206365119659, 0.13241732708472853, 0.13241599284541128, 0.13241484821469207, 0.13241484821469207, 0.13241480032236197, 0.13241477280198288, 0.13241477280198288, 0.13241477276190639, 0.13241477201209995, 0.13241477187397743, 0.13241477173562055, 0.13241477167935134, 0.13241477165983984, 0.13241477165130155, 0.1324147716482802, 0.13241477164719595, 0.13241477164696247, 0.1324147716469133, 0.13241477164690652, 0.13241477164689652, 0.1324147716468913, 0.1324147716468902, 0.13241477164688953, 0.13241477164688953, 0.1324147716468893, 0.1324147716468893]}}, "bfgs": {"type": "gradient", "0": {"maxiter": 100, "gtol": 1e-05, "xrtol": 1e-05, "eps": 1e-05, "duration": 0.08780694007873535, "fun": "0.13241477172448568", "jac": "[ 3.47341045e-06 -2.61305422e-06 -1.81722415e-06  1.56790136e-06\n -1.39546152e-06 -1.91491267e-07]", "hess_inv": "[[  4.32700825   8.11041696  -8.42143044   1.3916371    0.0995301\n    1.63522212]\n [  8.11041696  63.47251285 -66.62192477   7.10696089  -1.23382374\n   -0.50573852]\n [ -8.42143044 -66.62192477  73.22906565  -8.80134817   1.28214374\n    0.9972495 ]\n [  1.3916371    7.10696089  -8.80134817   6.3423265    0.55895654\n    0.82735037]\n [  0.0995301   -1.23382374   1.28214374   0.55895654   3.22311754\n    1.559882  ]\n [  1.63522212  -0.50573852   0.9972495    0.82735037   1.559882\n    4.06201108]]", "nfev": "231", "njev": "33", "status": "0", "success": "True", "message": "Optimization terminated successfully.", "x": "[6.57956387 4.87987719 2.60477243 1.94313906 3.89324544 5.33302243]", "nit": "31", "callback": [0.5449713942650535, 0.5265766512644882, 0.49132144923193366, 0.42473993191356396, 0.3152786051170904, 0.2603707771557173, 0.22325121002149872, 0.20689334409177906, 0.1990322358643849, 0.18530172209715345, 0.16606165596402278, 0.15548533178671786, 0.14313031626555972, 0.13782663882068946, 0.13546610314295449, 0.13494808142511716, 0.13480138392051333, 0.1347524421274049, 0.13471852657152195, 0.13466155871513197, 0.13456039032515177, 0.1343779921049325, 0.13405638460209224, 0.13354579831465574, 0.13307079454635518, 0.13268662501681638, 0.13241859248478616, 0.13241512542290257, 0.13241477614862018, 0.1324147721220752, 0.13241477172448568]}, "1": {"maxiter": 100, "gtol": 1e-05, "xrtol": 1e-05, "eps": 1e-10, "duration": 0.08227801322937012, "fun": "0.1324147717371753", "jac": "[ 0.00000000e+00  2.22044587e-06  0.00000000e+00  6.66133760e-06\n -1.11022293e-06  2.22044587e-06]", "hess_inv": "[[  3.36103958   4.22390006  -4.93758965   0.59095714  -0.59575775\n    0.81668037]\n [  4.22390006  41.20722142 -43.47447556   0.3701023   -3.81988574\n   -3.30496254]\n [ -4.93758965 -43.47447556  49.32062922  -1.67708049   3.99747438\n    3.64501099]\n [  0.59095714   0.3701023   -1.67708049   5.36279142   0.45170184\n    0.71684068]\n [ -0.59575775  -3.81988574   3.99747438   0.45170184   3.21566016\n    1.35687727]\n [  0.81668037  -3.30496254   3.64501099   0.71684068   1.35687727\n    3.64526106]]", "nfev": "245", "njev": "35", "status": "0", "success": "True", "message": "Optimization terminated successfully.", "x": "[6.57957683 4.87990397 2.60476013 1.94316394 3.89326417 5.33304931]", "nit": "32", "callback": [0.5449715979779736, 0.5265869865224863, 0.4913502837291248, 0.4248010760193449, 0.31536783241137045, 0.26045491683473754, 0.22327117223473802, 0.20691192347501663, 0.19903691255180278, 0.1852901907807727, 0.1660696306803513, 0.15544299291474506, 0.14310009335467333, 0.1378122192383886, 0.13546670442773578, 0.13494646182850822, 0.13480199837257523, 0.13475272371189595, 0.1347190491214698, 0.13466231646584348, 0.1345614770103688, 0.13437962389028035, 0.13405917110139498, 0.13355082866187584, 0.13307543379412212, 0.13269053949591936, 0.1324185306619574, 0.13241512167787062, 0.13241477724456208, 0.13241477236531218, 0.13241477188338446, 0.1324147717371753]}, "2": {"maxiter": 100, "gtol": 1e-05, "xrtol": 1e-10, "eps": 1e-05, "duration": 0.08587908744812012, "fun": "0.13241477172448568", "jac": "[ 3.47341045e-06 -2.61305422e-06 -1.81722415e-06  1.56790136e-06\n -1.39546152e-06 -1.91491267e-07]", "hess_inv": "[[  4.32700825   8.11041696  -8.42143044   1.3916371    0.0995301\n    1.63522212]\n [  8.11041696  63.47251285 -66.62192477   7.10696089  -1.23382374\n   -0.50573852]\n [ -8.42143044 -66.62192477  73.22906565  -8.80134817   1.28214374\n    0.9972495 ]\n [  1.3916371    7.10696089  -8.80134817   6.3423265    0.55895654\n    0.82735037]\n [  0.0995301   -1.23382374   1.28214374   0.55895654   3.22311754\n    1.559882  ]\n [  1.63522212  -0.50573852   0.9972495    0.82735037   1.559882\n    4.06201108]]", "nfev": "231", "njev": "33", "status": "0", "success": "True", "message": "Optimization terminated successfully.", "x": "[6.57956387 4.87987719 2.60477243 1.94313906 3.89324544 5.33302243]", "nit": "31", "callback": [0.5449713942650535, 0.5265766512644882, 0.49132144923193366, 0.42473993191356396, 0.3152786051170904, 0.2603707771557173, 0.22325121002149872, 0.20689334409177906, 0.1990322358643849, 0.18530172209715345, 0.16606165596402278, 0.15548533178671786, 0.14313031626555972, 0.13782663882068946, 0.13546610314295449, 0.13494808142511716, 0.13480138392051333, 0.1347524421274049, 0.13471852657152195, 0.13466155871513197, 0.13456039032515177, 0.1343779921049325, 0.13405638460209224, 0.13354579831465574, 0.13307079454635518, 0.13268662501681638, 0.13241859248478616, 0.13241512542290257, 0.13241477614862018, 0.1324147721220752, 0.13241477172448568]}, "3": {"maxiter": 100, "gtol": 1e-05, "xrtol": 1e-10, "eps": 1e-10, "duration": 0.08118414878845215, "fun": "0.1324147717371753", "jac": "[ 0.00000000e+00  2.22044587e-06  0.00000000e+00  6.66133760e-06\n -1.11022293e-06  2.22044587e-06]", "hess_inv": "[[  3.36103958   4.22390006  -4.93758965   0.59095714  -0.59575775\n    0.81668037]\n [  4.22390006  41.20722142 -43.47447556   0.3701023   -3.81988574\n   -3.30496254]\n [ -4.93758965 -43.47447556  49.32062922  -1.67708049   3.99747438\n    3.64501099]\n [  0.59095714   0.3701023   -1.67708049   5.36279142   0.45170184\n    0.71684068]\n [ -0.59575775  -3.81988574   3.99747438   0.45170184   3.21566016\n    1.35687727]\n [  0.81668037  -3.30496254   3.64501099   0.71684068   1.35687727\n    3.64526106]]", "nfev": "245", "njev": "35", "status": "0", "success": "True", "message": "Optimization terminated successfully.", "x": "[6.57957683 4.87990397 2.60476013 1.94316394 3.89326417 5.33304931]", "nit": "32", "callback": [0.5449715979779736, 0.5265869865224863, 0.4913502837291248, 0.4248010760193449, 0.31536783241137045, 0.26045491683473754, 0.22327117223473802, 0.20691192347501663, 0.19903691255180278, 0.1852901907807727, 0.1660696306803513, 0.15544299291474506, 0.14310009335467333, 0.1378122192383886, 0.13546670442773578, 0.13494646182850822, 0.13480199837257523, 0.13475272371189595, 0.1347190491214698, 0.13466231646584348, 0.1345614770103688, 0.13437962389028035, 0.13405917110139498, 0.13355082866187584, 0.13307543379412212, 0.13269053949591936, 0.1324185306619574, 0.13241512167787062, 0.13241477724456208, 0.13241477236531218, 0.13241477188338446, 0.1324147717371753]}, "4": {"maxiter": 100, "gtol": 1e-10, "xrtol": 1e-05, "eps": 1e-05, "duration": 0.08897686004638672, "fun": "0.13241477172448568", "jac": "[ 3.47341045e-06 -2.61305422e-06 -1.81722415e-06  1.56790136e-06\n -1.39546152e-06 -1.91491267e-07]", "hess_inv": "[[  4.32700825   8.11041696  -8.42143044   1.3916371    0.0995301\n    1.63522212]\n [  8.11041696  63.47251285 -66.62192477   7.10696089  -1.23382374\n   -0.50573852]\n [ -8.42143044 -66.62192477  73.22906565  -8.80134817   1.28214374\n    0.9972495 ]\n [  1.3916371    7.10696089  -8.80134817   6.3423265    0.55895654\n    0.82735037]\n [  0.0995301   -1.23382374   1.28214374   0.55895654   3.22311754\n    1.559882  ]\n [  1.63522212  -0.50573852   0.9972495    0.82735037   1.559882\n    4.06201108]]", "nfev": "231", "njev": "33", "status": "0", "success": "True", "message": "Optimization terminated successfully.", "x": "[6.57956387 4.87987719 2.60477243 1.94313906 3.89324544 5.33302243]", "nit": "31", "callback": [0.5449713942650535, 0.5265766512644882, 0.49132144923193366, 0.42473993191356396, 0.3152786051170904, 0.2603707771557173, 0.22325121002149872, 0.20689334409177906, 0.1990322358643849, 0.18530172209715345, 0.16606165596402278, 0.15548533178671786, 0.14313031626555972, 0.13782663882068946, 0.13546610314295449, 0.13494808142511716, 0.13480138392051333, 0.1347524421274049, 0.13471852657152195, 0.13466155871513197, 0.13456039032515177, 0.1343779921049325, 0.13405638460209224, 0.13354579831465574, 0.13307079454635518, 0.13268662501681638, 0.13241859248478616, 0.13241512542290257, 0.13241477614862018, 0.1324147721220752, 0.13241477172448568]}, "5": {"maxiter": 100, "gtol": 1e-10, "xrtol": 1e-05, "eps": 1e-10, "duration": 0.087677001953125, "fun": "0.1324147717371753", "jac": "[ 0.00000000e+00  2.22044587e-06  0.00000000e+00  6.66133760e-06\n -1.11022293e-06  2.22044587e-06]", "hess_inv": "[[  3.36103958   4.22390006  -4.93758965   0.59095714  -0.59575775\n    0.81668037]\n [  4.22390006  41.20722142 -43.47447556   0.3701023   -3.81988574\n   -3.30496254]\n [ -4.93758965 -43.47447556  49.32062922  -1.67708049   3.99747438\n    3.64501099]\n [  0.59095714   0.3701023   -1.67708049   5.36279142   0.45170184\n    0.71684068]\n [ -0.59575775  -3.81988574   3.99747438   0.45170184   3.21566016\n    1.35687727]\n [  0.81668037  -3.30496254   3.64501099   0.71684068   1.35687727\n    3.64526106]]", "nfev": "245", "njev": "35", "status": "0", "success": "True", "message": "Optimization terminated successfully.", "x": "[6.57957683 4.87990397 2.60476013 1.94316394 3.89326417 5.33304931]", "nit": "32", "callback": [0.5449715979779736, 0.5265869865224863, 0.4913502837291248, 0.4248010760193449, 0.31536783241137045, 0.26045491683473754, 0.22327117223473802, 0.20691192347501663, 0.19903691255180278, 0.1852901907807727, 0.1660696306803513, 0.15544299291474506, 0.14310009335467333, 0.1378122192383886, 0.13546670442773578, 0.13494646182850822, 0.13480199837257523, 0.13475272371189595, 0.1347190491214698, 0.13466231646584348, 0.1345614770103688, 0.13437962389028035, 0.13405917110139498, 0.13355082866187584, 0.13307543379412212, 0.13269053949591936, 0.1324185306619574, 0.13241512167787062, 0.13241477724456208, 0.13241477236531218, 0.13241477188338446, 0.1324147717371753]}, "6": {"maxiter": 100, "gtol": 1e-10, "xrtol": 1e-10, "eps": 1e-05, "duration": 0.1519641876220703, "fun": "0.13241477169661264", "jac": "[-2.66453526e-10  7.10542736e-10  6.77236045e-10  1.33226763e-10\n  3.33066907e-11  1.44328993e-10]", "hess_inv": "[[  5.13199428   7.81672148  -8.64962069   2.2404543   -0.162905\n    1.88454506]\n [  7.81672148  63.58684166 -66.5984652    6.78591553  -1.10254486\n   -0.59724391]\n [ -8.64962069 -66.5984652   73.50099271  -8.97918089   1.21616998\n    0.90342119]\n [  2.2404543    6.78591553  -8.97918089   7.18388611   0.30307045\n    1.14764035]\n [ -0.162905    -1.10254486   1.21616998   0.30307045   3.34085777\n    1.43499042]\n [  1.88454506  -0.59724391   0.90342119   1.14764035   1.43499042\n    4.08313014]]", "nfev": "458", "njev": "64", "status": "2", "success": "False", "message": "Desired error not necessarily achieved due to precision loss.", "x": "[6.57954709 4.8798831  2.60477805 1.94312179 3.89324995 5.3330169 ]", "nit": "34", "callback": [0.5449713942650535, 0.5265766512644882, 0.49132144923193366, 0.42473993191356396, 0.3152786051170904, 0.2603707771557173, 0.22325121002149872, 0.20689334409177906, 0.1990322358643849, 0.18530172209715345, 0.16606165596402278, 0.15548533178671786, 0.14313031626555972, 0.13782663882068946, 0.13546610314295449, 0.13494808142511716, 0.13480138392051333, 0.1347524421274049, 0.13471852657152195, 0.13466155871513197, 0.13456039032515177, 0.1343779921049325, 0.13405638460209224, 0.13354579831465574, 0.13307079454635518, 0.13268662501681638, 0.13241859248478616, 0.13241512542290257, 0.13241477614862018, 0.1324147721220752, 0.13241477172448568, 0.13241477169763516, 0.1324147716967211, 0.13241477169661264]}, "7": {"maxiter": 100, "gtol": 1e-10, "xrtol": 1e-10, "eps": 1e-10, "duration": 0.11903500556945801, "fun": "0.1324147716573396", "jac": "[0.00000000e+00 2.22044587e-06 2.22044587e-06 4.44089173e-06\n 2.22044587e-06 3.33066880e-06]", "hess_inv": "[[ 4.38556839 -4.1687125   1.26533667  4.17413769 -0.78909987  1.03656617]\n [-4.1687125   6.5255095  -3.04885036 -3.44489685  0.44854598 -2.11053522]\n [ 1.26533667 -3.04885036  3.94412783  0.24525254 -0.73359748  1.40064988]\n [ 4.17413769 -3.44489685  0.24525254  5.56545474 -0.79981726  0.59753061]\n [-0.78909987  0.44854598 -0.73359748 -0.79981726  1.77676903 -0.06514926]\n [ 1.03656617 -2.11053522  1.40064988  0.59753061 -0.06514926  2.55354559]]", "nfev": "357", "njev": "51", "status": "0", "success": "True", "message": "Optimization terminated successfully.", "x": "[6.57955894 4.87989133 2.60477414 1.94314099 3.89326399 5.33303574]", "nit": "37", "callback": [0.5449715979779736, 0.5265869865224863, 0.4913502837291248, 0.4248010760193449, 0.31536783241137045, 0.26045491683473754, 0.22327117223473802, 0.20691192347501663, 0.19903691255180278, 0.1852901907807727, 0.1660696306803513, 0.15544299291474506, 0.14310009335467333, 0.1378122192383886, 0.13546670442773578, 0.13494646182850822, 0.13480199837257523, 0.13475272371189595, 0.1347190491214698, 0.13466231646584348, 0.1345614770103688, 0.13437962389028035, 0.13405917110139498, 0.13355082866187584, 0.13307543379412212, 0.13269053949591936, 0.1324185306619574, 0.13241512167787062, 0.13241477724456208, 0.13241477236531218, 0.13241477188338446, 0.1324147717371753, 0.13241477172896898, 0.1324147716809302, 0.1324147716594084, 0.13241477165733984, 0.1324147716573396]}, "8": {"maxiter": 500, "gtol": 1e-05, "xrtol": 1e-05, "eps": 1e-05, "duration": 0.07938981056213379, "fun": "0.13241477172448568", "jac": "[ 3.47341045e-06 -2.61305422e-06 -1.81722415e-06  1.56790136e-06\n -1.39546152e-06 -1.91491267e-07]", "hess_inv": "[[  4.32700825   8.11041696  -8.42143044   1.3916371    0.0995301\n    1.63522212]\n [  8.11041696  63.47251285 -66.62192477   7.10696089  -1.23382374\n   -0.50573852]\n [ -8.42143044 -66.62192477  73.22906565  -8.80134817   1.28214374\n    0.9972495 ]\n [  1.3916371    7.10696089  -8.80134817   6.3423265    0.55895654\n    0.82735037]\n [  0.0995301   -1.23382374   1.28214374   0.55895654   3.22311754\n    1.559882  ]\n [  1.63522212  -0.50573852   0.9972495    0.82735037   1.559882\n    4.06201108]]", "nfev": "231", "njev": "33", "status": "0", "success": "True", "message": "Optimization terminated successfully.", "x": "[6.57956387 4.87987719 2.60477243 1.94313906 3.89324544 5.33302243]", "nit": "31", "callback": [0.5449713942650535, 0.5265766512644882, 0.49132144923193366, 0.42473993191356396, 0.3152786051170904, 0.2603707771557173, 0.22325121002149872, 0.20689334409177906, 0.1990322358643849, 0.18530172209715345, 0.16606165596402278, 0.15548533178671786, 0.14313031626555972, 0.13782663882068946, 0.13546610314295449, 0.13494808142511716, 0.13480138392051333, 0.1347524421274049, 0.13471852657152195, 0.13466155871513197, 0.13456039032515177, 0.1343779921049325, 0.13405638460209224, 0.13354579831465574, 0.13307079454635518, 0.13268662501681638, 0.13241859248478616, 0.13241512542290257, 0.13241477614862018, 0.1324147721220752, 0.13241477172448568]}, "9": {"maxiter": 500, "gtol": 1e-05, "xrtol": 1e-05, "eps": 1e-10, "duration": 0.08769106864929199, "fun": "0.1324147717371753", "jac": "[ 0.00000000e+00  2.22044587e-06  0.00000000e+00  6.66133760e-06\n -1.11022293e-06  2.22044587e-06]", "hess_inv": "[[  3.36103958   4.22390006  -4.93758965   0.59095714  -0.59575775\n    0.81668037]\n [  4.22390006  41.20722142 -43.47447556   0.3701023   -3.81988574\n   -3.30496254]\n [ -4.93758965 -43.47447556  49.32062922  -1.67708049   3.99747438\n    3.64501099]\n [  0.59095714   0.3701023   -1.67708049   5.36279142   0.45170184\n    0.71684068]\n [ -0.59575775  -3.81988574   3.99747438   0.45170184   3.21566016\n    1.35687727]\n [  0.81668037  -3.30496254   3.64501099   0.71684068   1.35687727\n    3.64526106]]", "nfev": "245", "njev": "35", "status": "0", "success": "True", "message": "Optimization terminated successfully.", "x": "[6.57957683 4.87990397 2.60476013 1.94316394 3.89326417 5.33304931]", "nit": "32", "callback": [0.5449715979779736, 0.5265869865224863, 0.4913502837291248, 0.4248010760193449, 0.31536783241137045, 0.26045491683473754, 0.22327117223473802, 0.20691192347501663, 0.19903691255180278, 0.1852901907807727, 0.1660696306803513, 0.15544299291474506, 0.14310009335467333, 0.1378122192383886, 0.13546670442773578, 0.13494646182850822, 0.13480199837257523, 0.13475272371189595, 0.1347190491214698, 0.13466231646584348, 0.1345614770103688, 0.13437962389028035, 0.13405917110139498, 0.13355082866187584, 0.13307543379412212, 0.13269053949591936, 0.1324185306619574, 0.13241512167787062, 0.13241477724456208, 0.13241477236531218, 0.13241477188338446, 0.1324147717371753]}, "10": {"maxiter": 500, "gtol": 1e-05, "xrtol": 1e-10, "eps": 1e-05, "duration": 0.07801604270935059, "fun": "0.13241477172448568", "jac": "[ 3.47341045e-06 -2.61305422e-06 -1.81722415e-06  1.56790136e-06\n -1.39546152e-06 -1.91491267e-07]", "hess_inv": "[[  4.32700825   8.11041696  -8.42143044   1.3916371    0.0995301\n    1.63522212]\n [  8.11041696  63.47251285 -66.62192477   7.10696089  -1.23382374\n   -0.50573852]\n [ -8.42143044 -66.62192477  73.22906565  -8.80134817   1.28214374\n    0.9972495 ]\n [  1.3916371    7.10696089  -8.80134817   6.3423265    0.55895654\n    0.82735037]\n [  0.0995301   -1.23382374   1.28214374   0.55895654   3.22311754\n    1.559882  ]\n [  1.63522212  -0.50573852   0.9972495    0.82735037   1.559882\n    4.06201108]]", "nfev": "231", "njev": "33", "status": "0", "success": "True", "message": "Optimization terminate