{"date": "2024/10/26/, 18:00:51", "conf_id": 81, "data_type": "orthogonal\n", "num_data_points": 1, "s_rank": 0, "unitary": "[[-0.56303964-0.00798273j,-0.21670212-0.15784972j,-0.06047197-0.73952673j,-0.01438004+0.24552571j],[-0.06976756+0.23474685j,-0.01275565-0.5435098j,-0.02703657-0.08917885j,-0.08210486-0.79311774j],[-0.38559961+0.10714929j,0.5933431-0.2687392j,-0.24060861+0.29149289j,-0.45147719+0.26241743j],[-0.50180421+0.45931857j,-0.11617175+0.44134496j,0.49642745+0.22684508j,-0.08544628-0.15407063j]]", "databatch_0": {"databatch": "[[[-0.07864856+0.19494017j,0.12787881+0.27154685j,0.18344229+0.09880181j,-0.0865048+0.0438513j],[0.13313671-0.04164908j,0.08556481-0.17987359j,-0.02646862-0.1357144j,0.05889918+0.02594776j],[0.21675493-0.00356728j,0.20659535-0.23050904j,0.02019322-0.21392533j,0.07638951+0.06456333j],[-0.35425449-0.00585537j,-0.34989059+0.36539429j,-0.04451488+0.34835182j,-0.12130005-0.10957928j]]]", "initial param values": "[3.72299766,3.90701198,1.78368661,0.28461202,1.15767073,0.21376244]", "nelder_mead": {"type": "gradient-free", "0": {"maxiter": 100, "fatol": 1e-05, "xatol": 1e-05, "duration": 0.2346487045288086, "fun": "0.1593552245057257", "nit": "100", "nfev": "151", "status": "2", "success": "False", "message": "Maximum number of iterations has been exceeded.", "x": "[ 5.46155323  3.98858338  1.77433811  0.67615093  0.50407605 -0.21921047]", "final_simplex": "(array([[ 5.46155323,  3.98858338,  1.77433811,  0.67615093,  0.50407605,\n        -0.21921047],\n       [ 5.42489512,  3.82243708,  1.90820404,  0.7546046 ,  0.36706602,\n        -0.28979753],\n       [ 5.47413649,  4.008911  ,  1.86434921,  0.69783996,  0.40582632,\n        -0.20067326],\n       [ 5.55509683,  4.06464415,  2.22118243,  0.73679823,  0.03902113,\n        -0.26506702],\n       [ 5.48482919,  3.74446841,  1.93134444,  0.62603626,  0.37594014,\n        -0.11078196],\n       [ 5.44622555,  3.75714911,  2.09188632,  0.66992969,  0.255836  ,\n        -0.17105565],\n       [ 5.66683995,  3.76324832,  1.97577256,  0.62600221,  0.304053  ,\n        -0.11047763]]), array([0.15935522, 0.16077432, 0.16306573, 0.19679686, 0.20131778,\n       0.20148599, 0.20625291]))", "callback": [0.768528519573968, 0.5192685719217902, 0.3163123397430131, 0.3145790226077716, 0.3006263013310597, 0.27372036505082475, 0.2507814140330815, 0.2427212020326346, 0.23010697036618877, 0.21959032131703116]}, "1": {"maxiter": 100, "fatol": 1e-05, "xatol": 1e-10, "duration": 0.25675535202026367, "fun": "0.1593552245057257", "nit": "100", "nfev": "151", "status": "2", "success": "False", "message": "Maximum number of iterations has been exceeded.", "x": "[ 5.46155323  3.98858338  1.77433811  0.67615093  0.50407605 -0.21921047]", "final_simplex": "(array([[ 5.46155323,  3.98858338,  1.77433811,  0.67615093,  0.50407605,\n        -0.21921047],\n       [ 5.42489512,  3.82243708,  1.90820404,  0.7546046 ,  0.36706602,\n        -0.28979753],\n       [ 5.47413649,  4.008911  ,  1.86434921,  0.69783996,  0.40582632,\n        -0.20067326],\n       [ 5.55509683,  4.06464415,  2.22118243,  0.73679823,  0.03902113,\n        -0.26506702],\n       [ 5.48482919,  3.74446841,  1.93134444,  0.62603626,  0.37594014,\n        -0.11078196],\n       [ 5.44622555,  3.75714911,  2.09188632,  0.66992969,  0.255836  ,\n        -0.17105565],\n       [ 5.66683995,  3.76324832,  1.97577256,  0.62600221,  0.304053  ,\n        -0.11047763]]), array([0.15935522, 0.16077432, 0.16306573, 0.19679686, 0.20131778,\n       0.20148599, 0.20625291]))", "callback": [0.768528519573968, 0.5192685719217902, 0.3163123397430131, 0.3145790226077716, 0.3006263013310597, 0.27372036505082475, 0.2507814140330815, 0.2427212020326346, 0.23010697036618877, 0.21959032131703116]}, "2": {"maxiter": 100, "fatol": 1e-10, "xatol": 1e-05, "duration": 0.2505178451538086, "fun": "0.1593552245057257", "nit": "100", "nfev": "151", "status": "2", "success": "False", "message": "Maximum number of iterations has been exceeded.", "x": "[ 5.46155323  3.98858338  1.77433811  0.67615093  0.50407605 -0.21921047]", "final_simplex": "(array([[ 5.46155323,  3.98858338,  1.77433811,  0.67615093,  0.50407605,\n        -0.21921047],\n       [ 5.42489512,  3.82243708,  1.90820404,  0.7546046 ,  0.36706602,\n        -0.28979753],\n       [ 5.47413649,  4.008911  ,  1.86434921,  0.69783996,  0.40582632,\n        -0.20067326],\n       [ 5.55509683,  4.06464415,  2.22118243,  0.73679823,  0.03902113,\n        -0.26506702],\n       [ 5.48482919,  3.74446841,  1.93134444,  0.62603626,  0.37594014,\n        -0.11078196],\n       [ 5.44622555,  3.75714911,  2.09188632,  0.66992969,  0.255836  ,\n        -0.17105565],\n       [ 5.66683995,  3.76324832,  1.97577256,  0.62600221,  0.304053  ,\n        -0.11047763]]), array([0.15935522, 0.16077432, 0.16306573, 0.19679686, 0.20131778,\n       0.20148599, 0.20625291]))", "callback": [0.768528519573968, 0.5192685719217902, 0.3163123397430131, 0.3145790226077716, 0.3006263013310597, 0.27372036505082475, 0.2507814140330815, 0.2427212020326346, 0.23010697036618877, 0.21959032131703116]}, "3": {"maxiter": 100, "fatol": 1e-10, "xatol": 1e-10, "duration": 0.24259376525878906, "fun": "0.1593552245057257", "nit": "100", "nfev": "151", "status": "2", "success": "False", "message": "Maximum number of iterations has been exceeded.", "x": "[ 5.46155323  3.98858338  1.77433811  0.67615093  0.50407605 -0.21921047]", "final_simplex": "(array([[ 5.46155323,  3.98858338,  1.77433811,  0.67615093,  0.50407605,\n        -0.21921047],\n       [ 5.42489512,  3.82243708,  1.90820404,  0.7546046 ,  0.36706602,\n        -0.28979753],\n       [ 5.47413649,  4.008911  ,  1.86434921,  0.69783996,  0.40582632,\n        -0.20067326],\n       [ 5.55509683,  4.06464415,  2.22118243,  0.73679823,  0.03902113,\n        -0.26506702],\n       [ 5.48482919,  3.74446841,  1.93134444,  0.62603626,  0.37594014,\n        -0.11078196],\n       [ 5.44622555,  3.75714911,  2.09188632,  0.66992969,  0.255836  ,\n        -0.17105565],\n       [ 5.66683995,  3.76324832,  1.97577256,  0.62600221,  0.304053  ,\n        -0.11047763]]), array([0.15935522, 0.16077432, 0.16306573, 0.19679686, 0.20131778,\n       0.20148599, 0.20625291]))", "callback": [0.768528519573968, 0.5192685719217902, 0.3163123397430131, 0.3145790226077716, 0.3006263013310597, 0.27372036505082475, 0.2507814140330815, 0.2427212020326346, 0.23010697036618877, 0.21959032131703116]}, "4": {"maxiter": 500, "fatol": 1e-05, "xatol": 1e-05, "duration": 0.9373979568481445, "fun": "0.05031231507319067", "nit": "372", "nfev": "585", "status": "0", "success": "True", "message": "Optimization terminated successfully.", "x": "[ 5.02387942  4.54582445  1.62342301  1.17025774  0.44478688 -0.76333922]", "final_simplex": "(array([[ 5.02387942,  4.54582445,  1.62342301,  1.17025774,  0.44478688,\n        -0.76333922],\n       [ 5.02388547,  4.54582626,  1.62342248,  1.17025895,  0.44478477,\n        -0.76333901],\n       [ 5.0238802 ,  4.54581596,  1.62342569,  1.17026071,  0.44478513,\n        -0.76334   ],\n       [ 5.0238894 ,  4.54582641,  1.62342033,  1.17025308,  0.444788  ,\n        -0.76334515],\n       [ 5.02388868,  4.54582204,  1.62342787,  1.17025352,  0.44478252,\n        -0.76333772],\n       [ 5.02387853,  4.54582047,  1.62342862,  1.17026407,  0.4447799 ,\n        -0.76333888],\n       [ 5.02388405,  4.54581711,  1.62342339,  1.17026208,  0.44478341,\n        -0.76333285]]), array([0.05031232, 0.05031232, 0.05031232, 0.05031232, 0.05031232,\n       0.05031232, 0.05031232]))", "callback": [0.768528519573968, 0.5192685719217902, 0.3163123397430131, 0.3145790226077716, 0.3006263013310597, 0.27372036505082475, 0.2507814140330815, 0.2427212020326346, 0.23010697036618877, 0.21959032131703116, 0.10425909497263897, 0.06915481939026336, 0.058005350686099466, 0.053035046215139436, 0.052048769194375066, 0.05185198907348798, 0.05173853786290894, 0.05171629029602798, 0.05166826924053547, 0.05158767361152328, 0.05137093338537213, 0.05113041596823997, 0.05076858066160084, 0.05065014383651045, 0.05064809349139021, 0.050549173234504585, 0.05040797633964689, 0.0503459087331285, 0.05032882569588626, 0.05031722564288332, 0.05031298335069889, 0.05031237090728424, 0.05031233174044647, 0.05031231726393537, 0.05031231569869421, 0.05031231523061497, 0.050312315091036175, 0.05031231507319067]}, "5": {"maxiter": 500, "fatol": 1e-05, "xatol": 1e-10, "duration": 1.2685129642486572, "fun": "0.050312315068794744", "nit": "468", "nfev": "804", "status": "0", "success": "True", "message": "Optimization terminated successfully.", "x": "[ 5.0238836   4.54582134  1.62342391  1.17025618  0.44478634 -0.76333864]", "final_simplex": "(array([[ 5.0238836 ,  4.54582134,  1.62342391,  1.17025618,  0.44478634,\n        -0.76333864],\n       [ 5.0238836 ,  4.54582134,  1.62342391,  1.17025618,  0.44478634,\n        -0.76333864],\n       [ 5.0238836 ,  4.54582134,  1.62342391,  1.17025618,  0.44478634,\n        -0.76333864],\n       [ 5.0238836 ,  4.54582134,  1.62342391,  1.17025618,  0.44478634,\n        -0.76333864],\n       [ 5.0238836 ,  4.54582134,  1.62342391,  1.17025618,  0.44478634,\n        -0.76333864],\n       [ 5.0238836 ,  4.54582134,  1.62342391,  1.17025618,  0.44478634,\n        -0.76333864],\n       [ 5.0238836 ,  4.54582134,  1.62342391,  1.17025618,  0.44478634,\n        -0.76333864]]), array([0.05031232, 0.05031232, 0.05031232, 0.05031232, 0.05031232,\n       0.05031232, 0.05031232]))", "callback": [0.768528519573968, 0.5192685719217902, 0.3163123397430131, 0.3145790226077716, 0.3006263013310597, 0.27372036505082475, 0.2507814140330815, 0.2427212020326346, 0.23010697036618877, 0.21959032131703116, 0.10425909497263897, 0.06915481939026336, 0.058005350686099466, 0.053035046215139436, 0.052048769194375066, 0.05185198907348798, 0.05173853786290894, 0.05171629029602798, 0.05166826924053547, 0.05158767361152328, 0.05137093338537213, 0.05113041596823997, 0.05076858066160084, 0.05065014383651045, 0.05064809349139021, 0.050549173234504585, 0.05040797633964689, 0.0503459087331285, 0.05032882569588626, 0.05031722564288332, 0.05031298335069889, 0.05031237090728424, 0.05031233174044647, 0.05031231726393537, 0.05031231569869421, 0.05031231523061497, 0.050312315091036175, 0.05031231507319067, 0.050312315070513924, 0.05031231506897327, 0.05031231506882883, 0.050312315068803515, 0.05031231506879619, 0.05031231506879519, 0.050312315068794855, 0.050312315068794855, 0.050312315068794855]}, "6": {"maxiter": 500, "fatol": 1e-10, "xatol": 1e-05, "duration": 0.5190103054046631, "fun": "0.05031231507319067", "nit": "372", "nfev": "585", "status": "0", "success": "True", "message": "Optimization terminated successfully.", "x": "[ 5.02387942  4.54582445  1.62342301  1.17025774  0.44478688 -0.76333922]", "final_simplex": "(array([[ 5.02387942,  4.54582445,  1.62342301,  1.17025774,  0.44478688,\n        -0.76333922],\n       [ 5.02388547,  4.54582626,  1.62342248,  1.17025895,  0.44478477,\n        -0.76333901],\n       [ 5.0238802 ,  4.54581596,  1.62342569,  1.17026071,  0.44478513,\n        -0.76334   ],\n       [ 5.0238894 ,  4.54582641,  1.62342033,  1.17025308,  0.444788  ,\n        -0.76334515],\n       [ 5.02388868,  4.54582204,  1.62342787,  1.17025352,  0.44478252,\n        -0.76333772],\n       [ 5.02387853,  4.54582047,  1.62342862,  1.17026407,  0.4447799 ,\n        -0.76333888],\n       [ 5.02388405,  4.54581711,  1.62342339,  1.17026208,  0.44478341,\n        -0.76333285]]), array([0.05031232, 0.05031232, 0.05031232, 0.05031232, 0.05031232,\n       0.05031232, 0.05031232]))", "callback": [0.768528519573968, 0.5192685719217902, 0.3163123397430131, 0.3145790226077716, 0.3006263013310597, 0.27372036505082475, 0.2507814140330815, 0.2427212020326346, 0.23010697036618877, 0.21959032131703116, 0.10425909497263897, 0.06915481939026336, 0.058005350686099466, 0.053035046215139436, 0.052048769194375066, 0.05185198907348798, 0.05173853786290894, 0.05171629029602798, 0.05166826924053547, 0.05158767361152328, 0.05137093338537213, 0.05113041596823997, 0.05076858066160084, 0.05065014383651045, 0.05064809349139021, 0.050549173234504585, 0.05040797633964689, 0.0503459087331285, 0.05032882569588626, 0.05031722564288332, 0.05031298335069889, 0.05031237090728424, 0.05031233174044647, 0.05031231726393537, 0.05031231569869421, 0.05031231523061497, 0.050312315091036175, 0.05031231507319067]}, "7": {"maxiter": 500, "fatol": 1e-10, "xatol": 1e-10, "duration": 1.2010011672973633, "fun": "0.050312315068794744", "nit": "468", "nfev": "804", "status": "0", "success": "True", "message": "Optimization terminated successfully.", "x": "[ 5.0238836   4.54582134  1.62342391  1.17025618  0.44478634 -0.76333864]", "final_simplex": "(array([[ 5.0238836 ,  4.54582134,  1.62342391,  1.17025618,  0.44478634,\n        -0.76333864],\n       [ 5.0238836 ,  4.54582134,  1.62342391,  1.17025618,  0.44478634,\n        -0.76333864],\n       [ 5.0238836 ,  4.54582134,  1.62342391,  1.17025618,  0.44478634,\n        -0.76333864],\n       [ 5.0238836 ,  4.54582134,  1.62342391,  1.17025618,  0.44478634,\n        -0.76333864],\n       [ 5.0238836 ,  4.54582134,  1.62342391,  1.17025618,  0.44478634,\n        -0.76333864],\n       [ 5.0238836 ,  4.54582134,  1.62342391,  1.17025618,  0.44478634,\n        -0.76333864],\n       [ 5.0238836 ,  4.54582134,  1.62342391,  1.17025618,  0.44478634,\n        -0.76333864]]), array([0.05031232, 0.05031232, 0.05031232, 0.05031232, 0.05031232,\n       0.05031232, 0.05031232]))", "callback": [0.768528519573968, 0.5192685719217902, 0.3163123397430131, 0.3145790226077716, 0.3006263013310597, 0.27372036505082475, 0.2507814140330815, 0.2427212020326346, 0.23010697036618877, 0.21959032131703116, 0.10425909497263897, 0.06915481939026336, 0.058005350686099466, 0.053035046215139436, 0.052048769194375066, 0.05185198907348798, 0.05173853786290894, 0.05171629029602798, 0.05166826924053547, 0.05158767361152328, 0.05137093338537213, 0.05113041596823997, 0.05076858066160084, 0.05065014383651045, 0.05064809349139021, 0.050549173234504585, 0.05040797633964689, 0.0503459087331285, 0.05032882569588626, 0.05031722564288332, 0.05031298335069889, 0.05031237090728424, 0.05031233174044647, 0.05031231726393537, 0.05031231569869421, 0.05031231523061497, 0.050312315091036175, 0.05031231507319067, 0.050312315070513924, 0.05031231506897327, 0.05031231506882883, 0.050312315068803515, 0.05031231506879619, 0.05031231506879519, 0.050312315068794855, 0.050312315068794855, 0.050312315068794855]}, "8": {"maxiter": 1000, "fatol": 1e-05, "xatol": 1e-05, "duration": 0.9044187068939209, "fun": "0.05031231507319067", "nit": "372", "nfev": "585", "status": "0", "success": "True", "message": "Optimization terminated successfully.", "x": "[ 5.02387942  4.54582445  1.62342301  1.17025774  0.44478688 -0.76333922]", "final_simplex": "(array([[ 5.02387942,  4.54582445,  1.62342301,  1.17025774,  0.44478688,\n        -0.76333922],\n       [ 5.02388547,  4.54582626,  1.62342248,  1.17025895,  0.44478477,\n        -0.76333901],\n       [ 5.0238802 ,  4.54581596,  1.62342569,  1.17026071,  0.44478513,\n        -0.76334   ],\n       [ 5.0238894 ,  4.54582641,  1.62342033,  1.17025308,  0.444788  ,\n        -0.76334515],\n       [ 5.02388868,  4.54582204,  1.62342787,  1.17025352,  0.44478252,\n        -0.76333772],\n       [ 5.02387853,  4.54582047,  1.62342862,  1.17026407,  0.4447799 ,\n        -0.76333888],\n       [ 5.02388405,  4.54581711,  1.62342339,  1.17026208,  0.44478341,\n        -0.76333285]]), array([0.05031232, 0.05031232, 0.05031232, 0.05031232, 0.05031232,\n       0.05031232, 0.05031232]))", "callback": [0.768528519573968, 0.5192685719217902, 0.3163123397430131, 0.3145790226077716, 0.3006263013310597, 0.27372036505082475, 0.2507814140330815, 0.2427212020326346, 0.23010697036618877, 0.21959032131703116, 0.10425909497263897, 0.06915481939026336, 0.058005350686099466, 0.053035046215139436, 0.052048769194375066, 0.05185198907348798, 0.05173853786290894, 0.05171629029602798, 0.05166826924053547, 0.05158767361152328, 0.05137093338537213, 0.05113041596823997, 0.05076858066160084, 0.05065014383651045, 0.05064809349139021, 0.050549173234504585, 0.05040797633964689, 0.0503459087331285, 0.05032882569588626, 0.05031722564288332, 0.05031298335069889, 0.05031237090728424, 0.05031233174044647, 0.05031231726393537, 0.05031231569869421, 0.05031231523061497, 0.050312315091036175, 0.05031231507319067]}, "9": {"maxiter": 1000, "fatol": 1e-05, "xatol": 1e-10, "duration": 1.2220613956451416, "fun": "0.050312315068794744", "nit": "468", "nfev": "804", "status": "0", "success": "True", "message": "Optimization terminated successfully.", "x": "[ 5.0238836   4.54582134  1.62342391  1.17025618  0.44478634 -0.76333864]", "final_simplex": "(array([[ 5.0238836 ,  4.54582134,  1.62342391,  1.17025618,  0.44478634,\n        -0.76333864],\n       [ 5.0238836 ,  4.54582134,  1.62342391,  1.17025618,  0.44478634,\n        -0.76333864],\n       [ 5.0238836 ,  4.54582134,  1.62342391,  1.17025618,  0.44478634,\n        -0.76333864],\n       [ 5.0238836 ,  4.54582134,  1.62342391,  1.17025618,  0.44478634,\n        -0.76333864],\n       [ 5.0238836 ,  4.54582134,  1.62342391,  1.17025618,  0.44478634,\n        -0.76333864],\n       [ 5.0238836 ,  4.54582134,  1.62342391,  1.17025618,  0.44478634,\n        -0.76333864],\n       [ 5.0238836 ,  4.54582134,  1.62342391,  1.17025618,  0.44478634,\n        -0.76333864]]), array([0.05031232, 0.05031232, 0.05031232, 0.05031232, 0.05031232,\n       0.05031232, 0.05031232]))", "callback": [0.768528519573968, 0.5192685719217902, 0.3163123397430131, 0.3145790226077716, 0.3006263013310597, 0.27372036505082475, 0.2507814140330815, 0.2427212020326346, 0.23010697036618877, 0.21959032131703116, 0.10425909497263897, 0.06915481939026336, 0.058005350686099466, 0.053035046215139436, 0.052048769194375066, 0.05185198907348798, 0.05173853786290894, 0.05171629029602798, 0.05166826924053547, 0.05158767361152328, 0.05137093338537213, 0.05113041596823997, 0.05076858066160084, 0.05065014383651045, 0.05064809349139021, 0.050549173234504585, 0.05040797633964689, 0.0503459087331285, 0.05032882569588626, 0.05031722564288332, 0.05031298335069889, 0.05031237090728424, 0.05031233174044647, 0.05031231726393537, 0.05031231569869421, 0.05031231523061497, 0.050312315091036175, 0.05031231507319067, 0.050312315070513924, 0.05031231506897327, 0.05031231506882883, 0.050312315068803515, 0.05031231506879619, 0.05031231506879519, 0.050312315068794855, 0.050312315068794855, 0.050312315068794855]}, "10": {"maxiter": 1000, "fatol": 1e-10, "xatol": 1e-05, "duration": 0.6438798904418945, "fun": "0.05031231507319067", "nit": "372", "nfev": "585", "status": "0", "success": "True", "message": "Optimization terminated successfully.", "x": "[ 5.02387942  4.54582445  1.62342301  1.17025774  0.44478688 -0.76333922]", "final_simplex": "(array([[ 5.02387942,  4.54582445,  1.62342301,  1.17025774,  0.44478688,\n        -0.76333922],\n       [ 5.02388547,  4.54582626,  1.62342248,  1.17025895,  0.44478477,\n        -0.76333901],\n       [ 5.0238802 ,  4.54581596,  1.62342569,  1.17026071,  0.44478513,\n        -0.76334   ],\n       [ 5.0238894 ,  4.54582641,  1.62342033,  1.17025308,  0.444788  ,\n        -0.76334515],\n       [ 5.02388868,  4.54582204,  1.62342787,  1.17025352,  0.44478252,\n        -0.76333772],\n       [ 5.02387853,  4.54582047,  1.62342862,  1.17026407,  0.4447799 ,\n        -0.76333888],\n       [ 5.02388405,  4.54581711,  1.62342339,  1.17026208,  0.44478341,\n        -0.76333285]]), array([0.05031232, 0.05031232, 0.05031232, 0.05031232, 0.05031232,\n       0.05031232, 0.05031232]))", "callback": [0.768528519573968, 0.5192685719217902, 0.3163123397430131, 0.3145790226077716, 0.3006263013310597, 0.27372036505082475, 0.2507814140330815, 0.2427212020326346, 0.23010697036618877, 0.21959032131703116, 0.10425909497263897, 0.06915481939026336, 0.058005350686099466, 0.053035046215139436, 0.052048769194375066, 0.05185198907348798, 0.05173853786290894, 0.05171629029602798, 0.05166826924053547, 0.05158767361152328, 0.05137093338537213, 0.05113041596823997, 0.05076858066160084, 0.05065014383651045, 0.05064809349139021, 0.050549173234504585, 0.05040797633964689, 0.0503459087331285, 0.05032882569588626, 0.05031722564288332, 0.05031298335069889, 0.05031237090728424, 0.05031233174044647, 0.05031231726393537, 0.05031231569869421, 0.05031231523061497, 0.050312315091036175, 0.05031231507319067]}, "11": {"maxiter": 1000, "fatol": 1e-10, "xatol": 1e-10, "duration": 0.8731708526611328, "fun": "0.050312315068794744", "nit": "468", "nfev": "804", "status": "0", "success": "True", "message": "Optimization terminated successfully.", "x": "[ 5.0238836   4.54582134  1.62342391  1.17025618  0.44478634 -0.76333864]", "final_simplex": "(array([[ 5.0238836 ,  4.54582134,  1.62342391,  1.17025618,  0.44478634,\n        -0.76333864],\n       [ 5.0238836 ,  4.54582134,  1.62342391,  1.17025618,  0.44478634,\n        -0.76333864],\n       [ 5.0238836 ,  4.54582134,  1.62342391,  1.17025618,  0.44478634,\n        -0.76333864],\n       [ 5.0238836 ,  4.54582134,  1.62342391,  1.17025618,  0.44478634,\n        -0.76333864],\n       [ 5.0238836 ,  4.54582134,  1.62342391,  1.17025618,  0.44478634,\n        -0.76333864],\n       [ 5.0238836 ,  4.54582134,  1.62342391,  1.17025618,  0.44478634,\n        -0.76333864],\n       [ 5.0238836 ,  4.54582134,  1.62342391,  1.17025618,  0.44478634,\n        -0.76333864]]), array([0.05031232, 0.05031232, 0.05031232, 0.05031232, 0.05031232,\n       0.05031232, 0.05031232]))", "callback": [0.768528519573968, 0.5192685719217902, 0.3163123397430131, 0.3145790226077716, 0.3006263013310597, 0.27372036505082475, 0.2507814140330815, 0.2427212020326346, 0.23010697036618877, 0.21959032131703116, 0.10425909497263897, 0.06915481939026336, 0.058005350686099466, 0.053035046215139436, 0.052048769194375066, 0.05185198907348798, 0.05173853786290894, 0.05171629029602798, 0.05166826924053547, 0.05158767361152328, 0.05137093338537213, 0.05113041596823997, 0.05076858066160084, 0.05065014383651045, 0.05064809349139021, 0.050549173234504585, 0.05040797633964689, 0.0503459087331285, 0.05032882569588626, 0.05031722564288332, 0.05031298335069889, 0.05031237090728424, 0.05031233174044647, 0.05031231726393537, 0.05031231569869421, 0.05031231523061497, 0.050312315091036175, 0.05031231507319067, 0.050312315070513924, 0.05031231506897327, 0.05031231506882883, 0.050312315068803515, 0.05031231506879619, 0.05031231506879519, 0.050312315068794855, 0.050312315068794855, 0.050312315068794855]}}, "bfgs": {"type": "gradient", "0": {"maxiter": 100, "gtol": 1e-05, "xrtol": 1e-05, "eps": 1e-05, "duration": 0.16706156730651855, "fun": "0.050312315323795986", "jac": "[ 6.48674448e-06 -1.11867182e-06 -2.06069606e-06 -4.38648007e-06\n  2.42893483e-06  1.82116544e-06]", "hess_inv": "[[ 3.08964928  0.81937123 -0.70341031 -1.96280832  0.26792468 -0.66690977]\n [ 0.81937123  3.84968935 -0.18024055 -1.07688814  0.19415259 -2.7464452 ]\n [-0.70341031 -0.18024055  3.31719669  1.15845547 -1.83095342 -0.14772285]\n [-1.96280832 -1.07688814  1.15845547  3.45228717 -0.78630497  0.84734183]\n [ 0.26792468  0.19415259 -1.83095342 -0.78630497  2.54691079  0.09446425]\n [-0.66690977 -2.7464452  -0.14772285  0.84734183  0.09446425  3.69852365]]", "nfev": "112", "njev": "16", "status": "0", "success": "True", "message": "Optimization terminated successfully.", "x": "[ 5.00048045  4.56940554  1.59597798  1.15268904  0.40921855 -0.73906714]", "nit": "14", "callback": [0.2278579035615661, 0.19167217181002083, 0.13334634105707044, 0.0839911163426732, 0.06970023939253411, 0.055014841852565444, 0.0530703053398589, 0.05073961860053677, 0.05053569714319317, 0.05041821430901672, 0.05033079147587283, 0.05031407085717421, 0.05031234996773826, 0.050312315323795986]}, "1": {"maxiter": 100, "gtol": 1e-05, "xrtol": 1e-05, "eps": 1e-10, "duration": 0.18258953094482422, "fun": "0.05031231522217894", "jac": "[ 9.99200639e-06 -3.33066880e-06  0.00000000e+00 -3.33066880e-06\n  2.22044587e-06  4.44089173e-06]", "hess_inv": "[[ 3.08796717  0.82397729 -0.70776156 -1.96200329  0.27209894 -0.6723678 ]\n [ 0.82397729  3.85725898 -0.19358036 -1.0841113   0.20350939 -2.75301489]\n [-0.70776156 -0.19358036  3.33349601  1.16597598 -1.84323716 -0.13498979]\n [-1.96200329 -1.0841113   1.16597598  3.45222724 -0.79267972  0.85500765]\n [ 0.27209894  0.20350939 -1.84323716 -0.79267972  2.55611459  0.08595158]\n [-0.6723678  -2.75301489 -0.13498979  0.85500765  0.08595158  3.70398674]]", "nfev": "112", "njev": "16", "status": "0", "success": "True", "message": "Optimization terminated successfully.", "x": "[ 5.00048898  4.56937792  1.59601346  1.15271667  0.4092313  -0.73906919]", "nit": "14", "callback": [0.2278586678612784, 0.19167154505529704, 0.1333440309297924, 0.08399024624584395, 0.06970029260882793, 0.05501503484484538, 0.05307038402689834, 0.05073967147640712, 0.050535836861120065, 0.05041821469799579, 0.05033077147027265, 0.05031407111702513, 0.05031235017223257, 0.05031231522217894]}, "2": {"maxiter": 100, "gtol": 1e-05, "xrtol": 1e-10, "eps": 1e-05, "duration": 0.16349053382873535, "fun": "0.050312315323795986", "jac": "[ 6.48674448e-06 -1.11867182e-06 -2.06069606e-06 -4.38648007e-06\n  2.42893483e-06  1.82116544e-06]", "hess_inv": "[[ 3.08964928  0.81937123 -0.70341031 -1.96280832  0.26792468 -0.66690977]\n [ 0.81937123  3.84968935 -0.18024055 -1.07688814  0.19415259 -2.7464452 ]\n [-0.70341031 -0.18024055  3.31719669  1.15845547 -1.83095342 -0.14772285]\n [-1.96280832 -1.07688814  1.15845547  3.45228717 -0.78630497  0.84734183]\n [ 0.26792468  0.19415259 -1.83095342 -0.78630497  2.54691079  0.09446425]\n [-0.66690977 -2.7464452  -0.14772285  0.84734183  0.09446425  3.69852365]]", "nfev": "112", "njev": "16", "status": "0", "success": "True", "message": "Optimization terminated successfully.", "x": "[ 5.00048045  4.56940554  1.59597798  1.15268904  0.40921855 -0.73906714]", "nit": "14", "callback": [0.2278579035615661, 0.19167217181002083, 0.13334634105707044, 0.0839911163426732, 0.06970023939253411, 0.055014841852565444, 0.0530703053398589, 0.05073961860053677, 0.05053569714319317, 0.05041821430901672, 0.05033079147587283, 0.05031407085717421, 0.05031234996773826, 0.050312315323795986]}, "3": {"maxiter": 100, "gtol": 1e-05, "xrtol": 1e-10, "eps": 1e-10, "duration": 0.16643023490905762, "fun": "0.05031231522217894", "jac": "[ 9.99200639e-06 -3.33066880e-06  0.00000000e+00 -3.33066880e-06\n  2.22044587e-06  4.44089173e-06]", "hess_inv": "[[ 3.08796717  0.82397729 -0.70776156 -1.96200329  0.27209894 -0.6723678 ]\n [ 0.82397729  3.85725898 -0.19358036 -1.0841113   0.20350939 -2.75301489]\n [-0.70776156 -0.19358036  3.33349601  1.16597598 -1.84323716 -0.13498979]\n [-1.96200329 -1.0841113   1.16597598  3.45222724 -0.79267972  0.85500765]\n [ 0.27209894  0.20350939 -1.84323716 -0.79267972  2.55611459  0.08595158]\n [-0.6723678  -2.75301489 -0.13498979  0.85500765  0.08595158  3.70398674]]", "nfev": "112", "njev": "16", "status": "0", "success": "True", "message": "Optimization terminated successfully.", "x": "[ 5.00048898  4.56937792  1.59601346  1.15271667  0.4092313  -0.73906919]", "nit": "14", "callback": [0.2278586678612784, 0.19167154505529704, 0.1333440309297924, 0.08399024624584395, 0.06970029260882793, 0.05501503484484538, 0.05307038402689834, 0.05073967147640712, 0.050535836861120065, 0.05041821469799579, 0.05033077147027265, 0.05031407111702513, 0.05031235017223257, 0.05031231522217894]}, "4": {"maxiter": 100, "gtol": 1e-10, "xrtol": 1e-05, "eps": 1e-05, "duration": 0.1688709259033203, "fun": "0.05031231508257883", "jac": "[ 7.78488385e-07 -6.61082300e-07  6.64823752e-07  1.73905335e-07\n  8.29858404e-07 -2.76034751e-07]", "hess_inv": "[[ 3.26623762  0.89575133 -0.88040163 -2.15862661  0.39582649 -0.71708791]\n [ 0.89575133  3.80347031 -0.20038322 -1.14462452  0.20819123 -2.69163785]\n [-0.88040163 -0.20038322  3.45443988  1.34264813 -1.92976324 -0.15188823]\n [-2.15862661 -1.14462452  1.34264813  3.66579965 -0.91930008  0.88661035]\n [ 0.39582649  0.20819123 -1.92976324 -0.91930008  2.6180457   0.09797377]\n [-0.71708791 -2.69163785 -0.15188823  0.88661035  0.09797377  3.63892074]]", "nfev": "119", "njev": "17", "status": "0", "success": "True", "message": "Optimization terminated successfully.", "x": "[ 5.00044933  4.56940295  1.59600144  1.15272123  0.40920167 -0.73906879]", "nit": "15", "callback": [0.2278579035615661, 0.19167217181002083, 0.13334634105707044, 0.0839911163426732, 0.06970023939253411, 0.055014841852565444, 0.0530703053398589, 0.05073961860053677, 0.05053569714319317, 0.05041821430901672, 0.05033079147587283, 0.05031407085717421, 0.05031234996773826, 0.050312315323795986, 0.05031231508257883]}, "5": {"maxiter": 100, "gtol": 1e-10, "xrtol": 1e-05, "eps": 1e-10, "duration": 0.1881563663482666, "fun": "0.05031231509387113", "jac": "[-5.55111466e-06 -4.44089173e-06  1.11022293e-06 -4.44089173e-06\n -4.44089173e-06 -4.44089173e-06]", "hess_inv": "[[ 3.3003982   0.88428728 -0.90723245 -2.17373191  0.415841   -0.70305568]\n [ 0.88428728  3.72701051 -0.14747852 -1.09919777  0.16979837 -2.62129603]\n [-0.90723245 -0.14747852  3.44918249  1.33340093 -1.92626171 -0.20406902]\n [-2.17373191 -1.09919777  1.33340093  3.64950019 -0.91317947  0.84269008]\n [ 0.415841    0.16979837 -1.92626171 -0.91317947  2.61569607  0.13619746]\n [-0.70305568 -2.62129603 -0.20406902  0.84269008  0.13619746  3.57460133]]", "nfev": "119", "njev": "17", "status": "0", "success": "True", "message": "Optimization terminated successfully.", "x": "[ 5.0004539   4.5693891   1.59603166  1.15274516  0.40921826 -0.73908427]", "nit": "15", "callback": [0.2278586678612784, 0.19167154505529704, 0.1333440309297924, 0.08399024624584395, 0.06970029260882793, 0.05501503484484538, 0.05307038402689834, 0.05073967147640712, 0.050535836861120065, 0.05041821469799579, 0.05033077147027265, 0.05031407111702513, 0.05031235017223257, 0.05031231522217894, 0.05031231509387113]}, "6": {"maxiter": 100, "gtol": 1e-10, "xrtol": 1e-10, "eps": 1e-05, "duration": 0.6096329689025879, "fun": "0.05031231508249612", "jac": "[ 4.63951100e-07 -5.52713431e-07  6.10067552e-07  3.79929421e-07\n  8.56159588e-07 -5.58786351e-07]", "hess_inv": "[[ 5.5249694  -0.99446272  0.52251473 -1.81105846  2.64078197 -1.51557791]\n [-0.99446272  5.29532557 -1.18827636 -1.25470618 -1.55871641 -2.15879434]\n [ 0.52251473 -1.18827636  3.78732558  0.99284133 -0.96725186 -0.08414667]\n [-1.81105846 -1.25470618  0.99284133  3.11651626 -1.04911685  1.39016827]\n [ 2.64078197 -1.55871641 -0.96725186 -1.04911685  4.44810219 -0.15654048]\n [-1.51557791 -2.15879434 -0.08414667  1.39016827 -0.15654048  3.19305824]]", "nfev": "396", "njev": "55", "status": "2", "success": "False", "message": "Desired error not necessarily achieved due to precision loss.", "x": "[ 5.00044758  4.56940421  1.59600114  1.15272183  0.40920067 -0.73906916]", "nit": "16", "callback": [0.2278579035615661, 0.19167217181002083, 0.13334634105707044, 0.0839911163426732, 0.06970023939253411, 0.055014841852565444, 0.0530703053398589, 0.05073961860053677, 0.05053569714319317, 0.05041821430901672, 0.05033079147587283, 0.05031407085717421, 0.05031234996773826, 0.050312315323795986, 0.05031231508257883, 0.05031231508249612]}, "7": {"maxiter": 100, "gtol": 1e-10, "xrtol": 1e-10, "eps": 1e-10, "duration": 0.7459108829498291, "fun": "0.05031231507767642", "jac": "[0.00000000e+00 0.00000000e+00 1.11022293e-06 3.33066880e-06\n 0.00000000e+00 1.11022293e-06]", "hess_inv": "[[ 0.75551145 -1.32328448  0.85804339 -0.81990805 -1.31026881  0.7521764 ]\n [-1.32328448  2.33836189 -1.52366179  1.45132879  2.30718828 -1.3284972 ]\n [ 0.85804339 -1.52366179  0.99892392 -0.95234253 -1.50475242  0.8667226 ]\n [-0.81990805  1.45132879 -0.95234253  0.91914606  1.44249081 -0.83043746]\n [-1.31026881  2.30718828 -1.50475242  1.44249081  2.29001635 -1.31581563]\n [ 0.7521764  -1.3284972   0.8667226  -0.83043746 -1.31581563  0.75752016]]", "nfev": "745", "njev": "105", "status": "2", "success": "False", "message": "Desired error not necessarily achieved due to precision loss.", "x": "[ 5.00046031  4.56938723  1.59602666  1.15274534  0.40922079 -0.73908177]", "nit": "31", "callback": [0.2278586678612784, 0.19167154505529704, 0.1333440309297924, 0.08399024624584395, 0.06970029260882793, 0.05501503484484538, 0.05307038402689834, 0.05073967147640712, 0.050535836861120065, 0.05041821469799579, 0.05033077147027265, 0.05031407111702513, 0.05031235017223257, 0.05031231522217894, 0.05031231509387113, 0.050312315085185855, 0.05031231508208045, 0.050312315081195935, 0.050312315081074255, 0.050312315080948355, 0.05031231508075806, 0.0503123150785344, 0.05031231507839884, 0.05031231507839762, 0.0503123150783964, 0.05031231507836542, 0.05031231507833289, 0.05031231507830225, 0.05031231507826883, 0.05031231507821343, 0.05031231507767642]}, "8": {"maxiter": 500, "gtol": 1e-05, "xrtol": 1e-05, "eps": 1e-05, "duration": 0.08642911911010742, "fun": "0.050312315323795986", "jac": "[ 6.48674448e-06 -1.11867182e-06 -2.06069606e-06 -4.38648007e-06\n  2.42893483e-06  1.82116544e-06]", "hess_inv": "[[ 3.08964928  0.81937123 -0.70341031 -1.96280832  0.26792468 -0.66690977]\n [ 0.81937123  3.84968935 -0.18024055 -1.07688814  0.19415259 -2.7464452 ]\n [-0.70341031 -0.18024055  3.31719669  1.15845547 -1.83095342 -0.14772285]\n [-1.96280832 -1.07688814  1.15845547  3.45228717 -0.78630497  0.84734183]\n [ 0.26792468  0.19415259 -1.83095342 -0.78630497  2.54691079  0.09446425]\n [-0.66690977 -2.7464452  -0.14772285  0.84734183  0.09446425  3.69852365]]", "nfev": "112", "njev": "16", "status": "0", "success": "True", "message": "Optimization terminated successfully.", "x": "[ 5.00048045  4.56940554  1.59597798  1.15268904  0.40921855 -0.73906714]", "nit": "14", "callback": [0.2278579035615661, 0.19167217181002083, 0.13334634105707044, 0.0839911163426732, 0.06970023939253411, 0.055014841852565444, 0.0530703053398589, 0.05073961860053677, 0.05053569714319317, 0.05041821430901672, 0.05033079147587283, 0.05031407085717421, 0.05031234996773826, 0.050312315323795986]}, "9": {"maxiter": 500, "gtol": 1e-05, "xrtol": 1e-05, "eps": 1e-10, "duration": 0.08625054359436035, "fun": "0.05031231522217894", "jac": "[ 9.99200639e-06 -3.33066880e-06  0.00000000e+00 -3.33066880e-06\n  2.22044587e-06  4.44089173e-06]", "hess_inv": "[[ 3.08796717  0.82397729 -0.70776156 -1.96200329  0.27209894 -0.6723678 ]\n [ 0.82397729  3.85725898 -0.19358036 -1.0841113   0.20350939 -2.75301489]\n [-0.70776156 -0.19358036  3.33349601  1.16597598 -1.84323716 -0.13498979]\n [-1.96200329 -1.0841113   1.16597598  3.45222724 -0.79267972  0.85500765]\n [ 0.27209894  0.20350939 -1.84323716 -0.79267972  2.55611459  0.08595158]\n [-0.6723678  -2.75301489 -0.13498979  0.85500765  0.08595158  3.70398674]]", "nfev": "112", "njev": "16", "status": "0", "success": "True", "message": "Optimization terminated successfully.", "x": "[ 5.00048898  4.56937792  1.59601346  1.15271667  0.4092313  -0.73906919]", "nit": "14", "callback": [0.2278586678612784, 0.19167154505529704, 0.1333440309297924, 0.08399024624584395, 0.06970029260882793, 0.05501503484484538, 0.05307038402689834, 0.05073967147640712, 0.050535836861120065, 0.05041821469799579, 0.05033077147027265, 0.05031407111702513, 0.05031235017223257, 0.05031231522217894]}, "10": {"maxiter": 500, "gtol": 1e-05, "xrtol": 1e-10, "eps": 1e-05, "duration": 0.08634710311889648, "fun": "0.050312315323795986", "jac": "[ 6.48674448e-06 -1.11867182e-06 -2.06069606e-06 -4.38648007e-06\n  2.42893483e-06  1.82116544e-06]", "hess_inv": "[[ 3.08964928  0.81937123 -0.70341031 -1.96280832  0.26792468 -0.66690977]\n [ 0.81937123  3.84968935 -0.18024055 -1.07688814  0.19415259 -2.7464452 ]\n [-0.70341031 -0.18024055  3.31719669  1.15845547 -1.83095342 -0.14772285]\n [-1.96280832 -1.07688814  1.15845547  3.45228717 -0.78630497  0.84734183]\n [ 0.26792468  0.19415259 -1.83095342 -0.78630497  2.54691079  0.09446425]\n [-0.66690977 -2.7464452  -0.14772285  0.84734183  0.09446425  3.69852365]]", "nfev": "112", "njev": "16", "status": "0", "success": "True", "message": "Optimization terminated successfully.", "x": "[ 5.00048045  4.56940554  1.59597798  1.15268904  0.40921855 -0.73906714]", "nit": "14", "callback": [0.2278579035615661, 0.19167217181002083, 0.13334634105707044, 0.0839911163426732, 0.06970023939253411, 0.055014841852565444, 0.0530703053398589, 0.05073961860053677, 0.05053569714319317, 0.05041821430901672, 0.05033079147587283, 0.05031407085717421, 0.05031234996773826, 0.050312315323795986]}, "11": {"maxiter": 500, "gtol": 1e-05, "xrtol": 1e-10, "eps": 1e-10, "duration": 0.08583903312683105, "fun": "0.05031231522217894", "jac": "[ 9.99200639e-06 -3.33066880e-06  0.00000000e+00 -3.33066880e-06\n  2.22044587e-06  4.44089173e-06]", "hess_inv": "[[ 3.08796717  0.82397729 -0.70776156 -1.96200329  0.27209894 -0.6723678 ]\n [ 0.82397729  3.85725898 -0.19358036 -1.0841113   0.20350939 -2.75301489]\n [-0.70776156 -0.19358036  3.33349601  1.16597598 -1.84323716 -0.13498979]\n [-1.96200329 -1.0841113   1.16597598  3.45222724 -0.79267972  0.85500765]\n [ 0.27209894  0.20350939 -1.84323716 -0.79267972  2.55611459  0.08595158]\n [-0.6723678  -2.75301489 -0.13498979  0.85500765  0.08595158  3.70398674]]", "nfev": "112", "njev": "16", "status": "0", "success": "True", "message": "Optimization terminated successfully.", "x": "[ 5.00048898  4.56937792  1.59601346  1.15271667  0.4092313  -0.73906919]", "nit": "14", "callback": [0.2278586678612784, 0.19167154505529704, 0.1333440309297924, 0.08399024624584395, 0.06970029260882793, 0.05501503484484538, 0.05307038402689834, 0.05073967147640712, 0.050535836861120065, 0.05041821469799579, 0.05033077147027265, 0.05031407111702513, 0.05031235017223257, 0.05031231522217894]}, "12": {"maxiter": 500, "gtol": 1e-10, "xrtol": 1e-05, "eps": 1e-05, "duration": 0.12038373947143555, "fun": "0.05031231508257883", "jac": "[ 7.78488385e-07 -6.61082300e-07  6.64823752e-07  1.73905335e-07\n  8.29858404e-07 -2.76034751e-07]", "hess_inv": "[[ 3.26623762  0.89575133 -0.88040163 -2.15862661  0.39582649 -0.71708791]\n [ 0.89575133  3.80347031 -0.20038322 -1.14462452  0.20819123 -2.69163785]\n [-0.88040163 -0.20038322  3.45443988  1.34264813 -1.92976324 -0.15188823]\n [-2.15862661 -1.14462452  1.34264813  3.66579965 -0.91930008  0.88661035]\n [ 0.39582649  0.20819123 -1.92976324 -0.91930008  2.6180457   0.09797377]\n [-0.71708791 -2.69163785 -0.15188823  0.88661035  0.09797377  3.63892074]]", "nfev": "119", "njev": "17", "status": "0", "success": "True", "message": "Optimization terminated successfully.", "x": "[ 5.00044933  4.56940295  1.59600144  1.15272123  0.40920167 -0.73906879]", "nit": "15", "callback": [0.2278579035615661, 0.19167217181002083, 0.13334634105707044, 0.0839911163426732, 0.06970023939253411, 0.055014841852565444, 0.0530703053398589, 0.05073961860053677, 0.05053569714319317, 0.05041821430901672, 0.05033079147587283, 0.05031407085717421, 0.05031234996773826, 0.050312315323795986, 0.05031231508257883]}, "13": {"maxiter": 500, "gtol": 1e-10, "xrtol": 1e-05, "eps": 1e-10, "duration": 0.10908746719360352, "fun": "0.05031231509387113", "jac": "[-5.55111466e-06 -4.44089173e-06  1.11022293e-06 -4.44089173e-06\n -4.44089173e-06 -4.44089173e-06]", "hess_inv": "[[ 3.3003982   0.88428728 -0.90723245 -2.17373191  0.415841   -0.70305568]\n [ 0.88428728  3.72701051 -0.14747852 -1.09919777  0.16979837 -2.62129603]\n [-0.90723245 -0.14747852  3.44918249  1.33340093 -1.92626171 -0.20406902]\n [-2.17373191 -1.09919777  1.33340093  3.64950019 -0.91317947  0.84269008]\n [ 0.415841    0.16979837 -1.92626171 -0.91317947  2.61569607  0.13619746]\n [-0.70305568 -2.62129603 -0.20406902  0.84269008  0.13619746  3.57460133]]", "nfev": "119", "njev": "17", "status": "0", "success": "True", "message": "Optimization terminated successfully.", "x": "[ 5.0004539   4.5693891   1.5960