{"date": "2024/10/08/, 14:55:53", "conf_id": 6, "data_type": "random\n", "num_data_points": 1, "s_rank": 0, "unitary": "[[-0.56303964-0.00798273j,-0.21670212-0.15784972j,-0.06047197-0.73952673j,-0.01438004+0.24552571j],[-0.06976756+0.23474685j,-0.01275565-0.5435098j,-0.02703657-0.08917885j,-0.08210486-0.79311774j],[-0.38559961+0.10714929j,0.5933431-0.2687392j,-0.24060861+0.29149289j,-0.45147719+0.26241743j],[-0.50180421+0.45931857j,-0.11617175+0.44134496j,0.49642745+0.22684508j,-0.08544628-0.15407063j]]", "databatch_0": {"databatch": "[[[0.11096773-0.07836851j,-0.19388433+0.09069114j,0.08827422-0.08731563j,0.1920038+0.10781195j],[0.07523734-0.21089263j,-0.17451617+0.34913665j,-0.04069336-0.16236217j,0.29306809-0.20220965j],[0.03763085+0.15366371j,-0.11536663-0.22454734j,-0.07401196-0.02583415j,0.15126961-0.08239015j],[0.23619754-0.05822173j,-0.25955159+0.15063308j,0.08449099+0.24417336j,-0.41708822+0.00241639j]]]", "initial param values": "[1.99696238,3.01285986,2.83648856,0.65201655,3.69530005,4.71689533]", "nelder_mead": {"type": "gradient-free", "0": {"maxiter": 100, "fatol": 1e-05, "xatol": 1e-05, "duration": 0.0599210262298584, "fun": "0.1826613471161065", "nit": "100", "nfev": "158", "status": "2", "success": "False", "message": "Maximum number of iterations has been exceeded.", "x": "[ 0.50877241  2.15621844  4.42343289 -0.64999608  3.77956376  8.70213381]", "final_simplex": "(array([[ 0.50877241,  2.15621844,  4.42343289, -0.64999608,  3.77956376,\n         8.70213381],\n       [ 0.47240265,  2.12966547,  4.37397842, -0.67477943,  3.74623572,\n         8.7404983 ],\n       [ 0.45421063,  2.13064421,  4.42227332, -0.67432437,  3.75383432,\n         8.70894663],\n       [ 0.52820811,  2.16037717,  4.3745201 , -0.62030788,  3.82456693,\n         8.68310516],\n       [ 0.53849791,  2.19547898,  4.303723  , -0.64921739,  3.81433249,\n         8.66022082],\n       [ 0.46857509,  2.18543305,  4.34778989, -0.71084164,  3.71722302,\n         8.82793244],\n       [ 0.49770572,  2.12868137,  4.37665393, -0.64637515,  3.85482138,\n         8.70356581]]), array([0.18266135, 0.18304915, 0.1835313 , 0.18359454, 0.18364662,\n       0.1837807 , 0.18407557]))", "callback": [0.9122893795514819, 0.8361818208287113, 0.8167400239791326, 0.3584863325243782, 0.28620622464561496, 0.28190677324467295, 0.2653266271204284, 0.24523390960739744, 0.18442919698499827, 0.18442919698499827]}, "1": {"maxiter": 100, "fatol": 1e-05, "xatol": 1e-10, "duration": 0.04920077323913574, "fun": "0.1826613471161065", "nit": "100", "nfev": "158", "status": "2", "success": "False", "message": "Maximum number of iterations has been exceeded.", "x": "[ 0.50877241  2.15621844  4.42343289 -0.64999608  3.77956376  8.70213381]", "final_simplex": "(array([[ 0.50877241,  2.15621844,  4.42343289, -0.64999608,  3.77956376,\n         8.70213381],\n       [ 0.47240265,  2.12966547,  4.37397842, -0.67477943,  3.74623572,\n         8.7404983 ],\n       [ 0.45421063,  2.13064421,  4.42227332, -0.67432437,  3.75383432,\n         8.70894663],\n       [ 0.52820811,  2.16037717,  4.3745201 , -0.62030788,  3.82456693,\n         8.68310516],\n       [ 0.53849791,  2.19547898,  4.303723  , -0.64921739,  3.81433249,\n         8.66022082],\n       [ 0.46857509,  2.18543305,  4.34778989, -0.71084164,  3.71722302,\n         8.82793244],\n       [ 0.49770572,  2.12868137,  4.37665393, -0.64637515,  3.85482138,\n         8.70356581]]), array([0.18266135, 0.18304915, 0.1835313 , 0.18359454, 0.18364662,\n       0.1837807 , 0.18407557]))", "callback": [0.9122893795514819, 0.8361818208287113, 0.8167400239791326, 0.3584863325243782, 0.28620622464561496, 0.28190677324467295, 0.2653266271204284, 0.24523390960739744, 0.18442919698499827, 0.18442919698499827]}, "2": {"maxiter": 100, "fatol": 1e-10, "xatol": 1e-05, "duration": 0.0416409969329834, "fun": "0.1826613471161065", "nit": "100", "nfev": "158", "status": "2", "success": "False", "message": "Maximum number of iterations has been exceeded.", "x": "[ 0.50877241  2.15621844  4.42343289 -0.64999608  3.77956376  8.70213381]", "final_simplex": "(array([[ 0.50877241,  2.15621844,  4.42343289, -0.64999608,  3.77956376,\n         8.70213381],\n       [ 0.47240265,  2.12966547,  4.37397842, -0.67477943,  3.74623572,\n         8.7404983 ],\n       [ 0.45421063,  2.13064421,  4.42227332, -0.67432437,  3.75383432,\n         8.70894663],\n       [ 0.52820811,  2.16037717,  4.3745201 , -0.62030788,  3.82456693,\n         8.68310516],\n       [ 0.53849791,  2.19547898,  4.303723  , -0.64921739,  3.81433249,\n         8.66022082],\n       [ 0.46857509,  2.18543305,  4.34778989, -0.71084164,  3.71722302,\n         8.82793244],\n       [ 0.49770572,  2.12868137,  4.37665393, -0.64637515,  3.85482138,\n         8.70356581]]), array([0.18266135, 0.18304915, 0.1835313 , 0.18359454, 0.18364662,\n       0.1837807 , 0.18407557]))", "callback": [0.9122893795514819, 0.8361818208287113, 0.8167400239791326, 0.3584863325243782, 0.28620622464561496, 0.28190677324467295, 0.2653266271204284, 0.24523390960739744, 0.18442919698499827, 0.18442919698499827]}, "3": {"maxiter": 100, "fatol": 1e-10, "xatol": 1e-10, "duration": 0.044731855392456055, "fun": "0.1826613471161065", "nit": "100", "nfev": "158", "status": "2", "success": "False", "message": "Maximum number of iterations has been exceeded.", "x": "[ 0.50877241  2.15621844  4.42343289 -0.64999608  3.77956376  8.70213381]", "final_simplex": "(array([[ 0.50877241,  2.15621844,  4.42343289, -0.64999608,  3.77956376,\n         8.70213381],\n       [ 0.47240265,  2.12966547,  4.37397842, -0.67477943,  3.74623572,\n         8.7404983 ],\n       [ 0.45421063,  2.13064421,  4.42227332, -0.67432437,  3.75383432,\n         8.70894663],\n       [ 0.52820811,  2.16037717,  4.3745201 , -0.62030788,  3.82456693,\n         8.68310516],\n       [ 0.53849791,  2.19547898,  4.303723  , -0.64921739,  3.81433249,\n         8.66022082],\n       [ 0.46857509,  2.18543305,  4.34778989, -0.71084164,  3.71722302,\n         8.82793244],\n       [ 0.49770572,  2.12868137,  4.37665393, -0.64637515,  3.85482138,\n         8.70356581]]), array([0.18266135, 0.18304915, 0.1835313 , 0.18359454, 0.18364662,\n       0.1837807 , 0.18407557]))", "callback": [0.9122893795514819, 0.8361818208287113, 0.8167400239791326, 0.3584863325243782, 0.28620622464561496, 0.28190677324467295, 0.2653266271204284, 0.24523390960739744, 0.18442919698499827, 0.18442919698499827]}, "4": {"maxiter": 500, "fatol": 1e-05, "xatol": 1e-05, "duration": 0.15646886825561523, "fun": "0.16644085848831824", "nit": "322", "nfev": "514", "status": "0", "success": "True", "message": "Optimization terminated successfully.", "x": "[ 0.62356716  1.52893242  5.07707968 -1.01172084  4.00412481  8.55210791]", "final_simplex": "(array([[ 0.62356716,  1.52893242,  5.07707968, -1.01172084,  4.00412481,\n         8.55210791],\n       [ 0.62356749,  1.52892792,  5.07708052, -1.01171927,  4.00412606,\n         8.55210486],\n       [ 0.62356596,  1.52892821,  5.07708207, -1.01172239,  4.00412503,\n         8.55210738],\n       [ 0.6235682 ,  1.52892553,  5.07708482, -1.01172309,  4.00412405,\n         8.55210681],\n       [ 0.62356804,  1.52893838,  5.07707151, -1.01171931,  4.00411942,\n         8.55210859],\n       [ 0.62356893,  1.52892869,  5.07708395, -1.01172639,  4.00412519,\n         8.55210727],\n       [ 0.62356644,  1.52893249,  5.07707886, -1.01172218,  4.00412323,\n         8.55211071]]), array([0.16644086, 0.16644086, 0.16644086, 0.16644086, 0.16644086,\n       0.16644086, 0.16644086]))", "callback": [0.9122893795514819, 0.8361818208287113, 0.8167400239791326, 0.3584863325243782, 0.28620622464561496, 0.28190677324467295, 0.2653266271204284, 0.24523390960739744, 0.18442919698499827, 0.18442919698499827, 0.1826613471161065, 0.18200206530586482, 0.18142478422403063, 0.17993001897651761, 0.17818579413007063, 0.1757679469897202, 0.1717901758297814, 0.1675566497596246, 0.16682374734266858, 0.16655658241496352, 0.16647445002940997, 0.16645155730572703, 0.1664427884235089, 0.16644138201710112, 0.1664409251665666, 0.16644089925516403, 0.1664408670336981, 0.1664408600245184, 0.16644085866159708, 0.16644085859729796, 0.16644085851363188, 0.16644085849198442, 0.16644085848831824]}, "5": {"maxiter": 500, "fatol": 1e-05, "xatol": 1e-10, "duration": 0.23595118522644043, "fun": "0.16644085848641565", "nit": "443", "nfev": "772", "status": "0", "success": "True", "message": "Optimization terminated successfully.", "x": "[ 0.62356879  1.52893252  5.0770775  -1.01172092  4.00412482  8.55210609]", "final_simplex": "(array([[ 0.62356879,  1.52893252,  5.0770775 , -1.01172092,  4.00412482,\n         8.55210609],\n       [ 0.62356879,  1.52893252,  5.0770775 , -1.01172092,  4.00412482,\n         8.55210609],\n       [ 0.62356879,  1.52893252,  5.0770775 , -1.01172092,  4.00412482,\n         8.55210609],\n       [ 0.62356879,  1.52893252,  5.0770775 , -1.01172092,  4.00412482,\n         8.55210609],\n       [ 0.62356879,  1.52893252,  5.0770775 , -1.01172092,  4.00412482,\n         8.55210609],\n       [ 0.62356879,  1.52893252,  5.0770775 , -1.01172092,  4.00412482,\n         8.55210609],\n       [ 0.62356879,  1.52893252,  5.0770775 , -1.01172092,  4.00412482,\n         8.55210609]]), array([0.16644086, 0.16644086, 0.16644086, 0.16644086, 0.16644086,\n       0.16644086, 0.16644086]))", "callback": [0.9122893795514819, 0.8361818208287113, 0.8167400239791326, 0.3584863325243782, 0.28620622464561496, 0.28190677324467295, 0.2653266271204284, 0.24523390960739744, 0.18442919698499827, 0.18442919698499827, 0.1826613471161065, 0.18200206530586482, 0.18142478422403063, 0.17993001897651761, 0.17818579413007063, 0.1757679469897202, 0.1717901758297814, 0.1675566497596246, 0.16682374734266858, 0.16655658241496352, 0.16647445002940997, 0.16645155730572703, 0.1664427884235089, 0.16644138201710112, 0.1664409251665666, 0.16644089925516403, 0.1664408670336981, 0.1664408600245184, 0.16644085866159708, 0.16644085859729796, 0.16644085851363188, 0.16644085849198442, 0.16644085848831824, 0.16644085848673673, 0.16644085848658308, 0.1664408584865109, 0.16644085848644619, 0.16644085848643542, 0.16644085848642898, 0.166440858486418, 0.166440858486417, 0.1664408584864161, 0.16644085848641565, 0.16644085848641565, 0.16644085848641565]}, "6": {"maxiter": 500, "fatol": 1e-10, "xatol": 1e-05, "duration": 0.17121601104736328, "fun": "0.16644085848831824", "nit": "322", "nfev": "514", "status": "0", "success": "True", "message": "Optimization terminated successfully.", "x": "[ 0.62356716  1.52893242  5.07707968 -1.01172084  4.00412481  8.55210791]", "final_simplex": "(array([[ 0.62356716,  1.52893242,  5.07707968, -1.01172084,  4.00412481,\n         8.55210791],\n       [ 0.62356749,  1.52892792,  5.07708052, -1.01171927,  4.00412606,\n         8.55210486],\n       [ 0.62356596,  1.52892821,  5.07708207, -1.01172239,  4.00412503,\n         8.55210738],\n       [ 0.6235682 ,  1.52892553,  5.07708482, -1.01172309,  4.00412405,\n         8.55210681],\n       [ 0.62356804,  1.52893838,  5.07707151, -1.01171931,  4.00411942,\n         8.55210859],\n       [ 0.62356893,  1.52892869,  5.07708395, -1.01172639,  4.00412519,\n         8.55210727],\n       [ 0.62356644,  1.52893249,  5.07707886, -1.01172218,  4.00412323,\n         8.55211071]]), array([0.16644086, 0.16644086, 0.16644086, 0.16644086, 0.16644086,\n       0.16644086, 0.16644086]))", "callback": [0.9122893795514819, 0.8361818208287113, 0.8167400239791326, 0.3584863325243782, 0.28620622464561496, 0.28190677324467295, 0.2653266271204284, 0.24523390960739744, 0.18442919698499827, 0.18442919698499827, 0.1826613471161065, 0.18200206530586482, 0.18142478422403063, 0.17993001897651761, 0.17818579413007063, 0.1757679469897202, 0.1717901758297814, 0.1675566497596246, 0.16682374734266858, 0.16655658241496352, 0.16647445002940997, 0.16645155730572703, 0.1664427884235089, 0.16644138201710112, 0.1664409251665666, 0.16644089925516403, 0.1664408670336981, 0.1664408600245184, 0.16644085866159708, 0.16644085859729796, 0.16644085851363188, 0.16644085849198442, 0.16644085848831824]}, "7": {"maxiter": 500, "fatol": 1e-10, "xatol": 1e-10, "duration": 0.2430720329284668, "fun": "0.16644085848641565", "nit": "443", "nfev": "772", "status": "0", "success": "True", "message": "Optimization terminated successfully.", "x": "[ 0.62356879  1.52893252  5.0770775  -1.01172092  4.00412482  8.55210609]", "final_simplex": "(array([[ 0.62356879,  1.52893252,  5.0770775 , -1.01172092,  4.00412482,\n         8.55210609],\n       [ 0.62356879,  1.52893252,  5.0770775 , -1.01172092,  4.00412482,\n         8.55210609],\n       [ 0.62356879,  1.52893252,  5.0770775 , -1.01172092,  4.00412482,\n         8.55210609],\n       [ 0.62356879,  1.52893252,  5.0770775 , -1.01172092,  4.00412482,\n         8.55210609],\n       [ 0.62356879,  1.52893252,  5.0770775 , -1.01172092,  4.00412482,\n         8.55210609],\n       [ 0.62356879,  1.52893252,  5.0770775 , -1.01172092,  4.00412482,\n         8.55210609],\n       [ 0.62356879,  1.52893252,  5.0770775 , -1.01172092,  4.00412482,\n         8.55210609]]), array([0.16644086, 0.16644086, 0.16644086, 0.16644086, 0.16644086,\n       0.16644086, 0.16644086]))", "callback": [0.9122893795514819, 0.8361818208287113, 0.8167400239791326, 0.3584863325243782, 0.28620622464561496, 0.28190677324467295, 0.2653266271204284, 0.24523390960739744, 0.18442919698499827, 0.18442919698499827, 0.1826613471161065, 0.18200206530586482, 0.18142478422403063, 0.17993001897651761, 0.17818579413007063, 0.1757679469897202, 0.1717901758297814, 0.1675566497596246, 0.16682374734266858, 0.16655658241496352, 0.16647445002940997, 0.16645155730572703, 0.1664427884235089, 0.16644138201710112, 0.1664409251665666, 0.16644089925516403, 0.1664408670336981, 0.1664408600245184, 0.16644085866159708, 0.16644085859729796, 0.16644085851363188, 0.16644085849198442, 0.16644085848831824, 0.16644085848673673, 0.16644085848658308, 0.1664408584865109, 0.16644085848644619, 0.16644085848643542, 0.16644085848642898, 0.166440858486418, 0.166440858486417, 0.1664408584864161, 0.16644085848641565, 0.16644085848641565, 0.16644085848641565]}, "8": {"maxiter": 1000, "fatol": 1e-05, "xatol": 1e-05, "duration": 0.17813897132873535, "fun": "0.16644085848831824", "nit": "322", "nfev": "514", "status": "0", "success": "True", "message": "Optimization terminated successfully.", "x": "[ 0.62356716  1.52893242  5.07707968 -1.01172084  4.00412481  8.55210791]", "final_simplex": "(array([[ 0.62356716,  1.52893242,  5.07707968, -1.01172084,  4.00412481,\n         8.55210791],\n       [ 0.62356749,  1.52892792,  5.07708052, -1.01171927,  4.00412606,\n         8.55210486],\n       [ 0.62356596,  1.52892821,  5.07708207, -1.01172239,  4.00412503,\n         8.55210738],\n       [ 0.6235682 ,  1.52892553,  5.07708482, -1.01172309,  4.00412405,\n         8.55210681],\n       [ 0.62356804,  1.52893838,  5.07707151, -1.01171931,  4.00411942,\n         8.55210859],\n       [ 0.62356893,  1.52892869,  5.07708395, -1.01172639,  4.00412519,\n         8.55210727],\n       [ 0.62356644,  1.52893249,  5.07707886, -1.01172218,  4.00412323,\n         8.55211071]]), array([0.16644086, 0.16644086, 0.16644086, 0.16644086, 0.16644086,\n       0.16644086, 0.16644086]))", "callback": [0.9122893795514819, 0.8361818208287113, 0.8167400239791326, 0.3584863325243782, 0.28620622464561496, 0.28190677324467295, 0.2653266271204284, 0.24523390960739744, 0.18442919698499827, 0.18442919698499827, 0.1826613471161065, 0.18200206530586482, 0.18142478422403063, 0.17993001897651761, 0.17818579413007063, 0.1757679469897202, 0.1717901758297814, 0.1675566497596246, 0.16682374734266858, 0.16655658241496352, 0.16647445002940997, 0.16645155730572703, 0.1664427884235089, 0.16644138201710112, 0.1664409251665666, 0.16644089925516403, 0.1664408670336981, 0.1664408600245184, 0.16644085866159708, 0.16644085859729796, 0.16644085851363188, 0.16644085849198442, 0.16644085848831824]}, "9": {"maxiter": 1000, "fatol": 1e-05, "xatol": 1e-10, "duration": 0.24608588218688965, "fun": "0.16644085848641565", "nit": "443", "nfev": "772", "status": "0", "success": "True", "message": "Optimization terminated successfully.", "x": "[ 0.62356879  1.52893252  5.0770775  -1.01172092  4.00412482  8.55210609]", "final_simplex": "(array([[ 0.62356879,  1.52893252,  5.0770775 , -1.01172092,  4.00412482,\n         8.55210609],\n       [ 0.62356879,  1.52893252,  5.0770775 , -1.01172092,  4.00412482,\n         8.55210609],\n       [ 0.62356879,  1.52893252,  5.0770775 , -1.01172092,  4.00412482,\n         8.55210609],\n       [ 0.62356879,  1.52893252,  5.0770775 , -1.01172092,  4.00412482,\n         8.55210609],\n       [ 0.62356879,  1.52893252,  5.0770775 , -1.01172092,  4.00412482,\n         8.55210609],\n       [ 0.62356879,  1.52893252,  5.0770775 , -1.01172092,  4.00412482,\n         8.55210609],\n       [ 0.62356879,  1.52893252,  5.0770775 , -1.01172092,  4.00412482,\n         8.55210609]]), array([0.16644086, 0.16644086, 0.16644086, 0.16644086, 0.16644086,\n       0.16644086, 0.16644086]))", "callback": [0.9122893795514819, 0.8361818208287113, 0.8167400239791326, 0.3584863325243782, 0.28620622464561496, 0.28190677324467295, 0.2653266271204284, 0.24523390960739744, 0.18442919698499827, 0.18442919698499827, 0.1826613471161065, 0.18200206530586482, 0.18142478422403063, 0.17993001897651761, 0.17818579413007063, 0.1757679469897202, 0.1717901758297814, 0.1675566497596246, 0.16682374734266858, 0.16655658241496352, 0.16647445002940997, 0.16645155730572703, 0.1664427884235089, 0.16644138201710112, 0.1664409251665666, 0.16644089925516403, 0.1664408670336981, 0.1664408600245184, 0.16644085866159708, 0.16644085859729796, 0.16644085851363188, 0.16644085849198442, 0.16644085848831824, 0.16644085848673673, 0.16644085848658308, 0.1664408584865109, 0.16644085848644619, 0.16644085848643542, 0.16644085848642898, 0.166440858486418, 0.166440858486417, 0.1664408584864161, 0.16644085848641565, 0.16644085848641565, 0.16644085848641565]}, "10": {"maxiter": 1000, "fatol": 1e-10, "xatol": 1e-05, "duration": 0.15242815017700195, "fun": "0.16644085848831824", "nit": "322", "nfev": "514", "status": "0", "success": "True", "message": "Optimization terminated successfully.", "x": "[ 0.62356716  1.52893242  5.07707968 -1.01172084  4.00412481  8.55210791]", "final_simplex": "(array([[ 0.62356716,  1.52893242,  5.07707968, -1.01172084,  4.00412481,\n         8.55210791],\n       [ 0.62356749,  1.52892792,  5.07708052, -1.01171927,  4.00412606,\n         8.55210486],\n       [ 0.62356596,  1.52892821,  5.07708207, -1.01172239,  4.00412503,\n         8.55210738],\n       [ 0.6235682 ,  1.52892553,  5.07708482, -1.01172309,  4.00412405,\n         8.55210681],\n       [ 0.62356804,  1.52893838,  5.07707151, -1.01171931,  4.00411942,\n         8.55210859],\n       [ 0.62356893,  1.52892869,  5.07708395, -1.01172639,  4.00412519,\n         8.55210727],\n       [ 0.62356644,  1.52893249,  5.07707886, -1.01172218,  4.00412323,\n         8.55211071]]), array([0.16644086, 0.16644086, 0.16644086, 0.16644086, 0.16644086,\n       0.16644086, 0.16644086]))", "callback": [0.9122893795514819, 0.8361818208287113, 0.8167400239791326, 0.3584863325243782, 0.28620622464561496, 0.28190677324467295, 0.2653266271204284, 0.24523390960739744, 0.18442919698499827, 0.18442919698499827, 0.1826613471161065, 0.18200206530586482, 0.18142478422403063, 0.17993001897651761, 0.17818579413007063, 0.1757679469897202, 0.1717901758297814, 0.1675566497596246, 0.16682374734266858, 0.16655658241496352, 0.16647445002940997, 0.16645155730572703, 0.1664427884235089, 0.16644138201710112, 0.1664409251665666, 0.16644089925516403, 0.1664408670336981, 0.1664408600245184, 0.16644085866159708, 0.16644085859729796, 0.16644085851363188, 0.16644085849198442, 0.16644085848831824]}, "11": {"maxiter": 1000, "fatol": 1e-10, "xatol": 1e-10, "duration": 0.2464001178741455, "fun": "0.16644085848641565", "nit": "443", "nfev": "772", "status": "0", "success": "True", "message": "Optimization terminated successfully.", "x": "[ 0.62356879  1.52893252  5.0770775  -1.01172092  4.00412482  8.55210609]", "final_simplex": "(array([[ 0.62356879,  1.52893252,  5.0770775 , -1.01172092,  4.00412482,\n         8.55210609],\n       [ 0.62356879,  1.52893252,  5.0770775 , -1.01172092,  4.00412482,\n         8.55210609],\n       [ 0.62356879,  1.52893252,  5.0770775 , -1.01172092,  4.00412482,\n         8.55210609],\n       [ 0.62356879,  1.52893252,  5.0770775 , -1.01172092,  4.00412482,\n         8.55210609],\n       [ 0.62356879,  1.52893252,  5.0770775 , -1.01172092,  4.00412482,\n         8.55210609],\n       [ 0.62356879,  1.52893252,  5.0770775 , -1.01172092,  4.00412482,\n         8.55210609],\n       [ 0.62356879,  1.52893252,  5.0770775 , -1.01172092,  4.00412482,\n         8.55210609]]), array([0.16644086, 0.16644086, 0.16644086, 0.16644086, 0.16644086,\n       0.16644086, 0.16644086]))", "callback": [0.9122893795514819, 0.8361818208287113, 0.8167400239791326, 0.3584863325243782, 0.28620622464561496, 0.28190677324467295, 0.2653266271204284, 0.24523390960739744, 0.18442919698499827, 0.18442919698499827, 0.1826613471161065, 0.18200206530586482, 0.18142478422403063, 0.17993001897651761, 0.17818579413007063, 0.1757679469897202, 0.1717901758297814, 0.1675566497596246, 0.16682374734266858, 0.16655658241496352, 0.16647445002940997, 0.16645155730572703, 0.1664427884235089, 0.16644138201710112, 0.1664409251665666, 0.16644089925516403, 0.1664408670336981, 0.1664408600245184, 0.16644085866159708, 0.16644085859729796, 0.16644085851363188, 0.16644085849198442, 0.16644085848831824, 0.16644085848673673, 0.16644085848658308, 0.1664408584865109, 0.16644085848644619, 0.16644085848643542, 0.16644085848642898, 0.166440858486418, 0.166440858486417, 0.1664408584864161, 0.16644085848641565, 0.16644085848641565, 0.16644085848641565]}}, "bfgs": {"type": "gradient", "0": {"maxiter": 100, "gtol": 1e-05, "xrtol": 1e-05, "eps": 1e-05, "duration": 0.09022116661071777, "fun": "0.16644085880412485", "jac": "[ 3.33391093e-06  3.93243216e-06  4.16713331e-06 -6.95211666e-06\n -4.58448834e-06 -5.57522917e-06]", "hess_inv": "[[  2.95465313  -1.69373501   1.94384833   1.05961716   1.27539037\n   -0.88108268]\n [ -1.69373501  13.68335969 -13.74269001  -4.9092743   -4.03566698\n    3.58518745]\n [  1.94384833 -13.74269001  16.81842583   6.14552984   4.91904489\n   -3.71857896]\n [  1.05961716  -4.9092743    6.14552984   5.07018545   1.20547663\n   -0.56295596]\n [  1.27539037  -4.03566698   4.91904489   1.20547663   5.60432475\n   -3.94447026]\n [ -0.88108268   3.58518745  -3.71857896  -0.56295596  -3.94447026\n    5.61626285]]", "nfev": "308", "njev": "44", "status": "0", "success": "True", "message": "Optimization terminated successfully.", "x": "[0.62356359 1.52897745 5.07702393 1.01166953 0.86251683 5.41049664]", "nit": "34", "callback": [0.8581944474043689, 0.8406929987446605, 0.8100265542946896, 0.7593183612359566, 0.49320290960179747, 0.44651354998256565, 0.36919578811664866, 0.2793841111905001, 0.26803022933439835, 0.26336945221488595, 0.2586076778159776, 0.2559488063989459, 0.2537002741146017, 0.2520497472016846, 0.25130223577099053, 0.25108268781085274, 0.2510054463025957, 0.2508802234973406, 0.24974131145552037, 0.2484490480745012, 0.2292576601105033, 0.22883812380983481, 0.21368602165982997, 0.19096390726973445, 0.18195330992611103, 0.1785571172086997, 0.17477798431150804, 0.16896507285728724, 0.1666316691722265, 0.16646134035623716, 0.1664421726183356, 0.1664410327099699, 0.16644086706137107, 0.16644085880412485]}, "1": {"maxiter": 100, "gtol": 1e-05, "xrtol": 1e-05, "eps": 1e-10, "duration": 0.09049296379089355, "fun": "0.16644085884566584", "jac": "[ 4.44089173e-06  6.66133760e-06  7.77156053e-06  2.22044587e-06\n -3.33066880e-06 -5.55111466e-06]", "hess_inv": "[[  2.95162589  -1.5310228    1.72170017   1.01054432   1.28532118\n   -0.91627011]\n [ -1.5310228   13.71744462 -13.5765761   -5.1843913   -3.98492459\n    3.59668595]\n [  1.72170017 -13.5765761   16.43864036   6.33801534   4.82200145\n   -3.67551527]\n [  1.01054432  -5.1843913    6.33801534   5.55199557   1.26113769\n   -0.64367317]\n [  1.28532118  -3.98492459   4.82200145   1.26113769   5.47476131\n   -3.92610012]\n [ -0.91627011   3.59668595  -3.67551527  -0.64367317  -3.92610012\n    5.55316891]]", "nfev": "308", "njev": "44", "status": "0", "success": "True", "message": "Optimization terminated successfully.", "x": "[0.62359343 1.52886561 5.07716925 1.01176396 0.86256381 5.4104754 ]", "nit": "34", "callback": [0.858194287689575, 0.8406930289667937, 0.8100267417596275, 0.7593185665467708, 0.49321269002941015, 0.44652043231124106, 0.36919871510711577, 0.2793841433986498, 0.26803025839732797, 0.2633693279256194, 0.2586075257492243, 0.25594804915270697, 0.2536995500528244, 0.2520493423213167, 0.2513018158232697, 0.25108218216781397, 0.2510048521428382, 0.2508795205837455, 0.24974139780605364, 0.2484473899338866, 0.22944790228122225, 0.22900683212739215, 0.21316633059297296, 0.18994845869176036, 0.18191423382673833, 0.17856411418378493, 0.17445161313533997, 0.1684356966388575, 0.16661738779183333, 0.16646057679898685, 0.1664418491117322, 0.166440978751217, 0.1664408644579708, 0.16644085884566584]}, "2": {"maxiter": 100, "gtol": 1e-05, "xrtol": 1e-10, "eps": 1e-05, "duration": 0.10227394104003906, "fun": "0.16644085880412485", "jac": "[ 3.33391093e-06  3.93243216e-06  4.16713331e-06 -6.95211666e-06\n -4.58448834e-06 -5.57522917e-06]", "hess_inv": "[[  2.95465313  -1.69373501   1.94384833   1.05961716   1.27539037\n   -0.88108268]\n [ -1.69373501  13.68335969 -13.74269001  -4.9092743   -4.03566698\n    3.58518745]\n [  1.94384833 -13.74269001  16.81842583   6.14552984   4.91904489\n   -3.71857896]\n [  1.05961716  -4.9092743    6.14552984   5.07018545   1.20547663\n   -0.56295596]\n [  1.27539037  -4.03566698   4.91904489   1.20547663   5.60432475\n   -3.94447026]\n [ -0.88108268   3.58518745  -3.71857896  -0.56295596  -3.94447026\n    5.61626285]]", "nfev": "308", "njev": "44", "status": "0", "success": "True", "message": "Optimization terminated successfully.", "x": "[0.62356359 1.52897745 5.07702393 1.01166953 0.86251683 5.41049664]", "nit": "34", "callback": [0.8581944474043689, 0.8406929987446605, 0.8100265542946896, 0.7593183612359566, 0.49320290960179747, 0.44651354998256565, 0.36919578811664866, 0.2793841111905001, 0.26803022933439835, 0.26336945221488595, 0.2586076778159776, 0.2559488063989459, 0.2537002741146017, 0.2520497472016846, 0.25130223577099053, 0.25108268781085274, 0.2510054463025957, 0.2508802234973406, 0.24974131145552037, 0.2484490480745012, 0.2292576601105033, 0.22883812380983481, 0.21368602165982997, 0.19096390726973445, 0.18195330992611103, 0.1785571172086997, 0.17477798431150804, 0.16896507285728724, 0.1666316691722265, 0.16646134035623716, 0.1664421726183356, 0.1664410327099699, 0.16644086706137107, 0.16644085880412485]}, "3": {"maxiter": 100, "gtol": 1e-05, "xrtol": 1e-10, "eps": 1e-10, "duration": 0.08500289916992188, "fun": "0.16644085884566584", "jac": "[ 4.44089173e-06  6.66133760e-06  7.77156053e-06  2.22044587e-06\n -3.33066880e-06 -5.55111466e-06]", "hess_inv": "[[  2.95162589  -1.5310228    1.72170017   1.01054432   1.28532118\n   -0.91627011]\n [ -1.5310228   13.71744462 -13.5765761   -5.1843913   -3.98492459\n    3.59668595]\n [  1.72170017 -13.5765761   16.43864036   6.33801534   4.82200145\n   -3.67551527]\n [  1.01054432  -5.1843913    6.33801534   5.55199557   1.26113769\n   -0.64367317]\n [  1.28532118  -3.98492459   4.82200145   1.26113769   5.47476131\n   -3.92610012]\n [ -0.91627011   3.59668595  -3.67551527  -0.64367317  -3.92610012\n    5.55316891]]", "nfev": "308", "njev": "44", "status": "0", "success": "True", "message": "Optimization terminated successfully.", "x": "[0.62359343 1.52886561 5.07716925 1.01176396 0.86256381 5.4104754 ]", "nit": "34", "callback": [0.858194287689575, 0.8406930289667937, 0.8100267417596275, 0.7593185665467708, 0.49321269002941015, 0.44652043231124106, 0.36919871510711577, 0.2793841433986498, 0.26803025839732797, 0.2633693279256194, 0.2586075257492243, 0.25594804915270697, 0.2536995500528244, 0.2520493423213167, 0.2513018158232697, 0.25108218216781397, 0.2510048521428382, 0.2508795205837455, 0.24974139780605364, 0.2484473899338866, 0.22944790228122225, 0.22900683212739215, 0.21316633059297296, 0.18994845869176036, 0.18191423382673833, 0.17856411418378493, 0.17445161313533997, 0.1684356966388575, 0.16661738779183333, 0.16646057679898685, 0.1664418491117322, 0.166440978751217, 0.1664408644579708, 0.16644085884566584]}, "4": {"maxiter": 100, "gtol": 1e-10, "xrtol": 1e-05, "eps": 1e-05, "duration": 0.09649419784545898, "fun": "0.16644085854130708", "jac": "[ 9.22151244e-08  4.04853928e-07  7.32969241e-08  7.10098647e-08\n -5.10413933e-07 -8.34954328e-07]", "hess_inv": "[[  2.96033754  -1.59966192   1.85355247   0.97315313   1.25719759\n   -0.92603247]\n [ -1.59966192  13.50358411 -13.53183956  -5.15704131  -3.91047557\n    3.51014165]\n [  1.85355247 -13.53183956  16.5784414    6.35725943   4.78948075\n   -3.66129469]\n [  0.97315313  -5.15704131   6.35725943   5.57928834   1.19178628\n   -0.33491676]\n [  1.25719759  -3.91047557   4.78948075   1.19178628   5.55791845\n   -3.96478332]\n [ -0.92603247   3.51014165  -3.66129469  -0.33491676  -3.96478332\n    5.71410773]]", "nfev": "315", "njev": "45", "status": "0", "success": "True", "message": "Optimization terminated successfully.", "x": "[0.62355965 1.52895186 5.07704762 1.01170246 0.86251971 5.41051253]", "nit": "35", "callback": [0.8581944474043689, 0.8406929987446605, 0.8100265542946896, 0.7593183612359566, 0.49320290960179747, 0.44651354998256565, 0.36919578811664866, 0.2793841111905001, 0.26803022933439835, 0.26336945221488595, 0.2586076778159776, 0.2559488063989459, 0.2537002741146017, 0.2520497472016846, 0.25130223577099053, 0.25108268781085274, 0.2510054463025957, 0.2508802234973406, 0.24974131145552037, 0.2484490480745012, 0.2292576601105033, 0.22883812380983481, 0.21368602165982997, 0.19096390726973445, 0.18195330992611103, 0.1785571172086997, 0.17477798431150804, 0.16896507285728724, 0.1666316691722265, 0.16646134035623716, 0.1664421726183356, 0.1664410327099699, 0.16644086706137107, 0.16644085880412485, 0.16644085854130708]}, "5": {"maxiter": 100, "gtol": 1e-10, "xrtol": 1e-05, "eps": 1e-10, "duration": 0.11414408683776855, "fun": "0.1664408585147139", "jac": "[-2.22044587e-06 -4.44089173e-06 -4.44089173e-06  0.00000000e+00\n  0.00000000e+00  0.00000000e+00]", "hess_inv": "[[  16.3635688   -36.57301823   51.55311446   22.47599707   19.24550056\n   -20.5639406 ]\n [ -36.57301823   99.23738385 -137.98021641  -57.41603869  -48.95711119\n    54.68883304]\n [  51.55311446 -137.98021641  195.99799567   82.31637781   69.66900168\n   -76.44319796]\n [  22.47599707  -57.41603869   82.31637781   37.21820304   28.7343468\n   -31.93526619]\n [  19.24550056  -48.95711119   69.66900168   28.7343468    28.89079695\n   -30.15834225]\n [ -20.5639406    54.68883304  -76.44319796  -31.93526619  -30.15834225\n    34.32607455]]", "nfev": "329", "njev": "47", "status": "0", "success": "True", "message": "Optimization terminated successfully.", "x": "[0.62356328 1.52892903 5.07707188 1.01172522 0.86252837 5.41051895]", "nit": "36", "callback": [0.858194287689575, 0.8406930289667937, 0.8100267417596275, 0.7593185665467708, 0.49321269002941015, 0.44652043231124106, 0.36919871510711577, 0.2793841433986498, 0.26803025839732797, 0.2633693279256194, 0.2586075257492243, 0.25594804915270697, 0.2536995500528244, 0.2520493423213167, 0.2513018158232697, 0.25108218216781397, 0.2510048521428382, 0.2508795205837455, 0.24974139780605364, 0.2484473899338866, 0.22944790228122225, 0.22900683212739215, 0.21316633059297296, 0.18994845869176036, 0.18191423382673833, 0.17856411418378493, 0.17445161313533997, 0.1684356966388575, 0.16661738779183333, 0.16646057679898685, 0.1664418491117322, 0.166440978751217, 0.1664408644579708, 0.16644085884566584, 0.16644085851569068, 0.1664408585147139]}, "6": {"maxiter": 100, "gtol": 1e-10, "xrtol": 1e-10, "eps": 1e-05, "duration": 0.17656517028808594, "fun": "0.16644085853221835", "jac": "[-3.77475828e-10 -3.10862447e-10 -6.66133815e-10  1.31006317e-09\n  2.33146835e-10 -6.21724894e-10]", "hess_inv": "[[  2.95589984  -1.58282933   1.83501656   0.98405437   1.25128903\n   -0.93117727]\n [ -1.58282933  13.78581238 -13.80974072  -5.33708129  -3.92698141\n    3.26708283]\n [  1.83501656 -13.80974072  16.85162279   6.53919656   4.80249485\n   -3.4143786 ]\n [  0.98405437  -5.33708129   6.53919656   5.64623706   1.24014118\n   -0.26956432]\n [  1.25128903  -3.92698141   4.80249485   1.24014118   5.56301383\n   -3.96681804]\n [ -0.93117727   3.26708283  -3.4143786   -0.26956432  -3.96681804\n    5.97848894]]", "nfev": "556", "njev": "78", "status": "2", "success": "False", "message": "Desired error not necessarily achieved due to precision loss.", "x": "[0.62355968 1.52894846 5.07705102 1.01170411 0.86252032 5.41051451]", "nit": "37", "callback": [0.8581944474043689, 0.8406929987446605, 0.8100265542946896, 0.7593183612359566, 0.49320290960179747, 0.44651354998256565, 0.36919578811664866, 0.2793841111905001, 0.26803022933439835, 0.26336945221488595, 0.2586076778159776, 0.2559488063989459, 0.2537002741146017, 0.2520497472016846, 0.25130223577099053, 0.25108268781085274, 0.2510054463025957, 0.2508802234973406, 0.24974131145552037, 0.2484490480745012, 0.2292576601105033, 0.22883812380983481, 0.21368602165982997, 0.19096390726973445, 0.18195330992611103, 0.1785571172086997, 0.17477798431150804, 0.16896507285728724, 0.1666316691722265, 0.16646134035623716, 0.1664421726183356, 0.1664410327099699, 0.16644086706137107, 0.16644085880412485, 0.16644085854130708, 0.1664408585323257, 0.16644085853221835]}, "7": {"maxiter": 100, "gtol": 1e-10, "xrtol": 1e-10, "eps": 1e-10, "duration": 0.16160202026367188, "fun": "0.16644085848792756", "jac": "[2.22044587e-06 1.11022293e-06 2.22044587e-06 2.22044587e-06\n 0.00000000e+00 2.22044587e-06]", "hess_inv": "[[ 0.29847569  0.34722939  0.020217    0.38685161  0.1520602  -0.34466373]\n [ 0.34722939  2.01288685  0.06845235  1.69668965  1.12822622 -1.97737514]\n [ 0.020217    0.06845235  0.39543497 -0.35595339 -0.10848831  0.31807899]\n [ 0.38685161  1.69668965 -0.35595339  2.36844395  0.98018135 -1.97865058]\n [ 0.1520602   1.12822622 -0.10848831  0.98018135  0.77711494 -1.32991961]\n [-0.34466373 -1.97737514  0.31807899 -1.97865058 -1.32991961  2.50487607]]", "nfev": "490", "njev": "70", "status": "0", "success": "True", "message": "Optimization terminated successfully.", "x": "[0.6235674  1.52893363 5.07707552 1.01172062 0.8625307  5.41051693]", "nit": "44", "callback": [0.858194287689575, 0.8406930289667937, 0.8100267417596275, 0.7593185665467708, 0.49321269002941015, 0.44652043231124106, 0.36919871510711577, 0.2793841433986498, 0.26803025839732797, 0.2633693279256194, 0.2586075257492243, 0.25594804915270697, 0.2536995500528244, 0.2520493423213167, 0.2513018158232697, 0.25108218216781397, 0.2510048521428382, 0.2508795205837455, 0.24974139780605364, 0.2484473899338866, 0.22944790228122225, 0.22900683212739215, 0.21316633059297296, 0.18994845869176036, 0.18191423382673833, 0.17856411418378493, 0.17445161313533997, 0.1684356966388575, 0.16661738779183333, 0.16646057679898685, 0.1664418491117322, 0.166440978751217, 0.1664408644579708, 0.16644085884566584, 0.16644085851569068, 0.1664408585147139, 0.166440858513334, 0.1664408585115673, 0.16644085850894075, 0.16644085849268775, 0.16644085848933066, 0.16644085848867984, 0.16644085848792756, 0.16644085848792756]}, "8": {"maxiter": 500, "gtol": 1e-05, "xrtol": 1e-05, "eps": 1e-05, "duration": 0.08915829658508301, "fun": "0.16644085880412485", "jac": "[ 3.33391093e-06  3.93243216e-06  4.16713331e-06 -6.95211666e-06\n -4.58448834e-06 -5.57522917e-06]", "hess_inv": "[[  2.95465313  -1.69373501   1.94384833   1.05961716   1.27539037\n   -0.88108268]\n [ -1.69373501  13.68335969 -13.74269001  -4.9092743   -4.03566698\n    3.58518745]\n [  1.94384833 -13.74269001  16.81842583   6.14552984   4.91904489\n   -3.71857896]\n [  1.05961716  -4.9092743    6.14552984   5.07018545   1.20547663\n   -0.56295596]\n [  1.27539037  -4.03566698   4.91904489   1.20547663   5.60432475\n   -3.94447026]\n [ -0.88108268   3.58518745  -3.71857896  -0.56295596  -3.94447026\n    5.61626285]]", "nfev": "308", "njev": "44", "status": "0", "success": "True", "message": "Optimization terminated successfully.", "x": "[0.62356359 1.52897745 5.07702393 1.01166953 0.86251683 5.41049664]", "nit": "34", "callback": [0.8581944474043689, 0.8406929987446605, 0.8100265542946896, 0.7593183612359566, 0.49320290960179747, 0.44651354998256565, 0.36919578811664866, 0.2793841111905001, 0.26803022933439835, 0.26336945221488595, 0.2586076778159776, 0.2559488063989459, 0.2537002741146017, 0.2520497472016846, 0.25130223577099053, 0.25108268781085274, 0.2510054463025957, 0.2508802234973406, 0.24974131145552037, 0.2484490480745012, 0.2292576601105033, 0.22883812380983481, 0.21368602165982997, 0.19096390726973445, 0.18195330992611103, 0.1785571172086997, 0.17477798431150804, 0.16896507285728724, 0.1666316691722265, 0.16646134035623716, 0.1664421726183356, 0.1664410327099699, 0.16644086706137107, 0.16644085880412485]}, "9": {"maxiter": 500, "gtol": 1e-05, "xrtol": 1e-05, "eps": 1e-10, "duration": 0.08171916007995605, "fun": "0.16644085884566584", "jac": "[ 4.44089173e-06  6.66133760e-06  7.77156053e-06  2.22044587e-06\n -3.33066880e-06 -5.55111466e-06]", "hess_inv": "[[  2.95162589  -1.5310228    1.72170017   1.01054432   1.28532118\n   -0.91627011]\n [ -1.5310228   13.71744462 -13.5765761   -5.1843913   -3.98492459\n    3.59668595]\n [  1.72170017 -13.5765761   16.43864036   6.33801534   4.82200145\n   -3.67551527]\n [  1.01054432  -5.1843913    6.33801534   5.55199557   1.26113769\n   -0.64367317]\n [  1.28532118  -3.98492459   4.82200145   1.26113769   5.47476131\n   -3.92610012]\n [ -0.91627011   3.59668595  -3.67551527  -0.64367317  -3.92610012\n    5.55316891]]", "nfev": "308", "njev": "44", "status": "0", "success": "True", "message": "Optimization terminated successfully.", "x": "[0.62359343 1.52886561 5.07716925 1.01176396 0.86256381 5.4104754 ]", "nit": "34", "callback": [0.858194287689575, 0.8406930289667937, 0.8100267417596275, 0.7593185665467708, 0.49321269002941015, 0.44652043231124106, 0.36919871510711577, 0.2793841433986498, 0.26803025839732797, 0.2633693279256194, 0.2586075257492243, 0.25594804915270697, 0.2536995500528244, 0.2520493423213167, 0.2513018158232697, 0.25108218216781397, 0.2510048521428382, 0.2508795205837455, 0.24974139780605364, 0.2484473899338866, 0.22944790228122225, 0.22900683212739215, 0.21316633059297296, 0.18994845869176036, 0.18191423382673833, 0.17856411418378493, 0.17445161313533997, 0.1684356966388575, 0.16661738779183333, 0.16646057679898685, 0.1664418491117322, 0.166440978751217, 0.1664408644579708, 0.16644085884566584]}, "10": {"maxiter": 500, "gtol": 1e-05, "xrtol": 1e-10, "eps": 1e-05, "duration": 0.09257221221923828, "fun": "0.16644085880412485", "jac": "[ 3.33391093e-06  3.93243216e-06  4.16713331e-06 -6.95211666e-06\n -4.58448834e-06 -5.57522917e-06]", "hess_inv": "[[  2.95465313  -1.69373501   1.94384833   1.05961716   1.27539037\n   -0.88108268]\n [ -1.69373501  13.68335969 -13.74269001  -4.9092743   -4.03566698\n    3.58518745]\n [  1.94384833 -13.74269001  16.81842583   6.14552984   4.91904489\n   -3.71857896]\n [  1.05961716  -4.9092743    6.14552984   5.07018545   1.20547663\n   -0.56295596]\n [  1.27539037  -4.03566698   4.91904489   1.20547663   5.60432475\n   -3.94447026]\n [ -0.88108268   3.58518745  -3.71857896  -0.56295596  -3.94447026\n    5.61626285]]", "nfev": "308", "njev": "44", "status": "0", "success": "True", "message": "Optimization terminated successfully.", "x": "[0.62356359 1.52897745 5.07702