{"date": "2024/10/28/, 10:44:00", "conf_id": 187, "data_type": "non_lin_ind\n", "num_data_points": 2, "s_rank": 0, "unitary": "[[0.18663085-0.53122324j,-0.11886349-0.70040876j,0.28555095-0.02789305j,-0.12262021-0.2844587j],[-0.16702216+0.27758472j,0.27526351-0.29738586j,-0.01109314+0.22495461j,-0.77239203+0.28900673j],[0.61935415+0.12301792j,-0.31269928-0.03315917j,-0.61902762-0.19039079j,-0.27120731-0.0968989j],[0.42341754+0.0023929j,-0.05847358+0.47832119j,0.64900495-0.16218422j,-0.37182676-0.05229966j]]", "databatch_0": {"databatch": "[[[-0.07955565+0.21815362j,0.072258-0.00485826j,-0.36037627-0.17734487j,-0.31393136-0.20133023j],[0.45769012+0.10765345j,0.03362229+0.08855207j,0.208678+0.2494643j,0.11681598+0.23586725j],[0.12283781+0.3491412j,-0.04378356+0.08288845j,-0.02102782+0.20620767j,-0.05561891+0.1457414j],[0.01231205-0.0282969j,0.0268038+0.02213532j,0.04334503-0.09843872j,0.04199685-0.08221267j]],[[-0.05140221-0.00072184j,-0.09029326+0.01310435j,0.05280811+0.00289793j,0.02596349-0.08412041j],[-0.27063767+0.03693181j,-0.3731905-0.11286867j,0.30966668+0.08021289j,0.25362191-0.37546799j],[-0.16416823-0.17603786j,-0.11656632-0.33157182j,0.1037336+0.26362174j,0.40398805-0.01399143j],[-0.03717729+0.02678876j,-0.07738303+0.01395446j,0.05632448-0.01609543j,0.00800711-0.08563091j]]]", "initial param values": "[3.72299766,3.90701198,1.78368661,0.28461202,1.15767073,0.21376244]", "nelder_mead": {"type": "gradient-free", "0": {"maxiter": 100, "fatol": 1e-05, "xatol": 1e-05, "duration": 0.12370586395263672, "fun": "0.348817787773014", "nit": "100", "nfev": "155", "status": "2", "success": "False", "message": "Maximum number of iterations has been exceeded.", "x": "[1.4354867  2.65268623 1.3668297  0.11017261 1.03407411 0.39476896]", "final_simplex": "(array([[1.4354867 , 2.65268623, 1.3668297 , 0.11017261, 1.03407411,\n        0.39476896],\n       [1.46737536, 2.80383603, 1.30813941, 0.14857254, 1.06885853,\n        0.38242623],\n       [1.57651756, 2.68711818, 1.36870263, 0.14043186, 1.06887251,\n        0.38288135],\n       [1.46647436, 2.69069906, 1.37718008, 0.1208256 , 1.0362357 ,\n        0.38837858],\n       [1.42582514, 2.67702128, 1.37491505, 0.18625816, 1.16595787,\n        0.36546215],\n       [1.57115728, 2.69682636, 1.39197007, 0.17561183, 1.14268702,\n        0.36513943],\n       [1.40262392, 2.75984652, 1.39904361, 0.09675132, 1.01099126,\n        0.39872461]]), array([0.34881779, 0.34916013, 0.34923084, 0.34934722, 0.34999333,\n       0.35000295, 0.35139428]))", "callback": [0.725815252041033, 0.6428955495861371, 0.5261858456613142, 0.4165823407537165, 0.37085141418532885, 0.36620709976422083, 0.3639868656338705, 0.3626218614409338, 0.3591238890794135, 0.35144763873749796]}, "1": {"maxiter": 100, "fatol": 1e-05, "xatol": 1e-10, "duration": 0.11957979202270508, "fun": "0.348817787773014", "nit": "100", "nfev": "155", "status": "2", "success": "False", "message": "Maximum number of iterations has been exceeded.", "x": "[1.4354867  2.65268623 1.3668297  0.11017261 1.03407411 0.39476896]", "final_simplex": "(array([[1.4354867 , 2.65268623, 1.3668297 , 0.11017261, 1.03407411,\n        0.39476896],\n       [1.46737536, 2.80383603, 1.30813941, 0.14857254, 1.06885853,\n        0.38242623],\n       [1.57651756, 2.68711818, 1.36870263, 0.14043186, 1.06887251,\n        0.38288135],\n       [1.46647436, 2.69069906, 1.37718008, 0.1208256 , 1.0362357 ,\n        0.38837858],\n       [1.42582514, 2.67702128, 1.37491505, 0.18625816, 1.16595787,\n        0.36546215],\n       [1.57115728, 2.69682636, 1.39197007, 0.17561183, 1.14268702,\n        0.36513943],\n       [1.40262392, 2.75984652, 1.39904361, 0.09675132, 1.01099126,\n        0.39872461]]), array([0.34881779, 0.34916013, 0.34923084, 0.34934722, 0.34999333,\n       0.35000295, 0.35139428]))", "callback": [0.725815252041033, 0.6428955495861371, 0.5261858456613142, 0.4165823407537165, 0.37085141418532885, 0.36620709976422083, 0.3639868656338705, 0.3626218614409338, 0.3591238890794135, 0.35144763873749796]}, "2": {"maxiter": 100, "fatol": 1e-10, "xatol": 1e-05, "duration": 0.1282801628112793, "fun": "0.348817787773014", "nit": "100", "nfev": "155", "status": "2", "success": "False", "message": "Maximum number of iterations has been exceeded.", "x": "[1.4354867  2.65268623 1.3668297  0.11017261 1.03407411 0.39476896]", "final_simplex": "(array([[1.4354867 , 2.65268623, 1.3668297 , 0.11017261, 1.03407411,\n        0.39476896],\n       [1.46737536, 2.80383603, 1.30813941, 0.14857254, 1.06885853,\n        0.38242623],\n       [1.57651756, 2.68711818, 1.36870263, 0.14043186, 1.06887251,\n        0.38288135],\n       [1.46647436, 2.69069906, 1.37718008, 0.1208256 , 1.0362357 ,\n        0.38837858],\n       [1.42582514, 2.67702128, 1.37491505, 0.18625816, 1.16595787,\n        0.36546215],\n       [1.57115728, 2.69682636, 1.39197007, 0.17561183, 1.14268702,\n        0.36513943],\n       [1.40262392, 2.75984652, 1.39904361, 0.09675132, 1.01099126,\n        0.39872461]]), array([0.34881779, 0.34916013, 0.34923084, 0.34934722, 0.34999333,\n       0.35000295, 0.35139428]))", "callback": [0.725815252041033, 0.6428955495861371, 0.5261858456613142, 0.4165823407537165, 0.37085141418532885, 0.36620709976422083, 0.3639868656338705, 0.3626218614409338, 0.3591238890794135, 0.35144763873749796]}, "3": {"maxiter": 100, "fatol": 1e-10, "xatol": 1e-10, "duration": 0.18228507041931152, "fun": "0.348817787773014", "nit": "100", "nfev": "155", "status": "2", "success": "False", "message": "Maximum number of iterations has been exceeded.", "x": "[1.4354867  2.65268623 1.3668297  0.11017261 1.03407411 0.39476896]", "final_simplex": "(array([[1.4354867 , 2.65268623, 1.3668297 , 0.11017261, 1.03407411,\n        0.39476896],\n       [1.46737536, 2.80383603, 1.30813941, 0.14857254, 1.06885853,\n        0.38242623],\n       [1.57651756, 2.68711818, 1.36870263, 0.14043186, 1.06887251,\n        0.38288135],\n       [1.46647436, 2.69069906, 1.37718008, 0.1208256 , 1.0362357 ,\n        0.38837858],\n       [1.42582514, 2.67702128, 1.37491505, 0.18625816, 1.16595787,\n        0.36546215],\n       [1.57115728, 2.69682636, 1.39197007, 0.17561183, 1.14268702,\n        0.36513943],\n       [1.40262392, 2.75984652, 1.39904361, 0.09675132, 1.01099126,\n        0.39872461]]), array([0.34881779, 0.34916013, 0.34923084, 0.34934722, 0.34999333,\n       0.35000295, 0.35139428]))", "callback": [0.725815252041033, 0.6428955495861371, 0.5261858456613142, 0.4165823407537165, 0.37085141418532885, 0.36620709976422083, 0.3639868656338705, 0.3626218614409338, 0.3591238890794135, 0.35144763873749796]}, "4": {"maxiter": 500, "fatol": 1e-05, "xatol": 1e-05, "duration": 0.7077381610870361, "fun": "0.15484690301142978", "nit": "500", "nfev": "756", "status": "2", "success": "False", "message": "Maximum number of iterations has been exceeded.", "x": "[ 0.91410327  0.96815027  2.81264349 -1.78706317  3.47662254 -0.93484784]", "final_simplex": "(array([[ 0.91410327,  0.96815027,  2.81264349, -1.78706317,  3.47662254,\n        -0.93484784],\n       [ 0.95017756,  0.98407465,  2.81449344, -1.78494949,  3.47069183,\n        -0.88396903],\n       [ 0.98747447,  0.87518077,  2.92677481, -1.83595216,  3.53112358,\n        -0.86895856],\n       [ 0.95206496,  0.91826783,  2.82481973, -1.80748026,  3.48070315,\n        -0.90530504],\n       [ 0.9523274 ,  0.9183696 ,  2.9016377 , -1.82635835,  3.47019011,\n        -0.9015096 ],\n       [ 0.95001413,  0.96820382,  2.82641674, -1.76704676,  3.44980693,\n        -0.93623287],\n       [ 0.91413583,  0.92972963,  2.87589427, -1.77976896,  3.46120623,\n        -0.91664092]]), array([0.1548469 , 0.15520803, 0.15526476, 0.1552689 , 0.15528182,\n       0.15545353, 0.15561639]))", "callback": [0.725815252041033, 0.6428955495861371, 0.5261858456613142, 0.4165823407537165, 0.37085141418532885, 0.36620709976422083, 0.3639868656338705, 0.3626218614409338, 0.3591238890794135, 0.35144763873749796, 0.3481138766387255, 0.34517641257656384, 0.3441181034760912, 0.34145682295388924, 0.3373795955130191, 0.33018300172044024, 0.3247632692522995, 0.32470225337022907, 0.3243819347896897, 0.3242816468139149, 0.32425300334179763, 0.32420368763570706, 0.32410321114689344, 0.3239548855313664, 0.323243549477521, 0.3218515746381403, 0.3140171987132564, 0.292628609557379, 0.27478370652180817, 0.2669008045428305, 0.24078435187064773, 0.2080414382877087, 0.19781393286734117, 0.19287561049817936, 0.18732607318488048, 0.18370086407851816, 0.18370086407851816, 0.18202352219810136, 0.17971091374501447, 0.17934832033242454, 0.17898822309521045, 0.17807307118401616, 0.17547609549335474, 0.1701320126539142, 0.16457583569631118, 0.16226892624932898, 0.1603534786347709, 0.1577549005541874, 0.15627565391723208, 0.15520802595030125]}, "5": {"maxiter": 500, "fatol": 1e-05, "xatol": 1e-10, "duration": 0.7015612125396729, "fun": "0.15484690301142978", "nit": "500", "nfev": "756", "status": "2", "success": "False", "message": "Maximum number of iterations has been exceeded.", "x": "[ 0.91410327  0.96815027  2.81264349 -1.78706317  3.47662254 -0.93484784]", "final_simplex": "(array([[ 0.91410327,  0.96815027,  2.81264349, -1.78706317,  3.47662254,\n        -0.93484784],\n       [ 0.95017756,  0.98407465,  2.81449344, -1.78494949,  3.47069183,\n        -0.88396903],\n       [ 0.98747447,  0.87518077,  2.92677481, -1.83595216,  3.53112358,\n        -0.86895856],\n       [ 0.95206496,  0.91826783,  2.82481973, -1.80748026,  3.48070315,\n        -0.90530504],\n       [ 0.9523274 ,  0.9183696 ,  2.9016377 , -1.82635835,  3.47019011,\n        -0.9015096 ],\n       [ 0.95001413,  0.96820382,  2.82641674, -1.76704676,  3.44980693,\n        -0.93623287],\n       [ 0.91413583,  0.92972963,  2.87589427, -1.77976896,  3.46120623,\n        -0.91664092]]), array([0.1548469 , 0.15520803, 0.15526476, 0.1552689 , 0.15528182,\n       0.15545353, 0.15561639]))", "callback": [0.725815252041033, 0.6428955495861371, 0.5261858456613142, 0.4165823407537165, 0.37085141418532885, 0.36620709976422083, 0.3639868656338705, 0.3626218614409338, 0.3591238890794135, 0.35144763873749796, 0.3481138766387255, 0.34517641257656384, 0.3441181034760912, 0.34145682295388924, 0.3373795955130191, 0.33018300172044024, 0.3247632692522995, 0.32470225337022907, 0.3243819347896897, 0.3242816468139149, 0.32425300334179763, 0.32420368763570706, 0.32410321114689344, 0.3239548855313664, 0.323243549477521, 0.3218515746381403, 0.3140171987132564, 0.292628609557379, 0.27478370652180817, 0.2669008045428305, 0.24078435187064773, 0.2080414382877087, 0.19781393286734117, 0.19287561049817936, 0.18732607318488048, 0.18370086407851816, 0.18370086407851816, 0.18202352219810136, 0.17971091374501447, 0.17934832033242454, 0.17898822309521045, 0.17807307118401616, 0.17547609549335474, 0.1701320126539142, 0.16457583569631118, 0.16226892624932898, 0.1603534786347709, 0.1577549005541874, 0.15627565391723208, 0.15520802595030125]}, "6": {"maxiter": 500, "fatol": 1e-10, "xatol": 1e-05, "duration": 0.5912048816680908, "fun": "0.15484690301142978", "nit": "500", "nfev": "756", "status": "2", "success": "False", "message": "Maximum number of iterations has been exceeded.", "x": "[ 0.91410327  0.96815027  2.81264349 -1.78706317  3.47662254 -0.93484784]", "final_simplex": "(array([[ 0.91410327,  0.96815027,  2.81264349, -1.78706317,  3.47662254,\n        -0.93484784],\n       [ 0.95017756,  0.98407465,  2.81449344, -1.78494949,  3.47069183,\n        -0.88396903],\n       [ 0.98747447,  0.87518077,  2.92677481, -1.83595216,  3.53112358,\n        -0.86895856],\n       [ 0.95206496,  0.91826783,  2.82481973, -1.80748026,  3.48070315,\n        -0.90530504],\n       [ 0.9523274 ,  0.9183696 ,  2.9016377 , -1.82635835,  3.47019011,\n        -0.9015096 ],\n       [ 0.95001413,  0.96820382,  2.82641674, -1.76704676,  3.44980693,\n        -0.93623287],\n       [ 0.91413583,  0.92972963,  2.87589427, -1.77976896,  3.46120623,\n        -0.91664092]]), array([0.1548469 , 0.15520803, 0.15526476, 0.1552689 , 0.15528182,\n       0.15545353, 0.15561639]))", "callback": [0.725815252041033, 0.6428955495861371, 0.5261858456613142, 0.4165823407537165, 0.37085141418532885, 0.36620709976422083, 0.3639868656338705, 0.3626218614409338, 0.3591238890794135, 0.35144763873749796, 0.3481138766387255, 0.34517641257656384, 0.3441181034760912, 0.34145682295388924, 0.3373795955130191, 0.33018300172044024, 0.3247632692522995, 0.32470225337022907, 0.3243819347896897, 0.3242816468139149, 0.32425300334179763, 0.32420368763570706, 0.32410321114689344, 0.3239548855313664, 0.323243549477521, 0.3218515746381403, 0.3140171987132564, 0.292628609557379, 0.27478370652180817, 0.2669008045428305, 0.24078435187064773, 0.2080414382877087, 0.19781393286734117, 0.19287561049817936, 0.18732607318488048, 0.18370086407851816, 0.18370086407851816, 0.18202352219810136, 0.17971091374501447, 0.17934832033242454, 0.17898822309521045, 0.17807307118401616, 0.17547609549335474, 0.1701320126539142, 0.16457583569631118, 0.16226892624932898, 0.1603534786347709, 0.1577549005541874, 0.15627565391723208, 0.15520802595030125]}, "7": {"maxiter": 500, "fatol": 1e-10, "xatol": 1e-10, "duration": 0.7190353870391846, "fun": "0.15484690301142978", "nit": "500", "nfev": "756", "status": "2", "success": "False", "message": "Maximum number of iterations has been exceeded.", "x": "[ 0.91410327  0.96815027  2.81264349 -1.78706317  3.47662254 -0.93484784]", "final_simplex": "(array([[ 0.91410327,  0.96815027,  2.81264349, -1.78706317,  3.47662254,\n        -0.93484784],\n       [ 0.95017756,  0.98407465,  2.81449344, -1.78494949,  3.47069183,\n        -0.88396903],\n       [ 0.98747447,  0.87518077,  2.92677481, -1.83595216,  3.53112358,\n        -0.86895856],\n       [ 0.95206496,  0.91826783,  2.82481973, -1.80748026,  3.48070315,\n        -0.90530504],\n       [ 0.9523274 ,  0.9183696 ,  2.9016377 , -1.82635835,  3.47019011,\n        -0.9015096 ],\n       [ 0.95001413,  0.96820382,  2.82641674, -1.76704676,  3.44980693,\n        -0.93623287],\n       [ 0.91413583,  0.92972963,  2.87589427, -1.77976896,  3.46120623,\n        -0.91664092]]), array([0.1548469 , 0.15520803, 0.15526476, 0.1552689 , 0.15528182,\n       0.15545353, 0.15561639]))", "callback": [0.725815252041033, 0.6428955495861371, 0.5261858456613142, 0.4165823407537165, 0.37085141418532885, 0.36620709976422083, 0.3639868656338705, 0.3626218614409338, 0.3591238890794135, 0.35144763873749796, 0.3481138766387255, 0.34517641257656384, 0.3441181034760912, 0.34145682295388924, 0.3373795955130191, 0.33018300172044024, 0.3247632692522995, 0.32470225337022907, 0.3243819347896897, 0.3242816468139149, 0.32425300334179763, 0.32420368763570706, 0.32410321114689344, 0.3239548855313664, 0.323243549477521, 0.3218515746381403, 0.3140171987132564, 0.292628609557379, 0.27478370652180817, 0.2669008045428305, 0.24078435187064773, 0.2080414382877087, 0.19781393286734117, 0.19287561049817936, 0.18732607318488048, 0.18370086407851816, 0.18370086407851816, 0.18202352219810136, 0.17971091374501447, 0.17934832033242454, 0.17898822309521045, 0.17807307118401616, 0.17547609549335474, 0.1701320126539142, 0.16457583569631118, 0.16226892624932898, 0.1603534786347709, 0.1577549005541874, 0.15627565391723208, 0.15520802595030125]}, "8": {"maxiter": 1000, "fatol": 1e-05, "xatol": 1e-05, "duration": 0.8339686393737793, "fun": "0.15448075663194372", "nit": "650", "nfev": "1004", "status": "0", "success": "True", "message": "Optimization terminated successfully.", "x": "[ 0.9732112   0.94417338  2.8318117  -1.82733351  3.53282476 -0.91263347]", "final_simplex": "(array([[ 0.9732112 ,  0.94417338,  2.8318117 , -1.82733351,  3.53282476,\n        -0.91263347],\n       [ 0.97320754,  0.94418091,  2.83180258, -1.82732734,  3.5328191 ,\n        -0.91263442],\n       [ 0.97320858,  0.9441735 ,  2.83180603, -1.82733601,  3.53281949,\n        -0.91263602],\n       [ 0.9732105 ,  0.94417644,  2.83180447, -1.82733439,  3.53282394,\n        -0.91263306],\n       [ 0.97321139,  0.94417509,  2.83180449, -1.8273303 ,  3.53282789,\n        -0.91263823],\n       [ 0.97321855,  0.9441747 ,  2.83181005, -1.82733394,  3.5328251 ,\n        -0.91263448],\n       [ 0.97321392,  0.94417112,  2.83180854, -1.82733838,  3.53282855,\n        -0.91263022]]), array([0.15448076, 0.15448076, 0.15448076, 0.15448076, 0.15448076,\n       0.15448076, 0.15448076]))", "callback": [0.725815252041033, 0.6428955495861371, 0.5261858456613142, 0.4165823407537165, 0.37085141418532885, 0.36620709976422083, 0.3639868656338705, 0.3626218614409338, 0.3591238890794135, 0.35144763873749796, 0.3481138766387255, 0.34517641257656384, 0.3441181034760912, 0.34145682295388924, 0.3373795955130191, 0.33018300172044024, 0.3247632692522995, 0.32470225337022907, 0.3243819347896897, 0.3242816468139149, 0.32425300334179763, 0.32420368763570706, 0.32410321114689344, 0.3239548855313664, 0.323243549477521, 0.3218515746381403, 0.3140171987132564, 0.292628609557379, 0.27478370652180817, 0.2669008045428305, 0.24078435187064773, 0.2080414382877087, 0.19781393286734117, 0.19287561049817936, 0.18732607318488048, 0.18370086407851816, 0.18370086407851816, 0.18202352219810136, 0.17971091374501447, 0.17934832033242454, 0.17898822309521045, 0.17807307118401616, 0.17547609549335474, 0.1701320126539142, 0.16457583569631118, 0.16226892624932898, 0.1603534786347709, 0.1577549005541874, 0.15627565391723208, 0.15520802595030125, 0.15484690301142978, 0.15464313739275903, 0.15451582450260903, 0.15449289556194767, 0.15448341955410883, 0.154481713763839, 0.15448092920261003, 0.15448080362059702, 0.1544807679273017, 0.1544807586446848, 0.15448075746880163, 0.15448075680304163, 0.1544807567168076, 0.15448075664865157, 0.15448075664105299]}, "9": {"maxiter": 1000, "fatol": 1e-05, "xatol": 1e-10, "duration": 1.1670606136322021, "fun": "0.1544807566293629", "nit": "735", "nfev": "1212", "status": "0", "success": "True", "message": "Optimization terminated successfully.", "x": "[ 0.9732093   0.94417671  2.83180619 -1.82733145  3.53282108 -0.91263545]", "final_simplex": "(array([[ 0.9732093 ,  0.94417671,  2.83180619, -1.82733145,  3.53282108,\n        -0.91263545],\n       [ 0.9732093 ,  0.94417671,  2.83180619, -1.82733145,  3.53282108,\n        -0.91263545],\n       [ 0.9732093 ,  0.94417671,  2.83180619, -1.82733145,  3.53282108,\n        -0.91263545],\n       [ 0.9732093 ,  0.94417671,  2.83180619, -1.82733145,  3.53282108,\n        -0.91263545],\n       [ 0.9732093 ,  0.94417671,  2.83180619, -1.82733145,  3.53282108,\n        -0.91263545],\n       [ 0.9732093 ,  0.94417671,  2.83180619, -1.82733145,  3.53282108,\n        -0.91263545],\n       [ 0.9732093 ,  0.94417671,  2.83180619, -1.82733145,  3.53282108,\n        -0.91263545]]), array([0.15448076, 0.15448076, 0.15448076, 0.15448076, 0.15448076,\n       0.15448076, 0.15448076]))", "callback": [0.725815252041033, 0.6428955495861371, 0.5261858456613142, 0.4165823407537165, 0.37085141418532885, 0.36620709976422083, 0.3639868656338705, 0.3626218614409338, 0.3591238890794135, 0.35144763873749796, 0.3481138766387255, 0.34517641257656384, 0.3441181034760912, 0.34145682295388924, 0.3373795955130191, 0.33018300172044024, 0.3247632692522995, 0.32470225337022907, 0.3243819347896897, 0.3242816468139149, 0.32425300334179763, 0.32420368763570706, 0.32410321114689344, 0.3239548855313664, 0.323243549477521, 0.3218515746381403, 0.3140171987132564, 0.292628609557379, 0.27478370652180817, 0.2669008045428305, 0.24078435187064773, 0.2080414382877087, 0.19781393286734117, 0.19287561049817936, 0.18732607318488048, 0.18370086407851816, 0.18370086407851816, 0.18202352219810136, 0.17971091374501447, 0.17934832033242454, 0.17898822309521045, 0.17807307118401616, 0.17547609549335474, 0.1701320126539142, 0.16457583569631118, 0.16226892624932898, 0.1603534786347709, 0.1577549005541874, 0.15627565391723208, 0.15520802595030125, 0.15484690301142978, 0.15464313739275903, 0.15451582450260903, 0.15449289556194767, 0.15448341955410883, 0.154481713763839, 0.15448092920261003, 0.15448080362059702, 0.1544807679273017, 0.1544807586446848, 0.15448075746880163, 0.15448075680304163, 0.1544807567168076, 0.15448075664865157, 0.15448075664105299, 0.1544807566314963, 0.15448075662969007, 0.15448075662939997, 0.1544807566293671, 0.15448075662936422, 0.15448075662936323, 0.15448075662936311, 0.154480756629363, 0.154480756629363]}, "10": {"maxiter": 1000, "fatol": 1e-10, "xatol": 1e-05, "duration": 0.9537744522094727, "fun": "0.15448075663194372", "nit": "650", "nfev": "1004", "status": "0", "success": "True", "message": "Optimization terminated successfully.", "x": "[ 0.9732112   0.94417338  2.8318117  -1.82733351  3.53282476 -0.91263347]", "final_simplex": "(array([[ 0.9732112 ,  0.94417338,  2.8318117 , -1.82733351,  3.53282476,\n        -0.91263347],\n       [ 0.97320754,  0.94418091,  2.83180258, -1.82732734,  3.5328191 ,\n        -0.91263442],\n       [ 0.97320858,  0.9441735 ,  2.83180603, -1.82733601,  3.53281949,\n        -0.91263602],\n       [ 0.9732105 ,  0.94417644,  2.83180447, -1.82733439,  3.53282394,\n        -0.91263306],\n       [ 0.97321139,  0.94417509,  2.83180449, -1.8273303 ,  3.53282789,\n        -0.91263823],\n       [ 0.97321855,  0.9441747 ,  2.83181005, -1.82733394,  3.5328251 ,\n        -0.91263448],\n       [ 0.97321392,  0.94417112,  2.83180854, -1.82733838,  3.53282855,\n        -0.91263022]]), array([0.15448076, 0.15448076, 0.15448076, 0.15448076, 0.15448076,\n       0.15448076, 0.15448076]))", "callback": [0.725815252041033, 0.6428955495861371, 0.5261858456613142, 0.4165823407537165, 0.37085141418532885, 0.36620709976422083, 0.3639868656338705, 0.3626218614409338, 0.3591238890794135, 0.35144763873749796, 0.3481138766387255, 0.34517641257656384, 0.3441181034760912, 0.34145682295388924, 0.3373795955130191, 0.33018300172044024, 0.3247632692522995, 0.32470225337022907, 0.3243819347896897, 0.3242816468139149, 0.32425300334179763, 0.32420368763570706, 0.32410321114689344, 0.3239548855313664, 0.323243549477521, 0.3218515746381403, 0.3140171987132564, 0.292628609557379, 0.27478370652180817, 0.2669008045428305, 0.24078435187064773, 0.2080414382877087, 0.19781393286734117, 0.19287561049817936, 0.18732607318488048, 0.18370086407851816, 0.18370086407851816, 0.18202352219810136, 0.17971091374501447, 0.17934832033242454, 0.17898822309521045, 0.17807307118401616, 0.17547609549335474, 0.1701320126539142, 0.16457583569631118, 0.16226892624932898, 0.1603534786347709, 0.1577549005541874, 0.15627565391723208, 0.15520802595030125, 0.15484690301142978, 0.15464313739275903, 0.15451582450260903, 0.15449289556194767, 0.15448341955410883, 0.154481713763839, 0.15448092920261003, 0.15448080362059702, 0.1544807679273017, 0.1544807586446848, 0.15448075746880163, 0.15448075680304163, 0.1544807567168076, 0.15448075664865157, 0.15448075664105299]}, "11": {"maxiter": 1000, "fatol": 1e-10, "xatol": 1e-10, "duration": 1.1013023853302002, "fun": "0.1544807566293629", "nit": "735", "nfev": "1212", "status": "0", "success": "True", "message": "Optimization terminated successfully.", "x": "[ 0.9732093   0.94417671  2.83180619 -1.82733145  3.53282108 -0.91263545]", "final_simplex": "(array([[ 0.9732093 ,  0.94417671,  2.83180619, -1.82733145,  3.53282108,\n        -0.91263545],\n       [ 0.9732093 ,  0.94417671,  2.83180619, -1.82733145,  3.53282108,\n        -0.91263545],\n       [ 0.9732093 ,  0.94417671,  2.83180619, -1.82733145,  3.53282108,\n        -0.91263545],\n       [ 0.9732093 ,  0.94417671,  2.83180619, -1.82733145,  3.53282108,\n        -0.91263545],\n       [ 0.9732093 ,  0.94417671,  2.83180619, -1.82733145,  3.53282108,\n        -0.91263545],\n       [ 0.9732093 ,  0.94417671,  2.83180619, -1.82733145,  3.53282108,\n        -0.91263545],\n       [ 0.9732093 ,  0.94417671,  2.83180619, -1.82733145,  3.53282108,\n        -0.91263545]]), array([0.15448076, 0.15448076, 0.15448076, 0.15448076, 0.15448076,\n       0.15448076, 0.15448076]))", "callback": [0.725815252041033, 0.6428955495861371, 0.5261858456613142, 0.4165823407537165, 0.37085141418532885, 0.36620709976422083, 0.3639868656338705, 0.3626218614409338, 0.3591238890794135, 0.35144763873749796, 0.3481138766387255, 0.34517641257656384, 0.3441181034760912, 0.34145682295388924, 0.3373795955130191, 0.33018300172044024, 0.3247632692522995, 0.32470225337022907, 0.3243819347896897, 0.3242816468139149, 0.32425300334179763, 0.32420368763570706, 0.32410321114689344, 0.3239548855313664, 0.323243549477521, 0.3218515746381403, 0.3140171987132564, 0.292628609557379, 0.27478370652180817, 0.2669008045428305, 0.24078435187064773, 0.2080414382877087, 0.19781393286734117, 0.19287561049817936, 0.18732607318488048, 0.18370086407851816, 0.18370086407851816, 0.18202352219810136, 0.17971091374501447, 0.17934832033242454, 0.17898822309521045, 0.17807307118401616, 0.17547609549335474, 0.1701320126539142, 0.16457583569631118, 0.16226892624932898, 0.1603534786347709, 0.1577549005541874, 0.15627565391723208, 0.15520802595030125, 0.15484690301142978, 0.15464313739275903, 0.15451582450260903, 0.15449289556194767, 0.15448341955410883, 0.154481713763839, 0.15448092920261003, 0.15448080362059702, 0.1544807679273017, 0.1544807586446848, 0.15448075746880163, 0.15448075680304163, 0.1544807567168076, 0.15448075664865157, 0.15448075664105299, 0.1544807566314963, 0.15448075662969007, 0.15448075662939997, 0.1544807566293671, 0.15448075662936422, 0.15448075662936323, 0.15448075662936311, 0.154480756629363, 0.154480756629363]}}, "bfgs": {"type": "gradient", "0": {"maxiter": 100, "gtol": 1e-05, "xrtol": 1e-05, "eps": 1e-05, "duration": 0.2595047950744629, "fun": "0.1544807567444113", "jac": "[ 1.62420077e-06 -4.37672121e-07  2.59451349e-06  1.82507343e-06\n -2.23068231e-06 -2.57144306e-06]", "hess_inv": "[[ 5.1150045   2.56030097 -3.1689011   1.93672104 -2.95961775 -1.44094345]\n [ 2.56030097  9.53484321 -6.69353968  5.63184136 -2.90303809 -1.92684538]\n [-3.1689011  -6.69353968  9.385006   -4.02734587  2.71387511  4.15510159]\n [ 1.93672104  5.63184136 -4.02734587  5.73513749 -1.55073437 -1.03909129]\n [-2.95961775 -2.90303809  2.71387511 -1.55073437  5.58499112  1.70211551]\n [-1.44094345 -1.92684538  4.15510159 -1.03909129  1.70211551  4.33810775]]", "nfev": "266", "njev": "38", "status": "0", "success": "True", "message": "Optimization terminated successfully.", "x": "[ 5.30999367  4.0857633  -0.30979186 -1.82733453 -2.75039484 -0.91265923]", "nit": "35", "callback": [0.73096474509902, 0.6504794561102012, 0.6255578870443756, 0.5469570185722255, 0.5089520136770921, 0.46276165205590214, 0.39559771132818355, 0.3747257190035108, 0.3582777765730619, 0.3538198003898877, 0.35186435670603133, 0.34850751176609807, 0.34261188541402054, 0.33157435028655635, 0.3110092398407335, 0.29579350597077225, 0.27698646221599255, 0.24571204364428711, 0.1993017759476705, 0.17520568258897462, 0.16892450288851169, 0.16284207091479386, 0.16041677174695346, 0.1594101504807175, 0.1588676185361827, 0.15855566223929995, 0.1581754954042226, 0.15754771780858956, 0.1565343387732122, 0.15525971592345544, 0.15470881433981776, 0.15448190516587867, 0.15448078603093096, 0.15448075773490322, 0.1544807567444113]}, "1": {"maxiter": 100, "gtol": 1e-05, "xrtol": 1e-05, "eps": 1e-10, "duration": 0.21083426475524902, "fun": "0.15448075684708273", "jac": "[ 4.44089173e-06  0.00000000e+00  3.33066880e-06  4.44089173e-06\n -4.44089173e-06 -2.22044587e-06]", "hess_inv": "[[ 5.11238308  2.63038763 -3.22714621  1.99901566 -2.94294983 -1.46414009]\n [ 2.63038763  9.75872226 -6.91933959  5.74002342 -2.91630222 -1.95101434]\n [-3.22714621 -6.91933959  9.60132546 -4.11616983  2.75113339  4.15810513]\n [ 1.99901566  5.74002342 -4.11616983  5.79562515 -1.59595982 -1.05364528]\n [-2.94294983 -2.91630222  2.75113339 -1.59595982  5.52874868  1.71379443]\n [-1.46414009 -1.95101434  4.15810513 -1.05364528  1.71379443  4.27628613]]", "nfev": "266", "njev": "38", "status": "0", "success": "True", "message": "Optimization terminated successfully.", "x": "[ 5.31001983  4.085813   -0.309816   -1.827289   -2.75040616 -0.91265734]", "nit": "35", "callback": [0.7309645194437924, 0.6504790032186247, 0.6255573986906044, 0.546960682348135, 0.5089492926738884, 0.4627489428058005, 0.3955861933499458, 0.37474315235628697, 0.35824404623738937, 0.3538144073458245, 0.35185269338526126, 0.34848827001174554, 0.34258031182684623, 0.331509923646816, 0.3108847946944687, 0.2957320607528351, 0.27687774389940745, 0.24573041173626176, 0.1995003876553314, 0.1754305009020274, 0.1690255235865321, 0.16291611146554597, 0.16029427259664253, 0.15946095927565684, 0.15887133576468715, 0.15856619110538583, 0.15818754910113886, 0.15756482002946537, 0.15656021541406073, 0.15528408648727654, 0.15471583794962096, 0.15448226421997624, 0.15448078913876206, 0.15448075828709218, 0.15448075684708273]}, "2": {"maxiter": 100, "gtol": 1e-05, "xrtol": 1e-10, "eps": 1e-05, "duration": 0.22550415992736816, "fun": "0.1544807567444113", "jac": "[ 1.62420077e-06 -4.37672121e-07  2.59451349e-06  1.82507343e-06\n -2.23068231e-06 -2.57144306e-06]", "hess_inv": "[[ 5.1150045   2.56030097 -3.1689011   1.93672104 -2.95961775 -1.44094345]\n [ 2.56030097  9.53484321 -6.69353968  5.63184136 -2.90303809 -1.92684538]\n [-3.1689011  -6.69353968  9.385006   -4.02734587  2.71387511  4.15510159]\n [ 1.93672104  5.63184136 -4.02734587  5.73513749 -1.55073437 -1.03909129]\n [-2.95961775 -2.90303809  2.71387511 -1.55073437  5.58499112  1.70211551]\n [-1.44094345 -1.92684538  4.15510159 -1.03909129  1.70211551  4.33810775]]", "nfev": "266", "njev": "38", "status": "0", "success": "True", "message": "Optimization terminated successfully.", "x": "[ 5.30999367  4.0857633  -0.30979186 -1.82733453 -2.75039484 -0.91265923]", "nit": "35", "callback": [0.73096474509902, 0.6504794561102012, 0.6255578870443756, 0.5469570185722255, 0.5089520136770921, 0.46276165205590214, 0.39559771132818355, 0.3747257190035108, 0.3582777765730619, 0.3538198003898877, 0.35186435670603133, 0.34850751176609807, 0.34261188541402054, 0.33157435028655635, 0.3110092398407335, 0.29579350597077225, 0.27698646221599255, 0.24571204364428711, 0.1993017759476705, 0.17520568258897462, 0.16892450288851169, 0.16284207091479386, 0.16041677174695346, 0.1594101504807175, 0.1588676185361827, 0.15855566223929995, 0.1581754954042226, 0.15754771780858956, 0.1565343387732122, 0.15525971592345544, 0.15470881433981776, 0.15448190516587867, 0.15448078603093096, 0.15448075773490322, 0.1544807567444113]}, "3": {"maxiter": 100, "gtol": 1e-05, "xrtol": 1e-10, "eps": 1e-10, "duration": 0.20935368537902832, "fun": "0.15448075684708273", "jac": "[ 4.44089173e-06  0.00000000e+00  3.33066880e-06  4.44089173e-06\n -4.44089173e-06 -2.22044587e-06]", "hess_inv": "[[ 5.11238308  2.63038763 -3.22714621  1.99901566 -2.94294983 -1.46414009]\n [ 2.63038763  9.75872226 -6.91933959  5.74002342 -2.91630222 -1.95101434]\n [-3.22714621 -6.91933959  9.60132546 -4.11616983  2.75113339  4.15810513]\n [ 1.99901566  5.74002342 -4.11616983  5.79562515 -1.59595982 -1.05364528]\n [-2.94294983 -2.91630222  2.75113339 -1.59595982  5.52874868  1.71379443]\n [-1.46414009 -1.95101434  4.15810513 -1.05364528  1.71379443  4.27628613]]", "nfev": "266", "njev": "38", "status": "0", "success": "True", "message": "Optimization terminated successfully.", "x": "[ 5.31001983  4.085813   -0.309816   -1.827289   -2.75040616 -0.91265734]", "nit": "35", "callback": [0.7309645194437924, 0.6504790032186247, 0.6255573986906044, 0.546960682348135, 0.5089492926738884, 0.4627489428058005, 0.3955861933499458, 0.37474315235628697, 0.35824404623738937, 0.3538144073458245, 0.35185269338526126, 0.34848827001174554, 0.34258031182684623, 0.331509923646816, 0.3108847946944687, 0.2957320607528351, 0.27687774389940745, 0.24573041173626176, 0.1995003876553314, 0.1754305009020274, 0.1690255235865321, 0.16291611146554597, 0.16029427259664253, 0.15946095927565684, 0.15887133576468715, 0.15856619110538583, 0.15818754910113886, 0.15756482002946537, 0.15656021541406073, 0.15528408648727654, 0.15471583794962096, 0.15448226421997624, 0.15448078913876206, 0.15448075828709218, 0.15448075684708273]}, "4": {"maxiter": 100, "gtol": 1e-10, "xrtol": 1e-05, "eps": 1e-05, "duration": 0.27835774421691895, "fun": "0.15448075668636918", "jac": "[ 7.21411819e-07 -4.78772577e-07  1.13390408e-06  9.34086142e-07\n -2.89757107e-07 -1.41218148e-06]", "hess_inv": "[[ 5.62900602  3.14663542 -3.43670026  2.29084464 -3.82845146 -1.59585762]\n [ 3.14663542  9.71432013 -6.77454873  5.94090386 -3.63293069 -2.27990515]\n [-3.43670026 -6.77454873  9.42156331 -4.16831839  3.04672754  4.31670363]\n [ 2.29084464  5.94090386 -4.16831839  5.96071107 -2.09866952 -1.18001575]\n [-3.82845146 -3.63293069  3.04672754 -2.09866952  6.914186    2.05809879]\n [-1.59585762 -2.27990515  4.31670363 -1.18001575  2.05809879  4.32125071]]", "nfev": "273", "njev": "39", "status": "0", "success": "True", "message": "Optimization terminated successfully.", "x": "[ 5.30997799  4.08575521 -0.30978818 -1.82734343 -2.75037357 -0.91265098]", "nit": "36", "callback": [0.73096474509902, 0.6504794561102012, 0.6255578870443756, 0.5469570185722255, 0.5089520136770921, 0.46276165205590214, 0.39559771132818355, 0.3747257190035108, 0.3582777765730619, 0.3538198003898877, 0.35186435670603133, 0.34850751176609807, 0.34261188541402054, 0.33157435028655635, 0.3110092398407335, 0.29579350597077225, 0.27698646221599255, 0.24571204364428711, 0.1993017759476705, 0.17520568258897462, 0.16892450288851169, 0.16284207091479386, 0.16041677174695346, 0.1594101504807175, 0.1588676185361827, 0.15855566223929995, 0.1581754954042226, 0.15754771780858956, 0.1565343387732122, 0.15525971592345544, 0.15470881433981776, 0.15448190516587867, 0.15448078603093096, 0.15448075773490322, 0.1544807567444113, 0.15448075668636918]}, "5": {"maxiter": 100, "gtol": 1e-10, "xrtol": 1e-05, "eps": 1e-10, "duration": 0.21651887893676758, "fun": "0.1544807566686538", "jac": "[ 3.33066880e-06  1.11022293e-06  0.00000000e+00  0.00000000e+00\n  3.33066880e-06 -1.11022293e-06]", "hess_inv": "[[ 4.45621151  1.55315941 -1.93897634  1.16023562 -2.80205949 -1.18881356]\n [ 1.55315941  8.10261703 -5.42907275  4.65031176 -1.91284917 -1.69218177]\n [-1.93897634 -5.42907275  8.31379412 -2.91817033  1.55816488  3.71535607]\n [ 1.16023562  4.65031176 -2.91817033  4.86678076 -1.17960863 -0.69308946]\n [-2.80205949 -1.91284917  1.55816488 -1.17960863  5.6952828   1.8044959 ]\n [-1.18881356 -1.69218177  3.71535607 -0.69308946  1.8044959   4.06573136]]", "nfev": "280", "njev": "40", "status": "0", "success": "True", "message": "Optimization terminated successfully.", "x": "[ 5.3099805   4.08578327 -0.30980109 -1.82731783 -2.75035712 -0.91264324]", "nit": "37", "callback": [0.7309645194437924, 0.6504790032186247, 0.6255573986906044, 0.546960682348135, 0.5089492926738884, 0.4627489428058005, 0.3955861933499458, 0.37474315235628697, 0.35824404623738937, 0.3538144073458245, 0.35185269338526126, 0.34848827001174554, 0.34258031182684623, 0.331509923646816, 0.3108847946944687, 0.2957320607528351, 0.27687774389940745, 0.24573041173626176, 0.1995003876553314, 0.1754305009020274, 0.1690255235865321, 0.16291611146554597, 0.16029427259664253, 0.15946095927565684, 0.15887133576468715, 0.15856619110538583, 0.15818754910113886, 0.15756482002946537, 0.15656021541406073, 0.15528408648727654, 0.15471583794962096, 0.15448226421997624, 0.15448078913876206, 0.15448075828709218, 0.15448075684708273, 0.15448075673085704, 0.1544807566686538]}, "6": {"maxiter": 100, "gtol": 1e-10, "xrtol": 1e-10, "eps": 1e-05, "duration": 0.3451192378997803, "fun": "0.15448075667550776", "jac": "[-3.33066907e-11  5.55111512e-11 -3.33066907e-11 -6.66133815e-11\n  6.66133815e-11 -4.44089210e-11]", "hess_inv": "[[ 6.49578651  3.04870415 -3.28928022  2.68264704 -4.72859491 -2.23264664]\n [ 3.04870415  9.68999313 -6.75827695  5.90524067 -3.51316256 -2.20423674]\n [-3.28928022 -6.75827695  9.4167829  -4.10345418  2.87731939  4.20804796]\n [ 2.68264704  5.90524067 -4.10345418  6.14204528 -2.51013272 -1.4604196 ]\n [-4.72859491 -3.51316256  2.87731939 -2.51013272  7.83967222  2.71789956]\n [-2.23264664 -2.20423674  4.20804796 -1.4604196   2.71789956  4.79481553]]", "nfev": "294", "njev": "42", "status": "0", "success": "True", "message": "Optimization terminated successfully.", "x": "[ 5.30997132  4.08575557 -0.30978904 -1.82734652 -2.75036645 -0.91264619]", "nit": "39", "callback": [0.73096474509902, 0.6504794561102012, 0.6255578870443756, 0.5469570185722255, 0.5089520136770921, 0.46276165205590214, 0.39559771132818355, 0.3747257190035108, 0.3582777765730619, 0.3538198003898877, 0.35186435670603133, 0.34850751176609807, 0.34261188541402054, 0.33157435028655635, 0.3110092398407335, 0.29579350597077225, 0.27698646221599255, 0.24571204364428711, 0.1993017759476705, 0.17520568258897462, 0.16892450288851169, 0.16284207091479386, 0.16041677174695346, 0.1594101504807175, 0.1588676185361827, 0.15855566223929995, 0.1581754954042226, 0.15754771780858956, 0.1565343387732122, 0.15525971592345544, 0.15470881433981776, 0.15448190516587867, 0.15448078603093096, 0.15448075773490322, 0.1544807567444113, 0.15448075668636918, 0.15448075667611327, 0.15448075667554728, 0.15448075667550776]}, "7": {"maxiter": 100, "gtol": 1e-10, "xrtol": 1e-10, "eps": 1e-10, "duration": 0.4392056465148926, "fun": "0.15448075663691774", "jac": "[2.22044587e-06 0.00000000e+00 0.00000000e+00 0.00000000e+00\n 0.00000000e+00 0.00000000e+00]", "hess_inv": "[[ 0.01608967  0.04571263 -0.07322944  0.04753128 -0.06484233 -0.03498094]\n [ 0.04571263  0.95830455 -0.9790493   0.09828946 -0.95482701 -0.55678411]\n [-0.07322944 -0.9790493   1.90664061 -1.04180779  1.30845096  1.27811762]\n [ 0.04753128  0.09828946 -1.04180779  1.04508193 -0.46838804 -0.78256323]\n [-0.06484233 -0.95482701  1.30845096 -0.46838804  1.4612876   0.81289753]\n [-0.03498094 -0.55678411  1.27811762 -0.78256323  0.81289753  0.95686898]]", "nfev": "448", "njev": "64", "status": "0", "success": "True", "message": "Optimization terminated successfully.", "x": "[ 5.30998035  4.08578046 -0.30979212 -1.82732301 -2.75036725 -0.91263569]", "nit": "46", "callback": [0.7309645194437924, 0.6504790032186247, 0.6255573986906044, 0.546960682348135, 0.5089492926738884, 0.4627489428058005, 0.3955861933499458, 0.37474315235628697, 0.35824404623738937, 0.3538144073458245, 0.35185269338526126, 0.34848827001174554, 0.34258031182684623, 0.331509923646816, 0.3108847946944687, 0.2957320607528351, 0.27687774389940745, 0.24573041173626176, 0.1995003876553314, 0.1754305009020274, 0.1690255235865321, 0.16291611146554597, 0.16029427259664253, 0.15946095927565684, 0.15887133576468715, 0.15856619110538583, 0.15818754910113886, 0.15756482002946537, 0.15656021541406073, 0.15528408648727654, 0.15471583794962096, 0.15448226421997624, 0.15448078913876206, 0.15448075828709218, 0.15448075684708273, 0.15448075673085704, 0.1544807566686538, 0.15448075664425465, 0.15448075664367966, 0.15448075664025918, 0.1544807566386306, 0.1544807566384816, 0.15448075663837413, 0.15448075663691807, 0.15448075663691774, 0.15448075663691774]}, "8": {"maxiter": 500, "gtol": 1e-05, "xrtol": 1e-05, "eps": 1e-05, "duration": 0.20597052574157715, "fun": "0.1544807567444113", "jac": "[ 1.62420077e-06 -4.37672121e-07  2.59451349e-06  1.82507343e-06\n -2.23068231e-06 -2.57144306e-06]", "hess_inv": "[[ 5.1150045   2.56030097 -3.1689011   1.93672104 -2.95961775 -1.44094345]\n [ 2.56030097  9.53484321 -6.69353968  5.63184136 -2.90303809 -1.92684538]\n [-3.1689011  -6.69353968  9.385006   -4.02734587  2.71387511  4.15510159]\n [ 1.93672104  5.63184136 -4.02734587  5.73513749 -1.55073437 -1.03909129]\n [-2.95961775 -2.90303809  2.71387511 -1.55073437  5.58499112  1.70211551]\n [-1.44094345 -1.92684538  4.15510159 -1.03909129  1.70211551  4.33810775]]", "nfev": "266", "njev": "38", "status": "0", "success": "True", "message": "Optimization terminated successfully.", "x": "[ 5.30999367  4.0857633  -0.30979