{"date": "2024/09/25/, 02:48:55", "conf_id": 116, "data_type": "orthogonal\n", "num_data_points": 2, "s_rank": 0, "unitary": "[[-0.56303964-0.00798273j,-0.21670212-0.15784972j,-0.06047197-0.73952673j,-0.01438004+0.24552571j],[-0.06976756+0.23474685j,-0.01275565-0.5435098j,-0.02703657-0.08917885j,-0.08210486-0.79311774j],[-0.38559961+0.10714929j,0.5933431-0.2687392j,-0.24060861+0.29149289j,-0.45147719+0.26241743j],[-0.50180421+0.45931857j,-0.11617175+0.44134496j,0.49642745+0.22684508j,-0.08544628-0.15407063j]]", "databatch_0": {"databatch": "[[[-2.40111486e-04+0.30360736j,3.28931468e-01+0.05661573j,-2.21251458e-01-0.06820279j,1.21608992e-02+0.07322435j],[-2.46838234e-02-0.08788362j,-8.26651255e-02+0.11144531j,-2.25878582e-01-0.04838646j,-3.50757732e-01+0.10074898j],[6.69585710e-02+0.24088451j,-2.47763840e-01-0.30738314j,-1.63013141e-01+0.20591938j,-1.40957191e-01+0.06784482j],[-3.34837013e-01-0.12294582j,-5.91189464e-02-0.05659135j,-1.03974483e-01+0.20513525j,1.26422002e-01-0.09244867j]],[[1.69198432e-02+0.24023756j,3.16669538e-01+0.06552235j,-3.58921184e-01-0.10115903j,-3.67866640e-02+0.08017098j],[6.93644298e-02+0.12694468j,1.30183264e-02+0.18502299j,-4.86741821e-02-0.02829224j,-2.92600785e-01+0.05625366j],[1.37681944e-01+0.31829026j,-2.65779606e-01-0.35346938j,-1.28836160e-01+0.14805488j,-1.29509836e-01+0.0369553j],[-1.66311250e-01-0.10313261j,8.95779730e-03-0.11390936j,-2.51386998e-02+0.09126663j,1.89573343e-01-0.27305147j]]]", "initial param values": "[6.18420435,2.29693204,5.62386765,1.52395629,4.42893244,3.44548961]", "nelder_mead": {"type": "gradient-free", "0": {"maxiter": 100, "fatol": 1e-05, "xatol": 1e-05, "duration": 0.03696775436401367, "fun": "0.5350001372008868", "nit": "100", "nfev": "156", "status": "2", "success": "False", "message": "Maximum number of iterations has been exceeded.", "x": "[6.49632136 1.34690719 5.67786333 1.15023378 6.34612453 4.48524187]", "final_simplex": "(array([[6.49632136, 1.34690719, 5.67786333, 1.15023378, 6.34612453,\n        4.48524187],\n       [6.48539821, 1.32728564, 5.68359666, 1.138772  , 6.35523626,\n        4.50707188],\n       [6.51747448, 1.31084896, 5.70669358, 1.13858669, 6.36668126,\n        4.50153521],\n       [6.48586021, 1.35888146, 5.69406705, 1.1377253 , 6.36102676,\n        4.47472162],\n       [6.51239089, 1.33990051, 5.67751983, 1.13236014, 6.33923997,\n        4.51773095],\n       [6.49976861, 1.31362978, 5.71200659, 1.14234608, 6.35286569,\n        4.49819138],\n       [6.50906422, 1.3237611 , 5.68736448, 1.13848058, 6.36405079,\n        4.48732969]]), array([0.53500014, 0.53507343, 0.53508341, 0.53508581, 0.53509343,\n       0.53509691, 0.53511983]))", "callback": [0.8478389503239704, 0.6619177632522761, 0.623005782737736, 0.5754886027883095, 0.5508842924351778, 0.5391314492890473, 0.5365781540667487, 0.5355942547118261, 0.5352853548086757, 0.5351485742168693]}, "1": {"maxiter": 100, "fatol": 1e-05, "xatol": 1e-10, "duration": 0.03780508041381836, "fun": "0.5350001372008868", "nit": "100", "nfev": "156", "status": "2", "success": "False", "message": "Maximum number of iterations has been exceeded.", "x": "[6.49632136 1.34690719 5.67786333 1.15023378 6.34612453 4.48524187]", "final_simplex": "(array([[6.49632136, 1.34690719, 5.67786333, 1.15023378, 6.34612453,\n        4.48524187],\n       [6.48539821, 1.32728564, 5.68359666, 1.138772  , 6.35523626,\n        4.50707188],\n       [6.51747448, 1.31084896, 5.70669358, 1.13858669, 6.36668126,\n        4.50153521],\n       [6.48586021, 1.35888146, 5.69406705, 1.1377253 , 6.36102676,\n        4.47472162],\n       [6.51239089, 1.33990051, 5.67751983, 1.13236014, 6.33923997,\n        4.51773095],\n       [6.49976861, 1.31362978, 5.71200659, 1.14234608, 6.35286569,\n        4.49819138],\n       [6.50906422, 1.3237611 , 5.68736448, 1.13848058, 6.36405079,\n        4.48732969]]), array([0.53500014, 0.53507343, 0.53508341, 0.53508581, 0.53509343,\n       0.53509691, 0.53511983]))", "callback": [0.8478389503239704, 0.6619177632522761, 0.623005782737736, 0.5754886027883095, 0.5508842924351778, 0.5391314492890473, 0.5365781540667487, 0.5355942547118261, 0.5352853548086757, 0.5351485742168693]}, "2": {"maxiter": 100, "fatol": 1e-10, "xatol": 1e-05, "duration": 0.038079023361206055, "fun": "0.5350001372008868", "nit": "100", "nfev": "156", "status": "2", "success": "False", "message": "Maximum number of iterations has been exceeded.", "x": "[6.49632136 1.34690719 5.67786333 1.15023378 6.34612453 4.48524187]", "final_simplex": "(array([[6.49632136, 1.34690719, 5.67786333, 1.15023378, 6.34612453,\n        4.48524187],\n       [6.48539821, 1.32728564, 5.68359666, 1.138772  , 6.35523626,\n        4.50707188],\n       [6.51747448, 1.31084896, 5.70669358, 1.13858669, 6.36668126,\n        4.50153521],\n       [6.48586021, 1.35888146, 5.69406705, 1.1377253 , 6.36102676,\n        4.47472162],\n       [6.51239089, 1.33990051, 5.67751983, 1.13236014, 6.33923997,\n        4.51773095],\n       [6.49976861, 1.31362978, 5.71200659, 1.14234608, 6.35286569,\n        4.49819138],\n       [6.50906422, 1.3237611 , 5.68736448, 1.13848058, 6.36405079,\n        4.48732969]]), array([0.53500014, 0.53507343, 0.53508341, 0.53508581, 0.53509343,\n       0.53509691, 0.53511983]))", "callback": [0.8478389503239704, 0.6619177632522761, 0.623005782737736, 0.5754886027883095, 0.5508842924351778, 0.5391314492890473, 0.5365781540667487, 0.5355942547118261, 0.5352853548086757, 0.5351485742168693]}, "3": {"maxiter": 100, "fatol": 1e-10, "xatol": 1e-10, "duration": 0.036416053771972656, "fun": "0.5350001372008868", "nit": "100", "nfev": "156", "status": "2", "success": "False", "message": "Maximum number of iterations has been exceeded.", "x": "[6.49632136 1.34690719 5.67786333 1.15023378 6.34612453 4.48524187]", "final_simplex": "(array([[6.49632136, 1.34690719, 5.67786333, 1.15023378, 6.34612453,\n        4.48524187],\n       [6.48539821, 1.32728564, 5.68359666, 1.138772  , 6.35523626,\n        4.50707188],\n       [6.51747448, 1.31084896, 5.70669358, 1.13858669, 6.36668126,\n        4.50153521],\n       [6.48586021, 1.35888146, 5.69406705, 1.1377253 , 6.36102676,\n        4.47472162],\n       [6.51239089, 1.33990051, 5.67751983, 1.13236014, 6.33923997,\n        4.51773095],\n       [6.49976861, 1.31362978, 5.71200659, 1.14234608, 6.35286569,\n        4.49819138],\n       [6.50906422, 1.3237611 , 5.68736448, 1.13848058, 6.36405079,\n        4.48732969]]), array([0.53500014, 0.53507343, 0.53508341, 0.53508581, 0.53509343,\n       0.53509691, 0.53511983]))", "callback": [0.8478389503239704, 0.6619177632522761, 0.623005782737736, 0.5754886027883095, 0.5508842924351778, 0.5391314492890473, 0.5365781540667487, 0.5355942547118261, 0.5352853548086757, 0.5351485742168693]}, "4": {"maxiter": 500, "fatol": 1e-05, "xatol": 1e-05, "duration": 0.18073320388793945, "fun": "0.4789218514714181", "nit": "500", "nfev": "780", "status": "2", "success": "False", "message": "Maximum number of iterations has been exceeded.", "x": "[7.73825503 3.54549904 4.3518808  0.12532576 7.35367263 3.74206142]", "final_simplex": "(array([[7.73825503, 3.54549904, 4.3518808 , 0.12532576, 7.35367263,\n        3.74206142],\n       [7.73824847, 3.54550322, 4.35188388, 0.12532726, 7.35367899,\n        3.74205097],\n       [7.73824696, 3.54550874, 4.35187554, 0.12532285, 7.35366709,\n        3.74205536],\n       [7.73825326, 3.54550345, 4.351882  , 0.12532034, 7.35365888,\n        3.7420684 ],\n       [7.73824229, 3.54550069, 4.3518784 , 0.12532182, 7.35364469,\n        3.74208349],\n       [7.73824694, 3.54550119, 4.35187623, 0.12532693, 7.35371174,\n        3.74201228],\n       [7.73825326, 3.54550881, 4.35187865, 0.12531608, 7.35369859,\n        3.74203033]]), array([0.47892185, 0.47892185, 0.47892185, 0.47892185, 0.47892185,\n       0.47892185, 0.47892185]))", "callback": [0.8478389503239704, 0.6619177632522761, 0.623005782737736, 0.5754886027883095, 0.5508842924351778, 0.5391314492890473, 0.5365781540667487, 0.5355942547118261, 0.5352853548086757, 0.5351485742168693, 0.5348407467561268, 0.5347223605502776, 0.5339212604492714, 0.531319707954639, 0.5293810607046296, 0.523195527291872, 0.5137641163581086, 0.4949704539918963, 0.487622614404542, 0.48083408591360954, 0.4800821622923207, 0.4797807519533632, 0.4797101404571671, 0.4796827225952348, 0.47960779525092856, 0.47935849983674905, 0.47897685343868457, 0.478948792540016, 0.4789411549750928, 0.47893498126601275, 0.47893424164655085, 0.4789341135866758, 0.478933865838425, 0.4789333417292021, 0.4789320513529153, 0.47892841800009744, 0.4789269807730998, 0.47892603213110696, 0.47892458948877137, 0.47892279184184305, 0.47892226825256357, 0.47892194958529877, 0.478921861613541, 0.47892185670758025, 0.4789218530510948, 0.4789218519528221, 0.4789218516013596, 0.47892185152429134, 0.47892185148918365, 0.4789218514717474]}, "5": {"maxiter": 500, "fatol": 1e-05, "xatol": 1e-10, "duration": 0.1784040927886963, "fun": "0.4789218514714181", "nit": "500", "nfev": "780", "status": "2", "success": "False", "message": "Maximum number of iterations has been exceeded.", "x": "[7.73825503 3.54549904 4.3518808  0.12532576 7.35367263 3.74206142]", "final_simplex": "(array([[7.73825503, 3.54549904, 4.3518808 , 0.12532576, 7.35367263,\n        3.74206142],\n       [7.73824847, 3.54550322, 4.35188388, 0.12532726, 7.35367899,\n        3.74205097],\n       [7.73824696, 3.54550874, 4.35187554, 0.12532285, 7.35366709,\n        3.74205536],\n       [7.73825326, 3.54550345, 4.351882  , 0.12532034, 7.35365888,\n        3.7420684 ],\n       [7.73824229, 3.54550069, 4.3518784 , 0.12532182, 7.35364469,\n        3.74208349],\n       [7.73824694, 3.54550119, 4.35187623, 0.12532693, 7.35371174,\n        3.74201228],\n       [7.73825326, 3.54550881, 4.35187865, 0.12531608, 7.35369859,\n        3.74203033]]), array([0.47892185, 0.47892185, 0.47892185, 0.47892185, 0.47892185,\n       0.47892185, 0.47892185]))", "callback": [0.8478389503239704, 0.6619177632522761, 0.623005782737736, 0.5754886027883095, 0.5508842924351778, 0.5391314492890473, 0.5365781540667487, 0.5355942547118261, 0.5352853548086757, 0.5351485742168693, 0.5348407467561268, 0.5347223605502776, 0.5339212604492714, 0.531319707954639, 0.5293810607046296, 0.523195527291872, 0.5137641163581086, 0.4949704539918963, 0.487622614404542, 0.48083408591360954, 0.4800821622923207, 0.4797807519533632, 0.4797101404571671, 0.4796827225952348, 0.47960779525092856, 0.47935849983674905, 0.47897685343868457, 0.478948792540016, 0.4789411549750928, 0.47893498126601275, 0.47893424164655085, 0.4789341135866758, 0.478933865838425, 0.4789333417292021, 0.4789320513529153, 0.47892841800009744, 0.4789269807730998, 0.47892603213110696, 0.47892458948877137, 0.47892279184184305, 0.47892226825256357, 0.47892194958529877, 0.478921861613541, 0.47892185670758025, 0.4789218530510948, 0.4789218519528221, 0.4789218516013596, 0.47892185152429134, 0.47892185148918365, 0.4789218514717474]}, "6": {"maxiter": 500, "fatol": 1e-10, "xatol": 1e-05, "duration": 0.1912078857421875, "fun": "0.4789218514714181", "nit": "500", "nfev": "780", "status": "2", "success": "False", "message": "Maximum number of iterations has been exceeded.", "x": "[7.73825503 3.54549904 4.3518808  0.12532576 7.35367263 3.74206142]", "final_simplex": "(array([[7.73825503, 3.54549904, 4.3518808 , 0.12532576, 7.35367263,\n        3.74206142],\n       [7.73824847, 3.54550322, 4.35188388, 0.12532726, 7.35367899,\n        3.74205097],\n       [7.73824696, 3.54550874, 4.35187554, 0.12532285, 7.35366709,\n        3.74205536],\n       [7.73825326, 3.54550345, 4.351882  , 0.12532034, 7.35365888,\n        3.7420684 ],\n       [7.73824229, 3.54550069, 4.3518784 , 0.12532182, 7.35364469,\n        3.74208349],\n       [7.73824694, 3.54550119, 4.35187623, 0.12532693, 7.35371174,\n        3.74201228],\n       [7.73825326, 3.54550881, 4.35187865, 0.12531608, 7.35369859,\n        3.74203033]]), array([0.47892185, 0.47892185, 0.47892185, 0.47892185, 0.47892185,\n       0.47892185, 0.47892185]))", "callback": [0.8478389503239704, 0.6619177632522761, 0.623005782737736, 0.5754886027883095, 0.5508842924351778, 0.5391314492890473, 0.5365781540667487, 0.5355942547118261, 0.5352853548086757, 0.5351485742168693, 0.5348407467561268, 0.5347223605502776, 0.5339212604492714, 0.531319707954639, 0.5293810607046296, 0.523195527291872, 0.5137641163581086, 0.4949704539918963, 0.487622614404542, 0.48083408591360954, 0.4800821622923207, 0.4797807519533632, 0.4797101404571671, 0.4796827225952348, 0.47960779525092856, 0.47935849983674905, 0.47897685343868457, 0.478948792540016, 0.4789411549750928, 0.47893498126601275, 0.47893424164655085, 0.4789341135866758, 0.478933865838425, 0.4789333417292021, 0.4789320513529153, 0.47892841800009744, 0.4789269807730998, 0.47892603213110696, 0.47892458948877137, 0.47892279184184305, 0.47892226825256357, 0.47892194958529877, 0.478921861613541, 0.47892185670758025, 0.4789218530510948, 0.4789218519528221, 0.4789218516013596, 0.47892185152429134, 0.47892185148918365, 0.4789218514717474]}, "7": {"maxiter": 500, "fatol": 1e-10, "xatol": 1e-10, "duration": 0.1802842617034912, "fun": "0.4789218514714181", "nit": "500", "nfev": "780", "status": "2", "success": "False", "message": "Maximum number of iterations has been exceeded.", "x": "[7.73825503 3.54549904 4.3518808  0.12532576 7.35367263 3.74206142]", "final_simplex": "(array([[7.73825503, 3.54549904, 4.3518808 , 0.12532576, 7.35367263,\n        3.74206142],\n       [7.73824847, 3.54550322, 4.35188388, 0.12532726, 7.35367899,\n        3.74205097],\n       [7.73824696, 3.54550874, 4.35187554, 0.12532285, 7.35366709,\n        3.74205536],\n       [7.73825326, 3.54550345, 4.351882  , 0.12532034, 7.35365888,\n        3.7420684 ],\n       [7.73824229, 3.54550069, 4.3518784 , 0.12532182, 7.35364469,\n        3.74208349],\n       [7.73824694, 3.54550119, 4.35187623, 0.12532693, 7.35371174,\n        3.74201228],\n       [7.73825326, 3.54550881, 4.35187865, 0.12531608, 7.35369859,\n        3.74203033]]), array([0.47892185, 0.47892185, 0.47892185, 0.47892185, 0.47892185,\n       0.47892185, 0.47892185]))", "callback": [0.8478389503239704, 0.6619177632522761, 0.623005782737736, 0.5754886027883095, 0.5508842924351778, 0.5391314492890473, 0.5365781540667487, 0.5355942547118261, 0.5352853548086757, 0.5351485742168693, 0.5348407467561268, 0.5347223605502776, 0.5339212604492714, 0.531319707954639, 0.5293810607046296, 0.523195527291872, 0.5137641163581086, 0.4949704539918963, 0.487622614404542, 0.48083408591360954, 0.4800821622923207, 0.4797807519533632, 0.4797101404571671, 0.4796827225952348, 0.47960779525092856, 0.47935849983674905, 0.47897685343868457, 0.478948792540016, 0.4789411549750928, 0.47893498126601275, 0.47893424164655085, 0.4789341135866758, 0.478933865838425, 0.4789333417292021, 0.4789320513529153, 0.47892841800009744, 0.4789269807730998, 0.47892603213110696, 0.47892458948877137, 0.47892279184184305, 0.47892226825256357, 0.47892194958529877, 0.478921861613541, 0.47892185670758025, 0.4789218530510948, 0.4789218519528221, 0.4789218516013596, 0.47892185152429134, 0.47892185148918365, 0.4789218514717474]}, "8": {"maxiter": 1000, "fatol": 1e-05, "xatol": 1e-05, "duration": 0.19246625900268555, "fun": "0.4789218514682496", "nit": "519", "nfev": "814", "status": "0", "success": "True", "message": "Optimization terminated successfully.", "x": "[7.73824832 3.54550132 4.35187983 0.12532456 7.35365871 3.74206922]", "final_simplex": "(array([[7.73824832, 3.54550132, 4.35187983, 0.12532456, 7.35365871,\n        3.74206922],\n       [7.73824704, 3.54550174, 4.3518792 , 0.12532474, 7.35366408,\n        3.74206232],\n       [7.73824867, 3.54550053, 4.35187926, 0.1253247 , 7.35366376,\n        3.74206418],\n       [7.73824762, 3.54550136, 4.35187994, 0.12532451, 7.35366328,\n        3.74206519],\n       [7.73824975, 3.54550195, 4.35188061, 0.1253242 , 7.35366605,\n        3.7420622 ],\n       [7.73824873, 3.54550231, 4.35187855, 0.12532475, 7.35366671,\n        3.74206044],\n       [7.73824777, 3.54550106, 4.35187995, 0.12532637, 7.3536627 ,\n        3.74206489]]), array([0.47892185, 0.47892185, 0.47892185, 0.47892185, 0.47892185,\n       0.47892185, 0.47892185]))", "callback": [0.8478389503239704, 0.6619177632522761, 0.623005782737736, 0.5754886027883095, 0.5508842924351778, 0.5391314492890473, 0.5365781540667487, 0.5355942547118261, 0.5352853548086757, 0.5351485742168693, 0.5348407467561268, 0.5347223605502776, 0.5339212604492714, 0.531319707954639, 0.5293810607046296, 0.523195527291872, 0.5137641163581086, 0.4949704539918963, 0.487622614404542, 0.48083408591360954, 0.4800821622923207, 0.4797807519533632, 0.4797101404571671, 0.4796827225952348, 0.47960779525092856, 0.47935849983674905, 0.47897685343868457, 0.478948792540016, 0.4789411549750928, 0.47893498126601275, 0.47893424164655085, 0.4789341135866758, 0.478933865838425, 0.4789333417292021, 0.4789320513529153, 0.47892841800009744, 0.4789269807730998, 0.47892603213110696, 0.47892458948877137, 0.47892279184184305, 0.47892226825256357, 0.47892194958529877, 0.478921861613541, 0.47892185670758025, 0.4789218530510948, 0.4789218519528221, 0.4789218516013596, 0.47892185152429134, 0.47892185148918365, 0.4789218514717474, 0.4789218514697041, 0.4789218514683389]}, "9": {"maxiter": 1000, "fatol": 1e-05, "xatol": 1e-10, "duration": 0.22764015197753906, "fun": "0.478921851468167", "nit": "587", "nfev": "992", "status": "0", "success": "True", "message": "Optimization terminated successfully.", "x": "[7.73824843 3.54550139 4.35187985 0.1253248  7.35366473 3.74206313]", "final_simplex": "(array([[7.73824843, 3.54550139, 4.35187985, 0.1253248 , 7.35366473,\n        3.74206313],\n       [7.73824843, 3.54550139, 4.35187985, 0.1253248 , 7.35366473,\n        3.74206313],\n       [7.73824843, 3.54550139, 4.35187985, 0.1253248 , 7.35366473,\n        3.74206313],\n       [7.73824843, 3.54550139, 4.35187985, 0.1253248 , 7.35366473,\n        3.74206313],\n       [7.73824843, 3.54550139, 4.35187985, 0.1253248 , 7.35366473,\n        3.74206313],\n       [7.73824843, 3.54550139, 4.35187985, 0.1253248 , 7.35366473,\n        3.74206313],\n       [7.73824843, 3.54550139, 4.35187985, 0.1253248 , 7.35366473,\n        3.74206313]]), array([0.47892185, 0.47892185, 0.47892185, 0.47892185, 0.47892185,\n       0.47892185, 0.47892185]))", "callback": [0.8478389503239704, 0.6619177632522761, 0.623005782737736, 0.5754886027883095, 0.5508842924351778, 0.5391314492890473, 0.5365781540667487, 0.5355942547118261, 0.5352853548086757, 0.5351485742168693, 0.5348407467561268, 0.5347223605502776, 0.5339212604492714, 0.531319707954639, 0.5293810607046296, 0.523195527291872, 0.5137641163581086, 0.4949704539918963, 0.487622614404542, 0.48083408591360954, 0.4800821622923207, 0.4797807519533632, 0.4797101404571671, 0.4796827225952348, 0.47960779525092856, 0.47935849983674905, 0.47897685343868457, 0.478948792540016, 0.4789411549750928, 0.47893498126601275, 0.47893424164655085, 0.4789341135866758, 0.478933865838425, 0.4789333417292021, 0.4789320513529153, 0.47892841800009744, 0.4789269807730998, 0.47892603213110696, 0.47892458948877137, 0.47892279184184305, 0.47892226825256357, 0.47892194958529877, 0.478921861613541, 0.47892185670758025, 0.4789218530510948, 0.4789218519528221, 0.4789218516013596, 0.47892185152429134, 0.47892185148918365, 0.4789218514717474, 0.4789218514697041, 0.4789218514683389, 0.4789218514681949, 0.47892185146817634, 0.478921851468169, 0.47892185146816735, 0.4789218514681671, 0.478921851468167, 0.478921851468167]}, "10": {"maxiter": 1000, "fatol": 1e-10, "xatol": 1e-05, "duration": 0.1876060962677002, "fun": "0.4789218514682496", "nit": "519", "nfev": "814", "status": "0", "success": "True", "message": "Optimization terminated successfully.", "x": "[7.73824832 3.54550132 4.35187983 0.12532456 7.35365871 3.74206922]", "final_simplex": "(array([[7.73824832, 3.54550132, 4.35187983, 0.12532456, 7.35365871,\n        3.74206922],\n       [7.73824704, 3.54550174, 4.3518792 , 0.12532474, 7.35366408,\n        3.74206232],\n       [7.73824867, 3.54550053, 4.35187926, 0.1253247 , 7.35366376,\n        3.74206418],\n       [7.73824762, 3.54550136, 4.35187994, 0.12532451, 7.35366328,\n        3.74206519],\n       [7.73824975, 3.54550195, 4.35188061, 0.1253242 , 7.35366605,\n        3.7420622 ],\n       [7.73824873, 3.54550231, 4.35187855, 0.12532475, 7.35366671,\n        3.74206044],\n       [7.73824777, 3.54550106, 4.35187995, 0.12532637, 7.3536627 ,\n        3.74206489]]), array([0.47892185, 0.47892185, 0.47892185, 0.47892185, 0.47892185,\n       0.47892185, 0.47892185]))", "callback": [0.8478389503239704, 0.6619177632522761, 0.623005782737736, 0.5754886027883095, 0.5508842924351778, 0.5391314492890473, 0.5365781540667487, 0.5355942547118261, 0.5352853548086757, 0.5351485742168693, 0.5348407467561268, 0.5347223605502776, 0.5339212604492714, 0.531319707954639, 0.5293810607046296, 0.523195527291872, 0.5137641163581086, 0.4949704539918963, 0.487622614404542, 0.48083408591360954, 0.4800821622923207, 0.4797807519533632, 0.4797101404571671, 0.4796827225952348, 0.47960779525092856, 0.47935849983674905, 0.47897685343868457, 0.478948792540016, 0.4789411549750928, 0.47893498126601275, 0.47893424164655085, 0.4789341135866758, 0.478933865838425, 0.4789333417292021, 0.4789320513529153, 0.47892841800009744, 0.4789269807730998, 0.47892603213110696, 0.47892458948877137, 0.47892279184184305, 0.47892226825256357, 0.47892194958529877, 0.478921861613541, 0.47892185670758025, 0.4789218530510948, 0.4789218519528221, 0.4789218516013596, 0.47892185152429134, 0.47892185148918365, 0.4789218514717474, 0.4789218514697041, 0.4789218514683389]}, "11": {"maxiter": 1000, "fatol": 1e-10, "xatol": 1e-10, "duration": 0.22393298149108887, "fun": "0.478921851468167", "nit": "587", "nfev": "992", "status": "0", "success": "True", "message": "Optimization terminated successfully.", "x": "[7.73824843 3.54550139 4.35187985 0.1253248  7.35366473 3.74206313]", "final_simplex": "(array([[7.73824843, 3.54550139, 4.35187985, 0.1253248 , 7.35366473,\n        3.74206313],\n       [7.73824843, 3.54550139, 4.35187985, 0.1253248 , 7.35366473,\n        3.74206313],\n       [7.73824843, 3.54550139, 4.35187985, 0.1253248 , 7.35366473,\n        3.74206313],\n       [7.73824843, 3.54550139, 4.35187985, 0.1253248 , 7.35366473,\n        3.74206313],\n       [7.73824843, 3.54550139, 4.35187985, 0.1253248 , 7.35366473,\n        3.74206313],\n       [7.73824843, 3.54550139, 4.35187985, 0.1253248 , 7.35366473,\n        3.74206313],\n       [7.73824843, 3.54550139, 4.35187985, 0.1253248 , 7.35366473,\n        3.74206313]]), array([0.47892185, 0.47892185, 0.47892185, 0.47892185, 0.47892185,\n       0.47892185, 0.47892185]))", "callback": [0.8478389503239704, 0.6619177632522761, 0.623005782737736, 0.5754886027883095, 0.5508842924351778, 0.5391314492890473, 0.5365781540667487, 0.5355942547118261, 0.5352853548086757, 0.5351485742168693, 0.5348407467561268, 0.5347223605502776, 0.5339212604492714, 0.531319707954639, 0.5293810607046296, 0.523195527291872, 0.5137641163581086, 0.4949704539918963, 0.487622614404542, 0.48083408591360954, 0.4800821622923207, 0.4797807519533632, 0.4797101404571671, 0.4796827225952348, 0.47960779525092856, 0.47935849983674905, 0.47897685343868457, 0.478948792540016, 0.4789411549750928, 0.47893498126601275, 0.47893424164655085, 0.4789341135866758, 0.478933865838425, 0.4789333417292021, 0.4789320513529153, 0.47892841800009744, 0.4789269807730998, 0.47892603213110696, 0.47892458948877137, 0.47892279184184305, 0.47892226825256357, 0.47892194958529877, 0.478921861613541, 0.47892185670758025, 0.4789218530510948, 0.4789218519528221, 0.4789218516013596, 0.47892185152429134, 0.47892185148918365, 0.4789218514717474, 0.4789218514697041, 0.4789218514683389, 0.4789218514681949, 0.47892185146817634, 0.478921851468169, 0.47892185146816735, 0.4789218514681671, 0.478921851468167, 0.478921851468167]}}, "bfgs": {"type": "gradient", "0": {"maxiter": 100, "gtol": 1e-05, "xrtol": 1e-05, "eps": 1e-05, "duration": 0.08447504043579102, "fun": "0.47892185166378265", "jac": "[ 1.04960485e-06  4.79823958e-06  3.02000647e-06  4.68047823e-07\n -1.66633374e-06 -2.34881004e-06]", "hess_inv": "[[ 1.00748918e+01  1.90523858e-01  3.52511332e+00 -2.04176063e+00\n   1.13718021e+01 -4.32302567e+00]\n [ 1.90523858e-01  6.62525795e+00 -1.54588878e+00 -1.67005504e+00\n   2.31757027e+00 -4.92990995e+00]\n [ 3.52511332e+00 -1.54588878e+00  6.35198443e+00 -2.31853087e-01\n   3.40311550e+00  1.75439043e+00]\n [-2.04176063e+00 -1.67005504e+00 -2.31853087e-01  5.75260567e+00\n  -2.14595973e+00  5.31708424e-01]\n [ 1.13718021e+01  2.31757027e+00  3.40311550e+00 -2.14595973e+00\n   2.55040606e+02 -2.44944385e+02]\n [-4.32302567e+00 -4.92990995e+00  1.75439043e+00  5.31708424e-01\n  -2.44944385e+02  2.46491290e+02]]", "nfev": "357", "njev": "51", "status": "0", "success": "True", "message": "Optimization terminated successfully.", "x": "[7.73824129 3.54554194 4.35186977 0.12531445 7.35383786 3.74185159]", "nit": "41", "callback": [0.841919738205839, 0.6530290088603015, 0.6423956941659712, 0.6236554023220713, 0.5918502828256286, 0.5557686691001126, 0.5463153668699614, 0.5342872726370653, 0.5326262096845954, 0.5321968490415525, 0.5315898487272395, 0.5310694144864644, 0.5307972624021731, 0.5306615315383378, 0.530413175403841, 0.5261246972303772, 0.5254563670569338, 0.5241880829807058, 0.5218458562842734, 0.5179317983331173, 0.5116382591908473, 0.5013079889922902, 0.48705203313473566, 0.48158517418750557, 0.48006497253408653, 0.47940626432537403, 0.4791571003987638, 0.47904623145568004, 0.47902897516761667, 0.47902247179470736, 0.47902074467822575, 0.4790178202241211, 0.4790126349656566, 0.47900335835499397, 0.4789872232012138, 0.47896186312024724, 0.4789374424710071, 0.4789270071219658, 0.4789222782297877, 0.47892187482394943, 0.47892185166378265]}, "1": {"maxiter": 100, "gtol": 1e-05, "xrtol": 1e-05, "eps": 1e-10, "duration": 0.08206915855407715, "fun": "0.4789218518540247", "jac": "[ 1.11022293e-06  2.22044587e-06  0.00000000e+00 -1.11022293e-06\n -1.11022293e-06 -3.33066880e-06]", "hess_inv": "[[ 1.01516673e+01  2.21630287e-01  3.58445171e+00 -1.98418444e+00\n   1.14774843e+01 -4.39250640e+00]\n [ 2.21630287e-01  6.61204114e+00 -1.51109984e+00 -1.64878307e+00\n   2.78051068e+00 -5.35486818e+00]\n [ 3.58445171e+00 -1.51109984e+00  6.34943919e+00 -1.90746550e-01\n   3.72430571e+00  1.44220336e+00]\n [-1.98418444e+00 -1.64878307e+00 -1.90746550e-01  5.76051101e+00\n  -1.90368257e+00  3.25417628e-01]\n [ 1.14774843e+01  2.78051068e+00  3.72430571e+00 -1.90368257e+00\n   2.48136412e+02 -2.38353141e+02]\n [-4.39250640e+00 -5.35486818e+00  1.44220336e+00  3.25417628e-01\n  -2.38353141e+02  2.40196814e+02]]", "nfev": "357", "njev": "51", "status": "0", "success": "True", "message": "Optimization terminated successfully.", "x": "[7.73827847 3.54553657 4.35188451 0.12531195 7.35408225 3.74164816]", "nit": "41", "callback": [0.8419189867819189, 0.6530338157364475, 0.6423990866048753, 0.6236581596288814, 0.5918537057008698, 0.5557715882389583, 0.5463159425468319, 0.534287794959434, 0.5326266535644664, 0.5321967590950903, 0.5315903437913587, 0.5310700408146314, 0.5307969012549112, 0.5306613777654084, 0.5304133398571771, 0.5261419326545738, 0.5254700699350423, 0.5241951060853273, 0.5218419130372693, 0.5179136305890937, 0.511590569017776, 0.501206945871904, 0.4869222307445453, 0.4815508409841578, 0.48004863462924874, 0.4794016044248607, 0.47915478501275477, 0.47904594017852253, 0.4790285455569505, 0.47902198996700707, 0.47902023851475695, 0.47901729687449235, 0.4790120767225692, 0.4790026822646033, 0.47898623820402353, 0.47896033049122766, 0.47893603803203555, 0.4789265151981379, 0.478922210182952, 0.4789218682775972, 0.4789218518540247]}, "2": {"maxiter": 100, "gtol": 1e-05, "xrtol": 1e-10, "eps": 1e-05, "duration": 0.0816192626953125, "fun": "0.47892185166378265", "jac": "[ 1.04960485e-06  4.79823958e-06  3.02000647e-06  4.68047823e-07\n -1.66633374e-06 -2.34881004e-06]", "hess_inv": "[[ 1.00748918e+01  1.90523858e-01  3.52511332e+00 -2.04176063e+00\n   1.13718021e+01 -4.32302567e+00]\n [ 1.90523858e-01  6.62525795e+00 -1.54588878e+00 -1.67005504e+00\n   2.31757027e+00 -4.92990995e+00]\n [ 3.52511332e+00 -1.54588878e+00  6.35198443e+00 -2.31853087e-01\n   3.40311550e+00  1.75439043e+00]\n [-2.04176063e+00 -1.67005504e+00 -2.31853087e-01  5.75260567e+00\n  -2.14595973e+00  5.31708424e-01]\n [ 1.13718021e+01  2.31757027e+00  3.40311550e+00 -2.14595973e+00\n   2.55040606e+02 -2.44944385e+02]\n [-4.32302567e+00 -4.92990995e+00  1.75439043e+00  5.31708424e-01\n  -2.44944385e+02  2.46491290e+02]]", "nfev": "357", "njev": "51", "status": "0", "success": "True", "message": "Optimization terminated successfully.", "x": "[7.73824129 3.54554194 4.35186977 0.12531445 7.35383786 3.74185159]", "nit": "41", "callback": [0.841919738205839, 0.6530290088603015, 0.6423956941659712, 0.6236554023220713, 0.5918502828256286, 0.5557686691001126, 0.5463153668699614, 0.5342872726370653, 0.5326262096845954, 0.5321968490415525, 0.5315898487272395, 0.5310694144864644, 0.5307972624021731, 0.5306615315383378, 0.530413175403841, 0.5261246972303772, 0.5254563670569338, 0.5241880829807058, 0.5218458562842734, 0.5179317983331173, 0.5116382591908473, 0.5013079889922902, 0.48705203313473566, 0.48158517418750557, 0.48006497253408653, 0.47940626432537403, 0.4791571003987638, 0.47904623145568004, 0.47902897516761667, 0.47902247179470736, 0.47902074467822575, 0.4790178202241211, 0.4790126349656566, 0.47900335835499397, 0.4789872232012138, 0.47896186312024724, 0.4789374424710071, 0.4789270071219658, 0.4789222782297877, 0.47892187482394943, 0.47892185166378265]}, "3": {"maxiter": 100, "gtol": 1e-05, "xrtol": 1e-10, "eps": 1e-10, "duration": 0.07925891876220703, "fun": "0.4789218518540247", "jac": "[ 1.11022293e-06  2.22044587e-06  0.00000000e+00 -1.11022293e-06\n -1.11022293e-06 -3.33066880e-06]", "hess_inv": "[[ 1.01516673e+01  2.21630287e-01  3.58445171e+00 -1.98418444e+00\n   1.14774843e+01 -4.39250640e+00]\n [ 2.21630287e-01  6.61204114e+00 -1.51109984e+00 -1.64878307e+00\n   2.78051068e+00 -5.35486818e+00]\n [ 3.58445171e+00 -1.51109984e+00  6.34943919e+00 -1.90746550e-01\n   3.72430571e+00  1.44220336e+00]\n [-1.98418444e+00 -1.64878307e+00 -1.90746550e-01  5.76051101e+00\n  -1.90368257e+00  3.25417628e-01]\n [ 1.14774843e+01  2.78051068e+00  3.72430571e+00 -1.90368257e+00\n   2.48136412e+02 -2.38353141e+02]\n [-4.39250640e+00 -5.35486818e+00  1.44220336e+00  3.25417628e-01\n  -2.38353141e+02  2.40196814e+02]]", "nfev": "357", "njev": "51", "status": "0", "success": "True", "message": "Optimization terminated successfully.", "x": "[7.73827847 3.54553657 4.35188451 0.12531195 7.35408225 3.74164816]", "nit": "41", "callback": [0.8419189867819189, 0.6530338157364475, 0.6423990866048753, 0.6236581596288814, 0.5918537057008698, 0.5557715882389583, 0.5463159425468319, 0.534287794959434, 0.5326266535644664, 0.5321967590950903, 0.5315903437913587, 0.5310700408146314, 0.5307969012549112, 0.5306613777654084, 0.5304133398571771, 0.5261419326545738, 0.5254700699350423, 0.5241951060853273, 0.5218419130372693, 0.5179136305890937, 0.511590569017776, 0.501206945871904, 0.4869222307445453, 0.4815508409841578, 0.48004863462924874, 0.4794016044248607, 0.47915478501275477, 0.47904594017852253, 0.4790285455569505, 0.47902198996700707, 0.47902023851475695, 0.47901729687449235, 0.4790120767225692, 0.4790026822646033, 0.47898623820402353, 0.47896033049122766, 0.47893603803203555, 0.4789265151981379, 0.478922210182952, 0.4789218682775972, 0.4789218518540247]}, "4": {"maxiter": 100, "gtol": 1e-10, "xrtol": 1e-05, "eps": 1e-05, "duration": 0.08375716209411621, "fun": "0.4789218515026781", "jac": "[ 1.78901338e-07  3.02147196e-07  3.54083429e-07 -2.99538172e-08\n -3.47943896e-07 -3.37652128e-07]", "hess_inv": "[[  10.15837195    0.4177681     3.55513015   -2.14109637   12.44096898\n    -5.48802353]\n [   0.4177681     7.23780532   -1.4731637    -1.95866152    5.39455703\n    -8.26066046]\n [   3.55513015   -1.4731637     6.34936673   -0.29584083    4.02876619\n     1.10416393]\n [  -2.14109637   -1.95866152   -0.29584083    5.78689313   -3.07333927\n     1.5781298 ]\n [  12.44096898    5.39455703    4.02876619   -3.07333927  263.29477111\n  -254.71006668]\n [  -5.48802353   -8.26066046    1.10416393    1.5781298  -254.71006668\n   257.86092259]]", "nfev": "378", "njev": "54", "status": "0", "success": "True", "message": "Optimization terminated successfully.", "x": "[7.73822761 3.54550441 4.35186411 0.1253221  7.35362856 3.74207255]", "nit": "43", "callback": [0.841919738205839, 0.6530290088603015, 0.6423956941659712, 0.6236554023220713, 0.5918502828256286, 0.5557686691001126, 0.5463153668699614, 0.5342872726370653, 0.5326262096845954, 0.5321968490415525, 0.5315898487272395, 0.5310694144864644, 0.5307972624021731, 0.5306615315383378, 0.530413175403841, 0.5261246972303772, 0.5254563670569338, 0.5241880829807058, 0.5218458562842734, 0.5179317983331173, 0.5116382591908473, 0.5013079889922902, 0.48705203313473566, 0.48158517418750557, 0.48006497253408653, 0.47940626432537403, 0.4791571003987638, 0.47904623145568004, 0.47902897516761667, 0.47902247179470736, 0.47902074467822575, 0.4790178202241211, 0.4790126349656566, 0.47900335835499397, 0.4789872232012138, 0.47896186312024724, 0.4789374424710071, 0.4789270071219658, 0.4789222782297877, 0.47892187482394943, 0.47892185166378265, 0.47892185150272715, 0.4789218515026781]}, "5": {"maxiter": 100, "gtol": 1e-10, "xrtol": 1e-05, "eps": 1e-10, "duration": 0.09765982627868652, "fun": "0.4789218516790509", "jac": "[2.22044587e-06 1.11022293e-06 2.22044587e-06 1.11022293e-06\n 1.11022293e-06 2.22044587e-06]", "hess_inv": "[[ 1.06300869e+01  8.89400267e-01  3.50622719e+00 -2.27974354e+00\n   2.10534641e+01 -1.40042744e+01]\n [ 8.89400267e-01  7.35426768e+00 -1.49998518e+00 -1.94270196e+00\n   1.18011081e+01 -1.42240347e+01]\n [ 3.50622719e+00 -1.49998518e+00  6.28374953e+00 -2.40521536e-01\n   4.87382807e+00  1.81099076e-01]\n [-2.27974354e+00 -1.94270196e+00 -2.40521536e-01  5.63484005e+00\n  -5.49674326e+00  3.91872995e+00]\n [ 2.10534641e+01  1.18011081e+01  4.87382807e+00 -5.49674326e+00\n   3.39682936e+02 -3.25832025e+02]\n [-1.40042744e+01 -1.42240347e+01  1.81099076e-01  3.91872995e+00\n  -3.25832025e+02  3.23350929e+02]]", "nfev": "441", "njev": "63", "status": "0", "success": "True", "message": "Optimization terminated successfully.", "x": "[7.73825796 3.54549529 4.3518956  0.12532966 7.35337731 3.74236933]", "nit": "43", "callback": [0.8419189867819189, 0.6530338157364475, 0.6423990866048753, 0.6236581596288814, 0.5918537057008698, 0.5557715882389583, 0.5463159425468319, 0.534287794959434, 0.5326266535644664, 0.5321967590950903, 0.5315903437913587, 0.5310700408146314, 0.5307969012549112, 0.5306613777654084, 0.5304133398571771, 0.5261419326545738, 0.5254700699350423, 0.5241951060853273, 0.5218419130372693, 0.5179136305890937, 0.511590569017776, 0.501206945871904, 0.4869222307445453, 0.4815508409841578, 0.48004863462924874, 0.4794016044248607, 0.47915478501275477, 0.47904594017852253, 0.4790285455569505, 0.47902198996700707, 0.47902023851475695, 0.47901729687449235, 0.4790120767225692, 0.4790026822646033, 0.47898623820402353, 0.47896033049122766, 0.47893603803203555, 0.4789265151981379, 0.478922210182952, 0.4789218682775972, 0.4789218518540247, 0.478921851679051, 0.4789218516790509]}, "6": {"maxiter": 100, "gtol": 1e-10, "xrtol": 1e-10, "eps": 1e-05, "duration": 0.1278672218322754, "fun": "0.47892185150238054", "jac": "[ 7.20423721e-08  1.20481403e-07  1.42286183e-07 -1.34892097e-08\n -1.40942813e-07 -1.36712863e-07]", "hess_inv": "[[ 9.80951808e+00 -9.46984630e-02  3.29992869e+00 -1.90589084e+00\n   1.21466246e+01 -5.06901913e+00]\n [-9.46984630e-02  7.37555634e+00 -1.79647353e+00 -1.76492439e+00\n   4.23622738e+00 -7.82541367e+00]\n [ 3.29992869e+00 -1.79647353e+00  6.16563497e+00 -1.32889071e-01\n   3.77012893e+00  1.40132964e+00]\n [-1.90589084e+00 -1.76492439e+00 -1.32889071e-01  5.65016579e+00\n  -2.76803199e+00  1.34091150e+00]\n [ 1.21466246e+01  4.23622738e+00  3.77012893e+00 -2.76803199e+00\n   2.63564950e+02 -2.54146239e+02]\n [-5.06901913e+00 -7.82541367e+00  1.40132964e+00  1.34091150e+00\n  -2.54146239e+02  2.57339329e+02]]", "nfev": "578", "njev": "81", "status": "2", "success": "False", "message": "Desired error not necessarily achieved due to precision loss.", "x": "[7.73822734 3.54550274 4.35186383 0.12532244 7.35362912 3.74207336]", "nit": "46", "callback": [0.841919738205839, 0.6530290088603015, 0.6423956941659712, 0.6236554023220713, 0.5918502828256286, 0.5557686691001126, 0.5463153668699614, 0.5342872726370653, 0.5326262096845954, 0.5321968490415525, 0.5315898487272395, 0.5310694144864644, 0.5307972624021731, 0.5306615315383378, 0.530413175403841, 0.5261246972303772, 0.5254563670569338, 0.5241880829807058, 0.5218458562842734, 0.5179317983331173, 0.5116382591908473, 0.5013079889922902, 0.48705203313473566, 0.48158517418750557, 0.48006497253408653, 0.47940626432537403, 0.4791571003987638, 0.47904623145568004, 0.47902897516761667, 0.47902247179470736, 0.47902074467822575, 0.4790178202241211, 0.4790126349656566, 0.47900335835499397, 0.4789872232012138, 0.47896186312024724, 0.4789374424710071, 0.4789270071219658, 0.4789222782297877, 0.47892187482394943, 0.47892185166378265, 0.47892185150272715, 0.4789218515026781, 0.47892185150248445, 0.4789218515023861, 0.47892185150238054]}, "7": {"maxiter": 100, "gtol": 1e-10, "xrtol": 1e-10, "eps": 1e-10, "duration": 0.09740185737609863, "fun": "0.4789218516790509", "jac": "[2.22044587e-06 1.11022293e-06 2.22044587e-06 1.11022293e-06\n 1.11022293e-06 2.22044587e-06]", "hess_inv": "[[ 1.06300869e+01  8.89400267e-01  3.50622719e+00 -2.27974354e+00\n   2.10534641e+01 -1.40042744e+01]\n [ 8.89400267e-01  7.35426768e+00 -1.49998518e+00 -1.94270196e+00\n   1.18011081e+01 -1.42240347e+01]\n [ 3.50622719e+00 -1.49998518e+00  6.28374953e+00 -2.40521536e-01\n   4.87382807e+00  1.81099076e-01]\n [-2.27974354e+00 -1.94270196e+00 -2.40521536e-01  5.63484005e+00\n  -5.49674326e+00  3.91872995e+00]\n [ 2.10534641e+01  1.18011081e+01  4.87382807e+00 -5.49674326e+00\n   3.39682936e+02 -3.25832025e+02]\n [-1.40042744e+01 -1.42240347e+01  1.81099076e-01  3.91872995e+00\n  -3.25832025e+02  3.23350929e+02]]", "nfev": "441", "njev": "63", "status": "0", "success": "True", "message": "Optimization terminated successfully.", "x": "[7.73825796 3.54549529 4.3518956  0.12532966 7.35337731 3.74236933]", "nit": "43", "callback": [0.8419189867819189, 0.6530338157364475, 0.6423990866048753, 0.6236581596288814, 0.5918537057008698, 0.5557715882389583, 0.5463159425468319, 0.534287794959434, 0.5326266535644664, 0.5321967590950903, 0.5315903437913587, 0.5310700408146314, 0.5307969012549112, 0.5306613777654084, 0.5304133398571771, 0.5261419326545738, 0.5254700699350423, 0.5241951060853273, 0.5218419130372693, 0.5179136305890937, 0.511590569017776, 0.501206945871904, 0.4869222307445453, 0.4815508409841578, 0.48004863462924874, 0.4794016044248607, 0.47915478501275477, 0.47904594017852253, 0.4790285455569505, 0.47902198996700707, 0.47902023851475695, 0.47901729687449235, 0.4790120767225692, 0.4790026822646033, 0.47898623820402353, 0.47896033049122766, 0.47893603803203555, 0.4789265151981379, 0.478922210182952, 0.4789218682775972, 0.4789218518540247, 0.478921851679051, 0.4789218516790509]}, "8": {"maxiter": 500, "gtol": 1e-05, "xrtol": 1e-05, "eps": 1e-05, "duration": 0.07957005500793457, "fun": "0.47892185166378265", "jac": "[ 1.04960485e-06  4.79823958e-06  3.02000647e-06  4.68047823e-07\n -1.66633374e-06 -2.34881004e-06]", "hess_inv": "[[ 1.00748918e+01  1.90523858e-01  3.52511332e+00 -2.04176063e+00\n   1.13718021e+01 -4.32302567e+00]\n [ 1.90523858e-01  6.62525795e+00 -1.54588878e+00 -1.67005504e+00\n   2.31757027e+00 -4.92990995e+00]\n [ 3.52511332e+00 -1.54588878e+00  6