{"date": "2024/09/25/, 17:23:09", "conf_id": 279, "data_type": "var_s_rank\n", "num_data_points": 2, "s_rank": 0, "unitary": "[[-0.24866696+0.58742286j,-0.44704345-0.43151574j,-0.35669027-0.20570733j,-0.10517633+0.1626036j],[0.10596805-0.19687975j,-0.30269685-0.15056416j,0.18246286+0.30440582j,-0.83484447-0.11310748j],[0.26054512-0.52548482j,0.0285017-0.50723956j,-0.43110112+0.17165838j,0.15243271+0.39915801j],[0.42978035+0.11991271j,-0.17224126-0.46030424j,0.6827807-0.15164662j,0.26483638+0.0061855j]]", "databatch_0": {"databatch": "[[[0.05385042+0.43892424j,0.11310831-0.4429491j,-0.02044685-0.31166159j,-0.195687-0.01659207j],[0.04826556-0.08151377j,-0.14728502-0.14527938j,-0.08068119+0.12528737j,-0.19089973+0.04166429j],[-0.23173006+0.12057847j,0.10733764+0.03737318j,0.25734971+0.21551951j,0.08509163-0.13841482j],[-0.00809003-0.07632296j,-0.26112402+0.07323412j,-0.19609595-0.07139864j,0.02405549-0.05803365j]],[[0.08036236-0.05245134j,-0.11579628+0.18965861j,-0.06208507+0.20817357j,0.2731682+0.00869288j],[0.01964354-0.03666687j,0.08714931+0.04397468j,0.56786822+0.02407268j,-0.14273192+0.20860348j],[0.13344947+0.19219229j,-0.23381986+0.1951641j,0.10215849+0.24178057j,-0.00782728+0.04387483j],[0.01776291+0.29782419j,-0.20969161+0.06710862j,0.01153222-0.15706336j,0.19867037-0.03427909j]]]", "initial param values": "[5.17466762,4.85405122,1.4099288,3.36871972,1.7677261,1.53680989]", "nelder_mead": {"type": "gradient-free", "0": {"maxiter": 100, "fatol": 1e-05, "xatol": 1e-05, "duration": 0.03788018226623535, "fun": "0.5170438548200058", "nit": "100", "nfev": "164", "status": "2", "success": "False", "message": "Maximum number of iterations has been exceeded.", "x": "[6.55409515 5.67424409 1.86622585 4.14840057 2.64598791 1.24004047]", "final_simplex": "(array([[6.55409515, 5.67424409, 1.86622585, 4.14840057, 2.64598791,\n        1.24004047],\n       [6.55740298, 5.56923482, 1.8980995 , 4.12611106, 2.66169615,\n        1.23019945],\n       [6.53910173, 5.64043535, 1.84769965, 4.12430291, 2.62565126,\n        1.22958956],\n       [6.57351181, 5.44626119, 2.00322385, 4.15084414, 2.74021205,\n        1.25997409],\n       [6.54904803, 5.64637682, 1.8875937 , 4.14450207, 2.66884299,\n        1.25499657],\n       [6.59393537, 5.59090496, 1.85721419, 4.12086747, 2.65812347,\n        1.21646246],\n       [6.50979648, 5.67828378, 1.86382564, 4.07364261, 2.60334985,\n        1.25143461]]), array([0.51704385, 0.51727667, 0.51734705, 0.51735903, 0.51749486,\n       0.51765054, 0.5176825 ]))", "callback": [0.8986817287890887, 0.6586921481408735, 0.5667938792827881, 0.5329783400808992, 0.5285124383036843, 0.5275827642655683, 0.5270930594035004, 0.5256103753557351, 0.5193837136960047, 0.5174948557988333]}, "1": {"maxiter": 100, "fatol": 1e-05, "xatol": 1e-10, "duration": 0.03889894485473633, "fun": "0.5170438548200058", "nit": "100", "nfev": "164", "status": "2", "success": "False", "message": "Maximum number of iterations has been exceeded.", "x": "[6.55409515 5.67424409 1.86622585 4.14840057 2.64598791 1.24004047]", "final_simplex": "(array([[6.55409515, 5.67424409, 1.86622585, 4.14840057, 2.64598791,\n        1.24004047],\n       [6.55740298, 5.56923482, 1.8980995 , 4.12611106, 2.66169615,\n        1.23019945],\n       [6.53910173, 5.64043535, 1.84769965, 4.12430291, 2.62565126,\n        1.22958956],\n       [6.57351181, 5.44626119, 2.00322385, 4.15084414, 2.74021205,\n        1.25997409],\n       [6.54904803, 5.64637682, 1.8875937 , 4.14450207, 2.66884299,\n        1.25499657],\n       [6.59393537, 5.59090496, 1.85721419, 4.12086747, 2.65812347,\n        1.21646246],\n       [6.50979648, 5.67828378, 1.86382564, 4.07364261, 2.60334985,\n        1.25143461]]), array([0.51704385, 0.51727667, 0.51734705, 0.51735903, 0.51749486,\n       0.51765054, 0.5176825 ]))", "callback": [0.8986817287890887, 0.6586921481408735, 0.5667938792827881, 0.5329783400808992, 0.5285124383036843, 0.5275827642655683, 0.5270930594035004, 0.5256103753557351, 0.5193837136960047, 0.5174948557988333]}, "2": {"maxiter": 100, "fatol": 1e-10, "xatol": 1e-05, "duration": 0.04304313659667969, "fun": "0.5170438548200058", "nit": "100", "nfev": "164", "status": "2", "success": "False", "message": "Maximum number of iterations has been exceeded.", "x": "[6.55409515 5.67424409 1.86622585 4.14840057 2.64598791 1.24004047]", "final_simplex": "(array([[6.55409515, 5.67424409, 1.86622585, 4.14840057, 2.64598791,\n        1.24004047],\n       [6.55740298, 5.56923482, 1.8980995 , 4.12611106, 2.66169615,\n        1.23019945],\n       [6.53910173, 5.64043535, 1.84769965, 4.12430291, 2.62565126,\n        1.22958956],\n       [6.57351181, 5.44626119, 2.00322385, 4.15084414, 2.74021205,\n        1.25997409],\n       [6.54904803, 5.64637682, 1.8875937 , 4.14450207, 2.66884299,\n        1.25499657],\n       [6.59393537, 5.59090496, 1.85721419, 4.12086747, 2.65812347,\n        1.21646246],\n       [6.50979648, 5.67828378, 1.86382564, 4.07364261, 2.60334985,\n        1.25143461]]), array([0.51704385, 0.51727667, 0.51734705, 0.51735903, 0.51749486,\n       0.51765054, 0.5176825 ]))", "callback": [0.8986817287890887, 0.6586921481408735, 0.5667938792827881, 0.5329783400808992, 0.5285124383036843, 0.5275827642655683, 0.5270930594035004, 0.5256103753557351, 0.5193837136960047, 0.5174948557988333]}, "3": {"maxiter": 100, "fatol": 1e-10, "xatol": 1e-10, "duration": 0.037338972091674805, "fun": "0.5170438548200058", "nit": "100", "nfev": "164", "status": "2", "success": "False", "message": "Maximum number of iterations has been exceeded.", "x": "[6.55409515 5.67424409 1.86622585 4.14840057 2.64598791 1.24004047]", "final_simplex": "(array([[6.55409515, 5.67424409, 1.86622585, 4.14840057, 2.64598791,\n        1.24004047],\n       [6.55740298, 5.56923482, 1.8980995 , 4.12611106, 2.66169615,\n        1.23019945],\n       [6.53910173, 5.64043535, 1.84769965, 4.12430291, 2.62565126,\n        1.22958956],\n       [6.57351181, 5.44626119, 2.00322385, 4.15084414, 2.74021205,\n        1.25997409],\n       [6.54904803, 5.64637682, 1.8875937 , 4.14450207, 2.66884299,\n        1.25499657],\n       [6.59393537, 5.59090496, 1.85721419, 4.12086747, 2.65812347,\n        1.21646246],\n       [6.50979648, 5.67828378, 1.86382564, 4.07364261, 2.60334985,\n        1.25143461]]), array([0.51704385, 0.51727667, 0.51734705, 0.51735903, 0.51749486,\n       0.51765054, 0.5176825 ]))", "callback": [0.8986817287890887, 0.6586921481408735, 0.5667938792827881, 0.5329783400808992, 0.5285124383036843, 0.5275827642655683, 0.5270930594035004, 0.5256103753557351, 0.5193837136960047, 0.5174948557988333]}, "4": {"maxiter": 500, "fatol": 1e-05, "xatol": 1e-05, "duration": 0.16697120666503906, "fun": "0.4111399564501771", "nit": "458", "nfev": "721", "status": "0", "success": "True", "message": "Optimization terminated successfully.", "x": "[7.43750718 5.03983764 2.79379908 4.23954385 1.94938793 1.58648601]", "final_simplex": "(array([[7.43750718, 5.03983764, 2.79379908, 4.23954385, 1.94938793,\n        1.58648601],\n       [7.43750818, 5.03983594, 2.79379119, 4.23954037, 1.9493952 ,\n        1.58648703],\n       [7.43750571, 5.03983775, 2.79379563, 4.23954326, 1.94939183,\n        1.58648385],\n       [7.43751022, 5.03983659, 2.79379696, 4.23954091, 1.94938843,\n        1.58648356],\n       [7.43751145, 5.03984161, 2.79379127, 4.2395416 , 1.9493923 ,\n        1.58648499],\n       [7.43750933, 5.03983846, 2.79379317, 4.23954531, 1.9493879 ,\n        1.58648018],\n       [7.43751287, 5.03983585, 2.79379267, 4.23954161, 1.94939454,\n        1.58648824]]), array([0.41113996, 0.41113996, 0.41113996, 0.41113996, 0.41113996,\n       0.41113996, 0.41113996]))", "callback": [0.8986817287890887, 0.6586921481408735, 0.5667938792827881, 0.5329783400808992, 0.5285124383036843, 0.5275827642655683, 0.5270930594035004, 0.5256103753557351, 0.5193837136960047, 0.5174948557988333, 0.5170438548200058, 0.5155678177855737, 0.512102067585694, 0.510740167879776, 0.5078247603712063, 0.497774681983286, 0.4923643794238778, 0.4801179419613886, 0.4727869129873571, 0.4692399384193958, 0.4678567566586622, 0.46618141671594615, 0.46357882886622626, 0.45285205001225604, 0.4306135947861046, 0.416228816320136, 0.4135309966029449, 0.41164657487856704, 0.4114412574690811, 0.41134246067220404, 0.41126340282653884, 0.4111852950359811, 0.4111545301237224, 0.4111428338884724, 0.4111423645484863, 0.41114093657103745, 0.41114041916489463, 0.41114013855691467, 0.41114003731823123, 0.4111399780401833, 0.41113996654765217, 0.41113996020561794, 0.4111399568866553, 0.41113995655116486, 0.41113995646822665, 0.411139956454485]}, "5": {"maxiter": 500, "fatol": 1e-05, "xatol": 1e-10, "duration": 0.1784193515777588, "fun": "0.4111399564440146", "nit": "500", "nfev": "790", "status": "2", "success": "False", "message": "Maximum number of iterations has been exceeded.", "x": "[7.43750682 5.0398425  2.79379319 4.23954178 1.94938694 1.58648557]", "final_simplex": "(array([[7.43750682, 5.0398425 , 2.79379319, 4.23954178, 1.94938694,\n        1.58648557],\n       [7.43750734, 5.03984202, 2.79379385, 4.23954123, 1.94938666,\n        1.58648607],\n       [7.43750655, 5.03984207, 2.7937934 , 4.23954115, 1.94938701,\n        1.58648579],\n       [7.43750828, 5.03984223, 2.79379354, 4.23954159, 1.94938614,\n        1.58648557],\n       [7.43750751, 5.03984292, 2.79379261, 4.23954135, 1.94938676,\n        1.58648569],\n       [7.43750705, 5.03984286, 2.79379389, 4.2395413 , 1.94938588,\n        1.58648508],\n       [7.43750729, 5.03984241, 2.79379349, 4.23954135, 1.94938705,\n        1.58648568]]), array([0.41113996, 0.41113996, 0.41113996, 0.41113996, 0.41113996,\n       0.41113996, 0.41113996]))", "callback": [0.8986817287890887, 0.6586921481408735, 0.5667938792827881, 0.5329783400808992, 0.5285124383036843, 0.5275827642655683, 0.5270930594035004, 0.5256103753557351, 0.5193837136960047, 0.5174948557988333, 0.5170438548200058, 0.5155678177855737, 0.512102067585694, 0.510740167879776, 0.5078247603712063, 0.497774681983286, 0.4923643794238778, 0.4801179419613886, 0.4727869129873571, 0.4692399384193958, 0.4678567566586622, 0.46618141671594615, 0.46357882886622626, 0.45285205001225604, 0.4306135947861046, 0.416228816320136, 0.4135309966029449, 0.41164657487856704, 0.4114412574690811, 0.41134246067220404, 0.41126340282653884, 0.4111852950359811, 0.4111545301237224, 0.4111428338884724, 0.4111423645484863, 0.41114093657103745, 0.41114041916489463, 0.41114013855691467, 0.41114003731823123, 0.4111399780401833, 0.41113996654765217, 0.41113996020561794, 0.4111399568866553, 0.41113995655116486, 0.41113995646822665, 0.411139956454485, 0.41113995644863754, 0.41113995644521484, 0.41113995644439527, 0.41113995644413925]}, "6": {"maxiter": 500, "fatol": 1e-10, "xatol": 1e-05, "duration": 0.18023109436035156, "fun": "0.4111399564501771", "nit": "458", "nfev": "721", "status": "0", "success": "True", "message": "Optimization terminated successfully.", "x": "[7.43750718 5.03983764 2.79379908 4.23954385 1.94938793 1.58648601]", "final_simplex": "(array([[7.43750718, 5.03983764, 2.79379908, 4.23954385, 1.94938793,\n        1.58648601],\n       [7.43750818, 5.03983594, 2.79379119, 4.23954037, 1.9493952 ,\n        1.58648703],\n       [7.43750571, 5.03983775, 2.79379563, 4.23954326, 1.94939183,\n        1.58648385],\n       [7.43751022, 5.03983659, 2.79379696, 4.23954091, 1.94938843,\n        1.58648356],\n       [7.43751145, 5.03984161, 2.79379127, 4.2395416 , 1.9493923 ,\n        1.58648499],\n       [7.43750933, 5.03983846, 2.79379317, 4.23954531, 1.9493879 ,\n        1.58648018],\n       [7.43751287, 5.03983585, 2.79379267, 4.23954161, 1.94939454,\n        1.58648824]]), array([0.41113996, 0.41113996, 0.41113996, 0.41113996, 0.41113996,\n       0.41113996, 0.41113996]))", "callback": [0.8986817287890887, 0.6586921481408735, 0.5667938792827881, 0.5329783400808992, 0.5285124383036843, 0.5275827642655683, 0.5270930594035004, 0.5256103753557351, 0.5193837136960047, 0.5174948557988333, 0.5170438548200058, 0.5155678177855737, 0.512102067585694, 0.510740167879776, 0.5078247603712063, 0.497774681983286, 0.4923643794238778, 0.4801179419613886, 0.4727869129873571, 0.4692399384193958, 0.4678567566586622, 0.46618141671594615, 0.46357882886622626, 0.45285205001225604, 0.4306135947861046, 0.416228816320136, 0.4135309966029449, 0.41164657487856704, 0.4114412574690811, 0.41134246067220404, 0.41126340282653884, 0.4111852950359811, 0.4111545301237224, 0.4111428338884724, 0.4111423645484863, 0.41114093657103745, 0.41114041916489463, 0.41114013855691467, 0.41114003731823123, 0.4111399780401833, 0.41113996654765217, 0.41113996020561794, 0.4111399568866553, 0.41113995655116486, 0.41113995646822665, 0.411139956454485]}, "7": {"maxiter": 500, "fatol": 1e-10, "xatol": 1e-10, "duration": 0.18404388427734375, "fun": "0.4111399564440146", "nit": "500", "nfev": "790", "status": "2", "success": "False", "message": "Maximum number of iterations has been exceeded.", "x": "[7.43750682 5.0398425  2.79379319 4.23954178 1.94938694 1.58648557]", "final_simplex": "(array([[7.43750682, 5.0398425 , 2.79379319, 4.23954178, 1.94938694,\n        1.58648557],\n       [7.43750734, 5.03984202, 2.79379385, 4.23954123, 1.94938666,\n        1.58648607],\n       [7.43750655, 5.03984207, 2.7937934 , 4.23954115, 1.94938701,\n        1.58648579],\n       [7.43750828, 5.03984223, 2.79379354, 4.23954159, 1.94938614,\n        1.58648557],\n       [7.43750751, 5.03984292, 2.79379261, 4.23954135, 1.94938676,\n        1.58648569],\n       [7.43750705, 5.03984286, 2.79379389, 4.2395413 , 1.94938588,\n        1.58648508],\n       [7.43750729, 5.03984241, 2.79379349, 4.23954135, 1.94938705,\n        1.58648568]]), array([0.41113996, 0.41113996, 0.41113996, 0.41113996, 0.41113996,\n       0.41113996, 0.41113996]))", "callback": [0.8986817287890887, 0.6586921481408735, 0.5667938792827881, 0.5329783400808992, 0.5285124383036843, 0.5275827642655683, 0.5270930594035004, 0.5256103753557351, 0.5193837136960047, 0.5174948557988333, 0.5170438548200058, 0.5155678177855737, 0.512102067585694, 0.510740167879776, 0.5078247603712063, 0.497774681983286, 0.4923643794238778, 0.4801179419613886, 0.4727869129873571, 0.4692399384193958, 0.4678567566586622, 0.46618141671594615, 0.46357882886622626, 0.45285205001225604, 0.4306135947861046, 0.416228816320136, 0.4135309966029449, 0.41164657487856704, 0.4114412574690811, 0.41134246067220404, 0.41126340282653884, 0.4111852950359811, 0.4111545301237224, 0.4111428338884724, 0.4111423645484863, 0.41114093657103745, 0.41114041916489463, 0.41114013855691467, 0.41114003731823123, 0.4111399780401833, 0.41113996654765217, 0.41113996020561794, 0.4111399568866553, 0.41113995655116486, 0.41113995646822665, 0.411139956454485, 0.41113995644863754, 0.41113995644521484, 0.41113995644439527, 0.41113995644413925]}, "8": {"maxiter": 1000, "fatol": 1e-05, "xatol": 1e-05, "duration": 0.1628580093383789, "fun": "0.4111399564501771", "nit": "458", "nfev": "721", "status": "0", "success": "True", "message": "Optimization terminated successfully.", "x": "[7.43750718 5.03983764 2.79379908 4.23954385 1.94938793 1.58648601]", "final_simplex": "(array([[7.43750718, 5.03983764, 2.79379908, 4.23954385, 1.94938793,\n        1.58648601],\n       [7.43750818, 5.03983594, 2.79379119, 4.23954037, 1.9493952 ,\n        1.58648703],\n       [7.43750571, 5.03983775, 2.79379563, 4.23954326, 1.94939183,\n        1.58648385],\n       [7.43751022, 5.03983659, 2.79379696, 4.23954091, 1.94938843,\n        1.58648356],\n       [7.43751145, 5.03984161, 2.79379127, 4.2395416 , 1.9493923 ,\n        1.58648499],\n       [7.43750933, 5.03983846, 2.79379317, 4.23954531, 1.9493879 ,\n        1.58648018],\n       [7.43751287, 5.03983585, 2.79379267, 4.23954161, 1.94939454,\n        1.58648824]]), array([0.41113996, 0.41113996, 0.41113996, 0.41113996, 0.41113996,\n       0.41113996, 0.41113996]))", "callback": [0.8986817287890887, 0.6586921481408735, 0.5667938792827881, 0.5329783400808992, 0.5285124383036843, 0.5275827642655683, 0.5270930594035004, 0.5256103753557351, 0.5193837136960047, 0.5174948557988333, 0.5170438548200058, 0.5155678177855737, 0.512102067585694, 0.510740167879776, 0.5078247603712063, 0.497774681983286, 0.4923643794238778, 0.4801179419613886, 0.4727869129873571, 0.4692399384193958, 0.4678567566586622, 0.46618141671594615, 0.46357882886622626, 0.45285205001225604, 0.4306135947861046, 0.416228816320136, 0.4135309966029449, 0.41164657487856704, 0.4114412574690811, 0.41134246067220404, 0.41126340282653884, 0.4111852950359811, 0.4111545301237224, 0.4111428338884724, 0.4111423645484863, 0.41114093657103745, 0.41114041916489463, 0.41114013855691467, 0.41114003731823123, 0.4111399780401833, 0.41113996654765217, 0.41113996020561794, 0.4111399568866553, 0.41113995655116486, 0.41113995646822665, 0.411139956454485]}, "9": {"maxiter": 1000, "fatol": 1e-05, "xatol": 1e-10, "duration": 0.24636292457580566, "fun": "0.41113995644388623", "nit": "596", "nfev": "997", "status": "0", "success": "True", "message": "Optimization terminated successfully.", "x": "[7.43750726 5.0398419  2.79379308 4.23954158 1.94938652 1.58648574]", "final_simplex": "(array([[7.43750726, 5.0398419 , 2.79379308, 4.23954158, 1.94938652,\n        1.58648574],\n       [7.43750726, 5.0398419 , 2.79379308, 4.23954158, 1.94938652,\n        1.58648574],\n       [7.43750726, 5.0398419 , 2.79379308, 4.23954158, 1.94938652,\n        1.58648574],\n       [7.43750726, 5.0398419 , 2.79379308, 4.23954158, 1.94938652,\n        1.58648574],\n       [7.43750726, 5.0398419 , 2.79379308, 4.23954158, 1.94938652,\n        1.58648574],\n       [7.43750726, 5.0398419 , 2.79379308, 4.23954158, 1.94938652,\n        1.58648574],\n       [7.43750726, 5.0398419 , 2.79379308, 4.23954158, 1.94938652,\n        1.58648574]]), array([0.41113996, 0.41113996, 0.41113996, 0.41113996, 0.41113996,\n       0.41113996, 0.41113996]))", "callback": [0.8986817287890887, 0.6586921481408735, 0.5667938792827881, 0.5329783400808992, 0.5285124383036843, 0.5275827642655683, 0.5270930594035004, 0.5256103753557351, 0.5193837136960047, 0.5174948557988333, 0.5170438548200058, 0.5155678177855737, 0.512102067585694, 0.510740167879776, 0.5078247603712063, 0.497774681983286, 0.4923643794238778, 0.4801179419613886, 0.4727869129873571, 0.4692399384193958, 0.4678567566586622, 0.46618141671594615, 0.46357882886622626, 0.45285205001225604, 0.4306135947861046, 0.416228816320136, 0.4135309966029449, 0.41164657487856704, 0.4114412574690811, 0.41134246067220404, 0.41126340282653884, 0.4111852950359811, 0.4111545301237224, 0.4111428338884724, 0.4111423645484863, 0.41114093657103745, 0.41114041916489463, 0.41114013855691467, 0.41114003731823123, 0.4111399780401833, 0.41113996654765217, 0.41113996020561794, 0.4111399568866553, 0.41113995655116486, 0.41113995646822665, 0.411139956454485, 0.41113995644863754, 0.41113995644521484, 0.41113995644439527, 0.41113995644413925, 0.4111399564439301, 0.4111399564438962, 0.4111399564438919, 0.41113995644388923, 0.41113995644388757, 0.41113995644388657, 0.41113995644388657, 0.41113995644388623, 0.41113995644388623, 0.41113995644388623]}, "10": {"maxiter": 1000, "fatol": 1e-10, "xatol": 1e-05, "duration": 0.1737816333770752, "fun": "0.4111399564501771", "nit": "458", "nfev": "721", "status": "0", "success": "True", "message": "Optimization terminated successfully.", "x": "[7.43750718 5.03983764 2.79379908 4.23954385 1.94938793 1.58648601]", "final_simplex": "(array([[7.43750718, 5.03983764, 2.79379908, 4.23954385, 1.94938793,\n        1.58648601],\n       [7.43750818, 5.03983594, 2.79379119, 4.23954037, 1.9493952 ,\n        1.58648703],\n       [7.43750571, 5.03983775, 2.79379563, 4.23954326, 1.94939183,\n        1.58648385],\n       [7.43751022, 5.03983659, 2.79379696, 4.23954091, 1.94938843,\n        1.58648356],\n       [7.43751145, 5.03984161, 2.79379127, 4.2395416 , 1.9493923 ,\n        1.58648499],\n       [7.43750933, 5.03983846, 2.79379317, 4.23954531, 1.9493879 ,\n        1.58648018],\n       [7.43751287, 5.03983585, 2.79379267, 4.23954161, 1.94939454,\n        1.58648824]]), array([0.41113996, 0.41113996, 0.41113996, 0.41113996, 0.41113996,\n       0.41113996, 0.41113996]))", "callback": [0.8986817287890887, 0.6586921481408735, 0.5667938792827881, 0.5329783400808992, 0.5285124383036843, 0.5275827642655683, 0.5270930594035004, 0.5256103753557351, 0.5193837136960047, 0.5174948557988333, 0.5170438548200058, 0.5155678177855737, 0.512102067585694, 0.510740167879776, 0.5078247603712063, 0.497774681983286, 0.4923643794238778, 0.4801179419613886, 0.4727869129873571, 0.4692399384193958, 0.4678567566586622, 0.46618141671594615, 0.46357882886622626, 0.45285205001225604, 0.4306135947861046, 0.416228816320136, 0.4135309966029449, 0.41164657487856704, 0.4114412574690811, 0.41134246067220404, 0.41126340282653884, 0.4111852950359811, 0.4111545301237224, 0.4111428338884724, 0.4111423645484863, 0.41114093657103745, 0.41114041916489463, 0.41114013855691467, 0.41114003731823123, 0.4111399780401833, 0.41113996654765217, 0.41113996020561794, 0.4111399568866553, 0.41113995655116486, 0.41113995646822665, 0.411139956454485]}, "11": {"maxiter": 1000, "fatol": 1e-10, "xatol": 1e-10, "duration": 0.22921514511108398, "fun": "0.41113995644388623", "nit": "596", "nfev": "997", "status": "0", "success": "True", "message": "Optimization terminated successfully.", "x": "[7.43750726 5.0398419  2.79379308 4.23954158 1.94938652 1.58648574]", "final_simplex": "(array([[7.43750726, 5.0398419 , 2.79379308, 4.23954158, 1.94938652,\n        1.58648574],\n       [7.43750726, 5.0398419 , 2.79379308, 4.23954158, 1.94938652,\n        1.58648574],\n       [7.43750726, 5.0398419 , 2.79379308, 4.23954158, 1.94938652,\n        1.58648574],\n       [7.43750726, 5.0398419 , 2.79379308, 4.23954158, 1.94938652,\n        1.58648574],\n       [7.43750726, 5.0398419 , 2.79379308, 4.23954158, 1.94938652,\n        1.58648574],\n       [7.43750726, 5.0398419 , 2.79379308, 4.23954158, 1.94938652,\n        1.58648574],\n       [7.43750726, 5.0398419 , 2.79379308, 4.23954158, 1.94938652,\n        1.58648574]]), array([0.41113996, 0.41113996, 0.41113996, 0.41113996, 0.41113996,\n       0.41113996, 0.41113996]))", "callback": [0.8986817287890887, 0.6586921481408735, 0.5667938792827881, 0.5329783400808992, 0.5285124383036843, 0.5275827642655683, 0.5270930594035004, 0.5256103753557351, 0.5193837136960047, 0.5174948557988333, 0.5170438548200058, 0.5155678177855737, 0.512102067585694, 0.510740167879776, 0.5078247603712063, 0.497774681983286, 0.4923643794238778, 0.4801179419613886, 0.4727869129873571, 0.4692399384193958, 0.4678567566586622, 0.46618141671594615, 0.46357882886622626, 0.45285205001225604, 0.4306135947861046, 0.416228816320136, 0.4135309966029449, 0.41164657487856704, 0.4114412574690811, 0.41134246067220404, 0.41126340282653884, 0.4111852950359811, 0.4111545301237224, 0.4111428338884724, 0.4111423645484863, 0.41114093657103745, 0.41114041916489463, 0.41114013855691467, 0.41114003731823123, 0.4111399780401833, 0.41113996654765217, 0.41113996020561794, 0.4111399568866553, 0.41113995655116486, 0.41113995646822665, 0.411139956454485, 0.41113995644863754, 0.41113995644521484, 0.41113995644439527, 0.41113995644413925, 0.4111399564439301, 0.4111399564438962, 0.4111399564438919, 0.41113995644388923, 0.41113995644388757, 0.41113995644388657, 0.41113995644388657, 0.41113995644388623, 0.41113995644388623, 0.41113995644388623]}}, "bfgs": {"type": "gradient", "0": {"maxiter": 100, "gtol": 1e-05, "xrtol": 1e-05, "eps": 1e-05, "duration": 0.05238986015319824, "fun": "0.41113995653177826", "jac": "[ 1.35474965e-06 -7.95397082e-07 -3.77039511e-06 -2.79011259e-06\n -1.18420829e-06  9.10371778e-07]", "hess_inv": "[[ 4.77249925e+00 -2.41841293e-01  6.46076399e-01  2.27378778e-01\n  -1.20323692e+00  1.78959201e+00]\n [-2.41841293e-01  5.76678726e+00 -4.80063657e-01  9.36335278e-01\n  -3.42876882e+00 -2.23112579e+00]\n [ 6.46076399e-01 -4.80063657e-01  6.22710293e+00 -8.10468776e-03\n  -3.47936893e+00 -4.20424285e-01]\n [ 2.27378778e-01  9.36335278e-01 -8.10468776e-03  3.62430086e+00\n  -6.91448722e-01 -2.77935448e-01]\n [-1.20323692e+00 -3.42876882e+00 -3.47936893e+00 -6.91448722e-01\n   8.11044707e+00  2.90850486e+00]\n [ 1.78959201e+00 -2.23112579e+00 -4.20424285e-01 -2.77935448e-01\n   2.90850486e+00  6.07153961e+00]]", "nfev": "217", "njev": "31", "status": "0", "success": "True", "message": "Optimization terminated successfully.", "x": "[7.43750937 5.03983535 2.79377223 4.23952516 1.94939086 1.58648678]", "nit": "24", "callback": [0.6300861944016318, 0.6208427136680144, 0.5456941688274833, 0.5299203487309811, 0.5082429865141218, 0.49973221563945747, 0.4901414332981622, 0.47262064647599067, 0.444258600415137, 0.43439193351317307, 0.42539619881769053, 0.41429389230095204, 0.41233069297237546, 0.41158358216830226, 0.4114123339561313, 0.4113179879267226, 0.4112371346196102, 0.4112017740997457, 0.41117975120023265, 0.41115830828683597, 0.41114402785592963, 0.41114028199421604, 0.411139963868694, 0.41113995653177826]}, "1": {"maxiter": 100, "gtol": 1e-05, "xrtol": 1e-05, "eps": 1e-10, "duration": 0.0509800910949707, "fun": "0.41113995650901447", "jac": "[ 1.11022293e-06 -2.22044587e-06 -4.44089173e-06 -4.44089173e-06\n -3.33066880e-06 -3.33066880e-06]", "hess_inv": "[[ 4.75648755 -0.23741325  0.62060905  0.2319422  -1.17685131  1.79480066]\n [-0.23741325  5.77365516 -0.47758835  0.92958649 -3.43451703 -2.23349833]\n [ 0.62060905 -0.47758835  6.23722705 -0.02808876 -3.50433743 -0.4498533 ]\n [ 0.2319422   0.92958649 -0.02808876  3.64300085 -0.64886465 -0.24944889]\n [-1.17685131 -3.43451703 -3.50433743 -0.64886465  8.13213944  2.92701994]\n [ 1.79480066 -2.23349833 -0.4498533  -0.24944889  2.92701994  6.07161542]]", "nfev": "217", "njev": "31", "status": "0", "success": "True", "message": "Optimization terminated successfully.", "x": "[7.43751857 5.03983854 2.79377372 4.23952982 1.94939339 1.58649249]", "nit": "24", "callback": [0.6300867000470713, 0.6208437325065057, 0.5456976872771557, 0.5299310464119025, 0.5082539895503954, 0.49973277177318565, 0.49015880785757493, 0.47266408383664327, 0.4443055467301025, 0.4344004147494076, 0.42543488316770117, 0.4143260744605066, 0.41233403490247866, 0.41158892254529933, 0.4114128039345549, 0.41131941578368325, 0.41123760413301946, 0.41120200691670217, 0.41117997522679206, 0.41115847943694916, 0.411144162275761, 0.4111402922507347, 0.4111399655259804, 0.41113995650901447]}, "2": {"maxiter": 100, "gtol": 1e-05, "xrtol": 1e-10, "eps": 1e-05, "duration": 0.05140519142150879, "fun": "0.41113995653177826", "jac": "[ 1.35474965e-06 -7.95397082e-07 -3.77039511e-06 -2.79011259e-06\n -1.18420829e-06  9.10371778e-07]", "hess_inv": "[[ 4.77249925e+00 -2.41841293e-01  6.46076399e-01  2.27378778e-01\n  -1.20323692e+00  1.78959201e+00]\n [-2.41841293e-01  5.76678726e+00 -4.80063657e-01  9.36335278e-01\n  -3.42876882e+00 -2.23112579e+00]\n [ 6.46076399e-01 -4.80063657e-01  6.22710293e+00 -8.10468776e-03\n  -3.47936893e+00 -4.20424285e-01]\n [ 2.27378778e-01  9.36335278e-01 -8.10468776e-03  3.62430086e+00\n  -6.91448722e-01 -2.77935448e-01]\n [-1.20323692e+00 -3.42876882e+00 -3.47936893e+00 -6.91448722e-01\n   8.11044707e+00  2.90850486e+00]\n [ 1.78959201e+00 -2.23112579e+00 -4.20424285e-01 -2.77935448e-01\n   2.90850486e+00  6.07153961e+00]]", "nfev": "217", "njev": "31", "status": "0", "success": "True", "message": "Optimization terminated successfully.", "x": "[7.43750937 5.03983535 2.79377223 4.23952516 1.94939086 1.58648678]", "nit": "24", "callback": [0.6300861944016318, 0.6208427136680144, 0.5456941688274833, 0.5299203487309811, 0.5082429865141218, 0.49973221563945747, 0.4901414332981622, 0.47262064647599067, 0.444258600415137, 0.43439193351317307, 0.42539619881769053, 0.41429389230095204, 0.41233069297237546, 0.41158358216830226, 0.4114123339561313, 0.4113179879267226, 0.4112371346196102, 0.4112017740997457, 0.41117975120023265, 0.41115830828683597, 0.41114402785592963, 0.41114028199421604, 0.411139963868694, 0.41113995653177826]}, "3": {"maxiter": 100, "gtol": 1e-05, "xrtol": 1e-10, "eps": 1e-10, "duration": 0.050547122955322266, "fun": "0.41113995650901447", "jac": "[ 1.11022293e-06 -2.22044587e-06 -4.44089173e-06 -4.44089173e-06\n -3.33066880e-06 -3.33066880e-06]", "hess_inv": "[[ 4.75648755 -0.23741325  0.62060905  0.2319422  -1.17685131  1.79480066]\n [-0.23741325  5.77365516 -0.47758835  0.92958649 -3.43451703 -2.23349833]\n [ 0.62060905 -0.47758835  6.23722705 -0.02808876 -3.50433743 -0.4498533 ]\n [ 0.2319422   0.92958649 -0.02808876  3.64300085 -0.64886465 -0.24944889]\n [-1.17685131 -3.43451703 -3.50433743 -0.64886465  8.13213944  2.92701994]\n [ 1.79480066 -2.23349833 -0.4498533  -0.24944889  2.92701994  6.07161542]]", "nfev": "217", "njev": "31", "status": "0", "success": "True", "message": "Optimization terminated successfully.", "x": "[7.43751857 5.03983854 2.79377372 4.23952982 1.94939339 1.58649249]", "nit": "24", "callback": [0.6300867000470713, 0.6208437325065057, 0.5456976872771557, 0.5299310464119025, 0.5082539895503954, 0.49973277177318565, 0.49015880785757493, 0.47266408383664327, 0.4443055467301025, 0.4344004147494076, 0.42543488316770117, 0.4143260744605066, 0.41233403490247866, 0.41158892254529933, 0.4114128039345549, 0.41131941578368325, 0.41123760413301946, 0.41120200691670217, 0.41117997522679206, 0.41115847943694916, 0.411144162275761, 0.4111402922507347, 0.4111399655259804, 0.41113995650901447]}, "4": {"maxiter": 100, "gtol": 1e-10, "xrtol": 1e-05, "eps": 1e-05, "duration": 0.053298234939575195, "fun": "0.41113995646345103", "jac": "[ 8.13016321e-08 -1.52944324e-07  6.00741679e-08 -2.08966178e-07\n -2.71382916e-07  1.90292226e-07]", "hess_inv": "[[ 4.83045276 -0.27616399  0.44467991  0.0988095  -1.10707326  1.87560782]\n [-0.27616399  5.78615133 -0.37889844  0.99373129 -3.47853734 -2.27730518]\n [ 0.44467991 -0.37889844  6.5865139   0.08623491 -3.67849871 -0.62979958]\n [ 0.0988095   0.99373129  0.08623491  3.54466529 -0.76497986 -0.37606665]\n [-1.10707326 -3.47853734 -3.67849871 -0.76497986  8.21644331  3.015715  ]\n [ 1.87560782 -2.27730518 -0.62979958 -0.37606665  3.015715    6.17565715]]", "nfev": "224", "njev": "32", "status": "0", "success": "True", "message": "Optimization terminated successfully.", "x": "[7.43750154 5.03983963 2.79379261 4.23953546 1.94938058 1.58647695]", "nit": "25", "callback": [0.6300861944016318, 0.6208427136680144, 0.5456941688274833, 0.5299203487309811, 0.5082429865141218, 0.49973221563945747, 0.4901414332981622, 0.47262064647599067, 0.444258600415137, 0.43439193351317307, 0.42539619881769053, 0.41429389230095204, 0.41233069297237546, 0.41158358216830226, 0.4114123339561313, 0.4113179879267226, 0.4112371346196102, 0.4112017740997457, 0.41117975120023265, 0.41115830828683597, 0.41114402785592963, 0.41114028199421604, 0.411139963868694, 0.41113995653177826, 0.41113995646345103]}, "5": {"maxiter": 100, "gtol": 1e-10, "xrtol": 1e-05, "eps": 1e-10, "duration": 0.05202293395996094, "fun": "0.4111399564983067", "jac": "[ 0.00000000e+00  2.22044587e-06  0.00000000e+00  3.33066880e-06\n -1.11022293e-06  3.33066880e-06]", "hess_inv": "[[ 4.78971374 -0.21411577  0.4541473   0.09093329 -1.2741408   1.62054522]\n [-0.21411577  5.74441962 -0.44088299  1.010262   -3.35718987 -2.11539054]\n [ 0.4541473  -0.44088299  6.55465794  0.07387554 -3.50692601 -0.38583236]\n [ 0.09093329  1.010262    0.07387554  3.53402185 -0.80941327 -0.45666047]\n [-1.2741408  -3.35718987 -3.50692601 -0.80941327  7.95217568  2.66981737]\n [ 1.62054522 -2.11539054 -0.38583236 -0.45666047  2.66981737  5.71846959]]", "nfev": "224", "njev": "32", "status": "0", "success": "True", "message": "Optimization terminated successfully.", "x": "[7.43751635 5.03983583 2.7937887  4.23954377 1.94940356 1.58651019]", "nit": "25", "callback": [0.6300867000470713, 0.6208437325065057, 0.5456976872771557, 0.5299310464119025, 0.5082539895503954, 0.49973277177318565, 0.49015880785757493, 0.47266408383664327, 0.4443055467301025, 0.4344004147494076, 0.42543488316770117, 0.4143260744605066, 0.41233403490247866, 0.41158892254529933, 0.4114128039345549, 0.41131941578368325, 0.41123760413301946, 0.41120200691670217, 0.41117997522679206, 0.41115847943694916, 0.411144162275761, 0.4111402922507347, 0.4111399655259804, 0.41113995650901447, 0.4111399564983067]}, "6": {"maxiter": 100, "gtol": 1e-10, "xrtol": 1e-10, "eps": 1e-05, "duration": 0.059179067611694336, "fun": "0.41113995646282464", "jac": "[-4.44089210e-11 -8.88178420e-11 -5.55111512e-11  3.33066907e-11\n -8.88178420e-11  0.00000000e+00]", "hess_inv": "[[ 4.58093467 -0.054386    0.03842026  0.0887642  -1.12604079  1.57250031]\n [-0.054386    5.61619209 -0.06348088  0.94221152 -3.56023411 -2.04114086]\n [ 0.03842026 -0.06348088  5.88406362  0.1615459  -3.46600605 -1.05519504]\n [ 0.0887642   0.94221152  0.1615459   3.67621186 -0.53968384 -0.3128178 ]\n [-1.12604079 -3.56023411 -3.46600605 -0.53968384  8.5213291   3.10519601]\n [ 1.57250031 -2.04114086 -1.05519504 -0.3128178   3.10519601  5.84676332]]", "nfev": "259", "njev": "37", "status": "0", "success": "True", "message": "Optimization terminated successfully.", "x": "[7.43750057 5.03984012 2.79379154 4.23953628 1.94938192 1.58647623]", "nit": "29", "callback": [0.6300861944016318, 0.6208427136680144, 0.5456941688274833, 0.5299203487309811, 0.5082429865141218, 0.49973221563945747, 0.4901414332981622, 0.47262064647599067, 0.444258600415137, 0.43439193351317307, 0.42539619881769053, 0.41429389230095204, 0.41233069297237546, 0.41158358216830226, 0.4114123339561313, 0.4113179879267226, 0.4112371346196102, 0.4112017740997457, 0.41117975120023265, 0.41115830828683597, 0.41114402785592963, 0.41114028199421604, 0.411139963868694, 0.41113995653177826, 0.41113995646345103, 0.41113995646335144, 0.411139956463049, 0.4111399564628292, 0.41113995646282464]}, "7": {"maxiter": 100, "gtol": 1e-10, "xrtol": 1e-10, "eps": 1e-10, "duration": 0.07029986381530762, "fun": "0.41113995648310264", "jac": "[1.11022293e-06 0.00000000e+00 0.00000000e+00 1.11022293e-06\n 2.22044587e-06 1.11022293e-06]", "hess_inv": "[[ 5.23773452  2.188505    0.65653361  0.92295313 -3.26009291  0.22894131]\n [ 2.188505    3.60986319 -0.99101617 -0.76078745 -1.16889255  0.56660023]\n [ 0.65653361 -0.99101617  5.18815938 -0.87464775 -3.96491808 -0.46600214]\n [ 0.92295313 -0.76078745 -0.87464775  1.4767118   0.39056182 -0.11699682]\n [-3.26009291 -1.16889255 -3.96491808  0.39056182  5.06476964 -0.1876383 ]\n [ 0.22894131  0.56660023 -0.46600214 -0.11699682 -0.1876383   1.48220792]]", "nfev": "315", "njev": "45", "status": "0", "success": "True", "message": "Optimization terminated successfully.", "x": "[7.43750919 5.03983029 2.79379088 4.23953966 1.94940892 1.58650319]", "nit": "29", "callback": [0.6300867000470713, 0.6208437325065057, 0.5456976872771557, 0.5299310464119025, 0.5082539895503954, 0.49973277177318565, 0.49015880785757493, 0.47266408383664327, 0.4443055467301025, 0.4344004147494076, 0.42543488316770117, 0.4143260744605066, 0.41233403490247866, 0.41158892254529933, 0.4114128039345549, 0.41131941578368325, 0.41123760413301946, 0.41120200691670217, 0.41117997522679206, 0.41115847943694916, 0.411144162275761, 0.4111402922507347, 0.4111399655259804, 0.41113995650901447, 0.4111399564983067, 0.41113995649422563, 0.4111399564917043, 0.41113995648310264, 0.41113995648310264]}, "8": {"maxiter": 500, "gtol": 1e-05, "xrtol": 1e-05, "eps": 1e-05, "duration": 0.051280975341796875, "fun": "0.41113995653177826", "jac": "[ 1.35474965e-06 -7.95397082e-07 -3.77039511e-06 -2.79011259e-06\n -1.18420829e-06  9.10371778e-07]", "hess_inv": "[[ 4.77249925e+00 -2.41841293e-01  6.46076399e-01  2.27378778e-01\n  -1.20323692e+00  1.78959201e+00]\n [-2.41841293e-01  5.76678726e+00 -4.80063657e-01  9.36335278e-01\n  -3.42876882e+00 -2.23112579e+00]\n [ 6.46076399e-01 -4.80063657e-01  6.22710293e+00 -8.10468776e-03\n  -3.47936893e+00 -4.20424285e-01]\n [ 2.27378778e-01  9.36335278e-01 -8.10468776e-03  3.62430086e+00\n  -6.91448722e-01 -2.77935448e-01]\n [-1.20323692e+00 -3.42876882e+00 -3.47936893e+00 -6.91448722e-01\n   8.11044707e+00  2.90850486e+00]\n [ 1.78959201e+00 -2.23112579e+00 -4.20424285e-01 -2.77935448e-01\n   2.90850486e+00  6.07153961e+00]]", "nfev": "217", "njev": "31", "status": "0", "success": "True", "message": "Optimization terminated successfully.", "x": "[7.43750937 5.03983535 2.79377223 4.23952516 1.94939086 1.58648678]", "nit": "24", "callback": [0.6300861944016318, 0.6208427136680144, 0.5456941688274833, 0.5299203487309811, 0.5082429865141218, 0.49973221563945747, 0.4901414332981622, 0.47262064647599067, 0.444258600415137, 0.43439193351317307, 0.42539619881769053, 0.41429389230095204, 0.41233069297237546, 0.41158358216830226, 0.4114123339561313, 0.4113179879267226, 0.4112371346196102, 0.4112017740997457, 0.41117975120023265, 0.41115830828683597, 0.41114402785592963, 0.41114028199421604, 0.411139963868694, 0.41113995653177826]}, "9": {"maxiter": 500, "gtol": 1e-05, "xrtol": 1e-05, "eps": 1e-10, "duration": 0.05100512504577637, "fun": "0.41113995650901447", "jac": "[ 1.11022293e-06 -2.22044587e-06 -4.44089173e-06 -4.44089173e-06\n -3.33066880e-06 -3.33066880e-06]", "hess_inv": "[[ 4.75648755 -0.23741325  0.62060905  0.2319422  -1.17685131  1.79480066]\n [-0.23741325  5.77365516 -0.47758835  0.92958649 -3.43451703 -2.23349833]\n [ 0.62060905 -0.47758835  6.23722705 -0.02808876 -3.50433743 -0.4498533 ]\n [ 0.2319422   0.92958649 -0.02808876  3.64300085 -0.64886465 -0.24944889]\n [-1.17685131 -3.43451703 -3.50433743 -0.64886465  8.13213944  2.92701994]\n [ 1.79480066 -2.23349833 -0.4498533  -0.24944889  2.92701994  6.07161542]]", "nfev": "217", "njev": "31", "status": "0", "success": "True", "message": "Optimization terminated successfully.", "x": "[7.43751857 5.03983854 2.79377372 4.23952982 1.94939339 1.58649249]", "nit": "24", "callback": [0.6300867000470713, 0.6208437325065057, 0.5456976872771557, 0.5299310464119025, 0.5082539895503954, 0.49973277177318565, 0.49015880785757493, 0.47266408383664327, 0.4443055467301025, 0.4344004147494076, 0.42543488316770117, 0.4143260744605066, 0.41233403490247866, 0.41158892254529933, 0.4114128039345549, 0.41131941578368325, 0.41123760413301946, 0.41120200691670217, 0.41117997522679206, 0.41115847943694916, 0.411144162275761, 0.4111402922507347, 0.4111399655259804, 0.41113995650901447]}, "10": {"maxiter": 500, "gtol": 1e-05, "xrtol": 1e-10, "eps": 1e-05, "duration": 0.049227237701416016, "fun": "0.41113995653177826", "jac": "[ 1.35474965e-06 -7.95397082e-07 -3.77039511e-06 -2.79011259e-06\n -1.18420829e-06  9.10371778e-07]", "hess_inv": "[[ 4.77249925e+00 -2.41841293e-01  6.46076399e-01  2.27378778e-01\n  -1.20323692e+00  1.78959201e+00]\n [-2.41841293e-01  5.76678726e+00 -4.80063657e-01  9.36335278e-01\n  -3.42876882e+00 -2.23112579e+00]\n [ 6.46076399e-01 -4.80063657e-01  6.22710293e+00 -8.10468776e-03\n  -3.47936893e+00 -4.20424285e-01]\n [ 2.27378778e-01  9.36335278e-01 -8.10468776e-03  3.62430086e+00\n  -6.91448722e-01 -2.77935448e-01]\n [-1.20323692e+00 -3.42876882e+00 -3.47936893e+00 -6.91448722e-01\n   8.11044707e+00  2.90850486e+00]\n [ 1.78959201e+00 -2.23112579e+00 -4.20424285e-01 -2.77935448e-01\n   2.90850486e+00  6.07153961e+00]]", "nfev": "217", "njev": "31", "status": "0", "success": "True", "message": "Optimization terminated successfully.", "x": "[7.43750937 5.03983535 2.79377223 4.23952516 1.94939086 1.58648678]", "nit": "24", "callback": [0.6300861944016318, 0.6208427136680144, 0.5456941688274833, 0.5299203487309811, 0.5082429865141218, 0.49973221563945747, 0.4901414332981622, 0.47262064647599067, 0.444258600415137, 0.43439193351317307, 0.42539619881769053, 0.41429389230095204, 0.41233069297237546, 0.41158358216830226, 0.4114123339561313, 0.4113179879267226, 0.4112371346196102, 0.4112017740997457, 0.41117975120023265, 0.41115830828683597, 0.41114402785592963, 0.41114028199421604, 0.41113996386