{"date": "2024/09/23/, 14:39:32", "conf_id": 18, "data_type": "random\n", "num_data_points": 1, "s_rank": 0, "unitary": "[[-0.53618537-0.34368723j,-0.12107031-0.46226139j,-0.07699282-0.46603512j,0.36022595-0.11472301j],[0.26026499-0.63450712j,-0.56616638+0.37832564j,-0.14988651+0.08458591j,0.10363514-0.16008501j],[-0.32580188-0.11070003j,-0.36476308-0.23593218j,0.02559343+0.41761608j,-0.25598305+0.6725303j],[0.07406738-0.0126433j,0.28513701+0.19483972j,-0.74939717-0.10299659j,0.29798249+0.46269921j]]", "databatch_0": {"databatch": "[[[-0.07795419+0.29819206j,-0.27920523+0.30634329j,0.24090422-0.25277829j,-0.19851574-0.05390677j],[0.14148921-0.00563487j,0.19780328+0.26749474j,0.00702299-0.10053885j,0.16637329+0.20192603j],[-0.01382119+0.08774322j,-0.05077223+0.14263597j,-0.08386457+0.04476311j,-0.09673325-0.0103696j],[0.17755784-0.10153512j,-0.18264166-0.02059411j,0.08262112-0.26555682j,0.00847636+0.39656431j]]]", "initial param values": "[1.41655787,2.36324052,0.42331063,0.67735407,5.37269695,2.21761273]", "nelder_mead": {"type": "gradient-free", "0": {"maxiter": 100, "fatol": 1e-05, "xatol": 1e-05, "duration": 0.04674220085144043, "fun": "0.3064509060374674", "nit": "100", "nfev": "162", "status": "2", "success": "False", "message": "Maximum number of iterations has been exceeded.", "x": "[-1.87814498 -0.31919005  0.34106396  0.46140637  5.09306485  5.12615702]", "final_simplex": "(array([[-1.87814498, -0.31919005,  0.34106396,  0.46140637,  5.09306485,\n         5.12615702],\n       [-1.82054353, -0.31534447,  0.34065279,  0.45139387,  5.09883759,\n         5.10568434],\n       [-1.86216682, -0.35515279,  0.33924556,  0.44531185,  5.03315294,\n         5.18257351],\n       [-1.82702924, -0.35437089,  0.34012102,  0.45105647,  5.17149283,\n         5.07997271],\n       [-1.79076469, -0.28911076,  0.33951637,  0.45314454,  5.1278858 ,\n         5.1012852 ],\n       [-1.86380281, -0.37438996,  0.33830201,  0.44057221,  5.09140556,\n         5.14997503],\n       [-1.83558437, -0.36845674,  0.33831702,  0.44819545,  5.11678377,\n         5.10703989]]), array([0.30645091, 0.30653512, 0.30655902, 0.30656945, 0.30660783,\n       0.30673076, 0.30695228]))", "callback": [0.7481761821103541, 0.7348567819805463, 0.6571601409206491, 0.4640890387180632, 0.4102283520500234, 0.3311010867538118, 0.3198882925074784, 0.3073838236669416, 0.30695228131862895]}, "1": {"maxiter": 100, "fatol": 1e-05, "xatol": 1e-10, "duration": 0.04748702049255371, "fun": "0.3064509060374674", "nit": "100", "nfev": "162", "status": "2", "success": "False", "message": "Maximum number of iterations has been exceeded.", "x": "[-1.87814498 -0.31919005  0.34106396  0.46140637  5.09306485  5.12615702]", "final_simplex": "(array([[-1.87814498, -0.31919005,  0.34106396,  0.46140637,  5.09306485,\n         5.12615702],\n       [-1.82054353, -0.31534447,  0.34065279,  0.45139387,  5.09883759,\n         5.10568434],\n       [-1.86216682, -0.35515279,  0.33924556,  0.44531185,  5.03315294,\n         5.18257351],\n       [-1.82702924, -0.35437089,  0.34012102,  0.45105647,  5.17149283,\n         5.07997271],\n       [-1.79076469, -0.28911076,  0.33951637,  0.45314454,  5.1278858 ,\n         5.1012852 ],\n       [-1.86380281, -0.37438996,  0.33830201,  0.44057221,  5.09140556,\n         5.14997503],\n       [-1.83558437, -0.36845674,  0.33831702,  0.44819545,  5.11678377,\n         5.10703989]]), array([0.30645091, 0.30653512, 0.30655902, 0.30656945, 0.30660783,\n       0.30673076, 0.30695228]))", "callback": [0.7481761821103541, 0.7348567819805463, 0.6571601409206491, 0.4640890387180632, 0.4102283520500234, 0.3311010867538118, 0.3198882925074784, 0.3073838236669416, 0.30695228131862895]}, "2": {"maxiter": 100, "fatol": 1e-10, "xatol": 1e-05, "duration": 0.047621965408325195, "fun": "0.3064509060374674", "nit": "100", "nfev": "162", "status": "2", "success": "False", "message": "Maximum number of iterations has been exceeded.", "x": "[-1.87814498 -0.31919005  0.34106396  0.46140637  5.09306485  5.12615702]", "final_simplex": "(array([[-1.87814498, -0.31919005,  0.34106396,  0.46140637,  5.09306485,\n         5.12615702],\n       [-1.82054353, -0.31534447,  0.34065279,  0.45139387,  5.09883759,\n         5.10568434],\n       [-1.86216682, -0.35515279,  0.33924556,  0.44531185,  5.03315294,\n         5.18257351],\n       [-1.82702924, -0.35437089,  0.34012102,  0.45105647,  5.17149283,\n         5.07997271],\n       [-1.79076469, -0.28911076,  0.33951637,  0.45314454,  5.1278858 ,\n         5.1012852 ],\n       [-1.86380281, -0.37438996,  0.33830201,  0.44057221,  5.09140556,\n         5.14997503],\n       [-1.83558437, -0.36845674,  0.33831702,  0.44819545,  5.11678377,\n         5.10703989]]), array([0.30645091, 0.30653512, 0.30655902, 0.30656945, 0.30660783,\n       0.30673076, 0.30695228]))", "callback": [0.7481761821103541, 0.7348567819805463, 0.6571601409206491, 0.4640890387180632, 0.4102283520500234, 0.3311010867538118, 0.3198882925074784, 0.3073838236669416, 0.30695228131862895]}, "3": {"maxiter": 100, "fatol": 1e-10, "xatol": 1e-10, "duration": 0.0489048957824707, "fun": "0.3064509060374674", "nit": "100", "nfev": "162", "status": "2", "success": "False", "message": "Maximum number of iterations has been exceeded.", "x": "[-1.87814498 -0.31919005  0.34106396  0.46140637  5.09306485  5.12615702]", "final_simplex": "(array([[-1.87814498, -0.31919005,  0.34106396,  0.46140637,  5.09306485,\n         5.12615702],\n       [-1.82054353, -0.31534447,  0.34065279,  0.45139387,  5.09883759,\n         5.10568434],\n       [-1.86216682, -0.35515279,  0.33924556,  0.44531185,  5.03315294,\n         5.18257351],\n       [-1.82702924, -0.35437089,  0.34012102,  0.45105647,  5.17149283,\n         5.07997271],\n       [-1.79076469, -0.28911076,  0.33951637,  0.45314454,  5.1278858 ,\n         5.1012852 ],\n       [-1.86380281, -0.37438996,  0.33830201,  0.44057221,  5.09140556,\n         5.14997503],\n       [-1.83558437, -0.36845674,  0.33831702,  0.44819545,  5.11678377,\n         5.10703989]]), array([0.30645091, 0.30653512, 0.30655902, 0.30656945, 0.30660783,\n       0.30673076, 0.30695228]))", "callback": [0.7481761821103541, 0.7348567819805463, 0.6571601409206491, 0.4640890387180632, 0.4102283520500234, 0.3311010867538118, 0.3198882925074784, 0.3073838236669416, 0.30695228131862895]}, "4": {"maxiter": 500, "fatol": 1e-05, "xatol": 1e-05, "duration": 0.19840288162231445, "fun": "0.2617842539333892", "nit": "402", "nfev": "641", "status": "0", "success": "True", "message": "Optimization terminated successfully.", "x": "[-1.39989279  0.01154801  1.07777226  0.55726794  4.85372426  5.00958363]", "final_simplex": "(array([[-1.39989279,  0.01154801,  1.07777226,  0.55726794,  4.85372426,\n         5.00958363],\n       [-1.39989703,  0.01154328,  1.07776948,  0.5572667 ,  4.85372907,\n         5.00958329],\n       [-1.39989447,  0.01154533,  1.07777042,  0.5572627 ,  4.85372958,\n         5.00958186],\n       [-1.39989278,  0.01154542,  1.07776662,  0.55726695,  4.85372881,\n         5.00958156],\n       [-1.39989504,  0.01154384,  1.07777109,  0.55726574,  4.85371822,\n         5.00959293],\n       [-1.39989756,  0.01154353,  1.07777056,  0.557266  ,  4.85371876,\n         5.00958877],\n       [-1.39989042,  0.01154494,  1.07777416,  0.55726498,  4.8537327 ,\n         5.00957509]]), array([0.26178425, 0.26178425, 0.26178425, 0.26178425, 0.26178425,\n       0.26178425, 0.26178425]))", "callback": [0.7481761821103541, 0.7348567819805463, 0.6571601409206491, 0.4640890387180632, 0.4102283520500234, 0.3311010867538118, 0.3198882925074784, 0.3073838236669416, 0.30695228131862895, 0.3061889625630002, 0.30597246166922676, 0.3056647860663033, 0.30477634306878965, 0.30290559706405185, 0.299169107906876, 0.2913851986670526, 0.2873913716900133, 0.28574556818254826, 0.28409575232252493, 0.2810044019082759, 0.2800736246410729, 0.2780710499198298, 0.27487543591073427, 0.2723700395711355, 0.2657155080594945, 0.2628161616909973, 0.262089808247569, 0.26184403970493464, 0.2618060837853543, 0.2617890931997453, 0.2617848158589542, 0.26178442360247967, 0.26178427664544046, 0.2617842699007904, 0.2617842559535949, 0.26178425434100105, 0.26178425400262306, 0.26178425395546623, 0.26178425393577653, 0.2617842539347037]}, "5": {"maxiter": 500, "fatol": 1e-05, "xatol": 1e-10, "duration": 0.2520468235015869, "fun": "0.26178425393235116", "nit": "500", "nfev": "837", "status": "2", "success": "False", "message": "Maximum number of iterations has been exceeded.", "x": "[-1.39989368  0.01154678  1.07777092  0.55726582  4.85372637  5.00958275]", "final_simplex": "(array([[-1.39989368,  0.01154678,  1.07777092,  0.55726582,  4.85372637,\n         5.00958275],\n       [-1.39989368,  0.01154678,  1.07777092,  0.55726582,  4.85372637,\n         5.00958275],\n       [-1.39989369,  0.01154678,  1.07777092,  0.55726582,  4.85372637,\n         5.00958275],\n       [-1.39989368,  0.01154678,  1.07777092,  0.55726582,  4.85372637,\n         5.00958275],\n       [-1.39989368,  0.01154678,  1.07777092,  0.55726582,  4.85372637,\n         5.00958275],\n       [-1.39989368,  0.01154678,  1.07777092,  0.55726582,  4.85372636,\n         5.00958275],\n       [-1.39989369,  0.01154678,  1.07777092,  0.55726582,  4.85372637,\n         5.00958275]]), array([0.26178425, 0.26178425, 0.26178425, 0.26178425, 0.26178425,\n       0.26178425, 0.26178425]))", "callback": [0.7481761821103541, 0.7348567819805463, 0.6571601409206491, 0.4640890387180632, 0.4102283520500234, 0.3311010867538118, 0.3198882925074784, 0.3073838236669416, 0.30695228131862895, 0.3061889625630002, 0.30597246166922676, 0.3056647860663033, 0.30477634306878965, 0.30290559706405185, 0.299169107906876, 0.2913851986670526, 0.2873913716900133, 0.28574556818254826, 0.28409575232252493, 0.2810044019082759, 0.2800736246410729, 0.2780710499198298, 0.27487543591073427, 0.2723700395711355, 0.2657155080594945, 0.2628161616909973, 0.262089808247569, 0.26184403970493464, 0.2618060837853543, 0.2617890931997453, 0.2617848158589542, 0.26178442360247967, 0.26178427664544046, 0.2617842699007904, 0.2617842559535949, 0.26178425434100105, 0.26178425400262306, 0.26178425395546623, 0.26178425393577653, 0.2617842539347037, 0.26178425393276294, 0.26178425393246374, 0.26178425393238114, 0.2617842539323644, 0.2617842539323535, 0.2617842539323517, 0.2617842539323516, 0.2617842539323514, 0.26178425393235116]}, "6": {"maxiter": 500, "fatol": 1e-10, "xatol": 1e-05, "duration": 0.1937870979309082, "fun": "0.2617842539333892", "nit": "402", "nfev": "641", "status": "0", "success": "True", "message": "Optimization terminated successfully.", "x": "[-1.39989279  0.01154801  1.07777226  0.55726794  4.85372426  5.00958363]", "final_simplex": "(array([[-1.39989279,  0.01154801,  1.07777226,  0.55726794,  4.85372426,\n         5.00958363],\n       [-1.39989703,  0.01154328,  1.07776948,  0.5572667 ,  4.85372907,\n         5.00958329],\n       [-1.39989447,  0.01154533,  1.07777042,  0.5572627 ,  4.85372958,\n         5.00958186],\n       [-1.39989278,  0.01154542,  1.07776662,  0.55726695,  4.85372881,\n         5.00958156],\n       [-1.39989504,  0.01154384,  1.07777109,  0.55726574,  4.85371822,\n         5.00959293],\n       [-1.39989756,  0.01154353,  1.07777056,  0.557266  ,  4.85371876,\n         5.00958877],\n       [-1.39989042,  0.01154494,  1.07777416,  0.55726498,  4.8537327 ,\n         5.00957509]]), array([0.26178425, 0.26178425, 0.26178425, 0.26178425, 0.26178425,\n       0.26178425, 0.26178425]))", "callback": [0.7481761821103541, 0.7348567819805463, 0.6571601409206491, 0.4640890387180632, 0.4102283520500234, 0.3311010867538118, 0.3198882925074784, 0.3073838236669416, 0.30695228131862895, 0.3061889625630002, 0.30597246166922676, 0.3056647860663033, 0.30477634306878965, 0.30290559706405185, 0.299169107906876, 0.2913851986670526, 0.2873913716900133, 0.28574556818254826, 0.28409575232252493, 0.2810044019082759, 0.2800736246410729, 0.2780710499198298, 0.27487543591073427, 0.2723700395711355, 0.2657155080594945, 0.2628161616909973, 0.262089808247569, 0.26184403970493464, 0.2618060837853543, 0.2617890931997453, 0.2617848158589542, 0.26178442360247967, 0.26178427664544046, 0.2617842699007904, 0.2617842559535949, 0.26178425434100105, 0.26178425400262306, 0.26178425395546623, 0.26178425393577653, 0.2617842539347037]}, "7": {"maxiter": 500, "fatol": 1e-10, "xatol": 1e-10, "duration": 0.2558300495147705, "fun": "0.26178425393235116", "nit": "500", "nfev": "837", "status": "2", "success": "False", "message": "Maximum number of iterations has been exceeded.", "x": "[-1.39989368  0.01154678  1.07777092  0.55726582  4.85372637  5.00958275]", "final_simplex": "(array([[-1.39989368,  0.01154678,  1.07777092,  0.55726582,  4.85372637,\n         5.00958275],\n       [-1.39989368,  0.01154678,  1.07777092,  0.55726582,  4.85372637,\n         5.00958275],\n       [-1.39989369,  0.01154678,  1.07777092,  0.55726582,  4.85372637,\n         5.00958275],\n       [-1.39989368,  0.01154678,  1.07777092,  0.55726582,  4.85372637,\n         5.00958275],\n       [-1.39989368,  0.01154678,  1.07777092,  0.55726582,  4.85372637,\n         5.00958275],\n       [-1.39989368,  0.01154678,  1.07777092,  0.55726582,  4.85372636,\n         5.00958275],\n       [-1.39989369,  0.01154678,  1.07777092,  0.55726582,  4.85372637,\n         5.00958275]]), array([0.26178425, 0.26178425, 0.26178425, 0.26178425, 0.26178425,\n       0.26178425, 0.26178425]))", "callback": [0.7481761821103541, 0.7348567819805463, 0.6571601409206491, 0.4640890387180632, 0.4102283520500234, 0.3311010867538118, 0.3198882925074784, 0.3073838236669416, 0.30695228131862895, 0.3061889625630002, 0.30597246166922676, 0.3056647860663033, 0.30477634306878965, 0.30290559706405185, 0.299169107906876, 0.2913851986670526, 0.2873913716900133, 0.28574556818254826, 0.28409575232252493, 0.2810044019082759, 0.2800736246410729, 0.2780710499198298, 0.27487543591073427, 0.2723700395711355, 0.2657155080594945, 0.2628161616909973, 0.262089808247569, 0.26184403970493464, 0.2618060837853543, 0.2617890931997453, 0.2617848158589542, 0.26178442360247967, 0.26178427664544046, 0.2617842699007904, 0.2617842559535949, 0.26178425434100105, 0.26178425400262306, 0.26178425395546623, 0.26178425393577653, 0.2617842539347037, 0.26178425393276294, 0.26178425393246374, 0.26178425393238114, 0.2617842539323644, 0.2617842539323535, 0.2617842539323517, 0.2617842539323516, 0.2617842539323514, 0.26178425393235116]}, "8": {"maxiter": 1000, "fatol": 1e-05, "xatol": 1e-05, "duration": 0.2158341407775879, "fun": "0.2617842539333892", "nit": "402", "nfev": "641", "status": "0", "success": "True", "message": "Optimization terminated successfully.", "x": "[-1.39989279  0.01154801  1.07777226  0.55726794  4.85372426  5.00958363]", "final_simplex": "(array([[-1.39989279,  0.01154801,  1.07777226,  0.55726794,  4.85372426,\n         5.00958363],\n       [-1.39989703,  0.01154328,  1.07776948,  0.5572667 ,  4.85372907,\n         5.00958329],\n       [-1.39989447,  0.01154533,  1.07777042,  0.5572627 ,  4.85372958,\n         5.00958186],\n       [-1.39989278,  0.01154542,  1.07776662,  0.55726695,  4.85372881,\n         5.00958156],\n       [-1.39989504,  0.01154384,  1.07777109,  0.55726574,  4.85371822,\n         5.00959293],\n       [-1.39989756,  0.01154353,  1.07777056,  0.557266  ,  4.85371876,\n         5.00958877],\n       [-1.39989042,  0.01154494,  1.07777416,  0.55726498,  4.8537327 ,\n         5.00957509]]), array([0.26178425, 0.26178425, 0.26178425, 0.26178425, 0.26178425,\n       0.26178425, 0.26178425]))", "callback": [0.7481761821103541, 0.7348567819805463, 0.6571601409206491, 0.4640890387180632, 0.4102283520500234, 0.3311010867538118, 0.3198882925074784, 0.3073838236669416, 0.30695228131862895, 0.3061889625630002, 0.30597246166922676, 0.3056647860663033, 0.30477634306878965, 0.30290559706405185, 0.299169107906876, 0.2913851986670526, 0.2873913716900133, 0.28574556818254826, 0.28409575232252493, 0.2810044019082759, 0.2800736246410729, 0.2780710499198298, 0.27487543591073427, 0.2723700395711355, 0.2657155080594945, 0.2628161616909973, 0.262089808247569, 0.26184403970493464, 0.2618060837853543, 0.2617890931997453, 0.2617848158589542, 0.26178442360247967, 0.26178427664544046, 0.2617842699007904, 0.2617842559535949, 0.26178425434100105, 0.26178425400262306, 0.26178425395546623, 0.26178425393577653, 0.2617842539347037]}, "9": {"maxiter": 1000, "fatol": 1e-05, "xatol": 1e-10, "duration": 0.23425889015197754, "fun": "0.26178425393235116", "nit": "518", "nfev": "887", "status": "0", "success": "True", "message": "Optimization terminated successfully.", "x": "[-1.39989368  0.01154678  1.07777092  0.55726582  4.85372637  5.00958275]", "final_simplex": "(array([[-1.39989368,  0.01154678,  1.07777092,  0.55726582,  4.85372637,\n         5.00958275],\n       [-1.39989368,  0.01154678,  1.07777092,  0.55726582,  4.85372637,\n         5.00958275],\n       [-1.39989368,  0.01154678,  1.07777092,  0.55726582,  4.85372637,\n         5.00958275],\n       [-1.39989368,  0.01154678,  1.07777092,  0.55726582,  4.85372637,\n         5.00958275],\n       [-1.39989368,  0.01154678,  1.07777092,  0.55726582,  4.85372637,\n         5.00958275],\n       [-1.39989368,  0.01154678,  1.07777092,  0.55726582,  4.85372637,\n         5.00958275],\n       [-1.39989368,  0.01154678,  1.07777092,  0.55726582,  4.85372637,\n         5.00958275]]), array([0.26178425, 0.26178425, 0.26178425, 0.26178425, 0.26178425,\n       0.26178425, 0.26178425]))", "callback": [0.7481761821103541, 0.7348567819805463, 0.6571601409206491, 0.4640890387180632, 0.4102283520500234, 0.3311010867538118, 0.3198882925074784, 0.3073838236669416, 0.30695228131862895, 0.3061889625630002, 0.30597246166922676, 0.3056647860663033, 0.30477634306878965, 0.30290559706405185, 0.299169107906876, 0.2913851986670526, 0.2873913716900133, 0.28574556818254826, 0.28409575232252493, 0.2810044019082759, 0.2800736246410729, 0.2780710499198298, 0.27487543591073427, 0.2723700395711355, 0.2657155080594945, 0.2628161616909973, 0.262089808247569, 0.26184403970493464, 0.2618060837853543, 0.2617890931997453, 0.2617848158589542, 0.26178442360247967, 0.26178427664544046, 0.2617842699007904, 0.2617842559535949, 0.26178425434100105, 0.26178425400262306, 0.26178425395546623, 0.26178425393577653, 0.2617842539347037, 0.26178425393276294, 0.26178425393246374, 0.26178425393238114, 0.2617842539323644, 0.2617842539323535, 0.2617842539323517, 0.2617842539323516, 0.2617842539323514, 0.26178425393235116, 0.26178425393235116, 0.26178425393235116]}, "10": {"maxiter": 1000, "fatol": 1e-10, "xatol": 1e-05, "duration": 0.17403888702392578, "fun": "0.2617842539333892", "nit": "402", "nfev": "641", "status": "0", "success": "True", "message": "Optimization terminated successfully.", "x": "[-1.39989279  0.01154801  1.07777226  0.55726794  4.85372426  5.00958363]", "final_simplex": "(array([[-1.39989279,  0.01154801,  1.07777226,  0.55726794,  4.85372426,\n         5.00958363],\n       [-1.39989703,  0.01154328,  1.07776948,  0.5572667 ,  4.85372907,\n         5.00958329],\n       [-1.39989447,  0.01154533,  1.07777042,  0.5572627 ,  4.85372958,\n         5.00958186],\n       [-1.39989278,  0.01154542,  1.07776662,  0.55726695,  4.85372881,\n         5.00958156],\n       [-1.39989504,  0.01154384,  1.07777109,  0.55726574,  4.85371822,\n         5.00959293],\n       [-1.39989756,  0.01154353,  1.07777056,  0.557266  ,  4.85371876,\n         5.00958877],\n       [-1.39989042,  0.01154494,  1.07777416,  0.55726498,  4.8537327 ,\n         5.00957509]]), array([0.26178425, 0.26178425, 0.26178425, 0.26178425, 0.26178425,\n       0.26178425, 0.26178425]))", "callback": [0.7481761821103541, 0.7348567819805463, 0.6571601409206491, 0.4640890387180632, 0.4102283520500234, 0.3311010867538118, 0.3198882925074784, 0.3073838236669416, 0.30695228131862895, 0.3061889625630002, 0.30597246166922676, 0.3056647860663033, 0.30477634306878965, 0.30290559706405185, 0.299169107906876, 0.2913851986670526, 0.2873913716900133, 0.28574556818254826, 0.28409575232252493, 0.2810044019082759, 0.2800736246410729, 0.2780710499198298, 0.27487543591073427, 0.2723700395711355, 0.2657155080594945, 0.2628161616909973, 0.262089808247569, 0.26184403970493464, 0.2618060837853543, 0.2617890931997453, 0.2617848158589542, 0.26178442360247967, 0.26178427664544046, 0.2617842699007904, 0.2617842559535949, 0.26178425434100105, 0.26178425400262306, 0.26178425395546623, 0.26178425393577653, 0.2617842539347037]}, "11": {"maxiter": 1000, "fatol": 1e-10, "xatol": 1e-10, "duration": 0.24164390563964844, "fun": "0.26178425393235116", "nit": "518", "nfev": "887", "status": "0", "success": "True", "message": "Optimization terminated successfully.", "x": "[-1.39989368  0.01154678  1.07777092  0.55726582  4.85372637  5.00958275]", "final_simplex": "(array([[-1.39989368,  0.01154678,  1.07777092,  0.55726582,  4.85372637,\n         5.00958275],\n       [-1.39989368,  0.01154678,  1.07777092,  0.55726582,  4.85372637,\n         5.00958275],\n       [-1.39989368,  0.01154678,  1.07777092,  0.55726582,  4.85372637,\n         5.00958275],\n       [-1.39989368,  0.01154678,  1.07777092,  0.55726582,  4.85372637,\n         5.00958275],\n       [-1.39989368,  0.01154678,  1.07777092,  0.55726582,  4.85372637,\n         5.00958275],\n       [-1.39989368,  0.01154678,  1.07777092,  0.55726582,  4.85372637,\n         5.00958275],\n       [-1.39989368,  0.01154678,  1.07777092,  0.55726582,  4.85372637,\n         5.00958275]]), array([0.26178425, 0.26178425, 0.26178425, 0.26178425, 0.26178425,\n       0.26178425, 0.26178425]))", "callback": [0.7481761821103541, 0.7348567819805463, 0.6571601409206491, 0.4640890387180632, 0.4102283520500234, 0.3311010867538118, 0.3198882925074784, 0.3073838236669416, 0.30695228131862895, 0.3061889625630002, 0.30597246166922676, 0.3056647860663033, 0.30477634306878965, 0.30290559706405185, 0.299169107906876, 0.2913851986670526, 0.2873913716900133, 0.28574556818254826, 0.28409575232252493, 0.2810044019082759, 0.2800736246410729, 0.2780710499198298, 0.27487543591073427, 0.2723700395711355, 0.2657155080594945, 0.2628161616909973, 0.262089808247569, 0.26184403970493464, 0.2618060837853543, 0.2617890931997453, 0.2617848158589542, 0.26178442360247967, 0.26178427664544046, 0.2617842699007904, 0.2617842559535949, 0.26178425434100105, 0.26178425400262306, 0.26178425395546623, 0.26178425393577653, 0.2617842539347037, 0.26178425393276294, 0.26178425393246374, 0.26178425393238114, 0.2617842539323644, 0.2617842539323535, 0.2617842539323517, 0.2617842539323516, 0.2617842539323514, 0.26178425393235116, 0.26178425393235116, 0.26178425393235116]}}, "bfgs": {"type": "gradient", "0": {"maxiter": 100, "gtol": 1e-05, "xrtol": 1e-05, "eps": 1e-05, "duration": 0.06415891647338867, "fun": "0.26178425396150773", "jac": "[ 1.68420833e-08 -5.48938672e-07 -3.97815114e-07 -1.40093492e-06\n -5.75550718e-07 -4.72344386e-07]", "hess_inv": "[[  6.97851502  -1.29920441  -2.47977963   0.09622798  -0.62631696\n    2.52117678]\n [ -1.29920441   3.67337614   0.92039135   0.20926892  -0.30915165\n   -1.85797797]\n [ -2.47977963   0.92039135   5.04742078  -0.54826987  -2.71313569\n   -0.07526341]\n [  0.09622798   0.20926892  -0.54826987   1.99862411   0.67405926\n   -0.59901189]\n [ -0.62631696  -0.30915165  -2.71313569   0.67405926  16.23643833\n  -13.38235408]\n [  2.52117678  -1.85797797  -0.07526341  -0.59901189 -13.38235408\n   15.6541305 ]]", "nfev": "231", "njev": "33", "status": "0", "success": "True", "message": "Optimization terminated successfully.", "x": "[ 1.39988968  3.15313473 -2.06382331 -0.55727542  7.99531399  1.86799095]", "nit": "26", "callback": [0.36115987983021114, 0.2618326895273193]}, "1": {"maxiter": 100, "gtol": 1e-05, "xrtol": 1e-05, "eps": 1e-10, "duration": 0.06413626670837402, "fun": "0.2617842540070886", "jac": "[-1.11022293e-06  1.11022293e-06 -2.22044587e-06 -2.22044587e-06\n -1.11022293e-06 -2.22044587e-06]", "hess_inv": "[[ 6.87068865e+00 -1.18899197e+00 -2.47250764e+00  1.75835648e-01\n  -1.08779368e+00  2.85710984e+00]\n [-1.18899197e+00  3.60154754e+00  9.70431276e-01  1.43184991e-01\n   3.09084413e-03 -2.04273139e+00]\n [-2.47250764e+00  9.70431276e-01  4.98477091e+00 -5.72287224e-01\n  -2.55159134e+00 -3.18570930e-01]\n [ 1.75835648e-01  1.43184991e-01 -5.72287224e-01  2.00812329e+00\n   4.22998004e-01 -3.50483752e-01]\n [-1.08779368e+00  3.09084413e-03 -2.55159134e+00  4.22998004e-01\n   1.83583225e+01 -1.55146244e+01]\n [ 2.85710984e+00 -2.04273139e+00 -3.18570930e-01 -3.50483752e-01\n  -1.55146244e+01  1.75767245e+01]]", "nfev": "231", "njev": "33", "status": "0", "success": "True", "message": "Optimization terminated successfully.", "x": "[ 1.39987998  3.15314571 -2.06382442 -0.5572742   7.9953482   1.8679517 ]", "nit": "26", "callback": [0.36116326199408844, 0.26183261400285884]}, "2": {"maxiter": 100, "gtol": 1e-05, "xrtol": 1e-10, "eps": 1e-05, "duration": 0.06263518333435059, "fun": "0.26178425396150773", "jac": "[ 1.68420833e-08 -5.48938672e-07 -3.97815114e-07 -1.40093492e-06\n -5.75550718e-07 -4.72344386e-07]", "hess_inv": "[[  6.97851502  -1.29920441  -2.47977963   0.09622798  -0.62631696\n    2.52117678]\n [ -1.29920441   3.67337614   0.92039135   0.20926892  -0.30915165\n   -1.85797797]\n [ -2.47977963   0.92039135   5.04742078  -0.54826987  -2.71313569\n   -0.07526341]\n [  0.09622798   0.20926892  -0.54826987   1.99862411   0.67405926\n   -0.59901189]\n [ -0.62631696  -0.30915165  -2.71313569   0.67405926  16.23643833\n  -13.38235408]\n [  2.52117678  -1.85797797  -0.07526341  -0.59901189 -13.38235408\n   15.6541305 ]]", "nfev": "231", "njev": "33", "status": "0", "success": "True", "message": "Optimization terminated successfully.", "x": "[ 1.39988968  3.15313473 -2.06382331 -0.55727542  7.99531399  1.86799095]", "nit": "26", "callback": [0.36115987983021114, 0.2618326895273193]}, "3": {"maxiter": 100, "gtol": 1e-05, "xrtol": 1e-10, "eps": 1e-10, "duration": 0.06220698356628418, "fun": "0.2617842540070886", "jac": "[-1.11022293e-06  1.11022293e-06 -2.22044587e-06 -2.22044587e-06\n -1.11022293e-06 -2.22044587e-06]", "hess_inv": "[[ 6.87068865e+00 -1.18899197e+00 -2.47250764e+00  1.75835648e-01\n  -1.08779368e+00  2.85710984e+00]\n [-1.18899197e+00  3.60154754e+00  9.70431276e-01  1.43184991e-01\n   3.09084413e-03 -2.04273139e+00]\n [-2.47250764e+00  9.70431276e-01  4.98477091e+00 -5.72287224e-01\n  -2.55159134e+00 -3.18570930e-01]\n [ 1.75835648e-01  1.43184991e-01 -5.72287224e-01  2.00812329e+00\n   4.22998004e-01 -3.50483752e-01]\n [-1.08779368e+00  3.09084413e-03 -2.55159134e+00  4.22998004e-01\n   1.83583225e+01 -1.55146244e+01]\n [ 2.85710984e+00 -2.04273139e+00 -3.18570930e-01 -3.50483752e-01\n  -1.55146244e+01  1.75767245e+01]]", "nfev": "231", "njev": "33", "status": "0", "success": "True", "message": "Optimization terminated successfully.", "x": "[ 1.39987998  3.15314571 -2.06382442 -0.5572742   7.9953482   1.8679517 ]", "nit": "26", "callback": [0.36116326199408844, 0.26183261400285884]}, "4": {"maxiter": 100, "gtol": 1e-10, "xrtol": 1e-05, "eps": 1e-05, "duration": 0.06168174743652344, "fun": "0.26178425396150773", "jac": "[ 1.68420833e-08 -5.48938672e-07 -3.97815114e-07 -1.40093492e-06\n -5.75550718e-07 -4.72344386e-07]", "hess_inv": "[[  6.97851502  -1.29920441  -2.47977963   0.09622798  -0.62631696\n    2.52117678]\n [ -1.29920441   3.67337614   0.92039135   0.20926892  -0.30915165\n   -1.85797797]\n [ -2.47977963   0.92039135   5.04742078  -0.54826987  -2.71313569\n   -0.07526341]\n [  0.09622798   0.20926892  -0.54826987   1.99862411   0.67405926\n   -0.59901189]\n [ -0.62631696  -0.30915165  -2.71313569   0.67405926  16.23643833\n  -13.38235408]\n [  2.52117678  -1.85797797  -0.07526341  -0.59901189 -13.38235408\n   15.6541305 ]]", "nfev": "231", "njev": "33", "status": "0", "success": "True", "message": "Optimization terminated successfully.", "x": "[ 1.39988968  3.15313473 -2.06382331 -0.55727542  7.99531399  1.86799095]", "nit": "26", "callback": [0.36115987983021114, 0.2618326895273193]}, "5": {"maxiter": 100, "gtol": 1e-10, "xrtol": 1e-05, "eps": 1e-10, "duration": 0.07221794128417969, "fun": "0.2617842539399383", "jac": "[ 1.11022293e-06 -1.11022293e-06  0.00000000e+00  0.00000000e+00\n  0.00000000e+00 -1.11022293e-06]", "hess_inv": "[[  6.52140266  -0.92474866  -2.4853979    0.09726671  -0.11370191\n    1.80446813]\n [ -0.92474866   3.40731005   0.9596586    0.19389344  -0.78312485\n   -1.23350678]\n [ -2.4853979    0.9596586    5.05860397  -0.54357674  -2.33718247\n   -0.40403461]\n [  0.09726671   0.19389344  -0.54357674   2.00389639   0.71802661\n   -0.60709666]\n [ -0.11370191  -0.78312485  -2.33718247   0.71802661  16.07035869\n  -12.69096234]\n [  1.80446813  -1.23350678  -0.40403461  -0.60709666 -12.69096234\n   14.43362662]]", "nfev": "252", "njev": "36", "status": "0", "success": "True", "message": "Optimization terminated successfully.", "x": "[ 1.39989345  3.15313419 -2.06381909 -0.55726911  7.99532224  1.86798926]", "nit": "27", "callback": [0.36116326199408844, 0.26183261400285884]}, "6": {"maxiter": 100, "gtol": 1e-10, "xrtol": 1e-10, "eps": 1e-05, "duration": 0.10056114196777344, "fun": "0.2617842539461923", "jac": "[-2.37587727e-09  7.04991621e-09  1.88737914e-10  3.66373598e-10\n  3.86357613e-09  3.59712260e-09]", "hess_inv": "[[  7.35199948  -1.55288421  -2.52905182   0.56146997  -0.61296056\n    2.58337638]\n [ -1.55288421   3.85987463   0.96511362  -0.03729847  -0.18632725\n   -1.98858827]\n [ -2.52905182   0.96511362   5.04935313  -0.5848713   -2.73498351\n   -0.07368366]\n [  0.56146997  -0.03729847  -0.5848713    2.84442317   1.05594116\n   -0.77412569]\n [ -0.61296056  -0.18632725  -2.73498351   1.05594116  16.30983309\n  -13.46310561]\n [  2.58337638  -1.98858827  -0.07368366  -0.77412569 -13.46310561\n   15.7418555 ]]", "nfev": "375", "njev": "52", "status": "2", "success": "False", "message": "Desired error not necessarily achieved due to precision loss.", "x": "[ 1.39988922  3.15313638 -2.06382315 -0.55727122  7.99531751  1.8679882 ]", "nit": "29", "callback": [0.36115987983021114, 0.2618326895273193]}, "7": {"maxiter": 100, "gtol": 1e-10, "xrtol": 1e-10, "eps": 1e-10, "duration": 0.15748310089111328, "fun": "0.26178425393979987", "jac": "[2.22044587e-06 3.33066880e-06 2.22044587e-06 0.00000000e+00\n 4.44089173e-06 3.33066880e-06]", "hess_inv": "[[   9.19839552    0.24488648   -7.71971927   -0.97858248   24.81504812\n   -23.52777401]\n [   0.24488648    3.79715544   -2.09668551   -0.47141763   13.33177896\n   -16.14658098]\n [  -7.71971927   -2.09668551   14.32927643    1.38327418  -47.55825324\n    44.4970041 ]\n [  -0.97858248   -0.47141763    1.38327418    2.40981341   -8.70001339\n     8.74082503]\n [  24.81504812   13.33177896  -47.55825324   -8.70001339  235.68839222\n  -231.79452636]\n [ -23.52777401  -16.14658098   44.4970041     8.74082503 -231.79452636\n   231.94832313]]", "nfev": "586", "njev": "82", "status": "2", "success": "False", "message": "Desired error not necessarily achieved due to precision loss.", "x": "[ 1.39989332  3.15313417 -2.06381875 -0.55726904  7.99532069  1.86799092]", "nit": "28", "callback": [0.36116326199408844, 0.26183261400285884]}, "8": {"maxiter": 500, "gtol": 1e-05, "xrtol": 1e-05, "eps": 1e-05, "duration": 0.0616910457611084, "fun": "0.26178425396150773", "jac": "[ 1.68420833e-08 -5.48938672e-07 -3.97815114e-07 -1.40093492e-06\n -5.75550718e-07 -4.72344386e-07]", "hess_inv": "[[  6.97851502  -1.29920441  -2.47977963   0.09622798  -0.62631696\n    2.52117678]\n [ -1.29920441   3.67337614   0.92039135   0.20926892  -0.30915165\n   -1.85797797]\n [ -2.47977963   0.92039135   5.04742078  -0.54826987  -2.71313569\n   -0.07526341]\n [  0.09622798   0.20926892  -0.54826987   1.99862411   0.67405926\n   -0.59901189]\n [ -0.62631696  -0.30915165  -2.71313569   0.67405926  16.23643833\n  -13.38235408]\n [  2.52117678  -1.85797797  -0.07526341  -0.59901189 -13.38235408\n   15.6541305 ]]", "nfev": "231", "njev": "33", "status": "0", "success": "True", "message": "Optimization terminated successfully.", "x": "[ 1.39988968  3.15313473 -2.06382331 -0.55727542  7.99531399  1.86799095]", "nit": "26", "callback": [0.36115987983021114, 0.2618326895273193]}, "9": {"maxiter": 500, "gtol": 1e-05, "xrtol": 1e-05, "eps": 1e-10, "duration": 0.06294417381286621, "fun": "0.2617842540070886", "jac": "[-1.11022293e-06  1.11022293e-06 -2.22044587e-06 -2.22044587e-06\n -1.11022293e-06 -2.22044587e-06]", "hess_inv": "[[ 6.87068865e+00 -1.18899197e+00 -2.47250764e+00  1.75835648e-01\n  -1.08779368e+00  2.85710984e+00]\n [-1.18899197e+00  3.60154754e+00  9.70431276e-01  1.43184991e-01\n   3.09084413e-03 -2.04273139e+00]\n [-2.47250764e+00  9.70431276e-01  4.98477091e+00 -5.72287224e-01\n  -2.55159134e+00 -3.18570930e-01]\n [ 1.75835648e-01  1.43184991e-01 -5.72287224e-01  2.00812329e+00\n   4.22998004e-01 -3.50483752e-01]\n [-1.08779368e+00  3.09084413e-03 -2.55159134e+00  4.22998004e-01\n   1.83583225e+01 -1.55146244e+01]\n [ 2.85710984e+00 -2.04273139e+00 -3.18570930e-01 -3.50483752e-01\n  -1.55146244e+01  1.75767245e+01]]", "nfev": "231", "njev": "33", "status": "0", "success": "True", "message": "Optimization terminated successfully.", "x": "[ 1.39987998  3.15314571 -2.06382442 -0.5572742   7.9953482   1.8679517 ]", "nit": "26", "callback": [0.36116326199408844, 0.26183261400285884]}, "10": {"maxiter": 500, "gtol": 1e-05, "xrtol": 1e-10, "eps": 1e-05, "duration": 0.06135296821594238, "fun": "0.26178425396150773", "jac": "[ 1.68420833e-08 -5.48938672e-07 -3.97815114e-07 -1.40093492e-06\n -5.75550718e-07 -4.72344386e-07]", "hess_inv": "[[  6.97851502  -1.29920441  -2.47977963   0.09622798  -0.62631696\n    2.52117678]\n [ -1.29920441   3.67337614   0.92039135   0.20926892  -0.30915165\n   -1.85797797]\n [ -2.47977963   0.92039135   5.04742078  -0.54826987  -2.71313569\n   -0.07526341]\n [  0.09622798   0.20926892  -0.54826987   1.99862411   0.67405926\n   -0.59901189]\n [ -0.62631696  -0.30915165  -2.71313569   0.67405926  16.23643833\n  -13.38235408]\n [  2.52117678  -1.85797797  -0.07526341  -0.59901189 -13.38235408\n   15.6541305 ]]", "nfev": "231", "njev": "33", "status": "0", "success": "True", "message": "Optimization terminated successfully.", "x": "[ 1.39988968  3.15313473 -2.06382331 -0.55727542  7.99531399  1.86799095]", "nit": "26", "callback": [0.36115987983021114, 0.2618326895273193]}, "11": {"maxiter": 500, "gtol": 1e-05, "xrtol": 1e-10, "eps": 1e-10, "duration": 0.06481003761291504, "fun": "0.2617842540070886", "jac": "[-1.11022293e-06  1.11022293e-06 -2.22044587e-06 -2.22044587e-06\n -1.11022293e-06 -2.22044587e-06]", "hess_inv": "[[ 6.87068865e+00 -1.18899197e+00 -2.47250764e+00  1.75835648e-01\n  -1.08779368e+00  2.85710984e+00]\n [-1.18899197e+00  3.60154754e+00  9.70431276e-01  1.43184991e-01\n   3.09084413e-03 -2.04273139e+00]\n [-2.47250764e+00  9.70431276e-01  4.98477091e+00 -5.72287224e-01\n  -2.55159134e+00 -3.18570930e-01]\n [ 1.75835648e-01  1.43184991e-01 -5.72287224e-01  2.00812329e+00\n   4.22998004e-01 -3.50483752e-01]\n [-1.08779368e+00  3.09084413e-03 -2.55159134e+00  4.22998004e-01\n   1.83583225e+01 -1.55146244e+01]\n [ 2.85710984e+00 -2.04273139e+00 -3.18570930e-01 -3.50483752e-01\n  -1.55146244e+01  1.75767245e+01]]", "nfev": "231", "njev": "33", "status": "0", "success": "True", "message": "Optimization terminated successfully.", "x": "[ 1.39987998  3.15314571 -2.06382442 -0.5572742   7.9953482   1.8679517 ]", "nit": "26", "callback": [0.36116326199408844, 0.26183261400285884]}, "12": {"maxiter": 500, "gtol": 1e-10, "xrtol": 1e-05, "eps": 1e-05, "duration": 0.06385684013366699, "fun": "0.26178425396150773", "jac": "[ 1.68420833e-08 -5.48938672e-07 -3.97815114e-07 -1.40093492e-06\n -5.75550718e-07 -4.72344386e-07]", "hess_inv": "[[  6.97851502  -1.29920441  -2.47977963   0.09622798  -0.62631696\n    2.52117678]\n [ -1.29920441   3.67337614   0.92039135   0.20926892  -0.30915165\n   -1.85797797]\n [ -2.47977963   0.92039135   5.04742078  -0.54826987  -2.71313569\n   -0.07526341]\n [  0.09622798   0.20926892  -0.54826987   1.99862411   0.67405926\n   -0.59901189]\n [ -0.62631696  -0.30915165  -2.71313569   0.67405926  16.23643833\n  -13.38235408]\n [  2.52117678  -1.85797797  -0.07526341  -0.59901189 -13.38235408\n   15.6541305 ]]", "nfev": "231", "njev": "33", "status": "0", "success": "True", "message": "Optimization terminated successfully.", "x": "[ 1.39988968  3.15313473 -2.06382331 -0.55727542  7.99531399  1.86799095]", "nit": "26", "callback": [0.36115987983021114, 0.2618326895273193]}, "13": {"maxiter": 500, "gtol": 1e-10, "xrtol": 1e-05, "eps": 1e-10, "duration": 0.06849503517150879, "fun": "0.2617842539399383", "jac": "[ 1.11022293e-06 -1.11022293e-06  0.00000000e+00  0.00000000e+00\n  0.00000000e+00 -1.11022293e-06]", "hess_inv": "[[  6.52140266  -0.92474866  -2.4853979    0.09726671  -0.11370191\n    1.80446813]\n [ -0.92474866   3.40731005   0.9596586    0.19389344  -0.78312485\n   -1.23350678]\n [ -2.4853979    0.9596586    5.05860397  -0.54357674  -2.33718247\n   -0.40403461]\n [  0.09726671   0.19389344  -0.54357674   2.00389639   0.71802661\n   -0.60709666]\n [ -0.11370191  -0.78312485  -2.33718247   0.71802661  16.07035869\n  -12.69096234]\n [  1.80446813  -1.23350678  -0.40403461  -0.60709666 -12.69096234\n   14.43362662]]", "nfev": "252", "njev": "36", "status": "0", "success": "True", "message": "Optimization terminated successfully.", "x": "[ 1.39989345  3.15313419 -2.06381909 -0.55726911  7.99532224  1.86798926]", "nit": "27", "callback": [0.36116326199408844, 0.26183261400285884]}, "14": {"maxiter": 500, "gtol": 1e-10, "xrtol": 1e-10, "eps": 1e-05, "duration": 0.10225987434387207, "fun": "0.2617842539461923", "jac": "[-2.37587727e-09  7.04991621e-09  1.88737914e-10  3.66373598e-10\n  3.86357613e-09  3.59712260e-09]", "hess_inv": "[[  7.35199948  -1.55288421  -2.52905182   0.56146997  -0.61296056\n    2.58337638]\n [ -1.55288421   3.85987463   0.96511362  -0.03729847  -0.18632725\n   -1.98858827]\n [ -2.52905182   0.96511362   5.04935313  -0.5848713   -2.73498351\n   -0.07368366]\n [  0.56146997  -0.03729847  -0.5848713    2.84442317   1.05594116\n   -0.77412569]\n [ -0.61296056  -0.18632725  -2.73498351   1.05594116  16.30983309\n  -13.46310561]\n [  2.58337638  -1.98858827  -0.07368366  -0.77412569 -13.46310561\n   15.7418555 ]]", "nfev": "375", "njev": "52", "status": "2", "success": "False", "message": "Desired error not necessarily achieved due to precision loss.", "x": "[ 1.39988922  3.15313638 -2.06382315 -0.55727122  7.99531751  1.8679882 ]", "nit": "29", "callback": [0.36115987983021114, 0.2618326895273193]}, "15": {"maxiter": 500, "gtol": 1e-10, "xrtol": 1e-10, "eps": 1e-10, "duration": 0.16180896759033203, "fun": "0.26178425393979987", "jac": "[2.22044587e-06 3.33066880e-06 2.22044587e-06 0.00000000e+00\n 4.44089173e-06 3.33066880e-06]", "hess_inv": "[[   9.19839552    0.24488648   -7.71971927   -0.97858248   24.81504812\n   -23.52777401]\n [   0.24488648    3.79715544   -2.09668551   -0.47141763   13.33177896\n   -16.14658098]\n [  -7.71971927   -2.09668551   14.32927643    1.38327418  -47.55825324\n    44.4970041 ]\n [  -0.97858248   -0.47141763    1.38327418    2.40981341   -8.70001339\n     8.74082503]\n [  24.81504812   13.33177896  -47.55825324   -8.70001339  235.68839222\n  -231.79452636]\n [ -23.52777401  -16.14658098   44.4970041     8.74082503 -231.79452636\n   231.94832313]]", "nfev": "586", "njev": "82", "status": "2", "success": "False", "message": "Desired error not necessarily achieved due to precision loss.", "x": "[ 1.39989332  3.15313417 -2.06381875 -0.55726904  7.99532069  1.86799092]", "nit": "28", "callback": [0.36116326199408844, 0.26183261400285884]}, "16": {"maxiter": 1000, "gtol": 1e-05, "xrtol": 1e-05, "eps": 1e-05, "duration": 0.06930303573608398, "fun": "0.26178425396150773", "jac": "[ 