{"date": "2024/10/08/, 14:23:53", "conf_id": 4, "data_type": "random\n", "num_data_points": 1, "s_rank": 0, "unitary": "[[-0.24866696+0.58742286j,-0.44704345-0.43151574j,-0.35669027-0.20570733j,-0.10517633+0.1626036j],[0.10596805-0.19687975j,-0.30269685-0.15056416j,0.18246286+0.30440582j,-0.83484447-0.11310748j],[0.26054512-0.52548482j,0.0285017-0.50723956j,-0.43110112+0.17165838j,0.15243271+0.39915801j],[0.42978035+0.11991271j,-0.17224126-0.46030424j,0.6827807-0.15164662j,0.26483638+0.0061855j]]", "databatch_0": {"databatch": "[[[0.08218006+0.38581094j,-0.1011434-0.50187746j,0.03711803-0.01106927j,0.15583-0.03455803j],[0.04202506+0.03192283j,-0.05408408-0.04202945j,0.00279498-0.00436369j,0.01277446-0.01711239j],[0.27576245+0.18246308j,-0.35527774-0.24073787j,0.01569657-0.02842207j,0.07289535-0.11219766j],[0.25842392+0.12411181j,-0.33360916-0.16476221j,0.01012122-0.0262674j,0.04934375-0.10498455j]]]", "initial param values": "[0.02860777,3.90009064,0.80366232,4.14867751,5.96504202,0.0621106]", "nelder_mead": {"type": "gradient-free", "0": {"maxiter": 100, "fatol": 1e-05, "xatol": 1e-05, "duration": 0.06638193130493164, "fun": "0.2994929102246484", "nit": "100", "nfev": "159", "status": "2", "success": "False", "message": "Maximum number of iterations has been exceeded.", "x": "[-0.04021484  6.17220387  0.80105101  4.0238926   6.56632047  0.07228431]", "final_simplex": "(array([[-4.02148360e-02,  6.17220387e+00,  8.01051013e-01,\n         4.02389260e+00,  6.56632047e+00,  7.22843114e-02],\n       [-2.20376755e-02,  5.98962993e+00,  8.52880267e-01,\n         4.08465628e+00,  6.51864314e+00,  6.42793078e-02],\n       [-1.90245364e-02,  5.96112402e+00,  8.73684550e-01,\n         4.13714254e+00,  6.49753554e+00,  6.38432393e-02],\n       [-1.66321883e-02,  6.04850067e+00,  8.87927543e-01,\n         4.12375373e+00,  6.57698477e+00,  6.04342965e-02],\n       [-1.03470103e-02,  5.98870904e+00,  8.85839897e-01,\n         4.14435002e+00,  6.55601224e+00,  5.73481657e-02],\n       [-9.61055086e-03,  5.94515739e+00,  9.03744272e-01,\n         4.10714572e+00,  6.59168799e+00,  5.83466818e-02],\n       [-2.50632407e-03,  5.90985643e+00,  9.23963459e-01,\n         4.14013195e+00,  6.54132910e+00,  5.51268267e-02]]), array([0.29949291, 0.30184163, 0.30210957, 0.30288973, 0.30372102,\n       0.30437053, 0.30636018]))", "callback": [0.6465997854775906, 0.4161798424975707, 0.3520188607993211, 0.31297532667319705, 0.3128285547335493, 0.31236920450576067, 0.3121788035755173, 0.31174630042561036, 0.31104828293625464, 0.3063601752157399]}, "1": {"maxiter": 100, "fatol": 1e-05, "xatol": 1e-10, "duration": 0.050724029541015625, "fun": "0.2994929102246484", "nit": "100", "nfev": "159", "status": "2", "success": "False", "message": "Maximum number of iterations has been exceeded.", "x": "[-0.04021484  6.17220387  0.80105101  4.0238926   6.56632047  0.07228431]", "final_simplex": "(array([[-4.02148360e-02,  6.17220387e+00,  8.01051013e-01,\n         4.02389260e+00,  6.56632047e+00,  7.22843114e-02],\n       [-2.20376755e-02,  5.98962993e+00,  8.52880267e-01,\n         4.08465628e+00,  6.51864314e+00,  6.42793078e-02],\n       [-1.90245364e-02,  5.96112402e+00,  8.73684550e-01,\n         4.13714254e+00,  6.49753554e+00,  6.38432393e-02],\n       [-1.66321883e-02,  6.04850067e+00,  8.87927543e-01,\n         4.12375373e+00,  6.57698477e+00,  6.04342965e-02],\n       [-1.03470103e-02,  5.98870904e+00,  8.85839897e-01,\n         4.14435002e+00,  6.55601224e+00,  5.73481657e-02],\n       [-9.61055086e-03,  5.94515739e+00,  9.03744272e-01,\n         4.10714572e+00,  6.59168799e+00,  5.83466818e-02],\n       [-2.50632407e-03,  5.90985643e+00,  9.23963459e-01,\n         4.14013195e+00,  6.54132910e+00,  5.51268267e-02]]), array([0.29949291, 0.30184163, 0.30210957, 0.30288973, 0.30372102,\n       0.30437053, 0.30636018]))", "callback": [0.6465997854775906, 0.4161798424975707, 0.3520188607993211, 0.31297532667319705, 0.3128285547335493, 0.31236920450576067, 0.3121788035755173, 0.31174630042561036, 0.31104828293625464, 0.3063601752157399]}, "2": {"maxiter": 100, "fatol": 1e-10, "xatol": 1e-05, "duration": 0.054052114486694336, "fun": "0.2994929102246484", "nit": "100", "nfev": "159", "status": "2", "success": "False", "message": "Maximum number of iterations has been exceeded.", "x": "[-0.04021484  6.17220387  0.80105101  4.0238926   6.56632047  0.07228431]", "final_simplex": "(array([[-4.02148360e-02,  6.17220387e+00,  8.01051013e-01,\n         4.02389260e+00,  6.56632047e+00,  7.22843114e-02],\n       [-2.20376755e-02,  5.98962993e+00,  8.52880267e-01,\n         4.08465628e+00,  6.51864314e+00,  6.42793078e-02],\n       [-1.90245364e-02,  5.96112402e+00,  8.73684550e-01,\n         4.13714254e+00,  6.49753554e+00,  6.38432393e-02],\n       [-1.66321883e-02,  6.04850067e+00,  8.87927543e-01,\n         4.12375373e+00,  6.57698477e+00,  6.04342965e-02],\n       [-1.03470103e-02,  5.98870904e+00,  8.85839897e-01,\n         4.14435002e+00,  6.55601224e+00,  5.73481657e-02],\n       [-9.61055086e-03,  5.94515739e+00,  9.03744272e-01,\n         4.10714572e+00,  6.59168799e+00,  5.83466818e-02],\n       [-2.50632407e-03,  5.90985643e+00,  9.23963459e-01,\n         4.14013195e+00,  6.54132910e+00,  5.51268267e-02]]), array([0.29949291, 0.30184163, 0.30210957, 0.30288973, 0.30372102,\n       0.30437053, 0.30636018]))", "callback": [0.6465997854775906, 0.4161798424975707, 0.3520188607993211, 0.31297532667319705, 0.3128285547335493, 0.31236920450576067, 0.3121788035755173, 0.31174630042561036, 0.31104828293625464, 0.3063601752157399]}, "3": {"maxiter": 100, "fatol": 1e-10, "xatol": 1e-10, "duration": 0.05494093894958496, "fun": "0.2994929102246484", "nit": "100", "nfev": "159", "status": "2", "success": "False", "message": "Maximum number of iterations has been exceeded.", "x": "[-0.04021484  6.17220387  0.80105101  4.0238926   6.56632047  0.07228431]", "final_simplex": "(array([[-4.02148360e-02,  6.17220387e+00,  8.01051013e-01,\n         4.02389260e+00,  6.56632047e+00,  7.22843114e-02],\n       [-2.20376755e-02,  5.98962993e+00,  8.52880267e-01,\n         4.08465628e+00,  6.51864314e+00,  6.42793078e-02],\n       [-1.90245364e-02,  5.96112402e+00,  8.73684550e-01,\n         4.13714254e+00,  6.49753554e+00,  6.38432393e-02],\n       [-1.66321883e-02,  6.04850067e+00,  8.87927543e-01,\n         4.12375373e+00,  6.57698477e+00,  6.04342965e-02],\n       [-1.03470103e-02,  5.98870904e+00,  8.85839897e-01,\n         4.14435002e+00,  6.55601224e+00,  5.73481657e-02],\n       [-9.61055086e-03,  5.94515739e+00,  9.03744272e-01,\n         4.10714572e+00,  6.59168799e+00,  5.83466818e-02],\n       [-2.50632407e-03,  5.90985643e+00,  9.23963459e-01,\n         4.14013195e+00,  6.54132910e+00,  5.51268267e-02]]), array([0.29949291, 0.30184163, 0.30210957, 0.30288973, 0.30372102,\n       0.30437053, 0.30636018]))", "callback": [0.6465997854775906, 0.4161798424975707, 0.3520188607993211, 0.31297532667319705, 0.3128285547335493, 0.31236920450576067, 0.3121788035755173, 0.31174630042561036, 0.31104828293625464, 0.3063601752157399]}, "4": {"maxiter": 500, "fatol": 1e-05, "xatol": 1e-05, "duration": 0.21321511268615723, "fun": "0.03827141280501767", "nit": "500", "nfev": "775", "status": "2", "success": "False", "message": "Maximum number of iterations has been exceeded.", "x": "[-2.25990559  2.46698716  0.35274054  4.70749239  7.565008    1.79118282]", "final_simplex": "(array([[-2.25990559,  2.46698716,  0.35274054,  4.70749239,  7.565008  ,\n         1.79118282],\n       [-2.25990429,  2.46697959,  0.35273695,  4.70749366,  7.56500743,\n         1.79118195],\n       [-2.25990454,  2.46698616,  0.35273868,  4.70748852,  7.56500943,\n         1.79118203],\n       [-2.25990309,  2.46697912,  0.35273509,  4.70749243,  7.5650068 ,\n         1.79118148],\n       [-2.25990525,  2.46699314,  0.35274269,  4.70748974,  7.56500697,\n         1.79118238],\n       [-2.25990391,  2.46697822,  0.35273373,  4.70748804,  7.56500581,\n         1.79118227],\n       [-2.25990932,  2.46698124,  0.35273621,  4.70749543,  7.56501052,\n         1.79118552]]), array([0.03827141, 0.03827141, 0.03827141, 0.03827141, 0.03827141,\n       0.03827141, 0.03827141]))", "callback": [0.6465997854775906, 0.4161798424975707, 0.3520188607993211, 0.31297532667319705, 0.3128285547335493, 0.31236920450576067, 0.3121788035755173, 0.31174630042561036, 0.31104828293625464, 0.3063601752157399, 0.29519325884718306, 0.28560840364190465, 0.2695171764622084, 0.25276680107446325, 0.24896064515158844, 0.24678947276112018, 0.2456341554402618, 0.24340658454562303, 0.23711005008484365, 0.23051201665422316, 0.21449339444704085, 0.19088005633252103, 0.1423069989663771, 0.10621599864634323, 0.10621599864634323, 0.07985119851934241, 0.06727839940407732, 0.06197262036510842, 0.05797929134555646, 0.049270799649741015, 0.04256940464208725, 0.039629395859402505, 0.03931394995563553, 0.039017815049999904, 0.03865459670276983, 0.038430466847431344, 0.03831232634690629, 0.038284023943180534, 0.03827612859335694, 0.038274976645891634, 0.03827282797624698, 0.038271833715175285, 0.03827157626348687, 0.03827143945800637, 0.0382714230530149, 0.03827141413403323, 0.03827141338634665, 0.03827141295606884, 0.038271412820692685, 0.03827141280719093]}, "5": {"maxiter": 500, "fatol": 1e-05, "xatol": 1e-10, "duration": 0.2417738437652588, "fun": "0.03827141280501767", "nit": "500", "nfev": "775", "status": "2", "success": "False", "message": "Maximum number of iterations has been exceeded.", "x": "[-2.25990559  2.46698716  0.35274054  4.70749239  7.565008    1.79118282]", "final_simplex": "(array([[-2.25990559,  2.46698716,  0.35274054,  4.70749239,  7.565008  ,\n         1.79118282],\n       [-2.25990429,  2.46697959,  0.35273695,  4.70749366,  7.56500743,\n         1.79118195],\n       [-2.25990454,  2.46698616,  0.35273868,  4.70748852,  7.56500943,\n         1.79118203],\n       [-2.25990309,  2.46697912,  0.35273509,  4.70749243,  7.5650068 ,\n         1.79118148],\n       [-2.25990525,  2.46699314,  0.35274269,  4.70748974,  7.56500697,\n         1.79118238],\n       [-2.25990391,  2.46697822,  0.35273373,  4.70748804,  7.56500581,\n         1.79118227],\n       [-2.25990932,  2.46698124,  0.35273621,  4.70749543,  7.56501052,\n         1.79118552]]), array([0.03827141, 0.03827141, 0.03827141, 0.03827141, 0.03827141,\n       0.03827141, 0.03827141]))", "callback": [0.6465997854775906, 0.4161798424975707, 0.3520188607993211, 0.31297532667319705, 0.3128285547335493, 0.31236920450576067, 0.3121788035755173, 0.31174630042561036, 0.31104828293625464, 0.3063601752157399, 0.29519325884718306, 0.28560840364190465, 0.2695171764622084, 0.25276680107446325, 0.24896064515158844, 0.24678947276112018, 0.2456341554402618, 0.24340658454562303, 0.23711005008484365, 0.23051201665422316, 0.21449339444704085, 0.19088005633252103, 0.1423069989663771, 0.10621599864634323, 0.10621599864634323, 0.07985119851934241, 0.06727839940407732, 0.06197262036510842, 0.05797929134555646, 0.049270799649741015, 0.04256940464208725, 0.039629395859402505, 0.03931394995563553, 0.039017815049999904, 0.03865459670276983, 0.038430466847431344, 0.03831232634690629, 0.038284023943180534, 0.03827612859335694, 0.038274976645891634, 0.03827282797624698, 0.038271833715175285, 0.03827157626348687, 0.03827143945800637, 0.0382714230530149, 0.03827141413403323, 0.03827141338634665, 0.03827141295606884, 0.038271412820692685, 0.03827141280719093]}, "6": {"maxiter": 500, "fatol": 1e-10, "xatol": 1e-05, "duration": 0.2463390827178955, "fun": "0.03827141280501767", "nit": "500", "nfev": "775", "status": "2", "success": "False", "message": "Maximum number of iterations has been exceeded.", "x": "[-2.25990559  2.46698716  0.35274054  4.70749239  7.565008    1.79118282]", "final_simplex": "(array([[-2.25990559,  2.46698716,  0.35274054,  4.70749239,  7.565008  ,\n         1.79118282],\n       [-2.25990429,  2.46697959,  0.35273695,  4.70749366,  7.56500743,\n         1.79118195],\n       [-2.25990454,  2.46698616,  0.35273868,  4.70748852,  7.56500943,\n         1.79118203],\n       [-2.25990309,  2.46697912,  0.35273509,  4.70749243,  7.5650068 ,\n         1.79118148],\n       [-2.25990525,  2.46699314,  0.35274269,  4.70748974,  7.56500697,\n         1.79118238],\n       [-2.25990391,  2.46697822,  0.35273373,  4.70748804,  7.56500581,\n         1.79118227],\n       [-2.25990932,  2.46698124,  0.35273621,  4.70749543,  7.56501052,\n         1.79118552]]), array([0.03827141, 0.03827141, 0.03827141, 0.03827141, 0.03827141,\n       0.03827141, 0.03827141]))", "callback": [0.6465997854775906, 0.4161798424975707, 0.3520188607993211, 0.31297532667319705, 0.3128285547335493, 0.31236920450576067, 0.3121788035755173, 0.31174630042561036, 0.31104828293625464, 0.3063601752157399, 0.29519325884718306, 0.28560840364190465, 0.2695171764622084, 0.25276680107446325, 0.24896064515158844, 0.24678947276112018, 0.2456341554402618, 0.24340658454562303, 0.23711005008484365, 0.23051201665422316, 0.21449339444704085, 0.19088005633252103, 0.1423069989663771, 0.10621599864634323, 0.10621599864634323, 0.07985119851934241, 0.06727839940407732, 0.06197262036510842, 0.05797929134555646, 0.049270799649741015, 0.04256940464208725, 0.039629395859402505, 0.03931394995563553, 0.039017815049999904, 0.03865459670276983, 0.038430466847431344, 0.03831232634690629, 0.038284023943180534, 0.03827612859335694, 0.038274976645891634, 0.03827282797624698, 0.038271833715175285, 0.03827157626348687, 0.03827143945800637, 0.0382714230530149, 0.03827141413403323, 0.03827141338634665, 0.03827141295606884, 0.038271412820692685, 0.03827141280719093]}, "7": {"maxiter": 500, "fatol": 1e-10, "xatol": 1e-10, "duration": 0.22229313850402832, "fun": "0.03827141280501767", "nit": "500", "nfev": "775", "status": "2", "success": "False", "message": "Maximum number of iterations has been exceeded.", "x": "[-2.25990559  2.46698716  0.35274054  4.70749239  7.565008    1.79118282]", "final_simplex": "(array([[-2.25990559,  2.46698716,  0.35274054,  4.70749239,  7.565008  ,\n         1.79118282],\n       [-2.25990429,  2.46697959,  0.35273695,  4.70749366,  7.56500743,\n         1.79118195],\n       [-2.25990454,  2.46698616,  0.35273868,  4.70748852,  7.56500943,\n         1.79118203],\n       [-2.25990309,  2.46697912,  0.35273509,  4.70749243,  7.5650068 ,\n         1.79118148],\n       [-2.25990525,  2.46699314,  0.35274269,  4.70748974,  7.56500697,\n         1.79118238],\n       [-2.25990391,  2.46697822,  0.35273373,  4.70748804,  7.56500581,\n         1.79118227],\n       [-2.25990932,  2.46698124,  0.35273621,  4.70749543,  7.56501052,\n         1.79118552]]), array([0.03827141, 0.03827141, 0.03827141, 0.03827141, 0.03827141,\n       0.03827141, 0.03827141]))", "callback": [0.6465997854775906, 0.4161798424975707, 0.3520188607993211, 0.31297532667319705, 0.3128285547335493, 0.31236920450576067, 0.3121788035755173, 0.31174630042561036, 0.31104828293625464, 0.3063601752157399, 0.29519325884718306, 0.28560840364190465, 0.2695171764622084, 0.25276680107446325, 0.24896064515158844, 0.24678947276112018, 0.2456341554402618, 0.24340658454562303, 0.23711005008484365, 0.23051201665422316, 0.21449339444704085, 0.19088005633252103, 0.1423069989663771, 0.10621599864634323, 0.10621599864634323, 0.07985119851934241, 0.06727839940407732, 0.06197262036510842, 0.05797929134555646, 0.049270799649741015, 0.04256940464208725, 0.039629395859402505, 0.03931394995563553, 0.039017815049999904, 0.03865459670276983, 0.038430466847431344, 0.03831232634690629, 0.038284023943180534, 0.03827612859335694, 0.038274976645891634, 0.03827282797624698, 0.038271833715175285, 0.03827157626348687, 0.03827143945800637, 0.0382714230530149, 0.03827141413403323, 0.03827141338634665, 0.03827141295606884, 0.038271412820692685, 0.03827141280719093]}, "8": {"maxiter": 1000, "fatol": 1e-05, "xatol": 1e-05, "duration": 0.26493382453918457, "fun": "0.03827141280501767", "nit": "500", "nfev": "775", "status": "0", "success": "True", "message": "Optimization terminated successfully.", "x": "[-2.25990559  2.46698716  0.35274054  4.70749239  7.565008    1.79118282]", "final_simplex": "(array([[-2.25990559,  2.46698716,  0.35274054,  4.70749239,  7.565008  ,\n         1.79118282],\n       [-2.25990429,  2.46697959,  0.35273695,  4.70749366,  7.56500743,\n         1.79118195],\n       [-2.25990454,  2.46698616,  0.35273868,  4.70748852,  7.56500943,\n         1.79118203],\n       [-2.25990309,  2.46697912,  0.35273509,  4.70749243,  7.5650068 ,\n         1.79118148],\n       [-2.25990525,  2.46699314,  0.35274269,  4.70748974,  7.56500697,\n         1.79118238],\n       [-2.25990391,  2.46697822,  0.35273373,  4.70748804,  7.56500581,\n         1.79118227],\n       [-2.25990932,  2.46698124,  0.35273621,  4.70749543,  7.56501052,\n         1.79118552]]), array([0.03827141, 0.03827141, 0.03827141, 0.03827141, 0.03827141,\n       0.03827141, 0.03827141]))", "callback": [0.6465997854775906, 0.4161798424975707, 0.3520188607993211, 0.31297532667319705, 0.3128285547335493, 0.31236920450576067, 0.3121788035755173, 0.31174630042561036, 0.31104828293625464, 0.3063601752157399, 0.29519325884718306, 0.28560840364190465, 0.2695171764622084, 0.25276680107446325, 0.24896064515158844, 0.24678947276112018, 0.2456341554402618, 0.24340658454562303, 0.23711005008484365, 0.23051201665422316, 0.21449339444704085, 0.19088005633252103, 0.1423069989663771, 0.10621599864634323, 0.10621599864634323, 0.07985119851934241, 0.06727839940407732, 0.06197262036510842, 0.05797929134555646, 0.049270799649741015, 0.04256940464208725, 0.039629395859402505, 0.03931394995563553, 0.039017815049999904, 0.03865459670276983, 0.038430466847431344, 0.03831232634690629, 0.038284023943180534, 0.03827612859335694, 0.038274976645891634, 0.03827282797624698, 0.038271833715175285, 0.03827157626348687, 0.03827143945800637, 0.0382714230530149, 0.03827141413403323, 0.03827141338634665, 0.03827141295606884, 0.038271412820692685, 0.03827141280719093]}, "9": {"maxiter": 1000, "fatol": 1e-05, "xatol": 1e-10, "duration": 0.3573908805847168, "fun": "0.03827141280382551", "nit": "606", "nfev": "1005", "status": "0", "success": "True", "message": "Optimization terminated successfully.", "x": "[-2.25990623  2.4669837   0.35273768  4.70749109  7.56500826  1.79118345]", "final_simplex": "(array([[-2.25990623,  2.4669837 ,  0.35273768,  4.70749109,  7.56500826,\n         1.79118345],\n       [-2.25990623,  2.4669837 ,  0.35273768,  4.70749109,  7.56500826,\n         1.79118345],\n       [-2.25990623,  2.4669837 ,  0.35273768,  4.70749109,  7.56500826,\n         1.79118345],\n       [-2.25990623,  2.4669837 ,  0.35273768,  4.70749109,  7.56500826,\n         1.79118345],\n       [-2.25990623,  2.4669837 ,  0.35273768,  4.70749109,  7.56500826,\n         1.79118345],\n       [-2.25990623,  2.4669837 ,  0.35273768,  4.70749109,  7.56500826,\n         1.79118345],\n       [-2.25990623,  2.4669837 ,  0.35273768,  4.70749109,  7.56500826,\n         1.79118345]]), array([0.03827141, 0.03827141, 0.03827141, 0.03827141, 0.03827141,\n       0.03827141, 0.03827141]))", "callback": [0.6465997854775906, 0.4161798424975707, 0.3520188607993211, 0.31297532667319705, 0.3128285547335493, 0.31236920450576067, 0.3121788035755173, 0.31174630042561036, 0.31104828293625464, 0.3063601752157399, 0.29519325884718306, 0.28560840364190465, 0.2695171764622084, 0.25276680107446325, 0.24896064515158844, 0.24678947276112018, 0.2456341554402618, 0.24340658454562303, 0.23711005008484365, 0.23051201665422316, 0.21449339444704085, 0.19088005633252103, 0.1423069989663771, 0.10621599864634323, 0.10621599864634323, 0.07985119851934241, 0.06727839940407732, 0.06197262036510842, 0.05797929134555646, 0.049270799649741015, 0.04256940464208725, 0.039629395859402505, 0.03931394995563553, 0.039017815049999904, 0.03865459670276983, 0.038430466847431344, 0.03831232634690629, 0.038284023943180534, 0.03827612859335694, 0.038274976645891634, 0.03827282797624698, 0.038271833715175285, 0.03827157626348687, 0.03827143945800637, 0.0382714230530149, 0.03827141413403323, 0.03827141338634665, 0.03827141295606884, 0.038271412820692685, 0.03827141280719093, 0.038271412804253946, 0.03827141280396407, 0.038271412803860594, 0.03827141280384472, 0.038271412803835725, 0.03827141280382884, 0.038271412803826954, 0.038271412803825955, 0.03827141280382551, 0.03827141280382551, 0.03827141280382551]}, "10": {"maxiter": 1000, "fatol": 1e-10, "xatol": 1e-05, "duration": 0.26395606994628906, "fun": "0.03827141280501767", "nit": "500", "nfev": "775", "status": "0", "success": "True", "message": "Optimization terminated successfully.", "x": "[-2.25990559  2.46698716  0.35274054  4.70749239  7.565008    1.79118282]", "final_simplex": "(array([[-2.25990559,  2.46698716,  0.35274054,  4.70749239,  7.565008  ,\n         1.79118282],\n       [-2.25990429,  2.46697959,  0.35273695,  4.70749366,  7.56500743,\n         1.79118195],\n       [-2.25990454,  2.46698616,  0.35273868,  4.70748852,  7.56500943,\n         1.79118203],\n       [-2.25990309,  2.46697912,  0.35273509,  4.70749243,  7.5650068 ,\n         1.79118148],\n       [-2.25990525,  2.46699314,  0.35274269,  4.70748974,  7.56500697,\n         1.79118238],\n       [-2.25990391,  2.46697822,  0.35273373,  4.70748804,  7.56500581,\n         1.79118227],\n       [-2.25990932,  2.46698124,  0.35273621,  4.70749543,  7.56501052,\n         1.79118552]]), array([0.03827141, 0.03827141, 0.03827141, 0.03827141, 0.03827141,\n       0.03827141, 0.03827141]))", "callback": [0.6465997854775906, 0.4161798424975707, 0.3520188607993211, 0.31297532667319705, 0.3128285547335493, 0.31236920450576067, 0.3121788035755173, 0.31174630042561036, 0.31104828293625464, 0.3063601752157399, 0.29519325884718306, 0.28560840364190465, 0.2695171764622084, 0.25276680107446325, 0.24896064515158844, 0.24678947276112018, 0.2456341554402618, 0.24340658454562303, 0.23711005008484365, 0.23051201665422316, 0.21449339444704085, 0.19088005633252103, 0.1423069989663771, 0.10621599864634323, 0.10621599864634323, 0.07985119851934241, 0.06727839940407732, 0.06197262036510842, 0.05797929134555646, 0.049270799649741015, 0.04256940464208725, 0.039629395859402505, 0.03931394995563553, 0.039017815049999904, 0.03865459670276983, 0.038430466847431344, 0.03831232634690629, 0.038284023943180534, 0.03827612859335694, 0.038274976645891634, 0.03827282797624698, 0.038271833715175285, 0.03827157626348687, 0.03827143945800637, 0.0382714230530149, 0.03827141413403323, 0.03827141338634665, 0.03827141295606884, 0.038271412820692685, 0.03827141280719093]}, "11": {"maxiter": 1000, "fatol": 1e-10, "xatol": 1e-10, "duration": 0.3144199848175049, "fun": "0.03827141280382551", "nit": "606", "nfev": "1005", "status": "0", "success": "True", "message": "Optimization terminated successfully.", "x": "[-2.25990623  2.4669837   0.35273768  4.70749109  7.56500826  1.79118345]", "final_simplex": "(array([[-2.25990623,  2.4669837 ,  0.35273768,  4.70749109,  7.56500826,\n         1.79118345],\n       [-2.25990623,  2.4669837 ,  0.35273768,  4.70749109,  7.56500826,\n         1.79118345],\n       [-2.25990623,  2.4669837 ,  0.35273768,  4.70749109,  7.56500826,\n         1.79118345],\n       [-2.25990623,  2.4669837 ,  0.35273768,  4.70749109,  7.56500826,\n         1.79118345],\n       [-2.25990623,  2.4669837 ,  0.35273768,  4.70749109,  7.56500826,\n         1.79118345],\n       [-2.25990623,  2.4669837 ,  0.35273768,  4.70749109,  7.56500826,\n         1.79118345],\n       [-2.25990623,  2.4669837 ,  0.35273768,  4.70749109,  7.56500826,\n         1.79118345]]), array([0.03827141, 0.03827141, 0.03827141, 0.03827141, 0.03827141,\n       0.03827141, 0.03827141]))", "callback": [0.6465997854775906, 0.4161798424975707, 0.3520188607993211, 0.31297532667319705, 0.3128285547335493, 0.31236920450576067, 0.3121788035755173, 0.31174630042561036, 0.31104828293625464, 0.3063601752157399, 0.29519325884718306, 0.28560840364190465, 0.2695171764622084, 0.25276680107446325, 0.24896064515158844, 0.24678947276112018, 0.2456341554402618, 0.24340658454562303, 0.23711005008484365, 0.23051201665422316, 0.21449339444704085, 0.19088005633252103, 0.1423069989663771, 0.10621599864634323, 0.10621599864634323, 0.07985119851934241, 0.06727839940407732, 0.06197262036510842, 0.05797929134555646, 0.049270799649741015, 0.04256940464208725, 0.039629395859402505, 0.03931394995563553, 0.039017815049999904, 0.03865459670276983, 0.038430466847431344, 0.03831232634690629, 0.038284023943180534, 0.03827612859335694, 0.038274976645891634, 0.03827282797624698, 0.038271833715175285, 0.03827157626348687, 0.03827143945800637, 0.0382714230530149, 0.03827141413403323, 0.03827141338634665, 0.03827141295606884, 0.038271412820692685, 0.03827141280719093, 0.038271412804253946, 0.03827141280396407, 0.038271412803860594, 0.03827141280384472, 0.038271412803835725, 0.03827141280382884, 0.038271412803826954, 0.038271412803825955, 0.03827141280382551, 0.03827141280382551, 0.03827141280382551]}}, "bfgs": {"type": "gradient", "0": {"maxiter": 100, "gtol": 1e-05, "xrtol": 1e-05, "eps": 1e-05, "duration": 0.03728294372558594, "fun": "0.03827141309530813", "jac": "[-4.77362594e-06 -1.06581410e-07  7.17170767e-07  9.53054302e-06\n  9.09528008e-06 -4.67051953e-06]", "hess_inv": "[[ 5.40531926  3.6507284   0.2269361   0.43818307  2.22866838  2.32871483]\n [ 3.6507284   6.45006107  0.53153008 -1.21799437  2.43582549  2.65201629]\n [ 0.2269361   0.53153008  2.48635788 -0.2370246   0.83058325 -0.15473785]\n [ 0.43818307 -1.21799437 -0.2370246   2.48714742 -0.08430947 -0.05100384]\n [ 2.22866838  2.43582549  0.83058325 -0.08430947  2.65807474  1.16352932]\n [ 2.32871483  2.65201629 -0.15473785 -0.05100384  1.16352932  2.62757417]]", "nfev": "112", "njev": "16", "status": "0", "success": "True", "message": "Optimization terminated successfully.", "x": "[-1.72828929  4.64042628  1.38599838  3.90572988  6.24414621 -0.31603502]", "nit": "14", "callback": [0.42200832053543924, 0.1540979011795347, 0.08763983030153111, 0.05205839728885453, 0.04342727638429378, 0.039435303281499356, 0.03919121825435834, 0.03880610394087025, 0.0384943118918849, 0.03838689362941272, 0.03828731098875493, 0.038273010652686956, 0.038271437428441524, 0.03827141309530813]}, "1": {"maxiter": 100, "gtol": 1e-05, "xrtol": 1e-05, "eps": 1e-10, "duration": 0.033239126205444336, "fun": "0.0382714128622309", "jac": "[-5.55111466e-06 -1.11022293e-06 -9.99200639e-06 -7.77156053e-06\n -3.33066880e-06 -1.11022293e-06]", "hess_inv": "[[ 5.67041267  4.12939797  0.1170698   0.10378959  2.2361905   2.5703102 ]\n [ 4.12939797  7.23937779  0.44188914 -1.72350419  2.50039886  3.05850955]\n [ 0.1170698   0.44188914  2.38577583 -0.24633744  0.75532447 -0.21546731]\n [ 0.10378959 -1.72350419 -0.24633744  2.78577235 -0.1626967  -0.31247426]\n [ 2.2361905   2.50039886  0.75532447 -0.1626967   2.61941068  1.19267469]\n [ 2.5703102   3.05850955 -0.21546731 -0.31247426  1.19267469  2.83669734]]", "nfev": "119", "njev": "17", "status": "0", "success": "True", "message": "Optimization terminated successfully.", "x": "[-1.72826836  4.64046109  1.38598789  3.90569292  6.24415414 -0.31599396]", "nit": "15", "callback": [0.4220067809612794, 0.15409792167370429, 0.08763866316190372, 0.05205829741261714, 0.04342836463306632, 0.03943568810818421, 0.0391914709884984, 0.038806006161237416, 0.038494128176851605, 0.03838689269589801, 0.038286994257629825, 0.03827296926757029, 0.038271433460239646, 0.038271413444392444, 0.0382714128622309]}, "2": {"maxiter": 100, "gtol": 1e-05, "xrtol": 1e-10, "eps": 1e-05, "duration": 0.032524824142456055, "fun": "0.03827141309530813", "jac": "[-4.77362594e-06 -1.06581410e-07  7.17170767e-07  9.53054302e-06\n  9.09528008e-06 -4.67051953e-06]", "hess_inv": "[[ 5.40531926  3.6507284   0.2269361   0.43818307  2.22866838  2.32871483]\n [ 3.6507284   6.45006107  0.53153008 -1.21799437  2.43582549  2.65201629]\n [ 0.2269361   0.53153008  2.48635788 -0.2370246   0.83058325 -0.15473785]\n [ 0.43818307 -1.21799437 -0.2370246   2.48714742 -0.08430947 -0.05100384]\n [ 2.22866838  2.43582549  0.83058325 -0.08430947  2.65807474  1.16352932]\n [ 2.32871483  2.65201629 -0.15473785 -0.05100384  1.16352932  2.62757417]]", "nfev": "112", "njev": "16", "status": "0", "success": "True", "message": "Optimization terminated successfully.", "x": "[-1.72828929  4.64042628  1.38599838  3.90572988  6.24414621 -0.31603502]", "nit": "14", "callback": [0.42200832053543924, 0.1540979011795347, 0.08763983030153111, 0.05205839728885453, 0.04342727638429378, 0.039435303281499356, 0.03919121825435834, 0.03880610394087025, 0.0384943118918849, 0.03838689362941272, 0.03828731098875493, 0.038273010652686956, 0.038271437428441524, 0.03827141309530813]}, "3": {"maxiter": 100, "gtol": 1e-05, "xrtol": 1e-10, "eps": 1e-10, "duration": 0.034270286560058594, "fun": "0.0382714128622309", "jac": "[-5.55111466e-06 -1.11022293e-06 -9.99200639e-06 -7.77156053e-06\n -3.33066880e-06 -1.11022293e-06]", "hess_inv": "[[ 5.67041267  4.12939797  0.1170698   0.10378959  2.2361905   2.5703102 ]\n [ 4.12939797  7.23937779  0.44188914 -1.72350419  2.50039886  3.05850955]\n [ 0.1170698   0.44188914  2.38577583 -0.24633744  0.75532447 -0.21546731]\n [ 0.10378959 -1.72350419 -0.24633744  2.78577235 -0.1626967  -0.31247426]\n [ 2.2361905   2.50039886  0.75532447 -0.1626967   2.61941068  1.19267469]\n [ 2.5703102   3.05850955 -0.21546731 -0.31247426  1.19267469  2.83669734]]", "nfev": "119", "njev": "17", "status": "0", "success": "True", "message": "Optimization terminated successfully.", "x": "[-1.72826836  4.64046109  1.38598789  3.90569292  6.24415414 -0.31599396]", "nit": "15", "callback": [0.4220067809612794, 0.15409792167370429, 0.08763866316190372, 0.05205829741261714, 0.04342836463306632, 0.03943568810818421, 0.0391914709884984, 0.038806006161237416, 0.038494128176851605, 0.03838689269589801, 0.038286994257629825, 0.03827296926757029, 0.038271433460239646, 0.038271413444392444, 0.0382714128622309]}, "4": {"maxiter": 100, "gtol": 1e-10, "xrtol": 1e-05, "eps": 1e-05, "duration": 0.050379037857055664, "fun": "0.03827141286219593", "jac": "[-9.25304278e-07  4.31776837e-07  1.26920696e-07  1.13775656e-06\n  1.34298128e-06  4.82913709e-07]", "hess_inv": "[[ 5.44842147  3.7362129   0.15194297  0.29720845  2.14161084  2.40003319]\n [ 3.7362129   6.59728185  0.44804509 -1.41195878  2.33933394  2.76335097]\n [ 0.15194297  0.44804509  2.42609791 -0.24206476  0.75938965 -0.19080174]\n [ 0.29720845 -1.41195878 -0.24206476  2.61972145 -0.09178699 -0.1687477 ]\n [ 2.14161084  2.33933394  0.75938965 -0.09178699  2.57398116  1.12223565]\n [ 2.40003319  2.76335097 -0.19080174 -0.1687477   1.12223565  2.70495958]]", "nfev": "119", "njev": "17", "status": "0", "success": "True", "message": "Optimization terminated successfully.", "x": "[-1.72827409  4.64044958  1.38599192  3.9057064   6.24413884 -0.3160191 ]", "nit": "15", "callback": [0.42200832053543924, 0.1540979011795347, 0.08763983030153111, 0.05205839728885453, 0.04342727638429378, 0.039435303281499356, 0.03919121825435834, 0.03880610394087025, 0.0384943118918849, 0.03838689362941272, 0.03828731098875493, 0.038273010652686956, 0.038271437428441524, 0.03827141309530813, 0.03827141286219593]}, "5": {"maxiter": 100, "gtol": 1e-10, "xrtol": 1e-05, "eps": 1e-10, "duration": 0.03957700729370117, "fun": "0.038271412854879894", "jac": "[-5.55111466e-06 -1.11022293e-06 -3.33066880e-06 -1.11022293e-06\n  0.00000000e+00  1.11022293e-06]", "hess_inv": "[[ 9.62014626  9.13035911  0.57868056 -1.79163539  3.70008104  5.19027556]\n [ 9.13035911 13.04228268  1.40519729 -3.35078495  4.61563681  6.14759712]\n [ 0.57868056  1.40519729  2.16845819 -1.021087    0.73899971  0.2541233 ]\n [-1.79163539 -3.35078495 -1.021087    2.56709235 -1.2474108  -1.23653564]\n [ 3.70008104  4.61563681  0.73899971 -1.2474108   3.03249451  2.27659634]\n [ 5.19027556  6.14759712  0.2541233  -1.23653564  2.27659634  4.47617591]]", "nfev": "140", "njev": "20", "status": "0", "success": "True", "message": "Optimization terminated successfully.", "x": "[-1.72826243  4.64046717  1.38598961  3.90569216  6.24415704 -0.31599064]", "nit": "16", "callback": [0.4220067809612794, 0.15409792167370429, 0.08763866316190372, 0.05205829741261714, 0.04342836463306632, 0.03943568810818421, 0.0391914709884984, 0.038806006161237416, 0.038494128176851605, 0.03838689269589801, 0.038286994257629825, 0.03827296926757029, 0.038271433460239646, 0.038271413444392444, 0.0382714128622309, 0.038271412854879894]}, "6": {"maxiter": 100, "gtol": 1e-10, "xrtol": 1e-10, "eps": 1e-05, "duration": 0.11492705345153809, "fun": "0.03827141286219593", "jac": "[-9.25304278e-07  4.31776837e-07  1.26920696e-07  1.13775656e-06\n  1.34298128e-06  4.82913709e-07]", "hess_inv": "[[ 5.34080761  3.54016667  0.14507256  0.33961553  2.06488438  2.2666032 ]\n [ 3.54016667  6.24907618  0.45069265 -1.29899791  2.23671414  2.52623254]\n [ 0.14507256  0.45069265  2.45137163 -0.17881359  0.81749636 -0.18921686]\n [ 0.33961553 -1.29899791 -0.17881359  2.74557001  0.08680392 -0.09237713]\n [ 2.06488438  2.23671414  0.81749636  0.08680392  2.6736637   1.05186022]\n [ 2.2666032   2.52623254 -0.18921686 -0.09237713  1.05186022  2.54349036]]", "nfev": "354", "njev": "49", "status": "2", "success": "False", "message": "Desired error not necessarily achieved due to precision loss.", "x": "[-1.72827409  4.64044958  1.38599192  3.9057064   6.24413884 -0.3160191 ]", "nit": "15", "callback": [0.42200832053543924, 0.1540979011795347, 0.08763983030153111, 0.05205839728885453, 0.04342727638429378, 0.039435303281499356, 0.03919121825435834, 0.03880610394087025, 0.0384943118918849, 0.03838689362941272, 0.03828731098875493, 0.038273010652686956, 0.038271437428441524, 0.03827141309530813, 0.03827141286219593]}, "7": {"maxiter": 100, "gtol": 1e-10, "xrtol": 1e-10, "eps": 1e-10, "duration": 0.05819106101989746, "fun": "0.038271412854879894", "jac": "[ 2.22044587e-06  1.11022293e-06 -3.33066880e-06  1.11022293e-06\n -4.44089173e-06  3.33066880e-06]", "hess_inv": "[[13.24150855 12.87171752  0.07649378 -3.63290778  4.44684511  6.67037328]\n [12.87171752 16.90740534  0.89811164 -5.24264266  5.39492432  7.68087874]\n [ 0.07649378  0.89811164  1.57527468 -1.35434066  0.19630814 -0.18483353]\n [-3.63290778 -5.24264266 -1.35434066  2.98061359 -2.01705447 -2.19661968]\n [ 4.44684511  5.39492432  0.19630814 -2.01705447  2.89554854  2.42697272]\n [ 6.67037328  7.68087874 -0.18483353 -2.19661968  2.42697272  4.99870786]]", "nfev": "217", "njev": "31", "status": "0", "success": "True", "message": "Optimization terminated successfully.", "x": "[-1.72826243  4.64046717  1.38598961  3.90569216  6.24415704 -0.31599064]", "nit": "17", "callback": [0.4220067809612794, 0.15409792167370429, 0.08763866316190372, 0.05205829741261714, 0.04342836463306632, 0.03943568810818421, 0.0391914709884984, 0.038806006161237416, 0.038494128176851605, 0.03838689269589801, 0.038286994257629825, 0.03827296926757029, 0.038271433460239646, 0.038271413444392444, 0.0382714128622309, 0.038271412854879894, 0.038271412854879894]}, "8": {"maxiter": 500, "gtol": 1e-05, "xrtol": 1e-05, "eps": 1e-05, "duration": 0.031129121780395508, "fun": "0.03827141309530813", "jac": "[-4.77362594e-06 -1.06581410e-07  7.17170767e-07  9.53054302e-06\n  9.09528008e-06 -4.67051953e-06]", "hess_inv": "[[ 5.40531926  3.6507284   0.2269361   0.43818307  2.22866838  2.32871483]\n [ 3.6507284   6.45006107  0.53153008 -1.21799437  2.43582549  2.65201629]\n [ 0.2269361   0.53153008  2.48635788 -0.2370246   0.83058325 -0.15473785]\n [ 0.43818307 -1.21799437 -0.2370246   2.48714742 -0.08430947 -0.05100384]\n [ 2.22866838  2.43582549  0.83058325 -0.08430947  2.65807474  1.16352932]\n [ 2.32871483  2.65201629 -0.15473785 -0.05100384  1.16352932  2.62757417]]", "nfev": "112", "njev": "16", "status": "0", "success": "True", "message": "Optimization terminated successfully.", "x": "[-1.72828929  4.64042628  1.38599838  3.90572988  6.24414621 -0.31603502]", "nit": "14", "callback": [0.42200832053543924, 0.1540979011795347, 0.08763983030153111, 0.05205839728885453, 0.04342727638429378, 0.039435303281499356, 0.03919121825435834, 0.03880610394087025, 0.0384943118918849, 0.03838689362941272, 0.03828731098875493, 0.038273010652686956, 0.038271437428441524, 0.03827141309530813]}, "9": {"maxiter": 500, "gtol": 1e-05, "xrtol": 1e-05, "eps": 1e-10, "duration": 0.03342890739440918, "fun": "0.0382714128622309", "jac": "[-5.55111466e-06 -1.11022293e-06 -9.99200639e-06 -7.77156053e-06\n -3.33066880e-06 -1.11022293e-06]", "hess_inv": "[[ 5.67041267  4.12939797  0.1170698   0.10378959  2.2361905   2.5703102 ]\n [ 4.12939797  7.23937779  0.44188914 -1.72350419  2.50039886  3.05850955]\n [ 0.1170698   0.44188914  2.38577583 -0.24633744  0.75532447 -0.21546731]\n [ 0.10378959 -1.72350419 -0.24633744  2.78577235 -0.1626967  -0.31247426]\n [ 2.2361905   2.50039886  0.75532447 -0.1626967   2.61941068  1.19267469]\n [ 2.5703102   3.05850955 -0.21546731 -0.31247426  1.19267469  2.83669734]]", "nfev": "119", "njev": "17", "status": "0", "success": "True", "message": "Optimization terminated successfully.", "x": "[-1.72826836  4.64046109  1.38598789  3.90569292  6.24415414 -0.31599396]", "nit": "15", "callback": [0.4220067809612794, 0.15409792167370429, 0.08763866316190372, 0.05205829741261714, 0.04342836463306632, 0.03943568810818421, 0.0391914709884984, 0.038806006161237416, 0.038494128176851605, 0.03838689269589801, 0.038286994257629825, 0.03827296926757029, 0.038271433460239646, 0.038271413444392444, 0.0382714128622309]}, "10": {"maxiter": 500, "gtol": 1e-05, "xrtol": 1e-10, "eps": 1e-05, "duration": 0.03032708168029785, "fun": "0.03827141309530813", "jac": "[-4.77362594e-06 -1.06581410e-07  7.17170767e-07  9.53054302e-06\n  9.09528008e-06 -4.67051953e-06]", "hess_inv": "[[ 5.40531926  3.6507284   0.2269361   0.43818307  2.22866838  2.32871483]\n [ 3.6507284   6.45006107  0.53153008 -1.21799437  2.43582549  2.65201629]\n [ 0.2269361   0.53153008  2.48635788 -0.2370246   0.83058325 -0.15473785]\n [ 0.43818307 -1.21799437 -0.2370246   2.48714742 -0.08430947 -0.05100384]\n [ 2.22866838  2.43582549  0.83058325 -0.08430947  2.65807474  1.16352932]\n [ 2.32871483  2.65201629 -0.15473785 -0.05100384  1.16352932  2.62757417]]", "nfev": "112", "njev": "16", "status": "0", "success": "True", "message": "Optimization terminated successfully.", "x": "[-1.72828929  4.64042628  1.38599838  3.90572988  6.24414621 -0.31603502]", "nit": "14", "callback": [0.42200832053543924, 0.1540979011795347, 0.08763983030153111, 0.05205839728885453, 0.04342727638429378, 0.039435303281499356, 0.03919121825435834, 0.03880610394087025, 0.0384943118918849, 0.03838689362941272, 0.03828731098875493, 0.038273010652686956, 0.038271437428441524, 0.03827141309530813]}, "11": {"maxiter": 500, "gtol": 1e-05, "xrtol": 1e-10, "eps": 1e-10, "duration": 0.036921024322509766, "fun": "0.0382714128622309", "jac": "[-5.55111466e-06 -1.11022293e-06 -9.99200639e-06 -7.77156053e-06\n -3.33066880e-06 -1.11022293e-06]", "hess_inv": "[[ 5.67041267  4.12939797  0.1170698   0.10378959  2.2361905   2.5703102 ]\n [ 4.12939797  7.23937779  0.44188914 -1.72350419  2.50039886  3.05850955]\n [ 0.1170698   0.44188914  2.38577583 -0.24633744  0.75532447 -0.21546731]\n [ 0.10378959 -1.72350419 -0.24633744  2.78577235 -0.1626967  -0.31247426]\n [ 2.2361905   2.50039886  0.75532447 -0.1626967   2.61941068  1.19267469]\n [ 2.5703102   3.05850955 -0.21546731 -0.31247426  1.19267469  2.83669734]]", "nfev": "119", "njev": "17", "status": "0", "success": "True", "message": "Optimization terminated successfully.", "x": "[-1.72826836  4.64046109  1.38598789  3.90569292  6.24415414 -0.31599396]", "nit": "15", "callback": [0.4220067809612794, 0.15409792167370429, 0.08763866316190372, 0.05205829741261714, 0.04342836463306632, 0.03943568810818421, 0.0391914709884984, 0.038806006161237416, 0.038494128176851605, 0