{"date": "2024/10/08/, 16:13:19", "conf_id": 11, "data_type": "random\n", "num_data_points": 1, "s_rank": 0, "unitary": "[[-0.56303964-0.00798273j,-0.21670212-0.15784972j,-0.06047197-0.73952673j,-0.01438004+0.24552571j],[-0.06976756+0.23474685j,-0.01275565-0.5435098j,-0.02703657-0.08917885j,-0.08210486-0.79311774j],[-0.38559961+0.10714929j,0.5933431-0.2687392j,-0.24060861+0.29149289j,-0.45147719+0.26241743j],[-0.50180421+0.45931857j,-0.11617175+0.44134496j,0.49642745+0.22684508j,-0.08544628-0.15407063j]]", "databatch_0": {"databatch": "[[[-8.22985968e-02+0.0291351j,1.90420483e-01-0.1882464j,-7.48408687e-02-0.0082646j,-4.65823903e-02+0.39050678j],[7.33465532e-02-0.05463021j,4.38038726e-04+0.21991403j,2.68177032e-01-0.15636738j,-5.19274354e-01-0.05624281j],[-1.48989410e-01+0.01910971j,-4.70140139e-02+0.15259522j,-2.12927055e-01-0.02813783j,1.85702715e-01+0.0272768j],[1.05868519e-01+0.09118286j,1.54868276e-01-0.00912822j,2.45774167e-02-0.15346227j,3.83157408e-02+0.36852483j]]]", "initial param values": "[2.31528098,2.22644354,5.50554035,2.51664302,4.13316081,2.01582415]", "nelder_mead": {"type": "gradient-free", "0": {"maxiter": 100, "fatol": 1e-05, "xatol": 1e-05, "duration": 0.06537580490112305, "fun": "0.3969999615636922", "nit": "100", "nfev": "164", "status": "2", "success": "False", "message": "Maximum number of iterations has been exceeded.", "x": "[4.07405657 2.02343704 3.099877   1.79453084 3.58037058 3.62861135]", "final_simplex": "(array([[4.07405657, 2.02343704, 3.099877  , 1.79453084, 3.58037058,\n        3.62861135],\n       [4.0874562 , 2.02970411, 3.10613628, 1.77429495, 3.56221559,\n        3.63220725],\n       [4.10206112, 2.03095241, 3.10567575, 1.77163204, 3.56823932,\n        3.61844605],\n       [4.08080422, 2.03203293, 3.08714933, 1.78354006, 3.5574381 ,\n        3.63103577],\n       [4.08119319, 2.06140158, 3.11782131, 1.75772887, 3.55466644,\n        3.61574588],\n       [4.07354217, 2.02321598, 3.09687996, 1.78658088, 3.58741888,\n        3.62230426],\n       [4.08893449, 2.01411953, 3.09857371, 1.80059738, 3.56144579,\n        3.62085303]]), array([0.39699996, 0.39705685, 0.39706011, 0.3970661 , 0.39708702,\n       0.39709684, 0.39710249]))", "callback": [0.8276437269734362, 0.6614275506538236, 0.6089148595027952, 0.5766658746246178, 0.43444234288742645, 0.4259386564045823, 0.414243392844305, 0.400312614701684, 0.397212270679394, 0.39711747465065206]}, "1": {"maxiter": 100, "fatol": 1e-05, "xatol": 1e-10, "duration": 0.05020594596862793, "fun": "0.3969999615636922", "nit": "100", "nfev": "164", "status": "2", "success": "False", "message": "Maximum number of iterations has been exceeded.", "x": "[4.07405657 2.02343704 3.099877   1.79453084 3.58037058 3.62861135]", "final_simplex": "(array([[4.07405657, 2.02343704, 3.099877  , 1.79453084, 3.58037058,\n        3.62861135],\n       [4.0874562 , 2.02970411, 3.10613628, 1.77429495, 3.56221559,\n        3.63220725],\n       [4.10206112, 2.03095241, 3.10567575, 1.77163204, 3.56823932,\n        3.61844605],\n       [4.08080422, 2.03203293, 3.08714933, 1.78354006, 3.5574381 ,\n        3.63103577],\n       [4.08119319, 2.06140158, 3.11782131, 1.75772887, 3.55466644,\n        3.61574588],\n       [4.07354217, 2.02321598, 3.09687996, 1.78658088, 3.58741888,\n        3.62230426],\n       [4.08893449, 2.01411953, 3.09857371, 1.80059738, 3.56144579,\n        3.62085303]]), array([0.39699996, 0.39705685, 0.39706011, 0.3970661 , 0.39708702,\n       0.39709684, 0.39710249]))", "callback": [0.8276437269734362, 0.6614275506538236, 0.6089148595027952, 0.5766658746246178, 0.43444234288742645, 0.4259386564045823, 0.414243392844305, 0.400312614701684, 0.397212270679394, 0.39711747465065206]}, "2": {"maxiter": 100, "fatol": 1e-10, "xatol": 1e-05, "duration": 0.05817723274230957, "fun": "0.3969999615636922", "nit": "100", "nfev": "164", "status": "2", "success": "False", "message": "Maximum number of iterations has been exceeded.", "x": "[4.07405657 2.02343704 3.099877   1.79453084 3.58037058 3.62861135]", "final_simplex": "(array([[4.07405657, 2.02343704, 3.099877  , 1.79453084, 3.58037058,\n        3.62861135],\n       [4.0874562 , 2.02970411, 3.10613628, 1.77429495, 3.56221559,\n        3.63220725],\n       [4.10206112, 2.03095241, 3.10567575, 1.77163204, 3.56823932,\n        3.61844605],\n       [4.08080422, 2.03203293, 3.08714933, 1.78354006, 3.5574381 ,\n        3.63103577],\n       [4.08119319, 2.06140158, 3.11782131, 1.75772887, 3.55466644,\n        3.61574588],\n       [4.07354217, 2.02321598, 3.09687996, 1.78658088, 3.58741888,\n        3.62230426],\n       [4.08893449, 2.01411953, 3.09857371, 1.80059738, 3.56144579,\n        3.62085303]]), array([0.39699996, 0.39705685, 0.39706011, 0.3970661 , 0.39708702,\n       0.39709684, 0.39710249]))", "callback": [0.8276437269734362, 0.6614275506538236, 0.6089148595027952, 0.5766658746246178, 0.43444234288742645, 0.4259386564045823, 0.414243392844305, 0.400312614701684, 0.397212270679394, 0.39711747465065206]}, "3": {"maxiter": 100, "fatol": 1e-10, "xatol": 1e-10, "duration": 0.04884028434753418, "fun": "0.3969999615636922", "nit": "100", "nfev": "164", "status": "2", "success": "False", "message": "Maximum number of iterations has been exceeded.", "x": "[4.07405657 2.02343704 3.099877   1.79453084 3.58037058 3.62861135]", "final_simplex": "(array([[4.07405657, 2.02343704, 3.099877  , 1.79453084, 3.58037058,\n        3.62861135],\n       [4.0874562 , 2.02970411, 3.10613628, 1.77429495, 3.56221559,\n        3.63220725],\n       [4.10206112, 2.03095241, 3.10567575, 1.77163204, 3.56823932,\n        3.61844605],\n       [4.08080422, 2.03203293, 3.08714933, 1.78354006, 3.5574381 ,\n        3.63103577],\n       [4.08119319, 2.06140158, 3.11782131, 1.75772887, 3.55466644,\n        3.61574588],\n       [4.07354217, 2.02321598, 3.09687996, 1.78658088, 3.58741888,\n        3.62230426],\n       [4.08893449, 2.01411953, 3.09857371, 1.80059738, 3.56144579,\n        3.62085303]]), array([0.39699996, 0.39705685, 0.39706011, 0.3970661 , 0.39708702,\n       0.39709684, 0.39710249]))", "callback": [0.8276437269734362, 0.6614275506538236, 0.6089148595027952, 0.5766658746246178, 0.43444234288742645, 0.4259386564045823, 0.414243392844305, 0.400312614701684, 0.397212270679394, 0.39711747465065206]}, "4": {"maxiter": 500, "fatol": 1e-05, "xatol": 1e-05, "duration": 0.20749998092651367, "fun": "0.3064057265955824", "nit": "430", "nfev": "683", "status": "0", "success": "True", "message": "Optimization terminated successfully.", "x": "[4.07870069 2.88863634 3.37107818 1.35786013 6.27351144 5.02203091]", "final_simplex": "(array([[4.07870069, 2.88863634, 3.37107818, 1.35786013, 6.27351144,\n        5.02203091],\n       [4.07870241, 2.88863599, 3.37108165, 1.35785614, 6.27351899,\n        5.02203068],\n       [4.07869927, 2.8886367 , 3.37108404, 1.3578611 , 6.27351057,\n        5.02203134],\n       [4.0786984 , 2.88863464, 3.37107869, 1.35785955, 6.27351423,\n        5.0220275 ],\n       [4.07870142, 2.88863389, 3.37108094, 1.35786146, 6.27350732,\n        5.02202934],\n       [4.0787048 , 2.88863135, 3.3710771 , 1.35786004, 6.27351442,\n        5.02203319],\n       [4.07870162, 2.88864041, 3.37108369, 1.35786452, 6.2735134 ,\n        5.02203124]]), array([0.30640573, 0.30640573, 0.30640573, 0.30640573, 0.30640573,\n       0.30640573, 0.30640573]))", "callback": [0.8276437269734362, 0.6614275506538236, 0.6089148595027952, 0.5766658746246178, 0.43444234288742645, 0.4259386564045823, 0.414243392844305, 0.400312614701684, 0.397212270679394, 0.39711747465065206, 0.3969999615636922, 0.3968312025840659, 0.39594171492775276, 0.391377857717513, 0.38741119710696104, 0.3772712596899088, 0.36505075363980743, 0.33779211914040863, 0.3222479606026696, 0.31643324434935916, 0.3118786278768152, 0.3086204089716944, 0.3079286965715671, 0.30764003584980304, 0.3072978461376855, 0.3068394332185991, 0.3066383399968582, 0.3065434870663529, 0.3064775588130024, 0.3064323644494057, 0.3064145570215555, 0.30640816759345224, 0.3064064763966977, 0.30640594737518445, 0.30640581615165674, 0.30640574376064256, 0.3064057305483747, 0.30640572762013063, 0.3064057269287005, 0.30640572674698097, 0.30640572664114574, 0.3064057266025366, 0.30640572659883514]}, "5": {"maxiter": 500, "fatol": 1e-05, "xatol": 1e-10, "duration": 0.25640225410461426, "fun": "0.30640572659495047", "nit": "500", "nfev": "801", "status": "2", "success": "False", "message": "Maximum number of iterations has been exceeded.", "x": "[4.07870067 2.88863619 3.37107999 1.35785958 6.27351319 5.02203119]", "final_simplex": "(array([[4.07870067, 2.88863619, 3.37107999, 1.35785958, 6.27351319,\n        5.02203119],\n       [4.07870066, 2.8886362 , 3.37107994, 1.35785956, 6.27351316,\n        5.02203114],\n       [4.07870071, 2.88863609, 3.37107994, 1.35785958, 6.2735131 ,\n        5.02203119],\n       [4.07870066, 2.8886362 , 3.37107997, 1.35785954, 6.27351321,\n        5.02203112],\n       [4.07870072, 2.88863615, 3.37107998, 1.3578596 , 6.27351312,\n        5.02203115],\n       [4.07870069, 2.88863623, 3.37108   , 1.35785952, 6.27351315,\n        5.02203115],\n       [4.07870058, 2.88863624, 3.37107999, 1.35785956, 6.27351314,\n        5.02203113]]), array([0.30640573, 0.30640573, 0.30640573, 0.30640573, 0.30640573,\n       0.30640573, 0.30640573]))", "callback": [0.8276437269734362, 0.6614275506538236, 0.6089148595027952, 0.5766658746246178, 0.43444234288742645, 0.4259386564045823, 0.414243392844305, 0.400312614701684, 0.397212270679394, 0.39711747465065206, 0.3969999615636922, 0.3968312025840659, 0.39594171492775276, 0.391377857717513, 0.38741119710696104, 0.3772712596899088, 0.36505075363980743, 0.33779211914040863, 0.3222479606026696, 0.31643324434935916, 0.3118786278768152, 0.3086204089716944, 0.3079286965715671, 0.30764003584980304, 0.3072978461376855, 0.3068394332185991, 0.3066383399968582, 0.3065434870663529, 0.3064775588130024, 0.3064323644494057, 0.3064145570215555, 0.30640816759345224, 0.3064064763966977, 0.30640594737518445, 0.30640581615165674, 0.30640574376064256, 0.3064057305483747, 0.30640572762013063, 0.3064057269287005, 0.30640572674698097, 0.30640572664114574, 0.3064057266025366, 0.30640572659883514, 0.3064057265955824, 0.3064057265951873, 0.3064057265950211, 0.30640572659497, 0.30640572659495935, 0.30640572659495346, 0.30640572659495113]}, "6": {"maxiter": 500, "fatol": 1e-10, "xatol": 1e-05, "duration": 0.20718789100646973, "fun": "0.3064057265955824", "nit": "430", "nfev": "683", "status": "0", "success": "True", "message": "Optimization terminated successfully.", "x": "[4.07870069 2.88863634 3.37107818 1.35786013 6.27351144 5.02203091]", "final_simplex": "(array([[4.07870069, 2.88863634, 3.37107818, 1.35786013, 6.27351144,\n        5.02203091],\n       [4.07870241, 2.88863599, 3.37108165, 1.35785614, 6.27351899,\n        5.02203068],\n       [4.07869927, 2.8886367 , 3.37108404, 1.3578611 , 6.27351057,\n        5.02203134],\n       [4.0786984 , 2.88863464, 3.37107869, 1.35785955, 6.27351423,\n        5.0220275 ],\n       [4.07870142, 2.88863389, 3.37108094, 1.35786146, 6.27350732,\n        5.02202934],\n       [4.0787048 , 2.88863135, 3.3710771 , 1.35786004, 6.27351442,\n        5.02203319],\n       [4.07870162, 2.88864041, 3.37108369, 1.35786452, 6.2735134 ,\n        5.02203124]]), array([0.30640573, 0.30640573, 0.30640573, 0.30640573, 0.30640573,\n       0.30640573, 0.30640573]))", "callback": [0.8276437269734362, 0.6614275506538236, 0.6089148595027952, 0.5766658746246178, 0.43444234288742645, 0.4259386564045823, 0.414243392844305, 0.400312614701684, 0.397212270679394, 0.39711747465065206, 0.3969999615636922, 0.3968312025840659, 0.39594171492775276, 0.391377857717513, 0.38741119710696104, 0.3772712596899088, 0.36505075363980743, 0.33779211914040863, 0.3222479606026696, 0.31643324434935916, 0.3118786278768152, 0.3086204089716944, 0.3079286965715671, 0.30764003584980304, 0.3072978461376855, 0.3068394332185991, 0.3066383399968582, 0.3065434870663529, 0.3064775588130024, 0.3064323644494057, 0.3064145570215555, 0.30640816759345224, 0.3064064763966977, 0.30640594737518445, 0.30640581615165674, 0.30640574376064256, 0.3064057305483747, 0.30640572762013063, 0.3064057269287005, 0.30640572674698097, 0.30640572664114574, 0.3064057266025366, 0.30640572659883514]}, "7": {"maxiter": 500, "fatol": 1e-10, "xatol": 1e-10, "duration": 0.2517812252044678, "fun": "0.30640572659495047", "nit": "500", "nfev": "801", "status": "2", "success": "False", "message": "Maximum number of iterations has been exceeded.", "x": "[4.07870067 2.88863619 3.37107999 1.35785958 6.27351319 5.02203119]", "final_simplex": "(array([[4.07870067, 2.88863619, 3.37107999, 1.35785958, 6.27351319,\n        5.02203119],\n       [4.07870066, 2.8886362 , 3.37107994, 1.35785956, 6.27351316,\n        5.02203114],\n       [4.07870071, 2.88863609, 3.37107994, 1.35785958, 6.2735131 ,\n        5.02203119],\n       [4.07870066, 2.8886362 , 3.37107997, 1.35785954, 6.27351321,\n        5.02203112],\n       [4.07870072, 2.88863615, 3.37107998, 1.3578596 , 6.27351312,\n        5.02203115],\n       [4.07870069, 2.88863623, 3.37108   , 1.35785952, 6.27351315,\n        5.02203115],\n       [4.07870058, 2.88863624, 3.37107999, 1.35785956, 6.27351314,\n        5.02203113]]), array([0.30640573, 0.30640573, 0.30640573, 0.30640573, 0.30640573,\n       0.30640573, 0.30640573]))", "callback": [0.8276437269734362, 0.6614275506538236, 0.6089148595027952, 0.5766658746246178, 0.43444234288742645, 0.4259386564045823, 0.414243392844305, 0.400312614701684, 0.397212270679394, 0.39711747465065206, 0.3969999615636922, 0.3968312025840659, 0.39594171492775276, 0.391377857717513, 0.38741119710696104, 0.3772712596899088, 0.36505075363980743, 0.33779211914040863, 0.3222479606026696, 0.31643324434935916, 0.3118786278768152, 0.3086204089716944, 0.3079286965715671, 0.30764003584980304, 0.3072978461376855, 0.3068394332185991, 0.3066383399968582, 0.3065434870663529, 0.3064775588130024, 0.3064323644494057, 0.3064145570215555, 0.30640816759345224, 0.3064064763966977, 0.30640594737518445, 0.30640581615165674, 0.30640574376064256, 0.3064057305483747, 0.30640572762013063, 0.3064057269287005, 0.30640572674698097, 0.30640572664114574, 0.3064057266025366, 0.30640572659883514, 0.3064057265955824, 0.3064057265951873, 0.3064057265950211, 0.30640572659497, 0.30640572659495935, 0.30640572659495346, 0.30640572659495113]}, "8": {"maxiter": 1000, "fatol": 1e-05, "xatol": 1e-05, "duration": 0.22184514999389648, "fun": "0.3064057265955824", "nit": "430", "nfev": "683", "status": "0", "success": "True", "message": "Optimization terminated successfully.", "x": "[4.07870069 2.88863634 3.37107818 1.35786013 6.27351144 5.02203091]", "final_simplex": "(array([[4.07870069, 2.88863634, 3.37107818, 1.35786013, 6.27351144,\n        5.02203091],\n       [4.07870241, 2.88863599, 3.37108165, 1.35785614, 6.27351899,\n        5.02203068],\n       [4.07869927, 2.8886367 , 3.37108404, 1.3578611 , 6.27351057,\n        5.02203134],\n       [4.0786984 , 2.88863464, 3.37107869, 1.35785955, 6.27351423,\n        5.0220275 ],\n       [4.07870142, 2.88863389, 3.37108094, 1.35786146, 6.27350732,\n        5.02202934],\n       [4.0787048 , 2.88863135, 3.3710771 , 1.35786004, 6.27351442,\n        5.02203319],\n       [4.07870162, 2.88864041, 3.37108369, 1.35786452, 6.2735134 ,\n        5.02203124]]), array([0.30640573, 0.30640573, 0.30640573, 0.30640573, 0.30640573,\n       0.30640573, 0.30640573]))", "callback": [0.8276437269734362, 0.6614275506538236, 0.6089148595027952, 0.5766658746246178, 0.43444234288742645, 0.4259386564045823, 0.414243392844305, 0.400312614701684, 0.397212270679394, 0.39711747465065206, 0.3969999615636922, 0.3968312025840659, 0.39594171492775276, 0.391377857717513, 0.38741119710696104, 0.3772712596899088, 0.36505075363980743, 0.33779211914040863, 0.3222479606026696, 0.31643324434935916, 0.3118786278768152, 0.3086204089716944, 0.3079286965715671, 0.30764003584980304, 0.3072978461376855, 0.3068394332185991, 0.3066383399968582, 0.3065434870663529, 0.3064775588130024, 0.3064323644494057, 0.3064145570215555, 0.30640816759345224, 0.3064064763966977, 0.30640594737518445, 0.30640581615165674, 0.30640574376064256, 0.3064057305483747, 0.30640572762013063, 0.3064057269287005, 0.30640572674698097, 0.30640572664114574, 0.3064057266025366, 0.30640572659883514]}, "9": {"maxiter": 1000, "fatol": 1e-05, "xatol": 1e-10, "duration": 0.29177093505859375, "fun": "0.3064057265949497", "nit": "532", "nfev": "908", "status": "0", "success": "True", "message": "Optimization terminated successfully.", "x": "[4.07870066 2.88863617 3.37107996 1.35785957 6.27351311 5.02203121]", "final_simplex": "(array([[4.07870066, 2.88863617, 3.37107996, 1.35785957, 6.27351311,\n        5.02203121],\n       [4.07870066, 2.88863617, 3.37107996, 1.35785957, 6.27351311,\n        5.02203121],\n       [4.07870066, 2.88863617, 3.37107996, 1.35785957, 6.27351311,\n        5.02203121],\n       [4.07870066, 2.88863617, 3.37107996, 1.35785957, 6.27351311,\n        5.02203121],\n       [4.07870066, 2.88863617, 3.37107996, 1.35785957, 6.27351311,\n        5.02203121],\n       [4.07870066, 2.88863617, 3.37107996, 1.35785957, 6.27351311,\n        5.02203121],\n       [4.07870066, 2.88863617, 3.37107996, 1.35785957, 6.27351311,\n        5.02203121]]), array([0.30640573, 0.30640573, 0.30640573, 0.30640573, 0.30640573,\n       0.30640573, 0.30640573]))", "callback": [0.8276437269734362, 0.6614275506538236, 0.6089148595027952, 0.5766658746246178, 0.43444234288742645, 0.4259386564045823, 0.414243392844305, 0.400312614701684, 0.397212270679394, 0.39711747465065206, 0.3969999615636922, 0.3968312025840659, 0.39594171492775276, 0.391377857717513, 0.38741119710696104, 0.3772712596899088, 0.36505075363980743, 0.33779211914040863, 0.3222479606026696, 0.31643324434935916, 0.3118786278768152, 0.3086204089716944, 0.3079286965715671, 0.30764003584980304, 0.3072978461376855, 0.3068394332185991, 0.3066383399968582, 0.3065434870663529, 0.3064775588130024, 0.3064323644494057, 0.3064145570215555, 0.30640816759345224, 0.3064064763966977, 0.30640594737518445, 0.30640581615165674, 0.30640574376064256, 0.3064057305483747, 0.30640572762013063, 0.3064057269287005, 0.30640572674698097, 0.30640572664114574, 0.3064057266025366, 0.30640572659883514, 0.3064057265955824, 0.3064057265951873, 0.3064057265950211, 0.30640572659497, 0.30640572659495935, 0.30640572659495346, 0.30640572659495113, 0.30640572659495036, 0.3064057265949497, 0.3064057265949497, 0.3064057265949497]}, "10": {"maxiter": 1000, "fatol": 1e-10, "xatol": 1e-05, "duration": 0.22249197959899902, "fun": "0.3064057265955824", "nit": "430", "nfev": "683", "status": "0", "success": "True", "message": "Optimization terminated successfully.", "x": "[4.07870069 2.88863634 3.37107818 1.35786013 6.27351144 5.02203091]", "final_simplex": "(array([[4.07870069, 2.88863634, 3.37107818, 1.35786013, 6.27351144,\n        5.02203091],\n       [4.07870241, 2.88863599, 3.37108165, 1.35785614, 6.27351899,\n        5.02203068],\n       [4.07869927, 2.8886367 , 3.37108404, 1.3578611 , 6.27351057,\n        5.02203134],\n       [4.0786984 , 2.88863464, 3.37107869, 1.35785955, 6.27351423,\n        5.0220275 ],\n       [4.07870142, 2.88863389, 3.37108094, 1.35786146, 6.27350732,\n        5.02202934],\n       [4.0787048 , 2.88863135, 3.3710771 , 1.35786004, 6.27351442,\n        5.02203319],\n       [4.07870162, 2.88864041, 3.37108369, 1.35786452, 6.2735134 ,\n        5.02203124]]), array([0.30640573, 0.30640573, 0.30640573, 0.30640573, 0.30640573,\n       0.30640573, 0.30640573]))", "callback": [0.8276437269734362, 0.6614275506538236, 0.6089148595027952, 0.5766658746246178, 0.43444234288742645, 0.4259386564045823, 0.414243392844305, 0.400312614701684, 0.397212270679394, 0.39711747465065206, 0.3969999615636922, 0.3968312025840659, 0.39594171492775276, 0.391377857717513, 0.38741119710696104, 0.3772712596899088, 0.36505075363980743, 0.33779211914040863, 0.3222479606026696, 0.31643324434935916, 0.3118786278768152, 0.3086204089716944, 0.3079286965715671, 0.30764003584980304, 0.3072978461376855, 0.3068394332185991, 0.3066383399968582, 0.3065434870663529, 0.3064775588130024, 0.3064323644494057, 0.3064145570215555, 0.30640816759345224, 0.3064064763966977, 0.30640594737518445, 0.30640581615165674, 0.30640574376064256, 0.3064057305483747, 0.30640572762013063, 0.3064057269287005, 0.30640572674698097, 0.30640572664114574, 0.3064057266025366, 0.30640572659883514]}, "11": {"maxiter": 1000, "fatol": 1e-10, "xatol": 1e-10, "duration": 0.2828199863433838, "fun": "0.3064057265949497", "nit": "532", "nfev": "908", "status": "0", "success": "True", "message": "Optimization terminated successfully.", "x": "[4.07870066 2.88863617 3.37107996 1.35785957 6.27351311 5.02203121]", "final_simplex": "(array([[4.07870066, 2.88863617, 3.37107996, 1.35785957, 6.27351311,\n        5.02203121],\n       [4.07870066, 2.88863617, 3.37107996, 1.35785957, 6.27351311,\n        5.02203121],\n       [4.07870066, 2.88863617, 3.37107996, 1.35785957, 6.27351311,\n        5.02203121],\n       [4.07870066, 2.88863617, 3.37107996, 1.35785957, 6.27351311,\n        5.02203121],\n       [4.07870066, 2.88863617, 3.37107996, 1.35785957, 6.27351311,\n        5.02203121],\n       [4.07870066, 2.88863617, 3.37107996, 1.35785957, 6.27351311,\n        5.02203121],\n       [4.07870066, 2.88863617, 3.37107996, 1.35785957, 6.27351311,\n        5.02203121]]), array([0.30640573, 0.30640573, 0.30640573, 0.30640573, 0.30640573,\n       0.30640573, 0.30640573]))", "callback": [0.8276437269734362, 0.6614275506538236, 0.6089148595027952, 0.5766658746246178, 0.43444234288742645, 0.4259386564045823, 0.414243392844305, 0.400312614701684, 0.397212270679394, 0.39711747465065206, 0.3969999615636922, 0.3968312025840659, 0.39594171492775276, 0.391377857717513, 0.38741119710696104, 0.3772712596899088, 0.36505075363980743, 0.33779211914040863, 0.3222479606026696, 0.31643324434935916, 0.3118786278768152, 0.3086204089716944, 0.3079286965715671, 0.30764003584980304, 0.3072978461376855, 0.3068394332185991, 0.3066383399968582, 0.3065434870663529, 0.3064775588130024, 0.3064323644494057, 0.3064145570215555, 0.30640816759345224, 0.3064064763966977, 0.30640594737518445, 0.30640581615165674, 0.30640574376064256, 0.3064057305483747, 0.30640572762013063, 0.3064057269287005, 0.30640572674698097, 0.30640572664114574, 0.3064057266025366, 0.30640572659883514, 0.3064057265955824, 0.3064057265951873, 0.3064057265950211, 0.30640572659497, 0.30640572659495935, 0.30640572659495346, 0.30640572659495113, 0.30640572659495036, 0.3064057265949497, 0.3064057265949497, 0.3064057265949497]}}, "bfgs": {"type": "gradient", "0": {"maxiter": 100, "gtol": 1e-05, "xrtol": 1e-05, "eps": 1e-05, "duration": 0.08285689353942871, "fun": "0.30640572666611954", "jac": "[-3.04319903e-06 -2.64632760e-07  1.00210951e-06  2.87804225e-06\n  6.70929978e-07  3.76546572e-06]", "hess_inv": "[[ 7.52674032 -1.20243278  3.22076741  2.25153417  0.60469069  1.29416426]\n [-1.20243278  5.42537262  1.70840096  0.88508551 -0.87362848 -1.42315023]\n [ 3.22076741  1.70840096  6.07396685  2.28928709  0.04271378  0.20755783]\n [ 2.25153417  0.88508551  2.28928709  7.03805944 -4.7895592  -0.76341551]\n [ 0.60469069 -0.87362848  0.04271378 -4.7895592  10.3317058   0.07053802]\n [ 1.29416426 -1.42315023  0.20755783 -0.76341551  0.07053802  3.4287111 ]]", "nfev": "238", "njev": "34", "status": "0", "success": "True", "message": "Optimization terminated successfully.", "x": "[4.07867423 2.88862855 3.37106701 1.35786154 6.27350182 5.02203764]", "nit": "28", "callback": [0.6448666227337703, 0.6302062458862536, 0.6115903923185684, 0.5780123448123164, 0.5282062612634206, 0.4985400933076949, 0.4756635263858674, 0.4427618368631213, 0.41715362172893133, 0.3787469846906879, 0.3629258463558449, 0.3380580042274677, 0.3214901452450465, 0.3162175442313837, 0.3088964958086663, 0.3072078230730231, 0.3067407972428322, 0.3065944657484242, 0.30652258869420423, 0.3064261681756486, 0.3064070119188296, 0.3064058937958689, 0.3064058086774595, 0.3064057869616481, 0.3064057533192026, 0.30640573091649603, 0.3064057278227016, 0.30640572666611954]}, "1": {"maxiter": 100, "gtol": 1e-05, "xrtol": 1e-05, "eps": 1e-10, "duration": 0.0737919807434082, "fun": "0.3064057268258311", "jac": "[-5.55111466e-06  4.44089173e-06  2.22044587e-06  5.55111466e-06\n  3.33066880e-06  2.22044587e-06]", "hess_inv": "[[ 6.65896886e+00 -7.45088094e-01  3.12443876e+00  2.67815334e+00\n   1.85531802e-01  1.08037488e+00]\n [-7.45088094e-01  4.98432603e+00  1.76652346e+00  8.73883345e-01\n  -1.02139833e+00 -1.12958413e+00]\n [ 3.12443876e+00  1.76652346e+00  6.05572582e+00  2.29732529e+00\n  -9.52725083e-02  2.97112602e-01]\n [ 2.67815334e+00  8.73883345e-01  2.29732529e+00  6.55802101e+00\n  -4.31795952e+00 -6.14773379e-01]\n [ 1.85531802e-01 -1.02139833e+00 -9.52725083e-02 -4.31795952e+00\n   9.46523857e+00  5.53507042e-03]\n [ 1.08037488e+00 -1.12958413e+00  2.97112602e-01 -6.14773379e-01\n   5.53507042e-03  3.37528375e+00]]", "nfev": "238", "njev": "34", "status": "0", "success": "True", "message": "Optimization terminated successfully.", "x": "[4.07869024 2.88865612 3.37110555 1.35790284 6.27349895 5.02203804]", "nit": "28", "callback": [0.6448651912549647, 0.6302048870500254, 0.6115894972747441, 0.5780122052170618, 0.5282069456043286, 0.4985394386121498, 0.4756637143429079, 0.44276177846778986, 0.4171507777466945, 0.3787385890735533, 0.36292386154426926, 0.3380655941007087, 0.32149562099298223, 0.31621956531097717, 0.3088964801703601, 0.30720848548252666, 0.3067402888640425, 0.30659415382213284, 0.3065224494689526, 0.3064262033747962, 0.30640700535867904, 0.3064058969826041, 0.30640580911795257, 0.3064057869047585, 0.3064057535492075, 0.30640573223427037, 0.3064057277242701, 0.3064057268258311]}, "2": {"maxiter": 100, "gtol": 1e-05, "xrtol": 1e-10, "eps": 1e-05, "duration": 0.07333779335021973, "fun": "0.30640572666611954", "jac": "[-3.04319903e-06 -2.64632760e-07  1.00210951e-06  2.87804225e-06\n  6.70929978e-07  3.76546572e-06]", "hess_inv": "[[ 7.52674032 -1.20243278  3.22076741  2.25153417  0.60469069  1.29416426]\n [-1.20243278  5.42537262  1.70840096  0.88508551 -0.87362848 -1.42315023]\n [ 3.22076741  1.70840096  6.07396685  2.28928709  0.04271378  0.20755783]\n [ 2.25153417  0.88508551  2.28928709  7.03805944 -4.7895592  -0.76341551]\n [ 0.60469069 -0.87362848  0.04271378 -4.7895592  10.3317058   0.07053802]\n [ 1.29416426 -1.42315023  0.20755783 -0.76341551  0.07053802  3.4287111 ]]", "nfev": "238", "njev": "34", "status": "0", "success": "True", "message": "Optimization terminated successfully.", "x": "[4.07867423 2.88862855 3.37106701 1.35786154 6.27350182 5.02203764]", "nit": "28", "callback": [0.6448666227337703, 0.6302062458862536, 0.6115903923185684, 0.5780123448123164, 0.5282062612634206, 0.4985400933076949, 0.4756635263858674, 0.4427618368631213, 0.41715362172893133, 0.3787469846906879, 0.3629258463558449, 0.3380580042274677, 0.3214901452450465, 0.3162175442313837, 0.3088964958086663, 0.3072078230730231, 0.3067407972428322, 0.3065944657484242, 0.30652258869420423, 0.3064261681756486, 0.3064070119188296, 0.3064058937958689, 0.3064058086774595, 0.3064057869616481, 0.3064057533192026, 0.30640573091649603, 0.3064057278227016, 0.30640572666611954]}, "3": {"maxiter": 100, "gtol": 1e-05, "xrtol": 1e-10, "eps": 1e-10, "duration": 0.08144712448120117, "fun": "0.3064057268258311", "jac": "[-5.55111466e-06  4.44089173e-06  2.22044587e-06  5.55111466e-06\n  3.33066880e-06  2.22044587e-06]", "hess_inv": "[[ 6.65896886e+00 -7.45088094e-01  3.12443876e+00  2.67815334e+00\n   1.85531802e-01  1.08037488e+00]\n [-7.45088094e-01  4.98432603e+00  1.76652346e+00  8.73883345e-01\n  -1.02139833e+00 -1.12958413e+00]\n [ 3.12443876e+00  1.76652346e+00  6.05572582e+00  2.29732529e+00\n  -9.52725083e-02  2.97112602e-01]\n [ 2.67815334e+00  8.73883345e-01  2.29732529e+00  6.55802101e+00\n  -4.31795952e+00 -6.14773379e-01]\n [ 1.85531802e-01 -1.02139833e+00 -9.52725083e-02 -4.31795952e+00\n   9.46523857e+00  5.53507042e-03]\n [ 1.08037488e+00 -1.12958413e+00  2.97112602e-01 -6.14773379e-01\n   5.53507042e-03  3.37528375e+00]]", "nfev": "238", "njev": "34", "status": "0", "success": "True", "message": "Optimization terminated successfully.", "x": "[4.07869024 2.88865612 3.37110555 1.35790284 6.27349895 5.02203804]", "nit": "28", "callback": [0.6448651912549647, 0.6302048870500254, 0.6115894972747441, 0.5780122052170618, 0.5282069456043286, 0.4985394386121498, 0.4756637143429079, 0.44276177846778986, 0.4171507777466945, 0.3787385890735533, 0.36292386154426926, 0.3380655941007087, 0.32149562099298223, 0.31621956531097717, 0.3088964801703601, 0.30720848548252666, 0.3067402888640425, 0.30659415382213284, 0.3065224494689526, 0.3064262033747962, 0.30640700535867904, 0.3064058969826041, 0.30640580911795257, 0.3064057869047585, 0.3064057535492075, 0.30640573223427037, 0.3064057277242701, 0.3064057268258311]}, "4": {"maxiter": 100, "gtol": 1e-10, "xrtol": 1e-05, "eps": 1e-05, "duration": 0.07552099227905273, "fun": "0.30640572662451215", "jac": "[-6.21325214e-07 -1.98896455e-07  5.85465010e-07  5.59119417e-07\n  5.15787413e-07  1.21145316e-06]", "hess_inv": "[[ 7.96852555e+00 -1.23880100e+00  3.05435527e+00  1.73307716e+00\n   1.05755682e+00  9.09852150e-01]\n [-1.23880100e+00  5.41978920e+00  1.75813753e+00  9.72284359e-01\n  -9.46246612e-01 -1.31387099e+00]\n [ 3.05435527e+00  1.75813753e+00  5.98524062e+00  2.29753427e+00\n   2.05987142e-02  2.61078423e-02]\n [ 1.73307716e+00  9.72284359e-01  2.29753427e+00  7.41542667e+00\n  -5.13760574e+00 -7.15395075e-01]\n [ 1.05755682e+00 -9.46246612e-01  2.05987142e-02 -5.13760574e+00\n   1.06503422e+01 -3.53347110e-03]\n [ 9.09852150e-01 -1.31387099e+00  2.61078423e-02 -7.15395075e-01\n  -3.53347110e-03  3.06020276e+00]]", "nfev": "245", "njev": "35", "status": "0", "success": "True", "message": "Optimization terminated successfully.", "x": "[4.07868596 2.88862724 3.37106405 1.35784957 6.27351242 5.02203058]", "nit": "29", "callback": [0.6448666227337703, 0.6302062458862536, 0.6115903923185684, 0.5780123448123164, 0.5282062612634206, 0.4985400933076949, 0.4756635263858674, 0.4427618368631213, 0.41715362172893133, 0.3787469846906879, 0.3629258463558449, 0.3380580042274677, 0.3214901452450465, 0.3162175442313837, 0.3088964958086663, 0.3072078230730231, 0.3067407972428322, 0.3065944657484242, 0.30652258869420423, 0.3064261681756486, 0.3064070119188296, 0.3064058937958689, 0.3064058086774595, 0.3064057869616481, 0.3064057533192026, 0.30640573091649603, 0.3064057278227016, 0.30640572666611954, 0.30640572662451215]}, "5": {"maxiter": 100, "gtol": 1e-10, "xrtol": 1e-05, "eps": 1e-10, "duration": 0.07802700996398926, "fun": "0.3064057268258311", "jac": "[-5.55111466e-06  4.44089173e-06  2.22044587e-06  5.55111466e-06\n  3.33066880e-06  2.22044587e-06]", "hess_inv": "[[ 6.65896886e+00 -7.45088094e-01  3.12443876e+00  2.67815334e+00\n   1.85531802e-01  1.08037488e+00]\n [-7.45088094e-01  4.98432603e+00  1.76652346e+00  8.73883345e-01\n  -1.02139833e+00 -1.12958413e+00]\n [ 3.12443876e+00  1.76652346e+00  6.05572582e+00  2.29732529e+00\n  -9.52725083e-02  2.97112602e-01]\n [ 2.67815334e+00  8.73883345e-01  2.29732529e+00  6.55802101e+00\n  -4.31795952e+00 -6.14773379e-01]\n [ 1.85531802e-01 -1.02139833e+00 -9.52725083e-02 -4.31795952e+00\n   9.46523857e+00  5.53507042e-03]\n [ 1.08037488e+00 -1.12958413e+00  2.97112602e-01 -6.14773379e-01\n   5.53507042e-03  3.37528375e+00]]", "nfev": "238", "njev": "34", "status": "0", "success": "True", "message": "Optimization terminated successfully.", "x": "[4.07869024 2.88865612 3.37110555 1.35790284 6.27349895 5.02203804]", "nit": "28", "callback": [0.6448651912549647, 0.6302048870500254, 0.6115894972747441, 0.5780122052170618, 0.5282069456043286, 0.4985394386121498, 0.4756637143429079, 0.44276177846778986, 0.4171507777466945, 0.3787385890735533, 0.36292386154426926, 0.3380655941007087, 0.32149562099298223, 0.31621956531097717, 0.3088964801703601, 0.30720848548252666, 0.3067402888640425, 0.30659415382213284, 0.3065224494689526, 0.3064262033747962, 0.30640700535867904, 0.3064058969826041, 0.30640580911795257, 0.3064057869047585, 0.3064057535492075, 0.30640573223427037, 0.3064057277242701, 0.3064057268258311]}, "6": {"maxiter": 100, "gtol": 1e-10, "xrtol": 1e-10, "eps": 1e-05, "duration": 0.14694905281066895, "fun": "0.30640572662451215", "jac": "[-6.21325214e-07 -1.98896455e-07  5.85465010e-07  5.59119417e-07\n  5.15787413e-07  1.21145316e-06]", "hess_inv": "[[ 7.77182617 -1.08170897  2.7047969   1.87023152  0.49305029  0.57680603]\n [-1.08170897  5.387092    1.76316858  0.81915886 -0.76107213 -1.35792458]\n [ 2.7047969   1.76316858  6.17419563  2.67009038 -0.19748739  0.35049375]\n [ 1.87023152  0.81915886  2.67009038  7.34027371 -4.61915415 -0.33748475]\n [ 0.49305029 -0.76107213 -0.19748739 -4.61915415  9.79109967 -0.071425  ]\n [ 0.57680603 -1.35792458  0.35049375 -0.33748475 -0.071425    3.53252492]]", "nfev": "474", "njev": "66", "status": "2", "success": "False", "message": "Desired error not necessarily achieved due to precision loss.", "x": "[4.07868596 2.88862724 3.37106405 1.35784957 6.27351242 5.02203058]", "nit": "29", "callback": [0.6448666227337703, 0.6302062458862536, 0.6115903923185684, 0.5780123448123164, 0.5282062612634206, 0.4985400933076949, 0.4756635263858674, 0.4427618368631213, 0.41715362172893133, 0.3787469846906879, 0.3629258463558449, 0.3380580042274677, 0.3214901452450465, 0.3162175442313837, 0.3088964958086663, 0.3072078230730231, 0.3067407972428322, 0.3065944657484242, 0.30652258869420423, 0.3064261681756486, 0.3064070119188296, 0.3064058937958689, 0.3064058086774595, 0.3064057869616481, 0.3064057533192026, 0.30640573091649603, 0.3064057278227016, 0.30640572666611954, 0.30640572662451215]}, "7": {"maxiter": 100, "gtol": 1e-10, "xrtol": 1e-10, "eps": 1e-10, "duration": 0.1228799819946289, "fun": "0.30640572659605825", "jac": "[2.22044587e-06 4.44089173e-06 1.11022293e-06 0.00000000e+00\n 6.66133760e-06 3.33066880e-06]", "hess_inv": "[[ 2.80250767 -1.44046206 -0.23722949  0.38537288  0.11101781 -0.8185388 ]\n [-1.44046206  3.10511256  0.51702577  0.78681458  0.06876554 -0.16523669]\n [-0.23722949  0.51702577  1.36130198  0.37079642 -0.41212102 -0.69380623]\n [ 0.38537288  0.78681458  0.37079642  1.86725607  0.18736672 -2.03958021]\n [ 0.11101781  0.06876554 -0.41212102  0.18736672  1.06538959 -0.95511273]\n [-0.8185388  -0.16523669 -0.69380623 -2.03958021 -0.95511273  3.40241714]]", "nfev": "385", "njev": "55", "status": "0", "success": "True", "message": "Optimization terminated successfully.", "x": "[4.0787027  2.88863658 3.37108167 1.35785773 6.27351603 5.02203277]", "nit": "37", "callback": [0.6448651912549647, 0.6302048870500254, 0.6115894972747441, 0.5780122052170618, 0.5282069456043286, 0.4985394386121498, 0.4756637143429079, 0.44276177846778986, 0.4171507777466945, 0.3787385890735533, 0.36292386154426926, 0.3380655941007087, 0.32149562099298223, 0.31621956531097717, 0.3088964801703601, 0.30720848548252666, 0.3067402888640425, 0.30659415382213284, 0.3065224494689526, 0.3064262033747962, 0.30640700535867904, 0.3064058969826041, 0.30640580911795257, 0.3064057869047585, 0.3064057535492075, 0.30640573223427037, 0.3064057277242701, 0.3064057268258311, 0.30640572667258004, 0.30640572665183763, 0.3064057266258846, 0.3064057266043704, 0.3064057265992195, 0.3064057265973361, 0.30640572659605847, 0.30640572659605825, 0.30640572659605825]}, "8": {"maxiter": 500, "gtol": 1e-05, "xrtol": 1e-05, "eps": 1e-05, "duration": 0.0681769847869873, "fun": "0.30640572666611954", "jac": "[-3.04319903e-06 -2.64632760e-07  1.00210951e-06  2.87804225e-06\n  6.70929978e-07  3.76546572e-06]", "hess_inv": "[[ 7.52674032 -1.20243278  3.22076741  2.25153417  0.60469069  1.29416426]\n [-1.20243278  5.42537262  1.70840096  0.88508551 -0.87362848 -1.42315023]\n [ 3.22076741  1.70840096  6.07396685  2.28928709  0.04271378  0.20755783]\n [ 2.25153417  0.88508551  2.28928709  7.03805944 -4.7895592  -0.76341551]\n [ 0.60469069 -0.87362848  0.04271378 -4.7895592  10.3317058   0.07053802]\n [ 1.29416426 -1.42315023  0.20755783 -0.76341551  0.07053802  3.4287111 ]]", "nfev": "238", "njev": "34", "status": "0", "success": "True", "message": "Optimization terminated successfully.", "x": "[4.07867423 2.88862855 3.37106701 1.35786154 6.27350182 5.02203764]", "nit": "28", "callback": [0.6448666227337703, 0.6302062458862536, 0.6115903923185684, 0.5780123448123164, 0.5282062612634206, 0.4985400933076949, 0.4756635263858674, 0.4427618368631213, 0.41715362172893133, 0.3787469846906879, 0.3629258463558449, 0.3380580042274677, 0.3214901452450465, 0.3162175442313837, 0.3088964958086663, 0.3072078230730231, 0.3067407972428322, 0.3065944657484242, 0.30652258869420423, 0.3064261681756486, 0.3064070119188296, 0.3064058937958689, 0.3064058086774595, 0.3064057869616481, 0.3064057533192026, 0.30640573091649603, 0.3064057278227016, 0.30640572666611954]}, "9": {"maxiter": 500, "gtol": 1e-05, "xrtol": 1e-05, "eps": 1e-10, "duration": 0.07293486595153809, "fun": "0.3064057268258311", "jac": "[-5.55111466e-06  4.44089173e-06  2.22044587e-06  5.55111466e-06\n  3.33066880e-06  2.22044587e-06]", "hess_inv": "[[ 6.65896886e+00 -7.45088094e-01  3.12443876e+00  2.67815334e+00\n   1.85531802e-01  1.08037488e+00]\n [-7.45088094e-01  4.98432603e+00  1.76652346e+00  8.73883345e-01\n  -1.02139833e+00 -1.12958413e+00]\n [ 3.12443876e+00  1.76652346e+00  6.05572582e+00  2.29732529e+00\n  -9.52725083e-02  2.97112602e-01]\n [ 2.67815334e+00  8.73883345e-01  2.29732529e+00  6.55802101e+00\n  -4.31795952e+00 -6.14773379e-01]\n [ 1.85531802e-01 -1.02139833e+00 -9.52725083e-02 -4.31795952e+00\n   9.46523857e+00  5.53507042e-03]\n [ 1.08037488e+00 -1.12958413e+00  2.97112602e-01 -6.14773379e-01\n   5.53507042e-03  3.37528375e+00]]", "nfev": "238", "njev": "34", "status": "0", "success": "True", "message": "Optimization terminated successfully.", "x": "[4.07869024 2.88865612 3.37110555 1.35790284 6.27349895 5.02203804]", "nit": "28", "callback": [0.6448651912549647, 0.6302048870500254, 0.6115894972747441, 0.5780122052170618, 0.5282069456043286, 0.4985394386121498, 0.4756637143429079, 0.44276177846778986, 0.4171507777466945, 0.3787385890735533, 0.36292386154426926, 0.3380655941007087, 0.32149562099298223, 0.31621956531097717, 0.3088964801703601, 0.30720848548252666, 0.3067402888640425, 0.30659415382213284, 0.3065224494689526, 0.3064262033747962, 0.30640700535867904, 0.3064058969826041, 0.30640580911795257, 0.3064057869047585, 0.3064057535492075, 0.30640573223427037, 0.3064057277242701, 0.3064057268258311]}, "10": {"maxiter": 500, "gtol": 1e-05, "xrtol": 1e-10, "eps": 1e-05, "duration": 0.07701683044433594, "fun": "0.30640572666611954", "jac": "[-3.04319903e-06 -2.64632760e-07  1.00210951e-06  2.87804225e-06\n  6.70929978e-07  3.76546572e-06]", "hess_inv": "[[ 7.52674032 -1.20243278  3.22076741  2.25153417  0.60469069  1.29416426]\n [-1.20243278  5.42537262  1.70840096  0.88508551 -0.87362848 -1.42315023]\n [ 3.22076741  1.70840096  6.07396685  2.28928709  0.04271378  0.20755783]\n [ 2.25153417  0.88508551  2.28928709  7.03805944 -4.7895592  -0.76341551]\n [ 0.60469069 -0.87362848  0.04271378 -4.7895592  10.3317058   0.07053802]\n [ 1.29416426 -1.42315023  0.20755783 -0.76341551  0.07053802  3.4287111 ]]", "nfev": "238", "njev": "34", "status": "0", "success": "True", "message": "Optimization terminated successfully.", "x": "[4.07867423 2.88862855 3.37106701 1.35786154 6.27350182 5.02203764]", "nit": "28", "callback": [0.6448666227337703, 0.6302062458862536, 0.6115903923185684, 0.5780123448123164, 0.5282062612634206, 0.4985400933076949, 0.4756635263858674, 0.4427618368631213, 0.41715362172893133, 0.3787469846906879, 0.3629258463558449, 0.3380580042274677, 0.3214901452450465, 0.3162175442313837, 0.3088964958086663, 0.3072078230730231, 0.3067407972428322, 0.306