{"conf_id": 5, "data_type": "random\n", "num_data_points": 1, "s_rank": 0, "unitary": "[[-0.45070455-0.02711853j,0.78437395-0.06613086j,0.06358678+0.19963393j,-0.07343613+0.35668523j],[-0.01890143-0.03813363j,0.32408202+0.25557629j,0.05872864-0.68979805j,0.55466693-0.20227297j],[-0.11215405+0.64023111j,-0.13344055+0.29565494j,-0.49012687-0.19046288j,-0.04241254+0.44046348j],[0.55771659+0.24656916j,0.31851997-0.05798805j,0.28761525-0.34294258j,-0.56718418+0.03616933j]]", "databatch_0": {"databatch": "[[[0.30715846-0.13564256j,-0.19442098+0.15900901j,0.2508133-0.1603977j,0.15910509+0.02685728j],[-0.06440566-0.15722039j,0.10575446+0.09736528j,-0.08634204-0.15603251j,0.00311335-0.11974827j],[0.17063565+0.34231051j,-0.12728654-0.20757374j,0.18830668+0.2127866j,-0.03303436+0.0882935j],[0.39384787+0.00708326j,-0.26544674+0.00859981j,0.27825673-0.05387837j,0.05650115+0.09689966j]]]", "nelder_mead": {"0": {"maxiter": 100, "fatol": 1e-05, "xatol": 1e-05, "duration": 0.027125120162963867, "fun": "0.03817462155431306", "nit": "100", "nfev": "161", "status": "2", "success": "False", "message": "Maximum number of iterations has been exceeded.", "x": "[4.06603578 3.53124929 2.11256378 1.33331244 6.83317324 3.71398997]", "final_simplex": "(array([[4.06603578, 3.53124929, 2.11256378, 1.33331244, 6.83317324,\n        3.71398997],\n       [4.05994592, 3.51698258, 2.08801943, 1.30239325, 6.90212338,\n        3.69417529],\n       [4.04559142, 3.54168585, 2.09685234, 1.33692874, 6.88883596,\n        3.6426597 ],\n       [4.04203826, 3.55462209, 2.14023956, 1.32043057, 6.86036097,\n        3.67955575],\n       [4.08217198, 3.61655802, 2.15209171, 1.31803578, 6.84167671,\n        3.7303448 ],\n       [4.0753589 , 3.54129513, 2.11783048, 1.31249365, 6.85058745,\n        3.68163033],\n       [3.98433034, 3.55581765, 2.11779121, 1.27800734, 6.91262394,\n        3.72404566]]), array([0.03817462, 0.0387885 , 0.03887625, 0.03906063, 0.0390754 ,\n       0.03926155, 0.03987591]))"}, "1": {"maxiter": 100, "fatol": 1e-05, "xatol": 1e-10, "duration": 0.027053117752075195, "fun": "0.03817462155431306", "nit": "100", "nfev": "161", "status": "2", "success": "False", "message": "Maximum number of iterations has been exceeded.", "x": "[4.06603578 3.53124929 2.11256378 1.33331244 6.83317324 3.71398997]", "final_simplex": "(array([[4.06603578, 3.53124929, 2.11256378, 1.33331244, 6.83317324,\n        3.71398997],\n       [4.05994592, 3.51698258, 2.08801943, 1.30239325, 6.90212338,\n        3.69417529],\n       [4.04559142, 3.54168585, 2.09685234, 1.33692874, 6.88883596,\n        3.6426597 ],\n       [4.04203826, 3.55462209, 2.14023956, 1.32043057, 6.86036097,\n        3.67955575],\n       [4.08217198, 3.61655802, 2.15209171, 1.31803578, 6.84167671,\n        3.7303448 ],\n       [4.0753589 , 3.54129513, 2.11783048, 1.31249365, 6.85058745,\n        3.68163033],\n       [3.98433034, 3.55581765, 2.11779121, 1.27800734, 6.91262394,\n        3.72404566]]), array([0.03817462, 0.0387885 , 0.03887625, 0.03906063, 0.0390754 ,\n       0.03926155, 0.03987591]))"}, "2": {"maxiter": 100, "fatol": 1e-10, "xatol": 1e-05, "duration": 0.026953935623168945, "fun": "0.03817462155431306", "nit": "100", "nfev": "161", "status": "2", "success": "False", "message": "Maximum number of iterations has been exceeded.", "x": "[4.06603578 3.53124929 2.11256378 1.33331244 6.83317324 3.71398997]", "final_simplex": "(array([[4.06603578, 3.53124929, 2.11256378, 1.33331244, 6.83317324,\n        3.71398997],\n       [4.05994592, 3.51698258, 2.08801943, 1.30239325, 6.90212338,\n        3.69417529],\n       [4.04559142, 3.54168585, 2.09685234, 1.33692874, 6.88883596,\n        3.6426597 ],\n       [4.04203826, 3.55462209, 2.14023956, 1.32043057, 6.86036097,\n        3.67955575],\n       [4.08217198, 3.61655802, 2.15209171, 1.31803578, 6.84167671,\n        3.7303448 ],\n       [4.0753589 , 3.54129513, 2.11783048, 1.31249365, 6.85058745,\n        3.68163033],\n       [3.98433034, 3.55581765, 2.11779121, 1.27800734, 6.91262394,\n        3.72404566]]), array([0.03817462, 0.0387885 , 0.03887625, 0.03906063, 0.0390754 ,\n       0.03926155, 0.03987591]))"}, "3": {"maxiter": 100, "fatol": 1e-10, "xatol": 1e-10, "duration": 0.02715301513671875, "fun": "0.03817462155431306", "nit": "100", "nfev": "161", "status": "2", "success": "False", "message": "Maximum number of iterations has been exceeded.", "x": "[4.06603578 3.53124929 2.11256378 1.33331244 6.83317324 3.71398997]", "final_simplex": "(array([[4.06603578, 3.53124929, 2.11256378, 1.33331244, 6.83317324,\n        3.71398997],\n       [4.05994592, 3.51698258, 2.08801943, 1.30239325, 6.90212338,\n        3.69417529],\n       [4.04559142, 3.54168585, 2.09685234, 1.33692874, 6.88883596,\n        3.6426597 ],\n       [4.04203826, 3.55462209, 2.14023956, 1.32043057, 6.86036097,\n        3.67955575],\n       [4.08217198, 3.61655802, 2.15209171, 1.31803578, 6.84167671,\n        3.7303448 ],\n       [4.0753589 , 3.54129513, 2.11783048, 1.31249365, 6.85058745,\n        3.68163033],\n       [3.98433034, 3.55581765, 2.11779121, 1.27800734, 6.91262394,\n        3.72404566]]), array([0.03817462, 0.0387885 , 0.03887625, 0.03906063, 0.0390754 ,\n       0.03926155, 0.03987591]))"}, "4": {"maxiter": 500, "fatol": 1e-05, "xatol": 1e-05, "duration": 0.13486504554748535, "fun": "0.008437779825057556", "nit": "500", "nfev": "785", "status": "2", "success": "False", "message": "Maximum number of iterations has been exceeded.", "x": "[5.28167346 4.37279443 2.56122281 1.98740336 8.6394869  4.56668224]", "final_simplex": "(array([[5.28167346, 4.37279443, 2.56122281, 1.98740336, 8.6394869 ,\n        4.56668224],\n       [5.28168307, 4.37279289, 2.56122679, 1.98740618, 8.63947645,\n        4.56667713],\n       [5.28166961, 4.37278627, 2.56122419, 1.98741483, 8.63948137,\n        4.56667883],\n       [5.28168826, 4.37279562, 2.56123189, 1.98740671, 8.63949505,\n        4.56668314],\n       [5.28166632, 4.3727891 , 2.56123139, 1.9874128 , 8.63946032,\n        4.56667125],\n       [5.28165866, 4.3727904 , 2.5612188 , 1.9874072 , 8.63945601,\n        4.56666405],\n       [5.28169153, 4.37280034, 2.56122547, 1.98741435, 8.63949494,\n        4.56668592]]), array([0.00843778, 0.00843778, 0.00843778, 0.00843778, 0.00843778,\n       0.00843778, 0.00843778]))"}, "5": {"maxiter": 500, "fatol": 1e-05, "xatol": 1e-10, "duration": 0.14047813415527344, "fun": "0.008437779825057556", "nit": "500", "nfev": "785", "status": "2", "success": "False", "message": "Maximum number of iterations has been exceeded.", "x": "[5.28167346 4.37279443 2.56122281 1.98740336 8.6394869  4.56668224]", "final_simplex": "(array([[5.28167346, 4.37279443, 2.56122281, 1.98740336, 8.6394869 ,\n        4.56668224],\n       [5.28168307, 4.37279289, 2.56122679, 1.98740618, 8.63947645,\n        4.56667713],\n       [5.28166961, 4.37278627, 2.56122419, 1.98741483, 8.63948137,\n        4.56667883],\n       [5.28168826, 4.37279562, 2.56123189, 1.98740671, 8.63949505,\n        4.56668314],\n       [5.28166632, 4.3727891 , 2.56123139, 1.9874128 , 8.63946032,\n        4.56667125],\n       [5.28165866, 4.3727904 , 2.5612188 , 1.9874072 , 8.63945601,\n        4.56666405],\n       [5.28169153, 4.37280034, 2.56122547, 1.98741435, 8.63949494,\n        4.56668592]]), array([0.00843778, 0.00843778, 0.00843778, 0.00843778, 0.00843778,\n       0.00843778, 0.00843778]))"}, "6": {"maxiter": 500, "fatol": 1e-10, "xatol": 1e-05, "duration": 0.14014005661010742, "fun": "0.008437779825057556", "nit": "500", "nfev": "785", "status": "2", "success": "False", "message": "Maximum number of iterations has been exceeded.", "x": "[5.28167346 4.37279443 2.56122281 1.98740336 8.6394869  4.56668224]", "final_simplex": "(array([[5.28167346, 4.37279443, 2.56122281, 1.98740336, 8.6394869 ,\n        4.56668224],\n       [5.28168307, 4.37279289, 2.56122679, 1.98740618, 8.63947645,\n        4.56667713],\n       [5.28166961, 4.37278627, 2.56122419, 1.98741483, 8.63948137,\n        4.56667883],\n       [5.28168826, 4.37279562, 2.56123189, 1.98740671, 8.63949505,\n        4.56668314],\n       [5.28166632, 4.3727891 , 2.56123139, 1.9874128 , 8.63946032,\n        4.56667125],\n       [5.28165866, 4.3727904 , 2.5612188 , 1.9874072 , 8.63945601,\n        4.56666405],\n       [5.28169153, 4.37280034, 2.56122547, 1.98741435, 8.63949494,\n        4.56668592]]), array([0.00843778, 0.00843778, 0.00843778, 0.00843778, 0.00843778,\n       0.00843778, 0.00843778]))"}, "7": {"maxiter": 500, "fatol": 1e-10, "xatol": 1e-10, "duration": 0.13984012603759766, "fun": "0.008437779825057556", "nit": "500", "nfev": "785", "status": "2", "success": "False", "message": "Maximum number of iterations has been exceeded.", "x": "[5.28167346 4.37279443 2.56122281 1.98740336 8.6394869  4.56668224]", "final_simplex": "(array([[5.28167346, 4.37279443, 2.56122281, 1.98740336, 8.6394869 ,\n        4.56668224],\n       [5.28168307, 4.37279289, 2.56122679, 1.98740618, 8.63947645,\n        4.56667713],\n       [5.28166961, 4.37278627, 2.56122419, 1.98741483, 8.63948137,\n        4.56667883],\n       [5.28168826, 4.37279562, 2.56123189, 1.98740671, 8.63949505,\n        4.56668314],\n       [5.28166632, 4.3727891 , 2.56123139, 1.9874128 , 8.63946032,\n        4.56667125],\n       [5.28165866, 4.3727904 , 2.5612188 , 1.9874072 , 8.63945601,\n        4.56666405],\n       [5.28169153, 4.37280034, 2.56122547, 1.98741435, 8.63949494,\n        4.56668592]]), array([0.00843778, 0.00843778, 0.00843778, 0.00843778, 0.00843778,\n       0.00843778, 0.00843778]))"}, "8": {"maxiter": 1000, "fatol": 1e-05, "xatol": 1e-05, "duration": 0.14841294288635254, "fun": "0.008437779796071854", "nit": "535", "nfev": "838", "status": "0", "success": "True", "message": "Optimization terminated successfully.", "x": "[5.28167423 4.37279117 2.56122402 1.98740495 8.63948706 4.56669008]", "final_simplex": "(array([[5.28167423, 4.37279117, 2.56122402, 1.98740495, 8.63948706,\n        4.56669008],\n       [5.28166984, 4.37278706, 2.56122735, 1.98740349, 8.6394836 ,\n        4.56668801],\n       [5.28167743, 4.37278911, 2.56122619, 1.98740484, 8.63949698,\n        4.56669357],\n       [5.28167009, 4.3727871 , 2.56122617, 1.98740669, 8.63948778,\n        4.56668924],\n       [5.28166686, 4.37278335, 2.56122694, 1.98740734, 8.63948157,\n        4.56668706],\n       [5.28166475, 4.37278549, 2.56122508, 1.98740492, 8.6394784 ,\n        4.56668475],\n       [5.28167258, 4.3727888 , 2.56122538, 1.98740461, 8.63948315,\n        4.56668593]]), array([0.00843778, 0.00843778, 0.00843778, 0.00843778, 0.00843778,\n       0.00843778, 0.00843778]))"}, "9": {"maxiter": 1000, "fatol": 1e-05, "xatol": 1e-10, "duration": 0.19020819664001465, "fun": "0.008437779792290434", "nit": "666", "nfev": "1100", "status": "0", "success": "True", "message": "Optimization terminated successfully.", "x": "[5.28168457 4.37279608 2.56122448 1.98740178 8.63950375 4.56670199]", "final_simplex": "(array([[5.28168457, 4.37279608, 2.56122448, 1.98740178, 8.63950375,\n        4.56670199],\n       [5.28168457, 4.37279608, 2.56122448, 1.98740178, 8.63950375,\n        4.56670199],\n       [5.28168457, 4.37279608, 2.56122448, 1.98740178, 8.63950375,\n        4.56670199],\n       [5.28168457, 4.37279608, 2.56122448, 1.98740178, 8.63950375,\n        4.56670199],\n       [5.28168457, 4.37279608, 2.56122448, 1.98740178, 8.63950375,\n        4.56670199],\n       [5.28168457, 4.37279608, 2.56122448, 1.98740178, 8.63950375,\n        4.56670199],\n       [5.28168457, 4.37279608, 2.56122448, 1.98740178, 8.63950375,\n        4.56670199]]), array([0.00843778, 0.00843778, 0.00843778, 0.00843778, 0.00843778,\n       0.00843778, 0.00843778]))"}, "10": {"maxiter": 1000, "fatol": 1e-10, "xatol": 1e-05, "duration": 0.1402139663696289, "fun": "0.008437779796071854", "nit": "535", "nfev": "838", "status": "0", "success": "True", "message": "Optimization terminated successfully.", "x": "[5.28167423 4.37279117 2.56122402 1.98740495 8.63948706 4.56669008]", "final_simplex": "(array([[5.28167423, 4.37279117, 2.56122402, 1.98740495, 8.63948706,\n        4.56669008],\n       [5.28166984, 4.37278706, 2.56122735, 1.98740349, 8.6394836 ,\n        4.56668801],\n       [5.28167743, 4.37278911, 2.56122619, 1.98740484, 8.63949698,\n        4.56669357],\n       [5.28167009, 4.3727871 , 2.56122617, 1.98740669, 8.63948778,\n        4.56668924],\n       [5.28166686, 4.37278335, 2.56122694, 1.98740734, 8.63948157,\n        4.56668706],\n       [5.28166475, 4.37278549, 2.56122508, 1.98740492, 8.6394784 ,\n        4.56668475],\n       [5.28167258, 4.3727888 , 2.56122538, 1.98740461, 8.63948315,\n        4.56668593]]), array([0.00843778, 0.00843778, 0.00843778, 0.00843778, 0.00843778,\n       0.00843778, 0.00843778]))"}, "11": {"maxiter": 1000, "fatol": 1e-10, "xatol": 1e-10, "duration": 0.19065499305725098, "fun": "0.008437779792290434", "nit": "666", "nfev": "1100", "status": "0", "success": "True", "message": "Optimization terminated successfully.", "x": "[5.28168457 4.37279608 2.56122448 1.98740178 8.63950375 4.56670199]", "final_simplex": "(array([[5.28168457, 4.37279608, 2.56122448, 1.98740178, 8.63950375,\n        4.56670199],\n       [5.28168457, 4.37279608, 2.56122448, 1.98740178, 8.63950375,\n        4.56670199],\n       [5.28168457, 4.37279608, 2.56122448, 1.98740178, 8.63950375,\n        4.56670199],\n       [5.28168457, 4.37279608, 2.56122448, 1.98740178, 8.63950375,\n        4.56670199],\n       [5.28168457, 4.37279608, 2.56122448, 1.98740178, 8.63950375,\n        4.56670199],\n       [5.28168457, 4.37279608, 2.56122448, 1.98740178, 8.63950375,\n        4.56670199],\n       [5.28168457, 4.37279608, 2.56122448, 1.98740178, 8.63950375,\n        4.56670199]]), array([0.00843778, 0.00843778, 0.00843778, 0.00843778, 0.00843778,\n       0.00843778, 0.00843778]))"}}, "bfgs": {"0": {"maxiter": 100, "gtol": 1e-05, "xrtol": 1e-05, "eps": 1e-05, "duration": 0.048104047775268555, "fun": "0.008437780453124377", "jac": "[ 2.05984119e-06 -1.34789957e-06 -3.05379055e-06  2.16631157e-06\n -1.67386105e-06  2.34035014e-07]", "hess_inv": "[[ 3.21541651e+01  1.51041072e+01 -9.37484280e-02 -4.94407660e+00\n   3.50147523e+01  2.08865099e+01]\n [ 1.51041072e+01  1.08766821e+01 -1.89702025e+00 -3.40993361e+00\n   1.70671144e+01  1.11249271e+01]\n [-9.37484280e-02 -1.89702025e+00  3.16061796e+00 -9.61628604e-03\n  -8.48494401e-01 -1.59980008e+00]\n [-4.94407660e+00 -3.40993361e+00 -9.61628604e-03  3.29932675e+00\n  -6.47877257e+00 -4.00878110e+00]\n [ 3.50147523e+01  1.70671144e+01 -8.48494401e-01 -6.47877257e+00\n   5.00416115e+01  2.95292214e+01]\n [ 2.08865099e+01  1.11249271e+01 -1.59980008e+00 -4.00878110e+00\n   2.95292214e+01  1.99519186e+01]]", "nfev": "280", "njev": "40", "status": "0", "success": "True", "message": "Optimization terminated successfully.", "x": "[5.28149629 4.37269578 2.56121319 1.98745129 8.63922295 4.56653821]", "nit": "34"}, "1": {"maxiter": 100, "gtol": 1e-05, "xrtol": 1e-05, "eps": 1e-10, "duration": 0.04792189598083496, "fun": "0.008437779963005987", "jac": "[ 2.22044587e-06 -3.33066880e-06 -5.55111466e-06 -4.44089173e-06\n -8.88178346e-06  1.11022293e-06]", "hess_inv": "[[17.76503724  7.22124493  1.314479   -2.1539323  17.64886317  8.7196002 ]\n [ 7.22124493  6.68778042 -1.35734535 -1.96239056  7.30100497  4.5781062 ]\n [ 1.314479   -1.35734535  3.36948575 -0.21621528  1.26253052 -0.46122563]\n [-2.1539323  -1.96239056 -0.21621528  2.96805454 -3.27489516 -1.98710706]\n [17.64886317  7.30100497  1.26253052 -3.27489516 28.36396798 14.3509442 ]\n [ 8.7196002   4.5781062  -0.46122563 -1.98710706 14.3509442   9.77118849]]", "nfev": "280", "njev": "40", "status": "0", "success": "True", "message": "Optimization terminated successfully.", "x": "[5.28162498 4.37276584 2.56120903 1.98741623 8.63939214 4.56664931]", "nit": "34"}, "2": {"maxiter": 100, "gtol": 1e-05, "xrtol": 1e-10, "eps": 1e-05, "duration": 0.04778122901916504, "fun": "0.008437780453124377", "jac": "[ 2.05984119e-06 -1.34789957e-06 -3.05379055e-06  2.16631157e-06\n -1.67386105e-06  2.34035014e-07]", "hess_inv": "[[ 3.21541651e+01  1.51041072e+01 -9.37484280e-02 -4.94407660e+00\n   3.50147523e+01  2.08865099e+01]\n [ 1.51041072e+01  1.08766821e+01 -1.89702025e+00 -3.40993361e+00\n   1.70671144e+01  1.11249271e+01]\n [-9.37484280e-02 -1.89702025e+00  3.16061796e+00 -9.61628604e-03\n  -8.48494401e-01 -1.59980008e+00]\n [-4.94407660e+00 -3.40993361e+00 -9.61628604e-03  3.29932675e+00\n  -6.47877257e+00 -4.00878110e+00]\n [ 3.50147523e+01  1.70671144e+01 -8.48494401e-01 -6.47877257e+00\n   5.00416115e+01  2.95292214e+01]\n [ 2.08865099e+01  1.11249271e+01 -1.59980008e+00 -4.00878110e+00\n   2.95292214e+01  1.99519186e+01]]", "nfev": "280", "njev": "40", "status": "0", "success": "True", "message": "Optimization terminated successfully.", "x": "[5.28149629 4.37269578 2.56121319 1.98745129 8.63922295 4.56653821]", "nit": "34"}, "3": {"maxiter": 100, "gtol": 1e-05, "xrtol": 1e-10, "eps": 1e-10, "duration": 0.04763221740722656, "fun": "0.008437779963005987", "jac": "[ 2.22044587e-06 -3.33066880e-06 -5.55111466e-06 -4.44089173e-06\n -8.88178346e-06  1.11022293e-06]", "hess_inv": "[[17.76503724  7.22124493  1.314479   -2.1539323  17.64886317  8.7196002 ]\n [ 7.22124493  6.68778042 -1.35734535 -1.96239056  7.30100497  4.5781062 ]\n [ 1.314479   -1.35734535  3.36948575 -0.21621528  1.26253052 -0.46122563]\n [-2.1539323  -1.96239056 -0.21621528  2.96805454 -3.27489516 -1.98710706]\n [17.64886317  7.30100497  1.26253052 -3.27489516 28.36396798 14.3509442 ]\n [ 8.7196002   4.5781062  -0.46122563 -1.98710706 14.3509442   9.77118849]]", "nfev": "280", "njev": "40", "status": "0", "success": "True", "message": "Optimization terminated successfully.", "x": "[5.28162498 4.37276584 2.56120903 1.98741623 8.63939214 4.56664931]", "nit": "34"}, "4": {"maxiter": 100, "gtol": 1e-10, "xrtol": 1e-05, "eps": 1e-05, "duration": 0.04782390594482422, "fun": "0.008437780453124377", "jac": "[ 2.05984119e-06 -1.34789957e-06 -3.05379055e-06  2.16631157e-06\n -1.67386105e-06  2.34035014e-07]", "hess_inv": "[[ 3.21541651e+01  1.51041072e+01 -9.37484280e-02 -4.94407660e+00\n   3.50147523e+01  2.08865099e+01]\n [ 1.51041072e+01  1.08766821e+01 -1.89702025e+00 -3.40993361e+00\n   1.70671144e+01  1.11249271e+01]\n [-9.37484280e-02 -1.89702025e+00  3.16061796e+00 -9.61628604e-03\n  -8.48494401e-01 -1.59980008e+00]\n [-4.94407660e+00 -3.40993361e+00 -9.61628604e-03  3.29932675e+00\n  -6.47877257e+00 -4.00878110e+00]\n [ 3.50147523e+01  1.70671144e+01 -8.48494401e-01 -6.47877257e+00\n   5.00416115e+01  2.95292214e+01]\n [ 2.08865099e+01  1.11249271e+01 -1.59980008e+00 -4.00878110e+00\n   2.95292214e+01  1.99519186e+01]]", "nfev": "280", "njev": "40", "status": "0", "success": "True", "message": "Optimization terminated successfully.", "x": "[5.28149629 4.37269578 2.56121319 1.98745129 8.63922295 4.56653821]", "nit": "34"}, "5": {"maxiter": 100, "gtol": 1e-10, "xrtol": 1e-05, "eps": 1e-10, "duration": 0.055020809173583984, "fun": "0.008437779817903168", "jac": "[ 1.11022293e-06 -2.22044587e-06  0.00000000e+00  2.22044587e-06\n  2.22044587e-06  2.22044587e-06]", "hess_inv": "[[23.73674493  9.8073624   2.88110648 -2.90122626 25.77171336 12.47012441]\n [ 9.8073624   7.79751981 -0.66180356 -2.33433432 11.0735353   6.3260884 ]\n [ 2.88110648 -0.66180356  3.85541374 -0.46652907  3.51761001  0.57560435]\n [-2.90122626 -2.33433432 -0.46652907  3.00932314 -3.80425835 -2.21022412]\n [25.77171336 11.0735353   3.51761001 -3.80425835 35.98162732 17.74672415]\n [12.47012441  6.3260884   0.57560435 -2.21022412 17.74672415 11.27968467]]", "nfev": "315", "njev": "45", "status": "0", "success": "True", "message": "Optimization terminated successfully.", "x": "[5.28168267 4.37278846 2.56122683 1.98739954 8.63952256 4.56671087]", "nit": "36"}, "6": {"maxiter": 100, "gtol": 1e-10, "xrtol": 1e-10, "eps": 1e-05, "duration": 0.08147811889648438, "fun": "0.008437780196411726", "jac": "[-2.22044605e-11  4.44089210e-11  6.66133815e-11  2.88657986e-10\n  1.99840144e-10 -1.44328993e-10]", "hess_inv": "[[ 34.50069776  16.76106498   0.55521997  -6.60645279  40.34424688\n   23.73480002]\n [ 16.76106498  11.91316076  -1.44560681  -4.3724505   20.54766915\n   12.93164556]\n [  0.55521997  -1.44560681   3.30779151  -0.43412154   0.92793987\n   -0.61237102]\n [ -6.60645279  -4.3724505   -0.43412154   4.124165   -10.07185148\n   -5.88034895]\n [ 40.34424688  20.54766915   0.92793987 -10.07185148  61.58466007\n   35.65249603]\n [ 23.73480002  12.93164556  -0.61237102  -5.88034895  35.65249603\n   23.19057627]]", "nfev": "474", "njev": "66", "status": "2", "success": "False", "message": "Desired error not necessarily achieved due to precision loss.", "x": "[5.28152526 4.37271342 2.56122242 1.98743366 8.63928588 4.56657109]", "nit": "38"}, "7": {"maxiter": 100, "gtol": 1e-10, "xrtol": 1e-10, "eps": 1e-10, "duration": 0.07340693473815918, "fun": "0.008437779795971045", "jac": "[ 1.11022293e-06 -3.33066880e-06  1.11022293e-06  3.33066880e-06\n  1.11022293e-06  3.33066880e-06]", "hess_inv": "[[ 0.38934681  0.34440623 -0.69593955 -0.11207396 -0.31801912  0.3242998 ]\n [ 0.34440623  0.5544447  -0.512384   -0.08979297 -0.51699459  0.03765253]\n [-0.69593955 -0.512384    1.58941721  0.25821951  0.49306748 -1.19672693]\n [-0.11207396 -0.08979297  0.25821951  0.12005274  0.2210072  -0.30375354]\n [-0.31801912 -0.51699459  0.49306748  0.2210072   0.8659687  -0.3241339 ]\n [ 0.3242998   0.03765253 -1.19672693 -0.30375354 -0.3241339   1.82039996]]", "nfev": "427", "njev": "61", "status": "0", "success": "True", "message": "Optimization terminated successfully.", "x": "[5.28168668 4.37279668 2.56122248 1.98739937 8.63951245 4.5667081 ]", "nit": "43"}, "8": {"maxiter": 500, "gtol": 1e-05, "xrtol": 1e-05, "eps": 1e-05, "duration": 0.048133134841918945, "fun": "0.008437780453124377", "jac": "[ 2.05984119e-06 -1.34789957e-06 -3.05379055e-06  2.16631157e-06\n -1.67386105e-06  2.34035014e-07]", "hess_inv": "[[ 3.21541651e+01  1.51041072e+01 -9.37484280e-02 -4.94407660e+00\n   3.50147523e+01  2.08865099e+01]\n [ 1.51041072e+01  1.08766821e+01 -1.89702025e+00 -3.40993361e+00\n   1.70671144e+01  1.11249271e+01]\n [-9.37484280e-02 -1.89702025e+00  3.16061796e+00 -9.61628604e-03\n  -8.48494401e-01 -1.59980008e+00]\n [-4.94407660e+00 -3.40993361e+00 -9.61628604e-03  3.29932675e+00\n  -6.47877257e+00 -4.00878110e+00]\n [ 3.50147523e+01  1.70671144e+01 -8.48494401e-01 -6.47877257e+00\n   5.00416115e+01  2.95292214e+01]\n [ 2.08865099e+01  1.11249271e+01 -1.59980008e+00 -4.00878110e+00\n   2.95292214e+01  1.99519186e+01]]", "nfev": "280", "njev": "40", "status": "0", "success": "True", "message": "Optimization terminated successfully.", "x": "[5.28149629 4.37269578 2.56121319 1.98745129 8.63922295 4.56653821]", "nit": "34"}, "9": {"maxiter": 500, "gtol": 1e-05, "xrtol": 1e-05, "eps": 1e-10, "duration": 0.04789924621582031, "fun": "0.008437779963005987", "jac": "[ 2.22044587e-06 -3.33066880e-06 -5.55111466e-06 -4.44089173e-06\n -8.88178346e-06  1.11022293e-06]", "hess_inv": "[[17.76503724  7.22124493  1.314479   -2.1539323  17.64886317  8.7196002 ]\n [ 7.22124493  6.68778042 -1.35734535 -1.96239056  7.30100497  4.5781062 ]\n [ 1.314479   -1.35734535  3.36948575 -0.21621528  1.26253052 -0.46122563]\n [-2.1539323  -1.96239056 -0.21621528  2.96805454 -3.27489516 -1.98710706]\n [17.64886317  7.30100497  1.26253052 -3.27489516 28.36396798 14.3509442 ]\n [ 8.7196002   4.5781062  -0.46122563 -1.98710706 14.3509442   9.77118849]]", "nfev": "280", "njev": "40", "status": "0", "success": "True", "message": "Optimization terminated successfully.", "x": "[5.28162498 4.37276584 2.56120903 1.98741623 8.63939214 4.56664931]", "nit": "34"}, "10": {"maxiter": 500, "gtol": 1e-05, "xrtol": 1e-10, "eps": 1e-05, "duration": 0.047928810119628906, "fun": "0.008437780453124377", "jac": "[ 2.05984119e-06 -1.34789957e-06 -3.05379055e-06  2.16631157e-06\n -1.67386105e-06  2.34035014e-07]", "hess_inv": "[[ 3.21541651e+01  1.51041072e+01 -9.37484280e-02 -4.94407660e+00\n   3.50147523e+01  2.08865099e+01]\n [ 1.51041072e+01  1.08766821e+01 -1.89702025e+00 -3.40993361e+00\n   1.70671144e+01  1.11249271e+01]\n [-9.37484280e-02 -1.89702025e+00  3.16061796e+00 -9.61628604e-03\n  -8.48494401e-01 -1.59980008e+00]\n [-4.94407660e+00 -3.40993361e+00 -9.61628604e-03  3.29932675e+00\n  -6.47877257e+00 -4.00878110e+00]\n [ 3.50147523e+01  1.70671144e+01 -8.48494401e-01 -6.47877257e+00\n   5.00416115e+01  2.95292214e+01]\n [ 2.08865099e+01  1.11249271e+01 -1.59980008e+00 -4.00878110e+00\n   2.95292214e+01  1.99519186e+01]]", "nfev": "280", "njev": "40", "status": "0", "success": "True", "message": "Optimization terminated successfully.", "x": "[5.28149629 4.37269578 2.56121319 1.98745129 8.63922295 4.56653821]", "nit": "34"}, "11": {"maxiter": 500, "gtol": 1e-05, "xrtol": 1e-10, "eps": 1e-10, "duration": 0.04802370071411133, "fun": "0.008437779963005987", "jac": "[ 2.22044587e-06 -3.33066880e-06 -5.55111466e-06 -4.44089173e-06\n -8.88178346e-06  1.11022293e-06]", "hess_inv": "[[17.76503724  7.22124493  1.314479   -2.1539323  17.64886317  8.7196002 ]\n [ 7.22124493  6.68778042 -1.35734535 -1.96239056  7.30100497  4.5781062 ]\n [ 1.314479   -1.35734535  3.36948575 -0.21621528  1.26253052 -0.46122563]\n [-2.1539323  -1.96239056 -0.21621528  2.96805454 -3.27489516 -1.98710706]\n [17.64886317  7.30100497  1.26253052 -3.27489516 28.36396798 14.3509442 ]\n [ 8.7196002   4.5781062  -0.46122563 -1.98710706 14.3509442   9.77118849]]", "nfev": "280", "njev": "40", "status": "0", "success": "True", "message": "Optimization terminated successfully.", "x": "[5.28162498 4.37276584 2.56120903 1.98741623 8.63939214 4.56664931]", "nit": "34"}, "12": {"maxiter": 500, "gtol": 1e-10, "xrtol": 1e-05, "eps": 1e-05, "duration": 0.047933101654052734, "fun": "0.008437780453124377", "jac": "[ 2.05984119e-06 -1.34789957e-06 -3.05379055e-06  2.16631157e-06\n -1.67386105e-06  2.34035014e-07]", "hess_inv": "[[ 3.21541651e+01  1.51041072e+01 -9.37484280e-02 -4.94407660e+00\n   3.50147523e+01  2.08865099e+01]\n [ 1.51041072e+01  1.08766821e+01 -1.89702025e+00 -3.40993361e+00\n   1.70671144e+01  1.11249271e+01]\n [-9.37484280e-02 -1.89702025e+00  3.16061796e+00 -9.61628604e-03\n  -8.48494401e-01 -1.59980008e+00]\n [-4.94407660e+00 -3.40993361e+00 -9.61628604e-03  3.29932675e+00\n  -6.47877257e+00 -4.00878110e+00]\n [ 3.50147523e+01  1.70671144e+01 -8.48494401e-01 -6.47877257e+00\n   5.00416115e+01  2.95292214e+01]\n [ 2.08865099e+01  1.11249271e+01 -1.59980008e+00 -4.00878110e+00\n   2.95292214e+01  1.99519186e+01]]", "nfev": "280", "njev": "40", "status": "0", "success": "True", "message": "Optimization terminated successfully.", "x": "[5.28149629 4.37269578 2.56121319 1.98745129 8.63922295 4.56653821]", "nit": "34"}, "13": {"maxiter": 500, "gtol": 1e-10, "xrtol": 1e-05, "eps": 1e-10, "duration": 0.05380702018737793, "fun": "0.008437779817903168", "jac": "[ 1.11022293e-06 -2.22044587e-06  0.00000000e+00  2.22044587e-06\n  2.22044587e-06  2.22044587e-06]", "hess_inv": "[[23.73674493  9.8073624   2.88110648 -2.90122626 25.77171336 12.47012441]\n [ 9.8073624   7.79751981 -0.66180356 -2.33433432 11.0735353   6.3260884 ]\n [ 2.88110648 -0.66180356  3.85541374 -0.46652907  3.51761001  0.57560435]\n [-2.90122626 -2.33433432 -0.46652907  3.00932314 -3.80425835 -2.21022412]\n [25.77171336 11.0735353   3.51761001 -3.80425835 35.98162732 17.74672415]\n [12.47012441  6.3260884   0.57560435 -2.21022412 17.74672415 11.27968467]]", "nfev": "315", "njev": "45", "status": "0", "success": "True", "message": "Optimization terminated successfully.", "x": "[5.28168267 4.37278846 2.56122683 1.98739954 8.63952256 4.56671087]", "nit": "36"}, "14": {"maxiter": 500, "gtol": 1e-10, "xrtol": 1e-10, "eps": 1e-05, "duration": 0.08055400848388672, "fun": "0.008437780196411726", "jac": "[-2.22044605e-11  4.44089210e-11  6.66133815e-11  2.88657986e-10\n  1.99840144e-10 -1.44328993e-10]", "hess_inv": "[[ 34.50069776  16.76106498   0.55521997  -6.60645279  40.34424688\n   23.73480002]\n [ 16.76106498  11.91316076  -1.44560681  -4.3724505   20.54766915\n   12.93164556]\n [  0.55521997  -1.44560681   3.30779151  -0.43412154   0.92793987\n   -0.61237102]\n [ -6.60645279  -4.3724505   -0.43412154   4.124165   -10.07185148\n   -5.88034895]\n [ 40.34424688  20.54766915   0.92793987 -10.07185148  61.58466007\n   35.65249603]\n [ 23.73480002  12.93164556  -0.61237102  -5.88034895  35.65249603\n   23.19057627]]", "nfev": "474", "njev": "66", "status": "2", "success": "False", "message": "Desired error not necessarily achieved due to precision loss.", "x": "[5.28152526 4.37271342 2.56122242 1.98743366 8.63928588 4.56657109]", "nit": "38"}, "15": {"maxiter": 500, "gtol": 1e-10, "xrtol": 1e-10, "eps": 1e-10, "duration": 0.07262611389160156, "fun": "0.008437779795971045", "jac": "[ 1.11022293e-06 -3.33066880e-06  1.11022293e-06  3.33066880e-06\n  1.11022293e-06  3.33066880e-06]", "hess_inv": "[[ 0.38934681  0.34440623 -0.69593955 -0.11207396 -0.31801912  0.3242998 ]\n [ 0.34440623  0.5544447  -0.512384   -0.08979297 -0.51699459  0.03765253]\n [-0.69593955 -0.512384    1.58941721  0.25821951  0.49306748 -1.19672693]\n [-0.11207396 -0.08979297  0.25821951  0.12005274  0.2210072  -0.30375354]\n [-0.31801912 -0.51699459  0.49306748  0.2210072   0.8659687  -0.3241339 ]\n [ 0.3242998   0.03765253 -1.19672693 -0.30375354 -0.3241339   1.82039996]]", "nfev": "427", "njev": "61", "status": "0", "success": "True", "message": "Optimization terminated successfully.", "x": "[5.28168668 4.37279668 2.56122248 1.98739937 8.63951245 4.5667081 ]", "nit": "43"}, "16": {"maxiter": 1000, "gtol": 1e-05, "xrtol": 1e-05, "eps": 1e-05, "duration": 0.04788923263549805, "fun": "0.008437780453124377", "jac": "[ 2.05984119e-06 -1.34789957e-06 -3.05379055e-06  2.16631157e-06\n -1.67386105e-06  2.34035014e-07]", "hess_inv": "[[ 3.21541651e+01  1.51041072e+01 -9.37484280e-02 -4.94407660e+00\n   3.50147523e+01  2.08865099e+01]\n [ 1.51041072e+01  1.08766821e+01 -1.89702025e+00 -3.40993361e+00\n   1.70671144e+01  1.11249271e+01]\n [-9.37484280e-02 -1.89702025e+00  3.16061796e+00 -9.61628604e-03\n  -8.48494401e-01 -1.59980008e+00]\n [-4.94407660e+00 -3.40993361e+00 -9.61628604e-03  3.29932675e+00\n  -6.47877257e+00 -4.00878110e+00]\n [ 3.50147523e+01  1.70671144e+01 -8.48494401e-01 -6.47877257e+00\n   5.00416115e+01  2.95292214e+01]\n [ 2.08865099e+01  1.11249271e+01 -1.59980008e+00 -4.00878110e+00\n   2.95292214e+01  1.99519186e+01]]", "nfev": "280", "njev": "40", "status": "0", "success": "True", "message": "Optimization terminated successfully.", "x": "[5.28149629 4.37269578 2.56121319 1.98745129 8.63922295 4.56653821]", "nit": "34"}, "17": {"maxiter": 1000, "gtol": 1e-05, "xrtol": 1e-05, "eps": 1e-10, "duration": 0.04779791831970215, "fun": "0.008437779963005987", "jac": "[ 2.22044587e-06 -3.33066880e-06 -5.55111466e-06 -4.44089173e-06\n -8.88178346e-06  1.11022293e-06]", "hess_inv": "[[17.76503724  7.22124493  1.314479   -2.1539323  17.64886317  8.7196002 ]\n [ 7.22124493  6.68778042 -1.35734535 -1.96239056  7.30100497  4.5781062 ]\n [ 1.314479   -1.35734535  3.36948575 -0.21621528  1.26253052 -0.46122563]\n [-2.1539323  -1.96239056 -0.21621528  2.96805454 -3.27489516 -1.98710706]\n [17.64886317  7.30100497  1.26253052 -3.27489516 28.36396798 14.3509442 ]\n [ 8.7196002   4.5781062  -0.46122563 -1.98710706 14.3509442   9.77118849]]", "nfev": "280", "njev": "40", "status": "0", "success": "True", "message": "Optimization terminated successfully.", "x": "[5.28162498 4.37276584 2.56120903 1.98741623 8.63939214 4.56664931]", "nit": "34"}, "18": {"maxiter": 1000, "gtol": 1e-05, "xrtol": 1e-10, "eps": 1e-05, "duration": 0.04960989952087402, "fun": "0.008437780453124377", "jac": "[ 2.05984119e-06 -1.34789957e-06 -3.05379055e-06  2.16631157e-06\n -1.67386105e-06  2.34035014e-07]", "hess_inv": "[[ 3.21541651e+01  1.51041072e+01 -9.37484280e-02 -4.94407660e+00\n   3.50147523e+01  2.08865099e+01]\n [ 1.51041072e+01  1.08766821e+01 -1.89702025e+00 -3.40993361e+00\n   1.70671144e+01  1.11249271e+01]\n [-9.37484280e-02 -1.89702025e+00  3.16061796e+00 -9.61628604e-03\n  -8.48494401e-01 -1.59980008e+00]\n [-4.94407660e+00 -3.40993361e+00 -9.61628604e-03  3.29932675e+00\n  -6.47877257e+00 -4.00878110e+00]\n [ 3.50147523e+01  1.70671144e+01 -8.48494401e-01 -6.47877257e+00\n   5.00416115e+01  2.95292214e+01]\n [ 2.08865099e+01  1.11249271e+01 -1.59980008e+00 -4.00878110e+00\n   2.95292214e+01  1.99519186e+01]]", "nfev": "280", "njev": "40", "status": "0", "success": "True", "message": "Optimization terminated successfully.", "x": "[5.28149629 4.37269578 2.56121319 1.98745129 8.63922295 4.56653821]", "nit": "34"}, "19": {"maxiter": 1000, "gtol": 1e-05, "xrtol": 1e-10, "eps": 1e-10, "duration": 0.05460977554321289, "fun": "0.008437779963005987", "jac": "[ 2.22044587e-06 -3.33066880e-06 -5.55111466e-06 -4.44089173e-06\n -8.88178346e-06  1.11022293e-06]", "hess_inv": "[[17.76503724  7.22124493  1.314479   -2.1539323  17.64886317  8.7196002 ]\n [ 7.22124493  6.68778042 -1.35734535 -1.96239056  7.30100497  4.5781062 ]\n [ 1.314479   -1.35734535  3.36948575 -0.21621528  1.26253052 -0.46122563]\n [-2.1539323  -1.96239056 -0.21621528  2.96805454 -3.27489516 -1.98710706]\n [17.64886317  7.30100497  1.26253052 -3.27489516 28.36396798 14.3509442 ]\n [ 8.7196002   4.5781062  -0.46122563 -1.98710706 14.3509442   9.77118849]]", "nfev": "280", "njev": "40", "status": "0", "success": "True", "message": "Optimization terminated successfully.", "x": "[5.28162498 4.37276584 2.56120903 1.98741623 8.63939214 4.56664931]", "nit": "34"}, "20": {"maxiter": 1000, "gtol": 1e-10, "xrtol": 1e-05, "eps": 1e-05, "duration": 0.06637287139892578, "fun": "0.008437780453124377", "jac": "[ 2.05984119e-06 -1.34789957e-06 -3.05379055e-06  2.16631157e-06\n -1.67386105e-06  2.34035014e-07]", "hess_inv": "[[ 3.21541651e+01  1.51041072e+01 -9.37484280e-02 -4.94407660e+00\n   3.50147523e+01  2.08865099e+01]\n [ 1.51041072e+01  1.08766821e+01 -1.89702025e+00 -3.40993361e+00\n   1.70671144e+01  1.11249271e+01]\n [-9.37484280e-02 -1.89702025e+00  3.16061796e+00 -9.61628604e-03\n  -8.48494401e-01 -1.59980008e+00]\n [-4.94407660e+00 -3.40993361e+00 -9.61628604e-03  3.29932675e+00\n  -6.47877257e+00 -4.00878110e+00]\n [ 3.50147523e+01  1.70671144e+01 -8.48494401e-01 -6.47877257e+00\n   5.00416115e+01  2.95292214e+01]\n [ 2.08865099e+01  1.11249271e+01 -1.59980008e+00 -4.00878110e+00\n   2.95292214e+01  1.99519186e+01]]", "nfev": "280", "njev": "40", "status": "0", "success": "True", "message": "Optimization terminated successfully.", "x": "[5.28149629 4.37269578 2.56121319 1.98745129 8.63922295 4.56653821]", "nit": "34"}, "21": {"maxiter": 1000, "gtol": 1e-10, "xrtol": 1e-05, "eps": 1e-10, "duration": 0.07619619369506836, "fun": "0.008437779817903168", "jac": "[ 1.11022293e-06 -2.22044587e-06  0.00000000e+00  2.22044587e-06\n  2.22044587e-06  2.22044587e-06]", "hess_inv": "[[23.73674493  9.8073624   2.88110648 -2.90122626 25.77171336 12.47012441]\n [ 9.8073624   7.79751981 -0.66180356 -2.33433432 11.0735353   6.3260884 ]\n [ 2.88110648 -0.66180356  3.85541374 -0.46652907  3.51761001  0.57560435]\n [-2.90122626 -2.33433432 -0.46652907  3.00932314 -3.80425835 -2.21022412]\n [25.77171336 11.0735353   3.51761001 -3.80425835 35.98162732 17.74672415]\n [12.47012441  6.3260884   0.57560435 -2.21022412 17.74672415 11.27968467]]", "nfev": "315", "njev": "45", "status": "0", "success": "True", "message": "Optimization terminated successfully.", "x": "[5.28168267 4.37278846 2.56122683 1.98739954 8.63952256 4.56671087]", "nit": "36"}, "22": {"maxiter": 1000, "gtol": 1e-10, "xrtol": 1e-10, "eps": 1e-05, "duration": 0.08915209770202637, "fun": "0.008437780196411726", "jac": "[-2.22044605e-11  4.44089210e-11  6.66133815e-11  2.88657986e-10\n  1.99840144e-10 -1.44328993e-10]", "hess_inv": "[[ 34.50069776  16.76106498   0.55521997  -6.60645279  40.34424688\n   23.73480002]\n [ 16.76106498  11.91316076  -1.44560681  -4.3724505   20.54766915\n   12.93164556]\n [  0.55521997  -1.44560681   3.30779151  -0.43412154   0.92793987\n   -0.61237102]\n [ -6.60645279  -4.3724505   -0.43412154   4.124165   -10.07185148\n   -5.88034895]\n [ 40.34424688  20.54766915   0.92793987 -10.07185148  61.58466007\n   35.65249603]\n [ 23.73480002  12.93164556  -0.61237102  -5.88034895  35.65249603\n   23.19057627]]", "nfev": "474", "njev": "66", "status": "2", "success": "False", "message": "Desired error not necessarily achieved due to precision loss.", "x": "[5.28152526 4.37271342 2.56122242 1.98743366 8.63928588 4.56657109]", "nit": "38"}, "23": {"maxiter": 1000, "gtol": 1e-10, "xrtol": 1e-10, "eps": 1e-10, "duration": 0.07468605041503906, "fun": "0.008437779795971045", "jac": "[ 1.11022293e-06 -3.33066880e-06  1.11022293e-06  3.33066880e-06\n  1.11022293e-06  3.33066880e-06]", "hess_inv": "[[ 0.38934681  0.34440623 -0.69593955 -0.11207396 -0.31801912  0.3242998 ]\n [ 0.34440623  0.5544447  -0.512384   -0.08979297 -0.51699459  0.03765253]\n [-0.69593955 -0.512384    1.58941721  0.25821951  0.49306748 -1.19672693]\n [-0.11207396 -0.08979297  0.25821951  0.12005274  0.2210072  -0.30375354]\n [-0.31801912 -0.51699459  0.49306748  0.2210072   0.8659687  -0.3241339 ]\n [ 0.3242998   0.03765253 -1.19672693 -0.30375354 -0.3241339   1.82039996]]", "nfev": "427", "njev": "61", "status": "0", "success": "True", "message": "Optimization terminated successfully.", "x": "[5.28168668 4.37279668 2.56122248 1.98739937 8.63951245 4.5667081 ]", "nit": "43"}}, "cobyla": {"0": {"maxiter": 100, "tol": 1e-05, "catol": 1e-05, "duration": 0.016724109649658203, "x": "[7.85376701 4.66629254 3.46700859 0.74557501 5.19469332 4.37495126]", "status": "2", "success": "False", "message": "Maximum number of function evaluations has been exceeded.", "nfev": "100", "fun": "0.05199882821463686", "maxcv": "0.0"}, "1": {"maxiter": 100, "tol": 1e-05, "catol": 1e-10, "duration": 0.016354084014892578, "x": "[7.85376701 4.66629254 3.46700859 0.74557501 5.19469332 4.37495126]", "status": "2", "success": "False", "message": "Maximum number of function evaluations has been exceeded.", "nfev": "100", "fun": "0.05199882821463686", "maxcv": "0.0"}, "2": {"maxiter": 100, "tol": 1e-10, "catol": 1e-05, "duration": 0.01631474494934082, "x": "[7.85376701 4.66629254 3.46700859 0.74557501 5.19469332 4.37495126]", "status": "2", "success": "False", "message": "Maximum number of function evaluations has been exceeded.", "nfev": "100", "fun": "0.05199882821463686", "maxcv": "0.0"}, "3": {"maxiter": 100, "tol": 1e-10, "catol": 1e-10, "duration": 0.01709294319152832, "x": "[7.85376701 4.66629254 3.46700859 0.74557501 5.19469332 4.37495126]", "status": "2", "success": "False", "message": "Maximum number of function evaluations has been exceeded.", "nfev": "100", "fun": "0.05199882821463686", "maxcv": "0.0"}, "4": {"maxiter": 500, "tol": 1e-05, "catol": 1e-05, "duration": 0.0831308364868164, "x": "[6.83299148 4.13767768 3.41316834 1.16354312 3.88178636 4.98557322]", "status": "2", "success": "False", "message": "Maximum number of function evaluations has been exceeded.", "nfev": "500", "fun": "0.03263534021911718", "maxcv": "0.0"}, "5": {"maxiter": 500, "tol": 1e-05, "catol": 1e-10, "duration": 0.08135390281677246, "x": "[6.83299148 4.13767768 3.41316834 1.16354312 3.88178636 4.98557322]", "status": "2", "success": "False", "message": "Maximum number of function evaluations has been exceeded.", "nfev": "500", "fun": "0.03263534021911718", "maxcv": "0.0"}, "6": {"maxiter": 500, "tol": 1e-10, "catol": 1e-05, "duration": 0.08107995986938477, "x": "[6.83299148 4.13767768 3.41316834 1.16354312 3.88178636 4.98557322]", "status": "2", "success": "False", "message": "Maximum number of function evaluations has been exceeded.", "nfev": "500", "fun": "0.03263534021911718", "maxcv": "0.0"}, "7": {"maxiter": 500, "tol": 1e-10, "catol": 1e-10, "duration": 0.080963134765625, "x": "[6.832991