{"date": "2024/10/08/, 13:35:59", "conf_id": 1, "data_type": "random\n", "num_data_points": 1, "s_rank": 0, "unitary": "[[-0.56303964-0.00798273j,-0.21670212-0.15784972j,-0.06047197-0.73952673j,-0.01438004+0.24552571j],[-0.06976756+0.23474685j,-0.01275565-0.5435098j,-0.02703657-0.08917885j,-0.08210486-0.79311774j],[-0.38559961+0.10714929j,0.5933431-0.2687392j,-0.24060861+0.29149289j,-0.45147719+0.26241743j],[-0.50180421+0.45931857j,-0.11617175+0.44134496j,0.49642745+0.22684508j,-0.08544628-0.15407063j]]", "databatch_0": {"databatch": "[[[0.13097013+0.12006982j,-0.14593665-0.09634602j,-0.06364278+0.05900074j,0.04976175-0.16136353j],[-0.05970905-0.05036634j,0.0658529+0.03967376j,0.02688563-0.02707164j,-0.01893102+0.07178422j],[-0.34609938-0.25660397j,0.37622185+0.19561964j,0.13863591-0.15831944j,-0.07938546+0.40169886j],[0.21023659-0.23237435j,-0.16822327+0.25849413j,0.1047932+0.11155645j,-0.28516049-0.08588756j]]]", "initial param values": "[3.26805558,5.77265916,4.63828925,0.86127036,0.78137719,2.57116339]", "nelder_mead": {"type": "gradient-free", "0": {"maxiter": 100, "fatol": 1e-05, "xatol": 1e-05, "duration": 0.07832503318786621, "fun": "0.06992679445769778", "nit": "100", "nfev": "161", "status": "2", "success": "False", "message": "Maximum number of iterations has been exceeded.", "x": "[ 3.47618477  8.01780385  7.60821968  1.23208704  0.5977964  -0.05761626]", "final_simplex": "(array([[ 3.47618477e+00,  8.01780385e+00,  7.60821968e+00,\n         1.23208704e+00,  5.97796397e-01, -5.76162553e-02],\n       [ 3.41449807e+00,  7.89999410e+00,  7.38168719e+00,\n         1.25491810e+00,  5.94888218e-01,  2.98366190e-02],\n       [ 3.51236820e+00,  7.91715834e+00,  7.45036833e+00,\n         1.21537708e+00,  6.24790924e-01,  1.32672402e-03],\n       [ 3.45795497e+00,  7.83409855e+00,  7.33672616e+00,\n         1.30333079e+00,  5.73965475e-01,  2.06665170e-02],\n       [ 3.50798154e+00,  7.87202739e+00,  7.31855924e+00,\n         1.21114712e+00,  6.34801850e-01,  2.99286933e-02],\n       [ 3.47605153e+00,  7.86156055e+00,  7.41215367e+00,\n         1.32112644e+00,  5.62866661e-01, -4.03443183e-02],\n       [ 3.46572656e+00,  7.79248745e+00,  7.40625282e+00,\n         1.30795447e+00,  5.65549475e-01,  3.21397784e-02]]), array([0.06992679, 0.07272923, 0.07331003, 0.07488713, 0.07519409,\n       0.07577895, 0.07693303]))", "callback": [0.8445157081289671, 0.8077149107983743, 0.32257974713731574, 0.25373198013827547, 0.18619583083929248, 0.09117714741225391, 0.08636376830137282, 0.08208739197753401, 0.08043033686510492, 0.07488712677085896]}, "1": {"maxiter": 100, "fatol": 1e-05, "xatol": 1e-10, "duration": 0.07735085487365723, "fun": "0.06992679445769778", "nit": "100", "nfev": "161", "status": "2", "success": "False", "message": "Maximum number of iterations has been exceeded.", "x": "[ 3.47618477  8.01780385  7.60821968  1.23208704  0.5977964  -0.05761626]", "final_simplex": "(array([[ 3.47618477e+00,  8.01780385e+00,  7.60821968e+00,\n         1.23208704e+00,  5.97796397e-01, -5.76162553e-02],\n       [ 3.41449807e+00,  7.89999410e+00,  7.38168719e+00,\n         1.25491810e+00,  5.94888218e-01,  2.98366190e-02],\n       [ 3.51236820e+00,  7.91715834e+00,  7.45036833e+00,\n         1.21537708e+00,  6.24790924e-01,  1.32672402e-03],\n       [ 3.45795497e+00,  7.83409855e+00,  7.33672616e+00,\n         1.30333079e+00,  5.73965475e-01,  2.06665170e-02],\n       [ 3.50798154e+00,  7.87202739e+00,  7.31855924e+00,\n         1.21114712e+00,  6.34801850e-01,  2.99286933e-02],\n       [ 3.47605153e+00,  7.86156055e+00,  7.41215367e+00,\n         1.32112644e+00,  5.62866661e-01, -4.03443183e-02],\n       [ 3.46572656e+00,  7.79248745e+00,  7.40625282e+00,\n         1.30795447e+00,  5.65549475e-01,  3.21397784e-02]]), array([0.06992679, 0.07272923, 0.07331003, 0.07488713, 0.07519409,\n       0.07577895, 0.07693303]))", "callback": [0.8445157081289671, 0.8077149107983743, 0.32257974713731574, 0.25373198013827547, 0.18619583083929248, 0.09117714741225391, 0.08636376830137282, 0.08208739197753401, 0.08043033686510492, 0.07488712677085896]}, "2": {"maxiter": 100, "fatol": 1e-10, "xatol": 1e-05, "duration": 0.07602214813232422, "fun": "0.06992679445769778", "nit": "100", "nfev": "161", "status": "2", "success": "False", "message": "Maximum number of iterations has been exceeded.", "x": "[ 3.47618477  8.01780385  7.60821968  1.23208704  0.5977964  -0.05761626]", "final_simplex": "(array([[ 3.47618477e+00,  8.01780385e+00,  7.60821968e+00,\n         1.23208704e+00,  5.97796397e-01, -5.76162553e-02],\n       [ 3.41449807e+00,  7.89999410e+00,  7.38168719e+00,\n         1.25491810e+00,  5.94888218e-01,  2.98366190e-02],\n       [ 3.51236820e+00,  7.91715834e+00,  7.45036833e+00,\n         1.21537708e+00,  6.24790924e-01,  1.32672402e-03],\n       [ 3.45795497e+00,  7.83409855e+00,  7.33672616e+00,\n         1.30333079e+00,  5.73965475e-01,  2.06665170e-02],\n       [ 3.50798154e+00,  7.87202739e+00,  7.31855924e+00,\n         1.21114712e+00,  6.34801850e-01,  2.99286933e-02],\n       [ 3.47605153e+00,  7.86156055e+00,  7.41215367e+00,\n         1.32112644e+00,  5.62866661e-01, -4.03443183e-02],\n       [ 3.46572656e+00,  7.79248745e+00,  7.40625282e+00,\n         1.30795447e+00,  5.65549475e-01,  3.21397784e-02]]), array([0.06992679, 0.07272923, 0.07331003, 0.07488713, 0.07519409,\n       0.07577895, 0.07693303]))", "callback": [0.8445157081289671, 0.8077149107983743, 0.32257974713731574, 0.25373198013827547, 0.18619583083929248, 0.09117714741225391, 0.08636376830137282, 0.08208739197753401, 0.08043033686510492, 0.07488712677085896]}, "3": {"maxiter": 100, "fatol": 1e-10, "xatol": 1e-10, "duration": 0.0788888931274414, "fun": "0.06992679445769778", "nit": "100", "nfev": "161", "status": "2", "success": "False", "message": "Maximum number of iterations has been exceeded.", "x": "[ 3.47618477  8.01780385  7.60821968  1.23208704  0.5977964  -0.05761626]", "final_simplex": "(array([[ 3.47618477e+00,  8.01780385e+00,  7.60821968e+00,\n         1.23208704e+00,  5.97796397e-01, -5.76162553e-02],\n       [ 3.41449807e+00,  7.89999410e+00,  7.38168719e+00,\n         1.25491810e+00,  5.94888218e-01,  2.98366190e-02],\n       [ 3.51236820e+00,  7.91715834e+00,  7.45036833e+00,\n         1.21537708e+00,  6.24790924e-01,  1.32672402e-03],\n       [ 3.45795497e+00,  7.83409855e+00,  7.33672616e+00,\n         1.30333079e+00,  5.73965475e-01,  2.06665170e-02],\n       [ 3.50798154e+00,  7.87202739e+00,  7.31855924e+00,\n         1.21114712e+00,  6.34801850e-01,  2.99286933e-02],\n       [ 3.47605153e+00,  7.86156055e+00,  7.41215367e+00,\n         1.32112644e+00,  5.62866661e-01, -4.03443183e-02],\n       [ 3.46572656e+00,  7.79248745e+00,  7.40625282e+00,\n         1.30795447e+00,  5.65549475e-01,  3.21397784e-02]]), array([0.06992679, 0.07272923, 0.07331003, 0.07488713, 0.07519409,\n       0.07577895, 0.07693303]))", "callback": [0.8445157081289671, 0.8077149107983743, 0.32257974713731574, 0.25373198013827547, 0.18619583083929248, 0.09117714741225391, 0.08636376830137282, 0.08208739197753401, 0.08043033686510492, 0.07488712677085896]}, "4": {"maxiter": 500, "fatol": 1e-05, "xatol": 1e-05, "duration": 0.22313714027404785, "fun": "0.05659614783987621", "nit": "328", "nfev": "524", "status": "0", "success": "True", "message": "Optimization terminated successfully.", "x": "[ 3.57153178  8.56374433  8.09398871  1.16102959  0.57414164 -0.02546089]", "final_simplex": "(array([[ 3.57153178,  8.56374433,  8.09398871,  1.16102959,  0.57414164,\n        -0.02546089],\n       [ 3.57153048,  8.5637503 ,  8.09399647,  1.16103088,  0.57414013,\n        -0.02546381],\n       [ 3.57153591,  8.56374938,  8.0939985 ,  1.16102868,  0.57414119,\n        -0.02545857],\n       [ 3.57153422,  8.56374663,  8.09399125,  1.16103165,  0.5741401 ,\n        -0.02545963],\n       [ 3.57153435,  8.56373821,  8.0939866 ,  1.16103136,  0.57414073,\n        -0.0254584 ],\n       [ 3.57153429,  8.5637473 ,  8.0939977 ,  1.16103526,  0.57413775,\n        -0.02545892],\n       [ 3.57153383,  8.563749  ,  8.09399602,  1.16102977,  0.57414219,\n        -0.02546484]]), array([0.05659615, 0.05659615, 0.05659615, 0.05659615, 0.05659615,\n       0.05659615, 0.05659615]))", "callback": [0.8445157081289671, 0.8077149107983743, 0.32257974713731574, 0.25373198013827547, 0.18619583083929248, 0.09117714741225391, 0.08636376830137282, 0.08208739197753401, 0.08043033686510492, 0.07488712677085896, 0.06845275781219429, 0.06102341825138391, 0.061016772331125124, 0.06060212326053693, 0.06048090342916357, 0.06022291756163256, 0.05996885992363876, 0.059099899606146145, 0.05709437216371993, 0.0568683786464258, 0.05671202632022332, 0.05660977986847637, 0.05660747713896719, 0.056597998527428306, 0.056596471311565866, 0.056596230140463444, 0.05659615250181971, 0.05659615223324377, 0.05659614869271257, 0.05659614808740965, 0.056596147887828296, 0.05659614785199851, 0.05659614784176725]}, "5": {"maxiter": 500, "fatol": 1e-05, "xatol": 1e-10, "duration": 0.3104369640350342, "fun": "0.056596147838765654", "nit": "426", "nfev": "738", "status": "0", "success": "True", "message": "Optimization terminated successfully.", "x": "[ 3.57153171  8.56374849  8.09399427  1.16102917  0.57414118 -0.02546143]", "final_simplex": "(array([[ 3.57153171,  8.56374849,  8.09399427,  1.16102917,  0.57414118,\n        -0.02546143],\n       [ 3.57153171,  8.56374849,  8.09399427,  1.16102917,  0.57414118,\n        -0.02546143],\n       [ 3.57153171,  8.56374849,  8.09399427,  1.16102917,  0.57414118,\n        -0.02546143],\n       [ 3.57153171,  8.56374849,  8.09399427,  1.16102917,  0.57414118,\n        -0.02546143],\n       [ 3.57153171,  8.56374849,  8.09399427,  1.16102917,  0.57414118,\n        -0.02546143],\n       [ 3.57153171,  8.56374849,  8.09399427,  1.16102917,  0.57414118,\n        -0.02546143],\n       [ 3.57153171,  8.56374849,  8.09399427,  1.16102917,  0.57414118,\n        -0.02546143]]), array([0.05659615, 0.05659615, 0.05659615, 0.05659615, 0.05659615,\n       0.05659615, 0.05659615]))", "callback": [0.8445157081289671, 0.8077149107983743, 0.32257974713731574, 0.25373198013827547, 0.18619583083929248, 0.09117714741225391, 0.08636376830137282, 0.08208739197753401, 0.08043033686510492, 0.07488712677085896, 0.06845275781219429, 0.06102341825138391, 0.061016772331125124, 0.06060212326053693, 0.06048090342916357, 0.06022291756163256, 0.05996885992363876, 0.059099899606146145, 0.05709437216371993, 0.0568683786464258, 0.05671202632022332, 0.05660977986847637, 0.05660747713896719, 0.056597998527428306, 0.056596471311565866, 0.056596230140463444, 0.05659615250181971, 0.05659615223324377, 0.05659614869271257, 0.05659614808740965, 0.056596147887828296, 0.05659614785199851, 0.05659614784176725, 0.05659614783987621, 0.05659614783895961, 0.05659614783878952, 0.05659614783877487, 0.05659614783876754, 0.0565961478387661, 0.056596147838765876, 0.056596147838765765, 0.056596147838765654, 0.056596147838765654]}, "6": {"maxiter": 500, "fatol": 1e-10, "xatol": 1e-05, "duration": 0.24193120002746582, "fun": "0.05659614783987621", "nit": "328", "nfev": "524", "status": "0", "success": "True", "message": "Optimization terminated successfully.", "x": "[ 3.57153178  8.56374433  8.09398871  1.16102959  0.57414164 -0.02546089]", "final_simplex": "(array([[ 3.57153178,  8.56374433,  8.09398871,  1.16102959,  0.57414164,\n        -0.02546089],\n       [ 3.57153048,  8.5637503 ,  8.09399647,  1.16103088,  0.57414013,\n        -0.02546381],\n       [ 3.57153591,  8.56374938,  8.0939985 ,  1.16102868,  0.57414119,\n        -0.02545857],\n       [ 3.57153422,  8.56374663,  8.09399125,  1.16103165,  0.5741401 ,\n        -0.02545963],\n       [ 3.57153435,  8.56373821,  8.0939866 ,  1.16103136,  0.57414073,\n        -0.0254584 ],\n       [ 3.57153429,  8.5637473 ,  8.0939977 ,  1.16103526,  0.57413775,\n        -0.02545892],\n       [ 3.57153383,  8.563749  ,  8.09399602,  1.16102977,  0.57414219,\n        -0.02546484]]), array([0.05659615, 0.05659615, 0.05659615, 0.05659615, 0.05659615,\n       0.05659615, 0.05659615]))", "callback": [0.8445157081289671, 0.8077149107983743, 0.32257974713731574, 0.25373198013827547, 0.18619583083929248, 0.09117714741225391, 0.08636376830137282, 0.08208739197753401, 0.08043033686510492, 0.07488712677085896, 0.06845275781219429, 0.06102341825138391, 0.061016772331125124, 0.06060212326053693, 0.06048090342916357, 0.06022291756163256, 0.05996885992363876, 0.059099899606146145, 0.05709437216371993, 0.0568683786464258, 0.05671202632022332, 0.05660977986847637, 0.05660747713896719, 0.056597998527428306, 0.056596471311565866, 0.056596230140463444, 0.05659615250181971, 0.05659615223324377, 0.05659614869271257, 0.05659614808740965, 0.056596147887828296, 0.05659614785199851, 0.05659614784176725]}, "7": {"maxiter": 500, "fatol": 1e-10, "xatol": 1e-10, "duration": 0.3391232490539551, "fun": "0.056596147838765654", "nit": "426", "nfev": "738", "status": "0", "success": "True", "message": "Optimization terminated successfully.", "x": "[ 3.57153171  8.56374849  8.09399427  1.16102917  0.57414118 -0.02546143]", "final_simplex": "(array([[ 3.57153171,  8.56374849,  8.09399427,  1.16102917,  0.57414118,\n        -0.02546143],\n       [ 3.57153171,  8.56374849,  8.09399427,  1.16102917,  0.57414118,\n        -0.02546143],\n       [ 3.57153171,  8.56374849,  8.09399427,  1.16102917,  0.57414118,\n        -0.02546143],\n       [ 3.57153171,  8.56374849,  8.09399427,  1.16102917,  0.57414118,\n        -0.02546143],\n       [ 3.57153171,  8.56374849,  8.09399427,  1.16102917,  0.57414118,\n        -0.02546143],\n       [ 3.57153171,  8.56374849,  8.09399427,  1.16102917,  0.57414118,\n        -0.02546143],\n       [ 3.57153171,  8.56374849,  8.09399427,  1.16102917,  0.57414118,\n        -0.02546143]]), array([0.05659615, 0.05659615, 0.05659615, 0.05659615, 0.05659615,\n       0.05659615, 0.05659615]))", "callback": [0.8445157081289671, 0.8077149107983743, 0.32257974713731574, 0.25373198013827547, 0.18619583083929248, 0.09117714741225391, 0.08636376830137282, 0.08208739197753401, 0.08043033686510492, 0.07488712677085896, 0.06845275781219429, 0.06102341825138391, 0.061016772331125124, 0.06060212326053693, 0.06048090342916357, 0.06022291756163256, 0.05996885992363876, 0.059099899606146145, 0.05709437216371993, 0.0568683786464258, 0.05671202632022332, 0.05660977986847637, 0.05660747713896719, 0.056597998527428306, 0.056596471311565866, 0.056596230140463444, 0.05659615250181971, 0.05659615223324377, 0.05659614869271257, 0.05659614808740965, 0.056596147887828296, 0.05659614785199851, 0.05659614784176725, 0.05659614783987621, 0.05659614783895961, 0.05659614783878952, 0.05659614783877487, 0.05659614783876754, 0.0565961478387661, 0.056596147838765876, 0.056596147838765765, 0.056596147838765654, 0.056596147838765654]}, "8": {"maxiter": 1000, "fatol": 1e-05, "xatol": 1e-05, "duration": 0.2435619831085205, "fun": "0.05659614783987621", "nit": "328", "nfev": "524", "status": "0", "success": "True", "message": "Optimization terminated successfully.", "x": "[ 3.57153178  8.56374433  8.09398871  1.16102959  0.57414164 -0.02546089]", "final_simplex": "(array([[ 3.57153178,  8.56374433,  8.09398871,  1.16102959,  0.57414164,\n        -0.02546089],\n       [ 3.57153048,  8.5637503 ,  8.09399647,  1.16103088,  0.57414013,\n        -0.02546381],\n       [ 3.57153591,  8.56374938,  8.0939985 ,  1.16102868,  0.57414119,\n        -0.02545857],\n       [ 3.57153422,  8.56374663,  8.09399125,  1.16103165,  0.5741401 ,\n        -0.02545963],\n       [ 3.57153435,  8.56373821,  8.0939866 ,  1.16103136,  0.57414073,\n        -0.0254584 ],\n       [ 3.57153429,  8.5637473 ,  8.0939977 ,  1.16103526,  0.57413775,\n        -0.02545892],\n       [ 3.57153383,  8.563749  ,  8.09399602,  1.16102977,  0.57414219,\n        -0.02546484]]), array([0.05659615, 0.05659615, 0.05659615, 0.05659615, 0.05659615,\n       0.05659615, 0.05659615]))", "callback": [0.8445157081289671, 0.8077149107983743, 0.32257974713731574, 0.25373198013827547, 0.18619583083929248, 0.09117714741225391, 0.08636376830137282, 0.08208739197753401, 0.08043033686510492, 0.07488712677085896, 0.06845275781219429, 0.06102341825138391, 0.061016772331125124, 0.06060212326053693, 0.06048090342916357, 0.06022291756163256, 0.05996885992363876, 0.059099899606146145, 0.05709437216371993, 0.0568683786464258, 0.05671202632022332, 0.05660977986847637, 0.05660747713896719, 0.056597998527428306, 0.056596471311565866, 0.056596230140463444, 0.05659615250181971, 0.05659615223324377, 0.05659614869271257, 0.05659614808740965, 0.056596147887828296, 0.05659614785199851, 0.05659614784176725]}, "9": {"maxiter": 1000, "fatol": 1e-05, "xatol": 1e-10, "duration": 0.3236079216003418, "fun": "0.056596147838765654", "nit": "426", "nfev": "738", "status": "0", "success": "True", "message": "Optimization terminated successfully.", "x": "[ 3.57153171  8.56374849  8.09399427  1.16102917  0.57414118 -0.02546143]", "final_simplex": "(array([[ 3.57153171,  8.56374849,  8.09399427,  1.16102917,  0.57414118,\n        -0.02546143],\n       [ 3.57153171,  8.56374849,  8.09399427,  1.16102917,  0.57414118,\n        -0.02546143],\n       [ 3.57153171,  8.56374849,  8.09399427,  1.16102917,  0.57414118,\n        -0.02546143],\n       [ 3.57153171,  8.56374849,  8.09399427,  1.16102917,  0.57414118,\n        -0.02546143],\n       [ 3.57153171,  8.56374849,  8.09399427,  1.16102917,  0.57414118,\n        -0.02546143],\n       [ 3.57153171,  8.56374849,  8.09399427,  1.16102917,  0.57414118,\n        -0.02546143],\n       [ 3.57153171,  8.56374849,  8.09399427,  1.16102917,  0.57414118,\n        -0.02546143]]), array([0.05659615, 0.05659615, 0.05659615, 0.05659615, 0.05659615,\n       0.05659615, 0.05659615]))", "callback": [0.8445157081289671, 0.8077149107983743, 0.32257974713731574, 0.25373198013827547, 0.18619583083929248, 0.09117714741225391, 0.08636376830137282, 0.08208739197753401, 0.08043033686510492, 0.07488712677085896, 0.06845275781219429, 0.06102341825138391, 0.061016772331125124, 0.06060212326053693, 0.06048090342916357, 0.06022291756163256, 0.05996885992363876, 0.059099899606146145, 0.05709437216371993, 0.0568683786464258, 0.05671202632022332, 0.05660977986847637, 0.05660747713896719, 0.056597998527428306, 0.056596471311565866, 0.056596230140463444, 0.05659615250181971, 0.05659615223324377, 0.05659614869271257, 0.05659614808740965, 0.056596147887828296, 0.05659614785199851, 0.05659614784176725, 0.05659614783987621, 0.05659614783895961, 0.05659614783878952, 0.05659614783877487, 0.05659614783876754, 0.0565961478387661, 0.056596147838765876, 0.056596147838765765, 0.056596147838765654, 0.056596147838765654]}, "10": {"maxiter": 1000, "fatol": 1e-10, "xatol": 1e-05, "duration": 0.22934603691101074, "fun": "0.05659614783987621", "nit": "328", "nfev": "524", "status": "0", "success": "True", "message": "Optimization terminated successfully.", "x": "[ 3.57153178  8.56374433  8.09398871  1.16102959  0.57414164 -0.02546089]", "final_simplex": "(array([[ 3.57153178,  8.56374433,  8.09398871,  1.16102959,  0.57414164,\n        -0.02546089],\n       [ 3.57153048,  8.5637503 ,  8.09399647,  1.16103088,  0.57414013,\n        -0.02546381],\n       [ 3.57153591,  8.56374938,  8.0939985 ,  1.16102868,  0.57414119,\n        -0.02545857],\n       [ 3.57153422,  8.56374663,  8.09399125,  1.16103165,  0.5741401 ,\n        -0.02545963],\n       [ 3.57153435,  8.56373821,  8.0939866 ,  1.16103136,  0.57414073,\n        -0.0254584 ],\n       [ 3.57153429,  8.5637473 ,  8.0939977 ,  1.16103526,  0.57413775,\n        -0.02545892],\n       [ 3.57153383,  8.563749  ,  8.09399602,  1.16102977,  0.57414219,\n        -0.02546484]]), array([0.05659615, 0.05659615, 0.05659615, 0.05659615, 0.05659615,\n       0.05659615, 0.05659615]))", "callback": [0.8445157081289671, 0.8077149107983743, 0.32257974713731574, 0.25373198013827547, 0.18619583083929248, 0.09117714741225391, 0.08636376830137282, 0.08208739197753401, 0.08043033686510492, 0.07488712677085896, 0.06845275781219429, 0.06102341825138391, 0.061016772331125124, 0.06060212326053693, 0.06048090342916357, 0.06022291756163256, 0.05996885992363876, 0.059099899606146145, 0.05709437216371993, 0.0568683786464258, 0.05671202632022332, 0.05660977986847637, 0.05660747713896719, 0.056597998527428306, 0.056596471311565866, 0.056596230140463444, 0.05659615250181971, 0.05659615223324377, 0.05659614869271257, 0.05659614808740965, 0.056596147887828296, 0.05659614785199851, 0.05659614784176725]}, "11": {"maxiter": 1000, "fatol": 1e-10, "xatol": 1e-10, "duration": 0.34192371368408203, "fun": "0.056596147838765654", "nit": "426", "nfev": "738", "status": "0", "success": "True", "message": "Optimization terminated successfully.", "x": "[ 3.57153171  8.56374849  8.09399427  1.16102917  0.57414118 -0.02546143]", "final_simplex": "(array([[ 3.57153171,  8.56374849,  8.09399427,  1.16102917,  0.57414118,\n        -0.02546143],\n       [ 3.57153171,  8.56374849,  8.09399427,  1.16102917,  0.57414118,\n        -0.02546143],\n       [ 3.57153171,  8.56374849,  8.09399427,  1.16102917,  0.57414118,\n        -0.02546143],\n       [ 3.57153171,  8.56374849,  8.09399427,  1.16102917,  0.57414118,\n        -0.02546143],\n       [ 3.57153171,  8.56374849,  8.09399427,  1.16102917,  0.57414118,\n        -0.02546143],\n       [ 3.57153171,  8.56374849,  8.09399427,  1.16102917,  0.57414118,\n        -0.02546143],\n       [ 3.57153171,  8.56374849,  8.09399427,  1.16102917,  0.57414118,\n        -0.02546143]]), array([0.05659615, 0.05659615, 0.05659615, 0.05659615, 0.05659615,\n       0.05659615, 0.05659615]))", "callback": [0.8445157081289671, 0.8077149107983743, 0.32257974713731574, 0.25373198013827547, 0.18619583083929248, 0.09117714741225391, 0.08636376830137282, 0.08208739197753401, 0.08043033686510492, 0.07488712677085896, 0.06845275781219429, 0.06102341825138391, 0.061016772331125124, 0.06060212326053693, 0.06048090342916357, 0.06022291756163256, 0.05996885992363876, 0.059099899606146145, 0.05709437216371993, 0.0568683786464258, 0.05671202632022332, 0.05660977986847637, 0.05660747713896719, 0.056597998527428306, 0.056596471311565866, 0.056596230140463444, 0.05659615250181971, 0.05659615223324377, 0.05659614869271257, 0.05659614808740965, 0.056596147887828296, 0.05659614785199851, 0.05659614784176725, 0.05659614783987621, 0.05659614783895961, 0.05659614783878952, 0.05659614783877487, 0.05659614783876754, 0.0565961478387661, 0.056596147838765876, 0.056596147838765765, 0.056596147838765654, 0.056596147838765654]}}, "bfgs": {"type": "gradient", "0": {"maxiter": 100, "gtol": 1e-05, "xrtol": 1e-05, "eps": 1e-05, "duration": 0.0698399543762207, "fun": "0.056596148247283984", "jac": "[-4.35116387e-06  7.85288501e-06  8.35634895e-06  4.82522911e-06\n  2.78710388e-07 -1.20982113e-06]", "hess_inv": "[[ 2.69711859  0.07836012  0.35158942 -1.4004477   0.51577854 -1.41490529]\n [ 0.07836012  4.85764774  1.67504387  0.16689136  1.98112562 -0.02355847]\n [ 0.35158942  1.67504387  4.2747045   0.50863125  1.87584713 -1.79368061]\n [-1.4004477   0.16689136  0.50863125  2.50581533  0.17769267  0.80283454]\n [ 0.51577854  1.98112562  1.87584713  0.17769267  4.20064374 -2.02857277]\n [-1.41490529 -0.02355847 -1.79368061  0.80283454 -2.02857277  4.01830501]]", "nfev": "147", "njev": "21", "status": "0", "success": "True", "message": "Optimization terminated successfully.", "x": "[4.16929332 6.94787009 4.46968229 1.07889937 3.12426559 2.79986413]", "nit": "15", "callback": [0.43613658937611266, 0.4115812071699194, 0.2328705758118581, 0.15626021290644354, 0.10490118785735547, 0.07406627592838011, 0.06817538763913489, 0.06052036282338602, 0.058294585478162575, 0.05747589271696163, 0.057030351286211256, 0.05668625506530556, 0.05660130108812711, 0.05659620571844892, 0.056596148247283984]}, "1": {"maxiter": 100, "gtol": 1e-05, "xrtol": 1e-05, "eps": 1e-10, "duration": 0.06759500503540039, "fun": "0.0565961483635814", "jac": "[-6.66133760e-06  7.77156053e-06  8.88178346e-06  4.44089173e-06\n -1.11022293e-06 -4.44089173e-06]", "hess_inv": "[[ 2.70154188  0.08169885  0.35358386 -1.40453515  0.52592882 -1.42425141]\n [ 0.08169885  4.85809273  1.67616007  0.1638767   1.98683315 -0.0300998 ]\n [ 0.35358386  1.67616007  4.27598213  0.5066906   1.88053989 -1.79837688]\n [-1.40453515  0.1638767   0.5066906   2.50878056  0.17104351  0.80825902]\n [ 0.52592882  1.98683315  1.88053989  0.17104351  4.21236318 -2.03838773]\n [-1.42425141 -0.0300998  -1.79837688  0.80825902 -2.03838773  4.02462224]]", "nfev": "147", "njev": "21", "status": "0", "success": "True", "message": "Optimization terminated successfully.", "x": "[4.16928778 6.94787434 4.46968844 1.07890402 3.12427013 2.7998678 ]", "nit": "15", "callback": [0.43614026881458823, 0.4115847399151228, 0.232878777102263, 0.15626141306835994, 0.10490326772904657, 0.07406733717439795, 0.06817618344235565, 0.06052021114529793, 0.058294406339562954, 0.05747578272254705, 0.05703016425922569, 0.05668603363159663, 0.056601327490935605, 0.056596208187026265, 0.0565961483635814]}, "2": {"maxiter": 100, "gtol": 1e-05, "xrtol": 1e-10, "eps": 1e-05, "duration": 0.06258773803710938, "fun": "0.056596148247283984", "jac": "[-4.35116387e-06  7.85288501e-06  8.35634895e-06  4.82522911e-06\n  2.78710388e-07 -1.20982113e-06]", "hess_inv": "[[ 2.69711859  0.07836012  0.35158942 -1.4004477   0.51577854 -1.41490529]\n [ 0.07836012  4.85764774  1.67504387  0.16689136  1.98112562 -0.02355847]\n [ 0.35158942  1.67504387  4.2747045   0.50863125  1.87584713 -1.79368061]\n [-1.4004477   0.16689136  0.50863125  2.50581533  0.17769267  0.80283454]\n [ 0.51577854  1.98112562  1.87584713  0.17769267  4.20064374 -2.02857277]\n [-1.41490529 -0.02355847 -1.79368061  0.80283454 -2.02857277  4.01830501]]", "nfev": "147", "njev": "21", "status": "0", "success": "True", "message": "Optimization terminated successfully.", "x": "[4.16929332 6.94787009 4.46968229 1.07889937 3.12426559 2.79986413]", "nit": "15", "callback": [0.43613658937611266, 0.4115812071699194, 0.2328705758118581, 0.15626021290644354, 0.10490118785735547, 0.07406627592838011, 0.06817538763913489, 0.06052036282338602, 0.058294585478162575, 0.05747589271696163, 0.057030351286211256, 0.05668625506530556, 0.05660130108812711, 0.05659620571844892, 0.056596148247283984]}, "3": {"maxiter": 100, "gtol": 1e-05, "xrtol": 1e-10, "eps": 1e-10, "duration": 0.06426215171813965, "fun": "0.0565961483635814", "jac": "[-6.66133760e-06  7.77156053e-06  8.88178346e-06  4.44089173e-06\n -1.11022293e-06 -4.44089173e-06]", "hess_inv": "[[ 2.70154188  0.08169885  0.35358386 -1.40453515  0.52592882 -1.42425141]\n [ 0.08169885  4.85809273  1.67616007  0.1638767   1.98683315 -0.0300998 ]\n [ 0.35358386  1.67616007  4.27598213  0.5066906   1.88053989 -1.79837688]\n [-1.40453515  0.1638767   0.5066906   2.50878056  0.17104351  0.80825902]\n [ 0.52592882  1.98683315  1.88053989  0.17104351  4.21236318 -2.03838773]\n [-1.42425141 -0.0300998  -1.79837688  0.80825902 -2.03838773  4.02462224]]", "nfev": "147", "njev": "21", "status": "0", "success": "True", "message": "Optimization terminated successfully.", "x": "[4.16928778 6.94787434 4.46968844 1.07890402 3.12427013 2.7998678 ]", "nit": "15", "callback": [0.43614026881458823, 0.4115847399151228, 0.232878777102263, 0.15626141306835994, 0.10490326772904657, 0.07406733717439795, 0.06817618344235565, 0.06052021114529793, 0.058294406339562954, 0.05747578272254705, 0.05703016425922569, 0.05668603363159663, 0.056601327490935605, 0.056596208187026265, 0.0565961483635814]}, "4": {"maxiter": 100, "gtol": 1e-10, "xrtol": 1e-05, "eps": 1e-05, "duration": 0.06624603271484375, "fun": "0.056596147872544744", "jac": "[ 1.28519417e-07  1.31716860e-07  1.16351373e-08  6.11355411e-07\n -1.40554235e-07  1.01629816e-07]", "hess_inv": "[[ 2.70152771  0.01457126  0.28774721 -1.41531645  0.44302613 -1.36871753]\n [ 0.01457126  5.1850438   1.99947126  0.28881854  2.23556209 -0.13836833]\n [ 0.28774721  1.99947126  4.59614036  0.63015299  2.12615048 -1.90557302]\n [-1.41531645  0.28881854  0.63015299  2.54137388  0.29813584  0.7336814 ]\n [ 0.44302613  2.23556209  2.12615048  0.29813584  4.33138429 -2.04895303]\n [-1.36871753 -0.13836833 -1.90557302  0.7336814  -2.04895303  3.98782136]]", "nfev": "154", "njev": "22", "status": "0", "success": "True", "message": "Optimization terminated successfully.", "x": "[4.16930761 6.94781054 4.4696235  1.07887422 3.12422707 2.79987704]", "nit": "16", "callback": [0.43613658937611266, 0.4115812071699194, 0.2328705758118581, 0.15626021290644354, 0.10490118785735547, 0.07406627592838011, 0.06817538763913489, 0.06052036282338602, 0.058294585478162575, 0.05747589271696163, 0.057030351286211256, 0.05668625506530556, 0.05660130108812711, 0.05659620571844892, 0.056596148247283984, 0.056596147872544744]}, "5": {"maxiter": 100, "gtol": 1e-10, "xrtol": 1e-05, "eps": 1e-10, "duration": 0.0730748176574707, "fun": "0.056596147872509994", "jac": "[0.00000000e+00 1.11022293e-06 2.22044587e-06 1.11022293e-06\n 3.33066880e-06 5.55111466e-06]", "hess_inv": "[[ 2.70090528  0.01348388  0.28614393 -1.41604711  0.44113633 -1.36866115]\n [ 0.01348388  5.15124106  1.9969033   0.27839645  2.2143108  -0.16333884]\n [ 0.28614393  1.9969033   4.62378116  0.62539278  2.14331719 -1.95487444]\n [-1.41604711  0.27839645  0.62539278  2.53964094  0.2891172   0.73366813]\n [ 0.44113633  2.2143108   2.14331719  0.2891172   4.32740442 -2.09433626]\n [-1.36866115 -0.16333884 -1.95487444  0.73366813 -2.09433626  4.04856902]]", "nfev": "154", "njev": "22", "status": "0", "success": "True", "message": "Optimization terminated successfully.", "x": "[4.16930382 6.94781715 4.46962468 1.07887917 3.12423104 2.79988971]", "nit": "16", "callback": [0.43614026881458823, 0.4115847399151228, 0.232878777102263, 0.15626141306835994, 0.10490326772904657, 0.07406733717439795, 0.06817618344235565, 0.06052021114529793, 0.058294406339562954, 0.05747578272254705, 0.05703016425922569, 0.05668603363159663, 0.056601327490935605, 0.056596208187026265, 0.0565961483635814, 0.056596147872509994]}, "6": {"maxiter": 100, "gtol": 1e-10, "xrtol": 1e-10, "eps": 1e-05, "duration": 0.20512795448303223, "fun": "0.056596147872544744", "jac": "[ 1.28519417e-07  1.31716860e-07  1.16351373e-08  6.11355411e-07\n -1.40554235e-07  1.01629816e-07]", "hess_inv": "[[ 2.71701821 -0.0200196   0.25734302 -1.44497214  0.42831072 -1.37417451]\n [-0.0200196   5.20427293  2.00282595  0.35965495  2.2160692  -0.0885311 ]\n [ 0.25734302  2.00282595  4.58401817  0.69349326  2.09679166 -1.85297555]\n [-1.44497214  0.35965495  0.69349326  2.59778104  0.33047162  0.7411338 ]\n [ 0.42831072  2.2160692   2.09679166  0.33047162  4.29811868 -2.00979127]\n [-1.37417451 -0.0885311  -1.85297555  0.7411338  -2.00979127  3.96530729]]", "nfev": "425", "njev": "59", "status": "2", "success": "False", "message": "Desired error not necessarily achieved due to precision loss.", "x": "[4.16930761 6.94781054 4.4696235  1.07887422 3.12422707 2.79987704]", "nit": "16", "callback": [0.43613658937611266, 0.4115812071699194, 0.2328705758118581, 0.15626021290644354, 0.10490118785735547, 0.07406627592838011, 0.06817538763913489, 0.06052036282338602, 0.058294585478162575, 0.05747589271696163, 0.057030351286211256, 0.05668625506530556, 0.05660130108812711, 0.05659620571844892, 0.056596148247283984, 0.056596147872544744]}, "7": {"maxiter": 100, "gtol": 1e-10, "xrtol": 1e-10, "eps": 1e-10, "duration": 0.27348804473876953, "fun": "0.05659614785921707", "jac": "[ 0.00000000e+00 -1.11022293e-06  2.22044587e-06  1.11022293e-06\n -2.22044587e-06  2.22044587e-06]", "hess_inv": "[[  7.6010805   -3.23414174  12.37879269 -16.90214778   0.51955972\n   -4.15517332]\n [ -3.23414174   1.3884737   -5.27346991   7.19444601  -0.22852295\n    1.76557471]\n [ 12.37879269  -5.27346991  20.24071736 -27.59032373   0.85136346\n   -6.76864794]\n [-16.90214778   7.19444601 -27.59032373  37.64736925  -1.15903771\n    9.23372138]\n [  0.51955972  -0.22852295   0.85136346  -1.15903771   0.04641349\n   -0.28443726]\n [ -4.15517332   1.76557471  -6.76864794   9.23372138  -0.28443726\n    2.28351268]]", "nfev": "611", "njev": "86", "status": "0", "success": "True", "message": "Optimization terminated successfully.", "x": "[4.16930805 6.94781636 4.46962931 1.0788712  3.12422766 2.79988496]", "nit": "27", "callback": [0.43614026881458823, 0.4115847399151228, 0.232878777102263, 0.15626141306835994, 0.10490326772904657, 0.07406733717439795, 0.06817618344235565, 0.06052021114529793, 0.058294406339562954, 0.05747578272254705, 0.05703016425922569, 0.05668603363159663, 0.056601327490935605, 0.056596208187026265, 0.0565961483635814, 0.056596147872509994, 0.05659614787237621, 0.05659614787222589, 0.05659614787204692, 0.05659614787178091, 0.05659614786517564, 0.0565961478610707, 0.056596147860843105, 0.05659614785998013, 0.0565961478592254, 0.05659614785921718, 0.05659614785921707]}, "8": {"maxiter": 500, "gtol": 1e-05, "xrtol": 1e-05, "eps": 1e-05, "duration": 0.07036900520324707, "fun": "0.056596148247283984", "jac": "[-4.35116387e-06  7.85288501e-06  8.35634895e-06  4.82522911e-06\n  2.78710388e-07 -1.20982113e-06]", "hess_inv": "[[ 2.69711859  0.07836012  0.35158942 -1.4004477   0.51577854 -1.41490529]\n [ 0.07836012  4.85764774  1.67504387  0.16689136  1.98112562 -0.02355847]\n [ 0.35158942  1.67504387  4.2747045   0.50863125  1.87584713 -1.79368061]\n [-1.4004477   0.16689136  0.50863125  2.50581533  0.17769267  0.80283454]\n [ 0.51577854  1.98112562  1.87584713  0.17769267  4.20064374 -2.02857277]\n [-1.41490529 -0.02355847 -1.79368061  0.80283454 -2.02857277  4.01830501]]", "nfev": "147", "njev": "21", "status": "0", "success": "True", "message": "Optimization terminated successfully.", "x": "[4.16929332 6.94787009 4.46968229 1.07889937 3.12426559 2.79986413]", "nit": "15", "callback": [0.43613658937611266, 0.4115812071699194, 0.2328705758118581, 0.15626021290644354, 0.10490118785735547, 0.07406627592838011, 0.06817538763913489, 0.06052036282338602, 0.058294585478162575, 0.05747589271696163, 0.057030351286211256, 0.05668625506530556, 0.05660130108812711, 0.05659620571844892, 0.056596148247283984]}, "9": {"maxiter": 500, "gtol": 1e-05, "xrtol": 1e-05, "eps": 1e-10, "duration": 0.06647109985351562, "fun": "0.0565961483635814", "jac": "[-6.66133760e-06  7.77156053e-06  8.88178346e-06  4.44089173e-06\n -1.11022293e-06 -4.44089173e-06]", "hess_inv": "[[ 2.70154188  0.08169885  0.35358386 -1.40453515  0.52592882 -1.42425141]\n [ 0.08169885  4.85809273  1.67616007  0.1638767   1.98683315 -0.0300998 ]\n [ 0.35358386  1.67616007  4.27598213  0.5066906   1.88053989 -1.79837688]\n [-1.40453515  0.1638767   0.5066906   2.50878056  0.17104351  0.80825902]\n [ 0.52592882  1.98683315  1.88053989  0.17104351  4.21236318 -2.03838773]\n [-1.42425141 -0.0300998  -1.79837688  0.80825902 -2.03838773  4.02462224]]", "nfev": "147", "njev": "21", "status": "0", "success": "True", "message": "Optimization terminated successfully.", "x": "[4.16928778 6.94787434 4.46968844 1.07890402 3.12427013 2.7998678 ]", "nit": "15", "callback": [0.43614026881458823, 0.4115847399151228, 0.232878777102263, 0.15626141306835994, 0.10490326772904657, 0.07406733717439795, 0.06817618344235565, 0.06052021114529793, 0.058294406339562954, 0.05747578272254705, 0.05703016425922569, 0.05668603363159663, 0.056601327490935605, 0.056596208187026265, 0.0565961483635814]}, "10": {"maxiter": 500, "gtol": 1e-05, "xrtol": 1e-10, "eps": 1e-05, "duration": 0.0652618408203125, "fun": "0.056596148247283984", "jac": "[-4.35116387e-06  7.85288501e-06  8.35634895e-06  4.82522911e-06\n  2.78710388e-07 -1.20982113e-06]", "hess_inv": "[[ 2.69711859  0.07836012  0.35158942 -1.4004477   0.51577854 -1.41490529]\n [ 0.07836012  4.85764774  1.67504387  0.16689136  1.98112562 -0.02355847]\n [ 0.35158942  1.67504387  4.2747045   0.50863125  1.87584713 -1.79368061]\n [-1.4004477   0.16689136  0.50863125  2.50581533  0.17769267  0.80283454]\n [ 0.51577854  1.98112562  1.87584713  0.17769267  4.20064374 -2.02857277]\n [-1.41490529 -0.02355847 -1.79368061  0.80283454 -2.02857277  4.01830501]]", "nfev": "147", "njev": "21", "status": "0", "success": "True", "message": "Optimization terminated successfully.", "x": "[4.16929332 6.94787009 4.46968229 1.07889937 3.12426559 2.79986413]", "nit": "15", "callback": [0.43613658937611266, 0.4115812071699194, 0.2328705758118581, 0.15626021290644354, 0.10490118785735547, 0.07406627592838011, 0.06817538763913489, 0.06052036282338602, 0.058294585478162575, 0.05747589271696163, 0.057030351286211256, 0.05668625506530556, 0.05660130108812711, 0.05659620571844892, 0.056596148247283984]}, "11": {"maxiter": 500, "gtol": 1e-05, "xrtol": 1e-10, "eps": 1e-10, "duration": 0.06196713447570801, "fun": "0.0565961483635814", "jac": "[-6.66133760e-06  7.77156053e-06  8.88178346e-06  4.44089173e-06\n -1.11022293e-06 -4.44089173e-06]", "hess_inv": "[[ 2.70154188  0.08169885  0.35358386 -1.40453515  0.52592882 -1.42425141]\n [ 0.08169885  4.85809273  1.67616007  0.1638767   1.98683315 -0.0300998 ]\n [ 0.35358386  1.67616007  4.27598213  0.5066906   1.88053989 -1.79837688]\n [-1.40453515  0.1638767   0.5066906   2.50878056  0.17104351  0.80825902]\n [ 0.52592882  1.98683315  1.88053989  0.17104351  4.21236318 -2.03838773]\n [-1.42425141 -0.0300998  -1.79837688  0.80825902 -2.03838773  4.02462224]]", "nfev": "147", "njev": "21", "status": "0", "success": "True", "message": "Optimization terminated successfully.", "x": "[4.16928778 6.94787434 4.46968844 1.07890402 3.12427013 2.7998678 ]", "nit": "15", "callback": [0.43614026881458823, 0.4115847399151228, 0.232878777102263, 0.15626141306835994, 0.10490326772904657, 0.07406733717439795, 0.06817618344235565, 0.06052021114529793, 0.058294406339562954, 0.05747578272254705, 0.05703016425922569, 0.05668603363159663, 0.056601327490935605, 0.056596208187026265, 0.0565961483635814]}, "12": {"maxiter": 500, "gtol": 1e-10, "xrtol": 1e-05, "eps": 1e-05, "duration": 0.07007193565368652, "fun": "0.056596147872544744", "jac": "[ 1.28519417e-07  1.31716860e-07  1.16351373e-08  6.11355411e-07\n -1.40554235e-07  1.01629816e-07]", "hess_inv": "[[ 2.70152771  0.01457126  0.28774721 -1.41531645  0.44302613 -1.36871753]\n [ 0.01457126  5.1850438   1.99947126  0.28881854  2.23556209 -0.13836833]\n [ 0.28774721  1.99947126  4.59614036  0.63015299  2.12615048 -1.90557302]\n [-1.41531645  0.28881854  0.63015299  2.54137388  0.29813584  0.7336814 ]\n [ 0.44302613  2.23556209  2.12615048  0.29813584  4.33138429 -2.04895303]\n [-1.36871753 -0.13836833 -1.90557302  0.7336814  -2.04895303  3.98782136]]", "nfev": "154", "njev": "22", "status": "0", "success": "True", "message": "Optimization terminated successfully.", "x": "[4.16930761 6.94781054 4.4696235  1.07887422 3.12422707 2.79987704]", "nit": "16", "callback": [0.43613658937611266, 0.4115812071699194, 0.2328705758118581, 0.15626021290644354, 0.10490118785735547, 0.07406627592838011, 0.06817538763913489, 0.06052036282338602, 0.058294585478162575, 0.05747589271696163, 0.057030351286211256, 0.05668625506530556, 0.05660130108812711, 0.05659620571844892, 0.056596148247283984, 0.056596147872544744]}, "13": {"maxiter": 500, "gtol": 1e-10, "xrtol": 1e-05, "eps": 1e-10, "duration": 0.07049298286437988, "fun": "0.056596147872509994", "jac": "[0.00000000e+00 1.11022293e-06 2.22044587e-06 1.11022293e-06\n 3.33066880e-06 5.55111466e-06]", "hess_inv": "[[ 2.70090528  0.01348388  0.28614393 -1.41604711  0.44113633 -1.36866115]\n [ 0.01348388  5.15124106  1.9969033   0.27839645  2.2143108  -0.16333884]\n [ 0.28614393  1.9969033   4.62378116  0.62539278  2.14331719 -1.95487444]\n [-1.41604711  0.27839645  0.62539278  2.53964094  0.2891172   0.73366813]\n [ 0.44113633  2.2143108   2.14331719  0.2891172   4.32740442 -2.09433626]\n [-1.36866115 -0.16333884 -1.95487444  0.73366813 -2.09433626  4.04856902]]", "nfev": "154", "njev": "22", "status": "0", "succe