{"date": "2024/09/24/, 06:33:17", "conf_id": 310, "data_type": "var_s_rank\n", "num_data_points": 4, "s_rank": 0, "unitary": "[[-0.45070455-0.02711853j,0.78437395-0.06613086j,0.06358678+0.19963393j,-0.07343613+0.35668523j],[-0.01890143-0.03813363j,0.32408202+0.25557629j,0.05872864-0.68979805j,0.55466693-0.20227297j],[-0.11215405+0.64023111j,-0.13344055+0.29565494j,-0.49012687-0.19046288j,-0.04241254+0.44046348j],[0.55771659+0.24656916j,0.31851997-0.05798805j,0.28761525-0.34294258j,-0.56718418+0.03616933j]]", "databatch_0": {"databatch": "[[[-0.03616986+0.16386493j,-0.08377936+0.10986799j,0.15197682-0.22356927j,-0.05343702+0.02642501j],[0.00258403+0.10855005j,0.08031332+0.04064602j,-0.19243846-0.26405196j,0.17424432-0.15552459j],[-0.27581182-0.22121257j,0.2426259+0.08963215j,-0.17126878-0.22036361j,-0.12463799+0.16923101j],[-0.48262519+0.09375475j,0.0304491-0.07635732j,0.17010869-0.01228777j,-0.06348732+0.31519915j]],[[0.08712577+0.00730465j,-0.08870287+0.24580868j,0.04890781+0.07691994j,0.00715044-0.03056789j],[-0.19123007+0.05304178j,-0.34231916+0.32910479j,-0.194032+0.01292032j,0.13117853-0.05400521j],[-0.04201601+0.34113699j,-0.27287332+0.2401528j,0.29500219+0.02403473j,0.07513619+0.28330476j],[0.0101678+0.14565809j,0.21549557-0.06217875j,-0.23001488+0.09040161j,0.00715026-0.18819768j]],[[0.21604066+0.19066849j,-0.27184225+0.05224771j,-0.31283477+0.07287943j,-0.03738353-0.10441296j],[-0.25496487+0.05099776j,-0.05825277+0.43306843j,0.02950247-0.12640369j,-0.03099389+0.09179609j],[0.08869312+0.07371122j,-0.03405237-0.0251896j,0.27634531-0.0078059j,0.39512782-0.08465094j],[-0.01335899+0.01870816j,0.01161124-0.23583623j,0.20368459-0.02358329j,-0.28894342+0.05878071j]],[[0.04149301-0.0730146j,0.23862813+0.02838192j,-0.05766303-0.08084539j,-0.14635816+0.03946827j],[-0.15946739-0.03465035j,-0.00403729-0.18616106j,-0.02321051-0.01535638j,0.42470585-0.17275795j],[0.0259005+0.12474819j,-0.29846653-0.23979427j,-0.07033421+0.24562817j,-0.46479558+0.31917882j],[-0.03495193+0.07887451j,-0.16205788-0.14275264j,-0.03993359+0.10134323j,-0.13428481-0.00854749j]]]", "initial param values": "[1.43883461,5.44810888,1.29941868,1.80319122,2.25346407,4.42057172]", "nelder_mead": {"type": "gradient-free", "0": {"maxiter": 100, "fatol": 1e-05, "xatol": 1e-05, "duration": 0.03835177421569824, "fun": "0.3725364054492275", "nit": "100", "nfev": "165", "status": "2", "success": "False", "message": "Maximum number of iterations has been exceeded.", "x": "[ 0.90110627  7.32603989 -0.03346627  1.40615755  4.11643385  4.87091453]", "final_simplex": "(array([[ 0.90110627,  7.32603989, -0.03346627,  1.40615755,  4.11643385,\n         4.87091453],\n       [ 0.89666082,  7.34123479, -0.06002298,  1.41673233,  4.13022004,\n         4.87398233],\n       [ 0.90508899,  7.32023329, -0.05697907,  1.40428788,  4.13949181,\n         4.8619027 ],\n       [ 0.87996166,  7.34572817, -0.04931207,  1.42382699,  4.13220271,\n         4.8648213 ],\n       [ 0.90204861,  7.3227967 , -0.05644025,  1.42860644,  4.1138447 ,\n         4.86101412],\n       [ 0.89033496,  7.31260361, -0.03858448,  1.42143552,  4.11681167,\n         4.86154542],\n       [ 0.90127351,  7.33216518, -0.057529  ,  1.40815747,  4.13354447,\n         4.85736259]]), array([0.37253641, 0.37271575, 0.37276063, 0.37277132, 0.37283225,\n       0.37284632, 0.37288464]))", "callback": [0.7400137554392181, 0.6090067300153887, 0.5580623408011751, 0.4024291388162997, 0.3804938858197806, 0.37432883012341145, 0.3733249285710085, 0.37296084827231524, 0.37290631812418606]}, "1": {"maxiter": 100, "fatol": 1e-05, "xatol": 1e-10, "duration": 0.037265777587890625, "fun": "0.3725364054492275", "nit": "100", "nfev": "165", "status": "2", "success": "False", "message": "Maximum number of iterations has been exceeded.", "x": "[ 0.90110627  7.32603989 -0.03346627  1.40615755  4.11643385  4.87091453]", "final_simplex": "(array([[ 0.90110627,  7.32603989, -0.03346627,  1.40615755,  4.11643385,\n         4.87091453],\n       [ 0.89666082,  7.34123479, -0.06002298,  1.41673233,  4.13022004,\n         4.87398233],\n       [ 0.90508899,  7.32023329, -0.05697907,  1.40428788,  4.13949181,\n         4.8619027 ],\n       [ 0.87996166,  7.34572817, -0.04931207,  1.42382699,  4.13220271,\n         4.8648213 ],\n       [ 0.90204861,  7.3227967 , -0.05644025,  1.42860644,  4.1138447 ,\n         4.86101412],\n       [ 0.89033496,  7.31260361, -0.03858448,  1.42143552,  4.11681167,\n         4.86154542],\n       [ 0.90127351,  7.33216518, -0.057529  ,  1.40815747,  4.13354447,\n         4.85736259]]), array([0.37253641, 0.37271575, 0.37276063, 0.37277132, 0.37283225,\n       0.37284632, 0.37288464]))", "callback": [0.7400137554392181, 0.6090067300153887, 0.5580623408011751, 0.4024291388162997, 0.3804938858197806, 0.37432883012341145, 0.3733249285710085, 0.37296084827231524, 0.37290631812418606]}, "2": {"maxiter": 100, "fatol": 1e-10, "xatol": 1e-05, "duration": 0.0383000373840332, "fun": "0.3725364054492275", "nit": "100", "nfev": "165", "status": "2", "success": "False", "message": "Maximum number of iterations has been exceeded.", "x": "[ 0.90110627  7.32603989 -0.03346627  1.40615755  4.11643385  4.87091453]", "final_simplex": "(array([[ 0.90110627,  7.32603989, -0.03346627,  1.40615755,  4.11643385,\n         4.87091453],\n       [ 0.89666082,  7.34123479, -0.06002298,  1.41673233,  4.13022004,\n         4.87398233],\n       [ 0.90508899,  7.32023329, -0.05697907,  1.40428788,  4.13949181,\n         4.8619027 ],\n       [ 0.87996166,  7.34572817, -0.04931207,  1.42382699,  4.13220271,\n         4.8648213 ],\n       [ 0.90204861,  7.3227967 , -0.05644025,  1.42860644,  4.1138447 ,\n         4.86101412],\n       [ 0.89033496,  7.31260361, -0.03858448,  1.42143552,  4.11681167,\n         4.86154542],\n       [ 0.90127351,  7.33216518, -0.057529  ,  1.40815747,  4.13354447,\n         4.85736259]]), array([0.37253641, 0.37271575, 0.37276063, 0.37277132, 0.37283225,\n       0.37284632, 0.37288464]))", "callback": [0.7400137554392181, 0.6090067300153887, 0.5580623408011751, 0.4024291388162997, 0.3804938858197806, 0.37432883012341145, 0.3733249285710085, 0.37296084827231524, 0.37290631812418606]}, "3": {"maxiter": 100, "fatol": 1e-10, "xatol": 1e-10, "duration": 0.038130998611450195, "fun": "0.3725364054492275", "nit": "100", "nfev": "165", "status": "2", "success": "False", "message": "Maximum number of iterations has been exceeded.", "x": "[ 0.90110627  7.32603989 -0.03346627  1.40615755  4.11643385  4.87091453]", "final_simplex": "(array([[ 0.90110627,  7.32603989, -0.03346627,  1.40615755,  4.11643385,\n         4.87091453],\n       [ 0.89666082,  7.34123479, -0.06002298,  1.41673233,  4.13022004,\n         4.87398233],\n       [ 0.90508899,  7.32023329, -0.05697907,  1.40428788,  4.13949181,\n         4.8619027 ],\n       [ 0.87996166,  7.34572817, -0.04931207,  1.42382699,  4.13220271,\n         4.8648213 ],\n       [ 0.90204861,  7.3227967 , -0.05644025,  1.42860644,  4.1138447 ,\n         4.86101412],\n       [ 0.89033496,  7.31260361, -0.03858448,  1.42143552,  4.11681167,\n         4.86154542],\n       [ 0.90127351,  7.33216518, -0.057529  ,  1.40815747,  4.13354447,\n         4.85736259]]), array([0.37253641, 0.37271575, 0.37276063, 0.37277132, 0.37283225,\n       0.37284632, 0.37288464]))", "callback": [0.7400137554392181, 0.6090067300153887, 0.5580623408011751, 0.4024291388162997, 0.3804938858197806, 0.37432883012341145, 0.3733249285710085, 0.37296084827231524, 0.37290631812418606]}, "4": {"maxiter": 500, "fatol": 1e-05, "xatol": 1e-05, "duration": 0.12176012992858887, "fun": "0.3613625632013253", "nit": "344", "nfev": "548", "status": "0", "success": "True", "message": "Optimization terminated successfully.", "x": "[1.03591986 7.29968114 0.16340777 1.55319412 4.2081914  4.98022775]", "final_simplex": "(array([[1.03591986, 7.29968114, 0.16340777, 1.55319412, 4.2081914 ,\n        4.98022775],\n       [1.0359203 , 7.2996836 , 0.1634103 , 1.55318891, 4.20818572,\n        4.98022677],\n       [1.0359185 , 7.29968055, 0.16341037, 1.55319813, 4.20818652,\n        4.98022503],\n       [1.03592084, 7.29968372, 0.16340801, 1.5531995 , 4.20818545,\n        4.98022608],\n       [1.03591818, 7.29968282, 0.16340352, 1.55319633, 4.20819158,\n        4.98022122],\n       [1.03591492, 7.29968308, 0.16340328, 1.55319279, 4.20818874,\n        4.98022517],\n       [1.03591782, 7.29968872, 0.16340628, 1.55319651, 4.20819216,\n        4.98022639]]), array([0.36136256, 0.36136256, 0.36136256, 0.36136256, 0.36136256,\n       0.36136256, 0.36136256]))", "callback": [0.7400137554392181, 0.6090067300153887, 0.5580623408011751, 0.4024291388162997, 0.3804938858197806, 0.37432883012341145, 0.3733249285710085, 0.37296084827231524, 0.37290631812418606, 0.3725364054492275, 0.3719753030661579, 0.3714386552868436, 0.3706095635668233, 0.36982879872405494, 0.3672059731291185, 0.36395785694917626, 0.36192553453611254, 0.36175503929339814, 0.3615786088308257, 0.36144671218905045, 0.3614129531824479, 0.3613789747028331, 0.36136574451874515, 0.36136309469903893, 0.36136309469903893, 0.36136274972639026, 0.36136263059099993, 0.3613625818785291, 0.36136256960634516, 0.36136256441553116, 0.36136256344729945, 0.3613625633086155, 0.3613625632254077, 0.3613625632054429]}, "5": {"maxiter": 500, "fatol": 1e-05, "xatol": 1e-10, "duration": 0.17719197273254395, "fun": "0.3613625631993457", "nit": "469", "nfev": "797", "status": "0", "success": "True", "message": "Optimization terminated successfully.", "x": "[1.03592088 7.29968022 0.16340972 1.55319306 4.20818876 4.98022674]", "final_simplex": "(array([[1.03592088, 7.29968022, 0.16340972, 1.55319306, 4.20818876,\n        4.98022674],\n       [1.03592088, 7.29968022, 0.16340972, 1.55319306, 4.20818876,\n        4.98022674],\n       [1.03592088, 7.29968022, 0.16340972, 1.55319306, 4.20818876,\n        4.98022674],\n       [1.03592088, 7.29968022, 0.16340972, 1.55319306, 4.20818876,\n        4.98022674],\n       [1.03592088, 7.29968022, 0.16340972, 1.55319306, 4.20818876,\n        4.98022674],\n       [1.03592088, 7.29968022, 0.16340972, 1.55319306, 4.20818876,\n        4.98022674],\n       [1.03592088, 7.29968022, 0.16340972, 1.55319306, 4.20818876,\n        4.98022674]]), array([0.36136256, 0.36136256, 0.36136256, 0.36136256, 0.36136256,\n       0.36136256, 0.36136256]))", "callback": [0.7400137554392181, 0.6090067300153887, 0.5580623408011751, 0.4024291388162997, 0.3804938858197806, 0.37432883012341145, 0.3733249285710085, 0.37296084827231524, 0.37290631812418606, 0.3725364054492275, 0.3719753030661579, 0.3714386552868436, 0.3706095635668233, 0.36982879872405494, 0.3672059731291185, 0.36395785694917626, 0.36192553453611254, 0.36175503929339814, 0.3615786088308257, 0.36144671218905045, 0.3614129531824479, 0.3613789747028331, 0.36136574451874515, 0.36136309469903893, 0.36136309469903893, 0.36136274972639026, 0.36136263059099993, 0.3613625818785291, 0.36136256960634516, 0.36136256441553116, 0.36136256344729945, 0.3613625633086155, 0.3613625632254077, 0.3613625632054429, 0.36136256320058624, 0.3613625631996613, 0.3613625631994398, 0.36136256319938265, 0.36136256319935267, 0.36136256319935267, 0.36136256319934956, 0.3613625631993467, 0.36136256319934623, 0.3613625631993459, 0.3613625631993458, 0.3613625631993458]}, "6": {"maxiter": 500, "fatol": 1e-10, "xatol": 1e-05, "duration": 0.12227201461791992, "fun": "0.3613625632013253", "nit": "344", "nfev": "548", "status": "0", "success": "True", "message": "Optimization terminated successfully.", "x": "[1.03591986 7.29968114 0.16340777 1.55319412 4.2081914  4.98022775]", "final_simplex": "(array([[1.03591986, 7.29968114, 0.16340777, 1.55319412, 4.2081914 ,\n        4.98022775],\n       [1.0359203 , 7.2996836 , 0.1634103 , 1.55318891, 4.20818572,\n        4.98022677],\n       [1.0359185 , 7.29968055, 0.16341037, 1.55319813, 4.20818652,\n        4.98022503],\n       [1.03592084, 7.29968372, 0.16340801, 1.5531995 , 4.20818545,\n        4.98022608],\n       [1.03591818, 7.29968282, 0.16340352, 1.55319633, 4.20819158,\n        4.98022122],\n       [1.03591492, 7.29968308, 0.16340328, 1.55319279, 4.20818874,\n        4.98022517],\n       [1.03591782, 7.29968872, 0.16340628, 1.55319651, 4.20819216,\n        4.98022639]]), array([0.36136256, 0.36136256, 0.36136256, 0.36136256, 0.36136256,\n       0.36136256, 0.36136256]))", "callback": [0.7400137554392181, 0.6090067300153887, 0.5580623408011751, 0.4024291388162997, 0.3804938858197806, 0.37432883012341145, 0.3733249285710085, 0.37296084827231524, 0.37290631812418606, 0.3725364054492275, 0.3719753030661579, 0.3714386552868436, 0.3706095635668233, 0.36982879872405494, 0.3672059731291185, 0.36395785694917626, 0.36192553453611254, 0.36175503929339814, 0.3615786088308257, 0.36144671218905045, 0.3614129531824479, 0.3613789747028331, 0.36136574451874515, 0.36136309469903893, 0.36136309469903893, 0.36136274972639026, 0.36136263059099993, 0.3613625818785291, 0.36136256960634516, 0.36136256441553116, 0.36136256344729945, 0.3613625633086155, 0.3613625632254077, 0.3613625632054429]}, "7": {"maxiter": 500, "fatol": 1e-10, "xatol": 1e-10, "duration": 0.2318720817565918, "fun": "0.3613625631993457", "nit": "469", "nfev": "797", "status": "0", "success": "True", "message": "Optimization terminated successfully.", "x": "[1.03592088 7.29968022 0.16340972 1.55319306 4.20818876 4.98022674]", "final_simplex": "(array([[1.03592088, 7.29968022, 0.16340972, 1.55319306, 4.20818876,\n        4.98022674],\n       [1.03592088, 7.29968022, 0.16340972, 1.55319306, 4.20818876,\n        4.98022674],\n       [1.03592088, 7.29968022, 0.16340972, 1.55319306, 4.20818876,\n        4.98022674],\n       [1.03592088, 7.29968022, 0.16340972, 1.55319306, 4.20818876,\n        4.98022674],\n       [1.03592088, 7.29968022, 0.16340972, 1.55319306, 4.20818876,\n        4.98022674],\n       [1.03592088, 7.29968022, 0.16340972, 1.55319306, 4.20818876,\n        4.98022674],\n       [1.03592088, 7.29968022, 0.16340972, 1.55319306, 4.20818876,\n        4.98022674]]), array([0.36136256, 0.36136256, 0.36136256, 0.36136256, 0.36136256,\n       0.36136256, 0.36136256]))", "callback": [0.7400137554392181, 0.6090067300153887, 0.5580623408011751, 0.4024291388162997, 0.3804938858197806, 0.37432883012341145, 0.3733249285710085, 0.37296084827231524, 0.37290631812418606, 0.3725364054492275, 0.3719753030661579, 0.3714386552868436, 0.3706095635668233, 0.36982879872405494, 0.3672059731291185, 0.36395785694917626, 0.36192553453611254, 0.36175503929339814, 0.3615786088308257, 0.36144671218905045, 0.3614129531824479, 0.3613789747028331, 0.36136574451874515, 0.36136309469903893, 0.36136309469903893, 0.36136274972639026, 0.36136263059099993, 0.3613625818785291, 0.36136256960634516, 0.36136256441553116, 0.36136256344729945, 0.3613625633086155, 0.3613625632254077, 0.3613625632054429, 0.36136256320058624, 0.3613625631996613, 0.3613625631994398, 0.36136256319938265, 0.36136256319935267, 0.36136256319935267, 0.36136256319934956, 0.3613625631993467, 0.36136256319934623, 0.3613625631993459, 0.3613625631993458, 0.3613625631993458]}, "8": {"maxiter": 1000, "fatol": 1e-05, "xatol": 1e-05, "duration": 0.12462520599365234, "fun": "0.3613625632013253", "nit": "344", "nfev": "548", "status": "0", "success": "True", "message": "Optimization terminated successfully.", "x": "[1.03591986 7.29968114 0.16340777 1.55319412 4.2081914  4.98022775]", "final_simplex": "(array([[1.03591986, 7.29968114, 0.16340777, 1.55319412, 4.2081914 ,\n        4.98022775],\n       [1.0359203 , 7.2996836 , 0.1634103 , 1.55318891, 4.20818572,\n        4.98022677],\n       [1.0359185 , 7.29968055, 0.16341037, 1.55319813, 4.20818652,\n        4.98022503],\n       [1.03592084, 7.29968372, 0.16340801, 1.5531995 , 4.20818545,\n        4.98022608],\n       [1.03591818, 7.29968282, 0.16340352, 1.55319633, 4.20819158,\n        4.98022122],\n       [1.03591492, 7.29968308, 0.16340328, 1.55319279, 4.20818874,\n        4.98022517],\n       [1.03591782, 7.29968872, 0.16340628, 1.55319651, 4.20819216,\n        4.98022639]]), array([0.36136256, 0.36136256, 0.36136256, 0.36136256, 0.36136256,\n       0.36136256, 0.36136256]))", "callback": [0.7400137554392181, 0.6090067300153887, 0.5580623408011751, 0.4024291388162997, 0.3804938858197806, 0.37432883012341145, 0.3733249285710085, 0.37296084827231524, 0.37290631812418606, 0.3725364054492275, 0.3719753030661579, 0.3714386552868436, 0.3706095635668233, 0.36982879872405494, 0.3672059731291185, 0.36395785694917626, 0.36192553453611254, 0.36175503929339814, 0.3615786088308257, 0.36144671218905045, 0.3614129531824479, 0.3613789747028331, 0.36136574451874515, 0.36136309469903893, 0.36136309469903893, 0.36136274972639026, 0.36136263059099993, 0.3613625818785291, 0.36136256960634516, 0.36136256441553116, 0.36136256344729945, 0.3613625633086155, 0.3613625632254077, 0.3613625632054429]}, "9": {"maxiter": 1000, "fatol": 1e-05, "xatol": 1e-10, "duration": 0.1838080883026123, "fun": "0.3613625631993457", "nit": "469", "nfev": "797", "status": "0", "success": "True", "message": "Optimization terminated successfully.", "x": "[1.03592088 7.29968022 0.16340972 1.55319306 4.20818876 4.98022674]", "final_simplex": "(array([[1.03592088, 7.29968022, 0.16340972, 1.55319306, 4.20818876,\n        4.98022674],\n       [1.03592088, 7.29968022, 0.16340972, 1.55319306, 4.20818876,\n        4.98022674],\n       [1.03592088, 7.29968022, 0.16340972, 1.55319306, 4.20818876,\n        4.98022674],\n       [1.03592088, 7.29968022, 0.16340972, 1.55319306, 4.20818876,\n        4.98022674],\n       [1.03592088, 7.29968022, 0.16340972, 1.55319306, 4.20818876,\n        4.98022674],\n       [1.03592088, 7.29968022, 0.16340972, 1.55319306, 4.20818876,\n        4.98022674],\n       [1.03592088, 7.29968022, 0.16340972, 1.55319306, 4.20818876,\n        4.98022674]]), array([0.36136256, 0.36136256, 0.36136256, 0.36136256, 0.36136256,\n       0.36136256, 0.36136256]))", "callback": [0.7400137554392181, 0.6090067300153887, 0.5580623408011751, 0.4024291388162997, 0.3804938858197806, 0.37432883012341145, 0.3733249285710085, 0.37296084827231524, 0.37290631812418606, 0.3725364054492275, 0.3719753030661579, 0.3714386552868436, 0.3706095635668233, 0.36982879872405494, 0.3672059731291185, 0.36395785694917626, 0.36192553453611254, 0.36175503929339814, 0.3615786088308257, 0.36144671218905045, 0.3614129531824479, 0.3613789747028331, 0.36136574451874515, 0.36136309469903893, 0.36136309469903893, 0.36136274972639026, 0.36136263059099993, 0.3613625818785291, 0.36136256960634516, 0.36136256441553116, 0.36136256344729945, 0.3613625633086155, 0.3613625632254077, 0.3613625632054429, 0.36136256320058624, 0.3613625631996613, 0.3613625631994398, 0.36136256319938265, 0.36136256319935267, 0.36136256319935267, 0.36136256319934956, 0.3613625631993467, 0.36136256319934623, 0.3613625631993459, 0.3613625631993458, 0.3613625631993458]}, "10": {"maxiter": 1000, "fatol": 1e-10, "xatol": 1e-05, "duration": 0.14340496063232422, "fun": "0.3613625632013253", "nit": "344", "nfev": "548", "status": "0", "success": "True", "message": "Optimization terminated successfully.", "x": "[1.03591986 7.29968114 0.16340777 1.55319412 4.2081914  4.98022775]", "final_simplex": "(array([[1.03591986, 7.29968114, 0.16340777, 1.55319412, 4.2081914 ,\n        4.98022775],\n       [1.0359203 , 7.2996836 , 0.1634103 , 1.55318891, 4.20818572,\n        4.98022677],\n       [1.0359185 , 7.29968055, 0.16341037, 1.55319813, 4.20818652,\n        4.98022503],\n       [1.03592084, 7.29968372, 0.16340801, 1.5531995 , 4.20818545,\n        4.98022608],\n       [1.03591818, 7.29968282, 0.16340352, 1.55319633, 4.20819158,\n        4.98022122],\n       [1.03591492, 7.29968308, 0.16340328, 1.55319279, 4.20818874,\n        4.98022517],\n       [1.03591782, 7.29968872, 0.16340628, 1.55319651, 4.20819216,\n        4.98022639]]), array([0.36136256, 0.36136256, 0.36136256, 0.36136256, 0.36136256,\n       0.36136256, 0.36136256]))", "callback": [0.7400137554392181, 0.6090067300153887, 0.5580623408011751, 0.4024291388162997, 0.3804938858197806, 0.37432883012341145, 0.3733249285710085, 0.37296084827231524, 0.37290631812418606, 0.3725364054492275, 0.3719753030661579, 0.3714386552868436, 0.3706095635668233, 0.36982879872405494, 0.3672059731291185, 0.36395785694917626, 0.36192553453611254, 0.36175503929339814, 0.3615786088308257, 0.36144671218905045, 0.3614129531824479, 0.3613789747028331, 0.36136574451874515, 0.36136309469903893, 0.36136309469903893, 0.36136274972639026, 0.36136263059099993, 0.3613625818785291, 0.36136256960634516, 0.36136256441553116, 0.36136256344729945, 0.3613625633086155, 0.3613625632254077, 0.3613625632054429]}, "11": {"maxiter": 1000, "fatol": 1e-10, "xatol": 1e-10, "duration": 0.1913599967956543, "fun": "0.3613625631993457", "nit": "469", "nfev": "797", "status": "0", "success": "True", "message": "Optimization terminated successfully.", "x": "[1.03592088 7.29968022 0.16340972 1.55319306 4.20818876 4.98022674]", "final_simplex": "(array([[1.03592088, 7.29968022, 0.16340972, 1.55319306, 4.20818876,\n        4.98022674],\n       [1.03592088, 7.29968022, 0.16340972, 1.55319306, 4.20818876,\n        4.98022674],\n       [1.03592088, 7.29968022, 0.16340972, 1.55319306, 4.20818876,\n        4.98022674],\n       [1.03592088, 7.29968022, 0.16340972, 1.55319306, 4.20818876,\n        4.98022674],\n       [1.03592088, 7.29968022, 0.16340972, 1.55319306, 4.20818876,\n        4.98022674],\n       [1.03592088, 7.29968022, 0.16340972, 1.55319306, 4.20818876,\n        4.98022674],\n       [1.03592088, 7.29968022, 0.16340972, 1.55319306, 4.20818876,\n        4.98022674]]), array([0.36136256, 0.36136256, 0.36136256, 0.36136256, 0.36136256,\n       0.36136256, 0.36136256]))", "callback": [0.7400137554392181, 0.6090067300153887, 0.5580623408011751, 0.4024291388162997, 0.3804938858197806, 0.37432883012341145, 0.3733249285710085, 0.37296084827231524, 0.37290631812418606, 0.3725364054492275, 0.3719753030661579, 0.3714386552868436, 0.3706095635668233, 0.36982879872405494, 0.3672059731291185, 0.36395785694917626, 0.36192553453611254, 0.36175503929339814, 0.3615786088308257, 0.36144671218905045, 0.3614129531824479, 0.3613789747028331, 0.36136574451874515, 0.36136309469903893, 0.36136309469903893, 0.36136274972639026, 0.36136263059099993, 0.3613625818785291, 0.36136256960634516, 0.36136256441553116, 0.36136256344729945, 0.3613625633086155, 0.3613625632254077, 0.3613625632054429, 0.36136256320058624, 0.3613625631996613, 0.3613625631994398, 0.36136256319938265, 0.36136256319935267, 0.36136256319935267, 0.36136256319934956, 0.3613625631993467, 0.36136256319934623, 0.3613625631993459, 0.3613625631993458, 0.3613625631993458]}}, "bfgs": {"type": "gradient", "0": {"maxiter": 100, "gtol": 1e-05, "xrtol": 1e-05, "eps": 1e-05, "duration": 0.038848876953125, "fun": "0.3613625632601736", "jac": "[ 3.79092313e-06 -2.57447397e-06 -1.53855817e-06 -1.57927005e-06\n -6.90558721e-07  2.86397572e-06]", "hess_inv": "[[ 3.02365188  0.29119598 -0.23479232  0.36683614 -0.44534507 -0.27203766]\n [ 0.29119598  4.63746683 -1.91160107  0.12397353  0.00760586  1.04334312]\n [-0.23479232 -1.91160107  5.46746432  0.0443654  -0.20096337  1.69145497]\n [ 0.36683614  0.12397353  0.0443654   3.21601772 -0.36639281  0.04399202]\n [-0.44534507  0.00760586 -0.20096337 -0.36639281  3.94493553 -0.07983192]\n [-0.27203766  1.04334312  1.69145497  0.04399202 -0.07983192  4.2876505 ]]", "nfev": "161", "njev": "23", "status": "0", "success": "True", "message": "Optimization terminated successfully.", "x": "[1.0359279  7.29966805 0.1634037  1.5531833  4.20818237 4.98022341]", "nit": "18", "callback": [0.3623488638051383]}, "1": {"maxiter": 100, "gtol": 1e-05, "xrtol": 1e-05, "eps": 1e-10, "duration": 0.0375981330871582, "fun": "0.36136256325510274", "jac": "[ 4.44089173e-06 -2.22044587e-06 -1.11022293e-06 -2.22044587e-06\n -2.22044587e-06  2.22044587e-06]", "hess_inv": "[[ 3.01469034  0.29554648 -0.24698809  0.36774955 -0.44251102 -0.27305393]\n [ 0.29554648  4.63393081 -1.89771617  0.12117099  0.01124162  1.04361881]\n [-0.24698809 -1.89771617  5.46514377  0.04925739 -0.19544716  1.69427461]\n [ 0.36774955  0.12117099  0.04925739  3.21502615 -0.36288259  0.04570233]\n [-0.44251102  0.01124162 -0.19544716 -0.36288259  3.95646352 -0.06904151]\n [-0.27305393  1.04361881  1.69427461  0.04570233 -0.06904151  4.29066162]]", "nfev": "161", "njev": "23", "status": "0", "success": "True", "message": "Optimization terminated successfully.", "x": "[1.03593483 7.2996739  0.16340847 1.55318541 4.20818335 4.98022907]", "nit": "18", "callback": [0.36234692369182897]}, "2": {"maxiter": 100, "gtol": 1e-05, "xrtol": 1e-10, "eps": 1e-05, "duration": 0.04003405570983887, "fun": "0.3613625632601736", "jac": "[ 3.79092313e-06 -2.57447397e-06 -1.53855817e-06 -1.57927005e-06\n -6.90558721e-07  2.86397572e-06]", "hess_inv": "[[ 3.02365188  0.29119598 -0.23479232  0.36683614 -0.44534507 -0.27203766]\n [ 0.29119598  4.63746683 -1.91160107  0.12397353  0.00760586  1.04334312]\n [-0.23479232 -1.91160107  5.46746432  0.0443654  -0.20096337  1.69145497]\n [ 0.36683614  0.12397353  0.0443654   3.21601772 -0.36639281  0.04399202]\n [-0.44534507  0.00760586 -0.20096337 -0.36639281  3.94493553 -0.07983192]\n [-0.27203766  1.04334312  1.69145497  0.04399202 -0.07983192  4.2876505 ]]", "nfev": "161", "njev": "23", "status": "0", "success": "True", "message": "Optimization terminated successfully.", "x": "[1.0359279  7.29966805 0.1634037  1.5531833  4.20818237 4.98022341]", "nit": "18", "callback": [0.3623488638051383]}, "3": {"maxiter": 100, "gtol": 1e-05, "xrtol": 1e-10, "eps": 1e-10, "duration": 0.03659415245056152, "fun": "0.36136256325510274", "jac": "[ 4.44089173e-06 -2.22044587e-06 -1.11022293e-06 -2.22044587e-06\n -2.22044587e-06  2.22044587e-06]", "hess_inv": "[[ 3.01469034  0.29554648 -0.24698809  0.36774955 -0.44251102 -0.27305393]\n [ 0.29554648  4.63393081 -1.89771617  0.12117099  0.01124162  1.04361881]\n [-0.24698809 -1.89771617  5.46514377  0.04925739 -0.19544716  1.69427461]\n [ 0.36774955  0.12117099  0.04925739  3.21502615 -0.36288259  0.04570233]\n [-0.44251102  0.01124162 -0.19544716 -0.36288259  3.95646352 -0.06904151]\n [-0.27305393  1.04361881  1.69427461  0.04570233 -0.06904151  4.29066162]]", "nfev": "161", "njev": "23", "status": "0", "success": "True", "message": "Optimization terminated successfully.", "x": "[1.03593483 7.2996739  0.16340847 1.55318541 4.20818335 4.98022907]", "nit": "18", "callback": [0.36234692369182897]}, "4": {"maxiter": 100, "gtol": 1e-10, "xrtol": 1e-05, "eps": 1e-05, "duration": 0.03912615776062012, "fun": "0.36136256322477345", "jac": "[ 1.53055346e-07 -2.55773180e-07 -2.36388686e-07  1.54443125e-07\n  2.82462942e-07  2.96307423e-07]", "hess_inv": "[[ 3.22545103  0.19812017 -0.13529041  0.2593223  -0.48108038 -0.16216431]\n [ 0.19812017  4.67880925 -1.97195311  0.17895021  0.01753731  0.99426752]\n [-0.13529041 -1.97195311  5.38479041  0.04044459 -0.27826822  1.76022017]\n [ 0.2593223   0.17895021  0.04044459  3.25500456 -0.32511231 -0.01998272]\n [-0.48108038  0.01753731 -0.27826822 -0.32511231  3.92422269 -0.09267871]\n [-0.16216431  0.99426752  1.76022017 -0.01998272 -0.09267871  4.34585736]]", "nfev": "168", "njev": "24", "status": "0", "success": "True", "message": "Optimization terminated successfully.", "x": "[1.03591651 7.29967376 0.16340225 1.55318782 4.20818628 4.98021675]", "nit": "19", "callback": [0.3623488638051383]}, "5": {"maxiter": 100, "gtol": 1e-10, "xrtol": 1e-05, "eps": 1e-10, "duration": 0.03911328315734863, "fun": "0.3613625632046178", "jac": "[1.11022293e-06 2.22044587e-06 0.00000000e+00 0.00000000e+00\n 2.22044587e-06 0.00000000e+00]", "hess_inv": "[[ 3.28184951  0.19286529 -0.09778501  0.21368364 -0.55744856 -0.1740951 ]\n [ 0.19286529  4.67339436 -1.9555422   0.18057532  0.05504953  1.00554477]\n [-0.09778501 -1.9555422   5.38427678  0.0280983  -0.38525659  1.73596372]\n [ 0.21368364  0.18057532  0.0280983   3.27823346 -0.24695994 -0.00600014]\n [-0.55744856  0.05504953 -0.38525659 -0.24695994  3.90980529 -0.12200333]\n [-0.1740951   1.00554477  1.73596372 -0.00600014 -0.12200333  4.32619438]]", "nfev": "168", "njev": "24", "status": "0", "success": "True", "message": "Optimization terminated successfully.", "x": "[1.03592019 7.29967954 0.16340589 1.55319164 4.20819393 4.98022412]", "nit": "19", "callback": [0.36234692369182897]}, "6": {"maxiter": 100, "gtol": 1e-10, "xrtol": 1e-10, "eps": 1e-05, "duration": 0.09029293060302734, "fun": "0.36136256322477345", "jac": "[ 1.53055346e-07 -2.55773180e-07 -2.36388686e-07  1.54443125e-07\n  2.82462942e-07  2.96307423e-07]", "hess_inv": "[[ 3.27321873  0.14524482 -0.18260319  0.31311524 -0.33931233 -0.08259271]\n [ 0.14524482  4.71982268 -1.95191208  0.16344698 -0.04362615  0.93745086]\n [-0.18260319 -1.95191208  5.37197598  0.06845665 -0.24192457  1.7391126 ]\n [ 0.31311524  0.16344698  0.06845665  3.2048442  -0.40625031 -0.00898284]\n [-0.33931233 -0.04362615 -0.24192457 -0.40625031  3.82140506 -0.02744626]\n [-0.08259271  0.93745086  1.7391126  -0.00898284 -0.02744626  4.42260711]]", "nfev": "388", "njev": "54", "status": "2", "success": "False", "message": "Desired error not necessarily achieved due to precision loss.", "x": "[1.03591651 7.29967376 0.16340225 1.55318782 4.20818628 4.98021675]", "nit": "19", "callback": [0.3623488638051383]}, "7": {"maxiter": 100, "gtol": 1e-10, "xrtol": 1e-10, "eps": 1e-10, "duration": 0.08990120887756348, "fun": "0.3613625632020412", "jac": "[1.11022293e-06 0.00000000e+00 0.00000000e+00 0.00000000e+00\n 2.22044587e-06 0.00000000e+00]", "hess_inv": "[[ 20.67312483  -7.66650846  12.56670876   2.23933846 -11.92529622\n    6.97344449]\n [ -7.66650846   2.86708749  -4.69000937  -0.8406011    4.42985971\n   -2.57931669]\n [ 12.56670876  -4.69000937   7.70653363   1.3852769   -7.27217487\n    4.23470905]\n [  2.23933846  -0.8406011    1.3852769    0.27429982  -1.31261162\n    0.76414143]\n [-11.92529622   4.42985971  -7.27217487  -1.31261162   6.89847235\n   -4.03545393]\n [  6.97344449  -2.57931669   4.23470905   0.76414143  -4.03545393\n    2.38385575]]", "nfev": "385", "njev": "55", "status": "0", "success": "True", "message": "Optimization terminated successfully.", "x": "[1.03592167 7.29967646 0.16340898 1.55319264 4.20819093 4.98022463]", "nit": "29", "callback": [0.36234692369182897, 0.36136256320438265]}, "8": {"maxiter": 500, "gtol": 1e-05, "xrtol": 1e-05, "eps": 1e-05, "duration": 0.03803205490112305, "fun": "0.3613625632601736", "jac": "[ 3.79092313e-06 -2.57447397e-06 -1.53855817e-06 -1.57927005e-06\n -6.90558721e-07  2.86397572e-06]", "hess_inv": "[[ 3.02365188  0.29119598 -0.23479232  0.36683614 -0.44534507 -0.27203766]\n [ 0.29119598  4.63746683 -1.91160107  0.12397353  0.00760586  1.04334312]\n [-0.23479232 -1.91160107  5.46746432  0.0443654  -0.20096337  1.69145497]\n [ 0.36683614  0.12397353  0.0443654   3.21601772 -0.36639281  0.04399202]\n [-0.44534507  0.00760586 -0.20096337 -0.36639281  3.94493553 -0.07983192]\n [-0.27203766  1.04334312  1.69145497  0.04399202 -0.07983192  4.2876505 ]]", "nfev": "161", "njev": "23", "status": "0", "success": "True", "message": "Optimization terminated successfully.", "x": "[1.0359279  7.29966805 0.1634037  1.5531833  4.20818237 4.98022341]", "nit": "18", "callback": [0.3623488638051383]}, "9": {"maxiter": 500, "gtol": 1e-05, "xrtol": 1e-05, "eps": 1e-10, "duration": 0.03802895545959473, "fun": "0.36136256325510274", "jac": "[ 4.44089173e-06 -2.22044587e-06 -1.11022293e-06 -2.22044587e-06\n -2.22044587e-06  2.22044587e-06]", "hess_inv": "[[ 3.01469034  0.29554648 -0.24698809  0.36774955 -0.44251102 -0.27305393]\n [ 0.29554648  4.63393081 -1.89771617  0.12117099  0.01124162  1.04361881]\n [-0.24698809 -1.89771617  5.46514377  0.04925739 -0.19544716  1.69427461]\n [ 0.36774955  0.12117099  0.04925739  3.21502615 -0.36288259  0.04570233]\n [-0.44251102  0.01124162 -0.19544716 -0.36288259  3.95646352 -0.06904151]\n [-0.27305393  1.04361881  1.69427461  0.04570233 -0.06904151  4.29066162]]", "nfev": "161", "njev": "23", "status": "0", "success": "True", "message": "Optimization terminated successfully.", "x": "[1.03593483 7.2996739  0.16340847 1.55318541 4.20818335 4.98022907]", "nit": "18", "callback": [0.36234692369182897]}, "10": {"maxiter": 500, "gtol": 1e-05, "xrtol": 1e-10, "eps": 1e-05, "duration": 0.03768563270568848, "fun": "0.3613625632601736", "jac": "[ 3.79092313e-06 -2.57447397e-06 -1.53855817e-06 -1.57927005e-06\n -6.90558721e-07  2.86397572e-06]", "hess_inv": "[[ 3.02365188  0.29119598 -0.23479232  0.36683614 -0.44534507 -0.27203766]\n [ 0.29119598  4.63746683 -1.91160107  0.12397353  0.00760586  1.04334312]\n [-0.23479232 -1.91160107  5.46746432  0.0443654  -0.20096337  1.69145497]\n [ 0.36683614  0.12397353  0.0443654   3.21601772 -0.36639281  0.04399202]\n [-0.44534507  0.00760586 -0.20096337 -0.36639281  3.94493553 -0.07983192]\n [-0.27203766  1.04334312  1.69145497  0.04399202 -0.07983192  4.2876505 ]]", "nfev": "161", "njev": "23", "status": "0", "success": "True", "message": "Optimization terminated successfully.", "x": "[1.0359279  7.29966805 0.1634037  1.5531833  4.20818237 4.98022341]", "nit": "18", "callback": [0.3623488638051383]}, "11": {"maxiter": 500, "gtol": 1e-05, "xrtol": 1e-10, "eps": 1e-10, "duration": 0.03722381591796875, "fun": "0.36136256325510274", "jac": "[ 4.44089173e-06 -2.22044587e-06 -1.11022293e-06 -2.22044587e-06\n -2.22044587e-06  2.22044587e-06]", "hess_inv": "[[ 3.01469034  0.29554648 -0.24698809  0.36774955 -0.44251102 -0.27305393]\n [ 0.29554648  4.63393081 -1.89771617  0.12117099  0.01124162  1.04361881]\n [-0.24698809 -1.89771617  5.46514377  0.04925739 -0.19544716  1.69427461]\n [ 0.36774955  0.12117099  0.04925739  3.21502615 -0.36288259  0.04570233]\n [-0.44251102  0.01124162 -0.19544716 -0.36288259  3.95646352 -0.06904151]\n [-0.27305393  1.04361881  1.69427461  0.04570233 -0.06904151  4.29066162]]", "nfev": "161", "njev": "23", "status": "0", "success": "True", "message": "Optimization terminated successfully.", "x": "[1.03593483 7.2996739  0.16340847 1.55318541 4.20818335 4.98022907]", "nit": "18", "callback": [0.36234692369182897]}, "12": {"maxiter": 500, "gtol": 1e-10, "xrtol": 1e-05, "eps": 1e-05, "duration": 0.03840899467468262, "fun": "0.36136256322477345", "jac": "[ 1.53055346e-07 -2.55773180e-07 -2.36388686e-07  1.54443125e-07\n  2.82462942e-07  2.96307423e-07]", "hess_inv": "[[ 3.22545103  0.19812017 -0.13529041  0.2593223  -0.48108038 -0.16216431]\n [ 0.19812017  4.67880925 -1.97195311  0.17895021  0.01753731  0.99426752]\n [-0.13529041 -1.97195311  5.38479041  0.04044459 -0.27826822  1.76022017]\n [ 0.2593223   0.17895021  0.04044459  3.25500456 -0.32511231 -0.01998272]\n [-0.48108038  0.01753731 -0.27826822 -0.32511231  3.92422269 -0.09267871]\n [-0.16216431  0.99426752  1.76022017 -0.01998272 -0.09267871  4.34585736]]", "nfev": "168", "njev": "24", "status": "0", "success": "True", "message": "Optimization terminated successfully.", "x": "[1.03591651 7.29967376 0.16340225 1.55318782 4.20818628 4.98021675]", "nit": "19", "callback": [0.3623488638051383]}, "13": {"maxiter": 500, "gtol": 1e-10, "xrtol": 1e-05, "eps": 1e-10, "duration": 0.03846240043640137, "fun": "0.3613625632046178", "jac": "[1.11022293e-06 2.22044587e-06 0.00000000e+00 0.00000000e+00\n 2.22044587e-06 0.00000000e+00]", "hess_inv": "[[ 3.28184951  0.19286529 -0.09778501  0.21368364 -0.55744856 -0.1740951 ]\n [ 0.19286529  4.67339436 -1.9555422   0.18057532  0.05504953  1.00554477]\n [-0.09778501 -1.9555422   5.38427678  0.0280983  -0.38525659  1.73596372]\n [ 0.21368364  0.18057532  0.0280983   3.27823346 -0.24695994 -0.00600014]\n [-0.55744856  0.05504953 -0.38525659 -0.24695994  3.90980529 -0.12200333]\n [-0.1740951   1.00554477  1.73596372 -0.00600014 -0.12200333  4.32619438]]", "nfev": "168", "njev": "24", "status": "0", "success": "True", "message": "Optimization terminated successfully.", "x": "[1.03592019 7.29967954 0.16340589 1.55319164 4.20819393 4.98022412]", "nit": "19", "callback": [0.36234692369182897]}, "14": {"maxiter": 500, "gtol": 1e-10, "xrtol": 1e-10, "eps": 1e-05, "duration": 0.08722090721130371, "fun": "0.36136256322477345", "jac": "[ 1.53055346e-07 -2.55773180e-07 -2.36388686e-07  1.54443125e-07\n  2.82462942e-07  2.96307423e-07]", "hess_inv": "[[ 3.27321873  0.14524482 -0.18260319  0.31311524 -0.33931233 -0.08259271]\n [ 0.14524482  4.71982268 -1.95191208  0.16344698 -0.04362615  0.93745086]\n [-0.18260319 -1.95191208  5.37197598  0.06845665 -0.24192457  1.7391126 ]\n [ 0.31311524  0.16344698  0.06845665  3.2048442  -0.40625031 -0.00898284]\n [-0.33931233 -0.04362615 -0.24192457 -0.40625031  3.82140506 -0.02744626]\n [-0.08259271  0.93745086  1.7391126  -0.00898284 -0.02744626  4.42260711]]", "nfev": "388", "njev": "54", "status": "2", "success": "False", "message": "Desired error not necessarily achieved due to precision loss.", "x": "[1.03591651 7.29967376 0.16340225 1.55318782 4.20818628 4.98021675]", "nit": "19", "callback": [0.3623488638051383]}, "15": {"maxiter": 500, "gtol": 1e-10, "xrtol": 1e-10, "eps": 1e-10, "duration": 0.08665609359741211, "fun": "0.3613625632020412", "jac": "[1.11022293e-06 0.00000000e+00 0.00000000e+00 0.00000000e+00\n 2.22044587e-06 0.00000000e+00]", "hess_inv": "[[ 20.67312483  -7.66650846  12.56670876   2.23933846 -11.92529622\n    6.97344449]\n [ -7.66650846   2.86708749  -4.69000937  -0.8406011    4.42985971\n   -2.57931669]\n [ 12.56670876  -4.69000937   7.70653363   1.3852769   -7.27217487\n    4.23470905]\n [  2.23933846  -0.8406011    1.3852769    0.27429982  -1.31261162\n    0.76414143]\n [-11.92529622   4.42985971  -7.27217487  -1.31261162   6.89847235\n   -4.03545393]\n [  6.97344449  -2.57931669   4.23470905   0.76414143  -4.03545393\n    2.38385575]]", "nfev": "385", "njev": "55", "status": "0", "success": "True", "message": "Optimization terminated successfully.", "x": "[1.03592167 7.29967646 0.16340898 1.55319264 4.20819093 4.98022463]", "nit": "29", "callback": [0.36234692369182897, 0.36136256320438265]}, "16": {"maxiter": 1000, "gtol": 1e-05, "xrtol": 1e-05, "eps": 1e-05, "duration": 0.036607980728149414, "fun": "0.3613625632601736", "jac": "[ 3.79092313e-06 -2.57447397e-06 -1.53855817e-06 -1.57927005e-06\n -6.90558721e-07  2.86397572e-06]", "hess_inv": "[[ 3.02365188  0.29119598 -0.23479232  0.36683614 -0.44534507 -0.27203766]\n [ 0.29119598  4.63746683 -1.91160107  0.12397353  0.00760586  1.04334312]\n [-0.23479232 -1.91160107  5.46746432  0.0443654  -0.20096337  1.69145497]\n [ 0.36683614  0.12397353  0.0443654   3.21601772 -0.36639281  0.04399202]\n [-0.44534507  0.00760586 -0.20096337 -0.36639281  3.94493553 -0.07983192]\n [-0.27203766  1.04334312  1.69145497  0.04399202 -0.07983192  4.2876505 ]]", "nfev": "161", "njev": "23", "status": "0", "success": "True", "message": "Optimization terminated successfully.", "x": "[1.0359279  7.29966805 0.1634037  1.5531833  4.20818237 4.98022341]", "nit": "18", "callback": [0.3623488638051383]}, "17": {"maxiter": 1000, "gtol": 1e-05, "xrtol": 1e-05, "eps": 1e-10, "duration": 0.03702402114868164, "fun": "0.36136256325510274", "jac": "[ 4.44089173e-06 -2.22044587e-06 -1.11022293e-06 -2.22044587e-06\n -2.22044587e-06  2.22044587e-06]", "hess_inv": "[[ 3.01469034  0.29554648 -0.24698809  0.36774955 -0.44251102 -0.27305393]\n [ 0.29554648  4.63393081 -1.89771617  0.12117099  0.01124162  1.04361881]\n [-0.24698809 -1.89771617  5.46514377  0.04925739 -0.19544716  1.69427461]\n [ 0.36774955  0.12117099  0.04925739  3.21502615 -0.36288259  0.04570233]\n [-0.44251102  0.01124162 -0.19544716 -0.36288259  3.95646352 -0.06904151]\n [-0.27305393  1.04361881  1.69427461  0.04570233 -0.06904151  4.29066162]]", "nfev": "161", "njev": "23", "status": "0", "success": "True", "message": "Optimization terminated successfully.", "x": "[1.03593483 7.2996739  0.16340847 1.55318541 4.20818335 4.98022907]", "nit