{"date": "2024/10/08/, 14:40:29", "conf_id": 5, "data_type": "random\n", "num_data_points": 1, "s_rank": 0, "unitary": "[[-0.45070455-0.02711853j,0.78437395-0.06613086j,0.06358678+0.19963393j,-0.07343613+0.35668523j],[-0.01890143-0.03813363j,0.32408202+0.25557629j,0.05872864-0.68979805j,0.55466693-0.20227297j],[-0.11215405+0.64023111j,-0.13344055+0.29565494j,-0.49012687-0.19046288j,-0.04241254+0.44046348j],[0.55771659+0.24656916j,0.31851997-0.05798805j,0.28761525-0.34294258j,-0.56718418+0.03616933j]]", "databatch_0": {"databatch": "[[[-0.0432541-0.28844675j,0.4705842-0.07034148j,0.00252631+0.01368257j,-0.12723209+0.39829035j],[-0.02121673-0.22621814j,0.29424341+0.11710418j,0.02619764+0.02937616j,-0.13752709+0.32457863j],[-0.09412163+0.10463779j,0.09609346+0.00817881j,0.04253871-0.04780907j,0.22119709-0.03226716j],[0.07284152-0.12307488j,0.23950445+0.17586569j,0.00831376+0.00091005j,-0.16877261+0.12373264j]]]", "initial param values": "[1.24350391,0.27079895,3.63924478,4.97828381,5.84930877,0.77922773]", "nelder_mead": {"type": "gradient-free", "0": {"maxiter": 100, "fatol": 1e-05, "xatol": 1e-05, "duration": 0.044448137283325195, "fun": "0.24780094677894127", "nit": "100", "nfev": "151", "status": "2", "success": "False", "message": "Maximum number of iterations has been exceeded.", "x": "[ 2.58377641 -0.04727573  0.93594902  4.89219096  5.21880515  1.74045728]", "final_simplex": "(array([[ 2.58377641e+00, -4.72757251e-02,  9.35949019e-01,\n         4.89219096e+00,  5.21880515e+00,  1.74045728e+00],\n       [ 2.45907481e+00, -1.91642076e-02,  1.28587485e+00,\n         4.97405300e+00,  4.78171784e+00,  1.66420260e+00],\n       [ 2.56055740e+00, -3.37271076e-02,  7.93550965e-01,\n         4.93105029e+00,  5.27050144e+00,  1.71594260e+00],\n       [ 2.54186649e+00, -4.69203107e-02,  8.43947042e-01,\n         5.39077822e+00,  4.58341335e+00,  1.77006946e+00],\n       [ 2.35868450e+00,  3.03797517e-03,  7.36352326e-01,\n         5.15158398e+00,  4.98583476e+00,  1.67492576e+00],\n       [ 2.36426538e+00,  3.02341226e-02,  9.84763943e-01,\n         4.97027299e+00,  4.84898118e+00,  1.59480088e+00],\n       [ 2.31512161e+00,  4.25069584e-02,  9.21366426e-01,\n         5.25601764e+00,  5.07346086e+00,  1.55737373e+00]]), array([0.24780095, 0.25841067, 0.26346981, 0.2795096 , 0.28612074,\n       0.29190811, 0.29455196]))", "callback": [0.9457970218185136, 0.7273512496643316, 0.5875133215963517, 0.44873772192175665, 0.4288503927790298, 0.39257377498234347, 0.3389076652333317, 0.3389076652333317, 0.32324974817854946, 0.306192475056033]}, "1": {"maxiter": 100, "fatol": 1e-05, "xatol": 1e-10, "duration": 0.03700709342956543, "fun": "0.24780094677894127", "nit": "100", "nfev": "151", "status": "2", "success": "False", "message": "Maximum number of iterations has been exceeded.", "x": "[ 2.58377641 -0.04727573  0.93594902  4.89219096  5.21880515  1.74045728]", "final_simplex": "(array([[ 2.58377641e+00, -4.72757251e-02,  9.35949019e-01,\n         4.89219096e+00,  5.21880515e+00,  1.74045728e+00],\n       [ 2.45907481e+00, -1.91642076e-02,  1.28587485e+00,\n         4.97405300e+00,  4.78171784e+00,  1.66420260e+00],\n       [ 2.56055740e+00, -3.37271076e-02,  7.93550965e-01,\n         4.93105029e+00,  5.27050144e+00,  1.71594260e+00],\n       [ 2.54186649e+00, -4.69203107e-02,  8.43947042e-01,\n         5.39077822e+00,  4.58341335e+00,  1.77006946e+00],\n       [ 2.35868450e+00,  3.03797517e-03,  7.36352326e-01,\n         5.15158398e+00,  4.98583476e+00,  1.67492576e+00],\n       [ 2.36426538e+00,  3.02341226e-02,  9.84763943e-01,\n         4.97027299e+00,  4.84898118e+00,  1.59480088e+00],\n       [ 2.31512161e+00,  4.25069584e-02,  9.21366426e-01,\n         5.25601764e+00,  5.07346086e+00,  1.55737373e+00]]), array([0.24780095, 0.25841067, 0.26346981, 0.2795096 , 0.28612074,\n       0.29190811, 0.29455196]))", "callback": [0.9457970218185136, 0.7273512496643316, 0.5875133215963517, 0.44873772192175665, 0.4288503927790298, 0.39257377498234347, 0.3389076652333317, 0.3389076652333317, 0.32324974817854946, 0.306192475056033]}, "2": {"maxiter": 100, "fatol": 1e-10, "xatol": 1e-05, "duration": 0.03901410102844238, "fun": "0.24780094677894127", "nit": "100", "nfev": "151", "status": "2", "success": "False", "message": "Maximum number of iterations has been exceeded.", "x": "[ 2.58377641 -0.04727573  0.93594902  4.89219096  5.21880515  1.74045728]", "final_simplex": "(array([[ 2.58377641e+00, -4.72757251e-02,  9.35949019e-01,\n         4.89219096e+00,  5.21880515e+00,  1.74045728e+00],\n       [ 2.45907481e+00, -1.91642076e-02,  1.28587485e+00,\n         4.97405300e+00,  4.78171784e+00,  1.66420260e+00],\n       [ 2.56055740e+00, -3.37271076e-02,  7.93550965e-01,\n         4.93105029e+00,  5.27050144e+00,  1.71594260e+00],\n       [ 2.54186649e+00, -4.69203107e-02,  8.43947042e-01,\n         5.39077822e+00,  4.58341335e+00,  1.77006946e+00],\n       [ 2.35868450e+00,  3.03797517e-03,  7.36352326e-01,\n         5.15158398e+00,  4.98583476e+00,  1.67492576e+00],\n       [ 2.36426538e+00,  3.02341226e-02,  9.84763943e-01,\n         4.97027299e+00,  4.84898118e+00,  1.59480088e+00],\n       [ 2.31512161e+00,  4.25069584e-02,  9.21366426e-01,\n         5.25601764e+00,  5.07346086e+00,  1.55737373e+00]]), array([0.24780095, 0.25841067, 0.26346981, 0.2795096 , 0.28612074,\n       0.29190811, 0.29455196]))", "callback": [0.9457970218185136, 0.7273512496643316, 0.5875133215963517, 0.44873772192175665, 0.4288503927790298, 0.39257377498234347, 0.3389076652333317, 0.3389076652333317, 0.32324974817854946, 0.306192475056033]}, "3": {"maxiter": 100, "fatol": 1e-10, "xatol": 1e-10, "duration": 0.03825497627258301, "fun": "0.24780094677894127", "nit": "100", "nfev": "151", "status": "2", "success": "False", "message": "Maximum number of iterations has been exceeded.", "x": "[ 2.58377641 -0.04727573  0.93594902  4.89219096  5.21880515  1.74045728]", "final_simplex": "(array([[ 2.58377641e+00, -4.72757251e-02,  9.35949019e-01,\n         4.89219096e+00,  5.21880515e+00,  1.74045728e+00],\n       [ 2.45907481e+00, -1.91642076e-02,  1.28587485e+00,\n         4.97405300e+00,  4.78171784e+00,  1.66420260e+00],\n       [ 2.56055740e+00, -3.37271076e-02,  7.93550965e-01,\n         4.93105029e+00,  5.27050144e+00,  1.71594260e+00],\n       [ 2.54186649e+00, -4.69203107e-02,  8.43947042e-01,\n         5.39077822e+00,  4.58341335e+00,  1.77006946e+00],\n       [ 2.35868450e+00,  3.03797517e-03,  7.36352326e-01,\n         5.15158398e+00,  4.98583476e+00,  1.67492576e+00],\n       [ 2.36426538e+00,  3.02341226e-02,  9.84763943e-01,\n         4.97027299e+00,  4.84898118e+00,  1.59480088e+00],\n       [ 2.31512161e+00,  4.25069584e-02,  9.21366426e-01,\n         5.25601764e+00,  5.07346086e+00,  1.55737373e+00]]), array([0.24780095, 0.25841067, 0.26346981, 0.2795096 , 0.28612074,\n       0.29190811, 0.29455196]))", "callback": [0.9457970218185136, 0.7273512496643316, 0.5875133215963517, 0.44873772192175665, 0.4288503927790298, 0.39257377498234347, 0.3389076652333317, 0.3389076652333317, 0.32324974817854946, 0.306192475056033]}, "4": {"maxiter": 500, "fatol": 1e-05, "xatol": 1e-05, "duration": 0.1947169303894043, "fun": "0.1579135154078607", "nit": "500", "nfev": "766", "status": "2", "success": "False", "message": "Maximum number of iterations has been exceeded.", "x": "[ 3.65958609 -2.06426577 -1.48640614  5.02327032  4.50619578  2.56194973]", "final_simplex": "(array([[ 3.65958609, -2.06426577, -1.48640614,  5.02327032,  4.50619578,\n         2.56194973],\n       [ 3.65771083, -2.06558413, -1.47709393,  5.0258565 ,  4.50711062,\n         2.5600552 ],\n       [ 3.66054784, -2.07021044, -1.47543504,  5.02015007,  4.51910227,\n         2.5568466 ],\n       [ 3.67043724, -2.07444798, -1.50602806,  5.02736847,  4.49346622,\n         2.56816134],\n       [ 3.65298288, -2.07581579, -1.48009213,  5.02690245,  4.51442698,\n         2.55723393],\n       [ 3.66150575, -2.06473093, -1.47542722,  5.02129705,  4.51079977,\n         2.55684603],\n       [ 3.66465798, -2.05247402, -1.47293201,  5.02199605,  4.50846682,\n         2.56226486]]), array([0.15791352, 0.15791691, 0.15792508, 0.15793886, 0.15794339,\n       0.15794478, 0.15794998]))", "callback": [0.9457970218185136, 0.7273512496643316, 0.5875133215963517, 0.44873772192175665, 0.4288503927790298, 0.39257377498234347, 0.3389076652333317, 0.3389076652333317, 0.32324974817854946, 0.306192475056033, 0.20250131734311172, 0.17528670903211696, 0.17499610581193747, 0.1739008541728495, 0.17313960090434677, 0.17278459216925623, 0.1726993723321395, 0.17269460612057408, 0.17269033547322565, 0.17268961527922078, 0.17268942950346333, 0.17268938177123694, 0.1726893591241423, 0.17268935267648267, 0.17268931437225077, 0.17268927823737812, 0.17268909909563213, 0.1726885081971119, 0.17268700781320812, 0.17268496022299173, 0.17267999556856362, 0.1726653266737883, 0.17264979850774653, 0.17262293871445222, 0.17255392892552557, 0.1722912045048891, 0.17200762045704154, 0.17141641646995687, 0.16937975066764221, 0.16902513056883206, 0.16848596710896835, 0.16650394497590892, 0.1621661742284619, 0.16027805572708953, 0.15948253813843005, 0.15839681120336446, 0.15802851915180038, 0.15800160146189302, 0.15797958430915082, 0.157944783096702]}, "5": {"maxiter": 500, "fatol": 1e-05, "xatol": 1e-10, "duration": 0.19223403930664062, "fun": "0.1579135154078607", "nit": "500", "nfev": "766", "status": "2", "success": "False", "message": "Maximum number of iterations has been exceeded.", "x": "[ 3.65958609 -2.06426577 -1.48640614  5.02327032  4.50619578  2.56194973]", "final_simplex": "(array([[ 3.65958609, -2.06426577, -1.48640614,  5.02327032,  4.50619578,\n         2.56194973],\n       [ 3.65771083, -2.06558413, -1.47709393,  5.0258565 ,  4.50711062,\n         2.5600552 ],\n       [ 3.66054784, -2.07021044, -1.47543504,  5.02015007,  4.51910227,\n         2.5568466 ],\n       [ 3.67043724, -2.07444798, -1.50602806,  5.02736847,  4.49346622,\n         2.56816134],\n       [ 3.65298288, -2.07581579, -1.48009213,  5.02690245,  4.51442698,\n         2.55723393],\n       [ 3.66150575, -2.06473093, -1.47542722,  5.02129705,  4.51079977,\n         2.55684603],\n       [ 3.66465798, -2.05247402, -1.47293201,  5.02199605,  4.50846682,\n         2.56226486]]), array([0.15791352, 0.15791691, 0.15792508, 0.15793886, 0.15794339,\n       0.15794478, 0.15794998]))", "callback": [0.9457970218185136, 0.7273512496643316, 0.5875133215963517, 0.44873772192175665, 0.4288503927790298, 0.39257377498234347, 0.3389076652333317, 0.3389076652333317, 0.32324974817854946, 0.306192475056033, 0.20250131734311172, 0.17528670903211696, 0.17499610581193747, 0.1739008541728495, 0.17313960090434677, 0.17278459216925623, 0.1726993723321395, 0.17269460612057408, 0.17269033547322565, 0.17268961527922078, 0.17268942950346333, 0.17268938177123694, 0.1726893591241423, 0.17268935267648267, 0.17268931437225077, 0.17268927823737812, 0.17268909909563213, 0.1726885081971119, 0.17268700781320812, 0.17268496022299173, 0.17267999556856362, 0.1726653266737883, 0.17264979850774653, 0.17262293871445222, 0.17255392892552557, 0.1722912045048891, 0.17200762045704154, 0.17141641646995687, 0.16937975066764221, 0.16902513056883206, 0.16848596710896835, 0.16650394497590892, 0.1621661742284619, 0.16027805572708953, 0.15948253813843005, 0.15839681120336446, 0.15802851915180038, 0.15800160146189302, 0.15797958430915082, 0.157944783096702]}, "6": {"maxiter": 500, "fatol": 1e-10, "xatol": 1e-05, "duration": 0.21243906021118164, "fun": "0.1579135154078607", "nit": "500", "nfev": "766", "status": "2", "success": "False", "message": "Maximum number of iterations has been exceeded.", "x": "[ 3.65958609 -2.06426577 -1.48640614  5.02327032  4.50619578  2.56194973]", "final_simplex": "(array([[ 3.65958609, -2.06426577, -1.48640614,  5.02327032,  4.50619578,\n         2.56194973],\n       [ 3.65771083, -2.06558413, -1.47709393,  5.0258565 ,  4.50711062,\n         2.5600552 ],\n       [ 3.66054784, -2.07021044, -1.47543504,  5.02015007,  4.51910227,\n         2.5568466 ],\n       [ 3.67043724, -2.07444798, -1.50602806,  5.02736847,  4.49346622,\n         2.56816134],\n       [ 3.65298288, -2.07581579, -1.48009213,  5.02690245,  4.51442698,\n         2.55723393],\n       [ 3.66150575, -2.06473093, -1.47542722,  5.02129705,  4.51079977,\n         2.55684603],\n       [ 3.66465798, -2.05247402, -1.47293201,  5.02199605,  4.50846682,\n         2.56226486]]), array([0.15791352, 0.15791691, 0.15792508, 0.15793886, 0.15794339,\n       0.15794478, 0.15794998]))", "callback": [0.9457970218185136, 0.7273512496643316, 0.5875133215963517, 0.44873772192175665, 0.4288503927790298, 0.39257377498234347, 0.3389076652333317, 0.3389076652333317, 0.32324974817854946, 0.306192475056033, 0.20250131734311172, 0.17528670903211696, 0.17499610581193747, 0.1739008541728495, 0.17313960090434677, 0.17278459216925623, 0.1726993723321395, 0.17269460612057408, 0.17269033547322565, 0.17268961527922078, 0.17268942950346333, 0.17268938177123694, 0.1726893591241423, 0.17268935267648267, 0.17268931437225077, 0.17268927823737812, 0.17268909909563213, 0.1726885081971119, 0.17268700781320812, 0.17268496022299173, 0.17267999556856362, 0.1726653266737883, 0.17264979850774653, 0.17262293871445222, 0.17255392892552557, 0.1722912045048891, 0.17200762045704154, 0.17141641646995687, 0.16937975066764221, 0.16902513056883206, 0.16848596710896835, 0.16650394497590892, 0.1621661742284619, 0.16027805572708953, 0.15948253813843005, 0.15839681120336446, 0.15802851915180038, 0.15800160146189302, 0.15797958430915082, 0.157944783096702]}, "7": {"maxiter": 500, "fatol": 1e-10, "xatol": 1e-10, "duration": 0.18881607055664062, "fun": "0.1579135154078607", "nit": "500", "nfev": "766", "status": "2", "success": "False", "message": "Maximum number of iterations has been exceeded.", "x": "[ 3.65958609 -2.06426577 -1.48640614  5.02327032  4.50619578  2.56194973]", "final_simplex": "(array([[ 3.65958609, -2.06426577, -1.48640614,  5.02327032,  4.50619578,\n         2.56194973],\n       [ 3.65771083, -2.06558413, -1.47709393,  5.0258565 ,  4.50711062,\n         2.5600552 ],\n       [ 3.66054784, -2.07021044, -1.47543504,  5.02015007,  4.51910227,\n         2.5568466 ],\n       [ 3.67043724, -2.07444798, -1.50602806,  5.02736847,  4.49346622,\n         2.56816134],\n       [ 3.65298288, -2.07581579, -1.48009213,  5.02690245,  4.51442698,\n         2.55723393],\n       [ 3.66150575, -2.06473093, -1.47542722,  5.02129705,  4.51079977,\n         2.55684603],\n       [ 3.66465798, -2.05247402, -1.47293201,  5.02199605,  4.50846682,\n         2.56226486]]), array([0.15791352, 0.15791691, 0.15792508, 0.15793886, 0.15794339,\n       0.15794478, 0.15794998]))", "callback": [0.9457970218185136, 0.7273512496643316, 0.5875133215963517, 0.44873772192175665, 0.4288503927790298, 0.39257377498234347, 0.3389076652333317, 0.3389076652333317, 0.32324974817854946, 0.306192475056033, 0.20250131734311172, 0.17528670903211696, 0.17499610581193747, 0.1739008541728495, 0.17313960090434677, 0.17278459216925623, 0.1726993723321395, 0.17269460612057408, 0.17269033547322565, 0.17268961527922078, 0.17268942950346333, 0.17268938177123694, 0.1726893591241423, 0.17268935267648267, 0.17268931437225077, 0.17268927823737812, 0.17268909909563213, 0.1726885081971119, 0.17268700781320812, 0.17268496022299173, 0.17267999556856362, 0.1726653266737883, 0.17264979850774653, 0.17262293871445222, 0.17255392892552557, 0.1722912045048891, 0.17200762045704154, 0.17141641646995687, 0.16937975066764221, 0.16902513056883206, 0.16848596710896835, 0.16650394497590892, 0.1621661742284619, 0.16027805572708953, 0.15948253813843005, 0.15839681120336446, 0.15802851915180038, 0.15800160146189302, 0.15797958430915082, 0.157944783096702]}, "8": {"maxiter": 1000, "fatol": 1e-05, "xatol": 1e-05, "duration": 0.30620884895324707, "fun": "0.15557467132034164", "nit": "782", "nfev": "1204", "status": "0", "success": "True", "message": "Optimization terminated successfully.", "x": "[ 3.68652439 -1.98077071 -1.46635641  4.96731829  4.3374364   2.70352218]", "final_simplex": "(array([[ 3.68652439, -1.98077071, -1.46635641,  4.96731829,  4.3374364 ,\n         2.70352218],\n       [ 3.68652064, -1.98077038, -1.46634812,  4.96731948,  4.33744072,\n         2.70351915],\n       [ 3.68652245, -1.98077301, -1.46635561,  4.96731808,  4.33744125,\n         2.70352007],\n       [ 3.68652073, -1.98077148, -1.46635388,  4.96731809,  4.33743803,\n         2.70352277],\n       [ 3.6865227 , -1.98077293, -1.46635624,  4.96732035,  4.33743664,\n         2.70352338],\n       [ 3.68652138, -1.98076787, -1.46635013,  4.96731932,  4.33743898,\n         2.70352349],\n       [ 3.68652102, -1.98077124, -1.46635398,  4.96731894,  4.3374385 ,\n         2.70352088]]), array([0.15557467, 0.15557467, 0.15557467, 0.15557467, 0.15557467,\n       0.15557467, 0.15557467]))", "callback": [0.9457970218185136, 0.7273512496643316, 0.5875133215963517, 0.44873772192175665, 0.4288503927790298, 0.39257377498234347, 0.3389076652333317, 0.3389076652333317, 0.32324974817854946, 0.306192475056033, 0.20250131734311172, 0.17528670903211696, 0.17499610581193747, 0.1739008541728495, 0.17313960090434677, 0.17278459216925623, 0.1726993723321395, 0.17269460612057408, 0.17269033547322565, 0.17268961527922078, 0.17268942950346333, 0.17268938177123694, 0.1726893591241423, 0.17268935267648267, 0.17268931437225077, 0.17268927823737812, 0.17268909909563213, 0.1726885081971119, 0.17268700781320812, 0.17268496022299173, 0.17267999556856362, 0.1726653266737883, 0.17264979850774653, 0.17262293871445222, 0.17255392892552557, 0.1722912045048891, 0.17200762045704154, 0.17141641646995687, 0.16937975066764221, 0.16902513056883206, 0.16848596710896835, 0.16650394497590892, 0.1621661742284619, 0.16027805572708953, 0.15948253813843005, 0.15839681120336446, 0.15802851915180038, 0.15800160146189302, 0.15797958430915082, 0.157944783096702, 0.15789960731971586, 0.15770360734518407, 0.1571879376056564, 0.15655459650390746, 0.15592135745280067, 0.15573124234431002, 0.15566232083725373, 0.15563943527582824, 0.15560157514085482, 0.15558382730171338, 0.15558144887469172, 0.15557766161032438, 0.15557577898269748, 0.15557495166179713, 0.15557472204777556, 0.15557470309665977, 0.1555746899322209, 0.15557468450712764, 0.15557468083575987, 0.15557467545833237, 0.15557467317876394, 0.155574673172304, 0.15557467208230635, 0.15557467183298312, 0.15557467149613835, 0.15557467138432435, 0.15557467133629044, 0.15557467132378378, 0.15557467132034164]}, "9": {"maxiter": 1000, "fatol": 1e-05, "xatol": 1e-10, "duration": 0.36737513542175293, "fun": "0.1555746713159537", "nit": "891", "nfev": "1436", "status": "0", "success": "True", "message": "Optimization terminated successfully.", "x": "[ 3.68652475 -1.98077198 -1.46634856  4.96731533  4.33743892  2.70351944]", "final_simplex": "(array([[ 3.68652475, -1.98077198, -1.46634856,  4.96731533,  4.33743892,\n         2.70351944],\n       [ 3.68652475, -1.98077198, -1.46634856,  4.96731533,  4.33743892,\n         2.70351944],\n       [ 3.68652475, -1.98077198, -1.46634856,  4.96731533,  4.33743892,\n         2.70351944],\n       [ 3.68652475, -1.98077198, -1.46634856,  4.96731533,  4.33743892,\n         2.70351944],\n       [ 3.68652475, -1.98077198, -1.46634856,  4.96731533,  4.33743892,\n         2.70351944],\n       [ 3.68652475, -1.98077198, -1.46634856,  4.96731533,  4.33743892,\n         2.70351944],\n       [ 3.68652475, -1.98077198, -1.46634856,  4.96731533,  4.33743892,\n         2.70351944]]), array([0.15557467, 0.15557467, 0.15557467, 0.15557467, 0.15557467,\n       0.15557467, 0.15557467]))", "callback": [0.9457970218185136, 0.7273512496643316, 0.5875133215963517, 0.44873772192175665, 0.4288503927790298, 0.39257377498234347, 0.3389076652333317, 0.3389076652333317, 0.32324974817854946, 0.306192475056033, 0.20250131734311172, 0.17528670903211696, 0.17499610581193747, 0.1739008541728495, 0.17313960090434677, 0.17278459216925623, 0.1726993723321395, 0.17269460612057408, 0.17269033547322565, 0.17268961527922078, 0.17268942950346333, 0.17268938177123694, 0.1726893591241423, 0.17268935267648267, 0.17268931437225077, 0.17268927823737812, 0.17268909909563213, 0.1726885081971119, 0.17268700781320812, 0.17268496022299173, 0.17267999556856362, 0.1726653266737883, 0.17264979850774653, 0.17262293871445222, 0.17255392892552557, 0.1722912045048891, 0.17200762045704154, 0.17141641646995687, 0.16937975066764221, 0.16902513056883206, 0.16848596710896835, 0.16650394497590892, 0.1621661742284619, 0.16027805572708953, 0.15948253813843005, 0.15839681120336446, 0.15802851915180038, 0.15800160146189302, 0.15797958430915082, 0.157944783096702, 0.15789960731971586, 0.15770360734518407, 0.1571879376056564, 0.15655459650390746, 0.15592135745280067, 0.15573124234431002, 0.15566232083725373, 0.15563943527582824, 0.15560157514085482, 0.15558382730171338, 0.15558144887469172, 0.15557766161032438, 0.15557577898269748, 0.15557495166179713, 0.15557472204777556, 0.15557470309665977, 0.1555746899322209, 0.15557468450712764, 0.15557468083575987, 0.15557467545833237, 0.15557467317876394, 0.155574673172304, 0.15557467208230635, 0.15557467183298312, 0.15557467149613835, 0.15557467138432435, 0.15557467133629044, 0.15557467132378378, 0.15557467132034164, 0.15557467131821634, 0.15557467131643465, 0.155574671316147, 0.15557467131601233, 0.15557467131596303, 0.15557467131595615, 0.15557467131595448, 0.15557467131595382, 0.15557467131595382, 0.15557467131595382, 0.1555746713159537]}, "10": {"maxiter": 1000, "fatol": 1e-10, "xatol": 1e-05, "duration": 0.29918479919433594, "fun": "0.15557467132034164", "nit": "782", "nfev": "1204", "status": "0", "success": "True", "message": "Optimization terminated successfully.", "x": "[ 3.68652439 -1.98077071 -1.46635641  4.96731829  4.3374364   2.70352218]", "final_simplex": "(array([[ 3.68652439, -1.98077071, -1.46635641,  4.96731829,  4.3374364 ,\n         2.70352218],\n       [ 3.68652064, -1.98077038, -1.46634812,  4.96731948,  4.33744072,\n         2.70351915],\n       [ 3.68652245, -1.98077301, -1.46635561,  4.96731808,  4.33744125,\n         2.70352007],\n       [ 3.68652073, -1.98077148, -1.46635388,  4.96731809,  4.33743803,\n         2.70352277],\n       [ 3.6865227 , -1.98077293, -1.46635624,  4.96732035,  4.33743664,\n         2.70352338],\n       [ 3.68652138, -1.98076787, -1.46635013,  4.96731932,  4.33743898,\n         2.70352349],\n       [ 3.68652102, -1.98077124, -1.46635398,  4.96731894,  4.3374385 ,\n         2.70352088]]), array([0.15557467, 0.15557467, 0.15557467, 0.15557467, 0.15557467,\n       0.15557467, 0.15557467]))", "callback": [0.9457970218185136, 0.7273512496643316, 0.5875133215963517, 0.44873772192175665, 0.4288503927790298, 0.39257377498234347, 0.3389076652333317, 0.3389076652333317, 0.32324974817854946, 0.306192475056033, 0.20250131734311172, 0.17528670903211696, 0.17499610581193747, 0.1739008541728495, 0.17313960090434677, 0.17278459216925623, 0.1726993723321395, 0.17269460612057408, 0.17269033547322565, 0.17268961527922078, 0.17268942950346333, 0.17268938177123694, 0.1726893591241423, 0.17268935267648267, 0.17268931437225077, 0.17268927823737812, 0.17268909909563213, 0.1726885081971119, 0.17268700781320812, 0.17268496022299173, 0.17267999556856362, 0.1726653266737883, 0.17264979850774653, 0.17262293871445222, 0.17255392892552557, 0.1722912045048891, 0.17200762045704154, 0.17141641646995687, 0.16937975066764221, 0.16902513056883206, 0.16848596710896835, 0.16650394497590892, 0.1621661742284619, 0.16027805572708953, 0.15948253813843005, 0.15839681120336446, 0.15802851915180038, 0.15800160146189302, 0.15797958430915082, 0.157944783096702, 0.15789960731971586, 0.15770360734518407, 0.1571879376056564, 0.15655459650390746, 0.15592135745280067, 0.15573124234431002, 0.15566232083725373, 0.15563943527582824, 0.15560157514085482, 0.15558382730171338, 0.15558144887469172, 0.15557766161032438, 0.15557577898269748, 0.15557495166179713, 0.15557472204777556, 0.15557470309665977, 0.1555746899322209, 0.15557468450712764, 0.15557468083575987, 0.15557467545833237, 0.15557467317876394, 0.155574673172304, 0.15557467208230635, 0.15557467183298312, 0.15557467149613835, 0.15557467138432435, 0.15557467133629044, 0.15557467132378378, 0.15557467132034164]}, "11": {"maxiter": 1000, "fatol": 1e-10, "xatol": 1e-10, "duration": 0.3523991107940674, "fun": "0.1555746713159537", "nit": "891", "nfev": "1436", "status": "0", "success": "True", "message": "Optimization terminated successfully.", "x": "[ 3.68652475 -1.98077198 -1.46634856  4.96731533  4.33743892  2.70351944]", "final_simplex": "(array([[ 3.68652475, -1.98077198, -1.46634856,  4.96731533,  4.33743892,\n         2.70351944],\n       [ 3.68652475, -1.98077198, -1.46634856,  4.96731533,  4.33743892,\n         2.70351944],\n       [ 3.68652475, -1.98077198, -1.46634856,  4.96731533,  4.33743892,\n         2.70351944],\n       [ 3.68652475, -1.98077198, -1.46634856,  4.96731533,  4.33743892,\n         2.70351944],\n       [ 3.68652475, -1.98077198, -1.46634856,  4.96731533,  4.33743892,\n         2.70351944],\n       [ 3.68652475, -1.98077198, -1.46634856,  4.96731533,  4.33743892,\n         2.70351944],\n       [ 3.68652475, -1.98077198, -1.46634856,  4.96731533,  4.33743892,\n         2.70351944]]), array([0.15557467, 0.15557467, 0.15557467, 0.15557467, 0.15557467,\n       0.15557467, 0.15557467]))", "callback": [0.9457970218185136, 0.7273512496643316, 0.5875133215963517, 0.44873772192175665, 0.4288503927790298, 0.39257377498234347, 0.3389076652333317, 0.3389076652333317, 0.32324974817854946, 0.306192475056033, 0.20250131734311172, 0.17528670903211696, 0.17499610581193747, 0.1739008541728495, 0.17313960090434677, 0.17278459216925623, 0.1726993723321395, 0.17269460612057408, 0.17269033547322565, 0.17268961527922078, 0.17268942950346333, 0.17268938177123694, 0.1726893591241423, 0.17268935267648267, 0.17268931437225077, 0.17268927823737812, 0.17268909909563213, 0.1726885081971119, 0.17268700781320812, 0.17268496022299173, 0.17267999556856362, 0.1726653266737883, 0.17264979850774653, 0.17262293871445222, 0.17255392892552557, 0.1722912045048891, 0.17200762045704154, 0.17141641646995687, 0.16937975066764221, 0.16902513056883206, 0.16848596710896835, 0.16650394497590892, 0.1621661742284619, 0.16027805572708953, 0.15948253813843005, 0.15839681120336446, 0.15802851915180038, 0.15800160146189302, 0.15797958430915082, 0.157944783096702, 0.15789960731971586, 0.15770360734518407, 0.1571879376056564, 0.15655459650390746, 0.15592135745280067, 0.15573124234431002, 0.15566232083725373, 0.15563943527582824, 0.15560157514085482, 0.15558382730171338, 0.15558144887469172, 0.15557766161032438, 0.15557577898269748, 0.15557495166179713, 0.15557472204777556, 0.15557470309665977, 0.1555746899322209, 0.15557468450712764, 0.15557468083575987, 0.15557467545833237, 0.15557467317876394, 0.155574673172304, 0.15557467208230635, 0.15557467183298312, 0.15557467149613835, 0.15557467138432435, 0.15557467133629044, 0.15557467132378378, 0.15557467132034164, 0.15557467131821634, 0.15557467131643465, 0.155574671316147, 0.15557467131601233, 0.15557467131596303, 0.15557467131595615, 0.15557467131595448, 0.15557467131595382, 0.15557467131595382, 0.15557467131595382, 0.1555746713159537]}}, "bfgs": {"type": "gradient", "0": {"maxiter": 100, "gtol": 1e-05, "xrtol": 1e-05, "eps": 1e-05, "duration": 0.054035186767578125, "fun": "0.15557467143507298", "jac": "[ 1.56119562e-07 -1.00812692e-06 -3.64974717e-07 -3.82867071e-06\n  4.07174294e-07  9.41546840e-07]", "hess_inv": "[[  7.96994889  -1.83457944   7.61297876   1.38190625  10.28983213\n   -3.85392015]\n [ -1.83457944  14.00298411   7.66597079  -2.11417433  -2.85766519\n    4.15046223]\n [  7.61297876   7.66597079  24.77476049  -2.94565375  17.24792938\n   -7.39030613]\n [  1.38190625  -2.11417433  -2.94565375   4.57241547  -1.20768228\n    0.83832841]\n [ 10.28983213  -2.85766519  17.24792938  -1.20768228  27.67005772\n  -12.60859068]\n [ -3.85392015   4.15046223  -7.39030613   0.83832841 -12.60859068\n    9.54988839]]", "nfev": "210", "njev": "30", "status": "0", "success": "True", "message": "Optimization terminated successfully.", "x": "[2.59663279 1.16079958 1.67520461 4.96730078 4.3374077  2.70352012]", "nit": "26", "callback": [0.3409215019241306, 0.3251049866278307, 0.2955180396945377, 0.24483944311406525, 0.19534022509256643, 0.1865268977090755, 0.1736465831490761, 0.16852580747128354, 0.16690842374775228, 0.16445306400996884, 0.16255556645699543, 0.16141933403927, 0.15966333910128228, 0.15780962096565365, 0.15695341313095534, 0.15668014428459487, 0.15657166225928631, 0.15641926156474129, 0.15618074086260691, 0.1558515317985728, 0.15566091279979588, 0.1555823035773768, 0.15557520217650223, 0.1555747165897241, 0.15557467501639555, 0.15557467143507298]}, "1": {"maxiter": 100, "gtol": 1e-05, "xrtol": 1e-05, "eps": 1e-10, "duration": 0.05936098098754883, "fun": "0.15557467138289383", "jac": "[ 5.55111466e-06  0.00000000e+00  4.44089173e-06 -2.22044587e-06\n -1.11022293e-06  0.00000000e+00]", "hess_inv": "[[  7.74849412  -1.63220697   7.41466889   1.24392082   9.78984908\n   -4.05843247]\n [ -1.63220697  13.92832283   7.79833696  -2.07989136  -2.99499973\n    3.93734283]\n [  7.41466889   7.79833696  24.43807227  -3.09310646  16.28935563\n   -7.82840493]\n [  1.24392082  -2.07989136  -3.09310646   4.53298242  -1.30462522\n    0.91173232]\n [  9.78984908  -2.99499973  16.28935563  -1.30462522  26.37124914\n  -12.82640389]\n [ -4.05843247   3.93734283  -7.82840493   0.91173232 -12.82640389\n    9.92898448]]", "nfev": "210", "njev": "30", "status": "0", "success": "True", "message": "Optimization terminated successfully.", "x": "[2.59668087 1.16080755 1.67528078 4.96731069 4.33746872 2.70349777]", "nit": "26", "callback": [0.34092575884645016, 0.3251085935882996, 0.2955204616027085, 0.24484053993516597, 0.19534387022640254, 0.18652908517152778, 0.17364703983509266, 0.1685262952021741, 0.16690869660189, 0.16445341643817246, 0.1625563220877959, 0.16142034997758614, 0.15966463875211245, 0.15781056328174503, 0.15695396208215495, 0.1566805507805933, 0.15657224854800722, 0.1564194280246789, 0.15618054775860424, 0.15585180188947922, 0.15566082571288042, 0.1555822535076311, 0.155575219533993, 0.15557472123339422, 0.15557467523803847, 0.15557467138289383]}, "2": {"maxiter": 100, "gtol": 1e-05, "xrtol": 1e-10, "eps": 1e-05, "duration": 0.05280613899230957, "fun": "0.15557467143507298", "jac": "[ 1.56119562e-07 -1.00812692e-06 -3.64974717e-07 -3.82867071e-06\n  4.07174294e-07  9.41546840e-07]", "hess_inv": "[[  7.96994889  -1.83457944   7.61297876   1.38190625  10.28983213\n   -3.85392015]\n [ -1.83457944  14.00298411   7.66597079  -2.11417433  -2.85766519\n    4.15046223]\n [  7.61297876   7.66597079  24.77476049  -2.94565375  17.24792938\n   -7.39030613]\n [  1.38190625  -2.11417433  -2.94565375   4.57241547  -1.20768228\n    0.83832841]\n [ 10.28983213  -2.85766519  17.24792938  -1.20768228  27.67005772\n  -12.60859068]\n [ -3.85392015   4.15046223  -7.39030613   0.83832841 -12.60859068\n    9.54988839]]", "nfev": "210", "njev": "30", "status": "0", "success": "True", "message": "Optimization terminated successfully.", "x": "[2.59663279 1.16079958 1.67520461 4.96730078 4.3374077  2.70352012]", "nit": "26", "callback": [0.3409215019241306, 0.3251049866278307, 0.2955180396945377, 0.24483944311406525, 0.19534022509256643, 0.1865268977090755, 0.1736465831490761, 0.16852580747128354, 0.16690842374775228, 0.16445306400996884, 0.16255556645699543, 0.16141933403927, 0.15966333910128228, 0.15780962096565365, 0.15695341313095534, 0.15668014428459487, 0.15657166225928631, 0.15641926156474129, 0.15618074086260691, 0.1558515317985728, 0.15566091279979588, 0.1555823035773768, 0.15557520217650223, 0.1555747165897241, 0.15557467501639555, 0.15557467143507298]}, "3": {"maxiter": 100, "gtol": 1e-05, "xrtol": 1e-10, "eps": 1e-10, "duration": 0.06448578834533691, "fun": "0.15557467138289383", "jac": "[ 5.55111466e-06  0.00000000e+00  4.44089173e-06 -2.22044587e-06\n -1.11022293e-06  0.00000000e+00]", "hess_inv": "[[  7.74849412  -1.63220697   7.41466889   1.24392082   9.78984908\n   -4.05843247]\n [ -1.63220697  13.92832283   7.79833696  -2.07989136  -2.99499973\n    3.93734283]\n [  7.41466889   7.79833696  24.43807227  -3.09310646  16.28935563\n   -7.82840493]\n [  1.24392082  -2.07989136  -3.09310646   4.53298242  -1.30462522\n    0.91173232]\n [  9.78984908  -2.99499973  16.28935563  -1.30462522  26.37124914\n  -12.82640389]\n [ -4.05843247   3.93734283  -7.82840493   0.91173232 -12.82640389\n    9.92898448]]", "nfev": "210", "njev": "30", "status": "0", "success": "True", "message": "Optimization terminated successfully.", "x": "[2.59668087 1.16080755 1.67528078 4.96731069 4.33746872 2.70349777]", "nit": "26", "callback": [0.34092575884645016, 0.3251085935882996, 0.2955204616027085, 0.24484053993516597, 0.19534387022640254, 0.18652908517152778, 0.17364703983509266, 0.1685262952021741, 0.16690869660189, 0.16445341643817246, 0.1625563220877959, 0.16142034997758614, 0.15966463875211245, 0.15781056328174503, 0.15695396208215495, 0.1566805507805933, 0.15657224854800722, 0.1564194280246789, 0.15618054775860424, 0.15585180188947922, 0.15566082571288042, 0.1555822535076311, 0.155575219533993, 0.15557472123339422, 0.15557467523803847, 0.15557467138289383]}, "4": {"maxiter": 100, "gtol": 1e-10, "xrtol": 1e-05, "eps": 1e-05, "duration": 0.06196188926696777, "fun": "0.15557467137066006", "jac": "[-3.84003940e-07  2.63589151e-07  2.98983061e-07  1.73784320e-06\n -2.70117262e-08  1.05804254e-07]", "hess_inv": "[[  7.9381439   -1.90262819   7.5774822    1.33744769  10.38630197\n   -3.8677484 ]\n [ -1.90262819  13.87765659   7.59454384  -2.25936179  -2.72475341\n    4.12402394]\n [  7.5774822    7.59454384  24.73615201  -3.00643868  17.33920561\n   -7.40503729]\n [  1.33744769  -2.25936179  -3.00643868   4.63394616  -0.89128606\n    0.81122188]\n [ 10.38630197  -2.72475341  17.33920561  -0.89128606  27.64394046\n  -12.5780628 ]\n [ -3.8677484    4.12402394  -7.40503729   0.81122188 -12.5780628\n    9.54436511]]", "nfev": "217", "njev": "31", "status": "0", "success": "True", "message": "Optimization terminated successfully.", "x": "[2.59663694 1.16080522 1.67520851 4.96731454 4.33740684 2.70352142]", "nit": "27", "callback": [0.3409215019241306, 0.3251049866278307, 0.2955180396945377, 0.24483944311406525, 0.19534022509256643, 0.1865268977090755, 0.1736465831490761, 0.16852580747128354, 0.16690842374775228, 0.16445306400996884, 0.16255556645699543, 0.16141933403927, 0.15966333910128228, 0.15780962096565365, 0.15695341313095534, 0.15668014428459487, 0.15657166225928631, 0.15641926156474129, 0.15618074086260691, 0.1558515317985728, 0.15566091279979588, 0.1555823035773768, 0.15557520217650223, 0.1555747165897241, 0.15557467501639555, 0.15557467143507298, 0.15557467137066006]}, "5": {"maxiter": 100, "gtol": 1e-10, "xrtol": 1e-05, "eps": 1e-10, "duration": 0.05492997169494629, "fun": "0.1555746713501701", "jac": "[ 1.11022293e-06 -2.22044587e-06  1.11022293e-06 -3.33066880e-06\n  3.33066880e-06  0.00000000e+00]", "hess_inv": "[[  6.73714999  -1.5795753    5.40020589   1.28360176   7.05174083\n   -3.14920155]\n [ -1.5795753   14.51760257   8.13441679  -2.29138688  -3.9540736\n    4.06622898]\n [  5.40020589   8.13441679  20.51585481  -3.09587157  10.40513173\n   -5.94851211]\n [  1.28360176  -2.29138688  -3.09587157   4.60551289  -0.80750622\n    0.81372468]\n [  7.05174083  -3.9540736   10.40513173  -0.80750622  21.00779531\n  -10.69261849]\n [ -3.14920155   4.06622898  -5.94851211   0.81372468 -10.69261849\n    9.16400048]]", "nfev": "224", "njev": "32", "status": "0", "success": "True", "message": "Optimization terminated successfully.", "x": "[2.59666954 1.16079932 1.67525476 4.96731425 4.33745446 2.70350533]", "nit": "27", "callback": [0.34092575884645016, 0.3251085935882996, 0.2955204616027085, 0.24484053993516597, 0.19534387022640254, 0.18652908517152778, 0.17364703983509266, 0.1685262952021741, 0.16690869660189, 0.16445341643817246, 0.1625563220877959, 0.16142034997758614, 0.15966463875211245, 0.15781056328174503, 0.15695396208215495, 0.1566805507805933, 0.15657224854800722, 0.1564194280246789, 0.15618054775860424, 0.15585180188947922, 0.15566082571288042, 0.1555822535076311, 0.155575219533993, 0.15557472123339422, 0.15557467523803847, 0.15557467138289383, 0.1555746713501701]}, "6": {"maxiter": 100, "gtol": 1e-10, "xrtol": 1e-10, "eps": 1e-05, "duration": 0.11277604103088379, "fun": "0.15557467137066006", "jac": "[-3.84003940e-07  2.63589151e-07  2.98983061e-07  1.73784320e-06\n -2.70117262e-08  1.05804254e-07]", "hess_inv": "[[  7.99453026  -1.9632813    7.64645557   1.27685335  10.52726919\n   -3.99943082]\n [ -1.9632813   13.6081876    7.55893595  -2.79816214  -2.50422387\n    3.90172934]\n [  7.64645557   7.55893595  24.8160742   -3.01093417  17.46873858\n   -7.52416069]\n [  1.27685335  -2.79816214  -3.01093417   3.60919428  -0.37121213\n    0.29600724]\n [ 10.52726919  -2.50422387  17.46873858  -0.37121213  27.58255541\n  -12.50260789]\n [ -3.99943082   3.90172934  -7.52416069   0.29600724 -12.50260789\n    9.45616722]]", "nfev": "459", "njev": "64", "status": "2", "success": "False", "message": "Desired error not necessarily achieved due to precision loss.", "x": "[2.59663694 1.16080522 1.67520851 4.96731454 4.33740684 2.70352142]", "nit": "27", "callback": [0.3409215019241306, 0.3251049866278307, 0.2955180396945377, 0.24483944311406525, 0.19534022509256643, 0.1865268977090755, 0.1736465831490761, 0.16852580747128354, 0.16690842374775228, 0.16445306400996884, 0.16255556645699543, 0.16141933403927, 0.15966333910128228, 0.15780962096565365, 0.15695341313095534, 0.15668014428459487, 0.15657166225928631, 0.15641926156474129, 0.15618074086260691, 0.1558515317985728, 0.15566091279979588, 0.1555823035773768, 0.15557520217650223, 0.1555747165897241, 0.15557467501639555, 0.15557467143507298, 0.15557467137066006]}, "7": {"maxiter": 100, "gtol": 1e-10, "xrtol": 1e-10, "eps": 1e-10, "duration": 0.09239816665649414, "fun": "0.15557467132671843", "jac": "[-2.22044587e-06 -2.22044587e-06 -3.33066880e-06 -3.33066880e-06\n -1.11022293e-06 -2.22044587e-06]", "hess_inv": "[[ 0.10394271 -0.01460836  0.05556162 -0.00032398  0.01471609 -0.0622103 ]\n [-0.01460836  0.04426439 -0.03162793  0.02096817 -0.01675845  0.03787089]\n [ 0.05556162 -0.03162793  0.05702726 -0.03193092  0.03244905 -0.04968607]\n [-0.00032398  0.02096817 -0.03193092  0.05124508 -0.02392289 -0.00770497]\n [ 0.01471609 -0.01675845  0.03244905 -0.02392289  0.03394668 -0.03423135]\n [-0.0622103   0.03787089 -0.04968607 -0.00770497 -0.03423135  0.1026931 ]]", "nfev": "357", "njev": "51", "status": "0", "success": "True", "message": "Optimization terminated successfully.", "x": "[2.59665977 1.16080639 1.67523777 4.96731573 4.33743809 2.70351272]", "nit": "43", "callback": [0.34092575884645016, 0.3251085935882996, 0.2955204616027085, 0.24484053993516597, 0.19534387022640254, 0.18652908517152778, 0.17364703983509266, 0.1685262952021741, 0.16690869660189, 0.16445341643817246, 0.1625563220877959, 0.16142034997758614, 0.15966463875211245, 0.15781056328174503, 0.15695396208215495, 0.1566805507805933, 0.15657224854800722, 0.1564194280246789, 0.15618054775860424, 0.15585180188947922, 0.15566082571288042, 0.1555822535076311, 0.155575219533993, 0.15557472123339422, 0.15557467523803847, 0.15557467138289383, 0.1555746713501701, 0.15557467134036274, 0.15557467133688485, 0.1555746713350078, 0.15557467133368186, 0.1555746713330094, 0.15557467133256964, 0.1555746713311733, 0.15557467133047886, 0.15557467132873692, 0.1555746713279058, 0.15557467132682035, 0.1555746713267373, 0.1555746713267211, 0.15557467132671887, 0.15557467132671865, 0.15557467132671843]}, "8": {"maxiter": 500, "gtol": 1e-05, "xrtol": 1e-05, "eps": 1e-05, "duration": 0.04836511611938476