{"date": "2024/09/23/, 14:45:51", "conf_id": 20, "data_type": "random\n", "num_data_points": 2, "s_rank": 0, "unitary": "[[-0.45070455-0.02711853j,0.78437395-0.06613086j,0.06358678+0.19963393j,-0.07343613+0.35668523j],[-0.01890143-0.03813363j,0.32408202+0.25557629j,0.05872864-0.68979805j,0.55466693-0.20227297j],[-0.11215405+0.64023111j,-0.13344055+0.29565494j,-0.49012687-0.19046288j,-0.04241254+0.44046348j],[0.55771659+0.24656916j,0.31851997-0.05798805j,0.28761525-0.34294258j,-0.56718418+0.03616933j]]", "databatch_0": {"databatch": "[[[0.0574941+0.27191649j,-0.03828138-0.02951819j,0.09104237+0.11543044j,0.03547516-0.17983907j],[0.55888957+0.3092445j,-0.10887831+0.02209086j,0.3375126+0.01551426j,-0.25904754-0.33221467j],[-0.10820122-0.03164467j,0.01789542-0.00801392j,-0.05872171+0.01037813j,0.05745461+0.04719355j],[-0.20498101+0.18191094j,0.00662293-0.04720515j,-0.05451123+0.13432779j,0.17142274-0.05732334j]],[[-0.136856-0.02592408j,-0.03424675-0.10063785j,-0.02968067-0.03172417j,-0.01737855+0.01410467j],[0.05201387+0.30408559j,-0.18239109+0.14889246j,-0.04289321+0.08613089j,0.04271113+0.02516281j],[0.20030685+0.13759281j,-0.01605496+0.18476916j,0.02509427+0.07151948j,0.03766409-0.01030649j],[-0.47715508+0.43012638j,-0.46508728-0.15514464j,-0.19931902+0.02043208j,0.00328243+0.10317409j]]]", "initial param values": "[1.26816203,0.60066738,5.49072715,4.68502016,4.59212718,5.07149681]", "nelder_mead": {"type": "gradient-free", "0": {"maxiter": 100, "fatol": 1e-05, "xatol": 1e-05, "duration": 0.05495095252990723, "fun": "0.17908466068700502", "nit": "100", "nfev": "157", "status": "2", "success": "False", "message": "Maximum number of iterations has been exceeded.", "x": "[1.23450364 0.87068458 5.32232302 4.98714314 1.39409197 7.10053529]", "final_simplex": "(array([[1.23450364, 0.87068458, 5.32232302, 4.98714314, 1.39409197,\n        7.10053529],\n       [1.23804774, 0.87118065, 5.41211696, 4.95780476, 1.39994712,\n        7.08571141],\n       [1.23121352, 0.88394109, 5.38308044, 4.98399683, 1.33142506,\n        7.06687492],\n       [1.20268546, 0.88494593, 5.42156676, 5.02474496, 1.36789296,\n        7.10065438],\n       [1.21187543, 0.88350689, 5.35838532, 4.94806771, 1.34638065,\n        7.19008538],\n       [1.23633639, 0.87042999, 5.41747835, 4.9904057 , 1.38398528,\n        7.048979  ],\n       [1.25786054, 0.85141775, 5.39518163, 5.00803502, 1.3406136 ,\n        7.1820415 ]]), array([0.17908466, 0.17934246, 0.17947067, 0.17985231, 0.18006451,\n       0.18007053, 0.18048766]))", "callback": [0.5368238568302685, 0.38435698640750027, 0.24089899311073149, 0.22686443637260612, 0.19734166211171478, 0.18881637940765938, 0.18499495511241948, 0.18366634512890379, 0.18048765607035566]}, "1": {"maxiter": 100, "fatol": 1e-05, "xatol": 1e-10, "duration": 0.049455881118774414, "fun": "0.17908466068700502", "nit": "100", "nfev": "157", "status": "2", "success": "False", "message": "Maximum number of iterations has been exceeded.", "x": "[1.23450364 0.87068458 5.32232302 4.98714314 1.39409197 7.10053529]", "final_simplex": "(array([[1.23450364, 0.87068458, 5.32232302, 4.98714314, 1.39409197,\n        7.10053529],\n       [1.23804774, 0.87118065, 5.41211696, 4.95780476, 1.39994712,\n        7.08571141],\n       [1.23121352, 0.88394109, 5.38308044, 4.98399683, 1.33142506,\n        7.06687492],\n       [1.20268546, 0.88494593, 5.42156676, 5.02474496, 1.36789296,\n        7.10065438],\n       [1.21187543, 0.88350689, 5.35838532, 4.94806771, 1.34638065,\n        7.19008538],\n       [1.23633639, 0.87042999, 5.41747835, 4.9904057 , 1.38398528,\n        7.048979  ],\n       [1.25786054, 0.85141775, 5.39518163, 5.00803502, 1.3406136 ,\n        7.1820415 ]]), array([0.17908466, 0.17934246, 0.17947067, 0.17985231, 0.18006451,\n       0.18007053, 0.18048766]))", "callback": [0.5368238568302685, 0.38435698640750027, 0.24089899311073149, 0.22686443637260612, 0.19734166211171478, 0.18881637940765938, 0.18499495511241948, 0.18366634512890379, 0.18048765607035566]}, "2": {"maxiter": 100, "fatol": 1e-10, "xatol": 1e-05, "duration": 0.052232980728149414, "fun": "0.17908466068700502", "nit": "100", "nfev": "157", "status": "2", "success": "False", "message": "Maximum number of iterations has been exceeded.", "x": "[1.23450364 0.87068458 5.32232302 4.98714314 1.39409197 7.10053529]", "final_simplex": "(array([[1.23450364, 0.87068458, 5.32232302, 4.98714314, 1.39409197,\n        7.10053529],\n       [1.23804774, 0.87118065, 5.41211696, 4.95780476, 1.39994712,\n        7.08571141],\n       [1.23121352, 0.88394109, 5.38308044, 4.98399683, 1.33142506,\n        7.06687492],\n       [1.20268546, 0.88494593, 5.42156676, 5.02474496, 1.36789296,\n        7.10065438],\n       [1.21187543, 0.88350689, 5.35838532, 4.94806771, 1.34638065,\n        7.19008538],\n       [1.23633639, 0.87042999, 5.41747835, 4.9904057 , 1.38398528,\n        7.048979  ],\n       [1.25786054, 0.85141775, 5.39518163, 5.00803502, 1.3406136 ,\n        7.1820415 ]]), array([0.17908466, 0.17934246, 0.17947067, 0.17985231, 0.18006451,\n       0.18007053, 0.18048766]))", "callback": [0.5368238568302685, 0.38435698640750027, 0.24089899311073149, 0.22686443637260612, 0.19734166211171478, 0.18881637940765938, 0.18499495511241948, 0.18366634512890379, 0.18048765607035566]}, "3": {"maxiter": 100, "fatol": 1e-10, "xatol": 1e-10, "duration": 0.052446842193603516, "fun": "0.17908466068700502", "nit": "100", "nfev": "157", "status": "2", "success": "False", "message": "Maximum number of iterations has been exceeded.", "x": "[1.23450364 0.87068458 5.32232302 4.98714314 1.39409197 7.10053529]", "final_simplex": "(array([[1.23450364, 0.87068458, 5.32232302, 4.98714314, 1.39409197,\n        7.10053529],\n       [1.23804774, 0.87118065, 5.41211696, 4.95780476, 1.39994712,\n        7.08571141],\n       [1.23121352, 0.88394109, 5.38308044, 4.98399683, 1.33142506,\n        7.06687492],\n       [1.20268546, 0.88494593, 5.42156676, 5.02474496, 1.36789296,\n        7.10065438],\n       [1.21187543, 0.88350689, 5.35838532, 4.94806771, 1.34638065,\n        7.19008538],\n       [1.23633639, 0.87042999, 5.41747835, 4.9904057 , 1.38398528,\n        7.048979  ],\n       [1.25786054, 0.85141775, 5.39518163, 5.00803502, 1.3406136 ,\n        7.1820415 ]]), array([0.17908466, 0.17934246, 0.17947067, 0.17985231, 0.18006451,\n       0.18007053, 0.18048766]))", "callback": [0.5368238568302685, 0.38435698640750027, 0.24089899311073149, 0.22686443637260612, 0.19734166211171478, 0.18881637940765938, 0.18499495511241948, 0.18366634512890379, 0.18048765607035566]}, "4": {"maxiter": 500, "fatol": 1e-05, "xatol": 1e-05, "duration": 0.19424796104431152, "fun": "0.09096274339790411", "nit": "377", "nfev": "601", "status": "0", "success": "True", "message": "Optimization terminated successfully.", "x": "[1.61187982 1.52874907 5.50097565 5.16497004 1.57890325 6.85761032]", "final_simplex": "(array([[1.61187982, 1.52874907, 5.50097565, 5.16497004, 1.57890325,\n        6.85761032],\n       [1.61188463, 1.52874891, 5.50098307, 5.16497077, 1.57890323,\n        6.85761089],\n       [1.61188192, 1.52875354, 5.50098173, 5.16496874, 1.57890448,\n        6.85760413],\n       [1.61187886, 1.52874633, 5.50097635, 5.16496651, 1.57890732,\n        6.85760638],\n       [1.61188369, 1.52874246, 5.50098383, 5.16497266, 1.57889553,\n        6.85761911],\n       [1.6118814 , 1.52875069, 5.50098237, 5.16497024, 1.57890088,\n        6.85761271],\n       [1.61187954, 1.52875021, 5.50098396, 5.1649725 , 1.57890628,\n        6.85760397]]), array([0.09096274, 0.09096274, 0.09096274, 0.09096274, 0.09096274,\n       0.09096274, 0.09096274]))", "callback": [0.5368238568302685, 0.38435698640750027, 0.24089899311073149, 0.22686443637260612, 0.19734166211171478, 0.18881637940765938, 0.18499495511241948, 0.18366634512890379, 0.18048765607035566, 0.1788253027166441, 0.17785994127694948, 0.1771957084099085, 0.1758033143130836, 0.1721731612791224, 0.15503796327576824, 0.12632042778651853, 0.09842589059956519, 0.09422243106131734, 0.09175996498066019, 0.09130365639758498, 0.09106788686536449, 0.09102150039183998, 0.09099762130594902, 0.0909746588622784, 0.09096626165353738, 0.09096446091476096, 0.09096292963498254, 0.09096280200069096, 0.09096275863657877, 0.09096274575828966, 0.09096274414962768, 0.09096274375062874, 0.09096274350229161, 0.09096274347904132, 0.09096274343058097, 0.09096274340977129, 0.0909627434006528]}, "5": {"maxiter": 500, "fatol": 1e-05, "xatol": 1e-10, "duration": 0.24151396751403809, "fun": "0.09096274338337629", "nit": "500", "nfev": "823", "status": "2", "success": "False", "message": "Maximum number of iterations has been exceeded.", "x": "[1.61188341 1.52874613 5.50097913 5.16497155 1.57889983 6.85760388]", "final_simplex": "(array([[1.61188341, 1.52874613, 5.50097913, 5.16497155, 1.57889983,\n        6.85760388],\n       [1.61188341, 1.52874613, 5.50097914, 5.16497155, 1.57889983,\n        6.85760388],\n       [1.61188341, 1.52874613, 5.50097913, 5.16497155, 1.57889983,\n        6.85760388],\n       [1.61188341, 1.52874613, 5.50097914, 5.16497155, 1.57889983,\n        6.85760388],\n       [1.61188341, 1.52874613, 5.50097913, 5.16497155, 1.57889983,\n        6.85760388],\n       [1.61188341, 1.52874613, 5.50097913, 5.16497155, 1.57889983,\n        6.85760388],\n       [1.61188341, 1.52874613, 5.50097913, 5.16497155, 1.57889983,\n        6.85760388]]), array([0.09096274, 0.09096274, 0.09096274, 0.09096274, 0.09096274,\n       0.09096274, 0.09096274]))", "callback": [0.5368238568302685, 0.38435698640750027, 0.24089899311073149, 0.22686443637260612, 0.19734166211171478, 0.18881637940765938, 0.18499495511241948, 0.18366634512890379, 0.18048765607035566, 0.1788253027166441, 0.17785994127694948, 0.1771957084099085, 0.1758033143130836, 0.1721731612791224, 0.15503796327576824, 0.12632042778651853, 0.09842589059956519, 0.09422243106131734, 0.09175996498066019, 0.09130365639758498, 0.09106788686536449, 0.09102150039183998, 0.09099762130594902, 0.0909746588622784, 0.09096626165353738, 0.09096446091476096, 0.09096292963498254, 0.09096280200069096, 0.09096275863657877, 0.09096274575828966, 0.09096274414962768, 0.09096274375062874, 0.09096274350229161, 0.09096274347904132, 0.09096274343058097, 0.09096274340977129, 0.0909627434006528, 0.09096274339153321, 0.09096274338672838, 0.0909627433846042, 0.09096274338445376, 0.09096274338349775, 0.09096274338346777, 0.09096274338339827, 0.09096274338338461, 0.09096274338337895, 0.09096274338337729, 0.09096274338337662, 0.0909627433833764]}, "6": {"maxiter": 500, "fatol": 1e-10, "xatol": 1e-05, "duration": 0.19001078605651855, "fun": "0.09096274339790411", "nit": "377", "nfev": "601", "status": "0", "success": "True", "message": "Optimization terminated successfully.", "x": "[1.61187982 1.52874907 5.50097565 5.16497004 1.57890325 6.85761032]", "final_simplex": "(array([[1.61187982, 1.52874907, 5.50097565, 5.16497004, 1.57890325,\n        6.85761032],\n       [1.61188463, 1.52874891, 5.50098307, 5.16497077, 1.57890323,\n        6.85761089],\n       [1.61188192, 1.52875354, 5.50098173, 5.16496874, 1.57890448,\n        6.85760413],\n       [1.61187886, 1.52874633, 5.50097635, 5.16496651, 1.57890732,\n        6.85760638],\n       [1.61188369, 1.52874246, 5.50098383, 5.16497266, 1.57889553,\n        6.85761911],\n       [1.6118814 , 1.52875069, 5.50098237, 5.16497024, 1.57890088,\n        6.85761271],\n       [1.61187954, 1.52875021, 5.50098396, 5.1649725 , 1.57890628,\n        6.85760397]]), array([0.09096274, 0.09096274, 0.09096274, 0.09096274, 0.09096274,\n       0.09096274, 0.09096274]))", "callback": [0.5368238568302685, 0.38435698640750027, 0.24089899311073149, 0.22686443637260612, 0.19734166211171478, 0.18881637940765938, 0.18499495511241948, 0.18366634512890379, 0.18048765607035566, 0.1788253027166441, 0.17785994127694948, 0.1771957084099085, 0.1758033143130836, 0.1721731612791224, 0.15503796327576824, 0.12632042778651853, 0.09842589059956519, 0.09422243106131734, 0.09175996498066019, 0.09130365639758498, 0.09106788686536449, 0.09102150039183998, 0.09099762130594902, 0.0909746588622784, 0.09096626165353738, 0.09096446091476096, 0.09096292963498254, 0.09096280200069096, 0.09096275863657877, 0.09096274575828966, 0.09096274414962768, 0.09096274375062874, 0.09096274350229161, 0.09096274347904132, 0.09096274343058097, 0.09096274340977129, 0.0909627434006528]}, "7": {"maxiter": 500, "fatol": 1e-10, "xatol": 1e-10, "duration": 0.28473520278930664, "fun": "0.09096274338337629", "nit": "500", "nfev": "823", "status": "2", "success": "False", "message": "Maximum number of iterations has been exceeded.", "x": "[1.61188341 1.52874613 5.50097913 5.16497155 1.57889983 6.85760388]", "final_simplex": "(array([[1.61188341, 1.52874613, 5.50097913, 5.16497155, 1.57889983,\n        6.85760388],\n       [1.61188341, 1.52874613, 5.50097914, 5.16497155, 1.57889983,\n        6.85760388],\n       [1.61188341, 1.52874613, 5.50097913, 5.16497155, 1.57889983,\n        6.85760388],\n       [1.61188341, 1.52874613, 5.50097914, 5.16497155, 1.57889983,\n        6.85760388],\n       [1.61188341, 1.52874613, 5.50097913, 5.16497155, 1.57889983,\n        6.85760388],\n       [1.61188341, 1.52874613, 5.50097913, 5.16497155, 1.57889983,\n        6.85760388],\n       [1.61188341, 1.52874613, 5.50097913, 5.16497155, 1.57889983,\n        6.85760388]]), array([0.09096274, 0.09096274, 0.09096274, 0.09096274, 0.09096274,\n       0.09096274, 0.09096274]))", "callback": [0.5368238568302685, 0.38435698640750027, 0.24089899311073149, 0.22686443637260612, 0.19734166211171478, 0.18881637940765938, 0.18499495511241948, 0.18366634512890379, 0.18048765607035566, 0.1788253027166441, 0.17785994127694948, 0.1771957084099085, 0.1758033143130836, 0.1721731612791224, 0.15503796327576824, 0.12632042778651853, 0.09842589059956519, 0.09422243106131734, 0.09175996498066019, 0.09130365639758498, 0.09106788686536449, 0.09102150039183998, 0.09099762130594902, 0.0909746588622784, 0.09096626165353738, 0.09096446091476096, 0.09096292963498254, 0.09096280200069096, 0.09096275863657877, 0.09096274575828966, 0.09096274414962768, 0.09096274375062874, 0.09096274350229161, 0.09096274347904132, 0.09096274343058097, 0.09096274340977129, 0.0909627434006528, 0.09096274339153321, 0.09096274338672838, 0.0909627433846042, 0.09096274338445376, 0.09096274338349775, 0.09096274338346777, 0.09096274338339827, 0.09096274338338461, 0.09096274338337895, 0.09096274338337729, 0.09096274338337662, 0.0909627433833764]}, "8": {"maxiter": 1000, "fatol": 1e-05, "xatol": 1e-05, "duration": 0.20704293251037598, "fun": "0.09096274339790411", "nit": "377", "nfev": "601", "status": "0", "success": "True", "message": "Optimization terminated successfully.", "x": "[1.61187982 1.52874907 5.50097565 5.16497004 1.57890325 6.85761032]", "final_simplex": "(array([[1.61187982, 1.52874907, 5.50097565, 5.16497004, 1.57890325,\n        6.85761032],\n       [1.61188463, 1.52874891, 5.50098307, 5.16497077, 1.57890323,\n        6.85761089],\n       [1.61188192, 1.52875354, 5.50098173, 5.16496874, 1.57890448,\n        6.85760413],\n       [1.61187886, 1.52874633, 5.50097635, 5.16496651, 1.57890732,\n        6.85760638],\n       [1.61188369, 1.52874246, 5.50098383, 5.16497266, 1.57889553,\n        6.85761911],\n       [1.6118814 , 1.52875069, 5.50098237, 5.16497024, 1.57890088,\n        6.85761271],\n       [1.61187954, 1.52875021, 5.50098396, 5.1649725 , 1.57890628,\n        6.85760397]]), array([0.09096274, 0.09096274, 0.09096274, 0.09096274, 0.09096274,\n       0.09096274, 0.09096274]))", "callback": [0.5368238568302685, 0.38435698640750027, 0.24089899311073149, 0.22686443637260612, 0.19734166211171478, 0.18881637940765938, 0.18499495511241948, 0.18366634512890379, 0.18048765607035566, 0.1788253027166441, 0.17785994127694948, 0.1771957084099085, 0.1758033143130836, 0.1721731612791224, 0.15503796327576824, 0.12632042778651853, 0.09842589059956519, 0.09422243106131734, 0.09175996498066019, 0.09130365639758498, 0.09106788686536449, 0.09102150039183998, 0.09099762130594902, 0.0909746588622784, 0.09096626165353738, 0.09096446091476096, 0.09096292963498254, 0.09096280200069096, 0.09096275863657877, 0.09096274575828966, 0.09096274414962768, 0.09096274375062874, 0.09096274350229161, 0.09096274347904132, 0.09096274343058097, 0.09096274340977129, 0.0909627434006528]}, "9": {"maxiter": 1000, "fatol": 1e-05, "xatol": 1e-10, "duration": 0.2954378128051758, "fun": "0.09096274338337618", "nit": "521", "nfev": "876", "status": "0", "success": "True", "message": "Optimization terminated successfully.", "x": "[1.61188341 1.52874613 5.50097913 5.16497155 1.57889983 6.85760388]", "final_simplex": "(array([[1.61188341, 1.52874613, 5.50097913, 5.16497155, 1.57889983,\n        6.85760388],\n       [1.61188341, 1.52874613, 5.50097913, 5.16497155, 1.57889983,\n        6.85760388],\n       [1.61188341, 1.52874613, 5.50097913, 5.16497155, 1.57889983,\n        6.85760388],\n       [1.61188341, 1.52874613, 5.50097913, 5.16497155, 1.57889983,\n        6.85760388],\n       [1.61188341, 1.52874613, 5.50097913, 5.16497155, 1.57889983,\n        6.85760388],\n       [1.61188341, 1.52874613, 5.50097913, 5.16497155, 1.57889983,\n        6.85760388],\n       [1.61188341, 1.52874613, 5.50097913, 5.16497155, 1.57889983,\n        6.85760388]]), array([0.09096274, 0.09096274, 0.09096274, 0.09096274, 0.09096274,\n       0.09096274, 0.09096274]))", "callback": [0.5368238568302685, 0.38435698640750027, 0.24089899311073149, 0.22686443637260612, 0.19734166211171478, 0.18881637940765938, 0.18499495511241948, 0.18366634512890379, 0.18048765607035566, 0.1788253027166441, 0.17785994127694948, 0.1771957084099085, 0.1758033143130836, 0.1721731612791224, 0.15503796327576824, 0.12632042778651853, 0.09842589059956519, 0.09422243106131734, 0.09175996498066019, 0.09130365639758498, 0.09106788686536449, 0.09102150039183998, 0.09099762130594902, 0.0909746588622784, 0.09096626165353738, 0.09096446091476096, 0.09096292963498254, 0.09096280200069096, 0.09096275863657877, 0.09096274575828966, 0.09096274414962768, 0.09096274375062874, 0.09096274350229161, 0.09096274347904132, 0.09096274343058097, 0.09096274340977129, 0.0909627434006528, 0.09096274339153321, 0.09096274338672838, 0.0909627433846042, 0.09096274338445376, 0.09096274338349775, 0.09096274338346777, 0.09096274338339827, 0.09096274338338461, 0.09096274338337895, 0.09096274338337729, 0.09096274338337662, 0.0909627433833764, 0.09096274338337629, 0.09096274338337629, 0.09096274338337618]}, "10": {"maxiter": 1000, "fatol": 1e-10, "xatol": 1e-05, "duration": 0.19515109062194824, "fun": "0.09096274339790411", "nit": "377", "nfev": "601", "status": "0", "success": "True", "message": "Optimization terminated successfully.", "x": "[1.61187982 1.52874907 5.50097565 5.16497004 1.57890325 6.85761032]", "final_simplex": "(array([[1.61187982, 1.52874907, 5.50097565, 5.16497004, 1.57890325,\n        6.85761032],\n       [1.61188463, 1.52874891, 5.50098307, 5.16497077, 1.57890323,\n        6.85761089],\n       [1.61188192, 1.52875354, 5.50098173, 5.16496874, 1.57890448,\n        6.85760413],\n       [1.61187886, 1.52874633, 5.50097635, 5.16496651, 1.57890732,\n        6.85760638],\n       [1.61188369, 1.52874246, 5.50098383, 5.16497266, 1.57889553,\n        6.85761911],\n       [1.6118814 , 1.52875069, 5.50098237, 5.16497024, 1.57890088,\n        6.85761271],\n       [1.61187954, 1.52875021, 5.50098396, 5.1649725 , 1.57890628,\n        6.85760397]]), array([0.09096274, 0.09096274, 0.09096274, 0.09096274, 0.09096274,\n       0.09096274, 0.09096274]))", "callback": [0.5368238568302685, 0.38435698640750027, 0.24089899311073149, 0.22686443637260612, 0.19734166211171478, 0.18881637940765938, 0.18499495511241948, 0.18366634512890379, 0.18048765607035566, 0.1788253027166441, 0.17785994127694948, 0.1771957084099085, 0.1758033143130836, 0.1721731612791224, 0.15503796327576824, 0.12632042778651853, 0.09842589059956519, 0.09422243106131734, 0.09175996498066019, 0.09130365639758498, 0.09106788686536449, 0.09102150039183998, 0.09099762130594902, 0.0909746588622784, 0.09096626165353738, 0.09096446091476096, 0.09096292963498254, 0.09096280200069096, 0.09096275863657877, 0.09096274575828966, 0.09096274414962768, 0.09096274375062874, 0.09096274350229161, 0.09096274347904132, 0.09096274343058097, 0.09096274340977129, 0.0909627434006528]}, "11": {"maxiter": 1000, "fatol": 1e-10, "xatol": 1e-10, "duration": 0.29698801040649414, "fun": "0.09096274338337618", "nit": "521", "nfev": "876", "status": "0", "success": "True", "message": "Optimization terminated successfully.", "x": "[1.61188341 1.52874613 5.50097913 5.16497155 1.57889983 6.85760388]", "final_simplex": "(array([[1.61188341, 1.52874613, 5.50097913, 5.16497155, 1.57889983,\n        6.85760388],\n       [1.61188341, 1.52874613, 5.50097913, 5.16497155, 1.57889983,\n        6.85760388],\n       [1.61188341, 1.52874613, 5.50097913, 5.16497155, 1.57889983,\n        6.85760388],\n       [1.61188341, 1.52874613, 5.50097913, 5.16497155, 1.57889983,\n        6.85760388],\n       [1.61188341, 1.52874613, 5.50097913, 5.16497155, 1.57889983,\n        6.85760388],\n       [1.61188341, 1.52874613, 5.50097913, 5.16497155, 1.57889983,\n        6.85760388],\n       [1.61188341, 1.52874613, 5.50097913, 5.16497155, 1.57889983,\n        6.85760388]]), array([0.09096274, 0.09096274, 0.09096274, 0.09096274, 0.09096274,\n       0.09096274, 0.09096274]))", "callback": [0.5368238568302685, 0.38435698640750027, 0.24089899311073149, 0.22686443637260612, 0.19734166211171478, 0.18881637940765938, 0.18499495511241948, 0.18366634512890379, 0.18048765607035566, 0.1788253027166441, 0.17785994127694948, 0.1771957084099085, 0.1758033143130836, 0.1721731612791224, 0.15503796327576824, 0.12632042778651853, 0.09842589059956519, 0.09422243106131734, 0.09175996498066019, 0.09130365639758498, 0.09106788686536449, 0.09102150039183998, 0.09099762130594902, 0.0909746588622784, 0.09096626165353738, 0.09096446091476096, 0.09096292963498254, 0.09096280200069096, 0.09096275863657877, 0.09096274575828966, 0.09096274414962768, 0.09096274375062874, 0.09096274350229161, 0.09096274347904132, 0.09096274343058097, 0.09096274340977129, 0.0909627434006528, 0.09096274339153321, 0.09096274338672838, 0.0909627433846042, 0.09096274338445376, 0.09096274338349775, 0.09096274338346777, 0.09096274338339827, 0.09096274338338461, 0.09096274338337895, 0.09096274338337729, 0.09096274338337662, 0.0909627433833764, 0.09096274338337629, 0.09096274338337629, 0.09096274338337618]}}, "bfgs": {"type": "gradient", "0": {"maxiter": 100, "gtol": 1e-05, "xrtol": 1e-05, "eps": 1e-05, "duration": 0.05351114273071289, "fun": "0.09096274346687172", "jac": "[-1.57318603e-07 -4.55524507e-08 -8.41426928e-07  1.61748392e-07\n -1.38347112e-06  2.62874167e-06]", "hess_inv": "[[ 3.15828037 -0.34523985  1.85378002  1.11241357 -0.08041638  0.32879793]\n [-0.34523985  3.01086888  0.18820075 -0.01036255  0.76798568 -1.48815754]\n [ 1.85378002  0.18820075  8.07318651  1.84838985 -2.30964158  1.00602532]\n [ 1.11241357 -0.01036255  1.84838985  3.14120526 -1.05947961  0.33384182]\n [-0.08041638  0.76798568 -2.30964158 -1.05947961  4.49829487 -2.0151137 ]\n [ 0.32879793 -1.48815754  1.00602532  0.33384182 -2.0151137   5.70535816]]", "nfev": "168", "njev": "24", "status": "0", "success": "True", "message": "Optimization terminated successfully.", "x": "[1.61187178 1.52873422 5.50096549 5.16496401 1.57888401 6.85762507]", "nit": "18", "callback": [0.0920522096569647]}, "1": {"maxiter": 100, "gtol": 1e-05, "xrtol": 1e-05, "eps": 1e-10, "duration": 0.05172896385192871, "fun": "0.09096274355462242", "jac": "[ 1.11022293e-06  1.11022293e-06  1.11022293e-06 -2.22044587e-06\n -2.22044587e-06  4.44089173e-06]", "hess_inv": "[[ 3.04579470e+00 -2.78656853e-01  1.78107805e+00  1.16490089e+00\n  -6.07120433e-02  2.49521652e-01]\n [-2.78656853e-01  2.96629954e+00  2.75398765e-01 -1.75591950e-03\n   7.06281630e-01 -1.42162033e+00]\n [ 1.78107805e+00  2.75398765e-01  8.19750013e+00  2.05809289e+00\n  -2.42366957e+00  1.03400595e+00]\n [ 1.16490089e+00 -1.75591950e-03  2.05809289e+00  3.28012686e+00\n  -1.19555170e+00  4.37184788e-01]\n [-6.07120433e-02  7.06281630e-01 -2.42366957e+00 -1.19555170e+00\n   4.56699382e+00 -2.04558817e+00]\n [ 2.49521652e-01 -1.42162033e+00  1.03400595e+00  4.37184788e-01\n  -2.04558817e+00  5.69203101e+00]]", "nfev": "168", "njev": "24", "status": "0", "success": "True", "message": "Optimization terminated successfully.", "x": "[1.61190224 1.52873755 5.50101002 5.16498523 1.57887614 6.857649  ]", "nit": "18", "callback": [0.09205179928005525]}, "2": {"maxiter": 100, "gtol": 1e-05, "xrtol": 1e-10, "eps": 1e-05, "duration": 0.05369210243225098, "fun": "0.09096274346687172", "jac": "[-1.57318603e-07 -4.55524507e-08 -8.41426928e-07  1.61748392e-07\n -1.38347112e-06  2.62874167e-06]", "hess_inv": "[[ 3.15828037 -0.34523985  1.85378002  1.11241357 -0.08041638  0.32879793]\n [-0.34523985  3.01086888  0.18820075 -0.01036255  0.76798568 -1.48815754]\n [ 1.85378002  0.18820075  8.07318651  1.84838985 -2.30964158  1.00602532]\n [ 1.11241357 -0.01036255  1.84838985  3.14120526 -1.05947961  0.33384182]\n [-0.08041638  0.76798568 -2.30964158 -1.05947961  4.49829487 -2.0151137 ]\n [ 0.32879793 -1.48815754  1.00602532  0.33384182 -2.0151137   5.70535816]]", "nfev": "168", "njev": "24", "status": "0", "success": "True", "message": "Optimization terminated successfully.", "x": "[1.61187178 1.52873422 5.50096549 5.16496401 1.57888401 6.85762507]", "nit": "18", "callback": [0.0920522096569647]}, "3": {"maxiter": 100, "gtol": 1e-05, "xrtol": 1e-10, "eps": 1e-10, "duration": 0.05823206901550293, "fun": "0.09096274355462242", "jac": "[ 1.11022293e-06  1.11022293e-06  1.11022293e-06 -2.22044587e-06\n -2.22044587e-06  4.44089173e-06]", "hess_inv": "[[ 3.04579470e+00 -2.78656853e-01  1.78107805e+00  1.16490089e+00\n  -6.07120433e-02  2.49521652e-01]\n [-2.78656853e-01  2.96629954e+00  2.75398765e-01 -1.75591950e-03\n   7.06281630e-01 -1.42162033e+00]\n [ 1.78107805e+00  2.75398765e-01  8.19750013e+00  2.05809289e+00\n  -2.42366957e+00  1.03400595e+00]\n [ 1.16490089e+00 -1.75591950e-03  2.05809289e+00  3.28012686e+00\n  -1.19555170e+00  4.37184788e-01]\n [-6.07120433e-02  7.06281630e-01 -2.42366957e+00 -1.19555170e+00\n   4.56699382e+00 -2.04558817e+00]\n [ 2.49521652e-01 -1.42162033e+00  1.03400595e+00  4.37184788e-01\n  -2.04558817e+00  5.69203101e+00]]", "nfev": "168", "njev": "24", "status": "0", "success": "True", "message": "Optimization terminated successfully.", "x": "[1.61190224 1.52873755 5.50101002 5.16498523 1.57887614 6.857649  ]", "nit": "18", "callback": [0.09205179928005525]}, "4": {"maxiter": 100, "gtol": 1e-10, "xrtol": 1e-05, "eps": 1e-05, "duration": 0.05756974220275879, "fun": "0.09096274346687172", "jac": "[-1.57318603e-07 -4.55524507e-08 -8.41426928e-07  1.61748392e-07\n -1.38347112e-06  2.62874167e-06]", "hess_inv": "[[ 3.15828037 -0.34523985  1.85378002  1.11241357 -0.08041638  0.32879793]\n [-0.34523985  3.01086888  0.18820075 -0.01036255  0.76798568 -1.48815754]\n [ 1.85378002  0.18820075  8.07318651  1.84838985 -2.30964158  1.00602532]\n [ 1.11241357 -0.01036255  1.84838985  3.14120526 -1.05947961  0.33384182]\n [-0.08041638  0.76798568 -2.30964158 -1.05947961  4.49829487 -2.0151137 ]\n [ 0.32879793 -1.48815754  1.00602532  0.33384182 -2.0151137   5.70535816]]", "nfev": "168", "njev": "24", "status": "0", "success": "True", "message": "Optimization terminated successfully.", "x": "[1.61187178 1.52873422 5.50096549 5.16496401 1.57888401 6.85762507]", "nit": "18", "callback": [0.0920522096569647]}, "5": {"maxiter": 100, "gtol": 1e-10, "xrtol": 1e-05, "eps": 1e-10, "duration": 0.05259084701538086, "fun": "0.0909627434519178", "jac": "[2.22044587e-06 2.22044587e-06 0.00000000e+00 5.55111466e-06\n 4.44089173e-06 4.44089173e-06]", "hess_inv": "[[ 2.96013207 -0.33969471  1.45094761  1.03151894  0.12194288  0.0702607 ]\n [-0.33969471  3.17802841 -0.04831609  0.07554406  1.21219288 -2.28871385]\n [ 1.45094761 -0.04831609  6.95590622  1.48430983 -1.85002212  0.59949791]\n [ 1.03151894  0.07554406  1.48430983  3.18881666 -0.65741023 -0.34119609]\n [ 0.12194288  1.21219288 -1.85002212 -0.65741023  4.73076373 -2.75192604]\n [ 0.0702607  -2.28871385  0.59949791 -0.34119609 -2.75192604  7.45880668]]", "nfev": "175", "njev": "25", "status": "0", "success": "True", "message": "Optimization terminated successfully.", "x": "[1.61189997 1.52874747 5.50099727 5.16498949 1.57889798 6.8576108 ]", "nit": "19", "callback": [0.09205179928005525]}, "6": {"maxiter": 100, "gtol": 1e-10, "xrtol": 1e-10, "eps": 1e-05, "duration": 0.13232803344726562, "fun": "0.09096274341231436", "jac": "[ 1.65412128e-07  4.68669548e-07 -5.12256904e-08  2.96074276e-07\n -2.18480789e-07  4.01567668e-07]", "hess_inv": "[[ 3.13473313 -0.41335223  1.82466836  1.1143557  -0.18030549  0.50904553]\n [-0.41335223  3.01756446  0.04662912 -0.17321484  1.07226146 -1.94050771]\n [ 1.82466836  0.04662912  7.97960049  1.75888628 -2.39141951  1.20393397]\n [ 1.1143557  -0.17321484  1.75888628  3.01708332 -1.14738188  0.55905604]\n [-0.18030549  1.07226146 -2.39141951 -1.14738188  5.21104761 -3.23923583]\n [ 0.50904553 -1.94050771  1.20393397  0.55905604 -3.23923583  7.76664871]]", "nfev": "424", "njev": "59", "status": "2", "success": "False", "message": "Desired error not necessarily achieved due to precision loss.", "x": "[1.61187283 1.52874122 5.50096717 5.1649635  1.57889574 6.85760419]", "nit": "19", "callback": [0.0920522096569647]}, "7": {"maxiter": 100, "gtol": 1e-10, "xrtol": 1e-10, "eps": 1e-10, "duration": 0.10046696662902832, "fun": "0.09096274340453359", "jac": "[0.00000000e+00 2.22044587e-06 2.22044587e-06 2.22044587e-06\n 1.11022293e-06 0.00000000e+00]", "hess_inv": "[[ 0.07055277  0.03580734  0.02073464  0.09257308 -0.2004156   0.22468529]\n [ 0.03580734  0.07687668 -0.07449191  0.04225685  0.03538655 -0.0699467 ]\n [ 0.02073464 -0.07449191  0.21397873  0.06481328 -0.40480424  0.51291298]\n [ 0.09257308  0.04225685  0.06481328  0.17233952 -0.37251042  0.42870341]\n [-0.2004156   0.03538655 -0.40480424 -0.37251042  1.24173529 -1.50087608]\n [ 0.22468529 -0.0699467   0.51291298  0.42870341 -1.50087608  1.85116959]]", "nfev": "343", "njev": "49", "status": "0", "success": "True", "message": "Optimization terminated successfully.", "x": "[1.61188703 1.52875479 5.50098597 5.16497777 1.57890393 6.85759521]", "nit": "32", "callback": [0.09205179928005525, 0.09096274343541144, 0.09096274340688737]}, "8": {"maxiter": 500, "gtol": 1e-05, "xrtol": 1e-05, "eps": 1e-05, "duration": 0.04840278625488281, "fun": "0.09096274346687172", "jac": "[-1.57318603e-07 -4.55524507e-08 -8.41426928e-07  1.61748392e-07\n -1.38347112e-06  2.62874167e-06]", "hess_inv": "[[ 3.15828037 -0.34523985  1.85378002  1.11241357 -0.08041638  0.32879793]\n [-0.34523985  3.01086888  0.18820075 -0.01036255  0.76798568 -1.48815754]\n [ 1.85378002  0.18820075  8.07318651  1.84838985 -2.30964158  1.00602532]\n [ 1.11241357 -0.01036255  1.84838985  3.14120526 -1.05947961  0.33384182]\n [-0.08041638  0.76798568 -2.30964158 -1.05947961  4.49829487 -2.0151137 ]\n [ 0.32879793 -1.48815754  1.00602532  0.33384182 -2.0151137   5.70535816]]", "nfev": "168", "njev": "24", "status": "0", "success": "True", "message": "Optimization terminated successfully.", "x": "[1.61187178 1.52873422 5.50096549 5.16496401 1.57888401 6.85762507]", "nit": "18", "callback": [0.0920522096569647]}, "9": {"maxiter": 500, "gtol": 1e-05, "xrtol": 1e-05, "eps": 1e-10, "duration": 0.047456979751586914, "fun": "0.09096274355462242", "jac": "[ 1.11022293e-06  1.11022293e-06  1.11022293e-06 -2.22044587e-06\n -2.22044587e-06  4.44089173e-06]", "hess_inv": "[[ 3.04579470e+00 -2.78656853e-01  1.78107805e+00  1.16490089e+00\n  -6.07120433e-02  2.49521652e-01]\n [-2.78656853e-01  2.96629954e+00  2.75398765e-01 -1.75591950e-03\n   7.06281630e-01 -1.42162033e+00]\n [ 1.78107805e+00  2.75398765e-01  8.19750013e+00  2.05809289e+00\n  -2.42366957e+00  1.03400595e+00]\n [ 1.16490089e+00 -1.75591950e-03  2.05809289e+00  3.28012686e+00\n  -1.19555170e+00  4.37184788e-01]\n [-6.07120433e-02  7.06281630e-01 -2.42366957e+00 -1.19555170e+00\n   4.56699382e+00 -2.04558817e+00]\n [ 2.49521652e-01 -1.42162033e+00  1.03400595e+00  4.37184788e-01\n  -2.04558817e+00  5.69203101e+00]]", "nfev": "168", "njev": "24", "status": "0", "success": "True", "message": "Optimization terminated successfully.", "x": "[1.61190224 1.52873755 5.50101002 5.16498523 1.57887614 6.857649  ]", "nit": "18", "callback": [0.09205179928005525]}, "10": {"maxiter": 500, "gtol": 1e-05, "xrtol": 1e-10, "eps": 1e-05, "duration": 0.04621624946594238, "fun": "0.09096274346687172", "jac": "[-1.57318603e-07 -4.55524507e-08 -8.41426928e-07  1.61748392e-07\n -1.38347112e-06  2.62874167e-06]", "hess_inv": "[[ 3.15828037 -0.34523985  1.85378002  1.11241357 -0.08041638  0.32879793]\n [-0.34523985  3.01086888  0.18820075 -0.01036255  0.76798568 -1.48815754]\n [ 1.85378002  0.18820075  8.07318651  1.84838985 -2.30964158  1.00602532]\n [ 1.11241357 -0.01036255  1.84838985  3.14120526 -1.05947961  0.33384182]\n [-0.08041638  0.76798568 -2.30964158 -1.05947961  4.49829487 -2.0151137 ]\n [ 0.32879793 -1.48815754  1.00602532  0.33384182 -2.0151137   5.70535816]]", "nfev": "168", "njev": "24", "status": "0", "success": "True", "message": "Optimization terminated successfully.", "x": "[1.61187178 1.52873422 5.50096549 5.16496401 1.57888401 6.85762507]", "nit": "18", "callback": [0.0920522096569647]}, "11": {"maxiter": 500, "gtol": 1e-05, "xrtol": 1e-10, "eps": 1e-10, "duration": 0.04645514488220215, "fun": "0.09096274355462242", "jac": "[ 1.11022293e-06  1.11022293e-06  1.11022293e-06 -2.22044587e-06\n -2.22044587e-06  4.44089173e-06]", "hess_inv": "[[ 3.04579470e+00 -2.78656853e-01  1.78107805e+00  1.16490089e+00\n  -6.07120433e-02  2.49521652e-01]\n [-2.78656853e-01  2.96629954e+00  2.75398765e-01 -1.75591950e-03\n   7.06281630e-01 -1.42162033e+00]\n [ 1.78107805e+00  2.75398765e-01  8.19750013e+00  2.05809289e+00\n  -2.42366957e+00  1.03400595e+00]\n [ 1.16490089e+00 -1.75591950e-03  2.05809289e+00  3.28012686e+00\n  -1.19555170e+00  4.37184788e-01]\n [-6.07120433e-02  7.06281630e-01 -2.42366957e+00 -1.19555170e+00\n   4.56699382e+00 -2.04558817e+00]\n [ 2.49521652e-01 -1.42162033e+00  1.03400595e+00  4.37184788e-01\n  -2.04558817e+00  5.69203101e+00]]", "nfev": "168", "njev": "24", "status": "0", "success": "True", "message": "Optimization terminated successfully.", "x": "[1.61190224 1.52873755 5.50101002 5.16498523 1.57887614 6.857649  ]", "nit": "18", "callback": [0.09205179928005525]}, "12": {"maxiter": 500, "gtol": 1e-10, "xrtol": 1e-05, "eps": 1e-05, "duration": 0.047300100326538086, "fun": "0.09096274346687172", "jac": "[-1.57318603e-07 -4.55524507e-08 -8.41426928e-07  1.61748392e-07\n -1.38347112e-06  2.62874167e-06]", "hess_inv": "[[ 3.15828037 -0.34523985  1.85378002  1.11241357 -0.08041638  0.32879793]\n [-0.34523985  3.01086888  0.18820075 -0.01036255  0.76798568 -1.48815754]\n [ 1.85378002  0.18820075  8.07318651  1.84838985 -2.30964158  1.00602532]\n [ 1.11241357 -0.01036255  1.84838985  3.14120526 -1.05947961  0.33384182]\n [-0.08041638  0.76798568 -2.30964158 -1.05947961  4.49829487 -2.0151137 ]\n [ 0.32879793 -1.48815754  1.00602532  0.33384182 -2.0151137   5.70535816]]", "nfev": "168", "njev": "24", "status": "0", "success": "True", "message": "Optimization terminated successfully.", "x": "[1.61187178 1.52873422 5.50096549 5.16496401 1.57888401 6.85762507]", "nit": "18", "callback": [0.0920522096569647]}, "13": {"maxiter": 500, "gtol": 1e-10, "xrtol": 1e-05, "eps": 1e-10, "duration": 0.049685001373291016, "fun": "0.0909627434519178", "jac": "[2.22044587e-06 2.22044587e-06 0.00000000e+00 5.55111466e-06\n 4.44089173e-06 4.44089173e-06]", "hess_inv": "[[ 2.96013207 -0.33969471  1.45094761  1.03151894  0.12194288  0.0702607 ]\n [-0.33969471  3.17802841 -0.04831609  0.07554406  1.21219288 -2.28871385]\n [ 1.45094761 -0.04831609  6.95590622  1.48430983 -1.85002212  0.59949791]\n [ 1.03151894  0.07554406  1.48430983  3.18881666 -0.65741023 -0.34119609]\n [ 0.12194288  1.21219288 -1.85002212 -0.65741023  4.73076373 -2.75192604]\n [ 0.0702607  -2.28871385  0.59949791 -0.34119609 -2.75192604  7.45880668]]", "nfev": "175", "njev": "25", "status": "0", "success": "True", "message": "Optimization terminated successfully.", "x": "[1.61189997 1.52874747 5.50099727 5.16498949 1.57889798 6.8576108 ]", "nit": "19", "callback": [0.09205179928005525]}, "14": {"maxiter": 500, "gtol": 1e-10, "xrtol": 1e-10, "eps": 1e-05, "duration": 0.1305680274963379, "fun": "0.09096274341231436", "jac": "[ 1.65412128e-07  4.68669548e-07 -5.12256904e-08  2.96074276e-07\n -2.18480789e-07  4.01567668e-07]", "hess_inv": "[[ 3.13473313 -0.41335223  1.82466836  1.1143557  -0.18030549  0.50904553]\n [-0.41335223  3.01756446  0.04662912 -0.17321484  1.07226146 -1.94050771]\n [ 1.82466836  0.04662912  7.97960049  1.75888628 -2.39141951  1.20393397]\n [ 1.1143557  -0.17321484  1.75888628  3.01708332 -1.14738188  0.55905604]\n [-0.18030549  1.07226146 -2.39141951 -1.14738188  5.21104761 -3.23923583]\n [ 0.50904553 -1.94050771  1.20393397  0.55905604 -3.23923583  7.76664871]]", "nfev": "424", "njev": "59", "status": "2", "success": "False", "message": "Desired error not necessarily achieved due to precision loss.", "x": "[1.61187283 1.52874122 5.50096717 5.1649635  1.57889574 6.85760419]", "nit": "19", "callback": [0.0920522096569647]}, "15": {"maxiter": 500, "gtol": 1e-10, "xrtol": 1e-10, "eps": 1e-10, "duration": 0.10561490058898926, "fun": "0.09096274340453359", "jac": "[0.00000000e+00 2.22044587e-06 2.22044587e-06 2.22044587e-06\n 1.11022293e-06 0.00000000e+00]", "hess_inv": "[[ 0.07055277  0.03580734  0.02073464  0.09257308 -0.2004156   0.22468529]\n [ 0.03580734  0.07687668 -0.07449191  0.04225685  0.03538655 -0.0699467 ]\n [ 0.02073464 -0.07449191  0.21397873  0.06481328 -0.40480424  0.51291298]\n [ 0.09257308  0.04225685  0.06481328  0.17233952 -0.37251042  0.42870341]\n [-0.2004156   0.03538655 -0.40480424 -0.37251042  1.24173529 -1.50087608]\n [ 0.22468529 -0.0699467   0.51291298  0.42870341 -1.50087608  1.85116959]]", "nfev": "343", "njev": "49", "status": "0", "success": "True", "message": "Optimization terminated successfully.", "x": "[1.61188703 1.52875479 5.50098597 5.16497777 1.57890393 6.85759521]", "nit": "32", "callback": [0.09205179928005525, 0.09096274343541144, 0.09096274340688737]}, "16": {"maxiter": 1000, "gtol": 1e-05, "xrtol": 1e-05, "eps": 1e-05, "duration": 0.05395984649658203, "fun": "0.09096274346687172", "jac": "[-1.57318603e-07 -4.55524507e-08 -8.41426928e-07  1.61748392e-07\n -1.38347112e-06  2.62874167e-06]", "hess_inv": "[[ 3.15828037 -0.34523985  1.85378002  1.11241357 -0.08041638  0.32879793]\n [-0.34523985  3.01086888  0.18820075 -0.01036255  0.76798568 -1.48815754]\n [ 1.85378002  0.18820075  8.07318651  1.84838985 -2.30964158  1.00602532]\n [ 1.11241357 -0.01036255  1.84838985  3.14120526 -1.05947961  0.33384182]\n [-0.08041638  0.76798568 -2.30964158 -1.05947961  4.49829487 -2.0151137 ]\n [ 0.32879793 -1.48815754  1.00602532  0.33384182 -2.0151137   5.70535816]]", "nfev": "168", "njev": "24", "status": "0", "success": "True", "message": "Optimization terminated successfully.", "x": "[1.61187178 1.52873422 5.50096549 5.16496401 1.57888401 6.85762507]", "nit": "18", "callback": [0.0920522096569647]}, "17": {"maxiter": 1000, "gtol": 1e-05, "xrtol": 1e-05, "eps": 1e-10, "duration": 0.04925107955932617, "fun": "0.09096274355462242", "jac": "[ 1.11022293e-06  1.11022293e-06  1.11022293e-06 -2.22044587e-06\n -2.22044587e-06  4.44089173e-06]", "hess_inv": "[[ 3.04579470e+00 -2.78656853e-01  1.78107805e+00  1.16490089e+00\n  -6.07120433e-02  2.49521652e-01]\n [-2.78656853e-01  2.96629954e+00  2.75398765e-01 -1.75591950e-03\n   7.06281630e-01 -1.42162033e+00]\n [ 1.78107805e+00  2.75398765e