{"date": "2024/10/08/, 20:39:13", "conf_id": 28, "data_type": "random\n", "num_data_points": 2, "s_rank": 0, "unitary": "[[-0.53618537-0.34368723j,-0.12107031-0.46226139j,-0.07699282-0.46603512j,0.36022595-0.11472301j],[0.26026499-0.63450712j,-0.56616638+0.37832564j,-0.14988651+0.08458591j,0.10363514-0.16008501j],[-0.32580188-0.11070003j,-0.36476308-0.23593218j,0.02559343+0.41761608j,-0.25598305+0.6725303j],[0.07406738-0.0126433j,0.28513701+0.19483972j,-0.74939717-0.10299659j,0.29798249+0.46269921j]]", "databatch_0": {"databatch": "[[[2.78743414e-01+0.07382166j,-2.49752120e-01+0.11808011j,-1.10473855e-01-0.47296656j,-6.25341296e-02+0.10575807j],[-5.39107080e-02-0.14446834j,-1.89642480e-02+0.03835783j,-2.64002094e-04+0.03398402j,1.57446329e-01-0.29974955j],[1.28636622e-03+0.01497286j,-1.06409636e-01-0.00205637j,9.42635252e-02-0.14458711j,-7.99052289e-03-0.19766753j],[-1.65057661e-01-0.0636643j,-4.95115694e-02+0.09689637j,2.17952341e-02-0.10601316j,-2.31410428e-01-0.50916721j]],[[-8.22791846e-02+0.18330686j,1.40896208e-01+0.26073833j,1.42642718e-01-0.3226968j,3.20300048e-04-0.3901239j],[-2.71128866e-02+0.05710871j,-5.07091251e-02+0.13992289j,1.90779929e-01+0.03430144j,2.11503622e-01-0.25088662j],[7.97536593e-02+0.02701607j,1.52271258e-01-0.17055012j,-3.40092890e-01-0.08341821j,-2.72315797e-01+0.24291544j],[-2.59148375e-02+0.07629723j,8.07764686e-02-0.05165997j,-2.23800388e-01-0.08759361j,-4.66906838e-02+0.18149963j]]]", "initial param values": "[4.9224578,5.52748346,3.99453945,6.00608564,3.33577668,5.25114256]", "nelder_mead": {"type": "gradient-free", "0": {"maxiter": 100, "fatol": 1e-05, "xatol": 1e-05, "duration": 0.045166969299316406, "fun": "0.2941328493133246", "nit": "100", "nfev": "159", "status": "2", "success": "False", "message": "Maximum number of iterations has been exceeded.", "x": "[4.70197706 5.7639953  2.03896074 6.81172484 3.90198157 5.68689756]", "final_simplex": "(array([[4.70197706, 5.7639953 , 2.03896074, 6.81172484, 3.90198157,\n        5.68689756],\n       [4.68926077, 5.75387458, 2.02934978, 6.82886213, 3.92753237,\n        5.6710584 ],\n       [4.69889502, 5.75022897, 2.04710726, 6.81473823, 3.91204532,\n        5.6860255 ],\n       [4.69297836, 5.74634593, 2.02395817, 6.82185293, 3.92324859,\n        5.69114046],\n       [4.69171849, 5.74810461, 2.03304297, 6.81385177, 3.91045503,\n        5.67741194],\n       [4.70815329, 5.73623349, 2.03714315, 6.8081455 , 3.89919326,\n        5.69647326],\n       [4.6931673 , 5.75814383, 2.03439457, 6.81169998, 3.93954257,\n        5.65279993]]), array([0.29413285, 0.29414201, 0.29414236, 0.29415217, 0.29415405,\n       0.29416097, 0.29416524]))", "callback": [0.5364708561358358, 0.3724235571637864, 0.3318609431908863, 0.30044066869438246, 0.29672563352855863, 0.2950081553745084, 0.2944512415229106, 0.29431326483275266, 0.29421337681811166, 0.29416524309229297]}, "1": {"maxiter": 100, "fatol": 1e-05, "xatol": 1e-10, "duration": 0.05559825897216797, "fun": "0.2941328493133246", "nit": "100", "nfev": "159", "status": "2", "success": "False", "message": "Maximum number of iterations has been exceeded.", "x": "[4.70197706 5.7639953  2.03896074 6.81172484 3.90198157 5.68689756]", "final_simplex": "(array([[4.70197706, 5.7639953 , 2.03896074, 6.81172484, 3.90198157,\n        5.68689756],\n       [4.68926077, 5.75387458, 2.02934978, 6.82886213, 3.92753237,\n        5.6710584 ],\n       [4.69889502, 5.75022897, 2.04710726, 6.81473823, 3.91204532,\n        5.6860255 ],\n       [4.69297836, 5.74634593, 2.02395817, 6.82185293, 3.92324859,\n        5.69114046],\n       [4.69171849, 5.74810461, 2.03304297, 6.81385177, 3.91045503,\n        5.67741194],\n       [4.70815329, 5.73623349, 2.03714315, 6.8081455 , 3.89919326,\n        5.69647326],\n       [4.6931673 , 5.75814383, 2.03439457, 6.81169998, 3.93954257,\n        5.65279993]]), array([0.29413285, 0.29414201, 0.29414236, 0.29415217, 0.29415405,\n       0.29416097, 0.29416524]))", "callback": [0.5364708561358358, 0.3724235571637864, 0.3318609431908863, 0.30044066869438246, 0.29672563352855863, 0.2950081553745084, 0.2944512415229106, 0.29431326483275266, 0.29421337681811166, 0.29416524309229297]}, "2": {"maxiter": 100, "fatol": 1e-10, "xatol": 1e-05, "duration": 0.05291175842285156, "fun": "0.2941328493133246", "nit": "100", "nfev": "159", "status": "2", "success": "False", "message": "Maximum number of iterations has been exceeded.", "x": "[4.70197706 5.7639953  2.03896074 6.81172484 3.90198157 5.68689756]", "final_simplex": "(array([[4.70197706, 5.7639953 , 2.03896074, 6.81172484, 3.90198157,\n        5.68689756],\n       [4.68926077, 5.75387458, 2.02934978, 6.82886213, 3.92753237,\n        5.6710584 ],\n       [4.69889502, 5.75022897, 2.04710726, 6.81473823, 3.91204532,\n        5.6860255 ],\n       [4.69297836, 5.74634593, 2.02395817, 6.82185293, 3.92324859,\n        5.69114046],\n       [4.69171849, 5.74810461, 2.03304297, 6.81385177, 3.91045503,\n        5.67741194],\n       [4.70815329, 5.73623349, 2.03714315, 6.8081455 , 3.89919326,\n        5.69647326],\n       [4.6931673 , 5.75814383, 2.03439457, 6.81169998, 3.93954257,\n        5.65279993]]), array([0.29413285, 0.29414201, 0.29414236, 0.29415217, 0.29415405,\n       0.29416097, 0.29416524]))", "callback": [0.5364708561358358, 0.3724235571637864, 0.3318609431908863, 0.30044066869438246, 0.29672563352855863, 0.2950081553745084, 0.2944512415229106, 0.29431326483275266, 0.29421337681811166, 0.29416524309229297]}, "3": {"maxiter": 100, "fatol": 1e-10, "xatol": 1e-10, "duration": 0.053540945053100586, "fun": "0.2941328493133246", "nit": "100", "nfev": "159", "status": "2", "success": "False", "message": "Maximum number of iterations has been exceeded.", "x": "[4.70197706 5.7639953  2.03896074 6.81172484 3.90198157 5.68689756]", "final_simplex": "(array([[4.70197706, 5.7639953 , 2.03896074, 6.81172484, 3.90198157,\n        5.68689756],\n       [4.68926077, 5.75387458, 2.02934978, 6.82886213, 3.92753237,\n        5.6710584 ],\n       [4.69889502, 5.75022897, 2.04710726, 6.81473823, 3.91204532,\n        5.6860255 ],\n       [4.69297836, 5.74634593, 2.02395817, 6.82185293, 3.92324859,\n        5.69114046],\n       [4.69171849, 5.74810461, 2.03304297, 6.81385177, 3.91045503,\n        5.67741194],\n       [4.70815329, 5.73623349, 2.03714315, 6.8081455 , 3.89919326,\n        5.69647326],\n       [4.6931673 , 5.75814383, 2.03439457, 6.81169998, 3.93954257,\n        5.65279993]]), array([0.29413285, 0.29414201, 0.29414236, 0.29415217, 0.29415405,\n       0.29416097, 0.29416524]))", "callback": [0.5364708561358358, 0.3724235571637864, 0.3318609431908863, 0.30044066869438246, 0.29672563352855863, 0.2950081553745084, 0.2944512415229106, 0.29431326483275266, 0.29421337681811166, 0.29416524309229297]}, "4": {"maxiter": 500, "fatol": 1e-05, "xatol": 1e-05, "duration": 0.13658404350280762, "fun": "0.2941039819549368", "nit": "232", "nfev": "382", "status": "0", "success": "True", "message": "Optimization terminated successfully.", "x": "[4.69735437 5.75503205 2.03653049 6.81177572 3.90393688 5.69679077]", "final_simplex": "(array([[4.69735437, 5.75503205, 2.03653049, 6.81177572, 3.90393688,\n        5.69679077],\n       [4.69735187, 5.75503476, 2.03652995, 6.81178025, 3.90394244,\n        5.69678355],\n       [4.69735157, 5.75503153, 2.03652916, 6.81177846, 3.90393644,\n        5.69678953],\n       [4.69735344, 5.75503617, 2.03653251, 6.81177607, 3.9039354 ,\n        5.69678871],\n       [4.69735247, 5.75503429, 2.03653661, 6.81177558, 3.90393721,\n        5.69678634],\n       [4.6973536 , 5.75503216, 2.03653256, 6.81177043, 3.90393551,\n        5.69678857],\n       [4.69734722, 5.75503518, 2.0365318 , 6.81177882, 3.90394365,\n        5.69678393]]), array([0.29410398, 0.29410398, 0.29410398, 0.29410398, 0.29410398,\n       0.29410398, 0.29410398]))", "callback": [0.5364708561358358, 0.3724235571637864, 0.3318609431908863, 0.30044066869438246, 0.29672563352855863, 0.2950081553745084, 0.2944512415229106, 0.29431326483275266, 0.29421337681811166, 0.29416524309229297, 0.2941255548350572, 0.29410940254198026, 0.2941052173646056, 0.29410426491956054, 0.29410412999213464, 0.2941040254072035, 0.2941040085640746, 0.2941039869638097, 0.29410398420453365, 0.2941039823597995, 0.294103982073876, 0.29410398200709287, 0.29410398196297816, 0.2941039819549368]}, "5": {"maxiter": 500, "fatol": 1e-05, "xatol": 1e-10, "duration": 0.2226259708404541, "fun": "0.29410398195295606", "nit": "340", "nfev": "623", "status": "0", "success": "True", "message": "Optimization terminated successfully.", "x": "[4.69735547 5.75503142 2.03653312 6.81177468 3.90393701 5.69678763]", "final_simplex": "(array([[4.69735547, 5.75503142, 2.03653312, 6.81177468, 3.90393701,\n        5.69678763],\n       [4.69735547, 5.75503142, 2.03653312, 6.81177468, 3.90393701,\n        5.69678763],\n       [4.69735547, 5.75503142, 2.03653312, 6.81177468, 3.90393701,\n        5.69678763],\n       [4.69735547, 5.75503142, 2.03653312, 6.81177468, 3.90393701,\n        5.69678763],\n       [4.69735547, 5.75503142, 2.03653312, 6.81177468, 3.90393701,\n        5.69678763],\n       [4.69735547, 5.75503142, 2.03653312, 6.81177468, 3.90393701,\n        5.69678763],\n       [4.69735547, 5.75503142, 2.03653312, 6.81177468, 3.90393701,\n        5.69678763]]), array([0.29410398, 0.29410398, 0.29410398, 0.29410398, 0.29410398,\n       0.29410398, 0.29410398]))", "callback": [0.5364708561358358, 0.3724235571637864, 0.3318609431908863, 0.30044066869438246, 0.29672563352855863, 0.2950081553745084, 0.2944512415229106, 0.29431326483275266, 0.29421337681811166, 0.29416524309229297, 0.2941255548350572, 0.29410940254198026, 0.2941052173646056, 0.29410426491956054, 0.29410412999213464, 0.2941040254072035, 0.2941040085640746, 0.2941039869638097, 0.29410398420453365, 0.2941039823597995, 0.294103982073876, 0.29410398200709287, 0.29410398196297816, 0.2941039819549368, 0.2941039819533391, 0.29410398195316045, 0.2941039819530067, 0.29410398195296394, 0.29410398195295884, 0.29410398195295717, 0.2941039819529564, 0.2941039819529562, 0.29410398195295606, 0.29410398195295606]}, "6": {"maxiter": 500, "fatol": 1e-10, "xatol": 1e-05, "duration": 0.11458420753479004, "fun": "0.2941039819549368", "nit": "232", "nfev": "382", "status": "0", "success": "True", "message": "Optimization terminated successfully.", "x": "[4.69735437 5.75503205 2.03653049 6.81177572 3.90393688 5.69679077]", "final_simplex": "(array([[4.69735437, 5.75503205, 2.03653049, 6.81177572, 3.90393688,\n        5.69679077],\n       [4.69735187, 5.75503476, 2.03652995, 6.81178025, 3.90394244,\n        5.69678355],\n       [4.69735157, 5.75503153, 2.03652916, 6.81177846, 3.90393644,\n        5.69678953],\n       [4.69735344, 5.75503617, 2.03653251, 6.81177607, 3.9039354 ,\n        5.69678871],\n       [4.69735247, 5.75503429, 2.03653661, 6.81177558, 3.90393721,\n        5.69678634],\n       [4.6973536 , 5.75503216, 2.03653256, 6.81177043, 3.90393551,\n        5.69678857],\n       [4.69734722, 5.75503518, 2.0365318 , 6.81177882, 3.90394365,\n        5.69678393]]), array([0.29410398, 0.29410398, 0.29410398, 0.29410398, 0.29410398,\n       0.29410398, 0.29410398]))", "callback": [0.5364708561358358, 0.3724235571637864, 0.3318609431908863, 0.30044066869438246, 0.29672563352855863, 0.2950081553745084, 0.2944512415229106, 0.29431326483275266, 0.29421337681811166, 0.29416524309229297, 0.2941255548350572, 0.29410940254198026, 0.2941052173646056, 0.29410426491956054, 0.29410412999213464, 0.2941040254072035, 0.2941040085640746, 0.2941039869638097, 0.29410398420453365, 0.2941039823597995, 0.294103982073876, 0.29410398200709287, 0.29410398196297816, 0.2941039819549368]}, "7": {"maxiter": 500, "fatol": 1e-10, "xatol": 1e-10, "duration": 0.22029805183410645, "fun": "0.29410398195295606", "nit": "340", "nfev": "623", "status": "0", "success": "True", "message": "Optimization terminated successfully.", "x": "[4.69735547 5.75503142 2.03653312 6.81177468 3.90393701 5.69678763]", "final_simplex": "(array([[4.69735547, 5.75503142, 2.03653312, 6.81177468, 3.90393701,\n        5.69678763],\n       [4.69735547, 5.75503142, 2.03653312, 6.81177468, 3.90393701,\n        5.69678763],\n       [4.69735547, 5.75503142, 2.03653312, 6.81177468, 3.90393701,\n        5.69678763],\n       [4.69735547, 5.75503142, 2.03653312, 6.81177468, 3.90393701,\n        5.69678763],\n       [4.69735547, 5.75503142, 2.03653312, 6.81177468, 3.90393701,\n        5.69678763],\n       [4.69735547, 5.75503142, 2.03653312, 6.81177468, 3.90393701,\n        5.69678763],\n       [4.69735547, 5.75503142, 2.03653312, 6.81177468, 3.90393701,\n        5.69678763]]), array([0.29410398, 0.29410398, 0.29410398, 0.29410398, 0.29410398,\n       0.29410398, 0.29410398]))", "callback": [0.5364708561358358, 0.3724235571637864, 0.3318609431908863, 0.30044066869438246, 0.29672563352855863, 0.2950081553745084, 0.2944512415229106, 0.29431326483275266, 0.29421337681811166, 0.29416524309229297, 0.2941255548350572, 0.29410940254198026, 0.2941052173646056, 0.29410426491956054, 0.29410412999213464, 0.2941040254072035, 0.2941040085640746, 0.2941039869638097, 0.29410398420453365, 0.2941039823597995, 0.294103982073876, 0.29410398200709287, 0.29410398196297816, 0.2941039819549368, 0.2941039819533391, 0.29410398195316045, 0.2941039819530067, 0.29410398195296394, 0.29410398195295884, 0.29410398195295717, 0.2941039819529564, 0.2941039819529562, 0.29410398195295606, 0.29410398195295606]}, "8": {"maxiter": 1000, "fatol": 1e-05, "xatol": 1e-05, "duration": 0.12045407295227051, "fun": "0.2941039819549368", "nit": "232", "nfev": "382", "status": "0", "success": "True", "message": "Optimization terminated successfully.", "x": "[4.69735437 5.75503205 2.03653049 6.81177572 3.90393688 5.69679077]", "final_simplex": "(array([[4.69735437, 5.75503205, 2.03653049, 6.81177572, 3.90393688,\n        5.69679077],\n       [4.69735187, 5.75503476, 2.03652995, 6.81178025, 3.90394244,\n        5.69678355],\n       [4.69735157, 5.75503153, 2.03652916, 6.81177846, 3.90393644,\n        5.69678953],\n       [4.69735344, 5.75503617, 2.03653251, 6.81177607, 3.9039354 ,\n        5.69678871],\n       [4.69735247, 5.75503429, 2.03653661, 6.81177558, 3.90393721,\n        5.69678634],\n       [4.6973536 , 5.75503216, 2.03653256, 6.81177043, 3.90393551,\n        5.69678857],\n       [4.69734722, 5.75503518, 2.0365318 , 6.81177882, 3.90394365,\n        5.69678393]]), array([0.29410398, 0.29410398, 0.29410398, 0.29410398, 0.29410398,\n       0.29410398, 0.29410398]))", "callback": [0.5364708561358358, 0.3724235571637864, 0.3318609431908863, 0.30044066869438246, 0.29672563352855863, 0.2950081553745084, 0.2944512415229106, 0.29431326483275266, 0.29421337681811166, 0.29416524309229297, 0.2941255548350572, 0.29410940254198026, 0.2941052173646056, 0.29410426491956054, 0.29410412999213464, 0.2941040254072035, 0.2941040085640746, 0.2941039869638097, 0.29410398420453365, 0.2941039823597995, 0.294103982073876, 0.29410398200709287, 0.29410398196297816, 0.2941039819549368]}, "9": {"maxiter": 1000, "fatol": 1e-05, "xatol": 1e-10, "duration": 0.20072197914123535, "fun": "0.29410398195295606", "nit": "340", "nfev": "623", "status": "0", "success": "True", "message": "Optimization terminated successfully.", "x": "[4.69735547 5.75503142 2.03653312 6.81177468 3.90393701 5.69678763]", "final_simplex": "(array([[4.69735547, 5.75503142, 2.03653312, 6.81177468, 3.90393701,\n        5.69678763],\n       [4.69735547, 5.75503142, 2.03653312, 6.81177468, 3.90393701,\n        5.69678763],\n       [4.69735547, 5.75503142, 2.03653312, 6.81177468, 3.90393701,\n        5.69678763],\n       [4.69735547, 5.75503142, 2.03653312, 6.81177468, 3.90393701,\n        5.69678763],\n       [4.69735547, 5.75503142, 2.03653312, 6.81177468, 3.90393701,\n        5.69678763],\n       [4.69735547, 5.75503142, 2.03653312, 6.81177468, 3.90393701,\n        5.69678763],\n       [4.69735547, 5.75503142, 2.03653312, 6.81177468, 3.90393701,\n        5.69678763]]), array([0.29410398, 0.29410398, 0.29410398, 0.29410398, 0.29410398,\n       0.29410398, 0.29410398]))", "callback": [0.5364708561358358, 0.3724235571637864, 0.3318609431908863, 0.30044066869438246, 0.29672563352855863, 0.2950081553745084, 0.2944512415229106, 0.29431326483275266, 0.29421337681811166, 0.29416524309229297, 0.2941255548350572, 0.29410940254198026, 0.2941052173646056, 0.29410426491956054, 0.29410412999213464, 0.2941040254072035, 0.2941040085640746, 0.2941039869638097, 0.29410398420453365, 0.2941039823597995, 0.294103982073876, 0.29410398200709287, 0.29410398196297816, 0.2941039819549368, 0.2941039819533391, 0.29410398195316045, 0.2941039819530067, 0.29410398195296394, 0.29410398195295884, 0.29410398195295717, 0.2941039819529564, 0.2941039819529562, 0.29410398195295606, 0.29410398195295606]}, "10": {"maxiter": 1000, "fatol": 1e-10, "xatol": 1e-05, "duration": 0.12390589714050293, "fun": "0.2941039819549368", "nit": "232", "nfev": "382", "status": "0", "success": "True", "message": "Optimization terminated successfully.", "x": "[4.69735437 5.75503205 2.03653049 6.81177572 3.90393688 5.69679077]", "final_simplex": "(array([[4.69735437, 5.75503205, 2.03653049, 6.81177572, 3.90393688,\n        5.69679077],\n       [4.69735187, 5.75503476, 2.03652995, 6.81178025, 3.90394244,\n        5.69678355],\n       [4.69735157, 5.75503153, 2.03652916, 6.81177846, 3.90393644,\n        5.69678953],\n       [4.69735344, 5.75503617, 2.03653251, 6.81177607, 3.9039354 ,\n        5.69678871],\n       [4.69735247, 5.75503429, 2.03653661, 6.81177558, 3.90393721,\n        5.69678634],\n       [4.6973536 , 5.75503216, 2.03653256, 6.81177043, 3.90393551,\n        5.69678857],\n       [4.69734722, 5.75503518, 2.0365318 , 6.81177882, 3.90394365,\n        5.69678393]]), array([0.29410398, 0.29410398, 0.29410398, 0.29410398, 0.29410398,\n       0.29410398, 0.29410398]))", "callback": [0.5364708561358358, 0.3724235571637864, 0.3318609431908863, 0.30044066869438246, 0.29672563352855863, 0.2950081553745084, 0.2944512415229106, 0.29431326483275266, 0.29421337681811166, 0.29416524309229297, 0.2941255548350572, 0.29410940254198026, 0.2941052173646056, 0.29410426491956054, 0.29410412999213464, 0.2941040254072035, 0.2941040085640746, 0.2941039869638097, 0.29410398420453365, 0.2941039823597995, 0.294103982073876, 0.29410398200709287, 0.29410398196297816, 0.2941039819549368]}, "11": {"maxiter": 1000, "fatol": 1e-10, "xatol": 1e-10, "duration": 0.21239972114562988, "fun": "0.29410398195295606", "nit": "340", "nfev": "623", "status": "0", "success": "True", "message": "Optimization terminated successfully.", "x": "[4.69735547 5.75503142 2.03653312 6.81177468 3.90393701 5.69678763]", "final_simplex": "(array([[4.69735547, 5.75503142, 2.03653312, 6.81177468, 3.90393701,\n        5.69678763],\n       [4.69735547, 5.75503142, 2.03653312, 6.81177468, 3.90393701,\n        5.69678763],\n       [4.69735547, 5.75503142, 2.03653312, 6.81177468, 3.90393701,\n        5.69678763],\n       [4.69735547, 5.75503142, 2.03653312, 6.81177468, 3.90393701,\n        5.69678763],\n       [4.69735547, 5.75503142, 2.03653312, 6.81177468, 3.90393701,\n        5.69678763],\n       [4.69735547, 5.75503142, 2.03653312, 6.81177468, 3.90393701,\n        5.69678763],\n       [4.69735547, 5.75503142, 2.03653312, 6.81177468, 3.90393701,\n        5.69678763]]), array([0.29410398, 0.29410398, 0.29410398, 0.29410398, 0.29410398,\n       0.29410398, 0.29410398]))", "callback": [0.5364708561358358, 0.3724235571637864, 0.3318609431908863, 0.30044066869438246, 0.29672563352855863, 0.2950081553745084, 0.2944512415229106, 0.29431326483275266, 0.29421337681811166, 0.29416524309229297, 0.2941255548350572, 0.29410940254198026, 0.2941052173646056, 0.29410426491956054, 0.29410412999213464, 0.2941040254072035, 0.2941040085640746, 0.2941039869638097, 0.29410398420453365, 0.2941039823597995, 0.294103982073876, 0.29410398200709287, 0.29410398196297816, 0.2941039819549368, 0.2941039819533391, 0.29410398195316045, 0.2941039819530067, 0.29410398195296394, 0.29410398195295884, 0.29410398195295717, 0.2941039819529564, 0.2941039819529562, 0.29410398195295606, 0.29410398195295606]}}, "bfgs": {"type": "gradient", "0": {"maxiter": 100, "gtol": 1e-05, "xrtol": 1e-05, "eps": 1e-05, "duration": 0.05171918869018555, "fun": "0.2941039821532647", "jac": "[-3.36876083e-06 -6.53046506e-06 -2.27412533e-06 -1.63072889e-06\n  9.64384128e-07  1.28330679e-06]", "hess_inv": "[[  5.68113819  -1.21280913   3.11407438  -3.96505845  -4.89195472\n    3.03361252]\n [ -1.21280913   3.29105728  -1.59583107   2.36445201   0.37599125\n    0.05397211]\n [  3.11407438  -1.59583107   7.02214289  -5.38647171  -4.79183296\n    2.89888278]\n [ -3.96505845   2.36445201  -5.38647171   7.71967115   5.15311412\n   -3.61057072]\n [ -4.89195472   0.37599125  -4.79183296   5.15311412  17.23240413\n  -14.39290837]\n [  3.03361252   0.05397211   2.89888278  -3.61057072 -14.39290837\n   15.50574344]]", "nfev": "154", "njev": "22", "status": "0", "success": "True", "message": "Optimization terminated successfully.", "x": "[4.6973398  5.75499876 2.03652332 6.81176448 3.90394773 5.69678504]", "nit": "21", "callback": [0.542629251898876, 0.42104807060621774, 0.39151470257275467, 0.3746775826482931, 0.3455379951434373, 0.30676702041791104, 0.29804303283834155, 0.2968540828965547, 0.29618538074237455, 0.29574255479611433, 0.2953904440567089, 0.29504233108808986, 0.294721272203903, 0.29441932885404154, 0.2942076042364793, 0.2941206158771632, 0.2941056426725448, 0.29410422247866486, 0.2941040263465782, 0.294103986022733, 0.2941039821532647]}, "1": {"maxiter": 100, "gtol": 1e-05, "xrtol": 1e-05, "eps": 1e-10, "duration": 0.0538182258605957, "fun": "0.2941039821830177", "jac": "[ 1.11022293e-06 -5.55111466e-06 -1.11022293e-06  2.22044587e-06\n  3.33066880e-06  4.44089173e-06]", "hess_inv": "[[  5.69003524  -1.22371371   3.01798335  -3.89236583  -4.85233402\n    2.9372645 ]\n [ -1.22371371   3.2936262   -1.57832901   2.35189258   0.37829391\n    0.07431481]\n [  3.01798335  -1.57832901   6.73495713  -5.16988745  -4.58262743\n    2.69756653]\n [ -3.89236583   2.35189258  -5.16988745   7.55342138   4.97654993\n   -3.43444107]\n [ -4.85233402   0.37829391  -4.58262743   4.97654993  17.07350283\n  -14.19393651]\n [  2.9372645    0.07431481   2.69756653  -3.43444107 -14.19393651\n   15.35330211]]", "nfev": "154", "njev": "22", "status": "0", "success": "True", "message": "Optimization terminated successfully.", "x": "[4.69732986 5.75501229 2.03649607 6.81179877 3.90399437 5.69675257]", "nit": "21", "callback": [0.542629184837114, 0.42104781408298253, 0.3915142682699686, 0.37467728497955977, 0.34553850699446353, 0.30676736900675294, 0.2980430697636901, 0.29685402937486516, 0.29618522774528966, 0.2957423694416761, 0.29539038687560204, 0.29504236007404694, 0.29472142160238013, 0.2944193689159662, 0.2942077268263237, 0.2941206216685812, 0.29410565567028457, 0.29410421910025897, 0.2941040258866392, 0.2941039854564236, 0.2941039821830177]}, "2": {"maxiter": 100, "gtol": 1e-05, "xrtol": 1e-10, "eps": 1e-05, "duration": 0.05497002601623535, "fun": "0.2941039821532647", "jac": "[-3.36876083e-06 -6.53046506e-06 -2.27412533e-06 -1.63072889e-06\n  9.64384128e-07  1.28330679e-06]", "hess_inv": "[[  5.68113819  -1.21280913   3.11407438  -3.96505845  -4.89195472\n    3.03361252]\n [ -1.21280913   3.29105728  -1.59583107   2.36445201   0.37599125\n    0.05397211]\n [  3.11407438  -1.59583107   7.02214289  -5.38647171  -4.79183296\n    2.89888278]\n [ -3.96505845   2.36445201  -5.38647171   7.71967115   5.15311412\n   -3.61057072]\n [ -4.89195472   0.37599125  -4.79183296   5.15311412  17.23240413\n  -14.39290837]\n [  3.03361252   0.05397211   2.89888278  -3.61057072 -14.39290837\n   15.50574344]]", "nfev": "154", "njev": "22", "status": "0", "success": "True", "message": "Optimization terminated successfully.", "x": "[4.6973398  5.75499876 2.03652332 6.81176448 3.90394773 5.69678504]", "nit": "21", "callback": [0.542629251898876, 0.42104807060621774, 0.39151470257275467, 0.3746775826482931, 0.3455379951434373, 0.30676702041791104, 0.29804303283834155, 0.2968540828965547, 0.29618538074237455, 0.29574255479611433, 0.2953904440567089, 0.29504233108808986, 0.294721272203903, 0.29441932885404154, 0.2942076042364793, 0.2941206158771632, 0.2941056426725448, 0.29410422247866486, 0.2941040263465782, 0.294103986022733, 0.2941039821532647]}, "3": {"maxiter": 100, "gtol": 1e-05, "xrtol": 1e-10, "eps": 1e-10, "duration": 0.05157804489135742, "fun": "0.2941039821830177", "jac": "[ 1.11022293e-06 -5.55111466e-06 -1.11022293e-06  2.22044587e-06\n  3.33066880e-06  4.44089173e-06]", "hess_inv": "[[  5.69003524  -1.22371371   3.01798335  -3.89236583  -4.85233402\n    2.9372645 ]\n [ -1.22371371   3.2936262   -1.57832901   2.35189258   0.37829391\n    0.07431481]\n [  3.01798335  -1.57832901   6.73495713  -5.16988745  -4.58262743\n    2.69756653]\n [ -3.89236583   2.35189258  -5.16988745   7.55342138   4.97654993\n   -3.43444107]\n [ -4.85233402   0.37829391  -4.58262743   4.97654993  17.07350283\n  -14.19393651]\n [  2.9372645    0.07431481   2.69756653  -3.43444107 -14.19393651\n   15.35330211]]", "nfev": "154", "njev": "22", "status": "0", "success": "True", "message": "Optimization terminated successfully.", "x": "[4.69732986 5.75501229 2.03649607 6.81179877 3.90399437 5.69675257]", "nit": "21", "callback": [0.542629184837114, 0.42104781408298253, 0.3915142682699686, 0.37467728497955977, 0.34553850699446353, 0.30676736900675294, 0.2980430697636901, 0.29685402937486516, 0.29618522774528966, 0.2957423694416761, 0.29539038687560204, 0.29504236007404694, 0.29472142160238013, 0.2944193689159662, 0.2942077268263237, 0.2941206216685812, 0.29410565567028457, 0.29410421910025897, 0.2941040258866392, 0.2941039854564236, 0.2941039821830177]}, "4": {"maxiter": 100, "gtol": 1e-10, "xrtol": 1e-05, "eps": 1e-05, "duration": 0.05676007270812988, "fun": "0.29410398197560517", "jac": "[-1.50834900e-07 -1.09453557e-06  4.13358237e-07  3.18733928e-07\n  3.37685435e-07  6.79045709e-07]", "hess_inv": "[[  5.84640078  -0.95828161   3.30981591  -3.9858489   -5.19053371\n    3.30806837]\n [ -0.95828161   3.66989001  -1.33361843   2.35355427  -0.03676288\n    0.38616816]\n [  3.30981591  -1.33361843   7.13701619  -5.34816053  -5.00514211\n    2.95429118]\n [ -3.9858489    2.35355427  -5.34816053   7.68842332   5.11516695\n   -3.50000225]\n [ -5.19053371  -0.03676288  -5.00514211   5.11516695  17.60347318\n  -14.56522868]\n [  3.30806837   0.38616816   2.95429118  -3.50000225 -14.56522868\n   15.33984113]]", "nfev": "161", "njev": "23", "status": "0", "success": "True", "message": "Optimization terminated successfully.", "x": "[4.69735502 5.75501984 2.0365343  6.81176636 3.90392868 5.69679408]", "nit": "22", "callback": [0.542629251898876, 0.42104807060621774, 0.39151470257275467, 0.3746775826482931, 0.3455379951434373, 0.30676702041791104, 0.29804303283834155, 0.2968540828965547, 0.29618538074237455, 0.29574255479611433, 0.2953904440567089, 0.29504233108808986, 0.294721272203903, 0.29441932885404154, 0.2942076042364793, 0.2941206158771632, 0.2941056426725448, 0.29410422247866486, 0.2941040263465782, 0.294103986022733, 0.2941039821532647, 0.29410398197560517]}, "5": {"maxiter": 100, "gtol": 1e-10, "xrtol": 1e-05, "eps": 1e-10, "duration": 0.05723309516906738, "fun": "0.29410398204639854", "jac": "[-4.44089173e-06 -4.44089173e-06 -5.55111466e-06 -2.22044587e-06\n -1.11022293e-06 -2.22044587e-06]", "hess_inv": "[[  5.70893572  -1.13978557   3.08759789  -3.92502432  -4.90002556\n    2.92416298]\n [ -1.13978557   3.63920858  -1.3033015    2.24395511   0.13482034\n    0.16130946]\n [  3.08759789  -1.3033015    6.94846437  -5.24352145  -4.79816432\n    2.83195011]\n [ -3.92502432   2.24395511  -5.24352145   7.55911328   5.10232753\n   -3.610434  ]\n [ -4.90002556   0.13482034  -4.79816432   5.10232753  17.15677082\n  -13.991093  ]\n [  2.92416298   0.16130946   2.83195011  -3.610434   -13.991093\n   14.58479344]]", "nfev": "161", "njev": "23", "status": "0", "success": "True", "message": "Optimization terminated successfully.", "x": "[4.69733267 5.75502616 2.03650817 6.81179201 3.90398889 5.69674321]", "nit": "22", "callback": [0.542629184837114, 0.42104781408298253, 0.3915142682699686, 0.37467728497955977, 0.34553850699446353, 0.30676736900675294, 0.2980430697636901, 0.29685402937486516, 0.29618522774528966, 0.2957423694416761, 0.29539038687560204, 0.29504236007404694, 0.29472142160238013, 0.2944193689159662, 0.2942077268263237, 0.2941206216685812, 0.29410565567028457, 0.29410421910025897, 0.2941040258866392, 0.2941039854564236, 0.2941039821830177, 0.29410398204639854]}, "6": {"maxiter": 100, "gtol": 1e-10, "xrtol": 1e-10, "eps": 1e-05, "duration": 0.10681986808776855, "fun": "0.29410398196790355", "jac": "[ 5.04485342e-08 -9.11493103e-09  1.31117339e-08  4.59299265e-08\n -5.04707387e-08 -3.06310533e-08]", "hess_inv": "[[  6.47278249  -1.78385468   3.77338392  -4.45253468  -7.03687568\n    5.18947011]\n [ -1.78385468   4.53355925  -1.89347921   2.86297294   2.35856676\n   -2.06005876]\n [  3.77338392  -1.89347921   7.19822215  -5.51419888  -6.53781826\n    4.56673526]\n [ -4.45253468   2.86297294  -5.51419888   7.89651732   6.58215286\n   -5.03240335]\n [ -7.03687568   2.35856676  -6.53781826   6.58215286  22.80358486\n  -19.74117012]\n [  5.18947011  -2.06005876   4.56673526  -5.03240335 -19.74117012\n   20.41079321]]", "nfev": "319", "njev": "44", "status": "2", "success": "False", "message": "Desired error not necessarily achieved due to precision loss.", "x": "[4.69735358 5.75502498 2.0365312  6.81176951 3.90393527 5.69678571]", "nit": "24", "callback": [0.542629251898876, 0.42104807060621774, 0.39151470257275467, 0.3746775826482931, 0.3455379951434373, 0.30676702041791104, 0.29804303283834155, 0.2968540828965547, 0.29618538074237455, 0.29574255479611433, 0.2953904440567089, 0.29504233108808986, 0.294721272203903, 0.29441932885404154, 0.2942076042364793, 0.2941206158771632, 0.2941056426725448, 0.29410422247866486, 0.2941040263465782, 0.294103986022733, 0.2941039821532647, 0.29410398197560517, 0.2941039819680049, 0.29410398196790355]}, "7": {"maxiter": 100, "gtol": 1e-10, "xrtol": 1e-10, "eps": 1e-10, "duration": 0.13242411613464355, "fun": "0.29410398196552023", "jac": "[ 0.00000000e+00  0.00000000e+00  0.00000000e+00 -1.11022293e-06\n  0.00000000e+00  0.00000000e+00]", "hess_inv": "[[ 2.83648170e-01 -1.36338421e-01 -7.51128877e-01  3.00544628e-01\n  -5.36586051e-02  3.95085195e-01]\n [-1.36338421e-01  1.95595787e-01  3.57515503e-01 -1.00722493e-01\n  -1.24738789e-03 -3.37864789e-01]\n [-7.51128877e-01  3.57515503e-01  2.25695327e+00 -9.37531727e-01\n  -2.70887434e-02 -9.30006054e-01]\n [ 3.00544628e-01 -1.00722493e-01 -9.37531727e-01  4.33738882e-01\n   2.79794215e-02  3.37743360e-01]\n [-5.36586051e-02 -1.24738789e-03 -2.70887434e-02  2.79794215e-02\n   2.03644414e-01 -2.24120010e-01]\n [ 3.95085195e-01 -3.37864789e-01 -9.30006054e-01  3.37743360e-01\n  -2.24120010e-01  9.71922457e-01]]", "nfev": "364", "njev": "52", "status": "0", "success": "True", "message": "Optimization terminated successfully.", "x": "[4.69734876 5.75502865 2.03652778 6.81177284 3.90394786 5.69678013]", "nit": "36", "callback": [0.542629184837114, 0.42104781408298253, 0.3915142682699686, 0.37467728497955977, 0.34553850699446353, 0.30676736900675294, 0.2980430697636901, 0.29685402937486516, 0.29618522774528966, 0.2957423694416761, 0.29539038687560204, 0.29504236007404694, 0.29472142160238013, 0.2944193689159662, 0.2942077268263237, 0.2941206216685812, 0.29410565567028457, 0.29410421910025897, 0.2941040258866392, 0.2941039854564236, 0.2941039821830177, 0.29410398204639854, 0.29410398201114485, 0.2941039819955892, 0.2941039819940229, 0.29410398199389964, 0.29410398199377075, 0.294103981993582, 0.29410398198776555, 0.2941039819806709, 0.2941039819723328, 0.29410398196754095, 0.2941039819672965, 0.29410398196708365, 0.29410398196552023, 0.29410398196552023]}, "8": {"maxiter": 500, "gtol": 1e-05, "xrtol": 1e-05, "eps": 1e-05, "duration": 0.049449920654296875, "fun": "0.2941039821532647", "jac": "[-3.36876083e-06 -6.53046506e-06 -2.27412533e-06 -1.63072889e-06\n  9.64384128e-07  1.28330679e-06]", "hess_inv": "[[  5.68113819  -1.21280913   3.11407438  -3.96505845  -4.89195472\n    3.03361252]\n [ -1.21280913   3.29105728  -1.59583107   2.36445201   0.37599125\n    0.05397211]\n [  3.11407438  -1.59583107   7.02214289  -5.38647171  -4.79183296\n    2.89888278]\n [ -3.96505845   2.36445201  -5.38647171   7.71967115   5.15311412\n   -3.61057072]\n [ -4.89195472   0.37599125  -4.79183296   5.15311412  17.23240413\n  -14.39290837]\n [  3.03361252   0.05397211   2.89888278  -3.61057072 -14.39290837\n   15.50574344]]", "nfev": "154", "njev": "22", "status": "0", "success": "True", "message": "Optimization terminated successfully.", "x": "[4.6973398  5.75499876 2.03652332 6.81176448 3.90394773 5.69678504]", "nit": "21", "callback": [0.542629251898876, 0.42104807060621774, 0.39151470257275467, 0.3746775826482931, 0.3455379951434373, 0.30676702041791104, 0.29804303283834155, 0.2968540828965547, 0.29618538074237455, 0.29574255479611433, 0.2953904440567089, 0.29504233108808986, 0.294721272203903, 0.29441932885404154, 0.2942076042364793, 0.2941206158771632, 0.2941056426725448, 0.29410422247866486, 0.2941040263465782, 0.294103986022733, 0.2941039821532647]}, "9": {"maxiter": 500, "gtol": 1e-05, "xrtol": 1e-05, "eps": 1e-10, "duration": 0.043366193771362305, "fun": "0.2941039821830177", "jac": "[ 1.11022293e-06 -5.55111466e-06 -1.11022293e-06  2.22044587e-06\n  3.33066880e-06  4.44089173e-06]", "hess_inv": "[[  5.69003524  -1.22371371   3.01798335  -3.89236583  -4.85233402\n    2.9372645 ]\n [ -1.22371371   3.2936262   -1.57832901   2.35189258   0.37829391\n    0.07431481]\n [  3.01798335  -1.57832901   6.73495713  -5.16988745  -4.58262743\n    2.69756653]\n [ -3.89236583   2.35189258  -5.16988745   7.55342138   4.97654993\n   -3.43444107]\n [ -4.85233402   0.37829391  -4.58262743   4.97654993  17.07350283\n  -14.19393651]\n [  2.9372645    0.07431481   2.69756653  -3.43444107 -14.19393651\n   15.35330211]]", "nfev": "154", "njev": "22", "status": "0", "success": "True", "message": "Optimization terminated successfully.", "x": "[4.69732986 5.75501229 2.03649607 6.81179877 3.90399437 5.69675257]", "nit": "21", "callback": [0.542629184837114, 0.42104781408298253, 0.3915142682699686, 0.37467728497955977, 0.34553850699446353, 0.30676736900675294, 0.2980430697636901, 0.29685402937486516, 0.29618522774528966, 0.2957423694416761, 0.29539038687560204, 0.29504236007404694, 0.29472142160238013, 0.2944193689159662, 0.2942077268263237, 0.2941206216685812, 0.29410565567028457, 0.29410421910025897, 0.2941040258866392, 0.2941039854564236, 0.2941039821830177]}, "10": {"maxiter": 500, "gtol": 1e-05, "xrtol": 1e-10, "eps": 1e-05, "duration": 0.04438614845275879, "fun": "0.2941039821532647", "jac": "[-3.36876083e-06 -6.53046506e-06 -2.27412533e-06 -1.63072889e-06\n  9.64384128e-07  1.28330679e-06]", "hess_inv": "[[  5.68113819  -1.21280913   3.11407438  -3.96505845  -4.89195472\n    3.03361252]\n [ -1.21280913   3.29105728  -1.59583107   2.36445201   0.37599125\n    0.05397211]\n [  3.11407438  -1.59583107   7.02214289  -5.38647171  -4.79183296\n    2.89888278]\n [ -3.96505845   2.36445201  -5.38647171   7.71967115   5.15311412\n   -3.61057072]\n [ -4.89195472   0.37599125  -4.79183296   5.15311412  17.23240413\n  -14.39290837]\n [  3.03361252   0.05397211   2.89888278  -3.61057072 -14.39290837\n   15.50574344]]", "nfev": "154", "njev": "22", "status": "0", "success": "True", "message": "Optimization terminated successfully.", "x": "[4.6973398  5.75499876 2.03652332 6.81176448 3.90394773 5.69678504]", "nit": "21", "callback": [0.542629251898876, 0.42104807060621774, 0.39151470257275467, 0.3746775826482931, 0.3455379951434373, 0.30676702041791104, 0.29804303283834155, 0.2968540828965547, 0.29618538074237455, 0.29574255479611433, 0.2953904440567089, 0.29504233108808986, 0.294721272203903, 0.29441932885404154, 0.2942076042364793, 0.2941206158771632, 0.2941056426725448, 0.29410422247866486, 0.2941040263465782, 0.294103986022733, 0.2941039821532647]}, "11": {"maxiter": 500, "gtol": 1e-05, "xrtol": 1e-10, "eps": 1e-10, "duration": 0.05124473571777344, "fun": "0.2941039821830177", "jac": "[ 1.11022293e-06 -5.55111466e-06 -1.11022293e-06  2.22044587e-06\n  3.33066880e-06  4.44089173e-06]", "hess_inv": "[[  5.69003524  -1.22371371   3.01798335  -3.89236583  -4.85233402\n    2.9372645 ]\n [ -1.22371371   3.2936262   -1.57832901   2.35189258   0.37829391\n    0.07431481]\n [  3.01798335  -1.57832901   6.73495713  -5.16988745  -4.58262743\n    2.69756653]\n [ -3.89236583   2.35189258  -5.16988745   7.55342138   4.97654993\n   -3.43444107]\n [ -4.85233402   0.37829391  -4.58262743   4.97654993  17.07350283\n  -14.19393651]\n [  2.9372645    0.07431481   2.69756653  -3.43444107 -14.19393651\n   15.35330211]]", "nfev": "154", "njev": "22", "status": "0", "success": "True", "message": "Optimization terminated successfully.", "x": "[4.69732986 5.75501229 2.03649607 6.81179877 3.90399437 5.69675257]", "nit": "21", "callback": [0.542629184837114, 0.42104781408298253, 0.3915142682699686, 0.37467728497955977, 0.34553850699446353, 0.30676736900675294, 0.2980430697636901, 0.29685402937486516, 0.29618522774528966, 0.2957423694416761, 0.29539038687560204, 0.29504236007404694, 0.29472142160238013, 0.2944193689159662, 0.2942077268263237, 0.2941206216685812, 0.29410565567028457, 0.29410421910025897, 0.2941040258866392, 0.2941039854564236, 0.2941039821830177]}, "12": {"maxiter": 500, "gtol": 1e-10, "xrtol": 1e-05, "eps": 1e-05, "duration": 0.05294609069824219, "fun": "0.29410398197560517", "jac": "[-1.50834900e-07 -1.09453557e-06  4.13358237e-07  3.18733928e-07\n  3.37685435e-07  6.79045709e-07]", "hess_inv": "[[  5.84640078  -0.95828161   3.30981591  -3.9858489   -5.19053371\n    3.30806837]\n [ -0.95828161   3.66989001  -1.33361843   2.35355427  -0.03676288\n    0.38616816]\n [  3.30981591  -1.33361843   7.13701619  -5.34816053  -5.00514211\n    2.95429118]\n [ -3.9858489    2.35355427  -5.34816053   7.68842332   5.11516695\n   -3.50000225]\n [ -5.19053371  -0.03676288  -5.00514211   5.11516695  17.60347318\n  -14.56522868]\n [  3.30806837   0.38616816   2.95429118  -3.50000225 -14.56522868\n   15.33984113]]", "nfev": "161", "njev": "23", "status": "0", "success": "True", "message": "Optimization terminated successfully.", "x": "[4.69735502 5.75501984 2.0365343  6.81176636 3.90392868 5.69679408]", "nit": "22", "callback": [0.542629251898876, 0.42104807060621774, 0.39151470257275467, 0.3746775826482931, 0.3455379951434373, 0.30676702041791104, 0.29804303283834155, 0.2968540828965547, 0.29618538074237455, 0.29574255479611433, 0.2953904440567089, 0.29504233108808986, 0.294721272203903, 0.29441932885404154, 0.2942076042364793, 0.2941206158771632, 0.2941056426725448, 0.29410422247866486, 0.2941040263465782, 0.294103986022733, 0.2941039821532647, 0.29410398197560517]}, "13": {"maxiter": 500, "gtol": 1e-10, "xrtol": 1e-05, "eps": 1e-10, "duration": 0.055094003677368164, "fun": "0.29410398204639854", "jac": "[-4.44089173e-06 -4.44089173e-06 -5.55111466e-06 -2.22044587e-06\n -1.11022293e-06 -2.22044587e-06]", "hess_inv": "[[  5.70893572  -1.13978557   3.08759789  -3.92502432  -4.90002556\n    2.92416298]\n [ -1.13978557   3.63920858  -1.3033015    2.24395511   0.13482034\n    0.16130946]\n [  3.08759789  -1.3033015    6.94846437  -5.24352145  -4.79816432\n    2.83195011]\n [ -3.92502432   2.24395511  -5.24352145   7.55911328   5.10232753\n   -3.610434  ]\n [ -4.90002556   0.13482034  -4.79816432   5.10232753  17.15677082\n  -13.991093  ]\n [  2.92416298   0.16130946   2.83195011  -3.610434   -13.991093\n   14.58479344]]", "nfev": "161", "njev": "23", "status": "0", "success": "True", "message": "Optimization terminated successfully