{"date": "2024/10/26/, 22:58:47", "conf_id": 94, "data_type": "orthogonal\n", "num_data_points": 1, "s_rank": 0, "unitary": "[[-0.24866696+0.58742286j,-0.44704345-0.43151574j,-0.35669027-0.20570733j,-0.10517633+0.1626036j],[0.10596805-0.19687975j,-0.30269685-0.15056416j,0.18246286+0.30440582j,-0.83484447-0.11310748j],[0.26054512-0.52548482j,0.0285017-0.50723956j,-0.43110112+0.17165838j,0.15243271+0.39915801j],[0.42978035+0.11991271j,-0.17224126-0.46030424j,0.6827807-0.15164662j,0.26483638+0.0061855j]]", "databatch_0": {"databatch": "[[[-0.32817575-9.79322295e-02j,-0.22808408+2.23830653e-01j,0.20265802-1.35797928e-01j,-0.08317035+1.94577927e-02j],[0.05385409+3.39429453e-01j,-0.13524807+1.55192002e-01j,0.13788672+1.37120321e-01j,-0.17110125-3.03761376e-01j],[-0.15143224+3.50914053e-02j,0.15739639-8.19548633e-02j,-0.08815865-2.33104578e-01j,-0.02775713-4.29398801e-02j],[0.00996592+2.59251495e-04j,-0.08671962-2.93183648e-01j,-0.03549629-1.21878966e-01j,-0.36011314-1.84878385e-01j]]]", "initial param values": "[3.72299766,3.90701198,1.78368661,0.28461202,1.15767073,0.21376244]", "nelder_mead": {"type": "gradient-free", "0": {"maxiter": 100, "fatol": 1e-05, "xatol": 1e-05, "duration": 0.1338634490966797, "fun": "0.48681591444956984", "nit": "100", "nfev": "158", "status": "2", "success": "False", "message": "Maximum number of iterations has been exceeded.", "x": "[ 5.54908209  4.71191652  1.37222546 -1.68787732  0.96008146  0.98793695]", "final_simplex": "(array([[ 5.54908209,  4.71191652,  1.37222546, -1.68787732,  0.96008146,\n         0.98793695],\n       [ 5.36035823,  4.70987012,  1.50203719, -1.44095604,  1.02517402,\n         0.89491219],\n       [ 5.45980893,  4.60547609,  1.36620896, -1.52939884,  1.05453668,\n         0.9314896 ],\n       [ 5.47069849,  4.85292454,  1.25749472, -1.53966084,  0.9945023 ,\n         0.93002452],\n       [ 5.51399647,  4.6718347 ,  1.38998555, -1.64333143,  1.07908259,\n         0.97906784],\n       [ 5.69212415,  4.63559222,  1.46204219, -1.57858104,  1.14409104,\n         0.94209537],\n       [ 5.56666787,  4.77743667,  1.33974703, -1.64194924,  1.10233074,\n         0.9861389 ]]), array([0.48681591, 0.48714977, 0.48863073, 0.4892277 , 0.49173954,\n       0.49308592, 0.49348624]))", "callback": [0.8012438845481082, 0.6928072991327028, 0.6750560992556772, 0.6732994760761942, 0.6674247496089178, 0.662086248933749, 0.6213283954951154, 0.5376196465050536, 0.5039518523053063, 0.49308591979397276]}, "1": {"maxiter": 100, "fatol": 1e-05, "xatol": 1e-10, "duration": 0.12246060371398926, "fun": "0.48681591444956984", "nit": "100", "nfev": "158", "status": "2", "success": "False", "message": "Maximum number of iterations has been exceeded.", "x": "[ 5.54908209  4.71191652  1.37222546 -1.68787732  0.96008146  0.98793695]", "final_simplex": "(array([[ 5.54908209,  4.71191652,  1.37222546, -1.68787732,  0.96008146,\n         0.98793695],\n       [ 5.36035823,  4.70987012,  1.50203719, -1.44095604,  1.02517402,\n         0.89491219],\n       [ 5.45980893,  4.60547609,  1.36620896, -1.52939884,  1.05453668,\n         0.9314896 ],\n       [ 5.47069849,  4.85292454,  1.25749472, -1.53966084,  0.9945023 ,\n         0.93002452],\n       [ 5.51399647,  4.6718347 ,  1.38998555, -1.64333143,  1.07908259,\n         0.97906784],\n       [ 5.69212415,  4.63559222,  1.46204219, -1.57858104,  1.14409104,\n         0.94209537],\n       [ 5.56666787,  4.77743667,  1.33974703, -1.64194924,  1.10233074,\n         0.9861389 ]]), array([0.48681591, 0.48714977, 0.48863073, 0.4892277 , 0.49173954,\n       0.49308592, 0.49348624]))", "callback": [0.8012438845481082, 0.6928072991327028, 0.6750560992556772, 0.6732994760761942, 0.6674247496089178, 0.662086248933749, 0.6213283954951154, 0.5376196465050536, 0.5039518523053063, 0.49308591979397276]}, "2": {"maxiter": 100, "fatol": 1e-10, "xatol": 1e-05, "duration": 0.12231707572937012, "fun": "0.48681591444956984", "nit": "100", "nfev": "158", "status": "2", "success": "False", "message": "Maximum number of iterations has been exceeded.", "x": "[ 5.54908209  4.71191652  1.37222546 -1.68787732  0.96008146  0.98793695]", "final_simplex": "(array([[ 5.54908209,  4.71191652,  1.37222546, -1.68787732,  0.96008146,\n         0.98793695],\n       [ 5.36035823,  4.70987012,  1.50203719, -1.44095604,  1.02517402,\n         0.89491219],\n       [ 5.45980893,  4.60547609,  1.36620896, -1.52939884,  1.05453668,\n         0.9314896 ],\n       [ 5.47069849,  4.85292454,  1.25749472, -1.53966084,  0.9945023 ,\n         0.93002452],\n       [ 5.51399647,  4.6718347 ,  1.38998555, -1.64333143,  1.07908259,\n         0.97906784],\n       [ 5.69212415,  4.63559222,  1.46204219, -1.57858104,  1.14409104,\n         0.94209537],\n       [ 5.56666787,  4.77743667,  1.33974703, -1.64194924,  1.10233074,\n         0.9861389 ]]), array([0.48681591, 0.48714977, 0.48863073, 0.4892277 , 0.49173954,\n       0.49308592, 0.49348624]))", "callback": [0.8012438845481082, 0.6928072991327028, 0.6750560992556772, 0.6732994760761942, 0.6674247496089178, 0.662086248933749, 0.6213283954951154, 0.5376196465050536, 0.5039518523053063, 0.49308591979397276]}, "3": {"maxiter": 100, "fatol": 1e-10, "xatol": 1e-10, "duration": 0.12242412567138672, "fun": "0.48681591444956984", "nit": "100", "nfev": "158", "status": "2", "success": "False", "message": "Maximum number of iterations has been exceeded.", "x": "[ 5.54908209  4.71191652  1.37222546 -1.68787732  0.96008146  0.98793695]", "final_simplex": "(array([[ 5.54908209,  4.71191652,  1.37222546, -1.68787732,  0.96008146,\n         0.98793695],\n       [ 5.36035823,  4.70987012,  1.50203719, -1.44095604,  1.02517402,\n         0.89491219],\n       [ 5.45980893,  4.60547609,  1.36620896, -1.52939884,  1.05453668,\n         0.9314896 ],\n       [ 5.47069849,  4.85292454,  1.25749472, -1.53966084,  0.9945023 ,\n         0.93002452],\n       [ 5.51399647,  4.6718347 ,  1.38998555, -1.64333143,  1.07908259,\n         0.97906784],\n       [ 5.69212415,  4.63559222,  1.46204219, -1.57858104,  1.14409104,\n         0.94209537],\n       [ 5.56666787,  4.77743667,  1.33974703, -1.64194924,  1.10233074,\n         0.9861389 ]]), array([0.48681591, 0.48714977, 0.48863073, 0.4892277 , 0.49173954,\n       0.49308592, 0.49348624]))", "callback": [0.8012438845481082, 0.6928072991327028, 0.6750560992556772, 0.6732994760761942, 0.6674247496089178, 0.662086248933749, 0.6213283954951154, 0.5376196465050536, 0.5039518523053063, 0.49308591979397276]}, "4": {"maxiter": 500, "fatol": 1e-05, "xatol": 1e-05, "duration": 0.6107523441314697, "fun": "0.4532792812958939", "nit": "401", "nfev": "621", "status": "0", "success": "True", "message": "Optimization terminated successfully.", "x": "[ 5.37393382  4.09540448  1.58141647 -1.40477094  0.39435344  1.3924351 ]", "final_simplex": "(array([[ 5.37393382,  4.09540448,  1.58141647, -1.40477094,  0.39435344,\n         1.3924351 ],\n       [ 5.3739278 ,  4.09540582,  1.58141256, -1.40476954,  0.39435415,\n         1.39243569],\n       [ 5.3739319 ,  4.0954058 ,  1.58141841, -1.40477157,  0.39436033,\n         1.39242921],\n       [ 5.37393286,  4.09540928,  1.5814157 , -1.40476899,  0.39435891,\n         1.39243552],\n       [ 5.37393486,  4.0954103 ,  1.58141135, -1.40476579,  0.39435928,\n         1.39243256],\n       [ 5.37393232,  4.09540068,  1.581417  , -1.40476797,  0.39435396,\n         1.39244033],\n       [ 5.37392883,  4.09540289,  1.58142001, -1.40476551,  0.39435562,\n         1.39243023]]), array([0.45327928, 0.45327928, 0.45327928, 0.45327928, 0.45327928,\n       0.45327928, 0.45327928]))", "callback": [0.8012438845481082, 0.6928072991327028, 0.6750560992556772, 0.6732994760761942, 0.6674247496089178, 0.662086248933749, 0.6213283954951154, 0.5376196465050536, 0.5039518523053063, 0.49308591979397276, 0.47922126930451636, 0.47702300537083575, 0.4740365665575421, 0.47388215963632785, 0.4731891976628635, 0.4731091921445735, 0.47182575097831103, 0.47088257353569174, 0.46830937847295995, 0.46268195418276425, 0.455058866035589, 0.4538568426781794, 0.45339546300158784, 0.4533088549727965, 0.45328513530375425, 0.45328068282504674, 0.45328008145975995, 0.45327980336657625, 0.4532795536606251, 0.4532794621435533, 0.45327937907803917, 0.45327934181733476, 0.4532793125366079, 0.45327929687675583, 0.45327928881578805, 0.45327928427937736, 0.45327928239784876, 0.45327928158121344, 0.45327928136277706, 0.45327928130713313, 0.4532792812958939]}, "5": {"maxiter": 500, "fatol": 1e-05, "xatol": 1e-10, "duration": 0.6858160495758057, "fun": "0.4532792812937244", "nit": "500", "nfev": "818", "status": "2", "success": "False", "message": "Maximum number of iterations has been exceeded.", "x": "[ 5.37393133  4.09540743  1.5814151  -1.4047684   0.39435616  1.39243257]", "final_simplex": "(array([[ 5.37393133,  4.09540743,  1.5814151 , -1.4047684 ,  0.39435616,\n         1.39243257],\n       [ 5.37393132,  4.09540743,  1.5814151 , -1.4047684 ,  0.39435616,\n         1.39243257],\n       [ 5.37393132,  4.09540743,  1.5814151 , -1.4047684 ,  0.39435616,\n         1.39243257],\n       [ 5.37393132,  4.09540743,  1.5814151 , -1.4047684 ,  0.39435616,\n         1.39243257],\n       [ 5.37393132,  4.09540744,  1.5814151 , -1.4047684 ,  0.39435616,\n         1.39243257],\n       [ 5.37393132,  4.09540743,  1.5814151 , -1.4047684 ,  0.39435616,\n         1.39243257],\n       [ 5.37393133,  4.09540743,  1.5814151 , -1.4047684 ,  0.39435616,\n         1.39243257]]), array([0.45327928, 0.45327928, 0.45327928, 0.45327928, 0.45327928,\n       0.45327928, 0.45327928]))", "callback": [0.8012438845481082, 0.6928072991327028, 0.6750560992556772, 0.6732994760761942, 0.6674247496089178, 0.662086248933749, 0.6213283954951154, 0.5376196465050536, 0.5039518523053063, 0.49308591979397276, 0.47922126930451636, 0.47702300537083575, 0.4740365665575421, 0.47388215963632785, 0.4731891976628635, 0.4731091921445735, 0.47182575097831103, 0.47088257353569174, 0.46830937847295995, 0.46268195418276425, 0.455058866035589, 0.4538568426781794, 0.45339546300158784, 0.4533088549727965, 0.45328513530375425, 0.45328068282504674, 0.45328008145975995, 0.45327980336657625, 0.4532795536606251, 0.4532794621435533, 0.45327937907803917, 0.45327934181733476, 0.4532793125366079, 0.45327929687675583, 0.45327928881578805, 0.45327928427937736, 0.45327928239784876, 0.45327928158121344, 0.45327928136277706, 0.45327928130713313, 0.45327928129496864, 0.45327928129388195, 0.4532792812937899, 0.4532792812937335, 0.45327928129372796, 0.4532792812937254, 0.45327928129372475, 0.45327928129372463, 0.4532792812937244, 0.4532792812937244]}, "6": {"maxiter": 500, "fatol": 1e-10, "xatol": 1e-05, "duration": 0.5379908084869385, "fun": "0.4532792812958939", "nit": "401", "nfev": "621", "status": "0", "success": "True", "message": "Optimization terminated successfully.", "x": "[ 5.37393382  4.09540448  1.58141647 -1.40477094  0.39435344  1.3924351 ]", "final_simplex": "(array([[ 5.37393382,  4.09540448,  1.58141647, -1.40477094,  0.39435344,\n         1.3924351 ],\n       [ 5.3739278 ,  4.09540582,  1.58141256, -1.40476954,  0.39435415,\n         1.39243569],\n       [ 5.3739319 ,  4.0954058 ,  1.58141841, -1.40477157,  0.39436033,\n         1.39242921],\n       [ 5.37393286,  4.09540928,  1.5814157 , -1.40476899,  0.39435891,\n         1.39243552],\n       [ 5.37393486,  4.0954103 ,  1.58141135, -1.40476579,  0.39435928,\n         1.39243256],\n       [ 5.37393232,  4.09540068,  1.581417  , -1.40476797,  0.39435396,\n         1.39244033],\n       [ 5.37392883,  4.09540289,  1.58142001, -1.40476551,  0.39435562,\n         1.39243023]]), array([0.45327928, 0.45327928, 0.45327928, 0.45327928, 0.45327928,\n       0.45327928, 0.45327928]))", "callback": [0.8012438845481082, 0.6928072991327028, 0.6750560992556772, 0.6732994760761942, 0.6674247496089178, 0.662086248933749, 0.6213283954951154, 0.5376196465050536, 0.5039518523053063, 0.49308591979397276, 0.47922126930451636, 0.47702300537083575, 0.4740365665575421, 0.47388215963632785, 0.4731891976628635, 0.4731091921445735, 0.47182575097831103, 0.47088257353569174, 0.46830937847295995, 0.46268195418276425, 0.455058866035589, 0.4538568426781794, 0.45339546300158784, 0.4533088549727965, 0.45328513530375425, 0.45328068282504674, 0.45328008145975995, 0.45327980336657625, 0.4532795536606251, 0.4532794621435533, 0.45327937907803917, 0.45327934181733476, 0.4532793125366079, 0.45327929687675583, 0.45327928881578805, 0.45327928427937736, 0.45327928239784876, 0.45327928158121344, 0.45327928136277706, 0.45327928130713313, 0.4532792812958939]}, "7": {"maxiter": 500, "fatol": 1e-10, "xatol": 1e-10, "duration": 0.707789421081543, "fun": "0.4532792812937244", "nit": "500", "nfev": "818", "status": "2", "success": "False", "message": "Maximum number of iterations has been exceeded.", "x": "[ 5.37393133  4.09540743  1.5814151  -1.4047684   0.39435616  1.39243257]", "final_simplex": "(array([[ 5.37393133,  4.09540743,  1.5814151 , -1.4047684 ,  0.39435616,\n         1.39243257],\n       [ 5.37393132,  4.09540743,  1.5814151 , -1.4047684 ,  0.39435616,\n         1.39243257],\n       [ 5.37393132,  4.09540743,  1.5814151 , -1.4047684 ,  0.39435616,\n         1.39243257],\n       [ 5.37393132,  4.09540743,  1.5814151 , -1.4047684 ,  0.39435616,\n         1.39243257],\n       [ 5.37393132,  4.09540744,  1.5814151 , -1.4047684 ,  0.39435616,\n         1.39243257],\n       [ 5.37393132,  4.09540743,  1.5814151 , -1.4047684 ,  0.39435616,\n         1.39243257],\n       [ 5.37393133,  4.09540743,  1.5814151 , -1.4047684 ,  0.39435616,\n         1.39243257]]), array([0.45327928, 0.45327928, 0.45327928, 0.45327928, 0.45327928,\n       0.45327928, 0.45327928]))", "callback": [0.8012438845481082, 0.6928072991327028, 0.6750560992556772, 0.6732994760761942, 0.6674247496089178, 0.662086248933749, 0.6213283954951154, 0.5376196465050536, 0.5039518523053063, 0.49308591979397276, 0.47922126930451636, 0.47702300537083575, 0.4740365665575421, 0.47388215963632785, 0.4731891976628635, 0.4731091921445735, 0.47182575097831103, 0.47088257353569174, 0.46830937847295995, 0.46268195418276425, 0.455058866035589, 0.4538568426781794, 0.45339546300158784, 0.4533088549727965, 0.45328513530375425, 0.45328068282504674, 0.45328008145975995, 0.45327980336657625, 0.4532795536606251, 0.4532794621435533, 0.45327937907803917, 0.45327934181733476, 0.4532793125366079, 0.45327929687675583, 0.45327928881578805, 0.45327928427937736, 0.45327928239784876, 0.45327928158121344, 0.45327928136277706, 0.45327928130713313, 0.45327928129496864, 0.45327928129388195, 0.4532792812937899, 0.4532792812937335, 0.45327928129372796, 0.4532792812937254, 0.45327928129372475, 0.45327928129372463, 0.4532792812937244, 0.4532792812937244]}, "8": {"maxiter": 1000, "fatol": 1e-05, "xatol": 1e-05, "duration": 0.5813603401184082, "fun": "0.4532792812958939", "nit": "401", "nfev": "621", "status": "0", "success": "True", "message": "Optimization terminated successfully.", "x": "[ 5.37393382  4.09540448  1.58141647 -1.40477094  0.39435344  1.3924351 ]", "final_simplex": "(array([[ 5.37393382,  4.09540448,  1.58141647, -1.40477094,  0.39435344,\n         1.3924351 ],\n       [ 5.3739278 ,  4.09540582,  1.58141256, -1.40476954,  0.39435415,\n         1.39243569],\n       [ 5.3739319 ,  4.0954058 ,  1.58141841, -1.40477157,  0.39436033,\n         1.39242921],\n       [ 5.37393286,  4.09540928,  1.5814157 , -1.40476899,  0.39435891,\n         1.39243552],\n       [ 5.37393486,  4.0954103 ,  1.58141135, -1.40476579,  0.39435928,\n         1.39243256],\n       [ 5.37393232,  4.09540068,  1.581417  , -1.40476797,  0.39435396,\n         1.39244033],\n       [ 5.37392883,  4.09540289,  1.58142001, -1.40476551,  0.39435562,\n         1.39243023]]), array([0.45327928, 0.45327928, 0.45327928, 0.45327928, 0.45327928,\n       0.45327928, 0.45327928]))", "callback": [0.8012438845481082, 0.6928072991327028, 0.6750560992556772, 0.6732994760761942, 0.6674247496089178, 0.662086248933749, 0.6213283954951154, 0.5376196465050536, 0.5039518523053063, 0.49308591979397276, 0.47922126930451636, 0.47702300537083575, 0.4740365665575421, 0.47388215963632785, 0.4731891976628635, 0.4731091921445735, 0.47182575097831103, 0.47088257353569174, 0.46830937847295995, 0.46268195418276425, 0.455058866035589, 0.4538568426781794, 0.45339546300158784, 0.4533088549727965, 0.45328513530375425, 0.45328068282504674, 0.45328008145975995, 0.45327980336657625, 0.4532795536606251, 0.4532794621435533, 0.45327937907803917, 0.45327934181733476, 0.4532793125366079, 0.45327929687675583, 0.45327928881578805, 0.45327928427937736, 0.45327928239784876, 0.45327928158121344, 0.45327928136277706, 0.45327928130713313, 0.4532792812958939]}, "9": {"maxiter": 1000, "fatol": 1e-05, "xatol": 1e-10, "duration": 0.8196730613708496, "fun": "0.4532792812937244", "nit": "508", "nfev": "849", "status": "0", "success": "True", "message": "Optimization terminated successfully.", "x": "[ 5.37393133  4.09540743  1.5814151  -1.4047684   0.39435616  1.39243257]", "final_simplex": "(array([[ 5.37393133,  4.09540743,  1.5814151 , -1.4047684 ,  0.39435616,\n         1.39243257],\n       [ 5.37393133,  4.09540743,  1.5814151 , -1.4047684 ,  0.39435616,\n         1.39243257],\n       [ 5.37393133,  4.09540743,  1.5814151 , -1.4047684 ,  0.39435616,\n         1.39243257],\n       [ 5.37393133,  4.09540743,  1.5814151 , -1.4047684 ,  0.39435616,\n         1.39243257],\n       [ 5.37393132,  4.09540743,  1.5814151 , -1.4047684 ,  0.39435616,\n         1.39243257],\n       [ 5.37393133,  4.09540743,  1.5814151 , -1.4047684 ,  0.39435616,\n         1.39243257],\n       [ 5.37393133,  4.09540743,  1.5814151 , -1.4047684 ,  0.39435616,\n         1.39243257]]), array([0.45327928, 0.45327928, 0.45327928, 0.45327928, 0.45327928,\n       0.45327928, 0.45327928]))", "callback": [0.8012438845481082, 0.6928072991327028, 0.6750560992556772, 0.6732994760761942, 0.6674247496089178, 0.662086248933749, 0.6213283954951154, 0.5376196465050536, 0.5039518523053063, 0.49308591979397276, 0.47922126930451636, 0.47702300537083575, 0.4740365665575421, 0.47388215963632785, 0.4731891976628635, 0.4731091921445735, 0.47182575097831103, 0.47088257353569174, 0.46830937847295995, 0.46268195418276425, 0.455058866035589, 0.4538568426781794, 0.45339546300158784, 0.4533088549727965, 0.45328513530375425, 0.45328068282504674, 0.45328008145975995, 0.45327980336657625, 0.4532795536606251, 0.4532794621435533, 0.45327937907803917, 0.45327934181733476, 0.4532793125366079, 0.45327929687675583, 0.45327928881578805, 0.45327928427937736, 0.45327928239784876, 0.45327928158121344, 0.45327928136277706, 0.45327928130713313, 0.45327928129496864, 0.45327928129388195, 0.4532792812937899, 0.4532792812937335, 0.45327928129372796, 0.4532792812937254, 0.45327928129372475, 0.45327928129372463, 0.4532792812937244, 0.4532792812937244, 0.4532792812937244]}, "10": {"maxiter": 1000, "fatol": 1e-10, "xatol": 1e-05, "duration": 0.6013088226318359, "fun": "0.4532792812958939", "nit": "401", "nfev": "621", "status": "0", "success": "True", "message": "Optimization terminated successfully.", "x": "[ 5.37393382  4.09540448  1.58141647 -1.40477094  0.39435344  1.3924351 ]", "final_simplex": "(array([[ 5.37393382,  4.09540448,  1.58141647, -1.40477094,  0.39435344,\n         1.3924351 ],\n       [ 5.3739278 ,  4.09540582,  1.58141256, -1.40476954,  0.39435415,\n         1.39243569],\n       [ 5.3739319 ,  4.0954058 ,  1.58141841, -1.40477157,  0.39436033,\n         1.39242921],\n       [ 5.37393286,  4.09540928,  1.5814157 , -1.40476899,  0.39435891,\n         1.39243552],\n       [ 5.37393486,  4.0954103 ,  1.58141135, -1.40476579,  0.39435928,\n         1.39243256],\n       [ 5.37393232,  4.09540068,  1.581417  , -1.40476797,  0.39435396,\n         1.39244033],\n       [ 5.37392883,  4.09540289,  1.58142001, -1.40476551,  0.39435562,\n         1.39243023]]), array([0.45327928, 0.45327928, 0.45327928, 0.45327928, 0.45327928,\n       0.45327928, 0.45327928]))", "callback": [0.8012438845481082, 0.6928072991327028, 0.6750560992556772, 0.6732994760761942, 0.6674247496089178, 0.662086248933749, 0.6213283954951154, 0.5376196465050536, 0.5039518523053063, 0.49308591979397276, 0.47922126930451636, 0.47702300537083575, 0.4740365665575421, 0.47388215963632785, 0.4731891976628635, 0.4731091921445735, 0.47182575097831103, 0.47088257353569174, 0.46830937847295995, 0.46268195418276425, 0.455058866035589, 0.4538568426781794, 0.45339546300158784, 0.4533088549727965, 0.45328513530375425, 0.45328068282504674, 0.45328008145975995, 0.45327980336657625, 0.4532795536606251, 0.4532794621435533, 0.45327937907803917, 0.45327934181733476, 0.4532793125366079, 0.45327929687675583, 0.45327928881578805, 0.45327928427937736, 0.45327928239784876, 0.45327928158121344, 0.45327928136277706, 0.45327928130713313, 0.4532792812958939]}, "11": {"maxiter": 1000, "fatol": 1e-10, "xatol": 1e-10, "duration": 0.7170493602752686, "fun": "0.4532792812937244", "nit": "508", "nfev": "849", "status": "0", "success": "True", "message": "Optimization terminated successfully.", "x": "[ 5.37393133  4.09540743  1.5814151  -1.4047684   0.39435616  1.39243257]", "final_simplex": "(array([[ 5.37393133,  4.09540743,  1.5814151 , -1.4047684 ,  0.39435616,\n         1.39243257],\n       [ 5.37393133,  4.09540743,  1.5814151 , -1.4047684 ,  0.39435616,\n         1.39243257],\n       [ 5.37393133,  4.09540743,  1.5814151 , -1.4047684 ,  0.39435616,\n         1.39243257],\n       [ 5.37393133,  4.09540743,  1.5814151 , -1.4047684 ,  0.39435616,\n         1.39243257],\n       [ 5.37393132,  4.09540743,  1.5814151 , -1.4047684 ,  0.39435616,\n         1.39243257],\n       [ 5.37393133,  4.09540743,  1.5814151 , -1.4047684 ,  0.39435616,\n         1.39243257],\n       [ 5.37393133,  4.09540743,  1.5814151 , -1.4047684 ,  0.39435616,\n         1.39243257]]), array([0.45327928, 0.45327928, 0.45327928, 0.45327928, 0.45327928,\n       0.45327928, 0.45327928]))", "callback": [0.8012438845481082, 0.6928072991327028, 0.6750560992556772, 0.6732994760761942, 0.6674247496089178, 0.662086248933749, 0.6213283954951154, 0.5376196465050536, 0.5039518523053063, 0.49308591979397276, 0.47922126930451636, 0.47702300537083575, 0.4740365665575421, 0.47388215963632785, 0.4731891976628635, 0.4731091921445735, 0.47182575097831103, 0.47088257353569174, 0.46830937847295995, 0.46268195418276425, 0.455058866035589, 0.4538568426781794, 0.45339546300158784, 0.4533088549727965, 0.45328513530375425, 0.45328068282504674, 0.45328008145975995, 0.45327980336657625, 0.4532795536606251, 0.4532794621435533, 0.45327937907803917, 0.45327934181733476, 0.4532793125366079, 0.45327929687675583, 0.45327928881578805, 0.45327928427937736, 0.45327928239784876, 0.45327928158121344, 0.45327928136277706, 0.45327928130713313, 0.45327928129496864, 0.45327928129388195, 0.4532792812937899, 0.4532792812937335, 0.45327928129372796, 0.4532792812937254, 0.45327928129372475, 0.45327928129372463, 0.4532792812937244, 0.4532792812937244, 0.4532792812937244]}}, "bfgs": {"type": "gradient", "0": {"maxiter": 100, "gtol": 1e-05, "xrtol": 1e-05, "eps": 1e-05, "duration": 0.1289372444152832, "fun": "0.4532792823326637", "jac": "[-1.45050416e-05  1.00593867e-05  2.70187206e-06 -1.35952805e-05\n -7.67984565e-06 -2.19491092e-06]", "hess_inv": "[[ 3.62639027  2.05338675 -0.11105292 -1.56573684  0.93163689 -1.34522507]\n [ 2.05338675 10.30617327 -4.33795516  1.75620612  4.29308612 -4.94035324]\n [-0.11105292 -4.33795516  6.99260668 -1.8870712   0.73022009  0.60014093]\n [-1.56573684  1.75620612 -1.8870712   3.9545246  -0.4006712  -0.58047945]\n [ 0.93163689  4.29308612  0.73022009 -0.4006712   6.76747611 -3.92806226]\n [-1.34522507 -4.94035324  0.60014093 -0.58047945 -3.92806226  6.89612171]]", "nfev": "168", "njev": "24", "status": "0", "success": "True", "message": "Optimization terminated successfully.", "x": "[ 5.37387827  4.09544222  1.58140184 -1.40480956  0.39432386  1.39241898]", "nit": "19", "callback": [0.6920266109023234, 0.6673161179032026, 0.6205531814770496, 0.5918394922203364, 0.5087600875389404, 0.4763716582580262, 0.46895584284746716, 0.46118442989522945, 0.4582980978300697, 0.45641705610933125, 0.45464709433008044, 0.45365586539749114, 0.4533427027526944, 0.4532970492036099, 0.45328423493984116, 0.4532796817723006, 0.4532792996157724, 0.45327928381492455, 0.4532792823326637]}, "1": {"maxiter": 100, "gtol": 1e-05, "xrtol": 1e-05, "eps": 1e-10, "duration": 0.13369154930114746, "fun": "0.4532792815820582", "jac": "[-3.33066880e-06  2.22044587e-06 -1.11022293e-06 -8.88178346e-06\n -6.66133760e-06 -3.33066880e-06]", "hess_inv": "[[ 4.32797968  0.83651837 -0.12829791 -1.40648136  0.26848449 -0.94308153]\n [ 0.83651837 10.12640155 -4.51240928  1.60730589  3.28089235 -4.77996823]\n [-0.12829791 -4.51240928  6.71085315 -1.92468526  0.42510064  0.65071072]\n [-1.40648136  1.60730589 -1.92468526  3.99633226 -0.4810351  -0.54274914]\n [ 0.26848449  3.28089235  0.42510064 -0.4810351   5.31875756 -3.5123786 ]\n [-0.94308153 -4.77996823  0.65071072 -0.54274914 -3.5123786   6.78573563]]", "nfev": "175", "njev": "25", "status": "0", "success": "True", "message": "Optimization terminated successfully.", "x": "[ 5.37392117  4.09539782  1.58141482 -1.40480044  0.39432088  1.39243056]", "nit": "20", "callback": [0.6920269016975344, 0.6673175104850912, 0.6205556007894869, 0.5918400722376627, 0.5087608594926931, 0.4763730311037968, 0.4689570819560094, 0.4611852696506331, 0.4582985519306997, 0.4564175665562462, 0.454647279198082, 0.4536559469936243, 0.45334266902703213, 0.45329706562581684, 0.45328424269667267, 0.4532796871960688, 0.4532793001778549, 0.4532792838158173, 0.45327928236305104, 0.4532792815820582]}, "2": {"maxiter": 100, "gtol": 1e-05, "xrtol": 1e-10, "eps": 1e-05, "duration": 0.1339399814605713, "fun": "0.4532792814364299", "jac": "[-1.80886417e-06  4.94659869e-07 -9.98334748e-07 -3.09586801e-06\n -4.03349576e-06 -2.53430610e-06]", "hess_inv": "[[ 4.27926473  1.35891443 -0.03828156 -1.04613818  1.03092584 -1.11388432]\n [ 1.35891443 11.04483112 -4.41103358  1.20679952  4.19377897 -5.18600546]\n [-0.03828156 -4.41103358  6.70188026 -2.0568092   0.3058922   0.59635796]\n [-1.04613818  1.20679952 -2.0568092   4.19462753 -0.65333386 -0.41888944]\n [ 1.03092584  4.19377897  0.3058922  -0.65333386  6.1482225  -3.93596078]\n [-1.11388432 -5.18600546  0.59635796 -0.41888944 -3.93596078  6.97516968]]", "nfev": "175", "njev": "25", "status": "0", "success": "True", "message": "Optimization terminated successfully.", "x": "[ 5.37391803  4.09539997  1.58140325 -1.40478022  0.39432549  1.39243277]", "nit": "20", "callback": [0.6920266109023234, 0.6673161179032026, 0.6205531814770496, 0.5918394922203364, 0.5087600875389404, 0.4763716582580262, 0.46895584284746716, 0.46118442989522945, 0.4582980978300697, 0.45641705610933125, 0.45464709433008044, 0.45365586539749114, 0.4533427027526944, 0.4532970492036099, 0.45328423493984116, 0.4532796817723006, 0.4532792996157724, 0.45327928381492455, 0.4532792823326637, 0.4532792814364299]}, "3": {"maxiter": 100, "gtol": 1e-05, "xrtol": 1e-10, "eps": 1e-10, "duration": 0.1339554786682129, "fun": "0.4532792815820582", "jac": "[-3.33066880e-06  2.22044587e-06 -1.11022293e-06 -8.88178346e-06\n -6.66133760e-06 -3.33066880e-06]", "hess_inv": "[[ 4.32797968  0.83651837 -0.12829791 -1.40648136  0.26848449 -0.94308153]\n [ 0.83651837 10.12640155 -4.51240928  1.60730589  3.28089235 -4.77996823]\n [-0.12829791 -4.51240928  6.71085315 -1.92468526  0.42510064  0.65071072]\n [-1.40648136  1.60730589 -1.92468526  3.99633226 -0.4810351  -0.54274914]\n [ 0.26848449  3.28089235  0.42510064 -0.4810351   5.31875756 -3.5123786 ]\n [-0.94308153 -4.77996823  0.65071072 -0.54274914 -3.5123786   6.78573563]]", "nfev": "175", "njev": "25", "status": "0", "success": "True", "message": "Optimization terminated successfully.", "x": "[ 5.37392117  4.09539782  1.58141482 -1.40480044  0.39432088  1.39243056]", "nit": "20", "callback": [0.6920269016975344, 0.6673175104850912, 0.6205556007894869, 0.5918400722376627, 0.5087608594926931, 0.4763730311037968, 0.4689570819560094, 0.4611852696506331, 0.4582985519306997, 0.4564175665562462, 0.454647279198082, 0.4536559469936243, 0.45334266902703213, 0.45329706562581684, 0.45328424269667267, 0.4532796871960688, 0.4532793001778549, 0.4532792838158173, 0.45327928236305104, 0.4532792815820582]}, "4": {"maxiter": 100, "gtol": 1e-10, "xrtol": 1e-05, "eps": 1e-05, "duration": 0.12855935096740723, "fun": "0.4532792823326637", "jac": "[-1.45050416e-05  1.00593867e-05  2.70187206e-06 -1.35952805e-05\n -7.67984565e-06 -2.19491092e-06]", "hess_inv": "[[ 3.62639027  2.05338675 -0.11105292 -1.56573684  0.93163689 -1.34522507]\n [ 2.05338675 10.30617327 -4.33795516  1.75620612  4.29308612 -4.94035324]\n [-0.11105292 -4.33795516  6.99260668 -1.8870712   0.73022009  0.60014093]\n [-1.56573684  1.75620612 -1.8870712   3.9545246  -0.4006712  -0.58047945]\n [ 0.93163689  4.29308612  0.73022009 -0.4006712   6.76747611 -3.92806226]\n [-1.34522507 -4.94035324  0.60014093 -0.58047945 -3.92806226  6.89612171]]", "nfev": "168", "njev": "24", "status": "0", "success": "True", "message": "Optimization terminated successfully.", "x": "[ 5.37387827  4.09544222  1.58140184 -1.40480956  0.39432386  1.39241898]", "nit": "19", "callback": [0.6920266109023234, 0.6673161179032026, 0.6205531814770496, 0.5918394922203364, 0.5087600875389404, 0.4763716582580262, 0.46895584284746716, 0.46118442989522945, 0.4582980978300697, 0.45641705610933125, 0.45464709433008044, 0.45365586539749114, 0.4533427027526944, 0.4532970492036099, 0.45328423493984116, 0.4532796817723006, 0.4532792996157724, 0.45327928381492455, 0.4532792823326637]}, "5": {"maxiter": 100, "gtol": 1e-10, "xrtol": 1e-05, "eps": 1e-10, "duration": 0.1338520050048828, "fun": "0.4532792815820582", "jac": "[-3.33066880e-06  2.22044587e-06 -1.11022293e-06 -8.88178346e-06\n -6.66133760e-06 -3.33066880e-06]", "hess_inv": "[[ 4.32797968  0.83651837 -0.12829791 -1.40648136  0.26848449 -0.94308153]\n [ 0.83651837 10.12640155 -4.51240928  1.60730589  3.28089235 -4.77996823]\n [-0.12829791 -4.51240928  6.71085315 -1.92468526  0.42510064  0.65071072]\n [-1.40648136  1.60730589 -1.92468526  3.99633226 -0.4810351  -0.54274914]\n [ 0.26848449  3.28089235  0.42510064 -0.4810351   5.31875756 -3.5123786 ]\n [-0.94308153 -4.77996823  0.65071072 -0.54274914 -3.5123786   6.78573563]]", "nfev": "175", "njev": "25", "status": "0", "success": "True", "message": "Optimization terminated successfully.", "x": "[ 5.37392117  4.09539782  1.58141482 -1.40480044  0.39432088  1.39243056]", "nit": "20", "callback": [0.6920269016975344, 0.6673175104850912, 0.6205556007894869, 0.5918400722376627, 0.5087608594926931, 0.4763730311037968, 0.4689570819560094, 0.4611852696506331, 0.4582985519306997, 0.4564175665562462, 0.454647279198082, 0.4536559469936243, 0.45334266902703213, 0.45329706562581684, 0.45328424269667267, 0.4532796871960688, 0.4532793001778549, 0.4532792838158173, 0.45327928236305104, 0.4532792815820582]}, "6": {"maxiter": 100, "gtol": 1e-10, "xrtol": 1e-10, "eps": 1e-05, "duration": 0.3275609016418457, "fun": "0.45327928131178874", "jac": "[ 9.00390873e-09  2.04281037e-09 -1.79856130e-09 -1.28785871e-09\n  2.23154828e-09  4.47419879e-09]", "hess_inv": "[[ 4.38684192  1.05359496  0.10042945 -0.78758751  1.09629924 -1.00124319]\n [ 1.05359496 10.53165147 -4.331043    1.40559634  3.80857314 -5.14738505]\n [ 0.10042945 -4.331043    6.91367146 -1.92134511  0.88827015  0.62479194]\n [-0.78758751  1.40559634 -1.92134511  4.26168068 -0.08925809 -0.38766484]\n [ 1.09629924  3.80857314  0.88827015 -0.08925809  7.07148591 -3.79096913]\n [-1.00124319 -5.14738505  0.62479194 -0.38766484 -3.79096913  6.99620915]]", "nfev": "341", "njev": "47", "status": "2", "success": "False", "message": "Desired error not necessarily achieved due to precision loss.", "x": "[ 5.37392532  4.09539897  1.58141186 -1.40477219  0.39434555  1.39243549]", "nit": "23", "callback": [0.6920266109023234, 0.6673161179032026, 0.6205531814770496, 0.5918394922203364, 0.5087600875389404, 0.4763716582580262, 0.46895584284746716, 0.46118442989522945, 0.4582980978300697, 0.45641705610933125, 0.45464709433008044, 0.45365586539749114, 0.4533427027526944, 0.4532970492036099, 0.45328423493984116, 0.4532796817723006, 0.4532792996157724, 0.45327928381492455, 0.4532792823326637, 0.4532792814364299, 0.4532792813247689, 0.45327928131227513, 0.45327928131178874]}, "7": {"maxiter": 100, "gtol": 1e-10, "xrtol": 1e-10, "eps": 1e-10, "duration": 0.36320018768310547, "fun": "0.4532792812980557", "jac": "[ 0.00000000e+00  0.00000000e+00  0.00000000e+00 -1.11022293e-06\n  0.00000000e+00  0.00000000e+00]", "hess_inv": "[[ 1.05544319 -0.53092743 -0.03506051 -0.66663317  1.75791338 -0.44282726]\n [-0.53092743  1.91299926  0.06909717  0.14643562 -0.13969499 -0.06587601]\n [-0.03506051  0.06909717  0.5960605  -0.17025396  0.65787753 -0.1975285 ]\n [-0.66663317  0.14643562 -0.17025396  0.65572828 -1.88911557  0.57272486]\n [ 1.75791338 -0.13969499  0.65787753 -1.88911557  5.81813837 -1.79195606]\n [-0.44282726 -0.06587601 -0.1975285   0.57272486 -1.79195606  0.60475852]]", "nfev": "479", "njev": "67", "status": "2", "success": "False", "message": "Desired error not necessarily achieved due to precision loss.", "x": "[ 5.37392918  4.09540313  1.58141908 -1.40476928  0.39435604  1.39243851]", "nit": "29", "callback": [0.6920269016975344, 0.6673175104850912, 0.6205556007894869, 0.5918400722376627, 0.5087608594926931, 0.4763730311037968, 0.4689570819560094, 0.4611852696506331, 0.4582985519306997, 0.4564175665562462, 0.454647279198082, 0.4536559469936243, 0.45334266902703213, 0.45329706562581684, 0.45328424269667267, 0.4532796871960688, 0.4532793001778549, 0.4532792838158173, 0.45327928236305104, 0.4532792815820582, 0.4532792813302682, 0.4532792813203739, 0.4532792813089135, 0.45327928130031025, 0.4532792812987343, 0.4532792812983939, 0.45327928129820116, 0.4532792812981614, 0.4532792812980557]}, "8": {"maxiter": 500, "gtol": 1e-05, "xrtol": 1e-05, "eps": 1e-05, "duration": 0.12829041481018066, "fun": "0.4532792823326637", "jac": "[-1.45050416e-05  1.00593867e-05  2.70187206e-06 -1.35952805e-05\n -7.67984565e-06 -2.19491092e-06]", "hess_inv": "[[ 3.62639027  2.05338675 -0.11105292 -1.56573684  0.93163689 -1.34522507]\n [ 2.05338675 10.30617327 -4.33795516  1.75620612  4.29308612 -4.94035324]\n [-0.11105292 -4.33795516  6.99260668 -1.8870712   0.73022009  0.60014093]\n [-1.56573684  1.75620612 -1.8870712   3.9545246  -0.4006712  -0.58047945]\n [ 0.93163689  4.29308612  0.73022009 -0.4006712   6.76747611 -3.92806226]\n [-1.34522507 -4.94035324  0.60014093 -0.58047945 -3.92806226  6.89612171]]", "nfev": "168", "njev": "24", "status": "0", "success": "True", "message": "Optimization terminated successfully.", "x": "[ 5.37387827  4.09544222  1.58140184 -1.40480956  0.39432386  1.39241898]", "nit": "19", "callback": [0.6920266109023234, 0.6673161179032026, 0.6205531814770496, 0.5918394922203364, 0.5087600875389404, 0.4763716582580262, 0.46895584284746716, 0.46118442989522945, 0.4582980978300697, 0.45641705610933125, 0.45464709433008044, 0.45365586539749114, 0.4533427027526944, 0.4532970492036099, 0.45328423493984116, 0.4532796817723006, 0.4532792996157724, 0.45327928381492455, 0.4532792823326637]}, "9": {"maxiter": 500, "gtol": 1e-05, "xrtol": 1e-05, "eps": 1e-10, "duration": 0.20644760131835938, "fun": "0.4532792815820582", "jac": "[-3.33066880e-06  2.22044587e-06 -1.11022293e-06 -8.88178346e-06\n -6.66133760e-06 -3.33066880e-06]", "hess_inv": "[[ 4.32797968  0.83651837 -0.12829791 -1.40648136  0.26848449 -0.94308153]\n [ 0.83651837 10.12640155 -4.51240928  1.60730589  3.28089235 -4.77996823]\n [-0.12829791 -4.51240928  6.71085315 -1.92468526  0.42510064  0.65071072]\n [-1.40648136  1.60730589 -1.92468526  3.99633226 -0.4810351  -0.54274914]\n [ 0.26848449  3.28089235  0.42510064 -0.4810351   5.31875756 -3.5123786 ]\n [-0.94308153 -4.77996823  0.65071072 -0.54274914 -3.5123786   6.78573563]]", "nfev": "175", "njev": "25", "status": "0", "success": "True", "message": "Optimization terminated successfully.", "x": "[ 5.37392117  4.09539782  1.58141482 -1.40480044  0.39432088  1.39243056]", "nit": "20", "callback": [0.6920269016975344, 0.6673175104850912, 0.6205556007894869, 0.5918400722376627, 0.5087608594926931, 0.4763730311037968, 0.4689570819560094, 0.4611852696506331, 0.4582985519306997, 0.4564175665562462, 0.454647279198082, 0.4536559469936243, 0.45334266902703213, 0.45329706562581684, 0.45328424269667267, 0.4532796871960688, 0.4532793001778549, 0.4532792838158173, 0.45327928236305104, 0.4532792815820582]}, "10": {"maxiter": 500, "gtol": 1e-05, "xrtol": 1e-10, "eps": 1e-05, "duration": 0.23075389862060547, "fun": "0.4532792814364299", "jac": "[-1.80886417e-06  4.94659869e-07 -9.98334748e-07 -3.09586801e-06\n -4.03349576e-06 -2.53430610e-06]", "hess_inv": "[[ 4.27926473  1.35891443 -0.03828156 -1.04613818  1.03092584 -1.11388432]\n [ 1.35891443 11.04483112 -4.41103358  1.20679952  4.19377897 -5.18600546]\n [-0.03828156 -4.41103358  6.70188026 -2.0568092   0.3058922   0.59635796]\n [-1.04613818  1.20679952 -2.0568092   4.19462753 -0.65333386 -0.41888944]\n [ 1.03092584  4.19377897  0.3058922  -0.65333386  6.1482225  -3.93596078]\n [-1.11388432 -5.18600546  0.59635796 -0.41888944 -3.93596078  6.97516968]]", "nfev": "175", "njev": "25", "status": "0", "success": "True", "message": "Optimization terminated successfully.", "x": "[ 5.37391803  4.09539997  1.58140325 -1.40478022  0.39432549  1.39243277]", "nit": "20", "callback": [0.6920266109023234, 0.6673161179032026, 0.6205531814770496, 0.5918394922203364, 0.5087600875389404, 0.4763716582580262, 0.46895584284746716, 0.46118442989522945, 0.4582980978300697, 0.45641705610933125, 0.45464709433008044, 0.45365586539749114, 0.4533427027526944, 0.4532970492036099, 0.45328423493984116, 0.4532796817723006, 0.4532792996157724, 0.45327928381492455, 0.4532792823326637, 0.4532792814364299]}, "11": {"maxiter": 500, "gtol": 1e-05, "xrtol": 1e-10, "eps": 1e-10, "duration": 0.13384151458740234, "fun": "0.4532792815820582", "jac": "[-3.33066880e-06  2.22044587e-06 -1.11022293e-06 -8.88178346e-06\n -6.66133760e-06 -3.33066880e-06]", "hess_inv": "[[ 4.32797968  0.83651837 -0.12829791 -1.40648136  0.26848449 -0.94308153]\n [ 0.83651837 10.12640155 -4.51240928  1.60730589  3.28089235 -4.77996823]\n [-0.12829791 -4.51240928  6.71085315 -1.92468526  0.42510064  0.65071072]\n [-1.40648136  1.60730589 -1.92468526  3.99633226 -0.4810351  -0.54274914]\n [ 0.26848449  3.28089235  0.42510064 -0.4810351   5.31875756 -3.5123786 ]\n [-0.94308153 -4.77996823  0.65071072 -0.54274914 -3.5123786   6.78573563]]", "nfev": "175", "njev": "25", "status": "0", "success": "True", "message": "Optimization terminated successfully.", "x": "[ 5.37392117  4.09539782  1.58141482 -1.40480044  0.39432088  1.39243056]", "nit": "20", "callback": [0.6920269016975344, 0.6673175104850912, 0.6205556007894869, 0.5918400722376627, 0.5087608594926931, 0.4763730311037968, 0.4689570819560094, 0.4611852696506331, 0.4582985519306997, 0.4564175665562462, 0.454647279198082, 0.4536559469936243, 0.45334266902703213, 0.45329706562581684, 0.45328424269667267, 0.4532796871960688, 0.4532793001778549, 0.4532792838158173, 0.45327928236305104, 0.4532792815820582]}, "12": {"maxiter": 500, "gtol": 1e-10, "xrtol": 1e-05, "eps": 1e-05, "duration": 0.14093732833862305, "fun": "0.4532792823326637", "jac": "[-1.45050416e-05  1.00593867e-05  2.70187206e-06 -1.35952805e-05\n -7.67984565e-06 -2.19491092e-06]", "hess_inv": "[[ 3.62639027  2.05338675 -0.11105292 -1.56573684  0.93163689 -1.34522507]\n [ 2.05338675 10.30617327 -4.33795516  1.75620612  4.29308612 -4.94035324]\n [-0.11105292 -4.33795516  6.99260668 -1.8870712   0.73022009  0.60014093]\n [-1.56573684  1.75620612 -1.8870712   3.9545246  -0.4006712  -0.58047945]\n [ 0.93163689  4.29308612  0.73022009 -0.40