{"conf_id": 35, "data_type": "random\n", "num_data_points": 2, "s_rank": 0, "unitary": "[[-0.45070455-0.02711853j,0.78437395-0.06613086j,0.06358678+0.19963393j,-0.07343613+0.35668523j],[-0.01890143-0.03813363j,0.32408202+0.25557629j,0.05872864-0.68979805j,0.55466693-0.20227297j],[-0.11215405+0.64023111j,-0.13344055+0.29565494j,-0.49012687-0.19046288j,-0.04241254+0.44046348j],[0.55771659+0.24656916j,0.31851997-0.05798805j,0.28761525-0.34294258j,-0.56718418+0.03616933j]]", "databatch_0": {"databatch": "[[[-0.09673153-0.37403889j,-0.13717685+0.40861101j,-0.4519617+0.20422622j,-0.05678061-0.15832958j],[-0.18253358-0.16815429j,0.07680538+0.01423643j,0.06495714+0.20927112j,-0.23825531+0.05521254j],[-0.00131093+0.11115078j,0.10560945+0.05357694j,-0.06764513+0.08776667j,0.04151145-0.07720278j],[0.09263389-0.20215133j,-0.2422616-0.11991805j,0.01754295-0.17354248j,-0.08379066+0.09411836j]],[[-0.31400547+0.36576343j,0.02712821-0.15779332j,0.28910325+0.10557643j,0.0520856-0.08311787j],[-0.11331277+0.07404078j,-0.13446128-0.05902996j,0.03460871+0.07375587j,-0.01852924-0.19929978j],[-0.01337887-0.14096713j,-0.3246355+0.00337588j,-0.08279969+0.02279393j,-0.48428981-0.06765537j],[0.07538681+0.21925242j,-0.0335792+0.07428788j,0.26978625-0.14114186j,-0.15790616-0.03265317j]]]", "nelder_mead": {"0": {"maxiter": 100, "fatol": 1e-05, "xatol": 1e-05, "duration": 0.032473087310791016, "fun": "0.4019450843334198", "nit": "100", "nfev": "156", "status": "2", "success": "False", "message": "Maximum number of iterations has been exceeded.", "x": "[4.85221595 4.29812366 3.99687967 3.88784563 0.75771045 1.76750423]", "final_simplex": "(array([[4.85221595, 4.29812366, 3.99687967, 3.88784563, 0.75771045,\n        1.76750423],\n       [4.75828959, 4.27238013, 4.027412  , 3.91956893, 0.76468246,\n        1.7593551 ],\n       [4.74018169, 4.30470823, 4.01046287, 3.82710932, 0.78862644,\n        1.83766929],\n       [4.70502981, 4.21439278, 3.99287761, 3.82042284, 0.87666164,\n        1.83240994],\n       [4.81770055, 4.29969488, 4.00787421, 3.9041822 , 0.7761226 ,\n        1.69516067],\n       [4.78121587, 4.30982691, 4.06909584, 3.85592706, 0.78763173,\n        1.72469093],\n       [4.76812854, 4.29125783, 4.08790754, 3.84229431, 0.78957588,\n        1.74464913]]), array([0.40194508, 0.402257  , 0.4029628 , 0.40386656, 0.40403906,\n       0.40414873, 0.40428129]))"}, "1": {"maxiter": 100, "fatol": 1e-05, "xatol": 1e-10, "duration": 0.03256416320800781, "fun": "0.4019450843334198", "nit": "100", "nfev": "156", "status": "2", "success": "False", "message": "Maximum number of iterations has been exceeded.", "x": "[4.85221595 4.29812366 3.99687967 3.88784563 0.75771045 1.76750423]", "final_simplex": "(array([[4.85221595, 4.29812366, 3.99687967, 3.88784563, 0.75771045,\n        1.76750423],\n       [4.75828959, 4.27238013, 4.027412  , 3.91956893, 0.76468246,\n        1.7593551 ],\n       [4.74018169, 4.30470823, 4.01046287, 3.82710932, 0.78862644,\n        1.83766929],\n       [4.70502981, 4.21439278, 3.99287761, 3.82042284, 0.87666164,\n        1.83240994],\n       [4.81770055, 4.29969488, 4.00787421, 3.9041822 , 0.7761226 ,\n        1.69516067],\n       [4.78121587, 4.30982691, 4.06909584, 3.85592706, 0.78763173,\n        1.72469093],\n       [4.76812854, 4.29125783, 4.08790754, 3.84229431, 0.78957588,\n        1.74464913]]), array([0.40194508, 0.402257  , 0.4029628 , 0.40386656, 0.40403906,\n       0.40414873, 0.40428129]))"}, "2": {"maxiter": 100, "fatol": 1e-10, "xatol": 1e-05, "duration": 0.03199291229248047, "fun": "0.4019450843334198", "nit": "100", "nfev": "156", "status": "2", "success": "False", "message": "Maximum number of iterations has been exceeded.", "x": "[4.85221595 4.29812366 3.99687967 3.88784563 0.75771045 1.76750423]", "final_simplex": "(array([[4.85221595, 4.29812366, 3.99687967, 3.88784563, 0.75771045,\n        1.76750423],\n       [4.75828959, 4.27238013, 4.027412  , 3.91956893, 0.76468246,\n        1.7593551 ],\n       [4.74018169, 4.30470823, 4.01046287, 3.82710932, 0.78862644,\n        1.83766929],\n       [4.70502981, 4.21439278, 3.99287761, 3.82042284, 0.87666164,\n        1.83240994],\n       [4.81770055, 4.29969488, 4.00787421, 3.9041822 , 0.7761226 ,\n        1.69516067],\n       [4.78121587, 4.30982691, 4.06909584, 3.85592706, 0.78763173,\n        1.72469093],\n       [4.76812854, 4.29125783, 4.08790754, 3.84229431, 0.78957588,\n        1.74464913]]), array([0.40194508, 0.402257  , 0.4029628 , 0.40386656, 0.40403906,\n       0.40414873, 0.40428129]))"}, "3": {"maxiter": 100, "fatol": 1e-10, "xatol": 1e-10, "duration": 0.03220367431640625, "fun": "0.4019450843334198", "nit": "100", "nfev": "156", "status": "2", "success": "False", "message": "Maximum number of iterations has been exceeded.", "x": "[4.85221595 4.29812366 3.99687967 3.88784563 0.75771045 1.76750423]", "final_simplex": "(array([[4.85221595, 4.29812366, 3.99687967, 3.88784563, 0.75771045,\n        1.76750423],\n       [4.75828959, 4.27238013, 4.027412  , 3.91956893, 0.76468246,\n        1.7593551 ],\n       [4.74018169, 4.30470823, 4.01046287, 3.82710932, 0.78862644,\n        1.83766929],\n       [4.70502981, 4.21439278, 3.99287761, 3.82042284, 0.87666164,\n        1.83240994],\n       [4.81770055, 4.29969488, 4.00787421, 3.9041822 , 0.7761226 ,\n        1.69516067],\n       [4.78121587, 4.30982691, 4.06909584, 3.85592706, 0.78763173,\n        1.72469093],\n       [4.76812854, 4.29125783, 4.08790754, 3.84229431, 0.78957588,\n        1.74464913]]), array([0.40194508, 0.402257  , 0.4029628 , 0.40386656, 0.40403906,\n       0.40414873, 0.40428129]))"}, "4": {"maxiter": 500, "fatol": 1e-05, "xatol": 1e-05, "duration": 0.09932398796081543, "fun": "0.37473276257514954", "nit": "284", "nfev": "490", "status": "0", "success": "True", "message": "Optimization terminated successfully.", "x": "[5.0298308  4.42566555 3.52861984 4.36013043 0.83813491 2.31753441]", "final_simplex": "(array([[5.0298308 , 4.42566555, 3.52861984, 4.36013043, 0.83813491,\n        2.31753441],\n       [5.02983056, 4.42566176, 3.52862176, 4.36012959, 0.83813741,\n        2.3175341 ],\n       [5.02983165, 4.4256656 , 3.52862363, 4.360126  , 0.83813568,\n        2.31753258],\n       [5.02983277, 4.42566613, 3.52862101, 4.36013081, 0.83813568,\n        2.31753547],\n       [5.02983048, 4.42566479, 3.5286246 , 4.36012561, 0.83813757,\n        2.3175339 ],\n       [5.02983   , 4.42566458, 3.52862507, 4.36012773, 0.83813579,\n        2.31753247],\n       [5.02983239, 4.42566476, 3.52862182, 4.360129  , 0.83813553,\n        2.31753493]]), array([0.37473276, 0.37473276, 0.37473276, 0.37473276, 0.37473276,\n       0.37473276, 0.37473276]))"}, "5": {"maxiter": 500, "fatol": 1e-05, "xatol": 1e-10, "duration": 0.12517404556274414, "fun": "0.37473276257514954", "nit": "300", "nfev": "618", "status": "0", "success": "True", "message": "Optimization terminated successfully.", "x": "[5.0298308  4.42566555 3.52861984 4.36013043 0.83813491 2.31753441]", "final_simplex": "(array([[5.0298308 , 4.42566555, 3.52861984, 4.36013043, 0.83813491,\n        2.31753441],\n       [5.0298308 , 4.42566555, 3.52861984, 4.36013043, 0.83813491,\n        2.31753441],\n       [5.0298308 , 4.42566555, 3.52861984, 4.36013043, 0.83813491,\n        2.31753441],\n       [5.0298308 , 4.42566555, 3.52861984, 4.36013043, 0.83813491,\n        2.31753441],\n       [5.0298308 , 4.42566555, 3.52861984, 4.36013043, 0.83813491,\n        2.31753441],\n       [5.0298308 , 4.42566555, 3.52861984, 4.36013043, 0.83813491,\n        2.31753441],\n       [5.0298308 , 4.42566555, 3.52861984, 4.36013043, 0.83813491,\n        2.31753441]]), array([0.37473276, 0.37473276, 0.37473276, 0.37473276, 0.37473276,\n       0.37473276, 0.37473276]))"}, "6": {"maxiter": 500, "fatol": 1e-10, "xatol": 1e-05, "duration": 0.10054707527160645, "fun": "0.37473276257514954", "nit": "284", "nfev": "490", "status": "0", "success": "True", "message": "Optimization terminated successfully.", "x": "[5.0298308  4.42566555 3.52861984 4.36013043 0.83813491 2.31753441]", "final_simplex": "(array([[5.0298308 , 4.42566555, 3.52861984, 4.36013043, 0.83813491,\n        2.31753441],\n       [5.02983056, 4.42566176, 3.52862176, 4.36012959, 0.83813741,\n        2.3175341 ],\n       [5.02983165, 4.4256656 , 3.52862363, 4.360126  , 0.83813568,\n        2.31753258],\n       [5.02983277, 4.42566613, 3.52862101, 4.36013081, 0.83813568,\n        2.31753547],\n       [5.02983048, 4.42566479, 3.5286246 , 4.36012561, 0.83813757,\n        2.3175339 ],\n       [5.02983   , 4.42566458, 3.52862507, 4.36012773, 0.83813579,\n        2.31753247],\n       [5.02983239, 4.42566476, 3.52862182, 4.360129  , 0.83813553,\n        2.31753493]]), array([0.37473276, 0.37473276, 0.37473276, 0.37473276, 0.37473276,\n       0.37473276, 0.37473276]))"}, "7": {"maxiter": 500, "fatol": 1e-10, "xatol": 1e-10, "duration": 0.12574505805969238, "fun": "0.37473276257514954", "nit": "300", "nfev": "618", "status": "0", "success": "True", "message": "Optimization terminated successfully.", "x": "[5.0298308  4.42566555 3.52861984 4.36013043 0.83813491 2.31753441]", "final_simplex": "(array([[5.0298308 , 4.42566555, 3.52861984, 4.36013043, 0.83813491,\n        2.31753441],\n       [5.0298308 , 4.42566555, 3.52861984, 4.36013043, 0.83813491,\n        2.31753441],\n       [5.0298308 , 4.42566555, 3.52861984, 4.36013043, 0.83813491,\n        2.31753441],\n       [5.0298308 , 4.42566555, 3.52861984, 4.36013043, 0.83813491,\n        2.31753441],\n       [5.0298308 , 4.42566555, 3.52861984, 4.36013043, 0.83813491,\n        2.31753441],\n       [5.0298308 , 4.42566555, 3.52861984, 4.36013043, 0.83813491,\n        2.31753441],\n       [5.0298308 , 4.42566555, 3.52861984, 4.36013043, 0.83813491,\n        2.31753441]]), array([0.37473276, 0.37473276, 0.37473276, 0.37473276, 0.37473276,\n       0.37473276, 0.37473276]))"}, "8": {"maxiter": 1000, "fatol": 1e-05, "xatol": 1e-05, "duration": 0.09911298751831055, "fun": "0.37473276257514954", "nit": "284", "nfev": "490", "status": "0", "success": "True", "message": "Optimization terminated successfully.", "x": "[5.0298308  4.42566555 3.52861984 4.36013043 0.83813491 2.31753441]", "final_simplex": "(array([[5.0298308 , 4.42566555, 3.52861984, 4.36013043, 0.83813491,\n        2.31753441],\n       [5.02983056, 4.42566176, 3.52862176, 4.36012959, 0.83813741,\n        2.3175341 ],\n       [5.02983165, 4.4256656 , 3.52862363, 4.360126  , 0.83813568,\n        2.31753258],\n       [5.02983277, 4.42566613, 3.52862101, 4.36013081, 0.83813568,\n        2.31753547],\n       [5.02983048, 4.42566479, 3.5286246 , 4.36012561, 0.83813757,\n        2.3175339 ],\n       [5.02983   , 4.42566458, 3.52862507, 4.36012773, 0.83813579,\n        2.31753247],\n       [5.02983239, 4.42566476, 3.52862182, 4.360129  , 0.83813553,\n        2.31753493]]), array([0.37473276, 0.37473276, 0.37473276, 0.37473276, 0.37473276,\n       0.37473276, 0.37473276]))"}, "9": {"maxiter": 1000, "fatol": 1e-05, "xatol": 1e-10, "duration": 0.12537407875061035, "fun": "0.37473276257514954", "nit": "300", "nfev": "618", "status": "0", "success": "True", "message": "Optimization terminated successfully.", "x": "[5.0298308  4.42566555 3.52861984 4.36013043 0.83813491 2.31753441]", "final_simplex": "(array([[5.0298308 , 4.42566555, 3.52861984, 4.36013043, 0.83813491,\n        2.31753441],\n       [5.0298308 , 4.42566555, 3.52861984, 4.36013043, 0.83813491,\n        2.31753441],\n       [5.0298308 , 4.42566555, 3.52861984, 4.36013043, 0.83813491,\n        2.31753441],\n       [5.0298308 , 4.42566555, 3.52861984, 4.36013043, 0.83813491,\n        2.31753441],\n       [5.0298308 , 4.42566555, 3.52861984, 4.36013043, 0.83813491,\n        2.31753441],\n       [5.0298308 , 4.42566555, 3.52861984, 4.36013043, 0.83813491,\n        2.31753441],\n       [5.0298308 , 4.42566555, 3.52861984, 4.36013043, 0.83813491,\n        2.31753441]]), array([0.37473276, 0.37473276, 0.37473276, 0.37473276, 0.37473276,\n       0.37473276, 0.37473276]))"}, "10": {"maxiter": 1000, "fatol": 1e-10, "xatol": 1e-05, "duration": 0.0999457836151123, "fun": "0.37473276257514954", "nit": "284", "nfev": "490", "status": "0", "success": "True", "message": "Optimization terminated successfully.", "x": "[5.0298308  4.42566555 3.52861984 4.36013043 0.83813491 2.31753441]", "final_simplex": "(array([[5.0298308 , 4.42566555, 3.52861984, 4.36013043, 0.83813491,\n        2.31753441],\n       [5.02983056, 4.42566176, 3.52862176, 4.36012959, 0.83813741,\n        2.3175341 ],\n       [5.02983165, 4.4256656 , 3.52862363, 4.360126  , 0.83813568,\n        2.31753258],\n       [5.02983277, 4.42566613, 3.52862101, 4.36013081, 0.83813568,\n        2.31753547],\n       [5.02983048, 4.42566479, 3.5286246 , 4.36012561, 0.83813757,\n        2.3175339 ],\n       [5.02983   , 4.42566458, 3.52862507, 4.36012773, 0.83813579,\n        2.31753247],\n       [5.02983239, 4.42566476, 3.52862182, 4.360129  , 0.83813553,\n        2.31753493]]), array([0.37473276, 0.37473276, 0.37473276, 0.37473276, 0.37473276,\n       0.37473276, 0.37473276]))"}, "11": {"maxiter": 1000, "fatol": 1e-10, "xatol": 1e-10, "duration": 0.12683510780334473, "fun": "0.37473276257514954", "nit": "300", "nfev": "618", "status": "0", "success": "True", "message": "Optimization terminated successfully.", "x": "[5.0298308  4.42566555 3.52861984 4.36013043 0.83813491 2.31753441]", "final_simplex": "(array([[5.0298308 , 4.42566555, 3.52861984, 4.36013043, 0.83813491,\n        2.31753441],\n       [5.0298308 , 4.42566555, 3.52861984, 4.36013043, 0.83813491,\n        2.31753441],\n       [5.0298308 , 4.42566555, 3.52861984, 4.36013043, 0.83813491,\n        2.31753441],\n       [5.0298308 , 4.42566555, 3.52861984, 4.36013043, 0.83813491,\n        2.31753441],\n       [5.0298308 , 4.42566555, 3.52861984, 4.36013043, 0.83813491,\n        2.31753441],\n       [5.0298308 , 4.42566555, 3.52861984, 4.36013043, 0.83813491,\n        2.31753441],\n       [5.0298308 , 4.42566555, 3.52861984, 4.36013043, 0.83813491,\n        2.31753441]]), array([0.37473276, 0.37473276, 0.37473276, 0.37473276, 0.37473276,\n       0.37473276, 0.37473276]))"}}, "bfgs": {"0": {"maxiter": 100, "gtol": 1e-05, "xrtol": 1e-05, "eps": 1e-05, "duration": 99.06547713279724, "fun": "0.37474825978279114", "jac": "[0. 0. 0. 0. 0. 0.]", "hess_inv": "[[ 3.66878841  0.17204768 -0.11648888  0.81621694 -0.27176677  0.23979889]\n [ 0.17204768  3.92892683 -1.8768511   0.92854739 -2.13594881  0.42324526]\n [-0.11648888 -1.8768511   7.07152731 -2.89251897  3.59447136 -0.48084666]\n [ 0.81621694  0.92854739 -2.89251897  3.59369172 -2.32138591  0.32090784]\n [-0.27176677 -2.13594881  3.59447136 -2.32138591  5.25023066  0.03914824]\n [ 0.23979889  0.42324526 -0.48084666  0.32090784  0.03914824  3.46502496]]", "nfev": "168", "njev": "24", "status": "0", "success": "True", "message": "Optimization terminated successfully.", "x": "[5.03223316 4.4188859  3.54018247 4.36373756 0.84576313 2.31461609]", "nit": "20"}, "1": {"maxiter": 100, "gtol": 1e-05, "xrtol": 1e-05, "eps": 1e-10, "duration": 0.0018129348754882812, "fun": "0.9129346013069153", "jac": "[0. 0. 0. 0. 0. 0.]", "hess_inv": "[[1 0 0 0 0 0]\n [0 1 0 0 0 0]\n [0 0 1 0 0 0]\n [0 0 0 1 0 0]\n [0 0 0 0 1 0]\n [0 0 0 0 0 1]]", "nfev": "7", "njev": "1", "status": "0", "success": "True", "message": "Optimization terminated successfully.", "x": "[5.63636943 2.36991502 3.82827758 2.96117257 1.98340996 2.66081819]", "nit": "0"}, "2": {"maxiter": 100, "gtol": 1e-05, "xrtol": 1e-10, "eps": 1e-05, "duration": 0.048477888107299805, "fun": "0.37474825978279114", "jac": "[0. 0. 0. 0. 0. 0.]", "hess_inv": "[[ 3.66878841  0.17204768 -0.11648888  0.81621694 -0.27176677  0.23979889]\n [ 0.17204768  3.92892683 -1.8768511   0.92854739 -2.13594881  0.42324526]\n [-0.11648888 -1.8768511   7.07152731 -2.89251897  3.59447136 -0.48084666]\n [ 0.81621694  0.92854739 -2.89251897  3.59369172 -2.32138591  0.32090784]\n [-0.27176677 -2.13594881  3.59447136 -2.32138591  5.25023066  0.03914824]\n [ 0.23979889  0.42324526 -0.48084666  0.32090784  0.03914824  3.46502496]]", "nfev": "168", "njev": "24", "status": "0", "success": "True", "message": "Optimization terminated successfully.", "x": "[5.03223316 4.4188859  3.54018247 4.36373756 0.84576313 2.31461609]", "nit": "20"}, "3": {"maxiter": 100, "gtol": 1e-05, "xrtol": 1e-10, "eps": 1e-10, "duration": 0.001744985580444336, "fun": "0.9129346013069153", "jac": "[0. 0. 0. 0. 0. 0.]", "hess_inv": "[[1 0 0 0 0 0]\n [0 1 0 0 0 0]\n [0 0 1 0 0 0]\n [0 0 0 1 0 0]\n [0 0 0 0 1 0]\n [0 0 0 0 0 1]]", "nfev": "7", "njev": "1", "status": "0", "success": "True", "message": "Optimization terminated successfully.", "x": "[5.63636943 2.36991502 3.82827758 2.96117257 1.98340996 2.66081819]", "nit": "0"}, "4": {"maxiter": 100, "gtol": 1e-10, "xrtol": 1e-05, "eps": 1e-05, "duration": 0.03938102722167969, "fun": "0.37474825978279114", "jac": "[0. 0. 0. 0. 0. 0.]", "hess_inv": "[[ 3.66878841  0.17204768 -0.11648888  0.81621694 -0.27176677  0.23979889]\n [ 0.17204768  3.92892683 -1.8768511   0.92854739 -2.13594881  0.42324526]\n [-0.11648888 -1.8768511   7.07152731 -2.89251897  3.59447136 -0.48084666]\n [ 0.81621694  0.92854739 -2.89251897  3.59369172 -2.32138591  0.32090784]\n [-0.27176677 -2.13594881  3.59447136 -2.32138591  5.25023066  0.03914824]\n [ 0.23979889  0.42324526 -0.48084666  0.32090784  0.03914824  3.46502496]]", "nfev": "168", "njev": "24", "status": "0", "success": "True", "message": "Optimization terminated successfully.", "x": "[5.03223316 4.4188859  3.54018247 4.36373756 0.84576313 2.31461609]", "nit": "20"}, "5": {"maxiter": 100, "gtol": 1e-10, "xrtol": 1e-05, "eps": 1e-10, "duration": 0.0013875961303710938, "fun": "0.9129346013069153", "jac": "[0. 0. 0. 0. 0. 0.]", "hess_inv": "[[1 0 0 0 0 0]\n [0 1 0 0 0 0]\n [0 0 1 0 0 0]\n [0 0 0 1 0 0]\n [0 0 0 0 1 0]\n [0 0 0 0 0 1]]", "nfev": "7", "njev": "1", "status": "0", "success": "True", "message": "Optimization terminated successfully.", "x": "[5.63636943 2.36991502 3.82827758 2.96117257 1.98340996 2.66081819]", "nit": "0"}, "6": {"maxiter": 100, "gtol": 1e-10, "xrtol": 1e-10, "eps": 1e-05, "duration": 0.03517913818359375, "fun": "0.37474825978279114", "jac": "[0. 0. 0. 0. 0. 0.]", "hess_inv": "[[ 3.66878841  0.17204768 -0.11648888  0.81621694 -0.27176677  0.23979889]\n [ 0.17204768  3.92892683 -1.8768511   0.92854739 -2.13594881  0.42324526]\n [-0.11648888 -1.8768511   7.07152731 -2.89251897  3.59447136 -0.48084666]\n [ 0.81621694  0.92854739 -2.89251897  3.59369172 -2.32138591  0.32090784]\n [-0.27176677 -2.13594881  3.59447136 -2.32138591  5.25023066  0.03914824]\n [ 0.23979889  0.42324526 -0.48084666  0.32090784  0.03914824  3.46502496]]", "nfev": "168", "njev": "24", "status": "0", "success": "True", "message": "Optimization terminated successfully.", "x": "[5.03223316 4.4188859  3.54018247 4.36373756 0.84576313 2.31461609]", "nit": "20"}, "7": {"maxiter": 100, "gtol": 1e-10, "xrtol": 1e-10, "eps": 1e-10, "duration": 0.0016798973083496094, "fun": "0.9129346013069153", "jac": "[0. 0. 0. 0. 0. 0.]", "hess_inv": "[[1 0 0 0 0 0]\n [0 1 0 0 0 0]\n [0 0 1 0 0 0]\n [0 0 0 1 0 0]\n [0 0 0 0 1 0]\n [0 0 0 0 0 1]]", "nfev": "7", "njev": "1", "status": "0", "success": "True", "message": "Optimization terminated successfully.", "x": "[5.63636943 2.36991502 3.82827758 2.96117257 1.98340996 2.66081819]", "nit": "0"}, "8": {"maxiter": 500, "gtol": 1e-05, "xrtol": 1e-05, "eps": 1e-05, "duration": 0.03597092628479004, "fun": "0.37474825978279114", "jac": "[0. 0. 0. 0. 0. 0.]", "hess_inv": "[[ 3.66878841  0.17204768 -0.11648888  0.81621694 -0.27176677  0.23979889]\n [ 0.17204768  3.92892683 -1.8768511   0.92854739 -2.13594881  0.42324526]\n [-0.11648888 -1.8768511   7.07152731 -2.89251897  3.59447136 -0.48084666]\n [ 0.81621694  0.92854739 -2.89251897  3.59369172 -2.32138591  0.32090784]\n [-0.27176677 -2.13594881  3.59447136 -2.32138591  5.25023066  0.03914824]\n [ 0.23979889  0.42324526 -0.48084666  0.32090784  0.03914824  3.46502496]]", "nfev": "168", "njev": "24", "status": "0", "success": "True", "message": "Optimization terminated successfully.", "x": "[5.03223316 4.4188859  3.54018247 4.36373756 0.84576313 2.31461609]", "nit": "20"}, "9": {"maxiter": 500, "gtol": 1e-05, "xrtol": 1e-05, "eps": 1e-10, "duration": 0.0015411376953125, "fun": "0.9129346013069153", "jac": "[0. 0. 0. 0. 0. 0.]", "hess_inv": "[[1 0 0 0 0 0]\n [0 1 0 0 0 0]\n [0 0 1 0 0 0]\n [0 0 0 1 0 0]\n [0 0 0 0 1 0]\n [0 0 0 0 0 1]]", "nfev": "7", "njev": "1", "status": "0", "success": "True", "message": "Optimization terminated successfully.", "x": "[5.63636943 2.36991502 3.82827758 2.96117257 1.98340996 2.66081819]", "nit": "0"}, "10": {"maxiter": 500, "gtol": 1e-05, "xrtol": 1e-10, "eps": 1e-05, "duration": 0.035698890686035156, "fun": "0.37474825978279114", "jac": "[0. 0. 0. 0. 0. 0.]", "hess_inv": "[[ 3.66878841  0.17204768 -0.11648888  0.81621694 -0.27176677  0.23979889]\n [ 0.17204768  3.92892683 -1.8768511   0.92854739 -2.13594881  0.42324526]\n [-0.11648888 -1.8768511   7.07152731 -2.89251897  3.59447136 -0.48084666]\n [ 0.81621694  0.92854739 -2.89251897  3.59369172 -2.32138591  0.32090784]\n [-0.27176677 -2.13594881  3.59447136 -2.32138591  5.25023066  0.03914824]\n [ 0.23979889  0.42324526 -0.48084666  0.32090784  0.03914824  3.46502496]]", "nfev": "168", "njev": "24", "status": "0", "success": "True", "message": "Optimization terminated successfully.", "x": "[5.03223316 4.4188859  3.54018247 4.36373756 0.84576313 2.31461609]", "nit": "20"}, "11": {"maxiter": 500, "gtol": 1e-05, "xrtol": 1e-10, "eps": 1e-10, "duration": 0.0013840198516845703, "fun": "0.9129346013069153", "jac": "[0. 0. 0. 0. 0. 0.]", "hess_inv": "[[1 0 0 0 0 0]\n [0 1 0 0 0 0]\n [0 0 1 0 0 0]\n [0 0 0 1 0 0]\n [0 0 0 0 1 0]\n [0 0 0 0 0 1]]", "nfev": "7", "njev": "1", "status": "0", "success": "True", "message": "Optimization terminated successfully.", "x": "[5.63636943 2.36991502 3.82827758 2.96117257 1.98340996 2.66081819]", "nit": "0"}, "12": {"maxiter": 500, "gtol": 1e-10, "xrtol": 1e-05, "eps": 1e-05, "duration": 0.03695511817932129, "fun": "0.37474825978279114", "jac": "[0. 0. 0. 0. 0. 0.]", "hess_inv": "[[ 3.66878841  0.17204768 -0.11648888  0.81621694 -0.27176677  0.23979889]\n [ 0.17204768  3.92892683 -1.8768511   0.92854739 -2.13594881  0.42324526]\n [-0.11648888 -1.8768511   7.07152731 -2.89251897  3.59447136 -0.48084666]\n [ 0.81621694  0.92854739 -2.89251897  3.59369172 -2.32138591  0.32090784]\n [-0.27176677 -2.13594881  3.59447136 -2.32138591  5.25023066  0.03914824]\n [ 0.23979889  0.42324526 -0.48084666  0.32090784  0.03914824  3.46502496]]", "nfev": "168", "njev": "24", "status": "0", "success": "True", "message": "Optimization terminated successfully.", "x": "[5.03223316 4.4188859  3.54018247 4.36373756 0.84576313 2.31461609]", "nit": "20"}, "13": {"maxiter": 500, "gtol": 1e-10, "xrtol": 1e-05, "eps": 1e-10, "duration": 0.001730203628540039, "fun": "0.9129346013069153", "jac": "[0. 0. 0. 0. 0. 0.]", "hess_inv": "[[1 0 0 0 0 0]\n [0 1 0 0 0 0]\n [0 0 1 0 0 0]\n [0 0 0 1 0 0]\n [0 0 0 0 1 0]\n [0 0 0 0 0 1]]", "nfev": "7", "njev": "1", "status": "0", "success": "True", "message": "Optimization terminated successfully.", "x": "[5.63636943 2.36991502 3.82827758 2.96117257 1.98340996 2.66081819]", "nit": "0"}, "14": {"maxiter": 500, "gtol": 1e-10, "xrtol": 1e-10, "eps": 1e-05, "duration": 0.03996634483337402, "fun": "0.37474825978279114", "jac": "[0. 0. 0. 0. 0. 0.]", "hess_inv": "[[ 3.66878841  0.17204768 -0.11648888  0.81621694 -0.27176677  0.23979889]\n [ 0.17204768  3.92892683 -1.8768511   0.92854739 -2.13594881  0.42324526]\n [-0.11648888 -1.8768511   7.07152731 -2.89251897  3.59447136 -0.48084666]\n [ 0.81621694  0.92854739 -2.89251897  3.59369172 -2.32138591  0.32090784]\n [-0.27176677 -2.13594881  3.59447136 -2.32138591  5.25023066  0.03914824]\n [ 0.23979889  0.42324526 -0.48084666  0.32090784  0.03914824  3.46502496]]", "nfev": "168", "njev": "24", "status": "0", "success": "True", "message": "Optimization terminated successfully.", "x": "[5.03223316 4.4188859  3.54018247 4.36373756 0.84576313 2.31461609]", "nit": "20"}, "15": {"maxiter": 500, "gtol": 1e-10, "xrtol": 1e-10, "eps": 1e-10, "duration": 0.001461029052734375, "fun": "0.9129346013069153", "jac": "[0. 0. 0. 0. 0. 0.]", "hess_inv": "[[1 0 0 0 0 0]\n [0 1 0 0 0 0]\n [0 0 1 0 0 0]\n [0 0 0 1 0 0]\n [0 0 0 0 1 0]\n [0 0 0 0 0 1]]", "nfev": "7", "njev": "1", "status": "0", "success": "True", "message": "Optimization terminated successfully.", "x": "[5.63636943 2.36991502 3.82827758 2.96117257 1.98340996 2.66081819]", "nit": "0"}, "16": {"maxiter": 1000, "gtol": 1e-05, "xrtol": 1e-05, "eps": 1e-05, "duration": 0.03652477264404297, "fun": "0.37474825978279114", "jac": "[0. 0. 0. 0. 0. 0.]", "hess_inv": "[[ 3.66878841  0.17204768 -0.11648888  0.81621694 -0.27176677  0.23979889]\n [ 0.17204768  3.92892683 -1.8768511   0.92854739 -2.13594881  0.42324526]\n [-0.11648888 -1.8768511   7.07152731 -2.89251897  3.59447136 -0.48084666]\n [ 0.81621694  0.92854739 -2.89251897  3.59369172 -2.32138591  0.32090784]\n [-0.27176677 -2.13594881  3.59447136 -2.32138591  5.25023066  0.03914824]\n [ 0.23979889  0.42324526 -0.48084666  0.32090784  0.03914824  3.46502496]]", "nfev": "168", "njev": "24", "status": "0", "success": "True", "message": "Optimization terminated successfully.", "x": "[5.03223316 4.4188859  3.54018247 4.36373756 0.84576313 2.31461609]", "nit": "20"}, "17": {"maxiter": 1000, "gtol": 1e-05, "xrtol": 1e-05, "eps": 1e-10, "duration": 0.0015859603881835938, "fun": "0.9129346013069153", "jac": "[0. 0. 0. 0. 0. 0.]", "hess_inv": "[[1 0 0 0 0 0]\n [0 1 0 0 0 0]\n [0 0 1 0 0 0]\n [0 0 0 1 0 0]\n [0 0 0 0 1 0]\n [0 0 0 0 0 1]]", "nfev": "7", "njev": "1", "status": "0", "success": "True", "message": "Optimization terminated successfully.", "x": "[5.63636943 2.36991502 3.82827758 2.96117257 1.98340996 2.66081819]", "nit": "0"}, "18": {"maxiter": 1000, "gtol": 1e-05, "xrtol": 1e-10, "eps": 1e-05, "duration": 0.035569190979003906, "fun": "0.37474825978279114", "jac": "[0. 0. 0. 0. 0. 0.]", "hess_inv": "[[ 3.66878841  0.17204768 -0.11648888  0.81621694 -0.27176677  0.23979889]\n [ 0.17204768  3.92892683 -1.8768511   0.92854739 -2.13594881  0.42324526]\n [-0.11648888 -1.8768511   7.07152731 -2.89251897  3.59447136 -0.48084666]\n [ 0.81621694  0.92854739 -2.89251897  3.59369172 -2.32138591  0.32090784]\n [-0.27176677 -2.13594881  3.59447136 -2.32138591  5.25023066  0.03914824]\n [ 0.23979889  0.42324526 -0.48084666  0.32090784  0.03914824  3.46502496]]", "nfev": "168", "njev": "24", "status": "0", "success": "True", "message": "Optimization terminated successfully.", "x": "[5.03223316 4.4188859  3.54018247 4.36373756 0.84576313 2.31461609]", "nit": "20"}, "19": {"maxiter": 1000, "gtol": 1e-05, "xrtol": 1e-10, "eps": 1e-10, "duration": 0.0013768672943115234, "fun": "0.9129346013069153", "jac": "[0. 0. 0. 0. 0. 0.]", "hess_inv": "[[1 0 0 0 0 0]\n [0 1 0 0 0 0]\n [0 0 1 0 0 0]\n [0 0 0 1 0 0]\n [0 0 0 0 1 0]\n [0 0 0 0 0 1]]", "nfev": "7", "njev": "1", "status": "0", "success": "True", "message": "Optimization terminated successfully.", "x": "[5.63636943 2.36991502 3.82827758 2.96117257 1.98340996 2.66081819]", "nit": "0"}, "20": {"maxiter": 1000, "gtol": 1e-10, "xrtol": 1e-05, "eps": 1e-05, "duration": 0.0330808162689209, "fun": "0.37474825978279114", "jac": "[0. 0. 0. 0. 0. 0.]", "hess_inv": "[[ 3.66878841  0.17204768 -0.11648888  0.81621694 -0.27176677  0.23979889]\n [ 0.17204768  3.92892683 -1.8768511   0.92854739 -2.13594881  0.42324526]\n [-0.11648888 -1.8768511   7.07152731 -2.89251897  3.59447136 -0.48084666]\n [ 0.81621694  0.92854739 -2.89251897  3.59369172 -2.32138591  0.32090784]\n [-0.27176677 -2.13594881  3.59447136 -2.32138591  5.25023066  0.03914824]\n [ 0.23979889  0.42324526 -0.48084666  0.32090784  0.03914824  3.46502496]]", "nfev": "168", "njev": "24", "status": "0", "success": "True", "message": "Optimization terminated successfully.", "x": "[5.03223316 4.4188859  3.54018247 4.36373756 0.84576313 2.31461609]", "nit": "20"}, "21": {"maxiter": 1000, "gtol": 1e-10, "xrtol": 1e-05, "eps": 1e-10, "duration": 0.0013442039489746094, "fun": "0.9129346013069153", "jac": "[0. 0. 0. 0. 0. 0.]", "hess_inv": "[[1 0 0 0 0 0]\n [0 1 0 0 0 0]\n [0 0 1 0 0 0]\n [0 0 0 1 0 0]\n [0 0 0 0 1 0]\n [0 0 0 0 0 1]]", "nfev": "7", "njev": "1", "status": "0", "success": "True", "message": "Optimization terminated successfully.", "x": "[5.63636943 2.36991502 3.82827758 2.96117257 1.98340996 2.66081819]", "nit": "0"}, "22": {"maxiter": 1000, "gtol": 1e-10, "xrtol": 1e-10, "eps": 1e-05, "duration": 0.034713029861450195, "fun": "0.37474825978279114", "jac": "[0. 0. 0. 0. 0. 0.]", "hess_inv": "[[ 3.66878841  0.17204768 -0.11648888  0.81621694 -0.27176677  0.23979889]\n [ 0.17204768  3.92892683 -1.8768511   0.92854739 -2.13594881  0.42324526]\n [-0.11648888 -1.8768511   7.07152731 -2.89251897  3.59447136 -0.48084666]\n [ 0.81621694  0.92854739 -2.89251897  3.59369172 -2.32138591  0.32090784]\n [-0.27176677 -2.13594881  3.59447136 -2.32138591  5.25023066  0.03914824]\n [ 0.23979889  0.42324526 -0.48084666  0.32090784  0.03914824  3.46502496]]", "nfev": "168", "njev": "24", "status": "0", "success": "True", "message": "Optimization terminated successfully.", "x": "[5.03223316 4.4188859  3.54018247 4.36373756 0.84576313 2.31461609]", "nit": "20"}, "23": {"maxiter": 1000, "gtol": 1e-10, "xrtol": 1e-10, "eps": 1e-10, "duration": 0.0014808177947998047, "fun": "0.9129346013069153", "jac": "[0. 0. 0. 0. 0. 0.]", "hess_inv": "[[1 0 0 0 0 0]\n [0 1 0 0 0 0]\n [0 0 1 0 0 0]\n [0 0 0 1 0 0]\n [0 0 0 0 1 0]\n [0 0 0 0 0 1]]", "nfev": "7", "njev": "1", "status": "0", "success": "True", "message": "Optimization terminated successfully.", "x": "[5.63636943 2.36991502 3.82827758 2.96117257 1.98340996 2.66081819]", "nit": "0"}}, "cobyla": {"0": {"maxiter": 100, "tol": 1e-05, "catol": 1e-05, "duration": 0.020320892333984375, "x": "[5.01386064 4.39947679 3.59041352 4.33269978 0.87451767 2.29650709]", "status": "2", "success": "False", "message": "Maximum number of function evaluations has been exceeded.", "nfev": "100", "fun": "0.37490907311439514", "maxcv": "0.0"}, "1": {"maxiter": 100, "tol": 1e-05, "catol": 1e-10, "duration": 0.02015209197998047, "x": "[5.01386064 4.39947679 3.59041352 4.33269978 0.87451767 2.29650709]", "status": "2", "success": "False", "message": "Maximum number of function evaluations has been exceeded.", "nfev": "100", "fun": "0.37490907311439514", "maxcv": "0.0"}, "2": {"maxiter": 100, "tol": 1e-10, "catol": 1e-05, "duration": 0.019711971282958984, "x": "[5.01386064 4.39947679 3.59041352 4.33269978 0.87451767 2.29650709]", "status": "2", "success": "False", "message": "Maximum number of function evaluations has been exceeded.", "nfev": "100", "fun": "0.37490907311439514", "maxcv": "0.0"}, "3": {"maxiter": 100, "tol": 1e-10, "catol": 1e-10, "duration": 0.019804000854492188, "x": "[5.01386064 4.39947679 3.59041352 4.33269978 0.87451767 2.29650709]", "status": "2", "success": "False", "message": "Maximum number of function evaluations has been exceeded.", "nfev": "100", "fun": "0.37490907311439514", "maxcv": "0.0"}, "4": {"maxiter": 500, "tol": 1e-05, "catol": 1e-05, "duration": 0.033911705017089844, "x": "[5.02945424 4.42461276 3.53127675 4.35890608 0.83978339 2.31660064]", "status": "1", "success": "True", "message": "Optimization terminated successfully.", "nfev": "195", "fun": "0.3747330605983734", "maxcv": "0.0"}, "5": {"maxiter": 500, "tol": 1e-05, "catol": 1e-10, "duration": 0.03619194030761719, "x": "[5.02945424 4.42461276 3.53127675 4.35890608 0.83978339 2.31660064]", "status": "1", "success": "True", "message": "Optimization terminated successfully.", "nfev": "195", "fun": "0.3747330605983734", "maxcv": "0.0"}, "6": {"maxiter": 500, "tol": 1e-10, "catol": 1e-05, "duration": 0.045394182205200195, "x": "[5.02945424 4.42461276 3.53127675 4.35890608 0.83978339 2.31660064]", "status": "1", "success": "True", "message": "Optimization terminated successfully.", "nfev": "230", "fun": "0.3747330605983734", "maxcv": "0.0"}, "7": {"maxiter": 500, "tol": 1e-10, "catol": 1e-10, "duration": 0.046176910400390625, "x": "[5.02945424 4.42461276 3.53127675 4.35890608 0.83978339 2.31660064]", "status": "1", "success": "True", "message": "Optimization terminated successfully.", "nfev": "230", "fun": "0.3747330605983734", "maxcv": "0.0"}, "8": {"maxiter": 1000, "tol": 1e-05, "catol": 1e-05, "duration": 0.03850197792053223, "x": "[5.02945424 4.42461276 3.53127675 4.35890608 0.83978339 2.31660064]", "status": "1", "success": "True", "message": "Optimization terminated successfully.", "nfev": "195", "fun": "0.3747330605983734", "maxcv": "0.0"}, "9": {"maxiter": 1000, "tol": 1e-05, "catol": 1e-10, "duration": 0.038858890533447266, "x": "[5.02945424 4.42461276 3.53127675 4.35890608 0.83978339 2.31660064]", "status": "1", "success": "True", "message": "Optimization terminated successfully.", "nfev": "195", "fun": "0.3747330605983734", "maxcv": "0.0"}, "10": {"maxiter": 1000, "tol": 1e-10, "catol": 1e-05, "duration": 0.04479098320007324, "x": "[5.02945424 4.42461276 3.53127675 4.35890608 0.83978339 2.31660064]", "status": "1", "success": "True", "message": "Optimization terminated successfully.", "nfev": "230", "fun": "0.3747330605983734", "maxcv": "0.0"}, "11": {"maxiter": 1000, "tol": 1e-10, "catol": 1e-10, "duration": 0.04557299613952637, "x": "[5.02945424 4.42461276 3.53127675 4.35890608 0.83978339 2.31660064]", "status": "1", "success": "True", "message": "Optimization terminated successfully.", "nfev": "230", "fun": "0.3747330605983734", "maxcv": "0.0"}}, "powell": {"0": {"maxiter": 100, "ftol": 1e-05, "xtol": 1e-05, "duration": 0.19072604179382324, "fun": "0.37473300099372864", "direc": "[[ 0.18541969  0.05938413 -0.2940463   0.22485743 -0.0701263   0.21536184]\n [ 0.          1.          0.          0.          0.          0.        ]\n [ 0.10220275  0.04704279 -0.28566575  0.41842191 -0.86838749 -0.58583783]\n [ 0.          0.          0.          1.          0.          0.        ]\n [ 0.          0.          0.          0.          0.          1.        ]\n [-0.01744343  0.03347526 -0.04897838  0.00616376 -0.02444219  0.00905247]]", "nit": "10", "nfev": "936", "status": "0", "success": "True", "message": "Optimization terminated successfully.", "x": "[5.0298145  4.42573527 3.52967016 4.35980493 0.83713014 2.31671218]"}, "1": {"maxiter": 100, "ftol": 1e-05, "xtol": 1e-10, "duration": 0.4085519313812256, "fun": "0.37473297119140625", "direc": "[[ 0.18486087  0.05850829 -0.29287826  0.22502974 -0.06904965  0.2154474 ]\n [ 0.          1.          0.          0.          0.          0.        ]\n [ 0.10390201  0.04797542 -0.28498431  0.41734179 -0.86948979 -0.58401111]\n [ 0.          0.          0.          1.          0.          0.        ]\n [ 0.          0.          0.          0.          0.          1.        ]\n [-0.01729277  0.03317776 -0.05009497  0.00630544 -0.02403648  0.00955483]]", "nit": "10", "nfev": "2057", "status": "0", "success": "True", "message": "Optimization terminated successfully.", "x": "[5.02969227 4.42583643 3.52962553 4.35999906 0.83731229 2.31707342]"}, "2": {"maxiter": 100, "ftol": 1e-10, "xtol": 1e-05, "duration": 0.2897658348083496, "fun": "0.3747327923774719", "direc": "[[ 1.85419692e-01  5.93841350e-02 -2.94046296e-01  2.24857432e-01\n  -7.01263029e-02  2.15361835e-01]\n [ 0.00000000e+00  1.00000000e+00  0.00000000e+00  0.00000000e+00\n   0.00000000e+00  0.00000000e+00]\n [-1.74434292e-02  3.34752580e-02 -4.89783843e-02  6.16376202e-03\n  -2.44421851e-02  9.05247149e-03]\n [ 0.00000000e+00  0.00000000e+00  0.00000000e+00  1.00000000e+00\n   0.00000000e+00  0.00000000e+00]\n [ 0.00000000e+00  0.00000000e+00  0.00000000e+00  0.00000000e+00\n   0.00000000e+00  1.00000000e+00]\n [ 4.20247836e-15 -1.85098806e-15 -4.50399478e-15 -5.15583523e-17\n   1.29153463e-14  8.84551247e-15]]", "nit": "13", "nfev": "1456", "status": "0", "success": "True", "message": "Optimization terminated successfully.", "x": "[5.02989989 4.42565585 3.52899223 4.35985544 0.83764531 2.31739836]"}, "3": {"maxiter": 100, "ftol": 1e-10, "xtol": 1e-10, "duration": 0.5125761032104492, "fun": "0.3747327923774719", "direc": "[[ 0.18486087  0.05850829 -0.29287826  0.22502974 -0.06904965  0.2154474 ]\n [ 0.          1.          0.          0.          0.          0.        ]\n [ 0.10390201  0.04797542 -0.28498431  0.41734179 -0.86948979 -0.58401111]\n [ 0.          0.          0.          1.          0.          0.        ]\n [ 0.          0.          0.          0.          0.          1.        ]\n [-0.01729277  0.03317776 -0.05009497  0.00630544 -0.02403648  0.00955483]]", "nit": "12", "nfev": "2541", "status": "0", "success": "True", "message": "Optimization terminated successfully.", "x": "[5.0297241  4.42559098 3.52916369 4.35979921 0.83797657 2.3173562 ]"}, "4": {"maxiter": 500, "ftol": 1e-05, "xtol": 1e-05, "duration": 0.1954648494720459, "fun": "0.37473300099372864", "direc": "[[ 0.18541969  0.05938413 -0.2940463   0.22485743 -0.0701263   0.21536184]\n [ 0.          1.          0.          0.          0.          0.        ]\n [ 0.10220275  0.04704279 -0.28566575  0.41842191 -0.86838749 -0.58583783]\n [ 0.          0.          0.          1.          0.          0.        ]\n [ 0.          0.          0.          0.          0.          1.        ]\n [-0.01744343  0.03347526 -0.04897838  0.00616376 -0.02444219  0.00905247]]", "nit": "10", "nfev": "936", "status": "0", "success": "True", "message": "Optimization terminated successfully.", "x": "[5.0298145  4.42573527 3.52967016 4.35980493 0.83713014 2.31671218]"}, "5": {"maxiter": 500, "ftol": 1e-05, "xtol": 1e-10, "duration": 0.4105098247528076, "fun": "0.37473297119140625", "direc": "[[ 0.18486087  0.05850829 -0.29287826  0.22502974 -0.06904965  0.2154474 ]\n [ 0.          1.          0.          0.          0.          0.        ]\n [ 0.10390201  0.04797542 -0.28498431  0.41734179 -0.86948979 -0.58401111]\n [ 0.          0.          0.          1.          0.          0.        ]\n [ 0.          0.          0.          0.          0.          1.        ]\n [-0.01729277  0.03317776 -0.05009497  0.00630544 -0.02403648  0.00955483]]", "nit": "10", "nfev": "2057", "status": "0", "success": "True", "message": "Optimization terminated successfully.", "x": "[5.02969227 4.42583643 3.52962553 4.35999906 0.83731229 2.31707342]"}, "6": {"maxiter": 500, "ftol": 1e-10, "xtol": 1e-05, "duration": 0.29081201553344727, "fun": "0.3747327923774719", "direc": "[[ 1.85419692e-01  5.93841350e-02 -2.94046296e-01  2.24857432e-01\n  -7.01263029e-02  2.15361835e-01]\n [ 0.00000000e+00  1.00000000e+00  0.00000000e+00  0.00000000e+00\n   0.00000000e+00  0.00000000e+00]\n [-1.74434292e-02  3.34752580e-02 -4.89783843e-02  6.16376202e-03\n  -2.44421851e-02  9.05247149e-03]\n [ 0.00000000e+00  0.00000000e+00  0.00000000e+00  1.00000000e+00\n   0.00000000e+00  0.00000000e+00]\n [ 0.00000000e+00  0.00000000e+00  0.00000000e+00  0.00000000e+00\n   0.00000000e+00  1.00000000e+00]\n [ 4.20247836e-15 -1.85098806e-15 -4.50399478e-15 -5.15583523e-17\n   1.29153463e-14  8.84551247e-15]]", "nit": "13", "nfev": "1456", "status": "0", "success": "True", "message": "Optimization terminated successfully.", "x": "[5.02989989 4.42565585 3.52899223 4.35985544 0.83764531 2.31739836]"}, "7": {"maxiter": 500, "ftol": 1e-10, "xtol": 1e-10, "duration": 0.5075900554656982, "fun": "0.3747327923774719", "direc": "[[ 0.18486087  0.05850829 -0.29287826  0.22502974 -0.06904965  0.2154474 ]\n [ 0.          1.          0.          0.          0.          0.        ]\n [ 0.10390201  0.04797542 -0.28498431  0.41734179 -0.86948979 -0.58401111]\n [ 0.          0.          0.          1.          0.          0.        ]\n [ 0.          0.          0.          0.          0.          1.        ]\n [-0.01729277  0.03317776 -0.05