{"date": "2024/10/30/, 06:17:41", "conf_id": 300, "data_type": "var_s_rank\n", "num_data_points": 4, "s_rank": 0, "unitary": "[[-0.45070455-0.02711853j,0.78437395-0.06613086j,0.06358678+0.19963393j,-0.07343613+0.35668523j],[-0.01890143-0.03813363j,0.32408202+0.25557629j,0.05872864-0.68979805j,0.55466693-0.20227297j],[-0.11215405+0.64023111j,-0.13344055+0.29565494j,-0.49012687-0.19046288j,-0.04241254+0.44046348j],[0.55771659+0.24656916j,0.31851997-0.05798805j,0.28761525-0.34294258j,-0.56718418+0.03616933j]]", "databatch_0": {"databatch": "[[[0.08212012+0.08721476j,-0.02667574-0.02577717j,-0.17325213+0.0175177j,0.02807491+0.26436999j],[-0.10741013-0.15772405j,0.03552875+0.04721746j,0.27694542+0.01571747j,0.02186896-0.42293411j],[-0.24238991+0.03619293j,0.07444688-0.01473713j,0.17277401-0.31155653j,-0.47698118-0.26138182j],[0.07479509+0.08071136j,-0.02431494-0.02387258j,-0.15926978+0.01482584j,0.02385786+0.24304378j]],[[0.10844716-0.1261475j,-0.08445031+0.04895868j,0.14732899-0.05973984j,0.07610302+0.14032543j],[0.04172893+0.34293494j,0.04309736-0.19808121j,-0.1145688+0.30963292j,-0.32179224-0.07966341j],[-0.00141833-0.25111339j,-0.04770337+0.13941817j,0.10864977-0.2139812j,0.22568343+0.08446404j],[0.14214681+0.29040219j,-0.02268905-0.18836273j,-0.00626629+0.30892793j,-0.30896574+0.02832753j]],[[-0.20963171+0.39830073j,0.02386214-0.24656858j,-0.15239982-0.02115048j,-0.15279128-0.43972001j],[0.11821743-0.16536601j,-0.0257934+0.10886311j,0.06689396+0.01880687j,0.04140785+0.20611797j],[0.12211448+0.2240502j,-0.10886538-0.08871693j,-0.05785552+0.06527683j,-0.25551096-0.06602581j],[-0.25182787-0.1710677j,0.16391667+0.03471483j,0.02575936-0.10082918j,0.30711874-0.06938736j]],[[0.01563995-0.00438421j,-0.17384857+0.1159304j,0.11897207+0.11938444j,-0.12886614-0.11986406j],[0.02277373+0.00051297j,-0.28061897+0.08444368j,0.11079199+0.20879813j,-0.12386895-0.21348678j],[0.02673352-0.00095423j,-0.32321186+0.11816467j,0.1441479+0.23721388j,-0.15979876-0.2418173j],[-0.00278304-0.03236889j,0.1629836+0.38486057j,0.27896775-0.18927115j,-0.28359988+0.20853508j]]]", "initial param values": "[3.72299766,3.90701198,1.78368661,0.28461202,1.15767073,0.21376244]", "nelder_mead": {"type": "gradient-free", "0": {"maxiter": 100, "fatol": 1e-05, "xatol": 1e-05, "duration": 0.12970376014709473, "fun": "0.4454127595576849", "nit": "100", "nfev": "161", "status": "2", "success": "False", "message": "Maximum number of iterations has been exceeded.", "x": "[4.33340144 2.89346598 0.27405568 0.45979354 0.44496    0.23113495]", "final_simplex": "(array([[4.33340144, 2.89346598, 0.27405568, 0.45979354, 0.44496   ,\n        0.23113495],\n       [4.40156364, 2.94831215, 0.27383813, 0.46212665, 0.43762654,\n        0.23167385],\n       [4.33360586, 2.91082027, 0.26924584, 0.45500862, 0.49054319,\n        0.23378309],\n       [4.32428789, 2.94547919, 0.24515007, 0.46425091, 0.50576149,\n        0.23169765],\n       [4.33895858, 2.88142461, 0.21667403, 0.46034131, 0.49880355,\n        0.23413267],\n       [4.32638656, 2.96493044, 0.29123352, 0.45754274, 0.44127483,\n        0.2295467 ],\n       [4.38540275, 2.85923583, 0.23674133, 0.45622498, 0.4703419 ,\n        0.23100877]]), array([0.44541276, 0.44546739, 0.44564795, 0.44567668, 0.44567704,\n       0.44576422, 0.44592763]))", "callback": [0.554987606500158, 0.5360976891590046, 0.5293999736865826, 0.4795372936575888, 0.46690896937949833, 0.45835430466842464, 0.4550441156133338, 0.45158067733329665, 0.4479605578441055, 0.4459276292252007]}, "1": {"maxiter": 100, "fatol": 1e-05, "xatol": 1e-10, "duration": 0.12794756889343262, "fun": "0.4454127595576849", "nit": "100", "nfev": "161", "status": "2", "success": "False", "message": "Maximum number of iterations has been exceeded.", "x": "[4.33340144 2.89346598 0.27405568 0.45979354 0.44496    0.23113495]", "final_simplex": "(array([[4.33340144, 2.89346598, 0.27405568, 0.45979354, 0.44496   ,\n        0.23113495],\n       [4.40156364, 2.94831215, 0.27383813, 0.46212665, 0.43762654,\n        0.23167385],\n       [4.33360586, 2.91082027, 0.26924584, 0.45500862, 0.49054319,\n        0.23378309],\n       [4.32428789, 2.94547919, 0.24515007, 0.46425091, 0.50576149,\n        0.23169765],\n       [4.33895858, 2.88142461, 0.21667403, 0.46034131, 0.49880355,\n        0.23413267],\n       [4.32638656, 2.96493044, 0.29123352, 0.45754274, 0.44127483,\n        0.2295467 ],\n       [4.38540275, 2.85923583, 0.23674133, 0.45622498, 0.4703419 ,\n        0.23100877]]), array([0.44541276, 0.44546739, 0.44564795, 0.44567668, 0.44567704,\n       0.44576422, 0.44592763]))", "callback": [0.554987606500158, 0.5360976891590046, 0.5293999736865826, 0.4795372936575888, 0.46690896937949833, 0.45835430466842464, 0.4550441156133338, 0.45158067733329665, 0.4479605578441055, 0.4459276292252007]}, "2": {"maxiter": 100, "fatol": 1e-10, "xatol": 1e-05, "duration": 0.1581258773803711, "fun": "0.4454127595576849", "nit": "100", "nfev": "161", "status": "2", "success": "False", "message": "Maximum number of iterations has been exceeded.", "x": "[4.33340144 2.89346598 0.27405568 0.45979354 0.44496    0.23113495]", "final_simplex": "(array([[4.33340144, 2.89346598, 0.27405568, 0.45979354, 0.44496   ,\n        0.23113495],\n       [4.40156364, 2.94831215, 0.27383813, 0.46212665, 0.43762654,\n        0.23167385],\n       [4.33360586, 2.91082027, 0.26924584, 0.45500862, 0.49054319,\n        0.23378309],\n       [4.32428789, 2.94547919, 0.24515007, 0.46425091, 0.50576149,\n        0.23169765],\n       [4.33895858, 2.88142461, 0.21667403, 0.46034131, 0.49880355,\n        0.23413267],\n       [4.32638656, 2.96493044, 0.29123352, 0.45754274, 0.44127483,\n        0.2295467 ],\n       [4.38540275, 2.85923583, 0.23674133, 0.45622498, 0.4703419 ,\n        0.23100877]]), array([0.44541276, 0.44546739, 0.44564795, 0.44567668, 0.44567704,\n       0.44576422, 0.44592763]))", "callback": [0.554987606500158, 0.5360976891590046, 0.5293999736865826, 0.4795372936575888, 0.46690896937949833, 0.45835430466842464, 0.4550441156133338, 0.45158067733329665, 0.4479605578441055, 0.4459276292252007]}, "3": {"maxiter": 100, "fatol": 1e-10, "xatol": 1e-10, "duration": 0.15860247611999512, "fun": "0.4454127595576849", "nit": "100", "nfev": "161", "status": "2", "success": "False", "message": "Maximum number of iterations has been exceeded.", "x": "[4.33340144 2.89346598 0.27405568 0.45979354 0.44496    0.23113495]", "final_simplex": "(array([[4.33340144, 2.89346598, 0.27405568, 0.45979354, 0.44496   ,\n        0.23113495],\n       [4.40156364, 2.94831215, 0.27383813, 0.46212665, 0.43762654,\n        0.23167385],\n       [4.33360586, 2.91082027, 0.26924584, 0.45500862, 0.49054319,\n        0.23378309],\n       [4.32428789, 2.94547919, 0.24515007, 0.46425091, 0.50576149,\n        0.23169765],\n       [4.33895858, 2.88142461, 0.21667403, 0.46034131, 0.49880355,\n        0.23413267],\n       [4.32638656, 2.96493044, 0.29123352, 0.45754274, 0.44127483,\n        0.2295467 ],\n       [4.38540275, 2.85923583, 0.23674133, 0.45622498, 0.4703419 ,\n        0.23100877]]), array([0.44541276, 0.44546739, 0.44564795, 0.44567668, 0.44567704,\n       0.44576422, 0.44592763]))", "callback": [0.554987606500158, 0.5360976891590046, 0.5293999736865826, 0.4795372936575888, 0.46690896937949833, 0.45835430466842464, 0.4550441156133338, 0.45158067733329665, 0.4479605578441055, 0.4459276292252007]}, "4": {"maxiter": 500, "fatol": 1e-05, "xatol": 1e-05, "duration": 0.6185052394866943, "fun": "0.3836017320292159", "nit": "461", "nfev": "712", "status": "0", "success": "True", "message": "Optimization terminated successfully.", "x": "[ 4.43840747  2.32719112 -0.45495377  1.23907581  0.0478685   1.00175881]", "final_simplex": "(array([[ 4.43840747,  2.32719112, -0.45495377,  1.23907581,  0.0478685 ,\n         1.00175881],\n       [ 4.43841234,  2.32719011, -0.45496128,  1.23907742,  0.04787525,\n         1.00176456],\n       [ 4.43840867,  2.32718792, -0.45496002,  1.23908084,  0.04786917,\n         1.00176858],\n       [ 4.43839954,  2.32719232, -0.45496213,  1.23907675,  0.04787191,\n         1.00176028],\n       [ 4.43840853,  2.32719123, -0.45495115,  1.23907656,  0.04787314,\n         1.00176489],\n       [ 4.43840592,  2.3271832 , -0.45496006,  1.23908482,  0.04787821,\n         1.00176083],\n       [ 4.43840855,  2.32719343, -0.45495239,  1.23908478,  0.04787005,\n         1.00175999]]), array([0.38360173, 0.38360173, 0.38360173, 0.38360173, 0.38360173,\n       0.38360173, 0.38360173]))", "callback": [0.554987606500158, 0.5360976891590046, 0.5293999736865826, 0.4795372936575888, 0.46690896937949833, 0.45835430466842464, 0.4550441156133338, 0.45158067733329665, 0.4479605578441055, 0.4459276292252007, 0.44536541812790764, 0.4449768616449663, 0.44376865670006715, 0.4412093767898908, 0.4387616838876338, 0.43679885980900757, 0.435859514482029, 0.4356794711176486, 0.4355536867304155, 0.4354183510861068, 0.43537761429228106, 0.43515047920994965, 0.43403872331550686, 0.4309021194463226, 0.4261254109966276, 0.42247491526969294, 0.41510020502066647, 0.4023280027909588, 0.39935964533691515, 0.39000876741121715, 0.38649853867537287, 0.3854021575367803, 0.38415138514882585, 0.3838182094290643, 0.38371280707415456, 0.38361712129428094, 0.3836095985678267, 0.3836033934336063, 0.3836025946248388, 0.3836018709096293, 0.38360176240537724, 0.38360174821611537, 0.38360173349173554, 0.38360173240880013, 0.3836017321482862, 0.3836017320455368, 0.3836017320292159]}, "5": {"maxiter": 500, "fatol": 1e-05, "xatol": 1e-10, "duration": 0.6619002819061279, "fun": "0.3836017320249512", "nit": "500", "nfev": "779", "status": "2", "success": "False", "message": "Maximum number of iterations has been exceeded.", "x": "[ 4.43840875  2.32718975 -0.45496073  1.23907947  0.04787101  1.00176193]", "final_simplex": "(array([[ 4.43840875,  2.32718975, -0.45496073,  1.23907947,  0.04787101,\n         1.00176193],\n       [ 4.4384084 ,  2.32718989, -0.4549603 ,  1.239079  ,  0.04787084,\n         1.00176174],\n       [ 4.4384085 ,  2.32719009, -0.45496018,  1.23907934,  0.04787066,\n         1.00176152],\n       [ 4.43840865,  2.32719013, -0.45496055,  1.23907904,  0.04787078,\n         1.00176173],\n       [ 4.43840856,  2.32718981, -0.45496081,  1.23907946,  0.04787063,\n         1.0017616 ],\n       [ 4.43840897,  2.32718981, -0.45496051,  1.23907943,  0.04787115,\n         1.00176141],\n       [ 4.43840883,  2.32719002, -0.45495993,  1.23907907,  0.04787068,\n         1.00176172]]), array([0.38360173, 0.38360173, 0.38360173, 0.38360173, 0.38360173,\n       0.38360173, 0.38360173]))", "callback": [0.554987606500158, 0.5360976891590046, 0.5293999736865826, 0.4795372936575888, 0.46690896937949833, 0.45835430466842464, 0.4550441156133338, 0.45158067733329665, 0.4479605578441055, 0.4459276292252007, 0.44536541812790764, 0.4449768616449663, 0.44376865670006715, 0.4412093767898908, 0.4387616838876338, 0.43679885980900757, 0.435859514482029, 0.4356794711176486, 0.4355536867304155, 0.4354183510861068, 0.43537761429228106, 0.43515047920994965, 0.43403872331550686, 0.4309021194463226, 0.4261254109966276, 0.42247491526969294, 0.41510020502066647, 0.4023280027909588, 0.39935964533691515, 0.39000876741121715, 0.38649853867537287, 0.3854021575367803, 0.38415138514882585, 0.3838182094290643, 0.38371280707415456, 0.38361712129428094, 0.3836095985678267, 0.3836033934336063, 0.3836025946248388, 0.3836018709096293, 0.38360176240537724, 0.38360174821611537, 0.38360173349173554, 0.38360173240880013, 0.3836017321482862, 0.3836017320455368, 0.3836017320292159, 0.38360173202577186, 0.38360173202513903, 0.3836017320249886]}, "6": {"maxiter": 500, "fatol": 1e-10, "xatol": 1e-05, "duration": 0.6979961395263672, "fun": "0.3836017320292159", "nit": "461", "nfev": "712", "status": "0", "success": "True", "message": "Optimization terminated successfully.", "x": "[ 4.43840747  2.32719112 -0.45495377  1.23907581  0.0478685   1.00175881]", "final_simplex": "(array([[ 4.43840747,  2.32719112, -0.45495377,  1.23907581,  0.0478685 ,\n         1.00175881],\n       [ 4.43841234,  2.32719011, -0.45496128,  1.23907742,  0.04787525,\n         1.00176456],\n       [ 4.43840867,  2.32718792, -0.45496002,  1.23908084,  0.04786917,\n         1.00176858],\n       [ 4.43839954,  2.32719232, -0.45496213,  1.23907675,  0.04787191,\n         1.00176028],\n       [ 4.43840853,  2.32719123, -0.45495115,  1.23907656,  0.04787314,\n         1.00176489],\n       [ 4.43840592,  2.3271832 , -0.45496006,  1.23908482,  0.04787821,\n         1.00176083],\n       [ 4.43840855,  2.32719343, -0.45495239,  1.23908478,  0.04787005,\n         1.00175999]]), array([0.38360173, 0.38360173, 0.38360173, 0.38360173, 0.38360173,\n       0.38360173, 0.38360173]))", "callback": [0.554987606500158, 0.5360976891590046, 0.5293999736865826, 0.4795372936575888, 0.46690896937949833, 0.45835430466842464, 0.4550441156133338, 0.45158067733329665, 0.4479605578441055, 0.4459276292252007, 0.44536541812790764, 0.4449768616449663, 0.44376865670006715, 0.4412093767898908, 0.4387616838876338, 0.43679885980900757, 0.435859514482029, 0.4356794711176486, 0.4355536867304155, 0.4354183510861068, 0.43537761429228106, 0.43515047920994965, 0.43403872331550686, 0.4309021194463226, 0.4261254109966276, 0.42247491526969294, 0.41510020502066647, 0.4023280027909588, 0.39935964533691515, 0.39000876741121715, 0.38649853867537287, 0.3854021575367803, 0.38415138514882585, 0.3838182094290643, 0.38371280707415456, 0.38361712129428094, 0.3836095985678267, 0.3836033934336063, 0.3836025946248388, 0.3836018709096293, 0.38360176240537724, 0.38360174821611537, 0.38360173349173554, 0.38360173240880013, 0.3836017321482862, 0.3836017320455368, 0.3836017320292159]}, "7": {"maxiter": 500, "fatol": 1e-10, "xatol": 1e-10, "duration": 0.6071910858154297, "fun": "0.3836017320249512", "nit": "500", "nfev": "779", "status": "2", "success": "False", "message": "Maximum number of iterations has been exceeded.", "x": "[ 4.43840875  2.32718975 -0.45496073  1.23907947  0.04787101  1.00176193]", "final_simplex": "(array([[ 4.43840875,  2.32718975, -0.45496073,  1.23907947,  0.04787101,\n         1.00176193],\n       [ 4.4384084 ,  2.32718989, -0.4549603 ,  1.239079  ,  0.04787084,\n         1.00176174],\n       [ 4.4384085 ,  2.32719009, -0.45496018,  1.23907934,  0.04787066,\n         1.00176152],\n       [ 4.43840865,  2.32719013, -0.45496055,  1.23907904,  0.04787078,\n         1.00176173],\n       [ 4.43840856,  2.32718981, -0.45496081,  1.23907946,  0.04787063,\n         1.0017616 ],\n       [ 4.43840897,  2.32718981, -0.45496051,  1.23907943,  0.04787115,\n         1.00176141],\n       [ 4.43840883,  2.32719002, -0.45495993,  1.23907907,  0.04787068,\n         1.00176172]]), array([0.38360173, 0.38360173, 0.38360173, 0.38360173, 0.38360173,\n       0.38360173, 0.38360173]))", "callback": [0.554987606500158, 0.5360976891590046, 0.5293999736865826, 0.4795372936575888, 0.46690896937949833, 0.45835430466842464, 0.4550441156133338, 0.45158067733329665, 0.4479605578441055, 0.4459276292252007, 0.44536541812790764, 0.4449768616449663, 0.44376865670006715, 0.4412093767898908, 0.4387616838876338, 0.43679885980900757, 0.435859514482029, 0.4356794711176486, 0.4355536867304155, 0.4354183510861068, 0.43537761429228106, 0.43515047920994965, 0.43403872331550686, 0.4309021194463226, 0.4261254109966276, 0.42247491526969294, 0.41510020502066647, 0.4023280027909588, 0.39935964533691515, 0.39000876741121715, 0.38649853867537287, 0.3854021575367803, 0.38415138514882585, 0.3838182094290643, 0.38371280707415456, 0.38361712129428094, 0.3836095985678267, 0.3836033934336063, 0.3836025946248388, 0.3836018709096293, 0.38360176240537724, 0.38360174821611537, 0.38360173349173554, 0.38360173240880013, 0.3836017321482862, 0.3836017320455368, 0.3836017320292159, 0.38360173202577186, 0.38360173202513903, 0.3836017320249886]}, "8": {"maxiter": 1000, "fatol": 1e-05, "xatol": 1e-05, "duration": 0.6227402687072754, "fun": "0.3836017320292159", "nit": "461", "nfev": "712", "status": "0", "success": "True", "message": "Optimization terminated successfully.", "x": "[ 4.43840747  2.32719112 -0.45495377  1.23907581  0.0478685   1.00175881]", "final_simplex": "(array([[ 4.43840747,  2.32719112, -0.45495377,  1.23907581,  0.0478685 ,\n         1.00175881],\n       [ 4.43841234,  2.32719011, -0.45496128,  1.23907742,  0.04787525,\n         1.00176456],\n       [ 4.43840867,  2.32718792, -0.45496002,  1.23908084,  0.04786917,\n         1.00176858],\n       [ 4.43839954,  2.32719232, -0.45496213,  1.23907675,  0.04787191,\n         1.00176028],\n       [ 4.43840853,  2.32719123, -0.45495115,  1.23907656,  0.04787314,\n         1.00176489],\n       [ 4.43840592,  2.3271832 , -0.45496006,  1.23908482,  0.04787821,\n         1.00176083],\n       [ 4.43840855,  2.32719343, -0.45495239,  1.23908478,  0.04787005,\n         1.00175999]]), array([0.38360173, 0.38360173, 0.38360173, 0.38360173, 0.38360173,\n       0.38360173, 0.38360173]))", "callback": [0.554987606500158, 0.5360976891590046, 0.5293999736865826, 0.4795372936575888, 0.46690896937949833, 0.45835430466842464, 0.4550441156133338, 0.45158067733329665, 0.4479605578441055, 0.4459276292252007, 0.44536541812790764, 0.4449768616449663, 0.44376865670006715, 0.4412093767898908, 0.4387616838876338, 0.43679885980900757, 0.435859514482029, 0.4356794711176486, 0.4355536867304155, 0.4354183510861068, 0.43537761429228106, 0.43515047920994965, 0.43403872331550686, 0.4309021194463226, 0.4261254109966276, 0.42247491526969294, 0.41510020502066647, 0.4023280027909588, 0.39935964533691515, 0.39000876741121715, 0.38649853867537287, 0.3854021575367803, 0.38415138514882585, 0.3838182094290643, 0.38371280707415456, 0.38361712129428094, 0.3836095985678267, 0.3836033934336063, 0.3836025946248388, 0.3836018709096293, 0.38360176240537724, 0.38360174821611537, 0.38360173349173554, 0.38360173240880013, 0.3836017321482862, 0.3836017320455368, 0.3836017320292159]}, "9": {"maxiter": 1000, "fatol": 1e-05, "xatol": 1e-10, "duration": 0.8404872417449951, "fun": "0.3836017320249383", "nit": "561", "nfev": "938", "status": "0", "success": "True", "message": "Optimization terminated successfully.", "x": "[ 4.43840858  2.32718986 -0.4549605   1.23907938  0.04787077  1.00176171]", "final_simplex": "(array([[ 4.43840858,  2.32718986, -0.4549605 ,  1.23907938,  0.04787077,\n         1.00176171],\n       [ 4.43840858,  2.32718986, -0.4549605 ,  1.23907938,  0.04787077,\n         1.00176171],\n       [ 4.43840858,  2.32718986, -0.4549605 ,  1.23907938,  0.04787077,\n         1.00176171],\n       [ 4.43840858,  2.32718986, -0.4549605 ,  1.23907938,  0.04787077,\n         1.00176171],\n       [ 4.43840858,  2.32718986, -0.4549605 ,  1.23907938,  0.04787077,\n         1.00176171],\n       [ 4.43840858,  2.32718986, -0.4549605 ,  1.23907938,  0.04787077,\n         1.00176171],\n       [ 4.43840858,  2.32718986, -0.4549605 ,  1.23907938,  0.04787077,\n         1.00176171]]), array([0.38360173, 0.38360173, 0.38360173, 0.38360173, 0.38360173,\n       0.38360173, 0.38360173]))", "callback": [0.554987606500158, 0.5360976891590046, 0.5293999736865826, 0.4795372936575888, 0.46690896937949833, 0.45835430466842464, 0.4550441156133338, 0.45158067733329665, 0.4479605578441055, 0.4459276292252007, 0.44536541812790764, 0.4449768616449663, 0.44376865670006715, 0.4412093767898908, 0.4387616838876338, 0.43679885980900757, 0.435859514482029, 0.4356794711176486, 0.4355536867304155, 0.4354183510861068, 0.43537761429228106, 0.43515047920994965, 0.43403872331550686, 0.4309021194463226, 0.4261254109966276, 0.42247491526969294, 0.41510020502066647, 0.4023280027909588, 0.39935964533691515, 0.39000876741121715, 0.38649853867537287, 0.3854021575367803, 0.38415138514882585, 0.3838182094290643, 0.38371280707415456, 0.38361712129428094, 0.3836095985678267, 0.3836033934336063, 0.3836025946248388, 0.3836018709096293, 0.38360176240537724, 0.38360174821611537, 0.38360173349173554, 0.38360173240880013, 0.3836017321482862, 0.3836017320455368, 0.3836017320292159, 0.38360173202577186, 0.38360173202513903, 0.3836017320249886, 0.3836017320249473, 0.38360173202493986, 0.38360173202493886, 0.3836017320249384, 0.3836017320249383, 0.3836017320249383, 0.3836017320249383]}, "10": {"maxiter": 1000, "fatol": 1e-10, "xatol": 1e-05, "duration": 0.5569512844085693, "fun": "0.3836017320292159", "nit": "461", "nfev": "712", "status": "0", "success": "True", "message": "Optimization terminated successfully.", "x": "[ 4.43840747  2.32719112 -0.45495377  1.23907581  0.0478685   1.00175881]", "final_simplex": "(array([[ 4.43840747,  2.32719112, -0.45495377,  1.23907581,  0.0478685 ,\n         1.00175881],\n       [ 4.43841234,  2.32719011, -0.45496128,  1.23907742,  0.04787525,\n         1.00176456],\n       [ 4.43840867,  2.32718792, -0.45496002,  1.23908084,  0.04786917,\n         1.00176858],\n       [ 4.43839954,  2.32719232, -0.45496213,  1.23907675,  0.04787191,\n         1.00176028],\n       [ 4.43840853,  2.32719123, -0.45495115,  1.23907656,  0.04787314,\n         1.00176489],\n       [ 4.43840592,  2.3271832 , -0.45496006,  1.23908482,  0.04787821,\n         1.00176083],\n       [ 4.43840855,  2.32719343, -0.45495239,  1.23908478,  0.04787005,\n         1.00175999]]), array([0.38360173, 0.38360173, 0.38360173, 0.38360173, 0.38360173,\n       0.38360173, 0.38360173]))", "callback": [0.554987606500158, 0.5360976891590046, 0.5293999736865826, 0.4795372936575888, 0.46690896937949833, 0.45835430466842464, 0.4550441156133338, 0.45158067733329665, 0.4479605578441055, 0.4459276292252007, 0.44536541812790764, 0.4449768616449663, 0.44376865670006715, 0.4412093767898908, 0.4387616838876338, 0.43679885980900757, 0.435859514482029, 0.4356794711176486, 0.4355536867304155, 0.4354183510861068, 0.43537761429228106, 0.43515047920994965, 0.43403872331550686, 0.4309021194463226, 0.4261254109966276, 0.42247491526969294, 0.41510020502066647, 0.4023280027909588, 0.39935964533691515, 0.39000876741121715, 0.38649853867537287, 0.3854021575367803, 0.38415138514882585, 0.3838182094290643, 0.38371280707415456, 0.38361712129428094, 0.3836095985678267, 0.3836033934336063, 0.3836025946248388, 0.3836018709096293, 0.38360176240537724, 0.38360174821611537, 0.38360173349173554, 0.38360173240880013, 0.3836017321482862, 0.3836017320455368, 0.3836017320292159]}, "11": {"maxiter": 1000, "fatol": 1e-10, "xatol": 1e-10, "duration": 0.784722089767456, "fun": "0.3836017320249383", "nit": "561", "nfev": "938", "status": "0", "success": "True", "message": "Optimization terminated successfully.", "x": "[ 4.43840858  2.32718986 -0.4549605   1.23907938  0.04787077  1.00176171]", "final_simplex": "(array([[ 4.43840858,  2.32718986, -0.4549605 ,  1.23907938,  0.04787077,\n         1.00176171],\n       [ 4.43840858,  2.32718986, -0.4549605 ,  1.23907938,  0.04787077,\n         1.00176171],\n       [ 4.43840858,  2.32718986, -0.4549605 ,  1.23907938,  0.04787077,\n         1.00176171],\n       [ 4.43840858,  2.32718986, -0.4549605 ,  1.23907938,  0.04787077,\n         1.00176171],\n       [ 4.43840858,  2.32718986, -0.4549605 ,  1.23907938,  0.04787077,\n         1.00176171],\n       [ 4.43840858,  2.32718986, -0.4549605 ,  1.23907938,  0.04787077,\n         1.00176171],\n       [ 4.43840858,  2.32718986, -0.4549605 ,  1.23907938,  0.04787077,\n         1.00176171]]), array([0.38360173, 0.38360173, 0.38360173, 0.38360173, 0.38360173,\n       0.38360173, 0.38360173]))", "callback": [0.554987606500158, 0.5360976891590046, 0.5293999736865826, 0.4795372936575888, 0.46690896937949833, 0.45835430466842464, 0.4550441156133338, 0.45158067733329665, 0.4479605578441055, 0.4459276292252007, 0.44536541812790764, 0.4449768616449663, 0.44376865670006715, 0.4412093767898908, 0.4387616838876338, 0.43679885980900757, 0.435859514482029, 0.4356794711176486, 0.4355536867304155, 0.4354183510861068, 0.43537761429228106, 0.43515047920994965, 0.43403872331550686, 0.4309021194463226, 0.4261254109966276, 0.42247491526969294, 0.41510020502066647, 0.4023280027909588, 0.39935964533691515, 0.39000876741121715, 0.38649853867537287, 0.3854021575367803, 0.38415138514882585, 0.3838182094290643, 0.38371280707415456, 0.38361712129428094, 0.3836095985678267, 0.3836033934336063, 0.3836025946248388, 0.3836018709096293, 0.38360176240537724, 0.38360174821611537, 0.38360173349173554, 0.38360173240880013, 0.3836017321482862, 0.3836017320455368, 0.3836017320292159, 0.38360173202577186, 0.38360173202513903, 0.3836017320249886, 0.3836017320249473, 0.38360173202493986, 0.38360173202493886, 0.3836017320249384, 0.3836017320249383, 0.3836017320249383, 0.3836017320249383]}}, "bfgs": {"type": "gradient", "0": {"maxiter": 100, "gtol": 1e-05, "xrtol": 1e-05, "eps": 1e-05, "duration": 0.18122148513793945, "fun": "0.3836017321285339", "jac": "[-2.20810037e-06  3.80169229e-06 -4.24617008e-06 -1.68310921e-06\n -1.87961868e-06 -1.55928603e-06]", "hess_inv": "[[ 6.33232094 -0.70996657 -2.21075509  1.59322881  0.54886705  0.11393838]\n [-0.70996657  4.31982578  2.8517176  -2.29276861 -0.86284025 -0.17008375]\n [-2.21075509  2.8517176   6.74388681 -3.87207703 -2.01877816 -0.84993306]\n [ 1.59322881 -2.29276861 -3.87207703  7.06743661  0.12538783 -0.34147074]\n [ 0.54886705 -0.86284025 -2.01877816  0.12538783  5.65658011 -0.97227426]\n [ 0.11393838 -0.17008375 -0.84993306 -0.34147074 -0.97227426  4.30916542]]", "nfev": "189", "njev": "27", "status": "0", "success": "True", "message": "Optimization terminated successfully.", "x": "[ 4.43838703  2.32720239 -0.45496661  1.23906755  0.04786074  1.00175638]", "nit": "26", "callback": [0.557554502284341, 0.538501837447383, 0.5319692846009577, 0.527321866844001, 0.5188810294934147, 0.504619094784931, 0.4845997389541856, 0.4626225028174503, 0.4443831010466316, 0.43034037600968755, 0.4132409299206201, 0.3906962862604654, 0.3870340699392667, 0.38503912603694346, 0.38364616117009076, 0.38362214019682894, 0.38360373785307356, 0.38360316538158146, 0.38360256021395644, 0.3836021364013803, 0.38360181693203343, 0.3836017531888245, 0.3836017421551514, 0.38360173693976085, 0.3836017330097885, 0.3836017321285339]}, "1": {"maxiter": 100, "gtol": 1e-05, "xrtol": 1e-05, "eps": 1e-10, "duration": 0.18038630485534668, "fun": "0.3836017321038182", "jac": "[-3.33066880e-06  3.33066880e-06 -4.44089173e-06 -3.33066880e-06\n -1.11022301e-06 -1.11022293e-06]", "hess_inv": "[[ 6.26863338 -0.67838837 -2.13487185  1.64930937  0.47293704  0.01378256]\n [-0.67838837  4.40815509  2.90308504 -2.29598003 -0.90125528 -0.2305164 ]\n [-2.13487185  2.90308504  6.63284603 -3.94321986 -1.90332909 -0.84545432]\n [ 1.64930937 -2.29598003 -3.94321986  7.0128424   0.33600425 -0.48642009]\n [ 0.47293704 -0.90125528 -1.90332909  0.33600425  5.24306379 -0.79654795]\n [ 0.01378256 -0.2305164  -0.84545432 -0.48642009 -0.79654795  4.33998841]]", "nfev": "189", "njev": "27", "status": "0", "success": "True", "message": "Optimization terminated successfully.", "x": "[ 4.4383865   2.32720588 -0.4549622   1.23906507  0.04786488  1.00176394]", "nit": "26", "callback": [0.5575546336485948, 0.5385018265780652, 0.5319694712867742, 0.5273219160205281, 0.5188810068298917, 0.5046196162211045, 0.48460073168958895, 0.4626243024532136, 0.44438738457568827, 0.43034298004389926, 0.4132416609879791, 0.3906957215479663, 0.3870349662895205, 0.38503861359444524, 0.38364639981810167, 0.3836222266747076, 0.3836037491274227, 0.3836031726739837, 0.383602560169782, 0.3836021363058896, 0.3836018165126076, 0.38360175324024404, 0.3836017421683434, 0.38360173670503983, 0.38360173317874047, 0.3836017321038182]}, "2": {"maxiter": 100, "gtol": 1e-05, "xrtol": 1e-10, "eps": 1e-05, "duration": 0.14805102348327637, "fun": "0.3836017321285339", "jac": "[-2.20810037e-06  3.80169229e-06 -4.24617008e-06 -1.68310921e-06\n -1.87961868e-06 -1.55928603e-06]", "hess_inv": "[[ 6.33232094 -0.70996657 -2.21075509  1.59322881  0.54886705  0.11393838]\n [-0.70996657  4.31982578  2.8517176  -2.29276861 -0.86284025 -0.17008375]\n [-2.21075509  2.8517176   6.74388681 -3.87207703 -2.01877816 -0.84993306]\n [ 1.59322881 -2.29276861 -3.87207703  7.06743661  0.12538783 -0.34147074]\n [ 0.54886705 -0.86284025 -2.01877816  0.12538783  5.65658011 -0.97227426]\n [ 0.11393838 -0.17008375 -0.84993306 -0.34147074 -0.97227426  4.30916542]]", "nfev": "189", "njev": "27", "status": "0", "success": "True", "message": "Optimization terminated successfully.", "x": "[ 4.43838703  2.32720239 -0.45496661  1.23906755  0.04786074  1.00175638]", "nit": "26", "callback": [0.557554502284341, 0.538501837447383, 0.5319692846009577, 0.527321866844001, 0.5188810294934147, 0.504619094784931, 0.4845997389541856, 0.4626225028174503, 0.4443831010466316, 0.43034037600968755, 0.4132409299206201, 0.3906962862604654, 0.3870340699392667, 0.38503912603694346, 0.38364616117009076, 0.38362214019682894, 0.38360373785307356, 0.38360316538158146, 0.38360256021395644, 0.3836021364013803, 0.38360181693203343, 0.3836017531888245, 0.3836017421551514, 0.38360173693976085, 0.3836017330097885, 0.3836017321285339]}, "3": {"maxiter": 100, "gtol": 1e-05, "xrtol": 1e-10, "eps": 1e-10, "duration": 0.14829635620117188, "fun": "0.3836017321038182", "jac": "[-3.33066880e-06  3.33066880e-06 -4.44089173e-06 -3.33066880e-06\n -1.11022301e-06 -1.11022293e-06]", "hess_inv": "[[ 6.26863338 -0.67838837 -2.13487185  1.64930937  0.47293704  0.01378256]\n [-0.67838837  4.40815509  2.90308504 -2.29598003 -0.90125528 -0.2305164 ]\n [-2.13487185  2.90308504  6.63284603 -3.94321986 -1.90332909 -0.84545432]\n [ 1.64930937 -2.29598003 -3.94321986  7.0128424   0.33600425 -0.48642009]\n [ 0.47293704 -0.90125528 -1.90332909  0.33600425  5.24306379 -0.79654795]\n [ 0.01378256 -0.2305164  -0.84545432 -0.48642009 -0.79654795  4.33998841]]", "nfev": "189", "njev": "27", "status": "0", "success": "True", "message": "Optimization terminated successfully.", "x": "[ 4.4383865   2.32720588 -0.4549622   1.23906507  0.04786488  1.00176394]", "nit": "26", "callback": [0.5575546336485948, 0.5385018265780652, 0.5319694712867742, 0.5273219160205281, 0.5188810068298917, 0.5046196162211045, 0.48460073168958895, 0.4626243024532136, 0.44438738457568827, 0.43034298004389926, 0.4132416609879791, 0.3906957215479663, 0.3870349662895205, 0.38503861359444524, 0.38364639981810167, 0.3836222266747076, 0.3836037491274227, 0.3836031726739837, 0.383602560169782, 0.3836021363058896, 0.3836018165126076, 0.38360175324024404, 0.3836017421683434, 0.38360173670503983, 0.38360173317874047, 0.3836017321038182]}, "4": {"maxiter": 100, "gtol": 1e-10, "xrtol": 1e-05, "eps": 1e-05, "duration": 0.15352249145507812, "fun": "0.38360173204052184", "jac": "[-4.03788114e-07  2.30238051e-07 -5.74096326e-07 -4.16255919e-07\n  9.61342117e-08  7.59947660e-08]", "hess_inv": "[[ 6.5766627  -1.22150756 -2.31378915  1.66381522  1.01710187  0.31894711]\n [-1.22150756  4.96528949  2.85115937 -2.59068665 -1.25892697 -0.31855679]\n [-2.31378915  2.85115937  6.67740791 -3.97815835 -1.91928534 -0.79369144]\n [ 1.66381522 -2.59068665 -3.97815835  7.03484515  0.46680289 -0.18318457]\n [ 1.01710187 -1.25892697 -1.91928534  0.46680289  5.75176036 -0.96485396]\n [ 0.31894711 -0.31855679 -0.79369144 -0.18318457 -0.96485396  4.29595455]]", "nfev": "196", "njev": "28", "status": "0", "success": "True", "message": "Optimization terminated successfully.", "x": "[ 4.43840158  2.3271857  -0.45496574  1.23907661  0.04786972  1.0017595 ]", "nit": "27", "callback": [0.557554502284341, 0.538501837447383, 0.5319692846009577, 0.527321866844001, 0.5188810294934147, 0.504619094784931, 0.4845997389541856, 0.4626225028174503, 0.4443831010466316, 0.43034037600968755, 0.4132409299206201, 0.3906962862604654, 0.3870340699392667, 0.38503912603694346, 0.38364616117009076, 0.38362214019682894, 0.38360373785307356, 0.38360316538158146, 0.38360256021395644, 0.3836021364013803, 0.38360181693203343, 0.3836017531888245, 0.3836017421551514, 0.38360173693976085, 0.3836017330097885, 0.3836017321285339, 0.38360173204052184]}, "5": {"maxiter": 100, "gtol": 1e-10, "xrtol": 1e-05, "eps": 1e-10, "duration": 0.15427184104919434, "fun": "0.3836017320326286", "jac": "[ 0.00000000e+00  0.00000000e+00  0.00000000e+00 -1.11022293e-06\n  0.00000000e+00  1.11022293e-06]", "hess_inv": "[[ 6.41563883 -1.37866652 -2.25782521  1.76628555  0.90939935  0.50978733]\n [-1.37866652  5.14104347  3.0715284  -2.95464971 -1.16831444 -0.43405099]\n [-2.25782521  3.0715284   6.66879524 -4.05731805 -1.9779011  -0.91417625]\n [ 1.76628555 -2.95464971 -4.05731805  7.10197033  0.75392708 -0.00758857]\n [ 0.90939935 -1.16831444 -1.9779011   0.75392708  5.27743279 -0.82707624]\n [ 0.50978733 -0.43405099 -0.91417625 -0.00758857 -0.82707624  4.2223781 ]]", "nfev": "196", "njev": "28", "status": "0", "success": "True", "message": "Optimization terminated successfully.", "x": "[ 4.4384099   2.32718619 -0.45496706  1.23908726  0.04787046  1.00176677]", "nit": "27", "callback": [0.5575546336485948, 0.5385018265780652, 0.5319694712867742, 0.5273219160205281, 0.5188810068298917, 0.5046196162211045, 0.48460073168958895, 0.4626243024532136, 0.44438738457568827, 0.43034298004389926, 0.4132416609879791, 0.3906957215479663, 0.3870349662895205, 0.38503861359444524, 0.38364639981810167, 0.3836222266747076, 0.3836037491274227, 0.3836031726739837, 0.383602560169782, 0.3836021363058896, 0.3836018165126076, 0.38360175324024404, 0.3836017421683434, 0.38360173670503983, 0.38360173317874047, 0.3836017321038182, 0.3836017320326286]}, "6": {"maxiter": 100, "gtol": 1e-10, "xrtol": 1e-10, "eps": 1e-05, "duration": 0.19856643676757812, "fun": "0.38360173203627723", "jac": "[ 3.33066907e-11 -4.44089210e-11  6.66133815e-11  2.22044605e-11\n  2.22044605e-11  4.44089210e-11]", "hess_inv": "[[ 7.01219916 -1.35835566 -2.14661467  2.05021944  0.84218254  0.17482292]\n [-1.35835566  4.98429799  2.77692257 -2.72333823 -1.15942102 -0.25672078]\n [-2.14661467  2.77692257  6.72796214 -3.83824061 -1.95355948 -0.83442544]\n [ 2.05021944 -2.72333823 -3.83824061  7.37291425  0.33029937 -0.3034105 ]\n [ 0.84218254 -1.15942102 -1.95355948  0.33029937  5.74848296 -0.93721811]\n [ 0.17482292 -0.25672078 -0.83442544 -0.3034105  -0.93721811  4.33225154]]", "nfev": "217", "njev": "31", "status": "0", "success": "True", "message": "Optimization terminated successfully.", "x": "[ 4.43840428  2.32718455 -0.45496472  1.23907894  0.04786888  1.0017588 ]", "nit": "30", "callback": [0.557554502284341, 0.538501837447383, 0.5319692846009577, 0.527321866844001, 0.5188810294934147, 0.504619094784931, 0.4845997389541856, 0.4626225028174503, 0.4443831010466316, 0.43034037600968755, 0.4132409299206201, 0.3906962862604654, 0.3870340699392667, 0.38503912603694346, 0.38364616117009076, 0.38362214019682894, 0.38360373785307356, 0.38360316538158146, 0.38360256021395644, 0.3836021364013803, 0.38360181693203343, 0.3836017531888245, 0.3836017421551514, 0.38360173693976085, 0.3836017330097885, 0.3836017321285339, 0.38360173204052184, 0.3836017320364322, 0.38360173203627745, 0.38360173203627723]}, "7": {"maxiter": 100, "gtol": 1e-10, "xrtol": 1e-10, "eps": 1e-10, "duration": 0.21294379234313965, "fun": "0.3836017320326285", "jac": "[ 0.00000000e+00  0.00000000e+00 -1.11022293e-06  1.11022293e-06\n -1.11022301e-06  1.11022293e-06]", "hess_inv": "[[ 6.64902633 -1.78197445 -2.71380801  2.82436344  1.14625046 -0.08154457]\n [-1.78197445  5.65472475  3.4983991  -4.04165638 -1.41713651  0.03880977]\n [-2.71380801  3.4983991   6.84817108 -4.66365532 -2.12445776 -0.84060297]\n [ 2.82436344 -4.04165638 -4.66365532  8.89927275  1.17848606 -0.46734333]\n [ 1.14625046 -1.41713651 -2.12445776  1.17848606  5.37728237 -0.94645479]\n [-0.08154457  0.03880977 -0.84060297 -0.46734333 -0.94645479  4.07598124]]", "nfev": "252", "njev": "36", "status": "0", "success": "True", "message": "Optimization terminated successfully.", "x": "[ 4.4384099   2.32718619 -0.45496706  1.23908726  0.04787046  1.00176677]", "nit": "28", "callback": [0.5575546336485948, 0.5385018265780652, 0.5319694712867742, 0.5273219160205281, 0.5188810068298917, 0.5046196162211045, 0.48460073168958895, 0.4626243024532136, 0.44438738457568827, 0.43034298004389926, 0.4132416609879791, 0.3906957215479663, 0.3870349662895205, 0.38503861359444524, 0.38364639981810167, 0.3836222266747076, 0.3836037491274227, 0.3836031726739837, 0.383602560169782, 0.3836021363058896, 0.3836018165126076, 0.38360175324024404, 0.3836017421683434, 0.38360173670503983, 0.38360173317874047, 0.3836017321038182, 0.3836017320326286, 0.3836017320326285]}, "8": {"maxiter": 500, "gtol": 1e-05, "xrtol": 1e-05, "eps": 1e-05, "duration": 0.1484689712524414, "fun": "0.3836017321285339", "jac": "[-2.20810037e-06  3.80169229e-06 -4.24617008e-06 -1.68310921e-06\n -1.87961868e-06 -1.55928603e-06]", "hess_inv": "[[ 6.33232094 -0.70996657 -2.21075509  1.59322881  0.54886705  0.11393838]\n [-0.70996657  4.31982578  2.8517176  -2.29276861 -0.86284025 -0.17008375]\n [-2.21075509  2.8517176   6.74388681 -3.87207703 -2.01877816 -0.84993306]\n [ 1.59322881 -2.29276861 -3.87207703  7.06743661  0.12538783 -0.34147074]\n [ 0.54886705 -0.86284025 -2.01877816  0.12538783  5.65658011 -0.97227426]\n [ 0.11393838 -0.17008375 -0.84993306 -0.34147074 -0.97227426  4.30916542]]", "nfev": "189", "njev": "27", "status": "0", "success": "True", "message": "Optimization terminated successfully.", "x": "[ 4.43838703  2.32720239 -0.45496661  1.23906755  0.04786074  1.00175638]", "nit": "26", "callback": [0.557554502284341, 0.538501837447383, 0.5319692846009577, 0.527321866844001, 0.5188810294934147, 0.504619094784931, 0.4845997389541856, 0.4626225028174503, 0.4443831010466316, 0.43034037600968755, 0.4132409299206201, 0.3906962862604654, 0.3870340699392667, 0.38503912603694346, 0.38364616117009076, 0.38362214019682894, 0.38360373785307356, 0.38360316538158146, 0.38360256021395644, 0.3836021364013803, 0.38360181693203343, 0.3836017531888245, 0.3836017421551514, 0.38360173693976085, 0.3836017330097885, 0.3836017321285339]}, "9": {"maxiter": 500, "gtol": 1e-05, "xrtol": 1e-05, "eps": 1e-10, "duration": 0.14864850044250488, "fun": "0.3836017321038182", "jac": "[-3.33066880e-06  3.33066880e-06 -4.44089173e-06 -3.33066880e-06\n -1.11022301e-06 -1.11022293e-06]", "hess_inv": "[[ 6.26863338 -0.67838837 -2.13487185  1.64930937  0.47293704  0.01378256]\n [-0.67838837  4.40815509  2.90308504 -2.29598003 -0.90125528 -0.2305164 ]\n [-2.13487185  2.90308504  6.63284603 -3.94321986 -1.90332909 -0.84545432]\n [ 1.64930937 -2.29598003 -3.94321986  7.0128424   0.33600425 -0.48642009]\n [ 0.47293704 -0.90125528 -1.90332909  0.33600425  5.24306379 -0.79654795]\n [ 0.01378256 -0.2305164  -0.84545432 -0.48642009 -0.79654795  4.33998841]]", "nfev": "189", "njev": "27", "status": "0", "success": "True", "message": "Optimization terminated successfully.", "x": "[ 4.4383865   2.32720588 -0.4549622   1.23906507  0.04786488  1.00176394]", "nit": "26", "callback": [0.5575546336485948, 0.5385018265780652, 0.5319694712867742, 0.5273219160205281, 0.5188810068298917, 0.5046196162211045, 0.48460073168958895, 0.4626243024532136, 0.44438738457568827, 0.43034298004389926, 0.4132416609879791, 0.3906957215479663, 0.3870349662895205, 0.38503861359444524, 0.38364639981810167, 0.3836222266747076, 0.3836037491274227, 0.3836031726739837, 0.383602560169782, 0.3836021363058896, 0.3836018165126076, 0.38360175324024404, 0.3836017421683434, 0.38360173670503983, 0.38360173317874047, 0.3836017321038182]}, "10": {"maxiter": 500, "gtol": 1e-05, "xrtol": 1e-10, "eps": 1e-05, "duration": 0.1484217643737793, "fun": "0.3836017321285339", "jac": "[-2.20810037e-06  3.80169229e-06 -4.24617008e-06 -1.68310921e-06\n -1.87961868e-06 -1.55928603e-06]", "hess_inv": "[[ 6.33232094 -0.70996657 -2.21075509  1.59322881  0.54886705  0.11393838]\n [-0.70996657  4.31982578  2.8517176  -2.29276861 -0.86284025 -0.17008375]\n [-2.21075509  2.8517176   6.74388681 -3.87207703 -2.01877816 -0.84993306]\n [ 1.59322881 -2.29276861 -3.87207703  7.06743661  0.1253