{"date": "2024/09/25/, 00:50:47", "conf_id": 93, "data_type": "orthogonal\n", "num_data_points": 1, "s_rank": 0, "unitary": "[[-0.53618537-0.34368723j,-0.12107031-0.46226139j,-0.07699282-0.46603512j,0.36022595-0.11472301j],[0.26026499-0.63450712j,-0.56616638+0.37832564j,-0.14988651+0.08458591j,0.10363514-0.16008501j],[-0.32580188-0.11070003j,-0.36476308-0.23593218j,0.02559343+0.41761608j,-0.25598305+0.6725303j],[0.07406738-0.0126433j,0.28513701+0.19483972j,-0.74939717-0.10299659j,0.29798249+0.46269921j]]", "databatch_0": {"databatch": "[[[-0.13400507+0.14439781j,0.12275621+0.04747984j,-0.2390222+0.33522702j,0.26073115+0.03425499j],[-0.33855077+0.22380132j,0.06565941-0.03005838j,0.05406162-0.26514803j,-0.00715138-0.08207097j],[-0.23393405-0.07280914j,-0.02083106-0.32860541j,0.05876773+0.18148861j,-0.08681347+0.18627219j],[0.19157854+0.2321295j,0.00849053-0.09890745j,0.19418145-0.07147768j,-0.11198856-0.22892961j]]]", "initial param values": "[0.06500005,3.03051811,5.20718906,1.92378485,4.97003483,3.42102539]", "nelder_mead": {"type": "gradient-free", "0": {"maxiter": 100, "fatol": 1e-05, "xatol": 1e-05, "duration": 0.04096198081970215, "fun": "0.7698950737414171", "nit": "100", "nfev": "162", "status": "2", "success": "False", "message": "Maximum number of iterations has been exceeded.", "x": "[0.05001154 6.2710493  3.48831866 1.13591597 6.14480575 2.51432146]", "final_simplex": "(array([[0.05001154, 6.2710493 , 3.48831866, 1.13591597, 6.14480575,\n        2.51432146],\n       [0.05103255, 6.24315433, 3.53922437, 1.0991606 , 6.13477663,\n        2.57204181],\n       [0.05080101, 6.27004716, 3.51486455, 1.14481752, 6.063365  ,\n        2.66963307],\n       [0.0490207 , 6.47678905, 3.44924491, 1.11793811, 6.06054754,\n        2.5862572 ],\n       [0.05030164, 6.33363014, 3.40610107, 1.15579563, 6.03257737,\n        2.72722237],\n       [0.04734604, 6.89180795, 2.97628912, 1.10274206, 6.12856399,\n        2.58107394],\n       [0.0516767 , 6.12667919, 3.7530363 , 1.06258082, 6.16239322,\n        2.65449232]]), array([0.76989507, 0.76991311, 0.77024026, 0.77061028, 0.77105856,\n       0.77134995, 0.77213174]))", "callback": [0.9050662175379485, 0.79535521084459, 0.7922829501141456, 0.7913546173238104, 0.7899522756281847, 0.7860031292398764, 0.7795153074127398, 0.7771781228131482, 0.776512125687527, 0.77242121774769]}, "1": {"maxiter": 100, "fatol": 1e-05, "xatol": 1e-10, "duration": 0.0394129753112793, "fun": "0.7698950737414171", "nit": "100", "nfev": "162", "status": "2", "success": "False", "message": "Maximum number of iterations has been exceeded.", "x": "[0.05001154 6.2710493  3.48831866 1.13591597 6.14480575 2.51432146]", "final_simplex": "(array([[0.05001154, 6.2710493 , 3.48831866, 1.13591597, 6.14480575,\n        2.51432146],\n       [0.05103255, 6.24315433, 3.53922437, 1.0991606 , 6.13477663,\n        2.57204181],\n       [0.05080101, 6.27004716, 3.51486455, 1.14481752, 6.063365  ,\n        2.66963307],\n       [0.0490207 , 6.47678905, 3.44924491, 1.11793811, 6.06054754,\n        2.5862572 ],\n       [0.05030164, 6.33363014, 3.40610107, 1.15579563, 6.03257737,\n        2.72722237],\n       [0.04734604, 6.89180795, 2.97628912, 1.10274206, 6.12856399,\n        2.58107394],\n       [0.0516767 , 6.12667919, 3.7530363 , 1.06258082, 6.16239322,\n        2.65449232]]), array([0.76989507, 0.76991311, 0.77024026, 0.77061028, 0.77105856,\n       0.77134995, 0.77213174]))", "callback": [0.9050662175379485, 0.79535521084459, 0.7922829501141456, 0.7913546173238104, 0.7899522756281847, 0.7860031292398764, 0.7795153074127398, 0.7771781228131482, 0.776512125687527, 0.77242121774769]}, "2": {"maxiter": 100, "fatol": 1e-10, "xatol": 1e-05, "duration": 0.03815031051635742, "fun": "0.7698950737414171", "nit": "100", "nfev": "162", "status": "2", "success": "False", "message": "Maximum number of iterations has been exceeded.", "x": "[0.05001154 6.2710493  3.48831866 1.13591597 6.14480575 2.51432146]", "final_simplex": "(array([[0.05001154, 6.2710493 , 3.48831866, 1.13591597, 6.14480575,\n        2.51432146],\n       [0.05103255, 6.24315433, 3.53922437, 1.0991606 , 6.13477663,\n        2.57204181],\n       [0.05080101, 6.27004716, 3.51486455, 1.14481752, 6.063365  ,\n        2.66963307],\n       [0.0490207 , 6.47678905, 3.44924491, 1.11793811, 6.06054754,\n        2.5862572 ],\n       [0.05030164, 6.33363014, 3.40610107, 1.15579563, 6.03257737,\n        2.72722237],\n       [0.04734604, 6.89180795, 2.97628912, 1.10274206, 6.12856399,\n        2.58107394],\n       [0.0516767 , 6.12667919, 3.7530363 , 1.06258082, 6.16239322,\n        2.65449232]]), array([0.76989507, 0.76991311, 0.77024026, 0.77061028, 0.77105856,\n       0.77134995, 0.77213174]))", "callback": [0.9050662175379485, 0.79535521084459, 0.7922829501141456, 0.7913546173238104, 0.7899522756281847, 0.7860031292398764, 0.7795153074127398, 0.7771781228131482, 0.776512125687527, 0.77242121774769]}, "3": {"maxiter": 100, "fatol": 1e-10, "xatol": 1e-10, "duration": 0.03655195236206055, "fun": "0.7698950737414171", "nit": "100", "nfev": "162", "status": "2", "success": "False", "message": "Maximum number of iterations has been exceeded.", "x": "[0.05001154 6.2710493  3.48831866 1.13591597 6.14480575 2.51432146]", "final_simplex": "(array([[0.05001154, 6.2710493 , 3.48831866, 1.13591597, 6.14480575,\n        2.51432146],\n       [0.05103255, 6.24315433, 3.53922437, 1.0991606 , 6.13477663,\n        2.57204181],\n       [0.05080101, 6.27004716, 3.51486455, 1.14481752, 6.063365  ,\n        2.66963307],\n       [0.0490207 , 6.47678905, 3.44924491, 1.11793811, 6.06054754,\n        2.5862572 ],\n       [0.05030164, 6.33363014, 3.40610107, 1.15579563, 6.03257737,\n        2.72722237],\n       [0.04734604, 6.89180795, 2.97628912, 1.10274206, 6.12856399,\n        2.58107394],\n       [0.0516767 , 6.12667919, 3.7530363 , 1.06258082, 6.16239322,\n        2.65449232]]), array([0.76989507, 0.76991311, 0.77024026, 0.77061028, 0.77105856,\n       0.77134995, 0.77213174]))", "callback": [0.9050662175379485, 0.79535521084459, 0.7922829501141456, 0.7913546173238104, 0.7899522756281847, 0.7860031292398764, 0.7795153074127398, 0.7771781228131482, 0.776512125687527, 0.77242121774769]}, "4": {"maxiter": 500, "fatol": 1e-05, "xatol": 1e-05, "duration": 0.172760009765625, "fun": "0.4513093892430796", "nit": "500", "nfev": "763", "status": "2", "success": "False", "message": "Maximum number of iterations has been exceeded.", "x": "[ 2.44075158  8.92537703  3.81896557 -1.65720983  8.20739039  1.90532723]", "final_simplex": "(array([[ 2.44075158,  8.92537703,  3.81896557, -1.65720983,  8.20739039,\n         1.90532723],\n       [ 2.4903348 ,  8.93004779,  3.75826359, -1.76439826,  8.27633605,\n         1.90884838],\n       [ 2.43271285,  8.87680983,  3.76155069, -1.67878679,  8.22989822,\n         1.8843595 ],\n       [ 2.47349112,  8.90892598,  3.75143735, -1.73417651,  8.24043732,\n         1.89845287],\n       [ 2.49766956,  8.93917621,  3.77923235, -1.75498493,  8.25015991,\n         1.87953861],\n       [ 2.46552979,  8.88999564,  3.76955795, -1.69560178,  8.26059461,\n         1.89775823],\n       [ 2.47066125,  8.8851793 ,  3.76185803, -1.72176855,  8.25323225,\n         1.90035639]]), array([0.45130939, 0.45140032, 0.45143537, 0.45143908, 0.45152924,\n       0.45157129, 0.45161319]))", "callback": [0.9050662175379485, 0.79535521084459, 0.7922829501141456, 0.7913546173238104, 0.7899522756281847, 0.7860031292398764, 0.7795153074127398, 0.7771781228131482, 0.776512125687527, 0.77242121774769, 0.7698950737414171, 0.7695570204684985, 0.7693705420292725, 0.7692043828909721, 0.7690970981561153, 0.7689366840394769, 0.7687802713331553, 0.768729575304516, 0.7686963753235679, 0.7686502215548116, 0.768494174004223, 0.7678438676777994, 0.7671835644213345, 0.7668197679496952, 0.7648912698327357, 0.7607588252254427, 0.7474469654531793, 0.7159920624352438, 0.7037195503532585, 0.6690282202047251, 0.6352849009251047, 0.5023754022942349, 0.5021154385755814, 0.4833842099264254, 0.4692955629839708, 0.4657255031265122, 0.4566925338986114, 0.45615140975417745, 0.45562242223758265, 0.45535757063754345, 0.45525753906485866, 0.4552084954555994, 0.4550432447909517, 0.45489699778749815, 0.4547065450476052, 0.4544589587459905, 0.45420279131375507, 0.45384665018756887, 0.45189494400601593, 0.4514353674228798]}, "5": {"maxiter": 500, "fatol": 1e-05, "xatol": 1e-10, "duration": 0.17432618141174316, "fun": "0.4513093892430796", "nit": "500", "nfev": "763", "status": "2", "success": "False", "message": "Maximum number of iterations has been exceeded.", "x": "[ 2.44075158  8.92537703  3.81896557 -1.65720983  8.20739039  1.90532723]", "final_simplex": "(array([[ 2.44075158,  8.92537703,  3.81896557, -1.65720983,  8.20739039,\n         1.90532723],\n       [ 2.4903348 ,  8.93004779,  3.75826359, -1.76439826,  8.27633605,\n         1.90884838],\n       [ 2.43271285,  8.87680983,  3.76155069, -1.67878679,  8.22989822,\n         1.8843595 ],\n       [ 2.47349112,  8.90892598,  3.75143735, -1.73417651,  8.24043732,\n         1.89845287],\n       [ 2.49766956,  8.93917621,  3.77923235, -1.75498493,  8.25015991,\n         1.87953861],\n       [ 2.46552979,  8.88999564,  3.76955795, -1.69560178,  8.26059461,\n         1.89775823],\n       [ 2.47066125,  8.8851793 ,  3.76185803, -1.72176855,  8.25323225,\n         1.90035639]]), array([0.45130939, 0.45140032, 0.45143537, 0.45143908, 0.45152924,\n       0.45157129, 0.45161319]))", "callback": [0.9050662175379485, 0.79535521084459, 0.7922829501141456, 0.7913546173238104, 0.7899522756281847, 0.7860031292398764, 0.7795153074127398, 0.7771781228131482, 0.776512125687527, 0.77242121774769, 0.7698950737414171, 0.7695570204684985, 0.7693705420292725, 0.7692043828909721, 0.7690970981561153, 0.7689366840394769, 0.7687802713331553, 0.768729575304516, 0.7686963753235679, 0.7686502215548116, 0.768494174004223, 0.7678438676777994, 0.7671835644213345, 0.7668197679496952, 0.7648912698327357, 0.7607588252254427, 0.7474469654531793, 0.7159920624352438, 0.7037195503532585, 0.6690282202047251, 0.6352849009251047, 0.5023754022942349, 0.5021154385755814, 0.4833842099264254, 0.4692955629839708, 0.4657255031265122, 0.4566925338986114, 0.45615140975417745, 0.45562242223758265, 0.45535757063754345, 0.45525753906485866, 0.4552084954555994, 0.4550432447909517, 0.45489699778749815, 0.4547065450476052, 0.4544589587459905, 0.45420279131375507, 0.45384665018756887, 0.45189494400601593, 0.4514353674228798]}, "6": {"maxiter": 500, "fatol": 1e-10, "xatol": 1e-05, "duration": 0.19027972221374512, "fun": "0.4513093892430796", "nit": "500", "nfev": "763", "status": "2", "success": "False", "message": "Maximum number of iterations has been exceeded.", "x": "[ 2.44075158  8.92537703  3.81896557 -1.65720983  8.20739039  1.90532723]", "final_simplex": "(array([[ 2.44075158,  8.92537703,  3.81896557, -1.65720983,  8.20739039,\n         1.90532723],\n       [ 2.4903348 ,  8.93004779,  3.75826359, -1.76439826,  8.27633605,\n         1.90884838],\n       [ 2.43271285,  8.87680983,  3.76155069, -1.67878679,  8.22989822,\n         1.8843595 ],\n       [ 2.47349112,  8.90892598,  3.75143735, -1.73417651,  8.24043732,\n         1.89845287],\n       [ 2.49766956,  8.93917621,  3.77923235, -1.75498493,  8.25015991,\n         1.87953861],\n       [ 2.46552979,  8.88999564,  3.76955795, -1.69560178,  8.26059461,\n         1.89775823],\n       [ 2.47066125,  8.8851793 ,  3.76185803, -1.72176855,  8.25323225,\n         1.90035639]]), array([0.45130939, 0.45140032, 0.45143537, 0.45143908, 0.45152924,\n       0.45157129, 0.45161319]))", "callback": [0.9050662175379485, 0.79535521084459, 0.7922829501141456, 0.7913546173238104, 0.7899522756281847, 0.7860031292398764, 0.7795153074127398, 0.7771781228131482, 0.776512125687527, 0.77242121774769, 0.7698950737414171, 0.7695570204684985, 0.7693705420292725, 0.7692043828909721, 0.7690970981561153, 0.7689366840394769, 0.7687802713331553, 0.768729575304516, 0.7686963753235679, 0.7686502215548116, 0.768494174004223, 0.7678438676777994, 0.7671835644213345, 0.7668197679496952, 0.7648912698327357, 0.7607588252254427, 0.7474469654531793, 0.7159920624352438, 0.7037195503532585, 0.6690282202047251, 0.6352849009251047, 0.5023754022942349, 0.5021154385755814, 0.4833842099264254, 0.4692955629839708, 0.4657255031265122, 0.4566925338986114, 0.45615140975417745, 0.45562242223758265, 0.45535757063754345, 0.45525753906485866, 0.4552084954555994, 0.4550432447909517, 0.45489699778749815, 0.4547065450476052, 0.4544589587459905, 0.45420279131375507, 0.45384665018756887, 0.45189494400601593, 0.4514353674228798]}, "7": {"maxiter": 500, "fatol": 1e-10, "xatol": 1e-10, "duration": 0.1774740219116211, "fun": "0.4513093892430796", "nit": "500", "nfev": "763", "status": "2", "success": "False", "message": "Maximum number of iterations has been exceeded.", "x": "[ 2.44075158  8.92537703  3.81896557 -1.65720983  8.20739039  1.90532723]", "final_simplex": "(array([[ 2.44075158,  8.92537703,  3.81896557, -1.65720983,  8.20739039,\n         1.90532723],\n       [ 2.4903348 ,  8.93004779,  3.75826359, -1.76439826,  8.27633605,\n         1.90884838],\n       [ 2.43271285,  8.87680983,  3.76155069, -1.67878679,  8.22989822,\n         1.8843595 ],\n       [ 2.47349112,  8.90892598,  3.75143735, -1.73417651,  8.24043732,\n         1.89845287],\n       [ 2.49766956,  8.93917621,  3.77923235, -1.75498493,  8.25015991,\n         1.87953861],\n       [ 2.46552979,  8.88999564,  3.76955795, -1.69560178,  8.26059461,\n         1.89775823],\n       [ 2.47066125,  8.8851793 ,  3.76185803, -1.72176855,  8.25323225,\n         1.90035639]]), array([0.45130939, 0.45140032, 0.45143537, 0.45143908, 0.45152924,\n       0.45157129, 0.45161319]))", "callback": [0.9050662175379485, 0.79535521084459, 0.7922829501141456, 0.7913546173238104, 0.7899522756281847, 0.7860031292398764, 0.7795153074127398, 0.7771781228131482, 0.776512125687527, 0.77242121774769, 0.7698950737414171, 0.7695570204684985, 0.7693705420292725, 0.7692043828909721, 0.7690970981561153, 0.7689366840394769, 0.7687802713331553, 0.768729575304516, 0.7686963753235679, 0.7686502215548116, 0.768494174004223, 0.7678438676777994, 0.7671835644213345, 0.7668197679496952, 0.7648912698327357, 0.7607588252254427, 0.7474469654531793, 0.7159920624352438, 0.7037195503532585, 0.6690282202047251, 0.6352849009251047, 0.5023754022942349, 0.5021154385755814, 0.4833842099264254, 0.4692955629839708, 0.4657255031265122, 0.4566925338986114, 0.45615140975417745, 0.45562242223758265, 0.45535757063754345, 0.45525753906485866, 0.4552084954555994, 0.4550432447909517, 0.45489699778749815, 0.4547065450476052, 0.4544589587459905, 0.45420279131375507, 0.45384665018756887, 0.45189494400601593, 0.4514353674228798]}, "8": {"maxiter": 1000, "fatol": 1e-05, "xatol": 1e-05, "duration": 0.24654793739318848, "fun": "0.4507871689619688", "nit": "671", "nfev": "1043", "status": "0", "success": "True", "message": "Optimization terminated successfully.", "x": "[ 2.44601084  9.02347367  3.82478017 -1.77562963  8.23469786  1.89352097]", "final_simplex": "(array([[ 2.44601084,  9.02347367,  3.82478017, -1.77562963,  8.23469786,\n         1.89352097],\n       [ 2.44601251,  9.02347802,  3.82478193, -1.7756347 ,  8.23469835,\n         1.8935232 ],\n       [ 2.44601025,  9.02347304,  3.8247784 , -1.77563471,  8.23470115,\n         1.893525  ],\n       [ 2.4460116 ,  9.02347256,  3.82477936, -1.77563187,  8.23469781,\n         1.89352602],\n       [ 2.44601147,  9.02347083,  3.82478059, -1.77562738,  8.23470035,\n         1.89352966],\n       [ 2.44600703,  9.02346679,  3.82477453, -1.77562264,  8.23469709,\n         1.89352241],\n       [ 2.44600651,  9.02347179,  3.82478234, -1.77562358,  8.23469474,\n         1.89352441]]), array([0.45078717, 0.45078717, 0.45078717, 0.45078717, 0.45078717,\n       0.45078717, 0.45078717]))", "callback": [0.9050662175379485, 0.79535521084459, 0.7922829501141456, 0.7913546173238104, 0.7899522756281847, 0.7860031292398764, 0.7795153074127398, 0.7771781228131482, 0.776512125687527, 0.77242121774769, 0.7698950737414171, 0.7695570204684985, 0.7693705420292725, 0.7692043828909721, 0.7690970981561153, 0.7689366840394769, 0.7687802713331553, 0.768729575304516, 0.7686963753235679, 0.7686502215548116, 0.768494174004223, 0.7678438676777994, 0.7671835644213345, 0.7668197679496952, 0.7648912698327357, 0.7607588252254427, 0.7474469654531793, 0.7159920624352438, 0.7037195503532585, 0.6690282202047251, 0.6352849009251047, 0.5023754022942349, 0.5021154385755814, 0.4833842099264254, 0.4692955629839708, 0.4657255031265122, 0.4566925338986114, 0.45615140975417745, 0.45562242223758265, 0.45535757063754345, 0.45525753906485866, 0.4552084954555994, 0.4550432447909517, 0.45489699778749815, 0.4547065450476052, 0.4544589587459905, 0.45420279131375507, 0.45384665018756887, 0.45189494400601593, 0.4514353674228798, 0.4511661902320897, 0.4510505103911402, 0.45092312284590086, 0.4508601001695416, 0.45080726575662433, 0.45079143806176347, 0.45079143806176347, 0.45078834425834735, 0.4507875587579031, 0.45078738296365983, 0.4507871921414107, 0.45078717950823033, 0.4507871712851671, 0.4507871695675184, 0.4507871691115205, 0.4507871689880564, 0.45078716896709325, 0.4507871689619688]}, "9": {"maxiter": 1000, "fatol": 1e-05, "xatol": 1e-10, "duration": 0.3035111427307129, "fun": "0.45078716895918003", "nit": "796", "nfev": "1301", "status": "0", "success": "True", "message": "Optimization terminated successfully.", "x": "[ 2.44601349  9.02347124  3.82477655 -1.77563196  8.2347024   1.89352435]", "final_simplex": "(array([[ 2.44601349,  9.02347124,  3.82477655, -1.77563196,  8.2347024 ,\n         1.89352435],\n       [ 2.44601349,  9.02347124,  3.82477655, -1.77563196,  8.2347024 ,\n         1.89352435],\n       [ 2.44601349,  9.02347124,  3.82477655, -1.77563196,  8.2347024 ,\n         1.89352435],\n       [ 2.44601349,  9.02347124,  3.82477655, -1.77563196,  8.2347024 ,\n         1.89352435],\n       [ 2.44601349,  9.02347124,  3.82477655, -1.77563196,  8.2347024 ,\n         1.89352435],\n       [ 2.44601349,  9.02347124,  3.82477655, -1.77563196,  8.2347024 ,\n         1.89352435],\n       [ 2.44601349,  9.02347124,  3.82477655, -1.77563196,  8.2347024 ,\n         1.89352435]]), array([0.45078717, 0.45078717, 0.45078717, 0.45078717, 0.45078717,\n       0.45078717, 0.45078717]))", "callback": [0.9050662175379485, 0.79535521084459, 0.7922829501141456, 0.7913546173238104, 0.7899522756281847, 0.7860031292398764, 0.7795153074127398, 0.7771781228131482, 0.776512125687527, 0.77242121774769, 0.7698950737414171, 0.7695570204684985, 0.7693705420292725, 0.7692043828909721, 0.7690970981561153, 0.7689366840394769, 0.7687802713331553, 0.768729575304516, 0.7686963753235679, 0.7686502215548116, 0.768494174004223, 0.7678438676777994, 0.7671835644213345, 0.7668197679496952, 0.7648912698327357, 0.7607588252254427, 0.7474469654531793, 0.7159920624352438, 0.7037195503532585, 0.6690282202047251, 0.6352849009251047, 0.5023754022942349, 0.5021154385755814, 0.4833842099264254, 0.4692955629839708, 0.4657255031265122, 0.4566925338986114, 0.45615140975417745, 0.45562242223758265, 0.45535757063754345, 0.45525753906485866, 0.4552084954555994, 0.4550432447909517, 0.45489699778749815, 0.4547065450476052, 0.4544589587459905, 0.45420279131375507, 0.45384665018756887, 0.45189494400601593, 0.4514353674228798, 0.4511661902320897, 0.4510505103911402, 0.45092312284590086, 0.4508601001695416, 0.45080726575662433, 0.45079143806176347, 0.45079143806176347, 0.45078834425834735, 0.4507875587579031, 0.45078738296365983, 0.4507871921414107, 0.45078717950823033, 0.4507871712851671, 0.4507871695675184, 0.4507871691115205, 0.4507871689880564, 0.45078716896709325, 0.4507871689597097, 0.45078716895955084, 0.45078716895924564, 0.4507871689592058, 0.4507871689591898, 0.45078716895918436, 0.450787168959183, 0.45078716895918136, 0.4507871689591807, 0.4507871689591805, 0.45078716895918025, 0.45078716895918003, 0.45078716895918003]}, "10": {"maxiter": 1000, "fatol": 1e-10, "xatol": 1e-05, "duration": 0.23888826370239258, "fun": "0.4507871689619688", "nit": "671", "nfev": "1043", "status": "0", "success": "True", "message": "Optimization terminated successfully.", "x": "[ 2.44601084  9.02347367  3.82478017 -1.77562963  8.23469786  1.89352097]", "final_simplex": "(array([[ 2.44601084,  9.02347367,  3.82478017, -1.77562963,  8.23469786,\n         1.89352097],\n       [ 2.44601251,  9.02347802,  3.82478193, -1.7756347 ,  8.23469835,\n         1.8935232 ],\n       [ 2.44601025,  9.02347304,  3.8247784 , -1.77563471,  8.23470115,\n         1.893525  ],\n       [ 2.4460116 ,  9.02347256,  3.82477936, -1.77563187,  8.23469781,\n         1.89352602],\n       [ 2.44601147,  9.02347083,  3.82478059, -1.77562738,  8.23470035,\n         1.89352966],\n       [ 2.44600703,  9.02346679,  3.82477453, -1.77562264,  8.23469709,\n         1.89352241],\n       [ 2.44600651,  9.02347179,  3.82478234, -1.77562358,  8.23469474,\n         1.89352441]]), array([0.45078717, 0.45078717, 0.45078717, 0.45078717, 0.45078717,\n       0.45078717, 0.45078717]))", "callback": [0.9050662175379485, 0.79535521084459, 0.7922829501141456, 0.7913546173238104, 0.7899522756281847, 0.7860031292398764, 0.7795153074127398, 0.7771781228131482, 0.776512125687527, 0.77242121774769, 0.7698950737414171, 0.7695570204684985, 0.7693705420292725, 0.7692043828909721, 0.7690970981561153, 0.7689366840394769, 0.7687802713331553, 0.768729575304516, 0.7686963753235679, 0.7686502215548116, 0.768494174004223, 0.7678438676777994, 0.7671835644213345, 0.7668197679496952, 0.7648912698327357, 0.7607588252254427, 0.7474469654531793, 0.7159920624352438, 0.7037195503532585, 0.6690282202047251, 0.6352849009251047, 0.5023754022942349, 0.5021154385755814, 0.4833842099264254, 0.4692955629839708, 0.4657255031265122, 0.4566925338986114, 0.45615140975417745, 0.45562242223758265, 0.45535757063754345, 0.45525753906485866, 0.4552084954555994, 0.4550432447909517, 0.45489699778749815, 0.4547065450476052, 0.4544589587459905, 0.45420279131375507, 0.45384665018756887, 0.45189494400601593, 0.4514353674228798, 0.4511661902320897, 0.4510505103911402, 0.45092312284590086, 0.4508601001695416, 0.45080726575662433, 0.45079143806176347, 0.45079143806176347, 0.45078834425834735, 0.4507875587579031, 0.45078738296365983, 0.4507871921414107, 0.45078717950823033, 0.4507871712851671, 0.4507871695675184, 0.4507871691115205, 0.4507871689880564, 0.45078716896709325, 0.4507871689619688]}, "11": {"maxiter": 1000, "fatol": 1e-10, "xatol": 1e-10, "duration": 0.2948417663574219, "fun": "0.45078716895918003", "nit": "796", "nfev": "1301", "status": "0", "success": "True", "message": "Optimization terminated successfully.", "x": "[ 2.44601349  9.02347124  3.82477655 -1.77563196  8.2347024   1.89352435]", "final_simplex": "(array([[ 2.44601349,  9.02347124,  3.82477655, -1.77563196,  8.2347024 ,\n         1.89352435],\n       [ 2.44601349,  9.02347124,  3.82477655, -1.77563196,  8.2347024 ,\n         1.89352435],\n       [ 2.44601349,  9.02347124,  3.82477655, -1.77563196,  8.2347024 ,\n         1.89352435],\n       [ 2.44601349,  9.02347124,  3.82477655, -1.77563196,  8.2347024 ,\n         1.89352435],\n       [ 2.44601349,  9.02347124,  3.82477655, -1.77563196,  8.2347024 ,\n         1.89352435],\n       [ 2.44601349,  9.02347124,  3.82477655, -1.77563196,  8.2347024 ,\n         1.89352435],\n       [ 2.44601349,  9.02347124,  3.82477655, -1.77563196,  8.2347024 ,\n         1.89352435]]), array([0.45078717, 0.45078717, 0.45078717, 0.45078717, 0.45078717,\n       0.45078717, 0.45078717]))", "callback": [0.9050662175379485, 0.79535521084459, 0.7922829501141456, 0.7913546173238104, 0.7899522756281847, 0.7860031292398764, 0.7795153074127398, 0.7771781228131482, 0.776512125687527, 0.77242121774769, 0.7698950737414171, 0.7695570204684985, 0.7693705420292725, 0.7692043828909721, 0.7690970981561153, 0.7689366840394769, 0.7687802713331553, 0.768729575304516, 0.7686963753235679, 0.7686502215548116, 0.768494174004223, 0.7678438676777994, 0.7671835644213345, 0.7668197679496952, 0.7648912698327357, 0.7607588252254427, 0.7474469654531793, 0.7159920624352438, 0.7037195503532585, 0.6690282202047251, 0.6352849009251047, 0.5023754022942349, 0.5021154385755814, 0.4833842099264254, 0.4692955629839708, 0.4657255031265122, 0.4566925338986114, 0.45615140975417745, 0.45562242223758265, 0.45535757063754345, 0.45525753906485866, 0.4552084954555994, 0.4550432447909517, 0.45489699778749815, 0.4547065450476052, 0.4544589587459905, 0.45420279131375507, 0.45384665018756887, 0.45189494400601593, 0.4514353674228798, 0.4511661902320897, 0.4510505103911402, 0.45092312284590086, 0.4508601001695416, 0.45080726575662433, 0.45079143806176347, 0.45079143806176347, 0.45078834425834735, 0.4507875587579031, 0.45078738296365983, 0.4507871921414107, 0.45078717950823033, 0.4507871712851671, 0.4507871695675184, 0.4507871691115205, 0.4507871689880564, 0.45078716896709325, 0.4507871689597097, 0.45078716895955084, 0.45078716895924564, 0.4507871689592058, 0.4507871689591898, 0.45078716895918436, 0.450787168959183, 0.45078716895918136, 0.4507871689591807, 0.4507871689591805, 0.45078716895918025, 0.45078716895918003, 0.45078716895918003]}}, "bfgs": {"type": "gradient", "0": {"maxiter": 100, "gtol": 1e-05, "xrtol": 1e-05, "eps": 1e-05, "duration": 0.05227088928222656, "fun": "0.45078716903731253", "jac": "[ 1.55120361e-07  1.99396055e-08 -9.23527921e-07  3.58824082e-07\n  3.26727534e-07 -2.44944065e-06]", "hess_inv": "[[  9.77316485  -6.66243394   1.96625256  13.33927734  -4.5175422\n    0.07634935]\n [ -6.66243394  18.46360667   5.52719907 -16.68748258   1.81581282\n   -0.43419129]\n [  1.96625256   5.52719907  10.11658966   4.29661197  -3.27863302\n   -0.24349819]\n [ 13.33927734 -16.68748258   4.29661197  33.35455488  -8.4558999\n    0.69765519]\n [ -4.5175422    1.81581282  -3.27863302  -8.4558999    6.82783291\n    0.37930469]\n [  0.07634935  -0.43419129  -0.24349819   0.69765519   0.37930469\n    3.10985097]]", "nfev": "231", "njev": "33", "status": "0", "success": "True", "message": "Optimization terminated successfully.", "x": "[-2.44602361  5.88185916  6.96633832 -1.77564818  8.23470899  1.89351011]", "nit": "27", "callback": [0.860466977049428, 0.8360429621639236, 0.7438227939227131, 0.7055001052302431, 0.6641494614973054, 0.5888058044846026, 0.5505719151120251, 0.5291464987215154, 0.515412007749886, 0.492244537439426, 0.46342422396226857, 0.4588786117282643, 0.4566371283212617, 0.4544695379443977, 0.45293669253279656, 0.45206661870618714, 0.4511275510331292, 0.45082947233659054, 0.4507996814314056, 0.45079383112917915, 0.45079191134855257, 0.4507906551090437, 0.4507888455832493, 0.450787599269429, 0.45078721043658887, 0.4507871704025036, 0.45078716903731253]}, "1": {"maxiter": 100, "gtol": 1e-05, "xrtol": 1e-05, "eps": 1e-10, "duration": 0.05237698554992676, "fun": "0.4507871689938757", "jac": "[ 1.11022293e-06 -1.11022293e-06  0.00000000e+00  1.11022293e-06\n  2.22044587e-06 -2.22044587e-06]", "hess_inv": "[[  9.45215149  -6.54135753   1.77583202  12.85218528  -4.36394174\n    0.06283518]\n [ -6.54135753  18.47161369   5.5891486  -16.62087451   1.78069487\n   -0.41574298]\n [  1.77583202   5.5891486    9.97821191   4.00852702  -3.20412762\n   -0.22748018]\n [ 12.85218528 -16.62087451   4.00852702  32.81473261  -8.25288041\n    0.68677152]\n [ -4.36394174   1.78069487  -3.20412762  -8.25288041   6.7384513\n    0.38135326]\n [  0.06283518  -0.41574298  -0.22748018   0.68677152   0.38135326\n    3.08699331]]", "nfev": "231", "njev": "33", "status": "0", "success": "True", "message": "Optimization terminated successfully.", "x": "[-2.44599449  5.88185285  6.96636149 -1.77560533  8.23469755  1.89351691]", "nit": "27", "callback": [0.8604627305768715, 0.8360403882417378, 0.7438217979162232, 0.7055014738440372, 0.6641393308715412, 0.5887797674958983, 0.5506280768865945, 0.5291453370094314, 0.5154276340984674, 0.49222802412375855, 0.4633696459348339, 0.45880033589643066, 0.45668795366169335, 0.4544630497403602, 0.4529595246720629, 0.4520727794292093, 0.45114146689066226, 0.4508306002331294, 0.45079975730823996, 0.45079388778977514, 0.4507919475033719, 0.45079067354147473, 0.4507889612909721, 0.4507876443238925, 0.4507872147335197, 0.4507871705750137, 0.4507871689938757]}, "2": {"maxiter": 100, "gtol": 1e-05, "xrtol": 1e-10, "eps": 1e-05, "duration": 0.05186319351196289, "fun": "0.45078716903731253", "jac": "[ 1.55120361e-07  1.99396055e-08 -9.23527921e-07  3.58824082e-07\n  3.26727534e-07 -2.44944065e-06]", "hess_inv": "[[  9.77316485  -6.66243394   1.96625256  13.33927734  -4.5175422\n    0.07634935]\n [ -6.66243394  18.46360667   5.52719907 -16.68748258   1.81581282\n   -0.43419129]\n [  1.96625256   5.52719907  10.11658966   4.29661197  -3.27863302\n   -0.24349819]\n [ 13.33927734 -16.68748258   4.29661197  33.35455488  -8.4558999\n    0.69765519]\n [ -4.5175422    1.81581282  -3.27863302  -8.4558999    6.82783291\n    0.37930469]\n [  0.07634935  -0.43419129  -0.24349819   0.69765519   0.37930469\n    3.10985097]]", "nfev": "231", "njev": "33", "status": "0", "success": "True", "message": "Optimization terminated successfully.", "x": "[-2.44602361  5.88185916  6.96633832 -1.77564818  8.23470899  1.89351011]", "nit": "27", "callback": [0.860466977049428, 0.8360429621639236, 0.7438227939227131, 0.7055001052302431, 0.6641494614973054, 0.5888058044846026, 0.5505719151120251, 0.5291464987215154, 0.515412007749886, 0.492244537439426, 0.46342422396226857, 0.4588786117282643, 0.4566371283212617, 0.4544695379443977, 0.45293669253279656, 0.45206661870618714, 0.4511275510331292, 0.45082947233659054, 0.4507996814314056, 0.45079383112917915, 0.45079191134855257, 0.4507906551090437, 0.4507888455832493, 0.450787599269429, 0.45078721043658887, 0.4507871704025036, 0.45078716903731253]}, "3": {"maxiter": 100, "gtol": 1e-05, "xrtol": 1e-10, "eps": 1e-10, "duration": 0.05166172981262207, "fun": "0.4507871689938757", "jac": "[ 1.11022293e-06 -1.11022293e-06  0.00000000e+00  1.11022293e-06\n  2.22044587e-06 -2.22044587e-06]", "hess_inv": "[[  9.45215149  -6.54135753   1.77583202  12.85218528  -4.36394174\n    0.06283518]\n [ -6.54135753  18.47161369   5.5891486  -16.62087451   1.78069487\n   -0.41574298]\n [  1.77583202   5.5891486    9.97821191   4.00852702  -3.20412762\n   -0.22748018]\n [ 12.85218528 -16.62087451   4.00852702  32.81473261  -8.25288041\n    0.68677152]\n [ -4.36394174   1.78069487  -3.20412762  -8.25288041   6.7384513\n    0.38135326]\n [  0.06283518  -0.41574298  -0.22748018   0.68677152   0.38135326\n    3.08699331]]", "nfev": "231", "njev": "33", "status": "0", "success": "True", "message": "Optimization terminated successfully.", "x": "[-2.44599449  5.88185285  6.96636149 -1.77560533  8.23469755  1.89351691]", "nit": "27", "callback": [0.8604627305768715, 0.8360403882417378, 0.7438217979162232, 0.7055014738440372, 0.6641393308715412, 0.5887797674958983, 0.5506280768865945, 0.5291453370094314, 0.5154276340984674, 0.49222802412375855, 0.4633696459348339, 0.45880033589643066, 0.45668795366169335, 0.4544630497403602, 0.4529595246720629, 0.4520727794292093, 0.45114146689066226, 0.4508306002331294, 0.45079975730823996, 0.45079388778977514, 0.4507919475033719, 0.45079067354147473, 0.4507889612909721, 0.4507876443238925, 0.4507872147335197, 0.4507871705750137, 0.4507871689938757]}, "4": {"maxiter": 100, "gtol": 1e-10, "xrtol": 1e-05, "eps": 1e-05, "duration": 0.05300498008728027, "fun": "0.4507871689981934", "jac": "[ 2.18158824e-08  1.23523414e-07 -1.25510713e-07  3.11861648e-08\n -7.78266340e-09 -2.80497847e-07]", "hess_inv": "[[  9.71168588  -6.82516148   1.64374848  13.16530687  -4.42420653\n   -0.18070839]\n [ -6.82516148  19.12658864   6.06908305 -16.99880129   1.76338872\n    0.0453211 ]\n [  1.64374848   6.06908305  10.20542152   3.57432613  -3.17112945\n   -0.11196548]\n [ 13.16530687 -16.99880129   3.57432613  32.88260366  -8.23262519\n    0.12843507]\n [ -4.42420653   1.76338872  -3.17112945  -8.23262519   6.76813346\n    0.45196041]\n [ -0.18070839   0.0453211   -0.11196548   0.12843507   0.45196041\n    3.26516671]]", "nfev": "238", "njev": "34", "status": "0", "success": "True", "message": "Optimization terminated successfully.", "x": "[-2.44602718  5.88187107  6.96634685 -1.77565537  8.23470856  1.89351784]", "nit": "28", "callback": [0.860466977049428, 0.8360429621639236, 0.7438227939227131, 0.7055001052302431, 0.6641494614973054, 0.5888058044846026, 0.5505719151120251, 0.5291464987215154, 0.515412007749886, 0.492244537439426, 0.46342422396226857, 0.4588786117282643, 0.4566371283212617, 0.4544695379443977, 0.45293669253279656, 0.45206661870618714, 0.4511275510331292, 0.45082947233659054, 0.4507996814314056, 0.45079383112917915, 0.45079191134855257, 0.4507906551090437, 0.4507888455832493, 0.450787599269429, 0.45078721043658887, 0.4507871704025036, 0.45078716903731253, 0.4507871689981934]}, "5": {"maxiter": 100, "gtol": 1e-10, "xrtol": 1e-05, "eps": 1e-10, "duration": 0.0550379753112793, "fun": "0.4507871689714358", "jac": "[ 1.11022293e-06 -1.11022293e-06  0.00000000e+00  0.00000000e+00\n -1.11022293e-06 -1.11022293e-06]", "hess_inv": "[[ 10.53800316  -8.61074064   1.43644671  15.34633418  -4.5059655\n   -0.207185  ]\n [ -8.61074064  22.37437791   6.2125374  -21.3019881    2.00691623\n    0.06423837]\n [  1.43644671   6.2125374   10.07093185   3.27015835  -3.18510246\n   -0.16284023]\n [ 15.34633418 -21.3019881    3.27015835  38.41668211  -8.50088867\n    0.12746527]\n [ -4.5059655    2.00691623  -3.18510246  -8.50088867   6.70885547\n    0.37915158]\n [ -0.207185     0.06423837  -0.16284023   0.12746527   0.37915158\n    3.12491773]]", "nfev": "245", "njev": "35", "status": "0", "success": "True", "message": "Optimization terminated successfully.", "x": "[-2.44600439  5.88187135  6.96636438 -1.77562743  8.23469845  1.89351906]", "nit": "28", "callback": [0.8604627305768715, 0.8360403882417378, 0.7438217979162232, 0.7055014738440372, 0.6641393308715412, 0.5887797674958983, 0.5506280768865945, 0.5291453370094314, 0.5154276340984674, 0.49222802412375855, 0.4633696459348339, 0.45880033589643066, 0.45668795366169335, 0.4544630497403602, 0.4529595246720629, 0.4520727794292093, 0.45114146689066226, 0.4508306002331294, 0.45079975730823996, 0.45079388778977514, 0.4507919475033719, 0.45079067354147473, 0.4507889612909721, 0.4507876443238925, 0.4507872147335197, 0.4507871705750137, 0.4507871689938757, 0.4507871689714358]}, "6": {"maxiter": 100, "gtol": 1e-10, "xrtol": 1e-10, "eps": 1e-05, "duration": 0.09882092475891113, "fun": "0.45078716899565197", "jac": "[ 5.09592368e-09  3.09752224e-08 -1.22457600e-08  8.77076189e-09\n -3.60822483e-09 -2.39142040e-08]", "hess_inv": "[[  9.64190529  -6.78016118   1.68540118  13.06015696  -4.39050154\n   -0.03372458]\n [ -6.78016118  19.33111826   5.69506106 -17.26465329   1.72480486\n   -0.88161585]\n [  1.68540118   5.69506106   9.95077366   3.70322398  -3.11354561\n   -0.20497127]\n [ 13.06015696 -17.26465329   3.70322398  32.95311448  -8.1274175\n    0.82284472]\n [ -4.39050154   1.72480486  -3.11354561  -8.1274175    6.74935094\n    0.52870274]\n [ -0.03372458  -0.88161585  -0.20497127   0.82284472   0.52870274\n    3.85154838]]", "nfev": "445", "njev": "62", "status": "2", "success": "False", "message": "Desired error not necessarily achieved due to precision loss.", "x": "[-2.44602684  5.88187021  6.96634728 -1.77565414  8.23470847  1.89351887]", "nit": "29", "callback": [0.860466977049428, 0.8360429621639236, 0.7438227939227131, 0.7055001052302431, 0.6641494614973054, 0.5888058044846026, 0.5505719151120251, 0.5291464987215154, 0.515412007749886, 0.492244537439426, 0.46342422396226857, 0.4588786117282643, 0.4566371283212617, 0.4544695379443977, 0.45293669253279656, 0.45206661870618714, 0.4511275510331292, 0.45082947233659054, 0.4507996814314056, 0.45079383112917915, 0.45079191134855257, 0.4507906551090437, 0.4507888455832493, 0.450787599269429, 0.45078721043658887, 0.4507871704025036, 0.45078716903731253, 0.4507871689981934, 0.45078716899565197]}, "7": {"maxiter": 100, "gtol": 1e-10, "xrtol": 1e-10, "eps": 1e-10, "duration": 0.07652401924133301, "fun": "0.4507871689689711", "jac": "[ 3.33066880e-06  2.22044587e-06 -1.11022293e-06  0.00000000e+00\n  1.11022293e-06  0.00000000e+00]", "hess_inv": "[[ 19.57773024 -35.41738059  -8.5051358   39.96165927 -12.34759084\n   -6.50674942]\n [-35.41738059  77.91544297  20.25612106 -81.28376439  22.89789983\n   10.97715769]\n [ -8.5051358   20.25612106  10.98666214 -15.48403539   3.46821781\n    1.67577778]\n [ 39.96165927 -81.28376439 -15.48403539  98.30199226 -29.03261685\n  -12.8915985 ]\n [-12.34759084  22.89789983   3.46821781 -29.03261685  10.33034254\n    4.53208118]\n [ -6.50674942  10.97715769   1.67577778 -12.8915985    4.53208118\n    4.89474973]]", "nfev": "343", "njev": "49", "status": "0", "success": "True", "message": "Optimization terminated successfully.", "x": "[-2.44601749  5.8818899   6.96636536 -1.77565243  8.23470551  1.89352118]", "nit": "30", "callback": [0.8604627305768715, 0.8360403882417378, 0.7438217979162232, 0.7055014738440372, 0.6641393308715412, 0.5887797674958983, 0.5506280768865945, 0.5291453370094314, 0.5154276340984674, 0.49222802412375855, 0.4633696459348339, 0.45880033589643066, 0.45668795366169335, 0.4544630497403602, 0.4529595246720629, 0.4520727794292093, 0.45114146689066226, 0.4508306002331294, 0.45079975730823996, 0.45079388778977514, 0.4507919475033719, 0.45079067354147473, 0.4507889612909721, 0.4507876443238925, 0.4507872147335197, 0.4507871705750137, 0.4507871689938757, 0.4507871689714358, 0.4507871689689711, 0.4507871689689711]}, "8": {"maxiter": 500, "gtol": 1e-05, "xrtol": 1e-05, "eps": 1e-05, "duration": 0.05473780632019043, "fun": "0.45078716903731253", "jac": "[ 1.55120361e-07  1.99396055e-08 -9.23527921e-07  3.58824082e-07\n  3.26727534e-07 -2.44944065e-06]", "hess_inv": "[[  9.77316485  -6.66243394   1.96625256  13.33927734  -4.5175422\n    0.07634935]\n [ -6.66243394  18.46360667   5.52719907 -16.68748258   1.81581282\n   -0.43419129]\n [  1.96625256   5.52719907  10.11658966   4.29661197  -3.27863302\n   -0.24349819]\n [ 13.33927734 -16.68748258   4.29661197  33.35455488  -8.4558999\n    0.69765519]\n [ -4.5175422    1.81581282  -3.27863302  -8.4558999    6.82783291\n    0.37930469]\n [  0.07634935  -0.43419129  -0.24349819   0.69765519   0.37930469\n    3.10985097]]", "nfev": "231", "njev": "33", "status": "0", "success": "True", "message": "Optimization terminated successfully.", "x": "[-2.44602361  5.88185916  6.96633832 -1.77564818  8.23470899  1.89351011]", "nit": "27", "callback": [0.860466977049428, 0.8360429621639236, 0.7438227939227131, 0.7055001052302431, 0.6641494614973054, 0.5888058044846026, 0.5505719151120251, 0.5291464987215154, 0.515412007749886, 0.492244537439426, 0.46342422396226857, 0.4588786117282643, 0.4566371283212617, 0.4544695379443977, 0.45293669253279656, 0.45206661870618714, 0.4511275510331292, 0.45082947233659054, 0.4507996814314056, 0.45079383112917915, 0.45079191134855257, 0.4507906551090437, 0.4507888455832493, 0.450787599269429, 0.45078721043658887, 0.4507871704025036, 0.45078716903731253]}, "9": {"maxiter": 500, "gtol": 1e-05, "xrtol": 1e-05, "eps": 1e-10, "duration": 0.056906700134277344, "fun": "0.4507871689938757", "jac": "[ 1.11022293e-06 -1.11022293e-06  0.00000000e+00  1.11022293e-06\n  2.22044587e-06 -2.22044587e-06]", "hess_inv": "[[  9.45215149  -6.54135753   1.77583202  12.85218528  -4.36394174\n    0.06283518]\n [ -6.54135753  18.47161369   5.5891486  -16.62087451   1.78069487\n   -0.41574298]\n [  1.77583202   5.5891486    9.97821191   4.00852702  -3.20412762\n   -0.22748018]\n [ 12.85218528 -16.62087451   4.00852702  32.81473261  -8.25288041\n    0.68677152]\n [ -4.36394174   1.78069487  -3.20412762  -8.25288041   6.7384513\n    0.38135326]\n [  0.06283518  -0.41574298  -0.22748018   0.