{"date": "2024/09/23/, 16:10:04", "conf_id": 38, "data_type": "random\n", "num_data_points": 2, "s_rank": 0, "unitary": "[[-0.53618537-0.34368723j,-0.12107031-0.46226139j,-0.07699282-0.46603512j,0.36022595-0.11472301j],[0.26026499-0.63450712j,-0.56616638+0.37832564j,-0.14988651+0.08458591j,0.10363514-0.16008501j],[-0.32580188-0.11070003j,-0.36476308-0.23593218j,0.02559343+0.41761608j,-0.25598305+0.6725303j],[0.07406738-0.0126433j,0.28513701+0.19483972j,-0.74939717-0.10299659j,0.29798249+0.46269921j]]", "databatch_0": {"databatch": "[[[0.07025254-0.24063735j,-0.1970448-0.32603041j,-0.00702033+0.10654329j,0.18431724-0.15230618j],[-0.04781883-0.14286405j,0.19444183+0.16658191j,0.04320306-0.28791694j,0.00256238-0.13242258j],[0.09678324-0.31871074j,0.19063826+0.08298948j,0.05882895-0.18242146j,0.01293322+0.03986667j],[0.13601234+0.04278228j,-0.28169595-0.06629606j,-0.10566463-0.43836853j,-0.0285179+0.17892618j]],[[0.18688658+0.02726938j,-0.25959026-0.07435561j,0.1358754+0.13952433j,0.06803765+0.27108377j],[0.05639625-0.18990902j,0.18444091-0.32348773j,-0.14826887+0.08437731j,-0.07266318-0.06591855j],[-0.21138706-0.10151481j,0.00072993-0.01148397j,-0.13001405-0.51851534j,0.09527168-0.19717026j],[0.17967774+0.01510529j,-0.19127755-0.24013984j,-0.13312468-0.07573717j,0.04064704-0.13423246j]]]", "initial param values": "[0.84751981,6.26533443,2.23146924,5.34732668,3.92243546,0.08062934]", "nelder_mead": {"type": "gradient-free", "0": {"maxiter": 100, "fatol": 1e-05, "xatol": 1e-05, "duration": 0.04724001884460449, "fun": "0.580156367664725", "nit": "100", "nfev": "156", "status": "2", "success": "False", "message": "Maximum number of iterations has been exceeded.", "x": "[ 0.85532673  8.80516719  3.77259787  7.75019617 -0.98816807  0.06801544]", "final_simplex": "(array([[ 0.85532673,  8.80516719,  3.77259787,  7.75019617, -0.98816807,\n         0.06801544],\n       [ 0.81854175,  8.80207699,  3.62803772,  7.75630675, -0.9232424 ,\n         0.07090374],\n       [ 0.79397781,  8.7635421 ,  3.74527704,  7.76542324, -0.90615085,\n         0.06997895],\n       [ 0.84238642,  8.84165534,  3.51958163,  7.6718336 , -0.8283071 ,\n         0.07068103],\n       [ 0.78541402,  8.79264369,  3.70437899,  7.71712743, -0.86377988,\n         0.07160964],\n       [ 0.80713127,  8.83325465,  3.59811393,  7.68485929, -0.93056993,\n         0.07265664],\n       [ 0.78965456,  8.95124731,  3.6489231 ,  7.68634829, -0.91842723,\n         0.07196217]]), array([0.58015637, 0.58803789, 0.58827328, 0.58841863, 0.58918849,\n       0.58932502, 0.58949084]))", "callback": [0.9192199337105605, 0.892681562552712, 0.765245255680446, 0.6702041266700733, 0.6403445589384513, 0.603266782307897, 0.5984872754949245, 0.5971491418992029, 0.5925076552182964]}, "1": {"maxiter": 100, "fatol": 1e-05, "xatol": 1e-10, "duration": 0.046066999435424805, "fun": "0.580156367664725", "nit": "100", "nfev": "156", "status": "2", "success": "False", "message": "Maximum number of iterations has been exceeded.", "x": "[ 0.85532673  8.80516719  3.77259787  7.75019617 -0.98816807  0.06801544]", "final_simplex": "(array([[ 0.85532673,  8.80516719,  3.77259787,  7.75019617, -0.98816807,\n         0.06801544],\n       [ 0.81854175,  8.80207699,  3.62803772,  7.75630675, -0.9232424 ,\n         0.07090374],\n       [ 0.79397781,  8.7635421 ,  3.74527704,  7.76542324, -0.90615085,\n         0.06997895],\n       [ 0.84238642,  8.84165534,  3.51958163,  7.6718336 , -0.8283071 ,\n         0.07068103],\n       [ 0.78541402,  8.79264369,  3.70437899,  7.71712743, -0.86377988,\n         0.07160964],\n       [ 0.80713127,  8.83325465,  3.59811393,  7.68485929, -0.93056993,\n         0.07265664],\n       [ 0.78965456,  8.95124731,  3.6489231 ,  7.68634829, -0.91842723,\n         0.07196217]]), array([0.58015637, 0.58803789, 0.58827328, 0.58841863, 0.58918849,\n       0.58932502, 0.58949084]))", "callback": [0.9192199337105605, 0.892681562552712, 0.765245255680446, 0.6702041266700733, 0.6403445589384513, 0.603266782307897, 0.5984872754949245, 0.5971491418992029, 0.5925076552182964]}, "2": {"maxiter": 100, "fatol": 1e-10, "xatol": 1e-05, "duration": 0.047010183334350586, "fun": "0.580156367664725", "nit": "100", "nfev": "156", "status": "2", "success": "False", "message": "Maximum number of iterations has been exceeded.", "x": "[ 0.85532673  8.80516719  3.77259787  7.75019617 -0.98816807  0.06801544]", "final_simplex": "(array([[ 0.85532673,  8.80516719,  3.77259787,  7.75019617, -0.98816807,\n         0.06801544],\n       [ 0.81854175,  8.80207699,  3.62803772,  7.75630675, -0.9232424 ,\n         0.07090374],\n       [ 0.79397781,  8.7635421 ,  3.74527704,  7.76542324, -0.90615085,\n         0.06997895],\n       [ 0.84238642,  8.84165534,  3.51958163,  7.6718336 , -0.8283071 ,\n         0.07068103],\n       [ 0.78541402,  8.79264369,  3.70437899,  7.71712743, -0.86377988,\n         0.07160964],\n       [ 0.80713127,  8.83325465,  3.59811393,  7.68485929, -0.93056993,\n         0.07265664],\n       [ 0.78965456,  8.95124731,  3.6489231 ,  7.68634829, -0.91842723,\n         0.07196217]]), array([0.58015637, 0.58803789, 0.58827328, 0.58841863, 0.58918849,\n       0.58932502, 0.58949084]))", "callback": [0.9192199337105605, 0.892681562552712, 0.765245255680446, 0.6702041266700733, 0.6403445589384513, 0.603266782307897, 0.5984872754949245, 0.5971491418992029, 0.5925076552182964]}, "3": {"maxiter": 100, "fatol": 1e-10, "xatol": 1e-10, "duration": 0.04614973068237305, "fun": "0.580156367664725", "nit": "100", "nfev": "156", "status": "2", "success": "False", "message": "Maximum number of iterations has been exceeded.", "x": "[ 0.85532673  8.80516719  3.77259787  7.75019617 -0.98816807  0.06801544]", "final_simplex": "(array([[ 0.85532673,  8.80516719,  3.77259787,  7.75019617, -0.98816807,\n         0.06801544],\n       [ 0.81854175,  8.80207699,  3.62803772,  7.75630675, -0.9232424 ,\n         0.07090374],\n       [ 0.79397781,  8.7635421 ,  3.74527704,  7.76542324, -0.90615085,\n         0.06997895],\n       [ 0.84238642,  8.84165534,  3.51958163,  7.6718336 , -0.8283071 ,\n         0.07068103],\n       [ 0.78541402,  8.79264369,  3.70437899,  7.71712743, -0.86377988,\n         0.07160964],\n       [ 0.80713127,  8.83325465,  3.59811393,  7.68485929, -0.93056993,\n         0.07265664],\n       [ 0.78965456,  8.95124731,  3.6489231 ,  7.68634829, -0.91842723,\n         0.07196217]]), array([0.58015637, 0.58803789, 0.58827328, 0.58841863, 0.58918849,\n       0.58932502, 0.58949084]))", "callback": [0.9192199337105605, 0.892681562552712, 0.765245255680446, 0.6702041266700733, 0.6403445589384513, 0.603266782307897, 0.5984872754949245, 0.5971491418992029, 0.5925076552182964]}, "4": {"maxiter": 500, "fatol": 1e-05, "xatol": 1e-05, "duration": 0.23284482955932617, "fun": "0.43133463662016547", "nit": "499", "nfev": "777", "status": "0", "success": "True", "message": "Optimization terminated successfully.", "x": "[ 2.06311317  8.72216983  4.2194006   7.64883132 -1.52076115 -0.77413444]", "final_simplex": "(array([[ 2.06311317,  8.72216983,  4.2194006 ,  7.64883132, -1.52076115,\n        -0.77413444],\n       [ 2.06311381,  8.72217324,  4.21940386,  7.64882744, -1.52076791,\n        -0.7741375 ],\n       [ 2.06311071,  8.72217332,  4.2194011 ,  7.64883363, -1.52076248,\n        -0.77412745],\n       [ 2.06310515,  8.72216635,  4.21939555,  7.64883435, -1.52075787,\n        -0.77413961],\n       [ 2.06310424,  8.72217168,  4.21939753,  7.64883085, -1.52075532,\n        -0.77413382],\n       [ 2.06310549,  8.7221713 ,  4.21940589,  7.64883033, -1.52076251,\n        -0.77413141],\n       [ 2.063113  ,  8.72217715,  4.21940665,  7.64883773, -1.52076391,\n        -0.77413078]]), array([0.43133464, 0.43133464, 0.43133464, 0.43133464, 0.43133464,\n       0.43133464, 0.43133464]))", "callback": [0.9192199337105605, 0.892681562552712, 0.765245255680446, 0.6702041266700733, 0.6403445589384513, 0.603266782307897, 0.5984872754949245, 0.5971491418992029, 0.5925076552182964, 0.580156367664725, 0.558075378541335, 0.5183984713745108, 0.5113884666077847, 0.5071092893475844, 0.5043199299862604, 0.5036023117264816, 0.5033382169281765, 0.503281740114849, 0.5032498477967433, 0.5032169352737095, 0.5031468414746707, 0.502825635833432, 0.5023556616272501, 0.5017480042685964, 0.5002517039730654, 0.4964287685219685, 0.4890639374900517, 0.4706791495656243, 0.4564526800369174, 0.4445870887929294, 0.4396729041266102, 0.43699367351538987, 0.432830958682101, 0.4317420258433373, 0.4314898999353398, 0.43137389278662186, 0.43134997937197006, 0.43133809138338797, 0.43133574611281, 0.4313353980945296, 0.43133482673246193, 0.4313347043538911, 0.4313346826584077, 0.4313346485096674, 0.43133464297454516, 0.4313346384666682, 0.43133463755902723, 0.4313346367574483, 0.4313346366240196]}, "5": {"maxiter": 500, "fatol": 1e-05, "xatol": 1e-10, "duration": 0.2420821189880371, "fun": "0.4313346366196795", "nit": "500", "nfev": "779", "status": "2", "success": "False", "message": "Maximum number of iterations has been exceeded.", "x": "[ 2.06311088  8.72217405  4.2194037   7.64883453 -1.52076256 -0.77413241]", "final_simplex": "(array([[ 2.06311088,  8.72217405,  4.2194037 ,  7.64883453, -1.52076256,\n        -0.77413241],\n       [ 2.06311317,  8.72216983,  4.2194006 ,  7.64883132, -1.52076115,\n        -0.77413444],\n       [ 2.06311381,  8.72217324,  4.21940386,  7.64882744, -1.52076791,\n        -0.7741375 ],\n       [ 2.06311071,  8.72217332,  4.2194011 ,  7.64883363, -1.52076248,\n        -0.77412745],\n       [ 2.06310515,  8.72216635,  4.21939555,  7.64883435, -1.52075787,\n        -0.77413961],\n       [ 2.06310424,  8.72217168,  4.21939753,  7.64883085, -1.52075532,\n        -0.77413382],\n       [ 2.06310549,  8.7221713 ,  4.21940589,  7.64883033, -1.52076251,\n        -0.77413141]]), array([0.43133464, 0.43133464, 0.43133464, 0.43133464, 0.43133464,\n       0.43133464, 0.43133464]))", "callback": [0.9192199337105605, 0.892681562552712, 0.765245255680446, 0.6702041266700733, 0.6403445589384513, 0.603266782307897, 0.5984872754949245, 0.5971491418992029, 0.5925076552182964, 0.580156367664725, 0.558075378541335, 0.5183984713745108, 0.5113884666077847, 0.5071092893475844, 0.5043199299862604, 0.5036023117264816, 0.5033382169281765, 0.503281740114849, 0.5032498477967433, 0.5032169352737095, 0.5031468414746707, 0.502825635833432, 0.5023556616272501, 0.5017480042685964, 0.5002517039730654, 0.4964287685219685, 0.4890639374900517, 0.4706791495656243, 0.4564526800369174, 0.4445870887929294, 0.4396729041266102, 0.43699367351538987, 0.432830958682101, 0.4317420258433373, 0.4314898999353398, 0.43137389278662186, 0.43134997937197006, 0.43133809138338797, 0.43133574611281, 0.4313353980945296, 0.43133482673246193, 0.4313347043538911, 0.4313346826584077, 0.4313346485096674, 0.43133464297454516, 0.4313346384666682, 0.43133463755902723, 0.4313346367574483, 0.4313346366240196]}, "6": {"maxiter": 500, "fatol": 1e-10, "xatol": 1e-05, "duration": 0.24643182754516602, "fun": "0.43133463662016547", "nit": "499", "nfev": "777", "status": "0", "success": "True", "message": "Optimization terminated successfully.", "x": "[ 2.06311317  8.72216983  4.2194006   7.64883132 -1.52076115 -0.77413444]", "final_simplex": "(array([[ 2.06311317,  8.72216983,  4.2194006 ,  7.64883132, -1.52076115,\n        -0.77413444],\n       [ 2.06311381,  8.72217324,  4.21940386,  7.64882744, -1.52076791,\n        -0.7741375 ],\n       [ 2.06311071,  8.72217332,  4.2194011 ,  7.64883363, -1.52076248,\n        -0.77412745],\n       [ 2.06310515,  8.72216635,  4.21939555,  7.64883435, -1.52075787,\n        -0.77413961],\n       [ 2.06310424,  8.72217168,  4.21939753,  7.64883085, -1.52075532,\n        -0.77413382],\n       [ 2.06310549,  8.7221713 ,  4.21940589,  7.64883033, -1.52076251,\n        -0.77413141],\n       [ 2.063113  ,  8.72217715,  4.21940665,  7.64883773, -1.52076391,\n        -0.77413078]]), array([0.43133464, 0.43133464, 0.43133464, 0.43133464, 0.43133464,\n       0.43133464, 0.43133464]))", "callback": [0.9192199337105605, 0.892681562552712, 0.765245255680446, 0.6702041266700733, 0.6403445589384513, 0.603266782307897, 0.5984872754949245, 0.5971491418992029, 0.5925076552182964, 0.580156367664725, 0.558075378541335, 0.5183984713745108, 0.5113884666077847, 0.5071092893475844, 0.5043199299862604, 0.5036023117264816, 0.5033382169281765, 0.503281740114849, 0.5032498477967433, 0.5032169352737095, 0.5031468414746707, 0.502825635833432, 0.5023556616272501, 0.5017480042685964, 0.5002517039730654, 0.4964287685219685, 0.4890639374900517, 0.4706791495656243, 0.4564526800369174, 0.4445870887929294, 0.4396729041266102, 0.43699367351538987, 0.432830958682101, 0.4317420258433373, 0.4314898999353398, 0.43137389278662186, 0.43134997937197006, 0.43133809138338797, 0.43133574611281, 0.4313353980945296, 0.43133482673246193, 0.4313347043538911, 0.4313346826584077, 0.4313346485096674, 0.43133464297454516, 0.4313346384666682, 0.43133463755902723, 0.4313346367574483, 0.4313346366240196]}, "7": {"maxiter": 500, "fatol": 1e-10, "xatol": 1e-10, "duration": 0.2662689685821533, "fun": "0.4313346366196795", "nit": "500", "nfev": "779", "status": "2", "success": "False", "message": "Maximum number of iterations has been exceeded.", "x": "[ 2.06311088  8.72217405  4.2194037   7.64883453 -1.52076256 -0.77413241]", "final_simplex": "(array([[ 2.06311088,  8.72217405,  4.2194037 ,  7.64883453, -1.52076256,\n        -0.77413241],\n       [ 2.06311317,  8.72216983,  4.2194006 ,  7.64883132, -1.52076115,\n        -0.77413444],\n       [ 2.06311381,  8.72217324,  4.21940386,  7.64882744, -1.52076791,\n        -0.7741375 ],\n       [ 2.06311071,  8.72217332,  4.2194011 ,  7.64883363, -1.52076248,\n        -0.77412745],\n       [ 2.06310515,  8.72216635,  4.21939555,  7.64883435, -1.52075787,\n        -0.77413961],\n       [ 2.06310424,  8.72217168,  4.21939753,  7.64883085, -1.52075532,\n        -0.77413382],\n       [ 2.06310549,  8.7221713 ,  4.21940589,  7.64883033, -1.52076251,\n        -0.77413141]]), array([0.43133464, 0.43133464, 0.43133464, 0.43133464, 0.43133464,\n       0.43133464, 0.43133464]))", "callback": [0.9192199337105605, 0.892681562552712, 0.765245255680446, 0.6702041266700733, 0.6403445589384513, 0.603266782307897, 0.5984872754949245, 0.5971491418992029, 0.5925076552182964, 0.580156367664725, 0.558075378541335, 0.5183984713745108, 0.5113884666077847, 0.5071092893475844, 0.5043199299862604, 0.5036023117264816, 0.5033382169281765, 0.503281740114849, 0.5032498477967433, 0.5032169352737095, 0.5031468414746707, 0.502825635833432, 0.5023556616272501, 0.5017480042685964, 0.5002517039730654, 0.4964287685219685, 0.4890639374900517, 0.4706791495656243, 0.4564526800369174, 0.4445870887929294, 0.4396729041266102, 0.43699367351538987, 0.432830958682101, 0.4317420258433373, 0.4314898999353398, 0.43137389278662186, 0.43134997937197006, 0.43133809138338797, 0.43133574611281, 0.4313353980945296, 0.43133482673246193, 0.4313347043538911, 0.4313346826584077, 0.4313346485096674, 0.43133464297454516, 0.4313346384666682, 0.43133463755902723, 0.4313346367574483, 0.4313346366240196]}, "8": {"maxiter": 1000, "fatol": 1e-05, "xatol": 1e-05, "duration": 0.2278590202331543, "fun": "0.43133463662016547", "nit": "499", "nfev": "777", "status": "0", "success": "True", "message": "Optimization terminated successfully.", "x": "[ 2.06311317  8.72216983  4.2194006   7.64883132 -1.52076115 -0.77413444]", "final_simplex": "(array([[ 2.06311317,  8.72216983,  4.2194006 ,  7.64883132, -1.52076115,\n        -0.77413444],\n       [ 2.06311381,  8.72217324,  4.21940386,  7.64882744, -1.52076791,\n        -0.7741375 ],\n       [ 2.06311071,  8.72217332,  4.2194011 ,  7.64883363, -1.52076248,\n        -0.77412745],\n       [ 2.06310515,  8.72216635,  4.21939555,  7.64883435, -1.52075787,\n        -0.77413961],\n       [ 2.06310424,  8.72217168,  4.21939753,  7.64883085, -1.52075532,\n        -0.77413382],\n       [ 2.06310549,  8.7221713 ,  4.21940589,  7.64883033, -1.52076251,\n        -0.77413141],\n       [ 2.063113  ,  8.72217715,  4.21940665,  7.64883773, -1.52076391,\n        -0.77413078]]), array([0.43133464, 0.43133464, 0.43133464, 0.43133464, 0.43133464,\n       0.43133464, 0.43133464]))", "callback": [0.9192199337105605, 0.892681562552712, 0.765245255680446, 0.6702041266700733, 0.6403445589384513, 0.603266782307897, 0.5984872754949245, 0.5971491418992029, 0.5925076552182964, 0.580156367664725, 0.558075378541335, 0.5183984713745108, 0.5113884666077847, 0.5071092893475844, 0.5043199299862604, 0.5036023117264816, 0.5033382169281765, 0.503281740114849, 0.5032498477967433, 0.5032169352737095, 0.5031468414746707, 0.502825635833432, 0.5023556616272501, 0.5017480042685964, 0.5002517039730654, 0.4964287685219685, 0.4890639374900517, 0.4706791495656243, 0.4564526800369174, 0.4445870887929294, 0.4396729041266102, 0.43699367351538987, 0.432830958682101, 0.4317420258433373, 0.4314898999353398, 0.43137389278662186, 0.43134997937197006, 0.43133809138338797, 0.43133574611281, 0.4313353980945296, 0.43133482673246193, 0.4313347043538911, 0.4313346826584077, 0.4313346485096674, 0.43133464297454516, 0.4313346384666682, 0.43133463755902723, 0.4313346367574483, 0.4313346366240196]}, "9": {"maxiter": 1000, "fatol": 1e-05, "xatol": 1e-10, "duration": 0.381195068359375, "fun": "0.4313346366152404", "nit": "621", "nfev": "1037", "status": "0", "success": "True", "message": "Optimization terminated successfully.", "x": "[ 2.06310996  8.72217109  4.2193994   7.64883336 -1.5207645  -0.77413386]", "final_simplex": "(array([[ 2.06310996,  8.72217109,  4.2193994 ,  7.64883336, -1.5207645 ,\n        -0.77413386],\n       [ 2.06310996,  8.72217109,  4.2193994 ,  7.64883336, -1.5207645 ,\n        -0.77413386],\n       [ 2.06310996,  8.72217109,  4.2193994 ,  7.64883336, -1.5207645 ,\n        -0.77413386],\n       [ 2.06310996,  8.72217109,  4.2193994 ,  7.64883336, -1.5207645 ,\n        -0.77413386],\n       [ 2.06310996,  8.72217109,  4.2193994 ,  7.64883336, -1.5207645 ,\n        -0.77413386],\n       [ 2.06310996,  8.72217109,  4.2193994 ,  7.64883336, -1.5207645 ,\n        -0.77413386],\n       [ 2.06310996,  8.72217109,  4.2193994 ,  7.64883336, -1.5207645 ,\n        -0.77413386]]), array([0.43133464, 0.43133464, 0.43133464, 0.43133464, 0.43133464,\n       0.43133464, 0.43133464]))", "callback": [0.9192199337105605, 0.892681562552712, 0.765245255680446, 0.6702041266700733, 0.6403445589384513, 0.603266782307897, 0.5984872754949245, 0.5971491418992029, 0.5925076552182964, 0.580156367664725, 0.558075378541335, 0.5183984713745108, 0.5113884666077847, 0.5071092893475844, 0.5043199299862604, 0.5036023117264816, 0.5033382169281765, 0.503281740114849, 0.5032498477967433, 0.5032169352737095, 0.5031468414746707, 0.502825635833432, 0.5023556616272501, 0.5017480042685964, 0.5002517039730654, 0.4964287685219685, 0.4890639374900517, 0.4706791495656243, 0.4564526800369174, 0.4445870887929294, 0.4396729041266102, 0.43699367351538987, 0.432830958682101, 0.4317420258433373, 0.4314898999353398, 0.43137389278662186, 0.43134997937197006, 0.43133809138338797, 0.43133574611281, 0.4313353980945296, 0.43133482673246193, 0.4313347043538911, 0.4313346826584077, 0.4313346485096674, 0.43133464297454516, 0.4313346384666682, 0.43133463755902723, 0.4313346367574483, 0.4313346366240196, 0.4313346366196795, 0.4313346366161952, 0.4313346366154839, 0.4313346366153298, 0.43133463661528726, 0.4313346366152465, 0.4313346366152434, 0.4313346366152412, 0.43133463661524063, 0.4313346366152404, 0.4313346366152404, 0.4313346366152404, 0.4313346366152404]}, "10": {"maxiter": 1000, "fatol": 1e-10, "xatol": 1e-05, "duration": 0.22901511192321777, "fun": "0.43133463662016547", "nit": "499", "nfev": "777", "status": "0", "success": "True", "message": "Optimization terminated successfully.", "x": "[ 2.06311317  8.72216983  4.2194006   7.64883132 -1.52076115 -0.77413444]", "final_simplex": "(array([[ 2.06311317,  8.72216983,  4.2194006 ,  7.64883132, -1.52076115,\n        -0.77413444],\n       [ 2.06311381,  8.72217324,  4.21940386,  7.64882744, -1.52076791,\n        -0.7741375 ],\n       [ 2.06311071,  8.72217332,  4.2194011 ,  7.64883363, -1.52076248,\n        -0.77412745],\n       [ 2.06310515,  8.72216635,  4.21939555,  7.64883435, -1.52075787,\n        -0.77413961],\n       [ 2.06310424,  8.72217168,  4.21939753,  7.64883085, -1.52075532,\n        -0.77413382],\n       [ 2.06310549,  8.7221713 ,  4.21940589,  7.64883033, -1.52076251,\n        -0.77413141],\n       [ 2.063113  ,  8.72217715,  4.21940665,  7.64883773, -1.52076391,\n        -0.77413078]]), array([0.43133464, 0.43133464, 0.43133464, 0.43133464, 0.43133464,\n       0.43133464, 0.43133464]))", "callback": [0.9192199337105605, 0.892681562552712, 0.765245255680446, 0.6702041266700733, 0.6403445589384513, 0.603266782307897, 0.5984872754949245, 0.5971491418992029, 0.5925076552182964, 0.580156367664725, 0.558075378541335, 0.5183984713745108, 0.5113884666077847, 0.5071092893475844, 0.5043199299862604, 0.5036023117264816, 0.5033382169281765, 0.503281740114849, 0.5032498477967433, 0.5032169352737095, 0.5031468414746707, 0.502825635833432, 0.5023556616272501, 0.5017480042685964, 0.5002517039730654, 0.4964287685219685, 0.4890639374900517, 0.4706791495656243, 0.4564526800369174, 0.4445870887929294, 0.4396729041266102, 0.43699367351538987, 0.432830958682101, 0.4317420258433373, 0.4314898999353398, 0.43137389278662186, 0.43134997937197006, 0.43133809138338797, 0.43133574611281, 0.4313353980945296, 0.43133482673246193, 0.4313347043538911, 0.4313346826584077, 0.4313346485096674, 0.43133464297454516, 0.4313346384666682, 0.43133463755902723, 0.4313346367574483, 0.4313346366240196]}, "11": {"maxiter": 1000, "fatol": 1e-10, "xatol": 1e-10, "duration": 0.3009908199310303, "fun": "0.4313346366152404", "nit": "621", "nfev": "1037", "status": "0", "success": "True", "message": "Optimization terminated successfully.", "x": "[ 2.06310996  8.72217109  4.2193994   7.64883336 -1.5207645  -0.77413386]", "final_simplex": "(array([[ 2.06310996,  8.72217109,  4.2193994 ,  7.64883336, -1.5207645 ,\n        -0.77413386],\n       [ 2.06310996,  8.72217109,  4.2193994 ,  7.64883336, -1.5207645 ,\n        -0.77413386],\n       [ 2.06310996,  8.72217109,  4.2193994 ,  7.64883336, -1.5207645 ,\n        -0.77413386],\n       [ 2.06310996,  8.72217109,  4.2193994 ,  7.64883336, -1.5207645 ,\n        -0.77413386],\n       [ 2.06310996,  8.72217109,  4.2193994 ,  7.64883336, -1.5207645 ,\n        -0.77413386],\n       [ 2.06310996,  8.72217109,  4.2193994 ,  7.64883336, -1.5207645 ,\n        -0.77413386],\n       [ 2.06310996,  8.72217109,  4.2193994 ,  7.64883336, -1.5207645 ,\n        -0.77413386]]), array([0.43133464, 0.43133464, 0.43133464, 0.43133464, 0.43133464,\n       0.43133464, 0.43133464]))", "callback": [0.9192199337105605, 0.892681562552712, 0.765245255680446, 0.6702041266700733, 0.6403445589384513, 0.603266782307897, 0.5984872754949245, 0.5971491418992029, 0.5925076552182964, 0.580156367664725, 0.558075378541335, 0.5183984713745108, 0.5113884666077847, 0.5071092893475844, 0.5043199299862604, 0.5036023117264816, 0.5033382169281765, 0.503281740114849, 0.5032498477967433, 0.5032169352737095, 0.5031468414746707, 0.502825635833432, 0.5023556616272501, 0.5017480042685964, 0.5002517039730654, 0.4964287685219685, 0.4890639374900517, 0.4706791495656243, 0.4564526800369174, 0.4445870887929294, 0.4396729041266102, 0.43699367351538987, 0.432830958682101, 0.4317420258433373, 0.4314898999353398, 0.43137389278662186, 0.43134997937197006, 0.43133809138338797, 0.43133574611281, 0.4313353980945296, 0.43133482673246193, 0.4313347043538911, 0.4313346826584077, 0.4313346485096674, 0.43133464297454516, 0.4313346384666682, 0.43133463755902723, 0.4313346367574483, 0.4313346366240196, 0.4313346366196795, 0.4313346366161952, 0.4313346366154839, 0.4313346366153298, 0.43133463661528726, 0.4313346366152465, 0.4313346366152434, 0.4313346366152412, 0.43133463661524063, 0.4313346366152404, 0.4313346366152404, 0.4313346366152404, 0.4313346366152404]}}, "bfgs": {"type": "gradient", "0": {"maxiter": 100, "gtol": 1e-05, "xrtol": 1e-05, "eps": 1e-05, "duration": 0.06558394432067871, "fun": "0.7201501850344945", "jac": "[ 7.85405074e-06 -4.67097472e-06  6.16051654e-07 -4.85103069e-06\n -6.74360567e-07  7.47211182e-06]", "hess_inv": "[[  7.23331125   0.81263831  -1.23701982  -0.51137901   1.21784685\n    3.19701682]\n [  0.81263831  14.13423973  12.08512737  -0.40628709  -6.34145586\n    6.85221317]\n [ -1.23701982  12.08512737  34.65905593  -7.8535623  -23.4931749\n    2.04276844]\n [ -0.51137901  -0.40628709  -7.8535623    8.87002025   6.25693988\n    1.4927267 ]\n [  1.21784685  -6.34145586 -23.4931749    6.25693988  24.54616515\n   -1.95527991]\n [  3.19701682   6.85221317   2.04276844   1.4927267   -1.95527991\n   14.33786013]]", "nfev": "217", "njev": "31", "status": "0", "success": "True", "message": "Optimization terminated successfully.", "x": "[ 2.10223111  5.94935897  3.29102386  5.1283487   2.13307332 -0.90590221]", "nit": "25", "callback": [0.721734824862168, 0.7201547820796295]}, "1": {"maxiter": 100, "gtol": 1e-05, "xrtol": 1e-05, "eps": 1e-10, "duration": 0.06533980369567871, "fun": "0.7201501849640084", "jac": "[ 4.44089173e-06 -7.77156053e-06 -1.11022293e-06 -6.66133760e-06\n -3.33066880e-06  6.66133760e-06]", "hess_inv": "[[  7.20975904   0.75402654  -1.22392874  -0.53843594   1.18320527\n    3.14661388]\n [  0.75402654  14.05548155  12.0856612   -0.46069424  -6.40865053\n    6.75891753]\n [ -1.22392874  12.0856612   34.57410657  -7.80292304 -23.39484711\n    2.05971076]\n [ -0.53843594  -0.46069424  -7.80292304   8.80868147   6.1730759\n    1.43252618]\n [  1.18320527  -6.40865053 -23.39484711   6.1730759   24.4210277\n   -2.03171972]\n [  3.14661388   6.75891753   2.05971076   1.43252618  -2.03171972\n   14.24284574]]", "nfev": "217", "njev": "31", "status": "0", "success": "True", "message": "Optimization terminated successfully.", "x": "[ 2.10221286  5.94933101  3.29101301  5.12834204  2.13306769 -0.90592856]", "nit": "25", "callback": [0.7217349195495113, 0.720154760018512]}, "2": {"maxiter": 100, "gtol": 1e-05, "xrtol": 1e-10, "eps": 1e-05, "duration": 0.07486081123352051, "fun": "0.7201501850344945", "jac": "[ 7.85405074e-06 -4.67097472e-06  6.16051654e-07 -4.85103069e-06\n -6.74360567e-07  7.47211182e-06]", "hess_inv": "[[  7.23331125   0.81263831  -1.23701982  -0.51137901   1.21784685\n    3.19701682]\n [  0.81263831  14.13423973  12.08512737  -0.40628709  -6.34145586\n    6.85221317]\n [ -1.23701982  12.08512737  34.65905593  -7.8535623  -23.4931749\n    2.04276844]\n [ -0.51137901  -0.40628709  -7.8535623    8.87002025   6.25693988\n    1.4927267 ]\n [  1.21784685  -6.34145586 -23.4931749    6.25693988  24.54616515\n   -1.95527991]\n [  3.19701682   6.85221317   2.04276844   1.4927267   -1.95527991\n   14.33786013]]", "nfev": "217", "njev": "31", "status": "0", "success": "True", "message": "Optimization terminated successfully.", "x": "[ 2.10223111  5.94935897  3.29102386  5.1283487   2.13307332 -0.90590221]", "nit": "25", "callback": [0.721734824862168, 0.7201547820796295]}, "3": {"maxiter": 100, "gtol": 1e-05, "xrtol": 1e-10, "eps": 1e-10, "duration": 0.07322430610656738, "fun": "0.7201501849640084", "jac": "[ 4.44089173e-06 -7.77156053e-06 -1.11022293e-06 -6.66133760e-06\n -3.33066880e-06  6.66133760e-06]", "hess_inv": "[[  7.20975904   0.75402654  -1.22392874  -0.53843594   1.18320527\n    3.14661388]\n [  0.75402654  14.05548155  12.0856612   -0.46069424  -6.40865053\n    6.75891753]\n [ -1.22392874  12.0856612   34.57410657  -7.80292304 -23.39484711\n    2.05971076]\n [ -0.53843594  -0.46069424  -7.80292304   8.80868147   6.1730759\n    1.43252618]\n [  1.18320527  -6.40865053 -23.39484711   6.1730759   24.4210277\n   -2.03171972]\n [  3.14661388   6.75891753   2.05971076   1.43252618  -2.03171972\n   14.24284574]]", "nfev": "217", "njev": "31", "status": "0", "success": "True", "message": "Optimization terminated successfully.", "x": "[ 2.10221286  5.94933101  3.29101301  5.12834204  2.13306769 -0.90592856]", "nit": "25", "callback": [0.7217349195495113, 0.720154760018512]}, "4": {"maxiter": 100, "gtol": 1e-10, "xrtol": 1e-05, "eps": 1e-05, "duration": 0.09514498710632324, "fun": "0.7201501841043695", "jac": "[ 5.85032023e-07  6.46893650e-07 -1.79878334e-07 -4.32198721e-07\n  2.10831352e-08  3.62909702e-07]", "hess_inv": "[[  8.39479365   0.96475201  -0.51756261  -1.3765766    0.43595267\n    4.52633667]\n [  0.96475201  13.65369354  12.32841006  -0.77717127  -6.69478411\n    6.79181832]\n [ -0.51756261  12.32841006  34.93864552  -8.22879517 -23.81588423\n    2.97859844]\n [ -1.3765766   -0.77717127  -8.22879517   9.32398106   6.65026447\n    0.35243889]\n [  0.43595267  -6.69478411 -23.81588423   6.65026447  24.88467069\n   -2.99812825]\n [  4.52633667   6.79181832   2.97859844   0.35243889  -2.99812825\n   15.73450861]]", "nfev": "238", "njev": "34", "status": "0", "success": "True", "message": "Optimization terminated successfully.", "x": "[ 2.10213762  5.94935798  3.29099082  5.12840465  2.13312174 -0.9060138 ]", "nit": "27", "callback": [0.721734824862168, 0.7201547820796295]}, "5": {"maxiter": 100, "gtol": 1e-10, "xrtol": 1e-05, "eps": 1e-10, "duration": 0.1364002227783203, "fun": "0.7201501841460494", "jac": "[ 1.11022293e-06  2.22044587e-06  0.00000000e+00 -1.11022293e-06\n  0.00000000e+00  0.00000000e+00]", "hess_inv": "[[  7.54611019   0.19273214  -1.69656961  -1.09780928   1.19948609\n    3.10751281]\n [  0.19273214  14.77799175  12.65954734   0.35542815  -6.21186077\n    6.48937611]\n [ -1.69656961  12.65954734  34.30400899  -7.19331239 -22.76716432\n    1.62375893]\n [ -1.09780928   0.35542815  -7.19331239   9.66986357   6.30349725\n    1.30144958]\n [  1.19948609  -6.21186077 -22.76716432   6.30349725  23.93524782\n   -1.59163758]\n [  3.10751281   6.48937611   1.62375893   1.30144958  -1.59163758\n   13.69058198]]", "nfev": "294", "njev": "42", "status": "0", "success": "True", "message": "Optimization terminated successfully.", "x": "[ 2.10215481  5.94939226  3.29100461  5.12841463  2.13313427 -0.9059892 ]", "nit": "27", "callback": [0.7217349195495113, 0.720154760018512]}, "6": {"maxiter": 100, "gtol": 1e-10, "xrtol": 1e-10, "eps": 1e-05, "duration": 0.2054741382598877, "fun": "0.7201501841043695", "jac": "[ 5.85032023e-07  6.46893650e-07 -1.79878334e-07 -4.32198721e-07\n  2.10831352e-08  3.62909702e-07]", "hess_inv": "[[ 8.33405657e+00  1.66815264e+00  3.98936059e-01 -1.77101350e+00\n  -2.20800376e-02  4.39139947e+00]\n [ 1.66815264e+00  1.54380766e+01  1.39362662e+01 -1.58833096e+00\n  -7.54445054e+00  7.81443114e+00]\n [ 3.98936059e-01  1.39362662e+01  3.61510281e+01 -8.89725330e+00\n  -2.44785487e+01  4.35001854e+00]\n [-1.77101350e+00 -1.58833096e+00 -8.89725330e+00  9.67622565e+00\n   7.00931694e+00 -2.31302172e-01]\n [-2.20800376e-02 -7.54445054e+00 -2.44785487e+01  7.00931694e+00\n   2.52444269e+01 -3.68100584e+00]\n [ 4.39139947e+00  7.81443114e+00  4.35001854e+00 -2.31302172e-01\n  -3.68100584e+00  1.54640994e+01]]", "nfev": "376", "njev": "52", "status": "2", "success": "False", "message": "Desired error not necessarily achieved due to precision loss.", "x": "[ 2.10213762  5.94935798  3.29099082  5.12840465  2.13312174 -0.9060138 ]", "nit": "27", "callback": [0.721734824862168, 0.7201547820796295]}, "7": {"maxiter": 100, "gtol": 1e-10, "xrtol": 1e-10, "eps": 1e-10, "duration": 0.1267688274383545, "fun": "0.7201501841460494", "jac": "[ 1.11022293e-06  2.22044587e-06  0.00000000e+00 -1.11022293e-06\n  0.00000000e+00  0.00000000e+00]", "hess_inv": "[[  7.54611019   0.19273214  -1.69656961  -1.09780928   1.19948609\n    3.10751281]\n [  0.19273214  14.77799175  12.65954734   0.35542815  -6.21186077\n    6.48937611]\n [ -1.69656961  12.65954734  34.30400899  -7.19331239 -22.76716432\n    1.62375893]\n [ -1.09780928   0.35542815  -7.19331239   9.66986357   6.30349725\n    1.30144958]\n [  1.19948609  -6.21186077 -22.76716432   6.30349725  23.93524782\n   -1.59163758]\n [  3.10751281   6.48937611   1.62375893   1.30144958  -1.59163758\n   13.69058198]]", "nfev": "294", "njev": "42", "status": "0", "success": "True", "message": "Optimization terminated successfully.", "x": "[ 2.10215481  5.94939226  3.29100461  5.12841463  2.13313427 -0.9059892 ]", "nit": "27", "callback": [0.7217349195495113, 0.720154760018512]}, "8": {"maxiter": 500, "gtol": 1e-05, "xrtol": 1e-05, "eps": 1e-05, "duration": 0.08346390724182129, "fun": "0.7201501850344945", "jac": "[ 7.85405074e-06 -4.67097472e-06  6.16051654e-07 -4.85103069e-06\n -6.74360567e-07  7.47211182e-06]", "hess_inv": "[[  7.23331125   0.81263831  -1.23701982  -0.51137901   1.21784685\n    3.19701682]\n [  0.81263831  14.13423973  12.08512737  -0.40628709  -6.34145586\n    6.85221317]\n [ -1.23701982  12.08512737  34.65905593  -7.8535623  -23.4931749\n    2.04276844]\n [ -0.51137901  -0.40628709  -7.8535623    8.87002025   6.25693988\n    1.4927267 ]\n [  1.21784685  -6.34145586 -23.4931749    6.25693988  24.54616515\n   -1.95527991]\n [  3.19701682   6.85221317   2.04276844   1.4927267   -1.95527991\n   14.33786013]]", "nfev": "217", "njev": "31", "status": "0", "success": "True", "message": "Optimization terminated successfully.", "x": "[ 2.10223111  5.94935897  3.29102386  5.1283487   2.13307332 -0.90590221]", "nit": "25", "callback": [0.721734824862168, 0.7201547820796295]}, "9": {"maxiter": 500, "gtol": 1e-05, "xrtol": 1e-05, "eps": 1e-10, "duration": 0.08923602104187012, "fun": "0.7201501849640084", "jac": "[ 4.44089173e-06 -7.77156053e-06 -1.11022293e-06 -6.66133760e-06\n -3.33066880e-06  6.66133760e-06]", "hess_inv": "[[  7.20975904   0.75402654  -1.22392874  -0.53843594   1.18320527\n    3.14661388]\n [  0.75402654  14.05548155  12.0856612   -0.46069424  -6.40865053\n    6.75891753]\n [ -1.22392874  12.0856612   34.57410657  -7.80292304 -23.39484711\n    2.05971076]\n [ -0.53843594  -0.46069424  -7.80292304   8.80868147   6.1730759\n    1.43252618]\n [  1.18320527  -6.40865053 -23.39484711   6.1730759   24.4210277\n   -2.03171972]\n [  3.14661388   6.75891753   2.05971076   1.43252618  -2.03171972\n   14.24284574]]", "nfev": "217", "njev": "31", "status": "0", "success": "True", "message": "Optimization terminated successfully.", "x": "[ 2.10221286  5.94933101  3.29101301  5.12834204  2.13306769 -0.90592856]", "nit": "25", "callback": [0.7217349195495113, 0.720154760018512]}, "10": {"maxiter": 500, "gtol": 1e-05, "xrtol": 1e-10, "eps": 1e-05, "duration": 0.09148097038269043, "fun": "0.7201501850344945", "jac": "[ 7.85405074e-06 -4.67097472e-06  6.16051654e-07 -4.85103069e-06\n -6.74360567e-07  7.47211182e-06]", "hess_inv": "[[  7.23331125   0.81263831  -1.23701982  -0.51137901   1.21784685\n    3.19701682]\n [  0.81263831  14.13423973  12.08512737  -0.40628709  -6.34145586\n    6.85221317]\n [ -1.23701982  12.08512737  34.65905593  -7.8535623  -23.4931749\n    2.04276844]\n [ -0.51137901  -0.40628709  -7.8535623    8.87002025   6.25693988\n    1.4927267 ]\n [  1.21784685  -6.34145586 -23.4931749    6.25693988  24.54616515\n   -1.95527991]\n [  3.19701682   6.85221317   2.04276844   1.4927267   -1.95527991\n   14.33786013]]", "nfev": "217", "njev": "31", "status": "0", "success": "True", "message": "Optimization terminated successfully.", "x": "[ 2.10223111  5.94935897  3.29102386  5.1283487   2.13307332 -0.90590221]", "nit": "25", "callback": [0.721734824862168, 0.7201547820796295]}, "11": {"maxiter": 500, "gtol": 1e-05, "xrtol": 1e-10, "eps": 1e-10, "duration": 0.0986630916595459, "fun": "0.7201501849640084", "jac": "[ 4.44089173e-06 -7.77156053e-06 -1.11022293e-06 -6.66133760e-06\n -3.33066880e-06  6.66133760e-06]", "hess_inv": "[[  7.20975904   0.75402654  -1.22392874  -0.53843594   1.18320527\n    3.14661388]\n [  0.75402654  14.05548155  12.0856612   -0.46069424  -6.40865053\n    6.75891753]\n [ -1.22392874  12.0856612   34.57410657  -7.80292304 -23.39484711\n    2.05971076]\n [ -0.53843594  -0.46069424  -7.80292304   8.80868147   6.1730759\n    1.43252618]\n [  1.18320527  -6.40865053 -23.39484711   6.1730759   24.4210277\n   -2.03171972]\n [  3.14661388   6.75891753   2.05971076   1.43252618  -2.03171972\n   14.24284574]]", "nfev": "217", "njev": "31", "status": "0", "success": "True", "message": "Optimization terminated successfully.", "x": "[ 2.10221286  5.94933101  3.29101301  5.12834204  2.13306769 -0.90592856]", "nit": "25", "callback": [0.7217349195495113, 0.720154760018512]}, "12": {"maxiter": 500, "gtol": 1e-10, "xrtol": 1e-05, "eps": 1e-05, "duration": 0.10988330841064453, "fun": "0.7201501841043695", "jac": "[ 5.85032023e-07  6.46893650e-07 -1.79878334e-07 -4.32198721e-07\n  2.10831352e-08  3.62909702e-07]", "hess_inv": "[[  8.39479365   0.96475201  -0.51756261  -1.3765766    0.43595267\n    4.52633667]\n [  0.96475201  13.65369354  12.32841006  -0.77717127  -6.69478411\n    6.79181832]\n [ -0.51756261  12.32841006  34.93864552  -8.22879517 -23.81588423\n    2.97859844]\n [ -1.3765766   -0.77717127  -8.22879517   9.32398106   6.65026447\n    0.35243889]\n [  0.43595267  -6.69478411 -23.81588423   6.65026447  24.88467069\n   -2.99812825]\n [  4.52633667   6.79181832   2.97859844   0.35243889  -2.99812825\n   15.73450861]]", "nfev": "238", "njev": "34", "status": "0", "success": "True", "message": "Optimization terminated successfully.", "x": "[ 2.10213762  5.94935798  3.29099082  5.12840465  2.13312174 -0.9060138 ]", "nit": "27", "callback": [0.721734824862168, 0.7201547820796295]}, "13": {"maxiter": 500, "gtol": 1e-10, "xrtol": 1e-05, "eps": 1e-10, "duration": 0.13608694076538086, "fun": "0.7201501841460494", "jac": "[ 1.11022293e-06  2.22044587e-06  0.00000000e+00 -1.11022293e-06\n  0.00000000e+00  0.00000000e+00]", "hess_inv": "[[  7.54611019   0.19273214  -1.69656961  -1.09780928   1.19948609\n    3.10751281]\n [  0.19273214  14.77799175  12.65954734   0.35542815  -6.21186077\n    6.48937611]\n [ -1.69656961  12.65954734  34.30400899  -7.19331239 -22.76716432\n    1.62375893]\n [ -1.09780928   0.35542815  -7.19331239   9.66986357   6.30349725\n    1.30144958]\n [  1.19948609  -6.21186077 -22.76716432   6.30349725  23.93524782\n   -1.59163758]\n [  3.10751281   6.48937611   1.62375893   1.30144958  -1.59163758\n   13.69058198]]", "nfev": "294", "njev": "42", "status": "0", "success": "True", "message": "Optimization terminated successfully.", "x": "[ 2.10215481  5.94939226  3.29100461  5.12841463  2.13313427 -0.9059892 ]", "nit": "27", "callback": [0.7217349195495113, 0.720154760018512]}, "14": {"maxiter": 500, "gtol": 1e-10, "xrtol": 1e-10, "eps": 1e-05, "duration": 0.16411185264587402, "fun": "0.7201501841043695", "jac": "[ 5.85032023e-07  6.46893650e-07 -1.79878334e-07 -4.32198721e-07\n  2.10831352e-08  3.62909702e-07]", "hess_inv": "[[ 8.33405657e+00  1.66815264e+00  3.98936059e-01 -1.77101350e+00\n  -2.20800376e-02  4.39139947e+00]\n [ 1.66815264e+00  1.54380766e+01  1.39362662e+01 -1.58833096e+00\n  -7.54445054e+00  7.81443114e+00]\n [ 3.98936059e-01  1.39362662e+01  3.61510281e+01 -8.89725330e+00\n  -2.44785487e+01  4.35001854e+00]\n [-1.77101350e+00 -1.58833096e+00 -8.89725330e+00  9.67622565e+00\n   7.00931694e+00 -2.31302172e-01]\n [-2.20800376e-02 -7.54445054e+00 -2.44785487e+01  7.00931694e+00\n   2.52444269e+01 -3.68100584e+00]\n [ 4.39139947e+00  7.81443114e+00  4.35001854e+00 -2.31302172e-01\n  -3.68100584e+00  1.54640994e+01]]", "nfev": "376", "njev": "52", "status": "2", "success": "False", "message": "Desired error not necessarily achieved due to precision loss.", "x": "[ 2.10213762  5.94935798  3.29099082  5.12840465  2.13312174 -0.9060138 ]", "nit": "27", "callback": [0.721734824862168, 0.7201547820796295]}, "15": {"maxiter": 500, "gtol": 1e-10, "xrtol": 1e-10, "eps": 1e-10, "duration": 0.12389397621154785, "fun": "0.7201501841460494", "jac": "[ 1.11022293e-06  2.22044587e-06  0