{"date": "2024/10/08/, 15:58:37", "conf_id": 10, "data_type": "random\n", "num_data_points": 1, "s_rank": 0, "unitary": "[[-0.45070455-0.02711853j,0.78437395-0.06613086j,0.06358678+0.19963393j,-0.07343613+0.35668523j],[-0.01890143-0.03813363j,0.32408202+0.25557629j,0.05872864-0.68979805j,0.55466693-0.20227297j],[-0.11215405+0.64023111j,-0.13344055+0.29565494j,-0.49012687-0.19046288j,-0.04241254+0.44046348j],[0.55771659+0.24656916j,0.31851997-0.05798805j,0.28761525-0.34294258j,-0.56718418+0.03616933j]]", "databatch_0": {"databatch": "[[[-0.22050833-0.13826777j,0.0007044-0.09354267j,-0.06469118+0.08001349j,-0.03834947-0.1512912j],[0.12055698-0.04461869j,-0.04450315-0.04520032j,0.04984929-0.12202348j,-0.43594289+0.28089956j],[-0.43069217-0.00074036j,0.13286521+0.06579084j,-0.07559421-0.13850831j,-0.16257475+0.1837869j],[0.00874133-0.10409884j,0.14590901+0.38376716j,0.12654374-0.23992015j,0.18284941-0.05111795j]]]", "initial param values": "[5.85529974,5.89266302,1.81361196,5.88906665,2.39183621,2.90465345]", "nelder_mead": {"type": "gradient-free", "0": {"maxiter": 100, "fatol": 1e-05, "xatol": 1e-05, "duration": 0.04940986633300781, "fun": "0.4088585126822434", "nit": "100", "nfev": "161", "status": "2", "success": "False", "message": "Maximum number of iterations has been exceeded.", "x": "[5.60878621 3.40807797 1.542179   3.32432842 3.28264504 1.82406407]", "final_simplex": "(array([[5.60878621, 3.40807797, 1.542179  , 3.32432842, 3.28264504,\n        1.82406407],\n       [5.63092786, 3.39415968, 1.51247047, 3.34056487, 3.31848651,\n        1.79157189],\n       [5.63468279, 3.39756771, 1.50937803, 3.26600955, 3.30392954,\n        1.82016159],\n       [5.60327333, 3.35513611, 1.60138922, 3.35281547, 3.34427062,\n        1.86967728],\n       [5.64950896, 3.44171976, 1.46283836, 3.38622083, 3.26499189,\n        1.78098898],\n       [5.65737253, 3.29353425, 1.58675102, 3.29491152, 3.35709511,\n        1.87136089],\n       [5.56876148, 3.25436685, 1.61928678, 3.32625529, 3.36575168,\n        1.88131002]]), array([0.40885851, 0.40970072, 0.40985512, 0.40993107, 0.41006332,\n       0.41048464, 0.41058885]))", "callback": [0.9318388462330329, 0.8303345266067768, 0.7191815281305054, 0.6015850881724045, 0.5584754925564663, 0.46287067972755636, 0.4310936909503327, 0.4162726835464189, 0.41185635831449885, 0.41048464239531357]}, "1": {"maxiter": 100, "fatol": 1e-05, "xatol": 1e-10, "duration": 0.04061007499694824, "fun": "0.4088585126822434", "nit": "100", "nfev": "161", "status": "2", "success": "False", "message": "Maximum number of iterations has been exceeded.", "x": "[5.60878621 3.40807797 1.542179   3.32432842 3.28264504 1.82406407]", "final_simplex": "(array([[5.60878621, 3.40807797, 1.542179  , 3.32432842, 3.28264504,\n        1.82406407],\n       [5.63092786, 3.39415968, 1.51247047, 3.34056487, 3.31848651,\n        1.79157189],\n       [5.63468279, 3.39756771, 1.50937803, 3.26600955, 3.30392954,\n        1.82016159],\n       [5.60327333, 3.35513611, 1.60138922, 3.35281547, 3.34427062,\n        1.86967728],\n       [5.64950896, 3.44171976, 1.46283836, 3.38622083, 3.26499189,\n        1.78098898],\n       [5.65737253, 3.29353425, 1.58675102, 3.29491152, 3.35709511,\n        1.87136089],\n       [5.56876148, 3.25436685, 1.61928678, 3.32625529, 3.36575168,\n        1.88131002]]), array([0.40885851, 0.40970072, 0.40985512, 0.40993107, 0.41006332,\n       0.41048464, 0.41058885]))", "callback": [0.9318388462330329, 0.8303345266067768, 0.7191815281305054, 0.6015850881724045, 0.5584754925564663, 0.46287067972755636, 0.4310936909503327, 0.4162726835464189, 0.41185635831449885, 0.41048464239531357]}, "2": {"maxiter": 100, "fatol": 1e-10, "xatol": 1e-05, "duration": 0.04482102394104004, "fun": "0.4088585126822434", "nit": "100", "nfev": "161", "status": "2", "success": "False", "message": "Maximum number of iterations has been exceeded.", "x": "[5.60878621 3.40807797 1.542179   3.32432842 3.28264504 1.82406407]", "final_simplex": "(array([[5.60878621, 3.40807797, 1.542179  , 3.32432842, 3.28264504,\n        1.82406407],\n       [5.63092786, 3.39415968, 1.51247047, 3.34056487, 3.31848651,\n        1.79157189],\n       [5.63468279, 3.39756771, 1.50937803, 3.26600955, 3.30392954,\n        1.82016159],\n       [5.60327333, 3.35513611, 1.60138922, 3.35281547, 3.34427062,\n        1.86967728],\n       [5.64950896, 3.44171976, 1.46283836, 3.38622083, 3.26499189,\n        1.78098898],\n       [5.65737253, 3.29353425, 1.58675102, 3.29491152, 3.35709511,\n        1.87136089],\n       [5.56876148, 3.25436685, 1.61928678, 3.32625529, 3.36575168,\n        1.88131002]]), array([0.40885851, 0.40970072, 0.40985512, 0.40993107, 0.41006332,\n       0.41048464, 0.41058885]))", "callback": [0.9318388462330329, 0.8303345266067768, 0.7191815281305054, 0.6015850881724045, 0.5584754925564663, 0.46287067972755636, 0.4310936909503327, 0.4162726835464189, 0.41185635831449885, 0.41048464239531357]}, "3": {"maxiter": 100, "fatol": 1e-10, "xatol": 1e-10, "duration": 0.04430103302001953, "fun": "0.4088585126822434", "nit": "100", "nfev": "161", "status": "2", "success": "False", "message": "Maximum number of iterations has been exceeded.", "x": "[5.60878621 3.40807797 1.542179   3.32432842 3.28264504 1.82406407]", "final_simplex": "(array([[5.60878621, 3.40807797, 1.542179  , 3.32432842, 3.28264504,\n        1.82406407],\n       [5.63092786, 3.39415968, 1.51247047, 3.34056487, 3.31848651,\n        1.79157189],\n       [5.63468279, 3.39756771, 1.50937803, 3.26600955, 3.30392954,\n        1.82016159],\n       [5.60327333, 3.35513611, 1.60138922, 3.35281547, 3.34427062,\n        1.86967728],\n       [5.64950896, 3.44171976, 1.46283836, 3.38622083, 3.26499189,\n        1.78098898],\n       [5.65737253, 3.29353425, 1.58675102, 3.29491152, 3.35709511,\n        1.87136089],\n       [5.56876148, 3.25436685, 1.61928678, 3.32625529, 3.36575168,\n        1.88131002]]), array([0.40885851, 0.40970072, 0.40985512, 0.40993107, 0.41006332,\n       0.41048464, 0.41058885]))", "callback": [0.9318388462330329, 0.8303345266067768, 0.7191815281305054, 0.6015850881724045, 0.5584754925564663, 0.46287067972755636, 0.4310936909503327, 0.4162726835464189, 0.41185635831449885, 0.41048464239531357]}, "4": {"maxiter": 500, "fatol": 1e-05, "xatol": 1e-05, "duration": 0.21158194541931152, "fun": "0.3401692278417494", "nit": "459", "nfev": "723", "status": "0", "success": "True", "message": "Optimization terminated successfully.", "x": "[4.97533724 3.86961203 2.69041569 4.41660838 1.53913169 1.31398698]", "final_simplex": "(array([[4.97533724, 3.86961203, 2.69041569, 4.41660838, 1.53913169,\n        1.31398698],\n       [4.97533913, 3.86960717, 2.69041128, 4.41660029, 1.5391335 ,\n        1.31398488],\n       [4.97534005, 3.86961781, 2.69041518, 4.41660625, 1.53912954,\n        1.3139907 ],\n       [4.97534395, 3.86961181, 2.69041736, 4.4166096 , 1.53913039,\n        1.31398643],\n       [4.97534186, 3.86961361, 2.69041532, 4.41660857, 1.53912783,\n        1.31398451],\n       [4.9753397 , 3.86960921, 2.69042048, 4.41660572, 1.53913219,\n        1.31398461],\n       [4.97534139, 3.86961161, 2.69042259, 4.41660591, 1.53912819,\n        1.3139921 ]]), array([0.34016923, 0.34016923, 0.34016923, 0.34016923, 0.34016923,\n       0.34016923, 0.34016923]))", "callback": [0.9318388462330329, 0.8303345266067768, 0.7191815281305054, 0.6015850881724045, 0.5584754925564663, 0.46287067972755636, 0.4310936909503327, 0.4162726835464189, 0.41185635831449885, 0.41048464239531357, 0.4088585126822434, 0.4086477055469868, 0.40823529777659007, 0.4074940622998864, 0.40377817382132275, 0.38878702471989124, 0.3781949300124494, 0.36652338045023347, 0.36568392436436026, 0.35258089478171506, 0.34161958994194475, 0.34161958994194475, 0.3409984112552904, 0.3408850617860213, 0.3408326918336606, 0.3408170988961311, 0.34076648108628915, 0.34068909364833255, 0.34053783314295205, 0.34036573146104554, 0.3402560467609975, 0.34023300750426, 0.3402014786563454, 0.340178583405653, 0.3401719613912295, 0.34016964279303974, 0.3401694029394181, 0.3401692675836431, 0.3401692342808402, 0.34016923115650655, 0.34016922903408064, 0.34016922846119046, 0.3401692280121551, 0.34016922792924786, 0.3401692278614892, 0.3401692278521672]}, "5": {"maxiter": 500, "fatol": 1e-05, "xatol": 1e-10, "duration": 0.25082874298095703, "fun": "0.340169227832435", "nit": "500", "nfev": "786", "status": "2", "success": "False", "message": "Maximum number of iterations has been exceeded.", "x": "[4.97534092 3.86960775 2.69040543 4.41660303 1.53914128 1.3139863 ]", "final_simplex": "(array([[4.97534092, 3.86960775, 2.69040543, 4.41660303, 1.53914128,\n        1.3139863 ],\n       [4.97534065, 3.86960858, 2.69040501, 4.41660351, 1.53914047,\n        1.313986  ],\n       [4.97534062, 3.86960939, 2.6904061 , 4.41660361, 1.53914027,\n        1.31398676],\n       [4.97534113, 3.86960899, 2.69040544, 4.41660397, 1.53914109,\n        1.31398588],\n       [4.97533985, 3.86960905, 2.6904059 , 4.41660451, 1.53913996,\n        1.3139863 ],\n       [4.97534096, 3.86960889, 2.69040677, 4.416604  , 1.53913938,\n        1.31398724],\n       [4.97534092, 3.86960745, 2.69040654, 4.41660284, 1.53913991,\n        1.31398564]]), array([0.34016923, 0.34016923, 0.34016923, 0.34016923, 0.34016923,\n       0.34016923, 0.34016923]))", "callback": [0.9318388462330329, 0.8303345266067768, 0.7191815281305054, 0.6015850881724045, 0.5584754925564663, 0.46287067972755636, 0.4310936909503327, 0.4162726835464189, 0.41185635831449885, 0.41048464239531357, 0.4088585126822434, 0.4086477055469868, 0.40823529777659007, 0.4074940622998864, 0.40377817382132275, 0.38878702471989124, 0.3781949300124494, 0.36652338045023347, 0.36568392436436026, 0.35258089478171506, 0.34161958994194475, 0.34161958994194475, 0.3409984112552904, 0.3408850617860213, 0.3408326918336606, 0.3408170988961311, 0.34076648108628915, 0.34068909364833255, 0.34053783314295205, 0.34036573146104554, 0.3402560467609975, 0.34023300750426, 0.3402014786563454, 0.340178583405653, 0.3401719613912295, 0.34016964279303974, 0.3401694029394181, 0.3401692675836431, 0.3401692342808402, 0.34016923115650655, 0.34016922903408064, 0.34016922846119046, 0.3401692280121551, 0.34016922792924786, 0.3401692278614892, 0.3401692278521672, 0.34016922783648795, 0.34016922783648795, 0.3401692278338707, 0.34016922783263615]}, "6": {"maxiter": 500, "fatol": 1e-10, "xatol": 1e-05, "duration": 0.21205878257751465, "fun": "0.3401692278417494", "nit": "459", "nfev": "723", "status": "0", "success": "True", "message": "Optimization terminated successfully.", "x": "[4.97533724 3.86961203 2.69041569 4.41660838 1.53913169 1.31398698]", "final_simplex": "(array([[4.97533724, 3.86961203, 2.69041569, 4.41660838, 1.53913169,\n        1.31398698],\n       [4.97533913, 3.86960717, 2.69041128, 4.41660029, 1.5391335 ,\n        1.31398488],\n       [4.97534005, 3.86961781, 2.69041518, 4.41660625, 1.53912954,\n        1.3139907 ],\n       [4.97534395, 3.86961181, 2.69041736, 4.4166096 , 1.53913039,\n        1.31398643],\n       [4.97534186, 3.86961361, 2.69041532, 4.41660857, 1.53912783,\n        1.31398451],\n       [4.9753397 , 3.86960921, 2.69042048, 4.41660572, 1.53913219,\n        1.31398461],\n       [4.97534139, 3.86961161, 2.69042259, 4.41660591, 1.53912819,\n        1.3139921 ]]), array([0.34016923, 0.34016923, 0.34016923, 0.34016923, 0.34016923,\n       0.34016923, 0.34016923]))", "callback": [0.9318388462330329, 0.8303345266067768, 0.7191815281305054, 0.6015850881724045, 0.5584754925564663, 0.46287067972755636, 0.4310936909503327, 0.4162726835464189, 0.41185635831449885, 0.41048464239531357, 0.4088585126822434, 0.4086477055469868, 0.40823529777659007, 0.4074940622998864, 0.40377817382132275, 0.38878702471989124, 0.3781949300124494, 0.36652338045023347, 0.36568392436436026, 0.35258089478171506, 0.34161958994194475, 0.34161958994194475, 0.3409984112552904, 0.3408850617860213, 0.3408326918336606, 0.3408170988961311, 0.34076648108628915, 0.34068909364833255, 0.34053783314295205, 0.34036573146104554, 0.3402560467609975, 0.34023300750426, 0.3402014786563454, 0.340178583405653, 0.3401719613912295, 0.34016964279303974, 0.3401694029394181, 0.3401692675836431, 0.3401692342808402, 0.34016923115650655, 0.34016922903408064, 0.34016922846119046, 0.3401692280121551, 0.34016922792924786, 0.3401692278614892, 0.3401692278521672]}, "7": {"maxiter": 500, "fatol": 1e-10, "xatol": 1e-10, "duration": 0.23073196411132812, "fun": "0.340169227832435", "nit": "500", "nfev": "786", "status": "2", "success": "False", "message": "Maximum number of iterations has been exceeded.", "x": "[4.97534092 3.86960775 2.69040543 4.41660303 1.53914128 1.3139863 ]", "final_simplex": "(array([[4.97534092, 3.86960775, 2.69040543, 4.41660303, 1.53914128,\n        1.3139863 ],\n       [4.97534065, 3.86960858, 2.69040501, 4.41660351, 1.53914047,\n        1.313986  ],\n       [4.97534062, 3.86960939, 2.6904061 , 4.41660361, 1.53914027,\n        1.31398676],\n       [4.97534113, 3.86960899, 2.69040544, 4.41660397, 1.53914109,\n        1.31398588],\n       [4.97533985, 3.86960905, 2.6904059 , 4.41660451, 1.53913996,\n        1.3139863 ],\n       [4.97534096, 3.86960889, 2.69040677, 4.416604  , 1.53913938,\n        1.31398724],\n       [4.97534092, 3.86960745, 2.69040654, 4.41660284, 1.53913991,\n        1.31398564]]), array([0.34016923, 0.34016923, 0.34016923, 0.34016923, 0.34016923,\n       0.34016923, 0.34016923]))", "callback": [0.9318388462330329, 0.8303345266067768, 0.7191815281305054, 0.6015850881724045, 0.5584754925564663, 0.46287067972755636, 0.4310936909503327, 0.4162726835464189, 0.41185635831449885, 0.41048464239531357, 0.4088585126822434, 0.4086477055469868, 0.40823529777659007, 0.4074940622998864, 0.40377817382132275, 0.38878702471989124, 0.3781949300124494, 0.36652338045023347, 0.36568392436436026, 0.35258089478171506, 0.34161958994194475, 0.34161958994194475, 0.3409984112552904, 0.3408850617860213, 0.3408326918336606, 0.3408170988961311, 0.34076648108628915, 0.34068909364833255, 0.34053783314295205, 0.34036573146104554, 0.3402560467609975, 0.34023300750426, 0.3402014786563454, 0.340178583405653, 0.3401719613912295, 0.34016964279303974, 0.3401694029394181, 0.3401692675836431, 0.3401692342808402, 0.34016923115650655, 0.34016922903408064, 0.34016922846119046, 0.3401692280121551, 0.34016922792924786, 0.3401692278614892, 0.3401692278521672, 0.34016922783648795, 0.34016922783648795, 0.3401692278338707, 0.34016922783263615]}, "8": {"maxiter": 1000, "fatol": 1e-05, "xatol": 1e-05, "duration": 0.2084050178527832, "fun": "0.3401692278417494", "nit": "459", "nfev": "723", "status": "0", "success": "True", "message": "Optimization terminated successfully.", "x": "[4.97533724 3.86961203 2.69041569 4.41660838 1.53913169 1.31398698]", "final_simplex": "(array([[4.97533724, 3.86961203, 2.69041569, 4.41660838, 1.53913169,\n        1.31398698],\n       [4.97533913, 3.86960717, 2.69041128, 4.41660029, 1.5391335 ,\n        1.31398488],\n       [4.97534005, 3.86961781, 2.69041518, 4.41660625, 1.53912954,\n        1.3139907 ],\n       [4.97534395, 3.86961181, 2.69041736, 4.4166096 , 1.53913039,\n        1.31398643],\n       [4.97534186, 3.86961361, 2.69041532, 4.41660857, 1.53912783,\n        1.31398451],\n       [4.9753397 , 3.86960921, 2.69042048, 4.41660572, 1.53913219,\n        1.31398461],\n       [4.97534139, 3.86961161, 2.69042259, 4.41660591, 1.53912819,\n        1.3139921 ]]), array([0.34016923, 0.34016923, 0.34016923, 0.34016923, 0.34016923,\n       0.34016923, 0.34016923]))", "callback": [0.9318388462330329, 0.8303345266067768, 0.7191815281305054, 0.6015850881724045, 0.5584754925564663, 0.46287067972755636, 0.4310936909503327, 0.4162726835464189, 0.41185635831449885, 0.41048464239531357, 0.4088585126822434, 0.4086477055469868, 0.40823529777659007, 0.4074940622998864, 0.40377817382132275, 0.38878702471989124, 0.3781949300124494, 0.36652338045023347, 0.36568392436436026, 0.35258089478171506, 0.34161958994194475, 0.34161958994194475, 0.3409984112552904, 0.3408850617860213, 0.3408326918336606, 0.3408170988961311, 0.34076648108628915, 0.34068909364833255, 0.34053783314295205, 0.34036573146104554, 0.3402560467609975, 0.34023300750426, 0.3402014786563454, 0.340178583405653, 0.3401719613912295, 0.34016964279303974, 0.3401694029394181, 0.3401692675836431, 0.3401692342808402, 0.34016923115650655, 0.34016922903408064, 0.34016922846119046, 0.3401692280121551, 0.34016922792924786, 0.3401692278614892, 0.3401692278521672]}, "9": {"maxiter": 1000, "fatol": 1e-05, "xatol": 1e-10, "duration": 0.26660609245300293, "fun": "0.3401692278323608", "nit": "576", "nfev": "964", "status": "0", "success": "True", "message": "Optimization terminated successfully.", "x": "[4.97534043 3.86960802 2.6904056  4.4166034  1.53914124 1.31398614]", "final_simplex": "(array([[4.97534043, 3.86960802, 2.6904056 , 4.4166034 , 1.53914124,\n        1.31398614],\n       [4.97534043, 3.86960802, 2.6904056 , 4.4166034 , 1.53914124,\n        1.31398614],\n       [4.97534043, 3.86960802, 2.6904056 , 4.4166034 , 1.53914124,\n        1.31398614],\n       [4.97534043, 3.86960802, 2.6904056 , 4.4166034 , 1.53914124,\n        1.31398614],\n       [4.97534043, 3.86960802, 2.6904056 , 4.4166034 , 1.53914124,\n        1.31398614],\n       [4.97534043, 3.86960802, 2.6904056 , 4.4166034 , 1.53914124,\n        1.31398614],\n       [4.97534043, 3.86960802, 2.6904056 , 4.4166034 , 1.53914124,\n        1.31398614]]), array([0.34016923, 0.34016923, 0.34016923, 0.34016923, 0.34016923,\n       0.34016923, 0.34016923]))", "callback": [0.9318388462330329, 0.8303345266067768, 0.7191815281305054, 0.6015850881724045, 0.5584754925564663, 0.46287067972755636, 0.4310936909503327, 0.4162726835464189, 0.41185635831449885, 0.41048464239531357, 0.4088585126822434, 0.4086477055469868, 0.40823529777659007, 0.4074940622998864, 0.40377817382132275, 0.38878702471989124, 0.3781949300124494, 0.36652338045023347, 0.36568392436436026, 0.35258089478171506, 0.34161958994194475, 0.34161958994194475, 0.3409984112552904, 0.3408850617860213, 0.3408326918336606, 0.3408170988961311, 0.34076648108628915, 0.34068909364833255, 0.34053783314295205, 0.34036573146104554, 0.3402560467609975, 0.34023300750426, 0.3402014786563454, 0.340178583405653, 0.3401719613912295, 0.34016964279303974, 0.3401694029394181, 0.3401692675836431, 0.3401692342808402, 0.34016923115650655, 0.34016922903408064, 0.34016922846119046, 0.3401692280121551, 0.34016922792924786, 0.3401692278614892, 0.3401692278521672, 0.34016922783648795, 0.34016922783648795, 0.3401692278338707, 0.34016922783263615, 0.340169227832435, 0.3401692278324008, 0.34016922783236936, 0.3401692278323625, 0.34016922783236114, 0.3401692278323609, 0.3401692278323608, 0.3401692278323608]}, "10": {"maxiter": 1000, "fatol": 1e-10, "xatol": 1e-05, "duration": 0.1990799903869629, "fun": "0.3401692278417494", "nit": "459", "nfev": "723", "status": "0", "success": "True", "message": "Optimization terminated successfully.", "x": "[4.97533724 3.86961203 2.69041569 4.41660838 1.53913169 1.31398698]", "final_simplex": "(array([[4.97533724, 3.86961203, 2.69041569, 4.41660838, 1.53913169,\n        1.31398698],\n       [4.97533913, 3.86960717, 2.69041128, 4.41660029, 1.5391335 ,\n        1.31398488],\n       [4.97534005, 3.86961781, 2.69041518, 4.41660625, 1.53912954,\n        1.3139907 ],\n       [4.97534395, 3.86961181, 2.69041736, 4.4166096 , 1.53913039,\n        1.31398643],\n       [4.97534186, 3.86961361, 2.69041532, 4.41660857, 1.53912783,\n        1.31398451],\n       [4.9753397 , 3.86960921, 2.69042048, 4.41660572, 1.53913219,\n        1.31398461],\n       [4.97534139, 3.86961161, 2.69042259, 4.41660591, 1.53912819,\n        1.3139921 ]]), array([0.34016923, 0.34016923, 0.34016923, 0.34016923, 0.34016923,\n       0.34016923, 0.34016923]))", "callback": [0.9318388462330329, 0.8303345266067768, 0.7191815281305054, 0.6015850881724045, 0.5584754925564663, 0.46287067972755636, 0.4310936909503327, 0.4162726835464189, 0.41185635831449885, 0.41048464239531357, 0.4088585126822434, 0.4086477055469868, 0.40823529777659007, 0.4074940622998864, 0.40377817382132275, 0.38878702471989124, 0.3781949300124494, 0.36652338045023347, 0.36568392436436026, 0.35258089478171506, 0.34161958994194475, 0.34161958994194475, 0.3409984112552904, 0.3408850617860213, 0.3408326918336606, 0.3408170988961311, 0.34076648108628915, 0.34068909364833255, 0.34053783314295205, 0.34036573146104554, 0.3402560467609975, 0.34023300750426, 0.3402014786563454, 0.340178583405653, 0.3401719613912295, 0.34016964279303974, 0.3401694029394181, 0.3401692675836431, 0.3401692342808402, 0.34016923115650655, 0.34016922903408064, 0.34016922846119046, 0.3401692280121551, 0.34016922792924786, 0.3401692278614892, 0.3401692278521672]}, "11": {"maxiter": 1000, "fatol": 1e-10, "xatol": 1e-10, "duration": 0.27194905281066895, "fun": "0.3401692278323608", "nit": "576", "nfev": "964", "status": "0", "success": "True", "message": "Optimization terminated successfully.", "x": "[4.97534043 3.86960802 2.6904056  4.4166034  1.53914124 1.31398614]", "final_simplex": "(array([[4.97534043, 3.86960802, 2.6904056 , 4.4166034 , 1.53914124,\n        1.31398614],\n       [4.97534043, 3.86960802, 2.6904056 , 4.4166034 , 1.53914124,\n        1.31398614],\n       [4.97534043, 3.86960802, 2.6904056 , 4.4166034 , 1.53914124,\n        1.31398614],\n       [4.97534043, 3.86960802, 2.6904056 , 4.4166034 , 1.53914124,\n        1.31398614],\n       [4.97534043, 3.86960802, 2.6904056 , 4.4166034 , 1.53914124,\n        1.31398614],\n       [4.97534043, 3.86960802, 2.6904056 , 4.4166034 , 1.53914124,\n        1.31398614],\n       [4.97534043, 3.86960802, 2.6904056 , 4.4166034 , 1.53914124,\n        1.31398614]]), array([0.34016923, 0.34016923, 0.34016923, 0.34016923, 0.34016923,\n       0.34016923, 0.34016923]))", "callback": [0.9318388462330329, 0.8303345266067768, 0.7191815281305054, 0.6015850881724045, 0.5584754925564663, 0.46287067972755636, 0.4310936909503327, 0.4162726835464189, 0.41185635831449885, 0.41048464239531357, 0.4088585126822434, 0.4086477055469868, 0.40823529777659007, 0.4074940622998864, 0.40377817382132275, 0.38878702471989124, 0.3781949300124494, 0.36652338045023347, 0.36568392436436026, 0.35258089478171506, 0.34161958994194475, 0.34161958994194475, 0.3409984112552904, 0.3408850617860213, 0.3408326918336606, 0.3408170988961311, 0.34076648108628915, 0.34068909364833255, 0.34053783314295205, 0.34036573146104554, 0.3402560467609975, 0.34023300750426, 0.3402014786563454, 0.340178583405653, 0.3401719613912295, 0.34016964279303974, 0.3401694029394181, 0.3401692675836431, 0.3401692342808402, 0.34016923115650655, 0.34016922903408064, 0.34016922846119046, 0.3401692280121551, 0.34016922792924786, 0.3401692278614892, 0.3401692278521672, 0.34016922783648795, 0.34016922783648795, 0.3401692278338707, 0.34016922783263615, 0.340169227832435, 0.3401692278324008, 0.34016922783236936, 0.3401692278323625, 0.34016922783236114, 0.3401692278323609, 0.3401692278323608, 0.3401692278323608]}}, "bfgs": {"type": "gradient", "0": {"maxiter": 100, "gtol": 1e-05, "xrtol": 1e-05, "eps": 1e-05, "duration": 0.053134918212890625, "fun": "0.340169227914785", "jac": "[-1.22470922e-06  3.27283756e-06  4.37794245e-06  2.91431324e-06\n  1.59539049e-06 -3.46525031e-06]", "hess_inv": "[[ 3.34239705 -0.29880561 -0.52104603 -0.60415549  0.10264666 -0.65928337]\n [-0.29880561  6.11466079  1.58828887  2.50705682 -3.13406938  3.0286065 ]\n [-0.52104603  1.58828887  8.43452688  3.43957841 -4.37254427  3.82238068]\n [-0.60415549  2.50705682  3.43957841  4.75847831 -2.51655731  2.36076432]\n [ 0.10264666 -3.13406938 -4.37254427 -2.51655731  6.49676435 -2.01730508]\n [-0.65928337  3.0286065   3.82238068  2.36076432 -2.01730508  5.83119968]]", "nfev": "161", "njev": "23", "status": "0", "success": "True", "message": "Optimization terminated successfully.", "x": "[4.97532987 3.86961695 2.69042988 4.41661987 1.53912353 1.31398126]", "nit": "20", "callback": [0.6361912551494062, 0.5832702671067252, 0.5477599136823478, 0.5149365146792388, 0.4584674402513004, 0.40348464913397886, 0.38515954273333397, 0.3587259511794547, 0.3472488277543726, 0.34567959596886133, 0.3442696821278022, 0.3430317376575336, 0.34157282135259204, 0.34061829008587763, 0.34030306777642494, 0.34020594423298245, 0.34017330881003205, 0.3401694136818907, 0.3401692311774437, 0.340169227914785]}, "1": {"maxiter": 100, "gtol": 1e-05, "xrtol": 1e-05, "eps": 1e-10, "duration": 0.046005964279174805, "fun": "0.340169227976014", "jac": "[-1.11022293e-06  0.00000000e+00  4.44089173e-06  2.22044587e-06\n  1.11022293e-06 -2.22044587e-06]", "hess_inv": "[[ 3.32916271 -0.29129922 -0.53533933 -0.59627692  0.0854518  -0.67623947]\n [-0.29129922  6.12412561  1.57893665  2.50598625 -3.12324432  3.01972461]\n [-0.53533933  1.57893665  8.46794276  3.44211308 -4.38746887  3.85862149]\n [-0.59627692  2.50598625  3.44211308  4.75499208 -2.50549172  2.36447502]\n [ 0.0854518  -3.12324432 -4.38746887 -2.50549172  6.47455829 -2.03630699]\n [-0.67623947  3.01972461  3.85862149  2.36447502 -2.03630699  5.87133268]]", "nfev": "161", "njev": "23", "status": "0", "success": "True", "message": "Optimization terminated successfully.", "x": "[4.97533238 3.86963192 2.69045676 4.41663866 1.53911681 1.31400911]", "nit": "20", "callback": [0.6361929528801074, 0.583272193017004, 0.5477612029835384, 0.5149407398932144, 0.45847469567507493, 0.40348287225036994, 0.3851607579168672, 0.3587266995325141, 0.34724840456281525, 0.345680766595842, 0.3442696162257325, 0.34303206504468964, 0.3415713932763762, 0.34061787834783597, 0.34030302114616406, 0.3402058900692786, 0.3401733065446101, 0.34016941247171917, 0.3401692315991076, 0.340169227976014]}, "2": {"maxiter": 100, "gtol": 1e-05, "xrtol": 1e-10, "eps": 1e-05, "duration": 0.04616498947143555, "fun": "0.340169227914785", "jac": "[-1.22470922e-06  3.27283756e-06  4.37794245e-06  2.91431324e-06\n  1.59539049e-06 -3.46525031e-06]", "hess_inv": "[[ 3.34239705 -0.29880561 -0.52104603 -0.60415549  0.10264666 -0.65928337]\n [-0.29880561  6.11466079  1.58828887  2.50705682 -3.13406938  3.0286065 ]\n [-0.52104603  1.58828887  8.43452688  3.43957841 -4.37254427  3.82238068]\n [-0.60415549  2.50705682  3.43957841  4.75847831 -2.51655731  2.36076432]\n [ 0.10264666 -3.13406938 -4.37254427 -2.51655731  6.49676435 -2.01730508]\n [-0.65928337  3.0286065   3.82238068  2.36076432 -2.01730508  5.83119968]]", "nfev": "161", "njev": "23", "status": "0", "success": "True", "message": "Optimization terminated successfully.", "x": "[4.97532987 3.86961695 2.69042988 4.41661987 1.53912353 1.31398126]", "nit": "20", "callback": [0.6361912551494062, 0.5832702671067252, 0.5477599136823478, 0.5149365146792388, 0.4584674402513004, 0.40348464913397886, 0.38515954273333397, 0.3587259511794547, 0.3472488277543726, 0.34567959596886133, 0.3442696821278022, 0.3430317376575336, 0.34157282135259204, 0.34061829008587763, 0.34030306777642494, 0.34020594423298245, 0.34017330881003205, 0.3401694136818907, 0.3401692311774437, 0.340169227914785]}, "3": {"maxiter": 100, "gtol": 1e-05, "xrtol": 1e-10, "eps": 1e-10, "duration": 0.047119140625, "fun": "0.340169227976014", "jac": "[-1.11022293e-06  0.00000000e+00  4.44089173e-06  2.22044587e-06\n  1.11022293e-06 -2.22044587e-06]", "hess_inv": "[[ 3.32916271 -0.29129922 -0.53533933 -0.59627692  0.0854518  -0.67623947]\n [-0.29129922  6.12412561  1.57893665  2.50598625 -3.12324432  3.01972461]\n [-0.53533933  1.57893665  8.46794276  3.44211308 -4.38746887  3.85862149]\n [-0.59627692  2.50598625  3.44211308  4.75499208 -2.50549172  2.36447502]\n [ 0.0854518  -3.12324432 -4.38746887 -2.50549172  6.47455829 -2.03630699]\n [-0.67623947  3.01972461  3.85862149  2.36447502 -2.03630699  5.87133268]]", "nfev": "161", "njev": "23", "status": "0", "success": "True", "message": "Optimization terminated successfully.", "x": "[4.97533238 3.86963192 2.69045676 4.41663866 1.53911681 1.31400911]", "nit": "20", "callback": [0.6361929528801074, 0.583272193017004, 0.5477612029835384, 0.5149407398932144, 0.45847469567507493, 0.40348287225036994, 0.3851607579168672, 0.3587266995325141, 0.34724840456281525, 0.345680766595842, 0.3442696162257325, 0.34303206504468964, 0.3415713932763762, 0.34061787834783597, 0.34030302114616406, 0.3402058900692786, 0.3401733065446101, 0.34016941247171917, 0.3401692315991076, 0.340169227976014]}, "4": {"maxiter": 100, "gtol": 1e-10, "xrtol": 1e-05, "eps": 1e-05, "duration": 0.05018806457519531, "fun": "0.3401692278682211", "jac": "[-7.42184092e-07  4.54070115e-07  7.39186490e-07 -5.33462163e-08\n  1.23356880e-07  3.43058915e-07]", "hess_inv": "[[ 3.22578357e+00 -2.76450958e-01 -3.73489344e-01 -5.80352204e-01\n  -9.09649800e-04 -4.63838039e-01]\n [-2.76450958e-01  6.46051852e+00  2.03295194e+00  2.97904332e+00\n  -3.38048552e+00  2.98601264e+00]\n [-3.73489344e-01  2.03295194e+00  8.88664432e+00  4.05314973e+00\n  -4.60116585e+00  3.56814872e+00]\n [-5.80352204e-01  2.97904332e+00  4.05314973e+00  5.40221006e+00\n  -2.85781335e+00  2.31389155e+00]\n [-9.09649800e-04 -3.38048552e+00 -4.60116585e+00 -2.85781335e+00\n   6.60728761e+00 -1.83984467e+00]\n [-4.63838039e-01  2.98601264e+00  3.56814872e+00  2.31389155e+00\n  -1.83984467e+00  5.50370649e+00]]", "nfev": "168", "njev": "24", "status": "0", "success": "True", "message": "Optimization terminated successfully.", "x": "[4.97533644 3.86959362 2.69039176 4.4165885  1.53914614 1.31397057]", "nit": "21", "callback": [0.6361912551494062, 0.5832702671067252, 0.5477599136823478, 0.5149365146792388, 0.4584674402513004, 0.40348464913397886, 0.38515954273333397, 0.3587259511794547, 0.3472488277543726, 0.34567959596886133, 0.3442696821278022, 0.3430317376575336, 0.34157282135259204, 0.34061829008587763, 0.34030306777642494, 0.34020594423298245, 0.34017330881003205, 0.3401694136818907, 0.3401692311774437, 0.340169227914785, 0.3401692278682211]}, "5": {"maxiter": 100, "gtol": 1e-10, "xrtol": 1e-05, "eps": 1e-10, "duration": 0.041815996170043945, "fun": "0.3401692278646862", "jac": "[-2.22044587e-06 -1.11022293e-06 -3.33066880e-06 -3.33066880e-06\n -2.22044587e-06 -1.11022293e-06]", "hess_inv": "[[ 3.25765652 -0.34587459 -0.38427686 -0.5843998   0.03102244 -0.54639314]\n [-0.34587459  6.15378115  1.895048    2.68957942 -3.25465793  3.09196526]\n [-0.38427686  1.895048    8.71434162  3.9085199  -4.52557506  3.50866513]\n [-0.5843998   2.68957942  3.9085199   5.18017676 -2.7164119   2.27716446]\n [ 0.03102244 -3.25465793 -4.52557506 -2.7164119   6.54639438 -1.9036162 ]\n [-0.54639314  3.09196526  3.50866513  2.27716446 -1.9036162   5.64566641]]", "nfev": "168", "njev": "24", "status": "0", "success": "True", "message": "Optimization terminated successfully.", "x": "[4.97533775 3.86962763 2.69042177 4.41661722 1.53913147 1.31400251]", "nit": "21", "callback": [0.6361929528801074, 0.583272193017004, 0.5477612029835384, 0.5149407398932144, 0.45847469567507493, 0.40348287225036994, 0.3851607579168672, 0.3587266995325141, 0.34724840456281525, 0.345680766595842, 0.3442696162257325, 0.34303206504468964, 0.3415713932763762, 0.34061787834783597, 0.34030302114616406, 0.3402058900692786, 0.3401733065446101, 0.34016941247171917, 0.3401692315991076, 0.340169227976014, 0.3401692278646862]}, "6": {"maxiter": 100, "gtol": 1e-10, "xrtol": 1e-10, "eps": 1e-05, "duration": 0.08763790130615234, "fun": "0.3401692278682211", "jac": "[-7.42184092e-07  4.54070115e-07  7.39186490e-07 -5.33462163e-08\n  1.23356880e-07  3.43058915e-07]", "hess_inv": "[[ 3.3692308  -0.63204753 -0.95151793 -1.00312911  0.33415397 -0.72964913]\n [-0.63204753  7.17841624  3.19503882  3.74775949 -4.04200666  3.67958555]\n [-0.95151793  3.19503882 10.76757828  5.29439927 -5.67144861  4.69659485]\n [-1.00312911  3.74775949  5.29439927  6.17135991 -3.55666311  3.15645503]\n [ 0.33415397 -4.04200666 -5.67144861 -3.55666311  7.21518791 -2.49652925]\n [-0.72964913  3.67958555  4.69659485  3.15645503 -2.49652925  5.98892462]]", "nfev": "306", "njev": "42", "status": "2", "success": "False", "message": "Desired error not necessarily achieved due to precision loss.", "x": "[4.97533644 3.86959362 2.69039176 4.4165885  1.53914614 1.31397057]", "nit": "21", "callback": [0.6361912551494062, 0.5832702671067252, 0.5477599136823478, 0.5149365146792388, 0.4584674402513004, 0.40348464913397886, 0.38515954273333397, 0.3587259511794547, 0.3472488277543726, 0.34567959596886133, 0.3442696821278022, 0.3430317376575336, 0.34157282135259204, 0.34061829008587763, 0.34030306777642494, 0.34020594423298245, 0.34017330881003205, 0.3401694136818907, 0.3401692311774437, 0.340169227914785, 0.3401692278682211]}, "7": {"maxiter": 100, "gtol": 1e-10, "xrtol": 1e-10, "eps": 1e-10, "duration": 0.06991100311279297, "fun": "0.3401692278646862", "jac": "[-1.11022293e-06  2.22044587e-06  1.11022293e-06  0.00000000e+00\n -2.22044587e-06  2.22044587e-06]", "hess_inv": "[[ 3.45895391 -0.18442539 -0.7731198  -0.73075549  0.19931698 -0.35338176]\n [-0.18442539  5.76732045  0.10711764  1.52081008 -2.50931152  2.54219742]\n [-0.7731198   0.10711764  5.24265492  1.1833633  -3.10449138  1.12014686]\n [-0.73075549  1.52081008  1.1833633   3.14410721 -1.59498687  0.70108103]\n [ 0.19931698 -2.50931152 -3.10449138 -1.59498687  5.965035   -0.90874382]\n [-0.35338176  2.54219742  1.12014686  0.70108103 -0.90874382  4.86858384]]", "nfev": "231", "njev": "33", "status": "0", "success": "True", "message": "Optimization terminated successfully.", "x": "[4.97533775 3.86962763 2.69042177 4.41661722 1.53913147 1.31400251]", "nit": "22", "callback": [0.6361929528801074, 0.583272193017004, 0.5477612029835384, 0.5149407398932144, 0.45847469567507493, 0.40348287225036994, 0.3851607579168672, 0.3587266995325141, 0.34724840456281525, 0.345680766595842, 0.3442696162257325, 0.34303206504468964, 0.3415713932763762, 0.34061787834783597, 0.34030302114616406, 0.3402058900692786, 0.3401733065446101, 0.34016941247171917, 0.3401692315991076, 0.340169227976014, 0.3401692278646862, 0.3401692278646862]}, "8": {"maxiter": 500, "gtol": 1e-05, "xrtol": 1e-05, "eps": 1e-05, "duration": 0.0519561767578125, "fun": "0.340169227914785", "jac": "[-1.22470922e-06  3.27283756e-06  4.37794245e-06  2.91431324e-06\n  1.59539049e-06 -3.46525031e-06]", "hess_inv": "[[ 3.34239705 -0.29880561 -0.52104603 -0.60415549  0.10264666 -0.65928337]\n [-0.29880561  6.11466079  1.58828887  2.50705682 -3.13406938  3.0286065 ]\n [-0.52104603  1.58828887  8.43452688  3.43957841 -4.37254427  3.82238068]\n [-0.60415549  2.50705682  3.43957841  4.75847831 -2.51655731  2.36076432]\n [ 0.10264666 -3.13406938 -4.37254427 -2.51655731  6.49676435 -2.01730508]\n [-0.65928337  3.0286065   3.82238068  2.36076432 -2.01730508  5.83119968]]", "nfev": "161", "njev": "23", "status": "0", "success": "True", "message": "Optimization terminated successfully.", "x": "[4.97532987 3.86961695 2.69042988 4.41661987 1.53912353 1.31398126]", "nit": "20", "callback": [0.6361912551494062, 0.5832702671067252, 0.5477599136823478, 0.5149365146792388, 0.4584674402513004, 0.40348464913397886, 0.38515954273333397, 0.3587259511794547, 0.3472488277543726, 0.34567959596886133, 0.3442696821278022, 0.3430317376575336, 0.34157282135259204, 0.34061829008587763, 0.34030306777642494, 0.34020594423298245, 0.34017330881003205, 0.3401694136818907, 0.3401692311774437, 0.340169227914785]}, "9": {"maxiter": 500, "gtol": 1e-05, "xrtol": 1e-05, "eps": 1e-10, "duration": 0.0485539436340332, "fun": "0.340169227976014", "jac": "[-1.11022293e-06  0.00000000e+00  4.44089173e-06  2.22044587e-06\n  1.11022293e-06 -2.22044587e-06]", "hess_inv": "[[ 3.32916271 -0.29129922 -0.53533933 -0.59627692  0.0854518  -0.67623947]\n [-0.29129922  6.12412561  1.57893665  2.50598625 -3.12324432  3.01972461]\n [-0.53533933  1.57893665  8.46794276  3.44211308 -4.38746887  3.85862149]\n [-0.59627692  2.50598625  3.44211308  4.75499208 -2.50549172  2.36447502]\n [ 0.0854518  -3.12324432 -4.38746887 -2.50549172  6.47455829 -2.03630699]\n [-0.67623947  3.01972461  3.85862149  2.36447502 -2.03630699  5.87133268]]", "nfev": "161", "njev": "23", "status": "0", "success": "True", "message": "Optimization terminated successfully.", "x": "[4.97533238 3.86963192 2.69045676 4.41663866 1.53911681 1.31400911]", "nit": "20", "callback": [0.6361929528801074, 0.583272193017004, 0.5477612029835384, 0.5149407398932144, 0.45847469567507493, 0.40348287225036994, 0.3851607579168672, 0.3587266995325141, 0.34724840456281525, 0.345680766595842, 0.3442696162257325, 0.34303206504468964, 0.3415713932763762, 0.34061787834783597, 0.34030302114616406, 0.3402058900692786, 0.3401733065446101, 0.34016941247171917, 0.3401692315991076, 0.340169227976014]}, "10": {"maxiter": 500, "gtol": 1e-05, "xrtol": 1e-10, "eps": 1e-05, "duration": 0.04694771766662598, "fun": "0.340169227914785", "jac": "[-1.22470922e-06  3.27283756e-06  4.37794245e-06  2.91431324e-06\n  1.59539049e-06 -3.46525031e-06]", "hess_inv": "[[ 3.34239705 -0.29880561 -0.52104603 -0.60415549  0.10264666 -0.65928337]\n [-0.29880561  6.11466079  1.58828887  2.50705682 -3.13406938  3.0286065 ]\n [-0.52104603  1.58828887  8.43452688  3.43957841 -4.37254427  3.82238068]\n [-0.60415549  2.50705682  3.43957841  4.75847831 -2.51655731  2.36076432]\n [ 0.10264666 -3.13406938 -4.37254427 -2.51655731  6.49676435 -2.01730508]\n [-0.65928337  3.0286065   3.82238068  2.36076432 -2.01730508  5.83119968]]", "nfev": "161", "njev": "23", "status": "0", "success": "True", "message": "Optimization terminated successfully.", "x": "[4.97532987 3.86961695 2.69042988 4.41661987 1.53912353 1.31398126]", "nit": "20", "callback": [0.6361912551494062, 0.5832702671067252, 0.5477599136823478, 0.5149365146792388, 0.4584674402513004, 0.40348464913397886, 0.38515954273333397, 0.3587259511794547, 0.3472488277543726, 0.34567959596886133, 0.3442696821278022, 0.3430317376575336, 0.34157282135259204, 0.34061829008587763, 0.34030306777642494, 0.34020594423298245, 0.34017330881003205, 0.3401694136818907, 0.3401692311774437, 0.340169227914785]}, "11": {"maxiter": 500, "gtol": 1e-05, "xrtol": 1e-10, "eps": 1e-10, "duration": 0.04769396781921387, "fun": "0.340169227976014", "jac": "[-1.11022293e-06  0.00000000e+00  4.44089173e-06  2.22044587e-06\n  1.11022293e-06 -2.22044587e-06]", "hess_inv": "[[ 3.32916271 -0.29129922 -0.53533933 -0.59627692  0.0854518  -0.67623947]\n [-0.29129922  6.12412561  1.57893665  2.50598625 -3.12324432  3.01972461]\n [-0.53533933  1.57893665  8.46794276  3.44211308 -4.38746887  3.85862149]\n [-0.59627692  2.50598625  3.44211308  4.75499208 -2.50549172  2.36447502]\n [ 0.0854518  -3.12324432 -4.38746887 -2.50549172  6.47455829 -2.03630699]\n [-0.67623947  3.01972461  3.85862149  2.36447502 -2.03630699  5.87133268]]", "nfev": "161", "njev": "23", "status": "0", "success": "True", "message": "Optimization terminated successfully.", "x": "[4.97533238 3.86963192 2.69045676 4.41663866 1.53911681 1.31400911]", "nit": "20", "callback": [0.6361929528801074, 0.583272193017004, 0.5477612029835384, 0.5149407398932144, 0.45847469567507493, 0.40348287225036994, 0.3851607579168672, 0.3587266995325141, 0.34724840456281525, 0.345680766595842, 0.3442696162257325, 0.34303206504468964, 0.3415713932763762, 0.34061787834783597, 0.34030302114616406, 0.3402058900692786, 0.3401733065446101, 0.34016941247171917, 0.3401692315991076, 0.340169227976014]}, "12": {"maxiter": 500, "gtol": 1e-10, "xrtol": 1e-05, "eps": 1e-05, "duration": 0.042057037353515625, "fun": "0.3401692278682211", "jac": "[-7.42184092e-07  4.54070115e-07  7.39186490e-07 -5.33462163e-08\n  1.23356880e-07  3.43058915e-07]", "hess_inv": "[[ 3.22578357e+00 -2.76450958e-01 -3.73489344e-01 -5.80352204e-01\n  -9.09649800e-04 -4.63838039e-01]\n [-2.76450958e-01  6.46051852e+00  2.03295194e+00  2.97904332e+00\n  -3.38048552e+00  2.98601264e+00]\n [-3.73489344e-01  2.03295194e+00  8.88664432e+00  4.05314973e+00\n  -4.60116585e+00  3.56814872e+00]\n [-5.80352204e-01  2.97904332e+00  4.053