{"date": "2024/10/08/, 14:09:51", "conf_id": 3, "data_type": "random\n", "num_data_points": 1, "s_rank": 0, "unitary": "[[-0.53618537-0.34368723j,-0.12107031-0.46226139j,-0.07699282-0.46603512j,0.36022595-0.11472301j],[0.26026499-0.63450712j,-0.56616638+0.37832564j,-0.14988651+0.08458591j,0.10363514-0.16008501j],[-0.32580188-0.11070003j,-0.36476308-0.23593218j,0.02559343+0.41761608j,-0.25598305+0.6725303j],[0.07406738-0.0126433j,0.28513701+0.19483972j,-0.74939717-0.10299659j,0.29798249+0.46269921j]]", "databatch_0": {"databatch": "[[[0.06318202-0.11875141j,-0.09598484+0.10659092j,0.20844971+0.08357694j,-0.23608642+0.01980526j],[-0.03545851-0.14932089j,-0.00179743+0.16364685j,0.24149981-0.08564091j,-0.18719829+0.19499707j],[-0.01601117-0.27916861j,-0.05538858+0.29299214j,0.46052399-0.07665005j,-0.39797126+0.29013259j],[-0.01037376-0.06809724j,-0.00681803+0.07313637j,0.11117486-0.02943376j,-0.09090355+0.08034647j]]]", "initial param values": "[2.41660887,2.25736691,0.20461123,0.07039006,5.15520736,6.1815388]", "nelder_mead": {"type": "gradient-free", "0": {"maxiter": 100, "fatol": 1e-05, "xatol": 1e-05, "duration": 0.04326891899108887, "fun": "0.03414772127782695", "nit": "100", "nfev": "159", "status": "2", "success": "False", "message": "Maximum number of iterations has been exceeded.", "x": "[4.25001944 3.05950022 0.52098919 0.09478712 2.94515358 8.56703802]", "final_simplex": "(array([[4.25001944, 3.05950022, 0.52098919, 0.09478712, 2.94515358,\n        8.56703802],\n       [4.16607176, 3.14466303, 0.49035448, 0.09049391, 2.77136819,\n        8.54234346],\n       [4.06419709, 3.13155947, 0.46069844, 0.08351657, 3.20374988,\n        8.16969406],\n       [4.16231428, 3.16354936, 0.45213226, 0.07876982, 3.22012846,\n        8.1269557 ],\n       [4.12209901, 2.98838874, 0.39597973, 0.07217989, 3.29476734,\n        8.08069921],\n       [4.07023681, 2.95888601, 0.38612714, 0.07085339, 3.38798485,\n        7.92749264],\n       [4.06148633, 3.0038596 , 0.38384206, 0.06930191, 3.58975352,\n        7.75705714]]), array([0.03414772, 0.03487   , 0.03631887, 0.03904054, 0.04225123,\n       0.04261856, 0.04304652]))", "callback": [0.4122760144036053, 0.20512709916153749, 0.09966039816356398, 0.09469728338158534, 0.07843198848898236, 0.058031337158684915, 0.05619104978238032, 0.055831475077369075, 0.05384420770022402, 0.04796247932359321]}, "1": {"maxiter": 100, "fatol": 1e-05, "xatol": 1e-10, "duration": 0.049787044525146484, "fun": "0.03414772127782695", "nit": "100", "nfev": "159", "status": "2", "success": "False", "message": "Maximum number of iterations has been exceeded.", "x": "[4.25001944 3.05950022 0.52098919 0.09478712 2.94515358 8.56703802]", "final_simplex": "(array([[4.25001944, 3.05950022, 0.52098919, 0.09478712, 2.94515358,\n        8.56703802],\n       [4.16607176, 3.14466303, 0.49035448, 0.09049391, 2.77136819,\n        8.54234346],\n       [4.06419709, 3.13155947, 0.46069844, 0.08351657, 3.20374988,\n        8.16969406],\n       [4.16231428, 3.16354936, 0.45213226, 0.07876982, 3.22012846,\n        8.1269557 ],\n       [4.12209901, 2.98838874, 0.39597973, 0.07217989, 3.29476734,\n        8.08069921],\n       [4.07023681, 2.95888601, 0.38612714, 0.07085339, 3.38798485,\n        7.92749264],\n       [4.06148633, 3.0038596 , 0.38384206, 0.06930191, 3.58975352,\n        7.75705714]]), array([0.03414772, 0.03487   , 0.03631887, 0.03904054, 0.04225123,\n       0.04261856, 0.04304652]))", "callback": [0.4122760144036053, 0.20512709916153749, 0.09966039816356398, 0.09469728338158534, 0.07843198848898236, 0.058031337158684915, 0.05619104978238032, 0.055831475077369075, 0.05384420770022402, 0.04796247932359321]}, "2": {"maxiter": 100, "fatol": 1e-10, "xatol": 1e-05, "duration": 0.04536318778991699, "fun": "0.03414772127782695", "nit": "100", "nfev": "159", "status": "2", "success": "False", "message": "Maximum number of iterations has been exceeded.", "x": "[4.25001944 3.05950022 0.52098919 0.09478712 2.94515358 8.56703802]", "final_simplex": "(array([[4.25001944, 3.05950022, 0.52098919, 0.09478712, 2.94515358,\n        8.56703802],\n       [4.16607176, 3.14466303, 0.49035448, 0.09049391, 2.77136819,\n        8.54234346],\n       [4.06419709, 3.13155947, 0.46069844, 0.08351657, 3.20374988,\n        8.16969406],\n       [4.16231428, 3.16354936, 0.45213226, 0.07876982, 3.22012846,\n        8.1269557 ],\n       [4.12209901, 2.98838874, 0.39597973, 0.07217989, 3.29476734,\n        8.08069921],\n       [4.07023681, 2.95888601, 0.38612714, 0.07085339, 3.38798485,\n        7.92749264],\n       [4.06148633, 3.0038596 , 0.38384206, 0.06930191, 3.58975352,\n        7.75705714]]), array([0.03414772, 0.03487   , 0.03631887, 0.03904054, 0.04225123,\n       0.04261856, 0.04304652]))", "callback": [0.4122760144036053, 0.20512709916153749, 0.09966039816356398, 0.09469728338158534, 0.07843198848898236, 0.058031337158684915, 0.05619104978238032, 0.055831475077369075, 0.05384420770022402, 0.04796247932359321]}, "3": {"maxiter": 100, "fatol": 1e-10, "xatol": 1e-10, "duration": 0.038496971130371094, "fun": "0.03414772127782695", "nit": "100", "nfev": "159", "status": "2", "success": "False", "message": "Maximum number of iterations has been exceeded.", "x": "[4.25001944 3.05950022 0.52098919 0.09478712 2.94515358 8.56703802]", "final_simplex": "(array([[4.25001944, 3.05950022, 0.52098919, 0.09478712, 2.94515358,\n        8.56703802],\n       [4.16607176, 3.14466303, 0.49035448, 0.09049391, 2.77136819,\n        8.54234346],\n       [4.06419709, 3.13155947, 0.46069844, 0.08351657, 3.20374988,\n        8.16969406],\n       [4.16231428, 3.16354936, 0.45213226, 0.07876982, 3.22012846,\n        8.1269557 ],\n       [4.12209901, 2.98838874, 0.39597973, 0.07217989, 3.29476734,\n        8.08069921],\n       [4.07023681, 2.95888601, 0.38612714, 0.07085339, 3.38798485,\n        7.92749264],\n       [4.06148633, 3.0038596 , 0.38384206, 0.06930191, 3.58975352,\n        7.75705714]]), array([0.03414772, 0.03487   , 0.03631887, 0.03904054, 0.04225123,\n       0.04261856, 0.04304652]))", "callback": [0.4122760144036053, 0.20512709916153749, 0.09966039816356398, 0.09469728338158534, 0.07843198848898236, 0.058031337158684915, 0.05619104978238032, 0.055831475077369075, 0.05384420770022402, 0.04796247932359321]}, "4": {"maxiter": 500, "fatol": 1e-05, "xatol": 1e-05, "duration": 0.1482701301574707, "fun": "0.002554999614460818", "nit": "325", "nfev": "531", "status": "0", "success": "True", "message": "Optimization terminated successfully.", "x": "[ 4.15056133  3.41673896  1.02582745  0.21047187 -0.79751702 12.310034  ]", "final_simplex": "(array([[ 4.15056133,  3.41673896,  1.02582745,  0.21047187, -0.79751702,\n        12.310034  ],\n       [ 4.15056216,  3.41673941,  1.02582753,  0.21047183, -0.79750955,\n        12.31002656],\n       [ 4.15056114,  3.41673858,  1.02582709,  0.2104718 , -0.79751343,\n        12.31003079],\n       [ 4.1505618 ,  3.41673879,  1.0258274 ,  0.21047184, -0.79751043,\n        12.31002708],\n       [ 4.15056096,  3.41673848,  1.02582817,  0.21047202, -0.79751519,\n        12.31003329],\n       [ 4.15056196,  3.41673926,  1.02582807,  0.21047195, -0.7975119 ,\n        12.31002976],\n       [ 4.150561  ,  3.4167392 ,  1.02582763,  0.21047189, -0.79751063,\n        12.31002782]]), array([0.002555, 0.002555, 0.002555, 0.002555, 0.002555, 0.002555,\n       0.002555]))", "callback": [0.4122760144036053, 0.20512709916153749, 0.09966039816356398, 0.09469728338158534, 0.07843198848898236, 0.058031337158684915, 0.05619104978238032, 0.055831475077369075, 0.05384420770022402, 0.04796247932359321, 0.030795752798116638, 0.018730293576939228, 0.007121475156426804, 0.004617242967850821, 0.0037948511786984884, 0.0031841020659733044, 0.0030289073140310485, 0.0029380518986349413, 0.0027795705446618246, 0.0025615961066183246, 0.0025588766934256935, 0.002555227398968185, 0.002555227398968185, 0.002555081524441505, 0.0025550079121459124, 0.0025550051703272514, 0.0025550007683768916, 0.002554999962241844, 0.0025549996633730254, 0.0025549996411525777, 0.0025549996184920376, 0.002554999614918785, 0.002554999614460818]}, "5": {"maxiter": 500, "fatol": 1e-05, "xatol": 1e-10, "duration": 0.21267032623291016, "fun": "0.002554999614386988", "nit": "413", "nfev": "744", "status": "0", "success": "True", "message": "Optimization terminated successfully.", "x": "[ 4.1505615   3.41673947  1.0258276   0.21047187 -0.79751381 12.31003062]", "final_simplex": "(array([[ 4.1505615 ,  3.41673947,  1.0258276 ,  0.21047187, -0.79751381,\n        12.31003062],\n       [ 4.1505615 ,  3.41673947,  1.0258276 ,  0.21047187, -0.79751381,\n        12.31003062],\n       [ 4.1505615 ,  3.41673947,  1.0258276 ,  0.21047187, -0.79751381,\n        12.31003062],\n       [ 4.1505615 ,  3.41673947,  1.0258276 ,  0.21047187, -0.79751381,\n        12.31003062],\n       [ 4.1505615 ,  3.41673947,  1.0258276 ,  0.21047187, -0.79751381,\n        12.31003062],\n       [ 4.1505615 ,  3.41673947,  1.0258276 ,  0.21047187, -0.79751381,\n        12.31003062],\n       [ 4.1505615 ,  3.41673947,  1.0258276 ,  0.21047187, -0.79751381,\n        12.31003062]]), array([0.002555, 0.002555, 0.002555, 0.002555, 0.002555, 0.002555,\n       0.002555]))", "callback": [0.4122760144036053, 0.20512709916153749, 0.09966039816356398, 0.09469728338158534, 0.07843198848898236, 0.058031337158684915, 0.05619104978238032, 0.055831475077369075, 0.05384420770022402, 0.04796247932359321, 0.030795752798116638, 0.018730293576939228, 0.007121475156426804, 0.004617242967850821, 0.0037948511786984884, 0.0031841020659733044, 0.0030289073140310485, 0.0029380518986349413, 0.0027795705446618246, 0.0025615961066183246, 0.0025588766934256935, 0.002555227398968185, 0.002555227398968185, 0.002555081524441505, 0.0025550079121459124, 0.0025550051703272514, 0.0025550007683768916, 0.002554999962241844, 0.0025549996633730254, 0.0025549996411525777, 0.0025549996184920376, 0.002554999614918785, 0.002554999614460818, 0.002554999614402864, 0.0025549996143956477, 0.0025549996143892084, 0.002554999614387987, 0.002554999614387099, 0.002554999614386988, 0.002554999614386988, 0.002554999614386988, 0.002554999614386988]}, "6": {"maxiter": 500, "fatol": 1e-10, "xatol": 1e-05, "duration": 0.15144014358520508, "fun": "0.002554999614460818", "nit": "325", "nfev": "531", "status": "0", "success": "True", "message": "Optimization terminated successfully.", "x": "[ 4.15056133  3.41673896  1.02582745  0.21047187 -0.79751702 12.310034  ]", "final_simplex": "(array([[ 4.15056133,  3.41673896,  1.02582745,  0.21047187, -0.79751702,\n        12.310034  ],\n       [ 4.15056216,  3.41673941,  1.02582753,  0.21047183, -0.79750955,\n        12.31002656],\n       [ 4.15056114,  3.41673858,  1.02582709,  0.2104718 , -0.79751343,\n        12.31003079],\n       [ 4.1505618 ,  3.41673879,  1.0258274 ,  0.21047184, -0.79751043,\n        12.31002708],\n       [ 4.15056096,  3.41673848,  1.02582817,  0.21047202, -0.79751519,\n        12.31003329],\n       [ 4.15056196,  3.41673926,  1.02582807,  0.21047195, -0.7975119 ,\n        12.31002976],\n       [ 4.150561  ,  3.4167392 ,  1.02582763,  0.21047189, -0.79751063,\n        12.31002782]]), array([0.002555, 0.002555, 0.002555, 0.002555, 0.002555, 0.002555,\n       0.002555]))", "callback": [0.4122760144036053, 0.20512709916153749, 0.09966039816356398, 0.09469728338158534, 0.07843198848898236, 0.058031337158684915, 0.05619104978238032, 0.055831475077369075, 0.05384420770022402, 0.04796247932359321, 0.030795752798116638, 0.018730293576939228, 0.007121475156426804, 0.004617242967850821, 0.0037948511786984884, 0.0031841020659733044, 0.0030289073140310485, 0.0029380518986349413, 0.0027795705446618246, 0.0025615961066183246, 0.0025588766934256935, 0.002555227398968185, 0.002555227398968185, 0.002555081524441505, 0.0025550079121459124, 0.0025550051703272514, 0.0025550007683768916, 0.002554999962241844, 0.0025549996633730254, 0.0025549996411525777, 0.0025549996184920376, 0.002554999614918785, 0.002554999614460818]}, "7": {"maxiter": 500, "fatol": 1e-10, "xatol": 1e-10, "duration": 0.2188889980316162, "fun": "0.002554999614386988", "nit": "413", "nfev": "744", "status": "0", "success": "True", "message": "Optimization terminated successfully.", "x": "[ 4.1505615   3.41673947  1.0258276   0.21047187 -0.79751381 12.31003062]", "final_simplex": "(array([[ 4.1505615 ,  3.41673947,  1.0258276 ,  0.21047187, -0.79751381,\n        12.31003062],\n       [ 4.1505615 ,  3.41673947,  1.0258276 ,  0.21047187, -0.79751381,\n        12.31003062],\n       [ 4.1505615 ,  3.41673947,  1.0258276 ,  0.21047187, -0.79751381,\n        12.31003062],\n       [ 4.1505615 ,  3.41673947,  1.0258276 ,  0.21047187, -0.79751381,\n        12.31003062],\n       [ 4.1505615 ,  3.41673947,  1.0258276 ,  0.21047187, -0.79751381,\n        12.31003062],\n       [ 4.1505615 ,  3.41673947,  1.0258276 ,  0.21047187, -0.79751381,\n        12.31003062],\n       [ 4.1505615 ,  3.41673947,  1.0258276 ,  0.21047187, -0.79751381,\n        12.31003062]]), array([0.002555, 0.002555, 0.002555, 0.002555, 0.002555, 0.002555,\n       0.002555]))", "callback": [0.4122760144036053, 0.20512709916153749, 0.09966039816356398, 0.09469728338158534, 0.07843198848898236, 0.058031337158684915, 0.05619104978238032, 0.055831475077369075, 0.05384420770022402, 0.04796247932359321, 0.030795752798116638, 0.018730293576939228, 0.007121475156426804, 0.004617242967850821, 0.0037948511786984884, 0.0031841020659733044, 0.0030289073140310485, 0.0029380518986349413, 0.0027795705446618246, 0.0025615961066183246, 0.0025588766934256935, 0.002555227398968185, 0.002555227398968185, 0.002555081524441505, 0.0025550079121459124, 0.0025550051703272514, 0.0025550007683768916, 0.002554999962241844, 0.0025549996633730254, 0.0025549996411525777, 0.0025549996184920376, 0.002554999614918785, 0.002554999614460818, 0.002554999614402864, 0.0025549996143956477, 0.0025549996143892084, 0.002554999614387987, 0.002554999614387099, 0.002554999614386988, 0.002554999614386988, 0.002554999614386988, 0.002554999614386988]}, "8": {"maxiter": 1000, "fatol": 1e-05, "xatol": 1e-05, "duration": 0.14791202545166016, "fun": "0.002554999614460818", "nit": "325", "nfev": "531", "status": "0", "success": "True", "message": "Optimization terminated successfully.", "x": "[ 4.15056133  3.41673896  1.02582745  0.21047187 -0.79751702 12.310034  ]", "final_simplex": "(array([[ 4.15056133,  3.41673896,  1.02582745,  0.21047187, -0.79751702,\n        12.310034  ],\n       [ 4.15056216,  3.41673941,  1.02582753,  0.21047183, -0.79750955,\n        12.31002656],\n       [ 4.15056114,  3.41673858,  1.02582709,  0.2104718 , -0.79751343,\n        12.31003079],\n       [ 4.1505618 ,  3.41673879,  1.0258274 ,  0.21047184, -0.79751043,\n        12.31002708],\n       [ 4.15056096,  3.41673848,  1.02582817,  0.21047202, -0.79751519,\n        12.31003329],\n       [ 4.15056196,  3.41673926,  1.02582807,  0.21047195, -0.7975119 ,\n        12.31002976],\n       [ 4.150561  ,  3.4167392 ,  1.02582763,  0.21047189, -0.79751063,\n        12.31002782]]), array([0.002555, 0.002555, 0.002555, 0.002555, 0.002555, 0.002555,\n       0.002555]))", "callback": [0.4122760144036053, 0.20512709916153749, 0.09966039816356398, 0.09469728338158534, 0.07843198848898236, 0.058031337158684915, 0.05619104978238032, 0.055831475077369075, 0.05384420770022402, 0.04796247932359321, 0.030795752798116638, 0.018730293576939228, 0.007121475156426804, 0.004617242967850821, 0.0037948511786984884, 0.0031841020659733044, 0.0030289073140310485, 0.0029380518986349413, 0.0027795705446618246, 0.0025615961066183246, 0.0025588766934256935, 0.002555227398968185, 0.002555227398968185, 0.002555081524441505, 0.0025550079121459124, 0.0025550051703272514, 0.0025550007683768916, 0.002554999962241844, 0.0025549996633730254, 0.0025549996411525777, 0.0025549996184920376, 0.002554999614918785, 0.002554999614460818]}, "9": {"maxiter": 1000, "fatol": 1e-05, "xatol": 1e-10, "duration": 0.2238306999206543, "fun": "0.002554999614386988", "nit": "413", "nfev": "744", "status": "0", "success": "True", "message": "Optimization terminated successfully.", "x": "[ 4.1505615   3.41673947  1.0258276   0.21047187 -0.79751381 12.31003062]", "final_simplex": "(array([[ 4.1505615 ,  3.41673947,  1.0258276 ,  0.21047187, -0.79751381,\n        12.31003062],\n       [ 4.1505615 ,  3.41673947,  1.0258276 ,  0.21047187, -0.79751381,\n        12.31003062],\n       [ 4.1505615 ,  3.41673947,  1.0258276 ,  0.21047187, -0.79751381,\n        12.31003062],\n       [ 4.1505615 ,  3.41673947,  1.0258276 ,  0.21047187, -0.79751381,\n        12.31003062],\n       [ 4.1505615 ,  3.41673947,  1.0258276 ,  0.21047187, -0.79751381,\n        12.31003062],\n       [ 4.1505615 ,  3.41673947,  1.0258276 ,  0.21047187, -0.79751381,\n        12.31003062],\n       [ 4.1505615 ,  3.41673947,  1.0258276 ,  0.21047187, -0.79751381,\n        12.31003062]]), array([0.002555, 0.002555, 0.002555, 0.002555, 0.002555, 0.002555,\n       0.002555]))", "callback": [0.4122760144036053, 0.20512709916153749, 0.09966039816356398, 0.09469728338158534, 0.07843198848898236, 0.058031337158684915, 0.05619104978238032, 0.055831475077369075, 0.05384420770022402, 0.04796247932359321, 0.030795752798116638, 0.018730293576939228, 0.007121475156426804, 0.004617242967850821, 0.0037948511786984884, 0.0031841020659733044, 0.0030289073140310485, 0.0029380518986349413, 0.0027795705446618246, 0.0025615961066183246, 0.0025588766934256935, 0.002555227398968185, 0.002555227398968185, 0.002555081524441505, 0.0025550079121459124, 0.0025550051703272514, 0.0025550007683768916, 0.002554999962241844, 0.0025549996633730254, 0.0025549996411525777, 0.0025549996184920376, 0.002554999614918785, 0.002554999614460818, 0.002554999614402864, 0.0025549996143956477, 0.0025549996143892084, 0.002554999614387987, 0.002554999614387099, 0.002554999614386988, 0.002554999614386988, 0.002554999614386988, 0.002554999614386988]}, "10": {"maxiter": 1000, "fatol": 1e-10, "xatol": 1e-05, "duration": 0.14223384857177734, "fun": "0.002554999614460818", "nit": "325", "nfev": "531", "status": "0", "success": "True", "message": "Optimization terminated successfully.", "x": "[ 4.15056133  3.41673896  1.02582745  0.21047187 -0.79751702 12.310034  ]", "final_simplex": "(array([[ 4.15056133,  3.41673896,  1.02582745,  0.21047187, -0.79751702,\n        12.310034  ],\n       [ 4.15056216,  3.41673941,  1.02582753,  0.21047183, -0.79750955,\n        12.31002656],\n       [ 4.15056114,  3.41673858,  1.02582709,  0.2104718 , -0.79751343,\n        12.31003079],\n       [ 4.1505618 ,  3.41673879,  1.0258274 ,  0.21047184, -0.79751043,\n        12.31002708],\n       [ 4.15056096,  3.41673848,  1.02582817,  0.21047202, -0.79751519,\n        12.31003329],\n       [ 4.15056196,  3.41673926,  1.02582807,  0.21047195, -0.7975119 ,\n        12.31002976],\n       [ 4.150561  ,  3.4167392 ,  1.02582763,  0.21047189, -0.79751063,\n        12.31002782]]), array([0.002555, 0.002555, 0.002555, 0.002555, 0.002555, 0.002555,\n       0.002555]))", "callback": [0.4122760144036053, 0.20512709916153749, 0.09966039816356398, 0.09469728338158534, 0.07843198848898236, 0.058031337158684915, 0.05619104978238032, 0.055831475077369075, 0.05384420770022402, 0.04796247932359321, 0.030795752798116638, 0.018730293576939228, 0.007121475156426804, 0.004617242967850821, 0.0037948511786984884, 0.0031841020659733044, 0.0030289073140310485, 0.0029380518986349413, 0.0027795705446618246, 0.0025615961066183246, 0.0025588766934256935, 0.002555227398968185, 0.002555227398968185, 0.002555081524441505, 0.0025550079121459124, 0.0025550051703272514, 0.0025550007683768916, 0.002554999962241844, 0.0025549996633730254, 0.0025549996411525777, 0.0025549996184920376, 0.002554999614918785, 0.002554999614460818]}, "11": {"maxiter": 1000, "fatol": 1e-10, "xatol": 1e-10, "duration": 0.21678709983825684, "fun": "0.002554999614386988", "nit": "413", "nfev": "744", "status": "0", "success": "True", "message": "Optimization terminated successfully.", "x": "[ 4.1505615   3.41673947  1.0258276   0.21047187 -0.79751381 12.31003062]", "final_simplex": "(array([[ 4.1505615 ,  3.41673947,  1.0258276 ,  0.21047187, -0.79751381,\n        12.31003062],\n       [ 4.1505615 ,  3.41673947,  1.0258276 ,  0.21047187, -0.79751381,\n        12.31003062],\n       [ 4.1505615 ,  3.41673947,  1.0258276 ,  0.21047187, -0.79751381,\n        12.31003062],\n       [ 4.1505615 ,  3.41673947,  1.0258276 ,  0.21047187, -0.79751381,\n        12.31003062],\n       [ 4.1505615 ,  3.41673947,  1.0258276 ,  0.21047187, -0.79751381,\n        12.31003062],\n       [ 4.1505615 ,  3.41673947,  1.0258276 ,  0.21047187, -0.79751381,\n        12.31003062],\n       [ 4.1505615 ,  3.41673947,  1.0258276 ,  0.21047187, -0.79751381,\n        12.31003062]]), array([0.002555, 0.002555, 0.002555, 0.002555, 0.002555, 0.002555,\n       0.002555]))", "callback": [0.4122760144036053, 0.20512709916153749, 0.09966039816356398, 0.09469728338158534, 0.07843198848898236, 0.058031337158684915, 0.05619104978238032, 0.055831475077369075, 0.05384420770022402, 0.04796247932359321, 0.030795752798116638, 0.018730293576939228, 0.007121475156426804, 0.004617242967850821, 0.0037948511786984884, 0.0031841020659733044, 0.0030289073140310485, 0.0029380518986349413, 0.0027795705446618246, 0.0025615961066183246, 0.0025588766934256935, 0.002555227398968185, 0.002555227398968185, 0.002555081524441505, 0.0025550079121459124, 0.0025550051703272514, 0.0025550007683768916, 0.002554999962241844, 0.0025549996633730254, 0.0025549996411525777, 0.0025549996184920376, 0.002554999614918785, 0.002554999614460818, 0.002554999614402864, 0.0025549996143956477, 0.0025549996143892084, 0.002554999614387987, 0.002554999614387099, 0.002554999614386988, 0.002554999614386988, 0.002554999614386988, 0.002554999614386988]}}, "bfgs": {"type": "gradient", "0": {"maxiter": 100, "gtol": 1e-05, "xrtol": 1e-05, "eps": 1e-05, "duration": 0.04296422004699707, "fun": "0.002554999687753412", "jac": "[ 6.58073596e-07 -9.38138456e-09 -3.91164878e-07  3.10085291e-08\n -2.51854093e-07 -6.99063030e-07]", "hess_inv": "[[ 3.3461647   0.91333222 -0.41160747 -1.27540403 -0.89571951  0.6473893 ]\n [ 0.91333222  7.40961829  2.081527    1.20632237 -1.94507004 -0.0894257 ]\n [-0.41160747  2.081527    4.39690123  1.48377431  0.44176899  1.25428662]\n [-1.27540403  1.20632237  1.48377431  3.05599011  0.33770903 -0.21465746]\n [-0.89571951 -1.94507004  0.44176899  0.33770903  2.09231502  0.38752448]\n [ 0.6473893  -0.0894257   1.25428662 -0.21465746  0.38752448  2.11232645]]", "nfev": "140", "njev": "20", "status": "0", "success": "True", "message": "Optimization terminated successfully.", "x": "[4.06168193 3.2601348  1.00577816 0.17108841 4.83283014 6.78296046]", "nit": "19", "callback": [0.22891901221797895, 0.18113477283524204, 0.11488992085254202, 0.09277943562028601, 0.07527482586359646, 0.05199376361032115, 0.04051887038617252, 0.02707547462560722, 0.014449377307085842, 0.00595166087467236, 0.0030678663713394894, 0.002588880175446895, 0.002570672928348894, 0.002562734244259013, 0.0025589665878820167, 0.00255551030591894, 0.0025550358639474524, 0.0025550002510149605, 0.002554999687753412]}, "1": {"maxiter": 100, "gtol": 1e-05, "xrtol": 1e-05, "eps": 1e-10, "duration": 0.05014801025390625, "fun": "0.002554999668140212", "jac": "[ 1.11022293e-06  2.22044587e-06 -3.33066880e-06 -1.11022293e-06\n -1.11022293e-06 -1.11022293e-06]", "hess_inv": "[[ 3.3487457   0.89354219 -0.4596115  -1.3126558  -0.91086146  0.61235467]\n [ 0.89354219  7.11119951  1.72947148  1.05428854 -1.97515315 -0.26114214]\n [-0.4596115   1.72947148  4.06434747  1.40090936  0.45884456  1.12236237]\n [-1.3126558   1.05428854  1.40090936  3.10463644  0.39098771 -0.21938166]\n [-0.91086146 -1.97515315  0.45884456  0.39098771  2.12536391  0.41791558]\n [ 0.61235467 -0.26114214  1.12236237 -0.21938166  0.41791558  2.06864301]]", "nfev": "140", "njev": "20", "status": "0", "success": "True", "message": "Optimization terminated successfully.", "x": "[4.0616791  3.2601425  1.0057815  0.17109535 4.83280161 6.78298757]", "nit": "19", "callback": [0.22891912688563676, 0.1811442347992116, 0.11490200518452276, 0.09277934814887501, 0.07528368750810821, 0.05200143721538664, 0.040517589102386786, 0.027102602559971878, 0.01445494058616259, 0.00595774626251766, 0.0030692389925474073, 0.002588826183327453, 0.002570612713938214, 0.0025627326234757275, 0.0025589670225537597, 0.0025555043734218907, 0.002555034703004777, 0.0025549999198859474, 0.002554999668140212]}, "2": {"maxiter": 100, "gtol": 1e-05, "xrtol": 1e-10, "eps": 1e-05, "duration": 0.047067880630493164, "fun": "0.002554999687753412", "jac": "[ 6.58073596e-07 -9.38138456e-09 -3.91164878e-07  3.10085291e-08\n -2.51854093e-07 -6.99063030e-07]", "hess_inv": "[[ 3.3461647   0.91333222 -0.41160747 -1.27540403 -0.89571951  0.6473893 ]\n [ 0.91333222  7.40961829  2.081527    1.20632237 -1.94507004 -0.0894257 ]\n [-0.41160747  2.081527    4.39690123  1.48377431  0.44176899  1.25428662]\n [-1.27540403  1.20632237  1.48377431  3.05599011  0.33770903 -0.21465746]\n [-0.89571951 -1.94507004  0.44176899  0.33770903  2.09231502  0.38752448]\n [ 0.6473893  -0.0894257   1.25428662 -0.21465746  0.38752448  2.11232645]]", "nfev": "140", "njev": "20", "status": "0", "success": "True", "message": "Optimization terminated successfully.", "x": "[4.06168193 3.2601348  1.00577816 0.17108841 4.83283014 6.78296046]", "nit": "19", "callback": [0.22891901221797895, 0.18113477283524204, 0.11488992085254202, 0.09277943562028601, 0.07527482586359646, 0.05199376361032115, 0.04051887038617252, 0.02707547462560722, 0.014449377307085842, 0.00595166087467236, 0.0030678663713394894, 0.002588880175446895, 0.002570672928348894, 0.002562734244259013, 0.0025589665878820167, 0.00255551030591894, 0.0025550358639474524, 0.0025550002510149605, 0.002554999687753412]}, "3": {"maxiter": 100, "gtol": 1e-05, "xrtol": 1e-10, "eps": 1e-10, "duration": 0.0396728515625, "fun": "0.002554999668140212", "jac": "[ 1.11022293e-06  2.22044587e-06 -3.33066880e-06 -1.11022293e-06\n -1.11022293e-06 -1.11022293e-06]", "hess_inv": "[[ 3.3487457   0.89354219 -0.4596115  -1.3126558  -0.91086146  0.61235467]\n [ 0.89354219  7.11119951  1.72947148  1.05428854 -1.97515315 -0.26114214]\n [-0.4596115   1.72947148  4.06434747  1.40090936  0.45884456  1.12236237]\n [-1.3126558   1.05428854  1.40090936  3.10463644  0.39098771 -0.21938166]\n [-0.91086146 -1.97515315  0.45884456  0.39098771  2.12536391  0.41791558]\n [ 0.61235467 -0.26114214  1.12236237 -0.21938166  0.41791558  2.06864301]]", "nfev": "140", "njev": "20", "status": "0", "success": "True", "message": "Optimization terminated successfully.", "x": "[4.0616791  3.2601425  1.0057815  0.17109535 4.83280161 6.78298757]", "nit": "19", "callback": [0.22891912688563676, 0.1811442347992116, 0.11490200518452276, 0.09277934814887501, 0.07528368750810821, 0.05200143721538664, 0.040517589102386786, 0.027102602559971878, 0.01445494058616259, 0.00595774626251766, 0.0030692389925474073, 0.002588826183327453, 0.002570612713938214, 0.0025627326234757275, 0.0025589670225537597, 0.0025555043734218907, 0.002555034703004777, 0.0025549999198859474, 0.002554999668140212]}, "4": {"maxiter": 100, "gtol": 1e-10, "xrtol": 1e-05, "eps": 1e-05, "duration": 0.04660201072692871, "fun": "0.002554999687753412", "jac": "[ 6.58073596e-07 -9.38138456e-09 -3.91164878e-07  3.10085291e-08\n -2.51854093e-07 -6.99063030e-07]", "hess_inv": "[[ 3.3461647   0.91333222 -0.41160747 -1.27540403 -0.89571951  0.6473893 ]\n [ 0.91333222  7.40961829  2.081527    1.20632237 -1.94507004 -0.0894257 ]\n [-0.41160747  2.081527    4.39690123  1.48377431  0.44176899  1.25428662]\n [-1.27540403  1.20632237  1.48377431  3.05599011  0.33770903 -0.21465746]\n [-0.89571951 -1.94507004  0.44176899  0.33770903  2.09231502  0.38752448]\n [ 0.6473893  -0.0894257   1.25428662 -0.21465746  0.38752448  2.11232645]]", "nfev": "140", "njev": "20", "status": "0", "success": "True", "message": "Optimization terminated successfully.", "x": "[4.06168193 3.2601348  1.00577816 0.17108841 4.83283014 6.78296046]", "nit": "19", "callback": [0.22891901221797895, 0.18113477283524204, 0.11488992085254202, 0.09277943562028601, 0.07527482586359646, 0.05199376361032115, 0.04051887038617252, 0.02707547462560722, 0.014449377307085842, 0.00595166087467236, 0.0030678663713394894, 0.002588880175446895, 0.002570672928348894, 0.002562734244259013, 0.0025589665878820167, 0.00255551030591894, 0.0025550358639474524, 0.0025550002510149605, 0.002554999687753412]}, "5": {"maxiter": 100, "gtol": 1e-10, "xrtol": 1e-05, "eps": 1e-10, "duration": 0.04337000846862793, "fun": "0.002554999668140212", "jac": "[ 1.11022293e-06  2.22044587e-06 -3.33066880e-06 -1.11022293e-06\n -1.11022293e-06 -1.11022293e-06]", "hess_inv": "[[ 3.3487457   0.89354219 -0.4596115  -1.3126558  -0.91086146  0.61235467]\n [ 0.89354219  7.11119951  1.72947148  1.05428854 -1.97515315 -0.26114214]\n [-0.4596115   1.72947148  4.06434747  1.40090936  0.45884456  1.12236237]\n [-1.3126558   1.05428854  1.40090936  3.10463644  0.39098771 -0.21938166]\n [-0.91086146 -1.97515315  0.45884456  0.39098771  2.12536391  0.41791558]\n [ 0.61235467 -0.26114214  1.12236237 -0.21938166  0.41791558  2.06864301]]", "nfev": "140", "njev": "20", "status": "0", "success": "True", "message": "Optimization terminated successfully.", "x": "[4.0616791  3.2601425  1.0057815  0.17109535 4.83280161 6.78298757]", "nit": "19", "callback": [0.22891912688563676, 0.1811442347992116, 0.11490200518452276, 0.09277934814887501, 0.07528368750810821, 0.05200143721538664, 0.040517589102386786, 0.027102602559971878, 0.01445494058616259, 0.00595774626251766, 0.0030692389925474073, 0.002588826183327453, 0.002570612713938214, 0.0025627326234757275, 0.0025589670225537597, 0.0025555043734218907, 0.002555034703004777, 0.0025549999198859474, 0.002554999668140212]}, "6": {"maxiter": 100, "gtol": 1e-10, "xrtol": 1e-10, "eps": 1e-05, "duration": 0.10893797874450684, "fun": "0.0025549996697901145", "jac": "[ 5.56221735e-07 -1.03440589e-06  1.13534737e-06  7.97595323e-07\n -4.28135305e-07 -1.01743058e-06]", "hess_inv": "[[   7.97450347    9.92534685   -0.8120802    -3.22921112   31.16219193\n   -36.59674993]\n [   9.92534685   24.80089708    1.79880504   -2.27089259   61.56567349\n   -73.78717974]\n [  -0.8120802     1.79880504    3.98378315    1.19065398   -3.32895624\n     5.65539744]\n [  -3.22921112   -2.27089259    1.19065398    3.4705776   -14.49620532\n    16.94274546]\n [  31.16219193   61.56567349   -3.32895624  -14.49620532  218.10898611\n  -251.15460374]\n [ -36.59674993  -73.78717974    5.65539744   16.94274546 -251.15460374\n   294.94983101]]", "nfev": "375", "njev": "52", "status": "2", "success": "False", "message": "Desired error not necessarily achieved due to precision loss.", "x": "[4.06167605 3.26012695 1.00578307 0.17109239 4.8328116  6.78298623]", "nit": "25", "callback": [0.22891901221797895, 0.18113477283524204, 0.11488992085254202, 0.09277943562028601, 0.07527482586359646, 0.05199376361032115, 0.04051887038617252, 0.02707547462560722, 0.014449377307085842, 0.00595166087467236, 0.0030678663713394894, 0.002588880175446895, 0.002570672928348894, 0.002562734244259013, 0.0025589665878820167, 0.00255551030591894, 0.0025550358639474524, 0.0025550002510149605, 0.002554999687753412, 0.0025549996732213698, 0.0025549996727062263, 0.0025549996715863443, 0.0025549996704733458, 0.0025549996700137134, 0.0025549996697901145]}, "7": {"maxiter": 100, "gtol": 1e-10, "xrtol": 1e-10, "eps": 1e-10, "duration": 0.07844996452331543, "fun": "0.00255499962132133", "jac": "[ 1.11022293e-06  0.00000000e+00 -1.11022293e-06  1.11022293e-06\n  0.00000000e+00  0.00000000e+00]", "hess_inv": "[[ 3.52428785  4.61490785 10.35796539  1.28494238  4.16293995  2.72780906]\n [ 4.61490785  7.55056748 15.27749447  1.54485335  5.5413368   4.46661818]\n [10.35796539 15.27749447 33.81859317  3.22024629 12.42028482 10.03679206]\n [ 1.28494238  1.54485335  3.22024629  1.07545556  1.36447648  0.9807015 ]\n [ 4.16293995  5.5413368  12.42028482  1.36447648  5.51382387  3.49682375]\n [ 2.72780906  4.46661818 10.03679206  0.9807015   3.49682375  3.81849911]]", "nfev": "266", "njev": "38", "status": "0", "success": "True", "message": "Optimization terminated successfully.", "x": "[4.06167475 3.2601389  1.00580261 0.17110069 4.83281413 6.78299731]", "nit": "25", "callback": [0.22891912688563676, 0.1811442347992116, 0.11490200518452276, 0.09277934814887501, 0.07528368750810821, 0.05200143721538664, 0.040517589102386786, 0.027102602559971878, 0.01445494058616259, 0.00595774626251766, 0.0030692389925474073, 0.002588826183327453, 0.002570612713938214, 0.0025627326234757275, 0.0025589670225537597, 0.0025555043734218907, 0.002555034703004777, 0.0025549999198859474, 0.002554999668140212, 0.0025549996558410504, 0.002554999639745703, 0.002554999622148335, 0.002554999621357301, 0.002554999621321441, 0.00255499962132133]}, "8": {"maxiter": 500, "gtol": 1e-05, "xrtol": 1e-05, "eps": 1e-05, "duration": 0.04294705390930176, "fun": "0.002554999687753412", "jac": "[ 6.58073596e-07 -9.38138456e-09 -3.91164878e-07  3.10085291e-08\n -2.51854093e-07 -6.99063030e-07]", "hess_inv": "[[ 3.3461647   0.91333222 -0.41160747 -1.27540403 -0.89571951  0.6473893 ]\n [ 0.91333222  7.40961829  2.081527    1.20632237 -1.94507004 -0.0894257 ]\n [-0.41160747  2.081527    4.39690123  1.48377431  0.44176899  1.25428662]\n [-1.27540403  1.20632237  1.48377431  3.05599011  0.33770903 -0.21465746]\n [-0.89571951 -1.94507004  0.44176899  0.33770903  2.09231502  0.38752448]\n [ 0.6473893  -0.0894257   1.25428662 -0.21465746  0.38752448  2.11232645]]", "nfev": "140", "njev": "20", "status": "0", "success": "True", "message": "Optimization terminated successfully.", "x": "[4.06168193 3.2601348  1.00577816 0.17108841 4.83283014 6.78296046]", "nit": "19", "callback": [0.22891901221797895, 0.18113477283524204, 0.11488992085254202, 0.09277943562028601, 0.07527482586359646, 0.05199376361032115, 0.04051887038617252, 0.02707547462560722, 0.014449377307085842, 0.00595166087467236, 0.0030678663713394894, 0.002588880175446895, 0.002570672928348894, 0.002562734244259013, 0.0025589665878820167, 0.00255551030591894, 0.0025550358639474524, 0.0025550002510149605, 0.002554999687753412]}, "9": {"maxiter": 500, "gtol": 1e-05, "xrtol": 1e-05, "eps": 1e-10, "duration": 0.03927135467529297, "fun": "0.002554999668140212", "jac": "[ 1.11022293e-06  2.22044587e-06 -3.33066880e-06 -1.11022293e-06\n -1.11022293e-06 -1.11022293e-06]", "hess_inv": "[[ 3.3487457   0.89354219 -0.4596115  -1.3126558  -0.91086146  0.61235467]\n [ 0.89354219  7.11119951  1.72947148  1.05428854 -1.97515315 -0.26114214]\n [-0.4596115   1.72947148  4.06434747  1.40090936  0.45884456  1.12236237]\n [-1.3126558   1.05428854  1.40090936  3.10463644  0.39098771 -0.21938166]\n [-0.91086146 -1.97515315  0.45884456  0.39098771  2.12536391  0.41791558]\n [ 0.61235467 -0.26114214  1.12236237 -0.21938166  0.41791558  2.06864301]]", "nfev": "140", "njev": "20", "status": "0", "success": "True", "message": "Optimization terminated successfully.", "x": "[4.0616791  3.2601425  1.0057815  0.17109535 4.83280161 6.78298757]", "nit": "19", "callback": [0.22891912688563676, 0.1811442347992116, 0.11490200518452276, 0.09277934814887501, 0.07528368750810821, 0.05200143721538664, 0.040517589102386786, 0.027102602559971878, 0.01445494058616259, 0.00595774626251766, 0.0030692389925474073, 0.002588826183327453, 0.002570612713938214, 0.0025627326234757275, 0.0025589670225537597, 0.0025555043734218907, 0.002555034703004777, 0.0025549999198859474, 0.002554999668140212]}, "10": {"maxiter": 500, "gtol": 1e-05, "xrtol": 1e-10, "eps": 1e-05, "duration": 0.04419684410095215, "fun": "0.002554999687753412", "jac": "[ 6.58073596e-07 -9.38138456e-09 -3.91164878e-07  3.10085291e-08\n -2.51854093e-07 -6.99063030e-07]", "hess_inv": "[[ 3.3461647   0.91333222 -0.41160747 -1.27540403 -0.89571951  0.6473893 ]\n [ 0.91333222  7.40961829  2.081527    1.20632237 -1.94507004 -0.0894257 ]\n [-0.41160747  2.081527    4.39690123  1.48377431  0.44176899  1.25428662]\n [-1.27540403  1.20632237  1.48377431  3.05599011  0.33770903 -0.21465746]\n [-0.89571951 -1.94507004  0.44176899  0.33770903  2.09231502  0.38752448]\n [ 0.6473893  -0.0894257   1.25428662 -0.21465746  0.38752448  2.11232645]]", "nfev": "140", "njev": "20", "status": "0", "success": "True", "message": "Optimization terminated successfully.", "x": "[4.06168193 3.2601348  1.00577816 0.17108841 4.83283014 6.78296046]", "nit": "19", "callback": [0.22891901221797895, 0.18113477283524204, 0.11488992085254202, 0.09277943562028601, 0.07527482586359646, 0.05199376361032115, 0.04051887038617252, 0.02707547462560722, 0.014449377307085842, 0.00595166087467236, 0.0030678663713394894, 0.002588880175446895, 0.002570672928348894, 0.002562734244259013, 0.0025589665878820167, 0.00255551030591894, 0.0025550358639474524, 0.0025550002510149605, 0.002554999687753412]}, "11": {"maxiter": 500, "gtol": 1e-05, "xrtol": 1e-10, "eps": 1e-10, "duration": 0.04144001007080078, "fun": "0.002554999668140212", "jac": "[ 1.11022293e-06  2.22044587e-06 -3.33066880e-06 -1.11022293e-06\n -1.11022293e-06 -1.11022293e-06]", "hess_inv": "[[ 3.3487457   0.89354219 -0.4596115  -1.3126558  -0.91086146  0.61235467]\n [ 0.89354219  7.11119951  1.72947148  1.05428854 -1.97515315 -0.26114214]\n [-0.4596115   1.72947148  4.06434747  1.40090936  0.45884456  1.12236237]\n [-1.3126558   1.05428854  1.40090936  3.10463644  0.39098771 -0.21938166]\n [-0.91086146 -1.97515315  0.45884456  0.39098771  2.12536391  0.41791558]\n [ 0.61235467 -0.26114214  1.12236237 -0.21938166  0.41791558  2.06864301]]", "nfev": "140", "njev": "20", "status": "0", "success": "True", "message": "Optimization terminated successfully.", "x": "[4.0616791  3.2601425  1.0057815  0.17109535 4.83280161 6.78298757]", "nit": "19", "callback": [0.22891912688563676, 0.1811442347992116, 0.11490200518452276, 0.09277934814887501, 0.07528368750810821, 0.05200143721538664, 0.040517589102386786, 0.027102602559971878, 0.01445494058616259, 0.00595774626251766, 0.0030692389925474073, 0.002588826183327453, 0.002570612713938214, 0.0025627326234757275, 0.0025589670225537597, 0.0025555043734218907, 0.002555034703004777, 0.0025549999198859474, 0.002554999668140212]}, "12": {"maxiter": 500, "gtol": 1e-10, "xrtol": 1e-05, "eps": 1e-05, "duration": 0.04095602035522461, "fun": "0.002554999687753412", "jac": "[ 6.58073596e-07 -9.38138456e-09 -3.91164878e-07  3.10085291e-08\n -2.51854093e-07 -6.99063030e-07]", "hess_inv": "[[ 3.3461647   0.91333222 -0.41160747 -1.27540403 -0.89571951  0.6473893 ]\n [ 0.91333222  7.40961829  2.081527    1.20632237 -1.94507004 -0.0894257 ]\n [-0.41160747  2.081527    4.39690123  1.48377431  0.44176899  1.25428662]\n [-1.27540403  1.20632237  1.48377431  3.05599011  0.33770903 -0.21465746]\n [-0.89571951 -1.94507004  0.44176899  0.33770903  2.09231502  0.38752448]\n [ 0.6473893  -0.0894257   1.25428662 -0.21465746  0.38752448  2.11232645]]", "nfev": "140", "njev": "20", "status": "0", "success": "True", "message": "Optimization terminated successfully.", "x": "[4.06168193 3.2601348  1.00577816 0.17108841 4.83283014 6.78296046]", "nit": "19", "callback": [0.22891901221797895, 0.18113477283524204, 0.11488992085254202, 0.09277943562028601, 0.07527482586359646, 0.05199376361032115, 0.04051887038617252, 0.02707547462560722, 0.014449377307085842, 0.00595166087467236, 0.0030678663713394894, 0.002588880175446895, 0.002570672928348894, 0.002562734244259013, 0.0025589665878820167, 0.00255551030591894, 0.0025550358639474524, 0.0025550002510149605, 0.002554999687753412]}, "13": {"maxiter": 500, "gtol": 1e-10, "xrtol": 1e-05, "eps": 1e-10, "duration": 0.045450687408447266, "fun": "0.002554999668140212", "jac": "[ 1.11022293e-06  2.22044587e-06 -3.33066880e-06 -1.11022293e-06\n -1.11022293e-06 -1.11022293e-06]