{"date": "2024/10/08/, 15:58:37", "conf_id": 10, "data_type": "random\n", "num_data_points": 1, "s_rank": 0, "unitary": "[[-0.45070455-0.02711853j,0.78437395-0.06613086j,0.06358678+0.19963393j,-0.07343613+0.35668523j],[-0.01890143-0.03813363j,0.32408202+0.25557629j,0.05872864-0.68979805j,0.55466693-0.20227297j],[-0.11215405+0.64023111j,-0.13344055+0.29565494j,-0.49012687-0.19046288j,-0.04241254+0.44046348j],[0.55771659+0.24656916j,0.31851997-0.05798805j,0.28761525-0.34294258j,-0.56718418+0.03616933j]]", "databatch_0": {"databatch": "[[[-0.22050833-0.13826777j,0.0007044-0.09354267j,-0.06469118+0.08001349j,-0.03834947-0.1512912j],[0.12055698-0.04461869j,-0.04450315-0.04520032j,0.04984929-0.12202348j,-0.43594289+0.28089956j],[-0.43069217-0.00074036j,0.13286521+0.06579084j,-0.07559421-0.13850831j,-0.16257475+0.1837869j],[0.00874133-0.10409884j,0.14590901+0.38376716j,0.12654374-0.23992015j,0.18284941-0.05111795j]]]", "initial param values": "[4.19480564,1.51466652,1.9660347,3.93486336,4.28361632,3.79868943]", "nelder_mead": {"type": "gradient-free", "0": {"maxiter": 100, "fatol": 1e-05, "xatol": 1e-05, "duration": 0.04183197021484375, "fun": "0.43651433110604776", "nit": "100", "nfev": "154", "status": "2", "success": "False", "message": "Maximum number of iterations has been exceeded.", "x": "[5.2911307  2.94567504 2.05871691 2.75958453 4.03904041 2.94115073]", "final_simplex": "(array([[5.2911307 , 2.94567504, 2.05871691, 2.75958453, 4.03904041,\n        2.94115073],\n       [5.33922721, 2.91020281, 2.1617917 , 2.83486809, 3.92634742,\n        2.77074516],\n       [5.66191132, 2.61284267, 2.29665103, 2.90993908, 4.03202871,\n        2.62405165],\n       [5.39210665, 2.74067002, 2.24063655, 2.85151997, 3.96722567,\n        2.66115933],\n       [5.47194635, 2.67197533, 2.27132889, 2.95178393, 3.89861238,\n        2.68053568],\n       [5.45331035, 2.69719885, 2.3284222 , 2.90050796, 3.87680078,\n        2.62675721],\n       [5.48112257, 2.59501421, 2.36802127, 2.9806065 , 3.93205942,\n        2.57579246]]), array([0.43651433, 0.43670411, 0.43925303, 0.44181134, 0.44430328,\n       0.44490272, 0.44606483]))", "callback": [0.8402250866023118, 0.6697470198074109, 0.5915371435653327, 0.5521538467859368, 0.4870279355323446, 0.47143758761958277, 0.45500656736019085, 0.45500656736019085, 0.45390186345533, 0.4460648251063437]}, "1": {"maxiter": 100, "fatol": 1e-05, "xatol": 1e-10, "duration": 0.04316115379333496, "fun": "0.43651433110604776", "nit": "100", "nfev": "154", "status": "2", "success": "False", "message": "Maximum number of iterations has been exceeded.", "x": "[5.2911307  2.94567504 2.05871691 2.75958453 4.03904041 2.94115073]", "final_simplex": "(array([[5.2911307 , 2.94567504, 2.05871691, 2.75958453, 4.03904041,\n        2.94115073],\n       [5.33922721, 2.91020281, 2.1617917 , 2.83486809, 3.92634742,\n        2.77074516],\n       [5.66191132, 2.61284267, 2.29665103, 2.90993908, 4.03202871,\n        2.62405165],\n       [5.39210665, 2.74067002, 2.24063655, 2.85151997, 3.96722567,\n        2.66115933],\n       [5.47194635, 2.67197533, 2.27132889, 2.95178393, 3.89861238,\n        2.68053568],\n       [5.45331035, 2.69719885, 2.3284222 , 2.90050796, 3.87680078,\n        2.62675721],\n       [5.48112257, 2.59501421, 2.36802127, 2.9806065 , 3.93205942,\n        2.57579246]]), array([0.43651433, 0.43670411, 0.43925303, 0.44181134, 0.44430328,\n       0.44490272, 0.44606483]))", "callback": [0.8402250866023118, 0.6697470198074109, 0.5915371435653327, 0.5521538467859368, 0.4870279355323446, 0.47143758761958277, 0.45500656736019085, 0.45500656736019085, 0.45390186345533, 0.4460648251063437]}, "2": {"maxiter": 100, "fatol": 1e-10, "xatol": 1e-05, "duration": 0.04650115966796875, "fun": "0.43651433110604776", "nit": "100", "nfev": "154", "status": "2", "success": "False", "message": "Maximum number of iterations has been exceeded.", "x": "[5.2911307  2.94567504 2.05871691 2.75958453 4.03904041 2.94115073]", "final_simplex": "(array([[5.2911307 , 2.94567504, 2.05871691, 2.75958453, 4.03904041,\n        2.94115073],\n       [5.33922721, 2.91020281, 2.1617917 , 2.83486809, 3.92634742,\n        2.77074516],\n       [5.66191132, 2.61284267, 2.29665103, 2.90993908, 4.03202871,\n        2.62405165],\n       [5.39210665, 2.74067002, 2.24063655, 2.85151997, 3.96722567,\n        2.66115933],\n       [5.47194635, 2.67197533, 2.27132889, 2.95178393, 3.89861238,\n        2.68053568],\n       [5.45331035, 2.69719885, 2.3284222 , 2.90050796, 3.87680078,\n        2.62675721],\n       [5.48112257, 2.59501421, 2.36802127, 2.9806065 , 3.93205942,\n        2.57579246]]), array([0.43651433, 0.43670411, 0.43925303, 0.44181134, 0.44430328,\n       0.44490272, 0.44606483]))", "callback": [0.8402250866023118, 0.6697470198074109, 0.5915371435653327, 0.5521538467859368, 0.4870279355323446, 0.47143758761958277, 0.45500656736019085, 0.45500656736019085, 0.45390186345533, 0.4460648251063437]}, "3": {"maxiter": 100, "fatol": 1e-10, "xatol": 1e-10, "duration": 0.04493117332458496, "fun": "0.43651433110604776", "nit": "100", "nfev": "154", "status": "2", "success": "False", "message": "Maximum number of iterations has been exceeded.", "x": "[5.2911307  2.94567504 2.05871691 2.75958453 4.03904041 2.94115073]", "final_simplex": "(array([[5.2911307 , 2.94567504, 2.05871691, 2.75958453, 4.03904041,\n        2.94115073],\n       [5.33922721, 2.91020281, 2.1617917 , 2.83486809, 3.92634742,\n        2.77074516],\n       [5.66191132, 2.61284267, 2.29665103, 2.90993908, 4.03202871,\n        2.62405165],\n       [5.39210665, 2.74067002, 2.24063655, 2.85151997, 3.96722567,\n        2.66115933],\n       [5.47194635, 2.67197533, 2.27132889, 2.95178393, 3.89861238,\n        2.68053568],\n       [5.45331035, 2.69719885, 2.3284222 , 2.90050796, 3.87680078,\n        2.62675721],\n       [5.48112257, 2.59501421, 2.36802127, 2.9806065 , 3.93205942,\n        2.57579246]]), array([0.43651433, 0.43670411, 0.43925303, 0.44181134, 0.44430328,\n       0.44490272, 0.44606483]))", "callback": [0.8402250866023118, 0.6697470198074109, 0.5915371435653327, 0.5521538467859368, 0.4870279355323446, 0.47143758761958277, 0.45500656736019085, 0.45500656736019085, 0.45390186345533, 0.4460648251063437]}, "4": {"maxiter": 500, "fatol": 1e-05, "xatol": 1e-05, "duration": 0.18904709815979004, "fun": "0.34016922783689607", "nit": "420", "nfev": "653", "status": "0", "success": "True", "message": "Optimization terminated successfully.", "x": "[4.97534181 3.86961104 2.69040386 1.86658554 4.68073301 4.4555806 ]", "final_simplex": "(array([[4.97534181, 3.86961104, 2.69040386, 1.86658554, 4.68073301,\n        4.4555806 ],\n       [4.9753358 , 3.86960893, 2.69041079, 1.86657932, 4.680734  ,\n        4.45558334],\n       [4.97534243, 3.86961128, 2.69040215, 1.86657875, 4.68073686,\n        4.45558108],\n       [4.97534423, 3.86960924, 2.69040041, 1.86658026, 4.68073591,\n        4.45557457],\n       [4.97533644, 3.86960345, 2.69039606, 1.86658797, 4.68074105,\n        4.45557532],\n       [4.97533442, 3.86961561, 2.69040699, 1.8665793 , 4.68073022,\n        4.45558155],\n       [4.97534143, 3.86960227, 2.69040549, 1.86658087, 4.68073106,\n        4.4555785 ]]), array([0.34016923, 0.34016923, 0.34016923, 0.34016923, 0.34016923,\n       0.34016923, 0.34016923]))", "callback": [0.8402250866023118, 0.6697470198074109, 0.5915371435653327, 0.5521538467859368, 0.4870279355323446, 0.47143758761958277, 0.45500656736019085, 0.45500656736019085, 0.45390186345533, 0.4460648251063437, 0.42823109201428167, 0.4138843910543494, 0.40349436837888497, 0.3920731573342989, 0.37760098249713914, 0.37186794952509805, 0.3576737989151274, 0.3528124356858473, 0.34484783057791635, 0.3426147519925261, 0.34179141503441834, 0.34077073548331693, 0.3403602288971084, 0.34023546538800253, 0.3401927587162581, 0.3401789988770211, 0.3401730999428614, 0.3401704999821661, 0.3401695175974202, 0.34016931543035545, 0.3401692444138823, 0.3401692293335917, 0.3401692293335917, 0.3401692289339353, 0.34016922836470576, 0.3401692281049158, 0.3401692280462343, 0.3401692280123849, 0.340169227964512, 0.3401692279101681, 0.3401692278504336, 0.34016922783689607]}, "5": {"maxiter": 500, "fatol": 1e-05, "xatol": 1e-10, "duration": 0.23836612701416016, "fun": "0.3401692278323617", "nit": "500", "nfev": "791", "status": "2", "success": "False", "message": "Maximum number of iterations has been exceeded.", "x": "[4.97534047 3.86960797 2.6904055  1.86658195 4.68073394 4.45557876]", "final_simplex": "(array([[4.97534047, 3.86960797, 2.6904055 , 1.86658195, 4.68073394,\n        4.45557876],\n       [4.9753405 , 3.86960803, 2.69040551, 1.86658197, 4.68073392,\n        4.45557877],\n       [4.97534049, 3.86960799, 2.69040549, 1.86658193, 4.68073396,\n        4.45557874],\n       [4.97534049, 3.86960797, 2.69040553, 1.86658195, 4.68073394,\n        4.45557877],\n       [4.97534048, 3.86960802, 2.69040554, 1.86658192, 4.68073389,\n        4.45557881],\n       [4.9753405 , 3.86960796, 2.69040548, 1.86658197, 4.68073394,\n        4.45557872],\n       [4.97534047, 3.86960798, 2.69040546, 1.86658196, 4.68073398,\n        4.45557877]]), array([0.34016923, 0.34016923, 0.34016923, 0.34016923, 0.34016923,\n       0.34016923, 0.34016923]))", "callback": [0.8402250866023118, 0.6697470198074109, 0.5915371435653327, 0.5521538467859368, 0.4870279355323446, 0.47143758761958277, 0.45500656736019085, 0.45500656736019085, 0.45390186345533, 0.4460648251063437, 0.42823109201428167, 0.4138843910543494, 0.40349436837888497, 0.3920731573342989, 0.37760098249713914, 0.37186794952509805, 0.3576737989151274, 0.3528124356858473, 0.34484783057791635, 0.3426147519925261, 0.34179141503441834, 0.34077073548331693, 0.3403602288971084, 0.34023546538800253, 0.3401927587162581, 0.3401789988770211, 0.3401730999428614, 0.3401704999821661, 0.3401695175974202, 0.34016931543035545, 0.3401692444138823, 0.3401692293335917, 0.3401692293335917, 0.3401692289339353, 0.34016922836470576, 0.3401692281049158, 0.3401692280462343, 0.3401692280123849, 0.340169227964512, 0.3401692279101681, 0.3401692278504336, 0.34016922783689607, 0.3401692278341799, 0.34016922783267456, 0.34016922783253356, 0.34016922783240067, 0.34016922783237113, 0.3401692278323678, 0.3401692278323636, 0.34016922783236236]}, "6": {"maxiter": 500, "fatol": 1e-10, "xatol": 1e-05, "duration": 0.17959308624267578, "fun": "0.34016922783689607", "nit": "420", "nfev": "653", "status": "0", "success": "True", "message": "Optimization terminated successfully.", "x": "[4.97534181 3.86961104 2.69040386 1.86658554 4.68073301 4.4555806 ]", "final_simplex": "(array([[4.97534181, 3.86961104, 2.69040386, 1.86658554, 4.68073301,\n        4.4555806 ],\n       [4.9753358 , 3.86960893, 2.69041079, 1.86657932, 4.680734  ,\n        4.45558334],\n       [4.97534243, 3.86961128, 2.69040215, 1.86657875, 4.68073686,\n        4.45558108],\n       [4.97534423, 3.86960924, 2.69040041, 1.86658026, 4.68073591,\n        4.45557457],\n       [4.97533644, 3.86960345, 2.69039606, 1.86658797, 4.68074105,\n        4.45557532],\n       [4.97533442, 3.86961561, 2.69040699, 1.8665793 , 4.68073022,\n        4.45558155],\n       [4.97534143, 3.86960227, 2.69040549, 1.86658087, 4.68073106,\n        4.4555785 ]]), array([0.34016923, 0.34016923, 0.34016923, 0.34016923, 0.34016923,\n       0.34016923, 0.34016923]))", "callback": [0.8402250866023118, 0.6697470198074109, 0.5915371435653327, 0.5521538467859368, 0.4870279355323446, 0.47143758761958277, 0.45500656736019085, 0.45500656736019085, 0.45390186345533, 0.4460648251063437, 0.42823109201428167, 0.4138843910543494, 0.40349436837888497, 0.3920731573342989, 0.37760098249713914, 0.37186794952509805, 0.3576737989151274, 0.3528124356858473, 0.34484783057791635, 0.3426147519925261, 0.34179141503441834, 0.34077073548331693, 0.3403602288971084, 0.34023546538800253, 0.3401927587162581, 0.3401789988770211, 0.3401730999428614, 0.3401704999821661, 0.3401695175974202, 0.34016931543035545, 0.3401692444138823, 0.3401692293335917, 0.3401692293335917, 0.3401692289339353, 0.34016922836470576, 0.3401692281049158, 0.3401692280462343, 0.3401692280123849, 0.340169227964512, 0.3401692279101681, 0.3401692278504336, 0.34016922783689607]}, "7": {"maxiter": 500, "fatol": 1e-10, "xatol": 1e-10, "duration": 0.22644805908203125, "fun": "0.3401692278323617", "nit": "500", "nfev": "791", "status": "2", "success": "False", "message": "Maximum number of iterations has been exceeded.", "x": "[4.97534047 3.86960797 2.6904055  1.86658195 4.68073394 4.45557876]", "final_simplex": "(array([[4.97534047, 3.86960797, 2.6904055 , 1.86658195, 4.68073394,\n        4.45557876],\n       [4.9753405 , 3.86960803, 2.69040551, 1.86658197, 4.68073392,\n        4.45557877],\n       [4.97534049, 3.86960799, 2.69040549, 1.86658193, 4.68073396,\n        4.45557874],\n       [4.97534049, 3.86960797, 2.69040553, 1.86658195, 4.68073394,\n        4.45557877],\n       [4.97534048, 3.86960802, 2.69040554, 1.86658192, 4.68073389,\n        4.45557881],\n       [4.9753405 , 3.86960796, 2.69040548, 1.86658197, 4.68073394,\n        4.45557872],\n       [4.97534047, 3.86960798, 2.69040546, 1.86658196, 4.68073398,\n        4.45557877]]), array([0.34016923, 0.34016923, 0.34016923, 0.34016923, 0.34016923,\n       0.34016923, 0.34016923]))", "callback": [0.8402250866023118, 0.6697470198074109, 0.5915371435653327, 0.5521538467859368, 0.4870279355323446, 0.47143758761958277, 0.45500656736019085, 0.45500656736019085, 0.45390186345533, 0.4460648251063437, 0.42823109201428167, 0.4138843910543494, 0.40349436837888497, 0.3920731573342989, 0.37760098249713914, 0.37186794952509805, 0.3576737989151274, 0.3528124356858473, 0.34484783057791635, 0.3426147519925261, 0.34179141503441834, 0.34077073548331693, 0.3403602288971084, 0.34023546538800253, 0.3401927587162581, 0.3401789988770211, 0.3401730999428614, 0.3401704999821661, 0.3401695175974202, 0.34016931543035545, 0.3401692444138823, 0.3401692293335917, 0.3401692293335917, 0.3401692289339353, 0.34016922836470576, 0.3401692281049158, 0.3401692280462343, 0.3401692280123849, 0.340169227964512, 0.3401692279101681, 0.3401692278504336, 0.34016922783689607, 0.3401692278341799, 0.34016922783267456, 0.34016922783253356, 0.34016922783240067, 0.34016922783237113, 0.3401692278323678, 0.3401692278323636, 0.34016922783236236]}, "8": {"maxiter": 1000, "fatol": 1e-05, "xatol": 1e-05, "duration": 0.18979787826538086, "fun": "0.34016922783689607", "nit": "420", "nfev": "653", "status": "0", "success": "True", "message": "Optimization terminated successfully.", "x": "[4.97534181 3.86961104 2.69040386 1.86658554 4.68073301 4.4555806 ]", "final_simplex": "(array([[4.97534181, 3.86961104, 2.69040386, 1.86658554, 4.68073301,\n        4.4555806 ],\n       [4.9753358 , 3.86960893, 2.69041079, 1.86657932, 4.680734  ,\n        4.45558334],\n       [4.97534243, 3.86961128, 2.69040215, 1.86657875, 4.68073686,\n        4.45558108],\n       [4.97534423, 3.86960924, 2.69040041, 1.86658026, 4.68073591,\n        4.45557457],\n       [4.97533644, 3.86960345, 2.69039606, 1.86658797, 4.68074105,\n        4.45557532],\n       [4.97533442, 3.86961561, 2.69040699, 1.8665793 , 4.68073022,\n        4.45558155],\n       [4.97534143, 3.86960227, 2.69040549, 1.86658087, 4.68073106,\n        4.4555785 ]]), array([0.34016923, 0.34016923, 0.34016923, 0.34016923, 0.34016923,\n       0.34016923, 0.34016923]))", "callback": [0.8402250866023118, 0.6697470198074109, 0.5915371435653327, 0.5521538467859368, 0.4870279355323446, 0.47143758761958277, 0.45500656736019085, 0.45500656736019085, 0.45390186345533, 0.4460648251063437, 0.42823109201428167, 0.4138843910543494, 0.40349436837888497, 0.3920731573342989, 0.37760098249713914, 0.37186794952509805, 0.3576737989151274, 0.3528124356858473, 0.34484783057791635, 0.3426147519925261, 0.34179141503441834, 0.34077073548331693, 0.3403602288971084, 0.34023546538800253, 0.3401927587162581, 0.3401789988770211, 0.3401730999428614, 0.3401704999821661, 0.3401695175974202, 0.34016931543035545, 0.3401692444138823, 0.3401692293335917, 0.3401692293335917, 0.3401692289339353, 0.34016922836470576, 0.3401692281049158, 0.3401692280462343, 0.3401692280123849, 0.340169227964512, 0.3401692279101681, 0.3401692278504336, 0.34016922783689607]}, "9": {"maxiter": 1000, "fatol": 1e-05, "xatol": 1e-10, "duration": 0.2746889591217041, "fun": "0.34016922783236125", "nit": "539", "nfev": "909", "status": "0", "success": "True", "message": "Optimization terminated successfully.", "x": "[4.97534048 3.86960801 2.69040551 1.86658192 4.68073394 4.45557876]", "final_simplex": "(array([[4.97534048, 3.86960801, 2.69040551, 1.86658192, 4.68073394,\n        4.45557876],\n       [4.97534048, 3.86960801, 2.69040551, 1.86658192, 4.68073394,\n        4.45557876],\n       [4.97534048, 3.86960801, 2.69040551, 1.86658192, 4.68073394,\n        4.45557876],\n       [4.97534048, 3.86960801, 2.69040551, 1.86658192, 4.68073394,\n        4.45557876],\n       [4.97534048, 3.86960801, 2.69040551, 1.86658192, 4.68073394,\n        4.45557876],\n       [4.97534048, 3.86960801, 2.69040551, 1.86658192, 4.68073394,\n        4.45557876],\n       [4.97534048, 3.86960801, 2.69040551, 1.86658192, 4.68073394,\n        4.45557876]]), array([0.34016923, 0.34016923, 0.34016923, 0.34016923, 0.34016923,\n       0.34016923, 0.34016923]))", "callback": [0.8402250866023118, 0.6697470198074109, 0.5915371435653327, 0.5521538467859368, 0.4870279355323446, 0.47143758761958277, 0.45500656736019085, 0.45500656736019085, 0.45390186345533, 0.4460648251063437, 0.42823109201428167, 0.4138843910543494, 0.40349436837888497, 0.3920731573342989, 0.37760098249713914, 0.37186794952509805, 0.3576737989151274, 0.3528124356858473, 0.34484783057791635, 0.3426147519925261, 0.34179141503441834, 0.34077073548331693, 0.3403602288971084, 0.34023546538800253, 0.3401927587162581, 0.3401789988770211, 0.3401730999428614, 0.3401704999821661, 0.3401695175974202, 0.34016931543035545, 0.3401692444138823, 0.3401692293335917, 0.3401692293335917, 0.3401692289339353, 0.34016922836470576, 0.3401692281049158, 0.3401692280462343, 0.3401692280123849, 0.340169227964512, 0.3401692279101681, 0.3401692278504336, 0.34016922783689607, 0.3401692278341799, 0.34016922783267456, 0.34016922783253356, 0.34016922783240067, 0.34016922783237113, 0.3401692278323678, 0.3401692278323636, 0.34016922783236236, 0.3401692278323617, 0.34016922783236125, 0.34016922783236125, 0.34016922783236125]}, "10": {"maxiter": 1000, "fatol": 1e-10, "xatol": 1e-05, "duration": 0.17012524604797363, "fun": "0.34016922783689607", "nit": "420", "nfev": "653", "status": "0", "success": "True", "message": "Optimization terminated successfully.", "x": "[4.97534181 3.86961104 2.69040386 1.86658554 4.68073301 4.4555806 ]", "final_simplex": "(array([[4.97534181, 3.86961104, 2.69040386, 1.86658554, 4.68073301,\n        4.4555806 ],\n       [4.9753358 , 3.86960893, 2.69041079, 1.86657932, 4.680734  ,\n        4.45558334],\n       [4.97534243, 3.86961128, 2.69040215, 1.86657875, 4.68073686,\n        4.45558108],\n       [4.97534423, 3.86960924, 2.69040041, 1.86658026, 4.68073591,\n        4.45557457],\n       [4.97533644, 3.86960345, 2.69039606, 1.86658797, 4.68074105,\n        4.45557532],\n       [4.97533442, 3.86961561, 2.69040699, 1.8665793 , 4.68073022,\n        4.45558155],\n       [4.97534143, 3.86960227, 2.69040549, 1.86658087, 4.68073106,\n        4.4555785 ]]), array([0.34016923, 0.34016923, 0.34016923, 0.34016923, 0.34016923,\n       0.34016923, 0.34016923]))", "callback": [0.8402250866023118, 0.6697470198074109, 0.5915371435653327, 0.5521538467859368, 0.4870279355323446, 0.47143758761958277, 0.45500656736019085, 0.45500656736019085, 0.45390186345533, 0.4460648251063437, 0.42823109201428167, 0.4138843910543494, 0.40349436837888497, 0.3920731573342989, 0.37760098249713914, 0.37186794952509805, 0.3576737989151274, 0.3528124356858473, 0.34484783057791635, 0.3426147519925261, 0.34179141503441834, 0.34077073548331693, 0.3403602288971084, 0.34023546538800253, 0.3401927587162581, 0.3401789988770211, 0.3401730999428614, 0.3401704999821661, 0.3401695175974202, 0.34016931543035545, 0.3401692444138823, 0.3401692293335917, 0.3401692293335917, 0.3401692289339353, 0.34016922836470576, 0.3401692281049158, 0.3401692280462343, 0.3401692280123849, 0.340169227964512, 0.3401692279101681, 0.3401692278504336, 0.34016922783689607]}, "11": {"maxiter": 1000, "fatol": 1e-10, "xatol": 1e-10, "duration": 0.25071191787719727, "fun": "0.34016922783236125", "nit": "539", "nfev": "909", "status": "0", "success": "True", "message": "Optimization terminated successfully.", "x": "[4.97534048 3.86960801 2.69040551 1.86658192 4.68073394 4.45557876]", "final_simplex": "(array([[4.97534048, 3.86960801, 2.69040551, 1.86658192, 4.68073394,\n        4.45557876],\n       [4.97534048, 3.86960801, 2.69040551, 1.86658192, 4.68073394,\n        4.45557876],\n       [4.97534048, 3.86960801, 2.69040551, 1.86658192, 4.68073394,\n        4.45557876],\n       [4.97534048, 3.86960801, 2.69040551, 1.86658192, 4.68073394,\n        4.45557876],\n       [4.97534048, 3.86960801, 2.69040551, 1.86658192, 4.68073394,\n        4.45557876],\n       [4.97534048, 3.86960801, 2.69040551, 1.86658192, 4.68073394,\n        4.45557876],\n       [4.97534048, 3.86960801, 2.69040551, 1.86658192, 4.68073394,\n        4.45557876]]), array([0.34016923, 0.34016923, 0.34016923, 0.34016923, 0.34016923,\n       0.34016923, 0.34016923]))", "callback": [0.8402250866023118, 0.6697470198074109, 0.5915371435653327, 0.5521538467859368, 0.4870279355323446, 0.47143758761958277, 0.45500656736019085, 0.45500656736019085, 0.45390186345533, 0.4460648251063437, 0.42823109201428167, 0.4138843910543494, 0.40349436837888497, 0.3920731573342989, 0.37760098249713914, 0.37186794952509805, 0.3576737989151274, 0.3528124356858473, 0.34484783057791635, 0.3426147519925261, 0.34179141503441834, 0.34077073548331693, 0.3403602288971084, 0.34023546538800253, 0.3401927587162581, 0.3401789988770211, 0.3401730999428614, 0.3401704999821661, 0.3401695175974202, 0.34016931543035545, 0.3401692444138823, 0.3401692293335917, 0.3401692293335917, 0.3401692289339353, 0.34016922836470576, 0.3401692281049158, 0.3401692280462343, 0.3401692280123849, 0.340169227964512, 0.3401692279101681, 0.3401692278504336, 0.34016922783689607, 0.3401692278341799, 0.34016922783267456, 0.34016922783253356, 0.34016922783240067, 0.34016922783237113, 0.3401692278323678, 0.3401692278323636, 0.34016922783236236, 0.3401692278323617, 0.34016922783236125, 0.34016922783236125, 0.34016922783236125]}}, "bfgs": {"type": "gradient", "0": {"maxiter": 100, "gtol": 1e-05, "xrtol": 1e-05, "eps": 1e-05, "duration": 0.06386613845825195, "fun": "0.3401692278898997", "jac": "[-1.25311983e-06 -1.50839341e-06  4.43345360e-07  9.57389723e-07\n -4.63684646e-07 -3.27027294e-07]", "hess_inv": "[[ 3.30658332 -0.57630942 -1.18318083  0.95762738  0.60958973 -0.946562  ]\n [-0.57630942  7.78838699  3.65818189 -4.38875494 -3.99163322  4.52582218]\n [-1.18318083  3.65818189 11.18623279 -5.37860153 -5.81849957  5.13698984]\n [ 0.95762738 -4.38875494 -5.37860153  6.77006867  3.58814158 -3.73144938]\n [ 0.60958973 -3.99163322 -5.81849957  3.58814158  7.02286483 -2.6471113 ]\n [-0.946562    4.52582218  5.13698984 -3.73144938 -2.6471113   7.07650606]]", "nfev": "217", "njev": "31", "status": "0", "success": "True", "message": "Optimization terminated successfully.", "x": "[4.97533438 3.86958793 2.69039475 1.86659043 4.68073694 4.45555934]", "nit": "26", "callback": [0.6100343319259531, 0.5799616226319302, 0.5241871632261355, 0.43746843305874694, 0.4052062269229423, 0.3977398464736518, 0.38907720824097014, 0.38412883262785447, 0.37594098833536127, 0.36826926804553517, 0.36370579860824803, 0.357863588278057, 0.3548473480095108, 0.3507331062773127, 0.3484688236558947, 0.3469428081344561, 0.3455523039847995, 0.3432746067054615, 0.3412352324063441, 0.3405183506772502, 0.3402135827467032, 0.3401761348678731, 0.3401698701073975, 0.3401692392876695, 0.34016922856450904, 0.3401692278898997]}, "1": {"maxiter": 100, "gtol": 1e-05, "xrtol": 1e-05, "eps": 1e-10, "duration": 0.06334781646728516, "fun": "0.3401692279551518", "jac": "[-4.44089173e-06 -2.22044587e-06 -3.33066880e-06  1.11022293e-06\n  0.00000000e+00 -3.33066880e-06]", "hess_inv": "[[ 3.29331275 -0.57735968 -1.1617995   0.96246886  0.59986657 -0.95522172]\n [-0.57735968  8.00627355  3.94097717 -4.55195237 -4.19785456  4.73775526]\n [-1.1617995   3.94097717 11.60498286 -5.66094118 -6.03105406  5.58291671]\n [ 0.96246886 -4.55195237 -5.66094118  6.90986046  3.76932389 -3.97700167]\n [ 0.59986657 -4.19785456 -6.03105406  3.76932389  7.12705203 -2.87006914]\n [-0.95522172  4.73775526  5.58291671 -3.97700167 -2.87006914  7.41656489]]", "nfev": "217", "njev": "31", "status": "0", "success": "True", "message": "Optimization terminated successfully.", "x": "[4.97533538 3.86957702 2.69036894 1.86661056 4.6807568  4.45554763]", "nit": "26", "callback": [0.6100340050259014, 0.5799611095611459, 0.5241863248908163, 0.4374677020580727, 0.40520588991543716, 0.3977393176887841, 0.38907671446269776, 0.384128100617818, 0.3759397580031054, 0.3682676193261898, 0.3637039271707123, 0.3578621841829084, 0.35484717595604953, 0.35073324944870954, 0.34846805489154553, 0.34694355538900057, 0.3455518749606915, 0.34327326990960194, 0.34123891534486583, 0.3405190864133322, 0.34021396066018195, 0.34017612132672237, 0.3401698736589992, 0.3401692432437188, 0.34016922880266254, 0.3401692279551518]}, "2": {"maxiter": 100, "gtol": 1e-05, "xrtol": 1e-10, "eps": 1e-05, "duration": 0.06815528869628906, "fun": "0.3401692278898997", "jac": "[-1.25311983e-06 -1.50839341e-06  4.43345360e-07  9.57389723e-07\n -4.63684646e-07 -3.27027294e-07]", "hess_inv": "[[ 3.30658332 -0.57630942 -1.18318083  0.95762738  0.60958973 -0.946562  ]\n [-0.57630942  7.78838699  3.65818189 -4.38875494 -3.99163322  4.52582218]\n [-1.18318083  3.65818189 11.18623279 -5.37860153 -5.81849957  5.13698984]\n [ 0.95762738 -4.38875494 -5.37860153  6.77006867  3.58814158 -3.73144938]\n [ 0.60958973 -3.99163322 -5.81849957  3.58814158  7.02286483 -2.6471113 ]\n [-0.946562    4.52582218  5.13698984 -3.73144938 -2.6471113   7.07650606]]", "nfev": "217", "njev": "31", "status": "0", "success": "True", "message": "Optimization terminated successfully.", "x": "[4.97533438 3.86958793 2.69039475 1.86659043 4.68073694 4.45555934]", "nit": "26", "callback": [0.6100343319259531, 0.5799616226319302, 0.5241871632261355, 0.43746843305874694, 0.4052062269229423, 0.3977398464736518, 0.38907720824097014, 0.38412883262785447, 0.37594098833536127, 0.36826926804553517, 0.36370579860824803, 0.357863588278057, 0.3548473480095108, 0.3507331062773127, 0.3484688236558947, 0.3469428081344561, 0.3455523039847995, 0.3432746067054615, 0.3412352324063441, 0.3405183506772502, 0.3402135827467032, 0.3401761348678731, 0.3401698701073975, 0.3401692392876695, 0.34016922856450904, 0.3401692278898997]}, "3": {"maxiter": 100, "gtol": 1e-05, "xrtol": 1e-10, "eps": 1e-10, "duration": 0.06161308288574219, "fun": "0.3401692279551518", "jac": "[-4.44089173e-06 -2.22044587e-06 -3.33066880e-06  1.11022293e-06\n  0.00000000e+00 -3.33066880e-06]", "hess_inv": "[[ 3.29331275 -0.57735968 -1.1617995   0.96246886  0.59986657 -0.95522172]\n [-0.57735968  8.00627355  3.94097717 -4.55195237 -4.19785456  4.73775526]\n [-1.1617995   3.94097717 11.60498286 -5.66094118 -6.03105406  5.58291671]\n [ 0.96246886 -4.55195237 -5.66094118  6.90986046  3.76932389 -3.97700167]\n [ 0.59986657 -4.19785456 -6.03105406  3.76932389  7.12705203 -2.87006914]\n [-0.95522172  4.73775526  5.58291671 -3.97700167 -2.87006914  7.41656489]]", "nfev": "217", "njev": "31", "status": "0", "success": "True", "message": "Optimization terminated successfully.", "x": "[4.97533538 3.86957702 2.69036894 1.86661056 4.6807568  4.45554763]", "nit": "26", "callback": [0.6100340050259014, 0.5799611095611459, 0.5241863248908163, 0.4374677020580727, 0.40520588991543716, 0.3977393176887841, 0.38907671446269776, 0.384128100617818, 0.3759397580031054, 0.3682676193261898, 0.3637039271707123, 0.3578621841829084, 0.35484717595604953, 0.35073324944870954, 0.34846805489154553, 0.34694355538900057, 0.3455518749606915, 0.34327326990960194, 0.34123891534486583, 0.3405190864133322, 0.34021396066018195, 0.34017612132672237, 0.3401698736589992, 0.3401692432437188, 0.34016922880266254, 0.3401692279551518]}, "4": {"maxiter": 100, "gtol": 1e-10, "xrtol": 1e-05, "eps": 1e-05, "duration": 0.06980371475219727, "fun": "0.3401692278566877", "jac": "[ 2.25153229e-08 -1.35114142e-08 -9.96980276e-09  4.88498131e-10\n -1.05249143e-08  6.06070749e-08]", "hess_inv": "[[ 3.31222419 -0.69550273 -1.16710752  1.02839677  0.58719865 -0.97111215]\n [-0.69550273  7.04751051  3.53689984 -3.89501538 -3.85573562  4.13855268]\n [-1.16710752  3.53689984 11.21740527 -5.31019969 -5.85971031  5.12773013]\n [ 1.02839677 -3.89501538 -5.31019969  6.44405252  3.51302616 -3.48654376]\n [ 0.58719865 -3.85573562 -5.85971031  3.51302616  7.07685385 -2.6434003 ]\n [-0.97111215  4.13855268  5.12773013 -3.48654376 -2.6434003   6.93150965]]", "nfev": "224", "njev": "32", "status": "0", "success": "True", "message": "Optimization terminated successfully.", "x": "[4.97533697 3.86959942 2.6903977  1.86658251 4.68073351 4.45556647]", "nit": "27", "callback": [0.6100343319259531, 0.5799616226319302, 0.5241871632261355, 0.43746843305874694, 0.4052062269229423, 0.3977398464736518, 0.38907720824097014, 0.38412883262785447, 0.37594098833536127, 0.36826926804553517, 0.36370579860824803, 0.357863588278057, 0.3548473480095108, 0.3507331062773127, 0.3484688236558947, 0.3469428081344561, 0.3455523039847995, 0.3432746067054615, 0.3412352324063441, 0.3405183506772502, 0.3402135827467032, 0.3401761348678731, 0.3401698701073975, 0.3401692392876695, 0.34016922856450904, 0.3401692278898997, 0.3401692278566877]}, "5": {"maxiter": 100, "gtol": 1e-10, "xrtol": 1e-05, "eps": 1e-10, "duration": 0.0638737678527832, "fun": "0.34016922787338166", "jac": "[ 3.33066880e-06 -2.22044587e-06  2.22044587e-06  3.33066880e-06\n -2.22044587e-06  3.33066880e-06]", "hess_inv": "[[ 3.31744305 -0.7434921  -1.06672877  1.05230106  0.50014452 -0.95335789]\n [-0.7434921   5.79403358  1.45173926 -2.60613006 -2.76620879  2.61256913]\n [-1.06672877  1.45173926 10.97654967 -3.90514551 -6.01662408  4.43546581]\n [ 1.05230106 -2.60613006 -3.90514551  5.2849387   2.82877374 -2.35604013]\n [ 0.50014452 -2.76620879 -6.01662408  2.82877374  7.37375199 -2.40880393]\n [-0.95335789  2.61256913  4.43546581 -2.35604013 -2.40880393  6.0871499 ]]", "nfev": "224", "njev": "32", "status": "0", "success": "True", "message": "Optimization terminated successfully.", "x": "[4.97534056 3.86960302 2.69042309 1.86658273 4.68072168 4.45558686]", "nit": "27", "callback": [0.6100340050259014, 0.5799611095611459, 0.5241863248908163, 0.4374677020580727, 0.40520588991543716, 0.3977393176887841, 0.38907671446269776, 0.384128100617818, 0.3759397580031054, 0.3682676193261898, 0.3637039271707123, 0.3578621841829084, 0.35484717595604953, 0.35073324944870954, 0.34846805489154553, 0.34694355538900057, 0.3455518749606915, 0.34327326990960194, 0.34123891534486583, 0.3405190864133322, 0.34021396066018195, 0.34017612132672237, 0.3401698736589992, 0.3401692432437188, 0.34016922880266254, 0.3401692279551518, 0.34016922787338166]}, "6": {"maxiter": 100, "gtol": 1e-10, "xrtol": 1e-10, "eps": 1e-05, "duration": 0.09806084632873535, "fun": "0.3401692278566877", "jac": "[ 2.25153229e-08 -1.35114142e-08 -9.96980276e-09  4.88498131e-10\n -1.05249143e-08  6.06070749e-08]", "hess_inv": "[[ 3.30951755 -0.70802062 -1.18396676  1.03865707  0.5970967  -1.00005472]\n [-0.70802062  6.98971331  3.46152952 -3.84793803 -3.81115017  4.00875285]\n [-1.18396676  3.46152952 11.18257353 -5.25641292 -5.83020705  5.05686731]\n [ 1.03865707 -3.84793803 -5.25641292  6.40661807  3.48014211 -3.3926108 ]\n [ 0.5970967  -3.81115017 -5.83020705  3.48014211  7.05538509 -2.58768195]\n [-1.00005472  4.00875285  5.05686731 -3.3926108  -2.58768195  6.79260502]]", "nfev": "327", "njev": "45", "status": "2", "success": "False", "message": "Desired error not necessarily achieved due to precision loss.", "x": "[4.97533697 3.86959942 2.6903977  1.86658251 4.68073351 4.45556647]", "nit": "27", "callback": [0.6100343319259531, 0.5799616226319302, 0.5241871632261355, 0.43746843305874694, 0.4052062269229423, 0.3977398464736518, 0.38907720824097014, 0.38412883262785447, 0.37594098833536127, 0.36826926804553517, 0.36370579860824803, 0.357863588278057, 0.3548473480095108, 0.3507331062773127, 0.3484688236558947, 0.3469428081344561, 0.3455523039847995, 0.3432746067054615, 0.3412352324063441, 0.3405183506772502, 0.3402135827467032, 0.3401761348678731, 0.3401698701073975, 0.3401692392876695, 0.34016922856450904, 0.3401692278898997, 0.3401692278566877]}, "7": {"maxiter": 100, "gtol": 1e-10, "xrtol": 1e-10, "eps": 1e-10, "duration": 0.1517162322998047, "fun": "0.34016922783970005", "jac": "[ 2.22044587e-06  1.11022293e-06  3.33066880e-06 -1.11022293e-06\n  1.11022293e-06  2.22044587e-06]", "hess_inv": "[[ 3.33812991e+00 -1.31028004e-01  1.31158952e+00  3.70438541e-02\n  -6.56623983e-01  5.76104709e-01]\n [-1.31028004e-01  4.35932804e+00 -4.36567024e-03 -7.01641799e-01\n  -2.33925921e+00  1.48858409e+00]\n [ 1.31158952e+00 -4.36567024e-03  2.27897212e+01 -3.81787963e+00\n  -1.25731670e+01  1.11634734e+01]\n [ 3.70438541e-02 -7.01641799e-01 -3.81787963e+00  3.04793750e+00\n   3.19039140e+00 -1.94868141e+00]\n [-6.56623983e-01 -2.33925921e+00 -1.25731670e+01  3.19039140e+00\n   1.09740540e+01 -6.22230633e+00]\n [ 5.76104709e-01  1.48858409e+00  1.11634734e+01 -1.94868141e+00\n  -6.22230633e+00  9.86702996e+00]]", "nfev": "551", "njev": "77", "status": "2", "success": "False", "message": "Desired error not necessarily achieved due to precision loss.", "x": "[4.97533489 3.86961135 2.69040961 1.86657536 4.68072995 4.45558055]", "nit": "28", "callback": [0.6100340050259014, 0.5799611095611459, 0.5241863248908163, 0.4374677020580727, 0.40520588991543716, 0.3977393176887841, 0.38907671446269776, 0.384128100617818, 0.3759397580031054, 0.3682676193261898, 0.3637039271707123, 0.3578621841829084, 0.35484717595604953, 0.35073324944870954, 0.34846805489154553, 0.34694355538900057, 0.3455518749606915, 0.34327326990960194, 0.34123891534486583, 0.3405190864133322, 0.34021396066018195, 0.34017612132672237, 0.3401698736589992, 0.3401692432437188, 0.34016922880266254, 0.3401692279551518, 0.34016922787338166, 0.34016922783970005]}, "8": {"maxiter": 500, "gtol": 1e-05, "xrtol": 1e-05, "eps": 1e-05, "duration": 0.059480905532836914, "fun": "0.3401692278898997", "jac": "[-1.25311983e-06 -1.50839341e-06  4.43345360e-07  9.57389723e-07\n -4.63684646e-07 -3.27027294e-07]", "hess_inv": "[[ 3.30658332 -0.57630942 -1.18318083  0.95762738  0.60958973 -0.946562  ]\n [-0.57630942  7.78838699  3.65818189 -4.38875494 -3.99163322  4.52582218]\n [-1.18318083  3.65818189 11.18623279 -5.37860153 -5.81849957  5.13698984]\n [ 0.95762738 -4.38875494 -5.37860153  6.77006867  3.58814158 -3.73144938]\n [ 0.60958973 -3.99163322 -5.81849957  3.58814158  7.02286483 -2.6471113 ]\n [-0.946562    4.52582218  5.13698984 -3.73144938 -2.6471113   7.07650606]]", "nfev": "217", "njev": "31", "status": "0", "success": "True", "message": "Optimization terminated successfully.", "x": "[4.97533438 3.86958793 2.69039475 1.86659043 4.68073694 4.45555934]", "nit": "26", "callback": [0.6100343319259531, 0.5799616226319302, 0.5241871632261355, 0.43746843305874694, 0.4052062269229423, 0.3977398464736518, 0.38907720824097014, 0.38412883262785447, 0.37594098833536127, 0.36826926804553517, 0.36370579860824803, 0.357863588278057, 0.3548473480095108, 0.3507331062773127, 0.3484688236558947, 0.3469428081344561, 0.3455523039847995, 0.3432746067054615, 0.3412352324063441, 0.3405183506772502, 0.3402135827467032, 0.3401761348678731, 0.3401698701073975, 0.3401692392876695, 0.34016922856450904, 0.3401692278898997]}, "9": {"maxiter": 500, "gtol": 1e-05, "xrtol": 1e-05, "eps": 1e-10, "duration": 0.06298685073852539, "fun": "0.3401692279551518", "jac": "[-4.44089173e-06 -2.22044587e-06 -3.33066880e-06  1.11022293e-06\n  0.00000000e+00 -3.33066880e-06]", "hess_inv": "[[ 3.29331275 -0.57735968 -1.1617995   0.96246886  0.59986657 -0.95522172]\n [-0.57735968  8.00627355  3.94097717 -4.55195237 -4.19785456  4.73775526]\n [-1.1617995   3.94097717 11.60498286 -5.66094118 -6.03105406  5.58291671]\n [ 0.96246886 -4.55195237 -5.66094118  6.90986046  3.76932389 -3.97700167]\n [ 0.59986657 -4.19785456 -6.03105406  3.76932389  7.12705203 -2.87006914]\n [-0.95522172  4.73775526  5.58291671 -3.97700167 -2.87006914  7.41656489]]", "nfev": "217", "njev": "31", "status": "0", "success": "True", "message": "Optimization terminated successfully.", "x": "[4.97533538 3.86957702 2.69036894 1.86661056 4.6807568  4.45554763]", "nit": "26", "callback": [0.6100340050259014, 0.5799611095611459, 0.5241863248908163, 0.4374677020580727, 0.40520588991543716, 0.3977393176887841, 0.38907671446269776, 0.384128100617818, 0.3759397580031054, 0.3682676193261898, 0.3637039271707123, 0.3578621841829084, 0.35484717595604953, 0.35073324944870954, 0.34846805489154553, 0.34694355538900057, 0.3455518749606915, 0.34327326990960194, 0.34123891534486583, 0.3405190864133322, 0.34021396066018195, 0.34017612132672237, 0.3401698736589992, 0.3401692432437188, 0.34016922880266254, 0.3401692279551518]}, "10": {"maxiter": 500, "gtol": 1e-05, "xrtol": 1e-10, "eps": 1e-05, "duration": 0.05639076232910156, "fun": "0.3401692278898997", "jac": "[-1.25311983e-06 -1.50839341e-06  4.43345360e-07  9.57389723e-07\n -4.63684646e-07 -3.27027294e-07]", "hess_inv": "[[ 3.30658332 -0.57630942 -1.18318083  0.95762738  0.60958973 -0.946562  ]\n [-0.57630942  7.78838699  3.65818189 -4.38875494 -3.99163322  4.52582218]\n [-1.18318083  3.65818189 11.18623279 -5.37860153 -5.81849957  5.13698984]\n [ 0.95762738 -4.38875494 -5.37860153  6.77006867  3.58814158 -3.73144938]\n [ 0.60958973 -3.99163322 -5.81849957  3.58814158  7.02286483 -2.6471113 ]\n [-0.946562    4.52582218  5.13698984 -3.73144938 -2.6471113   7.07650606]]", "nfev": "217", "njev": "31", "status": "0", "success": "True", "message": "Optimization terminated successfully.", "x": "[4.97533438 3.86958793 2.69039475 1.86659043 4.68073694 4.45555934]", "nit": "26", "callback": [0.6100343319259531, 0.5799616226319302, 0.5241871632261355, 0.43746843305874694, 0.4052062269229423, 0.3977398464736518, 0.38907720824097014, 0.38412883262785447, 0.37594098833536127, 0.36826926804553517, 0.36370579860824803, 0.357863588278057, 0.3548473480095108, 0.3507331062773127, 0.3484688236558947, 0.3469428081344561, 0.3455523039847995, 0.3432746067054615, 0.3412352324063441, 0.3405183506772502, 0.3402135827467032, 0.3401761348678731, 0.3401698701073975, 0.3401692392876695, 0.34016922856450904, 0.3401692278898997]}, "11": {"maxiter": 500, "gtol": 1e-05, "xrtol": 1e-10, "eps": 1e-10, "duration": 0.06440401077270508, "fun": "0.3401692279551518", "jac": "[-4.44089173e-06 -2.22044587e-06 -3.33066880e-06  1.11022293e-06\n  0.00000000e+00 -3.33066880e-06]", "hess_inv": "[[ 3.29331275 -0.57735968 -1.1617995   0.96246886  0.59986657 -0.95522172]\n [-0.57735968  8.00627355  3.94097717 -4.55195237 -4.19785456  4.73775526]\n [-1.1617995   3.94097717 11.60498286 -5.66094118 -6.03105406  5.58291671]\n [ 0.96246886 -4.55195237 -5.66094118  6.90986046  3.76932389 -3.97700167]\n [ 0.59986657 -4.19785456 -6.03105406  3.76932389  7.12705203 -2.87006914]\n [-0.95522172  4.73775526  5.58291671 -3.97700167 -2.87006914  7.41656489]]", "nfev": "217", "njev": "31", "status": "0", "success": "True", "message": "Optimization terminated successfully.", "x": "[4.97533538 3.86957702 2.69036894 1.86661056 4.6807568  4.45554763]", "nit": "26", "callback": [0.6100340050259014, 0.5799611095611459, 0.5241863248908163, 0.4374677020580727, 0.40520588991543716, 0.3977393176887841, 0.3890767144626