{"date": "2024/10/08/, 18:30:04", "conf_id": 20, "data_type": "random\n", "num_data_points": 2, "s_rank": 0, "unitary": "[[-0.45070455-0.02711853j,0.78437395-0.06613086j,0.06358678+0.19963393j,-0.07343613+0.35668523j],[-0.01890143-0.03813363j,0.32408202+0.25557629j,0.05872864-0.68979805j,0.55466693-0.20227297j],[-0.11215405+0.64023111j,-0.13344055+0.29565494j,-0.49012687-0.19046288j,-0.04241254+0.44046348j],[0.55771659+0.24656916j,0.31851997-0.05798805j,0.28761525-0.34294258j,-0.56718418+0.03616933j]]", "databatch_0": {"databatch": "[[[0.0574941+0.27191649j,-0.03828138-0.02951819j,0.09104237+0.11543044j,0.03547516-0.17983907j],[0.55888957+0.3092445j,-0.10887831+0.02209086j,0.3375126+0.01551426j,-0.25904754-0.33221467j],[-0.10820122-0.03164467j,0.01789542-0.00801392j,-0.05872171+0.01037813j,0.05745461+0.04719355j],[-0.20498101+0.18191094j,0.00662293-0.04720515j,-0.05451123+0.13432779j,0.17142274-0.05732334j]],[[-0.136856-0.02592408j,-0.03424675-0.10063785j,-0.02968067-0.03172417j,-0.01737855+0.01410467j],[0.05201387+0.30408559j,-0.18239109+0.14889246j,-0.04289321+0.08613089j,0.04271113+0.02516281j],[0.20030685+0.13759281j,-0.01605496+0.18476916j,0.02509427+0.07151948j,0.03766409-0.01030649j],[-0.47715508+0.43012638j,-0.46508728-0.15514464j,-0.19931902+0.02043208j,0.00328243+0.10317409j]]]", "initial param values": "[5.32602729,1.4989088,5.36162854,4.56184264,5.91047197,3.65565147]", "nelder_mead": {"type": "gradient-free", "0": {"maxiter": 100, "fatol": 1e-05, "xatol": 1e-05, "duration": 0.06020689010620117, "fun": "0.1231758795782687", "nit": "100", "nfev": "161", "status": "2", "success": "False", "message": "Maximum number of iterations has been exceeded.", "x": "[8.2175981  1.74206192 5.85060344 1.10650713 4.61568847 4.00173801]", "final_simplex": "(array([[8.2175981 , 1.74206192, 5.85060344, 1.10650713, 4.61568847,\n        4.00173801],\n       [8.22305491, 1.59877143, 5.76330221, 1.13401068, 4.57712592,\n        4.27359009],\n       [8.34226523, 1.56573226, 6.13082584, 1.03222592, 4.39079527,\n        4.24273435],\n       [8.1747968 , 1.59027967, 6.01035066, 1.13904383, 4.33461005,\n        4.36896909],\n       [8.35003835, 1.5338791 , 5.91546653, 1.03106485, 4.37933748,\n        4.34831698],\n       [8.33225365, 1.66268957, 5.99927102, 1.06534409, 4.36534234,\n        4.19198187],\n       [8.24089349, 1.57328447, 5.97147087, 0.91904379, 4.25983685,\n        4.48948723]]), array([0.12317588, 0.13050998, 0.13192839, 0.13260476, 0.1339881 ,\n       0.13462319, 0.13560702]))", "callback": [0.7651778524324426, 0.6417713842144235, 0.45566037325686626, 0.3362989321135278, 0.2897197973513105, 0.24959309926556006, 0.19608570635180422, 0.16634054002929333, 0.14956102748308175, 0.1368862577466422]}, "1": {"maxiter": 100, "fatol": 1e-05, "xatol": 1e-10, "duration": 0.05074906349182129, "fun": "0.1231758795782687", "nit": "100", "nfev": "161", "status": "2", "success": "False", "message": "Maximum number of iterations has been exceeded.", "x": "[8.2175981  1.74206192 5.85060344 1.10650713 4.61568847 4.00173801]", "final_simplex": "(array([[8.2175981 , 1.74206192, 5.85060344, 1.10650713, 4.61568847,\n        4.00173801],\n       [8.22305491, 1.59877143, 5.76330221, 1.13401068, 4.57712592,\n        4.27359009],\n       [8.34226523, 1.56573226, 6.13082584, 1.03222592, 4.39079527,\n        4.24273435],\n       [8.1747968 , 1.59027967, 6.01035066, 1.13904383, 4.33461005,\n        4.36896909],\n       [8.35003835, 1.5338791 , 5.91546653, 1.03106485, 4.37933748,\n        4.34831698],\n       [8.33225365, 1.66268957, 5.99927102, 1.06534409, 4.36534234,\n        4.19198187],\n       [8.24089349, 1.57328447, 5.97147087, 0.91904379, 4.25983685,\n        4.48948723]]), array([0.12317588, 0.13050998, 0.13192839, 0.13260476, 0.1339881 ,\n       0.13462319, 0.13560702]))", "callback": [0.7651778524324426, 0.6417713842144235, 0.45566037325686626, 0.3362989321135278, 0.2897197973513105, 0.24959309926556006, 0.19608570635180422, 0.16634054002929333, 0.14956102748308175, 0.1368862577466422]}, "2": {"maxiter": 100, "fatol": 1e-10, "xatol": 1e-05, "duration": 0.054325103759765625, "fun": "0.1231758795782687", "nit": "100", "nfev": "161", "status": "2", "success": "False", "message": "Maximum number of iterations has been exceeded.", "x": "[8.2175981  1.74206192 5.85060344 1.10650713 4.61568847 4.00173801]", "final_simplex": "(array([[8.2175981 , 1.74206192, 5.85060344, 1.10650713, 4.61568847,\n        4.00173801],\n       [8.22305491, 1.59877143, 5.76330221, 1.13401068, 4.57712592,\n        4.27359009],\n       [8.34226523, 1.56573226, 6.13082584, 1.03222592, 4.39079527,\n        4.24273435],\n       [8.1747968 , 1.59027967, 6.01035066, 1.13904383, 4.33461005,\n        4.36896909],\n       [8.35003835, 1.5338791 , 5.91546653, 1.03106485, 4.37933748,\n        4.34831698],\n       [8.33225365, 1.66268957, 5.99927102, 1.06534409, 4.36534234,\n        4.19198187],\n       [8.24089349, 1.57328447, 5.97147087, 0.91904379, 4.25983685,\n        4.48948723]]), array([0.12317588, 0.13050998, 0.13192839, 0.13260476, 0.1339881 ,\n       0.13462319, 0.13560702]))", "callback": [0.7651778524324426, 0.6417713842144235, 0.45566037325686626, 0.3362989321135278, 0.2897197973513105, 0.24959309926556006, 0.19608570635180422, 0.16634054002929333, 0.14956102748308175, 0.1368862577466422]}, "3": {"maxiter": 100, "fatol": 1e-10, "xatol": 1e-10, "duration": 0.06015300750732422, "fun": "0.1231758795782687", "nit": "100", "nfev": "161", "status": "2", "success": "False", "message": "Maximum number of iterations has been exceeded.", "x": "[8.2175981  1.74206192 5.85060344 1.10650713 4.61568847 4.00173801]", "final_simplex": "(array([[8.2175981 , 1.74206192, 5.85060344, 1.10650713, 4.61568847,\n        4.00173801],\n       [8.22305491, 1.59877143, 5.76330221, 1.13401068, 4.57712592,\n        4.27359009],\n       [8.34226523, 1.56573226, 6.13082584, 1.03222592, 4.39079527,\n        4.24273435],\n       [8.1747968 , 1.59027967, 6.01035066, 1.13904383, 4.33461005,\n        4.36896909],\n       [8.35003835, 1.5338791 , 5.91546653, 1.03106485, 4.37933748,\n        4.34831698],\n       [8.33225365, 1.66268957, 5.99927102, 1.06534409, 4.36534234,\n        4.19198187],\n       [8.24089349, 1.57328447, 5.97147087, 0.91904379, 4.25983685,\n        4.48948723]]), array([0.12317588, 0.13050998, 0.13192839, 0.13260476, 0.1339881 ,\n       0.13462319, 0.13560702]))", "callback": [0.7651778524324426, 0.6417713842144235, 0.45566037325686626, 0.3362989321135278, 0.2897197973513105, 0.24959309926556006, 0.19608570635180422, 0.16634054002929333, 0.14956102748308175, 0.1368862577466422]}, "4": {"maxiter": 500, "fatol": 1e-05, "xatol": 1e-05, "duration": 0.19306182861328125, "fun": "0.09096274339739308", "nit": "372", "nfev": "594", "status": "0", "success": "True", "message": "Optimization terminated successfully.", "x": "[7.89505967 1.52874791 5.50097789 1.11821464 4.72049281 3.71600984]", "final_simplex": "(array([[7.89505967, 1.52874791, 5.50097789, 1.11821464, 4.72049281,\n        3.71600984],\n       [7.89505985, 1.52875116, 5.50097323, 1.11821717, 4.72049455,\n        3.71600694],\n       [7.89506075, 1.52874987, 5.50097469, 1.11821727, 4.72049458,\n        3.71600119],\n       [7.89506067, 1.52874911, 5.50098059, 1.11821933, 4.72049232,\n        3.71601133],\n       [7.89505935, 1.52875131, 5.50097802, 1.1182152 , 4.72049425,\n        3.71600659],\n       [7.8950622 , 1.5287538 , 5.50097509, 1.11821554, 4.72050056,\n        3.71599992],\n       [7.89506261, 1.52875126, 5.50098616, 1.11821018, 4.72048702,\n        3.71601413]]), array([0.09096274, 0.09096274, 0.09096274, 0.09096274, 0.09096274,\n       0.09096274, 0.09096274]))", "callback": [0.7651778524324426, 0.6417713842144235, 0.45566037325686626, 0.3362989321135278, 0.2897197973513105, 0.24959309926556006, 0.19608570635180422, 0.16634054002929333, 0.14956102748308175, 0.1368862577466422, 0.1231758795782687, 0.11827762668046427, 0.11591799399485936, 0.1134478015472653, 0.10828471095479886, 0.09783658443841348, 0.09382203375851839, 0.09232517033412313, 0.09152690070010117, 0.09124438137467594, 0.09104290137687676, 0.09099078927330695, 0.09097117265508337, 0.09096540649932905, 0.09096335495419283, 0.09096291261853351, 0.09096277018320176, 0.09096275177406898, 0.09096274817082772, 0.09096274457954734, 0.09096274400793647, 0.09096274371870816, 0.09096274359506018, 0.09096274351879885, 0.09096274348036948, 0.09096274341781774, 0.09096274340095689, 0.09096274339739308]}, "5": {"maxiter": 500, "fatol": 1e-05, "xatol": 1e-10, "duration": 0.27577900886535645, "fun": "0.09096274338337629", "nit": "484", "nfev": "840", "status": "0", "success": "True", "message": "Optimization terminated successfully.", "x": "[7.89506873 1.52874614 5.50097917 1.11821376 4.72049245 3.71601126]", "final_simplex": "(array([[7.89506873, 1.52874614, 5.50097917, 1.11821376, 4.72049245,\n        3.71601126],\n       [7.89506873, 1.52874614, 5.50097917, 1.11821376, 4.72049245,\n        3.71601126],\n       [7.89506873, 1.52874614, 5.50097917, 1.11821376, 4.72049245,\n        3.71601126],\n       [7.89506873, 1.52874614, 5.50097917, 1.11821376, 4.72049245,\n        3.71601126],\n       [7.89506873, 1.52874614, 5.50097917, 1.11821376, 4.72049245,\n        3.71601126],\n       [7.89506873, 1.52874614, 5.50097917, 1.11821376, 4.72049245,\n        3.71601126],\n       [7.89506873, 1.52874614, 5.50097917, 1.11821376, 4.72049245,\n        3.71601126]]), array([0.09096274, 0.09096274, 0.09096274, 0.09096274, 0.09096274,\n       0.09096274, 0.09096274]))", "callback": [0.7651778524324426, 0.6417713842144235, 0.45566037325686626, 0.3362989321135278, 0.2897197973513105, 0.24959309926556006, 0.19608570635180422, 0.16634054002929333, 0.14956102748308175, 0.1368862577466422, 0.1231758795782687, 0.11827762668046427, 0.11591799399485936, 0.1134478015472653, 0.10828471095479886, 0.09783658443841348, 0.09382203375851839, 0.09232517033412313, 0.09152690070010117, 0.09124438137467594, 0.09104290137687676, 0.09099078927330695, 0.09097117265508337, 0.09096540649932905, 0.09096335495419283, 0.09096291261853351, 0.09096277018320176, 0.09096275177406898, 0.09096274817082772, 0.09096274457954734, 0.09096274400793647, 0.09096274371870816, 0.09096274359506018, 0.09096274351879885, 0.09096274348036948, 0.09096274341781774, 0.09096274340095689, 0.09096274339739308, 0.0909627433870841, 0.09096274338547461, 0.090962743383873, 0.09096274338349497, 0.09096274338339949, 0.09096274338338073, 0.09096274338337762, 0.0909627433833764, 0.09096274338337629, 0.09096274338337629, 0.09096274338337629]}, "6": {"maxiter": 500, "fatol": 1e-10, "xatol": 1e-05, "duration": 0.18283820152282715, "fun": "0.09096274339739308", "nit": "372", "nfev": "594", "status": "0", "success": "True", "message": "Optimization terminated successfully.", "x": "[7.89505967 1.52874791 5.50097789 1.11821464 4.72049281 3.71600984]", "final_simplex": "(array([[7.89505967, 1.52874791, 5.50097789, 1.11821464, 4.72049281,\n        3.71600984],\n       [7.89505985, 1.52875116, 5.50097323, 1.11821717, 4.72049455,\n        3.71600694],\n       [7.89506075, 1.52874987, 5.50097469, 1.11821727, 4.72049458,\n        3.71600119],\n       [7.89506067, 1.52874911, 5.50098059, 1.11821933, 4.72049232,\n        3.71601133],\n       [7.89505935, 1.52875131, 5.50097802, 1.1182152 , 4.72049425,\n        3.71600659],\n       [7.8950622 , 1.5287538 , 5.50097509, 1.11821554, 4.72050056,\n        3.71599992],\n       [7.89506261, 1.52875126, 5.50098616, 1.11821018, 4.72048702,\n        3.71601413]]), array([0.09096274, 0.09096274, 0.09096274, 0.09096274, 0.09096274,\n       0.09096274, 0.09096274]))", "callback": [0.7651778524324426, 0.6417713842144235, 0.45566037325686626, 0.3362989321135278, 0.2897197973513105, 0.24959309926556006, 0.19608570635180422, 0.16634054002929333, 0.14956102748308175, 0.1368862577466422, 0.1231758795782687, 0.11827762668046427, 0.11591799399485936, 0.1134478015472653, 0.10828471095479886, 0.09783658443841348, 0.09382203375851839, 0.09232517033412313, 0.09152690070010117, 0.09124438137467594, 0.09104290137687676, 0.09099078927330695, 0.09097117265508337, 0.09096540649932905, 0.09096335495419283, 0.09096291261853351, 0.09096277018320176, 0.09096275177406898, 0.09096274817082772, 0.09096274457954734, 0.09096274400793647, 0.09096274371870816, 0.09096274359506018, 0.09096274351879885, 0.09096274348036948, 0.09096274341781774, 0.09096274340095689, 0.09096274339739308]}, "7": {"maxiter": 500, "fatol": 1e-10, "xatol": 1e-10, "duration": 0.3037419319152832, "fun": "0.09096274338337629", "nit": "484", "nfev": "840", "status": "0", "success": "True", "message": "Optimization terminated successfully.", "x": "[7.89506873 1.52874614 5.50097917 1.11821376 4.72049245 3.71601126]", "final_simplex": "(array([[7.89506873, 1.52874614, 5.50097917, 1.11821376, 4.72049245,\n        3.71601126],\n       [7.89506873, 1.52874614, 5.50097917, 1.11821376, 4.72049245,\n        3.71601126],\n       [7.89506873, 1.52874614, 5.50097917, 1.11821376, 4.72049245,\n        3.71601126],\n       [7.89506873, 1.52874614, 5.50097917, 1.11821376, 4.72049245,\n        3.71601126],\n       [7.89506873, 1.52874614, 5.50097917, 1.11821376, 4.72049245,\n        3.71601126],\n       [7.89506873, 1.52874614, 5.50097917, 1.11821376, 4.72049245,\n        3.71601126],\n       [7.89506873, 1.52874614, 5.50097917, 1.11821376, 4.72049245,\n        3.71601126]]), array([0.09096274, 0.09096274, 0.09096274, 0.09096274, 0.09096274,\n       0.09096274, 0.09096274]))", "callback": [0.7651778524324426, 0.6417713842144235, 0.45566037325686626, 0.3362989321135278, 0.2897197973513105, 0.24959309926556006, 0.19608570635180422, 0.16634054002929333, 0.14956102748308175, 0.1368862577466422, 0.1231758795782687, 0.11827762668046427, 0.11591799399485936, 0.1134478015472653, 0.10828471095479886, 0.09783658443841348, 0.09382203375851839, 0.09232517033412313, 0.09152690070010117, 0.09124438137467594, 0.09104290137687676, 0.09099078927330695, 0.09097117265508337, 0.09096540649932905, 0.09096335495419283, 0.09096291261853351, 0.09096277018320176, 0.09096275177406898, 0.09096274817082772, 0.09096274457954734, 0.09096274400793647, 0.09096274371870816, 0.09096274359506018, 0.09096274351879885, 0.09096274348036948, 0.09096274341781774, 0.09096274340095689, 0.09096274339739308, 0.0909627433870841, 0.09096274338547461, 0.090962743383873, 0.09096274338349497, 0.09096274338339949, 0.09096274338338073, 0.09096274338337762, 0.0909627433833764, 0.09096274338337629, 0.09096274338337629, 0.09096274338337629]}, "8": {"maxiter": 1000, "fatol": 1e-05, "xatol": 1e-05, "duration": 0.19453001022338867, "fun": "0.09096274339739308", "nit": "372", "nfev": "594", "status": "0", "success": "True", "message": "Optimization terminated successfully.", "x": "[7.89505967 1.52874791 5.50097789 1.11821464 4.72049281 3.71600984]", "final_simplex": "(array([[7.89505967, 1.52874791, 5.50097789, 1.11821464, 4.72049281,\n        3.71600984],\n       [7.89505985, 1.52875116, 5.50097323, 1.11821717, 4.72049455,\n        3.71600694],\n       [7.89506075, 1.52874987, 5.50097469, 1.11821727, 4.72049458,\n        3.71600119],\n       [7.89506067, 1.52874911, 5.50098059, 1.11821933, 4.72049232,\n        3.71601133],\n       [7.89505935, 1.52875131, 5.50097802, 1.1182152 , 4.72049425,\n        3.71600659],\n       [7.8950622 , 1.5287538 , 5.50097509, 1.11821554, 4.72050056,\n        3.71599992],\n       [7.89506261, 1.52875126, 5.50098616, 1.11821018, 4.72048702,\n        3.71601413]]), array([0.09096274, 0.09096274, 0.09096274, 0.09096274, 0.09096274,\n       0.09096274, 0.09096274]))", "callback": [0.7651778524324426, 0.6417713842144235, 0.45566037325686626, 0.3362989321135278, 0.2897197973513105, 0.24959309926556006, 0.19608570635180422, 0.16634054002929333, 0.14956102748308175, 0.1368862577466422, 0.1231758795782687, 0.11827762668046427, 0.11591799399485936, 0.1134478015472653, 0.10828471095479886, 0.09783658443841348, 0.09382203375851839, 0.09232517033412313, 0.09152690070010117, 0.09124438137467594, 0.09104290137687676, 0.09099078927330695, 0.09097117265508337, 0.09096540649932905, 0.09096335495419283, 0.09096291261853351, 0.09096277018320176, 0.09096275177406898, 0.09096274817082772, 0.09096274457954734, 0.09096274400793647, 0.09096274371870816, 0.09096274359506018, 0.09096274351879885, 0.09096274348036948, 0.09096274341781774, 0.09096274340095689, 0.09096274339739308]}, "9": {"maxiter": 1000, "fatol": 1e-05, "xatol": 1e-10, "duration": 0.28607797622680664, "fun": "0.09096274338337629", "nit": "484", "nfev": "840", "status": "0", "success": "True", "message": "Optimization terminated successfully.", "x": "[7.89506873 1.52874614 5.50097917 1.11821376 4.72049245 3.71601126]", "final_simplex": "(array([[7.89506873, 1.52874614, 5.50097917, 1.11821376, 4.72049245,\n        3.71601126],\n       [7.89506873, 1.52874614, 5.50097917, 1.11821376, 4.72049245,\n        3.71601126],\n       [7.89506873, 1.52874614, 5.50097917, 1.11821376, 4.72049245,\n        3.71601126],\n       [7.89506873, 1.52874614, 5.50097917, 1.11821376, 4.72049245,\n        3.71601126],\n       [7.89506873, 1.52874614, 5.50097917, 1.11821376, 4.72049245,\n        3.71601126],\n       [7.89506873, 1.52874614, 5.50097917, 1.11821376, 4.72049245,\n        3.71601126],\n       [7.89506873, 1.52874614, 5.50097917, 1.11821376, 4.72049245,\n        3.71601126]]), array([0.09096274, 0.09096274, 0.09096274, 0.09096274, 0.09096274,\n       0.09096274, 0.09096274]))", "callback": [0.7651778524324426, 0.6417713842144235, 0.45566037325686626, 0.3362989321135278, 0.2897197973513105, 0.24959309926556006, 0.19608570635180422, 0.16634054002929333, 0.14956102748308175, 0.1368862577466422, 0.1231758795782687, 0.11827762668046427, 0.11591799399485936, 0.1134478015472653, 0.10828471095479886, 0.09783658443841348, 0.09382203375851839, 0.09232517033412313, 0.09152690070010117, 0.09124438137467594, 0.09104290137687676, 0.09099078927330695, 0.09097117265508337, 0.09096540649932905, 0.09096335495419283, 0.09096291261853351, 0.09096277018320176, 0.09096275177406898, 0.09096274817082772, 0.09096274457954734, 0.09096274400793647, 0.09096274371870816, 0.09096274359506018, 0.09096274351879885, 0.09096274348036948, 0.09096274341781774, 0.09096274340095689, 0.09096274339739308, 0.0909627433870841, 0.09096274338547461, 0.090962743383873, 0.09096274338349497, 0.09096274338339949, 0.09096274338338073, 0.09096274338337762, 0.0909627433833764, 0.09096274338337629, 0.09096274338337629, 0.09096274338337629]}, "10": {"maxiter": 1000, "fatol": 1e-10, "xatol": 1e-05, "duration": 0.20547199249267578, "fun": "0.09096274339739308", "nit": "372", "nfev": "594", "status": "0", "success": "True", "message": "Optimization terminated successfully.", "x": "[7.89505967 1.52874791 5.50097789 1.11821464 4.72049281 3.71600984]", "final_simplex": "(array([[7.89505967, 1.52874791, 5.50097789, 1.11821464, 4.72049281,\n        3.71600984],\n       [7.89505985, 1.52875116, 5.50097323, 1.11821717, 4.72049455,\n        3.71600694],\n       [7.89506075, 1.52874987, 5.50097469, 1.11821727, 4.72049458,\n        3.71600119],\n       [7.89506067, 1.52874911, 5.50098059, 1.11821933, 4.72049232,\n        3.71601133],\n       [7.89505935, 1.52875131, 5.50097802, 1.1182152 , 4.72049425,\n        3.71600659],\n       [7.8950622 , 1.5287538 , 5.50097509, 1.11821554, 4.72050056,\n        3.71599992],\n       [7.89506261, 1.52875126, 5.50098616, 1.11821018, 4.72048702,\n        3.71601413]]), array([0.09096274, 0.09096274, 0.09096274, 0.09096274, 0.09096274,\n       0.09096274, 0.09096274]))", "callback": [0.7651778524324426, 0.6417713842144235, 0.45566037325686626, 0.3362989321135278, 0.2897197973513105, 0.24959309926556006, 0.19608570635180422, 0.16634054002929333, 0.14956102748308175, 0.1368862577466422, 0.1231758795782687, 0.11827762668046427, 0.11591799399485936, 0.1134478015472653, 0.10828471095479886, 0.09783658443841348, 0.09382203375851839, 0.09232517033412313, 0.09152690070010117, 0.09124438137467594, 0.09104290137687676, 0.09099078927330695, 0.09097117265508337, 0.09096540649932905, 0.09096335495419283, 0.09096291261853351, 0.09096277018320176, 0.09096275177406898, 0.09096274817082772, 0.09096274457954734, 0.09096274400793647, 0.09096274371870816, 0.09096274359506018, 0.09096274351879885, 0.09096274348036948, 0.09096274341781774, 0.09096274340095689, 0.09096274339739308]}, "11": {"maxiter": 1000, "fatol": 1e-10, "xatol": 1e-10, "duration": 0.28711605072021484, "fun": "0.09096274338337629", "nit": "484", "nfev": "840", "status": "0", "success": "True", "message": "Optimization terminated successfully.", "x": "[7.89506873 1.52874614 5.50097917 1.11821376 4.72049245 3.71601126]", "final_simplex": "(array([[7.89506873, 1.52874614, 5.50097917, 1.11821376, 4.72049245,\n        3.71601126],\n       [7.89506873, 1.52874614, 5.50097917, 1.11821376, 4.72049245,\n        3.71601126],\n       [7.89506873, 1.52874614, 5.50097917, 1.11821376, 4.72049245,\n        3.71601126],\n       [7.89506873, 1.52874614, 5.50097917, 1.11821376, 4.72049245,\n        3.71601126],\n       [7.89506873, 1.52874614, 5.50097917, 1.11821376, 4.72049245,\n        3.71601126],\n       [7.89506873, 1.52874614, 5.50097917, 1.11821376, 4.72049245,\n        3.71601126],\n       [7.89506873, 1.52874614, 5.50097917, 1.11821376, 4.72049245,\n        3.71601126]]), array([0.09096274, 0.09096274, 0.09096274, 0.09096274, 0.09096274,\n       0.09096274, 0.09096274]))", "callback": [0.7651778524324426, 0.6417713842144235, 0.45566037325686626, 0.3362989321135278, 0.2897197973513105, 0.24959309926556006, 0.19608570635180422, 0.16634054002929333, 0.14956102748308175, 0.1368862577466422, 0.1231758795782687, 0.11827762668046427, 0.11591799399485936, 0.1134478015472653, 0.10828471095479886, 0.09783658443841348, 0.09382203375851839, 0.09232517033412313, 0.09152690070010117, 0.09124438137467594, 0.09104290137687676, 0.09099078927330695, 0.09097117265508337, 0.09096540649932905, 0.09096335495419283, 0.09096291261853351, 0.09096277018320176, 0.09096275177406898, 0.09096274817082772, 0.09096274457954734, 0.09096274400793647, 0.09096274371870816, 0.09096274359506018, 0.09096274351879885, 0.09096274348036948, 0.09096274341781774, 0.09096274340095689, 0.09096274339739308, 0.0909627433870841, 0.09096274338547461, 0.090962743383873, 0.09096274338349497, 0.09096274338339949, 0.09096274338338073, 0.09096274338337762, 0.0909627433833764, 0.09096274338337629, 0.09096274338337629, 0.09096274338337629]}}, "bfgs": {"type": "gradient", "0": {"maxiter": 100, "gtol": 1e-05, "xrtol": 1e-05, "eps": 1e-05, "duration": 0.07454276084899902, "fun": "0.09096274360547385", "jac": "[ 8.71858141e-06 -4.76390039e-06 -9.50450829e-07 -6.34070574e-07\n  2.18058904e-07 -3.99213995e-06]", "hess_inv": "[[ 2.88609649  0.34246824 -1.86471338  1.1611523   0.01585082 -0.26440201]\n [ 0.34246824  3.33687681  0.21976022  0.15714547  0.8133268  -1.96654887]\n [-1.86471338  0.21976022  7.81358733 -1.78507919 -2.28583638  0.7761236 ]\n [ 1.1611523   0.15714547 -1.78507919  3.13780275  0.90088542 -0.39074444]\n [ 0.01585082  0.8133268  -2.28583638  0.90088542  4.7336486  -3.1580535 ]\n [-0.26440201 -1.96654887  0.7761236  -0.39074444 -3.1580535   7.20782189]]", "nfev": "189", "njev": "27", "status": "0", "success": "True", "message": "Optimization terminated successfully.", "x": "[ 4.67132921 -1.61285976  8.64253837  1.11821983  4.72050077  3.71598315]", "nit": "24", "callback": [0.7084310457658219, 0.6455619304630351, 0.6027640826552885, 0.5254155260425003, 0.42953450253782477, 0.3807543351662821, 0.29346859724292573, 0.2536790163063575, 0.21159909672674626, 0.14454458093159273, 0.11405698493171479, 0.09629186547699664, 0.09296428672459833, 0.09190071864352178, 0.09127368873308994, 0.09106504975259966, 0.09097616324390112, 0.09096422778591162, 0.09096304413073109, 0.0909629537215535, 0.0909628730328792, 0.09096278552385773, 0.09096274914943281, 0.09096274360547385]}, "1": {"maxiter": 100, "gtol": 1e-05, "xrtol": 1e-05, "eps": 1e-10, "duration": 0.07500123977661133, "fun": "0.090962743761142", "jac": "[ 7.77156053e-06 -8.88178346e-06 -2.22044587e-06 -1.11022293e-06\n -1.11022293e-06 -5.55111466e-06]", "hess_inv": "[[ 2.8904194   0.34429876 -1.87530668  1.12302911  0.03740619 -0.32399327]\n [ 0.34429876  3.1938853   0.12624389  0.20310561  0.77093993 -1.86217883]\n [-1.87530668  0.12624389  7.69656768 -1.73351625 -2.24810444  0.81981762]\n [ 1.12302911  0.20310561 -1.73351625  3.02458116  0.92937551 -0.56411927]\n [ 0.03740619  0.77093993 -2.24810444  0.92937551  4.62879829 -3.02873345]\n [-0.32399327 -1.86217883  0.81981762 -0.56411927 -3.02873345  6.88065976]]", "nfev": "189", "njev": "27", "status": "0", "success": "True", "message": "Optimization terminated successfully.", "x": "[ 4.67133555 -1.6128676   8.64251857  1.11823427  4.72050923  3.71597768]", "nit": "24", "callback": [0.7084305625491402, 0.64556200571224, 0.6027634989173731, 0.5254139836348294, 0.42953205893406, 0.380752843690741, 0.29346600695584635, 0.25367415248906566, 0.21159979992190636, 0.1445514230006737, 0.11405238891807601, 0.09629169734529897, 0.09296330872796355, 0.0919002524521968, 0.09127381278500413, 0.09106508481564102, 0.09097620101454251, 0.09096422558241057, 0.0909630442029209, 0.09096295291821477, 0.09096287525904168, 0.0909627815664521, 0.09096274908795221, 0.090962743761142]}, "2": {"maxiter": 100, "gtol": 1e-05, "xrtol": 1e-10, "eps": 1e-05, "duration": 0.06450271606445312, "fun": "0.09096274360547385", "jac": "[ 8.71858141e-06 -4.76390039e-06 -9.50450829e-07 -6.34070574e-07\n  2.18058904e-07 -3.99213995e-06]", "hess_inv": "[[ 2.88609649  0.34246824 -1.86471338  1.1611523   0.01585082 -0.26440201]\n [ 0.34246824  3.33687681  0.21976022  0.15714547  0.8133268  -1.96654887]\n [-1.86471338  0.21976022  7.81358733 -1.78507919 -2.28583638  0.7761236 ]\n [ 1.1611523   0.15714547 -1.78507919  3.13780275  0.90088542 -0.39074444]\n [ 0.01585082  0.8133268  -2.28583638  0.90088542  4.7336486  -3.1580535 ]\n [-0.26440201 -1.96654887  0.7761236  -0.39074444 -3.1580535   7.20782189]]", "nfev": "189", "njev": "27", "status": "0", "success": "True", "message": "Optimization terminated successfully.", "x": "[ 4.67132921 -1.61285976  8.64253837  1.11821983  4.72050077  3.71598315]", "nit": "24", "callback": [0.7084310457658219, 0.6455619304630351, 0.6027640826552885, 0.5254155260425003, 0.42953450253782477, 0.3807543351662821, 0.29346859724292573, 0.2536790163063575, 0.21159909672674626, 0.14454458093159273, 0.11405698493171479, 0.09629186547699664, 0.09296428672459833, 0.09190071864352178, 0.09127368873308994, 0.09106504975259966, 0.09097616324390112, 0.09096422778591162, 0.09096304413073109, 0.0909629537215535, 0.0909628730328792, 0.09096278552385773, 0.09096274914943281, 0.09096274360547385]}, "3": {"maxiter": 100, "gtol": 1e-05, "xrtol": 1e-10, "eps": 1e-10, "duration": 0.05794095993041992, "fun": "0.090962743761142", "jac": "[ 7.77156053e-06 -8.88178346e-06 -2.22044587e-06 -1.11022293e-06\n -1.11022293e-06 -5.55111466e-06]", "hess_inv": "[[ 2.8904194   0.34429876 -1.87530668  1.12302911  0.03740619 -0.32399327]\n [ 0.34429876  3.1938853   0.12624389  0.20310561  0.77093993 -1.86217883]\n [-1.87530668  0.12624389  7.69656768 -1.73351625 -2.24810444  0.81981762]\n [ 1.12302911  0.20310561 -1.73351625  3.02458116  0.92937551 -0.56411927]\n [ 0.03740619  0.77093993 -2.24810444  0.92937551  4.62879829 -3.02873345]\n [-0.32399327 -1.86217883  0.81981762 -0.56411927 -3.02873345  6.88065976]]", "nfev": "189", "njev": "27", "status": "0", "success": "True", "message": "Optimization terminated successfully.", "x": "[ 4.67133555 -1.6128676   8.64251857  1.11823427  4.72050923  3.71597768]", "nit": "24", "callback": [0.7084305625491402, 0.64556200571224, 0.6027634989173731, 0.5254139836348294, 0.42953205893406, 0.380752843690741, 0.29346600695584635, 0.25367415248906566, 0.21159979992190636, 0.1445514230006737, 0.11405238891807601, 0.09629169734529897, 0.09296330872796355, 0.0919002524521968, 0.09127381278500413, 0.09106508481564102, 0.09097620101454251, 0.09096422558241057, 0.0909630442029209, 0.09096295291821477, 0.09096287525904168, 0.0909627815664521, 0.09096274908795221, 0.090962743761142]}, "4": {"maxiter": 100, "gtol": 1e-10, "xrtol": 1e-05, "eps": 1e-05, "duration": 0.06610107421875, "fun": "0.09096274340613375", "jac": "[ 6.92934599e-07  5.67212943e-08  2.78554957e-08 -3.05844239e-07\n  4.24771329e-08 -7.07700565e-07]", "hess_inv": "[[ 3.38569713  0.10651461 -2.4344901   1.41083788  0.15390146 -0.47235052]\n [ 0.10651461  3.2972289   0.44448644  0.0822606   0.65143447 -1.60114079]\n [-2.4344901   0.44448644  8.4503667  -2.05719742 -2.47167493  1.09175158]\n [ 1.41083788  0.0822606  -2.05719742  3.25032856  0.99742282 -0.5707841 ]\n [ 0.15390146  0.65143447 -2.47167493  0.99742282  4.70991226 -3.04451038]\n [-0.47235052 -1.60114079  1.09175158 -0.5707841  -3.04451038  6.82183234]]", "nfev": "196", "njev": "28", "status": "0", "success": "True", "message": "Optimization terminated successfully.", "x": "[ 4.67129686 -1.61285104  8.64257334  1.11820553  4.72048764  3.71600822]", "nit": "25", "callback": [0.7084310457658219, 0.6455619304630351, 0.6027640826552885, 0.5254155260425003, 0.42953450253782477, 0.3807543351662821, 0.29346859724292573, 0.2536790163063575, 0.21159909672674626, 0.14454458093159273, 0.11405698493171479, 0.09629186547699664, 0.09296428672459833, 0.09190071864352178, 0.09127368873308994, 0.09106504975259966, 0.09097616324390112, 0.09096422778591162, 0.09096304413073109, 0.0909629537215535, 0.0909628730328792, 0.09096278552385773, 0.09096274914943281, 0.09096274360547385, 0.09096274340613375]}, "5": {"maxiter": 100, "gtol": 1e-10, "xrtol": 1e-05, "eps": 1e-10, "duration": 0.058856964111328125, "fun": "0.09096274339548527", "jac": "[-2.22044587e-06  0.00000000e+00 -3.33066880e-06  1.11022293e-06\n  0.00000000e+00  1.11022293e-06]", "hess_inv": "[[ 3.29175371  0.06511427 -2.4239796   1.28185625  0.18818629 -0.68738312]\n [ 0.06511427  3.38170043  0.50722305  0.09535501  0.66032814 -1.57161888]\n [-2.4239796   0.50722305  8.44659382 -1.95035289 -2.45486553  1.32074942]\n [ 1.28185625  0.09535501 -1.95035289  3.08626642  0.99149416 -0.72408502]\n [ 0.18818629  0.66032814 -2.45486553  0.99149416  4.68032588 -3.13146625]\n [-0.68738312 -1.57161888  1.32074942 -0.72408502 -3.13146625  6.98667145]]", "nfev": "196", "njev": "28", "status": "0", "success": "True", "message": "Optimization terminated successfully.", "x": "[ 4.67130298 -1.61284483  8.64256311  1.11822133  4.7204971   3.7160065 ]", "nit": "25", "callback": [0.7084305625491402, 0.64556200571224, 0.6027634989173731, 0.5254139836348294, 0.42953205893406, 0.380752843690741, 0.29346600695584635, 0.25367415248906566, 0.21159979992190636, 0.1445514230006737, 0.11405238891807601, 0.09629169734529897, 0.09296330872796355, 0.0919002524521968, 0.09127381278500413, 0.09106508481564102, 0.09097620101454251, 0.09096422558241057, 0.0909630442029209, 0.09096295291821477, 0.09096287525904168, 0.0909627815664521, 0.09096274908795221, 0.090962743761142, 0.09096274339548527]}, "6": {"maxiter": 100, "gtol": 1e-10, "xrtol": 1e-10, "eps": 1e-05, "duration": 0.13295483589172363, "fun": "0.09096274340611354", "jac": "[ 5.63216140e-07  5.27577981e-08  2.47357690e-08 -2.52242671e-07\n  3.51052520e-08 -5.80324677e-07]", "hess_inv": "[[ 3.49898711  0.2710887  -2.48077878  1.40221752  0.31688706 -0.89289151]\n [ 0.2710887   3.30042203  0.28783323  0.14040539  0.74568654 -1.80787059]\n [-2.48077878  0.28783323  8.43501422 -2.02684757 -2.59213619  1.41652061]\n [ 1.40221752  0.14040539 -2.02684757  3.22980871  1.02770005 -0.65984453]\n [ 0.31688706  0.74568654 -2.59213619  1.02770005  4.85822713 -3.40522025]\n [-0.89289151 -1.80787059  1.41652061 -0.65984453 -3.40522025  7.6901606 ]]", "nfev": "453", "njev": "63", "status": "2", "success": "False", "message": "Desired error not necessarily achieved due to precision loss.", "x": "[ 4.67129638 -1.61285132  8.64257373  1.11820544  4.72048719  3.71600931]", "nit": "26", "callback": [0.7084310457658219, 0.6455619304630351, 0.6027640826552885, 0.5254155260425003, 0.42953450253782477, 0.3807543351662821, 0.29346859724292573, 0.2536790163063575, 0.21159909672674626, 0.14454458093159273, 0.11405698493171479, 0.09629186547699664, 0.09296428672459833, 0.09190071864352178, 0.09127368873308994, 0.09106504975259966, 0.09097616324390112, 0.09096422778591162, 0.09096304413073109, 0.0909629537215535, 0.0909628730328792, 0.09096278552385773, 0.09096274914943281, 0.09096274360547385, 0.09096274340613375, 0.09096274340611354]}, "7": {"maxiter": 100, "gtol": 1e-10, "xrtol": 1e-10, "eps": 1e-10, "duration": 0.10149812698364258, "fun": "0.09096274338635468", "jac": "[1.11022293e-06 2.22044587e-06 3.33066880e-06 3.33066880e-06\n 2.22044587e-06 0.00000000e+00]", "hess_inv": "[[ 5.20723412 -1.88617058 -2.26001955  1.02709617  1.1966924   1.8209108 ]\n [-1.88617058  2.92799271  1.0935769  -1.26951043 -1.00495996 -0.6000404 ]\n [-2.26001955  1.0935769   2.00759012 -0.54991222 -1.24317446 -1.32350336]\n [ 1.02709617 -1.26951043 -0.54991222  1.53710591  0.08033417  0.76094698]\n [ 1.1966924  -1.00495996 -1.24317446  0.08033417  4.77002516 -1.11946902]\n [ 1.8209108  -0.6000404  -1.32350336  0.76094698 -1.11946902  2.87276218]]", "nfev": "273", "njev": "39", "status": "0", "success": "True", "message": "Optimization terminated successfully.", "x": "[ 4.67130374 -1.6128458   8.64257023  1.11821734  4.72049583  3.71600712]", "nit": "29", "callback": [0.7084305625491402, 0.64556200571224, 0.6027634989173731, 0.5254139836348294, 0.42953205893406, 0.380752843690741, 0.29346600695584635, 0.25367415248906566, 0.21159979992190636, 0.1445514230006737, 0.11405238891807601, 0.09629169734529897, 0.09296330872796355, 0.0919002524521968, 0.09127381278500413, 0.09106508481564102, 0.09097620101454251, 0.09096422558241057, 0.0909630442029209, 0.09096295291821477, 0.09096287525904168, 0.0909627815664521, 0.09096274908795221, 0.090962743761142, 0.09096274339548527, 0.09096274339149713, 0.09096274338694954, 0.09096274338635502, 0.09096274338635468]}, "8": {"maxiter": 500, "gtol": 1e-05, "xrtol": 1e-05, "eps": 1e-05, "duration": 0.055947065353393555, "fun": "0.09096274360547385", "jac": "[ 8.71858141e-06 -4.76390039e-06 -9.50450829e-07 -6.34070574e-07\n  2.18058904e-07 -3.99213995e-06]", "hess_inv": "[[ 2.88609649  0.34246824 -1.86471338  1.1611523   0.01585082 -0.26440201]\n [ 0.34246824  3.33687681  0.21976022  0.15714547  0.8133268  -1.96654887]\n [-1.86471338  0.21976022  7.81358733 -1.78507919 -2.28583638  0.7761236 ]\n [ 1.1611523   0.15714547 -1.78507919  3.13780275  0.90088542 -0.39074444]\n [ 0.01585082  0.8133268  -2.28583638  0.90088542  4.7336486  -3.1580535 ]\n [-0.26440201 -1.96654887  0.7761236  -0.39074444 -3.1580535   7.20782189]]", "nfev": "189", "njev": "27", "status": "0", "success": "True", "message": "Optimization terminated successfully.", "x": "[ 4.67132921 -1.61285976  8.64253837  1.11821983  4.72050077  3.71598315]", "nit": "24", "callback": [0.7084310457658219, 0.6455619304630351, 0.6027640826552885, 0.5254155260425003, 0.42953450253782477, 0.3807543351662821, 0.29346859724292573, 0.2536790163063575, 0.21159909672674626, 0.14454458093159273, 0.11405698493171479, 0.09629186547699664, 0.09296428672459833, 0.09190071864352178, 0.09127368873308994, 0.09106504975259966, 0.09097616324390112, 0.09096422778591162, 0.09096304413073109, 0.0909629537215535, 0.0909628730328792, 0.09096278552385773, 0.09096274914943281, 0.09096274360547385]}, "9": {"maxiter": 500, "gtol": 1e-05, "xrtol": 1e-05, "eps": 1e-10, "duration": 0.06619405746459961, "fun": "0.090962743761142", "jac": "[ 7.77156053e-06 -8.88178346e-06 -2.22044587e-06 -1.11022293e-06\n -1.11022293e-06 -5.55111466e-06]", "hess_inv": "[[ 2.8904194   0.34429876 -1.87530668  1.12302911  0.03740619 -0.32399327]\n [ 0.34429876  3.1938853   0.12624389  0.20310561  0.77093993 -1.86217883]\n [-1.87530668  0.12624389  7.69656768 -1.73351625 -2.24810444  0.81981762]\n [ 1.12302911  0.20310561 -1.73351625  3.02458116  0.92937551 -0.56411927]\n [ 0.03740619  0.77093993 -2.24810444  0.92937551  4.62879829 -3.02873345]\n [-0.32399327 -1.86217883  0.81981762 -0.56411927 -3.02873345  6.88065976]]", "nfev": "189", "njev": "27", "status": "0", "success": "True", "message": "Optimization terminated successfully.", "x": "[ 4.67133555 -1.6128676   8.64251857  1.11823427  4.72050923  3.71597768]", "nit": "24", "callback": [0.7084305625491402, 0.64556200571224, 0.6027634989173731, 0.5254139836348294, 0.42953205893406, 0.380752843690741, 0.29346600695584635, 0.25367415248906566, 0.21159979992190636, 0.1445514230006737, 0.11405238891807601, 0.09629169734529897, 0.09296330872796355, 0.0919002524521968, 0.09127381278500413, 0.09106508481564102, 0.09097620101454251, 0.09096422558241057, 0.0909630442029209, 0.09096295291821477, 0.09096287525904168, 0.0909627815664521, 0.09096274908795221, 0.090962743761142]}, "10": {"maxiter": 500, "gtol": 1e-05, "xrtol": 1e-10, "eps": 1e-05, "duration": 0.06491279602050781, "fun": "0.09096274360547385", "jac": "[ 8.71858141e-06 -4.76390039e-06 -9.50450829e-07 -6.34070574e-07\n  2.18058904e-07 -3.99213995e-06]", "hess_inv": "[[ 2.88609649  0.34246824 -1.86471338  1.1611523   0.01585082 -0.26440201]\n [ 0.34246824  3.33687681  0.21976022  0.15714547  0.8133268  -1.96654887]\n [-1.86471338  0.21976022  7.81358733 -1.78507919 -2.28583638  0.7761236 ]\n [ 1.1611523   0.15714547 -1.78507919  3.13780275  0.90088542 -0.39074444]\n [ 0.01585082  0.8133268  -2.28583638  0.90088542  4.7336486  -3.1580535 ]\n [-0.26440201 -1.96654887  0.7761236  -0.39074444 -3.1580535   7.20782189]]", "nfev": "189", "njev": "27", "status": "0", "success": "True", "message": "Optimization terminated successfully.", "x": "[ 4.67132921 -1.61285976  8.64253837  1.11821983  4.72050077  3.71598315]", "nit": "24", "callback": [0.7084310457658219, 0.6455619304630351, 0.6027640826552885, 0.5254155260425003, 0.42953450253782477, 0.3807543351662821, 0.29346859724292573, 0.2536790163063575, 0.21159909672674626, 0.14454458093159273, 0.11405698493171479, 0.09629186547699664, 0.09296428672459833, 0.09190071864352178, 0.09127368873308994, 0.09106504975259966, 0.09097616324390112, 0.09096422778591162, 0.09096304413073109, 0.0909629537215535, 0.0909628730328792, 0.09096278552385773, 0.09096274914943281, 0.09096274360547385]}, "11": {"maxiter": 500, "gtol": 1e-05, "xrtol": 1e-10, "eps": 1e-10, "duration": 0.06153988838195801, "fun": "0.090962743761142", "jac": "[ 7.77156053e-06 -8.88178346e-06 -2.22044587e-06 -1.11022293e-06\n -1.11022293e-06 -5.55111466e-06]", "hess_inv": "[[ 2.8904194   0.34429876 -1.87530668  1.12302911  0.03740619 -0.32399327]\n [ 0.34429876  3.1938853   0.12624389  0.20310561  0.77093993 -1.86217883]\n [-1.87530668  0.12624389  7.69656768 -1.73351625 -2.24810444  0.81981762]\n [ 1.12302911  0.20310561 -1.73351625  3.02458116  0.92937551 -0.56411927]\n [ 0.03740619  0.77093993 -2.24810444  0.92937551  4.62879829 -3.02873345]\n [-0.32399327 -1.86217883  0.81981762 -0.56411927 -3.02873345  6.88065976]]", "nfev": "189", "njev": "27", "status": "0", "success": "True", "message": "Optimization terminated successfully.", "x": "[ 4.67133555 -1.6128676   8.64251857  1.11823427  4.72050923  3.71597768]", "nit": "24", "callback": [0.7084305625491402, 0.64556200571224, 0.6027634989173731, 0.5254139836348294, 0.42953205893406, 0.380752843690741, 0.29346600695584635, 0.25367415248906566, 0.21159979992190636, 0.1445514230006737, 0.11405238891807601, 0.09629169734529897, 0.09296330872796355, 0.0919002524521968, 0.09127381278500413, 0.09106508481564102, 0.09097620101454251, 0.09096422558241057, 0.0909630442029209, 0.09096295291821477, 0.09096287525904168, 0.0909627815664521, 0.09096274908795221, 0.090962743761142]}, "12": {"maxiter": 500, "gtol": 1e-10, "xrtol": 1e-05, "eps": 1e-05, "duration": 0.0628929138183