{"date": "2024/10/08/, 21:10:01", "conf_id": 30, "data_type": "random\n", "num_data_points": 2, "s_rank": 0, "unitary": "[[-0.45070455-0.02711853j,0.78437395-0.06613086j,0.06358678+0.19963393j,-0.07343613+0.35668523j],[-0.01890143-0.03813363j,0.32408202+0.25557629j,0.05872864-0.68979805j,0.55466693-0.20227297j],[-0.11215405+0.64023111j,-0.13344055+0.29565494j,-0.49012687-0.19046288j,-0.04241254+0.44046348j],[0.55771659+0.24656916j,0.31851997-0.05798805j,0.28761525-0.34294258j,-0.56718418+0.03616933j]]", "databatch_0": {"databatch": "[[[-0.0779512+0.17058044j,-0.2648647-0.02934216j,-0.05751179+0.14710999j,0.08781596+0.27454089j],[0.10279813+0.02315208j,-0.28872821-0.11699758j,-0.30792178+0.10987042j,0.14834643+0.11756917j],[-0.14125582-0.19919366j,-0.1373623+0.06774381j,-0.04063293+0.3209736j,-0.22335527-0.25204515j],[0.11212276-0.14854455j,0.11255005-0.10596502j,-0.15061384-0.12015637j,0.33704261+0.15644393j]],[[0.13334929-0.00945854j,-0.13555577+0.08033427j,0.25266927+0.027441j,-0.02407518-0.14516955j],[0.13743407+0.03762556j,-0.00757683-0.29500802j,0.28039991-0.09903875j,-0.09738428+0.23483749j],[-0.35529068-0.16965373j,0.25147201+0.00450129j,0.43608067+0.02872624j,0.33320977-0.12735869j],[0.03147809+0.0786476j,-0.09567823-0.19694754j,0.07721524-0.08056247j,0.05792725+0.05616959j]]]", "initial param values": "[1.12979024,1.51373691,2.69045495,5.97824755,3.35653017,5.6212011]", "nelder_mead": {"type": "gradient-free", "0": {"maxiter": 100, "fatol": 1e-05, "xatol": 1e-05, "duration": 0.045855045318603516, "fun": "0.5334415238947752", "nit": "100", "nfev": "151", "status": "2", "success": "False", "message": "Maximum number of iterations has been exceeded.", "x": "[1.99421347 0.90471881 1.63636701 2.4348207  4.0960044  6.15915154]", "final_simplex": "(array([[1.99421347, 0.90471881, 1.63636701, 2.4348207 , 4.0960044 ,\n        6.15915154],\n       [2.00067103, 0.85991761, 1.66529437, 2.63705048, 4.02220357,\n        6.37057769],\n       [2.09333273, 0.76203165, 1.58815375, 2.46251598, 4.14109407,\n        6.37214087],\n       [2.00308535, 0.90824105, 1.52049097, 2.55775967, 4.08385464,\n        6.39568593],\n       [2.13778617, 0.81002919, 1.2088343 , 2.26696005, 4.24377325,\n        6.22294374],\n       [2.12524619, 0.71615232, 1.50038154, 2.52525381, 4.22495867,\n        6.28450073],\n       [2.06458679, 0.80447429, 1.515038  , 2.67022211, 4.12208249,\n        6.32468111]]), array([0.53344152, 0.54777823, 0.54829255, 0.54940989, 0.54997036,\n       0.55021875, 0.55355692]))", "callback": [0.8615393531106764, 0.6299638336868096, 0.6196785037293507, 0.6071047809004911, 0.6024557981075029, 0.6013908984263157, 0.5982068330019494, 0.5904381612058857, 0.5679852594623893, 0.5482925512421312]}, "1": {"maxiter": 100, "fatol": 1e-05, "xatol": 1e-10, "duration": 0.039845943450927734, "fun": "0.5334415238947752", "nit": "100", "nfev": "151", "status": "2", "success": "False", "message": "Maximum number of iterations has been exceeded.", "x": "[1.99421347 0.90471881 1.63636701 2.4348207  4.0960044  6.15915154]", "final_simplex": "(array([[1.99421347, 0.90471881, 1.63636701, 2.4348207 , 4.0960044 ,\n        6.15915154],\n       [2.00067103, 0.85991761, 1.66529437, 2.63705048, 4.02220357,\n        6.37057769],\n       [2.09333273, 0.76203165, 1.58815375, 2.46251598, 4.14109407,\n        6.37214087],\n       [2.00308535, 0.90824105, 1.52049097, 2.55775967, 4.08385464,\n        6.39568593],\n       [2.13778617, 0.81002919, 1.2088343 , 2.26696005, 4.24377325,\n        6.22294374],\n       [2.12524619, 0.71615232, 1.50038154, 2.52525381, 4.22495867,\n        6.28450073],\n       [2.06458679, 0.80447429, 1.515038  , 2.67022211, 4.12208249,\n        6.32468111]]), array([0.53344152, 0.54777823, 0.54829255, 0.54940989, 0.54997036,\n       0.55021875, 0.55355692]))", "callback": [0.8615393531106764, 0.6299638336868096, 0.6196785037293507, 0.6071047809004911, 0.6024557981075029, 0.6013908984263157, 0.5982068330019494, 0.5904381612058857, 0.5679852594623893, 0.5482925512421312]}, "2": {"maxiter": 100, "fatol": 1e-10, "xatol": 1e-05, "duration": 0.04898500442504883, "fun": "0.5334415238947752", "nit": "100", "nfev": "151", "status": "2", "success": "False", "message": "Maximum number of iterations has been exceeded.", "x": "[1.99421347 0.90471881 1.63636701 2.4348207  4.0960044  6.15915154]", "final_simplex": "(array([[1.99421347, 0.90471881, 1.63636701, 2.4348207 , 4.0960044 ,\n        6.15915154],\n       [2.00067103, 0.85991761, 1.66529437, 2.63705048, 4.02220357,\n        6.37057769],\n       [2.09333273, 0.76203165, 1.58815375, 2.46251598, 4.14109407,\n        6.37214087],\n       [2.00308535, 0.90824105, 1.52049097, 2.55775967, 4.08385464,\n        6.39568593],\n       [2.13778617, 0.81002919, 1.2088343 , 2.26696005, 4.24377325,\n        6.22294374],\n       [2.12524619, 0.71615232, 1.50038154, 2.52525381, 4.22495867,\n        6.28450073],\n       [2.06458679, 0.80447429, 1.515038  , 2.67022211, 4.12208249,\n        6.32468111]]), array([0.53344152, 0.54777823, 0.54829255, 0.54940989, 0.54997036,\n       0.55021875, 0.55355692]))", "callback": [0.8615393531106764, 0.6299638336868096, 0.6196785037293507, 0.6071047809004911, 0.6024557981075029, 0.6013908984263157, 0.5982068330019494, 0.5904381612058857, 0.5679852594623893, 0.5482925512421312]}, "3": {"maxiter": 100, "fatol": 1e-10, "xatol": 1e-10, "duration": 0.04610300064086914, "fun": "0.5334415238947752", "nit": "100", "nfev": "151", "status": "2", "success": "False", "message": "Maximum number of iterations has been exceeded.", "x": "[1.99421347 0.90471881 1.63636701 2.4348207  4.0960044  6.15915154]", "final_simplex": "(array([[1.99421347, 0.90471881, 1.63636701, 2.4348207 , 4.0960044 ,\n        6.15915154],\n       [2.00067103, 0.85991761, 1.66529437, 2.63705048, 4.02220357,\n        6.37057769],\n       [2.09333273, 0.76203165, 1.58815375, 2.46251598, 4.14109407,\n        6.37214087],\n       [2.00308535, 0.90824105, 1.52049097, 2.55775967, 4.08385464,\n        6.39568593],\n       [2.13778617, 0.81002919, 1.2088343 , 2.26696005, 4.24377325,\n        6.22294374],\n       [2.12524619, 0.71615232, 1.50038154, 2.52525381, 4.22495867,\n        6.28450073],\n       [2.06458679, 0.80447429, 1.515038  , 2.67022211, 4.12208249,\n        6.32468111]]), array([0.53344152, 0.54777823, 0.54829255, 0.54940989, 0.54997036,\n       0.55021875, 0.55355692]))", "callback": [0.8615393531106764, 0.6299638336868096, 0.6196785037293507, 0.6071047809004911, 0.6024557981075029, 0.6013908984263157, 0.5982068330019494, 0.5904381612058857, 0.5679852594623893, 0.5482925512421312]}, "4": {"maxiter": 500, "fatol": 1e-05, "xatol": 1e-05, "duration": 0.24533295631408691, "fun": "0.3957386310957772", "nit": "500", "nfev": "764", "status": "2", "success": "False", "message": "Maximum number of iterations has been exceeded.", "x": "[1.34866137 1.06320902 0.46717637 1.72518539 4.09400357 5.1083106 ]", "final_simplex": "(array([[1.34866137, 1.06320902, 0.46717637, 1.72518539, 4.09400357,\n        5.1083106 ],\n       [1.34865098, 1.06314872, 0.46716061, 1.72512957, 4.09404721,\n        5.10831688],\n       [1.34864106, 1.0632291 , 0.46712788, 1.72509451, 4.09404566,\n        5.10832466],\n       [1.34861159, 1.06322737, 0.46713329, 1.72516567, 4.09403604,\n        5.10832942],\n       [1.34865384, 1.06320942, 0.46713705, 1.72512639, 4.0940298 ,\n        5.10835044],\n       [1.34862908, 1.06323531, 0.46704687, 1.72513832, 4.09401273,\n        5.10826505],\n       [1.34860507, 1.06326275, 0.4670776 , 1.72505508, 4.09396957,\n        5.10829272]]), array([0.39573863, 0.39573863, 0.39573863, 0.39573863, 0.39573863,\n       0.39573863, 0.39573863]))", "callback": [0.8615393531106764, 0.6299638336868096, 0.6196785037293507, 0.6071047809004911, 0.6024557981075029, 0.6013908984263157, 0.5982068330019494, 0.5904381612058857, 0.5679852594623893, 0.5482925512421312, 0.5334415238947752, 0.4990167387977472, 0.4635794399112838, 0.4574125108107254, 0.4555555049948523, 0.45395475097340365, 0.4531993291369646, 0.45257297236852323, 0.45161903036068307, 0.4507234893733538, 0.4502431669932695, 0.4499768574334193, 0.44988771732899013, 0.4498247177569805, 0.4497509345776727, 0.4496711784072661, 0.4494821305959784, 0.4492609247120475, 0.448822208504845, 0.44759014396494734, 0.4435260261537425, 0.43312922465147685, 0.41510678497747433, 0.39700931271128526, 0.396772301984327, 0.3961129060203281, 0.3958500193062757, 0.39577029184058554, 0.3957621677588662, 0.3957524119275688, 0.3957500333242704, 0.39574541237715555, 0.39574175411347823, 0.3957396821404132, 0.3957392166896282, 0.39573889729745215, 0.3957386577826041, 0.39573864381906965, 0.39573863371372375, 0.395738631920838]}, "5": {"maxiter": 500, "fatol": 1e-05, "xatol": 1e-10, "duration": 0.23816299438476562, "fun": "0.3957386310957772", "nit": "500", "nfev": "764", "status": "2", "success": "False", "message": "Maximum number of iterations has been exceeded.", "x": "[1.34866137 1.06320902 0.46717637 1.72518539 4.09400357 5.1083106 ]", "final_simplex": "(array([[1.34866137, 1.06320902, 0.46717637, 1.72518539, 4.09400357,\n        5.1083106 ],\n       [1.34865098, 1.06314872, 0.46716061, 1.72512957, 4.09404721,\n        5.10831688],\n       [1.34864106, 1.0632291 , 0.46712788, 1.72509451, 4.09404566,\n        5.10832466],\n       [1.34861159, 1.06322737, 0.46713329, 1.72516567, 4.09403604,\n        5.10832942],\n       [1.34865384, 1.06320942, 0.46713705, 1.72512639, 4.0940298 ,\n        5.10835044],\n       [1.34862908, 1.06323531, 0.46704687, 1.72513832, 4.09401273,\n        5.10826505],\n       [1.34860507, 1.06326275, 0.4670776 , 1.72505508, 4.09396957,\n        5.10829272]]), array([0.39573863, 0.39573863, 0.39573863, 0.39573863, 0.39573863,\n       0.39573863, 0.39573863]))", "callback": [0.8615393531106764, 0.6299638336868096, 0.6196785037293507, 0.6071047809004911, 0.6024557981075029, 0.6013908984263157, 0.5982068330019494, 0.5904381612058857, 0.5679852594623893, 0.5482925512421312, 0.5334415238947752, 0.4990167387977472, 0.4635794399112838, 0.4574125108107254, 0.4555555049948523, 0.45395475097340365, 0.4531993291369646, 0.45257297236852323, 0.45161903036068307, 0.4507234893733538, 0.4502431669932695, 0.4499768574334193, 0.44988771732899013, 0.4498247177569805, 0.4497509345776727, 0.4496711784072661, 0.4494821305959784, 0.4492609247120475, 0.448822208504845, 0.44759014396494734, 0.4435260261537425, 0.43312922465147685, 0.41510678497747433, 0.39700931271128526, 0.396772301984327, 0.3961129060203281, 0.3958500193062757, 0.39577029184058554, 0.3957621677588662, 0.3957524119275688, 0.3957500333242704, 0.39574541237715555, 0.39574175411347823, 0.3957396821404132, 0.3957392166896282, 0.39573889729745215, 0.3957386577826041, 0.39573864381906965, 0.39573863371372375, 0.395738631920838]}, "6": {"maxiter": 500, "fatol": 1e-10, "xatol": 1e-05, "duration": 0.23516106605529785, "fun": "0.3957386310957772", "nit": "500", "nfev": "764", "status": "2", "success": "False", "message": "Maximum number of iterations has been exceeded.", "x": "[1.34866137 1.06320902 0.46717637 1.72518539 4.09400357 5.1083106 ]", "final_simplex": "(array([[1.34866137, 1.06320902, 0.46717637, 1.72518539, 4.09400357,\n        5.1083106 ],\n       [1.34865098, 1.06314872, 0.46716061, 1.72512957, 4.09404721,\n        5.10831688],\n       [1.34864106, 1.0632291 , 0.46712788, 1.72509451, 4.09404566,\n        5.10832466],\n       [1.34861159, 1.06322737, 0.46713329, 1.72516567, 4.09403604,\n        5.10832942],\n       [1.34865384, 1.06320942, 0.46713705, 1.72512639, 4.0940298 ,\n        5.10835044],\n       [1.34862908, 1.06323531, 0.46704687, 1.72513832, 4.09401273,\n        5.10826505],\n       [1.34860507, 1.06326275, 0.4670776 , 1.72505508, 4.09396957,\n        5.10829272]]), array([0.39573863, 0.39573863, 0.39573863, 0.39573863, 0.39573863,\n       0.39573863, 0.39573863]))", "callback": [0.8615393531106764, 0.6299638336868096, 0.6196785037293507, 0.6071047809004911, 0.6024557981075029, 0.6013908984263157, 0.5982068330019494, 0.5904381612058857, 0.5679852594623893, 0.5482925512421312, 0.5334415238947752, 0.4990167387977472, 0.4635794399112838, 0.4574125108107254, 0.4555555049948523, 0.45395475097340365, 0.4531993291369646, 0.45257297236852323, 0.45161903036068307, 0.4507234893733538, 0.4502431669932695, 0.4499768574334193, 0.44988771732899013, 0.4498247177569805, 0.4497509345776727, 0.4496711784072661, 0.4494821305959784, 0.4492609247120475, 0.448822208504845, 0.44759014396494734, 0.4435260261537425, 0.43312922465147685, 0.41510678497747433, 0.39700931271128526, 0.396772301984327, 0.3961129060203281, 0.3958500193062757, 0.39577029184058554, 0.3957621677588662, 0.3957524119275688, 0.3957500333242704, 0.39574541237715555, 0.39574175411347823, 0.3957396821404132, 0.3957392166896282, 0.39573889729745215, 0.3957386577826041, 0.39573864381906965, 0.39573863371372375, 0.395738631920838]}, "7": {"maxiter": 500, "fatol": 1e-10, "xatol": 1e-10, "duration": 0.2276139259338379, "fun": "0.3957386310957772", "nit": "500", "nfev": "764", "status": "2", "success": "False", "message": "Maximum number of iterations has been exceeded.", "x": "[1.34866137 1.06320902 0.46717637 1.72518539 4.09400357 5.1083106 ]", "final_simplex": "(array([[1.34866137, 1.06320902, 0.46717637, 1.72518539, 4.09400357,\n        5.1083106 ],\n       [1.34865098, 1.06314872, 0.46716061, 1.72512957, 4.09404721,\n        5.10831688],\n       [1.34864106, 1.0632291 , 0.46712788, 1.72509451, 4.09404566,\n        5.10832466],\n       [1.34861159, 1.06322737, 0.46713329, 1.72516567, 4.09403604,\n        5.10832942],\n       [1.34865384, 1.06320942, 0.46713705, 1.72512639, 4.0940298 ,\n        5.10835044],\n       [1.34862908, 1.06323531, 0.46704687, 1.72513832, 4.09401273,\n        5.10826505],\n       [1.34860507, 1.06326275, 0.4670776 , 1.72505508, 4.09396957,\n        5.10829272]]), array([0.39573863, 0.39573863, 0.39573863, 0.39573863, 0.39573863,\n       0.39573863, 0.39573863]))", "callback": [0.8615393531106764, 0.6299638336868096, 0.6196785037293507, 0.6071047809004911, 0.6024557981075029, 0.6013908984263157, 0.5982068330019494, 0.5904381612058857, 0.5679852594623893, 0.5482925512421312, 0.5334415238947752, 0.4990167387977472, 0.4635794399112838, 0.4574125108107254, 0.4555555049948523, 0.45395475097340365, 0.4531993291369646, 0.45257297236852323, 0.45161903036068307, 0.4507234893733538, 0.4502431669932695, 0.4499768574334193, 0.44988771732899013, 0.4498247177569805, 0.4497509345776727, 0.4496711784072661, 0.4494821305959784, 0.4492609247120475, 0.448822208504845, 0.44759014396494734, 0.4435260261537425, 0.43312922465147685, 0.41510678497747433, 0.39700931271128526, 0.396772301984327, 0.3961129060203281, 0.3958500193062757, 0.39577029184058554, 0.3957621677588662, 0.3957524119275688, 0.3957500333242704, 0.39574541237715555, 0.39574175411347823, 0.3957396821404132, 0.3957392166896282, 0.39573889729745215, 0.3957386577826041, 0.39573864381906965, 0.39573863371372375, 0.395738631920838]}, "8": {"maxiter": 1000, "fatol": 1e-05, "xatol": 1e-05, "duration": 0.25939512252807617, "fun": "0.3957386300460415", "nit": "550", "nfev": "843", "status": "0", "success": "True", "message": "Optimization terminated successfully.", "x": "[1.34866684 1.06324088 0.4671268  1.72512014 4.09395534 5.10821842]", "final_simplex": "(array([[1.34866684, 1.06324088, 0.4671268 , 1.72512014, 4.09395534,\n        5.10821842],\n       [1.34866761, 1.06323689, 0.46713301, 1.72512543, 4.09395489,\n        5.10822072],\n       [1.34866731, 1.06323765, 0.46712428, 1.72512447, 4.09395281,\n        5.10821631],\n       [1.348664  , 1.06323889, 0.46712453, 1.7251225 , 4.09395294,\n        5.10821528],\n       [1.34866417, 1.06324301, 0.46712763, 1.72512607, 4.09394768,\n        5.10821524],\n       [1.34866522, 1.06323615, 0.46713369, 1.72512984, 4.09395867,\n        5.10822648],\n       [1.34866528, 1.06323274, 0.46712879, 1.72512192, 4.09395476,\n        5.10822237]]), array([0.39573863, 0.39573863, 0.39573863, 0.39573863, 0.39573863,\n       0.39573863, 0.39573863]))", "callback": [0.8615393531106764, 0.6299638336868096, 0.6196785037293507, 0.6071047809004911, 0.6024557981075029, 0.6013908984263157, 0.5982068330019494, 0.5904381612058857, 0.5679852594623893, 0.5482925512421312, 0.5334415238947752, 0.4990167387977472, 0.4635794399112838, 0.4574125108107254, 0.4555555049948523, 0.45395475097340365, 0.4531993291369646, 0.45257297236852323, 0.45161903036068307, 0.4507234893733538, 0.4502431669932695, 0.4499768574334193, 0.44988771732899013, 0.4498247177569805, 0.4497509345776727, 0.4496711784072661, 0.4494821305959784, 0.4492609247120475, 0.448822208504845, 0.44759014396494734, 0.4435260261537425, 0.43312922465147685, 0.41510678497747433, 0.39700931271128526, 0.396772301984327, 0.3961129060203281, 0.3958500193062757, 0.39577029184058554, 0.3957621677588662, 0.3957524119275688, 0.3957500333242704, 0.39574541237715555, 0.39574175411347823, 0.3957396821404132, 0.3957392166896282, 0.39573889729745215, 0.3957386577826041, 0.39573864381906965, 0.39573863371372375, 0.395738631920838, 0.3957386310957772, 0.3957386301630069, 0.3957386301476271, 0.39573863008965604, 0.39573863005263865]}, "9": {"maxiter": 1000, "fatol": 1e-05, "xatol": 1e-10, "duration": 0.3216102123260498, "fun": "0.3957386300438417", "nit": "652", "nfev": "1063", "status": "0", "success": "True", "message": "Optimization terminated successfully.", "x": "[1.34866751 1.06324089 0.46712761 1.72512403 4.09395403 5.10821805]", "final_simplex": "(array([[1.34866751, 1.06324089, 0.46712761, 1.72512403, 4.09395403,\n        5.10821805],\n       [1.34866751, 1.06324089, 0.46712761, 1.72512403, 4.09395403,\n        5.10821805],\n       [1.34866751, 1.06324089, 0.46712761, 1.72512403, 4.09395403,\n        5.10821805],\n       [1.34866751, 1.06324089, 0.46712761, 1.72512403, 4.09395403,\n        5.10821805],\n       [1.34866751, 1.06324089, 0.46712761, 1.72512403, 4.09395403,\n        5.10821805],\n       [1.34866751, 1.06324089, 0.46712761, 1.72512403, 4.09395403,\n        5.10821805],\n       [1.34866751, 1.06324089, 0.46712761, 1.72512403, 4.09395403,\n        5.10821805]]), array([0.39573863, 0.39573863, 0.39573863, 0.39573863, 0.39573863,\n       0.39573863, 0.39573863]))", "callback": [0.8615393531106764, 0.6299638336868096, 0.6196785037293507, 0.6071047809004911, 0.6024557981075029, 0.6013908984263157, 0.5982068330019494, 0.5904381612058857, 0.5679852594623893, 0.5482925512421312, 0.5334415238947752, 0.4990167387977472, 0.4635794399112838, 0.4574125108107254, 0.4555555049948523, 0.45395475097340365, 0.4531993291369646, 0.45257297236852323, 0.45161903036068307, 0.4507234893733538, 0.4502431669932695, 0.4499768574334193, 0.44988771732899013, 0.4498247177569805, 0.4497509345776727, 0.4496711784072661, 0.4494821305959784, 0.4492609247120475, 0.448822208504845, 0.44759014396494734, 0.4435260261537425, 0.43312922465147685, 0.41510678497747433, 0.39700931271128526, 0.396772301984327, 0.3961129060203281, 0.3958500193062757, 0.39577029184058554, 0.3957621677588662, 0.3957524119275688, 0.3957500333242704, 0.39574541237715555, 0.39574175411347823, 0.3957396821404132, 0.3957392166896282, 0.39573889729745215, 0.3957386577826041, 0.39573864381906965, 0.39573863371372375, 0.395738631920838, 0.3957386310957772, 0.3957386301630069, 0.3957386301476271, 0.39573863008965604, 0.39573863005263865, 0.3957386300460132, 0.39573863004429877, 0.3957386300439103, 0.39573863004386733, 0.3957386300438498, 0.39573863004384413, 0.3957386300438426, 0.3957386300438419, 0.3957386300438417, 0.3957386300438417, 0.3957386300438417]}, "10": {"maxiter": 1000, "fatol": 1e-10, "xatol": 1e-05, "duration": 0.25188493728637695, "fun": "0.3957386300460415", "nit": "550", "nfev": "843", "status": "0", "success": "True", "message": "Optimization terminated successfully.", "x": "[1.34866684 1.06324088 0.4671268  1.72512014 4.09395534 5.10821842]", "final_simplex": "(array([[1.34866684, 1.06324088, 0.4671268 , 1.72512014, 4.09395534,\n        5.10821842],\n       [1.34866761, 1.06323689, 0.46713301, 1.72512543, 4.09395489,\n        5.10822072],\n       [1.34866731, 1.06323765, 0.46712428, 1.72512447, 4.09395281,\n        5.10821631],\n       [1.348664  , 1.06323889, 0.46712453, 1.7251225 , 4.09395294,\n        5.10821528],\n       [1.34866417, 1.06324301, 0.46712763, 1.72512607, 4.09394768,\n        5.10821524],\n       [1.34866522, 1.06323615, 0.46713369, 1.72512984, 4.09395867,\n        5.10822648],\n       [1.34866528, 1.06323274, 0.46712879, 1.72512192, 4.09395476,\n        5.10822237]]), array([0.39573863, 0.39573863, 0.39573863, 0.39573863, 0.39573863,\n       0.39573863, 0.39573863]))", "callback": [0.8615393531106764, 0.6299638336868096, 0.6196785037293507, 0.6071047809004911, 0.6024557981075029, 0.6013908984263157, 0.5982068330019494, 0.5904381612058857, 0.5679852594623893, 0.5482925512421312, 0.5334415238947752, 0.4990167387977472, 0.4635794399112838, 0.4574125108107254, 0.4555555049948523, 0.45395475097340365, 0.4531993291369646, 0.45257297236852323, 0.45161903036068307, 0.4507234893733538, 0.4502431669932695, 0.4499768574334193, 0.44988771732899013, 0.4498247177569805, 0.4497509345776727, 0.4496711784072661, 0.4494821305959784, 0.4492609247120475, 0.448822208504845, 0.44759014396494734, 0.4435260261537425, 0.43312922465147685, 0.41510678497747433, 0.39700931271128526, 0.396772301984327, 0.3961129060203281, 0.3958500193062757, 0.39577029184058554, 0.3957621677588662, 0.3957524119275688, 0.3957500333242704, 0.39574541237715555, 0.39574175411347823, 0.3957396821404132, 0.3957392166896282, 0.39573889729745215, 0.3957386577826041, 0.39573864381906965, 0.39573863371372375, 0.395738631920838, 0.3957386310957772, 0.3957386301630069, 0.3957386301476271, 0.39573863008965604, 0.39573863005263865]}, "11": {"maxiter": 1000, "fatol": 1e-10, "xatol": 1e-10, "duration": 0.31803083419799805, "fun": "0.3957386300438417", "nit": "652", "nfev": "1063", "status": "0", "success": "True", "message": "Optimization terminated successfully.", "x": "[1.34866751 1.06324089 0.46712761 1.72512403 4.09395403 5.10821805]", "final_simplex": "(array([[1.34866751, 1.06324089, 0.46712761, 1.72512403, 4.09395403,\n        5.10821805],\n       [1.34866751, 1.06324089, 0.46712761, 1.72512403, 4.09395403,\n        5.10821805],\n       [1.34866751, 1.06324089, 0.46712761, 1.72512403, 4.09395403,\n        5.10821805],\n       [1.34866751, 1.06324089, 0.46712761, 1.72512403, 4.09395403,\n        5.10821805],\n       [1.34866751, 1.06324089, 0.46712761, 1.72512403, 4.09395403,\n        5.10821805],\n       [1.34866751, 1.06324089, 0.46712761, 1.72512403, 4.09395403,\n        5.10821805],\n       [1.34866751, 1.06324089, 0.46712761, 1.72512403, 4.09395403,\n        5.10821805]]), array([0.39573863, 0.39573863, 0.39573863, 0.39573863, 0.39573863,\n       0.39573863, 0.39573863]))", "callback": [0.8615393531106764, 0.6299638336868096, 0.6196785037293507, 0.6071047809004911, 0.6024557981075029, 0.6013908984263157, 0.5982068330019494, 0.5904381612058857, 0.5679852594623893, 0.5482925512421312, 0.5334415238947752, 0.4990167387977472, 0.4635794399112838, 0.4574125108107254, 0.4555555049948523, 0.45395475097340365, 0.4531993291369646, 0.45257297236852323, 0.45161903036068307, 0.4507234893733538, 0.4502431669932695, 0.4499768574334193, 0.44988771732899013, 0.4498247177569805, 0.4497509345776727, 0.4496711784072661, 0.4494821305959784, 0.4492609247120475, 0.448822208504845, 0.44759014396494734, 0.4435260261537425, 0.43312922465147685, 0.41510678497747433, 0.39700931271128526, 0.396772301984327, 0.3961129060203281, 0.3958500193062757, 0.39577029184058554, 0.3957621677588662, 0.3957524119275688, 0.3957500333242704, 0.39574541237715555, 0.39574175411347823, 0.3957396821404132, 0.3957392166896282, 0.39573889729745215, 0.3957386577826041, 0.39573864381906965, 0.39573863371372375, 0.395738631920838, 0.3957386310957772, 0.3957386301630069, 0.3957386301476271, 0.39573863008965604, 0.39573863005263865, 0.3957386300460132, 0.39573863004429877, 0.3957386300439103, 0.39573863004386733, 0.3957386300438498, 0.39573863004384413, 0.3957386300438426, 0.3957386300438419, 0.3957386300438417, 0.3957386300438417, 0.3957386300438417]}}, "bfgs": {"type": "gradient", "0": {"maxiter": 100, "gtol": 1e-05, "xrtol": 1e-05, "eps": 1e-05, "duration": 0.06348896026611328, "fun": "0.5365085556741643", "jac": "[-1.49168455e-06  5.85809179e-07  3.29346550e-06  1.47833967e-06\n -9.10127529e-07  1.02251541e-08]", "hess_inv": "[[ 5.64117121 -1.01746259 -1.27201051 -0.1151174  -1.55060394 -3.63339886]\n [-1.01746259  4.98848082  0.4271651  -1.28732321  0.30876066  2.15521925]\n [-1.27201051  0.4271651  18.63034966 10.02434672 -1.8234755  12.49471   ]\n [-0.1151174  -1.28732321 10.02434672 10.98418571 -1.1717148   5.64762786]\n [-1.55060394  0.30876066 -1.8234755  -1.1717148   7.41737778  3.10310964]\n [-3.63339886  2.15521925 12.49471     5.64762786  3.10310964 17.18180856]]", "nfev": "189", "njev": "27", "status": "0", "success": "True", "message": "Optimization terminated successfully.", "x": "[1.60046418 0.80939317 3.28644938 4.18851144 2.01890674 5.52342221]", "nit": "24", "callback": [0.7878379612830444, 0.7195077891530552, 0.6669121513639341, 0.5937318469868178, 0.5756451593042355, 0.5644727716526381, 0.5541551842463692, 0.5518069206737786, 0.5477025962464922, 0.5415676620018697, 0.5382099188493896, 0.537083739744292, 0.5367208275582331, 0.5366352497604876, 0.5365289074681694, 0.5365170778083306, 0.5365160783242442, 0.5365153715938173, 0.5365141647525072, 0.5365121763738125, 0.5365096024565363, 0.536508799849624, 0.5365085655897647, 0.5365085556741643]}, "1": {"maxiter": 100, "gtol": 1e-05, "xrtol": 1e-05, "eps": 1e-10, "duration": 0.05834531784057617, "fun": "0.5365085557382705", "jac": "[-2.22044587e-06  0.00000000e+00  2.22044587e-06  0.00000000e+00\n -2.22044587e-06  0.00000000e+00]", "hess_inv": "[[ 5.62737183 -1.01361639 -1.29263566 -0.11939876 -1.56885267 -3.65482613]\n [-1.01361639  4.98581254  0.47307284 -1.25779518  0.32677755  2.19442437]\n [-1.29263566  0.47307284 18.57591     9.92240861 -1.79325645 12.38319343]\n [-0.11939876 -1.25779518  9.92240861 10.85560993 -1.16946936  5.51891006]\n [-1.56885267  0.32677755 -1.79325645 -1.16946936  7.43818043  3.12360224]\n [-3.65482613  2.19442437 12.38319343  5.51891006  3.12360224 17.03524509]]", "nfev": "189", "njev": "27", "status": "0", "success": "True", "message": "Optimization terminated successfully.", "x": "[1.60046583 0.80939594 3.28647037 4.18852561 2.01889854 5.52343351]", "nit": "24", "callback": [0.7878369665294365, 0.7195066947600793, 0.6669114168961043, 0.593730476389164, 0.5756443171801181, 0.5644724699757538, 0.5541557909835122, 0.5518074033046885, 0.5477029199950294, 0.5415674346873554, 0.5382094750284644, 0.5370835624635798, 0.5367207792395174, 0.5366351823498029, 0.5365288518700699, 0.5365170490581558, 0.5365160508541454, 0.5365153430101541, 0.5365141371192352, 0.536512150271173, 0.5365095982733636, 0.536508799049037, 0.536508567394603, 0.5365085557382705]}, "2": {"maxiter": 100, "gtol": 1e-05, "xrtol": 1e-10, "eps": 1e-05, "duration": 0.05675506591796875, "fun": "0.5365085556741643", "jac": "[-1.49168455e-06  5.85809179e-07  3.29346550e-06  1.47833967e-06\n -9.10127529e-07  1.02251541e-08]", "hess_inv": "[[ 5.64117121 -1.01746259 -1.27201051 -0.1151174  -1.55060394 -3.63339886]\n [-1.01746259  4.98848082  0.4271651  -1.28732321  0.30876066  2.15521925]\n [-1.27201051  0.4271651  18.63034966 10.02434672 -1.8234755  12.49471   ]\n [-0.1151174  -1.28732321 10.02434672 10.98418571 -1.1717148   5.64762786]\n [-1.55060394  0.30876066 -1.8234755  -1.1717148   7.41737778  3.10310964]\n [-3.63339886  2.15521925 12.49471     5.64762786  3.10310964 17.18180856]]", "nfev": "189", "njev": "27", "status": "0", "success": "True", "message": "Optimization terminated successfully.", "x": "[1.60046418 0.80939317 3.28644938 4.18851144 2.01890674 5.52342221]", "nit": "24", "callback": [0.7878379612830444, 0.7195077891530552, 0.6669121513639341, 0.5937318469868178, 0.5756451593042355, 0.5644727716526381, 0.5541551842463692, 0.5518069206737786, 0.5477025962464922, 0.5415676620018697, 0.5382099188493896, 0.537083739744292, 0.5367208275582331, 0.5366352497604876, 0.5365289074681694, 0.5365170778083306, 0.5365160783242442, 0.5365153715938173, 0.5365141647525072, 0.5365121763738125, 0.5365096024565363, 0.536508799849624, 0.5365085655897647, 0.5365085556741643]}, "3": {"maxiter": 100, "gtol": 1e-05, "xrtol": 1e-10, "eps": 1e-10, "duration": 0.06254386901855469, "fun": "0.5365085557382705", "jac": "[-2.22044587e-06  0.00000000e+00  2.22044587e-06  0.00000000e+00\n -2.22044587e-06  0.00000000e+00]", "hess_inv": "[[ 5.62737183 -1.01361639 -1.29263566 -0.11939876 -1.56885267 -3.65482613]\n [-1.01361639  4.98581254  0.47307284 -1.25779518  0.32677755  2.19442437]\n [-1.29263566  0.47307284 18.57591     9.92240861 -1.79325645 12.38319343]\n [-0.11939876 -1.25779518  9.92240861 10.85560993 -1.16946936  5.51891006]\n [-1.56885267  0.32677755 -1.79325645 -1.16946936  7.43818043  3.12360224]\n [-3.65482613  2.19442437 12.38319343  5.51891006  3.12360224 17.03524509]]", "nfev": "189", "njev": "27", "status": "0", "success": "True", "message": "Optimization terminated successfully.", "x": "[1.60046583 0.80939594 3.28647037 4.18852561 2.01889854 5.52343351]", "nit": "24", "callback": [0.7878369665294365, 0.7195066947600793, 0.6669114168961043, 0.593730476389164, 0.5756443171801181, 0.5644724699757538, 0.5541557909835122, 0.5518074033046885, 0.5477029199950294, 0.5415674346873554, 0.5382094750284644, 0.5370835624635798, 0.5367207792395174, 0.5366351823498029, 0.5365288518700699, 0.5365170490581558, 0.5365160508541454, 0.5365153430101541, 0.5365141371192352, 0.536512150271173, 0.5365095982733636, 0.536508799049037, 0.536508567394603, 0.5365085557382705]}, "4": {"maxiter": 100, "gtol": 1e-10, "xrtol": 1e-05, "eps": 1e-05, "duration": 0.11333513259887695, "fun": "0.5365085556552833", "jac": "[ 1.77624582e-07 -2.12097007e-07 -1.10877973e-07  1.19171339e-07\n -2.75168777e-07  3.19222426e-07]", "hess_inv": "[[ 5.67332871 -1.00320688 -1.75580722 -0.43651275 -1.44810052 -3.98006863]\n [-1.00320688  4.95357917  0.57172216 -1.15023261  0.26306445  2.29353779]\n [-1.75580722  0.57172216 22.59065641 12.34589872 -2.51633833 15.06232325]\n [-0.43651275 -1.15023261 12.34589872 12.26784851 -1.55522416  7.0889085 ]\n [-1.44810052  0.26306445 -2.51633833 -1.55522416  7.52651533  2.67404019]\n [-3.98006863  2.29353779 15.06232325  7.0889085   2.67404019 18.7933131 ]]", "nfev": "362", "njev": "50", "status": "2", "success": "False", "message": "Desired error not necessarily achieved due to precision loss.", "x": "[1.60047888 0.80938803 3.28635536 4.18845413 2.0189204  5.52336033]", "nit": "25", "callback": [0.7878379612830444, 0.7195077891530552, 0.6669121513639341, 0.5937318469868178, 0.5756451593042355, 0.5644727716526381, 0.5541551842463692, 0.5518069206737786, 0.5477025962464922, 0.5415676620018697, 0.5382099188493896, 0.537083739744292, 0.5367208275582331, 0.5366352497604876, 0.5365289074681694, 0.5365170778083306, 0.5365160783242442, 0.5365153715938173, 0.5365141647525072, 0.5365121763738125, 0.5365096024565363, 0.536508799849624, 0.5365085655897647, 0.5365085556741643, 0.5365085556552833]}, "5": {"maxiter": 100, "gtol": 1e-10, "xrtol": 1e-05, "eps": 1e-10, "duration": 0.06699705123901367, "fun": "0.5365085556069122", "jac": "[1.11022293e-06 0.00000000e+00 1.11022293e-06 4.44089173e-06\n 0.00000000e+00 0.00000000e+00]", "hess_inv": "[[ 5.72629008 -1.04755003 -1.6873366  -0.31328752 -1.45571321 -3.87971603]\n [-1.04755003  4.97970985  0.61660724 -1.17231144  0.24747566  2.29122773]\n [-1.6873366   0.61660724 20.14710695 10.68736257 -2.22614285 13.27153341]\n [-0.31328752 -1.17231144 10.68736257 11.21536681 -1.34794301  5.93869987]\n [-1.45571321  0.24747566 -2.22614285 -1.34794301  7.47519062  2.91123309]\n [-3.87971603  2.29122773 13.27153341  5.93869987  2.91123309 17.52475722]]", "nfev": "196", "njev": "28", "status": "0", "success": "True", "message": "Optimization terminated successfully.", "x": "[1.60047905 0.8093928  3.28641694 4.18849819 2.01891685 5.52340189]", "nit": "25", "callback": [0.7878369665294365, 0.7195066947600793, 0.6669114168961043, 0.593730476389164, 0.5756443171801181, 0.5644724699757538, 0.5541557909835122, 0.5518074033046885, 0.5477029199950294, 0.5415674346873554, 0.5382094750284644, 0.5370835624635798, 0.5367207792395174, 0.5366351823498029, 0.5365288518700699, 0.5365170490581558, 0.5365160508541454, 0.5365153430101541, 0.5365141371192352, 0.536512150271173, 0.5365095982733636, 0.536508799049037, 0.536508567394603, 0.5365085557382705, 0.5365085556069122]}, "6": {"maxiter": 100, "gtol": 1e-10, "xrtol": 1e-10, "eps": 1e-05, "duration": 0.10697698593139648, "fun": "0.5365085556552833", "jac": "[ 1.77624582e-07 -2.12097007e-07 -1.10877973e-07  1.19171339e-07\n -2.75168777e-07  3.19222426e-07]", "hess_inv": "[[ 5.67332871 -1.00320688 -1.75580722 -0.43651275 -1.44810052 -3.98006863]\n [-1.00320688  4.95357917  0.57172216 -1.15023261  0.26306445  2.29353779]\n [-1.75580722  0.57172216 22.59065641 12.34589872 -2.51633833 15.06232325]\n [-0.43651275 -1.15023261 12.34589872 12.26784851 -1.55522416  7.0889085 ]\n [-1.44810052  0.26306445 -2.51633833 -1.55522416  7.52651533  2.67404019]\n [-3.98006863  2.29353779 15.06232325  7.0889085   2.67404019 18.7933131 ]]", "nfev": "362", "njev": "50", "status": "2", "success": "False", "message": "Desired error not necessarily achieved due to precision loss.", "x": "[1.60047888 0.80938803 3.28635536 4.18845413 2.0189204  5.52336033]", "nit": "25", "callback": [0.7878379612830444, 0.7195077891530552, 0.6669121513639341, 0.5937318469868178, 0.5756451593042355, 0.5644727716526381, 0.5541551842463692, 0.5518069206737786, 0.5477025962464922, 0.5415676620018697, 0.5382099188493896, 0.537083739744292, 0.5367208275582331, 0.5366352497604876, 0.5365289074681694, 0.5365170778083306, 0.5365160783242442, 0.5365153715938173, 0.5365141647525072, 0.5365121763738125, 0.5365096024565363, 0.536508799849624, 0.5365085655897647, 0.5365085556741643, 0.5365085556552833]}, "7": {"maxiter": 100, "gtol": 1e-10, "xrtol": 1e-10, "eps": 1e-10, "duration": 0.06677603721618652, "fun": "0.5365085556003009", "jac": "[0. 0. 0. 0. 0. 0.]", "hess_inv": "[[ 3.57203838  0.47093374 -1.41132388 -0.94786572 -2.67638665 -3.255257  ]\n [ 0.47093374  5.21894548  1.50062795 -1.33209226  1.53035115  3.25516783]\n [-1.41132388  1.50062795  9.03009093  2.34854112  0.10600665  7.23961292]\n [-0.94786572 -1.33209226  2.34854112  1.67974882 -0.76264025  1.0888744 ]\n [-2.67638665  1.53035115  0.10600665 -0.76264025  6.63960673  4.80847792]\n [-3.255257    3.25516783  7.23961292  1.0888744   4.80847792 14.60453082]]", "nfev": "231", "njev": "33", "status": "0", "success": "True", "message": "Optimization terminated successfully.", "x": "[1.60048485 0.80939339 3.28639571 4.1884839  2.0189254  5.52339061]", "nit": "28", "callback": [0.7878369665294365, 0.7195066947600793, 0.6669114168961043, 0.593730476389164, 0.5756443171801181, 0.5644724699757538, 0.5541557909835122, 0.5518074033046885, 0.5477029199950294, 0.5415674346873554, 0.5382094750284644, 0.5370835624635798, 0.5367207792395174, 0.5366351823498029, 0.5365288518700699, 0.5365170490581558, 0.5365160508541454, 0.5365153430101541, 0.5365141371192352, 0.536512150271173, 0.5365095982733636, 0.536508799049037, 0.536508567394603, 0.5365085557382705, 0.5365085556069122, 0.5365085556018474, 0.5365085556011017, 0.5365085556003009]}, "8": {"maxiter": 500, "gtol": 1e-05, "xrtol": 1e-05, "eps": 1e-05, "duration": 0.057039737701416016, "fun": "0.5365085556741643", "jac": "[-1.49168455e-06  5.85809179e-07  3.29346550e-06  1.47833967e-06\n -9.10127529e-07  1.02251541e-08]", "hess_inv": "[[ 5.64117121 -1.01746259 -1.27201051 -0.1151174  -1.55060394 -3.63339886]\n [-1.01746259  4.98848082  0.4271651  -1.28732321  0.30876066  2.15521925]\n [-1.27201051  0.4271651  18.63034966 10.02434672 -1.8234755  12.49471   ]\n [-0.1151174  -1.28732321 10.02434672 10.98418571 -1.1717148   5.64762786]\n [-1.55060394  0.30876066 -1.8234755  -1.1717148   7.41737778  3.10310964]\n [-3.63339886  2.15521925 12.49471     5.64762786  3.10310964 17.18180856]]", "nfev": "189", "njev": "27", "status": "0", "success": "True", "message": "Optimization terminated successfully.", "x": "[1.60046418 0.80939317 3.28644938 4.18851144 2.01890674 5.52342221]", "nit": "24", "callback": [0.7878379612830444, 0.7195077891530552, 0.6669121513639341, 0.5937318469868178, 0.5756451593042355, 0.5644727716526381, 0.5541551842463692, 0.5518069206737786, 0.5477025962464922, 0.5415676620018697, 0.5382099188493896, 0.537083739744292, 0.5367208275582331, 0.5366352497604876, 0.5365289074681694, 0.5365170778083306, 0.5365160783242442, 0.5365153715938173, 0.5365141647525072, 0.5365121763738125, 0.5365096024565363, 0.536508799849624, 0.5365085655897647, 0.5365085556741643]}, "9": {"maxiter": 500, "gtol": 1e-05, "xrtol": 1e-05, "eps": 1e-10, "duration": 0.05315995216369629, "fun": "0.5365085557382705", "jac": "[-2.22044587e-06  0.00000000e+00  2.22044587e-06  0.00000000e+00\n -2.22044587e-06  0.00000000e+00]", "hess_inv": "[[ 5.62737183 -1.01361639 -1.29263566 -0.11939876 -1.56885267 -3.65482613]\n [-1.01361639  4.98581254  0.47307284 -1.25779518  0.32677755  2.19442437]\n [-1.29263566  0.47307284 18.57591     9.92240861 -1.79325645 12.38319343]\n [-0.11939876 -1.25779518  9.92240861 10.85560993 -1.16946936  5.51891006]\n [-1.56885267  0.32677755 -1.79325645 -1.16946936  7.43818043  3.12360224]\n [-3.65482613  2.19442437 12.38319343  5.51891006  3.12360224 17.03524509]]", "nfev": "189", "njev": "27", "status": "0", "success": "True", "message": "Optimization terminated successfully.", "x": "[1.60046583 0.80939594 3.28647037 4.18852561 2.01889854 5.52343351]", "nit": "24", "callback": [0.7878369665294365, 0.7195066947600793, 0.6669114168961043, 0.593730476389164, 0.5756443171801181, 0.5644724699757538, 0.5541557909835122, 0.5518074033046885, 0.5477029199950294, 0.5415674346873554, 0.5382094750284644, 0.5370835624635798, 0.5367207792395174, 0.5366351823498029, 0.5365288518700699, 0.5365170490581558, 0.5365160508541454, 0.5365153430101541, 0.5365141371192352, 0.536512150271173, 0.5365095982733636, 0.536508799049037, 0.536508567394603, 0.5365085557382705]}, "10": {"maxiter": 500, "gtol": 1e-05, "xrtol": 1e-10, "eps": 1e-05, "duration": 0.05120587348937988, "fun": "0.5365085556741643", "jac": "[-1.49168455e-06  5.85809179e-07  3.29346550e-06  1.47833967e-06\n -9.10127529e-07  1.02251541e-08]", "hess_inv": "[[ 5.64117121 -1.01746259 -1.27201051 -0.1151174  -1.55060394 -3.63339886]\n [-1.01746259  4.98848082  0.4271651  -1.28732321  0.30876066  2.15521925]\n [-1.27201051  0.4271651  18.63034966 10.02434672 -1.8234755  12.49471   ]\n [-0.1151174  -1.28732321 10.02434672 10.98418571 -1.1717148   5.64762786]\n [-1.55060394  0.30876066 -1.8234755  -1.1717148   7.41737778  3.10310964]\n [-3.63339886  2.15521925 12.49471     5.64762786  3.10310964 17.18180856]]", "nfev": "189", "njev": "27", "status": "0", "success": "True", "message": "Optimization terminated successfully.", "x": "[1.60046418 0.80939317 3.28644938 4.18851144 2.01890674 5.52342221]", "nit": "24", "callback": [0.7878379612830444, 0.7195077891530552, 0.6669121513639341, 0.5937318469868178, 0.5756451593042355, 0.5644727716526381, 0.5541551842463692, 0.5518069206737786, 0.5477025962464922, 0.5415676620018697, 0.5382099188493896, 0.537083739744292, 0.5367208275582331, 0.5366352497604876, 0.5365289074681694, 0.5365170778083306, 0.5365160783242442, 0.5365153715938173, 0.5365141647525072, 0.5365121763738125, 0.5365096024565363, 0.536508799849624, 0.5365085655897647, 0.5365085556741643]}, "11": {"maxiter": 500, "gtol": 1e-05, "xrtol": 1e-10, "eps": 1e-10, "duration": 0.05868697166442871, "fun": "0.5365085557382705", "j