{"date": "2024/10/08/, 17:31:55", "conf_id": 16, "data_type": "random\n", "num_data_points": 1, "s_rank": 0, "unitary": "[[-0.56303964-0.00798273j,-0.21670212-0.15784972j,-0.06047197-0.73952673j,-0.01438004+0.24552571j],[-0.06976756+0.23474685j,-0.01275565-0.5435098j,-0.02703657-0.08917885j,-0.08210486-0.79311774j],[-0.38559961+0.10714929j,0.5933431-0.2687392j,-0.24060861+0.29149289j,-0.45147719+0.26241743j],[-0.50180421+0.45931857j,-0.11617175+0.44134496j,0.49642745+0.22684508j,-0.08544628-0.15407063j]]", "databatch_0": {"databatch": "[[[-0.0614879+0.00321898j,0.04280336+0.10074511j,-0.29405908-0.0369363j,-0.17410045-0.18110969j],[0.16784124+0.22723763j,-0.33304912+0.28476402j,0.05144488-0.09289161j,-0.01366117+0.15559987j],[-0.06549786-0.07868375j,-0.03657885-0.23616318j,-0.25114759-0.18958824j,0.14527834+0.32905069j],[0.0899245-0.06833849j,-0.15307423-0.05119806j,-0.20134536-0.21892521j,-0.24932107-0.20089137j]]]", "initial param values": "[6.21712679,1.40581247,5.07943421,5.30104327,6.0942337,0.96459088]", "nelder_mead": {"type": "gradient-free", "0": {"maxiter": 100, "fatol": 1e-05, "xatol": 1e-05, "duration": 0.05951213836669922, "fun": "0.398500247233634", "nit": "100", "nfev": "153", "status": "2", "success": "False", "message": "Maximum number of iterations has been exceeded.", "x": "[ 9.32279254e+00 -6.44741853e-03  6.75662018e+00  2.15042047e+00\n  3.10071672e+00  1.94444756e+00]", "final_simplex": "(array([[ 9.32279254e+00, -6.44741853e-03,  6.75662018e+00,\n         2.15042047e+00,  3.10071672e+00,  1.94444756e+00],\n       [ 9.52043343e+00, -1.15196368e-01,  6.96274052e+00,\n         1.97527760e+00,  3.13854732e+00,  1.96440969e+00],\n       [ 9.40250901e+00, -5.62225415e-02,  6.67212345e+00,\n         2.05517746e+00,  3.08753956e+00,  2.00384053e+00],\n       [ 9.67596669e+00, -1.88954329e-01,  6.75377620e+00,\n         2.04264375e+00,  2.91355642e+00,  2.05055478e+00],\n       [ 9.66209532e+00, -1.85512346e-01,  6.94742841e+00,\n         1.94974688e+00,  3.17589921e+00,  1.97407230e+00],\n       [ 9.69405850e+00, -1.62807523e-01,  6.65298368e+00,\n         2.08713792e+00,  3.01680778e+00,  2.02501290e+00],\n       [ 9.56214884e+00, -1.20251643e-01,  7.06798652e+00,\n         1.66644214e+00,  3.06472738e+00,  1.98969941e+00]]), array([0.39850025, 0.40084886, 0.4010003 , 0.40744208, 0.40915904,\n       0.41263411, 0.41971101]))", "callback": [0.8934230884728587, 0.8266652486321405, 0.7971703738118644, 0.7856838324980123, 0.7672758433385646, 0.7607075874951029, 0.7460549846823877, 0.7258607959790523, 0.48033756010720896, 0.412634106200382]}, "1": {"maxiter": 100, "fatol": 1e-05, "xatol": 1e-10, "duration": 0.04421710968017578, "fun": "0.398500247233634", "nit": "100", "nfev": "153", "status": "2", "success": "False", "message": "Maximum number of iterations has been exceeded.", "x": "[ 9.32279254e+00 -6.44741853e-03  6.75662018e+00  2.15042047e+00\n  3.10071672e+00  1.94444756e+00]", "final_simplex": "(array([[ 9.32279254e+00, -6.44741853e-03,  6.75662018e+00,\n         2.15042047e+00,  3.10071672e+00,  1.94444756e+00],\n       [ 9.52043343e+00, -1.15196368e-01,  6.96274052e+00,\n         1.97527760e+00,  3.13854732e+00,  1.96440969e+00],\n       [ 9.40250901e+00, -5.62225415e-02,  6.67212345e+00,\n         2.05517746e+00,  3.08753956e+00,  2.00384053e+00],\n       [ 9.67596669e+00, -1.88954329e-01,  6.75377620e+00,\n         2.04264375e+00,  2.91355642e+00,  2.05055478e+00],\n       [ 9.66209532e+00, -1.85512346e-01,  6.94742841e+00,\n         1.94974688e+00,  3.17589921e+00,  1.97407230e+00],\n       [ 9.69405850e+00, -1.62807523e-01,  6.65298368e+00,\n         2.08713792e+00,  3.01680778e+00,  2.02501290e+00],\n       [ 9.56214884e+00, -1.20251643e-01,  7.06798652e+00,\n         1.66644214e+00,  3.06472738e+00,  1.98969941e+00]]), array([0.39850025, 0.40084886, 0.4010003 , 0.40744208, 0.40915904,\n       0.41263411, 0.41971101]))", "callback": [0.8934230884728587, 0.8266652486321405, 0.7971703738118644, 0.7856838324980123, 0.7672758433385646, 0.7607075874951029, 0.7460549846823877, 0.7258607959790523, 0.48033756010720896, 0.412634106200382]}, "2": {"maxiter": 100, "fatol": 1e-10, "xatol": 1e-05, "duration": 0.04735302925109863, "fun": "0.398500247233634", "nit": "100", "nfev": "153", "status": "2", "success": "False", "message": "Maximum number of iterations has been exceeded.", "x": "[ 9.32279254e+00 -6.44741853e-03  6.75662018e+00  2.15042047e+00\n  3.10071672e+00  1.94444756e+00]", "final_simplex": "(array([[ 9.32279254e+00, -6.44741853e-03,  6.75662018e+00,\n         2.15042047e+00,  3.10071672e+00,  1.94444756e+00],\n       [ 9.52043343e+00, -1.15196368e-01,  6.96274052e+00,\n         1.97527760e+00,  3.13854732e+00,  1.96440969e+00],\n       [ 9.40250901e+00, -5.62225415e-02,  6.67212345e+00,\n         2.05517746e+00,  3.08753956e+00,  2.00384053e+00],\n       [ 9.67596669e+00, -1.88954329e-01,  6.75377620e+00,\n         2.04264375e+00,  2.91355642e+00,  2.05055478e+00],\n       [ 9.66209532e+00, -1.85512346e-01,  6.94742841e+00,\n         1.94974688e+00,  3.17589921e+00,  1.97407230e+00],\n       [ 9.69405850e+00, -1.62807523e-01,  6.65298368e+00,\n         2.08713792e+00,  3.01680778e+00,  2.02501290e+00],\n       [ 9.56214884e+00, -1.20251643e-01,  7.06798652e+00,\n         1.66644214e+00,  3.06472738e+00,  1.98969941e+00]]), array([0.39850025, 0.40084886, 0.4010003 , 0.40744208, 0.40915904,\n       0.41263411, 0.41971101]))", "callback": [0.8934230884728587, 0.8266652486321405, 0.7971703738118644, 0.7856838324980123, 0.7672758433385646, 0.7607075874951029, 0.7460549846823877, 0.7258607959790523, 0.48033756010720896, 0.412634106200382]}, "3": {"maxiter": 100, "fatol": 1e-10, "xatol": 1e-10, "duration": 0.048090219497680664, "fun": "0.398500247233634", "nit": "100", "nfev": "153", "status": "2", "success": "False", "message": "Maximum number of iterations has been exceeded.", "x": "[ 9.32279254e+00 -6.44741853e-03  6.75662018e+00  2.15042047e+00\n  3.10071672e+00  1.94444756e+00]", "final_simplex": "(array([[ 9.32279254e+00, -6.44741853e-03,  6.75662018e+00,\n         2.15042047e+00,  3.10071672e+00,  1.94444756e+00],\n       [ 9.52043343e+00, -1.15196368e-01,  6.96274052e+00,\n         1.97527760e+00,  3.13854732e+00,  1.96440969e+00],\n       [ 9.40250901e+00, -5.62225415e-02,  6.67212345e+00,\n         2.05517746e+00,  3.08753956e+00,  2.00384053e+00],\n       [ 9.67596669e+00, -1.88954329e-01,  6.75377620e+00,\n         2.04264375e+00,  2.91355642e+00,  2.05055478e+00],\n       [ 9.66209532e+00, -1.85512346e-01,  6.94742841e+00,\n         1.94974688e+00,  3.17589921e+00,  1.97407230e+00],\n       [ 9.69405850e+00, -1.62807523e-01,  6.65298368e+00,\n         2.08713792e+00,  3.01680778e+00,  2.02501290e+00],\n       [ 9.56214884e+00, -1.20251643e-01,  7.06798652e+00,\n         1.66644214e+00,  3.06472738e+00,  1.98969941e+00]]), array([0.39850025, 0.40084886, 0.4010003 , 0.40744208, 0.40915904,\n       0.41263411, 0.41971101]))", "callback": [0.8934230884728587, 0.8266652486321405, 0.7971703738118644, 0.7856838324980123, 0.7672758433385646, 0.7607075874951029, 0.7460549846823877, 0.7258607959790523, 0.48033756010720896, 0.412634106200382]}, "4": {"maxiter": 500, "fatol": 1e-05, "xatol": 1e-05, "duration": 0.2501261234283447, "fun": "0.3380915979697653", "nit": "486", "nfev": "756", "status": "0", "success": "True", "message": "Optimization terminated successfully.", "x": "[ 8.83470598 -1.62107833  5.31896837  2.12345756  2.92451865  2.01209204]", "final_simplex": "(array([[ 8.83470598, -1.62107833,  5.31896837,  2.12345756,  2.92451865,\n         2.01209204],\n       [ 8.83470816, -1.62106896,  5.31897204,  2.12346239,  2.92451524,\n         2.01208896],\n       [ 8.8347071 , -1.62107373,  5.31897041,  2.12345872,  2.92451658,\n         2.01209364],\n       [ 8.83470902, -1.62107706,  5.31896619,  2.12345382,  2.92451536,\n         2.01209159],\n       [ 8.83470992, -1.62108061,  5.31896642,  2.12345752,  2.92451961,\n         2.01209216],\n       [ 8.83470782, -1.62108436,  5.31895913,  2.12345757,  2.92452157,\n         2.01209504],\n       [ 8.83470824, -1.62108667,  5.31895906,  2.12345867,  2.92451612,\n         2.01209224]]), array([0.3380916, 0.3380916, 0.3380916, 0.3380916, 0.3380916, 0.3380916,\n       0.3380916]))", "callback": [0.8934230884728587, 0.8266652486321405, 0.7971703738118644, 0.7856838324980123, 0.7672758433385646, 0.7607075874951029, 0.7460549846823877, 0.7258607959790523, 0.48033756010720896, 0.412634106200382, 0.398500247233634, 0.3943455395337111, 0.39291016046327387, 0.39246144988558285, 0.3922009955572101, 0.39185158186147495, 0.39169710353728315, 0.391622881208334, 0.3914774189130271, 0.390791939262777, 0.38758779821677025, 0.37743116887902006, 0.3746148618093894, 0.3708532418218704, 0.36840169660819133, 0.3652452473596084, 0.3644001403550251, 0.36390365945165637, 0.36369358013872766, 0.3628864524773169, 0.36075473373217326, 0.35809491741562827, 0.35569615817973843, 0.3532772390785883, 0.34749526053128044, 0.3393662366171758, 0.3386376781564311, 0.33815501323414887, 0.33812640963539664, 0.3380951416898025, 0.3380922997024749, 0.3380919357221409, 0.338091625966615, 0.33809160614444445, 0.3380915985487466, 0.338091598090947, 0.3380915980051703, 0.33809159798605637, 0.3380915979724777]}, "5": {"maxiter": 500, "fatol": 1e-05, "xatol": 1e-10, "duration": 0.23201203346252441, "fun": "0.33809159796849575", "nit": "500", "nfev": "776", "status": "2", "success": "False", "message": "Maximum number of iterations has been exceeded.", "x": "[ 8.83470626 -1.62107095  5.31897268  2.12345967  2.92451826  2.01208945]", "final_simplex": "(array([[ 8.83470626, -1.62107095,  5.31897268,  2.12345967,  2.92451826,\n         2.01208945],\n       [ 8.83470622, -1.62107753,  5.31896715,  2.1234575 ,  2.92451639,\n         2.01209129],\n       [ 8.8347068 , -1.62106956,  5.31897499,  2.12345976,  2.92451575,\n         2.01208847],\n       [ 8.83470835, -1.62107553,  5.31896895,  2.12345659,  2.92451723,\n         2.01209043],\n       [ 8.83470598, -1.62107833,  5.31896837,  2.12345756,  2.92451865,\n         2.01209204],\n       [ 8.83470704, -1.62107773,  5.31896766,  2.12345941,  2.92451804,\n         2.01208869],\n       [ 8.83470779, -1.6210705 ,  5.31897247,  2.12346082,  2.92451665,\n         2.01208994]]), array([0.3380916, 0.3380916, 0.3380916, 0.3380916, 0.3380916, 0.3380916,\n       0.3380916]))", "callback": [0.8934230884728587, 0.8266652486321405, 0.7971703738118644, 0.7856838324980123, 0.7672758433385646, 0.7607075874951029, 0.7460549846823877, 0.7258607959790523, 0.48033756010720896, 0.412634106200382, 0.398500247233634, 0.3943455395337111, 0.39291016046327387, 0.39246144988558285, 0.3922009955572101, 0.39185158186147495, 0.39169710353728315, 0.391622881208334, 0.3914774189130271, 0.390791939262777, 0.38758779821677025, 0.37743116887902006, 0.3746148618093894, 0.3708532418218704, 0.36840169660819133, 0.3652452473596084, 0.3644001403550251, 0.36390365945165637, 0.36369358013872766, 0.3628864524773169, 0.36075473373217326, 0.35809491741562827, 0.35569615817973843, 0.3532772390785883, 0.34749526053128044, 0.3393662366171758, 0.3386376781564311, 0.33815501323414887, 0.33812640963539664, 0.3380951416898025, 0.3380922997024749, 0.3380919357221409, 0.338091625966615, 0.33809160614444445, 0.3380915985487466, 0.338091598090947, 0.3380915980051703, 0.33809159798605637, 0.3380915979724777, 0.3380915979697653]}, "6": {"maxiter": 500, "fatol": 1e-10, "xatol": 1e-05, "duration": 0.24565815925598145, "fun": "0.3380915979697653", "nit": "486", "nfev": "756", "status": "0", "success": "True", "message": "Optimization terminated successfully.", "x": "[ 8.83470598 -1.62107833  5.31896837  2.12345756  2.92451865  2.01209204]", "final_simplex": "(array([[ 8.83470598, -1.62107833,  5.31896837,  2.12345756,  2.92451865,\n         2.01209204],\n       [ 8.83470816, -1.62106896,  5.31897204,  2.12346239,  2.92451524,\n         2.01208896],\n       [ 8.8347071 , -1.62107373,  5.31897041,  2.12345872,  2.92451658,\n         2.01209364],\n       [ 8.83470902, -1.62107706,  5.31896619,  2.12345382,  2.92451536,\n         2.01209159],\n       [ 8.83470992, -1.62108061,  5.31896642,  2.12345752,  2.92451961,\n         2.01209216],\n       [ 8.83470782, -1.62108436,  5.31895913,  2.12345757,  2.92452157,\n         2.01209504],\n       [ 8.83470824, -1.62108667,  5.31895906,  2.12345867,  2.92451612,\n         2.01209224]]), array([0.3380916, 0.3380916, 0.3380916, 0.3380916, 0.3380916, 0.3380916,\n       0.3380916]))", "callback": [0.8934230884728587, 0.8266652486321405, 0.7971703738118644, 0.7856838324980123, 0.7672758433385646, 0.7607075874951029, 0.7460549846823877, 0.7258607959790523, 0.48033756010720896, 0.412634106200382, 0.398500247233634, 0.3943455395337111, 0.39291016046327387, 0.39246144988558285, 0.3922009955572101, 0.39185158186147495, 0.39169710353728315, 0.391622881208334, 0.3914774189130271, 0.390791939262777, 0.38758779821677025, 0.37743116887902006, 0.3746148618093894, 0.3708532418218704, 0.36840169660819133, 0.3652452473596084, 0.3644001403550251, 0.36390365945165637, 0.36369358013872766, 0.3628864524773169, 0.36075473373217326, 0.35809491741562827, 0.35569615817973843, 0.3532772390785883, 0.34749526053128044, 0.3393662366171758, 0.3386376781564311, 0.33815501323414887, 0.33812640963539664, 0.3380951416898025, 0.3380922997024749, 0.3380919357221409, 0.338091625966615, 0.33809160614444445, 0.3380915985487466, 0.338091598090947, 0.3380915980051703, 0.33809159798605637, 0.3380915979724777]}, "7": {"maxiter": 500, "fatol": 1e-10, "xatol": 1e-10, "duration": 0.23779988288879395, "fun": "0.33809159796849575", "nit": "500", "nfev": "776", "status": "2", "success": "False", "message": "Maximum number of iterations has been exceeded.", "x": "[ 8.83470626 -1.62107095  5.31897268  2.12345967  2.92451826  2.01208945]", "final_simplex": "(array([[ 8.83470626, -1.62107095,  5.31897268,  2.12345967,  2.92451826,\n         2.01208945],\n       [ 8.83470622, -1.62107753,  5.31896715,  2.1234575 ,  2.92451639,\n         2.01209129],\n       [ 8.8347068 , -1.62106956,  5.31897499,  2.12345976,  2.92451575,\n         2.01208847],\n       [ 8.83470835, -1.62107553,  5.31896895,  2.12345659,  2.92451723,\n         2.01209043],\n       [ 8.83470598, -1.62107833,  5.31896837,  2.12345756,  2.92451865,\n         2.01209204],\n       [ 8.83470704, -1.62107773,  5.31896766,  2.12345941,  2.92451804,\n         2.01208869],\n       [ 8.83470779, -1.6210705 ,  5.31897247,  2.12346082,  2.92451665,\n         2.01208994]]), array([0.3380916, 0.3380916, 0.3380916, 0.3380916, 0.3380916, 0.3380916,\n       0.3380916]))", "callback": [0.8934230884728587, 0.8266652486321405, 0.7971703738118644, 0.7856838324980123, 0.7672758433385646, 0.7607075874951029, 0.7460549846823877, 0.7258607959790523, 0.48033756010720896, 0.412634106200382, 0.398500247233634, 0.3943455395337111, 0.39291016046327387, 0.39246144988558285, 0.3922009955572101, 0.39185158186147495, 0.39169710353728315, 0.391622881208334, 0.3914774189130271, 0.390791939262777, 0.38758779821677025, 0.37743116887902006, 0.3746148618093894, 0.3708532418218704, 0.36840169660819133, 0.3652452473596084, 0.3644001403550251, 0.36390365945165637, 0.36369358013872766, 0.3628864524773169, 0.36075473373217326, 0.35809491741562827, 0.35569615817973843, 0.3532772390785883, 0.34749526053128044, 0.3393662366171758, 0.3386376781564311, 0.33815501323414887, 0.33812640963539664, 0.3380951416898025, 0.3380922997024749, 0.3380919357221409, 0.338091625966615, 0.33809160614444445, 0.3380915985487466, 0.338091598090947, 0.3380915980051703, 0.33809159798605637, 0.3380915979724777, 0.3380915979697653]}, "8": {"maxiter": 1000, "fatol": 1e-05, "xatol": 1e-05, "duration": 0.25339293479919434, "fun": "0.3380915979697653", "nit": "486", "nfev": "756", "status": "0", "success": "True", "message": "Optimization terminated successfully.", "x": "[ 8.83470598 -1.62107833  5.31896837  2.12345756  2.92451865  2.01209204]", "final_simplex": "(array([[ 8.83470598, -1.62107833,  5.31896837,  2.12345756,  2.92451865,\n         2.01209204],\n       [ 8.83470816, -1.62106896,  5.31897204,  2.12346239,  2.92451524,\n         2.01208896],\n       [ 8.8347071 , -1.62107373,  5.31897041,  2.12345872,  2.92451658,\n         2.01209364],\n       [ 8.83470902, -1.62107706,  5.31896619,  2.12345382,  2.92451536,\n         2.01209159],\n       [ 8.83470992, -1.62108061,  5.31896642,  2.12345752,  2.92451961,\n         2.01209216],\n       [ 8.83470782, -1.62108436,  5.31895913,  2.12345757,  2.92452157,\n         2.01209504],\n       [ 8.83470824, -1.62108667,  5.31895906,  2.12345867,  2.92451612,\n         2.01209224]]), array([0.3380916, 0.3380916, 0.3380916, 0.3380916, 0.3380916, 0.3380916,\n       0.3380916]))", "callback": [0.8934230884728587, 0.8266652486321405, 0.7971703738118644, 0.7856838324980123, 0.7672758433385646, 0.7607075874951029, 0.7460549846823877, 0.7258607959790523, 0.48033756010720896, 0.412634106200382, 0.398500247233634, 0.3943455395337111, 0.39291016046327387, 0.39246144988558285, 0.3922009955572101, 0.39185158186147495, 0.39169710353728315, 0.391622881208334, 0.3914774189130271, 0.390791939262777, 0.38758779821677025, 0.37743116887902006, 0.3746148618093894, 0.3708532418218704, 0.36840169660819133, 0.3652452473596084, 0.3644001403550251, 0.36390365945165637, 0.36369358013872766, 0.3628864524773169, 0.36075473373217326, 0.35809491741562827, 0.35569615817973843, 0.3532772390785883, 0.34749526053128044, 0.3393662366171758, 0.3386376781564311, 0.33815501323414887, 0.33812640963539664, 0.3380951416898025, 0.3380922997024749, 0.3380919357221409, 0.338091625966615, 0.33809160614444445, 0.3380915985487466, 0.338091598090947, 0.3380915980051703, 0.33809159798605637, 0.3380915979724777]}, "9": {"maxiter": 1000, "fatol": 1e-05, "xatol": 1e-10, "duration": 0.30640101432800293, "fun": "0.33809159796688937", "nit": "599", "nfev": "997", "status": "0", "success": "True", "message": "Optimization terminated successfully.", "x": "[ 8.83470463 -1.62107631  5.31896719  2.12345668  2.92451594  2.01208829]", "final_simplex": "(array([[ 8.83470463, -1.62107631,  5.31896719,  2.12345668,  2.92451594,\n         2.01208829],\n       [ 8.83470463, -1.62107631,  5.31896719,  2.12345668,  2.92451594,\n         2.01208829],\n       [ 8.83470463, -1.62107631,  5.31896719,  2.12345668,  2.92451594,\n         2.01208829],\n       [ 8.83470463, -1.62107631,  5.31896719,  2.12345668,  2.92451594,\n         2.01208829],\n       [ 8.83470463, -1.62107631,  5.31896719,  2.12345668,  2.92451594,\n         2.01208829],\n       [ 8.83470463, -1.62107631,  5.31896719,  2.12345668,  2.92451594,\n         2.01208829],\n       [ 8.83470463, -1.62107631,  5.31896719,  2.12345668,  2.92451594,\n         2.01208829]]), array([0.3380916, 0.3380916, 0.3380916, 0.3380916, 0.3380916, 0.3380916,\n       0.3380916]))", "callback": [0.8934230884728587, 0.8266652486321405, 0.7971703738118644, 0.7856838324980123, 0.7672758433385646, 0.7607075874951029, 0.7460549846823877, 0.7258607959790523, 0.48033756010720896, 0.412634106200382, 0.398500247233634, 0.3943455395337111, 0.39291016046327387, 0.39246144988558285, 0.3922009955572101, 0.39185158186147495, 0.39169710353728315, 0.391622881208334, 0.3914774189130271, 0.390791939262777, 0.38758779821677025, 0.37743116887902006, 0.3746148618093894, 0.3708532418218704, 0.36840169660819133, 0.3652452473596084, 0.3644001403550251, 0.36390365945165637, 0.36369358013872766, 0.3628864524773169, 0.36075473373217326, 0.35809491741562827, 0.35569615817973843, 0.3532772390785883, 0.34749526053128044, 0.3393662366171758, 0.3386376781564311, 0.33815501323414887, 0.33812640963539664, 0.3380951416898025, 0.3380922997024749, 0.3380919357221409, 0.338091625966615, 0.33809160614444445, 0.3380915985487466, 0.338091598090947, 0.3380915980051703, 0.33809159798605637, 0.3380915979724777, 0.3380915979697653, 0.33809159796849575, 0.3380915979673558, 0.3380915979671063, 0.3380915979669563, 0.33809159796690147, 0.3380915979668929, 0.33809159796689037, 0.3380915979668898, 0.3380915979668895, 0.3380915979668895]}, "10": {"maxiter": 1000, "fatol": 1e-10, "xatol": 1e-05, "duration": 0.23174715042114258, "fun": "0.3380915979697653", "nit": "486", "nfev": "756", "status": "0", "success": "True", "message": "Optimization terminated successfully.", "x": "[ 8.83470598 -1.62107833  5.31896837  2.12345756  2.92451865  2.01209204]", "final_simplex": "(array([[ 8.83470598, -1.62107833,  5.31896837,  2.12345756,  2.92451865,\n         2.01209204],\n       [ 8.83470816, -1.62106896,  5.31897204,  2.12346239,  2.92451524,\n         2.01208896],\n       [ 8.8347071 , -1.62107373,  5.31897041,  2.12345872,  2.92451658,\n         2.01209364],\n       [ 8.83470902, -1.62107706,  5.31896619,  2.12345382,  2.92451536,\n         2.01209159],\n       [ 8.83470992, -1.62108061,  5.31896642,  2.12345752,  2.92451961,\n         2.01209216],\n       [ 8.83470782, -1.62108436,  5.31895913,  2.12345757,  2.92452157,\n         2.01209504],\n       [ 8.83470824, -1.62108667,  5.31895906,  2.12345867,  2.92451612,\n         2.01209224]]), array([0.3380916, 0.3380916, 0.3380916, 0.3380916, 0.3380916, 0.3380916,\n       0.3380916]))", "callback": [0.8934230884728587, 0.8266652486321405, 0.7971703738118644, 0.7856838324980123, 0.7672758433385646, 0.7607075874951029, 0.7460549846823877, 0.7258607959790523, 0.48033756010720896, 0.412634106200382, 0.398500247233634, 0.3943455395337111, 0.39291016046327387, 0.39246144988558285, 0.3922009955572101, 0.39185158186147495, 0.39169710353728315, 0.391622881208334, 0.3914774189130271, 0.390791939262777, 0.38758779821677025, 0.37743116887902006, 0.3746148618093894, 0.3708532418218704, 0.36840169660819133, 0.3652452473596084, 0.3644001403550251, 0.36390365945165637, 0.36369358013872766, 0.3628864524773169, 0.36075473373217326, 0.35809491741562827, 0.35569615817973843, 0.3532772390785883, 0.34749526053128044, 0.3393662366171758, 0.3386376781564311, 0.33815501323414887, 0.33812640963539664, 0.3380951416898025, 0.3380922997024749, 0.3380919357221409, 0.338091625966615, 0.33809160614444445, 0.3380915985487466, 0.338091598090947, 0.3380915980051703, 0.33809159798605637, 0.3380915979724777]}, "11": {"maxiter": 1000, "fatol": 1e-10, "xatol": 1e-10, "duration": 0.31276798248291016, "fun": "0.33809159796688937", "nit": "599", "nfev": "997", "status": "0", "success": "True", "message": "Optimization terminated successfully.", "x": "[ 8.83470463 -1.62107631  5.31896719  2.12345668  2.92451594  2.01208829]", "final_simplex": "(array([[ 8.83470463, -1.62107631,  5.31896719,  2.12345668,  2.92451594,\n         2.01208829],\n       [ 8.83470463, -1.62107631,  5.31896719,  2.12345668,  2.92451594,\n         2.01208829],\n       [ 8.83470463, -1.62107631,  5.31896719,  2.12345668,  2.92451594,\n         2.01208829],\n       [ 8.83470463, -1.62107631,  5.31896719,  2.12345668,  2.92451594,\n         2.01208829],\n       [ 8.83470463, -1.62107631,  5.31896719,  2.12345668,  2.92451594,\n         2.01208829],\n       [ 8.83470463, -1.62107631,  5.31896719,  2.12345668,  2.92451594,\n         2.01208829],\n       [ 8.83470463, -1.62107631,  5.31896719,  2.12345668,  2.92451594,\n         2.01208829]]), array([0.3380916, 0.3380916, 0.3380916, 0.3380916, 0.3380916, 0.3380916,\n       0.3380916]))", "callback": [0.8934230884728587, 0.8266652486321405, 0.7971703738118644, 0.7856838324980123, 0.7672758433385646, 0.7607075874951029, 0.7460549846823877, 0.7258607959790523, 0.48033756010720896, 0.412634106200382, 0.398500247233634, 0.3943455395337111, 0.39291016046327387, 0.39246144988558285, 0.3922009955572101, 0.39185158186147495, 0.39169710353728315, 0.391622881208334, 0.3914774189130271, 0.390791939262777, 0.38758779821677025, 0.37743116887902006, 0.3746148618093894, 0.3708532418218704, 0.36840169660819133, 0.3652452473596084, 0.3644001403550251, 0.36390365945165637, 0.36369358013872766, 0.3628864524773169, 0.36075473373217326, 0.35809491741562827, 0.35569615817973843, 0.3532772390785883, 0.34749526053128044, 0.3393662366171758, 0.3386376781564311, 0.33815501323414887, 0.33812640963539664, 0.3380951416898025, 0.3380922997024749, 0.3380919357221409, 0.338091625966615, 0.33809160614444445, 0.3380915985487466, 0.338091598090947, 0.3380915980051703, 0.33809159798605637, 0.3380915979724777, 0.3380915979697653, 0.33809159796849575, 0.3380915979673558, 0.3380915979671063, 0.3380915979669563, 0.33809159796690147, 0.3380915979668929, 0.33809159796689037, 0.3380915979668898, 0.3380915979668895, 0.3380915979668895]}}, "bfgs": {"type": "gradient", "0": {"maxiter": 100, "gtol": 1e-05, "xrtol": 1e-05, "eps": 1e-05, "duration": 0.08263325691223145, "fun": "0.338091598121844", "jac": "[ 6.74814649e-06  1.92026395e-06 -1.38268286e-06  2.50948151e-06\n -1.26954003e-06  9.50139967e-07]", "hess_inv": "[[ 2.67626277 -0.22239649  0.18923487 -0.2883793   0.67855551  0.32322479]\n [-0.22239649 19.8601613  18.51090507 -8.46196042  0.32014512 -0.99680588]\n [ 0.18923487 18.51090507 20.12057544 -8.20990606  0.74811108 -0.18798375]\n [-0.2883793  -8.46196042 -8.20990606  6.91607078 -0.25890323  0.3612804 ]\n [ 0.67855551  0.32014512  0.74811108 -0.25890323  4.40406975  2.41980727]\n [ 0.32322479 -0.99680588 -0.18798375  0.3612804   2.41980727  4.32100969]]", "nfev": "280", "njev": "40", "status": "0", "success": "True", "message": "Optimization terminated successfully.", "x": "[ 8.83471674 -1.62113402  5.31890332  4.15975646  6.06609575  5.15367372]", "nit": "30", "callback": [0.8794492340316618, 0.8672211097859556, 0.8344610476734047, 0.7929095535353223, 0.776840315987524, 0.763415342431333, 0.7416365241236457, 0.7112052512065702, 0.6818860444895255, 0.5055945179619135, 0.4632152381265544, 0.41348050713796014, 0.39660019026776683, 0.3860890855998266, 0.37220897309069734, 0.3632199003840363, 0.35875553805445615, 0.3554650475587975, 0.3505679154415706, 0.34823363860146106, 0.3476097649270592, 0.34643145221748073, 0.3442703868096585, 0.3407081064331554, 0.3382164492017615, 0.3381347259130435, 0.33810284924231515, 0.3380924496725478, 0.33809164522107993, 0.338091598121844]}, "1": {"maxiter": 100, "gtol": 1e-05, "xrtol": 1e-05, "eps": 1e-10, "duration": 0.0915989875793457, "fun": "0.3380915980905528", "jac": "[ 9.99200639e-06  1.11022293e-06 -3.33066880e-06  2.22044587e-06\n -2.22044587e-06  1.11022293e-06]", "hess_inv": "[[ 2.67564496 -0.22142327  0.19783273 -0.27794304  0.67462251  0.32609323]\n [-0.22142327 19.78416493 18.43817712 -8.44018336  0.30744932 -1.00066129]\n [ 0.19783273 18.43817712 20.04985479 -8.18560376  0.73719467 -0.19002866]\n [-0.27794304 -8.44018336 -8.18560376  6.90939396 -0.24034415  0.38144885]\n [ 0.67462251  0.30744932  0.73719467 -0.24034415  4.40186374  2.42807041]\n [ 0.32609323 -1.00066129 -0.19002866  0.38144885  2.42807041  4.34033824]]", "nfev": "280", "njev": "40", "status": "0", "success": "True", "message": "Optimization terminated successfully.", "x": "[ 8.83473018 -1.62108595  5.31895229  4.15973801  6.06611217  5.15368601]", "nit": "30", "callback": [0.8794490701033365, 0.8672208993012787, 0.8344611787291081, 0.792907897720535, 0.7768387701741236, 0.7634149912874139, 0.7416362980630498, 0.7112063974222731, 0.6818925479846215, 0.5056514735845588, 0.4632393844981916, 0.4134801936254825, 0.3966013095842199, 0.3860850221844365, 0.3721990728644482, 0.3632218085085078, 0.3587535846575193, 0.3554645956227136, 0.35056866831435474, 0.34823382113127876, 0.34761003541546, 0.34643129078209645, 0.34426865087212044, 0.34070340004138633, 0.3382158506182221, 0.33813506996027143, 0.33810301567969947, 0.3380924636604371, 0.33809164895835664, 0.3380915980905528]}, "2": {"maxiter": 100, "gtol": 1e-05, "xrtol": 1e-10, "eps": 1e-05, "duration": 0.07343482971191406, "fun": "0.338091598121844", "jac": "[ 6.74814649e-06  1.92026395e-06 -1.38268286e-06  2.50948151e-06\n -1.26954003e-06  9.50139967e-07]", "hess_inv": "[[ 2.67626277 -0.22239649  0.18923487 -0.2883793   0.67855551  0.32322479]\n [-0.22239649 19.8601613  18.51090507 -8.46196042  0.32014512 -0.99680588]\n [ 0.18923487 18.51090507 20.12057544 -8.20990606  0.74811108 -0.18798375]\n [-0.2883793  -8.46196042 -8.20990606  6.91607078 -0.25890323  0.3612804 ]\n [ 0.67855551  0.32014512  0.74811108 -0.25890323  4.40406975  2.41980727]\n [ 0.32322479 -0.99680588 -0.18798375  0.3612804   2.41980727  4.32100969]]", "nfev": "280", "njev": "40", "status": "0", "success": "True", "message": "Optimization terminated successfully.", "x": "[ 8.83471674 -1.62113402  5.31890332  4.15975646  6.06609575  5.15367372]", "nit": "30", "callback": [0.8794492340316618, 0.8672211097859556, 0.8344610476734047, 0.7929095535353223, 0.776840315987524, 0.763415342431333, 0.7416365241236457, 0.7112052512065702, 0.6818860444895255, 0.5055945179619135, 0.4632152381265544, 0.41348050713796014, 0.39660019026776683, 0.3860890855998266, 0.37220897309069734, 0.3632199003840363, 0.35875553805445615, 0.3554650475587975, 0.3505679154415706, 0.34823363860146106, 0.3476097649270592, 0.34643145221748073, 0.3442703868096585, 0.3407081064331554, 0.3382164492017615, 0.3381347259130435, 0.33810284924231515, 0.3380924496725478, 0.33809164522107993, 0.338091598121844]}, "3": {"maxiter": 100, "gtol": 1e-05, "xrtol": 1e-10, "eps": 1e-10, "duration": 0.08214998245239258, "fun": "0.3380915980905528", "jac": "[ 9.99200639e-06  1.11022293e-06 -3.33066880e-06  2.22044587e-06\n -2.22044587e-06  1.11022293e-06]", "hess_inv": "[[ 2.67564496 -0.22142327  0.19783273 -0.27794304  0.67462251  0.32609323]\n [-0.22142327 19.78416493 18.43817712 -8.44018336  0.30744932 -1.00066129]\n [ 0.19783273 18.43817712 20.04985479 -8.18560376  0.73719467 -0.19002866]\n [-0.27794304 -8.44018336 -8.18560376  6.90939396 -0.24034415  0.38144885]\n [ 0.67462251  0.30744932  0.73719467 -0.24034415  4.40186374  2.42807041]\n [ 0.32609323 -1.00066129 -0.19002866  0.38144885  2.42807041  4.34033824]]", "nfev": "280", "njev": "40", "status": "0", "success": "True", "message": "Optimization terminated successfully.", "x": "[ 8.83473018 -1.62108595  5.31895229  4.15973801  6.06611217  5.15368601]", "nit": "30", "callback": [0.8794490701033365, 0.8672208993012787, 0.8344611787291081, 0.792907897720535, 0.7768387701741236, 0.7634149912874139, 0.7416362980630498, 0.7112063974222731, 0.6818925479846215, 0.5056514735845588, 0.4632393844981916, 0.4134801936254825, 0.3966013095842199, 0.3860850221844365, 0.3721990728644482, 0.3632218085085078, 0.3587535846575193, 0.3554645956227136, 0.35056866831435474, 0.34823382113127876, 0.34761003541546, 0.34643129078209645, 0.34426865087212044, 0.34070340004138633, 0.3382158506182221, 0.33813506996027143, 0.33810301567969947, 0.3380924636604371, 0.33809164895835664, 0.3380915980905528]}, "4": {"maxiter": 100, "gtol": 1e-10, "xrtol": 1e-05, "eps": 1e-05, "duration": 0.08663797378540039, "fun": "0.33809159805027045", "jac": "[ 1.05768727e-06  1.22764021e-06 -7.39275308e-07  6.12265794e-07\n -1.87727611e-07  9.73110481e-08]", "hess_inv": "[[ 2.77648832 -0.31176167  0.0922012  -0.28319507  0.70426117  0.33588882]\n [-0.31176167 19.93478894 18.59227975 -8.48525546  0.30427755 -1.00887989]\n [ 0.0922012  18.59227975 20.20928226 -8.23393215  0.73040301 -0.20104072]\n [-0.28319507 -8.48525546 -8.23393215  6.84735072 -0.23151668  0.35904536]\n [ 0.70426117  0.30427755  0.73040301 -0.23151668  4.40082097  2.42414691]\n [ 0.33588882 -1.00887989 -0.20104072  0.35904536  2.42414691  4.32248879]]", "nfev": "287", "njev": "41", "status": "0", "success": "True", "message": "Optimization terminated successfully.", "x": "[ 8.83470002 -1.62112185  5.31891672  4.15974546  6.06609528  5.15367119]", "nit": "31", "callback": [0.8794492340316618, 0.8672211097859556, 0.8344610476734047, 0.7929095535353223, 0.776840315987524, 0.763415342431333, 0.7416365241236457, 0.7112052512065702, 0.6818860444895255, 0.5055945179619135, 0.4632152381265544, 0.41348050713796014, 0.39660019026776683, 0.3860890855998266, 0.37220897309069734, 0.3632199003840363, 0.35875553805445615, 0.3554650475587975, 0.3505679154415706, 0.34823363860146106, 0.3476097649270592, 0.34643145221748073, 0.3442703868096585, 0.3407081064331554, 0.3382164492017615, 0.3381347259130435, 0.33810284924231515, 0.3380924496725478, 0.33809164522107993, 0.338091598121844, 0.33809159805027045]}, "5": {"maxiter": 100, "gtol": 1e-10, "xrtol": 1e-05, "eps": 1e-10, "duration": 0.09525418281555176, "fun": "0.3380915980458167", "jac": "[ 0.00000000e+00  2.22044587e-06  1.11022293e-06 -1.11022293e-06\n -1.11022293e-06  0.00000000e+00]", "hess_inv": "[[ 2.80813283 -0.48654971 -0.07894578 -0.21479399  0.69292536  0.33877071]\n [-0.48654971 20.20131434 18.87828361 -8.4051785   0.21974087 -1.0199547 ]\n [-0.07894578 18.87828361 20.51394201 -8.15564005  0.64771423 -0.21041772]\n [-0.21479399 -8.4051785  -8.15564005  6.70985793 -0.15893098  0.37884536]\n [ 0.69292536  0.21974087  0.64771423 -0.15893098  4.38138301  2.43255862]\n [ 0.33877071 -1.0199547  -0.21041772  0.37884536  2.43255862  4.34122578]]", "nfev": "287", "njev": "41", "status": "0", "success": "True", "message": "Optimization terminated successfully.", "x": "[ 8.83470404 -1.62102036  5.31902023  4.15970665  6.06611454  5.1536828 ]", "nit": "31", "callback": [0.8794490701033365, 0.8672208993012787, 0.8344611787291081, 0.792907897720535, 0.7768387701741236, 0.7634149912874139, 0.7416362980630498, 0.7112063974222731, 0.6818925479846215, 0.5056514735845588, 0.4632393844981916, 0.4134801936254825, 0.3966013095842199, 0.3860850221844365, 0.3721990728644482, 0.3632218085085078, 0.3587535846575193, 0.3554645956227136, 0.35056866831435474, 0.34823382113127876, 0.34761003541546, 0.34643129078209645, 0.34426865087212044, 0.34070340004138633, 0.3382158506182221, 0.33813506996027143, 0.33810301567969947, 0.3380924636604371, 0.33809164895835664, 0.3380915980905528, 0.3380915980458167]}, "6": {"maxiter": 100, "gtol": 1e-10, "xrtol": 1e-10, "eps": 1e-05, "duration": 0.17643189430236816, "fun": "0.33809159805027045", "jac": "[ 1.05768727e-06  1.22764021e-06 -7.39275308e-07  6.12265794e-07\n -1.87727611e-07  9.73110481e-08]", "hess_inv": "[[ 3.13636938  0.3708593   0.45029967 -0.30381548  0.68374892  0.26494271]\n [ 0.3708593  18.75082856 17.57496604 -7.84913618  0.34530021 -0.81394165]\n [ 0.45029967 17.57496604 19.40442088 -7.79229582  0.76469966 -0.04610717]\n [-0.30381548 -7.84913618 -7.79229582  6.66459369 -0.252115    0.27334968]\n [ 0.68374892  0.34530021  0.76469966 -0.252115    4.39941268  2.41756527]\n [ 0.26494271 -0.81394165 -0.04610717  0.27334968  2.41756527  4.29267232]]", "nfev": "572", "njev": "80", "status": "2", "success": "False", "message": "Desired error not necessarily achieved due to precision loss.", "x": "[ 8.83470002 -1.62112185  5.31891672  4.15974546  6.06609528  5.15367119]", "nit": "31", "callback": [0.8794492340316618, 0.8672211097859556, 0.8344610476734047, 0.7929095535353223, 0.776840315987524, 0.763415342431333, 0.7416365241236457, 0.7112052512065702, 0.6818860444895255, 0.5055945179619135, 0.4632152381265544, 0.41348050713796014, 0.39660019026776683, 0.3860890855998266, 0.37220897309069734, 0.3632199003840363, 0.35875553805445615, 0.3554650475587975, 0.3505679154415706, 0.34823363860146106, 0.3476097649270592, 0.34643145221748073, 0.3442703868096585, 0.3407081064331554, 0.3382164492017615, 0.3381347259130435, 0.33810284924231515, 0.3380924496725478, 0.33809164522107993, 0.338091598121844, 0.33809159805027045]}, "7": {"maxiter": 100, "gtol": 1e-10, "xrtol": 1e-10, "eps": 1e-10, "duration": 0.1982710361480713, "fun": "0.3380915979706044", "jac": "[3.33066880e-06 1.11022293e-06 1.11022293e-06 1.11022293e-06\n 1.11022293e-06 3.33066880e-06]", "hess_inv": "[[ 0.39406887  0.31304353 -0.44828001 -0.21380319  0.66708461 -0.91168119]\n [ 0.31304353  0.30666295 -0.28071942 -0.20878968  0.54576588 -0.76420019]\n [-0.44828001 -0.28071942  0.76108678  0.17214762 -0.66855177  0.86295717]\n [-0.21380319 -0.20878968  0.17214762  0.16875555 -0.3576175   0.51415377]\n [ 0.66708461  0.54576588 -0.66855177 -0.3576175   1.20275143 -1.64452831]\n [-0.91168119 -0.76420019  0.86295717  0.51415377 -1.64452831  2.26844218]]", "nfev": "613", "njev": "86", "status": "2", "success": "False", "message": "Desired error not necessarily achieved due to precision loss.", "x": "[ 8.83470773 -1.621079    5.31896389  4.15973205  6.0661098   5.15368389]", "nit": "40", "callback": [0.8794490701033365, 0.8672208993012787, 0.8344611787291081, 0.792907897720535, 0.7768387701741236, 0.7634149912874139, 0.7416362980630498, 0.7112063974222731, 0.6818925479846215, 0.5056514735845588, 0.4632393844981916, 0.4134801936254825, 0.3966013095842199, 0.3860850221844365, 0.3721990728644482, 0.3632218085085078, 0.3587535846575193, 0.3554645956227136, 0.35056866831435474, 0.34823382113127876, 0.34761003541546, 0.34643129078209645, 0.34426865087212044, 0.34070340004138633, 0.3382158506182221, 0.33813506996027143, 0.33810301567969947, 0.3380924636604371, 0.33809164895835664, 0.3380915980905528, 0.3380915980458167, 0.3380915980016349, 0.338091597975955, 0.33809159797594346, 0.33809159797593125, 0.3380915979745788, 0.338091597974032, 0.33809159797316235, 0.3380915979706046, 0.3380915979706044]}, "8": {"maxiter": 500, "gtol": 1e-05, "xrtol": 1e-05, "eps": 1e-05, "duration": 0.08142304420471191, "fun": "0.338091598121844", "jac": "[ 6.74814649e-06  1.92026395e-06 -1.38268286e-06  2.50948151e-06\n -1.26954003e-06  9.50139967e-07]", "hess_inv": "[[ 2.67626277 -0.22239649  0.18923487 -0.2883793   0.67855551  0.32322479]\n [-0.22239649 19.8601613  18.51090507 -8.46196042  0.32014512 -0.99680588]\n [ 0.18923487 18.51090507 20.12057544 -8.20990606  0.74811108 -0.18798375]\n [-0.2883793  -8.46196042 -8.20990606  6.91607078 -0.25890323  0.3612804 ]\n [ 0.67855551  0.32014512  0.74811108 -0.25890323  4.40406975  2.41980727]\n [ 0.32322479 -0.99680588 -0.18798375  0.3612804   2.41980727  4.32100969]]", "nfev": "280", "njev": "40", "status": "0", "success": "True", "message": "Optimization terminated successfully.", "x": "[ 8.83471674 -1.62113402  5.31890332  4.15975646  6.06609575  5.15367372]", "nit": "30", "callback": [0.8794492340316618, 0.8672211097859556, 0.8344610476734047, 0.7929095535353223, 0.776840315987524, 0.763415342431333, 0.7416365241236457, 0.7112052512065702, 0.6818860444895255, 0.5055945179619135, 0.4632152381265544, 0.41348050713796014, 0.39660019026776683, 0.3860890855998266, 0.37220897309069734, 0.3632199003840363, 0.35875553805445615, 0.3554650475587975, 0.3505679154415706, 0.34823363860146106, 0.3476097649270592, 0.34643145221748073, 0.3442703868096585, 0.3407081064331554, 0.3382164492017615, 0.3381347259130435, 0.33810284924231515, 0.3380924496725478, 0.33809164522107993, 0.338091598121844]}, "9": {"maxiter": 500, "gtol": 1e-05, "xrtol": 1e-05, "eps": 1e-10, "duration": 0.09118199348449707, "fun": "0.3380915980905528", "jac": "[ 9.99200639e-06  1.11022293e-06 -3.33066880e-06  2.22044587e-06\n -2.22044587e-06  1.11022293e-06]", "hess_inv": "[[ 2.67564496 -0.22142327  0.19783273 -0.27794304  0.67462251  0.32609323]\n [-0.22142327 19.78416493 18.43817712 -8.44018336  0.30744932 -1.00066129]\n [ 0.19783273 18.43817712 20.04985479 -8.18560376  0.73719467 -0.19002866]\n [-0.27794304 -8.44018336 -8.18560376  6.90939396 -0.24034415  0.38144885]\n [ 0.67462251  0.30744932  0.73719467 -0.24034415  4.40186374  2.42807041]\n [ 0.32609323 -1.00066129 -0.19002866  0.38144885  2.42807041  4.34033824]]", "nfev": "280", "njev": "40", "status": "0", "success": "True", "message": "Optimization terminated successfully.", "x": "[ 8.83473018 -1.62108595  5.31895229  4.15973801  6.06611217  5.15368601]", "nit": "30", "callback": [0.8794490701033365, 0.8672208993012787, 0.8344611787291081, 0.792907897720535, 0.7768387701741236, 0.7634149912874139, 0.7416362980630498, 0.7112063974222731, 0.6818925479846215, 0.5056514735845588, 0.4632393844981916, 0.41348019362