{"date": "2024/10/08/, 15:27:14", "conf_id": 8, "data_type": "random\n", "num_data_points": 1, "s_rank": 0, "unitary": "[[-0.53618537-0.34368723j,-0.12107031-0.46226139j,-0.07699282-0.46603512j,0.36022595-0.11472301j],[0.26026499-0.63450712j,-0.56616638+0.37832564j,-0.14988651+0.08458591j,0.10363514-0.16008501j],[-0.32580188-0.11070003j,-0.36476308-0.23593218j,0.02559343+0.41761608j,-0.25598305+0.6725303j],[0.07406738-0.0126433j,0.28513701+0.19483972j,-0.74939717-0.10299659j,0.29798249+0.46269921j]]", "databatch_0": {"databatch": "[[[0.18664674-0.20586671j,0.0082868+0.05830784j,0.24829257-0.29379374j,-0.01400689-0.0178309j],[-0.33694511+0.19352878j,0.01374088+0.17041161j,0.02493475+0.36437238j,-0.01675287+0.14985817j],[0.26392997+0.05129105j,-0.16856768-0.23678552j,-0.19455295+0.21013692j,-0.02182336-0.16448424j],[0.22927016-0.06827879j,-0.20484602-0.09937959j,-0.02442271+0.20243956j,-0.0746889-0.10936305j]]]", "initial param values": "[6.10682536,1.3001628,5.55407677,1.8532471,3.86379405,5.46366246]", "nelder_mead": {"type": "gradient-free", "0": {"maxiter": 100, "fatol": 1e-05, "xatol": 1e-05, "duration": 0.06721711158752441, "fun": "0.18006445246800484", "nit": "100", "nfev": "155", "status": "2", "success": "False", "message": "Maximum number of iterations has been exceeded.", "x": "[8.45322008 1.61375995 3.89907655 1.51508086 4.98305202 6.22748377]", "final_simplex": "(array([[8.45322008, 1.61375995, 3.89907655, 1.51508086, 4.98305202,\n        6.22748377],\n       [8.48513541, 1.60826317, 3.85427188, 1.48140674, 5.06086742,\n        6.26213113],\n       [8.502814  , 1.57459755, 3.93894075, 1.4785504 , 4.99859631,\n        6.22068222],\n       [8.53563784, 1.56034593, 3.79923553, 1.50341031, 5.04125519,\n        6.25885567],\n       [8.48681965, 1.59361277, 3.85058928, 1.50260104, 5.04971657,\n        6.21411662],\n       [8.49890723, 1.53477616, 3.91192627, 1.46591622, 5.0198297 ,\n        6.28619773],\n       [8.50975812, 1.56088303, 3.82448166, 1.5381366 , 5.07315712,\n        6.22913547]]), array([0.18006445, 0.18071322, 0.18150012, 0.18170007, 0.18184812,\n       0.18189197, 0.1819214 ]))", "callback": [0.8324498325691326, 0.5259705006840384, 0.42188187504290564, 0.27553342037647754, 0.25729043038228716, 0.2231858874002559, 0.19819178202635113, 0.1858728638161775, 0.18390785668671727, 0.18224904731470548]}, "1": {"maxiter": 100, "fatol": 1e-05, "xatol": 1e-10, "duration": 0.0483090877532959, "fun": "0.18006445246800484", "nit": "100", "nfev": "155", "status": "2", "success": "False", "message": "Maximum number of iterations has been exceeded.", "x": "[8.45322008 1.61375995 3.89907655 1.51508086 4.98305202 6.22748377]", "final_simplex": "(array([[8.45322008, 1.61375995, 3.89907655, 1.51508086, 4.98305202,\n        6.22748377],\n       [8.48513541, 1.60826317, 3.85427188, 1.48140674, 5.06086742,\n        6.26213113],\n       [8.502814  , 1.57459755, 3.93894075, 1.4785504 , 4.99859631,\n        6.22068222],\n       [8.53563784, 1.56034593, 3.79923553, 1.50341031, 5.04125519,\n        6.25885567],\n       [8.48681965, 1.59361277, 3.85058928, 1.50260104, 5.04971657,\n        6.21411662],\n       [8.49890723, 1.53477616, 3.91192627, 1.46591622, 5.0198297 ,\n        6.28619773],\n       [8.50975812, 1.56088303, 3.82448166, 1.5381366 , 5.07315712,\n        6.22913547]]), array([0.18006445, 0.18071322, 0.18150012, 0.18170007, 0.18184812,\n       0.18189197, 0.1819214 ]))", "callback": [0.8324498325691326, 0.5259705006840384, 0.42188187504290564, 0.27553342037647754, 0.25729043038228716, 0.2231858874002559, 0.19819178202635113, 0.1858728638161775, 0.18390785668671727, 0.18224904731470548]}, "2": {"maxiter": 100, "fatol": 1e-10, "xatol": 1e-05, "duration": 0.05291914939880371, "fun": "0.18006445246800484", "nit": "100", "nfev": "155", "status": "2", "success": "False", "message": "Maximum number of iterations has been exceeded.", "x": "[8.45322008 1.61375995 3.89907655 1.51508086 4.98305202 6.22748377]", "final_simplex": "(array([[8.45322008, 1.61375995, 3.89907655, 1.51508086, 4.98305202,\n        6.22748377],\n       [8.48513541, 1.60826317, 3.85427188, 1.48140674, 5.06086742,\n        6.26213113],\n       [8.502814  , 1.57459755, 3.93894075, 1.4785504 , 4.99859631,\n        6.22068222],\n       [8.53563784, 1.56034593, 3.79923553, 1.50341031, 5.04125519,\n        6.25885567],\n       [8.48681965, 1.59361277, 3.85058928, 1.50260104, 5.04971657,\n        6.21411662],\n       [8.49890723, 1.53477616, 3.91192627, 1.46591622, 5.0198297 ,\n        6.28619773],\n       [8.50975812, 1.56088303, 3.82448166, 1.5381366 , 5.07315712,\n        6.22913547]]), array([0.18006445, 0.18071322, 0.18150012, 0.18170007, 0.18184812,\n       0.18189197, 0.1819214 ]))", "callback": [0.8324498325691326, 0.5259705006840384, 0.42188187504290564, 0.27553342037647754, 0.25729043038228716, 0.2231858874002559, 0.19819178202635113, 0.1858728638161775, 0.18390785668671727, 0.18224904731470548]}, "3": {"maxiter": 100, "fatol": 1e-10, "xatol": 1e-10, "duration": 0.05315089225769043, "fun": "0.18006445246800484", "nit": "100", "nfev": "155", "status": "2", "success": "False", "message": "Maximum number of iterations has been exceeded.", "x": "[8.45322008 1.61375995 3.89907655 1.51508086 4.98305202 6.22748377]", "final_simplex": "(array([[8.45322008, 1.61375995, 3.89907655, 1.51508086, 4.98305202,\n        6.22748377],\n       [8.48513541, 1.60826317, 3.85427188, 1.48140674, 5.06086742,\n        6.26213113],\n       [8.502814  , 1.57459755, 3.93894075, 1.4785504 , 4.99859631,\n        6.22068222],\n       [8.53563784, 1.56034593, 3.79923553, 1.50341031, 5.04125519,\n        6.25885567],\n       [8.48681965, 1.59361277, 3.85058928, 1.50260104, 5.04971657,\n        6.21411662],\n       [8.49890723, 1.53477616, 3.91192627, 1.46591622, 5.0198297 ,\n        6.28619773],\n       [8.50975812, 1.56088303, 3.82448166, 1.5381366 , 5.07315712,\n        6.22913547]]), array([0.18006445, 0.18071322, 0.18150012, 0.18170007, 0.18184812,\n       0.18189197, 0.1819214 ]))", "callback": [0.8324498325691326, 0.5259705006840384, 0.42188187504290564, 0.27553342037647754, 0.25729043038228716, 0.2231858874002559, 0.19819178202635113, 0.1858728638161775, 0.18390785668671727, 0.18224904731470548]}, "4": {"maxiter": 500, "fatol": 1e-05, "xatol": 1e-05, "duration": 0.18404459953308105, "fun": "0.16825625692220691", "nit": "301", "nfev": "488", "status": "0", "success": "True", "message": "Optimization terminated successfully.", "x": "[8.48687479 1.95745222 4.24765028 1.47778065 4.81242729 6.36719502]", "final_simplex": "(array([[8.48687479, 1.95745222, 4.24765028, 1.47778065, 4.81242729,\n        6.36719502],\n       [8.48687248, 1.95746089, 4.24765966, 1.47777586, 4.81242224,\n        6.3671955 ],\n       [8.48687313, 1.95744827, 4.24765333, 1.47777929, 4.81242764,\n        6.36719648],\n       [8.48687274, 1.95745914, 4.24765455, 1.47777583, 4.81242876,\n        6.36719457],\n       [8.48687012, 1.95745834, 4.24765417, 1.47778072, 4.81242656,\n        6.3671907 ],\n       [8.48687094, 1.95745813, 4.24765721, 1.47778292, 4.81242654,\n        6.36719209],\n       [8.48687091, 1.95746048, 4.24765617, 1.47777999, 4.81242483,\n        6.36719869]]), array([0.16825626, 0.16825626, 0.16825626, 0.16825626, 0.16825626,\n       0.16825626, 0.16825626]))", "callback": [0.8324498325691326, 0.5259705006840384, 0.42188187504290564, 0.27553342037647754, 0.25729043038228716, 0.2231858874002559, 0.19819178202635113, 0.1858728638161775, 0.18390785668671727, 0.18224904731470548, 0.18006445246800484, 0.17797815115704718, 0.17508600909418304, 0.17173111182895984, 0.16881733689594114, 0.1683437641844443, 0.16828824833920186, 0.16826263283920773, 0.16825741906731484, 0.16825646275632533, 0.16825628814425164, 0.16825626531862548, 0.16825626035384655, 0.1682562590497585, 0.16825625788558374, 0.16825625743482397, 0.1682562572575148, 0.16825625705247094, 0.16825625697538116, 0.1682562569264745, 0.16825625692220691]}, "5": {"maxiter": 500, "fatol": 1e-05, "xatol": 1e-10, "duration": 0.25209593772888184, "fun": "0.1682562569206204", "nit": "423", "nfev": "734", "status": "0", "success": "True", "message": "Optimization terminated successfully.", "x": "[8.48687481 1.95745443 4.24765428 1.47777995 4.81242662 6.36719461]", "final_simplex": "(array([[8.48687481, 1.95745443, 4.24765428, 1.47777995, 4.81242662,\n        6.36719461],\n       [8.48687481, 1.95745443, 4.24765428, 1.47777995, 4.81242662,\n        6.36719461],\n       [8.48687481, 1.95745443, 4.24765428, 1.47777995, 4.81242662,\n        6.36719461],\n       [8.48687481, 1.95745443, 4.24765428, 1.47777995, 4.81242662,\n        6.36719461],\n       [8.48687481, 1.95745443, 4.24765428, 1.47777995, 4.81242662,\n        6.36719461],\n       [8.48687481, 1.95745443, 4.24765428, 1.47777995, 4.81242662,\n        6.36719461],\n       [8.48687481, 1.95745443, 4.24765428, 1.47777995, 4.81242662,\n        6.36719461]]), array([0.16825626, 0.16825626, 0.16825626, 0.16825626, 0.16825626,\n       0.16825626, 0.16825626]))", "callback": [0.8324498325691326, 0.5259705006840384, 0.42188187504290564, 0.27553342037647754, 0.25729043038228716, 0.2231858874002559, 0.19819178202635113, 0.1858728638161775, 0.18390785668671727, 0.18224904731470548, 0.18006445246800484, 0.17797815115704718, 0.17508600909418304, 0.17173111182895984, 0.16881733689594114, 0.1683437641844443, 0.16828824833920186, 0.16826263283920773, 0.16825741906731484, 0.16825646275632533, 0.16825628814425164, 0.16825626531862548, 0.16825626035384655, 0.1682562590497585, 0.16825625788558374, 0.16825625743482397, 0.1682562572575148, 0.16825625705247094, 0.16825625697538116, 0.1682562569264745, 0.16825625692220691, 0.16825625692154011, 0.16825625692083523, 0.16825625692070967, 0.1682562569206414, 0.1682562569206386, 0.1682562569206243, 0.16825625692062252, 0.16825625692062063, 0.16825625692062063, 0.1682562569206204, 0.1682562569206204, 0.1682562569206204]}, "6": {"maxiter": 500, "fatol": 1e-10, "xatol": 1e-05, "duration": 0.17934799194335938, "fun": "0.16825625692220691", "nit": "301", "nfev": "488", "status": "0", "success": "True", "message": "Optimization terminated successfully.", "x": "[8.48687479 1.95745222 4.24765028 1.47778065 4.81242729 6.36719502]", "final_simplex": "(array([[8.48687479, 1.95745222, 4.24765028, 1.47778065, 4.81242729,\n        6.36719502],\n       [8.48687248, 1.95746089, 4.24765966, 1.47777586, 4.81242224,\n        6.3671955 ],\n       [8.48687313, 1.95744827, 4.24765333, 1.47777929, 4.81242764,\n        6.36719648],\n       [8.48687274, 1.95745914, 4.24765455, 1.47777583, 4.81242876,\n        6.36719457],\n       [8.48687012, 1.95745834, 4.24765417, 1.47778072, 4.81242656,\n        6.3671907 ],\n       [8.48687094, 1.95745813, 4.24765721, 1.47778292, 4.81242654,\n        6.36719209],\n       [8.48687091, 1.95746048, 4.24765617, 1.47777999, 4.81242483,\n        6.36719869]]), array([0.16825626, 0.16825626, 0.16825626, 0.16825626, 0.16825626,\n       0.16825626, 0.16825626]))", "callback": [0.8324498325691326, 0.5259705006840384, 0.42188187504290564, 0.27553342037647754, 0.25729043038228716, 0.2231858874002559, 0.19819178202635113, 0.1858728638161775, 0.18390785668671727, 0.18224904731470548, 0.18006445246800484, 0.17797815115704718, 0.17508600909418304, 0.17173111182895984, 0.16881733689594114, 0.1683437641844443, 0.16828824833920186, 0.16826263283920773, 0.16825741906731484, 0.16825646275632533, 0.16825628814425164, 0.16825626531862548, 0.16825626035384655, 0.1682562590497585, 0.16825625788558374, 0.16825625743482397, 0.1682562572575148, 0.16825625705247094, 0.16825625697538116, 0.1682562569264745, 0.16825625692220691]}, "7": {"maxiter": 500, "fatol": 1e-10, "xatol": 1e-10, "duration": 0.24488115310668945, "fun": "0.1682562569206204", "nit": "423", "nfev": "734", "status": "0", "success": "True", "message": "Optimization terminated successfully.", "x": "[8.48687481 1.95745443 4.24765428 1.47777995 4.81242662 6.36719461]", "final_simplex": "(array([[8.48687481, 1.95745443, 4.24765428, 1.47777995, 4.81242662,\n        6.36719461],\n       [8.48687481, 1.95745443, 4.24765428, 1.47777995, 4.81242662,\n        6.36719461],\n       [8.48687481, 1.95745443, 4.24765428, 1.47777995, 4.81242662,\n        6.36719461],\n       [8.48687481, 1.95745443, 4.24765428, 1.47777995, 4.81242662,\n        6.36719461],\n       [8.48687481, 1.95745443, 4.24765428, 1.47777995, 4.81242662,\n        6.36719461],\n       [8.48687481, 1.95745443, 4.24765428, 1.47777995, 4.81242662,\n        6.36719461],\n       [8.48687481, 1.95745443, 4.24765428, 1.47777995, 4.81242662,\n        6.36719461]]), array([0.16825626, 0.16825626, 0.16825626, 0.16825626, 0.16825626,\n       0.16825626, 0.16825626]))", "callback": [0.8324498325691326, 0.5259705006840384, 0.42188187504290564, 0.27553342037647754, 0.25729043038228716, 0.2231858874002559, 0.19819178202635113, 0.1858728638161775, 0.18390785668671727, 0.18224904731470548, 0.18006445246800484, 0.17797815115704718, 0.17508600909418304, 0.17173111182895984, 0.16881733689594114, 0.1683437641844443, 0.16828824833920186, 0.16826263283920773, 0.16825741906731484, 0.16825646275632533, 0.16825628814425164, 0.16825626531862548, 0.16825626035384655, 0.1682562590497585, 0.16825625788558374, 0.16825625743482397, 0.1682562572575148, 0.16825625705247094, 0.16825625697538116, 0.1682562569264745, 0.16825625692220691, 0.16825625692154011, 0.16825625692083523, 0.16825625692070967, 0.1682562569206414, 0.1682562569206386, 0.1682562569206243, 0.16825625692062252, 0.16825625692062063, 0.16825625692062063, 0.1682562569206204, 0.1682562569206204, 0.1682562569206204]}, "8": {"maxiter": 1000, "fatol": 1e-05, "xatol": 1e-05, "duration": 0.19213485717773438, "fun": "0.16825625692220691", "nit": "301", "nfev": "488", "status": "0", "success": "True", "message": "Optimization terminated successfully.", "x": "[8.48687479 1.95745222 4.24765028 1.47778065 4.81242729 6.36719502]", "final_simplex": "(array([[8.48687479, 1.95745222, 4.24765028, 1.47778065, 4.81242729,\n        6.36719502],\n       [8.48687248, 1.95746089, 4.24765966, 1.47777586, 4.81242224,\n        6.3671955 ],\n       [8.48687313, 1.95744827, 4.24765333, 1.47777929, 4.81242764,\n        6.36719648],\n       [8.48687274, 1.95745914, 4.24765455, 1.47777583, 4.81242876,\n        6.36719457],\n       [8.48687012, 1.95745834, 4.24765417, 1.47778072, 4.81242656,\n        6.3671907 ],\n       [8.48687094, 1.95745813, 4.24765721, 1.47778292, 4.81242654,\n        6.36719209],\n       [8.48687091, 1.95746048, 4.24765617, 1.47777999, 4.81242483,\n        6.36719869]]), array([0.16825626, 0.16825626, 0.16825626, 0.16825626, 0.16825626,\n       0.16825626, 0.16825626]))", "callback": [0.8324498325691326, 0.5259705006840384, 0.42188187504290564, 0.27553342037647754, 0.25729043038228716, 0.2231858874002559, 0.19819178202635113, 0.1858728638161775, 0.18390785668671727, 0.18224904731470548, 0.18006445246800484, 0.17797815115704718, 0.17508600909418304, 0.17173111182895984, 0.16881733689594114, 0.1683437641844443, 0.16828824833920186, 0.16826263283920773, 0.16825741906731484, 0.16825646275632533, 0.16825628814425164, 0.16825626531862548, 0.16825626035384655, 0.1682562590497585, 0.16825625788558374, 0.16825625743482397, 0.1682562572575148, 0.16825625705247094, 0.16825625697538116, 0.1682562569264745, 0.16825625692220691]}, "9": {"maxiter": 1000, "fatol": 1e-05, "xatol": 1e-10, "duration": 0.32801222801208496, "fun": "0.1682562569206204", "nit": "423", "nfev": "734", "status": "0", "success": "True", "message": "Optimization terminated successfully.", "x": "[8.48687481 1.95745443 4.24765428 1.47777995 4.81242662 6.36719461]", "final_simplex": "(array([[8.48687481, 1.95745443, 4.24765428, 1.47777995, 4.81242662,\n        6.36719461],\n       [8.48687481, 1.95745443, 4.24765428, 1.47777995, 4.81242662,\n        6.36719461],\n       [8.48687481, 1.95745443, 4.24765428, 1.47777995, 4.81242662,\n        6.36719461],\n       [8.48687481, 1.95745443, 4.24765428, 1.47777995, 4.81242662,\n        6.36719461],\n       [8.48687481, 1.95745443, 4.24765428, 1.47777995, 4.81242662,\n        6.36719461],\n       [8.48687481, 1.95745443, 4.24765428, 1.47777995, 4.81242662,\n        6.36719461],\n       [8.48687481, 1.95745443, 4.24765428, 1.47777995, 4.81242662,\n        6.36719461]]), array([0.16825626, 0.16825626, 0.16825626, 0.16825626, 0.16825626,\n       0.16825626, 0.16825626]))", "callback": [0.8324498325691326, 0.5259705006840384, 0.42188187504290564, 0.27553342037647754, 0.25729043038228716, 0.2231858874002559, 0.19819178202635113, 0.1858728638161775, 0.18390785668671727, 0.18224904731470548, 0.18006445246800484, 0.17797815115704718, 0.17508600909418304, 0.17173111182895984, 0.16881733689594114, 0.1683437641844443, 0.16828824833920186, 0.16826263283920773, 0.16825741906731484, 0.16825646275632533, 0.16825628814425164, 0.16825626531862548, 0.16825626035384655, 0.1682562590497585, 0.16825625788558374, 0.16825625743482397, 0.1682562572575148, 0.16825625705247094, 0.16825625697538116, 0.1682562569264745, 0.16825625692220691, 0.16825625692154011, 0.16825625692083523, 0.16825625692070967, 0.1682562569206414, 0.1682562569206386, 0.1682562569206243, 0.16825625692062252, 0.16825625692062063, 0.16825625692062063, 0.1682562569206204, 0.1682562569206204, 0.1682562569206204]}, "10": {"maxiter": 1000, "fatol": 1e-10, "xatol": 1e-05, "duration": 0.18226003646850586, "fun": "0.16825625692220691", "nit": "301", "nfev": "488", "status": "0", "success": "True", "message": "Optimization terminated successfully.", "x": "[8.48687479 1.95745222 4.24765028 1.47778065 4.81242729 6.36719502]", "final_simplex": "(array([[8.48687479, 1.95745222, 4.24765028, 1.47778065, 4.81242729,\n        6.36719502],\n       [8.48687248, 1.95746089, 4.24765966, 1.47777586, 4.81242224,\n        6.3671955 ],\n       [8.48687313, 1.95744827, 4.24765333, 1.47777929, 4.81242764,\n        6.36719648],\n       [8.48687274, 1.95745914, 4.24765455, 1.47777583, 4.81242876,\n        6.36719457],\n       [8.48687012, 1.95745834, 4.24765417, 1.47778072, 4.81242656,\n        6.3671907 ],\n       [8.48687094, 1.95745813, 4.24765721, 1.47778292, 4.81242654,\n        6.36719209],\n       [8.48687091, 1.95746048, 4.24765617, 1.47777999, 4.81242483,\n        6.36719869]]), array([0.16825626, 0.16825626, 0.16825626, 0.16825626, 0.16825626,\n       0.16825626, 0.16825626]))", "callback": [0.8324498325691326, 0.5259705006840384, 0.42188187504290564, 0.27553342037647754, 0.25729043038228716, 0.2231858874002559, 0.19819178202635113, 0.1858728638161775, 0.18390785668671727, 0.18224904731470548, 0.18006445246800484, 0.17797815115704718, 0.17508600909418304, 0.17173111182895984, 0.16881733689594114, 0.1683437641844443, 0.16828824833920186, 0.16826263283920773, 0.16825741906731484, 0.16825646275632533, 0.16825628814425164, 0.16825626531862548, 0.16825626035384655, 0.1682562590497585, 0.16825625788558374, 0.16825625743482397, 0.1682562572575148, 0.16825625705247094, 0.16825625697538116, 0.1682562569264745, 0.16825625692220691]}, "11": {"maxiter": 1000, "fatol": 1e-10, "xatol": 1e-10, "duration": 0.26803112030029297, "fun": "0.1682562569206204", "nit": "423", "nfev": "734", "status": "0", "success": "True", "message": "Optimization terminated successfully.", "x": "[8.48687481 1.95745443 4.24765428 1.47777995 4.81242662 6.36719461]", "final_simplex": "(array([[8.48687481, 1.95745443, 4.24765428, 1.47777995, 4.81242662,\n        6.36719461],\n       [8.48687481, 1.95745443, 4.24765428, 1.47777995, 4.81242662,\n        6.36719461],\n       [8.48687481, 1.95745443, 4.24765428, 1.47777995, 4.81242662,\n        6.36719461],\n       [8.48687481, 1.95745443, 4.24765428, 1.47777995, 4.81242662,\n        6.36719461],\n       [8.48687481, 1.95745443, 4.24765428, 1.47777995, 4.81242662,\n        6.36719461],\n       [8.48687481, 1.95745443, 4.24765428, 1.47777995, 4.81242662,\n        6.36719461],\n       [8.48687481, 1.95745443, 4.24765428, 1.47777995, 4.81242662,\n        6.36719461]]), array([0.16825626, 0.16825626, 0.16825626, 0.16825626, 0.16825626,\n       0.16825626, 0.16825626]))", "callback": [0.8324498325691326, 0.5259705006840384, 0.42188187504290564, 0.27553342037647754, 0.25729043038228716, 0.2231858874002559, 0.19819178202635113, 0.1858728638161775, 0.18390785668671727, 0.18224904731470548, 0.18006445246800484, 0.17797815115704718, 0.17508600909418304, 0.17173111182895984, 0.16881733689594114, 0.1683437641844443, 0.16828824833920186, 0.16826263283920773, 0.16825741906731484, 0.16825646275632533, 0.16825628814425164, 0.16825626531862548, 0.16825626035384655, 0.1682562590497585, 0.16825625788558374, 0.16825625743482397, 0.1682562572575148, 0.16825625705247094, 0.16825625697538116, 0.1682562569264745, 0.16825625692220691, 0.16825625692154011, 0.16825625692083523, 0.16825625692070967, 0.1682562569206414, 0.1682562569206386, 0.1682562569206243, 0.16825625692062252, 0.16825625692062063, 0.16825625692062063, 0.1682562569206204, 0.1682562569206204, 0.1682562569206204]}}, "bfgs": {"type": "gradient", "0": {"maxiter": 100, "gtol": 1e-05, "xrtol": 1e-05, "eps": 1e-05, "duration": 0.0755620002746582, "fun": "0.16825625696149593", "jac": "[ 2.45404808e-06 -1.38876688e-06  1.33227873e-06  5.05728792e-07\n -1.10073062e-06  1.07391873e-07]", "hess_inv": "[[ 2.94811326 -1.35648207 -1.26074351  0.08179596  0.95541957 -0.38591918]\n [-1.35648207  7.98816619  5.72663704 -1.22197175 -2.74323476  0.86007368]\n [-1.26074351  5.72663704  9.70338009 -2.33582306 -5.37939079  1.97043092]\n [ 0.08179596 -1.22197175 -2.33582306  3.10386659  1.36634606 -0.67786721]\n [ 0.95541957 -2.74323476 -5.37939079  1.36634606  5.53652319 -1.60194056]\n [-0.38591918  0.86007368  1.97043092 -0.67786721 -1.60194056  3.1732973 ]]", "nfev": "189", "njev": "27", "status": "0", "success": "True", "message": "Optimization terminated successfully.", "x": "[8.48687914 1.95743829 4.24765147 1.47777598 4.81241907 6.36719152]", "nit": "23", "callback": [0.7856829021074458, 0.7501809114420874, 0.725858818083758, 0.6823517160611317, 0.620623559966247, 0.5594640932307683, 0.4826037830625849, 0.40946717316999326, 0.2898584995761777, 0.23936784421727642, 0.22971020423359956, 0.2164529233614333, 0.1954920039209912, 0.17749687013227822, 0.1726011891160888, 0.16898245981595617, 0.16826841592623254, 0.1682567003352733, 0.16825649661131958, 0.16825635527213334, 0.16825627513121022, 0.16825625793230603, 0.16825625696149593]}, "1": {"maxiter": 100, "gtol": 1e-05, "xrtol": 1e-05, "eps": 1e-10, "duration": 0.05974602699279785, "fun": "0.1682562569634073", "jac": "[-1.11022293e-06 -1.11022293e-06  1.11022293e-06 -2.22044587e-06\n -2.22044587e-06  2.22044587e-06]", "hess_inv": "[[ 2.91942172 -1.26762802 -1.25618731  0.08924557  1.0006781  -0.4183749 ]\n [-1.26762802  7.1492898   4.98979592 -1.08025811 -2.36340399  0.62769892]\n [-1.25618731  4.98979592  8.93144276 -2.1984562  -4.94233914  1.72991904]\n [ 0.08924557 -1.08025811 -2.1984562   3.07581698  1.30262266 -0.64881332]\n [ 1.0006781  -2.36340399 -4.94233914  1.30262266  5.30151515 -1.49279597]\n [-0.4183749   0.62769892  1.72991904 -0.64881332 -1.49279597  3.13562668]]", "nfev": "189", "njev": "27", "status": "0", "success": "True", "message": "Optimization terminated successfully.", "x": "[8.48687235 1.95745799 4.24767288 1.4777735  4.81240828 6.36720583]", "nit": "23", "callback": [0.7856821389857802, 0.7501799614508557, 0.7258577708568344, 0.682351327702976, 0.6206241936002914, 0.5594597938952565, 0.4825952331839276, 0.409461098807692, 0.2898522032590044, 0.23936733394963106, 0.2297106837032128, 0.21644997317449977, 0.19548589780565495, 0.1774978238989321, 0.17259984435102504, 0.16898334849100916, 0.1682684173075163, 0.16825670257827896, 0.16825649988923586, 0.1682563561280047, 0.16825627788302966, 0.16825625783041953, 0.1682562569634073]}, "2": {"maxiter": 100, "gtol": 1e-05, "xrtol": 1e-10, "eps": 1e-05, "duration": 0.07674288749694824, "fun": "0.16825625696149593", "jac": "[ 2.45404808e-06 -1.38876688e-06  1.33227873e-06  5.05728792e-07\n -1.10073062e-06  1.07391873e-07]", "hess_inv": "[[ 2.94811326 -1.35648207 -1.26074351  0.08179596  0.95541957 -0.38591918]\n [-1.35648207  7.98816619  5.72663704 -1.22197175 -2.74323476  0.86007368]\n [-1.26074351  5.72663704  9.70338009 -2.33582306 -5.37939079  1.97043092]\n [ 0.08179596 -1.22197175 -2.33582306  3.10386659  1.36634606 -0.67786721]\n [ 0.95541957 -2.74323476 -5.37939079  1.36634606  5.53652319 -1.60194056]\n [-0.38591918  0.86007368  1.97043092 -0.67786721 -1.60194056  3.1732973 ]]", "nfev": "189", "njev": "27", "status": "0", "success": "True", "message": "Optimization terminated successfully.", "x": "[8.48687914 1.95743829 4.24765147 1.47777598 4.81241907 6.36719152]", "nit": "23", "callback": [0.7856829021074458, 0.7501809114420874, 0.725858818083758, 0.6823517160611317, 0.620623559966247, 0.5594640932307683, 0.4826037830625849, 0.40946717316999326, 0.2898584995761777, 0.23936784421727642, 0.22971020423359956, 0.2164529233614333, 0.1954920039209912, 0.17749687013227822, 0.1726011891160888, 0.16898245981595617, 0.16826841592623254, 0.1682567003352733, 0.16825649661131958, 0.16825635527213334, 0.16825627513121022, 0.16825625793230603, 0.16825625696149593]}, "3": {"maxiter": 100, "gtol": 1e-05, "xrtol": 1e-10, "eps": 1e-10, "duration": 0.0702519416809082, "fun": "0.1682562569634073", "jac": "[-1.11022293e-06 -1.11022293e-06  1.11022293e-06 -2.22044587e-06\n -2.22044587e-06  2.22044587e-06]", "hess_inv": "[[ 2.91942172 -1.26762802 -1.25618731  0.08924557  1.0006781  -0.4183749 ]\n [-1.26762802  7.1492898   4.98979592 -1.08025811 -2.36340399  0.62769892]\n [-1.25618731  4.98979592  8.93144276 -2.1984562  -4.94233914  1.72991904]\n [ 0.08924557 -1.08025811 -2.1984562   3.07581698  1.30262266 -0.64881332]\n [ 1.0006781  -2.36340399 -4.94233914  1.30262266  5.30151515 -1.49279597]\n [-0.4183749   0.62769892  1.72991904 -0.64881332 -1.49279597  3.13562668]]", "nfev": "189", "njev": "27", "status": "0", "success": "True", "message": "Optimization terminated successfully.", "x": "[8.48687235 1.95745799 4.24767288 1.4777735  4.81240828 6.36720583]", "nit": "23", "callback": [0.7856821389857802, 0.7501799614508557, 0.7258577708568344, 0.682351327702976, 0.6206241936002914, 0.5594597938952565, 0.4825952331839276, 0.409461098807692, 0.2898522032590044, 0.23936733394963106, 0.2297106837032128, 0.21644997317449977, 0.19548589780565495, 0.1774978238989321, 0.17259984435102504, 0.16898334849100916, 0.1682684173075163, 0.16825670257827896, 0.16825649988923586, 0.1682563561280047, 0.16825627788302966, 0.16825625783041953, 0.1682562569634073]}, "4": {"maxiter": 100, "gtol": 1e-10, "xrtol": 1e-05, "eps": 1e-05, "duration": 0.07322382926940918, "fun": "0.1682562569504975", "jac": "[ 6.70241640e-08 -1.28130839e-07 -5.66324765e-08 -5.03042052e-08\n -1.35735867e-07  1.13997700e-07]", "hess_inv": "[[ 3.12416695 -1.32560247 -0.95430396  0.02829905  0.72873954 -0.31085717]\n [-1.32560247  7.54060117  5.42219746 -1.17120708 -2.64623098  0.83325893]\n [-0.95430396  5.42219746  9.95353688 -2.38137876 -5.6658071   2.06947001]\n [ 0.02829905 -1.17120708 -2.38137876  3.11213594  1.4170669  -0.69536737]\n [ 0.72873954 -2.64623098 -5.6658071   1.4170669   5.78709652 -1.68651671]\n [-0.31085717  0.83325893  2.06947001 -0.69536737 -1.68651671  3.20177192]]", "nfev": "196", "njev": "28", "status": "0", "success": "True", "message": "Optimization terminated successfully.", "x": "[8.48687172 1.95744238 4.24764282 1.47777752 4.81242699 6.36718883]", "nit": "24", "callback": [0.7856829021074458, 0.7501809114420874, 0.725858818083758, 0.6823517160611317, 0.620623559966247, 0.5594640932307683, 0.4826037830625849, 0.40946717316999326, 0.2898584995761777, 0.23936784421727642, 0.22971020423359956, 0.2164529233614333, 0.1954920039209912, 0.17749687013227822, 0.1726011891160888, 0.16898245981595617, 0.16826841592623254, 0.1682567003352733, 0.16825649661131958, 0.16825635527213334, 0.16825627513121022, 0.16825625793230603, 0.16825625696149593, 0.1682562569504975]}, "5": {"maxiter": 100, "gtol": 1e-10, "xrtol": 1e-05, "eps": 1e-10, "duration": 0.0716099739074707, "fun": "0.1682562569634073", "jac": "[-1.11022293e-06 -1.11022293e-06  1.11022293e-06 -2.22044587e-06\n -2.22044587e-06  2.22044587e-06]", "hess_inv": "[[ 2.91942172 -1.26762802 -1.25618731  0.08924557  1.0006781  -0.4183749 ]\n [-1.26762802  7.1492898   4.98979592 -1.08025811 -2.36340399  0.62769892]\n [-1.25618731  4.98979592  8.93144276 -2.1984562  -4.94233914  1.72991904]\n [ 0.08924557 -1.08025811 -2.1984562   3.07581698  1.30262266 -0.64881332]\n [ 1.0006781  -2.36340399 -4.94233914  1.30262266  5.30151515 -1.49279597]\n [-0.4183749   0.62769892  1.72991904 -0.64881332 -1.49279597  3.13562668]]", "nfev": "189", "njev": "27", "status": "0", "success": "True", "message": "Optimization terminated successfully.", "x": "[8.48687235 1.95745799 4.24767288 1.4777735  4.81240828 6.36720583]", "nit": "23", "callback": [0.7856821389857802, 0.7501799614508557, 0.7258577708568344, 0.682351327702976, 0.6206241936002914, 0.5594597938952565, 0.4825952331839276, 0.409461098807692, 0.2898522032590044, 0.23936733394963106, 0.2297106837032128, 0.21644997317449977, 0.19548589780565495, 0.1774978238989321, 0.17259984435102504, 0.16898334849100916, 0.1682684173075163, 0.16825670257827896, 0.16825649988923586, 0.1682563561280047, 0.16825627788302966, 0.16825625783041953, 0.1682562569634073]}, "6": {"maxiter": 100, "gtol": 1e-10, "xrtol": 1e-10, "eps": 1e-05, "duration": 0.18394923210144043, "fun": "0.1682562569492162", "jac": "[-6.99440506e-10  2.89768209e-09 -3.26405569e-09 -1.94289029e-09\n -1.39888101e-09  3.46389584e-09]", "hess_inv": "[[ 3.17749996 -1.48967445 -0.9975484  -0.01507049  0.64291178 -0.20341042]\n [-1.48967445  7.90384662  5.4360468  -1.05385676 -2.37802614  0.55551015]\n [-0.9975484   5.4360468   9.88799269 -2.3494137  -5.57851826  2.00625575]\n [-0.01507049 -1.05385676 -2.3494137   3.01546681  1.29932565 -0.51387127]\n [ 0.64291178 -2.37802614 -5.57851826  1.29932565  5.65435342 -1.48153034]\n [-0.20341042  0.55551015  2.00625575 -0.51387127 -1.48153034  2.86760238]]", "nfev": "487", "njev": "68", "status": "2", "success": "False", "message": "Desired error not necessarily achieved due to precision loss.", "x": "[8.48687138 1.95744337 4.24764306 1.47777763 4.81242732 6.36718849]", "nit": "26", "callback": [0.7856829021074458, 0.7501809114420874, 0.725858818083758, 0.6823517160611317, 0.620623559966247, 0.5594640932307683, 0.4826037830625849, 0.40946717316999326, 0.2898584995761777, 0.23936784421727642, 0.22971020423359956, 0.2164529233614333, 0.1954920039209912, 0.17749687013227822, 0.1726011891160888, 0.16898245981595617, 0.16826841592623254, 0.1682567003352733, 0.16825649661131958, 0.16825635527213334, 0.16825627513121022, 0.16825625793230603, 0.16825625696149593, 0.1682562569504975, 0.16825625694934343, 0.1682562569492162]}, "7": {"maxiter": 100, "gtol": 1e-10, "xrtol": 1e-10, "eps": 1e-10, "duration": 0.23800396919250488, "fun": "0.16825625692818025", "jac": "[ 3.33066880e-06  2.22044587e-06 -2.22044587e-06  0.00000000e+00\n -1.11022293e-06 -1.11022293e-06]", "hess_inv": "[[ 0.02801245  0.02760662  0.05077063  0.0035337  -0.06428633  0.07557374]\n [ 0.02760662  0.03876427  0.05803832  0.00627498 -0.07556903  0.08706942]\n [ 0.05077063  0.05803832  0.09984266  0.01163967 -0.12614911  0.14527661]\n [ 0.0035337   0.00627498  0.01163967  0.00747057 -0.01402928  0.01255052]\n [-0.06428633 -0.07556903 -0.12614911 -0.01402928  0.16232208 -0.18717126]\n [ 0.07557374  0.08706942  0.14527661  0.01255052 -0.18717126  0.23120861]]", "nfev": "677", "njev": "95", "status": "2", "success": "False", "message": "Desired error not necessarily achieved due to precision loss.", "x": "[8.48687392 1.95745248 4.24764482 1.47778437 4.81243085 6.36719417]", "nit": "39", "callback": [0.7856821389857802, 0.7501799614508557, 0.7258577708568344, 0.682351327702976, 0.6206241936002914, 0.5594597938952565, 0.4825952331839276, 0.409461098807692, 0.2898522032590044, 0.23936733394963106, 0.2297106837032128, 0.21644997317449977, 0.19548589780565495, 0.1774978238989321, 0.17259984435102504, 0.16898334849100916, 0.1682684173075163, 0.16825670257827896, 0.16825649988923586, 0.1682563561280047, 0.16825627788302966, 0.16825625783041953, 0.1682562569634073, 0.168256256932371, 0.1682562569306576, 0.1682562569296563, 0.16825625692942459, 0.1682562569293169, 0.16825625692910084, 0.16825625692905843, 0.16825625692904178, 0.16825625692897517, 0.168256256928919, 0.16825625692885793, 0.1682562569288163, 0.16825625692833468, 0.1682562569281888, 0.16825625692818047, 0.16825625692818025]}, "8": {"maxiter": 500, "gtol": 1e-05, "xrtol": 1e-05, "eps": 1e-05, "duration": 0.06386804580688477, "fun": "0.16825625696149593", "jac": "[ 2.45404808e-06 -1.38876688e-06  1.33227873e-06  5.05728792e-07\n -1.10073062e-06  1.07391873e-07]", "hess_inv": "[[ 2.94811326 -1.35648207 -1.26074351  0.08179596  0.95541957 -0.38591918]\n [-1.35648207  7.98816619  5.72663704 -1.22197175 -2.74323476  0.86007368]\n [-1.26074351  5.72663704  9.70338009 -2.33582306 -5.37939079  1.97043092]\n [ 0.08179596 -1.22197175 -2.33582306  3.10386659  1.36634606 -0.67786721]\n [ 0.95541957 -2.74323476 -5.37939079  1.36634606  5.53652319 -1.60194056]\n [-0.38591918  0.86007368  1.97043092 -0.67786721 -1.60194056  3.1732973 ]]", "nfev": "189", "njev": "27", "status": "0", "success": "True", "message": "Optimization terminated successfully.", "x": "[8.48687914 1.95743829 4.24765147 1.47777598 4.81241907 6.36719152]", "nit": "23", "callback": [0.7856829021074458, 0.7501809114420874, 0.725858818083758, 0.6823517160611317, 0.620623559966247, 0.5594640932307683, 0.4826037830625849, 0.40946717316999326, 0.2898584995761777, 0.23936784421727642, 0.22971020423359956, 0.2164529233614333, 0.1954920039209912, 0.17749687013227822, 0.1726011891160888, 0.16898245981595617, 0.16826841592623254, 0.1682567003352733, 0.16825649661131958, 0.16825635527213334, 0.16825627513121022, 0.16825625793230603, 0.16825625696149593]}, "9": {"maxiter": 500, "gtol": 1e-05, "xrtol": 1e-05, "eps": 1e-10, "duration": 0.06474494934082031, "fun": "0.1682562569634073", "jac": "[-1.11022293e-06 -1.11022293e-06  1.11022293e-06 -2.22044587e-06\n -2.22044587e-06  2.22044587e-06]", "hess_inv": "[[ 2.91942172 -1.26762802 -1.25618731  0.08924557  1.0006781  -0.4183749 ]\n [-1.26762802  7.1492898   4.98979592 -1.08025811 -2.36340399  0.62769892]\n [-1.25618731  4.98979592  8.93144276 -2.1984562  -4.94233914  1.72991904]\n [ 0.08924557 -1.08025811 -2.1984562   3.07581698  1.30262266 -0.64881332]\n [ 1.0006781  -2.36340399 -4.94233914  1.30262266  5.30151515 -1.49279597]\n [-0.4183749   0.62769892  1.72991904 -0.64881332 -1.49279597  3.13562668]]", "nfev": "189", "njev": "27", "status": "0", "success": "True", "message": "Optimization terminated successfully.", "x": "[8.48687235 1.95745799 4.24767288 1.4777735  4.81240828 6.36720583]", "nit": "23", "callback": [0.7856821389857802, 0.7501799614508557, 0.7258577708568344, 0.682351327702976, 0.6206241936002914, 0.5594597938952565, 0.4825952331839276, 0.409461098807692, 0.2898522032590044, 0.23936733394963106, 0.2297106837032128, 0.21644997317449977, 0.19548589780565495, 0.1774978238989321, 0.17259984435102504, 0.16898334849100916, 0.1682684173075163, 0.16825670257827896, 0.16825649988923586, 0.1682563561280047, 0.16825627788302966, 0.16825625783041953, 0.1682562569634073]}, "10": {"maxiter": 500, "gtol": 1e-05, "xrtol": 1e-10, "eps": 1e-05, "duration": 0.06580615043640137, "fun": "0.16825625696149593", "jac": "[ 2.45404808e-06 -1.38876688e-06  1.33227873e-06  5.05728792e-07\n -1.10073062e-06  1.07391873e-07]", "hess_inv": "[[ 2.94811326 -1.35648207 -1.26074351  0.08179596  0.95541957 -0.38591918]\n [-1.35648207  7.98816619  5.72663704 -1.22197175 -2.74323476  0.86007368]\n [-1.26074351  5.72663704  9.70338009 -2.33582306 -5.37939079  1.97043092]\n [ 0.08179596 -1.22197175 -2.33582306  3.10386659  1.36634606 -0.67786721]\n [ 0.95541957 -2.74323476 -5.37939079  1.36634606  5.53652319 -1.60194056]\n [-0.38591918  0.86007368  1.97043092 -0.67786721 -1.60194056  3.1732973 ]]", "nfev": "189", "njev": "27", "status": "0", "success": "True", "message": "Optimization terminated successfully.", "x": "[8.48687914 1.95743829 4.24765147 1.47777598 4.81241907 6.36719152]", "nit": "23", "callback": [0.7856829021074458, 0.7501809114420874, 0.725858818083758, 0.6823517160611317, 0.620623559966247, 0.5594640932307683, 0.4826037830625849, 0.40946717316999326, 0.2898584995761777, 0.23936784421727642, 0.22971020423359956, 0.2164529233614333, 0.1954920039209912, 0.17749687013227822, 0.1726011891160888, 0.16898245981595617, 0.16826841592623254, 0.1682567003352733, 0.16825649661131958, 0.16825635527213334, 0.16825627513121022, 0.16825625793230603, 0.16825625696149593]}, "11": {"maxiter": 500, "gtol": 1e-05, "xrtol": 1e-10, "eps": 1e-10, "duration": 0.06553173065185547, "fun": "0.1682562569634073", "jac": "[-1.11022293e-06 -1.11022293e-06  1.11022293e-06 -2.22044587e-06\n -2.22044587e-06  2.22044587e-06]", "hess_inv": "[[ 2.91942172 -1.26762802 -1.25618731  0.08924557  1.0006781  -0.4183749 ]\n [-1.26762802  7.1492898   4.98979592 -1.08025811 -2.36340399  0.62769892]\n [-1.25618731  4.98979592  8.93144276 -2.1984562  -4.94233914  1.72991904]\n [ 0.08924557 -1.08025811 -2.1984562   3.07581698  1.30262266 -0.64881332]\n [ 1.0006781  -2.36340399 -4.94233914  1.30262266  5.30151515 -1.49279597]\n [-0.4183749   0.62769892  1.72991904 -0.64881332 -1.49279597  3.13562668]]", "nfev": "189", "njev": "27", "status": "0", "success": "True", "message": "Optimization terminated successfully.", "x": "[8.48687235 1.95745799 4.24767288 1.4777735  4.81240828 6.36720583]", "nit": "23", "callback": [0.7856821389857802, 0.7501799614508557, 0.7258577708568344, 0.682351327702976, 0.6206241936002914, 0.5594597938952565, 0.4825952331839276, 0.409461098807692, 0.2898522032590044, 0.23936733394963106, 0.2297106837032128, 0.21644997317449977, 0.19548589780565495, 0.1774978238989321, 0.17259984435102504, 0.16898334849100916, 0.1682684173075163, 0.16825670257827896, 0.16825649988923586, 0.1682563561280047, 0.16825627788302966, 0.16825625783041953, 0.1682562569634073]}, "12": {"maxiter": 500, "gtol": 1e-10, "xrtol": 1e-05, "eps": 1e-05, "duration": 0.07362508773803711, "fun": "0.1682562569504975", "jac": "[ 6.70241640e-08 -1.28130839e-07 -5.66324765e-08 -5.03042052e-08\n -1.35735867e-07  1.13997700e-07]", "hess_inv": "[[ 3.12416695 -1.32560247 -0.95430396  0.02829905  0.72873954 -0.31085717]\n [-1.32560247  7.54060117  5.42219746 -1.17120708 -2.64623098  0.83325893]\n [-0.95430396  5.42219746  9.95353688 -2.38137876 -5.6658071   2.06947001]\n [ 0.02829905 -1.17120708 -2.38137876  3.11213594  1.4170669  -0.69536737]\n [ 0.72873954 -2.64623098 -5.6658071   1.4170669   5.78709652 -1.68651671]\n [-0.31085717  0.83325893  2.06947001 -0.69536737 -1.68651671  3.20177192]]", "nfev": "196", "njev": "28", "status": "0", "success": "True", "message": "Optimization terminated successfully.", "x": "[8.48687172 1.95744238 4.24764282 1.47777752 4.81242699 6.36718883]", "nit": "24", "callback": [0.7856829021074458, 0.7501809114420874, 0.725858818083758, 0.6823517160611317, 0.620623559966247, 0.5594640932307683, 0.4826037830625849, 0.40946717316999326, 0.2898584995761777, 0.23936784421727642, 0.22971020423359956, 0.2164529233614333, 0.1954920039209912, 0.17749687013227822, 0.1726011891160888, 0.16898245981595617, 0.16826841592623254, 0.1682567003352733, 0.16825649661131958, 0.16825635527213334, 0.16825627513121022, 0.16825625793230603, 0.16825625696149593, 0.1682562569504975]}, "13": {"maxiter": 500, "gtol": 1e-10, "xrtol": 1e-05, "eps": 1e-10, "duration": 0.07061505317687988, "fun": "0.1682562569634073", "jac": "[-1.11022293e-06 -1.11022293e-06  1.11022293e-06 -2.22044587e-06\n -2.22044587e-06  2.22044587e-06]", "hess_inv": "[[ 2.91942172 -1.267