{"date": "2024/10/08/, 20:22:48", "conf_id": 27, "data_type": "random\n", "num_data_points": 2, "s_rank": 0, "unitary": "[[0.18663085-0.53122324j,-0.11886349-0.70040876j,0.28555095-0.02789305j,-0.12262021-0.2844587j],[-0.16702216+0.27758472j,0.27526351-0.29738586j,-0.01109314+0.22495461j,-0.77239203+0.28900673j],[0.61935415+0.12301792j,-0.31269928-0.03315917j,-0.61902762-0.19039079j,-0.27120731-0.0968989j],[0.42341754+0.0023929j,-0.05847358+0.47832119j,0.64900495-0.16218422j,-0.37182676-0.05229966j]]", "databatch_0": {"databatch": "[[[-0.15193678+0.03878013j,0.19996856-0.1580094j,0.24995847+0.05761358j,0.0324961-0.09596735j],[0.06100565+0.00658139j,0.00864953+0.10383486j,-0.01115353+0.2712143j,-0.0183956+0.11294826j],[0.03289048-0.04370833j,-0.16399837+0.15565605j,-0.48418992-0.08136731j,-0.08239542-0.00984264j],[0.21664461-0.34707345j,-0.00804533+0.36318182j,0.11216879-0.08584452j,0.29415003+0.15841393j]],[[-0.11110911+0.13028034j,0.08996033-0.11136097j,-0.2079091-0.03399675j,0.31723626-0.03338481j],[-0.02982013-0.15681622j,-0.09078987+0.14868456j,0.01384315-0.07891936j,-0.02255091+0.32319863j],[0.05123127-0.28403467j,-0.18940223+0.16794912j,0.1372863-0.16793166j,-0.32886214+0.50971646j],[-0.10854235+0.0160624j,0.10796651-0.02019911j,-0.06693685-0.1136696j,0.14548667+0.10850782j]]]", "initial param values": "[1.7692817,5.61958817,1.6293763,0.32612859,5.54094657,2.59684448]", "nelder_mead": {"type": "gradient-free", "0": {"maxiter": 100, "fatol": 1e-05, "xatol": 1e-05, "duration": 0.06208300590515137, "fun": "0.46690279506037347", "nit": "100", "nfev": "152", "status": "2", "success": "False", "message": "Maximum number of iterations has been exceeded.", "x": "[ 3.06582777  1.47910623 -2.09970952  1.29164071  2.42796263  4.25701605]", "final_simplex": "(array([[ 3.06582777,  1.47910623, -2.09970952,  1.29164071,  2.42796263,\n         4.25701605],\n       [ 2.95778096,  1.22688872, -2.29699817,  1.35911956,  2.25825288,\n         4.51717456],\n       [ 2.94033541,  1.94654172, -1.76871579,  1.189013  ,  2.70267774,\n         4.07531933],\n       [ 2.95739174,  1.76769286, -1.83648225,  1.20991924,  2.83158749,\n         4.07318064],\n       [ 3.05725886,  1.04686238, -2.24999248,  1.37981016,  2.34577577,\n         4.46487761],\n       [ 3.15720832,  1.21563018, -2.50471259,  1.35938133,  2.52620846,\n         4.35558512],\n       [ 3.14986675,  0.95219608, -2.510476  ,  1.38515597,  2.6040217 ,\n         4.42511764]]), array([0.4669028 , 0.46721208, 0.47178812, 0.47516548, 0.47997127,\n       0.48747205, 0.48797268]))", "callback": [0.9225248897972864, 0.674094904026947, 0.674094904026947, 0.6696785618589347, 0.6497488968513504, 0.6321262886409347, 0.6254072671585137, 0.6198405054389842, 0.5858065327567878, 0.49430294732162017]}, "1": {"maxiter": 100, "fatol": 1e-05, "xatol": 1e-10, "duration": 0.05314517021179199, "fun": "0.46690279506037347", "nit": "100", "nfev": "152", "status": "2", "success": "False", "message": "Maximum number of iterations has been exceeded.", "x": "[ 3.06582777  1.47910623 -2.09970952  1.29164071  2.42796263  4.25701605]", "final_simplex": "(array([[ 3.06582777,  1.47910623, -2.09970952,  1.29164071,  2.42796263,\n         4.25701605],\n       [ 2.95778096,  1.22688872, -2.29699817,  1.35911956,  2.25825288,\n         4.51717456],\n       [ 2.94033541,  1.94654172, -1.76871579,  1.189013  ,  2.70267774,\n         4.07531933],\n       [ 2.95739174,  1.76769286, -1.83648225,  1.20991924,  2.83158749,\n         4.07318064],\n       [ 3.05725886,  1.04686238, -2.24999248,  1.37981016,  2.34577577,\n         4.46487761],\n       [ 3.15720832,  1.21563018, -2.50471259,  1.35938133,  2.52620846,\n         4.35558512],\n       [ 3.14986675,  0.95219608, -2.510476  ,  1.38515597,  2.6040217 ,\n         4.42511764]]), array([0.4669028 , 0.46721208, 0.47178812, 0.47516548, 0.47997127,\n       0.48747205, 0.48797268]))", "callback": [0.9225248897972864, 0.674094904026947, 0.674094904026947, 0.6696785618589347, 0.6497488968513504, 0.6321262886409347, 0.6254072671585137, 0.6198405054389842, 0.5858065327567878, 0.49430294732162017]}, "2": {"maxiter": 100, "fatol": 1e-10, "xatol": 1e-05, "duration": 0.053466081619262695, "fun": "0.46690279506037347", "nit": "100", "nfev": "152", "status": "2", "success": "False", "message": "Maximum number of iterations has been exceeded.", "x": "[ 3.06582777  1.47910623 -2.09970952  1.29164071  2.42796263  4.25701605]", "final_simplex": "(array([[ 3.06582777,  1.47910623, -2.09970952,  1.29164071,  2.42796263,\n         4.25701605],\n       [ 2.95778096,  1.22688872, -2.29699817,  1.35911956,  2.25825288,\n         4.51717456],\n       [ 2.94033541,  1.94654172, -1.76871579,  1.189013  ,  2.70267774,\n         4.07531933],\n       [ 2.95739174,  1.76769286, -1.83648225,  1.20991924,  2.83158749,\n         4.07318064],\n       [ 3.05725886,  1.04686238, -2.24999248,  1.37981016,  2.34577577,\n         4.46487761],\n       [ 3.15720832,  1.21563018, -2.50471259,  1.35938133,  2.52620846,\n         4.35558512],\n       [ 3.14986675,  0.95219608, -2.510476  ,  1.38515597,  2.6040217 ,\n         4.42511764]]), array([0.4669028 , 0.46721208, 0.47178812, 0.47516548, 0.47997127,\n       0.48747205, 0.48797268]))", "callback": [0.9225248897972864, 0.674094904026947, 0.674094904026947, 0.6696785618589347, 0.6497488968513504, 0.6321262886409347, 0.6254072671585137, 0.6198405054389842, 0.5858065327567878, 0.49430294732162017]}, "3": {"maxiter": 100, "fatol": 1e-10, "xatol": 1e-10, "duration": 0.05298590660095215, "fun": "0.46690279506037347", "nit": "100", "nfev": "152", "status": "2", "success": "False", "message": "Maximum number of iterations has been exceeded.", "x": "[ 3.06582777  1.47910623 -2.09970952  1.29164071  2.42796263  4.25701605]", "final_simplex": "(array([[ 3.06582777,  1.47910623, -2.09970952,  1.29164071,  2.42796263,\n         4.25701605],\n       [ 2.95778096,  1.22688872, -2.29699817,  1.35911956,  2.25825288,\n         4.51717456],\n       [ 2.94033541,  1.94654172, -1.76871579,  1.189013  ,  2.70267774,\n         4.07531933],\n       [ 2.95739174,  1.76769286, -1.83648225,  1.20991924,  2.83158749,\n         4.07318064],\n       [ 3.05725886,  1.04686238, -2.24999248,  1.37981016,  2.34577577,\n         4.46487761],\n       [ 3.15720832,  1.21563018, -2.50471259,  1.35938133,  2.52620846,\n         4.35558512],\n       [ 3.14986675,  0.95219608, -2.510476  ,  1.38515597,  2.6040217 ,\n         4.42511764]]), array([0.4669028 , 0.46721208, 0.47178812, 0.47516548, 0.47997127,\n       0.48747205, 0.48797268]))", "callback": [0.9225248897972864, 0.674094904026947, 0.674094904026947, 0.6696785618589347, 0.6497488968513504, 0.6321262886409347, 0.6254072671585137, 0.6198405054389842, 0.5858065327567878, 0.49430294732162017]}, "4": {"maxiter": 500, "fatol": 1e-05, "xatol": 1e-05, "duration": 0.23772382736206055, "fun": "0.2550327169263147", "nit": "500", "nfev": "747", "status": "2", "success": "False", "message": "Maximum number of iterations has been exceeded.", "x": "[ 1.57461447  1.14821966 -2.27387759  2.74171065  2.22469275  4.42704575]", "final_simplex": "(array([[ 1.57461447,  1.14821966, -2.27387759,  2.74171065,  2.22469275,\n         4.42704575],\n       [ 1.56973937,  1.15011126, -2.279461  ,  2.74055934,  2.21823175,\n         4.42516495],\n       [ 1.56984521,  1.15208056, -2.2777026 ,  2.74494145,  2.21164699,\n         4.41694247],\n       [ 1.56554974,  1.15237413, -2.27276483,  2.7455753 ,  2.22078747,\n         4.43165291],\n       [ 1.57017735,  1.14176791, -2.28480728,  2.74616101,  2.20414969,\n         4.40925621],\n       [ 1.57139757,  1.15206058, -2.27493251,  2.74250494,  2.21070626,\n         4.41991302],\n       [ 1.56539701,  1.15180792, -2.27523452,  2.74987291,  2.22501205,\n         4.43296983]]), array([0.25503272, 0.25503756, 0.25504115, 0.25504458, 0.25504682,\n       0.25504703, 0.25504873]))", "callback": [0.9225248897972864, 0.674094904026947, 0.674094904026947, 0.6696785618589347, 0.6497488968513504, 0.6321262886409347, 0.6254072671585137, 0.6198405054389842, 0.5858065327567878, 0.49430294732162017, 0.4571565168666152, 0.4502713969983173, 0.446370510980877, 0.44157305666674196, 0.4296765097640779, 0.42844492062175465, 0.42660851164820135, 0.42432869951764296, 0.4213982606471811, 0.4080102551234436, 0.3654406809316496, 0.35040971798669407, 0.323191637937678, 0.29493765374087566, 0.275930840727851, 0.26532601065702743, 0.25815956246896343, 0.2571426573653409, 0.25636957156255435, 0.2562677826432195, 0.2562451947145019, 0.2562379690920433, 0.2562371159256206, 0.2562359165225845, 0.2562350975859109, 0.2562327455335198, 0.25623055689822904, 0.25622427836239936, 0.2562187773913831, 0.2562138547423436, 0.2561988199035147, 0.25616286266554433, 0.25611523491580235, 0.2559709421940737, 0.2554832937890037, 0.2551448775484867, 0.2550978277710403, 0.25507445184050315, 0.2550587342426742, 0.2550487267437842]}, "5": {"maxiter": 500, "fatol": 1e-05, "xatol": 1e-10, "duration": 0.2759990692138672, "fun": "0.2550327169263147", "nit": "500", "nfev": "747", "status": "2", "success": "False", "message": "Maximum number of iterations has been exceeded.", "x": "[ 1.57461447  1.14821966 -2.27387759  2.74171065  2.22469275  4.42704575]", "final_simplex": "(array([[ 1.57461447,  1.14821966, -2.27387759,  2.74171065,  2.22469275,\n         4.42704575],\n       [ 1.56973937,  1.15011126, -2.279461  ,  2.74055934,  2.21823175,\n         4.42516495],\n       [ 1.56984521,  1.15208056, -2.2777026 ,  2.74494145,  2.21164699,\n         4.41694247],\n       [ 1.56554974,  1.15237413, -2.27276483,  2.7455753 ,  2.22078747,\n         4.43165291],\n       [ 1.57017735,  1.14176791, -2.28480728,  2.74616101,  2.20414969,\n         4.40925621],\n       [ 1.57139757,  1.15206058, -2.27493251,  2.74250494,  2.21070626,\n         4.41991302],\n       [ 1.56539701,  1.15180792, -2.27523452,  2.74987291,  2.22501205,\n         4.43296983]]), array([0.25503272, 0.25503756, 0.25504115, 0.25504458, 0.25504682,\n       0.25504703, 0.25504873]))", "callback": [0.9225248897972864, 0.674094904026947, 0.674094904026947, 0.6696785618589347, 0.6497488968513504, 0.6321262886409347, 0.6254072671585137, 0.6198405054389842, 0.5858065327567878, 0.49430294732162017, 0.4571565168666152, 0.4502713969983173, 0.446370510980877, 0.44157305666674196, 0.4296765097640779, 0.42844492062175465, 0.42660851164820135, 0.42432869951764296, 0.4213982606471811, 0.4080102551234436, 0.3654406809316496, 0.35040971798669407, 0.323191637937678, 0.29493765374087566, 0.275930840727851, 0.26532601065702743, 0.25815956246896343, 0.2571426573653409, 0.25636957156255435, 0.2562677826432195, 0.2562451947145019, 0.2562379690920433, 0.2562371159256206, 0.2562359165225845, 0.2562350975859109, 0.2562327455335198, 0.25623055689822904, 0.25622427836239936, 0.2562187773913831, 0.2562138547423436, 0.2561988199035147, 0.25616286266554433, 0.25611523491580235, 0.2559709421940737, 0.2554832937890037, 0.2551448775484867, 0.2550978277710403, 0.25507445184050315, 0.2550587342426742, 0.2550487267437842]}, "6": {"maxiter": 500, "fatol": 1e-10, "xatol": 1e-05, "duration": 0.291640043258667, "fun": "0.2550327169263147", "nit": "500", "nfev": "747", "status": "2", "success": "False", "message": "Maximum number of iterations has been exceeded.", "x": "[ 1.57461447  1.14821966 -2.27387759  2.74171065  2.22469275  4.42704575]", "final_simplex": "(array([[ 1.57461447,  1.14821966, -2.27387759,  2.74171065,  2.22469275,\n         4.42704575],\n       [ 1.56973937,  1.15011126, -2.279461  ,  2.74055934,  2.21823175,\n         4.42516495],\n       [ 1.56984521,  1.15208056, -2.2777026 ,  2.74494145,  2.21164699,\n         4.41694247],\n       [ 1.56554974,  1.15237413, -2.27276483,  2.7455753 ,  2.22078747,\n         4.43165291],\n       [ 1.57017735,  1.14176791, -2.28480728,  2.74616101,  2.20414969,\n         4.40925621],\n       [ 1.57139757,  1.15206058, -2.27493251,  2.74250494,  2.21070626,\n         4.41991302],\n       [ 1.56539701,  1.15180792, -2.27523452,  2.74987291,  2.22501205,\n         4.43296983]]), array([0.25503272, 0.25503756, 0.25504115, 0.25504458, 0.25504682,\n       0.25504703, 0.25504873]))", "callback": [0.9225248897972864, 0.674094904026947, 0.674094904026947, 0.6696785618589347, 0.6497488968513504, 0.6321262886409347, 0.6254072671585137, 0.6198405054389842, 0.5858065327567878, 0.49430294732162017, 0.4571565168666152, 0.4502713969983173, 0.446370510980877, 0.44157305666674196, 0.4296765097640779, 0.42844492062175465, 0.42660851164820135, 0.42432869951764296, 0.4213982606471811, 0.4080102551234436, 0.3654406809316496, 0.35040971798669407, 0.323191637937678, 0.29493765374087566, 0.275930840727851, 0.26532601065702743, 0.25815956246896343, 0.2571426573653409, 0.25636957156255435, 0.2562677826432195, 0.2562451947145019, 0.2562379690920433, 0.2562371159256206, 0.2562359165225845, 0.2562350975859109, 0.2562327455335198, 0.25623055689822904, 0.25622427836239936, 0.2562187773913831, 0.2562138547423436, 0.2561988199035147, 0.25616286266554433, 0.25611523491580235, 0.2559709421940737, 0.2554832937890037, 0.2551448775484867, 0.2550978277710403, 0.25507445184050315, 0.2550587342426742, 0.2550487267437842]}, "7": {"maxiter": 500, "fatol": 1e-10, "xatol": 1e-10, "duration": 0.27554988861083984, "fun": "0.2550327169263147", "nit": "500", "nfev": "747", "status": "2", "success": "False", "message": "Maximum number of iterations has been exceeded.", "x": "[ 1.57461447  1.14821966 -2.27387759  2.74171065  2.22469275  4.42704575]", "final_simplex": "(array([[ 1.57461447,  1.14821966, -2.27387759,  2.74171065,  2.22469275,\n         4.42704575],\n       [ 1.56973937,  1.15011126, -2.279461  ,  2.74055934,  2.21823175,\n         4.42516495],\n       [ 1.56984521,  1.15208056, -2.2777026 ,  2.74494145,  2.21164699,\n         4.41694247],\n       [ 1.56554974,  1.15237413, -2.27276483,  2.7455753 ,  2.22078747,\n         4.43165291],\n       [ 1.57017735,  1.14176791, -2.28480728,  2.74616101,  2.20414969,\n         4.40925621],\n       [ 1.57139757,  1.15206058, -2.27493251,  2.74250494,  2.21070626,\n         4.41991302],\n       [ 1.56539701,  1.15180792, -2.27523452,  2.74987291,  2.22501205,\n         4.43296983]]), array([0.25503272, 0.25503756, 0.25504115, 0.25504458, 0.25504682,\n       0.25504703, 0.25504873]))", "callback": [0.9225248897972864, 0.674094904026947, 0.674094904026947, 0.6696785618589347, 0.6497488968513504, 0.6321262886409347, 0.6254072671585137, 0.6198405054389842, 0.5858065327567878, 0.49430294732162017, 0.4571565168666152, 0.4502713969983173, 0.446370510980877, 0.44157305666674196, 0.4296765097640779, 0.42844492062175465, 0.42660851164820135, 0.42432869951764296, 0.4213982606471811, 0.4080102551234436, 0.3654406809316496, 0.35040971798669407, 0.323191637937678, 0.29493765374087566, 0.275930840727851, 0.26532601065702743, 0.25815956246896343, 0.2571426573653409, 0.25636957156255435, 0.2562677826432195, 0.2562451947145019, 0.2562379690920433, 0.2562371159256206, 0.2562359165225845, 0.2562350975859109, 0.2562327455335198, 0.25623055689822904, 0.25622427836239936, 0.2562187773913831, 0.2562138547423436, 0.2561988199035147, 0.25616286266554433, 0.25611523491580235, 0.2559709421940737, 0.2554832937890037, 0.2551448775484867, 0.2550978277710403, 0.25507445184050315, 0.2550587342426742, 0.2550487267437842]}, "8": {"maxiter": 1000, "fatol": 1e-05, "xatol": 1e-05, "duration": 0.37802720069885254, "fun": "0.25500945291934807", "nit": "652", "nfev": "991", "status": "0", "success": "True", "message": "Optimization terminated successfully.", "x": "[ 1.56840391  1.14791835 -2.26986448  2.73690068  2.22591234  4.41948328]", "final_simplex": "(array([[ 1.56840391,  1.14791835, -2.26986448,  2.73690068,  2.22591234,\n         4.41948328],\n       [ 1.56840166,  1.14791896, -2.26986194,  2.73689983,  2.22592011,\n         4.41948807],\n       [ 1.56840066,  1.14791637, -2.26986209,  2.73690238,  2.22591481,\n         4.41948279],\n       [ 1.56840725,  1.14791483, -2.26986223,  2.73689802,  2.22591587,\n         4.41948266],\n       [ 1.56840683,  1.14791982, -2.26985981,  2.73689821,  2.22591264,\n         4.41948112],\n       [ 1.56840412,  1.14791559, -2.26986088,  2.73690392,  2.22591952,\n         4.41948749],\n       [ 1.56840408,  1.14792101, -2.26985755,  2.73689571,  2.22591898,\n         4.41949123]]), array([0.25500945, 0.25500945, 0.25500945, 0.25500945, 0.25500945,\n       0.25500945, 0.25500945]))", "callback": [0.9225248897972864, 0.674094904026947, 0.674094904026947, 0.6696785618589347, 0.6497488968513504, 0.6321262886409347, 0.6254072671585137, 0.6198405054389842, 0.5858065327567878, 0.49430294732162017, 0.4571565168666152, 0.4502713969983173, 0.446370510980877, 0.44157305666674196, 0.4296765097640779, 0.42844492062175465, 0.42660851164820135, 0.42432869951764296, 0.4213982606471811, 0.4080102551234436, 0.3654406809316496, 0.35040971798669407, 0.323191637937678, 0.29493765374087566, 0.275930840727851, 0.26532601065702743, 0.25815956246896343, 0.2571426573653409, 0.25636957156255435, 0.2562677826432195, 0.2562451947145019, 0.2562379690920433, 0.2562371159256206, 0.2562359165225845, 0.2562350975859109, 0.2562327455335198, 0.25623055689822904, 0.25622427836239936, 0.2562187773913831, 0.2562138547423436, 0.2561988199035147, 0.25616286266554433, 0.25611523491580235, 0.2559709421940737, 0.2554832937890037, 0.2551448775484867, 0.2550978277710403, 0.25507445184050315, 0.2550587342426742, 0.2550487267437842, 0.25503114542714844, 0.25502463888523186, 0.2550215835707059, 0.2550186677271764, 0.2550160375626338, 0.2550125188758734, 0.2550105814682022, 0.25501008889376986, 0.25500959891675445, 0.2550094815599274, 0.2550094574920423, 0.25500945381388185, 0.2550094531124423, 0.2550094529461211, 0.2550094529257354, 0.25500945291934807]}, "9": {"maxiter": 1000, "fatol": 1e-05, "xatol": 1e-10, "duration": 0.4144430160522461, "fun": "0.2550094529182836", "nit": "742", "nfev": "1207", "status": "0", "success": "True", "message": "Optimization terminated successfully.", "x": "[ 1.56840376  1.14791821 -2.26986175  2.7369      2.22591726  4.41948653]", "final_simplex": "(array([[ 1.56840376,  1.14791821, -2.26986175,  2.7369    ,  2.22591726,\n         4.41948653],\n       [ 1.56840376,  1.14791821, -2.26986175,  2.7369    ,  2.22591726,\n         4.41948653],\n       [ 1.56840376,  1.14791821, -2.26986175,  2.7369    ,  2.22591726,\n         4.41948653],\n       [ 1.56840376,  1.14791821, -2.26986175,  2.7369    ,  2.22591726,\n         4.41948653],\n       [ 1.56840376,  1.14791821, -2.26986175,  2.7369    ,  2.22591726,\n         4.41948653],\n       [ 1.56840376,  1.14791821, -2.26986175,  2.7369    ,  2.22591726,\n         4.41948653],\n       [ 1.56840376,  1.14791821, -2.26986175,  2.7369    ,  2.22591726,\n         4.41948653]]), array([0.25500945, 0.25500945, 0.25500945, 0.25500945, 0.25500945,\n       0.25500945, 0.25500945]))", "callback": [0.9225248897972864, 0.674094904026947, 0.674094904026947, 0.6696785618589347, 0.6497488968513504, 0.6321262886409347, 0.6254072671585137, 0.6198405054389842, 0.5858065327567878, 0.49430294732162017, 0.4571565168666152, 0.4502713969983173, 0.446370510980877, 0.44157305666674196, 0.4296765097640779, 0.42844492062175465, 0.42660851164820135, 0.42432869951764296, 0.4213982606471811, 0.4080102551234436, 0.3654406809316496, 0.35040971798669407, 0.323191637937678, 0.29493765374087566, 0.275930840727851, 0.26532601065702743, 0.25815956246896343, 0.2571426573653409, 0.25636957156255435, 0.2562677826432195, 0.2562451947145019, 0.2562379690920433, 0.2562371159256206, 0.2562359165225845, 0.2562350975859109, 0.2562327455335198, 0.25623055689822904, 0.25622427836239936, 0.2562187773913831, 0.2562138547423436, 0.2561988199035147, 0.25616286266554433, 0.25611523491580235, 0.2559709421940737, 0.2554832937890037, 0.2551448775484867, 0.2550978277710403, 0.25507445184050315, 0.2550587342426742, 0.2550487267437842, 0.25503114542714844, 0.25502463888523186, 0.2550215835707059, 0.2550186677271764, 0.2550160375626338, 0.2550125188758734, 0.2550105814682022, 0.25501008889376986, 0.25500959891675445, 0.2550094815599274, 0.2550094574920423, 0.25500945381388185, 0.2550094531124423, 0.2550094529461211, 0.2550094529257354, 0.25500945291934807, 0.2550094529184551, 0.25500945291830757, 0.255009452918288, 0.2550094529182849, 0.2550094529182838, 0.2550094529182836, 0.2550094529182836, 0.2550094529182836, 0.2550094529182836]}, "10": {"maxiter": 1000, "fatol": 1e-10, "xatol": 1e-05, "duration": 0.31350088119506836, "fun": "0.25500945291934807", "nit": "652", "nfev": "991", "status": "0", "success": "True", "message": "Optimization terminated successfully.", "x": "[ 1.56840391  1.14791835 -2.26986448  2.73690068  2.22591234  4.41948328]", "final_simplex": "(array([[ 1.56840391,  1.14791835, -2.26986448,  2.73690068,  2.22591234,\n         4.41948328],\n       [ 1.56840166,  1.14791896, -2.26986194,  2.73689983,  2.22592011,\n         4.41948807],\n       [ 1.56840066,  1.14791637, -2.26986209,  2.73690238,  2.22591481,\n         4.41948279],\n       [ 1.56840725,  1.14791483, -2.26986223,  2.73689802,  2.22591587,\n         4.41948266],\n       [ 1.56840683,  1.14791982, -2.26985981,  2.73689821,  2.22591264,\n         4.41948112],\n       [ 1.56840412,  1.14791559, -2.26986088,  2.73690392,  2.22591952,\n         4.41948749],\n       [ 1.56840408,  1.14792101, -2.26985755,  2.73689571,  2.22591898,\n         4.41949123]]), array([0.25500945, 0.25500945, 0.25500945, 0.25500945, 0.25500945,\n       0.25500945, 0.25500945]))", "callback": [0.9225248897972864, 0.674094904026947, 0.674094904026947, 0.6696785618589347, 0.6497488968513504, 0.6321262886409347, 0.6254072671585137, 0.6198405054389842, 0.5858065327567878, 0.49430294732162017, 0.4571565168666152, 0.4502713969983173, 0.446370510980877, 0.44157305666674196, 0.4296765097640779, 0.42844492062175465, 0.42660851164820135, 0.42432869951764296, 0.4213982606471811, 0.4080102551234436, 0.3654406809316496, 0.35040971798669407, 0.323191637937678, 0.29493765374087566, 0.275930840727851, 0.26532601065702743, 0.25815956246896343, 0.2571426573653409, 0.25636957156255435, 0.2562677826432195, 0.2562451947145019, 0.2562379690920433, 0.2562371159256206, 0.2562359165225845, 0.2562350975859109, 0.2562327455335198, 0.25623055689822904, 0.25622427836239936, 0.2562187773913831, 0.2562138547423436, 0.2561988199035147, 0.25616286266554433, 0.25611523491580235, 0.2559709421940737, 0.2554832937890037, 0.2551448775484867, 0.2550978277710403, 0.25507445184050315, 0.2550587342426742, 0.2550487267437842, 0.25503114542714844, 0.25502463888523186, 0.2550215835707059, 0.2550186677271764, 0.2550160375626338, 0.2550125188758734, 0.2550105814682022, 0.25501008889376986, 0.25500959891675445, 0.2550094815599274, 0.2550094574920423, 0.25500945381388185, 0.2550094531124423, 0.2550094529461211, 0.2550094529257354, 0.25500945291934807]}, "11": {"maxiter": 1000, "fatol": 1e-10, "xatol": 1e-10, "duration": 0.49512195587158203, "fun": "0.2550094529182836", "nit": "742", "nfev": "1207", "status": "0", "success": "True", "message": "Optimization terminated successfully.", "x": "[ 1.56840376  1.14791821 -2.26986175  2.7369      2.22591726  4.41948653]", "final_simplex": "(array([[ 1.56840376,  1.14791821, -2.26986175,  2.7369    ,  2.22591726,\n         4.41948653],\n       [ 1.56840376,  1.14791821, -2.26986175,  2.7369    ,  2.22591726,\n         4.41948653],\n       [ 1.56840376,  1.14791821, -2.26986175,  2.7369    ,  2.22591726,\n         4.41948653],\n       [ 1.56840376,  1.14791821, -2.26986175,  2.7369    ,  2.22591726,\n         4.41948653],\n       [ 1.56840376,  1.14791821, -2.26986175,  2.7369    ,  2.22591726,\n         4.41948653],\n       [ 1.56840376,  1.14791821, -2.26986175,  2.7369    ,  2.22591726,\n         4.41948653],\n       [ 1.56840376,  1.14791821, -2.26986175,  2.7369    ,  2.22591726,\n         4.41948653]]), array([0.25500945, 0.25500945, 0.25500945, 0.25500945, 0.25500945,\n       0.25500945, 0.25500945]))", "callback": [0.9225248897972864, 0.674094904026947, 0.674094904026947, 0.6696785618589347, 0.6497488968513504, 0.6321262886409347, 0.6254072671585137, 0.6198405054389842, 0.5858065327567878, 0.49430294732162017, 0.4571565168666152, 0.4502713969983173, 0.446370510980877, 0.44157305666674196, 0.4296765097640779, 0.42844492062175465, 0.42660851164820135, 0.42432869951764296, 0.4213982606471811, 0.4080102551234436, 0.3654406809316496, 0.35040971798669407, 0.323191637937678, 0.29493765374087566, 0.275930840727851, 0.26532601065702743, 0.25815956246896343, 0.2571426573653409, 0.25636957156255435, 0.2562677826432195, 0.2562451947145019, 0.2562379690920433, 0.2562371159256206, 0.2562359165225845, 0.2562350975859109, 0.2562327455335198, 0.25623055689822904, 0.25622427836239936, 0.2562187773913831, 0.2562138547423436, 0.2561988199035147, 0.25616286266554433, 0.25611523491580235, 0.2559709421940737, 0.2554832937890037, 0.2551448775484867, 0.2550978277710403, 0.25507445184050315, 0.2550587342426742, 0.2550487267437842, 0.25503114542714844, 0.25502463888523186, 0.2550215835707059, 0.2550186677271764, 0.2550160375626338, 0.2550125188758734, 0.2550105814682022, 0.25501008889376986, 0.25500959891675445, 0.2550094815599274, 0.2550094574920423, 0.25500945381388185, 0.2550094531124423, 0.2550094529461211, 0.2550094529257354, 0.25500945291934807, 0.2550094529184551, 0.25500945291830757, 0.255009452918288, 0.2550094529182849, 0.2550094529182838, 0.2550094529182836, 0.2550094529182836, 0.2550094529182836, 0.2550094529182836]}}, "bfgs": {"type": "gradient", "0": {"maxiter": 100, "gtol": 1e-05, "xrtol": 1e-05, "eps": 1e-05, "duration": 0.11640334129333496, "fun": "0.25500945311238754", "jac": "[-4.71744865e-07  1.39419587e-06 -8.42426129e-07 -2.80943047e-06\n  7.96451793e-07 -5.47173418e-07]", "hess_inv": "[[ 5.17377253  0.85090192  0.95048134 -2.57174552  1.22122527  2.92596084]\n [ 0.85090192  6.25281556  2.47026798  2.44026221  3.44419911  5.58823828]\n [ 0.95048134  2.47026798  6.72729     1.26826073  7.94535665  8.18658813]\n [-2.57174552  2.44026221  1.26826073  5.6885353   2.40666941  1.41262615]\n [ 1.22122527  3.44419911  7.94535665  2.40666941 28.72482253 28.12983555]\n [ 2.92596084  5.58823828  8.18658813  1.41262615 28.12983555 32.61675902]]", "nfev": "343", "njev": "49", "status": "0", "success": "True", "message": "Optimization terminated successfully.", "x": "[4.71477251 4.28948465 0.87169421 3.54626589 5.36743058 1.27780822]", "nit": "32", "callback": [0.7942961103390367, 0.667059954461989, 0.6645135411525713, 0.6436212381514921, 0.6028148427565643, 0.5503275921915134, 0.5281091593269583, 0.4866000542753939, 0.4147763487392949, 0.329696384929382, 0.2958770217932085, 0.2827797720784916, 0.28031081428183857, 0.2763665903900401, 0.2731994825150732, 0.27227780180590244, 0.2707563621472193, 0.2694706124003815, 0.2694033123735421, 0.26938793505596337, 0.2693783483235215, 0.259535000811179, 0.2595153645933572, 0.2587297017084791, 0.2573201787662862, 0.2554152805543213, 0.2551407609989875, 0.25510022953650024, 0.2550371194870953, 0.2550095011376968, 0.2550094554154204, 0.25500945311238754]}, "1": {"maxiter": 100, "gtol": 1e-05, "xrtol": 1e-05, "eps": 1e-10, "duration": 0.12985682487487793, "fun": "0.2550094530337702", "jac": "[ 1.11022293e-06  0.00000000e+00  5.55111466e-06 -3.33066880e-06\n -2.22044587e-06 -3.33066880e-06]", "hess_inv": "[[ 5.58238745  1.50888268  1.88653121 -2.74898787  1.86991073  3.42638812]\n [ 1.50888268  6.76504009  3.51710261  1.70754645  4.39022488  6.1513678 ]\n [ 1.88653121  3.51710261  7.75591481  0.98776382  8.80140501  8.95530407]\n [-2.74898787  1.70754645  0.98776382  5.61680861  1.74983841  0.71937302]\n [ 1.86991073  4.39022488  8.80140501  1.74983841 30.18355731 29.70487699]\n [ 3.42638812  6.1513678   8.95530407  0.71937302 29.70487699 33.471502  ]]", "nfev": "350", "njev": "50", "status": "0", "success": "True", "message": "Optimization terminated successfully.", "x": "[4.71480273 4.28951314 0.87173826 3.54626392 5.36747805 1.27786257]", "nit": "32", "callback": [0.7942941675827601, 0.6670619193901098, 0.6645155169899166, 0.6436244142467504, 0.602820508431847, 0.5503434659323465, 0.5281246687088543, 0.48661146605665784, 0.41477488485801206, 0.3296801686114421, 0.29587771801106033, 0.28278663061695997, 0.280323988601171, 0.2763859171496047, 0.2732008580850689, 0.2722806278398966, 0.27076058463163144, 0.2694706723249225, 0.2694032965508666, 0.2693878692891931, 0.2693782470297915, 0.26010652176885485, 0.2600870537271137, 0.2574253808803443, 0.2552972384785164, 0.2551969485078509, 0.2550807741803369, 0.25502835768740095, 0.25501071892647376, 0.25500948268769263, 0.2550094536341968, 0.2550094530337702]}, "2": {"maxiter": 100, "gtol": 1e-05, "xrtol": 1e-10, "eps": 1e-05, "duration": 0.11896109580993652, "fun": "0.25500945311238754", "jac": "[-4.71744865e-07  1.39419587e-06 -8.42426129e-07 -2.80943047e-06\n  7.96451793e-07 -5.47173418e-07]", "hess_inv": "[[ 5.17377253  0.85090192  0.95048134 -2.57174552  1.22122527  2.92596084]\n [ 0.85090192  6.25281556  2.47026798  2.44026221  3.44419911  5.58823828]\n [ 0.95048134  2.47026798  6.72729     1.26826073  7.94535665  8.18658813]\n [-2.57174552  2.44026221  1.26826073  5.6885353   2.40666941  1.41262615]\n [ 1.22122527  3.44419911  7.94535665  2.40666941 28.72482253 28.12983555]\n [ 2.92596084  5.58823828  8.18658813  1.41262615 28.12983555 32.61675902]]", "nfev": "343", "njev": "49", "status": "0", "success": "True", "message": "Optimization terminated successfully.", "x": "[4.71477251 4.28948465 0.87169421 3.54626589 5.36743058 1.27780822]", "nit": "32", "callback": [0.7942961103390367, 0.667059954461989, 0.6645135411525713, 0.6436212381514921, 0.6028148427565643, 0.5503275921915134, 0.5281091593269583, 0.4866000542753939, 0.4147763487392949, 0.329696384929382, 0.2958770217932085, 0.2827797720784916, 0.28031081428183857, 0.2763665903900401, 0.2731994825150732, 0.27227780180590244, 0.2707563621472193, 0.2694706124003815, 0.2694033123735421, 0.26938793505596337, 0.2693783483235215, 0.259535000811179, 0.2595153645933572, 0.2587297017084791, 0.2573201787662862, 0.2554152805543213, 0.2551407609989875, 0.25510022953650024, 0.2550371194870953, 0.2550095011376968, 0.2550094554154204, 0.25500945311238754]}, "3": {"maxiter": 100, "gtol": 1e-05, "xrtol": 1e-10, "eps": 1e-10, "duration": 0.120697021484375, "fun": "0.2550094530337702", "jac": "[ 1.11022293e-06  0.00000000e+00  5.55111466e-06 -3.33066880e-06\n -2.22044587e-06 -3.33066880e-06]", "hess_inv": "[[ 5.58238745  1.50888268  1.88653121 -2.74898787  1.86991073  3.42638812]\n [ 1.50888268  6.76504009  3.51710261  1.70754645  4.39022488  6.1513678 ]\n [ 1.88653121  3.51710261  7.75591481  0.98776382  8.80140501  8.95530407]\n [-2.74898787  1.70754645  0.98776382  5.61680861  1.74983841  0.71937302]\n [ 1.86991073  4.39022488  8.80140501  1.74983841 30.18355731 29.70487699]\n [ 3.42638812  6.1513678   8.95530407  0.71937302 29.70487699 33.471502  ]]", "nfev": "350", "njev": "50", "status": "0", "success": "True", "message": "Optimization terminated successfully.", "x": "[4.71480273 4.28951314 0.87173826 3.54626392 5.36747805 1.27786257]", "nit": "32", "callback": [0.7942941675827601, 0.6670619193901098, 0.6645155169899166, 0.6436244142467504, 0.602820508431847, 0.5503434659323465, 0.5281246687088543, 0.48661146605665784, 0.41477488485801206, 0.3296801686114421, 0.29587771801106033, 0.28278663061695997, 0.280323988601171, 0.2763859171496047, 0.2732008580850689, 0.2722806278398966, 0.27076058463163144, 0.2694706723249225, 0.2694032965508666, 0.2693878692891931, 0.2693782470297915, 0.26010652176885485, 0.2600870537271137, 0.2574253808803443, 0.2552972384785164, 0.2551969485078509, 0.2550807741803369, 0.25502835768740095, 0.25501071892647376, 0.25500948268769263, 0.2550094536341968, 0.2550094530337702]}, "4": {"maxiter": 100, "gtol": 1e-10, "xrtol": 1e-05, "eps": 1e-05, "duration": 0.1239171028137207, "fun": "0.25500945307699063", "jac": "[ 1.82964754e-08  2.68707279e-07 -8.15791878e-08 -1.79301018e-07\n  4.68680650e-07 -2.82551760e-07]", "hess_inv": "[[ 5.22676454  0.91132568  0.97154284 -2.67562071  1.26049957  3.08164505]\n [ 0.91132568  6.19554962  2.36652228  2.2725392   3.38355304  5.49252668]\n [ 0.97154284  2.36652228  6.60628246  1.17707194  7.85420307  7.97177584]\n [-2.67562071  2.2725392   1.17707194  5.87290299  2.28850302  1.0007287 ]\n [ 1.26049957  3.38355304  7.85420307  2.28850302 28.66582929 28.01689543]\n [ 3.08164505  5.49252668  7.97177584  1.0007287  28.01689543 32.48241492]]", "nfev": "350", "njev": "50", "status": "0", "success": "True", "message": "Optimization terminated successfully.", "x": "[4.71476769 4.28948513 0.87169835 3.54627768 5.367432   1.27780701]", "nit": "33", "callback": [0.7942961103390367, 0.667059954461989, 0.6645135411525713, 0.6436212381514921, 0.6028148427565643, 0.5503275921915134, 0.5281091593269583, 0.4866000542753939, 0.4147763487392949, 0.329696384929382, 0.2958770217932085, 0.2827797720784916, 0.28031081428183857, 0.2763665903900401, 0.2731994825150732, 0.27227780180590244, 0.2707563621472193, 0.2694706124003815, 0.2694033123735421, 0.26938793505596337, 0.2693783483235215, 0.259535000811179, 0.2595153645933572, 0.2587297017084791, 0.2573201787662862, 0.2554152805543213, 0.2551407609989875, 0.25510022953650024, 0.2550371194870953, 0.2550095011376968, 0.2550094554154204, 0.25500945311238754, 0.25500945307699063]}, "5": {"maxiter": 100, "gtol": 1e-10, "xrtol": 1e-05, "eps": 1e-10, "duration": 0.11555314064025879, "fun": "0.25500945300083633", "jac": "[ 1.11022293e-06  0.00000000e+00  2.22044587e-06 -2.22044587e-06\n  1.11022293e-06 -2.22044587e-06]", "hess_inv": "[[ 5.5724611   2.17484046  2.49781428 -2.31225309  4.41456452  6.1255273 ]\n [ 2.17484046  9.48676766  6.43779561  2.58477108 10.24592263 12.49405141]\n [ 2.49781428  6.43779561 10.82832252  2.06190116 15.749934   16.44754117]\n [-2.31225309  2.58477108  2.06190116  5.61421535  2.20872205  1.28982708]\n [ 4.41456452 10.24592263 15.749934    2.20872205 35.63069864 35.97252807]\n [ 6.1255273  12.49405141 16.44754117  1.28982708 35.97252807 40.63957709]]", "nfev": "364", "njev": "52", "status": "0", "success": "True", "message": "Optimization terminated successfully.", "x": "[4.71480356 4.28952497 0.87174972 3.54627039 5.36751678 1.27790384]", "nit": "33", "callback": [0.7942941675827601, 0.6670619193901098, 0.6645155169899166, 0.6436244142467504, 0.602820508431847, 0.5503434659323465, 0.5281246687088543, 0.48661146605665784, 0.41477488485801206, 0.3296801686114421, 0.29587771801106033, 0.28278663061695997, 0.280323988601171, 0.2763859171496047, 0.2732008580850689, 0.2722806278398966, 0.27076058463163144, 0.2694706723249225, 0.2694032965508666, 0.2693878692891931, 0.2693782470297915, 0.26010652176885485, 0.2600870537271137, 0.2574253808803443, 0.2552972384785164, 0.2551969485078509, 0.2550807741803369, 0.25502835768740095, 0.25501071892647376, 0.25500948268769263, 0.2550094536341968, 0.2550094530337702, 0.25500945300083633]}, "6": {"maxiter": 100, "gtol": 1e-10, "xrtol": 1e-10, "eps": 1e-05, "duration": 0.18166804313659668, "fun": "0.25500945307699063", "jac": "[ 1.82964754e-08  2.68707279e-07 -8.15791878e-08 -1.79301018e-07\n  4.68680650e-07 -2.82551760e-07]", "hess_inv": "[[ 5.37222636  1.08058771  1.12027488 -2.82073064  2.09401529  3.83697085]\n [ 1.08058771  6.1603432   2.193976    1.83778093  3.2462105   5.46360456]\n [ 1.12027488  2.193976    6.24385395  0.63285408  7.05814861  7.39261966]\n [-2.82073064  1.83778093  0.63285408  5.71310898  0.18883951 -0.79254876]\n [ 2.09401529  3.2462105   7.05814861  0.18883951 28.1613256  28.01535379]\n [ 3.83697085  5.46360456  7.39261966 -0.79254876 28.01535379 32.85459774]]", "nfev": "523", "njev": "73", "status": "2", "success": "False", "message": "Desired error not necessarily achieved due to precision loss.", "x": "[4.71476769 4.28948513 0.87169835 3.54627768 5.367432   1.27780701]", "nit": "33", "callback": [0.7942961103390367, 0.667059954461989, 0.6645135411525713, 0.6436212381514921, 0.6028148427565643, 0.5503275921915134, 0.5281091593269583, 0.4866000542753939, 0.4147763487392949, 0.329696384929382, 0.2958770217932085, 0.2827797720784916, 0.28031081428183857, 0.2763665903900401, 0.2731994825150732, 0.27227780180590244, 0.2707563621472193, 0.2694706124003815, 0.2694033123735421, 0.26938793505596337, 0.2693783483235215, 0.259535000811179, 0.2595153645933572, 0.2587297017084791, 0.2573201787662862, 0.2554152805543213, 0.2551407609989875, 0.25510022953650024, 0.2550371194870953, 0.2550095011376968, 0.2550094554154204, 0.25500945311238754, 0.25500945307699063]}, "7": {"maxiter": 100, "gtol": 1e-10, "xrtol": 1e-10, "eps": 1e-10, "duration": 0.1865401268005371, "fun": "0.25500945291971844", "jac": "[0. 0. 0. 0. 0. 0.]", "hess_inv": "[[  3.87030866  -0.71335175   0.1213747   -5.17462917   3.60078829\n  -13.2768788 ]\n [ -0.71335175   0.20796062  -0.05845725   1.06909616  -0.70980891\n    2.62553984]\n [  0.1213747   -0.05845725   0.09814296  -0.30100238   0.21747813\n   -0.69273739]\n [ -5.17462917   1.06909616  -0.30100238   7.201655    -4.97315518\n   18.26545414]\n [  3.60078829  -0.70980891   0.21747813  -4.97315518   3.48942397\n  -12.69673873]\n [-13.2768788    2.62553984  -0.69273739  18.26545414 -12.69673873\n   46.60522666]]", "nfev": "539", "njev": "77", "status": "0", "success": "True", "message": "Optimization terminated successfully.", "x": "[4.71477977 4.28951399 0.871731   3.54628755 5.36751057 1.27789422]", "nit": "50", "callback": [0.7942941675827601, 0.6670619193901098, 0.6645155169899166, 0.6436244142467504, 0.602820508431847, 0.5503434659323465, 0.5281246687088543, 0.48661146605665784, 0.41477488485801206, 0.3296801686114421, 0.29587771801106033, 0.28278663061695997, 0.280323988601171, 0.2763859171496047, 0.2732008580850689, 0.2722806278398966, 0.27076058463163144, 0.2694706723249225, 0.2694032965508666, 0.2693878692891931, 0.2693782470297915, 0.26010652176885485, 0.2600870537271137, 0.2574253808803443, 0.2552972384785164, 0.2551969485078509, 0.2550807741803369, 0.25502835768740095, 0.25501071892647376, 0.25500948268769263, 0.2550094536341968, 0.2550094530337702, 0.25500945300083633, 0.2550094529570217, 0.25500945294075594, 0.2550094529304916, 0.25500945293003907, 0.25500945292767097, 0.2550094529253182, 0.2550094529241771, 0.2550094529236817, 0.25500945292339794, 0.2550094529230089, 0.255009452922742, 0.2550094529224023, 0.25500945292198796, 0.2550094529216673, 0.25500945291982835, 0.2550094529197432, 0.25500945291971844]}, "8": {"maxiter": 500, "gtol": 1e-05, "xrtol": 1e-05, "eps": 1e-05, "duration": 0.1255660057067871, "fun": "0.25500945311238754", "jac": "[-4.71744865e-07  1.39419587e-06 -8.42426129e-07 -2.80943047e-06\n  7.96451793e-07 -5.47173418e-07]", "hess_inv": "[[ 5.17377253  0.85090192  0.95048134 -2.57174552  1.22122527  2.92596084]\n [ 0.85090192  6.25281556  2.47026798  2.44026221  3.44419911  5.58823828]\n [ 0.95048134  2.47026798  6.72729     1.26826073  7.94535665  8.18658813]\n [-2.57174552  2.44026221  1.26826073  5.6885353   2.40666941  1.41262615]\n [ 1.22122527  3.44419911  7.94535665  2.40666941 28.72482253 28.12983555]\n [ 2.92596084  5.58823828  8.18658813  1.41262615 28.12983555 32.61675902]]", "nfev": "343", "njev": "49", "status": "0", "success": "True", "message": "Optimization terminated successfully.", "x": "[4.71477251 4.28948465 0.87169421 3.54626589 5.36743058 1.27780822]", "nit": "32", "callback": [0.7942961103390367, 0.667059954461989, 0.6645135411525713, 0.6436212381514921, 0.6028148427565643, 0.5503275921915134, 0.5281091593269583, 0.4866000542753939, 0.4147763487392949, 0.329696384929382, 0.2958770217932085, 0.2827797720784916, 0.28031081428183857, 0.2763665903900401, 0.2731994825150732, 0.27227780180590244, 0.2707563621472193, 0.2694706124003815, 0.2694033123735421, 0.269