{"date": "2024/10/08/, 18:30:04", "conf_id": 20, "data_type": "random\n", "num_data_points": 2, "s_rank": 0, "unitary": "[[-0.45070455-0.02711853j,0.78437395-0.06613086j,0.06358678+0.19963393j,-0.07343613+0.35668523j],[-0.01890143-0.03813363j,0.32408202+0.25557629j,0.05872864-0.68979805j,0.55466693-0.20227297j],[-0.11215405+0.64023111j,-0.13344055+0.29565494j,-0.49012687-0.19046288j,-0.04241254+0.44046348j],[0.55771659+0.24656916j,0.31851997-0.05798805j,0.28761525-0.34294258j,-0.56718418+0.03616933j]]", "databatch_0": {"databatch": "[[[0.0574941+0.27191649j,-0.03828138-0.02951819j,0.09104237+0.11543044j,0.03547516-0.17983907j],[0.55888957+0.3092445j,-0.10887831+0.02209086j,0.3375126+0.01551426j,-0.25904754-0.33221467j],[-0.10820122-0.03164467j,0.01789542-0.00801392j,-0.05872171+0.01037813j,0.05745461+0.04719355j],[-0.20498101+0.18191094j,0.00662293-0.04720515j,-0.05451123+0.13432779j,0.17142274-0.05732334j]],[[-0.136856-0.02592408j,-0.03424675-0.10063785j,-0.02968067-0.03172417j,-0.01737855+0.01410467j],[0.05201387+0.30408559j,-0.18239109+0.14889246j,-0.04289321+0.08613089j,0.04271113+0.02516281j],[0.20030685+0.13759281j,-0.01605496+0.18476916j,0.02509427+0.07151948j,0.03766409-0.01030649j],[-0.47715508+0.43012638j,-0.46508728-0.15514464j,-0.19931902+0.02043208j,0.00328243+0.10317409j]]]", "initial param values": "[1.24977544,0.06559184,3.24447675,5.02438779,1.855819,3.60167021]", "nelder_mead": {"type": "gradient-free", "0": {"maxiter": 100, "fatol": 1e-05, "xatol": 1e-05, "duration": 0.051046133041381836, "fun": "0.3833148479507458", "nit": "100", "nfev": "152", "status": "2", "success": "False", "message": "Maximum number of iterations has been exceeded.", "x": "[0.9330351  0.16020048 5.35197143 4.85603075 1.38152693 1.04885082]", "final_simplex": "(array([[0.9330351 , 0.16020048, 5.35197143, 4.85603075, 1.38152693,\n        1.04885082],\n       [0.94917771, 0.16037198, 5.4222582 , 4.87757026, 1.45504523,\n        0.79150774],\n       [0.94595825, 0.1548818 , 5.43164875, 4.9979972 , 1.39833705,\n        1.09963368],\n       [0.91874158, 0.16409049, 5.46811822, 4.98924227, 1.33127905,\n        0.97204061],\n       [0.92379296, 0.15734767, 5.28899083, 4.96162397, 1.45033322,\n        0.96618618],\n       [0.91641068, 0.14892273, 5.3314679 , 4.91826322, 1.54903017,\n        1.15968415],\n       [0.91234486, 0.15844727, 5.6116463 , 4.95077583, 1.38820077,\n        0.84981754]]), array([0.38331485, 0.38399314, 0.38432487, 0.38482521, 0.38564209,\n       0.3876133 , 0.3883936 ]))", "callback": [0.6764635599044113, 0.5543005713884956, 0.5437144193039447, 0.5136898693824117, 0.49729358764052356, 0.4696343452624273, 0.45235012525729523, 0.4239589306056307, 0.39891124243665244, 0.38963596449624927]}, "1": {"maxiter": 100, "fatol": 1e-05, "xatol": 1e-10, "duration": 0.04531979560852051, "fun": "0.3833148479507458", "nit": "100", "nfev": "152", "status": "2", "success": "False", "message": "Maximum number of iterations has been exceeded.", "x": "[0.9330351  0.16020048 5.35197143 4.85603075 1.38152693 1.04885082]", "final_simplex": "(array([[0.9330351 , 0.16020048, 5.35197143, 4.85603075, 1.38152693,\n        1.04885082],\n       [0.94917771, 0.16037198, 5.4222582 , 4.87757026, 1.45504523,\n        0.79150774],\n       [0.94595825, 0.1548818 , 5.43164875, 4.9979972 , 1.39833705,\n        1.09963368],\n       [0.91874158, 0.16409049, 5.46811822, 4.98924227, 1.33127905,\n        0.97204061],\n       [0.92379296, 0.15734767, 5.28899083, 4.96162397, 1.45033322,\n        0.96618618],\n       [0.91641068, 0.14892273, 5.3314679 , 4.91826322, 1.54903017,\n        1.15968415],\n       [0.91234486, 0.15844727, 5.6116463 , 4.95077583, 1.38820077,\n        0.84981754]]), array([0.38331485, 0.38399314, 0.38432487, 0.38482521, 0.38564209,\n       0.3876133 , 0.3883936 ]))", "callback": [0.6764635599044113, 0.5543005713884956, 0.5437144193039447, 0.5136898693824117, 0.49729358764052356, 0.4696343452624273, 0.45235012525729523, 0.4239589306056307, 0.39891124243665244, 0.38963596449624927]}, "2": {"maxiter": 100, "fatol": 1e-10, "xatol": 1e-05, "duration": 0.04552173614501953, "fun": "0.3833148479507458", "nit": "100", "nfev": "152", "status": "2", "success": "False", "message": "Maximum number of iterations has been exceeded.", "x": "[0.9330351  0.16020048 5.35197143 4.85603075 1.38152693 1.04885082]", "final_simplex": "(array([[0.9330351 , 0.16020048, 5.35197143, 4.85603075, 1.38152693,\n        1.04885082],\n       [0.94917771, 0.16037198, 5.4222582 , 4.87757026, 1.45504523,\n        0.79150774],\n       [0.94595825, 0.1548818 , 5.43164875, 4.9979972 , 1.39833705,\n        1.09963368],\n       [0.91874158, 0.16409049, 5.46811822, 4.98924227, 1.33127905,\n        0.97204061],\n       [0.92379296, 0.15734767, 5.28899083, 4.96162397, 1.45033322,\n        0.96618618],\n       [0.91641068, 0.14892273, 5.3314679 , 4.91826322, 1.54903017,\n        1.15968415],\n       [0.91234486, 0.15844727, 5.6116463 , 4.95077583, 1.38820077,\n        0.84981754]]), array([0.38331485, 0.38399314, 0.38432487, 0.38482521, 0.38564209,\n       0.3876133 , 0.3883936 ]))", "callback": [0.6764635599044113, 0.5543005713884956, 0.5437144193039447, 0.5136898693824117, 0.49729358764052356, 0.4696343452624273, 0.45235012525729523, 0.4239589306056307, 0.39891124243665244, 0.38963596449624927]}, "3": {"maxiter": 100, "fatol": 1e-10, "xatol": 1e-10, "duration": 0.03943300247192383, "fun": "0.3833148479507458", "nit": "100", "nfev": "152", "status": "2", "success": "False", "message": "Maximum number of iterations has been exceeded.", "x": "[0.9330351  0.16020048 5.35197143 4.85603075 1.38152693 1.04885082]", "final_simplex": "(array([[0.9330351 , 0.16020048, 5.35197143, 4.85603075, 1.38152693,\n        1.04885082],\n       [0.94917771, 0.16037198, 5.4222582 , 4.87757026, 1.45504523,\n        0.79150774],\n       [0.94595825, 0.1548818 , 5.43164875, 4.9979972 , 1.39833705,\n        1.09963368],\n       [0.91874158, 0.16409049, 5.46811822, 4.98924227, 1.33127905,\n        0.97204061],\n       [0.92379296, 0.15734767, 5.28899083, 4.96162397, 1.45033322,\n        0.96618618],\n       [0.91641068, 0.14892273, 5.3314679 , 4.91826322, 1.54903017,\n        1.15968415],\n       [0.91234486, 0.15844727, 5.6116463 , 4.95077583, 1.38820077,\n        0.84981754]]), array([0.38331485, 0.38399314, 0.38432487, 0.38482521, 0.38564209,\n       0.3876133 , 0.3883936 ]))", "callback": [0.6764635599044113, 0.5543005713884956, 0.5437144193039447, 0.5136898693824117, 0.49729358764052356, 0.4696343452624273, 0.45235012525729523, 0.4239589306056307, 0.39891124243665244, 0.38963596449624927]}, "4": {"maxiter": 500, "fatol": 1e-05, "xatol": 1e-05, "duration": 0.24674201011657715, "fun": "0.09096274343571464", "nit": "500", "nfev": "768", "status": "2", "success": "False", "message": "Maximum number of iterations has been exceeded.", "x": "[1.61189259 1.52873194 5.50098914 5.16496893 1.57889374 0.57442763]", "final_simplex": "(array([[1.61189259, 1.52873194, 5.50098914, 5.16496893, 1.57889374,\n        0.57442763],\n       [1.61187551, 1.52874075, 5.50096782, 5.16496197, 1.57889093,\n        0.57444457],\n       [1.61187515, 1.52873147, 5.50095167, 5.16496082, 1.57891272,\n        0.57442075],\n       [1.61187682, 1.52874723, 5.50098509, 5.16497637, 1.57890869,\n        0.57443131],\n       [1.61186567, 1.52875429, 5.50096565, 5.16495326, 1.57891476,\n        0.57442033],\n       [1.61188685, 1.52874316, 5.50096149, 5.16496572, 1.57891826,\n        0.57443924],\n       [1.61188007, 1.52875091, 5.50094487, 5.16497612, 1.57889545,\n        0.57444441]]), array([0.09096274, 0.09096274, 0.09096274, 0.09096274, 0.09096274,\n       0.09096274, 0.09096274]))", "callback": [0.6764635599044113, 0.5543005713884956, 0.5437144193039447, 0.5136898693824117, 0.49729358764052356, 0.4696343452624273, 0.45235012525729523, 0.4239589306056307, 0.39891124243665244, 0.38963596449624927, 0.3833148479507458, 0.3790145931266333, 0.3768779004836298, 0.37300478939384096, 0.36306322906766075, 0.3541646908683216, 0.3387043696565507, 0.3368056480717192, 0.33629185600453215, 0.3354771210718651, 0.3353692179590797, 0.3352564430955811, 0.334788620788939, 0.3336503299085405, 0.3282310345721532, 0.3121886229274501, 0.28451029032469566, 0.27567302951839867, 0.27081469235251776, 0.25322297700597507, 0.22766677295832682, 0.20338743345572952, 0.12758030921231, 0.12193606441659066, 0.11185481822327814, 0.10623318588055752, 0.09740965885604669, 0.09242074624981, 0.09134241265746401, 0.09121881964444589, 0.09101515000445781, 0.09097427646501932, 0.09096560849638191, 0.09096345621625856, 0.09096284105420638, 0.09096277572150857, 0.09096275030726741, 0.09096274578134433, 0.09096274405839877, 0.09096274357633582]}, "5": {"maxiter": 500, "fatol": 1e-05, "xatol": 1e-10, "duration": 0.2424769401550293, "fun": "0.09096274343571464", "nit": "500", "nfev": "768", "status": "2", "success": "False", "message": "Maximum number of iterations has been exceeded.", "x": "[1.61189259 1.52873194 5.50098914 5.16496893 1.57889374 0.57442763]", "final_simplex": "(array([[1.61189259, 1.52873194, 5.50098914, 5.16496893, 1.57889374,\n        0.57442763],\n       [1.61187551, 1.52874075, 5.50096782, 5.16496197, 1.57889093,\n        0.57444457],\n       [1.61187515, 1.52873147, 5.50095167, 5.16496082, 1.57891272,\n        0.57442075],\n       [1.61187682, 1.52874723, 5.50098509, 5.16497637, 1.57890869,\n        0.57443131],\n       [1.61186567, 1.52875429, 5.50096565, 5.16495326, 1.57891476,\n        0.57442033],\n       [1.61188685, 1.52874316, 5.50096149, 5.16496572, 1.57891826,\n        0.57443924],\n       [1.61188007, 1.52875091, 5.50094487, 5.16497612, 1.57889545,\n        0.57444441]]), array([0.09096274, 0.09096274, 0.09096274, 0.09096274, 0.09096274,\n       0.09096274, 0.09096274]))", "callback": [0.6764635599044113, 0.5543005713884956, 0.5437144193039447, 0.5136898693824117, 0.49729358764052356, 0.4696343452624273, 0.45235012525729523, 0.4239589306056307, 0.39891124243665244, 0.38963596449624927, 0.3833148479507458, 0.3790145931266333, 0.3768779004836298, 0.37300478939384096, 0.36306322906766075, 0.3541646908683216, 0.3387043696565507, 0.3368056480717192, 0.33629185600453215, 0.3354771210718651, 0.3353692179590797, 0.3352564430955811, 0.334788620788939, 0.3336503299085405, 0.3282310345721532, 0.3121886229274501, 0.28451029032469566, 0.27567302951839867, 0.27081469235251776, 0.25322297700597507, 0.22766677295832682, 0.20338743345572952, 0.12758030921231, 0.12193606441659066, 0.11185481822327814, 0.10623318588055752, 0.09740965885604669, 0.09242074624981, 0.09134241265746401, 0.09121881964444589, 0.09101515000445781, 0.09097427646501932, 0.09096560849638191, 0.09096345621625856, 0.09096284105420638, 0.09096277572150857, 0.09096275030726741, 0.09096274578134433, 0.09096274405839877, 0.09096274357633582]}, "6": {"maxiter": 500, "fatol": 1e-10, "xatol": 1e-05, "duration": 0.22501397132873535, "fun": "0.09096274343571464", "nit": "500", "nfev": "768", "status": "2", "success": "False", "message": "Maximum number of iterations has been exceeded.", "x": "[1.61189259 1.52873194 5.50098914 5.16496893 1.57889374 0.57442763]", "final_simplex": "(array([[1.61189259, 1.52873194, 5.50098914, 5.16496893, 1.57889374,\n        0.57442763],\n       [1.61187551, 1.52874075, 5.50096782, 5.16496197, 1.57889093,\n        0.57444457],\n       [1.61187515, 1.52873147, 5.50095167, 5.16496082, 1.57891272,\n        0.57442075],\n       [1.61187682, 1.52874723, 5.50098509, 5.16497637, 1.57890869,\n        0.57443131],\n       [1.61186567, 1.52875429, 5.50096565, 5.16495326, 1.57891476,\n        0.57442033],\n       [1.61188685, 1.52874316, 5.50096149, 5.16496572, 1.57891826,\n        0.57443924],\n       [1.61188007, 1.52875091, 5.50094487, 5.16497612, 1.57889545,\n        0.57444441]]), array([0.09096274, 0.09096274, 0.09096274, 0.09096274, 0.09096274,\n       0.09096274, 0.09096274]))", "callback": [0.6764635599044113, 0.5543005713884956, 0.5437144193039447, 0.5136898693824117, 0.49729358764052356, 0.4696343452624273, 0.45235012525729523, 0.4239589306056307, 0.39891124243665244, 0.38963596449624927, 0.3833148479507458, 0.3790145931266333, 0.3768779004836298, 0.37300478939384096, 0.36306322906766075, 0.3541646908683216, 0.3387043696565507, 0.3368056480717192, 0.33629185600453215, 0.3354771210718651, 0.3353692179590797, 0.3352564430955811, 0.334788620788939, 0.3336503299085405, 0.3282310345721532, 0.3121886229274501, 0.28451029032469566, 0.27567302951839867, 0.27081469235251776, 0.25322297700597507, 0.22766677295832682, 0.20338743345572952, 0.12758030921231, 0.12193606441659066, 0.11185481822327814, 0.10623318588055752, 0.09740965885604669, 0.09242074624981, 0.09134241265746401, 0.09121881964444589, 0.09101515000445781, 0.09097427646501932, 0.09096560849638191, 0.09096345621625856, 0.09096284105420638, 0.09096277572150857, 0.09096275030726741, 0.09096274578134433, 0.09096274405839877, 0.09096274357633582]}, "7": {"maxiter": 500, "fatol": 1e-10, "xatol": 1e-10, "duration": 0.2289750576019287, "fun": "0.09096274343571464", "nit": "500", "nfev": "768", "status": "2", "success": "False", "message": "Maximum number of iterations has been exceeded.", "x": "[1.61189259 1.52873194 5.50098914 5.16496893 1.57889374 0.57442763]", "final_simplex": "(array([[1.61189259, 1.52873194, 5.50098914, 5.16496893, 1.57889374,\n        0.57442763],\n       [1.61187551, 1.52874075, 5.50096782, 5.16496197, 1.57889093,\n        0.57444457],\n       [1.61187515, 1.52873147, 5.50095167, 5.16496082, 1.57891272,\n        0.57442075],\n       [1.61187682, 1.52874723, 5.50098509, 5.16497637, 1.57890869,\n        0.57443131],\n       [1.61186567, 1.52875429, 5.50096565, 5.16495326, 1.57891476,\n        0.57442033],\n       [1.61188685, 1.52874316, 5.50096149, 5.16496572, 1.57891826,\n        0.57443924],\n       [1.61188007, 1.52875091, 5.50094487, 5.16497612, 1.57889545,\n        0.57444441]]), array([0.09096274, 0.09096274, 0.09096274, 0.09096274, 0.09096274,\n       0.09096274, 0.09096274]))", "callback": [0.6764635599044113, 0.5543005713884956, 0.5437144193039447, 0.5136898693824117, 0.49729358764052356, 0.4696343452624273, 0.45235012525729523, 0.4239589306056307, 0.39891124243665244, 0.38963596449624927, 0.3833148479507458, 0.3790145931266333, 0.3768779004836298, 0.37300478939384096, 0.36306322906766075, 0.3541646908683216, 0.3387043696565507, 0.3368056480717192, 0.33629185600453215, 0.3354771210718651, 0.3353692179590797, 0.3352564430955811, 0.334788620788939, 0.3336503299085405, 0.3282310345721532, 0.3121886229274501, 0.28451029032469566, 0.27567302951839867, 0.27081469235251776, 0.25322297700597507, 0.22766677295832682, 0.20338743345572952, 0.12758030921231, 0.12193606441659066, 0.11185481822327814, 0.10623318588055752, 0.09740965885604669, 0.09242074624981, 0.09134241265746401, 0.09121881964444589, 0.09101515000445781, 0.09097427646501932, 0.09096560849638191, 0.09096345621625856, 0.09096284105420638, 0.09096277572150857, 0.09096275030726741, 0.09096274578134433, 0.09096274405839877, 0.09096274357633582]}, "8": {"maxiter": 1000, "fatol": 1e-05, "xatol": 1e-05, "duration": 0.22458195686340332, "fun": "0.09096274338895893", "nit": "520", "nfev": "802", "status": "0", "success": "True", "message": "Optimization terminated successfully.", "x": "[1.6118791  1.52874451 5.50098034 5.16497316 1.57889742 0.57441969]", "final_simplex": "(array([[1.6118791 , 1.52874451, 5.50098034, 5.16497316, 1.57889742,\n        0.57441969],\n       [1.61188671, 1.52874594, 5.50098655, 5.16497695, 1.57889857,\n        0.57441942],\n       [1.61188155, 1.52874081, 5.50097592, 5.16497175, 1.57889683,\n        0.57442751],\n       [1.61187856, 1.52874491, 5.50098024, 5.16496958, 1.57890452,\n        0.57441726],\n       [1.61188418, 1.52873981, 5.50098533, 5.16497567, 1.57889485,\n        0.57442284],\n       [1.61188347, 1.5287383 , 5.50097983, 5.16497195, 1.57889499,\n        0.5744209 ],\n       [1.61187923, 1.52874191, 5.50097222, 5.16497187, 1.57890628,\n        0.57441653]]), array([0.09096274, 0.09096274, 0.09096274, 0.09096274, 0.09096274,\n       0.09096274, 0.09096274]))", "callback": [0.6764635599044113, 0.5543005713884956, 0.5437144193039447, 0.5136898693824117, 0.49729358764052356, 0.4696343452624273, 0.45235012525729523, 0.4239589306056307, 0.39891124243665244, 0.38963596449624927, 0.3833148479507458, 0.3790145931266333, 0.3768779004836298, 0.37300478939384096, 0.36306322906766075, 0.3541646908683216, 0.3387043696565507, 0.3368056480717192, 0.33629185600453215, 0.3354771210718651, 0.3353692179590797, 0.3352564430955811, 0.334788620788939, 0.3336503299085405, 0.3282310345721532, 0.3121886229274501, 0.28451029032469566, 0.27567302951839867, 0.27081469235251776, 0.25322297700597507, 0.22766677295832682, 0.20338743345572952, 0.12758030921231, 0.12193606441659066, 0.11185481822327814, 0.10623318588055752, 0.09740965885604669, 0.09242074624981, 0.09134241265746401, 0.09121881964444589, 0.09101515000445781, 0.09097427646501932, 0.09096560849638191, 0.09096345621625856, 0.09096284105420638, 0.09096277572150857, 0.09096275030726741, 0.09096274578134433, 0.09096274405839877, 0.09096274357633582, 0.09096274343571464, 0.09096274339400479]}, "9": {"maxiter": 1000, "fatol": 1e-05, "xatol": 1e-10, "duration": 0.31198596954345703, "fun": "0.0909627433833764", "nit": "636", "nfev": "1051", "status": "0", "success": "True", "message": "Optimization terminated successfully.", "x": "[1.61188342 1.52874613 5.5009792  5.16497156 1.5788998  0.57441855]", "final_simplex": "(array([[1.61188342, 1.52874613, 5.5009792 , 5.16497156, 1.5788998 ,\n        0.57441855],\n       [1.61188342, 1.52874613, 5.5009792 , 5.16497156, 1.5788998 ,\n        0.57441855],\n       [1.61188342, 1.52874613, 5.5009792 , 5.16497156, 1.5788998 ,\n        0.57441855],\n       [1.61188342, 1.52874613, 5.5009792 , 5.16497156, 1.5788998 ,\n        0.57441855],\n       [1.61188342, 1.52874613, 5.5009792 , 5.16497156, 1.5788998 ,\n        0.57441855],\n       [1.61188342, 1.52874613, 5.5009792 , 5.16497156, 1.5788998 ,\n        0.57441855],\n       [1.61188342, 1.52874613, 5.5009792 , 5.16497156, 1.5788998 ,\n        0.57441855]]), array([0.09096274, 0.09096274, 0.09096274, 0.09096274, 0.09096274,\n       0.09096274, 0.09096274]))", "callback": [0.6764635599044113, 0.5543005713884956, 0.5437144193039447, 0.5136898693824117, 0.49729358764052356, 0.4696343452624273, 0.45235012525729523, 0.4239589306056307, 0.39891124243665244, 0.38963596449624927, 0.3833148479507458, 0.3790145931266333, 0.3768779004836298, 0.37300478939384096, 0.36306322906766075, 0.3541646908683216, 0.3387043696565507, 0.3368056480717192, 0.33629185600453215, 0.3354771210718651, 0.3353692179590797, 0.3352564430955811, 0.334788620788939, 0.3336503299085405, 0.3282310345721532, 0.3121886229274501, 0.28451029032469566, 0.27567302951839867, 0.27081469235251776, 0.25322297700597507, 0.22766677295832682, 0.20338743345572952, 0.12758030921231, 0.12193606441659066, 0.11185481822327814, 0.10623318588055752, 0.09740965885604669, 0.09242074624981, 0.09134241265746401, 0.09121881964444589, 0.09101515000445781, 0.09097427646501932, 0.09096560849638191, 0.09096345621625856, 0.09096284105420638, 0.09096277572150857, 0.09096275030726741, 0.09096274578134433, 0.09096274405839877, 0.09096274357633582, 0.09096274343571464, 0.09096274339400479, 0.09096274338889687, 0.09096274338505905, 0.09096274338403054, 0.09096274338355848, 0.09096274338347088, 0.09096274338342214, 0.09096274338338761, 0.09096274338337917, 0.09096274338337706, 0.09096274338337662, 0.09096274338337651, 0.0909627433833764]}, "10": {"maxiter": 1000, "fatol": 1e-10, "xatol": 1e-05, "duration": 0.23343300819396973, "fun": "0.09096274338895893", "nit": "520", "nfev": "802", "status": "0", "success": "True", "message": "Optimization terminated successfully.", "x": "[1.6118791  1.52874451 5.50098034 5.16497316 1.57889742 0.57441969]", "final_simplex": "(array([[1.6118791 , 1.52874451, 5.50098034, 5.16497316, 1.57889742,\n        0.57441969],\n       [1.61188671, 1.52874594, 5.50098655, 5.16497695, 1.57889857,\n        0.57441942],\n       [1.61188155, 1.52874081, 5.50097592, 5.16497175, 1.57889683,\n        0.57442751],\n       [1.61187856, 1.52874491, 5.50098024, 5.16496958, 1.57890452,\n        0.57441726],\n       [1.61188418, 1.52873981, 5.50098533, 5.16497567, 1.57889485,\n        0.57442284],\n       [1.61188347, 1.5287383 , 5.50097983, 5.16497195, 1.57889499,\n        0.5744209 ],\n       [1.61187923, 1.52874191, 5.50097222, 5.16497187, 1.57890628,\n        0.57441653]]), array([0.09096274, 0.09096274, 0.09096274, 0.09096274, 0.09096274,\n       0.09096274, 0.09096274]))", "callback": [0.6764635599044113, 0.5543005713884956, 0.5437144193039447, 0.5136898693824117, 0.49729358764052356, 0.4696343452624273, 0.45235012525729523, 0.4239589306056307, 0.39891124243665244, 0.38963596449624927, 0.3833148479507458, 0.3790145931266333, 0.3768779004836298, 0.37300478939384096, 0.36306322906766075, 0.3541646908683216, 0.3387043696565507, 0.3368056480717192, 0.33629185600453215, 0.3354771210718651, 0.3353692179590797, 0.3352564430955811, 0.334788620788939, 0.3336503299085405, 0.3282310345721532, 0.3121886229274501, 0.28451029032469566, 0.27567302951839867, 0.27081469235251776, 0.25322297700597507, 0.22766677295832682, 0.20338743345572952, 0.12758030921231, 0.12193606441659066, 0.11185481822327814, 0.10623318588055752, 0.09740965885604669, 0.09242074624981, 0.09134241265746401, 0.09121881964444589, 0.09101515000445781, 0.09097427646501932, 0.09096560849638191, 0.09096345621625856, 0.09096284105420638, 0.09096277572150857, 0.09096275030726741, 0.09096274578134433, 0.09096274405839877, 0.09096274357633582, 0.09096274343571464, 0.09096274339400479]}, "11": {"maxiter": 1000, "fatol": 1e-10, "xatol": 1e-10, "duration": 0.31650495529174805, "fun": "0.0909627433833764", "nit": "636", "nfev": "1051", "status": "0", "success": "True", "message": "Optimization terminated successfully.", "x": "[1.61188342 1.52874613 5.5009792  5.16497156 1.5788998  0.57441855]", "final_simplex": "(array([[1.61188342, 1.52874613, 5.5009792 , 5.16497156, 1.5788998 ,\n        0.57441855],\n       [1.61188342, 1.52874613, 5.5009792 , 5.16497156, 1.5788998 ,\n        0.57441855],\n       [1.61188342, 1.52874613, 5.5009792 , 5.16497156, 1.5788998 ,\n        0.57441855],\n       [1.61188342, 1.52874613, 5.5009792 , 5.16497156, 1.5788998 ,\n        0.57441855],\n       [1.61188342, 1.52874613, 5.5009792 , 5.16497156, 1.5788998 ,\n        0.57441855],\n       [1.61188342, 1.52874613, 5.5009792 , 5.16497156, 1.5788998 ,\n        0.57441855],\n       [1.61188342, 1.52874613, 5.5009792 , 5.16497156, 1.5788998 ,\n        0.57441855]]), array([0.09096274, 0.09096274, 0.09096274, 0.09096274, 0.09096274,\n       0.09096274, 0.09096274]))", "callback": [0.6764635599044113, 0.5543005713884956, 0.5437144193039447, 0.5136898693824117, 0.49729358764052356, 0.4696343452624273, 0.45235012525729523, 0.4239589306056307, 0.39891124243665244, 0.38963596449624927, 0.3833148479507458, 0.3790145931266333, 0.3768779004836298, 0.37300478939384096, 0.36306322906766075, 0.3541646908683216, 0.3387043696565507, 0.3368056480717192, 0.33629185600453215, 0.3354771210718651, 0.3353692179590797, 0.3352564430955811, 0.334788620788939, 0.3336503299085405, 0.3282310345721532, 0.3121886229274501, 0.28451029032469566, 0.27567302951839867, 0.27081469235251776, 0.25322297700597507, 0.22766677295832682, 0.20338743345572952, 0.12758030921231, 0.12193606441659066, 0.11185481822327814, 0.10623318588055752, 0.09740965885604669, 0.09242074624981, 0.09134241265746401, 0.09121881964444589, 0.09101515000445781, 0.09097427646501932, 0.09096560849638191, 0.09096345621625856, 0.09096284105420638, 0.09096277572150857, 0.09096275030726741, 0.09096274578134433, 0.09096274405839877, 0.09096274357633582, 0.09096274343571464, 0.09096274339400479, 0.09096274338889687, 0.09096274338505905, 0.09096274338403054, 0.09096274338355848, 0.09096274338347088, 0.09096274338342214, 0.09096274338338761, 0.09096274338337917, 0.09096274338337706, 0.09096274338337662, 0.09096274338337651, 0.0909627433833764]}}, "bfgs": {"type": "gradient", "0": {"maxiter": 100, "gtol": 1e-05, "xrtol": 1e-05, "eps": 1e-05, "duration": 0.07311010360717773, "fun": "0.0909627434259529", "jac": "[-6.97231162e-07  8.50242099e-07  1.90070182e-08 -4.08961753e-07\n  3.11661807e-07  7.16793291e-07]", "hess_inv": "[[ 3.33003062 -0.20508457  2.04613972  1.294188   -0.2774744   0.88384238]\n [-0.20508457  3.33577403  0.42452726 -0.27929051  0.73105767 -1.70903465]\n [ 2.04613972  0.42452726  8.6019034   1.83663911 -2.57328267  1.80383035]\n [ 1.294188   -0.27929051  1.83663911  3.44228467 -1.11489712  0.71714231]\n [-0.2774744   0.73105767 -2.57328267 -1.11489712  5.17148247 -3.32526763]\n [ 0.88384238 -1.70903465  1.80383035  0.71714231 -3.32526763  7.91127794]]", "nfev": "252", "njev": "36", "status": "0", "success": "True", "message": "Optimization terminated successfully.", "x": "[1.61186901 1.5287425  5.50096347 5.1649598  1.57889854 6.85760301]", "nit": "34", "callback": [0.6330523244491324, 0.5195292089213361, 0.5081132634520826, 0.5044207249241172, 0.4980277267742691, 0.4922769450477825, 0.4912565508846699, 0.4894579148146092, 0.4862610485429629, 0.4802768591690174, 0.4690770415159091, 0.46386412318853787, 0.45795616830499164, 0.44799069042329254, 0.4324013112704016, 0.40483848321408267, 0.35565457741685236, 0.29047166530800816, 0.2458903464812875, 0.17336637663726961, 0.11104657447502242, 0.10041370353063606, 0.09772263619029431, 0.09391090257467105, 0.0928249115809171, 0.09244601948797182, 0.09182969942891595, 0.09116138896008852, 0.09103541684484939, 0.09096843743251193, 0.09096334270144968, 0.09096276050159613, 0.09096274388619086, 0.0909627434259529]}, "1": {"maxiter": 100, "gtol": 1e-05, "xrtol": 1e-05, "eps": 1e-10, "duration": 0.079254150390625, "fun": "0.09096274344879163", "jac": "[-2.22044587e-06  7.77156053e-06  1.11022293e-06 -1.11022293e-06\n  4.44089173e-06  2.22044587e-06]", "hess_inv": "[[ 3.34382207 -0.12508156  2.10711239  1.32035794 -0.25134205  0.86524492]\n [-0.12508156  3.28095227  0.4284674  -0.20872526  0.60986418 -1.49029867]\n [ 2.10711239  0.4284674   8.62849237  1.90172764 -2.63710817  1.93691478]\n [ 1.32035794 -0.20872526  1.90172764  3.48101762 -1.10946342  0.73311749]\n [-0.25134205  0.60986418 -2.63710817 -1.10946342  5.08903051 -3.19870344]\n [ 0.86524492 -1.49029867  1.93691478  0.73311749 -3.19870344  7.73796524]]", "nfev": "252", "njev": "36", "status": "0", "success": "True", "message": "Optimization terminated successfully.", "x": "[1.61187603 1.52876382 5.50097363 5.16496634 1.57890966 6.85759901]", "nit": "34", "callback": [0.6330524422140433, 0.5195296767380544, 0.5081137087188035, 0.5044210892681961, 0.498028189349083, 0.4922766422538175, 0.4912564602099396, 0.4894580677824283, 0.486261055715523, 0.48027607525571603, 0.46907478731313346, 0.46385950131502496, 0.4579505687503901, 0.4479852379993029, 0.43239786798680724, 0.40483614816005653, 0.35564705307520683, 0.29041868536840887, 0.24585290827959838, 0.17337423884980852, 0.1110600171943914, 0.10039294957731426, 0.09772428776381603, 0.09393351248793858, 0.0928348731431311, 0.09245484536213344, 0.09183607307680097, 0.09116161067535289, 0.09103570772800951, 0.09096842660580728, 0.0909633383124886, 0.09096275909795126, 0.09096274375477398, 0.09096274344879163]}, "2": {"maxiter": 100, "gtol": 1e-05, "xrtol": 1e-10, "eps": 1e-05, "duration": 0.08022904396057129, "fun": "0.0909627434259529", "jac": "[-6.97231162e-07  8.50242099e-07  1.90070182e-08 -4.08961753e-07\n  3.11661807e-07  7.16793291e-07]", "hess_inv": "[[ 3.33003062 -0.20508457  2.04613972  1.294188   -0.2774744   0.88384238]\n [-0.20508457  3.33577403  0.42452726 -0.27929051  0.73105767 -1.70903465]\n [ 2.04613972  0.42452726  8.6019034   1.83663911 -2.57328267  1.80383035]\n [ 1.294188   -0.27929051  1.83663911  3.44228467 -1.11489712  0.71714231]\n [-0.2774744   0.73105767 -2.57328267 -1.11489712  5.17148247 -3.32526763]\n [ 0.88384238 -1.70903465  1.80383035  0.71714231 -3.32526763  7.91127794]]", "nfev": "252", "njev": "36", "status": "0", "success": "True", "message": "Optimization terminated successfully.", "x": "[1.61186901 1.5287425  5.50096347 5.1649598  1.57889854 6.85760301]", "nit": "34", "callback": [0.6330523244491324, 0.5195292089213361, 0.5081132634520826, 0.5044207249241172, 0.4980277267742691, 0.4922769450477825, 0.4912565508846699, 0.4894579148146092, 0.4862610485429629, 0.4802768591690174, 0.4690770415159091, 0.46386412318853787, 0.45795616830499164, 0.44799069042329254, 0.4324013112704016, 0.40483848321408267, 0.35565457741685236, 0.29047166530800816, 0.2458903464812875, 0.17336637663726961, 0.11104657447502242, 0.10041370353063606, 0.09772263619029431, 0.09391090257467105, 0.0928249115809171, 0.09244601948797182, 0.09182969942891595, 0.09116138896008852, 0.09103541684484939, 0.09096843743251193, 0.09096334270144968, 0.09096276050159613, 0.09096274388619086, 0.0909627434259529]}, "3": {"maxiter": 100, "gtol": 1e-05, "xrtol": 1e-10, "eps": 1e-10, "duration": 0.07580780982971191, "fun": "0.09096274344879163", "jac": "[-2.22044587e-06  7.77156053e-06  1.11022293e-06 -1.11022293e-06\n  4.44089173e-06  2.22044587e-06]", "hess_inv": "[[ 3.34382207 -0.12508156  2.10711239  1.32035794 -0.25134205  0.86524492]\n [-0.12508156  3.28095227  0.4284674  -0.20872526  0.60986418 -1.49029867]\n [ 2.10711239  0.4284674   8.62849237  1.90172764 -2.63710817  1.93691478]\n [ 1.32035794 -0.20872526  1.90172764  3.48101762 -1.10946342  0.73311749]\n [-0.25134205  0.60986418 -2.63710817 -1.10946342  5.08903051 -3.19870344]\n [ 0.86524492 -1.49029867  1.93691478  0.73311749 -3.19870344  7.73796524]]", "nfev": "252", "njev": "36", "status": "0", "success": "True", "message": "Optimization terminated successfully.", "x": "[1.61187603 1.52876382 5.50097363 5.16496634 1.57890966 6.85759901]", "nit": "34", "callback": [0.6330524422140433, 0.5195296767380544, 0.5081137087188035, 0.5044210892681961, 0.498028189349083, 0.4922766422538175, 0.4912564602099396, 0.4894580677824283, 0.486261055715523, 0.48027607525571603, 0.46907478731313346, 0.46385950131502496, 0.4579505687503901, 0.4479852379993029, 0.43239786798680724, 0.40483614816005653, 0.35564705307520683, 0.29041868536840887, 0.24585290827959838, 0.17337423884980852, 0.1110600171943914, 0.10039294957731426, 0.09772428776381603, 0.09393351248793858, 0.0928348731431311, 0.09245484536213344, 0.09183607307680097, 0.09116161067535289, 0.09103570772800951, 0.09096842660580728, 0.0909633383124886, 0.09096275909795126, 0.09096274375477398, 0.09096274344879163]}, "4": {"maxiter": 100, "gtol": 1e-10, "xrtol": 1e-05, "eps": 1e-05, "duration": 0.07077693939208984, "fun": "0.0909627434259529", "jac": "[-6.97231162e-07  8.50242099e-07  1.90070182e-08 -4.08961753e-07\n  3.11661807e-07  7.16793291e-07]", "hess_inv": "[[ 3.33003062 -0.20508457  2.04613972  1.294188   -0.2774744   0.88384238]\n [-0.20508457  3.33577403  0.42452726 -0.27929051  0.73105767 -1.70903465]\n [ 2.04613972  0.42452726  8.6019034   1.83663911 -2.57328267  1.80383035]\n [ 1.294188   -0.27929051  1.83663911  3.44228467 -1.11489712  0.71714231]\n [-0.2774744   0.73105767 -2.57328267 -1.11489712  5.17148247 -3.32526763]\n [ 0.88384238 -1.70903465  1.80383035  0.71714231 -3.32526763  7.91127794]]", "nfev": "252", "njev": "36", "status": "0", "success": "True", "message": "Optimization terminated successfully.", "x": "[1.61186901 1.5287425  5.50096347 5.1649598  1.57889854 6.85760301]", "nit": "34", "callback": [0.6330523244491324, 0.5195292089213361, 0.5081132634520826, 0.5044207249241172, 0.4980277267742691, 0.4922769450477825, 0.4912565508846699, 0.4894579148146092, 0.4862610485429629, 0.4802768591690174, 0.4690770415159091, 0.46386412318853787, 0.45795616830499164, 0.44799069042329254, 0.4324013112704016, 0.40483848321408267, 0.35565457741685236, 0.29047166530800816, 0.2458903464812875, 0.17336637663726961, 0.11104657447502242, 0.10041370353063606, 0.09772263619029431, 0.09391090257467105, 0.0928249115809171, 0.09244601948797182, 0.09182969942891595, 0.09116138896008852, 0.09103541684484939, 0.09096843743251193, 0.09096334270144968, 0.09096276050159613, 0.09096274388619086, 0.0909627434259529]}, "5": {"maxiter": 100, "gtol": 1e-10, "xrtol": 1e-05, "eps": 1e-10, "duration": 0.07601213455200195, "fun": "0.09096274344879163", "jac": "[-2.22044587e-06  7.77156053e-06  1.11022293e-06 -1.11022293e-06\n  4.44089173e-06  2.22044587e-06]", "hess_inv": "[[ 3.34382207 -0.12508156  2.10711239  1.32035794 -0.25134205  0.86524492]\n [-0.12508156  3.28095227  0.4284674  -0.20872526  0.60986418 -1.49029867]\n [ 2.10711239  0.4284674   8.62849237  1.90172764 -2.63710817  1.93691478]\n [ 1.32035794 -0.20872526  1.90172764  3.48101762 -1.10946342  0.73311749]\n [-0.25134205  0.60986418 -2.63710817 -1.10946342  5.08903051 -3.19870344]\n [ 0.86524492 -1.49029867  1.93691478  0.73311749 -3.19870344  7.73796524]]", "nfev": "252", "njev": "36", "status": "0", "success": "True", "message": "Optimization terminated successfully.", "x": "[1.61187603 1.52876382 5.50097363 5.16496634 1.57890966 6.85759901]", "nit": "34", "callback": [0.6330524422140433, 0.5195296767380544, 0.5081137087188035, 0.5044210892681961, 0.498028189349083, 0.4922766422538175, 0.4912564602099396, 0.4894580677824283, 0.486261055715523, 0.48027607525571603, 0.46907478731313346, 0.46385950131502496, 0.4579505687503901, 0.4479852379993029, 0.43239786798680724, 0.40483614816005653, 0.35564705307520683, 0.29041868536840887, 0.24585290827959838, 0.17337423884980852, 0.1110600171943914, 0.10039294957731426, 0.09772428776381603, 0.09393351248793858, 0.0928348731431311, 0.09245484536213344, 0.09183607307680097, 0.09116161067535289, 0.09103570772800951, 0.09096842660580728, 0.0909633383124886, 0.09096275909795126, 0.09096274375477398, 0.09096274344879163]}, "6": {"maxiter": 100, "gtol": 1e-10, "xrtol": 1e-10, "eps": 1e-05, "duration": 0.1451711654663086, "fun": "0.09096274341846255", "jac": "[ 2.12163620e-08 -3.05533376e-08 -3.37729844e-08  4.71622741e-08\n -2.00395256e-08 -5.46229728e-09]", "hess_inv": "[[ 3.56235486 -0.22967774  2.30996648  1.28572852 -0.25577811  0.81462968]\n [-0.22967774  3.23989029  0.35286432 -0.11989833  0.67887262 -1.82327834]\n [ 2.30996648  0.35286432  8.9680396   1.94975064 -2.58952424  1.57864985]\n [ 1.28572852 -0.11989833  1.94975064  3.20679681 -1.02903963  0.82913004]\n [-0.25577811  0.67887262 -2.58952424 -1.02903963  5.12695372 -3.33028166]\n [ 0.81462968 -1.82327834  1.57864985  0.82913004 -3.33028166  7.80876205]]", "nfev": "459", "njev": "64", "status": "2", "success": "False", "message": "Desired error not necessarily achieved due to precision loss.", "x": "[1.61187174 1.52874052 5.50096505 5.16496199 1.57889808 6.85760095]", "nit": "38", "callback": [0.6330523244491324, 0.5195292089213361, 0.5081132634520826, 0.5044207249241172, 0.4980277267742691, 0.4922769450477825, 0.4912565508846699, 0.4894579148146092, 0.4862610485429629, 0.4802768591690174, 0.4690770415159091, 0.46386412318853787, 0.45795616830499164, 0.44799069042329254, 0.4324013112704016, 0.40483848321408267, 0.35565457741685236, 0.29047166530800816, 0.2458903464812875, 0.17336637663726961, 0.11104657447502242, 0.10041370353063606, 0.09772263619029431, 0.09391090257467105, 0.0928249115809171, 0.09244601948797182, 0.09182969942891595, 0.09116138896008852, 0.09103541684484939, 0.09096843743251193, 0.09096334270144968, 0.09096276050159613, 0.09096274388619086, 0.0909627434259529, 0.09096274341846744, 0.09096274341846589, 0.09096274341846267, 0.09096274341846255]}, "7": {"maxiter": 100, "gtol": 1e-10, "xrtol": 1e-10, "eps": 1e-10, "duration": 0.11945295333862305, "fun": "0.09096274339000521", "jac": "[-1.11022293e-06  0.00000000e+00  2.22044587e-06  1.11022293e-06\n  0.00000000e+00  2.22044587e-06]", "hess_inv": "[[ 0.68983587 -0.26463549 -1.34247276 -0.18314529 -0.63660721  0.96469838]\n [-0.26463549  0.14438963  0.64500568  0.07095211  0.21474899 -0.434872  ]\n [-1.34247276  0.64500568  3.11339256  0.30209991  1.06773949 -2.03679402]\n [-0.18314529  0.07095211  0.30209991  0.76178954  0.9986561  -1.24068405]\n [-0.63660721  0.21474899  1.06773949  0.9986561   1.68572457 -2.00373126]\n [ 0.96469838 -0.434872   -2.03679402 -1.24068405 -2.00373126  2.8265908 ]]", "nfev": "406", "njev": "58", "status": "0", "success": "True", "message": "Optimization terminated successfully.", "x": "[1.61187971 1.52874394 5.50097581 5.16497071 1.57889781 6.85759974]", "nit": "44", "callback": [0.6330524422140433, 0.5195296767380544, 0.5081137087188035, 0.5044210892681961, 0.498028189349083, 0.4922766422538175, 0.4912564602099396, 0.4894580677824283, 0.486261055715523, 0.48027607525571603, 0.46907478731313346, 0.46385950131502496, 0.4579505687503901, 0.4479852379993029, 0.43239786798680724, 0.40483614816005653, 0.35564705307520683, 0.29041868536840887, 0.24585290827959838, 0.17337423884980852, 0.1110600171943914, 0.10039294957731426, 0.09772428776381603, 0.09393351248793858, 0.0928348731431311, 0.09245484536213344, 0.09183607307680097, 0.09116161067535289, 0.09103570772800951, 0.09096842660580728, 0.0909633383124886, 0.09096275909795126, 0.09096274375477398, 0.09096274344879163, 0.09096274340454502, 0.09096274339314248, 0.090962743392625, 0.09096274339249444, 0.09096274339233823, 0.0909627433921052, 0.09096274339175237, 0.09096274339125965, 0.09096274339000532, 0.09096274339000521]}, "8": {"maxiter": 500, "gtol": 1e-05, "xrtol": 1e-05, "eps": 1e-05, "duration": 0.0828390121459961, "fun": "0.0909627434259529", "jac": "[-6.97231162e-07  8.50242099e-07  1.90070182e-08 -4.08961753e-07\n  3.11661807e-07  7.16793291e-07]", "hess_inv": "[[ 3.33003062 -0.20508457  2.04613972  1.294188   -0.2774744   0.88384238]\n [-0.20508457  3.33577403  0.42452726 -0.27929051  0.73105767 -1.70903465]\n [ 2.04613972  0.42452726  8.6019034   1.83663911 -2.57328267  1.80383035]\n [ 1.294188   -0.27929051  1.83663911  3.44228467 -1.11489712  0.71714231]\n [-0.2774744   0.73105767 -2.57328267 -1.11489712  5.17148247 -3.32526763]\n [ 0.88384238 -1.70903465  1.80383035  0.71714231 -3.32526763  7.91127794]]", "nfev": "252", "njev": "36", "status": "0", "success": "True", "message": "Optimization terminated successfully.", "x": "[1.61186901 1.5287425  5.50096347 5.1649598  1.57889854 6.85760301]", "nit": "34", "callback": [0.6330523244491324, 0.5195292089213361, 0.5081132634520826, 0.5044207249241172, 0.4980277267742691, 0.4922769450477825, 0.4912565508846699, 0.4894579148146092, 0.4862610485429629, 0.4802768591690174, 0.4690770415159091, 0.46386412318853787, 0.45795616830499164, 0.44799069042329254, 0.4324013112704016, 0.40483848321408267, 0.35565457741685236, 0.29047166530800816, 0.2458903464812875, 0.17336637663726961, 0.11104657447502242, 0.10041370353063606, 0.09772263619029431, 0.09391090257467105, 0.0928249115809171, 0.09244601948797182, 0.09182969942891595, 0.09116138896008852, 0.09103541684484939, 0.09096843743251193, 0.09096334270144968, 0.09096276050159613, 0.09096274388619086, 0.0909627434259529]}, "9": {"maxiter": 500, "gtol": 1e-05, "xrtol": 1e-05, "eps": 1e-10, "duration": 0.07670998573303223, "fun": "0.09096274344879163", "jac": "[-2.22044587e-06  7.77156053e-06  1.11022293e-06 -1.11022293e-06\n  4.44089173e-06  2.22044587e-06]", "hess_inv": "[[ 3.34382207 -0.12508156  2.10711239  1.32035794 -0.25134205  0.86524492]\n [-0.12508156  3.28095227  0.4284674  -0.20872526  0.60986418 -1.49029867]\n [ 2.10711239  0.4284674   8.62849237  1.90172764 -2.63710817  1.93691478]\n [ 1.32035794 -0.20872526  1.90172764  3.48101762 -1.10946342  0.73311749]\n [-0.25134205  0.60986418 -2.63710817 -1.10946342  5.08903051 -3.19870344]\n [ 0.86524492 -1.49029867  1.93691478  0.73311749 -3.19870344  7.73796524]]", "nfev": "252", "njev": "36", "status": "0", "success": "True", "message": "Optimizatio