{"date": "2024/09/23/, 19:45:53", "conf_id": 58, "data_type": "random\n", "num_data_points": 3, "s_rank": 0, "unitary": "[[-0.53618537-0.34368723j,-0.12107031-0.46226139j,-0.07699282-0.46603512j,0.36022595-0.11472301j],[0.26026499-0.63450712j,-0.56616638+0.37832564j,-0.14988651+0.08458591j,0.10363514-0.16008501j],[-0.32580188-0.11070003j,-0.36476308-0.23593218j,0.02559343+0.41761608j,-0.25598305+0.6725303j],[0.07406738-0.0126433j,0.28513701+0.19483972j,-0.74939717-0.10299659j,0.29798249+0.46269921j]]", "databatch_0": {"databatch": "[[[0.17622541-0.49057306j,0.06721749+0.12208117j,0.06894155-0.07907252j,-0.05636623+0.16924756j],[-0.137105+0.09592742j,-0.19854372-0.08459424j,0.01021444-0.09276138j,0.04414567-0.11876523j],[-0.04971723-0.04737347j,0.22125867+0.29384803j,-0.34747123-0.00317061j,0.07277791-0.23745018j],[0.15540212-0.01224636j,0.24345895+0.22950543j,0.08282943-0.04528937j,-0.3145864-0.01139451j]],[[-0.06788807-0.29272153j,0.16735234+0.04528746j,-0.12060227+0.11799479j,0.23793518-0.03205314j],[-0.03588751+0.10027477j,0.2396431+0.00051881j,0.19803381-0.12811518j,0.34384939-0.10438889j],[-0.14994008+0.05277715j,0.29251987-0.002098j,0.11932464-0.356244j,-0.08040758+0.23198019j],[-0.14602864-0.15585105j,-0.12117097-0.26046258j,0.17295059+0.14124865j,0.21570081+0.05667359j]],[[0.0943543-0.05821789j,-0.2742049-0.10297177j,0.13855452-0.03595104j,0.15471057-0.17989214j],[0.32394213+0.18225645j,0.22938442+0.12825399j,0.30123995-0.13148332j,0.01563158-0.25037067j],[-0.02585918+0.19763847j,0.04393719-0.11267624j,-0.17527193-0.20794648j,0.09803471+0.00369543j],[-0.07770045+0.35075035j,0.04667673-0.20577669j,0.07298655-0.02035481j,-0.33876206+0.12212742j]]]", "initial param values": "[0.53199708,2.35751045,2.53698264,5.16911452,0.33724803,5.67222835]", "nelder_mead": {"type": "gradient-free", "0": {"maxiter": 100, "fatol": 1e-05, "xatol": 1e-05, "duration": 0.07920074462890625, "fun": "0.6228523011504474", "nit": "100", "nfev": "155", "status": "2", "success": "False", "message": "Maximum number of iterations has been exceeded.", "x": "[ 0.98250177  2.21061015  4.50917384  6.78912892 -0.45143779  4.79052117]", "final_simplex": "(array([[ 0.98250177,  2.21061015,  4.50917384,  6.78912892, -0.45143779,\n         4.79052117],\n       [ 0.94545319,  2.11896963,  4.47715774,  6.85760015, -0.40912218,\n         5.11669969],\n       [ 1.02289587,  2.1519073 ,  4.7122965 ,  6.95119466, -0.50739717,\n         4.92047184],\n       [ 0.8592265 ,  2.33255056,  4.40390054,  7.02075672, -0.31019394,\n         4.90879428],\n       [ 0.98150249,  2.09357176,  4.60329958,  6.85890709, -0.4504884 ,\n         4.95844059],\n       [ 0.93549762,  2.32897032,  4.45433245,  6.64912029, -0.40798619,\n         4.89070552],\n       [ 0.92896592,  2.09927215,  4.61781878,  7.0046455 , -0.41705534,\n         4.98766694]]), array([0.6228523 , 0.62506487, 0.6254269 , 0.62695616, 0.62827596,\n       0.63096069, 0.63110983]))", "callback": [0.818262671969317, 0.7804271355006329, 0.7229532213573338, 0.7031245893233857, 0.6991244405897936, 0.6958468674672009, 0.6864231124624005, 0.6552667492978068, 0.6312893029006466]}, "1": {"maxiter": 100, "fatol": 1e-05, "xatol": 1e-10, "duration": 0.07500219345092773, "fun": "0.6228523011504474", "nit": "100", "nfev": "155", "status": "2", "success": "False", "message": "Maximum number of iterations has been exceeded.", "x": "[ 0.98250177  2.21061015  4.50917384  6.78912892 -0.45143779  4.79052117]", "final_simplex": "(array([[ 0.98250177,  2.21061015,  4.50917384,  6.78912892, -0.45143779,\n         4.79052117],\n       [ 0.94545319,  2.11896963,  4.47715774,  6.85760015, -0.40912218,\n         5.11669969],\n       [ 1.02289587,  2.1519073 ,  4.7122965 ,  6.95119466, -0.50739717,\n         4.92047184],\n       [ 0.8592265 ,  2.33255056,  4.40390054,  7.02075672, -0.31019394,\n         4.90879428],\n       [ 0.98150249,  2.09357176,  4.60329958,  6.85890709, -0.4504884 ,\n         4.95844059],\n       [ 0.93549762,  2.32897032,  4.45433245,  6.64912029, -0.40798619,\n         4.89070552],\n       [ 0.92896592,  2.09927215,  4.61781878,  7.0046455 , -0.41705534,\n         4.98766694]]), array([0.6228523 , 0.62506487, 0.6254269 , 0.62695616, 0.62827596,\n       0.63096069, 0.63110983]))", "callback": [0.818262671969317, 0.7804271355006329, 0.7229532213573338, 0.7031245893233857, 0.6991244405897936, 0.6958468674672009, 0.6864231124624005, 0.6552667492978068, 0.6312893029006466]}, "2": {"maxiter": 100, "fatol": 1e-10, "xatol": 1e-05, "duration": 0.07586526870727539, "fun": "0.6228523011504474", "nit": "100", "nfev": "155", "status": "2", "success": "False", "message": "Maximum number of iterations has been exceeded.", "x": "[ 0.98250177  2.21061015  4.50917384  6.78912892 -0.45143779  4.79052117]", "final_simplex": "(array([[ 0.98250177,  2.21061015,  4.50917384,  6.78912892, -0.45143779,\n         4.79052117],\n       [ 0.94545319,  2.11896963,  4.47715774,  6.85760015, -0.40912218,\n         5.11669969],\n       [ 1.02289587,  2.1519073 ,  4.7122965 ,  6.95119466, -0.50739717,\n         4.92047184],\n       [ 0.8592265 ,  2.33255056,  4.40390054,  7.02075672, -0.31019394,\n         4.90879428],\n       [ 0.98150249,  2.09357176,  4.60329958,  6.85890709, -0.4504884 ,\n         4.95844059],\n       [ 0.93549762,  2.32897032,  4.45433245,  6.64912029, -0.40798619,\n         4.89070552],\n       [ 0.92896592,  2.09927215,  4.61781878,  7.0046455 , -0.41705534,\n         4.98766694]]), array([0.6228523 , 0.62506487, 0.6254269 , 0.62695616, 0.62827596,\n       0.63096069, 0.63110983]))", "callback": [0.818262671969317, 0.7804271355006329, 0.7229532213573338, 0.7031245893233857, 0.6991244405897936, 0.6958468674672009, 0.6864231124624005, 0.6552667492978068, 0.6312893029006466]}, "3": {"maxiter": 100, "fatol": 1e-10, "xatol": 1e-10, "duration": 0.07551908493041992, "fun": "0.6228523011504474", "nit": "100", "nfev": "155", "status": "2", "success": "False", "message": "Maximum number of iterations has been exceeded.", "x": "[ 0.98250177  2.21061015  4.50917384  6.78912892 -0.45143779  4.79052117]", "final_simplex": "(array([[ 0.98250177,  2.21061015,  4.50917384,  6.78912892, -0.45143779,\n         4.79052117],\n       [ 0.94545319,  2.11896963,  4.47715774,  6.85760015, -0.40912218,\n         5.11669969],\n       [ 1.02289587,  2.1519073 ,  4.7122965 ,  6.95119466, -0.50739717,\n         4.92047184],\n       [ 0.8592265 ,  2.33255056,  4.40390054,  7.02075672, -0.31019394,\n         4.90879428],\n       [ 0.98150249,  2.09357176,  4.60329958,  6.85890709, -0.4504884 ,\n         4.95844059],\n       [ 0.93549762,  2.32897032,  4.45433245,  6.64912029, -0.40798619,\n         4.89070552],\n       [ 0.92896592,  2.09927215,  4.61781878,  7.0046455 , -0.41705534,\n         4.98766694]]), array([0.6228523 , 0.62506487, 0.6254269 , 0.62695616, 0.62827596,\n       0.63096069, 0.63110983]))", "callback": [0.818262671969317, 0.7804271355006329, 0.7229532213573338, 0.7031245893233857, 0.6991244405897936, 0.6958468674672009, 0.6864231124624005, 0.6552667492978068, 0.6312893029006466]}, "4": {"maxiter": 500, "fatol": 1e-05, "xatol": 1e-05, "duration": 0.5322840213775635, "fun": "0.42803259016248474", "nit": "454", "nfev": "708", "status": "0", "success": "True", "message": "Optimization terminated successfully.", "x": "[ 1.81407176  2.56810892  4.26252047  7.62183042 -1.45978565  5.54788955]", "final_simplex": "(array([[ 1.81407176,  2.56810892,  4.26252047,  7.62183042, -1.45978565,\n         5.54788955],\n       [ 1.81407025,  2.56811337,  4.26251695,  7.62182591, -1.45977956,\n         5.54788428],\n       [ 1.81406843,  2.56811247,  4.26252045,  7.62182711, -1.45978373,\n         5.54789549],\n       [ 1.81407215,  2.5681077 ,  4.26251984,  7.62182799, -1.45977704,\n         5.54789285],\n       [ 1.8140686 ,  2.56811212,  4.26251307,  7.62183529, -1.45978097,\n         5.54789249],\n       [ 1.81407541,  2.56810181,  4.26251354,  7.62182931, -1.4597838 ,\n         5.54789372],\n       [ 1.81408043,  2.56811787,  4.26251618,  7.62182778, -1.45978665,\n         5.54789222]]), array([0.42803259, 0.42803259, 0.42803259, 0.42803259, 0.42803259,\n       0.42803259, 0.42803259]))", "callback": [0.818262671969317, 0.7804271355006329, 0.7229532213573338, 0.7031245893233857, 0.6991244405897936, 0.6958468674672009, 0.6864231124624005, 0.6552667492978068, 0.6312893029006466, 0.6202925320439701, 0.5947119519830943, 0.4992184655931172, 0.4519833688588589, 0.44453761703739414, 0.44368265412842256, 0.44323284609931435, 0.4429973245318003, 0.44274407603730614, 0.44234744636951795, 0.44197051700460677, 0.4397795038209268, 0.4370218759729452, 0.43194144515831756, 0.4288104729151908, 0.4282802489257993, 0.4281571707510464, 0.42809815114161587, 0.42807610901401694, 0.4280500050201822, 0.42803768410134435, 0.4280346493247177, 0.4280330995285849, 0.42803274859503615, 0.4280326513700293, 0.42803260720040304, 0.42803259791428594, 0.4280325912909956, 0.4280325912909956, 0.42803259104565383, 0.42803259080685796, 0.4280325905961526, 0.42803259035390107, 0.42803259019340867, 0.42803259019340867, 0.4280325901672448]}, "5": {"maxiter": 500, "fatol": 1e-05, "xatol": 1e-10, "duration": 0.47513675689697266, "fun": "0.42803259015984485", "nit": "500", "nfev": "788", "status": "2", "success": "False", "message": "Maximum number of iterations has been exceeded.", "x": "[ 1.81407251  2.56811144  4.26251832  7.62182967 -1.4597828   5.54788989]", "final_simplex": "(array([[ 1.81407251,  2.56811144,  4.26251832,  7.62182967, -1.4597828 ,\n         5.54788989],\n       [ 1.81407262,  2.56811132,  4.26251848,  7.62182975, -1.45978299,\n         5.54788989],\n       [ 1.81407257,  2.56811139,  4.26251846,  7.62182976, -1.45978296,\n         5.54788976],\n       [ 1.81407253,  2.56811116,  4.26251837,  7.62182981, -1.45978296,\n         5.54788982],\n       [ 1.81407269,  2.56811125,  4.26251833,  7.62182993, -1.45978293,\n         5.54788988],\n       [ 1.81407262,  2.56811125,  4.2625183 ,  7.62182967, -1.45978269,\n         5.54788967],\n       [ 1.81407243,  2.56811144,  4.26251847,  7.62182974, -1.45978277,\n         5.54788996]]), array([0.42803259, 0.42803259, 0.42803259, 0.42803259, 0.42803259,\n       0.42803259, 0.42803259]))", "callback": [0.818262671969317, 0.7804271355006329, 0.7229532213573338, 0.7031245893233857, 0.6991244405897936, 0.6958468674672009, 0.6864231124624005, 0.6552667492978068, 0.6312893029006466, 0.6202925320439701, 0.5947119519830943, 0.4992184655931172, 0.4519833688588589, 0.44453761703739414, 0.44368265412842256, 0.44323284609931435, 0.4429973245318003, 0.44274407603730614, 0.44234744636951795, 0.44197051700460677, 0.4397795038209268, 0.4370218759729452, 0.43194144515831756, 0.4288104729151908, 0.4282802489257993, 0.4281571707510464, 0.42809815114161587, 0.42807610901401694, 0.4280500050201822, 0.42803768410134435, 0.4280346493247177, 0.4280330995285849, 0.42803274859503615, 0.4280326513700293, 0.42803260720040304, 0.42803259791428594, 0.4280325912909956, 0.4280325912909956, 0.42803259104565383, 0.42803259080685796, 0.4280325905961526, 0.42803259035390107, 0.42803259019340867, 0.42803259019340867, 0.4280325901672448, 0.4280325901614306, 0.4280325901599945, 0.4280325901598798, 0.42803259015985384]}, "6": {"maxiter": 500, "fatol": 1e-10, "xatol": 1e-05, "duration": 0.4931199550628662, "fun": "0.42803259016248474", "nit": "454", "nfev": "708", "status": "0", "success": "True", "message": "Optimization terminated successfully.", "x": "[ 1.81407176  2.56810892  4.26252047  7.62183042 -1.45978565  5.54788955]", "final_simplex": "(array([[ 1.81407176,  2.56810892,  4.26252047,  7.62183042, -1.45978565,\n         5.54788955],\n       [ 1.81407025,  2.56811337,  4.26251695,  7.62182591, -1.45977956,\n         5.54788428],\n       [ 1.81406843,  2.56811247,  4.26252045,  7.62182711, -1.45978373,\n         5.54789549],\n       [ 1.81407215,  2.5681077 ,  4.26251984,  7.62182799, -1.45977704,\n         5.54789285],\n       [ 1.8140686 ,  2.56811212,  4.26251307,  7.62183529, -1.45978097,\n         5.54789249],\n       [ 1.81407541,  2.56810181,  4.26251354,  7.62182931, -1.4597838 ,\n         5.54789372],\n       [ 1.81408043,  2.56811787,  4.26251618,  7.62182778, -1.45978665,\n         5.54789222]]), array([0.42803259, 0.42803259, 0.42803259, 0.42803259, 0.42803259,\n       0.42803259, 0.42803259]))", "callback": [0.818262671969317, 0.7804271355006329, 0.7229532213573338, 0.7031245893233857, 0.6991244405897936, 0.6958468674672009, 0.6864231124624005, 0.6552667492978068, 0.6312893029006466, 0.6202925320439701, 0.5947119519830943, 0.4992184655931172, 0.4519833688588589, 0.44453761703739414, 0.44368265412842256, 0.44323284609931435, 0.4429973245318003, 0.44274407603730614, 0.44234744636951795, 0.44197051700460677, 0.4397795038209268, 0.4370218759729452, 0.43194144515831756, 0.4288104729151908, 0.4282802489257993, 0.4281571707510464, 0.42809815114161587, 0.42807610901401694, 0.4280500050201822, 0.42803768410134435, 0.4280346493247177, 0.4280330995285849, 0.42803274859503615, 0.4280326513700293, 0.42803260720040304, 0.42803259791428594, 0.4280325912909956, 0.4280325912909956, 0.42803259104565383, 0.42803259080685796, 0.4280325905961526, 0.42803259035390107, 0.42803259019340867, 0.42803259019340867, 0.4280325901672448]}, "7": {"maxiter": 500, "fatol": 1e-10, "xatol": 1e-10, "duration": 0.5437650680541992, "fun": "0.42803259015984485", "nit": "500", "nfev": "788", "status": "2", "success": "False", "message": "Maximum number of iterations has been exceeded.", "x": "[ 1.81407251  2.56811144  4.26251832  7.62182967 -1.4597828   5.54788989]", "final_simplex": "(array([[ 1.81407251,  2.56811144,  4.26251832,  7.62182967, -1.4597828 ,\n         5.54788989],\n       [ 1.81407262,  2.56811132,  4.26251848,  7.62182975, -1.45978299,\n         5.54788989],\n       [ 1.81407257,  2.56811139,  4.26251846,  7.62182976, -1.45978296,\n         5.54788976],\n       [ 1.81407253,  2.56811116,  4.26251837,  7.62182981, -1.45978296,\n         5.54788982],\n       [ 1.81407269,  2.56811125,  4.26251833,  7.62182993, -1.45978293,\n         5.54788988],\n       [ 1.81407262,  2.56811125,  4.2625183 ,  7.62182967, -1.45978269,\n         5.54788967],\n       [ 1.81407243,  2.56811144,  4.26251847,  7.62182974, -1.45978277,\n         5.54788996]]), array([0.42803259, 0.42803259, 0.42803259, 0.42803259, 0.42803259,\n       0.42803259, 0.42803259]))", "callback": [0.818262671969317, 0.7804271355006329, 0.7229532213573338, 0.7031245893233857, 0.6991244405897936, 0.6958468674672009, 0.6864231124624005, 0.6552667492978068, 0.6312893029006466, 0.6202925320439701, 0.5947119519830943, 0.4992184655931172, 0.4519833688588589, 0.44453761703739414, 0.44368265412842256, 0.44323284609931435, 0.4429973245318003, 0.44274407603730614, 0.44234744636951795, 0.44197051700460677, 0.4397795038209268, 0.4370218759729452, 0.43194144515831756, 0.4288104729151908, 0.4282802489257993, 0.4281571707510464, 0.42809815114161587, 0.42807610901401694, 0.4280500050201822, 0.42803768410134435, 0.4280346493247177, 0.4280330995285849, 0.42803274859503615, 0.4280326513700293, 0.42803260720040304, 0.42803259791428594, 0.4280325912909956, 0.4280325912909956, 0.42803259104565383, 0.42803259080685796, 0.4280325905961526, 0.42803259035390107, 0.42803259019340867, 0.42803259019340867, 0.4280325901672448, 0.4280325901614306, 0.4280325901599945, 0.4280325901598798, 0.42803259015985384]}, "8": {"maxiter": 1000, "fatol": 1e-05, "xatol": 1e-05, "duration": 0.33586883544921875, "fun": "0.42803259016248474", "nit": "454", "nfev": "708", "status": "0", "success": "True", "message": "Optimization terminated successfully.", "x": "[ 1.81407176  2.56810892  4.26252047  7.62183042 -1.45978565  5.54788955]", "final_simplex": "(array([[ 1.81407176,  2.56810892,  4.26252047,  7.62183042, -1.45978565,\n         5.54788955],\n       [ 1.81407025,  2.56811337,  4.26251695,  7.62182591, -1.45977956,\n         5.54788428],\n       [ 1.81406843,  2.56811247,  4.26252045,  7.62182711, -1.45978373,\n         5.54789549],\n       [ 1.81407215,  2.5681077 ,  4.26251984,  7.62182799, -1.45977704,\n         5.54789285],\n       [ 1.8140686 ,  2.56811212,  4.26251307,  7.62183529, -1.45978097,\n         5.54789249],\n       [ 1.81407541,  2.56810181,  4.26251354,  7.62182931, -1.4597838 ,\n         5.54789372],\n       [ 1.81408043,  2.56811787,  4.26251618,  7.62182778, -1.45978665,\n         5.54789222]]), array([0.42803259, 0.42803259, 0.42803259, 0.42803259, 0.42803259,\n       0.42803259, 0.42803259]))", "callback": [0.818262671969317, 0.7804271355006329, 0.7229532213573338, 0.7031245893233857, 0.6991244405897936, 0.6958468674672009, 0.6864231124624005, 0.6552667492978068, 0.6312893029006466, 0.6202925320439701, 0.5947119519830943, 0.4992184655931172, 0.4519833688588589, 0.44453761703739414, 0.44368265412842256, 0.44323284609931435, 0.4429973245318003, 0.44274407603730614, 0.44234744636951795, 0.44197051700460677, 0.4397795038209268, 0.4370218759729452, 0.43194144515831756, 0.4288104729151908, 0.4282802489257993, 0.4281571707510464, 0.42809815114161587, 0.42807610901401694, 0.4280500050201822, 0.42803768410134435, 0.4280346493247177, 0.4280330995285849, 0.42803274859503615, 0.4280326513700293, 0.42803260720040304, 0.42803259791428594, 0.4280325912909956, 0.4280325912909956, 0.42803259104565383, 0.42803259080685796, 0.4280325905961526, 0.42803259035390107, 0.42803259019340867, 0.42803259019340867, 0.4280325901672448]}, "9": {"maxiter": 1000, "fatol": 1e-05, "xatol": 1e-10, "duration": 0.4583098888397217, "fun": "0.4280325901598411", "nit": "564", "nfev": "943", "status": "0", "success": "True", "message": "Optimization terminated successfully.", "x": "[ 1.81407255  2.56811132  4.26251831  7.6218297  -1.45978291  5.54788989]", "final_simplex": "(array([[ 1.81407255,  2.56811132,  4.26251831,  7.6218297 , -1.45978291,\n         5.54788989],\n       [ 1.81407255,  2.56811132,  4.26251831,  7.6218297 , -1.45978291,\n         5.54788989],\n       [ 1.81407255,  2.56811132,  4.26251831,  7.6218297 , -1.45978291,\n         5.54788989],\n       [ 1.81407255,  2.56811132,  4.26251831,  7.6218297 , -1.45978291,\n         5.54788989],\n       [ 1.81407255,  2.56811132,  4.26251831,  7.6218297 , -1.45978291,\n         5.54788989],\n       [ 1.81407255,  2.56811132,  4.26251831,  7.6218297 , -1.45978291,\n         5.54788989],\n       [ 1.81407255,  2.56811132,  4.26251831,  7.6218297 , -1.45978291,\n         5.54788989]]), array([0.42803259, 0.42803259, 0.42803259, 0.42803259, 0.42803259,\n       0.42803259, 0.42803259]))", "callback": [0.818262671969317, 0.7804271355006329, 0.7229532213573338, 0.7031245893233857, 0.6991244405897936, 0.6958468674672009, 0.6864231124624005, 0.6552667492978068, 0.6312893029006466, 0.6202925320439701, 0.5947119519830943, 0.4992184655931172, 0.4519833688588589, 0.44453761703739414, 0.44368265412842256, 0.44323284609931435, 0.4429973245318003, 0.44274407603730614, 0.44234744636951795, 0.44197051700460677, 0.4397795038209268, 0.4370218759729452, 0.43194144515831756, 0.4288104729151908, 0.4282802489257993, 0.4281571707510464, 0.42809815114161587, 0.42807610901401694, 0.4280500050201822, 0.42803768410134435, 0.4280346493247177, 0.4280330995285849, 0.42803274859503615, 0.4280326513700293, 0.42803260720040304, 0.42803259791428594, 0.4280325912909956, 0.4280325912909956, 0.42803259104565383, 0.42803259080685796, 0.4280325905961526, 0.42803259035390107, 0.42803259019340867, 0.42803259019340867, 0.4280325901672448, 0.4280325901614306, 0.4280325901599945, 0.4280325901598798, 0.42803259015985384, 0.42803259015984485, 0.4280325901598425, 0.42803259015984174, 0.4280325901598413, 0.4280325901598412, 0.4280325901598411, 0.4280325901598411]}, "10": {"maxiter": 1000, "fatol": 1e-10, "xatol": 1e-05, "duration": 0.36739611625671387, "fun": "0.42803259016248474", "nit": "454", "nfev": "708", "status": "0", "success": "True", "message": "Optimization terminated successfully.", "x": "[ 1.81407176  2.56810892  4.26252047  7.62183042 -1.45978565  5.54788955]", "final_simplex": "(array([[ 1.81407176,  2.56810892,  4.26252047,  7.62183042, -1.45978565,\n         5.54788955],\n       [ 1.81407025,  2.56811337,  4.26251695,  7.62182591, -1.45977956,\n         5.54788428],\n       [ 1.81406843,  2.56811247,  4.26252045,  7.62182711, -1.45978373,\n         5.54789549],\n       [ 1.81407215,  2.5681077 ,  4.26251984,  7.62182799, -1.45977704,\n         5.54789285],\n       [ 1.8140686 ,  2.56811212,  4.26251307,  7.62183529, -1.45978097,\n         5.54789249],\n       [ 1.81407541,  2.56810181,  4.26251354,  7.62182931, -1.4597838 ,\n         5.54789372],\n       [ 1.81408043,  2.56811787,  4.26251618,  7.62182778, -1.45978665,\n         5.54789222]]), array([0.42803259, 0.42803259, 0.42803259, 0.42803259, 0.42803259,\n       0.42803259, 0.42803259]))", "callback": [0.818262671969317, 0.7804271355006329, 0.7229532213573338, 0.7031245893233857, 0.6991244405897936, 0.6958468674672009, 0.6864231124624005, 0.6552667492978068, 0.6312893029006466, 0.6202925320439701, 0.5947119519830943, 0.4992184655931172, 0.4519833688588589, 0.44453761703739414, 0.44368265412842256, 0.44323284609931435, 0.4429973245318003, 0.44274407603730614, 0.44234744636951795, 0.44197051700460677, 0.4397795038209268, 0.4370218759729452, 0.43194144515831756, 0.4288104729151908, 0.4282802489257993, 0.4281571707510464, 0.42809815114161587, 0.42807610901401694, 0.4280500050201822, 0.42803768410134435, 0.4280346493247177, 0.4280330995285849, 0.42803274859503615, 0.4280326513700293, 0.42803260720040304, 0.42803259791428594, 0.4280325912909956, 0.4280325912909956, 0.42803259104565383, 0.42803259080685796, 0.4280325905961526, 0.42803259035390107, 0.42803259019340867, 0.42803259019340867, 0.4280325901672448]}, "11": {"maxiter": 1000, "fatol": 1e-10, "xatol": 1e-10, "duration": 0.5354533195495605, "fun": "0.4280325901598411", "nit": "564", "nfev": "943", "status": "0", "success": "True", "message": "Optimization terminated successfully.", "x": "[ 1.81407255  2.56811132  4.26251831  7.6218297  -1.45978291  5.54788989]", "final_simplex": "(array([[ 1.81407255,  2.56811132,  4.26251831,  7.6218297 , -1.45978291,\n         5.54788989],\n       [ 1.81407255,  2.56811132,  4.26251831,  7.6218297 , -1.45978291,\n         5.54788989],\n       [ 1.81407255,  2.56811132,  4.26251831,  7.6218297 , -1.45978291,\n         5.54788989],\n       [ 1.81407255,  2.56811132,  4.26251831,  7.6218297 , -1.45978291,\n         5.54788989],\n       [ 1.81407255,  2.56811132,  4.26251831,  7.6218297 , -1.45978291,\n         5.54788989],\n       [ 1.81407255,  2.56811132,  4.26251831,  7.6218297 , -1.45978291,\n         5.54788989],\n       [ 1.81407255,  2.56811132,  4.26251831,  7.6218297 , -1.45978291,\n         5.54788989]]), array([0.42803259, 0.42803259, 0.42803259, 0.42803259, 0.42803259,\n       0.42803259, 0.42803259]))", "callback": [0.818262671969317, 0.7804271355006329, 0.7229532213573338, 0.7031245893233857, 0.6991244405897936, 0.6958468674672009, 0.6864231124624005, 0.6552667492978068, 0.6312893029006466, 0.6202925320439701, 0.5947119519830943, 0.4992184655931172, 0.4519833688588589, 0.44453761703739414, 0.44368265412842256, 0.44323284609931435, 0.4429973245318003, 0.44274407603730614, 0.44234744636951795, 0.44197051700460677, 0.4397795038209268, 0.4370218759729452, 0.43194144515831756, 0.4288104729151908, 0.4282802489257993, 0.4281571707510464, 0.42809815114161587, 0.42807610901401694, 0.4280500050201822, 0.42803768410134435, 0.4280346493247177, 0.4280330995285849, 0.42803274859503615, 0.4280326513700293, 0.42803260720040304, 0.42803259791428594, 0.4280325912909956, 0.4280325912909956, 0.42803259104565383, 0.42803259080685796, 0.4280325905961526, 0.42803259035390107, 0.42803259019340867, 0.42803259019340867, 0.4280325901672448, 0.4280325901614306, 0.4280325901599945, 0.4280325901598798, 0.42803259015985384, 0.42803259015984485, 0.4280325901598425, 0.42803259015984174, 0.4280325901598413, 0.4280325901598412, 0.4280325901598411, 0.4280325901598411]}}, "bfgs": {"type": "gradient", "0": {"maxiter": 100, "gtol": 1e-05, "xrtol": 1e-05, "eps": 1e-05, "duration": 0.0688791275024414, "fun": "0.4280325905456358", "jac": "[-6.28477270e-06  8.59800009e-06 -1.30563338e-06 -1.00833786e-06\n  5.39490674e-07 -7.25112193e-06]", "hess_inv": "[[ 3.56029606  0.142563    0.11511032  0.1734293  -0.687818   -0.13590155]\n [ 0.142563    3.60378205  0.94200494 -0.11269275 -0.594793   -0.05525238]\n [ 0.11511032  0.94200494  4.14436108  0.13700587 -1.45606613  0.09984305]\n [ 0.1734293  -0.11269275  0.13700587  3.58408142 -0.3338135  -0.14417005]\n [-0.687818   -0.594793   -1.45606613 -0.3338135   4.4904415  -0.60585557]\n [-0.13590155 -0.05525238  0.09984305 -0.14417005 -0.60585557  3.78789368]]", "nfev": "147", "njev": "21", "status": "0", "success": "True", "message": "Optimization terminated successfully.", "x": "[ 1.81404311  2.56813957  4.26251267  7.62181898 -1.45977422  5.54785387]", "nit": "15", "callback": [0.4282250702601459]}, "1": {"maxiter": 100, "gtol": 1e-05, "xrtol": 1e-05, "eps": 1e-10, "duration": 0.06616497039794922, "fun": "0.42803259051036446", "jac": "[-6.66133760e-06  8.88178346e-06  0.00000000e+00 -3.33066880e-06\n  0.00000000e+00 -6.66133760e-06]", "hess_inv": "[[ 3.56339726  0.14500433  0.11844083  0.17985159 -0.69269064 -0.12429473]\n [ 0.14500433  3.59583762  0.94420236 -0.10750948 -0.60070322 -0.0616193 ]\n [ 0.11844083  0.94420236  4.17762558  0.1370555  -1.47078359  0.11712206]\n [ 0.17985159 -0.10750948  0.1370555   3.58226817 -0.33563411 -0.14759761]\n [-0.69269064 -0.60070322 -1.47078359 -0.33563411  4.49817388 -0.61845025]\n [-0.12429473 -0.0616193   0.11712206 -0.14759761 -0.61845025  3.77554476]]", "nfev": "147", "njev": "21", "status": "0", "success": "True", "message": "Optimization terminated successfully.", "x": "[ 1.81404609  2.56814929  4.26252903  7.62181751 -1.4597756   5.54786613]", "nit": "15", "callback": [0.4282250104687021]}, "2": {"maxiter": 100, "gtol": 1e-05, "xrtol": 1e-10, "eps": 1e-05, "duration": 0.06369209289550781, "fun": "0.4280325905456358", "jac": "[-6.28477270e-06  8.59800009e-06 -1.30563338e-06 -1.00833786e-06\n  5.39490674e-07 -7.25112193e-06]", "hess_inv": "[[ 3.56029606  0.142563    0.11511032  0.1734293  -0.687818   -0.13590155]\n [ 0.142563    3.60378205  0.94200494 -0.11269275 -0.594793   -0.05525238]\n [ 0.11511032  0.94200494  4.14436108  0.13700587 -1.45606613  0.09984305]\n [ 0.1734293  -0.11269275  0.13700587  3.58408142 -0.3338135  -0.14417005]\n [-0.687818   -0.594793   -1.45606613 -0.3338135   4.4904415  -0.60585557]\n [-0.13590155 -0.05525238  0.09984305 -0.14417005 -0.60585557  3.78789368]]", "nfev": "147", "njev": "21", "status": "0", "success": "True", "message": "Optimization terminated successfully.", "x": "[ 1.81404311  2.56813957  4.26251267  7.62181898 -1.45977422  5.54785387]", "nit": "15", "callback": [0.4282250702601459]}, "3": {"maxiter": 100, "gtol": 1e-05, "xrtol": 1e-10, "eps": 1e-10, "duration": 0.058995962142944336, "fun": "0.42803259051036446", "jac": "[-6.66133760e-06  8.88178346e-06  0.00000000e+00 -3.33066880e-06\n  0.00000000e+00 -6.66133760e-06]", "hess_inv": "[[ 3.56339726  0.14500433  0.11844083  0.17985159 -0.69269064 -0.12429473]\n [ 0.14500433  3.59583762  0.94420236 -0.10750948 -0.60070322 -0.0616193 ]\n [ 0.11844083  0.94420236  4.17762558  0.1370555  -1.47078359  0.11712206]\n [ 0.17985159 -0.10750948  0.1370555   3.58226817 -0.33563411 -0.14759761]\n [-0.69269064 -0.60070322 -1.47078359 -0.33563411  4.49817388 -0.61845025]\n [-0.12429473 -0.0616193   0.11712206 -0.14759761 -0.61845025  3.77554476]]", "nfev": "147", "njev": "21", "status": "0", "success": "True", "message": "Optimization terminated successfully.", "x": "[ 1.81404609  2.56814929  4.26252903  7.62181751 -1.4597756   5.54786613]", "nit": "15", "callback": [0.4282250104687021]}, "4": {"maxiter": 100, "gtol": 1e-10, "xrtol": 1e-05, "eps": 1e-05, "duration": 0.06187915802001953, "fun": "0.42803259017912076", "jac": "[-1.46060941e-07  3.01714209e-07  4.28990177e-07 -1.38711265e-07\n -1.26565425e-09 -5.55688828e-07]", "hess_inv": "[[ 3.67134212e+00  1.67747295e-03  1.53418133e-01  1.87327729e-01\n  -7.45222671e-01 -1.75355469e-02]\n [ 1.67747295e-03  3.76844909e+00  8.52514414e-01 -1.17398269e-01\n  -5.08239896e-01 -1.77325246e-01]\n [ 1.53418133e-01  8.52514414e-01  4.03880098e+00  1.79352852e-01\n  -1.43600596e+00  2.22300396e-01]\n [ 1.87327729e-01 -1.17398269e-01  1.79352852e-01  3.57394824e+00\n  -3.53601508e-01 -1.55162115e-01]\n [-7.45222671e-01 -5.08239896e-01 -1.43600596e+00 -3.53601508e-01\n   4.50673771e+00 -6.94438898e-01]\n [-1.75355469e-02 -1.77325246e-01  2.22300396e-01 -1.55162115e-01\n  -6.94438898e-01  3.85796849e+00]]", "nfev": "154", "njev": "22", "status": "0", "success": "True", "message": "Optimization terminated successfully.", "x": "[ 1.81406683  2.56810716  4.26251414  7.62182407 -1.45978423  5.54788377]", "nit": "16", "callback": [0.4282250702601459]}, "5": {"maxiter": 100, "gtol": 1e-10, "xrtol": 1e-05, "eps": 1e-10, "duration": 0.06015610694885254, "fun": "0.42803259016809936", "jac": "[-2.22044587e-06  1.11022293e-06  0.00000000e+00  0.00000000e+00\n  1.11022293e-06  2.22044587e-06]", "hess_inv": "[[ 3.68812946 -0.01290827  0.15648797  0.22097008 -0.74687056 -0.01592047]\n [-0.01290827  3.78287574  0.84914139 -0.13895022 -0.51378229 -0.18072054]\n [ 0.15648797  0.84914139  4.01852362  0.22464719 -1.42058767  0.21607762]\n [ 0.22097008 -0.13895022  0.22464719  3.56282862 -0.38282839 -0.14084281]\n [-0.74687056 -0.51378229 -1.42058767 -0.38282839  4.49562898 -0.6912816 ]\n [-0.01592047 -0.18072054  0.21607762 -0.14084281 -0.6912816   3.84426772]]", "nfev": "154", "njev": "22", "status": "0", "success": "True", "message": "Optimization terminated successfully.", "x": "[ 1.81407141  2.56811394  4.26252472  7.62183114 -1.45978189  5.54789276]", "nit": "16", "callback": [0.4282250104687021]}, "6": {"maxiter": 100, "gtol": 1e-10, "xrtol": 1e-10, "eps": 1e-05, "duration": 0.2356710433959961, "fun": "0.42803259017830964", "jac": "[ 1.25233157e-08  1.36557432e-09  2.49578136e-08  6.71684930e-09\n  4.46309656e-09 -9.34807787e-09]", "hess_inv": "[[ 3.64741170e+00  9.61848641e-04  1.04190141e-01  1.82419678e-01\n  -7.28169048e-01 -5.45219348e-03]\n [ 9.61848641e-04  3.87493659e+00  1.00309363e+00 -1.18175079e-01\n  -5.29824666e-01 -3.11559797e-01]\n [ 1.04190141e-01  1.00309363e+00  4.13893026e+00  1.77522720e-01\n  -1.42481870e+00  6.33196397e-02]\n [ 1.82419678e-01 -1.18175079e-01  1.77522720e-01  3.56758391e+00\n  -3.54446794e-01 -1.56748708e-01]\n [-7.28169048e-01 -5.29824666e-01 -1.42481870e+00 -3.54446794e-01\n   4.49543533e+00 -6.79184740e-01]\n [-5.45219348e-03 -3.11559797e-01  6.33196397e-02 -1.56748708e-01\n  -6.79184740e-01  4.01754940e+00]]", "nfev": "418", "njev": "58", "status": "2", "success": "False", "message": "Desired error not necessarily achieved due to precision loss.", "x": "[ 1.81406739  2.5681054   4.26251224  7.62182449 -1.45978401  5.547886  ]", "nit": "17", "callback": [0.4282250702601459]}, "7": {"maxiter": 100, "gtol": 1e-10, "xrtol": 1e-10, "eps": 1e-10, "duration": 0.18612003326416016, "fun": "0.4280325901631673", "jac": "[0.00000000e+00 0.00000000e+00 0.00000000e+00 1.11022293e-06\n 1.11022293e-06 0.00000000e+00]", "hess_inv": "[[ 1.048068   -0.2488979  -0.22033196 -0.09951179 -1.09158547 -0.24117408]\n [-0.2488979   0.31803741 -0.04156144 -0.01297061  0.16531166  0.20602079]\n [-0.22033196 -0.04156144  0.64682294 -0.44605313 -0.06169268  0.43519207]\n [-0.09951179 -0.01297061 -0.44605313  0.48109657  0.37971012 -0.4504742 ]\n [-1.09158547  0.16531166 -0.06169268  0.37971012  3.49545472 -1.15753981]\n [-0.24117408  0.20602079  0.43519207 -0.4504742  -1.15753981  1.31208497]]", "nfev": "273", "njev": "39", "status": "0", "success": "True", "message": "Optimization terminated successfully.", "x": "[ 1.81407505  2.5681126   4.26252098  7.62183289 -1.45978222  5.5478898 ]", "nit": "24", "callback": [0.4282250104687021, 0.42803259016381545]}, "8": {"maxiter": 500, "gtol": 1e-05, "xrtol": 1e-05, "eps": 1e-05, "duration": 0.07968783378601074, "fun": "0.4280325905456358", "jac": "[-6.28477270e-06  8.59800009e-06 -1.30563338e-06 -1.00833786e-06\n  5.39490674e-07 -7.25112193e-06]", "hess_inv": "[[ 3.56029606  0.142563    0.11511032  0.1734293  -0.687818   -0.13590155]\n [ 0.142563    3.60378205  0.94200494 -0.11269275 -0.594793   -0.05525238]\n [ 0.11511032  0.94200494  4.14436108  0.13700587 -1.45606613  0.09984305]\n [ 0.1734293  -0.11269275  0.13700587  3.58408142 -0.3338135  -0.14417005]\n [-0.687818   -0.594793   -1.45606613 -0.3338135   4.4904415  -0.60585557]\n [-0.13590155 -0.05525238  0.09984305 -0.14417005 -0.60585557  3.78789368]]", "nfev": "147", "njev": "21", "status": "0", "success": "True", "message": "Optimization terminated successfully.", "x": "[ 1.81404311  2.56813957  4.26251267  7.62181898 -1.45977422  5.54785387]", "nit": "15", "callback": [0.4282250702601459]}, "9": {"maxiter": 500, "gtol": 1e-05, "xrtol": 1e-05, "eps": 1e-10, "duration": 0.07999396324157715, "fun": "0.42803259051036446", "jac": "[-6.66133760e-06  8.88178346e-06  0.00000000e+00 -3.33066880e-06\n  0.00000000e+00 -6.66133760e-06]", "hess_inv": "[[ 3.56339726  0.14500433  0.11844083  0.17985159 -0.69269064 -0.12429473]\n [ 0.14500433  3.59583762  0.94420236 -0.10750948 -0.60070322 -0.0616193 ]\n [ 0.11844083  0.94420236  4.17762558  0.1370555  -1.47078359  0.11712206]\n [ 0.17985159 -0.10750948  0.1370555   3.58226817 -0.33563411 -0.14759761]\n [-0.69269064 -0.60070322 -1.47078359 -0.33563411  4.49817388 -0.61845025]\n [-0.12429473 -0.0616193   0.11712206 -0.14759761 -0.61845025  3.77554476]]", "nfev": "147", "njev": "21", "status": "0", "success": "True", "message": "Optimization terminated successfully.", "x": "[ 1.81404609  2.56814929  4.26252903  7.62181751 -1.4597756   5.54786613]", "nit": "15", "callback": [0.4282250104687021]}, "10": {"maxiter": 500, "gtol": 1e-05, "xrtol": 1e-10, "eps": 1e-05, "duration": 0.13821196556091309, "fun": "0.4280325905456358", "jac": "[-6.28477270e-06  8.59800009e-06 -1.30563338e-06 -1.00833786e-06\n  5.39490674e-07 -7.25112193e-06]", "hess_inv": "[[ 3.56029606  0.142563    0.11511032  0.1734293  -0.687818   -0.13590155]\n [ 0.142563    3.60378205  0.94200494 -0.11269275 -0.594793   -0.05525238]\n [ 0.11511032  0.94200494  4.14436108  0.13700587 -1.45606613  0.09984305]\n [ 0.1734293  -0.11269275  0.13700587  3.58408142 -0.3338135  -0.14417005]\n [-0.687818   -0.594793   -1.45606613 -0.3338135   4.4904415  -0.60585557]\n [-0.13590155 -0.05525238  0.09984305 -0.14417005 -0.60585557  3.78789368]]", "nfev": "147", "njev": "21", "status": "0", "success": "True", "message": "Optimization terminated successfully.", "x": "[ 1.81404311  2.56813957  4.26251267  7.62181898 -1.45977422  5.54785387]", "nit": "15", "callback": [0.4282250702601459]}, "11": {"maxiter": 500, "gtol": 1e-05, "xrtol": 1e-10, "eps": 1e-10, "duration": 0.12640929222106934, "fun": "0.42803259051036446", "jac": "[-6.66133760e-06  8.88178346e-06  0.00000000e+00 -3.33066880e-06\n  0.00000000e+00 -6.66133760e-06]", "hess_inv": "[[ 3.56339726  0.14500433  0.11844083  0.17985159 -0.69269064 -0.12429473]\n [ 0.14500433  3.59583762  0.94420236 -0.10750948 -0.60070322 -0.0616193 ]\n [ 0.11844083  0.94420236  4.17762558  0.1370555  -1.47078359  0.11712206]\n [ 0.17985159 -0.10750948  0.1370555   3.58226817 -0.33563411 -0.14759761]\n [-0.69269064 -0.60070322 -1.47078359 -0.33563411  4.49817388 -0.61845025]\n [-0.12429473 -0.0616193   0.11712206 -0.14759761 -0.61845025  3.77554476]]", "nfev": "147", "njev": "21", "status": "0", "success": "True", "message": "Optimization terminated successfully.", "x": "[ 1.81404609  2.56814929  4.26252903  7.62181751 -1.4597756   5.54786613]", "nit": "15", "callback": [0.4282250104687021]}, "12": {"maxiter": 500, "gtol": 1e-10, "xrtol": 1e-05, "eps": 1e-05, "duration": 0.13041996955871582, "fun": "0.42803259017912076", "jac": "[-1.46060941e-07  3.01714209e-07  4.28990177e-07 -1.38711265e-07\n -1.26565425e-09 -5.55688828e-07]", "hess_inv": "[[ 3.67134212e+00  1.67747295e-03  1.53418133e-01  1.87327729e-01\n  -7.45222671e-01 -1.75355469e-02]\n [ 1.67747295e-03  3.76844909e+00  8.52514414e-01 -1.17398269e-01\n  -5.08239896e-01 -1.77325246e-01]\n [ 1.53418133e-01  8.52514414e-01  4.03880098e+00  1.79352852e-01\n  -1.43600596e+00  2.22300396e-01]\n [ 1.87327729e-01 -1.17398269e-01  1.79352852e-01  3.57394824e+00\n  -3.53601508e-01 -1.55162115e-01]\n [-7.45222671e-01 -5.08239896e-01 -1.43600596e+00 -3.53601508e-01\n   4.50673771e+00 -6.94438898e-01]\n [-1.75355469e-02 -1.77325246e-01  2.22300396e-01 -1.55162115e-01\n  -6.94438898e-01  3.85796849e+00]]", "nfev": "154", "njev": "22", "status": "0", "success": "True", "message": "Optimization terminated successfully.", "x": "[ 1.81406683  2.56810716  4.26251414  7.62182407 -1.45978423  5.54788377]", "nit": "16", "callback": [0.4282250702601459]}, "13": {"maxiter": 500, "gtol": 1e-10, "xrtol": 1e-05, "eps": 1e-10, "duration": 0.16199898719787598, "fun": "0.42803259016809936", "jac": "[-2.22044587e-06  1.11022293e-06  0.00000000e+00  0.00000000e+00\n  1.11022293e-06  2.22044587e-06]", "hess_inv": "[[ 3.68812946 -0.01290827  0.15648797  0.22097008 -0.74687056 -0.01592047]\n [-0.01290827  3.78287574  0.84914139 -0.13895022 -0.51378229 -0.18072054]\n [ 0.15648797  0.84914139  4.01852362  0.22464719 -1.42058767  0.21607762]\n [ 0.22097008 -0.13895022  0.22464719  3.56282862 -0.38282839 -0.14084281]\n [-0.74687056 -0.51378229 -1.42058767 -0.38282839  4.49562898 -0.6912816 ]\n [-0.01592047 -0.18072054  0.21607762 -0.14084281 -0.6912816   3.84426772]]", "nfev": "154", "njev": "22", "status": "0", "success": "True", "message": "Optimization terminated successfully.", "x": "[ 1.81407141  2.56811394  4.26252472  7.62183114 -1.45978189  5.54789276]", "nit": "16", "callback": [0.4282250104687021]}, "14": {"maxiter": 500, "gtol": 1e-10, "xrtol": 1e-10, "eps": 1e-05, "duration": 0.35173821449279785, "fun": "0.42803259017830964", "jac": "[ 1.25233157e-08  1.36557432e-09  2.49578136e-08  6.71684930e-09\n  4.46309656e-09 -9.34807787e-09]", "hess_inv": "[[ 3.64741170e+00  9.61848641e-04  1.04190141e-01  1.82419678e-01\n  -7.28169048e-01 -5.45219348e-03]\n [ 9.61848641e-04  3.87493659e+00  1.00309363e+00 -1.18175079e-01\n  -5.29824666e-01 -3.11559797e-01]\n [ 1.04190141e-01  1.00309363e+00  4.13893026e+00  1.77522720e-01\n  -1.42481870e+00  6.33196397e-02]\n [ 1.82419678e-01 -1.18175079e-01  1.77522720e-01  3.56758391e+00\n  -3.54446794e-01 -1.56748708e-01]\n [-7.28169048e-01 -5.29824666e-01 -1.42481870e+00 -3.54446794e-01\n   4.49543533e+00 -6.79184740e-01]\n [-5.45219348e-03 -3.11559797e-01  6.33196397e-02 -1.56748708e-01\n  -6.79184740e-01  4.01754940e+00]]", "nfev": "418", "njev": "58", "status": "2", "success": "False", "message": "Desired error not necessarily achieved due to precision loss.", "x": "[ 1.81406739  2.5681054   4.26251224  7.62182449 -1.45978401  5.547886  ]", "nit": "17", "callback": [0.4282250702601459]}, "15": {"maxiter": 500, "gtol": 1e-10, "xrtol": 1e-10, "eps": 1e-10, "duration": 0.25069689750671387, "fun": "0.4280325901631673", "jac": "[0.00000000e+00 0.00000000e+00 0.00000000e+00 1.11022293e-06\n 1.11022293e-06 0.00000000e+00]", "hess_inv": "[[ 1.048068   -0.2488979  -0.22033196 -0.09951179 -1.09158547 -0.24117408]\n [-0.2488979   0.31803741 -0.04156144 -0.01297061  0.16531166  0.20602079]\n [-0.22033196 -0.04156144  0.64682294 -0.44605313 -0.06169268  0.43519207]\n [-0.09951179 -0.01297061 -0.44605313  0.48109657  0.37971012 -0.4504742 ]\n [-1.09158547  0.16531166 -0.06169268  0.37971012  3.49545472 -1.15753981]\n [-0.24117408  0.20602079  0.43519207 -0.4504742  -1.15753981  1.31208497]]", "nfev": "273", "njev": "39", "status": "0", "success": "True", "message": "Optimization terminated s