{"date": "2024/09/24/, 06:45:21", "conf_id": 315, "data_type": "var_s_rank\n", "num_data_points": 4, "s_rank": 0, "unitary": "[[-0.45070455-0.02711853j,0.78437395-0.06613086j,0.06358678+0.19963393j,-0.07343613+0.35668523j],[-0.01890143-0.03813363j,0.32408202+0.25557629j,0.05872864-0.68979805j,0.55466693-0.20227297j],[-0.11215405+0.64023111j,-0.13344055+0.29565494j,-0.49012687-0.19046288j,-0.04241254+0.44046348j],[0.55771659+0.24656916j,0.31851997-0.05798805j,0.28761525-0.34294258j,-0.56718418+0.03616933j]]", "databatch_0": {"databatch": "[[[0.114122+0.0762683j,-0.17957036-0.05710753j,-0.07686496-0.12648978j,0.0684937+0.21857121j],[0.03323687-0.12833462j,0.13130581-0.09579226j,-0.41557858+0.00446678j,-0.13281634-0.24674114j],[-0.07328633-0.06803971j,-0.02471516+0.05630016j,0.25274217+0.11601284j,-0.31411011-0.22919692j],[-0.08971582+0.25993065j,0.35802342+0.07697494j,0.14117071+0.27324403j,-0.16154169+0.05762275j]],[[0.14499264-0.20555867j,0.0765627+0.13445182j,0.26608677+0.1465921j,-0.0519984+0.01703458j],[-0.2376664+0.27747347j,0.1330165-0.07696991j,-0.47513069-0.28220301j,-0.06423054-0.2158085j],[0.33831253+0.03022326j,0.026461-0.17569583j,-0.0154382-0.21063711j,-0.14470743+0.06614822j],[-0.08097177+0.03147338j,-0.03945521+0.0825249j,-0.05928165+0.01313245j,0.00878267+0.26034373j]],[[-0.12237879-0.17058329j,-0.06234152-0.20521891j,-0.05541486-0.26906392j,-0.14347251+0.09581896j],[0.02374272-0.11733907j,0.3178912+0.12980684j,-0.04741953-0.22780925j,0.04113426-0.09049844j],[0.34085705-0.0290603j,0.1392593-0.17558228j,-0.16253662-0.29979425j,-0.24515599-0.14060024j],[0.05590292+0.2205538j,0.2320108+0.16021507j,0.23663362-0.01882362j,0.09399851+0.22036273j]],[[-0.04302894-0.05239209j,0.03282541-0.03875068j,-0.04537997+0.06407084j,0.07798962+0.20941342j],[0.21878667-0.32260687j,-0.00943844-0.39040277j,0.22599952+0.01536912j,-0.25491448+0.1461054j],[0.05943215+0.21513135j,-0.13983595-0.23372818j,-0.0191998-0.1931316j,-0.2660246-0.11695195j],[0.08843709+0.26142845j,0.2336363-0.05385757j,0.27728942+0.14294308j,-0.00186124+0.13246604j]]]", "initial param values": "[1.02975584,3.54572081,5.61476306,6.15428853,1.69696235,4.55819837]", "nelder_mead": {"type": "gradient-free", "0": {"maxiter": 100, "fatol": 1e-05, "xatol": 1e-05, "duration": 0.0377652645111084, "fun": "0.44459939930300063", "nit": "100", "nfev": "155", "status": "2", "success": "False", "message": "Maximum number of iterations has been exceeded.", "x": "[1.11063687 1.25375141 6.74283641 7.85204246 3.72127524 5.09347239]", "final_simplex": "(array([[1.11063687, 1.25375141, 6.74283641, 7.85204246, 3.72127524,\n        5.09347239],\n       [1.15209642, 1.07113465, 6.65806029, 8.26045316, 3.8962211 ,\n        4.70351468],\n       [1.09778817, 0.78090231, 6.54873569, 8.29226843, 3.73917699,\n        4.98733746],\n       [1.09612278, 0.86143678, 6.71738406, 8.34910853, 3.66963352,\n        5.02610194],\n       [1.10653576, 1.11316664, 6.7615799 , 8.27571165, 3.59275987,\n        5.18815919],\n       [1.1418987 , 1.61933836, 6.32312924, 8.08808791, 3.68510778,\n        4.78674572],\n       [1.09873877, 1.0845459 , 6.66167612, 8.47400722, 3.76172609,\n        5.00545526]]), array([0.4445994 , 0.46250995, 0.46251904, 0.46409091, 0.46535237,\n       0.46957822, 0.47044155]))", "callback": [0.8134855613584495, 0.731353908637667, 0.7117532552198416, 0.6867516076746631, 0.6682229260549261, 0.6362943685694687, 0.5676118000064305, 0.5307125073464984, 0.4885388804118994]}, "1": {"maxiter": 100, "fatol": 1e-05, "xatol": 1e-10, "duration": 0.036437034606933594, "fun": "0.44459939930300063", "nit": "100", "nfev": "155", "status": "2", "success": "False", "message": "Maximum number of iterations has been exceeded.", "x": "[1.11063687 1.25375141 6.74283641 7.85204246 3.72127524 5.09347239]", "final_simplex": "(array([[1.11063687, 1.25375141, 6.74283641, 7.85204246, 3.72127524,\n        5.09347239],\n       [1.15209642, 1.07113465, 6.65806029, 8.26045316, 3.8962211 ,\n        4.70351468],\n       [1.09778817, 0.78090231, 6.54873569, 8.29226843, 3.73917699,\n        4.98733746],\n       [1.09612278, 0.86143678, 6.71738406, 8.34910853, 3.66963352,\n        5.02610194],\n       [1.10653576, 1.11316664, 6.7615799 , 8.27571165, 3.59275987,\n        5.18815919],\n       [1.1418987 , 1.61933836, 6.32312924, 8.08808791, 3.68510778,\n        4.78674572],\n       [1.09873877, 1.0845459 , 6.66167612, 8.47400722, 3.76172609,\n        5.00545526]]), array([0.4445994 , 0.46250995, 0.46251904, 0.46409091, 0.46535237,\n       0.46957822, 0.47044155]))", "callback": [0.8134855613584495, 0.731353908637667, 0.7117532552198416, 0.6867516076746631, 0.6682229260549261, 0.6362943685694687, 0.5676118000064305, 0.5307125073464984, 0.4885388804118994]}, "2": {"maxiter": 100, "fatol": 1e-10, "xatol": 1e-05, "duration": 0.03521990776062012, "fun": "0.44459939930300063", "nit": "100", "nfev": "155", "status": "2", "success": "False", "message": "Maximum number of iterations has been exceeded.", "x": "[1.11063687 1.25375141 6.74283641 7.85204246 3.72127524 5.09347239]", "final_simplex": "(array([[1.11063687, 1.25375141, 6.74283641, 7.85204246, 3.72127524,\n        5.09347239],\n       [1.15209642, 1.07113465, 6.65806029, 8.26045316, 3.8962211 ,\n        4.70351468],\n       [1.09778817, 0.78090231, 6.54873569, 8.29226843, 3.73917699,\n        4.98733746],\n       [1.09612278, 0.86143678, 6.71738406, 8.34910853, 3.66963352,\n        5.02610194],\n       [1.10653576, 1.11316664, 6.7615799 , 8.27571165, 3.59275987,\n        5.18815919],\n       [1.1418987 , 1.61933836, 6.32312924, 8.08808791, 3.68510778,\n        4.78674572],\n       [1.09873877, 1.0845459 , 6.66167612, 8.47400722, 3.76172609,\n        5.00545526]]), array([0.4445994 , 0.46250995, 0.46251904, 0.46409091, 0.46535237,\n       0.46957822, 0.47044155]))", "callback": [0.8134855613584495, 0.731353908637667, 0.7117532552198416, 0.6867516076746631, 0.6682229260549261, 0.6362943685694687, 0.5676118000064305, 0.5307125073464984, 0.4885388804118994]}, "3": {"maxiter": 100, "fatol": 1e-10, "xatol": 1e-10, "duration": 0.034979820251464844, "fun": "0.44459939930300063", "nit": "100", "nfev": "155", "status": "2", "success": "False", "message": "Maximum number of iterations has been exceeded.", "x": "[1.11063687 1.25375141 6.74283641 7.85204246 3.72127524 5.09347239]", "final_simplex": "(array([[1.11063687, 1.25375141, 6.74283641, 7.85204246, 3.72127524,\n        5.09347239],\n       [1.15209642, 1.07113465, 6.65806029, 8.26045316, 3.8962211 ,\n        4.70351468],\n       [1.09778817, 0.78090231, 6.54873569, 8.29226843, 3.73917699,\n        4.98733746],\n       [1.09612278, 0.86143678, 6.71738406, 8.34910853, 3.66963352,\n        5.02610194],\n       [1.10653576, 1.11316664, 6.7615799 , 8.27571165, 3.59275987,\n        5.18815919],\n       [1.1418987 , 1.61933836, 6.32312924, 8.08808791, 3.68510778,\n        4.78674572],\n       [1.09873877, 1.0845459 , 6.66167612, 8.47400722, 3.76172609,\n        5.00545526]]), array([0.4445994 , 0.46250995, 0.46251904, 0.46409091, 0.46535237,\n       0.46957822, 0.47044155]))", "callback": [0.8134855613584495, 0.731353908637667, 0.7117532552198416, 0.6867516076746631, 0.6682229260549261, 0.6362943685694687, 0.5676118000064305, 0.5307125073464984, 0.4885388804118994]}, "4": {"maxiter": 500, "fatol": 1e-05, "xatol": 1e-05, "duration": 0.14319419860839844, "fun": "0.4309948563764744", "nit": "395", "nfev": "634", "status": "0", "success": "True", "message": "Optimization terminated successfully.", "x": "[1.21962288 1.20858948 6.47550523 7.9548023  3.99756944 5.01921932]", "final_simplex": "(array([[1.21962288, 1.20858948, 6.47550523, 7.9548023 , 3.99756944,\n        5.01921932],\n       [1.21962138, 1.20858225, 6.47551129, 7.9547935 , 3.99757107,\n        5.01922897],\n       [1.21962812, 1.20859023, 6.47551148, 7.9548017 , 3.99756142,\n        5.01922239],\n       [1.2196287 , 1.20859484, 6.47549821, 7.95480395, 3.99756966,\n        5.01922458],\n       [1.2196202 , 1.20859934, 6.47550152, 7.95479786, 3.99755991,\n        5.01922673],\n       [1.21963166, 1.20859184, 6.47550438, 7.95479679, 3.99756138,\n        5.01922157],\n       [1.21962761, 1.20859775, 6.47550757, 7.95479534, 3.99756512,\n        5.01921794]]), array([0.43099486, 0.43099486, 0.43099486, 0.43099486, 0.43099486,\n       0.43099486, 0.43099486]))", "callback": [0.8134855613584495, 0.731353908637667, 0.7117532552198416, 0.6867516076746631, 0.6682229260549261, 0.6362943685694687, 0.5676118000064305, 0.5307125073464984, 0.4885388804118994, 0.44339976632401434, 0.4399047892635338, 0.4346521292241511, 0.4346423362552375, 0.43374638506319396, 0.4335083201488199, 0.4334240499405507, 0.4334240499405507, 0.43339284487400387, 0.4333760079307466, 0.4333432754115495, 0.4332936978698626, 0.43312220903932674, 0.4328743841942331, 0.43249624604825787, 0.4321456071203029, 0.43160565398747175, 0.4311554780601179, 0.4310953392412784, 0.4310429330620531, 0.4310166804237019, 0.4310001926849487, 0.43099562940367453, 0.43099508404037234, 0.4309949199991303, 0.4309948655253262, 0.4309948596317503, 0.4309948567195434, 0.43099485643290325, 0.4309948563769015]}, "5": {"maxiter": 500, "fatol": 1e-05, "xatol": 1e-10, "duration": 0.1832869052886963, "fun": "0.4309948563606054", "nit": "500", "nfev": "816", "status": "2", "success": "False", "message": "Maximum number of iterations has been exceeded.", "x": "[1.21962154 1.20858815 6.47551125 7.95480075 3.99756747 5.01923099]", "final_simplex": "(array([[1.21962154, 1.20858815, 6.47551125, 7.95480075, 3.99756747,\n        5.01923099],\n       [1.21962154, 1.20858815, 6.47551125, 7.95480073, 3.99756747,\n        5.019231  ],\n       [1.21962154, 1.20858816, 6.47551124, 7.95480073, 3.99756747,\n        5.019231  ],\n       [1.21962155, 1.20858815, 6.47551124, 7.95480074, 3.99756747,\n        5.019231  ],\n       [1.21962154, 1.20858815, 6.47551125, 7.95480074, 3.99756747,\n        5.01923099],\n       [1.21962155, 1.20858815, 6.47551125, 7.95480074, 3.99756746,\n        5.019231  ],\n       [1.21962154, 1.20858814, 6.47551125, 7.95480074, 3.99756747,\n        5.019231  ]]), array([0.43099486, 0.43099486, 0.43099486, 0.43099486, 0.43099486,\n       0.43099486, 0.43099486]))", "callback": [0.8134855613584495, 0.731353908637667, 0.7117532552198416, 0.6867516076746631, 0.6682229260549261, 0.6362943685694687, 0.5676118000064305, 0.5307125073464984, 0.4885388804118994, 0.44339976632401434, 0.4399047892635338, 0.4346521292241511, 0.4346423362552375, 0.43374638506319396, 0.4335083201488199, 0.4334240499405507, 0.4334240499405507, 0.43339284487400387, 0.4333760079307466, 0.4333432754115495, 0.4332936978698626, 0.43312220903932674, 0.4328743841942331, 0.43249624604825787, 0.4321456071203029, 0.43160565398747175, 0.4311554780601179, 0.4310953392412784, 0.4310429330620531, 0.4310166804237019, 0.4310001926849487, 0.43099562940367453, 0.43099508404037234, 0.4309949199991303, 0.4309948655253262, 0.4309948596317503, 0.4309948567195434, 0.43099485643290325, 0.4309948563769015, 0.4309948563665623, 0.43099485636357937, 0.43099485636169876, 0.4309948563609849, 0.4309948563607937, 0.43099485636065515, 0.4309948563606143, 0.43099485636060797, 0.43099485636060586, 0.4309948563606054]}, "6": {"maxiter": 500, "fatol": 1e-10, "xatol": 1e-05, "duration": 0.14290595054626465, "fun": "0.4309948563764744", "nit": "395", "nfev": "634", "status": "0", "success": "True", "message": "Optimization terminated successfully.", "x": "[1.21962288 1.20858948 6.47550523 7.9548023  3.99756944 5.01921932]", "final_simplex": "(array([[1.21962288, 1.20858948, 6.47550523, 7.9548023 , 3.99756944,\n        5.01921932],\n       [1.21962138, 1.20858225, 6.47551129, 7.9547935 , 3.99757107,\n        5.01922897],\n       [1.21962812, 1.20859023, 6.47551148, 7.9548017 , 3.99756142,\n        5.01922239],\n       [1.2196287 , 1.20859484, 6.47549821, 7.95480395, 3.99756966,\n        5.01922458],\n       [1.2196202 , 1.20859934, 6.47550152, 7.95479786, 3.99755991,\n        5.01922673],\n       [1.21963166, 1.20859184, 6.47550438, 7.95479679, 3.99756138,\n        5.01922157],\n       [1.21962761, 1.20859775, 6.47550757, 7.95479534, 3.99756512,\n        5.01921794]]), array([0.43099486, 0.43099486, 0.43099486, 0.43099486, 0.43099486,\n       0.43099486, 0.43099486]))", "callback": [0.8134855613584495, 0.731353908637667, 0.7117532552198416, 0.6867516076746631, 0.6682229260549261, 0.6362943685694687, 0.5676118000064305, 0.5307125073464984, 0.4885388804118994, 0.44339976632401434, 0.4399047892635338, 0.4346521292241511, 0.4346423362552375, 0.43374638506319396, 0.4335083201488199, 0.4334240499405507, 0.4334240499405507, 0.43339284487400387, 0.4333760079307466, 0.4333432754115495, 0.4332936978698626, 0.43312220903932674, 0.4328743841942331, 0.43249624604825787, 0.4321456071203029, 0.43160565398747175, 0.4311554780601179, 0.4310953392412784, 0.4310429330620531, 0.4310166804237019, 0.4310001926849487, 0.43099562940367453, 0.43099508404037234, 0.4309949199991303, 0.4309948655253262, 0.4309948596317503, 0.4309948567195434, 0.43099485643290325, 0.4309948563769015]}, "7": {"maxiter": 500, "fatol": 1e-10, "xatol": 1e-10, "duration": 0.2062239646911621, "fun": "0.4309948563606054", "nit": "500", "nfev": "816", "status": "2", "success": "False", "message": "Maximum number of iterations has been exceeded.", "x": "[1.21962154 1.20858815 6.47551125 7.95480075 3.99756747 5.01923099]", "final_simplex": "(array([[1.21962154, 1.20858815, 6.47551125, 7.95480075, 3.99756747,\n        5.01923099],\n       [1.21962154, 1.20858815, 6.47551125, 7.95480073, 3.99756747,\n        5.019231  ],\n       [1.21962154, 1.20858816, 6.47551124, 7.95480073, 3.99756747,\n        5.019231  ],\n       [1.21962155, 1.20858815, 6.47551124, 7.95480074, 3.99756747,\n        5.019231  ],\n       [1.21962154, 1.20858815, 6.47551125, 7.95480074, 3.99756747,\n        5.01923099],\n       [1.21962155, 1.20858815, 6.47551125, 7.95480074, 3.99756746,\n        5.019231  ],\n       [1.21962154, 1.20858814, 6.47551125, 7.95480074, 3.99756747,\n        5.019231  ]]), array([0.43099486, 0.43099486, 0.43099486, 0.43099486, 0.43099486,\n       0.43099486, 0.43099486]))", "callback": [0.8134855613584495, 0.731353908637667, 0.7117532552198416, 0.6867516076746631, 0.6682229260549261, 0.6362943685694687, 0.5676118000064305, 0.5307125073464984, 0.4885388804118994, 0.44339976632401434, 0.4399047892635338, 0.4346521292241511, 0.4346423362552375, 0.43374638506319396, 0.4335083201488199, 0.4334240499405507, 0.4334240499405507, 0.43339284487400387, 0.4333760079307466, 0.4333432754115495, 0.4332936978698626, 0.43312220903932674, 0.4328743841942331, 0.43249624604825787, 0.4321456071203029, 0.43160565398747175, 0.4311554780601179, 0.4310953392412784, 0.4310429330620531, 0.4310166804237019, 0.4310001926849487, 0.43099562940367453, 0.43099508404037234, 0.4309949199991303, 0.4309948655253262, 0.4309948596317503, 0.4309948567195434, 0.43099485643290325, 0.4309948563769015, 0.4309948563665623, 0.43099485636357937, 0.43099485636169876, 0.4309948563609849, 0.4309948563607937, 0.43099485636065515, 0.4309948563606143, 0.43099485636060797, 0.43099485636060586, 0.4309948563606054]}, "8": {"maxiter": 1000, "fatol": 1e-05, "xatol": 1e-05, "duration": 0.14380407333374023, "fun": "0.4309948563764744", "nit": "395", "nfev": "634", "status": "0", "success": "True", "message": "Optimization terminated successfully.", "x": "[1.21962288 1.20858948 6.47550523 7.9548023  3.99756944 5.01921932]", "final_simplex": "(array([[1.21962288, 1.20858948, 6.47550523, 7.9548023 , 3.99756944,\n        5.01921932],\n       [1.21962138, 1.20858225, 6.47551129, 7.9547935 , 3.99757107,\n        5.01922897],\n       [1.21962812, 1.20859023, 6.47551148, 7.9548017 , 3.99756142,\n        5.01922239],\n       [1.2196287 , 1.20859484, 6.47549821, 7.95480395, 3.99756966,\n        5.01922458],\n       [1.2196202 , 1.20859934, 6.47550152, 7.95479786, 3.99755991,\n        5.01922673],\n       [1.21963166, 1.20859184, 6.47550438, 7.95479679, 3.99756138,\n        5.01922157],\n       [1.21962761, 1.20859775, 6.47550757, 7.95479534, 3.99756512,\n        5.01921794]]), array([0.43099486, 0.43099486, 0.43099486, 0.43099486, 0.43099486,\n       0.43099486, 0.43099486]))", "callback": [0.8134855613584495, 0.731353908637667, 0.7117532552198416, 0.6867516076746631, 0.6682229260549261, 0.6362943685694687, 0.5676118000064305, 0.5307125073464984, 0.4885388804118994, 0.44339976632401434, 0.4399047892635338, 0.4346521292241511, 0.4346423362552375, 0.43374638506319396, 0.4335083201488199, 0.4334240499405507, 0.4334240499405507, 0.43339284487400387, 0.4333760079307466, 0.4333432754115495, 0.4332936978698626, 0.43312220903932674, 0.4328743841942331, 0.43249624604825787, 0.4321456071203029, 0.43160565398747175, 0.4311554780601179, 0.4310953392412784, 0.4310429330620531, 0.4310166804237019, 0.4310001926849487, 0.43099562940367453, 0.43099508404037234, 0.4309949199991303, 0.4309948655253262, 0.4309948596317503, 0.4309948567195434, 0.43099485643290325, 0.4309948563769015]}, "9": {"maxiter": 1000, "fatol": 1e-05, "xatol": 1e-10, "duration": 0.21504688262939453, "fun": "0.4309948563606054", "nit": "527", "nfev": "899", "status": "0", "success": "True", "message": "Optimization terminated successfully.", "x": "[1.21962154 1.20858815 6.47551125 7.95480075 3.99756747 5.01923099]", "final_simplex": "(array([[1.21962154, 1.20858815, 6.47551125, 7.95480075, 3.99756747,\n        5.01923099],\n       [1.21962154, 1.20858815, 6.47551125, 7.95480075, 3.99756747,\n        5.01923099],\n       [1.21962154, 1.20858815, 6.47551125, 7.95480075, 3.99756747,\n        5.01923099],\n       [1.21962154, 1.20858815, 6.47551125, 7.95480075, 3.99756747,\n        5.01923099],\n       [1.21962154, 1.20858815, 6.47551125, 7.95480075, 3.99756747,\n        5.01923099],\n       [1.21962154, 1.20858815, 6.47551125, 7.95480075, 3.99756747,\n        5.01923099],\n       [1.21962154, 1.20858815, 6.47551125, 7.95480075, 3.99756747,\n        5.01923099]]), array([0.43099486, 0.43099486, 0.43099486, 0.43099486, 0.43099486,\n       0.43099486, 0.43099486]))", "callback": [0.8134855613584495, 0.731353908637667, 0.7117532552198416, 0.6867516076746631, 0.6682229260549261, 0.6362943685694687, 0.5676118000064305, 0.5307125073464984, 0.4885388804118994, 0.44339976632401434, 0.4399047892635338, 0.4346521292241511, 0.4346423362552375, 0.43374638506319396, 0.4335083201488199, 0.4334240499405507, 0.4334240499405507, 0.43339284487400387, 0.4333760079307466, 0.4333432754115495, 0.4332936978698626, 0.43312220903932674, 0.4328743841942331, 0.43249624604825787, 0.4321456071203029, 0.43160565398747175, 0.4311554780601179, 0.4310953392412784, 0.4310429330620531, 0.4310166804237019, 0.4310001926849487, 0.43099562940367453, 0.43099508404037234, 0.4309949199991303, 0.4309948655253262, 0.4309948596317503, 0.4309948567195434, 0.43099485643290325, 0.4309948563769015, 0.4309948563665623, 0.43099485636357937, 0.43099485636169876, 0.4309948563609849, 0.4309948563607937, 0.43099485636065515, 0.4309948563606143, 0.43099485636060797, 0.43099485636060586, 0.4309948563606054, 0.4309948563606054, 0.4309948563606054, 0.4309948563606054]}, "10": {"maxiter": 1000, "fatol": 1e-10, "xatol": 1e-05, "duration": 0.16295289993286133, "fun": "0.4309948563764744", "nit": "395", "nfev": "634", "status": "0", "success": "True", "message": "Optimization terminated successfully.", "x": "[1.21962288 1.20858948 6.47550523 7.9548023  3.99756944 5.01921932]", "final_simplex": "(array([[1.21962288, 1.20858948, 6.47550523, 7.9548023 , 3.99756944,\n        5.01921932],\n       [1.21962138, 1.20858225, 6.47551129, 7.9547935 , 3.99757107,\n        5.01922897],\n       [1.21962812, 1.20859023, 6.47551148, 7.9548017 , 3.99756142,\n        5.01922239],\n       [1.2196287 , 1.20859484, 6.47549821, 7.95480395, 3.99756966,\n        5.01922458],\n       [1.2196202 , 1.20859934, 6.47550152, 7.95479786, 3.99755991,\n        5.01922673],\n       [1.21963166, 1.20859184, 6.47550438, 7.95479679, 3.99756138,\n        5.01922157],\n       [1.21962761, 1.20859775, 6.47550757, 7.95479534, 3.99756512,\n        5.01921794]]), array([0.43099486, 0.43099486, 0.43099486, 0.43099486, 0.43099486,\n       0.43099486, 0.43099486]))", "callback": [0.8134855613584495, 0.731353908637667, 0.7117532552198416, 0.6867516076746631, 0.6682229260549261, 0.6362943685694687, 0.5676118000064305, 0.5307125073464984, 0.4885388804118994, 0.44339976632401434, 0.4399047892635338, 0.4346521292241511, 0.4346423362552375, 0.43374638506319396, 0.4335083201488199, 0.4334240499405507, 0.4334240499405507, 0.43339284487400387, 0.4333760079307466, 0.4333432754115495, 0.4332936978698626, 0.43312220903932674, 0.4328743841942331, 0.43249624604825787, 0.4321456071203029, 0.43160565398747175, 0.4311554780601179, 0.4310953392412784, 0.4310429330620531, 0.4310166804237019, 0.4310001926849487, 0.43099562940367453, 0.43099508404037234, 0.4309949199991303, 0.4309948655253262, 0.4309948596317503, 0.4309948567195434, 0.43099485643290325, 0.4309948563769015]}, "11": {"maxiter": 1000, "fatol": 1e-10, "xatol": 1e-10, "duration": 0.21395087242126465, "fun": "0.4309948563606054", "nit": "527", "nfev": "899", "status": "0", "success": "True", "message": "Optimization terminated successfully.", "x": "[1.21962154 1.20858815 6.47551125 7.95480075 3.99756747 5.01923099]", "final_simplex": "(array([[1.21962154, 1.20858815, 6.47551125, 7.95480075, 3.99756747,\n        5.01923099],\n       [1.21962154, 1.20858815, 6.47551125, 7.95480075, 3.99756747,\n        5.01923099],\n       [1.21962154, 1.20858815, 6.47551125, 7.95480075, 3.99756747,\n        5.01923099],\n       [1.21962154, 1.20858815, 6.47551125, 7.95480075, 3.99756747,\n        5.01923099],\n       [1.21962154, 1.20858815, 6.47551125, 7.95480075, 3.99756747,\n        5.01923099],\n       [1.21962154, 1.20858815, 6.47551125, 7.95480075, 3.99756747,\n        5.01923099],\n       [1.21962154, 1.20858815, 6.47551125, 7.95480075, 3.99756747,\n        5.01923099]]), array([0.43099486, 0.43099486, 0.43099486, 0.43099486, 0.43099486,\n       0.43099486, 0.43099486]))", "callback": [0.8134855613584495, 0.731353908637667, 0.7117532552198416, 0.6867516076746631, 0.6682229260549261, 0.6362943685694687, 0.5676118000064305, 0.5307125073464984, 0.4885388804118994, 0.44339976632401434, 0.4399047892635338, 0.4346521292241511, 0.4346423362552375, 0.43374638506319396, 0.4335083201488199, 0.4334240499405507, 0.4334240499405507, 0.43339284487400387, 0.4333760079307466, 0.4333432754115495, 0.4332936978698626, 0.43312220903932674, 0.4328743841942331, 0.43249624604825787, 0.4321456071203029, 0.43160565398747175, 0.4311554780601179, 0.4310953392412784, 0.4310429330620531, 0.4310166804237019, 0.4310001926849487, 0.43099562940367453, 0.43099508404037234, 0.4309949199991303, 0.4309948655253262, 0.4309948596317503, 0.4309948567195434, 0.43099485643290325, 0.4309948563769015, 0.4309948563665623, 0.43099485636357937, 0.43099485636169876, 0.4309948563609849, 0.4309948563607937, 0.43099485636065515, 0.4309948563606143, 0.43099485636060797, 0.43099485636060586, 0.4309948563606054, 0.4309948563606054, 0.4309948563606054, 0.4309948563606054]}}, "bfgs": {"type": "gradient", "0": {"maxiter": 100, "gtol": 1e-05, "xrtol": 1e-05, "eps": 1e-05, "duration": 0.05649995803833008, "fun": "0.43099485639387625", "jac": "[ 1.86382021e-06 -1.35786937e-06 -5.56166224e-07 -1.33969502e-06\n -1.67610370e-07 -6.28275210e-08]", "hess_inv": "[[ 4.69512941 -0.17656979 -0.58920478 -0.16135778  0.46032318 -0.70941915]\n [-0.17656979  4.96233981 -1.99033149 -1.0274329   0.69288193 -0.78210082]\n [-0.58920478 -1.99033149  5.92710649 -0.30162609 -1.67825016  1.87265108]\n [-0.16135778 -1.0274329  -0.30162609  4.69797871  0.30738769  0.27053345]\n [ 0.46032318  0.69288193 -1.67825016  0.30738769  5.23363048 -0.23895413]\n [-0.70941915 -0.78210082  1.87265108  0.27053345 -0.23895413  4.42906811]]", "nfev": "238", "njev": "34", "status": "0", "success": "True", "message": "Optimization terminated successfully.", "x": "[1.21962495 1.20858179 6.47550616 7.95479229 3.99756203 5.01922355]", "nit": "23", "callback": [0.518008543076705, 0.4309994273708937]}, "1": {"maxiter": 100, "gtol": 1e-05, "xrtol": 1e-05, "eps": 1e-10, "duration": 0.055846214294433594, "fun": "0.4309948564595204", "jac": "[ 3.33066880e-06 -1.11022293e-06 -5.55111466e-06  0.00000000e+00\n -3.33066880e-06  3.33066880e-06]", "hess_inv": "[[ 4.65719568 -0.31233858 -0.22984898 -0.23781557  0.31037011 -0.67985574]\n [-0.31233858  4.73859817 -1.70588337 -1.09395325  0.39882589 -0.73884092]\n [-0.22984898 -1.70588337  5.55091609 -0.09573772 -1.38228577  1.83157368]\n [-0.23781557 -1.09395325 -0.09573772  4.48215135  0.69433601  0.04554859]\n [ 0.31037011  0.39882589 -1.38228577  0.69433601  5.44603254 -0.14212599]\n [-0.67985574 -0.73884092  1.83157368  0.04554859 -0.14212599  4.26107453]]", "nfev": "238", "njev": "34", "status": "0", "success": "True", "message": "Optimization terminated successfully.", "x": "[1.21963637 1.20859161 6.47548464 7.95480364 3.99756719 5.01922886]", "nit": "23", "callback": [0.519374072051975, 0.43100576856267026]}, "2": {"maxiter": 100, "gtol": 1e-05, "xrtol": 1e-10, "eps": 1e-05, "duration": 0.05583477020263672, "fun": "0.43099485639387625", "jac": "[ 1.86382021e-06 -1.35786937e-06 -5.56166224e-07 -1.33969502e-06\n -1.67610370e-07 -6.28275210e-08]", "hess_inv": "[[ 4.69512941 -0.17656979 -0.58920478 -0.16135778  0.46032318 -0.70941915]\n [-0.17656979  4.96233981 -1.99033149 -1.0274329   0.69288193 -0.78210082]\n [-0.58920478 -1.99033149  5.92710649 -0.30162609 -1.67825016  1.87265108]\n [-0.16135778 -1.0274329  -0.30162609  4.69797871  0.30738769  0.27053345]\n [ 0.46032318  0.69288193 -1.67825016  0.30738769  5.23363048 -0.23895413]\n [-0.70941915 -0.78210082  1.87265108  0.27053345 -0.23895413  4.42906811]]", "nfev": "238", "njev": "34", "status": "0", "success": "True", "message": "Optimization terminated successfully.", "x": "[1.21962495 1.20858179 6.47550616 7.95479229 3.99756203 5.01922355]", "nit": "23", "callback": [0.518008543076705, 0.4309994273708937]}, "3": {"maxiter": 100, "gtol": 1e-05, "xrtol": 1e-10, "eps": 1e-10, "duration": 0.05826687812805176, "fun": "0.4309948564595204", "jac": "[ 3.33066880e-06 -1.11022293e-06 -5.55111466e-06  0.00000000e+00\n -3.33066880e-06  3.33066880e-06]", "hess_inv": "[[ 4.65719568 -0.31233858 -0.22984898 -0.23781557  0.31037011 -0.67985574]\n [-0.31233858  4.73859817 -1.70588337 -1.09395325  0.39882589 -0.73884092]\n [-0.22984898 -1.70588337  5.55091609 -0.09573772 -1.38228577  1.83157368]\n [-0.23781557 -1.09395325 -0.09573772  4.48215135  0.69433601  0.04554859]\n [ 0.31037011  0.39882589 -1.38228577  0.69433601  5.44603254 -0.14212599]\n [-0.67985574 -0.73884092  1.83157368  0.04554859 -0.14212599  4.26107453]]", "nfev": "238", "njev": "34", "status": "0", "success": "True", "message": "Optimization terminated successfully.", "x": "[1.21963637 1.20859161 6.47548464 7.95480364 3.99756719 5.01922886]", "nit": "23", "callback": [0.519374072051975, 0.43100576856267026]}, "4": {"maxiter": 100, "gtol": 1e-10, "xrtol": 1e-05, "eps": 1e-05, "duration": 0.05574679374694824, "fun": "0.43099485639387625", "jac": "[ 1.86382021e-06 -1.35786937e-06 -5.56166224e-07 -1.33969502e-06\n -1.67610370e-07 -6.28275210e-08]", "hess_inv": "[[ 4.69512941 -0.17656979 -0.58920478 -0.16135778  0.46032318 -0.70941915]\n [-0.17656979  4.96233981 -1.99033149 -1.0274329   0.69288193 -0.78210082]\n [-0.58920478 -1.99033149  5.92710649 -0.30162609 -1.67825016  1.87265108]\n [-0.16135778 -1.0274329  -0.30162609  4.69797871  0.30738769  0.27053345]\n [ 0.46032318  0.69288193 -1.67825016  0.30738769  5.23363048 -0.23895413]\n [-0.70941915 -0.78210082  1.87265108  0.27053345 -0.23895413  4.42906811]]", "nfev": "238", "njev": "34", "status": "0", "success": "True", "message": "Optimization terminated successfully.", "x": "[1.21962495 1.20858179 6.47550616 7.95479229 3.99756203 5.01922355]", "nit": "23", "callback": [0.518008543076705, 0.4309994273708937]}, "5": {"maxiter": 100, "gtol": 1e-10, "xrtol": 1e-05, "eps": 1e-10, "duration": 0.05739092826843262, "fun": "0.4309948563774737", "jac": "[0.00000000e+00 1.11022293e-06 1.11022293e-06 1.11022293e-06\n 3.33066880e-06 0.00000000e+00]", "hess_inv": "[[ 4.59462374 -0.12629538 -0.11695424 -0.21926705  0.33277623 -0.54257378]\n [-0.12629538  4.79124939 -1.9520999  -1.10582508  0.25156322 -0.64747397]\n [-0.11695424 -1.9520999   5.3604346  -0.12281353 -1.43461907  1.65764371]\n [-0.21926705 -1.10582508 -0.12281353  4.47974462  0.68193303  0.04053993]\n [ 0.33277623  0.25156322 -1.43461907  0.68193303  5.4487442  -0.25778234]\n [-0.54257378 -0.64747397  1.65764371  0.04053993 -0.25778234  4.37179824]]", "nfev": "245", "njev": "35", "status": "0", "success": "True", "message": "Optimization terminated successfully.", "x": "[1.21962319 1.20858951 6.47550232 7.95480459 3.9975774  5.01922373]", "nit": "24", "callback": [0.519374072051975, 0.43100576856267026]}, "6": {"maxiter": 100, "gtol": 1e-10, "xrtol": 1e-10, "eps": 1e-05, "duration": 0.0728919506072998, "fun": "0.4309948563767604", "jac": "[-1.77635684e-10 -2.55351296e-10  8.10462808e-10 -3.21964677e-10\n  2.33146835e-10  6.10622664e-10]", "hess_inv": "[[ 4.20745387  0.03695588 -0.52211806  0.07013425  0.48882079 -0.54946202]\n [ 0.03695588  4.89930823 -2.04492657 -1.09878696  0.67713225 -0.91348282]\n [-0.52211806 -2.04492657  5.93753139 -0.36824531 -1.67415154  1.93136789]\n [ 0.07013425 -1.09878696 -0.36824531  4.61708141  0.29197364  0.13142076]\n [ 0.48882079  0.67713225 -1.67415154  0.29197364  5.2310627  -0.24341152]\n [-0.54946202 -0.91348282  1.93136789  0.13142076 -0.24341152  4.52215262]]", "nfev": "312", "njev": "43", "status": "2", "success": "False", "message": "Desired error not necessarily achieved due to precision loss.", "x": "[1.21961708 1.20858585 6.47550695 7.9547967  3.99756236 5.01922478]", "nit": "25", "callback": [0.518008543076705, 0.4309994273708937]}, "7": {"maxiter": 100, "gtol": 1e-10, "xrtol": 1e-10, "eps": 1e-10, "duration": 0.15179800987243652, "fun": "0.4309948563620406", "jac": "[-1.11022293e-06  1.11022293e-06  1.11022293e-06  1.11022293e-06\n  1.11022293e-06  0.00000000e+00]", "hess_inv": "[[  76.27171296  -27.39426432  -70.6212552    43.45611402  157.110663\n   -59.56090791]\n [ -27.39426432    9.98986298   25.32203492  -15.70164781  -56.57342141\n    21.42672947]\n [ -70.6212552    25.32203492   65.4311964   -40.20853592 -145.46077789\n    55.149842  ]\n [  43.45611402  -15.70164781  -40.20853592   24.82247599   89.61046654\n   -33.95855894]\n [ 157.110663    -56.57342141 -145.46077789   89.61046654  323.81661098\n  -122.73766286]\n [ -59.56090791   21.42672947   55.149842    -33.95855894 -122.73766286\n    46.52635846]]", "nfev": "656", "njev": "92", "status": "2", "success": "False", "message": "Desired error not necessarily achieved due to precision loss.", "x": "[1.21961979 1.20858633 6.47551185 7.95480336 3.99756696 5.01923043]", "nit": "38", "callback": [0.519374072051975, 0.43100576856267026, 0.4309948563644057]}, "8": {"maxiter": 500, "gtol": 1e-05, "xrtol": 1e-05, "eps": 1e-05, "duration": 0.05489206314086914, "fun": "0.43099485639387625", "jac": "[ 1.86382021e-06 -1.35786937e-06 -5.56166224e-07 -1.33969502e-06\n -1.67610370e-07 -6.28275210e-08]", "hess_inv": "[[ 4.69512941 -0.17656979 -0.58920478 -0.16135778  0.46032318 -0.70941915]\n [-0.17656979  4.96233981 -1.99033149 -1.0274329   0.69288193 -0.78210082]\n [-0.58920478 -1.99033149  5.92710649 -0.30162609 -1.67825016  1.87265108]\n [-0.16135778 -1.0274329  -0.30162609  4.69797871  0.30738769  0.27053345]\n [ 0.46032318  0.69288193 -1.67825016  0.30738769  5.23363048 -0.23895413]\n [-0.70941915 -0.78210082  1.87265108  0.27053345 -0.23895413  4.42906811]]", "nfev": "238", "njev": "34", "status": "0", "success": "True", "message": "Optimization terminated successfully.", "x": "[1.21962495 1.20858179 6.47550616 7.95479229 3.99756203 5.01922355]", "nit": "23", "callback": [0.518008543076705, 0.4309994273708937]}, "9": {"maxiter": 500, "gtol": 1e-05, "xrtol": 1e-05, "eps": 1e-10, "duration": 0.05460810661315918, "fun": "0.4309948564595204", "jac": "[ 3.33066880e-06 -1.11022293e-06 -5.55111466e-06  0.00000000e+00\n -3.33066880e-06  3.33066880e-06]", "hess_inv": "[[ 4.65719568 -0.31233858 -0.22984898 -0.23781557  0.31037011 -0.67985574]\n [-0.31233858  4.73859817 -1.70588337 -1.09395325  0.39882589 -0.73884092]\n [-0.22984898 -1.70588337  5.55091609 -0.09573772 -1.38228577  1.83157368]\n [-0.23781557 -1.09395325 -0.09573772  4.48215135  0.69433601  0.04554859]\n [ 0.31037011  0.39882589 -1.38228577  0.69433601  5.44603254 -0.14212599]\n [-0.67985574 -0.73884092  1.83157368  0.04554859 -0.14212599  4.26107453]]", "nfev": "238", "njev": "34", "status": "0", "success": "True", "message": "Optimization terminated successfully.", "x": "[1.21963637 1.20859161 6.47548464 7.95480364 3.99756719 5.01922886]", "nit": "23", "callback": [0.519374072051975, 0.43100576856267026]}, "10": {"maxiter": 500, "gtol": 1e-05, "xrtol": 1e-10, "eps": 1e-05, "duration": 0.05528903007507324, "fun": "0.43099485639387625", "jac": "[ 1.86382021e-06 -1.35786937e-06 -5.56166224e-07 -1.33969502e-06\n -1.67610370e-07 -6.28275210e-08]", "hess_inv": "[[ 4.69512941 -0.17656979 -0.58920478 -0.16135778  0.46032318 -0.70941915]\n [-0.17656979  4.96233981 -1.99033149 -1.0274329   0.69288193 -0.78210082]\n [-0.58920478 -1.99033149  5.92710649 -0.30162609 -1.67825016  1.87265108]\n [-0.16135778 -1.0274329  -0.30162609  4.69797871  0.30738769  0.27053345]\n [ 0.46032318  0.69288193 -1.67825016  0.30738769  5.23363048 -0.23895413]\n [-0.70941915 -0.78210082  1.87265108  0.27053345 -0.23895413  4.42906811]]", "nfev": "238", "njev": "34", "status": "0", "success": "True", "message": "Optimization terminated successfully.", "x": "[1.21962495 1.20858179 6.47550616 7.95479229 3.99756203 5.01922355]", "nit": "23", "callback": [0.518008543076705, 0.4309994273708937]}, "11": {"maxiter": 500, "gtol": 1e-05, "xrtol": 1e-10, "eps": 1e-10, "duration": 0.05508303642272949, "fun": "0.4309948564595204", "jac": "[ 3.33066880e-06 -1.11022293e-06 -5.55111466e-06  0.00000000e+00\n -3.33066880e-06  3.33066880e-06]", "hess_inv": "[[ 4.65719568 -0.31233858 -0.22984898 -0.23781557  0.31037011 -0.67985574]\n [-0.31233858  4.73859817 -1.70588337 -1.09395325  0.39882589 -0.73884092]\n [-0.22984898 -1.70588337  5.55091609 -0.09573772 -1.38228577  1.83157368]\n [-0.23781557 -1.09395325 -0.09573772  4.48215135  0.69433601  0.04554859]\n [ 0.31037011  0.39882589 -1.38228577  0.69433601  5.44603254 -0.14212599]\n [-0.67985574 -0.73884092  1.83157368  0.04554859 -0.14212599  4.26107453]]", "nfev": "238", "njev": "34", "status": "0", "success": "True", "message": "Optimization terminated successfully.", "x": "[1.21963637 1.20859161 6.47548464 7.95480364 3.99756719 5.01922886]", "nit": "23", "callback": [0.519374072051975, 0.43100576856267026]}, "12": {"maxiter": 500, "gtol": 1e-10, "xrtol": 1e-05, "eps": 1e-05, "duration": 0.054878950119018555, "fun": "0.43099485639387625", "jac": "[ 1.86382021e-06 -1.35786937e-06 -5.56166224e-07 -1.33969502e-06\n -1.67610370e-07 -6.28275210e-08]", "hess_inv": "[[ 4.69512941 -0.17656979 -0.58920478 -0.16135778  0.46032318 -0.70941915]\n [-0.17656979  4.96233981 -1.99033149 -1.0274329   0.69288193 -0.78210082]\n [-0.58920478 -1.99033149  5.92710649 -0.30162609 -1.67825016  1.87265108]\n [-0.16135778 -1.0274329  -0.30162609  4.69797871  0.30738769  0.27053345]\n [ 0.46032318  0.69288193 -1.67825016  0.30738769  5.23363048 -0.23895413]\n [-0.70941915 -0.78210082  1.87265108  0.27053345 -0.23895413  4.42906811]]", "nfev": "238", "njev": "34", "status": "0", "success": "True", "message": "Optimization terminated successfully.", "x": "[1.21962495 1.20858179 6.47550616 7.95479229 3.99756203 5.01922355]", "nit": "23", "callback": [0.518008543076705, 0.4309994273708937]}, "13": {"maxiter": 500, "gtol": 1e-10, "xrtol": 1e-05, "eps": 1e-10, "duration": 0.05638718605041504, "fun": "0.4309948563774737", "jac": "[0.00000000e+00 1.11022293e-06 1.11022293e-06 1.11022293e-06\n 3.33066880e-06 0.00000000e+00]", "hess_inv": "[[ 4.59462374 -0.12629538 -0.11695424 -0.21926705  0.33277623 -0.54257378]\n [-0.12629538  4.79124939 -1.9520999  -1.10582508  0.25156322 -0.64747397]\n [-0.11695424 -1.9520999   5.3604346  -0.12281353 -1.43461907  1.65764371]\n [-0.21926705 -1.10582508 -0.12281353  4.47974462  0.68193303  0.04053993]\n [ 0.33277623  0.25156322 -1.43461907  0.68193303  5.4487442  -0.25778234]\n [-0.54257378 -0.64747397  1.65764371  0.04053993 -0.25778234  4.37179824]]", "nfev": "245", "njev": "35", "status": "0", "success": "True", "message": "Optimization terminated successfully.", "x": "[1.21962319 1.20858951 6.47550232 7.95480459 3.9975774  5.01922373]", "nit": "24", "callback": [0.519374072051975, 0.43100576856267026]}, "14": {"maxiter": 500, "gtol": 1e-10, "xrtol": 1e-10, "eps": 1e-05, "duration": 0.07160615921020508, "fun": "0.4309948563767604", "jac": "[-1.77635684e-10 -2.55351296e-10  8.10462808e-10 -3.21964677e-10\n  2.33146835e-10  6.10622664e-10]", "hess_inv": "[[ 4.20745387  0.03695588 -0.52211806  0.07013425  0.48882079 -0.54946202]\n [ 0.03695588  4.89930823 -2.04492657 -1.09878696  0.67713225 -0.91348282]\n [-0.52211806 -2.04492657  5.93753139 -0.36824531 -1.67415154  1.93136789]\n [ 0.07013425 -1.09878696 -0.36824531  4.61708141  0.29197364  0.13142076]\n [ 0.48882079  0.67713225 -1.67415154  0.29197364  5.2310627  -0.24341152]\n [-0.54946202 -0.91348282  1.93136789  0.13142076 -0.24341152  4.52215262]]", "nfev": "312", "njev": "43", "status": "2", "success": "False", "message": "Desired error not necessarily achieved due to precision loss.", "x": "[1.21961708 1.20858585 6.47550695 7.9547967  3.99756236 5.01922478]", "nit": "25", "callback": [0.518008543076705, 0.4309994273708937]}, "15": {"maxiter": 500, "gtol": 1e-10, "xrtol": 1e-10, "eps": 1e-10, "duration": 0.14996719360351562, "fun": "0.4309948563620406", "jac": "[-1.11022293e-06  1.11022293e-06  1.11022293e-06  1.11022293e-06\n  1.11022293e-06  0.00000000e+00]", "hess_inv": "[[  76.27171296  -27.39426432  -70.6212552    43.45611402  157.110663\n   -59.56090791]\n [ -27.39426432    9.98986298   25.32203492  -15.70164781  -56.57342141\n    21.42672947]\n [ -70.6212552    25.32203492   65.4311964   -40.20853592 -145.46077789\n    55.149842  ]\n [  43.45611402  -15.70164781  -40.20853592   24.82247599   89.61046654\n   -33.95855894]\n [ 157.110663    -56.57342141 -145.46077789   89.61046654  323.81661098\n  -122.73766286]\n [ -59.56090791   21.42672947   55.149842    -33.95855894 -122.73766286\n    46.52635846]]", "nfev": "656", "njev": "92", "status": "2", "success": "False", "message": "Desired error not necessarily achieved due to precision loss.", "x": "[1.21961979 1.20858633 6.47551185 7.95480336 3.99756696 5.01923043]", "nit": "38", "callback": [0.519374072051975, 0.43100576856267026, 0.4309948563644057]}, "16": {"maxiter": 1000, "gtol": 1e-05, "xrtol": 1e-05, "eps": 1e-05, "duration": 0.05357217788696289, "fun": "0.43099485639387625", "jac": "[ 1.86382021e-06 -1.35786937e-06 -5.56166224e-07 -1.33969502e-06\n -1.67610370e-07 -6.28275210e-08]", "hess_inv": "[[ 4.69512941 -0.17656979 -0.58920478 -0.16135778  0.46032318 -0.70941915]\n [-0.17656979  4.96233981 -1.99033149 -1.0274329   0.69288193 -0.78210082]\n [-0.58920478 -1.99033149  5.92710649 -0.30162609 -1.67825016  1.87265108]\n [-0.16135778 -1.0274329  -0.30162609  4.69797871  0.30738769  0.27053345]\n [ 0.46032318  0.69288193 -1.67825016  0.30738769  5.23363048 -0.23895413]\n [-0.70941915 -0.78210082  1.87265108  0.27053345 -0.23895413  4.42906811]]", "nfev": "238", "njev": "34", "status": "0", "success": "True", "message": "Optimization terminated successfully.", "x": "[1.21962495 1.20858179 6.47550616 7.95479229 3.99756203 5.01922355]", "nit": "23", "callback": [0.5