{"date": "2024/10/08/, 15:58:37", "conf_id": 10, "data_type": "random\n", "num_data_points": 1, "s_rank": 0, "unitary": "[[-0.45070455-0.02711853j,0.78437395-0.06613086j,0.06358678+0.19963393j,-0.07343613+0.35668523j],[-0.01890143-0.03813363j,0.32408202+0.25557629j,0.05872864-0.68979805j,0.55466693-0.20227297j],[-0.11215405+0.64023111j,-0.13344055+0.29565494j,-0.49012687-0.19046288j,-0.04241254+0.44046348j],[0.55771659+0.24656916j,0.31851997-0.05798805j,0.28761525-0.34294258j,-0.56718418+0.03616933j]]", "databatch_0": {"databatch": "[[[-0.22050833-0.13826777j,0.0007044-0.09354267j,-0.06469118+0.08001349j,-0.03834947-0.1512912j],[0.12055698-0.04461869j,-0.04450315-0.04520032j,0.04984929-0.12202348j,-0.43594289+0.28089956j],[-0.43069217-0.00074036j,0.13286521+0.06579084j,-0.07559421-0.13850831j,-0.16257475+0.1837869j],[0.00874133-0.10409884j,0.14590901+0.38376716j,0.12654374-0.23992015j,0.18284941-0.05111795j]]]", "initial param values": "[4.52199813,4.57691456,5.36521081,1.50868517,5.00666963,2.9683848]", "nelder_mead": {"type": "gradient-free", "0": {"maxiter": 100, "fatol": 1e-05, "xatol": 1e-05, "duration": 0.05185985565185547, "fun": "0.34124550395698383", "nit": "100", "nfev": "160", "status": "2", "success": "False", "message": "Maximum number of iterations has been exceeded.", "x": "[5.03762563 3.81559356 8.86909596 1.94855426 4.77457453 4.42045175]", "final_simplex": "(array([[5.03762563, 3.81559356, 8.86909596, 1.94855426, 4.77457453,\n        4.42045175],\n       [5.04139795, 3.78858541, 8.80682319, 1.97423274, 4.79067921,\n        4.35707405],\n       [5.02100015, 3.79399335, 8.79253213, 1.99836581, 4.79154533,\n        4.33299644],\n       [5.06358537, 3.81016332, 8.84150461, 1.98515263, 4.7273992 ,\n        4.37473044],\n       [5.0499325 , 3.7778403 , 8.89406408, 1.9408881 , 4.74550526,\n        4.3189974 ],\n       [5.06019194, 3.80797178, 8.82015111, 1.99587952, 4.78148205,\n        4.35768697],\n       [5.02800892, 3.81606535, 8.7656096 , 1.9739662 , 4.78079973,\n        4.32664893]]), array([0.3412455 , 0.34164606, 0.34189918, 0.34194998, 0.34204253,\n       0.34205695, 0.34215666]))", "callback": [0.7991034986946276, 0.6909280161070039, 0.6504324949686204, 0.6003313781725759, 0.5289461760644836, 0.37686477972535015, 0.3564150173696733, 0.34958623782671194, 0.3433837939461395, 0.3420425293331719]}, "1": {"maxiter": 100, "fatol": 1e-05, "xatol": 1e-10, "duration": 0.041496992111206055, "fun": "0.34124550395698383", "nit": "100", "nfev": "160", "status": "2", "success": "False", "message": "Maximum number of iterations has been exceeded.", "x": "[5.03762563 3.81559356 8.86909596 1.94855426 4.77457453 4.42045175]", "final_simplex": "(array([[5.03762563, 3.81559356, 8.86909596, 1.94855426, 4.77457453,\n        4.42045175],\n       [5.04139795, 3.78858541, 8.80682319, 1.97423274, 4.79067921,\n        4.35707405],\n       [5.02100015, 3.79399335, 8.79253213, 1.99836581, 4.79154533,\n        4.33299644],\n       [5.06358537, 3.81016332, 8.84150461, 1.98515263, 4.7273992 ,\n        4.37473044],\n       [5.0499325 , 3.7778403 , 8.89406408, 1.9408881 , 4.74550526,\n        4.3189974 ],\n       [5.06019194, 3.80797178, 8.82015111, 1.99587952, 4.78148205,\n        4.35768697],\n       [5.02800892, 3.81606535, 8.7656096 , 1.9739662 , 4.78079973,\n        4.32664893]]), array([0.3412455 , 0.34164606, 0.34189918, 0.34194998, 0.34204253,\n       0.34205695, 0.34215666]))", "callback": [0.7991034986946276, 0.6909280161070039, 0.6504324949686204, 0.6003313781725759, 0.5289461760644836, 0.37686477972535015, 0.3564150173696733, 0.34958623782671194, 0.3433837939461395, 0.3420425293331719]}, "2": {"maxiter": 100, "fatol": 1e-10, "xatol": 1e-05, "duration": 0.04348015785217285, "fun": "0.34124550395698383", "nit": "100", "nfev": "160", "status": "2", "success": "False", "message": "Maximum number of iterations has been exceeded.", "x": "[5.03762563 3.81559356 8.86909596 1.94855426 4.77457453 4.42045175]", "final_simplex": "(array([[5.03762563, 3.81559356, 8.86909596, 1.94855426, 4.77457453,\n        4.42045175],\n       [5.04139795, 3.78858541, 8.80682319, 1.97423274, 4.79067921,\n        4.35707405],\n       [5.02100015, 3.79399335, 8.79253213, 1.99836581, 4.79154533,\n        4.33299644],\n       [5.06358537, 3.81016332, 8.84150461, 1.98515263, 4.7273992 ,\n        4.37473044],\n       [5.0499325 , 3.7778403 , 8.89406408, 1.9408881 , 4.74550526,\n        4.3189974 ],\n       [5.06019194, 3.80797178, 8.82015111, 1.99587952, 4.78148205,\n        4.35768697],\n       [5.02800892, 3.81606535, 8.7656096 , 1.9739662 , 4.78079973,\n        4.32664893]]), array([0.3412455 , 0.34164606, 0.34189918, 0.34194998, 0.34204253,\n       0.34205695, 0.34215666]))", "callback": [0.7991034986946276, 0.6909280161070039, 0.6504324949686204, 0.6003313781725759, 0.5289461760644836, 0.37686477972535015, 0.3564150173696733, 0.34958623782671194, 0.3433837939461395, 0.3420425293331719]}, "3": {"maxiter": 100, "fatol": 1e-10, "xatol": 1e-10, "duration": 0.04796195030212402, "fun": "0.34124550395698383", "nit": "100", "nfev": "160", "status": "2", "success": "False", "message": "Maximum number of iterations has been exceeded.", "x": "[5.03762563 3.81559356 8.86909596 1.94855426 4.77457453 4.42045175]", "final_simplex": "(array([[5.03762563, 3.81559356, 8.86909596, 1.94855426, 4.77457453,\n        4.42045175],\n       [5.04139795, 3.78858541, 8.80682319, 1.97423274, 4.79067921,\n        4.35707405],\n       [5.02100015, 3.79399335, 8.79253213, 1.99836581, 4.79154533,\n        4.33299644],\n       [5.06358537, 3.81016332, 8.84150461, 1.98515263, 4.7273992 ,\n        4.37473044],\n       [5.0499325 , 3.7778403 , 8.89406408, 1.9408881 , 4.74550526,\n        4.3189974 ],\n       [5.06019194, 3.80797178, 8.82015111, 1.99587952, 4.78148205,\n        4.35768697],\n       [5.02800892, 3.81606535, 8.7656096 , 1.9739662 , 4.78079973,\n        4.32664893]]), array([0.3412455 , 0.34164606, 0.34189918, 0.34194998, 0.34204253,\n       0.34205695, 0.34215666]))", "callback": [0.7991034986946276, 0.6909280161070039, 0.6504324949686204, 0.6003313781725759, 0.5289461760644836, 0.37686477972535015, 0.3564150173696733, 0.34958623782671194, 0.3433837939461395, 0.3420425293331719]}, "4": {"maxiter": 500, "fatol": 1e-05, "xatol": 1e-05, "duration": 0.1271958351135254, "fun": "0.34016922783631487", "nit": "256", "nfev": "418", "status": "0", "success": "True", "message": "Optimization terminated successfully.", "x": "[4.97533768 3.86960838 8.97359108 1.86657778 4.68073195 4.45557938]", "final_simplex": "(array([[4.97533768, 3.86960838, 8.97359108, 1.86657778, 4.68073195,\n        4.45557938],\n       [4.97534038, 3.86960674, 8.97359647, 1.86657667, 4.68072931,\n        4.45557902],\n       [4.97533963, 3.86959982, 8.97358647, 1.8665856 , 4.68073626,\n        4.45557022],\n       [4.97533814, 3.86960579, 8.97359484, 1.86658375, 4.6807366 ,\n        4.45557579],\n       [4.97534102, 3.86960531, 8.97359295, 1.86658681, 4.68072979,\n        4.45558199],\n       [4.97533788, 3.86960148, 8.97359629, 1.86658239, 4.68072882,\n        4.45557696],\n       [4.97534018, 3.86960094, 8.9735911 , 1.86658232, 4.68073774,\n        4.45558326]]), array([0.34016923, 0.34016923, 0.34016923, 0.34016923, 0.34016923,\n       0.34016923, 0.34016923]))", "callback": [0.7991034986946276, 0.6909280161070039, 0.6504324949686204, 0.6003313781725759, 0.5289461760644836, 0.37686477972535015, 0.3564150173696733, 0.34958623782671194, 0.3433837939461395, 0.3420425293331719, 0.3410627897539318, 0.3406959147926246, 0.3405342306563869, 0.3403394299359206, 0.3402073865644005, 0.3401832990348638, 0.3401746396943467, 0.34017046325868217, 0.34016951901160386, 0.3401692957801271, 0.34016925104629625, 0.34016923002003996, 0.3401692291612717, 0.3401692281233024, 0.340169227873793, 0.34016922784022485]}, "5": {"maxiter": 500, "fatol": 1e-05, "xatol": 1e-10, "duration": 0.19550299644470215, "fun": "0.3401692278323609", "nit": "370", "nfev": "667", "status": "0", "success": "True", "message": "Optimization terminated successfully.", "x": "[4.97534047 3.86960805 8.97359092 1.86658187 4.68073384 4.45557879]", "final_simplex": "(array([[4.97534047, 3.86960805, 8.97359092, 1.86658187, 4.68073384,\n        4.45557879],\n       [4.97534047, 3.86960805, 8.97359092, 1.86658187, 4.68073384,\n        4.45557879],\n       [4.97534047, 3.86960805, 8.97359092, 1.86658187, 4.68073384,\n        4.45557879],\n       [4.97534047, 3.86960805, 8.97359092, 1.86658187, 4.68073384,\n        4.45557879],\n       [4.97534047, 3.86960805, 8.97359092, 1.86658187, 4.68073384,\n        4.45557879],\n       [4.97534047, 3.86960805, 8.97359092, 1.86658187, 4.68073384,\n        4.45557879],\n       [4.97534047, 3.86960805, 8.97359092, 1.86658187, 4.68073384,\n        4.45557879]]), array([0.34016923, 0.34016923, 0.34016923, 0.34016923, 0.34016923,\n       0.34016923, 0.34016923]))", "callback": [0.7991034986946276, 0.6909280161070039, 0.6504324949686204, 0.6003313781725759, 0.5289461760644836, 0.37686477972535015, 0.3564150173696733, 0.34958623782671194, 0.3433837939461395, 0.3420425293331719, 0.3410627897539318, 0.3406959147926246, 0.3405342306563869, 0.3403394299359206, 0.3402073865644005, 0.3401832990348638, 0.3401746396943467, 0.34017046325868217, 0.34016951901160386, 0.3401692957801271, 0.34016925104629625, 0.34016923002003996, 0.3401692291612717, 0.3401692281233024, 0.340169227873793, 0.34016922784022485, 0.34016922783384707, 0.34016922783283543, 0.3401692278324304, 0.3401692278323839, 0.34016922783236603, 0.3401692278323637, 0.3401692278323617, 0.3401692278323615, 0.3401692278323609, 0.3401692278323609, 0.3401692278323609]}, "6": {"maxiter": 500, "fatol": 1e-10, "xatol": 1e-05, "duration": 0.11846184730529785, "fun": "0.34016922783631487", "nit": "256", "nfev": "418", "status": "0", "success": "True", "message": "Optimization terminated successfully.", "x": "[4.97533768 3.86960838 8.97359108 1.86657778 4.68073195 4.45557938]", "final_simplex": "(array([[4.97533768, 3.86960838, 8.97359108, 1.86657778, 4.68073195,\n        4.45557938],\n       [4.97534038, 3.86960674, 8.97359647, 1.86657667, 4.68072931,\n        4.45557902],\n       [4.97533963, 3.86959982, 8.97358647, 1.8665856 , 4.68073626,\n        4.45557022],\n       [4.97533814, 3.86960579, 8.97359484, 1.86658375, 4.6807366 ,\n        4.45557579],\n       [4.97534102, 3.86960531, 8.97359295, 1.86658681, 4.68072979,\n        4.45558199],\n       [4.97533788, 3.86960148, 8.97359629, 1.86658239, 4.68072882,\n        4.45557696],\n       [4.97534018, 3.86960094, 8.9735911 , 1.86658232, 4.68073774,\n        4.45558326]]), array([0.34016923, 0.34016923, 0.34016923, 0.34016923, 0.34016923,\n       0.34016923, 0.34016923]))", "callback": [0.7991034986946276, 0.6909280161070039, 0.6504324949686204, 0.6003313781725759, 0.5289461760644836, 0.37686477972535015, 0.3564150173696733, 0.34958623782671194, 0.3433837939461395, 0.3420425293331719, 0.3410627897539318, 0.3406959147926246, 0.3405342306563869, 0.3403394299359206, 0.3402073865644005, 0.3401832990348638, 0.3401746396943467, 0.34017046325868217, 0.34016951901160386, 0.3401692957801271, 0.34016925104629625, 0.34016923002003996, 0.3401692291612717, 0.3401692281233024, 0.340169227873793, 0.34016922784022485]}, "7": {"maxiter": 500, "fatol": 1e-10, "xatol": 1e-10, "duration": 0.1957399845123291, "fun": "0.3401692278323609", "nit": "370", "nfev": "667", "status": "0", "success": "True", "message": "Optimization terminated successfully.", "x": "[4.97534047 3.86960805 8.97359092 1.86658187 4.68073384 4.45557879]", "final_simplex": "(array([[4.97534047, 3.86960805, 8.97359092, 1.86658187, 4.68073384,\n        4.45557879],\n       [4.97534047, 3.86960805, 8.97359092, 1.86658187, 4.68073384,\n        4.45557879],\n       [4.97534047, 3.86960805, 8.97359092, 1.86658187, 4.68073384,\n        4.45557879],\n       [4.97534047, 3.86960805, 8.97359092, 1.86658187, 4.68073384,\n        4.45557879],\n       [4.97534047, 3.86960805, 8.97359092, 1.86658187, 4.68073384,\n        4.45557879],\n       [4.97534047, 3.86960805, 8.97359092, 1.86658187, 4.68073384,\n        4.45557879],\n       [4.97534047, 3.86960805, 8.97359092, 1.86658187, 4.68073384,\n        4.45557879]]), array([0.34016923, 0.34016923, 0.34016923, 0.34016923, 0.34016923,\n       0.34016923, 0.34016923]))", "callback": [0.7991034986946276, 0.6909280161070039, 0.6504324949686204, 0.6003313781725759, 0.5289461760644836, 0.37686477972535015, 0.3564150173696733, 0.34958623782671194, 0.3433837939461395, 0.3420425293331719, 0.3410627897539318, 0.3406959147926246, 0.3405342306563869, 0.3403394299359206, 0.3402073865644005, 0.3401832990348638, 0.3401746396943467, 0.34017046325868217, 0.34016951901160386, 0.3401692957801271, 0.34016925104629625, 0.34016923002003996, 0.3401692291612717, 0.3401692281233024, 0.340169227873793, 0.34016922784022485, 0.34016922783384707, 0.34016922783283543, 0.3401692278324304, 0.3401692278323839, 0.34016922783236603, 0.3401692278323637, 0.3401692278323617, 0.3401692278323615, 0.3401692278323609, 0.3401692278323609, 0.3401692278323609]}, "8": {"maxiter": 1000, "fatol": 1e-05, "xatol": 1e-05, "duration": 0.1270461082458496, "fun": "0.34016922783631487", "nit": "256", "nfev": "418", "status": "0", "success": "True", "message": "Optimization terminated successfully.", "x": "[4.97533768 3.86960838 8.97359108 1.86657778 4.68073195 4.45557938]", "final_simplex": "(array([[4.97533768, 3.86960838, 8.97359108, 1.86657778, 4.68073195,\n        4.45557938],\n       [4.97534038, 3.86960674, 8.97359647, 1.86657667, 4.68072931,\n        4.45557902],\n       [4.97533963, 3.86959982, 8.97358647, 1.8665856 , 4.68073626,\n        4.45557022],\n       [4.97533814, 3.86960579, 8.97359484, 1.86658375, 4.6807366 ,\n        4.45557579],\n       [4.97534102, 3.86960531, 8.97359295, 1.86658681, 4.68072979,\n        4.45558199],\n       [4.97533788, 3.86960148, 8.97359629, 1.86658239, 4.68072882,\n        4.45557696],\n       [4.97534018, 3.86960094, 8.9735911 , 1.86658232, 4.68073774,\n        4.45558326]]), array([0.34016923, 0.34016923, 0.34016923, 0.34016923, 0.34016923,\n       0.34016923, 0.34016923]))", "callback": [0.7991034986946276, 0.6909280161070039, 0.6504324949686204, 0.6003313781725759, 0.5289461760644836, 0.37686477972535015, 0.3564150173696733, 0.34958623782671194, 0.3433837939461395, 0.3420425293331719, 0.3410627897539318, 0.3406959147926246, 0.3405342306563869, 0.3403394299359206, 0.3402073865644005, 0.3401832990348638, 0.3401746396943467, 0.34017046325868217, 0.34016951901160386, 0.3401692957801271, 0.34016925104629625, 0.34016923002003996, 0.3401692291612717, 0.3401692281233024, 0.340169227873793, 0.34016922784022485]}, "9": {"maxiter": 1000, "fatol": 1e-05, "xatol": 1e-10, "duration": 0.18984293937683105, "fun": "0.3401692278323609", "nit": "370", "nfev": "667", "status": "0", "success": "True", "message": "Optimization terminated successfully.", "x": "[4.97534047 3.86960805 8.97359092 1.86658187 4.68073384 4.45557879]", "final_simplex": "(array([[4.97534047, 3.86960805, 8.97359092, 1.86658187, 4.68073384,\n        4.45557879],\n       [4.97534047, 3.86960805, 8.97359092, 1.86658187, 4.68073384,\n        4.45557879],\n       [4.97534047, 3.86960805, 8.97359092, 1.86658187, 4.68073384,\n        4.45557879],\n       [4.97534047, 3.86960805, 8.97359092, 1.86658187, 4.68073384,\n        4.45557879],\n       [4.97534047, 3.86960805, 8.97359092, 1.86658187, 4.68073384,\n        4.45557879],\n       [4.97534047, 3.86960805, 8.97359092, 1.86658187, 4.68073384,\n        4.45557879],\n       [4.97534047, 3.86960805, 8.97359092, 1.86658187, 4.68073384,\n        4.45557879]]), array([0.34016923, 0.34016923, 0.34016923, 0.34016923, 0.34016923,\n       0.34016923, 0.34016923]))", "callback": [0.7991034986946276, 0.6909280161070039, 0.6504324949686204, 0.6003313781725759, 0.5289461760644836, 0.37686477972535015, 0.3564150173696733, 0.34958623782671194, 0.3433837939461395, 0.3420425293331719, 0.3410627897539318, 0.3406959147926246, 0.3405342306563869, 0.3403394299359206, 0.3402073865644005, 0.3401832990348638, 0.3401746396943467, 0.34017046325868217, 0.34016951901160386, 0.3401692957801271, 0.34016925104629625, 0.34016923002003996, 0.3401692291612717, 0.3401692281233024, 0.340169227873793, 0.34016922784022485, 0.34016922783384707, 0.34016922783283543, 0.3401692278324304, 0.3401692278323839, 0.34016922783236603, 0.3401692278323637, 0.3401692278323617, 0.3401692278323615, 0.3401692278323609, 0.3401692278323609, 0.3401692278323609]}, "10": {"maxiter": 1000, "fatol": 1e-10, "xatol": 1e-05, "duration": 0.1395268440246582, "fun": "0.34016922783631487", "nit": "256", "nfev": "418", "status": "0", "success": "True", "message": "Optimization terminated successfully.", "x": "[4.97533768 3.86960838 8.97359108 1.86657778 4.68073195 4.45557938]", "final_simplex": "(array([[4.97533768, 3.86960838, 8.97359108, 1.86657778, 4.68073195,\n        4.45557938],\n       [4.97534038, 3.86960674, 8.97359647, 1.86657667, 4.68072931,\n        4.45557902],\n       [4.97533963, 3.86959982, 8.97358647, 1.8665856 , 4.68073626,\n        4.45557022],\n       [4.97533814, 3.86960579, 8.97359484, 1.86658375, 4.6807366 ,\n        4.45557579],\n       [4.97534102, 3.86960531, 8.97359295, 1.86658681, 4.68072979,\n        4.45558199],\n       [4.97533788, 3.86960148, 8.97359629, 1.86658239, 4.68072882,\n        4.45557696],\n       [4.97534018, 3.86960094, 8.9735911 , 1.86658232, 4.68073774,\n        4.45558326]]), array([0.34016923, 0.34016923, 0.34016923, 0.34016923, 0.34016923,\n       0.34016923, 0.34016923]))", "callback": [0.7991034986946276, 0.6909280161070039, 0.6504324949686204, 0.6003313781725759, 0.5289461760644836, 0.37686477972535015, 0.3564150173696733, 0.34958623782671194, 0.3433837939461395, 0.3420425293331719, 0.3410627897539318, 0.3406959147926246, 0.3405342306563869, 0.3403394299359206, 0.3402073865644005, 0.3401832990348638, 0.3401746396943467, 0.34017046325868217, 0.34016951901160386, 0.3401692957801271, 0.34016925104629625, 0.34016923002003996, 0.3401692291612717, 0.3401692281233024, 0.340169227873793, 0.34016922784022485]}, "11": {"maxiter": 1000, "fatol": 1e-10, "xatol": 1e-10, "duration": 0.17961502075195312, "fun": "0.3401692278323609", "nit": "370", "nfev": "667", "status": "0", "success": "True", "message": "Optimization terminated successfully.", "x": "[4.97534047 3.86960805 8.97359092 1.86658187 4.68073384 4.45557879]", "final_simplex": "(array([[4.97534047, 3.86960805, 8.97359092, 1.86658187, 4.68073384,\n        4.45557879],\n       [4.97534047, 3.86960805, 8.97359092, 1.86658187, 4.68073384,\n        4.45557879],\n       [4.97534047, 3.86960805, 8.97359092, 1.86658187, 4.68073384,\n        4.45557879],\n       [4.97534047, 3.86960805, 8.97359092, 1.86658187, 4.68073384,\n        4.45557879],\n       [4.97534047, 3.86960805, 8.97359092, 1.86658187, 4.68073384,\n        4.45557879],\n       [4.97534047, 3.86960805, 8.97359092, 1.86658187, 4.68073384,\n        4.45557879],\n       [4.97534047, 3.86960805, 8.97359092, 1.86658187, 4.68073384,\n        4.45557879]]), array([0.34016923, 0.34016923, 0.34016923, 0.34016923, 0.34016923,\n       0.34016923, 0.34016923]))", "callback": [0.7991034986946276, 0.6909280161070039, 0.6504324949686204, 0.6003313781725759, 0.5289461760644836, 0.37686477972535015, 0.3564150173696733, 0.34958623782671194, 0.3433837939461395, 0.3420425293331719, 0.3410627897539318, 0.3406959147926246, 0.3405342306563869, 0.3403394299359206, 0.3402073865644005, 0.3401832990348638, 0.3401746396943467, 0.34017046325868217, 0.34016951901160386, 0.3401692957801271, 0.34016925104629625, 0.34016923002003996, 0.3401692291612717, 0.3401692281233024, 0.340169227873793, 0.34016922784022485, 0.34016922783384707, 0.34016922783283543, 0.3401692278324304, 0.3401692278323839, 0.34016922783236603, 0.3401692278323637, 0.3401692278323617, 0.3401692278323615, 0.3401692278323609, 0.3401692278323609, 0.3401692278323609]}}, "bfgs": {"type": "gradient", "0": {"maxiter": 100, "gtol": 1e-05, "xrtol": 1e-05, "eps": 1e-05, "duration": 0.06037712097167969, "fun": "0.3401692278541928", "jac": "[ 1.14641630e-07  3.73923115e-08 -3.73034936e-08  1.49047441e-07\n -1.73772108e-07  2.48179255e-07]", "hess_inv": "[[ 3.38792078 -0.46974407 -1.15885034  0.96554038  0.66801596 -0.83864244]\n [-0.46974407  7.2258082   3.74975219 -4.14781674 -3.71957568  4.29270636]\n [-1.15885034  3.74975219 11.39757328 -5.52701651 -5.99233512  5.24122856]\n [ 0.96554038 -4.14781674 -5.52701651  6.66672072  3.50928769 -3.60611977]\n [ 0.66801596 -3.71957568 -5.99233512  3.50928769  7.57247648 -2.43593286]\n [-0.83864244  4.29270636  5.24122856 -3.60611977 -2.43593286  7.11343873]]", "nfev": "203", "njev": "29", "status": "0", "success": "True", "message": "Optimization terminated successfully.", "x": "[4.97533714 3.86960042 8.97358388 1.8665823  4.68073242 4.45556762]", "nit": "23", "callback": [0.7412687100614266, 0.6750062464312685, 0.5692126212284894, 0.5446910397566291, 0.4039911040733355, 0.36587956586789483, 0.3589388155559511, 0.3554966124966962, 0.3523760248622211, 0.3492408108470594, 0.3473623965996889, 0.3459060525841722, 0.3446555291384935, 0.34354479705382523, 0.3423638985493821, 0.3412238771596864, 0.34042220280312374, 0.3402064388096795, 0.3401728827145616, 0.3401693452843292, 0.34016923715396297, 0.3401692282155635, 0.3401692278541928]}, "1": {"maxiter": 100, "gtol": 1e-05, "xrtol": 1e-05, "eps": 1e-10, "duration": 0.05849194526672363, "fun": "0.3401692280436942", "jac": "[-7.77156053e-06 -3.33066880e-06  3.33066880e-06 -1.11022293e-06\n  2.22044587e-06 -1.11022293e-06]", "hess_inv": "[[ 3.79304119 -0.40127679 -1.50535531  1.25412407  0.58991844 -1.11006977]\n [-0.40127679  7.34914772  3.78720146 -4.14411456 -3.83134162  4.31493757]\n [-1.50535531  3.78720146 11.66398163 -5.73570231 -5.94800785  5.40407072]\n [ 1.25412407 -4.14411456 -5.73570231  6.83332688  3.45237283 -3.75487123]\n [ 0.58991844 -3.83134162 -5.94800785  3.45237283  7.64309179 -2.37035795]\n [-1.11006977  4.31493757  5.40407072 -3.75487123 -2.37035795  7.11066104]]", "nfev": "196", "njev": "28", "status": "0", "success": "True", "message": "Optimization terminated successfully.", "x": "[4.97531253 3.86958439 8.97359434 1.8665795  4.68075348 4.45557552]", "nit": "22", "callback": [0.741268884091582, 0.6750078284511098, 0.5692112294615778, 0.5446942033676982, 0.4039944608087327, 0.3658802809182826, 0.3589381565122268, 0.35549660372447733, 0.3523749322124332, 0.3492403168210506, 0.3473629593191764, 0.34590572232858374, 0.344656020816138, 0.3435448531281735, 0.34236292535415824, 0.34122409746509696, 0.34042228963264975, 0.3402064248130393, 0.34017289903670944, 0.34016934972799817, 0.3401692375510642, 0.3401692280436942]}, "2": {"maxiter": 100, "gtol": 1e-05, "xrtol": 1e-10, "eps": 1e-05, "duration": 0.05937695503234863, "fun": "0.3401692278541928", "jac": "[ 1.14641630e-07  3.73923115e-08 -3.73034936e-08  1.49047441e-07\n -1.73772108e-07  2.48179255e-07]", "hess_inv": "[[ 3.38792078 -0.46974407 -1.15885034  0.96554038  0.66801596 -0.83864244]\n [-0.46974407  7.2258082   3.74975219 -4.14781674 -3.71957568  4.29270636]\n [-1.15885034  3.74975219 11.39757328 -5.52701651 -5.99233512  5.24122856]\n [ 0.96554038 -4.14781674 -5.52701651  6.66672072  3.50928769 -3.60611977]\n [ 0.66801596 -3.71957568 -5.99233512  3.50928769  7.57247648 -2.43593286]\n [-0.83864244  4.29270636  5.24122856 -3.60611977 -2.43593286  7.11343873]]", "nfev": "203", "njev": "29", "status": "0", "success": "True", "message": "Optimization terminated successfully.", "x": "[4.97533714 3.86960042 8.97358388 1.8665823  4.68073242 4.45556762]", "nit": "23", "callback": [0.7412687100614266, 0.6750062464312685, 0.5692126212284894, 0.5446910397566291, 0.4039911040733355, 0.36587956586789483, 0.3589388155559511, 0.3554966124966962, 0.3523760248622211, 0.3492408108470594, 0.3473623965996889, 0.3459060525841722, 0.3446555291384935, 0.34354479705382523, 0.3423638985493821, 0.3412238771596864, 0.34042220280312374, 0.3402064388096795, 0.3401728827145616, 0.3401693452843292, 0.34016923715396297, 0.3401692282155635, 0.3401692278541928]}, "3": {"maxiter": 100, "gtol": 1e-05, "xrtol": 1e-10, "eps": 1e-10, "duration": 0.055303096771240234, "fun": "0.3401692280436942", "jac": "[-7.77156053e-06 -3.33066880e-06  3.33066880e-06 -1.11022293e-06\n  2.22044587e-06 -1.11022293e-06]", "hess_inv": "[[ 3.79304119 -0.40127679 -1.50535531  1.25412407  0.58991844 -1.11006977]\n [-0.40127679  7.34914772  3.78720146 -4.14411456 -3.83134162  4.31493757]\n [-1.50535531  3.78720146 11.66398163 -5.73570231 -5.94800785  5.40407072]\n [ 1.25412407 -4.14411456 -5.73570231  6.83332688  3.45237283 -3.75487123]\n [ 0.58991844 -3.83134162 -5.94800785  3.45237283  7.64309179 -2.37035795]\n [-1.11006977  4.31493757  5.40407072 -3.75487123 -2.37035795  7.11066104]]", "nfev": "196", "njev": "28", "status": "0", "success": "True", "message": "Optimization terminated successfully.", "x": "[4.97531253 3.86958439 8.97359434 1.8665795  4.68075348 4.45557552]", "nit": "22", "callback": [0.741268884091582, 0.6750078284511098, 0.5692112294615778, 0.5446942033676982, 0.4039944608087327, 0.3658802809182826, 0.3589381565122268, 0.35549660372447733, 0.3523749322124332, 0.3492403168210506, 0.3473629593191764, 0.34590572232858374, 0.344656020816138, 0.3435448531281735, 0.34236292535415824, 0.34122409746509696, 0.34042228963264975, 0.3402064248130393, 0.34017289903670944, 0.34016934972799817, 0.3401692375510642, 0.3401692280436942]}, "4": {"maxiter": 100, "gtol": 1e-10, "xrtol": 1e-05, "eps": 1e-05, "duration": 0.05915093421936035, "fun": "0.3401692278541928", "jac": "[ 1.14641630e-07  3.73923115e-08 -3.73034936e-08  1.49047441e-07\n -1.73772108e-07  2.48179255e-07]", "hess_inv": "[[ 3.38792078 -0.46974407 -1.15885034  0.96554038  0.66801596 -0.83864244]\n [-0.46974407  7.2258082   3.74975219 -4.14781674 -3.71957568  4.29270636]\n [-1.15885034  3.74975219 11.39757328 -5.52701651 -5.99233512  5.24122856]\n [ 0.96554038 -4.14781674 -5.52701651  6.66672072  3.50928769 -3.60611977]\n [ 0.66801596 -3.71957568 -5.99233512  3.50928769  7.57247648 -2.43593286]\n [-0.83864244  4.29270636  5.24122856 -3.60611977 -2.43593286  7.11343873]]", "nfev": "203", "njev": "29", "status": "0", "success": "True", "message": "Optimization terminated successfully.", "x": "[4.97533714 3.86960042 8.97358388 1.8665823  4.68073242 4.45556762]", "nit": "23", "callback": [0.7412687100614266, 0.6750062464312685, 0.5692126212284894, 0.5446910397566291, 0.4039911040733355, 0.36587956586789483, 0.3589388155559511, 0.3554966124966962, 0.3523760248622211, 0.3492408108470594, 0.3473623965996889, 0.3459060525841722, 0.3446555291384935, 0.34354479705382523, 0.3423638985493821, 0.3412238771596864, 0.34042220280312374, 0.3402064388096795, 0.3401728827145616, 0.3401693452843292, 0.34016923715396297, 0.3401692282155635, 0.3401692278541928]}, "5": {"maxiter": 100, "gtol": 1e-10, "xrtol": 1e-05, "eps": 1e-10, "duration": 0.058866024017333984, "fun": "0.34016922785594683", "jac": "[-1.11022293e-06 -2.22044587e-06 -1.11022293e-06 -2.22044587e-06\n  2.22044587e-06 -2.22044587e-06]", "hess_inv": "[[ 3.45645439 -0.56156973 -1.21228652  1.08321752  0.63537926 -0.9504962 ]\n [-0.56156973  7.28123147  3.93737958 -4.24636875 -3.80897434  4.43650305]\n [-1.21228652  3.93737958 11.42217312 -5.61318128 -5.98668694  5.32255109]\n [ 1.08321752 -4.24636875 -5.61318128  6.79824118  3.47367854 -3.78676181]\n [ 0.63537926 -3.80897434 -5.98668694  3.47367854  7.63701279 -2.38802771]\n [-0.9504962   4.43650305  5.32255109 -3.78676181 -2.38802771  7.28165141]]", "nfev": "203", "njev": "29", "status": "0", "success": "True", "message": "Optimization terminated successfully.", "x": "[4.9753403  3.86959983 8.97357296 1.8665881  4.68074992 4.45557436]", "nit": "23", "callback": [0.741268884091582, 0.6750078284511098, 0.5692112294615778, 0.5446942033676982, 0.4039944608087327, 0.3658802809182826, 0.3589381565122268, 0.35549660372447733, 0.3523749322124332, 0.3492403168210506, 0.3473629593191764, 0.34590572232858374, 0.344656020816138, 0.3435448531281735, 0.34236292535415824, 0.34122409746509696, 0.34042228963264975, 0.3402064248130393, 0.34017289903670944, 0.34016934972799817, 0.3401692375510642, 0.3401692280436942, 0.34016922785594683]}, "6": {"maxiter": 100, "gtol": 1e-10, "xrtol": 1e-10, "eps": 1e-05, "duration": 0.12082672119140625, "fun": "0.3401692278541928", "jac": "[ 1.14641630e-07  3.73923115e-08 -3.73034936e-08  1.49047441e-07\n -1.73772108e-07  2.48179255e-07]", "hess_inv": "[[ 3.39138456 -0.53043518 -1.22727702  0.99240367  0.72902153 -0.92956594]\n [-0.53043518  7.18314704  3.74757232 -4.164327   -3.66402104  4.27766767]\n [-1.22727702  3.74757232 11.44498077 -5.56448651 -5.97638242  5.29103666]\n [ 0.99240367 -4.164327   -5.56448651  6.6885618   3.5206799  -3.65092302]\n [ 0.72902153 -3.66402104 -5.97638242  3.5206799   7.50375071 -2.40239119]\n [-0.92956594  4.27766767  5.29103666 -3.65092302 -2.40239119  7.16196831]]", "nfev": "432", "njev": "60", "status": "2", "success": "False", "message": "Desired error not necessarily achieved due to precision loss.", "x": "[4.97533714 3.86960042 8.97358388 1.8665823  4.68073242 4.45556762]", "nit": "23", "callback": [0.7412687100614266, 0.6750062464312685, 0.5692126212284894, 0.5446910397566291, 0.4039911040733355, 0.36587956586789483, 0.3589388155559511, 0.3554966124966962, 0.3523760248622211, 0.3492408108470594, 0.3473623965996889, 0.3459060525841722, 0.3446555291384935, 0.34354479705382523, 0.3423638985493821, 0.3412238771596864, 0.34042220280312374, 0.3402064388096795, 0.3401728827145616, 0.3401693452843292, 0.34016923715396297, 0.3401692282155635, 0.3401692278541928]}, "7": {"maxiter": 100, "gtol": 1e-10, "xrtol": 1e-10, "eps": 1e-10, "duration": 0.12650704383850098, "fun": "0.3401692278414963", "jac": "[1.11022293e-06 0.00000000e+00 3.33066880e-06 0.00000000e+00\n 0.00000000e+00 0.00000000e+00]", "hess_inv": "[[ 0.53299131 -0.28705613  0.2477895  -0.00905946  0.53367938 -0.38820817]\n [-0.28705613  0.2050591  -0.1759858   0.00563791 -0.33106244  0.20660414]\n [ 0.2477895  -0.1759858   0.16504545 -0.00301301  0.27781983 -0.18283856]\n [-0.00905946  0.00563791 -0.00301301  0.00221017 -0.01244837  0.00611753]\n [ 0.53367938 -0.33106244  0.27781983 -0.01244837  0.64620615 -0.38482287]\n [-0.38820817  0.20660414 -0.18283856  0.00611753 -0.38482287  0.28447879]]", "nfev": "441", "njev": "63", "status": "0", "success": "True", "message": "Optimization terminated successfully.", "x": "[4.97534338 3.86961222 8.97359233 1.86658039 4.68073519 4.45558679]", "nit": "38", "callback": [0.741268884091582, 0.6750078284511098, 0.5692112294615778, 0.5446942033676982, 0.4039944608087327, 0.3658802809182826, 0.3589381565122268, 0.35549660372447733, 0.3523749322124332, 0.3492403168210506, 0.3473629593191764, 0.34590572232858374, 0.344656020816138, 0.3435448531281735, 0.34236292535415824, 0.34122409746509696, 0.34042228963264975, 0.3402064248130393, 0.34017289903670944, 0.34016934972799817, 0.3401692375510642, 0.3401692280436942, 0.34016922785594683, 0.34016922784982095, 0.3401692278478884, 0.340169227847236, 0.34016922784697246, 0.34016922784563897, 0.3401692278446029, 0.34016922784313086, 0.34016922784312387, 0.34016922784311765, 0.34016922784310943, 0.34016922784306114, 0.3401692278429138, 0.3401692278415618, 0.3401692278414965, 0.3401692278414963]}, "8": {"maxiter": 500, "gtol": 1e-05, "xrtol": 1e-05, "eps": 1e-05, "duration": 0.05224013328552246, "fun": "0.3401692278541928", "jac": "[ 1.14641630e-07  3.73923115e-08 -3.73034936e-08  1.49047441e-07\n -1.73772108e-07  2.48179255e-07]", "hess_inv": "[[ 3.38792078 -0.46974407 -1.15885034  0.96554038  0.66801596 -0.83864244]\n [-0.46974407  7.2258082   3.74975219 -4.14781674 -3.71957568  4.29270636]\n [-1.15885034  3.74975219 11.39757328 -5.52701651 -5.99233512  5.24122856]\n [ 0.96554038 -4.14781674 -5.52701651  6.66672072  3.50928769 -3.60611977]\n [ 0.66801596 -3.71957568 -5.99233512  3.50928769  7.57247648 -2.43593286]\n [-0.83864244  4.29270636  5.24122856 -3.60611977 -2.43593286  7.11343873]]", "nfev": "203", "njev": "29", "status": "0", "success": "True", "message": "Optimization terminated successfully.", "x": "[4.97533714 3.86960042 8.97358388 1.8665823  4.68073242 4.45556762]", "nit": "23", "callback": [0.7412687100614266, 0.6750062464312685, 0.5692126212284894, 0.5446910397566291, 0.4039911040733355, 0.36587956586789483, 0.3589388155559511, 0.3554966124966962, 0.3523760248622211, 0.3492408108470594, 0.3473623965996889, 0.3459060525841722, 0.3446555291384935, 0.34354479705382523, 0.3423638985493821, 0.3412238771596864, 0.34042220280312374, 0.3402064388096795, 0.3401728827145616, 0.3401693452843292, 0.34016923715396297, 0.3401692282155635, 0.3401692278541928]}, "9": {"maxiter": 500, "gtol": 1e-05, "xrtol": 1e-05, "eps": 1e-10, "duration": 0.055066823959350586, "fun": "0.3401692280436942", "jac": "[-7.77156053e-06 -3.33066880e-06  3.33066880e-06 -1.11022293e-06\n  2.22044587e-06 -1.11022293e-06]", "hess_inv": "[[ 3.79304119 -0.40127679 -1.50535531  1.25412407  0.58991844 -1.11006977]\n [-0.40127679  7.34914772  3.78720146 -4.14411456 -3.83134162  4.31493757]\n [-1.50535531  3.78720146 11.66398163 -5.73570231 -5.94800785  5.40407072]\n [ 1.25412407 -4.14411456 -5.73570231  6.83332688  3.45237283 -3.75487123]\n [ 0.58991844 -3.83134162 -5.94800785  3.45237283  7.64309179 -2.37035795]\n [-1.11006977  4.31493757  5.40407072 -3.75487123 -2.37035795  7.11066104]]", "nfev": "196", "njev": "28", "status": "0", "success": "True", "message": "Optimization terminated successfully.", "x": "[4.97531253 3.86958439 8.97359434 1.8665795  4.68075348 4.45557552]", "nit": "22", "callback": [0.741268884091582, 0.6750078284511098, 0.5692112294615778, 0.5446942033676982, 0.4039944608087327, 0.3658802809182826, 0.3589381565122268, 0.35549660372447733, 0.3523749322124332, 0.3492403168210506, 0.3473629593191764, 0.34590572232858374, 0.344656020816138, 0.3435448531281735, 0.34236292535415824, 0.34122409746509696, 0.34042228963264975, 0.3402064248130393, 0.34017289903670944, 0.34016934972799817, 0.3401692375510642, 0.3401692280436942]}, "10": {"maxiter": 500, "gtol": 1e-05, "xrtol": 1e-10, "eps": 1e-05, "duration": 0.05995583534240723, "fun": "0.3401692278541928", "jac": "[ 1.14641630e-07  3.73923115e-08 -3.73034936e-08  1.49047441e-07\n -1.73772108e-07  2.48179255e-07]", "hess_inv": "[[ 3.38792078 -0.46974407 -1.15885034  0.96554038  0.66801596 -0.83864244]\n [-0.46974407  7.2258082   3.74975219 -4.14781674 -3.71957568  4.29270636]\n [-1.15885034  3.74975219 11.39757328 -5.52701651 -5.99233512  5.24122856]\n [ 0.96554038 -4.14781674 -5.52701651  6.66672072  3.50928769 -3.60611977]\n [ 0.66801596 -3.71957568 -5.99233512  3.50928769  7.57247648 -2.43593286]\n [-0.83864244  4.29270636  5.24122856 -3.60611977 -2.43593286  7.11343873]]", "nfev": "203", "njev": "29", "status": "0", "success": "True", "message": "Optimization terminated successfully.", "x": "[4.97533714 3.86960042 8.97358388 1.8665823  4.68073242 4.45556762]", "nit": "23", "callback": [0.7412687100614266, 0.6750062464312685, 0.5692126212284894, 0.5446910397566291, 0.4039911040733355, 0.36587956586789483, 0.3589388155559511, 0.3554966124966962, 0.3523760248622211, 0.3492408108470594, 0.3473623965996889, 0.3459060525841722, 0.3446555291384935, 0.34354479705382523, 0.3423638985493821, 0.3412238771596864, 0.34042220280312374, 0.3402064388096795, 0.3401728827145616, 0.3401693452843292, 0.34016923715396297, 0.3401692282155635, 0.3401692278541928]}, "11": {"maxiter": 500, "gtol": 1e-05, "xrtol": 1e-10, "eps": 1e-10, "duration": 0.05546998977661133, "fun": "0.3401692280436942", "jac": "[-7.77156053e-06 -3.33066880e-06  3.33066880e-06 -1.11022293e-06\n  2.22044587e-06 -1.11022293e-06]", "hess_inv": "[[ 3.79304119 -0.40127679 -1.50535531  1.25412407  0.58991844 -1.11006977]\n [-0.40127679  7.34914772  3.78720146 -4.14411456 -3.83134162  4.31493757]\n [-1.50535531  3.78720146 11.66398163 -5.73570231 -5.94800785  5.40407072]\n [ 1.25412407 -4.14411456 -5.73570231  6.83332688  3.45237283 -3.75487123]\n [ 0.58991844 -3.83134162 -5.94800785  3.45237283  7.64309179 -2.37035795]\n [-1.11006977  4.31493757  5.40407072 -3.75487123 -2.37035795  7.11066104]]", "nfev": "196", "njev": "28", "status": "0", "success": "True", "message": "Optimization terminated successfully.", "x": "[4.97531253 3.86958439 8.97359434 1.8665795  4.68075348 4.45557552]", "nit": "22", "callback": [0.741268884091582, 0.6750078284511098, 0.5692112294615778, 0.5446942033676982, 0.4039944608087327, 0.3658802809182826, 0.3589381565122268, 0.35549660372447733, 0.3523749322124332, 0.3492403168210506, 0.3473629593191764, 0.34590572232858374, 0.344656020816138, 0.3435448531281735, 0.34236292535415824, 0.34122409746509696, 0.34042228963264975, 0.3402064248130393, 0.34017289903670944, 0.34016934972799817, 0.3401692375510642, 0.3401692280436942]}, "12": {"maxiter": 500, "gtol": 1e-10, "xrtol": 1e-05, "eps": 1e-05, "duration": 0.0614621639251709, "fun": "0.3401692278541928", "jac": "[ 1.14641630e-07  3.73923115e-08 -3.73034936e-08  1.49047441e-07\n -1.73772108e-07  2.48179255e-07]", "hess_inv": "[[ 3.38792078 -0.46974407 -1.15885034  0.96554038  0.66801596 -0.83864244]\n [-0.46974407  7.2258082   3.74975219 -4.14781674 -3.71957568  4.29270636]\n [-1.15885034  3.74975219 11.39757328 -5.52701651 -5.99233512  5.24122856]\n [ 0.96554038 -4.14781674 -5.52701651  6.66672072  3.50928769 -3.60611977]\n [ 0.66801596 -3.71957568 -5.99233512  3.50928769  7.57247648 -2.43593286]\n [-0.83864244  4.29270636  5.24122856 -3.60611977 -2.43593286  7.11343873]]", "nfev": "203", "njev": "29", "status": "0", "success": "True", "message": "Optimization terminated successfully.", "x": "[4.97533714 3.86960042 8.97358388 1.8665823  4.68073242 4.45556762]", "nit": "23", "callback": [0.7412687100614266, 0.6750062464312685, 0.5692126212284894, 0.5446910397566291, 0.4039911040733355, 0.36587956586789483, 0.3589388155559511, 0.3554966124966962, 0.3523760248622211, 0.3492408108470594, 0.3473623965996889, 0.3459060525841722, 0.3446555291384935, 0.34354479705382523, 0.3423638985493821, 0.3412238771596864, 0.34042220280312374, 0.3402064388096795, 0.3401728827145616, 0.3401693452843292, 0.34016923715396297, 0.3401692282155635, 0.3401692278541928]}, "13": {"maxiter": 500, "gtol": 1e-10, "xrtol": 1e-05, "eps": 1e-10, "duration": 0.05909109115600586, "fun": "0.34016922785594683", "jac": "[-1.11022293e-06 -2.22044587e-06 -1.11022293e-06 -2.22044587e-06\n  2.22044587e-06 -2.22044587e-06]", "hess_inv": "[[ 3.45645439 -0.56156973 -1.21228652  1.08321752  0.63537926 -0.9504962 ]\n [-0.56156973  7.28123147  3.93737958 -4.24636875 -3.80897434  4.43650305]\n [-1.21228652  3.93737958 11.42217312 -5.61318128 -5.98668694  5.32255109]\n [ 1.08321752 -4.24636875 -5.61318128  6.79824118  3.47367854 -3.78676181]\n [ 0.63537926 -3.80897434 -5.98668694  3.47367854  7.63701279 -2.38802771]\n [-0.9504962   4.43650305  5.32255109 -3.78676181 -2.38802771  7.28165141]]", "nfev": "203", "njev": "29", "status": "0", "success": "True", "message": "Optimization terminated successfully.", "x": "[4.9753403  3.86959983 8.97357296 1.8665881  4.68074992 4.45557436]", "nit": "23", "callback": [0.741268884091582, 0.6750078284511098, 0.5692112294615778, 0.5446942033676982, 0.4039944608087327, 0.3658802809182826, 0.3589381565122268, 0.35549660372447733, 0.3523749322124332, 0.3492403168210506, 0.3473629593191764, 0.34590572232858374, 0.344656020816138, 0.3435448531281735, 0.34236292535415824, 0.34122409746509696, 0.34042228963264975, 0.3402064248130393, 0.34017289903670944, 0.34016934972799817, 0.3401692375510642, 0.3401692280436942, 0.34016922785594683]}, "14": {"maxiter": 500, "gtol": 1e-10, "xrtol": 1e-10, "eps": 1e-05, "duration": 0.13312625885009766, "fun": "0.3401692278541928", "jac": "[ 1.14641630e-07  3.73923115e-08 -3.73034936e-08  1.490474