{"date": "2024/09/24/, 22:09:44", "conf_id": 62, "data_type": "random\n", "num_data_points": 4, "s_rank": 0, "unitary": "[[0.18663085-0.53122324j,-0.11886349-0.70040876j,0.28555095-0.02789305j,-0.12262021-0.2844587j],[-0.16702216+0.27758472j,0.27526351-0.29738586j,-0.01109314+0.22495461j,-0.77239203+0.28900673j],[0.61935415+0.12301792j,-0.31269928-0.03315917j,-0.61902762-0.19039079j,-0.27120731-0.0968989j],[0.42341754+0.0023929j,-0.05847358+0.47832119j,0.64900495-0.16218422j,-0.37182676-0.05229966j]]", "databatch_0": {"databatch": "[[[0.07770008-1.16234257e-01j,-0.01208206+3.78846163e-01j,0.08859354-8.63036273e-02j,0.15678918-6.92866839e-02j],[-0.13588094-7.90688250e-02j,0.42601038-1.29428186e-02j,-0.10305294-9.33879462e-02j,-0.08872605-1.71111832e-01j],[0.12621133-5.85943957e-02j,-0.20634996+3.15799996e-01j,0.11998058-2.75125488e-02j,0.16914556+2.22493490e-02j],[-0.11373907+1.32146664e-01j,0.07217857-4.67137111e-01j,-0.1227029+9.34510601e-02j,-0.20454988+6.20857442e-02j]],[[-0.01924438-7.40507536e-03j,0.00340046+1.05954274e-02j,-0.03596137-1.81163881e-02j,0.02683654-3.07954587e-02j],[0.02597228+1.86889442e-01j,0.06976744-7.41686731e-02j,0.01427541+3.68191309e-01j,-0.36546439-7.84305155e-02j],[-0.08671285-2.38622337e-01j,-0.07095576+1.17209153e-01j,-0.12228703-4.80481300e-01j,0.5029536+4.69074141e-04j],[-0.08571585+5.40282078e-02j,0.05172028+1.77445490e-02j,-0.17702535+8.83869839e-02j,-0.0424167-1.96186635e-01j]],[[-0.20418565-5.72819724e-02j,0.09910066-3.50400366e-02j,-0.2637899+2.39171621e-01j,-0.08781529-2.42895243e-01j],[-0.12450393-9.70475242e-02j,0.07815089+3.81130863e-03j,-0.24917385+9.03629601e-02j,0.00801036-1.92092433e-01j],[0.20228588-1.52112522e-01j,-0.03858784+1.19366587e-01j,-0.03563864-4.23464331e-01j,0.29396723+9.27462374e-02j],[-0.02090053-2.14129193e-01j,0.06956479+8.08243911e-02j,-0.32312878-1.61504253e-01j,0.19738982-1.72330114e-01j]],[[-0.01391095+3.72935471e-02j,0.11179494+1.03857490e-01j,0.02969635+2.12195743e-03j,0.05020964+1.57287029e-02j],[-0.03254518+1.77878607e-01j,0.58268855+3.75578717e-01j,0.13451623-1.41398267e-02j,0.23709698+3.03976961e-02j],[-0.00858882-4.95802608e-03j,-0.03013496+2.31799951e-02j,-0.00174767+7.20895866e-03j,-0.00593802+1.16873215e-02j],[-0.1434329-2.42623605e-02j,-0.29583096+4.72750235e-01j,0.01282303+1.08050039e-01j,-0.02189697+1.91043926e-01j]]]", "initial param values": "[1.88314308,1.54954152,5.20618936,3.73402836,1.24952621,5.90187416]", "nelder_mead": {"type": "gradient-free", "0": {"maxiter": 100, "fatol": 1e-05, "xatol": 1e-05, "duration": 0.03945302963256836, "fun": "0.20453093017112445", "nit": "100", "nfev": "160", "status": "2", "success": "False", "message": "Maximum number of iterations has been exceeded.", "x": "[2.09092065 0.95531795 3.37073353 2.80852281 2.12180373 3.70144507]", "final_simplex": "(array([[2.09092065, 0.95531795, 3.37073353, 2.80852281, 2.12180373,\n        3.70144507],\n       [2.10636905, 0.93564161, 3.35478582, 2.79399916, 2.12511527,\n        3.77136614],\n       [2.15628566, 0.96093955, 3.33209215, 2.7375444 , 2.11782399,\n        3.66983981],\n       [2.10466433, 0.92881776, 3.27342567, 2.76327115, 2.157896  ,\n        3.72081446],\n       [2.08657815, 0.92079991, 3.32311232, 2.84055746, 2.13652723,\n        3.75672288],\n       [2.12687937, 0.95844061, 3.33024762, 2.8168145 , 2.10840819,\n        3.72548291],\n       [2.09091689, 0.89528682, 3.36269801, 2.77635737, 2.16705417,\n        3.75587828]]), array([0.20453093, 0.20626919, 0.20639942, 0.2065243 , 0.20668605,\n       0.20673346, 0.20683931]))", "callback": [0.7422466433652635, 0.5579618761581322, 0.433434377864341, 0.36029038009603453, 0.3419412606170792, 0.3158409312921677, 0.23361933372152033, 0.21295874921729896, 0.20750498056095878, 0.20725775888601472]}, "1": {"maxiter": 100, "fatol": 1e-05, "xatol": 1e-10, "duration": 0.037940025329589844, "fun": "0.20453093017112445", "nit": "100", "nfev": "160", "status": "2", "success": "False", "message": "Maximum number of iterations has been exceeded.", "x": "[2.09092065 0.95531795 3.37073353 2.80852281 2.12180373 3.70144507]", "final_simplex": "(array([[2.09092065, 0.95531795, 3.37073353, 2.80852281, 2.12180373,\n        3.70144507],\n       [2.10636905, 0.93564161, 3.35478582, 2.79399916, 2.12511527,\n        3.77136614],\n       [2.15628566, 0.96093955, 3.33209215, 2.7375444 , 2.11782399,\n        3.66983981],\n       [2.10466433, 0.92881776, 3.27342567, 2.76327115, 2.157896  ,\n        3.72081446],\n       [2.08657815, 0.92079991, 3.32311232, 2.84055746, 2.13652723,\n        3.75672288],\n       [2.12687937, 0.95844061, 3.33024762, 2.8168145 , 2.10840819,\n        3.72548291],\n       [2.09091689, 0.89528682, 3.36269801, 2.77635737, 2.16705417,\n        3.75587828]]), array([0.20453093, 0.20626919, 0.20639942, 0.2065243 , 0.20668605,\n       0.20673346, 0.20683931]))", "callback": [0.7422466433652635, 0.5579618761581322, 0.433434377864341, 0.36029038009603453, 0.3419412606170792, 0.3158409312921677, 0.23361933372152033, 0.21295874921729896, 0.20750498056095878, 0.20725775888601472]}, "2": {"maxiter": 100, "fatol": 1e-10, "xatol": 1e-05, "duration": 0.03720998764038086, "fun": "0.20453093017112445", "nit": "100", "nfev": "160", "status": "2", "success": "False", "message": "Maximum number of iterations has been exceeded.", "x": "[2.09092065 0.95531795 3.37073353 2.80852281 2.12180373 3.70144507]", "final_simplex": "(array([[2.09092065, 0.95531795, 3.37073353, 2.80852281, 2.12180373,\n        3.70144507],\n       [2.10636905, 0.93564161, 3.35478582, 2.79399916, 2.12511527,\n        3.77136614],\n       [2.15628566, 0.96093955, 3.33209215, 2.7375444 , 2.11782399,\n        3.66983981],\n       [2.10466433, 0.92881776, 3.27342567, 2.76327115, 2.157896  ,\n        3.72081446],\n       [2.08657815, 0.92079991, 3.32311232, 2.84055746, 2.13652723,\n        3.75672288],\n       [2.12687937, 0.95844061, 3.33024762, 2.8168145 , 2.10840819,\n        3.72548291],\n       [2.09091689, 0.89528682, 3.36269801, 2.77635737, 2.16705417,\n        3.75587828]]), array([0.20453093, 0.20626919, 0.20639942, 0.2065243 , 0.20668605,\n       0.20673346, 0.20683931]))", "callback": [0.7422466433652635, 0.5579618761581322, 0.433434377864341, 0.36029038009603453, 0.3419412606170792, 0.3158409312921677, 0.23361933372152033, 0.21295874921729896, 0.20750498056095878, 0.20725775888601472]}, "3": {"maxiter": 100, "fatol": 1e-10, "xatol": 1e-10, "duration": 0.03646087646484375, "fun": "0.20453093017112445", "nit": "100", "nfev": "160", "status": "2", "success": "False", "message": "Maximum number of iterations has been exceeded.", "x": "[2.09092065 0.95531795 3.37073353 2.80852281 2.12180373 3.70144507]", "final_simplex": "(array([[2.09092065, 0.95531795, 3.37073353, 2.80852281, 2.12180373,\n        3.70144507],\n       [2.10636905, 0.93564161, 3.35478582, 2.79399916, 2.12511527,\n        3.77136614],\n       [2.15628566, 0.96093955, 3.33209215, 2.7375444 , 2.11782399,\n        3.66983981],\n       [2.10466433, 0.92881776, 3.27342567, 2.76327115, 2.157896  ,\n        3.72081446],\n       [2.08657815, 0.92079991, 3.32311232, 2.84055746, 2.13652723,\n        3.75672288],\n       [2.12687937, 0.95844061, 3.33024762, 2.8168145 , 2.10840819,\n        3.72548291],\n       [2.09091689, 0.89528682, 3.36269801, 2.77635737, 2.16705417,\n        3.75587828]]), array([0.20453093, 0.20626919, 0.20639942, 0.2065243 , 0.20668605,\n       0.20673346, 0.20683931]))", "callback": [0.7422466433652635, 0.5579618761581322, 0.433434377864341, 0.36029038009603453, 0.3419412606170792, 0.3158409312921677, 0.23361933372152033, 0.21295874921729896, 0.20750498056095878, 0.20725775888601472]}, "4": {"maxiter": 500, "fatol": 1e-05, "xatol": 1e-05, "duration": 0.17112302780151367, "fun": "0.1711322282712444", "nit": "476", "nfev": "741", "status": "0", "success": "True", "message": "Optimization terminated successfully.", "x": "[1.70336829 0.87281624 3.36059629 2.56209624 1.10131171 2.84972195]", "final_simplex": "(array([[1.70336829, 0.87281624, 3.36059629, 2.56209624, 1.10131171,\n        2.84972195],\n       [1.7033681 , 0.87281145, 3.36059573, 2.56209616, 1.10130186,\n        2.84971449],\n       [1.7033717 , 0.87281483, 3.36059249, 2.56209749, 1.10130939,\n        2.84972111],\n       [1.70337436, 0.87281622, 3.36059723, 2.56209966, 1.10130816,\n        2.84972049],\n       [1.70336885, 0.87281039, 3.36059201, 2.5620963 , 1.10130979,\n        2.84971713],\n       [1.70336892, 0.87281948, 3.36059538, 2.5621008 , 1.10131929,\n        2.84972813],\n       [1.70337087, 0.87281152, 3.36059703, 2.56209839, 1.10131323,\n        2.84972711]]), array([0.17113223, 0.17113223, 0.17113223, 0.17113223, 0.17113223,\n       0.17113223, 0.17113223]))", "callback": [0.7422466433652635, 0.5579618761581322, 0.433434377864341, 0.36029038009603453, 0.3419412606170792, 0.3158409312921677, 0.23361933372152033, 0.21295874921729896, 0.20750498056095878, 0.20725775888601472, 0.20453093017112445, 0.20257228151782536, 0.200842350749036, 0.19892076815738502, 0.19849304350116503, 0.19840696703501426, 0.19829656033111642, 0.1980530531368081, 0.19753963476558378, 0.19584865278103714, 0.19449644216549544, 0.19196941243228505, 0.1869622331005052, 0.18256188538404527, 0.18063143670620063, 0.1786076394145184, 0.17468311472259357, 0.1722739701684396, 0.17155695979176067, 0.17130081370525407, 0.17117939429428497, 0.17113643025658187, 0.17113643025658187, 0.17113307651066056, 0.1711325439626108, 0.17113237136541015, 0.1711323015531141, 0.17113227931034736, 0.1711322578592137, 0.17113223989573345, 0.1711322339734167, 0.17113222968972674, 0.17113222846464238, 0.17113222844365306, 0.17113222833805308, 0.1711322283168326, 0.17113222828281482, 0.1711322282765524]}, "5": {"maxiter": 500, "fatol": 1e-05, "xatol": 1e-10, "duration": 0.17595863342285156, "fun": "0.17113222827010754", "nit": "500", "nfev": "779", "status": "2", "success": "False", "message": "Maximum number of iterations has been exceeded.", "x": "[1.70336875 0.87281596 3.36059701 2.56209425 1.10131046 2.84972142]", "final_simplex": "(array([[1.70336875, 0.87281596, 3.36059701, 2.56209425, 1.10131046,\n        2.84972142],\n       [1.70336897, 0.87281626, 3.36059601, 2.56209401, 1.10131416,\n        2.84972344],\n       [1.70336859, 0.87281707, 3.36059593, 2.56209436, 1.10131052,\n        2.84972011],\n       [1.70336945, 0.87281624, 3.36059638, 2.56209548, 1.10131047,\n        2.84972045],\n       [1.70336798, 0.87281584, 3.3605984 , 2.56209396, 1.10130982,\n        2.84971966],\n       [1.70336829, 0.87281624, 3.36059629, 2.56209624, 1.10131171,\n        2.84972195],\n       [1.70336737, 0.8728149 , 3.36059597, 2.56209507, 1.10130804,\n        2.84971763]]), array([0.17113223, 0.17113223, 0.17113223, 0.17113223, 0.17113223,\n       0.17113223, 0.17113223]))", "callback": [0.7422466433652635, 0.5579618761581322, 0.433434377864341, 0.36029038009603453, 0.3419412606170792, 0.3158409312921677, 0.23361933372152033, 0.21295874921729896, 0.20750498056095878, 0.20725775888601472, 0.20453093017112445, 0.20257228151782536, 0.200842350749036, 0.19892076815738502, 0.19849304350116503, 0.19840696703501426, 0.19829656033111642, 0.1980530531368081, 0.19753963476558378, 0.19584865278103714, 0.19449644216549544, 0.19196941243228505, 0.1869622331005052, 0.18256188538404527, 0.18063143670620063, 0.1786076394145184, 0.17468311472259357, 0.1722739701684396, 0.17155695979176067, 0.17130081370525407, 0.17117939429428497, 0.17113643025658187, 0.17113643025658187, 0.17113307651066056, 0.1711325439626108, 0.17113237136541015, 0.1711323015531141, 0.17113227931034736, 0.1711322578592137, 0.17113223989573345, 0.1711322339734167, 0.17113222968972674, 0.17113222846464238, 0.17113222844365306, 0.17113222833805308, 0.1711322283168326, 0.17113222828281482, 0.1711322282765524, 0.1711322282712444, 0.1711322282712444]}, "6": {"maxiter": 500, "fatol": 1e-10, "xatol": 1e-05, "duration": 0.17899799346923828, "fun": "0.1711322282712444", "nit": "476", "nfev": "741", "status": "0", "success": "True", "message": "Optimization terminated successfully.", "x": "[1.70336829 0.87281624 3.36059629 2.56209624 1.10131171 2.84972195]", "final_simplex": "(array([[1.70336829, 0.87281624, 3.36059629, 2.56209624, 1.10131171,\n        2.84972195],\n       [1.7033681 , 0.87281145, 3.36059573, 2.56209616, 1.10130186,\n        2.84971449],\n       [1.7033717 , 0.87281483, 3.36059249, 2.56209749, 1.10130939,\n        2.84972111],\n       [1.70337436, 0.87281622, 3.36059723, 2.56209966, 1.10130816,\n        2.84972049],\n       [1.70336885, 0.87281039, 3.36059201, 2.5620963 , 1.10130979,\n        2.84971713],\n       [1.70336892, 0.87281948, 3.36059538, 2.5621008 , 1.10131929,\n        2.84972813],\n       [1.70337087, 0.87281152, 3.36059703, 2.56209839, 1.10131323,\n        2.84972711]]), array([0.17113223, 0.17113223, 0.17113223, 0.17113223, 0.17113223,\n       0.17113223, 0.17113223]))", "callback": [0.7422466433652635, 0.5579618761581322, 0.433434377864341, 0.36029038009603453, 0.3419412606170792, 0.3158409312921677, 0.23361933372152033, 0.21295874921729896, 0.20750498056095878, 0.20725775888601472, 0.20453093017112445, 0.20257228151782536, 0.200842350749036, 0.19892076815738502, 0.19849304350116503, 0.19840696703501426, 0.19829656033111642, 0.1980530531368081, 0.19753963476558378, 0.19584865278103714, 0.19449644216549544, 0.19196941243228505, 0.1869622331005052, 0.18256188538404527, 0.18063143670620063, 0.1786076394145184, 0.17468311472259357, 0.1722739701684396, 0.17155695979176067, 0.17130081370525407, 0.17117939429428497, 0.17113643025658187, 0.17113643025658187, 0.17113307651066056, 0.1711325439626108, 0.17113237136541015, 0.1711323015531141, 0.17113227931034736, 0.1711322578592137, 0.17113223989573345, 0.1711322339734167, 0.17113222968972674, 0.17113222846464238, 0.17113222844365306, 0.17113222833805308, 0.1711322283168326, 0.17113222828281482, 0.1711322282765524]}, "7": {"maxiter": 500, "fatol": 1e-10, "xatol": 1e-10, "duration": 0.18446111679077148, "fun": "0.17113222827010754", "nit": "500", "nfev": "779", "status": "2", "success": "False", "message": "Maximum number of iterations has been exceeded.", "x": "[1.70336875 0.87281596 3.36059701 2.56209425 1.10131046 2.84972142]", "final_simplex": "(array([[1.70336875, 0.87281596, 3.36059701, 2.56209425, 1.10131046,\n        2.84972142],\n       [1.70336897, 0.87281626, 3.36059601, 2.56209401, 1.10131416,\n        2.84972344],\n       [1.70336859, 0.87281707, 3.36059593, 2.56209436, 1.10131052,\n        2.84972011],\n       [1.70336945, 0.87281624, 3.36059638, 2.56209548, 1.10131047,\n        2.84972045],\n       [1.70336798, 0.87281584, 3.3605984 , 2.56209396, 1.10130982,\n        2.84971966],\n       [1.70336829, 0.87281624, 3.36059629, 2.56209624, 1.10131171,\n        2.84972195],\n       [1.70336737, 0.8728149 , 3.36059597, 2.56209507, 1.10130804,\n        2.84971763]]), array([0.17113223, 0.17113223, 0.17113223, 0.17113223, 0.17113223,\n       0.17113223, 0.17113223]))", "callback": [0.7422466433652635, 0.5579618761581322, 0.433434377864341, 0.36029038009603453, 0.3419412606170792, 0.3158409312921677, 0.23361933372152033, 0.21295874921729896, 0.20750498056095878, 0.20725775888601472, 0.20453093017112445, 0.20257228151782536, 0.200842350749036, 0.19892076815738502, 0.19849304350116503, 0.19840696703501426, 0.19829656033111642, 0.1980530531368081, 0.19753963476558378, 0.19584865278103714, 0.19449644216549544, 0.19196941243228505, 0.1869622331005052, 0.18256188538404527, 0.18063143670620063, 0.1786076394145184, 0.17468311472259357, 0.1722739701684396, 0.17155695979176067, 0.17130081370525407, 0.17117939429428497, 0.17113643025658187, 0.17113643025658187, 0.17113307651066056, 0.1711325439626108, 0.17113237136541015, 0.1711323015531141, 0.17113227931034736, 0.1711322578592137, 0.17113223989573345, 0.1711322339734167, 0.17113222968972674, 0.17113222846464238, 0.17113222844365306, 0.17113222833805308, 0.1711322283168326, 0.17113222828281482, 0.1711322282765524, 0.1711322282712444, 0.1711322282712444]}, "8": {"maxiter": 1000, "fatol": 1e-05, "xatol": 1e-05, "duration": 0.17015695571899414, "fun": "0.1711322282712444", "nit": "476", "nfev": "741", "status": "0", "success": "True", "message": "Optimization terminated successfully.", "x": "[1.70336829 0.87281624 3.36059629 2.56209624 1.10131171 2.84972195]", "final_simplex": "(array([[1.70336829, 0.87281624, 3.36059629, 2.56209624, 1.10131171,\n        2.84972195],\n       [1.7033681 , 0.87281145, 3.36059573, 2.56209616, 1.10130186,\n        2.84971449],\n       [1.7033717 , 0.87281483, 3.36059249, 2.56209749, 1.10130939,\n        2.84972111],\n       [1.70337436, 0.87281622, 3.36059723, 2.56209966, 1.10130816,\n        2.84972049],\n       [1.70336885, 0.87281039, 3.36059201, 2.5620963 , 1.10130979,\n        2.84971713],\n       [1.70336892, 0.87281948, 3.36059538, 2.5621008 , 1.10131929,\n        2.84972813],\n       [1.70337087, 0.87281152, 3.36059703, 2.56209839, 1.10131323,\n        2.84972711]]), array([0.17113223, 0.17113223, 0.17113223, 0.17113223, 0.17113223,\n       0.17113223, 0.17113223]))", "callback": [0.7422466433652635, 0.5579618761581322, 0.433434377864341, 0.36029038009603453, 0.3419412606170792, 0.3158409312921677, 0.23361933372152033, 0.21295874921729896, 0.20750498056095878, 0.20725775888601472, 0.20453093017112445, 0.20257228151782536, 0.200842350749036, 0.19892076815738502, 0.19849304350116503, 0.19840696703501426, 0.19829656033111642, 0.1980530531368081, 0.19753963476558378, 0.19584865278103714, 0.19449644216549544, 0.19196941243228505, 0.1869622331005052, 0.18256188538404527, 0.18063143670620063, 0.1786076394145184, 0.17468311472259357, 0.1722739701684396, 0.17155695979176067, 0.17130081370525407, 0.17117939429428497, 0.17113643025658187, 0.17113643025658187, 0.17113307651066056, 0.1711325439626108, 0.17113237136541015, 0.1711323015531141, 0.17113227931034736, 0.1711322578592137, 0.17113223989573345, 0.1711322339734167, 0.17113222968972674, 0.17113222846464238, 0.17113222844365306, 0.17113222833805308, 0.1711322283168326, 0.17113222828281482, 0.1711322282765524]}, "9": {"maxiter": 1000, "fatol": 1e-05, "xatol": 1e-10, "duration": 0.2573690414428711, "fun": "0.17113222826958485", "nit": "619", "nfev": "1020", "status": "0", "success": "True", "message": "Optimization terminated successfully.", "x": "[1.70337003 0.87281684 3.36059658 2.56209399 1.10131241 2.84972177]", "final_simplex": "(array([[1.70337003, 0.87281684, 3.36059658, 2.56209399, 1.10131241,\n        2.84972177],\n       [1.70337003, 0.87281684, 3.36059658, 2.56209399, 1.10131241,\n        2.84972177],\n       [1.70337003, 0.87281684, 3.36059658, 2.56209399, 1.10131241,\n        2.84972177],\n       [1.70337003, 0.87281684, 3.36059658, 2.56209399, 1.10131241,\n        2.84972177],\n       [1.70337003, 0.87281684, 3.36059658, 2.56209399, 1.10131241,\n        2.84972177],\n       [1.70337003, 0.87281684, 3.36059658, 2.56209399, 1.10131241,\n        2.84972177],\n       [1.70337003, 0.87281684, 3.36059658, 2.56209399, 1.10131241,\n        2.84972177]]), array([0.17113223, 0.17113223, 0.17113223, 0.17113223, 0.17113223,\n       0.17113223, 0.17113223]))", "callback": [0.7422466433652635, 0.5579618761581322, 0.433434377864341, 0.36029038009603453, 0.3419412606170792, 0.3158409312921677, 0.23361933372152033, 0.21295874921729896, 0.20750498056095878, 0.20725775888601472, 0.20453093017112445, 0.20257228151782536, 0.200842350749036, 0.19892076815738502, 0.19849304350116503, 0.19840696703501426, 0.19829656033111642, 0.1980530531368081, 0.19753963476558378, 0.19584865278103714, 0.19449644216549544, 0.19196941243228505, 0.1869622331005052, 0.18256188538404527, 0.18063143670620063, 0.1786076394145184, 0.17468311472259357, 0.1722739701684396, 0.17155695979176067, 0.17130081370525407, 0.17117939429428497, 0.17113643025658187, 0.17113643025658187, 0.17113307651066056, 0.1711325439626108, 0.17113237136541015, 0.1711323015531141, 0.17113227931034736, 0.1711322578592137, 0.17113223989573345, 0.1711322339734167, 0.17113222968972674, 0.17113222846464238, 0.17113222844365306, 0.17113222833805308, 0.1711322283168326, 0.17113222828281482, 0.1711322282765524, 0.1711322282712444, 0.1711322282712444, 0.17113222827006402, 0.17113222826965968, 0.17113222826962216, 0.1711322282696056, 0.1711322282695994, 0.17113222826959407, 0.17113222826958907, 0.17113222826958652, 0.1711322282695854, 0.17113222826958496, 0.17113222826958485, 0.17113222826958485]}, "10": {"maxiter": 1000, "fatol": 1e-10, "xatol": 1e-05, "duration": 0.20790719985961914, "fun": "0.1711322282712444", "nit": "476", "nfev": "741", "status": "0", "success": "True", "message": "Optimization terminated successfully.", "x": "[1.70336829 0.87281624 3.36059629 2.56209624 1.10131171 2.84972195]", "final_simplex": "(array([[1.70336829, 0.87281624, 3.36059629, 2.56209624, 1.10131171,\n        2.84972195],\n       [1.7033681 , 0.87281145, 3.36059573, 2.56209616, 1.10130186,\n        2.84971449],\n       [1.7033717 , 0.87281483, 3.36059249, 2.56209749, 1.10130939,\n        2.84972111],\n       [1.70337436, 0.87281622, 3.36059723, 2.56209966, 1.10130816,\n        2.84972049],\n       [1.70336885, 0.87281039, 3.36059201, 2.5620963 , 1.10130979,\n        2.84971713],\n       [1.70336892, 0.87281948, 3.36059538, 2.5621008 , 1.10131929,\n        2.84972813],\n       [1.70337087, 0.87281152, 3.36059703, 2.56209839, 1.10131323,\n        2.84972711]]), array([0.17113223, 0.17113223, 0.17113223, 0.17113223, 0.17113223,\n       0.17113223, 0.17113223]))", "callback": [0.7422466433652635, 0.5579618761581322, 0.433434377864341, 0.36029038009603453, 0.3419412606170792, 0.3158409312921677, 0.23361933372152033, 0.21295874921729896, 0.20750498056095878, 0.20725775888601472, 0.20453093017112445, 0.20257228151782536, 0.200842350749036, 0.19892076815738502, 0.19849304350116503, 0.19840696703501426, 0.19829656033111642, 0.1980530531368081, 0.19753963476558378, 0.19584865278103714, 0.19449644216549544, 0.19196941243228505, 0.1869622331005052, 0.18256188538404527, 0.18063143670620063, 0.1786076394145184, 0.17468311472259357, 0.1722739701684396, 0.17155695979176067, 0.17130081370525407, 0.17117939429428497, 0.17113643025658187, 0.17113643025658187, 0.17113307651066056, 0.1711325439626108, 0.17113237136541015, 0.1711323015531141, 0.17113227931034736, 0.1711322578592137, 0.17113223989573345, 0.1711322339734167, 0.17113222968972674, 0.17113222846464238, 0.17113222844365306, 0.17113222833805308, 0.1711322283168326, 0.17113222828281482, 0.1711322282765524]}, "11": {"maxiter": 1000, "fatol": 1e-10, "xatol": 1e-10, "duration": 0.23990297317504883, "fun": "0.17113222826958485", "nit": "619", "nfev": "1020", "status": "0", "success": "True", "message": "Optimization terminated successfully.", "x": "[1.70337003 0.87281684 3.36059658 2.56209399 1.10131241 2.84972177]", "final_simplex": "(array([[1.70337003, 0.87281684, 3.36059658, 2.56209399, 1.10131241,\n        2.84972177],\n       [1.70337003, 0.87281684, 3.36059658, 2.56209399, 1.10131241,\n        2.84972177],\n       [1.70337003, 0.87281684, 3.36059658, 2.56209399, 1.10131241,\n        2.84972177],\n       [1.70337003, 0.87281684, 3.36059658, 2.56209399, 1.10131241,\n        2.84972177],\n       [1.70337003, 0.87281684, 3.36059658, 2.56209399, 1.10131241,\n        2.84972177],\n       [1.70337003, 0.87281684, 3.36059658, 2.56209399, 1.10131241,\n        2.84972177],\n       [1.70337003, 0.87281684, 3.36059658, 2.56209399, 1.10131241,\n        2.84972177]]), array([0.17113223, 0.17113223, 0.17113223, 0.17113223, 0.17113223,\n       0.17113223, 0.17113223]))", "callback": [0.7422466433652635, 0.5579618761581322, 0.433434377864341, 0.36029038009603453, 0.3419412606170792, 0.3158409312921677, 0.23361933372152033, 0.21295874921729896, 0.20750498056095878, 0.20725775888601472, 0.20453093017112445, 0.20257228151782536, 0.200842350749036, 0.19892076815738502, 0.19849304350116503, 0.19840696703501426, 0.19829656033111642, 0.1980530531368081, 0.19753963476558378, 0.19584865278103714, 0.19449644216549544, 0.19196941243228505, 0.1869622331005052, 0.18256188538404527, 0.18063143670620063, 0.1786076394145184, 0.17468311472259357, 0.1722739701684396, 0.17155695979176067, 0.17130081370525407, 0.17117939429428497, 0.17113643025658187, 0.17113643025658187, 0.17113307651066056, 0.1711325439626108, 0.17113237136541015, 0.1711323015531141, 0.17113227931034736, 0.1711322578592137, 0.17113223989573345, 0.1711322339734167, 0.17113222968972674, 0.17113222846464238, 0.17113222844365306, 0.17113222833805308, 0.1711322283168326, 0.17113222828281482, 0.1711322282765524, 0.1711322282712444, 0.1711322282712444, 0.17113222827006402, 0.17113222826965968, 0.17113222826962216, 0.1711322282696056, 0.1711322282695994, 0.17113222826959407, 0.17113222826958907, 0.17113222826958652, 0.1711322282695854, 0.17113222826958496, 0.17113222826958485, 0.17113222826958485]}}, "bfgs": {"type": "gradient", "0": {"maxiter": 100, "gtol": 1e-05, "xrtol": 1e-05, "eps": 1e-05, "duration": 0.0485231876373291, "fun": "0.1711322283566763", "jac": "[-6.40043574e-07  2.54729571e-07 -7.10875803e-07 -3.55915297e-07\n  3.03090886e-08  5.08615372e-07]", "hess_inv": "[[ 4.28294704  0.49227901 -0.21962063  0.83134739  2.39995505  1.50220936]\n [ 0.49227901  4.09284311  0.53402027  0.33139527  3.25610363  3.38324321]\n [-0.21962063  0.53402027  3.1251355   0.27416821 -0.93549459  0.24664234]\n [ 0.83134739  0.33139527  0.27416821  3.09752833  0.79608478  0.82606261]\n [ 2.39995505  3.25610363 -0.93549459  0.79608478 16.12662996 11.77709387]\n [ 1.50220936  3.38324321  0.24664234  0.82606261 11.77709387 12.32144798]]", "nfev": "210", "njev": "30", "status": "0", "success": "True", "message": "Optimization terminated successfully.", "x": "[1.70335575 0.87280112 3.36058884 2.56208301 1.10127368 2.8496857 ]", "nit": "25", "callback": [0.6906162651565729, 0.4491594822436936, 0.41998893819020355, 0.2760418127707829, 0.24143237621655445, 0.2222398277444403, 0.2211346327152527, 0.2206427236916333, 0.2197612718306189, 0.21815523277797155, 0.2154406602651172, 0.21366025169349578, 0.2108561553598719, 0.2058744682972854, 0.19725335487556883, 0.18533638292051735, 0.1796577827587782, 0.1751333622152662, 0.1720795972517185, 0.17125928505752108, 0.1711386822754053, 0.1711323546850727, 0.17113224881974654, 0.17113223298174485, 0.1711322283566763]}, "1": {"maxiter": 100, "gtol": 1e-05, "xrtol": 1e-05, "eps": 1e-10, "duration": 0.04865622520446777, "fun": "0.1711322283205583", "jac": "[ 4.44089173e-06  4.44089173e-06 -2.22044587e-06 -3.33066880e-06\n  0.00000000e+00  1.11022293e-06]", "hess_inv": "[[ 4.15802578  0.38605515 -0.28847335  0.84211317  2.44598179  1.42370521]\n [ 0.38605515  4.07098536  0.4897258   0.27976325  3.14077607  3.2535975 ]\n [-0.28847335  0.4897258   3.18796159  0.18814816 -1.06012288  0.20628656]\n [ 0.84211317  0.27976325  0.18814816  2.98435785  0.66462054  0.67190665]\n [ 2.44598179  3.14077607 -1.06012288  0.66462054 16.29518774 11.94139519]\n [ 1.42370521  3.2535975   0.20628656  0.67190665 11.94139519 12.5368414 ]]", "nfev": "210", "njev": "30", "status": "0", "success": "True", "message": "Optimization terminated successfully.", "x": "[1.70337091 0.87282753 3.36059034 2.56208278 1.10131129 2.8497213 ]", "nit": "25", "callback": [0.6906127399490134, 0.44915202929223597, 0.41998636728008576, 0.2760403157358988, 0.24143176754433116, 0.22223934483456276, 0.22113384959572024, 0.22064216862174324, 0.21976072877746566, 0.21815437296629803, 0.21543931399372274, 0.2136603490261969, 0.21085986166293325, 0.20588505581369632, 0.19727414603621496, 0.18535377375757633, 0.17966252039941055, 0.17514771443963206, 0.17208452794863294, 0.1712587136379804, 0.17113847578307528, 0.17113235171251096, 0.17113224935336135, 0.17113223330537908, 0.1711322283205583]}, "2": {"maxiter": 100, "gtol": 1e-05, "xrtol": 1e-10, "eps": 1e-05, "duration": 0.04785895347595215, "fun": "0.1711322283566763", "jac": "[-6.40043574e-07  2.54729571e-07 -7.10875803e-07 -3.55915297e-07\n  3.03090886e-08  5.08615372e-07]", "hess_inv": "[[ 4.28294704  0.49227901 -0.21962063  0.83134739  2.39995505  1.50220936]\n [ 0.49227901  4.09284311  0.53402027  0.33139527  3.25610363  3.38324321]\n [-0.21962063  0.53402027  3.1251355   0.27416821 -0.93549459  0.24664234]\n [ 0.83134739  0.33139527  0.27416821  3.09752833  0.79608478  0.82606261]\n [ 2.39995505  3.25610363 -0.93549459  0.79608478 16.12662996 11.77709387]\n [ 1.50220936  3.38324321  0.24664234  0.82606261 11.77709387 12.32144798]]", "nfev": "210", "njev": "30", "status": "0", "success": "True", "message": "Optimization terminated successfully.", "x": "[1.70335575 0.87280112 3.36058884 2.56208301 1.10127368 2.8496857 ]", "nit": "25", "callback": [0.6906162651565729, 0.4491594822436936, 0.41998893819020355, 0.2760418127707829, 0.24143237621655445, 0.2222398277444403, 0.2211346327152527, 0.2206427236916333, 0.2197612718306189, 0.21815523277797155, 0.2154406602651172, 0.21366025169349578, 0.2108561553598719, 0.2058744682972854, 0.19725335487556883, 0.18533638292051735, 0.1796577827587782, 0.1751333622152662, 0.1720795972517185, 0.17125928505752108, 0.1711386822754053, 0.1711323546850727, 0.17113224881974654, 0.17113223298174485, 0.1711322283566763]}, "3": {"maxiter": 100, "gtol": 1e-05, "xrtol": 1e-10, "eps": 1e-10, "duration": 0.048520803451538086, "fun": "0.1711322283205583", "jac": "[ 4.44089173e-06  4.44089173e-06 -2.22044587e-06 -3.33066880e-06\n  0.00000000e+00  1.11022293e-06]", "hess_inv": "[[ 4.15802578  0.38605515 -0.28847335  0.84211317  2.44598179  1.42370521]\n [ 0.38605515  4.07098536  0.4897258   0.27976325  3.14077607  3.2535975 ]\n [-0.28847335  0.4897258   3.18796159  0.18814816 -1.06012288  0.20628656]\n [ 0.84211317  0.27976325  0.18814816  2.98435785  0.66462054  0.67190665]\n [ 2.44598179  3.14077607 -1.06012288  0.66462054 16.29518774 11.94139519]\n [ 1.42370521  3.2535975   0.20628656  0.67190665 11.94139519 12.5368414 ]]", "nfev": "210", "njev": "30", "status": "0", "success": "True", "message": "Optimization terminated successfully.", "x": "[1.70337091 0.87282753 3.36059034 2.56208278 1.10131129 2.8497213 ]", "nit": "25", "callback": [0.6906127399490134, 0.44915202929223597, 0.41998636728008576, 0.2760403157358988, 0.24143176754433116, 0.22223934483456276, 0.22113384959572024, 0.22064216862174324, 0.21976072877746566, 0.21815437296629803, 0.21543931399372274, 0.2136603490261969, 0.21085986166293325, 0.20588505581369632, 0.19727414603621496, 0.18535377375757633, 0.17966252039941055, 0.17514771443963206, 0.17208452794863294, 0.1712587136379804, 0.17113847578307528, 0.17113235171251096, 0.17113224935336135, 0.17113223330537908, 0.1711322283205583]}, "4": {"maxiter": 100, "gtol": 1e-10, "xrtol": 1e-05, "eps": 1e-05, "duration": 0.10780096054077148, "fun": "0.1711322283566763", "jac": "[-6.40043574e-07  2.54729571e-07 -7.10875803e-07 -3.55915297e-07\n  3.03090886e-08  5.08615372e-07]", "hess_inv": "[[ 4.28684147  0.49703995 -0.21636775  0.85672226  2.38467636  1.47086648]\n [ 0.49703995  4.07578536  0.53978086  0.30410739  3.2445788   3.39379541]\n [-0.21636775  0.53978086  3.12771341  0.29990968 -0.94881416  0.21665207]\n [ 0.85672226  0.30410739  0.29990968  3.114253    0.71476524  0.74639325]\n [ 2.38467636  3.2445788  -0.94881416  0.71476524 16.18433496 11.88477884]\n [ 1.47086648  3.39379541  0.21665207  0.74639325 11.88477884 12.46931277]]", "nfev": "479", "njev": "67", "status": "2", "success": "False", "message": "Desired error not necessarily achieved due to precision loss.", "x": "[1.70335575 0.87280112 3.36058884 2.56208301 1.10127368 2.8496857 ]", "nit": "25", "callback": [0.6906162651565729, 0.4491594822436936, 0.41998893819020355, 0.2760418127707829, 0.24143237621655445, 0.2222398277444403, 0.2211346327152527, 0.2206427236916333, 0.2197612718306189, 0.21815523277797155, 0.2154406602651172, 0.21366025169349578, 0.2108561553598719, 0.2058744682972854, 0.19725335487556883, 0.18533638292051735, 0.1796577827587782, 0.1751333622152662, 0.1720795972517185, 0.17125928505752108, 0.1711386822754053, 0.1711323546850727, 0.17113224881974654, 0.17113223298174485, 0.1711322283566763]}, "5": {"maxiter": 100, "gtol": 1e-10, "xrtol": 1e-05, "eps": 1e-10, "duration": 0.05162811279296875, "fun": "0.17113222830211872", "jac": "[-3.33066880e-06  1.11022293e-06 -3.33066880e-06 -3.33066880e-06\n -1.11022293e-06 -2.22044587e-06]", "hess_inv": "[[ 4.0994153   0.27489786 -0.2707439   0.60861738  2.54214361  1.7021989 ]\n [ 0.27489786  3.89781363  0.52491268  0.03421876  3.15529634  3.4833073 ]\n [-0.2707439   0.52491268  3.18266333  0.26696752 -1.09617761  0.10965663]\n [ 0.60861738  0.03421876  0.26696752  3.08816447  0.16796996  0.21709508]\n [ 2.54214361  3.15529634 -1.09617761  0.16796996 16.88590392 12.8153723 ]\n [ 1.7021989   3.4833073   0.10965663  0.21709508 12.8153723  13.58004608]]", "nfev": "224", "njev": "32", "status": "0", "success": "True", "message": "Optimization terminated successfully.", "x": "[1.70336562 0.87282191 3.36059212 2.56208485 1.10130029 2.84971142]", "nit": "26", "callback": [0.6906127399490134, 0.44915202929223597, 0.41998636728008576, 0.2760403157358988, 0.24143176754433116, 0.22223934483456276, 0.22113384959572024, 0.22064216862174324, 0.21976072877746566, 0.21815437296629803, 0.21543931399372274, 0.2136603490261969, 0.21085986166293325, 0.20588505581369632, 0.19727414603621496, 0.18535377375757633, 0.17966252039941055, 0.17514771443963206, 0.17208452794863294, 0.1712587136379804, 0.17113847578307528, 0.17113235171251096, 0.17113224935336135, 0.17113223330537908, 0.1711322283205583, 0.17113222830211872]}, "6": {"maxiter": 100, "gtol": 1e-10, "xrtol": 1e-10, "eps": 1e-05, "duration": 0.10898470878601074, "fun": "0.1711322283566763", "jac": "[-6.40043574e-07  2.54729571e-07 -7.10875803e-07 -3.55915297e-07\n  3.03090886e-08  5.08615372e-07]", "hess_inv": "[[ 4.28684147  0.49703995 -0.21636775  0.85672226  2.38467636  1.47086648]\n [ 0.49703995  4.07578536  0.53978086  0.30410739  3.2445788   3.39379541]\n [-0.21636775  0.53978086  3.12771341  0.29990968 -0.94881416  0.21665207]\n [ 0.85672226  0.30410739  0.29990968  3.114253    0.71476524  0.74639325]\n [ 2.38467636  3.2445788  -0.94881416  0.71476524 16.18433496 11.88477884]\n [ 1.47086648  3.39379541  0.21665207  0.74639325 11.88477884 12.46931277]]", "nfev": "479", "njev": "67", "status": "2", "success": "False", "message": "Desired error not necessarily achieved due to precision loss.", "x": "[1.70335575 0.87280112 3.36058884 2.56208301 1.10127368 2.8496857 ]", "nit": "25", "callback": [0.6906162651565729, 0.4491594822436936, 0.41998893819020355, 0.2760418127707829, 0.24143237621655445, 0.2222398277444403, 0.2211346327152527, 0.2206427236916333, 0.2197612718306189, 0.21815523277797155, 0.2154406602651172, 0.21366025169349578, 0.2108561553598719, 0.2058744682972854, 0.19725335487556883, 0.18533638292051735, 0.1796577827587782, 0.1751333622152662, 0.1720795972517185, 0.17125928505752108, 0.1711386822754053, 0.1711323546850727, 0.17113224881974654, 0.17113223298174485, 0.1711322283566763]}, "7": {"maxiter": 100, "gtol": 1e-10, "xrtol": 1e-10, "eps": 1e-10, "duration": 0.10074496269226074, "fun": "0.17113222827913288", "jac": "[ 1.11022293e-06 -1.11022293e-06  1.11022293e-06  1.11022293e-06\n -1.11022293e-06 -1.11022293e-06]", "hess_inv": "[[ 0.57901873 -1.57234287 -0.371472    0.06356531  1.58702931  0.8795321 ]\n [-1.57234287  4.9718287   1.04439612 -0.20429976 -4.94915436 -2.82182483]\n [-0.371472    1.04439612  0.29986433 -0.07960137 -1.05228868 -0.61461355]\n [ 0.06356531 -0.20429976 -0.07960137  0.04215891  0.20382137  0.1287033 ]\n [ 1.58702931 -4.94915436 -1.05228868  0.20382137  4.94482797  2.80617365]\n [ 0.8795321  -2.82182483 -0.61461355  0.1287033   2.80617365  1.62813637]]", "nfev": "444", "njev": "62", "status": "2", "success": "False", "message": "Desired error not necessarily achieved due to precision loss.", "x": "[1.70336976 0.8728109  3.36059659 2.56209123 1.10129766 2.84970823]", "nit": "36", "callback": [0.6906127399490134, 0.44915202929223597, 0.41998636728008576, 0.2760403157358988, 0.24143176754433116, 0.22223934483456276, 0.22113384959572024, 0.22064216862174324, 0.21976072877746566, 0.21815437296629803, 0.21543931399372274, 0.2136603490261969, 0.21085986166293325, 0.20588505581369632, 0.19727414603621496, 0.18535377375757633, 0.17966252039941055, 0.17514771443963206, 0.17208452794863294, 0.1712587136379804, 0.17113847578307528, 0.17113235171251096, 0.17113224935336135, 0.17113223330537908, 0.1711322283205583, 0.17113222830211872, 0.17113222828113006, 0.1711322282802339, 0.1711322282800365, 0.17113222827993657, 0.17113222827985886, 0.17113222827980779, 0.1711322282795238, 0.17113222827928865, 0.17113222827922137, 0.17113222827913288]}, "8": {"maxiter": 500, "gtol": 1e-05, "xrtol": 1e-05, "eps": 1e-05, "duration": 0.05082297325134277, "fun": "0.1711322283566763", "jac": "[-6.40043574e-07  2.54729571e-07 -7.10875803e-07 -3.55915297e-07\n  3.03090886e-08  5.08615372e-07]", "hess_inv": "[[ 4.28294704  0.49227901 -0.21962063  0.83134739  2.39995505  1.50220936]\n [ 0.49227901  4.09284311  0.53402027  0.33139527  3.25610363  3.38324321]\n [-0.21962063  0.53402027  3.1251355   0.27416821 -0.93549459  0.24664234]\n [ 0.83134739  0.33139527  0.27416821  3.09752833  0.79608478  0.82606261]\n [ 2.39995505  3.25610363 -0.93549459  0.79608478 16.12662996 11.77709387]\n [ 1.50220936  3.38324321  0.24664234  0.82606261 11.77709387 12.32144798]]", "nfev": "210", "njev": "30", "status": "0", "success": "True", "message": "Optimization terminated successfully.", "x": "[1.70335575 0.87280112 3.36058884 2.56208301 1.10127368 2.8496857 ]", "nit": "25", "callback": [0.6906162651565729, 0.4491594822436936, 0.41998893819020355, 0.2760418127707829, 0.24143237621655445, 0.2222398277444403, 0.2211346327152527, 0.2206427236916333, 0.2197612718306189, 0.21815523277797155, 0.2154406602651172, 0.21366025169349578, 0.2108561553598719, 0.2058744682972854, 0.19725335487556883, 0.18533638292051735, 0.1796577827587782, 0.1751333622152662, 0.1720795972517185, 0.17125928505752108, 0.1711386822754053, 0.1711323546850727, 0.17113224881974654, 0.17113223298174485, 0.1711322283566763]}, "9": {"maxiter": 500, "gtol": 1e-05, "xrtol": 1e-05, "eps": 1e-10, "duration": 0.05142712593078613, "fun": "0.1711322283205583", "jac": "[ 4.44089173e-06  4.44089173e-06 -2.22044587e-06 -3.33066880e-06\n  0.00000000e+00  1.11022293e-06]", "hess_inv": "[[ 4.15802578  0.38605515 -0.28847335  0.84211317  2.44598179  1.42370521]\n [ 0.38605515  4.07098536  0.4897258   0.27976325  3.14077607  3.2535975 ]\n [-0.28847335  0.4897258   3.18796159  0.18814816 -1.06012288  0.20628656]\n [ 0.84211317  0.27976325  0.18814816  2.98435785  0.66462054  0.67190665]\n [ 2.44598179  3.14077607 -1.06012288  0.66462054 16.29518774 11.94139519]\n [ 1.42370521  3.2535975   0.20628656  0.67190665 11.94139519 12.5368414 ]]", "nfev": "210", "njev": "30", "status": "0", "success": "True", "message": "Optimization terminated successfully.", "x": "[1.70337091 0.87282753 3.36059034 2.56208278 1.10131129 2.8497213 ]", "nit": "25", "callback": [0.6906127399490134, 0.44915202929223597, 0.41998636728008576, 0.2760403157358988, 0.24143176754433116, 0.22223934483456276, 0.22113384959572024, 0.22064216862174324, 0.21976072877746566, 0.21815437296629803, 0.21543931399372274, 0.2136603490261969, 0.21085986166293325, 0.20588505581369632, 0.19727414603621496, 0.18535377375757633, 0.17966252039941055, 0.17514771443963206, 0.17208452794863294, 0.1712587136379804, 0.17113847578307528, 0.17113235171251096, 0.17113224935336135, 0.17113223330537908, 0.1711322283205583]}, "10": {"maxiter": 500, "gtol": 1e-05, "xrtol": 1e-10, "eps": 1e-05, "duration": 0.052620887756347656, "fun": "0.1711322283566763", "jac": "[-6.40043574e-07  2.54729571e-07 -7.10875803e-07 -3.55915297e-07\n  3.03090886e-08  5.08615372e-07]", "hess_inv": "[[ 4.28294704  0.49