{"date": "2024/09/25/, 03:09:33", "conf_id": 120, "data_type": "orthogonal\n", "num_data_points": 3, "s_rank": 0, "unitary": "[[-0.45070455-0.02711853j,0.78437395-0.06613086j,0.06358678+0.19963393j,-0.07343613+0.35668523j],[-0.01890143-0.03813363j,0.32408202+0.25557629j,0.05872864-0.68979805j,0.55466693-0.20227297j],[-0.11215405+0.64023111j,-0.13344055+0.29565494j,-0.49012687-0.19046288j,-0.04241254+0.44046348j],[0.55771659+0.24656916j,0.31851997-0.05798805j,0.28761525-0.34294258j,-0.56718418+0.03616933j]]", "databatch_0": {"databatch": "[[[-0.10203271-0.30416389j,0.26695855+0.02718466j,-0.08989618+0.15193351j,0.08421628+0.22183176j],[-0.10805068+0.05152521j,-0.00198511-0.10010489j,0.06033294+0.02643598j,0.07836056-0.04120875j],[-0.44446181+0.08204192j,0.09081616-0.36696316j,0.19410123+0.15549241j,0.3260957-0.0735064j],[-0.19210114+0.1838887j,-0.073845-0.20980991j,0.14567959+0.01378989j,0.13664251-0.1414645j]],[[0.01792504-0.2721438j,0.2011781+0.10754112j,-0.11973657+0.09047531j,-0.00536405+0.20164263j],[0.17199205+0.4714896j,-0.41858778-0.03160198j,0.13437276-0.24127151j,-0.14076548-0.34346457j],[0.14585234-0.16420093j,0.07479849+0.16777852j,-0.12084046-0.00162289j,-0.10303339+0.12557489j],[0.1122331+0.07178333j,-0.0934135+0.06075326j,-0.01050819-0.07255233j,-0.08502337-0.04979925j]],[[-0.26516976-0.05467371j,0.13313615-0.18318679j,0.0726681+0.13005831j,0.19755308+0.03272457j],[-0.30309589+0.09419241j,0.03279019-0.26344006j,0.14828547+0.0922731j,0.22126958-0.0783911j],[-0.09247294-0.07231628j,0.0870028-0.04551302j,0.0031752+0.06451852j,0.07043538+0.05076551j],[0.23857578-0.38406821j,0.21034051+0.31427865j,-0.24573366+0.03890308j,-0.16519025+0.2907501j]]]", "initial param values": "[3.18530616,4.57110012,4.37468894,2.42919704,0.77281309,3.94863735]", "nelder_mead": {"type": "gradient-free", "0": {"maxiter": 100, "fatol": 1e-05, "xatol": 1e-05, "duration": 0.037184953689575195, "fun": "0.41639872465409444", "nit": "100", "nfev": "155", "status": "2", "success": "False", "message": "Maximum number of iterations has been exceeded.", "x": "[3.97019219 6.21150413 4.7544693  4.76484495 0.45590758 1.3947507 ]", "final_simplex": "(array([[3.97019219, 6.21150413, 4.7544693 , 4.76484495, 0.45590758,\n        1.3947507 ],\n       [3.93553607, 6.23157701, 4.65931051, 4.69401855, 0.47594497,\n        1.56313715],\n       [3.95919115, 6.11404091, 4.73433241, 4.65298442, 0.49218544,\n        1.55494427],\n       [3.95178173, 6.3472696 , 4.84269894, 4.77251881, 0.45964048,\n        1.57402774],\n       [3.93156486, 6.17584612, 4.7063337 , 4.52872651, 0.46083337,\n        1.59450909],\n       [3.95921598, 6.36763548, 4.78938263, 4.68960282, 0.52845642,\n        1.55178116],\n       [4.00452271, 6.36408479, 4.83616182, 4.74993867, 0.4546273 ,\n        1.57811209]]), array([0.41639872, 0.41738254, 0.41868187, 0.42270091, 0.42367141,\n       0.42388367, 0.4245323 ]))", "callback": [0.9226279438823243, 0.8750421411043086, 0.8504834355633235, 0.6677700772397379, 0.6010358145919625, 0.4805269842266382, 0.43664682534936883, 0.4349288876755304, 0.4310465048395191, 0.4273905350362771]}, "1": {"maxiter": 100, "fatol": 1e-05, "xatol": 1e-10, "duration": 0.03623199462890625, "fun": "0.41639872465409444", "nit": "100", "nfev": "155", "status": "2", "success": "False", "message": "Maximum number of iterations has been exceeded.", "x": "[3.97019219 6.21150413 4.7544693  4.76484495 0.45590758 1.3947507 ]", "final_simplex": "(array([[3.97019219, 6.21150413, 4.7544693 , 4.76484495, 0.45590758,\n        1.3947507 ],\n       [3.93553607, 6.23157701, 4.65931051, 4.69401855, 0.47594497,\n        1.56313715],\n       [3.95919115, 6.11404091, 4.73433241, 4.65298442, 0.49218544,\n        1.55494427],\n       [3.95178173, 6.3472696 , 4.84269894, 4.77251881, 0.45964048,\n        1.57402774],\n       [3.93156486, 6.17584612, 4.7063337 , 4.52872651, 0.46083337,\n        1.59450909],\n       [3.95921598, 6.36763548, 4.78938263, 4.68960282, 0.52845642,\n        1.55178116],\n       [4.00452271, 6.36408479, 4.83616182, 4.74993867, 0.4546273 ,\n        1.57811209]]), array([0.41639872, 0.41738254, 0.41868187, 0.42270091, 0.42367141,\n       0.42388367, 0.4245323 ]))", "callback": [0.9226279438823243, 0.8750421411043086, 0.8504834355633235, 0.6677700772397379, 0.6010358145919625, 0.4805269842266382, 0.43664682534936883, 0.4349288876755304, 0.4310465048395191, 0.4273905350362771]}, "2": {"maxiter": 100, "fatol": 1e-10, "xatol": 1e-05, "duration": 0.03587007522583008, "fun": "0.41639872465409444", "nit": "100", "nfev": "155", "status": "2", "success": "False", "message": "Maximum number of iterations has been exceeded.", "x": "[3.97019219 6.21150413 4.7544693  4.76484495 0.45590758 1.3947507 ]", "final_simplex": "(array([[3.97019219, 6.21150413, 4.7544693 , 4.76484495, 0.45590758,\n        1.3947507 ],\n       [3.93553607, 6.23157701, 4.65931051, 4.69401855, 0.47594497,\n        1.56313715],\n       [3.95919115, 6.11404091, 4.73433241, 4.65298442, 0.49218544,\n        1.55494427],\n       [3.95178173, 6.3472696 , 4.84269894, 4.77251881, 0.45964048,\n        1.57402774],\n       [3.93156486, 6.17584612, 4.7063337 , 4.52872651, 0.46083337,\n        1.59450909],\n       [3.95921598, 6.36763548, 4.78938263, 4.68960282, 0.52845642,\n        1.55178116],\n       [4.00452271, 6.36408479, 4.83616182, 4.74993867, 0.4546273 ,\n        1.57811209]]), array([0.41639872, 0.41738254, 0.41868187, 0.42270091, 0.42367141,\n       0.42388367, 0.4245323 ]))", "callback": [0.9226279438823243, 0.8750421411043086, 0.8504834355633235, 0.6677700772397379, 0.6010358145919625, 0.4805269842266382, 0.43664682534936883, 0.4349288876755304, 0.4310465048395191, 0.4273905350362771]}, "3": {"maxiter": 100, "fatol": 1e-10, "xatol": 1e-10, "duration": 0.035552024841308594, "fun": "0.41639872465409444", "nit": "100", "nfev": "155", "status": "2", "success": "False", "message": "Maximum number of iterations has been exceeded.", "x": "[3.97019219 6.21150413 4.7544693  4.76484495 0.45590758 1.3947507 ]", "final_simplex": "(array([[3.97019219, 6.21150413, 4.7544693 , 4.76484495, 0.45590758,\n        1.3947507 ],\n       [3.93553607, 6.23157701, 4.65931051, 4.69401855, 0.47594497,\n        1.56313715],\n       [3.95919115, 6.11404091, 4.73433241, 4.65298442, 0.49218544,\n        1.55494427],\n       [3.95178173, 6.3472696 , 4.84269894, 4.77251881, 0.45964048,\n        1.57402774],\n       [3.93156486, 6.17584612, 4.7063337 , 4.52872651, 0.46083337,\n        1.59450909],\n       [3.95921598, 6.36763548, 4.78938263, 4.68960282, 0.52845642,\n        1.55178116],\n       [4.00452271, 6.36408479, 4.83616182, 4.74993867, 0.4546273 ,\n        1.57811209]]), array([0.41639872, 0.41738254, 0.41868187, 0.42270091, 0.42367141,\n       0.42388367, 0.4245323 ]))", "callback": [0.9226279438823243, 0.8750421411043086, 0.8504834355633235, 0.6677700772397379, 0.6010358145919625, 0.4805269842266382, 0.43664682534936883, 0.4349288876755304, 0.4310465048395191, 0.4273905350362771]}, "4": {"maxiter": 500, "fatol": 1e-05, "xatol": 1e-05, "duration": 0.1287989616394043, "fun": "0.3788429564044914", "nit": "353", "nfev": "556", "status": "0", "success": "True", "message": "Optimization terminated successfully.", "x": "[4.14818081 5.00783041 3.7699631  4.66517251 0.36966438 1.23693328]", "final_simplex": "(array([[4.14818081, 5.00783041, 3.7699631 , 4.66517251, 0.36966438,\n        1.23693328],\n       [4.14817561, 5.00783611, 3.76996485, 4.66517935, 0.36965626,\n        1.23692748],\n       [4.14818211, 5.00782987, 3.7699622 , 4.66517613, 0.36965505,\n        1.23692894],\n       [4.14818245, 5.00783684, 3.7699616 , 4.66517465, 0.36965729,\n        1.23693088],\n       [4.14818187, 5.00782352, 3.76995337, 4.66517535, 0.36966136,\n        1.23692348],\n       [4.14818457, 5.00783744, 3.76996908, 4.66517556, 0.36965793,\n        1.23692548],\n       [4.14817718, 5.00783055, 3.76995999, 4.6651712 , 0.36965748,\n        1.23692821]]), array([0.37884296, 0.37884296, 0.37884296, 0.37884296, 0.37884296,\n       0.37884296, 0.37884296]))", "callback": [0.9226279438823243, 0.8750421411043086, 0.8504834355633235, 0.6677700772397379, 0.6010358145919625, 0.4805269842266382, 0.43664682534936883, 0.4349288876755304, 0.4310465048395191, 0.4273905350362771, 0.4098474424009614, 0.3970338476057993, 0.3899851610000695, 0.38511300920002733, 0.3807666421653887, 0.37929078928486804, 0.3789590774707886, 0.378868460645457, 0.3788490077778539, 0.37884384156150175, 0.37884316302908794, 0.3788429997629198, 0.3788429678518326, 0.3788429609285128, 0.3788429576568253, 0.3788429569396229, 0.37884295668376, 0.37884295665943823, 0.3788429566298598, 0.37884295660577294, 0.3788429565297614, 0.37884295651721134, 0.37884295646204147, 0.3788429564451635, 0.378842956419292, 0.3788429564044914]}, "5": {"maxiter": 500, "fatol": 1e-05, "xatol": 1e-10, "duration": 0.18269705772399902, "fun": "0.3788429563980461", "nit": "466", "nfev": "801", "status": "0", "success": "True", "message": "Optimization terminated successfully.", "x": "[4.14818087 5.00783166 3.76996348 4.66517857 0.3696674  1.23693546]", "final_simplex": "(array([[4.14818087, 5.00783166, 3.76996348, 4.66517857, 0.3696674 ,\n        1.23693546],\n       [4.14818087, 5.00783166, 3.76996348, 4.66517857, 0.3696674 ,\n        1.23693546],\n       [4.14818087, 5.00783166, 3.76996348, 4.66517857, 0.3696674 ,\n        1.23693546],\n       [4.14818087, 5.00783166, 3.76996348, 4.66517857, 0.3696674 ,\n        1.23693546],\n       [4.14818087, 5.00783166, 3.76996348, 4.66517857, 0.3696674 ,\n        1.23693546],\n       [4.14818087, 5.00783166, 3.76996348, 4.66517857, 0.3696674 ,\n        1.23693546],\n       [4.14818087, 5.00783166, 3.76996348, 4.66517857, 0.3696674 ,\n        1.23693546]]), array([0.37884296, 0.37884296, 0.37884296, 0.37884296, 0.37884296,\n       0.37884296, 0.37884296]))", "callback": [0.9226279438823243, 0.8750421411043086, 0.8504834355633235, 0.6677700772397379, 0.6010358145919625, 0.4805269842266382, 0.43664682534936883, 0.4349288876755304, 0.4310465048395191, 0.4273905350362771, 0.4098474424009614, 0.3970338476057993, 0.3899851610000695, 0.38511300920002733, 0.3807666421653887, 0.37929078928486804, 0.3789590774707886, 0.378868460645457, 0.3788490077778539, 0.37884384156150175, 0.37884316302908794, 0.3788429997629198, 0.3788429678518326, 0.3788429609285128, 0.3788429576568253, 0.3788429569396229, 0.37884295668376, 0.37884295665943823, 0.3788429566298598, 0.37884295660577294, 0.3788429565297614, 0.37884295651721134, 0.37884295646204147, 0.3788429564451635, 0.378842956419292, 0.3788429564044914, 0.37884295640052823, 0.37884295639873844, 0.3788429563981742, 0.37884295639808585, 0.3788429563980571, 0.378842956398047, 0.378842956398047, 0.37884295639804644, 0.3788429563980463, 0.3788429563980462, 0.3788429563980462]}, "6": {"maxiter": 500, "fatol": 1e-10, "xatol": 1e-05, "duration": 0.13256192207336426, "fun": "0.3788429564044914", "nit": "353", "nfev": "556", "status": "0", "success": "True", "message": "Optimization terminated successfully.", "x": "[4.14818081 5.00783041 3.7699631  4.66517251 0.36966438 1.23693328]", "final_simplex": "(array([[4.14818081, 5.00783041, 3.7699631 , 4.66517251, 0.36966438,\n        1.23693328],\n       [4.14817561, 5.00783611, 3.76996485, 4.66517935, 0.36965626,\n        1.23692748],\n       [4.14818211, 5.00782987, 3.7699622 , 4.66517613, 0.36965505,\n        1.23692894],\n       [4.14818245, 5.00783684, 3.7699616 , 4.66517465, 0.36965729,\n        1.23693088],\n       [4.14818187, 5.00782352, 3.76995337, 4.66517535, 0.36966136,\n        1.23692348],\n       [4.14818457, 5.00783744, 3.76996908, 4.66517556, 0.36965793,\n        1.23692548],\n       [4.14817718, 5.00783055, 3.76995999, 4.6651712 , 0.36965748,\n        1.23692821]]), array([0.37884296, 0.37884296, 0.37884296, 0.37884296, 0.37884296,\n       0.37884296, 0.37884296]))", "callback": [0.9226279438823243, 0.8750421411043086, 0.8504834355633235, 0.6677700772397379, 0.6010358145919625, 0.4805269842266382, 0.43664682534936883, 0.4349288876755304, 0.4310465048395191, 0.4273905350362771, 0.4098474424009614, 0.3970338476057993, 0.3899851610000695, 0.38511300920002733, 0.3807666421653887, 0.37929078928486804, 0.3789590774707886, 0.378868460645457, 0.3788490077778539, 0.37884384156150175, 0.37884316302908794, 0.3788429997629198, 0.3788429678518326, 0.3788429609285128, 0.3788429576568253, 0.3788429569396229, 0.37884295668376, 0.37884295665943823, 0.3788429566298598, 0.37884295660577294, 0.3788429565297614, 0.37884295651721134, 0.37884295646204147, 0.3788429564451635, 0.378842956419292, 0.3788429564044914]}, "7": {"maxiter": 500, "fatol": 1e-10, "xatol": 1e-10, "duration": 0.19521164894104004, "fun": "0.3788429563980461", "nit": "466", "nfev": "801", "status": "0", "success": "True", "message": "Optimization terminated successfully.", "x": "[4.14818087 5.00783166 3.76996348 4.66517857 0.3696674  1.23693546]", "final_simplex": "(array([[4.14818087, 5.00783166, 3.76996348, 4.66517857, 0.3696674 ,\n        1.23693546],\n       [4.14818087, 5.00783166, 3.76996348, 4.66517857, 0.3696674 ,\n        1.23693546],\n       [4.14818087, 5.00783166, 3.76996348, 4.66517857, 0.3696674 ,\n        1.23693546],\n       [4.14818087, 5.00783166, 3.76996348, 4.66517857, 0.3696674 ,\n        1.23693546],\n       [4.14818087, 5.00783166, 3.76996348, 4.66517857, 0.3696674 ,\n        1.23693546],\n       [4.14818087, 5.00783166, 3.76996348, 4.66517857, 0.3696674 ,\n        1.23693546],\n       [4.14818087, 5.00783166, 3.76996348, 4.66517857, 0.3696674 ,\n        1.23693546]]), array([0.37884296, 0.37884296, 0.37884296, 0.37884296, 0.37884296,\n       0.37884296, 0.37884296]))", "callback": [0.9226279438823243, 0.8750421411043086, 0.8504834355633235, 0.6677700772397379, 0.6010358145919625, 0.4805269842266382, 0.43664682534936883, 0.4349288876755304, 0.4310465048395191, 0.4273905350362771, 0.4098474424009614, 0.3970338476057993, 0.3899851610000695, 0.38511300920002733, 0.3807666421653887, 0.37929078928486804, 0.3789590774707886, 0.378868460645457, 0.3788490077778539, 0.37884384156150175, 0.37884316302908794, 0.3788429997629198, 0.3788429678518326, 0.3788429609285128, 0.3788429576568253, 0.3788429569396229, 0.37884295668376, 0.37884295665943823, 0.3788429566298598, 0.37884295660577294, 0.3788429565297614, 0.37884295651721134, 0.37884295646204147, 0.3788429564451635, 0.378842956419292, 0.3788429564044914, 0.37884295640052823, 0.37884295639873844, 0.3788429563981742, 0.37884295639808585, 0.3788429563980571, 0.378842956398047, 0.378842956398047, 0.37884295639804644, 0.3788429563980463, 0.3788429563980462, 0.3788429563980462]}, "8": {"maxiter": 1000, "fatol": 1e-05, "xatol": 1e-05, "duration": 0.12734580039978027, "fun": "0.3788429564044914", "nit": "353", "nfev": "556", "status": "0", "success": "True", "message": "Optimization terminated successfully.", "x": "[4.14818081 5.00783041 3.7699631  4.66517251 0.36966438 1.23693328]", "final_simplex": "(array([[4.14818081, 5.00783041, 3.7699631 , 4.66517251, 0.36966438,\n        1.23693328],\n       [4.14817561, 5.00783611, 3.76996485, 4.66517935, 0.36965626,\n        1.23692748],\n       [4.14818211, 5.00782987, 3.7699622 , 4.66517613, 0.36965505,\n        1.23692894],\n       [4.14818245, 5.00783684, 3.7699616 , 4.66517465, 0.36965729,\n        1.23693088],\n       [4.14818187, 5.00782352, 3.76995337, 4.66517535, 0.36966136,\n        1.23692348],\n       [4.14818457, 5.00783744, 3.76996908, 4.66517556, 0.36965793,\n        1.23692548],\n       [4.14817718, 5.00783055, 3.76995999, 4.6651712 , 0.36965748,\n        1.23692821]]), array([0.37884296, 0.37884296, 0.37884296, 0.37884296, 0.37884296,\n       0.37884296, 0.37884296]))", "callback": [0.9226279438823243, 0.8750421411043086, 0.8504834355633235, 0.6677700772397379, 0.6010358145919625, 0.4805269842266382, 0.43664682534936883, 0.4349288876755304, 0.4310465048395191, 0.4273905350362771, 0.4098474424009614, 0.3970338476057993, 0.3899851610000695, 0.38511300920002733, 0.3807666421653887, 0.37929078928486804, 0.3789590774707886, 0.378868460645457, 0.3788490077778539, 0.37884384156150175, 0.37884316302908794, 0.3788429997629198, 0.3788429678518326, 0.3788429609285128, 0.3788429576568253, 0.3788429569396229, 0.37884295668376, 0.37884295665943823, 0.3788429566298598, 0.37884295660577294, 0.3788429565297614, 0.37884295651721134, 0.37884295646204147, 0.3788429564451635, 0.378842956419292, 0.3788429564044914]}, "9": {"maxiter": 1000, "fatol": 1e-05, "xatol": 1e-10, "duration": 0.191162109375, "fun": "0.3788429563980461", "nit": "466", "nfev": "801", "status": "0", "success": "True", "message": "Optimization terminated successfully.", "x": "[4.14818087 5.00783166 3.76996348 4.66517857 0.3696674  1.23693546]", "final_simplex": "(array([[4.14818087, 5.00783166, 3.76996348, 4.66517857, 0.3696674 ,\n        1.23693546],\n       [4.14818087, 5.00783166, 3.76996348, 4.66517857, 0.3696674 ,\n        1.23693546],\n       [4.14818087, 5.00783166, 3.76996348, 4.66517857, 0.3696674 ,\n        1.23693546],\n       [4.14818087, 5.00783166, 3.76996348, 4.66517857, 0.3696674 ,\n        1.23693546],\n       [4.14818087, 5.00783166, 3.76996348, 4.66517857, 0.3696674 ,\n        1.23693546],\n       [4.14818087, 5.00783166, 3.76996348, 4.66517857, 0.3696674 ,\n        1.23693546],\n       [4.14818087, 5.00783166, 3.76996348, 4.66517857, 0.3696674 ,\n        1.23693546]]), array([0.37884296, 0.37884296, 0.37884296, 0.37884296, 0.37884296,\n       0.37884296, 0.37884296]))", "callback": [0.9226279438823243, 0.8750421411043086, 0.8504834355633235, 0.6677700772397379, 0.6010358145919625, 0.4805269842266382, 0.43664682534936883, 0.4349288876755304, 0.4310465048395191, 0.4273905350362771, 0.4098474424009614, 0.3970338476057993, 0.3899851610000695, 0.38511300920002733, 0.3807666421653887, 0.37929078928486804, 0.3789590774707886, 0.378868460645457, 0.3788490077778539, 0.37884384156150175, 0.37884316302908794, 0.3788429997629198, 0.3788429678518326, 0.3788429609285128, 0.3788429576568253, 0.3788429569396229, 0.37884295668376, 0.37884295665943823, 0.3788429566298598, 0.37884295660577294, 0.3788429565297614, 0.37884295651721134, 0.37884295646204147, 0.3788429564451635, 0.378842956419292, 0.3788429564044914, 0.37884295640052823, 0.37884295639873844, 0.3788429563981742, 0.37884295639808585, 0.3788429563980571, 0.378842956398047, 0.378842956398047, 0.37884295639804644, 0.3788429563980463, 0.3788429563980462, 0.3788429563980462]}, "10": {"maxiter": 1000, "fatol": 1e-10, "xatol": 1e-05, "duration": 0.12963390350341797, "fun": "0.3788429564044914", "nit": "353", "nfev": "556", "status": "0", "success": "True", "message": "Optimization terminated successfully.", "x": "[4.14818081 5.00783041 3.7699631  4.66517251 0.36966438 1.23693328]", "final_simplex": "(array([[4.14818081, 5.00783041, 3.7699631 , 4.66517251, 0.36966438,\n        1.23693328],\n       [4.14817561, 5.00783611, 3.76996485, 4.66517935, 0.36965626,\n        1.23692748],\n       [4.14818211, 5.00782987, 3.7699622 , 4.66517613, 0.36965505,\n        1.23692894],\n       [4.14818245, 5.00783684, 3.7699616 , 4.66517465, 0.36965729,\n        1.23693088],\n       [4.14818187, 5.00782352, 3.76995337, 4.66517535, 0.36966136,\n        1.23692348],\n       [4.14818457, 5.00783744, 3.76996908, 4.66517556, 0.36965793,\n        1.23692548],\n       [4.14817718, 5.00783055, 3.76995999, 4.6651712 , 0.36965748,\n        1.23692821]]), array([0.37884296, 0.37884296, 0.37884296, 0.37884296, 0.37884296,\n       0.37884296, 0.37884296]))", "callback": [0.9226279438823243, 0.8750421411043086, 0.8504834355633235, 0.6677700772397379, 0.6010358145919625, 0.4805269842266382, 0.43664682534936883, 0.4349288876755304, 0.4310465048395191, 0.4273905350362771, 0.4098474424009614, 0.3970338476057993, 0.3899851610000695, 0.38511300920002733, 0.3807666421653887, 0.37929078928486804, 0.3789590774707886, 0.378868460645457, 0.3788490077778539, 0.37884384156150175, 0.37884316302908794, 0.3788429997629198, 0.3788429678518326, 0.3788429609285128, 0.3788429576568253, 0.3788429569396229, 0.37884295668376, 0.37884295665943823, 0.3788429566298598, 0.37884295660577294, 0.3788429565297614, 0.37884295651721134, 0.37884295646204147, 0.3788429564451635, 0.378842956419292, 0.3788429564044914]}, "11": {"maxiter": 1000, "fatol": 1e-10, "xatol": 1e-10, "duration": 0.18649601936340332, "fun": "0.3788429563980461", "nit": "466", "nfev": "801", "status": "0", "success": "True", "message": "Optimization terminated successfully.", "x": "[4.14818087 5.00783166 3.76996348 4.66517857 0.3696674  1.23693546]", "final_simplex": "(array([[4.14818087, 5.00783166, 3.76996348, 4.66517857, 0.3696674 ,\n        1.23693546],\n       [4.14818087, 5.00783166, 3.76996348, 4.66517857, 0.3696674 ,\n        1.23693546],\n       [4.14818087, 5.00783166, 3.76996348, 4.66517857, 0.3696674 ,\n        1.23693546],\n       [4.14818087, 5.00783166, 3.76996348, 4.66517857, 0.3696674 ,\n        1.23693546],\n       [4.14818087, 5.00783166, 3.76996348, 4.66517857, 0.3696674 ,\n        1.23693546],\n       [4.14818087, 5.00783166, 3.76996348, 4.66517857, 0.3696674 ,\n        1.23693546],\n       [4.14818087, 5.00783166, 3.76996348, 4.66517857, 0.3696674 ,\n        1.23693546]]), array([0.37884296, 0.37884296, 0.37884296, 0.37884296, 0.37884296,\n       0.37884296, 0.37884296]))", "callback": [0.9226279438823243, 0.8750421411043086, 0.8504834355633235, 0.6677700772397379, 0.6010358145919625, 0.4805269842266382, 0.43664682534936883, 0.4349288876755304, 0.4310465048395191, 0.4273905350362771, 0.4098474424009614, 0.3970338476057993, 0.3899851610000695, 0.38511300920002733, 0.3807666421653887, 0.37929078928486804, 0.3789590774707886, 0.378868460645457, 0.3788490077778539, 0.37884384156150175, 0.37884316302908794, 0.3788429997629198, 0.3788429678518326, 0.3788429609285128, 0.3788429576568253, 0.3788429569396229, 0.37884295668376, 0.37884295665943823, 0.3788429566298598, 0.37884295660577294, 0.3788429565297614, 0.37884295651721134, 0.37884295646204147, 0.3788429564451635, 0.378842956419292, 0.3788429564044914, 0.37884295640052823, 0.37884295639873844, 0.3788429563981742, 0.37884295639808585, 0.3788429563980571, 0.378842956398047, 0.378842956398047, 0.37884295639804644, 0.3788429563980463, 0.3788429563980462, 0.3788429563980462]}}, "bfgs": {"type": "gradient", "0": {"maxiter": 100, "gtol": 1e-05, "xrtol": 1e-05, "eps": 1e-05, "duration": 0.05226016044616699, "fun": "0.37884295665201306", "jac": "[ 2.07985851e-06 -1.02203801e-06  1.05461195e-06  2.98665537e-06\n  7.67963471e-07 -6.94491131e-06]", "hess_inv": "[[ 6.95577701 -4.3850301  -3.3456441   2.87317697  0.90639044  1.17788204]\n [-4.3850301  10.67794588  6.63346557 -2.02301222 -1.61014427  0.22765269]\n [-3.3456441   6.63346557  7.97632645 -2.58454783 -1.47563444 -0.39089149]\n [ 2.87317697 -2.02301222 -2.58454783  6.31866318  1.377679    1.84516859]\n [ 0.90639044 -1.61014427 -1.47563444  1.377679    4.12156243  1.56610476]\n [ 1.17788204  0.22765269 -0.39089149  1.84516859  1.56610476  5.071725  ]]", "nfev": "217", "njev": "31", "status": "0", "success": "True", "message": "Optimization terminated successfully.", "x": "[4.148197   5.00778838 3.76993573 1.61801499 3.51125106 4.37848196]", "nit": "23", "callback": [0.8509312747984314, 0.8413319980925, 0.6912395699893124, 0.6768925226935633, 0.5849062119941395, 0.4991443540849624, 0.4671382946269137, 0.4155763285463405, 0.38782300873203013, 0.3857560323698471, 0.3832062177415685, 0.38128817266490334, 0.3798346440697137, 0.37966204431521866, 0.3793674114037032, 0.3789857166115199, 0.3788886191987374, 0.37885524288832284, 0.3788477645159488, 0.37884423994221594, 0.37884312438891365, 0.3788429652097617, 0.37884295665201306]}, "1": {"maxiter": 100, "gtol": 1e-05, "xrtol": 1e-05, "eps": 1e-10, "duration": 0.05067014694213867, "fun": "0.37884295657949185", "jac": "[ 3.33066880e-06 -1.11022293e-06  2.22044587e-06  2.22044587e-06\n  2.22044587e-06 -6.66133760e-06]", "hess_inv": "[[ 6.68605491 -4.30765781 -3.28899787  2.91436184  0.93340487  0.9774726 ]\n [-4.30765781 10.76596375  6.70997184 -2.14315712 -1.74071445  0.29772856]\n [-3.28899787  6.70997184  8.11359257 -2.63871248 -1.55949649 -0.22275347]\n [ 2.91436184 -2.14315712 -2.63871248  6.28485321  1.33944201  1.79753938]\n [ 0.93340487 -1.74071445 -1.55949649  1.33944201  4.1154285   1.49516956]\n [ 0.9774726   0.29772856 -0.22275347  1.79753938  1.49516956  4.9793351 ]]", "nfev": "217", "njev": "31", "status": "0", "success": "True", "message": "Optimization terminated successfully.", "x": "[4.148209   5.00779763 3.76994545 1.61803035 3.51126687 4.37850173]", "nit": "23", "callback": [0.8509318350146182, 0.8413322477591894, 0.6912068799327307, 0.6768600394541465, 0.5849879275321683, 0.4991547693512576, 0.4671820161045198, 0.4156678145533793, 0.38793393616645544, 0.3859233461306687, 0.3833428332665215, 0.3813868363528642, 0.37987612648514946, 0.37967060048010415, 0.37935584406767286, 0.37904076583326274, 0.378901737953078, 0.37885578623950333, 0.3788484294625808, 0.37884447787561915, 0.37884314580860423, 0.37884296488075797, 0.37884295657949185]}, "2": {"maxiter": 100, "gtol": 1e-05, "xrtol": 1e-10, "eps": 1e-05, "duration": 0.05160784721374512, "fun": "0.37884295665201306", "jac": "[ 2.07985851e-06 -1.02203801e-06  1.05461195e-06  2.98665537e-06\n  7.67963471e-07 -6.94491131e-06]", "hess_inv": "[[ 6.95577701 -4.3850301  -3.3456441   2.87317697  0.90639044  1.17788204]\n [-4.3850301  10.67794588  6.63346557 -2.02301222 -1.61014427  0.22765269]\n [-3.3456441   6.63346557  7.97632645 -2.58454783 -1.47563444 -0.39089149]\n [ 2.87317697 -2.02301222 -2.58454783  6.31866318  1.377679    1.84516859]\n [ 0.90639044 -1.61014427 -1.47563444  1.377679    4.12156243  1.56610476]\n [ 1.17788204  0.22765269 -0.39089149  1.84516859  1.56610476  5.071725  ]]", "nfev": "217", "njev": "31", "status": "0", "success": "True", "message": "Optimization terminated successfully.", "x": "[4.148197   5.00778838 3.76993573 1.61801499 3.51125106 4.37848196]", "nit": "23", "callback": [0.8509312747984314, 0.8413319980925, 0.6912395699893124, 0.6768925226935633, 0.5849062119941395, 0.4991443540849624, 0.4671382946269137, 0.4155763285463405, 0.38782300873203013, 0.3857560323698471, 0.3832062177415685, 0.38128817266490334, 0.3798346440697137, 0.37966204431521866, 0.3793674114037032, 0.3789857166115199, 0.3788886191987374, 0.37885524288832284, 0.3788477645159488, 0.37884423994221594, 0.37884312438891365, 0.3788429652097617, 0.37884295665201306]}, "3": {"maxiter": 100, "gtol": 1e-05, "xrtol": 1e-10, "eps": 1e-10, "duration": 0.051682233810424805, "fun": "0.37884295657949185", "jac": "[ 3.33066880e-06 -1.11022293e-06  2.22044587e-06  2.22044587e-06\n  2.22044587e-06 -6.66133760e-06]", "hess_inv": "[[ 6.68605491 -4.30765781 -3.28899787  2.91436184  0.93340487  0.9774726 ]\n [-4.30765781 10.76596375  6.70997184 -2.14315712 -1.74071445  0.29772856]\n [-3.28899787  6.70997184  8.11359257 -2.63871248 -1.55949649 -0.22275347]\n [ 2.91436184 -2.14315712 -2.63871248  6.28485321  1.33944201  1.79753938]\n [ 0.93340487 -1.74071445 -1.55949649  1.33944201  4.1154285   1.49516956]\n [ 0.9774726   0.29772856 -0.22275347  1.79753938  1.49516956  4.9793351 ]]", "nfev": "217", "njev": "31", "status": "0", "success": "True", "message": "Optimization terminated successfully.", "x": "[4.148209   5.00779763 3.76994545 1.61803035 3.51126687 4.37850173]", "nit": "23", "callback": [0.8509318350146182, 0.8413322477591894, 0.6912068799327307, 0.6768600394541465, 0.5849879275321683, 0.4991547693512576, 0.4671820161045198, 0.4156678145533793, 0.38793393616645544, 0.3859233461306687, 0.3833428332665215, 0.3813868363528642, 0.37987612648514946, 0.37967060048010415, 0.37935584406767286, 0.37904076583326274, 0.378901737953078, 0.37885578623950333, 0.3788484294625808, 0.37884447787561915, 0.37884314580860423, 0.37884296488075797, 0.37884295657949185]}, "4": {"maxiter": 100, "gtol": 1e-10, "xrtol": 1e-05, "eps": 1e-05, "duration": 0.05159497261047363, "fun": "0.37884295644028565", "jac": "[-4.01834122e-07 -2.52509125e-07  1.01174624e-07  5.84798876e-07\n -1.95843342e-07 -4.90807395e-07]", "hess_inv": "[[ 7.19227458 -4.70828777 -3.50709149  3.07174206  0.87433911  0.76776594]\n [-4.70828777 11.08163164  6.86470927 -2.2138078  -1.60096169  0.67931571]\n [-3.50709149  6.86470927  8.08361304 -2.74242666 -1.44416419 -0.0807597 ]\n [ 3.07174206 -2.2138078  -2.74242666  6.31508236  1.42391808  1.73089654]\n [ 0.87433911 -1.60096169 -1.44416419  1.42391808  4.0944855   1.52286383]\n [ 0.76776594  0.67931571 -0.0807597   1.73089654  1.52286383  5.47211028]]", "nfev": "224", "njev": "32", "status": "0", "success": "True", "message": "Optimization terminated successfully.", "x": "[4.14817641 5.00781482 3.76995025 1.6180013  3.51125231 4.37851281]", "nit": "24", "callback": [0.8509312747984314, 0.8413319980925, 0.6912395699893124, 0.6768925226935633, 0.5849062119941395, 0.4991443540849624, 0.4671382946269137, 0.4155763285463405, 0.38782300873203013, 0.3857560323698471, 0.3832062177415685, 0.38128817266490334, 0.3798346440697137, 0.37966204431521866, 0.3793674114037032, 0.3789857166115199, 0.3788886191987374, 0.37885524288832284, 0.3788477645159488, 0.37884423994221594, 0.37884312438891365, 0.3788429652097617, 0.37884295665201306, 0.37884295644028565]}, "5": {"maxiter": 100, "gtol": 1e-10, "xrtol": 1e-05, "eps": 1e-10, "duration": 0.052832841873168945, "fun": "0.37884295640941645", "jac": "[-2.22044587e-06 -1.11022293e-06 -1.11022293e-06  1.11022293e-06\n -1.11022293e-06 -1.11022293e-06]", "hess_inv": "[[ 7.02800865 -4.65337093 -3.4332772   3.07269854  1.00077711  0.61944252]\n [-4.65337093 11.11546901  6.85516584 -2.30399907 -1.80843694  0.66012848]\n [-3.4332772   6.85516584  8.12196293 -2.76529565 -1.55739531 -0.03777933]\n [ 3.07269854 -2.30399907 -2.76529565  6.29011304  1.40539303  1.67036725]\n [ 1.00077711 -1.80843694 -1.55739531  1.40539303  4.11095314  1.40491301]\n [ 0.61944252  0.66012848 -0.03777933  1.67036725  1.40491301  5.33229443]]", "nfev": "224", "njev": "32", "status": "0", "success": "True", "message": "Optimization terminated successfully.", "x": "[4.14818313 5.00782378 3.76995581 1.61801774 3.5112621  4.37852918]", "nit": "24", "callback": [0.8509318350146182, 0.8413322477591894, 0.6912068799327307, 0.6768600394541465, 0.5849879275321683, 0.4991547693512576, 0.4671820161045198, 0.4156678145533793, 0.38793393616645544, 0.3859233461306687, 0.3833428332665215, 0.3813868363528642, 0.37987612648514946, 0.37967060048010415, 0.37935584406767286, 0.37904076583326274, 0.378901737953078, 0.37885578623950333, 0.3788484294625808, 0.37884447787561915, 0.37884314580860423, 0.37884296488075797, 0.37884295657949185, 0.37884295640941645]}, "6": {"maxiter": 100, "gtol": 1e-10, "xrtol": 1e-10, "eps": 1e-05, "duration": 0.05893588066101074, "fun": "0.3788429564314931", "jac": "[-2.22044605e-11 -2.22044605e-11 -4.44089210e-11 -5.55111512e-11\n  1.11022302e-11 -4.44089210e-11]", "hess_inv": "[[ 7.46654116 -4.47342029 -3.13742547  3.1246926   0.82276725  1.00067413]\n [-4.47342029 11.24464261  7.00472352 -2.36003111 -1.51281195  0.94141656]\n [-3.13742547  7.00472352  8.30384671 -2.78973434 -1.40704851  0.13992557]\n [ 3.1246926  -2.36003111 -2.78973434  6.45636637  1.35644404  1.55105131]\n [ 0.82276725 -1.51281195 -1.40704851  1.35644404  4.1164085   1.63442721]\n [ 1.00067413  0.94141656  0.13992557  1.55105131  1.63442721  5.78607655]]", "nfev": "252", "njev": "36", "status": "0", "success": "True", "message": "Optimization terminated successfully.", "x": "[4.14817746 5.00781673 3.76995135 1.61799943 3.51125326 4.37851574]", "nit": "28", "callback": [0.8509312747984314, 0.8413319980925, 0.6912395699893124, 0.6768925226935633, 0.5849062119941395, 0.4991443540849624, 0.4671382946269137, 0.4155763285463405, 0.38782300873203013, 0.3857560323698471, 0.3832062177415685, 0.38128817266490334, 0.3798346440697137, 0.37966204431521866, 0.3793674114037032, 0.3789857166115199, 0.3788886191987374, 0.37885524288832284, 0.3788477645159488, 0.37884423994221594, 0.37884312438891365, 0.3788429652097617, 0.37884295665201306, 0.37884295644028565, 0.3788429564323592, 0.37884295643155264, 0.37884295643149335, 0.3788429564314931]}, "7": {"maxiter": 100, "gtol": 1e-10, "xrtol": 1e-10, "eps": 1e-10, "duration": 0.08246397972106934, "fun": "0.37884295640117716", "jac": "[0.00000000e+00 0.00000000e+00 1.11022293e-06 0.00000000e+00\n 0.00000000e+00 0.00000000e+00]", "hess_inv": "[[ 0.3501609   0.29472174  0.20221021 -1.2763165  -0.23326325  0.10551174]\n [ 0.29472174  2.19561929  0.33508846 -2.08738917 -1.45209187 -0.14576307]\n [ 0.20221021  0.33508846  2.3112313  -3.63289179  0.24908847 -0.41732252]\n [-1.2763165  -2.08738917 -3.63289179  9.46215971  0.57542352  0.53595883]\n [-0.23326325 -1.45209187  0.24908847  0.57542352  1.32134977 -0.15241406]\n [ 0.10551174 -0.14576307 -0.41732252  0.53595883 -0.15241406  1.26950232]]", "nfev": "357", "njev": "51", "status": "0", "success": "True", "message": "Optimization terminated successfully.", "x": "[4.14818244 5.00783544 3.76996599 1.61800899 3.51126219 4.37853298]", "nit": "30", "callback": [0.8509318350146182, 0.8413322477591894, 0.6912068799327307, 0.6768600394541465, 0.5849879275321683, 0.4991547693512576, 0.4671820161045198, 0.4156678145533793, 0.38793393616645544, 0.3859233461306687, 0.3833428332665215, 0.3813868363528642, 0.37987612648514946, 0.37967060048010415, 0.37935584406767286, 0.37904076583326274, 0.378901737953078, 0.37885578623950333, 0.3788484294625808, 0.37884447787561915, 0.37884314580860423, 0.37884296488075797, 0.37884295657949185, 0.37884295640941645, 0.3788429564057647, 0.3788429564048421, 0.3788429564047803, 0.37884295640446064, 0.37884295640117716, 0.37884295640117716]}, "8": {"maxiter": 500, "gtol": 1e-05, "xrtol": 1e-05, "eps": 1e-05, "duration": 0.05050396919250488, "fun": "0.37884295665201306", "jac": "[ 2.07985851e-06 -1.02203801e-06  1.05461195e-06  2.98665537e-06\n  7.67963471e-07 -6.94491131e-06]", "hess_inv": "[[ 6.95577701 -4.3850301  -3.3456441   2.87317697  0.90639044  1.17788204]\n [-4.3850301  10.67794588  6.63346557 -2.02301222 -1.61014427  0.22765269]\n [-3.3456441   6.63346557  7.97632645 -2.58454783 -1.47563444 -0.39089149]\n [ 2.87317697 -2.02301222 -2.58454783  6.31866318  1.377679    1.84516859]\n [ 0.90639044 -1.61014427 -1.47563444  1.377679    4.12156243  1.56610476]\n [ 1.17788204  0.22765269 -0.39089149  1.84516859  1.56610476  5.071725  ]]", "nfev": "217", "njev": "31", "status": "0", "success": "True", "message": "Optimization terminated successfully.", "x": "[4.148197   5.00778838 3.76993573 1.61801499 3.51125106 4.37848196]", "nit": "23", "callback": [0.8509312747984314, 0.8413319980925, 0.6912395699893124, 0.6768925226935633, 0.5849062119941395, 0.4991443540849624, 0.4671382946269137, 0.4155763285463405, 0.38782300873203013, 0.3857560323698471, 0.3832062177415685, 0.38128817266490334, 0.3798346440697137, 0.37966204431521866, 0.3793674114037032, 0.3789857166115199, 0.3788886191987374, 0.37885524288832284, 0.3788477645159488, 0.37884423994221594, 0.37884312438891365, 0.3788429652097617, 0.37884295665201306]}, "9": {"maxiter": 500, "gtol": 1e-05, "xrtol": 1e-05, "eps": 1e-10, "duration": 0.04933810234069824, "fun": "0.37884295657949185", "jac": "[ 3.33066880e-06 -1.11022293e-06  2.22044587e-06  2.22044587e-06\n  2.22044587e-06 -6.66133760e-06]", "hess_inv": "[[ 6.68605491 -4.30765781 -3.28899787  2.91436184  0.93340487  0.9774726 ]\n [-4.30765781 10.76596375  6.70997184 -2.14315712 -1.74071445  0.29772856]\n [-3.28899787  6.70997184  8.11359257 -2.63871248 -1.55949649 -0.22275347]\n [ 2.91436184 -2.14315712 -2.63871248  6.28485321  1.33944201  1.79753938]\n [ 0.93340487 -1.74071445 -1.55949649  1.33944201  4.1154285   1.49516956]\n [ 0.9774726   0.29772856 -0.22275347  1.79753938  1.49516956  4.9793351 ]]", "nfev": "217", "njev": "31", "status": "0", "success": "True", "message": "Optimization terminated successfully.", "x": "[4.148209   5.00779763 3.76994545 1.61803035 3.51126687 4.37850173]", "nit": "23", "callback": [0.8509318350146182, 0.8413322477591894, 0.6912068799327307, 0.6768600394541465, 0.5849879275321683, 0.4991547693512576, 0.4671820161045198, 0.4156678145533793, 0.38793393616645544, 0.3859233461306687, 0.3833428332665215, 0.3813868363528642, 0.37987612648514946, 0.37967060048010415, 0.37935584406767286, 0.37904076583326274, 0.378901737953078, 0.37885578623950333, 0.3788484294625808, 0.37884447787561915, 0.37884314580860423, 0.37884296488075797, 0.37884295657949185]}, "10": {"maxiter": 500, "gtol": 1e-05, "xrtol": 1e-10, "eps": 1e-05, "duration": 0.04889702796936035, "fun": "0.37884295665201306", "jac": "[ 2.07985851e-06 -1.02203801e-06  1.05461195e-06  2.98665537e-06\n  7.67963471e-07 -6.94491131e-06]", "hess_inv": "[[ 6.95577701 -4.3850301  -3.3456441   2.87317697  0.90639044  1.17788204]\n [-4.3850301  10.67794588  6.63346557 -2.02301222 -1.61014427  0.22765269]\n [-3.3456441   6.63346557  7.97632645 -2.58454783 -1.47563444 -0.39089149]\n [ 2.87317697 -2.02301222 -2.58454783  6.31866318  1.377679    1.84516859]\n [ 0.90639044 -1.61014427 -1.47563444  1.377679    4.12156243  1.56610476]\n [ 1.17788204  0.22765269 -0.39089149  1.84516859  1.56610476  5.071725  ]]", "nfev": "217", "njev": "31", "status": "0", "success": "True", "message": "Optimization terminated successfully.", "x": "[4.148197   5.00778838 3.76993573 1.61801499 3.51125106 4.37848196]", "nit": "23", "callback": [0.8509312747984314, 0.8413319980925, 0.6912395699893124, 0.6768925226935633, 0.5849062119941395, 0.4991443540849624, 0.4671382946269137, 0.4155763285463405, 0.38782300873203013, 0.3857560323698471, 0.3832062177415685, 0.38128817266490334, 0.3798346440697137, 0.37966204431521866, 0.3793674114037032, 0.3789857166115199, 0.3788886191987374, 0.37885524288832284, 0.3788477645159488, 0.37884423994221594, 0.37884312438891365, 0.3788429652097617, 0.37884295665201306]}, "11": {"maxiter": 500, "gtol": 1e-05, "xrtol": 1e-10, "eps": 1e-10, "duration": 0.0484769344329834, "fun": "0.37884295657949185", "jac": "[ 3.33066880e-06 -1.11022293e-06  2.22044587e-06  2.22044587e-06\n  2.22044587e-06 -6.66133760e-06]", "hess_inv": "[[ 6.68605491 -4.30765781 -3.28899787  2.91436184  0.93340487  0.9774726 ]\n [-4.30765781 10.76596375  6.70997184 -2.14315712 -1.74071445  0.29772856]\n [-3.28899787  6.70997184  8.11359257 -2.63871248 -1.55949649 -0.22275347]\n [ 2.91436184 -2.14315712 -2.63871248  6.28485321  1.33944201  1.79753938]\n [ 0.93340487 -1.74071445 -1.55949649  1.33944201  4.1154285   1.49516956]\n [ 0.9774726   0.29772856 -0.22275347  1.79753938  1.49516956  4.9793351 ]]", "nfev": "217", "njev": "31", "status": "0", "success": "True", "message": "Optimization terminated successfully.", "x": "[4.148209   5.00779763 3.76994545 1.61803035 3.51126687 4.37850173]", "nit": "23", "callback": [0.8509318350146182, 0.8413322477591894, 0.6912068799327307, 0.6768600394541465, 0.5849879275321683, 0.4991547693512576, 0.4671820161045198, 0.4156678145533793, 0.38793393616645544, 0.3859233461306687, 0.3833428332665215, 0.3813868363528642, 0.37987612648514946, 0.37967060048010415, 0.37935584406767286, 0.37904076583326274, 0.378901737953078, 0.37885578623950333, 0.3788484294625808, 0.37884447787561915, 0.37884314580860423, 0.37884296488075797, 0.37884295657949185]}, "12": {"maxiter": 500, "gtol": 1e-10, "xrtol": 1e-05, "eps": 1e-05, "duration": 0.05031013488769531, "fun": "0.37884295644028565", "jac": "[-4.01834122e-07 -2.52509125e-07  1.01174624e-07  5.84798876e-07\n -1.95843342e-07 -4.90807395e-07]", "hess_inv": "[[ 7.19227458 -4.70828777 -3.50709149  3.07174206  0.87433911  0.76776594]\n [-4.70828777 11.08163164  6.86470927 -2.2138078  -1.60096169  0.67931571]\n [-3.50709149  6.86470927  8.08361304 -2.74242666 -1.44416419 -0.0807597 ]\n [ 3.07174206 -2.2138078  -2.74242666  6.31508236  1.42391808  1.73089654]\n [ 0.87433911 -1.6009