{"date": "2024/10/08/, 15:10:30", "conf_id": 7, "data_type": "random\n", "num_data_points": 1, "s_rank": 0, "unitary": "[[0.18663085-0.53122324j,-0.11886349-0.70040876j,0.28555095-0.02789305j,-0.12262021-0.2844587j],[-0.16702216+0.27758472j,0.27526351-0.29738586j,-0.01109314+0.22495461j,-0.77239203+0.28900673j],[0.61935415+0.12301792j,-0.31269928-0.03315917j,-0.61902762-0.19039079j,-0.27120731-0.0968989j],[0.42341754+0.0023929j,-0.05847358+0.47832119j,0.64900495-0.16218422j,-0.37182676-0.05229966j]]", "databatch_0": {"databatch": "[[[0.15886146+0.0610829j,0.07932448+0.02639176j,0.07338829+0.00374489j,-0.07714906-0.02806378j],[0.48686462+0.0135062j,0.14521341+0.04967288j,0.0622276+0.10469281j,-0.21623799-0.10218724j],[0.38315917-0.12754217j,0.16841432-0.08746805j,0.0978711-0.12289051j,-0.16188911+0.06284061j],[-0.20485272+0.24791507j,0.10587479+0.22720328j,0.39303651+0.18255967j,-0.0976712-0.03953698j]]]", "initial param values": "[5.9542408,1.72931043,0.01528926,0.46633835,4.61655014,2.30275255]", "nelder_mead": {"type": "gradient-free", "0": {"maxiter": 100, "fatol": 1e-05, "xatol": 1e-05, "duration": 0.059446096420288086, "fun": "0.3035585403354448", "nit": "100", "nfev": "154", "status": "2", "success": "False", "message": "Maximum number of iterations has been exceeded.", "x": "[2.77537651 2.6323603  0.01385851 0.50187738 2.44064345 2.03489159]", "final_simplex": "(array([[2.77537651, 2.6323603 , 0.01385851, 0.50187738, 2.44064345,\n        2.03489159],\n       [2.85614388, 2.44702105, 0.0145021 , 0.51316491, 2.40021755,\n        2.08430582],\n       [2.89432142, 2.67318501, 0.01389716, 0.50444019, 2.47590049,\n        1.98915272],\n       [2.68948527, 2.5885769 , 0.01432066, 0.50262563, 2.26393189,\n        2.22128463],\n       [2.92750766, 2.44501453, 0.01486981, 0.5280054 , 2.05416004,\n        2.41302624],\n       [2.98133586, 2.5141621 , 0.01438107, 0.51977293, 2.35897091,\n        2.26794267],\n       [2.95577618, 2.61271289, 0.01417335, 0.53052154, 2.10646662,\n        2.45604749]]), array([0.30355854, 0.30420962, 0.30755538, 0.30766879, 0.30899896,\n       0.30971468, 0.31012868]))", "callback": [0.8032282807419455, 0.7745115502480974, 0.6743951499807166, 0.4275550167502644, 0.4100341587322146, 0.389511213124179, 0.3538795674129922, 0.3307328818934778, 0.3256731957036335, 0.30971468059971186]}, "1": {"maxiter": 100, "fatol": 1e-05, "xatol": 1e-10, "duration": 0.046376943588256836, "fun": "0.3035585403354448", "nit": "100", "nfev": "154", "status": "2", "success": "False", "message": "Maximum number of iterations has been exceeded.", "x": "[2.77537651 2.6323603  0.01385851 0.50187738 2.44064345 2.03489159]", "final_simplex": "(array([[2.77537651, 2.6323603 , 0.01385851, 0.50187738, 2.44064345,\n        2.03489159],\n       [2.85614388, 2.44702105, 0.0145021 , 0.51316491, 2.40021755,\n        2.08430582],\n       [2.89432142, 2.67318501, 0.01389716, 0.50444019, 2.47590049,\n        1.98915272],\n       [2.68948527, 2.5885769 , 0.01432066, 0.50262563, 2.26393189,\n        2.22128463],\n       [2.92750766, 2.44501453, 0.01486981, 0.5280054 , 2.05416004,\n        2.41302624],\n       [2.98133586, 2.5141621 , 0.01438107, 0.51977293, 2.35897091,\n        2.26794267],\n       [2.95577618, 2.61271289, 0.01417335, 0.53052154, 2.10646662,\n        2.45604749]]), array([0.30355854, 0.30420962, 0.30755538, 0.30766879, 0.30899896,\n       0.30971468, 0.31012868]))", "callback": [0.8032282807419455, 0.7745115502480974, 0.6743951499807166, 0.4275550167502644, 0.4100341587322146, 0.389511213124179, 0.3538795674129922, 0.3307328818934778, 0.3256731957036335, 0.30971468059971186]}, "2": {"maxiter": 100, "fatol": 1e-10, "xatol": 1e-05, "duration": 0.048182010650634766, "fun": "0.3035585403354448", "nit": "100", "nfev": "154", "status": "2", "success": "False", "message": "Maximum number of iterations has been exceeded.", "x": "[2.77537651 2.6323603  0.01385851 0.50187738 2.44064345 2.03489159]", "final_simplex": "(array([[2.77537651, 2.6323603 , 0.01385851, 0.50187738, 2.44064345,\n        2.03489159],\n       [2.85614388, 2.44702105, 0.0145021 , 0.51316491, 2.40021755,\n        2.08430582],\n       [2.89432142, 2.67318501, 0.01389716, 0.50444019, 2.47590049,\n        1.98915272],\n       [2.68948527, 2.5885769 , 0.01432066, 0.50262563, 2.26393189,\n        2.22128463],\n       [2.92750766, 2.44501453, 0.01486981, 0.5280054 , 2.05416004,\n        2.41302624],\n       [2.98133586, 2.5141621 , 0.01438107, 0.51977293, 2.35897091,\n        2.26794267],\n       [2.95577618, 2.61271289, 0.01417335, 0.53052154, 2.10646662,\n        2.45604749]]), array([0.30355854, 0.30420962, 0.30755538, 0.30766879, 0.30899896,\n       0.30971468, 0.31012868]))", "callback": [0.8032282807419455, 0.7745115502480974, 0.6743951499807166, 0.4275550167502644, 0.4100341587322146, 0.389511213124179, 0.3538795674129922, 0.3307328818934778, 0.3256731957036335, 0.30971468059971186]}, "3": {"maxiter": 100, "fatol": 1e-10, "xatol": 1e-10, "duration": 0.046739816665649414, "fun": "0.3035585403354448", "nit": "100", "nfev": "154", "status": "2", "success": "False", "message": "Maximum number of iterations has been exceeded.", "x": "[2.77537651 2.6323603  0.01385851 0.50187738 2.44064345 2.03489159]", "final_simplex": "(array([[2.77537651, 2.6323603 , 0.01385851, 0.50187738, 2.44064345,\n        2.03489159],\n       [2.85614388, 2.44702105, 0.0145021 , 0.51316491, 2.40021755,\n        2.08430582],\n       [2.89432142, 2.67318501, 0.01389716, 0.50444019, 2.47590049,\n        1.98915272],\n       [2.68948527, 2.5885769 , 0.01432066, 0.50262563, 2.26393189,\n        2.22128463],\n       [2.92750766, 2.44501453, 0.01486981, 0.5280054 , 2.05416004,\n        2.41302624],\n       [2.98133586, 2.5141621 , 0.01438107, 0.51977293, 2.35897091,\n        2.26794267],\n       [2.95577618, 2.61271289, 0.01417335, 0.53052154, 2.10646662,\n        2.45604749]]), array([0.30355854, 0.30420962, 0.30755538, 0.30766879, 0.30899896,\n       0.30971468, 0.31012868]))", "callback": [0.8032282807419455, 0.7745115502480974, 0.6743951499807166, 0.4275550167502644, 0.4100341587322146, 0.389511213124179, 0.3538795674129922, 0.3307328818934778, 0.3256731957036335, 0.30971468059971186]}, "4": {"maxiter": 500, "fatol": 1e-05, "xatol": 1e-05, "duration": 0.22765803337097168, "fun": "0.2930516865780095", "nit": "500", "nfev": "783", "status": "2", "success": "False", "message": "Maximum number of iterations has been exceeded.", "x": "[2.43291465 2.40475929 0.02291768 0.32761443 3.30452369 1.01076223]", "final_simplex": "(array([[2.43291465, 2.40475929, 0.02291768, 0.32761443, 3.30452369,\n        1.01076223],\n       [2.43152256, 2.40351192, 0.02276283, 0.32592647, 3.30093954,\n        1.01529252],\n       [2.42999577, 2.39952133, 0.02240416, 0.32422915, 3.31206557,\n        1.00338103],\n       [2.43156291, 2.40536406, 0.02231641, 0.32886359, 3.30009931,\n        1.01507359],\n       [2.43732355, 2.3985196 , 0.02114384, 0.32550579, 3.28943065,\n        1.03022346],\n       [2.43357244, 2.40418207, 0.02222838, 0.32748127, 3.2964303 ,\n        1.01779424],\n       [2.43433249, 2.40394191, 0.02184593, 0.32698145, 3.29920216,\n        1.0180132 ]]), array([0.29305169, 0.29305478, 0.29305839, 0.29306075, 0.29306102,\n       0.29306265, 0.29306292]))", "callback": [0.8032282807419455, 0.7745115502480974, 0.6743951499807166, 0.4275550167502644, 0.4100341587322146, 0.389511213124179, 0.3538795674129922, 0.3307328818934778, 0.3256731957036335, 0.30971468059971186, 0.29929452593645367, 0.29588925621313, 0.2950044628624675, 0.29446122252661644, 0.2943517148596302, 0.2943215368931996, 0.29431306821090253, 0.29429581317827724, 0.2942796399250701, 0.2942567804858236, 0.29417922303005384, 0.2939329558217525, 0.29325913898021994, 0.29317424345719445, 0.29311288687154824, 0.2930939552722931, 0.2930860777793618, 0.29308438695044803, 0.2930841712550408, 0.29308411327728434, 0.29308410150008357, 0.29308409997008456, 0.29308409941922386, 0.2930840992888868, 0.2930840990885696, 0.2930840986006471, 0.2930840984052142, 0.2930840973305737, 0.29308409173560224, 0.29308408545809117, 0.2930840673963713, 0.2930840333832805, 0.2930839448599166, 0.29308380088744757, 0.29308350240637326, 0.29308244681012874, 0.2930793687871396, 0.29307781848024317, 0.29307205595273134, 0.29306102034727755]}, "5": {"maxiter": 500, "fatol": 1e-05, "xatol": 1e-10, "duration": 0.2530801296234131, "fun": "0.2930516865780095", "nit": "500", "nfev": "783", "status": "2", "success": "False", "message": "Maximum number of iterations has been exceeded.", "x": "[2.43291465 2.40475929 0.02291768 0.32761443 3.30452369 1.01076223]", "final_simplex": "(array([[2.43291465, 2.40475929, 0.02291768, 0.32761443, 3.30452369,\n        1.01076223],\n       [2.43152256, 2.40351192, 0.02276283, 0.32592647, 3.30093954,\n        1.01529252],\n       [2.42999577, 2.39952133, 0.02240416, 0.32422915, 3.31206557,\n        1.00338103],\n       [2.43156291, 2.40536406, 0.02231641, 0.32886359, 3.30009931,\n        1.01507359],\n       [2.43732355, 2.3985196 , 0.02114384, 0.32550579, 3.28943065,\n        1.03022346],\n       [2.43357244, 2.40418207, 0.02222838, 0.32748127, 3.2964303 ,\n        1.01779424],\n       [2.43433249, 2.40394191, 0.02184593, 0.32698145, 3.29920216,\n        1.0180132 ]]), array([0.29305169, 0.29305478, 0.29305839, 0.29306075, 0.29306102,\n       0.29306265, 0.29306292]))", "callback": [0.8032282807419455, 0.7745115502480974, 0.6743951499807166, 0.4275550167502644, 0.4100341587322146, 0.389511213124179, 0.3538795674129922, 0.3307328818934778, 0.3256731957036335, 0.30971468059971186, 0.29929452593645367, 0.29588925621313, 0.2950044628624675, 0.29446122252661644, 0.2943517148596302, 0.2943215368931996, 0.29431306821090253, 0.29429581317827724, 0.2942796399250701, 0.2942567804858236, 0.29417922303005384, 0.2939329558217525, 0.29325913898021994, 0.29317424345719445, 0.29311288687154824, 0.2930939552722931, 0.2930860777793618, 0.29308438695044803, 0.2930841712550408, 0.29308411327728434, 0.29308410150008357, 0.29308409997008456, 0.29308409941922386, 0.2930840992888868, 0.2930840990885696, 0.2930840986006471, 0.2930840984052142, 0.2930840973305737, 0.29308409173560224, 0.29308408545809117, 0.2930840673963713, 0.2930840333832805, 0.2930839448599166, 0.29308380088744757, 0.29308350240637326, 0.29308244681012874, 0.2930793687871396, 0.29307781848024317, 0.29307205595273134, 0.29306102034727755]}, "6": {"maxiter": 500, "fatol": 1e-10, "xatol": 1e-05, "duration": 0.2250080108642578, "fun": "0.2930516865780095", "nit": "500", "nfev": "783", "status": "2", "success": "False", "message": "Maximum number of iterations has been exceeded.", "x": "[2.43291465 2.40475929 0.02291768 0.32761443 3.30452369 1.01076223]", "final_simplex": "(array([[2.43291465, 2.40475929, 0.02291768, 0.32761443, 3.30452369,\n        1.01076223],\n       [2.43152256, 2.40351192, 0.02276283, 0.32592647, 3.30093954,\n        1.01529252],\n       [2.42999577, 2.39952133, 0.02240416, 0.32422915, 3.31206557,\n        1.00338103],\n       [2.43156291, 2.40536406, 0.02231641, 0.32886359, 3.30009931,\n        1.01507359],\n       [2.43732355, 2.3985196 , 0.02114384, 0.32550579, 3.28943065,\n        1.03022346],\n       [2.43357244, 2.40418207, 0.02222838, 0.32748127, 3.2964303 ,\n        1.01779424],\n       [2.43433249, 2.40394191, 0.02184593, 0.32698145, 3.29920216,\n        1.0180132 ]]), array([0.29305169, 0.29305478, 0.29305839, 0.29306075, 0.29306102,\n       0.29306265, 0.29306292]))", "callback": [0.8032282807419455, 0.7745115502480974, 0.6743951499807166, 0.4275550167502644, 0.4100341587322146, 0.389511213124179, 0.3538795674129922, 0.3307328818934778, 0.3256731957036335, 0.30971468059971186, 0.29929452593645367, 0.29588925621313, 0.2950044628624675, 0.29446122252661644, 0.2943517148596302, 0.2943215368931996, 0.29431306821090253, 0.29429581317827724, 0.2942796399250701, 0.2942567804858236, 0.29417922303005384, 0.2939329558217525, 0.29325913898021994, 0.29317424345719445, 0.29311288687154824, 0.2930939552722931, 0.2930860777793618, 0.29308438695044803, 0.2930841712550408, 0.29308411327728434, 0.29308410150008357, 0.29308409997008456, 0.29308409941922386, 0.2930840992888868, 0.2930840990885696, 0.2930840986006471, 0.2930840984052142, 0.2930840973305737, 0.29308409173560224, 0.29308408545809117, 0.2930840673963713, 0.2930840333832805, 0.2930839448599166, 0.29308380088744757, 0.29308350240637326, 0.29308244681012874, 0.2930793687871396, 0.29307781848024317, 0.29307205595273134, 0.29306102034727755]}, "7": {"maxiter": 500, "fatol": 1e-10, "xatol": 1e-10, "duration": 0.2890439033508301, "fun": "0.2930516865780095", "nit": "500", "nfev": "783", "status": "2", "success": "False", "message": "Maximum number of iterations has been exceeded.", "x": "[2.43291465 2.40475929 0.02291768 0.32761443 3.30452369 1.01076223]", "final_simplex": "(array([[2.43291465, 2.40475929, 0.02291768, 0.32761443, 3.30452369,\n        1.01076223],\n       [2.43152256, 2.40351192, 0.02276283, 0.32592647, 3.30093954,\n        1.01529252],\n       [2.42999577, 2.39952133, 0.02240416, 0.32422915, 3.31206557,\n        1.00338103],\n       [2.43156291, 2.40536406, 0.02231641, 0.32886359, 3.30009931,\n        1.01507359],\n       [2.43732355, 2.3985196 , 0.02114384, 0.32550579, 3.28943065,\n        1.03022346],\n       [2.43357244, 2.40418207, 0.02222838, 0.32748127, 3.2964303 ,\n        1.01779424],\n       [2.43433249, 2.40394191, 0.02184593, 0.32698145, 3.29920216,\n        1.0180132 ]]), array([0.29305169, 0.29305478, 0.29305839, 0.29306075, 0.29306102,\n       0.29306265, 0.29306292]))", "callback": [0.8032282807419455, 0.7745115502480974, 0.6743951499807166, 0.4275550167502644, 0.4100341587322146, 0.389511213124179, 0.3538795674129922, 0.3307328818934778, 0.3256731957036335, 0.30971468059971186, 0.29929452593645367, 0.29588925621313, 0.2950044628624675, 0.29446122252661644, 0.2943517148596302, 0.2943215368931996, 0.29431306821090253, 0.29429581317827724, 0.2942796399250701, 0.2942567804858236, 0.29417922303005384, 0.2939329558217525, 0.29325913898021994, 0.29317424345719445, 0.29311288687154824, 0.2930939552722931, 0.2930860777793618, 0.29308438695044803, 0.2930841712550408, 0.29308411327728434, 0.29308410150008357, 0.29308409997008456, 0.29308409941922386, 0.2930840992888868, 0.2930840990885696, 0.2930840986006471, 0.2930840984052142, 0.2930840973305737, 0.29308409173560224, 0.29308408545809117, 0.2930840673963713, 0.2930840333832805, 0.2930839448599166, 0.29308380088744757, 0.29308350240637326, 0.29308244681012874, 0.2930793687871396, 0.29307781848024317, 0.29307205595273134, 0.29306102034727755]}, "8": {"maxiter": 1000, "fatol": 1e-05, "xatol": 1e-05, "duration": 0.574439287185669, "fun": "0.10962974968870887", "nit": "1000", "nfev": "1549", "status": "2", "success": "False", "message": "Maximum number of iterations has been exceeded.", "x": "[0.99531206 1.50565549 2.71810945 2.83578642 5.92183054 1.39035694]", "final_simplex": "(array([[0.99531206, 1.50565549, 2.71810945, 2.83578642, 5.92183054,\n        1.39035694],\n       [0.99533601, 1.50508761, 2.71882129, 2.83568522, 5.92270196,\n        1.39091919],\n       [0.99570691, 1.50479218, 2.71859174, 2.83582709, 5.92432494,\n        1.39288703],\n       [0.99525576, 1.50583179, 2.71687921, 2.8355604 , 5.91766812,\n        1.38630918],\n       [0.99547635, 1.50507048, 2.71794479, 2.8360261 , 5.92154471,\n        1.38898128],\n       [0.9948468 , 1.5039949 , 2.71952336, 2.83666256, 5.92477231,\n        1.39351651],\n       [0.99608908, 1.50490846, 2.71836375, 2.83664726, 5.92288873,\n        1.39062064]]), array([0.10962975, 0.10962978, 0.10962981, 0.10962983, 0.10962985,\n       0.10962987, 0.10962987]))", "callback": [0.8032282807419455, 0.7745115502480974, 0.6743951499807166, 0.4275550167502644, 0.4100341587322146, 0.389511213124179, 0.3538795674129922, 0.3307328818934778, 0.3256731957036335, 0.30971468059971186, 0.29929452593645367, 0.29588925621313, 0.2950044628624675, 0.29446122252661644, 0.2943517148596302, 0.2943215368931996, 0.29431306821090253, 0.29429581317827724, 0.2942796399250701, 0.2942567804858236, 0.29417922303005384, 0.2939329558217525, 0.29325913898021994, 0.29317424345719445, 0.29311288687154824, 0.2930939552722931, 0.2930860777793618, 0.29308438695044803, 0.2930841712550408, 0.29308411327728434, 0.29308410150008357, 0.29308409997008456, 0.29308409941922386, 0.2930840992888868, 0.2930840990885696, 0.2930840986006471, 0.2930840984052142, 0.2930840973305737, 0.29308409173560224, 0.29308408545809117, 0.2930840673963713, 0.2930840333832805, 0.2930839448599166, 0.29308380088744757, 0.29308350240637326, 0.29308244681012874, 0.2930793687871396, 0.29307781848024317, 0.29307205595273134, 0.29306102034727755, 0.2930469899190147, 0.29298789104940226, 0.292820051851057, 0.29215238922571274, 0.2905753296781475, 0.28891864928672617, 0.2853688962600196, 0.27762119336728264, 0.27037642453412736, 0.26989226335836625, 0.26906759130096913, 0.2668229956186998, 0.26330162695531345, 0.2585690030815141, 0.24929368820838316, 0.2317764863721391, 0.2196367123670333, 0.20426971252129245, 0.1643586391247901, 0.14201658430749475, 0.13719532535656465, 0.1337902167570828, 0.133115605026085, 0.13062306976184157, 0.12592933115278293, 0.11896241897937532, 0.11242455335426982, 0.11224658861390557, 0.11184582426088285, 0.11178829981665384, 0.1117801685460883, 0.11177852936012167, 0.11177429868589805, 0.11176077323240818, 0.11173901454639568, 0.11171160407457181, 0.11165808715046766, 0.11161971244985502, 0.11150248733321089, 0.11130840174165657, 0.1106885141871411, 0.10985489446862662, 0.1097607441338041, 0.10967937559294327, 0.10965533513809056, 0.10964770906284615, 0.10963516936371331, 0.10963284607166424, 0.10963043925414329, 0.10962986762325311]}, "9": {"maxiter": 1000, "fatol": 1e-05, "xatol": 1e-10, "duration": 0.5110180377960205, "fun": "0.10962974968870887", "nit": "1000", "nfev": "1549", "status": "2", "success": "False", "message": "Maximum number of iterations has been exceeded.", "x": "[0.99531206 1.50565549 2.71810945 2.83578642 5.92183054 1.39035694]", "final_simplex": "(array([[0.99531206, 1.50565549, 2.71810945, 2.83578642, 5.92183054,\n        1.39035694],\n       [0.99533601, 1.50508761, 2.71882129, 2.83568522, 5.92270196,\n        1.39091919],\n       [0.99570691, 1.50479218, 2.71859174, 2.83582709, 5.92432494,\n        1.39288703],\n       [0.99525576, 1.50583179, 2.71687921, 2.8355604 , 5.91766812,\n        1.38630918],\n       [0.99547635, 1.50507048, 2.71794479, 2.8360261 , 5.92154471,\n        1.38898128],\n       [0.9948468 , 1.5039949 , 2.71952336, 2.83666256, 5.92477231,\n        1.39351651],\n       [0.99608908, 1.50490846, 2.71836375, 2.83664726, 5.92288873,\n        1.39062064]]), array([0.10962975, 0.10962978, 0.10962981, 0.10962983, 0.10962985,\n       0.10962987, 0.10962987]))", "callback": [0.8032282807419455, 0.7745115502480974, 0.6743951499807166, 0.4275550167502644, 0.4100341587322146, 0.389511213124179, 0.3538795674129922, 0.3307328818934778, 0.3256731957036335, 0.30971468059971186, 0.29929452593645367, 0.29588925621313, 0.2950044628624675, 0.29446122252661644, 0.2943517148596302, 0.2943215368931996, 0.29431306821090253, 0.29429581317827724, 0.2942796399250701, 0.2942567804858236, 0.29417922303005384, 0.2939329558217525, 0.29325913898021994, 0.29317424345719445, 0.29311288687154824, 0.2930939552722931, 0.2930860777793618, 0.29308438695044803, 0.2930841712550408, 0.29308411327728434, 0.29308410150008357, 0.29308409997008456, 0.29308409941922386, 0.2930840992888868, 0.2930840990885696, 0.2930840986006471, 0.2930840984052142, 0.2930840973305737, 0.29308409173560224, 0.29308408545809117, 0.2930840673963713, 0.2930840333832805, 0.2930839448599166, 0.29308380088744757, 0.29308350240637326, 0.29308244681012874, 0.2930793687871396, 0.29307781848024317, 0.29307205595273134, 0.29306102034727755, 0.2930469899190147, 0.29298789104940226, 0.292820051851057, 0.29215238922571274, 0.2905753296781475, 0.28891864928672617, 0.2853688962600196, 0.27762119336728264, 0.27037642453412736, 0.26989226335836625, 0.26906759130096913, 0.2668229956186998, 0.26330162695531345, 0.2585690030815141, 0.24929368820838316, 0.2317764863721391, 0.2196367123670333, 0.20426971252129245, 0.1643586391247901, 0.14201658430749475, 0.13719532535656465, 0.1337902167570828, 0.133115605026085, 0.13062306976184157, 0.12592933115278293, 0.11896241897937532, 0.11242455335426982, 0.11224658861390557, 0.11184582426088285, 0.11178829981665384, 0.1117801685460883, 0.11177852936012167, 0.11177429868589805, 0.11176077323240818, 0.11173901454639568, 0.11171160407457181, 0.11165808715046766, 0.11161971244985502, 0.11150248733321089, 0.11130840174165657, 0.1106885141871411, 0.10985489446862662, 0.1097607441338041, 0.10967937559294327, 0.10965533513809056, 0.10964770906284615, 0.10963516936371331, 0.10963284607166424, 0.10963043925414329, 0.10962986762325311]}, "10": {"maxiter": 1000, "fatol": 1e-10, "xatol": 1e-05, "duration": 0.5141170024871826, "fun": "0.10962974968870887", "nit": "1000", "nfev": "1549", "status": "2", "success": "False", "message": "Maximum number of iterations has been exceeded.", "x": "[0.99531206 1.50565549 2.71810945 2.83578642 5.92183054 1.39035694]", "final_simplex": "(array([[0.99531206, 1.50565549, 2.71810945, 2.83578642, 5.92183054,\n        1.39035694],\n       [0.99533601, 1.50508761, 2.71882129, 2.83568522, 5.92270196,\n        1.39091919],\n       [0.99570691, 1.50479218, 2.71859174, 2.83582709, 5.92432494,\n        1.39288703],\n       [0.99525576, 1.50583179, 2.71687921, 2.8355604 , 5.91766812,\n        1.38630918],\n       [0.99547635, 1.50507048, 2.71794479, 2.8360261 , 5.92154471,\n        1.38898128],\n       [0.9948468 , 1.5039949 , 2.71952336, 2.83666256, 5.92477231,\n        1.39351651],\n       [0.99608908, 1.50490846, 2.71836375, 2.83664726, 5.92288873,\n        1.39062064]]), array([0.10962975, 0.10962978, 0.10962981, 0.10962983, 0.10962985,\n       0.10962987, 0.10962987]))", "callback": [0.8032282807419455, 0.7745115502480974, 0.6743951499807166, 0.4275550167502644, 0.4100341587322146, 0.389511213124179, 0.3538795674129922, 0.3307328818934778, 0.3256731957036335, 0.30971468059971186, 0.29929452593645367, 0.29588925621313, 0.2950044628624675, 0.29446122252661644, 0.2943517148596302, 0.2943215368931996, 0.29431306821090253, 0.29429581317827724, 0.2942796399250701, 0.2942567804858236, 0.29417922303005384, 0.2939329558217525, 0.29325913898021994, 0.29317424345719445, 0.29311288687154824, 0.2930939552722931, 0.2930860777793618, 0.29308438695044803, 0.2930841712550408, 0.29308411327728434, 0.29308410150008357, 0.29308409997008456, 0.29308409941922386, 0.2930840992888868, 0.2930840990885696, 0.2930840986006471, 0.2930840984052142, 0.2930840973305737, 0.29308409173560224, 0.29308408545809117, 0.2930840673963713, 0.2930840333832805, 0.2930839448599166, 0.29308380088744757, 0.29308350240637326, 0.29308244681012874, 0.2930793687871396, 0.29307781848024317, 0.29307205595273134, 0.29306102034727755, 0.2930469899190147, 0.29298789104940226, 0.292820051851057, 0.29215238922571274, 0.2905753296781475, 0.28891864928672617, 0.2853688962600196, 0.27762119336728264, 0.27037642453412736, 0.26989226335836625, 0.26906759130096913, 0.2668229956186998, 0.26330162695531345, 0.2585690030815141, 0.24929368820838316, 0.2317764863721391, 0.2196367123670333, 0.20426971252129245, 0.1643586391247901, 0.14201658430749475, 0.13719532535656465, 0.1337902167570828, 0.133115605026085, 0.13062306976184157, 0.12592933115278293, 0.11896241897937532, 0.11242455335426982, 0.11224658861390557, 0.11184582426088285, 0.11178829981665384, 0.1117801685460883, 0.11177852936012167, 0.11177429868589805, 0.11176077323240818, 0.11173901454639568, 0.11171160407457181, 0.11165808715046766, 0.11161971244985502, 0.11150248733321089, 0.11130840174165657, 0.1106885141871411, 0.10985489446862662, 0.1097607441338041, 0.10967937559294327, 0.10965533513809056, 0.10964770906284615, 0.10963516936371331, 0.10963284607166424, 0.10963043925414329, 0.10962986762325311]}, "11": {"maxiter": 1000, "fatol": 1e-10, "xatol": 1e-10, "duration": 0.4967501163482666, "fun": "0.10962974968870887", "nit": "1000", "nfev": "1549", "status": "2", "success": "False", "message": "Maximum number of iterations has been exceeded.", "x": "[0.99531206 1.50565549 2.71810945 2.83578642 5.92183054 1.39035694]", "final_simplex": "(array([[0.99531206, 1.50565549, 2.71810945, 2.83578642, 5.92183054,\n        1.39035694],\n       [0.99533601, 1.50508761, 2.71882129, 2.83568522, 5.92270196,\n        1.39091919],\n       [0.99570691, 1.50479218, 2.71859174, 2.83582709, 5.92432494,\n        1.39288703],\n       [0.99525576, 1.50583179, 2.71687921, 2.8355604 , 5.91766812,\n        1.38630918],\n       [0.99547635, 1.50507048, 2.71794479, 2.8360261 , 5.92154471,\n        1.38898128],\n       [0.9948468 , 1.5039949 , 2.71952336, 2.83666256, 5.92477231,\n        1.39351651],\n       [0.99608908, 1.50490846, 2.71836375, 2.83664726, 5.92288873,\n        1.39062064]]), array([0.10962975, 0.10962978, 0.10962981, 0.10962983, 0.10962985,\n       0.10962987, 0.10962987]))", "callback": [0.8032282807419455, 0.7745115502480974, 0.6743951499807166, 0.4275550167502644, 0.4100341587322146, 0.389511213124179, 0.3538795674129922, 0.3307328818934778, 0.3256731957036335, 0.30971468059971186, 0.29929452593645367, 0.29588925621313, 0.2950044628624675, 0.29446122252661644, 0.2943517148596302, 0.2943215368931996, 0.29431306821090253, 0.29429581317827724, 0.2942796399250701, 0.2942567804858236, 0.29417922303005384, 0.2939329558217525, 0.29325913898021994, 0.29317424345719445, 0.29311288687154824, 0.2930939552722931, 0.2930860777793618, 0.29308438695044803, 0.2930841712550408, 0.29308411327728434, 0.29308410150008357, 0.29308409997008456, 0.29308409941922386, 0.2930840992888868, 0.2930840990885696, 0.2930840986006471, 0.2930840984052142, 0.2930840973305737, 0.29308409173560224, 0.29308408545809117, 0.2930840673963713, 0.2930840333832805, 0.2930839448599166, 0.29308380088744757, 0.29308350240637326, 0.29308244681012874, 0.2930793687871396, 0.29307781848024317, 0.29307205595273134, 0.29306102034727755, 0.2930469899190147, 0.29298789104940226, 0.292820051851057, 0.29215238922571274, 0.2905753296781475, 0.28891864928672617, 0.2853688962600196, 0.27762119336728264, 0.27037642453412736, 0.26989226335836625, 0.26906759130096913, 0.2668229956186998, 0.26330162695531345, 0.2585690030815141, 0.24929368820838316, 0.2317764863721391, 0.2196367123670333, 0.20426971252129245, 0.1643586391247901, 0.14201658430749475, 0.13719532535656465, 0.1337902167570828, 0.133115605026085, 0.13062306976184157, 0.12592933115278293, 0.11896241897937532, 0.11242455335426982, 0.11224658861390557, 0.11184582426088285, 0.11178829981665384, 0.1117801685460883, 0.11177852936012167, 0.11177429868589805, 0.11176077323240818, 0.11173901454639568, 0.11171160407457181, 0.11165808715046766, 0.11161971244985502, 0.11150248733321089, 0.11130840174165657, 0.1106885141871411, 0.10985489446862662, 0.1097607441338041, 0.10967937559294327, 0.10965533513809056, 0.10964770906284615, 0.10963516936371331, 0.10963284607166424, 0.10963043925414329, 0.10962986762325311]}}, "bfgs": {"type": "gradient", "0": {"maxiter": 100, "gtol": 1e-05, "xrtol": 1e-05, "eps": 1e-05, "duration": 0.07714414596557617, "fun": "0.10962969534131861", "jac": "[ 2.14934737e-06  1.89634974e-06  3.34469119e-06  1.80462312e-06\n -1.35276235e-06  5.67756953e-07]", "hess_inv": "[[ 3.45418315e+00  1.92791769e+00 -2.87141086e+00 -1.98002530e-02\n  -1.06273606e+01 -8.89707552e+00]\n [ 1.92791769e+00  8.57451060e+00 -8.46559231e+00 -1.88125526e+00\n  -2.22531995e+01 -2.04907398e+01]\n [-2.87141086e+00 -8.46559231e+00  1.33066008e+01  2.79163110e-01\n   3.27325127e+01  3.15675466e+01]\n [-1.98002530e-02 -1.88125526e+00  2.79163110e-01  3.32273818e+00\n   2.31030135e+00  1.41217108e+00]\n [-1.06273606e+01 -2.22531995e+01  3.27325127e+01  2.31030135e+00\n   1.10360556e+02  1.02167510e+02]\n [-8.89707552e+00 -2.04907398e+01  3.15675466e+01  1.41217108e+00\n   1.02167510e+02  9.84177969e+01]]", "nfev": "245", "njev": "35", "status": "0", "success": "True", "message": "Optimization terminated successfully.", "x": "[ 5.28800122 -1.63635428 -0.42364278  2.83609297  5.92071046  1.38926574]", "nit": "30", "callback": [0.7666038441894213, 0.7401905322899853, 0.7305629420241619, 0.7129533583156279, 0.6817645351808361, 0.6269134288534699, 0.6028969370134223, 0.5624109733908489, 0.21424799945424244, 0.1759551377038595, 0.15316597741145, 0.13784136545353087, 0.13167983531429506, 0.12991054675949276, 0.12680331868826, 0.1222297669937743, 0.11882020192781495, 0.11480441409526587, 0.11088625878829528, 0.10997176663203345, 0.10974413377107128, 0.1096858317423719, 0.1096584755613319, 0.1096370719515406, 0.10963042360059627, 0.10962975472382475, 0.10962971171668223, 0.10962970261329352, 0.10962969627565322, 0.10962969534131861]}, "1": {"maxiter": 100, "gtol": 1e-05, "xrtol": 1e-05, "eps": 1e-10, "duration": 0.08565998077392578, "fun": "0.10962969540787759", "jac": "[ 5.55111466e-06  0.00000000e+00  8.88178346e-06 -2.22044587e-06\n -5.55111466e-06  4.44089173e-06]", "hess_inv": "[[  3.46261959   2.15990194  -3.04049846   0.62309014  -9.22461634\n   -7.59819   ]\n [  2.15990194   9.72746425 -10.03836308  -0.85555168 -22.30235904\n  -20.58351999]\n [ -3.04049846 -10.03836308  15.64149447  -1.42261024  31.79354461\n   30.82641927]\n [  0.62309014  -0.85555168  -1.42261024   3.36775147  -2.87758109\n   -3.43910027]\n [ -9.22461634 -22.30235904  31.79354461  -2.87758109  87.58863518\n   80.77435037]\n [ -7.59819    -20.58351999  30.82641927  -3.43910027  80.77435037\n   78.25742533]]", "nfev": "252", "njev": "36", "status": "0", "success": "True", "message": "Optimization terminated successfully.", "x": "[ 5.28801523 -1.63638213 -0.42357847  2.83608168  5.92078694  1.38937612]", "nit": "30", "callback": [0.7666043014237901, 0.7401906067691211, 0.7305631639621433, 0.7129535227968093, 0.6817661878073914, 0.626915860883894, 0.6029000477183906, 0.5624120702040089, 0.2142310721527908, 0.17593692250024906, 0.1531603336053433, 0.1378294181621461, 0.13167449214883142, 0.12990550755223418, 0.12679906639523786, 0.12222770251204795, 0.11882073471883903, 0.1148062593548489, 0.11088517716096002, 0.10997132456138992, 0.1097438853667898, 0.10968560541419137, 0.10965861857698467, 0.10963683226556609, 0.10963051984897298, 0.10962975851028267, 0.1096297118667362, 0.10962970286546059, 0.10962969605405604, 0.10962969540787759]}, "2": {"maxiter": 100, "gtol": 1e-05, "xrtol": 1e-10, "eps": 1e-05, "duration": 0.08513283729553223, "fun": "0.10962969534131861", "jac": "[ 2.14934737e-06  1.89634974e-06  3.34469119e-06  1.80462312e-06\n -1.35276235e-06  5.67756953e-07]", "hess_inv": "[[ 3.45418315e+00  1.92791769e+00 -2.87141086e+00 -1.98002530e-02\n  -1.06273606e+01 -8.89707552e+00]\n [ 1.92791769e+00  8.57451060e+00 -8.46559231e+00 -1.88125526e+00\n  -2.22531995e+01 -2.04907398e+01]\n [-2.87141086e+00 -8.46559231e+00  1.33066008e+01  2.79163110e-01\n   3.27325127e+01  3.15675466e+01]\n [-1.98002530e-02 -1.88125526e+00  2.79163110e-01  3.32273818e+00\n   2.31030135e+00  1.41217108e+00]\n [-1.06273606e+01 -2.22531995e+01  3.27325127e+01  2.31030135e+00\n   1.10360556e+02  1.02167510e+02]\n [-8.89707552e+00 -2.04907398e+01  3.15675466e+01  1.41217108e+00\n   1.02167510e+02  9.84177969e+01]]", "nfev": "245", "njev": "35", "status": "0", "success": "True", "message": "Optimization terminated successfully.", "x": "[ 5.28800122 -1.63635428 -0.42364278  2.83609297  5.92071046  1.38926574]", "nit": "30", "callback": [0.7666038441894213, 0.7401905322899853, 0.7305629420241619, 0.7129533583156279, 0.6817645351808361, 0.6269134288534699, 0.6028969370134223, 0.5624109733908489, 0.21424799945424244, 0.1759551377038595, 0.15316597741145, 0.13784136545353087, 0.13167983531429506, 0.12991054675949276, 0.12680331868826, 0.1222297669937743, 0.11882020192781495, 0.11480441409526587, 0.11088625878829528, 0.10997176663203345, 0.10974413377107128, 0.1096858317423719, 0.1096584755613319, 0.1096370719515406, 0.10963042360059627, 0.10962975472382475, 0.10962971171668223, 0.10962970261329352, 0.10962969627565322, 0.10962969534131861]}, "3": {"maxiter": 100, "gtol": 1e-05, "xrtol": 1e-10, "eps": 1e-10, "duration": 0.08112502098083496, "fun": "0.10962969540787759", "jac": "[ 5.55111466e-06  0.00000000e+00  8.88178346e-06 -2.22044587e-06\n -5.55111466e-06  4.44089173e-06]", "hess_inv": "[[  3.46261959   2.15990194  -3.04049846   0.62309014  -9.22461634\n   -7.59819   ]\n [  2.15990194   9.72746425 -10.03836308  -0.85555168 -22.30235904\n  -20.58351999]\n [ -3.04049846 -10.03836308  15.64149447  -1.42261024  31.79354461\n   30.82641927]\n [  0.62309014  -0.85555168  -1.42261024   3.36775147  -2.87758109\n   -3.43910027]\n [ -9.22461634 -22.30235904  31.79354461  -2.87758109  87.58863518\n   80.77435037]\n [ -7.59819    -20.58351999  30.82641927  -3.43910027  80.77435037\n   78.25742533]]", "nfev": "252", "njev": "36", "status": "0", "success": "True", "message": "Optimization terminated successfully.", "x": "[ 5.28801523 -1.63638213 -0.42357847  2.83608168  5.92078694  1.38937612]", "nit": "30", "callback": [0.7666043014237901, 0.7401906067691211, 0.7305631639621433, 0.7129535227968093, 0.6817661878073914, 0.626915860883894, 0.6029000477183906, 0.5624120702040089, 0.2142310721527908, 0.17593692250024906, 0.1531603336053433, 0.1378294181621461, 0.13167449214883142, 0.12990550755223418, 0.12679906639523786, 0.12222770251204795, 0.11882073471883903, 0.1148062593548489, 0.11088517716096002, 0.10997132456138992, 0.1097438853667898, 0.10968560541419137, 0.10965861857698467, 0.10963683226556609, 0.10963051984897298, 0.10962975851028267, 0.1096297118667362, 0.10962970286546059, 0.10962969605405604, 0.10962969540787759]}, "4": {"maxiter": 100, "gtol": 1e-10, "xrtol": 1e-05, "eps": 1e-05, "duration": 0.07543492317199707, "fun": "0.10962969534131861", "jac": "[ 2.14934737e-06  1.89634974e-06  3.34469119e-06  1.80462312e-06\n -1.35276235e-06  5.67756953e-07]", "hess_inv": "[[ 3.45418315e+00  1.92791769e+00 -2.87141086e+00 -1.98002530e-02\n  -1.06273606e+01 -8.89707552e+00]\n [ 1.92791769e+00  8.57451060e+00 -8.46559231e+00 -1.88125526e+00\n  -2.22531995e+01 -2.04907398e+01]\n [-2.87141086e+00 -8.46559231e+00  1.33066008e+01  2.79163110e-01\n   3.27325127e+01  3.15675466e+01]\n [-1.98002530e-02 -1.88125526e+00  2.79163110e-01  3.32273818e+00\n   2.31030135e+00  1.41217108e+00]\n [-1.06273606e+01 -2.22531995e+01  3.27325127e+01  2.31030135e+00\n   1.10360556e+02  1.02167510e+02]\n [-8.89707552e+00 -2.04907398e+01  3.15675466e+01  1.41217108e+00\n   1.02167510e+02  9.84177969e+01]]", "nfev": "245", "njev": "35", "status": "0", "success": "True", "message": "Optimization terminated successfully.", "x": "[ 5.28800122 -1.63635428 -0.42364278  2.83609297  5.92071046  1.38926574]", "nit": "30", "callback": [0.7666038441894213, 0.7401905322899853, 0.7305629420241619, 0.7129533583156279, 0.6817645351808361, 0.6269134288534699, 0.6028969370134223, 0.5624109733908489, 0.21424799945424244, 0.1759551377038595, 0.15316597741145, 0.13784136545353087, 0.13167983531429506, 0.12991054675949276, 0.12680331868826, 0.1222297669937743, 0.11882020192781495, 0.11480441409526587, 0.11088625878829528, 0.10997176663203345, 0.10974413377107128, 0.1096858317423719, 0.1096584755613319, 0.1096370719515406, 0.10963042360059627, 0.10962975472382475, 0.10962971171668223, 0.10962970261329352, 0.10962969627565322, 0.10962969534131861]}, "5": {"maxiter": 100, "gtol": 1e-10, "xrtol": 1e-05, "eps": 1e-10, "duration": 0.07019901275634766, "fun": "0.10962969515530352", "jac": "[-2.22044587e-06  2.22044587e-06  6.66133760e-06  2.22044587e-06\n -2.22044587e-06 -2.22044587e-06]", "hess_inv": "[[  3.15465644   1.06638855  -1.09383079   0.31938862  -5.70171514\n   -3.98866171]\n [  1.06638855   7.07049073  -5.46579758  -1.52491416 -13.26691729\n  -11.76022277]\n [ -1.09383079  -5.46579758   7.80177912  -0.2835207   16.15461107\n   15.63186448]\n [  0.31938862  -1.52491416  -0.2835207    3.20472455  -0.562438\n   -1.21194351]\n [ -5.70171514 -13.26691729  16.15461107  -0.562438    57.13194366\n   50.79944955]\n [ -3.98866171 -11.76022277  15.63186448  -1.21194351  50.79944955\n   48.96030553]]", "nfev": "259", "njev": "37", "status": "0", "success": "True", "message": "Optimization terminated successfully.", "x": "[ 5.2879942  -1.63636431 -0.42362206  2.83609181  5.92076541  1.38932129]", "nit": "31", "callback": [0.7666043014237901, 0.7401906067691211, 0.7305631639621433, 0.7129535227968093, 0.6817661878073914, 0.626915860883894, 0.6029000477183906, 0.5624120702040089, 0.2142310721527908, 0.17593692250024906, 0.1531603336053433, 0.1378294181621461, 0.13167449214883142, 0.12990550755223418, 0.12679906639523786, 0.12222770251204795, 0.11882073471883903, 0.1148062593548489, 0.11088517716096002, 0.10997132456138992, 0.1097438853667898, 0.10968560541419137, 0.10965861857698467, 0.10963683226556609, 0.10963051984897298, 0.10962975851028267, 0.1096297118667362, 0.10962970286546059, 0.10962969605405604, 0.10962969540787759, 0.10962969515530352]}, "6": {"maxiter": 100, "gtol": 1e-10, "xrtol": 1e-10, "eps": 1e-05, "duration": 0.12367796897888184, "fun": "0.10962969516484744", "jac": "[-1.66533454e-10  9.99200722e-11  1.22124533e-10  1.11022302e-11\n  1.11022302e-11 -2.22044605e-11]", "hess_inv": "[[ 3.99352789e+00  1.77971601e+00 -2.09951413e+00  8.82223901e-03\n  -1.07872707e+01 -8.31894915e+00]\n [ 1.77971601e+00  8.54870051e+00 -7.82172297e+00 -1.99586328e+00\n  -2.17136418e+01 -1.97842712e+01]\n [-2.09951413e+00 -7.82172297e+00  1.15638353e+01  5.40473325e-01\n   2.87894284e+01  2.77493040e+01]\n [ 8.82223901e-03 -1.99586328e+00  5.40473325e-01  3.27641177e+00\n   2.60989140e+00  1.80390298e+00]\n [-1.07872707e+01 -2.17136418e+01  2.87894284e+01  2.60989140e+00\n   1.07269802e+02  9.73509639e+01]\n [-8.31894915e+00 -1.97842712e+01  2.77493040e+01  1.80390298e+00\n   9.73509639e+01  9.26228933e+01]]", "nfev": "378", "njev": "54", "status": "0", "success": "True", "message": "Optimization terminated successfully.", "x": "[ 5.28798652 -1.63636409 -0.42363783  2.83609166  5.92076893  1.38930987]", "nit": "35", "callback": [0.7666038441894213, 0.7401905322899853, 0.7305629420241619, 0.7129533583156279, 0.6817645351808361, 0.6269134288534699, 0.6028969370134223, 0.5624109733908489, 0.21424799945424244, 0.1759551377038595, 0.15316597741145, 0.13784136545353087, 0.13167983531429506, 0.12991054675949276, 0.12680331868826, 0.1222297669937743, 0.11882020192781495, 0.11480441409526587, 0.11088625878829528, 0.10997176663203345, 0.10974413377107128, 0.1096858317423719, 0.1096584755613319, 0.1096370719515406, 0.10963042360059627, 0.10962975472382475, 0.10962971171668223, 0.10962970261329352, 0.10962969627565322, 0.10962969534131861, 0.10962969518429555, 0.10962969516573862, 0.10962969516491705, 0.10962969516484766, 0.10962969516484744]}, "7": {"maxiter": 100, "gtol": 1e-10, "xrtol": 1e-10, "eps": 1e-10, "duration": 0.11838603019714355, "fun": "0.1096296946625881", "jac": "[ 2.22044587e-06 -6.66133760e-06  6.66133760e-06  2.22044587e-06\n -2.22044587e-06 -2.22044587e-06]", "hess_inv": "[[  1.65748971   1.00723804  -2.0456895    0.3669992   -4.82270525\n   -5.06450384]\n [  1.00723804  15.4937699  -18.7505781   -3.22420409 -39.62561714\n  -41.02039712]\n [ -2.0456895  -18.7505781   26.33096914   3.16602215  53.79203973\n   55.72651002]\n [  0.3669992   -3.22420409   3.16602215   2.79696178   8.41916218\n    8.64073037]\n [ -4.82270525 -39.62561714  53.79203973   8.41916218 121.47950106\n  123.05096052]\n [ -5.06450384 -41.02039712  55.72651002   8.64073037 123.05096052\n  127.13717006]]", "nfev": "413", "njev": "59", "status": "0", "success": "True", "message": "Optimization terminated successfully.", "x": "[ 5.28795584 -1.63650048 -0.42346444  