{"conf_id": 1, "data_type": "random\n", "num_data_points": 1, "s_rank": 0, "unitary": "[[-0.56303964-0.00798273j,-0.21670212-0.15784972j,-0.06047197-0.73952673j,-0.01438004+0.24552571j],[-0.06976756+0.23474685j,-0.01275565-0.5435098j,-0.02703657-0.08917885j,-0.08210486-0.79311774j],[-0.38559961+0.10714929j,0.5933431-0.2687392j,-0.24060861+0.29149289j,-0.45147719+0.26241743j],[-0.50180421+0.45931857j,-0.11617175+0.44134496j,0.49642745+0.22684508j,-0.08544628-0.15407063j]]", "databatch_0": {"databatch": "[[[-0.07575649+0.12876389j,-0.0978828-0.30728069j,-0.27653071-0.13359441j,0.10390776+0.03704393j],[0.09430444-0.17238742j,0.14129697+0.39994089j,0.36902087+0.16427231j,-0.13812123-0.04443241j],[0.00258362-0.03848762j,0.05815429+0.05959613j,0.07928763-0.0011678j,-0.0282703+0.0034751j],[-0.11117168+0.14523319j,-0.07334373-0.38794175j,-0.31621858-0.20338868j,0.12077307+0.06043825j]]]", "nelder_mead": {"0": {"maxiter": 100, "fatol": 1e-05, "xatol": 1e-05, "duration": 0.02689504623413086, "fun": "0.008993451064112756", "nit": "100", "nfev": "156", "status": "2", "success": "False", "message": "Maximum number of iterations has been exceeded.", "x": "[ 3.73655224 -0.28499627  0.30121155  1.24673264  4.96671643  3.10795438]", "final_simplex": "(array([[ 3.73655224, -0.28499627,  0.30121155,  1.24673264,  4.96671643,\n         3.10795438],\n       [ 3.76839999, -0.24010784,  0.46856382,  1.23522086,  4.90960442,\n         3.03954128],\n       [ 3.71923842, -0.14740234,  0.47776009,  1.34364174,  4.91255867,\n         2.95793798],\n       [ 3.54472206, -0.4055517 ,  0.27155329,  1.25696553,  5.18381549,\n         3.14488691],\n       [ 3.53503889, -0.19941133,  0.54144347,  1.32178214,  4.93407868,\n         3.00472425],\n       [ 3.53989929, -0.22776613,  0.53540978,  1.33474026,  4.91515322,\n         2.99104183],\n       [ 3.70498182, -0.15370422,  0.59541918,  1.39263087,  5.04578728,\n         2.92944985]]), array([0.00899345, 0.01013733, 0.01080005, 0.01152315, 0.01293926,\n       0.0135938 , 0.0165566 ]))"}, "1": {"maxiter": 100, "fatol": 1e-05, "xatol": 1e-10, "duration": 0.026484012603759766, "fun": "0.008993451064112756", "nit": "100", "nfev": "156", "status": "2", "success": "False", "message": "Maximum number of iterations has been exceeded.", "x": "[ 3.73655224 -0.28499627  0.30121155  1.24673264  4.96671643  3.10795438]", "final_simplex": "(array([[ 3.73655224, -0.28499627,  0.30121155,  1.24673264,  4.96671643,\n         3.10795438],\n       [ 3.76839999, -0.24010784,  0.46856382,  1.23522086,  4.90960442,\n         3.03954128],\n       [ 3.71923842, -0.14740234,  0.47776009,  1.34364174,  4.91255867,\n         2.95793798],\n       [ 3.54472206, -0.4055517 ,  0.27155329,  1.25696553,  5.18381549,\n         3.14488691],\n       [ 3.53503889, -0.19941133,  0.54144347,  1.32178214,  4.93407868,\n         3.00472425],\n       [ 3.53989929, -0.22776613,  0.53540978,  1.33474026,  4.91515322,\n         2.99104183],\n       [ 3.70498182, -0.15370422,  0.59541918,  1.39263087,  5.04578728,\n         2.92944985]]), array([0.00899345, 0.01013733, 0.01080005, 0.01152315, 0.01293926,\n       0.0135938 , 0.0165566 ]))"}, "2": {"maxiter": 100, "fatol": 1e-10, "xatol": 1e-05, "duration": 0.02788400650024414, "fun": "0.008993451064112756", "nit": "100", "nfev": "156", "status": "2", "success": "False", "message": "Maximum number of iterations has been exceeded.", "x": "[ 3.73655224 -0.28499627  0.30121155  1.24673264  4.96671643  3.10795438]", "final_simplex": "(array([[ 3.73655224, -0.28499627,  0.30121155,  1.24673264,  4.96671643,\n         3.10795438],\n       [ 3.76839999, -0.24010784,  0.46856382,  1.23522086,  4.90960442,\n         3.03954128],\n       [ 3.71923842, -0.14740234,  0.47776009,  1.34364174,  4.91255867,\n         2.95793798],\n       [ 3.54472206, -0.4055517 ,  0.27155329,  1.25696553,  5.18381549,\n         3.14488691],\n       [ 3.53503889, -0.19941133,  0.54144347,  1.32178214,  4.93407868,\n         3.00472425],\n       [ 3.53989929, -0.22776613,  0.53540978,  1.33474026,  4.91515322,\n         2.99104183],\n       [ 3.70498182, -0.15370422,  0.59541918,  1.39263087,  5.04578728,\n         2.92944985]]), array([0.00899345, 0.01013733, 0.01080005, 0.01152315, 0.01293926,\n       0.0135938 , 0.0165566 ]))"}, "3": {"maxiter": 100, "fatol": 1e-10, "xatol": 1e-10, "duration": 0.02764892578125, "fun": "0.008993451064112756", "nit": "100", "nfev": "156", "status": "2", "success": "False", "message": "Maximum number of iterations has been exceeded.", "x": "[ 3.73655224 -0.28499627  0.30121155  1.24673264  4.96671643  3.10795438]", "final_simplex": "(array([[ 3.73655224, -0.28499627,  0.30121155,  1.24673264,  4.96671643,\n         3.10795438],\n       [ 3.76839999, -0.24010784,  0.46856382,  1.23522086,  4.90960442,\n         3.03954128],\n       [ 3.71923842, -0.14740234,  0.47776009,  1.34364174,  4.91255867,\n         2.95793798],\n       [ 3.54472206, -0.4055517 ,  0.27155329,  1.25696553,  5.18381549,\n         3.14488691],\n       [ 3.53503889, -0.19941133,  0.54144347,  1.32178214,  4.93407868,\n         3.00472425],\n       [ 3.53989929, -0.22776613,  0.53540978,  1.33474026,  4.91515322,\n         2.99104183],\n       [ 3.70498182, -0.15370422,  0.59541918,  1.39263087,  5.04578728,\n         2.92944985]]), array([0.00899345, 0.01013733, 0.01080005, 0.01152315, 0.01293926,\n       0.0135938 , 0.0165566 ]))"}, "4": {"maxiter": 500, "fatol": 1e-05, "xatol": 1e-05, "duration": 0.07988929748535156, "fun": "0.00677403347843164", "nit": "275", "nfev": "444", "status": "0", "success": "True", "message": "Optimization terminated successfully.", "x": "[ 3.68911884 -0.2370833   0.37743466  1.23444555  4.88990504  3.05075602]", "final_simplex": "(array([[ 3.68911884, -0.2370833 ,  0.37743466,  1.23444555,  4.88990504,\n         3.05075602],\n       [ 3.68911219, -0.23709134,  0.37742799,  1.23444481,  4.88991223,\n         3.05075677],\n       [ 3.68911965, -0.23708341,  0.37743075,  1.23444064,  4.88989666,\n         3.05075553],\n       [ 3.68911438, -0.23709208,  0.37742673,  1.23444505,  4.88991337,\n         3.05076212],\n       [ 3.68911359, -0.23708834,  0.37742954,  1.2344455 ,  4.88991259,\n         3.05076049],\n       [ 3.68912399, -0.2370798 ,  0.37743965,  1.23443849,  4.88990822,\n         3.05074794],\n       [ 3.68911657, -0.23708809,  0.37743754,  1.23443968,  4.88990619,\n         3.05075452]]), array([0.00677403, 0.00677403, 0.00677403, 0.00677403, 0.00677403,\n       0.00677403, 0.00677403]))"}, "5": {"maxiter": 500, "fatol": 1e-05, "xatol": 1e-10, "duration": 0.10963296890258789, "fun": "0.006774033474330365", "nit": "369", "nfev": "660", "status": "0", "success": "True", "message": "Optimization terminated successfully.", "x": "[ 3.68911825 -0.23708606  0.37743185  1.23444143  4.88990681  3.05075627]", "final_simplex": "(array([[ 3.68911825, -0.23708606,  0.37743185,  1.23444143,  4.88990681,\n         3.05075627],\n       [ 3.68911825, -0.23708606,  0.37743185,  1.23444143,  4.88990681,\n         3.05075627],\n       [ 3.68911825, -0.23708607,  0.37743185,  1.23444143,  4.88990681,\n         3.05075627],\n       [ 3.68911825, -0.23708606,  0.37743185,  1.23444143,  4.88990681,\n         3.05075627],\n       [ 3.68911825, -0.23708606,  0.37743185,  1.23444143,  4.88990681,\n         3.05075627],\n       [ 3.68911825, -0.23708606,  0.37743185,  1.23444143,  4.88990681,\n         3.05075627],\n       [ 3.68911825, -0.23708606,  0.37743185,  1.23444143,  4.88990681,\n         3.05075627]]), array([0.00677403, 0.00677403, 0.00677403, 0.00677403, 0.00677403,\n       0.00677403, 0.00677403]))"}, "6": {"maxiter": 500, "fatol": 1e-10, "xatol": 1e-05, "duration": 0.07428693771362305, "fun": "0.00677403347843164", "nit": "275", "nfev": "444", "status": "0", "success": "True", "message": "Optimization terminated successfully.", "x": "[ 3.68911884 -0.2370833   0.37743466  1.23444555  4.88990504  3.05075602]", "final_simplex": "(array([[ 3.68911884, -0.2370833 ,  0.37743466,  1.23444555,  4.88990504,\n         3.05075602],\n       [ 3.68911219, -0.23709134,  0.37742799,  1.23444481,  4.88991223,\n         3.05075677],\n       [ 3.68911965, -0.23708341,  0.37743075,  1.23444064,  4.88989666,\n         3.05075553],\n       [ 3.68911438, -0.23709208,  0.37742673,  1.23444505,  4.88991337,\n         3.05076212],\n       [ 3.68911359, -0.23708834,  0.37742954,  1.2344455 ,  4.88991259,\n         3.05076049],\n       [ 3.68912399, -0.2370798 ,  0.37743965,  1.23443849,  4.88990822,\n         3.05074794],\n       [ 3.68911657, -0.23708809,  0.37743754,  1.23443968,  4.88990619,\n         3.05075452]]), array([0.00677403, 0.00677403, 0.00677403, 0.00677403, 0.00677403,\n       0.00677403, 0.00677403]))"}, "7": {"maxiter": 500, "fatol": 1e-10, "xatol": 1e-10, "duration": 0.11338591575622559, "fun": "0.006774033474330365", "nit": "369", "nfev": "660", "status": "0", "success": "True", "message": "Optimization terminated successfully.", "x": "[ 3.68911825 -0.23708606  0.37743185  1.23444143  4.88990681  3.05075627]", "final_simplex": "(array([[ 3.68911825, -0.23708606,  0.37743185,  1.23444143,  4.88990681,\n         3.05075627],\n       [ 3.68911825, -0.23708606,  0.37743185,  1.23444143,  4.88990681,\n         3.05075627],\n       [ 3.68911825, -0.23708607,  0.37743185,  1.23444143,  4.88990681,\n         3.05075627],\n       [ 3.68911825, -0.23708606,  0.37743185,  1.23444143,  4.88990681,\n         3.05075627],\n       [ 3.68911825, -0.23708606,  0.37743185,  1.23444143,  4.88990681,\n         3.05075627],\n       [ 3.68911825, -0.23708606,  0.37743185,  1.23444143,  4.88990681,\n         3.05075627],\n       [ 3.68911825, -0.23708606,  0.37743185,  1.23444143,  4.88990681,\n         3.05075627]]), array([0.00677403, 0.00677403, 0.00677403, 0.00677403, 0.00677403,\n       0.00677403, 0.00677403]))"}, "8": {"maxiter": 1000, "fatol": 1e-05, "xatol": 1e-05, "duration": 0.07659506797790527, "fun": "0.00677403347843164", "nit": "275", "nfev": "444", "status": "0", "success": "True", "message": "Optimization terminated successfully.", "x": "[ 3.68911884 -0.2370833   0.37743466  1.23444555  4.88990504  3.05075602]", "final_simplex": "(array([[ 3.68911884, -0.2370833 ,  0.37743466,  1.23444555,  4.88990504,\n         3.05075602],\n       [ 3.68911219, -0.23709134,  0.37742799,  1.23444481,  4.88991223,\n         3.05075677],\n       [ 3.68911965, -0.23708341,  0.37743075,  1.23444064,  4.88989666,\n         3.05075553],\n       [ 3.68911438, -0.23709208,  0.37742673,  1.23444505,  4.88991337,\n         3.05076212],\n       [ 3.68911359, -0.23708834,  0.37742954,  1.2344455 ,  4.88991259,\n         3.05076049],\n       [ 3.68912399, -0.2370798 ,  0.37743965,  1.23443849,  4.88990822,\n         3.05074794],\n       [ 3.68911657, -0.23708809,  0.37743754,  1.23443968,  4.88990619,\n         3.05075452]]), array([0.00677403, 0.00677403, 0.00677403, 0.00677403, 0.00677403,\n       0.00677403, 0.00677403]))"}, "9": {"maxiter": 1000, "fatol": 1e-05, "xatol": 1e-10, "duration": 0.1141810417175293, "fun": "0.006774033474330365", "nit": "369", "nfev": "660", "status": "0", "success": "True", "message": "Optimization terminated successfully.", "x": "[ 3.68911825 -0.23708606  0.37743185  1.23444143  4.88990681  3.05075627]", "final_simplex": "(array([[ 3.68911825, -0.23708606,  0.37743185,  1.23444143,  4.88990681,\n         3.05075627],\n       [ 3.68911825, -0.23708606,  0.37743185,  1.23444143,  4.88990681,\n         3.05075627],\n       [ 3.68911825, -0.23708607,  0.37743185,  1.23444143,  4.88990681,\n         3.05075627],\n       [ 3.68911825, -0.23708606,  0.37743185,  1.23444143,  4.88990681,\n         3.05075627],\n       [ 3.68911825, -0.23708606,  0.37743185,  1.23444143,  4.88990681,\n         3.05075627],\n       [ 3.68911825, -0.23708606,  0.37743185,  1.23444143,  4.88990681,\n         3.05075627],\n       [ 3.68911825, -0.23708606,  0.37743185,  1.23444143,  4.88990681,\n         3.05075627]]), array([0.00677403, 0.00677403, 0.00677403, 0.00677403, 0.00677403,\n       0.00677403, 0.00677403]))"}, "10": {"maxiter": 1000, "fatol": 1e-10, "xatol": 1e-05, "duration": 0.07858514785766602, "fun": "0.00677403347843164", "nit": "275", "nfev": "444", "status": "0", "success": "True", "message": "Optimization terminated successfully.", "x": "[ 3.68911884 -0.2370833   0.37743466  1.23444555  4.88990504  3.05075602]", "final_simplex": "(array([[ 3.68911884, -0.2370833 ,  0.37743466,  1.23444555,  4.88990504,\n         3.05075602],\n       [ 3.68911219, -0.23709134,  0.37742799,  1.23444481,  4.88991223,\n         3.05075677],\n       [ 3.68911965, -0.23708341,  0.37743075,  1.23444064,  4.88989666,\n         3.05075553],\n       [ 3.68911438, -0.23709208,  0.37742673,  1.23444505,  4.88991337,\n         3.05076212],\n       [ 3.68911359, -0.23708834,  0.37742954,  1.2344455 ,  4.88991259,\n         3.05076049],\n       [ 3.68912399, -0.2370798 ,  0.37743965,  1.23443849,  4.88990822,\n         3.05074794],\n       [ 3.68911657, -0.23708809,  0.37743754,  1.23443968,  4.88990619,\n         3.05075452]]), array([0.00677403, 0.00677403, 0.00677403, 0.00677403, 0.00677403,\n       0.00677403, 0.00677403]))"}, "11": {"maxiter": 1000, "fatol": 1e-10, "xatol": 1e-10, "duration": 0.10988497734069824, "fun": "0.006774033474330365", "nit": "369", "nfev": "660", "status": "0", "success": "True", "message": "Optimization terminated successfully.", "x": "[ 3.68911825 -0.23708606  0.37743185  1.23444143  4.88990681  3.05075627]", "final_simplex": "(array([[ 3.68911825, -0.23708606,  0.37743185,  1.23444143,  4.88990681,\n         3.05075627],\n       [ 3.68911825, -0.23708606,  0.37743185,  1.23444143,  4.88990681,\n         3.05075627],\n       [ 3.68911825, -0.23708607,  0.37743185,  1.23444143,  4.88990681,\n         3.05075627],\n       [ 3.68911825, -0.23708606,  0.37743185,  1.23444143,  4.88990681,\n         3.05075627],\n       [ 3.68911825, -0.23708606,  0.37743185,  1.23444143,  4.88990681,\n         3.05075627],\n       [ 3.68911825, -0.23708606,  0.37743185,  1.23444143,  4.88990681,\n         3.05075627],\n       [ 3.68911825, -0.23708606,  0.37743185,  1.23444143,  4.88990681,\n         3.05075627]]), array([0.00677403, 0.00677403, 0.00677403, 0.00677403, 0.00677403,\n       0.00677403, 0.00677403]))"}}, "bfgs": {"0": {"maxiter": 100, "gtol": 1e-05, "xrtol": 1e-05, "eps": 1e-05, "duration": 0.030981063842773438, "fun": "0.006774033502007892", "jac": "[ 1.19471100e-07  2.20008456e-06  2.19246843e-07  1.95932159e-07\n -4.79372098e-07 -8.01370081e-07]", "hess_inv": "[[ 2.97068362 -0.08086562 -0.71710619 -1.49284322 -1.13300231  0.3549721 ]\n [-0.08086562  1.50604396  0.03201431  0.26380633 -0.20860393  1.22859414]\n [-0.71710619  0.03201431  2.13499824  0.24413244  2.07328782 -0.08542052]\n [-1.49284322  0.26380633  0.24413244  2.88719218  1.06309723  0.1468773 ]\n [-1.13300231 -0.20860393  2.07328782  1.06309723  7.78880366 -1.08172164]\n [ 0.3549721   1.22859414 -0.08542052  0.1468773  -1.08172164  2.59872388]]", "nfev": "182", "njev": "26", "status": "0", "success": "True", "message": "Optimization terminated successfully.", "x": "[2.57816618 1.59935372 2.58305752 5.09724849 2.34865275 0.0886955 ]", "nit": "20"}, "1": {"maxiter": 100, "gtol": 1e-05, "xrtol": 1e-05, "eps": 1e-10, "duration": 0.029664039611816406, "fun": "0.006774033588214601", "jac": "[ 3.33066880e-06  7.77156053e-06 -8.88178346e-06  2.22044587e-06\n  4.44089173e-06 -5.55111543e-06]", "hess_inv": "[[ 2.95736679 -0.11749218 -0.8028252  -1.52137474 -1.16607201  0.24521974]\n [-0.11749218  1.53205862  0.2045761   0.29472857 -0.08594502  1.35428608]\n [-0.8028252   0.2045761   2.48683876  0.51485163  2.50498093  0.32395243]\n [-1.52137474  0.29472857  0.51485163  2.90103263  1.21646777  0.34686203]\n [-1.16607201 -0.08594502  2.50498093  1.21646777  8.19640096 -0.62810148]\n [ 0.24521974  1.35428608  0.32395243  0.34686203 -0.62810148  2.9332218 ]]", "nfev": "175", "njev": "25", "status": "0", "success": "True", "message": "Optimization terminated successfully.", "x": "[2.57604703 1.59193586 2.57821611 5.097937   2.3528252  0.08979696]", "nit": "19"}, "2": {"maxiter": 100, "gtol": 1e-05, "xrtol": 1e-10, "eps": 1e-05, "duration": 0.03083181381225586, "fun": "0.006774033502007892", "jac": "[ 1.19471100e-07  2.20008456e-06  2.19246843e-07  1.95932159e-07\n -4.79372098e-07 -8.01370081e-07]", "hess_inv": "[[ 2.97068362 -0.08086562 -0.71710619 -1.49284322 -1.13300231  0.3549721 ]\n [-0.08086562  1.50604396  0.03201431  0.26380633 -0.20860393  1.22859414]\n [-0.71710619  0.03201431  2.13499824  0.24413244  2.07328782 -0.08542052]\n [-1.49284322  0.26380633  0.24413244  2.88719218  1.06309723  0.1468773 ]\n [-1.13300231 -0.20860393  2.07328782  1.06309723  7.78880366 -1.08172164]\n [ 0.3549721   1.22859414 -0.08542052  0.1468773  -1.08172164  2.59872388]]", "nfev": "182", "njev": "26", "status": "0", "success": "True", "message": "Optimization terminated successfully.", "x": "[2.57816618 1.59935372 2.58305752 5.09724849 2.34865275 0.0886955 ]", "nit": "20"}, "3": {"maxiter": 100, "gtol": 1e-05, "xrtol": 1e-10, "eps": 1e-10, "duration": 0.029649019241333008, "fun": "0.006774033588214601", "jac": "[ 3.33066880e-06  7.77156053e-06 -8.88178346e-06  2.22044587e-06\n  4.44089173e-06 -5.55111543e-06]", "hess_inv": "[[ 2.95736679 -0.11749218 -0.8028252  -1.52137474 -1.16607201  0.24521974]\n [-0.11749218  1.53205862  0.2045761   0.29472857 -0.08594502  1.35428608]\n [-0.8028252   0.2045761   2.48683876  0.51485163  2.50498093  0.32395243]\n [-1.52137474  0.29472857  0.51485163  2.90103263  1.21646777  0.34686203]\n [-1.16607201 -0.08594502  2.50498093  1.21646777  8.19640096 -0.62810148]\n [ 0.24521974  1.35428608  0.32395243  0.34686203 -0.62810148  2.9332218 ]]", "nfev": "175", "njev": "25", "status": "0", "success": "True", "message": "Optimization terminated successfully.", "x": "[2.57604703 1.59193586 2.57821611 5.097937   2.3528252  0.08979696]", "nit": "19"}, "4": {"maxiter": 100, "gtol": 1e-10, "xrtol": 1e-05, "eps": 1e-05, "duration": 0.03200531005859375, "fun": "0.006774033500127397", "jac": "[ 4.40936176e-07  1.74515957e-06  8.31179570e-07  1.27897692e-07\n -3.56092933e-07 -9.82747217e-07]", "hess_inv": "[[ 2.97057554 -0.08986007 -0.71704713 -1.49407146 -1.12550211  0.34985882]\n [-0.08986007  1.47363807 -0.04796892  0.27029122 -0.32531209  1.16752789]\n [-0.71704713 -0.04796892  2.14503078  0.23191688  2.15702292 -0.12583502]\n [-1.49407146  0.27029122  0.23191688  2.88973378  1.03587277  0.14409102]\n [-1.12550211 -0.32531209  2.15702292  1.03587277  8.03482307 -1.10395142]\n [ 0.34985882  1.16752789 -0.12583502  0.14409102 -1.10395142  2.54230474]]", "nfev": "189", "njev": "27", "status": "0", "success": "True", "message": "Optimization terminated successfully.", "x": "[2.57816621 1.59935123 2.58305813 5.09724807 2.3486559  0.0886944 ]", "nit": "21"}, "5": {"maxiter": 100, "gtol": 1e-10, "xrtol": 1e-05, "eps": 1e-10, "duration": 0.030861854553222656, "fun": "0.006774033498366139", "jac": "[-1.11022293e-06 -3.33066880e-06  4.44089173e-06 -2.22044587e-06\n -2.22044587e-06  0.00000000e+00]", "hess_inv": "[[ 2.96549106 -0.08470607 -0.82050133 -1.49693267 -1.06280605  0.25348466]\n [-0.08470607  1.51865565  0.13765728  0.28955824 -0.07564473  1.28278294]\n [-0.82050133  0.13765728  2.52516333  0.46481755  2.29261663  0.30914703]\n [-1.49693267  0.28955824  0.46481755  2.9006131   1.23759543  0.29702605]\n [-1.06280605 -0.07564473  2.29261663  1.23759543  8.37532422 -0.81552339]\n [ 0.25348466  1.28278294  0.30914703  0.29702605 -0.81552339  2.86617394]]", "nfev": "182", "njev": "26", "status": "0", "success": "True", "message": "Optimization terminated successfully.", "x": "[2.57603997 1.59193237 2.5782307  5.09793358 2.35280522 0.08980776]", "nit": "20"}, "6": {"maxiter": 100, "gtol": 1e-10, "xrtol": 1e-10, "eps": 1e-05, "duration": 0.08151578903198242, "fun": "0.006774033500127397", "jac": "[ 4.40936176e-07  1.74515957e-06  8.31179570e-07  1.27897692e-07\n -3.56092933e-07 -9.82747217e-07]", "hess_inv": "[[ 2.95722133  0.38417398 -0.85055746 -1.4079245  -1.73776849  0.56988975]\n [ 0.38417398  4.72617764  0.48277448  0.3663588  -3.28990268  1.83333054]\n [-0.85055746  0.48277448  1.69230778  0.43212243  1.21236678  0.29739739]\n [-1.4079245   0.3663588   0.43212243  2.82943515  1.10600532  0.05612111]\n [-1.73776849 -3.28990268  1.21236678  1.10600532 10.34308112 -1.44196953]\n [ 0.56988975  1.83333054  0.29739739  0.05612111 -1.44196953  2.49509841]]", "nfev": "486", "njev": "68", "status": "2", "success": "False", "message": "Desired error not necessarily achieved due to precision loss.", "x": "[2.57816621 1.59935123 2.58305813 5.09724807 2.3486559  0.0886944 ]", "nit": "21"}, "7": {"maxiter": 100, "gtol": 1e-10, "xrtol": 1e-10, "eps": 1e-10, "duration": 0.04128408432006836, "fun": "0.00677403349182526", "jac": "[-1.11022293e-06  1.11022293e-06  0.00000000e+00  2.22044587e-06\n  2.22044587e-06 -3.33066926e-06]", "hess_inv": "[[ 3.5247387   2.23273173 -2.98412824  1.29459051  3.66079735  1.54560368]\n [ 2.23273173  7.13562541 -3.49019527  5.51321926 12.65167733  5.01323802]\n [-2.98412824 -3.49019527  4.0865337  -1.98270284 -6.88563352 -2.25690098]\n [ 1.29459051  5.51321926 -1.98270284  6.79848353 13.94969417  4.05326469]\n [ 3.66079735 12.65167733 -6.88563352 13.94969417 36.52813458  7.25420228]\n [ 1.54560368  5.01323802 -2.25690098  4.05326469  7.25420228  5.38706557]]", "nfev": "245", "njev": "35", "status": "0", "success": "True", "message": "Optimization terminated successfully.", "x": "[2.57604042 1.59193569 2.57822725 5.09793804 2.35281147 0.08980957]", "nit": "22"}, "8": {"maxiter": 500, "gtol": 1e-05, "xrtol": 1e-05, "eps": 1e-05, "duration": 0.030768871307373047, "fun": "0.006774033502007892", "jac": "[ 1.19471100e-07  2.20008456e-06  2.19246843e-07  1.95932159e-07\n -4.79372098e-07 -8.01370081e-07]", "hess_inv": "[[ 2.97068362 -0.08086562 -0.71710619 -1.49284322 -1.13300231  0.3549721 ]\n [-0.08086562  1.50604396  0.03201431  0.26380633 -0.20860393  1.22859414]\n [-0.71710619  0.03201431  2.13499824  0.24413244  2.07328782 -0.08542052]\n [-1.49284322  0.26380633  0.24413244  2.88719218  1.06309723  0.1468773 ]\n [-1.13300231 -0.20860393  2.07328782  1.06309723  7.78880366 -1.08172164]\n [ 0.3549721   1.22859414 -0.08542052  0.1468773  -1.08172164  2.59872388]]", "nfev": "182", "njev": "26", "status": "0", "success": "True", "message": "Optimization terminated successfully.", "x": "[2.57816618 1.59935372 2.58305752 5.09724849 2.34865275 0.0886955 ]", "nit": "20"}, "9": {"maxiter": 500, "gtol": 1e-05, "xrtol": 1e-05, "eps": 1e-10, "duration": 0.029514074325561523, "fun": "0.006774033588214601", "jac": "[ 3.33066880e-06  7.77156053e-06 -8.88178346e-06  2.22044587e-06\n  4.44089173e-06 -5.55111543e-06]", "hess_inv": "[[ 2.95736679 -0.11749218 -0.8028252  -1.52137474 -1.16607201  0.24521974]\n [-0.11749218  1.53205862  0.2045761   0.29472857 -0.08594502  1.35428608]\n [-0.8028252   0.2045761   2.48683876  0.51485163  2.50498093  0.32395243]\n [-1.52137474  0.29472857  0.51485163  2.90103263  1.21646777  0.34686203]\n [-1.16607201 -0.08594502  2.50498093  1.21646777  8.19640096 -0.62810148]\n [ 0.24521974  1.35428608  0.32395243  0.34686203 -0.62810148  2.9332218 ]]", "nfev": "175", "njev": "25", "status": "0", "success": "True", "message": "Optimization terminated successfully.", "x": "[2.57604703 1.59193586 2.57821611 5.097937   2.3528252  0.08979696]", "nit": "19"}, "10": {"maxiter": 500, "gtol": 1e-05, "xrtol": 1e-10, "eps": 1e-05, "duration": 0.030727863311767578, "fun": "0.006774033502007892", "jac": "[ 1.19471100e-07  2.20008456e-06  2.19246843e-07  1.95932159e-07\n -4.79372098e-07 -8.01370081e-07]", "hess_inv": "[[ 2.97068362 -0.08086562 -0.71710619 -1.49284322 -1.13300231  0.3549721 ]\n [-0.08086562  1.50604396  0.03201431  0.26380633 -0.20860393  1.22859414]\n [-0.71710619  0.03201431  2.13499824  0.24413244  2.07328782 -0.08542052]\n [-1.49284322  0.26380633  0.24413244  2.88719218  1.06309723  0.1468773 ]\n [-1.13300231 -0.20860393  2.07328782  1.06309723  7.78880366 -1.08172164]\n [ 0.3549721   1.22859414 -0.08542052  0.1468773  -1.08172164  2.59872388]]", "nfev": "182", "njev": "26", "status": "0", "success": "True", "message": "Optimization terminated successfully.", "x": "[2.57816618 1.59935372 2.58305752 5.09724849 2.34865275 0.0886955 ]", "nit": "20"}, "11": {"maxiter": 500, "gtol": 1e-05, "xrtol": 1e-10, "eps": 1e-10, "duration": 0.029526233673095703, "fun": "0.006774033588214601", "jac": "[ 3.33066880e-06  7.77156053e-06 -8.88178346e-06  2.22044587e-06\n  4.44089173e-06 -5.55111543e-06]", "hess_inv": "[[ 2.95736679 -0.11749218 -0.8028252  -1.52137474 -1.16607201  0.24521974]\n [-0.11749218  1.53205862  0.2045761   0.29472857 -0.08594502  1.35428608]\n [-0.8028252   0.2045761   2.48683876  0.51485163  2.50498093  0.32395243]\n [-1.52137474  0.29472857  0.51485163  2.90103263  1.21646777  0.34686203]\n [-1.16607201 -0.08594502  2.50498093  1.21646777  8.19640096 -0.62810148]\n [ 0.24521974  1.35428608  0.32395243  0.34686203 -0.62810148  2.9332218 ]]", "nfev": "175", "njev": "25", "status": "0", "success": "True", "message": "Optimization terminated successfully.", "x": "[2.57604703 1.59193586 2.57821611 5.097937   2.3528252  0.08979696]", "nit": "19"}, "12": {"maxiter": 500, "gtol": 1e-10, "xrtol": 1e-05, "eps": 1e-05, "duration": 0.031899213790893555, "fun": "0.006774033500127397", "jac": "[ 4.40936176e-07  1.74515957e-06  8.31179570e-07  1.27897692e-07\n -3.56092933e-07 -9.82747217e-07]", "hess_inv": "[[ 2.97057554 -0.08986007 -0.71704713 -1.49407146 -1.12550211  0.34985882]\n [-0.08986007  1.47363807 -0.04796892  0.27029122 -0.32531209  1.16752789]\n [-0.71704713 -0.04796892  2.14503078  0.23191688  2.15702292 -0.12583502]\n [-1.49407146  0.27029122  0.23191688  2.88973378  1.03587277  0.14409102]\n [-1.12550211 -0.32531209  2.15702292  1.03587277  8.03482307 -1.10395142]\n [ 0.34985882  1.16752789 -0.12583502  0.14409102 -1.10395142  2.54230474]]", "nfev": "189", "njev": "27", "status": "0", "success": "True", "message": "Optimization terminated successfully.", "x": "[2.57816621 1.59935123 2.58305813 5.09724807 2.3486559  0.0886944 ]", "nit": "21"}, "13": {"maxiter": 500, "gtol": 1e-10, "xrtol": 1e-05, "eps": 1e-10, "duration": 0.030623912811279297, "fun": "0.006774033498366139", "jac": "[-1.11022293e-06 -3.33066880e-06  4.44089173e-06 -2.22044587e-06\n -2.22044587e-06  0.00000000e+00]", "hess_inv": "[[ 2.96549106 -0.08470607 -0.82050133 -1.49693267 -1.06280605  0.25348466]\n [-0.08470607  1.51865565  0.13765728  0.28955824 -0.07564473  1.28278294]\n [-0.82050133  0.13765728  2.52516333  0.46481755  2.29261663  0.30914703]\n [-1.49693267  0.28955824  0.46481755  2.9006131   1.23759543  0.29702605]\n [-1.06280605 -0.07564473  2.29261663  1.23759543  8.37532422 -0.81552339]\n [ 0.25348466  1.28278294  0.30914703  0.29702605 -0.81552339  2.86617394]]", "nfev": "182", "njev": "26", "status": "0", "success": "True", "message": "Optimization terminated successfully.", "x": "[2.57603997 1.59193237 2.5782307  5.09793358 2.35280522 0.08980776]", "nit": "20"}, "14": {"maxiter": 500, "gtol": 1e-10, "xrtol": 1e-10, "eps": 1e-05, "duration": 0.08073902130126953, "fun": "0.006774033500127397", "jac": "[ 4.40936176e-07  1.74515957e-06  8.31179570e-07  1.27897692e-07\n -3.56092933e-07 -9.82747217e-07]", "hess_inv": "[[ 2.95722133  0.38417398 -0.85055746 -1.4079245  -1.73776849  0.56988975]\n [ 0.38417398  4.72617764  0.48277448  0.3663588  -3.28990268  1.83333054]\n [-0.85055746  0.48277448  1.69230778  0.43212243  1.21236678  0.29739739]\n [-1.4079245   0.3663588   0.43212243  2.82943515  1.10600532  0.05612111]\n [-1.73776849 -3.28990268  1.21236678  1.10600532 10.34308112 -1.44196953]\n [ 0.56988975  1.83333054  0.29739739  0.05612111 -1.44196953  2.49509841]]", "nfev": "486", "njev": "68", "status": "2", "success": "False", "message": "Desired error not necessarily achieved due to precision loss.", "x": "[2.57816621 1.59935123 2.58305813 5.09724807 2.3486559  0.0886944 ]", "nit": "21"}, "15": {"maxiter": 500, "gtol": 1e-10, "xrtol": 1e-10, "eps": 1e-10, "duration": 0.04113197326660156, "fun": "0.00677403349182526", "jac": "[-1.11022293e-06  1.11022293e-06  0.00000000e+00  2.22044587e-06\n  2.22044587e-06 -3.33066926e-06]", "hess_inv": "[[ 3.5247387   2.23273173 -2.98412824  1.29459051  3.66079735  1.54560368]\n [ 2.23273173  7.13562541 -3.49019527  5.51321926 12.65167733  5.01323802]\n [-2.98412824 -3.49019527  4.0865337  -1.98270284 -6.88563352 -2.25690098]\n [ 1.29459051  5.51321926 -1.98270284  6.79848353 13.94969417  4.05326469]\n [ 3.66079735 12.65167733 -6.88563352 13.94969417 36.52813458  7.25420228]\n [ 1.54560368  5.01323802 -2.25690098  4.05326469  7.25420228  5.38706557]]", "nfev": "245", "njev": "35", "status": "0", "success": "True", "message": "Optimization terminated successfully.", "x": "[2.57604042 1.59193569 2.57822725 5.09793804 2.35281147 0.08980957]", "nit": "22"}, "16": {"maxiter": 1000, "gtol": 1e-05, "xrtol": 1e-05, "eps": 1e-05, "duration": 0.0306549072265625, "fun": "0.006774033502007892", "jac": "[ 1.19471100e-07  2.20008456e-06  2.19246843e-07  1.95932159e-07\n -4.79372098e-07 -8.01370081e-07]", "hess_inv": "[[ 2.97068362 -0.08086562 -0.71710619 -1.49284322 -1.13300231  0.3549721 ]\n [-0.08086562  1.50604396  0.03201431  0.26380633 -0.20860393  1.22859414]\n [-0.71710619  0.03201431  2.13499824  0.24413244  2.07328782 -0.08542052]\n [-1.49284322  0.26380633  0.24413244  2.88719218  1.06309723  0.1468773 ]\n [-1.13300231 -0.20860393  2.07328782  1.06309723  7.78880366 -1.08172164]\n [ 0.3549721   1.22859414 -0.08542052  0.1468773  -1.08172164  2.59872388]]", "nfev": "182", "njev": "26", "status": "0", "success": "True", "message": "Optimization terminated successfully.", "x": "[2.57816618 1.59935372 2.58305752 5.09724849 2.34865275 0.0886955 ]", "nit": "20"}, "17": {"maxiter": 1000, "gtol": 1e-05, "xrtol": 1e-05, "eps": 1e-10, "duration": 0.029457807540893555, "fun": "0.006774033588214601", "jac": "[ 3.33066880e-06  7.77156053e-06 -8.88178346e-06  2.22044587e-06\n  4.44089173e-06 -5.55111543e-06]", "hess_inv": "[[ 2.95736679 -0.11749218 -0.8028252  -1.52137474 -1.16607201  0.24521974]\n [-0.11749218  1.53205862  0.2045761   0.29472857 -0.08594502  1.35428608]\n [-0.8028252   0.2045761   2.48683876  0.51485163  2.50498093  0.32395243]\n [-1.52137474  0.29472857  0.51485163  2.90103263  1.21646777  0.34686203]\n [-1.16607201 -0.08594502  2.50498093  1.21646777  8.19640096 -0.62810148]\n [ 0.24521974  1.35428608  0.32395243  0.34686203 -0.62810148  2.9332218 ]]", "nfev": "175", "njev": "25", "status": "0", "success": "True", "message": "Optimization terminated successfully.", "x": "[2.57604703 1.59193586 2.57821611 5.097937   2.3528252  0.08979696]", "nit": "19"}, "18": {"maxiter": 1000, "gtol": 1e-05, "xrtol": 1e-10, "eps": 1e-05, "duration": 0.030611276626586914, "fun": "0.006774033502007892", "jac": "[ 1.19471100e-07  2.20008456e-06  2.19246843e-07  1.95932159e-07\n -4.79372098e-07 -8.01370081e-07]", "hess_inv": "[[ 2.97068362 -0.08086562 -0.71710619 -1.49284322 -1.13300231  0.3549721 ]\n [-0.08086562  1.50604396  0.03201431  0.26380633 -0.20860393  1.22859414]\n [-0.71710619  0.03201431  2.13499824  0.24413244  2.07328782 -0.08542052]\n [-1.49284322  0.26380633  0.24413244  2.88719218  1.06309723  0.1468773 ]\n [-1.13300231 -0.20860393  2.07328782  1.06309723  7.78880366 -1.08172164]\n [ 0.3549721   1.22859414 -0.08542052  0.1468773  -1.08172164  2.59872388]]", "nfev": "182", "njev": "26", "status": "0", "success": "True", "message": "Optimization terminated successfully.", "x": "[2.57816618 1.59935372 2.58305752 5.09724849 2.34865275 0.0886955 ]", "nit": "20"}, "19": {"maxiter": 1000, "gtol": 1e-05, "xrtol": 1e-10, "eps": 1e-10, "duration": 0.029394865036010742, "fun": "0.006774033588214601", "jac": "[ 3.33066880e-06  7.77156053e-06 -8.88178346e-06  2.22044587e-06\n  4.44089173e-06 -5.55111543e-06]", "hess_inv": "[[ 2.95736679 -0.11749218 -0.8028252  -1.52137474 -1.16607201  0.24521974]\n [-0.11749218  1.53205862  0.2045761   0.29472857 -0.08594502  1.35428608]\n [-0.8028252   0.2045761   2.48683876  0.51485163  2.50498093  0.32395243]\n [-1.52137474  0.29472857  0.51485163  2.90103263  1.21646777  0.34686203]\n [-1.16607201 -0.08594502  2.50498093  1.21646777  8.19640096 -0.62810148]\n [ 0.24521974  1.35428608  0.32395243  0.34686203 -0.62810148  2.9332218 ]]", "nfev": "175", "njev": "25", "status": "0", "success": "True", "message": "Optimization terminated successfully.", "x": "[2.57604703 1.59193586 2.57821611 5.097937   2.3528252  0.08979696]", "nit": "19"}, "20": {"maxiter": 1000, "gtol": 1e-10, "xrtol": 1e-05, "eps": 1e-05, "duration": 0.031928062438964844, "fun": "0.006774033500127397", "jac": "[ 4.40936176e-07  1.74515957e-06  8.31179570e-07  1.27897692e-07\n -3.56092933e-07 -9.82747217e-07]", "hess_inv": "[[ 2.97057554 -0.08986007 -0.71704713 -1.49407146 -1.12550211  0.34985882]\n [-0.08986007  1.47363807 -0.04796892  0.27029122 -0.32531209  1.16752789]\n [-0.71704713 -0.04796892  2.14503078  0.23191688  2.15702292 -0.12583502]\n [-1.49407146  0.27029122  0.23191688  2.88973378  1.03587277  0.14409102]\n [-1.12550211 -0.32531209  2.15702292  1.03587277  8.03482307 -1.10395142]\n [ 0.34985882  1.16752789 -0.12583502  0.14409102 -1.10395142  2.54230474]]", "nfev": "189", "njev": "27", "status": "0", "success": "True", "message": "Optimization terminated successfully.", "x": "[2.57816621 1.59935123 2.58305813 5.09724807 2.3486559  0.0886944 ]", "nit": "21"}, "21": {"maxiter": 1000, "gtol": 1e-10, "xrtol": 1e-05, "eps": 1e-10, "duration": 0.030946016311645508, "fun": "0.006774033498366139", "jac": "[-1.11022293e-06 -3.33066880e-06  4.44089173e-06 -2.22044587e-06\n -2.22044587e-06  0.00000000e+00]", "hess_inv": "[[ 2.96549106 -0.08470607 -0.82050133 -1.49693267 -1.06280605  0.25348466]\n [-0.08470607  1.51865565  0.13765728  0.28955824 -0.07564473  1.28278294]\n [-0.82050133  0.13765728  2.52516333  0.46481755  2.29261663  0.30914703]\n [-1.49693267  0.28955824  0.46481755  2.9006131   1.23759543  0.29702605]\n [-1.06280605 -0.07564473  2.29261663  1.23759543  8.37532422 -0.81552339]\n [ 0.25348466  1.28278294  0.30914703  0.29702605 -0.81552339  2.86617394]]", "nfev": "182", "njev": "26", "status": "0", "success": "True", "message": "Optimization terminated successfully.", "x": "[2.57603997 1.59193237 2.5782307  5.09793358 2.35280522 0.08980776]", "nit": "20"}, "22": {"maxiter": 1000, "gtol": 1e-10, "xrtol": 1e-10, "eps": 1e-05, "duration": 0.08162903785705566, "fun": "0.006774033500127397", "jac": "[ 4.40936176e-07  1.74515957e-06  8.31179570e-07  1.27897692e-07\n -3.56092933e-07 -9.82747217e-07]", "hess_inv": "[[ 2.95722133  0.38417398 -0.85055746 -1.4079245  -1.73776849  0.56988975]\n [ 0.38417398  4.72617764  0.48277448  0.3663588  -3.28990268  1.83333054]\n [-0.85055746  0.48277448  1.69230778  0.43212243  1.21236678  0.29739739]\n [-1.4079245   0.3663588   0.43212243  2.82943515  1.10600532  0.05612111]\n [-1.73776849 -3.28990268  1.21236678  1.10600532 10.34308112 -1.44196953]\n [ 0.56988975  1.83333054  0.29739739  0.05612111 -1.44196953  2.49509841]]", "nfev": "486", "njev": "68", "status": "2", "success": "False", "message": "Desired error not necessarily achieved due to precision loss.", "x": "[2.57816621 1.59935123 2.58305813 5.09724807 2.3486559  0.0886944 ]", "nit": "21"}, "23": {"maxiter": 1000, "gtol": 1e-10, "xrtol": 1e-10, "eps": 1e-10, "duration": 0.04133105278015137, "fun": "0.00677403349182526", "jac": "[-1.11022293e-06  1.11022293e-06  0.00000000e+00  2.22044587e-06\n  2.22044587e-06 -3.33066926e-06]", "hess_inv": "[[ 3.5247387   2.23273173 -2.98412824  1.29459051  3.66079735  1.54560368]\n [ 2.23273173  7.13562541 -3.49019527  5.51321926 12.65167733  5.01323802]\n [-2.98412824 -3.49019527  4.0865337  -1.98270284 -6.88563352 -2.25690098]\n [ 1.29459051  5.51321926 -1.98270284  6.79848353 13.94969417  4.05326469]\n [ 3.66079735 12.65167733 -6.88563352 13.94969417 36.52813458  7.25420228]\n [ 1.54560368  5.01323802 -2.25690098  4.05326469  7.25420228  5.38706557]]", "nfev": "245", "njev": "35", "status": "0", "success": "True", "message": "Optimization terminated successfully.", "x": "[2.57604042 1.59193569 2.57822725 5.09793804 2.35281147 0.08980957]", "nit": "22"}}, "cobyla": {"0": {"maxiter": 100, "tol": 1e-05, "catol": 1e-05, "duration": 0.01613903045654297, "x": "[5.07945968 1.71406587 6.62310188 0.81581195 2.79540891 2.78488431]", "status": "2", "success": "False", "message": "Maximum number of function evaluations has been exceeded.", "nfev": "100", "fun": "0.006774101859936987", "maxcv": "0.0"}, "1": {"maxiter": 100, "tol": 1e-05, "catol": 1e-10, "duration": 0.01609182357788086, "x": "[5.07945968 1.71406587 6.62310188 0.81581195 2.79540891 2.78488431]", "status": "2", "success": "False", "message": "Maximum number of function evaluations has been exceeded.", "nfev": "100", "fun": "0.006774101859936987", "maxcv": "0.0"}, "2": {"maxiter": 100, "tol": 1e-10, "catol": 1e-05, "duration": 0.01609325408935547, "x": "[5.07945968 1.71406587 6.62310188 0.81581195 2.79540891 2.78488431]", "status": "2", "success": "False", "message": "Maximum number of function evaluations has been exceeded.", "nfev": "100", "fun": "0.006774101859936987", "maxcv": "0.0"}, "3": {"maxiter": 100, "tol": 1e-10, "catol": 1e-10, "duration": 0.016085147857666016, "x": "[5.07945968 1.71406587 6.62310188 0.81581195 2.79540891 2.78488431]", "status": "2", "success": "False", "message": "Maximum number of function evaluations has been exceeded.", "nfev": "100", "fun": "0.006774101859936987", "maxcv": "0.0"}, "4": {"maxiter": 500, "tol": 1e-05, "catol": 1e-05, "duration": 0.022828102111816406, "x": "[5.07978209 1.7147991  6.62285276 0.816073   2.79564367 2.78448121]", "status": "1", "success": "True", "message": "Optimization terminated successfully.", "nfev": "141", "fun": "0.006774033497077614", "maxcv": "0.0"}, "5": {"maxiter": 500, "tol": 1e-05, "catol": 1e-10, "duration": 0.022676944732666016, "x": "[5.07978209 1.7147991  6.62285276 0.816073   2.79564367 2.78448121]", "status": "1", "success": "True", "message": "Optimization terminated successfully.", "nfev": "141", "fun": "0.006774033497077614", "maxcv": "0.0"}, "6": {"maxiter": 500, "tol": 1e-10, "catol": 1e-05, "duration": 0.038439035415649414, "x": "[5.07977756 1.71479439 6.6228507  0.81607749 2.79563757 2.78448194]", "status": "1", "success": "True", "message": "Optimization terminated successfully.", "nfev": "239", "fun": "0.006774033474332142", "maxcv": "0.0"}, "7": {"maxiter": 500, "tol": 1e-10, "catol": 1e-10, "duration": 0.03838300704956055, "x": "[5.07977756 1.71479439 6.6228507  0.81607749 2.79563757 2.78448194]", "status": "1", "success": "True", "message": "Optimization terminated successfully.", "nfev": "239", "fun": "0.006774033474332142", "maxcv": "0.0"}, "8": {"maxiter": 1000, "tol": 1e-05, "catol": 1e-05, "duration": 0.022656917572021484, "x": "[5.07978209 1.7147991  6.62285276 0.816073   2.79564367 2.78448121]", "status": "1", "success": "True", "message": "Optimization terminated successfully.", "nfev": "141", "fun": "0.006774033497077614", "maxcv": "0.0"}, "9": {"maxiter": 1000, "tol": 1e-05, "catol": 1e-10, "duration": 0.02260899543762207, "x": "[5.07978209 1.7147991  6.62285276 0.816073   2.79564367 2.78448121]", "status": "1", "success": "True", "message": "Optimization terminated successfully.", "nfev": "141", "fun": "0.006774033497077614", "maxcv": "0.0"}, "10": {"maxiter": 1000, "tol": 1e-10, "catol": 1e-05, "duration": 0.038359642028808594, "x": "[5.07977756 1.71479439 6.6228507  0.81607749 2.79563757 2.78448194]", "status": "1", "success": "True", "message": "Optimization terminated successfully.", "nfev": "239", "fun": "0.006774033474332142", "maxcv