{"date": "2024/09/24/, 04:46:58", "conf_id": 266, "data_type": "var_s_rank\n", "num_data_points": 2, "s_rank": 0, "unitary": "[[-0.56303964-0.00798273j,-0.21670212-0.15784972j,-0.06047197-0.73952673j,-0.01438004+0.24552571j],[-0.06976756+0.23474685j,-0.01275565-0.5435098j,-0.02703657-0.08917885j,-0.08210486-0.79311774j],[-0.38559961+0.10714929j,0.5933431-0.2687392j,-0.24060861+0.29149289j,-0.45147719+0.26241743j],[-0.50180421+0.45931857j,-0.11617175+0.44134496j,0.49642745+0.22684508j,-0.08544628-0.15407063j]]", "databatch_0": {"databatch": "[[[-0.39855649-0.13134146j,0.12597941-0.20645222j,0.14106342-0.19558763j,0.03732682+0.04531702j],[0.01089669-0.38083386j,0.13296891-0.0601765j,-0.00591524-0.06146842j,0.10311399+0.16787153j],[-0.11968966-0.30376488j,0.16421426+0.07247324j,-0.06398958-0.19578744j,0.18696204-0.06612413j],[0.25414716-0.31828641j,0.09351331-0.02326374j,0.11731539+0.07324829j,-0.05086813+0.27794952j]],[[0.045617-0.56230886j,-0.26805826-0.1073008j,-0.2436313-0.12762749j,0.26557916-0.00815024j],[-0.06885202+0.48510859j,0.22679739+0.10699293j,0.20456144+0.12334185j,-0.23066495-0.00677504j],[0.12269322-0.02250972j,0.00753897-0.06339602j,0.01328057-0.05934565j,0.01697256+0.05624501j],[-0.0276911+0.07899864j,0.03444252+0.02548115j,0.03017197+0.02748038j,-0.03842771-0.00881609j]]]", "initial param values": "[5.37495139,5.40075937,5.00381717,0.4779191,2.34469733,0.56798843]", "nelder_mead": {"type": "gradient-free", "0": {"maxiter": 100, "fatol": 1e-05, "xatol": 1e-05, "duration": 0.03834199905395508, "fun": "0.2964041317570547", "nit": "100", "nfev": "156", "status": "2", "success": "False", "message": "Maximum number of iterations has been exceeded.", "x": "[3.54531098 1.99968256 2.55494236 1.09680265 2.32749886 1.59899687]", "final_simplex": "(array([[3.54531098, 1.99968256, 2.55494236, 1.09680265, 2.32749886,\n        1.59899687],\n       [3.48865575, 2.17319871, 2.64848178, 1.07555111, 2.4133537 ,\n        1.53630359],\n       [3.50499604, 1.92469076, 2.41313944, 1.11986278, 2.34165244,\n        1.61645664],\n       [3.51321573, 1.82578153, 2.29766919, 1.14325137, 2.44897898,\n        1.59042338],\n       [3.50115276, 1.91280988, 2.49106574, 1.12029161, 2.48883996,\n        1.54884144],\n       [3.52523488, 1.9584936 , 2.44693055, 1.10604637, 2.32331138,\n        1.61213969],\n       [3.44347024, 2.25874489, 2.75020255, 1.06251693, 2.40581292,\n        1.50312307]]), array([0.29640413, 0.2964591 , 0.2965051 , 0.29665555, 0.29691803,\n       0.29708516, 0.29772387]))", "callback": [0.5039968459226587, 0.45964799714304505, 0.45538370917189186, 0.4481527937430638, 0.4461255792473453, 0.43130968867107033, 0.40064554566582333, 0.30688451618726886, 0.2981814885913203]}, "1": {"maxiter": 100, "fatol": 1e-05, "xatol": 1e-10, "duration": 0.036100149154663086, "fun": "0.2964041317570547", "nit": "100", "nfev": "156", "status": "2", "success": "False", "message": "Maximum number of iterations has been exceeded.", "x": "[3.54531098 1.99968256 2.55494236 1.09680265 2.32749886 1.59899687]", "final_simplex": "(array([[3.54531098, 1.99968256, 2.55494236, 1.09680265, 2.32749886,\n        1.59899687],\n       [3.48865575, 2.17319871, 2.64848178, 1.07555111, 2.4133537 ,\n        1.53630359],\n       [3.50499604, 1.92469076, 2.41313944, 1.11986278, 2.34165244,\n        1.61645664],\n       [3.51321573, 1.82578153, 2.29766919, 1.14325137, 2.44897898,\n        1.59042338],\n       [3.50115276, 1.91280988, 2.49106574, 1.12029161, 2.48883996,\n        1.54884144],\n       [3.52523488, 1.9584936 , 2.44693055, 1.10604637, 2.32331138,\n        1.61213969],\n       [3.44347024, 2.25874489, 2.75020255, 1.06251693, 2.40581292,\n        1.50312307]]), array([0.29640413, 0.2964591 , 0.2965051 , 0.29665555, 0.29691803,\n       0.29708516, 0.29772387]))", "callback": [0.5039968459226587, 0.45964799714304505, 0.45538370917189186, 0.4481527937430638, 0.4461255792473453, 0.43130968867107033, 0.40064554566582333, 0.30688451618726886, 0.2981814885913203]}, "2": {"maxiter": 100, "fatol": 1e-10, "xatol": 1e-05, "duration": 0.03449702262878418, "fun": "0.2964041317570547", "nit": "100", "nfev": "156", "status": "2", "success": "False", "message": "Maximum number of iterations has been exceeded.", "x": "[3.54531098 1.99968256 2.55494236 1.09680265 2.32749886 1.59899687]", "final_simplex": "(array([[3.54531098, 1.99968256, 2.55494236, 1.09680265, 2.32749886,\n        1.59899687],\n       [3.48865575, 2.17319871, 2.64848178, 1.07555111, 2.4133537 ,\n        1.53630359],\n       [3.50499604, 1.92469076, 2.41313944, 1.11986278, 2.34165244,\n        1.61645664],\n       [3.51321573, 1.82578153, 2.29766919, 1.14325137, 2.44897898,\n        1.59042338],\n       [3.50115276, 1.91280988, 2.49106574, 1.12029161, 2.48883996,\n        1.54884144],\n       [3.52523488, 1.9584936 , 2.44693055, 1.10604637, 2.32331138,\n        1.61213969],\n       [3.44347024, 2.25874489, 2.75020255, 1.06251693, 2.40581292,\n        1.50312307]]), array([0.29640413, 0.2964591 , 0.2965051 , 0.29665555, 0.29691803,\n       0.29708516, 0.29772387]))", "callback": [0.5039968459226587, 0.45964799714304505, 0.45538370917189186, 0.4481527937430638, 0.4461255792473453, 0.43130968867107033, 0.40064554566582333, 0.30688451618726886, 0.2981814885913203]}, "3": {"maxiter": 100, "fatol": 1e-10, "xatol": 1e-10, "duration": 0.03480815887451172, "fun": "0.2964041317570547", "nit": "100", "nfev": "156", "status": "2", "success": "False", "message": "Maximum number of iterations has been exceeded.", "x": "[3.54531098 1.99968256 2.55494236 1.09680265 2.32749886 1.59899687]", "final_simplex": "(array([[3.54531098, 1.99968256, 2.55494236, 1.09680265, 2.32749886,\n        1.59899687],\n       [3.48865575, 2.17319871, 2.64848178, 1.07555111, 2.4133537 ,\n        1.53630359],\n       [3.50499604, 1.92469076, 2.41313944, 1.11986278, 2.34165244,\n        1.61645664],\n       [3.51321573, 1.82578153, 2.29766919, 1.14325137, 2.44897898,\n        1.59042338],\n       [3.50115276, 1.91280988, 2.49106574, 1.12029161, 2.48883996,\n        1.54884144],\n       [3.52523488, 1.9584936 , 2.44693055, 1.10604637, 2.32331138,\n        1.61213969],\n       [3.44347024, 2.25874489, 2.75020255, 1.06251693, 2.40581292,\n        1.50312307]]), array([0.29640413, 0.2964591 , 0.2965051 , 0.29665555, 0.29691803,\n       0.29708516, 0.29772387]))", "callback": [0.5039968459226587, 0.45964799714304505, 0.45538370917189186, 0.4481527937430638, 0.4461255792473453, 0.43130968867107033, 0.40064554566582333, 0.30688451618726886, 0.2981814885913203]}, "4": {"maxiter": 500, "fatol": 1e-05, "xatol": 1e-05, "duration": 0.17148399353027344, "fun": "0.14740754960957358", "nit": "500", "nfev": "767", "status": "2", "success": "False", "message": "Maximum number of iterations has been exceeded.", "x": "[ 2.48390486 -0.28986923  0.3735023   2.61601236  2.65004887  1.3775932 ]", "final_simplex": "(array([[ 2.48390486, -0.28986923,  0.3735023 ,  2.61601236,  2.65004887,\n         1.3775932 ],\n       [ 2.50260095, -0.26124942,  0.40051156,  2.60850851,  2.64867908,\n         1.37008883],\n       [ 2.49432174, -0.2872804 ,  0.37741155,  2.60562487,  2.65443712,\n         1.37650714],\n       [ 2.49211863, -0.26378544,  0.38771933,  2.60078684,  2.65235508,\n         1.37286237],\n       [ 2.50997842, -0.28337772,  0.37348153,  2.61590436,  2.66301049,\n         1.38126061],\n       [ 2.48641588, -0.25741798,  0.41067317,  2.62336917,  2.65609348,\n         1.37379644],\n       [ 2.50118599, -0.28459749,  0.38867647,  2.6114589 ,  2.62961777,\n         1.35650233]]), array([0.14740755, 0.14741536, 0.14742793, 0.14745153, 0.14746135,\n       0.14746448, 0.14747166]))", "callback": [0.5039968459226587, 0.45964799714304505, 0.45538370917189186, 0.4481527937430638, 0.4461255792473453, 0.43130968867107033, 0.40064554566582333, 0.30688451618726886, 0.2981814885913203, 0.2955779629459996, 0.2950195012488941, 0.2941908549849993, 0.29303969592869894, 0.2907385384560477, 0.2864404602831063, 0.2690350900824532, 0.2312635860412342, 0.2083929902215278, 0.19534790008556202, 0.18701267340611305, 0.18553559012874854, 0.18542280603959016, 0.18458654630948013, 0.18287374775922183, 0.17824034626130136, 0.16770949512348432, 0.16009848716903208, 0.1505967440021232, 0.1492680703647702, 0.14877348287805137, 0.1486846943210226, 0.14867258397921512, 0.1486680251504191, 0.14866720717278947, 0.14866693930727037, 0.1486669162489369, 0.14866686137669283, 0.14866674400826474, 0.14866650444472707, 0.148665593507735, 0.1486632479579506, 0.1486574292477304, 0.14863781484078886, 0.14859608783852274, 0.1485514809523314, 0.14843820116454276, 0.14793799990529188, 0.1476568876754859, 0.14747166206179618]}, "5": {"maxiter": 500, "fatol": 1e-05, "xatol": 1e-10, "duration": 0.19902825355529785, "fun": "0.14740754960957358", "nit": "500", "nfev": "767", "status": "2", "success": "False", "message": "Maximum number of iterations has been exceeded.", "x": "[ 2.48390486 -0.28986923  0.3735023   2.61601236  2.65004887  1.3775932 ]", "final_simplex": "(array([[ 2.48390486, -0.28986923,  0.3735023 ,  2.61601236,  2.65004887,\n         1.3775932 ],\n       [ 2.50260095, -0.26124942,  0.40051156,  2.60850851,  2.64867908,\n         1.37008883],\n       [ 2.49432174, -0.2872804 ,  0.37741155,  2.60562487,  2.65443712,\n         1.37650714],\n       [ 2.49211863, -0.26378544,  0.38771933,  2.60078684,  2.65235508,\n         1.37286237],\n       [ 2.50997842, -0.28337772,  0.37348153,  2.61590436,  2.66301049,\n         1.38126061],\n       [ 2.48641588, -0.25741798,  0.41067317,  2.62336917,  2.65609348,\n         1.37379644],\n       [ 2.50118599, -0.28459749,  0.38867647,  2.6114589 ,  2.62961777,\n         1.35650233]]), array([0.14740755, 0.14741536, 0.14742793, 0.14745153, 0.14746135,\n       0.14746448, 0.14747166]))", "callback": [0.5039968459226587, 0.45964799714304505, 0.45538370917189186, 0.4481527937430638, 0.4461255792473453, 0.43130968867107033, 0.40064554566582333, 0.30688451618726886, 0.2981814885913203, 0.2955779629459996, 0.2950195012488941, 0.2941908549849993, 0.29303969592869894, 0.2907385384560477, 0.2864404602831063, 0.2690350900824532, 0.2312635860412342, 0.2083929902215278, 0.19534790008556202, 0.18701267340611305, 0.18553559012874854, 0.18542280603959016, 0.18458654630948013, 0.18287374775922183, 0.17824034626130136, 0.16770949512348432, 0.16009848716903208, 0.1505967440021232, 0.1492680703647702, 0.14877348287805137, 0.1486846943210226, 0.14867258397921512, 0.1486680251504191, 0.14866720717278947, 0.14866693930727037, 0.1486669162489369, 0.14866686137669283, 0.14866674400826474, 0.14866650444472707, 0.148665593507735, 0.1486632479579506, 0.1486574292477304, 0.14863781484078886, 0.14859608783852274, 0.1485514809523314, 0.14843820116454276, 0.14793799990529188, 0.1476568876754859, 0.14747166206179618]}, "6": {"maxiter": 500, "fatol": 1e-10, "xatol": 1e-05, "duration": 0.244476318359375, "fun": "0.14740754960957358", "nit": "500", "nfev": "767", "status": "2", "success": "False", "message": "Maximum number of iterations has been exceeded.", "x": "[ 2.48390486 -0.28986923  0.3735023   2.61601236  2.65004887  1.3775932 ]", "final_simplex": "(array([[ 2.48390486, -0.28986923,  0.3735023 ,  2.61601236,  2.65004887,\n         1.3775932 ],\n       [ 2.50260095, -0.26124942,  0.40051156,  2.60850851,  2.64867908,\n         1.37008883],\n       [ 2.49432174, -0.2872804 ,  0.37741155,  2.60562487,  2.65443712,\n         1.37650714],\n       [ 2.49211863, -0.26378544,  0.38771933,  2.60078684,  2.65235508,\n         1.37286237],\n       [ 2.50997842, -0.28337772,  0.37348153,  2.61590436,  2.66301049,\n         1.38126061],\n       [ 2.48641588, -0.25741798,  0.41067317,  2.62336917,  2.65609348,\n         1.37379644],\n       [ 2.50118599, -0.28459749,  0.38867647,  2.6114589 ,  2.62961777,\n         1.35650233]]), array([0.14740755, 0.14741536, 0.14742793, 0.14745153, 0.14746135,\n       0.14746448, 0.14747166]))", "callback": [0.5039968459226587, 0.45964799714304505, 0.45538370917189186, 0.4481527937430638, 0.4461255792473453, 0.43130968867107033, 0.40064554566582333, 0.30688451618726886, 0.2981814885913203, 0.2955779629459996, 0.2950195012488941, 0.2941908549849993, 0.29303969592869894, 0.2907385384560477, 0.2864404602831063, 0.2690350900824532, 0.2312635860412342, 0.2083929902215278, 0.19534790008556202, 0.18701267340611305, 0.18553559012874854, 0.18542280603959016, 0.18458654630948013, 0.18287374775922183, 0.17824034626130136, 0.16770949512348432, 0.16009848716903208, 0.1505967440021232, 0.1492680703647702, 0.14877348287805137, 0.1486846943210226, 0.14867258397921512, 0.1486680251504191, 0.14866720717278947, 0.14866693930727037, 0.1486669162489369, 0.14866686137669283, 0.14866674400826474, 0.14866650444472707, 0.148665593507735, 0.1486632479579506, 0.1486574292477304, 0.14863781484078886, 0.14859608783852274, 0.1485514809523314, 0.14843820116454276, 0.14793799990529188, 0.1476568876754859, 0.14747166206179618]}, "7": {"maxiter": 500, "fatol": 1e-10, "xatol": 1e-10, "duration": 0.20979785919189453, "fun": "0.14740754960957358", "nit": "500", "nfev": "767", "status": "2", "success": "False", "message": "Maximum number of iterations has been exceeded.", "x": "[ 2.48390486 -0.28986923  0.3735023   2.61601236  2.65004887  1.3775932 ]", "final_simplex": "(array([[ 2.48390486, -0.28986923,  0.3735023 ,  2.61601236,  2.65004887,\n         1.3775932 ],\n       [ 2.50260095, -0.26124942,  0.40051156,  2.60850851,  2.64867908,\n         1.37008883],\n       [ 2.49432174, -0.2872804 ,  0.37741155,  2.60562487,  2.65443712,\n         1.37650714],\n       [ 2.49211863, -0.26378544,  0.38771933,  2.60078684,  2.65235508,\n         1.37286237],\n       [ 2.50997842, -0.28337772,  0.37348153,  2.61590436,  2.66301049,\n         1.38126061],\n       [ 2.48641588, -0.25741798,  0.41067317,  2.62336917,  2.65609348,\n         1.37379644],\n       [ 2.50118599, -0.28459749,  0.38867647,  2.6114589 ,  2.62961777,\n         1.35650233]]), array([0.14740755, 0.14741536, 0.14742793, 0.14745153, 0.14746135,\n       0.14746448, 0.14747166]))", "callback": [0.5039968459226587, 0.45964799714304505, 0.45538370917189186, 0.4481527937430638, 0.4461255792473453, 0.43130968867107033, 0.40064554566582333, 0.30688451618726886, 0.2981814885913203, 0.2955779629459996, 0.2950195012488941, 0.2941908549849993, 0.29303969592869894, 0.2907385384560477, 0.2864404602831063, 0.2690350900824532, 0.2312635860412342, 0.2083929902215278, 0.19534790008556202, 0.18701267340611305, 0.18553559012874854, 0.18542280603959016, 0.18458654630948013, 0.18287374775922183, 0.17824034626130136, 0.16770949512348432, 0.16009848716903208, 0.1505967440021232, 0.1492680703647702, 0.14877348287805137, 0.1486846943210226, 0.14867258397921512, 0.1486680251504191, 0.14866720717278947, 0.14866693930727037, 0.1486669162489369, 0.14866686137669283, 0.14866674400826474, 0.14866650444472707, 0.148665593507735, 0.1486632479579506, 0.1486574292477304, 0.14863781484078886, 0.14859608783852274, 0.1485514809523314, 0.14843820116454276, 0.14793799990529188, 0.1476568876754859, 0.14747166206179618]}, "8": {"maxiter": 1000, "fatol": 1e-05, "xatol": 1e-05, "duration": 0.3097848892211914, "fun": "0.14695003976710042", "nit": "679", "nfev": "1051", "status": "0", "success": "True", "message": "Optimization terminated successfully.", "x": "[ 2.48811885 -0.27172146  0.39167985  2.60444341  2.68588343  1.44790681]", "final_simplex": "(array([[ 2.48811885, -0.27172146,  0.39167985,  2.60444341,  2.68588343,\n         1.44790681],\n       [ 2.48812165, -0.27171592,  0.39168034,  2.60444157,  2.6858911 ,\n         1.4479118 ],\n       [ 2.48811945, -0.27171753,  0.3916768 ,  2.60444585,  2.68588902,\n         1.44790899],\n       [ 2.4881203 , -0.27172116,  0.391677  ,  2.60444045,  2.68588944,\n         1.44791015],\n       [ 2.48811499, -0.27171947,  0.39167663,  2.60444225,  2.68588006,\n         1.44790203],\n       [ 2.48811868, -0.27172102,  0.39167884,  2.60444858,  2.68588921,\n         1.4479066 ],\n       [ 2.48812037, -0.27172435,  0.39167156,  2.60443841,  2.68587693,\n         1.44790025]]), array([0.14695004, 0.14695004, 0.14695004, 0.14695004, 0.14695004,\n       0.14695004, 0.14695004]))", "callback": [0.5039968459226587, 0.45964799714304505, 0.45538370917189186, 0.4481527937430638, 0.4461255792473453, 0.43130968867107033, 0.40064554566582333, 0.30688451618726886, 0.2981814885913203, 0.2955779629459996, 0.2950195012488941, 0.2941908549849993, 0.29303969592869894, 0.2907385384560477, 0.2864404602831063, 0.2690350900824532, 0.2312635860412342, 0.2083929902215278, 0.19534790008556202, 0.18701267340611305, 0.18553559012874854, 0.18542280603959016, 0.18458654630948013, 0.18287374775922183, 0.17824034626130136, 0.16770949512348432, 0.16009848716903208, 0.1505967440021232, 0.1492680703647702, 0.14877348287805137, 0.1486846943210226, 0.14867258397921512, 0.1486680251504191, 0.14866720717278947, 0.14866693930727037, 0.1486669162489369, 0.14866686137669283, 0.14866674400826474, 0.14866650444472707, 0.148665593507735, 0.1486632479579506, 0.1486574292477304, 0.14863781484078886, 0.14859608783852274, 0.1485514809523314, 0.14843820116454276, 0.14793799990529188, 0.1476568876754859, 0.14747166206179618, 0.14740754960957358, 0.14731685892610114, 0.14718526506936624, 0.1471397138609718, 0.14707667512929334, 0.1469814896698718, 0.1469577518865769, 0.1469510612402145, 0.1469510612402145, 0.14695022246592426, 0.14695008736353465, 0.14695004634006215, 0.1469500403162468, 0.14695004002672474, 0.14695003988043964, 0.14695003980461596, 0.14695003978264864, 0.1469500397739686]}, "9": {"maxiter": 1000, "fatol": 1e-05, "xatol": 1e-10, "duration": 0.3140552043914795, "fun": "0.14695003976395649", "nit": "806", "nfev": "1304", "status": "0", "success": "True", "message": "Optimization terminated successfully.", "x": "[ 2.48812004 -0.27171532  0.39168316  2.60444469  2.68588575  1.44790753]", "final_simplex": "(array([[ 2.48812004, -0.27171532,  0.39168316,  2.60444469,  2.68588575,\n         1.44790753],\n       [ 2.48812004, -0.27171532,  0.39168316,  2.60444469,  2.68588575,\n         1.44790753],\n       [ 2.48812004, -0.27171532,  0.39168316,  2.60444469,  2.68588575,\n         1.44790753],\n       [ 2.48812004, -0.27171532,  0.39168316,  2.60444469,  2.68588575,\n         1.44790753],\n       [ 2.48812004, -0.27171532,  0.39168316,  2.60444469,  2.68588575,\n         1.44790753],\n       [ 2.48812004, -0.27171532,  0.39168316,  2.60444469,  2.68588575,\n         1.44790753],\n       [ 2.48812004, -0.27171532,  0.39168316,  2.60444469,  2.68588575,\n         1.44790753]]), array([0.14695004, 0.14695004, 0.14695004, 0.14695004, 0.14695004,\n       0.14695004, 0.14695004]))", "callback": [0.5039968459226587, 0.45964799714304505, 0.45538370917189186, 0.4481527937430638, 0.4461255792473453, 0.43130968867107033, 0.40064554566582333, 0.30688451618726886, 0.2981814885913203, 0.2955779629459996, 0.2950195012488941, 0.2941908549849993, 0.29303969592869894, 0.2907385384560477, 0.2864404602831063, 0.2690350900824532, 0.2312635860412342, 0.2083929902215278, 0.19534790008556202, 0.18701267340611305, 0.18553559012874854, 0.18542280603959016, 0.18458654630948013, 0.18287374775922183, 0.17824034626130136, 0.16770949512348432, 0.16009848716903208, 0.1505967440021232, 0.1492680703647702, 0.14877348287805137, 0.1486846943210226, 0.14867258397921512, 0.1486680251504191, 0.14866720717278947, 0.14866693930727037, 0.1486669162489369, 0.14866686137669283, 0.14866674400826474, 0.14866650444472707, 0.148665593507735, 0.1486632479579506, 0.1486574292477304, 0.14863781484078886, 0.14859608783852274, 0.1485514809523314, 0.14843820116454276, 0.14793799990529188, 0.1476568876754859, 0.14747166206179618, 0.14740754960957358, 0.14731685892610114, 0.14718526506936624, 0.1471397138609718, 0.14707667512929334, 0.1469814896698718, 0.1469577518865769, 0.1469510612402145, 0.1469510612402145, 0.14695022246592426, 0.14695008736353465, 0.14695004634006215, 0.1469500403162468, 0.14695004002672474, 0.14695003988043964, 0.14695003980461596, 0.14695003978264864, 0.1469500397739686, 0.14695003976710042, 0.14695003976509935, 0.1469500397644865, 0.14695003976423282, 0.14695003976406773, 0.14695003976401144, 0.1469500397639687, 0.14695003976395893, 0.14695003976395737, 0.1469500397639567, 0.1469500397639566, 0.1469500397639566, 0.1469500397639566]}, "10": {"maxiter": 1000, "fatol": 1e-10, "xatol": 1e-05, "duration": 0.2384812831878662, "fun": "0.14695003976710042", "nit": "679", "nfev": "1051", "status": "0", "success": "True", "message": "Optimization terminated successfully.", "x": "[ 2.48811885 -0.27172146  0.39167985  2.60444341  2.68588343  1.44790681]", "final_simplex": "(array([[ 2.48811885, -0.27172146,  0.39167985,  2.60444341,  2.68588343,\n         1.44790681],\n       [ 2.48812165, -0.27171592,  0.39168034,  2.60444157,  2.6858911 ,\n         1.4479118 ],\n       [ 2.48811945, -0.27171753,  0.3916768 ,  2.60444585,  2.68588902,\n         1.44790899],\n       [ 2.4881203 , -0.27172116,  0.391677  ,  2.60444045,  2.68588944,\n         1.44791015],\n       [ 2.48811499, -0.27171947,  0.39167663,  2.60444225,  2.68588006,\n         1.44790203],\n       [ 2.48811868, -0.27172102,  0.39167884,  2.60444858,  2.68588921,\n         1.4479066 ],\n       [ 2.48812037, -0.27172435,  0.39167156,  2.60443841,  2.68587693,\n         1.44790025]]), array([0.14695004, 0.14695004, 0.14695004, 0.14695004, 0.14695004,\n       0.14695004, 0.14695004]))", "callback": [0.5039968459226587, 0.45964799714304505, 0.45538370917189186, 0.4481527937430638, 0.4461255792473453, 0.43130968867107033, 0.40064554566582333, 0.30688451618726886, 0.2981814885913203, 0.2955779629459996, 0.2950195012488941, 0.2941908549849993, 0.29303969592869894, 0.2907385384560477, 0.2864404602831063, 0.2690350900824532, 0.2312635860412342, 0.2083929902215278, 0.19534790008556202, 0.18701267340611305, 0.18553559012874854, 0.18542280603959016, 0.18458654630948013, 0.18287374775922183, 0.17824034626130136, 0.16770949512348432, 0.16009848716903208, 0.1505967440021232, 0.1492680703647702, 0.14877348287805137, 0.1486846943210226, 0.14867258397921512, 0.1486680251504191, 0.14866720717278947, 0.14866693930727037, 0.1486669162489369, 0.14866686137669283, 0.14866674400826474, 0.14866650444472707, 0.148665593507735, 0.1486632479579506, 0.1486574292477304, 0.14863781484078886, 0.14859608783852274, 0.1485514809523314, 0.14843820116454276, 0.14793799990529188, 0.1476568876754859, 0.14747166206179618, 0.14740754960957358, 0.14731685892610114, 0.14718526506936624, 0.1471397138609718, 0.14707667512929334, 0.1469814896698718, 0.1469577518865769, 0.1469510612402145, 0.1469510612402145, 0.14695022246592426, 0.14695008736353465, 0.14695004634006215, 0.1469500403162468, 0.14695004002672474, 0.14695003988043964, 0.14695003980461596, 0.14695003978264864, 0.1469500397739686]}, "11": {"maxiter": 1000, "fatol": 1e-10, "xatol": 1e-10, "duration": 0.29216432571411133, "fun": "0.14695003976395649", "nit": "806", "nfev": "1304", "status": "0", "success": "True", "message": "Optimization terminated successfully.", "x": "[ 2.48812004 -0.27171532  0.39168316  2.60444469  2.68588575  1.44790753]", "final_simplex": "(array([[ 2.48812004, -0.27171532,  0.39168316,  2.60444469,  2.68588575,\n         1.44790753],\n       [ 2.48812004, -0.27171532,  0.39168316,  2.60444469,  2.68588575,\n         1.44790753],\n       [ 2.48812004, -0.27171532,  0.39168316,  2.60444469,  2.68588575,\n         1.44790753],\n       [ 2.48812004, -0.27171532,  0.39168316,  2.60444469,  2.68588575,\n         1.44790753],\n       [ 2.48812004, -0.27171532,  0.39168316,  2.60444469,  2.68588575,\n         1.44790753],\n       [ 2.48812004, -0.27171532,  0.39168316,  2.60444469,  2.68588575,\n         1.44790753],\n       [ 2.48812004, -0.27171532,  0.39168316,  2.60444469,  2.68588575,\n         1.44790753]]), array([0.14695004, 0.14695004, 0.14695004, 0.14695004, 0.14695004,\n       0.14695004, 0.14695004]))", "callback": [0.5039968459226587, 0.45964799714304505, 0.45538370917189186, 0.4481527937430638, 0.4461255792473453, 0.43130968867107033, 0.40064554566582333, 0.30688451618726886, 0.2981814885913203, 0.2955779629459996, 0.2950195012488941, 0.2941908549849993, 0.29303969592869894, 0.2907385384560477, 0.2864404602831063, 0.2690350900824532, 0.2312635860412342, 0.2083929902215278, 0.19534790008556202, 0.18701267340611305, 0.18553559012874854, 0.18542280603959016, 0.18458654630948013, 0.18287374775922183, 0.17824034626130136, 0.16770949512348432, 0.16009848716903208, 0.1505967440021232, 0.1492680703647702, 0.14877348287805137, 0.1486846943210226, 0.14867258397921512, 0.1486680251504191, 0.14866720717278947, 0.14866693930727037, 0.1486669162489369, 0.14866686137669283, 0.14866674400826474, 0.14866650444472707, 0.148665593507735, 0.1486632479579506, 0.1486574292477304, 0.14863781484078886, 0.14859608783852274, 0.1485514809523314, 0.14843820116454276, 0.14793799990529188, 0.1476568876754859, 0.14747166206179618, 0.14740754960957358, 0.14731685892610114, 0.14718526506936624, 0.1471397138609718, 0.14707667512929334, 0.1469814896698718, 0.1469577518865769, 0.1469510612402145, 0.1469510612402145, 0.14695022246592426, 0.14695008736353465, 0.14695004634006215, 0.1469500403162468, 0.14695004002672474, 0.14695003988043964, 0.14695003980461596, 0.14695003978264864, 0.1469500397739686, 0.14695003976710042, 0.14695003976509935, 0.1469500397644865, 0.14695003976423282, 0.14695003976406773, 0.14695003976401144, 0.1469500397639687, 0.14695003976395893, 0.14695003976395737, 0.1469500397639567, 0.1469500397639566, 0.1469500397639566, 0.1469500397639566]}}, "bfgs": {"type": "gradient", "0": {"maxiter": 100, "gtol": 1e-05, "xrtol": 1e-05, "eps": 1e-05, "duration": 0.06891989707946777, "fun": "0.14695004034330483", "jac": "[-8.24943447e-06  7.79565301e-07  1.33892897e-06  5.58082469e-06\n  4.14238643e-06 -8.81488216e-06]", "hess_inv": "[[ 3.58493253 -0.43418416 -0.05711893 -0.64840651 -0.98565597 -1.75554882]\n [-0.43418416  7.78092703  5.92908017  0.58786974  3.18498289  1.76278182]\n [-0.05711893  5.92908017 10.09547009  1.63700477  2.79209082  1.35011273]\n [-0.64840651  0.58786974  1.63700477  6.11582288  2.92734751  2.15265202]\n [-0.98565597  3.18498289  2.79209082  2.92734751 13.12474983 10.41854789]\n [-1.75554882  1.76278182  1.35011273  2.15265202 10.41854789 10.8581437 ]]", "nfev": "301", "njev": "43", "status": "0", "success": "True", "message": "Optimization terminated successfully.", "x": "[2.4880898  6.01146914 6.67487733 2.60447831 2.6858216  1.44782961]", "nit": "35", "callback": [0.2671741653666072, 0.20046401923041546, 0.14707593551812714]}, "1": {"maxiter": 100, "gtol": 1e-05, "xrtol": 1e-05, "eps": 1e-10, "duration": 0.0673360824584961, "fun": "0.14695003994069578", "jac": "[ 0.00000000e+00 -8.88178346e-06 -2.22044587e-06  2.22044587e-06\n  0.00000000e+00 -8.88178346e-06]", "hess_inv": "[[ 4.01837855 -1.25348212 -0.91299355 -1.20808551 -1.05830224 -1.55304021]\n [-1.25348212  9.63592473  7.59942414  1.33312809  3.92855413  2.48529246]\n [-0.91299355  7.59942414 10.97324092  2.37213959  3.15534096  1.67019399]\n [-1.20808551  1.33312809  2.37213959  7.38341934  3.38699529  1.95311913]\n [-1.05830224  3.92855413  3.15534096  3.38699529 13.34051749 10.75354629]\n [-1.55304021  2.48529246  1.67019399  1.95311913 10.75354629 11.53590541]]", "nfev": "294", "njev": "42", "status": "0", "success": "True", "message": "Optimization terminated successfully.", "x": "[2.48812548 6.01143731 6.67485263 2.60446147 2.6858501  1.44786623]", "nit": "34", "callback": [0.26784553229984776, 0.20049492761157395, 0.1469599522724765]}, "2": {"maxiter": 100, "gtol": 1e-05, "xrtol": 1e-10, "eps": 1e-05, "duration": 0.06744718551635742, "fun": "0.14695004034330483", "jac": "[-8.24943447e-06  7.79565301e-07  1.33892897e-06  5.58082469e-06\n  4.14238643e-06 -8.81488216e-06]", "hess_inv": "[[ 3.58493253 -0.43418416 -0.05711893 -0.64840651 -0.98565597 -1.75554882]\n [-0.43418416  7.78092703  5.92908017  0.58786974  3.18498289  1.76278182]\n [-0.05711893  5.92908017 10.09547009  1.63700477  2.79209082  1.35011273]\n [-0.64840651  0.58786974  1.63700477  6.11582288  2.92734751  2.15265202]\n [-0.98565597  3.18498289  2.79209082  2.92734751 13.12474983 10.41854789]\n [-1.75554882  1.76278182  1.35011273  2.15265202 10.41854789 10.8581437 ]]", "nfev": "301", "njev": "43", "status": "0", "success": "True", "message": "Optimization terminated successfully.", "x": "[2.4880898  6.01146914 6.67487733 2.60447831 2.6858216  1.44782961]", "nit": "35", "callback": [0.2671741653666072, 0.20046401923041546, 0.14707593551812714]}, "3": {"maxiter": 100, "gtol": 1e-05, "xrtol": 1e-10, "eps": 1e-10, "duration": 0.06605315208435059, "fun": "0.14695003994069578", "jac": "[ 0.00000000e+00 -8.88178346e-06 -2.22044587e-06  2.22044587e-06\n  0.00000000e+00 -8.88178346e-06]", "hess_inv": "[[ 4.01837855 -1.25348212 -0.91299355 -1.20808551 -1.05830224 -1.55304021]\n [-1.25348212  9.63592473  7.59942414  1.33312809  3.92855413  2.48529246]\n [-0.91299355  7.59942414 10.97324092  2.37213959  3.15534096  1.67019399]\n [-1.20808551  1.33312809  2.37213959  7.38341934  3.38699529  1.95311913]\n [-1.05830224  3.92855413  3.15534096  3.38699529 13.34051749 10.75354629]\n [-1.55304021  2.48529246  1.67019399  1.95311913 10.75354629 11.53590541]]", "nfev": "294", "njev": "42", "status": "0", "success": "True", "message": "Optimization terminated successfully.", "x": "[2.48812548 6.01143731 6.67485263 2.60446147 2.6858501  1.44786623]", "nit": "34", "callback": [0.26784553229984776, 0.20049492761157395, 0.1469599522724765]}, "4": {"maxiter": 100, "gtol": 1e-10, "xrtol": 1e-05, "eps": 1e-05, "duration": 0.06959199905395508, "fun": "0.14695003990807964", "jac": "[-1.18889343e-06  3.18722826e-07  1.59106062e-07  3.08242321e-07\n  2.08393303e-06 -2.74691381e-06]", "hess_inv": "[[ 3.84058024 -0.53433457 -0.22644326 -1.0531472  -0.83233472 -1.55194939]\n [-0.53433457  7.63724261  5.75887224  0.74437622  3.00304037  1.77962365]\n [-0.22644326  5.75887224  9.90173651  1.90242584  2.53293347  1.34018295]\n [-1.0531472   0.74437622  1.90242584  6.75658412  2.68324295  1.83139737]\n [-0.83233472  3.00304037  2.53293347  2.68324295 13.13549436 10.60502001]\n [-1.55194939  1.77962365  1.34018295  1.83139737 10.60502001 10.96927433]]", "nfev": "308", "njev": "44", "status": "0", "success": "True", "message": "Optimization terminated successfully.", "x": "[2.48811785 6.01145016 6.67484842 2.60443382 2.68583309 1.44785616]", "nit": "36", "callback": [0.2671741653666072, 0.20046401923041546, 0.14707593551812714]}, "5": {"maxiter": 100, "gtol": 1e-10, "xrtol": 1e-05, "eps": 1e-10, "duration": 0.07065606117248535, "fun": "0.14695003982569999", "jac": "[-2.22044587e-06 -2.22044587e-06  4.44089173e-06  4.44089173e-06\n  2.22044587e-06 -2.22044587e-06]", "hess_inv": "[[ 4.27845601 -1.38517187 -1.22441668 -1.27797593 -1.62518534 -1.83849687]\n [-1.38517187  8.02763737  6.6479653   1.19167466  3.0356503   1.13905327]\n [-1.22441668  6.6479653  10.61168021  2.33872486  3.05279342  1.02482728]\n [-1.27797593  1.19167466  2.33872486  7.38353002  3.41475546  1.87243391]\n [-1.62518534  3.0356503   3.05279342  3.41475546 13.74491521 10.32555667]\n [-1.83849687  1.13905327  1.02482728  1.87243391 10.32555667 10.5223724 ]]", "nfev": "308", "njev": "44", "status": "0", "success": "True", "message": "Optimization terminated successfully.", "x": "[2.48811573 6.01146932 6.67488223 2.60446695 2.68589043 1.44790103]", "nit": "35", "callback": [0.26784553229984776, 0.20049492761157395, 0.1469599522724765]}, "6": {"maxiter": 100, "gtol": 1e-10, "xrtol": 1e-10, "eps": 1e-05, "duration": 0.11007809638977051, "fun": "0.14695003990072153", "jac": "[-6.26165786e-09 -2.22599716e-08  3.53495011e-08 -5.84865489e-08\n  1.39710465e-07 -1.29185551e-07]", "hess_inv": "[[ 3.86764268 -0.73211377 -0.42839959 -1.10983997 -0.95019103 -1.41680785]\n [-0.73211377  7.96007295  6.1687022   1.06971244  3.07061926  1.47974547]\n [-0.42839959  6.1687022  10.38955284  2.24186517  2.65476684  0.98402633]\n [-1.10983997  1.06971244  2.24186517  6.8681823   2.86771439  1.60291683]\n [-0.95019103  3.07061926  2.65476684  2.86771439 13.08533341 10.50231511]\n [-1.41680785  1.47974547  0.98402633  1.60291683 10.50231511 11.2226588 ]]", "nfev": "488", "njev": "68", "status": "2", "success": "False", "message": "Desired error not necessarily achieved due to precision loss.", "x": "[2.48812127 6.01144333 6.67484112 2.60442796 2.68583159 1.44786223]", "nit": "37", "callback": [0.2671741653666072, 0.20046401923041546, 0.14707593551812714]}, "7": {"maxiter": 100, "gtol": 1e-10, "xrtol": 1e-10, "eps": 1e-10, "duration": 0.08639407157897949, "fun": "0.14695003976945187", "jac": "[ 0.00000000e+00  1.11022293e-06  0.00000000e+00  0.00000000e+00\n  3.33066880e-06 -2.22044587e-06]", "hess_inv": "[[ 3.7574918   0.10347298  0.39436361 -0.37057354  0.65901356 -0.01644353]\n [ 0.10347298  4.91309556  2.25175317 -1.578879   -0.87844655 -1.43929811]\n [ 0.39436361  2.25175317  5.60901842 -0.64954301 -3.66427202 -4.21568528]\n [-0.37057354 -1.578879   -0.64954301  4.89388906 -1.99759858 -2.47317865]\n [ 0.65901356 -0.87844655 -3.66427202 -1.99759858  8.59856323  7.52968225]\n [-0.01644353 -1.43929811 -4.21568528 -2.47317865  7.52968225  9.59272961]]", "nfev": "385", "njev": "55", "status": "0", "success": "True", "message": "Optimization terminated successfully.", "x": "[2.48812139 6.01147157 6.67486624 2.60443933 2.68589157 1.44791163]", "nit": "37", "callback": [0.26784553229984776, 0.20049492761157395, 0.1469599522724765]}, "8": {"maxiter": 500, "gtol": 1e-05, "xrtol": 1e-05, "eps": 1e-05, "duration": 0.06847882270812988, "fun": "0.14695004034330483", "jac": "[-8.24943447e-06  7.79565301e-07  1.33892897e-06  5.58082469e-06\n  4.14238643e-06 -8.81488216e-06]", "hess_inv": "[[ 3.58493253 -0.43418416 -0.05711893 -0.64840651 -0.98565597 -1.75554882]\n [-0.43418416  7.78092703  5.92908017  0.58786974  3.18498289  1.76278182]\n [-0.05711893  5.92908017 10.09547009  1.63700477  2.79209082  1.35011273]\n [-0.64840651  0.58786974  1.63700477  6.11582288  2.92734751  2.15265202]\n [-0.98565597  3.18498289  2.79209082  2.92734751 13.12474983 10.41854789]\n [-1.75554882  1.76278182  1.35011273  2.15265202 10.41854789 10.8581437 ]]", "nfev": "301", "njev": "43", "status": "0", "success": "True", "message": "Optimization terminated successfully.", "x": "[2.4880898  6.01146914 6.67487733 2.60447831 2.6858216  1.44782961]", "nit": "35", "callback": [0.2671741653666072, 0.20046401923041546, 0.14707593551812714]}, "9": {"maxiter": 500, "gtol": 1e-05, "xrtol": 1e-05, "eps": 1e-10, "duration": 0.0669710636138916, "fun": "0.14695003994069578", "jac": "[ 0.00000000e+00 -8.88178346e-06 -2.22044587e-06  2.22044587e-06\n  0.00000000e+00 -8.88178346e-06]", "hess_inv": "[[ 4.01837855 -1.25348212 -0.91299355 -1.20808551 -1.05830224 -1.55304021]\n [-1.25348212  9.63592473  7.59942414  1.33312809  3.92855413  2.48529246]\n [-0.91299355  7.59942414 10.97324092  2.37213959  3.15534096  1.67019399]\n [-1.20808551  1.33312809  2.37213959  7.38341934  3.38699529  1.95311913]\n [-1.05830224  3.92855413  3.15534096  3.38699529 13.34051749 10.75354629]\n [-1.55304021  2.48529246  1.67019399  1.95311913 10.75354629 11.53590541]]", "nfev": "294", "njev": "42", "status": "0", "success": "True", "message": "Optimization terminated successfully.", "x": "[2.48812548 6.01143731 6.67485263 2.60446147 2.6858501  1.44786623]", "nit": "34", "callback": [0.26784553229984776, 0.20049492761157395, 0.1469599522724765]}, "10": {"maxiter": 500, "gtol": 1e-05, "xrtol": 1e-10, "eps": 1e-05, "duration": 0.06862211227416992, "fun": "0.14695004034330483", "jac": "[-8.24943447e-06  7.79565301e-07  1.33892897e-06  5.58082469e-06\n  4.14238643e-06 -8.81488216e-06]", "hess_inv": "[[ 3.58493253 -0.43418416 -0.05711893 -0.64840651 -0.98565597 -1.75554882]\n [-0.43418416  7.78092703  5.92908017  0.58786974  3.18498289  1.76278182]\n [-0.05711893  5.92908017 10.09547009  1.63700477  2.79209082  1.35011273]\n [-0.64840651  0.58786974  1.63700477  6.11582288  2.92734751  2.15265202]\n [-0.98565597  3.18498289  2.79209082  2.92734751 13.12474983 10.41854789]\n [-1.75554882  1.76278182  1.35011273  2.15265202 10.41854789 10.8581437 ]]", "nfev": "301", "njev": "43", "status": "0", "success": "True", "message": "Optimization terminated successfully.", "x": "[2.4880898  6.01146914 6.67487733 2.60447831 2.6858216  1.44782961]", "nit": "35", "callback": [0.2671741653666072, 0.20046401923041546, 0.14707593551812714]}, "11": {"maxiter": 500, "gtol": 1e-05, "xrtol": 1e-10, "eps": 1e-10, "duration": 0.06697416305541992, "fun": "0.14695003994069578", "jac": "[ 0.00000000e+00 -8.88178346e-06 -2.22044587e-06  2.22044587e-06\n  0.00000000e+00 -8.88178346e-06]", "hess_inv": "[[ 4.01837855 -1.25348212 -0.91299355 -1.20808551 -1.05830224 -1.55304021]\n [-1.25348212  9.63592473  7.59942414  1.33312809  3.92855413  2.48529246]\n [-0.91299355  7.59942414 10.97324092  2.37213959  3.15534096  1.67019399]\n [-1.20808551  1.33312809  2.37213959  7.38341934  3.38699529  1.95311913]\n [-1.05830224  3.92855413  3.15534096  3.38699529 13.34051749 10.75354629]\n [-1.55304021  2.48529246  1.67019399  1.95311913 10.75354629 11.53590541]]", "nfev": "294", "njev": "42", "status": "0", "success": "True", "message": "Optimization terminated successfully.", "x": "[2.48812548 6.01143731 6.67485263 2.60446147 2.6858501  1.44786623]", "nit": "34", "callback": [0.26784553229984776, 0.20049492761157395, 0.1469599522724765]}, "12": {"maxiter": 500, "gtol": 1e-10, "xrtol": 1e-05, "eps": 1e-05, "duration": 0.07049298286437988, "fun": "0.14695003990807964", "jac": "[-1.18889343e-06  3.18722826e-07  1.59106062e-07  3.08242321e-07\n  2.08393303e-06 -2.74691381e-06]", "hess_inv": "[[ 3.84058024 -0.53433457 -0.22644326 -1.0531472  -0.83233472 -1.55194939]\n [-0.53433457  7.63724261  5.75887224  0.74437622  3.00304037  1.77962365]\n [-0.22644326  5.75887224  9.90173651  1.90242584  2.53293347  1.34018295]\n [-1.0531472   0.74437622  1.90242584  6.75658412  2.68324295  1.83139737]\n [-0.83233472  3.00304037  2.53293347  2.68324295 13.13549436 10.60502001]\n [-1.55194939  1.77962365  1.34018295  1.83139737 10.60502001 10.96927433]]", "nfev": "308", "njev": "44", "status": "0", "success": "True", "message": "Optimization terminated successfully.", "x": "[2.48811785 6.01145016 6.67484842 2.60443382 2.68583309 1.44785616]", "nit": "36", "callback": [0.2671741653666072, 0.20046401923041546, 0.14707593551812714]}, "13": {"maxiter": 500, "gtol": 1e-10, "xrtol": 1e-05, "eps": 1e-10, "duration": 0.07044601440429688, "fun": "0.14695003982569999", "jac": "[-2.22044587e-06 -2.22044587e-06  4.44089173e-06  4.44089173e-06\n  2.22044587e-06 -2.22044587e-06]", "hess_inv": "[[ 4.27845601 -1.38517187 -1.22441668 -1.27797593 -1.62518534 -1.83849687]\n [-1.38517187  8.02763737  6.6479653   1.19167466  3.0356503   1.13905327]\n [-1.22441668  6.6479653  10.61168021  2.33872486  3.05279342  1.02482728]\n [-1.27797593  1.19167466  2.33872486  7.38353002  3.41475546  1.87243391]\n [-1.62518534  3.0356503   3.05279342  3.41475546 13.74491521 10.32555667]\n [-1.83849687  1.13905327  1.02482728  1.87243391 10.32555667 10.5223724 ]]", "nfev": "308", "njev": "44", "status": "0", "success": "True", "message": "Optimization terminated successfully.", "x": "[2.48811573 6.01146932 6.67488223 2.60446695 2.68589043 1.44790103]", "nit": "35", "callback": [0.26784553229984776, 0.20049492761157395, 0.1469599522724765]}, "14": {"maxiter": 500, "gtol": 1e-10, "xrtol": 1e-10, "eps": 1e-05, "duration": 0.11136007308959961, "fun": "0.14695003990072153", "jac": "[-6.26165786e-09 -2.22599716e-08  3.53495011e-08 -5.84865489e-08\n  1.39710465e-07 -1.29185551e-07]", "hess_inv": "[[ 3.86764268 -0.73211377 -0.42839959 -1.10983997 -0.95019103 -1.41680785]\n [