{"date": "2024/10/08/, 19:17:26", "conf_id": 23, "data_type": "random\n", "num_data_points": 2, "s_rank": 0, "unitary": "[[-0.53618537-0.34368723j,-0.12107031-0.46226139j,-0.07699282-0.46603512j,0.36022595-0.11472301j],[0.26026499-0.63450712j,-0.56616638+0.37832564j,-0.14988651+0.08458591j,0.10363514-0.16008501j],[-0.32580188-0.11070003j,-0.36476308-0.23593218j,0.02559343+0.41761608j,-0.25598305+0.6725303j],[0.07406738-0.0126433j,0.28513701+0.19483972j,-0.74939717-0.10299659j,0.29798249+0.46269921j]]", "databatch_0": {"databatch": "[[[-0.28604775+0.05366445j,0.08347066-0.12062127j,-0.17962117+0.18971649j,0.28679751+0.04425749j],[-0.21966528+0.38703982j,-0.05848338-0.21654165j,0.04427476+0.39703389j,0.33476697-0.29126304j],[0.16507617-0.02211605j,-0.0513085+0.06643749j,0.10832281-0.10304958j,-0.16257696-0.03386719j],[0.1186124-0.053574j,-0.02350962+0.06123944j,0.05797882-0.10143185j,-0.12929584+0.01110588j]],[[-0.08743311-0.10669002j,-0.35090993-0.00787388j,-0.08023911-0.01943367j,-0.07050058+0.05487746j],[0.15501397+0.04392438j,0.34163819-0.2266341j,0.08988668-0.03491891j,0.03095928-0.09965475j],[0.25452536+0.00653973j,0.43428543-0.48076713j,0.12393958-0.08866222j,0.00837057-0.16469398j],[-0.07487098-0.07586981j,-0.27057167+0.01892079j,-0.06312417-0.00924163j,-0.05034094+0.04724457j]]]", "initial param values": "[3.49039898,2.96936061,1.72187073,1.19304286,1.33095661,6.12679779]", "nelder_mead": {"type": "gradient-free", "0": {"maxiter": 100, "fatol": 1e-05, "xatol": 1e-05, "duration": 0.05060005187988281, "fun": "0.1950031839732167", "nit": "100", "nfev": "159", "status": "2", "success": "False", "message": "Maximum number of iterations has been exceeded.", "x": "[4.07967561 0.64213462 2.59381039 1.30420143 0.82244188 8.18951165]", "final_simplex": "(array([[4.07967561, 0.64213462, 2.59381039, 1.30420143, 0.82244188,\n        8.18951165],\n       [4.04803917, 0.74169651, 2.63017508, 1.30406826, 0.77243978,\n        8.23689084],\n       [4.11898429, 0.77495965, 2.77126621, 1.27514382, 0.68586812,\n        8.28258855],\n       [4.18049056, 0.71551948, 2.65770219, 1.27737029, 0.7965231 ,\n        8.25739407],\n       [4.08495929, 0.73151267, 2.67201036, 1.27133476, 0.80835267,\n        8.20672604],\n       [4.15227102, 0.76899436, 2.80771781, 1.24516102, 0.74495897,\n        8.41534892],\n       [4.1625367 , 0.74350229, 2.66113903, 1.26850381, 0.8287037 ,\n        8.22977787]]), array([0.19500318, 0.1954754 , 0.19549285, 0.19590454, 0.19720935,\n       0.19875227, 0.19900207]))", "callback": [0.9325486818779269, 0.5719728604530354, 0.34100474314808493, 0.29377371432658084, 0.2604768650238525, 0.23078272266011934, 0.21902319969713302, 0.2087401766382082, 0.20763090145300667, 0.1987522670153652]}, "1": {"maxiter": 100, "fatol": 1e-05, "xatol": 1e-10, "duration": 0.043678998947143555, "fun": "0.1950031839732167", "nit": "100", "nfev": "159", "status": "2", "success": "False", "message": "Maximum number of iterations has been exceeded.", "x": "[4.07967561 0.64213462 2.59381039 1.30420143 0.82244188 8.18951165]", "final_simplex": "(array([[4.07967561, 0.64213462, 2.59381039, 1.30420143, 0.82244188,\n        8.18951165],\n       [4.04803917, 0.74169651, 2.63017508, 1.30406826, 0.77243978,\n        8.23689084],\n       [4.11898429, 0.77495965, 2.77126621, 1.27514382, 0.68586812,\n        8.28258855],\n       [4.18049056, 0.71551948, 2.65770219, 1.27737029, 0.7965231 ,\n        8.25739407],\n       [4.08495929, 0.73151267, 2.67201036, 1.27133476, 0.80835267,\n        8.20672604],\n       [4.15227102, 0.76899436, 2.80771781, 1.24516102, 0.74495897,\n        8.41534892],\n       [4.1625367 , 0.74350229, 2.66113903, 1.26850381, 0.8287037 ,\n        8.22977787]]), array([0.19500318, 0.1954754 , 0.19549285, 0.19590454, 0.19720935,\n       0.19875227, 0.19900207]))", "callback": [0.9325486818779269, 0.5719728604530354, 0.34100474314808493, 0.29377371432658084, 0.2604768650238525, 0.23078272266011934, 0.21902319969713302, 0.2087401766382082, 0.20763090145300667, 0.1987522670153652]}, "2": {"maxiter": 100, "fatol": 1e-10, "xatol": 1e-05, "duration": 0.05120396614074707, "fun": "0.1950031839732167", "nit": "100", "nfev": "159", "status": "2", "success": "False", "message": "Maximum number of iterations has been exceeded.", "x": "[4.07967561 0.64213462 2.59381039 1.30420143 0.82244188 8.18951165]", "final_simplex": "(array([[4.07967561, 0.64213462, 2.59381039, 1.30420143, 0.82244188,\n        8.18951165],\n       [4.04803917, 0.74169651, 2.63017508, 1.30406826, 0.77243978,\n        8.23689084],\n       [4.11898429, 0.77495965, 2.77126621, 1.27514382, 0.68586812,\n        8.28258855],\n       [4.18049056, 0.71551948, 2.65770219, 1.27737029, 0.7965231 ,\n        8.25739407],\n       [4.08495929, 0.73151267, 2.67201036, 1.27133476, 0.80835267,\n        8.20672604],\n       [4.15227102, 0.76899436, 2.80771781, 1.24516102, 0.74495897,\n        8.41534892],\n       [4.1625367 , 0.74350229, 2.66113903, 1.26850381, 0.8287037 ,\n        8.22977787]]), array([0.19500318, 0.1954754 , 0.19549285, 0.19590454, 0.19720935,\n       0.19875227, 0.19900207]))", "callback": [0.9325486818779269, 0.5719728604530354, 0.34100474314808493, 0.29377371432658084, 0.2604768650238525, 0.23078272266011934, 0.21902319969713302, 0.2087401766382082, 0.20763090145300667, 0.1987522670153652]}, "3": {"maxiter": 100, "fatol": 1e-10, "xatol": 1e-10, "duration": 0.06136298179626465, "fun": "0.1950031839732167", "nit": "100", "nfev": "159", "status": "2", "success": "False", "message": "Maximum number of iterations has been exceeded.", "x": "[4.07967561 0.64213462 2.59381039 1.30420143 0.82244188 8.18951165]", "final_simplex": "(array([[4.07967561, 0.64213462, 2.59381039, 1.30420143, 0.82244188,\n        8.18951165],\n       [4.04803917, 0.74169651, 2.63017508, 1.30406826, 0.77243978,\n        8.23689084],\n       [4.11898429, 0.77495965, 2.77126621, 1.27514382, 0.68586812,\n        8.28258855],\n       [4.18049056, 0.71551948, 2.65770219, 1.27737029, 0.7965231 ,\n        8.25739407],\n       [4.08495929, 0.73151267, 2.67201036, 1.27133476, 0.80835267,\n        8.20672604],\n       [4.15227102, 0.76899436, 2.80771781, 1.24516102, 0.74495897,\n        8.41534892],\n       [4.1625367 , 0.74350229, 2.66113903, 1.26850381, 0.8287037 ,\n        8.22977787]]), array([0.19500318, 0.1954754 , 0.19549285, 0.19590454, 0.19720935,\n       0.19875227, 0.19900207]))", "callback": [0.9325486818779269, 0.5719728604530354, 0.34100474314808493, 0.29377371432658084, 0.2604768650238525, 0.23078272266011934, 0.21902319969713302, 0.2087401766382082, 0.20763090145300667, 0.1987522670153652]}, "4": {"maxiter": 500, "fatol": 1e-05, "xatol": 1e-05, "duration": 0.27114176750183105, "fun": "0.17258970275022667", "nit": "452", "nfev": "714", "status": "0", "success": "True", "message": "Optimization terminated successfully.", "x": "[4.31646049 0.32037367 2.20496483 0.91313765 0.60424796 8.31888009]", "final_simplex": "(array([[4.31646049, 0.32037367, 2.20496483, 0.91313765, 0.60424796,\n        8.31888009],\n       [4.31646183, 0.32037499, 2.20496805, 0.91313784, 0.60424279,\n        8.31888786],\n       [4.31645939, 0.3203801 , 2.20497124, 0.91313606, 0.60424707,\n        8.31888503],\n       [4.31646077, 0.32038314, 2.20497375, 0.91313919, 0.60424568,\n        8.31888895],\n       [4.31645833, 0.32037669, 2.20497479, 0.91314052, 0.60424532,\n        8.31888711],\n       [4.31646658, 0.32037267, 2.2049668 , 0.9131332 , 0.60424454,\n        8.31888719],\n       [4.31645938, 0.32037959, 2.20496935, 0.91314167, 0.60424494,\n        8.31888031]]), array([0.1725897, 0.1725897, 0.1725897, 0.1725897, 0.1725897, 0.1725897,\n       0.1725897]))", "callback": [0.9325486818779269, 0.5719728604530354, 0.34100474314808493, 0.29377371432658084, 0.2604768650238525, 0.23078272266011934, 0.21902319969713302, 0.2087401766382082, 0.20763090145300667, 0.1987522670153652, 0.19324162755527408, 0.18755066705096668, 0.1850967838555686, 0.1848297639714398, 0.18474188288212934, 0.18469734986767516, 0.18464519675176327, 0.18443654974233836, 0.1838960994241895, 0.1826278072220594, 0.17943733152468644, 0.1775822680966157, 0.1750707611065797, 0.17411692364583664, 0.1734029535403947, 0.17297214737009858, 0.17270104776401152, 0.17267859000104224, 0.17260897718640578, 0.17259842312495843, 0.17259151584532662, 0.17259033617193753, 0.17258976676921833, 0.17258976676921833, 0.17258971332918693, 0.17258971332918693, 0.17258970942589003, 0.17258970741134283, 0.17258970643819305, 0.17258970529126139, 0.17258970412490826, 0.17258970339788648, 0.17258970289790065, 0.17258970278368746, 0.1725897027614549, 0.17258970275022667]}, "5": {"maxiter": 500, "fatol": 1e-05, "xatol": 1e-10, "duration": 0.30501413345336914, "fun": "0.17258970274635277", "nit": "500", "nfev": "794", "status": "2", "success": "False", "message": "Maximum number of iterations has been exceeded.", "x": "[4.3164582  0.32037604 2.20496628 0.91314415 0.60424764 8.31888213]", "final_simplex": "(array([[4.3164582 , 0.32037604, 2.20496628, 0.91314415, 0.60424764,\n        8.31888213],\n       [4.31645801, 0.32037582, 2.20496614, 0.91314406, 0.60424728,\n        8.31888185],\n       [4.31645841, 0.32037619, 2.20496632, 0.91314433, 0.60424731,\n        8.31888206],\n       [4.31645814, 0.3203759 , 2.20496681, 0.9131436 , 0.60424706,\n        8.3188825 ],\n       [4.31645879, 0.32037558, 2.20496595, 0.91314354, 0.60424741,\n        8.31888263],\n       [4.31645853, 0.3203762 , 2.20496641, 0.91314423, 0.6042471 ,\n        8.31888289],\n       [4.31645867, 0.32037629, 2.20496635, 0.91314331, 0.60424744,\n        8.31888285]]), array([0.1725897, 0.1725897, 0.1725897, 0.1725897, 0.1725897, 0.1725897,\n       0.1725897]))", "callback": [0.9325486818779269, 0.5719728604530354, 0.34100474314808493, 0.29377371432658084, 0.2604768650238525, 0.23078272266011934, 0.21902319969713302, 0.2087401766382082, 0.20763090145300667, 0.1987522670153652, 0.19324162755527408, 0.18755066705096668, 0.1850967838555686, 0.1848297639714398, 0.18474188288212934, 0.18469734986767516, 0.18464519675176327, 0.18443654974233836, 0.1838960994241895, 0.1826278072220594, 0.17943733152468644, 0.1775822680966157, 0.1750707611065797, 0.17411692364583664, 0.1734029535403947, 0.17297214737009858, 0.17270104776401152, 0.17267859000104224, 0.17260897718640578, 0.17259842312495843, 0.17259151584532662, 0.17259033617193753, 0.17258976676921833, 0.17258976676921833, 0.17258971332918693, 0.17258971332918693, 0.17258970942589003, 0.17258970741134283, 0.17258970643819305, 0.17258970529126139, 0.17258970412490826, 0.17258970339788648, 0.17258970289790065, 0.17258970278368746, 0.1725897027614549, 0.17258970275022667, 0.17258970274808627, 0.17258970274705177, 0.17258970274657193, 0.17258970274637664]}, "6": {"maxiter": 500, "fatol": 1e-10, "xatol": 1e-05, "duration": 0.26907777786254883, "fun": "0.17258970275022667", "nit": "452", "nfev": "714", "status": "0", "success": "True", "message": "Optimization terminated successfully.", "x": "[4.31646049 0.32037367 2.20496483 0.91313765 0.60424796 8.31888009]", "final_simplex": "(array([[4.31646049, 0.32037367, 2.20496483, 0.91313765, 0.60424796,\n        8.31888009],\n       [4.31646183, 0.32037499, 2.20496805, 0.91313784, 0.60424279,\n        8.31888786],\n       [4.31645939, 0.3203801 , 2.20497124, 0.91313606, 0.60424707,\n        8.31888503],\n       [4.31646077, 0.32038314, 2.20497375, 0.91313919, 0.60424568,\n        8.31888895],\n       [4.31645833, 0.32037669, 2.20497479, 0.91314052, 0.60424532,\n        8.31888711],\n       [4.31646658, 0.32037267, 2.2049668 , 0.9131332 , 0.60424454,\n        8.31888719],\n       [4.31645938, 0.32037959, 2.20496935, 0.91314167, 0.60424494,\n        8.31888031]]), array([0.1725897, 0.1725897, 0.1725897, 0.1725897, 0.1725897, 0.1725897,\n       0.1725897]))", "callback": [0.9325486818779269, 0.5719728604530354, 0.34100474314808493, 0.29377371432658084, 0.2604768650238525, 0.23078272266011934, 0.21902319969713302, 0.2087401766382082, 0.20763090145300667, 0.1987522670153652, 0.19324162755527408, 0.18755066705096668, 0.1850967838555686, 0.1848297639714398, 0.18474188288212934, 0.18469734986767516, 0.18464519675176327, 0.18443654974233836, 0.1838960994241895, 0.1826278072220594, 0.17943733152468644, 0.1775822680966157, 0.1750707611065797, 0.17411692364583664, 0.1734029535403947, 0.17297214737009858, 0.17270104776401152, 0.17267859000104224, 0.17260897718640578, 0.17259842312495843, 0.17259151584532662, 0.17259033617193753, 0.17258976676921833, 0.17258976676921833, 0.17258971332918693, 0.17258971332918693, 0.17258970942589003, 0.17258970741134283, 0.17258970643819305, 0.17258970529126139, 0.17258970412490826, 0.17258970339788648, 0.17258970289790065, 0.17258970278368746, 0.1725897027614549, 0.17258970275022667]}, "7": {"maxiter": 500, "fatol": 1e-10, "xatol": 1e-10, "duration": 0.3099799156188965, "fun": "0.17258970274635277", "nit": "500", "nfev": "794", "status": "2", "success": "False", "message": "Maximum number of iterations has been exceeded.", "x": "[4.3164582  0.32037604 2.20496628 0.91314415 0.60424764 8.31888213]", "final_simplex": "(array([[4.3164582 , 0.32037604, 2.20496628, 0.91314415, 0.60424764,\n        8.31888213],\n       [4.31645801, 0.32037582, 2.20496614, 0.91314406, 0.60424728,\n        8.31888185],\n       [4.31645841, 0.32037619, 2.20496632, 0.91314433, 0.60424731,\n        8.31888206],\n       [4.31645814, 0.3203759 , 2.20496681, 0.9131436 , 0.60424706,\n        8.3188825 ],\n       [4.31645879, 0.32037558, 2.20496595, 0.91314354, 0.60424741,\n        8.31888263],\n       [4.31645853, 0.3203762 , 2.20496641, 0.91314423, 0.6042471 ,\n        8.31888289],\n       [4.31645867, 0.32037629, 2.20496635, 0.91314331, 0.60424744,\n        8.31888285]]), array([0.1725897, 0.1725897, 0.1725897, 0.1725897, 0.1725897, 0.1725897,\n       0.1725897]))", "callback": [0.9325486818779269, 0.5719728604530354, 0.34100474314808493, 0.29377371432658084, 0.2604768650238525, 0.23078272266011934, 0.21902319969713302, 0.2087401766382082, 0.20763090145300667, 0.1987522670153652, 0.19324162755527408, 0.18755066705096668, 0.1850967838555686, 0.1848297639714398, 0.18474188288212934, 0.18469734986767516, 0.18464519675176327, 0.18443654974233836, 0.1838960994241895, 0.1826278072220594, 0.17943733152468644, 0.1775822680966157, 0.1750707611065797, 0.17411692364583664, 0.1734029535403947, 0.17297214737009858, 0.17270104776401152, 0.17267859000104224, 0.17260897718640578, 0.17259842312495843, 0.17259151584532662, 0.17259033617193753, 0.17258976676921833, 0.17258976676921833, 0.17258971332918693, 0.17258971332918693, 0.17258970942589003, 0.17258970741134283, 0.17258970643819305, 0.17258970529126139, 0.17258970412490826, 0.17258970339788648, 0.17258970289790065, 0.17258970278368746, 0.1725897027614549, 0.17258970275022667, 0.17258970274808627, 0.17258970274705177, 0.17258970274657193, 0.17258970274637664]}, "8": {"maxiter": 1000, "fatol": 1e-05, "xatol": 1e-05, "duration": 0.25027894973754883, "fun": "0.17258970275022667", "nit": "452", "nfev": "714", "status": "0", "success": "True", "message": "Optimization terminated successfully.", "x": "[4.31646049 0.32037367 2.20496483 0.91313765 0.60424796 8.31888009]", "final_simplex": "(array([[4.31646049, 0.32037367, 2.20496483, 0.91313765, 0.60424796,\n        8.31888009],\n       [4.31646183, 0.32037499, 2.20496805, 0.91313784, 0.60424279,\n        8.31888786],\n       [4.31645939, 0.3203801 , 2.20497124, 0.91313606, 0.60424707,\n        8.31888503],\n       [4.31646077, 0.32038314, 2.20497375, 0.91313919, 0.60424568,\n        8.31888895],\n       [4.31645833, 0.32037669, 2.20497479, 0.91314052, 0.60424532,\n        8.31888711],\n       [4.31646658, 0.32037267, 2.2049668 , 0.9131332 , 0.60424454,\n        8.31888719],\n       [4.31645938, 0.32037959, 2.20496935, 0.91314167, 0.60424494,\n        8.31888031]]), array([0.1725897, 0.1725897, 0.1725897, 0.1725897, 0.1725897, 0.1725897,\n       0.1725897]))", "callback": [0.9325486818779269, 0.5719728604530354, 0.34100474314808493, 0.29377371432658084, 0.2604768650238525, 0.23078272266011934, 0.21902319969713302, 0.2087401766382082, 0.20763090145300667, 0.1987522670153652, 0.19324162755527408, 0.18755066705096668, 0.1850967838555686, 0.1848297639714398, 0.18474188288212934, 0.18469734986767516, 0.18464519675176327, 0.18443654974233836, 0.1838960994241895, 0.1826278072220594, 0.17943733152468644, 0.1775822680966157, 0.1750707611065797, 0.17411692364583664, 0.1734029535403947, 0.17297214737009858, 0.17270104776401152, 0.17267859000104224, 0.17260897718640578, 0.17259842312495843, 0.17259151584532662, 0.17259033617193753, 0.17258976676921833, 0.17258976676921833, 0.17258971332918693, 0.17258971332918693, 0.17258970942589003, 0.17258970741134283, 0.17258970643819305, 0.17258970529126139, 0.17258970412490826, 0.17258970339788648, 0.17258970289790065, 0.17258970278368746, 0.1725897027614549, 0.17258970275022667]}, "9": {"maxiter": 1000, "fatol": 1e-05, "xatol": 1e-10, "duration": 0.3099691867828369, "fun": "0.17258970274632435", "nit": "580", "nfev": "979", "status": "0", "success": "True", "message": "Optimization terminated successfully.", "x": "[4.31645821 0.320376   2.20496663 0.91314417 0.60424735 8.31888237]", "final_simplex": "(array([[4.31645821, 0.320376  , 2.20496663, 0.91314417, 0.60424735,\n        8.31888237],\n       [4.31645821, 0.320376  , 2.20496663, 0.91314417, 0.60424735,\n        8.31888237],\n       [4.31645821, 0.320376  , 2.20496663, 0.91314417, 0.60424735,\n        8.31888237],\n       [4.31645821, 0.320376  , 2.20496663, 0.91314417, 0.60424735,\n        8.31888237],\n       [4.31645821, 0.320376  , 2.20496663, 0.91314417, 0.60424735,\n        8.31888237],\n       [4.31645821, 0.320376  , 2.20496663, 0.91314417, 0.60424735,\n        8.31888237],\n       [4.31645821, 0.320376  , 2.20496663, 0.91314417, 0.60424735,\n        8.31888237]]), array([0.1725897, 0.1725897, 0.1725897, 0.1725897, 0.1725897, 0.1725897,\n       0.1725897]))", "callback": [0.9325486818779269, 0.5719728604530354, 0.34100474314808493, 0.29377371432658084, 0.2604768650238525, 0.23078272266011934, 0.21902319969713302, 0.2087401766382082, 0.20763090145300667, 0.1987522670153652, 0.19324162755527408, 0.18755066705096668, 0.1850967838555686, 0.1848297639714398, 0.18474188288212934, 0.18469734986767516, 0.18464519675176327, 0.18443654974233836, 0.1838960994241895, 0.1826278072220594, 0.17943733152468644, 0.1775822680966157, 0.1750707611065797, 0.17411692364583664, 0.1734029535403947, 0.17297214737009858, 0.17270104776401152, 0.17267859000104224, 0.17260897718640578, 0.17259842312495843, 0.17259151584532662, 0.17259033617193753, 0.17258976676921833, 0.17258976676921833, 0.17258971332918693, 0.17258971332918693, 0.17258970942589003, 0.17258970741134283, 0.17258970643819305, 0.17258970529126139, 0.17258970412490826, 0.17258970339788648, 0.17258970289790065, 0.17258970278368746, 0.1725897027614549, 0.17258970275022667, 0.17258970274808627, 0.17258970274705177, 0.17258970274657193, 0.17258970274637664, 0.17258970274634622, 0.17258970274633145, 0.17258970274632723, 0.17258970274632512, 0.17258970274632468, 0.17258970274632446, 0.17258970274632446, 0.17258970274632446]}, "10": {"maxiter": 1000, "fatol": 1e-10, "xatol": 1e-05, "duration": 0.23929286003112793, "fun": "0.17258970275022667", "nit": "452", "nfev": "714", "status": "0", "success": "True", "message": "Optimization terminated successfully.", "x": "[4.31646049 0.32037367 2.20496483 0.91313765 0.60424796 8.31888009]", "final_simplex": "(array([[4.31646049, 0.32037367, 2.20496483, 0.91313765, 0.60424796,\n        8.31888009],\n       [4.31646183, 0.32037499, 2.20496805, 0.91313784, 0.60424279,\n        8.31888786],\n       [4.31645939, 0.3203801 , 2.20497124, 0.91313606, 0.60424707,\n        8.31888503],\n       [4.31646077, 0.32038314, 2.20497375, 0.91313919, 0.60424568,\n        8.31888895],\n       [4.31645833, 0.32037669, 2.20497479, 0.91314052, 0.60424532,\n        8.31888711],\n       [4.31646658, 0.32037267, 2.2049668 , 0.9131332 , 0.60424454,\n        8.31888719],\n       [4.31645938, 0.32037959, 2.20496935, 0.91314167, 0.60424494,\n        8.31888031]]), array([0.1725897, 0.1725897, 0.1725897, 0.1725897, 0.1725897, 0.1725897,\n       0.1725897]))", "callback": [0.9325486818779269, 0.5719728604530354, 0.34100474314808493, 0.29377371432658084, 0.2604768650238525, 0.23078272266011934, 0.21902319969713302, 0.2087401766382082, 0.20763090145300667, 0.1987522670153652, 0.19324162755527408, 0.18755066705096668, 0.1850967838555686, 0.1848297639714398, 0.18474188288212934, 0.18469734986767516, 0.18464519675176327, 0.18443654974233836, 0.1838960994241895, 0.1826278072220594, 0.17943733152468644, 0.1775822680966157, 0.1750707611065797, 0.17411692364583664, 0.1734029535403947, 0.17297214737009858, 0.17270104776401152, 0.17267859000104224, 0.17260897718640578, 0.17259842312495843, 0.17259151584532662, 0.17259033617193753, 0.17258976676921833, 0.17258976676921833, 0.17258971332918693, 0.17258971332918693, 0.17258970942589003, 0.17258970741134283, 0.17258970643819305, 0.17258970529126139, 0.17258970412490826, 0.17258970339788648, 0.17258970289790065, 0.17258970278368746, 0.1725897027614549, 0.17258970275022667]}, "11": {"maxiter": 1000, "fatol": 1e-10, "xatol": 1e-10, "duration": 0.3194911479949951, "fun": "0.17258970274632435", "nit": "580", "nfev": "979", "status": "0", "success": "True", "message": "Optimization terminated successfully.", "x": "[4.31645821 0.320376   2.20496663 0.91314417 0.60424735 8.31888237]", "final_simplex": "(array([[4.31645821, 0.320376  , 2.20496663, 0.91314417, 0.60424735,\n        8.31888237],\n       [4.31645821, 0.320376  , 2.20496663, 0.91314417, 0.60424735,\n        8.31888237],\n       [4.31645821, 0.320376  , 2.20496663, 0.91314417, 0.60424735,\n        8.31888237],\n       [4.31645821, 0.320376  , 2.20496663, 0.91314417, 0.60424735,\n        8.31888237],\n       [4.31645821, 0.320376  , 2.20496663, 0.91314417, 0.60424735,\n        8.31888237],\n       [4.31645821, 0.320376  , 2.20496663, 0.91314417, 0.60424735,\n        8.31888237],\n       [4.31645821, 0.320376  , 2.20496663, 0.91314417, 0.60424735,\n        8.31888237]]), array([0.1725897, 0.1725897, 0.1725897, 0.1725897, 0.1725897, 0.1725897,\n       0.1725897]))", "callback": [0.9325486818779269, 0.5719728604530354, 0.34100474314808493, 0.29377371432658084, 0.2604768650238525, 0.23078272266011934, 0.21902319969713302, 0.2087401766382082, 0.20763090145300667, 0.1987522670153652, 0.19324162755527408, 0.18755066705096668, 0.1850967838555686, 0.1848297639714398, 0.18474188288212934, 0.18469734986767516, 0.18464519675176327, 0.18443654974233836, 0.1838960994241895, 0.1826278072220594, 0.17943733152468644, 0.1775822680966157, 0.1750707611065797, 0.17411692364583664, 0.1734029535403947, 0.17297214737009858, 0.17270104776401152, 0.17267859000104224, 0.17260897718640578, 0.17259842312495843, 0.17259151584532662, 0.17259033617193753, 0.17258976676921833, 0.17258976676921833, 0.17258971332918693, 0.17258971332918693, 0.17258970942589003, 0.17258970741134283, 0.17258970643819305, 0.17258970529126139, 0.17258970412490826, 0.17258970339788648, 0.17258970289790065, 0.17258970278368746, 0.1725897027614549, 0.17258970275022667, 0.17258970274808627, 0.17258970274705177, 0.17258970274657193, 0.17258970274637664, 0.17258970274634622, 0.17258970274633145, 0.17258970274632723, 0.17258970274632512, 0.17258970274632468, 0.17258970274632446, 0.17258970274632446, 0.17258970274632446]}}, "bfgs": {"type": "gradient", "0": {"maxiter": 100, "gtol": 1e-05, "xrtol": 1e-05, "eps": 1e-05, "duration": 0.07311820983886719, "fun": "0.1725897028022123", "jac": "[-9.09383680e-08  1.07293063e-06 -9.56990043e-07  1.15119025e-07\n  3.65774078e-07  4.46409576e-07]", "hess_inv": "[[ 7.36665216 -0.62439937 -1.05962255 -6.89318281 -0.57431653  4.4907019 ]\n [-0.62439937  4.70011446  3.54793532  0.86671405  0.39683006  1.39986532]\n [-1.05962255  3.54793532  7.14747702  1.22475723 -0.50274638  2.99515271]\n [-6.89318281  0.86671405  1.22475723 16.08446195 -0.02303923 -6.14285734]\n [-0.57431653  0.39683006 -0.50274638 -0.02303923  4.19498546 -2.79356213]\n [ 4.4907019   1.39986532  2.99515271 -6.14285734 -2.79356213  9.30801416]]", "nfev": "217", "njev": "31", "status": "0", "success": "True", "message": "Optimization terminated successfully.", "x": "[4.3164494  0.32036068 2.20494262 0.91314953 0.60424636 8.31886239]", "nit": "26", "callback": [0.5876650377058757, 0.5806743309214867, 0.5155809673569702, 0.4189209029841082, 0.3823709863044683, 0.3604198184909251, 0.32340675857425927, 0.28685607084548626, 0.2666604158988488, 0.2360453402974494, 0.22512258387210882, 0.21708304694751568, 0.2051942010097183, 0.19856400208671077, 0.19480854723614693, 0.18886902239813141, 0.18192151096859144, 0.17617921408916115, 0.1728945111702841, 0.1726790602111241, 0.17260459017264962, 0.17259273788966278, 0.1725901825476155, 0.172589724048255, 0.17258970315497435, 0.1725897028022123]}, "1": {"maxiter": 100, "gtol": 1e-05, "xrtol": 1e-05, "eps": 1e-10, "duration": 0.0787818431854248, "fun": "0.17258970278308183", "jac": "[ 4.44089173e-06  1.11022293e-06  1.11022293e-06 -1.11022293e-06\n  1.11022293e-06 -2.22044587e-06]", "hess_inv": "[[ 7.31988057 -0.6119731  -1.0313613  -6.78949169 -0.59407422  4.53973293]\n [-0.6119731   4.67459826  3.50782217  0.93997929  0.34663855  1.38813643]\n [-1.0313613   3.50782217  7.13024101  1.26516175 -0.52230154  3.00335799]\n [-6.78949169  0.93997929  1.26516175 15.892577   -0.06759636 -6.13910892]\n [-0.59407422  0.34663855 -0.52230154 -0.06759636  4.25462952 -2.83563937]\n [ 4.53973293  1.38813643  3.00335799 -6.13910892 -2.83563937  9.38087314]]", "nfev": "217", "njev": "31", "status": "0", "success": "True", "message": "Optimization terminated successfully.", "x": "[4.31646858 0.32036781 2.20495211 0.91312074 0.60425425 8.31887728]", "nit": "26", "callback": [0.5876612621448717, 0.5806699494409038, 0.5155714331143614, 0.4189095561144598, 0.38236638940806233, 0.36041097417798285, 0.32339531688458556, 0.2868640725552558, 0.2666631787891798, 0.23604075770084354, 0.22512201288672595, 0.21707991356710798, 0.20518930942368696, 0.19856137614875413, 0.19480214710642185, 0.18885865252237866, 0.1819242967399568, 0.17618325891366649, 0.17289666198927633, 0.1726791953138741, 0.17260477433204502, 0.17259273329411817, 0.17259019462713354, 0.1725897256090163, 0.17258970315972255, 0.17258970278308183]}, "2": {"maxiter": 100, "gtol": 1e-05, "xrtol": 1e-10, "eps": 1e-05, "duration": 0.07378411293029785, "fun": "0.1725897028022123", "jac": "[-9.09383680e-08  1.07293063e-06 -9.56990043e-07  1.15119025e-07\n  3.65774078e-07  4.46409576e-07]", "hess_inv": "[[ 7.36665216 -0.62439937 -1.05962255 -6.89318281 -0.57431653  4.4907019 ]\n [-0.62439937  4.70011446  3.54793532  0.86671405  0.39683006  1.39986532]\n [-1.05962255  3.54793532  7.14747702  1.22475723 -0.50274638  2.99515271]\n [-6.89318281  0.86671405  1.22475723 16.08446195 -0.02303923 -6.14285734]\n [-0.57431653  0.39683006 -0.50274638 -0.02303923  4.19498546 -2.79356213]\n [ 4.4907019   1.39986532  2.99515271 -6.14285734 -2.79356213  9.30801416]]", "nfev": "217", "njev": "31", "status": "0", "success": "True", "message": "Optimization terminated successfully.", "x": "[4.3164494  0.32036068 2.20494262 0.91314953 0.60424636 8.31886239]", "nit": "26", "callback": [0.5876650377058757, 0.5806743309214867, 0.5155809673569702, 0.4189209029841082, 0.3823709863044683, 0.3604198184909251, 0.32340675857425927, 0.28685607084548626, 0.2666604158988488, 0.2360453402974494, 0.22512258387210882, 0.21708304694751568, 0.2051942010097183, 0.19856400208671077, 0.19480854723614693, 0.18886902239813141, 0.18192151096859144, 0.17617921408916115, 0.1728945111702841, 0.1726790602111241, 0.17260459017264962, 0.17259273788966278, 0.1725901825476155, 0.172589724048255, 0.17258970315497435, 0.1725897028022123]}, "3": {"maxiter": 100, "gtol": 1e-05, "xrtol": 1e-10, "eps": 1e-10, "duration": 0.07182025909423828, "fun": "0.17258970278308183", "jac": "[ 4.44089173e-06  1.11022293e-06  1.11022293e-06 -1.11022293e-06\n  1.11022293e-06 -2.22044587e-06]", "hess_inv": "[[ 7.31988057 -0.6119731  -1.0313613  -6.78949169 -0.59407422  4.53973293]\n [-0.6119731   4.67459826  3.50782217  0.93997929  0.34663855  1.38813643]\n [-1.0313613   3.50782217  7.13024101  1.26516175 -0.52230154  3.00335799]\n [-6.78949169  0.93997929  1.26516175 15.892577   -0.06759636 -6.13910892]\n [-0.59407422  0.34663855 -0.52230154 -0.06759636  4.25462952 -2.83563937]\n [ 4.53973293  1.38813643  3.00335799 -6.13910892 -2.83563937  9.38087314]]", "nfev": "217", "njev": "31", "status": "0", "success": "True", "message": "Optimization terminated successfully.", "x": "[4.31646858 0.32036781 2.20495211 0.91312074 0.60425425 8.31887728]", "nit": "26", "callback": [0.5876612621448717, 0.5806699494409038, 0.5155714331143614, 0.4189095561144598, 0.38236638940806233, 0.36041097417798285, 0.32339531688458556, 0.2868640725552558, 0.2666631787891798, 0.23604075770084354, 0.22512201288672595, 0.21707991356710798, 0.20518930942368696, 0.19856137614875413, 0.19480214710642185, 0.18885865252237866, 0.1819242967399568, 0.17618325891366649, 0.17289666198927633, 0.1726791953138741, 0.17260477433204502, 0.17259273329411817, 0.17259019462713354, 0.1725897256090163, 0.17258970315972255, 0.17258970278308183]}, "4": {"maxiter": 100, "gtol": 1e-10, "xrtol": 1e-05, "eps": 1e-05, "duration": 0.08041501045227051, "fun": "0.1725897028022123", "jac": "[-9.09383680e-08  1.07293063e-06 -9.56990043e-07  1.15119025e-07\n  3.65774078e-07  4.46409576e-07]", "hess_inv": "[[ 7.36665216 -0.62439937 -1.05962255 -6.89318281 -0.57431653  4.4907019 ]\n [-0.62439937  4.70011446  3.54793532  0.86671405  0.39683006  1.39986532]\n [-1.05962255  3.54793532  7.14747702  1.22475723 -0.50274638  2.99515271]\n [-6.89318281  0.86671405  1.22475723 16.08446195 -0.02303923 -6.14285734]\n [-0.57431653  0.39683006 -0.50274638 -0.02303923  4.19498546 -2.79356213]\n [ 4.4907019   1.39986532  2.99515271 -6.14285734 -2.79356213  9.30801416]]", "nfev": "217", "njev": "31", "status": "0", "success": "True", "message": "Optimization terminated successfully.", "x": "[4.3164494  0.32036068 2.20494262 0.91314953 0.60424636 8.31886239]", "nit": "26", "callback": [0.5876650377058757, 0.5806743309214867, 0.5155809673569702, 0.4189209029841082, 0.3823709863044683, 0.3604198184909251, 0.32340675857425927, 0.28685607084548626, 0.2666604158988488, 0.2360453402974494, 0.22512258387210882, 0.21708304694751568, 0.2051942010097183, 0.19856400208671077, 0.19480854723614693, 0.18886902239813141, 0.18192151096859144, 0.17617921408916115, 0.1728945111702841, 0.1726790602111241, 0.17260459017264962, 0.17259273788966278, 0.1725901825476155, 0.172589724048255, 0.17258970315497435, 0.1725897028022123]}, "5": {"maxiter": 100, "gtol": 1e-10, "xrtol": 1e-05, "eps": 1e-10, "duration": 0.07328081130981445, "fun": "0.17258970278308183", "jac": "[ 4.44089173e-06  1.11022293e-06  1.11022293e-06 -1.11022293e-06\n  1.11022293e-06 -2.22044587e-06]", "hess_inv": "[[ 7.31988057 -0.6119731  -1.0313613  -6.78949169 -0.59407422  4.53973293]\n [-0.6119731   4.67459826  3.50782217  0.93997929  0.34663855  1.38813643]\n [-1.0313613   3.50782217  7.13024101  1.26516175 -0.52230154  3.00335799]\n [-6.78949169  0.93997929  1.26516175 15.892577   -0.06759636 -6.13910892]\n [-0.59407422  0.34663855 -0.52230154 -0.06759636  4.25462952 -2.83563937]\n [ 4.53973293  1.38813643  3.00335799 -6.13910892 -2.83563937  9.38087314]]", "nfev": "217", "njev": "31", "status": "0", "success": "True", "message": "Optimization terminated successfully.", "x": "[4.31646858 0.32036781 2.20495211 0.91312074 0.60425425 8.31887728]", "nit": "26", "callback": [0.5876612621448717, 0.5806699494409038, 0.5155714331143614, 0.4189095561144598, 0.38236638940806233, 0.36041097417798285, 0.32339531688458556, 0.2868640725552558, 0.2666631787891798, 0.23604075770084354, 0.22512201288672595, 0.21707991356710798, 0.20518930942368696, 0.19856137614875413, 0.19480214710642185, 0.18885865252237866, 0.1819242967399568, 0.17618325891366649, 0.17289666198927633, 0.1726791953138741, 0.17260477433204502, 0.17259273329411817, 0.17259019462713354, 0.1725897256090163, 0.17258970315972255, 0.17258970278308183]}, "6": {"maxiter": 100, "gtol": 1e-10, "xrtol": 1e-10, "eps": 1e-05, "duration": 0.14159584045410156, "fun": "0.1725897028022123", "jac": "[-9.09383680e-08  1.07293063e-06 -9.56990043e-07  1.15119025e-07\n  3.65774078e-07  4.46409576e-07]", "hess_inv": "[[ 7.43207541 -0.58686071 -1.08624715 -6.98343954 -0.57762777  4.62913124]\n [-0.58686071  4.58281187  3.61951971  0.78843191  0.31378622  1.52852466]\n [-1.08624715  3.61951971  7.10397072  1.27806334 -0.45063414  2.90801795]\n [-6.98343954  0.78843191  1.27806334 16.20392268 -0.03395541 -6.3244374 ]\n [-0.57762777  0.31378622 -0.45063414 -0.03395541  4.14772969 -2.77179601]\n [ 4.62913124  1.52852466  2.90801795 -6.3244374  -2.77179601  9.58346079]]", "nfev": "417", "njev": "58", "status": "2", "success": "False", "message": "Desired error not necessarily achieved due to precision loss.", "x": "[4.3164494  0.32036068 2.20494262 0.91314953 0.60424636 8.31886239]", "nit": "26", "callback": [0.5876650377058757, 0.5806743309214867, 0.5155809673569702, 0.4189209029841082, 0.3823709863044683, 0.3604198184909251, 0.32340675857425927, 0.28685607084548626, 0.2666604158988488, 0.2360453402974494, 0.22512258387210882, 0.21708304694751568, 0.2051942010097183, 0.19856400208671077, 0.19480854723614693, 0.18886902239813141, 0.18192151096859144, 0.17617921408916115, 0.1728945111702841, 0.1726790602111241, 0.17260459017264962, 0.17259273788966278, 0.1725901825476155, 0.172589724048255, 0.17258970315497435, 0.1725897028022123]}, "7": {"maxiter": 100, "gtol": 1e-10, "xrtol": 1e-10, "eps": 1e-10, "duration": 0.12651276588439941, "fun": "0.17258970276296604", "jac": "[-1.11022293e-06  1.11022293e-06  1.11022293e-06  1.11022293e-06\n -1.11022293e-06 -1.11022293e-06]", "hess_inv": "[[ 1.79437503 -1.11493752 -1.19628175 -0.4117574  -0.83542271  1.0070488 ]\n [-1.11493752  2.96931528  0.98565423 -0.03173327  1.80697054 -0.95076885]\n [-1.19628175  0.98565423  3.42597697 -0.85997462  1.56185641  0.0721322 ]\n [-0.4117574  -0.03173327 -0.85997462  7.1031159   1.61700928 -3.9576188 ]\n [-0.83542271  1.80697054  1.56185641  1.61700928  3.51066145 -1.97336007]\n [ 1.0070488  -0.95076885  0.0721322  -3.9576188  -1.97336007  5.72651348]]", "nfev": "383", "njev": "53", "status": "2", "success": "False", "message": "Desired error not necessarily achieved due to precision loss.", "x": "[4.31645976 0.32036952 2.20495482 0.91313253 0.60425065 8.31887546]", "nit": "28", "callback": [0.5876612621448717, 0.5806699494409038, 0.5155714331143614, 0.4189095561144598, 0.38236638940806233, 0.36041097417798285, 0.32339531688458556, 0.2868640725552558, 0.2666631787891798, 0.23604075770084354, 0.22512201288672595, 0.21707991356710798, 0.20518930942368696, 0.19856137614875413, 0.19480214710642185, 0.18885865252237866, 0.1819242967399568, 0.17618325891366649, 0.17289666198927633, 0.1726791953138741, 0.17260477433204502, 0.17259273329411817, 0.17259019462713354, 0.1725897256090163, 0.17258970315972255, 0.17258970278308183, 0.17258970277413532, 0.17258970276296604]}, "8": {"maxiter": 500, "gtol": 1e-05, "xrtol": 1e-05, "eps": 1e-05, "duration": 0.0756070613861084, "fun": "0.1725897028022123", "jac": "[-9.09383680e-08  1.07293063e-06 -9.56990043e-07  1.15119025e-07\n  3.65774078e-07  4.46409576e-07]", "hess_inv": "[[ 7.36665216 -0.62439937 -1.05962255 -6.89318281 -0.57431653  4.4907019 ]\n [-0.62439937  4.70011446  3.54793532  0.86671405  0.39683006  1.39986532]\n [-1.05962255  3.54793532  7.14747702  1.22475723 -0.50274638  2.99515271]\n [-6.89318281  0.86671405  1.22475723 16.08446195 -0.02303923 -6.14285734]\n [-0.57431653  0.39683006 -0.50274638 -0.02303923  4.19498546 -2.79356213]\n [ 4.4907019   1.39986532  2.99515271 -6.14285734 -2.79356213  9.30801416]]", "nfev": "217", "njev": "31", "status": "0", "success": "True", "message": "Optimization terminated successfully.", "x": "[4.3164494  0.32036068 2.20494262 0.91314953 0.60424636 8.31886239]", "nit": "26", "callback": [0.5876650377058757, 0.5806743309214867, 0.5155809673569702, 0.4189209029841082, 0.3823709863044683, 0.3604198184909251, 0.32340675857425927, 0.28685607084548626, 0.2666604158988488, 0.2360453402974494, 0.22512258387210882, 0.21708304694751568, 0.2051942010097183, 0.19856400208671077, 0.19480854723614693, 0.18886902239813141, 0.18192151096859144, 0.17617921408916115, 0.1728945111702841, 0.1726790602111241, 0.17260459017264962, 0.17259273788966278, 0.1725901825476155, 0.172589724048255, 0.17258970315497435, 0.1725897028022123]}, "9": {"maxiter": 500, "gtol": 1e-05, "xrtol": 1e-05, "eps": 1e-10, "duration": 0.08235907554626465, "fun": "0.17258970278308183", "jac": "[ 4.44089173e-06  1.11022293e-06  1.11022293e-06 -1.11022293e-06\n  1.11022293e-06 -2.22044587e-06]", "hess_inv": "[[ 7.31988057 -0.6119731  -1.0313613  -6.78949169 -0.59407422  4.53973293]\n [-0.6119731   4.67459826  3.50782217  0.93997929  0.34663855  1.38813643]\n [-1.0313613   3.50782217  7.13024101  1.26516175 -0.52230154  3.00335799]\n [-6.78949169  0.93997929  1.26516175 15.892577   -0.06759636 -6.13910892]\n [-0.59407422  0.34663855 -0.52230154 -0.06759636  4.25462952 -2.83563937]\n [ 4.53973293  1.38813643  3.00335799 -6.13910892 -2.83563937  9.38087314]]", "nfev": "217", "njev": "31", "status": "0", "success": "True", "message": "Optimization terminated successfully.", "x": "[4.31646858 0.32036781 2.20495211 0.91312074 0.60425425 8.31887728]", "nit": "26", "callback": [0.5876612621448717, 0.5806699494409038, 0.5155714331143614, 0.4189095561144598, 0.38236638940806233, 0.36041097417798285, 0.32339531688458556, 0.2868640725552558, 0.2666631787891798, 0.23604075770084354, 0.22512201288672595, 0.21707991356710798, 0.20518930942368696, 0.19856137614875413, 0.19480214710642185, 0.18885865252237866, 0.1819242967399568, 0.17618325891366649, 0.17289666198927633, 0.1726791953138741, 0.17260477433204502, 0.17259273329411817, 0.17259019462713354, 0.1725897256090163, 0.17258970315972255, 0.17258970278308183]}, "10": {"maxiter": 500, "gtol": 1e-05, "xrtol": 1e-10, "eps": 1e-05, "duration": 0.07736992835998535, "fun": "0.1725897028022123", "jac": "[-9.09383680e-08  1.07293063e-06 -9.56990043e-07  1.15119025e-07\n  3.65774078e-07  4.46409576e-07]", "hess_inv": "[[ 7.36665216 -0.62439937 -1.05962255 -6.89318281 -0.57431653  4.4907019 ]\n [-0.62439937  4.70011446  3.54793532  0.86671405  0.39683006  1.39986532]\n [-1.05962255  3.54793532  7.14747702  1.22475723 -0.50274638  2.99515271]\n [-6.89318281  0.86671405  1.22475723 16.08446195 -0.02303923 -6.14285734]\n [-0.57431653  0.39683006 -0.50274638 -0.02303923  4.19498546 -2.79356213]\n [ 4.4907019   1.39986532  2.99515271 -6.14285734 -2.79356213  9.30801416]]", "nfev": "217", "njev": "31", "status": "0", "success": "True", "message": "Optimization terminated successfully.", "x": "[4.3164494  0.32036068 2.20494262 0.91314953 0.60424636 8.31886239]", "nit": "26", "callback": [0.5876650377058757, 0.5806743309214867, 0.5155809673569702, 0.4189209029841082, 0.3823709863044683, 0.3604198184909251, 0.32340675857425927, 0.28685607084548626, 0.2666604158988488, 0.2360453402974494, 0.22512258387210882, 0.21708304694751568, 0.2051942010097183, 0.19856400208671077, 0.19480854723614693, 0.18886902239813141, 0.18192151096859144, 0.17617921408916115, 0.1728945111702841, 0.1726790602111241, 0.17260459017264962, 0.17259273788966278, 0.1725901825476155, 0.172589724048255, 0.17258970315497435, 0.1725897028022123]}, "11": {"maxiter": 500, "gtol": 1e-05, "xrtol": 1e-10, "eps": 1e-10, "duration": 0.07664299011230469, "fun": "0.17258970278308183", "jac": "[ 4.44089173e-06  1.11022293e-06  1.11022293e-06 -1.11022293e-06\n  1.11022293