{"date": "2024/09/23/, 15:47:24", "conf_id": 33, "data_type": "random\n", "num_data_points": 2, "s_rank": 0, "unitary": "[[-0.53618537-0.34368723j,-0.12107031-0.46226139j,-0.07699282-0.46603512j,0.36022595-0.11472301j],[0.26026499-0.63450712j,-0.56616638+0.37832564j,-0.14988651+0.08458591j,0.10363514-0.16008501j],[-0.32580188-0.11070003j,-0.36476308-0.23593218j,0.02559343+0.41761608j,-0.25598305+0.6725303j],[0.07406738-0.0126433j,0.28513701+0.19483972j,-0.74939717-0.10299659j,0.29798249+0.46269921j]]", "databatch_0": {"databatch": "[[[-0.12633861-0.0884167j,0.45617213+0.12179972j,0.32938255+0.17151431j,-0.12187826-0.34256124j],[-0.14458933-0.19710673j,0.09746877-0.17885324j,-0.14947322+0.24832171j,0.01291027-0.19549627j],[0.03878926-0.13230524j,-0.03189306-0.08574674j,-0.13548428-0.23973851j,-0.1607545-0.07116036j],[-0.02681604-0.05629329j,-0.19338112-0.18526113j,0.04637255-0.05431863j,-0.1067-0.18258165j]],[[0.33558032+0.12569227j,0.15176712-0.1002905j,0.01032287-0.12228687j,0.07454098+0.18888235j],[-0.10426817+0.05169029j,-0.04773978-0.19128398j,-0.12423654-0.15148148j,0.10796813+0.25010622j],[0.18544329-0.07536649j,0.14496108+0.05945109j,-0.26704973+0.33043721j,-0.04040957+0.32668934j],[-0.01628675+0.37579052j,0.09713963+0.02179835j,0.20662304+0.12039425j,0.15380681+0.17742114j]]]", "initial param values": "[4.67869362,0.91839719,2.87059891,1.92717245,2.39203716,2.57501735]", "nelder_mead": {"type": "gradient-free", "0": {"maxiter": 100, "fatol": 1e-05, "xatol": 1e-05, "duration": 0.06424498558044434, "fun": "0.633770361756902", "nit": "100", "nfev": "151", "status": "2", "success": "False", "message": "Maximum number of iterations has been exceeded.", "x": "[8.10387867 0.59156429 3.69324821 0.90948923 5.31464529 3.21617752]", "final_simplex": "(array([[8.10387867, 0.59156429, 3.69324821, 0.90948923, 5.31464529,\n        3.21617752],\n       [8.33079355, 0.58626654, 3.6033233 , 1.04099224, 5.40987908,\n        3.12810348],\n       [8.31555783, 0.5836998 , 3.51889895, 0.86150091, 5.38486975,\n        3.33247753],\n       [8.21076111, 0.55321149, 3.41381196, 0.88164887, 5.58760526,\n        3.58243694],\n       [8.06954704, 0.59537553, 3.36311116, 0.92488175, 5.34338203,\n        3.39104035],\n       [8.49348435, 0.57503246, 3.58223032, 0.83542102, 5.7669756 ,\n        3.40158062],\n       [8.26367989, 0.62154131, 3.57318777, 0.72415018, 5.40691485,\n        3.40466409]]), array([0.63377036, 0.63585632, 0.64258221, 0.64297272, 0.64698907,\n       0.64759128, 0.64816419]))", "callback": [0.8942285281542222, 0.8508678958251134, 0.804984098337974, 0.7618876904527003, 0.758762167747753, 0.7342661909082895, 0.7087340472799347, 0.6632121213811015, 0.648164192228276]}, "1": {"maxiter": 100, "fatol": 1e-05, "xatol": 1e-10, "duration": 0.06639599800109863, "fun": "0.633770361756902", "nit": "100", "nfev": "151", "status": "2", "success": "False", "message": "Maximum number of iterations has been exceeded.", "x": "[8.10387867 0.59156429 3.69324821 0.90948923 5.31464529 3.21617752]", "final_simplex": "(array([[8.10387867, 0.59156429, 3.69324821, 0.90948923, 5.31464529,\n        3.21617752],\n       [8.33079355, 0.58626654, 3.6033233 , 1.04099224, 5.40987908,\n        3.12810348],\n       [8.31555783, 0.5836998 , 3.51889895, 0.86150091, 5.38486975,\n        3.33247753],\n       [8.21076111, 0.55321149, 3.41381196, 0.88164887, 5.58760526,\n        3.58243694],\n       [8.06954704, 0.59537553, 3.36311116, 0.92488175, 5.34338203,\n        3.39104035],\n       [8.49348435, 0.57503246, 3.58223032, 0.83542102, 5.7669756 ,\n        3.40158062],\n       [8.26367989, 0.62154131, 3.57318777, 0.72415018, 5.40691485,\n        3.40466409]]), array([0.63377036, 0.63585632, 0.64258221, 0.64297272, 0.64698907,\n       0.64759128, 0.64816419]))", "callback": [0.8942285281542222, 0.8508678958251134, 0.804984098337974, 0.7618876904527003, 0.758762167747753, 0.7342661909082895, 0.7087340472799347, 0.6632121213811015, 0.648164192228276]}, "2": {"maxiter": 100, "fatol": 1e-10, "xatol": 1e-05, "duration": 0.0705721378326416, "fun": "0.633770361756902", "nit": "100", "nfev": "151", "status": "2", "success": "False", "message": "Maximum number of iterations has been exceeded.", "x": "[8.10387867 0.59156429 3.69324821 0.90948923 5.31464529 3.21617752]", "final_simplex": "(array([[8.10387867, 0.59156429, 3.69324821, 0.90948923, 5.31464529,\n        3.21617752],\n       [8.33079355, 0.58626654, 3.6033233 , 1.04099224, 5.40987908,\n        3.12810348],\n       [8.31555783, 0.5836998 , 3.51889895, 0.86150091, 5.38486975,\n        3.33247753],\n       [8.21076111, 0.55321149, 3.41381196, 0.88164887, 5.58760526,\n        3.58243694],\n       [8.06954704, 0.59537553, 3.36311116, 0.92488175, 5.34338203,\n        3.39104035],\n       [8.49348435, 0.57503246, 3.58223032, 0.83542102, 5.7669756 ,\n        3.40158062],\n       [8.26367989, 0.62154131, 3.57318777, 0.72415018, 5.40691485,\n        3.40466409]]), array([0.63377036, 0.63585632, 0.64258221, 0.64297272, 0.64698907,\n       0.64759128, 0.64816419]))", "callback": [0.8942285281542222, 0.8508678958251134, 0.804984098337974, 0.7618876904527003, 0.758762167747753, 0.7342661909082895, 0.7087340472799347, 0.6632121213811015, 0.648164192228276]}, "3": {"maxiter": 100, "fatol": 1e-10, "xatol": 1e-10, "duration": 0.06725096702575684, "fun": "0.633770361756902", "nit": "100", "nfev": "151", "status": "2", "success": "False", "message": "Maximum number of iterations has been exceeded.", "x": "[8.10387867 0.59156429 3.69324821 0.90948923 5.31464529 3.21617752]", "final_simplex": "(array([[8.10387867, 0.59156429, 3.69324821, 0.90948923, 5.31464529,\n        3.21617752],\n       [8.33079355, 0.58626654, 3.6033233 , 1.04099224, 5.40987908,\n        3.12810348],\n       [8.31555783, 0.5836998 , 3.51889895, 0.86150091, 5.38486975,\n        3.33247753],\n       [8.21076111, 0.55321149, 3.41381196, 0.88164887, 5.58760526,\n        3.58243694],\n       [8.06954704, 0.59537553, 3.36311116, 0.92488175, 5.34338203,\n        3.39104035],\n       [8.49348435, 0.57503246, 3.58223032, 0.83542102, 5.7669756 ,\n        3.40158062],\n       [8.26367989, 0.62154131, 3.57318777, 0.72415018, 5.40691485,\n        3.40466409]]), array([0.63377036, 0.63585632, 0.64258221, 0.64297272, 0.64698907,\n       0.64759128, 0.64816419]))", "callback": [0.8942285281542222, 0.8508678958251134, 0.804984098337974, 0.7618876904527003, 0.758762167747753, 0.7342661909082895, 0.7087340472799347, 0.6632121213811015, 0.648164192228276]}, "4": {"maxiter": 500, "fatol": 1e-05, "xatol": 1e-05, "duration": 0.3455779552459717, "fun": "0.4483290040023984", "nit": "461", "nfev": "715", "status": "0", "success": "True", "message": "Optimization terminated successfully.", "x": "[8.06043321 2.1191775  4.29862482 1.25634949 4.91356411 5.0701878 ]", "final_simplex": "(array([[8.06043321, 2.1191775 , 4.29862482, 1.25634949, 4.91356411,\n        5.0701878 ],\n       [8.06043249, 2.11917399, 4.29862316, 1.25635706, 4.91356844,\n        5.07018467],\n       [8.06043957, 2.11917565, 4.29862846, 1.25635338, 4.91356537,\n        5.0701892 ],\n       [8.06043618, 2.11916959, 4.29862445, 1.2563507 , 4.91357395,\n        5.07017854],\n       [8.06043814, 2.11916916, 4.29861602, 1.25635241, 4.91356373,\n        5.07018682],\n       [8.06043558, 2.11917336, 4.29861925, 1.25635304, 4.91356664,\n        5.07019211],\n       [8.06043936, 2.11918601, 4.29862873, 1.25634686, 4.9135652 ,\n        5.0701845 ]]), array([0.448329, 0.448329, 0.448329, 0.448329, 0.448329, 0.448329,\n       0.448329]))", "callback": [0.8942285281542222, 0.8508678958251134, 0.804984098337974, 0.7618876904527003, 0.758762167747753, 0.7342661909082895, 0.7087340472799347, 0.6632121213811015, 0.648164192228276, 0.633770361756902, 0.614209013274015, 0.61118672859647, 0.6066720331994503, 0.6051904698257047, 0.6012331707147249, 0.6010346320065831, 0.6007355368459153, 0.6004275474681162, 0.6000558275020764, 0.5989403097295466, 0.5958042956835445, 0.5919930294954654, 0.5559920808440175, 0.5260977207337159, 0.48804079405725675, 0.4770832310263665, 0.4649191355588025, 0.45958958630179936, 0.45547811722405107, 0.4523468169516013, 0.4492588920955555, 0.44896256372861676, 0.448612909228418, 0.4484517239889003, 0.44836053899334927, 0.4483448945484053, 0.44833499768049745, 0.44833066408782085, 0.44832949103413766, 0.44832905277461055, 0.44832901244941614, 0.448329005322209, 0.4483290044023911, 0.44832900407953624, 0.4483290040123208, 0.4483290040023984]}, "5": {"maxiter": 500, "fatol": 1e-05, "xatol": 1e-10, "duration": 0.3767209053039551, "fun": "0.4483290039976663", "nit": "500", "nfev": "782", "status": "2", "success": "False", "message": "Maximum number of iterations has been exceeded.", "x": "[8.06043629 2.11917682 4.29862356 1.25635179 4.91356527 5.07018262]", "final_simplex": "(array([[8.06043629, 2.11917682, 4.29862356, 1.25635179, 4.91356527,\n        5.07018262],\n       [8.06043583, 2.11917623, 4.2986228 , 1.25635146, 4.91356535,\n        5.07018301],\n       [8.06043583, 2.11917635, 4.29862313, 1.25635166, 4.91356581,\n        5.07018283],\n       [8.06043569, 2.11917667, 4.29862296, 1.2563516 , 4.91356551,\n        5.07018282],\n       [8.06043658, 2.11917679, 4.29862305, 1.25635165, 4.91356536,\n        5.07018277],\n       [8.06043619, 2.11917605, 4.29862298, 1.25635145, 4.91356596,\n        5.07018221],\n       [8.06043611, 2.11917697, 4.2986235 , 1.25635116, 4.91356521,\n        5.07018307]]), array([0.448329, 0.448329, 0.448329, 0.448329, 0.448329, 0.448329,\n       0.448329]))", "callback": [0.8942285281542222, 0.8508678958251134, 0.804984098337974, 0.7618876904527003, 0.758762167747753, 0.7342661909082895, 0.7087340472799347, 0.6632121213811015, 0.648164192228276, 0.633770361756902, 0.614209013274015, 0.61118672859647, 0.6066720331994503, 0.6051904698257047, 0.6012331707147249, 0.6010346320065831, 0.6007355368459153, 0.6004275474681162, 0.6000558275020764, 0.5989403097295466, 0.5958042956835445, 0.5919930294954654, 0.5559920808440175, 0.5260977207337159, 0.48804079405725675, 0.4770832310263665, 0.4649191355588025, 0.45958958630179936, 0.45547811722405107, 0.4523468169516013, 0.4492588920955555, 0.44896256372861676, 0.448612909228418, 0.4484517239889003, 0.44836053899334927, 0.4483448945484053, 0.44833499768049745, 0.44833066408782085, 0.44832949103413766, 0.44832905277461055, 0.44832901244941614, 0.448329005322209, 0.4483290044023911, 0.44832900407953624, 0.4483290040123208, 0.4483290040023984, 0.44832900399915643, 0.44832900399787556, 0.44832900399770226]}, "6": {"maxiter": 500, "fatol": 1e-10, "xatol": 1e-05, "duration": 0.32585811614990234, "fun": "0.4483290040023984", "nit": "461", "nfev": "715", "status": "0", "success": "True", "message": "Optimization terminated successfully.", "x": "[8.06043321 2.1191775  4.29862482 1.25634949 4.91356411 5.0701878 ]", "final_simplex": "(array([[8.06043321, 2.1191775 , 4.29862482, 1.25634949, 4.91356411,\n        5.0701878 ],\n       [8.06043249, 2.11917399, 4.29862316, 1.25635706, 4.91356844,\n        5.07018467],\n       [8.06043957, 2.11917565, 4.29862846, 1.25635338, 4.91356537,\n        5.0701892 ],\n       [8.06043618, 2.11916959, 4.29862445, 1.2563507 , 4.91357395,\n        5.07017854],\n       [8.06043814, 2.11916916, 4.29861602, 1.25635241, 4.91356373,\n        5.07018682],\n       [8.06043558, 2.11917336, 4.29861925, 1.25635304, 4.91356664,\n        5.07019211],\n       [8.06043936, 2.11918601, 4.29862873, 1.25634686, 4.9135652 ,\n        5.0701845 ]]), array([0.448329, 0.448329, 0.448329, 0.448329, 0.448329, 0.448329,\n       0.448329]))", "callback": [0.8942285281542222, 0.8508678958251134, 0.804984098337974, 0.7618876904527003, 0.758762167747753, 0.7342661909082895, 0.7087340472799347, 0.6632121213811015, 0.648164192228276, 0.633770361756902, 0.614209013274015, 0.61118672859647, 0.6066720331994503, 0.6051904698257047, 0.6012331707147249, 0.6010346320065831, 0.6007355368459153, 0.6004275474681162, 0.6000558275020764, 0.5989403097295466, 0.5958042956835445, 0.5919930294954654, 0.5559920808440175, 0.5260977207337159, 0.48804079405725675, 0.4770832310263665, 0.4649191355588025, 0.45958958630179936, 0.45547811722405107, 0.4523468169516013, 0.4492588920955555, 0.44896256372861676, 0.448612909228418, 0.4484517239889003, 0.44836053899334927, 0.4483448945484053, 0.44833499768049745, 0.44833066408782085, 0.44832949103413766, 0.44832905277461055, 0.44832901244941614, 0.448329005322209, 0.4483290044023911, 0.44832900407953624, 0.4483290040123208, 0.4483290040023984]}, "7": {"maxiter": 500, "fatol": 1e-10, "xatol": 1e-10, "duration": 0.4040560722351074, "fun": "0.4483290039976663", "nit": "500", "nfev": "782", "status": "2", "success": "False", "message": "Maximum number of iterations has been exceeded.", "x": "[8.06043629 2.11917682 4.29862356 1.25635179 4.91356527 5.07018262]", "final_simplex": "(array([[8.06043629, 2.11917682, 4.29862356, 1.25635179, 4.91356527,\n        5.07018262],\n       [8.06043583, 2.11917623, 4.2986228 , 1.25635146, 4.91356535,\n        5.07018301],\n       [8.06043583, 2.11917635, 4.29862313, 1.25635166, 4.91356581,\n        5.07018283],\n       [8.06043569, 2.11917667, 4.29862296, 1.2563516 , 4.91356551,\n        5.07018282],\n       [8.06043658, 2.11917679, 4.29862305, 1.25635165, 4.91356536,\n        5.07018277],\n       [8.06043619, 2.11917605, 4.29862298, 1.25635145, 4.91356596,\n        5.07018221],\n       [8.06043611, 2.11917697, 4.2986235 , 1.25635116, 4.91356521,\n        5.07018307]]), array([0.448329, 0.448329, 0.448329, 0.448329, 0.448329, 0.448329,\n       0.448329]))", "callback": [0.8942285281542222, 0.8508678958251134, 0.804984098337974, 0.7618876904527003, 0.758762167747753, 0.7342661909082895, 0.7087340472799347, 0.6632121213811015, 0.648164192228276, 0.633770361756902, 0.614209013274015, 0.61118672859647, 0.6066720331994503, 0.6051904698257047, 0.6012331707147249, 0.6010346320065831, 0.6007355368459153, 0.6004275474681162, 0.6000558275020764, 0.5989403097295466, 0.5958042956835445, 0.5919930294954654, 0.5559920808440175, 0.5260977207337159, 0.48804079405725675, 0.4770832310263665, 0.4649191355588025, 0.45958958630179936, 0.45547811722405107, 0.4523468169516013, 0.4492588920955555, 0.44896256372861676, 0.448612909228418, 0.4484517239889003, 0.44836053899334927, 0.4483448945484053, 0.44833499768049745, 0.44833066408782085, 0.44832949103413766, 0.44832905277461055, 0.44832901244941614, 0.448329005322209, 0.4483290044023911, 0.44832900407953624, 0.4483290040123208, 0.4483290040023984, 0.44832900399915643, 0.44832900399787556, 0.44832900399770226]}, "8": {"maxiter": 1000, "fatol": 1e-05, "xatol": 1e-05, "duration": 0.27463603019714355, "fun": "0.4483290040023984", "nit": "461", "nfev": "715", "status": "0", "success": "True", "message": "Optimization terminated successfully.", "x": "[8.06043321 2.1191775  4.29862482 1.25634949 4.91356411 5.0701878 ]", "final_simplex": "(array([[8.06043321, 2.1191775 , 4.29862482, 1.25634949, 4.91356411,\n        5.0701878 ],\n       [8.06043249, 2.11917399, 4.29862316, 1.25635706, 4.91356844,\n        5.07018467],\n       [8.06043957, 2.11917565, 4.29862846, 1.25635338, 4.91356537,\n        5.0701892 ],\n       [8.06043618, 2.11916959, 4.29862445, 1.2563507 , 4.91357395,\n        5.07017854],\n       [8.06043814, 2.11916916, 4.29861602, 1.25635241, 4.91356373,\n        5.07018682],\n       [8.06043558, 2.11917336, 4.29861925, 1.25635304, 4.91356664,\n        5.07019211],\n       [8.06043936, 2.11918601, 4.29862873, 1.25634686, 4.9135652 ,\n        5.0701845 ]]), array([0.448329, 0.448329, 0.448329, 0.448329, 0.448329, 0.448329,\n       0.448329]))", "callback": [0.8942285281542222, 0.8508678958251134, 0.804984098337974, 0.7618876904527003, 0.758762167747753, 0.7342661909082895, 0.7087340472799347, 0.6632121213811015, 0.648164192228276, 0.633770361756902, 0.614209013274015, 0.61118672859647, 0.6066720331994503, 0.6051904698257047, 0.6012331707147249, 0.6010346320065831, 0.6007355368459153, 0.6004275474681162, 0.6000558275020764, 0.5989403097295466, 0.5958042956835445, 0.5919930294954654, 0.5559920808440175, 0.5260977207337159, 0.48804079405725675, 0.4770832310263665, 0.4649191355588025, 0.45958958630179936, 0.45547811722405107, 0.4523468169516013, 0.4492588920955555, 0.44896256372861676, 0.448612909228418, 0.4484517239889003, 0.44836053899334927, 0.4483448945484053, 0.44833499768049745, 0.44833066408782085, 0.44832949103413766, 0.44832905277461055, 0.44832901244941614, 0.448329005322209, 0.4483290044023911, 0.44832900407953624, 0.4483290040123208, 0.4483290040023984]}, "9": {"maxiter": 1000, "fatol": 1e-05, "xatol": 1e-10, "duration": 0.37128400802612305, "fun": "0.4483290039976304", "nit": "571", "nfev": "950", "status": "0", "success": "True", "message": "Optimization terminated successfully.", "x": "[8.06043606 2.11917638 4.29862325 1.25635172 4.91356526 5.07018269]", "final_simplex": "(array([[8.06043606, 2.11917638, 4.29862325, 1.25635172, 4.91356526,\n        5.07018269],\n       [8.06043606, 2.11917638, 4.29862325, 1.25635172, 4.91356526,\n        5.07018269],\n       [8.06043606, 2.11917638, 4.29862325, 1.25635172, 4.91356526,\n        5.07018269],\n       [8.06043606, 2.11917638, 4.29862325, 1.25635172, 4.91356526,\n        5.07018269],\n       [8.06043606, 2.11917638, 4.29862325, 1.25635172, 4.91356526,\n        5.07018269],\n       [8.06043606, 2.11917638, 4.29862325, 1.25635172, 4.91356526,\n        5.07018269],\n       [8.06043606, 2.11917638, 4.29862325, 1.25635172, 4.91356526,\n        5.07018269]]), array([0.448329, 0.448329, 0.448329, 0.448329, 0.448329, 0.448329,\n       0.448329]))", "callback": [0.8942285281542222, 0.8508678958251134, 0.804984098337974, 0.7618876904527003, 0.758762167747753, 0.7342661909082895, 0.7087340472799347, 0.6632121213811015, 0.648164192228276, 0.633770361756902, 0.614209013274015, 0.61118672859647, 0.6066720331994503, 0.6051904698257047, 0.6012331707147249, 0.6010346320065831, 0.6007355368459153, 0.6004275474681162, 0.6000558275020764, 0.5989403097295466, 0.5958042956835445, 0.5919930294954654, 0.5559920808440175, 0.5260977207337159, 0.48804079405725675, 0.4770832310263665, 0.4649191355588025, 0.45958958630179936, 0.45547811722405107, 0.4523468169516013, 0.4492588920955555, 0.44896256372861676, 0.448612909228418, 0.4484517239889003, 0.44836053899334927, 0.4483448945484053, 0.44833499768049745, 0.44833066408782085, 0.44832949103413766, 0.44832905277461055, 0.44832901244941614, 0.448329005322209, 0.4483290044023911, 0.44832900407953624, 0.4483290040123208, 0.4483290040023984, 0.44832900399915643, 0.44832900399787556, 0.44832900399770226, 0.4483290039976663, 0.44832900399764575, 0.4483290039976321, 0.4483290039976321, 0.44832900399763087, 0.44832900399763054, 0.4483290039976304, 0.4483290039976304]}, "10": {"maxiter": 1000, "fatol": 1e-10, "xatol": 1e-05, "duration": 0.2782721519470215, "fun": "0.4483290040023984", "nit": "461", "nfev": "715", "status": "0", "success": "True", "message": "Optimization terminated successfully.", "x": "[8.06043321 2.1191775  4.29862482 1.25634949 4.91356411 5.0701878 ]", "final_simplex": "(array([[8.06043321, 2.1191775 , 4.29862482, 1.25634949, 4.91356411,\n        5.0701878 ],\n       [8.06043249, 2.11917399, 4.29862316, 1.25635706, 4.91356844,\n        5.07018467],\n       [8.06043957, 2.11917565, 4.29862846, 1.25635338, 4.91356537,\n        5.0701892 ],\n       [8.06043618, 2.11916959, 4.29862445, 1.2563507 , 4.91357395,\n        5.07017854],\n       [8.06043814, 2.11916916, 4.29861602, 1.25635241, 4.91356373,\n        5.07018682],\n       [8.06043558, 2.11917336, 4.29861925, 1.25635304, 4.91356664,\n        5.07019211],\n       [8.06043936, 2.11918601, 4.29862873, 1.25634686, 4.9135652 ,\n        5.0701845 ]]), array([0.448329, 0.448329, 0.448329, 0.448329, 0.448329, 0.448329,\n       0.448329]))", "callback": [0.8942285281542222, 0.8508678958251134, 0.804984098337974, 0.7618876904527003, 0.758762167747753, 0.7342661909082895, 0.7087340472799347, 0.6632121213811015, 0.648164192228276, 0.633770361756902, 0.614209013274015, 0.61118672859647, 0.6066720331994503, 0.6051904698257047, 0.6012331707147249, 0.6010346320065831, 0.6007355368459153, 0.6004275474681162, 0.6000558275020764, 0.5989403097295466, 0.5958042956835445, 0.5919930294954654, 0.5559920808440175, 0.5260977207337159, 0.48804079405725675, 0.4770832310263665, 0.4649191355588025, 0.45958958630179936, 0.45547811722405107, 0.4523468169516013, 0.4492588920955555, 0.44896256372861676, 0.448612909228418, 0.4484517239889003, 0.44836053899334927, 0.4483448945484053, 0.44833499768049745, 0.44833066408782085, 0.44832949103413766, 0.44832905277461055, 0.44832901244941614, 0.448329005322209, 0.4483290044023911, 0.44832900407953624, 0.4483290040123208, 0.4483290040023984]}, "11": {"maxiter": 1000, "fatol": 1e-10, "xatol": 1e-10, "duration": 0.36780810356140137, "fun": "0.4483290039976304", "nit": "571", "nfev": "950", "status": "0", "success": "True", "message": "Optimization terminated successfully.", "x": "[8.06043606 2.11917638 4.29862325 1.25635172 4.91356526 5.07018269]", "final_simplex": "(array([[8.06043606, 2.11917638, 4.29862325, 1.25635172, 4.91356526,\n        5.07018269],\n       [8.06043606, 2.11917638, 4.29862325, 1.25635172, 4.91356526,\n        5.07018269],\n       [8.06043606, 2.11917638, 4.29862325, 1.25635172, 4.91356526,\n        5.07018269],\n       [8.06043606, 2.11917638, 4.29862325, 1.25635172, 4.91356526,\n        5.07018269],\n       [8.06043606, 2.11917638, 4.29862325, 1.25635172, 4.91356526,\n        5.07018269],\n       [8.06043606, 2.11917638, 4.29862325, 1.25635172, 4.91356526,\n        5.07018269],\n       [8.06043606, 2.11917638, 4.29862325, 1.25635172, 4.91356526,\n        5.07018269]]), array([0.448329, 0.448329, 0.448329, 0.448329, 0.448329, 0.448329,\n       0.448329]))", "callback": [0.8942285281542222, 0.8508678958251134, 0.804984098337974, 0.7618876904527003, 0.758762167747753, 0.7342661909082895, 0.7087340472799347, 0.6632121213811015, 0.648164192228276, 0.633770361756902, 0.614209013274015, 0.61118672859647, 0.6066720331994503, 0.6051904698257047, 0.6012331707147249, 0.6010346320065831, 0.6007355368459153, 0.6004275474681162, 0.6000558275020764, 0.5989403097295466, 0.5958042956835445, 0.5919930294954654, 0.5559920808440175, 0.5260977207337159, 0.48804079405725675, 0.4770832310263665, 0.4649191355588025, 0.45958958630179936, 0.45547811722405107, 0.4523468169516013, 0.4492588920955555, 0.44896256372861676, 0.448612909228418, 0.4484517239889003, 0.44836053899334927, 0.4483448945484053, 0.44833499768049745, 0.44833066408782085, 0.44832949103413766, 0.44832905277461055, 0.44832901244941614, 0.448329005322209, 0.4483290044023911, 0.44832900407953624, 0.4483290040123208, 0.4483290040023984, 0.44832900399915643, 0.44832900399787556, 0.44832900399770226, 0.4483290039976663, 0.44832900399764575, 0.4483290039976321, 0.4483290039976321, 0.44832900399763087, 0.44832900399763054, 0.4483290039976304, 0.4483290039976304]}}, "bfgs": {"type": "gradient", "0": {"maxiter": 100, "gtol": 1e-05, "xrtol": 1e-05, "eps": 1e-05, "duration": 0.09231901168823242, "fun": "0.4483290040815838", "jac": "[ 1.15042420e-06 -1.39068757e-06 -9.10815867e-07 -1.31142874e-06\n  2.60548250e-06 -1.68581815e-06]", "hess_inv": "[[ 3.75727309 -0.04435512 -0.11732299  0.64721883  0.1884873  -0.32840138]\n [-0.04435512  4.5494097   1.05944789 -0.34399364 -0.7964947   0.64481751]\n [-0.11732299  1.05944789  4.56936372 -0.23426478 -0.46210359 -0.55066328]\n [ 0.64721883 -0.34399364 -0.23426478  4.39679282  0.38860513 -0.89780572]\n [ 0.1884873  -0.7964947  -0.46210359  0.38860513  3.78092288 -1.21000582]\n [-0.32840138  0.64481751 -0.55066328 -0.89780572 -1.21000582  4.86270552]]", "nfev": "231", "njev": "33", "status": "0", "success": "True", "message": "Optimization terminated successfully.", "x": "[4.50593544 5.26074898 1.1570173  1.25634444 4.91358022 5.07016494]", "nit": "27", "callback": [0.657181648140348, 0.4489929484597561]}, "1": {"maxiter": 100, "gtol": 1e-05, "xrtol": 1e-05, "eps": 1e-10, "duration": 0.0919489860534668, "fun": "0.4483290040979615", "jac": "[3.33066880e-06 2.22044587e-06 1.11022293e-06 1.11022293e-06\n 6.66133760e-06 3.33066880e-06]", "hess_inv": "[[ 3.6906412  -0.08328606 -0.16005269  0.55911211  0.17819414 -0.3238387 ]\n [-0.08328606  4.64402185  1.1019115  -0.41343821 -0.94354168  0.76963   ]\n [-0.16005269  1.1019115   4.5997008  -0.29539743 -0.56630583 -0.52023859]\n [ 0.55911211 -0.41343821 -0.29539743  4.27371732  0.43658848 -0.91903361]\n [ 0.17819414 -0.94354168 -0.56630583  0.43658848  3.78005621 -1.35147766]\n [-0.3238387   0.76963    -0.52023859 -0.91903361 -1.35147766  5.11301068]]", "nfev": "231", "njev": "33", "status": "0", "success": "True", "message": "Optimization terminated successfully.", "x": "[4.50594908 5.26076269 1.1570286  1.25635775 4.91359149 5.07017677]", "nit": "27", "callback": [0.657185602088399, 0.44899037063233427]}, "2": {"maxiter": 100, "gtol": 1e-05, "xrtol": 1e-10, "eps": 1e-05, "duration": 0.09433984756469727, "fun": "0.4483290040815838", "jac": "[ 1.15042420e-06 -1.39068757e-06 -9.10815867e-07 -1.31142874e-06\n  2.60548250e-06 -1.68581815e-06]", "hess_inv": "[[ 3.75727309 -0.04435512 -0.11732299  0.64721883  0.1884873  -0.32840138]\n [-0.04435512  4.5494097   1.05944789 -0.34399364 -0.7964947   0.64481751]\n [-0.11732299  1.05944789  4.56936372 -0.23426478 -0.46210359 -0.55066328]\n [ 0.64721883 -0.34399364 -0.23426478  4.39679282  0.38860513 -0.89780572]\n [ 0.1884873  -0.7964947  -0.46210359  0.38860513  3.78092288 -1.21000582]\n [-0.32840138  0.64481751 -0.55066328 -0.89780572 -1.21000582  4.86270552]]", "nfev": "231", "njev": "33", "status": "0", "success": "True", "message": "Optimization terminated successfully.", "x": "[4.50593544 5.26074898 1.1570173  1.25634444 4.91358022 5.07016494]", "nit": "27", "callback": [0.657181648140348, 0.4489929484597561]}, "3": {"maxiter": 100, "gtol": 1e-05, "xrtol": 1e-10, "eps": 1e-10, "duration": 0.09529423713684082, "fun": "0.4483290040979615", "jac": "[3.33066880e-06 2.22044587e-06 1.11022293e-06 1.11022293e-06\n 6.66133760e-06 3.33066880e-06]", "hess_inv": "[[ 3.6906412  -0.08328606 -0.16005269  0.55911211  0.17819414 -0.3238387 ]\n [-0.08328606  4.64402185  1.1019115  -0.41343821 -0.94354168  0.76963   ]\n [-0.16005269  1.1019115   4.5997008  -0.29539743 -0.56630583 -0.52023859]\n [ 0.55911211 -0.41343821 -0.29539743  4.27371732  0.43658848 -0.91903361]\n [ 0.17819414 -0.94354168 -0.56630583  0.43658848  3.78005621 -1.35147766]\n [-0.3238387   0.76963    -0.52023859 -0.91903361 -1.35147766  5.11301068]]", "nfev": "231", "njev": "33", "status": "0", "success": "True", "message": "Optimization terminated successfully.", "x": "[4.50594908 5.26076269 1.1570286  1.25635775 4.91359149 5.07017677]", "nit": "27", "callback": [0.657185602088399, 0.44899037063233427]}, "4": {"maxiter": 100, "gtol": 1e-10, "xrtol": 1e-05, "eps": 1e-05, "duration": 0.09906625747680664, "fun": "0.4483290040229957", "jac": "[ 1.20659038e-07 -4.06030765e-07 -3.68305386e-07 -3.87445631e-07\n  3.81961129e-07 -1.94133598e-07]", "hess_inv": "[[ 3.82520753 -0.13257645 -0.14321767  0.65379955  0.345458   -0.47921763]\n [-0.13257645  4.47606533  0.90588808 -0.4594739  -0.89154572  0.81506051]\n [-0.14321767  0.90588808  4.39276746 -0.34329583 -0.41356025 -0.51868851]\n [ 0.65379955 -0.4594739  -0.34329583  4.33657714  0.46572264 -0.92698938]\n [ 0.345458   -0.89154572 -0.41356025  0.46572264  4.08063337 -1.54365706]\n [-0.47921763  0.81506051 -0.51868851 -0.92698938 -1.54365706  5.19403107]]", "nfev": "238", "njev": "34", "status": "0", "success": "True", "message": "Optimization terminated successfully.", "x": "[4.50592988 5.26075928 1.15702248 1.25634564 4.91356558 5.07017772]", "nit": "28", "callback": [0.657181648140348, 0.4489929484597561]}, "5": {"maxiter": 100, "gtol": 1e-10, "xrtol": 1e-05, "eps": 1e-10, "duration": 0.09966492652893066, "fun": "0.44832900402464815", "jac": "[ 0.00000000e+00 -2.22044587e-06 -1.11022293e-06 -1.11022293e-06\n -1.11022293e-06 -1.11022293e-06]", "hess_inv": "[[ 3.89439058e+00 -1.68089621e-03 -2.06810854e-02  6.89814328e-01\n   4.88402305e-01 -5.06062455e-01]\n [-1.68089621e-03  4.66955888e+00  1.18434295e+00 -3.50718049e-01\n  -8.18444107e-01  6.31182550e-01]\n [-2.06810854e-02  1.18434295e+00  4.59595852e+00 -2.44608435e-01\n  -3.57291697e-01 -4.01150914e-01]\n [ 6.89814328e-01 -3.50718049e-01 -2.44608435e-01  4.34251017e+00\n   6.34343437e-01 -9.40930586e-01]\n [ 4.88402305e-01 -8.18444107e-01 -3.57291697e-01  6.34343437e-01\n   4.25224574e+00 -1.62109273e+00]\n [-5.06062455e-01  6.31182550e-01 -4.01150914e-01 -9.40930586e-01\n  -1.62109273e+00  4.67638266e+00]]", "nfev": "238", "njev": "34", "status": "0", "success": "True", "message": "Optimization terminated successfully.", "x": "[4.5059338  5.26075475 1.15702493 1.25635059 4.91356845 5.07017376]", "nit": "28", "callback": [0.657185602088399, 0.44899037063233427]}, "6": {"maxiter": 100, "gtol": 1e-10, "xrtol": 1e-10, "eps": 1e-05, "duration": 0.10375809669494629, "fun": "0.44832900401526365", "jac": "[ 0.00000000e+00  3.33066907e-11  0.00000000e+00 -3.33066907e-11\n  1.11022302e-11 -1.11022302e-11]", "hess_inv": "[[ 3.84258517 -0.2347518  -0.23055216  0.60718503  0.43568875 -0.53098949]\n [-0.2347518   4.99753209  1.31681678 -0.26137534 -1.33501262  1.09110345]\n [-0.23055216  1.31681678  4.7039489  -0.19957022 -0.76446009 -0.29125063]\n [ 0.60718503 -0.26137534 -0.19957022  4.39973463  0.29276066 -0.80957701]\n [ 0.43568875 -1.33501262 -0.76446009  0.29276066  4.47237125 -1.78881432]\n [-0.53098949  1.09110345 -0.29125063 -0.80957701 -1.78881432  5.34109095]]", "nfev": "259", "njev": "37", "status": "0", "success": "True", "message": "Optimization terminated successfully.", "x": "[4.50592919 5.26076244 1.15702493 1.25634683 4.91356274 5.07017955]", "nit": "31", "callback": [0.657181648140348, 0.4489929484597561, 0.448329004015269]}, "7": {"maxiter": 100, "gtol": 1e-10, "xrtol": 1e-10, "eps": 1e-10, "duration": 0.2227489948272705, "fun": "0.4483290040011002", "jac": "[ 1.11022293e-06  1.11022293e-06  1.11022293e-06  1.11022293e-06\n  0.00000000e+00 -2.22044587e-06]", "hess_inv": "[[ 1.05792181 -1.19680867 -0.91300961 -0.25044724  0.23847814 -0.67447641]\n [-1.19680867  1.772387    0.85146941  0.61998811  0.08961959 -0.22817865]\n [-0.91300961  0.85146941  3.87655662 -1.37373036 -0.1528118  -0.55347015]\n [-0.25044724  0.61998811 -1.37373036  1.83929794  0.37483185 -0.70387737]\n [ 0.23847814  0.08961959 -0.1528118   0.37483185  4.68400831 -1.35509503]\n [-0.67447641 -0.22817865 -0.55347015 -0.70387737 -1.35509503  4.41182031]]", "nfev": "491", "njev": "69", "status": "0", "success": "True", "message": "Optimization terminated successfully.", "x": "[4.5059327  5.26076946 1.15703185 1.25635146 4.91356806 5.07017794]", "nit": "32", "callback": [0.657185602088399, 0.44899037063233427, 0.44832900400110043]}, "8": {"maxiter": 500, "gtol": 1e-05, "xrtol": 1e-05, "eps": 1e-05, "duration": 0.13649725914001465, "fun": "0.4483290040815838", "jac": "[ 1.15042420e-06 -1.39068757e-06 -9.10815867e-07 -1.31142874e-06\n  2.60548250e-06 -1.68581815e-06]", "hess_inv": "[[ 3.75727309 -0.04435512 -0.11732299  0.64721883  0.1884873  -0.32840138]\n [-0.04435512  4.5494097   1.05944789 -0.34399364 -0.7964947   0.64481751]\n [-0.11732299  1.05944789  4.56936372 -0.23426478 -0.46210359 -0.55066328]\n [ 0.64721883 -0.34399364 -0.23426478  4.39679282  0.38860513 -0.89780572]\n [ 0.1884873  -0.7964947  -0.46210359  0.38860513  3.78092288 -1.21000582]\n [-0.32840138  0.64481751 -0.55066328 -0.89780572 -1.21000582  4.86270552]]", "nfev": "231", "njev": "33", "status": "0", "success": "True", "message": "Optimization terminated successfully.", "x": "[4.50593544 5.26074898 1.1570173  1.25634444 4.91358022 5.07016494]", "nit": "27", "callback": [0.657181648140348, 0.4489929484597561]}, "9": {"maxiter": 500, "gtol": 1e-05, "xrtol": 1e-05, "eps": 1e-10, "duration": 0.13051986694335938, "fun": "0.4483290040979615", "jac": "[3.33066880e-06 2.22044587e-06 1.11022293e-06 1.11022293e-06\n 6.66133760e-06 3.33066880e-06]", "hess_inv": "[[ 3.6906412  -0.08328606 -0.16005269  0.55911211  0.17819414 -0.3238387 ]\n [-0.08328606  4.64402185  1.1019115  -0.41343821 -0.94354168  0.76963   ]\n [-0.16005269  1.1019115   4.5997008  -0.29539743 -0.56630583 -0.52023859]\n [ 0.55911211 -0.41343821 -0.29539743  4.27371732  0.43658848 -0.91903361]\n [ 0.17819414 -0.94354168 -0.56630583  0.43658848  3.78005621 -1.35147766]\n [-0.3238387   0.76963    -0.52023859 -0.91903361 -1.35147766  5.11301068]]", "nfev": "231", "njev": "33", "status": "0", "success": "True", "message": "Optimization terminated successfully.", "x": "[4.50594908 5.26076269 1.1570286  1.25635775 4.91359149 5.07017677]", "nit": "27", "callback": [0.657185602088399, 0.44899037063233427]}, "10": {"maxiter": 500, "gtol": 1e-05, "xrtol": 1e-10, "eps": 1e-05, "duration": 0.11890792846679688, "fun": "0.4483290040815838", "jac": "[ 1.15042420e-06 -1.39068757e-06 -9.10815867e-07 -1.31142874e-06\n  2.60548250e-06 -1.68581815e-06]", "hess_inv": "[[ 3.75727309 -0.04435512 -0.11732299  0.64721883  0.1884873  -0.32840138]\n [-0.04435512  4.5494097   1.05944789 -0.34399364 -0.7964947   0.64481751]\n [-0.11732299  1.05944789  4.56936372 -0.23426478 -0.46210359 -0.55066328]\n [ 0.64721883 -0.34399364 -0.23426478  4.39679282  0.38860513 -0.89780572]\n [ 0.1884873  -0.7964947  -0.46210359  0.38860513  3.78092288 -1.21000582]\n [-0.32840138  0.64481751 -0.55066328 -0.89780572 -1.21000582  4.86270552]]", "nfev": "231", "njev": "33", "status": "0", "success": "True", "message": "Optimization terminated successfully.", "x": "[4.50593544 5.26074898 1.1570173  1.25634444 4.91358022 5.07016494]", "nit": "27", "callback": [0.657181648140348, 0.4489929484597561]}, "11": {"maxiter": 500, "gtol": 1e-05, "xrtol": 1e-10, "eps": 1e-10, "duration": 0.11307907104492188, "fun": "0.4483290040979615", "jac": "[3.33066880e-06 2.22044587e-06 1.11022293e-06 1.11022293e-06\n 6.66133760e-06 3.33066880e-06]", "hess_inv": "[[ 3.6906412  -0.08328606 -0.16005269  0.55911211  0.17819414 -0.3238387 ]\n [-0.08328606  4.64402185  1.1019115  -0.41343821 -0.94354168  0.76963   ]\n [-0.16005269  1.1019115   4.5997008  -0.29539743 -0.56630583 -0.52023859]\n [ 0.55911211 -0.41343821 -0.29539743  4.27371732  0.43658848 -0.91903361]\n [ 0.17819414 -0.94354168 -0.56630583  0.43658848  3.78005621 -1.35147766]\n [-0.3238387   0.76963    -0.52023859 -0.91903361 -1.35147766  5.11301068]]", "nfev": "231", "njev": "33", "status": "0", "success": "True", "message": "Optimization terminated successfully.", "x": "[4.50594908 5.26076269 1.1570286  1.25635775 4.91359149 5.07017677]", "nit": "27", "callback": [0.657185602088399, 0.44899037063233427]}, "12": {"maxiter": 500, "gtol": 1e-10, "xrtol": 1e-05, "eps": 1e-05, "duration": 0.10693597793579102, "fun": "0.4483290040229957", "jac": "[ 1.20659038e-07 -4.06030765e-07 -3.68305386e-07 -3.87445631e-07\n  3.81961129e-07 -1.94133598e-07]", "hess_inv": "[[ 3.82520753 -0.13257645 -0.14321767  0.65379955  0.345458   -0.47921763]\n [-0.13257645  4.47606533  0.90588808 -0.4594739  -0.89154572  0.81506051]\n [-0.14321767  0.90588808  4.39276746 -0.34329583 -0.41356025 -0.51868851]\n [ 0.65379955 -0.4594739  -0.34329583  4.33657714  0.46572264 -0.92698938]\n [ 0.345458   -0.89154572 -0.41356025  0.46572264  4.08063337 -1.54365706]\n [-0.47921763  0.81506051 -0.51868851 -0.92698938 -1.54365706  5.19403107]]", "nfev": "238", "njev": "34", "status": "0", "success": "True", "message": "Optimization terminated successfully.", "x": "[4.50592988 5.26075928 1.15702248 1.25634564 4.91356558 5.07017772]", "nit": "28", "callback": [0.657181648140348, 0.4489929484597561]}, "13": {"maxiter": 500, "gtol": 1e-10, "xrtol": 1e-05, "eps": 1e-10, "duration": 0.09470701217651367, "fun": "0.44832900402464815", "jac": "[ 0.00000000e+00 -2.22044587e-06 -1.11022293e-06 -1.11022293e-06\n -1.11022293e-06 -1.11022293e-06]", "hess_inv": "[[ 3.89439058e+00 -1.68089621e-03 -2.06810854e-02  6.89814328e-01\n   4.88402305e-01 -5.06062455e-01]\n [-1.68089621e-03  4.66955888e+00  1.18434295e+00 -3.50718049e-01\n  -8.18444107e-01  6.31182550e-01]\n [-2.06810854e-02  1.18434295e+00  4.59595852e+00 -2.44608435e-01\n  -3.57291697e-01 -4.01150914e-01]\n [ 6.89814328e-01 -3.50718049e-01 -2.44608435e-01  4.34251017e+00\n   6.34343437e-01 -9.40930586e-01]\n [ 4.88402305e-01 -8.18444107e-01 -3.57291697e-01  6.34343437e-01\n   4.25224574e+00 -1.62109273e+00]\n [-5.06062455e-01  6.31182550e-01 -4.01150914e-01 -9.40930586e-01\n  -1.62109273e+00  4.67638266e+00]]", "nfev": "238", "njev": "34", "status": "0", "success": "True", "message": "Optimization terminated successfully.", "x": "[4.5059338  5.26075475 1.15702493 1.25635059 4.91356845 5.07017376]", "nit": "28", "callback": [0.657185602088399, 0.44899037063233427]}, "14": {"maxiter": 500, "gtol": 1e-10, "xrtol": 1e-10, "eps": 1e-05, "duration": 0.1060340404510498, "fun": "0.44832900401526365", "jac": "[ 0.00000000e+00  3.33066907e-11  0.00000000e+00 -3.33066907e-11\n  1.11022302e-11 -1.11022302e-11]", "hess_inv": "[[ 3.84258517 -0.2347518  -0.23055216  0.60718503  0.43568875 -0.53098949]\n [-0.2347518   4.99753209  1.31681678 -0.26137534 -1.33501262  1.09110345]\n [-0.23055216  1.31681678  4.7039489  -0.19957022 -0.76446009 -0.29125063]\n [ 0.60718503 -0.26137534 -0.19957022  4.39973463  0.29276066 -0.80957701]\n [ 0.43568875 -1.33501262 -0.76446009  0.29276066  4.47237125 -1.78881432]\n [-0.53098949  1.09110345 -0.29125063 -0.80957701 -1.78881432  5.34109095]]", "nfev": "259", "njev": "37", "status": "0", "success": "True", "message": "Optimization terminated successfully.", "x": "[4.50592919 5.26076244 1.15702493 1.25634683 4.91356274 5.07017955]", "nit": "31", "callback": [0.657181648140348, 0.4489929484597561, 0.448329004015269]}, "15": {"maxiter": 500, "gtol": 1e-10, "xrtol": 1e-10, "eps": 1e-10, "duration": 0.19873714447021484, "fun": "0.4483290040011002", "jac": "[ 1.11022293e-06  1.11022293e-06  1.11022293e-06  1.11022293e-06\n  0.00000000e+00 -2.22044587e-06]", "hess_inv": "[[ 1.05792181 -1.19680867 -0.91300961 -0.25044724  0.23847814 -0.67447641]\n [-1.19680867  1.772387    0.85146941  0.61998811  0.08961959 -0.22817865]\n [-0.91300961  0.85146941  3.87655662 -1.37373036 -0.1528118  -0.55347015]\n [-0.25044724  0.61998811 -1.37373036  1.83929794  0.37483185 -0.70387737]\n [ 0.23847814  0.08961959 -0.1528118   0.37483185  4.68400831 -1.35509503]\n [-0.67447641 -0.22817865 -0.55347015 -0.70387737 -1.35509503  4.41182031]]", "nfev": "491", "njev": "69", "status": "0", "success": "True", "message": "Optimization terminated successfully.", "x": "[4.5059327  5.26076946 1.15703185 1.25635146 4.91356806 5.07017794]", "nit": "32", "callback": [0.657185602088399, 0.44899037063233427, 0.44832900400110043]}, "16": {"maxiter": 1000, "gtol": 1e-05, "xrtol": 1e-05, "eps": 1e-05, "duration": 0.0980520248413086, "fun": "0.4483290040815838", "jac": "[ 1.15042420e-06 -1.39068757e-06 -9.10815867e-07 -1.31142874e-06\n  2.60548250e-06 -1.68581815e-06]", "hess_inv": "[[ 3.75727309 -0.04435512 -0.11732299  0.64721883  0.1884873  -0.32840138]\n [-0.04435512  4.5494097   1.05944789 -0.34399364 -0.7964947   0.64481751]\n [-0.11732299  1.05944789  4.56936372 -0.23426478 -0.46210359 -0.55066328]\n [ 0.64721883 -0.34399364 -0.23426478  4.39679282  0.38860513 -0.89780572]\n [ 0.1884873  -0.7964947  -0.46210359  0.38860513  3.78092288 -1.21000582]\n [-0.32840138  0.64481751 -0.55066328 -0.89780572 -1.21000582  4.86270552]]", "nfev": "231", "njev": "33", "status": "0", "success": "True", "message": "Optimization terminated successfully.", "x": "[4.50593544 5.26074898 1.1570173  1.25634444 4.91358022 5.07016494]", "nit": "27", "callback": [0.657181648140348, 0.4489929484597561]}, "17": {"maxiter": 1000, "gtol": 1e-05, "xrtol": 1e-05, "eps": 1e-10, "duration