{"date": "2024/09/24/, 06:38:00", "conf_id": 312, "data_type": "var_s_rank\n", "num_data_points": 4, "s_rank": 0, "unitary": "[[0.18663085-0.53122324j,-0.11886349-0.70040876j,0.28555095-0.02789305j,-0.12262021-0.2844587j],[-0.16702216+0.27758472j,0.27526351-0.29738586j,-0.01109314+0.22495461j,-0.77239203+0.28900673j],[0.61935415+0.12301792j,-0.31269928-0.03315917j,-0.61902762-0.19039079j,-0.27120731-0.0968989j],[0.42341754+0.0023929j,-0.05847358+0.47832119j,0.64900495-0.16218422j,-0.37182676-0.05229966j]]", "databatch_0": {"databatch": "[[[-0.02379322+0.10279154j,0.19316923+0.30915704j,0.04777959-0.08287987j,0.07711336+0.35383992j],[0.27096235+0.09237762j,-0.21552676-0.16134961j,-0.2426704-0.02978566j,-0.1224561-0.01767445j],[-0.17843268-0.27973328j,-0.16991346+0.03882268j,-0.08368735-0.31440515j,-0.26833226+0.03988959j],[0.01233383-0.00612871j,0.36172397-0.15636208j,0.00853363+0.04085703j,-0.05178757-0.07955615j]],[[0.58385124+0.21082932j,-0.40249807-0.153809j,-0.18751418-0.28497094j,-0.1027239+0.0285063j],[-0.1638382+0.14839631j,0.07259175-0.14741472j,0.12754531-0.12025852j,0.08216589-0.03209175j],[-0.07808763+0.00817081j,0.0863737-0.01520436j,0.0883508+0.04943367j,-0.0086757+0.02583254j],[-0.30193758-0.01661671j,0.20488471+0.02564802j,0.10935941+0.11337192j,0.0394898-0.0399704j]],[[0.05742766-0.01189152j,0.04207764-0.24076402j,-0.08531229-0.1601005j,-0.09881182-0.26783129j],[-0.33272957-0.14354756j,0.05070998+0.49984409j,-0.18598591-0.05189699j,0.26470322-0.18590963j],[-0.04983481-0.17319972j,-0.05406017-0.04259039j,0.14506582+0.14273044j,-0.20016138-0.12366372j],[0.16866612-0.12254613j,-0.16769306+0.0888779j,-0.14118167+0.16677784j,0.17960823+0.05732888j]],[[0.13166495-0.06922162j,-0.26442634-0.28064106j,-0.27417066-0.01728684j,0.30887757+0.27905943j],[-0.10966735-0.03612193j,0.14635512+0.06114205j,-0.07195626-0.04582288j,-0.13338946-0.16194642j],[0.07737581+0.20313425j,-0.28480477+0.09030678j,-0.04071475+0.22844262j,-0.01610448+0.1079631j],[-0.15199733+0.28474843j,-0.18581996+0.03579977j,-0.10655614+0.23996194j,-0.27557644-0.05920146j]]]", "initial param values": "[4.0582227,1.57429631,5.77511903,2.93523626,0.77943014,5.858818]", "nelder_mead": {"type": "gradient-free", "0": {"maxiter": 100, "fatol": 1e-05, "xatol": 1e-05, "duration": 0.03657078742980957, "fun": "0.36590855448532933", "nit": "100", "nfev": "151", "status": "2", "success": "False", "message": "Maximum number of iterations has been exceeded.", "x": "[2.16902963 1.53891898 9.53956626 3.30665583 0.91402989 2.4356106 ]", "final_simplex": "(array([[2.16902963, 1.53891898, 9.53956626, 3.30665583, 0.91402989,\n        2.4356106 ],\n       [2.01829857, 1.26913532, 9.40693032, 3.74016982, 1.04518855,\n        2.95634007],\n       [2.17120326, 1.33382569, 9.32600704, 3.69238562, 1.01475489,\n        2.6254554 ],\n       [2.08791109, 1.65832636, 9.52532252, 3.6194857 , 0.92693162,\n        2.81949081],\n       [2.33570753, 1.69508707, 9.79307865, 3.54278185, 0.92767745,\n        2.79044583],\n       [2.11077865, 1.52160558, 9.36256575, 3.7083055 , 0.97729763,\n        2.99319209],\n       [2.22831922, 1.6489147 , 9.69146593, 3.7683844 , 0.98610672,\n        2.77877481]]), array([0.36590855, 0.38444168, 0.38695676, 0.39560599, 0.40428943,\n       0.40574517, 0.4099091 ]))", "callback": [0.7865818741257891, 0.761506625874165, 0.5292168565465035, 0.527864934457519, 0.500952536590123, 0.48250827545851893, 0.4602898291403128, 0.44958243432313805, 0.42861908881431066]}, "1": {"maxiter": 100, "fatol": 1e-05, "xatol": 1e-10, "duration": 0.0350189208984375, "fun": "0.36590855448532933", "nit": "100", "nfev": "151", "status": "2", "success": "False", "message": "Maximum number of iterations has been exceeded.", "x": "[2.16902963 1.53891898 9.53956626 3.30665583 0.91402989 2.4356106 ]", "final_simplex": "(array([[2.16902963, 1.53891898, 9.53956626, 3.30665583, 0.91402989,\n        2.4356106 ],\n       [2.01829857, 1.26913532, 9.40693032, 3.74016982, 1.04518855,\n        2.95634007],\n       [2.17120326, 1.33382569, 9.32600704, 3.69238562, 1.01475489,\n        2.6254554 ],\n       [2.08791109, 1.65832636, 9.52532252, 3.6194857 , 0.92693162,\n        2.81949081],\n       [2.33570753, 1.69508707, 9.79307865, 3.54278185, 0.92767745,\n        2.79044583],\n       [2.11077865, 1.52160558, 9.36256575, 3.7083055 , 0.97729763,\n        2.99319209],\n       [2.22831922, 1.6489147 , 9.69146593, 3.7683844 , 0.98610672,\n        2.77877481]]), array([0.36590855, 0.38444168, 0.38695676, 0.39560599, 0.40428943,\n       0.40574517, 0.4099091 ]))", "callback": [0.7865818741257891, 0.761506625874165, 0.5292168565465035, 0.527864934457519, 0.500952536590123, 0.48250827545851893, 0.4602898291403128, 0.44958243432313805, 0.42861908881431066]}, "2": {"maxiter": 100, "fatol": 1e-10, "xatol": 1e-05, "duration": 0.03541302680969238, "fun": "0.36590855448532933", "nit": "100", "nfev": "151", "status": "2", "success": "False", "message": "Maximum number of iterations has been exceeded.", "x": "[2.16902963 1.53891898 9.53956626 3.30665583 0.91402989 2.4356106 ]", "final_simplex": "(array([[2.16902963, 1.53891898, 9.53956626, 3.30665583, 0.91402989,\n        2.4356106 ],\n       [2.01829857, 1.26913532, 9.40693032, 3.74016982, 1.04518855,\n        2.95634007],\n       [2.17120326, 1.33382569, 9.32600704, 3.69238562, 1.01475489,\n        2.6254554 ],\n       [2.08791109, 1.65832636, 9.52532252, 3.6194857 , 0.92693162,\n        2.81949081],\n       [2.33570753, 1.69508707, 9.79307865, 3.54278185, 0.92767745,\n        2.79044583],\n       [2.11077865, 1.52160558, 9.36256575, 3.7083055 , 0.97729763,\n        2.99319209],\n       [2.22831922, 1.6489147 , 9.69146593, 3.7683844 , 0.98610672,\n        2.77877481]]), array([0.36590855, 0.38444168, 0.38695676, 0.39560599, 0.40428943,\n       0.40574517, 0.4099091 ]))", "callback": [0.7865818741257891, 0.761506625874165, 0.5292168565465035, 0.527864934457519, 0.500952536590123, 0.48250827545851893, 0.4602898291403128, 0.44958243432313805, 0.42861908881431066]}, "3": {"maxiter": 100, "fatol": 1e-10, "xatol": 1e-10, "duration": 0.03455805778503418, "fun": "0.36590855448532933", "nit": "100", "nfev": "151", "status": "2", "success": "False", "message": "Maximum number of iterations has been exceeded.", "x": "[2.16902963 1.53891898 9.53956626 3.30665583 0.91402989 2.4356106 ]", "final_simplex": "(array([[2.16902963, 1.53891898, 9.53956626, 3.30665583, 0.91402989,\n        2.4356106 ],\n       [2.01829857, 1.26913532, 9.40693032, 3.74016982, 1.04518855,\n        2.95634007],\n       [2.17120326, 1.33382569, 9.32600704, 3.69238562, 1.01475489,\n        2.6254554 ],\n       [2.08791109, 1.65832636, 9.52532252, 3.6194857 , 0.92693162,\n        2.81949081],\n       [2.33570753, 1.69508707, 9.79307865, 3.54278185, 0.92767745,\n        2.79044583],\n       [2.11077865, 1.52160558, 9.36256575, 3.7083055 , 0.97729763,\n        2.99319209],\n       [2.22831922, 1.6489147 , 9.69146593, 3.7683844 , 0.98610672,\n        2.77877481]]), array([0.36590855, 0.38444168, 0.38695676, 0.39560599, 0.40428943,\n       0.40574517, 0.4099091 ]))", "callback": [0.7865818741257891, 0.761506625874165, 0.5292168565465035, 0.527864934457519, 0.500952536590123, 0.48250827545851893, 0.4602898291403128, 0.44958243432313805, 0.42861908881431066]}, "4": {"maxiter": 500, "fatol": 1e-05, "xatol": 1e-05, "duration": 0.15519285202026367, "fun": "0.29162695694766283", "nit": "444", "nfev": "690", "status": "0", "success": "True", "message": "Optimization terminated successfully.", "x": "[1.74446961 1.05239433 9.36907764 2.74214108 0.04857026 1.80294138]", "final_simplex": "(array([[1.74446961, 1.05239433, 9.36907764, 2.74214108, 0.04857026,\n        1.80294138],\n       [1.74446632, 1.05239073, 9.36907835, 2.74214222, 0.04857377,\n        1.8029431 ],\n       [1.74446412, 1.05239312, 9.36907861, 2.74213909, 0.04857524,\n        1.80294647],\n       [1.74446579, 1.05239197, 9.36907911, 2.7421376 , 0.04857901,\n        1.80295101],\n       [1.74446785, 1.05239426, 9.36908216, 2.74213904, 0.04857489,\n        1.80294266],\n       [1.74446976, 1.05239273, 9.36907351, 2.74214099, 0.04856787,\n        1.80293552],\n       [1.74446596, 1.05239037, 9.36908078, 2.74214224, 0.04856173,\n        1.80293279]]), array([0.29162696, 0.29162696, 0.29162696, 0.29162696, 0.29162696,\n       0.29162696, 0.29162696]))", "callback": [0.7865818741257891, 0.761506625874165, 0.5292168565465035, 0.527864934457519, 0.500952536590123, 0.48250827545851893, 0.4602898291403128, 0.44958243432313805, 0.42861908881431066, 0.34913609776664933, 0.3149636527898615, 0.3084706840358057, 0.3053224783835907, 0.30354097303875105, 0.30347111070297006, 0.30335016260233116, 0.30329224965095347, 0.30327608787312366, 0.3032559477102642, 0.303225550941269, 0.30302926124097807, 0.3025984826570036, 0.3010234554466319, 0.2990159317206561, 0.29734709876748344, 0.2959514161237743, 0.29272342872418877, 0.2921039147340334, 0.2918251161487462, 0.2916498632393225, 0.2916394202904392, 0.29162969642668024, 0.291627332390058, 0.29162705591402127, 0.2916270046561773, 0.29162698507648555, 0.29162696695088686, 0.2916269610947748, 0.29162695886111156, 0.29162695758127855, 0.29162695717598264, 0.2916269569947274, 0.29162695695599883, 0.29162695694938967]}, "5": {"maxiter": 500, "fatol": 1e-05, "xatol": 1e-10, "duration": 0.17739295959472656, "fun": "0.2916269569461567", "nit": "500", "nfev": "791", "status": "2", "success": "False", "message": "Maximum number of iterations has been exceeded.", "x": "[1.74446731 1.05239308 9.36907897 2.74214082 0.04857087 1.80294064]", "final_simplex": "(array([[1.74446731, 1.05239308, 9.36907897, 2.74214082, 0.04857087,\n        1.80294064],\n       [1.74446734, 1.05239309, 9.36907893, 2.74214082, 0.04857079,\n        1.80294052],\n       [1.74446731, 1.0523931 , 9.36907893, 2.7421408 , 0.0485709 ,\n        1.80294062],\n       [1.74446732, 1.05239308, 9.36907892, 2.74214079, 0.04857083,\n        1.80294054],\n       [1.74446732, 1.05239308, 9.36907891, 2.74214081, 0.04857076,\n        1.8029405 ],\n       [1.74446733, 1.05239308, 9.3690789 , 2.74214082, 0.04857082,\n        1.80294055],\n       [1.74446729, 1.05239306, 9.36907892, 2.7421408 , 0.0485708 ,\n        1.80294051]]), array([0.29162696, 0.29162696, 0.29162696, 0.29162696, 0.29162696,\n       0.29162696, 0.29162696]))", "callback": [0.7865818741257891, 0.761506625874165, 0.5292168565465035, 0.527864934457519, 0.500952536590123, 0.48250827545851893, 0.4602898291403128, 0.44958243432313805, 0.42861908881431066, 0.34913609776664933, 0.3149636527898615, 0.3084706840358057, 0.3053224783835907, 0.30354097303875105, 0.30347111070297006, 0.30335016260233116, 0.30329224965095347, 0.30327608787312366, 0.3032559477102642, 0.303225550941269, 0.30302926124097807, 0.3025984826570036, 0.3010234554466319, 0.2990159317206561, 0.29734709876748344, 0.2959514161237743, 0.29272342872418877, 0.2921039147340334, 0.2918251161487462, 0.2916498632393225, 0.2916394202904392, 0.29162969642668024, 0.291627332390058, 0.29162705591402127, 0.2916270046561773, 0.29162698507648555, 0.29162696695088686, 0.2916269610947748, 0.29162695886111156, 0.29162695758127855, 0.29162695717598264, 0.2916269569947274, 0.29162695695599883, 0.29162695694938967, 0.29162695694660823, 0.291626956946225, 0.29162695694616936, 0.2916269569461597, 0.29162695694615715]}, "6": {"maxiter": 500, "fatol": 1e-10, "xatol": 1e-05, "duration": 0.15487384796142578, "fun": "0.29162695694766283", "nit": "444", "nfev": "690", "status": "0", "success": "True", "message": "Optimization terminated successfully.", "x": "[1.74446961 1.05239433 9.36907764 2.74214108 0.04857026 1.80294138]", "final_simplex": "(array([[1.74446961, 1.05239433, 9.36907764, 2.74214108, 0.04857026,\n        1.80294138],\n       [1.74446632, 1.05239073, 9.36907835, 2.74214222, 0.04857377,\n        1.8029431 ],\n       [1.74446412, 1.05239312, 9.36907861, 2.74213909, 0.04857524,\n        1.80294647],\n       [1.74446579, 1.05239197, 9.36907911, 2.7421376 , 0.04857901,\n        1.80295101],\n       [1.74446785, 1.05239426, 9.36908216, 2.74213904, 0.04857489,\n        1.80294266],\n       [1.74446976, 1.05239273, 9.36907351, 2.74214099, 0.04856787,\n        1.80293552],\n       [1.74446596, 1.05239037, 9.36908078, 2.74214224, 0.04856173,\n        1.80293279]]), array([0.29162696, 0.29162696, 0.29162696, 0.29162696, 0.29162696,\n       0.29162696, 0.29162696]))", "callback": [0.7865818741257891, 0.761506625874165, 0.5292168565465035, 0.527864934457519, 0.500952536590123, 0.48250827545851893, 0.4602898291403128, 0.44958243432313805, 0.42861908881431066, 0.34913609776664933, 0.3149636527898615, 0.3084706840358057, 0.3053224783835907, 0.30354097303875105, 0.30347111070297006, 0.30335016260233116, 0.30329224965095347, 0.30327608787312366, 0.3032559477102642, 0.303225550941269, 0.30302926124097807, 0.3025984826570036, 0.3010234554466319, 0.2990159317206561, 0.29734709876748344, 0.2959514161237743, 0.29272342872418877, 0.2921039147340334, 0.2918251161487462, 0.2916498632393225, 0.2916394202904392, 0.29162969642668024, 0.291627332390058, 0.29162705591402127, 0.2916270046561773, 0.29162698507648555, 0.29162696695088686, 0.2916269610947748, 0.29162695886111156, 0.29162695758127855, 0.29162695717598264, 0.2916269569947274, 0.29162695695599883, 0.29162695694938967]}, "7": {"maxiter": 500, "fatol": 1e-10, "xatol": 1e-10, "duration": 0.2026357650756836, "fun": "0.2916269569461567", "nit": "500", "nfev": "791", "status": "2", "success": "False", "message": "Maximum number of iterations has been exceeded.", "x": "[1.74446731 1.05239308 9.36907897 2.74214082 0.04857087 1.80294064]", "final_simplex": "(array([[1.74446731, 1.05239308, 9.36907897, 2.74214082, 0.04857087,\n        1.80294064],\n       [1.74446734, 1.05239309, 9.36907893, 2.74214082, 0.04857079,\n        1.80294052],\n       [1.74446731, 1.0523931 , 9.36907893, 2.7421408 , 0.0485709 ,\n        1.80294062],\n       [1.74446732, 1.05239308, 9.36907892, 2.74214079, 0.04857083,\n        1.80294054],\n       [1.74446732, 1.05239308, 9.36907891, 2.74214081, 0.04857076,\n        1.8029405 ],\n       [1.74446733, 1.05239308, 9.3690789 , 2.74214082, 0.04857082,\n        1.80294055],\n       [1.74446729, 1.05239306, 9.36907892, 2.7421408 , 0.0485708 ,\n        1.80294051]]), array([0.29162696, 0.29162696, 0.29162696, 0.29162696, 0.29162696,\n       0.29162696, 0.29162696]))", "callback": [0.7865818741257891, 0.761506625874165, 0.5292168565465035, 0.527864934457519, 0.500952536590123, 0.48250827545851893, 0.4602898291403128, 0.44958243432313805, 0.42861908881431066, 0.34913609776664933, 0.3149636527898615, 0.3084706840358057, 0.3053224783835907, 0.30354097303875105, 0.30347111070297006, 0.30335016260233116, 0.30329224965095347, 0.30327608787312366, 0.3032559477102642, 0.303225550941269, 0.30302926124097807, 0.3025984826570036, 0.3010234554466319, 0.2990159317206561, 0.29734709876748344, 0.2959514161237743, 0.29272342872418877, 0.2921039147340334, 0.2918251161487462, 0.2916498632393225, 0.2916394202904392, 0.29162969642668024, 0.291627332390058, 0.29162705591402127, 0.2916270046561773, 0.29162698507648555, 0.29162696695088686, 0.2916269610947748, 0.29162695886111156, 0.29162695758127855, 0.29162695717598264, 0.2916269569947274, 0.29162695695599883, 0.29162695694938967, 0.29162695694660823, 0.291626956946225, 0.29162695694616936, 0.2916269569461597, 0.29162695694615715]}, "8": {"maxiter": 1000, "fatol": 1e-05, "xatol": 1e-05, "duration": 0.15435791015625, "fun": "0.29162695694766283", "nit": "444", "nfev": "690", "status": "0", "success": "True", "message": "Optimization terminated successfully.", "x": "[1.74446961 1.05239433 9.36907764 2.74214108 0.04857026 1.80294138]", "final_simplex": "(array([[1.74446961, 1.05239433, 9.36907764, 2.74214108, 0.04857026,\n        1.80294138],\n       [1.74446632, 1.05239073, 9.36907835, 2.74214222, 0.04857377,\n        1.8029431 ],\n       [1.74446412, 1.05239312, 9.36907861, 2.74213909, 0.04857524,\n        1.80294647],\n       [1.74446579, 1.05239197, 9.36907911, 2.7421376 , 0.04857901,\n        1.80295101],\n       [1.74446785, 1.05239426, 9.36908216, 2.74213904, 0.04857489,\n        1.80294266],\n       [1.74446976, 1.05239273, 9.36907351, 2.74214099, 0.04856787,\n        1.80293552],\n       [1.74446596, 1.05239037, 9.36908078, 2.74214224, 0.04856173,\n        1.80293279]]), array([0.29162696, 0.29162696, 0.29162696, 0.29162696, 0.29162696,\n       0.29162696, 0.29162696]))", "callback": [0.7865818741257891, 0.761506625874165, 0.5292168565465035, 0.527864934457519, 0.500952536590123, 0.48250827545851893, 0.4602898291403128, 0.44958243432313805, 0.42861908881431066, 0.34913609776664933, 0.3149636527898615, 0.3084706840358057, 0.3053224783835907, 0.30354097303875105, 0.30347111070297006, 0.30335016260233116, 0.30329224965095347, 0.30327608787312366, 0.3032559477102642, 0.303225550941269, 0.30302926124097807, 0.3025984826570036, 0.3010234554466319, 0.2990159317206561, 0.29734709876748344, 0.2959514161237743, 0.29272342872418877, 0.2921039147340334, 0.2918251161487462, 0.2916498632393225, 0.2916394202904392, 0.29162969642668024, 0.291627332390058, 0.29162705591402127, 0.2916270046561773, 0.29162698507648555, 0.29162696695088686, 0.2916269610947748, 0.29162695886111156, 0.29162695758127855, 0.29162695717598264, 0.2916269569947274, 0.29162695695599883, 0.29162695694938967]}, "9": {"maxiter": 1000, "fatol": 1e-05, "xatol": 1e-10, "duration": 0.2213749885559082, "fun": "0.2916269569461565", "nit": "531", "nfev": "901", "status": "0", "success": "True", "message": "Optimization terminated successfully.", "x": "[1.74446733 1.05239309 9.36907893 2.74214081 0.04857082 1.80294056]", "final_simplex": "(array([[1.74446733, 1.05239309, 9.36907893, 2.74214081, 0.04857082,\n        1.80294056],\n       [1.74446733, 1.05239309, 9.36907893, 2.74214081, 0.04857082,\n        1.80294056],\n       [1.74446733, 1.05239309, 9.36907893, 2.74214081, 0.04857082,\n        1.80294056],\n       [1.74446733, 1.05239309, 9.36907893, 2.74214081, 0.04857082,\n        1.80294056],\n       [1.74446733, 1.05239309, 9.36907893, 2.74214081, 0.04857082,\n        1.80294056],\n       [1.74446733, 1.05239309, 9.36907893, 2.74214081, 0.04857082,\n        1.80294056],\n       [1.74446733, 1.05239309, 9.36907893, 2.74214081, 0.04857082,\n        1.80294056]]), array([0.29162696, 0.29162696, 0.29162696, 0.29162696, 0.29162696,\n       0.29162696, 0.29162696]))", "callback": [0.7865818741257891, 0.761506625874165, 0.5292168565465035, 0.527864934457519, 0.500952536590123, 0.48250827545851893, 0.4602898291403128, 0.44958243432313805, 0.42861908881431066, 0.34913609776664933, 0.3149636527898615, 0.3084706840358057, 0.3053224783835907, 0.30354097303875105, 0.30347111070297006, 0.30335016260233116, 0.30329224965095347, 0.30327608787312366, 0.3032559477102642, 0.303225550941269, 0.30302926124097807, 0.3025984826570036, 0.3010234554466319, 0.2990159317206561, 0.29734709876748344, 0.2959514161237743, 0.29272342872418877, 0.2921039147340334, 0.2918251161487462, 0.2916498632393225, 0.2916394202904392, 0.29162969642668024, 0.291627332390058, 0.29162705591402127, 0.2916270046561773, 0.29162698507648555, 0.29162696695088686, 0.2916269610947748, 0.29162695886111156, 0.29162695758127855, 0.29162695717598264, 0.2916269569947274, 0.29162695695599883, 0.29162695694938967, 0.29162695694660823, 0.291626956946225, 0.29162695694616936, 0.2916269569461597, 0.29162695694615715, 0.2916269569461566, 0.2916269569461565, 0.2916269569461565, 0.2916269569461565]}, "10": {"maxiter": 1000, "fatol": 1e-10, "xatol": 1e-05, "duration": 0.20540332794189453, "fun": "0.29162695694766283", "nit": "444", "nfev": "690", "status": "0", "success": "True", "message": "Optimization terminated successfully.", "x": "[1.74446961 1.05239433 9.36907764 2.74214108 0.04857026 1.80294138]", "final_simplex": "(array([[1.74446961, 1.05239433, 9.36907764, 2.74214108, 0.04857026,\n        1.80294138],\n       [1.74446632, 1.05239073, 9.36907835, 2.74214222, 0.04857377,\n        1.8029431 ],\n       [1.74446412, 1.05239312, 9.36907861, 2.74213909, 0.04857524,\n        1.80294647],\n       [1.74446579, 1.05239197, 9.36907911, 2.7421376 , 0.04857901,\n        1.80295101],\n       [1.74446785, 1.05239426, 9.36908216, 2.74213904, 0.04857489,\n        1.80294266],\n       [1.74446976, 1.05239273, 9.36907351, 2.74214099, 0.04856787,\n        1.80293552],\n       [1.74446596, 1.05239037, 9.36908078, 2.74214224, 0.04856173,\n        1.80293279]]), array([0.29162696, 0.29162696, 0.29162696, 0.29162696, 0.29162696,\n       0.29162696, 0.29162696]))", "callback": [0.7865818741257891, 0.761506625874165, 0.5292168565465035, 0.527864934457519, 0.500952536590123, 0.48250827545851893, 0.4602898291403128, 0.44958243432313805, 0.42861908881431066, 0.34913609776664933, 0.3149636527898615, 0.3084706840358057, 0.3053224783835907, 0.30354097303875105, 0.30347111070297006, 0.30335016260233116, 0.30329224965095347, 0.30327608787312366, 0.3032559477102642, 0.303225550941269, 0.30302926124097807, 0.3025984826570036, 0.3010234554466319, 0.2990159317206561, 0.29734709876748344, 0.2959514161237743, 0.29272342872418877, 0.2921039147340334, 0.2918251161487462, 0.2916498632393225, 0.2916394202904392, 0.29162969642668024, 0.291627332390058, 0.29162705591402127, 0.2916270046561773, 0.29162698507648555, 0.29162696695088686, 0.2916269610947748, 0.29162695886111156, 0.29162695758127855, 0.29162695717598264, 0.2916269569947274, 0.29162695695599883, 0.29162695694938967]}, "11": {"maxiter": 1000, "fatol": 1e-10, "xatol": 1e-10, "duration": 0.21248722076416016, "fun": "0.2916269569461565", "nit": "531", "nfev": "901", "status": "0", "success": "True", "message": "Optimization terminated successfully.", "x": "[1.74446733 1.05239309 9.36907893 2.74214081 0.04857082 1.80294056]", "final_simplex": "(array([[1.74446733, 1.05239309, 9.36907893, 2.74214081, 0.04857082,\n        1.80294056],\n       [1.74446733, 1.05239309, 9.36907893, 2.74214081, 0.04857082,\n        1.80294056],\n       [1.74446733, 1.05239309, 9.36907893, 2.74214081, 0.04857082,\n        1.80294056],\n       [1.74446733, 1.05239309, 9.36907893, 2.74214081, 0.04857082,\n        1.80294056],\n       [1.74446733, 1.05239309, 9.36907893, 2.74214081, 0.04857082,\n        1.80294056],\n       [1.74446733, 1.05239309, 9.36907893, 2.74214081, 0.04857082,\n        1.80294056],\n       [1.74446733, 1.05239309, 9.36907893, 2.74214081, 0.04857082,\n        1.80294056]]), array([0.29162696, 0.29162696, 0.29162696, 0.29162696, 0.29162696,\n       0.29162696, 0.29162696]))", "callback": [0.7865818741257891, 0.761506625874165, 0.5292168565465035, 0.527864934457519, 0.500952536590123, 0.48250827545851893, 0.4602898291403128, 0.44958243432313805, 0.42861908881431066, 0.34913609776664933, 0.3149636527898615, 0.3084706840358057, 0.3053224783835907, 0.30354097303875105, 0.30347111070297006, 0.30335016260233116, 0.30329224965095347, 0.30327608787312366, 0.3032559477102642, 0.303225550941269, 0.30302926124097807, 0.3025984826570036, 0.3010234554466319, 0.2990159317206561, 0.29734709876748344, 0.2959514161237743, 0.29272342872418877, 0.2921039147340334, 0.2918251161487462, 0.2916498632393225, 0.2916394202904392, 0.29162969642668024, 0.291627332390058, 0.29162705591402127, 0.2916270046561773, 0.29162698507648555, 0.29162696695088686, 0.2916269610947748, 0.29162695886111156, 0.29162695758127855, 0.29162695717598264, 0.2916269569947274, 0.29162695695599883, 0.29162695694938967, 0.29162695694660823, 0.291626956946225, 0.29162695694616936, 0.2916269569461597, 0.29162695694615715, 0.2916269569461566, 0.2916269569461565, 0.2916269569461565, 0.2916269569461565]}}, "bfgs": {"type": "gradient", "0": {"maxiter": 100, "gtol": 1e-05, "xrtol": 1e-05, "eps": 1e-05, "duration": 0.06265878677368164, "fun": "0.29162695791613524", "jac": "[-1.13322685e-05 -6.34196029e-06 -1.01346709e-06 -3.59711150e-06\n -2.06087369e-06 -4.93938224e-07]", "hess_inv": "[[ 2.50812409e+00 -6.16139784e-01 -3.75647427e-02 -6.53147254e-01\n  -1.28419584e+00 -1.08315375e+00]\n [-6.16139784e-01  2.92773202e+00 -2.72157580e-03  3.64754420e-02\n  -1.03297558e+00 -1.14095312e+00]\n [-3.75647427e-02 -2.72157580e-03  4.60308795e+00  1.05600943e+00\n   2.19388474e+00  2.93934657e+00]\n [-6.53147254e-01  3.64754420e-02  1.05600943e+00  3.53791911e+00\n  -4.06105800e-01 -3.66397264e-01]\n [-1.28419584e+00 -1.03297558e+00  2.19388474e+00 -4.06105800e-01\n   2.21130055e+01  2.21153738e+01]\n [-1.08315375e+00 -1.14095312e+00  2.93934657e+00 -3.66397264e-01\n   2.21153738e+01  2.59665919e+01]]", "nfev": "259", "njev": "37", "status": "0", "success": "True", "message": "Optimization terminated successfully.", "x": "[4.53867008 4.19396351 6.22743588 2.7421239  0.0484045  8.08594154]", "nit": "27", "callback": [0.3680813726591098, 0.29162841984219867]}, "1": {"maxiter": 100, "gtol": 1e-05, "xrtol": 1e-05, "eps": 1e-10, "duration": 0.06019711494445801, "fun": "0.2916269573317656", "jac": "[-8.88178346e-06 -8.88178346e-06 -2.22044587e-06 -2.22044587e-06\n -2.22044602e-06  2.22044587e-06]", "hess_inv": "[[ 2.7335917  -0.68635987 -0.0750791  -0.68213038 -0.95179929 -0.71914197]\n [-0.68635987  2.8931113  -0.09273518  0.0483595  -1.22160977 -1.39856304]\n [-0.0750791  -0.09273518  4.38298289  1.00940954  1.88059708  2.48421277]\n [-0.68213038  0.0483595   1.00940954  3.5262677  -0.61088601 -0.62429252]\n [-0.95179929 -1.22160977  1.88059708 -0.61088601 22.17663165 21.98312678]\n [-0.71914197 -1.39856304  2.48421277 -0.62429252 21.98312678 25.56742633]]", "nfev": "259", "njev": "37", "status": "0", "success": "True", "message": "Optimization terminated successfully.", "x": "[4.53868695 4.19395644 6.22745455 2.7421255  0.04851942 8.08606935]", "nit": "27", "callback": [0.36801636012969297, 0.2916283568801179]}, "2": {"maxiter": 100, "gtol": 1e-05, "xrtol": 1e-10, "eps": 1e-05, "duration": 0.06465005874633789, "fun": "0.2916269572847332", "jac": "[-8.58224603e-07 -1.49260604e-06 -5.93591842e-07 -1.22571953e-06\n -7.70883357e-07 -4.55768756e-07]", "hess_inv": "[[ 3.41162067e+00 -2.51676080e-01  4.86322903e-01 -4.72690890e-01\n  -7.24162829e-03  3.60121414e-01]\n [-2.51676080e-01  2.99547207e+00  3.56235844e-02  4.36690141e-03\n  -1.05710876e+00 -1.15039703e+00]\n [ 4.86322903e-01  3.56235844e-02  4.52941618e+00  9.31754881e-01\n   1.75772293e+00  2.48528484e+00]\n [-4.72690890e-01  4.36690141e-03  9.31754881e-01  3.43515712e+00\n  -8.64572929e-01 -8.60983393e-01]\n [-7.24162829e-03 -1.05710876e+00  1.75772293e+00 -8.64572929e-01\n   2.02500204e+01  2.01310291e+01]\n [ 3.60121414e-01 -1.15039703e+00  2.48528484e+00 -8.60983393e-01\n   2.01310291e+01  2.38568676e+01]]", "nfev": "266", "njev": "38", "status": "0", "success": "True", "message": "Optimization terminated successfully.", "x": "[4.53870611 4.19397696 6.22745441 2.74212967 0.04844806 8.08599102]", "nit": "28", "callback": [0.3680813726591098, 0.29162841984219867]}, "3": {"maxiter": 100, "gtol": 1e-05, "xrtol": 1e-10, "eps": 1e-10, "duration": 0.06020927429199219, "fun": "0.2916269573317656", "jac": "[-8.88178346e-06 -8.88178346e-06 -2.22044587e-06 -2.22044587e-06\n -2.22044602e-06  2.22044587e-06]", "hess_inv": "[[ 2.7335917  -0.68635987 -0.0750791  -0.68213038 -0.95179929 -0.71914197]\n [-0.68635987  2.8931113  -0.09273518  0.0483595  -1.22160977 -1.39856304]\n [-0.0750791  -0.09273518  4.38298289  1.00940954  1.88059708  2.48421277]\n [-0.68213038  0.0483595   1.00940954  3.5262677  -0.61088601 -0.62429252]\n [-0.95179929 -1.22160977  1.88059708 -0.61088601 22.17663165 21.98312678]\n [-0.71914197 -1.39856304  2.48421277 -0.62429252 21.98312678 25.56742633]]", "nfev": "259", "njev": "37", "status": "0", "success": "True", "message": "Optimization terminated successfully.", "x": "[4.53868695 4.19395644 6.22745455 2.7421255  0.04851942 8.08606935]", "nit": "27", "callback": [0.36801636012969297, 0.2916283568801179]}, "4": {"maxiter": 100, "gtol": 1e-10, "xrtol": 1e-05, "eps": 1e-05, "duration": 0.060788869857788086, "fun": "0.29162695791613524", "jac": "[-1.13322685e-05 -6.34196029e-06 -1.01346709e-06 -3.59711150e-06\n -2.06087369e-06 -4.93938224e-07]", "hess_inv": "[[ 2.50812409e+00 -6.16139784e-01 -3.75647427e-02 -6.53147254e-01\n  -1.28419584e+00 -1.08315375e+00]\n [-6.16139784e-01  2.92773202e+00 -2.72157580e-03  3.64754420e-02\n  -1.03297558e+00 -1.14095312e+00]\n [-3.75647427e-02 -2.72157580e-03  4.60308795e+00  1.05600943e+00\n   2.19388474e+00  2.93934657e+00]\n [-6.53147254e-01  3.64754420e-02  1.05600943e+00  3.53791911e+00\n  -4.06105800e-01 -3.66397264e-01]\n [-1.28419584e+00 -1.03297558e+00  2.19388474e+00 -4.06105800e-01\n   2.21130055e+01  2.21153738e+01]\n [-1.08315375e+00 -1.14095312e+00  2.93934657e+00 -3.66397264e-01\n   2.21153738e+01  2.59665919e+01]]", "nfev": "259", "njev": "37", "status": "0", "success": "True", "message": "Optimization terminated successfully.", "x": "[4.53867008 4.19396351 6.22743588 2.7421239  0.0484045  8.08594154]", "nit": "27", "callback": [0.3680813726591098, 0.29162841984219867]}, "5": {"maxiter": 100, "gtol": 1e-10, "xrtol": 1e-05, "eps": 1e-10, "duration": 0.061702728271484375, "fun": "0.2916269573317656", "jac": "[-8.88178346e-06 -8.88178346e-06 -2.22044587e-06 -2.22044587e-06\n -2.22044602e-06  2.22044587e-06]", "hess_inv": "[[ 2.7335917  -0.68635987 -0.0750791  -0.68213038 -0.95179929 -0.71914197]\n [-0.68635987  2.8931113  -0.09273518  0.0483595  -1.22160977 -1.39856304]\n [-0.0750791  -0.09273518  4.38298289  1.00940954  1.88059708  2.48421277]\n [-0.68213038  0.0483595   1.00940954  3.5262677  -0.61088601 -0.62429252]\n [-0.95179929 -1.22160977  1.88059708 -0.61088601 22.17663165 21.98312678]\n [-0.71914197 -1.39856304  2.48421277 -0.62429252 21.98312678 25.56742633]]", "nfev": "259", "njev": "37", "status": "0", "success": "True", "message": "Optimization terminated successfully.", "x": "[4.53868695 4.19395644 6.22745455 2.7421255  0.04851942 8.08606935]", "nit": "27", "callback": [0.36801636012969297, 0.2916283568801179]}, "6": {"maxiter": 100, "gtol": 1e-10, "xrtol": 1e-10, "eps": 1e-05, "duration": 0.13225388526916504, "fun": "0.29162695710667363", "jac": "[ 1.66533454e-09  1.46549439e-09  3.55271368e-10  9.43689571e-10\n  5.55111512e-11 -4.44089210e-11]", "hess_inv": "[[ 3.41952715 -0.13210763  0.70301517 -0.32598833  0.55799255  0.98581752]\n [-0.13210763  3.10170531  0.24091613  0.10675039 -0.43679976 -0.46563238]\n [ 0.70301517  0.24091613  5.02381502  1.15344267  3.51662041  4.41015228]\n [-0.32598833  0.10675039  1.15344267  3.53014798 -0.11631959 -0.03887787]\n [ 0.55799255 -0.43679976  3.51662041 -0.11631959 27.06460996 27.55712227]\n [ 0.98581752 -0.46563238  4.41015228 -0.03887787 27.55712227 31.95084997]]", "nfev": "579", "njev": "81", "status": "2", "success": "False", "message": "Desired error not necessarily achieved due to precision loss.", "x": "[4.53870988 4.19398139 6.22746482 2.74213464 0.04848418 8.08603057]", "nit": "31", "callback": [0.3680813726591098, 0.29162841984219867, 0.2916269571071053]}, "7": {"maxiter": 100, "gtol": 1e-10, "xrtol": 1e-10, "eps": 1e-10, "duration": 0.15626907348632812, "fun": "0.29162695698930996", "jac": "[ 0.00000000e+00  2.22044587e-06  1.11022293e-06  2.22044587e-06\n -1.11022301e-06  1.11022293e-06]", "hess_inv": "[[ 0.27259908  0.31360373  0.12632197  0.601256   -0.09659902 -1.40541028]\n [ 0.31360373  0.39127883  0.15567885  0.70433805 -0.13303221 -1.66316867]\n [ 0.12632197  0.15567885  0.06547321  0.28224491 -0.05082251 -0.66775639]\n [ 0.601256    0.70433805  0.28224491  1.33875927 -0.22403361 -3.12625445]\n [-0.09659902 -0.13303221 -0.05082251 -0.22403361  0.05672418  0.52975458]\n [-1.40541028 -1.66316867 -0.66775639 -3.12625445  0.52975458  7.34657961]]", "nfev": "686", "njev": "98", "status": "0", "success": "True", "message": "Optimization terminated successfully.", "x": "[4.5387165  4.19399261 6.22749205 2.74214766 0.04853438 8.08609373]", "nit": "50", "callback": [0.36801636012969297, 0.2916283568801179, 0.29162695702101926, 0.2916269570062755, 0.29162695698930996]}, "8": {"maxiter": 500, "gtol": 1e-05, "xrtol": 1e-05, "eps": 1e-05, "duration": 0.05915403366088867, "fun": "0.29162695791613524", "jac": "[-1.13322685e-05 -6.34196029e-06 -1.01346709e-06 -3.59711150e-06\n -2.06087369e-06 -4.93938224e-07]", "hess_inv": "[[ 2.50812409e+00 -6.16139784e-01 -3.75647427e-02 -6.53147254e-01\n  -1.28419584e+00 -1.08315375e+00]\n [-6.16139784e-01  2.92773202e+00 -2.72157580e-03  3.64754420e-02\n  -1.03297558e+00 -1.14095312e+00]\n [-3.75647427e-02 -2.72157580e-03  4.60308795e+00  1.05600943e+00\n   2.19388474e+00  2.93934657e+00]\n [-6.53147254e-01  3.64754420e-02  1.05600943e+00  3.53791911e+00\n  -4.06105800e-01 -3.66397264e-01]\n [-1.28419584e+00 -1.03297558e+00  2.19388474e+00 -4.06105800e-01\n   2.21130055e+01  2.21153738e+01]\n [-1.08315375e+00 -1.14095312e+00  2.93934657e+00 -3.66397264e-01\n   2.21153738e+01  2.59665919e+01]]", "nfev": "259", "njev": "37", "status": "0", "success": "True", "message": "Optimization terminated successfully.", "x": "[4.53867008 4.19396351 6.22743588 2.7421239  0.0484045  8.08594154]", "nit": "27", "callback": [0.3680813726591098, 0.29162841984219867]}, "9": {"maxiter": 500, "gtol": 1e-05, "xrtol": 1e-05, "eps": 1e-10, "duration": 0.05878615379333496, "fun": "0.2916269573317656", "jac": "[-8.88178346e-06 -8.88178346e-06 -2.22044587e-06 -2.22044587e-06\n -2.22044602e-06  2.22044587e-06]", "hess_inv": "[[ 2.7335917  -0.68635987 -0.0750791  -0.68213038 -0.95179929 -0.71914197]\n [-0.68635987  2.8931113  -0.09273518  0.0483595  -1.22160977 -1.39856304]\n [-0.0750791  -0.09273518  4.38298289  1.00940954  1.88059708  2.48421277]\n [-0.68213038  0.0483595   1.00940954  3.5262677  -0.61088601 -0.62429252]\n [-0.95179929 -1.22160977  1.88059708 -0.61088601 22.17663165 21.98312678]\n [-0.71914197 -1.39856304  2.48421277 -0.62429252 21.98312678 25.56742633]]", "nfev": "259", "njev": "37", "status": "0", "success": "True", "message": "Optimization terminated successfully.", "x": "[4.53868695 4.19395644 6.22745455 2.7421255  0.04851942 8.08606935]", "nit": "27", "callback": [0.36801636012969297, 0.2916283568801179]}, "10": {"maxiter": 500, "gtol": 1e-05, "xrtol": 1e-10, "eps": 1e-05, "duration": 0.060482025146484375, "fun": "0.2916269572847332", "jac": "[-8.58224603e-07 -1.49260604e-06 -5.93591842e-07 -1.22571953e-06\n -7.70883357e-07 -4.55768756e-07]", "hess_inv": "[[ 3.41162067e+00 -2.51676080e-01  4.86322903e-01 -4.72690890e-01\n  -7.24162829e-03  3.60121414e-01]\n [-2.51676080e-01  2.99547207e+00  3.56235844e-02  4.36690141e-03\n  -1.05710876e+00 -1.15039703e+00]\n [ 4.86322903e-01  3.56235844e-02  4.52941618e+00  9.31754881e-01\n   1.75772293e+00  2.48528484e+00]\n [-4.72690890e-01  4.36690141e-03  9.31754881e-01  3.43515712e+00\n  -8.64572929e-01 -8.60983393e-01]\n [-7.24162829e-03 -1.05710876e+00  1.75772293e+00 -8.64572929e-01\n   2.02500204e+01  2.01310291e+01]\n [ 3.60121414e-01 -1.15039703e+00  2.48528484e+00 -8.60983393e-01\n   2.01310291e+01  2.38568676e+01]]", "nfev": "266", "njev": "38", "status": "0", "success": "True", "message": "Optimization terminated successfully.", "x": "[4.53870611 4.19397696 6.22745441 2.74212967 0.04844806 8.08599102]", "nit": "28", "callback": [0.3680813726591098, 0.29162841984219867]}, "11": {"maxiter": 500, "gtol": 1e-05, "xrtol": 1e-10, "eps": 1e-10, "duration": 0.05939030647277832, "fun": "0.2916269573317656", "jac": "[-8.88178346e-06 -8.88178346e-06 -2.22044587e-06 -2.22044587e-06\n -2.22044602e-06  2.22044587e-06]", "hess_inv": "[[ 2.7335917  -0.68635987 -0.0750791  -0.68213038 -0.95179929 -0.71914197]\n [-0.68635987  2.8931113  -0.09273518  0.0483595  -1.22160977 -1.39856304]\n [-0.0750791  -0.09273518  4.38298289  1.00940954  1.88059708  2.48421277]\n [-0.68213038  0.0483595   1.00940954  3.5262677  -0.61088601 -0.62429252]\n [-0.95179929 -1.22160977  1.88059708 -0.61088601 22.17663165 21.98312678]\n [-0.71914197 -1.39856304  2.48421277 -0.62429252 21.98312678 25.56742633]]", "nfev": "259", "njev": "37", "status": "0", "success": "True", "message": "Optimization terminated successfully.", "x": "[4.53868695 4.19395644 6.22745455 2.7421255  0.04851942 8.08606935]", "nit": "27", "callback": [0.36801636012969297, 0.2916283568801179]}, "12": {"maxiter": 500, "gtol": 1e-10, "xrtol": 1e-05, "eps": 1e-05, "duration": 0.05955696105957031, "fun": "0.29162695791613524", "jac": "[-1.13322685e-05 -6.34196029e-06 -1.01346709e-06 -3.59711150e-06\n -2.06087369e-06 -4.93938224e-07]", "hess_inv": "[[ 2.50812409e+00 -6.16139784e-01 -3.75647427e-02 -6.53147254e-01\n  -1.28419584e+00 -1.08315375e+00]\n [-6.16139784e-01  2.92773202e+00 -2.72157580e-03  3.64754420e-02\n  -1.03297558e+00 -1.14095312e+00]\n [-3.75647427e-02 -2.72157580e-03  4.60308795e+00  1.05600943e+00\n   2.19388474e+00  2.93934657e+00]\n [-6.53147254e-01  3.64754420e-02  1.05600943e+00  3.53791911e+00\n  -4.06105800e-01 -3.66397264e-01]\n [-1.28419584e+00 -1.03297558e+00  2.19388474e+00 -4.06105800e-01\n   2.21130055e+01  2.21153738e+01]\n [-1.08315375e+00 -1.14095312e+00  2.93934657e+00 -3.66397264e-01\n   2.21153738e+01  2.59665919e+01]]", "nfev": "259", "njev": "37", "status": "0", "success": "True", "message": "Optimization terminated successfully.", "x": "[4.53867008 4.19396351 6.22743588 2.7421239  0.0484045  8.08594154]", "nit": "27", "callback": [0.3680813726591098, 0.29162841984219867]}, "13": {"maxiter": 500, "gtol": 1e-10, "xrtol": 1e-05, "eps": 1e-10, "duration": 0.05832791328430176, "fun": "0.2916269573317656", "jac": "[-8.88178346e-06 -8.88178346e-06 -2.22044587e-06 -2.22044587e-06\n -2.22044602e-06  2.22044587e-06]", "hess_inv": "[[ 2.7335917  -0.68635987 -0.0750791  -0.68213038 -0.95179929 -0.71914197]\n [-0.68635987  2.8931113  -0.09273518  0.0483595  -1.22160977 -1.39856304]\n [-0.0750791  -0.09273518  4.38298289  1.00940954  1.88059708  2.48421277]\n [-0.68213038  0.0483595   1.00940954  3.5262677  -0.61088601 -0.62429252]\n [-0.95179929 -1.22160977  1.88059708 -0.61088601 22.17663165 21.98312678]\n [-0.71914197 -1.39856304  2.48421277 -0.62429252 21.98312678 25.56742633]]", "nfev": "259", "njev": "37", "status": "0", "success": "True", "message": "Optimization terminated successfully.", "x": "[4.53868695 4.19395644 6.22745455 2.7421255  0.04851942 8.08606935]", "nit": "27", "callback": [0.36801636012969297, 0.2916283568801179]}, "14": {"maxiter": 500, "gtol": 1e-10, "xrtol": 1e-10, "eps": 1e-05, "duration": 0.13042402267456055, "fun": "0.29162695710667363", "jac": "[ 1.66533454e-09  1.46549439e-09  3.55271368e-10  9.43689571e-10\n  5.55111512e-11 -4.44089210e-11]", "hess_inv": "[[ 3.41952715 -0.13210763  0.70301517 -0.32598833  0.55799255  0.98581752]\n [-0.13210763  3.10170531  0.24091613  0.10675039 -0.43679976 -0.46563238]\n [ 0.70301517  0.24091613  5.02381502  1.15344267  3.51662041  4.41015228]\n [-0.32598833  0.10675039  1.15344267  3.53014798 -0.11631959 -0.03887787]\n [ 0.55799255 -0.43679976  3.51662041 -0.11631959 27.06460996 27.55712227]\n [ 0.98581752 -0.46563238  4.41015228 -0.03887787 27.55712227 31.95084997]]", "nfev": "579", "njev": "81", "status": "2", "success": "False", "message": "Desired error not necessarily achieved due to precision loss.", "x": "[4.53870988 4.19398139 6.22746482 2.74213464 0.04848418 8.08603057]", "nit": "31", "callback": [0.3680813726591098, 0.29162841984219867, 0.2916269571071053]}, "15": {"maxiter": 500, "gtol": 1e-10, "xrtol": 1e-10, "eps": 1e-10, "duration": 0.156965970993042, "fun": "0.29162695698930996", "jac": "[ 0.00000000e+00  2.22044587e-06  1.11022293e-06  2.22044587e-06\n -1.11022301e-06  1.11022293e-06]", "hess_inv": "[[ 0.27259908  0.31360373  0.12632197  0.601256   -0.09659902 -1.40541028]\n [ 0.31360373  0.39127883  0.15567885  0.70433805 -0.13303221 -1.66316867]\n [ 0.12632197  0.15567885  0.06547321  0.28224491 -0.05082251 -0.66775639]\n [ 0.601256    0.70433805  0.28224491  1.33875927 -0.22403361 -3.12625445