{"date": "2024/10/08/, 18:45:27", "conf_id": 21, "data_type": "random\n", "num_data_points": 2, "s_rank": 0, "unitary": "[[-0.56303964-0.00798273j,-0.21670212-0.15784972j,-0.06047197-0.73952673j,-0.01438004+0.24552571j],[-0.06976756+0.23474685j,-0.01275565-0.5435098j,-0.02703657-0.08917885j,-0.08210486-0.79311774j],[-0.38559961+0.10714929j,0.5933431-0.2687392j,-0.24060861+0.29149289j,-0.45147719+0.26241743j],[-0.50180421+0.45931857j,-0.11617175+0.44134496j,0.49642745+0.22684508j,-0.08544628-0.15407063j]]", "databatch_0": {"databatch": "[[[-0.09742541+0.10331464j,-0.12213221-0.00333875j,-0.13265878+0.09270072j,0.04526118-0.05472582j],[-0.38276946-0.19185166j,-0.09616655-0.3556018j,-0.38264145-0.30279848j,0.19725614+0.08329968j],[0.14712313+0.07516279j,0.03605049+0.13749543j,0.14674438+0.11797155j,-0.07586455-0.03272699j],[-0.19734061-0.18521414j,0.0058141-0.23278118j,-0.17727043-0.25241151j,0.10450291+0.08601517j]],[[0.10266853-0.10093211j,0.23319304+0.11176509j,-0.03052019-0.02540776j,-0.00726933+0.22386035j],[0.04605064+0.01956382j,-0.00491674+0.08973289j,0.00410536-0.01317611j,-0.07285555+0.02740111j],[0.15681666+0.00461397j,0.08799151+0.26769393j,-0.0030384-0.04316659j,-0.18153705+0.16313249j],[-0.30094113+0.10172236j,-0.35563432-0.44618041j,0.03617983+0.079804j,0.22968716-0.43757737j]]]", "initial param values": "[2.65709855,5.31676594,0.16864435,3.5185518,0.94780534,3.34898903]", "nelder_mead": {"type": "gradient-free", "0": {"maxiter": 100, "fatol": 1e-05, "xatol": 1e-05, "duration": 0.044400930404663086, "fun": "0.2930769008097135", "nit": "100", "nfev": "155", "status": "2", "success": "False", "message": "Maximum number of iterations has been exceeded.", "x": "[ 0.70156028  7.35054791  0.30104683  1.95447404  1.74937434 -0.04232387]", "final_simplex": "(array([[ 7.01560285e-01,  7.35054791e+00,  3.01046831e-01,\n         1.95447404e+00,  1.74937434e+00, -4.23238717e-02],\n       [ 7.18658919e-01,  7.33097584e+00,  2.98799057e-01,\n         1.97547667e+00,  1.74309658e+00,  8.89763991e-03],\n       [ 7.01452477e-01,  7.39037202e+00,  2.97483088e-01,\n         2.00736431e+00,  1.73905693e+00, -2.77625936e-02],\n       [ 7.65903984e-01,  7.28934798e+00,  3.00340463e-01,\n         1.97711527e+00,  1.72778386e+00, -7.24964771e-03],\n       [ 7.17510476e-01,  7.38443825e+00,  3.01880966e-01,\n         1.97877740e+00,  1.72585911e+00, -3.23344904e-02],\n       [ 7.98796969e-01,  7.26511148e+00,  2.97897451e-01,\n         2.04352521e+00,  1.71832950e+00, -6.16477919e-03],\n       [ 8.28227652e-01,  7.27306354e+00,  3.02400727e-01,\n         1.98740322e+00,  1.70569485e+00, -1.33309691e-02]]), array([0.2930769 , 0.29326727, 0.2933283 , 0.29368533, 0.29385304,\n       0.29390285, 0.29391314]))", "callback": [0.646470060628473, 0.5654483782082063, 0.5398612214674126, 0.48723169028159596, 0.34871397838264584, 0.3079407205776441, 0.3054511093260426, 0.29889795785772577, 0.29493211961942556, 0.29368533250942386]}, "1": {"maxiter": 100, "fatol": 1e-05, "xatol": 1e-10, "duration": 0.0467219352722168, "fun": "0.2930769008097135", "nit": "100", "nfev": "155", "status": "2", "success": "False", "message": "Maximum number of iterations has been exceeded.", "x": "[ 0.70156028  7.35054791  0.30104683  1.95447404  1.74937434 -0.04232387]", "final_simplex": "(array([[ 7.01560285e-01,  7.35054791e+00,  3.01046831e-01,\n         1.95447404e+00,  1.74937434e+00, -4.23238717e-02],\n       [ 7.18658919e-01,  7.33097584e+00,  2.98799057e-01,\n         1.97547667e+00,  1.74309658e+00,  8.89763991e-03],\n       [ 7.01452477e-01,  7.39037202e+00,  2.97483088e-01,\n         2.00736431e+00,  1.73905693e+00, -2.77625936e-02],\n       [ 7.65903984e-01,  7.28934798e+00,  3.00340463e-01,\n         1.97711527e+00,  1.72778386e+00, -7.24964771e-03],\n       [ 7.17510476e-01,  7.38443825e+00,  3.01880966e-01,\n         1.97877740e+00,  1.72585911e+00, -3.23344904e-02],\n       [ 7.98796969e-01,  7.26511148e+00,  2.97897451e-01,\n         2.04352521e+00,  1.71832950e+00, -6.16477919e-03],\n       [ 8.28227652e-01,  7.27306354e+00,  3.02400727e-01,\n         1.98740322e+00,  1.70569485e+00, -1.33309691e-02]]), array([0.2930769 , 0.29326727, 0.2933283 , 0.29368533, 0.29385304,\n       0.29390285, 0.29391314]))", "callback": [0.646470060628473, 0.5654483782082063, 0.5398612214674126, 0.48723169028159596, 0.34871397838264584, 0.3079407205776441, 0.3054511093260426, 0.29889795785772577, 0.29493211961942556, 0.29368533250942386]}, "2": {"maxiter": 100, "fatol": 1e-10, "xatol": 1e-05, "duration": 0.05085420608520508, "fun": "0.2930769008097135", "nit": "100", "nfev": "155", "status": "2", "success": "False", "message": "Maximum number of iterations has been exceeded.", "x": "[ 0.70156028  7.35054791  0.30104683  1.95447404  1.74937434 -0.04232387]", "final_simplex": "(array([[ 7.01560285e-01,  7.35054791e+00,  3.01046831e-01,\n         1.95447404e+00,  1.74937434e+00, -4.23238717e-02],\n       [ 7.18658919e-01,  7.33097584e+00,  2.98799057e-01,\n         1.97547667e+00,  1.74309658e+00,  8.89763991e-03],\n       [ 7.01452477e-01,  7.39037202e+00,  2.97483088e-01,\n         2.00736431e+00,  1.73905693e+00, -2.77625936e-02],\n       [ 7.65903984e-01,  7.28934798e+00,  3.00340463e-01,\n         1.97711527e+00,  1.72778386e+00, -7.24964771e-03],\n       [ 7.17510476e-01,  7.38443825e+00,  3.01880966e-01,\n         1.97877740e+00,  1.72585911e+00, -3.23344904e-02],\n       [ 7.98796969e-01,  7.26511148e+00,  2.97897451e-01,\n         2.04352521e+00,  1.71832950e+00, -6.16477919e-03],\n       [ 8.28227652e-01,  7.27306354e+00,  3.02400727e-01,\n         1.98740322e+00,  1.70569485e+00, -1.33309691e-02]]), array([0.2930769 , 0.29326727, 0.2933283 , 0.29368533, 0.29385304,\n       0.29390285, 0.29391314]))", "callback": [0.646470060628473, 0.5654483782082063, 0.5398612214674126, 0.48723169028159596, 0.34871397838264584, 0.3079407205776441, 0.3054511093260426, 0.29889795785772577, 0.29493211961942556, 0.29368533250942386]}, "3": {"maxiter": 100, "fatol": 1e-10, "xatol": 1e-10, "duration": 0.0445551872253418, "fun": "0.2930769008097135", "nit": "100", "nfev": "155", "status": "2", "success": "False", "message": "Maximum number of iterations has been exceeded.", "x": "[ 0.70156028  7.35054791  0.30104683  1.95447404  1.74937434 -0.04232387]", "final_simplex": "(array([[ 7.01560285e-01,  7.35054791e+00,  3.01046831e-01,\n         1.95447404e+00,  1.74937434e+00, -4.23238717e-02],\n       [ 7.18658919e-01,  7.33097584e+00,  2.98799057e-01,\n         1.97547667e+00,  1.74309658e+00,  8.89763991e-03],\n       [ 7.01452477e-01,  7.39037202e+00,  2.97483088e-01,\n         2.00736431e+00,  1.73905693e+00, -2.77625936e-02],\n       [ 7.65903984e-01,  7.28934798e+00,  3.00340463e-01,\n         1.97711527e+00,  1.72778386e+00, -7.24964771e-03],\n       [ 7.17510476e-01,  7.38443825e+00,  3.01880966e-01,\n         1.97877740e+00,  1.72585911e+00, -3.23344904e-02],\n       [ 7.98796969e-01,  7.26511148e+00,  2.97897451e-01,\n         2.04352521e+00,  1.71832950e+00, -6.16477919e-03],\n       [ 8.28227652e-01,  7.27306354e+00,  3.02400727e-01,\n         1.98740322e+00,  1.70569485e+00, -1.33309691e-02]]), array([0.2930769 , 0.29326727, 0.2933283 , 0.29368533, 0.29385304,\n       0.29390285, 0.29391314]))", "callback": [0.646470060628473, 0.5654483782082063, 0.5398612214674126, 0.48723169028159596, 0.34871397838264584, 0.3079407205776441, 0.3054511093260426, 0.29889795785772577, 0.29493211961942556, 0.29368533250942386]}, "4": {"maxiter": 500, "fatol": 1e-05, "xatol": 1e-05, "duration": 0.1398630142211914, "fun": "0.1807779372019982", "nit": "295", "nfev": "473", "status": "0", "success": "True", "message": "Optimization terminated successfully.", "x": "[ 4.67970893e-02  8.65511370e+00  1.40242343e-01  1.82988517e+00\n  3.11567078e+00 -9.58874103e-04]", "final_simplex": "(array([[ 4.67970893e-02,  8.65511370e+00,  1.40242343e-01,\n         1.82988517e+00,  3.11567078e+00, -9.58874103e-04],\n       [ 4.67970890e-02,  8.65511946e+00,  1.40242586e-01,\n         1.82988402e+00,  3.11566982e+00, -9.63661809e-04],\n       [ 4.67994110e-02,  8.65510736e+00,  1.40243596e-01,\n         1.82988169e+00,  3.11566238e+00, -9.60079851e-04],\n       [ 4.67995805e-02,  8.65511082e+00,  1.40243189e-01,\n         1.82988421e+00,  3.11566476e+00, -9.62225209e-04],\n       [ 4.67976138e-02,  8.65511646e+00,  1.40243136e-01,\n         1.82988121e+00,  3.11566721e+00, -9.67068380e-04],\n       [ 4.67931268e-02,  8.65511692e+00,  1.40241979e-01,\n         1.82988985e+00,  3.11567152e+00, -9.61070953e-04],\n       [ 4.67909758e-02,  8.65511342e+00,  1.40243441e-01,\n         1.82988225e+00,  3.11566448e+00, -9.64262343e-04]]), array([0.18077794, 0.18077794, 0.18077794, 0.18077794, 0.18077794,\n       0.18077794, 0.18077794]))", "callback": [0.646470060628473, 0.5654483782082063, 0.5398612214674126, 0.48723169028159596, 0.34871397838264584, 0.3079407205776441, 0.3054511093260426, 0.29889795785772577, 0.29493211961942556, 0.29368533250942386, 0.2930769008097135, 0.2920605376136336, 0.28801233197954446, 0.2666047354620096, 0.24861753539064435, 0.19690218653938374, 0.1837110419948894, 0.18174901536556476, 0.18097495553003717, 0.18082539548332077, 0.18078163140376802, 0.18077842703159097, 0.18077804424196398, 0.18077796154111037, 0.18077794286202575, 0.18077794207636633, 0.1807779382256195, 0.18077793739414993, 0.18077793724040625, 0.18077793720236035]}, "5": {"maxiter": 500, "fatol": 1e-05, "xatol": 1e-10, "duration": 0.21988797187805176, "fun": "0.18077324967975938", "nit": "500", "nfev": "774", "status": "2", "success": "False", "message": "Maximum number of iterations has been exceeded.", "x": "[ 4.59032561e-02  8.71998668e+00  7.61574015e-02  1.82727372e+00\n  3.11961080e+00 -4.92928005e-03]", "final_simplex": "(array([[ 4.59032561e-02,  8.71998668e+00,  7.61574015e-02,\n         1.82727372e+00,  3.11961080e+00, -4.92928005e-03],\n       [ 4.64631581e-02,  8.72678914e+00,  6.94964454e-02,\n         1.82693556e+00,  3.12069767e+00, -5.08063443e-03],\n       [ 4.56562272e-02,  8.72007164e+00,  7.66279416e-02,\n         1.82772064e+00,  3.12050385e+00, -4.90514060e-03],\n       [ 4.62086008e-02,  8.71144278e+00,  8.49499749e-02,\n         1.82760792e+00,  3.11927627e+00, -4.57819203e-03],\n       [ 4.54660129e-02,  8.71974139e+00,  7.57971936e-02,\n         1.82749996e+00,  3.11928531e+00, -4.60460876e-03],\n       [ 4.65388411e-02,  8.71706999e+00,  7.86851107e-02,\n         1.82705795e+00,  3.12006351e+00, -4.04435433e-03],\n       [ 4.62954957e-02,  8.71968162e+00,  7.71100634e-02,\n         1.82781332e+00,  3.11989013e+00, -5.69602038e-03]]), array([0.18077325, 0.18077328, 0.18077329, 0.18077329, 0.1807733 ,\n       0.1807734 , 0.18077341]))", "callback": [0.646470060628473, 0.5654483782082063, 0.5398612214674126, 0.48723169028159596, 0.34871397838264584, 0.3079407205776441, 0.3054511093260426, 0.29889795785772577, 0.29493211961942556, 0.29368533250942386, 0.2930769008097135, 0.2920605376136336, 0.28801233197954446, 0.2666047354620096, 0.24861753539064435, 0.19690218653938374, 0.1837110419948894, 0.18174901536556476, 0.18097495553003717, 0.18082539548332077, 0.18078163140376802, 0.18077842703159097, 0.18077804424196398, 0.18077796154111037, 0.18077794286202575, 0.18077794207636633, 0.1807779382256195, 0.18077793739414993, 0.18077793724040625, 0.18077793720236035, 0.180777937196406, 0.1807779371821775, 0.180777937135851, 0.18077793700668643, 0.1807779366761738, 0.1807779357342294, 0.18077793516574248, 0.18077793390043717, 0.18077792944643445, 0.18077791669032395, 0.18077788502963976, 0.18077783533996206, 0.18077778423592905, 0.18077763083171294, 0.18077748241144076, 0.18077723473392127, 0.18077691037230081, 0.18077510680072384, 0.18077399081076795, 0.1807732890316467]}, "6": {"maxiter": 500, "fatol": 1e-10, "xatol": 1e-05, "duration": 0.13225173950195312, "fun": "0.1807779372019982", "nit": "295", "nfev": "473", "status": "0", "success": "True", "message": "Optimization terminated successfully.", "x": "[ 4.67970893e-02  8.65511370e+00  1.40242343e-01  1.82988517e+00\n  3.11567078e+00 -9.58874103e-04]", "final_simplex": "(array([[ 4.67970893e-02,  8.65511370e+00,  1.40242343e-01,\n         1.82988517e+00,  3.11567078e+00, -9.58874103e-04],\n       [ 4.67970890e-02,  8.65511946e+00,  1.40242586e-01,\n         1.82988402e+00,  3.11566982e+00, -9.63661809e-04],\n       [ 4.67994110e-02,  8.65510736e+00,  1.40243596e-01,\n         1.82988169e+00,  3.11566238e+00, -9.60079851e-04],\n       [ 4.67995805e-02,  8.65511082e+00,  1.40243189e-01,\n         1.82988421e+00,  3.11566476e+00, -9.62225209e-04],\n       [ 4.67976138e-02,  8.65511646e+00,  1.40243136e-01,\n         1.82988121e+00,  3.11566721e+00, -9.67068380e-04],\n       [ 4.67931268e-02,  8.65511692e+00,  1.40241979e-01,\n         1.82988985e+00,  3.11567152e+00, -9.61070953e-04],\n       [ 4.67909758e-02,  8.65511342e+00,  1.40243441e-01,\n         1.82988225e+00,  3.11566448e+00, -9.64262343e-04]]), array([0.18077794, 0.18077794, 0.18077794, 0.18077794, 0.18077794,\n       0.18077794, 0.18077794]))", "callback": [0.646470060628473, 0.5654483782082063, 0.5398612214674126, 0.48723169028159596, 0.34871397838264584, 0.3079407205776441, 0.3054511093260426, 0.29889795785772577, 0.29493211961942556, 0.29368533250942386, 0.2930769008097135, 0.2920605376136336, 0.28801233197954446, 0.2666047354620096, 0.24861753539064435, 0.19690218653938374, 0.1837110419948894, 0.18174901536556476, 0.18097495553003717, 0.18082539548332077, 0.18078163140376802, 0.18077842703159097, 0.18077804424196398, 0.18077796154111037, 0.18077794286202575, 0.18077794207636633, 0.1807779382256195, 0.18077793739414993, 0.18077793724040625, 0.18077793720236035]}, "7": {"maxiter": 500, "fatol": 1e-10, "xatol": 1e-10, "duration": 0.2140209674835205, "fun": "0.18077324967975938", "nit": "500", "nfev": "774", "status": "2", "success": "False", "message": "Maximum number of iterations has been exceeded.", "x": "[ 4.59032561e-02  8.71998668e+00  7.61574015e-02  1.82727372e+00\n  3.11961080e+00 -4.92928005e-03]", "final_simplex": "(array([[ 4.59032561e-02,  8.71998668e+00,  7.61574015e-02,\n         1.82727372e+00,  3.11961080e+00, -4.92928005e-03],\n       [ 4.64631581e-02,  8.72678914e+00,  6.94964454e-02,\n         1.82693556e+00,  3.12069767e+00, -5.08063443e-03],\n       [ 4.56562272e-02,  8.72007164e+00,  7.66279416e-02,\n         1.82772064e+00,  3.12050385e+00, -4.90514060e-03],\n       [ 4.62086008e-02,  8.71144278e+00,  8.49499749e-02,\n         1.82760792e+00,  3.11927627e+00, -4.57819203e-03],\n       [ 4.54660129e-02,  8.71974139e+00,  7.57971936e-02,\n         1.82749996e+00,  3.11928531e+00, -4.60460876e-03],\n       [ 4.65388411e-02,  8.71706999e+00,  7.86851107e-02,\n         1.82705795e+00,  3.12006351e+00, -4.04435433e-03],\n       [ 4.62954957e-02,  8.71968162e+00,  7.71100634e-02,\n         1.82781332e+00,  3.11989013e+00, -5.69602038e-03]]), array([0.18077325, 0.18077328, 0.18077329, 0.18077329, 0.1807733 ,\n       0.1807734 , 0.18077341]))", "callback": [0.646470060628473, 0.5654483782082063, 0.5398612214674126, 0.48723169028159596, 0.34871397838264584, 0.3079407205776441, 0.3054511093260426, 0.29889795785772577, 0.29493211961942556, 0.29368533250942386, 0.2930769008097135, 0.2920605376136336, 0.28801233197954446, 0.2666047354620096, 0.24861753539064435, 0.19690218653938374, 0.1837110419948894, 0.18174901536556476, 0.18097495553003717, 0.18082539548332077, 0.18078163140376802, 0.18077842703159097, 0.18077804424196398, 0.18077796154111037, 0.18077794286202575, 0.18077794207636633, 0.1807779382256195, 0.18077793739414993, 0.18077793724040625, 0.18077793720236035, 0.180777937196406, 0.1807779371821775, 0.180777937135851, 0.18077793700668643, 0.1807779366761738, 0.1807779357342294, 0.18077793516574248, 0.18077793390043717, 0.18077792944643445, 0.18077791669032395, 0.18077788502963976, 0.18077783533996206, 0.18077778423592905, 0.18077763083171294, 0.18077748241144076, 0.18077723473392127, 0.18077691037230081, 0.18077510680072384, 0.18077399081076795, 0.1807732890316467]}, "8": {"maxiter": 1000, "fatol": 1e-05, "xatol": 1e-05, "duration": 0.1357431411743164, "fun": "0.1807779372019982", "nit": "295", "nfev": "473", "status": "0", "success": "True", "message": "Optimization terminated successfully.", "x": "[ 4.67970893e-02  8.65511370e+00  1.40242343e-01  1.82988517e+00\n  3.11567078e+00 -9.58874103e-04]", "final_simplex": "(array([[ 4.67970893e-02,  8.65511370e+00,  1.40242343e-01,\n         1.82988517e+00,  3.11567078e+00, -9.58874103e-04],\n       [ 4.67970890e-02,  8.65511946e+00,  1.40242586e-01,\n         1.82988402e+00,  3.11566982e+00, -9.63661809e-04],\n       [ 4.67994110e-02,  8.65510736e+00,  1.40243596e-01,\n         1.82988169e+00,  3.11566238e+00, -9.60079851e-04],\n       [ 4.67995805e-02,  8.65511082e+00,  1.40243189e-01,\n         1.82988421e+00,  3.11566476e+00, -9.62225209e-04],\n       [ 4.67976138e-02,  8.65511646e+00,  1.40243136e-01,\n         1.82988121e+00,  3.11566721e+00, -9.67068380e-04],\n       [ 4.67931268e-02,  8.65511692e+00,  1.40241979e-01,\n         1.82988985e+00,  3.11567152e+00, -9.61070953e-04],\n       [ 4.67909758e-02,  8.65511342e+00,  1.40243441e-01,\n         1.82988225e+00,  3.11566448e+00, -9.64262343e-04]]), array([0.18077794, 0.18077794, 0.18077794, 0.18077794, 0.18077794,\n       0.18077794, 0.18077794]))", "callback": [0.646470060628473, 0.5654483782082063, 0.5398612214674126, 0.48723169028159596, 0.34871397838264584, 0.3079407205776441, 0.3054511093260426, 0.29889795785772577, 0.29493211961942556, 0.29368533250942386, 0.2930769008097135, 0.2920605376136336, 0.28801233197954446, 0.2666047354620096, 0.24861753539064435, 0.19690218653938374, 0.1837110419948894, 0.18174901536556476, 0.18097495553003717, 0.18082539548332077, 0.18078163140376802, 0.18077842703159097, 0.18077804424196398, 0.18077796154111037, 0.18077794286202575, 0.18077794207636633, 0.1807779382256195, 0.18077793739414993, 0.18077793724040625, 0.18077793720236035]}, "9": {"maxiter": 1000, "fatol": 1e-05, "xatol": 1e-10, "duration": 0.43065905570983887, "fun": "0.1807211726516481", "nit": "942", "nfev": "1540", "status": "0", "success": "True", "message": "Optimization terminated successfully.", "x": "[ 5.51107231e-02  9.38473617e+00 -5.68967148e-01  1.82281501e+00\n  3.14886676e+00 -2.45759100e-03]", "final_simplex": "(array([[ 5.51107231e-02,  9.38473617e+00, -5.68967148e-01,\n         1.82281501e+00,  3.14886676e+00, -2.45759100e-03],\n       [ 5.51107231e-02,  9.38473617e+00, -5.68967148e-01,\n         1.82281501e+00,  3.14886676e+00, -2.45759099e-03],\n       [ 5.51107231e-02,  9.38473617e+00, -5.68967148e-01,\n         1.82281501e+00,  3.14886676e+00, -2.45759100e-03],\n       [ 5.51107231e-02,  9.38473617e+00, -5.68967148e-01,\n         1.82281501e+00,  3.14886676e+00, -2.45759099e-03],\n       [ 5.51107231e-02,  9.38473617e+00, -5.68967148e-01,\n         1.82281501e+00,  3.14886676e+00, -2.45759099e-03],\n       [ 5.51107231e-02,  9.38473617e+00, -5.68967148e-01,\n         1.82281501e+00,  3.14886676e+00, -2.45759099e-03],\n       [ 5.51107231e-02,  9.38473617e+00, -5.68967148e-01,\n         1.82281501e+00,  3.14886676e+00, -2.45759100e-03]]), array([0.18072117, 0.18072117, 0.18072117, 0.18072117, 0.18072117,\n       0.18072117, 0.18072117]))", "callback": [0.646470060628473, 0.5654483782082063, 0.5398612214674126, 0.48723169028159596, 0.34871397838264584, 0.3079407205776441, 0.3054511093260426, 0.29889795785772577, 0.29493211961942556, 0.29368533250942386, 0.2930769008097135, 0.2920605376136336, 0.28801233197954446, 0.2666047354620096, 0.24861753539064435, 0.19690218653938374, 0.1837110419948894, 0.18174901536556476, 0.18097495553003717, 0.18082539548332077, 0.18078163140376802, 0.18077842703159097, 0.18077804424196398, 0.18077796154111037, 0.18077794286202575, 0.18077794207636633, 0.1807779382256195, 0.18077793739414993, 0.18077793724040625, 0.18077793720236035, 0.180777937196406, 0.1807779371821775, 0.180777937135851, 0.18077793700668643, 0.1807779366761738, 0.1807779357342294, 0.18077793516574248, 0.18077793390043717, 0.18077792944643445, 0.18077791669032395, 0.18077788502963976, 0.18077783533996206, 0.18077778423592905, 0.18077763083171294, 0.18077748241144076, 0.18077723473392127, 0.18077691037230081, 0.18077510680072384, 0.18077399081076795, 0.1807732890316467, 0.18077324063084088, 0.18077316843803337, 0.18077314363070363, 0.18077300714737066, 0.1807727604603242, 0.18077130199736569, 0.18076670832768238, 0.1807633437190821, 0.1807570891670517, 0.18074662458865287, 0.18074523421464828, 0.18073993032700042, 0.18073090693722482, 0.18072673264341388, 0.18072249324566925, 0.1807224659132438, 0.18072156839162956, 0.18072138380108305, 0.18072123951329233, 0.18072119873683024, 0.18072117948308053, 0.18072117948308053, 0.18072117656243525, 0.18072117397951593, 0.18072117272335364, 0.18072117272335364, 0.18072117267972376, 0.18072117266272913, 0.18072117265394283, 0.18072117265234822, 0.1807211726520529, 0.18072117265184717, 0.1807211726517991, 0.18072117265170373, 0.1807211726516742, 0.18072117265166554, 0.18072117265165955, 0.18072117265165377, 0.18072117265165089, 0.180721172651649, 0.18072117265164822, 0.18072117265164822, 0.1807211726516481, 0.1807211726516481, 0.1807211726516481]}, "10": {"maxiter": 1000, "fatol": 1e-10, "xatol": 1e-05, "duration": 0.13703513145446777, "fun": "0.1807779372019982", "nit": "295", "nfev": "473", "status": "0", "success": "True", "message": "Optimization terminated successfully.", "x": "[ 4.67970893e-02  8.65511370e+00  1.40242343e-01  1.82988517e+00\n  3.11567078e+00 -9.58874103e-04]", "final_simplex": "(array([[ 4.67970893e-02,  8.65511370e+00,  1.40242343e-01,\n         1.82988517e+00,  3.11567078e+00, -9.58874103e-04],\n       [ 4.67970890e-02,  8.65511946e+00,  1.40242586e-01,\n         1.82988402e+00,  3.11566982e+00, -9.63661809e-04],\n       [ 4.67994110e-02,  8.65510736e+00,  1.40243596e-01,\n         1.82988169e+00,  3.11566238e+00, -9.60079851e-04],\n       [ 4.67995805e-02,  8.65511082e+00,  1.40243189e-01,\n         1.82988421e+00,  3.11566476e+00, -9.62225209e-04],\n       [ 4.67976138e-02,  8.65511646e+00,  1.40243136e-01,\n         1.82988121e+00,  3.11566721e+00, -9.67068380e-04],\n       [ 4.67931268e-02,  8.65511692e+00,  1.40241979e-01,\n         1.82988985e+00,  3.11567152e+00, -9.61070953e-04],\n       [ 4.67909758e-02,  8.65511342e+00,  1.40243441e-01,\n         1.82988225e+00,  3.11566448e+00, -9.64262343e-04]]), array([0.18077794, 0.18077794, 0.18077794, 0.18077794, 0.18077794,\n       0.18077794, 0.18077794]))", "callback": [0.646470060628473, 0.5654483782082063, 0.5398612214674126, 0.48723169028159596, 0.34871397838264584, 0.3079407205776441, 0.3054511093260426, 0.29889795785772577, 0.29493211961942556, 0.29368533250942386, 0.2930769008097135, 0.2920605376136336, 0.28801233197954446, 0.2666047354620096, 0.24861753539064435, 0.19690218653938374, 0.1837110419948894, 0.18174901536556476, 0.18097495553003717, 0.18082539548332077, 0.18078163140376802, 0.18077842703159097, 0.18077804424196398, 0.18077796154111037, 0.18077794286202575, 0.18077794207636633, 0.1807779382256195, 0.18077793739414993, 0.18077793724040625, 0.18077793720236035]}, "11": {"maxiter": 1000, "fatol": 1e-10, "xatol": 1e-10, "duration": 0.43201613426208496, "fun": "0.1807211726516481", "nit": "942", "nfev": "1540", "status": "0", "success": "True", "message": "Optimization terminated successfully.", "x": "[ 5.51107231e-02  9.38473617e+00 -5.68967148e-01  1.82281501e+00\n  3.14886676e+00 -2.45759100e-03]", "final_simplex": "(array([[ 5.51107231e-02,  9.38473617e+00, -5.68967148e-01,\n         1.82281501e+00,  3.14886676e+00, -2.45759100e-03],\n       [ 5.51107231e-02,  9.38473617e+00, -5.68967148e-01,\n         1.82281501e+00,  3.14886676e+00, -2.45759099e-03],\n       [ 5.51107231e-02,  9.38473617e+00, -5.68967148e-01,\n         1.82281501e+00,  3.14886676e+00, -2.45759100e-03],\n       [ 5.51107231e-02,  9.38473617e+00, -5.68967148e-01,\n         1.82281501e+00,  3.14886676e+00, -2.45759099e-03],\n       [ 5.51107231e-02,  9.38473617e+00, -5.68967148e-01,\n         1.82281501e+00,  3.14886676e+00, -2.45759099e-03],\n       [ 5.51107231e-02,  9.38473617e+00, -5.68967148e-01,\n         1.82281501e+00,  3.14886676e+00, -2.45759099e-03],\n       [ 5.51107231e-02,  9.38473617e+00, -5.68967148e-01,\n         1.82281501e+00,  3.14886676e+00, -2.45759100e-03]]), array([0.18072117, 0.18072117, 0.18072117, 0.18072117, 0.18072117,\n       0.18072117, 0.18072117]))", "callback": [0.646470060628473, 0.5654483782082063, 0.5398612214674126, 0.48723169028159596, 0.34871397838264584, 0.3079407205776441, 0.3054511093260426, 0.29889795785772577, 0.29493211961942556, 0.29368533250942386, 0.2930769008097135, 0.2920605376136336, 0.28801233197954446, 0.2666047354620096, 0.24861753539064435, 0.19690218653938374, 0.1837110419948894, 0.18174901536556476, 0.18097495553003717, 0.18082539548332077, 0.18078163140376802, 0.18077842703159097, 0.18077804424196398, 0.18077796154111037, 0.18077794286202575, 0.18077794207636633, 0.1807779382256195, 0.18077793739414993, 0.18077793724040625, 0.18077793720236035, 0.180777937196406, 0.1807779371821775, 0.180777937135851, 0.18077793700668643, 0.1807779366761738, 0.1807779357342294, 0.18077793516574248, 0.18077793390043717, 0.18077792944643445, 0.18077791669032395, 0.18077788502963976, 0.18077783533996206, 0.18077778423592905, 0.18077763083171294, 0.18077748241144076, 0.18077723473392127, 0.18077691037230081, 0.18077510680072384, 0.18077399081076795, 0.1807732890316467, 0.18077324063084088, 0.18077316843803337, 0.18077314363070363, 0.18077300714737066, 0.1807727604603242, 0.18077130199736569, 0.18076670832768238, 0.1807633437190821, 0.1807570891670517, 0.18074662458865287, 0.18074523421464828, 0.18073993032700042, 0.18073090693722482, 0.18072673264341388, 0.18072249324566925, 0.1807224659132438, 0.18072156839162956, 0.18072138380108305, 0.18072123951329233, 0.18072119873683024, 0.18072117948308053, 0.18072117948308053, 0.18072117656243525, 0.18072117397951593, 0.18072117272335364, 0.18072117272335364, 0.18072117267972376, 0.18072117266272913, 0.18072117265394283, 0.18072117265234822, 0.1807211726520529, 0.18072117265184717, 0.1807211726517991, 0.18072117265170373, 0.1807211726516742, 0.18072117265166554, 0.18072117265165955, 0.18072117265165377, 0.18072117265165089, 0.180721172651649, 0.18072117265164822, 0.18072117265164822, 0.1807211726516481, 0.1807211726516481, 0.1807211726516481]}}, "bfgs": {"type": "gradient", "0": {"maxiter": 100, "gtol": 1e-05, "xrtol": 1e-05, "eps": 1e-05, "duration": 0.0818490982055664, "fun": "0.18072117423389533", "jac": "[ 7.50197682e-06 -8.66978711e-06 -8.22218960e-06  1.29644073e-06\n -2.97700753e-06 -3.12032622e-06]", "hess_inv": "[[ 4.81789303e+00  4.01493522e+01 -3.81072204e+01  1.12750795e+00\n   4.15836855e+00 -2.62972549e-01]\n [ 4.01493522e+01  1.43617790e+03 -1.41811494e+03  1.67690975e+01\n   4.87726514e+01 -8.66738383e+00]\n [-3.81072204e+01 -1.41811494e+03  1.40365613e+03 -1.57129359e+01\n  -4.58552774e+01  7.66700492e+00]\n [ 1.12750795e+00  1.67690975e+01 -1.57129359e+01  3.01249966e+00\n   1.01321282e+00 -1.96411292e-01]\n [ 4.15836855e+00  4.87726514e+01 -4.58552774e+01  1.01321282e+00\n   7.43860760e+00 -6.26842242e-01]\n [-2.62972549e-01 -8.66738383e+00  7.66700492e+00 -1.96411292e-01\n  -6.26842242e-01  3.38246085e+00]]", "nfev": "287", "njev": "41", "status": "0", "success": "True", "message": "Optimization terminated successfully.", "x": "[ 0.05504772  3.09869721 -0.56625532  4.46033404  0.00708625  3.13913562]", "nit": "36", "callback": [0.5198193477602158, 0.5046950628731341, 0.3839398614468438, 0.3680173129182732, 0.3413321981852937, 0.31682504889704954, 0.31383483518924893, 0.3095950344978563, 0.30576523218304363, 0.29917976331572027, 0.2899602693528309, 0.27676981478580887, 0.25338761385045017, 0.21545328500958427, 0.19195564902872264, 0.18660774242837408, 0.1813661193280819, 0.1810286077776495, 0.18096871620169142, 0.1809525813296038, 0.1809453944924777, 0.1809447601364509, 0.18094399413164475, 0.1809426376508012, 0.18094014154000204, 0.1809355011090047, 0.18092693907269786, 0.18091162188772314, 0.18088643786938385, 0.18085143165451167, 0.18081348647658435, 0.1807558187205286, 0.18072358435399127, 0.18072140929569702, 0.18072117777565178, 0.18072117423389533]}, "1": {"maxiter": 100, "gtol": 1e-05, "xrtol": 1e-05, "eps": 1e-10, "duration": 0.09373307228088379, "fun": "0.18072117280544564", "jac": "[ 8.88178408e-06 -6.66133760e-06 -8.88178346e-06  1.11022293e-06\n  1.11022303e-06 -4.44089173e-06]", "hess_inv": "[[ 4.54914926e+00  2.83778775e+01 -2.61212722e+01  1.01700297e+00\n   4.11632189e+00 -1.39964154e-01]\n [ 2.83778775e+01  1.26053541e+03 -1.24718830e+03  1.31970494e+01\n   3.67660984e+01 -5.89673017e+00]\n [-2.61212722e+01 -1.24718830e+03  1.23772644e+03 -1.21251126e+01\n  -3.35118349e+01  4.93453355e+00]\n [ 1.01700297e+00  1.31970494e+01 -1.21251126e+01  2.98158996e+00\n   9.50247239e-01 -1.53464255e-01]\n [ 4.11632189e+00  3.67660984e+01 -3.35118349e+01  9.50247239e-01\n   7.63726284e+00 -5.06623287e-01]\n [-1.39964154e-01 -5.89673017e+00  4.93453355e+00 -1.53464255e-01\n  -5.06623287e-01  3.33772132e+00]]", "nfev": "301", "njev": "43", "status": "0", "success": "True", "message": "Optimization terminated successfully.", "x": "[ 0.0551268   3.10117592 -0.56861268  4.46037153  0.0072672   3.13912806]", "nit": "37", "callback": [0.5198186950969894, 0.5046943207014577, 0.3839484776835774, 0.3679884122681514, 0.3412580847514274, 0.31682369931823706, 0.3138345467702487, 0.30959449228787794, 0.30576322668756506, 0.29917589895594343, 0.28996123581360045, 0.27675633573049807, 0.2533487179529068, 0.2154005334183372, 0.19195761197061834, 0.18661042988327803, 0.1813710750979528, 0.1810269224287816, 0.18096952285011714, 0.18095260390719925, 0.18094575458720263, 0.1809450664365575, 0.1809443479085726, 0.18094306167320306, 0.18094069274925995, 0.180936308868358, 0.18092820249644714, 0.18091371976506698, 0.18088986814438446, 0.18085617201887505, 0.18081892254829546, 0.18076131846626942, 0.18072408785954341, 0.1807227854080009, 0.1807212389109405, 0.18072117563232948, 0.18072117280544564]}, "2": {"maxiter": 100, "gtol": 1e-05, "xrtol": 1e-10, "eps": 1e-05, "duration": 0.08016109466552734, "fun": "0.18072117423389533", "jac": "[ 7.50197682e-06 -8.66978711e-06 -8.22218960e-06  1.29644073e-06\n -2.97700753e-06 -3.12032622e-06]", "hess_inv": "[[ 4.81789303e+00  4.01493522e+01 -3.81072204e+01  1.12750795e+00\n   4.15836855e+00 -2.62972549e-01]\n [ 4.01493522e+01  1.43617790e+03 -1.41811494e+03  1.67690975e+01\n   4.87726514e+01 -8.66738383e+00]\n [-3.81072204e+01 -1.41811494e+03  1.40365613e+03 -1.57129359e+01\n  -4.58552774e+01  7.66700492e+00]\n [ 1.12750795e+00  1.67690975e+01 -1.57129359e+01  3.01249966e+00\n   1.01321282e+00 -1.96411292e-01]\n [ 4.15836855e+00  4.87726514e+01 -4.58552774e+01  1.01321282e+00\n   7.43860760e+00 -6.26842242e-01]\n [-2.62972549e-01 -8.66738383e+00  7.66700492e+00 -1.96411292e-01\n  -6.26842242e-01  3.38246085e+00]]", "nfev": "287", "njev": "41", "status": "0", "success": "True", "message": "Optimization terminated successfully.", "x": "[ 0.05504772  3.09869721 -0.56625532  4.46033404  0.00708625  3.13913562]", "nit": "36", "callback": [0.5198193477602158, 0.5046950628731341, 0.3839398614468438, 0.3680173129182732, 0.3413321981852937, 0.31682504889704954, 0.31383483518924893, 0.3095950344978563, 0.30576523218304363, 0.29917976331572027, 0.2899602693528309, 0.27676981478580887, 0.25338761385045017, 0.21545328500958427, 0.19195564902872264, 0.18660774242837408, 0.1813661193280819, 0.1810286077776495, 0.18096871620169142, 0.1809525813296038, 0.1809453944924777, 0.1809447601364509, 0.18094399413164475, 0.1809426376508012, 0.18094014154000204, 0.1809355011090047, 0.18092693907269786, 0.18091162188772314, 0.18088643786938385, 0.18085143165451167, 0.18081348647658435, 0.1807558187205286, 0.18072358435399127, 0.18072140929569702, 0.18072117777565178, 0.18072117423389533]}, "3": {"maxiter": 100, "gtol": 1e-05, "xrtol": 1e-10, "eps": 1e-10, "duration": 0.08695173263549805, "fun": "0.18072117280544564", "jac": "[ 8.88178408e-06 -6.66133760e-06 -8.88178346e-06  1.11022293e-06\n  1.11022303e-06 -4.44089173e-06]", "hess_inv": "[[ 4.54914926e+00  2.83778775e+01 -2.61212722e+01  1.01700297e+00\n   4.11632189e+00 -1.39964154e-01]\n [ 2.83778775e+01  1.26053541e+03 -1.24718830e+03  1.31970494e+01\n   3.67660984e+01 -5.89673017e+00]\n [-2.61212722e+01 -1.24718830e+03  1.23772644e+03 -1.21251126e+01\n  -3.35118349e+01  4.93453355e+00]\n [ 1.01700297e+00  1.31970494e+01 -1.21251126e+01  2.98158996e+00\n   9.50247239e-01 -1.53464255e-01]\n [ 4.11632189e+00  3.67660984e+01 -3.35118349e+01  9.50247239e-01\n   7.63726284e+00 -5.06623287e-01]\n [-1.39964154e-01 -5.89673017e+00  4.93453355e+00 -1.53464255e-01\n  -5.06623287e-01  3.33772132e+00]]", "nfev": "301", "njev": "43", "status": "0", "success": "True", "message": "Optimization terminated successfully.", "x": "[ 0.0551268   3.10117592 -0.56861268  4.46037153  0.0072672   3.13912806]", "nit": "37", "callback": [0.5198186950969894, 0.5046943207014577, 0.3839484776835774, 0.3679884122681514, 0.3412580847514274, 0.31682369931823706, 0.3138345467702487, 0.30959449228787794, 0.30576322668756506, 0.29917589895594343, 0.28996123581360045, 0.27675633573049807, 0.2533487179529068, 0.2154005334183372, 0.19195761197061834, 0.18661042988327803, 0.1813710750979528, 0.1810269224287816, 0.18096952285011714, 0.18095260390719925, 0.18094575458720263, 0.1809450664365575, 0.1809443479085726, 0.18094306167320306, 0.18094069274925995, 0.180936308868358, 0.18092820249644714, 0.18091371976506698, 0.18088986814438446, 0.18085617201887505, 0.18081892254829546, 0.18076131846626942, 0.18072408785954341, 0.1807227854080009, 0.1807212389109405, 0.18072117563232948, 0.18072117280544564]}, "4": {"maxiter": 100, "gtol": 1e-10, "xrtol": 1e-05, "eps": 1e-05, "duration": 0.08967804908752441, "fun": "0.18072117275808686", "jac": "[-7.57616192e-08 -3.99247302e-07 -4.19864143e-07  2.15749640e-07\n -9.00390873e-09 -2.20135021e-07]", "hess_inv": "[[ 5.32870636e+00  7.16602102e+01 -6.81359725e+01  1.42024440e+00\n   6.08785102e+00 -2.79760821e-01]\n [ 7.16602102e+01  3.21760157e+03 -3.10452726e+03  3.19717638e+01\n   1.67007025e+02 -7.30042641e+00]\n [-6.81359725e+01 -3.10452726e+03  2.99926405e+03 -3.00055712e+01\n  -1.58475627e+02  6.19930817e+00]\n [ 1.42024440e+00  3.19717638e+01 -3.00055712e+01  3.12964362e+00\n   2.10482150e+00 -1.63640563e-01]\n [ 6.08785102e+00  1.67007025e+02 -1.58475627e+02  2.10482150e+00\n   1.47225936e+01 -6.78398813e-01]\n [-2.79760821e-01 -7.30042641e+00  6.19930817e+00 -1.63640563e-01\n  -6.78398813e-01  3.34739068e+00]]", "nfev": "308", "njev": "44", "status": "0", "success": "True", "message": "Optimization terminated successfully.", "x": "[ 0.05508406  3.10100628 -0.56845778  4.46035642  0.00722434  3.13913319]", "nit": "39", "callback": [0.5198193477602158, 0.5046950628731341, 0.3839398614468438, 0.3680173129182732, 0.3413321981852937, 0.31682504889704954, 0.31383483518924893, 0.3095950344978563, 0.30576523218304363, 0.29917976331572027, 0.2899602693528309, 0.27676981478580887, 0.25338761385045017, 0.21545328500958427, 0.19195564902872264, 0.18660774242837408, 0.1813661193280819, 0.1810286077776495, 0.18096871620169142, 0.1809525813296038, 0.1809453944924777, 0.1809447601364509, 0.18094399413164475, 0.1809426376508012, 0.18094014154000204, 0.1809355011090047, 0.18092693907269786, 0.18091162188772314, 0.18088643786938385, 0.18085143165451167, 0.18081348647658435, 0.1807558187205286, 0.18072358435399127, 0.18072140929569702, 0.18072117777565178, 0.18072117423389533, 0.18072117359689632, 0.18072117281178146, 0.18072117275808686]}, "5": {"maxiter": 100, "gtol": 1e-10, "xrtol": 1e-05, "eps": 1e-10, "duration": 0.09636998176574707, "fun": "0.18072117279057365", "jac": "[ 5.55111505e-06 -4.44089173e-06 -3.33066880e-06  1.11022293e-06\n  3.33066909e-06 -2.22044587e-06]", "hess_inv": "[[  3.91114276  -0.19034932   1.98021391   0.7419407    3.20342683\n   -0.06842655]\n [ -0.19034932  36.61752535 -35.94701872   0.53868641   1.21445214\n   -0.87458997]\n [  1.98021391 -35.94701872  38.02615398   0.48731505   0.86643808\n   -0.17089344]\n [  0.7419407    0.53868641   0.48731505   2.8440523    0.65634491\n   -0.09236501]\n [  3.20342683   1.21445214   0.86643808   0.65634491   6.00929751\n   -0.49032538]\n [ -0.06842655  -0.87458997  -0.17089344  -0.09236501  -0.49032538\n    3.30776426]]", "nfev": "329", "njev": "47", "status": "0", "success": "True", "message": "Optimization terminated successfully.", "x": "[ 0.05512137  3.10102012 -0.56845743  4.46036963  0.00726169  3.13912961]", "nit": "39", "callback": [0.5198186950969894, 0.5046943207014577, 0.3839484776835774, 0.3679884122681514, 0.3412580847514274, 0.31682369931823706, 0.3138345467702487, 0.30959449228787794, 0.30576322668756506, 0.29917589895594343, 0.28996123581360045, 0.27675633573049807, 0.2533487179529068, 0.2154005334183372, 0.19195761197061834, 0.18661042988327803, 0.1813710750979528, 0.1810269224287816, 0.18096952285011714, 0.18095260390719925, 0.18094575458720263, 0.1809450664365575, 0.1809443479085726, 0.18094306167320306, 0.18094069274925995, 0.180936308868358, 0.18092820249644714, 0.18091371976506698, 0.18088986814438446, 0.18085617201887505, 0.18081892254829546, 0.18076131846626942, 0.18072408785954341, 0.1807227854080009, 0.1807212389109405, 0.18072117563232948, 0.18072117280544564, 0.18072117279819955, 0.18072117279057365]}, "6": {"maxiter": 100, "gtol": 1e-10, "xrtol": 1e-10, "eps": 1e-05, "duration": 0.16849899291992188, "fun": "0.18072117275488198", "jac": "[-7.49400542e-09 -1.28785871e-09 -2.07611706e-09  3.86357613e-09\n  1.95399252e-09 -3.41948692e-09]", "hess_inv": "[[ 5.29858682e+00  6.90675986e+01 -6.56247584e+01  1.38895261e+00\n   5.96703357e+00 -2.64512938e-01]\n [ 6.90675986e+01  3.22021728e+03 -3.11718748e+03  3.34028252e+01\n   1.58471284e+02 -9.90861685e+00]\n [-6.56247584e+01 -3.11718748e+03  3.02178966e+03 -3.15766863e+01\n  -1.50291492e+02  8.90142953e+00]\n [ 1.38895261e+00  3.34028252e+01 -3.15766863e+01  3.17247585e+00\n   2.01336330e+00 -2.19404276e-01]\n [ 5.96703357e+00  1.58471284e+02 -1.50291492e+02  2.01336330e+00\n   1.42533284e+01 -6.49636886e-01]\n [-2.64512938e-01 -9.90861685e+00  8.90142953e+00 -2.19404276e-01\n  -6.49636886e-01  3.40769924e+00]]", "nfev": "551", "njev": "77", "status": "2", "success": "False", "message": "Desired error not necessarily achieved due to precision loss.", "x": "[ 0.05508421  3.1009827  -0.56843333  4.46035592  0.00722461  3.13913372]", "nit": "40", "callback": [0.5198193477602158, 0.5046950628731341, 0.3839398614468438, 0.3680173129182732, 0.3413321981852937, 0.31682504889704954, 0.31383483518924893, 0.3095950344978563, 0.30576523218304363, 0.29917976331572027, 0.2899602693528309, 0.27676981478580887, 0.25338761385045017, 0.21545328500958427, 0.19195564902872264, 0.18660774242837408, 0.1813661193280819, 0.1810286077776495, 0.18096871620169142, 0.1809525813296038, 0.1809453944924777, 0.1809447601364509, 0.18094399413164475, 0.1809426376508012, 0.18094014154000204, 0.1809355011090047, 0.18092693907269786, 0.18091162188772314, 0.18088643786938385, 0.18085143165451167, 0.18081348647658435, 0.1807558187205286, 0.18072358435399127, 0.18072140929569702, 0.18072117777565178, 0.18072117423389533, 0.18072117359689632, 0.18072117281178146, 0.18072117275808686, 0.18072117275488198]}, "7": {"maxiter": 100, "gtol": 1e-10, "xrtol": 1e-10, "eps": 1e-10, "duration": 0.17703771591186523, "fun": "0.1807211726944029", "jac": "[0.00000000e+00 1.11022293e-06 1.11022293e-06 0.00000000e+00\n 3.33066909e-06 1.11022293e-06]", "hess_inv": "[[ 1.15470910e+00  5.34290269e-01 -4.38217395e-01 -2.91838860e-01\n  -2.68376047e-02 -7.92719592e-0