{"date": "2024/10/08/, 18:15:34", "conf_id": 19, "data_type": "random\n", "num_data_points": 1, "s_rank": 0, "unitary": "[[-0.24866696+0.58742286j,-0.44704345-0.43151574j,-0.35669027-0.20570733j,-0.10517633+0.1626036j],[0.10596805-0.19687975j,-0.30269685-0.15056416j,0.18246286+0.30440582j,-0.83484447-0.11310748j],[0.26054512-0.52548482j,0.0285017-0.50723956j,-0.43110112+0.17165838j,0.15243271+0.39915801j],[0.42978035+0.11991271j,-0.17224126-0.46030424j,0.6827807-0.15164662j,0.26483638+0.0061855j]]", "databatch_0": {"databatch": "[[[-0.21908533-0.13624612j,0.12982317-0.16818675j,0.15854887+0.06305537j,0.23718657+0.14174072j],[-0.20776521-0.04618502j,-0.24118812+0.17600298j,0.0644187+0.25471753j,-0.07564452-0.13817242j],[-0.21115346+0.20523562j,0.25172726-0.20764155j,-0.22845126+0.20843514j,-0.03001425-0.06405185j],[-0.12695665-0.11070172j,-0.0177713-0.25243822j,0.15832437-0.13589838j,-0.27884589+0.21682239j]]]", "initial param values": "[4.01394378,0.12466082,3.2754063,1.73479515,4.78380753,0.23025544]", "nelder_mead": {"type": "gradient-free", "0": {"maxiter": 100, "fatol": 1e-05, "xatol": 1e-05, "duration": 0.06079602241516113, "fun": "0.7885109747334198", "nit": "100", "nfev": "154", "status": "2", "success": "False", "message": "Maximum number of iterations has been exceeded.", "x": "[5.06601758 0.08929132 5.06943289 1.79185029 6.17443559 0.25850119]", "final_simplex": "(array([[5.06601758, 0.08929132, 5.06943289, 1.79185029, 6.17443559,\n        0.25850119],\n       [4.94871157, 0.08980575, 4.99472406, 1.78529047, 6.27124236,\n        0.26113033],\n       [5.05507358, 0.08681389, 5.06975723, 1.8300045 , 6.2679799 ,\n        0.27461685],\n       [4.99654901, 0.08121578, 5.07154969, 1.80846848, 6.20002126,\n        0.2840452 ],\n       [5.01655117, 0.08257941, 4.9721264 , 1.80108093, 6.24870475,\n        0.27891574],\n       [5.02757152, 0.07731476, 5.03904945, 1.85595614, 6.29839336,\n        0.28508459],\n       [4.96355066, 0.07898132, 4.96875774, 1.87719076, 6.25559064,\n        0.28343068]]), array([0.78851097, 0.78896647, 0.78952465, 0.79032524, 0.79084409,\n       0.79119334, 0.79132536]))", "callback": [0.9716423511026689, 0.896218541304844, 0.824756877110916, 0.8228860110131407, 0.8201184913252354, 0.8094847741489963, 0.7953240070636229, 0.7938375454823525, 0.7928041776218575, 0.7903252442836717]}, "1": {"maxiter": 100, "fatol": 1e-05, "xatol": 1e-10, "duration": 0.050296783447265625, "fun": "0.7885109747334198", "nit": "100", "nfev": "154", "status": "2", "success": "False", "message": "Maximum number of iterations has been exceeded.", "x": "[5.06601758 0.08929132 5.06943289 1.79185029 6.17443559 0.25850119]", "final_simplex": "(array([[5.06601758, 0.08929132, 5.06943289, 1.79185029, 6.17443559,\n        0.25850119],\n       [4.94871157, 0.08980575, 4.99472406, 1.78529047, 6.27124236,\n        0.26113033],\n       [5.05507358, 0.08681389, 5.06975723, 1.8300045 , 6.2679799 ,\n        0.27461685],\n       [4.99654901, 0.08121578, 5.07154969, 1.80846848, 6.20002126,\n        0.2840452 ],\n       [5.01655117, 0.08257941, 4.9721264 , 1.80108093, 6.24870475,\n        0.27891574],\n       [5.02757152, 0.07731476, 5.03904945, 1.85595614, 6.29839336,\n        0.28508459],\n       [4.96355066, 0.07898132, 4.96875774, 1.87719076, 6.25559064,\n        0.28343068]]), array([0.78851097, 0.78896647, 0.78952465, 0.79032524, 0.79084409,\n       0.79119334, 0.79132536]))", "callback": [0.9716423511026689, 0.896218541304844, 0.824756877110916, 0.8228860110131407, 0.8201184913252354, 0.8094847741489963, 0.7953240070636229, 0.7938375454823525, 0.7928041776218575, 0.7903252442836717]}, "2": {"maxiter": 100, "fatol": 1e-10, "xatol": 1e-05, "duration": 0.050608158111572266, "fun": "0.7885109747334198", "nit": "100", "nfev": "154", "status": "2", "success": "False", "message": "Maximum number of iterations has been exceeded.", "x": "[5.06601758 0.08929132 5.06943289 1.79185029 6.17443559 0.25850119]", "final_simplex": "(array([[5.06601758, 0.08929132, 5.06943289, 1.79185029, 6.17443559,\n        0.25850119],\n       [4.94871157, 0.08980575, 4.99472406, 1.78529047, 6.27124236,\n        0.26113033],\n       [5.05507358, 0.08681389, 5.06975723, 1.8300045 , 6.2679799 ,\n        0.27461685],\n       [4.99654901, 0.08121578, 5.07154969, 1.80846848, 6.20002126,\n        0.2840452 ],\n       [5.01655117, 0.08257941, 4.9721264 , 1.80108093, 6.24870475,\n        0.27891574],\n       [5.02757152, 0.07731476, 5.03904945, 1.85595614, 6.29839336,\n        0.28508459],\n       [4.96355066, 0.07898132, 4.96875774, 1.87719076, 6.25559064,\n        0.28343068]]), array([0.78851097, 0.78896647, 0.78952465, 0.79032524, 0.79084409,\n       0.79119334, 0.79132536]))", "callback": [0.9716423511026689, 0.896218541304844, 0.824756877110916, 0.8228860110131407, 0.8201184913252354, 0.8094847741489963, 0.7953240070636229, 0.7938375454823525, 0.7928041776218575, 0.7903252442836717]}, "3": {"maxiter": 100, "fatol": 1e-10, "xatol": 1e-10, "duration": 0.047621726989746094, "fun": "0.7885109747334198", "nit": "100", "nfev": "154", "status": "2", "success": "False", "message": "Maximum number of iterations has been exceeded.", "x": "[5.06601758 0.08929132 5.06943289 1.79185029 6.17443559 0.25850119]", "final_simplex": "(array([[5.06601758, 0.08929132, 5.06943289, 1.79185029, 6.17443559,\n        0.25850119],\n       [4.94871157, 0.08980575, 4.99472406, 1.78529047, 6.27124236,\n        0.26113033],\n       [5.05507358, 0.08681389, 5.06975723, 1.8300045 , 6.2679799 ,\n        0.27461685],\n       [4.99654901, 0.08121578, 5.07154969, 1.80846848, 6.20002126,\n        0.2840452 ],\n       [5.01655117, 0.08257941, 4.9721264 , 1.80108093, 6.24870475,\n        0.27891574],\n       [5.02757152, 0.07731476, 5.03904945, 1.85595614, 6.29839336,\n        0.28508459],\n       [4.96355066, 0.07898132, 4.96875774, 1.87719076, 6.25559064,\n        0.28343068]]), array([0.78851097, 0.78896647, 0.78952465, 0.79032524, 0.79084409,\n       0.79119334, 0.79132536]))", "callback": [0.9716423511026689, 0.896218541304844, 0.824756877110916, 0.8228860110131407, 0.8201184913252354, 0.8094847741489963, 0.7953240070636229, 0.7938375454823525, 0.7928041776218575, 0.7903252442836717]}, "4": {"maxiter": 500, "fatol": 1e-05, "xatol": 1e-05, "duration": 0.22655081748962402, "fun": "0.6734813744750863", "nit": "456", "nfev": "709", "status": "0", "success": "True", "message": "Optimization terminated successfully.", "x": "[ 5.09661751  1.49822558  4.9917375   2.33700979  6.21944698 -0.76753821]", "final_simplex": "(array([[ 5.09661751,  1.49822558,  4.9917375 ,  2.33700979,  6.21944698,\n        -0.76753821],\n       [ 5.09662267,  1.49822758,  4.99173657,  2.33700688,  6.21943879,\n        -0.7675433 ],\n       [ 5.09662432,  1.49822057,  4.99173838,  2.33700704,  6.21943805,\n        -0.76754464],\n       [ 5.09662367,  1.49822678,  4.99173578,  2.33701087,  6.21943773,\n        -0.76754804],\n       [ 5.09662412,  1.49822184,  4.99173701,  2.3370032 ,  6.21943968,\n        -0.76754475],\n       [ 5.09662596,  1.49822779,  4.99173556,  2.33700672,  6.21944577,\n        -0.76754132],\n       [ 5.09662317,  1.49822523,  4.99174361,  2.33700985,  6.21944502,\n        -0.76754652]]), array([0.67348137, 0.67348137, 0.67348137, 0.67348137, 0.67348137,\n       0.67348137, 0.67348137]))", "callback": [0.9716423511026689, 0.896218541304844, 0.824756877110916, 0.8228860110131407, 0.8201184913252354, 0.8094847741489963, 0.7953240070636229, 0.7938375454823525, 0.7928041776218575, 0.7903252442836717, 0.7871445617879713, 0.7788284002354262, 0.7667546284454567, 0.7619817848579109, 0.7574482433137519, 0.7427811085258043, 0.7302824019363203, 0.7256335920183581, 0.7242505865384603, 0.7240456519504403, 0.723540092184078, 0.723106698731824, 0.7218656497646134, 0.7176799321853506, 0.716175164833713, 0.7115941719547696, 0.6938126059964504, 0.6817813370411334, 0.6771796721441988, 0.674197657924998, 0.673724270644765, 0.6735581115780185, 0.6735190371350062, 0.6734951244654834, 0.6734896704765073, 0.6734851239519949, 0.6734828196325945, 0.6734815312212822, 0.6734815063777237, 0.6734813922099793, 0.6734813792955604, 0.6734813758546515, 0.6734813747213699, 0.6734813745117796, 0.6734813744839316, 0.6734813744763202]}, "5": {"maxiter": 500, "fatol": 1e-05, "xatol": 1e-10, "duration": 0.2726747989654541, "fun": "0.6734813744739372", "nit": "500", "nfev": "784", "status": "2", "success": "False", "message": "Maximum number of iterations has been exceeded.", "x": "[ 5.09662064  1.49822469  4.99173752  2.3370078   6.21944288 -0.76754194]", "final_simplex": "(array([[ 5.09662064,  1.49822469,  4.99173752,  2.3370078 ,  6.21944288,\n        -0.76754194],\n       [ 5.09662067,  1.49822488,  4.9917374 ,  2.33700783,  6.21944261,\n        -0.76754211],\n       [ 5.09662065,  1.49822481,  4.9917376 ,  2.33700786,  6.2194428 ,\n        -0.76754215],\n       [ 5.09662074,  1.49822467,  4.99173754,  2.33700773,  6.21944247,\n        -0.7675423 ],\n       [ 5.09662067,  1.49822463,  4.99173757,  2.33700787,  6.21944232,\n        -0.76754237],\n       [ 5.09662091,  1.49822464,  4.99173755,  2.33700785,  6.21944241,\n        -0.76754249],\n       [ 5.09662085,  1.49822478,  4.99173763,  2.33700765,  6.21944254,\n        -0.76754224]]), array([0.67348137, 0.67348137, 0.67348137, 0.67348137, 0.67348137,\n       0.67348137, 0.67348137]))", "callback": [0.9716423511026689, 0.896218541304844, 0.824756877110916, 0.8228860110131407, 0.8201184913252354, 0.8094847741489963, 0.7953240070636229, 0.7938375454823525, 0.7928041776218575, 0.7903252442836717, 0.7871445617879713, 0.7788284002354262, 0.7667546284454567, 0.7619817848579109, 0.7574482433137519, 0.7427811085258043, 0.7302824019363203, 0.7256335920183581, 0.7242505865384603, 0.7240456519504403, 0.723540092184078, 0.723106698731824, 0.7218656497646134, 0.7176799321853506, 0.716175164833713, 0.7115941719547696, 0.6938126059964504, 0.6817813370411334, 0.6771796721441988, 0.674197657924998, 0.673724270644765, 0.6735581115780185, 0.6735190371350062, 0.6734951244654834, 0.6734896704765073, 0.6734851239519949, 0.6734828196325945, 0.6734815312212822, 0.6734815063777237, 0.6734813922099793, 0.6734813792955604, 0.6734813758546515, 0.6734813747213699, 0.6734813745117796, 0.6734813744839316, 0.6734813744763202, 0.6734813744743762, 0.6734813744740861, 0.6734813744739703, 0.6734813744739454]}, "6": {"maxiter": 500, "fatol": 1e-10, "xatol": 1e-05, "duration": 0.26695895195007324, "fun": "0.6734813744750863", "nit": "456", "nfev": "709", "status": "0", "success": "True", "message": "Optimization terminated successfully.", "x": "[ 5.09661751  1.49822558  4.9917375   2.33700979  6.21944698 -0.76753821]", "final_simplex": "(array([[ 5.09661751,  1.49822558,  4.9917375 ,  2.33700979,  6.21944698,\n        -0.76753821],\n       [ 5.09662267,  1.49822758,  4.99173657,  2.33700688,  6.21943879,\n        -0.7675433 ],\n       [ 5.09662432,  1.49822057,  4.99173838,  2.33700704,  6.21943805,\n        -0.76754464],\n       [ 5.09662367,  1.49822678,  4.99173578,  2.33701087,  6.21943773,\n        -0.76754804],\n       [ 5.09662412,  1.49822184,  4.99173701,  2.3370032 ,  6.21943968,\n        -0.76754475],\n       [ 5.09662596,  1.49822779,  4.99173556,  2.33700672,  6.21944577,\n        -0.76754132],\n       [ 5.09662317,  1.49822523,  4.99174361,  2.33700985,  6.21944502,\n        -0.76754652]]), array([0.67348137, 0.67348137, 0.67348137, 0.67348137, 0.67348137,\n       0.67348137, 0.67348137]))", "callback": [0.9716423511026689, 0.896218541304844, 0.824756877110916, 0.8228860110131407, 0.8201184913252354, 0.8094847741489963, 0.7953240070636229, 0.7938375454823525, 0.7928041776218575, 0.7903252442836717, 0.7871445617879713, 0.7788284002354262, 0.7667546284454567, 0.7619817848579109, 0.7574482433137519, 0.7427811085258043, 0.7302824019363203, 0.7256335920183581, 0.7242505865384603, 0.7240456519504403, 0.723540092184078, 0.723106698731824, 0.7218656497646134, 0.7176799321853506, 0.716175164833713, 0.7115941719547696, 0.6938126059964504, 0.6817813370411334, 0.6771796721441988, 0.674197657924998, 0.673724270644765, 0.6735581115780185, 0.6735190371350062, 0.6734951244654834, 0.6734896704765073, 0.6734851239519949, 0.6734828196325945, 0.6734815312212822, 0.6734815063777237, 0.6734813922099793, 0.6734813792955604, 0.6734813758546515, 0.6734813747213699, 0.6734813745117796, 0.6734813744839316, 0.6734813744763202]}, "7": {"maxiter": 500, "fatol": 1e-10, "xatol": 1e-10, "duration": 0.26569199562072754, "fun": "0.6734813744739372", "nit": "500", "nfev": "784", "status": "2", "success": "False", "message": "Maximum number of iterations has been exceeded.", "x": "[ 5.09662064  1.49822469  4.99173752  2.3370078   6.21944288 -0.76754194]", "final_simplex": "(array([[ 5.09662064,  1.49822469,  4.99173752,  2.3370078 ,  6.21944288,\n        -0.76754194],\n       [ 5.09662067,  1.49822488,  4.9917374 ,  2.33700783,  6.21944261,\n        -0.76754211],\n       [ 5.09662065,  1.49822481,  4.9917376 ,  2.33700786,  6.2194428 ,\n        -0.76754215],\n       [ 5.09662074,  1.49822467,  4.99173754,  2.33700773,  6.21944247,\n        -0.7675423 ],\n       [ 5.09662067,  1.49822463,  4.99173757,  2.33700787,  6.21944232,\n        -0.76754237],\n       [ 5.09662091,  1.49822464,  4.99173755,  2.33700785,  6.21944241,\n        -0.76754249],\n       [ 5.09662085,  1.49822478,  4.99173763,  2.33700765,  6.21944254,\n        -0.76754224]]), array([0.67348137, 0.67348137, 0.67348137, 0.67348137, 0.67348137,\n       0.67348137, 0.67348137]))", "callback": [0.9716423511026689, 0.896218541304844, 0.824756877110916, 0.8228860110131407, 0.8201184913252354, 0.8094847741489963, 0.7953240070636229, 0.7938375454823525, 0.7928041776218575, 0.7903252442836717, 0.7871445617879713, 0.7788284002354262, 0.7667546284454567, 0.7619817848579109, 0.7574482433137519, 0.7427811085258043, 0.7302824019363203, 0.7256335920183581, 0.7242505865384603, 0.7240456519504403, 0.723540092184078, 0.723106698731824, 0.7218656497646134, 0.7176799321853506, 0.716175164833713, 0.7115941719547696, 0.6938126059964504, 0.6817813370411334, 0.6771796721441988, 0.674197657924998, 0.673724270644765, 0.6735581115780185, 0.6735190371350062, 0.6734951244654834, 0.6734896704765073, 0.6734851239519949, 0.6734828196325945, 0.6734815312212822, 0.6734815063777237, 0.6734813922099793, 0.6734813792955604, 0.6734813758546515, 0.6734813747213699, 0.6734813745117796, 0.6734813744839316, 0.6734813744763202, 0.6734813744743762, 0.6734813744740861, 0.6734813744739703, 0.6734813744739454]}, "8": {"maxiter": 1000, "fatol": 1e-05, "xatol": 1e-05, "duration": 0.2566201686859131, "fun": "0.6734813744750863", "nit": "456", "nfev": "709", "status": "0", "success": "True", "message": "Optimization terminated successfully.", "x": "[ 5.09661751  1.49822558  4.9917375   2.33700979  6.21944698 -0.76753821]", "final_simplex": "(array([[ 5.09661751,  1.49822558,  4.9917375 ,  2.33700979,  6.21944698,\n        -0.76753821],\n       [ 5.09662267,  1.49822758,  4.99173657,  2.33700688,  6.21943879,\n        -0.7675433 ],\n       [ 5.09662432,  1.49822057,  4.99173838,  2.33700704,  6.21943805,\n        -0.76754464],\n       [ 5.09662367,  1.49822678,  4.99173578,  2.33701087,  6.21943773,\n        -0.76754804],\n       [ 5.09662412,  1.49822184,  4.99173701,  2.3370032 ,  6.21943968,\n        -0.76754475],\n       [ 5.09662596,  1.49822779,  4.99173556,  2.33700672,  6.21944577,\n        -0.76754132],\n       [ 5.09662317,  1.49822523,  4.99174361,  2.33700985,  6.21944502,\n        -0.76754652]]), array([0.67348137, 0.67348137, 0.67348137, 0.67348137, 0.67348137,\n       0.67348137, 0.67348137]))", "callback": [0.9716423511026689, 0.896218541304844, 0.824756877110916, 0.8228860110131407, 0.8201184913252354, 0.8094847741489963, 0.7953240070636229, 0.7938375454823525, 0.7928041776218575, 0.7903252442836717, 0.7871445617879713, 0.7788284002354262, 0.7667546284454567, 0.7619817848579109, 0.7574482433137519, 0.7427811085258043, 0.7302824019363203, 0.7256335920183581, 0.7242505865384603, 0.7240456519504403, 0.723540092184078, 0.723106698731824, 0.7218656497646134, 0.7176799321853506, 0.716175164833713, 0.7115941719547696, 0.6938126059964504, 0.6817813370411334, 0.6771796721441988, 0.674197657924998, 0.673724270644765, 0.6735581115780185, 0.6735190371350062, 0.6734951244654834, 0.6734896704765073, 0.6734851239519949, 0.6734828196325945, 0.6734815312212822, 0.6734815063777237, 0.6734813922099793, 0.6734813792955604, 0.6734813758546515, 0.6734813747213699, 0.6734813745117796, 0.6734813744839316, 0.6734813744763202]}, "9": {"maxiter": 1000, "fatol": 1e-05, "xatol": 1e-10, "duration": 0.3688638210296631, "fun": "0.6734813744739339", "nit": "566", "nfev": "948", "status": "0", "success": "True", "message": "Optimization terminated successfully.", "x": "[ 5.09662073  1.49822471  4.99173747  2.3370079   6.21944275 -0.76754198]", "final_simplex": "(array([[ 5.09662073,  1.49822471,  4.99173747,  2.3370079 ,  6.21944275,\n        -0.76754198],\n       [ 5.09662073,  1.49822471,  4.99173747,  2.3370079 ,  6.21944275,\n        -0.76754198],\n       [ 5.09662073,  1.49822471,  4.99173747,  2.3370079 ,  6.21944275,\n        -0.76754198],\n       [ 5.09662073,  1.49822471,  4.99173747,  2.3370079 ,  6.21944275,\n        -0.76754198],\n       [ 5.09662073,  1.49822471,  4.99173747,  2.3370079 ,  6.21944275,\n        -0.76754198],\n       [ 5.09662073,  1.49822471,  4.99173747,  2.3370079 ,  6.21944275,\n        -0.76754198],\n       [ 5.09662073,  1.49822471,  4.99173747,  2.3370079 ,  6.21944275,\n        -0.76754198]]), array([0.67348137, 0.67348137, 0.67348137, 0.67348137, 0.67348137,\n       0.67348137, 0.67348137]))", "callback": [0.9716423511026689, 0.896218541304844, 0.824756877110916, 0.8228860110131407, 0.8201184913252354, 0.8094847741489963, 0.7953240070636229, 0.7938375454823525, 0.7928041776218575, 0.7903252442836717, 0.7871445617879713, 0.7788284002354262, 0.7667546284454567, 0.7619817848579109, 0.7574482433137519, 0.7427811085258043, 0.7302824019363203, 0.7256335920183581, 0.7242505865384603, 0.7240456519504403, 0.723540092184078, 0.723106698731824, 0.7218656497646134, 0.7176799321853506, 0.716175164833713, 0.7115941719547696, 0.6938126059964504, 0.6817813370411334, 0.6771796721441988, 0.674197657924998, 0.673724270644765, 0.6735581115780185, 0.6735190371350062, 0.6734951244654834, 0.6734896704765073, 0.6734851239519949, 0.6734828196325945, 0.6734815312212822, 0.6734815063777237, 0.6734813922099793, 0.6734813792955604, 0.6734813758546515, 0.6734813747213699, 0.6734813745117796, 0.6734813744839316, 0.6734813744763202, 0.6734813744743762, 0.6734813744740861, 0.6734813744739703, 0.6734813744739454, 0.6734813744739372, 0.6734813744739356, 0.6734813744739347, 0.6734813744739339, 0.6734813744739339, 0.6734813744739339, 0.6734813744739339]}, "10": {"maxiter": 1000, "fatol": 1e-10, "xatol": 1e-05, "duration": 0.2709619998931885, "fun": "0.6734813744750863", "nit": "456", "nfev": "709", "status": "0", "success": "True", "message": "Optimization terminated successfully.", "x": "[ 5.09661751  1.49822558  4.9917375   2.33700979  6.21944698 -0.76753821]", "final_simplex": "(array([[ 5.09661751,  1.49822558,  4.9917375 ,  2.33700979,  6.21944698,\n        -0.76753821],\n       [ 5.09662267,  1.49822758,  4.99173657,  2.33700688,  6.21943879,\n        -0.7675433 ],\n       [ 5.09662432,  1.49822057,  4.99173838,  2.33700704,  6.21943805,\n        -0.76754464],\n       [ 5.09662367,  1.49822678,  4.99173578,  2.33701087,  6.21943773,\n        -0.76754804],\n       [ 5.09662412,  1.49822184,  4.99173701,  2.3370032 ,  6.21943968,\n        -0.76754475],\n       [ 5.09662596,  1.49822779,  4.99173556,  2.33700672,  6.21944577,\n        -0.76754132],\n       [ 5.09662317,  1.49822523,  4.99174361,  2.33700985,  6.21944502,\n        -0.76754652]]), array([0.67348137, 0.67348137, 0.67348137, 0.67348137, 0.67348137,\n       0.67348137, 0.67348137]))", "callback": [0.9716423511026689, 0.896218541304844, 0.824756877110916, 0.8228860110131407, 0.8201184913252354, 0.8094847741489963, 0.7953240070636229, 0.7938375454823525, 0.7928041776218575, 0.7903252442836717, 0.7871445617879713, 0.7788284002354262, 0.7667546284454567, 0.7619817848579109, 0.7574482433137519, 0.7427811085258043, 0.7302824019363203, 0.7256335920183581, 0.7242505865384603, 0.7240456519504403, 0.723540092184078, 0.723106698731824, 0.7218656497646134, 0.7176799321853506, 0.716175164833713, 0.7115941719547696, 0.6938126059964504, 0.6817813370411334, 0.6771796721441988, 0.674197657924998, 0.673724270644765, 0.6735581115780185, 0.6735190371350062, 0.6734951244654834, 0.6734896704765073, 0.6734851239519949, 0.6734828196325945, 0.6734815312212822, 0.6734815063777237, 0.6734813922099793, 0.6734813792955604, 0.6734813758546515, 0.6734813747213699, 0.6734813745117796, 0.6734813744839316, 0.6734813744763202]}, "11": {"maxiter": 1000, "fatol": 1e-10, "xatol": 1e-10, "duration": 0.3183763027191162, "fun": "0.6734813744739339", "nit": "566", "nfev": "948", "status": "0", "success": "True", "message": "Optimization terminated successfully.", "x": "[ 5.09662073  1.49822471  4.99173747  2.3370079   6.21944275 -0.76754198]", "final_simplex": "(array([[ 5.09662073,  1.49822471,  4.99173747,  2.3370079 ,  6.21944275,\n        -0.76754198],\n       [ 5.09662073,  1.49822471,  4.99173747,  2.3370079 ,  6.21944275,\n        -0.76754198],\n       [ 5.09662073,  1.49822471,  4.99173747,  2.3370079 ,  6.21944275,\n        -0.76754198],\n       [ 5.09662073,  1.49822471,  4.99173747,  2.3370079 ,  6.21944275,\n        -0.76754198],\n       [ 5.09662073,  1.49822471,  4.99173747,  2.3370079 ,  6.21944275,\n        -0.76754198],\n       [ 5.09662073,  1.49822471,  4.99173747,  2.3370079 ,  6.21944275,\n        -0.76754198],\n       [ 5.09662073,  1.49822471,  4.99173747,  2.3370079 ,  6.21944275,\n        -0.76754198]]), array([0.67348137, 0.67348137, 0.67348137, 0.67348137, 0.67348137,\n       0.67348137, 0.67348137]))", "callback": [0.9716423511026689, 0.896218541304844, 0.824756877110916, 0.8228860110131407, 0.8201184913252354, 0.8094847741489963, 0.7953240070636229, 0.7938375454823525, 0.7928041776218575, 0.7903252442836717, 0.7871445617879713, 0.7788284002354262, 0.7667546284454567, 0.7619817848579109, 0.7574482433137519, 0.7427811085258043, 0.7302824019363203, 0.7256335920183581, 0.7242505865384603, 0.7240456519504403, 0.723540092184078, 0.723106698731824, 0.7218656497646134, 0.7176799321853506, 0.716175164833713, 0.7115941719547696, 0.6938126059964504, 0.6817813370411334, 0.6771796721441988, 0.674197657924998, 0.673724270644765, 0.6735581115780185, 0.6735190371350062, 0.6734951244654834, 0.6734896704765073, 0.6734851239519949, 0.6734828196325945, 0.6734815312212822, 0.6734815063777237, 0.6734813922099793, 0.6734813792955604, 0.6734813758546515, 0.6734813747213699, 0.6734813745117796, 0.6734813744839316, 0.6734813744763202, 0.6734813744743762, 0.6734813744740861, 0.6734813744739703, 0.6734813744739454, 0.6734813744739372, 0.6734813744739356, 0.6734813744739347, 0.6734813744739339, 0.6734813744739339, 0.6734813744739339, 0.6734813744739339]}}, "bfgs": {"type": "gradient", "0": {"maxiter": 100, "gtol": 1e-05, "xrtol": 1e-05, "eps": 1e-05, "duration": 0.06504178047180176, "fun": "0.6734813745028907", "jac": "[ 1.11487486e-06 -6.31783514e-07  8.76465567e-07  1.93317584e-06\n -8.20410406e-07  1.01751940e-06]", "hess_inv": "[[ 7.22861448  0.40721608  0.83285438 -1.1878785  -3.35931259 -3.80650624]\n [ 0.40721608 10.57679801 -2.84935404  3.31955459  0.97686924 -2.34435234]\n [ 0.83285438 -2.84935404  7.07454705 -1.41090169 -1.61106614 -1.2385568 ]\n [-1.1878785   3.31955459 -1.41090169  6.99038266  0.99329222 -0.098777  ]\n [-3.35931259  0.97686924 -1.61106614  0.99329222 13.13273718  8.95017935]\n [-3.80650624 -2.34435234 -1.2385568  -0.098777    8.95017935 13.24734955]]", "nfev": "210", "njev": "30", "status": "0", "success": "True", "message": "Optimization terminated successfully.", "x": "[ 5.09662751  1.49821243  4.99174507  2.33701044  6.21941943 -0.76755433]", "nit": "25", "callback": [0.8818553926284156, 0.8668587708760915, 0.8348933969305636, 0.7929358554798778, 0.7509625744213576, 0.7225568556029675, 0.7106570730533832, 0.6920338408490552, 0.6803637031833196, 0.6777648028572237, 0.6764566658296237, 0.675994238776645, 0.6752371822620369, 0.6744385999581461, 0.6742394225564619, 0.6739376625145406, 0.6736731112892657, 0.6735455300553179, 0.6734956466937553, 0.6734867484960508, 0.6734839351049229, 0.6734820358475355, 0.6734814424754829, 0.6734813765460206, 0.6734813745028907]}, "1": {"maxiter": 100, "gtol": 1e-05, "xrtol": 1e-05, "eps": 1e-10, "duration": 0.07539582252502441, "fun": "0.6734813745019232", "jac": "[ 2.22044587e-06 -1.11022293e-06  1.11022293e-06  1.11022293e-06\n  0.00000000e+00  1.11022293e-06]", "hess_inv": "[[ 7.19940485  0.37198076  0.81515057 -1.21188288 -3.4532858  -3.85449931]\n [ 0.37198076 10.69693009 -2.93121855  3.47101221  1.05875481 -2.27766984]\n [ 0.81515057 -2.93121855  7.09135202 -1.49346428 -1.74403638 -1.31763032]\n [-1.21188288  3.47101221 -1.49346428  7.13651148  1.1051179  -0.04409446]\n [-3.4532858   1.05875481 -1.74403638  1.1051179  13.05028697  8.924455  ]\n [-3.85449931 -2.27766984 -1.31763032 -0.04409446  8.924455   13.220656  ]]", "nfev": "210", "njev": "30", "status": "0", "success": "True", "message": "Optimization terminated successfully.", "x": "[ 5.09662727  1.49820745  4.99174356  2.33700316  6.21942296 -0.76755107]", "nit": "25", "callback": [0.8818549290562486, 0.8668581860452111, 0.834892151696409, 0.7929349506089112, 0.7509615715017258, 0.7225554865777936, 0.7106560153041862, 0.6920335214257078, 0.6803646209023105, 0.6777652258532842, 0.6764572222987124, 0.6759947481504862, 0.6752376411968005, 0.6744389960994128, 0.674239707118865, 0.6739378512903449, 0.6736733017843977, 0.6735455287496486, 0.6734956519466184, 0.6734867388268012, 0.6734839341675627, 0.6734820295159654, 0.6734814444550472, 0.6734813764603333, 0.6734813745019232]}, "2": {"maxiter": 100, "gtol": 1e-05, "xrtol": 1e-10, "eps": 1e-05, "duration": 0.07080197334289551, "fun": "0.6734813745028907", "jac": "[ 1.11487486e-06 -6.31783514e-07  8.76465567e-07  1.93317584e-06\n -8.20410406e-07  1.01751940e-06]", "hess_inv": "[[ 7.22861448  0.40721608  0.83285438 -1.1878785  -3.35931259 -3.80650624]\n [ 0.40721608 10.57679801 -2.84935404  3.31955459  0.97686924 -2.34435234]\n [ 0.83285438 -2.84935404  7.07454705 -1.41090169 -1.61106614 -1.2385568 ]\n [-1.1878785   3.31955459 -1.41090169  6.99038266  0.99329222 -0.098777  ]\n [-3.35931259  0.97686924 -1.61106614  0.99329222 13.13273718  8.95017935]\n [-3.80650624 -2.34435234 -1.2385568  -0.098777    8.95017935 13.24734955]]", "nfev": "210", "njev": "30", "status": "0", "success": "True", "message": "Optimization terminated successfully.", "x": "[ 5.09662751  1.49821243  4.99174507  2.33701044  6.21941943 -0.76755433]", "nit": "25", "callback": [0.8818553926284156, 0.8668587708760915, 0.8348933969305636, 0.7929358554798778, 0.7509625744213576, 0.7225568556029675, 0.7106570730533832, 0.6920338408490552, 0.6803637031833196, 0.6777648028572237, 0.6764566658296237, 0.675994238776645, 0.6752371822620369, 0.6744385999581461, 0.6742394225564619, 0.6739376625145406, 0.6736731112892657, 0.6735455300553179, 0.6734956466937553, 0.6734867484960508, 0.6734839351049229, 0.6734820358475355, 0.6734814424754829, 0.6734813765460206, 0.6734813745028907]}, "3": {"maxiter": 100, "gtol": 1e-05, "xrtol": 1e-10, "eps": 1e-10, "duration": 0.07674694061279297, "fun": "0.6734813745019232", "jac": "[ 2.22044587e-06 -1.11022293e-06  1.11022293e-06  1.11022293e-06\n  0.00000000e+00  1.11022293e-06]", "hess_inv": "[[ 7.19940485  0.37198076  0.81515057 -1.21188288 -3.4532858  -3.85449931]\n [ 0.37198076 10.69693009 -2.93121855  3.47101221  1.05875481 -2.27766984]\n [ 0.81515057 -2.93121855  7.09135202 -1.49346428 -1.74403638 -1.31763032]\n [-1.21188288  3.47101221 -1.49346428  7.13651148  1.1051179  -0.04409446]\n [-3.4532858   1.05875481 -1.74403638  1.1051179  13.05028697  8.924455  ]\n [-3.85449931 -2.27766984 -1.31763032 -0.04409446  8.924455   13.220656  ]]", "nfev": "210", "njev": "30", "status": "0", "success": "True", "message": "Optimization terminated successfully.", "x": "[ 5.09662727  1.49820745  4.99174356  2.33700316  6.21942296 -0.76755107]", "nit": "25", "callback": [0.8818549290562486, 0.8668581860452111, 0.834892151696409, 0.7929349506089112, 0.7509615715017258, 0.7225554865777936, 0.7106560153041862, 0.6920335214257078, 0.6803646209023105, 0.6777652258532842, 0.6764572222987124, 0.6759947481504862, 0.6752376411968005, 0.6744389960994128, 0.674239707118865, 0.6739378512903449, 0.6736733017843977, 0.6735455287496486, 0.6734956519466184, 0.6734867388268012, 0.6734839341675627, 0.6734820295159654, 0.6734814444550472, 0.6734813764603333, 0.6734813745019232]}, "4": {"maxiter": 100, "gtol": 1e-10, "xrtol": 1e-05, "eps": 1e-05, "duration": 0.07352495193481445, "fun": "0.6734813744910372", "jac": "[ 4.11559675e-08 -2.07389661e-08  1.40820688e-07  5.06816811e-08\n -3.58602037e-09 -1.33559830e-08]", "hess_inv": "[[ 7.21840666  0.45213323  0.7659511  -1.00185605 -3.43092455 -3.77109453]\n [ 0.45213323 10.48267803 -2.72084918  3.11642235  1.04008026 -2.37945811]\n [ 0.7659511  -2.72084918  6.9018651  -1.17780189 -1.67678579 -1.19989251]\n [-1.00185605  3.11642235 -1.17780189  7.25872401  0.80089707 -0.02651465]\n [-3.43092455  1.04008026 -1.67678579  0.80089707 13.24326989  8.90488509]\n [-3.77109453 -2.37945811 -1.19989251 -0.02651465  8.90488509 13.26526014]]", "nfev": "217", "njev": "31", "status": "0", "success": "True", "message": "Optimization terminated successfully.", "x": "[ 5.09662204  1.49821819  4.99173857  2.33700121  6.21942564 -0.76755671]", "nit": "26", "callback": [0.8818553926284156, 0.8668587708760915, 0.8348933969305636, 0.7929358554798778, 0.7509625744213576, 0.7225568556029675, 0.7106570730533832, 0.6920338408490552, 0.6803637031833196, 0.6777648028572237, 0.6764566658296237, 0.675994238776645, 0.6752371822620369, 0.6744385999581461, 0.6742394225564619, 0.6739376625145406, 0.6736731112892657, 0.6735455300553179, 0.6734956466937553, 0.6734867484960508, 0.6734839351049229, 0.6734820358475355, 0.6734814424754829, 0.6734813765460206, 0.6734813745028907, 0.6734813744910372]}, "5": {"maxiter": 100, "gtol": 1e-10, "xrtol": 1e-05, "eps": 1e-10, "duration": 0.0709230899810791, "fun": "0.6734813744967268", "jac": "[ 0.00000000e+00 -1.11022293e-06 -1.11022293e-06  0.00000000e+00\n -1.11022293e-06 -1.11022293e-06]", "hess_inv": "[[ 7.2483985   0.45393358  0.73416005 -0.82600646 -3.52083813 -3.74214911]\n [ 0.45393358 10.41768568 -2.69551297  2.96902705  1.15061844 -2.32712135]\n [ 0.73416005 -2.69551297  6.89430808 -1.10833441 -1.81501093 -1.29171488]\n [-0.82600646  2.96902705 -1.10833441  7.01319141  1.13768985  0.18652863]\n [-3.52083813  1.15061844 -1.81501093  1.13768985 13.04262396  8.88635384]\n [-3.74214911 -2.32712135 -1.29171488  0.18652863  8.88635384 13.34294219]]", "nfev": "224", "njev": "32", "status": "0", "success": "True", "message": "Optimization terminated successfully.", "x": "[ 5.09662244  1.49821293  4.99173946  2.33700246  6.21942296 -0.76755442]", "nit": "26", "callback": [0.8818549290562486, 0.8668581860452111, 0.834892151696409, 0.7929349506089112, 0.7509615715017258, 0.7225554865777936, 0.7106560153041862, 0.6920335214257078, 0.6803646209023105, 0.6777652258532842, 0.6764572222987124, 0.6759947481504862, 0.6752376411968005, 0.6744389960994128, 0.674239707118865, 0.6739378512903449, 0.6736733017843977, 0.6735455287496486, 0.6734956519466184, 0.6734867388268012, 0.6734839341675627, 0.6734820295159654, 0.6734814444550472, 0.6734813764603333, 0.6734813745019232, 0.6734813744967268]}, "6": {"maxiter": 100, "gtol": 1e-10, "xrtol": 1e-10, "eps": 1e-05, "duration": 0.08561515808105469, "fun": "0.6734813744908854", "jac": "[-2.22044605e-11  4.44089210e-11  0.00000000e+00 -3.33066907e-11\n -1.11022302e-11  0.00000000e+00]", "hess_inv": "[[ 7.13756351  0.42309108  0.86055092 -0.98580896 -3.61946715 -4.03360651]\n [ 0.42309108 10.60543174 -3.07600045  3.07159802  1.35857151 -1.99994614]\n [ 0.86055092 -3.07600045  7.82516924 -0.98944596 -2.53520749 -2.14605475]\n [-0.98580896  3.07159802 -0.98944596  7.20621946  0.68668983 -0.22534547]\n [-3.61946715  1.35857151 -2.53520749  0.68668983 13.88368983  9.600649  ]\n [-4.03360651 -1.99994614 -2.14605475 -0.22534547  9.600649   13.93106709]]", "nfev": "252", "njev": "36", "status": "0", "success": "True", "message": "Optimization terminated successfully.", "x": "[ 5.09662161  1.49821865  4.99173738  2.33700109  6.21942632 -0.76755606]", "nit": "30", "callback": [0.8818553926284156, 0.8668587708760915, 0.8348933969305636, 0.7929358554798778, 0.7509625744213576, 0.7225568556029675, 0.7106570730533832, 0.6920338408490552, 0.6803637031833196, 0.6777648028572237, 0.6764566658296237, 0.675994238776645, 0.6752371822620369, 0.6744385999581461, 0.6742394225564619, 0.6739376625145406, 0.6736731112892657, 0.6735455300553179, 0.6734956466937553, 0.6734867484960508, 0.6734839351049229, 0.6734820358475355, 0.6734814424754829, 0.6734813765460206, 0.6734813745028907, 0.6734813744910372, 0.6734813744910246, 0.6734813744909864, 0.6734813744908901, 0.6734813744908854]}, "7": {"maxiter": 100, "gtol": 1e-10, "xrtol": 1e-10, "eps": 1e-10, "duration": 0.1567239761352539, "fun": "0.6734813744814285", "jac": "[0.00000000e+00 2.22044587e-06 0.00000000e+00 0.00000000e+00\n 0.00000000e+00 0.00000000e+00]", "hess_inv": "[[  1.73890805  -1.48074044   1.44653276  -1.02379472  -2.06556253\n   -0.46986697]\n [ -1.48074044   3.63004194  -0.63718211  -0.08821893   4.03631449\n   -0.04945612]\n [  1.44653276  -0.63718211  13.38800492  -0.6919469  -12.98876525\n  -12.89846832]\n [ -1.02379472  -0.08821893  -0.6919469    2.27054613   0.69164827\n   -0.23130702]\n [ -2.06556253   4.03631449 -12.98876525   0.69164827  18.56290828\n   12.73547668]\n [ -0.46986697  -0.04945612 -12.89846832  -0.23130702  12.73547668\n   16.25857276]]", "nfev": "485", "njev": "68", "status": "0", "success": "True", "message": "Optimization terminated successfully.", "x": "[ 5.09661808  1.49822888  4.99173146  2.33700381  6.21944212 -0.76754677]", "nit": "31", "callback": [0.8818549290562486, 0.8668581860452111, 0.834892151696409, 0.7929349506089112, 0.7509615715017258, 0.7225554865777936, 0.7106560153041862, 0.6920335214257078, 0.6803646209023105, 0.6777652258532842, 0.6764572222987124, 0.6759947481504862, 0.6752376411968005, 0.6744389960994128, 0.674239707118865, 0.6739378512903449, 0.6736733017843977, 0.6735455287496486, 0.6734956519466184, 0.6734867388268012, 0.6734839341675627, 0.6734820295159654, 0.6734814444550472, 0.6734813764603333, 0.6734813745019232, 0.6734813744967268, 0.6734813744896962, 0.6734813744830785, 0.67348137448184, 0.6734813744814286, 0.6734813744814285]}, "8": {"maxiter": 500, "gtol": 1e-05, "xrtol": 1e-05, "eps": 1e-05, "duration": 0.06507992744445801, "fun": "0.6734813745028907", "jac": "[ 1.11487486e-06 -6.31783514e-07  8.76465567e-07  1.93317584e-06\n -8.20410406e-07  1.01751940e-06]", "hess_inv": "[[ 7.22861448  0.40721608  0.83285438 -1.1878785  -3.35931259 -3.80650624]\n [ 0.40721608 10.57679801 -2.84935404  3.31955459  0.97686924 -2.34435234]\n [ 0.83285438 -2.84935404  7.07454705 -1.41090169 -1.61106614 -1.2385568 ]\n [-1.1878785   3.31955459 -1.41090169  6.99038266  0.99329222 -0.098777  ]\n [-3.35931259  0.97686924 -1.61106614  0.99329222 13.13273718  8.95017935]\n [-3.80650624 -2.34435234 -1.2385568  -0.098777    8.95017935 13.24734955]]", "nfev": "210", "njev": "30", "status": "0", "success": "True", "message": "Optimization terminated successfully.", "x": "[ 5.09662751  1.49821243  4.99174507  2.33701044  6.21941943 -0.76755433]", "nit": "25", "callback": [0.8818553926284156, 0.8668587708760915, 0.8348933969305636, 0.7929358554798778, 0.7509625744213576, 0.7225568556029675, 0.7106570730533832, 0.6920338408490552, 0.6803637031833196, 0.6777648028572237, 0.6764566658296237, 0.675994238776645, 0.6752371822620369, 0.6744385999581461, 0.6742394225564619, 0.6739376625145406, 0.6736731112892657, 0.6735455300553179, 0.6734956466937553, 0.6734867484960508, 0.6734839351049229, 0.6734820358475355, 0.6734814424754829, 0.6734813765460206, 0.6734813745028907]}, "9": {"maxiter": 500, "gtol": 1e-05, "xrtol": 1e-05, "eps": 1e-10, "duration": 0.0746009349822998, "fun": "0.6734813745019232", "jac": "[ 2.22044587e-06 -1.11022293e-06  1.11022293e-06  1.11022293e-06\n  0.00000000e+00  1.11022293e-06]", "hess_inv": "[[ 7.19940485  0.37198076  0.81515057 -1.21188288 -3.4532858  -3.85449931]\n [ 0.37198076 10.69693009 -2.93121855  3.47101221  1.05875481 -2.27766984]\n [ 0.81515057 -2.93121855  7.09135202 -1.49346428 -1.74403638 -1.31763032]\n [-1.21188288  3.47101221 -1.49346428  7.13651148  1.1051179  -0.04409446]\n [-3.4532858   1.05875481 -1.74403638  1.1051179  13.05028697  8.924455  ]\n [-3.85449931 -2.27766984 -1.31763032 -0.04409446  8.924455   13.220656  ]]", "nfev": "210", "njev": "30", "status": "0", "success": "True", "message": "Optimization terminated successfully.", "x": "[ 5.09662727  1.49820745  4.99174356  2.33700316  6.21942296 -0.76755107]", "nit": "25", "callback": [0.8818549290562486, 0.8668581860452111, 0.834892151696409, 0.7929349506089112, 0.7509615715017258, 0.7225554865777936, 0.7106560153041862, 0.6920335214257078, 0.6803646209023105, 0.6777652258532842, 0.6764572222987124, 0.6759947481504862, 0.6752376411968005, 0.6744389960994128, 0.674239707118865, 0.6739378512903449, 0.6736733017843977, 0.6735455287496486, 0.6734956519466184, 0.6734867388268012, 0.6734839341675627, 0.6734820295159654, 0.6734814444550472, 0.6734813764603333, 0.6734813745019232]}, "10": {"maxiter": 500, "gtol": 1e-05, "xrtol": 1e-10, "eps": 1e-05, "duration": 0.0726480484008789, "fun": "0.6734813745028907", "jac": "[ 1.11487486e-06 -6.31783514e-07  8.76465567e-07  1.93317584e-06\n -8.20410406e-07  1.01751940e-06]", "hess_inv": "[[ 7.22861448  0.40721608  0.83285438 -1.1878785  -3.35931259 -3.80650624]\n [ 0.40721608 10.57679801 -2.84935404  3.31955459  0.97686924 -2.34435234]\n [ 0.83285438 -2.84935404  7.07454705 -1.41090169 -1.61106614 -1.2385568 ]\n [-1.1878785   3.31955459 -1.41090169  6.99038266  0.99329222 -0.098777  ]\n [-3.35931259  0.97686924 -1.61106614  0.99329222 13.13273718  8.95017935]\n [-3.80650624 -2.34435234 -1.2385568  -0.098777    8.95017935 13.24734955]]", "nfev": "210", "njev": "30", "status": "0", "success": "True", "message": "Optimization terminated successfully.", "x": "[ 5.09662751  1.49821243  4.99174507  2.33701044  6.21941943 -0.76755433]", "nit": "25", "callback": [0.8818553926284156, 0.8668587708760915, 0.8348933969305636, 0.7929358554798778, 0.7509625744213576, 0.7225568556029675, 0.7106570730533832, 0.6920338408490552, 0.6803637031833196, 0.6777648028572237, 0.6764566658296237, 0.675994238776645, 0.6752371822620369, 0.6744385999581461, 0.6742394225564619, 0.6739376625145406, 0.6736731112892657, 0.6735455300553179, 0.6734956466937553, 0.6734867484960508, 0.6734839351049229, 0.6734820358475355, 0.6734814424754829, 0.6734813765460206, 0.6734813745028907]}, "11": {"maxiter": 500, "gtol": 1e-05, "xrtol": 1e-10, "eps": 1e-10, "duration": 0.08059120178222656, "fun": "0.6734813745019232", "jac": "[ 2.22044587e-06 -1.11022293e-06  1.11022293e-06  1.11022293e-06\n  0.00000000e+00  1.11022293e-06]", "hess_inv": "[[ 7.19940485  0.37198076  0.81515057 -1.21188288 -3.4532858  -3.85449931]\n [ 0.37198076 10.69693009 -2.93121855  3.47101221  1.05875481 -2.27766984]\n [ 0.81515057 -2.93121855  7.09135202 -1.49346428 -1.74403638 -1.31763032]\n [-1.21188288  3.47101221 -1.49346428  7.13651148  1.1051179  -0.04409446]\n [-3.4532858   1.05875481 -1.74403638  1.1051179  13.05028697  8.924455  ]\n [-3.85449931 -2.27766984 -1.31763032 -0.04409446  8.924455   13.220656