{"date": "2024/09/24/, 06:18:57", "conf_id": 304, "data_type": "var_s_rank\n", "num_data_points": 4, "s_rank": 0, "unitary": "[[-0.24866696+0.58742286j,-0.44704345-0.43151574j,-0.35669027-0.20570733j,-0.10517633+0.1626036j],[0.10596805-0.19687975j,-0.30269685-0.15056416j,0.18246286+0.30440582j,-0.83484447-0.11310748j],[0.26054512-0.52548482j,0.0285017-0.50723956j,-0.43110112+0.17165838j,0.15243271+0.39915801j],[0.42978035+0.11991271j,-0.17224126-0.46030424j,0.6827807-0.15164662j,0.26483638+0.0061855j]]", "databatch_0": {"databatch": "[[[-1.35009199e-01-0.08451137j,-1.97424357e-01-0.03758283j,-1.26398498e-02-0.11733843j,1.03007922e-01+0.19578212j],[5.38786359e-02-0.17536267j,-1.69039098e-02-0.23085373j,1.26803374e-01-0.04896592j,-1.87208666e-01+0.17285141j],[3.50557656e-01+0.11799993j,4.66197916e-01-0.0216875j,9.18903880e-02+0.2582017j,-3.38344486e-01-0.38659509j],[-2.71747923e-02+0.02559773j,-2.02378549e-02+0.04253516j,-2.73563084e-02-0.00409733j,5.05060659e-02-0.01173821j]],[[1.09610037e-01+0.18163853j,-2.24357380e-01+0.31166887j,-1.66364461e-01+0.05337279j,-1.60662302e-01+0.44421631j],[-8.45884504e-02-0.05345757j,2.88013504e-02-0.17882872j,5.88924941e-02-0.05764461j,-2.60548603e-02-0.22127889j],[-1.75604461e-01+0.07786171j,-2.54530994e-01-0.23690038j,-2.90748331e-02-0.15550411j,-3.80827238e-01-0.19471674j],[5.60519066e-02+0.07627654j,-8.70852656e-02+0.14756376j,-7.17643560e-02+0.03044532j,-5.34211685e-02+0.20388415j]],[[-1.95873097e-01+0.3628445j,1.86935310e-01-0.15045877j,-1.92300202e-01-0.2397514j,-1.15754081e-01-0.15214282j],[-3.23399616e-01-0.25474601j,1.16016581e-01+0.20961886j,2.68729488e-01-0.14813777j,1.69458028e-01-0.08783189j],[-6.96840482e-02-0.22568791j,-1.35338528e-02+0.13679152j,1.75171762e-01+0.01763097j,1.08642202e-01+0.01375381j],[-1.06356927e-02+0.28054178j,6.89966971e-02-0.14809754j,-1.89531999e-01-0.08869174j,-1.16439398e-01-0.05816871j]],[[-5.21436611e-02+0.18560041j,-1.52289740e-01+0.05555405j,5.02206003e-02+0.13699895j,1.09199607e-01-0.08502688j],[-2.26433094e-01-0.32160087j,1.08313719e-01-0.31248606j,-2.81425613e-01-0.09705158j,-6.17540139e-03+0.28228996j],[-3.29440035e-04-0.39690343j,2.70747540e-01-0.19513713j,-1.76028713e-01-0.24342633j,-1.68900773e-01+0.22947439j],[-7.10262352e-02+0.05749942j,-7.41263750e-02-0.02024252j,-1.81154834e-02+0.06675065j,6.55357762e-02-0.00296462j]]]", "initial param values": "[0.50391264,6.2780034,5.07177749,1.00825777,2.50705031,5.89049267]", "nelder_mead": {"type": "gradient-free", "0": {"maxiter": 100, "fatol": 1e-05, "xatol": 1e-05, "duration": 0.03701138496398926, "fun": "0.3196623626175885", "nit": "100", "nfev": "151", "status": "2", "success": "False", "message": "Maximum number of iterations has been exceeded.", "x": "[0.64580785 7.7245298  6.53073512 1.18329566 1.08748698 8.55181038]", "final_simplex": "(array([[0.64580785, 7.7245298 , 6.53073512, 1.18329566, 1.08748698,\n        8.55181038],\n       [0.63413191, 7.62543711, 6.60003378, 1.11287472, 1.15366043,\n        8.51910257],\n       [0.63690088, 7.45524762, 6.81747575, 1.02254514, 1.15566794,\n        8.69945362],\n       [0.64151365, 7.36778217, 7.01934092, 1.05137846, 0.98734574,\n        8.8158465 ],\n       [0.63823885, 7.74651796, 6.53285702, 1.07239628, 1.19129467,\n        8.55824793],\n       [0.63659999, 7.39096011, 6.80590359, 1.02297692, 1.12487132,\n        8.76886649],\n       [0.63194763, 7.54070198, 6.87992483, 1.04333749, 1.05260249,\n        8.73591131]]), array([0.31966236, 0.32166225, 0.32228913, 0.32313636, 0.32313649,\n       0.32384943, 0.32395378]))", "callback": [0.6212583301726777, 0.5219906917799719, 0.47811671476103856, 0.42437859563780045, 0.3901308530942801, 0.3849879903807093, 0.35265205883145634, 0.3378368174257136, 0.32228913239910173]}, "1": {"maxiter": 100, "fatol": 1e-05, "xatol": 1e-10, "duration": 0.03515481948852539, "fun": "0.3196623626175885", "nit": "100", "nfev": "151", "status": "2", "success": "False", "message": "Maximum number of iterations has been exceeded.", "x": "[0.64580785 7.7245298  6.53073512 1.18329566 1.08748698 8.55181038]", "final_simplex": "(array([[0.64580785, 7.7245298 , 6.53073512, 1.18329566, 1.08748698,\n        8.55181038],\n       [0.63413191, 7.62543711, 6.60003378, 1.11287472, 1.15366043,\n        8.51910257],\n       [0.63690088, 7.45524762, 6.81747575, 1.02254514, 1.15566794,\n        8.69945362],\n       [0.64151365, 7.36778217, 7.01934092, 1.05137846, 0.98734574,\n        8.8158465 ],\n       [0.63823885, 7.74651796, 6.53285702, 1.07239628, 1.19129467,\n        8.55824793],\n       [0.63659999, 7.39096011, 6.80590359, 1.02297692, 1.12487132,\n        8.76886649],\n       [0.63194763, 7.54070198, 6.87992483, 1.04333749, 1.05260249,\n        8.73591131]]), array([0.31966236, 0.32166225, 0.32228913, 0.32313636, 0.32313649,\n       0.32384943, 0.32395378]))", "callback": [0.6212583301726777, 0.5219906917799719, 0.47811671476103856, 0.42437859563780045, 0.3901308530942801, 0.3849879903807093, 0.35265205883145634, 0.3378368174257136, 0.32228913239910173]}, "2": {"maxiter": 100, "fatol": 1e-10, "xatol": 1e-05, "duration": 0.03492617607116699, "fun": "0.3196623626175885", "nit": "100", "nfev": "151", "status": "2", "success": "False", "message": "Maximum number of iterations has been exceeded.", "x": "[0.64580785 7.7245298  6.53073512 1.18329566 1.08748698 8.55181038]", "final_simplex": "(array([[0.64580785, 7.7245298 , 6.53073512, 1.18329566, 1.08748698,\n        8.55181038],\n       [0.63413191, 7.62543711, 6.60003378, 1.11287472, 1.15366043,\n        8.51910257],\n       [0.63690088, 7.45524762, 6.81747575, 1.02254514, 1.15566794,\n        8.69945362],\n       [0.64151365, 7.36778217, 7.01934092, 1.05137846, 0.98734574,\n        8.8158465 ],\n       [0.63823885, 7.74651796, 6.53285702, 1.07239628, 1.19129467,\n        8.55824793],\n       [0.63659999, 7.39096011, 6.80590359, 1.02297692, 1.12487132,\n        8.76886649],\n       [0.63194763, 7.54070198, 6.87992483, 1.04333749, 1.05260249,\n        8.73591131]]), array([0.31966236, 0.32166225, 0.32228913, 0.32313636, 0.32313649,\n       0.32384943, 0.32395378]))", "callback": [0.6212583301726777, 0.5219906917799719, 0.47811671476103856, 0.42437859563780045, 0.3901308530942801, 0.3849879903807093, 0.35265205883145634, 0.3378368174257136, 0.32228913239910173]}, "3": {"maxiter": 100, "fatol": 1e-10, "xatol": 1e-10, "duration": 0.033702850341796875, "fun": "0.3196623626175885", "nit": "100", "nfev": "151", "status": "2", "success": "False", "message": "Maximum number of iterations has been exceeded.", "x": "[0.64580785 7.7245298  6.53073512 1.18329566 1.08748698 8.55181038]", "final_simplex": "(array([[0.64580785, 7.7245298 , 6.53073512, 1.18329566, 1.08748698,\n        8.55181038],\n       [0.63413191, 7.62543711, 6.60003378, 1.11287472, 1.15366043,\n        8.51910257],\n       [0.63690088, 7.45524762, 6.81747575, 1.02254514, 1.15566794,\n        8.69945362],\n       [0.64151365, 7.36778217, 7.01934092, 1.05137846, 0.98734574,\n        8.8158465 ],\n       [0.63823885, 7.74651796, 6.53285702, 1.07239628, 1.19129467,\n        8.55824793],\n       [0.63659999, 7.39096011, 6.80590359, 1.02297692, 1.12487132,\n        8.76886649],\n       [0.63194763, 7.54070198, 6.87992483, 1.04333749, 1.05260249,\n        8.73591131]]), array([0.31966236, 0.32166225, 0.32228913, 0.32313636, 0.32313649,\n       0.32384943, 0.32395378]))", "callback": [0.6212583301726777, 0.5219906917799719, 0.47811671476103856, 0.42437859563780045, 0.3901308530942801, 0.3849879903807093, 0.35265205883145634, 0.3378368174257136, 0.32228913239910173]}, "4": {"maxiter": 500, "fatol": 1e-05, "xatol": 1e-05, "duration": 0.1715099811553955, "fun": "0.26955049821179755", "nit": "499", "nfev": "763", "status": "0", "success": "True", "message": "Optimization terminated successfully.", "x": "[0.37292991 6.42491761 8.33322167 1.74188632 1.4069735  9.21976275]", "final_simplex": "(array([[0.37292991, 6.42491761, 8.33322167, 1.74188632, 1.4069735 ,\n        9.21976275],\n       [0.37293108, 6.4249151 , 8.33322929, 1.7418877 , 1.40697113,\n        9.21976577],\n       [0.37292967, 6.42491237, 8.33322988, 1.74188732, 1.40697517,\n        9.21976439],\n       [0.37293252, 6.42491769, 8.33322434, 1.74188649, 1.40697631,\n        9.21976575],\n       [0.37293041, 6.42491883, 8.3332223 , 1.7418841 , 1.40697543,\n        9.21976681],\n       [0.37292521, 6.42492709, 8.33321526, 1.74188915, 1.40697455,\n        9.21975928],\n       [0.37293061, 6.42491268, 8.33322653, 1.74188823, 1.40697684,\n        9.2197651 ]]), array([0.2695505, 0.2695505, 0.2695505, 0.2695505, 0.2695505, 0.2695505,\n       0.2695505]))", "callback": [0.6212583301726777, 0.5219906917799719, 0.47811671476103856, 0.42437859563780045, 0.3901308530942801, 0.3849879903807093, 0.35265205883145634, 0.3378368174257136, 0.32228913239910173, 0.3196623626175885, 0.31809471283192914, 0.3166417254688698, 0.3151215804057943, 0.3102577254249371, 0.30477526709282543, 0.302560899733446, 0.30209448810704265, 0.30176208414186123, 0.30120792605395963, 0.29965253633857114, 0.29697599587158097, 0.2860860896415284, 0.2834116000616441, 0.2762558755678086, 0.27409049438113686, 0.2721355488599211, 0.27169889907266076, 0.2714045314546496, 0.27059832831037245, 0.2700994967986158, 0.2697241643748436, 0.26964252977997794, 0.2695819606524854, 0.26956441686429, 0.26955485786319633, 0.26955219243604844, 0.26955104474758873, 0.26955096472549367, 0.2695506505511893, 0.26955051760427673, 0.269550513263081, 0.2695505016241164, 0.26955049947583376, 0.26955049838844136, 0.2695504983627466, 0.2695504982528161, 0.26955049823153954, 0.26955049822213795, 0.26955049821416444]}, "5": {"maxiter": 500, "fatol": 1e-05, "xatol": 1e-10, "duration": 0.17178773880004883, "fun": "0.26955049821179755", "nit": "500", "nfev": "764", "status": "2", "success": "False", "message": "Maximum number of iterations has been exceeded.", "x": "[0.37292991 6.42491761 8.33322167 1.74188632 1.4069735  9.21976275]", "final_simplex": "(array([[0.37292991, 6.42491761, 8.33322167, 1.74188632, 1.4069735 ,\n        9.21976275],\n       [0.37293108, 6.4249151 , 8.33322929, 1.7418877 , 1.40697113,\n        9.21976577],\n       [0.37292899, 6.42492356, 8.33322106, 1.74188546, 1.40697186,\n        9.21976315],\n       [0.37292967, 6.42491237, 8.33322988, 1.74188732, 1.40697517,\n        9.21976439],\n       [0.37293252, 6.42491769, 8.33322434, 1.74188649, 1.40697631,\n        9.21976575],\n       [0.37293041, 6.42491883, 8.3332223 , 1.7418841 , 1.40697543,\n        9.21976681],\n       [0.37292521, 6.42492709, 8.33321526, 1.74188915, 1.40697455,\n        9.21975928]]), array([0.2695505, 0.2695505, 0.2695505, 0.2695505, 0.2695505, 0.2695505,\n       0.2695505]))", "callback": [0.6212583301726777, 0.5219906917799719, 0.47811671476103856, 0.42437859563780045, 0.3901308530942801, 0.3849879903807093, 0.35265205883145634, 0.3378368174257136, 0.32228913239910173, 0.3196623626175885, 0.31809471283192914, 0.3166417254688698, 0.3151215804057943, 0.3102577254249371, 0.30477526709282543, 0.302560899733446, 0.30209448810704265, 0.30176208414186123, 0.30120792605395963, 0.29965253633857114, 0.29697599587158097, 0.2860860896415284, 0.2834116000616441, 0.2762558755678086, 0.27409049438113686, 0.2721355488599211, 0.27169889907266076, 0.2714045314546496, 0.27059832831037245, 0.2700994967986158, 0.2697241643748436, 0.26964252977997794, 0.2695819606524854, 0.26956441686429, 0.26955485786319633, 0.26955219243604844, 0.26955104474758873, 0.26955096472549367, 0.2695506505511893, 0.26955051760427673, 0.269550513263081, 0.2695505016241164, 0.26955049947583376, 0.26955049838844136, 0.2695504983627466, 0.2695504982528161, 0.26955049823153954, 0.26955049822213795, 0.26955049821416444]}, "6": {"maxiter": 500, "fatol": 1e-10, "xatol": 1e-05, "duration": 0.2892751693725586, "fun": "0.26955049821179755", "nit": "499", "nfev": "763", "status": "0", "success": "True", "message": "Optimization terminated successfully.", "x": "[0.37292991 6.42491761 8.33322167 1.74188632 1.4069735  9.21976275]", "final_simplex": "(array([[0.37292991, 6.42491761, 8.33322167, 1.74188632, 1.4069735 ,\n        9.21976275],\n       [0.37293108, 6.4249151 , 8.33322929, 1.7418877 , 1.40697113,\n        9.21976577],\n       [0.37292967, 6.42491237, 8.33322988, 1.74188732, 1.40697517,\n        9.21976439],\n       [0.37293252, 6.42491769, 8.33322434, 1.74188649, 1.40697631,\n        9.21976575],\n       [0.37293041, 6.42491883, 8.3332223 , 1.7418841 , 1.40697543,\n        9.21976681],\n       [0.37292521, 6.42492709, 8.33321526, 1.74188915, 1.40697455,\n        9.21975928],\n       [0.37293061, 6.42491268, 8.33322653, 1.74188823, 1.40697684,\n        9.2197651 ]]), array([0.2695505, 0.2695505, 0.2695505, 0.2695505, 0.2695505, 0.2695505,\n       0.2695505]))", "callback": [0.6212583301726777, 0.5219906917799719, 0.47811671476103856, 0.42437859563780045, 0.3901308530942801, 0.3849879903807093, 0.35265205883145634, 0.3378368174257136, 0.32228913239910173, 0.3196623626175885, 0.31809471283192914, 0.3166417254688698, 0.3151215804057943, 0.3102577254249371, 0.30477526709282543, 0.302560899733446, 0.30209448810704265, 0.30176208414186123, 0.30120792605395963, 0.29965253633857114, 0.29697599587158097, 0.2860860896415284, 0.2834116000616441, 0.2762558755678086, 0.27409049438113686, 0.2721355488599211, 0.27169889907266076, 0.2714045314546496, 0.27059832831037245, 0.2700994967986158, 0.2697241643748436, 0.26964252977997794, 0.2695819606524854, 0.26956441686429, 0.26955485786319633, 0.26955219243604844, 0.26955104474758873, 0.26955096472549367, 0.2695506505511893, 0.26955051760427673, 0.269550513263081, 0.2695505016241164, 0.26955049947583376, 0.26955049838844136, 0.2695504983627466, 0.2695504982528161, 0.26955049823153954, 0.26955049822213795, 0.26955049821416444]}, "7": {"maxiter": 500, "fatol": 1e-10, "xatol": 1e-10, "duration": 0.20912694931030273, "fun": "0.26955049821179755", "nit": "500", "nfev": "764", "status": "2", "success": "False", "message": "Maximum number of iterations has been exceeded.", "x": "[0.37292991 6.42491761 8.33322167 1.74188632 1.4069735  9.21976275]", "final_simplex": "(array([[0.37292991, 6.42491761, 8.33322167, 1.74188632, 1.4069735 ,\n        9.21976275],\n       [0.37293108, 6.4249151 , 8.33322929, 1.7418877 , 1.40697113,\n        9.21976577],\n       [0.37292899, 6.42492356, 8.33322106, 1.74188546, 1.40697186,\n        9.21976315],\n       [0.37292967, 6.42491237, 8.33322988, 1.74188732, 1.40697517,\n        9.21976439],\n       [0.37293252, 6.42491769, 8.33322434, 1.74188649, 1.40697631,\n        9.21976575],\n       [0.37293041, 6.42491883, 8.3332223 , 1.7418841 , 1.40697543,\n        9.21976681],\n       [0.37292521, 6.42492709, 8.33321526, 1.74188915, 1.40697455,\n        9.21975928]]), array([0.2695505, 0.2695505, 0.2695505, 0.2695505, 0.2695505, 0.2695505,\n       0.2695505]))", "callback": [0.6212583301726777, 0.5219906917799719, 0.47811671476103856, 0.42437859563780045, 0.3901308530942801, 0.3849879903807093, 0.35265205883145634, 0.3378368174257136, 0.32228913239910173, 0.3196623626175885, 0.31809471283192914, 0.3166417254688698, 0.3151215804057943, 0.3102577254249371, 0.30477526709282543, 0.302560899733446, 0.30209448810704265, 0.30176208414186123, 0.30120792605395963, 0.29965253633857114, 0.29697599587158097, 0.2860860896415284, 0.2834116000616441, 0.2762558755678086, 0.27409049438113686, 0.2721355488599211, 0.27169889907266076, 0.2714045314546496, 0.27059832831037245, 0.2700994967986158, 0.2697241643748436, 0.26964252977997794, 0.2695819606524854, 0.26956441686429, 0.26955485786319633, 0.26955219243604844, 0.26955104474758873, 0.26955096472549367, 0.2695506505511893, 0.26955051760427673, 0.269550513263081, 0.2695505016241164, 0.26955049947583376, 0.26955049838844136, 0.2695504983627466, 0.2695504982528161, 0.26955049823153954, 0.26955049822213795, 0.26955049821416444]}, "8": {"maxiter": 1000, "fatol": 1e-05, "xatol": 1e-05, "duration": 0.18034887313842773, "fun": "0.26955049821179755", "nit": "499", "nfev": "763", "status": "0", "success": "True", "message": "Optimization terminated successfully.", "x": "[0.37292991 6.42491761 8.33322167 1.74188632 1.4069735  9.21976275]", "final_simplex": "(array([[0.37292991, 6.42491761, 8.33322167, 1.74188632, 1.4069735 ,\n        9.21976275],\n       [0.37293108, 6.4249151 , 8.33322929, 1.7418877 , 1.40697113,\n        9.21976577],\n       [0.37292967, 6.42491237, 8.33322988, 1.74188732, 1.40697517,\n        9.21976439],\n       [0.37293252, 6.42491769, 8.33322434, 1.74188649, 1.40697631,\n        9.21976575],\n       [0.37293041, 6.42491883, 8.3332223 , 1.7418841 , 1.40697543,\n        9.21976681],\n       [0.37292521, 6.42492709, 8.33321526, 1.74188915, 1.40697455,\n        9.21975928],\n       [0.37293061, 6.42491268, 8.33322653, 1.74188823, 1.40697684,\n        9.2197651 ]]), array([0.2695505, 0.2695505, 0.2695505, 0.2695505, 0.2695505, 0.2695505,\n       0.2695505]))", "callback": [0.6212583301726777, 0.5219906917799719, 0.47811671476103856, 0.42437859563780045, 0.3901308530942801, 0.3849879903807093, 0.35265205883145634, 0.3378368174257136, 0.32228913239910173, 0.3196623626175885, 0.31809471283192914, 0.3166417254688698, 0.3151215804057943, 0.3102577254249371, 0.30477526709282543, 0.302560899733446, 0.30209448810704265, 0.30176208414186123, 0.30120792605395963, 0.29965253633857114, 0.29697599587158097, 0.2860860896415284, 0.2834116000616441, 0.2762558755678086, 0.27409049438113686, 0.2721355488599211, 0.27169889907266076, 0.2714045314546496, 0.27059832831037245, 0.2700994967986158, 0.2697241643748436, 0.26964252977997794, 0.2695819606524854, 0.26956441686429, 0.26955485786319633, 0.26955219243604844, 0.26955104474758873, 0.26955096472549367, 0.2695506505511893, 0.26955051760427673, 0.269550513263081, 0.2695505016241164, 0.26955049947583376, 0.26955049838844136, 0.2695504983627466, 0.2695504982528161, 0.26955049823153954, 0.26955049822213795, 0.26955049821416444]}, "9": {"maxiter": 1000, "fatol": 1e-05, "xatol": 1e-10, "duration": 0.28926610946655273, "fun": "0.26955049821038024", "nit": "617", "nfev": "1020", "status": "0", "success": "True", "message": "Optimization terminated successfully.", "x": "[0.37293106 6.42492598 8.33321481 1.74188495 1.40697047 9.21976232]", "final_simplex": "(array([[0.37293106, 6.42492598, 8.33321481, 1.74188495, 1.40697047,\n        9.21976232],\n       [0.37293106, 6.42492598, 8.33321481, 1.74188495, 1.40697047,\n        9.21976232],\n       [0.37293106, 6.42492598, 8.33321481, 1.74188495, 1.40697047,\n        9.21976232],\n       [0.37293106, 6.42492598, 8.33321481, 1.74188495, 1.40697047,\n        9.21976232],\n       [0.37293106, 6.42492598, 8.33321481, 1.74188495, 1.40697047,\n        9.21976232],\n       [0.37293106, 6.42492598, 8.33321481, 1.74188495, 1.40697047,\n        9.21976232],\n       [0.37293106, 6.42492598, 8.33321481, 1.74188495, 1.40697047,\n        9.21976232]]), array([0.2695505, 0.2695505, 0.2695505, 0.2695505, 0.2695505, 0.2695505,\n       0.2695505]))", "callback": [0.6212583301726777, 0.5219906917799719, 0.47811671476103856, 0.42437859563780045, 0.3901308530942801, 0.3849879903807093, 0.35265205883145634, 0.3378368174257136, 0.32228913239910173, 0.3196623626175885, 0.31809471283192914, 0.3166417254688698, 0.3151215804057943, 0.3102577254249371, 0.30477526709282543, 0.302560899733446, 0.30209448810704265, 0.30176208414186123, 0.30120792605395963, 0.29965253633857114, 0.29697599587158097, 0.2860860896415284, 0.2834116000616441, 0.2762558755678086, 0.27409049438113686, 0.2721355488599211, 0.27169889907266076, 0.2714045314546496, 0.27059832831037245, 0.2700994967986158, 0.2697241643748436, 0.26964252977997794, 0.2695819606524854, 0.26956441686429, 0.26955485786319633, 0.26955219243604844, 0.26955104474758873, 0.26955096472549367, 0.2695506505511893, 0.26955051760427673, 0.269550513263081, 0.2695505016241164, 0.26955049947583376, 0.26955049838844136, 0.2695504983627466, 0.2695504982528161, 0.26955049823153954, 0.26955049822213795, 0.26955049821416444, 0.26955049821179755, 0.2695504982109993, 0.2695504982105197, 0.2695504982104181, 0.2695504982103961, 0.26955049821038446, 0.2695504982103827, 0.2695504982103816, 0.2695504982103809, 0.26955049821038046, 0.26955049821038024, 0.26955049821038024]}, "10": {"maxiter": 1000, "fatol": 1e-10, "xatol": 1e-05, "duration": 0.18745088577270508, "fun": "0.26955049821179755", "nit": "499", "nfev": "763", "status": "0", "success": "True", "message": "Optimization terminated successfully.", "x": "[0.37292991 6.42491761 8.33322167 1.74188632 1.4069735  9.21976275]", "final_simplex": "(array([[0.37292991, 6.42491761, 8.33322167, 1.74188632, 1.4069735 ,\n        9.21976275],\n       [0.37293108, 6.4249151 , 8.33322929, 1.7418877 , 1.40697113,\n        9.21976577],\n       [0.37292967, 6.42491237, 8.33322988, 1.74188732, 1.40697517,\n        9.21976439],\n       [0.37293252, 6.42491769, 8.33322434, 1.74188649, 1.40697631,\n        9.21976575],\n       [0.37293041, 6.42491883, 8.3332223 , 1.7418841 , 1.40697543,\n        9.21976681],\n       [0.37292521, 6.42492709, 8.33321526, 1.74188915, 1.40697455,\n        9.21975928],\n       [0.37293061, 6.42491268, 8.33322653, 1.74188823, 1.40697684,\n        9.2197651 ]]), array([0.2695505, 0.2695505, 0.2695505, 0.2695505, 0.2695505, 0.2695505,\n       0.2695505]))", "callback": [0.6212583301726777, 0.5219906917799719, 0.47811671476103856, 0.42437859563780045, 0.3901308530942801, 0.3849879903807093, 0.35265205883145634, 0.3378368174257136, 0.32228913239910173, 0.3196623626175885, 0.31809471283192914, 0.3166417254688698, 0.3151215804057943, 0.3102577254249371, 0.30477526709282543, 0.302560899733446, 0.30209448810704265, 0.30176208414186123, 0.30120792605395963, 0.29965253633857114, 0.29697599587158097, 0.2860860896415284, 0.2834116000616441, 0.2762558755678086, 0.27409049438113686, 0.2721355488599211, 0.27169889907266076, 0.2714045314546496, 0.27059832831037245, 0.2700994967986158, 0.2697241643748436, 0.26964252977997794, 0.2695819606524854, 0.26956441686429, 0.26955485786319633, 0.26955219243604844, 0.26955104474758873, 0.26955096472549367, 0.2695506505511893, 0.26955051760427673, 0.269550513263081, 0.2695505016241164, 0.26955049947583376, 0.26955049838844136, 0.2695504983627466, 0.2695504982528161, 0.26955049823153954, 0.26955049822213795, 0.26955049821416444]}, "11": {"maxiter": 1000, "fatol": 1e-10, "xatol": 1e-10, "duration": 0.23890376091003418, "fun": "0.26955049821038024", "nit": "617", "nfev": "1020", "status": "0", "success": "True", "message": "Optimization terminated successfully.", "x": "[0.37293106 6.42492598 8.33321481 1.74188495 1.40697047 9.21976232]", "final_simplex": "(array([[0.37293106, 6.42492598, 8.33321481, 1.74188495, 1.40697047,\n        9.21976232],\n       [0.37293106, 6.42492598, 8.33321481, 1.74188495, 1.40697047,\n        9.21976232],\n       [0.37293106, 6.42492598, 8.33321481, 1.74188495, 1.40697047,\n        9.21976232],\n       [0.37293106, 6.42492598, 8.33321481, 1.74188495, 1.40697047,\n        9.21976232],\n       [0.37293106, 6.42492598, 8.33321481, 1.74188495, 1.40697047,\n        9.21976232],\n       [0.37293106, 6.42492598, 8.33321481, 1.74188495, 1.40697047,\n        9.21976232],\n       [0.37293106, 6.42492598, 8.33321481, 1.74188495, 1.40697047,\n        9.21976232]]), array([0.2695505, 0.2695505, 0.2695505, 0.2695505, 0.2695505, 0.2695505,\n       0.2695505]))", "callback": [0.6212583301726777, 0.5219906917799719, 0.47811671476103856, 0.42437859563780045, 0.3901308530942801, 0.3849879903807093, 0.35265205883145634, 0.3378368174257136, 0.32228913239910173, 0.3196623626175885, 0.31809471283192914, 0.3166417254688698, 0.3151215804057943, 0.3102577254249371, 0.30477526709282543, 0.302560899733446, 0.30209448810704265, 0.30176208414186123, 0.30120792605395963, 0.29965253633857114, 0.29697599587158097, 0.2860860896415284, 0.2834116000616441, 0.2762558755678086, 0.27409049438113686, 0.2721355488599211, 0.27169889907266076, 0.2714045314546496, 0.27059832831037245, 0.2700994967986158, 0.2697241643748436, 0.26964252977997794, 0.2695819606524854, 0.26956441686429, 0.26955485786319633, 0.26955219243604844, 0.26955104474758873, 0.26955096472549367, 0.2695506505511893, 0.26955051760427673, 0.269550513263081, 0.2695505016241164, 0.26955049947583376, 0.26955049838844136, 0.2695504983627466, 0.2695504982528161, 0.26955049823153954, 0.26955049822213795, 0.26955049821416444, 0.26955049821179755, 0.2695504982109993, 0.2695504982105197, 0.2695504982104181, 0.2695504982103961, 0.26955049821038446, 0.2695504982103827, 0.2695504982103816, 0.2695504982103809, 0.26955049821038046, 0.26955049821038024, 0.26955049821038024]}}, "bfgs": {"type": "gradient", "0": {"maxiter": 100, "gtol": 1e-05, "xrtol": 1e-05, "eps": 1e-05, "duration": 0.07480978965759277, "fun": "0.2695504983494259", "jac": "[-2.77443624e-06  7.57927054e-07  2.83660873e-06 -9.12936393e-08\n -4.29790648e-06 -2.26547670e-06]", "hess_inv": "[[  7.74377414  -8.55436206  10.88698277  -0.33249866  -0.24496208\n    6.78665999]\n [ -8.55436206  48.18010407 -51.57705339  -1.69758898  -5.381539\n  -15.16031443]\n [ 10.88698277 -51.57705339  62.28711321   4.90248257   4.16644054\n   20.63879779]\n [ -0.33249866  -1.69758898   4.90248257   5.09498349   0.24902165\n    0.46892405]\n [ -0.24496208  -5.381539     4.16644054   0.24902165   4.1884201\n   -0.96717836]\n [  6.78665999 -15.16031443  20.63879779   0.46892405  -0.96717836\n   13.62909129]]", "nfev": "315", "njev": "45", "status": "0", "success": "True", "message": "Optimization terminated successfully.", "x": "[0.37290266 6.4249435  2.05000725 1.74188251 1.40695116 2.93654619]", "nit": "40", "callback": [0.41223538079732913, 0.33285526597024395, 0.27401087009924285, 0.2695504983494259]}, "1": {"maxiter": 100, "gtol": 1e-05, "xrtol": 1e-05, "eps": 1e-10, "duration": 0.07668137550354004, "fun": "0.2695504986358914", "jac": "[ 1.11022293e-06  4.44089173e-06  7.77156053e-06  0.00000000e+00\n -7.77156053e-06 -3.33066880e-06]", "hess_inv": "[[  6.78139111  -7.3887491    9.33725537  -0.23571568  -0.08877221\n    5.70106716]\n [ -7.3887491   41.15693868 -44.31488618  -1.63227305  -4.28372602\n  -12.84662868]\n [  9.33725537 -44.31488618  54.25515654   4.63288973   3.26753429\n   17.49794956]\n [ -0.23571568  -1.63227305   4.63288973   5.13043303   0.50656508\n    0.12657601]\n [ -0.08877221  -4.28372602   3.26753429   0.50656508   4.26021089\n   -0.92692114]\n [  5.70106716 -12.84662868  17.49794956   0.12657601  -0.92692114\n   12.15136732]]", "nfev": "322", "njev": "46", "status": "0", "success": "True", "message": "Optimization terminated successfully.", "x": "[0.37298001 6.42480702 2.05020928 1.7419045  1.40694638 2.93664565]", "nit": "41", "callback": [0.41223567428033636, 0.33294582181456955, 0.2738783627504572, 0.269550499600518]}, "2": {"maxiter": 100, "gtol": 1e-05, "xrtol": 1e-10, "eps": 1e-05, "duration": 0.07326912879943848, "fun": "0.2695504983494259", "jac": "[-2.77443624e-06  7.57927054e-07  2.83660873e-06 -9.12936393e-08\n -4.29790648e-06 -2.26547670e-06]", "hess_inv": "[[  7.74377414  -8.55436206  10.88698277  -0.33249866  -0.24496208\n    6.78665999]\n [ -8.55436206  48.18010407 -51.57705339  -1.69758898  -5.381539\n  -15.16031443]\n [ 10.88698277 -51.57705339  62.28711321   4.90248257   4.16644054\n   20.63879779]\n [ -0.33249866  -1.69758898   4.90248257   5.09498349   0.24902165\n    0.46892405]\n [ -0.24496208  -5.381539     4.16644054   0.24902165   4.1884201\n   -0.96717836]\n [  6.78665999 -15.16031443  20.63879779   0.46892405  -0.96717836\n   13.62909129]]", "nfev": "315", "njev": "45", "status": "0", "success": "True", "message": "Optimization terminated successfully.", "x": "[0.37290266 6.4249435  2.05000725 1.74188251 1.40695116 2.93654619]", "nit": "40", "callback": [0.41223538079732913, 0.33285526597024395, 0.27401087009924285, 0.2695504983494259]}, "3": {"maxiter": 100, "gtol": 1e-05, "xrtol": 1e-10, "eps": 1e-10, "duration": 0.07511091232299805, "fun": "0.2695504986358914", "jac": "[ 1.11022293e-06  4.44089173e-06  7.77156053e-06  0.00000000e+00\n -7.77156053e-06 -3.33066880e-06]", "hess_inv": "[[  6.78139111  -7.3887491    9.33725537  -0.23571568  -0.08877221\n    5.70106716]\n [ -7.3887491   41.15693868 -44.31488618  -1.63227305  -4.28372602\n  -12.84662868]\n [  9.33725537 -44.31488618  54.25515654   4.63288973   3.26753429\n   17.49794956]\n [ -0.23571568  -1.63227305   4.63288973   5.13043303   0.50656508\n    0.12657601]\n [ -0.08877221  -4.28372602   3.26753429   0.50656508   4.26021089\n   -0.92692114]\n [  5.70106716 -12.84662868  17.49794956   0.12657601  -0.92692114\n   12.15136732]]", "nfev": "322", "njev": "46", "status": "0", "success": "True", "message": "Optimization terminated successfully.", "x": "[0.37298001 6.42480702 2.05020928 1.7419045  1.40694638 2.93664565]", "nit": "41", "callback": [0.41223567428033636, 0.33294582181456955, 0.2738783627504572, 0.269550499600518]}, "4": {"maxiter": 100, "gtol": 1e-10, "xrtol": 1e-05, "eps": 1e-05, "duration": 0.07423210144042969, "fun": "0.26955049827453426", "jac": "[ 3.56215057e-07  2.64821498e-07  3.86846111e-07 -3.17879056e-07\n -8.25250979e-07 -5.77171644e-07]", "hess_inv": "[[  7.78789581  -8.09342596  10.20232873  -0.45767586  -0.11841328\n    6.68016524]\n [ -8.09342596  48.68139457 -52.32435308  -1.98758129  -5.26251349\n  -15.03263278]\n [ 10.20232873 -52.32435308  63.40113526   5.33386241   3.98889101\n   20.44992277]\n [ -0.45767586  -1.98758129   5.33386241   5.21003305   0.1737935\n    0.47848036]\n [ -0.11841328  -5.26251349   3.98889101   0.1737935    4.21591077\n   -0.9267758 ]\n [  6.68016524 -15.03263278  20.44992277   0.47848036  -0.9267758\n   13.52958955]]", "nfev": "322", "njev": "46", "status": "0", "success": "True", "message": "Optimization terminated successfully.", "x": "[0.37291605 6.42497572 2.04995933 1.74186993 1.40695954 2.93654482]", "nit": "41", "callback": [0.41223538079732913, 0.33285526597024395, 0.27401087009924285, 0.2695504983494259]}, "5": {"maxiter": 100, "gtol": 1e-10, "xrtol": 1e-05, "eps": 1e-10, "duration": 0.0744619369506836, "fun": "0.2695504986358914", "jac": "[ 1.11022293e-06  4.44089173e-06  7.77156053e-06  0.00000000e+00\n -7.77156053e-06 -3.33066880e-06]", "hess_inv": "[[  6.78139111  -7.3887491    9.33725537  -0.23571568  -0.08877221\n    5.70106716]\n [ -7.3887491   41.15693868 -44.31488618  -1.63227305  -4.28372602\n  -12.84662868]\n [  9.33725537 -44.31488618  54.25515654   4.63288973   3.26753429\n   17.49794956]\n [ -0.23571568  -1.63227305   4.63288973   5.13043303   0.50656508\n    0.12657601]\n [ -0.08877221  -4.28372602   3.26753429   0.50656508   4.26021089\n   -0.92692114]\n [  5.70106716 -12.84662868  17.49794956   0.12657601  -0.92692114\n   12.15136732]]", "nfev": "322", "njev": "46", "status": "0", "success": "True", "message": "Optimization terminated successfully.", "x": "[0.37298001 6.42480702 2.05020928 1.7419045  1.40694638 2.93664565]", "nit": "41", "callback": [0.41223567428033636, 0.33294582181456955, 0.2738783627504572, 0.269550499600518]}, "6": {"maxiter": 100, "gtol": 1e-10, "xrtol": 1e-10, "eps": 1e-05, "duration": 0.08141803741455078, "fun": "0.2695504982647746", "jac": "[-1.11022302e-11 -2.22044605e-11 -3.33066907e-11  2.22044605e-11\n -2.22044605e-11  0.00000000e+00]", "hess_inv": "[[ 7.95559601e+00 -7.24864673e+00  9.51138684e+00 -5.51652827e-01\n  -7.96265299e-01  6.37135494e+00]\n [-7.24864673e+00  5.25903727e+01 -5.56203240e+01 -2.50265897e+00\n  -8.21445526e+00 -1.63682171e+01]\n [ 9.51138684e+00 -5.56203240e+01  6.63290777e+01  5.69207860e+00\n   6.37235647e+00  2.16413091e+01]\n [-5.51652827e-01 -2.50265897e+00  5.69207860e+00  5.25190725e+00\n   6.81031422e-01  6.83753810e-01]\n [-7.96265299e-01 -8.21445526e+00  6.37235647e+00  6.81031422e-01\n   6.45430914e+00 -2.52370043e-02]\n [ 6.37135494e+00 -1.63682171e+01  2.16413091e+01  6.83753810e-01\n  -2.52370043e-02  1.39531456e+01]]", "nfev": "350", "njev": "50", "status": "0", "success": "True", "message": "Optimization terminated successfully.", "x": "[0.37291429 6.42496883 2.04996457 1.74187123 1.4069651  2.93654677]", "nit": "45", "callback": [0.41223538079732913, 0.33285526597024395, 0.27401087009924285, 0.2695504983494259]}, "7": {"maxiter": 100, "gtol": 1e-10, "xrtol": 1e-10, "eps": 1e-10, "duration": 0.132979154586792, "fun": "0.26955049821988797", "jac": "[1.11022293e-06 2.22044587e-06 0.00000000e+00 2.22044587e-06\n 0.00000000e+00 1.11022293e-06]", "hess_inv": "[[ 0.18155017 -0.0653746   0.12074523 -0.05689068 -0.36412006 -0.12048337]\n [-0.0653746   0.0734558  -0.08950441  0.02714624  0.14709267  0.08434477]\n [ 0.12074523 -0.08950441  0.1641775  -0.03958221 -0.21115452 -0.15955376]\n [-0.05689068  0.02714624 -0.03958221  0.03167515  0.13588053  0.03664782]\n [-0.36412006  0.14709267 -0.21115452  0.13588053  0.80984721  0.20093512]\n [-0.12048337  0.08434477 -0.15955376  0.03664782  0.20093512  0.16114878]]", "nfev": "581", "njev": "83", "status": "0", "success": "True", "message": "Optimization terminated successfully.", "x": "[0.37293192 6.4249219  2.05004131 1.74189427 1.40697335 2.93658056]", "nit": "57", "callback": [0.41223567428033636, 0.33294582181456955, 0.2738783627504572, 0.269550499600518, 0.2695504982220557]}, "8": {"maxiter": 500, "gtol": 1e-05, "xrtol": 1e-05, "eps": 1e-05, "duration": 0.07830119132995605, "fun": "0.2695504983494259", "jac": "[-2.77443624e-06  7.57927054e-07  2.83660873e-06 -9.12936393e-08\n -4.29790648e-06 -2.26547670e-06]", "hess_inv": "[[  7.74377414  -8.55436206  10.88698277  -0.33249866  -0.24496208\n    6.78665999]\n [ -8.55436206  48.18010407 -51.57705339  -1.69758898  -5.381539\n  -15.16031443]\n [ 10.88698277 -51.57705339  62.28711321   4.90248257   4.16644054\n   20.63879779]\n [ -0.33249866  -1.69758898   4.90248257   5.09498349   0.24902165\n    0.46892405]\n [ -0.24496208  -5.381539     4.16644054   0.24902165   4.1884201\n   -0.96717836]\n [  6.78665999 -15.16031443  20.63879779   0.46892405  -0.96717836\n   13.62909129]]", "nfev": "315", "njev": "45", "status": "0", "success": "True", "message": "Optimization terminated successfully.", "x": "[0.37290266 6.4249435  2.05000725 1.74188251 1.40695116 2.93654619]", "nit": "40", "callback": [0.41223538079732913, 0.33285526597024395, 0.27401087009924285, 0.2695504983494259]}, "9": {"maxiter": 500, "gtol": 1e-05, "xrtol": 1e-05, "eps": 1e-10, "duration": 0.07829570770263672, "fun": "0.2695504986358914", "jac": "[ 1.11022293e-06  4.44089173e-06  7.77156053e-06  0.00000000e+00\n -7.77156053e-06 -3.33066880e-06]", "hess_inv": "[[  6.78139111  -7.3887491    9.33725537  -0.23571568  -0.08877221\n    5.70106716]\n [ -7.3887491   41.15693868 -44.31488618  -1.63227305  -4.28372602\n  -12.84662868]\n [  9.33725537 -44.31488618  54.25515654   4.63288973   3.26753429\n   17.49794956]\n [ -0.23571568  -1.63227305   4.63288973   5.13043303   0.50656508\n    0.12657601]\n [ -0.08877221  -4.28372602   3.26753429   0.50656508   4.26021089\n   -0.92692114]\n [  5.70106716 -12.84662868  17.49794956   0.12657601  -0.92692114\n   12.15136732]]", "nfev": "322", "njev": "46", "status": "0", "success": "True", "message": "Optimization terminated successfully.", "x": "[0.37298001 6.42480702 2.05020928 1.7419045  1.40694638 2.93664565]", "nit": "41", "callback": [0.41223567428033636, 0.33294582181456955, 0.2738783627504572, 0.269550499600518]}, "10": {"maxiter": 500, "gtol": 1e-05, "xrtol": 1e-10, "eps": 1e-05, "duration": 0.07292699813842773, "fun": "0.2695504983494259", "jac": "[-2.77443624e-06  7.57927054e-07  2.83660873e-06 -9.12936393e-08\n -4.29790648e-06 -2.26547670e-06]", "hess_inv": "[[  7.74377414  -8.55436206  10.88698277  -0.33249866  -0.24496208\n    6.78665999]\n [ -8.55436206  48.18010407 -51.57705339  -1.69758898  -5.381539\n  -15.16031443]\n [ 10.88698277 -51.57705339  62.28711321   4.90248257   4.16644054\n   20.63879779]\n [ -0.33249866  -1.69758898   4.90248257   5.09498349   0.24902165\n    0.46892405]\n [ -0.24496208  -5.381539     4.16644054   0.24902165   4.1884201\n   -0.96717836]\n [  6.78665999 -15.16031443  20.63879779   0.46892405  -0.96717836\n   13.62909129]]", "nfev": "315", "njev": "45", "status": "0", "success": "True", "message": "Optimization terminated successfully.", "x": "[0.37290266 6.4249435  2.05000725 1.74188251 1.40695116 2.93654619]", "nit": "40", "callback": [0.41223538079732913, 0.33285526597024395, 0.27401087009924285, 0.2695504983494259]}, "11": {"maxiter": 500, "gtol": 1e-05, "xrtol": 1e-10, "eps": 1e-10, "duration": 0.07475495338439941, "fun": "0.2695504986358914", "jac": "[ 1.11022293e-06  4.44089173e-06  7.77156053e-06  0.00000000e+00\n -7.77156053e-06 -3.33066880e-06]", "hess_inv": "[[  6.78139111  -7.3887491    9.33725537  -0.23571568  -0.08877221\n    5.70106716]\n [ -7.3887491   41.15693868 -44.31488618  -1.63227305  -4.28372602\n  -12.84662868]\n [  9.33725537 -44.31488618  54.25515654   4.63288973   3.26753429\n   17.49794956]\n [ -0.23571568  -1.63227305   4.63288973   5.13043303   0.50656508\n    0.12657601]\n [ -0.08877221  -4.28372602   3.26753429   0.50656508   4.26021089\n   -0.92692114]\n [  5.70106716 -12.84662868  17.49794956   0.12657601  -0.92692114\n   12.15136732]]", "nfev": "322", "njev": "46", "status": "0", "success": "True", "message": "Optimization terminated successfully.", "x": "[0.37298001 6.42480702 2.05020928 1.7419045  1.40694638 2.93664565]", "nit": "41", "callback": [0.41223567428033636, 0.33294582181456955, 0.2738783627504572, 0.269550499600518]}, "12": {"maxiter": 500, "gtol": 1e-10, "xrtol": 1e-05, "eps": 1e-05, "duration": 0.07323503494262695, "fun": "0.26955049827453426", "jac": "[ 3.56215057e-07  2.64821498e-07  3.86846111e-07 -3.17879056e-07\n -8.25250979e-07 -5.77171644e-07]", "hess_inv": "[[  7.78789581  -8.09342596  10.20232873  -0.45767586  -0.11841328\n    6.68016524]\n [ -8.09342596  48.68139457 -52.32435308  -1.98758129  -5.26251349\n  -15.03263278]\n [ 10.20232873 -52.32435308  63.40113526   5.33386241   3.98889101\n   20.44992277]\n [ -0.45767586  -1.98758129   5.33386241   5.21003305   0.1737935\n    0.47848036]\n [ -0.11841328  -5.26251349   3.98889101   0.1737935    4.21591077\n   -0.9267758 ]\n [  6.68016524 -15.03263278  20.44992277   0.47848036  -0.9267758\n   13.52958955]]", "nfev": "322", "njev": "46", "status": "0", "success": "True", "message": "Optimization terminated successfully.", "x": "[0.37291605 6.42497572 2.04995933 1.74186993 1.40695954 2.93654482]", "nit": "41", "callback": [0.41223538079732913, 0.33285526597024395, 0.27401087009924285, 0.2695504983494259]}, "13": {"maxiter": 500, "gtol": 1e-10, "xrtol": 1e-05, "eps": 1e-10, "duration": 0.07395815849304199, "fun": "0.2695504986358914", "jac": "[ 1.11022293e-06  4.44089173e-06  7.77156053e-06  0.00000000e+00\n -7.77156053e-06 -3.33066880e-06]", "hess_inv": "[[  6.78139111  -7.3887491    9.33725537  -0.23571568  -0.08877221\n    5.70106716]\n [ -7.3887491   41.15693868 -44.31488618  -1.63227305  -4.28372602\n  -12.84662868]\n [  9.33725537 -44.31488618  54.25515654   4.63288973   3.26753429\n   17.49794956]\n [ -0.23571568  -1.63227305   4.63288973   5.13043303   0.50656508\n    0.12657601]\n [ -0.08877221  -4.28372602   3.26753429   0.50656508   4.26021089\n   -0.92692114]\n [  5.70106716 -12.84662868  17.49794956   0.12657601  -0.92692114\n   12.15136732]]", "nfev": "322", "njev": "46", "status": "0", "success": "True", "message": "Optimization terminated successfully.", "x": "[0.37298001 6.42480702 2.05020928 1.7419045  1.40694638 2.93664565]", "nit": "41", "callback": [0.41223567428033636, 0.33294582181456955, 0.2738783627504572, 0.269550499600518]}, "14": {"maxiter": 500, "gtol": 1e-10, "xrtol": 1e-10, "eps": 1e-05, "duration": 0.08074188232421875, "fun": "0.2695504982647746", "jac": "[-1.11022302e-11 -2.22044605e-11 -3.33066907e-11  2.22044605e-11\n -2.22044605e-11  0.00000000e+00]", "hess_inv": "[[ 7.95559601e+00 -7.248