{"date": "2024/10/08/, 18:45:27", "conf_id": 21, "data_type": "random\n", "num_data_points": 2, "s_rank": 0, "unitary": "[[-0.56303964-0.00798273j,-0.21670212-0.15784972j,-0.06047197-0.73952673j,-0.01438004+0.24552571j],[-0.06976756+0.23474685j,-0.01275565-0.5435098j,-0.02703657-0.08917885j,-0.08210486-0.79311774j],[-0.38559961+0.10714929j,0.5933431-0.2687392j,-0.24060861+0.29149289j,-0.45147719+0.26241743j],[-0.50180421+0.45931857j,-0.11617175+0.44134496j,0.49642745+0.22684508j,-0.08544628-0.15407063j]]", "databatch_0": {"databatch": "[[[-0.09742541+0.10331464j,-0.12213221-0.00333875j,-0.13265878+0.09270072j,0.04526118-0.05472582j],[-0.38276946-0.19185166j,-0.09616655-0.3556018j,-0.38264145-0.30279848j,0.19725614+0.08329968j],[0.14712313+0.07516279j,0.03605049+0.13749543j,0.14674438+0.11797155j,-0.07586455-0.03272699j],[-0.19734061-0.18521414j,0.0058141-0.23278118j,-0.17727043-0.25241151j,0.10450291+0.08601517j]],[[0.10266853-0.10093211j,0.23319304+0.11176509j,-0.03052019-0.02540776j,-0.00726933+0.22386035j],[0.04605064+0.01956382j,-0.00491674+0.08973289j,0.00410536-0.01317611j,-0.07285555+0.02740111j],[0.15681666+0.00461397j,0.08799151+0.26769393j,-0.0030384-0.04316659j,-0.18153705+0.16313249j],[-0.30094113+0.10172236j,-0.35563432-0.44618041j,0.03617983+0.079804j,0.22968716-0.43757737j]]]", "initial param values": "[0.31379478,2.17295782,5.27563032,5.06992055,4.86976352,3.51416889]", "nelder_mead": {"type": "gradient-free", "0": {"maxiter": 100, "fatol": 1e-05, "xatol": 1e-05, "duration": 0.05886530876159668, "fun": "0.18771105124091902", "nit": "100", "nfev": "160", "status": "2", "success": "False", "message": "Maximum number of iterations has been exceeded.", "x": "[0.2539443  2.43117436 6.38646418 4.47824628 6.33133128 3.132406  ]", "final_simplex": "(array([[0.2539443 , 2.43117436, 6.38646418, 4.47824628, 6.33133128,\n        3.132406  ],\n       [0.25740428, 2.41628722, 6.36788665, 4.48502709, 6.29197741,\n        3.16590403],\n       [0.25784584, 2.41346979, 6.35691793, 4.46945783, 6.29527582,\n        3.16394593],\n       [0.25984564, 2.41561483, 6.37245376, 4.47456051, 6.29770155,\n        3.14500529],\n       [0.25923637, 2.40520853, 6.40039236, 4.46239286, 6.30515017,\n        3.17117335],\n       [0.25904574, 2.40659227, 6.3869014 , 4.48042855, 6.31399468,\n        3.14534741],\n       [0.25905089, 2.41563319, 6.3954835 , 4.47331307, 6.32909083,\n        3.15750202]]), array([0.18771105, 0.18787515, 0.18788241, 0.1879073 , 0.18795173,\n       0.18796271, 0.18802493]))", "callback": [0.4141120411099798, 0.2830929210957096, 0.21287307336503702, 0.19981447595096524, 0.19694332503572398, 0.1901935033398946, 0.18994905971053277, 0.18856790878714058, 0.18811015454022395, 0.18790729846641052]}, "1": {"maxiter": 100, "fatol": 1e-05, "xatol": 1e-10, "duration": 0.04787087440490723, "fun": "0.18771105124091902", "nit": "100", "nfev": "160", "status": "2", "success": "False", "message": "Maximum number of iterations has been exceeded.", "x": "[0.2539443  2.43117436 6.38646418 4.47824628 6.33133128 3.132406  ]", "final_simplex": "(array([[0.2539443 , 2.43117436, 6.38646418, 4.47824628, 6.33133128,\n        3.132406  ],\n       [0.25740428, 2.41628722, 6.36788665, 4.48502709, 6.29197741,\n        3.16590403],\n       [0.25784584, 2.41346979, 6.35691793, 4.46945783, 6.29527582,\n        3.16394593],\n       [0.25984564, 2.41561483, 6.37245376, 4.47456051, 6.29770155,\n        3.14500529],\n       [0.25923637, 2.40520853, 6.40039236, 4.46239286, 6.30515017,\n        3.17117335],\n       [0.25904574, 2.40659227, 6.3869014 , 4.48042855, 6.31399468,\n        3.14534741],\n       [0.25905089, 2.41563319, 6.3954835 , 4.47331307, 6.32909083,\n        3.15750202]]), array([0.18771105, 0.18787515, 0.18788241, 0.1879073 , 0.18795173,\n       0.18796271, 0.18802493]))", "callback": [0.4141120411099798, 0.2830929210957096, 0.21287307336503702, 0.19981447595096524, 0.19694332503572398, 0.1901935033398946, 0.18994905971053277, 0.18856790878714058, 0.18811015454022395, 0.18790729846641052]}, "2": {"maxiter": 100, "fatol": 1e-10, "xatol": 1e-05, "duration": 0.06176900863647461, "fun": "0.18771105124091902", "nit": "100", "nfev": "160", "status": "2", "success": "False", "message": "Maximum number of iterations has been exceeded.", "x": "[0.2539443  2.43117436 6.38646418 4.47824628 6.33133128 3.132406  ]", "final_simplex": "(array([[0.2539443 , 2.43117436, 6.38646418, 4.47824628, 6.33133128,\n        3.132406  ],\n       [0.25740428, 2.41628722, 6.36788665, 4.48502709, 6.29197741,\n        3.16590403],\n       [0.25784584, 2.41346979, 6.35691793, 4.46945783, 6.29527582,\n        3.16394593],\n       [0.25984564, 2.41561483, 6.37245376, 4.47456051, 6.29770155,\n        3.14500529],\n       [0.25923637, 2.40520853, 6.40039236, 4.46239286, 6.30515017,\n        3.17117335],\n       [0.25904574, 2.40659227, 6.3869014 , 4.48042855, 6.31399468,\n        3.14534741],\n       [0.25905089, 2.41563319, 6.3954835 , 4.47331307, 6.32909083,\n        3.15750202]]), array([0.18771105, 0.18787515, 0.18788241, 0.1879073 , 0.18795173,\n       0.18796271, 0.18802493]))", "callback": [0.4141120411099798, 0.2830929210957096, 0.21287307336503702, 0.19981447595096524, 0.19694332503572398, 0.1901935033398946, 0.18994905971053277, 0.18856790878714058, 0.18811015454022395, 0.18790729846641052]}, "3": {"maxiter": 100, "fatol": 1e-10, "xatol": 1e-10, "duration": 0.0489048957824707, "fun": "0.18771105124091902", "nit": "100", "nfev": "160", "status": "2", "success": "False", "message": "Maximum number of iterations has been exceeded.", "x": "[0.2539443  2.43117436 6.38646418 4.47824628 6.33133128 3.132406  ]", "final_simplex": "(array([[0.2539443 , 2.43117436, 6.38646418, 4.47824628, 6.33133128,\n        3.132406  ],\n       [0.25740428, 2.41628722, 6.36788665, 4.48502709, 6.29197741,\n        3.16590403],\n       [0.25784584, 2.41346979, 6.35691793, 4.46945783, 6.29527582,\n        3.16394593],\n       [0.25984564, 2.41561483, 6.37245376, 4.47456051, 6.29770155,\n        3.14500529],\n       [0.25923637, 2.40520853, 6.40039236, 4.46239286, 6.30515017,\n        3.17117335],\n       [0.25904574, 2.40659227, 6.3869014 , 4.48042855, 6.31399468,\n        3.14534741],\n       [0.25905089, 2.41563319, 6.3954835 , 4.47331307, 6.32909083,\n        3.15750202]]), array([0.18771105, 0.18787515, 0.18788241, 0.1879073 , 0.18795173,\n       0.18796271, 0.18802493]))", "callback": [0.4141120411099798, 0.2830929210957096, 0.21287307336503702, 0.19981447595096524, 0.19694332503572398, 0.1901935033398946, 0.18994905971053277, 0.18856790878714058, 0.18811015454022395, 0.18790729846641052]}, "4": {"maxiter": 500, "fatol": 1e-05, "xatol": 1e-05, "duration": 0.20876693725585938, "fun": "0.18072117265167187", "nit": "416", "nfev": "661", "status": "0", "success": "True", "message": "Optimization terminated successfully.", "x": "[0.05511043 3.10154068 5.71422818 4.46037006 6.29045892 3.13913507]", "final_simplex": "(array([[0.05511043, 3.10154068, 5.71422818, 4.46037006, 6.29045892,\n        3.13913507],\n       [0.05511073, 3.10154904, 5.71421996, 4.46037067, 6.29045938,\n        3.139135  ],\n       [0.05511072, 3.10154266, 5.71422646, 4.46037012, 6.29045925,\n        3.13913529],\n       [0.05511049, 3.10154515, 5.71422411, 4.46037043, 6.29045933,\n        3.13913521],\n       [0.05511059, 3.10153899, 5.71422989, 4.46037046, 6.29045887,\n        3.13913496],\n       [0.05511031, 3.10153595, 5.71423258, 4.46037006, 6.29045867,\n        3.13913541],\n       [0.05511055, 3.1015394 , 5.71422951, 4.46037008, 6.29045936,\n        3.13913512]]), array([0.18072117, 0.18072117, 0.18072117, 0.18072117, 0.18072117,\n       0.18072117, 0.18072117]))", "callback": [0.4141120411099798, 0.2830929210957096, 0.21287307336503702, 0.19981447595096524, 0.19694332503572398, 0.1901935033398946, 0.18994905971053277, 0.18856790878714058, 0.18811015454022395, 0.18790729846641052, 0.1876710867324387, 0.18556239868466506, 0.18133321223581567, 0.18124534161715256, 0.18081850064676708, 0.1807495412354455, 0.1807279613028555, 0.18072429454048144, 0.18072278072855397, 0.1807222991517382, 0.18072214771678996, 0.1807221248327875, 0.1807221201687662, 0.18072211417320905, 0.1807220944017598, 0.1807220740892712, 0.18072202790424818, 0.18072190073863315, 0.1807217295140109, 0.1807213132508444, 0.18072123234799553, 0.18072118608227894, 0.1807211746484223, 0.1807211741742013, 0.18072117314117453, 0.18072117280200417, 0.18072117270210963, 0.18072117266203946, 0.18072117265474053, 0.18072117265236531, 0.18072117265177212, 0.1807211726516813]}, "5": {"maxiter": 500, "fatol": 1e-05, "xatol": 1e-10, "duration": 0.29870128631591797, "fun": "0.18072117265164778", "nit": "500", "nfev": "873", "status": "2", "success": "False", "message": "Maximum number of iterations has been exceeded.", "x": "[0.05511066 3.10155003 5.71421893 4.46037026 6.29045931 3.13913512]", "final_simplex": "(array([[0.05511066, 3.10155003, 5.71421893, 4.46037026, 6.29045931,\n        3.13913512],\n       [0.05511066, 3.10155003, 5.71421893, 4.46037026, 6.29045931,\n        3.13913512],\n       [0.05511066, 3.10155003, 5.71421893, 4.46037026, 6.29045931,\n        3.13913512],\n       [0.05511066, 3.10155003, 5.71421893, 4.46037026, 6.29045931,\n        3.13913512],\n       [0.05511066, 3.10155003, 5.71421893, 4.46037026, 6.29045931,\n        3.13913512],\n       [0.05511066, 3.10155003, 5.71421893, 4.46037026, 6.29045931,\n        3.13913512],\n       [0.05511066, 3.10155003, 5.71421893, 4.46037026, 6.29045931,\n        3.13913512]]), array([0.18072117, 0.18072117, 0.18072117, 0.18072117, 0.18072117,\n       0.18072117, 0.18072117]))", "callback": [0.4141120411099798, 0.2830929210957096, 0.21287307336503702, 0.19981447595096524, 0.19694332503572398, 0.1901935033398946, 0.18994905971053277, 0.18856790878714058, 0.18811015454022395, 0.18790729846641052, 0.1876710867324387, 0.18556239868466506, 0.18133321223581567, 0.18124534161715256, 0.18081850064676708, 0.1807495412354455, 0.1807279613028555, 0.18072429454048144, 0.18072278072855397, 0.1807222991517382, 0.18072214771678996, 0.1807221248327875, 0.1807221201687662, 0.18072211417320905, 0.1807220944017598, 0.1807220740892712, 0.18072202790424818, 0.18072190073863315, 0.1807217295140109, 0.1807213132508444, 0.18072123234799553, 0.18072118608227894, 0.1807211746484223, 0.1807211741742013, 0.18072117314117453, 0.18072117280200417, 0.18072117270210963, 0.18072117266203946, 0.18072117265474053, 0.18072117265236531, 0.18072117265177212, 0.1807211726516813, 0.18072117265166265, 0.18072117265164933, 0.18072117265164878, 0.18072117265164822, 0.18072117265164778, 0.18072117265164778, 0.18072117265164778, 0.18072117265164778]}, "6": {"maxiter": 500, "fatol": 1e-10, "xatol": 1e-05, "duration": 0.22230911254882812, "fun": "0.18072117265167187", "nit": "416", "nfev": "661", "status": "0", "success": "True", "message": "Optimization terminated successfully.", "x": "[0.05511043 3.10154068 5.71422818 4.46037006 6.29045892 3.13913507]", "final_simplex": "(array([[0.05511043, 3.10154068, 5.71422818, 4.46037006, 6.29045892,\n        3.13913507],\n       [0.05511073, 3.10154904, 5.71421996, 4.46037067, 6.29045938,\n        3.139135  ],\n       [0.05511072, 3.10154266, 5.71422646, 4.46037012, 6.29045925,\n        3.13913529],\n       [0.05511049, 3.10154515, 5.71422411, 4.46037043, 6.29045933,\n        3.13913521],\n       [0.05511059, 3.10153899, 5.71422989, 4.46037046, 6.29045887,\n        3.13913496],\n       [0.05511031, 3.10153595, 5.71423258, 4.46037006, 6.29045867,\n        3.13913541],\n       [0.05511055, 3.1015394 , 5.71422951, 4.46037008, 6.29045936,\n        3.13913512]]), array([0.18072117, 0.18072117, 0.18072117, 0.18072117, 0.18072117,\n       0.18072117, 0.18072117]))", "callback": [0.4141120411099798, 0.2830929210957096, 0.21287307336503702, 0.19981447595096524, 0.19694332503572398, 0.1901935033398946, 0.18994905971053277, 0.18856790878714058, 0.18811015454022395, 0.18790729846641052, 0.1876710867324387, 0.18556239868466506, 0.18133321223581567, 0.18124534161715256, 0.18081850064676708, 0.1807495412354455, 0.1807279613028555, 0.18072429454048144, 0.18072278072855397, 0.1807222991517382, 0.18072214771678996, 0.1807221248327875, 0.1807221201687662, 0.18072211417320905, 0.1807220944017598, 0.1807220740892712, 0.18072202790424818, 0.18072190073863315, 0.1807217295140109, 0.1807213132508444, 0.18072123234799553, 0.18072118608227894, 0.1807211746484223, 0.1807211741742013, 0.18072117314117453, 0.18072117280200417, 0.18072117270210963, 0.18072117266203946, 0.18072117265474053, 0.18072117265236531, 0.18072117265177212, 0.1807211726516813]}, "7": {"maxiter": 500, "fatol": 1e-10, "xatol": 1e-10, "duration": 0.30557775497436523, "fun": "0.18072117265164778", "nit": "500", "nfev": "873", "status": "2", "success": "False", "message": "Maximum number of iterations has been exceeded.", "x": "[0.05511066 3.10155003 5.71421893 4.46037026 6.29045931 3.13913512]", "final_simplex": "(array([[0.05511066, 3.10155003, 5.71421893, 4.46037026, 6.29045931,\n        3.13913512],\n       [0.05511066, 3.10155003, 5.71421893, 4.46037026, 6.29045931,\n        3.13913512],\n       [0.05511066, 3.10155003, 5.71421893, 4.46037026, 6.29045931,\n        3.13913512],\n       [0.05511066, 3.10155003, 5.71421893, 4.46037026, 6.29045931,\n        3.13913512],\n       [0.05511066, 3.10155003, 5.71421893, 4.46037026, 6.29045931,\n        3.13913512],\n       [0.05511066, 3.10155003, 5.71421893, 4.46037026, 6.29045931,\n        3.13913512],\n       [0.05511066, 3.10155003, 5.71421893, 4.46037026, 6.29045931,\n        3.13913512]]), array([0.18072117, 0.18072117, 0.18072117, 0.18072117, 0.18072117,\n       0.18072117, 0.18072117]))", "callback": [0.4141120411099798, 0.2830929210957096, 0.21287307336503702, 0.19981447595096524, 0.19694332503572398, 0.1901935033398946, 0.18994905971053277, 0.18856790878714058, 0.18811015454022395, 0.18790729846641052, 0.1876710867324387, 0.18556239868466506, 0.18133321223581567, 0.18124534161715256, 0.18081850064676708, 0.1807495412354455, 0.1807279613028555, 0.18072429454048144, 0.18072278072855397, 0.1807222991517382, 0.18072214771678996, 0.1807221248327875, 0.1807221201687662, 0.18072211417320905, 0.1807220944017598, 0.1807220740892712, 0.18072202790424818, 0.18072190073863315, 0.1807217295140109, 0.1807213132508444, 0.18072123234799553, 0.18072118608227894, 0.1807211746484223, 0.1807211741742013, 0.18072117314117453, 0.18072117280200417, 0.18072117270210963, 0.18072117266203946, 0.18072117265474053, 0.18072117265236531, 0.18072117265177212, 0.1807211726516813, 0.18072117265166265, 0.18072117265164933, 0.18072117265164878, 0.18072117265164822, 0.18072117265164778, 0.18072117265164778, 0.18072117265164778, 0.18072117265164778]}, "8": {"maxiter": 1000, "fatol": 1e-05, "xatol": 1e-05, "duration": 0.21906781196594238, "fun": "0.18072117265167187", "nit": "416", "nfev": "661", "status": "0", "success": "True", "message": "Optimization terminated successfully.", "x": "[0.05511043 3.10154068 5.71422818 4.46037006 6.29045892 3.13913507]", "final_simplex": "(array([[0.05511043, 3.10154068, 5.71422818, 4.46037006, 6.29045892,\n        3.13913507],\n       [0.05511073, 3.10154904, 5.71421996, 4.46037067, 6.29045938,\n        3.139135  ],\n       [0.05511072, 3.10154266, 5.71422646, 4.46037012, 6.29045925,\n        3.13913529],\n       [0.05511049, 3.10154515, 5.71422411, 4.46037043, 6.29045933,\n        3.13913521],\n       [0.05511059, 3.10153899, 5.71422989, 4.46037046, 6.29045887,\n        3.13913496],\n       [0.05511031, 3.10153595, 5.71423258, 4.46037006, 6.29045867,\n        3.13913541],\n       [0.05511055, 3.1015394 , 5.71422951, 4.46037008, 6.29045936,\n        3.13913512]]), array([0.18072117, 0.18072117, 0.18072117, 0.18072117, 0.18072117,\n       0.18072117, 0.18072117]))", "callback": [0.4141120411099798, 0.2830929210957096, 0.21287307336503702, 0.19981447595096524, 0.19694332503572398, 0.1901935033398946, 0.18994905971053277, 0.18856790878714058, 0.18811015454022395, 0.18790729846641052, 0.1876710867324387, 0.18556239868466506, 0.18133321223581567, 0.18124534161715256, 0.18081850064676708, 0.1807495412354455, 0.1807279613028555, 0.18072429454048144, 0.18072278072855397, 0.1807222991517382, 0.18072214771678996, 0.1807221248327875, 0.1807221201687662, 0.18072211417320905, 0.1807220944017598, 0.1807220740892712, 0.18072202790424818, 0.18072190073863315, 0.1807217295140109, 0.1807213132508444, 0.18072123234799553, 0.18072118608227894, 0.1807211746484223, 0.1807211741742013, 0.18072117314117453, 0.18072117280200417, 0.18072117270210963, 0.18072117266203946, 0.18072117265474053, 0.18072117265236531, 0.18072117265177212, 0.1807211726516813]}, "9": {"maxiter": 1000, "fatol": 1e-05, "xatol": 1e-10, "duration": 0.3069767951965332, "fun": "0.18072117265164778", "nit": "502", "nfev": "883", "status": "0", "success": "True", "message": "Optimization terminated successfully.", "x": "[0.05511066 3.10155003 5.71421893 4.46037026 6.29045931 3.13913512]", "final_simplex": "(array([[0.05511066, 3.10155003, 5.71421893, 4.46037026, 6.29045931,\n        3.13913512],\n       [0.05511066, 3.10155003, 5.71421893, 4.46037026, 6.29045931,\n        3.13913512],\n       [0.05511066, 3.10155003, 5.71421893, 4.46037026, 6.29045931,\n        3.13913512],\n       [0.05511066, 3.10155003, 5.71421893, 4.46037026, 6.29045931,\n        3.13913512],\n       [0.05511066, 3.10155003, 5.71421893, 4.46037026, 6.29045931,\n        3.13913512],\n       [0.05511066, 3.10155003, 5.71421893, 4.46037026, 6.29045931,\n        3.13913512],\n       [0.05511066, 3.10155003, 5.71421893, 4.46037026, 6.29045931,\n        3.13913512]]), array([0.18072117, 0.18072117, 0.18072117, 0.18072117, 0.18072117,\n       0.18072117, 0.18072117]))", "callback": [0.4141120411099798, 0.2830929210957096, 0.21287307336503702, 0.19981447595096524, 0.19694332503572398, 0.1901935033398946, 0.18994905971053277, 0.18856790878714058, 0.18811015454022395, 0.18790729846641052, 0.1876710867324387, 0.18556239868466506, 0.18133321223581567, 0.18124534161715256, 0.18081850064676708, 0.1807495412354455, 0.1807279613028555, 0.18072429454048144, 0.18072278072855397, 0.1807222991517382, 0.18072214771678996, 0.1807221248327875, 0.1807221201687662, 0.18072211417320905, 0.1807220944017598, 0.1807220740892712, 0.18072202790424818, 0.18072190073863315, 0.1807217295140109, 0.1807213132508444, 0.18072123234799553, 0.18072118608227894, 0.1807211746484223, 0.1807211741742013, 0.18072117314117453, 0.18072117280200417, 0.18072117270210963, 0.18072117266203946, 0.18072117265474053, 0.18072117265236531, 0.18072117265177212, 0.1807211726516813, 0.18072117265166265, 0.18072117265164933, 0.18072117265164878, 0.18072117265164822, 0.18072117265164778, 0.18072117265164778, 0.18072117265164778, 0.18072117265164778, 0.18072117265164778]}, "10": {"maxiter": 1000, "fatol": 1e-10, "xatol": 1e-05, "duration": 0.21964812278747559, "fun": "0.18072117265167187", "nit": "416", "nfev": "661", "status": "0", "success": "True", "message": "Optimization terminated successfully.", "x": "[0.05511043 3.10154068 5.71422818 4.46037006 6.29045892 3.13913507]", "final_simplex": "(array([[0.05511043, 3.10154068, 5.71422818, 4.46037006, 6.29045892,\n        3.13913507],\n       [0.05511073, 3.10154904, 5.71421996, 4.46037067, 6.29045938,\n        3.139135  ],\n       [0.05511072, 3.10154266, 5.71422646, 4.46037012, 6.29045925,\n        3.13913529],\n       [0.05511049, 3.10154515, 5.71422411, 4.46037043, 6.29045933,\n        3.13913521],\n       [0.05511059, 3.10153899, 5.71422989, 4.46037046, 6.29045887,\n        3.13913496],\n       [0.05511031, 3.10153595, 5.71423258, 4.46037006, 6.29045867,\n        3.13913541],\n       [0.05511055, 3.1015394 , 5.71422951, 4.46037008, 6.29045936,\n        3.13913512]]), array([0.18072117, 0.18072117, 0.18072117, 0.18072117, 0.18072117,\n       0.18072117, 0.18072117]))", "callback": [0.4141120411099798, 0.2830929210957096, 0.21287307336503702, 0.19981447595096524, 0.19694332503572398, 0.1901935033398946, 0.18994905971053277, 0.18856790878714058, 0.18811015454022395, 0.18790729846641052, 0.1876710867324387, 0.18556239868466506, 0.18133321223581567, 0.18124534161715256, 0.18081850064676708, 0.1807495412354455, 0.1807279613028555, 0.18072429454048144, 0.18072278072855397, 0.1807222991517382, 0.18072214771678996, 0.1807221248327875, 0.1807221201687662, 0.18072211417320905, 0.1807220944017598, 0.1807220740892712, 0.18072202790424818, 0.18072190073863315, 0.1807217295140109, 0.1807213132508444, 0.18072123234799553, 0.18072118608227894, 0.1807211746484223, 0.1807211741742013, 0.18072117314117453, 0.18072117280200417, 0.18072117270210963, 0.18072117266203946, 0.18072117265474053, 0.18072117265236531, 0.18072117265177212, 0.1807211726516813]}, "11": {"maxiter": 1000, "fatol": 1e-10, "xatol": 1e-10, "duration": 0.28683018684387207, "fun": "0.18072117265164778", "nit": "502", "nfev": "883", "status": "0", "success": "True", "message": "Optimization terminated successfully.", "x": "[0.05511066 3.10155003 5.71421893 4.46037026 6.29045931 3.13913512]", "final_simplex": "(array([[0.05511066, 3.10155003, 5.71421893, 4.46037026, 6.29045931,\n        3.13913512],\n       [0.05511066, 3.10155003, 5.71421893, 4.46037026, 6.29045931,\n        3.13913512],\n       [0.05511066, 3.10155003, 5.71421893, 4.46037026, 6.29045931,\n        3.13913512],\n       [0.05511066, 3.10155003, 5.71421893, 4.46037026, 6.29045931,\n        3.13913512],\n       [0.05511066, 3.10155003, 5.71421893, 4.46037026, 6.29045931,\n        3.13913512],\n       [0.05511066, 3.10155003, 5.71421893, 4.46037026, 6.29045931,\n        3.13913512],\n       [0.05511066, 3.10155003, 5.71421893, 4.46037026, 6.29045931,\n        3.13913512]]), array([0.18072117, 0.18072117, 0.18072117, 0.18072117, 0.18072117,\n       0.18072117, 0.18072117]))", "callback": [0.4141120411099798, 0.2830929210957096, 0.21287307336503702, 0.19981447595096524, 0.19694332503572398, 0.1901935033398946, 0.18994905971053277, 0.18856790878714058, 0.18811015454022395, 0.18790729846641052, 0.1876710867324387, 0.18556239868466506, 0.18133321223581567, 0.18124534161715256, 0.18081850064676708, 0.1807495412354455, 0.1807279613028555, 0.18072429454048144, 0.18072278072855397, 0.1807222991517382, 0.18072214771678996, 0.1807221248327875, 0.1807221201687662, 0.18072211417320905, 0.1807220944017598, 0.1807220740892712, 0.18072202790424818, 0.18072190073863315, 0.1807217295140109, 0.1807213132508444, 0.18072123234799553, 0.18072118608227894, 0.1807211746484223, 0.1807211741742013, 0.18072117314117453, 0.18072117280200417, 0.18072117270210963, 0.18072117266203946, 0.18072117265474053, 0.18072117265236531, 0.18072117265177212, 0.1807211726516813, 0.18072117265166265, 0.18072117265164933, 0.18072117265164878, 0.18072117265164822, 0.18072117265164778, 0.18072117265164778, 0.18072117265164778, 0.18072117265164778, 0.18072117265164778]}}, "bfgs": {"type": "gradient", "0": {"maxiter": 100, "gtol": 1e-05, "xrtol": 1e-05, "eps": 1e-05, "duration": 0.033345937728881836, "fun": "0.18074230561339366", "jac": "[ 5.99930106e-06 -4.85343099e-05  4.29476899e-05  1.98752126e-07\n -4.82198725e-06  5.53710411e-06]", "hess_inv": "[[ 2.33061151  0.35091934  0.23618232  1.0187881   1.18734639  0.26697236]\n [ 0.35091934  1.28678643  0.44446023  0.23714845  0.94091587 -0.24603702]\n [ 0.23618232  0.44446023  1.80374761  0.17411636  1.40818355 -0.74515304]\n [ 1.0187881   0.23714845  0.17411636  2.18323162  0.19075822 -0.54426675]\n [ 1.18734639  0.94091587  1.40818355  0.19075822  4.80316476 -0.08201771]\n [ 0.26697236 -0.24603702 -0.74515304 -0.54426675 -0.08201771  3.42745606]]", "nfev": "91", "njev": "13", "status": "0", "success": "True", "message": "Optimization terminated successfully.", "x": "[0.0486844  2.67630387 6.12682621 4.45619486 6.27042416 3.14014819]", "nit": "12", "callback": [0.4235215843842739, 0.29773391039625197, 0.24449899825874777, 0.2093768347248398, 0.18920886819174987, 0.18561690166455236, 0.18110807954099672, 0.180792801072023, 0.18076848070662477, 0.18074244519605764, 0.18074231024120957, 0.18074230561339366]}, "1": {"maxiter": 100, "gtol": 1e-05, "xrtol": 1e-05, "eps": 1e-10, "duration": 0.03309798240661621, "fun": "0.18074230559007587", "jac": "[ 8.88178408e-06 -4.99600320e-05  4.21884714e-05  0.00000000e+00\n -4.44089173e-06  2.22044587e-06]", "hess_inv": "[[ 2.32738221  0.35212575  0.23224     1.0150441   1.18543128  0.26848339]\n [ 0.35212575  1.28981393  0.4472972   0.23589591  0.94185156 -0.24753204]\n [ 0.23224     0.4472972   1.80831475  0.17219493  1.40502042 -0.75516273]\n [ 1.0150441   0.23589591  0.17219493  2.17301091  0.19028314 -0.53359878]\n [ 1.18543128  0.94185156  1.40502042  0.19028314  4.80131143 -0.08404424]\n [ 0.26848339 -0.24753204 -0.75516273 -0.53359878 -0.08404424  3.42286518]]", "nfev": "91", "njev": "13", "status": "0", "success": "True", "message": "Optimization terminated successfully.", "x": "[0.04869266 2.67630715 6.12683027 4.45619714 6.27043654 3.14014859]", "nit": "12", "callback": [0.4235213858492445, 0.29773410249471444, 0.24449724236128267, 0.20937572329800136, 0.18920768559524137, 0.18561611237756492, 0.18110801421041445, 0.18079276209018436, 0.18076846214357367, 0.18074244655554983, 0.18074231043065248, 0.18074230559007587]}, "2": {"maxiter": 100, "gtol": 1e-05, "xrtol": 1e-10, "eps": 1e-05, "duration": 0.06990790367126465, "fun": "0.18072117279555044", "jac": "[ 1.41712198e-06 -3.32555095e-06 -3.31119576e-06 -3.16153770e-06\n  2.71065392e-06 -1.09159348e-06]", "hess_inv": "[[ 4.54981961e+00  5.44076044e+01 -5.13071000e+01  1.56601966e+00\n   4.79495253e+00 -1.95344573e-01]\n [ 5.44076044e+01  2.87524628e+03 -2.77958109e+03  2.96312213e+01\n   1.40395141e+02 -1.11026338e+01]\n [-5.13071000e+01 -2.77958109e+03  2.69127136e+03 -2.82354162e+01\n  -1.32278089e+02  9.90050822e+00]\n [ 1.56601966e+00  2.96312213e+01 -2.82354162e+01  2.71884173e+00\n   2.36094708e+00 -3.06222204e-01]\n [ 4.79495253e+00  1.40395141e+02 -1.32278089e+02  2.36094708e+00\n   1.27802977e+01 -6.22092412e-01]\n [-1.95344573e-01 -1.11026338e+01  9.90050822e+00 -3.06222204e-01\n  -6.22092412e-01  3.57304865e+00]]", "nfev": "210", "njev": "30", "status": "0", "success": "True", "message": "Optimization terminated successfully.", "x": "[0.05509148 3.1010276  5.71470241 4.46034684 6.29042145 3.13913252]", "nit": "28", "callback": [0.4235215843842739, 0.29773391039625197, 0.24449899825874777, 0.2093768347248398, 0.18920886819174987, 0.18561690166455236, 0.18110807954099672, 0.180792801072023, 0.18076848070662477, 0.18074244519605764, 0.18074231024120957, 0.18074230561339366, 0.18074227132331466, 0.18074221337891372, 0.18074210806864666, 0.18074191207984058, 0.18074154639612638, 0.180740871750681, 0.18073966089607385, 0.18073760600710187, 0.18073450328188811, 0.18073118380994546, 0.18072708835530593, 0.18072260766296433, 0.1807212284402131, 0.18072117469571558, 0.18072117311386304, 0.18072117279555044]}, "3": {"maxiter": 100, "gtol": 1e-05, "xrtol": 1e-10, "eps": 1e-10, "duration": 0.07749700546264648, "fun": "0.18072117306313273", "jac": "[ 3.33066903e-06 -5.55111466e-06 -7.77156053e-06 -6.66133760e-06\n  1.11022293e-06 -1.11022293e-06]", "hess_inv": "[[   3.35209875   -2.74049904    3.40454418    1.04267203    1.65916466\n     0.37946521]\n [  -2.74049904  179.6044426  -183.47080884    2.212029     -2.04023746\n     3.10757642]\n [   3.40454418 -183.47080884  190.52079146   -3.0642303     3.85629289\n    -4.76455276]\n [   1.04267203    2.212029     -3.0642303     3.42997292    0.32707415\n     1.50699192]\n [   1.65916466   -2.04023746    3.85629289    0.32707415    4.35502346\n     0.30736372]\n [   0.37946521    3.10757642   -4.76455276    1.50699192    0.30736372\n     5.33079174]]", "nfev": "238", "njev": "34", "status": "0", "success": "True", "message": "Optimization terminated successfully.", "x": "[0.05513682 3.10286639 5.71291476 4.460365   6.29050955 3.1391311 ]", "nit": "29", "callback": [0.4235213858492445, 0.29773410249471444, 0.24449724236128267, 0.20937572329800136, 0.18920768559524137, 0.18561611237756492, 0.18110801421041445, 0.18079276209018436, 0.18076846214357367, 0.18074244655554983, 0.18074231043065248, 0.18074230559007587, 0.18074229664744657, 0.1807422257680541, 0.18074211698761977, 0.1807419261472133, 0.18074156929280383, 0.18074091084969401, 0.18073967400345636, 0.1807374296660499, 0.18073367706073196, 0.18072938365696434, 0.1807264045686191, 0.180722195352077, 0.18072122655808132, 0.18072117424332945, 0.18072117412798883, 0.18072117332825421, 0.18072117306313273]}, "4": {"maxiter": 100, "gtol": 1e-10, "xrtol": 1e-05, "eps": 1e-05, "duration": 0.031230926513671875, "fun": "0.18074230561339366", "jac": "[ 5.99930106e-06 -4.85343099e-05  4.29476899e-05  1.98752126e-07\n -4.82198725e-06  5.53710411e-06]", "hess_inv": "[[ 2.33061151  0.35091934  0.23618232  1.0187881   1.18734639  0.26697236]\n [ 0.35091934  1.28678643  0.44446023  0.23714845  0.94091587 -0.24603702]\n [ 0.23618232  0.44446023  1.80374761  0.17411636  1.40818355 -0.74515304]\n [ 1.0187881   0.23714845  0.17411636  2.18323162  0.19075822 -0.54426675]\n [ 1.18734639  0.94091587  1.40818355  0.19075822  4.80316476 -0.08201771]\n [ 0.26697236 -0.24603702 -0.74515304 -0.54426675 -0.08201771  3.42745606]]", "nfev": "91", "njev": "13", "status": "0", "success": "True", "message": "Optimization terminated successfully.", "x": "[0.0486844  2.67630387 6.12682621 4.45619486 6.27042416 3.14014819]", "nit": "12", "callback": [0.4235215843842739, 0.29773391039625197, 0.24449899825874777, 0.2093768347248398, 0.18920886819174987, 0.18561690166455236, 0.18110807954099672, 0.180792801072023, 0.18076848070662477, 0.18074244519605764, 0.18074231024120957, 0.18074230561339366]}, "5": {"maxiter": 100, "gtol": 1e-10, "xrtol": 1e-05, "eps": 1e-10, "duration": 0.029377222061157227, "fun": "0.18074230559007587", "jac": "[ 8.88178408e-06 -4.99600320e-05  4.21884714e-05  0.00000000e+00\n -4.44089173e-06  2.22044587e-06]", "hess_inv": "[[ 2.32738221  0.35212575  0.23224     1.0150441   1.18543128  0.26848339]\n [ 0.35212575  1.28981393  0.4472972   0.23589591  0.94185156 -0.24753204]\n [ 0.23224     0.4472972   1.80831475  0.17219493  1.40502042 -0.75516273]\n [ 1.0150441   0.23589591  0.17219493  2.17301091  0.19028314 -0.53359878]\n [ 1.18543128  0.94185156  1.40502042  0.19028314  4.80131143 -0.08404424]\n [ 0.26848339 -0.24753204 -0.75516273 -0.53359878 -0.08404424  3.42286518]]", "nfev": "91", "njev": "13", "status": "0", "success": "True", "message": "Optimization terminated successfully.", "x": "[0.04869266 2.67630715 6.12683027 4.45619714 6.27043654 3.14014859]", "nit": "12", "callback": [0.4235213858492445, 0.29773410249471444, 0.24449724236128267, 0.20937572329800136, 0.18920768559524137, 0.18561611237756492, 0.18110801421041445, 0.18079276209018436, 0.18076846214357367, 0.18074244655554983, 0.18074231043065248, 0.18074230559007587]}, "6": {"maxiter": 100, "gtol": 1e-10, "xrtol": 1e-10, "eps": 1e-05, "duration": 0.15006709098815918, "fun": "0.1807211727476019", "jac": "[-8.98170427e-08 -1.01536557e-06 -1.00325304e-06 -1.91902050e-07\n  1.15196741e-06  7.07767178e-08]", "hess_inv": "[[ 4.84055932e+00  5.62061331e+01 -5.33127129e+01  1.16073049e+00\n   5.18512543e+00 -2.71847507e-01]\n [ 5.62061331e+01  2.87867778e+03 -2.78488306e+03  2.60108094e+01\n   1.41114946e+02 -1.23614914e+01]\n [-5.33127129e+01 -2.78488306e+03  2.69854049e+03 -2.44232158e+01\n  -1.33425600e+02  1.11463863e+01]\n [ 1.16073049e+00  2.60108094e+01 -2.44232158e+01  3.09897019e+00\n   1.53091729e+00 -3.28173076e-01]\n [ 5.18512543e+00  1.41114946e+02 -1.33425600e+02  1.53091729e+00\n   1.28601047e+01 -9.23491510e-01]\n [-2.71847507e-01 -1.23614914e+01  1.11463863e+01 -3.28173076e-01\n  -9.23491510e-01  3.50359007e+00]]", "nfev": "445", "njev": "62", "status": "2", "success": "False", "message": "Desired error not necessarily achieved due to precision loss.", "x": "[0.05508604 3.10100875 5.71472562 4.46035525 6.29041512 3.13913463]", "nit": "29", "callback": [0.4235215843842739, 0.29773391039625197, 0.24449899825874777, 0.2093768347248398, 0.18920886819174987, 0.18561690166455236, 0.18110807954099672, 0.180792801072023, 0.18076848070662477, 0.18074244519605764, 0.18074231024120957, 0.18074230561339366, 0.18074227132331466, 0.18074221337891372, 0.18074210806864666, 0.18074191207984058, 0.18074154639612638, 0.180740871750681, 0.18073966089607385, 0.18073760600710187, 0.18073450328188811, 0.18073118380994546, 0.18072708835530593, 0.18072260766296433, 0.1807212284402131, 0.18072117469571558, 0.18072117311386304, 0.18072117279555044, 0.1807211727476019]}, "7": {"maxiter": 100, "gtol": 1e-10, "xrtol": 1e-10, "eps": 1e-10, "duration": 0.2289750576019287, "fun": "0.18072117285782263", "jac": "[4.44089204e-06 1.11022293e-06 2.22044587e-06 2.22044587e-06\n 2.22044587e-06 2.22044587e-06]", "hess_inv": "[[ 0.73178343  0.36929219 -1.6857975  -0.62969639  1.25441781 -0.59889059]\n [ 0.36929219  0.20787113 -0.8907093  -0.33768182  0.66985456 -0.29500228]\n [-1.6857975  -0.8907093   3.97911798  1.50302457 -2.98489905  1.35952732]\n [-0.62969639 -0.33768182  1.50302457  0.60545472 -1.15470765  0.48066908]\n [ 1.25441781  0.66985456 -2.98489905 -1.15470765  2.26186571 -0.99097798]\n [-0.59889059 -0.29500228  1.35952732  0.48066908 -0.99097798  0.51162697]]", "nfev": "670", "njev": "94", "status": "2", "success": "False", "message": "Desired error not necessarily achieved due to precision loss.", "x": "[0.05513493 3.10272053 5.71308766 4.46038329 6.2905198  3.13913127]", "nit": "44", "callback": [0.4235213858492445, 0.29773410249471444, 0.24449724236128267, 0.20937572329800136, 0.18920768559524137, 0.18561611237756492, 0.18110801421041445, 0.18079276209018436, 0.18076846214357367, 0.18074244655554983, 0.18074231043065248, 0.18074230559007587, 0.18074229664744657, 0.1807422257680541, 0.18074211698761977, 0.1807419261472133, 0.18074156929280383, 0.18074091084969401, 0.18073967400345636, 0.1807374296660499, 0.18073367706073196, 0.18072938365696434, 0.1807264045686191, 0.180722195352077, 0.18072122655808132, 0.18072117424332945, 0.18072117412798883, 0.18072117332825421, 0.18072117306313273, 0.18072117299544854, 0.18072117291252776, 0.18072117286768175, 0.18072117286598954, 0.1807211728657716, 0.18072117286417255, 0.18072117285846234, 0.18072117285841094, 0.1807211728583893, 0.18072117285837463, 0.1807211728583591, 0.18072117285835088, 0.18072117285830402, 0.18072117285783929, 0.18072117285782263]}, "8": {"maxiter": 500, "gtol": 1e-05, "xrtol": 1e-05, "eps": 1e-05, "duration": 0.02820611000061035, "fun": "0.18074230561339366", "jac": "[ 5.99930106e-06 -4.85343099e-05  4.29476899e-05  1.98752126e-07\n -4.82198725e-06  5.53710411e-06]", "hess_inv": "[[ 2.33061151  0.35091934  0.23618232  1.0187881   1.18734639  0.26697236]\n [ 0.35091934  1.28678643  0.44446023  0.23714845  0.94091587 -0.24603702]\n [ 0.23618232  0.44446023  1.80374761  0.17411636  1.40818355 -0.74515304]\n [ 1.0187881   0.23714845  0.17411636  2.18323162  0.19075822 -0.54426675]\n [ 1.18734639  0.94091587  1.40818355  0.19075822  4.80316476 -0.08201771]\n [ 0.26697236 -0.24603702 -0.74515304 -0.54426675 -0.08201771  3.42745606]]", "nfev": "91", "njev": "13", "status": "0", "success": "True", "message": "Optimization terminated successfully.", "x": "[0.0486844  2.67630387 6.12682621 4.45619486 6.27042416 3.14014819]", "nit": "12", "callback": [0.4235215843842739, 0.29773391039625197, 0.24449899825874777, 0.2093768347248398, 0.18920886819174987, 0.18561690166455236, 0.18110807954099672, 0.180792801072023, 0.18076848070662477, 0.18074244519605764, 0.18074231024120957, 0.18074230561339366]}, "9": {"maxiter": 500, "gtol": 1e-05, "xrtol": 1e-05, "eps": 1e-10, "duration": 0.032282114028930664, "fun": "0.18074230559007587", "jac": "[ 8.88178408e-06 -4.99600320e-05  4.21884714e-05  0.00000000e+00\n -4.44089173e-06  2.22044587e-06]", "hess_inv": "[[ 2.32738221  0.35212575  0.23224     1.0150441   1.18543128  0.26848339]\n [ 0.35212575  1.28981393  0.4472972   0.23589591  0.94185156 -0.24753204]\n [ 0.23224     0.4472972   1.80831475  0.17219493  1.40502042 -0.75516273]\n [ 1.0150441   0.23589591  0.17219493  2.17301091  0.19028314 -0.53359878]\n [ 1.18543128  0.94185156  1.40502042  0.19028314  4.80131143 -0.08404424]\n [ 0.26848339 -0.24753204 -0.75516273 -0.53359878 -0.08404424  3.42286518]]", "nfev": "91", "njev": "13", "status": "0", "success": "True", "message": "Optimization terminated successfully.", "x": "[0.04869266 2.67630715 6.12683027 4.45619714 6.27043654 3.14014859]", "nit": "12", "callback": [0.4235213858492445, 0.29773410249471444, 0.24449724236128267, 0.20937572329800136, 0.18920768559524137, 0.18561611237756492, 0.18110801421041445, 0.18079276209018436, 0.18076846214357367, 0.18074244655554983, 0.18074231043065248, 0.18074230559007587]}, "10": {"maxiter": 500, "gtol": 1e-05, "xrtol": 1e-10, "eps": 1e-05, "duration": 0.06663203239440918, "fun": "0.18072117279555044", "jac": "[ 1.41712198e-06 -3.32555095e-06 -3.31119576e-06 -3.16153770e-06\n  2.71065392e-06 -1.09159348e-06]", "hess_inv": "[[ 4.54981961e+00  5.44076044e+01 -5.13071000e+01  1.56601966e+00\n   4.79495253e+00 -1.95344573e-01]\n [ 5.44076044e+01  2.87524628e+03 -2.77958109e+03  2.96312213e+01\n   1.40395141e+02 -1.11026338e+01]\n [-5.13071000e+01 -2.77958109e+03  2.69127136e+03 -2.82354162e+01\n  -1.32278089e+02  9.90050822e+00]\n [ 1.56601966e+00  2.96312213e+01 -2.82354162e+01  2.71884173e+00\n   2.36094708e+00 -3.06222204e-01]\n [ 4.79495253e+00  1.40395141e+02 -1.32278089e+02  2.36094708e+00\n   1.27802977e+01 -6.22092412e-01]\n [-1.95344573e-01 -1.11026338e+01  9.90050822e+00 -3.06222204e-01\n  -6.22092412e-01  3.57304865e+00]]", "nfev": "210", "njev": "30", "status": "0", "success": "True", "message": "Optimization terminated successfully.", "x": "[0.05509148 3.1010276  5.71470241 4.46034684 6.29042145 3.13913252]", "nit": "28", "callback": [0.4235215843842739, 0.29773391039625197, 0.24449899825874777, 0.2093768347248398, 0.18920886819174987, 0.18561690166455236, 0.18110807954099672, 0.180792801072023, 0.18076848070662477, 0.18074244519605764, 0.18074231024120957, 0.18074230561339366, 0.18074227132331466, 0.18074221337891372, 0.18074210806864666, 0.18074191207984058, 0.18074154639612638, 0.180740871750681, 0.18073966089607385, 0.18073760600710187, 0.18073450328188811, 0.18073118380994546, 0.18072708835530593, 0.18072260766296433, 0.1807212284402131, 0.18072117469571558, 0.18072117311386304, 0.18072117279555044]}, "11": {"maxiter": 500, "gtol": 1e-05, "xrtol": 1e-10, "eps": 1e-10, "duration": 0.09053778648376465, "fun": "0.18072117306313273", "jac": "[ 3.33066903e-06 -5.55111466e-06 -7.77156053e-06 -6.66133760e-06\n  1.11022293e-06 -1.11022293e-06]", "hess_inv": "[[   3.35209875   -2.74049904    3.40454418    1.04267203    1.65916466\n     0.37946521]\n [  -2.74049904  179.6044426  -183.47080884    2.212029     -2.04023746\n     3.10757642]\n [   3.40454418 -183.47080884  190.52079146   -3.0642303     3.85629289\n    -4.76455276]\n [   1.04267203    2.212029     -3.0642303     3.42997292    0.32707415\n     1.50699192]\n [   1.65916466   -2.04023746    3.85629289    0.32707415    4.35502346\n     0.30736372]\n [   0.37946521    3.10757642   -4.76455276    1.50699192    0.30736372\n     5.33079174]]", "nfev": "238", "njev": "34", "status": "0", "success": "True", "message": "Optimization terminated successfully.", "x": "[0.05513682 3.10286639 5.71291476 4.460365   6.29050955 3.1391311 ]", "nit": "29", "callback": [0.4235213858492445, 0.29773410249471444, 0.24449724236128267, 0.20937572329800136, 0.18920768559524137, 0.18561611237756492, 0.18110801421041445, 0.18079276209018436, 0.18076846214357367, 0.18074244655554983, 0.18074231043065248, 0.18074230559007587, 0.18074229664744657, 0.1807422257680541, 0.18074211698761977, 0.1807419261472133, 0.1807415