{"date": "2024/10/08/, 13:14:37", "conf_id": 0, "data_type": "random\n", "num_data_points": 1, "s_rank": 0, "unitary": "[[-0.45070455-0.02711853j,0.78437395-0.06613086j,0.06358678+0.19963393j,-0.07343613+0.35668523j],[-0.01890143-0.03813363j,0.32408202+0.25557629j,0.05872864-0.68979805j,0.55466693-0.20227297j],[-0.11215405+0.64023111j,-0.13344055+0.29565494j,-0.49012687-0.19046288j,-0.04241254+0.44046348j],[0.55771659+0.24656916j,0.31851997-0.05798805j,0.28761525-0.34294258j,-0.56718418+0.03616933j]]", "databatch_0": {"databatch": "[[[0.09314128-0.12946863j,0.39382838-0.19799267j,0.05133879+0.12112185j,0.08106995-0.04021906j],[0.07622026-0.09754417j,0.31152873-0.14143589j,0.03608905+0.09551662j,0.06411194-0.02869752j],[0.11804856-0.19626647j,0.54031288-0.32976236j,0.08774511+0.16729872j,0.1112873-0.06711204j],[-0.01827577+0.10086995j,-0.17383409+0.2237231j,-0.06326177-0.05610261j,-0.03593256+0.04574145j]]]", "initial param values": "[6.23030098,5.98466951,1.47678769,3.02255067,5.4737295,5.95181427]", "nelder_mead": {"type": "gradient-free", "0": {"maxiter": 100, "fatol": 1e-05, "xatol": 1e-05, "duration": 0.08574104309082031, "fun": "0.0736727104294399", "nit": "100", "nfev": "159", "status": "2", "success": "False", "message": "Maximum number of iterations has been exceeded.", "x": "[8.18590208 7.52765788 1.6026049  2.44487327 4.53978767 4.89312891]", "final_simplex": "(array([[8.18590208, 7.52765788, 1.6026049 , 2.44487327, 4.53978767,\n        4.89312891],\n       [8.1910927 , 7.52531347, 1.60475232, 2.44183061, 4.53650805,\n        4.89090327],\n       [8.19617409, 7.52873248, 1.60164069, 2.44390484, 4.53051682,\n        4.88399466],\n       [8.16989524, 7.51633346, 1.60646714, 2.4543591 , 4.53074008,\n        4.91756427],\n       [8.1995573 , 7.51759733, 1.60423492, 2.45098177, 4.52655473,\n        4.88129806],\n       [8.19762962, 7.53272043, 1.60465957, 2.43552684, 4.55129273,\n        4.89040806],\n       [8.20574645, 7.52869911, 1.59997245, 2.43813659, 4.53541426,\n        4.87745512]]), array([0.07367271, 0.07367714, 0.07368111, 0.07368843, 0.07369249,\n       0.07369497, 0.07369801]))", "callback": [0.7517924722579257, 0.20200037261228665, 0.16130929098693514, 0.12175746252748865, 0.10629485550726447, 0.08095530152152264, 0.07393957179301025, 0.07393957179301025, 0.07389398562232263, 0.0737026849242377]}, "1": {"maxiter": 100, "fatol": 1e-05, "xatol": 1e-10, "duration": 0.07160305976867676, "fun": "0.0736727104294399", "nit": "100", "nfev": "159", "status": "2", "success": "False", "message": "Maximum number of iterations has been exceeded.", "x": "[8.18590208 7.52765788 1.6026049  2.44487327 4.53978767 4.89312891]", "final_simplex": "(array([[8.18590208, 7.52765788, 1.6026049 , 2.44487327, 4.53978767,\n        4.89312891],\n       [8.1910927 , 7.52531347, 1.60475232, 2.44183061, 4.53650805,\n        4.89090327],\n       [8.19617409, 7.52873248, 1.60164069, 2.44390484, 4.53051682,\n        4.88399466],\n       [8.16989524, 7.51633346, 1.60646714, 2.4543591 , 4.53074008,\n        4.91756427],\n       [8.1995573 , 7.51759733, 1.60423492, 2.45098177, 4.52655473,\n        4.88129806],\n       [8.19762962, 7.53272043, 1.60465957, 2.43552684, 4.55129273,\n        4.89040806],\n       [8.20574645, 7.52869911, 1.59997245, 2.43813659, 4.53541426,\n        4.87745512]]), array([0.07367271, 0.07367714, 0.07368111, 0.07368843, 0.07369249,\n       0.07369497, 0.07369801]))", "callback": [0.7517924722579257, 0.20200037261228665, 0.16130929098693514, 0.12175746252748865, 0.10629485550726447, 0.08095530152152264, 0.07393957179301025, 0.07393957179301025, 0.07389398562232263, 0.0737026849242377]}, "2": {"maxiter": 100, "fatol": 1e-10, "xatol": 1e-05, "duration": 0.07111191749572754, "fun": "0.0736727104294399", "nit": "100", "nfev": "159", "status": "2", "success": "False", "message": "Maximum number of iterations has been exceeded.", "x": "[8.18590208 7.52765788 1.6026049  2.44487327 4.53978767 4.89312891]", "final_simplex": "(array([[8.18590208, 7.52765788, 1.6026049 , 2.44487327, 4.53978767,\n        4.89312891],\n       [8.1910927 , 7.52531347, 1.60475232, 2.44183061, 4.53650805,\n        4.89090327],\n       [8.19617409, 7.52873248, 1.60164069, 2.44390484, 4.53051682,\n        4.88399466],\n       [8.16989524, 7.51633346, 1.60646714, 2.4543591 , 4.53074008,\n        4.91756427],\n       [8.1995573 , 7.51759733, 1.60423492, 2.45098177, 4.52655473,\n        4.88129806],\n       [8.19762962, 7.53272043, 1.60465957, 2.43552684, 4.55129273,\n        4.89040806],\n       [8.20574645, 7.52869911, 1.59997245, 2.43813659, 4.53541426,\n        4.87745512]]), array([0.07367271, 0.07367714, 0.07368111, 0.07368843, 0.07369249,\n       0.07369497, 0.07369801]))", "callback": [0.7517924722579257, 0.20200037261228665, 0.16130929098693514, 0.12175746252748865, 0.10629485550726447, 0.08095530152152264, 0.07393957179301025, 0.07393957179301025, 0.07389398562232263, 0.0737026849242377]}, "3": {"maxiter": 100, "fatol": 1e-10, "xatol": 1e-10, "duration": 0.06889891624450684, "fun": "0.0736727104294399", "nit": "100", "nfev": "159", "status": "2", "success": "False", "message": "Maximum number of iterations has been exceeded.", "x": "[8.18590208 7.52765788 1.6026049  2.44487327 4.53978767 4.89312891]", "final_simplex": "(array([[8.18590208, 7.52765788, 1.6026049 , 2.44487327, 4.53978767,\n        4.89312891],\n       [8.1910927 , 7.52531347, 1.60475232, 2.44183061, 4.53650805,\n        4.89090327],\n       [8.19617409, 7.52873248, 1.60164069, 2.44390484, 4.53051682,\n        4.88399466],\n       [8.16989524, 7.51633346, 1.60646714, 2.4543591 , 4.53074008,\n        4.91756427],\n       [8.1995573 , 7.51759733, 1.60423492, 2.45098177, 4.52655473,\n        4.88129806],\n       [8.19762962, 7.53272043, 1.60465957, 2.43552684, 4.55129273,\n        4.89040806],\n       [8.20574645, 7.52869911, 1.59997245, 2.43813659, 4.53541426,\n        4.87745512]]), array([0.07367271, 0.07367714, 0.07368111, 0.07368843, 0.07369249,\n       0.07369497, 0.07369801]))", "callback": [0.7517924722579257, 0.20200037261228665, 0.16130929098693514, 0.12175746252748865, 0.10629485550726447, 0.08095530152152264, 0.07393957179301025, 0.07393957179301025, 0.07389398562232263, 0.0737026849242377]}, "4": {"maxiter": 500, "fatol": 1e-05, "xatol": 1e-05, "duration": 0.19086098670959473, "fun": "0.07363486374081496", "nit": "262", "nfev": "433", "status": "0", "success": "True", "message": "Optimization terminated successfully.", "x": "[8.18737797 7.53690286 1.61474987 2.45284231 4.55121253 4.9168374 ]", "final_simplex": "(array([[8.18737797, 7.53690286, 1.61474987, 2.45284231, 4.55121253,\n        4.9168374 ],\n       [8.18737232, 7.53690622, 1.61475379, 2.45284419, 4.55121791,\n        4.91684693],\n       [8.18737874, 7.53690175, 1.61475329, 2.45284329, 4.55121199,\n        4.91683583],\n       [8.1873749 , 7.53690123, 1.61475078, 2.45284214, 4.55121311,\n        4.91683761],\n       [8.18738094, 7.53690436, 1.61475197, 2.45284423, 4.55121624,\n        4.91683435],\n       [8.18737733, 7.53690284, 1.6147547 , 2.45284511, 4.55121479,\n        4.91683972],\n       [8.18737604, 7.53690193, 1.61475192, 2.45284463, 4.55121152,\n        4.91683699]]), array([0.07363486, 0.07363486, 0.07363486, 0.07363486, 0.07363486,\n       0.07363486, 0.07363486]))", "callback": [0.7517924722579257, 0.20200037261228665, 0.16130929098693514, 0.12175746252748865, 0.10629485550726447, 0.08095530152152264, 0.07393957179301025, 0.07393957179301025, 0.07389398562232263, 0.0737026849242377, 0.07366980410077983, 0.07365921389176955, 0.07365406559040255, 0.07365068486069415, 0.07364503810217049, 0.07364082864708366, 0.07363674920908736, 0.0736350918756381, 0.07363504668340015, 0.07363488697305332, 0.07363486749311488, 0.07363486493706273, 0.07363486402003516, 0.07363486385483009, 0.07363486376336148, 0.07363486374589301, 0.07363486374081496]}, "5": {"maxiter": 500, "fatol": 1e-05, "xatol": 1e-10, "duration": 0.33438897132873535, "fun": "0.07363486373741823", "nit": "377", "nfev": "697", "status": "0", "success": "True", "message": "Optimization terminated successfully.", "x": "[8.18737948 7.53690706 1.6147511  2.45283957 4.55121852 4.91683902]", "final_simplex": "(array([[8.18737948, 7.53690706, 1.6147511 , 2.45283957, 4.55121852,\n        4.91683902],\n       [8.18737948, 7.53690706, 1.6147511 , 2.45283957, 4.55121852,\n        4.91683902],\n       [8.18737948, 7.53690706, 1.6147511 , 2.45283957, 4.55121852,\n        4.91683902],\n       [8.18737948, 7.53690706, 1.6147511 , 2.45283957, 4.55121852,\n        4.91683902],\n       [8.18737948, 7.53690706, 1.6147511 , 2.45283957, 4.55121852,\n        4.91683902],\n       [8.18737948, 7.53690706, 1.6147511 , 2.45283957, 4.55121852,\n        4.91683902],\n       [8.18737948, 7.53690706, 1.6147511 , 2.45283957, 4.55121852,\n        4.91683902]]), array([0.07363486, 0.07363486, 0.07363486, 0.07363486, 0.07363486,\n       0.07363486, 0.07363486]))", "callback": [0.7517924722579257, 0.20200037261228665, 0.16130929098693514, 0.12175746252748865, 0.10629485550726447, 0.08095530152152264, 0.07393957179301025, 0.07393957179301025, 0.07389398562232263, 0.0737026849242377, 0.07366980410077983, 0.07365921389176955, 0.07365406559040255, 0.07365068486069415, 0.07364503810217049, 0.07364082864708366, 0.07363674920908736, 0.0736350918756381, 0.07363504668340015, 0.07363488697305332, 0.07363486749311488, 0.07363486493706273, 0.07363486402003516, 0.07363486385483009, 0.07363486376336148, 0.07363486374589301, 0.07363486374081496, 0.07363486373840178, 0.07363486373753803, 0.07363486373751515, 0.073634863737438, 0.07363486373742467, 0.07363486373742034, 0.0736348637374189, 0.07363486373741845, 0.07363486373741834, 0.07363486373741823, 0.07363486373741823]}, "6": {"maxiter": 500, "fatol": 1e-10, "xatol": 1e-05, "duration": 0.20794916152954102, "fun": "0.07363486374081496", "nit": "262", "nfev": "433", "status": "0", "success": "True", "message": "Optimization terminated successfully.", "x": "[8.18737797 7.53690286 1.61474987 2.45284231 4.55121253 4.9168374 ]", "final_simplex": "(array([[8.18737797, 7.53690286, 1.61474987, 2.45284231, 4.55121253,\n        4.9168374 ],\n       [8.18737232, 7.53690622, 1.61475379, 2.45284419, 4.55121791,\n        4.91684693],\n       [8.18737874, 7.53690175, 1.61475329, 2.45284329, 4.55121199,\n        4.91683583],\n       [8.1873749 , 7.53690123, 1.61475078, 2.45284214, 4.55121311,\n        4.91683761],\n       [8.18738094, 7.53690436, 1.61475197, 2.45284423, 4.55121624,\n        4.91683435],\n       [8.18737733, 7.53690284, 1.6147547 , 2.45284511, 4.55121479,\n        4.91683972],\n       [8.18737604, 7.53690193, 1.61475192, 2.45284463, 4.55121152,\n        4.91683699]]), array([0.07363486, 0.07363486, 0.07363486, 0.07363486, 0.07363486,\n       0.07363486, 0.07363486]))", "callback": [0.7517924722579257, 0.20200037261228665, 0.16130929098693514, 0.12175746252748865, 0.10629485550726447, 0.08095530152152264, 0.07393957179301025, 0.07393957179301025, 0.07389398562232263, 0.0737026849242377, 0.07366980410077983, 0.07365921389176955, 0.07365406559040255, 0.07365068486069415, 0.07364503810217049, 0.07364082864708366, 0.07363674920908736, 0.0736350918756381, 0.07363504668340015, 0.07363488697305332, 0.07363486749311488, 0.07363486493706273, 0.07363486402003516, 0.07363486385483009, 0.07363486376336148, 0.07363486374589301, 0.07363486374081496]}, "7": {"maxiter": 500, "fatol": 1e-10, "xatol": 1e-10, "duration": 0.3632009029388428, "fun": "0.07363486373741823", "nit": "377", "nfev": "697", "status": "0", "success": "True", "message": "Optimization terminated successfully.", "x": "[8.18737948 7.53690706 1.6147511  2.45283957 4.55121852 4.91683902]", "final_simplex": "(array([[8.18737948, 7.53690706, 1.6147511 , 2.45283957, 4.55121852,\n        4.91683902],\n       [8.18737948, 7.53690706, 1.6147511 , 2.45283957, 4.55121852,\n        4.91683902],\n       [8.18737948, 7.53690706, 1.6147511 , 2.45283957, 4.55121852,\n        4.91683902],\n       [8.18737948, 7.53690706, 1.6147511 , 2.45283957, 4.55121852,\n        4.91683902],\n       [8.18737948, 7.53690706, 1.6147511 , 2.45283957, 4.55121852,\n        4.91683902],\n       [8.18737948, 7.53690706, 1.6147511 , 2.45283957, 4.55121852,\n        4.91683902],\n       [8.18737948, 7.53690706, 1.6147511 , 2.45283957, 4.55121852,\n        4.91683902]]), array([0.07363486, 0.07363486, 0.07363486, 0.07363486, 0.07363486,\n       0.07363486, 0.07363486]))", "callback": [0.7517924722579257, 0.20200037261228665, 0.16130929098693514, 0.12175746252748865, 0.10629485550726447, 0.08095530152152264, 0.07393957179301025, 0.07393957179301025, 0.07389398562232263, 0.0737026849242377, 0.07366980410077983, 0.07365921389176955, 0.07365406559040255, 0.07365068486069415, 0.07364503810217049, 0.07364082864708366, 0.07363674920908736, 0.0736350918756381, 0.07363504668340015, 0.07363488697305332, 0.07363486749311488, 0.07363486493706273, 0.07363486402003516, 0.07363486385483009, 0.07363486376336148, 0.07363486374589301, 0.07363486374081496, 0.07363486373840178, 0.07363486373753803, 0.07363486373751515, 0.073634863737438, 0.07363486373742467, 0.07363486373742034, 0.0736348637374189, 0.07363486373741845, 0.07363486373741834, 0.07363486373741823, 0.07363486373741823]}, "8": {"maxiter": 1000, "fatol": 1e-05, "xatol": 1e-05, "duration": 0.23401498794555664, "fun": "0.07363486374081496", "nit": "262", "nfev": "433", "status": "0", "success": "True", "message": "Optimization terminated successfully.", "x": "[8.18737797 7.53690286 1.61474987 2.45284231 4.55121253 4.9168374 ]", "final_simplex": "(array([[8.18737797, 7.53690286, 1.61474987, 2.45284231, 4.55121253,\n        4.9168374 ],\n       [8.18737232, 7.53690622, 1.61475379, 2.45284419, 4.55121791,\n        4.91684693],\n       [8.18737874, 7.53690175, 1.61475329, 2.45284329, 4.55121199,\n        4.91683583],\n       [8.1873749 , 7.53690123, 1.61475078, 2.45284214, 4.55121311,\n        4.91683761],\n       [8.18738094, 7.53690436, 1.61475197, 2.45284423, 4.55121624,\n        4.91683435],\n       [8.18737733, 7.53690284, 1.6147547 , 2.45284511, 4.55121479,\n        4.91683972],\n       [8.18737604, 7.53690193, 1.61475192, 2.45284463, 4.55121152,\n        4.91683699]]), array([0.07363486, 0.07363486, 0.07363486, 0.07363486, 0.07363486,\n       0.07363486, 0.07363486]))", "callback": [0.7517924722579257, 0.20200037261228665, 0.16130929098693514, 0.12175746252748865, 0.10629485550726447, 0.08095530152152264, 0.07393957179301025, 0.07393957179301025, 0.07389398562232263, 0.0737026849242377, 0.07366980410077983, 0.07365921389176955, 0.07365406559040255, 0.07365068486069415, 0.07364503810217049, 0.07364082864708366, 0.07363674920908736, 0.0736350918756381, 0.07363504668340015, 0.07363488697305332, 0.07363486749311488, 0.07363486493706273, 0.07363486402003516, 0.07363486385483009, 0.07363486376336148, 0.07363486374589301, 0.07363486374081496]}, "9": {"maxiter": 1000, "fatol": 1e-05, "xatol": 1e-10, "duration": 0.33193397521972656, "fun": "0.07363486373741823", "nit": "377", "nfev": "697", "status": "0", "success": "True", "message": "Optimization terminated successfully.", "x": "[8.18737948 7.53690706 1.6147511  2.45283957 4.55121852 4.91683902]", "final_simplex": "(array([[8.18737948, 7.53690706, 1.6147511 , 2.45283957, 4.55121852,\n        4.91683902],\n       [8.18737948, 7.53690706, 1.6147511 , 2.45283957, 4.55121852,\n        4.91683902],\n       [8.18737948, 7.53690706, 1.6147511 , 2.45283957, 4.55121852,\n        4.91683902],\n       [8.18737948, 7.53690706, 1.6147511 , 2.45283957, 4.55121852,\n        4.91683902],\n       [8.18737948, 7.53690706, 1.6147511 , 2.45283957, 4.55121852,\n        4.91683902],\n       [8.18737948, 7.53690706, 1.6147511 , 2.45283957, 4.55121852,\n        4.91683902],\n       [8.18737948, 7.53690706, 1.6147511 , 2.45283957, 4.55121852,\n        4.91683902]]), array([0.07363486, 0.07363486, 0.07363486, 0.07363486, 0.07363486,\n       0.07363486, 0.07363486]))", "callback": [0.7517924722579257, 0.20200037261228665, 0.16130929098693514, 0.12175746252748865, 0.10629485550726447, 0.08095530152152264, 0.07393957179301025, 0.07393957179301025, 0.07389398562232263, 0.0737026849242377, 0.07366980410077983, 0.07365921389176955, 0.07365406559040255, 0.07365068486069415, 0.07364503810217049, 0.07364082864708366, 0.07363674920908736, 0.0736350918756381, 0.07363504668340015, 0.07363488697305332, 0.07363486749311488, 0.07363486493706273, 0.07363486402003516, 0.07363486385483009, 0.07363486376336148, 0.07363486374589301, 0.07363486374081496, 0.07363486373840178, 0.07363486373753803, 0.07363486373751515, 0.073634863737438, 0.07363486373742467, 0.07363486373742034, 0.0736348637374189, 0.07363486373741845, 0.07363486373741834, 0.07363486373741823, 0.07363486373741823]}, "10": {"maxiter": 1000, "fatol": 1e-10, "xatol": 1e-05, "duration": 0.19305992126464844, "fun": "0.07363486374081496", "nit": "262", "nfev": "433", "status": "0", "success": "True", "message": "Optimization terminated successfully.", "x": "[8.18737797 7.53690286 1.61474987 2.45284231 4.55121253 4.9168374 ]", "final_simplex": "(array([[8.18737797, 7.53690286, 1.61474987, 2.45284231, 4.55121253,\n        4.9168374 ],\n       [8.18737232, 7.53690622, 1.61475379, 2.45284419, 4.55121791,\n        4.91684693],\n       [8.18737874, 7.53690175, 1.61475329, 2.45284329, 4.55121199,\n        4.91683583],\n       [8.1873749 , 7.53690123, 1.61475078, 2.45284214, 4.55121311,\n        4.91683761],\n       [8.18738094, 7.53690436, 1.61475197, 2.45284423, 4.55121624,\n        4.91683435],\n       [8.18737733, 7.53690284, 1.6147547 , 2.45284511, 4.55121479,\n        4.91683972],\n       [8.18737604, 7.53690193, 1.61475192, 2.45284463, 4.55121152,\n        4.91683699]]), array([0.07363486, 0.07363486, 0.07363486, 0.07363486, 0.07363486,\n       0.07363486, 0.07363486]))", "callback": [0.7517924722579257, 0.20200037261228665, 0.16130929098693514, 0.12175746252748865, 0.10629485550726447, 0.08095530152152264, 0.07393957179301025, 0.07393957179301025, 0.07389398562232263, 0.0737026849242377, 0.07366980410077983, 0.07365921389176955, 0.07365406559040255, 0.07365068486069415, 0.07364503810217049, 0.07364082864708366, 0.07363674920908736, 0.0736350918756381, 0.07363504668340015, 0.07363488697305332, 0.07363486749311488, 0.07363486493706273, 0.07363486402003516, 0.07363486385483009, 0.07363486376336148, 0.07363486374589301, 0.07363486374081496]}, "11": {"maxiter": 1000, "fatol": 1e-10, "xatol": 1e-10, "duration": 0.3150787353515625, "fun": "0.07363486373741823", "nit": "377", "nfev": "697", "status": "0", "success": "True", "message": "Optimization terminated successfully.", "x": "[8.18737948 7.53690706 1.6147511  2.45283957 4.55121852 4.91683902]", "final_simplex": "(array([[8.18737948, 7.53690706, 1.6147511 , 2.45283957, 4.55121852,\n        4.91683902],\n       [8.18737948, 7.53690706, 1.6147511 , 2.45283957, 4.55121852,\n        4.91683902],\n       [8.18737948, 7.53690706, 1.6147511 , 2.45283957, 4.55121852,\n        4.91683902],\n       [8.18737948, 7.53690706, 1.6147511 , 2.45283957, 4.55121852,\n        4.91683902],\n       [8.18737948, 7.53690706, 1.6147511 , 2.45283957, 4.55121852,\n        4.91683902],\n       [8.18737948, 7.53690706, 1.6147511 , 2.45283957, 4.55121852,\n        4.91683902],\n       [8.18737948, 7.53690706, 1.6147511 , 2.45283957, 4.55121852,\n        4.91683902]]), array([0.07363486, 0.07363486, 0.07363486, 0.07363486, 0.07363486,\n       0.07363486, 0.07363486]))", "callback": [0.7517924722579257, 0.20200037261228665, 0.16130929098693514, 0.12175746252748865, 0.10629485550726447, 0.08095530152152264, 0.07393957179301025, 0.07393957179301025, 0.07389398562232263, 0.0737026849242377, 0.07366980410077983, 0.07365921389176955, 0.07365406559040255, 0.07365068486069415, 0.07364503810217049, 0.07364082864708366, 0.07363674920908736, 0.0736350918756381, 0.07363504668340015, 0.07363488697305332, 0.07363486749311488, 0.07363486493706273, 0.07363486402003516, 0.07363486385483009, 0.07363486376336148, 0.07363486374589301, 0.07363486374081496, 0.07363486373840178, 0.07363486373753803, 0.07363486373751515, 0.073634863737438, 0.07363486373742467, 0.07363486373742034, 0.0736348637374189, 0.07363486373741845, 0.07363486373741834, 0.07363486373741823, 0.07363486373741823]}}, "bfgs": {"type": "gradient", "0": {"maxiter": 100, "gtol": 1e-05, "xrtol": 1e-05, "eps": 1e-05, "duration": 0.07609081268310547, "fun": "0.07363486411494158", "jac": "[ 5.53453949e-06 -5.78714854e-07  2.19744223e-06  5.09097209e-06\n  3.92949007e-06 -3.92633703e-06]", "hess_inv": "[[  4.17263223   2.04726571  -0.87476474   1.7296487    2.89735059\n    1.00473703]\n [  2.04726571  26.50258337 -19.30421501  -4.93553076  40.17369767\n   26.1378371 ]\n [ -0.87476474 -19.30421501  16.55343922   4.32205762 -30.77601284\n  -20.65630645]\n [  1.7296487   -4.93553076   4.32205762   4.45412643  -8.98219542\n   -5.86262322]\n [  2.89735059  40.17369767 -30.77601284  -8.98219542  66.19746162\n   41.17854332]\n [  1.00473703  26.1378371  -20.65630645  -5.86262322  41.17854332\n   28.77390311]]", "nfev": "161", "njev": "23", "status": "0", "success": "True", "message": "Optimization terminated successfully.", "x": "[6.98127896 6.51733199 2.8163712  2.89133182 3.89209317 5.93292589]", "nit": "20", "callback": [0.1730036539282409, 0.14738456250518017, 0.10707171098294854, 0.0855037847327983, 0.08323614745621222, 0.08197068136839591, 0.08160359552924024, 0.08091201788614999, 0.07964656916087787, 0.0775160873287496, 0.07478794937811617, 0.07402848850958887, 0.07370171616749821, 0.07365303660917677, 0.07364856192738545, 0.0736432271990376, 0.07363783326171403, 0.07363531875096596, 0.07363488122649575, 0.07363486411494158]}, "1": {"maxiter": 100, "gtol": 1e-05, "xrtol": 1e-05, "eps": 1e-10, "duration": 0.07898211479187012, "fun": "0.07363486378443862", "jac": "[-6.66133760e-06 -2.22044587e-06 -3.33066880e-06  1.11022293e-06\n  2.22044587e-06 -4.44089173e-06]", "hess_inv": "[[ 4.49790356e+00  1.15745450e+00 -3.03574175e-01  2.12101177e+00\n   2.02005209e+00 -4.66185484e-02]\n [ 1.15745450e+00  2.33812824e+01 -1.74390281e+01 -4.46756530e+00\n   3.57810634e+01  2.31686557e+01]\n [-3.03574175e-01 -1.74390281e+01  1.54005745e+01  4.03537254e+00\n  -2.80081830e+01 -1.88926088e+01]\n [ 2.12101177e+00 -4.46756530e+00  4.03537254e+00  4.49805594e+00\n  -8.08973321e+00 -5.51087314e+00]\n [ 2.02005209e+00  3.57810634e+01 -2.80081830e+01 -8.08973321e+00\n   5.99256539e+01  3.68588418e+01]\n [-4.66185484e-02  2.31686557e+01 -1.88926088e+01 -5.51087314e+00\n   3.68588418e+01  2.60224105e+01]]", "nfev": "168", "njev": "24", "status": "0", "success": "True", "message": "Optimization terminated successfully.", "x": "[6.98123421 6.51731075 2.81640866 2.89131837 3.89220105 5.93307833]", "nit": "21", "callback": [0.17300317068605042, 0.1473842696500498, 0.1070709946847408, 0.08550397346167471, 0.08323626851735333, 0.08197096917291591, 0.08160406573515111, 0.08091284208104743, 0.07964759000449395, 0.07751720407703011, 0.07478983987590837, 0.07402944639601894, 0.07370175251825084, 0.07365287554922917, 0.07364842414621542, 0.0736432312874139, 0.07363779839959939, 0.07363533590563376, 0.07363488393476358, 0.07363486438304834, 0.07363486378443862]}, "2": {"maxiter": 100, "gtol": 1e-05, "xrtol": 1e-10, "eps": 1e-05, "duration": 0.07093572616577148, "fun": "0.07363486411494158", "jac": "[ 5.53453949e-06 -5.78714854e-07  2.19744223e-06  5.09097209e-06\n  3.92949007e-06 -3.92633703e-06]", "hess_inv": "[[  4.17263223   2.04726571  -0.87476474   1.7296487    2.89735059\n    1.00473703]\n [  2.04726571  26.50258337 -19.30421501  -4.93553076  40.17369767\n   26.1378371 ]\n [ -0.87476474 -19.30421501  16.55343922   4.32205762 -30.77601284\n  -20.65630645]\n [  1.7296487   -4.93553076   4.32205762   4.45412643  -8.98219542\n   -5.86262322]\n [  2.89735059  40.17369767 -30.77601284  -8.98219542  66.19746162\n   41.17854332]\n [  1.00473703  26.1378371  -20.65630645  -5.86262322  41.17854332\n   28.77390311]]", "nfev": "161", "njev": "23", "status": "0", "success": "True", "message": "Optimization terminated successfully.", "x": "[6.98127896 6.51733199 2.8163712  2.89133182 3.89209317 5.93292589]", "nit": "20", "callback": [0.1730036539282409, 0.14738456250518017, 0.10707171098294854, 0.0855037847327983, 0.08323614745621222, 0.08197068136839591, 0.08160359552924024, 0.08091201788614999, 0.07964656916087787, 0.0775160873287496, 0.07478794937811617, 0.07402848850958887, 0.07370171616749821, 0.07365303660917677, 0.07364856192738545, 0.0736432271990376, 0.07363783326171403, 0.07363531875096596, 0.07363488122649575, 0.07363486411494158]}, "3": {"maxiter": 100, "gtol": 1e-05, "xrtol": 1e-10, "eps": 1e-10, "duration": 0.07430911064147949, "fun": "0.07363486378443862", "jac": "[-6.66133760e-06 -2.22044587e-06 -3.33066880e-06  1.11022293e-06\n  2.22044587e-06 -4.44089173e-06]", "hess_inv": "[[ 4.49790356e+00  1.15745450e+00 -3.03574175e-01  2.12101177e+00\n   2.02005209e+00 -4.66185484e-02]\n [ 1.15745450e+00  2.33812824e+01 -1.74390281e+01 -4.46756530e+00\n   3.57810634e+01  2.31686557e+01]\n [-3.03574175e-01 -1.74390281e+01  1.54005745e+01  4.03537254e+00\n  -2.80081830e+01 -1.88926088e+01]\n [ 2.12101177e+00 -4.46756530e+00  4.03537254e+00  4.49805594e+00\n  -8.08973321e+00 -5.51087314e+00]\n [ 2.02005209e+00  3.57810634e+01 -2.80081830e+01 -8.08973321e+00\n   5.99256539e+01  3.68588418e+01]\n [-4.66185484e-02  2.31686557e+01 -1.88926088e+01 -5.51087314e+00\n   3.68588418e+01  2.60224105e+01]]", "nfev": "168", "njev": "24", "status": "0", "success": "True", "message": "Optimization terminated successfully.", "x": "[6.98123421 6.51731075 2.81640866 2.89131837 3.89220105 5.93307833]", "nit": "21", "callback": [0.17300317068605042, 0.1473842696500498, 0.1070709946847408, 0.08550397346167471, 0.08323626851735333, 0.08197096917291591, 0.08160406573515111, 0.08091284208104743, 0.07964759000449395, 0.07751720407703011, 0.07478983987590837, 0.07402944639601894, 0.07370175251825084, 0.07365287554922917, 0.07364842414621542, 0.0736432312874139, 0.07363779839959939, 0.07363533590563376, 0.07363488393476358, 0.07363486438304834, 0.07363486378443862]}, "4": {"maxiter": 100, "gtol": 1e-10, "xrtol": 1e-05, "eps": 1e-05, "duration": 0.08264398574829102, "fun": "0.07363486395332064", "jac": "[-1.07789333e-06 -7.26685379e-07 -5.34272626e-07  1.72915016e-06\n  2.69650968e-07  2.91988655e-09]", "hess_inv": "[[  4.52608928   1.94823143  -0.76976775   1.95648428   3.00313828\n    0.74081558]\n [  1.94823143  26.50730326 -19.28091048  -4.96519815  40.020898\n   26.17848836]\n [ -0.76976775 -19.28091048  16.46391889   4.31185146 -30.4626141\n  -20.65847429]\n [  1.95648428  -4.96519815   4.31185146   4.54982881  -8.73305995\n   -5.98299841]\n [  3.00313828  40.020898   -30.4626141   -8.73305995  65.57044641\n   40.92147904]\n [  0.74081558  26.17848836 -20.65847429  -5.98299841  40.92147904\n   28.92282702]]", "nfev": "168", "njev": "24", "status": "0", "success": "True", "message": "Optimization terminated successfully.", "x": "[6.98123788 6.51734972 2.81634477 2.8912963  3.89211412 5.93296556]", "nit": "21", "callback": [0.1730036539282409, 0.14738456250518017, 0.10707171098294854, 0.0855037847327983, 0.08323614745621222, 0.08197068136839591, 0.08160359552924024, 0.08091201788614999, 0.07964656916087787, 0.0775160873287496, 0.07478794937811617, 0.07402848850958887, 0.07370171616749821, 0.07365303660917677, 0.07364856192738545, 0.0736432271990376, 0.07363783326171403, 0.07363531875096596, 0.07363488122649575, 0.07363486411494158, 0.07363486395332064]}, "5": {"maxiter": 100, "gtol": 1e-10, "xrtol": 1e-05, "eps": 1e-10, "duration": 0.07978010177612305, "fun": "0.07363486375971007", "jac": "[ 1.11022293e-06 -3.33066880e-06  1.11022293e-06  1.11022293e-06\n  1.11022293e-06 -2.22044587e-06]", "hess_inv": "[[  3.70924255   0.18424083   0.21253335   1.92729892   0.74893302\n   -0.97351756]\n [  0.18424083  22.19910492 -16.82952473  -4.71634885  34.22847062\n   22.07703252]\n [  0.21253335 -16.82952473  15.10274828   4.17634298 -27.19964795\n  -18.3621184 ]\n [  1.92729892  -4.71634885   4.17634298   4.45552888  -8.41023761\n   -5.76560903]\n [  0.74893302  34.22847062 -27.19964795  -8.41023761  57.89053324\n   35.40932095]\n [ -0.97351756  22.07703252 -18.3621184   -5.76560903  35.40932095\n   25.07804364]]", "nfev": "175", "njev": "25", "status": "0", "success": "True", "message": "Optimization terminated successfully.", "x": "[6.98125191 6.51733249 2.81639722 2.89132276 3.8922295  5.93309885]", "nit": "22", "callback": [0.17300317068605042, 0.1473842696500498, 0.1070709946847408, 0.08550397346167471, 0.08323626851735333, 0.08197096917291591, 0.08160406573515111, 0.08091284208104743, 0.07964759000449395, 0.07751720407703011, 0.07478983987590837, 0.07402944639601894, 0.07370175251825084, 0.07365287554922917, 0.07364842414621542, 0.0736432312874139, 0.07363779839959939, 0.07363533590563376, 0.07363488393476358, 0.07363486438304834, 0.07363486378443862, 0.07363486375971007]}, "6": {"maxiter": 100, "gtol": 1e-10, "xrtol": 1e-10, "eps": 1e-05, "duration": 0.15264892578125, "fun": "0.07363486392457141", "jac": "[ 2.45470311e-07  1.00341957e-07  5.92526028e-07 -2.13062901e-07\n -6.50146603e-08  4.48008297e-07]", "hess_inv": "[[  4.21862724   1.03079382  -0.30954298   2.34239429   1.61291217\n   -0.06810926]\n [  1.03079382  25.7526436  -19.48254052  -5.27844142  38.9808546\n   25.50590829]\n [ -0.30954298 -19.48254052  16.99720359   4.87736645 -30.83422495\n  -20.86048985]\n [  2.34239429  -5.27844142   4.87736645   5.13322996  -9.27281874\n   -6.27498762]\n [  1.61291217  38.9808546  -30.83422495  -9.27281874  64.14761282\n   40.01004797]\n [ -0.06810926  25.50590829 -20.86048985  -6.27498762  40.01004797\n   28.292246  ]]", "nfev": "334", "njev": "46", "status": "2", "success": "False", "message": "Desired error not necessarily achieved due to precision loss.", "x": "[6.98123885 6.51735899 2.81633896 2.89129087 3.8921281  5.93297445]", "nit": "22", "callback": [0.1730036539282409, 0.14738456250518017, 0.10707171098294854, 0.0855037847327983, 0.08323614745621222, 0.08197068136839591, 0.08160359552924024, 0.08091201788614999, 0.07964656916087787, 0.0775160873287496, 0.07478794937811617, 0.07402848850958887, 0.07370171616749821, 0.07365303660917677, 0.07364856192738545, 0.0736432271990376, 0.07363783326171403, 0.07363531875096596, 0.07363488122649575, 0.07363486411494158, 0.07363486395332064, 0.07363486392457141]}, "7": {"maxiter": 100, "gtol": 1e-10, "xrtol": 1e-10, "eps": 1e-10, "duration": 0.12183880805969238, "fun": "0.07363486375970996", "jac": "[ 1.11022293e-06  1.11022293e-06  2.22044587e-06 -2.22044587e-06\n  1.11022293e-06  0.00000000e+00]", "hess_inv": "[[  26.58754876   55.90808484  -36.28468166    0.98630501   79.39734292\n    55.13680746]\n [  55.90808484  124.575709    -79.50823129    0.99339923  175.22122357\n   123.02794107]\n [ -36.28468166  -79.50823129   52.71620048   -0.61298396 -112.91169942\n   -79.7965431 ]\n [   0.98630501    0.99339923   -0.61298396    2.57425912    0.48857061\n     0.49620281]\n [  79.39734292  175.22122357 -112.91169942    0.48857061  251.57800807\n   174.14133963]\n [  55.13680746  123.02794107  -79.7965431     0.49620281  174.14133963\n   124.44177353]]", "nfev": "280", "njev": "40", "status": "0", "success": "True", "message": "Optimization terminated successfully.", "x": "[6.98125191 6.5173325  2.81639722 2.89132276 3.8922295  5.93309885]", "nit": "23", "callback": [0.17300317068605042, 0.1473842696500498, 0.1070709946847408, 0.08550397346167471, 0.08323626851735333, 0.08197096917291591, 0.08160406573515111, 0.08091284208104743, 0.07964759000449395, 0.07751720407703011, 0.07478983987590837, 0.07402944639601894, 0.07370175251825084, 0.07365287554922917, 0.07364842414621542, 0.0736432312874139, 0.07363779839959939, 0.07363533590563376, 0.07363488393476358, 0.07363486438304834, 0.07363486378443862, 0.07363486375971007, 0.07363486375970996]}, "8": {"maxiter": 500, "gtol": 1e-05, "xrtol": 1e-05, "eps": 1e-05, "duration": 0.06666898727416992, "fun": "0.07363486411494158", "jac": "[ 5.53453949e-06 -5.78714854e-07  2.19744223e-06  5.09097209e-06\n  3.92949007e-06 -3.92633703e-06]", "hess_inv": "[[  4.17263223   2.04726571  -0.87476474   1.7296487    2.89735059\n    1.00473703]\n [  2.04726571  26.50258337 -19.30421501  -4.93553076  40.17369767\n   26.1378371 ]\n [ -0.87476474 -19.30421501  16.55343922   4.32205762 -30.77601284\n  -20.65630645]\n [  1.7296487   -4.93553076   4.32205762   4.45412643  -8.98219542\n   -5.86262322]\n [  2.89735059  40.17369767 -30.77601284  -8.98219542  66.19746162\n   41.17854332]\n [  1.00473703  26.1378371  -20.65630645  -5.86262322  41.17854332\n   28.77390311]]", "nfev": "161", "njev": "23", "status": "0", "success": "True", "message": "Optimization terminated successfully.", "x": "[6.98127896 6.51733199 2.8163712  2.89133182 3.89209317 5.93292589]", "nit": "20", "callback": [0.1730036539282409, 0.14738456250518017, 0.10707171098294854, 0.0855037847327983, 0.08323614745621222, 0.08197068136839591, 0.08160359552924024, 0.08091201788614999, 0.07964656916087787, 0.0775160873287496, 0.07478794937811617, 0.07402848850958887, 0.07370171616749821, 0.07365303660917677, 0.07364856192738545, 0.0736432271990376, 0.07363783326171403, 0.07363531875096596, 0.07363488122649575, 0.07363486411494158]}, "9": {"maxiter": 500, "gtol": 1e-05, "xrtol": 1e-05, "eps": 1e-10, "duration": 0.07444095611572266, "fun": "0.07363486378443862", "jac": "[-6.66133760e-06 -2.22044587e-06 -3.33066880e-06  1.11022293e-06\n  2.22044587e-06 -4.44089173e-06]", "hess_inv": "[[ 4.49790356e+00  1.15745450e+00 -3.03574175e-01  2.12101177e+00\n   2.02005209e+00 -4.66185484e-02]\n [ 1.15745450e+00  2.33812824e+01 -1.74390281e+01 -4.46756530e+00\n   3.57810634e+01  2.31686557e+01]\n [-3.03574175e-01 -1.74390281e+01  1.54005745e+01  4.03537254e+00\n  -2.80081830e+01 -1.88926088e+01]\n [ 2.12101177e+00 -4.46756530e+00  4.03537254e+00  4.49805594e+00\n  -8.08973321e+00 -5.51087314e+00]\n [ 2.02005209e+00  3.57810634e+01 -2.80081830e+01 -8.08973321e+00\n   5.99256539e+01  3.68588418e+01]\n [-4.66185484e-02  2.31686557e+01 -1.88926088e+01 -5.51087314e+00\n   3.68588418e+01  2.60224105e+01]]", "nfev": "168", "njev": "24", "status": "0", "success": "True", "message": "Optimization terminated successfully.", "x": "[6.98123421 6.51731075 2.81640866 2.89131837 3.89220105 5.93307833]", "nit": "21", "callback": [0.17300317068605042, 0.1473842696500498, 0.1070709946847408, 0.08550397346167471, 0.08323626851735333, 0.08197096917291591, 0.08160406573515111, 0.08091284208104743, 0.07964759000449395, 0.07751720407703011, 0.07478983987590837, 0.07402944639601894, 0.07370175251825084, 0.07365287554922917, 0.07364842414621542, 0.0736432312874139, 0.07363779839959939, 0.07363533590563376, 0.07363488393476358, 0.07363486438304834, 0.07363486378443862]}, "10": {"maxiter": 500, "gtol": 1e-05, "xrtol": 1e-10, "eps": 1e-05, "duration": 0.06852006912231445, "fun": "0.07363486411494158", "jac": "[ 5.53453949e-06 -5.78714854e-07  2.19744223e-06  5.09097209e-06\n  3.92949007e-06 -3.92633703e-06]", "hess_inv": "[[  4.17263223   2.04726571  -0.87476474   1.7296487    2.89735059\n    1.00473703]\n [  2.04726571  26.50258337 -19.30421501  -4.93553076  40.17369767\n   26.1378371 ]\n [ -0.87476474 -19.30421501  16.55343922   4.32205762 -30.77601284\n  -20.65630645]\n [  1.7296487   -4.93553076   4.32205762   4.45412643  -8.98219542\n   -5.86262322]\n [  2.89735059  40.17369767 -30.77601284  -8.98219542  66.19746162\n   41.17854332]\n [  1.00473703  26.1378371  -20.65630645  -5.86262322  41.17854332\n   28.77390311]]", "nfev": "161", "njev": "23", "status": "0", "success": "True", "message": "Optimization terminated successfully.", "x": "[6.98127896 6.51733199 2.8163712  2.89133182 3.89209317 5.93292589]", "nit": "20", "callback": [0.1730036539282409, 0.14738456250518017, 0.10707171098294854, 0.0855037847327983, 0.08323614745621222, 0.08197068136839591, 0.08160359552924024, 0.08091201788614999, 0.07964656916087787, 0.0775160873287496, 0.07478794937811617, 0.07402848850958887, 0.07370171616749821, 0.07365303660917677, 0.07364856192738545, 0.0736432271990376, 0.07363783326171403, 0.07363531875096596, 0.07363488122649575, 0.07363486411494158]}, "11": {"maxiter": 500, "gtol": 1e-05, "xrtol": 1e-10, "eps": 1e-10, "duration": 0.07826900482177734, "fun": "0.07363486378443862", "jac": "[-6.66133760e-06 -2.22044587e-06 -3.33066880e-06  1.11022293e-06\n  2.22044587e-06 -4.44089173e-06]", "hess_inv": "[[ 4.49790356e+00  1.15745450e+00 -3.03574175e-01  2.12101177e+00\n   2.02005209e+00 -4.66185484e-02]\n [ 1.15745450e+00  2.33812824e+01 -1.74390281e+01 -4.46756530e+00\n   3.57810634e+01  2.31686557e+01]\n [-3.03574175e-01 -1.74390281e+01  1.54005745e+01  4.03537254e+00\n  -2.80081830e+01 -1.88926088e+01]\n [ 2.12101177e+00 -4.46756530e+00  4.03537254e+00  4.49805594e+00\n  -8.08973321e+00 -5.51087314e+00]\n [ 2.02005209e+00  3.57810634e+01 -2.80081830e+01 -8.08973321e+00\n   5.99256539e+01  3.68588418e+01]\n [-4.66185484e-02  2.31686557e+01 -1.88926088e+01 -5.51087314e+00\n   3.68588418e+01  2.60224105e+01]]", "nfev": "168", "njev": "24", "status": "0", "success": "True", "message": "Optimization terminated successfully.", "x": "[6.98123421 6.51731075 2.81640866 2.89131837 3.89220105 5.93307833]", "nit": "21", "callback": [0.17300317068605042, 0.1473842696500498, 0.1070709946847408, 0.08550397346167471, 0.08323626851735333, 0.08197096917291591, 0.08160406573515111, 0.08091284208104743, 0.07964759000449395, 0.07751720407703011, 0.07478983987590837, 0.07402944639601894, 0.07370175251825084, 0.07365287554922917, 0.07364842414621542, 0.0736432312874139, 0.07363779839959939, 0.07363533590563376, 0.07363488393476358, 0.07363486438304834, 0.07363486378443862]}, "12": {"maxiter": 500, "gtol": 1e-10, "xrtol": 1e-05, "eps": 1e-05, "duration": 0.07758021354675293, "fun": "0.07363486395332064", "jac": "[-1.07789333e-06 -7.26685379e-07 -5.34272626e-07  1.72915016e-06\n  2.69650968e-07  2.91988655e-09]", "hess_inv": "[[  4.52608928   1.94823143  -0.76976775   1.95648428   3.00313828\n    0.74081558]\n [  1.94823143  26.50730326 -19.28091048  -4.96519815  40.020898\n   26.17848836]\n [ -0.76976775 -19.28091048  16.46391889   4.31185146 -30.4626141\n  -20.65847429]\n [  1.95648428  -4.96519815   4.31185146   4.54982881  -8.73305995\n   -5.98299841]\n [  3.00313828  40.020898   -30.4626141   -8.73305995  65.57044641\n   40.92147904]\n [  0.74081558  26.17848836 -20.65847429  -5.98299841  40.92147904\n   28.92282702]]", "nfev": "168", "njev": "24", "status": "0", "success": "True", "message": "Optimization terminated successfully.", "x": "[6.98123788 6.51734972 2.81634477 2.8912963  3.89211412 5.93296556]", "nit": "21", "callback": [0.1730036539282409, 0.14738456250518017, 0.10707171098294854, 0.0855037847327983, 0.08323614745621222, 0.08197068136839591, 0.08160359552924024, 0.08091201788614999, 0.07964656916087787, 0.0775160873287496, 0.07478794937811617, 0.07402848850958887, 0.07370171616749821, 0.07365303660917677, 0.07364856192738545, 0.0736432271990376, 0.07363783326171403, 0.07363531875096596, 0.07363488122649575, 0.07363486411494158, 0.07363486395332064]}, "13": {"maxiter": 500, "gtol": 1e-10, "xrtol": 1e-05, "eps": 1e-10, "duration": 0.07415199279785156, "fun": "0.07363486375971007", "jac": "[ 1.11022293e-06 -3.33066880e-06  1.11022293e-06  1.11022293e-06\n  1.11022293e-06 -2.22044587e-06]", "hess_inv": "[[  3.70924255   0.18424083   0.21253335   1.92729892   0.74893302\n   -0.97351756]\n [  0.18424083  22.19910492 -16.82952473  -4.71634885  34.22847062\n   22.07703252]\n [  0.21253335 -16.82952473  15.10274828   4.17634298 -27.19964795\n  -18.3621184 ]\n [  1.92729892  -4.71634885   4.17634298   4.45552888  -8.41023761\n   -5.76560903]\n [  0.74893302  34.22847062 -27.19964795  -8.41023761  57.