{"date": "2024/09/25/, 06:13:52", "conf_id": 156, "data_type": "orthogonal\n", "num_data_points": 4, "s_rank": 0, "unitary": "[[-0.56303964-0.00798273j,-0.21670212-0.15784972j,-0.06047197-0.73952673j,-0.01438004+0.24552571j],[-0.06976756+0.23474685j,-0.01275565-0.5435098j,-0.02703657-0.08917885j,-0.08210486-0.79311774j],[-0.38559961+0.10714929j,0.5933431-0.2687392j,-0.24060861+0.29149289j,-0.45147719+0.26241743j],[-0.50180421+0.45931857j,-0.11617175+0.44134496j,0.49642745+0.22684508j,-0.08544628-0.15407063j]]", "databatch_0": {"databatch": "[[[-0.05838654-0.26084253j,0.0307625-0.10443408j,0.25987406+0.16567904j,0.19459578+0.1497406j],[0.06459047+0.37686568j,0.0831034+0.13109575j,0.22549837+0.15269653j,0.12686662-0.08241502j],[-0.15307571-0.06957048j,0.16246292+0.24985006j,0.11512013-0.2287171j,-0.06227429+0.21152068j],[-0.09026836+0.19044238j,-0.10623615-0.3188857j,0.14206698+0.01422896j,-0.23320961+0.17505047j]],[[0.12429496-0.06403079j,0.01555615-0.31339511j,0.14200114+0.00418942j,0.34405178+0.23542488j],[0.01046072+0.09588329j,0.13148867+0.1490863j,0.09153367-0.00307483j,-0.05651781+0.17282187j],[-0.01307121+0.18913061j,0.2938019+0.36346339j,0.12384278-0.07314054j,-0.22068994+0.35918074j],[0.01794543+0.05685895j,0.04691502-0.115411j,0.10215734+0.13132336j,-0.15667213+0.27142907j]],[[-0.14856912-0.29098317j,-0.09088025-0.03697094j,0.17755689+0.11015539j,0.03992011+0.20124048j],[0.06912812+0.50338207j,-0.05148982+0.05847675j,0.15499746+0.03413334j,0.13621508-0.10504724j],[-0.18665681-0.18556916j,0.06897562+0.24813141j,0.06947108-0.22391727j,0.09856651+0.12464057j],[-0.09809614+0.20826799j,-0.17470502-0.29793003j,0.12398118+0.20000265j,-0.14519593+0.11958309j]],[[-0.07858035-0.20149262j,0.03105543+0.03717299j,0.3340599+0.27350183j,0.08367403+0.0058889j],[0.04959825+0.20325197j,0.09441245+0.14976409j,0.27140166+0.23375687j,0.20418486-0.17816109j],[-0.12353068-0.0863829j,0.02734277+0.11187518j,0.11681689-0.29409589j,0.03012865+0.03953229j],[-0.10699932+0.11864467j,-0.17888266-0.38822503j,0.14460295-0.12531499j,-0.2923703+0.10800001j]]]", "initial param values": "[1.2547664,0.9332546,0.72828325,5.51180797,3.01305552,1.17988803]", "nelder_mead": {"type": "gradient-free", "0": {"maxiter": 100, "fatol": 1e-05, "xatol": 1e-05, "duration": 0.037068843841552734, "fun": "0.45705791372191906", "nit": "100", "nfev": "153", "status": "2", "success": "False", "message": "Maximum number of iterations has been exceeded.", "x": "[ 1.76062757 -0.15764926  0.35136181  3.53414598  4.23917226  2.86826306]", "final_simplex": "(array([[ 1.76062757, -0.15764926,  0.35136181,  3.53414598,  4.23917226,\n         2.86826306],\n       [ 1.76263984, -0.1039419 ,  0.30776531,  3.61282363,  4.24159199,\n         2.82602637],\n       [ 1.69004883, -0.09227671,  0.29671845,  3.57049568,  4.16564039,\n         2.7891114 ],\n       [ 1.73810087, -0.14482136,  0.24588276,  3.50075508,  4.24443198,\n         2.86869932],\n       [ 1.73146233, -0.06285094,  0.24464323,  3.57553264,  4.10169417,\n         2.79140683],\n       [ 1.72612714, -0.10970857,  0.32077054,  3.64656393,  4.23016775,\n         2.77636706],\n       [ 1.74361801, -0.10943706,  0.38697855,  3.47392872,  4.15208538,\n         2.77875781]]), array([0.45705791, 0.45718339, 0.45753398, 0.45772119, 0.45782916,\n       0.45812825, 0.45904903]))", "callback": [0.7129248124828365, 0.6154183892264534, 0.5927309057179915, 0.5679153705052353, 0.48826616507724085, 0.4702629439981687, 0.47006079363533126, 0.4679387072638769, 0.46538172661519794, 0.4601977747420063]}, "1": {"maxiter": 100, "fatol": 1e-05, "xatol": 1e-10, "duration": 0.03598189353942871, "fun": "0.45705791372191906", "nit": "100", "nfev": "153", "status": "2", "success": "False", "message": "Maximum number of iterations has been exceeded.", "x": "[ 1.76062757 -0.15764926  0.35136181  3.53414598  4.23917226  2.86826306]", "final_simplex": "(array([[ 1.76062757, -0.15764926,  0.35136181,  3.53414598,  4.23917226,\n         2.86826306],\n       [ 1.76263984, -0.1039419 ,  0.30776531,  3.61282363,  4.24159199,\n         2.82602637],\n       [ 1.69004883, -0.09227671,  0.29671845,  3.57049568,  4.16564039,\n         2.7891114 ],\n       [ 1.73810087, -0.14482136,  0.24588276,  3.50075508,  4.24443198,\n         2.86869932],\n       [ 1.73146233, -0.06285094,  0.24464323,  3.57553264,  4.10169417,\n         2.79140683],\n       [ 1.72612714, -0.10970857,  0.32077054,  3.64656393,  4.23016775,\n         2.77636706],\n       [ 1.74361801, -0.10943706,  0.38697855,  3.47392872,  4.15208538,\n         2.77875781]]), array([0.45705791, 0.45718339, 0.45753398, 0.45772119, 0.45782916,\n       0.45812825, 0.45904903]))", "callback": [0.7129248124828365, 0.6154183892264534, 0.5927309057179915, 0.5679153705052353, 0.48826616507724085, 0.4702629439981687, 0.47006079363533126, 0.4679387072638769, 0.46538172661519794, 0.4601977747420063]}, "2": {"maxiter": 100, "fatol": 1e-10, "xatol": 1e-05, "duration": 0.03502202033996582, "fun": "0.45705791372191906", "nit": "100", "nfev": "153", "status": "2", "success": "False", "message": "Maximum number of iterations has been exceeded.", "x": "[ 1.76062757 -0.15764926  0.35136181  3.53414598  4.23917226  2.86826306]", "final_simplex": "(array([[ 1.76062757, -0.15764926,  0.35136181,  3.53414598,  4.23917226,\n         2.86826306],\n       [ 1.76263984, -0.1039419 ,  0.30776531,  3.61282363,  4.24159199,\n         2.82602637],\n       [ 1.69004883, -0.09227671,  0.29671845,  3.57049568,  4.16564039,\n         2.7891114 ],\n       [ 1.73810087, -0.14482136,  0.24588276,  3.50075508,  4.24443198,\n         2.86869932],\n       [ 1.73146233, -0.06285094,  0.24464323,  3.57553264,  4.10169417,\n         2.79140683],\n       [ 1.72612714, -0.10970857,  0.32077054,  3.64656393,  4.23016775,\n         2.77636706],\n       [ 1.74361801, -0.10943706,  0.38697855,  3.47392872,  4.15208538,\n         2.77875781]]), array([0.45705791, 0.45718339, 0.45753398, 0.45772119, 0.45782916,\n       0.45812825, 0.45904903]))", "callback": [0.7129248124828365, 0.6154183892264534, 0.5927309057179915, 0.5679153705052353, 0.48826616507724085, 0.4702629439981687, 0.47006079363533126, 0.4679387072638769, 0.46538172661519794, 0.4601977747420063]}, "3": {"maxiter": 100, "fatol": 1e-10, "xatol": 1e-10, "duration": 0.036087989807128906, "fun": "0.45705791372191906", "nit": "100", "nfev": "153", "status": "2", "success": "False", "message": "Maximum number of iterations has been exceeded.", "x": "[ 1.76062757 -0.15764926  0.35136181  3.53414598  4.23917226  2.86826306]", "final_simplex": "(array([[ 1.76062757, -0.15764926,  0.35136181,  3.53414598,  4.23917226,\n         2.86826306],\n       [ 1.76263984, -0.1039419 ,  0.30776531,  3.61282363,  4.24159199,\n         2.82602637],\n       [ 1.69004883, -0.09227671,  0.29671845,  3.57049568,  4.16564039,\n         2.7891114 ],\n       [ 1.73810087, -0.14482136,  0.24588276,  3.50075508,  4.24443198,\n         2.86869932],\n       [ 1.73146233, -0.06285094,  0.24464323,  3.57553264,  4.10169417,\n         2.79140683],\n       [ 1.72612714, -0.10970857,  0.32077054,  3.64656393,  4.23016775,\n         2.77636706],\n       [ 1.74361801, -0.10943706,  0.38697855,  3.47392872,  4.15208538,\n         2.77875781]]), array([0.45705791, 0.45718339, 0.45753398, 0.45772119, 0.45782916,\n       0.45812825, 0.45904903]))", "callback": [0.7129248124828365, 0.6154183892264534, 0.5927309057179915, 0.5679153705052353, 0.48826616507724085, 0.4702629439981687, 0.47006079363533126, 0.4679387072638769, 0.46538172661519794, 0.4601977747420063]}, "4": {"maxiter": 500, "fatol": 1e-05, "xatol": 1e-05, "duration": 0.12387204170227051, "fun": "0.45448332935622504", "nit": "348", "nfev": "538", "status": "0", "success": "True", "message": "Optimization terminated successfully.", "x": "[ 1.74790368 -0.18082427  0.28430808  3.60677433  3.95886979  2.63236409]", "final_simplex": "(array([[ 1.74790368, -0.18082427,  0.28430808,  3.60677433,  3.95886979,\n         2.63236409],\n       [ 1.74790015, -0.18082228,  0.28430871,  3.60677466,  3.95886343,\n         2.63235903],\n       [ 1.74790316, -0.18082382,  0.28430703,  3.60677626,  3.95887377,\n         2.63236837],\n       [ 1.74789998, -0.18082214,  0.28430901,  3.60677615,  3.9588599 ,\n         2.63235695],\n       [ 1.74790282, -0.18082153,  0.28430856,  3.60677667,  3.9588727 ,\n         2.63236572],\n       [ 1.74789908, -0.18082303,  0.28430767,  3.60677662,  3.95886548,\n         2.63235918],\n       [ 1.74790231, -0.18082034,  0.28430568,  3.60677593,  3.95886442,\n         2.63236116]]), array([0.45448333, 0.45448333, 0.45448333, 0.45448333, 0.45448333,\n       0.45448333, 0.45448333]))", "callback": [0.7129248124828365, 0.6154183892264534, 0.5927309057179915, 0.5679153705052353, 0.48826616507724085, 0.4702629439981687, 0.47006079363533126, 0.4679387072638769, 0.46538172661519794, 0.4601977747420063, 0.45703853130279704, 0.45599533394258485, 0.45563673362687396, 0.45558513269229484, 0.4553548444112161, 0.4552777914541457, 0.4551180351439562, 0.4550786797487142, 0.4549226996118654, 0.45466687926489213, 0.45452935500709235, 0.45452935500709235, 0.45450581946153334, 0.4544894963179201, 0.45448903484188796, 0.4544838966836551, 0.4544838966836551, 0.4544833821773172, 0.4544833525438545, 0.45448333321663337, 0.454483329881578, 0.45448332944529135, 0.4544833293863956, 0.454483329363883, 0.4544833293569819]}, "5": {"maxiter": 500, "fatol": 1e-05, "xatol": 1e-10, "duration": 0.175980806350708, "fun": "0.4544833293553281", "nit": "454", "nfev": "765", "status": "0", "success": "True", "message": "Optimization terminated successfully.", "x": "[ 1.74790392 -0.1808227   0.28430905  3.60677383  3.95886936  2.63236543]", "final_simplex": "(array([[ 1.74790392, -0.1808227 ,  0.28430905,  3.60677383,  3.95886936,\n         2.63236543],\n       [ 1.74790392, -0.1808227 ,  0.28430905,  3.60677383,  3.95886936,\n         2.63236543],\n       [ 1.74790392, -0.1808227 ,  0.28430905,  3.60677383,  3.95886936,\n         2.63236543],\n       [ 1.74790392, -0.1808227 ,  0.28430905,  3.60677383,  3.95886936,\n         2.63236543],\n       [ 1.74790392, -0.1808227 ,  0.28430905,  3.60677383,  3.95886936,\n         2.63236543],\n       [ 1.74790392, -0.1808227 ,  0.28430905,  3.60677383,  3.95886936,\n         2.63236543],\n       [ 1.74790392, -0.1808227 ,  0.28430905,  3.60677383,  3.95886936,\n         2.63236543]]), array([0.45448333, 0.45448333, 0.45448333, 0.45448333, 0.45448333,\n       0.45448333, 0.45448333]))", "callback": [0.7129248124828365, 0.6154183892264534, 0.5927309057179915, 0.5679153705052353, 0.48826616507724085, 0.4702629439981687, 0.47006079363533126, 0.4679387072638769, 0.46538172661519794, 0.4601977747420063, 0.45703853130279704, 0.45599533394258485, 0.45563673362687396, 0.45558513269229484, 0.4553548444112161, 0.4552777914541457, 0.4551180351439562, 0.4550786797487142, 0.4549226996118654, 0.45466687926489213, 0.45452935500709235, 0.45452935500709235, 0.45450581946153334, 0.4544894963179201, 0.45448903484188796, 0.4544838966836551, 0.4544838966836551, 0.4544833821773172, 0.4544833525438545, 0.45448333321663337, 0.454483329881578, 0.45448332944529135, 0.4544833293863956, 0.454483329363883, 0.4544833293569819, 0.4544833293556678, 0.4544833293555022, 0.45448332935535807, 0.4544833293553553, 0.45448332935533853, 0.45448332935533065, 0.4544833293553291, 0.4544833293553284, 0.4544833293553281, 0.4544833293553281, 0.4544833293553281]}, "6": {"maxiter": 500, "fatol": 1e-10, "xatol": 1e-05, "duration": 0.12453007698059082, "fun": "0.45448332935622504", "nit": "348", "nfev": "538", "status": "0", "success": "True", "message": "Optimization terminated successfully.", "x": "[ 1.74790368 -0.18082427  0.28430808  3.60677433  3.95886979  2.63236409]", "final_simplex": "(array([[ 1.74790368, -0.18082427,  0.28430808,  3.60677433,  3.95886979,\n         2.63236409],\n       [ 1.74790015, -0.18082228,  0.28430871,  3.60677466,  3.95886343,\n         2.63235903],\n       [ 1.74790316, -0.18082382,  0.28430703,  3.60677626,  3.95887377,\n         2.63236837],\n       [ 1.74789998, -0.18082214,  0.28430901,  3.60677615,  3.9588599 ,\n         2.63235695],\n       [ 1.74790282, -0.18082153,  0.28430856,  3.60677667,  3.9588727 ,\n         2.63236572],\n       [ 1.74789908, -0.18082303,  0.28430767,  3.60677662,  3.95886548,\n         2.63235918],\n       [ 1.74790231, -0.18082034,  0.28430568,  3.60677593,  3.95886442,\n         2.63236116]]), array([0.45448333, 0.45448333, 0.45448333, 0.45448333, 0.45448333,\n       0.45448333, 0.45448333]))", "callback": [0.7129248124828365, 0.6154183892264534, 0.5927309057179915, 0.5679153705052353, 0.48826616507724085, 0.4702629439981687, 0.47006079363533126, 0.4679387072638769, 0.46538172661519794, 0.4601977747420063, 0.45703853130279704, 0.45599533394258485, 0.45563673362687396, 0.45558513269229484, 0.4553548444112161, 0.4552777914541457, 0.4551180351439562, 0.4550786797487142, 0.4549226996118654, 0.45466687926489213, 0.45452935500709235, 0.45452935500709235, 0.45450581946153334, 0.4544894963179201, 0.45448903484188796, 0.4544838966836551, 0.4544838966836551, 0.4544833821773172, 0.4544833525438545, 0.45448333321663337, 0.454483329881578, 0.45448332944529135, 0.4544833293863956, 0.454483329363883, 0.4544833293569819]}, "7": {"maxiter": 500, "fatol": 1e-10, "xatol": 1e-10, "duration": 0.19089221954345703, "fun": "0.4544833293553281", "nit": "454", "nfev": "765", "status": "0", "success": "True", "message": "Optimization terminated successfully.", "x": "[ 1.74790392 -0.1808227   0.28430905  3.60677383  3.95886936  2.63236543]", "final_simplex": "(array([[ 1.74790392, -0.1808227 ,  0.28430905,  3.60677383,  3.95886936,\n         2.63236543],\n       [ 1.74790392, -0.1808227 ,  0.28430905,  3.60677383,  3.95886936,\n         2.63236543],\n       [ 1.74790392, -0.1808227 ,  0.28430905,  3.60677383,  3.95886936,\n         2.63236543],\n       [ 1.74790392, -0.1808227 ,  0.28430905,  3.60677383,  3.95886936,\n         2.63236543],\n       [ 1.74790392, -0.1808227 ,  0.28430905,  3.60677383,  3.95886936,\n         2.63236543],\n       [ 1.74790392, -0.1808227 ,  0.28430905,  3.60677383,  3.95886936,\n         2.63236543],\n       [ 1.74790392, -0.1808227 ,  0.28430905,  3.60677383,  3.95886936,\n         2.63236543]]), array([0.45448333, 0.45448333, 0.45448333, 0.45448333, 0.45448333,\n       0.45448333, 0.45448333]))", "callback": [0.7129248124828365, 0.6154183892264534, 0.5927309057179915, 0.5679153705052353, 0.48826616507724085, 0.4702629439981687, 0.47006079363533126, 0.4679387072638769, 0.46538172661519794, 0.4601977747420063, 0.45703853130279704, 0.45599533394258485, 0.45563673362687396, 0.45558513269229484, 0.4553548444112161, 0.4552777914541457, 0.4551180351439562, 0.4550786797487142, 0.4549226996118654, 0.45466687926489213, 0.45452935500709235, 0.45452935500709235, 0.45450581946153334, 0.4544894963179201, 0.45448903484188796, 0.4544838966836551, 0.4544838966836551, 0.4544833821773172, 0.4544833525438545, 0.45448333321663337, 0.454483329881578, 0.45448332944529135, 0.4544833293863956, 0.454483329363883, 0.4544833293569819, 0.4544833293556678, 0.4544833293555022, 0.45448332935535807, 0.4544833293553553, 0.45448332935533853, 0.45448332935533065, 0.4544833293553291, 0.4544833293553284, 0.4544833293553281, 0.4544833293553281, 0.4544833293553281]}, "8": {"maxiter": 1000, "fatol": 1e-05, "xatol": 1e-05, "duration": 0.12387204170227051, "fun": "0.45448332935622504", "nit": "348", "nfev": "538", "status": "0", "success": "True", "message": "Optimization terminated successfully.", "x": "[ 1.74790368 -0.18082427  0.28430808  3.60677433  3.95886979  2.63236409]", "final_simplex": "(array([[ 1.74790368, -0.18082427,  0.28430808,  3.60677433,  3.95886979,\n         2.63236409],\n       [ 1.74790015, -0.18082228,  0.28430871,  3.60677466,  3.95886343,\n         2.63235903],\n       [ 1.74790316, -0.18082382,  0.28430703,  3.60677626,  3.95887377,\n         2.63236837],\n       [ 1.74789998, -0.18082214,  0.28430901,  3.60677615,  3.9588599 ,\n         2.63235695],\n       [ 1.74790282, -0.18082153,  0.28430856,  3.60677667,  3.9588727 ,\n         2.63236572],\n       [ 1.74789908, -0.18082303,  0.28430767,  3.60677662,  3.95886548,\n         2.63235918],\n       [ 1.74790231, -0.18082034,  0.28430568,  3.60677593,  3.95886442,\n         2.63236116]]), array([0.45448333, 0.45448333, 0.45448333, 0.45448333, 0.45448333,\n       0.45448333, 0.45448333]))", "callback": [0.7129248124828365, 0.6154183892264534, 0.5927309057179915, 0.5679153705052353, 0.48826616507724085, 0.4702629439981687, 0.47006079363533126, 0.4679387072638769, 0.46538172661519794, 0.4601977747420063, 0.45703853130279704, 0.45599533394258485, 0.45563673362687396, 0.45558513269229484, 0.4553548444112161, 0.4552777914541457, 0.4551180351439562, 0.4550786797487142, 0.4549226996118654, 0.45466687926489213, 0.45452935500709235, 0.45452935500709235, 0.45450581946153334, 0.4544894963179201, 0.45448903484188796, 0.4544838966836551, 0.4544838966836551, 0.4544833821773172, 0.4544833525438545, 0.45448333321663337, 0.454483329881578, 0.45448332944529135, 0.4544833293863956, 0.454483329363883, 0.4544833293569819]}, "9": {"maxiter": 1000, "fatol": 1e-05, "xatol": 1e-10, "duration": 0.17996478080749512, "fun": "0.4544833293553281", "nit": "454", "nfev": "765", "status": "0", "success": "True", "message": "Optimization terminated successfully.", "x": "[ 1.74790392 -0.1808227   0.28430905  3.60677383  3.95886936  2.63236543]", "final_simplex": "(array([[ 1.74790392, -0.1808227 ,  0.28430905,  3.60677383,  3.95886936,\n         2.63236543],\n       [ 1.74790392, -0.1808227 ,  0.28430905,  3.60677383,  3.95886936,\n         2.63236543],\n       [ 1.74790392, -0.1808227 ,  0.28430905,  3.60677383,  3.95886936,\n         2.63236543],\n       [ 1.74790392, -0.1808227 ,  0.28430905,  3.60677383,  3.95886936,\n         2.63236543],\n       [ 1.74790392, -0.1808227 ,  0.28430905,  3.60677383,  3.95886936,\n         2.63236543],\n       [ 1.74790392, -0.1808227 ,  0.28430905,  3.60677383,  3.95886936,\n         2.63236543],\n       [ 1.74790392, -0.1808227 ,  0.28430905,  3.60677383,  3.95886936,\n         2.63236543]]), array([0.45448333, 0.45448333, 0.45448333, 0.45448333, 0.45448333,\n       0.45448333, 0.45448333]))", "callback": [0.7129248124828365, 0.6154183892264534, 0.5927309057179915, 0.5679153705052353, 0.48826616507724085, 0.4702629439981687, 0.47006079363533126, 0.4679387072638769, 0.46538172661519794, 0.4601977747420063, 0.45703853130279704, 0.45599533394258485, 0.45563673362687396, 0.45558513269229484, 0.4553548444112161, 0.4552777914541457, 0.4551180351439562, 0.4550786797487142, 0.4549226996118654, 0.45466687926489213, 0.45452935500709235, 0.45452935500709235, 0.45450581946153334, 0.4544894963179201, 0.45448903484188796, 0.4544838966836551, 0.4544838966836551, 0.4544833821773172, 0.4544833525438545, 0.45448333321663337, 0.454483329881578, 0.45448332944529135, 0.4544833293863956, 0.454483329363883, 0.4544833293569819, 0.4544833293556678, 0.4544833293555022, 0.45448332935535807, 0.4544833293553553, 0.45448332935533853, 0.45448332935533065, 0.4544833293553291, 0.4544833293553284, 0.4544833293553281, 0.4544833293553281, 0.4544833293553281]}, "10": {"maxiter": 1000, "fatol": 1e-10, "xatol": 1e-05, "duration": 0.1282792091369629, "fun": "0.45448332935622504", "nit": "348", "nfev": "538", "status": "0", "success": "True", "message": "Optimization terminated successfully.", "x": "[ 1.74790368 -0.18082427  0.28430808  3.60677433  3.95886979  2.63236409]", "final_simplex": "(array([[ 1.74790368, -0.18082427,  0.28430808,  3.60677433,  3.95886979,\n         2.63236409],\n       [ 1.74790015, -0.18082228,  0.28430871,  3.60677466,  3.95886343,\n         2.63235903],\n       [ 1.74790316, -0.18082382,  0.28430703,  3.60677626,  3.95887377,\n         2.63236837],\n       [ 1.74789998, -0.18082214,  0.28430901,  3.60677615,  3.9588599 ,\n         2.63235695],\n       [ 1.74790282, -0.18082153,  0.28430856,  3.60677667,  3.9588727 ,\n         2.63236572],\n       [ 1.74789908, -0.18082303,  0.28430767,  3.60677662,  3.95886548,\n         2.63235918],\n       [ 1.74790231, -0.18082034,  0.28430568,  3.60677593,  3.95886442,\n         2.63236116]]), array([0.45448333, 0.45448333, 0.45448333, 0.45448333, 0.45448333,\n       0.45448333, 0.45448333]))", "callback": [0.7129248124828365, 0.6154183892264534, 0.5927309057179915, 0.5679153705052353, 0.48826616507724085, 0.4702629439981687, 0.47006079363533126, 0.4679387072638769, 0.46538172661519794, 0.4601977747420063, 0.45703853130279704, 0.45599533394258485, 0.45563673362687396, 0.45558513269229484, 0.4553548444112161, 0.4552777914541457, 0.4551180351439562, 0.4550786797487142, 0.4549226996118654, 0.45466687926489213, 0.45452935500709235, 0.45452935500709235, 0.45450581946153334, 0.4544894963179201, 0.45448903484188796, 0.4544838966836551, 0.4544838966836551, 0.4544833821773172, 0.4544833525438545, 0.45448333321663337, 0.454483329881578, 0.45448332944529135, 0.4544833293863956, 0.454483329363883, 0.4544833293569819]}, "11": {"maxiter": 1000, "fatol": 1e-10, "xatol": 1e-10, "duration": 0.17952203750610352, "fun": "0.4544833293553281", "nit": "454", "nfev": "765", "status": "0", "success": "True", "message": "Optimization terminated successfully.", "x": "[ 1.74790392 -0.1808227   0.28430905  3.60677383  3.95886936  2.63236543]", "final_simplex": "(array([[ 1.74790392, -0.1808227 ,  0.28430905,  3.60677383,  3.95886936,\n         2.63236543],\n       [ 1.74790392, -0.1808227 ,  0.28430905,  3.60677383,  3.95886936,\n         2.63236543],\n       [ 1.74790392, -0.1808227 ,  0.28430905,  3.60677383,  3.95886936,\n         2.63236543],\n       [ 1.74790392, -0.1808227 ,  0.28430905,  3.60677383,  3.95886936,\n         2.63236543],\n       [ 1.74790392, -0.1808227 ,  0.28430905,  3.60677383,  3.95886936,\n         2.63236543],\n       [ 1.74790392, -0.1808227 ,  0.28430905,  3.60677383,  3.95886936,\n         2.63236543],\n       [ 1.74790392, -0.1808227 ,  0.28430905,  3.60677383,  3.95886936,\n         2.63236543]]), array([0.45448333, 0.45448333, 0.45448333, 0.45448333, 0.45448333,\n       0.45448333, 0.45448333]))", "callback": [0.7129248124828365, 0.6154183892264534, 0.5927309057179915, 0.5679153705052353, 0.48826616507724085, 0.4702629439981687, 0.47006079363533126, 0.4679387072638769, 0.46538172661519794, 0.4601977747420063, 0.45703853130279704, 0.45599533394258485, 0.45563673362687396, 0.45558513269229484, 0.4553548444112161, 0.4552777914541457, 0.4551180351439562, 0.4550786797487142, 0.4549226996118654, 0.45466687926489213, 0.45452935500709235, 0.45452935500709235, 0.45450581946153334, 0.4544894963179201, 0.45448903484188796, 0.4544838966836551, 0.4544838966836551, 0.4544833821773172, 0.4544833525438545, 0.45448333321663337, 0.454483329881578, 0.45448332944529135, 0.4544833293863956, 0.454483329363883, 0.4544833293569819, 0.4544833293556678, 0.4544833293555022, 0.45448332935535807, 0.4544833293553553, 0.45448332935533853, 0.45448332935533065, 0.4544833293553291, 0.4544833293553284, 0.4544833293553281, 0.4544833293553281, 0.4544833293553281]}}, "bfgs": {"type": "gradient", "0": {"maxiter": 100, "gtol": 1e-05, "xrtol": 1e-05, "eps": 1e-05, "duration": 0.04231119155883789, "fun": "0.4544833295908943", "jac": "[-5.59452484e-06  2.45170551e-06  3.72168962e-07 -9.64317515e-07\n -4.57172078e-06  6.44352349e-06]", "hess_inv": "[[ 5.89444843 -0.46316247 -0.35182584 -1.75177283  6.57277776  7.06662074]\n [-0.46316247  4.80324264  1.28727268  0.83616958 -3.23900708 -4.10849969]\n [-0.35182584  1.28727268  4.10074454  0.41966682 -2.35134863 -2.67227406]\n [-1.75177283  0.83616958  0.41966682  5.5618372  -2.17379707 -2.35028742]\n [ 6.57277776 -3.23900708 -2.35134863 -2.17379707 34.76968431 31.51395856]\n [ 7.06662074 -4.10849969 -2.67227406 -2.35028742 31.51395856 32.28003952]]", "nfev": "175", "njev": "25", "status": "0", "success": "True", "message": "Optimization terminated successfully.", "x": "[ 1.74785874 -0.18081733  0.28430945  3.60677894  3.95879631  2.6323195 ]", "nit": "22", "callback": [0.628173992826469, 0.5373221061487772, 0.5176875599468007, 0.48622351926337226, 0.4694624835618102, 0.4663436780304566, 0.4628159726729971, 0.46222810908396317, 0.4611861439334667, 0.4594824399471471, 0.45751540985758754, 0.45665625523810127, 0.4554816505724161, 0.4548421427489022, 0.45454610015932106, 0.454497356387652, 0.4544892063354188, 0.4544844141859181, 0.4544834457252087, 0.45448334132938617, 0.4544833317004462, 0.4544833295908943]}, "1": {"maxiter": 100, "gtol": 1e-05, "xrtol": 1e-05, "eps": 1e-10, "duration": 0.040740013122558594, "fun": "0.4544833295138805", "jac": "[-5.55111466e-06  1.11022293e-06 -1.11022293e-06 -1.11022293e-06\n -5.55111466e-06  4.44089173e-06]", "hess_inv": "[[ 5.74265598 -0.39385948 -0.40845862 -1.71334721  6.08231301  6.54957331]\n [-0.39385948  4.78324453  1.31518937  0.82876806 -3.04995624 -3.88708638]\n [-0.40845862  1.31518937  4.10208695  0.44674107 -2.49589479 -2.81235976]\n [-1.71334721  0.82876806  0.44674107  5.56618356 -2.06834352 -2.21102329]\n [ 6.08231301 -3.04995624 -2.49589479 -2.06834352 33.58225945 30.30271916]\n [ 6.54957331 -3.88708638 -2.81235976 -2.21102329 30.30271916 31.05293532]]", "nfev": "175", "njev": "25", "status": "0", "success": "True", "message": "Optimization terminated successfully.", "x": "[ 1.74787267 -0.18081896  0.28430331  3.60677543  3.95885779  2.63237633]", "nit": "22", "callback": [0.6281746412884095, 0.5373225254344571, 0.5176877954341103, 0.48622341414932224, 0.46946193566755257, 0.4663430426845214, 0.462815411556061, 0.46222751055166367, 0.4611857369493071, 0.4594824701545588, 0.45751475772065764, 0.4566559020871037, 0.4554820508275752, 0.45484248836264474, 0.45454615209931903, 0.45449735735336316, 0.45448919684412425, 0.4544844141177202, 0.4544834454120572, 0.4544833400699091, 0.45448333122264084, 0.4544833295138805]}, "2": {"maxiter": 100, "gtol": 1e-05, "xrtol": 1e-10, "eps": 1e-05, "duration": 0.04153704643249512, "fun": "0.4544833295908943", "jac": "[-5.59452484e-06  2.45170551e-06  3.72168962e-07 -9.64317515e-07\n -4.57172078e-06  6.44352349e-06]", "hess_inv": "[[ 5.89444843 -0.46316247 -0.35182584 -1.75177283  6.57277776  7.06662074]\n [-0.46316247  4.80324264  1.28727268  0.83616958 -3.23900708 -4.10849969]\n [-0.35182584  1.28727268  4.10074454  0.41966682 -2.35134863 -2.67227406]\n [-1.75177283  0.83616958  0.41966682  5.5618372  -2.17379707 -2.35028742]\n [ 6.57277776 -3.23900708 -2.35134863 -2.17379707 34.76968431 31.51395856]\n [ 7.06662074 -4.10849969 -2.67227406 -2.35028742 31.51395856 32.28003952]]", "nfev": "175", "njev": "25", "status": "0", "success": "True", "message": "Optimization terminated successfully.", "x": "[ 1.74785874 -0.18081733  0.28430945  3.60677894  3.95879631  2.6323195 ]", "nit": "22", "callback": [0.628173992826469, 0.5373221061487772, 0.5176875599468007, 0.48622351926337226, 0.4694624835618102, 0.4663436780304566, 0.4628159726729971, 0.46222810908396317, 0.4611861439334667, 0.4594824399471471, 0.45751540985758754, 0.45665625523810127, 0.4554816505724161, 0.4548421427489022, 0.45454610015932106, 0.454497356387652, 0.4544892063354188, 0.4544844141859181, 0.4544834457252087, 0.45448334132938617, 0.4544833317004462, 0.4544833295908943]}, "3": {"maxiter": 100, "gtol": 1e-05, "xrtol": 1e-10, "eps": 1e-10, "duration": 0.040943145751953125, "fun": "0.4544833295138805", "jac": "[-5.55111466e-06  1.11022293e-06 -1.11022293e-06 -1.11022293e-06\n -5.55111466e-06  4.44089173e-06]", "hess_inv": "[[ 5.74265598 -0.39385948 -0.40845862 -1.71334721  6.08231301  6.54957331]\n [-0.39385948  4.78324453  1.31518937  0.82876806 -3.04995624 -3.88708638]\n [-0.40845862  1.31518937  4.10208695  0.44674107 -2.49589479 -2.81235976]\n [-1.71334721  0.82876806  0.44674107  5.56618356 -2.06834352 -2.21102329]\n [ 6.08231301 -3.04995624 -2.49589479 -2.06834352 33.58225945 30.30271916]\n [ 6.54957331 -3.88708638 -2.81235976 -2.21102329 30.30271916 31.05293532]]", "nfev": "175", "njev": "25", "status": "0", "success": "True", "message": "Optimization terminated successfully.", "x": "[ 1.74787267 -0.18081896  0.28430331  3.60677543  3.95885779  2.63237633]", "nit": "22", "callback": [0.6281746412884095, 0.5373225254344571, 0.5176877954341103, 0.48622341414932224, 0.46946193566755257, 0.4663430426845214, 0.462815411556061, 0.46222751055166367, 0.4611857369493071, 0.4594824701545588, 0.45751475772065764, 0.4566559020871037, 0.4554820508275752, 0.45484248836264474, 0.45454615209931903, 0.45449735735336316, 0.45448919684412425, 0.4544844141177202, 0.4544834454120572, 0.4544833400699091, 0.45448333122264084, 0.4544833295138805]}, "4": {"maxiter": 100, "gtol": 1e-10, "xrtol": 1e-05, "eps": 1e-05, "duration": 0.0434718132019043, "fun": "0.45448332943276626", "jac": "[-7.23698879e-07 -8.45989945e-08  6.64790445e-07 -2.81152879e-07\n -4.83668661e-07  9.54269996e-07]", "hess_inv": "[[ 6.67575508 -0.63620838 -0.30936046 -1.87046162  6.82969797  6.69902328]\n [-0.63620838  4.75162475  1.32293402  0.7885005  -2.89762359 -3.5434947 ]\n [-0.30936046  1.32293402  4.08047196  0.45027179 -2.53694603 -2.93455544]\n [-1.87046162  0.7885005   0.45027179  5.51905675 -1.88533603 -1.89681653]\n [ 6.82969797 -2.89762359 -2.53694603 -1.88533603 33.0904995  29.25168367]\n [ 6.69902328 -3.5434947  -2.93455544 -1.89681653 29.25168367 29.85296853]]", "nfev": "182", "njev": "26", "status": "0", "success": "True", "message": "Optimization terminated successfully.", "x": "[ 1.74788402 -0.18082268  0.2843107   3.6067753   3.95880355  2.6323063 ]", "nit": "23", "callback": [0.628173992826469, 0.5373221061487772, 0.5176875599468007, 0.48622351926337226, 0.4694624835618102, 0.4663436780304566, 0.4628159726729971, 0.46222810908396317, 0.4611861439334667, 0.4594824399471471, 0.45751540985758754, 0.45665625523810127, 0.4554816505724161, 0.4548421427489022, 0.45454610015932106, 0.454497356387652, 0.4544892063354188, 0.4544844141859181, 0.4544834457252087, 0.45448334132938617, 0.4544833317004462, 0.4544833295908943, 0.45448332943276626]}, "5": {"maxiter": 100, "gtol": 1e-10, "xrtol": 1e-05, "eps": 1e-10, "duration": 0.04475712776184082, "fun": "0.45448332944131464", "jac": "[-3.33066880e-06  2.22044587e-06 -2.22044587e-06  0.00000000e+00\n -2.22044587e-06  4.44089173e-06]", "hess_inv": "[[ 7.81501454 -0.9763026  -0.25766724 -2.23241657 10.65684632  9.97742943]\n [-0.9763026   4.73848078  1.38076021  0.83746156 -4.65030374 -5.19220651]\n [-0.25766724  1.38076021  4.05715668  0.48001686 -2.0000912  -2.38598426]\n [-2.23241657  0.83746156  0.48001686  5.60590701 -3.42122369 -3.29449421]\n [10.65684632 -4.65030374 -2.0000912  -3.42122369 43.20514345 37.35359257]\n [ 9.97742943 -5.19220651 -2.38598426 -3.29449421 37.35359257 36.16276743]]", "nfev": "189", "njev": "27", "status": "0", "success": "True", "message": "Optimization terminated successfully.", "x": "[ 1.74789231 -0.18082277  0.28430386  3.60677163  3.95890373  2.63241162]", "nit": "23", "callback": [0.6281746412884095, 0.5373225254344571, 0.5176877954341103, 0.48622341414932224, 0.46946193566755257, 0.4663430426845214, 0.462815411556061, 0.46222751055166367, 0.4611857369493071, 0.4594824701545588, 0.45751475772065764, 0.4566559020871037, 0.4554820508275752, 0.45484248836264474, 0.45454615209931903, 0.45449735735336316, 0.45448919684412425, 0.4544844141177202, 0.4544834454120572, 0.4544833400699091, 0.45448333122264084, 0.4544833295138805, 0.45448332944131464]}, "6": {"maxiter": 100, "gtol": 1e-10, "xrtol": 1e-10, "eps": 1e-05, "duration": 0.08085298538208008, "fun": "0.45448332943276626", "jac": "[-7.23698879e-07 -8.45989945e-08  6.64790445e-07 -2.81152879e-07\n -4.83668661e-07  9.54269996e-07]", "hess_inv": "[[ 6.68349407 -0.47188906 -0.43636439 -1.75827688  6.14322899  5.87673752]\n [-0.47188906  4.68164942  1.35806271  0.74083327 -2.70467582 -3.45594011]\n [-0.43636439  1.35806271  4.0678709   0.47417316 -2.60741536 -2.90876697]\n [-1.75827688  0.74083327  0.47417316  5.48658597 -1.75404836 -1.83756656]\n [ 6.14322899 -2.70467582 -2.60741536 -1.75404836 32.6968508  29.37591851]\n [ 5.87673752 -3.45594011 -2.90876697 -1.83756656 29.37591851 30.70962915]]", "nfev": "347", "njev": "48", "status": "2", "success": "False", "message": "Desired error not necessarily achieved due to precision loss.", "x": "[ 1.74788402 -0.18082268  0.2843107   3.6067753   3.95880355  2.6323063 ]", "nit": "23", "callback": [0.628173992826469, 0.5373221061487772, 0.5176875599468007, 0.48622351926337226, 0.4694624835618102, 0.4663436780304566, 0.4628159726729971, 0.46222810908396317, 0.4611861439334667, 0.4594824399471471, 0.45751540985758754, 0.45665625523810127, 0.4554816505724161, 0.4548421427489022, 0.45454610015932106, 0.454497356387652, 0.4544892063354188, 0.4544844141859181, 0.4544834457252087, 0.45448334132938617, 0.4544833317004462, 0.4544833295908943, 0.45448332943276626]}, "7": {"maxiter": 100, "gtol": 1e-10, "xrtol": 1e-10, "eps": 1e-10, "duration": 0.09170675277709961, "fun": "0.45448332936454505", "jac": "[ 1.11022293e-06 -1.11022293e-06  1.11022293e-06  0.00000000e+00\n -1.11022293e-06  0.00000000e+00]", "hess_inv": "[[ 0.27910554 -0.19096339 -0.02546234  0.04760426 -0.08128157 -0.01581586]\n [-0.19096339  1.37220364  0.1354028   0.01665476 -0.31881932 -0.21917612]\n [-0.02546234  0.1354028   0.39611561  0.00335769 -0.09505763  0.00180911]\n [ 0.04760426  0.01665476  0.00335769  0.42110046 -0.44256279 -0.13546436]\n [-0.08128157 -0.31881932 -0.09505763 -0.44256279  1.0486129   0.3205584 ]\n [-0.01581586 -0.21917612  0.00180911 -0.13546436  0.3205584   0.36569957]]", "nfev": "385", "njev": "55", "status": "0", "success": "True", "message": "Optimization terminated successfully.", "x": "[ 1.74791144 -0.18082436  0.28430791  3.60677148  3.95889301  2.63238811]", "nit": "35", "callback": [0.6281746412884095, 0.5373225254344571, 0.5176877954341103, 0.48622341414932224, 0.46946193566755257, 0.4663430426845214, 0.462815411556061, 0.46222751055166367, 0.4611857369493071, 0.4594824701545588, 0.45751475772065764, 0.4566559020871037, 0.4554820508275752, 0.45484248836264474, 0.45454615209931903, 0.45449735735336316, 0.45448919684412425, 0.4544844141177202, 0.4544834454120572, 0.4544833400699091, 0.45448333122264084, 0.4544833295138805, 0.45448332944131464, 0.45448332938005787, 0.45448332937984104, 0.4544833293744668, 0.4544833293741517, 0.45448332937116764, 0.4544833293692291, 0.45448332936774194, 0.4544833293666276, 0.45448332936583247, 0.4544833293651529, 0.45448332936454516, 0.45448332936454505]}, "8": {"maxiter": 500, "gtol": 1e-05, "xrtol": 1e-05, "eps": 1e-05, "duration": 0.04148292541503906, "fun": "0.4544833295908943", "jac": "[-5.59452484e-06  2.45170551e-06  3.72168962e-07 -9.64317515e-07\n -4.57172078e-06  6.44352349e-06]", "hess_inv": "[[ 5.89444843 -0.46316247 -0.35182584 -1.75177283  6.57277776  7.06662074]\n [-0.46316247  4.80324264  1.28727268  0.83616958 -3.23900708 -4.10849969]\n [-0.35182584  1.28727268  4.10074454  0.41966682 -2.35134863 -2.67227406]\n [-1.75177283  0.83616958  0.41966682  5.5618372  -2.17379707 -2.35028742]\n [ 6.57277776 -3.23900708 -2.35134863 -2.17379707 34.76968431 31.51395856]\n [ 7.06662074 -4.10849969 -2.67227406 -2.35028742 31.51395856 32.28003952]]", "nfev": "175", "njev": "25", "status": "0", "success": "True", "message": "Optimization terminated successfully.", "x": "[ 1.74785874 -0.18081733  0.28430945  3.60677894  3.95879631  2.6323195 ]", "nit": "22", "callback": [0.628173992826469, 0.5373221061487772, 0.5176875599468007, 0.48622351926337226, 0.4694624835618102, 0.4663436780304566, 0.4628159726729971, 0.46222810908396317, 0.4611861439334667, 0.4594824399471471, 0.45751540985758754, 0.45665625523810127, 0.4554816505724161, 0.4548421427489022, 0.45454610015932106, 0.454497356387652, 0.4544892063354188, 0.4544844141859181, 0.4544834457252087, 0.45448334132938617, 0.4544833317004462, 0.4544833295908943]}, "9": {"maxiter": 500, "gtol": 1e-05, "xrtol": 1e-05, "eps": 1e-10, "duration": 0.04132723808288574, "fun": "0.4544833295138805", "jac": "[-5.55111466e-06  1.11022293e-06 -1.11022293e-06 -1.11022293e-06\n -5.55111466e-06  4.44089173e-06]", "hess_inv": "[[ 5.74265598 -0.39385948 -0.40845862 -1.71334721  6.08231301  6.54957331]\n [-0.39385948  4.78324453  1.31518937  0.82876806 -3.04995624 -3.88708638]\n [-0.40845862  1.31518937  4.10208695  0.44674107 -2.49589479 -2.81235976]\n [-1.71334721  0.82876806  0.44674107  5.56618356 -2.06834352 -2.21102329]\n [ 6.08231301 -3.04995624 -2.49589479 -2.06834352 33.58225945 30.30271916]\n [ 6.54957331 -3.88708638 -2.81235976 -2.21102329 30.30271916 31.05293532]]", "nfev": "175", "njev": "25", "status": "0", "success": "True", "message": "Optimization terminated successfully.", "x": "[ 1.74787267 -0.18081896  0.28430331  3.60677543  3.95885779  2.63237633]", "nit": "22", "callback": [0.6281746412884095, 0.5373225254344571, 0.5176877954341103, 0.48622341414932224, 0.46946193566755257, 0.4663430426845214, 0.462815411556061, 0.46222751055166367, 0.4611857369493071, 0.4594824701545588, 0.45751475772065764, 0.4566559020871037, 0.4554820508275752, 0.45484248836264474, 0.45454615209931903, 0.45449735735336316, 0.45448919684412425, 0.4544844141177202, 0.4544834454120572, 0.4544833400699091, 0.45448333122264084, 0.4544833295138805]}, "10": {"maxiter": 500, "gtol": 1e-05, "xrtol": 1e-10, "eps": 1e-05, "duration": 0.04165315628051758, "fun": "0.4544833295908943", "jac": "[-5.59452484e-06  2.45170551e-06  3.72168962e-07 -9.64317515e-07\n -4.57172078e-06  6.44352349e-06]", "hess_inv": "[[ 5.89444843 -0.46316247 -0.35182584 -1.75177283  6.57277776  7.06662074]\n [-0.46316247  4.80324264  1.28727268  0.83616958 -3.23900708 -4.10849969]\n [-0.35182584  1.28727268  4.10074454  0.41966682 -2.35134863 -2.67227406]\n [-1.75177283  0.83616958  0.41966682  5.5618372  -2.17379707 -2.35028742]\n [ 6.57277776 -3.23900708 -2.35134863 -2.17379707 34.76968431 31.51395856]\n [ 7.06662074 -4.10849969 -2.67227406 -2.35028742 31.51395856 32.28003952]]", "nfev": "175", "njev": "25", "status": "0", "success": "True", "message": "Optimization terminated successfully.", "x": "[ 1.74785874 -0.18081733  0.28430945  3.60677894  3.95879631  2.6323195 ]", "nit": "22", "callback": [0.628173992826469, 0.5373221061487772, 0.5176875599468007, 0.48622351926337226, 0.4694624835618102, 0.4663436780304566, 0.4628159726729971, 0.46222810908396317, 0.4611861439334667, 0.4594824399471471, 0.45751540985758754, 0.45665625523810127, 0.4554816505724161, 0.4548421427489022, 0.45454610015932106, 0.454497356387652, 0.4544892063354188, 0.4544844141859181, 0.4544834457252087, 0.45448334132938617, 0.4544833317004462, 0.4544833295908943]}, "11": {"maxiter": 500, "gtol": 1e-05, "xrtol": 1e-10, "eps": 1e-10, "duration": 0.041031837463378906, "fun": "0.4544833295138805", "jac": "[-5.55111466e-06  1.11022293e-06 -1.11022293e-06 -1.11022293e-06\n -5.55111466e-06  4.44089173e-06]", "hess_inv": "[[ 5.74265598 -0.39385948 -0.40845862 -1.71334721  6.08231301  6.54957331]\n [-0.39385948  4.78324453  1.31518937  0.82876806 -3.04995624 -3.88708638]\n [-0.40845862  1.31518937  4.10208695  0.44674107 -2.49589479 -2.81235976]\n [-1.71334721  0.82876806  0.44674107  5.56618356 -2.06834352 -2.21102329]\n [ 6.08231301 -3.04995624 -2.49589479 -2.06834352 33.58225945 30.30271916]\n [ 6.54957331 -3.88708638 -2.81235976 -2.21102329 30.30271916 31.05293532]]", "nfev": "175", "njev": "25", "status": "0", "success": "True", "message": "Optimization terminated successfully.", "x": "[ 1.74787267 -0.18081896  0.28430331  3.60677543  3.95885779  2.63237633]", "nit": "22", "callback": [0.6281746412884095, 0.5373225254344571, 0.5176877954341103, 0.48622341414932224, 0.46946193566755257, 0.4663430426845214, 0.462815411556061, 0.46222751055166367, 0.4611857369493071, 0.4594824701545588, 0.45751475772065764, 0.4566559020871037, 0.4554820508275752