{"conf_id": 3, "data_type": "random\n", "num_data_points": 1, "s_rank": 0, "unitary": "[[-0.53618537-0.34368723j,-0.12107031-0.46226139j,-0.07699282-0.46603512j,0.36022595-0.11472301j],[0.26026499-0.63450712j,-0.56616638+0.37832564j,-0.14988651+0.08458591j,0.10363514-0.16008501j],[-0.32580188-0.11070003j,-0.36476308-0.23593218j,0.02559343+0.41761608j,-0.25598305+0.6725303j],[0.07406738-0.0126433j,0.28513701+0.19483972j,-0.74939717-0.10299659j,0.29798249+0.46269921j]]", "databatch_0": {"databatch": "[[[0.06484523-0.05317441j,0.19078124-0.04055208j,-0.06418142-0.03122121j,-0.07205277-0.31091238j],[0.0148682+0.05690772j,-0.03009866+0.13344866j,0.03871097-0.03174001j,0.21922781+0.04524996j],[-0.14267312+0.05921763j,-0.35801617-0.03013319j,0.09654016+0.08924668j,-0.03858764+0.58663015j],[0.04003203-0.10149378j,0.19115771-0.16688647j,-0.09271421+0.00515293j,-0.2787521-0.3077485j]]]", "nelder_mead": {"0": {"maxiter": 100, "fatol": 1e-05, "xatol": 1e-05, "duration": 0.02732110023498535, "fun": "0.27642309901407414", "nit": "100", "nfev": "163", "status": "2", "success": "False", "message": "Maximum number of iterations has been exceeded.", "x": "[3.95921754 6.63884078 2.24552866 1.64375137 0.58515227 3.76779476]", "final_simplex": "(array([[3.95921754, 6.63884078, 2.24552866, 1.64375137, 0.58515227,\n        3.76779476],\n       [4.03222074, 6.61216769, 2.20525846, 1.56581313, 0.58281968,\n        3.8028154 ],\n       [4.03946531, 6.6285821 , 2.2343737 , 1.58242735, 0.58541017,\n        3.77082762],\n       [3.92468221, 6.64379748, 2.31106733, 1.61484958, 0.58678096,\n        3.71424518],\n       [3.89341955, 6.71674194, 2.23227104, 1.58359768, 0.58699986,\n        3.71391389],\n       [4.01613468, 6.62840076, 2.26499427, 1.61587455, 0.58156692,\n        3.80935141],\n       [3.94702127, 6.734755  , 2.29585557, 1.6728057 , 0.57943375,\n        3.72838488]]), array([0.2764231 , 0.27674963, 0.27684877, 0.27708471, 0.27714105,\n       0.27716993, 0.2774606 ]))"}, "1": {"maxiter": 100, "fatol": 1e-05, "xatol": 1e-10, "duration": 0.027132272720336914, "fun": "0.27642309901407414", "nit": "100", "nfev": "163", "status": "2", "success": "False", "message": "Maximum number of iterations has been exceeded.", "x": "[3.95921754 6.63884078 2.24552866 1.64375137 0.58515227 3.76779476]", "final_simplex": "(array([[3.95921754, 6.63884078, 2.24552866, 1.64375137, 0.58515227,\n        3.76779476],\n       [4.03222074, 6.61216769, 2.20525846, 1.56581313, 0.58281968,\n        3.8028154 ],\n       [4.03946531, 6.6285821 , 2.2343737 , 1.58242735, 0.58541017,\n        3.77082762],\n       [3.92468221, 6.64379748, 2.31106733, 1.61484958, 0.58678096,\n        3.71424518],\n       [3.89341955, 6.71674194, 2.23227104, 1.58359768, 0.58699986,\n        3.71391389],\n       [4.01613468, 6.62840076, 2.26499427, 1.61587455, 0.58156692,\n        3.80935141],\n       [3.94702127, 6.734755  , 2.29585557, 1.6728057 , 0.57943375,\n        3.72838488]]), array([0.2764231 , 0.27674963, 0.27684877, 0.27708471, 0.27714105,\n       0.27716993, 0.2774606 ]))"}, "2": {"maxiter": 100, "fatol": 1e-10, "xatol": 1e-05, "duration": 0.02713298797607422, "fun": "0.27642309901407414", "nit": "100", "nfev": "163", "status": "2", "success": "False", "message": "Maximum number of iterations has been exceeded.", "x": "[3.95921754 6.63884078 2.24552866 1.64375137 0.58515227 3.76779476]", "final_simplex": "(array([[3.95921754, 6.63884078, 2.24552866, 1.64375137, 0.58515227,\n        3.76779476],\n       [4.03222074, 6.61216769, 2.20525846, 1.56581313, 0.58281968,\n        3.8028154 ],\n       [4.03946531, 6.6285821 , 2.2343737 , 1.58242735, 0.58541017,\n        3.77082762],\n       [3.92468221, 6.64379748, 2.31106733, 1.61484958, 0.58678096,\n        3.71424518],\n       [3.89341955, 6.71674194, 2.23227104, 1.58359768, 0.58699986,\n        3.71391389],\n       [4.01613468, 6.62840076, 2.26499427, 1.61587455, 0.58156692,\n        3.80935141],\n       [3.94702127, 6.734755  , 2.29585557, 1.6728057 , 0.57943375,\n        3.72838488]]), array([0.2764231 , 0.27674963, 0.27684877, 0.27708471, 0.27714105,\n       0.27716993, 0.2774606 ]))"}, "3": {"maxiter": 100, "fatol": 1e-10, "xatol": 1e-10, "duration": 0.02709507942199707, "fun": "0.27642309901407414", "nit": "100", "nfev": "163", "status": "2", "success": "False", "message": "Maximum number of iterations has been exceeded.", "x": "[3.95921754 6.63884078 2.24552866 1.64375137 0.58515227 3.76779476]", "final_simplex": "(array([[3.95921754, 6.63884078, 2.24552866, 1.64375137, 0.58515227,\n        3.76779476],\n       [4.03222074, 6.61216769, 2.20525846, 1.56581313, 0.58281968,\n        3.8028154 ],\n       [4.03946531, 6.6285821 , 2.2343737 , 1.58242735, 0.58541017,\n        3.77082762],\n       [3.92468221, 6.64379748, 2.31106733, 1.61484958, 0.58678096,\n        3.71424518],\n       [3.89341955, 6.71674194, 2.23227104, 1.58359768, 0.58699986,\n        3.71391389],\n       [4.01613468, 6.62840076, 2.26499427, 1.61587455, 0.58156692,\n        3.80935141],\n       [3.94702127, 6.734755  , 2.29585557, 1.6728057 , 0.57943375,\n        3.72838488]]), array([0.2764231 , 0.27674963, 0.27684877, 0.27708471, 0.27714105,\n       0.27716993, 0.2774606 ]))"}, "4": {"maxiter": 500, "fatol": 1e-05, "xatol": 1e-05, "duration": 0.07082891464233398, "fun": "0.2732669802860802", "nit": "263", "nfev": "426", "status": "0", "success": "True", "message": "Optimization terminated successfully.", "x": "[3.99892234 6.35636622 2.07133716 1.55456725 0.61471316 3.66213972]", "final_simplex": "(array([[3.99892234, 6.35636622, 2.07133716, 1.55456725, 0.61471316,\n        3.66213972],\n       [3.99892955, 6.35636232, 2.07133495, 1.55456522, 0.61471264,\n        3.66214345],\n       [3.99892341, 6.35636512, 2.07133354, 1.55456126, 0.61471292,\n        3.66214265],\n       [3.99892776, 6.35636125, 2.07133637, 1.55456371, 0.61471251,\n        3.66214548],\n       [3.99892473, 6.3563614 , 2.07133334, 1.55456636, 0.61471284,\n        3.66214336],\n       [3.99892634, 6.35636735, 2.07134066, 1.55456937, 0.61471209,\n        3.66214405],\n       [3.99892402, 6.35637503, 2.07134141, 1.55456827, 0.61471221,\n        3.66214286]]), array([0.27326698, 0.27326698, 0.27326698, 0.27326698, 0.27326698,\n       0.27326698, 0.27326698]))"}, "5": {"maxiter": 500, "fatol": 1e-05, "xatol": 1e-10, "duration": 0.10641908645629883, "fun": "0.27326698028482943", "nit": "351", "nfev": "642", "status": "0", "success": "True", "message": "Optimization terminated successfully.", "x": "[3.99892548 6.35636504 2.07133475 1.55456433 0.61471278 3.66214286]", "final_simplex": "(array([[3.99892548, 6.35636504, 2.07133475, 1.55456433, 0.61471278,\n        3.66214286],\n       [3.99892548, 6.35636504, 2.07133475, 1.55456433, 0.61471278,\n        3.66214286],\n       [3.99892548, 6.35636504, 2.07133475, 1.55456433, 0.61471278,\n        3.66214286],\n       [3.99892548, 6.35636504, 2.07133475, 1.55456433, 0.61471278,\n        3.66214286],\n       [3.99892548, 6.35636504, 2.07133475, 1.55456433, 0.61471278,\n        3.66214286],\n       [3.99892548, 6.35636504, 2.07133475, 1.55456433, 0.61471278,\n        3.66214286],\n       [3.99892548, 6.35636504, 2.07133475, 1.55456433, 0.61471278,\n        3.66214286]]), array([0.27326698, 0.27326698, 0.27326698, 0.27326698, 0.27326698,\n       0.27326698, 0.27326698]))"}, "6": {"maxiter": 500, "fatol": 1e-10, "xatol": 1e-05, "duration": 0.07084178924560547, "fun": "0.2732669802860802", "nit": "263", "nfev": "426", "status": "0", "success": "True", "message": "Optimization terminated successfully.", "x": "[3.99892234 6.35636622 2.07133716 1.55456725 0.61471316 3.66213972]", "final_simplex": "(array([[3.99892234, 6.35636622, 2.07133716, 1.55456725, 0.61471316,\n        3.66213972],\n       [3.99892955, 6.35636232, 2.07133495, 1.55456522, 0.61471264,\n        3.66214345],\n       [3.99892341, 6.35636512, 2.07133354, 1.55456126, 0.61471292,\n        3.66214265],\n       [3.99892776, 6.35636125, 2.07133637, 1.55456371, 0.61471251,\n        3.66214548],\n       [3.99892473, 6.3563614 , 2.07133334, 1.55456636, 0.61471284,\n        3.66214336],\n       [3.99892634, 6.35636735, 2.07134066, 1.55456937, 0.61471209,\n        3.66214405],\n       [3.99892402, 6.35637503, 2.07134141, 1.55456827, 0.61471221,\n        3.66214286]]), array([0.27326698, 0.27326698, 0.27326698, 0.27326698, 0.27326698,\n       0.27326698, 0.27326698]))"}, "7": {"maxiter": 500, "fatol": 1e-10, "xatol": 1e-10, "duration": 0.10722899436950684, "fun": "0.27326698028482943", "nit": "351", "nfev": "642", "status": "0", "success": "True", "message": "Optimization terminated successfully.", "x": "[3.99892548 6.35636504 2.07133475 1.55456433 0.61471278 3.66214286]", "final_simplex": "(array([[3.99892548, 6.35636504, 2.07133475, 1.55456433, 0.61471278,\n        3.66214286],\n       [3.99892548, 6.35636504, 2.07133475, 1.55456433, 0.61471278,\n        3.66214286],\n       [3.99892548, 6.35636504, 2.07133475, 1.55456433, 0.61471278,\n        3.66214286],\n       [3.99892548, 6.35636504, 2.07133475, 1.55456433, 0.61471278,\n        3.66214286],\n       [3.99892548, 6.35636504, 2.07133475, 1.55456433, 0.61471278,\n        3.66214286],\n       [3.99892548, 6.35636504, 2.07133475, 1.55456433, 0.61471278,\n        3.66214286],\n       [3.99892548, 6.35636504, 2.07133475, 1.55456433, 0.61471278,\n        3.66214286]]), array([0.27326698, 0.27326698, 0.27326698, 0.27326698, 0.27326698,\n       0.27326698, 0.27326698]))"}, "8": {"maxiter": 1000, "fatol": 1e-05, "xatol": 1e-05, "duration": 0.0752711296081543, "fun": "0.2732669802860802", "nit": "263", "nfev": "426", "status": "0", "success": "True", "message": "Optimization terminated successfully.", "x": "[3.99892234 6.35636622 2.07133716 1.55456725 0.61471316 3.66213972]", "final_simplex": "(array([[3.99892234, 6.35636622, 2.07133716, 1.55456725, 0.61471316,\n        3.66213972],\n       [3.99892955, 6.35636232, 2.07133495, 1.55456522, 0.61471264,\n        3.66214345],\n       [3.99892341, 6.35636512, 2.07133354, 1.55456126, 0.61471292,\n        3.66214265],\n       [3.99892776, 6.35636125, 2.07133637, 1.55456371, 0.61471251,\n        3.66214548],\n       [3.99892473, 6.3563614 , 2.07133334, 1.55456636, 0.61471284,\n        3.66214336],\n       [3.99892634, 6.35636735, 2.07134066, 1.55456937, 0.61471209,\n        3.66214405],\n       [3.99892402, 6.35637503, 2.07134141, 1.55456827, 0.61471221,\n        3.66214286]]), array([0.27326698, 0.27326698, 0.27326698, 0.27326698, 0.27326698,\n       0.27326698, 0.27326698]))"}, "9": {"maxiter": 1000, "fatol": 1e-05, "xatol": 1e-10, "duration": 0.11424994468688965, "fun": "0.27326698028482943", "nit": "351", "nfev": "642", "status": "0", "success": "True", "message": "Optimization terminated successfully.", "x": "[3.99892548 6.35636504 2.07133475 1.55456433 0.61471278 3.66214286]", "final_simplex": "(array([[3.99892548, 6.35636504, 2.07133475, 1.55456433, 0.61471278,\n        3.66214286],\n       [3.99892548, 6.35636504, 2.07133475, 1.55456433, 0.61471278,\n        3.66214286],\n       [3.99892548, 6.35636504, 2.07133475, 1.55456433, 0.61471278,\n        3.66214286],\n       [3.99892548, 6.35636504, 2.07133475, 1.55456433, 0.61471278,\n        3.66214286],\n       [3.99892548, 6.35636504, 2.07133475, 1.55456433, 0.61471278,\n        3.66214286],\n       [3.99892548, 6.35636504, 2.07133475, 1.55456433, 0.61471278,\n        3.66214286],\n       [3.99892548, 6.35636504, 2.07133475, 1.55456433, 0.61471278,\n        3.66214286]]), array([0.27326698, 0.27326698, 0.27326698, 0.27326698, 0.27326698,\n       0.27326698, 0.27326698]))"}, "10": {"maxiter": 1000, "fatol": 1e-10, "xatol": 1e-05, "duration": 0.07624483108520508, "fun": "0.2732669802860802", "nit": "263", "nfev": "426", "status": "0", "success": "True", "message": "Optimization terminated successfully.", "x": "[3.99892234 6.35636622 2.07133716 1.55456725 0.61471316 3.66213972]", "final_simplex": "(array([[3.99892234, 6.35636622, 2.07133716, 1.55456725, 0.61471316,\n        3.66213972],\n       [3.99892955, 6.35636232, 2.07133495, 1.55456522, 0.61471264,\n        3.66214345],\n       [3.99892341, 6.35636512, 2.07133354, 1.55456126, 0.61471292,\n        3.66214265],\n       [3.99892776, 6.35636125, 2.07133637, 1.55456371, 0.61471251,\n        3.66214548],\n       [3.99892473, 6.3563614 , 2.07133334, 1.55456636, 0.61471284,\n        3.66214336],\n       [3.99892634, 6.35636735, 2.07134066, 1.55456937, 0.61471209,\n        3.66214405],\n       [3.99892402, 6.35637503, 2.07134141, 1.55456827, 0.61471221,\n        3.66214286]]), array([0.27326698, 0.27326698, 0.27326698, 0.27326698, 0.27326698,\n       0.27326698, 0.27326698]))"}, "11": {"maxiter": 1000, "fatol": 1e-10, "xatol": 1e-10, "duration": 0.11411309242248535, "fun": "0.27326698028482943", "nit": "351", "nfev": "642", "status": "0", "success": "True", "message": "Optimization terminated successfully.", "x": "[3.99892548 6.35636504 2.07133475 1.55456433 0.61471278 3.66214286]", "final_simplex": "(array([[3.99892548, 6.35636504, 2.07133475, 1.55456433, 0.61471278,\n        3.66214286],\n       [3.99892548, 6.35636504, 2.07133475, 1.55456433, 0.61471278,\n        3.66214286],\n       [3.99892548, 6.35636504, 2.07133475, 1.55456433, 0.61471278,\n        3.66214286],\n       [3.99892548, 6.35636504, 2.07133475, 1.55456433, 0.61471278,\n        3.66214286],\n       [3.99892548, 6.35636504, 2.07133475, 1.55456433, 0.61471278,\n        3.66214286],\n       [3.99892548, 6.35636504, 2.07133475, 1.55456433, 0.61471278,\n        3.66214286],\n       [3.99892548, 6.35636504, 2.07133475, 1.55456433, 0.61471278,\n        3.66214286]]), array([0.27326698, 0.27326698, 0.27326698, 0.27326698, 0.27326698,\n       0.27326698, 0.27326698]))"}}, "bfgs": {"0": {"maxiter": 100, "gtol": 1e-05, "xrtol": 1e-05, "eps": 1e-05, "duration": 0.03455781936645508, "fun": "0.2732669803524709", "jac": "[-1.01816333e-06 -2.89306357e-06 -1.85844673e-06  4.82754947e-06\n  3.33660877e-06  1.31128441e-06]", "hess_inv": "[[ 5.55450981  0.42656085 -0.31660651 -0.93870765  1.64953927  4.13462427]\n [ 0.42656085  4.97340746  1.43924571  3.52156869 -0.72331802  1.44402129]\n [-0.31660651  1.43924571  5.00551078  2.3243408   2.80354323 -0.93170688]\n [-0.93870765  3.52156869  2.3243408   5.27403925 -0.2334148  -0.40158226]\n [ 1.64953927 -0.72331802  2.80354323 -0.2334148   5.37894363  0.7506685 ]\n [ 4.13462427  1.44402129 -0.93170688 -0.40158226  0.7506685   5.79265676]]", "nfev": "189", "njev": "27", "status": "0", "success": "True", "message": "Optimization terminated successfully.", "x": "[ 4.6629556   4.91031104  2.64461425  1.62949801 -1.06660146  4.44318031]", "nit": "24"}, "1": {"maxiter": 100, "gtol": 1e-05, "xrtol": 1e-05, "eps": 1e-10, "duration": 0.03429722785949707, "fun": "0.2732669803279959", "jac": "[-7.77156053e-06 -2.22044587e-06 -5.55111466e-06 -1.11022293e-06\n -3.33066880e-06 -4.44089173e-06]", "hess_inv": "[[ 5.53512499  0.43072803 -0.28948689 -0.90399677  1.6674754   4.14127523]\n [ 0.43072803  4.96502123  1.45300964  3.51771034 -0.72643579  1.44346058]\n [-0.28948689  1.45300964  5.00469997  2.32873035  2.84448416 -0.88612681]\n [-0.90399677  3.51771034  2.32873035  5.2544402  -0.22944122 -0.37797096]\n [ 1.6674754  -0.72643579  2.84448416 -0.22944122  5.46016292  0.77527554]\n [ 4.14127523  1.44346058 -0.88612681 -0.37797096  0.77527554  5.80586446]]", "nfev": "189", "njev": "27", "status": "0", "success": "True", "message": "Optimization terminated successfully.", "x": "[ 4.66295498  4.91030879  2.64462742  1.62950986 -1.06661736  4.44318411]", "nit": "24"}, "2": {"maxiter": 100, "gtol": 1e-05, "xrtol": 1e-10, "eps": 1e-05, "duration": 0.03419971466064453, "fun": "0.2732669803524709", "jac": "[-1.01816333e-06 -2.89306357e-06 -1.85844673e-06  4.82754947e-06\n  3.33660877e-06  1.31128441e-06]", "hess_inv": "[[ 5.55450981  0.42656085 -0.31660651 -0.93870765  1.64953927  4.13462427]\n [ 0.42656085  4.97340746  1.43924571  3.52156869 -0.72331802  1.44402129]\n [-0.31660651  1.43924571  5.00551078  2.3243408   2.80354323 -0.93170688]\n [-0.93870765  3.52156869  2.3243408   5.27403925 -0.2334148  -0.40158226]\n [ 1.64953927 -0.72331802  2.80354323 -0.2334148   5.37894363  0.7506685 ]\n [ 4.13462427  1.44402129 -0.93170688 -0.40158226  0.7506685   5.79265676]]", "nfev": "189", "njev": "27", "status": "0", "success": "True", "message": "Optimization terminated successfully.", "x": "[ 4.6629556   4.91031104  2.64461425  1.62949801 -1.06660146  4.44318031]", "nit": "24"}, "3": {"maxiter": 100, "gtol": 1e-05, "xrtol": 1e-10, "eps": 1e-10, "duration": 0.0341949462890625, "fun": "0.2732669803279959", "jac": "[-7.77156053e-06 -2.22044587e-06 -5.55111466e-06 -1.11022293e-06\n -3.33066880e-06 -4.44089173e-06]", "hess_inv": "[[ 5.53512499  0.43072803 -0.28948689 -0.90399677  1.6674754   4.14127523]\n [ 0.43072803  4.96502123  1.45300964  3.51771034 -0.72643579  1.44346058]\n [-0.28948689  1.45300964  5.00469997  2.32873035  2.84448416 -0.88612681]\n [-0.90399677  3.51771034  2.32873035  5.2544402  -0.22944122 -0.37797096]\n [ 1.6674754  -0.72643579  2.84448416 -0.22944122  5.46016292  0.77527554]\n [ 4.14127523  1.44346058 -0.88612681 -0.37797096  0.77527554  5.80586446]]", "nfev": "189", "njev": "27", "status": "0", "success": "True", "message": "Optimization terminated successfully.", "x": "[ 4.66295498  4.91030879  2.64462742  1.62950986 -1.06661736  4.44318411]", "nit": "24"}, "4": {"maxiter": 100, "gtol": 1e-10, "xrtol": 1e-05, "eps": 1e-05, "duration": 0.03204488754272461, "fun": "0.2732669803524709", "jac": "[-1.01816333e-06 -2.89306357e-06 -1.85844673e-06  4.82754947e-06\n  3.33660877e-06  1.31128441e-06]", "hess_inv": "[[ 5.55450981  0.42656085 -0.31660651 -0.93870765  1.64953927  4.13462427]\n [ 0.42656085  4.97340746  1.43924571  3.52156869 -0.72331802  1.44402129]\n [-0.31660651  1.43924571  5.00551078  2.3243408   2.80354323 -0.93170688]\n [-0.93870765  3.52156869  2.3243408   5.27403925 -0.2334148  -0.40158226]\n [ 1.64953927 -0.72331802  2.80354323 -0.2334148   5.37894363  0.7506685 ]\n [ 4.13462427  1.44402129 -0.93170688 -0.40158226  0.7506685   5.79265676]]", "nfev": "189", "njev": "27", "status": "0", "success": "True", "message": "Optimization terminated successfully.", "x": "[ 4.6629556   4.91031104  2.64461425  1.62949801 -1.06660146  4.44318031]", "nit": "24"}, "5": {"maxiter": 100, "gtol": 1e-10, "xrtol": 1e-05, "eps": 1e-10, "duration": 0.03213620185852051, "fun": "0.2732669803279959", "jac": "[-7.77156053e-06 -2.22044587e-06 -5.55111466e-06 -1.11022293e-06\n -3.33066880e-06 -4.44089173e-06]", "hess_inv": "[[ 5.53512499  0.43072803 -0.28948689 -0.90399677  1.6674754   4.14127523]\n [ 0.43072803  4.96502123  1.45300964  3.51771034 -0.72643579  1.44346058]\n [-0.28948689  1.45300964  5.00469997  2.32873035  2.84448416 -0.88612681]\n [-0.90399677  3.51771034  2.32873035  5.2544402  -0.22944122 -0.37797096]\n [ 1.6674754  -0.72643579  2.84448416 -0.22944122  5.46016292  0.77527554]\n [ 4.14127523  1.44346058 -0.88612681 -0.37797096  0.77527554  5.80586446]]", "nfev": "189", "njev": "27", "status": "0", "success": "True", "message": "Optimization terminated successfully.", "x": "[ 4.66295498  4.91030879  2.64462742  1.62950986 -1.06661736  4.44318411]", "nit": "24"}, "6": {"maxiter": 100, "gtol": 1e-10, "xrtol": 1e-10, "eps": 1e-05, "duration": 0.07517218589782715, "fun": "0.273266980340264", "jac": "[ 2.41096032e-07 -3.69093645e-07  1.91546778e-07  2.53042032e-07\n -2.60924615e-07  5.43121104e-08]", "hess_inv": "[[ 5.47299658  0.38389298 -0.236318   -0.89938823  1.75611848  4.06211588]\n [ 0.38389298  4.97075467  1.40197836  3.41759753 -0.8199082   1.3940921 ]\n [-0.236318    1.40197836  5.17610961  2.65172221  3.14291289 -0.83897605]\n [-0.89938823  3.41759753  2.65172221  5.77943196  0.34976844 -0.34319661]\n [ 1.75611848 -0.8199082   3.14291289  0.34976844  6.00732086  0.87274191]\n [ 4.06211588  1.3940921  -0.83897605 -0.34319661  0.87274191  5.72504937]]", "nfev": "446", "njev": "62", "status": "2", "success": "False", "message": "Desired error not necessarily achieved due to precision loss.", "x": "[ 4.66295567  4.91031251  2.64460572  1.62948368 -1.06661918  4.44317846]", "nit": "25"}, "7": {"maxiter": 100, "gtol": 1e-10, "xrtol": 1e-10, "eps": 1e-10, "duration": 0.09294581413269043, "fun": "0.2732669802870282", "jac": "[2.22044587e-06 1.11022293e-06 0.00000000e+00 3.33066880e-06\n 1.11022293e-06 2.22044587e-06]", "hess_inv": "[[ 3.01335120e-02  7.49866034e-03  6.55749240e-03  4.07106604e-03\n  -4.23560307e-02 -2.08796325e-03]\n [ 7.49866034e-03  6.82335223e-03  6.44736051e-05 -2.07355066e-03\n  -1.67034415e-02  1.45107801e-03]\n [ 6.55749240e-03  6.44736051e-05  2.34074709e-02  2.95805210e-03\n  -8.15053119e-03 -1.45299007e-02]\n [ 4.07106604e-03 -2.07355066e-03  2.95805210e-03  8.83030459e-03\n  -2.35245202e-03 -3.95504924e-03]\n [-4.23560307e-02 -1.67034415e-02 -8.15053119e-03 -2.35245202e-03\n   7.21604017e-02 -3.76393972e-03]\n [-2.08796325e-03  1.45107801e-03 -1.45299007e-02 -3.95504924e-03\n  -3.76393972e-03  1.86517965e-02]]", "nfev": "550", "njev": "78", "status": "0", "success": "True", "message": "Optimization terminated successfully.", "x": "[ 4.66297391  4.91031687  2.64462717  1.62950357 -1.0666138   4.44320125]", "nit": "40"}, "8": {"maxiter": 500, "gtol": 1e-05, "xrtol": 1e-05, "eps": 1e-05, "duration": 0.03214287757873535, "fun": "0.2732669803524709", "jac": "[-1.01816333e-06 -2.89306357e-06 -1.85844673e-06  4.82754947e-06\n  3.33660877e-06  1.31128441e-06]", "hess_inv": "[[ 5.55450981  0.42656085 -0.31660651 -0.93870765  1.64953927  4.13462427]\n [ 0.42656085  4.97340746  1.43924571  3.52156869 -0.72331802  1.44402129]\n [-0.31660651  1.43924571  5.00551078  2.3243408   2.80354323 -0.93170688]\n [-0.93870765  3.52156869  2.3243408   5.27403925 -0.2334148  -0.40158226]\n [ 1.64953927 -0.72331802  2.80354323 -0.2334148   5.37894363  0.7506685 ]\n [ 4.13462427  1.44402129 -0.93170688 -0.40158226  0.7506685   5.79265676]]", "nfev": "189", "njev": "27", "status": "0", "success": "True", "message": "Optimization terminated successfully.", "x": "[ 4.6629556   4.91031104  2.64461425  1.62949801 -1.06660146  4.44318031]", "nit": "24"}, "9": {"maxiter": 500, "gtol": 1e-05, "xrtol": 1e-05, "eps": 1e-10, "duration": 0.03171992301940918, "fun": "0.2732669803279959", "jac": "[-7.77156053e-06 -2.22044587e-06 -5.55111466e-06 -1.11022293e-06\n -3.33066880e-06 -4.44089173e-06]", "hess_inv": "[[ 5.53512499  0.43072803 -0.28948689 -0.90399677  1.6674754   4.14127523]\n [ 0.43072803  4.96502123  1.45300964  3.51771034 -0.72643579  1.44346058]\n [-0.28948689  1.45300964  5.00469997  2.32873035  2.84448416 -0.88612681]\n [-0.90399677  3.51771034  2.32873035  5.2544402  -0.22944122 -0.37797096]\n [ 1.6674754  -0.72643579  2.84448416 -0.22944122  5.46016292  0.77527554]\n [ 4.14127523  1.44346058 -0.88612681 -0.37797096  0.77527554  5.80586446]]", "nfev": "189", "njev": "27", "status": "0", "success": "True", "message": "Optimization terminated successfully.", "x": "[ 4.66295498  4.91030879  2.64462742  1.62950986 -1.06661736  4.44318411]", "nit": "24"}, "10": {"maxiter": 500, "gtol": 1e-05, "xrtol": 1e-10, "eps": 1e-05, "duration": 0.031671762466430664, "fun": "0.2732669803524709", "jac": "[-1.01816333e-06 -2.89306357e-06 -1.85844673e-06  4.82754947e-06\n  3.33660877e-06  1.31128441e-06]", "hess_inv": "[[ 5.55450981  0.42656085 -0.31660651 -0.93870765  1.64953927  4.13462427]\n [ 0.42656085  4.97340746  1.43924571  3.52156869 -0.72331802  1.44402129]\n [-0.31660651  1.43924571  5.00551078  2.3243408   2.80354323 -0.93170688]\n [-0.93870765  3.52156869  2.3243408   5.27403925 -0.2334148  -0.40158226]\n [ 1.64953927 -0.72331802  2.80354323 -0.2334148   5.37894363  0.7506685 ]\n [ 4.13462427  1.44402129 -0.93170688 -0.40158226  0.7506685   5.79265676]]", "nfev": "189", "njev": "27", "status": "0", "success": "True", "message": "Optimization terminated successfully.", "x": "[ 4.6629556   4.91031104  2.64461425  1.62949801 -1.06660146  4.44318031]", "nit": "24"}, "11": {"maxiter": 500, "gtol": 1e-05, "xrtol": 1e-10, "eps": 1e-10, "duration": 0.031636953353881836, "fun": "0.2732669803279959", "jac": "[-7.77156053e-06 -2.22044587e-06 -5.55111466e-06 -1.11022293e-06\n -3.33066880e-06 -4.44089173e-06]", "hess_inv": "[[ 5.53512499  0.43072803 -0.28948689 -0.90399677  1.6674754   4.14127523]\n [ 0.43072803  4.96502123  1.45300964  3.51771034 -0.72643579  1.44346058]\n [-0.28948689  1.45300964  5.00469997  2.32873035  2.84448416 -0.88612681]\n [-0.90399677  3.51771034  2.32873035  5.2544402  -0.22944122 -0.37797096]\n [ 1.6674754  -0.72643579  2.84448416 -0.22944122  5.46016292  0.77527554]\n [ 4.14127523  1.44346058 -0.88612681 -0.37797096  0.77527554  5.80586446]]", "nfev": "189", "njev": "27", "status": "0", "success": "True", "message": "Optimization terminated successfully.", "x": "[ 4.66295498  4.91030879  2.64462742  1.62950986 -1.06661736  4.44318411]", "nit": "24"}, "12": {"maxiter": 500, "gtol": 1e-10, "xrtol": 1e-05, "eps": 1e-05, "duration": 0.03167295455932617, "fun": "0.2732669803524709", "jac": "[-1.01816333e-06 -2.89306357e-06 -1.85844673e-06  4.82754947e-06\n  3.33660877e-06  1.31128441e-06]", "hess_inv": "[[ 5.55450981  0.42656085 -0.31660651 -0.93870765  1.64953927  4.13462427]\n [ 0.42656085  4.97340746  1.43924571  3.52156869 -0.72331802  1.44402129]\n [-0.31660651  1.43924571  5.00551078  2.3243408   2.80354323 -0.93170688]\n [-0.93870765  3.52156869  2.3243408   5.27403925 -0.2334148  -0.40158226]\n [ 1.64953927 -0.72331802  2.80354323 -0.2334148   5.37894363  0.7506685 ]\n [ 4.13462427  1.44402129 -0.93170688 -0.40158226  0.7506685   5.79265676]]", "nfev": "189", "njev": "27", "status": "0", "success": "True", "message": "Optimization terminated successfully.", "x": "[ 4.6629556   4.91031104  2.64461425  1.62949801 -1.06660146  4.44318031]", "nit": "24"}, "13": {"maxiter": 500, "gtol": 1e-10, "xrtol": 1e-05, "eps": 1e-10, "duration": 0.03200387954711914, "fun": "0.2732669803279959", "jac": "[-7.77156053e-06 -2.22044587e-06 -5.55111466e-06 -1.11022293e-06\n -3.33066880e-06 -4.44089173e-06]", "hess_inv": "[[ 5.53512499  0.43072803 -0.28948689 -0.90399677  1.6674754   4.14127523]\n [ 0.43072803  4.96502123  1.45300964  3.51771034 -0.72643579  1.44346058]\n [-0.28948689  1.45300964  5.00469997  2.32873035  2.84448416 -0.88612681]\n [-0.90399677  3.51771034  2.32873035  5.2544402  -0.22944122 -0.37797096]\n [ 1.6674754  -0.72643579  2.84448416 -0.22944122  5.46016292  0.77527554]\n [ 4.14127523  1.44346058 -0.88612681 -0.37797096  0.77527554  5.80586446]]", "nfev": "189", "njev": "27", "status": "0", "success": "True", "message": "Optimization terminated successfully.", "x": "[ 4.66295498  4.91030879  2.64462742  1.62950986 -1.06661736  4.44318411]", "nit": "24"}, "14": {"maxiter": 500, "gtol": 1e-10, "xrtol": 1e-10, "eps": 1e-05, "duration": 0.07413578033447266, "fun": "0.273266980340264", "jac": "[ 2.41096032e-07 -3.69093645e-07  1.91546778e-07  2.53042032e-07\n -2.60924615e-07  5.43121104e-08]", "hess_inv": "[[ 5.47299658  0.38389298 -0.236318   -0.89938823  1.75611848  4.06211588]\n [ 0.38389298  4.97075467  1.40197836  3.41759753 -0.8199082   1.3940921 ]\n [-0.236318    1.40197836  5.17610961  2.65172221  3.14291289 -0.83897605]\n [-0.89938823  3.41759753  2.65172221  5.77943196  0.34976844 -0.34319661]\n [ 1.75611848 -0.8199082   3.14291289  0.34976844  6.00732086  0.87274191]\n [ 4.06211588  1.3940921  -0.83897605 -0.34319661  0.87274191  5.72504937]]", "nfev": "446", "njev": "62", "status": "2", "success": "False", "message": "Desired error not necessarily achieved due to precision loss.", "x": "[ 4.66295567  4.91031251  2.64460572  1.62948368 -1.06661918  4.44317846]", "nit": "25"}, "15": {"maxiter": 500, "gtol": 1e-10, "xrtol": 1e-10, "eps": 1e-10, "duration": 0.09159278869628906, "fun": "0.2732669802870282", "jac": "[2.22044587e-06 1.11022293e-06 0.00000000e+00 3.33066880e-06\n 1.11022293e-06 2.22044587e-06]", "hess_inv": "[[ 3.01335120e-02  7.49866034e-03  6.55749240e-03  4.07106604e-03\n  -4.23560307e-02 -2.08796325e-03]\n [ 7.49866034e-03  6.82335223e-03  6.44736051e-05 -2.07355066e-03\n  -1.67034415e-02  1.45107801e-03]\n [ 6.55749240e-03  6.44736051e-05  2.34074709e-02  2.95805210e-03\n  -8.15053119e-03 -1.45299007e-02]\n [ 4.07106604e-03 -2.07355066e-03  2.95805210e-03  8.83030459e-03\n  -2.35245202e-03 -3.95504924e-03]\n [-4.23560307e-02 -1.67034415e-02 -8.15053119e-03 -2.35245202e-03\n   7.21604017e-02 -3.76393972e-03]\n [-2.08796325e-03  1.45107801e-03 -1.45299007e-02 -3.95504924e-03\n  -3.76393972e-03  1.86517965e-02]]", "nfev": "550", "njev": "78", "status": "0", "success": "True", "message": "Optimization terminated successfully.", "x": "[ 4.66297391  4.91031687  2.64462717  1.62950357 -1.0666138   4.44320125]", "nit": "40"}, "16": {"maxiter": 1000, "gtol": 1e-05, "xrtol": 1e-05, "eps": 1e-05, "duration": 0.031800031661987305, "fun": "0.2732669803524709", "jac": "[-1.01816333e-06 -2.89306357e-06 -1.85844673e-06  4.82754947e-06\n  3.33660877e-06  1.31128441e-06]", "hess_inv": "[[ 5.55450981  0.42656085 -0.31660651 -0.93870765  1.64953927  4.13462427]\n [ 0.42656085  4.97340746  1.43924571  3.52156869 -0.72331802  1.44402129]\n [-0.31660651  1.43924571  5.00551078  2.3243408   2.80354323 -0.93170688]\n [-0.93870765  3.52156869  2.3243408   5.27403925 -0.2334148  -0.40158226]\n [ 1.64953927 -0.72331802  2.80354323 -0.2334148   5.37894363  0.7506685 ]\n [ 4.13462427  1.44402129 -0.93170688 -0.40158226  0.7506685   5.79265676]]", "nfev": "189", "njev": "27", "status": "0", "success": "True", "message": "Optimization terminated successfully.", "x": "[ 4.6629556   4.91031104  2.64461425  1.62949801 -1.06660146  4.44318031]", "nit": "24"}, "17": {"maxiter": 1000, "gtol": 1e-05, "xrtol": 1e-05, "eps": 1e-10, "duration": 0.031805992126464844, "fun": "0.2732669803279959", "jac": "[-7.77156053e-06 -2.22044587e-06 -5.55111466e-06 -1.11022293e-06\n -3.33066880e-06 -4.44089173e-06]", "hess_inv": "[[ 5.53512499  0.43072803 -0.28948689 -0.90399677  1.6674754   4.14127523]\n [ 0.43072803  4.96502123  1.45300964  3.51771034 -0.72643579  1.44346058]\n [-0.28948689  1.45300964  5.00469997  2.32873035  2.84448416 -0.88612681]\n [-0.90399677  3.51771034  2.32873035  5.2544402  -0.22944122 -0.37797096]\n [ 1.6674754  -0.72643579  2.84448416 -0.22944122  5.46016292  0.77527554]\n [ 4.14127523  1.44346058 -0.88612681 -0.37797096  0.77527554  5.80586446]]", "nfev": "189", "njev": "27", "status": "0", "success": "True", "message": "Optimization terminated successfully.", "x": "[ 4.66295498  4.91030879  2.64462742  1.62950986 -1.06661736  4.44318411]", "nit": "24"}, "18": {"maxiter": 1000, "gtol": 1e-05, "xrtol": 1e-10, "eps": 1e-05, "duration": 0.03176307678222656, "fun": "0.2732669803524709", "jac": "[-1.01816333e-06 -2.89306357e-06 -1.85844673e-06  4.82754947e-06\n  3.33660877e-06  1.31128441e-06]", "hess_inv": "[[ 5.55450981  0.42656085 -0.31660651 -0.93870765  1.64953927  4.13462427]\n [ 0.42656085  4.97340746  1.43924571  3.52156869 -0.72331802  1.44402129]\n [-0.31660651  1.43924571  5.00551078  2.3243408   2.80354323 -0.93170688]\n [-0.93870765  3.52156869  2.3243408   5.27403925 -0.2334148  -0.40158226]\n [ 1.64953927 -0.72331802  2.80354323 -0.2334148   5.37894363  0.7506685 ]\n [ 4.13462427  1.44402129 -0.93170688 -0.40158226  0.7506685   5.79265676]]", "nfev": "189", "njev": "27", "status": "0", "success": "True", "message": "Optimization terminated successfully.", "x": "[ 4.6629556   4.91031104  2.64461425  1.62949801 -1.06660146  4.44318031]", "nit": "24"}, "19": {"maxiter": 1000, "gtol": 1e-05, "xrtol": 1e-10, "eps": 1e-10, "duration": 0.03167414665222168, "fun": "0.2732669803279959", "jac": "[-7.77156053e-06 -2.22044587e-06 -5.55111466e-06 -1.11022293e-06\n -3.33066880e-06 -4.44089173e-06]", "hess_inv": "[[ 5.53512499  0.43072803 -0.28948689 -0.90399677  1.6674754   4.14127523]\n [ 0.43072803  4.96502123  1.45300964  3.51771034 -0.72643579  1.44346058]\n [-0.28948689  1.45300964  5.00469997  2.32873035  2.84448416 -0.88612681]\n [-0.90399677  3.51771034  2.32873035  5.2544402  -0.22944122 -0.37797096]\n [ 1.6674754  -0.72643579  2.84448416 -0.22944122  5.46016292  0.77527554]\n [ 4.14127523  1.44346058 -0.88612681 -0.37797096  0.77527554  5.80586446]]", "nfev": "189", "njev": "27", "status": "0", "success": "True", "message": "Optimization terminated successfully.", "x": "[ 4.66295498  4.91030879  2.64462742  1.62950986 -1.06661736  4.44318411]", "nit": "24"}, "20": {"maxiter": 1000, "gtol": 1e-10, "xrtol": 1e-05, "eps": 1e-05, "duration": 0.031744956970214844, "fun": "0.2732669803524709", "jac": "[-1.01816333e-06 -2.89306357e-06 -1.85844673e-06  4.82754947e-06\n  3.33660877e-06  1.31128441e-06]", "hess_inv": "[[ 5.55450981  0.42656085 -0.31660651 -0.93870765  1.64953927  4.13462427]\n [ 0.42656085  4.97340746  1.43924571  3.52156869 -0.72331802  1.44402129]\n [-0.31660651  1.43924571  5.00551078  2.3243408   2.80354323 -0.93170688]\n [-0.93870765  3.52156869  2.3243408   5.27403925 -0.2334148  -0.40158226]\n [ 1.64953927 -0.72331802  2.80354323 -0.2334148   5.37894363  0.7506685 ]\n [ 4.13462427  1.44402129 -0.93170688 -0.40158226  0.7506685   5.79265676]]", "nfev": "189", "njev": "27", "status": "0", "success": "True", "message": "Optimization terminated successfully.", "x": "[ 4.6629556   4.91031104  2.64461425  1.62949801 -1.06660146  4.44318031]", "nit": "24"}, "21": {"maxiter": 1000, "gtol": 1e-10, "xrtol": 1e-05, "eps": 1e-10, "duration": 0.03168797492980957, "fun": "0.2732669803279959", "jac": "[-7.77156053e-06 -2.22044587e-06 -5.55111466e-06 -1.11022293e-06\n -3.33066880e-06 -4.44089173e-06]", "hess_inv": "[[ 5.53512499  0.43072803 -0.28948689 -0.90399677  1.6674754   4.14127523]\n [ 0.43072803  4.96502123  1.45300964  3.51771034 -0.72643579  1.44346058]\n [-0.28948689  1.45300964  5.00469997  2.32873035  2.84448416 -0.88612681]\n [-0.90399677  3.51771034  2.32873035  5.2544402  -0.22944122 -0.37797096]\n [ 1.6674754  -0.72643579  2.84448416 -0.22944122  5.46016292  0.77527554]\n [ 4.14127523  1.44346058 -0.88612681 -0.37797096  0.77527554  5.80586446]]", "nfev": "189", "njev": "27", "status": "0", "success": "True", "message": "Optimization terminated successfully.", "x": "[ 4.66295498  4.91030879  2.64462742  1.62950986 -1.06661736  4.44318411]", "nit": "24"}, "22": {"maxiter": 1000, "gtol": 1e-10, "xrtol": 1e-10, "eps": 1e-05, "duration": 0.07651901245117188, "fun": "0.273266980340264", "jac": "[ 2.41096032e-07 -3.69093645e-07  1.91546778e-07  2.53042032e-07\n -2.60924615e-07  5.43121104e-08]", "hess_inv": "[[ 5.47299658  0.38389298 -0.236318   -0.89938823  1.75611848  4.06211588]\n [ 0.38389298  4.97075467  1.40197836  3.41759753 -0.8199082   1.3940921 ]\n [-0.236318    1.40197836  5.17610961  2.65172221  3.14291289 -0.83897605]\n [-0.89938823  3.41759753  2.65172221  5.77943196  0.34976844 -0.34319661]\n [ 1.75611848 -0.8199082   3.14291289  0.34976844  6.00732086  0.87274191]\n [ 4.06211588  1.3940921  -0.83897605 -0.34319661  0.87274191  5.72504937]]", "nfev": "446", "njev": "62", "status": "2", "success": "False", "message": "Desired error not necessarily achieved due to precision loss.", "x": "[ 4.66295567  4.91031251  2.64460572  1.62948368 -1.06661918  4.44317846]", "nit": "25"}, "23": {"maxiter": 1000, "gtol": 1e-10, "xrtol": 1e-10, "eps": 1e-10, "duration": 0.09647011756896973, "fun": "0.2732669802870282", "jac": "[2.22044587e-06 1.11022293e-06 0.00000000e+00 3.33066880e-06\n 1.11022293e-06 2.22044587e-06]", "hess_inv": "[[ 3.01335120e-02  7.49866034e-03  6.55749240e-03  4.07106604e-03\n  -4.23560307e-02 -2.08796325e-03]\n [ 7.49866034e-03  6.82335223e-03  6.44736051e-05 -2.07355066e-03\n  -1.67034415e-02  1.45107801e-03]\n [ 6.55749240e-03  6.44736051e-05  2.34074709e-02  2.95805210e-03\n  -8.15053119e-03 -1.45299007e-02]\n [ 4.07106604e-03 -2.07355066e-03  2.95805210e-03  8.83030459e-03\n  -2.35245202e-03 -3.95504924e-03]\n [-4.23560307e-02 -1.67034415e-02 -8.15053119e-03 -2.35245202e-03\n   7.21604017e-02 -3.76393972e-03]\n [-2.08796325e-03  1.45107801e-03 -1.45299007e-02 -3.95504924e-03\n  -3.76393972e-03  1.86517965e-02]]", "nfev": "550", "njev": "78", "status": "0", "success": "True", "message": "Optimization terminated successfully.", "x": "[ 4.66297391  4.91031687  2.64462717  1.62950357 -1.0666138   4.44320125]", "nit": "40"}}, "cobyla": {"0": {"maxiter": 100, "tol": 1e-05, "catol": 1e-05, "duration": 0.017428874969482422, "x": "[4.24603994 9.57102952 3.45513575 3.85820974 0.41603125 1.28823426]", "status": "2", "success": "False", "message": "Maximum number of function evaluations has been exceeded.", "nfev": "100", "fun": "0.27685058019879194", "maxcv": "0.0"}, "1": {"maxiter": 100, "tol": 1e-05, "catol": 1e-10, "duration": 0.017443180084228516, "x": "[4.24603994 9.57102952 3.45513575 3.85820974 0.41603125 1.28823426]", "status": "2", "success": "False", "message": "Maximum number of function evaluations has been exceeded.", "nfev": "100", "fun": "0.27685058019879194", "maxcv": "0.0"}, "2": {"maxiter": 100, "tol": 1e-10, "catol": 1e-05, "duration": 0.017217159271240234, "x": "[4.24603994 9.57102952 3.45513575 3.85820974 0.41603125 1.28823426]", "status": "2", "success": "False", "message": "Maximum number of function evaluations has been exceeded.", "nfev": "100", "fun": "0.27685058019879194", "maxcv": "0.0"}, "3": {"maxiter": 100, "tol": 1e-10, "catol": 1e-10, "duration": 0.01708698272705078, "x": "[4.24603994 9.57102952 3.45513575 3.85820974 0.41603125 1.28823426]", "status": "2", "success": "False", "message": "Maximum number of function evaluations has been exceeded.", "nfev": "100", "fun": "0.27685058019879194", "maxcv": "0.0"}, "4": {"maxiter": 500, "tol": 1e-05, "catol": 1e-05, "duration": 2.2229387760162354, "x": "[4.20428989 9.77606676 3.36713849 3.90188808 0.337606   1.11321171]", "status": "1", "success": "True", "message": "Optimization terminated successfully.", "nfev": "312", "fun": "0.27326698032649366", "maxcv": "0.0"}, "5": {"maxiter": 500, "tol": 1e-05, "catol": 1e-10, "duration": 0.058708906173706055, "x": "[4.20428989 9.77606676 3.36713849 3.90188808 0.337606   1.11321171]", "status": "1", "success": "True", "message": "Optimization terminated successfully.", "nfev": "312", "fun": "0.27326698032649366", "maxcv": "0.0"}, "6": {"maxiter": 500, "tol": 1e-10, "catol": 1e-05, "duration": 0.07225298881530762, "x": "[4.20429663 9.77608298 3.36714147 3.9018795  0.3375855  1.11320513]", "status": "1", "success": "True", "message": "Optimization terminated successfully.", "nfev": "415", "fun": "0.2732669802848312", "maxcv": "0.0"}, "7": {"maxiter": 500, "tol": 1e-10, "catol": 1e-10, "duration": 0.07451176643371582, "x": "[4.20429663 9.77608298 3.36714147 3.9018795  0.3375855  1.11320513]", "status": "1", "success": "True", "message": "Optimization terminated successfully.", "nfev": "415", "fun": "0.2732669802848312", "maxcv": "0.0"}, "8": {"maxiter": 1000, "tol": 1e-05, "catol": 1e-05, "duration": 0.05377316474914551, "x": "[4.20428989 9.77606676 3.36713849 3.90188808 0.337606   1.11321171]", "status": "1", "success": "True", "message": "Optimization terminated successfully.", "nfev": "312", "fun": "0.27326698032649366", "maxcv": "0.0"}, "9": {"maxiter": 1000, "tol": 1e-05, "catol": 1e-10, "duration": 0.05070209503173828, "x": "[4.20428989 9.77606676 3.36713849 3.90188808 0.337606   1.11321171]", "status": "1", "success": "True", "message": "Optimization terminated successfully.", "nfev": "312", "fun": "0.27326698032649366", "maxcv": "0.0"}, "10": {"maxiter": 1000, "tol": 1e-10, "catol": 1e-05, "duration": 0.06949281692504883, "x": "[4.20429663 9.77608298 3.36714147 3.9018795  0.3375855  1.11320513]", "status": "1", "success": "True", "message": "Optimization terminated successfully.", "nfev": "415", "fun": "0.2732669802848312", "maxcv": "0.0"}, "11": {"maxiter": 1000, "tol": 1e-10, "c