{"date": "2024/09/12/, 01:32:19", "conf_id": 20, "data_type": "random\n", "num_data_points": 2, "s_rank": 0, "unitary": "[[-0.45070455-0.02711853j,0.78437395-0.06613086j,0.06358678+0.19963393j,-0.07343613+0.35668523j],[-0.01890143-0.03813363j,0.32408202+0.25557629j,0.05872864-0.68979805j,0.55466693-0.20227297j],[-0.11215405+0.64023111j,-0.13344055+0.29565494j,-0.49012687-0.19046288j,-0.04241254+0.44046348j],[0.55771659+0.24656916j,0.31851997-0.05798805j,0.28761525-0.34294258j,-0.56718418+0.03616933j]]", "databatch_0": {"databatch": "[[[0.0574941+0.27191649j,-0.03828138-0.02951819j,0.09104237+0.11543044j,0.03547516-0.17983907j],[0.55888957+0.3092445j,-0.10887831+0.02209086j,0.3375126+0.01551426j,-0.25904754-0.33221467j],[-0.10820122-0.03164467j,0.01789542-0.00801392j,-0.05872171+0.01037813j,0.05745461+0.04719355j],[-0.20498101+0.18191094j,0.00662293-0.04720515j,-0.05451123+0.13432779j,0.17142274-0.05732334j]],[[-0.136856-0.02592408j,-0.03424675-0.10063785j,-0.02968067-0.03172417j,-0.01737855+0.01410467j],[0.05201387+0.30408559j,-0.18239109+0.14889246j,-0.04289321+0.08613089j,0.04271113+0.02516281j],[0.20030685+0.13759281j,-0.01605496+0.18476916j,0.02509427+0.07151948j,0.03766409-0.01030649j],[-0.47715508+0.43012638j,-0.46508728-0.15514464j,-0.19931902+0.02043208j,0.00328243+0.10317409j]]]", "initial param values": "[0.77363712,3.38643329,2.6842133,3.71846431,3.15357268,1.83528301]", "nelder_mead": {"type": "gradient-free", "0": {"maxiter": 100, "fatol": 1e-05, "xatol": 1e-05, "duration": 0.04418683052062988, "fun": "0.21053123720209743", "nit": "100", "nfev": "150", "status": "2", "success": "False", "message": "Maximum number of iterations has been exceeded.", "x": "[0.93125314 1.62166575 4.78750749 1.75300213 5.27337106 3.68069843]", "final_simplex": "(array([[0.93125314, 1.62166575, 4.78750749, 1.75300213, 5.27337106,\n        3.68069843],\n       [0.85398765, 1.96691155, 4.70439281, 1.77143909, 5.11619388,\n        3.36083153],\n       [0.84813244, 1.81430184, 5.05321591, 1.45078124, 5.18142599,\n        3.63751882],\n       [0.91868634, 1.69963644, 4.76048416, 1.75757644, 5.37281112,\n        3.26678751],\n       [0.92675864, 1.7410679 , 4.64320572, 1.25323862, 5.39867213,\n        3.33700072],\n       [0.93754803, 1.90189545, 4.37244958, 1.65846549, 5.4166359 ,\n        3.47761473],\n       [0.91264049, 2.00202653, 4.76898175, 1.71317175, 5.36401304,\n        3.52353141]]), array([0.21053124, 0.21857443, 0.22125366, 0.22732694, 0.23260146,\n       0.23419519, 0.23868491]))", "callback": [0.5309863870524605, 0.4969906742903931, 0.47927641870302584, 0.4667736768413613, 0.4598388935431287, 0.44565423098676693, 0.364452387405636, 0.32104189982758935, 0.25397082666333937]}, "1": {"maxiter": 100, "fatol": 1e-05, "xatol": 1e-10, "duration": 0.04282116889953613, "fun": "0.21053123720209743", "nit": "100", "nfev": "150", "status": "2", "success": "False", "message": "Maximum number of iterations has been exceeded.", "x": "[0.93125314 1.62166575 4.78750749 1.75300213 5.27337106 3.68069843]", "final_simplex": "(array([[0.93125314, 1.62166575, 4.78750749, 1.75300213, 5.27337106,\n        3.68069843],\n       [0.85398765, 1.96691155, 4.70439281, 1.77143909, 5.11619388,\n        3.36083153],\n       [0.84813244, 1.81430184, 5.05321591, 1.45078124, 5.18142599,\n        3.63751882],\n       [0.91868634, 1.69963644, 4.76048416, 1.75757644, 5.37281112,\n        3.26678751],\n       [0.92675864, 1.7410679 , 4.64320572, 1.25323862, 5.39867213,\n        3.33700072],\n       [0.93754803, 1.90189545, 4.37244958, 1.65846549, 5.4166359 ,\n        3.47761473],\n       [0.91264049, 2.00202653, 4.76898175, 1.71317175, 5.36401304,\n        3.52353141]]), array([0.21053124, 0.21857443, 0.22125366, 0.22732694, 0.23260146,\n       0.23419519, 0.23868491]))", "callback": [0.5309863870524605, 0.4969906742903931, 0.47927641870302584, 0.4667736768413613, 0.4598388935431287, 0.44565423098676693, 0.364452387405636, 0.32104189982758935, 0.25397082666333937]}, "2": {"maxiter": 100, "fatol": 1e-10, "xatol": 1e-05, "duration": 0.04141092300415039, "fun": "0.21053123720209743", "nit": "100", "nfev": "150", "status": "2", "success": "False", "message": "Maximum number of iterations has been exceeded.", "x": "[0.93125314 1.62166575 4.78750749 1.75300213 5.27337106 3.68069843]", "final_simplex": "(array([[0.93125314, 1.62166575, 4.78750749, 1.75300213, 5.27337106,\n        3.68069843],\n       [0.85398765, 1.96691155, 4.70439281, 1.77143909, 5.11619388,\n        3.36083153],\n       [0.84813244, 1.81430184, 5.05321591, 1.45078124, 5.18142599,\n        3.63751882],\n       [0.91868634, 1.69963644, 4.76048416, 1.75757644, 5.37281112,\n        3.26678751],\n       [0.92675864, 1.7410679 , 4.64320572, 1.25323862, 5.39867213,\n        3.33700072],\n       [0.93754803, 1.90189545, 4.37244958, 1.65846549, 5.4166359 ,\n        3.47761473],\n       [0.91264049, 2.00202653, 4.76898175, 1.71317175, 5.36401304,\n        3.52353141]]), array([0.21053124, 0.21857443, 0.22125366, 0.22732694, 0.23260146,\n       0.23419519, 0.23868491]))", "callback": [0.5309863870524605, 0.4969906742903931, 0.47927641870302584, 0.4667736768413613, 0.4598388935431287, 0.44565423098676693, 0.364452387405636, 0.32104189982758935, 0.25397082666333937]}, "3": {"maxiter": 100, "fatol": 1e-10, "xatol": 1e-10, "duration": 0.04244089126586914, "fun": "0.21053123720209743", "nit": "100", "nfev": "150", "status": "2", "success": "False", "message": "Maximum number of iterations has been exceeded.", "x": "[0.93125314 1.62166575 4.78750749 1.75300213 5.27337106 3.68069843]", "final_simplex": "(array([[0.93125314, 1.62166575, 4.78750749, 1.75300213, 5.27337106,\n        3.68069843],\n       [0.85398765, 1.96691155, 4.70439281, 1.77143909, 5.11619388,\n        3.36083153],\n       [0.84813244, 1.81430184, 5.05321591, 1.45078124, 5.18142599,\n        3.63751882],\n       [0.91868634, 1.69963644, 4.76048416, 1.75757644, 5.37281112,\n        3.26678751],\n       [0.92675864, 1.7410679 , 4.64320572, 1.25323862, 5.39867213,\n        3.33700072],\n       [0.93754803, 1.90189545, 4.37244958, 1.65846549, 5.4166359 ,\n        3.47761473],\n       [0.91264049, 2.00202653, 4.76898175, 1.71317175, 5.36401304,\n        3.52353141]]), array([0.21053124, 0.21857443, 0.22125366, 0.22732694, 0.23260146,\n       0.23419519, 0.23868491]))", "callback": [0.5309863870524605, 0.4969906742903931, 0.47927641870302584, 0.4667736768413613, 0.4598388935431287, 0.44565423098676693, 0.364452387405636, 0.32104189982758935, 0.25397082666333937]}, "4": {"maxiter": 500, "fatol": 1e-05, "xatol": 1e-05, "duration": 0.1422111988067627, "fun": "0.09096274338575572", "nit": "327", "nfev": "510", "status": "0", "success": "True", "message": "Optimization terminated successfully.", "x": "[1.61187977 1.52874739 5.50097598 1.11821501 4.72049212 3.71601152]", "final_simplex": "(array([[1.61187977, 1.52874739, 5.50097598, 1.11821501, 4.72049212,\n        3.71601152],\n       [1.61188546, 1.52874409, 5.50098082, 1.11821147, 4.72049611,\n        3.71600919],\n       [1.61188543, 1.52874233, 5.50098231, 1.11821545, 4.72049068,\n        3.71601579],\n       [1.611885  , 1.52874818, 5.50098303, 1.1182149 , 4.72049075,\n        3.71601647],\n       [1.61188535, 1.52874076, 5.50097813, 1.11820994, 4.72049043,\n        3.71601655],\n       [1.61188217, 1.52874413, 5.50097425, 1.11821497, 4.72049902,\n        3.71601202],\n       [1.61188759, 1.52875117, 5.50097355, 1.11821217, 4.72049483,\n        3.71601102]]), array([0.09096274, 0.09096274, 0.09096274, 0.09096274, 0.09096274,\n       0.09096274, 0.09096274]))", "callback": [0.5309863870524605, 0.4969906742903931, 0.47927641870302584, 0.4667736768413613, 0.4598388935431287, 0.44565423098676693, 0.364452387405636, 0.32104189982758935, 0.25397082666333937, 0.20159777302790105, 0.18222867540542276, 0.1802478379985717, 0.1754820615213455, 0.17210824415806147, 0.15597800070858114, 0.14101102866387083, 0.10712394779869328, 0.09557692122952599, 0.09255835229558318, 0.09127893185193481, 0.09102007499150833, 0.09097576833098509, 0.09096451372750636, 0.09096336396078564, 0.09096290301102639, 0.09096278464155927, 0.09096275896068184, 0.09096274740985721, 0.09096274388590608, 0.09096274359036594, 0.09096274342596333, 0.0909627433968232]}, "5": {"maxiter": 500, "fatol": 1e-05, "xatol": 1e-10, "duration": 0.20267391204833984, "fun": "0.09096274338337618", "nit": "431", "nfev": "740", "status": "0", "success": "True", "message": "Optimization terminated successfully.", "x": "[1.61188342 1.52874613 5.50097913 1.11821378 4.72049247 3.71601122]", "final_simplex": "(array([[1.61188342, 1.52874613, 5.50097913, 1.11821378, 4.72049247,\n        3.71601122],\n       [1.61188342, 1.52874613, 5.50097913, 1.11821378, 4.72049247,\n        3.71601122],\n       [1.61188342, 1.52874613, 5.50097913, 1.11821378, 4.72049247,\n        3.71601122],\n       [1.61188342, 1.52874613, 5.50097913, 1.11821378, 4.72049247,\n        3.71601122],\n       [1.61188342, 1.52874613, 5.50097913, 1.11821378, 4.72049247,\n        3.71601122],\n       [1.61188342, 1.52874613, 5.50097913, 1.11821378, 4.72049247,\n        3.71601122],\n       [1.61188342, 1.52874613, 5.50097913, 1.11821378, 4.72049247,\n        3.71601122]]), array([0.09096274, 0.09096274, 0.09096274, 0.09096274, 0.09096274,\n       0.09096274, 0.09096274]))", "callback": [0.5309863870524605, 0.4969906742903931, 0.47927641870302584, 0.4667736768413613, 0.4598388935431287, 0.44565423098676693, 0.364452387405636, 0.32104189982758935, 0.25397082666333937, 0.20159777302790105, 0.18222867540542276, 0.1802478379985717, 0.1754820615213455, 0.17210824415806147, 0.15597800070858114, 0.14101102866387083, 0.10712394779869328, 0.09557692122952599, 0.09255835229558318, 0.09127893185193481, 0.09102007499150833, 0.09097576833098509, 0.09096451372750636, 0.09096336396078564, 0.09096290301102639, 0.09096278464155927, 0.09096275896068184, 0.09096274740985721, 0.09096274388590608, 0.09096274359036594, 0.09096274342596333, 0.0909627433968232, 0.09096274338510835, 0.09096274338378363, 0.09096274338346244, 0.09096274338339161, 0.09096274338338084, 0.0909627433833774, 0.09096274338337673, 0.09096274338337629, 0.09096274338337618, 0.09096274338337618, 0.09096274338337618]}, "6": {"maxiter": 500, "fatol": 1e-10, "xatol": 1e-05, "duration": 0.14341402053833008, "fun": "0.09096274338575572", "nit": "327", "nfev": "510", "status": "0", "success": "True", "message": "Optimization terminated successfully.", "x": "[1.61187977 1.52874739 5.50097598 1.11821501 4.72049212 3.71601152]", "final_simplex": "(array([[1.61187977, 1.52874739, 5.50097598, 1.11821501, 4.72049212,\n        3.71601152],\n       [1.61188546, 1.52874409, 5.50098082, 1.11821147, 4.72049611,\n        3.71600919],\n       [1.61188543, 1.52874233, 5.50098231, 1.11821545, 4.72049068,\n        3.71601579],\n       [1.611885  , 1.52874818, 5.50098303, 1.1182149 , 4.72049075,\n        3.71601647],\n       [1.61188535, 1.52874076, 5.50097813, 1.11820994, 4.72049043,\n        3.71601655],\n       [1.61188217, 1.52874413, 5.50097425, 1.11821497, 4.72049902,\n        3.71601202],\n       [1.61188759, 1.52875117, 5.50097355, 1.11821217, 4.72049483,\n        3.71601102]]), array([0.09096274, 0.09096274, 0.09096274, 0.09096274, 0.09096274,\n       0.09096274, 0.09096274]))", "callback": [0.5309863870524605, 0.4969906742903931, 0.47927641870302584, 0.4667736768413613, 0.4598388935431287, 0.44565423098676693, 0.364452387405636, 0.32104189982758935, 0.25397082666333937, 0.20159777302790105, 0.18222867540542276, 0.1802478379985717, 0.1754820615213455, 0.17210824415806147, 0.15597800070858114, 0.14101102866387083, 0.10712394779869328, 0.09557692122952599, 0.09255835229558318, 0.09127893185193481, 0.09102007499150833, 0.09097576833098509, 0.09096451372750636, 0.09096336396078564, 0.09096290301102639, 0.09096278464155927, 0.09096275896068184, 0.09096274740985721, 0.09096274388590608, 0.09096274359036594, 0.09096274342596333, 0.0909627433968232]}, "7": {"maxiter": 500, "fatol": 1e-10, "xatol": 1e-10, "duration": 0.20311403274536133, "fun": "0.09096274338337618", "nit": "431", "nfev": "740", "status": "0", "success": "True", "message": "Optimization terminated successfully.", "x": "[1.61188342 1.52874613 5.50097913 1.11821378 4.72049247 3.71601122]", "final_simplex": "(array([[1.61188342, 1.52874613, 5.50097913, 1.11821378, 4.72049247,\n        3.71601122],\n       [1.61188342, 1.52874613, 5.50097913, 1.11821378, 4.72049247,\n        3.71601122],\n       [1.61188342, 1.52874613, 5.50097913, 1.11821378, 4.72049247,\n        3.71601122],\n       [1.61188342, 1.52874613, 5.50097913, 1.11821378, 4.72049247,\n        3.71601122],\n       [1.61188342, 1.52874613, 5.50097913, 1.11821378, 4.72049247,\n        3.71601122],\n       [1.61188342, 1.52874613, 5.50097913, 1.11821378, 4.72049247,\n        3.71601122],\n       [1.61188342, 1.52874613, 5.50097913, 1.11821378, 4.72049247,\n        3.71601122]]), array([0.09096274, 0.09096274, 0.09096274, 0.09096274, 0.09096274,\n       0.09096274, 0.09096274]))", "callback": [0.5309863870524605, 0.4969906742903931, 0.47927641870302584, 0.4667736768413613, 0.4598388935431287, 0.44565423098676693, 0.364452387405636, 0.32104189982758935, 0.25397082666333937, 0.20159777302790105, 0.18222867540542276, 0.1802478379985717, 0.1754820615213455, 0.17210824415806147, 0.15597800070858114, 0.14101102866387083, 0.10712394779869328, 0.09557692122952599, 0.09255835229558318, 0.09127893185193481, 0.09102007499150833, 0.09097576833098509, 0.09096451372750636, 0.09096336396078564, 0.09096290301102639, 0.09096278464155927, 0.09096275896068184, 0.09096274740985721, 0.09096274388590608, 0.09096274359036594, 0.09096274342596333, 0.0909627433968232, 0.09096274338510835, 0.09096274338378363, 0.09096274338346244, 0.09096274338339161, 0.09096274338338084, 0.0909627433833774, 0.09096274338337673, 0.09096274338337629, 0.09096274338337618, 0.09096274338337618, 0.09096274338337618]}, "8": {"maxiter": 1000, "fatol": 1e-05, "xatol": 1e-05, "duration": 0.1399550437927246, "fun": "0.09096274338575572", "nit": "327", "nfev": "510", "status": "0", "success": "True", "message": "Optimization terminated successfully.", "x": "[1.61187977 1.52874739 5.50097598 1.11821501 4.72049212 3.71601152]", "final_simplex": "(array([[1.61187977, 1.52874739, 5.50097598, 1.11821501, 4.72049212,\n        3.71601152],\n       [1.61188546, 1.52874409, 5.50098082, 1.11821147, 4.72049611,\n        3.71600919],\n       [1.61188543, 1.52874233, 5.50098231, 1.11821545, 4.72049068,\n        3.71601579],\n       [1.611885  , 1.52874818, 5.50098303, 1.1182149 , 4.72049075,\n        3.71601647],\n       [1.61188535, 1.52874076, 5.50097813, 1.11820994, 4.72049043,\n        3.71601655],\n       [1.61188217, 1.52874413, 5.50097425, 1.11821497, 4.72049902,\n        3.71601202],\n       [1.61188759, 1.52875117, 5.50097355, 1.11821217, 4.72049483,\n        3.71601102]]), array([0.09096274, 0.09096274, 0.09096274, 0.09096274, 0.09096274,\n       0.09096274, 0.09096274]))", "callback": [0.5309863870524605, 0.4969906742903931, 0.47927641870302584, 0.4667736768413613, 0.4598388935431287, 0.44565423098676693, 0.364452387405636, 0.32104189982758935, 0.25397082666333937, 0.20159777302790105, 0.18222867540542276, 0.1802478379985717, 0.1754820615213455, 0.17210824415806147, 0.15597800070858114, 0.14101102866387083, 0.10712394779869328, 0.09557692122952599, 0.09255835229558318, 0.09127893185193481, 0.09102007499150833, 0.09097576833098509, 0.09096451372750636, 0.09096336396078564, 0.09096290301102639, 0.09096278464155927, 0.09096275896068184, 0.09096274740985721, 0.09096274388590608, 0.09096274359036594, 0.09096274342596333, 0.0909627433968232]}, "9": {"maxiter": 1000, "fatol": 1e-05, "xatol": 1e-10, "duration": 0.20468688011169434, "fun": "0.09096274338337618", "nit": "431", "nfev": "740", "status": "0", "success": "True", "message": "Optimization terminated successfully.", "x": "[1.61188342 1.52874613 5.50097913 1.11821378 4.72049247 3.71601122]", "final_simplex": "(array([[1.61188342, 1.52874613, 5.50097913, 1.11821378, 4.72049247,\n        3.71601122],\n       [1.61188342, 1.52874613, 5.50097913, 1.11821378, 4.72049247,\n        3.71601122],\n       [1.61188342, 1.52874613, 5.50097913, 1.11821378, 4.72049247,\n        3.71601122],\n       [1.61188342, 1.52874613, 5.50097913, 1.11821378, 4.72049247,\n        3.71601122],\n       [1.61188342, 1.52874613, 5.50097913, 1.11821378, 4.72049247,\n        3.71601122],\n       [1.61188342, 1.52874613, 5.50097913, 1.11821378, 4.72049247,\n        3.71601122],\n       [1.61188342, 1.52874613, 5.50097913, 1.11821378, 4.72049247,\n        3.71601122]]), array([0.09096274, 0.09096274, 0.09096274, 0.09096274, 0.09096274,\n       0.09096274, 0.09096274]))", "callback": [0.5309863870524605, 0.4969906742903931, 0.47927641870302584, 0.4667736768413613, 0.4598388935431287, 0.44565423098676693, 0.364452387405636, 0.32104189982758935, 0.25397082666333937, 0.20159777302790105, 0.18222867540542276, 0.1802478379985717, 0.1754820615213455, 0.17210824415806147, 0.15597800070858114, 0.14101102866387083, 0.10712394779869328, 0.09557692122952599, 0.09255835229558318, 0.09127893185193481, 0.09102007499150833, 0.09097576833098509, 0.09096451372750636, 0.09096336396078564, 0.09096290301102639, 0.09096278464155927, 0.09096275896068184, 0.09096274740985721, 0.09096274388590608, 0.09096274359036594, 0.09096274342596333, 0.0909627433968232, 0.09096274338510835, 0.09096274338378363, 0.09096274338346244, 0.09096274338339161, 0.09096274338338084, 0.0909627433833774, 0.09096274338337673, 0.09096274338337629, 0.09096274338337618, 0.09096274338337618, 0.09096274338337618]}, "10": {"maxiter": 1000, "fatol": 1e-10, "xatol": 1e-05, "duration": 0.1410832405090332, "fun": "0.09096274338575572", "nit": "327", "nfev": "510", "status": "0", "success": "True", "message": "Optimization terminated successfully.", "x": "[1.61187977 1.52874739 5.50097598 1.11821501 4.72049212 3.71601152]", "final_simplex": "(array([[1.61187977, 1.52874739, 5.50097598, 1.11821501, 4.72049212,\n        3.71601152],\n       [1.61188546, 1.52874409, 5.50098082, 1.11821147, 4.72049611,\n        3.71600919],\n       [1.61188543, 1.52874233, 5.50098231, 1.11821545, 4.72049068,\n        3.71601579],\n       [1.611885  , 1.52874818, 5.50098303, 1.1182149 , 4.72049075,\n        3.71601647],\n       [1.61188535, 1.52874076, 5.50097813, 1.11820994, 4.72049043,\n        3.71601655],\n       [1.61188217, 1.52874413, 5.50097425, 1.11821497, 4.72049902,\n        3.71601202],\n       [1.61188759, 1.52875117, 5.50097355, 1.11821217, 4.72049483,\n        3.71601102]]), array([0.09096274, 0.09096274, 0.09096274, 0.09096274, 0.09096274,\n       0.09096274, 0.09096274]))", "callback": [0.5309863870524605, 0.4969906742903931, 0.47927641870302584, 0.4667736768413613, 0.4598388935431287, 0.44565423098676693, 0.364452387405636, 0.32104189982758935, 0.25397082666333937, 0.20159777302790105, 0.18222867540542276, 0.1802478379985717, 0.1754820615213455, 0.17210824415806147, 0.15597800070858114, 0.14101102866387083, 0.10712394779869328, 0.09557692122952599, 0.09255835229558318, 0.09127893185193481, 0.09102007499150833, 0.09097576833098509, 0.09096451372750636, 0.09096336396078564, 0.09096290301102639, 0.09096278464155927, 0.09096275896068184, 0.09096274740985721, 0.09096274388590608, 0.09096274359036594, 0.09096274342596333, 0.0909627433968232]}, "11": {"maxiter": 1000, "fatol": 1e-10, "xatol": 1e-10, "duration": 0.20239901542663574, "fun": "0.09096274338337618", "nit": "431", "nfev": "740", "status": "0", "success": "True", "message": "Optimization terminated successfully.", "x": "[1.61188342 1.52874613 5.50097913 1.11821378 4.72049247 3.71601122]", "final_simplex": "(array([[1.61188342, 1.52874613, 5.50097913, 1.11821378, 4.72049247,\n        3.71601122],\n       [1.61188342, 1.52874613, 5.50097913, 1.11821378, 4.72049247,\n        3.71601122],\n       [1.61188342, 1.52874613, 5.50097913, 1.11821378, 4.72049247,\n        3.71601122],\n       [1.61188342, 1.52874613, 5.50097913, 1.11821378, 4.72049247,\n        3.71601122],\n       [1.61188342, 1.52874613, 5.50097913, 1.11821378, 4.72049247,\n        3.71601122],\n       [1.61188342, 1.52874613, 5.50097913, 1.11821378, 4.72049247,\n        3.71601122],\n       [1.61188342, 1.52874613, 5.50097913, 1.11821378, 4.72049247,\n        3.71601122]]), array([0.09096274, 0.09096274, 0.09096274, 0.09096274, 0.09096274,\n       0.09096274, 0.09096274]))", "callback": [0.5309863870524605, 0.4969906742903931, 0.47927641870302584, 0.4667736768413613, 0.4598388935431287, 0.44565423098676693, 0.364452387405636, 0.32104189982758935, 0.25397082666333937, 0.20159777302790105, 0.18222867540542276, 0.1802478379985717, 0.1754820615213455, 0.17210824415806147, 0.15597800070858114, 0.14101102866387083, 0.10712394779869328, 0.09557692122952599, 0.09255835229558318, 0.09127893185193481, 0.09102007499150833, 0.09097576833098509, 0.09096451372750636, 0.09096336396078564, 0.09096290301102639, 0.09096278464155927, 0.09096275896068184, 0.09096274740985721, 0.09096274388590608, 0.09096274359036594, 0.09096274342596333, 0.0909627433968232, 0.09096274338510835, 0.09096274338378363, 0.09096274338346244, 0.09096274338339161, 0.09096274338338084, 0.0909627433833774, 0.09096274338337673, 0.09096274338337629, 0.09096274338337618, 0.09096274338337618, 0.09096274338337618]}}, "bfgs": {"type": "gradient", "0": {"maxiter": 100, "gtol": 1e-05, "xrtol": 1e-05, "eps": 1e-05, "duration": 0.05235719680786133, "fun": "0.09096274352447553", "jac": "[-2.89998026e-06  3.12967430e-06  3.54966057e-06  1.68864922e-08\n  7.60959074e-06  5.79181147e-07]", "hess_inv": "[[ 3.62052225 -0.30415976  2.42994349  1.30112098 -0.07271649  0.36418712]\n [-0.30415976  3.1023555   0.20065603 -0.0710289   0.43026172 -1.57359352]\n [ 2.42994349  0.20065603  9.35615572  2.19230529 -2.97844746  1.48568743]\n [ 1.30112098 -0.0710289   2.19230529  3.3768413  -1.05435707  0.67571018]\n [-0.07271649  0.43026172 -2.97844746 -1.05435707  4.57306523 -2.99858057]\n [ 0.36418712 -1.57359352  1.48568743  0.67571018 -2.99858057  7.31107719]]", "nfev": "182", "njev": "26", "status": "0", "success": "True", "message": "Optimization terminated successfully.", "x": "[1.61186756 1.52875798 5.50097148 5.164957   1.57892865 0.57439104]", "nit": "25", "callback": [0.2902000237224809, 0.09096419468755801]}, "1": {"maxiter": 100, "gtol": 1e-05, "xrtol": 1e-05, "eps": 1e-10, "duration": 0.05123114585876465, "fun": "0.09096274369456514", "jac": "[-7.77156053e-06  0.00000000e+00 -1.11022293e-06 -4.44089173e-06\n  3.33066880e-06 -2.22044587e-06]", "hess_inv": "[[ 3.64119794 -0.36204456  2.17699756  1.28756774  0.0802703   0.35223018]\n [-0.36204456  3.08965292  0.11486461 -0.09806316  0.43050267 -1.5776346 ]\n [ 2.17699756  0.11486461  8.68437097  1.99480489 -2.70262929  1.29746496]\n [ 1.28756774 -0.09806316  1.99480489  3.322012   -0.91988116  0.62584579]\n [ 0.0802703   0.43050267 -2.70262929 -0.91988116  4.42113523 -2.83485929]\n [ 0.35223018 -1.5776346   1.29746496  0.62584579 -2.83485929  7.22589215]]", "nfev": "182", "njev": "26", "status": "0", "success": "True", "message": "Optimization terminated successfully.", "x": "[1.61185174 1.52875974 5.5009452  5.16494763 1.57894228 0.57437796]", "nit": "25", "callback": [0.29022347999734954, 0.09096420885263501]}, "2": {"maxiter": 100, "gtol": 1e-05, "xrtol": 1e-10, "eps": 1e-05, "duration": 0.051084041595458984, "fun": "0.09096274352447553", "jac": "[-2.89998026e-06  3.12967430e-06  3.54966057e-06  1.68864922e-08\n  7.60959074e-06  5.79181147e-07]", "hess_inv": "[[ 3.62052225 -0.30415976  2.42994349  1.30112098 -0.07271649  0.36418712]\n [-0.30415976  3.1023555   0.20065603 -0.0710289   0.43026172 -1.57359352]\n [ 2.42994349  0.20065603  9.35615572  2.19230529 -2.97844746  1.48568743]\n [ 1.30112098 -0.0710289   2.19230529  3.3768413  -1.05435707  0.67571018]\n [-0.07271649  0.43026172 -2.97844746 -1.05435707  4.57306523 -2.99858057]\n [ 0.36418712 -1.57359352  1.48568743  0.67571018 -2.99858057  7.31107719]]", "nfev": "182", "njev": "26", "status": "0", "success": "True", "message": "Optimization terminated successfully.", "x": "[1.61186756 1.52875798 5.50097148 5.164957   1.57892865 0.57439104]", "nit": "25", "callback": [0.2902000237224809, 0.09096419468755801]}, "3": {"maxiter": 100, "gtol": 1e-05, "xrtol": 1e-10, "eps": 1e-10, "duration": 0.05184173583984375, "fun": "0.09096274369456514", "jac": "[-7.77156053e-06  0.00000000e+00 -1.11022293e-06 -4.44089173e-06\n  3.33066880e-06 -2.22044587e-06]", "hess_inv": "[[ 3.64119794 -0.36204456  2.17699756  1.28756774  0.0802703   0.35223018]\n [-0.36204456  3.08965292  0.11486461 -0.09806316  0.43050267 -1.5776346 ]\n [ 2.17699756  0.11486461  8.68437097  1.99480489 -2.70262929  1.29746496]\n [ 1.28756774 -0.09806316  1.99480489  3.322012   -0.91988116  0.62584579]\n [ 0.0802703   0.43050267 -2.70262929 -0.91988116  4.42113523 -2.83485929]\n [ 0.35223018 -1.5776346   1.29746496  0.62584579 -2.83485929  7.22589215]]", "nfev": "182", "njev": "26", "status": "0", "success": "True", "message": "Optimization terminated successfully.", "x": "[1.61185174 1.52875974 5.5009452  5.16494763 1.57894228 0.57437796]", "nit": "25", "callback": [0.29022347999734954, 0.09096420885263501]}, "4": {"maxiter": 100, "gtol": 1e-10, "xrtol": 1e-05, "eps": 1e-05, "duration": 0.05490612983703613, "fun": "0.09096274341597965", "jac": "[-3.39839268e-07  3.06821235e-07  4.93860508e-07 -1.15618626e-07\n  2.44837484e-07 -7.66942065e-08]", "hess_inv": "[[ 3.62799979 -0.33029321  2.45159179  1.31294343 -0.14930956  0.41107651]\n [-0.33029321  3.17699154  0.03656915 -0.11976818  0.74924119 -1.74028528]\n [ 2.45159179  0.03656915  8.95055133  2.18723532 -2.928567    1.60651957]\n [ 1.31294343 -0.11976818  2.18723532  3.39223554 -1.1526609   0.74859326]\n [-0.14930956  0.74924119 -2.928567   -1.1526609   5.20005695 -3.47021907]\n [ 0.41107651 -1.74028528  1.60651957  0.74859326 -3.47021907  7.60463085]]", "nfev": "189", "njev": "27", "status": "0", "success": "True", "message": "Optimization terminated successfully.", "x": "[1.61187129 1.52874226 5.50096802 5.1649617  1.57889873 0.57441397]", "nit": "26", "callback": [0.2902000237224809, 0.09096419468755801]}, "5": {"maxiter": 100, "gtol": 1e-10, "xrtol": 1e-05, "eps": 1e-10, "duration": 0.05625128746032715, "fun": "0.09096274339331945", "jac": "[-1.11022293e-06 -4.44089173e-06 -2.22044587e-06  2.22044587e-06\n -1.11022293e-06 -2.22044587e-06]", "hess_inv": "[[ 2.88859861 -0.78792337  0.77312154  0.63376374 -0.76335271  0.53397165]\n [-0.78792337  3.37112664 -0.35007572 -0.46989095  1.24385357 -2.23778494]\n [ 0.77312154 -0.35007572  5.93631118  0.69633573 -3.19464999  1.06129067]\n [ 0.63376374 -0.46989095  0.69633573  2.73612478 -1.59563185  0.76476144]\n [-0.76335271  1.24385357 -3.19464999 -1.59563185  6.4516355  -4.44141586]\n [ 0.53397165 -2.23778494  1.06129067  0.76476144 -4.44141586  8.27002348]]", "nfev": "196", "njev": "28", "status": "0", "success": "True", "message": "Optimization terminated successfully.", "x": "[1.61188159 1.52874203 5.50097388 5.16497249 1.57889436 0.57441984]", "nit": "27", "callback": [0.29022347999734954, 0.09096420885263501]}, "6": {"maxiter": 100, "gtol": 1e-10, "xrtol": 1e-10, "eps": 1e-05, "duration": 0.0965261459350586, "fun": "0.09096274341597965", "jac": "[-3.39839268e-07  3.06821235e-07  4.93860508e-07 -1.15618626e-07\n  2.44837484e-07 -7.66942065e-08]", "hess_inv": "[[ 3.63456104 -0.35779046  2.41522086  1.31708223 -0.17081734  0.44156082]\n [-0.35779046  3.29222413  0.18977978 -0.13700621  0.83856939 -1.86778492]\n [ 2.41522086  0.18977978  9.0123811   2.14522942 -2.66556009  1.39202422]\n [ 1.31708223 -0.13700621  2.14522942  3.3922465  -1.14661937  0.76161589]\n [-0.17081734  0.83856939 -2.66556009 -1.14661937  5.12266401 -3.52333299]\n [ 0.44156082 -1.86778492  1.39202422  0.76161589 -3.52333299  7.73144637]]", "nfev": "341", "njev": "47", "status": "2", "success": "False", "message": "Desired error not necessarily achieved due to precision loss.", "x": "[1.61187129 1.52874226 5.50096802 5.1649617  1.57889873 0.57441397]", "nit": "26", "callback": [0.2902000237224809, 0.09096419468755801]}, "7": {"maxiter": 100, "gtol": 1e-10, "xrtol": 1e-10, "eps": 1e-10, "duration": 0.07744097709655762, "fun": "0.09096274338940813", "jac": "[-1.11022293e-06  0.00000000e+00 -1.11022293e-06  1.11022293e-06\n -2.22044587e-06  1.11022293e-06]", "hess_inv": "[[ 2.56622972 -1.04155372  0.56845261  0.49290367 -1.45119681  2.88349102]\n [-1.04155372  1.89502178 -1.75741271  0.14492999  1.01982965 -1.67896893]\n [ 0.56845261 -1.75741271  5.75103565  1.75079636 -3.92933236  9.29210918]\n [ 0.49290367  0.14492999  1.75079636  2.41569367 -2.15388542  6.40313925]\n [-1.45119681  1.01982965 -3.92933236 -2.15388542  3.92753846 -9.11950457]\n [ 2.88349102 -1.67896893  9.29210918  6.40313925 -9.11950457 24.01444665]]", "nfev": "273", "njev": "39", "status": "0", "success": "True", "message": "Optimization terminated successfully.", "x": "[1.61188201 1.52874545 5.50097742 5.16497135 1.57889337 0.57442306]", "nit": "31", "callback": [0.29022347999734954, 0.09096420885263501, 0.09096274338940813]}, "8": {"maxiter": 500, "gtol": 1e-05, "xrtol": 1e-05, "eps": 1e-05, "duration": 0.05197787284851074, "fun": "0.09096274352447553", "jac": "[-2.89998026e-06  3.12967430e-06  3.54966057e-06  1.68864922e-08\n  7.60959074e-06  5.79181147e-07]", "hess_inv": "[[ 3.62052225 -0.30415976  2.42994349  1.30112098 -0.07271649  0.36418712]\n [-0.30415976  3.1023555   0.20065603 -0.0710289   0.43026172 -1.57359352]\n [ 2.42994349  0.20065603  9.35615572  2.19230529 -2.97844746  1.48568743]\n [ 1.30112098 -0.0710289   2.19230529  3.3768413  -1.05435707  0.67571018]\n [-0.07271649  0.43026172 -2.97844746 -1.05435707  4.57306523 -2.99858057]\n [ 0.36418712 -1.57359352  1.48568743  0.67571018 -2.99858057  7.31107719]]", "nfev": "182", "njev": "26", "status": "0", "success": "True", "message": "Optimization terminated successfully.", "x": "[1.61186756 1.52875798 5.50097148 5.164957   1.57892865 0.57439104]", "nit": "25", "callback": [0.2902000237224809, 0.09096419468755801]}, "9": {"maxiter": 500, "gtol": 1e-05, "xrtol": 1e-05, "eps": 1e-10, "duration": 0.05213785171508789, "fun": "0.09096274369456514", "jac": "[-7.77156053e-06  0.00000000e+00 -1.11022293e-06 -4.44089173e-06\n  3.33066880e-06 -2.22044587e-06]", "hess_inv": "[[ 3.64119794 -0.36204456  2.17699756  1.28756774  0.0802703   0.35223018]\n [-0.36204456  3.08965292  0.11486461 -0.09806316  0.43050267 -1.5776346 ]\n [ 2.17699756  0.11486461  8.68437097  1.99480489 -2.70262929  1.29746496]\n [ 1.28756774 -0.09806316  1.99480489  3.322012   -0.91988116  0.62584579]\n [ 0.0802703   0.43050267 -2.70262929 -0.91988116  4.42113523 -2.83485929]\n [ 0.35223018 -1.5776346   1.29746496  0.62584579 -2.83485929  7.22589215]]", "nfev": "182", "njev": "26", "status": "0", "success": "True", "message": "Optimization terminated successfully.", "x": "[1.61185174 1.52875974 5.5009452  5.16494763 1.57894228 0.57437796]", "nit": "25", "callback": [0.29022347999734954, 0.09096420885263501]}, "10": {"maxiter": 500, "gtol": 1e-05, "xrtol": 1e-10, "eps": 1e-05, "duration": 0.05110001564025879, "fun": "0.09096274352447553", "jac": "[-2.89998026e-06  3.12967430e-06  3.54966057e-06  1.68864922e-08\n  7.60959074e-06  5.79181147e-07]", "hess_inv": "[[ 3.62052225 -0.30415976  2.42994349  1.30112098 -0.07271649  0.36418712]\n [-0.30415976  3.1023555   0.20065603 -0.0710289   0.43026172 -1.57359352]\n [ 2.42994349  0.20065603  9.35615572  2.19230529 -2.97844746  1.48568743]\n [ 1.30112098 -0.0710289   2.19230529  3.3768413  -1.05435707  0.67571018]\n [-0.07271649  0.43026172 -2.97844746 -1.05435707  4.57306523 -2.99858057]\n [ 0.36418712 -1.57359352  1.48568743  0.67571018 -2.99858057  7.31107719]]", "nfev": "182", "njev": "26", "status": "0", "success": "True", "message": "Optimization terminated successfully.", "x": "[1.61186756 1.52875798 5.50097148 5.164957   1.57892865 0.57439104]", "nit": "25", "callback": [0.2902000237224809, 0.09096419468755801]}, "11": {"maxiter": 500, "gtol": 1e-05, "xrtol": 1e-10, "eps": 1e-10, "duration": 0.05097699165344238, "fun": "0.09096274369456514", "jac": "[-7.77156053e-06  0.00000000e+00 -1.11022293e-06 -4.44089173e-06\n  3.33066880e-06 -2.22044587e-06]", "hess_inv": "[[ 3.64119794 -0.36204456  2.17699756  1.28756774  0.0802703   0.35223018]\n [-0.36204456  3.08965292  0.11486461 -0.09806316  0.43050267 -1.5776346 ]\n [ 2.17699756  0.11486461  8.68437097  1.99480489 -2.70262929  1.29746496]\n [ 1.28756774 -0.09806316  1.99480489  3.322012   -0.91988116  0.62584579]\n [ 0.0802703   0.43050267 -2.70262929 -0.91988116  4.42113523 -2.83485929]\n [ 0.35223018 -1.5776346   1.29746496  0.62584579 -2.83485929  7.22589215]]", "nfev": "182", "njev": "26", "status": "0", "success": "True", "message": "Optimization terminated successfully.", "x": "[1.61185174 1.52875974 5.5009452  5.16494763 1.57894228 0.57437796]", "nit": "25", "callback": [0.29022347999734954, 0.09096420885263501]}, "12": {"maxiter": 500, "gtol": 1e-10, "xrtol": 1e-05, "eps": 1e-05, "duration": 0.053071022033691406, "fun": "0.09096274341597965", "jac": "[-3.39839268e-07  3.06821235e-07  4.93860508e-07 -1.15618626e-07\n  2.44837484e-07 -7.66942065e-08]", "hess_inv": "[[ 3.62799979 -0.33029321  2.45159179  1.31294343 -0.14930956  0.41107651]\n [-0.33029321  3.17699154  0.03656915 -0.11976818  0.74924119 -1.74028528]\n [ 2.45159179  0.03656915  8.95055133  2.18723532 -2.928567    1.60651957]\n [ 1.31294343 -0.11976818  2.18723532  3.39223554 -1.1526609   0.74859326]\n [-0.14930956  0.74924119 -2.928567   -1.1526609   5.20005695 -3.47021907]\n [ 0.41107651 -1.74028528  1.60651957  0.74859326 -3.47021907  7.60463085]]", "nfev": "189", "njev": "27", "status": "0", "success": "True", "message": "Optimization terminated successfully.", "x": "[1.61187129 1.52874226 5.50096802 5.1649617  1.57889873 0.57441397]", "nit": "26", "callback": [0.2902000237224809, 0.09096419468755801]}, "13": {"maxiter": 500, "gtol": 1e-10, "xrtol": 1e-05, "eps": 1e-10, "duration": 0.055066823959350586, "fun": "0.09096274339331945", "jac": "[-1.11022293e-06 -4.44089173e-06 -2.22044587e-06  2.22044587e-06\n -1.11022293e-06 -2.22044587e-06]", "hess_inv": "[[ 2.88859861 -0.78792337  0.77312154  0.63376374 -0.76335271  0.53397165]\n [-0.78792337  3.37112664 -0.35007572 -0.46989095  1.24385357 -2.23778494]\n [ 0.77312154 -0.35007572  5.93631118  0.69633573 -3.19464999  1.06129067]\n [ 0.63376374 -0.46989095  0.69633573  2.73612478 -1.59563185  0.76476144]\n [-0.76335271  1.24385357 -3.19464999 -1.59563185  6.4516355  -4.44141586]\n [ 0.53397165 -2.23778494  1.06129067  0.76476144 -4.44141586  8.27002348]]", "nfev": "196", "njev": "28", "status": "0", "success": "True", "message": "Optimization terminated successfully.", "x": "[1.61188159 1.52874203 5.50097388 5.16497249 1.57889436 0.57441984]", "nit": "27", "callback": [0.29022347999734954, 0.09096420885263501]}, "14": {"maxiter": 500, "gtol": 1e-10, "xrtol": 1e-10, "eps": 1e-05, "duration": 0.09522414207458496, "fun": "0.09096274341597965", "jac": "[-3.39839268e-07  3.06821235e-07  4.93860508e-07 -1.15618626e-07\n  2.44837484e-07 -7.66942065e-08]", "hess_inv": "[[ 3.63456104 -0.35779046  2.41522086  1.31708223 -0.17081734  0.44156082]\n [-0.35779046  3.29222413  0.18977978 -0.13700621  0.83856939 -1.86778492]\n [ 2.41522086  0.18977978  9.0123811   2.14522942 -2.66556009  1.39202422]\n [ 1.31708223 -0.13700621  2.14522942  3.3922465  -1.14661937  0.76161589]\n [-0.17081734  0.83856939 -2.66556009 -1.14661937  5.12266401 -3.52333299]\n [ 0.44156082 -1.86778492  1.39202422  0.76161589 -3.52333299  7.73144637]]", "nfev": "341", "njev": "47", "status": "2", "success": "False", "message": "Desired error not necessarily achieved due to precision loss.", "x": "[1.61187129 1.52874226 5.50096802 5.1649617  1.57889873 0.57441397]", "nit": "26", "callback": [0.2902000237224809, 0.09096419468755801]}, "15": {"maxiter": 500, "gtol": 1e-10, "xrtol": 1e-10, "eps": 1e-10, "duration": 0.07648777961730957, "fun": "0.09096274338940813", "jac": "[-1.11022293e-06  0.00000000e+00 -1.11022293e-06  1.11022293e-06\n -2.22044587e-06  1.11022293e-06]", "hess_inv": "[[ 2.56622972 -1.04155372  0.56845261  0.49290367 -1.45119681  2.88349102]\n [-1.04155372  1.89502178 -1.75741271  0.14492999  1.01982965 -1.67896893]\n [ 0.56845261 -1.75741271  5.75103565  1.75079636 -3.92933236  9.29210918]\n [ 0.49290367  0.14492999  1.75079636  2.41569367 -2.15388542  6.40313925]\n [-1.45119681  1.01982965 -3.92933236 -2.15388542  3.92753846 -9.11950457]\n [ 2.88349102 -1.67896893  9.29210918  6.40313925 -9.11950457 24.01444665]]", "nfev": "273", "njev": "39", "status": "0", "success": "True", "message": "Optimization terminated successfully.", "x": "[1.61188201 1.52874545 5.50097742 5.16497135 1.57889337 0.57442306]", "nit": "31", "callback": [0.29022347999734954, 0.09096420885263501, 0.09096274338940813]}, "16": {"maxiter": 1000, "gtol": 1e-05, "xrtol": 1e-05, "eps": 1e-05, "duration": 0.05129289627075195, "fun": "0.09096274352447553", "jac": "[-2.89998026e-06  3.12967430e-06  3.54966057e-06  1.68864922e-08\n  7.60959074e-06  5.79181147e-07]", "hess_inv": "[[ 3.62052225 -0.30415976  2.42994349  1.30112098 -0.07271649  0.36418712]\n [-0.30415976  3.1023555   0.20065603 -0.0710289   0.43026172 -1.57359352]\n [ 2.42994349  0.20065603  9.35615572  2.19230529 -2.97844746  1.48568743]\n [ 1.30112098 -0.0710289   2.19230529  3.3768413  -1.05435707  0.67571018]\n [-0.07271649  0.43026172 -2.97844746 -1.05435707  4.57306523 -2.99858057]\n [ 0.36418712 -1.57359352  1.48568743  0.67571018 -2.99858057  7.31107719]]", "nfev": "182", "njev": "26", "status": "0", "success": "True", "message": "Optimization terminated successfully.", "x": "[1.61186756 1.52875798 5.50097148 5.164957   1.57892865 0.57439104]", "nit": "25", "callback": [0.2902000237224809, 0.09096419468755801]}, "17": {"maxiter": 1000, "gtol": 1e-05, "xrtol": 1e-05, "eps": 1e-10, "duration": 0.051878929138183594, "fun": "0.09096274369456514", "jac": "[-7.77156053e-06  0.00000000e+00 -1.11022293e-06 -4.44089173e-06\n  3.33066880e-06 -2.22044587e-06]", "hess_inv": "[[ 3.64119794 -0.36204456  2.17699756  1.28756774  0.0802703   0.35223018]\n [-0.36204456  3.08965292  0.11486461 -0.09806316  0.43050267 -1.5776346 ]\n [ 2.17699756  0.11486461  8.68437097  1.99480489 -2.70262929  1.29746496]\n [ 1.28756774 -0.09806316  1.99480489  3.322012   -0.91988116  0.62584579]\n [ 0.0802703   0.43050267 -2.70262929 -0.91988116  4.42113523 -2.83485929]\n [ 0.35223018 -1.5776346   1.29746496  0.62584579 -2.83485929  7.22589215]]", "nfev": "182", "njev": "26", "status": "0", "success": "True", "message": "Optimization terminated successfully.", "x": "[1.61185174 1.52875974 5.5009452  5.16494763 1.57894228 0.57437796]", "nit": "25", "callback": [0.29022347999734954, 0.09096420885263501]}, "18": {"maxiter": 1000, "gtol": 1e-05, "xrtol": 1e-10, "eps": 1e-05, "duration": 0.05015110969543457, "fun": "0.09096274352447553", "jac": "[-2.89998026e-06  3.12967430e-06  3.54966057e-06  1.68864922e-08\n  7.60959074e-06  5.79181147e-07]", "hess_inv": "[[ 3.62052225 -0.30415976  2.42994349  1.30112098 -0.07271649  0.36418712]\n [-0.30415976  3.1023555   0.20065603 -0.0710289   0.43026172 -1.57359352]\n [ 2.42994349  0.20065603  9.35615572  2.19230529 -2.97844746  1.48568743]\n [ 1.30112098 -0.0710289   2.19230529  3.3768413  -1.05435707  0.67571018]\n [-0.07271649  0.43026172 -2.97844746 -1.05435707  4.57306523 -2.99858057]\n [ 0.36418712 -1.57359352  1.48568743  0.67571018 -2.99858057  7.31107719]]", "nfev": "182", "njev": "26", "status": "0", "success": "True", "message": "Optimization terminated successfully.", "x": "[1.61186756 1.52875798 5.50097148 5.164957   1.57892865 0.57439104]", "nit": "25", "callback": [0.2