{"date": "2024/10/08/, 17:00:11", "conf_id": 14, "data_type": "random\n", "num_data_points": 1, "s_rank": 0, "unitary": "[[-0.24866696+0.58742286j,-0.44704345-0.43151574j,-0.35669027-0.20570733j,-0.10517633+0.1626036j],[0.10596805-0.19687975j,-0.30269685-0.15056416j,0.18246286+0.30440582j,-0.83484447-0.11310748j],[0.26054512-0.52548482j,0.0285017-0.50723956j,-0.43110112+0.17165838j,0.15243271+0.39915801j],[0.42978035+0.11991271j,-0.17224126-0.46030424j,0.6827807-0.15164662j,0.26483638+0.0061855j]]", "databatch_0": {"databatch": "[[[0.15169572-0.09500404j,0.04355583+0.05107387j,-0.1302028+0.01970885j,-0.04737121+0.06704456j],[0.11428584-0.13513436j,0.05028393+0.08793043j,-0.09232017-0.00222247j,-0.07440784+0.08119812j],[-0.65663537-0.21386257j,0.2183777-0.37342643j,0.27817202+0.12417652j,0.13061599+0.12095881j],[0.23683184+0.08193342j,0.03608788+0.05901949j,-0.1232546-0.01767372j,-0.03685959-0.06443045j]]]", "initial param values": "[3.80398907,4.5027196,5.23934747,1.44830776,4.94931565,3.47280537]", "nelder_mead": {"type": "gradient-free", "0": {"maxiter": 100, "fatol": 1e-05, "xatol": 1e-05, "duration": 0.06867790222167969, "fun": "0.04591424097413843", "nit": "100", "nfev": "157", "status": "2", "success": "False", "message": "Maximum number of iterations has been exceeded.", "x": "[4.64346393 2.9138538  7.12124271 1.86344844 1.55546967 5.4623555 ]", "final_simplex": "(array([[4.64346393, 2.9138538 , 7.12124271, 1.86344844, 1.55546967,\n        5.4623555 ],\n       [4.60769897, 3.03871188, 7.09658271, 1.81305382, 1.63755382,\n        5.55680997],\n       [4.59599257, 2.9323902 , 7.03988611, 1.81217439, 1.55049629,\n        5.56170662],\n       [4.52934255, 3.03436908, 6.99330776, 1.83325979, 1.54941658,\n        5.3339284 ],\n       [4.47078382, 3.00345932, 6.96572449, 1.82214393, 1.66693754,\n        5.46014824],\n       [4.53751797, 2.9036775 , 6.81569506, 1.8089593 , 1.55692094,\n        5.48721603],\n       [4.60981422, 2.94421683, 6.90660099, 1.80011564, 1.71125883,\n        5.54797377]]), array([0.04591424, 0.04956012, 0.04970511, 0.05069465, 0.05304667,\n       0.05409144, 0.05414906]))", "callback": [0.7653761176622124, 0.6687523906774027, 0.4142227664391238, 0.2844531371493858, 0.2683453959274176, 0.17287035835824371, 0.09677297339464197, 0.07501936454120928, 0.06724005920740195, 0.05744775320658113]}, "1": {"maxiter": 100, "fatol": 1e-05, "xatol": 1e-10, "duration": 0.045220136642456055, "fun": "0.04591424097413843", "nit": "100", "nfev": "157", "status": "2", "success": "False", "message": "Maximum number of iterations has been exceeded.", "x": "[4.64346393 2.9138538  7.12124271 1.86344844 1.55546967 5.4623555 ]", "final_simplex": "(array([[4.64346393, 2.9138538 , 7.12124271, 1.86344844, 1.55546967,\n        5.4623555 ],\n       [4.60769897, 3.03871188, 7.09658271, 1.81305382, 1.63755382,\n        5.55680997],\n       [4.59599257, 2.9323902 , 7.03988611, 1.81217439, 1.55049629,\n        5.56170662],\n       [4.52934255, 3.03436908, 6.99330776, 1.83325979, 1.54941658,\n        5.3339284 ],\n       [4.47078382, 3.00345932, 6.96572449, 1.82214393, 1.66693754,\n        5.46014824],\n       [4.53751797, 2.9036775 , 6.81569506, 1.8089593 , 1.55692094,\n        5.48721603],\n       [4.60981422, 2.94421683, 6.90660099, 1.80011564, 1.71125883,\n        5.54797377]]), array([0.04591424, 0.04956012, 0.04970511, 0.05069465, 0.05304667,\n       0.05409144, 0.05414906]))", "callback": [0.7653761176622124, 0.6687523906774027, 0.4142227664391238, 0.2844531371493858, 0.2683453959274176, 0.17287035835824371, 0.09677297339464197, 0.07501936454120928, 0.06724005920740195, 0.05744775320658113]}, "2": {"maxiter": 100, "fatol": 1e-10, "xatol": 1e-05, "duration": 0.04261493682861328, "fun": "0.04591424097413843", "nit": "100", "nfev": "157", "status": "2", "success": "False", "message": "Maximum number of iterations has been exceeded.", "x": "[4.64346393 2.9138538  7.12124271 1.86344844 1.55546967 5.4623555 ]", "final_simplex": "(array([[4.64346393, 2.9138538 , 7.12124271, 1.86344844, 1.55546967,\n        5.4623555 ],\n       [4.60769897, 3.03871188, 7.09658271, 1.81305382, 1.63755382,\n        5.55680997],\n       [4.59599257, 2.9323902 , 7.03988611, 1.81217439, 1.55049629,\n        5.56170662],\n       [4.52934255, 3.03436908, 6.99330776, 1.83325979, 1.54941658,\n        5.3339284 ],\n       [4.47078382, 3.00345932, 6.96572449, 1.82214393, 1.66693754,\n        5.46014824],\n       [4.53751797, 2.9036775 , 6.81569506, 1.8089593 , 1.55692094,\n        5.48721603],\n       [4.60981422, 2.94421683, 6.90660099, 1.80011564, 1.71125883,\n        5.54797377]]), array([0.04591424, 0.04956012, 0.04970511, 0.05069465, 0.05304667,\n       0.05409144, 0.05414906]))", "callback": [0.7653761176622124, 0.6687523906774027, 0.4142227664391238, 0.2844531371493858, 0.2683453959274176, 0.17287035835824371, 0.09677297339464197, 0.07501936454120928, 0.06724005920740195, 0.05744775320658113]}, "3": {"maxiter": 100, "fatol": 1e-10, "xatol": 1e-10, "duration": 0.05563068389892578, "fun": "0.04591424097413843", "nit": "100", "nfev": "157", "status": "2", "success": "False", "message": "Maximum number of iterations has been exceeded.", "x": "[4.64346393 2.9138538  7.12124271 1.86344844 1.55546967 5.4623555 ]", "final_simplex": "(array([[4.64346393, 2.9138538 , 7.12124271, 1.86344844, 1.55546967,\n        5.4623555 ],\n       [4.60769897, 3.03871188, 7.09658271, 1.81305382, 1.63755382,\n        5.55680997],\n       [4.59599257, 2.9323902 , 7.03988611, 1.81217439, 1.55049629,\n        5.56170662],\n       [4.52934255, 3.03436908, 6.99330776, 1.83325979, 1.54941658,\n        5.3339284 ],\n       [4.47078382, 3.00345932, 6.96572449, 1.82214393, 1.66693754,\n        5.46014824],\n       [4.53751797, 2.9036775 , 6.81569506, 1.8089593 , 1.55692094,\n        5.48721603],\n       [4.60981422, 2.94421683, 6.90660099, 1.80011564, 1.71125883,\n        5.54797377]]), array([0.04591424, 0.04956012, 0.04970511, 0.05069465, 0.05304667,\n       0.05409144, 0.05414906]))", "callback": [0.7653761176622124, 0.6687523906774027, 0.4142227664391238, 0.2844531371493858, 0.2683453959274176, 0.17287035835824371, 0.09677297339464197, 0.07501936454120928, 0.06724005920740195, 0.05744775320658113]}, "4": {"maxiter": 500, "fatol": 1e-05, "xatol": 1e-05, "duration": 0.17487096786499023, "fun": "0.04371551175740884", "nit": "352", "nfev": "561", "status": "0", "success": "True", "message": "Optimization terminated successfully.", "x": "[4.68729192 2.9282962  7.21306994 1.78717472 1.59789083 5.44525676]", "final_simplex": "(array([[4.68729192, 2.9282962 , 7.21306994, 1.78717472, 1.59789083,\n        5.44525676],\n       [4.68729142, 2.92829651, 7.21307113, 1.787176  , 1.59789133,\n        5.44526273],\n       [4.68729055, 2.92829611, 7.21306414, 1.78717258, 1.59788675,\n        5.44525228],\n       [4.68728829, 2.92829593, 7.21306407, 1.78717355, 1.59788867,\n        5.44525534],\n       [4.68729096, 2.92829623, 7.21306067, 1.78717186, 1.59788906,\n        5.44525551],\n       [4.6872921 , 2.92829928, 7.2130684 , 1.78717432, 1.59789113,\n        5.44525466],\n       [4.68729084, 2.92829653, 7.21306659, 1.78717659, 1.59788987,\n        5.445256  ]]), array([0.04371551, 0.04371551, 0.04371551, 0.04371551, 0.04371551,\n       0.04371551, 0.04371551]))", "callback": [0.7653761176622124, 0.6687523906774027, 0.4142227664391238, 0.2844531371493858, 0.2683453959274176, 0.17287035835824371, 0.09677297339464197, 0.07501936454120928, 0.06724005920740195, 0.05744775320658113, 0.04591424097413843, 0.045659165260519496, 0.04469021868321599, 0.04442821750844217, 0.04433532582417776, 0.044298889468572966, 0.0442815323678859, 0.044270757432537056, 0.04420698700316139, 0.04408720198292737, 0.04387234675468177, 0.043801680103297436, 0.04374352889509536, 0.04372295887847866, 0.043717112329566876, 0.0437158539922291, 0.04371564137981854, 0.04371552491575792, 0.04371552298603709, 0.04371551378546912, 0.04371551225983206, 0.04371551188633882, 0.04371551179296562, 0.043715511772229876, 0.04371551175821231, 0.04371551175740884]}, "5": {"maxiter": 500, "fatol": 1e-05, "xatol": 1e-10, "duration": 0.2320868968963623, "fun": "0.043715511756128755", "nit": "445", "nfev": "786", "status": "0", "success": "True", "message": "Optimization terminated successfully.", "x": "[4.6872916  2.92829748 7.21306686 1.78717307 1.59788984 5.44525676]", "final_simplex": "(array([[4.6872916 , 2.92829748, 7.21306686, 1.78717307, 1.59788984,\n        5.44525676],\n       [4.6872916 , 2.92829748, 7.21306686, 1.78717307, 1.59788984,\n        5.44525676],\n       [4.6872916 , 2.92829748, 7.21306686, 1.78717307, 1.59788984,\n        5.44525676],\n       [4.6872916 , 2.92829748, 7.21306686, 1.78717307, 1.59788984,\n        5.44525676],\n       [4.6872916 , 2.92829748, 7.21306686, 1.78717307, 1.59788984,\n        5.44525676],\n       [4.6872916 , 2.92829748, 7.21306686, 1.78717307, 1.59788984,\n        5.44525676],\n       [4.6872916 , 2.92829748, 7.21306686, 1.78717307, 1.59788984,\n        5.44525676]]), array([0.04371551, 0.04371551, 0.04371551, 0.04371551, 0.04371551,\n       0.04371551, 0.04371551]))", "callback": [0.7653761176622124, 0.6687523906774027, 0.4142227664391238, 0.2844531371493858, 0.2683453959274176, 0.17287035835824371, 0.09677297339464197, 0.07501936454120928, 0.06724005920740195, 0.05744775320658113, 0.04591424097413843, 0.045659165260519496, 0.04469021868321599, 0.04442821750844217, 0.04433532582417776, 0.044298889468572966, 0.0442815323678859, 0.044270757432537056, 0.04420698700316139, 0.04408720198292737, 0.04387234675468177, 0.043801680103297436, 0.04374352889509536, 0.04372295887847866, 0.043717112329566876, 0.0437158539922291, 0.04371564137981854, 0.04371552491575792, 0.04371552298603709, 0.04371551378546912, 0.04371551225983206, 0.04371551188633882, 0.04371551179296562, 0.043715511772229876, 0.04371551175821231, 0.04371551175740884, 0.0437155117562813, 0.04371551175616417, 0.04371551175613497, 0.043715511756130976, 0.04371551175612931, 0.043715511756128755, 0.043715511756128755, 0.043715511756128755, 0.043715511756128755]}, "6": {"maxiter": 500, "fatol": 1e-10, "xatol": 1e-05, "duration": 0.22247767448425293, "fun": "0.04371551175740884", "nit": "352", "nfev": "561", "status": "0", "success": "True", "message": "Optimization terminated successfully.", "x": "[4.68729192 2.9282962  7.21306994 1.78717472 1.59789083 5.44525676]", "final_simplex": "(array([[4.68729192, 2.9282962 , 7.21306994, 1.78717472, 1.59789083,\n        5.44525676],\n       [4.68729142, 2.92829651, 7.21307113, 1.787176  , 1.59789133,\n        5.44526273],\n       [4.68729055, 2.92829611, 7.21306414, 1.78717258, 1.59788675,\n        5.44525228],\n       [4.68728829, 2.92829593, 7.21306407, 1.78717355, 1.59788867,\n        5.44525534],\n       [4.68729096, 2.92829623, 7.21306067, 1.78717186, 1.59788906,\n        5.44525551],\n       [4.6872921 , 2.92829928, 7.2130684 , 1.78717432, 1.59789113,\n        5.44525466],\n       [4.68729084, 2.92829653, 7.21306659, 1.78717659, 1.59788987,\n        5.445256  ]]), array([0.04371551, 0.04371551, 0.04371551, 0.04371551, 0.04371551,\n       0.04371551, 0.04371551]))", "callback": [0.7653761176622124, 0.6687523906774027, 0.4142227664391238, 0.2844531371493858, 0.2683453959274176, 0.17287035835824371, 0.09677297339464197, 0.07501936454120928, 0.06724005920740195, 0.05744775320658113, 0.04591424097413843, 0.045659165260519496, 0.04469021868321599, 0.04442821750844217, 0.04433532582417776, 0.044298889468572966, 0.0442815323678859, 0.044270757432537056, 0.04420698700316139, 0.04408720198292737, 0.04387234675468177, 0.043801680103297436, 0.04374352889509536, 0.04372295887847866, 0.043717112329566876, 0.0437158539922291, 0.04371564137981854, 0.04371552491575792, 0.04371552298603709, 0.04371551378546912, 0.04371551225983206, 0.04371551188633882, 0.04371551179296562, 0.043715511772229876, 0.04371551175821231, 0.04371551175740884]}, "7": {"maxiter": 500, "fatol": 1e-10, "xatol": 1e-10, "duration": 0.2514629364013672, "fun": "0.043715511756128755", "nit": "445", "nfev": "786", "status": "0", "success": "True", "message": "Optimization terminated successfully.", "x": "[4.6872916  2.92829748 7.21306686 1.78717307 1.59788984 5.44525676]", "final_simplex": "(array([[4.6872916 , 2.92829748, 7.21306686, 1.78717307, 1.59788984,\n        5.44525676],\n       [4.6872916 , 2.92829748, 7.21306686, 1.78717307, 1.59788984,\n        5.44525676],\n       [4.6872916 , 2.92829748, 7.21306686, 1.78717307, 1.59788984,\n        5.44525676],\n       [4.6872916 , 2.92829748, 7.21306686, 1.78717307, 1.59788984,\n        5.44525676],\n       [4.6872916 , 2.92829748, 7.21306686, 1.78717307, 1.59788984,\n        5.44525676],\n       [4.6872916 , 2.92829748, 7.21306686, 1.78717307, 1.59788984,\n        5.44525676],\n       [4.6872916 , 2.92829748, 7.21306686, 1.78717307, 1.59788984,\n        5.44525676]]), array([0.04371551, 0.04371551, 0.04371551, 0.04371551, 0.04371551,\n       0.04371551, 0.04371551]))", "callback": [0.7653761176622124, 0.6687523906774027, 0.4142227664391238, 0.2844531371493858, 0.2683453959274176, 0.17287035835824371, 0.09677297339464197, 0.07501936454120928, 0.06724005920740195, 0.05744775320658113, 0.04591424097413843, 0.045659165260519496, 0.04469021868321599, 0.04442821750844217, 0.04433532582417776, 0.044298889468572966, 0.0442815323678859, 0.044270757432537056, 0.04420698700316139, 0.04408720198292737, 0.04387234675468177, 0.043801680103297436, 0.04374352889509536, 0.04372295887847866, 0.043717112329566876, 0.0437158539922291, 0.04371564137981854, 0.04371552491575792, 0.04371552298603709, 0.04371551378546912, 0.04371551225983206, 0.04371551188633882, 0.04371551179296562, 0.043715511772229876, 0.04371551175821231, 0.04371551175740884, 0.0437155117562813, 0.04371551175616417, 0.04371551175613497, 0.043715511756130976, 0.04371551175612931, 0.043715511756128755, 0.043715511756128755, 0.043715511756128755, 0.043715511756128755]}, "8": {"maxiter": 1000, "fatol": 1e-05, "xatol": 1e-05, "duration": 0.19838595390319824, "fun": "0.04371551175740884", "nit": "352", "nfev": "561", "status": "0", "success": "True", "message": "Optimization terminated successfully.", "x": "[4.68729192 2.9282962  7.21306994 1.78717472 1.59789083 5.44525676]", "final_simplex": "(array([[4.68729192, 2.9282962 , 7.21306994, 1.78717472, 1.59789083,\n        5.44525676],\n       [4.68729142, 2.92829651, 7.21307113, 1.787176  , 1.59789133,\n        5.44526273],\n       [4.68729055, 2.92829611, 7.21306414, 1.78717258, 1.59788675,\n        5.44525228],\n       [4.68728829, 2.92829593, 7.21306407, 1.78717355, 1.59788867,\n        5.44525534],\n       [4.68729096, 2.92829623, 7.21306067, 1.78717186, 1.59788906,\n        5.44525551],\n       [4.6872921 , 2.92829928, 7.2130684 , 1.78717432, 1.59789113,\n        5.44525466],\n       [4.68729084, 2.92829653, 7.21306659, 1.78717659, 1.59788987,\n        5.445256  ]]), array([0.04371551, 0.04371551, 0.04371551, 0.04371551, 0.04371551,\n       0.04371551, 0.04371551]))", "callback": [0.7653761176622124, 0.6687523906774027, 0.4142227664391238, 0.2844531371493858, 0.2683453959274176, 0.17287035835824371, 0.09677297339464197, 0.07501936454120928, 0.06724005920740195, 0.05744775320658113, 0.04591424097413843, 0.045659165260519496, 0.04469021868321599, 0.04442821750844217, 0.04433532582417776, 0.044298889468572966, 0.0442815323678859, 0.044270757432537056, 0.04420698700316139, 0.04408720198292737, 0.04387234675468177, 0.043801680103297436, 0.04374352889509536, 0.04372295887847866, 0.043717112329566876, 0.0437158539922291, 0.04371564137981854, 0.04371552491575792, 0.04371552298603709, 0.04371551378546912, 0.04371551225983206, 0.04371551188633882, 0.04371551179296562, 0.043715511772229876, 0.04371551175821231, 0.04371551175740884]}, "9": {"maxiter": 1000, "fatol": 1e-05, "xatol": 1e-10, "duration": 0.24373316764831543, "fun": "0.043715511756128755", "nit": "445", "nfev": "786", "status": "0", "success": "True", "message": "Optimization terminated successfully.", "x": "[4.6872916  2.92829748 7.21306686 1.78717307 1.59788984 5.44525676]", "final_simplex": "(array([[4.6872916 , 2.92829748, 7.21306686, 1.78717307, 1.59788984,\n        5.44525676],\n       [4.6872916 , 2.92829748, 7.21306686, 1.78717307, 1.59788984,\n        5.44525676],\n       [4.6872916 , 2.92829748, 7.21306686, 1.78717307, 1.59788984,\n        5.44525676],\n       [4.6872916 , 2.92829748, 7.21306686, 1.78717307, 1.59788984,\n        5.44525676],\n       [4.6872916 , 2.92829748, 7.21306686, 1.78717307, 1.59788984,\n        5.44525676],\n       [4.6872916 , 2.92829748, 7.21306686, 1.78717307, 1.59788984,\n        5.44525676],\n       [4.6872916 , 2.92829748, 7.21306686, 1.78717307, 1.59788984,\n        5.44525676]]), array([0.04371551, 0.04371551, 0.04371551, 0.04371551, 0.04371551,\n       0.04371551, 0.04371551]))", "callback": [0.7653761176622124, 0.6687523906774027, 0.4142227664391238, 0.2844531371493858, 0.2683453959274176, 0.17287035835824371, 0.09677297339464197, 0.07501936454120928, 0.06724005920740195, 0.05744775320658113, 0.04591424097413843, 0.045659165260519496, 0.04469021868321599, 0.04442821750844217, 0.04433532582417776, 0.044298889468572966, 0.0442815323678859, 0.044270757432537056, 0.04420698700316139, 0.04408720198292737, 0.04387234675468177, 0.043801680103297436, 0.04374352889509536, 0.04372295887847866, 0.043717112329566876, 0.0437158539922291, 0.04371564137981854, 0.04371552491575792, 0.04371552298603709, 0.04371551378546912, 0.04371551225983206, 0.04371551188633882, 0.04371551179296562, 0.043715511772229876, 0.04371551175821231, 0.04371551175740884, 0.0437155117562813, 0.04371551175616417, 0.04371551175613497, 0.043715511756130976, 0.04371551175612931, 0.043715511756128755, 0.043715511756128755, 0.043715511756128755, 0.043715511756128755]}, "10": {"maxiter": 1000, "fatol": 1e-10, "xatol": 1e-05, "duration": 0.1964428424835205, "fun": "0.04371551175740884", "nit": "352", "nfev": "561", "status": "0", "success": "True", "message": "Optimization terminated successfully.", "x": "[4.68729192 2.9282962  7.21306994 1.78717472 1.59789083 5.44525676]", "final_simplex": "(array([[4.68729192, 2.9282962 , 7.21306994, 1.78717472, 1.59789083,\n        5.44525676],\n       [4.68729142, 2.92829651, 7.21307113, 1.787176  , 1.59789133,\n        5.44526273],\n       [4.68729055, 2.92829611, 7.21306414, 1.78717258, 1.59788675,\n        5.44525228],\n       [4.68728829, 2.92829593, 7.21306407, 1.78717355, 1.59788867,\n        5.44525534],\n       [4.68729096, 2.92829623, 7.21306067, 1.78717186, 1.59788906,\n        5.44525551],\n       [4.6872921 , 2.92829928, 7.2130684 , 1.78717432, 1.59789113,\n        5.44525466],\n       [4.68729084, 2.92829653, 7.21306659, 1.78717659, 1.59788987,\n        5.445256  ]]), array([0.04371551, 0.04371551, 0.04371551, 0.04371551, 0.04371551,\n       0.04371551, 0.04371551]))", "callback": [0.7653761176622124, 0.6687523906774027, 0.4142227664391238, 0.2844531371493858, 0.2683453959274176, 0.17287035835824371, 0.09677297339464197, 0.07501936454120928, 0.06724005920740195, 0.05744775320658113, 0.04591424097413843, 0.045659165260519496, 0.04469021868321599, 0.04442821750844217, 0.04433532582417776, 0.044298889468572966, 0.0442815323678859, 0.044270757432537056, 0.04420698700316139, 0.04408720198292737, 0.04387234675468177, 0.043801680103297436, 0.04374352889509536, 0.04372295887847866, 0.043717112329566876, 0.0437158539922291, 0.04371564137981854, 0.04371552491575792, 0.04371552298603709, 0.04371551378546912, 0.04371551225983206, 0.04371551188633882, 0.04371551179296562, 0.043715511772229876, 0.04371551175821231, 0.04371551175740884]}, "11": {"maxiter": 1000, "fatol": 1e-10, "xatol": 1e-10, "duration": 0.2354259490966797, "fun": "0.043715511756128755", "nit": "445", "nfev": "786", "status": "0", "success": "True", "message": "Optimization terminated successfully.", "x": "[4.6872916  2.92829748 7.21306686 1.78717307 1.59788984 5.44525676]", "final_simplex": "(array([[4.6872916 , 2.92829748, 7.21306686, 1.78717307, 1.59788984,\n        5.44525676],\n       [4.6872916 , 2.92829748, 7.21306686, 1.78717307, 1.59788984,\n        5.44525676],\n       [4.6872916 , 2.92829748, 7.21306686, 1.78717307, 1.59788984,\n        5.44525676],\n       [4.6872916 , 2.92829748, 7.21306686, 1.78717307, 1.59788984,\n        5.44525676],\n       [4.6872916 , 2.92829748, 7.21306686, 1.78717307, 1.59788984,\n        5.44525676],\n       [4.6872916 , 2.92829748, 7.21306686, 1.78717307, 1.59788984,\n        5.44525676],\n       [4.6872916 , 2.92829748, 7.21306686, 1.78717307, 1.59788984,\n        5.44525676]]), array([0.04371551, 0.04371551, 0.04371551, 0.04371551, 0.04371551,\n       0.04371551, 0.04371551]))", "callback": [0.7653761176622124, 0.6687523906774027, 0.4142227664391238, 0.2844531371493858, 0.2683453959274176, 0.17287035835824371, 0.09677297339464197, 0.07501936454120928, 0.06724005920740195, 0.05744775320658113, 0.04591424097413843, 0.045659165260519496, 0.04469021868321599, 0.04442821750844217, 0.04433532582417776, 0.044298889468572966, 0.0442815323678859, 0.044270757432537056, 0.04420698700316139, 0.04408720198292737, 0.04387234675468177, 0.043801680103297436, 0.04374352889509536, 0.04372295887847866, 0.043717112329566876, 0.0437158539922291, 0.04371564137981854, 0.04371552491575792, 0.04371552298603709, 0.04371551378546912, 0.04371551225983206, 0.04371551188633882, 0.04371551179296562, 0.043715511772229876, 0.04371551175821231, 0.04371551175740884, 0.0437155117562813, 0.04371551175616417, 0.04371551175613497, 0.043715511756130976, 0.04371551175612931, 0.043715511756128755, 0.043715511756128755, 0.043715511756128755, 0.043715511756128755]}}, "bfgs": {"type": "gradient", "0": {"maxiter": 100, "gtol": 1e-05, "xrtol": 1e-05, "eps": 1e-05, "duration": 0.09355688095092773, "fun": "0.04371551198774082", "jac": "[-2.34243736e-06 -4.03825862e-06 -6.56841248e-07 -1.00706110e-06\n  4.33666436e-06 -2.38922215e-06]", "hess_inv": "[[  6.00584339   1.11107278 -10.16544037  -2.44050111  -2.58968565\n   -9.16816167]\n [  1.11107278   3.00080392  -3.30160582  -1.56373053   0.04787078\n   -3.33368422]\n [-10.16544037  -3.30160582  31.93163048  10.10883049   8.50768443\n   25.50677768]\n [ -2.44050111  -1.56373053  10.10883049   6.31614756   3.14002597\n   10.19741159]\n [ -2.58968565   0.04787078   8.50768443   3.14002597   5.48395401\n    9.16769908]\n [ -9.16816167  -3.33368422  25.50677768  10.19741159   9.16769908\n   29.67718075]]", "nfev": "294", "njev": "42", "status": "0", "success": "True", "message": "Optimization terminated successfully.", "x": "[ 1.59590691  6.06988526  4.07139407  1.78712819  1.59786111 -0.83801819]", "nit": "33", "callback": [0.6885082310895698, 0.504281500738102, 0.4771045854400906, 0.39869131445487616, 0.3282429794462248, 0.25225688726171347, 0.15596247684305942, 0.13326939993194997, 0.11337966357359086, 0.10486888347796686, 0.09694637238218795, 0.09637459887240907, 0.09581297060006422, 0.09479826464072172, 0.08630025961610133, 0.08343499221893003, 0.07803997098598281, 0.06850235158786688, 0.056736229774576596, 0.05629668352605843, 0.05548387690095802, 0.05405222451682534, 0.051939967703787726, 0.050165790315427006, 0.04791334429906269, 0.044879363878223666, 0.043995553439049484, 0.04379255895979384, 0.04373032104650498, 0.04371709542237545, 0.0437157489411133, 0.043715516154712364, 0.04371551198774082]}, "1": {"maxiter": 100, "gtol": 1e-05, "xrtol": 1e-05, "eps": 1e-10, "duration": 0.09184622764587402, "fun": "0.043715511781538985", "jac": "[-1.11022293e-06  1.11022293e-06  0.00000000e+00 -4.44089173e-06\n  0.00000000e+00 -2.22044587e-06]", "hess_inv": "[[ 5.63444436  0.82094993 -9.59300974 -2.51480878 -2.39767599 -9.05049544]\n [ 0.82094993  2.81821269 -2.64943997 -1.4152075   0.35569683 -2.74440776]\n [-9.59300974 -2.64943997 30.60954127 10.34471763  7.52793455 24.42578566]\n [-2.51480878 -1.4152075  10.34471763  6.81396868  2.97895434 10.37004829]\n [-2.39767599  0.35569683  7.52793455  2.97895434  5.00419221  8.20202429]\n [-9.05049544 -2.74440776 24.42578566 10.37004829  8.20202429 28.5333212 ]]", "nfev": "287", "njev": "41", "status": "0", "success": "True", "message": "Optimization terminated successfully.", "x": "[ 1.59588734  6.06988843  4.07148441  1.78716818  1.59788821 -0.83793827]", "nit": "33", "callback": [0.6885091415744624, 0.5042824719263335, 0.47710502703008517, 0.3986909213126163, 0.3282444641640123, 0.2522602047322332, 0.15597399626225228, 0.1332717974531159, 0.11338535364282842, 0.10487216658848741, 0.09694835391117906, 0.09637616897534718, 0.0958151682100099, 0.09480146411465484, 0.08630223639874024, 0.08346571221811683, 0.07812061154092498, 0.06865050600660982, 0.05683264588457204, 0.056315382881013676, 0.05537696000353831, 0.05378767772666482, 0.05168878312212488, 0.05004001100776101, 0.04737364031416691, 0.04449267849572902, 0.04388528285376303, 0.043787558409983385, 0.04375168558296694, 0.043717342351959676, 0.043715957421625484, 0.04371551293896403, 0.043715511781538985]}, "2": {"maxiter": 100, "gtol": 1e-05, "xrtol": 1e-10, "eps": 1e-05, "duration": 0.0945730209350586, "fun": "0.04371551198774082", "jac": "[-2.34243736e-06 -4.03825862e-06 -6.56841248e-07 -1.00706110e-06\n  4.33666436e-06 -2.38922215e-06]", "hess_inv": "[[  6.00584339   1.11107278 -10.16544037  -2.44050111  -2.58968565\n   -9.16816167]\n [  1.11107278   3.00080392  -3.30160582  -1.56373053   0.04787078\n   -3.33368422]\n [-10.16544037  -3.30160582  31.93163048  10.10883049   8.50768443\n   25.50677768]\n [ -2.44050111  -1.56373053  10.10883049   6.31614756   3.14002597\n   10.19741159]\n [ -2.58968565   0.04787078   8.50768443   3.14002597   5.48395401\n    9.16769908]\n [ -9.16816167  -3.33368422  25.50677768  10.19741159   9.16769908\n   29.67718075]]", "nfev": "294", "njev": "42", "status": "0", "success": "True", "message": "Optimization terminated successfully.", "x": "[ 1.59590691  6.06988526  4.07139407  1.78712819  1.59786111 -0.83801819]", "nit": "33", "callback": [0.6885082310895698, 0.504281500738102, 0.4771045854400906, 0.39869131445487616, 0.3282429794462248, 0.25225688726171347, 0.15596247684305942, 0.13326939993194997, 0.11337966357359086, 0.10486888347796686, 0.09694637238218795, 0.09637459887240907, 0.09581297060006422, 0.09479826464072172, 0.08630025961610133, 0.08343499221893003, 0.07803997098598281, 0.06850235158786688, 0.056736229774576596, 0.05629668352605843, 0.05548387690095802, 0.05405222451682534, 0.051939967703787726, 0.050165790315427006, 0.04791334429906269, 0.044879363878223666, 0.043995553439049484, 0.04379255895979384, 0.04373032104650498, 0.04371709542237545, 0.0437157489411133, 0.043715516154712364, 0.04371551198774082]}, "3": {"maxiter": 100, "gtol": 1e-05, "xrtol": 1e-10, "eps": 1e-10, "duration": 0.09425091743469238, "fun": "0.043715511781538985", "jac": "[-1.11022293e-06  1.11022293e-06  0.00000000e+00 -4.44089173e-06\n  0.00000000e+00 -2.22044587e-06]", "hess_inv": "[[ 5.63444436  0.82094993 -9.59300974 -2.51480878 -2.39767599 -9.05049544]\n [ 0.82094993  2.81821269 -2.64943997 -1.4152075   0.35569683 -2.74440776]\n [-9.59300974 -2.64943997 30.60954127 10.34471763  7.52793455 24.42578566]\n [-2.51480878 -1.4152075  10.34471763  6.81396868  2.97895434 10.37004829]\n [-2.39767599  0.35569683  7.52793455  2.97895434  5.00419221  8.20202429]\n [-9.05049544 -2.74440776 24.42578566 10.37004829  8.20202429 28.5333212 ]]", "nfev": "287", "njev": "41", "status": "0", "success": "True", "message": "Optimization terminated successfully.", "x": "[ 1.59588734  6.06988843  4.07148441  1.78716818  1.59788821 -0.83793827]", "nit": "33", "callback": [0.6885091415744624, 0.5042824719263335, 0.47710502703008517, 0.3986909213126163, 0.3282444641640123, 0.2522602047322332, 0.15597399626225228, 0.1332717974531159, 0.11338535364282842, 0.10487216658848741, 0.09694835391117906, 0.09637616897534718, 0.0958151682100099, 0.09480146411465484, 0.08630223639874024, 0.08346571221811683, 0.07812061154092498, 0.06865050600660982, 0.05683264588457204, 0.056315382881013676, 0.05537696000353831, 0.05378767772666482, 0.05168878312212488, 0.05004001100776101, 0.04737364031416691, 0.04449267849572902, 0.04388528285376303, 0.043787558409983385, 0.04375168558296694, 0.043717342351959676, 0.043715957421625484, 0.04371551293896403, 0.043715511781538985]}, "4": {"maxiter": 100, "gtol": 1e-10, "xrtol": 1e-05, "eps": 1e-05, "duration": 0.0977170467376709, "fun": "0.04371551186399103", "jac": "[ 3.95905531e-08 -4.00568467e-08 -4.33098002e-08  3.89133170e-08\n  5.05484543e-08 -5.55111512e-08]", "hess_inv": "[[ 5.8684335   1.11372973 -9.91644025 -2.39343575 -2.60666352 -8.99933136]\n [ 1.11372973  3.0159406  -3.22020321 -1.50299023  0.05450299 -3.21845457]\n [-9.91644025 -3.22020321 31.96984298 10.37351075  8.57423514 25.87349021]\n [-2.39343575 -1.50299023 10.37351075  6.55027376  3.17142967 10.62056764]\n [-2.60666352  0.05450299  8.57423514  3.17142967  5.48447278  9.23774109]\n [-8.99933136 -3.21845457 25.87349021 10.62056764  9.23774109 30.39421259]]", "nfev": "301", "njev": "43", "status": "0", "success": "True", "message": "Optimization terminated successfully.", "x": "[ 1.59590604  6.0698885   4.07141391  1.78714154  1.59786234 -0.83799202]", "nit": "34", "callback": [0.6885082310895698, 0.504281500738102, 0.4771045854400906, 0.39869131445487616, 0.3282429794462248, 0.25225688726171347, 0.15596247684305942, 0.13326939993194997, 0.11337966357359086, 0.10486888347796686, 0.09694637238218795, 0.09637459887240907, 0.09581297060006422, 0.09479826464072172, 0.08630025961610133, 0.08343499221893003, 0.07803997098598281, 0.06850235158786688, 0.056736229774576596, 0.05629668352605843, 0.05548387690095802, 0.05405222451682534, 0.051939967703787726, 0.050165790315427006, 0.04791334429906269, 0.044879363878223666, 0.043995553439049484, 0.04379255895979384, 0.04373032104650498, 0.04371709542237545, 0.0437157489411133, 0.043715516154712364, 0.04371551198774082, 0.04371551186399103]}, "5": {"maxiter": 100, "gtol": 1e-10, "xrtol": 1e-05, "eps": 1e-10, "duration": 0.0889577865600586, "fun": "0.04371551177850108", "jac": "[ 0.00000000e+00  1.11022293e-06  5.55111466e-06 -1.11022293e-06\n  4.44089173e-06 -3.33066880e-06]", "hess_inv": "[[ 4.92682441  0.41438224 -6.94306622 -1.01122179 -1.57101664 -6.07245112]\n [ 0.41438224  2.59678921 -1.31572688 -0.67490031  0.75283454 -1.30745872]\n [-6.94306622 -1.31572688 23.61508274  6.63116039  5.63946837 17.52549153]\n [-1.01122179 -0.67490031  6.63116039  4.87386091  2.01257928  6.82513506]\n [-1.57101664  0.75283454  5.63946837  2.01257928  4.53603444  6.47547046]\n [-6.07245112 -1.30745872 17.52549153  6.82513506  6.47547046 22.17247265]]", "nfev": "322", "njev": "46", "status": "0", "success": "True", "message": "Optimization terminated successfully.", "x": "[ 1.59588639  6.06988782  4.07148897  1.78717085  1.59788974 -0.83793282]", "nit": "34", "callback": [0.6885091415744624, 0.5042824719263335, 0.47710502703008517, 0.3986909213126163, 0.3282444641640123, 0.2522602047322332, 0.15597399626225228, 0.1332717974531159, 0.11338535364282842, 0.10487216658848741, 0.09694835391117906, 0.09637616897534718, 0.0958151682100099, 0.09480146411465484, 0.08630223639874024, 0.08346571221811683, 0.07812061154092498, 0.06865050600660982, 0.05683264588457204, 0.056315382881013676, 0.05537696000353831, 0.05378767772666482, 0.05168878312212488, 0.05004001100776101, 0.04737364031416691, 0.04449267849572902, 0.04388528285376303, 0.043787558409983385, 0.04375168558296694, 0.043717342351959676, 0.043715957421625484, 0.04371551293896403, 0.043715511781538985, 0.04371551177850108]}, "6": {"maxiter": 100, "gtol": 1e-10, "xrtol": 1e-10, "eps": 1e-05, "duration": 0.16283535957336426, "fun": "0.04371551185965794", "jac": "[ 1.83852933e-08 -1.34781075e-08  3.36397576e-09 -1.93178806e-08\n  1.67865721e-08  8.82627305e-09]", "hess_inv": "[[ 5.98691312  0.99262088 -9.95252123 -2.51635393 -2.33336477 -8.88678076]\n [ 0.99262088  2.95948077 -2.87134559 -1.42750144  0.2051177  -2.85801199]\n [-9.95252123 -2.87134559 31.30999893 10.43240146  7.69794241 24.83250934]\n [-2.51635393 -1.42750144 10.43240146  6.63121058  2.98312731 10.54435802]\n [-2.33336477  0.2051177   7.69794241  2.98312731  5.07097789  8.29450725]\n [-8.88678076 -2.85801199 24.83250934 10.54435802  8.29450725 28.98886486]]", "nfev": "530", "njev": "74", "status": "2", "success": "False", "message": "Desired error not necessarily achieved due to precision loss.", "x": "[ 1.59590512  6.06988831  4.07141624  1.78714224  1.59786294 -0.83798978]", "nit": "35", "callback": [0.6885082310895698, 0.504281500738102, 0.4771045854400906, 0.39869131445487616, 0.3282429794462248, 0.25225688726171347, 0.15596247684305942, 0.13326939993194997, 0.11337966357359086, 0.10486888347796686, 0.09694637238218795, 0.09637459887240907, 0.09581297060006422, 0.09479826464072172, 0.08630025961610133, 0.08343499221893003, 0.07803997098598281, 0.06850235158786688, 0.056736229774576596, 0.05629668352605843, 0.05548387690095802, 0.05405222451682534, 0.051939967703787726, 0.050165790315427006, 0.04791334429906269, 0.044879363878223666, 0.043995553439049484, 0.04379255895979384, 0.04373032104650498, 0.04371709542237545, 0.0437157489411133, 0.043715516154712364, 0.04371551198774082, 0.04371551186399103, 0.04371551185965794]}, "7": {"maxiter": 100, "gtol": 1e-10, "xrtol": 1e-10, "eps": 1e-10, "duration": 0.25196194648742676, "fun": "0.04371551176792732", "jac": "[-2.22044587e-06  3.33066880e-06  3.33066880e-06  2.22044587e-06\n  1.11022293e-06  1.11022293e-06]", "hess_inv": "[[ 0.16438523  0.68248855 -1.55065989  0.46260307 -0.14416873  0.08130325]\n [ 0.68248855  2.92151306 -6.57480146  1.98191991 -0.64907907  0.33959529]\n [-1.55065989 -6.57480146 14.84246317 -4.46008461  1.43795656 -0.7700141 ]\n [ 0.46260307  1.98191991 -4.46008461  1.34701527 -0.44162852  0.22903142]\n [-0.14416873 -0.64907907  1.43795656 -0.44162852  0.15616494 -0.07201725]\n [ 0.08130325  0.33959529 -0.7700141   0.22903142 -0.07201725  0.04109117]]", "nfev": "859", "njev": "121", "status": "2", "success": "False", "message": "Desired error not necessarily achieved due to precision loss.", "x": "[ 1.59588687  6.0698923   4.07147953  1.78717424  1.5978888  -0.83792931]", "nit": "49", "callback": [0.6885091415744624, 0.5042824719263335, 0.47710502703008517, 0.3986909213126163, 0.3282444641640123, 0.2522602047322332, 0.15597399626225228, 0.1332717974531159, 0.11338535364282842, 0.10487216658848741, 0.09694835391117906, 0.09637616897534718, 0.0958151682100099, 0.09480146411465484, 0.08630223639874024, 0.08346571221811683, 0.07812061154092498, 0.06865050600660982, 0.05683264588457204, 0.056315382881013676, 0.05537696000353831, 0.05378767772666482, 0.05168878312212488, 0.05004001100776101, 0.04737364031416691, 0.04449267849572902, 0.04388528285376303, 0.043787558409983385, 0.04375168558296694, 0.043717342351959676, 0.043715957421625484, 0.04371551293896403, 0.043715511781538985, 0.04371551177850108, 0.04371551177583688, 0.04371551177340638, 0.0437155117734056, 0.04371551177340394, 0.04371551177339339, 0.04371551177332278, 0.04371551177314681, 0.04371551177277022, 0.04371551177275068, 0.04371551177274813, 0.04371551177274413, 0.04371551177270683, 0.043715511772689175, 0.043715511772594584, 0.04371551176792732]}, "8": {"maxiter": 500, "gtol": 1e-05, "xrtol": 1e-05, "eps": 1e-05, "duration": 0.08373665809631348, "fun": "0.04371551198774082", "jac": "[-2.34243736e-06 -4.03825862e-06 -6.56841248e-07 -1.00706110e-06\n  4.33666436e-06 -2.38922215e-06]", "hess_inv": "[[  6.00584339   1.11107278 -10.16544037  -2.44050111  -2.58968565\n   -9.16816167]\n [  1.11107278   3.00080392  -3.30160582  -1.56373053   0.04787078\n   -3.33368422]\n [-10.16544037  -3.30160582  31.93163048  10.10883049   8.50768443\n   25.50677768]\n [ -2.44050111  -1.56373053  10.10883049   6.31614756   3.14002597\n   10.19741159]\n [ -2.58968565   0.04787078   8.50768443   3.14002597   5.48395401\n    9.16769908]\n [ -9.16816167  -3.33368422  25.50677768  10.19741159   9.16769908\n   29.67718075]]", "nfev": "294", "njev": "42", "status": "0", "success": "True", "message": "Optimization terminated successfully.", "x": "[ 1.59590691  6.06988526  4.07139407  1.78712819  1.59786111 -0.83801819]", "nit": "33", "callback": [0.6885082310895698, 0.504281500738102, 0.4771045854400906, 0.39869131445487616, 0.3282429794462248, 0.25225688726171347, 0.15596247684305942, 0.13326939993194997, 0.11337966357359086, 0.10486888347796686, 0.09694637238218795, 0.09637459887240907, 0.09581297060006422, 0.09479826464072172, 0.08630025961610133, 0.08343499221893003, 0.07803997098598281, 0.06850235158786688, 0.056736229774576596, 0.05629668352605843, 0.05548387690095802, 0.05405222451682534, 0.051939967703787726, 0.050165790315427006, 0.04791334429906269, 0.044879363878223666, 0.043995553439049484, 0.04379255895979384, 0.04373032104650498, 0.04371709542237545, 0.0437157489411133, 0.043715516154712364, 0.04371551198774082]}, "9": {"maxiter": 500, "gtol": 1e-05, "xrtol": 1e-05, "eps": 1e-10, "duration": 0.07572507858276367, "fun": "0.043715511781538985", "jac": "[-1.11022293e-06  1.11022293e-06  0.00000000e+00 -4.44089173e-06\n  0.00000000e+00 -2.22044587e-06]", "hess_inv": "[[ 5.63444436  0.82094993 -9.59300974 -2.51480878 -2.39767599 -9.05049544]\n [ 0.82094993  2.81821269 -2.64943997 -1.4152075   0.35569683 -2.74440776]\n [-9.59300974 -2.64943997 30.60954127 10.34471763  7.52793455 24.42578566]\n [-2.51480878 -1.4152075  10.34471763  6.81396868  2.97895434 10.37004829]\n [-2.39767599  0.35569683  7.52793455  2.97895434  5.00419221  8.20202429]\n [-9.05049544 -2.74440776 24.42578566 10.37004829  8.20202429 28.5333212 ]]", "nfev": "287", "njev": "41", "status": "0", "success": "True", "message": "Optimization terminated successfully.", "x": "[ 1.59588734  6.06988843  4.07148441  1.78716818  1.59788821 -0.83793827]", "nit": "33", "callback": [0.6885091415744624, 0.5042824719263335, 0.47710502703008517, 0.3986909213126163, 0.3282444641640123, 0.2522602047322332, 0.15597399626225228, 0.1332717974531159, 0.11338535364282842, 0.10487216658848741, 0.09694835391117906, 0.09637616897534718, 0.0958151682100099, 0.09480146411465484, 0.08630223639874024, 0.08346571221811683, 0.07812061154092498, 0.06865050600660982, 0.05683264588457204, 0.056315382881013676, 0.05537696000353831, 0.05378767772666482, 0.05168878312212488, 0.05004001100776101, 0.04737364031416691, 0.04449267849572902, 0.04388528285376303, 0.043787558409983385, 0.04375168558296694, 0.043717342351959676, 0.043715957421625484, 0.04371551293896403, 0.043715511781538985]}, "10": {"maxiter": 500, "gtol": 1e-05, "xrtol": 1e-10, "eps": 1e-05, "duration": 0.08538675308227539, "fun": "0.04371551198774082", "jac": "[-2.34243736e-06 -4.03825862e-06 -6.56841248e-07 -1.00706110e-06\n  4.33666436e-06 -2.38922215e-06]", "hess_inv": "[[  6.00584339   1.11107278 -10.16544037  -2.44050111  -2.58968565\n   -9.16816167]\n [  1.11107278   3.00080392  -3.30160582  -1.56373053   0.04787078\n   -3.33368422]\n [-10.16544037  -3.30160582  31.93163048  10.10883049   8.50768443\n   25.50677768]\n [ -2.44050111  -1.56373053  10.10883049   6.31614756   3.14002597\n   10.19741159]\n [ -2.58968565   0.04787078   8.50768443   3.14002597   5.48395401\n    9.16769908]\n [ -9.16816167  -3.33368422  25.50677768  10.19741159   9.16769908\n   29.67718075]]", "nfev": "294", "njev": "42", "status": "0", "success": "True", "message": "Optimization terminated successfully.", "x": "[ 1.59590691  6.06988526  4.07139407  1.78712819  1.59786111 -0.83801819]", "nit": "33", "callback": [0.6885082310895698, 0.504281500738102, 0.4771045854400906, 0.39869131445487616, 0.3282429794462248, 0.25225688726171347, 0.15596247684305942, 0.13326939993194997, 0.11337966357359086, 0.10486888347796686, 0.09694637238218795, 0.09637459887240907, 0.09581297060006422, 0.09479826464072172, 0.08630025961610133, 0.08343499221893003, 0