{"date": "2024/10/08/, 16:13:19", "conf_id": 11, "data_type": "random\n", "num_data_points": 1, "s_rank": 0, "unitary": "[[-0.56303964-0.00798273j,-0.21670212-0.15784972j,-0.06047197-0.73952673j,-0.01438004+0.24552571j],[-0.06976756+0.23474685j,-0.01275565-0.5435098j,-0.02703657-0.08917885j,-0.08210486-0.79311774j],[-0.38559961+0.10714929j,0.5933431-0.2687392j,-0.24060861+0.29149289j,-0.45147719+0.26241743j],[-0.50180421+0.45931857j,-0.11617175+0.44134496j,0.49642745+0.22684508j,-0.08544628-0.15407063j]]", "databatch_0": {"databatch": "[[[-8.22985968e-02+0.0291351j,1.90420483e-01-0.1882464j,-7.48408687e-02-0.0082646j,-4.65823903e-02+0.39050678j],[7.33465532e-02-0.05463021j,4.38038726e-04+0.21991403j,2.68177032e-01-0.15636738j,-5.19274354e-01-0.05624281j],[-1.48989410e-01+0.01910971j,-4.70140139e-02+0.15259522j,-2.12927055e-01-0.02813783j,1.85702715e-01+0.0272768j],[1.05868519e-01+0.09118286j,1.54868276e-01-0.00912822j,2.45774167e-02-0.15346227j,3.83157408e-02+0.36852483j]]]", "initial param values": "[1.16803833,0.95326111,3.23681433,5.49548627,1.14681576,5.4681622]", "nelder_mead": {"type": "gradient-free", "0": {"maxiter": 100, "fatol": 1e-05, "xatol": 1e-05, "duration": 0.036940813064575195, "fun": "0.3716645369632897", "nit": "100", "nfev": "156", "status": "2", "success": "False", "message": "Maximum number of iterations has been exceeded.", "x": "[3.26246859 0.94055298 1.2890445  6.95570028 0.54689313 4.98479692]", "final_simplex": "(array([[3.26246859, 0.94055298, 1.2890445 , 6.95570028, 0.54689313,\n        4.98479692],\n       [3.31075367, 0.93187365, 1.32940198, 6.79547515, 0.54560758,\n        4.94027903],\n       [3.29480102, 0.93767788, 1.30837356, 6.79329699, 0.55293725,\n        5.02197459],\n       [3.37786846, 0.920211  , 1.25858597, 6.88996248, 0.5219774 ,\n        5.00734709],\n       [3.32868827, 0.91946956, 1.35613456, 6.8817928 , 0.52117167,\n        4.97384732],\n       [3.27402667, 0.92140021, 1.33752759, 6.89830386, 0.5431502 ,\n        5.07064186],\n       [3.26235336, 0.9260521 , 1.35593521, 6.76417874, 0.54992716,\n        5.031502  ]]), array([0.37166454, 0.37412937, 0.37441196, 0.37468346, 0.37497273,\n       0.37558747, 0.37608698]))", "callback": [0.8541225771502376, 0.7691735179754832, 0.7303533107073147, 0.6942212008609344, 0.6373230658400879, 0.4999353352182325, 0.4024493690922779, 0.3879667126919695, 0.37949608035978055, 0.3767361239298692]}, "1": {"maxiter": 100, "fatol": 1e-05, "xatol": 1e-10, "duration": 0.04158806800842285, "fun": "0.3716645369632897", "nit": "100", "nfev": "156", "status": "2", "success": "False", "message": "Maximum number of iterations has been exceeded.", "x": "[3.26246859 0.94055298 1.2890445  6.95570028 0.54689313 4.98479692]", "final_simplex": "(array([[3.26246859, 0.94055298, 1.2890445 , 6.95570028, 0.54689313,\n        4.98479692],\n       [3.31075367, 0.93187365, 1.32940198, 6.79547515, 0.54560758,\n        4.94027903],\n       [3.29480102, 0.93767788, 1.30837356, 6.79329699, 0.55293725,\n        5.02197459],\n       [3.37786846, 0.920211  , 1.25858597, 6.88996248, 0.5219774 ,\n        5.00734709],\n       [3.32868827, 0.91946956, 1.35613456, 6.8817928 , 0.52117167,\n        4.97384732],\n       [3.27402667, 0.92140021, 1.33752759, 6.89830386, 0.5431502 ,\n        5.07064186],\n       [3.26235336, 0.9260521 , 1.35593521, 6.76417874, 0.54992716,\n        5.031502  ]]), array([0.37166454, 0.37412937, 0.37441196, 0.37468346, 0.37497273,\n       0.37558747, 0.37608698]))", "callback": [0.8541225771502376, 0.7691735179754832, 0.7303533107073147, 0.6942212008609344, 0.6373230658400879, 0.4999353352182325, 0.4024493690922779, 0.3879667126919695, 0.37949608035978055, 0.3767361239298692]}, "2": {"maxiter": 100, "fatol": 1e-10, "xatol": 1e-05, "duration": 0.04897022247314453, "fun": "0.3716645369632897", "nit": "100", "nfev": "156", "status": "2", "success": "False", "message": "Maximum number of iterations has been exceeded.", "x": "[3.26246859 0.94055298 1.2890445  6.95570028 0.54689313 4.98479692]", "final_simplex": "(array([[3.26246859, 0.94055298, 1.2890445 , 6.95570028, 0.54689313,\n        4.98479692],\n       [3.31075367, 0.93187365, 1.32940198, 6.79547515, 0.54560758,\n        4.94027903],\n       [3.29480102, 0.93767788, 1.30837356, 6.79329699, 0.55293725,\n        5.02197459],\n       [3.37786846, 0.920211  , 1.25858597, 6.88996248, 0.5219774 ,\n        5.00734709],\n       [3.32868827, 0.91946956, 1.35613456, 6.8817928 , 0.52117167,\n        4.97384732],\n       [3.27402667, 0.92140021, 1.33752759, 6.89830386, 0.5431502 ,\n        5.07064186],\n       [3.26235336, 0.9260521 , 1.35593521, 6.76417874, 0.54992716,\n        5.031502  ]]), array([0.37166454, 0.37412937, 0.37441196, 0.37468346, 0.37497273,\n       0.37558747, 0.37608698]))", "callback": [0.8541225771502376, 0.7691735179754832, 0.7303533107073147, 0.6942212008609344, 0.6373230658400879, 0.4999353352182325, 0.4024493690922779, 0.3879667126919695, 0.37949608035978055, 0.3767361239298692]}, "3": {"maxiter": 100, "fatol": 1e-10, "xatol": 1e-10, "duration": 0.04113888740539551, "fun": "0.3716645369632897", "nit": "100", "nfev": "156", "status": "2", "success": "False", "message": "Maximum number of iterations has been exceeded.", "x": "[3.26246859 0.94055298 1.2890445  6.95570028 0.54689313 4.98479692]", "final_simplex": "(array([[3.26246859, 0.94055298, 1.2890445 , 6.95570028, 0.54689313,\n        4.98479692],\n       [3.31075367, 0.93187365, 1.32940198, 6.79547515, 0.54560758,\n        4.94027903],\n       [3.29480102, 0.93767788, 1.30837356, 6.79329699, 0.55293725,\n        5.02197459],\n       [3.37786846, 0.920211  , 1.25858597, 6.88996248, 0.5219774 ,\n        5.00734709],\n       [3.32868827, 0.91946956, 1.35613456, 6.8817928 , 0.52117167,\n        4.97384732],\n       [3.27402667, 0.92140021, 1.33752759, 6.89830386, 0.5431502 ,\n        5.07064186],\n       [3.26235336, 0.9260521 , 1.35593521, 6.76417874, 0.54992716,\n        5.031502  ]]), array([0.37166454, 0.37412937, 0.37441196, 0.37468346, 0.37497273,\n       0.37558747, 0.37608698]))", "callback": [0.8541225771502376, 0.7691735179754832, 0.7303533107073147, 0.6942212008609344, 0.6373230658400879, 0.4999353352182325, 0.4024493690922779, 0.3879667126919695, 0.37949608035978055, 0.3767361239298692]}, "4": {"maxiter": 500, "fatol": 1e-05, "xatol": 1e-05, "duration": 0.20713496208190918, "fun": "0.30717108609163324", "nit": "500", "nfev": "760", "status": "2", "success": "False", "message": "Maximum number of iterations has been exceeded.", "x": "[ 2.25605931e+00 -2.63419252e-01  1.65102838e-01  7.57664045e+00\n  1.10414787e-03  4.97443366e+00]", "final_simplex": "(array([[ 2.25605931e+00, -2.63419252e-01,  1.65102838e-01,\n         7.57664045e+00,  1.10414787e-03,  4.97443366e+00],\n       [ 2.25336138e+00, -1.90047885e-01,  2.17632600e-01,\n         7.63373055e+00, -5.87149940e-02,  4.93508398e+00],\n       [ 2.22932679e+00, -2.39480975e-01,  2.15550532e-01,\n         7.57214962e+00,  1.18977177e-02,  4.94544664e+00],\n       [ 2.29269671e+00, -2.41844400e-01,  1.98983282e-01,\n         7.59869259e+00, -6.37957760e-03,  4.94260914e+00],\n       [ 2.30525918e+00, -2.43789297e-01,  1.46858780e-01,\n         7.57896089e+00,  3.53708520e-02,  4.93618974e+00],\n       [ 2.32190002e+00, -1.95785173e-01,  1.87698038e-01,\n         7.57666619e+00, -3.28006532e-02,  4.95000374e+00],\n       [ 2.25403943e+00, -2.52503283e-01,  1.48179979e-01,\n         7.57544164e+00,  2.07979088e-03,  4.92562301e+00]]), array([0.30717109, 0.30772758, 0.30777827, 0.30782399, 0.30807321,\n       0.30817685, 0.30817821]))", "callback": [0.8541225771502376, 0.7691735179754832, 0.7303533107073147, 0.6942212008609344, 0.6373230658400879, 0.4999353352182325, 0.4024493690922779, 0.3879667126919695, 0.37949608035978055, 0.3767361239298692, 0.3716645369632897, 0.37013624365697806, 0.36975802259439006, 0.36963235255472393, 0.36943928391115677, 0.36882015825079295, 0.36701369154043584, 0.3581686807266262, 0.35625593671694245, 0.35625593671694245, 0.3557081614232246, 0.35534952493501915, 0.35437347005878195, 0.35330781793799726, 0.35256708909247647, 0.3517252984747823, 0.35119700181649904, 0.35084490359144127, 0.35077147270916376, 0.3507612760657828, 0.35075667744455785, 0.35075089517908453, 0.3507418670538893, 0.3507247348650202, 0.35070932887054274, 0.35067907995976966, 0.35058737465481415, 0.3504799601473775, 0.3504514992266742, 0.35034184691723647, 0.35011597676158523, 0.3495947363716, 0.3476074541702612, 0.3432382404944042, 0.33471724957745863, 0.3241033194630589, 0.31083398908263016, 0.3094120316547917, 0.3084164117799897, 0.3081782121022082]}, "5": {"maxiter": 500, "fatol": 1e-05, "xatol": 1e-10, "duration": 0.21546697616577148, "fun": "0.30717108609163324", "nit": "500", "nfev": "760", "status": "2", "success": "False", "message": "Maximum number of iterations has been exceeded.", "x": "[ 2.25605931e+00 -2.63419252e-01  1.65102838e-01  7.57664045e+00\n  1.10414787e-03  4.97443366e+00]", "final_simplex": "(array([[ 2.25605931e+00, -2.63419252e-01,  1.65102838e-01,\n         7.57664045e+00,  1.10414787e-03,  4.97443366e+00],\n       [ 2.25336138e+00, -1.90047885e-01,  2.17632600e-01,\n         7.63373055e+00, -5.87149940e-02,  4.93508398e+00],\n       [ 2.22932679e+00, -2.39480975e-01,  2.15550532e-01,\n         7.57214962e+00,  1.18977177e-02,  4.94544664e+00],\n       [ 2.29269671e+00, -2.41844400e-01,  1.98983282e-01,\n         7.59869259e+00, -6.37957760e-03,  4.94260914e+00],\n       [ 2.30525918e+00, -2.43789297e-01,  1.46858780e-01,\n         7.57896089e+00,  3.53708520e-02,  4.93618974e+00],\n       [ 2.32190002e+00, -1.95785173e-01,  1.87698038e-01,\n         7.57666619e+00, -3.28006532e-02,  4.95000374e+00],\n       [ 2.25403943e+00, -2.52503283e-01,  1.48179979e-01,\n         7.57544164e+00,  2.07979088e-03,  4.92562301e+00]]), array([0.30717109, 0.30772758, 0.30777827, 0.30782399, 0.30807321,\n       0.30817685, 0.30817821]))", "callback": [0.8541225771502376, 0.7691735179754832, 0.7303533107073147, 0.6942212008609344, 0.6373230658400879, 0.4999353352182325, 0.4024493690922779, 0.3879667126919695, 0.37949608035978055, 0.3767361239298692, 0.3716645369632897, 0.37013624365697806, 0.36975802259439006, 0.36963235255472393, 0.36943928391115677, 0.36882015825079295, 0.36701369154043584, 0.3581686807266262, 0.35625593671694245, 0.35625593671694245, 0.3557081614232246, 0.35534952493501915, 0.35437347005878195, 0.35330781793799726, 0.35256708909247647, 0.3517252984747823, 0.35119700181649904, 0.35084490359144127, 0.35077147270916376, 0.3507612760657828, 0.35075667744455785, 0.35075089517908453, 0.3507418670538893, 0.3507247348650202, 0.35070932887054274, 0.35067907995976966, 0.35058737465481415, 0.3504799601473775, 0.3504514992266742, 0.35034184691723647, 0.35011597676158523, 0.3495947363716, 0.3476074541702612, 0.3432382404944042, 0.33471724957745863, 0.3241033194630589, 0.31083398908263016, 0.3094120316547917, 0.3084164117799897, 0.3081782121022082]}, "6": {"maxiter": 500, "fatol": 1e-10, "xatol": 1e-05, "duration": 0.22382497787475586, "fun": "0.30717108609163324", "nit": "500", "nfev": "760", "status": "2", "success": "False", "message": "Maximum number of iterations has been exceeded.", "x": "[ 2.25605931e+00 -2.63419252e-01  1.65102838e-01  7.57664045e+00\n  1.10414787e-03  4.97443366e+00]", "final_simplex": "(array([[ 2.25605931e+00, -2.63419252e-01,  1.65102838e-01,\n         7.57664045e+00,  1.10414787e-03,  4.97443366e+00],\n       [ 2.25336138e+00, -1.90047885e-01,  2.17632600e-01,\n         7.63373055e+00, -5.87149940e-02,  4.93508398e+00],\n       [ 2.22932679e+00, -2.39480975e-01,  2.15550532e-01,\n         7.57214962e+00,  1.18977177e-02,  4.94544664e+00],\n       [ 2.29269671e+00, -2.41844400e-01,  1.98983282e-01,\n         7.59869259e+00, -6.37957760e-03,  4.94260914e+00],\n       [ 2.30525918e+00, -2.43789297e-01,  1.46858780e-01,\n         7.57896089e+00,  3.53708520e-02,  4.93618974e+00],\n       [ 2.32190002e+00, -1.95785173e-01,  1.87698038e-01,\n         7.57666619e+00, -3.28006532e-02,  4.95000374e+00],\n       [ 2.25403943e+00, -2.52503283e-01,  1.48179979e-01,\n         7.57544164e+00,  2.07979088e-03,  4.92562301e+00]]), array([0.30717109, 0.30772758, 0.30777827, 0.30782399, 0.30807321,\n       0.30817685, 0.30817821]))", "callback": [0.8541225771502376, 0.7691735179754832, 0.7303533107073147, 0.6942212008609344, 0.6373230658400879, 0.4999353352182325, 0.4024493690922779, 0.3879667126919695, 0.37949608035978055, 0.3767361239298692, 0.3716645369632897, 0.37013624365697806, 0.36975802259439006, 0.36963235255472393, 0.36943928391115677, 0.36882015825079295, 0.36701369154043584, 0.3581686807266262, 0.35625593671694245, 0.35625593671694245, 0.3557081614232246, 0.35534952493501915, 0.35437347005878195, 0.35330781793799726, 0.35256708909247647, 0.3517252984747823, 0.35119700181649904, 0.35084490359144127, 0.35077147270916376, 0.3507612760657828, 0.35075667744455785, 0.35075089517908453, 0.3507418670538893, 0.3507247348650202, 0.35070932887054274, 0.35067907995976966, 0.35058737465481415, 0.3504799601473775, 0.3504514992266742, 0.35034184691723647, 0.35011597676158523, 0.3495947363716, 0.3476074541702612, 0.3432382404944042, 0.33471724957745863, 0.3241033194630589, 0.31083398908263016, 0.3094120316547917, 0.3084164117799897, 0.3081782121022082]}, "7": {"maxiter": 500, "fatol": 1e-10, "xatol": 1e-10, "duration": 0.21425676345825195, "fun": "0.30717108609163324", "nit": "500", "nfev": "760", "status": "2", "success": "False", "message": "Maximum number of iterations has been exceeded.", "x": "[ 2.25605931e+00 -2.63419252e-01  1.65102838e-01  7.57664045e+00\n  1.10414787e-03  4.97443366e+00]", "final_simplex": "(array([[ 2.25605931e+00, -2.63419252e-01,  1.65102838e-01,\n         7.57664045e+00,  1.10414787e-03,  4.97443366e+00],\n       [ 2.25336138e+00, -1.90047885e-01,  2.17632600e-01,\n         7.63373055e+00, -5.87149940e-02,  4.93508398e+00],\n       [ 2.22932679e+00, -2.39480975e-01,  2.15550532e-01,\n         7.57214962e+00,  1.18977177e-02,  4.94544664e+00],\n       [ 2.29269671e+00, -2.41844400e-01,  1.98983282e-01,\n         7.59869259e+00, -6.37957760e-03,  4.94260914e+00],\n       [ 2.30525918e+00, -2.43789297e-01,  1.46858780e-01,\n         7.57896089e+00,  3.53708520e-02,  4.93618974e+00],\n       [ 2.32190002e+00, -1.95785173e-01,  1.87698038e-01,\n         7.57666619e+00, -3.28006532e-02,  4.95000374e+00],\n       [ 2.25403943e+00, -2.52503283e-01,  1.48179979e-01,\n         7.57544164e+00,  2.07979088e-03,  4.92562301e+00]]), array([0.30717109, 0.30772758, 0.30777827, 0.30782399, 0.30807321,\n       0.30817685, 0.30817821]))", "callback": [0.8541225771502376, 0.7691735179754832, 0.7303533107073147, 0.6942212008609344, 0.6373230658400879, 0.4999353352182325, 0.4024493690922779, 0.3879667126919695, 0.37949608035978055, 0.3767361239298692, 0.3716645369632897, 0.37013624365697806, 0.36975802259439006, 0.36963235255472393, 0.36943928391115677, 0.36882015825079295, 0.36701369154043584, 0.3581686807266262, 0.35625593671694245, 0.35625593671694245, 0.3557081614232246, 0.35534952493501915, 0.35437347005878195, 0.35330781793799726, 0.35256708909247647, 0.3517252984747823, 0.35119700181649904, 0.35084490359144127, 0.35077147270916376, 0.3507612760657828, 0.35075667744455785, 0.35075089517908453, 0.3507418670538893, 0.3507247348650202, 0.35070932887054274, 0.35067907995976966, 0.35058737465481415, 0.3504799601473775, 0.3504514992266742, 0.35034184691723647, 0.35011597676158523, 0.3495947363716, 0.3476074541702612, 0.3432382404944042, 0.33471724957745863, 0.3241033194630589, 0.31083398908263016, 0.3094120316547917, 0.3084164117799897, 0.3081782121022082]}, "8": {"maxiter": 1000, "fatol": 1e-05, "xatol": 1e-05, "duration": 0.2825298309326172, "fun": "0.3064057265958795", "nit": "663", "nfev": "1028", "status": "0", "success": "True", "message": "Optimization terminated successfully.", "x": "[ 2.20448506 -0.25295439  0.22948699  7.64104556 -0.00967451  5.02203026]", "final_simplex": "(array([[ 2.20448506, -0.25295439,  0.22948699,  7.64104556, -0.00967451,\n         5.02203026],\n       [ 2.20448758, -0.25295842,  0.22948451,  7.6410431 , -0.0096696 ,\n         5.0220311 ],\n       [ 2.20448259, -0.25295887,  0.22948554,  7.64104319, -0.00966905,\n         5.02203031],\n       [ 2.204485  , -0.25295494,  0.22948531,  7.64104072, -0.00966703,\n         5.02203021],\n       [ 2.20448285, -0.25295428,  0.22949129,  7.64104647, -0.00966873,\n         5.02203229],\n       [ 2.20448428, -0.25295585,  0.22948284,  7.64104398, -0.00967148,\n         5.02202902],\n       [ 2.2044861 , -0.25295571,  0.22948759,  7.64104637, -0.00967053,\n         5.02202625]]), array([0.30640573, 0.30640573, 0.30640573, 0.30640573, 0.30640573,\n       0.30640573, 0.30640573]))", "callback": [0.8541225771502376, 0.7691735179754832, 0.7303533107073147, 0.6942212008609344, 0.6373230658400879, 0.4999353352182325, 0.4024493690922779, 0.3879667126919695, 0.37949608035978055, 0.3767361239298692, 0.3716645369632897, 0.37013624365697806, 0.36975802259439006, 0.36963235255472393, 0.36943928391115677, 0.36882015825079295, 0.36701369154043584, 0.3581686807266262, 0.35625593671694245, 0.35625593671694245, 0.3557081614232246, 0.35534952493501915, 0.35437347005878195, 0.35330781793799726, 0.35256708909247647, 0.3517252984747823, 0.35119700181649904, 0.35084490359144127, 0.35077147270916376, 0.3507612760657828, 0.35075667744455785, 0.35075089517908453, 0.3507418670538893, 0.3507247348650202, 0.35070932887054274, 0.35067907995976966, 0.35058737465481415, 0.3504799601473775, 0.3504514992266742, 0.35034184691723647, 0.35011597676158523, 0.3495947363716, 0.3476074541702612, 0.3432382404944042, 0.33471724957745863, 0.3241033194630589, 0.31083398908263016, 0.3094120316547917, 0.3084164117799897, 0.3081782121022082, 0.30717108609163324, 0.30656856320397163, 0.30646782765530267, 0.3064250290195796, 0.3064108096620015, 0.3064063240083258, 0.3064059509096504, 0.3064058194848427, 0.3064057482702014, 0.30640573577372965, 0.3064057338974797, 0.3064057294537179, 0.30640572762936724, 0.3064057268422371, 0.30640572662758436, 0.30640572660009746, 0.30640572659656506]}, "9": {"maxiter": 1000, "fatol": 1e-05, "xatol": 1e-10, "duration": 0.3647449016571045, "fun": "0.3064057265949496", "nit": "769", "nfev": "1250", "status": "0", "success": "True", "message": "Optimization terminated successfully.", "x": "[ 2.20448463 -0.2529565   0.22948729  7.64104479 -0.00967211  5.02203119]", "final_simplex": "(array([[ 2.20448463, -0.2529565 ,  0.22948729,  7.64104479, -0.00967211,\n         5.02203119],\n       [ 2.20448463, -0.2529565 ,  0.22948729,  7.64104479, -0.00967211,\n         5.02203119],\n       [ 2.20448463, -0.2529565 ,  0.22948729,  7.64104479, -0.00967211,\n         5.02203119],\n       [ 2.20448463, -0.2529565 ,  0.22948729,  7.64104479, -0.00967211,\n         5.02203119],\n       [ 2.20448463, -0.2529565 ,  0.22948729,  7.64104479, -0.00967211,\n         5.02203119],\n       [ 2.20448463, -0.2529565 ,  0.22948729,  7.64104479, -0.00967211,\n         5.02203119],\n       [ 2.20448463, -0.2529565 ,  0.22948729,  7.64104479, -0.00967211,\n         5.02203119]]), array([0.30640573, 0.30640573, 0.30640573, 0.30640573, 0.30640573,\n       0.30640573, 0.30640573]))", "callback": [0.8541225771502376, 0.7691735179754832, 0.7303533107073147, 0.6942212008609344, 0.6373230658400879, 0.4999353352182325, 0.4024493690922779, 0.3879667126919695, 0.37949608035978055, 0.3767361239298692, 0.3716645369632897, 0.37013624365697806, 0.36975802259439006, 0.36963235255472393, 0.36943928391115677, 0.36882015825079295, 0.36701369154043584, 0.3581686807266262, 0.35625593671694245, 0.35625593671694245, 0.3557081614232246, 0.35534952493501915, 0.35437347005878195, 0.35330781793799726, 0.35256708909247647, 0.3517252984747823, 0.35119700181649904, 0.35084490359144127, 0.35077147270916376, 0.3507612760657828, 0.35075667744455785, 0.35075089517908453, 0.3507418670538893, 0.3507247348650202, 0.35070932887054274, 0.35067907995976966, 0.35058737465481415, 0.3504799601473775, 0.3504514992266742, 0.35034184691723647, 0.35011597676158523, 0.3495947363716, 0.3476074541702612, 0.3432382404944042, 0.33471724957745863, 0.3241033194630589, 0.31083398908263016, 0.3094120316547917, 0.3084164117799897, 0.3081782121022082, 0.30717108609163324, 0.30656856320397163, 0.30646782765530267, 0.3064250290195796, 0.3064108096620015, 0.3064063240083258, 0.3064059509096504, 0.3064058194848427, 0.3064057482702014, 0.30640573577372965, 0.3064057338974797, 0.3064057294537179, 0.30640572762936724, 0.3064057268422371, 0.30640572662758436, 0.30640572660009746, 0.30640572659656506, 0.30640572659505083, 0.30640572659505083, 0.306405726594971, 0.3064057265949538, 0.30640572659495036, 0.30640572659495, 0.3064057265949497, 0.3064057265949497, 0.3064057265949496, 0.3064057265949496]}, "10": {"maxiter": 1000, "fatol": 1e-10, "xatol": 1e-05, "duration": 0.2965090274810791, "fun": "0.3064057265958795", "nit": "663", "nfev": "1028", "status": "0", "success": "True", "message": "Optimization terminated successfully.", "x": "[ 2.20448506 -0.25295439  0.22948699  7.64104556 -0.00967451  5.02203026]", "final_simplex": "(array([[ 2.20448506, -0.25295439,  0.22948699,  7.64104556, -0.00967451,\n         5.02203026],\n       [ 2.20448758, -0.25295842,  0.22948451,  7.6410431 , -0.0096696 ,\n         5.0220311 ],\n       [ 2.20448259, -0.25295887,  0.22948554,  7.64104319, -0.00966905,\n         5.02203031],\n       [ 2.204485  , -0.25295494,  0.22948531,  7.64104072, -0.00966703,\n         5.02203021],\n       [ 2.20448285, -0.25295428,  0.22949129,  7.64104647, -0.00966873,\n         5.02203229],\n       [ 2.20448428, -0.25295585,  0.22948284,  7.64104398, -0.00967148,\n         5.02202902],\n       [ 2.2044861 , -0.25295571,  0.22948759,  7.64104637, -0.00967053,\n         5.02202625]]), array([0.30640573, 0.30640573, 0.30640573, 0.30640573, 0.30640573,\n       0.30640573, 0.30640573]))", "callback": [0.8541225771502376, 0.7691735179754832, 0.7303533107073147, 0.6942212008609344, 0.6373230658400879, 0.4999353352182325, 0.4024493690922779, 0.3879667126919695, 0.37949608035978055, 0.3767361239298692, 0.3716645369632897, 0.37013624365697806, 0.36975802259439006, 0.36963235255472393, 0.36943928391115677, 0.36882015825079295, 0.36701369154043584, 0.3581686807266262, 0.35625593671694245, 0.35625593671694245, 0.3557081614232246, 0.35534952493501915, 0.35437347005878195, 0.35330781793799726, 0.35256708909247647, 0.3517252984747823, 0.35119700181649904, 0.35084490359144127, 0.35077147270916376, 0.3507612760657828, 0.35075667744455785, 0.35075089517908453, 0.3507418670538893, 0.3507247348650202, 0.35070932887054274, 0.35067907995976966, 0.35058737465481415, 0.3504799601473775, 0.3504514992266742, 0.35034184691723647, 0.35011597676158523, 0.3495947363716, 0.3476074541702612, 0.3432382404944042, 0.33471724957745863, 0.3241033194630589, 0.31083398908263016, 0.3094120316547917, 0.3084164117799897, 0.3081782121022082, 0.30717108609163324, 0.30656856320397163, 0.30646782765530267, 0.3064250290195796, 0.3064108096620015, 0.3064063240083258, 0.3064059509096504, 0.3064058194848427, 0.3064057482702014, 0.30640573577372965, 0.3064057338974797, 0.3064057294537179, 0.30640572762936724, 0.3064057268422371, 0.30640572662758436, 0.30640572660009746, 0.30640572659656506]}, "11": {"maxiter": 1000, "fatol": 1e-10, "xatol": 1e-10, "duration": 0.3434460163116455, "fun": "0.3064057265949496", "nit": "769", "nfev": "1250", "status": "0", "success": "True", "message": "Optimization terminated successfully.", "x": "[ 2.20448463 -0.2529565   0.22948729  7.64104479 -0.00967211  5.02203119]", "final_simplex": "(array([[ 2.20448463, -0.2529565 ,  0.22948729,  7.64104479, -0.00967211,\n         5.02203119],\n       [ 2.20448463, -0.2529565 ,  0.22948729,  7.64104479, -0.00967211,\n         5.02203119],\n       [ 2.20448463, -0.2529565 ,  0.22948729,  7.64104479, -0.00967211,\n         5.02203119],\n       [ 2.20448463, -0.2529565 ,  0.22948729,  7.64104479, -0.00967211,\n         5.02203119],\n       [ 2.20448463, -0.2529565 ,  0.22948729,  7.64104479, -0.00967211,\n         5.02203119],\n       [ 2.20448463, -0.2529565 ,  0.22948729,  7.64104479, -0.00967211,\n         5.02203119],\n       [ 2.20448463, -0.2529565 ,  0.22948729,  7.64104479, -0.00967211,\n         5.02203119]]), array([0.30640573, 0.30640573, 0.30640573, 0.30640573, 0.30640573,\n       0.30640573, 0.30640573]))", "callback": [0.8541225771502376, 0.7691735179754832, 0.7303533107073147, 0.6942212008609344, 0.6373230658400879, 0.4999353352182325, 0.4024493690922779, 0.3879667126919695, 0.37949608035978055, 0.3767361239298692, 0.3716645369632897, 0.37013624365697806, 0.36975802259439006, 0.36963235255472393, 0.36943928391115677, 0.36882015825079295, 0.36701369154043584, 0.3581686807266262, 0.35625593671694245, 0.35625593671694245, 0.3557081614232246, 0.35534952493501915, 0.35437347005878195, 0.35330781793799726, 0.35256708909247647, 0.3517252984747823, 0.35119700181649904, 0.35084490359144127, 0.35077147270916376, 0.3507612760657828, 0.35075667744455785, 0.35075089517908453, 0.3507418670538893, 0.3507247348650202, 0.35070932887054274, 0.35067907995976966, 0.35058737465481415, 0.3504799601473775, 0.3504514992266742, 0.35034184691723647, 0.35011597676158523, 0.3495947363716, 0.3476074541702612, 0.3432382404944042, 0.33471724957745863, 0.3241033194630589, 0.31083398908263016, 0.3094120316547917, 0.3084164117799897, 0.3081782121022082, 0.30717108609163324, 0.30656856320397163, 0.30646782765530267, 0.3064250290195796, 0.3064108096620015, 0.3064063240083258, 0.3064059509096504, 0.3064058194848427, 0.3064057482702014, 0.30640573577372965, 0.3064057338974797, 0.3064057294537179, 0.30640572762936724, 0.3064057268422371, 0.30640572662758436, 0.30640572660009746, 0.30640572659656506, 0.30640572659505083, 0.30640572659505083, 0.306405726594971, 0.3064057265949538, 0.30640572659495036, 0.30640572659495, 0.3064057265949497, 0.3064057265949497, 0.3064057265949496, 0.3064057265949496]}}, "bfgs": {"type": "gradient", "0": {"maxiter": 100, "gtol": 1e-05, "xrtol": 1e-05, "eps": 1e-05, "duration": 0.06461310386657715, "fun": "0.30640572666123433", "jac": "[ 8.43969339e-07  2.28417285e-07 -1.95108374e-06  2.31299424e-06\n  3.76387810e-07 -1.09244835e-06]", "hess_inv": "[[ 7.33331442 -1.40140464  2.06959299  1.53958412  1.44479936  0.97999838]\n [-1.40140464  5.28698642  1.67780204  0.94432269  0.50678363 -1.47713109]\n [ 2.06959299  1.67780204  5.78380294  1.80965888  0.37218342  0.87654612]\n [ 1.53958412  0.94432269  1.80965888  7.83334808 -4.09267987 -0.60003552]\n [ 1.44479936  0.50678363  0.37218342 -4.09267987  9.27123263 -0.19674947]\n [ 0.97999838 -1.47713109  0.87654612 -0.60003552 -0.19674947  3.71727383]]", "nfev": "238", "njev": "34", "status": "0", "success": "True", "message": "Optimization terminated successfully.", "x": "[ 4.07869119  2.8886264   3.37105572  7.64104662 -0.00968324  5.0220198 ]", "nit": "30", "callback": [0.6775041697334414, 0.6184509558591931, 0.6017536261934991, 0.5724209585056628, 0.5218697841518509, 0.43988433261166193, 0.40968628268357943, 0.3828011184290512, 0.357390991573014, 0.352880411354758, 0.35083038979821357, 0.3494549375560907, 0.3469965050640913, 0.3426662801924911, 0.3362880747120559, 0.33215401383384147, 0.32496689374962184, 0.3150644984370681, 0.3117108155687762, 0.3105693926575581, 0.30881814370686966, 0.3069171331878472, 0.30653995805039125, 0.3064877535975612, 0.3064522093522014, 0.30642451955481764, 0.3064082466716086, 0.3064058570909789, 0.3064057286297104, 0.30640572666123433]}, "1": {"maxiter": 100, "gtol": 1e-05, "xrtol": 1e-05, "eps": 1e-10, "duration": 0.06567502021789551, "fun": "0.30640572709577385", "jac": "[ 2.22044587e-06  2.22044587e-06 -8.88178346e-06  8.88178346e-06\n  8.88178423e-06 -4.44089173e-06]", "hess_inv": "[[ 7.24347272 -1.47172116  2.0713772   1.38931877  1.23378631  1.01326697]\n [-1.47172116  5.22544531  1.69809531  0.82548573  0.54309227 -1.4940079 ]\n [ 2.0713772   1.69809531  5.74545545  1.86310928  0.21976259  0.96317502]\n [ 1.38931877  0.82548573  1.86310928  7.63911755 -4.32357152 -0.55308156]\n [ 1.23378631  0.54309227  0.21976259 -4.32357152  9.92642849 -0.48211891]\n [ 1.01326697 -1.4940079   0.96317502 -0.55308156 -0.48211891  3.69533368]]", "nfev": "238", "njev": "34", "status": "0", "success": "True", "message": "Optimization terminated successfully.", "x": "[ 4.07872282  2.88864733  3.37106895  7.64105304 -0.0096117   5.02200549]", "nit": "30", "callback": [0.6775047183627461, 0.6184509157256708, 0.6017540086615552, 0.5724237361468656, 0.5218768768241726, 0.4398979694815285, 0.40969148378342757, 0.38280737723275604, 0.3573925360716568, 0.3528807621397062, 0.3508295331233372, 0.3494548410199315, 0.3469978292228053, 0.34266994029041487, 0.33629128098018, 0.33217063046748285, 0.32500577290425325, 0.31511699390569514, 0.3117415550416267, 0.3106410572380277, 0.30891715622034477, 0.30691299724854004, 0.3065450776796519, 0.30648791883380877, 0.3064535704021605, 0.3064259646368118, 0.30640860335884557, 0.30640589119546424, 0.3064057311355699, 0.30640572709577385]}, "2": {"maxiter": 100, "gtol": 1e-05, "xrtol": 1e-10, "eps": 1e-05, "duration": 0.07121777534484863, "fun": "0.30640572666123433", "jac": "[ 8.43969339e-07  2.28417285e-07 -1.95108374e-06  2.31299424e-06\n  3.76387810e-07 -1.09244835e-06]", "hess_inv": "[[ 7.33331442 -1.40140464  2.06959299  1.53958412  1.44479936  0.97999838]\n [-1.40140464  5.28698642  1.67780204  0.94432269  0.50678363 -1.47713109]\n [ 2.06959299  1.67780204  5.78380294  1.80965888  0.37218342  0.87654612]\n [ 1.53958412  0.94432269  1.80965888  7.83334808 -4.09267987 -0.60003552]\n [ 1.44479936  0.50678363  0.37218342 -4.09267987  9.27123263 -0.19674947]\n [ 0.97999838 -1.47713109  0.87654612 -0.60003552 -0.19674947  3.71727383]]", "nfev": "238", "njev": "34", "status": "0", "success": "True", "message": "Optimization terminated successfully.", "x": "[ 4.07869119  2.8886264   3.37105572  7.64104662 -0.00968324  5.0220198 ]", "nit": "30", "callback": [0.6775041697334414, 0.6184509558591931, 0.6017536261934991, 0.5724209585056628, 0.5218697841518509, 0.43988433261166193, 0.40968628268357943, 0.3828011184290512, 0.357390991573014, 0.352880411354758, 0.35083038979821357, 0.3494549375560907, 0.3469965050640913, 0.3426662801924911, 0.3362880747120559, 0.33215401383384147, 0.32496689374962184, 0.3150644984370681, 0.3117108155687762, 0.3105693926575581, 0.30881814370686966, 0.3069171331878472, 0.30653995805039125, 0.3064877535975612, 0.3064522093522014, 0.30642451955481764, 0.3064082466716086, 0.3064058570909789, 0.3064057286297104, 0.30640572666123433]}, "3": {"maxiter": 100, "gtol": 1e-05, "xrtol": 1e-10, "eps": 1e-10, "duration": 0.06122112274169922, "fun": "0.30640572709577385", "jac": "[ 2.22044587e-06  2.22044587e-06 -8.88178346e-06  8.88178346e-06\n  8.88178423e-06 -4.44089173e-06]", "hess_inv": "[[ 7.24347272 -1.47172116  2.0713772   1.38931877  1.23378631  1.01326697]\n [-1.47172116  5.22544531  1.69809531  0.82548573  0.54309227 -1.4940079 ]\n [ 2.0713772   1.69809531  5.74545545  1.86310928  0.21976259  0.96317502]\n [ 1.38931877  0.82548573  1.86310928  7.63911755 -4.32357152 -0.55308156]\n [ 1.23378631  0.54309227  0.21976259 -4.32357152  9.92642849 -0.48211891]\n [ 1.01326697 -1.4940079   0.96317502 -0.55308156 -0.48211891  3.69533368]]", "nfev": "238", "njev": "34", "status": "0", "success": "True", "message": "Optimization terminated successfully.", "x": "[ 4.07872282  2.88864733  3.37106895  7.64105304 -0.0096117   5.02200549]", "nit": "30", "callback": [0.6775047183627461, 0.6184509157256708, 0.6017540086615552, 0.5724237361468656, 0.5218768768241726, 0.4398979694815285, 0.40969148378342757, 0.38280737723275604, 0.3573925360716568, 0.3528807621397062, 0.3508295331233372, 0.3494548410199315, 0.3469978292228053, 0.34266994029041487, 0.33629128098018, 0.33217063046748285, 0.32500577290425325, 0.31511699390569514, 0.3117415550416267, 0.3106410572380277, 0.30891715622034477, 0.30691299724854004, 0.3065450776796519, 0.30648791883380877, 0.3064535704021605, 0.3064259646368118, 0.30640860335884557, 0.30640589119546424, 0.3064057311355699, 0.30640572709577385]}, "4": {"maxiter": 100, "gtol": 1e-10, "xrtol": 1e-05, "eps": 1e-05, "duration": 0.07994198799133301, "fun": "0.3064057266405664", "jac": "[-2.29327668e-07 -5.37303535e-07  1.04448672e-06 -1.03932418e-06\n -4.97479835e-07 -3.86335408e-07]", "hess_inv": "[[ 7.37197624e+00 -1.51988171e+00  1.97878738e+00  1.65483843e+00\n   1.23972393e+00  1.01911458e+00]\n [-1.51988171e+00  5.23718670e+00  1.80725826e+00  5.72296433e-01\n   5.90320781e-01 -1.28922978e+00]\n [ 1.97878738e+00  1.80725826e+00  5.94344173e+00  1.53217022e+00\n   6.57442611e-01  8.95605594e-01]\n [ 1.65483843e+00  5.72296433e-01  1.53217022e+00  8.17607214e+00\n  -4.72888736e+00 -4.69385714e-01]\n [ 1.23972393e+00  5.90320781e-01  6.57442611e-01 -4.72888736e+00\n   9.63985017e+00  1.96419058e-03]\n [ 1.01911458e+00 -1.28922978e+00  8.95605594e-01 -4.69385714e-01\n   1.96419058e-03  3.52742233e+00]]", "nfev": "245", "njev": "35", "status": "0", "success": "True", "message": "Optimization terminated successfully.", "x": "[ 4.07868599  2.88862706  3.37106242  7.64103044 -0.00967583  5.02202592]", "nit": "31", "callback": [0.6775041697334414, 0.6184509558591931, 0.6017536261934991, 0.5724209585056628, 0.5218697841518509, 0.43988433261166193, 0.40968628268357943, 0.3828011184290512, 0.357390991573014, 0.352880411354758, 0.35083038979821357, 0.3494549375560907, 0.3469965050640913, 0.3426662801924911, 0.3362880747120559, 0.33215401383384147, 0.32496689374962184, 0.3150644984370681, 0.3117108155687762, 0.3105693926575581, 0.30881814370686966, 0.3069171331878472, 0.30653995805039125, 0.3064877535975612, 0.3064522093522014, 0.30642451955481764, 0.3064082466716086, 0.3064058570909789, 0.3064057286297104, 0.30640572666123433, 0.3064057266405664]}, "5": {"maxiter": 100, "gtol": 1e-10, "xrtol": 1e-05, "eps": 1e-10, "duration": 0.07265901565551758, "fun": "0.3064057266396223", "jac": "[ 4.44089173e-06  0.00000000e+00  2.22044587e-06 -1.11022293e-06\n  2.22044606e-06  0.00000000e+00]", "hess_inv": "[[ 7.22129827 -1.57397345  2.0762585   1.37402402  1.01185515  1.09082842]\n [-1.57397345  5.34834563  2.03091094  0.61932437  0.47241046 -1.27007111]\n [ 2.0762585   2.03091094  5.90637307  1.79567033  0.76596415  0.87629439]\n [ 1.37402402  0.61932437  1.79567033  7.65951685 -4.69403538 -0.46907164]\n [ 1.01185515  0.47241046  0.76596415 -4.69403538  9.23220224  0.07982774]\n [ 1.09082842 -1.27007111  0.87629439 -0.46907164  0.07982774  3.45412215]]", "nfev": "245", "njev": "35", "status": "0", "success": "True", "message": "Optimization terminated successfully.", "x": "[ 4.07871238  2.88864165  3.37109343  7.64103614 -0.00964814  5.02203247]", "nit": "31", "callback": [0.6775047183627461, 0.6184509157256708, 0.6017540086615552, 0.5724237361468656, 0.5218768768241726, 0.4398979694815285, 0.40969148378342757, 0.38280737723275604, 0.3573925360716568, 0.3528807621397062, 0.3508295331233372, 0.3494548410199315, 0.3469978292228053, 0.34266994029041487, 0.33629128098018, 0.33217063046748285, 0.32500577290425325, 0.31511699390569514, 0.3117415550416267, 0.3106410572380277, 0.30891715622034477, 0.30691299724854004, 0.3065450776796519, 0.30648791883380877, 0.3064535704021605, 0.3064259646368118, 0.30640860335884557, 0.30640589119546424, 0.3064057311355699, 0.30640572709577385, 0.3064057266396223]}, "6": {"maxiter": 100, "gtol": 1e-10, "xrtol": 1e-10, "eps": 1e-05, "duration": 0.1449108123779297, "fun": "0.3064057266338881", "jac": "[ 5.26356736e-08  3.48165941e-08  4.28657110e-08 -3.98014954e-08\n -4.92161867e-08 -5.15920640e-08]", "hess_inv": "[[ 7.19572815 -1.65591679  2.1550827   1.193996    1.25829728  1.06547571]\n [-1.65591679  5.20456295  1.91592865  0.22698554  0.72672648 -1.1736853 ]\n [ 2.1550827   1.91592865  5.86396568  1.90277615  0.56602375  0.808713  ]\n [ 1.193996    0.22698554  1.90277615  7.05894457 -4.6362026  -0.32640517]\n [ 1.25829728  0.72672648  0.56602375 -4.6362026   9.85198021  0.13478633]\n [ 1.06547571 -1.1736853   0.808713   -0.32640517  0.13478633  3.6043619 ]]", "nfev": "467", "njev": "65", "status": "2", "success": "False", "message": "Desired error not necessarily achieved due to precision loss.", "x": "[ 4.07868703  2.88862781  3.37106068  7.64103386 -0.0096758   5.02202568]", "nit": "32", "callback": [0.6775041697334414, 0.6184509558591931, 0.6017536261934991, 0.5724209585056628, 0.5218697841518509, 0.43988433261166193, 0.40968628268357943, 0.3828011184290512, 0.357390991573014, 0.352880411354758, 0.35083038979821357, 0.3494549375560907, 0.3469965050640913, 0.3426662801924911, 0.3362880747120559, 0.33215401383384147, 0.32496689374962184, 0.3150644984370681, 0.3117108155687762, 0.3105693926575581, 0.30881814370686966, 0.3069171331878472, 0.30653995805039125, 0.3064877535975612, 0.3064522093522014, 0.30642451955481764, 0.3064082466716086, 0.3064058570909789, 0.3064057286297104, 0.30640572666123433, 0.3064057266405664, 0.3064057266338881]}, "7": {"maxiter": 100, "gtol": 1e-10, "xrtol": 1e-10, "eps": 1e-10, "duration": 0.1614227294921875, "fun": "0.3064057266113165", "jac": "[ 1.11022293e-06  1.11022293e-06  1.11022293e-06  2.22044587e-06\n -1.11022303e-06  1.11022293e-06]", "hess_inv": "[[26.02633218 19.43271035 29.85658688 28.67234802  4.70684999 -2.1849979 ]\n [19.43271035 16.96505891 23.48968469 22.90408241  2.58999429 -1.34051676]\n [29.85658688 23.48968469 39.06755807 35.78340001  4.45857978 -1.16436044]\n [28.67234802 22.90408241 35.78340001 35.95684744  4.91092039 -2.69042481]\n [ 4.70684999  2.58999429  4.45857978  4.91092039  3.81268934  0.11462875]\n [-2.1849979  -1.34051676 -1.16436044 -2.69042481  0.11462875  2.86100331]]", "nfev": "593", "njev": "83", "status": "2", "success": "False", "message": "Desired error not necessarily achieved due to precision loss.", "x": "[ 4.07869819  2.88863938  3.37108665  7.64103509 -0.00966318  5.02203363]", "nit": "33", "callback": [0.6775047183627461, 0.6184509157256708, 0.6017540086615552, 0.5724237361468656, 0.5218768768241726, 0.4398979694815285, 0.40969148378342757, 0.38280737723275604, 0.3573925360716568, 0.3528807621397062, 0.3508295331233372, 0.3494548410199315, 0.3469978292228053, 0.34266994029041487, 0.33629128098018, 0.33217063046748285, 0.32500577290425325, 0.31511699390569514, 0.3117415550416267, 0.3106410572380277, 0.30891715622034477, 0.30691299724854004, 0.3065450776796519, 0.30648791883380877, 0.3064535704021605, 0.3064259646368118, 0.30640860335884557, 0.30640589119546424, 0.3064057311355699, 0.30640572709577385, 0.3064057266396223, 0.3064057266135074, 0.3064057266113165]}, "8": {"maxiter": 500, "gtol": 1e-05, "xrtol": 1e-05, "eps": 1e-05, "duration": 0.06670594215393066, "fun": "0.30640572666123433", "jac": "[ 8.43969339e-07  2.28417285e-07 -1.95108374e-06  2.31299424e-06\n  3.76387810e-07 -1.09244835e-06]", "hess_inv": "[[ 7.33331442 -1.40140464  2.06959299  1.53958412  1.44479936  0.97999838]\n [-1.40140464  5.28698642  1.67780204  0.94432269  0.50678363 -1.47713109]\n [ 2.06959299  1.67780204  5.78380294  1.80965888  0.37218342  0.87654612]\n [ 1.53958412  0.94432269  1.80965888  7.83334808 -4.09267987 -0.60003552]\n [ 1.44479936  0.50678363  0.37218342 -4.09267987  9.27123263 -0.19674947]\n [ 0.97999838 -1.47713109  0.87654612 -0.60003552 -0.19674947  3.71727383]]", "nfev": "238", "njev": "34", "status": "0", "success": "True", "message": "Optimization terminated successfully.", "x": "[ 4.07869119  2.8886264   3.37105572  7.64104662 -0.00968324  5.0220198 ]", "nit": "30", "callback": [0.6775041697334414, 0.6184509558591931, 0.6017536261934991, 0.5724209585056628, 0.5218697841518509, 0.43988433261166193, 0.40968628268357943, 0.3828011184290512, 0.357390991573014, 0.3528804113