{"conf_id": 37, "data_type": "random\n", "num_data_points": 2, "s_rank": 0, "unitary": "[[0.18663085-0.53122324j,-0.11886349-0.70040876j,0.28555095-0.02789305j,-0.12262021-0.2844587j],[-0.16702216+0.27758472j,0.27526351-0.29738586j,-0.01109314+0.22495461j,-0.77239203+0.28900673j],[0.61935415+0.12301792j,-0.31269928-0.03315917j,-0.61902762-0.19039079j,-0.27120731-0.0968989j],[0.42341754+0.0023929j,-0.05847358+0.47832119j,0.64900495-0.16218422j,-0.37182676-0.05229966j]]", "databatch_0": {"databatch": "[[[-0.11625068-0.04562152j,-0.15759089+0.13853607j,-0.08646727+0.1584825j,0.08285588+0.23688648j],[0.31604901-0.05357206j,-0.38500621-0.00328982j,0.11621977+0.22713141j,-0.25586179-0.14155792j],[0.26648462-0.0060358j,-0.32908333+0.21707182j,-0.0941737+0.11394051j,-0.06941958-0.12260039j],[0.26141731+0.09849317j,-0.08200238+0.01122307j,-0.2828739-0.04827133j,-0.07210909-0.05100265j]],[[0.00695806-0.02646941j,-0.06319632+0.24709675j,-0.34889435+0.25514636j,-0.03133019+0.05353824j],[-0.03577024+0.04294614j,0.19156996+0.19364959j,-0.04933316-0.02282183j,-0.08937906-0.15006364j],[0.431655+0.30025331j,0.05830761+0.01882148j,-0.04969941-0.00324171j,0.15945828+0.10789353j],[0.19410805+0.21492162j,-0.1429317+0.29477727j,0.15674484-0.07687857j,-0.2832368-0.10518943j]]]", "nelder_mead": {"0": {"maxiter": 100, "fatol": 1e-05, "xatol": 1e-05, "duration": 0.03369593620300293, "fun": "0.6108196973800659", "nit": "100", "nfev": "164", "status": "2", "success": "False", "message": "Maximum number of iterations has been exceeded.", "x": "[1.64966037 0.02758059 3.96122177 1.08370787 1.82975018 3.65786159]", "final_simplex": "(array([[ 1.64966037,  0.02758059,  3.96122177,  1.08370787,  1.82975018,\n         3.65786159],\n       [ 1.89010622, -0.12866845,  3.92717814,  1.09027865,  1.84753643,\n         3.65060905],\n       [ 1.84882672, -0.08697727,  3.83936766,  1.07761049,  1.96829776,\n         3.61113316],\n       [ 1.89702499, -0.03032472,  3.92402367,  1.07724147,  1.59826963,\n         3.61990813],\n       [ 2.1446749 , -0.11325634,  3.73436241,  1.0679957 ,  2.02083797,\n         3.53901597],\n       [ 2.08923035, -0.16991569,  3.63915136,  1.08868303,  1.87210052,\n         3.65942695],\n       [ 1.96650269,  0.38793288,  3.74616248,  0.98739492,  1.47543127,\n         3.4321797 ]]), array([0.6108197 , 0.61672509, 0.61717403, 0.61998767, 0.62144768,\n       0.62263888, 0.62467068]))"}, "1": {"maxiter": 100, "fatol": 1e-05, "xatol": 1e-10, "duration": 0.033757925033569336, "fun": "0.6108196973800659", "nit": "100", "nfev": "164", "status": "2", "success": "False", "message": "Maximum number of iterations has been exceeded.", "x": "[1.64966037 0.02758059 3.96122177 1.08370787 1.82975018 3.65786159]", "final_simplex": "(array([[ 1.64966037,  0.02758059,  3.96122177,  1.08370787,  1.82975018,\n         3.65786159],\n       [ 1.89010622, -0.12866845,  3.92717814,  1.09027865,  1.84753643,\n         3.65060905],\n       [ 1.84882672, -0.08697727,  3.83936766,  1.07761049,  1.96829776,\n         3.61113316],\n       [ 1.89702499, -0.03032472,  3.92402367,  1.07724147,  1.59826963,\n         3.61990813],\n       [ 2.1446749 , -0.11325634,  3.73436241,  1.0679957 ,  2.02083797,\n         3.53901597],\n       [ 2.08923035, -0.16991569,  3.63915136,  1.08868303,  1.87210052,\n         3.65942695],\n       [ 1.96650269,  0.38793288,  3.74616248,  0.98739492,  1.47543127,\n         3.4321797 ]]), array([0.6108197 , 0.61672509, 0.61717403, 0.61998767, 0.62144768,\n       0.62263888, 0.62467068]))"}, "2": {"maxiter": 100, "fatol": 1e-10, "xatol": 1e-05, "duration": 0.03371596336364746, "fun": "0.6108196973800659", "nit": "100", "nfev": "164", "status": "2", "success": "False", "message": "Maximum number of iterations has been exceeded.", "x": "[1.64966037 0.02758059 3.96122177 1.08370787 1.82975018 3.65786159]", "final_simplex": "(array([[ 1.64966037,  0.02758059,  3.96122177,  1.08370787,  1.82975018,\n         3.65786159],\n       [ 1.89010622, -0.12866845,  3.92717814,  1.09027865,  1.84753643,\n         3.65060905],\n       [ 1.84882672, -0.08697727,  3.83936766,  1.07761049,  1.96829776,\n         3.61113316],\n       [ 1.89702499, -0.03032472,  3.92402367,  1.07724147,  1.59826963,\n         3.61990813],\n       [ 2.1446749 , -0.11325634,  3.73436241,  1.0679957 ,  2.02083797,\n         3.53901597],\n       [ 2.08923035, -0.16991569,  3.63915136,  1.08868303,  1.87210052,\n         3.65942695],\n       [ 1.96650269,  0.38793288,  3.74616248,  0.98739492,  1.47543127,\n         3.4321797 ]]), array([0.6108197 , 0.61672509, 0.61717403, 0.61998767, 0.62144768,\n       0.62263888, 0.62467068]))"}, "3": {"maxiter": 100, "fatol": 1e-10, "xatol": 1e-10, "duration": 0.033431053161621094, "fun": "0.6108196973800659", "nit": "100", "nfev": "164", "status": "2", "success": "False", "message": "Maximum number of iterations has been exceeded.", "x": "[1.64966037 0.02758059 3.96122177 1.08370787 1.82975018 3.65786159]", "final_simplex": "(array([[ 1.64966037,  0.02758059,  3.96122177,  1.08370787,  1.82975018,\n         3.65786159],\n       [ 1.89010622, -0.12866845,  3.92717814,  1.09027865,  1.84753643,\n         3.65060905],\n       [ 1.84882672, -0.08697727,  3.83936766,  1.07761049,  1.96829776,\n         3.61113316],\n       [ 1.89702499, -0.03032472,  3.92402367,  1.07724147,  1.59826963,\n         3.61990813],\n       [ 2.1446749 , -0.11325634,  3.73436241,  1.0679957 ,  2.02083797,\n         3.53901597],\n       [ 2.08923035, -0.16991569,  3.63915136,  1.08868303,  1.87210052,\n         3.65942695],\n       [ 1.96650269,  0.38793288,  3.74616248,  0.98739492,  1.47543127,\n         3.4321797 ]]), array([0.6108197 , 0.61672509, 0.61717403, 0.61998767, 0.62144768,\n       0.62263888, 0.62467068]))"}, "4": {"maxiter": 500, "fatol": 1e-05, "xatol": 1e-05, "duration": 1059.5443170070648, "fun": "0.23569834232330322", "nit": "500", "nfev": "823", "status": "2", "success": "False", "message": "Maximum number of iterations has been exceeded.", "x": "[1.19615874 0.76560451 3.25662925 3.57366518 3.80758278 5.69608482]", "final_simplex": "(array([[1.19615874, 0.76560451, 3.25662925, 3.57366518, 3.80758278,\n        5.69608482],\n       [1.19615763, 0.76560788, 3.25662434, 3.57366706, 3.8075715 ,\n        5.69607682],\n       [1.19616166, 0.7656068 , 3.25662307, 3.57367085, 3.80757343,\n        5.6960756 ],\n       [1.19615636, 0.76560517, 3.25662145, 3.57367198, 3.80757899,\n        5.69608237],\n       [1.19615909, 0.76560299, 3.25662812, 3.57367127, 3.8075706 ,\n        5.69606921],\n       [1.1961586 , 0.76560854, 3.25662687, 3.57366883, 3.80757617,\n        5.69607894],\n       [1.19615881, 0.76560605, 3.25662581, 3.57366973, 3.80757636,\n        5.69608079]]), array([0.23569834, 0.23569834, 0.23569834, 0.23569834, 0.23569834,\n       0.23569834, 0.23569834]))"}, "5": {"maxiter": 500, "fatol": 1e-05, "xatol": 1e-10, "duration": 0.18031597137451172, "fun": "0.23569834232330322", "nit": "500", "nfev": "823", "status": "2", "success": "False", "message": "Maximum number of iterations has been exceeded.", "x": "[1.19615874 0.76560451 3.25662925 3.57366518 3.80758278 5.69608482]", "final_simplex": "(array([[1.19615874, 0.76560451, 3.25662925, 3.57366518, 3.80758278,\n        5.69608482],\n       [1.19615763, 0.76560788, 3.25662434, 3.57366706, 3.8075715 ,\n        5.69607682],\n       [1.19616166, 0.7656068 , 3.25662307, 3.57367085, 3.80757343,\n        5.6960756 ],\n       [1.19615636, 0.76560517, 3.25662145, 3.57367198, 3.80757899,\n        5.69608237],\n       [1.19615909, 0.76560299, 3.25662812, 3.57367127, 3.8075706 ,\n        5.69606921],\n       [1.1961586 , 0.76560854, 3.25662687, 3.57366883, 3.80757617,\n        5.69607894],\n       [1.19615881, 0.76560605, 3.25662581, 3.57366973, 3.80757636,\n        5.69608079]]), array([0.23569834, 0.23569834, 0.23569834, 0.23569834, 0.23569834,\n       0.23569834, 0.23569834]))"}, "6": {"maxiter": 500, "fatol": 1e-10, "xatol": 1e-05, "duration": 0.16210389137268066, "fun": "0.23569834232330322", "nit": "500", "nfev": "823", "status": "2", "success": "False", "message": "Maximum number of iterations has been exceeded.", "x": "[1.19615874 0.76560451 3.25662925 3.57366518 3.80758278 5.69608482]", "final_simplex": "(array([[1.19615874, 0.76560451, 3.25662925, 3.57366518, 3.80758278,\n        5.69608482],\n       [1.19615763, 0.76560788, 3.25662434, 3.57366706, 3.8075715 ,\n        5.69607682],\n       [1.19616166, 0.7656068 , 3.25662307, 3.57367085, 3.80757343,\n        5.6960756 ],\n       [1.19615636, 0.76560517, 3.25662145, 3.57367198, 3.80757899,\n        5.69608237],\n       [1.19615909, 0.76560299, 3.25662812, 3.57367127, 3.8075706 ,\n        5.69606921],\n       [1.1961586 , 0.76560854, 3.25662687, 3.57366883, 3.80757617,\n        5.69607894],\n       [1.19615881, 0.76560605, 3.25662581, 3.57366973, 3.80757636,\n        5.69608079]]), array([0.23569834, 0.23569834, 0.23569834, 0.23569834, 0.23569834,\n       0.23569834, 0.23569834]))"}, "7": {"maxiter": 500, "fatol": 1e-10, "xatol": 1e-10, "duration": 0.1636979579925537, "fun": "0.23569834232330322", "nit": "500", "nfev": "823", "status": "2", "success": "False", "message": "Maximum number of iterations has been exceeded.", "x": "[1.19615874 0.76560451 3.25662925 3.57366518 3.80758278 5.69608482]", "final_simplex": "(array([[1.19615874, 0.76560451, 3.25662925, 3.57366518, 3.80758278,\n        5.69608482],\n       [1.19615763, 0.76560788, 3.25662434, 3.57366706, 3.8075715 ,\n        5.69607682],\n       [1.19616166, 0.7656068 , 3.25662307, 3.57367085, 3.80757343,\n        5.6960756 ],\n       [1.19615636, 0.76560517, 3.25662145, 3.57367198, 3.80757899,\n        5.69608237],\n       [1.19615909, 0.76560299, 3.25662812, 3.57367127, 3.8075706 ,\n        5.69606921],\n       [1.1961586 , 0.76560854, 3.25662687, 3.57366883, 3.80757617,\n        5.69607894],\n       [1.19615881, 0.76560605, 3.25662581, 3.57366973, 3.80757636,\n        5.69608079]]), array([0.23569834, 0.23569834, 0.23569834, 0.23569834, 0.23569834,\n       0.23569834, 0.23569834]))"}, "8": {"maxiter": 1000, "fatol": 1e-05, "xatol": 1e-05, "duration": 0.15756797790527344, "fun": "0.23569834232330322", "nit": "501", "nfev": "831", "status": "0", "success": "True", "message": "Optimization terminated successfully.", "x": "[1.19615874 0.76560451 3.25662925 3.57366518 3.80758278 5.69608482]", "final_simplex": "(array([[1.19615874, 0.76560451, 3.25662925, 3.57366518, 3.80758278,\n        5.69608482],\n       [1.19615818, 0.76560619, 3.25662679, 3.57366612, 3.80757714,\n        5.69608082],\n       [1.1961602 , 0.76560565, 3.25662616, 3.57366802, 3.80757811,\n        5.69608021],\n       [1.19615755, 0.76560484, 3.25662535, 3.57366858, 3.80758088,\n        5.69608359],\n       [1.19615892, 0.76560375, 3.25662868, 3.57366823, 3.80757669,\n        5.69607702],\n       [1.19615867, 0.76560652, 3.25662806, 3.57366701, 3.80757948,\n        5.69608188],\n       [1.19615877, 0.76560528, 3.25662753, 3.57366746, 3.80757957,\n        5.69608281]]), array([0.23569834, 0.23569834, 0.23569834, 0.23569834, 0.23569834,\n       0.23569834, 0.23569834]))"}, "9": {"maxiter": 1000, "fatol": 1e-05, "xatol": 1e-10, "duration": 0.191694974899292, "fun": "0.23569834232330322", "nit": "518", "nfev": "967", "status": "0", "success": "True", "message": "Optimization terminated successfully.", "x": "[1.19615874 0.76560451 3.25662925 3.57366518 3.80758278 5.69608482]", "final_simplex": "(array([[1.19615874, 0.76560451, 3.25662925, 3.57366518, 3.80758278,\n        5.69608482],\n       [1.19615874, 0.76560451, 3.25662925, 3.57366518, 3.80758278,\n        5.69608482],\n       [1.19615874, 0.76560451, 3.25662925, 3.57366518, 3.80758278,\n        5.69608482],\n       [1.19615874, 0.76560451, 3.25662925, 3.57366518, 3.80758278,\n        5.69608482],\n       [1.19615874, 0.76560451, 3.25662925, 3.57366518, 3.80758278,\n        5.69608482],\n       [1.19615874, 0.76560451, 3.25662925, 3.57366518, 3.80758278,\n        5.69608482],\n       [1.19615874, 0.76560451, 3.25662925, 3.57366518, 3.80758278,\n        5.69608482]]), array([0.23569834, 0.23569834, 0.23569834, 0.23569834, 0.23569834,\n       0.23569834, 0.23569834]))"}, "10": {"maxiter": 1000, "fatol": 1e-10, "xatol": 1e-05, "duration": 0.16845488548278809, "fun": "0.23569834232330322", "nit": "501", "nfev": "831", "status": "0", "success": "True", "message": "Optimization terminated successfully.", "x": "[1.19615874 0.76560451 3.25662925 3.57366518 3.80758278 5.69608482]", "final_simplex": "(array([[1.19615874, 0.76560451, 3.25662925, 3.57366518, 3.80758278,\n        5.69608482],\n       [1.19615818, 0.76560619, 3.25662679, 3.57366612, 3.80757714,\n        5.69608082],\n       [1.1961602 , 0.76560565, 3.25662616, 3.57366802, 3.80757811,\n        5.69608021],\n       [1.19615755, 0.76560484, 3.25662535, 3.57366858, 3.80758088,\n        5.69608359],\n       [1.19615892, 0.76560375, 3.25662868, 3.57366823, 3.80757669,\n        5.69607702],\n       [1.19615867, 0.76560652, 3.25662806, 3.57366701, 3.80757948,\n        5.69608188],\n       [1.19615877, 0.76560528, 3.25662753, 3.57366746, 3.80757957,\n        5.69608281]]), array([0.23569834, 0.23569834, 0.23569834, 0.23569834, 0.23569834,\n       0.23569834, 0.23569834]))"}, "11": {"maxiter": 1000, "fatol": 1e-10, "xatol": 1e-10, "duration": 0.195418119430542, "fun": "0.23569834232330322", "nit": "518", "nfev": "967", "status": "0", "success": "True", "message": "Optimization terminated successfully.", "x": "[1.19615874 0.76560451 3.25662925 3.57366518 3.80758278 5.69608482]", "final_simplex": "(array([[1.19615874, 0.76560451, 3.25662925, 3.57366518, 3.80758278,\n        5.69608482],\n       [1.19615874, 0.76560451, 3.25662925, 3.57366518, 3.80758278,\n        5.69608482],\n       [1.19615874, 0.76560451, 3.25662925, 3.57366518, 3.80758278,\n        5.69608482],\n       [1.19615874, 0.76560451, 3.25662925, 3.57366518, 3.80758278,\n        5.69608482],\n       [1.19615874, 0.76560451, 3.25662925, 3.57366518, 3.80758278,\n        5.69608482],\n       [1.19615874, 0.76560451, 3.25662925, 3.57366518, 3.80758278,\n        5.69608482],\n       [1.19615874, 0.76560451, 3.25662925, 3.57366518, 3.80758278,\n        5.69608482]]), array([0.23569834, 0.23569834, 0.23569834, 0.23569834, 0.23569834,\n       0.23569834, 0.23569834]))"}}, "bfgs": {"0": {"maxiter": 100, "gtol": 1e-05, "xrtol": 1e-05, "eps": 1e-05, "duration": 0.05751800537109375, "fun": "0.23570019006729126", "jac": "[0. 0. 0. 0. 0. 0.]", "hess_inv": "[[ 2.64297439 -0.05860847  0.41441017  0.41322836 -0.07287891 -0.12453598]\n [-0.05860847  3.51652714 -1.65408377  0.59975507 -2.53112787 -1.51535435]\n [ 0.41441017 -1.65408377  4.15943162 -0.38288039  1.5918489   1.57761774]\n [ 0.41322836  0.59975507 -0.38288039  2.71998089 -0.45248996 -0.3121227 ]\n [-0.07287891 -2.53112787  1.5918489  -0.45248996 12.38473276 10.7362639 ]\n [-0.12453598 -1.51535435  1.57761774 -0.3121227  10.7362639  11.56889076]]", "nfev": "273", "njev": "39", "status": "0", "success": "True", "message": "Optimization terminated successfully.", "x": "[1.19580037 0.76478661 3.26010872 3.57444361 3.81338126 5.7029639 ]", "nit": "28"}, "1": {"maxiter": 100, "gtol": 1e-05, "xrtol": 1e-05, "eps": 1e-10, "duration": 0.0014748573303222656, "fun": "0.9537237882614136", "jac": "[0. 0. 0. 0. 0. 0.]", "hess_inv": "[[1 0 0 0 0 0]\n [0 1 0 0 0 0]\n [0 0 1 0 0 0]\n [0 0 0 1 0 0]\n [0 0 0 0 1 0]\n [0 0 0 0 0 1]]", "nfev": "7", "njev": "1", "status": "0", "success": "True", "message": "Optimization terminated successfully.", "x": "[2.67491531 1.56572548 3.34060394 0.63111632 3.44844439 2.1070221 ]", "nit": "0"}, "2": {"maxiter": 100, "gtol": 1e-05, "xrtol": 1e-10, "eps": 1e-05, "duration": 0.056662797927856445, "fun": "0.23570019006729126", "jac": "[0. 0. 0. 0. 0. 0.]", "hess_inv": "[[ 2.64297439 -0.05860847  0.41441017  0.41322836 -0.07287891 -0.12453598]\n [-0.05860847  3.51652714 -1.65408377  0.59975507 -2.53112787 -1.51535435]\n [ 0.41441017 -1.65408377  4.15943162 -0.38288039  1.5918489   1.57761774]\n [ 0.41322836  0.59975507 -0.38288039  2.71998089 -0.45248996 -0.3121227 ]\n [-0.07287891 -2.53112787  1.5918489  -0.45248996 12.38473276 10.7362639 ]\n [-0.12453598 -1.51535435  1.57761774 -0.3121227  10.7362639  11.56889076]]", "nfev": "273", "njev": "39", "status": "0", "success": "True", "message": "Optimization terminated successfully.", "x": "[1.19580037 0.76478661 3.26010872 3.57444361 3.81338126 5.7029639 ]", "nit": "28"}, "3": {"maxiter": 100, "gtol": 1e-05, "xrtol": 1e-10, "eps": 1e-10, "duration": 0.0014429092407226562, "fun": "0.9537237882614136", "jac": "[0. 0. 0. 0. 0. 0.]", "hess_inv": "[[1 0 0 0 0 0]\n [0 1 0 0 0 0]\n [0 0 1 0 0 0]\n [0 0 0 1 0 0]\n [0 0 0 0 1 0]\n [0 0 0 0 0 1]]", "nfev": "7", "njev": "1", "status": "0", "success": "True", "message": "Optimization terminated successfully.", "x": "[2.67491531 1.56572548 3.34060394 0.63111632 3.44844439 2.1070221 ]", "nit": "0"}, "4": {"maxiter": 100, "gtol": 1e-10, "xrtol": 1e-05, "eps": 1e-05, "duration": 0.056954145431518555, "fun": "0.23570019006729126", "jac": "[0. 0. 0. 0. 0. 0.]", "hess_inv": "[[ 2.64297439 -0.05860847  0.41441017  0.41322836 -0.07287891 -0.12453598]\n [-0.05860847  3.51652714 -1.65408377  0.59975507 -2.53112787 -1.51535435]\n [ 0.41441017 -1.65408377  4.15943162 -0.38288039  1.5918489   1.57761774]\n [ 0.41322836  0.59975507 -0.38288039  2.71998089 -0.45248996 -0.3121227 ]\n [-0.07287891 -2.53112787  1.5918489  -0.45248996 12.38473276 10.7362639 ]\n [-0.12453598 -1.51535435  1.57761774 -0.3121227  10.7362639  11.56889076]]", "nfev": "273", "njev": "39", "status": "0", "success": "True", "message": "Optimization terminated successfully.", "x": "[1.19580037 0.76478661 3.26010872 3.57444361 3.81338126 5.7029639 ]", "nit": "28"}, "5": {"maxiter": 100, "gtol": 1e-10, "xrtol": 1e-05, "eps": 1e-10, "duration": 0.0014488697052001953, "fun": "0.9537237882614136", "jac": "[0. 0. 0. 0. 0. 0.]", "hess_inv": "[[1 0 0 0 0 0]\n [0 1 0 0 0 0]\n [0 0 1 0 0 0]\n [0 0 0 1 0 0]\n [0 0 0 0 1 0]\n [0 0 0 0 0 1]]", "nfev": "7", "njev": "1", "status": "0", "success": "True", "message": "Optimization terminated successfully.", "x": "[2.67491531 1.56572548 3.34060394 0.63111632 3.44844439 2.1070221 ]", "nit": "0"}, "6": {"maxiter": 100, "gtol": 1e-10, "xrtol": 1e-10, "eps": 1e-05, "duration": 0.05896711349487305, "fun": "0.23570019006729126", "jac": "[0. 0. 0. 0. 0. 0.]", "hess_inv": "[[ 2.64297439 -0.05860847  0.41441017  0.41322836 -0.07287891 -0.12453598]\n [-0.05860847  3.51652714 -1.65408377  0.59975507 -2.53112787 -1.51535435]\n [ 0.41441017 -1.65408377  4.15943162 -0.38288039  1.5918489   1.57761774]\n [ 0.41322836  0.59975507 -0.38288039  2.71998089 -0.45248996 -0.3121227 ]\n [-0.07287891 -2.53112787  1.5918489  -0.45248996 12.38473276 10.7362639 ]\n [-0.12453598 -1.51535435  1.57761774 -0.3121227  10.7362639  11.56889076]]", "nfev": "273", "njev": "39", "status": "0", "success": "True", "message": "Optimization terminated successfully.", "x": "[1.19580037 0.76478661 3.26010872 3.57444361 3.81338126 5.7029639 ]", "nit": "28"}, "7": {"maxiter": 100, "gtol": 1e-10, "xrtol": 1e-10, "eps": 1e-10, "duration": 0.0015940666198730469, "fun": "0.9537237882614136", "jac": "[0. 0. 0. 0. 0. 0.]", "hess_inv": "[[1 0 0 0 0 0]\n [0 1 0 0 0 0]\n [0 0 1 0 0 0]\n [0 0 0 1 0 0]\n [0 0 0 0 1 0]\n [0 0 0 0 0 1]]", "nfev": "7", "njev": "1", "status": "0", "success": "True", "message": "Optimization terminated successfully.", "x": "[2.67491531 1.56572548 3.34060394 0.63111632 3.44844439 2.1070221 ]", "nit": "0"}, "8": {"maxiter": 500, "gtol": 1e-05, "xrtol": 1e-05, "eps": 1e-05, "duration": 0.05796313285827637, "fun": "0.23570019006729126", "jac": "[0. 0. 0. 0. 0. 0.]", "hess_inv": "[[ 2.64297439 -0.05860847  0.41441017  0.41322836 -0.07287891 -0.12453598]\n [-0.05860847  3.51652714 -1.65408377  0.59975507 -2.53112787 -1.51535435]\n [ 0.41441017 -1.65408377  4.15943162 -0.38288039  1.5918489   1.57761774]\n [ 0.41322836  0.59975507 -0.38288039  2.71998089 -0.45248996 -0.3121227 ]\n [-0.07287891 -2.53112787  1.5918489  -0.45248996 12.38473276 10.7362639 ]\n [-0.12453598 -1.51535435  1.57761774 -0.3121227  10.7362639  11.56889076]]", "nfev": "273", "njev": "39", "status": "0", "success": "True", "message": "Optimization terminated successfully.", "x": "[1.19580037 0.76478661 3.26010872 3.57444361 3.81338126 5.7029639 ]", "nit": "28"}, "9": {"maxiter": 500, "gtol": 1e-05, "xrtol": 1e-05, "eps": 1e-10, "duration": 0.001622915267944336, "fun": "0.9537237882614136", "jac": "[0. 0. 0. 0. 0. 0.]", "hess_inv": "[[1 0 0 0 0 0]\n [0 1 0 0 0 0]\n [0 0 1 0 0 0]\n [0 0 0 1 0 0]\n [0 0 0 0 1 0]\n [0 0 0 0 0 1]]", "nfev": "7", "njev": "1", "status": "0", "success": "True", "message": "Optimization terminated successfully.", "x": "[2.67491531 1.56572548 3.34060394 0.63111632 3.44844439 2.1070221 ]", "nit": "0"}, "10": {"maxiter": 500, "gtol": 1e-05, "xrtol": 1e-10, "eps": 1e-05, "duration": 0.05845022201538086, "fun": "0.23570019006729126", "jac": "[0. 0. 0. 0. 0. 0.]", "hess_inv": "[[ 2.64297439 -0.05860847  0.41441017  0.41322836 -0.07287891 -0.12453598]\n [-0.05860847  3.51652714 -1.65408377  0.59975507 -2.53112787 -1.51535435]\n [ 0.41441017 -1.65408377  4.15943162 -0.38288039  1.5918489   1.57761774]\n [ 0.41322836  0.59975507 -0.38288039  2.71998089 -0.45248996 -0.3121227 ]\n [-0.07287891 -2.53112787  1.5918489  -0.45248996 12.38473276 10.7362639 ]\n [-0.12453598 -1.51535435  1.57761774 -0.3121227  10.7362639  11.56889076]]", "nfev": "273", "njev": "39", "status": "0", "success": "True", "message": "Optimization terminated successfully.", "x": "[1.19580037 0.76478661 3.26010872 3.57444361 3.81338126 5.7029639 ]", "nit": "28"}, "11": {"maxiter": 500, "gtol": 1e-05, "xrtol": 1e-10, "eps": 1e-10, "duration": 0.001680135726928711, "fun": "0.9537237882614136", "jac": "[0. 0. 0. 0. 0. 0.]", "hess_inv": "[[1 0 0 0 0 0]\n [0 1 0 0 0 0]\n [0 0 1 0 0 0]\n [0 0 0 1 0 0]\n [0 0 0 0 1 0]\n [0 0 0 0 0 1]]", "nfev": "7", "njev": "1", "status": "0", "success": "True", "message": "Optimization terminated successfully.", "x": "[2.67491531 1.56572548 3.34060394 0.63111632 3.44844439 2.1070221 ]", "nit": "0"}, "12": {"maxiter": 500, "gtol": 1e-10, "xrtol": 1e-05, "eps": 1e-05, "duration": 0.05796408653259277, "fun": "0.23570019006729126", "jac": "[0. 0. 0. 0. 0. 0.]", "hess_inv": "[[ 2.64297439 -0.05860847  0.41441017  0.41322836 -0.07287891 -0.12453598]\n [-0.05860847  3.51652714 -1.65408377  0.59975507 -2.53112787 -1.51535435]\n [ 0.41441017 -1.65408377  4.15943162 -0.38288039  1.5918489   1.57761774]\n [ 0.41322836  0.59975507 -0.38288039  2.71998089 -0.45248996 -0.3121227 ]\n [-0.07287891 -2.53112787  1.5918489  -0.45248996 12.38473276 10.7362639 ]\n [-0.12453598 -1.51535435  1.57761774 -0.3121227  10.7362639  11.56889076]]", "nfev": "273", "njev": "39", "status": "0", "success": "True", "message": "Optimization terminated successfully.", "x": "[1.19580037 0.76478661 3.26010872 3.57444361 3.81338126 5.7029639 ]", "nit": "28"}, "13": {"maxiter": 500, "gtol": 1e-10, "xrtol": 1e-05, "eps": 1e-10, "duration": 0.0015916824340820312, "fun": "0.9537237882614136", "jac": "[0. 0. 0. 0. 0. 0.]", "hess_inv": "[[1 0 0 0 0 0]\n [0 1 0 0 0 0]\n [0 0 1 0 0 0]\n [0 0 0 1 0 0]\n [0 0 0 0 1 0]\n [0 0 0 0 0 1]]", "nfev": "7", "njev": "1", "status": "0", "success": "True", "message": "Optimization terminated successfully.", "x": "[2.67491531 1.56572548 3.34060394 0.63111632 3.44844439 2.1070221 ]", "nit": "0"}, "14": {"maxiter": 500, "gtol": 1e-10, "xrtol": 1e-10, "eps": 1e-05, "duration": 0.057698726654052734, "fun": "0.23570019006729126", "jac": "[0. 0. 0. 0. 0. 0.]", "hess_inv": "[[ 2.64297439 -0.05860847  0.41441017  0.41322836 -0.07287891 -0.12453598]\n [-0.05860847  3.51652714 -1.65408377  0.59975507 -2.53112787 -1.51535435]\n [ 0.41441017 -1.65408377  4.15943162 -0.38288039  1.5918489   1.57761774]\n [ 0.41322836  0.59975507 -0.38288039  2.71998089 -0.45248996 -0.3121227 ]\n [-0.07287891 -2.53112787  1.5918489  -0.45248996 12.38473276 10.7362639 ]\n [-0.12453598 -1.51535435  1.57761774 -0.3121227  10.7362639  11.56889076]]", "nfev": "273", "njev": "39", "status": "0", "success": "True", "message": "Optimization terminated successfully.", "x": "[1.19580037 0.76478661 3.26010872 3.57444361 3.81338126 5.7029639 ]", "nit": "28"}, "15": {"maxiter": 500, "gtol": 1e-10, "xrtol": 1e-10, "eps": 1e-10, "duration": 0.0015187263488769531, "fun": "0.9537237882614136", "jac": "[0. 0. 0. 0. 0. 0.]", "hess_inv": "[[1 0 0 0 0 0]\n [0 1 0 0 0 0]\n [0 0 1 0 0 0]\n [0 0 0 1 0 0]\n [0 0 0 0 1 0]\n [0 0 0 0 0 1]]", "nfev": "7", "njev": "1", "status": "0", "success": "True", "message": "Optimization terminated successfully.", "x": "[2.67491531 1.56572548 3.34060394 0.63111632 3.44844439 2.1070221 ]", "nit": "0"}, "16": {"maxiter": 1000, "gtol": 1e-05, "xrtol": 1e-05, "eps": 1e-05, "duration": 0.05733203887939453, "fun": "0.23570019006729126", "jac": "[0. 0. 0. 0. 0. 0.]", "hess_inv": "[[ 2.64297439 -0.05860847  0.41441017  0.41322836 -0.07287891 -0.12453598]\n [-0.05860847  3.51652714 -1.65408377  0.59975507 -2.53112787 -1.51535435]\n [ 0.41441017 -1.65408377  4.15943162 -0.38288039  1.5918489   1.57761774]\n [ 0.41322836  0.59975507 -0.38288039  2.71998089 -0.45248996 -0.3121227 ]\n [-0.07287891 -2.53112787  1.5918489  -0.45248996 12.38473276 10.7362639 ]\n [-0.12453598 -1.51535435  1.57761774 -0.3121227  10.7362639  11.56889076]]", "nfev": "273", "njev": "39", "status": "0", "success": "True", "message": "Optimization terminated successfully.", "x": "[1.19580037 0.76478661 3.26010872 3.57444361 3.81338126 5.7029639 ]", "nit": "28"}, "17": {"maxiter": 1000, "gtol": 1e-05, "xrtol": 1e-05, "eps": 1e-10, "duration": 0.0015230178833007812, "fun": "0.9537237882614136", "jac": "[0. 0. 0. 0. 0. 0.]", "hess_inv": "[[1 0 0 0 0 0]\n [0 1 0 0 0 0]\n [0 0 1 0 0 0]\n [0 0 0 1 0 0]\n [0 0 0 0 1 0]\n [0 0 0 0 0 1]]", "nfev": "7", "njev": "1", "status": "0", "success": "True", "message": "Optimization terminated successfully.", "x": "[2.67491531 1.56572548 3.34060394 0.63111632 3.44844439 2.1070221 ]", "nit": "0"}, "18": {"maxiter": 1000, "gtol": 1e-05, "xrtol": 1e-10, "eps": 1e-05, "duration": 0.05664396286010742, "fun": "0.23570019006729126", "jac": "[0. 0. 0. 0. 0. 0.]", "hess_inv": "[[ 2.64297439 -0.05860847  0.41441017  0.41322836 -0.07287891 -0.12453598]\n [-0.05860847  3.51652714 -1.65408377  0.59975507 -2.53112787 -1.51535435]\n [ 0.41441017 -1.65408377  4.15943162 -0.38288039  1.5918489   1.57761774]\n [ 0.41322836  0.59975507 -0.38288039  2.71998089 -0.45248996 -0.3121227 ]\n [-0.07287891 -2.53112787  1.5918489  -0.45248996 12.38473276 10.7362639 ]\n [-0.12453598 -1.51535435  1.57761774 -0.3121227  10.7362639  11.56889076]]", "nfev": "273", "njev": "39", "status": "0", "success": "True", "message": "Optimization terminated successfully.", "x": "[1.19580037 0.76478661 3.26010872 3.57444361 3.81338126 5.7029639 ]", "nit": "28"}, "19": {"maxiter": 1000, "gtol": 1e-05, "xrtol": 1e-10, "eps": 1e-10, "duration": 0.0015189647674560547, "fun": "0.9537237882614136", "jac": "[0. 0. 0. 0. 0. 0.]", "hess_inv": "[[1 0 0 0 0 0]\n [0 1 0 0 0 0]\n [0 0 1 0 0 0]\n [0 0 0 1 0 0]\n [0 0 0 0 1 0]\n [0 0 0 0 0 1]]", "nfev": "7", "njev": "1", "status": "0", "success": "True", "message": "Optimization terminated successfully.", "x": "[2.67491531 1.56572548 3.34060394 0.63111632 3.44844439 2.1070221 ]", "nit": "0"}, "20": {"maxiter": 1000, "gtol": 1e-10, "xrtol": 1e-05, "eps": 1e-05, "duration": 0.056936025619506836, "fun": "0.23570019006729126", "jac": "[0. 0. 0. 0. 0. 0.]", "hess_inv": "[[ 2.64297439 -0.05860847  0.41441017  0.41322836 -0.07287891 -0.12453598]\n [-0.05860847  3.51652714 -1.65408377  0.59975507 -2.53112787 -1.51535435]\n [ 0.41441017 -1.65408377  4.15943162 -0.38288039  1.5918489   1.57761774]\n [ 0.41322836  0.59975507 -0.38288039  2.71998089 -0.45248996 -0.3121227 ]\n [-0.07287891 -2.53112787  1.5918489  -0.45248996 12.38473276 10.7362639 ]\n [-0.12453598 -1.51535435  1.57761774 -0.3121227  10.7362639  11.56889076]]", "nfev": "273", "njev": "39", "status": "0", "success": "True", "message": "Optimization terminated successfully.", "x": "[1.19580037 0.76478661 3.26010872 3.57444361 3.81338126 5.7029639 ]", "nit": "28"}, "21": {"maxiter": 1000, "gtol": 1e-10, "xrtol": 1e-05, "eps": 1e-10, "duration": 0.001483917236328125, "fun": "0.9537237882614136", "jac": "[0. 0. 0. 0. 0. 0.]", "hess_inv": "[[1 0 0 0 0 0]\n [0 1 0 0 0 0]\n [0 0 1 0 0 0]\n [0 0 0 1 0 0]\n [0 0 0 0 1 0]\n [0 0 0 0 0 1]]", "nfev": "7", "njev": "1", "status": "0", "success": "True", "message": "Optimization terminated successfully.", "x": "[2.67491531 1.56572548 3.34060394 0.63111632 3.44844439 2.1070221 ]", "nit": "0"}, "22": {"maxiter": 1000, "gtol": 1e-10, "xrtol": 1e-10, "eps": 1e-05, "duration": 0.056921958923339844, "fun": "0.23570019006729126", "jac": "[0. 0. 0. 0. 0. 0.]", "hess_inv": "[[ 2.64297439 -0.05860847  0.41441017  0.41322836 -0.07287891 -0.12453598]\n [-0.05860847  3.51652714 -1.65408377  0.59975507 -2.53112787 -1.51535435]\n [ 0.41441017 -1.65408377  4.15943162 -0.38288039  1.5918489   1.57761774]\n [ 0.41322836  0.59975507 -0.38288039  2.71998089 -0.45248996 -0.3121227 ]\n [-0.07287891 -2.53112787  1.5918489  -0.45248996 12.38473276 10.7362639 ]\n [-0.12453598 -1.51535435  1.57761774 -0.3121227  10.7362639  11.56889076]]", "nfev": "273", "njev": "39", "status": "0", "success": "True", "message": "Optimization terminated successfully.", "x": "[1.19580037 0.76478661 3.26010872 3.57444361 3.81338126 5.7029639 ]", "nit": "28"}, "23": {"maxiter": 1000, "gtol": 1e-10, "xrtol": 1e-10, "eps": 1e-10, "duration": 0.001547098159790039, "fun": "0.9537237882614136", "jac": "[0. 0. 0. 0. 0. 0.]", "hess_inv": "[[1 0 0 0 0 0]\n [0 1 0 0 0 0]\n [0 0 1 0 0 0]\n [0 0 0 1 0 0]\n [0 0 0 0 1 0]\n [0 0 0 0 0 1]]", "nfev": "7", "njev": "1", "status": "0", "success": "True", "message": "Optimization terminated successfully.", "x": "[2.67491531 1.56572548 3.34060394 0.63111632 3.44844439 2.1070221 ]", "nit": "0"}}, "cobyla": {"0": {"maxiter": 100, "tol": 1e-05, "catol": 1e-05, "duration": 0.019779682159423828, "x": "[1.2322895  0.67791641 3.37327127 2.75434917 1.41257402 3.31486862]", "status": "2", "success": "False", "message": "Maximum number of function evaluations has been exceeded.", "nfev": "100", "fun": "0.24833419919013977", "maxcv": "0.0"}, "1": {"maxiter": 100, "tol": 1e-05, "catol": 1e-10, "duration": 0.02090311050415039, "x": "[1.2322895  0.67791641 3.37327127 2.75434917 1.41257402 3.31486862]", "status": "2", "success": "False", "message": "Maximum number of function evaluations has been exceeded.", "nfev": "100", "fun": "0.24833419919013977", "maxcv": "0.0"}, "2": {"maxiter": 100, "tol": 1e-10, "catol": 1e-05, "duration": 0.021228790283203125, "x": "[1.2322895  0.67791641 3.37327127 2.75434917 1.41257402 3.31486862]", "status": "2", "success": "False", "message": "Maximum number of function evaluations has been exceeded.", "nfev": "100", "fun": "0.24833419919013977", "maxcv": "0.0"}, "3": {"maxiter": 100, "tol": 1e-10, "catol": 1e-10, "duration": 0.020122051239013672, "x": "[1.2322895  0.67791641 3.37327127 2.75434917 1.41257402 3.31486862]", "status": "2", "success": "False", "message": "Maximum number of function evaluations has been exceeded.", "nfev": "100", "fun": "0.24833419919013977", "maxcv": "0.0"}, "4": {"maxiter": 500, "tol": 1e-05, "catol": 1e-05, "duration": 0.1003870964050293, "x": "[1.19667284 0.76482926 3.25802017 2.70933124 0.67118326 2.55983849]", "status": "2", "success": "False", "message": "Maximum number of function evaluations has been exceeded.", "nfev": "500", "fun": "0.2356989085674286", "maxcv": "0.0"}, "5": {"maxiter": 500, "tol": 1e-05, "catol": 1e-10, "duration": 0.10131120681762695, "x": "[1.19667284 0.76482926 3.25802017 2.70933124 0.67118326 2.55983849]", "status": "2", "success": "False", "message": "Maximum number of function evaluations has been exceeded.", "nfev": "500", "fun": "0.2356989085674286", "maxcv": "0.0"}, "6": {"maxiter": 500, "tol": 1e-10, "catol": 1e-05, "duration": 0.09916210174560547, "x": "[1.19667284 0.76482926 3.25802017 2.70933124 0.67118326 2.55983849]", "status": "2", "success": "False", "message": "Maximum number of function evaluations has been exceeded.", "nfev": "500", "fun": "0.2356989085674286", "maxcv": "0.0"}, "7": {"maxiter": 500, "tol": 1e-10, "catol": 1e-10, "duration": 0.09874105453491211, "x": "[1.19667284 0.76482926 3.25802017 2.70933124 0.67118326 2.55983849]", "status": "2", "success": "False", "message": "Maximum number of function evaluations has been exceeded.", "nfev": "500", "fun": "0.2356989085674286", "maxcv": "0.0"}, "8": {"maxiter": 1000, "tol": 1e-05, "catol": 1e-05, "duration": 0.10400080680847168, "x": "[1.19680958 0.76491561 3.25786064 2.70917512 0.6708852  2.55961455]", "status": "1", "success": "True", "message": "Optimization terminated successfully.", "nfev": "523", "fun": "0.2356988489627838", "maxcv": "0.0"}, "9": {"maxiter": 1000, "tol": 1e-05, "catol": 1e-10, "duration": 0.10173797607421875, "x": "[1.19680958 0.76491561 3.25786064 2.70917512 0.6708852  2.55961455]", "status": "1", "success": "True", "message": "Optimization terminated successfully.", "nfev": "523", "fun": "0.2356988489627838", "maxcv": "0.0"}, "10": {"maxiter": 1000, "tol": 1e-10, "catol": 1e-05, "duration": 0.11117887496948242, "x": "[1.19680958 0.76491561 3.25786064 2.70917512 0.6708852  2.55961455]", "status": "1", "success": "True", "message": "Optimization terminated successfully.", "nfev": "558", "fun": "0.2356988489627838", "maxcv": "0.0"}, "11": {"maxiter": 1000, "tol": 1e-10, "catol": 1e-10, "duration": 0.11049079895019531, "x": "[1.19680958 0.76491561 3.25786064 2.70917512 0.6708852  2.55961455]", "status": "1", "success": "True", "message": "Optimization terminated successfully.", "nfev": "558", "fun": "0.2356988489627838", "maxcv": "0.0"}}, "powell": {"0": {"maxiter": 100, "ftol": 1e-05, "xtol": 1e-05, "duration": 0.1736299991607666, "fun": "0.23569922149181366", "direc": "[[-0.02219356  0.0515848  -0.02326771 -0.13165995  0.40704377  0.41360887]\n [ 0.07569213  0.11959268 -0.08118006 -0.05489237  0.04276911  0.05478653]\n [ 0.          0.          1.          0.          0.          0.        ]\n [ 0.          0.          0.          1.          0.          0.        ]\n [ 0.          0.          0.          0.          1.          0.        ]\n [ 0.05487483 -0.08681794  0.08589994  0.0225984   0.19205329  0.1920468 ]]", "nit": "11", "nfev": "869", "status": "0", "success": "True", "message": "Optimization terminated successfully.", "x": "[7.4802722  0.76470328 3.25628566 2.7090795  6.94579057 2.55053682]"}, "1": {"maxiter": 100, "ftol": 1e-05, "xtol": 1e-10, "duration": 0.48767590522766113, "fun": "0.23569832742214203", "direc": "[[ 5.58429833e-02 -8.78812352e-02  8.61089013e-02  2.22795841e-02\n   1.93640656e-01  1.93167095e-01]\n [ 7.59566000e-02  1.19450496e-01 -8.09494780e-02 -5.54316760e-02\n   4.24775584e-02  5.48281638e-02]\n [ 0.00000000e+00  0.00000000e+00  1.00000000e+00  0.00000000e+00\n   0.00000000e+00  0.00000000e+00]\n [ 0.00000000e+00  0.00000000e+00  0.00000000e+00  1.00000000e+00\n   0.00000000e+00  0.00000000e+00]\n [ 0.00000000e+00  0.00000000e+00  0.00000000e+00  0.00000000e+00\n   1.00000000e+00  0.00000000e+00]\n [-4.85442808e-04  7.05691926e-04  1.00768144e-03  5.35623899e-06\n   3.82432689e-03  4.54359108e-03]]", "nit": "12", "nfev": "2461", "status": "0", "success": "True", "message": "Optimization terminated successfully.", "x": "[7.47950801 0.76559723 3.25683614 2.70907069 6.94924109 2.55474653]"}, "2": {"maxiter": 100, "ftol": 1e-10, "xtol": 1e-05, "duration": 0.2531740665435791, "fun": "0.23569832742214203", "direc": "[[ 5.48748303e-02 -8.68179448e-02  8.58999366e-02  2.25983960e-02\n   1.92053287e-01  1.92046799e-01]\n [ 7.56921341e-02  1.19592684e-01 -8.11800607e-02 -5.48923720e-02\n   4.27691115e-02  5.47865256e-02]\n [ 0.00000000e+00  0.00000000e+00  1.00000000e+00  0.00000000e+00\n   0.00000000e+00  0.00000000e+00]\n [ 0.00000000e+00  0.00000000e+00  0.00000000e+00  1.00000000e+00\n   0.00000000e+00  0.00000000e+00]\n [ 0.00000000e+00  0.00000000e+00  0.00000000e+00  0.00000000e+00\n   1.00000000e+00  0.00000000e+00]\n [-5.44026979e-04  9.20259389e-04  7.91055522e-04 -1.28443763e-04\n   3.51096410e-03  4.40798759e-03]]", "nit": "13", "nfev": "1253", "status": "0", "success": "True", "message": "Optimization terminated successfully.", "x": "[7.47955666 0.76551149 3.25684438 2.70927415 6.94905712 2.55468114]"}, "3": {"maxiter": 100, "ftol": 1e-10, "xtol": 1e-10, "duration": 0.5387320518493652, "fun": "0.23569832742214203", "direc": "[[ 5.58429833e-02 -8.78812352e-02  8.61089013e-02  2.22795841e-02\n   1.93640656e-01  1.93167095e-01]\n [ 7.59566000e-02  1.19450496e-01 -8.09494780e-02 -5.54316760e-02\n   4.24775584e-02  5.48281638e-02]\n [ 0.00000000e+00  0.00000000e+00  1.00000000e+00  0.00000000e+00\n   0.00000000e+00  0.00000000e+00]\n [ 0.00000000e+00  0.00000000e+00  0.00000000e+00  1.00000000e+00\n   0.00000000e+00  0.00000000e+00]\n [ 0.00000000e+00  0.00000000e+00  0.00000000e+00  0.00000000e+00\n   1.00000000e+00  0.00000000e+00]\n [-4.85442808e-04  7.05691926e-04  1.00768144e-03  5.35623899e-06\n   3.82432689e-03  4.54359108e-03]]", "nit": "13", "nfev": "2705", "status": "0", "success": "True", "message": "Optimization terminated successfully.", "x": "[7.47946622 0.76553151 3.25688068 2.70910119 6.94921772 2.55471637]"}, "4": {"maxiter": 500, "ftol": 1e-05, "xtol": 1e-05, "duration": 0.174332857131958, "fun": "0.23569922149181366", "direc": "[[-0.02219356  0.0515848  -0.02326771 -0.13165995  0.40704377  0.41360887]\n [ 0.07569213  0.11959268 -0.08118006 -0.05489237  0.04276911  0.05478653]\n [ 0.          0.          1.          0.          0.          0.        ]\n [ 0.          0.          0.          1.          0.          0.        ]\n [ 0.          0.          0.          0.          1.          0.        ]\n [ 0.05487483 -0.08681794  0.08589994  0.0225984   0.19205329  0.1920468 ]]", "nit": "11", "nfev": "869", "status": "0", "success": "True", "message": "Optimization terminated successfully.", "x": "[7.4802722  0.76470328 3.25628566 2.7090795  6.94579057 2.55053682]"}, "5": {"maxiter": 500, "ftol": 1e-05, "xtol": 1e-10, "duration": 0.4890718460083008, "fun": "0.23569832742214203", "direc": "[[ 5.58429833e-02 -8.78812352e-02  8.61089013e-02  2.22795841e-02\n   1.93640656e-01  1.93167095e-01]\n [ 7.59566000e-02  1.19450496e-01 -8.09494780e-02 -5.54316760e-02\n   4.24775584e-02  5.48281638e-02]\n [ 0.00000000e+00  0.00000000e+00  1.00000000e+00  0.00000000e+00\n   0.00000000e+00  0.00000000e+00]\n [ 0.00000000e+00  0.00000000e+00  0.00000000e+00  1.00000000e+00\n   0.00000000e+00  0.00000000e+00]\n [ 0.00000000e+00  0.00000000e+00  0.00000000e+00  0.00000000e+00\n   1.00000000e+00  0.00000000e+00]\n [-4.85442808e-04  7.05691926e-04  1.00768144e-03  5.35623899e-06\n   3.82432689e-03  4.54359108e-03]]", "nit": "12", "nfev": "2461", "status": "0", "success": "True", "message": "Optimization terminated successfully.", "x": "[7.47950801 0.76559723 3.25683614 2.70907069 6.94924109 2.55474653]"}, "6": {"maxiter": 500, "ftol": 1e-10, "xtol": 1e-05, "duration": 902.202229976654, "fun": "0.23569832742214203", "direc": "[[ 5.48748303e-02 -8.68179448e-02  8.58999366e-02  2.25983960e-02\n   1.92053287e-01  1.92046799e-01]\n [ 7.56921341e-02  1.19592684e-01 -8.11800607e-02 -5.48923720e-02\n   4.27691115e-02  5.47865256e-02]\n [ 0.00000000e+00  0.00000000e+00  1.00000000e+00  0.00000000e+00\n   0.00000000e+00  0.00000000e+00]\n [ 0.00000000e+00  0.00000000e+00  0.00000000e+00  1.00000000e+00\n   0.00000000e+00  0.00000000e+00]\n [ 0.00000000e+00  0.00000000e+00  0.00000000e+00  0.00000000e+00\n   1.00000000e+00  0.00000000e+00]\n [-5.44026979e-04  9.20259389e-04  7.91055522e-04 -1.2844