{"date": "2024/09/23/, 16:05:50", "conf_id": 37, "data_type": "random\n", "num_data_points": 2, "s_rank": 0, "unitary": "[[0.18663085-0.53122324j,-0.11886349-0.70040876j,0.28555095-0.02789305j,-0.12262021-0.2844587j],[-0.16702216+0.27758472j,0.27526351-0.29738586j,-0.01109314+0.22495461j,-0.77239203+0.28900673j],[0.61935415+0.12301792j,-0.31269928-0.03315917j,-0.61902762-0.19039079j,-0.27120731-0.0968989j],[0.42341754+0.0023929j,-0.05847358+0.47832119j,0.64900495-0.16218422j,-0.37182676-0.05229966j]]", "databatch_0": {"databatch": "[[[1.58260329e-01+0.19208322j,-4.48926703e-02+0.11868492j,3.20929884e-01-0.06315613j,-3.61161496e-02+0.2272266j],[1.52154610e-01-0.1132775j,3.67174806e-01-0.12786947j,3.30860934e-02+0.24066506j,-2.85245625e-01+0.06762229j],[-3.68683645e-01-0.05392451j,2.52459235e-01+0.10478888j,-1.98238557e-02+0.04098787j,1.78901123e-01+0.03078689j],[-8.06745598e-02+0.09229628j,-3.79853551e-02-0.08686366j,-1.26819205e-01+0.27140622j,2.14627809e-01+0.14672863j]],[[-8.77343388e-02-0.01486056j,1.88656925e-03+0.17919683j,1.62114917e-01+0.14656712j,-1.23270987e-02+0.36990845j],[1.24486970e-01+0.27097241j,9.72241981e-02-0.15424294j,-7.34369239e-02-0.17330637j,-1.11060443e-01+0.12984945j],[4.01795083e-03-0.1809424j,3.42433863e-01-0.01831319j,-3.16248987e-01+0.09721685j,-3.61972236e-06+0.0324652j],[-6.05847368e-02+0.22562335j,8.11730976e-02+0.08821623j,-2.51694938e-01+0.39537027j,1.79484479e-01-0.08202524j]]]", "initial param values": "[3.95106603,5.73571717,2.72826554,1.19256865,0.66456358,1.93596782]", "nelder_mead": {"type": "gradient-free", "0": {"maxiter": 100, "fatol": 1e-05, "xatol": 1e-05, "duration": 0.05675005912780762, "fun": "0.40315471573515704", "nit": "100", "nfev": "148", "status": "2", "success": "False", "message": "Maximum number of iterations has been exceeded.", "x": "[7.56010862 7.18774584 3.17361992 1.97795427 0.08952572 2.78464478]", "final_simplex": "(array([[7.56010862, 7.18774584, 3.17361992, 1.97795427, 0.08952572,\n        2.78464478],\n       [7.35315612, 6.61709869, 3.65582582, 1.89164269, 0.15886073,\n        2.41431841],\n       [7.16997389, 7.02939569, 3.40126931, 1.73124636, 0.20124827,\n        2.4262436 ],\n       [7.27276293, 6.83299768, 3.67073148, 1.79205601, 0.17653469,\n        2.45075016],\n       [7.16709115, 6.98470447, 3.69389162, 1.99507985, 0.09969384,\n        2.77359044],\n       [7.15693451, 6.53813979, 3.52457647, 1.62885558, 0.1974085 ,\n        2.66631957],\n       [7.27666519, 6.64480212, 3.8660439 , 1.93833748, 0.08881606,\n        2.84579642]]), array([0.40315472, 0.40422171, 0.42352768, 0.43051785, 0.43195164,\n       0.4584609 , 0.46153526]))", "callback": [0.8747462900553793, 0.6730348340254898, 0.6639067187132972, 0.6519707724046491, 0.6405836262031376, 0.6198785184743434, 0.5541577539454983, 0.5183600792016139, 0.4707550835182044]}, "1": {"maxiter": 100, "fatol": 1e-05, "xatol": 1e-10, "duration": 0.05541205406188965, "fun": "0.40315471573515704", "nit": "100", "nfev": "148", "status": "2", "success": "False", "message": "Maximum number of iterations has been exceeded.", "x": "[7.56010862 7.18774584 3.17361992 1.97795427 0.08952572 2.78464478]", "final_simplex": "(array([[7.56010862, 7.18774584, 3.17361992, 1.97795427, 0.08952572,\n        2.78464478],\n       [7.35315612, 6.61709869, 3.65582582, 1.89164269, 0.15886073,\n        2.41431841],\n       [7.16997389, 7.02939569, 3.40126931, 1.73124636, 0.20124827,\n        2.4262436 ],\n       [7.27276293, 6.83299768, 3.67073148, 1.79205601, 0.17653469,\n        2.45075016],\n       [7.16709115, 6.98470447, 3.69389162, 1.99507985, 0.09969384,\n        2.77359044],\n       [7.15693451, 6.53813979, 3.52457647, 1.62885558, 0.1974085 ,\n        2.66631957],\n       [7.27666519, 6.64480212, 3.8660439 , 1.93833748, 0.08881606,\n        2.84579642]]), array([0.40315472, 0.40422171, 0.42352768, 0.43051785, 0.43195164,\n       0.4584609 , 0.46153526]))", "callback": [0.8747462900553793, 0.6730348340254898, 0.6639067187132972, 0.6519707724046491, 0.6405836262031376, 0.6198785184743434, 0.5541577539454983, 0.5183600792016139, 0.4707550835182044]}, "2": {"maxiter": 100, "fatol": 1e-10, "xatol": 1e-05, "duration": 0.05369901657104492, "fun": "0.40315471573515704", "nit": "100", "nfev": "148", "status": "2", "success": "False", "message": "Maximum number of iterations has been exceeded.", "x": "[7.56010862 7.18774584 3.17361992 1.97795427 0.08952572 2.78464478]", "final_simplex": "(array([[7.56010862, 7.18774584, 3.17361992, 1.97795427, 0.08952572,\n        2.78464478],\n       [7.35315612, 6.61709869, 3.65582582, 1.89164269, 0.15886073,\n        2.41431841],\n       [7.16997389, 7.02939569, 3.40126931, 1.73124636, 0.20124827,\n        2.4262436 ],\n       [7.27276293, 6.83299768, 3.67073148, 1.79205601, 0.17653469,\n        2.45075016],\n       [7.16709115, 6.98470447, 3.69389162, 1.99507985, 0.09969384,\n        2.77359044],\n       [7.15693451, 6.53813979, 3.52457647, 1.62885558, 0.1974085 ,\n        2.66631957],\n       [7.27666519, 6.64480212, 3.8660439 , 1.93833748, 0.08881606,\n        2.84579642]]), array([0.40315472, 0.40422171, 0.42352768, 0.43051785, 0.43195164,\n       0.4584609 , 0.46153526]))", "callback": [0.8747462900553793, 0.6730348340254898, 0.6639067187132972, 0.6519707724046491, 0.6405836262031376, 0.6198785184743434, 0.5541577539454983, 0.5183600792016139, 0.4707550835182044]}, "3": {"maxiter": 100, "fatol": 1e-10, "xatol": 1e-10, "duration": 0.05343008041381836, "fun": "0.40315471573515704", "nit": "100", "nfev": "148", "status": "2", "success": "False", "message": "Maximum number of iterations has been exceeded.", "x": "[7.56010862 7.18774584 3.17361992 1.97795427 0.08952572 2.78464478]", "final_simplex": "(array([[7.56010862, 7.18774584, 3.17361992, 1.97795427, 0.08952572,\n        2.78464478],\n       [7.35315612, 6.61709869, 3.65582582, 1.89164269, 0.15886073,\n        2.41431841],\n       [7.16997389, 7.02939569, 3.40126931, 1.73124636, 0.20124827,\n        2.4262436 ],\n       [7.27276293, 6.83299768, 3.67073148, 1.79205601, 0.17653469,\n        2.45075016],\n       [7.16709115, 6.98470447, 3.69389162, 1.99507985, 0.09969384,\n        2.77359044],\n       [7.15693451, 6.53813979, 3.52457647, 1.62885558, 0.1974085 ,\n        2.66631957],\n       [7.27666519, 6.64480212, 3.8660439 , 1.93833748, 0.08881606,\n        2.84579642]]), array([0.40315472, 0.40422171, 0.42352768, 0.43051785, 0.43195164,\n       0.4584609 , 0.46153526]))", "callback": [0.8747462900553793, 0.6730348340254898, 0.6639067187132972, 0.6519707724046491, 0.6405836262031376, 0.6198785184743434, 0.5541577539454983, 0.5183600792016139, 0.4707550835182044]}, "4": {"maxiter": 500, "fatol": 1e-05, "xatol": 1e-05, "duration": 0.2799060344696045, "fun": "0.28717358123564996", "nit": "500", "nfev": "771", "status": "2", "success": "False", "message": "Maximum number of iterations has been exceeded.", "x": "[7.43254944 7.0511602  3.21142142 2.59766392 0.34624077 2.46368616]", "final_simplex": "(array([[7.43254944, 7.0511602 , 3.21142142, 2.59766392, 0.34624077,\n        2.46368616],\n       [7.43254977, 7.05115399, 3.21141937, 2.59766513, 0.34624789,\n        2.46367978],\n       [7.432562  , 7.05116221, 3.21141559, 2.59765605, 0.34624713,\n        2.46366658],\n       [7.43255324, 7.05116681, 3.21140107, 2.5976676 , 0.34626046,\n        2.46369431],\n       [7.43254624, 7.05115799, 3.21139967, 2.59765674, 0.34623092,\n        2.46367805],\n       [7.43256267, 7.05115523, 3.21140827, 2.59766777, 0.34623918,\n        2.4636764 ],\n       [7.43255406, 7.05114427, 3.21140001, 2.59763427, 0.34626096,\n        2.46368795]]), array([0.28717358, 0.28717358, 0.28717358, 0.28717358, 0.28717358,\n       0.28717358, 0.28717358]))", "callback": [0.8747462900553793, 0.6730348340254898, 0.6639067187132972, 0.6519707724046491, 0.6405836262031376, 0.6198785184743434, 0.5541577539454983, 0.5183600792016139, 0.4707550835182044, 0.40315471573515704, 0.3455319853029466, 0.31841179179150325, 0.3033482209069871, 0.2923807348944797, 0.2914317532773436, 0.2910411874362535, 0.29096949795269156, 0.2909547819573318, 0.29095290029559884, 0.290950356733074, 0.2909471207820219, 0.29094301176843285, 0.2909368346493387, 0.29092269743927635, 0.2908942473106777, 0.2908325680118403, 0.2906946786549057, 0.2905192449325301, 0.29034912169955307, 0.28971475605638797, 0.28906229514530357, 0.28843241299331623, 0.2879313456753456, 0.2874123612702669, 0.28732145625438976, 0.28725563276934374, 0.28722623191630126, 0.2872070775189117, 0.28718700213395043, 0.28717610982171615, 0.28717451884293976, 0.28717423282202614, 0.2871736721585503, 0.2871736154180893, 0.28717359800281206, 0.28717358455428954, 0.28717358345784794, 0.2871735819811979, 0.2871735813368761]}, "5": {"maxiter": 500, "fatol": 1e-05, "xatol": 1e-10, "duration": 0.30108094215393066, "fun": "0.28717358123564996", "nit": "500", "nfev": "771", "status": "2", "success": "False", "message": "Maximum number of iterations has been exceeded.", "x": "[7.43254944 7.0511602  3.21142142 2.59766392 0.34624077 2.46368616]", "final_simplex": "(array([[7.43254944, 7.0511602 , 3.21142142, 2.59766392, 0.34624077,\n        2.46368616],\n       [7.43254977, 7.05115399, 3.21141937, 2.59766513, 0.34624789,\n        2.46367978],\n       [7.432562  , 7.05116221, 3.21141559, 2.59765605, 0.34624713,\n        2.46366658],\n       [7.43255324, 7.05116681, 3.21140107, 2.5976676 , 0.34626046,\n        2.46369431],\n       [7.43254624, 7.05115799, 3.21139967, 2.59765674, 0.34623092,\n        2.46367805],\n       [7.43256267, 7.05115523, 3.21140827, 2.59766777, 0.34623918,\n        2.4636764 ],\n       [7.43255406, 7.05114427, 3.21140001, 2.59763427, 0.34626096,\n        2.46368795]]), array([0.28717358, 0.28717358, 0.28717358, 0.28717358, 0.28717358,\n       0.28717358, 0.28717358]))", "callback": [0.8747462900553793, 0.6730348340254898, 0.6639067187132972, 0.6519707724046491, 0.6405836262031376, 0.6198785184743434, 0.5541577539454983, 0.5183600792016139, 0.4707550835182044, 0.40315471573515704, 0.3455319853029466, 0.31841179179150325, 0.3033482209069871, 0.2923807348944797, 0.2914317532773436, 0.2910411874362535, 0.29096949795269156, 0.2909547819573318, 0.29095290029559884, 0.290950356733074, 0.2909471207820219, 0.29094301176843285, 0.2909368346493387, 0.29092269743927635, 0.2908942473106777, 0.2908325680118403, 0.2906946786549057, 0.2905192449325301, 0.29034912169955307, 0.28971475605638797, 0.28906229514530357, 0.28843241299331623, 0.2879313456753456, 0.2874123612702669, 0.28732145625438976, 0.28725563276934374, 0.28722623191630126, 0.2872070775189117, 0.28718700213395043, 0.28717610982171615, 0.28717451884293976, 0.28717423282202614, 0.2871736721585503, 0.2871736154180893, 0.28717359800281206, 0.28717358455428954, 0.28717358345784794, 0.2871735819811979, 0.2871735813368761]}, "6": {"maxiter": 500, "fatol": 1e-10, "xatol": 1e-05, "duration": 0.29733991622924805, "fun": "0.28717358123564996", "nit": "500", "nfev": "771", "status": "2", "success": "False", "message": "Maximum number of iterations has been exceeded.", "x": "[7.43254944 7.0511602  3.21142142 2.59766392 0.34624077 2.46368616]", "final_simplex": "(array([[7.43254944, 7.0511602 , 3.21142142, 2.59766392, 0.34624077,\n        2.46368616],\n       [7.43254977, 7.05115399, 3.21141937, 2.59766513, 0.34624789,\n        2.46367978],\n       [7.432562  , 7.05116221, 3.21141559, 2.59765605, 0.34624713,\n        2.46366658],\n       [7.43255324, 7.05116681, 3.21140107, 2.5976676 , 0.34626046,\n        2.46369431],\n       [7.43254624, 7.05115799, 3.21139967, 2.59765674, 0.34623092,\n        2.46367805],\n       [7.43256267, 7.05115523, 3.21140827, 2.59766777, 0.34623918,\n        2.4636764 ],\n       [7.43255406, 7.05114427, 3.21140001, 2.59763427, 0.34626096,\n        2.46368795]]), array([0.28717358, 0.28717358, 0.28717358, 0.28717358, 0.28717358,\n       0.28717358, 0.28717358]))", "callback": [0.8747462900553793, 0.6730348340254898, 0.6639067187132972, 0.6519707724046491, 0.6405836262031376, 0.6198785184743434, 0.5541577539454983, 0.5183600792016139, 0.4707550835182044, 0.40315471573515704, 0.3455319853029466, 0.31841179179150325, 0.3033482209069871, 0.2923807348944797, 0.2914317532773436, 0.2910411874362535, 0.29096949795269156, 0.2909547819573318, 0.29095290029559884, 0.290950356733074, 0.2909471207820219, 0.29094301176843285, 0.2909368346493387, 0.29092269743927635, 0.2908942473106777, 0.2908325680118403, 0.2906946786549057, 0.2905192449325301, 0.29034912169955307, 0.28971475605638797, 0.28906229514530357, 0.28843241299331623, 0.2879313456753456, 0.2874123612702669, 0.28732145625438976, 0.28725563276934374, 0.28722623191630126, 0.2872070775189117, 0.28718700213395043, 0.28717610982171615, 0.28717451884293976, 0.28717423282202614, 0.2871736721585503, 0.2871736154180893, 0.28717359800281206, 0.28717358455428954, 0.28717358345784794, 0.2871735819811979, 0.2871735813368761]}, "7": {"maxiter": 500, "fatol": 1e-10, "xatol": 1e-10, "duration": 0.31984591484069824, "fun": "0.28717358123564996", "nit": "500", "nfev": "771", "status": "2", "success": "False", "message": "Maximum number of iterations has been exceeded.", "x": "[7.43254944 7.0511602  3.21142142 2.59766392 0.34624077 2.46368616]", "final_simplex": "(array([[7.43254944, 7.0511602 , 3.21142142, 2.59766392, 0.34624077,\n        2.46368616],\n       [7.43254977, 7.05115399, 3.21141937, 2.59766513, 0.34624789,\n        2.46367978],\n       [7.432562  , 7.05116221, 3.21141559, 2.59765605, 0.34624713,\n        2.46366658],\n       [7.43255324, 7.05116681, 3.21140107, 2.5976676 , 0.34626046,\n        2.46369431],\n       [7.43254624, 7.05115799, 3.21139967, 2.59765674, 0.34623092,\n        2.46367805],\n       [7.43256267, 7.05115523, 3.21140827, 2.59766777, 0.34623918,\n        2.4636764 ],\n       [7.43255406, 7.05114427, 3.21140001, 2.59763427, 0.34626096,\n        2.46368795]]), array([0.28717358, 0.28717358, 0.28717358, 0.28717358, 0.28717358,\n       0.28717358, 0.28717358]))", "callback": [0.8747462900553793, 0.6730348340254898, 0.6639067187132972, 0.6519707724046491, 0.6405836262031376, 0.6198785184743434, 0.5541577539454983, 0.5183600792016139, 0.4707550835182044, 0.40315471573515704, 0.3455319853029466, 0.31841179179150325, 0.3033482209069871, 0.2923807348944797, 0.2914317532773436, 0.2910411874362535, 0.29096949795269156, 0.2909547819573318, 0.29095290029559884, 0.290950356733074, 0.2909471207820219, 0.29094301176843285, 0.2909368346493387, 0.29092269743927635, 0.2908942473106777, 0.2908325680118403, 0.2906946786549057, 0.2905192449325301, 0.29034912169955307, 0.28971475605638797, 0.28906229514530357, 0.28843241299331623, 0.2879313456753456, 0.2874123612702669, 0.28732145625438976, 0.28725563276934374, 0.28722623191630126, 0.2872070775189117, 0.28718700213395043, 0.28717610982171615, 0.28717451884293976, 0.28717423282202614, 0.2871736721585503, 0.2871736154180893, 0.28717359800281206, 0.28717358455428954, 0.28717358345784794, 0.2871735819811979, 0.2871735813368761]}, "8": {"maxiter": 1000, "fatol": 1e-05, "xatol": 1e-05, "duration": 0.8351271152496338, "fun": "0.2871735811824485", "nit": "516", "nfev": "797", "status": "0", "success": "True", "message": "Optimization terminated successfully.", "x": "[7.43254603 7.05115839 3.21141724 2.59764533 0.34625576 2.46369315]", "final_simplex": "(array([[7.43254603, 7.05115839, 3.21141724, 2.59764533, 0.34625576,\n        2.46369315],\n       [7.43254378, 7.05115197, 3.21142138, 2.59764386, 0.34625449,\n        2.46369231],\n       [7.43255102, 7.05114997, 3.21142331, 2.5976523 , 0.34624869,\n        2.46368991],\n       [7.43254774, 7.05115539, 3.21142071, 2.59765219, 0.34624995,\n        2.46368342],\n       [7.43254378, 7.0511563 , 3.21141597, 2.59764941, 0.34624821,\n        2.46368779],\n       [7.4325438 , 7.05115435, 3.21142079, 2.59765475, 0.34625443,\n        2.46369207],\n       [7.43254321, 7.05115633, 3.21142652, 2.59765246, 0.34624902,\n        2.46369177]]), array([0.28717358, 0.28717358, 0.28717358, 0.28717358, 0.28717358,\n       0.28717358, 0.28717358]))", "callback": [0.8747462900553793, 0.6730348340254898, 0.6639067187132972, 0.6519707724046491, 0.6405836262031376, 0.6198785184743434, 0.5541577539454983, 0.5183600792016139, 0.4707550835182044, 0.40315471573515704, 0.3455319853029466, 0.31841179179150325, 0.3033482209069871, 0.2923807348944797, 0.2914317532773436, 0.2910411874362535, 0.29096949795269156, 0.2909547819573318, 0.29095290029559884, 0.290950356733074, 0.2909471207820219, 0.29094301176843285, 0.2909368346493387, 0.29092269743927635, 0.2908942473106777, 0.2908325680118403, 0.2906946786549057, 0.2905192449325301, 0.29034912169955307, 0.28971475605638797, 0.28906229514530357, 0.28843241299331623, 0.2879313456753456, 0.2874123612702669, 0.28732145625438976, 0.28725563276934374, 0.28722623191630126, 0.2872070775189117, 0.28718700213395043, 0.28717610982171615, 0.28717451884293976, 0.28717423282202614, 0.2871736721585503, 0.2871736154180893, 0.28717359800281206, 0.28717358455428954, 0.28717358345784794, 0.2871735819811979, 0.2871735813368761, 0.28717358123564996, 0.2871735811824485]}, "9": {"maxiter": 1000, "fatol": 1e-05, "xatol": 1e-10, "duration": 0.8663721084594727, "fun": "0.28717358116682645", "nit": "635", "nfev": "1057", "status": "0", "success": "True", "message": "Optimization terminated successfully.", "x": "[7.4325524  7.05115799 3.21142237 2.5976488  0.34626502 2.46370553]", "final_simplex": "(array([[7.4325524 , 7.05115799, 3.21142237, 2.5976488 , 0.34626502,\n        2.46370553],\n       [7.4325524 , 7.05115799, 3.21142237, 2.5976488 , 0.34626502,\n        2.46370553],\n       [7.4325524 , 7.05115799, 3.21142237, 2.5976488 , 0.34626502,\n        2.46370553],\n       [7.4325524 , 7.05115799, 3.21142237, 2.5976488 , 0.34626502,\n        2.46370553],\n       [7.4325524 , 7.05115799, 3.21142237, 2.5976488 , 0.34626502,\n        2.46370553],\n       [7.4325524 , 7.05115799, 3.21142237, 2.5976488 , 0.34626502,\n        2.46370553],\n       [7.4325524 , 7.05115799, 3.21142237, 2.5976488 , 0.34626502,\n        2.46370553]]), array([0.28717358, 0.28717358, 0.28717358, 0.28717358, 0.28717358,\n       0.28717358, 0.28717358]))", "callback": [0.8747462900553793, 0.6730348340254898, 0.6639067187132972, 0.6519707724046491, 0.6405836262031376, 0.6198785184743434, 0.5541577539454983, 0.5183600792016139, 0.4707550835182044, 0.40315471573515704, 0.3455319853029466, 0.31841179179150325, 0.3033482209069871, 0.2923807348944797, 0.2914317532773436, 0.2910411874362535, 0.29096949795269156, 0.2909547819573318, 0.29095290029559884, 0.290950356733074, 0.2909471207820219, 0.29094301176843285, 0.2909368346493387, 0.29092269743927635, 0.2908942473106777, 0.2908325680118403, 0.2906946786549057, 0.2905192449325301, 0.29034912169955307, 0.28971475605638797, 0.28906229514530357, 0.28843241299331623, 0.2879313456753456, 0.2874123612702669, 0.28732145625438976, 0.28725563276934374, 0.28722623191630126, 0.2872070775189117, 0.28718700213395043, 0.28717610982171615, 0.28717451884293976, 0.28717423282202614, 0.2871736721585503, 0.2871736154180893, 0.28717359800281206, 0.28717358455428954, 0.28717358345784794, 0.2871735819811979, 0.2871735813368761, 0.28717358123564996, 0.2871735811824485, 0.2871735811824485, 0.2871735811707501, 0.28717358116776825, 0.2871735811670495, 0.2871735811668983, 0.28717358116685987, 0.28717358116683833, 0.2871735811668288, 0.287173581166827, 0.28717358116682656, 0.28717358116682656, 0.28717358116682645]}, "10": {"maxiter": 1000, "fatol": 1e-10, "xatol": 1e-05, "duration": 0.46956515312194824, "fun": "0.2871735811824485", "nit": "516", "nfev": "797", "status": "0", "success": "True", "message": "Optimization terminated successfully.", "x": "[7.43254603 7.05115839 3.21141724 2.59764533 0.34625576 2.46369315]", "final_simplex": "(array([[7.43254603, 7.05115839, 3.21141724, 2.59764533, 0.34625576,\n        2.46369315],\n       [7.43254378, 7.05115197, 3.21142138, 2.59764386, 0.34625449,\n        2.46369231],\n       [7.43255102, 7.05114997, 3.21142331, 2.5976523 , 0.34624869,\n        2.46368991],\n       [7.43254774, 7.05115539, 3.21142071, 2.59765219, 0.34624995,\n        2.46368342],\n       [7.43254378, 7.0511563 , 3.21141597, 2.59764941, 0.34624821,\n        2.46368779],\n       [7.4325438 , 7.05115435, 3.21142079, 2.59765475, 0.34625443,\n        2.46369207],\n       [7.43254321, 7.05115633, 3.21142652, 2.59765246, 0.34624902,\n        2.46369177]]), array([0.28717358, 0.28717358, 0.28717358, 0.28717358, 0.28717358,\n       0.28717358, 0.28717358]))", "callback": [0.8747462900553793, 0.6730348340254898, 0.6639067187132972, 0.6519707724046491, 0.6405836262031376, 0.6198785184743434, 0.5541577539454983, 0.5183600792016139, 0.4707550835182044, 0.40315471573515704, 0.3455319853029466, 0.31841179179150325, 0.3033482209069871, 0.2923807348944797, 0.2914317532773436, 0.2910411874362535, 0.29096949795269156, 0.2909547819573318, 0.29095290029559884, 0.290950356733074, 0.2909471207820219, 0.29094301176843285, 0.2909368346493387, 0.29092269743927635, 0.2908942473106777, 0.2908325680118403, 0.2906946786549057, 0.2905192449325301, 0.29034912169955307, 0.28971475605638797, 0.28906229514530357, 0.28843241299331623, 0.2879313456753456, 0.2874123612702669, 0.28732145625438976, 0.28725563276934374, 0.28722623191630126, 0.2872070775189117, 0.28718700213395043, 0.28717610982171615, 0.28717451884293976, 0.28717423282202614, 0.2871736721585503, 0.2871736154180893, 0.28717359800281206, 0.28717358455428954, 0.28717358345784794, 0.2871735819811979, 0.2871735813368761, 0.28717358123564996, 0.2871735811824485]}, "11": {"maxiter": 1000, "fatol": 1e-10, "xatol": 1e-10, "duration": 0.6676921844482422, "fun": "0.28717358116682645", "nit": "635", "nfev": "1057", "status": "0", "success": "True", "message": "Optimization terminated successfully.", "x": "[7.4325524  7.05115799 3.21142237 2.5976488  0.34626502 2.46370553]", "final_simplex": "(array([[7.4325524 , 7.05115799, 3.21142237, 2.5976488 , 0.34626502,\n        2.46370553],\n       [7.4325524 , 7.05115799, 3.21142237, 2.5976488 , 0.34626502,\n        2.46370553],\n       [7.4325524 , 7.05115799, 3.21142237, 2.5976488 , 0.34626502,\n        2.46370553],\n       [7.4325524 , 7.05115799, 3.21142237, 2.5976488 , 0.34626502,\n        2.46370553],\n       [7.4325524 , 7.05115799, 3.21142237, 2.5976488 , 0.34626502,\n        2.46370553],\n       [7.4325524 , 7.05115799, 3.21142237, 2.5976488 , 0.34626502,\n        2.46370553],\n       [7.4325524 , 7.05115799, 3.21142237, 2.5976488 , 0.34626502,\n        2.46370553]]), array([0.28717358, 0.28717358, 0.28717358, 0.28717358, 0.28717358,\n       0.28717358, 0.28717358]))", "callback": [0.8747462900553793, 0.6730348340254898, 0.6639067187132972, 0.6519707724046491, 0.6405836262031376, 0.6198785184743434, 0.5541577539454983, 0.5183600792016139, 0.4707550835182044, 0.40315471573515704, 0.3455319853029466, 0.31841179179150325, 0.3033482209069871, 0.2923807348944797, 0.2914317532773436, 0.2910411874362535, 0.29096949795269156, 0.2909547819573318, 0.29095290029559884, 0.290950356733074, 0.2909471207820219, 0.29094301176843285, 0.2909368346493387, 0.29092269743927635, 0.2908942473106777, 0.2908325680118403, 0.2906946786549057, 0.2905192449325301, 0.29034912169955307, 0.28971475605638797, 0.28906229514530357, 0.28843241299331623, 0.2879313456753456, 0.2874123612702669, 0.28732145625438976, 0.28725563276934374, 0.28722623191630126, 0.2872070775189117, 0.28718700213395043, 0.28717610982171615, 0.28717451884293976, 0.28717423282202614, 0.2871736721585503, 0.2871736154180893, 0.28717359800281206, 0.28717358455428954, 0.28717358345784794, 0.2871735819811979, 0.2871735813368761, 0.28717358123564996, 0.2871735811824485, 0.2871735811824485, 0.2871735811707501, 0.28717358116776825, 0.2871735811670495, 0.2871735811668983, 0.28717358116685987, 0.28717358116683833, 0.2871735811668288, 0.287173581166827, 0.28717358116682656, 0.28717358116682656, 0.28717358116682645]}}, "bfgs": {"type": "gradient", "0": {"maxiter": 100, "gtol": 1e-05, "xrtol": 1e-05, "eps": 1e-05, "duration": 0.16969704627990723, "fun": "0.2871735814045653", "jac": "[-1.28258515e-06  4.71167549e-07  1.88482563e-07  3.70667941e-06\n -2.17537099e-06 -6.42241815e-07]", "hess_inv": "[[ 3.17338897  0.07121276  0.15575196  0.39531368  0.07348406  0.56291699]\n [ 0.07121276  3.6739142  -1.35849894  0.51055342 -0.37340371 -0.29030713]\n [ 0.15575196 -1.35849894  3.40635997  0.44177363  1.08339509  1.35432082]\n [ 0.39531368  0.51055342  0.44177363  3.19941682  0.58311481  0.56324734]\n [ 0.07348406 -0.37340371  1.08339509  0.58311481 10.39669818  8.74641936]\n [ 0.56291699 -0.29030713  1.35432082  0.56324734  8.74641936 10.40501822]]", "nfev": "266", "njev": "38", "status": "0", "success": "True", "message": "Optimization terminated successfully.", "x": "[7.43254238 7.05115966 3.21141125 2.59765142 0.34619809 2.46363942]", "nit": "27", "callback": [0.6861486737406932, 0.2879791668563507]}, "1": {"maxiter": 100, "gtol": 1e-05, "xrtol": 1e-05, "eps": 1e-10, "duration": 0.17351293563842773, "fun": "0.2871735812540912", "jac": "[-2.22044587e-06  1.11022293e-06 -2.22044587e-06  2.22044587e-06\n -2.22044587e-06  0.00000000e+00]", "hess_inv": "[[ 3.17895103  0.08242256  0.15403895  0.39448093  0.06302559  0.55107244]\n [ 0.08242256  3.68017435 -1.34841358  0.52236359 -0.38241011 -0.29455391]\n [ 0.15403895 -1.34841358  3.40474137  0.43546871  1.07559978  1.34538601]\n [ 0.39448093  0.52236359  0.43546871  3.18809101  0.57201421  0.54544183]\n [ 0.06302559 -0.38241011  1.07559978  0.57201421 10.39416969  8.73983524]\n [ 0.55107244 -0.29455391  1.34538601  0.54544183  8.73983524 10.3942232 ]]", "nfev": "266", "njev": "38", "status": "0", "success": "True", "message": "Optimization terminated successfully.", "x": "[7.43254333 7.05116253 3.21141332 2.59765083 0.34622707 2.46366776]", "nit": "27", "callback": [0.6861762173975869, 0.28798089245526803]}, "2": {"maxiter": 100, "gtol": 1e-05, "xrtol": 1e-10, "eps": 1e-05, "duration": 0.13901805877685547, "fun": "0.2871735814045653", "jac": "[-1.28258515e-06  4.71167549e-07  1.88482563e-07  3.70667941e-06\n -2.17537099e-06 -6.42241815e-07]", "hess_inv": "[[ 3.17338897  0.07121276  0.15575196  0.39531368  0.07348406  0.56291699]\n [ 0.07121276  3.6739142  -1.35849894  0.51055342 -0.37340371 -0.29030713]\n [ 0.15575196 -1.35849894  3.40635997  0.44177363  1.08339509  1.35432082]\n [ 0.39531368  0.51055342  0.44177363  3.19941682  0.58311481  0.56324734]\n [ 0.07348406 -0.37340371  1.08339509  0.58311481 10.39669818  8.74641936]\n [ 0.56291699 -0.29030713  1.35432082  0.56324734  8.74641936 10.40501822]]", "nfev": "266", "njev": "38", "status": "0", "success": "True", "message": "Optimization terminated successfully.", "x": "[7.43254238 7.05115966 3.21141125 2.59765142 0.34619809 2.46363942]", "nit": "27", "callback": [0.6861486737406932, 0.2879791668563507]}, "3": {"maxiter": 100, "gtol": 1e-05, "xrtol": 1e-10, "eps": 1e-10, "duration": 0.11490416526794434, "fun": "0.2871735812540912", "jac": "[-2.22044587e-06  1.11022293e-06 -2.22044587e-06  2.22044587e-06\n -2.22044587e-06  0.00000000e+00]", "hess_inv": "[[ 3.17895103  0.08242256  0.15403895  0.39448093  0.06302559  0.55107244]\n [ 0.08242256  3.68017435 -1.34841358  0.52236359 -0.38241011 -0.29455391]\n [ 0.15403895 -1.34841358  3.40474137  0.43546871  1.07559978  1.34538601]\n [ 0.39448093  0.52236359  0.43546871  3.18809101  0.57201421  0.54544183]\n [ 0.06302559 -0.38241011  1.07559978  0.57201421 10.39416969  8.73983524]\n [ 0.55107244 -0.29455391  1.34538601  0.54544183  8.73983524 10.3942232 ]]", "nfev": "266", "njev": "38", "status": "0", "success": "True", "message": "Optimization terminated successfully.", "x": "[7.43254333 7.05116253 3.21141332 2.59765083 0.34622707 2.46366776]", "nit": "27", "callback": [0.6861762173975869, 0.28798089245526803]}, "4": {"maxiter": 100, "gtol": 1e-10, "xrtol": 1e-05, "eps": 1e-05, "duration": 0.10486507415771484, "fun": "0.2871735812593079", "jac": "[-2.69340106e-08 -8.14903700e-08  1.18105525e-07  1.94222416e-07\n -2.00472972e-07  1.33759670e-07]", "hess_inv": "[[ 3.17323218  0.05212787  0.16811811  0.39900558  0.12807387  0.61758773]\n [ 0.05212787  3.6852735  -1.35977471  0.57565435 -0.49199934 -0.39699433]\n [ 0.16811811 -1.35977471  3.40325996  0.39858955  1.14261124  1.4058262 ]\n [ 0.39900558  0.57565435  0.39858955  3.17574479  0.41107636  0.38896458]\n [ 0.12807387 -0.49199934  1.14261124  0.41107636 10.98539     9.30097278]\n [ 0.61758773 -0.39699433  1.4058262   0.38896458  9.30097278 10.92539329]]", "nfev": "273", "njev": "39", "status": "0", "success": "True", "message": "Optimization terminated successfully.", "x": "[7.43254559 7.05115478 3.21141337 2.59764096 0.34622662 2.46366594]", "nit": "28", "callback": [0.6861486737406932, 0.2879791668563507]}, "5": {"maxiter": 100, "gtol": 1e-10, "xrtol": 1e-05, "eps": 1e-10, "duration": 0.10300016403198242, "fun": "0.2871735811804259", "jac": "[ 0.00000000e+00  1.11022293e-06  2.22044587e-06  2.22044587e-06\n -1.11022293e-06  0.00000000e+00]", "hess_inv": "[[ 3.173268    0.04023241  0.17631181  0.39921269  0.18256244  0.67005588]\n [ 0.04023241  3.74627281 -1.42352986  0.55139801 -0.56659309 -0.46529934]\n [ 0.17631181 -1.42352986  3.46989527  0.42078712  1.286465    1.54729678]\n [ 0.39921269  0.55139801  0.42078712  3.18424919  0.48970163  0.46330815]\n [ 0.18256244 -0.56659309  1.286465    0.48970163 10.90727492  9.2150111 ]\n [ 0.67005588 -0.46529934  1.54729678  0.46330815  9.2150111  10.83222744]]", "nfev": "273", "njev": "39", "status": "0", "success": "True", "message": "Optimization terminated successfully.", "x": "[7.43255024 7.05115282 3.21142492 2.59764605 0.34625409 2.46369263]", "nit": "28", "callback": [0.6861762173975869, 0.28798089245526803]}, "6": {"maxiter": 100, "gtol": 1e-10, "xrtol": 1e-10, "eps": 1e-05, "duration": 0.22398591041564941, "fun": "0.28717358125899284", "jac": "[-1.79078974e-08  7.71605002e-09  1.53210777e-08  7.12763182e-09\n  1.86517468e-08 -1.48991930e-08]", "hess_inv": "[[ 3.14698601  0.11882056  0.06521302  0.29954242  0.25551746  0.62476429]\n [ 0.11882056  3.64601009 -1.36310723  0.54072048 -0.49543585 -0.32670871]\n [ 0.06521302 -1.36310723  3.53436762  0.57732483  1.02903359  1.28074383]\n [ 0.29954242  0.54072048  0.57732483  3.36779129  0.34229606  0.32964699]\n [ 0.25551746 -0.49543585  1.02903359  0.34229606 10.78892891  9.22827421]\n [ 0.62476429 -0.32670871  1.28074383  0.32964699  9.22827421 10.80503124]]", "nfev": "544", "njev": "76", "status": "2", "success": "False", "message": "Desired error not necessarily achieved due to precision loss.", "x": "[7.43254553 7.05115509 3.21141281 2.59764034 0.3462274  2.46366614]", "nit": "29", "callback": [0.6861486737406932, 0.2879791668563507]}, "7": {"maxiter": 100, "gtol": 1e-10, "xrtol": 1e-10, "eps": 1e-10, "duration": 0.13916587829589844, "fun": "0.2871735811799291", "jac": "[-1.11022293e-06 -1.11022293e-06  1.11022293e-06 -2.22044587e-06\n -1.11022293e-06 -1.11022293e-06]", "hess_inv": "[[ 3.10955967 -0.29266736 -0.19242244 -0.02452599  0.60500501  1.04053771]\n [-0.29266736  5.35543634 -1.41758455  1.48598079 -2.81280694 -2.7127302 ]\n [-0.19242244 -1.41758455  2.35162443 -0.60425057  1.76735587  1.67520757]\n [-0.02452599  1.48598079 -0.60425057  1.80042412  1.48540854  0.55229241]\n [ 0.60500501 -2.81280694  1.76735587  1.48540854 10.33755068  9.89832202]\n [ 1.04053771 -2.7127302   1.67520757  0.55229241  9.89832202 12.31250815]]", "nfev": "350", "njev": "50", "status": "0", "success": "True", "message": "Optimization terminated successfully.", "x": "[7.4325504  7.05115215 3.21142481 2.59764506 0.34625602 2.46369423]", "nit": "30", "callback": [0.6861762173975869, 0.28798089245526803, 0.2871735811799291]}, "8": {"maxiter": 500, "gtol": 1e-05, "xrtol": 1e-05, "eps": 1e-05, "duration": 0.1098029613494873, "fun": "0.2871735814045653", "jac": "[-1.28258515e-06  4.71167549e-07  1.88482563e-07  3.70667941e-06\n -2.17537099e-06 -6.42241815e-07]", "hess_inv": "[[ 3.17338897  0.07121276  0.15575196  0.39531368  0.07348406  0.56291699]\n [ 0.07121276  3.6739142  -1.35849894  0.51055342 -0.37340371 -0.29030713]\n [ 0.15575196 -1.35849894  3.40635997  0.44177363  1.08339509  1.35432082]\n [ 0.39531368  0.51055342  0.44177363  3.19941682  0.58311481  0.56324734]\n [ 0.07348406 -0.37340371  1.08339509  0.58311481 10.39669818  8.74641936]\n [ 0.56291699 -0.29030713  1.35432082  0.56324734  8.74641936 10.40501822]]", "nfev": "266", "njev": "38", "status": "0", "success": "True", "message": "Optimization terminated successfully.", "x": "[7.43254238 7.05115966 3.21141125 2.59765142 0.34619809 2.46363942]", "nit": "27", "callback": [0.6861486737406932, 0.2879791668563507]}, "9": {"maxiter": 500, "gtol": 1e-05, "xrtol": 1e-05, "eps": 1e-10, "duration": 0.10755705833435059, "fun": "0.2871735812540912", "jac": "[-2.22044587e-06  1.11022293e-06 -2.22044587e-06  2.22044587e-06\n -2.22044587e-06  0.00000000e+00]", "hess_inv": "[[ 3.17895103  0.08242256  0.15403895  0.39448093  0.06302559  0.55107244]\n [ 0.08242256  3.68017435 -1.34841358  0.52236359 -0.38241011 -0.29455391]\n [ 0.15403895 -1.34841358  3.40474137  0.43546871  1.07559978  1.34538601]\n [ 0.39448093  0.52236359  0.43546871  3.18809101  0.57201421  0.54544183]\n [ 0.06302559 -0.38241011  1.07559978  0.57201421 10.39416969  8.73983524]\n [ 0.55107244 -0.29455391  1.34538601  0.54544183  8.73983524 10.3942232 ]]", "nfev": "266", "njev": "38", "status": "0", "success": "True", "message": "Optimization terminated successfully.", "x": "[7.43254333 7.05116253 3.21141332 2.59765083 0.34622707 2.46366776]", "nit": "27", "callback": [0.6861762173975869, 0.28798089245526803]}, "10": {"maxiter": 500, "gtol": 1e-05, "xrtol": 1e-10, "eps": 1e-05, "duration": 0.10553908348083496, "fun": "0.2871735814045653", "jac": "[-1.28258515e-06  4.71167549e-07  1.88482563e-07  3.70667941e-06\n -2.17537099e-06 -6.42241815e-07]", "hess_inv": "[[ 3.17338897  0.07121276  0.15575196  0.39531368  0.07348406  0.56291699]\n [ 0.07121276  3.6739142  -1.35849894  0.51055342 -0.37340371 -0.29030713]\n [ 0.15575196 -1.35849894  3.40635997  0.44177363  1.08339509  1.35432082]\n [ 0.39531368  0.51055342  0.44177363  3.19941682  0.58311481  0.56324734]\n [ 0.07348406 -0.37340371  1.08339509  0.58311481 10.39669818  8.74641936]\n [ 0.56291699 -0.29030713  1.35432082  0.56324734  8.74641936 10.40501822]]", "nfev": "266", "njev": "38", "status": "0", "success": "True", "message": "Optimization terminated successfully.", "x": "[7.43254238 7.05115966 3.21141125 2.59765142 0.34619809 2.46363942]", "nit": "27", "callback": [0.6861486737406932, 0.2879791668563507]}, "11": {"maxiter": 500, "gtol": 1e-05, "xrtol": 1e-10, "eps": 1e-10, "duration": 0.11940288543701172, "fun": "0.2871735812540912", "jac": "[-2.22044587e-06  1.11022293e-06 -2.22044587e-06  2.22044587e-06\n -2.22044587e-06  0.00000000e+00]", "hess_inv": "[[ 3.17895103  0.08242256  0.15403895  0.39448093  0.06302559  0.55107244]\n [ 0.08242256  3.68017435 -1.34841358  0.52236359 -0.38241011 -0.29455391]\n [ 0.15403895 -1.34841358  3.40474137  0.43546871  1.07559978  1.34538601]\n [ 0.39448093  0.52236359  0.43546871  3.18809101  0.57201421  0.54544183]\n [ 0.06302559 -0.38241011  1.07559978  0.57201421 10.39416969  8.73983524]\n [ 0.55107244 -0.29455391  1.34538601  0.54544183  8.73983524 10.3942232 ]]", "nfev": "266", "njev": "38", "status": "0", "success": "True", "message": "Optimization terminated successfully.", "x": "[7.43254333 7.05116253 3.21141332 2.59765083 0.34622707 2.46366776]", "nit": "27", "callback": [0.6861762173975869, 0.28798089245526803]}, "12": {"maxiter": 500, "gtol": 1e-10, "xrtol": 1e-05, "eps": 1e-05, "duration": 0.12793874740600586, "fun": "0.2871735812593079", "jac": "[-2.69340106e-08 -8.14903700e-08  1.18105525e-07  1.94222416e-07\n -2.00472972e-07  1.33759670e-07]", "hess_inv": "[[ 3.17323218  0.05212787  0.16811811  0.39900558  0.12807387  0.61758773]\n [ 0.05212787  3.6852735  -1.35977471  0.57565435 -0.49199934 -0.39699433]\n [ 0.16811811 -1.35977471  3.40325996  0.39858955  1.14261124  1.4058262 ]\n [ 0.39900558  0.57565435  0.39858955  3.17574479  0.41107636  0.38896458]\n [ 0.12807387 -0.49199934  1.14261124  0.41107636 10.98539     9.30097278]\n [ 0.61758773 -0.39699433  1.4058262   0.38896458  9.30097278 10.92539329]]", "nfev": "273", "njev": "39", "status": "0", "success": "True", "message": "Optimization terminated successfully.", "x": "[7.43254559 7.05115478 3.21141337 2.59764096 0.34622662 2.46366594]", "nit": "28", "callback": [0.6861486737406932, 0.2879791668563507]}, "13": {"maxiter": 500, "gtol": 1e-10, "xrtol": 1e-05, "eps": 1e-10, "duration": 0.14696884155273438, "fun": "0.2871735811804259", "jac": "[ 0.00000000e+00  1.11022293e-06  2.22044587e-06  2.22044587e-06\n -1.11022293e-06  0.00000000e+00]", "hess_inv": "[[ 3.173268    0.04023241  0.17631181  0.39921269  0.18256244  0.67005588]\n [ 0.04023241  3.74627281 -1.42352986  0.55139801 -0.56659309 -0.46529934]\n [ 0.17631181 -1.42352986  3.46989527  0.42078712  1.286465    1.54729678]\n [ 0.39921269  0.55139801  0.42078712  3.18424919  0.48970163  0.46330815]\n [ 0.18256244 -0.56659309  1.286465    0.48970163 10.90727492  9.2150111 ]\n [ 0.67005588 -0.46529934  1.54729678  0.46330815  9.2150111  10.83222744]]", "nfev": "273", "njev": "39", "status": "0", "success": "True", "message": "Optimization terminated successfully.", "x": "[7.43255024 7.05115282 3.21142492 2.59764605 0.34625409 2.46369263]", "nit": "28", "callback": [0.6861762173975869, 0.28798089245526803]}, "14": {"maxiter": 500, "gtol": 1e-10, "xrtol": 1e-10, "eps": 1e-05, "duration": 0.23690533638000488, "fun": "0.28717358125899284", "jac": "[-1.79078974e-08  7.71605002e-09  1.53210777e-08  7.12763182e-09\n  1.86517468e-08 -1.48991930e-08]", "hess_inv": "[[ 3.14698601  0.11882056  0.06521302  0.29954242  0.25551746  0.62476429]\n [ 0.11882056  3.64601009 -1.36310723  0.54072048 -0.49543585 -0.32670871]\n [ 0.06521302 -1.36310723  3.53436762  0.57732483  1.02903359  1.28074383]\n [ 0.29954242  0.54072048  0.57732483  3.36779129  0.34229606  0.32964699]\n [ 0.25551746 -0.49543585  1.02903359  0.34229606 10.78892891  9.22827421]\n [ 0.62476429 -0.32670871  1.28074383  0.32964699  9.22827421 10.80503124]]", "nfev": "544", "njev": "76", "status": "2", "success": "False", "message": "Desired error not necessarily achieved due to precision loss.", "x": "[7.43254553 7.05115509 3.21141281 2.59764034 0.3462274  2.46366614]", "nit": "29", "callback": [0.6861486737406932, 0.2879791668563507]}, "15": {"maxiter": 500, "gtol": 1e-10, "xrtol": 1e-10, "eps": 1e-10, "duration": 0.1355879306793213, "fun": "0.2871735811799291", "jac": "[-1.11022293e-06 -1.11022293e-06  1.11022293e-06 -2.22044587e-06\n -1.11022293e-06 -1.11022293e-06]", "hess_inv": "[[ 3.10955967 -0.29266736 -0.19242244 -0.02452599  0.60500501  1.04053771]\n [-0.29266736  5.35543634 -1.41758455  1.48598079 -2.81280694 -2.7127302 ]\n [-0.19242244 -1.41758455  2.35162443 -0.60425057  1.76735587  1.67520757]\n [-0.02452599  1.48598079 -0.60425057  1.80042412  1.48540854  0.55229241]\n [ 0.60500501 -2.81280694  1.76735587  1.48540854 10.33755068  9.89832202]\n [ 1.04053771 -2.7127302   1.67520757  0.55229241  9.89832202 12.31250815]]", "nfev": "350", "njev": "50", "status": "0", "success": "True", "message": "Optimization terminated successfully.", "x": "[7.4325504  7.05115215 3.21142481 2.59764506 0.34625602 2.46369423]", "nit": "30", "callback": [0.6861762173975869, 0.28798089245526803, 0.2871735811799291]}, "16": {"maxiter": 1000, "gtol": 1e-05, "xrtol": 1e-05, "eps": 1e-05, "duration": 0.1114959716796875, "fun": "0.2871735814045653", "jac": "[-1.28258515e-06  4.71167549e-07  1.88482563e-07  3.70667941e-06\n -2.17537099e-06 -6.42241815e-07]", "hess_inv": "[[ 3.17338897  0.07121276  0.15575196  0.39531368  0.07348406  0.56291699]\n [ 0.07