{"date": "2024/10/08/, 17:31:55", "conf_id": 16, "data_type": "random\n", "num_data_points": 1, "s_rank": 0, "unitary": "[[-0.56303964-0.00798273j,-0.21670212-0.15784972j,-0.06047197-0.73952673j,-0.01438004+0.24552571j],[-0.06976756+0.23474685j,-0.01275565-0.5435098j,-0.02703657-0.08917885j,-0.08210486-0.79311774j],[-0.38559961+0.10714929j,0.5933431-0.2687392j,-0.24060861+0.29149289j,-0.45147719+0.26241743j],[-0.50180421+0.45931857j,-0.11617175+0.44134496j,0.49642745+0.22684508j,-0.08544628-0.15407063j]]", "databatch_0": {"databatch": "[[[-0.0614879+0.00321898j,0.04280336+0.10074511j,-0.29405908-0.0369363j,-0.17410045-0.18110969j],[0.16784124+0.22723763j,-0.33304912+0.28476402j,0.05144488-0.09289161j,-0.01366117+0.15559987j],[-0.06549786-0.07868375j,-0.03657885-0.23616318j,-0.25114759-0.18958824j,0.14527834+0.32905069j],[0.0899245-0.06833849j,-0.15307423-0.05119806j,-0.20134536-0.21892521j,-0.24932107-0.20089137j]]]", "initial param values": "[5.59939309,1.84199442,2.30388278,0.61854354,5.80380967,3.80534883]", "nelder_mead": {"type": "gradient-free", "0": {"maxiter": 100, "fatol": 1e-05, "xatol": 1e-05, "duration": 0.04204893112182617, "fun": "0.4794810290549141", "nit": "100", "nfev": "152", "status": "2", "success": "False", "message": "Maximum number of iterations has been exceeded.", "x": "[4.24199151 0.79078026 1.42372509 0.89254394 8.81555308 2.05461258]", "final_simplex": "(array([[4.24199151, 0.79078026, 1.42372509, 0.89254394, 8.81555308,\n        2.05461258],\n       [4.283406  , 0.85892319, 1.32875625, 0.86345134, 9.14935114,\n        1.76280824],\n       [4.06780546, 0.93262029, 1.45666975, 0.87366388, 8.92845917,\n        1.92514621],\n       [4.35221633, 0.7982677 , 1.3101274 , 0.93404595, 8.98990563,\n        1.65278168],\n       [4.1349203 , 0.98470951, 1.29818556, 0.92139505, 8.80537313,\n        1.8812313 ],\n       [4.48128542, 0.88571694, 1.36816536, 0.89293445, 8.91450958,\n        1.86343722],\n       [4.15269266, 0.98781252, 1.48415653, 0.84296901, 8.9431757 ,\n        1.83827535]]), array([0.47948103, 0.48249679, 0.4828317 , 0.48359754, 0.48421912,\n       0.49217181, 0.49424274]))", "callback": [0.9753641000703437, 0.8824478814628993, 0.8486454755833687, 0.7866226174355613, 0.7369309703758599, 0.7019297246656852, 0.5511418126354132, 0.5438877858041782, 0.5295074854767974, 0.4978502913417069]}, "1": {"maxiter": 100, "fatol": 1e-05, "xatol": 1e-10, "duration": 0.0357670783996582, "fun": "0.4794810290549141", "nit": "100", "nfev": "152", "status": "2", "success": "False", "message": "Maximum number of iterations has been exceeded.", "x": "[4.24199151 0.79078026 1.42372509 0.89254394 8.81555308 2.05461258]", "final_simplex": "(array([[4.24199151, 0.79078026, 1.42372509, 0.89254394, 8.81555308,\n        2.05461258],\n       [4.283406  , 0.85892319, 1.32875625, 0.86345134, 9.14935114,\n        1.76280824],\n       [4.06780546, 0.93262029, 1.45666975, 0.87366388, 8.92845917,\n        1.92514621],\n       [4.35221633, 0.7982677 , 1.3101274 , 0.93404595, 8.98990563,\n        1.65278168],\n       [4.1349203 , 0.98470951, 1.29818556, 0.92139505, 8.80537313,\n        1.8812313 ],\n       [4.48128542, 0.88571694, 1.36816536, 0.89293445, 8.91450958,\n        1.86343722],\n       [4.15269266, 0.98781252, 1.48415653, 0.84296901, 8.9431757 ,\n        1.83827535]]), array([0.47948103, 0.48249679, 0.4828317 , 0.48359754, 0.48421912,\n       0.49217181, 0.49424274]))", "callback": [0.9753641000703437, 0.8824478814628993, 0.8486454755833687, 0.7866226174355613, 0.7369309703758599, 0.7019297246656852, 0.5511418126354132, 0.5438877858041782, 0.5295074854767974, 0.4978502913417069]}, "2": {"maxiter": 100, "fatol": 1e-10, "xatol": 1e-05, "duration": 0.03782916069030762, "fun": "0.4794810290549141", "nit": "100", "nfev": "152", "status": "2", "success": "False", "message": "Maximum number of iterations has been exceeded.", "x": "[4.24199151 0.79078026 1.42372509 0.89254394 8.81555308 2.05461258]", "final_simplex": "(array([[4.24199151, 0.79078026, 1.42372509, 0.89254394, 8.81555308,\n        2.05461258],\n       [4.283406  , 0.85892319, 1.32875625, 0.86345134, 9.14935114,\n        1.76280824],\n       [4.06780546, 0.93262029, 1.45666975, 0.87366388, 8.92845917,\n        1.92514621],\n       [4.35221633, 0.7982677 , 1.3101274 , 0.93404595, 8.98990563,\n        1.65278168],\n       [4.1349203 , 0.98470951, 1.29818556, 0.92139505, 8.80537313,\n        1.8812313 ],\n       [4.48128542, 0.88571694, 1.36816536, 0.89293445, 8.91450958,\n        1.86343722],\n       [4.15269266, 0.98781252, 1.48415653, 0.84296901, 8.9431757 ,\n        1.83827535]]), array([0.47948103, 0.48249679, 0.4828317 , 0.48359754, 0.48421912,\n       0.49217181, 0.49424274]))", "callback": [0.9753641000703437, 0.8824478814628993, 0.8486454755833687, 0.7866226174355613, 0.7369309703758599, 0.7019297246656852, 0.5511418126354132, 0.5438877858041782, 0.5295074854767974, 0.4978502913417069]}, "3": {"maxiter": 100, "fatol": 1e-10, "xatol": 1e-10, "duration": 0.038861989974975586, "fun": "0.4794810290549141", "nit": "100", "nfev": "152", "status": "2", "success": "False", "message": "Maximum number of iterations has been exceeded.", "x": "[4.24199151 0.79078026 1.42372509 0.89254394 8.81555308 2.05461258]", "final_simplex": "(array([[4.24199151, 0.79078026, 1.42372509, 0.89254394, 8.81555308,\n        2.05461258],\n       [4.283406  , 0.85892319, 1.32875625, 0.86345134, 9.14935114,\n        1.76280824],\n       [4.06780546, 0.93262029, 1.45666975, 0.87366388, 8.92845917,\n        1.92514621],\n       [4.35221633, 0.7982677 , 1.3101274 , 0.93404595, 8.98990563,\n        1.65278168],\n       [4.1349203 , 0.98470951, 1.29818556, 0.92139505, 8.80537313,\n        1.8812313 ],\n       [4.48128542, 0.88571694, 1.36816536, 0.89293445, 8.91450958,\n        1.86343722],\n       [4.15269266, 0.98781252, 1.48415653, 0.84296901, 8.9431757 ,\n        1.83827535]]), array([0.47948103, 0.48249679, 0.4828317 , 0.48359754, 0.48421912,\n       0.49217181, 0.49424274]))", "callback": [0.9753641000703437, 0.8824478814628993, 0.8486454755833687, 0.7866226174355613, 0.7369309703758599, 0.7019297246656852, 0.5511418126354132, 0.5438877858041782, 0.5295074854767974, 0.4978502913417069]}, "4": {"maxiter": 500, "fatol": 1e-05, "xatol": 1e-05, "duration": 0.1601731777191162, "fun": "0.33809159796856647", "nit": "383", "nfev": "592", "status": "0", "success": "True", "message": "Optimization terminated successfully.", "x": "[3.73166408 1.52051147 2.17737083 2.12345572 9.20770217 2.01208773]", "final_simplex": "(array([[3.73166408, 1.52051147, 2.17737083, 2.12345572, 9.20770217,\n        2.01208773],\n       [3.73166582, 1.52052035, 2.17737947, 2.12346034, 9.20770288,\n        2.012087  ],\n       [3.73166543, 1.5205155 , 2.17737463, 2.1234542 , 9.20770422,\n        2.01208832],\n       [3.73166676, 1.52050806, 2.17736728, 2.12345402, 9.20770125,\n        2.01208681],\n       [3.73166602, 1.52051456, 2.1773756 , 2.12345736, 9.20769959,\n        2.01208561],\n       [3.7316653 , 1.52051584, 2.17737641, 2.12345659, 9.2077036 ,\n        2.01208601],\n       [3.73166832, 1.52051018, 2.17737316, 2.1234549 , 9.20770139,\n        2.01209056]]), array([0.3380916, 0.3380916, 0.3380916, 0.3380916, 0.3380916, 0.3380916,\n       0.3380916]))", "callback": [0.9753641000703437, 0.8824478814628993, 0.8486454755833687, 0.7866226174355613, 0.7369309703758599, 0.7019297246656852, 0.5511418126354132, 0.5438877858041782, 0.5295074854767974, 0.4978502913417069, 0.4705049552902949, 0.4579499788363257, 0.4446888359339509, 0.44258984601532847, 0.43893966153627584, 0.43487625294042975, 0.4245888602063117, 0.4050755122566637, 0.37838757002978973, 0.3525129677850306, 0.3441853387121254, 0.3403111030659277, 0.3383215187097314, 0.3381626327272731, 0.3381036643568097, 0.33809456222650835, 0.3380922046154622, 0.3380922046154622, 0.3380917400182487, 0.338091617983757, 0.338091613194639, 0.3380916029422927, 0.3380915988457077, 0.3380915981645719, 0.33809159803763467, 0.33809159799610833, 0.33809159798093036, 0.33809159797171595, 0.3380915979689999]}, "5": {"maxiter": 500, "fatol": 1e-05, "xatol": 1e-10, "duration": 0.20430326461791992, "fun": "0.3380915979668899", "nit": "495", "nfev": "836", "status": "0", "success": "True", "message": "Optimization terminated successfully.", "x": "[3.73166599 1.52051639 2.17737461 2.12345666 9.20770126 2.0120883 ]", "final_simplex": "(array([[3.73166599, 1.52051639, 2.17737461, 2.12345666, 9.20770126,\n        2.0120883 ],\n       [3.73166599, 1.52051639, 2.17737461, 2.12345666, 9.20770126,\n        2.0120883 ],\n       [3.73166599, 1.52051639, 2.17737461, 2.12345666, 9.20770126,\n        2.0120883 ],\n       [3.73166599, 1.52051639, 2.17737461, 2.12345666, 9.20770126,\n        2.0120883 ],\n       [3.73166599, 1.52051639, 2.17737461, 2.12345666, 9.20770126,\n        2.0120883 ],\n       [3.73166599, 1.52051639, 2.17737461, 2.12345666, 9.20770126,\n        2.0120883 ],\n       [3.73166599, 1.52051639, 2.17737461, 2.12345666, 9.20770126,\n        2.0120883 ]]), array([0.3380916, 0.3380916, 0.3380916, 0.3380916, 0.3380916, 0.3380916,\n       0.3380916]))", "callback": [0.9753641000703437, 0.8824478814628993, 0.8486454755833687, 0.7866226174355613, 0.7369309703758599, 0.7019297246656852, 0.5511418126354132, 0.5438877858041782, 0.5295074854767974, 0.4978502913417069, 0.4705049552902949, 0.4579499788363257, 0.4446888359339509, 0.44258984601532847, 0.43893966153627584, 0.43487625294042975, 0.4245888602063117, 0.4050755122566637, 0.37838757002978973, 0.3525129677850306, 0.3441853387121254, 0.3403111030659277, 0.3383215187097314, 0.3381626327272731, 0.3381036643568097, 0.33809456222650835, 0.3380922046154622, 0.3380922046154622, 0.3380917400182487, 0.338091617983757, 0.338091613194639, 0.3380916029422927, 0.3380915988457077, 0.3380915981645719, 0.33809159803763467, 0.33809159799610833, 0.33809159798093036, 0.33809159797171595, 0.3380915979689999, 0.33809159796769284, 0.33809159796719956, 0.33809159796696453, 0.3380915979669188, 0.3380915979668998, 0.3380915979668925, 0.3380915979668907, 0.33809159796689026, 0.3380915979668899, 0.3380915979668899, 0.3380915979668899]}, "6": {"maxiter": 500, "fatol": 1e-10, "xatol": 1e-05, "duration": 0.15197181701660156, "fun": "0.33809159796856647", "nit": "383", "nfev": "592", "status": "0", "success": "True", "message": "Optimization terminated successfully.", "x": "[3.73166408 1.52051147 2.17737083 2.12345572 9.20770217 2.01208773]", "final_simplex": "(array([[3.73166408, 1.52051147, 2.17737083, 2.12345572, 9.20770217,\n        2.01208773],\n       [3.73166582, 1.52052035, 2.17737947, 2.12346034, 9.20770288,\n        2.012087  ],\n       [3.73166543, 1.5205155 , 2.17737463, 2.1234542 , 9.20770422,\n        2.01208832],\n       [3.73166676, 1.52050806, 2.17736728, 2.12345402, 9.20770125,\n        2.01208681],\n       [3.73166602, 1.52051456, 2.1773756 , 2.12345736, 9.20769959,\n        2.01208561],\n       [3.7316653 , 1.52051584, 2.17737641, 2.12345659, 9.2077036 ,\n        2.01208601],\n       [3.73166832, 1.52051018, 2.17737316, 2.1234549 , 9.20770139,\n        2.01209056]]), array([0.3380916, 0.3380916, 0.3380916, 0.3380916, 0.3380916, 0.3380916,\n       0.3380916]))", "callback": [0.9753641000703437, 0.8824478814628993, 0.8486454755833687, 0.7866226174355613, 0.7369309703758599, 0.7019297246656852, 0.5511418126354132, 0.5438877858041782, 0.5295074854767974, 0.4978502913417069, 0.4705049552902949, 0.4579499788363257, 0.4446888359339509, 0.44258984601532847, 0.43893966153627584, 0.43487625294042975, 0.4245888602063117, 0.4050755122566637, 0.37838757002978973, 0.3525129677850306, 0.3441853387121254, 0.3403111030659277, 0.3383215187097314, 0.3381626327272731, 0.3381036643568097, 0.33809456222650835, 0.3380922046154622, 0.3380922046154622, 0.3380917400182487, 0.338091617983757, 0.338091613194639, 0.3380916029422927, 0.3380915988457077, 0.3380915981645719, 0.33809159803763467, 0.33809159799610833, 0.33809159798093036, 0.33809159797171595, 0.3380915979689999]}, "7": {"maxiter": 500, "fatol": 1e-10, "xatol": 1e-10, "duration": 0.19817876815795898, "fun": "0.3380915979668899", "nit": "495", "nfev": "836", "status": "0", "success": "True", "message": "Optimization terminated successfully.", "x": "[3.73166599 1.52051639 2.17737461 2.12345666 9.20770126 2.0120883 ]", "final_simplex": "(array([[3.73166599, 1.52051639, 2.17737461, 2.12345666, 9.20770126,\n        2.0120883 ],\n       [3.73166599, 1.52051639, 2.17737461, 2.12345666, 9.20770126,\n        2.0120883 ],\n       [3.73166599, 1.52051639, 2.17737461, 2.12345666, 9.20770126,\n        2.0120883 ],\n       [3.73166599, 1.52051639, 2.17737461, 2.12345666, 9.20770126,\n        2.0120883 ],\n       [3.73166599, 1.52051639, 2.17737461, 2.12345666, 9.20770126,\n        2.0120883 ],\n       [3.73166599, 1.52051639, 2.17737461, 2.12345666, 9.20770126,\n        2.0120883 ],\n       [3.73166599, 1.52051639, 2.17737461, 2.12345666, 9.20770126,\n        2.0120883 ]]), array([0.3380916, 0.3380916, 0.3380916, 0.3380916, 0.3380916, 0.3380916,\n       0.3380916]))", "callback": [0.9753641000703437, 0.8824478814628993, 0.8486454755833687, 0.7866226174355613, 0.7369309703758599, 0.7019297246656852, 0.5511418126354132, 0.5438877858041782, 0.5295074854767974, 0.4978502913417069, 0.4705049552902949, 0.4579499788363257, 0.4446888359339509, 0.44258984601532847, 0.43893966153627584, 0.43487625294042975, 0.4245888602063117, 0.4050755122566637, 0.37838757002978973, 0.3525129677850306, 0.3441853387121254, 0.3403111030659277, 0.3383215187097314, 0.3381626327272731, 0.3381036643568097, 0.33809456222650835, 0.3380922046154622, 0.3380922046154622, 0.3380917400182487, 0.338091617983757, 0.338091613194639, 0.3380916029422927, 0.3380915988457077, 0.3380915981645719, 0.33809159803763467, 0.33809159799610833, 0.33809159798093036, 0.33809159797171595, 0.3380915979689999, 0.33809159796769284, 0.33809159796719956, 0.33809159796696453, 0.3380915979669188, 0.3380915979668998, 0.3380915979668925, 0.3380915979668907, 0.33809159796689026, 0.3380915979668899, 0.3380915979668899, 0.3380915979668899]}, "8": {"maxiter": 1000, "fatol": 1e-05, "xatol": 1e-05, "duration": 0.14845490455627441, "fun": "0.33809159796856647", "nit": "383", "nfev": "592", "status": "0", "success": "True", "message": "Optimization terminated successfully.", "x": "[3.73166408 1.52051147 2.17737083 2.12345572 9.20770217 2.01208773]", "final_simplex": "(array([[3.73166408, 1.52051147, 2.17737083, 2.12345572, 9.20770217,\n        2.01208773],\n       [3.73166582, 1.52052035, 2.17737947, 2.12346034, 9.20770288,\n        2.012087  ],\n       [3.73166543, 1.5205155 , 2.17737463, 2.1234542 , 9.20770422,\n        2.01208832],\n       [3.73166676, 1.52050806, 2.17736728, 2.12345402, 9.20770125,\n        2.01208681],\n       [3.73166602, 1.52051456, 2.1773756 , 2.12345736, 9.20769959,\n        2.01208561],\n       [3.7316653 , 1.52051584, 2.17737641, 2.12345659, 9.2077036 ,\n        2.01208601],\n       [3.73166832, 1.52051018, 2.17737316, 2.1234549 , 9.20770139,\n        2.01209056]]), array([0.3380916, 0.3380916, 0.3380916, 0.3380916, 0.3380916, 0.3380916,\n       0.3380916]))", "callback": [0.9753641000703437, 0.8824478814628993, 0.8486454755833687, 0.7866226174355613, 0.7369309703758599, 0.7019297246656852, 0.5511418126354132, 0.5438877858041782, 0.5295074854767974, 0.4978502913417069, 0.4705049552902949, 0.4579499788363257, 0.4446888359339509, 0.44258984601532847, 0.43893966153627584, 0.43487625294042975, 0.4245888602063117, 0.4050755122566637, 0.37838757002978973, 0.3525129677850306, 0.3441853387121254, 0.3403111030659277, 0.3383215187097314, 0.3381626327272731, 0.3381036643568097, 0.33809456222650835, 0.3380922046154622, 0.3380922046154622, 0.3380917400182487, 0.338091617983757, 0.338091613194639, 0.3380916029422927, 0.3380915988457077, 0.3380915981645719, 0.33809159803763467, 0.33809159799610833, 0.33809159798093036, 0.33809159797171595, 0.3380915979689999]}, "9": {"maxiter": 1000, "fatol": 1e-05, "xatol": 1e-10, "duration": 0.20532512664794922, "fun": "0.3380915979668899", "nit": "495", "nfev": "836", "status": "0", "success": "True", "message": "Optimization terminated successfully.", "x": "[3.73166599 1.52051639 2.17737461 2.12345666 9.20770126 2.0120883 ]", "final_simplex": "(array([[3.73166599, 1.52051639, 2.17737461, 2.12345666, 9.20770126,\n        2.0120883 ],\n       [3.73166599, 1.52051639, 2.17737461, 2.12345666, 9.20770126,\n        2.0120883 ],\n       [3.73166599, 1.52051639, 2.17737461, 2.12345666, 9.20770126,\n        2.0120883 ],\n       [3.73166599, 1.52051639, 2.17737461, 2.12345666, 9.20770126,\n        2.0120883 ],\n       [3.73166599, 1.52051639, 2.17737461, 2.12345666, 9.20770126,\n        2.0120883 ],\n       [3.73166599, 1.52051639, 2.17737461, 2.12345666, 9.20770126,\n        2.0120883 ],\n       [3.73166599, 1.52051639, 2.17737461, 2.12345666, 9.20770126,\n        2.0120883 ]]), array([0.3380916, 0.3380916, 0.3380916, 0.3380916, 0.3380916, 0.3380916,\n       0.3380916]))", "callback": [0.9753641000703437, 0.8824478814628993, 0.8486454755833687, 0.7866226174355613, 0.7369309703758599, 0.7019297246656852, 0.5511418126354132, 0.5438877858041782, 0.5295074854767974, 0.4978502913417069, 0.4705049552902949, 0.4579499788363257, 0.4446888359339509, 0.44258984601532847, 0.43893966153627584, 0.43487625294042975, 0.4245888602063117, 0.4050755122566637, 0.37838757002978973, 0.3525129677850306, 0.3441853387121254, 0.3403111030659277, 0.3383215187097314, 0.3381626327272731, 0.3381036643568097, 0.33809456222650835, 0.3380922046154622, 0.3380922046154622, 0.3380917400182487, 0.338091617983757, 0.338091613194639, 0.3380916029422927, 0.3380915988457077, 0.3380915981645719, 0.33809159803763467, 0.33809159799610833, 0.33809159798093036, 0.33809159797171595, 0.3380915979689999, 0.33809159796769284, 0.33809159796719956, 0.33809159796696453, 0.3380915979669188, 0.3380915979668998, 0.3380915979668925, 0.3380915979668907, 0.33809159796689026, 0.3380915979668899, 0.3380915979668899, 0.3380915979668899]}, "10": {"maxiter": 1000, "fatol": 1e-10, "xatol": 1e-05, "duration": 0.14873123168945312, "fun": "0.33809159796856647", "nit": "383", "nfev": "592", "status": "0", "success": "True", "message": "Optimization terminated successfully.", "x": "[3.73166408 1.52051147 2.17737083 2.12345572 9.20770217 2.01208773]", "final_simplex": "(array([[3.73166408, 1.52051147, 2.17737083, 2.12345572, 9.20770217,\n        2.01208773],\n       [3.73166582, 1.52052035, 2.17737947, 2.12346034, 9.20770288,\n        2.012087  ],\n       [3.73166543, 1.5205155 , 2.17737463, 2.1234542 , 9.20770422,\n        2.01208832],\n       [3.73166676, 1.52050806, 2.17736728, 2.12345402, 9.20770125,\n        2.01208681],\n       [3.73166602, 1.52051456, 2.1773756 , 2.12345736, 9.20769959,\n        2.01208561],\n       [3.7316653 , 1.52051584, 2.17737641, 2.12345659, 9.2077036 ,\n        2.01208601],\n       [3.73166832, 1.52051018, 2.17737316, 2.1234549 , 9.20770139,\n        2.01209056]]), array([0.3380916, 0.3380916, 0.3380916, 0.3380916, 0.3380916, 0.3380916,\n       0.3380916]))", "callback": [0.9753641000703437, 0.8824478814628993, 0.8486454755833687, 0.7866226174355613, 0.7369309703758599, 0.7019297246656852, 0.5511418126354132, 0.5438877858041782, 0.5295074854767974, 0.4978502913417069, 0.4705049552902949, 0.4579499788363257, 0.4446888359339509, 0.44258984601532847, 0.43893966153627584, 0.43487625294042975, 0.4245888602063117, 0.4050755122566637, 0.37838757002978973, 0.3525129677850306, 0.3441853387121254, 0.3403111030659277, 0.3383215187097314, 0.3381626327272731, 0.3381036643568097, 0.33809456222650835, 0.3380922046154622, 0.3380922046154622, 0.3380917400182487, 0.338091617983757, 0.338091613194639, 0.3380916029422927, 0.3380915988457077, 0.3380915981645719, 0.33809159803763467, 0.33809159799610833, 0.33809159798093036, 0.33809159797171595, 0.3380915979689999]}, "11": {"maxiter": 1000, "fatol": 1e-10, "xatol": 1e-10, "duration": 0.20484519004821777, "fun": "0.3380915979668899", "nit": "495", "nfev": "836", "status": "0", "success": "True", "message": "Optimization terminated successfully.", "x": "[3.73166599 1.52051639 2.17737461 2.12345666 9.20770126 2.0120883 ]", "final_simplex": "(array([[3.73166599, 1.52051639, 2.17737461, 2.12345666, 9.20770126,\n        2.0120883 ],\n       [3.73166599, 1.52051639, 2.17737461, 2.12345666, 9.20770126,\n        2.0120883 ],\n       [3.73166599, 1.52051639, 2.17737461, 2.12345666, 9.20770126,\n        2.0120883 ],\n       [3.73166599, 1.52051639, 2.17737461, 2.12345666, 9.20770126,\n        2.0120883 ],\n       [3.73166599, 1.52051639, 2.17737461, 2.12345666, 9.20770126,\n        2.0120883 ],\n       [3.73166599, 1.52051639, 2.17737461, 2.12345666, 9.20770126,\n        2.0120883 ],\n       [3.73166599, 1.52051639, 2.17737461, 2.12345666, 9.20770126,\n        2.0120883 ]]), array([0.3380916, 0.3380916, 0.3380916, 0.3380916, 0.3380916, 0.3380916,\n       0.3380916]))", "callback": [0.9753641000703437, 0.8824478814628993, 0.8486454755833687, 0.7866226174355613, 0.7369309703758599, 0.7019297246656852, 0.5511418126354132, 0.5438877858041782, 0.5295074854767974, 0.4978502913417069, 0.4705049552902949, 0.4579499788363257, 0.4446888359339509, 0.44258984601532847, 0.43893966153627584, 0.43487625294042975, 0.4245888602063117, 0.4050755122566637, 0.37838757002978973, 0.3525129677850306, 0.3441853387121254, 0.3403111030659277, 0.3383215187097314, 0.3381626327272731, 0.3381036643568097, 0.33809456222650835, 0.3380922046154622, 0.3380922046154622, 0.3380917400182487, 0.338091617983757, 0.338091613194639, 0.3380916029422927, 0.3380915988457077, 0.3380915981645719, 0.33809159803763467, 0.33809159799610833, 0.33809159798093036, 0.33809159797171595, 0.3380915979689999, 0.33809159796769284, 0.33809159796719956, 0.33809159796696453, 0.3380915979669188, 0.3380915979668998, 0.3380915979668925, 0.3380915979668907, 0.33809159796689026, 0.3380915979668899, 0.3380915979668899, 0.3380915979668899]}}, "bfgs": {"type": "gradient", "0": {"maxiter": 100, "gtol": 1e-05, "xrtol": 1e-05, "eps": 1e-05, "duration": 0.06004142761230469, "fun": "0.3380915980895012", "jac": "[ 6.49591492e-07 -6.41264819e-07  4.34607905e-07  5.62927482e-07\n -1.40333301e-06  1.22289956e-06]", "hess_inv": "[[ 3.10816031 -0.21617136 -0.27585066  0.2538106  -0.6237279  -0.37196541]\n [-0.21617136 19.54714624 17.93175063 -7.57276505 -0.16068759 -1.33072476]\n [-0.27585066 17.93175063 20.07450914 -7.47126173  0.12575376 -0.36366997]\n [ 0.2538106  -7.57276505 -7.47126173  6.4724441   0.07247203  0.31688996]\n [-0.6237279  -0.16068759  0.12575376  0.07247203  4.11256606  2.12443643]\n [-0.37196541 -1.33072476 -0.36366997  0.31688996  2.12443643  4.12764561]]", "nfev": "210", "njev": "30", "status": "0", "success": "True", "message": "Optimization terminated successfully.", "x": "[ 3.73166645  1.5204524   2.17731185 -2.12343361  6.06609447  5.15367593]", "nit": "22", "callback": [0.6694249085280769, 0.6579735725097355, 0.5669930841222852, 0.5107755940936334, 0.4648496900499023, 0.4015911539107614, 0.3931915660122999, 0.3795566822448171, 0.37195417937131947, 0.3603318703595867, 0.3449987644177215, 0.33963114742068523, 0.33852598338315487, 0.3383325862081168, 0.33820044931057613, 0.338116154345799, 0.33809712455745566, 0.3380932041207406, 0.3380919860925711, 0.3380916301961747, 0.3380915993194723, 0.3380915980895012]}, "1": {"maxiter": 100, "gtol": 1e-05, "xrtol": 1e-05, "eps": 1e-10, "duration": 0.054718971252441406, "fun": "0.33809159801793753", "jac": "[ 2.22044587e-06 -1.11022293e-06  0.00000000e+00  1.11022293e-06\n -2.22044587e-06  2.22044587e-06]", "hess_inv": "[[ 3.25827299 -0.23170893 -0.24593702  0.23388786 -0.63398685 -0.35510869]\n [-0.23170893 19.32247053 17.72063814 -7.38866556 -0.17900462 -1.29246544]\n [-0.24593702 17.72063814 19.87671551 -7.3353799   0.09655482 -0.35807217]\n [ 0.23388786 -7.38866556 -7.3353799   6.28248983  0.04640122  0.22327159]\n [-0.63398685 -0.17900462  0.09655482  0.04640122  4.09279592  2.09481984]\n [-0.35510869 -1.29246544 -0.35807217  0.22327159  2.09481984  4.06489413]]", "nfev": "210", "njev": "30", "status": "0", "success": "True", "message": "Optimization terminated successfully.", "x": "[ 3.73167778  1.52052182  2.17738694 -2.12345257  6.06610833  5.15369008]", "nit": "22", "callback": [0.6694225753875767, 0.6579720166285146, 0.56699280016891, 0.5107734573930913, 0.4648484378198132, 0.40158981771382407, 0.3931902397462417, 0.37955662411410696, 0.3719285620504583, 0.360280385473432, 0.34494646072907464, 0.3396187856943702, 0.3385243934147678, 0.33833199131456104, 0.33819997126030665, 0.3381157994310411, 0.3380970916158186, 0.3380931917719744, 0.3380919807691576, 0.33809162974234686, 0.3380915987231935, 0.33809159801793753]}, "2": {"maxiter": 100, "gtol": 1e-05, "xrtol": 1e-10, "eps": 1e-05, "duration": 0.052498817443847656, "fun": "0.3380915980895012", "jac": "[ 6.49591492e-07 -6.41264819e-07  4.34607905e-07  5.62927482e-07\n -1.40333301e-06  1.22289956e-06]", "hess_inv": "[[ 3.10816031 -0.21617136 -0.27585066  0.2538106  -0.6237279  -0.37196541]\n [-0.21617136 19.54714624 17.93175063 -7.57276505 -0.16068759 -1.33072476]\n [-0.27585066 17.93175063 20.07450914 -7.47126173  0.12575376 -0.36366997]\n [ 0.2538106  -7.57276505 -7.47126173  6.4724441   0.07247203  0.31688996]\n [-0.6237279  -0.16068759  0.12575376  0.07247203  4.11256606  2.12443643]\n [-0.37196541 -1.33072476 -0.36366997  0.31688996  2.12443643  4.12764561]]", "nfev": "210", "njev": "30", "status": "0", "success": "True", "message": "Optimization terminated successfully.", "x": "[ 3.73166645  1.5204524   2.17731185 -2.12343361  6.06609447  5.15367593]", "nit": "22", "callback": [0.6694249085280769, 0.6579735725097355, 0.5669930841222852, 0.5107755940936334, 0.4648496900499023, 0.4015911539107614, 0.3931915660122999, 0.3795566822448171, 0.37195417937131947, 0.3603318703595867, 0.3449987644177215, 0.33963114742068523, 0.33852598338315487, 0.3383325862081168, 0.33820044931057613, 0.338116154345799, 0.33809712455745566, 0.3380932041207406, 0.3380919860925711, 0.3380916301961747, 0.3380915993194723, 0.3380915980895012]}, "3": {"maxiter": 100, "gtol": 1e-05, "xrtol": 1e-10, "eps": 1e-10, "duration": 0.050980329513549805, "fun": "0.33809159801793753", "jac": "[ 2.22044587e-06 -1.11022293e-06  0.00000000e+00  1.11022293e-06\n -2.22044587e-06  2.22044587e-06]", "hess_inv": "[[ 3.25827299 -0.23170893 -0.24593702  0.23388786 -0.63398685 -0.35510869]\n [-0.23170893 19.32247053 17.72063814 -7.38866556 -0.17900462 -1.29246544]\n [-0.24593702 17.72063814 19.87671551 -7.3353799   0.09655482 -0.35807217]\n [ 0.23388786 -7.38866556 -7.3353799   6.28248983  0.04640122  0.22327159]\n [-0.63398685 -0.17900462  0.09655482  0.04640122  4.09279592  2.09481984]\n [-0.35510869 -1.29246544 -0.35807217  0.22327159  2.09481984  4.06489413]]", "nfev": "210", "njev": "30", "status": "0", "success": "True", "message": "Optimization terminated successfully.", "x": "[ 3.73167778  1.52052182  2.17738694 -2.12345257  6.06610833  5.15369008]", "nit": "22", "callback": [0.6694225753875767, 0.6579720166285146, 0.56699280016891, 0.5107734573930913, 0.4648484378198132, 0.40158981771382407, 0.3931902397462417, 0.37955662411410696, 0.3719285620504583, 0.360280385473432, 0.34494646072907464, 0.3396187856943702, 0.3385243934147678, 0.33833199131456104, 0.33819997126030665, 0.3381157994310411, 0.3380970916158186, 0.3380931917719744, 0.3380919807691576, 0.33809162974234686, 0.3380915987231935, 0.33809159801793753]}, "4": {"maxiter": 100, "gtol": 1e-10, "xrtol": 1e-05, "eps": 1e-05, "duration": 0.06109189987182617, "fun": "0.33809159805962574", "jac": "[ 1.26909594e-07  6.11732887e-08 -1.35236267e-07 -6.85784762e-08\n  8.27671265e-08 -1.35447209e-08]", "hess_inv": "[[ 3.05437991 -0.32063214 -0.42819686  0.37903222 -0.60770601 -0.34370098]\n [-0.32063214 20.48408372 18.74278048 -8.18882665  0.06079102 -1.57289277]\n [-0.42819686 18.74278048 20.71794418 -7.95102749  0.35600411 -0.57209795]\n [ 0.37903222 -8.18882665 -7.95102749  6.82866812 -0.10833817  0.47502909]\n [-0.60770601  0.06079102  0.35600411 -0.10833817  4.13958369  2.06640436]\n [-0.34370098 -1.57289277 -0.57209795  0.47502909  2.06640436  4.19021375]]", "nfev": "217", "njev": "31", "status": "0", "success": "True", "message": "Optimization terminated successfully.", "x": "[ 3.7316638   1.52046421  2.17732082 -2.12344022  6.0660981   5.1536729 ]", "nit": "23", "callback": [0.6694249085280769, 0.6579735725097355, 0.5669930841222852, 0.5107755940936334, 0.4648496900499023, 0.4015911539107614, 0.3931915660122999, 0.3795566822448171, 0.37195417937131947, 0.3603318703595867, 0.3449987644177215, 0.33963114742068523, 0.33852598338315487, 0.3383325862081168, 0.33820044931057613, 0.338116154345799, 0.33809712455745566, 0.3380932041207406, 0.3380919860925711, 0.3380916301961747, 0.3380915993194723, 0.3380915980895012, 0.33809159805962574]}, "5": {"maxiter": 100, "gtol": 1e-10, "xrtol": 1e-05, "eps": 1e-10, "duration": 0.049098968505859375, "fun": "0.3380915980121507", "jac": "[6.66133760e-06 1.11022293e-06 2.22044587e-06 3.33066880e-06\n 0.00000000e+00 2.22044587e-06]", "hess_inv": "[[ 2.87614186 -0.09934851 -0.33671352  0.39227249 -0.58275536 -0.36864509]\n [-0.09934851 22.82732082 21.49607546 -9.77856785  0.33707193 -1.88136264]\n [-0.33671352 21.49607546 23.8029671  -9.75991554  0.67160785 -0.98718816]\n [ 0.39227249 -9.77856785 -9.75991554  7.75243491 -0.32588992  0.61924155]\n [-0.58275536  0.33707193  0.67160785 -0.32588992  4.16618372  2.00739325]\n [-0.36864509 -1.88136264 -0.98718816  0.61924155  2.00739325  4.16364704]]", "nfev": "224", "njev": "32", "status": "0", "success": "True", "message": "Optimization terminated successfully.", "x": "[ 3.73167493  1.52053774  2.177402   -2.1234612   6.06611096  5.15368749]", "nit": "23", "callback": [0.6694225753875767, 0.6579720166285146, 0.56699280016891, 0.5107734573930913, 0.4648484378198132, 0.40158981771382407, 0.3931902397462417, 0.37955662411410696, 0.3719285620504583, 0.360280385473432, 0.34494646072907464, 0.3396187856943702, 0.3385243934147678, 0.33833199131456104, 0.33819997126030665, 0.3381157994310411, 0.3380970916158186, 0.3380931917719744, 0.3380919807691576, 0.33809162974234686, 0.3380915987231935, 0.33809159801793753, 0.3380915980121507]}, "6": {"maxiter": 100, "gtol": 1e-10, "xrtol": 1e-10, "eps": 1e-05, "duration": 0.12261605262756348, "fun": "0.3380915980574626", "jac": "[-1.90958360e-09 -1.77746706e-08  2.29261055e-08 -2.34257058e-09\n -2.28705943e-09  2.69784195e-09]", "hess_inv": "[[ 3.18646815 -0.59377714 -0.58556559  0.44028954 -0.61443107 -0.23099268]\n [-0.59377714 21.02482378 19.02566868 -8.29579487  0.06781838 -1.81127509]\n [-0.58556559 19.02566868 20.37550966 -8.00673523  0.4938255  -0.89894258]\n [ 0.44028954 -8.29579487 -8.00673523  6.84028741 -0.100366    0.52459131]\n [-0.61443107  0.06781838  0.4938255  -0.100366    4.09365952  2.11632038]\n [-0.23099268 -1.81127509 -0.89894258  0.52459131  2.11632038  4.21143598]]", "nfev": "467", "njev": "65", "status": "2", "success": "False", "message": "Desired error not necessarily achieved due to precision loss.", "x": "[ 3.73166343  1.52046506  2.17732203 -2.12344042  6.06609793  5.15367286]", "nit": "24", "callback": [0.6694249085280769, 0.6579735725097355, 0.5669930841222852, 0.5107755940936334, 0.4648496900499023, 0.4015911539107614, 0.3931915660122999, 0.3795566822448171, 0.37195417937131947, 0.3603318703595867, 0.3449987644177215, 0.33963114742068523, 0.33852598338315487, 0.3383325862081168, 0.33820044931057613, 0.338116154345799, 0.33809712455745566, 0.3380932041207406, 0.3380919860925711, 0.3380916301961747, 0.3380915993194723, 0.3380915980895012, 0.33809159805962574, 0.3380915980574626]}, "7": {"maxiter": 100, "gtol": 1e-10, "xrtol": 1e-10, "eps": 1e-10, "duration": 0.08088302612304688, "fun": "0.3380915980022646", "jac": "[ 1.11022293e-06 -1.11022293e-06  2.22044587e-06  0.00000000e+00\n  0.00000000e+00  0.00000000e+00]", "hess_inv": "[[ 0.05451802  0.14155804  0.03347234 -0.11989894 -0.14110736 -0.05559158]\n [ 0.14155804  2.13911617  0.82273352 -1.37881145 -1.38081359 -0.9518702 ]\n [ 0.03347234  0.82273352  0.41982064 -0.3701133  -0.5555153  -0.35554495]\n [-0.11989894 -1.37881145 -0.3701133   1.1554285   0.80842466  0.66449819]\n [-0.14110736 -1.38081359 -0.5555153   0.80842466  1.07352578  0.52242875]\n [-0.05559158 -0.9518702  -0.35554495  0.66449819  0.52242875  0.49483957]]", "nfev": "336", "njev": "48", "status": "0", "success": "True", "message": "Optimization terminated successfully.", "x": "[ 3.73167121  1.52054857  2.17740831 -2.12346895  6.06611129  5.15368265]", "nit": "31", "callback": [0.6694225753875767, 0.6579720166285146, 0.56699280016891, 0.5107734573930913, 0.4648484378198132, 0.40158981771382407, 0.3931902397462417, 0.37955662411410696, 0.3719285620504583, 0.360280385473432, 0.34494646072907464, 0.3396187856943702, 0.3385243934147678, 0.33833199131456104, 0.33819997126030665, 0.3381157994310411, 0.3380970916158186, 0.3380931917719744, 0.3380919807691576, 0.33809162974234686, 0.3380915987231935, 0.33809159801793753, 0.3380915980121507, 0.3380915980075816, 0.3380915980049328, 0.3380915980044483, 0.33809159800398725, 0.3380915980022694, 0.3380915980022666, 0.33809159800226485, 0.3380915980022646]}, "8": {"maxiter": 500, "gtol": 1e-05, "xrtol": 1e-05, "eps": 1e-05, "duration": 0.053453922271728516, "fun": "0.3380915980895012", "jac": "[ 6.49591492e-07 -6.41264819e-07  4.34607905e-07  5.62927482e-07\n -1.40333301e-06  1.22289956e-06]", "hess_inv": "[[ 3.10816031 -0.21617136 -0.27585066  0.2538106  -0.6237279  -0.37196541]\n [-0.21617136 19.54714624 17.93175063 -7.57276505 -0.16068759 -1.33072476]\n [-0.27585066 17.93175063 20.07450914 -7.47126173  0.12575376 -0.36366997]\n [ 0.2538106  -7.57276505 -7.47126173  6.4724441   0.07247203  0.31688996]\n [-0.6237279  -0.16068759  0.12575376  0.07247203  4.11256606  2.12443643]\n [-0.37196541 -1.33072476 -0.36366997  0.31688996  2.12443643  4.12764561]]", "nfev": "210", "njev": "30", "status": "0", "success": "True", "message": "Optimization terminated successfully.", "x": "[ 3.73166645  1.5204524   2.17731185 -2.12343361  6.06609447  5.15367593]", "nit": "22", "callback": [0.6694249085280769, 0.6579735725097355, 0.5669930841222852, 0.5107755940936334, 0.4648496900499023, 0.4015911539107614, 0.3931915660122999, 0.3795566822448171, 0.37195417937131947, 0.3603318703595867, 0.3449987644177215, 0.33963114742068523, 0.33852598338315487, 0.3383325862081168, 0.33820044931057613, 0.338116154345799, 0.33809712455745566, 0.3380932041207406, 0.3380919860925711, 0.3380916301961747, 0.3380915993194723, 0.3380915980895012]}, "9": {"maxiter": 500, "gtol": 1e-05, "xrtol": 1e-05, "eps": 1e-10, "duration": 0.0513768196105957, "fun": "0.33809159801793753", "jac": "[ 2.22044587e-06 -1.11022293e-06  0.00000000e+00  1.11022293e-06\n -2.22044587e-06  2.22044587e-06]", "hess_inv": "[[ 3.25827299 -0.23170893 -0.24593702  0.23388786 -0.63398685 -0.35510869]\n [-0.23170893 19.32247053 17.72063814 -7.38866556 -0.17900462 -1.29246544]\n [-0.24593702 17.72063814 19.87671551 -7.3353799   0.09655482 -0.35807217]\n [ 0.23388786 -7.38866556 -7.3353799   6.28248983  0.04640122  0.22327159]\n [-0.63398685 -0.17900462  0.09655482  0.04640122  4.09279592  2.09481984]\n [-0.35510869 -1.29246544 -0.35807217  0.22327159  2.09481984  4.06489413]]", "nfev": "210", "njev": "30", "status": "0", "success": "True", "message": "Optimization terminated successfully.", "x": "[ 3.73167778  1.52052182  2.17738694 -2.12345257  6.06610833  5.15369008]", "nit": "22", "callback": [0.6694225753875767, 0.6579720166285146, 0.56699280016891, 0.5107734573930913, 0.4648484378198132, 0.40158981771382407, 0.3931902397462417, 0.37955662411410696, 0.3719285620504583, 0.360280385473432, 0.34494646072907464, 0.3396187856943702, 0.3385243934147678, 0.33833199131456104, 0.33819997126030665, 0.3381157994310411, 0.3380970916158186, 0.3380931917719744, 0.3380919807691576, 0.33809162974234686, 0.3380915987231935, 0.33809159801793753]}, "10": {"maxiter": 500, "gtol": 1e-05, "xrtol": 1e-10, "eps": 1e-05, "duration": 0.05147981643676758, "fun": "0.3380915980895012", "jac": "[ 6.49591492e-07 -6.41264819e-07  4.34607905e-07  5.62927482e-07\n -1.40333301e-06  1.22289956e-06]", "hess_inv": "[[ 3.10816031 -0.21617136 -0.27585066  0.2538106  -0.6237279  -0.37196541]\n [-0.21617136 19.54714624 17.93175063 -7.57276505 -0.16068759 -1.33072476]\n [-0.27585066 17.93175063 20.07450914 -7.47126173  0.12575376 -0.36366997]\n [ 0.2538106  -7.57276505 -7.47126173  6.4724441   0.07247203  0.31688996]\n [-0.6237279  -0.16068759  0.12575376  0.07247203  4.11256606  2.12443643]\n [-0.37196541 -1.33072476 -0.36366997  0.31688996  2.12443643  4.12764561]]", "nfev": "210", "njev": "30", "status": "0", "success": "True", "message": "Optimization terminated successfully.", "x": "[ 3.73166645  1.5204524   2.17731185 -2.12343361  6.06609447  5.15367593]", "nit": "22", "callback": [0.6694249085280769, 0.6579735725097355, 0.5669930841222852, 0.5107755940936334, 0.4648496900499023, 0.4015911539107614, 0.3931915660122999, 0.3795566822448171, 0.37195417937131947, 0.3603318703595867, 0.3449987644177215, 0.33963114742068523, 0.33852598338315487, 0.3383325862081168, 0.33820044931057613, 0.338116154345799, 0.33809712455745566, 0.3380932041207406, 0.3380919860925711, 0.3380916301961747, 0.3380915993194723, 0.3380915980895012]}, "11": {"maxiter": 500, "gtol": 1e-05, "xrtol": 1e-10, "eps": 1e-10, "duration": 0.0518190860748291, "fun": "0.33809159801793753", "jac": "[ 2.22044587e-06 -1.11022293e-06  0.00000000e+00  1.11022293e-06\n -2.22044587e-06  2.22044587e-06]", "hess_inv": "[[ 3.25827299 -0.23170893 -0.24593702  0.23388786 -0.63398685 -0.35510869]\n [-0.23170893 19.32247053 17.72063814 -7.38866556 -0.17900462 -1.29246544]\n [-0.24593702 17.72063814 19.87671551 -7.3353799   0.09655482 -0.35807217]\n [ 0.23388786 -7.38866556 -7.3353799   6.28248983  0.04640122  0.22327159]\n [-0.63398685 -0.17900462  0.09655482  0.04640122  4.09279592  2.09481984]\n [-0.35510869 -1.29246544 -0.35807217  0.22327159  2.09481984  4.06489413]]", "nfev": "210", "njev": "30", "status": "0", "success": "True", "message": "Optimization terminated successfully.", "x": "[ 3.73167778  1.52052182  2.17738694 -2.12345257  6.06610833  5.15369008]", "nit": "22", "callback": [0.6694225753875767, 0.6579720166285146, 0.56699280016891, 0.5107734573930913, 0.4648484378198132, 0.40158981771382407, 0.3931902397462417, 0.37955662411410696, 0.3719285620504583, 0.360280385473432, 0.34494646072907464, 0.3396187856943702, 0.3385243934147678, 0.33833199131456104, 0.33819997126030665, 0.3381157994310411, 0.3380970916158186, 0.3380931917719744, 0.3380919807691576, 0.33809162974234686, 0.3380915987231935, 0.33809159801793753]}, "12": {"maxiter": 500, "gtol": 1e-10, "xrtol": 1e-05, "eps": 1e-05, "duration": 0.05369305610656738, "fun": "0.33809159805962574", "jac": "[ 1.26909594e-07  6.11732887e-08 -1.35236267e-07 -6.85784762e-08\n  8.27671265e-08 -1.35447209e-08]", "hess_inv": "[[ 3.05437991 -0.32063214 -0.42819686  0.37903222 -0.60770601 -0.34370098]\n [-0.32063214 20.48408372 18.74278048 -8.18882665  0.06079102 -1.57289277]\n [-0.42819686 18.74278048 20.71794418 -7.95102749  0.35600411 -0.57209795]\n [ 0.37903222 -8.18882665 -7.95102749  6.82866812 -0.10833817  0.47502909]\n [-0.60770601  0.06079102  0.35600411 -0.10833817  4.13958369  2.06640436]\n [-0.34370098 -1.57289277 -0.57209795  0.47502909  2.06640436  4.19021375]]", "nfev": "217", "njev": "31", "status": "0", "success": "True", "message": "Optimization terminated successfully.", "x": "[ 3.7316638   1.52046421  2.17732082 -2.12344022  6.0660981   5.1536729 ]", "nit": "23", "callback": [0.6694249085280769, 0.6579735725097355, 0.5669930841222852, 0.5107755940936334, 0.4648496900499023, 0.4015911539107614, 0.3931915660122999, 0.37955668224