{"date": "2024/09/24/, 03:07:00", "conf_id": 225, "data_type": "non_lin_ind\n", "num_data_points": 4, "s_rank": 0, "unitary": "[[-0.45070455-0.02711853j,0.78437395-0.06613086j,0.06358678+0.19963393j,-0.07343613+0.35668523j],[-0.01890143-0.03813363j,0.32408202+0.25557629j,0.05872864-0.68979805j,0.55466693-0.20227297j],[-0.11215405+0.64023111j,-0.13344055+0.29565494j,-0.49012687-0.19046288j,-0.04241254+0.44046348j],[0.55771659+0.24656916j,0.31851997-0.05798805j,0.28761525-0.34294258j,-0.56718418+0.03616933j]]", "databatch_0": {"databatch": "[[[-2.85629156e-02+2.29764503e-02j,-7.10010341e-03+5.59406156e-02j,-5.52497234e-02+1.23537271e-01j,-1.60972526e-02-6.40625656e-02j],[1.41346023e-02+8.20918732e-02j,8.73302004e-02+1.42882692e-02j,1.01414062e-01+1.59021125e-01j,-3.02860246e-02+3.72765249e-02j],[1.03674449e-01-2.92053054e-01j,-1.28148462e-01-1.27316058e-01j,2.46061128e-01-6.90345652e-01j,-1.54777538e-01-4.69875307e-03j],[-1.23850525e-01+1.32984689e-01j,9.80533034e-02+1.60555716e-01j,-1.38869659e-01+3.62810292e-01j,-1.02416990e-01+2.35056679e-02j]],[[5.36209386e-02+1.10840738e-01j,-1.41678825e-01-1.18525372e-01j,2.03262666e-01-1.87277122e-01j,2.84730529e-02+8.88345400e-02j],[1.35330294e-01-8.18565151e-02j,-9.25723625e-02+1.34315202e-01j,-2.22506822e-01-1.65570202e-01j,8.41616025e-02-3.65941359e-02j],[-1.81552873e-01-5.37740107e-02j,6.36335467e-02+2.56650663e-01j,-1.90117431e-01+6.25724162e-02j,-5.87744104e-05-1.07046705e-01j],[3.18335817e-01+9.28496289e-02j,-3.16560568e-01+6.06120643e-02j,-8.38040295e-02-5.62354145e-01j,1.71625156e-01+6.93014556e-02j]],[[7.63736182e-02-6.07472057e-02j,-9.68463385e-03+2.91039306e-01j,1.37358592e-01-1.05974810e-01j,-4.16078279e-02-1.55913369e-01j],[-8.50157932e-02-4.22168843e-02j,2.71296520e-01-9.57563986e-02j,-1.38193642e-01-9.82102728e-02j,-1.26112281e-01+9.00877895e-02j],[-1.11072561e-02-8.87389372e-02j,1.71670197e-01+6.66477090e-02j,-7.92710690e-02-5.65039173e-02j,-1.14293662e-01+1.29486268e-02j],[-7.20016436e-02-1.89342072e-01j,5.55479165e-01+2.46018552e-01j,-6.64103671e-02-3.46329302e-01j,-3.22594921e-01-4.29011373e-02j]],[[9.02437879e-02+1.33070829e-01j,1.10237487e-02-1.68322135e-02j,-5.37371594e-02-1.89256295e-02j,1.05973418e-01+1.60038394e-01j],[5.39200447e-02-2.20056693e-02j,6.18588623e-02+2.46419333e-03j,-5.42075160e-02+7.55317676e-02j,1.09446252e-01-9.99942200e-02j],[2.94497075e-01-5.58428910e-01j,-4.08634964e-01-5.58395150e-02j,2.58049046e-01-5.79774982e-02j,1.25270100e-01-3.02102110e-01j],[7.01087059e-02+1.82680084e-02j,8.09692130e-02+1.28626321e-01j,-1.95963479e-01+1.09541881e-02j,2.88716978e-01-2.49230434e-05j]]]", "initial param values": "[1.53353654,5.37730096,1.77049693,2.17665686,1.35540714,2.22642326]", "nelder_mead": {"type": "gradient-free", "0": {"maxiter": 100, "fatol": 1e-05, "xatol": 1e-05, "duration": 0.037248849868774414, "fun": "0.15219458638870442", "nit": "100", "nfev": "158", "status": "2", "success": "False", "message": "Maximum number of iterations has been exceeded.", "x": "[ 0.8148842   7.96133561 -1.01608769  4.60961018  2.01127326  1.50309236]", "final_simplex": "(array([[ 0.8148842 ,  7.96133561, -1.01608769,  4.60961018,  2.01127326,\n         1.50309236],\n       [ 0.72302806,  7.88716613, -0.99454955,  4.5816685 ,  2.0603771 ,\n         1.5327334 ],\n       [ 0.79249471,  7.90358803, -0.91365412,  4.5577408 ,  2.03819095,\n         1.48098525],\n       [ 0.78908793,  7.86314297, -0.92422802,  4.63921954,  2.008907  ,\n         1.53339646],\n       [ 0.7571967 ,  7.94839861, -0.98616153,  4.61124507,  2.00971475,\n         1.50942132],\n       [ 0.78101828,  7.93899994, -0.91259797,  4.59101402,  2.00386959,\n         1.52814293],\n       [ 0.77810537,  8.00820431, -1.07905123,  4.63633019,  2.04495316,\n         1.47821829]]), array([0.15219459, 0.15248582, 0.15262085, 0.15294484, 0.15332015,\n       0.15355474, 0.15399552]))", "callback": [0.6150104575997574, 0.24101826107936752, 0.24101826107936752, 0.18223402841075254, 0.16663192796689263, 0.16182859023860652, 0.15934824920201462, 0.157540353132249, 0.15482440995974356]}, "1": {"maxiter": 100, "fatol": 1e-05, "xatol": 1e-10, "duration": 0.0361180305480957, "fun": "0.15219458638870442", "nit": "100", "nfev": "158", "status": "2", "success": "False", "message": "Maximum number of iterations has been exceeded.", "x": "[ 0.8148842   7.96133561 -1.01608769  4.60961018  2.01127326  1.50309236]", "final_simplex": "(array([[ 0.8148842 ,  7.96133561, -1.01608769,  4.60961018,  2.01127326,\n         1.50309236],\n       [ 0.72302806,  7.88716613, -0.99454955,  4.5816685 ,  2.0603771 ,\n         1.5327334 ],\n       [ 0.79249471,  7.90358803, -0.91365412,  4.5577408 ,  2.03819095,\n         1.48098525],\n       [ 0.78908793,  7.86314297, -0.92422802,  4.63921954,  2.008907  ,\n         1.53339646],\n       [ 0.7571967 ,  7.94839861, -0.98616153,  4.61124507,  2.00971475,\n         1.50942132],\n       [ 0.78101828,  7.93899994, -0.91259797,  4.59101402,  2.00386959,\n         1.52814293],\n       [ 0.77810537,  8.00820431, -1.07905123,  4.63633019,  2.04495316,\n         1.47821829]]), array([0.15219459, 0.15248582, 0.15262085, 0.15294484, 0.15332015,\n       0.15355474, 0.15399552]))", "callback": [0.6150104575997574, 0.24101826107936752, 0.24101826107936752, 0.18223402841075254, 0.16663192796689263, 0.16182859023860652, 0.15934824920201462, 0.157540353132249, 0.15482440995974356]}, "2": {"maxiter": 100, "fatol": 1e-10, "xatol": 1e-05, "duration": 0.03539299964904785, "fun": "0.15219458638870442", "nit": "100", "nfev": "158", "status": "2", "success": "False", "message": "Maximum number of iterations has been exceeded.", "x": "[ 0.8148842   7.96133561 -1.01608769  4.60961018  2.01127326  1.50309236]", "final_simplex": "(array([[ 0.8148842 ,  7.96133561, -1.01608769,  4.60961018,  2.01127326,\n         1.50309236],\n       [ 0.72302806,  7.88716613, -0.99454955,  4.5816685 ,  2.0603771 ,\n         1.5327334 ],\n       [ 0.79249471,  7.90358803, -0.91365412,  4.5577408 ,  2.03819095,\n         1.48098525],\n       [ 0.78908793,  7.86314297, -0.92422802,  4.63921954,  2.008907  ,\n         1.53339646],\n       [ 0.7571967 ,  7.94839861, -0.98616153,  4.61124507,  2.00971475,\n         1.50942132],\n       [ 0.78101828,  7.93899994, -0.91259797,  4.59101402,  2.00386959,\n         1.52814293],\n       [ 0.77810537,  8.00820431, -1.07905123,  4.63633019,  2.04495316,\n         1.47821829]]), array([0.15219459, 0.15248582, 0.15262085, 0.15294484, 0.15332015,\n       0.15355474, 0.15399552]))", "callback": [0.6150104575997574, 0.24101826107936752, 0.24101826107936752, 0.18223402841075254, 0.16663192796689263, 0.16182859023860652, 0.15934824920201462, 0.157540353132249, 0.15482440995974356]}, "3": {"maxiter": 100, "fatol": 1e-10, "xatol": 1e-10, "duration": 0.035301923751831055, "fun": "0.15219458638870442", "nit": "100", "nfev": "158", "status": "2", "success": "False", "message": "Maximum number of iterations has been exceeded.", "x": "[ 0.8148842   7.96133561 -1.01608769  4.60961018  2.01127326  1.50309236]", "final_simplex": "(array([[ 0.8148842 ,  7.96133561, -1.01608769,  4.60961018,  2.01127326,\n         1.50309236],\n       [ 0.72302806,  7.88716613, -0.99454955,  4.5816685 ,  2.0603771 ,\n         1.5327334 ],\n       [ 0.79249471,  7.90358803, -0.91365412,  4.5577408 ,  2.03819095,\n         1.48098525],\n       [ 0.78908793,  7.86314297, -0.92422802,  4.63921954,  2.008907  ,\n         1.53339646],\n       [ 0.7571967 ,  7.94839861, -0.98616153,  4.61124507,  2.00971475,\n         1.50942132],\n       [ 0.78101828,  7.93899994, -0.91259797,  4.59101402,  2.00386959,\n         1.52814293],\n       [ 0.77810537,  8.00820431, -1.07905123,  4.63633019,  2.04495316,\n         1.47821829]]), array([0.15219459, 0.15248582, 0.15262085, 0.15294484, 0.15332015,\n       0.15355474, 0.15399552]))", "callback": [0.6150104575997574, 0.24101826107936752, 0.24101826107936752, 0.18223402841075254, 0.16663192796689263, 0.16182859023860652, 0.15934824920201462, 0.157540353132249, 0.15482440995974356]}, "4": {"maxiter": 500, "fatol": 1e-05, "xatol": 1e-05, "duration": 0.10695099830627441, "fun": "0.14985868575896144", "nit": "301", "nfev": "480", "status": "0", "success": "True", "message": "Optimization terminated successfully.", "x": "[ 0.79097842  7.85588117 -1.06681377  4.55477142  2.03482176  1.56118854]", "final_simplex": "(array([[ 0.79097842,  7.85588117, -1.06681377,  4.55477142,  2.03482176,\n         1.56118854],\n       [ 0.79097492,  7.85587795, -1.0668191 ,  4.55477348,  2.03482949,\n         1.56119352],\n       [ 0.7909845 ,  7.85587839, -1.06681139,  4.55477457,  2.03482473,\n         1.56118911],\n       [ 0.79097997,  7.85587637, -1.06681412,  4.55477536,  2.03482029,\n         1.56119208],\n       [ 0.79098165,  7.85588978, -1.0668163 ,  4.55477209,  2.03483016,\n         1.561189  ],\n       [ 0.7909772 ,  7.85588009, -1.06681067,  4.55477328,  2.03481898,\n         1.56119752],\n       [ 0.79097695,  7.85587698, -1.06680571,  4.55477355,  2.0348202 ,\n         1.56118792]]), array([0.14985869, 0.14985869, 0.14985869, 0.14985869, 0.14985869,\n       0.14985869, 0.14985869]))", "callback": [0.6150104575997574, 0.24101826107936752, 0.24101826107936752, 0.18223402841075254, 0.16663192796689263, 0.16182859023860652, 0.15934824920201462, 0.157540353132249, 0.15482440995974356, 0.15219458638870442, 0.1506652229511738, 0.15008559646399444, 0.1499728251176129, 0.14989107889967546, 0.149868300053408, 0.14986025265756164, 0.14985911510626682, 0.1498587435562343, 0.14985870448628802, 0.14985869051357126, 0.14985868823946502, 0.14985868738725672, 0.14985868684973425, 0.149858686563471, 0.14985868625059529, 0.14985868601263608, 0.1498586859028619, 0.14985868585122164, 0.14985868576674632, 0.14985868575896144]}, "5": {"maxiter": 500, "fatol": 1e-05, "xatol": 1e-10, "duration": 0.17754912376403809, "fun": "0.149858685750476", "nit": "453", "nfev": "784", "status": "0", "success": "True", "message": "Optimization terminated successfully.", "x": "[ 0.79097768  7.85587866 -1.0668123   4.55476836  2.03482544  1.56119605]", "final_simplex": "(array([[ 0.79097768,  7.85587866, -1.0668123 ,  4.55476836,  2.03482544,\n         1.56119605],\n       [ 0.79097768,  7.85587866, -1.0668123 ,  4.55476836,  2.03482544,\n         1.56119605],\n       [ 0.79097768,  7.85587866, -1.0668123 ,  4.55476836,  2.03482544,\n         1.56119605],\n       [ 0.79097768,  7.85587866, -1.0668123 ,  4.55476836,  2.03482544,\n         1.56119605],\n       [ 0.79097768,  7.85587866, -1.0668123 ,  4.55476836,  2.03482544,\n         1.56119605],\n       [ 0.79097768,  7.85587866, -1.0668123 ,  4.55476836,  2.03482544,\n         1.56119605],\n       [ 0.79097768,  7.85587866, -1.0668123 ,  4.55476836,  2.03482544,\n         1.56119605]]), array([0.14985869, 0.14985869, 0.14985869, 0.14985869, 0.14985869,\n       0.14985869, 0.14985869]))", "callback": [0.6150104575997574, 0.24101826107936752, 0.24101826107936752, 0.18223402841075254, 0.16663192796689263, 0.16182859023860652, 0.15934824920201462, 0.157540353132249, 0.15482440995974356, 0.15219458638870442, 0.1506652229511738, 0.15008559646399444, 0.1499728251176129, 0.14989107889967546, 0.149868300053408, 0.14986025265756164, 0.14985911510626682, 0.1498587435562343, 0.14985870448628802, 0.14985869051357126, 0.14985868823946502, 0.14985868738725672, 0.14985868684973425, 0.149858686563471, 0.14985868625059529, 0.14985868601263608, 0.1498586859028619, 0.14985868585122164, 0.14985868576674632, 0.14985868575896144, 0.14985868575475303, 0.14985868575310834, 0.14985868575235295, 0.14985868575146943, 0.1498586857511286, 0.14985868575075223, 0.1498586857505697, 0.14985868575052141, 0.14985868575048034, 0.14985868575047756, 0.14985868575047734, 0.14985868575047656, 0.14985868575047623, 0.149858685750476, 0.149858685750476]}, "6": {"maxiter": 500, "fatol": 1e-10, "xatol": 1e-05, "duration": 0.10940074920654297, "fun": "0.14985868575896144", "nit": "301", "nfev": "480", "status": "0", "success": "True", "message": "Optimization terminated successfully.", "x": "[ 0.79097842  7.85588117 -1.06681377  4.55477142  2.03482176  1.56118854]", "final_simplex": "(array([[ 0.79097842,  7.85588117, -1.06681377,  4.55477142,  2.03482176,\n         1.56118854],\n       [ 0.79097492,  7.85587795, -1.0668191 ,  4.55477348,  2.03482949,\n         1.56119352],\n       [ 0.7909845 ,  7.85587839, -1.06681139,  4.55477457,  2.03482473,\n         1.56118911],\n       [ 0.79097997,  7.85587637, -1.06681412,  4.55477536,  2.03482029,\n         1.56119208],\n       [ 0.79098165,  7.85588978, -1.0668163 ,  4.55477209,  2.03483016,\n         1.561189  ],\n       [ 0.7909772 ,  7.85588009, -1.06681067,  4.55477328,  2.03481898,\n         1.56119752],\n       [ 0.79097695,  7.85587698, -1.06680571,  4.55477355,  2.0348202 ,\n         1.56118792]]), array([0.14985869, 0.14985869, 0.14985869, 0.14985869, 0.14985869,\n       0.14985869, 0.14985869]))", "callback": [0.6150104575997574, 0.24101826107936752, 0.24101826107936752, 0.18223402841075254, 0.16663192796689263, 0.16182859023860652, 0.15934824920201462, 0.157540353132249, 0.15482440995974356, 0.15219458638870442, 0.1506652229511738, 0.15008559646399444, 0.1499728251176129, 0.14989107889967546, 0.149868300053408, 0.14986025265756164, 0.14985911510626682, 0.1498587435562343, 0.14985870448628802, 0.14985869051357126, 0.14985868823946502, 0.14985868738725672, 0.14985868684973425, 0.149858686563471, 0.14985868625059529, 0.14985868601263608, 0.1498586859028619, 0.14985868585122164, 0.14985868576674632, 0.14985868575896144]}, "7": {"maxiter": 500, "fatol": 1e-10, "xatol": 1e-10, "duration": 0.18926286697387695, "fun": "0.149858685750476", "nit": "453", "nfev": "784", "status": "0", "success": "True", "message": "Optimization terminated successfully.", "x": "[ 0.79097768  7.85587866 -1.0668123   4.55476836  2.03482544  1.56119605]", "final_simplex": "(array([[ 0.79097768,  7.85587866, -1.0668123 ,  4.55476836,  2.03482544,\n         1.56119605],\n       [ 0.79097768,  7.85587866, -1.0668123 ,  4.55476836,  2.03482544,\n         1.56119605],\n       [ 0.79097768,  7.85587866, -1.0668123 ,  4.55476836,  2.03482544,\n         1.56119605],\n       [ 0.79097768,  7.85587866, -1.0668123 ,  4.55476836,  2.03482544,\n         1.56119605],\n       [ 0.79097768,  7.85587866, -1.0668123 ,  4.55476836,  2.03482544,\n         1.56119605],\n       [ 0.79097768,  7.85587866, -1.0668123 ,  4.55476836,  2.03482544,\n         1.56119605],\n       [ 0.79097768,  7.85587866, -1.0668123 ,  4.55476836,  2.03482544,\n         1.56119605]]), array([0.14985869, 0.14985869, 0.14985869, 0.14985869, 0.14985869,\n       0.14985869, 0.14985869]))", "callback": [0.6150104575997574, 0.24101826107936752, 0.24101826107936752, 0.18223402841075254, 0.16663192796689263, 0.16182859023860652, 0.15934824920201462, 0.157540353132249, 0.15482440995974356, 0.15219458638870442, 0.1506652229511738, 0.15008559646399444, 0.1499728251176129, 0.14989107889967546, 0.149868300053408, 0.14986025265756164, 0.14985911510626682, 0.1498587435562343, 0.14985870448628802, 0.14985869051357126, 0.14985868823946502, 0.14985868738725672, 0.14985868684973425, 0.149858686563471, 0.14985868625059529, 0.14985868601263608, 0.1498586859028619, 0.14985868585122164, 0.14985868576674632, 0.14985868575896144, 0.14985868575475303, 0.14985868575310834, 0.14985868575235295, 0.14985868575146943, 0.1498586857511286, 0.14985868575075223, 0.1498586857505697, 0.14985868575052141, 0.14985868575048034, 0.14985868575047756, 0.14985868575047734, 0.14985868575047656, 0.14985868575047623, 0.149858685750476, 0.149858685750476]}, "8": {"maxiter": 1000, "fatol": 1e-05, "xatol": 1e-05, "duration": 0.11189699172973633, "fun": "0.14985868575896144", "nit": "301", "nfev": "480", "status": "0", "success": "True", "message": "Optimization terminated successfully.", "x": "[ 0.79097842  7.85588117 -1.06681377  4.55477142  2.03482176  1.56118854]", "final_simplex": "(array([[ 0.79097842,  7.85588117, -1.06681377,  4.55477142,  2.03482176,\n         1.56118854],\n       [ 0.79097492,  7.85587795, -1.0668191 ,  4.55477348,  2.03482949,\n         1.56119352],\n       [ 0.7909845 ,  7.85587839, -1.06681139,  4.55477457,  2.03482473,\n         1.56118911],\n       [ 0.79097997,  7.85587637, -1.06681412,  4.55477536,  2.03482029,\n         1.56119208],\n       [ 0.79098165,  7.85588978, -1.0668163 ,  4.55477209,  2.03483016,\n         1.561189  ],\n       [ 0.7909772 ,  7.85588009, -1.06681067,  4.55477328,  2.03481898,\n         1.56119752],\n       [ 0.79097695,  7.85587698, -1.06680571,  4.55477355,  2.0348202 ,\n         1.56118792]]), array([0.14985869, 0.14985869, 0.14985869, 0.14985869, 0.14985869,\n       0.14985869, 0.14985869]))", "callback": [0.6150104575997574, 0.24101826107936752, 0.24101826107936752, 0.18223402841075254, 0.16663192796689263, 0.16182859023860652, 0.15934824920201462, 0.157540353132249, 0.15482440995974356, 0.15219458638870442, 0.1506652229511738, 0.15008559646399444, 0.1499728251176129, 0.14989107889967546, 0.149868300053408, 0.14986025265756164, 0.14985911510626682, 0.1498587435562343, 0.14985870448628802, 0.14985869051357126, 0.14985868823946502, 0.14985868738725672, 0.14985868684973425, 0.149858686563471, 0.14985868625059529, 0.14985868601263608, 0.1498586859028619, 0.14985868585122164, 0.14985868576674632, 0.14985868575896144]}, "9": {"maxiter": 1000, "fatol": 1e-05, "xatol": 1e-10, "duration": 0.17201781272888184, "fun": "0.149858685750476", "nit": "453", "nfev": "784", "status": "0", "success": "True", "message": "Optimization terminated successfully.", "x": "[ 0.79097768  7.85587866 -1.0668123   4.55476836  2.03482544  1.56119605]", "final_simplex": "(array([[ 0.79097768,  7.85587866, -1.0668123 ,  4.55476836,  2.03482544,\n         1.56119605],\n       [ 0.79097768,  7.85587866, -1.0668123 ,  4.55476836,  2.03482544,\n         1.56119605],\n       [ 0.79097768,  7.85587866, -1.0668123 ,  4.55476836,  2.03482544,\n         1.56119605],\n       [ 0.79097768,  7.85587866, -1.0668123 ,  4.55476836,  2.03482544,\n         1.56119605],\n       [ 0.79097768,  7.85587866, -1.0668123 ,  4.55476836,  2.03482544,\n         1.56119605],\n       [ 0.79097768,  7.85587866, -1.0668123 ,  4.55476836,  2.03482544,\n         1.56119605],\n       [ 0.79097768,  7.85587866, -1.0668123 ,  4.55476836,  2.03482544,\n         1.56119605]]), array([0.14985869, 0.14985869, 0.14985869, 0.14985869, 0.14985869,\n       0.14985869, 0.14985869]))", "callback": [0.6150104575997574, 0.24101826107936752, 0.24101826107936752, 0.18223402841075254, 0.16663192796689263, 0.16182859023860652, 0.15934824920201462, 0.157540353132249, 0.15482440995974356, 0.15219458638870442, 0.1506652229511738, 0.15008559646399444, 0.1499728251176129, 0.14989107889967546, 0.149868300053408, 0.14986025265756164, 0.14985911510626682, 0.1498587435562343, 0.14985870448628802, 0.14985869051357126, 0.14985868823946502, 0.14985868738725672, 0.14985868684973425, 0.149858686563471, 0.14985868625059529, 0.14985868601263608, 0.1498586859028619, 0.14985868585122164, 0.14985868576674632, 0.14985868575896144, 0.14985868575475303, 0.14985868575310834, 0.14985868575235295, 0.14985868575146943, 0.1498586857511286, 0.14985868575075223, 0.1498586857505697, 0.14985868575052141, 0.14985868575048034, 0.14985868575047756, 0.14985868575047734, 0.14985868575047656, 0.14985868575047623, 0.149858685750476, 0.149858685750476]}, "10": {"maxiter": 1000, "fatol": 1e-10, "xatol": 1e-05, "duration": 0.11118102073669434, "fun": "0.14985868575896144", "nit": "301", "nfev": "480", "status": "0", "success": "True", "message": "Optimization terminated successfully.", "x": "[ 0.79097842  7.85588117 -1.06681377  4.55477142  2.03482176  1.56118854]", "final_simplex": "(array([[ 0.79097842,  7.85588117, -1.06681377,  4.55477142,  2.03482176,\n         1.56118854],\n       [ 0.79097492,  7.85587795, -1.0668191 ,  4.55477348,  2.03482949,\n         1.56119352],\n       [ 0.7909845 ,  7.85587839, -1.06681139,  4.55477457,  2.03482473,\n         1.56118911],\n       [ 0.79097997,  7.85587637, -1.06681412,  4.55477536,  2.03482029,\n         1.56119208],\n       [ 0.79098165,  7.85588978, -1.0668163 ,  4.55477209,  2.03483016,\n         1.561189  ],\n       [ 0.7909772 ,  7.85588009, -1.06681067,  4.55477328,  2.03481898,\n         1.56119752],\n       [ 0.79097695,  7.85587698, -1.06680571,  4.55477355,  2.0348202 ,\n         1.56118792]]), array([0.14985869, 0.14985869, 0.14985869, 0.14985869, 0.14985869,\n       0.14985869, 0.14985869]))", "callback": [0.6150104575997574, 0.24101826107936752, 0.24101826107936752, 0.18223402841075254, 0.16663192796689263, 0.16182859023860652, 0.15934824920201462, 0.157540353132249, 0.15482440995974356, 0.15219458638870442, 0.1506652229511738, 0.15008559646399444, 0.1499728251176129, 0.14989107889967546, 0.149868300053408, 0.14986025265756164, 0.14985911510626682, 0.1498587435562343, 0.14985870448628802, 0.14985869051357126, 0.14985868823946502, 0.14985868738725672, 0.14985868684973425, 0.149858686563471, 0.14985868625059529, 0.14985868601263608, 0.1498586859028619, 0.14985868585122164, 0.14985868576674632, 0.14985868575896144]}, "11": {"maxiter": 1000, "fatol": 1e-10, "xatol": 1e-10, "duration": 0.19660401344299316, "fun": "0.149858685750476", "nit": "453", "nfev": "784", "status": "0", "success": "True", "message": "Optimization terminated successfully.", "x": "[ 0.79097768  7.85587866 -1.0668123   4.55476836  2.03482544  1.56119605]", "final_simplex": "(array([[ 0.79097768,  7.85587866, -1.0668123 ,  4.55476836,  2.03482544,\n         1.56119605],\n       [ 0.79097768,  7.85587866, -1.0668123 ,  4.55476836,  2.03482544,\n         1.56119605],\n       [ 0.79097768,  7.85587866, -1.0668123 ,  4.55476836,  2.03482544,\n         1.56119605],\n       [ 0.79097768,  7.85587866, -1.0668123 ,  4.55476836,  2.03482544,\n         1.56119605],\n       [ 0.79097768,  7.85587866, -1.0668123 ,  4.55476836,  2.03482544,\n         1.56119605],\n       [ 0.79097768,  7.85587866, -1.0668123 ,  4.55476836,  2.03482544,\n         1.56119605],\n       [ 0.79097768,  7.85587866, -1.0668123 ,  4.55476836,  2.03482544,\n         1.56119605]]), array([0.14985869, 0.14985869, 0.14985869, 0.14985869, 0.14985869,\n       0.14985869, 0.14985869]))", "callback": [0.6150104575997574, 0.24101826107936752, 0.24101826107936752, 0.18223402841075254, 0.16663192796689263, 0.16182859023860652, 0.15934824920201462, 0.157540353132249, 0.15482440995974356, 0.15219458638870442, 0.1506652229511738, 0.15008559646399444, 0.1499728251176129, 0.14989107889967546, 0.149868300053408, 0.14986025265756164, 0.14985911510626682, 0.1498587435562343, 0.14985870448628802, 0.14985869051357126, 0.14985868823946502, 0.14985868738725672, 0.14985868684973425, 0.149858686563471, 0.14985868625059529, 0.14985868601263608, 0.1498586859028619, 0.14985868585122164, 0.14985868576674632, 0.14985868575896144, 0.14985868575475303, 0.14985868575310834, 0.14985868575235295, 0.14985868575146943, 0.1498586857511286, 0.14985868575075223, 0.1498586857505697, 0.14985868575052141, 0.14985868575048034, 0.14985868575047756, 0.14985868575047734, 0.14985868575047656, 0.14985868575047623, 0.149858685750476, 0.149858685750476]}}, "bfgs": {"type": "gradient", "0": {"maxiter": 100, "gtol": 1e-05, "xrtol": 1e-05, "eps": 1e-05, "duration": 0.04804110527038574, "fun": "0.14985868582168216", "jac": "[ 3.92941235e-07 -1.25428556e-06  2.82813772e-06  1.50323087e-06\n  8.29999403e-06  1.90492067e-07]", "hess_inv": "[[ 3.09027117  0.58947435  0.04450546  1.06575311 -0.13044488 -1.38334778]\n [ 0.58947435  6.91133153 -3.8312023  -0.36420135  1.50091519 -2.42139247]\n [ 0.04450546 -3.8312023  11.7382735  -1.44098752 -3.44364455  1.02355791]\n [ 1.06575311 -0.36420135 -1.44098752  3.85187496  0.22040761 -1.02228851]\n [-0.13044488  1.50091519 -3.44364455  0.22040761  3.0438085  -0.02770039]\n [-1.38334778 -2.42139247  1.02355791 -1.02228851 -0.02770039  5.29766322]]", "nfev": "196", "njev": "28", "status": "0", "success": "True", "message": "Optimization terminated successfully.", "x": "[ 0.79097212  7.85586318 -1.0667991   4.55476774  2.0348372   1.56120133]", "nit": "24", "callback": [0.20711694015843407, 0.14985889826448173]}, "1": {"maxiter": 100, "gtol": 1e-05, "xrtol": 1e-05, "eps": 1e-10, "duration": 0.04577803611755371, "fun": "0.14985868588060036", "jac": "[-2.22044587e-06  2.22044587e-06  4.44089173e-06  0.00000000e+00\n  8.88178346e-06  4.44089173e-06]", "hess_inv": "[[ 3.0457741   0.67178964 -0.0560658   1.001757   -0.11070608 -1.40870543]\n [ 0.67178964  6.98055694 -3.60479495 -0.37459169  1.32113936 -2.44364105]\n [-0.0560658  -3.60479495 11.74393392 -1.63543609 -3.4451069   1.03309903]\n [ 1.001757   -0.37459169 -1.63543609  3.83142608  0.30597146 -1.02176429]\n [-0.11070608  1.32113936 -3.4451069   0.30597146  3.07026081  0.0437404 ]\n [-1.40870543 -2.44364105  1.03309903 -1.02176429  0.0437404   5.29504753]]", "nfev": "196", "njev": "28", "status": "0", "success": "True", "message": "Optimization terminated successfully.", "x": "[ 0.79096956  7.85587988 -1.06679316  4.55475633  2.03484156  1.56121121]", "nit": "24", "callback": [0.20712360280892628, 0.14985889718027967]}, "2": {"maxiter": 100, "gtol": 1e-05, "xrtol": 1e-10, "eps": 1e-05, "duration": 0.04551076889038086, "fun": "0.14985868582168216", "jac": "[ 3.92941235e-07 -1.25428556e-06  2.82813772e-06  1.50323087e-06\n  8.29999403e-06  1.90492067e-07]", "hess_inv": "[[ 3.09027117  0.58947435  0.04450546  1.06575311 -0.13044488 -1.38334778]\n [ 0.58947435  6.91133153 -3.8312023  -0.36420135  1.50091519 -2.42139247]\n [ 0.04450546 -3.8312023  11.7382735  -1.44098752 -3.44364455  1.02355791]\n [ 1.06575311 -0.36420135 -1.44098752  3.85187496  0.22040761 -1.02228851]\n [-0.13044488  1.50091519 -3.44364455  0.22040761  3.0438085  -0.02770039]\n [-1.38334778 -2.42139247  1.02355791 -1.02228851 -0.02770039  5.29766322]]", "nfev": "196", "njev": "28", "status": "0", "success": "True", "message": "Optimization terminated successfully.", "x": "[ 0.79097212  7.85586318 -1.0667991   4.55476774  2.0348372   1.56120133]", "nit": "24", "callback": [0.20711694015843407, 0.14985889826448173]}, "3": {"maxiter": 100, "gtol": 1e-05, "xrtol": 1e-10, "eps": 1e-10, "duration": 0.047959089279174805, "fun": "0.14985868588060036", "jac": "[-2.22044587e-06  2.22044587e-06  4.44089173e-06  0.00000000e+00\n  8.88178346e-06  4.44089173e-06]", "hess_inv": "[[ 3.0457741   0.67178964 -0.0560658   1.001757   -0.11070608 -1.40870543]\n [ 0.67178964  6.98055694 -3.60479495 -0.37459169  1.32113936 -2.44364105]\n [-0.0560658  -3.60479495 11.74393392 -1.63543609 -3.4451069   1.03309903]\n [ 1.001757   -0.37459169 -1.63543609  3.83142608  0.30597146 -1.02176429]\n [-0.11070608  1.32113936 -3.4451069   0.30597146  3.07026081  0.0437404 ]\n [-1.40870543 -2.44364105  1.03309903 -1.02176429  0.0437404   5.29504753]]", "nfev": "196", "njev": "28", "status": "0", "success": "True", "message": "Optimization terminated successfully.", "x": "[ 0.79096956  7.85587988 -1.06679316  4.55475633  2.03484156  1.56121121]", "nit": "24", "callback": [0.20712360280892628, 0.14985889718027967]}, "4": {"maxiter": 100, "gtol": 1e-10, "xrtol": 1e-05, "eps": 1e-05, "duration": 0.04817700386047363, "fun": "0.14985868576770178", "jac": "[1.41087142e-07 1.37978518e-07 4.19331236e-07 2.14650520e-07\n 4.12536671e-07 9.45243883e-08]", "hess_inv": "[[ 3.06302528  0.59555052 -0.0833623   1.05414671 -0.12050287 -1.38774289]\n [ 0.59555052  7.02629205 -3.85521112 -0.42044198  1.28184828 -2.48887848]\n [-0.0833623  -3.85521112 11.1618959  -1.46889194 -3.29906229  1.03384865]\n [ 1.05414671 -0.42044198 -1.46889194  3.87668477  0.33431899 -0.98953259]\n [-0.12050287  1.28184828 -3.29906229  0.33431899  3.44445843  0.10154639]\n [-1.38774289 -2.48887848  1.03384865 -0.98953259  0.10154639  5.33725508]]", "nfev": "203", "njev": "29", "status": "0", "success": "True", "message": "Optimization terminated successfully.", "x": "[ 0.79097158  7.85587313 -1.06680608  4.55476254  2.03481908  1.56119545]", "nit": "25", "callback": [0.20711694015843407, 0.14985889826448173]}, "5": {"maxiter": 100, "gtol": 1e-10, "xrtol": 1e-05, "eps": 1e-10, "duration": 0.0465240478515625, "fun": "0.14985868578392147", "jac": "[ 2.22044587e-06  0.00000000e+00 -4.44089173e-06 -1.11022293e-06\n -2.22044587e-06 -2.22044587e-06]", "hess_inv": "[[ 3.12975125  0.8370948   0.12642499  0.9674516  -0.38829761 -1.57574118]\n [ 0.8370948   6.98886922 -3.85323121 -0.21286316  1.12925764 -2.78319482]\n [ 0.12642499 -3.85323121 10.97597849 -1.27063503 -3.36888941  0.64950916]\n [ 0.9674516  -0.21286316 -1.27063503  3.67968298  0.16302781 -0.94575514]\n [-0.38829761  1.12925764 -3.36888941  0.16302781  3.59142503  0.60790897]\n [-1.57574118 -2.78319482  0.64950916 -0.94575514  0.60790897  5.62692744]]", "nfev": "203", "njev": "29", "status": "0", "success": "True", "message": "Optimization terminated successfully.", "x": "[ 0.79098453  7.85588566 -1.06680603  4.55476735  2.03481855  1.56118062]", "nit": "25", "callback": [0.20712360280892628, 0.14985889718027967]}, "6": {"maxiter": 100, "gtol": 1e-10, "xrtol": 1e-10, "eps": 1e-05, "duration": 0.09232783317565918, "fun": "0.14985868576770178", "jac": "[1.41087142e-07 1.37978518e-07 4.19331236e-07 2.14650520e-07\n 4.12536671e-07 9.45243883e-08]", "hess_inv": "[[ 3.06607689  0.56719049 -0.05658357  1.06946092 -0.06996017 -1.37095556]\n [ 0.56719049  7.0372403  -3.98962111 -0.43513343  1.28260663 -2.49621628]\n [-0.05658357 -3.98962111 11.34502722 -1.39233367 -3.06870356  1.11379916]\n [ 1.06946092 -0.43513343 -1.39233367  3.88905377  0.35026058 -0.98040313]\n [-0.06996017  1.28260663 -3.06870356  0.35026058  3.40535543  0.10269386]\n [-1.37095556 -2.49621628  1.11379916 -0.98040313  0.10269386  5.34210306]]", "nfev": "402", "njev": "56", "status": "2", "success": "False", "message": "Desired error not necessarily achieved due to precision loss.", "x": "[ 0.79097158  7.85587313 -1.06680608  4.55476254  2.03481908  1.56119545]", "nit": "25", "callback": [0.20711694015843407, 0.14985889826448173]}, "7": {"maxiter": 100, "gtol": 1e-10, "xrtol": 1e-10, "eps": 1e-10, "duration": 0.07366132736206055, "fun": "0.14985868575982353", "jac": "[3.33066880e-06 2.22044587e-06 3.33066880e-06 3.33066880e-06\n 1.11022293e-06 0.00000000e+00]", "hess_inv": "[[ 3.63340024e-01  8.05082370e-02  1.61757266e-01 -3.53142197e-01\n  -1.44968901e-01 -1.27600601e-01]\n [ 8.05082370e-02  9.42177829e-01 -6.86047182e-03 -2.14934453e-01\n  -9.89007490e-01 -2.73902972e+00]\n [ 1.61757266e-01 -6.86047182e-03  7.49854995e-01 -5.29379181e-01\n   8.90915288e-01 -1.22872640e-01]\n [-3.53142197e-01 -2.14934453e-01 -5.29379181e-01  1.34540321e+00\n  -3.43350951e-01  3.92629352e-01]\n [-1.44968901e-01 -9.89007490e-01  8.90915288e-01 -3.43350951e-01\n   2.40632687e+00  2.84070058e+00]\n [-1.27600601e-01 -2.73902972e+00 -1.22872640e-01  3.92629352e-01\n   2.84070058e+00  8.54880831e+00]]", "nfev": "315", "njev": "45", "status": "0", "success": "True", "message": "Optimization terminated successfully.", "x": "[ 0.79098028  7.85587685 -1.06680175  4.55477137  2.03482072  1.56119661]", "nit": "32", "callback": [0.20712360280892628, 0.14985889718027967, 0.14985868575982386]}, "8": {"maxiter": 500, "gtol": 1e-05, "xrtol": 1e-05, "eps": 1e-05, "duration": 0.046399831771850586, "fun": "0.14985868582168216", "jac": "[ 3.92941235e-07 -1.25428556e-06  2.82813772e-06  1.50323087e-06\n  8.29999403e-06  1.90492067e-07]", "hess_inv": "[[ 3.09027117  0.58947435  0.04450546  1.06575311 -0.13044488 -1.38334778]\n [ 0.58947435  6.91133153 -3.8312023  -0.36420135  1.50091519 -2.42139247]\n [ 0.04450546 -3.8312023  11.7382735  -1.44098752 -3.44364455  1.02355791]\n [ 1.06575311 -0.36420135 -1.44098752  3.85187496  0.22040761 -1.02228851]\n [-0.13044488  1.50091519 -3.44364455  0.22040761  3.0438085  -0.02770039]\n [-1.38334778 -2.42139247  1.02355791 -1.02228851 -0.02770039  5.29766322]]", "nfev": "196", "njev": "28", "status": "0", "success": "True", "message": "Optimization terminated successfully.", "x": "[ 0.79097212  7.85586318 -1.0667991   4.55476774  2.0348372   1.56120133]", "nit": "24", "callback": [0.20711694015843407, 0.14985889826448173]}, "9": {"maxiter": 500, "gtol": 1e-05, "xrtol": 1e-05, "eps": 1e-10, "duration": 0.04484891891479492, "fun": "0.14985868588060036", "jac": "[-2.22044587e-06  2.22044587e-06  4.44089173e-06  0.00000000e+00\n  8.88178346e-06  4.44089173e-06]", "hess_inv": "[[ 3.0457741   0.67178964 -0.0560658   1.001757   -0.11070608 -1.40870543]\n [ 0.67178964  6.98055694 -3.60479495 -0.37459169  1.32113936 -2.44364105]\n [-0.0560658  -3.60479495 11.74393392 -1.63543609 -3.4451069   1.03309903]\n [ 1.001757   -0.37459169 -1.63543609  3.83142608  0.30597146 -1.02176429]\n [-0.11070608  1.32113936 -3.4451069   0.30597146  3.07026081  0.0437404 ]\n [-1.40870543 -2.44364105  1.03309903 -1.02176429  0.0437404   5.29504753]]", "nfev": "196", "njev": "28", "status": "0", "success": "True", "message": "Optimization terminated successfully.", "x": "[ 0.79096956  7.85587988 -1.06679316  4.55475633  2.03484156  1.56121121]", "nit": "24", "callback": [0.20712360280892628, 0.14985889718027967]}, "10": {"maxiter": 500, "gtol": 1e-05, "xrtol": 1e-10, "eps": 1e-05, "duration": 0.0457310676574707, "fun": "0.14985868582168216", "jac": "[ 3.92941235e-07 -1.25428556e-06  2.82813772e-06  1.50323087e-06\n  8.29999403e-06  1.90492067e-07]", "hess_inv": "[[ 3.09027117  0.58947435  0.04450546  1.06575311 -0.13044488 -1.38334778]\n [ 0.58947435  6.91133153 -3.8312023  -0.36420135  1.50091519 -2.42139247]\n [ 0.04450546 -3.8312023  11.7382735  -1.44098752 -3.44364455  1.02355791]\n [ 1.06575311 -0.36420135 -1.44098752  3.85187496  0.22040761 -1.02228851]\n [-0.13044488  1.50091519 -3.44364455  0.22040761  3.0438085  -0.02770039]\n [-1.38334778 -2.42139247  1.02355791 -1.02228851 -0.02770039  5.29766322]]", "nfev": "196", "njev": "28", "status": "0", "success": "True", "message": "Optimization terminated successfully.", "x": "[ 0.79097212  7.85586318 -1.0667991   4.55476774  2.0348372   1.56120133]", "nit": "24", "callback": [0.20711694015843407, 0.14985889826448173]}, "11": {"maxiter": 500, "gtol": 1e-05, "xrtol": 1e-10, "eps": 1e-10, "duration": 0.04601097106933594, "fun": "0.14985868588060036", "jac": "[-2.22044587e-06  2.22044587e-06  4.44089173e-06  0.00000000e+00\n  8.88178346e-06  4.44089173e-06]", "hess_inv": "[[ 3.0457741   0.67178964 -0.0560658   1.001757   -0.11070608 -1.40870543]\n [ 0.67178964  6.98055694 -3.60479495 -0.37459169  1.32113936 -2.44364105]\n [-0.0560658  -3.60479495 11.74393392 -1.63543609 -3.4451069   1.03309903]\n [ 1.001757   -0.37459169 -1.63543609  3.83142608  0.30597146 -1.02176429]\n [-0.11070608  1.32113936 -3.4451069   0.30597146  3.07026081  0.0437404 ]\n [-1.40870543 -2.44364105  1.03309903 -1.02176429  0.0437404   5.29504753]]", "nfev": "196", "njev": "28", "status": "0", "success": "True", "message": "Optimization terminated successfully.", "x": "[ 0.79096956  7.85587988 -1.06679316  4.55475633  2.03484156  1.56121121]", "nit": "24", "callback": [0.20712360280892628, 0.14985889718027967]}, "12": {"maxiter": 500, "gtol": 1e-10, "xrtol": 1e-05, "eps": 1e-05, "duration": 0.04744291305541992, "fun": "0.14985868576770178", "jac": "[1.41087142e-07 1.37978518e-07 4.19331236e-07 2.14650520e-07\n 4.12536671e-07 9.45243883e-08]", "hess_inv": "[[ 3.06302528  0.59555052 -0.0833623   1.05414671 -0.12050287 -1.38774289]\n [ 0.59555052  7.02629205 -3.85521112 -0.42044198  1.28184828 -2.48887848]\n [-0.0833623  -3.85521112 11.1618959  -1.46889194 -3.29906229  1.03384865]\n [ 1.05414671 -0.42044198 -1.46889194  3.87668477  0.33431899 -0.98953259]\n [-0.12050287  1.28184828 -3.29906229  0.33431899  3.44445843  0.10154639]\n [-1.38774289 -2.48887848  1.03384865 -0.98953259  0.10154639  5.33725508]]", "nfev": "203", "njev": "29", "status": "0", "success": "True", "message": "Optimization terminated successfully.", "x": "[ 0.79097158  7.85587313 -1.06680608  4.55476254  2.03481908  1.56119545]", "nit": "25", "callback": [0.20711694015843407, 0.14985889826448173]}, "13": {"maxiter": 500, "gtol": 1e-10, "xrtol": 1e-05, "eps": 1e-10, "duration": 0.04637908935546875, "fun": "0.14985868578392147", "jac": "[ 2.22044587e-06  0.00000000e+00 -4.44089173e-06 -1.11022293e-06\n -2.22044587e-06 -2.22044587e-06]", "hess_inv": "[[ 3.12975125  0.8370948   0.12642499  0.9674516  -0.38829761 -1.57574118]\n [ 0.8370948   6.98886922 -3.85323121 -0.21286316  1.12925764 -2.78319482]\n [ 0.12642499 -3.85323121 10.97597849 -1.27063503 -3.36888941  0.64950916]\n [ 0.9674516  -0.21286316 -1.27063503  3.67968298  0.16302781 -0.94575514]\n [-0.38829761  1.12925764 -3.36888941  0.16302781  3.59142503  0.60790897]\n [-1.57574118 -2.78319482  0.64950916 -0.94575514  0.60790897  5.62692744]]", "nfev": "203", "njev": "29", "status": "0", "success": "True", "message": "Optimization terminated successfully.", "x": "[ 0.79098453  7.85588566 -1.06680603  4.55476735  2.03481855  1.56118062]", "nit": "25", "callback": [0.20712360280892628, 0.14985889718027967]}, "14": {"maxiter": 500, "gtol": 1e-10, "xrtol": 1e-10, "eps": 1e-05, "duration": 0.09091305732727051, "fun": "0.14985868576770178", "jac": "[1.41087142e-07 1.37978518e-07 4.19331236e-07 2.14650520e-07\n 4.12536671e-07 9.45243883e-08]", "hess_inv": "[[ 3.06607689  0.56719049 -0.05658357  1.06946092 -0.06996017 -1.37095556]\n [ 0.56719049  7.0372403  -3.98962111 -0.43513343  1.28260663 -2.49621628]\n [-0.05658357 -3.98962111 11.34502722 -1.39233367 -3.06870356  1.11379916]\n [ 1.06946092 -0.43513343 -1.39233367  3.88905377  0.35026058 -0.98040313]\n [-0.06996017  1.28260663 -3.06870356  0.35026058  3.40535543  0.10269386]\n [-1.37095556 -2.49621628  1.11379916 -0.98040313  0.10269386  5.34210306]]", "nfev": "402", "njev": "56", "status": "2", "success": "False", "message": "Desired error not necessarily achieved due to precision loss.", "x": "[ 0.79097158  7.85587313 -1.06680608  4.55476254  2.03481908  1.56119545]", "nit": "25", "callback": [0.20711694015843407, 0.14985889826448173]}, "15": {"maxiter": 500, "gtol": 1e-10, "xrtol": 1e-10, "eps": 1e-10, "duration": 0.07114005088806152, "fun": "0.14985868575982353", "jac": "[3.33066880e-06 2.22044587e-06 3.33066880e-06 3.33066880e-06\n 1.11022293e-06 0.00000000e+00]", "hess_inv": "[[ 3.63340024e-01  8.05082370e-02  1.61757266e-01 -3.53142197e-01\n  -1.44968901e-01 -1.27600601e-01]\n [ 8.05082370e-02  9.42177829e-01 -6.86047182e-03 -2.14934453e-01\n  -9.89007490e-01 -2.73902972e+00]\n [ 1.61757266e-01 -6.86047182e-03  7.49854995e-01 -5.29379181e-01\n   8.90915288e-01 -1.22872640e-01]\n [-3.53142197e-01 -2.14934453e-01 -5.29379181e-01  1.34540321e+00\n  -3.43350951e-01  3.92629352e-01]\n [-1.44968901e-01 -9.89007490e-01  8.90915288e-01 -3.43350951e-01\n   2.40632687e+00  2.84070058e+00]\n [-1.27600601e-01 -2.73902972e+00 -1.22872640e-01  3.92629352e-01\n   2.84070058e+00  8.54880831e+00]]", "nfev": "315", "njev": "45", "status": "0", "success": "True", "message": "Optimization terminated successfully.", "x": "[ 0.79098028  7.85587685 -1.06680175  4.55477137  2.03482072  1.56119661]", "nit": "32", "callback": [0.20712360280892628, 0.14985889718027967, 0.14985868575982386]}, "16": {"maxiter": 1000, "gtol": 1e-05, "xrtol": 1e-05, "eps": 1e-05, "duration": 0.045095205307006836, "fun": "0.14985868582168216", "jac": "[ 3.92941235e-07 -1.25428556e-06  2.82813772e-06  1.50323087e-06\n  8.29999403e-06  1.90492067e-07]", "hess_inv": "[[ 3.09027117  0.58947435  0.04450546  1.06575311 -0.13044488 -1.38334778]\n [ 0.58947435  6.91133153 -3.8312023  -0.36420135  1.50091519 -2.42139247]\n [ 0.04450546 -3.8312023  11.7382735  -1.44098752 -3.44364455  1.02355791]\n [ 1.06575311 -0.36420135 -1.44098752  3.85187496  0.22040761 -1.02228851]\n [-0.13044488  1.50091519 -3.44364455  0.22040761  3.0438085  -0.02770039]\n [-1.383347