{"conf_id": 13, "data_type": "random\n", "num_data_points": 1, "s_rank": 0, "unitary": "[[-0.53618537-0.34368723j,-0.12107031-0.46226139j,-0.07699282-0.46603512j,0.36022595-0.11472301j],[0.26026499-0.63450712j,-0.56616638+0.37832564j,-0.14988651+0.08458591j,0.10363514-0.16008501j],[-0.32580188-0.11070003j,-0.36476308-0.23593218j,0.02559343+0.41761608j,-0.25598305+0.6725303j],[0.07406738-0.0126433j,0.28513701+0.19483972j,-0.74939717-0.10299659j,0.29798249+0.46269921j]]", "databatch_0": {"databatch": "[[[0.01686957-0.2673901j,0.04303745+0.1863105j,-0.25243521-0.0345862j,0.10937012-0.09371959j],[0.01477959+0.1450047j,-0.30928903+0.15344659j,0.29756873+0.01966071j,0.26502048+0.13735247j],[0.05824069+0.11848361j,0.27390433-0.10760584j,-0.06526517-0.03364234j,-0.28423348+0.18015015j],[-0.28553381-0.07743705j,0.04419631-0.20104731j,-0.00481757+0.28788311j,0.03259728-0.22577573j]]]", "nelder_mead": {"0": {"maxiter": 100, "fatol": 1e-05, "xatol": 1e-05, "duration": 0.04023385047912598, "fun": "0.6950275301933289", "nit": "100", "nfev": "158", "status": "2", "success": "False", "message": "Maximum number of iterations has been exceeded.", "x": "[0.33732182 7.11261316 1.8577319  1.627298   0.42070339 7.90384832]", "final_simplex": "(array([[0.33732182, 7.11261316, 1.8577319 , 1.627298  , 0.42070339,\n        7.90384832],\n       [0.36328946, 7.17317109, 1.74984998, 1.57730522, 0.47060717,\n        7.81987398],\n       [0.34015518, 7.11069894, 1.81374143, 1.65076926, 0.42829046,\n        7.79734142],\n       [0.34506513, 7.1458415 , 1.80312197, 1.63506513, 0.43574736,\n        7.76308442],\n       [0.33530792, 7.12987679, 1.84636396, 1.62220675, 0.504247  ,\n        7.84286933],\n       [0.34480542, 7.16600626, 1.80035063, 1.57589926, 0.4940628 ,\n        7.80898395],\n       [0.35662887, 7.06539709, 1.7683981 , 1.56580238, 0.50442722,\n        7.77164375]]), array([0.69502753, 0.69587183, 0.6962266 , 0.69641072, 0.69647908,\n       0.69648665, 0.69658285]))"}, "1": {"maxiter": 100, "fatol": 1e-05, "xatol": 1e-10, "duration": 0.04306602478027344, "fun": "0.6950275301933289", "nit": "100", "nfev": "158", "status": "2", "success": "False", "message": "Maximum number of iterations has been exceeded.", "x": "[0.33732182 7.11261316 1.8577319  1.627298   0.42070339 7.90384832]", "final_simplex": "(array([[0.33732182, 7.11261316, 1.8577319 , 1.627298  , 0.42070339,\n        7.90384832],\n       [0.36328946, 7.17317109, 1.74984998, 1.57730522, 0.47060717,\n        7.81987398],\n       [0.34015518, 7.11069894, 1.81374143, 1.65076926, 0.42829046,\n        7.79734142],\n       [0.34506513, 7.1458415 , 1.80312197, 1.63506513, 0.43574736,\n        7.76308442],\n       [0.33530792, 7.12987679, 1.84636396, 1.62220675, 0.504247  ,\n        7.84286933],\n       [0.34480542, 7.16600626, 1.80035063, 1.57589926, 0.4940628 ,\n        7.80898395],\n       [0.35662887, 7.06539709, 1.7683981 , 1.56580238, 0.50442722,\n        7.77164375]]), array([0.69502753, 0.69587183, 0.6962266 , 0.69641072, 0.69647908,\n       0.69648665, 0.69658285]))"}, "2": {"maxiter": 100, "fatol": 1e-10, "xatol": 1e-05, "duration": 0.0437779426574707, "fun": "0.6950275301933289", "nit": "100", "nfev": "158", "status": "2", "success": "False", "message": "Maximum number of iterations has been exceeded.", "x": "[0.33732182 7.11261316 1.8577319  1.627298   0.42070339 7.90384832]", "final_simplex": "(array([[0.33732182, 7.11261316, 1.8577319 , 1.627298  , 0.42070339,\n        7.90384832],\n       [0.36328946, 7.17317109, 1.74984998, 1.57730522, 0.47060717,\n        7.81987398],\n       [0.34015518, 7.11069894, 1.81374143, 1.65076926, 0.42829046,\n        7.79734142],\n       [0.34506513, 7.1458415 , 1.80312197, 1.63506513, 0.43574736,\n        7.76308442],\n       [0.33530792, 7.12987679, 1.84636396, 1.62220675, 0.504247  ,\n        7.84286933],\n       [0.34480542, 7.16600626, 1.80035063, 1.57589926, 0.4940628 ,\n        7.80898395],\n       [0.35662887, 7.06539709, 1.7683981 , 1.56580238, 0.50442722,\n        7.77164375]]), array([0.69502753, 0.69587183, 0.6962266 , 0.69641072, 0.69647908,\n       0.69648665, 0.69658285]))"}, "3": {"maxiter": 100, "fatol": 1e-10, "xatol": 1e-10, "duration": 0.049592018127441406, "fun": "0.6950275301933289", "nit": "100", "nfev": "158", "status": "2", "success": "False", "message": "Maximum number of iterations has been exceeded.", "x": "[0.33732182 7.11261316 1.8577319  1.627298   0.42070339 7.90384832]", "final_simplex": "(array([[0.33732182, 7.11261316, 1.8577319 , 1.627298  , 0.42070339,\n        7.90384832],\n       [0.36328946, 7.17317109, 1.74984998, 1.57730522, 0.47060717,\n        7.81987398],\n       [0.34015518, 7.11069894, 1.81374143, 1.65076926, 0.42829046,\n        7.79734142],\n       [0.34506513, 7.1458415 , 1.80312197, 1.63506513, 0.43574736,\n        7.76308442],\n       [0.33530792, 7.12987679, 1.84636396, 1.62220675, 0.504247  ,\n        7.84286933],\n       [0.34480542, 7.16600626, 1.80035063, 1.57589926, 0.4940628 ,\n        7.80898395],\n       [0.35662887, 7.06539709, 1.7683981 , 1.56580238, 0.50442722,\n        7.77164375]]), array([0.69502753, 0.69587183, 0.6962266 , 0.69641072, 0.69647908,\n       0.69648665, 0.69658285]))"}, "4": {"maxiter": 500, "fatol": 1e-05, "xatol": 1e-05, "duration": 0.20220494270324707, "fun": "0.31988853216171265", "nit": "475", "nfev": "780", "status": "0", "success": "True", "message": "Optimization terminated successfully.", "x": "[ 2.86637316  4.23312552  4.12782356  2.17090406 -2.5820344   9.19469216]", "final_simplex": "(array([[ 2.86637316,  4.23312552,  4.12782356,  2.17090406, -2.5820344 ,\n         9.19469216],\n       [ 2.86637488,  4.23312298,  4.12782154,  2.17090253, -2.58203752,\n         9.19468999],\n       [ 2.86637434,  4.23312152,  4.12781838,  2.17090215, -2.5820374 ,\n         9.1946903 ],\n       [ 2.86637403,  4.23311879,  4.12781532,  2.17090153, -2.58203749,\n         9.19468851],\n       [ 2.86637315,  4.23312614,  4.12782349,  2.1709017 , -2.58203626,\n         9.19468999],\n       [ 2.86637314,  4.23311986,  4.12781805,  2.17090177, -2.58203685,\n         9.19469035],\n       [ 2.86637396,  4.23312186,  4.12781923,  2.17090341, -2.58203756,\n         9.19468997]]), array([0.31988853, 0.31988853, 0.31988853, 0.31988853, 0.31988853,\n       0.31988853, 0.31988853]))"}, "5": {"maxiter": 500, "fatol": 1e-05, "xatol": 1e-10, "duration": 0.24439311027526855, "fun": "0.31988853216171265", "nit": "492", "nfev": "916", "status": "0", "success": "True", "message": "Optimization terminated successfully.", "x": "[ 2.86637316  4.23312552  4.12782356  2.17090406 -2.5820344   9.19469216]", "final_simplex": "(array([[ 2.86637316,  4.23312552,  4.12782356,  2.17090406, -2.5820344 ,\n         9.19469216],\n       [ 2.86637316,  4.23312552,  4.12782356,  2.17090406, -2.5820344 ,\n         9.19469216],\n       [ 2.86637316,  4.23312552,  4.12782356,  2.17090406, -2.5820344 ,\n         9.19469216],\n       [ 2.86637316,  4.23312552,  4.12782356,  2.17090406, -2.5820344 ,\n         9.19469216],\n       [ 2.86637316,  4.23312552,  4.12782356,  2.17090406, -2.5820344 ,\n         9.19469216],\n       [ 2.86637316,  4.23312552,  4.12782356,  2.17090406, -2.5820344 ,\n         9.19469216],\n       [ 2.86637316,  4.23312552,  4.12782356,  2.17090406, -2.5820344 ,\n         9.19469216]]), array([0.31988853, 0.31988853, 0.31988853, 0.31988853, 0.31988853,\n       0.31988853, 0.31988853]))"}, "6": {"maxiter": 500, "fatol": 1e-10, "xatol": 1e-05, "duration": 0.20302700996398926, "fun": "0.31988853216171265", "nit": "475", "nfev": "780", "status": "0", "success": "True", "message": "Optimization terminated successfully.", "x": "[ 2.86637316  4.23312552  4.12782356  2.17090406 -2.5820344   9.19469216]", "final_simplex": "(array([[ 2.86637316,  4.23312552,  4.12782356,  2.17090406, -2.5820344 ,\n         9.19469216],\n       [ 2.86637488,  4.23312298,  4.12782154,  2.17090253, -2.58203752,\n         9.19468999],\n       [ 2.86637434,  4.23312152,  4.12781838,  2.17090215, -2.5820374 ,\n         9.1946903 ],\n       [ 2.86637403,  4.23311879,  4.12781532,  2.17090153, -2.58203749,\n         9.19468851],\n       [ 2.86637315,  4.23312614,  4.12782349,  2.1709017 , -2.58203626,\n         9.19468999],\n       [ 2.86637314,  4.23311986,  4.12781805,  2.17090177, -2.58203685,\n         9.19469035],\n       [ 2.86637396,  4.23312186,  4.12781923,  2.17090341, -2.58203756,\n         9.19468997]]), array([0.31988853, 0.31988853, 0.31988853, 0.31988853, 0.31988853,\n       0.31988853, 0.31988853]))"}, "7": {"maxiter": 500, "fatol": 1e-10, "xatol": 1e-10, "duration": 0.309009313583374, "fun": "0.31988853216171265", "nit": "492", "nfev": "916", "status": "0", "success": "True", "message": "Optimization terminated successfully.", "x": "[ 2.86637316  4.23312552  4.12782356  2.17090406 -2.5820344   9.19469216]", "final_simplex": "(array([[ 2.86637316,  4.23312552,  4.12782356,  2.17090406, -2.5820344 ,\n         9.19469216],\n       [ 2.86637316,  4.23312552,  4.12782356,  2.17090406, -2.5820344 ,\n         9.19469216],\n       [ 2.86637316,  4.23312552,  4.12782356,  2.17090406, -2.5820344 ,\n         9.19469216],\n       [ 2.86637316,  4.23312552,  4.12782356,  2.17090406, -2.5820344 ,\n         9.19469216],\n       [ 2.86637316,  4.23312552,  4.12782356,  2.17090406, -2.5820344 ,\n         9.19469216],\n       [ 2.86637316,  4.23312552,  4.12782356,  2.17090406, -2.5820344 ,\n         9.19469216],\n       [ 2.86637316,  4.23312552,  4.12782356,  2.17090406, -2.5820344 ,\n         9.19469216]]), array([0.31988853, 0.31988853, 0.31988853, 0.31988853, 0.31988853,\n       0.31988853, 0.31988853]))"}, "8": {"maxiter": 1000, "fatol": 1e-05, "xatol": 1e-05, "duration": 0.2567160129547119, "fun": "0.31988853216171265", "nit": "475", "nfev": "780", "status": "0", "success": "True", "message": "Optimization terminated successfully.", "x": "[ 2.86637316  4.23312552  4.12782356  2.17090406 -2.5820344   9.19469216]", "final_simplex": "(array([[ 2.86637316,  4.23312552,  4.12782356,  2.17090406, -2.5820344 ,\n         9.19469216],\n       [ 2.86637488,  4.23312298,  4.12782154,  2.17090253, -2.58203752,\n         9.19468999],\n       [ 2.86637434,  4.23312152,  4.12781838,  2.17090215, -2.5820374 ,\n         9.1946903 ],\n       [ 2.86637403,  4.23311879,  4.12781532,  2.17090153, -2.58203749,\n         9.19468851],\n       [ 2.86637315,  4.23312614,  4.12782349,  2.1709017 , -2.58203626,\n         9.19468999],\n       [ 2.86637314,  4.23311986,  4.12781805,  2.17090177, -2.58203685,\n         9.19469035],\n       [ 2.86637396,  4.23312186,  4.12781923,  2.17090341, -2.58203756,\n         9.19468997]]), array([0.31988853, 0.31988853, 0.31988853, 0.31988853, 0.31988853,\n       0.31988853, 0.31988853]))"}, "9": {"maxiter": 1000, "fatol": 1e-05, "xatol": 1e-10, "duration": 0.27893996238708496, "fun": "0.31988853216171265", "nit": "492", "nfev": "916", "status": "0", "success": "True", "message": "Optimization terminated successfully.", "x": "[ 2.86637316  4.23312552  4.12782356  2.17090406 -2.5820344   9.19469216]", "final_simplex": "(array([[ 2.86637316,  4.23312552,  4.12782356,  2.17090406, -2.5820344 ,\n         9.19469216],\n       [ 2.86637316,  4.23312552,  4.12782356,  2.17090406, -2.5820344 ,\n         9.19469216],\n       [ 2.86637316,  4.23312552,  4.12782356,  2.17090406, -2.5820344 ,\n         9.19469216],\n       [ 2.86637316,  4.23312552,  4.12782356,  2.17090406, -2.5820344 ,\n         9.19469216],\n       [ 2.86637316,  4.23312552,  4.12782356,  2.17090406, -2.5820344 ,\n         9.19469216],\n       [ 2.86637316,  4.23312552,  4.12782356,  2.17090406, -2.5820344 ,\n         9.19469216],\n       [ 2.86637316,  4.23312552,  4.12782356,  2.17090406, -2.5820344 ,\n         9.19469216]]), array([0.31988853, 0.31988853, 0.31988853, 0.31988853, 0.31988853,\n       0.31988853, 0.31988853]))"}, "10": {"maxiter": 1000, "fatol": 1e-10, "xatol": 1e-05, "duration": 0.2498011589050293, "fun": "0.31988853216171265", "nit": "475", "nfev": "780", "status": "0", "success": "True", "message": "Optimization terminated successfully.", "x": "[ 2.86637316  4.23312552  4.12782356  2.17090406 -2.5820344   9.19469216]", "final_simplex": "(array([[ 2.86637316,  4.23312552,  4.12782356,  2.17090406, -2.5820344 ,\n         9.19469216],\n       [ 2.86637488,  4.23312298,  4.12782154,  2.17090253, -2.58203752,\n         9.19468999],\n       [ 2.86637434,  4.23312152,  4.12781838,  2.17090215, -2.5820374 ,\n         9.1946903 ],\n       [ 2.86637403,  4.23311879,  4.12781532,  2.17090153, -2.58203749,\n         9.19468851],\n       [ 2.86637315,  4.23312614,  4.12782349,  2.1709017 , -2.58203626,\n         9.19468999],\n       [ 2.86637314,  4.23311986,  4.12781805,  2.17090177, -2.58203685,\n         9.19469035],\n       [ 2.86637396,  4.23312186,  4.12781923,  2.17090341, -2.58203756,\n         9.19468997]]), array([0.31988853, 0.31988853, 0.31988853, 0.31988853, 0.31988853,\n       0.31988853, 0.31988853]))"}, "11": {"maxiter": 1000, "fatol": 1e-10, "xatol": 1e-10, "duration": 0.26964569091796875, "fun": "0.31988853216171265", "nit": "492", "nfev": "916", "status": "0", "success": "True", "message": "Optimization terminated successfully.", "x": "[ 2.86637316  4.23312552  4.12782356  2.17090406 -2.5820344   9.19469216]", "final_simplex": "(array([[ 2.86637316,  4.23312552,  4.12782356,  2.17090406, -2.5820344 ,\n         9.19469216],\n       [ 2.86637316,  4.23312552,  4.12782356,  2.17090406, -2.5820344 ,\n         9.19469216],\n       [ 2.86637316,  4.23312552,  4.12782356,  2.17090406, -2.5820344 ,\n         9.19469216],\n       [ 2.86637316,  4.23312552,  4.12782356,  2.17090406, -2.5820344 ,\n         9.19469216],\n       [ 2.86637316,  4.23312552,  4.12782356,  2.17090406, -2.5820344 ,\n         9.19469216],\n       [ 2.86637316,  4.23312552,  4.12782356,  2.17090406, -2.5820344 ,\n         9.19469216],\n       [ 2.86637316,  4.23312552,  4.12782356,  2.17090406, -2.5820344 ,\n         9.19469216]]), array([0.31988853, 0.31988853, 0.31988853, 0.31988853, 0.31988853,\n       0.31988853, 0.31988853]))"}}, "bfgs": {"0": {"maxiter": 100, "gtol": 1e-05, "xrtol": 1e-05, "eps": 1e-05, "duration": 0.09343314170837402, "fun": "0.32007649540901184", "jac": "[0. 0. 0. 0. 0. 0.]", "hess_inv": "[[ 2.33334439  1.49757654  1.82189231 -2.30074075 -1.17437188  1.16696774]\n [ 1.49757654  3.6312691   4.12189459 -2.64882636 -0.36881723  1.64479219]\n [ 1.82189231  4.12189459  6.43174138 -3.23632174 -0.51322018  2.31731745]\n [-2.30074075 -2.64882636 -3.23632174  3.16453219  0.77887094 -1.98531663]\n [-1.17437188 -0.36881723 -0.51322018  0.77887094  1.28216543  0.0500292 ]\n [ 1.16696774  1.64479219  2.31731745 -1.98531663  0.0500292   2.51383261]]", "nfev": "350", "njev": "50", "status": "0", "success": "True", "message": "Optimization terminated successfully.", "x": "[ 2.87703738  4.0881389   3.99502404 -2.18089722  0.52964564  6.04659997]", "nit": "36"}, "1": {"maxiter": 100, "gtol": 1e-05, "xrtol": 1e-05, "eps": 1e-10, "duration": 0.0019779205322265625, "fun": "0.8957982659339905", "jac": "[0. 0. 0. 0. 0. 0.]", "hess_inv": "[[1 0 0 0 0 0]\n [0 1 0 0 0 0]\n [0 0 1 0 0 0]\n [0 0 0 1 0 0]\n [0 0 0 0 1 0]\n [0 0 0 0 0 1]]", "nfev": "7", "njev": "1", "status": "0", "success": "True", "message": "Optimization terminated successfully.", "x": "[0.46476622 4.93531644 1.94809345 1.05100076 1.53256379 5.65976765]", "nit": "0"}, "2": {"maxiter": 100, "gtol": 1e-05, "xrtol": 1e-10, "eps": 1e-05, "duration": 0.10650992393493652, "fun": "0.32007649540901184", "jac": "[0. 0. 0. 0. 0. 0.]", "hess_inv": "[[ 2.33334439  1.49757654  1.82189231 -2.30074075 -1.17437188  1.16696774]\n [ 1.49757654  3.6312691   4.12189459 -2.64882636 -0.36881723  1.64479219]\n [ 1.82189231  4.12189459  6.43174138 -3.23632174 -0.51322018  2.31731745]\n [-2.30074075 -2.64882636 -3.23632174  3.16453219  0.77887094 -1.98531663]\n [-1.17437188 -0.36881723 -0.51322018  0.77887094  1.28216543  0.0500292 ]\n [ 1.16696774  1.64479219  2.31731745 -1.98531663  0.0500292   2.51383261]]", "nfev": "350", "njev": "50", "status": "0", "success": "True", "message": "Optimization terminated successfully.", "x": "[ 2.87703738  4.0881389   3.99502404 -2.18089722  0.52964564  6.04659997]", "nit": "36"}, "3": {"maxiter": 100, "gtol": 1e-05, "xrtol": 1e-10, "eps": 1e-10, "duration": 0.002602815628051758, "fun": "0.8957982659339905", "jac": "[0. 0. 0. 0. 0. 0.]", "hess_inv": "[[1 0 0 0 0 0]\n [0 1 0 0 0 0]\n [0 0 1 0 0 0]\n [0 0 0 1 0 0]\n [0 0 0 0 1 0]\n [0 0 0 0 0 1]]", "nfev": "7", "njev": "1", "status": "0", "success": "True", "message": "Optimization terminated successfully.", "x": "[0.46476622 4.93531644 1.94809345 1.05100076 1.53256379 5.65976765]", "nit": "0"}, "4": {"maxiter": 100, "gtol": 1e-10, "xrtol": 1e-05, "eps": 1e-05, "duration": 0.12062311172485352, "fun": "0.32007649540901184", "jac": "[0. 0. 0. 0. 0. 0.]", "hess_inv": "[[ 2.33334439  1.49757654  1.82189231 -2.30074075 -1.17437188  1.16696774]\n [ 1.49757654  3.6312691   4.12189459 -2.64882636 -0.36881723  1.64479219]\n [ 1.82189231  4.12189459  6.43174138 -3.23632174 -0.51322018  2.31731745]\n [-2.30074075 -2.64882636 -3.23632174  3.16453219  0.77887094 -1.98531663]\n [-1.17437188 -0.36881723 -0.51322018  0.77887094  1.28216543  0.0500292 ]\n [ 1.16696774  1.64479219  2.31731745 -1.98531663  0.0500292   2.51383261]]", "nfev": "350", "njev": "50", "status": "0", "success": "True", "message": "Optimization terminated successfully.", "x": "[ 2.87703738  4.0881389   3.99502404 -2.18089722  0.52964564  6.04659997]", "nit": "36"}, "5": {"maxiter": 100, "gtol": 1e-10, "xrtol": 1e-05, "eps": 1e-10, "duration": 0.002093076705932617, "fun": "0.8957982659339905", "jac": "[0. 0. 0. 0. 0. 0.]", "hess_inv": "[[1 0 0 0 0 0]\n [0 1 0 0 0 0]\n [0 0 1 0 0 0]\n [0 0 0 1 0 0]\n [0 0 0 0 1 0]\n [0 0 0 0 0 1]]", "nfev": "7", "njev": "1", "status": "0", "success": "True", "message": "Optimization terminated successfully.", "x": "[0.46476622 4.93531644 1.94809345 1.05100076 1.53256379 5.65976765]", "nit": "0"}, "6": {"maxiter": 100, "gtol": 1e-10, "xrtol": 1e-10, "eps": 1e-05, "duration": 0.11060285568237305, "fun": "0.32007649540901184", "jac": "[0. 0. 0. 0. 0. 0.]", "hess_inv": "[[ 2.33334439  1.49757654  1.82189231 -2.30074075 -1.17437188  1.16696774]\n [ 1.49757654  3.6312691   4.12189459 -2.64882636 -0.36881723  1.64479219]\n [ 1.82189231  4.12189459  6.43174138 -3.23632174 -0.51322018  2.31731745]\n [-2.30074075 -2.64882636 -3.23632174  3.16453219  0.77887094 -1.98531663]\n [-1.17437188 -0.36881723 -0.51322018  0.77887094  1.28216543  0.0500292 ]\n [ 1.16696774  1.64479219  2.31731745 -1.98531663  0.0500292   2.51383261]]", "nfev": "350", "njev": "50", "status": "0", "success": "True", "message": "Optimization terminated successfully.", "x": "[ 2.87703738  4.0881389   3.99502404 -2.18089722  0.52964564  6.04659997]", "nit": "36"}, "7": {"maxiter": 100, "gtol": 1e-10, "xrtol": 1e-10, "eps": 1e-10, "duration": 0.002178192138671875, "fun": "0.8957982659339905", "jac": "[0. 0. 0. 0. 0. 0.]", "hess_inv": "[[1 0 0 0 0 0]\n [0 1 0 0 0 0]\n [0 0 1 0 0 0]\n [0 0 0 1 0 0]\n [0 0 0 0 1 0]\n [0 0 0 0 0 1]]", "nfev": "7", "njev": "1", "status": "0", "success": "True", "message": "Optimization terminated successfully.", "x": "[0.46476622 4.93531644 1.94809345 1.05100076 1.53256379 5.65976765]", "nit": "0"}, "8": {"maxiter": 500, "gtol": 1e-05, "xrtol": 1e-05, "eps": 1e-05, "duration": 0.11159014701843262, "fun": "0.32007649540901184", "jac": "[0. 0. 0. 0. 0. 0.]", "hess_inv": "[[ 2.33334439  1.49757654  1.82189231 -2.30074075 -1.17437188  1.16696774]\n [ 1.49757654  3.6312691   4.12189459 -2.64882636 -0.36881723  1.64479219]\n [ 1.82189231  4.12189459  6.43174138 -3.23632174 -0.51322018  2.31731745]\n [-2.30074075 -2.64882636 -3.23632174  3.16453219  0.77887094 -1.98531663]\n [-1.17437188 -0.36881723 -0.51322018  0.77887094  1.28216543  0.0500292 ]\n [ 1.16696774  1.64479219  2.31731745 -1.98531663  0.0500292   2.51383261]]", "nfev": "350", "njev": "50", "status": "0", "success": "True", "message": "Optimization terminated successfully.", "x": "[ 2.87703738  4.0881389   3.99502404 -2.18089722  0.52964564  6.04659997]", "nit": "36"}, "9": {"maxiter": 500, "gtol": 1e-05, "xrtol": 1e-05, "eps": 1e-10, "duration": 0.003426074981689453, "fun": "0.8957982659339905", "jac": "[0. 0. 0. 0. 0. 0.]", "hess_inv": "[[1 0 0 0 0 0]\n [0 1 0 0 0 0]\n [0 0 1 0 0 0]\n [0 0 0 1 0 0]\n [0 0 0 0 1 0]\n [0 0 0 0 0 1]]", "nfev": "7", "njev": "1", "status": "0", "success": "True", "message": "Optimization terminated successfully.", "x": "[0.46476622 4.93531644 1.94809345 1.05100076 1.53256379 5.65976765]", "nit": "0"}, "10": {"maxiter": 500, "gtol": 1e-05, "xrtol": 1e-10, "eps": 1e-05, "duration": 0.1034860610961914, "fun": "0.32007649540901184", "jac": "[0. 0. 0. 0. 0. 0.]", "hess_inv": "[[ 2.33334439  1.49757654  1.82189231 -2.30074075 -1.17437188  1.16696774]\n [ 1.49757654  3.6312691   4.12189459 -2.64882636 -0.36881723  1.64479219]\n [ 1.82189231  4.12189459  6.43174138 -3.23632174 -0.51322018  2.31731745]\n [-2.30074075 -2.64882636 -3.23632174  3.16453219  0.77887094 -1.98531663]\n [-1.17437188 -0.36881723 -0.51322018  0.77887094  1.28216543  0.0500292 ]\n [ 1.16696774  1.64479219  2.31731745 -1.98531663  0.0500292   2.51383261]]", "nfev": "350", "njev": "50", "status": "0", "success": "True", "message": "Optimization terminated successfully.", "x": "[ 2.87703738  4.0881389   3.99502404 -2.18089722  0.52964564  6.04659997]", "nit": "36"}, "11": {"maxiter": 500, "gtol": 1e-05, "xrtol": 1e-10, "eps": 1e-10, "duration": 0.0018122196197509766, "fun": "0.8957982659339905", "jac": "[0. 0. 0. 0. 0. 0.]", "hess_inv": "[[1 0 0 0 0 0]\n [0 1 0 0 0 0]\n [0 0 1 0 0 0]\n [0 0 0 1 0 0]\n [0 0 0 0 1 0]\n [0 0 0 0 0 1]]", "nfev": "7", "njev": "1", "status": "0", "success": "True", "message": "Optimization terminated successfully.", "x": "[0.46476622 4.93531644 1.94809345 1.05100076 1.53256379 5.65976765]", "nit": "0"}, "12": {"maxiter": 500, "gtol": 1e-10, "xrtol": 1e-05, "eps": 1e-05, "duration": 0.09094977378845215, "fun": "0.32007649540901184", "jac": "[0. 0. 0. 0. 0. 0.]", "hess_inv": "[[ 2.33334439  1.49757654  1.82189231 -2.30074075 -1.17437188  1.16696774]\n [ 1.49757654  3.6312691   4.12189459 -2.64882636 -0.36881723  1.64479219]\n [ 1.82189231  4.12189459  6.43174138 -3.23632174 -0.51322018  2.31731745]\n [-2.30074075 -2.64882636 -3.23632174  3.16453219  0.77887094 -1.98531663]\n [-1.17437188 -0.36881723 -0.51322018  0.77887094  1.28216543  0.0500292 ]\n [ 1.16696774  1.64479219  2.31731745 -1.98531663  0.0500292   2.51383261]]", "nfev": "350", "njev": "50", "status": "0", "success": "True", "message": "Optimization terminated successfully.", "x": "[ 2.87703738  4.0881389   3.99502404 -2.18089722  0.52964564  6.04659997]", "nit": "36"}, "13": {"maxiter": 500, "gtol": 1e-10, "xrtol": 1e-05, "eps": 1e-10, "duration": 0.0018460750579833984, "fun": "0.8957982659339905", "jac": "[0. 0. 0. 0. 0. 0.]", "hess_inv": "[[1 0 0 0 0 0]\n [0 1 0 0 0 0]\n [0 0 1 0 0 0]\n [0 0 0 1 0 0]\n [0 0 0 0 1 0]\n [0 0 0 0 0 1]]", "nfev": "7", "njev": "1", "status": "0", "success": "True", "message": "Optimization terminated successfully.", "x": "[0.46476622 4.93531644 1.94809345 1.05100076 1.53256379 5.65976765]", "nit": "0"}, "14": {"maxiter": 500, "gtol": 1e-10, "xrtol": 1e-10, "eps": 1e-05, "duration": 0.09795594215393066, "fun": "0.32007649540901184", "jac": "[0. 0. 0. 0. 0. 0.]", "hess_inv": "[[ 2.33334439  1.49757654  1.82189231 -2.30074075 -1.17437188  1.16696774]\n [ 1.49757654  3.6312691   4.12189459 -2.64882636 -0.36881723  1.64479219]\n [ 1.82189231  4.12189459  6.43174138 -3.23632174 -0.51322018  2.31731745]\n [-2.30074075 -2.64882636 -3.23632174  3.16453219  0.77887094 -1.98531663]\n [-1.17437188 -0.36881723 -0.51322018  0.77887094  1.28216543  0.0500292 ]\n [ 1.16696774  1.64479219  2.31731745 -1.98531663  0.0500292   2.51383261]]", "nfev": "350", "njev": "50", "status": "0", "success": "True", "message": "Optimization terminated successfully.", "x": "[ 2.87703738  4.0881389   3.99502404 -2.18089722  0.52964564  6.04659997]", "nit": "36"}, "15": {"maxiter": 500, "gtol": 1e-10, "xrtol": 1e-10, "eps": 1e-10, "duration": 0.002148866653442383, "fun": "0.8957982659339905", "jac": "[0. 0. 0. 0. 0. 0.]", "hess_inv": "[[1 0 0 0 0 0]\n [0 1 0 0 0 0]\n [0 0 1 0 0 0]\n [0 0 0 1 0 0]\n [0 0 0 0 1 0]\n [0 0 0 0 0 1]]", "nfev": "7", "njev": "1", "status": "0", "success": "True", "message": "Optimization terminated successfully.", "x": "[0.46476622 4.93531644 1.94809345 1.05100076 1.53256379 5.65976765]", "nit": "0"}, "16": {"maxiter": 1000, "gtol": 1e-05, "xrtol": 1e-05, "eps": 1e-05, "duration": 0.11413002014160156, "fun": "0.32007649540901184", "jac": "[0. 0. 0. 0. 0. 0.]", "hess_inv": "[[ 2.33334439  1.49757654  1.82189231 -2.30074075 -1.17437188  1.16696774]\n [ 1.49757654  3.6312691   4.12189459 -2.64882636 -0.36881723  1.64479219]\n [ 1.82189231  4.12189459  6.43174138 -3.23632174 -0.51322018  2.31731745]\n [-2.30074075 -2.64882636 -3.23632174  3.16453219  0.77887094 -1.98531663]\n [-1.17437188 -0.36881723 -0.51322018  0.77887094  1.28216543  0.0500292 ]\n [ 1.16696774  1.64479219  2.31731745 -1.98531663  0.0500292   2.51383261]]", "nfev": "350", "njev": "50", "status": "0", "success": "True", "message": "Optimization terminated successfully.", "x": "[ 2.87703738  4.0881389   3.99502404 -2.18089722  0.52964564  6.04659997]", "nit": "36"}, "17": {"maxiter": 1000, "gtol": 1e-05, "xrtol": 1e-05, "eps": 1e-10, "duration": 0.0022220611572265625, "fun": "0.8957982659339905", "jac": "[0. 0. 0. 0. 0. 0.]", "hess_inv": "[[1 0 0 0 0 0]\n [0 1 0 0 0 0]\n [0 0 1 0 0 0]\n [0 0 0 1 0 0]\n [0 0 0 0 1 0]\n [0 0 0 0 0 1]]", "nfev": "7", "njev": "1", "status": "0", "success": "True", "message": "Optimization terminated successfully.", "x": "[0.46476622 4.93531644 1.94809345 1.05100076 1.53256379 5.65976765]", "nit": "0"}, "18": {"maxiter": 1000, "gtol": 1e-05, "xrtol": 1e-10, "eps": 1e-05, "duration": 0.09781885147094727, "fun": "0.32007649540901184", "jac": "[0. 0. 0. 0. 0. 0.]", "hess_inv": "[[ 2.33334439  1.49757654  1.82189231 -2.30074075 -1.17437188  1.16696774]\n [ 1.49757654  3.6312691   4.12189459 -2.64882636 -0.36881723  1.64479219]\n [ 1.82189231  4.12189459  6.43174138 -3.23632174 -0.51322018  2.31731745]\n [-2.30074075 -2.64882636 -3.23632174  3.16453219  0.77887094 -1.98531663]\n [-1.17437188 -0.36881723 -0.51322018  0.77887094  1.28216543  0.0500292 ]\n [ 1.16696774  1.64479219  2.31731745 -1.98531663  0.0500292   2.51383261]]", "nfev": "350", "njev": "50", "status": "0", "success": "True", "message": "Optimization terminated successfully.", "x": "[ 2.87703738  4.0881389   3.99502404 -2.18089722  0.52964564  6.04659997]", "nit": "36"}, "19": {"maxiter": 1000, "gtol": 1e-05, "xrtol": 1e-10, "eps": 1e-10, "duration": 0.0020608901977539062, "fun": "0.8957982659339905", "jac": "[0. 0. 0. 0. 0. 0.]", "hess_inv": "[[1 0 0 0 0 0]\n [0 1 0 0 0 0]\n [0 0 1 0 0 0]\n [0 0 0 1 0 0]\n [0 0 0 0 1 0]\n [0 0 0 0 0 1]]", "nfev": "7", "njev": "1", "status": "0", "success": "True", "message": "Optimization terminated successfully.", "x": "[0.46476622 4.93531644 1.94809345 1.05100076 1.53256379 5.65976765]", "nit": "0"}, "20": {"maxiter": 1000, "gtol": 1e-10, "xrtol": 1e-05, "eps": 1e-05, "duration": 0.11120271682739258, "fun": "0.32007649540901184", "jac": "[0. 0. 0. 0. 0. 0.]", "hess_inv": "[[ 2.33334439  1.49757654  1.82189231 -2.30074075 -1.17437188  1.16696774]\n [ 1.49757654  3.6312691   4.12189459 -2.64882636 -0.36881723  1.64479219]\n [ 1.82189231  4.12189459  6.43174138 -3.23632174 -0.51322018  2.31731745]\n [-2.30074075 -2.64882636 -3.23632174  3.16453219  0.77887094 -1.98531663]\n [-1.17437188 -0.36881723 -0.51322018  0.77887094  1.28216543  0.0500292 ]\n [ 1.16696774  1.64479219  2.31731745 -1.98531663  0.0500292   2.51383261]]", "nfev": "350", "njev": "50", "status": "0", "success": "True", "message": "Optimization terminated successfully.", "x": "[ 2.87703738  4.0881389   3.99502404 -2.18089722  0.52964564  6.04659997]", "nit": "36"}, "21": {"maxiter": 1000, "gtol": 1e-10, "xrtol": 1e-05, "eps": 1e-10, "duration": 0.0026488304138183594, "fun": "0.8957982659339905", "jac": "[0. 0. 0. 0. 0. 0.]", "hess_inv": "[[1 0 0 0 0 0]\n [0 1 0 0 0 0]\n [0 0 1 0 0 0]\n [0 0 0 1 0 0]\n [0 0 0 0 1 0]\n [0 0 0 0 0 1]]", "nfev": "7", "njev": "1", "status": "0", "success": "True", "message": "Optimization terminated successfully.", "x": "[0.46476622 4.93531644 1.94809345 1.05100076 1.53256379 5.65976765]", "nit": "0"}, "22": {"maxiter": 1000, "gtol": 1e-10, "xrtol": 1e-10, "eps": 1e-05, "duration": 0.11603879928588867, "fun": "0.32007649540901184", "jac": "[0. 0. 0. 0. 0. 0.]", "hess_inv": "[[ 2.33334439  1.49757654  1.82189231 -2.30074075 -1.17437188  1.16696774]\n [ 1.49757654  3.6312691   4.12189459 -2.64882636 -0.36881723  1.64479219]\n [ 1.82189231  4.12189459  6.43174138 -3.23632174 -0.51322018  2.31731745]\n [-2.30074075 -2.64882636 -3.23632174  3.16453219  0.77887094 -1.98531663]\n [-1.17437188 -0.36881723 -0.51322018  0.77887094  1.28216543  0.0500292 ]\n [ 1.16696774  1.64479219  2.31731745 -1.98531663  0.0500292   2.51383261]]", "nfev": "350", "njev": "50", "status": "0", "success": "True", "message": "Optimization terminated successfully.", "x": "[ 2.87703738  4.0881389   3.99502404 -2.18089722  0.52964564  6.04659997]", "nit": "36"}, "23": {"maxiter": 1000, "gtol": 1e-10, "xrtol": 1e-10, "eps": 1e-10, "duration": 0.0021691322326660156, "fun": "0.8957982659339905", "jac": "[0. 0. 0. 0. 0. 0.]", "hess_inv": "[[1 0 0 0 0 0]\n [0 1 0 0 0 0]\n [0 0 1 0 0 0]\n [0 0 0 1 0 0]\n [0 0 0 0 1 0]\n [0 0 0 0 0 1]]", "nfev": "7", "njev": "1", "status": "0", "success": "True", "message": "Optimization terminated successfully.", "x": "[0.46476622 4.93531644 1.94809345 1.05100076 1.53256379 5.65976765]", "nit": "0"}}, "cobyla": {"0": {"maxiter": 100, "tol": 1e-05, "catol": 1e-05, "duration": 0.027081012725830078, "x": "[-2.82051162  7.57030083  1.13333618 -2.08532931  0.58555085  6.01566684]", "status": "2", "success": "False", "message": "Maximum number of function evaluations has been exceeded.", "nfev": "100", "fun": "0.32074183225631714", "maxcv": "0.0"}, "1": {"maxiter": 100, "tol": 1e-05, "catol": 1e-10, "duration": 0.024220943450927734, "x": "[-2.82051162  7.57030083  1.13333618 -2.08532931  0.58555085  6.01566684]", "status": "2", "success": "False", "message": "Maximum number of function evaluations has been exceeded.", "nfev": "100", "fun": "0.32074183225631714", "maxcv": "0.0"}, "2": {"maxiter": 100, "tol": 1e-10, "catol": 1e-05, "duration": 0.023679256439208984, "x": "[-2.82051162  7.57030083  1.13333618 -2.08532931  0.58555085  6.01566684]", "status": "2", "success": "False", "message": "Maximum number of function evaluations has been exceeded.", "nfev": "100", "fun": "0.32074183225631714", "maxcv": "0.0"}, "3": {"maxiter": 100, "tol": 1e-10, "catol": 1e-10, "duration": 0.02535104751586914, "x": "[-2.82051162  7.57030083  1.13333618 -2.08532931  0.58555085  6.01566684]", "status": "2", "success": "False", "message": "Maximum number of function evaluations has been exceeded.", "nfev": "100", "fun": "0.32074183225631714", "maxcv": "0.0"}, "4": {"maxiter": 500, "tol": 1e-05, "catol": 1e-05, "duration": 0.14193320274353027, "x": "[-2.86637505  7.39355018  1.00567133 -2.17291375  0.56194447  6.05423504]", "status": "2", "success": "False", "message": "Maximum number of function evaluations has been exceeded.", "nfev": "500", "fun": "0.3198920786380768", "maxcv": "0.0"}, "5": {"maxiter": 500, "tol": 1e-05, "catol": 1e-10, "duration": 0.14513206481933594, "x": "[-2.86637505  7.39355018  1.00567133 -2.17291375  0.56194447  6.05423504]", "status": "2", "success": "False", "message": "Maximum number of function evaluations has been exceeded.", "nfev": "500", "fun": "0.3198920786380768", "maxcv": "0.0"}, "6": {"maxiter": 500, "tol": 1e-10, "catol": 1e-05, "duration": 0.1255340576171875, "x": "[-2.86637505  7.39355018  1.00567133 -2.17291375  0.56194447  6.05423504]", "status": "2", "success": "False", "message": "Maximum number of function evaluations has been exceeded.", "nfev": "500", "fun": "0.3198920786380768", "maxcv": "0.0"}, "7": {"maxiter": 500, "tol": 1e-10, "catol": 1e-10, "duration": 0.12279915809631348, "x": "[-2.86637505  7.39355018  1.00567133 -2.17291375  0.56194447  6.05423504]", "status": "2", "success": "False", "message": "Maximum number of function evaluations has been exceeded.", "nfev": "500", "fun": "0.3198920786380768", "maxcv": "0.0"}, "8": {"maxiter": 1000, "tol": 1e-05, "catol": 1e-05, "duration": 0.12931108474731445, "x": "[-2.86637505  7.39355018  1.00567133 -2.17291375  0.56194447  6.05423504]", "status": "1", "success": "True", "message": "Optimization terminated successfully.", "nfev": "505", "fun": "0.3198920786380768", "maxcv": "0.0"}, "9": {"maxiter": 1000, "tol": 1e-05, "catol": 1e-10, "duration": 0.12912511825561523, "x": "[-2.86637505  7.39355018  1.00567133 -2.17291375  0.56194447  6.05423504]", "status": "1", "success": "True", "message": "Optimization terminated successfully.", "nfev": "505", "fun": "0.3198920786380768", "maxcv": "0.0"}, "10": {"maxiter": 1000, "tol": 1e-10, "catol": 1e-05, "duration": 0.16010499000549316, "x": "[-2.86637505  7.39355018  1.00567133 -2.17291375  0.56194447  6.05423504]", "status": "1", "success": "True", "message": "Optimization terminated successfully.", "nfev": "538", "fun": "0.3198920786380768", "maxcv": "0.0"}, "11": {"maxiter": 1000, "tol": 1e-10, "catol": 1e-10, "duration": 0.16341876983642578, "x": "[-2.86637505  7.39355018  1.00567133 -2.17291375  0.56194447  6.05423504]", "status": "1", "success": "True", "message": "Optimization terminated successfully.", "nfev": "538", "fun": "0.3198920786380768", "maxcv": "0.0"}}, "powell": {"0": {"maxiter": 100, "ftol": 1e-05, "xtol": 1e-05, "duration": 0.8055219650268555, "fun": "0.31989383697509766", "direc": "[[-2.49877279e-02  2.62978991e-01  2.65527086e-01  1.92742352e-02\n   2.94477189e-02  2.92434669e-02]\n [ 4.36991815e-01  1.11970205e-01  1.12095900e-01  2.77874073e-01\n   3.44626913e-02 -1.87520362e-01]\n [-5.26987914e-03  6.68913312e-02  1.98499996e-02  4.51342971e-02\n  -2.74391468e-02 -4.54769661e-02]\n [ 0.00000000e+00  0.00000000e+00  0.00000000e+00  0.00000000e+00\n   0.00000000e+00  1.00000000e+00]\n [-1.03775394e-02  1.64538285e-02  9.49304666e-03 -2.80139464e-02\n   2.06110286e-02  1.25372082e-02]\n [ 6.35304842e-04 -3.43698630e-03 -6.06228668e-03  2.32145053e-03\n   4.02763593e-03  1.60109843e-03]]", "nit": "26", "nfev": "2290", "status": "0", "success": "True", "message": "Optimization terminated successfully.", "x": "[ 2.87343291 10.51473772  4.12793329  4.10651527  0.55595966  6.05252861]"}, "1": {"maxiter": 100, "ftol": 1e-05, "xtol": 1e-10, "duration": 1.4463229179382324, "fun": "0.3198901116847992", "direc": "[[-0.01697508 -0.00311355  0.00337677  0.00161355  0.01585148  0.0144414 ]\n [-0.13208853 -0.05993156  0.0801575   0.22045581 -0.14252728  0.02013038]\n [-0.13469701  0.18837574  0.01685003  0.13270273 -0.12702323 -0.13633294]\n [-0.00452446  0.04056383  0.03476886  0.02130358 -0.01836352 -0.0324117 ]\n [-0.00217354  0.28036648  0.27875741 -0.0194385   0.07914472  0.05123859]\n [-0.00377597 -0.01344239 -0.02771615  0.02420156 -0.00228475 -0.00405388]]", "nit": "24", "nfev": "5054", "status": "0", "success": "True", "message": "Optimization terminated successfully.", "x": "[ 2.8683101  10.51641699  4.12862249  4.11112781  0.55657484  6.0537808 ]"}, "2": {"maxiter": 100, "ftol": 1e-10, "xtol": 1e-05, "duration": 0.9150230884552002, "fun": "0.31988856196403503", "direc": "[[-3.94524851e-03  6.85402282e-03  6.30656201e-03  2.74543222e-03\n   3.91713506e-03  1.46471971e-03]\n [ 6.35304842e-04 -3.43698630e-03 -6.06228668e-03  2.32145053e-03\n   4.02763593e-03  1.60109843e-03]\n [-5.26987914e-03  6.68913312e-02  1.98499996e-02  4.51342971e-02\n  -2.74391468e-02 -4.54769661e-02]\n [ 0.00000000e+00  0.00000000e+00  0.00000000e+00  0.00000000e+00\n   0.00000000e+00  1.00000000e+00]\n [-1.03775394e-02  1.64538285e-02  9.49304666e-03 -2.80139464e-02\n   2.06110286e-02  1.25372082e-02]\n [-1.27172376e-04 -2.50664183e-03 -2.36944711e-03  1.83469992e-04\n  -3.44585260e-04 -4.18656311e-04]]", "nit": "32", "nfev": "3340", "status": "0", "success": "True", "message": "Optimization terminated successfully.", "x": "[ 2.86715639 10.5149523   4.12706449  4.11197715  0.55906548  6.05286693]"}, "3": {"maxiter": 100, "ftol": 1e-10, "xtol": 1e-10, "duration": 1.6499791145324707, "fun": "0.31988853216171265", "direc": "[[-0.01697508 -0.00311355  0.00337677  0.00161355  0.01585148  0.0144414 ]\n [-0.00377597 -0.01344239 -0.02771615  0.02420156 -0.00228475 -0.00405388]\n [-0.13469701  0.18837574  0.01685003  0.13270273 -0.12702323 -0.13633294]\n [-0.00452446  0.04056383  0.03476886  0.02130358 -0.01836352 -0.0324117 ]\n [-0.00217354  0.28036648  0.27875741 -0.0194385   0.07914472  0.05123859]\n [-0.00106292 -0.00133136 -0.00235092  0.00112983  0.00216404 -0.00146743]]", "nit": "26", "nfev": "5602", "status": "0", "success": "True", "message": "Optimization terminated successfully.", "x": "[ 2.86676933 10.5149121   4.12641497  4.11222392  0.55916949  6.05289422]"}, "4": {"maxiter": 500, "ftol": 1e-05, "xtol": 1e-05, "duration": 0.6271800994873047, "fun": "0.31989383697509766", "direc": "[[-2.49877279e-02  2.62978991e-01  2.65527086e-01  1.92742352e-02\n   2.94477189e-02  2.92434669e-02]\n [ 4.36991815e-01  1.11970205e-01  1.12095900e-01  2.77874073e-01\n   3.44626913e-02 -1.87520362e-01]\n [-5.26987914e-03  6.68913312e-02  1.98499996e-02  4.51342971e-02\n  -2.74391468e-02 -4.54769661e-02]\n [ 0.00000000e+00  0.00000000e+00  0.00000000e+00  0.00000000e+00\n   0.00000000e+00  1.00000000e+00]\n [-1.03775394e-02  1.64538285e-02  9.49304666e-03 -2.80139464e-02\n   2.06110286e-02  1.25372082e-02]\n [ 6.35304842e-04 -3.43698630e-03 -6.06228668e-03  2.32145053e-03\n   4.02763593e-03  1.60109843e-03]]", "nit": "26", "nfev": "2290", "status": "0", "success": "True", "message": "Optimization terminated successfully.", "x": "[ 2.87343291 10.51473772  4.12793329  4.10651527  0.55595966  6.05252861]"}, "5": {"maxiter": 500, "ftol": 1e-05, "xtol": 1e-10, "duration": 1.4031529426574707, "fun": "0.3198901116847992", "direc": "[[-0.01697508 -0.00311355  0.00337677  0.00161355  0.01585148  0.0144414 ]\n [-0.13208853 -0.05993156  0.0801575   0.22045581 -0.14252728  0.02013038]\n [-0.13469701  0.18837574  0.01685003  0.13270273 -0.12702323 -0.13633294]\n [-0.00452446  0.04056383  0.03476886  0.02130358 -0.01836352 -0.0324117 ]\n [-0.00217354  0.28036648  0.27875741 -0.0194385   0.07914472  0.05123859]\n [-0.00377597 -0.01344239 -0.02771615  0.02420156 -0.00228475 -0.00405388]]", "nit": "24", "nfev": "5054", "status": "0", "success": "True", "message": "Optimization terminated successfully.", "x": "[ 2.8683101  10.51641699  4.12862249  4.11112781  0.55657484  6.0537808 ]"}, "6": {"maxiter": 500, "ftol": 1e-10, "xtol": 1e-05, "duration": 0.9167270660400391, "fun": "0.31988856196403503", "direc": "[[-3.94524851e-03  6.85402282e-03  6.30656201e-03  2.74543222e-03\n   3.91713506e-03  1.46471971e-03]\n [ 6.35304842e-04 -3.43698630e-03 -6.06228668e-03  2.32145053e-03\n   4.02763593e-03  1.60109843e-03]\n [-5.26987914e-03  6.68913312e-02  1.98499996e-02  4.51342971e-02\n  -2.74391468e-02 -4.54769661e-02]\n [ 0.00000000e+00  0.00000000e+00  0.00000000e+00  0.00000000e+00\n   0.00000000e+00  1.00000000e+00]\n [-1.03775394e-02  1.64538285e-02  9.49304666e-03 -2.80139464e-02\n   2.06110286e-02  1.25372082e-02]\n [-1.27172376e-04 -2.50664183e-03 -2.36944711e-03  1.83469992e-04\n  -3.44585260e-04 -4.18656311e-04]]", "nit": "32", "nfev": "3340", "status": "0", "success": "True", "message": "Optimization terminated successfully.", "x": "[ 2.86715639 10.5149523   4.127064