{"date": "2024/10/08/, 17:31:55", "conf_id": 16, "data_type": "random\n", "num_data_points": 1, "s_rank": 0, "unitary": "[[-0.56303964-0.00798273j,-0.21670212-0.15784972j,-0.06047197-0.73952673j,-0.01438004+0.24552571j],[-0.06976756+0.23474685j,-0.01275565-0.5435098j,-0.02703657-0.08917885j,-0.08210486-0.79311774j],[-0.38559961+0.10714929j,0.5933431-0.2687392j,-0.24060861+0.29149289j,-0.45147719+0.26241743j],[-0.50180421+0.45931857j,-0.11617175+0.44134496j,0.49642745+0.22684508j,-0.08544628-0.15407063j]]", "databatch_0": {"databatch": "[[[-0.0614879+0.00321898j,0.04280336+0.10074511j,-0.29405908-0.0369363j,-0.17410045-0.18110969j],[0.16784124+0.22723763j,-0.33304912+0.28476402j,0.05144488-0.09289161j,-0.01366117+0.15559987j],[-0.06549786-0.07868375j,-0.03657885-0.23616318j,-0.25114759-0.18958824j,0.14527834+0.32905069j],[0.0899245-0.06833849j,-0.15307423-0.05119806j,-0.20134536-0.21892521j,-0.24932107-0.20089137j]]]", "initial param values": "[2.90625674,4.29191049,1.63489408,6.22377559,5.97238288,4.47104452]", "nelder_mead": {"type": "gradient-free", "0": {"maxiter": 100, "fatol": 1e-05, "xatol": 1e-05, "duration": 0.057891845703125, "fun": "0.7283308318565744", "nit": "100", "nfev": "158", "status": "2", "success": "False", "message": "Maximum number of iterations has been exceeded.", "x": "[2.02318584 3.47096035 2.74106766 5.08392997 5.99320355 3.831034  ]", "final_simplex": "(array([[2.02318584, 3.47096035, 2.74106766, 5.08392997, 5.99320355,\n        3.831034  ],\n       [1.94801889, 3.58440165, 2.74851829, 5.19149882, 5.85377721,\n        3.85692537],\n       [2.10928516, 3.55303125, 2.69448515, 5.17224664, 5.79162343,\n        3.86201639],\n       [1.93448735, 3.60617597, 2.75038118, 5.12830057, 5.87173079,\n        3.85953995],\n       [1.92192473, 3.68978726, 2.74565362, 5.17267094, 5.78333611,\n        3.87678034],\n       [1.97364772, 3.63230091, 2.70812836, 5.27481471, 5.81883709,\n        3.89776947],\n       [1.87357228, 3.59816673, 2.76385968, 5.23647899, 5.95898904,\n        3.82783518]]), array([0.72833083, 0.73007079, 0.730185  , 0.73092605, 0.73210474,\n       0.73271661, 0.73276662]))", "callback": [0.9582155907463858, 0.8413170825186904, 0.8113239360888846, 0.8053640906393941, 0.8021501471979596, 0.7968641928250045, 0.7730766536097458, 0.7423998472337932, 0.7361150347584192, 0.7321047367705784]}, "1": {"maxiter": 100, "fatol": 1e-05, "xatol": 1e-10, "duration": 0.04718899726867676, "fun": "0.7283308318565744", "nit": "100", "nfev": "158", "status": "2", "success": "False", "message": "Maximum number of iterations has been exceeded.", "x": "[2.02318584 3.47096035 2.74106766 5.08392997 5.99320355 3.831034  ]", "final_simplex": "(array([[2.02318584, 3.47096035, 2.74106766, 5.08392997, 5.99320355,\n        3.831034  ],\n       [1.94801889, 3.58440165, 2.74851829, 5.19149882, 5.85377721,\n        3.85692537],\n       [2.10928516, 3.55303125, 2.69448515, 5.17224664, 5.79162343,\n        3.86201639],\n       [1.93448735, 3.60617597, 2.75038118, 5.12830057, 5.87173079,\n        3.85953995],\n       [1.92192473, 3.68978726, 2.74565362, 5.17267094, 5.78333611,\n        3.87678034],\n       [1.97364772, 3.63230091, 2.70812836, 5.27481471, 5.81883709,\n        3.89776947],\n       [1.87357228, 3.59816673, 2.76385968, 5.23647899, 5.95898904,\n        3.82783518]]), array([0.72833083, 0.73007079, 0.730185  , 0.73092605, 0.73210474,\n       0.73271661, 0.73276662]))", "callback": [0.9582155907463858, 0.8413170825186904, 0.8113239360888846, 0.8053640906393941, 0.8021501471979596, 0.7968641928250045, 0.7730766536097458, 0.7423998472337932, 0.7361150347584192, 0.7321047367705784]}, "2": {"maxiter": 100, "fatol": 1e-10, "xatol": 1e-05, "duration": 0.044100046157836914, "fun": "0.7283308318565744", "nit": "100", "nfev": "158", "status": "2", "success": "False", "message": "Maximum number of iterations has been exceeded.", "x": "[2.02318584 3.47096035 2.74106766 5.08392997 5.99320355 3.831034  ]", "final_simplex": "(array([[2.02318584, 3.47096035, 2.74106766, 5.08392997, 5.99320355,\n        3.831034  ],\n       [1.94801889, 3.58440165, 2.74851829, 5.19149882, 5.85377721,\n        3.85692537],\n       [2.10928516, 3.55303125, 2.69448515, 5.17224664, 5.79162343,\n        3.86201639],\n       [1.93448735, 3.60617597, 2.75038118, 5.12830057, 5.87173079,\n        3.85953995],\n       [1.92192473, 3.68978726, 2.74565362, 5.17267094, 5.78333611,\n        3.87678034],\n       [1.97364772, 3.63230091, 2.70812836, 5.27481471, 5.81883709,\n        3.89776947],\n       [1.87357228, 3.59816673, 2.76385968, 5.23647899, 5.95898904,\n        3.82783518]]), array([0.72833083, 0.73007079, 0.730185  , 0.73092605, 0.73210474,\n       0.73271661, 0.73276662]))", "callback": [0.9582155907463858, 0.8413170825186904, 0.8113239360888846, 0.8053640906393941, 0.8021501471979596, 0.7968641928250045, 0.7730766536097458, 0.7423998472337932, 0.7361150347584192, 0.7321047367705784]}, "3": {"maxiter": 100, "fatol": 1e-10, "xatol": 1e-10, "duration": 0.0536191463470459, "fun": "0.7283308318565744", "nit": "100", "nfev": "158", "status": "2", "success": "False", "message": "Maximum number of iterations has been exceeded.", "x": "[2.02318584 3.47096035 2.74106766 5.08392997 5.99320355 3.831034  ]", "final_simplex": "(array([[2.02318584, 3.47096035, 2.74106766, 5.08392997, 5.99320355,\n        3.831034  ],\n       [1.94801889, 3.58440165, 2.74851829, 5.19149882, 5.85377721,\n        3.85692537],\n       [2.10928516, 3.55303125, 2.69448515, 5.17224664, 5.79162343,\n        3.86201639],\n       [1.93448735, 3.60617597, 2.75038118, 5.12830057, 5.87173079,\n        3.85953995],\n       [1.92192473, 3.68978726, 2.74565362, 5.17267094, 5.78333611,\n        3.87678034],\n       [1.97364772, 3.63230091, 2.70812836, 5.27481471, 5.81883709,\n        3.89776947],\n       [1.87357228, 3.59816673, 2.76385968, 5.23647899, 5.95898904,\n        3.82783518]]), array([0.72833083, 0.73007079, 0.730185  , 0.73092605, 0.73210474,\n       0.73271661, 0.73276662]))", "callback": [0.9582155907463858, 0.8413170825186904, 0.8113239360888846, 0.8053640906393941, 0.8021501471979596, 0.7968641928250045, 0.7730766536097458, 0.7423998472337932, 0.7361150347584192, 0.7321047367705784]}, "4": {"maxiter": 500, "fatol": 1e-05, "xatol": 1e-05, "duration": 0.22277092933654785, "fun": "0.362053542784057", "nit": "500", "nfev": "758", "status": "2", "success": "False", "message": "Maximum number of iterations has been exceeded.", "x": "[3.61539518 2.27818556 2.91007813 3.9760644  5.89493948 4.80329445]", "final_simplex": "(array([[3.61539518, 2.27818556, 2.91007813, 3.9760644 , 5.89493948,\n        4.80329445],\n       [3.59175473, 2.15109872, 2.85085148, 4.01587969, 5.90189789,\n        4.8089976 ],\n       [3.5985273 , 2.23341457, 2.91598698, 4.01470165, 5.9797344 ,\n        4.84017114],\n       [3.54778396, 2.24588701, 2.88350077, 4.03965604, 5.93095894,\n        4.85400285],\n       [3.62041937, 2.26190907, 2.87757034, 3.95449967, 5.89440197,\n        4.75987587],\n       [3.59692866, 2.26631208, 2.94681672, 3.99873363, 5.91487196,\n        4.81431463],\n       [3.53978728, 2.24140743, 2.94873952, 4.0147054 , 5.99297439,\n        4.87229682]]), array([0.36205354, 0.36214184, 0.36267397, 0.36287449, 0.36304046,\n       0.36415217, 0.36442743]))", "callback": [0.9582155907463858, 0.8413170825186904, 0.8113239360888846, 0.8053640906393941, 0.8021501471979596, 0.7968641928250045, 0.7730766536097458, 0.7423998472337932, 0.7361150347584192, 0.7321047367705784, 0.7283308318565744, 0.6770851595112359, 0.5779591053719508, 0.4808790867951741, 0.48084051401417527, 0.472310743208752, 0.46621442700875815, 0.4569746295979622, 0.4462951493340179, 0.43262478471902355, 0.42835160137614137, 0.427054603963817, 0.427054603963817, 0.42697381264793743, 0.4267918135051061, 0.42603365896261414, 0.4234686212940898, 0.41754342796503474, 0.40366299615294166, 0.3912432720735769, 0.3873972713807865, 0.3855930208843771, 0.38479169503246025, 0.38465095159906126, 0.3845597044181205, 0.38454605594087865, 0.3845346376154922, 0.38452966241046127, 0.38452222132448766, 0.38447416287706004, 0.38424159195897545, 0.38406355680011905, 0.38321863988277916, 0.38152493973360235, 0.37916707372213787, 0.37072102335937607, 0.3677179062530257, 0.36728846298438333, 0.3657338906256613, 0.36415216793044025]}, "5": {"maxiter": 500, "fatol": 1e-05, "xatol": 1e-10, "duration": 0.24034690856933594, "fun": "0.362053542784057", "nit": "500", "nfev": "758", "status": "2", "success": "False", "message": "Maximum number of iterations has been exceeded.", "x": "[3.61539518 2.27818556 2.91007813 3.9760644  5.89493948 4.80329445]", "final_simplex": "(array([[3.61539518, 2.27818556, 2.91007813, 3.9760644 , 5.89493948,\n        4.80329445],\n       [3.59175473, 2.15109872, 2.85085148, 4.01587969, 5.90189789,\n        4.8089976 ],\n       [3.5985273 , 2.23341457, 2.91598698, 4.01470165, 5.9797344 ,\n        4.84017114],\n       [3.54778396, 2.24588701, 2.88350077, 4.03965604, 5.93095894,\n        4.85400285],\n       [3.62041937, 2.26190907, 2.87757034, 3.95449967, 5.89440197,\n        4.75987587],\n       [3.59692866, 2.26631208, 2.94681672, 3.99873363, 5.91487196,\n        4.81431463],\n       [3.53978728, 2.24140743, 2.94873952, 4.0147054 , 5.99297439,\n        4.87229682]]), array([0.36205354, 0.36214184, 0.36267397, 0.36287449, 0.36304046,\n       0.36415217, 0.36442743]))", "callback": [0.9582155907463858, 0.8413170825186904, 0.8113239360888846, 0.8053640906393941, 0.8021501471979596, 0.7968641928250045, 0.7730766536097458, 0.7423998472337932, 0.7361150347584192, 0.7321047367705784, 0.7283308318565744, 0.6770851595112359, 0.5779591053719508, 0.4808790867951741, 0.48084051401417527, 0.472310743208752, 0.46621442700875815, 0.4569746295979622, 0.4462951493340179, 0.43262478471902355, 0.42835160137614137, 0.427054603963817, 0.427054603963817, 0.42697381264793743, 0.4267918135051061, 0.42603365896261414, 0.4234686212940898, 0.41754342796503474, 0.40366299615294166, 0.3912432720735769, 0.3873972713807865, 0.3855930208843771, 0.38479169503246025, 0.38465095159906126, 0.3845597044181205, 0.38454605594087865, 0.3845346376154922, 0.38452966241046127, 0.38452222132448766, 0.38447416287706004, 0.38424159195897545, 0.38406355680011905, 0.38321863988277916, 0.38152493973360235, 0.37916707372213787, 0.37072102335937607, 0.3677179062530257, 0.36728846298438333, 0.3657338906256613, 0.36415216793044025]}, "6": {"maxiter": 500, "fatol": 1e-10, "xatol": 1e-05, "duration": 0.24126911163330078, "fun": "0.362053542784057", "nit": "500", "nfev": "758", "status": "2", "success": "False", "message": "Maximum number of iterations has been exceeded.", "x": "[3.61539518 2.27818556 2.91007813 3.9760644  5.89493948 4.80329445]", "final_simplex": "(array([[3.61539518, 2.27818556, 2.91007813, 3.9760644 , 5.89493948,\n        4.80329445],\n       [3.59175473, 2.15109872, 2.85085148, 4.01587969, 5.90189789,\n        4.8089976 ],\n       [3.5985273 , 2.23341457, 2.91598698, 4.01470165, 5.9797344 ,\n        4.84017114],\n       [3.54778396, 2.24588701, 2.88350077, 4.03965604, 5.93095894,\n        4.85400285],\n       [3.62041937, 2.26190907, 2.87757034, 3.95449967, 5.89440197,\n        4.75987587],\n       [3.59692866, 2.26631208, 2.94681672, 3.99873363, 5.91487196,\n        4.81431463],\n       [3.53978728, 2.24140743, 2.94873952, 4.0147054 , 5.99297439,\n        4.87229682]]), array([0.36205354, 0.36214184, 0.36267397, 0.36287449, 0.36304046,\n       0.36415217, 0.36442743]))", "callback": [0.9582155907463858, 0.8413170825186904, 0.8113239360888846, 0.8053640906393941, 0.8021501471979596, 0.7968641928250045, 0.7730766536097458, 0.7423998472337932, 0.7361150347584192, 0.7321047367705784, 0.7283308318565744, 0.6770851595112359, 0.5779591053719508, 0.4808790867951741, 0.48084051401417527, 0.472310743208752, 0.46621442700875815, 0.4569746295979622, 0.4462951493340179, 0.43262478471902355, 0.42835160137614137, 0.427054603963817, 0.427054603963817, 0.42697381264793743, 0.4267918135051061, 0.42603365896261414, 0.4234686212940898, 0.41754342796503474, 0.40366299615294166, 0.3912432720735769, 0.3873972713807865, 0.3855930208843771, 0.38479169503246025, 0.38465095159906126, 0.3845597044181205, 0.38454605594087865, 0.3845346376154922, 0.38452966241046127, 0.38452222132448766, 0.38447416287706004, 0.38424159195897545, 0.38406355680011905, 0.38321863988277916, 0.38152493973360235, 0.37916707372213787, 0.37072102335937607, 0.3677179062530257, 0.36728846298438333, 0.3657338906256613, 0.36415216793044025]}, "7": {"maxiter": 500, "fatol": 1e-10, "xatol": 1e-10, "duration": 0.2640089988708496, "fun": "0.362053542784057", "nit": "500", "nfev": "758", "status": "2", "success": "False", "message": "Maximum number of iterations has been exceeded.", "x": "[3.61539518 2.27818556 2.91007813 3.9760644  5.89493948 4.80329445]", "final_simplex": "(array([[3.61539518, 2.27818556, 2.91007813, 3.9760644 , 5.89493948,\n        4.80329445],\n       [3.59175473, 2.15109872, 2.85085148, 4.01587969, 5.90189789,\n        4.8089976 ],\n       [3.5985273 , 2.23341457, 2.91598698, 4.01470165, 5.9797344 ,\n        4.84017114],\n       [3.54778396, 2.24588701, 2.88350077, 4.03965604, 5.93095894,\n        4.85400285],\n       [3.62041937, 2.26190907, 2.87757034, 3.95449967, 5.89440197,\n        4.75987587],\n       [3.59692866, 2.26631208, 2.94681672, 3.99873363, 5.91487196,\n        4.81431463],\n       [3.53978728, 2.24140743, 2.94873952, 4.0147054 , 5.99297439,\n        4.87229682]]), array([0.36205354, 0.36214184, 0.36267397, 0.36287449, 0.36304046,\n       0.36415217, 0.36442743]))", "callback": [0.9582155907463858, 0.8413170825186904, 0.8113239360888846, 0.8053640906393941, 0.8021501471979596, 0.7968641928250045, 0.7730766536097458, 0.7423998472337932, 0.7361150347584192, 0.7321047367705784, 0.7283308318565744, 0.6770851595112359, 0.5779591053719508, 0.4808790867951741, 0.48084051401417527, 0.472310743208752, 0.46621442700875815, 0.4569746295979622, 0.4462951493340179, 0.43262478471902355, 0.42835160137614137, 0.427054603963817, 0.427054603963817, 0.42697381264793743, 0.4267918135051061, 0.42603365896261414, 0.4234686212940898, 0.41754342796503474, 0.40366299615294166, 0.3912432720735769, 0.3873972713807865, 0.3855930208843771, 0.38479169503246025, 0.38465095159906126, 0.3845597044181205, 0.38454605594087865, 0.3845346376154922, 0.38452966241046127, 0.38452222132448766, 0.38447416287706004, 0.38424159195897545, 0.38406355680011905, 0.38321863988277916, 0.38152493973360235, 0.37916707372213787, 0.37072102335937607, 0.3677179062530257, 0.36728846298438333, 0.3657338906256613, 0.36415216793044025]}, "8": {"maxiter": 1000, "fatol": 1e-05, "xatol": 1e-05, "duration": 0.35896921157836914, "fun": "0.3380915979679119", "nit": "721", "nfev": "1108", "status": "0", "success": "True", "message": "Optimization terminated successfully.", "x": "[3.73166571 1.52051801 2.1773765  4.15972676 6.06611114 5.15368257]", "final_simplex": "(array([[3.73166571, 1.52051801, 2.1773765 , 4.15972676, 6.06611114,\n        5.15368257],\n       [3.73166391, 1.52051669, 2.1773737 , 4.15973002, 6.06610727,\n        5.15368047],\n       [3.73166719, 1.52051676, 2.17737229, 4.15972866, 6.06610606,\n        5.15367964],\n       [3.73166478, 1.52050931, 2.17736914, 4.15973282, 6.06610923,\n        5.15368227],\n       [3.73166453, 1.52051993, 2.17737817, 4.15972691, 6.06610494,\n        5.15367757],\n       [3.73166852, 1.52051364, 2.17737492, 4.15973057, 6.06611054,\n        5.15368505],\n       [3.73166699, 1.52052625, 2.17738587, 4.15972665, 6.06611046,\n        5.15367972]]), array([0.3380916, 0.3380916, 0.3380916, 0.3380916, 0.3380916, 0.3380916,\n       0.3380916]))", "callback": [0.9582155907463858, 0.8413170825186904, 0.8113239360888846, 0.8053640906393941, 0.8021501471979596, 0.7968641928250045, 0.7730766536097458, 0.7423998472337932, 0.7361150347584192, 0.7321047367705784, 0.7283308318565744, 0.6770851595112359, 0.5779591053719508, 0.4808790867951741, 0.48084051401417527, 0.472310743208752, 0.46621442700875815, 0.4569746295979622, 0.4462951493340179, 0.43262478471902355, 0.42835160137614137, 0.427054603963817, 0.427054603963817, 0.42697381264793743, 0.4267918135051061, 0.42603365896261414, 0.4234686212940898, 0.41754342796503474, 0.40366299615294166, 0.3912432720735769, 0.3873972713807865, 0.3855930208843771, 0.38479169503246025, 0.38465095159906126, 0.3845597044181205, 0.38454605594087865, 0.3845346376154922, 0.38452966241046127, 0.38452222132448766, 0.38447416287706004, 0.38424159195897545, 0.38406355680011905, 0.38321863988277916, 0.38152493973360235, 0.37916707372213787, 0.37072102335937607, 0.3677179062530257, 0.36728846298438333, 0.3657338906256613, 0.36415216793044025, 0.35929059726234425, 0.3541526809736043, 0.3481201232814508, 0.3451856020983133, 0.3409779471649338, 0.3392197423963281, 0.3385655635589859, 0.33842619352055936, 0.3381820793602308, 0.33811094859277624, 0.3381037375675404, 0.33809675238784853, 0.33809291763473737, 0.3380922300471354, 0.33809170342028094, 0.3380916250398437, 0.3380916031348594, 0.33809159832802604, 0.33809159832802604, 0.338091598066126, 0.3380915979991367, 0.3380915979722988, 0.3380915979679119]}, "9": {"maxiter": 1000, "fatol": 1e-05, "xatol": 1e-10, "duration": 0.43895506858825684, "fun": "0.3380915979668897", "nit": "830", "nfev": "1337", "status": "0", "success": "True", "message": "Optimization terminated successfully.", "x": "[3.73166597 1.52051641 2.17737459 4.15972859 6.0661086  5.15368097]", "final_simplex": "(array([[3.73166597, 1.52051641, 2.17737459, 4.15972859, 6.0661086 ,\n        5.15368097],\n       [3.73166597, 1.52051641, 2.17737459, 4.15972859, 6.0661086 ,\n        5.15368097],\n       [3.73166597, 1.52051641, 2.17737459, 4.15972859, 6.0661086 ,\n        5.15368097],\n       [3.73166597, 1.52051641, 2.17737459, 4.15972859, 6.0661086 ,\n        5.15368097],\n       [3.73166597, 1.52051641, 2.17737459, 4.15972859, 6.0661086 ,\n        5.15368097],\n       [3.73166597, 1.52051641, 2.17737459, 4.15972859, 6.0661086 ,\n        5.15368097],\n       [3.73166597, 1.52051641, 2.17737459, 4.15972859, 6.0661086 ,\n        5.15368097]]), array([0.3380916, 0.3380916, 0.3380916, 0.3380916, 0.3380916, 0.3380916,\n       0.3380916]))", "callback": [0.9582155907463858, 0.8413170825186904, 0.8113239360888846, 0.8053640906393941, 0.8021501471979596, 0.7968641928250045, 0.7730766536097458, 0.7423998472337932, 0.7361150347584192, 0.7321047367705784, 0.7283308318565744, 0.6770851595112359, 0.5779591053719508, 0.4808790867951741, 0.48084051401417527, 0.472310743208752, 0.46621442700875815, 0.4569746295979622, 0.4462951493340179, 0.43262478471902355, 0.42835160137614137, 0.427054603963817, 0.427054603963817, 0.42697381264793743, 0.4267918135051061, 0.42603365896261414, 0.4234686212940898, 0.41754342796503474, 0.40366299615294166, 0.3912432720735769, 0.3873972713807865, 0.3855930208843771, 0.38479169503246025, 0.38465095159906126, 0.3845597044181205, 0.38454605594087865, 0.3845346376154922, 0.38452966241046127, 0.38452222132448766, 0.38447416287706004, 0.38424159195897545, 0.38406355680011905, 0.38321863988277916, 0.38152493973360235, 0.37916707372213787, 0.37072102335937607, 0.3677179062530257, 0.36728846298438333, 0.3657338906256613, 0.36415216793044025, 0.35929059726234425, 0.3541526809736043, 0.3481201232814508, 0.3451856020983133, 0.3409779471649338, 0.3392197423963281, 0.3385655635589859, 0.33842619352055936, 0.3381820793602308, 0.33811094859277624, 0.3381037375675404, 0.33809675238784853, 0.33809291763473737, 0.3380922300471354, 0.33809170342028094, 0.3380916250398437, 0.3380916031348594, 0.33809159832802604, 0.33809159832802604, 0.338091598066126, 0.3380915979991367, 0.3380915979722988, 0.3380915979679119, 0.33809159796704313, 0.3380915979669198, 0.33809159796690147, 0.3380915979668939, 0.3380915979668919, 0.33809159796689103, 0.3380915979668897, 0.3380915979668897, 0.3380915979668897, 0.3380915979668897]}, "10": {"maxiter": 1000, "fatol": 1e-10, "xatol": 1e-05, "duration": 0.34767603874206543, "fun": "0.3380915979679119", "nit": "721", "nfev": "1108", "status": "0", "success": "True", "message": "Optimization terminated successfully.", "x": "[3.73166571 1.52051801 2.1773765  4.15972676 6.06611114 5.15368257]", "final_simplex": "(array([[3.73166571, 1.52051801, 2.1773765 , 4.15972676, 6.06611114,\n        5.15368257],\n       [3.73166391, 1.52051669, 2.1773737 , 4.15973002, 6.06610727,\n        5.15368047],\n       [3.73166719, 1.52051676, 2.17737229, 4.15972866, 6.06610606,\n        5.15367964],\n       [3.73166478, 1.52050931, 2.17736914, 4.15973282, 6.06610923,\n        5.15368227],\n       [3.73166453, 1.52051993, 2.17737817, 4.15972691, 6.06610494,\n        5.15367757],\n       [3.73166852, 1.52051364, 2.17737492, 4.15973057, 6.06611054,\n        5.15368505],\n       [3.73166699, 1.52052625, 2.17738587, 4.15972665, 6.06611046,\n        5.15367972]]), array([0.3380916, 0.3380916, 0.3380916, 0.3380916, 0.3380916, 0.3380916,\n       0.3380916]))", "callback": [0.9582155907463858, 0.8413170825186904, 0.8113239360888846, 0.8053640906393941, 0.8021501471979596, 0.7968641928250045, 0.7730766536097458, 0.7423998472337932, 0.7361150347584192, 0.7321047367705784, 0.7283308318565744, 0.6770851595112359, 0.5779591053719508, 0.4808790867951741, 0.48084051401417527, 0.472310743208752, 0.46621442700875815, 0.4569746295979622, 0.4462951493340179, 0.43262478471902355, 0.42835160137614137, 0.427054603963817, 0.427054603963817, 0.42697381264793743, 0.4267918135051061, 0.42603365896261414, 0.4234686212940898, 0.41754342796503474, 0.40366299615294166, 0.3912432720735769, 0.3873972713807865, 0.3855930208843771, 0.38479169503246025, 0.38465095159906126, 0.3845597044181205, 0.38454605594087865, 0.3845346376154922, 0.38452966241046127, 0.38452222132448766, 0.38447416287706004, 0.38424159195897545, 0.38406355680011905, 0.38321863988277916, 0.38152493973360235, 0.37916707372213787, 0.37072102335937607, 0.3677179062530257, 0.36728846298438333, 0.3657338906256613, 0.36415216793044025, 0.35929059726234425, 0.3541526809736043, 0.3481201232814508, 0.3451856020983133, 0.3409779471649338, 0.3392197423963281, 0.3385655635589859, 0.33842619352055936, 0.3381820793602308, 0.33811094859277624, 0.3381037375675404, 0.33809675238784853, 0.33809291763473737, 0.3380922300471354, 0.33809170342028094, 0.3380916250398437, 0.3380916031348594, 0.33809159832802604, 0.33809159832802604, 0.338091598066126, 0.3380915979991367, 0.3380915979722988, 0.3380915979679119]}, "11": {"maxiter": 1000, "fatol": 1e-10, "xatol": 1e-10, "duration": 0.41662001609802246, "fun": "0.3380915979668897", "nit": "830", "nfev": "1337", "status": "0", "success": "True", "message": "Optimization terminated successfully.", "x": "[3.73166597 1.52051641 2.17737459 4.15972859 6.0661086  5.15368097]", "final_simplex": "(array([[3.73166597, 1.52051641, 2.17737459, 4.15972859, 6.0661086 ,\n        5.15368097],\n       [3.73166597, 1.52051641, 2.17737459, 4.15972859, 6.0661086 ,\n        5.15368097],\n       [3.73166597, 1.52051641, 2.17737459, 4.15972859, 6.0661086 ,\n        5.15368097],\n       [3.73166597, 1.52051641, 2.17737459, 4.15972859, 6.0661086 ,\n        5.15368097],\n       [3.73166597, 1.52051641, 2.17737459, 4.15972859, 6.0661086 ,\n        5.15368097],\n       [3.73166597, 1.52051641, 2.17737459, 4.15972859, 6.0661086 ,\n        5.15368097],\n       [3.73166597, 1.52051641, 2.17737459, 4.15972859, 6.0661086 ,\n        5.15368097]]), array([0.3380916, 0.3380916, 0.3380916, 0.3380916, 0.3380916, 0.3380916,\n       0.3380916]))", "callback": [0.9582155907463858, 0.8413170825186904, 0.8113239360888846, 0.8053640906393941, 0.8021501471979596, 0.7968641928250045, 0.7730766536097458, 0.7423998472337932, 0.7361150347584192, 0.7321047367705784, 0.7283308318565744, 0.6770851595112359, 0.5779591053719508, 0.4808790867951741, 0.48084051401417527, 0.472310743208752, 0.46621442700875815, 0.4569746295979622, 0.4462951493340179, 0.43262478471902355, 0.42835160137614137, 0.427054603963817, 0.427054603963817, 0.42697381264793743, 0.4267918135051061, 0.42603365896261414, 0.4234686212940898, 0.41754342796503474, 0.40366299615294166, 0.3912432720735769, 0.3873972713807865, 0.3855930208843771, 0.38479169503246025, 0.38465095159906126, 0.3845597044181205, 0.38454605594087865, 0.3845346376154922, 0.38452966241046127, 0.38452222132448766, 0.38447416287706004, 0.38424159195897545, 0.38406355680011905, 0.38321863988277916, 0.38152493973360235, 0.37916707372213787, 0.37072102335937607, 0.3677179062530257, 0.36728846298438333, 0.3657338906256613, 0.36415216793044025, 0.35929059726234425, 0.3541526809736043, 0.3481201232814508, 0.3451856020983133, 0.3409779471649338, 0.3392197423963281, 0.3385655635589859, 0.33842619352055936, 0.3381820793602308, 0.33811094859277624, 0.3381037375675404, 0.33809675238784853, 0.33809291763473737, 0.3380922300471354, 0.33809170342028094, 0.3380916250398437, 0.3380916031348594, 0.33809159832802604, 0.33809159832802604, 0.338091598066126, 0.3380915979991367, 0.3380915979722988, 0.3380915979679119, 0.33809159796704313, 0.3380915979669198, 0.33809159796690147, 0.3380915979668939, 0.3380915979668919, 0.33809159796689103, 0.3380915979668897, 0.3380915979668897, 0.3380915979668897, 0.3380915979668897]}}, "bfgs": {"type": "gradient", "0": {"maxiter": 100, "gtol": 1e-05, "xrtol": 1e-05, "eps": 1e-05, "duration": 0.06785106658935547, "fun": "0.33809159832477953", "jac": "[-4.78127538e-06  1.22927224e-06 -2.49075205e-06  1.91319183e-06\n  2.37494469e-06  5.53116442e-06]", "hess_inv": "[[ 3.41745082  0.19389465  0.31299077 -0.64714093  0.80286945  0.74242325]\n [ 0.19389465 19.65863439 17.6900834  -7.92302966  0.64504506 -0.1104461 ]\n [ 0.31299077 17.6900834  18.72593152 -7.54827798  1.18773997  0.81896097]\n [-0.64714093 -7.92302966 -7.54827798  7.21598879 -0.37652904 -0.50029572]\n [ 0.80286945  0.64504506  1.18773997 -0.37652904  3.90176291  1.79185685]\n [ 0.74242325 -0.1104461   0.81896097 -0.50029572  1.79185685  3.72560615]]", "nfev": "224", "njev": "32", "status": "0", "success": "True", "message": "Optimization terminated successfully.", "x": "[2.55149759 4.66200572 5.31886411 4.15977342 6.0661148  5.15370253]", "nit": "26", "callback": [0.8194815061897718, 0.817424451701551, 0.7986275697139669, 0.7736517209747291, 0.7664572859984871, 0.753935594079246, 0.7316801866779277, 0.7006257868870663, 0.6512895567670014, 0.574076555246071, 0.47693830587595065, 0.41925078107663194, 0.35494716742384513, 0.35083296667784514, 0.34455558885295023, 0.3416262188655985, 0.34113576534746204, 0.3403083145994523, 0.3391867661785636, 0.3386356059596852, 0.33820325624521697, 0.33810202103597065, 0.3380921786521396, 0.3380916187892242, 0.3380916006457084, 0.33809159832477953]}, "1": {"maxiter": 100, "gtol": 1e-05, "xrtol": 1e-05, "eps": 1e-10, "duration": 0.07371902465820312, "fun": "0.3380915983628905", "jac": "[-1.11022293e-06  0.00000000e+00 -2.22044587e-06  5.55111466e-06\n  3.33066880e-06  5.55111466e-06]", "hess_inv": "[[ 3.52767441 -0.3745212  -0.20550337 -0.37365257  0.88057492  0.78286795]\n [-0.3745212  23.07432692 20.87658187 -9.49056057  0.36439042 -0.23062258]\n [-0.20550337 20.87658187 21.66615961 -9.03582514  0.90207245  0.65252989]\n [-0.37365257 -9.49056057 -9.03582514  7.95125634 -0.28058354 -0.53770648]\n [ 0.88057492  0.36439042  0.90207245 -0.28058354  3.92039906  1.76047547]\n [ 0.78286795 -0.23062258  0.65252989 -0.53770648  1.76047547  3.65890299]]", "nfev": "224", "njev": "32", "status": "0", "success": "True", "message": "Optimization terminated successfully.", "x": "[2.55151831 4.66201338 5.31887946 4.15978747 6.06613848 5.15371364]", "nit": "26", "callback": [0.8194822860372906, 0.8174252379314514, 0.7986286657179091, 0.7736528256366288, 0.766458383696113, 0.7539373237902762, 0.7316839903643475, 0.7006303555026236, 0.6512996038238407, 0.574095471388089, 0.47695407585754024, 0.41925671912512363, 0.35496794058088665, 0.3508296865088836, 0.34452886832513263, 0.34162640062193406, 0.3411350924117015, 0.34030678701823014, 0.33918581036141227, 0.33863571706542495, 0.3382018909669312, 0.338101929897633, 0.3380921813966973, 0.338091619796285, 0.3380916008633622, 0.3380915983628905]}, "2": {"maxiter": 100, "gtol": 1e-05, "xrtol": 1e-10, "eps": 1e-05, "duration": 0.07146310806274414, "fun": "0.33809159832477953", "jac": "[-4.78127538e-06  1.22927224e-06 -2.49075205e-06  1.91319183e-06\n  2.37494469e-06  5.53116442e-06]", "hess_inv": "[[ 3.41745082  0.19389465  0.31299077 -0.64714093  0.80286945  0.74242325]\n [ 0.19389465 19.65863439 17.6900834  -7.92302966  0.64504506 -0.1104461 ]\n [ 0.31299077 17.6900834  18.72593152 -7.54827798  1.18773997  0.81896097]\n [-0.64714093 -7.92302966 -7.54827798  7.21598879 -0.37652904 -0.50029572]\n [ 0.80286945  0.64504506  1.18773997 -0.37652904  3.90176291  1.79185685]\n [ 0.74242325 -0.1104461   0.81896097 -0.50029572  1.79185685  3.72560615]]", "nfev": "224", "njev": "32", "status": "0", "success": "True", "message": "Optimization terminated successfully.", "x": "[2.55149759 4.66200572 5.31886411 4.15977342 6.0661148  5.15370253]", "nit": "26", "callback": [0.8194815061897718, 0.817424451701551, 0.7986275697139669, 0.7736517209747291, 0.7664572859984871, 0.753935594079246, 0.7316801866779277, 0.7006257868870663, 0.6512895567670014, 0.574076555246071, 0.47693830587595065, 0.41925078107663194, 0.35494716742384513, 0.35083296667784514, 0.34455558885295023, 0.3416262188655985, 0.34113576534746204, 0.3403083145994523, 0.3391867661785636, 0.3386356059596852, 0.33820325624521697, 0.33810202103597065, 0.3380921786521396, 0.3380916187892242, 0.3380916006457084, 0.33809159832477953]}, "3": {"maxiter": 100, "gtol": 1e-05, "xrtol": 1e-10, "eps": 1e-10, "duration": 0.07613682746887207, "fun": "0.3380915983628905", "jac": "[-1.11022293e-06  0.00000000e+00 -2.22044587e-06  5.55111466e-06\n  3.33066880e-06  5.55111466e-06]", "hess_inv": "[[ 3.52767441 -0.3745212  -0.20550337 -0.37365257  0.88057492  0.78286795]\n [-0.3745212  23.07432692 20.87658187 -9.49056057  0.36439042 -0.23062258]\n [-0.20550337 20.87658187 21.66615961 -9.03582514  0.90207245  0.65252989]\n [-0.37365257 -9.49056057 -9.03582514  7.95125634 -0.28058354 -0.53770648]\n [ 0.88057492  0.36439042  0.90207245 -0.28058354  3.92039906  1.76047547]\n [ 0.78286795 -0.23062258  0.65252989 -0.53770648  1.76047547  3.65890299]]", "nfev": "224", "njev": "32", "status": "0", "success": "True", "message": "Optimization terminated successfully.", "x": "[2.55151831 4.66201338 5.31887946 4.15978747 6.06613848 5.15371364]", "nit": "26", "callback": [0.8194822860372906, 0.8174252379314514, 0.7986286657179091, 0.7736528256366288, 0.766458383696113, 0.7539373237902762, 0.7316839903643475, 0.7006303555026236, 0.6512996038238407, 0.574095471388089, 0.47695407585754024, 0.41925671912512363, 0.35496794058088665, 0.3508296865088836, 0.34452886832513263, 0.34162640062193406, 0.3411350924117015, 0.34030678701823014, 0.33918581036141227, 0.33863571706542495, 0.3382018909669312, 0.338101929897633, 0.3380921813966973, 0.338091619796285, 0.3380916008633622, 0.3380915983628905]}, "4": {"maxiter": 100, "gtol": 1e-10, "xrtol": 1e-05, "eps": 1e-05, "duration": 0.07886481285095215, "fun": "0.33809159809060263", "jac": "[ 8.22086843e-07  2.18314256e-07 -9.95903360e-07 -5.39845946e-07\n  3.75655063e-07  5.06927833e-07]", "hess_inv": "[[ 3.63840954  0.52412265  0.59137085 -0.83892725  0.60970878  0.3313275 ]\n [ 0.52412265 18.94008701 16.8037932  -7.36729384  0.48995327 -1.03508693]\n [ 0.59137085 16.8037932  17.67734396 -6.88481471  1.08792087 -0.03231831]\n [-0.83892725 -7.36729384 -6.88481471  6.79703228 -0.30171324  0.07213928]\n [ 0.60970878  0.48995327  1.08792087 -0.30171324  4.05589872  2.18542858]\n [ 0.3313275  -1.03508693 -0.03231831  0.07213928  2.18542858  4.41104123]]", "nfev": "231", "njev": "33", "status": "0", "success": "True", "message": "Optimization terminated successfully.", "x": "[2.55151414 4.66204546 5.31890108 4.15974863 6.06609868 5.15367558]", "nit": "27", "callback": [0.8194815061897718, 0.817424451701551, 0.7986275697139669, 0.7736517209747291, 0.7664572859984871, 0.753935594079246, 0.7316801866779277, 0.7006257868870663, 0.6512895567670014, 0.574076555246071, 0.47693830587595065, 0.41925078107663194, 0.35494716742384513, 0.35083296667784514, 0.34455558885295023, 0.3416262188655985, 0.34113576534746204, 0.3403083145994523, 0.3391867661785636, 0.3386356059596852, 0.33820325624521697, 0.33810202103597065, 0.3380921786521396, 0.3380916187892242, 0.3380916006457084, 0.33809159832477953, 0.33809159809060263]}, "5": {"maxiter": 100, "gtol": 1e-10, "xrtol": 1e-05, "eps": 1e-10, "duration": 0.06916403770446777, "fun": "0.33809159800055677", "jac": "[ 2.22044587e-06 -2.22044587e-06 -1.11022293e-06  1.11022293e-06\n  3.33066880e-06 -1.11022293e-06]", "hess_inv": "[[ 3.61107576  0.35780055  0.44801596 -0.83671426  0.67781632  0.43009746]\n [ 0.35780055 18.25089967 16.24220736 -6.60899986  0.80826764 -0.53960736]\n [ 0.44801596 16.24220736 17.2263268  -6.26062401  1.36340418  0.45855991]\n [-0.83671426 -6.60899986 -6.26062401  6.23314389 -0.52797483 -0.30060378]\n [ 0.67781632  0.80826764  1.36340418 -0.52797483  3.97372033  2.06695337]\n [ 0.43009746 -0.53960736  0.45855991 -0.30060378  2.06695337  4.46005949]]", "nfev": "231", "njev": "33", "status": "0", "success": "True", "message": "Optimization terminated successfully.", "x": "[2.55152331 4.66208683 5.31894588 4.15974147 6.06612048 5.15368516]", "nit": "27", "callback": [0.8194822860372906, 0.8174252379314514, 0.7986286657179091, 0.7736528256366288, 0.766458383696113, 0.7539373237902762, 0.7316839903643475, 0.7006303555026236, 0.6512996038238407, 0.574095471388089, 0.47695407585754024, 0.41925671912512363, 0.35496794058088665, 0.3508296865088836, 0.34452886832513263, 0.34162640062193406, 0.3411350924117015, 0.34030678701823014, 0.33918581036141227, 0.33863571706542495, 0.3382018909669312, 0.338101929897633, 0.3380921813966973, 0.338091619796285, 0.3380916008633622, 0.3380915983628905, 0.33809159800055677]}, "6": {"maxiter": 100, "gtol": 1e-10, "xrtol": 1e-10, "eps": 1e-05, "duration": 0.14579296112060547, "fun": "0.3380915980663819", "jac": "[ 1.17683641e-08  1.19348975e-08 -1.05693232e-08 -7.38298311e-09\n -8.14903700e-09  1.96509475e-09]", "hess_inv": "[[ 3.11256226  0.50695591  0.59619765 -0.30937764  0.6400265   0.20737182]\n [ 0.50695591 21.46636756 19.58704576 -8.57073005 -0.27268531 -1.79776363]\n [ 0.59619765 19.58704576 20.80033682 -8.28477286  0.25026594 -0.80940268]\n [-0.30937764 -8.57073005 -8.28477286  6.87266213  0.04683161  0.57290585]\n [ 0.6400265  -0.27268531  0.25026594  0.04683161  4.2780212   2.39370376]\n [ 0.20737182 -1.79776363 -0.80940268  0.57290585  2.39370376  4.5248874 ]]", "nfev": "445", "njev": "62", "status": "2", "success": "False", "message": "Desired error not necessarily achieved due to precision loss.", "x": "[2.55151151 4.66205605 5.31891276 4.15974597 6.06609572 5.1536722 ]", "nit": "29", "callback": [0.8194815061897718, 0.817424451701551, 0.7986275697139669, 0.7736517209747291, 0.7664572859984871, 0.753935594079246, 0.7316801866779277, 0.7006257868870663, 0.6512895567670014, 0.574076555246071, 0.47693830587595065, 0.41925078107663194, 0.35494716742384513, 0.35083296667784514, 0.34455558885295023, 0.3416262188655985, 0.34113576534746204, 0.3403083145994523, 0.3391867661785636, 0.3386356059596852, 0.33820325624521697, 0.33810202103597065, 0.3380921786521396, 0.3380916187892242, 0.3380916006457084, 0.33809159832477953, 0.33809159809060263, 0.3380915980683805, 0.3380915980663819]}, "7": {"maxiter": 100, "gtol": 1e-10, "xrtol": 1e-10, "eps": 1e-10, "duration": 0.09993696212768555, "fun": "0.33809159798298316", "jac": "[-1.11022293e-06  0.00000000e+00  0.00000000e+00  0.00000000e+00\n  2.22044587e-06  0.00000000e+00]", "hess_inv": "[[  2.57739845   3.92579057   3.42303274  -2.31097071  -0.5397093\n   -0.3900513 ]\n [  3.92579057 100.43928573  96.82630039 -44.78115084  -1.50669929\n   -2.30685945]\n [  3.42303274  96.82630039  95.91250135 -43.77850578  -1.65849721\n   -2.01531503]\n [ -2.31097071 -44.78115084 -43.77850578  23.62326318   0.2471684\n   -0.11561126]\n [ -0.5397093   -1.50669929  -1.65849721   0.2471684    2.27231732\n    0.27853697]\n [ -0.3900513   -2.30685945  -2.01531503  -0.11561126   0.27853697\n    2.22158959]]", "nfev": "315", "njev": "45", "status": "0", "success": "True", "message": "Optimization terminated successfully.", "x": "[2.55152045 4.662132   5.31898733 4.15971995 6.06611274 5.15367809]", "nit": "29", "callback": [0.8194822860372906, 0.8174252379314514, 0.7986286657179091, 0.7736528256366288, 0.766458383696113, 0.7539373237902762, 0.7316839903643475, 0.7006303555026236, 0.6512996038238407, 0.574095471388089, 0.47695407585754024, 0.41925671912512363, 0.35496794058088665, 0.3508296865088836, 0.34452886832513263, 0.34162640062193406, 0.3411350924117015, 0.34030678701823014, 0.33918581036141227, 0.33863571706542495, 0.3382018909669312, 0.338101929897633, 0.3380921813966973, 0.338091619796285, 0.3380916008633622, 0.3380915983628905, 0.33809159800055677, 0.33809159798298327, 0.33809159798298316]}, "8": {"maxiter": 500, "gtol": 1e-05, "xrtol": 1e-05, "eps": 1e-05, "duration": 0.06866598129272461, "fun": "0.33809159832477953", "jac": "[-4.78127538e-06  1.22927224e-06 -2.49075205e-06  1.91319183e-06\n  2.37494469e-06  5.53116442e-06]", "hess_inv": "[[ 3.41745082  0.19389465  0.31299077 -0.64714093  0.80286945  0.74242325]\n [ 0.19389465 19.65863439 17.6900834  -7.92302966  0.64504506 -0.1104461 ]\n [ 0.31299077 17.6900834  18.72593152 -7.54827798  1.18773997  0.81896097]\n [-0.64714093 -7.92302966 -7.54827798  7.21598879 -0.37652904 -0.50029572]\n [ 0.80286945  0.64504506  1.18773997 -0.37652904  3.90176291  1.79185685]\n [ 0.74242325 -0.1104461   0.81896097 -0.50029572  1.79185685  3.72560615]]", "nfev": "224", "njev": "32", "status": "0", "success": "True", "message": "Optimization terminated successfully.", "x": "[2.55149759 4.66200572 5.31886411 4.15977342 6.0661148  5.15370253]", "nit": "26", "callback": [0.8194815061897718, 0.817424451701551, 0.7986275697139669, 0.7736517209747291, 0.7664572859984871, 0.753935594079246, 0.7316801866779277, 0.7006257868870663, 0.6512895567670014, 0.574076555246071, 0.47693830587595065, 0.41925078107663194, 0.35494716742384513, 0.35083296667784514, 0.34455558885295023, 0.3416262188655985, 0.34113576534746204, 0.3403083145994523, 0.3391867661785636, 0.3386356059596852, 0.33820325624521697, 0.33810202103597065, 0.3380921786521396, 0.3380916187892242, 0.3380916006457084, 0.33809159832477953]}, "9": {"maxiter": 500, "gtol": 1e-05, "xrtol": 1e-05, "eps": 1e-10, "duration": 0.08992815017700195, "fun": "0.3380915983628905", "jac": "[-1.11022293e-06  0.00000000e+00 -2.22044587e-06  5.55111466e-06\n  3.33066880e-06  5.55111466e-06]", "hess_inv": "[[ 3.52767441 -0.3745212  -0.20550337 -0.37365257  0.88057492  0.78286795]\n [-0.3745212  23.07432692 20.87658187 -9.49056057  0.36439042 -0.23062258]\n [-0.20550337 20.87658187 21.66615961 -9.03582514  0.90207245  0.65252989]\n [-0.37365257 -9.49056057 -9.03582514  7.95125634 -0.28058354 -0.53770648]\n [ 0.88057492  0.36439042  0.90207245 -0.28058354  3.92039906  1.76047547]\n [ 0.78286795 -0.23062258  0.65252989 -0.53770648  1.76047547  3.65890299]]", "nfev": "224", "njev": "32", "status": "0", "success": "True", "message": "Optimization terminated successfully.", "x": "[2.55151831 4.66201338 5.31887946 4.15978747 6.06613848 5.15371364]", "nit": "26", "callback": [0.8194822860372906, 0.8174252379314514, 0.7986286657179091, 0.7736528256366288, 0.766458383696113, 0.7539373237902762, 0.7316839903643475, 0.7006303555026236, 0.6512996038238407, 0.574095471388089, 0.47695407585754024, 0.41925671912512363, 0.35496794058088665, 0.3508296865088836, 0.34452886832513263, 0.34162640062193406, 0.3411350924117015, 0.34030678701823014, 0.