{"date": "2024/09/24/, 18:31:47", "conf_id": 21, "data_type": "random\n", "num_data_points": 2, "s_rank": 0, "unitary": "[[-0.56303964-0.00798273j,-0.21670212-0.15784972j,-0.06047197-0.73952673j,-0.01438004+0.24552571j],[-0.06976756+0.23474685j,-0.01275565-0.5435098j,-0.02703657-0.08917885j,-0.08210486-0.79311774j],[-0.38559961+0.10714929j,0.5933431-0.2687392j,-0.24060861+0.29149289j,-0.45147719+0.26241743j],[-0.50180421+0.45931857j,-0.11617175+0.44134496j,0.49642745+0.22684508j,-0.08544628-0.15407063j]]", "databatch_0": {"databatch": "[[[-0.09742541+0.10331464j,-0.12213221-0.00333875j,-0.13265878+0.09270072j,0.04526118-0.05472582j],[-0.38276946-0.19185166j,-0.09616655-0.3556018j,-0.38264145-0.30279848j,0.19725614+0.08329968j],[0.14712313+0.07516279j,0.03605049+0.13749543j,0.14674438+0.11797155j,-0.07586455-0.03272699j],[-0.19734061-0.18521414j,0.0058141-0.23278118j,-0.17727043-0.25241151j,0.10450291+0.08601517j]],[[0.10266853-0.10093211j,0.23319304+0.11176509j,-0.03052019-0.02540776j,-0.00726933+0.22386035j],[0.04605064+0.01956382j,-0.00491674+0.08973289j,0.00410536-0.01317611j,-0.07285555+0.02740111j],[0.15681666+0.00461397j,0.08799151+0.26769393j,-0.0030384-0.04316659j,-0.18153705+0.16313249j],[-0.30094113+0.10172236j,-0.35563432-0.44618041j,0.03617983+0.079804j,0.22968716-0.43757737j]]]", "initial param values": "[6.2106878,0.30833633,5.90687782,5.82096901,0.64097367,1.31235871]", "nelder_mead": {"type": "gradient-free", "0": {"maxiter": 100, "fatol": 1e-05, "xatol": 1e-05, "duration": 0.052025794982910156, "fun": "0.32054578853623195", "nit": "100", "nfev": "157", "status": "2", "success": "False", "message": "Maximum number of iterations has been exceeded.", "x": "[ 7.7139902   0.44235997  6.8941208   8.43424284  0.68360111 -0.25690741]", "final_simplex": "(array([[ 7.7139902 ,  0.44235997,  6.8941208 ,  8.43424284,  0.68360111,\n        -0.25690741],\n       [ 7.62955198,  0.43774174,  6.88266709,  8.37470179,  0.68629948,\n        -0.21920131],\n       [ 7.63387197,  0.44226904,  6.88441457,  8.3388008 ,  0.69108457,\n        -0.27586832],\n       [ 7.62003958,  0.44341573,  6.87701148,  8.40068325,  0.68945873,\n        -0.29450687],\n       [ 7.65520327,  0.43895977,  6.90328288,  8.37281773,  0.67567711,\n        -0.20837106],\n       [ 7.67232322,  0.44217445,  6.84457296,  8.45188129,  0.68503101,\n        -0.21949819],\n       [ 7.66090329,  0.43745335,  6.82455217,  8.33254985,  0.67362249,\n        -0.20299877]]), array([0.32054579, 0.32073389, 0.32091199, 0.32133211, 0.32152998,\n       0.32163213, 0.32235801]))", "callback": [0.9537824202540552, 0.7369787646443776, 0.62725735502469, 0.5108181425978167, 0.47482611234247096, 0.4420869155770737, 0.3980114266371776, 0.33853746196504975, 0.32618461042818814, 0.3216321262737928]}, "1": {"maxiter": 100, "fatol": 1e-05, "xatol": 1e-10, "duration": 0.04771995544433594, "fun": "0.32054578853623195", "nit": "100", "nfev": "157", "status": "2", "success": "False", "message": "Maximum number of iterations has been exceeded.", "x": "[ 7.7139902   0.44235997  6.8941208   8.43424284  0.68360111 -0.25690741]", "final_simplex": "(array([[ 7.7139902 ,  0.44235997,  6.8941208 ,  8.43424284,  0.68360111,\n        -0.25690741],\n       [ 7.62955198,  0.43774174,  6.88266709,  8.37470179,  0.68629948,\n        -0.21920131],\n       [ 7.63387197,  0.44226904,  6.88441457,  8.3388008 ,  0.69108457,\n        -0.27586832],\n       [ 7.62003958,  0.44341573,  6.87701148,  8.40068325,  0.68945873,\n        -0.29450687],\n       [ 7.65520327,  0.43895977,  6.90328288,  8.37281773,  0.67567711,\n        -0.20837106],\n       [ 7.67232322,  0.44217445,  6.84457296,  8.45188129,  0.68503101,\n        -0.21949819],\n       [ 7.66090329,  0.43745335,  6.82455217,  8.33254985,  0.67362249,\n        -0.20299877]]), array([0.32054579, 0.32073389, 0.32091199, 0.32133211, 0.32152998,\n       0.32163213, 0.32235801]))", "callback": [0.9537824202540552, 0.7369787646443776, 0.62725735502469, 0.5108181425978167, 0.47482611234247096, 0.4420869155770737, 0.3980114266371776, 0.33853746196504975, 0.32618461042818814, 0.3216321262737928]}, "2": {"maxiter": 100, "fatol": 1e-10, "xatol": 1e-05, "duration": 0.045202016830444336, "fun": "0.32054578853623195", "nit": "100", "nfev": "157", "status": "2", "success": "False", "message": "Maximum number of iterations has been exceeded.", "x": "[ 7.7139902   0.44235997  6.8941208   8.43424284  0.68360111 -0.25690741]", "final_simplex": "(array([[ 7.7139902 ,  0.44235997,  6.8941208 ,  8.43424284,  0.68360111,\n        -0.25690741],\n       [ 7.62955198,  0.43774174,  6.88266709,  8.37470179,  0.68629948,\n        -0.21920131],\n       [ 7.63387197,  0.44226904,  6.88441457,  8.3388008 ,  0.69108457,\n        -0.27586832],\n       [ 7.62003958,  0.44341573,  6.87701148,  8.40068325,  0.68945873,\n        -0.29450687],\n       [ 7.65520327,  0.43895977,  6.90328288,  8.37281773,  0.67567711,\n        -0.20837106],\n       [ 7.67232322,  0.44217445,  6.84457296,  8.45188129,  0.68503101,\n        -0.21949819],\n       [ 7.66090329,  0.43745335,  6.82455217,  8.33254985,  0.67362249,\n        -0.20299877]]), array([0.32054579, 0.32073389, 0.32091199, 0.32133211, 0.32152998,\n       0.32163213, 0.32235801]))", "callback": [0.9537824202540552, 0.7369787646443776, 0.62725735502469, 0.5108181425978167, 0.47482611234247096, 0.4420869155770737, 0.3980114266371776, 0.33853746196504975, 0.32618461042818814, 0.3216321262737928]}, "3": {"maxiter": 100, "fatol": 1e-10, "xatol": 1e-10, "duration": 0.04520130157470703, "fun": "0.32054578853623195", "nit": "100", "nfev": "157", "status": "2", "success": "False", "message": "Maximum number of iterations has been exceeded.", "x": "[ 7.7139902   0.44235997  6.8941208   8.43424284  0.68360111 -0.25690741]", "final_simplex": "(array([[ 7.7139902 ,  0.44235997,  6.8941208 ,  8.43424284,  0.68360111,\n        -0.25690741],\n       [ 7.62955198,  0.43774174,  6.88266709,  8.37470179,  0.68629948,\n        -0.21920131],\n       [ 7.63387197,  0.44226904,  6.88441457,  8.3388008 ,  0.69108457,\n        -0.27586832],\n       [ 7.62003958,  0.44341573,  6.87701148,  8.40068325,  0.68945873,\n        -0.29450687],\n       [ 7.65520327,  0.43895977,  6.90328288,  8.37281773,  0.67567711,\n        -0.20837106],\n       [ 7.67232322,  0.44217445,  6.84457296,  8.45188129,  0.68503101,\n        -0.21949819],\n       [ 7.66090329,  0.43745335,  6.82455217,  8.33254985,  0.67362249,\n        -0.20299877]]), array([0.32054579, 0.32073389, 0.32091199, 0.32133211, 0.32152998,\n       0.32163213, 0.32235801]))", "callback": [0.9537824202540552, 0.7369787646443776, 0.62725735502469, 0.5108181425978167, 0.47482611234247096, 0.4420869155770737, 0.3980114266371776, 0.33853746196504975, 0.32618461042818814, 0.3216321262737928]}, "4": {"maxiter": 500, "fatol": 1e-05, "xatol": 1e-05, "duration": 0.19389796257019043, "fun": "0.1807292547444459", "nit": "500", "nfev": "763", "status": "2", "success": "False", "message": "Maximum number of iterations has been exceeded.", "x": "[ 6.21972903e+00  1.05954949e-01  8.71380881e+00  8.10523516e+00\n  3.15676719e+00 -2.67561436e-03]", "final_simplex": "(array([[ 6.21972903e+00,  1.05954949e-01,  8.71380881e+00,\n         8.10523516e+00,  3.15676719e+00, -2.67561436e-03],\n       [ 6.21951052e+00,  1.07596174e-01,  8.71204961e+00,\n         8.10483961e+00,  3.15734115e+00, -1.39781887e-03],\n       [ 6.21962325e+00,  8.34750909e-02,  8.73479994e+00,\n         8.10538784e+00,  3.15625184e+00, -1.48440315e-03],\n       [ 6.21936882e+00,  8.47790301e-02,  8.73506702e+00,\n         8.10524726e+00,  3.15611539e+00, -1.78695029e-03],\n       [ 6.22047097e+00,  1.14689727e-01,  8.70470342e+00,\n         8.10533259e+00,  3.15549894e+00, -1.67781679e-03],\n       [ 6.22023920e+00,  1.07695470e-01,  8.71177916e+00,\n         8.10584354e+00,  3.15611058e+00, -1.03526548e-03],\n       [ 6.21976656e+00,  9.59159300e-02,  8.72238274e+00,\n         8.10481827e+00,  3.15569928e+00, -2.36491933e-03]]), array([0.18072925, 0.1807295 , 0.18072954, 0.18072955, 0.18072957,\n       0.18072963, 0.18072974]))", "callback": [0.9537824202540552, 0.7369787646443776, 0.62725735502469, 0.5108181425978167, 0.47482611234247096, 0.4420869155770737, 0.3980114266371776, 0.33853746196504975, 0.32618461042818814, 0.3216321262737928, 0.320296853663242, 0.3169473815964121, 0.3088495665993205, 0.2856286215097401, 0.24184362552135585, 0.18921607697769238, 0.18343439550841345, 0.18140832763767456, 0.18084808549564302, 0.18076902709536402, 0.18075549163588767, 0.18074958169649868, 0.18074847821430962, 0.18074839559714218, 0.18074839083725036, 0.18074838606786292, 0.18074838546333893, 0.18074838531513604, 0.18074838521119874, 0.18074838501766555, 0.18074838451631292, 0.18074838360868528, 0.18074838063414744, 0.18074837652759723, 0.1807483639121481, 0.18074832352191628, 0.18074828713681468, 0.18074820584175666, 0.1807480640129847, 0.18074779649767425, 0.18074722449749592, 0.18074671495325123, 0.18074612044714666, 0.18074342972979407, 0.18073990097885673, 0.18073758588906297, 0.18073636594081022, 0.18073327674924067, 0.18073040526963213, 0.18072954482048575]}, "5": {"maxiter": 500, "fatol": 1e-05, "xatol": 1e-10, "duration": 0.17895174026489258, "fun": "0.1807292547444459", "nit": "500", "nfev": "763", "status": "2", "success": "False", "message": "Maximum number of iterations has been exceeded.", "x": "[ 6.21972903e+00  1.05954949e-01  8.71380881e+00  8.10523516e+00\n  3.15676719e+00 -2.67561436e-03]", "final_simplex": "(array([[ 6.21972903e+00,  1.05954949e-01,  8.71380881e+00,\n         8.10523516e+00,  3.15676719e+00, -2.67561436e-03],\n       [ 6.21951052e+00,  1.07596174e-01,  8.71204961e+00,\n         8.10483961e+00,  3.15734115e+00, -1.39781887e-03],\n       [ 6.21962325e+00,  8.34750909e-02,  8.73479994e+00,\n         8.10538784e+00,  3.15625184e+00, -1.48440315e-03],\n       [ 6.21936882e+00,  8.47790301e-02,  8.73506702e+00,\n         8.10524726e+00,  3.15611539e+00, -1.78695029e-03],\n       [ 6.22047097e+00,  1.14689727e-01,  8.70470342e+00,\n         8.10533259e+00,  3.15549894e+00, -1.67781679e-03],\n       [ 6.22023920e+00,  1.07695470e-01,  8.71177916e+00,\n         8.10584354e+00,  3.15611058e+00, -1.03526548e-03],\n       [ 6.21976656e+00,  9.59159300e-02,  8.72238274e+00,\n         8.10481827e+00,  3.15569928e+00, -2.36491933e-03]]), array([0.18072925, 0.1807295 , 0.18072954, 0.18072955, 0.18072957,\n       0.18072963, 0.18072974]))", "callback": [0.9537824202540552, 0.7369787646443776, 0.62725735502469, 0.5108181425978167, 0.47482611234247096, 0.4420869155770737, 0.3980114266371776, 0.33853746196504975, 0.32618461042818814, 0.3216321262737928, 0.320296853663242, 0.3169473815964121, 0.3088495665993205, 0.2856286215097401, 0.24184362552135585, 0.18921607697769238, 0.18343439550841345, 0.18140832763767456, 0.18084808549564302, 0.18076902709536402, 0.18075549163588767, 0.18074958169649868, 0.18074847821430962, 0.18074839559714218, 0.18074839083725036, 0.18074838606786292, 0.18074838546333893, 0.18074838531513604, 0.18074838521119874, 0.18074838501766555, 0.18074838451631292, 0.18074838360868528, 0.18074838063414744, 0.18074837652759723, 0.1807483639121481, 0.18074832352191628, 0.18074828713681468, 0.18074820584175666, 0.1807480640129847, 0.18074779649767425, 0.18074722449749592, 0.18074671495325123, 0.18074612044714666, 0.18074342972979407, 0.18073990097885673, 0.18073758588906297, 0.18073636594081022, 0.18073327674924067, 0.18073040526963213, 0.18072954482048575]}, "6": {"maxiter": 500, "fatol": 1e-10, "xatol": 1e-05, "duration": 0.18144512176513672, "fun": "0.1807292547444459", "nit": "500", "nfev": "763", "status": "2", "success": "False", "message": "Maximum number of iterations has been exceeded.", "x": "[ 6.21972903e+00  1.05954949e-01  8.71380881e+00  8.10523516e+00\n  3.15676719e+00 -2.67561436e-03]", "final_simplex": "(array([[ 6.21972903e+00,  1.05954949e-01,  8.71380881e+00,\n         8.10523516e+00,  3.15676719e+00, -2.67561436e-03],\n       [ 6.21951052e+00,  1.07596174e-01,  8.71204961e+00,\n         8.10483961e+00,  3.15734115e+00, -1.39781887e-03],\n       [ 6.21962325e+00,  8.34750909e-02,  8.73479994e+00,\n         8.10538784e+00,  3.15625184e+00, -1.48440315e-03],\n       [ 6.21936882e+00,  8.47790301e-02,  8.73506702e+00,\n         8.10524726e+00,  3.15611539e+00, -1.78695029e-03],\n       [ 6.22047097e+00,  1.14689727e-01,  8.70470342e+00,\n         8.10533259e+00,  3.15549894e+00, -1.67781679e-03],\n       [ 6.22023920e+00,  1.07695470e-01,  8.71177916e+00,\n         8.10584354e+00,  3.15611058e+00, -1.03526548e-03],\n       [ 6.21976656e+00,  9.59159300e-02,  8.72238274e+00,\n         8.10481827e+00,  3.15569928e+00, -2.36491933e-03]]), array([0.18072925, 0.1807295 , 0.18072954, 0.18072955, 0.18072957,\n       0.18072963, 0.18072974]))", "callback": [0.9537824202540552, 0.7369787646443776, 0.62725735502469, 0.5108181425978167, 0.47482611234247096, 0.4420869155770737, 0.3980114266371776, 0.33853746196504975, 0.32618461042818814, 0.3216321262737928, 0.320296853663242, 0.3169473815964121, 0.3088495665993205, 0.2856286215097401, 0.24184362552135585, 0.18921607697769238, 0.18343439550841345, 0.18140832763767456, 0.18084808549564302, 0.18076902709536402, 0.18075549163588767, 0.18074958169649868, 0.18074847821430962, 0.18074839559714218, 0.18074839083725036, 0.18074838606786292, 0.18074838546333893, 0.18074838531513604, 0.18074838521119874, 0.18074838501766555, 0.18074838451631292, 0.18074838360868528, 0.18074838063414744, 0.18074837652759723, 0.1807483639121481, 0.18074832352191628, 0.18074828713681468, 0.18074820584175666, 0.1807480640129847, 0.18074779649767425, 0.18074722449749592, 0.18074671495325123, 0.18074612044714666, 0.18074342972979407, 0.18073990097885673, 0.18073758588906297, 0.18073636594081022, 0.18073327674924067, 0.18073040526963213, 0.18072954482048575]}, "7": {"maxiter": 500, "fatol": 1e-10, "xatol": 1e-10, "duration": 0.1890718936920166, "fun": "0.1807292547444459", "nit": "500", "nfev": "763", "status": "2", "success": "False", "message": "Maximum number of iterations has been exceeded.", "x": "[ 6.21972903e+00  1.05954949e-01  8.71380881e+00  8.10523516e+00\n  3.15676719e+00 -2.67561436e-03]", "final_simplex": "(array([[ 6.21972903e+00,  1.05954949e-01,  8.71380881e+00,\n         8.10523516e+00,  3.15676719e+00, -2.67561436e-03],\n       [ 6.21951052e+00,  1.07596174e-01,  8.71204961e+00,\n         8.10483961e+00,  3.15734115e+00, -1.39781887e-03],\n       [ 6.21962325e+00,  8.34750909e-02,  8.73479994e+00,\n         8.10538784e+00,  3.15625184e+00, -1.48440315e-03],\n       [ 6.21936882e+00,  8.47790301e-02,  8.73506702e+00,\n         8.10524726e+00,  3.15611539e+00, -1.78695029e-03],\n       [ 6.22047097e+00,  1.14689727e-01,  8.70470342e+00,\n         8.10533259e+00,  3.15549894e+00, -1.67781679e-03],\n       [ 6.22023920e+00,  1.07695470e-01,  8.71177916e+00,\n         8.10584354e+00,  3.15611058e+00, -1.03526548e-03],\n       [ 6.21976656e+00,  9.59159300e-02,  8.72238274e+00,\n         8.10481827e+00,  3.15569928e+00, -2.36491933e-03]]), array([0.18072925, 0.1807295 , 0.18072954, 0.18072955, 0.18072957,\n       0.18072963, 0.18072974]))", "callback": [0.9537824202540552, 0.7369787646443776, 0.62725735502469, 0.5108181425978167, 0.47482611234247096, 0.4420869155770737, 0.3980114266371776, 0.33853746196504975, 0.32618461042818814, 0.3216321262737928, 0.320296853663242, 0.3169473815964121, 0.3088495665993205, 0.2856286215097401, 0.24184362552135585, 0.18921607697769238, 0.18343439550841345, 0.18140832763767456, 0.18084808549564302, 0.18076902709536402, 0.18075549163588767, 0.18074958169649868, 0.18074847821430962, 0.18074839559714218, 0.18074839083725036, 0.18074838606786292, 0.18074838546333893, 0.18074838531513604, 0.18074838521119874, 0.18074838501766555, 0.18074838451631292, 0.18074838360868528, 0.18074838063414744, 0.18074837652759723, 0.1807483639121481, 0.18074832352191628, 0.18074828713681468, 0.18074820584175666, 0.1807480640129847, 0.18074779649767425, 0.18074722449749592, 0.18074671495325123, 0.18074612044714666, 0.18074342972979407, 0.18073990097885673, 0.18073758588906297, 0.18073636594081022, 0.18073327674924067, 0.18073040526963213, 0.18072954482048575]}, "8": {"maxiter": 1000, "fatol": 1e-05, "xatol": 1e-05, "duration": 0.27713584899902344, "fun": "0.18072117265165188", "nit": "761", "nfev": "1167", "status": "0", "success": "True", "message": "Optimization terminated successfully.", "x": "[ 6.22807458e+00 -4.00415299e-02  8.85581063e+00  8.10600040e+00\n  3.14886674e+00 -2.45768248e-03]", "final_simplex": "(array([[ 6.22807458e+00, -4.00415299e-02,  8.85581063e+00,\n         8.10600040e+00,  3.14886674e+00, -2.45768248e-03],\n       [ 6.22807472e+00, -4.00428128e-02,  8.85581146e+00,\n         8.10600037e+00,  3.14886636e+00, -2.45748581e-03],\n       [ 6.22807469e+00, -4.00475246e-02,  8.85581618e+00,\n         8.10600046e+00,  3.14886617e+00, -2.45756092e-03],\n       [ 6.22807466e+00, -4.00424826e-02,  8.85581128e+00,\n         8.10600025e+00,  3.14886633e+00, -2.45765664e-03],\n       [ 6.22807443e+00, -4.00359175e-02,  8.85580487e+00,\n         8.10600032e+00,  3.14886687e+00, -2.45763708e-03],\n       [ 6.22807434e+00, -4.00325873e-02,  8.85580168e+00,\n         8.10600016e+00,  3.14886701e+00, -2.45741063e-03],\n       [ 6.22807446e+00, -4.00431209e-02,  8.85581177e+00,\n         8.10600021e+00,  3.14886659e+00, -2.45754236e-03]]), array([0.18072117, 0.18072117, 0.18072117, 0.18072117, 0.18072117,\n       0.18072117, 0.18072117]))", "callback": [0.9537824202540552, 0.7369787646443776, 0.62725735502469, 0.5108181425978167, 0.47482611234247096, 0.4420869155770737, 0.3980114266371776, 0.33853746196504975, 0.32618461042818814, 0.3216321262737928, 0.320296853663242, 0.3169473815964121, 0.3088495665993205, 0.2856286215097401, 0.24184362552135585, 0.18921607697769238, 0.18343439550841345, 0.18140832763767456, 0.18084808549564302, 0.18076902709536402, 0.18075549163588767, 0.18074958169649868, 0.18074847821430962, 0.18074839559714218, 0.18074839083725036, 0.18074838606786292, 0.18074838546333893, 0.18074838531513604, 0.18074838521119874, 0.18074838501766555, 0.18074838451631292, 0.18074838360868528, 0.18074838063414744, 0.18074837652759723, 0.1807483639121481, 0.18074832352191628, 0.18074828713681468, 0.18074820584175666, 0.1807480640129847, 0.18074779649767425, 0.18074722449749592, 0.18074671495325123, 0.18074612044714666, 0.18074342972979407, 0.18073990097885673, 0.18073758588906297, 0.18073636594081022, 0.18073327674924067, 0.18073040526963213, 0.18072954482048575, 0.1807292547444459, 0.18072912652145323, 0.1807286902728299, 0.18072803880015575, 0.18072598084710678, 0.18072241461257166, 0.180721815810875, 0.18072139211898142, 0.1807212044147548, 0.1807212044147548, 0.1807211874698591, 0.1807211805179778, 0.18072117689574752, 0.18072117525973597, 0.18072117388851416, 0.18072117359370443, 0.18072117324009207, 0.18072117310471492, 0.18072117290669953, 0.18072117277084843, 0.18072117269393817, 0.18072117266124543, 0.1807211726530672, 0.18072117265192578, 0.18072117265172982, 0.18072117265165188, 0.18072117265165188]}, "9": {"maxiter": 1000, "fatol": 1e-05, "xatol": 1e-10, "duration": 0.30385398864746094, "fun": "0.18072117265164778", "nit": "831", "nfev": "1351", "status": "0", "success": "True", "message": "Optimization terminated successfully.", "x": "[ 6.22807459e+00 -4.00412390e-02  8.85581025e+00  8.10600033e+00\n  3.14886674e+00 -2.45755797e-03]", "final_simplex": "(array([[ 6.22807459e+00, -4.00412390e-02,  8.85581025e+00,\n         8.10600033e+00,  3.14886674e+00, -2.45755797e-03],\n       [ 6.22807459e+00, -4.00412390e-02,  8.85581025e+00,\n         8.10600033e+00,  3.14886674e+00, -2.45755797e-03],\n       [ 6.22807459e+00, -4.00412390e-02,  8.85581025e+00,\n         8.10600033e+00,  3.14886674e+00, -2.45755797e-03],\n       [ 6.22807459e+00, -4.00412389e-02,  8.85581025e+00,\n         8.10600033e+00,  3.14886674e+00, -2.45755797e-03],\n       [ 6.22807459e+00, -4.00412389e-02,  8.85581025e+00,\n         8.10600033e+00,  3.14886674e+00, -2.45755797e-03],\n       [ 6.22807459e+00, -4.00412389e-02,  8.85581025e+00,\n         8.10600033e+00,  3.14886674e+00, -2.45755797e-03],\n       [ 6.22807459e+00, -4.00412390e-02,  8.85581025e+00,\n         8.10600033e+00,  3.14886674e+00, -2.45755797e-03]]), array([0.18072117, 0.18072117, 0.18072117, 0.18072117, 0.18072117,\n       0.18072117, 0.18072117]))", "callback": [0.9537824202540552, 0.7369787646443776, 0.62725735502469, 0.5108181425978167, 0.47482611234247096, 0.4420869155770737, 0.3980114266371776, 0.33853746196504975, 0.32618461042818814, 0.3216321262737928, 0.320296853663242, 0.3169473815964121, 0.3088495665993205, 0.2856286215097401, 0.24184362552135585, 0.18921607697769238, 0.18343439550841345, 0.18140832763767456, 0.18084808549564302, 0.18076902709536402, 0.18075549163588767, 0.18074958169649868, 0.18074847821430962, 0.18074839559714218, 0.18074839083725036, 0.18074838606786292, 0.18074838546333893, 0.18074838531513604, 0.18074838521119874, 0.18074838501766555, 0.18074838451631292, 0.18074838360868528, 0.18074838063414744, 0.18074837652759723, 0.1807483639121481, 0.18074832352191628, 0.18074828713681468, 0.18074820584175666, 0.1807480640129847, 0.18074779649767425, 0.18074722449749592, 0.18074671495325123, 0.18074612044714666, 0.18074342972979407, 0.18073990097885673, 0.18073758588906297, 0.18073636594081022, 0.18073327674924067, 0.18073040526963213, 0.18072954482048575, 0.1807292547444459, 0.18072912652145323, 0.1807286902728299, 0.18072803880015575, 0.18072598084710678, 0.18072241461257166, 0.180721815810875, 0.18072139211898142, 0.1807212044147548, 0.1807212044147548, 0.1807211874698591, 0.1807211805179778, 0.18072117689574752, 0.18072117525973597, 0.18072117388851416, 0.18072117359370443, 0.18072117324009207, 0.18072117310471492, 0.18072117290669953, 0.18072117277084843, 0.18072117269393817, 0.18072117266124543, 0.1807211726530672, 0.18072117265192578, 0.18072117265172982, 0.18072117265165188, 0.18072117265165188, 0.1807211726516499, 0.18072117265164844, 0.1807211726516481, 0.180721172651648, 0.1807211726516479, 0.18072117265164778, 0.18072117265164778]}, "10": {"maxiter": 1000, "fatol": 1e-10, "xatol": 1e-05, "duration": 0.2568240165710449, "fun": "0.18072117265165188", "nit": "761", "nfev": "1167", "status": "0", "success": "True", "message": "Optimization terminated successfully.", "x": "[ 6.22807458e+00 -4.00415299e-02  8.85581063e+00  8.10600040e+00\n  3.14886674e+00 -2.45768248e-03]", "final_simplex": "(array([[ 6.22807458e+00, -4.00415299e-02,  8.85581063e+00,\n         8.10600040e+00,  3.14886674e+00, -2.45768248e-03],\n       [ 6.22807472e+00, -4.00428128e-02,  8.85581146e+00,\n         8.10600037e+00,  3.14886636e+00, -2.45748581e-03],\n       [ 6.22807469e+00, -4.00475246e-02,  8.85581618e+00,\n         8.10600046e+00,  3.14886617e+00, -2.45756092e-03],\n       [ 6.22807466e+00, -4.00424826e-02,  8.85581128e+00,\n         8.10600025e+00,  3.14886633e+00, -2.45765664e-03],\n       [ 6.22807443e+00, -4.00359175e-02,  8.85580487e+00,\n         8.10600032e+00,  3.14886687e+00, -2.45763708e-03],\n       [ 6.22807434e+00, -4.00325873e-02,  8.85580168e+00,\n         8.10600016e+00,  3.14886701e+00, -2.45741063e-03],\n       [ 6.22807446e+00, -4.00431209e-02,  8.85581177e+00,\n         8.10600021e+00,  3.14886659e+00, -2.45754236e-03]]), array([0.18072117, 0.18072117, 0.18072117, 0.18072117, 0.18072117,\n       0.18072117, 0.18072117]))", "callback": [0.9537824202540552, 0.7369787646443776, 0.62725735502469, 0.5108181425978167, 0.47482611234247096, 0.4420869155770737, 0.3980114266371776, 0.33853746196504975, 0.32618461042818814, 0.3216321262737928, 0.320296853663242, 0.3169473815964121, 0.3088495665993205, 0.2856286215097401, 0.24184362552135585, 0.18921607697769238, 0.18343439550841345, 0.18140832763767456, 0.18084808549564302, 0.18076902709536402, 0.18075549163588767, 0.18074958169649868, 0.18074847821430962, 0.18074839559714218, 0.18074839083725036, 0.18074838606786292, 0.18074838546333893, 0.18074838531513604, 0.18074838521119874, 0.18074838501766555, 0.18074838451631292, 0.18074838360868528, 0.18074838063414744, 0.18074837652759723, 0.1807483639121481, 0.18074832352191628, 0.18074828713681468, 0.18074820584175666, 0.1807480640129847, 0.18074779649767425, 0.18074722449749592, 0.18074671495325123, 0.18074612044714666, 0.18074342972979407, 0.18073990097885673, 0.18073758588906297, 0.18073636594081022, 0.18073327674924067, 0.18073040526963213, 0.18072954482048575, 0.1807292547444459, 0.18072912652145323, 0.1807286902728299, 0.18072803880015575, 0.18072598084710678, 0.18072241461257166, 0.180721815810875, 0.18072139211898142, 0.1807212044147548, 0.1807212044147548, 0.1807211874698591, 0.1807211805179778, 0.18072117689574752, 0.18072117525973597, 0.18072117388851416, 0.18072117359370443, 0.18072117324009207, 0.18072117310471492, 0.18072117290669953, 0.18072117277084843, 0.18072117269393817, 0.18072117266124543, 0.1807211726530672, 0.18072117265192578, 0.18072117265172982, 0.18072117265165188, 0.18072117265165188]}, "11": {"maxiter": 1000, "fatol": 1e-10, "xatol": 1e-10, "duration": 0.30423402786254883, "fun": "0.18072117265164778", "nit": "831", "nfev": "1351", "status": "0", "success": "True", "message": "Optimization terminated successfully.", "x": "[ 6.22807459e+00 -4.00412390e-02  8.85581025e+00  8.10600033e+00\n  3.14886674e+00 -2.45755797e-03]", "final_simplex": "(array([[ 6.22807459e+00, -4.00412390e-02,  8.85581025e+00,\n         8.10600033e+00,  3.14886674e+00, -2.45755797e-03],\n       [ 6.22807459e+00, -4.00412390e-02,  8.85581025e+00,\n         8.10600033e+00,  3.14886674e+00, -2.45755797e-03],\n       [ 6.22807459e+00, -4.00412390e-02,  8.85581025e+00,\n         8.10600033e+00,  3.14886674e+00, -2.45755797e-03],\n       [ 6.22807459e+00, -4.00412389e-02,  8.85581025e+00,\n         8.10600033e+00,  3.14886674e+00, -2.45755797e-03],\n       [ 6.22807459e+00, -4.00412389e-02,  8.85581025e+00,\n         8.10600033e+00,  3.14886674e+00, -2.45755797e-03],\n       [ 6.22807459e+00, -4.00412389e-02,  8.85581025e+00,\n         8.10600033e+00,  3.14886674e+00, -2.45755797e-03],\n       [ 6.22807459e+00, -4.00412390e-02,  8.85581025e+00,\n         8.10600033e+00,  3.14886674e+00, -2.45755797e-03]]), array([0.18072117, 0.18072117, 0.18072117, 0.18072117, 0.18072117,\n       0.18072117, 0.18072117]))", "callback": [0.9537824202540552, 0.7369787646443776, 0.62725735502469, 0.5108181425978167, 0.47482611234247096, 0.4420869155770737, 0.3980114266371776, 0.33853746196504975, 0.32618461042818814, 0.3216321262737928, 0.320296853663242, 0.3169473815964121, 0.3088495665993205, 0.2856286215097401, 0.24184362552135585, 0.18921607697769238, 0.18343439550841345, 0.18140832763767456, 0.18084808549564302, 0.18076902709536402, 0.18075549163588767, 0.18074958169649868, 0.18074847821430962, 0.18074839559714218, 0.18074839083725036, 0.18074838606786292, 0.18074838546333893, 0.18074838531513604, 0.18074838521119874, 0.18074838501766555, 0.18074838451631292, 0.18074838360868528, 0.18074838063414744, 0.18074837652759723, 0.1807483639121481, 0.18074832352191628, 0.18074828713681468, 0.18074820584175666, 0.1807480640129847, 0.18074779649767425, 0.18074722449749592, 0.18074671495325123, 0.18074612044714666, 0.18074342972979407, 0.18073990097885673, 0.18073758588906297, 0.18073636594081022, 0.18073327674924067, 0.18073040526963213, 0.18072954482048575, 0.1807292547444459, 0.18072912652145323, 0.1807286902728299, 0.18072803880015575, 0.18072598084710678, 0.18072241461257166, 0.180721815810875, 0.18072139211898142, 0.1807212044147548, 0.1807212044147548, 0.1807211874698591, 0.1807211805179778, 0.18072117689574752, 0.18072117525973597, 0.18072117388851416, 0.18072117359370443, 0.18072117324009207, 0.18072117310471492, 0.18072117290669953, 0.18072117277084843, 0.18072117269393817, 0.18072117266124543, 0.1807211726530672, 0.18072117265192578, 0.18072117265172982, 0.18072117265165188, 0.18072117265165188, 0.1807211726516499, 0.18072117265164844, 0.1807211726516481, 0.180721172651648, 0.1807211726516479, 0.18072117265164778, 0.18072117265164778]}}, "bfgs": {"type": "gradient", "0": {"maxiter": 100, "gtol": 1e-05, "xrtol": 1e-05, "eps": 1e-05, "duration": 0.08045196533203125, "fun": "0.18072117284202305", "jac": "[-1.97443173e-06  7.73159314e-08 -7.47513163e-08 -2.09254836e-07\n -1.75861548e-06 -3.42792461e-07]", "hess_inv": "[[ 4.75925591e+00  7.10646654e+01 -6.80339892e+01  1.25480796e+00\n   5.36308379e+00 -3.46565544e-01]\n [ 7.10646654e+01  3.30346589e+03 -3.19739991e+03  3.44047115e+01\n   1.70648019e+02 -9.98041945e+00]\n [-6.80339892e+01 -3.19739991e+03  3.09907248e+03 -3.25148944e+01\n  -1.62497432e+02  8.61225854e+00]\n [ 1.25480796e+00  3.44047115e+01 -3.25148944e+01  3.51067890e+00\n   2.01073102e+00 -3.91588898e-01]\n [ 5.36308379e+00  1.70648019e+02 -1.62497432e+02  2.01073102e+00\n   1.41243584e+01 -6.61954241e-01]\n [-3.46565544e-01 -9.98041945e+00  8.61225854e+00 -3.91588898e-01\n  -6.61954241e-01  3.72608449e+00]]", "nfev": "329", "njev": "47", "status": "0", "success": "True", "message": "Optimization terminated successfully.", "x": "[6.33825864 3.10104515 5.71468335 4.46035383 0.00721104 3.13913281]", "nit": "38", "callback": [0.759077602442714, 0.7233817117127337, 0.6602819324944706, 0.6314911270994911, 0.6106881261840017, 0.5515743329624428, 0.4751010498906856, 0.4319352452509293, 0.36791732686838174, 0.3339111370738852, 0.27020677519004943, 0.18805229906144705, 0.18241902607942084, 0.18139601531681104, 0.18102417903990864, 0.18089354969453675, 0.18086400374965772, 0.1808462961661872, 0.18083176726923633, 0.18083084084833745, 0.18083076276096732, 0.18083072821393065, 0.18083066280370097, 0.18083015846055916, 0.18082937108560881, 0.18082799309861097, 0.1808254820651365, 0.18082087053479146, 0.18081251236815565, 0.1807978940254502, 0.18077425596074193, 0.18074756349356236, 0.18073530651762526, 0.1807227310603633, 0.18072195660119694, 0.18072117758303474, 0.18072117423946432, 0.18072117284202305]}, "1": {"maxiter": 100, "gtol": 1e-05, "xrtol": 1e-05, "eps": 1e-10, "duration": 0.08392000198364258, "fun": "0.18072117280025646", "jac": "[-1.11022293e-06 -1.11022293e-06 -1.11022293e-06 -2.22044587e-06\n  0.00000000e+00 -4.44089173e-06]", "hess_inv": "[[ 4.28195733e+00  3.50820516e+01 -3.31891630e+01  1.02059377e+00\n   3.49277204e+00  2.71647311e-01]\n [ 3.50820516e+01  1.85287384e+03 -1.80317396e+03  2.19327689e+01\n   7.28695159e+01  8.47865460e+00]\n [-3.31891630e+01 -1.80317396e+03  1.75903276e+03 -2.04936355e+01\n  -6.82552060e+01 -8.95522789e+00]\n [ 1.02059377e+00  2.19327689e+01 -2.04936355e+01  3.42043706e+00\n   1.23573431e+00 -2.03008317e-01]\n [ 3.49277204e+00  7.28695159e+01 -6.82552060e+01  1.23573431e+00\n   8.25909026e+00  6.48996348e-01]\n [ 2.71647311e-01  8.47865460e+00 -8.95522789e+00 -2.03008317e-01\n   6.48996348e-01  3.63528102e+00]]", "nfev": "343", "njev": "49", "status": "0", "success": "True", "message": "Optimization terminated successfully.", "x": "[6.33828555 3.10179419 5.71396571 4.46035484 0.00726185 3.13911865]", "nit": "41", "callback": [0.759078768964871, 0.7233847670278837, 0.6602879250433986, 0.6314797971080308, 0.6106868523312132, 0.5515489936736071, 0.4751223597761276, 0.43189990090320907, 0.3674919157145289, 0.33328935351939726, 0.2692824856253164, 0.18764668187926348, 0.1823966590350251, 0.1813983572323289, 0.18100946099367932, 0.18089134823329067, 0.1808628635928904, 0.18084578699674547, 0.18083164221387316, 0.1808308473589475, 0.18083077699094552, 0.18083073895813806, 0.18083066761848765, 0.18083053175592256, 0.18083027289846532, 0.18082979277957822, 0.18082890552085962, 0.1808273008280208, 0.18082461189124988, 0.18082023067123576, 0.18081324306507252, 0.1808018932480191, 0.1807822376083783, 0.18075399167073347, 0.18073437111935586, 0.1807232902617395, 0.18072131577038475, 0.1807212768313421, 0.1807212175466486, 0.18072118036953655, 0.18072117280025646]}, "2": {"maxiter": 100, "gtol": 1e-05, "xrtol": 1e-10, "eps": 1e-05, "duration": 0.0750129222869873, "fun": "0.18072117284202305", "jac": "[-1.97443173e-06  7.73159314e-08 -7.47513163e-08 -2.09254836e-07\n -1.75861548e-06 -3.42792461e-07]", "hess_inv": "[[ 4.75925591e+00  7.10646654e+01 -6.80339892e+01  1.25480796e+00\n   5.36308379e+00 -3.46565544e-01]\n [ 7.10646654e+01  3.30346589e+03 -3.19739991e+03  3.44047115e+01\n   1.70648019e+02 -9.98041945e+00]\n [-6.80339892e+01 -3.19739991e+03  3.09907248e+03 -3.25148944e+01\n  -1.62497432e+02  8.61225854e+00]\n [ 1.25480796e+00  3.44047115e+01 -3.25148944e+01  3.51067890e+00\n   2.01073102e+00 -3.91588898e-01]\n [ 5.36308379e+00  1.70648019e+02 -1.62497432e+02  2.01073102e+00\n   1.41243584e+01 -6.61954241e-01]\n [-3.46565544e-01 -9.98041945e+00  8.61225854e+00 -3.91588898e-01\n  -6.61954241e-01  3.72608449e+00]]", "nfev": "329", "njev": "47", "status": "0", "success": "True", "message": "Optimization terminated successfully.", "x": "[6.33825864 3.10104515 5.71468335 4.46035383 0.00721104 3.13913281]", "nit": "38", "callback": [0.759077602442714, 0.7233817117127337, 0.6602819324944706, 0.6314911270994911, 0.6106881261840017, 0.5515743329624428, 0.4751010498906856, 0.4319352452509293, 0.36791732686838174, 0.3339111370738852, 0.27020677519004943, 0.18805229906144705, 0.18241902607942084, 0.18139601531681104, 0.18102417903990864, 0.18089354969453675, 0.18086400374965772, 0.1808462961661872, 0.18083176726923633, 0.18083084084833745, 0.18083076276096732, 0.18083072821393065, 0.18083066280370097, 0.18083015846055916, 0.18082937108560881, 0.18082799309861097, 0.1808254820651365, 0.18082087053479146, 0.18081251236815565, 0.1807978940254502, 0.18077425596074193, 0.18074756349356236, 0.18073530651762526, 0.1807227310603633, 0.18072195660119694, 0.18072117758303474, 0.18072117423946432, 0.18072117284202305]}, "3": {"maxiter": 100, "gtol": 1e-05, "xrtol": 1e-10, "eps": 1e-10, "duration": 0.08894062042236328, "fun": "0.18072117280025646", "jac": "[-1.11022293e-06 -1.11022293e-06 -1.11022293e-06 -2.22044587e-06\n  0.00000000e+00 -4.44089173e-06]", "hess_inv": "[[ 4.28195733e+00  3.50820516e+01 -3.31891630e+01  1.02059377e+00\n   3.49277204e+00  2.71647311e-01]\n [ 3.50820516e+01  1.85287384e+03 -1.80317396e+03  2.19327689e+01\n   7.28695159e+01  8.47865460e+00]\n [-3.31891630e+01 -1.80317396e+03  1.75903276e+03 -2.04936355e+01\n  -6.82552060e+01 -8.95522789e+00]\n [ 1.02059377e+00  2.19327689e+01 -2.04936355e+01  3.42043706e+00\n   1.23573431e+00 -2.03008317e-01]\n [ 3.49277204e+00  7.28695159e+01 -6.82552060e+01  1.23573431e+00\n   8.25909026e+00  6.48996348e-01]\n [ 2.71647311e-01  8.47865460e+00 -8.95522789e+00 -2.03008317e-01\n   6.48996348e-01  3.63528102e+00]]", "nfev": "343", "njev": "49", "status": "0", "success": "True", "message": "Optimization terminated successfully.", "x": "[6.33828555 3.10179419 5.71396571 4.46035484 0.00726185 3.13911865]", "nit": "41", "callback": [0.759078768964871, 0.7233847670278837, 0.6602879250433986, 0.6314797971080308, 0.6106868523312132, 0.5515489936736071, 0.4751223597761276, 0.43189990090320907, 0.3674919157145289, 0.33328935351939726, 0.2692824856253164, 0.18764668187926348, 0.1823966590350251, 0.1813983572323289, 0.18100946099367932, 0.18089134823329067, 0.1808628635928904, 0.18084578699674547, 0.18083164221387316, 0.1808308473589475, 0.18083077699094552, 0.18083073895813806, 0.18083066761848765, 0.18083053175592256, 0.18083027289846532, 0.18082979277957822, 0.18082890552085962, 0.1808273008280208, 0.18082461189124988, 0.18082023067123576, 0.18081324306507252, 0.1808018932480191, 0.1807822376083783, 0.18075399167073347, 0.18073437111935586, 0.1807232902617395, 0.18072131577038475, 0.1807212768313421, 0.1807212175466486, 0.18072118036953655, 0.18072117280025646]}, "4": {"maxiter": 100, "gtol": 1e-10, "xrtol": 1e-05, "eps": 1e-05, "duration": 0.07806181907653809, "fun": "0.18072117275706923", "jac": "[-8.26894109e-08  1.23456800e-08 -6.51700915e-09 -9.32698363e-08\n -1.67443837e-07 -1.84097182e-07]", "hess_inv": "[[ 5.23128775e+00  6.98239284e+01 -6.65003126e+01  1.34225151e+00\n   5.97077078e+00 -3.48159899e-01]\n [ 6.98239284e+01  3.16038090e+03 -3.05775927e+03  3.40128990e+01\n   1.66336337e+02 -5.86796462e+00]\n [-6.65003126e+01 -3.05775927e+03  2.96300913e+03 -3.20717748e+01\n  -1.57858227e+02  4.57388969e+00]\n [ 1.34225151e+00  3.40128990e+01 -3.20717748e+01  3.52669849e+00\n   2.12030049e+00 -3.87337481e-01]\n [ 5.97077078e+00  1.66336337e+02 -1.57858227e+02  2.12030049e+00\n   1.48563406e+01 -5.87808277e-01]\n [-3.48159899e-01 -5.86796462e+00  4.57388969e+00 -3.87337481e-01\n  -5.87808277e-01  3.61076181e+00]]", "nfev": "336", "njev": "48", "status": "0", "success": "True", "message": "Optimization terminated successfully.", "x": "[6.33826926 3.10100772 5.71472719 4.46035579 0.00722454 3.13913304]", "nit": "39", "callback": [0.759077602442714, 0.7233817117127337, 0.6602819324944706, 0.6314911270994911, 0.6106881261840017, 0.5515743329624428, 0.4751010498906856, 0.4319352452509293, 0.36791732686838174, 0.3339111370738852, 0.27020677519004943, 0.18805229906144705, 0.18241902607942084, 0.18139601531681104, 0.18102417903990864, 0.18089354969453675, 0.18086400374965772, 0.1808462961661872, 0.18083176726923633, 0.18083084084833745, 0.18083076276096732, 0.18083072821393065, 0.18083066280370097, 0.18083015846055916, 0.18082937108560881, 0.18082799309861097, 0.1808254820651365, 0.18082087053479146, 0.18081251236815565, 0.1807978940254502, 0.18077425596074193, 0.18074756349356236, 0.18073530651762526, 0.1807227310603633, 0.18072195660119694, 0.18072117758303474, 0.18072117423946432, 0.18072117284202305, 0.18072117275706923]}, "5": {"maxiter": 100, "gtol": 1e-10, "xrtol": 1e-05, "eps": 1e-10, "duration": 0.08981609344482422, "fun": "0.18072117269624743", "jac": "[2.22044587e-06 2.22044587e-06 2.22044587e-06 0.00000000e+00\n 1.11022303e-06 2.22044587e-06]", "hess_inv": "[[  14.52088756   79.47824347  -67.69755768   11.02606268   18.16589336\n    15.59569321]\n [  79.47824347  793.77891401 -699.80206871   68.62267494  129.22447659\n    70.25735412]\n [ -67.69755768 -699.80206871  620.93094911  -57.52495806 -110.43225669\n   -55.93025429]\n [  11.02606268   68.62267494  -57.52495806   13.18900102   15.59338019\n    14.78390038]\n [  18.16589336  129.22447659 -110.43225669   15.59338019   29.24419015\n    22.58218312]\n [  15.59569321   70.25735412  -55.93025429   14.78390038   22.58218312\n    26.55245264]]", "nfev": "399", "njev": "57", "status": "0", "success": "True", "message": "Optimization terminated successfully.", "x": "[6.33829952 3.10195763 5.71381562 4.4603682  0.00728241 3.13913992]", "nit": "43", "callback": [0.759078768964871, 0.7233847670278837, 0.6602879250433986, 0.6314797971080308, 0.6106868523312132, 0.5515489936736071, 0.4751223597761276, 0.43189990090320907, 0.3674919157145289, 0.33328935351939726, 0.2692824856253164, 0.18764668187926348, 0.1823966590350251, 0.1813983572323289, 0.18100946099367932, 0.18089134823329067, 0.1808628635928904, 0.18084578699674547, 0.18083164221387316, 0.1808308473589475, 0.18083077699094552, 0.18083073895813806, 0.18083066761848765, 0.18083053175592256, 0.18083027289846532, 0.18082979277957822, 0.18082890552085962, 0.1808273008280208, 0.18082461189124988, 0.18082023067123576, 0.18081324306507252, 0.1808018932480191, 0.1807822376083783, 0.18075399167073347, 0.18073437111935586, 0.1807232902617395, 0.18072131577038475, 0.1807212768313421, 0.1807212175466486, 0.18072118036953655, 0.18072117280025646, 0.18072117271500332, 0.18072117269624743]}, "6": {"maxiter": 100, "gtol": 1e-10, "xrtol": 1e-10, "eps": 1e-05, "duration": 0.13018012046813965, "fun": "0.18072117275488642", "jac": "[ 5.08482145e-09  2.67563749e-09  2.12052598e-09 -2.83106871e-09\n -2.93098879e-09 -8.82627305e-09]", "hess_inv": "[[ 5.09386330e+00  6.66522275e+01 -6.34740618e+