{"date": "2024/09/24/, 00:45:59", "conf_id": 167, "data_type": "non_lin_ind\n", "num_data_points": 1, "s_rank": 0, "unitary": "[[0.18663085-0.53122324j,-0.11886349-0.70040876j,0.28555095-0.02789305j,-0.12262021-0.2844587j],[-0.16702216+0.27758472j,0.27526351-0.29738586j,-0.01109314+0.22495461j,-0.77239203+0.28900673j],[0.61935415+0.12301792j,-0.31269928-0.03315917j,-0.61902762-0.19039079j,-0.27120731-0.0968989j],[0.42341754+0.0023929j,-0.05847358+0.47832119j,0.64900495-0.16218422j,-0.37182676-0.05229966j]]", "databatch_0": {"databatch": "[[[0.26663444+0.01610209j,-0.15343577+0.16056337j,0.08061016-0.15405849j,0.21344834-0.09039906j],[-0.06506037-0.10826157j,-0.20082291+0.21957529j,0.15132428+0.13211228j,-0.0834131-0.12790692j],[-0.10545486-0.237839j,-0.14431091-0.02226238j,-0.10047174+0.25005237j,-0.11798457-0.18417766j],[0.26742042+0.00973143j,0.16279034+0.33911994j,0.07950044-0.41378536j,0.14761366-0.0726673j]]]", "initial param values": "[6.04453382,4.93367498,2.19097455,1.26685615,4.85755601,2.49361833]", "nelder_mead": {"type": "gradient-free", "0": {"maxiter": 100, "fatol": 1e-05, "xatol": 1e-05, "duration": 0.03850698471069336, "fun": "0.4328177657951682", "nit": "100", "nfev": "157", "status": "2", "success": "False", "message": "Maximum number of iterations has been exceeded.", "x": "[5.62072713 3.40487392 1.87093382 1.90177666 6.56366977 2.87903407]", "final_simplex": "(array([[5.62072713, 3.40487392, 1.87093382, 1.90177666, 6.56366977,\n        2.87903407],\n       [5.71647952, 3.40000027, 1.88269663, 1.92963604, 6.41565854,\n        2.81610646],\n       [5.74686556, 3.44120529, 1.87876635, 1.92845242, 6.52172593,\n        2.80741826],\n       [5.69010434, 3.43917103, 1.91202483, 1.81163026, 6.49803539,\n        2.87845626],\n       [5.65335601, 3.34928339, 1.92427533, 1.85546349, 6.46312277,\n        2.88005436],\n       [5.79975233, 3.34810988, 1.94744608, 1.80681634, 6.47332524,\n        2.80283682],\n       [5.6922602 , 3.43474577, 1.94216014, 1.8653364 , 6.501846  ,\n        2.77059369]]), array([0.43281777, 0.43401577, 0.43430134, 0.43461784, 0.43550249,\n       0.43573176, 0.43599221]))", "callback": [0.5256312700120451, 0.4883747391987022, 0.47058464948658163, 0.46449816003105804, 0.45866032943411983, 0.45365194687060173, 0.4451226893062634, 0.4398391272494566, 0.4369509142038339]}, "1": {"maxiter": 100, "fatol": 1e-05, "xatol": 1e-10, "duration": 0.03602194786071777, "fun": "0.4328177657951682", "nit": "100", "nfev": "157", "status": "2", "success": "False", "message": "Maximum number of iterations has been exceeded.", "x": "[5.62072713 3.40487392 1.87093382 1.90177666 6.56366977 2.87903407]", "final_simplex": "(array([[5.62072713, 3.40487392, 1.87093382, 1.90177666, 6.56366977,\n        2.87903407],\n       [5.71647952, 3.40000027, 1.88269663, 1.92963604, 6.41565854,\n        2.81610646],\n       [5.74686556, 3.44120529, 1.87876635, 1.92845242, 6.52172593,\n        2.80741826],\n       [5.69010434, 3.43917103, 1.91202483, 1.81163026, 6.49803539,\n        2.87845626],\n       [5.65335601, 3.34928339, 1.92427533, 1.85546349, 6.46312277,\n        2.88005436],\n       [5.79975233, 3.34810988, 1.94744608, 1.80681634, 6.47332524,\n        2.80283682],\n       [5.6922602 , 3.43474577, 1.94216014, 1.8653364 , 6.501846  ,\n        2.77059369]]), array([0.43281777, 0.43401577, 0.43430134, 0.43461784, 0.43550249,\n       0.43573176, 0.43599221]))", "callback": [0.5256312700120451, 0.4883747391987022, 0.47058464948658163, 0.46449816003105804, 0.45866032943411983, 0.45365194687060173, 0.4451226893062634, 0.4398391272494566, 0.4369509142038339]}, "2": {"maxiter": 100, "fatol": 1e-10, "xatol": 1e-05, "duration": 0.03523111343383789, "fun": "0.4328177657951682", "nit": "100", "nfev": "157", "status": "2", "success": "False", "message": "Maximum number of iterations has been exceeded.", "x": "[5.62072713 3.40487392 1.87093382 1.90177666 6.56366977 2.87903407]", "final_simplex": "(array([[5.62072713, 3.40487392, 1.87093382, 1.90177666, 6.56366977,\n        2.87903407],\n       [5.71647952, 3.40000027, 1.88269663, 1.92963604, 6.41565854,\n        2.81610646],\n       [5.74686556, 3.44120529, 1.87876635, 1.92845242, 6.52172593,\n        2.80741826],\n       [5.69010434, 3.43917103, 1.91202483, 1.81163026, 6.49803539,\n        2.87845626],\n       [5.65335601, 3.34928339, 1.92427533, 1.85546349, 6.46312277,\n        2.88005436],\n       [5.79975233, 3.34810988, 1.94744608, 1.80681634, 6.47332524,\n        2.80283682],\n       [5.6922602 , 3.43474577, 1.94216014, 1.8653364 , 6.501846  ,\n        2.77059369]]), array([0.43281777, 0.43401577, 0.43430134, 0.43461784, 0.43550249,\n       0.43573176, 0.43599221]))", "callback": [0.5256312700120451, 0.4883747391987022, 0.47058464948658163, 0.46449816003105804, 0.45866032943411983, 0.45365194687060173, 0.4451226893062634, 0.4398391272494566, 0.4369509142038339]}, "3": {"maxiter": 100, "fatol": 1e-10, "xatol": 1e-10, "duration": 0.03521418571472168, "fun": "0.4328177657951682", "nit": "100", "nfev": "157", "status": "2", "success": "False", "message": "Maximum number of iterations has been exceeded.", "x": "[5.62072713 3.40487392 1.87093382 1.90177666 6.56366977 2.87903407]", "final_simplex": "(array([[5.62072713, 3.40487392, 1.87093382, 1.90177666, 6.56366977,\n        2.87903407],\n       [5.71647952, 3.40000027, 1.88269663, 1.92963604, 6.41565854,\n        2.81610646],\n       [5.74686556, 3.44120529, 1.87876635, 1.92845242, 6.52172593,\n        2.80741826],\n       [5.69010434, 3.43917103, 1.91202483, 1.81163026, 6.49803539,\n        2.87845626],\n       [5.65335601, 3.34928339, 1.92427533, 1.85546349, 6.46312277,\n        2.88005436],\n       [5.79975233, 3.34810988, 1.94744608, 1.80681634, 6.47332524,\n        2.80283682],\n       [5.6922602 , 3.43474577, 1.94216014, 1.8653364 , 6.501846  ,\n        2.77059369]]), array([0.43281777, 0.43401577, 0.43430134, 0.43461784, 0.43550249,\n       0.43573176, 0.43599221]))", "callback": [0.5256312700120451, 0.4883747391987022, 0.47058464948658163, 0.46449816003105804, 0.45866032943411983, 0.45365194687060173, 0.4451226893062634, 0.4398391272494566, 0.4369509142038339]}, "4": {"maxiter": 500, "fatol": 1e-05, "xatol": 1e-05, "duration": 0.16071438789367676, "fun": "0.22884221725919707", "nit": "461", "nfev": "720", "status": "0", "success": "True", "message": "Optimization terminated successfully.", "x": "[4.32834997 4.48418168 0.17077484 1.94329539 6.36632081 2.0225615 ]", "final_simplex": "(array([[4.32834997, 4.48418168, 0.17077484, 1.94329539, 6.36632081,\n        2.0225615 ],\n       [4.3283511 , 4.48418687, 0.17078328, 1.94329695, 6.3663193 ,\n        2.02255967],\n       [4.32834999, 4.4841889 , 0.17078092, 1.94329562, 6.36632241,\n        2.02256484],\n       [4.32834574, 4.48418092, 0.17077684, 1.94329668, 6.36632579,\n        2.02256378],\n       [4.32834492, 4.48417882, 0.17076829, 1.94330224, 6.36632038,\n        2.0225568 ],\n       [4.32834421, 4.48418143, 0.17077252, 1.94329572, 6.36631861,\n        2.0225635 ],\n       [4.32834749, 4.48417395, 0.17076797, 1.9433046 , 6.36631947,\n        2.02256697]]), array([0.22884222, 0.22884222, 0.22884222, 0.22884222, 0.22884222,\n       0.22884222, 0.22884222]))", "callback": [0.5256312700120451, 0.4883747391987022, 0.47058464948658163, 0.46449816003105804, 0.45866032943411983, 0.45365194687060173, 0.4451226893062634, 0.4398391272494566, 0.4369509142038339, 0.4328177657951682, 0.43003312658041504, 0.4287292261476153, 0.42744166210579704, 0.4242077699105896, 0.4063636128675854, 0.39937929710084696, 0.376547577515855, 0.35453412768371606, 0.35102429365094123, 0.329098008180154, 0.2932963288965762, 0.24889436185263714, 0.23964807060766924, 0.2371380927130593, 0.23476888476477498, 0.2338112076931278, 0.23107769257359678, 0.2295470764306572, 0.22911210680773808, 0.2289416485863227, 0.22887080401353932, 0.2288642724399469, 0.2288569649458584, 0.22885107412421912, 0.22884869139750108, 0.22884495870610122, 0.22884290497046456, 0.22884238699667203, 0.22884226291080412, 0.22884222366530926, 0.22884221880191358, 0.22884221787366843, 0.22884221748914757, 0.22884221732685428, 0.22884221727245768, 0.22884221725919707]}, "5": {"maxiter": 500, "fatol": 1e-05, "xatol": 1e-10, "duration": 0.17555522918701172, "fun": "0.2288422172547635", "nit": "500", "nfev": "787", "status": "2", "success": "False", "message": "Maximum number of iterations has been exceeded.", "x": "[4.32835031 4.48418106 0.17077662 1.94329969 6.36632039 2.02256128]", "final_simplex": "(array([[4.32835031, 4.48418106, 0.17077662, 1.94329969, 6.36632039,\n        2.02256128],\n       [4.32835032, 4.48418124, 0.1707768 , 1.94329957, 6.36632057,\n        2.02256151],\n       [4.32835042, 4.48418162, 0.17077712, 1.94329955, 6.36632053,\n        2.02256139],\n       [4.3283502 , 4.4841811 , 0.1707768 , 1.94329966, 6.36632048,\n        2.02256129],\n       [4.32835029, 4.48418139, 0.17077683, 1.9432995 , 6.36632036,\n        2.02256147],\n       [4.32835033, 4.48418126, 0.17077678, 1.94329943, 6.36632063,\n        2.02256122],\n       [4.32835073, 4.4841815 , 0.17077733, 1.94329933, 6.36632052,\n        2.02256134]]), array([0.22884222, 0.22884222, 0.22884222, 0.22884222, 0.22884222,\n       0.22884222, 0.22884222]))", "callback": [0.5256312700120451, 0.4883747391987022, 0.47058464948658163, 0.46449816003105804, 0.45866032943411983, 0.45365194687060173, 0.4451226893062634, 0.4398391272494566, 0.4369509142038339, 0.4328177657951682, 0.43003312658041504, 0.4287292261476153, 0.42744166210579704, 0.4242077699105896, 0.4063636128675854, 0.39937929710084696, 0.376547577515855, 0.35453412768371606, 0.35102429365094123, 0.329098008180154, 0.2932963288965762, 0.24889436185263714, 0.23964807060766924, 0.2371380927130593, 0.23476888476477498, 0.2338112076931278, 0.23107769257359678, 0.2295470764306572, 0.22911210680773808, 0.2289416485863227, 0.22887080401353932, 0.2288642724399469, 0.2288569649458584, 0.22885107412421912, 0.22884869139750108, 0.22884495870610122, 0.22884290497046456, 0.22884238699667203, 0.22884226291080412, 0.22884222366530926, 0.22884221880191358, 0.22884221787366843, 0.22884221748914757, 0.22884221732685428, 0.22884221727245768, 0.22884221725919707, 0.22884221725563303, 0.22884221725506515, 0.22884221725480547]}, "6": {"maxiter": 500, "fatol": 1e-10, "xatol": 1e-05, "duration": 0.16526508331298828, "fun": "0.22884221725919707", "nit": "461", "nfev": "720", "status": "0", "success": "True", "message": "Optimization terminated successfully.", "x": "[4.32834997 4.48418168 0.17077484 1.94329539 6.36632081 2.0225615 ]", "final_simplex": "(array([[4.32834997, 4.48418168, 0.17077484, 1.94329539, 6.36632081,\n        2.0225615 ],\n       [4.3283511 , 4.48418687, 0.17078328, 1.94329695, 6.3663193 ,\n        2.02255967],\n       [4.32834999, 4.4841889 , 0.17078092, 1.94329562, 6.36632241,\n        2.02256484],\n       [4.32834574, 4.48418092, 0.17077684, 1.94329668, 6.36632579,\n        2.02256378],\n       [4.32834492, 4.48417882, 0.17076829, 1.94330224, 6.36632038,\n        2.0225568 ],\n       [4.32834421, 4.48418143, 0.17077252, 1.94329572, 6.36631861,\n        2.0225635 ],\n       [4.32834749, 4.48417395, 0.17076797, 1.9433046 , 6.36631947,\n        2.02256697]]), array([0.22884222, 0.22884222, 0.22884222, 0.22884222, 0.22884222,\n       0.22884222, 0.22884222]))", "callback": [0.5256312700120451, 0.4883747391987022, 0.47058464948658163, 0.46449816003105804, 0.45866032943411983, 0.45365194687060173, 0.4451226893062634, 0.4398391272494566, 0.4369509142038339, 0.4328177657951682, 0.43003312658041504, 0.4287292261476153, 0.42744166210579704, 0.4242077699105896, 0.4063636128675854, 0.39937929710084696, 0.376547577515855, 0.35453412768371606, 0.35102429365094123, 0.329098008180154, 0.2932963288965762, 0.24889436185263714, 0.23964807060766924, 0.2371380927130593, 0.23476888476477498, 0.2338112076931278, 0.23107769257359678, 0.2295470764306572, 0.22911210680773808, 0.2289416485863227, 0.22887080401353932, 0.2288642724399469, 0.2288569649458584, 0.22885107412421912, 0.22884869139750108, 0.22884495870610122, 0.22884290497046456, 0.22884238699667203, 0.22884226291080412, 0.22884222366530926, 0.22884221880191358, 0.22884221787366843, 0.22884221748914757, 0.22884221732685428, 0.22884221727245768, 0.22884221725919707]}, "7": {"maxiter": 500, "fatol": 1e-10, "xatol": 1e-10, "duration": 0.22520899772644043, "fun": "0.2288422172547635", "nit": "500", "nfev": "787", "status": "2", "success": "False", "message": "Maximum number of iterations has been exceeded.", "x": "[4.32835031 4.48418106 0.17077662 1.94329969 6.36632039 2.02256128]", "final_simplex": "(array([[4.32835031, 4.48418106, 0.17077662, 1.94329969, 6.36632039,\n        2.02256128],\n       [4.32835032, 4.48418124, 0.1707768 , 1.94329957, 6.36632057,\n        2.02256151],\n       [4.32835042, 4.48418162, 0.17077712, 1.94329955, 6.36632053,\n        2.02256139],\n       [4.3283502 , 4.4841811 , 0.1707768 , 1.94329966, 6.36632048,\n        2.02256129],\n       [4.32835029, 4.48418139, 0.17077683, 1.9432995 , 6.36632036,\n        2.02256147],\n       [4.32835033, 4.48418126, 0.17077678, 1.94329943, 6.36632063,\n        2.02256122],\n       [4.32835073, 4.4841815 , 0.17077733, 1.94329933, 6.36632052,\n        2.02256134]]), array([0.22884222, 0.22884222, 0.22884222, 0.22884222, 0.22884222,\n       0.22884222, 0.22884222]))", "callback": [0.5256312700120451, 0.4883747391987022, 0.47058464948658163, 0.46449816003105804, 0.45866032943411983, 0.45365194687060173, 0.4451226893062634, 0.4398391272494566, 0.4369509142038339, 0.4328177657951682, 0.43003312658041504, 0.4287292261476153, 0.42744166210579704, 0.4242077699105896, 0.4063636128675854, 0.39937929710084696, 0.376547577515855, 0.35453412768371606, 0.35102429365094123, 0.329098008180154, 0.2932963288965762, 0.24889436185263714, 0.23964807060766924, 0.2371380927130593, 0.23476888476477498, 0.2338112076931278, 0.23107769257359678, 0.2295470764306572, 0.22911210680773808, 0.2289416485863227, 0.22887080401353932, 0.2288642724399469, 0.2288569649458584, 0.22885107412421912, 0.22884869139750108, 0.22884495870610122, 0.22884290497046456, 0.22884238699667203, 0.22884226291080412, 0.22884222366530926, 0.22884221880191358, 0.22884221787366843, 0.22884221748914757, 0.22884221732685428, 0.22884221727245768, 0.22884221725919707, 0.22884221725563303, 0.22884221725506515, 0.22884221725480547]}, "8": {"maxiter": 1000, "fatol": 1e-05, "xatol": 1e-05, "duration": 0.17029309272766113, "fun": "0.22884221725919707", "nit": "461", "nfev": "720", "status": "0", "success": "True", "message": "Optimization terminated successfully.", "x": "[4.32834997 4.48418168 0.17077484 1.94329539 6.36632081 2.0225615 ]", "final_simplex": "(array([[4.32834997, 4.48418168, 0.17077484, 1.94329539, 6.36632081,\n        2.0225615 ],\n       [4.3283511 , 4.48418687, 0.17078328, 1.94329695, 6.3663193 ,\n        2.02255967],\n       [4.32834999, 4.4841889 , 0.17078092, 1.94329562, 6.36632241,\n        2.02256484],\n       [4.32834574, 4.48418092, 0.17077684, 1.94329668, 6.36632579,\n        2.02256378],\n       [4.32834492, 4.48417882, 0.17076829, 1.94330224, 6.36632038,\n        2.0225568 ],\n       [4.32834421, 4.48418143, 0.17077252, 1.94329572, 6.36631861,\n        2.0225635 ],\n       [4.32834749, 4.48417395, 0.17076797, 1.9433046 , 6.36631947,\n        2.02256697]]), array([0.22884222, 0.22884222, 0.22884222, 0.22884222, 0.22884222,\n       0.22884222, 0.22884222]))", "callback": [0.5256312700120451, 0.4883747391987022, 0.47058464948658163, 0.46449816003105804, 0.45866032943411983, 0.45365194687060173, 0.4451226893062634, 0.4398391272494566, 0.4369509142038339, 0.4328177657951682, 0.43003312658041504, 0.4287292261476153, 0.42744166210579704, 0.4242077699105896, 0.4063636128675854, 0.39937929710084696, 0.376547577515855, 0.35453412768371606, 0.35102429365094123, 0.329098008180154, 0.2932963288965762, 0.24889436185263714, 0.23964807060766924, 0.2371380927130593, 0.23476888476477498, 0.2338112076931278, 0.23107769257359678, 0.2295470764306572, 0.22911210680773808, 0.2289416485863227, 0.22887080401353932, 0.2288642724399469, 0.2288569649458584, 0.22885107412421912, 0.22884869139750108, 0.22884495870610122, 0.22884290497046456, 0.22884238699667203, 0.22884226291080412, 0.22884222366530926, 0.22884221880191358, 0.22884221787366843, 0.22884221748914757, 0.22884221732685428, 0.22884221727245768, 0.22884221725919707]}, "9": {"maxiter": 1000, "fatol": 1e-05, "xatol": 1e-10, "duration": 0.27184224128723145, "fun": "0.2288422172547525", "nit": "573", "nfev": "959", "status": "0", "success": "True", "message": "Optimization terminated successfully.", "x": "[4.32835044 4.48418133 0.17077687 1.94329965 6.36632056 2.02256136]", "final_simplex": "(array([[4.32835044, 4.48418133, 0.17077687, 1.94329965, 6.36632056,\n        2.02256136],\n       [4.32835044, 4.48418133, 0.17077687, 1.94329965, 6.36632056,\n        2.02256136],\n       [4.32835044, 4.48418133, 0.17077687, 1.94329965, 6.36632056,\n        2.02256136],\n       [4.32835044, 4.48418133, 0.17077687, 1.94329965, 6.36632056,\n        2.02256136],\n       [4.32835044, 4.48418133, 0.17077687, 1.94329965, 6.36632056,\n        2.02256136],\n       [4.32835044, 4.48418133, 0.17077687, 1.94329965, 6.36632056,\n        2.02256136],\n       [4.32835044, 4.48418133, 0.17077687, 1.94329965, 6.36632056,\n        2.02256136]]), array([0.22884222, 0.22884222, 0.22884222, 0.22884222, 0.22884222,\n       0.22884222, 0.22884222]))", "callback": [0.5256312700120451, 0.4883747391987022, 0.47058464948658163, 0.46449816003105804, 0.45866032943411983, 0.45365194687060173, 0.4451226893062634, 0.4398391272494566, 0.4369509142038339, 0.4328177657951682, 0.43003312658041504, 0.4287292261476153, 0.42744166210579704, 0.4242077699105896, 0.4063636128675854, 0.39937929710084696, 0.376547577515855, 0.35453412768371606, 0.35102429365094123, 0.329098008180154, 0.2932963288965762, 0.24889436185263714, 0.23964807060766924, 0.2371380927130593, 0.23476888476477498, 0.2338112076931278, 0.23107769257359678, 0.2295470764306572, 0.22911210680773808, 0.2289416485863227, 0.22887080401353932, 0.2288642724399469, 0.2288569649458584, 0.22885107412421912, 0.22884869139750108, 0.22884495870610122, 0.22884290497046456, 0.22884238699667203, 0.22884226291080412, 0.22884222366530926, 0.22884221880191358, 0.22884221787366843, 0.22884221748914757, 0.22884221732685428, 0.22884221727245768, 0.22884221725919707, 0.22884221725563303, 0.22884221725506515, 0.22884221725480547, 0.22884221725476028, 0.22884221725475407, 0.2288422172547535, 0.22884221725475262, 0.2288422172547525, 0.2288422172547525, 0.2288422172547525, 0.2288422172547525]}, "10": {"maxiter": 1000, "fatol": 1e-10, "xatol": 1e-05, "duration": 0.1726241111755371, "fun": "0.22884221725919707", "nit": "461", "nfev": "720", "status": "0", "success": "True", "message": "Optimization terminated successfully.", "x": "[4.32834997 4.48418168 0.17077484 1.94329539 6.36632081 2.0225615 ]", "final_simplex": "(array([[4.32834997, 4.48418168, 0.17077484, 1.94329539, 6.36632081,\n        2.0225615 ],\n       [4.3283511 , 4.48418687, 0.17078328, 1.94329695, 6.3663193 ,\n        2.02255967],\n       [4.32834999, 4.4841889 , 0.17078092, 1.94329562, 6.36632241,\n        2.02256484],\n       [4.32834574, 4.48418092, 0.17077684, 1.94329668, 6.36632579,\n        2.02256378],\n       [4.32834492, 4.48417882, 0.17076829, 1.94330224, 6.36632038,\n        2.0225568 ],\n       [4.32834421, 4.48418143, 0.17077252, 1.94329572, 6.36631861,\n        2.0225635 ],\n       [4.32834749, 4.48417395, 0.17076797, 1.9433046 , 6.36631947,\n        2.02256697]]), array([0.22884222, 0.22884222, 0.22884222, 0.22884222, 0.22884222,\n       0.22884222, 0.22884222]))", "callback": [0.5256312700120451, 0.4883747391987022, 0.47058464948658163, 0.46449816003105804, 0.45866032943411983, 0.45365194687060173, 0.4451226893062634, 0.4398391272494566, 0.4369509142038339, 0.4328177657951682, 0.43003312658041504, 0.4287292261476153, 0.42744166210579704, 0.4242077699105896, 0.4063636128675854, 0.39937929710084696, 0.376547577515855, 0.35453412768371606, 0.35102429365094123, 0.329098008180154, 0.2932963288965762, 0.24889436185263714, 0.23964807060766924, 0.2371380927130593, 0.23476888476477498, 0.2338112076931278, 0.23107769257359678, 0.2295470764306572, 0.22911210680773808, 0.2289416485863227, 0.22887080401353932, 0.2288642724399469, 0.2288569649458584, 0.22885107412421912, 0.22884869139750108, 0.22884495870610122, 0.22884290497046456, 0.22884238699667203, 0.22884226291080412, 0.22884222366530926, 0.22884221880191358, 0.22884221787366843, 0.22884221748914757, 0.22884221732685428, 0.22884221727245768, 0.22884221725919707]}, "11": {"maxiter": 1000, "fatol": 1e-10, "xatol": 1e-10, "duration": 0.2190079689025879, "fun": "0.2288422172547525", "nit": "573", "nfev": "959", "status": "0", "success": "True", "message": "Optimization terminated successfully.", "x": "[4.32835044 4.48418133 0.17077687 1.94329965 6.36632056 2.02256136]", "final_simplex": "(array([[4.32835044, 4.48418133, 0.17077687, 1.94329965, 6.36632056,\n        2.02256136],\n       [4.32835044, 4.48418133, 0.17077687, 1.94329965, 6.36632056,\n        2.02256136],\n       [4.32835044, 4.48418133, 0.17077687, 1.94329965, 6.36632056,\n        2.02256136],\n       [4.32835044, 4.48418133, 0.17077687, 1.94329965, 6.36632056,\n        2.02256136],\n       [4.32835044, 4.48418133, 0.17077687, 1.94329965, 6.36632056,\n        2.02256136],\n       [4.32835044, 4.48418133, 0.17077687, 1.94329965, 6.36632056,\n        2.02256136],\n       [4.32835044, 4.48418133, 0.17077687, 1.94329965, 6.36632056,\n        2.02256136]]), array([0.22884222, 0.22884222, 0.22884222, 0.22884222, 0.22884222,\n       0.22884222, 0.22884222]))", "callback": [0.5256312700120451, 0.4883747391987022, 0.47058464948658163, 0.46449816003105804, 0.45866032943411983, 0.45365194687060173, 0.4451226893062634, 0.4398391272494566, 0.4369509142038339, 0.4328177657951682, 0.43003312658041504, 0.4287292261476153, 0.42744166210579704, 0.4242077699105896, 0.4063636128675854, 0.39937929710084696, 0.376547577515855, 0.35453412768371606, 0.35102429365094123, 0.329098008180154, 0.2932963288965762, 0.24889436185263714, 0.23964807060766924, 0.2371380927130593, 0.23476888476477498, 0.2338112076931278, 0.23107769257359678, 0.2295470764306572, 0.22911210680773808, 0.2289416485863227, 0.22887080401353932, 0.2288642724399469, 0.2288569649458584, 0.22885107412421912, 0.22884869139750108, 0.22884495870610122, 0.22884290497046456, 0.22884238699667203, 0.22884226291080412, 0.22884222366530926, 0.22884221880191358, 0.22884221787366843, 0.22884221748914757, 0.22884221732685428, 0.22884221727245768, 0.22884221725919707, 0.22884221725563303, 0.22884221725506515, 0.22884221725480547, 0.22884221725476028, 0.22884221725475407, 0.2288422172547535, 0.22884221725475262, 0.2288422172547525, 0.2288422172547525, 0.2288422172547525, 0.2288422172547525]}}, "bfgs": {"type": "gradient", "0": {"maxiter": 100, "gtol": 1e-05, "xrtol": 1e-05, "eps": 1e-05, "duration": 0.038938045501708984, "fun": "0.22884221775231905", "jac": "[-5.27250466e-06  1.24105171e-06 -2.57472932e-06 -6.91887658e-06\n -1.35145228e-06 -6.90736357e-06]", "hess_inv": "[[ 4.43165563  1.04990841  1.96092557 -1.04671932  0.78484954  0.25590169]\n [ 1.04990841  5.79869227  4.40215713 -4.03234306  1.61738627  0.4190014 ]\n [ 1.96092557  4.40215713  7.23893617 -4.60433246  2.11172631  0.372461  ]\n [-1.04671932 -4.03234306 -4.60433246  6.41505921 -1.43964173  0.03140962]\n [ 0.78484954  1.61738627  2.11172631 -1.43964173  3.24633022  0.89295892]\n [ 0.25590169  0.4190014   0.372461    0.03140962  0.89295892  2.97543842]]", "nfev": "161", "njev": "23", "status": "0", "success": "True", "message": "Optimization terminated successfully.", "x": "[4.32831061 4.48417921 0.17075908 1.94327177 6.36629638 2.02252196]", "nit": "21", "callback": [0.23871625962309184, 0.228842235185732]}, "1": {"maxiter": 100, "gtol": 1e-05, "xrtol": 1e-05, "eps": 1e-10, "duration": 0.039427995681762695, "fun": "0.228842217588187", "jac": "[-7.77156053e-06  0.00000000e+00  0.00000000e+00 -8.88178346e-06\n -5.55111466e-06 -7.77156053e-06]", "hess_inv": "[[ 4.40932082  1.01574009  1.93903541 -1.02831241  0.77658657  0.26000552]\n [ 1.01574009  5.7561369   4.39325795 -4.0227125   1.60675659  0.42841448]\n [ 1.93903541  4.39325795  7.27826489 -4.62357595  2.11074308  0.39632709]\n [-1.02831241 -4.0227125  -4.62357595  6.42697674 -1.43653923  0.02009747]\n [ 0.77658657  1.60675659  2.11074308 -1.43653923  3.24374779  0.89615001]\n [ 0.26000552  0.42841448  0.39632709  0.02009747  0.89615001  2.9858251 ]]", "nfev": "161", "njev": "23", "status": "0", "success": "True", "message": "Optimization terminated successfully.", "x": "[4.32832913 4.48421579 0.17080272 1.94324639 6.36631713 2.02253961]", "nit": "21", "callback": [0.23871717349766874, 0.2288422347327661]}, "2": {"maxiter": 100, "gtol": 1e-05, "xrtol": 1e-10, "eps": 1e-05, "duration": 0.03738903999328613, "fun": "0.22884221775231905", "jac": "[-5.27250466e-06  1.24105171e-06 -2.57472932e-06 -6.91887658e-06\n -1.35145228e-06 -6.90736357e-06]", "hess_inv": "[[ 4.43165563  1.04990841  1.96092557 -1.04671932  0.78484954  0.25590169]\n [ 1.04990841  5.79869227  4.40215713 -4.03234306  1.61738627  0.4190014 ]\n [ 1.96092557  4.40215713  7.23893617 -4.60433246  2.11172631  0.372461  ]\n [-1.04671932 -4.03234306 -4.60433246  6.41505921 -1.43964173  0.03140962]\n [ 0.78484954  1.61738627  2.11172631 -1.43964173  3.24633022  0.89295892]\n [ 0.25590169  0.4190014   0.372461    0.03140962  0.89295892  2.97543842]]", "nfev": "161", "njev": "23", "status": "0", "success": "True", "message": "Optimization terminated successfully.", "x": "[4.32831061 4.48417921 0.17075908 1.94327177 6.36629638 2.02252196]", "nit": "21", "callback": [0.23871625962309184, 0.228842235185732]}, "3": {"maxiter": 100, "gtol": 1e-05, "xrtol": 1e-10, "eps": 1e-10, "duration": 0.03730893135070801, "fun": "0.228842217588187", "jac": "[-7.77156053e-06  0.00000000e+00  0.00000000e+00 -8.88178346e-06\n -5.55111466e-06 -7.77156053e-06]", "hess_inv": "[[ 4.40932082  1.01574009  1.93903541 -1.02831241  0.77658657  0.26000552]\n [ 1.01574009  5.7561369   4.39325795 -4.0227125   1.60675659  0.42841448]\n [ 1.93903541  4.39325795  7.27826489 -4.62357595  2.11074308  0.39632709]\n [-1.02831241 -4.0227125  -4.62357595  6.42697674 -1.43653923  0.02009747]\n [ 0.77658657  1.60675659  2.11074308 -1.43653923  3.24374779  0.89615001]\n [ 0.26000552  0.42841448  0.39632709  0.02009747  0.89615001  2.9858251 ]]", "nfev": "161", "njev": "23", "status": "0", "success": "True", "message": "Optimization terminated successfully.", "x": "[4.32832913 4.48421579 0.17080272 1.94324639 6.36631713 2.02253961]", "nit": "21", "callback": [0.23871717349766874, 0.2288422347327661]}, "4": {"maxiter": 100, "gtol": 1e-10, "xrtol": 1e-05, "eps": 1e-05, "duration": 0.0394289493560791, "fun": "0.22884221731929322", "jac": "[-6.12376816e-07 -2.87403434e-07  3.70203868e-07 -5.32840438e-07\n -2.41440201e-07  6.21946938e-08]", "hess_inv": "[[ 4.47353121  0.94462482  2.02570601 -0.93765288  0.82314699  0.43722423]\n [ 0.94462482  5.8698363   4.40687983 -4.17950239  1.57660864  0.29151811]\n [ 2.02570601  4.40687983  7.19403905 -4.54562039  2.12290837  0.36861937]\n [-0.93765288 -4.17950239 -4.54562039  6.61572558 -1.3763321   0.28810559]\n [ 0.82314699  1.57660864  2.12290837 -1.3763321   3.26543597  0.96460894]\n [ 0.43722423  0.29151811  0.36861937  0.28810559  0.96460894  3.20340395]]", "nfev": "168", "njev": "24", "status": "0", "success": "True", "message": "Optimization terminated successfully.", "x": "[4.32833588 4.48416348 0.17075678 1.94330622 6.36630578 2.02255028]", "nit": "22", "callback": [0.23871625962309184, 0.228842235185732]}, "5": {"maxiter": 100, "gtol": 1e-10, "xrtol": 1e-05, "eps": 1e-10, "duration": 0.039721012115478516, "fun": "0.22884221733649146", "jac": "[2.22044587e-06 3.33066880e-06 2.22044587e-06 2.22044587e-06\n 2.22044587e-06 4.44089173e-06]", "hess_inv": "[[ 4.4768854   0.88977345  2.04342922 -0.88668943  0.84434033  0.51790147]\n [ 0.88977345  5.84236301  4.40500287 -4.20159556  1.52634672  0.25716617]\n [ 2.04342922  4.40500287  7.15299681 -4.5230014   2.15168073  0.36494211]\n [-0.88668943 -4.20159556 -4.5230014   6.67504211 -1.32082436  0.38330269]\n [ 0.84434033  1.52634672  2.15168073 -1.32082436  3.29751004  1.05914334]\n [ 0.51790147  0.25716617  0.36494211  0.38330269  1.05914334  3.32541878]]", "nfev": "168", "njev": "24", "status": "0", "success": "True", "message": "Optimization terminated successfully.", "x": "[4.32836476 4.48419586 0.17079321 1.94329443 6.3663385  2.02257876]", "nit": "22", "callback": [0.23871717349766874, 0.2288422347327661]}, "6": {"maxiter": 100, "gtol": 1e-10, "xrtol": 1e-10, "eps": 1e-05, "duration": 0.0688469409942627, "fun": "0.22884221731434595", "jac": "[-1.79856130e-08 -4.98490138e-09  3.56381591e-08 -1.08024700e-08\n -1.05027098e-08  3.28292948e-08]", "hess_inv": "[[ 4.54891734  0.80328004  1.82790832 -0.71539611  0.79873087  0.42412377]\n [ 0.80328004  6.0191265   4.62933498 -4.46879331  1.582867    0.27647905]\n [ 1.82790832  4.62933498  7.46846969 -4.95328625  2.12059325  0.30154138]\n [-0.71539611 -4.46879331 -4.95328625  7.12798763 -1.40130416  0.3043701 ]\n [ 0.79873087  1.582867    2.12059325 -1.40130416  3.25530439  0.94066406]\n [ 0.42412377  0.27647905  0.30154138  0.3043701   0.94066406  3.14479753]]", "nfev": "292", "njev": "40", "status": "2", "success": "False", "message": "Desired error not necessarily achieved due to precision loss.", "x": "[4.328338   4.48416214 0.17075457 1.94330957 6.36630598 2.02255079]", "nit": "23", "callback": [0.23871625962309184, 0.228842235185732]}, "7": {"maxiter": 100, "gtol": 1e-10, "xrtol": 1e-10, "eps": 1e-10, "duration": 0.06960630416870117, "fun": "0.22884221726634213", "jac": "[-1.11022293e-06  1.11022293e-06 -3.33066880e-06  0.00000000e+00\n -1.11022293e-06  0.00000000e+00]", "hess_inv": "[[ 3.25698444e-03  1.54964117e-03 -1.13151884e-03 -1.06003166e-03\n   2.87784695e-04 -2.51163678e-03]\n [ 1.54964117e-03  2.94278652e-03 -2.82077210e-04 -2.87029911e-03\n  -5.13403665e-05 -2.55915968e-03]\n [-1.13151884e-03 -2.82077210e-04  1.45870377e-03 -8.00408130e-04\n  -8.22892502e-04  1.30518630e-03]\n [-1.06003166e-03 -2.87029911e-03 -8.00408130e-04  4.69023256e-03\n   2.17463153e-03  1.30327709e-03]\n [ 2.87784695e-04 -5.13403665e-05 -8.22892502e-04  2.17463153e-03\n   3.49566088e-03 -1.91249816e-03]\n [-2.51163678e-03 -2.55915968e-03  1.30518630e-03  1.30327709e-03\n  -1.91249816e-03  4.19676224e-03]]", "nfev": "301", "njev": "43", "status": "0", "success": "True", "message": "Optimization terminated successfully.", "x": "[4.32834668 4.48417736 0.17076545 1.94330344 6.36631764 2.02256292]", "nit": "34", "callback": [0.23871717349766874, 0.2288422347327661, 0.22884221726635068]}, "8": {"maxiter": 500, "gtol": 1e-05, "xrtol": 1e-05, "eps": 1e-05, "duration": 0.03676295280456543, "fun": "0.22884221775231905", "jac": "[-5.27250466e-06  1.24105171e-06 -2.57472932e-06 -6.91887658e-06\n -1.35145228e-06 -6.90736357e-06]", "hess_inv": "[[ 4.43165563  1.04990841  1.96092557 -1.04671932  0.78484954  0.25590169]\n [ 1.04990841  5.79869227  4.40215713 -4.03234306  1.61738627  0.4190014 ]\n [ 1.96092557  4.40215713  7.23893617 -4.60433246  2.11172631  0.372461  ]\n [-1.04671932 -4.03234306 -4.60433246  6.41505921 -1.43964173  0.03140962]\n [ 0.78484954  1.61738627  2.11172631 -1.43964173  3.24633022  0.89295892]\n [ 0.25590169  0.4190014   0.372461    0.03140962  0.89295892  2.97543842]]", "nfev": "161", "njev": "23", "status": "0", "success": "True", "message": "Optimization terminated successfully.", "x": "[4.32831061 4.48417921 0.17075908 1.94327177 6.36629638 2.02252196]", "nit": "21", "callback": [0.23871625962309184, 0.228842235185732]}, "9": {"maxiter": 500, "gtol": 1e-05, "xrtol": 1e-05, "eps": 1e-10, "duration": 0.03680896759033203, "fun": "0.228842217588187", "jac": "[-7.77156053e-06  0.00000000e+00  0.00000000e+00 -8.88178346e-06\n -5.55111466e-06 -7.77156053e-06]", "hess_inv": "[[ 4.40932082  1.01574009  1.93903541 -1.02831241  0.77658657  0.26000552]\n [ 1.01574009  5.7561369   4.39325795 -4.0227125   1.60675659  0.42841448]\n [ 1.93903541  4.39325795  7.27826489 -4.62357595  2.11074308  0.39632709]\n [-1.02831241 -4.0227125  -4.62357595  6.42697674 -1.43653923  0.02009747]\n [ 0.77658657  1.60675659  2.11074308 -1.43653923  3.24374779  0.89615001]\n [ 0.26000552  0.42841448  0.39632709  0.02009747  0.89615001  2.9858251 ]]", "nfev": "161", "njev": "23", "status": "0", "success": "True", "message": "Optimization terminated successfully.", "x": "[4.32832913 4.48421579 0.17080272 1.94324639 6.36631713 2.02253961]", "nit": "21", "callback": [0.23871717349766874, 0.2288422347327661]}, "10": {"maxiter": 500, "gtol": 1e-05, "xrtol": 1e-10, "eps": 1e-05, "duration": 0.03772592544555664, "fun": "0.22884221775231905", "jac": "[-5.27250466e-06  1.24105171e-06 -2.57472932e-06 -6.91887658e-06\n -1.35145228e-06 -6.90736357e-06]", "hess_inv": "[[ 4.43165563  1.04990841  1.96092557 -1.04671932  0.78484954  0.25590169]\n [ 1.04990841  5.79869227  4.40215713 -4.03234306  1.61738627  0.4190014 ]\n [ 1.96092557  4.40215713  7.23893617 -4.60433246  2.11172631  0.372461  ]\n [-1.04671932 -4.03234306 -4.60433246  6.41505921 -1.43964173  0.03140962]\n [ 0.78484954  1.61738627  2.11172631 -1.43964173  3.24633022  0.89295892]\n [ 0.25590169  0.4190014   0.372461    0.03140962  0.89295892  2.97543842]]", "nfev": "161", "njev": "23", "status": "0", "success": "True", "message": "Optimization terminated successfully.", "x": "[4.32831061 4.48417921 0.17075908 1.94327177 6.36629638 2.02252196]", "nit": "21", "callback": [0.23871625962309184, 0.228842235185732]}, "11": {"maxiter": 500, "gtol": 1e-05, "xrtol": 1e-10, "eps": 1e-10, "duration": 0.03697395324707031, "fun": "0.228842217588187", "jac": "[-7.77156053e-06  0.00000000e+00  0.00000000e+00 -8.88178346e-06\n -5.55111466e-06 -7.77156053e-06]", "hess_inv": "[[ 4.40932082  1.01574009  1.93903541 -1.02831241  0.77658657  0.26000552]\n [ 1.01574009  5.7561369   4.39325795 -4.0227125   1.60675659  0.42841448]\n [ 1.93903541  4.39325795  7.27826489 -4.62357595  2.11074308  0.39632709]\n [-1.02831241 -4.0227125  -4.62357595  6.42697674 -1.43653923  0.02009747]\n [ 0.77658657  1.60675659  2.11074308 -1.43653923  3.24374779  0.89615001]\n [ 0.26000552  0.42841448  0.39632709  0.02009747  0.89615001  2.9858251 ]]", "nfev": "161", "njev": "23", "status": "0", "success": "True", "message": "Optimization terminated successfully.", "x": "[4.32832913 4.48421579 0.17080272 1.94324639 6.36631713 2.02253961]", "nit": "21", "callback": [0.23871717349766874, 0.2288422347327661]}, "12": {"maxiter": 500, "gtol": 1e-10, "xrtol": 1e-05, "eps": 1e-05, "duration": 0.03890824317932129, "fun": "0.22884221731929322", "jac": "[-6.12376816e-07 -2.87403434e-07  3.70203868e-07 -5.32840438e-07\n -2.41440201e-07  6.21946938e-08]", "hess_inv": "[[ 4.47353121  0.94462482  2.02570601 -0.93765288  0.82314699  0.43722423]\n [ 0.94462482  5.8698363   4.40687983 -4.17950239  1.57660864  0.29151811]\n [ 2.02570601  4.40687983  7.19403905 -4.54562039  2.12290837  0.36861937]\n [-0.93765288 -4.17950239 -4.54562039  6.61572558 -1.3763321   0.28810559]\n [ 0.82314699  1.57660864  2.12290837 -1.3763321   3.26543597  0.96460894]\n [ 0.43722423  0.29151811  0.36861937  0.28810559  0.96460894  3.20340395]]", "nfev": "168", "njev": "24", "status": "0", "success": "True", "message": "Optimization terminated successfully.", "x": "[4.32833588 4.48416348 0.17075678 1.94330622 6.36630578 2.02255028]", "nit": "22", "callback": [0.23871625962309184, 0.228842235185732]}, "13": {"maxiter": 500, "gtol": 1e-10, "xrtol": 1e-05, "eps": 1e-10, "duration": 0.039099931716918945, "fun": "0.22884221733649146", "jac": "[2.22044587e-06 3.33066880e-06 2.22044587e-06 2.22044587e-06\n 2.22044587e-06 4.44089173e-06]", "hess_inv": "[[ 4.4768854   0.88977345  2.04342922 -0.88668943  0.84434033  0.51790147]\n [ 0.88977345  5.84236301  4.40500287 -4.20159556  1.52634672  0.25716617]\n [ 2.04342922  4.40500287  7.15299681 -4.5230014   2.15168073  0.36494211]\n [-0.88668943 -4.20159556 -4.5230014   6.67504211 -1.32082436  0.38330269]\n [ 0.84434033  1.52634672  2.15168073 -1.32082436  3.29751004  1.05914334]\n [ 0.51790147  0.25716617  0.36494211  0.38330269  1.05914334  3.32541878]]", "nfev": "168", "njev": "24", "status": "0", "success": "True", "message": "Optimization terminated successfully.", "x": "[4.32836476 4.48419586 0.17079321 1.94329443 6.3663385  2.02257876]", "nit": "22", "callback": [0.23871717349766874, 0.2288422347327661]}, "14": {"maxiter": 500, "gtol": 1e-10, "xrtol": 1e-10, "eps": 1e-05, "duration": 0.06643319129943848, "fun": "0.22884221731434595", "jac": "[-1.79856130e-08 -4.98490138e-09  3.56381591e-08 -1.08024700e-08\n -1.05027098e-08  3.28292948e-08]", "hess_inv": "[[ 4.54891734  0.80328004  1.82790832 -0.71539611  0.79873087  0.42412377]\n [ 0.80328004  6.0191265   4.62933498 -4.46879331  1.582867    0.27647905]\n [ 1.82790832  4.62933498  7.46846969 -4.95328625  2.12059325  0.30154138]\n [-0.71539611 -4.46879331 -4.95328625  7.12798763 -1.40130416  0.3043701 ]\n [ 0.79873087  1.582867    2.12059325 -1.40130416  3.25530439  0.94066406]\n [ 0.42412377  0.27647905  0.30154138  0.3043701   0.94066406  3.14479753]]", "nfev": "292", "njev": "40", "status": "2", "success": "False", "message": "Desired error not necessarily achieved due to precision loss.", "x": "[4.328338   4.48416214 0.17075457 1.94330957 6.36630598 2.02255079]", "nit": "23", "callback": [0.23871625962309184, 0.228842235185732]}, "15": {"maxiter": 500, "gtol": 1e-10, "xrtol": 1e-10, "eps": 1e-10, "duration": 0.06818819046020508, "fun": "0.22884221726634213", "jac": "[-1.11022293e-06  1.11022293e-06 -3.33066880e-06  0.00000000e+00\n -1.11022293e-06  0.00000000e+00]", "hess_inv": "[[ 3.25698444e-03  1.54964117e-03 -1.13151884e-03 -1.06003166e-03\n   2.87784695e-04 -2.51163678e-03]\n [ 1.54964117e-03  2.94278652e-03 -2.82077210e-04 -2.87029911e-03\n  -5.13403665e-05 -2.55915968e-03]\n [-1.13151884e-03 -2.82077210e-04  1.45870377e-03 -8.00408130e-04\n  -8.22892502e-04  1.30518630e-03]\n [-1.06003166e-03 -2.87029911e-03 -8.00408130e-04  4.69023256e-03\n   2.17463153e-03  1.30327709e-03]\n [ 2.87784695e-04 -5.13403665e-05 -8.22892502e-04  2.17463153e-03\n   3.49566088e-03 -1.91249816e-03]\n [-2.51163678e-03 -2.55915968e-03  1.30518630e-03  1.30327709e-03\n  -1.91249816e-03  4.19676224e-03]]", "nfev": "301", "njev": "43", "status": "0", "success": "True", "message": "Optimization terminated successfully.", "x": "[4.32834668 4.48417736 0.17076545 1.94330344 6.36631764 2.02256292]", "nit": "34", "callback": [0.23871717349766874, 0.2288422347327661, 0.22884221726635068]}, "16": {"maxiter": 1000, "gtol": 1e-05, "xrtol": 1e-05, "eps": 1e-05, "duration": 0.03638124465942383, "fun": "0.22884221775231905", "jac": "[-5.27250466e-06  1.24105171e-06 -2.57472932e-06 -6.91887658e-06\n -1.35145228e-06 -6.90736357e-06]", "hess_inv": "[[ 4.43165563  1.04990841  1.96092557 -1.04671932  0.78484954  0.25590169]\n [ 1.04990841  5.79869227  4.40215713 -4.03234306  1.61738627  0.4190014 ]\n [ 1.96092557  4.40215713  7.23893617 -4.60433246  2.11172631  0.372461  ]\n [-1.04671932 -4.03234306 -4.60433246  6.41505921 -1.43964173  0.03140962]\n [ 0.78484954  1.61738627  2.11172631 -1.43964173  3.24633022  0.89295892]\n [ 0.25590169  0.4190014   0.372461    0.03140962  0.89295892  2.97543842]]", "nfev": "161", "njev": "23", "status": "0", "success": "True", "message": "Optimization terminated successfully.", "x": "[4.32831061 4.48417921 0.17075908 1.94327177 6.36629638 2.02252196]", "nit": "21", "callback": [0.23871625962309184, 0.228842235185732]}, "17": {"maxiter": 1000, "gtol": 1e-05, "xrtol": 1e-05, "eps"