{"date": "2024/09/25/, 10:07:06", "conf_id": 201, "data_type": "non_lin_ind\n", "num_data_points": 3, "s_rank": 0, "unitary": "[[-0.56303964-0.00798273j,-0.21670212-0.15784972j,-0.06047197-0.73952673j,-0.01438004+0.24552571j],[-0.06976756+0.23474685j,-0.01275565-0.5435098j,-0.02703657-0.08917885j,-0.08210486-0.79311774j],[-0.38559961+0.10714929j,0.5933431-0.2687392j,-0.24060861+0.29149289j,-0.45147719+0.26241743j],[-0.50180421+0.45931857j,-0.11617175+0.44134496j,0.49642745+0.22684508j,-0.08544628-0.15407063j]]", "databatch_0": {"databatch": "[[[0.10834469-7.03048733e-02j,0.1552881+6.52633366e-02j,0.19153564-1.64709133e-01j,0.1574803+8.15009732e-03j],[-0.14641-3.96892268e-04j,-0.1069685-1.58173369e-01j,-0.28387551+3.76687879e-02j,-0.14443879-1.05316738e-01j],[0.04987304-1.72757920e-01j,0.22287819-7.29426176e-02j,0.05130839-3.47932270e-01j,0.17310506-1.35026187e-01j],[-0.13439146-1.90320393e-01j,0.1066528-2.84528164e-01j,-0.31044318-3.33595538e-01j,0.00354956-2.84439094e-01j]],[[-0.09531986-8.15286143e-02j,-0.18619608-7.75207967e-02j,0.04897097-2.01911158e-01j,-0.18282044+2.71234786e-02j],[0.03996486+1.36454865e-01j,0.1287129+1.88960468e-01j,-0.17159702+1.61320956e-01j,0.19034975+8.75347645e-02j],[-0.17462176+1.14836983e-03j,-0.26657129+8.82312708e-02j,-0.13259639-2.57070452e-01j,-0.1675989+1.95241597e-01j],[-0.14021396+1.77584498e-01j,-0.12656057+3.41107814e-01j,-0.36741485-7.39869501e-02j,0.06182475+3.27619890e-01j]],[[-0.16544699+1.30051635e-01j,-0.14451759+3.12100146e-02j,-0.22140474-1.80272785e-02j,-0.13448857-1.26003436e-02j],[0.23763576-2.09354359e-02j,0.15652276+5.99218316e-02j,0.1989991+1.54302477e-01j,0.11985627+9.52946868e-02j],[-0.05546531+2.87682447e-01j,-0.12357696+1.64613819e-01j,-0.24936181+1.82925398e-01j,-0.15297518+1.09379131e-01j],[0.24612642+2.89021934e-01j,0.06648104+2.58288846e-01j,-0.016831+4.00363387e-01j,-0.01319783+2.43310721e-01j]]]", "initial param values": "[4.76203183,1.54712415,4.02350185,5.03383229,5.2517874,1.13649724]", "nelder_mead": {"type": "gradient-free", "0": {"maxiter": 100, "fatol": 1e-05, "xatol": 1e-05, "duration": 0.03999805450439453, "fun": "0.019023468222578166", "nit": "100", "nfev": "165", "status": "2", "success": "False", "message": "Maximum number of iterations has been exceeded.", "x": "[7.49367549 1.46770846 5.4657857  5.29064694 6.08489795 0.86322365]", "final_simplex": "(array([[7.49367549, 1.46770846, 5.4657857 , 5.29064694, 6.08489795,\n        0.86322365],\n       [7.60452712, 1.48246677, 5.4723484 , 5.19298575, 6.18799133,\n        0.86045942],\n       [7.60434379, 1.50810559, 5.45973361, 5.21617072, 6.17370706,\n        0.84780871],\n       [7.60822126, 1.51352622, 5.45180793, 5.23429038, 6.16953221,\n        0.85413089],\n       [7.55210446, 1.49376278, 5.48022368, 5.21158133, 6.17412526,\n        0.85475705],\n       [7.49275862, 1.47853506, 5.43204235, 5.24264209, 6.05048605,\n        0.86682551],\n       [7.59675076, 1.52347679, 5.5048852 , 5.24301089, 6.15408315,\n        0.84719695]]), array([0.01902347, 0.01918256, 0.01927066, 0.01998503, 0.02021802,\n       0.02029467, 0.02048306]))", "callback": [0.4538952738031923, 0.29430064497246156, 0.23888095026835054, 0.10572603144310888, 0.06156768304041993, 0.05196085016199403, 0.03368478669908981, 0.02431855865762811, 0.020825665149847628, 0.019985029821716793]}, "1": {"maxiter": 100, "fatol": 1e-05, "xatol": 1e-10, "duration": 0.037679195404052734, "fun": "0.019023468222578166", "nit": "100", "nfev": "165", "status": "2", "success": "False", "message": "Maximum number of iterations has been exceeded.", "x": "[7.49367549 1.46770846 5.4657857  5.29064694 6.08489795 0.86322365]", "final_simplex": "(array([[7.49367549, 1.46770846, 5.4657857 , 5.29064694, 6.08489795,\n        0.86322365],\n       [7.60452712, 1.48246677, 5.4723484 , 5.19298575, 6.18799133,\n        0.86045942],\n       [7.60434379, 1.50810559, 5.45973361, 5.21617072, 6.17370706,\n        0.84780871],\n       [7.60822126, 1.51352622, 5.45180793, 5.23429038, 6.16953221,\n        0.85413089],\n       [7.55210446, 1.49376278, 5.48022368, 5.21158133, 6.17412526,\n        0.85475705],\n       [7.49275862, 1.47853506, 5.43204235, 5.24264209, 6.05048605,\n        0.86682551],\n       [7.59675076, 1.52347679, 5.5048852 , 5.24301089, 6.15408315,\n        0.84719695]]), array([0.01902347, 0.01918256, 0.01927066, 0.01998503, 0.02021802,\n       0.02029467, 0.02048306]))", "callback": [0.4538952738031923, 0.29430064497246156, 0.23888095026835054, 0.10572603144310888, 0.06156768304041993, 0.05196085016199403, 0.03368478669908981, 0.02431855865762811, 0.020825665149847628, 0.019985029821716793]}, "2": {"maxiter": 100, "fatol": 1e-10, "xatol": 1e-05, "duration": 0.03979206085205078, "fun": "0.019023468222578166", "nit": "100", "nfev": "165", "status": "2", "success": "False", "message": "Maximum number of iterations has been exceeded.", "x": "[7.49367549 1.46770846 5.4657857  5.29064694 6.08489795 0.86322365]", "final_simplex": "(array([[7.49367549, 1.46770846, 5.4657857 , 5.29064694, 6.08489795,\n        0.86322365],\n       [7.60452712, 1.48246677, 5.4723484 , 5.19298575, 6.18799133,\n        0.86045942],\n       [7.60434379, 1.50810559, 5.45973361, 5.21617072, 6.17370706,\n        0.84780871],\n       [7.60822126, 1.51352622, 5.45180793, 5.23429038, 6.16953221,\n        0.85413089],\n       [7.55210446, 1.49376278, 5.48022368, 5.21158133, 6.17412526,\n        0.85475705],\n       [7.49275862, 1.47853506, 5.43204235, 5.24264209, 6.05048605,\n        0.86682551],\n       [7.59675076, 1.52347679, 5.5048852 , 5.24301089, 6.15408315,\n        0.84719695]]), array([0.01902347, 0.01918256, 0.01927066, 0.01998503, 0.02021802,\n       0.02029467, 0.02048306]))", "callback": [0.4538952738031923, 0.29430064497246156, 0.23888095026835054, 0.10572603144310888, 0.06156768304041993, 0.05196085016199403, 0.03368478669908981, 0.02431855865762811, 0.020825665149847628, 0.019985029821716793]}, "3": {"maxiter": 100, "fatol": 1e-10, "xatol": 1e-10, "duration": 0.03911399841308594, "fun": "0.019023468222578166", "nit": "100", "nfev": "165", "status": "2", "success": "False", "message": "Maximum number of iterations has been exceeded.", "x": "[7.49367549 1.46770846 5.4657857  5.29064694 6.08489795 0.86322365]", "final_simplex": "(array([[7.49367549, 1.46770846, 5.4657857 , 5.29064694, 6.08489795,\n        0.86322365],\n       [7.60452712, 1.48246677, 5.4723484 , 5.19298575, 6.18799133,\n        0.86045942],\n       [7.60434379, 1.50810559, 5.45973361, 5.21617072, 6.17370706,\n        0.84780871],\n       [7.60822126, 1.51352622, 5.45180793, 5.23429038, 6.16953221,\n        0.85413089],\n       [7.55210446, 1.49376278, 5.48022368, 5.21158133, 6.17412526,\n        0.85475705],\n       [7.49275862, 1.47853506, 5.43204235, 5.24264209, 6.05048605,\n        0.86682551],\n       [7.59675076, 1.52347679, 5.5048852 , 5.24301089, 6.15408315,\n        0.84719695]]), array([0.01902347, 0.01918256, 0.01927066, 0.01998503, 0.02021802,\n       0.02029467, 0.02048306]))", "callback": [0.4538952738031923, 0.29430064497246156, 0.23888095026835054, 0.10572603144310888, 0.06156768304041993, 0.05196085016199403, 0.03368478669908981, 0.02431855865762811, 0.020825665149847628, 0.019985029821716793]}, "4": {"maxiter": 500, "fatol": 1e-05, "xatol": 1e-05, "duration": 0.09680414199829102, "fun": "0.00848972251184088", "nit": "248", "nfev": "415", "status": "0", "success": "True", "message": "Optimization terminated successfully.", "x": "[7.41722174 1.10864697 5.45950939 5.40555709 6.02241495 0.89105129]", "final_simplex": "(array([[7.41722174, 1.10864697, 5.45950939, 5.40555709, 6.02241495,\n        0.89105129],\n       [7.41722568, 1.10864328, 5.45951474, 5.40555636, 6.02242074,\n        0.89105072],\n       [7.41722586, 1.1086488 , 5.45951342, 5.40555744, 6.02241928,\n        0.89105107],\n       [7.41722708, 1.10864349, 5.45951016, 5.40555673, 6.02241775,\n        0.8910516 ],\n       [7.41722712, 1.10864763, 5.459514  , 5.4055523 , 6.02242433,\n        0.89105013],\n       [7.41722955, 1.10865097, 5.45951251, 5.40555069, 6.02241484,\n        0.89105097],\n       [7.41721558, 1.10863897, 5.45951421, 5.40556301, 6.02240559,\n        0.89105316]]), array([0.00848972, 0.00848972, 0.00848972, 0.00848972, 0.00848972,\n       0.00848972, 0.00848972]))", "callback": [0.4538952738031923, 0.29430064497246156, 0.23888095026835054, 0.10572603144310888, 0.06156768304041993, 0.05196085016199403, 0.03368478669908981, 0.02431855865762811, 0.020825665149847628, 0.019985029821716793, 0.01888041217849834, 0.015052300616118508, 0.009606354471321965, 0.008720528440684827, 0.008538084973985338, 0.008497150810437337, 0.008492059206723801, 0.008490088371452154, 0.008489794880282786, 0.008489742407671641, 0.008489724005960042, 0.008489723849381847, 0.008489722778056819, 0.00848972256125713, 0.008489722517777465]}, "5": {"maxiter": 500, "fatol": 1e-05, "xatol": 1e-10, "duration": 0.1405329704284668, "fun": "0.008489722508940756", "nit": "333", "nfev": "616", "status": "0", "success": "True", "message": "Optimization terminated successfully.", "x": "[7.41722355 1.10864507 5.45951212 5.40555609 6.02241511 0.89105131]", "final_simplex": "(array([[7.41722355, 1.10864507, 5.45951212, 5.40555609, 6.02241511,\n        0.89105131],\n       [7.41722355, 1.10864507, 5.45951212, 5.40555609, 6.02241511,\n        0.89105131],\n       [7.41722355, 1.10864507, 5.45951212, 5.40555609, 6.02241511,\n        0.89105131],\n       [7.41722355, 1.10864507, 5.45951212, 5.40555609, 6.02241511,\n        0.89105131],\n       [7.41722355, 1.10864507, 5.45951212, 5.40555609, 6.02241511,\n        0.89105131],\n       [7.41722355, 1.10864507, 5.45951212, 5.40555609, 6.02241511,\n        0.89105131],\n       [7.41722355, 1.10864507, 5.45951212, 5.40555609, 6.02241511,\n        0.89105131]]), array([0.00848972, 0.00848972, 0.00848972, 0.00848972, 0.00848972,\n       0.00848972, 0.00848972]))", "callback": [0.4538952738031923, 0.29430064497246156, 0.23888095026835054, 0.10572603144310888, 0.06156768304041993, 0.05196085016199403, 0.03368478669908981, 0.02431855865762811, 0.020825665149847628, 0.019985029821716793, 0.01888041217849834, 0.015052300616118508, 0.009606354471321965, 0.008720528440684827, 0.008538084973985338, 0.008497150810437337, 0.008492059206723801, 0.008490088371452154, 0.008489794880282786, 0.008489742407671641, 0.008489724005960042, 0.008489723849381847, 0.008489722778056819, 0.00848972256125713, 0.008489722517777465, 0.008489722510268805, 0.008489722509055664, 0.008489722508960518, 0.00848972250894342, 0.008489722508941422, 0.008489722508940978, 0.008489722508940756, 0.008489722508940756, 0.008489722508940756]}, "6": {"maxiter": 500, "fatol": 1e-10, "xatol": 1e-05, "duration": 0.09492969512939453, "fun": "0.00848972251184088", "nit": "248", "nfev": "415", "status": "0", "success": "True", "message": "Optimization terminated successfully.", "x": "[7.41722174 1.10864697 5.45950939 5.40555709 6.02241495 0.89105129]", "final_simplex": "(array([[7.41722174, 1.10864697, 5.45950939, 5.40555709, 6.02241495,\n        0.89105129],\n       [7.41722568, 1.10864328, 5.45951474, 5.40555636, 6.02242074,\n        0.89105072],\n       [7.41722586, 1.1086488 , 5.45951342, 5.40555744, 6.02241928,\n        0.89105107],\n       [7.41722708, 1.10864349, 5.45951016, 5.40555673, 6.02241775,\n        0.8910516 ],\n       [7.41722712, 1.10864763, 5.459514  , 5.4055523 , 6.02242433,\n        0.89105013],\n       [7.41722955, 1.10865097, 5.45951251, 5.40555069, 6.02241484,\n        0.89105097],\n       [7.41721558, 1.10863897, 5.45951421, 5.40556301, 6.02240559,\n        0.89105316]]), array([0.00848972, 0.00848972, 0.00848972, 0.00848972, 0.00848972,\n       0.00848972, 0.00848972]))", "callback": [0.4538952738031923, 0.29430064497246156, 0.23888095026835054, 0.10572603144310888, 0.06156768304041993, 0.05196085016199403, 0.03368478669908981, 0.02431855865762811, 0.020825665149847628, 0.019985029821716793, 0.01888041217849834, 0.015052300616118508, 0.009606354471321965, 0.008720528440684827, 0.008538084973985338, 0.008497150810437337, 0.008492059206723801, 0.008490088371452154, 0.008489794880282786, 0.008489742407671641, 0.008489724005960042, 0.008489723849381847, 0.008489722778056819, 0.00848972256125713, 0.008489722517777465]}, "7": {"maxiter": 500, "fatol": 1e-10, "xatol": 1e-10, "duration": 0.15156888961791992, "fun": "0.008489722508940756", "nit": "333", "nfev": "616", "status": "0", "success": "True", "message": "Optimization terminated successfully.", "x": "[7.41722355 1.10864507 5.45951212 5.40555609 6.02241511 0.89105131]", "final_simplex": "(array([[7.41722355, 1.10864507, 5.45951212, 5.40555609, 6.02241511,\n        0.89105131],\n       [7.41722355, 1.10864507, 5.45951212, 5.40555609, 6.02241511,\n        0.89105131],\n       [7.41722355, 1.10864507, 5.45951212, 5.40555609, 6.02241511,\n        0.89105131],\n       [7.41722355, 1.10864507, 5.45951212, 5.40555609, 6.02241511,\n        0.89105131],\n       [7.41722355, 1.10864507, 5.45951212, 5.40555609, 6.02241511,\n        0.89105131],\n       [7.41722355, 1.10864507, 5.45951212, 5.40555609, 6.02241511,\n        0.89105131],\n       [7.41722355, 1.10864507, 5.45951212, 5.40555609, 6.02241511,\n        0.89105131]]), array([0.00848972, 0.00848972, 0.00848972, 0.00848972, 0.00848972,\n       0.00848972, 0.00848972]))", "callback": [0.4538952738031923, 0.29430064497246156, 0.23888095026835054, 0.10572603144310888, 0.06156768304041993, 0.05196085016199403, 0.03368478669908981, 0.02431855865762811, 0.020825665149847628, 0.019985029821716793, 0.01888041217849834, 0.015052300616118508, 0.009606354471321965, 0.008720528440684827, 0.008538084973985338, 0.008497150810437337, 0.008492059206723801, 0.008490088371452154, 0.008489794880282786, 0.008489742407671641, 0.008489724005960042, 0.008489723849381847, 0.008489722778056819, 0.00848972256125713, 0.008489722517777465, 0.008489722510268805, 0.008489722509055664, 0.008489722508960518, 0.00848972250894342, 0.008489722508941422, 0.008489722508940978, 0.008489722508940756, 0.008489722508940756, 0.008489722508940756]}, "8": {"maxiter": 1000, "fatol": 1e-05, "xatol": 1e-05, "duration": 0.10136914253234863, "fun": "0.00848972251184088", "nit": "248", "nfev": "415", "status": "0", "success": "True", "message": "Optimization terminated successfully.", "x": "[7.41722174 1.10864697 5.45950939 5.40555709 6.02241495 0.89105129]", "final_simplex": "(array([[7.41722174, 1.10864697, 5.45950939, 5.40555709, 6.02241495,\n        0.89105129],\n       [7.41722568, 1.10864328, 5.45951474, 5.40555636, 6.02242074,\n        0.89105072],\n       [7.41722586, 1.1086488 , 5.45951342, 5.40555744, 6.02241928,\n        0.89105107],\n       [7.41722708, 1.10864349, 5.45951016, 5.40555673, 6.02241775,\n        0.8910516 ],\n       [7.41722712, 1.10864763, 5.459514  , 5.4055523 , 6.02242433,\n        0.89105013],\n       [7.41722955, 1.10865097, 5.45951251, 5.40555069, 6.02241484,\n        0.89105097],\n       [7.41721558, 1.10863897, 5.45951421, 5.40556301, 6.02240559,\n        0.89105316]]), array([0.00848972, 0.00848972, 0.00848972, 0.00848972, 0.00848972,\n       0.00848972, 0.00848972]))", "callback": [0.4538952738031923, 0.29430064497246156, 0.23888095026835054, 0.10572603144310888, 0.06156768304041993, 0.05196085016199403, 0.03368478669908981, 0.02431855865762811, 0.020825665149847628, 0.019985029821716793, 0.01888041217849834, 0.015052300616118508, 0.009606354471321965, 0.008720528440684827, 0.008538084973985338, 0.008497150810437337, 0.008492059206723801, 0.008490088371452154, 0.008489794880282786, 0.008489742407671641, 0.008489724005960042, 0.008489723849381847, 0.008489722778056819, 0.00848972256125713, 0.008489722517777465]}, "9": {"maxiter": 1000, "fatol": 1e-05, "xatol": 1e-10, "duration": 0.1446080207824707, "fun": "0.008489722508940756", "nit": "333", "nfev": "616", "status": "0", "success": "True", "message": "Optimization terminated successfully.", "x": "[7.41722355 1.10864507 5.45951212 5.40555609 6.02241511 0.89105131]", "final_simplex": "(array([[7.41722355, 1.10864507, 5.45951212, 5.40555609, 6.02241511,\n        0.89105131],\n       [7.41722355, 1.10864507, 5.45951212, 5.40555609, 6.02241511,\n        0.89105131],\n       [7.41722355, 1.10864507, 5.45951212, 5.40555609, 6.02241511,\n        0.89105131],\n       [7.41722355, 1.10864507, 5.45951212, 5.40555609, 6.02241511,\n        0.89105131],\n       [7.41722355, 1.10864507, 5.45951212, 5.40555609, 6.02241511,\n        0.89105131],\n       [7.41722355, 1.10864507, 5.45951212, 5.40555609, 6.02241511,\n        0.89105131],\n       [7.41722355, 1.10864507, 5.45951212, 5.40555609, 6.02241511,\n        0.89105131]]), array([0.00848972, 0.00848972, 0.00848972, 0.00848972, 0.00848972,\n       0.00848972, 0.00848972]))", "callback": [0.4538952738031923, 0.29430064497246156, 0.23888095026835054, 0.10572603144310888, 0.06156768304041993, 0.05196085016199403, 0.03368478669908981, 0.02431855865762811, 0.020825665149847628, 0.019985029821716793, 0.01888041217849834, 0.015052300616118508, 0.009606354471321965, 0.008720528440684827, 0.008538084973985338, 0.008497150810437337, 0.008492059206723801, 0.008490088371452154, 0.008489794880282786, 0.008489742407671641, 0.008489724005960042, 0.008489723849381847, 0.008489722778056819, 0.00848972256125713, 0.008489722517777465, 0.008489722510268805, 0.008489722509055664, 0.008489722508960518, 0.00848972250894342, 0.008489722508941422, 0.008489722508940978, 0.008489722508940756, 0.008489722508940756, 0.008489722508940756]}, "10": {"maxiter": 1000, "fatol": 1e-10, "xatol": 1e-05, "duration": 0.09665298461914062, "fun": "0.00848972251184088", "nit": "248", "nfev": "415", "status": "0", "success": "True", "message": "Optimization terminated successfully.", "x": "[7.41722174 1.10864697 5.45950939 5.40555709 6.02241495 0.89105129]", "final_simplex": "(array([[7.41722174, 1.10864697, 5.45950939, 5.40555709, 6.02241495,\n        0.89105129],\n       [7.41722568, 1.10864328, 5.45951474, 5.40555636, 6.02242074,\n        0.89105072],\n       [7.41722586, 1.1086488 , 5.45951342, 5.40555744, 6.02241928,\n        0.89105107],\n       [7.41722708, 1.10864349, 5.45951016, 5.40555673, 6.02241775,\n        0.8910516 ],\n       [7.41722712, 1.10864763, 5.459514  , 5.4055523 , 6.02242433,\n        0.89105013],\n       [7.41722955, 1.10865097, 5.45951251, 5.40555069, 6.02241484,\n        0.89105097],\n       [7.41721558, 1.10863897, 5.45951421, 5.40556301, 6.02240559,\n        0.89105316]]), array([0.00848972, 0.00848972, 0.00848972, 0.00848972, 0.00848972,\n       0.00848972, 0.00848972]))", "callback": [0.4538952738031923, 0.29430064497246156, 0.23888095026835054, 0.10572603144310888, 0.06156768304041993, 0.05196085016199403, 0.03368478669908981, 0.02431855865762811, 0.020825665149847628, 0.019985029821716793, 0.01888041217849834, 0.015052300616118508, 0.009606354471321965, 0.008720528440684827, 0.008538084973985338, 0.008497150810437337, 0.008492059206723801, 0.008490088371452154, 0.008489794880282786, 0.008489742407671641, 0.008489724005960042, 0.008489723849381847, 0.008489722778056819, 0.00848972256125713, 0.008489722517777465]}, "11": {"maxiter": 1000, "fatol": 1e-10, "xatol": 1e-10, "duration": 0.14804387092590332, "fun": "0.008489722508940756", "nit": "333", "nfev": "616", "status": "0", "success": "True", "message": "Optimization terminated successfully.", "x": "[7.41722355 1.10864507 5.45951212 5.40555609 6.02241511 0.89105131]", "final_simplex": "(array([[7.41722355, 1.10864507, 5.45951212, 5.40555609, 6.02241511,\n        0.89105131],\n       [7.41722355, 1.10864507, 5.45951212, 5.40555609, 6.02241511,\n        0.89105131],\n       [7.41722355, 1.10864507, 5.45951212, 5.40555609, 6.02241511,\n        0.89105131],\n       [7.41722355, 1.10864507, 5.45951212, 5.40555609, 6.02241511,\n        0.89105131],\n       [7.41722355, 1.10864507, 5.45951212, 5.40555609, 6.02241511,\n        0.89105131],\n       [7.41722355, 1.10864507, 5.45951212, 5.40555609, 6.02241511,\n        0.89105131],\n       [7.41722355, 1.10864507, 5.45951212, 5.40555609, 6.02241511,\n        0.89105131]]), array([0.00848972, 0.00848972, 0.00848972, 0.00848972, 0.00848972,\n       0.00848972, 0.00848972]))", "callback": [0.4538952738031923, 0.29430064497246156, 0.23888095026835054, 0.10572603144310888, 0.06156768304041993, 0.05196085016199403, 0.03368478669908981, 0.02431855865762811, 0.020825665149847628, 0.019985029821716793, 0.01888041217849834, 0.015052300616118508, 0.009606354471321965, 0.008720528440684827, 0.008538084973985338, 0.008497150810437337, 0.008492059206723801, 0.008490088371452154, 0.008489794880282786, 0.008489742407671641, 0.008489724005960042, 0.008489723849381847, 0.008489722778056819, 0.00848972256125713, 0.008489722517777465, 0.008489722510268805, 0.008489722509055664, 0.008489722508960518, 0.00848972250894342, 0.008489722508941422, 0.008489722508940978, 0.008489722508940756, 0.008489722508940756, 0.008489722508940756]}}, "bfgs": {"type": "gradient", "0": {"maxiter": 100, "gtol": 1e-05, "xrtol": 1e-05, "eps": 1e-05, "duration": 0.034384727478027344, "fun": "0.008489722523559728", "jac": "[ 1.84410265e-06  9.98667815e-07  9.22462107e-07  1.39044332e-06\n -4.23183710e-07 -4.33098002e-08]", "hess_inv": "[[ 3.4439998   0.42883407  0.27982965  0.0234032   0.0177377  -2.05175594]\n [ 0.42883407  1.74457331  0.10752863 -0.25699764 -0.8215363  -0.08269005]\n [ 0.27982965  0.10752863  3.97055069  3.33505227 -0.18378089 -0.9005248 ]\n [ 0.0234032  -0.25699764  3.33505227  5.02002005  0.0268983  -0.85214209]\n [ 0.0177377  -0.8215363  -0.18378089  0.0268983   2.43214476 -0.04016539]\n [-2.05175594 -0.08269005 -0.9005248  -0.85214209 -0.04016539  3.47990654]]", "nfev": "140", "njev": "20", "status": "0", "success": "True", "message": "Optimization terminated successfully.", "x": "[5.70882166 2.07689251 2.9331561  4.66441888 4.27176338 2.39596313]", "nit": "19", "callback": [0.3887301612781028, 0.22205213152183134, 0.1855495578902514, 0.1349929137417737, 0.09541824490585149, 0.07583631475649133, 0.0663594206667456, 0.0566884090124572, 0.04347480499895218, 0.030930984451477683, 0.013937616651612639, 0.01013665498556382, 0.009473154218275881, 0.008751208842520897, 0.008559829673484898, 0.008496642153942857, 0.008489939944691494, 0.008489726205459291, 0.008489722523559728]}, "1": {"maxiter": 100, "gtol": 1e-05, "xrtol": 1e-05, "eps": 1e-10, "duration": 0.03358721733093262, "fun": "0.008489722620927509", "jac": "[ 3.33066880e-06  3.33066880e-06  5.55111466e-06  3.33066880e-06\n -1.11022293e-06  3.33066880e-06]", "hess_inv": "[[ 3.49416679  0.4324303   0.24518675 -0.00780081  0.00790463 -2.06083523]\n [ 0.4324303   1.74691466  0.10789762 -0.2566161  -0.82341029 -0.07937715]\n [ 0.24518675  0.10789762  3.99357023  3.35999209 -0.18445434 -0.88067306]\n [-0.00780081 -0.2566161   3.35999209  5.03820758  0.03040964 -0.8521408 ]\n [ 0.00790463 -0.82341029 -0.18445434  0.03040964  2.4296184  -0.03134188]\n [-2.06083523 -0.07937715 -0.88067306 -0.8521408  -0.03134188  3.45244437]]", "nfev": "140", "njev": "20", "status": "0", "success": "True", "message": "Optimization terminated successfully.", "x": "[5.70882091 2.07692973 2.93316629 4.66447117 4.27177788 2.39596337]", "nit": "19", "callback": [0.3887291314062886, 0.22205261855650826, 0.18554943731018547, 0.13499363166494838, 0.09542129525265908, 0.07583704258642754, 0.06636097476190539, 0.05668883339293662, 0.043476605334421436, 0.030933720467580028, 0.013939045886245949, 0.010136636655916242, 0.009473212274916931, 0.008751307264081354, 0.008559839055034324, 0.008496678020285309, 0.008489939997636586, 0.00848972615707988, 0.008489722620927509]}, "2": {"maxiter": 100, "gtol": 1e-05, "xrtol": 1e-10, "eps": 1e-05, "duration": 0.033188819885253906, "fun": "0.008489722523559728", "jac": "[ 1.84410265e-06  9.98667815e-07  9.22462107e-07  1.39044332e-06\n -4.23183710e-07 -4.33098002e-08]", "hess_inv": "[[ 3.4439998   0.42883407  0.27982965  0.0234032   0.0177377  -2.05175594]\n [ 0.42883407  1.74457331  0.10752863 -0.25699764 -0.8215363  -0.08269005]\n [ 0.27982965  0.10752863  3.97055069  3.33505227 -0.18378089 -0.9005248 ]\n [ 0.0234032  -0.25699764  3.33505227  5.02002005  0.0268983  -0.85214209]\n [ 0.0177377  -0.8215363  -0.18378089  0.0268983   2.43214476 -0.04016539]\n [-2.05175594 -0.08269005 -0.9005248  -0.85214209 -0.04016539  3.47990654]]", "nfev": "140", "njev": "20", "status": "0", "success": "True", "message": "Optimization terminated successfully.", "x": "[5.70882166 2.07689251 2.9331561  4.66441888 4.27176338 2.39596313]", "nit": "19", "callback": [0.3887301612781028, 0.22205213152183134, 0.1855495578902514, 0.1349929137417737, 0.09541824490585149, 0.07583631475649133, 0.0663594206667456, 0.0566884090124572, 0.04347480499895218, 0.030930984451477683, 0.013937616651612639, 0.01013665498556382, 0.009473154218275881, 0.008751208842520897, 0.008559829673484898, 0.008496642153942857, 0.008489939944691494, 0.008489726205459291, 0.008489722523559728]}, "3": {"maxiter": 100, "gtol": 1e-05, "xrtol": 1e-10, "eps": 1e-10, "duration": 0.03495502471923828, "fun": "0.008489722620927509", "jac": "[ 3.33066880e-06  3.33066880e-06  5.55111466e-06  3.33066880e-06\n -1.11022293e-06  3.33066880e-06]", "hess_inv": "[[ 3.49416679  0.4324303   0.24518675 -0.00780081  0.00790463 -2.06083523]\n [ 0.4324303   1.74691466  0.10789762 -0.2566161  -0.82341029 -0.07937715]\n [ 0.24518675  0.10789762  3.99357023  3.35999209 -0.18445434 -0.88067306]\n [-0.00780081 -0.2566161   3.35999209  5.03820758  0.03040964 -0.8521408 ]\n [ 0.00790463 -0.82341029 -0.18445434  0.03040964  2.4296184  -0.03134188]\n [-2.06083523 -0.07937715 -0.88067306 -0.8521408  -0.03134188  3.45244437]]", "nfev": "140", "njev": "20", "status": "0", "success": "True", "message": "Optimization terminated successfully.", "x": "[5.70882091 2.07692973 2.93316629 4.66447117 4.27177788 2.39596337]", "nit": "19", "callback": [0.3887291314062886, 0.22205261855650826, 0.18554943731018547, 0.13499363166494838, 0.09542129525265908, 0.07583704258642754, 0.06636097476190539, 0.05668883339293662, 0.043476605334421436, 0.030933720467580028, 0.013939045886245949, 0.010136636655916242, 0.009473212274916931, 0.008751307264081354, 0.008559839055034324, 0.008496678020285309, 0.008489939997636586, 0.00848972615707988, 0.008489722620927509]}, "4": {"maxiter": 100, "gtol": 1e-10, "xrtol": 1e-05, "eps": 1e-05, "duration": 0.037483930587768555, "fun": "0.008489722523159604", "jac": "[ 1.41805456e-06  9.08695341e-07  6.05671069e-07  1.26034738e-06\n -3.31779049e-07 -4.58300065e-08]", "hess_inv": "[[ 3.55208451  0.39251474  0.29967148  0.10736171  0.0302907  -2.21178712]\n [ 0.39251474  1.706485    0.02358799 -0.32834492 -0.79797487 -0.07464472]\n [ 0.29967148  0.02358799  3.8554648   3.28418926 -0.13879385 -1.00016484]\n [ 0.10736171 -0.32834492  3.28418926  5.04824161  0.06047529 -1.01567304]\n [ 0.0302907  -0.79797487 -0.13879385  0.06047529  2.41825837 -0.03349242]\n [-2.21178712 -0.07464472 -1.00016484 -1.01567304 -0.03349242  3.67526987]]", "nfev": "154", "njev": "22", "status": "0", "success": "True", "message": "Optimization terminated successfully.", "x": "[5.7088202  2.07689205 2.93315438 4.66441692 4.27176374 2.39596443]", "nit": "20", "callback": [0.3887301612781028, 0.22205213152183134, 0.1855495578902514, 0.1349929137417737, 0.09541824490585149, 0.07583631475649133, 0.0663594206667456, 0.0566884090124572, 0.04347480499895218, 0.030930984451477683, 0.013937616651612639, 0.01013665498556382, 0.009473154218275881, 0.008751208842520897, 0.008559829673484898, 0.008496642153942857, 0.008489939944691494, 0.008489726205459291, 0.008489722523559728, 0.008489722523159604]}, "5": {"maxiter": 100, "gtol": 1e-10, "xrtol": 1e-05, "eps": 1e-10, "duration": 0.03560495376586914, "fun": "0.00848972252598379", "jac": "[-2.22044587e-06 -3.33066880e-06 -2.22044587e-06  1.11022293e-06\n  1.11022293e-06  4.44089173e-06]", "hess_inv": "[[ 3.68526264e+00  4.05902068e-01  4.09705781e-01  2.41880160e-01\n   9.70835156e-04 -2.30729315e+00]\n [ 4.05902068e-01  1.69292423e+00 -8.27697130e-02 -4.35981242e-01\n  -7.81563602e-01 -8.76158571e-02]\n [ 4.09705781e-01 -8.27697130e-02  3.64682833e+00  3.15386036e+00\n  -7.14511834e-02 -1.21639089e+00]\n [ 2.41880160e-01 -4.35981242e-01  3.15386036e+00  5.00136653e+00\n   1.23929932e-01 -1.28067109e+00]\n [ 9.70835156e-04 -7.81563602e-01 -7.14511834e-02  1.23929932e-01\n   2.40088748e+00  7.69493109e-03]\n [-2.30729315e+00 -8.76158571e-02 -1.21639089e+00 -1.28067109e+00\n   7.69493109e-03  3.73905461e+00]]", "nfev": "147", "njev": "21", "status": "0", "success": "True", "message": "Optimization terminated successfully.", "x": "[5.70881189 2.07692408 2.93313843 4.66444205 4.2717831  2.39596992]", "nit": "20", "callback": [0.3887291314062886, 0.22205261855650826, 0.18554943731018547, 0.13499363166494838, 0.09542129525265908, 0.07583704258642754, 0.06636097476190539, 0.05668883339293662, 0.043476605334421436, 0.030933720467580028, 0.013939045886245949, 0.010136636655916242, 0.009473212274916931, 0.008751307264081354, 0.008559839055034324, 0.008496678020285309, 0.008489939997636586, 0.00848972615707988, 0.008489722620927509, 0.00848972252598379]}, "6": {"maxiter": 100, "gtol": 1e-10, "xrtol": 1e-10, "eps": 1e-05, "duration": 0.08320403099060059, "fun": "0.008489722523159604", "jac": "[ 1.41805456e-06  9.08695341e-07  6.05671069e-07  1.26034738e-06\n -3.31779049e-07 -4.58300065e-08]", "hess_inv": "[[ 3.23903311  0.44943623  0.08595937  0.17354782  0.02417134 -2.01382851]\n [ 0.44943623  1.77287014  0.13971365 -0.10090464 -0.83747756 -0.15060727]\n [ 0.08595937  0.13971365  3.78737135  3.57050711 -0.1838682  -0.90526873]\n [ 0.17354782 -0.10090464  3.57050711  5.7816012  -0.06498334 -1.18225852]\n [ 0.02417134 -0.83747756 -0.1838682  -0.06498334  2.43963619 -0.00846795]\n [-2.01382851 -0.15060727 -0.90526873 -1.18225852 -0.00846795  3.57090816]]", "nfev": "348", "njev": "48", "status": "2", "success": "False", "message": "Desired error not necessarily achieved due to precision loss.", "x": "[5.7088202  2.07689205 2.93315438 4.66441692 4.27176374 2.39596443]", "nit": "20", "callback": [0.3887301612781028, 0.22205213152183134, 0.1855495578902514, 0.1349929137417737, 0.09541824490585149, 0.07583631475649133, 0.0663594206667456, 0.0566884090124572, 0.04347480499895218, 0.030930984451477683, 0.013937616651612639, 0.01013665498556382, 0.009473154218275881, 0.008751208842520897, 0.008559829673484898, 0.008496642153942857, 0.008489939944691494, 0.008489726205459291, 0.008489722523559728, 0.008489722523159604]}, "7": {"maxiter": 100, "gtol": 1e-10, "xrtol": 1e-10, "eps": 1e-10, "duration": 0.056344032287597656, "fun": "0.008489722516177856", "jac": "[ 0.00000000e+00 -3.33066880e-06 -3.33066880e-06  1.11022293e-06\n  0.00000000e+00 -3.33066880e-06]", "hess_inv": "[[  0.95805972   1.62936001  -2.09698267  -3.66527986  -0.15738264\n   -2.99688432]\n [  1.62936001   5.29721286  -6.39403851 -10.48871007  -0.27888916\n   -8.67741963]\n [ -2.09698267  -6.39403851   8.735357    14.9490985   -0.24380294\n   11.21990218]\n [ -3.66527986 -10.48871007  14.9490985   27.18163321  -0.23122672\n   19.56790973]\n [ -0.15738264  -0.27888916  -0.24380294  -0.23122672   1.80423011\n    0.75475061]\n [ -2.99688432  -8.67741963  11.21990218  19.56790973   0.75475061\n   15.7428081 ]]", "nfev": "238", "njev": "34", "status": "0", "success": "True", "message": "Optimization terminated successfully.", "x": "[5.70882656 2.07692568 2.93314123 4.66444338 4.27178115 2.39595781]", "nit": "25", "callback": [0.3887291314062886, 0.22205261855650826, 0.18554943731018547, 0.13499363166494838, 0.09542129525265908, 0.07583704258642754, 0.06636097476190539, 0.05668883339293662, 0.043476605334421436, 0.030933720467580028, 0.013939045886245949, 0.010136636655916242, 0.009473212274916931, 0.008751307264081354, 0.008559839055034324, 0.008496678020285309, 0.008489939997636586, 0.00848972615707988, 0.008489722620927509, 0.00848972252598379, 0.008489722522348253, 0.008489722519690601, 0.008489722518554288, 0.008489722516177856, 0.008489722516177856]}, "8": {"maxiter": 500, "gtol": 1e-05, "xrtol": 1e-05, "eps": 1e-05, "duration": 0.03259110450744629, "fun": "0.008489722523559728", "jac": "[ 1.84410265e-06  9.98667815e-07  9.22462107e-07  1.39044332e-06\n -4.23183710e-07 -4.33098002e-08]", "hess_inv": "[[ 3.4439998   0.42883407  0.27982965  0.0234032   0.0177377  -2.05175594]\n [ 0.42883407  1.74457331  0.10752863 -0.25699764 -0.8215363  -0.08269005]\n [ 0.27982965  0.10752863  3.97055069  3.33505227 -0.18378089 -0.9005248 ]\n [ 0.0234032  -0.25699764  3.33505227  5.02002005  0.0268983  -0.85214209]\n [ 0.0177377  -0.8215363  -0.18378089  0.0268983   2.43214476 -0.04016539]\n [-2.05175594 -0.08269005 -0.9005248  -0.85214209 -0.04016539  3.47990654]]", "nfev": "140", "njev": "20", "status": "0", "success": "True", "message": "Optimization terminated successfully.", "x": "[5.70882166 2.07689251 2.9331561  4.66441888 4.27176338 2.39596313]", "nit": "19", "callback": [0.3887301612781028, 0.22205213152183134, 0.1855495578902514, 0.1349929137417737, 0.09541824490585149, 0.07583631475649133, 0.0663594206667456, 0.0566884090124572, 0.04347480499895218, 0.030930984451477683, 0.013937616651612639, 0.01013665498556382, 0.009473154218275881, 0.008751208842520897, 0.008559829673484898, 0.008496642153942857, 0.008489939944691494, 0.008489726205459291, 0.008489722523559728]}, "9": {"maxiter": 500, "gtol": 1e-05, "xrtol": 1e-05, "eps": 1e-10, "duration": 0.03383779525756836, "fun": "0.008489722620927509", "jac": "[ 3.33066880e-06  3.33066880e-06  5.55111466e-06  3.33066880e-06\n -1.11022293e-06  3.33066880e-06]", "hess_inv": "[[ 3.49416679  0.4324303   0.24518675 -0.00780081  0.00790463 -2.06083523]\n [ 0.4324303   1.74691466  0.10789762 -0.2566161  -0.82341029 -0.07937715]\n [ 0.24518675  0.10789762  3.99357023  3.35999209 -0.18445434 -0.88067306]\n [-0.00780081 -0.2566161   3.35999209  5.03820758  0.03040964 -0.8521408 ]\n [ 0.00790463 -0.82341029 -0.18445434  0.03040964  2.4296184  -0.03134188]\n [-2.06083523 -0.07937715 -0.88067306 -0.8521408  -0.03134188  3.45244437]]", "nfev": "140", "njev": "20", "status": "0", "success": "True", "message": "Optimization terminated successfully.", "x": "[5.70882091 2.07692973 2.93316629 4.66447117 4.27177788 2.39596337]", "nit": "19", "callback": [0.3887291314062886, 0.22205261855650826, 0.18554943731018547, 0.13499363166494838, 0.09542129525265908, 0.07583704258642754, 0.06636097476190539, 0.05668883339293662, 0.043476605334421436, 0.030933720467580028, 0.013939045886245949, 0.010136636655916242, 0.009473212274916931, 0.008751307264081354, 0.008559839055034324, 0.008496678020285309, 0.008489939997636586, 0.00848972615707988, 0.008489722620927509]}, "10": {"maxiter": 500, "gtol": 1e-05, "xrtol": 1e-10, "eps": 1e-05, "duration": 0.03296780586242676, "fun": "0.008489722523559728", "jac": "[ 1.84410265e-06  9.98667815e-07  9.22462107e-07  1.39044332e-06\n -4.23183710e-07 -4.33098002e-08]", "hess_inv": "[[ 3.4439998   0.42883407  0.27982965  0.0234032   0.0177377  -2.05175594]\n [ 0.42883407  1.74457331  0.10752863 -0.25699764 -0.8215363  -0.08269005]\n [ 0.27982965  0.10752863  3.97055069  3.33505227 -0.18378089 -0.9005248 ]\n [ 0.0234032  -0.25699764  3.33505227  5.02002005  0.0268983  -0.85214209]\n [ 0.0177377  -0.8215363  -0.18378089  0.0268983   2.43214476 -0.04016539]\n [-2.05175594 -0.08269005 -0.9005248  -0.85214209 -0.04016539  3.47990654]]", "nfev": "140", "njev": "20", "status": "0", "success": "True", "message": "Optimization terminated successfully.", "x": "[5.70882166 2.07689251 2.9331561  4.66441888 4.27176338 2.39596313]", "nit": "19", "callback": [0.3887301612781028, 0.22205213152183134, 0.1855495578902514, 0.1349929137417737, 0.09541824490585149, 0.07583631475649133, 0.0663594206667456, 0.0566884090124572, 0.04347480499895218, 0.030930984451477683, 0.013937616651612639, 0.01013665498556382, 0.009473154218275881, 0.008751208842520897, 0.008559829673484898, 0.008496642153942857, 0.008489939944691494, 0.008489726205459291, 0.008489722523559728]}, "11": {"maxiter": 500, "gtol": 1e-05, "xrtol": 1e-10, "eps": 1e-10, "duration": 0.0348820686340332, "fun": "0.008489722620927509", "jac": "[ 3.33066880e-06  3.33066880e-06  5.55111466e-06  3.33066880e-06\n -1.11022293e-06  3.33066880e-06]", "hess_inv": "[[ 3.49416679  0.4324303   0.24518675 -0.00780081  0.00790463 -2.06083523]\n [ 0.4324303   1.74691466  0.10789762 -0.2566161  -0.82341029 -0.07937715]\n [ 0.24518675  0.10789762  3.99357023  3.35999209 -0.18445434 -0.88067306]\n [-0.00780081 -0.2566161   3.35999209  5.03820758  0.03040964 -0.8521408 ]\n [ 0.00790463 -0.82341029 -0.18445434  0.03040964  2.4296184  -0.03134188]\n [-2.06083523 -0.07937715 -0.88067306 -0.8521408  -0.03134188  3.45244437]]", "nfev": "140", "njev": "20", "status": "0", "success": "True", "message": "Optimization terminated successfully.", "x": "[5.70882091 2.07692973 2.93316629 4.66447117 4.27177788 2.39596337]", "nit": "19", "callback": [0.3887291314062886, 0.22205261855650826, 0.18554943731018547, 0.13499363166494838, 0.09542129525265908, 0.07583704258642754, 0.06636097476190539, 0.05668883339293662, 0.043476605334421436, 0.030933720467580028, 0.013939045886245949, 0.010136636655916242, 0.009473212274916931, 0.008751307264081354, 0.008559839055034324, 0.008496678020285309, 0.008489939997636586, 0.00848972615707988, 0.008489722620927509]}, "12": {"maxiter": 500, "gtol": 1e-10, "xrtol": 1e-05, "eps": 1e-05, "duration": 0.03638291358947754, "fun": "0.008489722523159604", "jac": "[ 1.41805456e-06  9.08695341e-07  6.05671069e-07  1.26034738e-06\n -3.31779049e-07 -4.58300065e-08]", "hess_inv": "[[ 3.55208451  0.39251474  0.29967148  0.10736171  0.0302907  -2.21178712]\n [ 0.39251474  1.706485    0.02358799 -0.32834492 -0.79797487 -0.07464472]\n [ 0.29967148  0.02358799  3.8554648   3.28418926 -0.13879385 -1.00016484]\n [ 0.10736171 -0.32834492  3.28418926  5.04824161  0.06047529 -1.01567304]\n [ 0.0302907  -0.79797487 -0.13879385  0.06047529  2.41825837 -0.03349242]\n [-2.21178712 -0.07464472 -1.00016484 -1.01567304 -0.03349242  3.67526987]]", "nfev": "154", "njev": "22", "status": "0", "success": "True", "message": "Optimization terminated successfully.", "x": "[5.7088202  2.07689205 2.93315438 4.66441692 4.27176374 2.39596443]", "nit": "20", "callback": [0.3887301612781028, 0.22205213152183134, 0.1855495578902514, 0.1349929137417737, 0.09541824490585149, 0.07583631475649133, 0.0663594206667456, 0.0566884090124572, 0.04347480499895218, 0.030930984451477683, 0.013937616651612639, 0.01013665498556382, 0.009473154218275881, 0.008751208842520897, 0.008559829673484898, 0.008496642153942857, 0.008489939944691494, 0.008489726205459291, 0.008489722523559728, 0.008489722523159604]}, "13": {"maxiter": 500, "gtol": 1e-10, "xrtol": 1e-05, "eps": 1e-10, "duration": 0.03489804267883301, "fun": "0.00848972252598379", "jac": "[-2.22044587e-06 -3.33066880e-06 -2.22044587e-06  1.11022293e-06\n  1.11022293e-06  4.44089173e-06]", "hess_inv": "[[ 3.68526264e+00  4.05902068e-01  4.09705781e-01  2.41880160e-01\n   9.70835156e-04 -2.30729315e+00]\n [ 4.05902068e-01  1.69292423e+00 -8.27697130e-02 -4.35981242e-01\n  -7.81563602e-01 -8.76158571e-02]\n [ 4.09705781e-01 -8.27697130e-02  3.64682833e+00  3.15386036e+00\n  -7.14511834e-02 -1.21639089e+00]\n [ 2.41880160e-01 -4.35981242e-01  3.15386036e+00  5.00136653e+00\n   1.23929932e-01 -1.28067109e+00]\n [ 9.70835156e-04 -7.81563602e-01 -7.14511834e-02  1.23929932e-01\n   2.40088748e+00  7.69493109e-03]\n [-2.30729315e+00 -8.76158571e-02 -1.21639089e+00 -1.28067109e+00\n   7.69493109e-03  3.73905461e+00]]", "nfev": "147", "njev": "21", "status": "0", "success": "True", "message": "Optimization terminated successfully.", "x": "[5.70881189 2.07692408 2.93313843 4.66444205 4.2717831  2.39596992]", "nit": "20", "callback": [0.3887291314062886