{"date": "2024/09/23/, 23:50:26", "conf_id": 144, "data_type": "orthogonal\n", "num_data_points": 4, "s_rank": 0, "unitary": "[[-0.24866696+0.58742286j,-0.44704345-0.43151574j,-0.35669027-0.20570733j,-0.10517633+0.1626036j],[0.10596805-0.19687975j,-0.30269685-0.15056416j,0.18246286+0.30440582j,-0.83484447-0.11310748j],[0.26054512-0.52548482j,0.0285017-0.50723956j,-0.43110112+0.17165838j,0.15243271+0.39915801j],[0.42978035+0.11991271j,-0.17224126-0.46030424j,0.6827807-0.15164662j,0.26483638+0.0061855j]]", "databatch_0": {"databatch": "[[[-0.03709446-0.23460628j,0.04734786+0.09441367j,0.12926189-0.14002753j,-0.26625429+0.02580325j],[0.03992167+0.17140565j,-0.04002534-0.06725118j,-0.08806441+0.11037709j,0.19539673-0.03326426j],[0.42172107-0.22639742j,-0.14818239+0.15279154j,0.35226827+0.15292768j,-0.22593506-0.48943358j],[0.05898646+0.03982212j,-0.03036429-0.00892225j,0.00426248+0.05694224j,0.04876452-0.06361315j]],[[0.19707886+0.44369286j,-0.14332996-0.16144562j,-0.18134173+0.34473599j,0.5121472-0.19148672j],[-0.13061633+0.11913881j,0.0392868-0.06809457j,-0.1399676-0.02298755j,0.12508293+0.15491006j],[0.11388518-0.19839057j,-0.02151243+0.09942193j,0.18154435-0.02695937j,-0.21531025-0.14147155j],[0.03034688+0.03676539j,-0.01781614-0.01148808j,-0.00805581+0.03739046j,0.04338748-0.03162413j]],[[0.13155036-0.00701435j,-0.05479894+0.02070763j,0.06983792+0.07933652j,0.0010289-0.14836213j],[0.0435742-0.44458322j,0.04147301+0.19426716j,0.30158209-0.19366225j,-0.49684062-0.07911195j],[0.10347369-0.05823279j,-0.03599628+0.03862628j,0.08812246+0.03618772j,-0.05845264-0.12026953j],[0.28066131+0.10855005j,-0.13356497-0.00816012j,0.07123267+0.23068924j,0.14104883-0.30815924j]],[[0.0587955-0.09288836j,-0.01239167+0.0472882j,0.08772277-0.00917657j,-0.10043942-0.0723914j],[-0.17400345-0.17175834j,0.09689018+0.04932405j,0.02160592-0.19497113j,-0.20487907+0.18397296j],[-0.01425993-0.16070185j,0.02770809+0.06617508j,0.09408715-0.08889718j,-0.18162476+0.00514106j],[-0.40038152+0.25171872j,0.13572598-0.16064452j,-0.35759828-0.12689958j,0.25584691+0.46715987j]]]", "initial param values": "[3.1379239,6.22552536,3.21360427,5.24623919,2.20720618,3.47094037]", "nelder_mead": {"type": "gradient-free", "0": {"maxiter": 100, "fatol": 1e-05, "xatol": 1e-05, "duration": 0.05073809623718262, "fun": "0.6674764725043829", "nit": "100", "nfev": "152", "status": "2", "success": "False", "message": "Maximum number of iterations has been exceeded.", "x": "[4.35208476 6.22947637 2.2025602  5.56380713 1.44628621 4.76569298]", "final_simplex": "(array([[4.35208476, 6.22947637, 2.2025602 , 5.56380713, 1.44628621,\n        4.76569298],\n       [4.38196277, 6.22737508, 2.17580548, 5.57208895, 1.42415696,\n        4.77216754],\n       [4.36909554, 6.20228265, 2.18371291, 5.56728413, 1.46881137,\n        4.73624916],\n       [4.36907262, 6.21535803, 2.21893102, 5.57533876, 1.45074473,\n        4.75609237],\n       [4.37482742, 6.23667054, 2.20693174, 5.58236605, 1.46667154,\n        4.75823619],\n       [4.36716589, 6.19900135, 2.1703654 , 5.5888609 , 1.41649285,\n        4.78854943],\n       [4.33571032, 6.23937593, 2.19736635, 5.58887202, 1.44705255,\n        4.7431232 ]]), array([0.66747647, 0.66748809, 0.66750424, 0.66751396, 0.66753781,\n       0.66754156, 0.66755537]))", "callback": [0.7276509907050599, 0.6902667224701521, 0.6788049468530293, 0.6712497101862853, 0.6690765855140521, 0.668458155983094, 0.6681623433860238, 0.6678148704792715, 0.6675378148864655]}, "1": {"maxiter": 100, "fatol": 1e-05, "xatol": 1e-10, "duration": 0.04558682441711426, "fun": "0.6674764725043829", "nit": "100", "nfev": "152", "status": "2", "success": "False", "message": "Maximum number of iterations has been exceeded.", "x": "[4.35208476 6.22947637 2.2025602  5.56380713 1.44628621 4.76569298]", "final_simplex": "(array([[4.35208476, 6.22947637, 2.2025602 , 5.56380713, 1.44628621,\n        4.76569298],\n       [4.38196277, 6.22737508, 2.17580548, 5.57208895, 1.42415696,\n        4.77216754],\n       [4.36909554, 6.20228265, 2.18371291, 5.56728413, 1.46881137,\n        4.73624916],\n       [4.36907262, 6.21535803, 2.21893102, 5.57533876, 1.45074473,\n        4.75609237],\n       [4.37482742, 6.23667054, 2.20693174, 5.58236605, 1.46667154,\n        4.75823619],\n       [4.36716589, 6.19900135, 2.1703654 , 5.5888609 , 1.41649285,\n        4.78854943],\n       [4.33571032, 6.23937593, 2.19736635, 5.58887202, 1.44705255,\n        4.7431232 ]]), array([0.66747647, 0.66748809, 0.66750424, 0.66751396, 0.66753781,\n       0.66754156, 0.66755537]))", "callback": [0.7276509907050599, 0.6902667224701521, 0.6788049468530293, 0.6712497101862853, 0.6690765855140521, 0.668458155983094, 0.6681623433860238, 0.6678148704792715, 0.6675378148864655]}, "2": {"maxiter": 100, "fatol": 1e-10, "xatol": 1e-05, "duration": 0.04410600662231445, "fun": "0.6674764725043829", "nit": "100", "nfev": "152", "status": "2", "success": "False", "message": "Maximum number of iterations has been exceeded.", "x": "[4.35208476 6.22947637 2.2025602  5.56380713 1.44628621 4.76569298]", "final_simplex": "(array([[4.35208476, 6.22947637, 2.2025602 , 5.56380713, 1.44628621,\n        4.76569298],\n       [4.38196277, 6.22737508, 2.17580548, 5.57208895, 1.42415696,\n        4.77216754],\n       [4.36909554, 6.20228265, 2.18371291, 5.56728413, 1.46881137,\n        4.73624916],\n       [4.36907262, 6.21535803, 2.21893102, 5.57533876, 1.45074473,\n        4.75609237],\n       [4.37482742, 6.23667054, 2.20693174, 5.58236605, 1.46667154,\n        4.75823619],\n       [4.36716589, 6.19900135, 2.1703654 , 5.5888609 , 1.41649285,\n        4.78854943],\n       [4.33571032, 6.23937593, 2.19736635, 5.58887202, 1.44705255,\n        4.7431232 ]]), array([0.66747647, 0.66748809, 0.66750424, 0.66751396, 0.66753781,\n       0.66754156, 0.66755537]))", "callback": [0.7276509907050599, 0.6902667224701521, 0.6788049468530293, 0.6712497101862853, 0.6690765855140521, 0.668458155983094, 0.6681623433860238, 0.6678148704792715, 0.6675378148864655]}, "3": {"maxiter": 100, "fatol": 1e-10, "xatol": 1e-10, "duration": 0.04476809501647949, "fun": "0.6674764725043829", "nit": "100", "nfev": "152", "status": "2", "success": "False", "message": "Maximum number of iterations has been exceeded.", "x": "[4.35208476 6.22947637 2.2025602  5.56380713 1.44628621 4.76569298]", "final_simplex": "(array([[4.35208476, 6.22947637, 2.2025602 , 5.56380713, 1.44628621,\n        4.76569298],\n       [4.38196277, 6.22737508, 2.17580548, 5.57208895, 1.42415696,\n        4.77216754],\n       [4.36909554, 6.20228265, 2.18371291, 5.56728413, 1.46881137,\n        4.73624916],\n       [4.36907262, 6.21535803, 2.21893102, 5.57533876, 1.45074473,\n        4.75609237],\n       [4.37482742, 6.23667054, 2.20693174, 5.58236605, 1.46667154,\n        4.75823619],\n       [4.36716589, 6.19900135, 2.1703654 , 5.5888609 , 1.41649285,\n        4.78854943],\n       [4.33571032, 6.23937593, 2.19736635, 5.58887202, 1.44705255,\n        4.7431232 ]]), array([0.66747647, 0.66748809, 0.66750424, 0.66751396, 0.66753781,\n       0.66754156, 0.66755537]))", "callback": [0.7276509907050599, 0.6902667224701521, 0.6788049468530293, 0.6712497101862853, 0.6690765855140521, 0.668458155983094, 0.6681623433860238, 0.6678148704792715, 0.6675378148864655]}, "4": {"maxiter": 500, "fatol": 1e-05, "xatol": 1e-05, "duration": 0.10568594932556152, "fun": "0.6674504440432584", "nit": "205", "nfev": "334", "status": "0", "success": "True", "message": "Optimization terminated successfully.", "x": "[4.36634274 6.22636663 2.19203065 5.56624011 1.43854774 4.7570959 ]", "final_simplex": "(array([[4.36634274, 6.22636663, 2.19203065, 5.56624011, 1.43854774,\n        4.7570959 ],\n       [4.36634958, 6.22636733, 2.1920317 , 5.56624157, 1.4385527 ,\n        4.75709652],\n       [4.36634934, 6.22636885, 2.19202911, 5.56623844, 1.43854018,\n        4.75710281],\n       [4.36635198, 6.2263652 , 2.1920258 , 5.56624468, 1.43854399,\n        4.75709693],\n       [4.36634637, 6.22636534, 2.19202346, 5.56624228, 1.4385546 ,\n        4.75709503],\n       [4.36635191, 6.22637106, 2.19203011, 5.56623602, 1.4385524 ,\n        4.75708845],\n       [4.36634626, 6.22636004, 2.19202672, 5.56623709, 1.43855596,\n        4.75708966]]), array([0.66745044, 0.66745044, 0.66745044, 0.66745044, 0.66745044,\n       0.66745044, 0.66745044]))", "callback": [0.7276509907050599, 0.6902667224701521, 0.6788049468530293, 0.6712497101862853, 0.6690765855140521, 0.668458155983094, 0.6681623433860238, 0.6678148704792715, 0.6675378148864655, 0.6674764725043829, 0.667456296342759, 0.6674518244203133, 0.6674509689258229, 0.667450491854082, 0.667450456231131, 0.6674504472758285, 0.6674504446227676, 0.6674504441401983, 0.6674504440570987, 0.667450444044734]}, "5": {"maxiter": 500, "fatol": 1e-05, "xatol": 1e-10, "duration": 0.1642169952392578, "fun": "0.667450444041488", "nit": "290", "nfev": "539", "status": "0", "success": "True", "message": "Optimization terminated successfully.", "x": "[4.36634716 6.22636769 2.19202938 5.56624086 1.43854816 4.7570953 ]", "final_simplex": "(array([[4.36634716, 6.22636769, 2.19202938, 5.56624086, 1.43854816,\n        4.7570953 ],\n       [4.36634716, 6.22636769, 2.19202938, 5.56624086, 1.43854816,\n        4.7570953 ],\n       [4.36634716, 6.22636769, 2.19202938, 5.56624086, 1.43854816,\n        4.7570953 ],\n       [4.36634716, 6.22636769, 2.19202938, 5.56624086, 1.43854816,\n        4.7570953 ],\n       [4.36634716, 6.22636769, 2.19202938, 5.56624086, 1.43854816,\n        4.7570953 ],\n       [4.36634716, 6.22636769, 2.19202938, 5.56624086, 1.43854816,\n        4.7570953 ],\n       [4.36634716, 6.22636769, 2.19202938, 5.56624086, 1.43854816,\n        4.7570953 ]]), array([0.66745044, 0.66745044, 0.66745044, 0.66745044, 0.66745044,\n       0.66745044, 0.66745044]))", "callback": [0.7276509907050599, 0.6902667224701521, 0.6788049468530293, 0.6712497101862853, 0.6690765855140521, 0.668458155983094, 0.6681623433860238, 0.6678148704792715, 0.6675378148864655, 0.6674764725043829, 0.667456296342759, 0.6674518244203133, 0.6674509689258229, 0.667450491854082, 0.667450456231131, 0.6674504472758285, 0.6674504446227676, 0.6674504441401983, 0.6674504440570987, 0.667450444044734, 0.6674504440421489, 0.6674504440416613, 0.6674504440415093, 0.667450444041493, 0.6674504440414891, 0.6674504440414883, 0.667450444041488, 0.667450444041488, 0.667450444041488]}, "6": {"maxiter": 500, "fatol": 1e-10, "xatol": 1e-05, "duration": 0.09176898002624512, "fun": "0.6674504440432584", "nit": "205", "nfev": "334", "status": "0", "success": "True", "message": "Optimization terminated successfully.", "x": "[4.36634274 6.22636663 2.19203065 5.56624011 1.43854774 4.7570959 ]", "final_simplex": "(array([[4.36634274, 6.22636663, 2.19203065, 5.56624011, 1.43854774,\n        4.7570959 ],\n       [4.36634958, 6.22636733, 2.1920317 , 5.56624157, 1.4385527 ,\n        4.75709652],\n       [4.36634934, 6.22636885, 2.19202911, 5.56623844, 1.43854018,\n        4.75710281],\n       [4.36635198, 6.2263652 , 2.1920258 , 5.56624468, 1.43854399,\n        4.75709693],\n       [4.36634637, 6.22636534, 2.19202346, 5.56624228, 1.4385546 ,\n        4.75709503],\n       [4.36635191, 6.22637106, 2.19203011, 5.56623602, 1.4385524 ,\n        4.75708845],\n       [4.36634626, 6.22636004, 2.19202672, 5.56623709, 1.43855596,\n        4.75708966]]), array([0.66745044, 0.66745044, 0.66745044, 0.66745044, 0.66745044,\n       0.66745044, 0.66745044]))", "callback": [0.7276509907050599, 0.6902667224701521, 0.6788049468530293, 0.6712497101862853, 0.6690765855140521, 0.668458155983094, 0.6681623433860238, 0.6678148704792715, 0.6675378148864655, 0.6674764725043829, 0.667456296342759, 0.6674518244203133, 0.6674509689258229, 0.667450491854082, 0.667450456231131, 0.6674504472758285, 0.6674504446227676, 0.6674504441401983, 0.6674504440570987, 0.667450444044734]}, "7": {"maxiter": 500, "fatol": 1e-10, "xatol": 1e-10, "duration": 0.15027189254760742, "fun": "0.667450444041488", "nit": "290", "nfev": "539", "status": "0", "success": "True", "message": "Optimization terminated successfully.", "x": "[4.36634716 6.22636769 2.19202938 5.56624086 1.43854816 4.7570953 ]", "final_simplex": "(array([[4.36634716, 6.22636769, 2.19202938, 5.56624086, 1.43854816,\n        4.7570953 ],\n       [4.36634716, 6.22636769, 2.19202938, 5.56624086, 1.43854816,\n        4.7570953 ],\n       [4.36634716, 6.22636769, 2.19202938, 5.56624086, 1.43854816,\n        4.7570953 ],\n       [4.36634716, 6.22636769, 2.19202938, 5.56624086, 1.43854816,\n        4.7570953 ],\n       [4.36634716, 6.22636769, 2.19202938, 5.56624086, 1.43854816,\n        4.7570953 ],\n       [4.36634716, 6.22636769, 2.19202938, 5.56624086, 1.43854816,\n        4.7570953 ],\n       [4.36634716, 6.22636769, 2.19202938, 5.56624086, 1.43854816,\n        4.7570953 ]]), array([0.66745044, 0.66745044, 0.66745044, 0.66745044, 0.66745044,\n       0.66745044, 0.66745044]))", "callback": [0.7276509907050599, 0.6902667224701521, 0.6788049468530293, 0.6712497101862853, 0.6690765855140521, 0.668458155983094, 0.6681623433860238, 0.6678148704792715, 0.6675378148864655, 0.6674764725043829, 0.667456296342759, 0.6674518244203133, 0.6674509689258229, 0.667450491854082, 0.667450456231131, 0.6674504472758285, 0.6674504446227676, 0.6674504441401983, 0.6674504440570987, 0.667450444044734, 0.6674504440421489, 0.6674504440416613, 0.6674504440415093, 0.667450444041493, 0.6674504440414891, 0.6674504440414883, 0.667450444041488, 0.667450444041488, 0.667450444041488]}, "8": {"maxiter": 1000, "fatol": 1e-05, "xatol": 1e-05, "duration": 0.09023809432983398, "fun": "0.6674504440432584", "nit": "205", "nfev": "334", "status": "0", "success": "True", "message": "Optimization terminated successfully.", "x": "[4.36634274 6.22636663 2.19203065 5.56624011 1.43854774 4.7570959 ]", "final_simplex": "(array([[4.36634274, 6.22636663, 2.19203065, 5.56624011, 1.43854774,\n        4.7570959 ],\n       [4.36634958, 6.22636733, 2.1920317 , 5.56624157, 1.4385527 ,\n        4.75709652],\n       [4.36634934, 6.22636885, 2.19202911, 5.56623844, 1.43854018,\n        4.75710281],\n       [4.36635198, 6.2263652 , 2.1920258 , 5.56624468, 1.43854399,\n        4.75709693],\n       [4.36634637, 6.22636534, 2.19202346, 5.56624228, 1.4385546 ,\n        4.75709503],\n       [4.36635191, 6.22637106, 2.19203011, 5.56623602, 1.4385524 ,\n        4.75708845],\n       [4.36634626, 6.22636004, 2.19202672, 5.56623709, 1.43855596,\n        4.75708966]]), array([0.66745044, 0.66745044, 0.66745044, 0.66745044, 0.66745044,\n       0.66745044, 0.66745044]))", "callback": [0.7276509907050599, 0.6902667224701521, 0.6788049468530293, 0.6712497101862853, 0.6690765855140521, 0.668458155983094, 0.6681623433860238, 0.6678148704792715, 0.6675378148864655, 0.6674764725043829, 0.667456296342759, 0.6674518244203133, 0.6674509689258229, 0.667450491854082, 0.667450456231131, 0.6674504472758285, 0.6674504446227676, 0.6674504441401983, 0.6674504440570987, 0.667450444044734]}, "9": {"maxiter": 1000, "fatol": 1e-05, "xatol": 1e-10, "duration": 0.1572568416595459, "fun": "0.667450444041488", "nit": "290", "nfev": "539", "status": "0", "success": "True", "message": "Optimization terminated successfully.", "x": "[4.36634716 6.22636769 2.19202938 5.56624086 1.43854816 4.7570953 ]", "final_simplex": "(array([[4.36634716, 6.22636769, 2.19202938, 5.56624086, 1.43854816,\n        4.7570953 ],\n       [4.36634716, 6.22636769, 2.19202938, 5.56624086, 1.43854816,\n        4.7570953 ],\n       [4.36634716, 6.22636769, 2.19202938, 5.56624086, 1.43854816,\n        4.7570953 ],\n       [4.36634716, 6.22636769, 2.19202938, 5.56624086, 1.43854816,\n        4.7570953 ],\n       [4.36634716, 6.22636769, 2.19202938, 5.56624086, 1.43854816,\n        4.7570953 ],\n       [4.36634716, 6.22636769, 2.19202938, 5.56624086, 1.43854816,\n        4.7570953 ],\n       [4.36634716, 6.22636769, 2.19202938, 5.56624086, 1.43854816,\n        4.7570953 ]]), array([0.66745044, 0.66745044, 0.66745044, 0.66745044, 0.66745044,\n       0.66745044, 0.66745044]))", "callback": [0.7276509907050599, 0.6902667224701521, 0.6788049468530293, 0.6712497101862853, 0.6690765855140521, 0.668458155983094, 0.6681623433860238, 0.6678148704792715, 0.6675378148864655, 0.6674764725043829, 0.667456296342759, 0.6674518244203133, 0.6674509689258229, 0.667450491854082, 0.667450456231131, 0.6674504472758285, 0.6674504446227676, 0.6674504441401983, 0.6674504440570987, 0.667450444044734, 0.6674504440421489, 0.6674504440416613, 0.6674504440415093, 0.667450444041493, 0.6674504440414891, 0.6674504440414883, 0.667450444041488, 0.667450444041488, 0.667450444041488]}, "10": {"maxiter": 1000, "fatol": 1e-10, "xatol": 1e-05, "duration": 0.10002994537353516, "fun": "0.6674504440432584", "nit": "205", "nfev": "334", "status": "0", "success": "True", "message": "Optimization terminated successfully.", "x": "[4.36634274 6.22636663 2.19203065 5.56624011 1.43854774 4.7570959 ]", "final_simplex": "(array([[4.36634274, 6.22636663, 2.19203065, 5.56624011, 1.43854774,\n        4.7570959 ],\n       [4.36634958, 6.22636733, 2.1920317 , 5.56624157, 1.4385527 ,\n        4.75709652],\n       [4.36634934, 6.22636885, 2.19202911, 5.56623844, 1.43854018,\n        4.75710281],\n       [4.36635198, 6.2263652 , 2.1920258 , 5.56624468, 1.43854399,\n        4.75709693],\n       [4.36634637, 6.22636534, 2.19202346, 5.56624228, 1.4385546 ,\n        4.75709503],\n       [4.36635191, 6.22637106, 2.19203011, 5.56623602, 1.4385524 ,\n        4.75708845],\n       [4.36634626, 6.22636004, 2.19202672, 5.56623709, 1.43855596,\n        4.75708966]]), array([0.66745044, 0.66745044, 0.66745044, 0.66745044, 0.66745044,\n       0.66745044, 0.66745044]))", "callback": [0.7276509907050599, 0.6902667224701521, 0.6788049468530293, 0.6712497101862853, 0.6690765855140521, 0.668458155983094, 0.6681623433860238, 0.6678148704792715, 0.6675378148864655, 0.6674764725043829, 0.667456296342759, 0.6674518244203133, 0.6674509689258229, 0.667450491854082, 0.667450456231131, 0.6674504472758285, 0.6674504446227676, 0.6674504441401983, 0.6674504440570987, 0.667450444044734]}, "11": {"maxiter": 1000, "fatol": 1e-10, "xatol": 1e-10, "duration": 0.1489100456237793, "fun": "0.667450444041488", "nit": "290", "nfev": "539", "status": "0", "success": "True", "message": "Optimization terminated successfully.", "x": "[4.36634716 6.22636769 2.19202938 5.56624086 1.43854816 4.7570953 ]", "final_simplex": "(array([[4.36634716, 6.22636769, 2.19202938, 5.56624086, 1.43854816,\n        4.7570953 ],\n       [4.36634716, 6.22636769, 2.19202938, 5.56624086, 1.43854816,\n        4.7570953 ],\n       [4.36634716, 6.22636769, 2.19202938, 5.56624086, 1.43854816,\n        4.7570953 ],\n       [4.36634716, 6.22636769, 2.19202938, 5.56624086, 1.43854816,\n        4.7570953 ],\n       [4.36634716, 6.22636769, 2.19202938, 5.56624086, 1.43854816,\n        4.7570953 ],\n       [4.36634716, 6.22636769, 2.19202938, 5.56624086, 1.43854816,\n        4.7570953 ],\n       [4.36634716, 6.22636769, 2.19202938, 5.56624086, 1.43854816,\n        4.7570953 ]]), array([0.66745044, 0.66745044, 0.66745044, 0.66745044, 0.66745044,\n       0.66745044, 0.66745044]))", "callback": [0.7276509907050599, 0.6902667224701521, 0.6788049468530293, 0.6712497101862853, 0.6690765855140521, 0.668458155983094, 0.6681623433860238, 0.6678148704792715, 0.6675378148864655, 0.6674764725043829, 0.667456296342759, 0.6674518244203133, 0.6674509689258229, 0.667450491854082, 0.667450456231131, 0.6674504472758285, 0.6674504446227676, 0.6674504441401983, 0.6674504440570987, 0.667450444044734, 0.6674504440421489, 0.6674504440416613, 0.6674504440415093, 0.667450444041493, 0.6674504440414891, 0.6674504440414883, 0.667450444041488, 0.667450444041488, 0.667450444041488]}}, "bfgs": {"type": "gradient", "0": {"maxiter": 100, "gtol": 1e-05, "xrtol": 1e-05, "eps": 1e-05, "duration": 0.10065913200378418, "fun": "0.3320597300226926", "jac": "[ 4.81611417e-06 -7.88893395e-06  2.62174726e-06  2.22615260e-06\n -6.05269168e-06 -2.88055135e-06]", "hess_inv": "[[ 8.16811589  8.55867305  0.90993851  2.73753654 -2.98788589  0.34346333]\n [ 8.55867305 21.90678818  1.55631556  4.68845106 -7.34517831 -0.98226609]\n [ 0.90993851  1.55631556  3.87763925  1.02896564 -1.46380559  0.93531   ]\n [ 2.73753654  4.68845106  1.02896564  5.35029828 -1.65923266  1.42566875]\n [-2.98788589 -7.34517831 -1.46380559 -1.65923266  7.22806322  1.20021548]\n [ 0.34346333 -0.98226609  0.93531     1.42566875  1.20021548  6.4842486 ]]", "nfev": "343", "njev": "49", "status": "0", "success": "True", "message": "Optimization terminated successfully.", "x": "[4.64837512 6.6756958  5.27742453 4.19542508 4.17398692 6.28110553]", "nit": "42", "callback": [0.5313193908571441, 0.4185672755424511, 0.38318532553853646, 0.3320611613668345]}, "1": {"maxiter": 100, "gtol": 1e-05, "xrtol": 1e-05, "eps": 1e-10, "duration": 0.11446094512939453, "fun": "0.33205972968217656", "jac": "[ 1.11022293e-06  0.00000000e+00  4.44089173e-06 -2.22044587e-06\n  4.44089173e-06  0.00000000e+00]", "hess_inv": "[[ 8.48173739  9.05026292  1.18142369  2.61472579 -3.29288737 -0.19206347]\n [ 9.05026292 22.46610806  2.70852239  4.74888866 -7.59805789 -1.1506291 ]\n [ 1.18142369  2.70852239  3.85653811  1.25249256 -1.71088708  0.82817786]\n [ 2.61472579  4.74888866  1.25249256  5.32554345 -1.55636564  1.25893711]\n [-3.29288737 -7.59805789 -1.71088708 -1.55636564  7.00960125  1.57646995]\n [-0.19206347 -1.1506291   0.82817786  1.25893711  1.57646995  6.21771189]]", "nfev": "336", "njev": "48", "status": "0", "success": "True", "message": "Optimization terminated successfully.", "x": "[4.64839077 6.67576656 5.2774351  4.19542731 4.17402316 6.28113236]", "nit": "42", "callback": [0.5312284326821979, 0.42024324477729036, 0.38323597415579125, 0.33205989642265776]}, "2": {"maxiter": 100, "gtol": 1e-05, "xrtol": 1e-10, "eps": 1e-05, "duration": 0.09921693801879883, "fun": "0.3320597300226926", "jac": "[ 4.81611417e-06 -7.88893395e-06  2.62174726e-06  2.22615260e-06\n -6.05269168e-06 -2.88055135e-06]", "hess_inv": "[[ 8.16811589  8.55867305  0.90993851  2.73753654 -2.98788589  0.34346333]\n [ 8.55867305 21.90678818  1.55631556  4.68845106 -7.34517831 -0.98226609]\n [ 0.90993851  1.55631556  3.87763925  1.02896564 -1.46380559  0.93531   ]\n [ 2.73753654  4.68845106  1.02896564  5.35029828 -1.65923266  1.42566875]\n [-2.98788589 -7.34517831 -1.46380559 -1.65923266  7.22806322  1.20021548]\n [ 0.34346333 -0.98226609  0.93531     1.42566875  1.20021548  6.4842486 ]]", "nfev": "343", "njev": "49", "status": "0", "success": "True", "message": "Optimization terminated successfully.", "x": "[4.64837512 6.6756958  5.27742453 4.19542508 4.17398692 6.28110553]", "nit": "42", "callback": [0.5313193908571441, 0.4185672755424511, 0.38318532553853646, 0.3320611613668345]}, "3": {"maxiter": 100, "gtol": 1e-05, "xrtol": 1e-10, "eps": 1e-10, "duration": 0.10065889358520508, "fun": "0.33205972968217656", "jac": "[ 1.11022293e-06  0.00000000e+00  4.44089173e-06 -2.22044587e-06\n  4.44089173e-06  0.00000000e+00]", "hess_inv": "[[ 8.48173739  9.05026292  1.18142369  2.61472579 -3.29288737 -0.19206347]\n [ 9.05026292 22.46610806  2.70852239  4.74888866 -7.59805789 -1.1506291 ]\n [ 1.18142369  2.70852239  3.85653811  1.25249256 -1.71088708  0.82817786]\n [ 2.61472579  4.74888866  1.25249256  5.32554345 -1.55636564  1.25893711]\n [-3.29288737 -7.59805789 -1.71088708 -1.55636564  7.00960125  1.57646995]\n [-0.19206347 -1.1506291   0.82817786  1.25893711  1.57646995  6.21771189]]", "nfev": "336", "njev": "48", "status": "0", "success": "True", "message": "Optimization terminated successfully.", "x": "[4.64839077 6.67576656 5.2774351  4.19542731 4.17402316 6.28113236]", "nit": "42", "callback": [0.5312284326821979, 0.42024324477729036, 0.38323597415579125, 0.33205989642265776]}, "4": {"maxiter": 100, "gtol": 1e-10, "xrtol": 1e-05, "eps": 1e-05, "duration": 0.10193324089050293, "fun": "0.3320597296520107", "jac": "[ 4.83768581e-07 -5.94579941e-07 -3.67073039e-07  2.64877009e-07\n -1.59838809e-07 -6.92879087e-07]", "hess_inv": "[[ 8.16575425  8.46265069  0.91827222  2.73386855 -3.0123564   0.32266632]\n [ 8.46265069 20.55401877  2.00355682  4.59495931 -7.22340326 -0.97836549]\n [ 0.91827222  2.00355682  3.85283689  1.04427334 -1.33000938  1.04478948]\n [ 2.73386855  4.59495931  1.04427334  5.34581495 -1.67288365  1.41189492]\n [-3.0123564  -7.22340326 -1.33000938 -1.67288365  7.46328555  1.35653545]\n [ 0.32266632 -0.97836549  1.04478948  1.41189492  1.35653545  6.58394242]]", "nfev": "350", "njev": "50", "status": "0", "success": "True", "message": "Optimization terminated successfully.", "x": "[4.64837675 6.67575517 5.27741845 4.19542747 4.17400074 6.28111755]", "nit": "43", "callback": [0.5313193908571441, 0.4185672755424511, 0.38318532553853646, 0.3320611613668345]}, "5": {"maxiter": 100, "gtol": 1e-10, "xrtol": 1e-05, "eps": 1e-10, "duration": 0.09802484512329102, "fun": "0.33205972961319574", "jac": "[-3.33066880e-06  0.00000000e+00 -4.44089173e-06 -3.33066880e-06\n -2.22044587e-06 -3.33066880e-06]", "hess_inv": "[[ 8.52160905  9.18284491  1.12962452  2.65619271 -3.40643062 -0.22955886]\n [ 9.18284491 22.85529457  2.54594661  4.81404448 -7.85803419 -1.23706722]\n [ 1.12962452  2.54594661  3.92202424  1.21222731 -1.58537436  0.86973559]\n [ 2.65619271  4.81404448  1.21222731  5.2663087  -1.50897065  1.27376342]\n [-3.40643062 -7.85803419 -1.58537436 -1.50897065  7.06541615  1.59623534]\n [-0.22955886 -1.23706722  0.86973559  1.27376342  1.59623534  6.22467277]]", "nfev": "343", "njev": "49", "status": "0", "success": "True", "message": "Optimization terminated successfully.", "x": "[4.64839732 6.67579065 5.27742616 4.19543738 4.17399925 6.28112449]", "nit": "43", "callback": [0.5312284326821979, 0.42024324477729036, 0.38323597415579125, 0.33205989642265776]}, "6": {"maxiter": 100, "gtol": 1e-10, "xrtol": 1e-10, "eps": 1e-05, "duration": 0.13097810745239258, "fun": "0.33205972963501584", "jac": "[ 1.95399252e-09  8.65973959e-10 -7.99360578e-10  1.17683641e-09\n  4.08562073e-09 -7.43849427e-10]", "hess_inv": "[[ 8.07377236  8.58306262  0.97987805  2.69101522 -3.15995148  0.38874185]\n [ 8.58306262 21.388447    2.21808136  4.76157047 -7.15429569 -0.50089739]\n [ 0.97987805  2.21808136  3.83314357  1.11785694 -1.13199487  1.12580952]\n [ 2.69101522  4.76157047  1.11785694  5.35763032 -1.71379648  1.52883943]\n [-3.15995148 -7.15429569 -1.13199487 -1.71379648  7.16570906  1.52726214]\n [ 0.38874185 -0.50089739  1.12580952  1.52883943  1.52726214  6.8410809 ]]", "nfev": "452", "njev": "63", "status": "2", "success": "False", "message": "Desired error not necessarily achieved due to precision loss.", "x": "[4.64837736 6.67576176 5.27742101 4.19542878 4.17400027 6.28112206]", "nit": "45", "callback": [0.5313193908571441, 0.4185672755424511, 0.38318532553853646, 0.3320611613668345]}, "7": {"maxiter": 100, "gtol": 1e-10, "xrtol": 1e-10, "eps": 1e-10, "duration": 0.10365486145019531, "fun": "0.3320597296078718", "jac": "[0. 0. 0. 0. 0. 0.]", "hess_inv": "[[ 3.16943499  0.91006446 -0.94172422 -0.92937304 -0.89803983 -1.89992792]\n [ 0.91006446  9.27680301 -0.06588742 -0.47660518 -3.16498772 -2.92227417]\n [-0.94172422 -0.06588742  2.69272715 -0.47612114 -1.15055859 -0.5111809 ]\n [-0.92937304 -0.47660518 -0.47612114  3.85838089 -0.77182476  0.49738917]\n [-0.89803983 -3.16498772 -1.15055859 -0.77182476  5.48429406  1.05498672]\n [-1.89992792 -2.92227417 -0.5111809   0.49738917  1.05498672  5.05415283]]", "nfev": "371", "njev": "53", "status": "0", "success": "True", "message": "Optimization terminated successfully.", "x": "[4.64839986 6.67579399 5.27742727 4.19544235 4.17399671 6.28112775]", "nit": "45", "callback": [0.5312284326821979, 0.42024324477729036, 0.38323597415579125, 0.33205989642265776]}, "8": {"maxiter": 500, "gtol": 1e-05, "xrtol": 1e-05, "eps": 1e-05, "duration": 0.1062772274017334, "fun": "0.3320597300226926", "jac": "[ 4.81611417e-06 -7.88893395e-06  2.62174726e-06  2.22615260e-06\n -6.05269168e-06 -2.88055135e-06]", "hess_inv": "[[ 8.16811589  8.55867305  0.90993851  2.73753654 -2.98788589  0.34346333]\n [ 8.55867305 21.90678818  1.55631556  4.68845106 -7.34517831 -0.98226609]\n [ 0.90993851  1.55631556  3.87763925  1.02896564 -1.46380559  0.93531   ]\n [ 2.73753654  4.68845106  1.02896564  5.35029828 -1.65923266  1.42566875]\n [-2.98788589 -7.34517831 -1.46380559 -1.65923266  7.22806322  1.20021548]\n [ 0.34346333 -0.98226609  0.93531     1.42566875  1.20021548  6.4842486 ]]", "nfev": "343", "njev": "49", "status": "0", "success": "True", "message": "Optimization terminated successfully.", "x": "[4.64837512 6.6756958  5.27742453 4.19542508 4.17398692 6.28110553]", "nit": "42", "callback": [0.5313193908571441, 0.4185672755424511, 0.38318532553853646, 0.3320611613668345]}, "9": {"maxiter": 500, "gtol": 1e-05, "xrtol": 1e-05, "eps": 1e-10, "duration": 0.10253190994262695, "fun": "0.33205972968217656", "jac": "[ 1.11022293e-06  0.00000000e+00  4.44089173e-06 -2.22044587e-06\n  4.44089173e-06  0.00000000e+00]", "hess_inv": "[[ 8.48173739  9.05026292  1.18142369  2.61472579 -3.29288737 -0.19206347]\n [ 9.05026292 22.46610806  2.70852239  4.74888866 -7.59805789 -1.1506291 ]\n [ 1.18142369  2.70852239  3.85653811  1.25249256 -1.71088708  0.82817786]\n [ 2.61472579  4.74888866  1.25249256  5.32554345 -1.55636564  1.25893711]\n [-3.29288737 -7.59805789 -1.71088708 -1.55636564  7.00960125  1.57646995]\n [-0.19206347 -1.1506291   0.82817786  1.25893711  1.57646995  6.21771189]]", "nfev": "336", "njev": "48", "status": "0", "success": "True", "message": "Optimization terminated successfully.", "x": "[4.64839077 6.67576656 5.2774351  4.19542731 4.17402316 6.28113236]", "nit": "42", "callback": [0.5312284326821979, 0.42024324477729036, 0.38323597415579125, 0.33205989642265776]}, "10": {"maxiter": 500, "gtol": 1e-05, "xrtol": 1e-10, "eps": 1e-05, "duration": 0.10491204261779785, "fun": "0.3320597300226926", "jac": "[ 4.81611417e-06 -7.88893395e-06  2.62174726e-06  2.22615260e-06\n -6.05269168e-06 -2.88055135e-06]", "hess_inv": "[[ 8.16811589  8.55867305  0.90993851  2.73753654 -2.98788589  0.34346333]\n [ 8.55867305 21.90678818  1.55631556  4.68845106 -7.34517831 -0.98226609]\n [ 0.90993851  1.55631556  3.87763925  1.02896564 -1.46380559  0.93531   ]\n [ 2.73753654  4.68845106  1.02896564  5.35029828 -1.65923266  1.42566875]\n [-2.98788589 -7.34517831 -1.46380559 -1.65923266  7.22806322  1.20021548]\n [ 0.34346333 -0.98226609  0.93531     1.42566875  1.20021548  6.4842486 ]]", "nfev": "343", "njev": "49", "status": "0", "success": "True", "message": "Optimization terminated successfully.", "x": "[4.64837512 6.6756958  5.27742453 4.19542508 4.17398692 6.28110553]", "nit": "42", "callback": [0.5313193908571441, 0.4185672755424511, 0.38318532553853646, 0.3320611613668345]}, "11": {"maxiter": 500, "gtol": 1e-05, "xrtol": 1e-10, "eps": 1e-10, "duration": 0.09737896919250488, "fun": "0.33205972968217656", "jac": "[ 1.11022293e-06  0.00000000e+00  4.44089173e-06 -2.22044587e-06\n  4.44089173e-06  0.00000000e+00]", "hess_inv": "[[ 8.48173739  9.05026292  1.18142369  2.61472579 -3.29288737 -0.19206347]\n [ 9.05026292 22.46610806  2.70852239  4.74888866 -7.59805789 -1.1506291 ]\n [ 1.18142369  2.70852239  3.85653811  1.25249256 -1.71088708  0.82817786]\n [ 2.61472579  4.74888866  1.25249256  5.32554345 -1.55636564  1.25893711]\n [-3.29288737 -7.59805789 -1.71088708 -1.55636564  7.00960125  1.57646995]\n [-0.19206347 -1.1506291   0.82817786  1.25893711  1.57646995  6.21771189]]", "nfev": "336", "njev": "48", "status": "0", "success": "True", "message": "Optimization terminated successfully.", "x": "[4.64839077 6.67576656 5.2774351  4.19542731 4.17402316 6.28113236]", "nit": "42", "callback": [0.5312284326821979, 0.42024324477729036, 0.38323597415579125, 0.33205989642265776]}, "12": {"maxiter": 500, "gtol": 1e-10, "xrtol": 1e-05, "eps": 1e-05, "duration": 0.10047388076782227, "fun": "0.3320597296520107", "jac": "[ 4.83768581e-07 -5.94579941e-07 -3.67073039e-07  2.64877009e-07\n -1.59838809e-07 -6.92879087e-07]", "hess_inv": "[[ 8.16575425  8.46265069  0.91827222  2.73386855 -3.0123564   0.32266632]\n [ 8.46265069 20.55401877  2.00355682  4.59495931 -7.22340326 -0.97836549]\n [ 0.91827222  2.00355682  3.85283689  1.04427334 -1.33000938  1.04478948]\n [ 2.73386855  4.59495931  1.04427334  5.34581495 -1.67288365  1.41189492]\n [-3.0123564  -7.22340326 -1.33000938 -1.67288365  7.46328555  1.35653545]\n [ 0.32266632 -0.97836549  1.04478948  1.41189492  1.35653545  6.58394242]]", "nfev": "350", "njev": "50", "status": "0", "success": "True", "message": "Optimization terminated successfully.", "x": "[4.64837675 6.67575517 5.27741845 4.19542747 4.17400074 6.28111755]", "nit": "43", "callback": [0.5313193908571441, 0.4185672755424511, 0.38318532553853646, 0.3320611613668345]}, "13": {"maxiter": 500, "gtol": 1e-10, "xrtol": 1e-05, "eps": 1e-10, "duration": 0.11154818534851074, "fun": "0.33205972961319574", "jac": "[-3.33066880e-06  0.00000000e+00 -4.44089173e-06 -3.33066880e-06\n -2.22044587e-06 -3.33066880e-06]", "hess_inv": "[[ 8.52160905  9.18284491  1.12962452  2.65619271 -3.40643062 -0.22955886]\n [ 9.18284491 22.85529457  2.54594661  4.81404448 -7.85803419 -1.23706722]\n [ 1.12962452  2.54594661  3.92202424  1.21222731 -1.58537436  0.86973559]\n [ 2.65619271  4.81404448  1.21222731  5.2663087  -1.50897065  1.27376342]\n [-3.40643062 -7.85803419 -1.58537436 -1.50897065  7.06541615  1.59623534]\n [-0.22955886 -1.23706722  0.86973559  1.27376342  1.59623534  6.22467277]]", "nfev": "343", "njev": "49", "status": "0", "success": "True", "message": "Optimization terminated successfully.", "x": "[4.64839732 6.67579065 5.27742616 4.19543738 4.17399925 6.28112449]", "nit": "43", "callback": [0.5312284326821979, 0.42024324477729036, 0.38323597415579125, 0.33205989642265776]}, "14": {"maxiter": 500, "gtol": 1e-10, "xrtol": 1e-10, "eps": 1e-05, "duration": 0.14949893951416016, "fun": "0.33205972963501584", "jac": "[ 1.95399252e-09  8.65973959e-10 -7.99360578e-10  1.17683641e-09\n  4.08562073e-09 -7.43849427e-10]", "hess_inv": "[[ 8.07377236  8.58306262  0.97987805  2.69101522 -3.15995148  0.38874185]\n [ 8.58306262 21.388447    2.21808136  4.76157047 -7.15429569 -0.50089739]\n [ 0.97987805  2.21808136  3.83314357  1.11785694 -1.13199487  1.12580952]\n [ 2.69101522  4.76157047  1.11785694  5.35763032 -1.71379648  1.52883943]\n [-3.15995148 -7.15429569 -1.13199487 -1.71379648  7.16570906  1.52726214]\n [ 0.38874185 -0.50089739  1.12580952  1.52883943  1.52726214  6.8410809 ]]", "nfev": "452", "njev": "63", "status": "2", "success": "False", "message": "Desired error not necessarily achieved due to precision loss.", "x": "[4.64837736 6.67576176 5.27742101 4.19542878 4.17400027 6.28112206]", "nit": "45", "callback": [0.5313193908571441, 0.4185672755424511, 0.38318532553853646, 0.3320611613668345]}, "15": {"maxiter": 500, "gtol": 1e-10, "xrtol": 1e-10, "eps": 1e-10, "duration": 0.11450505256652832, "fun": "0.3320597296078718", "jac": "[0. 0. 0. 0. 0. 0.]", "hess_inv": "[[ 3.16943499  0.91006446 -0.94172422 -0.92937304 -0.89803983 -1.89992792]\n [ 0.91006446  9.27680301 -0.06588742 -0.47660518 -3.16498772 -2.92227417]\n [-0.94172422 -0.06588742  2.69272715 -0.47612114 -1.15055859 -0.5111809 ]\n [-0.92937304 -0.47660518 -0.47612114  3.85838089 -0.77182476  0.49738917]\n [-0.89803983 -3.16498772 -1.15055859 -0.77182476  5.48429406  1.05498672]\n [-1.89992792 -2.92227417 -0.5111809   0.49738917  1.05498672  5.05415283]]", "nfev": "371", "njev": "53", "status": "0", "success": "True", "message": "Optimization terminated successfully.", "x": "[4.64839986 6.67579399 5.27742727 4.19544235 4.17399671 6.28112775]", "nit": "45", "callback": [0.5312284326821979, 0.42024324477729036, 0.38323597415579125, 0.33205989642265776]}, "16": {"maxiter": 1000, "gtol": 1e-05, "xrtol": 1e-05, "eps": 1e-05, "duration": 0.098602294921875, "fun": "0.3320597300226926", "jac": "[ 4.81611417e-06 -7.88893395e-06  2.62174726e-06  2.22615260e-06\n -6.05269168e-06 -2.88055135e-06]", "hess_inv": "[[ 8.16811589  8.55867305  0.90993851  2.73753654 -2.98788589  0.34346333]\n [ 8.55867305 21.90678818  1.55631556  4.68845106 -7.34517831 -0.98226609]\n [ 0.90993851  1.55631556  3.87763925  1.02896564 -1.46380559  0.93531   ]\n [ 2.73753654  4.68845106  1.02896564  5.35029828 -1.65923266  1.42566875]\n [-2.98788589 -7.34517831 -1.46380559 -1.65923266  7.22806322  1.20021548]\n [ 0.34346333 -0.98226609  0.93531     1.42566875  1.20021548  6.4842486 ]]", "nfev": "343", "njev": "49", "status": "0", "success": "True", "message": "Optimization terminated successfully.", "x": "[4.64837512 6.6756958  5.27742453 4.19542508 4.17398692 6.28110553]", "nit": "42", "callback": [0.5313193908571441, 0.4185672755424511, 0.38318532553853646, 0.3320611613668345]}, "17": {"maxiter": 1000, "gtol": 1e-05, "xrtol": 1e-05, "eps": 1e-10, "duration": 0.09435486793518066, "fun": "0.33205972968217656", "jac": "[ 1.11022293e-06  0.00000000e+00  4.44089173e-06 -2.22044587e-06\n  4.44089173e-06  0.00000000e+00]", "hess_inv": "[[ 8.48173739  9.05026292  1.18142369  2.61472579 -3.29288737 -0.19206347]\n [ 9.05026292 22.46610806  2.70852239  4.74888866 -7.59805789 -1.1506291 ]\n [ 1.18142369  2.70852239  3.85653811  1.25249256 -1.71088708  0.82817786]\n [ 2.61472579  4.74888866  1.25249256  5.32554345 -1.55636564  1.25893711]\n [-3.29288737 -7.59805789 -1.71088708 -1.55636564  7.00960125  1.57646995]\n [-0.19206347 -1.1506291   0.82817786  1.25893711  1.57646995  6.21771189]]", "nfev": "336", "njev": "48", "status": "0", "success": "True", "message": "Optimization terminated successfully.", "x": "[4.64839077 6.67576656 5.2774351  4.19542731 4.17402316 6.28113236]", "nit": "42", "callback": [0.5312284326821979, 0.42024324477729036, 0.38323597415579125, 0.33205989642265776]}, "18": {"maxiter": 1000, "gtol": 1e-05, "xrtol": 1e-10, "eps": 1e-05, "duration": 0.10605597496032715, "fun": "0.3320597300226926", "jac": "[ 4.81611417e-06 -7.88893395e-06  2.62174726e-06  2.22615260e-06\n -6.05269168e-06 -2.88055135e-06]", "hess_inv": "[[ 8.16811589  8.55867305  0.90993851  2.73753654 -2.98788589  0.34346333]\n [ 8.55867305 21.90678818  1.55631556  4.68845106 -7.34517831 -0.98226609]\n [ 0.90993851  1.55631556  3.87763925  1.02896564 -1.46380559  0.93531   ]\n [ 2.73753654  4.68845106  1.02896564  5.35029828 -1.65923266  1.42566875]\n [-2.98788589 -7.34517831 -1.46380559 -1.65923266  7.22806322  1.20021548]\n [ 0.34346333 -0.98226609  0.93531     1.42566875  1.20021548  6.4842486 ]]", "nfev": "343", "njev": "49", "status": "0", "success": "True", "message": "Optimization terminated successfully.", "x": "[4.64837512 6.6756958  5.27742453 4.19542508 4.17398692 6.28110553]", "nit": "42", "callback": [0.5313193908571441, 0.4185672755424511, 0.38318532553853646, 0.3320611613668345]}, "19": {"maxiter": 1000, "gtol": 1e-05, "xrtol": 1e-10, "eps": 1e-10, "duration": 0.10066103935241699, "fun": "0.33205972968217656", "jac": "[ 1.11022293e-06  0.00000000e+00  4.44089173e-06 -2.22044587e-06\n  4.44089173e-06  0.00000000e+00]", "hess_inv": "[[ 8.48173739  9.05026292  1.18142369  2.61472579 -3.29288737 -0.19206347]\n [ 9.05026292 22.46610806  2.70852239  4.74888866 -7.59805789 -1.1506291 ]\n [ 1.18142369  2.70852239  3.85653811  1.25249256 -1.71088708  0.82817786]\n [ 2.61472579  4.74888866  1.25249256  5.32554345 -1.55636564  1.25893711]\n [-3.29288737 -7.59805789 -1.71088708 -1.55636564  7.00960125  1.57646995]\n [-0.19206347 -1.1506291   0.82817786  1.25893711  1.57646995  6.21771189]]", "nfev": "336", "njev": "48", "status": "0", "success": "True", "message": "Optimization terminated successfully.", "x": "[4.64839077 6.67576656 5.2774351  4.19542731 4.17402316 6.28113236]", "nit": "42", "callback": [0.5312284326821979, 0.42024324477729036, 0.38323597415579125, 0.33205989642265776]}, "20": {"maxiter": 100