{"conf_id": 14, "data_type": "random\n", "num_data_points": 1, "s_rank": 0, "unitary": "[[-0.24866696+0.58742286j,-0.44704345-0.43151574j,-0.35669027-0.20570733j,-0.10517633+0.1626036j],[0.10596805-0.19687975j,-0.30269685-0.15056416j,0.18246286+0.30440582j,-0.83484447-0.11310748j],[0.26054512-0.52548482j,0.0285017-0.50723956j,-0.43110112+0.17165838j,0.15243271+0.39915801j],[0.42978035+0.11991271j,-0.17224126-0.46030424j,0.6827807-0.15164662j,0.26483638+0.0061855j]]", "databatch_0": {"databatch": "[[[0.21386637-0.07112725j,-0.33070997-0.1432963j,-0.25053066+0.23739811j,-0.32660486-0.07448362j],[0.05243053-0.07159728j,0.15288836-0.05086042j,0.23390695+0.21963801j,0.13363523-0.17310876j],[0.07459456+0.0719394j,-0.08942977+0.13363555j,-0.35116624+0.00999798j,0.09970649+0.27486589j],[-0.07545649-0.06586456j,0.14609006+0.07773987j,0.29255932+0.16308884j,0.05560193-0.07167878j]]]", "nelder_mead": {"0": {"maxiter": 100, "fatol": 1e-05, "xatol": 1e-05, "duration": 0.04012703895568848, "fun": "0.40660524368286133", "nit": "100", "nfev": "159", "status": "2", "success": "False", "message": "Maximum number of iterations has been exceeded.", "x": "[5.79696052 4.84954166 0.14066437 7.01789104 1.68937214 4.99867889]", "final_simplex": "(array([[5.79696052, 4.84954166, 0.14066437, 7.01789104, 1.68937214,\n        4.99867889],\n       [5.81511933, 4.85572441, 0.13937361, 6.99776528, 1.65913331,\n        5.02165538],\n       [5.78671155, 4.84793593, 0.14007419, 7.01994624, 1.65649495,\n        5.01490922],\n       [5.81085052, 4.82572687, 0.14031912, 7.02791422, 1.69428511,\n        4.98778385],\n       [5.80153601, 4.84178225, 0.1384123 , 7.03367598, 1.65968596,\n        4.98163518],\n       [5.79826866, 4.82683174, 0.13918694, 7.0350165 , 1.67675034,\n        5.0117659 ],\n       [5.78761884, 4.83969111, 0.1414136 , 6.98647868, 1.69713864,\n        4.9830563 ]]), array([0.40660524, 0.40661952, 0.4066928 , 0.40673953, 0.40678403,\n       0.40680331, 0.40691292]))"}, "1": {"maxiter": 100, "fatol": 1e-05, "xatol": 1e-10, "duration": 0.039919137954711914, "fun": "0.40660524368286133", "nit": "100", "nfev": "159", "status": "2", "success": "False", "message": "Maximum number of iterations has been exceeded.", "x": "[5.79696052 4.84954166 0.14066437 7.01789104 1.68937214 4.99867889]", "final_simplex": "(array([[5.79696052, 4.84954166, 0.14066437, 7.01789104, 1.68937214,\n        4.99867889],\n       [5.81511933, 4.85572441, 0.13937361, 6.99776528, 1.65913331,\n        5.02165538],\n       [5.78671155, 4.84793593, 0.14007419, 7.01994624, 1.65649495,\n        5.01490922],\n       [5.81085052, 4.82572687, 0.14031912, 7.02791422, 1.69428511,\n        4.98778385],\n       [5.80153601, 4.84178225, 0.1384123 , 7.03367598, 1.65968596,\n        4.98163518],\n       [5.79826866, 4.82683174, 0.13918694, 7.0350165 , 1.67675034,\n        5.0117659 ],\n       [5.78761884, 4.83969111, 0.1414136 , 6.98647868, 1.69713864,\n        4.9830563 ]]), array([0.40660524, 0.40661952, 0.4066928 , 0.40673953, 0.40678403,\n       0.40680331, 0.40691292]))"}, "2": {"maxiter": 100, "fatol": 1e-10, "xatol": 1e-05, "duration": 0.039785146713256836, "fun": "0.40660524368286133", "nit": "100", "nfev": "159", "status": "2", "success": "False", "message": "Maximum number of iterations has been exceeded.", "x": "[5.79696052 4.84954166 0.14066437 7.01789104 1.68937214 4.99867889]", "final_simplex": "(array([[5.79696052, 4.84954166, 0.14066437, 7.01789104, 1.68937214,\n        4.99867889],\n       [5.81511933, 4.85572441, 0.13937361, 6.99776528, 1.65913331,\n        5.02165538],\n       [5.78671155, 4.84793593, 0.14007419, 7.01994624, 1.65649495,\n        5.01490922],\n       [5.81085052, 4.82572687, 0.14031912, 7.02791422, 1.69428511,\n        4.98778385],\n       [5.80153601, 4.84178225, 0.1384123 , 7.03367598, 1.65968596,\n        4.98163518],\n       [5.79826866, 4.82683174, 0.13918694, 7.0350165 , 1.67675034,\n        5.0117659 ],\n       [5.78761884, 4.83969111, 0.1414136 , 6.98647868, 1.69713864,\n        4.9830563 ]]), array([0.40660524, 0.40661952, 0.4066928 , 0.40673953, 0.40678403,\n       0.40680331, 0.40691292]))"}, "3": {"maxiter": 100, "fatol": 1e-10, "xatol": 1e-10, "duration": 0.04150199890136719, "fun": "0.40660524368286133", "nit": "100", "nfev": "159", "status": "2", "success": "False", "message": "Maximum number of iterations has been exceeded.", "x": "[5.79696052 4.84954166 0.14066437 7.01789104 1.68937214 4.99867889]", "final_simplex": "(array([[5.79696052, 4.84954166, 0.14066437, 7.01789104, 1.68937214,\n        4.99867889],\n       [5.81511933, 4.85572441, 0.13937361, 6.99776528, 1.65913331,\n        5.02165538],\n       [5.78671155, 4.84793593, 0.14007419, 7.01994624, 1.65649495,\n        5.01490922],\n       [5.81085052, 4.82572687, 0.14031912, 7.02791422, 1.69428511,\n        4.98778385],\n       [5.80153601, 4.84178225, 0.1384123 , 7.03367598, 1.65968596,\n        4.98163518],\n       [5.79826866, 4.82683174, 0.13918694, 7.0350165 , 1.67675034,\n        5.0117659 ],\n       [5.78761884, 4.83969111, 0.1414136 , 6.98647868, 1.69713864,\n        4.9830563 ]]), array([0.40660524, 0.40661952, 0.4066928 , 0.40673953, 0.40678403,\n       0.40680331, 0.40691292]))"}, "4": {"maxiter": 500, "fatol": 1e-05, "xatol": 1e-05, "duration": 0.1969616413116455, "fun": "0.30142107605934143", "nit": "500", "nfev": "760", "status": "2", "success": "False", "message": "Maximum number of iterations has been exceeded.", "x": "[ 3.54108119  7.32030632 -0.47943405  8.52317165 -0.94102529  6.35989942]", "final_simplex": "(array([[ 3.54108119,  7.32030632, -0.47943405,  8.52317165, -0.94102529,\n         6.35989942],\n       [ 3.53399412,  7.33033666, -0.45877339,  8.5453384 , -0.95738471,\n         6.34331922],\n       [ 3.53697736,  7.33892732, -0.47502217,  8.54905604, -0.95659933,\n         6.33647537],\n       [ 3.576404  ,  7.19163845, -0.58724249,  8.49085699, -0.88887476,\n         6.37879088],\n       [ 3.50135387,  7.35469225, -0.43938404,  8.55303381, -0.97048522,\n         6.32989669],\n       [ 3.53795307,  7.32053176, -0.4591386 ,  8.51922635, -0.93863682,\n         6.33933691],\n       [ 3.55808906,  7.26533953, -0.53899015,  8.51143443, -0.93635727,\n         6.35575312]]), array([0.30142108, 0.30143946, 0.30149835, 0.3015081 , 0.30151567,\n       0.30153388, 0.30157188]))"}, "5": {"maxiter": 500, "fatol": 1e-05, "xatol": 1e-10, "duration": 0.19639086723327637, "fun": "0.30142107605934143", "nit": "500", "nfev": "760", "status": "2", "success": "False", "message": "Maximum number of iterations has been exceeded.", "x": "[ 3.54108119  7.32030632 -0.47943405  8.52317165 -0.94102529  6.35989942]", "final_simplex": "(array([[ 3.54108119,  7.32030632, -0.47943405,  8.52317165, -0.94102529,\n         6.35989942],\n       [ 3.53399412,  7.33033666, -0.45877339,  8.5453384 , -0.95738471,\n         6.34331922],\n       [ 3.53697736,  7.33892732, -0.47502217,  8.54905604, -0.95659933,\n         6.33647537],\n       [ 3.576404  ,  7.19163845, -0.58724249,  8.49085699, -0.88887476,\n         6.37879088],\n       [ 3.50135387,  7.35469225, -0.43938404,  8.55303381, -0.97048522,\n         6.32989669],\n       [ 3.53795307,  7.32053176, -0.4591386 ,  8.51922635, -0.93863682,\n         6.33933691],\n       [ 3.55808906,  7.26533953, -0.53899015,  8.51143443, -0.93635727,\n         6.35575312]]), array([0.30142108, 0.30143946, 0.30149835, 0.3015081 , 0.30151567,\n       0.30153388, 0.30157188]))"}, "6": {"maxiter": 500, "fatol": 1e-10, "xatol": 1e-05, "duration": 0.1971290111541748, "fun": "0.30142107605934143", "nit": "500", "nfev": "760", "status": "2", "success": "False", "message": "Maximum number of iterations has been exceeded.", "x": "[ 3.54108119  7.32030632 -0.47943405  8.52317165 -0.94102529  6.35989942]", "final_simplex": "(array([[ 3.54108119,  7.32030632, -0.47943405,  8.52317165, -0.94102529,\n         6.35989942],\n       [ 3.53399412,  7.33033666, -0.45877339,  8.5453384 , -0.95738471,\n         6.34331922],\n       [ 3.53697736,  7.33892732, -0.47502217,  8.54905604, -0.95659933,\n         6.33647537],\n       [ 3.576404  ,  7.19163845, -0.58724249,  8.49085699, -0.88887476,\n         6.37879088],\n       [ 3.50135387,  7.35469225, -0.43938404,  8.55303381, -0.97048522,\n         6.32989669],\n       [ 3.53795307,  7.32053176, -0.4591386 ,  8.51922635, -0.93863682,\n         6.33933691],\n       [ 3.55808906,  7.26533953, -0.53899015,  8.51143443, -0.93635727,\n         6.35575312]]), array([0.30142108, 0.30143946, 0.30149835, 0.3015081 , 0.30151567,\n       0.30153388, 0.30157188]))"}, "7": {"maxiter": 500, "fatol": 1e-10, "xatol": 1e-10, "duration": 0.19356298446655273, "fun": "0.30142107605934143", "nit": "500", "nfev": "760", "status": "2", "success": "False", "message": "Maximum number of iterations has been exceeded.", "x": "[ 3.54108119  7.32030632 -0.47943405  8.52317165 -0.94102529  6.35989942]", "final_simplex": "(array([[ 3.54108119,  7.32030632, -0.47943405,  8.52317165, -0.94102529,\n         6.35989942],\n       [ 3.53399412,  7.33033666, -0.45877339,  8.5453384 , -0.95738471,\n         6.34331922],\n       [ 3.53697736,  7.33892732, -0.47502217,  8.54905604, -0.95659933,\n         6.33647537],\n       [ 3.576404  ,  7.19163845, -0.58724249,  8.49085699, -0.88887476,\n         6.37879088],\n       [ 3.50135387,  7.35469225, -0.43938404,  8.55303381, -0.97048522,\n         6.32989669],\n       [ 3.53795307,  7.32053176, -0.4591386 ,  8.51922635, -0.93863682,\n         6.33933691],\n       [ 3.55808906,  7.26533953, -0.53899015,  8.51143443, -0.93635727,\n         6.35575312]]), array([0.30142108, 0.30143946, 0.30149835, 0.3015081 , 0.30151567,\n       0.30153388, 0.30157188]))"}, "8": {"maxiter": 1000, "fatol": 1e-05, "xatol": 1e-05, "duration": 0.26670122146606445, "fun": "0.30120137333869934", "nit": "640", "nfev": "1030", "status": "0", "success": "True", "message": "Optimization terminated successfully.", "x": "[ 3.50000689  7.52376154 -0.26513431  8.58261281 -0.96994103  6.35650305]", "final_simplex": "(array([[ 3.50000689,  7.52376154, -0.26513431,  8.58261281, -0.96994103,\n         6.35650305],\n       [ 3.50000754,  7.52376282, -0.26513348,  8.58261354, -0.96994013,\n         6.35650332],\n       [ 3.50000734,  7.52376379, -0.26513109,  8.58261298, -0.96994178,\n         6.35650235],\n       [ 3.5000076 ,  7.5237619 , -0.2651341 ,  8.58261234, -0.96994053,\n         6.35650336],\n       [ 3.50000736,  7.52376627, -0.26512931,  8.58261389, -0.96994124,\n         6.35650356],\n       [ 3.50000824,  7.52376266, -0.26513206,  8.58261263, -0.96993965,\n         6.35650386],\n       [ 3.5000071 ,  7.52376699, -0.26512865,  8.58261357, -0.96994102,\n         6.35650329]]), array([0.30120137, 0.30120137, 0.30120137, 0.30120137, 0.30120137,\n       0.30120137, 0.30120137]))"}, "9": {"maxiter": 1000, "fatol": 1e-05, "xatol": 1e-10, "duration": 0.30940890312194824, "fun": "0.30120137333869934", "nit": "656", "nfev": "1158", "status": "0", "success": "True", "message": "Optimization terminated successfully.", "x": "[ 3.50000689  7.52376154 -0.26513431  8.58261281 -0.96994103  6.35650305]", "final_simplex": "(array([[ 3.50000689,  7.52376154, -0.26513431,  8.58261281, -0.96994103,\n         6.35650305],\n       [ 3.50000689,  7.52376154, -0.26513431,  8.58261281, -0.96994103,\n         6.35650305],\n       [ 3.50000689,  7.52376155, -0.26513431,  8.58261281, -0.96994103,\n         6.35650305],\n       [ 3.50000689,  7.52376154, -0.26513431,  8.58261281, -0.96994103,\n         6.35650305],\n       [ 3.50000689,  7.52376155, -0.26513431,  8.58261281, -0.96994103,\n         6.35650305],\n       [ 3.50000689,  7.52376154, -0.26513431,  8.58261281, -0.96994103,\n         6.35650305],\n       [ 3.50000689,  7.52376155, -0.26513431,  8.58261281, -0.96994103,\n         6.35650305]]), array([0.30120137, 0.30120137, 0.30120137, 0.30120137, 0.30120137,\n       0.30120137, 0.30120137]))"}, "10": {"maxiter": 1000, "fatol": 1e-10, "xatol": 1e-05, "duration": 0.27251505851745605, "fun": "0.30120137333869934", "nit": "640", "nfev": "1030", "status": "0", "success": "True", "message": "Optimization terminated successfully.", "x": "[ 3.50000689  7.52376154 -0.26513431  8.58261281 -0.96994103  6.35650305]", "final_simplex": "(array([[ 3.50000689,  7.52376154, -0.26513431,  8.58261281, -0.96994103,\n         6.35650305],\n       [ 3.50000754,  7.52376282, -0.26513348,  8.58261354, -0.96994013,\n         6.35650332],\n       [ 3.50000734,  7.52376379, -0.26513109,  8.58261298, -0.96994178,\n         6.35650235],\n       [ 3.5000076 ,  7.5237619 , -0.2651341 ,  8.58261234, -0.96994053,\n         6.35650336],\n       [ 3.50000736,  7.52376627, -0.26512931,  8.58261389, -0.96994124,\n         6.35650356],\n       [ 3.50000824,  7.52376266, -0.26513206,  8.58261263, -0.96993965,\n         6.35650386],\n       [ 3.5000071 ,  7.52376699, -0.26512865,  8.58261357, -0.96994102,\n         6.35650329]]), array([0.30120137, 0.30120137, 0.30120137, 0.30120137, 0.30120137,\n       0.30120137, 0.30120137]))"}, "11": {"maxiter": 1000, "fatol": 1e-10, "xatol": 1e-10, "duration": 0.29123401641845703, "fun": "0.30120137333869934", "nit": "656", "nfev": "1158", "status": "0", "success": "True", "message": "Optimization terminated successfully.", "x": "[ 3.50000689  7.52376154 -0.26513431  8.58261281 -0.96994103  6.35650305]", "final_simplex": "(array([[ 3.50000689,  7.52376154, -0.26513431,  8.58261281, -0.96994103,\n         6.35650305],\n       [ 3.50000689,  7.52376154, -0.26513431,  8.58261281, -0.96994103,\n         6.35650305],\n       [ 3.50000689,  7.52376155, -0.26513431,  8.58261281, -0.96994103,\n         6.35650305],\n       [ 3.50000689,  7.52376154, -0.26513431,  8.58261281, -0.96994103,\n         6.35650305],\n       [ 3.50000689,  7.52376155, -0.26513431,  8.58261281, -0.96994103,\n         6.35650305],\n       [ 3.50000689,  7.52376154, -0.26513431,  8.58261281, -0.96994103,\n         6.35650305],\n       [ 3.50000689,  7.52376155, -0.26513431,  8.58261281, -0.96994103,\n         6.35650305]]), array([0.30120137, 0.30120137, 0.30120137, 0.30120137, 0.30120137,\n       0.30120137, 0.30120137]))"}}, "bfgs": {"0": {"maxiter": 100, "gtol": 1e-05, "xrtol": 1e-05, "eps": 1e-05, "duration": 0.19470787048339844, "fun": "0.3014829456806183", "jac": "[-0.00298023 -0.00596046  0.          0.         -0.00596046  0.        ]", "hess_inv": "[[ 25.99247334 -39.01041055 -43.59451744 -18.26193175  18.83986328\n    4.81679845]\n [-39.01041055  64.45892079  70.71710741  28.85640957 -31.26981771\n   -8.98375749]\n [-43.59451744  70.71710741  81.89240861  32.01872153 -34.00416462\n   -9.7328728 ]\n [-18.26193175  28.85640957  32.01872153  14.66219895 -13.95397237\n   -4.0966402 ]\n [ 18.83986328 -31.26981771 -34.00416462 -13.95397237  16.62180771\n    4.37430671]\n [  4.81679845  -8.98375749  -9.7328728   -4.0966402    4.37430671\n    2.62661602]]", "nfev": "712", "njev": "100", "status": "2", "success": "False", "message": "Desired error not necessarily achieved due to precision loss.", "x": "[ 3.52598023  7.26274458 -0.51534537  8.53218268 -0.93301418  6.37146242]", "nit": "36"}, "1": {"maxiter": 100, "gtol": 1e-05, "xrtol": 1e-05, "eps": 1e-10, "duration": 0.0019431114196777344, "fun": "0.9527859687805176", "jac": "[0. 0. 0. 0. 0. 0.]", "hess_inv": "[[1 0 0 0 0 0]\n [0 1 0 0 0 0]\n [0 0 1 0 0 0]\n [0 0 0 1 0 0]\n [0 0 0 0 1 0]\n [0 0 0 0 0 1]]", "nfev": "7", "njev": "1", "status": "0", "success": "True", "message": "Optimization terminated successfully.", "x": "[4.08065339 4.04078451 0.21561214 5.60898886 2.63460757 4.65892849]", "nit": "0"}, "2": {"maxiter": 100, "gtol": 1e-05, "xrtol": 1e-10, "eps": 1e-05, "duration": 0.18445682525634766, "fun": "0.3014829456806183", "jac": "[-0.00298023 -0.00596046  0.          0.         -0.00596046  0.        ]", "hess_inv": "[[ 25.99247334 -39.01041055 -43.59451744 -18.26193175  18.83986328\n    4.81679845]\n [-39.01041055  64.45892079  70.71710741  28.85640957 -31.26981771\n   -8.98375749]\n [-43.59451744  70.71710741  81.89240861  32.01872153 -34.00416462\n   -9.7328728 ]\n [-18.26193175  28.85640957  32.01872153  14.66219895 -13.95397237\n   -4.0966402 ]\n [ 18.83986328 -31.26981771 -34.00416462 -13.95397237  16.62180771\n    4.37430671]\n [  4.81679845  -8.98375749  -9.7328728   -4.0966402    4.37430671\n    2.62661602]]", "nfev": "712", "njev": "100", "status": "2", "success": "False", "message": "Desired error not necessarily achieved due to precision loss.", "x": "[ 3.52598023  7.26274458 -0.51534537  8.53218268 -0.93301418  6.37146242]", "nit": "36"}, "3": {"maxiter": 100, "gtol": 1e-05, "xrtol": 1e-10, "eps": 1e-10, "duration": 0.0017819404602050781, "fun": "0.9527859687805176", "jac": "[0. 0. 0. 0. 0. 0.]", "hess_inv": "[[1 0 0 0 0 0]\n [0 1 0 0 0 0]\n [0 0 1 0 0 0]\n [0 0 0 1 0 0]\n [0 0 0 0 1 0]\n [0 0 0 0 0 1]]", "nfev": "7", "njev": "1", "status": "0", "success": "True", "message": "Optimization terminated successfully.", "x": "[4.08065339 4.04078451 0.21561214 5.60898886 2.63460757 4.65892849]", "nit": "0"}, "4": {"maxiter": 100, "gtol": 1e-10, "xrtol": 1e-05, "eps": 1e-05, "duration": 0.1913750171661377, "fun": "0.3014829456806183", "jac": "[-0.00298023 -0.00596046  0.          0.         -0.00596046  0.        ]", "hess_inv": "[[ 25.99247334 -39.01041055 -43.59451744 -18.26193175  18.83986328\n    4.81679845]\n [-39.01041055  64.45892079  70.71710741  28.85640957 -31.26981771\n   -8.98375749]\n [-43.59451744  70.71710741  81.89240861  32.01872153 -34.00416462\n   -9.7328728 ]\n [-18.26193175  28.85640957  32.01872153  14.66219895 -13.95397237\n   -4.0966402 ]\n [ 18.83986328 -31.26981771 -34.00416462 -13.95397237  16.62180771\n    4.37430671]\n [  4.81679845  -8.98375749  -9.7328728   -4.0966402    4.37430671\n    2.62661602]]", "nfev": "712", "njev": "100", "status": "2", "success": "False", "message": "Desired error not necessarily achieved due to precision loss.", "x": "[ 3.52598023  7.26274458 -0.51534537  8.53218268 -0.93301418  6.37146242]", "nit": "36"}, "5": {"maxiter": 100, "gtol": 1e-10, "xrtol": 1e-05, "eps": 1e-10, "duration": 0.0019199848175048828, "fun": "0.9527859687805176", "jac": "[0. 0. 0. 0. 0. 0.]", "hess_inv": "[[1 0 0 0 0 0]\n [0 1 0 0 0 0]\n [0 0 1 0 0 0]\n [0 0 0 1 0 0]\n [0 0 0 0 1 0]\n [0 0 0 0 0 1]]", "nfev": "7", "njev": "1", "status": "0", "success": "True", "message": "Optimization terminated successfully.", "x": "[4.08065339 4.04078451 0.21561214 5.60898886 2.63460757 4.65892849]", "nit": "0"}, "6": {"maxiter": 100, "gtol": 1e-10, "xrtol": 1e-10, "eps": 1e-05, "duration": 0.1900472640991211, "fun": "0.3014829456806183", "jac": "[-0.00298023 -0.00596046  0.          0.         -0.00596046  0.        ]", "hess_inv": "[[ 25.99247334 -39.01041055 -43.59451744 -18.26193175  18.83986328\n    4.81679845]\n [-39.01041055  64.45892079  70.71710741  28.85640957 -31.26981771\n   -8.98375749]\n [-43.59451744  70.71710741  81.89240861  32.01872153 -34.00416462\n   -9.7328728 ]\n [-18.26193175  28.85640957  32.01872153  14.66219895 -13.95397237\n   -4.0966402 ]\n [ 18.83986328 -31.26981771 -34.00416462 -13.95397237  16.62180771\n    4.37430671]\n [  4.81679845  -8.98375749  -9.7328728   -4.0966402    4.37430671\n    2.62661602]]", "nfev": "712", "njev": "100", "status": "2", "success": "False", "message": "Desired error not necessarily achieved due to precision loss.", "x": "[ 3.52598023  7.26274458 -0.51534537  8.53218268 -0.93301418  6.37146242]", "nit": "36"}, "7": {"maxiter": 100, "gtol": 1e-10, "xrtol": 1e-10, "eps": 1e-10, "duration": 0.0017690658569335938, "fun": "0.9527859687805176", "jac": "[0. 0. 0. 0. 0. 0.]", "hess_inv": "[[1 0 0 0 0 0]\n [0 1 0 0 0 0]\n [0 0 1 0 0 0]\n [0 0 0 1 0 0]\n [0 0 0 0 1 0]\n [0 0 0 0 0 1]]", "nfev": "7", "njev": "1", "status": "0", "success": "True", "message": "Optimization terminated successfully.", "x": "[4.08065339 4.04078451 0.21561214 5.60898886 2.63460757 4.65892849]", "nit": "0"}, "8": {"maxiter": 500, "gtol": 1e-05, "xrtol": 1e-05, "eps": 1e-05, "duration": 0.1884009838104248, "fun": "0.3014829456806183", "jac": "[-0.00298023 -0.00596046  0.          0.         -0.00596046  0.        ]", "hess_inv": "[[ 25.99247334 -39.01041055 -43.59451744 -18.26193175  18.83986328\n    4.81679845]\n [-39.01041055  64.45892079  70.71710741  28.85640957 -31.26981771\n   -8.98375749]\n [-43.59451744  70.71710741  81.89240861  32.01872153 -34.00416462\n   -9.7328728 ]\n [-18.26193175  28.85640957  32.01872153  14.66219895 -13.95397237\n   -4.0966402 ]\n [ 18.83986328 -31.26981771 -34.00416462 -13.95397237  16.62180771\n    4.37430671]\n [  4.81679845  -8.98375749  -9.7328728   -4.0966402    4.37430671\n    2.62661602]]", "nfev": "712", "njev": "100", "status": "2", "success": "False", "message": "Desired error not necessarily achieved due to precision loss.", "x": "[ 3.52598023  7.26274458 -0.51534537  8.53218268 -0.93301418  6.37146242]", "nit": "36"}, "9": {"maxiter": 500, "gtol": 1e-05, "xrtol": 1e-05, "eps": 1e-10, "duration": 0.001961946487426758, "fun": "0.9527859687805176", "jac": "[0. 0. 0. 0. 0. 0.]", "hess_inv": "[[1 0 0 0 0 0]\n [0 1 0 0 0 0]\n [0 0 1 0 0 0]\n [0 0 0 1 0 0]\n [0 0 0 0 1 0]\n [0 0 0 0 0 1]]", "nfev": "7", "njev": "1", "status": "0", "success": "True", "message": "Optimization terminated successfully.", "x": "[4.08065339 4.04078451 0.21561214 5.60898886 2.63460757 4.65892849]", "nit": "0"}, "10": {"maxiter": 500, "gtol": 1e-05, "xrtol": 1e-10, "eps": 1e-05, "duration": 0.19137287139892578, "fun": "0.3014829456806183", "jac": "[-0.00298023 -0.00596046  0.          0.         -0.00596046  0.        ]", "hess_inv": "[[ 25.99247334 -39.01041055 -43.59451744 -18.26193175  18.83986328\n    4.81679845]\n [-39.01041055  64.45892079  70.71710741  28.85640957 -31.26981771\n   -8.98375749]\n [-43.59451744  70.71710741  81.89240861  32.01872153 -34.00416462\n   -9.7328728 ]\n [-18.26193175  28.85640957  32.01872153  14.66219895 -13.95397237\n   -4.0966402 ]\n [ 18.83986328 -31.26981771 -34.00416462 -13.95397237  16.62180771\n    4.37430671]\n [  4.81679845  -8.98375749  -9.7328728   -4.0966402    4.37430671\n    2.62661602]]", "nfev": "712", "njev": "100", "status": "2", "success": "False", "message": "Desired error not necessarily achieved due to precision loss.", "x": "[ 3.52598023  7.26274458 -0.51534537  8.53218268 -0.93301418  6.37146242]", "nit": "36"}, "11": {"maxiter": 500, "gtol": 1e-05, "xrtol": 1e-10, "eps": 1e-10, "duration": 0.0018088817596435547, "fun": "0.9527859687805176", "jac": "[0. 0. 0. 0. 0. 0.]", "hess_inv": "[[1 0 0 0 0 0]\n [0 1 0 0 0 0]\n [0 0 1 0 0 0]\n [0 0 0 1 0 0]\n [0 0 0 0 1 0]\n [0 0 0 0 0 1]]", "nfev": "7", "njev": "1", "status": "0", "success": "True", "message": "Optimization terminated successfully.", "x": "[4.08065339 4.04078451 0.21561214 5.60898886 2.63460757 4.65892849]", "nit": "0"}, "12": {"maxiter": 500, "gtol": 1e-10, "xrtol": 1e-05, "eps": 1e-05, "duration": 0.19514894485473633, "fun": "0.3014829456806183", "jac": "[-0.00298023 -0.00596046  0.          0.         -0.00596046  0.        ]", "hess_inv": "[[ 25.99247334 -39.01041055 -43.59451744 -18.26193175  18.83986328\n    4.81679845]\n [-39.01041055  64.45892079  70.71710741  28.85640957 -31.26981771\n   -8.98375749]\n [-43.59451744  70.71710741  81.89240861  32.01872153 -34.00416462\n   -9.7328728 ]\n [-18.26193175  28.85640957  32.01872153  14.66219895 -13.95397237\n   -4.0966402 ]\n [ 18.83986328 -31.26981771 -34.00416462 -13.95397237  16.62180771\n    4.37430671]\n [  4.81679845  -8.98375749  -9.7328728   -4.0966402    4.37430671\n    2.62661602]]", "nfev": "712", "njev": "100", "status": "2", "success": "False", "message": "Desired error not necessarily achieved due to precision loss.", "x": "[ 3.52598023  7.26274458 -0.51534537  8.53218268 -0.93301418  6.37146242]", "nit": "36"}, "13": {"maxiter": 500, "gtol": 1e-10, "xrtol": 1e-05, "eps": 1e-10, "duration": 0.001859903335571289, "fun": "0.9527859687805176", "jac": "[0. 0. 0. 0. 0. 0.]", "hess_inv": "[[1 0 0 0 0 0]\n [0 1 0 0 0 0]\n [0 0 1 0 0 0]\n [0 0 0 1 0 0]\n [0 0 0 0 1 0]\n [0 0 0 0 0 1]]", "nfev": "7", "njev": "1", "status": "0", "success": "True", "message": "Optimization terminated successfully.", "x": "[4.08065339 4.04078451 0.21561214 5.60898886 2.63460757 4.65892849]", "nit": "0"}, "14": {"maxiter": 500, "gtol": 1e-10, "xrtol": 1e-10, "eps": 1e-05, "duration": 0.19449186325073242, "fun": "0.3014829456806183", "jac": "[-0.00298023 -0.00596046  0.          0.         -0.00596046  0.        ]", "hess_inv": "[[ 25.99247334 -39.01041055 -43.59451744 -18.26193175  18.83986328\n    4.81679845]\n [-39.01041055  64.45892079  70.71710741  28.85640957 -31.26981771\n   -8.98375749]\n [-43.59451744  70.71710741  81.89240861  32.01872153 -34.00416462\n   -9.7328728 ]\n [-18.26193175  28.85640957  32.01872153  14.66219895 -13.95397237\n   -4.0966402 ]\n [ 18.83986328 -31.26981771 -34.00416462 -13.95397237  16.62180771\n    4.37430671]\n [  4.81679845  -8.98375749  -9.7328728   -4.0966402    4.37430671\n    2.62661602]]", "nfev": "712", "njev": "100", "status": "2", "success": "False", "message": "Desired error not necessarily achieved due to precision loss.", "x": "[ 3.52598023  7.26274458 -0.51534537  8.53218268 -0.93301418  6.37146242]", "nit": "36"}, "15": {"maxiter": 500, "gtol": 1e-10, "xrtol": 1e-10, "eps": 1e-10, "duration": 0.0018267631530761719, "fun": "0.9527859687805176", "jac": "[0. 0. 0. 0. 0. 0.]", "hess_inv": "[[1 0 0 0 0 0]\n [0 1 0 0 0 0]\n [0 0 1 0 0 0]\n [0 0 0 1 0 0]\n [0 0 0 0 1 0]\n [0 0 0 0 0 1]]", "nfev": "7", "njev": "1", "status": "0", "success": "True", "message": "Optimization terminated successfully.", "x": "[4.08065339 4.04078451 0.21561214 5.60898886 2.63460757 4.65892849]", "nit": "0"}, "16": {"maxiter": 1000, "gtol": 1e-05, "xrtol": 1e-05, "eps": 1e-05, "duration": 0.1915607452392578, "fun": "0.3014829456806183", "jac": "[-0.00298023 -0.00596046  0.          0.         -0.00596046  0.        ]", "hess_inv": "[[ 25.99247334 -39.01041055 -43.59451744 -18.26193175  18.83986328\n    4.81679845]\n [-39.01041055  64.45892079  70.71710741  28.85640957 -31.26981771\n   -8.98375749]\n [-43.59451744  70.71710741  81.89240861  32.01872153 -34.00416462\n   -9.7328728 ]\n [-18.26193175  28.85640957  32.01872153  14.66219895 -13.95397237\n   -4.0966402 ]\n [ 18.83986328 -31.26981771 -34.00416462 -13.95397237  16.62180771\n    4.37430671]\n [  4.81679845  -8.98375749  -9.7328728   -4.0966402    4.37430671\n    2.62661602]]", "nfev": "712", "njev": "100", "status": "2", "success": "False", "message": "Desired error not necessarily achieved due to precision loss.", "x": "[ 3.52598023  7.26274458 -0.51534537  8.53218268 -0.93301418  6.37146242]", "nit": "36"}, "17": {"maxiter": 1000, "gtol": 1e-05, "xrtol": 1e-05, "eps": 1e-10, "duration": 0.0018820762634277344, "fun": "0.9527859687805176", "jac": "[0. 0. 0. 0. 0. 0.]", "hess_inv": "[[1 0 0 0 0 0]\n [0 1 0 0 0 0]\n [0 0 1 0 0 0]\n [0 0 0 1 0 0]\n [0 0 0 0 1 0]\n [0 0 0 0 0 1]]", "nfev": "7", "njev": "1", "status": "0", "success": "True", "message": "Optimization terminated successfully.", "x": "[4.08065339 4.04078451 0.21561214 5.60898886 2.63460757 4.65892849]", "nit": "0"}, "18": {"maxiter": 1000, "gtol": 1e-05, "xrtol": 1e-10, "eps": 1e-05, "duration": 0.19347691535949707, "fun": "0.3014829456806183", "jac": "[-0.00298023 -0.00596046  0.          0.         -0.00596046  0.        ]", "hess_inv": "[[ 25.99247334 -39.01041055 -43.59451744 -18.26193175  18.83986328\n    4.81679845]\n [-39.01041055  64.45892079  70.71710741  28.85640957 -31.26981771\n   -8.98375749]\n [-43.59451744  70.71710741  81.89240861  32.01872153 -34.00416462\n   -9.7328728 ]\n [-18.26193175  28.85640957  32.01872153  14.66219895 -13.95397237\n   -4.0966402 ]\n [ 18.83986328 -31.26981771 -34.00416462 -13.95397237  16.62180771\n    4.37430671]\n [  4.81679845  -8.98375749  -9.7328728   -4.0966402    4.37430671\n    2.62661602]]", "nfev": "712", "njev": "100", "status": "2", "success": "False", "message": "Desired error not necessarily achieved due to precision loss.", "x": "[ 3.52598023  7.26274458 -0.51534537  8.53218268 -0.93301418  6.37146242]", "nit": "36"}, "19": {"maxiter": 1000, "gtol": 1e-05, "xrtol": 1e-10, "eps": 1e-10, "duration": 0.0018222332000732422, "fun": "0.9527859687805176", "jac": "[0. 0. 0. 0. 0. 0.]", "hess_inv": "[[1 0 0 0 0 0]\n [0 1 0 0 0 0]\n [0 0 1 0 0 0]\n [0 0 0 1 0 0]\n [0 0 0 0 1 0]\n [0 0 0 0 0 1]]", "nfev": "7", "njev": "1", "status": "0", "success": "True", "message": "Optimization terminated successfully.", "x": "[4.08065339 4.04078451 0.21561214 5.60898886 2.63460757 4.65892849]", "nit": "0"}, "20": {"maxiter": 1000, "gtol": 1e-10, "xrtol": 1e-05, "eps": 1e-05, "duration": 0.19213294982910156, "fun": "0.3014829456806183", "jac": "[-0.00298023 -0.00596046  0.          0.         -0.00596046  0.        ]", "hess_inv": "[[ 25.99247334 -39.01041055 -43.59451744 -18.26193175  18.83986328\n    4.81679845]\n [-39.01041055  64.45892079  70.71710741  28.85640957 -31.26981771\n   -8.98375749]\n [-43.59451744  70.71710741  81.89240861  32.01872153 -34.00416462\n   -9.7328728 ]\n [-18.26193175  28.85640957  32.01872153  14.66219895 -13.95397237\n   -4.0966402 ]\n [ 18.83986328 -31.26981771 -34.00416462 -13.95397237  16.62180771\n    4.37430671]\n [  4.81679845  -8.98375749  -9.7328728   -4.0966402    4.37430671\n    2.62661602]]", "nfev": "712", "njev": "100", "status": "2", "success": "False", "message": "Desired error not necessarily achieved due to precision loss.", "x": "[ 3.52598023  7.26274458 -0.51534537  8.53218268 -0.93301418  6.37146242]", "nit": "36"}, "21": {"maxiter": 1000, "gtol": 1e-10, "xrtol": 1e-05, "eps": 1e-10, "duration": 0.0018639564514160156, "fun": "0.9527859687805176", "jac": "[0. 0. 0. 0. 0. 0.]", "hess_inv": "[[1 0 0 0 0 0]\n [0 1 0 0 0 0]\n [0 0 1 0 0 0]\n [0 0 0 1 0 0]\n [0 0 0 0 1 0]\n [0 0 0 0 0 1]]", "nfev": "7", "njev": "1", "status": "0", "success": "True", "message": "Optimization terminated successfully.", "x": "[4.08065339 4.04078451 0.21561214 5.60898886 2.63460757 4.65892849]", "nit": "0"}, "22": {"maxiter": 1000, "gtol": 1e-10, "xrtol": 1e-10, "eps": 1e-05, "duration": 0.1979830265045166, "fun": "0.3014829456806183", "jac": "[-0.00298023 -0.00596046  0.          0.         -0.00596046  0.        ]", "hess_inv": "[[ 25.99247334 -39.01041055 -43.59451744 -18.26193175  18.83986328\n    4.81679845]\n [-39.01041055  64.45892079  70.71710741  28.85640957 -31.26981771\n   -8.98375749]\n [-43.59451744  70.71710741  81.89240861  32.01872153 -34.00416462\n   -9.7328728 ]\n [-18.26193175  28.85640957  32.01872153  14.66219895 -13.95397237\n   -4.0966402 ]\n [ 18.83986328 -31.26981771 -34.00416462 -13.95397237  16.62180771\n    4.37430671]\n [  4.81679845  -8.98375749  -9.7328728   -4.0966402    4.37430671\n    2.62661602]]", "nfev": "712", "njev": "100", "status": "2", "success": "False", "message": "Desired error not necessarily achieved due to precision loss.", "x": "[ 3.52598023  7.26274458 -0.51534537  8.53218268 -0.93301418  6.37146242]", "nit": "36"}, "23": {"maxiter": 1000, "gtol": 1e-10, "xrtol": 1e-10, "eps": 1e-10, "duration": 0.0018668174743652344, "fun": "0.9527859687805176", "jac": "[0. 0. 0. 0. 0. 0.]", "hess_inv": "[[1 0 0 0 0 0]\n [0 1 0 0 0 0]\n [0 0 1 0 0 0]\n [0 0 0 1 0 0]\n [0 0 0 0 1 0]\n [0 0 0 0 0 1]]", "nfev": "7", "njev": "1", "status": "0", "success": "True", "message": "Optimization terminated successfully.", "x": "[4.08065339 4.04078451 0.21561214 5.60898886 2.63460757 4.65892849]", "nit": "0"}}, "cobyla": {"0": {"maxiter": 100, "tol": 1e-05, "catol": 1e-05, "duration": 0.024313926696777344, "x": "[ 5.6325981   5.71815111 -0.66180807  6.93033289  0.98761543  5.53314535]", "status": "2", "success": "False", "message": "Maximum number of function evaluations has been exceeded.", "nfev": "100", "fun": "0.3880974054336548", "maxcv": "0.0"}, "1": {"maxiter": 100, "tol": 1e-05, "catol": 1e-10, "duration": 0.02522420883178711, "x": "[ 5.6325981   5.71815111 -0.66180807  6.93033289  0.98761543  5.53314535]", "status": "2", "success": "False", "message": "Maximum number of function evaluations has been exceeded.", "nfev": "100", "fun": "0.3880974054336548", "maxcv": "0.0"}, "2": {"maxiter": 100, "tol": 1e-10, "catol": 1e-05, "duration": 0.027265071868896484, "x": "[ 5.6325981   5.71815111 -0.66180807  6.93033289  0.98761543  5.53314535]", "status": "2", "success": "False", "message": "Maximum number of function evaluations has been exceeded.", "nfev": "100", "fun": "0.3880974054336548", "maxcv": "0.0"}, "3": {"maxiter": 100, "tol": 1e-10, "catol": 1e-10, "duration": 0.028200387954711914, "x": "[ 5.6325981   5.71815111 -0.66180807  6.93033289  0.98761543  5.53314535]", "status": "2", "success": "False", "message": "Maximum number of function evaluations has been exceeded.", "nfev": "100", "fun": "0.3880974054336548", "maxcv": "0.0"}, "4": {"maxiter": 500, "tol": 1e-05, "catol": 1e-05, "duration": 0.12732219696044922, "x": "[ 3.6211132   7.08861445 -0.69379019  8.46343523 -0.83544844  6.41321546]", "status": "2", "success": "False", "message": "Maximum number of function evaluations has been exceeded.", "nfev": "500", "fun": "0.30168870091438293", "maxcv": "0.0"}, "5": {"maxiter": 500, "tol": 1e-05, "catol": 1e-10, "duration": 0.1253678798675537, "x": "[ 3.6211132   7.08861445 -0.69379019  8.46343523 -0.83544844  6.41321546]", "status": "2", "success": "False", "message": "Maximum number of function evaluations has been exceeded.", "nfev": "500", "fun": "0.30168870091438293", "maxcv": "0.0"}, "6": {"maxiter": 500, "tol": 1e-10, "catol": 1e-05, "duration": 0.12658095359802246, "x": "[ 3.6211132   7.08861445 -0.69379019  8.46343523 -0.83544844  6.41321546]", "status": "2", "success": "False", "message": "Maximum number of function evaluations has been exceeded.", "nfev": "500", "fun": "0.30168870091438293", "maxcv": "0.0"}, "7": {"maxiter": 500, "tol": 1e-10, "catol": 1e-10, "duration": 0.12477588653564453, "x": "[ 3.6211132   7.08861445 -0.69379019  8.46343523 -0.83544844  6.41321546]", "status": "2", "success": "False", "message": "Maximum number of function evaluations has been exceeded.", "nfev": "500", "fun": "0.30168870091438293", "maxcv": "0.0"}, "8": {"maxiter": 1000, "tol": 1e-05, "catol": 1e-05, "duration": 0.25571393966674805, "x": "[ 3.54155963  7.31796638 -0.46916312  8.53492049 -0.91192234  6.38358961]", "status": "2", "success": "False", "message": "Maximum number of function evaluations has been exceeded.", "nfev": "1000", "fun": "0.30128225684165955", "maxcv": "0.0"}, "9": {"maxiter": 1000, "tol": 1e-05, "catol": 1e-10, "duration": 0.254504919052124, "x": "[ 3.54155963  7.31796638 -0.46916312  8.53492049 -0.91192234  6.38358961]", "status": "2", "success": "False", "message": "Maximum number of function evaluations has been exceeded.", "nfev": "1000", "fun": "0.30128225684165955", "maxcv": "0.0"}, "10": {"maxiter": 1000, "tol": 1e-10, "catol": 1e-05, "duration": 0.25217294692993164, "x": "[ 3.54155963  7.31796638 -0.46916312  8.53492049 -0.91192234  6.38358961]", "status": "2", "success": "False", "message": "Maximum number of function evaluations has been exceeded.", "nfev": "1000", "fun": "0.30128225684165955", "maxcv": "0.0"}, "11": {"maxiter": 1000, "tol": 1e-10, "catol": 1e-10, "duration": 0.26078104972839355, "x": "[ 3.54155963  7.31796638 -0.46916312  8.53492049 -0.91192234  6.38358961]", "status": "2", "success": "False", "message": "Maximum number of function evaluations has been exceeded.", "nfev": "1000", "fun": "0.30128225684165955", "maxcv": "0.0"}}, "powell": {"0": {"maxiter": 100, "ftol": 1e-05, "xtol": 1e-05, "duration": 0.6011030673980713, "fun": "0.3012014627456665", "direc": "[[-0.00865272  0.0855048   0.07808633  0.03106318 -0.0252986  -0.01774754]\n [-0.3553707   0.08493248 -0.07867183  0.38341624 -0.21762266 -0.04460154]\n [ 0.          0.          1.          0.          0.          0.        ]\n [-0.07164518  0.18763521  0.20544231  0.03106021 -0.05042035 -0.0080531 ]\n [ 0.          0.          0.          0.          1.          0.        ]\n [-0.00204574  0.01256331  0.01208607 -0.00106711 -0.00513225 -0.00489291]]", "nit": "23", "nfev": "2098", "status": "0", "success": "True", "message": "Optimization terminated successfully.", "x": "[ 3.50046448  7.52540413 -0.26358701  8.58264882 -0.96929184  6.35718905]"}, "1": {"maxiter": 100, "ftol": 1e-05, "xtol": 1e-10, "duration": 1.3186609745025635, "fun": "0.30120140314102173", "direc": "[[-0.00966213  0.09867705  0.09647108  0.03258438 -0.02377386 -0.01278198]\n [ 0.13316217  0.21959521  0.20331755 -0.10839795  0.08169716  0.04826027]\n [ 0.          0.          1.          0.          0.          0.        ]\n [-0.05565304  0.1505186   0.15974908  0.03133641 -0.04835499 -0.01827191]\n [ 0.          0.          0.          0.          1.          0.        ]\n [-0.00337149  0.02896114  0.02755019  0.00542209 -0.00932331 -0.00652563]]", "nit": "23", "nfev": "4988", "status": "0", "success": "True", "message": "Optimization terminated successfully.", "x": "[ 3.5000295   7.52690324 -0.26195138  8.58335074 -0.97015651  6.35663178]"}, "2": {"maxiter": 100, "ftol": 1e-10, "xtol": 1e-05, "duration": 0.5838210582733154, "fun": "0.3012014627456665", "direc": "[[-0.00865272  0.0855048   0.07808633  0.03106318 -0.0252986  -0.01774754]\n [-0.3553707   0.08493248 -0.07867183  0.38341624 -0.21762266 -0.04460154]\n [ 0.          0.          1.          0.          0.          0.        ]\n [-0.07164518  0.18763521  0.20544231  0.03106021 -0.05042035 -0.0080531 ]\n [ 0.          0.          0.          0.          1.          0.        ]\n [-0.00204574  0.01256331  0.01208607 -0.00106711 -0.00513225 -0.00489291]]", "nit": "24", "nfev": "2300", "status": "0", "success": "True", "message": "Optimization terminated successfully.", "x": "[ 3.50048254  7.52535682 -0.26320039  8.58264099 -0.96936124  6.35719108]"}, "3": {"maxiter": 100, "ftol": 1e-10, "xtol": 1e-10, "duration": 1.395853042602539, "fun": "0.30120137333869934", "direc": "[[-9.66213089e-03  9.86770513e-02  9.64710751e-02  3.25843794e-02\n  -2.37738648e-02 -1.27819779e-02]\n [-3.37148512e-03  2.89611398e-02  2.75501933e-02  5.42208845e-03\n  -9.32331001e-03 -6.52563393e-03]\n [ 0.00000000e+00  0.00000000e+00  1.00000000e+00  0.00000000e+00\n   0.00000000e+00  0.00000000e+00]\n [-5.56530406e-02  1.50518600e-01  1.59749077e-01  3.13364097e-02\n  -4.83549920e-02 -1.82719138e-02]\n [ 0.00000000e+00  0.00000000e+00  0.00000000e+00  0.00000000e+00\n   1.00000000e+00  0.00000000e+00]\n [ 5.56872430e-05 -9.56113332e-04 -9.37935686e-04 -2.30012592e-04\n   1.82660884e-04  9.16051878e-05]]", "nit": "25", "nfev": "5549", "status": "0", "success": "True", "message": "Optimization terminated successfully.", "x": "[ 3.50027042  7.52333732 -0.26545809  8.58249634 -0.9692882   6.35697616]"}, "4": {"maxiter": 500, "ftol": 1e-05, "xtol": 1e-05, "duration": 0.5424273014068604, "fun": "0.3012014627456665", "direc": "[[-0.00865272  0.0855048   0.07808633  0.03106318 -0.0252986  -0.01774754]\n [-0.3553707   0.08493248 -0.07867183  0.38341624 -0.21762266 -0.04460154]\n [ 0.          0.          1.          0.          0.          0.        ]\n [-0.07164518  0.18763521  0.20544231  0.03106021 -0.05042035 -0.0080531 ]\n [ 0.          0.          0.          0.          1.          0.        ]\n [-0.00204574  0.01256331  0.01208607 -0.00106711 -0.00513225 -0.00489291]]", "nit": "23", "nfev": "2098", "status": "0", "success": "True", "message": "Optimization terminated successfully.", "x": "[ 3.50046448  7.52540413 -0.26358701  8.58264882 -0.96929184  6.35718905]"}, "5": {"maxiter": 500, "ftol": 1e-05, "xtol": 1e-10, "duration": 1.2500011920928955, "fun": "0.30120140314102173", "direc": "[[-0.00966213  0.09867705  0.09647108  0.03258438 -0.02377386 -0.01278198]\n [ 0.13316217  0.21959521  0.20331755 -0.10839795  0.08169716  0.