{"date": "2024/10/08/, 14:40:29", "conf_id": 5, "data_type": "random\n", "num_data_points": 1, "s_rank": 0, "unitary": "[[-0.45070455-0.02711853j,0.78437395-0.06613086j,0.06358678+0.19963393j,-0.07343613+0.35668523j],[-0.01890143-0.03813363j,0.32408202+0.25557629j,0.05872864-0.68979805j,0.55466693-0.20227297j],[-0.11215405+0.64023111j,-0.13344055+0.29565494j,-0.49012687-0.19046288j,-0.04241254+0.44046348j],[0.55771659+0.24656916j,0.31851997-0.05798805j,0.28761525-0.34294258j,-0.56718418+0.03616933j]]", "databatch_0": {"databatch": "[[[-0.0432541-0.28844675j,0.4705842-0.07034148j,0.00252631+0.01368257j,-0.12723209+0.39829035j],[-0.02121673-0.22621814j,0.29424341+0.11710418j,0.02619764+0.02937616j,-0.13752709+0.32457863j],[-0.09412163+0.10463779j,0.09609346+0.00817881j,0.04253871-0.04780907j,0.22119709-0.03226716j],[0.07284152-0.12307488j,0.23950445+0.17586569j,0.00831376+0.00091005j,-0.16877261+0.12373264j]]]", "initial param values": "[3.12870222,0.36716936,1.43290143,5.2658214,1.31364781,3.43215579]", "nelder_mead": {"type": "gradient-free", "0": {"maxiter": 100, "fatol": 1e-05, "xatol": 1e-05, "duration": 0.037039995193481445, "fun": "0.19345934339419513", "nit": "100", "nfev": "159", "status": "2", "success": "False", "message": "Maximum number of iterations has been exceeded.", "x": "[ 3.33662223  0.47310375  2.2389062   4.65030608 -0.71892585  2.0604725 ]", "final_simplex": "(array([[ 3.33662223,  0.47310375,  2.2389062 ,  4.65030608, -0.71892585,\n         2.0604725 ],\n       [ 3.33103116,  0.47014005,  2.23571745,  4.73129179, -0.6915098 ,\n         2.12575685],\n       [ 3.24614575,  0.47933914,  2.2895212 ,  4.68212883, -0.7784344 ,\n         2.03431667],\n       [ 3.34853519,  0.46807441,  2.25331581,  4.75607361, -0.7882663 ,\n         2.02193319],\n       [ 3.34481836,  0.45943497,  2.22299637,  4.77239754, -0.6686433 ,\n         2.1264206 ],\n       [ 3.39989487,  0.46293653,  2.29469066,  4.73589089, -0.88478332,\n         2.13853537],\n       [ 3.22350268,  0.46926691,  2.31054098,  4.57753995, -0.7016151 ,\n         2.11723408]]), array([0.19345934, 0.19349428, 0.19357299, 0.19398216, 0.19494317,\n       0.19611564, 0.19663666]))", "callback": [0.48162989483626706, 0.4033462321651703, 0.38418541453949817, 0.38174134105987956, 0.37103455573059707, 0.32241570904879424, 0.2561288446926895, 0.21779917420911743, 0.2076495347695393, 0.19349428198787377]}, "1": {"maxiter": 100, "fatol": 1e-05, "xatol": 1e-10, "duration": 0.039069175720214844, "fun": "0.19345934339419513", "nit": "100", "nfev": "159", "status": "2", "success": "False", "message": "Maximum number of iterations has been exceeded.", "x": "[ 3.33662223  0.47310375  2.2389062   4.65030608 -0.71892585  2.0604725 ]", "final_simplex": "(array([[ 3.33662223,  0.47310375,  2.2389062 ,  4.65030608, -0.71892585,\n         2.0604725 ],\n       [ 3.33103116,  0.47014005,  2.23571745,  4.73129179, -0.6915098 ,\n         2.12575685],\n       [ 3.24614575,  0.47933914,  2.2895212 ,  4.68212883, -0.7784344 ,\n         2.03431667],\n       [ 3.34853519,  0.46807441,  2.25331581,  4.75607361, -0.7882663 ,\n         2.02193319],\n       [ 3.34481836,  0.45943497,  2.22299637,  4.77239754, -0.6686433 ,\n         2.1264206 ],\n       [ 3.39989487,  0.46293653,  2.29469066,  4.73589089, -0.88478332,\n         2.13853537],\n       [ 3.22350268,  0.46926691,  2.31054098,  4.57753995, -0.7016151 ,\n         2.11723408]]), array([0.19345934, 0.19349428, 0.19357299, 0.19398216, 0.19494317,\n       0.19611564, 0.19663666]))", "callback": [0.48162989483626706, 0.4033462321651703, 0.38418541453949817, 0.38174134105987956, 0.37103455573059707, 0.32241570904879424, 0.2561288446926895, 0.21779917420911743, 0.2076495347695393, 0.19349428198787377]}, "2": {"maxiter": 100, "fatol": 1e-10, "xatol": 1e-05, "duration": 0.039266109466552734, "fun": "0.19345934339419513", "nit": "100", "nfev": "159", "status": "2", "success": "False", "message": "Maximum number of iterations has been exceeded.", "x": "[ 3.33662223  0.47310375  2.2389062   4.65030608 -0.71892585  2.0604725 ]", "final_simplex": "(array([[ 3.33662223,  0.47310375,  2.2389062 ,  4.65030608, -0.71892585,\n         2.0604725 ],\n       [ 3.33103116,  0.47014005,  2.23571745,  4.73129179, -0.6915098 ,\n         2.12575685],\n       [ 3.24614575,  0.47933914,  2.2895212 ,  4.68212883, -0.7784344 ,\n         2.03431667],\n       [ 3.34853519,  0.46807441,  2.25331581,  4.75607361, -0.7882663 ,\n         2.02193319],\n       [ 3.34481836,  0.45943497,  2.22299637,  4.77239754, -0.6686433 ,\n         2.1264206 ],\n       [ 3.39989487,  0.46293653,  2.29469066,  4.73589089, -0.88478332,\n         2.13853537],\n       [ 3.22350268,  0.46926691,  2.31054098,  4.57753995, -0.7016151 ,\n         2.11723408]]), array([0.19345934, 0.19349428, 0.19357299, 0.19398216, 0.19494317,\n       0.19611564, 0.19663666]))", "callback": [0.48162989483626706, 0.4033462321651703, 0.38418541453949817, 0.38174134105987956, 0.37103455573059707, 0.32241570904879424, 0.2561288446926895, 0.21779917420911743, 0.2076495347695393, 0.19349428198787377]}, "3": {"maxiter": 100, "fatol": 1e-10, "xatol": 1e-10, "duration": 0.04079174995422363, "fun": "0.19345934339419513", "nit": "100", "nfev": "159", "status": "2", "success": "False", "message": "Maximum number of iterations has been exceeded.", "x": "[ 3.33662223  0.47310375  2.2389062   4.65030608 -0.71892585  2.0604725 ]", "final_simplex": "(array([[ 3.33662223,  0.47310375,  2.2389062 ,  4.65030608, -0.71892585,\n         2.0604725 ],\n       [ 3.33103116,  0.47014005,  2.23571745,  4.73129179, -0.6915098 ,\n         2.12575685],\n       [ 3.24614575,  0.47933914,  2.2895212 ,  4.68212883, -0.7784344 ,\n         2.03431667],\n       [ 3.34853519,  0.46807441,  2.25331581,  4.75607361, -0.7882663 ,\n         2.02193319],\n       [ 3.34481836,  0.45943497,  2.22299637,  4.77239754, -0.6686433 ,\n         2.1264206 ],\n       [ 3.39989487,  0.46293653,  2.29469066,  4.73589089, -0.88478332,\n         2.13853537],\n       [ 3.22350268,  0.46926691,  2.31054098,  4.57753995, -0.7016151 ,\n         2.11723408]]), array([0.19345934, 0.19349428, 0.19357299, 0.19398216, 0.19494317,\n       0.19611564, 0.19663666]))", "callback": [0.48162989483626706, 0.4033462321651703, 0.38418541453949817, 0.38174134105987956, 0.37103455573059707, 0.32241570904879424, 0.2561288446926895, 0.21779917420911743, 0.2076495347695393, 0.19349428198787377]}, "4": {"maxiter": 500, "fatol": 1e-05, "xatol": 1e-05, "duration": 0.18935871124267578, "fun": "0.15557467151541893", "nit": "500", "nfev": "764", "status": "2", "success": "False", "message": "Maximum number of iterations has been exceeded.", "x": "[ 2.59663416  1.16085088  1.67520404  4.96730231 -1.94581846  2.70354654]", "final_simplex": "(array([[ 2.59663416,  1.16085088,  1.67520404,  4.96730231, -1.94581846,\n         2.70354654],\n       [ 2.59667612,  1.16083806,  1.67530878,  4.96730153, -1.9457412 ,\n         2.70349811],\n       [ 2.59665923,  1.16081248,  1.67524124,  4.96730709, -1.94579416,\n         2.70351538],\n       [ 2.59663954,  1.1608538 ,  1.67525872,  4.96728843, -1.94578963,\n         2.70351504],\n       [ 2.59663752,  1.16087595,  1.67525672,  4.96730321, -1.94581642,\n         2.70353595],\n       [ 2.59669874,  1.1608415 ,  1.67531251,  4.96732077, -1.94572416,\n         2.70348658],\n       [ 2.59665261,  1.16079425,  1.67526419,  4.96731417, -1.94574496,\n         2.70346502]]), array([0.15557467, 0.15557467, 0.15557467, 0.15557467, 0.15557467,\n       0.15557467, 0.15557467]))", "callback": [0.48162989483626706, 0.4033462321651703, 0.38418541453949817, 0.38174134105987956, 0.37103455573059707, 0.32241570904879424, 0.2561288446926895, 0.21779917420911743, 0.2076495347695393, 0.19349428198787377, 0.1931862014936736, 0.19237976389283618, 0.19121954174973355, 0.18793921637515432, 0.1809208013576067, 0.15935752483050558, 0.15901818475462326, 0.15725601967410108, 0.15712530191865748, 0.15695703464315058, 0.15688566727197228, 0.1567877891284002, 0.15652201837282576, 0.15629069461428113, 0.15626067129960686, 0.1562511615838137, 0.1562511615838137, 0.1562484988041769, 0.15624179088833534, 0.15622381902772964, 0.15615722239209984, 0.155988710058804, 0.1558832202178725, 0.15579776766723297, 0.15572564099628228, 0.1556915925098612, 0.15565660445448737, 0.15562917960035727, 0.15558490180330709, 0.15558225475789145, 0.1555777682203936, 0.15557612146118704, 0.15557486927147435, 0.15557478087830545, 0.15557469598353613, 0.1555746779714815, 0.15557467359508959, 0.15557467296907035, 0.15557467229936295, 0.15557467162380623]}, "5": {"maxiter": 500, "fatol": 1e-05, "xatol": 1e-10, "duration": 0.18150901794433594, "fun": "0.15557467151541893", "nit": "500", "nfev": "764", "status": "2", "success": "False", "message": "Maximum number of iterations has been exceeded.", "x": "[ 2.59663416  1.16085088  1.67520404  4.96730231 -1.94581846  2.70354654]", "final_simplex": "(array([[ 2.59663416,  1.16085088,  1.67520404,  4.96730231, -1.94581846,\n         2.70354654],\n       [ 2.59667612,  1.16083806,  1.67530878,  4.96730153, -1.9457412 ,\n         2.70349811],\n       [ 2.59665923,  1.16081248,  1.67524124,  4.96730709, -1.94579416,\n         2.70351538],\n       [ 2.59663954,  1.1608538 ,  1.67525872,  4.96728843, -1.94578963,\n         2.70351504],\n       [ 2.59663752,  1.16087595,  1.67525672,  4.96730321, -1.94581642,\n         2.70353595],\n       [ 2.59669874,  1.1608415 ,  1.67531251,  4.96732077, -1.94572416,\n         2.70348658],\n       [ 2.59665261,  1.16079425,  1.67526419,  4.96731417, -1.94574496,\n         2.70346502]]), array([0.15557467, 0.15557467, 0.15557467, 0.15557467, 0.15557467,\n       0.15557467, 0.15557467]))", "callback": [0.48162989483626706, 0.4033462321651703, 0.38418541453949817, 0.38174134105987956, 0.37103455573059707, 0.32241570904879424, 0.2561288446926895, 0.21779917420911743, 0.2076495347695393, 0.19349428198787377, 0.1931862014936736, 0.19237976389283618, 0.19121954174973355, 0.18793921637515432, 0.1809208013576067, 0.15935752483050558, 0.15901818475462326, 0.15725601967410108, 0.15712530191865748, 0.15695703464315058, 0.15688566727197228, 0.1567877891284002, 0.15652201837282576, 0.15629069461428113, 0.15626067129960686, 0.1562511615838137, 0.1562511615838137, 0.1562484988041769, 0.15624179088833534, 0.15622381902772964, 0.15615722239209984, 0.155988710058804, 0.1558832202178725, 0.15579776766723297, 0.15572564099628228, 0.1556915925098612, 0.15565660445448737, 0.15562917960035727, 0.15558490180330709, 0.15558225475789145, 0.1555777682203936, 0.15557612146118704, 0.15557486927147435, 0.15557478087830545, 0.15557469598353613, 0.1555746779714815, 0.15557467359508959, 0.15557467296907035, 0.15557467229936295, 0.15557467162380623]}, "6": {"maxiter": 500, "fatol": 1e-10, "xatol": 1e-05, "duration": 0.18484091758728027, "fun": "0.15557467151541893", "nit": "500", "nfev": "764", "status": "2", "success": "False", "message": "Maximum number of iterations has been exceeded.", "x": "[ 2.59663416  1.16085088  1.67520404  4.96730231 -1.94581846  2.70354654]", "final_simplex": "(array([[ 2.59663416,  1.16085088,  1.67520404,  4.96730231, -1.94581846,\n         2.70354654],\n       [ 2.59667612,  1.16083806,  1.67530878,  4.96730153, -1.9457412 ,\n         2.70349811],\n       [ 2.59665923,  1.16081248,  1.67524124,  4.96730709, -1.94579416,\n         2.70351538],\n       [ 2.59663954,  1.1608538 ,  1.67525872,  4.96728843, -1.94578963,\n         2.70351504],\n       [ 2.59663752,  1.16087595,  1.67525672,  4.96730321, -1.94581642,\n         2.70353595],\n       [ 2.59669874,  1.1608415 ,  1.67531251,  4.96732077, -1.94572416,\n         2.70348658],\n       [ 2.59665261,  1.16079425,  1.67526419,  4.96731417, -1.94574496,\n         2.70346502]]), array([0.15557467, 0.15557467, 0.15557467, 0.15557467, 0.15557467,\n       0.15557467, 0.15557467]))", "callback": [0.48162989483626706, 0.4033462321651703, 0.38418541453949817, 0.38174134105987956, 0.37103455573059707, 0.32241570904879424, 0.2561288446926895, 0.21779917420911743, 0.2076495347695393, 0.19349428198787377, 0.1931862014936736, 0.19237976389283618, 0.19121954174973355, 0.18793921637515432, 0.1809208013576067, 0.15935752483050558, 0.15901818475462326, 0.15725601967410108, 0.15712530191865748, 0.15695703464315058, 0.15688566727197228, 0.1567877891284002, 0.15652201837282576, 0.15629069461428113, 0.15626067129960686, 0.1562511615838137, 0.1562511615838137, 0.1562484988041769, 0.15624179088833534, 0.15622381902772964, 0.15615722239209984, 0.155988710058804, 0.1558832202178725, 0.15579776766723297, 0.15572564099628228, 0.1556915925098612, 0.15565660445448737, 0.15562917960035727, 0.15558490180330709, 0.15558225475789145, 0.1555777682203936, 0.15557612146118704, 0.15557486927147435, 0.15557478087830545, 0.15557469598353613, 0.1555746779714815, 0.15557467359508959, 0.15557467296907035, 0.15557467229936295, 0.15557467162380623]}, "7": {"maxiter": 500, "fatol": 1e-10, "xatol": 1e-10, "duration": 0.17614102363586426, "fun": "0.15557467151541893", "nit": "500", "nfev": "764", "status": "2", "success": "False", "message": "Maximum number of iterations has been exceeded.", "x": "[ 2.59663416  1.16085088  1.67520404  4.96730231 -1.94581846  2.70354654]", "final_simplex": "(array([[ 2.59663416,  1.16085088,  1.67520404,  4.96730231, -1.94581846,\n         2.70354654],\n       [ 2.59667612,  1.16083806,  1.67530878,  4.96730153, -1.9457412 ,\n         2.70349811],\n       [ 2.59665923,  1.16081248,  1.67524124,  4.96730709, -1.94579416,\n         2.70351538],\n       [ 2.59663954,  1.1608538 ,  1.67525872,  4.96728843, -1.94578963,\n         2.70351504],\n       [ 2.59663752,  1.16087595,  1.67525672,  4.96730321, -1.94581642,\n         2.70353595],\n       [ 2.59669874,  1.1608415 ,  1.67531251,  4.96732077, -1.94572416,\n         2.70348658],\n       [ 2.59665261,  1.16079425,  1.67526419,  4.96731417, -1.94574496,\n         2.70346502]]), array([0.15557467, 0.15557467, 0.15557467, 0.15557467, 0.15557467,\n       0.15557467, 0.15557467]))", "callback": [0.48162989483626706, 0.4033462321651703, 0.38418541453949817, 0.38174134105987956, 0.37103455573059707, 0.32241570904879424, 0.2561288446926895, 0.21779917420911743, 0.2076495347695393, 0.19349428198787377, 0.1931862014936736, 0.19237976389283618, 0.19121954174973355, 0.18793921637515432, 0.1809208013576067, 0.15935752483050558, 0.15901818475462326, 0.15725601967410108, 0.15712530191865748, 0.15695703464315058, 0.15688566727197228, 0.1567877891284002, 0.15652201837282576, 0.15629069461428113, 0.15626067129960686, 0.1562511615838137, 0.1562511615838137, 0.1562484988041769, 0.15624179088833534, 0.15622381902772964, 0.15615722239209984, 0.155988710058804, 0.1558832202178725, 0.15579776766723297, 0.15572564099628228, 0.1556915925098612, 0.15565660445448737, 0.15562917960035727, 0.15558490180330709, 0.15558225475789145, 0.1555777682203936, 0.15557612146118704, 0.15557486927147435, 0.15557478087830545, 0.15557469598353613, 0.1555746779714815, 0.15557467359508959, 0.15557467296907035, 0.15557467229936295, 0.15557467162380623]}, "8": {"maxiter": 1000, "fatol": 1e-05, "xatol": 1e-05, "duration": 0.19205713272094727, "fun": "0.1555746713188435", "nit": "539", "nfev": "831", "status": "0", "success": "True", "message": "Optimization terminated successfully.", "x": "[ 2.59666075  1.16081799  1.67524392  4.96731579 -1.94574946  2.70352234]", "final_simplex": "(array([[ 2.59666075,  1.16081799,  1.67524392,  4.96731579, -1.94574946,\n         2.70352234],\n       [ 2.59665923,  1.16082153,  1.67523811,  4.96731579, -1.94574534,\n         2.70351971],\n       [ 2.59666716,  1.16082269,  1.67524898,  4.96731859, -1.9457418 ,\n         2.70352106],\n       [ 2.59666003,  1.16082701,  1.67524158,  4.96731314, -1.94575411,\n         2.7035236 ],\n       [ 2.59666354,  1.16080977,  1.67523825,  4.9673156 , -1.94574354,\n         2.7035161 ],\n       [ 2.59666597,  1.16082584,  1.67524896,  4.967315  , -1.94574372,\n         2.70352393],\n       [ 2.59666143,  1.16082523,  1.67523719,  4.96731751, -1.94575441,\n         2.70352564]]), array([0.15557467, 0.15557467, 0.15557467, 0.15557467, 0.15557467,\n       0.15557467, 0.15557467]))", "callback": [0.48162989483626706, 0.4033462321651703, 0.38418541453949817, 0.38174134105987956, 0.37103455573059707, 0.32241570904879424, 0.2561288446926895, 0.21779917420911743, 0.2076495347695393, 0.19349428198787377, 0.1931862014936736, 0.19237976389283618, 0.19121954174973355, 0.18793921637515432, 0.1809208013576067, 0.15935752483050558, 0.15901818475462326, 0.15725601967410108, 0.15712530191865748, 0.15695703464315058, 0.15688566727197228, 0.1567877891284002, 0.15652201837282576, 0.15629069461428113, 0.15626067129960686, 0.1562511615838137, 0.1562511615838137, 0.1562484988041769, 0.15624179088833534, 0.15622381902772964, 0.15615722239209984, 0.155988710058804, 0.1558832202178725, 0.15579776766723297, 0.15572564099628228, 0.1556915925098612, 0.15565660445448737, 0.15562917960035727, 0.15558490180330709, 0.15558225475789145, 0.1555777682203936, 0.15557612146118704, 0.15557486927147435, 0.15557478087830545, 0.15557469598353613, 0.1555746779714815, 0.15557467359508959, 0.15557467296907035, 0.15557467229936295, 0.15557467162380623, 0.15557467151541893, 0.1555746713831062, 0.1555746713485091, 0.15557467132183933]}, "9": {"maxiter": 1000, "fatol": 1e-05, "xatol": 1e-10, "duration": 0.2766537666320801, "fun": "0.1555746713159546", "nit": "658", "nfev": "1082", "status": "0", "success": "True", "message": "Optimization terminated successfully.", "x": "[ 2.5966606   1.16082067  1.67524403  4.96731539 -1.94574647  2.70351949]", "final_simplex": "(array([[ 2.5966606 ,  1.16082067,  1.67524403,  4.96731539, -1.94574647,\n         2.70351949],\n       [ 2.5966606 ,  1.16082067,  1.67524403,  4.96731539, -1.94574647,\n         2.70351949],\n       [ 2.5966606 ,  1.16082067,  1.67524403,  4.96731539, -1.94574647,\n         2.70351949],\n       [ 2.5966606 ,  1.16082067,  1.67524403,  4.96731539, -1.94574647,\n         2.70351949],\n       [ 2.5966606 ,  1.16082067,  1.67524403,  4.96731539, -1.94574647,\n         2.70351949],\n       [ 2.5966606 ,  1.16082067,  1.67524403,  4.96731539, -1.94574647,\n         2.70351949],\n       [ 2.5966606 ,  1.16082067,  1.67524403,  4.96731539, -1.94574647,\n         2.70351949]]), array([0.15557467, 0.15557467, 0.15557467, 0.15557467, 0.15557467,\n       0.15557467, 0.15557467]))", "callback": [0.48162989483626706, 0.4033462321651703, 0.38418541453949817, 0.38174134105987956, 0.37103455573059707, 0.32241570904879424, 0.2561288446926895, 0.21779917420911743, 0.2076495347695393, 0.19349428198787377, 0.1931862014936736, 0.19237976389283618, 0.19121954174973355, 0.18793921637515432, 0.1809208013576067, 0.15935752483050558, 0.15901818475462326, 0.15725601967410108, 0.15712530191865748, 0.15695703464315058, 0.15688566727197228, 0.1567877891284002, 0.15652201837282576, 0.15629069461428113, 0.15626067129960686, 0.1562511615838137, 0.1562511615838137, 0.1562484988041769, 0.15624179088833534, 0.15622381902772964, 0.15615722239209984, 0.155988710058804, 0.1558832202178725, 0.15579776766723297, 0.15572564099628228, 0.1556915925098612, 0.15565660445448737, 0.15562917960035727, 0.15558490180330709, 0.15558225475789145, 0.1555777682203936, 0.15557612146118704, 0.15557486927147435, 0.15557478087830545, 0.15557469598353613, 0.1555746779714815, 0.15557467359508959, 0.15557467296907035, 0.15557467229936295, 0.15557467162380623, 0.15557467151541893, 0.1555746713831062, 0.1555746713485091, 0.15557467132183933, 0.1555746713188435, 0.15557467131623148, 0.15557467131606295, 0.15557467131601033, 0.1555746713159737, 0.15557467131596225, 0.15557467131595648, 0.15557467131595504, 0.1555746713159547, 0.1555746713159546, 0.1555746713159546, 0.1555746713159546]}, "10": {"maxiter": 1000, "fatol": 1e-10, "xatol": 1e-05, "duration": 0.19404101371765137, "fun": "0.1555746713188435", "nit": "539", "nfev": "831", "status": "0", "success": "True", "message": "Optimization terminated successfully.", "x": "[ 2.59666075  1.16081799  1.67524392  4.96731579 -1.94574946  2.70352234]", "final_simplex": "(array([[ 2.59666075,  1.16081799,  1.67524392,  4.96731579, -1.94574946,\n         2.70352234],\n       [ 2.59665923,  1.16082153,  1.67523811,  4.96731579, -1.94574534,\n         2.70351971],\n       [ 2.59666716,  1.16082269,  1.67524898,  4.96731859, -1.9457418 ,\n         2.70352106],\n       [ 2.59666003,  1.16082701,  1.67524158,  4.96731314, -1.94575411,\n         2.7035236 ],\n       [ 2.59666354,  1.16080977,  1.67523825,  4.9673156 , -1.94574354,\n         2.7035161 ],\n       [ 2.59666597,  1.16082584,  1.67524896,  4.967315  , -1.94574372,\n         2.70352393],\n       [ 2.59666143,  1.16082523,  1.67523719,  4.96731751, -1.94575441,\n         2.70352564]]), array([0.15557467, 0.15557467, 0.15557467, 0.15557467, 0.15557467,\n       0.15557467, 0.15557467]))", "callback": [0.48162989483626706, 0.4033462321651703, 0.38418541453949817, 0.38174134105987956, 0.37103455573059707, 0.32241570904879424, 0.2561288446926895, 0.21779917420911743, 0.2076495347695393, 0.19349428198787377, 0.1931862014936736, 0.19237976389283618, 0.19121954174973355, 0.18793921637515432, 0.1809208013576067, 0.15935752483050558, 0.15901818475462326, 0.15725601967410108, 0.15712530191865748, 0.15695703464315058, 0.15688566727197228, 0.1567877891284002, 0.15652201837282576, 0.15629069461428113, 0.15626067129960686, 0.1562511615838137, 0.1562511615838137, 0.1562484988041769, 0.15624179088833534, 0.15622381902772964, 0.15615722239209984, 0.155988710058804, 0.1558832202178725, 0.15579776766723297, 0.15572564099628228, 0.1556915925098612, 0.15565660445448737, 0.15562917960035727, 0.15558490180330709, 0.15558225475789145, 0.1555777682203936, 0.15557612146118704, 0.15557486927147435, 0.15557478087830545, 0.15557469598353613, 0.1555746779714815, 0.15557467359508959, 0.15557467296907035, 0.15557467229936295, 0.15557467162380623, 0.15557467151541893, 0.1555746713831062, 0.1555746713485091, 0.15557467132183933]}, "11": {"maxiter": 1000, "fatol": 1e-10, "xatol": 1e-10, "duration": 0.2701890468597412, "fun": "0.1555746713159546", "nit": "658", "nfev": "1082", "status": "0", "success": "True", "message": "Optimization terminated successfully.", "x": "[ 2.5966606   1.16082067  1.67524403  4.96731539 -1.94574647  2.70351949]", "final_simplex": "(array([[ 2.5966606 ,  1.16082067,  1.67524403,  4.96731539, -1.94574647,\n         2.70351949],\n       [ 2.5966606 ,  1.16082067,  1.67524403,  4.96731539, -1.94574647,\n         2.70351949],\n       [ 2.5966606 ,  1.16082067,  1.67524403,  4.96731539, -1.94574647,\n         2.70351949],\n       [ 2.5966606 ,  1.16082067,  1.67524403,  4.96731539, -1.94574647,\n         2.70351949],\n       [ 2.5966606 ,  1.16082067,  1.67524403,  4.96731539, -1.94574647,\n         2.70351949],\n       [ 2.5966606 ,  1.16082067,  1.67524403,  4.96731539, -1.94574647,\n         2.70351949],\n       [ 2.5966606 ,  1.16082067,  1.67524403,  4.96731539, -1.94574647,\n         2.70351949]]), array([0.15557467, 0.15557467, 0.15557467, 0.15557467, 0.15557467,\n       0.15557467, 0.15557467]))", "callback": [0.48162989483626706, 0.4033462321651703, 0.38418541453949817, 0.38174134105987956, 0.37103455573059707, 0.32241570904879424, 0.2561288446926895, 0.21779917420911743, 0.2076495347695393, 0.19349428198787377, 0.1931862014936736, 0.19237976389283618, 0.19121954174973355, 0.18793921637515432, 0.1809208013576067, 0.15935752483050558, 0.15901818475462326, 0.15725601967410108, 0.15712530191865748, 0.15695703464315058, 0.15688566727197228, 0.1567877891284002, 0.15652201837282576, 0.15629069461428113, 0.15626067129960686, 0.1562511615838137, 0.1562511615838137, 0.1562484988041769, 0.15624179088833534, 0.15622381902772964, 0.15615722239209984, 0.155988710058804, 0.1558832202178725, 0.15579776766723297, 0.15572564099628228, 0.1556915925098612, 0.15565660445448737, 0.15562917960035727, 0.15558490180330709, 0.15558225475789145, 0.1555777682203936, 0.15557612146118704, 0.15557486927147435, 0.15557478087830545, 0.15557469598353613, 0.1555746779714815, 0.15557467359508959, 0.15557467296907035, 0.15557467229936295, 0.15557467162380623, 0.15557467151541893, 0.1555746713831062, 0.1555746713485091, 0.15557467132183933, 0.1555746713188435, 0.15557467131623148, 0.15557467131606295, 0.15557467131601033, 0.1555746713159737, 0.15557467131596225, 0.15557467131595648, 0.15557467131595504, 0.1555746713159547, 0.1555746713159546, 0.1555746713159546, 0.1555746713159546]}}, "bfgs": {"type": "gradient", "0": {"maxiter": 100, "gtol": 1e-05, "xrtol": 1e-05, "eps": 1e-05, "duration": 0.06344294548034668, "fun": "0.15557467211569087", "jac": "[ 4.43188819e-06 -5.32547340e-06  6.18893825e-07 -4.21115365e-06\n -6.42328413e-06  3.23043814e-06]", "hess_inv": "[[ 7.59240875 -1.63286565  6.19556118  1.38103408  9.69495825 -3.28002939]\n [-1.63286565 11.6411506   6.96468868 -2.04170369 -1.18409224  2.93001626]\n [ 6.19556118  6.96468868 22.94003235 -3.0044554  15.24736861 -6.88479239]\n [ 1.38103408 -2.04170369 -3.0044554   3.42864192 -0.7417223   1.04584948]\n [ 9.69495825 -1.18409224 15.24736861 -0.7417223  22.85933656 -9.77269826]\n [-3.28002939  2.93001626 -6.88479239  1.04584948 -9.77269826  8.08851365]]", "nfev": "252", "njev": "36", "status": "0", "success": "True", "message": "Optimization terminated successfully.", "x": "[ 2.59660018  1.1607654   1.67509148  4.96731759 -1.94592543  2.70358708]", "nit": "32", "callback": [0.39546104485179, 0.3924462286021513, 0.390281681963887, 0.3899843639246473, 0.3894175854843379, 0.3850677542007681, 0.38231370633839934, 0.3774755164592374, 0.3686494030339741, 0.35311205077888963, 0.3337440873916022, 0.297350191210082, 0.2316799907480901, 0.16584265230604933, 0.16333477451989975, 0.15940659645093835, 0.15689128937905983, 0.15671440083202115, 0.15650218295274088, 0.15632305104701905, 0.15606473990543734, 0.15583826840518422, 0.1557072106038413, 0.15567571582382078, 0.1556685688868662, 0.15565656031277875, 0.1556365408434437, 0.15560656996817035, 0.15558413382671066, 0.1555764534487587, 0.1555747134905242, 0.15557467211569087]}, "1": {"maxiter": 100, "gtol": 1e-05, "xrtol": 1e-05, "eps": 1e-10, "duration": 0.05822491645812988, "fun": "0.1555746717434846", "jac": "[ 8.88178346e-06 -6.66133760e-06 -1.11022293e-06 -4.44089173e-06\n -3.33066880e-06  2.22044587e-06]", "hess_inv": "[[ 7.6707126  -1.91880969  5.3975838   1.60756234  9.28249767 -2.9925038 ]\n [-1.91880969 11.55349213  6.55159153 -2.01595553 -1.3794323   2.87389511]\n [ 5.3975838   6.55159153 21.19969313 -2.75379433 14.17668059 -6.6769348 ]\n [ 1.60756234 -2.01595553 -2.75379433  3.38874887 -0.51795519  1.02769167]\n [ 9.28249767 -1.3794323  14.17668059 -0.51795519 22.13429827 -9.51475601]\n [-2.9925038   2.87389511 -6.6769348   1.02769167 -9.51475601  8.05449412]]", "nfev": "266", "njev": "38", "status": "0", "success": "True", "message": "Optimization terminated successfully.", "x": "[ 2.59663522  1.16075778  1.6751304   4.96732028 -1.94584781  2.70355525]", "nit": "33", "callback": [0.3954607140062578, 0.39244621656163226, 0.39028166013486654, 0.3899842272771086, 0.38941721716176725, 0.38506551824039614, 0.38231065780231, 0.3774716066449446, 0.3686408830528992, 0.3530874168586763, 0.33373814594243645, 0.2973169404319088, 0.23156154165221143, 0.16590817963128146, 0.16355234322197076, 0.15976516024581444, 0.1568859002812376, 0.15670683818687614, 0.15649929896072634, 0.15632257441374142, 0.15607006930671952, 0.15584373964746057, 0.15570949030471315, 0.15567550591533685, 0.15566829907459034, 0.15565635246954734, 0.15563655985137026, 0.15560693864398734, 0.1555841932555161, 0.15557634288983313, 0.15557471158299707, 0.15557467180830542, 0.1555746717434846]}, "2": {"maxiter": 100, "gtol": 1e-05, "xrtol": 1e-10, "eps": 1e-05, "duration": 0.06317400932312012, "fun": "0.15557467211569087", "jac": "[ 4.43188819e-06 -5.32547340e-06  6.18893825e-07 -4.21115365e-06\n -6.42328413e-06  3.23043814e-06]", "hess_inv": "[[ 7.59240875 -1.63286565  6.19556118  1.38103408  9.69495825 -3.28002939]\n [-1.63286565 11.6411506   6.96468868 -2.04170369 -1.18409224  2.93001626]\n [ 6.19556118  6.96468868 22.94003235 -3.0044554  15.24736861 -6.88479239]\n [ 1.38103408 -2.04170369 -3.0044554   3.42864192 -0.7417223   1.04584948]\n [ 9.69495825 -1.18409224 15.24736861 -0.7417223  22.85933656 -9.77269826]\n [-3.28002939  2.93001626 -6.88479239  1.04584948 -9.77269826  8.08851365]]", "nfev": "252", "njev": "36", "status": "0", "success": "True", "message": "Optimization terminated successfully.", "x": "[ 2.59660018  1.1607654   1.67509148  4.96731759 -1.94592543  2.70358708]", "nit": "32", "callback": [0.39546104485179, 0.3924462286021513, 0.390281681963887, 0.3899843639246473, 0.3894175854843379, 0.3850677542007681, 0.38231370633839934, 0.3774755164592374, 0.3686494030339741, 0.35311205077888963, 0.3337440873916022, 0.297350191210082, 0.2316799907480901, 0.16584265230604933, 0.16333477451989975, 0.15940659645093835, 0.15689128937905983, 0.15671440083202115, 0.15650218295274088, 0.15632305104701905, 0.15606473990543734, 0.15583826840518422, 0.1557072106038413, 0.15567571582382078, 0.1556685688868662, 0.15565656031277875, 0.1556365408434437, 0.15560656996817035, 0.15558413382671066, 0.1555764534487587, 0.1555747134905242, 0.15557467211569087]}, "3": {"maxiter": 100, "gtol": 1e-05, "xrtol": 1e-10, "eps": 1e-10, "duration": 0.07059121131896973, "fun": "0.1555746717434846", "jac": "[ 8.88178346e-06 -6.66133760e-06 -1.11022293e-06 -4.44089173e-06\n -3.33066880e-06  2.22044587e-06]", "hess_inv": "[[ 7.6707126  -1.91880969  5.3975838   1.60756234  9.28249767 -2.9925038 ]\n [-1.91880969 11.55349213  6.55159153 -2.01595553 -1.3794323   2.87389511]\n [ 5.3975838   6.55159153 21.19969313 -2.75379433 14.17668059 -6.6769348 ]\n [ 1.60756234 -2.01595553 -2.75379433  3.38874887 -0.51795519  1.02769167]\n [ 9.28249767 -1.3794323  14.17668059 -0.51795519 22.13429827 -9.51475601]\n [-2.9925038   2.87389511 -6.6769348   1.02769167 -9.51475601  8.05449412]]", "nfev": "266", "njev": "38", "status": "0", "success": "True", "message": "Optimization terminated successfully.", "x": "[ 2.59663522  1.16075778  1.6751304   4.96732028 -1.94584781  2.70355525]", "nit": "33", "callback": [0.3954607140062578, 0.39244621656163226, 0.39028166013486654, 0.3899842272771086, 0.38941721716176725, 0.38506551824039614, 0.38231065780231, 0.3774716066449446, 0.3686408830528992, 0.3530874168586763, 0.33373814594243645, 0.2973169404319088, 0.23156154165221143, 0.16590817963128146, 0.16355234322197076, 0.15976516024581444, 0.1568859002812376, 0.15670683818687614, 0.15649929896072634, 0.15632257441374142, 0.15607006930671952, 0.15584373964746057, 0.15570949030471315, 0.15567550591533685, 0.15566829907459034, 0.15565635246954734, 0.15563655985137026, 0.15560693864398734, 0.1555841932555161, 0.15557634288983313, 0.15557471158299707, 0.15557467180830542, 0.1555746717434846]}, "4": {"maxiter": 100, "gtol": 1e-10, "xrtol": 1e-05, "eps": 1e-05, "duration": 0.05661201477050781, "fun": "0.1555746713736087", "jac": "[ 5.40045786e-07  9.84212711e-08  1.54154467e-07 -4.77917705e-07\n -3.05577785e-07  1.33415501e-07]", "hess_inv": "[[  7.60259793  -1.6217954    6.56937938   1.36679961  10.33323932\n   -3.64856747]\n [ -1.6217954   11.29243645   6.67760189  -1.89084085  -0.76771236\n    2.6492461 ]\n [  6.56937938   6.67760189  23.71334367  -2.80088485  17.78779188\n   -8.25172961]\n [  1.36679961  -1.89084085  -2.80088485   3.35762741  -0.79386037\n    1.08835267]\n [ 10.33323932  -0.76771236  17.78779188  -0.79386037  26.97840201\n  -11.87107002]\n [ -3.64856747   2.6492461   -8.25172961   1.08835267 -11.87107002\n    9.13123326]]", "nfev": "266", "njev": "38", "status": "0", "success": "True", "message": "Optimization terminated successfully.", "x": "[ 2.5966377   1.16080714  1.67521237  4.96730872 -1.94577802  2.7035213 ]", "nit": "34", "callback": [0.39546104485179, 0.3924462286021513, 0.390281681963887, 0.3899843639246473, 0.3894175854843379, 0.3850677542007681, 0.38231370633839934, 0.3774755164592374, 0.3686494030339741, 0.35311205077888963, 0.3337440873916022, 0.297350191210082, 0.2316799907480901, 0.16584265230604933, 0.16333477451989975, 0.15940659645093835, 0.15689128937905983, 0.15671440083202115, 0.15650218295274088, 0.15632305104701905, 0.15606473990543734, 0.15583826840518422, 0.1557072106038413, 0.15567571582382078, 0.1556685688868662, 0.15565656031277875, 0.1556365408434437, 0.15560656996817035, 0.15558413382671066, 0.1555764534487587, 0.1555747134905242, 0.15557467211569087, 0.15557467139359182, 0.1555746713736087]}, "5": {"maxiter": 100, "gtol": 1e-10, "xrtol": 1e-05, "eps": 1e-10, "duration": 0.07206130027770996, "fun": "0.1555746717434846", "jac": "[ 8.88178346e-06 -6.66133760e-06 -1.11022293e-06 -4.44089173e-06\n -3.33066880e-06  2.22044587e-06]", "hess_inv": "[[ 7.6707126  -1.91880969  5.3975838   1.60756234  9.28249767 -2.9925038 ]\n [-1.91880969 11.55349213  6.55159153 -2.01595553 -1.3794323   2.87389511]\n [ 5.3975838   6.55159153 21.19969313 -2.75379433 14.17668059 -6.6769348 ]\n [ 1.60756234 -2.01595553 -2.75379433  3.38874887 -0.51795519  1.02769167]\n [ 9.28249767 -1.3794323  14.17668059 -0.51795519 22.13429827 -9.51475601]\n [-2.9925038   2.87389511 -6.6769348   1.02769167 -9.51475601  8.05449412]]", "nfev": "266", "njev": "38", "status": "0", "success": "True", "message": "Optimization terminated successfully.", "x": "[ 2.59663522  1.16075778  1.6751304   4.96732028 -1.94584781  2.70355525]", "nit": "33", "callback": [0.3954607140062578, 0.39244621656163226, 0.39028166013486654, 0.3899842272771086, 0.38941721716176725, 0.38506551824039614, 0.38231065780231, 0.3774716066449446, 0.3686408830528992, 0.3530874168586763, 0.33373814594243645, 0.2973169404319088, 0.23156154165221143, 0.16590817963128146, 0.16355234322197076, 0.15976516024581444, 0.1568859002812376, 0.15670683818687614, 0.15649929896072634, 0.15632257441374142, 0.15607006930671952, 0.15584373964746057, 0.15570949030471315, 0.15567550591533685, 0.15566829907459034, 0.15565635246954734, 0.15563655985137026, 0.15560693864398734, 0.1555841932555161, 0.15557634288983313, 0.15557471158299707, 0.15557467180830542, 0.1555746717434846]}, "6": {"maxiter": 100, "gtol": 1e-10, "xrtol": 1e-10, "eps": 1e-05, "duration": 0.10110998153686523, "fun": "0.1555746713736087", "jac": "[ 5.40045786e-07  9.84212711e-08  1.54154467e-07 -4.77917705e-07\n -3.05577785e-07  1.33415501e-07]", "hess_inv": "[[  7.41350051  -1.70205791   6.20344318   1.36499693   9.62353273\n   -3.3249502 ]\n [ -1.70205791  12.16193953   7.02699269  -2.29409413  -2.41303477\n    3.69001348]\n [  6.20344318   7.02699269  23.28711407  -3.02919349  15.66361236\n   -7.12085244]\n [  1.36499693  -2.29409413  -3.02919349   3.53689527  -0.20191349\n    0.68902211]\n [  9.62353273  -2.41303477  15.66361236  -0.20191349  26.31415099\n  -12.00033832]\n [ -3.3249502    3.69001348  -7.12085244   0.68902211 -12.00033832\n    9.48064674]]", "nfev": "430", "njev": "60", "status": "2", "success": "False", "message": "Desired error not necessarily achieved due to precision loss.", "x": "[ 2.5966377   1.16080714  1.67521237  4.96730872 -1.94577802  2.7035213 ]", "nit": "34", "callback": [0.39546104485179, 0.3924462286021513, 0.390281681963887, 0.3899843639246473, 0.3894175854843379, 0.3850677542007681, 0.38231370633839934, 0.3774755164592374, 0.3686494030339741, 0.35311205077888963, 0.3337440873916022, 0.297350191210082, 0.2316799907480901, 0.16584265230604933, 0.16333477451989975, 0.15940659645093835, 0.15689128937905983, 0.15671440083202115, 0.15650218295274088, 0.15632305104701905, 0.15606473990543734, 0.15583826840518422, 0.1557072106038413, 0.15567571582382078, 0.1556685688868662, 0.15565656031277875, 0.1556365408434437, 0.15560656996817035, 0.15558413382671066, 0.1555764534487587, 0.1555747134905242, 0.15557467211569087, 0.15557467139359182, 0.1555746713736087]}, "7": {"maxiter": 100, "gtol": 1e-10, "xrtol": 1e-10, "eps": 1e-10, "duration": 0.10028314590454102, "fun": "0.1555746714738061", "jac": "[ 1.11022293e-06  2.22044587e-06 -1.11022293e-06  2.22044587e-06\n -1.11022293e-06 -3.33066880e-06]", "hess_inv": "[[ 0.46906156 -0.31386131  0.41681861 -0.16115086 -0.00696153 -0.16677596]\n [-0.31386131  0.43705978 -0.12623226 -0.21419421  0.13808447  0.08255894]\n [ 0.41681861 -0.12623226  0.69882466 -0.44363549  0.22324155 -0.29588701]\n [-0.16115086 -0.21419421 -0.44363549  0.54488084 -0.24014697  0.14409182]\n [-0.00696153  0.13808447  0.22324155 -0.24014697  0.16645369 -0.09210999]\n [-0.16677596  0.08255894 -0.29588701  0.14409182 -0.09210999  0.13854479]]", "nfev": "399", "njev": "57", "status": "0", "success": "True", "message": "Optimization terminated successfully.", "x": "[ 2.59662114  1.16080099  1.67517248  4.96731461 -1.94581907  2.70353587]", "nit": "44", "callback": [0.3954607140062578, 0.39244621656163226, 0.39028166013486654, 0.3899842272771086, 0.38941721716176725, 0.38506551824039614, 0.38231065780231, 0.3774716066449446, 0.3686408830528992, 0.3530874168586763, 0.33373814594243645, 0.2973169404319088, 0.23156154165221143, 0.16590817963128146, 0.16355234322197076, 0.15976516024581444, 0.1568859002812376, 0.15670683818687614, 0.15649929896072634, 0.15632257441374142, 0.15607006930671952, 0.15584373964746057, 0.15570949030471315, 0.15567550591533685, 0.15566829907459034, 0.15565635246954734, 0.15563655985137026, 0.15560693864398734, 0.1555841932555161, 0.15557634288983313, 0.15557471158299707, 0.15557467180830542, 0.1555746717434846, 0.1555746716953872, 0.15557467163152783, 0.15557467157595228, 0.15557467148039228, 0.15557467147761717, 0.1555746714738544, 0.15557467147385196, 0.15557467147384962, 0.1555746714738454, 0.15557467147380621, 0.1555746714738061]}, "8": {"maxiter": 500, "gtol": 1e-05, "xrtol": 1e-05, "eps": 1e-05, "duration": 0.06316518783569336, "fun": "0.15557467211569087", "jac": "[ 4.43188819e-06 -5.32547340e-06  6.18893825e-07 -4.21115365e-06\n -6.42328413e-06  3.23043814e-06]", "hess_inv": "[[ 7.59240875 -1.63286565  6.19556118  1.38103408  9.69495825 -3.28002939]\n [-1.63286565 11.6411506   6.96468868 -2.04170369 -1.18409224  2.93001626]\n [ 6.19556118  6.96468868 22.94003235 -3.0044554  15.24736861 -6.88479239]\n [ 1.38103408 -2.04170369 -3.0044554   3.42864192 -0.7417223   1.04584948]\n [ 9.69495825 -1.18409224 15.24736861 -0.7417223  22.85933656 -9.77269826]\n [-3.28002939  2.93001626 -6.88479239  1.04584948 -9.77269826  8.08851365]]", "nfev": "252", "njev": "36", "status": "0", "success": "True", "message": "Optimization terminated successfully.", "x": "[ 2.59660018  1.1607654   1.67509148  4.96731759 -1.94592543  2.70358708]", "nit": "32", "callback": [0.39546104485179, 0.3924462286021513, 0.390281681963887, 0.3899843639246473, 0.3894175854843379, 0.3850677542007681, 0.38231370633839934, 0.3774755164592374, 0.3686494030339741, 0.35311205077888963, 0.3337440873916022, 0.297350191210082, 0.2316799907480901, 0.16584265230604933, 0.16333477451989975, 0.15940659645093835, 0.15689128937905983, 0.15671440083202115, 0.15650218295274088, 0.15632305104701905, 0.15606473990543734, 0.15583826840518422, 0.1557072106038413, 0.15567571582382078, 0.1556685688868662, 0.15565656031277875, 0.1556365408434437, 0.15560656996817035, 0.15558413382671066, 0.1555764534487587, 0.1555747134905242, 0.15557467211569087]}, "9": {"maxiter": 500, "gtol": 1e-05, "xrtol": 1e-05, "eps": 1e-10, "duration": 0.05713200569152832, "fun": "0.1555746717434846", "jac": "[ 8.88178346e-06 -6.66133760e-06 -1.11022293e-06 -4.44089173e-06\n -3.33066880e-06  2.22044587e-06]", "hess_inv": "[[ 7.6707126  -1.91880969  5.3975838   1.60756234  9.28249767 -2.9925038 ]\n [-1.91880969 11.55349213  6.55159153 -2.01595553 -1.3794323   2.87389511]\n [ 5.3975838   6.55159153 21.19969313 -2.75379433 14.17668059 -6.67693