{"conf_id": 31, "data_type": "random\n", "num_data_points": 2, "s_rank": 0, "unitary": "[[-0.56303964-0.00798273j,-0.21670212-0.15784972j,-0.06047197-0.73952673j,-0.01438004+0.24552571j],[-0.06976756+0.23474685j,-0.01275565-0.5435098j,-0.02703657-0.08917885j,-0.08210486-0.79311774j],[-0.38559961+0.10714929j,0.5933431-0.2687392j,-0.24060861+0.29149289j,-0.45147719+0.26241743j],[-0.50180421+0.45931857j,-0.11617175+0.44134496j,0.49642745+0.22684508j,-0.08544628-0.15407063j]]", "databatch_0": {"databatch": "[[[0.1482445-0.2010065j,0.13158641-0.15129176j,-0.10374021-0.04365144j,-0.03139876+0.03750147j],[0.15100335+0.35173726j,-0.09991552+0.11844186j,0.195404-0.18507733j,-0.13689467+0.02966255j],[0.06321619+0.06636857j,-0.06355968-0.2001392j,0.11614456-0.07293242j,-0.15256438+0.01465266j],[-0.20293048+0.31238941j,-0.54081549-0.013918j,0.23868504-0.08541234j,-0.11942113+0.12247797j]],[[-0.00510566-0.05299698j,0.03957054-0.29028839j,-0.05027002-0.22789308j,-0.00546651-0.04617877j],[-0.29968872-0.12535267j,-0.17775007+0.45487071j,-0.03312477+0.09216063j,-0.02398621-0.0914506j],[-0.12022096+0.02025128j,0.17883425-0.1317136j,-0.38074051+0.10775403j,0.0715463-0.21637155j],[-0.10222113-0.04581151j,0.00270305+0.14640247j,0.36664559+0.15750077j,-0.14620438-0.06961134j]]]", "nelder_mead": {"0": {"maxiter": 100, "fatol": 1e-05, "xatol": 1e-05, "duration": 0.04086780548095703, "fun": "0.6545916199684143", "nit": "100", "nfev": "160", "status": "2", "success": "False", "message": "Maximum number of iterations has been exceeded.", "x": "[3.40115374 1.17909836 0.86317933 0.19921797 2.82234829 1.0943012 ]", "final_simplex": "(array([[3.40115374, 1.17909836, 0.86317933, 0.19921797, 2.82234829,\n        1.0943012 ],\n       [3.44462901, 1.17546243, 0.7205025 , 0.2001837 , 2.82502515,\n        1.11339733],\n       [3.25238386, 1.29475699, 0.90393941, 0.19134951, 2.92491837,\n        1.02004136],\n       [3.40938256, 1.24898485, 0.78258672, 0.19128939, 2.84416797,\n        0.96406128],\n       [3.3911827 , 1.1693979 , 0.8546983 , 0.20721325, 2.7109105 ,\n        1.25138472],\n       [3.52891999, 1.15060983, 0.72052538, 0.19720115, 2.78601235,\n        1.02465679],\n       [3.24444983, 1.32897096, 0.84652127, 0.18853557, 2.96908065,\n        0.93342916]]), array([0.65459162, 0.65466589, 0.65645766, 0.65669465, 0.65683293,\n       0.65710181, 0.65715826]))"}, "1": {"maxiter": 100, "fatol": 1e-05, "xatol": 1e-10, "duration": 0.03960132598876953, "fun": "0.6545916199684143", "nit": "100", "nfev": "160", "status": "2", "success": "False", "message": "Maximum number of iterations has been exceeded.", "x": "[3.40115374 1.17909836 0.86317933 0.19921797 2.82234829 1.0943012 ]", "final_simplex": "(array([[3.40115374, 1.17909836, 0.86317933, 0.19921797, 2.82234829,\n        1.0943012 ],\n       [3.44462901, 1.17546243, 0.7205025 , 0.2001837 , 2.82502515,\n        1.11339733],\n       [3.25238386, 1.29475699, 0.90393941, 0.19134951, 2.92491837,\n        1.02004136],\n       [3.40938256, 1.24898485, 0.78258672, 0.19128939, 2.84416797,\n        0.96406128],\n       [3.3911827 , 1.1693979 , 0.8546983 , 0.20721325, 2.7109105 ,\n        1.25138472],\n       [3.52891999, 1.15060983, 0.72052538, 0.19720115, 2.78601235,\n        1.02465679],\n       [3.24444983, 1.32897096, 0.84652127, 0.18853557, 2.96908065,\n        0.93342916]]), array([0.65459162, 0.65466589, 0.65645766, 0.65669465, 0.65683293,\n       0.65710181, 0.65715826]))"}, "2": {"maxiter": 100, "fatol": 1e-10, "xatol": 1e-05, "duration": 0.03967404365539551, "fun": "0.6545916199684143", "nit": "100", "nfev": "160", "status": "2", "success": "False", "message": "Maximum number of iterations has been exceeded.", "x": "[3.40115374 1.17909836 0.86317933 0.19921797 2.82234829 1.0943012 ]", "final_simplex": "(array([[3.40115374, 1.17909836, 0.86317933, 0.19921797, 2.82234829,\n        1.0943012 ],\n       [3.44462901, 1.17546243, 0.7205025 , 0.2001837 , 2.82502515,\n        1.11339733],\n       [3.25238386, 1.29475699, 0.90393941, 0.19134951, 2.92491837,\n        1.02004136],\n       [3.40938256, 1.24898485, 0.78258672, 0.19128939, 2.84416797,\n        0.96406128],\n       [3.3911827 , 1.1693979 , 0.8546983 , 0.20721325, 2.7109105 ,\n        1.25138472],\n       [3.52891999, 1.15060983, 0.72052538, 0.19720115, 2.78601235,\n        1.02465679],\n       [3.24444983, 1.32897096, 0.84652127, 0.18853557, 2.96908065,\n        0.93342916]]), array([0.65459162, 0.65466589, 0.65645766, 0.65669465, 0.65683293,\n       0.65710181, 0.65715826]))"}, "3": {"maxiter": 100, "fatol": 1e-10, "xatol": 1e-10, "duration": 0.03879117965698242, "fun": "0.6545916199684143", "nit": "100", "nfev": "160", "status": "2", "success": "False", "message": "Maximum number of iterations has been exceeded.", "x": "[3.40115374 1.17909836 0.86317933 0.19921797 2.82234829 1.0943012 ]", "final_simplex": "(array([[3.40115374, 1.17909836, 0.86317933, 0.19921797, 2.82234829,\n        1.0943012 ],\n       [3.44462901, 1.17546243, 0.7205025 , 0.2001837 , 2.82502515,\n        1.11339733],\n       [3.25238386, 1.29475699, 0.90393941, 0.19134951, 2.92491837,\n        1.02004136],\n       [3.40938256, 1.24898485, 0.78258672, 0.19128939, 2.84416797,\n        0.96406128],\n       [3.3911827 , 1.1693979 , 0.8546983 , 0.20721325, 2.7109105 ,\n        1.25138472],\n       [3.52891999, 1.15060983, 0.72052538, 0.19720115, 2.78601235,\n        1.02465679],\n       [3.24444983, 1.32897096, 0.84652127, 0.18853557, 2.96908065,\n        0.93342916]]), array([0.65459162, 0.65466589, 0.65645766, 0.65669465, 0.65683293,\n       0.65710181, 0.65715826]))"}, "4": {"maxiter": 500, "fatol": 1e-05, "xatol": 1e-05, "duration": 0.1935889720916748, "fun": "0.5275552272796631", "nit": "500", "nfev": "754", "status": "2", "success": "False", "message": "Maximum number of iterations has been exceeded.", "x": "[ 3.42907039 -3.02232612 -3.53544865  1.43952769  3.5163606   0.23771203]", "final_simplex": "(array([[ 3.42907039, -3.02232612, -3.53544865,  1.43952769,  3.5163606 ,\n         0.23771203],\n       [ 3.42708864, -3.12420923, -3.58081323,  1.43953183,  3.53250283,\n         0.26327084],\n       [ 3.39519057, -3.10293329, -3.56836698,  1.44766854,  3.56345341,\n         0.29001254],\n       [ 3.41041686, -3.0295154 , -3.52791862,  1.42953634,  3.55386592,\n         0.24871824],\n       [ 3.42399251, -3.16470986, -3.65413398,  1.42693997,  3.52757049,\n         0.29310244],\n       [ 3.41819478, -3.28378004, -3.75283828,  1.43718657,  3.52622191,\n         0.29107945],\n       [ 3.40181285, -3.12114124, -3.58288463,  1.44011591,  3.51706587,\n         0.2722641 ]]), array([0.52755523, 0.52773726, 0.52785832, 0.52791286, 0.52795362,\n       0.52797669, 0.5280928 ]))"}, "5": {"maxiter": 500, "fatol": 1e-05, "xatol": 1e-10, "duration": 0.21117210388183594, "fun": "0.5275552272796631", "nit": "500", "nfev": "754", "status": "2", "success": "False", "message": "Maximum number of iterations has been exceeded.", "x": "[ 3.42907039 -3.02232612 -3.53544865  1.43952769  3.5163606   0.23771203]", "final_simplex": "(array([[ 3.42907039, -3.02232612, -3.53544865,  1.43952769,  3.5163606 ,\n         0.23771203],\n       [ 3.42708864, -3.12420923, -3.58081323,  1.43953183,  3.53250283,\n         0.26327084],\n       [ 3.39519057, -3.10293329, -3.56836698,  1.44766854,  3.56345341,\n         0.29001254],\n       [ 3.41041686, -3.0295154 , -3.52791862,  1.42953634,  3.55386592,\n         0.24871824],\n       [ 3.42399251, -3.16470986, -3.65413398,  1.42693997,  3.52757049,\n         0.29310244],\n       [ 3.41819478, -3.28378004, -3.75283828,  1.43718657,  3.52622191,\n         0.29107945],\n       [ 3.40181285, -3.12114124, -3.58288463,  1.44011591,  3.51706587,\n         0.2722641 ]]), array([0.52755523, 0.52773726, 0.52785832, 0.52791286, 0.52795362,\n       0.52797669, 0.5280928 ]))"}, "6": {"maxiter": 500, "fatol": 1e-10, "xatol": 1e-05, "duration": 0.21170306205749512, "fun": "0.5275552272796631", "nit": "500", "nfev": "754", "status": "2", "success": "False", "message": "Maximum number of iterations has been exceeded.", "x": "[ 3.42907039 -3.02232612 -3.53544865  1.43952769  3.5163606   0.23771203]", "final_simplex": "(array([[ 3.42907039, -3.02232612, -3.53544865,  1.43952769,  3.5163606 ,\n         0.23771203],\n       [ 3.42708864, -3.12420923, -3.58081323,  1.43953183,  3.53250283,\n         0.26327084],\n       [ 3.39519057, -3.10293329, -3.56836698,  1.44766854,  3.56345341,\n         0.29001254],\n       [ 3.41041686, -3.0295154 , -3.52791862,  1.42953634,  3.55386592,\n         0.24871824],\n       [ 3.42399251, -3.16470986, -3.65413398,  1.42693997,  3.52757049,\n         0.29310244],\n       [ 3.41819478, -3.28378004, -3.75283828,  1.43718657,  3.52622191,\n         0.29107945],\n       [ 3.40181285, -3.12114124, -3.58288463,  1.44011591,  3.51706587,\n         0.2722641 ]]), array([0.52755523, 0.52773726, 0.52785832, 0.52791286, 0.52795362,\n       0.52797669, 0.5280928 ]))"}, "7": {"maxiter": 500, "fatol": 1e-10, "xatol": 1e-10, "duration": 0.21445989608764648, "fun": "0.5275552272796631", "nit": "500", "nfev": "754", "status": "2", "success": "False", "message": "Maximum number of iterations has been exceeded.", "x": "[ 3.42907039 -3.02232612 -3.53544865  1.43952769  3.5163606   0.23771203]", "final_simplex": "(array([[ 3.42907039, -3.02232612, -3.53544865,  1.43952769,  3.5163606 ,\n         0.23771203],\n       [ 3.42708864, -3.12420923, -3.58081323,  1.43953183,  3.53250283,\n         0.26327084],\n       [ 3.39519057, -3.10293329, -3.56836698,  1.44766854,  3.56345341,\n         0.29001254],\n       [ 3.41041686, -3.0295154 , -3.52791862,  1.42953634,  3.55386592,\n         0.24871824],\n       [ 3.42399251, -3.16470986, -3.65413398,  1.42693997,  3.52757049,\n         0.29310244],\n       [ 3.41819478, -3.28378004, -3.75283828,  1.43718657,  3.52622191,\n         0.29107945],\n       [ 3.40181285, -3.12114124, -3.58288463,  1.44011591,  3.51706587,\n         0.2722641 ]]), array([0.52755523, 0.52773726, 0.52785832, 0.52791286, 0.52795362,\n       0.52797669, 0.5280928 ]))"}, "8": {"maxiter": 1000, "fatol": 1e-05, "xatol": 1e-05, "duration": 0.36061811447143555, "fun": "0.4349724352359772", "nit": "800", "nfev": "1253", "status": "0", "success": "True", "message": "Optimization terminated successfully.", "x": "[ 4.78858027 -2.9624276  -3.20923663  2.61809356  0.14664784 -0.91470405]", "final_simplex": "(array([[ 4.78858027, -2.9624276 , -3.20923663,  2.61809356,  0.14664784,\n        -0.91470405],\n       [ 4.78857852, -2.96242955, -3.20923975,  2.61810065,  0.14664976,\n        -0.91470003],\n       [ 4.78857492, -2.96243194, -3.20924007,  2.6180972 ,  0.14664442,\n        -0.91470214],\n       [ 4.78858356, -2.96243016, -3.20923707,  2.61809548,  0.1466399 ,\n        -0.91470322],\n       [ 4.78858031, -2.96242699, -3.20923602,  2.61809814,  0.14663868,\n        -0.91470674],\n       [ 4.78857969, -2.96243435, -3.20924153,  2.61810063,  0.14663907,\n        -0.9147048 ],\n       [ 4.78857769, -2.96242907, -3.20923599,  2.61809543,  0.14665369,\n        -0.91469507]]), array([0.43497244, 0.43497244, 0.43497244, 0.43497244, 0.43497244,\n       0.43497244, 0.43497244]))"}, "9": {"maxiter": 1000, "fatol": 1e-05, "xatol": 1e-10, "duration": 0.38541698455810547, "fun": "0.4349724352359772", "nit": "817", "nfev": "1389", "status": "0", "success": "True", "message": "Optimization terminated successfully.", "x": "[ 4.78858027 -2.9624276  -3.20923663  2.61809356  0.14664784 -0.91470405]", "final_simplex": "(array([[ 4.78858027, -2.9624276 , -3.20923663,  2.61809356,  0.14664784,\n        -0.91470405],\n       [ 4.78858027, -2.9624276 , -3.20923663,  2.61809356,  0.14664784,\n        -0.91470405],\n       [ 4.78858027, -2.9624276 , -3.20923663,  2.61809356,  0.14664784,\n        -0.91470405],\n       [ 4.78858027, -2.9624276 , -3.20923663,  2.61809356,  0.14664784,\n        -0.91470405],\n       [ 4.78858027, -2.9624276 , -3.20923663,  2.61809356,  0.14664784,\n        -0.91470405],\n       [ 4.78858027, -2.9624276 , -3.20923663,  2.61809356,  0.14664784,\n        -0.91470405],\n       [ 4.78858027, -2.9624276 , -3.20923663,  2.61809356,  0.14664784,\n        -0.91470405]]), array([0.43497244, 0.43497244, 0.43497244, 0.43497244, 0.43497244,\n       0.43497244, 0.43497244]))"}, "10": {"maxiter": 1000, "fatol": 1e-10, "xatol": 1e-05, "duration": 0.3431370258331299, "fun": "0.4349724352359772", "nit": "800", "nfev": "1253", "status": "0", "success": "True", "message": "Optimization terminated successfully.", "x": "[ 4.78858027 -2.9624276  -3.20923663  2.61809356  0.14664784 -0.91470405]", "final_simplex": "(array([[ 4.78858027, -2.9624276 , -3.20923663,  2.61809356,  0.14664784,\n        -0.91470405],\n       [ 4.78857852, -2.96242955, -3.20923975,  2.61810065,  0.14664976,\n        -0.91470003],\n       [ 4.78857492, -2.96243194, -3.20924007,  2.6180972 ,  0.14664442,\n        -0.91470214],\n       [ 4.78858356, -2.96243016, -3.20923707,  2.61809548,  0.1466399 ,\n        -0.91470322],\n       [ 4.78858031, -2.96242699, -3.20923602,  2.61809814,  0.14663868,\n        -0.91470674],\n       [ 4.78857969, -2.96243435, -3.20924153,  2.61810063,  0.14663907,\n        -0.9147048 ],\n       [ 4.78857769, -2.96242907, -3.20923599,  2.61809543,  0.14665369,\n        -0.91469507]]), array([0.43497244, 0.43497244, 0.43497244, 0.43497244, 0.43497244,\n       0.43497244, 0.43497244]))"}, "11": {"maxiter": 1000, "fatol": 1e-10, "xatol": 1e-10, "duration": 0.4056892395019531, "fun": "0.4349724352359772", "nit": "817", "nfev": "1389", "status": "0", "success": "True", "message": "Optimization terminated successfully.", "x": "[ 4.78858027 -2.9624276  -3.20923663  2.61809356  0.14664784 -0.91470405]", "final_simplex": "(array([[ 4.78858027, -2.9624276 , -3.20923663,  2.61809356,  0.14664784,\n        -0.91470405],\n       [ 4.78858027, -2.9624276 , -3.20923663,  2.61809356,  0.14664784,\n        -0.91470405],\n       [ 4.78858027, -2.9624276 , -3.20923663,  2.61809356,  0.14664784,\n        -0.91470405],\n       [ 4.78858027, -2.9624276 , -3.20923663,  2.61809356,  0.14664784,\n        -0.91470405],\n       [ 4.78858027, -2.9624276 , -3.20923663,  2.61809356,  0.14664784,\n        -0.91470405],\n       [ 4.78858027, -2.9624276 , -3.20923663,  2.61809356,  0.14664784,\n        -0.91470405],\n       [ 4.78858027, -2.9624276 , -3.20923663,  2.61809356,  0.14664784,\n        -0.91470405]]), array([0.43497244, 0.43497244, 0.43497244, 0.43497244, 0.43497244,\n       0.43497244, 0.43497244]))"}}, "bfgs": {"0": {"maxiter": 100, "gtol": 1e-05, "xrtol": 1e-05, "eps": 1e-05, "duration": 0.13206100463867188, "fun": "0.5212799906730652", "jac": "[0. 0. 0. 0. 0. 0.]", "hess_inv": "[[ 0.76137461 -0.24850513  0.0936555  -0.95230539 -0.33899128 -0.25114073]\n [-0.24850513  2.25755465 -0.42734352 -0.16936375  0.74978874 -1.04795532]\n [ 0.0936555  -0.42734352  0.52161173  0.11319949 -0.28752516  0.40522088]\n [-0.95230539 -0.16936375  0.11319949  5.16300963 -0.40043087  1.45440439]\n [-0.33899128  0.74978874 -0.28752516 -0.40043087  1.27156531 -1.15663873]\n [-0.25114073 -1.04795532  0.40522088  1.45440439 -1.15663873  2.31344719]]", "nfev": "462", "njev": "66", "status": "0", "success": "True", "message": "Optimization terminated successfully.", "x": "[ 2.66632431  0.19477715 -0.32910711 -1.79225984  0.19435765  3.42772454]", "nit": "47"}, "1": {"maxiter": 100, "gtol": 1e-05, "xrtol": 1e-05, "eps": 1e-10, "duration": 0.001928091049194336, "fun": "0.894082248210907", "jac": "[0. 0. 0. 0. 0. 0.]", "hess_inv": "[[1 0 0 0 0 0]\n [0 1 0 0 0 0]\n [0 0 1 0 0 0]\n [0 0 0 1 0 0]\n [0 0 0 0 1 0]\n [0 0 0 0 0 1]]", "nfev": "7", "njev": "1", "status": "0", "success": "True", "message": "Optimization terminated successfully.", "x": "[1.52115477 1.12136431 3.07231236 0.26257213 2.24791617 5.31930447]", "nit": "0"}, "2": {"maxiter": 100, "gtol": 1e-05, "xrtol": 1e-10, "eps": 1e-05, "duration": 0.12318921089172363, "fun": "0.5212799906730652", "jac": "[0. 0. 0. 0. 0. 0.]", "hess_inv": "[[ 0.76137461 -0.24850513  0.0936555  -0.95230539 -0.33899128 -0.25114073]\n [-0.24850513  2.25755465 -0.42734352 -0.16936375  0.74978874 -1.04795532]\n [ 0.0936555  -0.42734352  0.52161173  0.11319949 -0.28752516  0.40522088]\n [-0.95230539 -0.16936375  0.11319949  5.16300963 -0.40043087  1.45440439]\n [-0.33899128  0.74978874 -0.28752516 -0.40043087  1.27156531 -1.15663873]\n [-0.25114073 -1.04795532  0.40522088  1.45440439 -1.15663873  2.31344719]]", "nfev": "462", "njev": "66", "status": "0", "success": "True", "message": "Optimization terminated successfully.", "x": "[ 2.66632431  0.19477715 -0.32910711 -1.79225984  0.19435765  3.42772454]", "nit": "47"}, "3": {"maxiter": 100, "gtol": 1e-05, "xrtol": 1e-10, "eps": 1e-10, "duration": 0.0017418861389160156, "fun": "0.894082248210907", "jac": "[0. 0. 0. 0. 0. 0.]", "hess_inv": "[[1 0 0 0 0 0]\n [0 1 0 0 0 0]\n [0 0 1 0 0 0]\n [0 0 0 1 0 0]\n [0 0 0 0 1 0]\n [0 0 0 0 0 1]]", "nfev": "7", "njev": "1", "status": "0", "success": "True", "message": "Optimization terminated successfully.", "x": "[1.52115477 1.12136431 3.07231236 0.26257213 2.24791617 5.31930447]", "nit": "0"}, "4": {"maxiter": 100, "gtol": 1e-10, "xrtol": 1e-05, "eps": 1e-05, "duration": 0.16336584091186523, "fun": "0.5212799906730652", "jac": "[0. 0. 0. 0. 0. 0.]", "hess_inv": "[[ 0.76137461 -0.24850513  0.0936555  -0.95230539 -0.33899128 -0.25114073]\n [-0.24850513  2.25755465 -0.42734352 -0.16936375  0.74978874 -1.04795532]\n [ 0.0936555  -0.42734352  0.52161173  0.11319949 -0.28752516  0.40522088]\n [-0.95230539 -0.16936375  0.11319949  5.16300963 -0.40043087  1.45440439]\n [-0.33899128  0.74978874 -0.28752516 -0.40043087  1.27156531 -1.15663873]\n [-0.25114073 -1.04795532  0.40522088  1.45440439 -1.15663873  2.31344719]]", "nfev": "462", "njev": "66", "status": "0", "success": "True", "message": "Optimization terminated successfully.", "x": "[ 2.66632431  0.19477715 -0.32910711 -1.79225984  0.19435765  3.42772454]", "nit": "47"}, "5": {"maxiter": 100, "gtol": 1e-10, "xrtol": 1e-05, "eps": 1e-10, "duration": 0.002415180206298828, "fun": "0.894082248210907", "jac": "[0. 0. 0. 0. 0. 0.]", "hess_inv": "[[1 0 0 0 0 0]\n [0 1 0 0 0 0]\n [0 0 1 0 0 0]\n [0 0 0 1 0 0]\n [0 0 0 0 1 0]\n [0 0 0 0 0 1]]", "nfev": "7", "njev": "1", "status": "0", "success": "True", "message": "Optimization terminated successfully.", "x": "[1.52115477 1.12136431 3.07231236 0.26257213 2.24791617 5.31930447]", "nit": "0"}, "6": {"maxiter": 100, "gtol": 1e-10, "xrtol": 1e-10, "eps": 1e-05, "duration": 0.21847176551818848, "fun": "0.5212799906730652", "jac": "[0. 0. 0. 0. 0. 0.]", "hess_inv": "[[ 0.76137461 -0.24850513  0.0936555  -0.95230539 -0.33899128 -0.25114073]\n [-0.24850513  2.25755465 -0.42734352 -0.16936375  0.74978874 -1.04795532]\n [ 0.0936555  -0.42734352  0.52161173  0.11319949 -0.28752516  0.40522088]\n [-0.95230539 -0.16936375  0.11319949  5.16300963 -0.40043087  1.45440439]\n [-0.33899128  0.74978874 -0.28752516 -0.40043087  1.27156531 -1.15663873]\n [-0.25114073 -1.04795532  0.40522088  1.45440439 -1.15663873  2.31344719]]", "nfev": "462", "njev": "66", "status": "0", "success": "True", "message": "Optimization terminated successfully.", "x": "[ 2.66632431  0.19477715 -0.32910711 -1.79225984  0.19435765  3.42772454]", "nit": "47"}, "7": {"maxiter": 100, "gtol": 1e-10, "xrtol": 1e-10, "eps": 1e-10, "duration": 0.002973794937133789, "fun": "0.894082248210907", "jac": "[0. 0. 0. 0. 0. 0.]", "hess_inv": "[[1 0 0 0 0 0]\n [0 1 0 0 0 0]\n [0 0 1 0 0 0]\n [0 0 0 1 0 0]\n [0 0 0 0 1 0]\n [0 0 0 0 0 1]]", "nfev": "7", "njev": "1", "status": "0", "success": "True", "message": "Optimization terminated successfully.", "x": "[1.52115477 1.12136431 3.07231236 0.26257213 2.24791617 5.31930447]", "nit": "0"}, "8": {"maxiter": 500, "gtol": 1e-05, "xrtol": 1e-05, "eps": 1e-05, "duration": 0.288985013961792, "fun": "0.5212799906730652", "jac": "[0. 0. 0. 0. 0. 0.]", "hess_inv": "[[ 0.76137461 -0.24850513  0.0936555  -0.95230539 -0.33899128 -0.25114073]\n [-0.24850513  2.25755465 -0.42734352 -0.16936375  0.74978874 -1.04795532]\n [ 0.0936555  -0.42734352  0.52161173  0.11319949 -0.28752516  0.40522088]\n [-0.95230539 -0.16936375  0.11319949  5.16300963 -0.40043087  1.45440439]\n [-0.33899128  0.74978874 -0.28752516 -0.40043087  1.27156531 -1.15663873]\n [-0.25114073 -1.04795532  0.40522088  1.45440439 -1.15663873  2.31344719]]", "nfev": "462", "njev": "66", "status": "0", "success": "True", "message": "Optimization terminated successfully.", "x": "[ 2.66632431  0.19477715 -0.32910711 -1.79225984  0.19435765  3.42772454]", "nit": "47"}, "9": {"maxiter": 500, "gtol": 1e-05, "xrtol": 1e-05, "eps": 1e-10, "duration": 0.006062984466552734, "fun": "0.894082248210907", "jac": "[0. 0. 0. 0. 0. 0.]", "hess_inv": "[[1 0 0 0 0 0]\n [0 1 0 0 0 0]\n [0 0 1 0 0 0]\n [0 0 0 1 0 0]\n [0 0 0 0 1 0]\n [0 0 0 0 0 1]]", "nfev": "7", "njev": "1", "status": "0", "success": "True", "message": "Optimization terminated successfully.", "x": "[1.52115477 1.12136431 3.07231236 0.26257213 2.24791617 5.31930447]", "nit": "0"}, "10": {"maxiter": 500, "gtol": 1e-05, "xrtol": 1e-10, "eps": 1e-05, "duration": 0.23743677139282227, "fun": "0.5212799906730652", "jac": "[0. 0. 0. 0. 0. 0.]", "hess_inv": "[[ 0.76137461 -0.24850513  0.0936555  -0.95230539 -0.33899128 -0.25114073]\n [-0.24850513  2.25755465 -0.42734352 -0.16936375  0.74978874 -1.04795532]\n [ 0.0936555  -0.42734352  0.52161173  0.11319949 -0.28752516  0.40522088]\n [-0.95230539 -0.16936375  0.11319949  5.16300963 -0.40043087  1.45440439]\n [-0.33899128  0.74978874 -0.28752516 -0.40043087  1.27156531 -1.15663873]\n [-0.25114073 -1.04795532  0.40522088  1.45440439 -1.15663873  2.31344719]]", "nfev": "462", "njev": "66", "status": "0", "success": "True", "message": "Optimization terminated successfully.", "x": "[ 2.66632431  0.19477715 -0.32910711 -1.79225984  0.19435765  3.42772454]", "nit": "47"}, "11": {"maxiter": 500, "gtol": 1e-05, "xrtol": 1e-10, "eps": 1e-10, "duration": 0.003262758255004883, "fun": "0.894082248210907", "jac": "[0. 0. 0. 0. 0. 0.]", "hess_inv": "[[1 0 0 0 0 0]\n [0 1 0 0 0 0]\n [0 0 1 0 0 0]\n [0 0 0 1 0 0]\n [0 0 0 0 1 0]\n [0 0 0 0 0 1]]", "nfev": "7", "njev": "1", "status": "0", "success": "True", "message": "Optimization terminated successfully.", "x": "[1.52115477 1.12136431 3.07231236 0.26257213 2.24791617 5.31930447]", "nit": "0"}, "12": {"maxiter": 500, "gtol": 1e-10, "xrtol": 1e-05, "eps": 1e-05, "duration": 0.22635412216186523, "fun": "0.5212799906730652", "jac": "[0. 0. 0. 0. 0. 0.]", "hess_inv": "[[ 0.76137461 -0.24850513  0.0936555  -0.95230539 -0.33899128 -0.25114073]\n [-0.24850513  2.25755465 -0.42734352 -0.16936375  0.74978874 -1.04795532]\n [ 0.0936555  -0.42734352  0.52161173  0.11319949 -0.28752516  0.40522088]\n [-0.95230539 -0.16936375  0.11319949  5.16300963 -0.40043087  1.45440439]\n [-0.33899128  0.74978874 -0.28752516 -0.40043087  1.27156531 -1.15663873]\n [-0.25114073 -1.04795532  0.40522088  1.45440439 -1.15663873  2.31344719]]", "nfev": "462", "njev": "66", "status": "0", "success": "True", "message": "Optimization terminated successfully.", "x": "[ 2.66632431  0.19477715 -0.32910711 -1.79225984  0.19435765  3.42772454]", "nit": "47"}, "13": {"maxiter": 500, "gtol": 1e-10, "xrtol": 1e-05, "eps": 1e-10, "duration": 0.0026721954345703125, "fun": "0.894082248210907", "jac": "[0. 0. 0. 0. 0. 0.]", "hess_inv": "[[1 0 0 0 0 0]\n [0 1 0 0 0 0]\n [0 0 1 0 0 0]\n [0 0 0 1 0 0]\n [0 0 0 0 1 0]\n [0 0 0 0 0 1]]", "nfev": "7", "njev": "1", "status": "0", "success": "True", "message": "Optimization terminated successfully.", "x": "[1.52115477 1.12136431 3.07231236 0.26257213 2.24791617 5.31930447]", "nit": "0"}, "14": {"maxiter": 500, "gtol": 1e-10, "xrtol": 1e-10, "eps": 1e-05, "duration": 0.16960597038269043, "fun": "0.5212799906730652", "jac": "[0. 0. 0. 0. 0. 0.]", "hess_inv": "[[ 0.76137461 -0.24850513  0.0936555  -0.95230539 -0.33899128 -0.25114073]\n [-0.24850513  2.25755465 -0.42734352 -0.16936375  0.74978874 -1.04795532]\n [ 0.0936555  -0.42734352  0.52161173  0.11319949 -0.28752516  0.40522088]\n [-0.95230539 -0.16936375  0.11319949  5.16300963 -0.40043087  1.45440439]\n [-0.33899128  0.74978874 -0.28752516 -0.40043087  1.27156531 -1.15663873]\n [-0.25114073 -1.04795532  0.40522088  1.45440439 -1.15663873  2.31344719]]", "nfev": "462", "njev": "66", "status": "0", "success": "True", "message": "Optimization terminated successfully.", "x": "[ 2.66632431  0.19477715 -0.32910711 -1.79225984  0.19435765  3.42772454]", "nit": "47"}, "15": {"maxiter": 500, "gtol": 1e-10, "xrtol": 1e-10, "eps": 1e-10, "duration": 0.00273895263671875, "fun": "0.894082248210907", "jac": "[0. 0. 0. 0. 0. 0.]", "hess_inv": "[[1 0 0 0 0 0]\n [0 1 0 0 0 0]\n [0 0 1 0 0 0]\n [0 0 0 1 0 0]\n [0 0 0 0 1 0]\n [0 0 0 0 0 1]]", "nfev": "7", "njev": "1", "status": "0", "success": "True", "message": "Optimization terminated successfully.", "x": "[1.52115477 1.12136431 3.07231236 0.26257213 2.24791617 5.31930447]", "nit": "0"}, "16": {"maxiter": 1000, "gtol": 1e-05, "xrtol": 1e-05, "eps": 1e-05, "duration": 0.15570473670959473, "fun": "0.5212799906730652", "jac": "[0. 0. 0. 0. 0. 0.]", "hess_inv": "[[ 0.76137461 -0.24850513  0.0936555  -0.95230539 -0.33899128 -0.25114073]\n [-0.24850513  2.25755465 -0.42734352 -0.16936375  0.74978874 -1.04795532]\n [ 0.0936555  -0.42734352  0.52161173  0.11319949 -0.28752516  0.40522088]\n [-0.95230539 -0.16936375  0.11319949  5.16300963 -0.40043087  1.45440439]\n [-0.33899128  0.74978874 -0.28752516 -0.40043087  1.27156531 -1.15663873]\n [-0.25114073 -1.04795532  0.40522088  1.45440439 -1.15663873  2.31344719]]", "nfev": "462", "njev": "66", "status": "0", "success": "True", "message": "Optimization terminated successfully.", "x": "[ 2.66632431  0.19477715 -0.32910711 -1.79225984  0.19435765  3.42772454]", "nit": "47"}, "17": {"maxiter": 1000, "gtol": 1e-05, "xrtol": 1e-05, "eps": 1e-10, "duration": 0.003158092498779297, "fun": "0.894082248210907", "jac": "[0. 0. 0. 0. 0. 0.]", "hess_inv": "[[1 0 0 0 0 0]\n [0 1 0 0 0 0]\n [0 0 1 0 0 0]\n [0 0 0 1 0 0]\n [0 0 0 0 1 0]\n [0 0 0 0 0 1]]", "nfev": "7", "njev": "1", "status": "0", "success": "True", "message": "Optimization terminated successfully.", "x": "[1.52115477 1.12136431 3.07231236 0.26257213 2.24791617 5.31930447]", "nit": "0"}, "18": {"maxiter": 1000, "gtol": 1e-05, "xrtol": 1e-10, "eps": 1e-05, "duration": 0.17064118385314941, "fun": "0.5212799906730652", "jac": "[0. 0. 0. 0. 0. 0.]", "hess_inv": "[[ 0.76137461 -0.24850513  0.0936555  -0.95230539 -0.33899128 -0.25114073]\n [-0.24850513  2.25755465 -0.42734352 -0.16936375  0.74978874 -1.04795532]\n [ 0.0936555  -0.42734352  0.52161173  0.11319949 -0.28752516  0.40522088]\n [-0.95230539 -0.16936375  0.11319949  5.16300963 -0.40043087  1.45440439]\n [-0.33899128  0.74978874 -0.28752516 -0.40043087  1.27156531 -1.15663873]\n [-0.25114073 -1.04795532  0.40522088  1.45440439 -1.15663873  2.31344719]]", "nfev": "462", "njev": "66", "status": "0", "success": "True", "message": "Optimization terminated successfully.", "x": "[ 2.66632431  0.19477715 -0.32910711 -1.79225984  0.19435765  3.42772454]", "nit": "47"}, "19": {"maxiter": 1000, "gtol": 1e-05, "xrtol": 1e-10, "eps": 1e-10, "duration": 0.0020771026611328125, "fun": "0.894082248210907", "jac": "[0. 0. 0. 0. 0. 0.]", "hess_inv": "[[1 0 0 0 0 0]\n [0 1 0 0 0 0]\n [0 0 1 0 0 0]\n [0 0 0 1 0 0]\n [0 0 0 0 1 0]\n [0 0 0 0 0 1]]", "nfev": "7", "njev": "1", "status": "0", "success": "True", "message": "Optimization terminated successfully.", "x": "[1.52115477 1.12136431 3.07231236 0.26257213 2.24791617 5.31930447]", "nit": "0"}, "20": {"maxiter": 1000, "gtol": 1e-10, "xrtol": 1e-05, "eps": 1e-05, "duration": 0.15534210205078125, "fun": "0.5212799906730652", "jac": "[0. 0. 0. 0. 0. 0.]", "hess_inv": "[[ 0.76137461 -0.24850513  0.0936555  -0.95230539 -0.33899128 -0.25114073]\n [-0.24850513  2.25755465 -0.42734352 -0.16936375  0.74978874 -1.04795532]\n [ 0.0936555  -0.42734352  0.52161173  0.11319949 -0.28752516  0.40522088]\n [-0.95230539 -0.16936375  0.11319949  5.16300963 -0.40043087  1.45440439]\n [-0.33899128  0.74978874 -0.28752516 -0.40043087  1.27156531 -1.15663873]\n [-0.25114073 -1.04795532  0.40522088  1.45440439 -1.15663873  2.31344719]]", "nfev": "462", "njev": "66", "status": "0", "success": "True", "message": "Optimization terminated successfully.", "x": "[ 2.66632431  0.19477715 -0.32910711 -1.79225984  0.19435765  3.42772454]", "nit": "47"}, "21": {"maxiter": 1000, "gtol": 1e-10, "xrtol": 1e-05, "eps": 1e-10, "duration": 0.0020720958709716797, "fun": "0.894082248210907", "jac": "[0. 0. 0. 0. 0. 0.]", "hess_inv": "[[1 0 0 0 0 0]\n [0 1 0 0 0 0]\n [0 0 1 0 0 0]\n [0 0 0 1 0 0]\n [0 0 0 0 1 0]\n [0 0 0 0 0 1]]", "nfev": "7", "njev": "1", "status": "0", "success": "True", "message": "Optimization terminated successfully.", "x": "[1.52115477 1.12136431 3.07231236 0.26257213 2.24791617 5.31930447]", "nit": "0"}, "22": {"maxiter": 1000, "gtol": 1e-10, "xrtol": 1e-10, "eps": 1e-05, "duration": 0.15940499305725098, "fun": "0.5212799906730652", "jac": "[0. 0. 0. 0. 0. 0.]", "hess_inv": "[[ 0.76137461 -0.24850513  0.0936555  -0.95230539 -0.33899128 -0.25114073]\n [-0.24850513  2.25755465 -0.42734352 -0.16936375  0.74978874 -1.04795532]\n [ 0.0936555  -0.42734352  0.52161173  0.11319949 -0.28752516  0.40522088]\n [-0.95230539 -0.16936375  0.11319949  5.16300963 -0.40043087  1.45440439]\n [-0.33899128  0.74978874 -0.28752516 -0.40043087  1.27156531 -1.15663873]\n [-0.25114073 -1.04795532  0.40522088  1.45440439 -1.15663873  2.31344719]]", "nfev": "462", "njev": "66", "status": "0", "success": "True", "message": "Optimization terminated successfully.", "x": "[ 2.66632431  0.19477715 -0.32910711 -1.79225984  0.19435765  3.42772454]", "nit": "47"}, "23": {"maxiter": 1000, "gtol": 1e-10, "xrtol": 1e-10, "eps": 1e-10, "duration": 0.004012107849121094, "fun": "0.894082248210907", "jac": "[0. 0. 0. 0. 0. 0.]", "hess_inv": "[[1 0 0 0 0 0]\n [0 1 0 0 0 0]\n [0 0 1 0 0 0]\n [0 0 0 1 0 0]\n [0 0 0 0 1 0]\n [0 0 0 0 0 1]]", "nfev": "7", "njev": "1", "status": "0", "success": "True", "message": "Optimization terminated successfully.", "x": "[1.52115477 1.12136431 3.07231236 0.26257213 2.24791617 5.31930447]", "nit": "0"}}, "cobyla": {"0": {"maxiter": 100, "tol": 1e-05, "catol": 1e-05, "duration": 0.03634309768676758, "x": "[ 3.2392952   1.84730599  1.38563011 -1.50095208  0.41498387  3.46585346]", "status": "2", "success": "False", "message": "Maximum number of function evaluations has been exceeded.", "nfev": "100", "fun": "0.5380550622940063", "maxcv": "0.0"}, "1": {"maxiter": 100, "tol": 1e-05, "catol": 1e-10, "duration": 0.03848624229431152, "x": "[ 3.2392952   1.84730599  1.38563011 -1.50095208  0.41498387  3.46585346]", "status": "2", "success": "False", "message": "Maximum number of function evaluations has been exceeded.", "nfev": "100", "fun": "0.5380550622940063", "maxcv": "0.0"}, "2": {"maxiter": 100, "tol": 1e-10, "catol": 1e-05, "duration": 0.0349879264831543, "x": "[ 3.2392952   1.84730599  1.38563011 -1.50095208  0.41498387  3.46585346]", "status": "2", "success": "False", "message": "Maximum number of function evaluations has been exceeded.", "nfev": "100", "fun": "0.5380550622940063", "maxcv": "0.0"}, "3": {"maxiter": 100, "tol": 1e-10, "catol": 1e-10, "duration": 0.040618896484375, "x": "[ 3.2392952   1.84730599  1.38563011 -1.50095208  0.41498387  3.46585346]", "status": "2", "success": "False", "message": "Maximum number of function evaluations has been exceeded.", "nfev": "100", "fun": "0.5380550622940063", "maxcv": "0.0"}, "4": {"maxiter": 500, "tol": 1e-05, "catol": 1e-05, "duration": 0.1572892665863037, "x": "[ 3.83561319  3.28461141  2.85939672 -2.08468324 -0.19030523  3.5236429 ]", "status": "2", "success": "False", "message": "Maximum number of function evaluations has been exceeded.", "nfev": "500", "fun": "0.5187023282051086", "maxcv": "0.0"}, "5": {"maxiter": 500, "tol": 1e-05, "catol": 1e-10, "duration": 0.14264702796936035, "x": "[ 3.83561319  3.28461141  2.85939672 -2.08468324 -0.19030523  3.5236429 ]", "status": "2", "success": "False", "message": "Maximum number of function evaluations has been exceeded.", "nfev": "500", "fun": "0.5187023282051086", "maxcv": "0.0"}, "6": {"maxiter": 500, "tol": 1e-10, "catol": 1e-05, "duration": 0.14167308807373047, "x": "[ 3.83561319  3.28461141  2.85939672 -2.08468324 -0.19030523  3.5236429 ]", "status": "2", "success": "False", "message": "Maximum number of function evaluations has been exceeded.", "nfev": "500", "fun": "0.5187023282051086", "maxcv": "0.0"}, "7": {"maxiter": 500, "tol": 1e-10, "catol": 1e-10, "duration": 0.15038418769836426, "x": "[ 3.83561319  3.28461141  2.85939672 -2.08468324 -0.19030523  3.5236429 ]", "status": "2", "success": "False", "message": "Maximum number of function evaluations has been exceeded.", "nfev": "500", "fun": "0.5187023282051086", "maxcv": "0.0"}, "8": {"maxiter": 1000, "tol": 1e-05, "catol": 1e-05, "duration": 0.27748608589172363, "x": "[ 4.75895405  3.33807088  3.07339208 -2.65493144 -2.70311278  2.44751255]", "status": "2", "success": "False", "message": "Maximum number of function evaluations has been exceeded.", "nfev": "1000", "fun": "0.43658730387687683", "maxcv": "0.0"}, "9": {"maxiter": 1000, "tol": 1e-05, "catol": 1e-10, "duration": 0.2526710033416748, "x": "[ 4.75895405  3.33807088  3.07339208 -2.65493144 -2.70311278  2.44751255]", "status": "2", "success": "False", "message": "Maximum number of function evaluations has been exceeded.", "nfev": "1000", "fun": "0.43658730387687683", "maxcv": "0.0"}, "10": {"maxiter": 1000, "tol": 1e-10, "catol": 1e-05, "duration": 0.24808788299560547, "x": "[ 4.75895405  3.33807088  3.07339208 -2.65493144 -2.70311278  2.44751255]", "status": "2", "success": "False", "message": "Maximum number of function evaluations has been exceeded.", "nfev": "1000", "fun": "0.43658730387687683", "maxcv": "0.0"}, "11": {"maxiter": 1000, "tol": 1e-10, "catol": 1e-10, "duration": 0.2974550724029541, "x": "[ 4.75895405  3.33807088  3.07339208 -2.65493144 -2.70311278  2.44751255]", "status": "2", "success": "False", "message": "Maximum number of function evaluations has been exceeded.", "nfev": "1000", "fun": "0.43658730387687683", "maxcv": "0.0"}}, "powell": {"0": {"maxiter": 100, "ftol": 1e-05, "xtol": 1e-05, "duration": 0.3326098918914795, "fun": "0.4349747896194458", "direc": "[[ 1.          0.          0.          0.          0.          0.        ]\n [-0.16766049 -0.009907    0.12436656  0.0703244   0.44208534  0.33202306]\n [ 0.          0.          1.          0.          0.          0.        ]\n [ 0.01748811 -0.00425055 -0.00643549  0.03458736  0.01254776  0.0343637 ]\n [-0.05637571 -0.38274967  0.03344868  0.13554257  0.01113649 -0.31572331]\n [-0.00825986  0.01418542  0.01011365  0.01710311 -0.00839863 -0.01681825]]", "nit": "12", "nfev": "1059", "status": "0", "success": "True", "message": "Optimization terminated successfully.", "x": "[-1.49356464 -2.96066179  3.07473749  3.6637302   3.2962225   2.22963962]"}, "1": {"maxiter": 100, "ftol": 1e-05, "xtol": 1e-10, "duration": 0.6905033588409424, "fun": "0.43497443199157715", "direc": "[[ 1.          0.          0.          0.          0.          0.        ]\n [-0.16798282 -0.01015957  0.12270935  0.06958271  0.44390494  0.33297831]\n [ 0.          0.          1.          0.          0.          0.        ]\n [ 0.01760606 -0.00429173 -0.00659689  0.03422309  0.01119969  0.03365328]\n [-0.0543267  -0.37645561  0.03348034  0.13392116  0.01109182 -0.31236438]\n [-0.00916749  0.01431923  0.01061177  0.01740895 -0.01051769 -0.01900822]]", "nit": "12", "nfev": "2531", "status": "0", "success": "True", "message": "Optimization terminated successfully.", "x": "[-1.49376413 -2.96057911  3.07468946  3.66408953  3.29533229  2.22899516]"}, "2": {"maxiter": 100, "ftol": 1e-10, "xtol": 1e-05, "duration": 0.42647600173950195, "fun": "0.4349724054336548", "direc": "[[-8.25985637e-03  1.41854221e-02  1.01136484e-02  1.71031054e-02\n  -8.39862514e-03 -1.68182536e-02]\n [-1.67660487e-01 -9.90699924e-03  1.24366557e-01  7.03244028e-02\n   4.42085341e-01  3.32023056e-01]\n [ 0.00000000e+00  0.00000000e+00  1.00000000e+00  0.00000000e+00\n   0.00000000e+00  0.00000000e+00]\n [ 1.74881134e-02 -4.25055351e-03 -6.43549078e-03  3.45873598e-02\n   1.25477643e-02  3.43637028e-02]\n [-5.63757081e-02 -3.82749667e-01  3.34486803e-02  1.35542569e-01\n   1.11364942e-02 -3.15723314e-01]\n [-7.70018240e-04 -6.57989865e-04 -9.43636732e-04  1.02980572e-03\n  -5.29902988e-03 -2.80018252e-03]]", "nit": "16", "nfev": "1713", "status": "0", "success": "True", "message": "Optimization terminated successfully.", "x": "[-1.49472144 -2.96254891  3.07432107  3.66497095  3.28876414  2.22672413]"}, "3": {"maxiter": 100, "ftol": 1e-10, "xtol": 1e-10, "duration": 0.8826570510864258, "fun": "0.4349724352359772", "direc": "[[-9.16748860e-03  1.43192302e-02  1.06117731e-02  1.74089533e-02\n  -1.05176898e-02 -1.90082173e-02]\n [-1.67982821e-01 -1.01595662e-02  1.22709354e-01  6.95827097e-02\n   4.43904938e-01  3.32978305e-01]\n [ 0.00000000e+00  0.00000000e+00  1.00000000e+00  0.00000000e+00\n   0.00000000e+00  0.00000000e+00]\n [ 1.76060576e-02 -4.29172841e-03 -6.59689436e-03  3.42230880e-02\n   1.11996924e-02  3.36532840e-02]\n [-5.43266956e-02 -3.76455608e-01  3.34803369e-02  1.33921163e-01\n   1.10918209e-02 -3.12364384e-01]\n [-4.69674331e-04 -5.51617090e-04 -1.18999068e-03  4.30718471e-04\n  -4.67786564e-03 -1.79289947e-03]]", "nit": "16", "nfev": "3583", "status": "0", "success": "True", "message": "Optimization terminated successfully.", "x": "[-1.49486655 -2.9625859   3.07393532  3.66475787  3.28903306  2.22690741]"}, "4": {"maxiter": 500, "ftol": 1e-05, "xtol": 1e-05, "duration": 0.27343106269836426, "fun": "0.4349747896194458", "direc": "[[ 1.          0.          0.          0.          0.          0.        ]\n [-0.16766049 -0.009907    0.12436656  0.0703244   0.44208534  0.33202306]\n [ 0.          0.          1.          0.          0.          0.        ]\n [ 0.01748811 -0.00425055 -0.00643549  0.03458736  0.01254776  0.0343637 ]\n [-0.05637571 -0.38274967  0.03344868  0.13554257  0.01113649 -0.31572331]\n [-0.00825986  0.01418542  0.01011365  0.01710311 -0.00839863 -0.01681825]]", "nit": "12", "nfev": "1059", "status": "0", "success": "True", "message": "Optimization terminated successfully.", "x": "[-1.49356464 -2.96066179  3.07473749  3.6637302   3.2962225   2.22963962]"}, "5": {"maxiter": 500, "ftol": 1e-05, "xtol": 1e-10, "duration": 0.6231961250305176, "fun": "0.43497443199157715", "direc": "[[ 1.          0.          0.          0.          0.          0.        ]\n [-0.16798282 -0.01015957  0.12270935  0.06958271  0.44390494  0.33297831]\n [ 0.          0.          1.          0.          0.          0.        ]\n [ 0.01760606 -0.00429173 -0.00659689  0.03422309  0.01119969  0.03365328]\n [-0.0543267  -0.37645561  0.03348034  0.13392116  0.01109182 -0.31236438]\n [-0.00916749  0.01431923  0.01061177  0.01740895 -0.01051769 -0.01900822]]", "nit": "12", "nfev": "2531", "status": "0", "success": "True", "message": "Optimization terminated successfully.", "x": "[-1.49376413 -2.96057911  3.07468946  3.66408953  3.29533229  2.22899516]"}, "6": {"maxiter": 500, "ftol": 1e-10, "xtol": 1e-05, "duration": 0.46805500984191895, "fun": "0.4349724054336548", "direc": "[[-8.25985637e-03  1.41854221e-02  1.01136484e-02  1.71031054e-02\n  -8.39862514e-03 -1.68182536e-02]\n [-1.67660487e-01 -9.90699924e-03  1.24366557e-01  7.03244028e-02\n   4.42085341e-01  3.32023056e-01]\n [ 0.00000000e+00  0.00000000e+00  1.00000000e+00  0.00000000e+00\n   0.00000000e+00  0.00000000e+00]\n [ 1.74881134e-02 -4.25055351e-03 -6.43549078e-03  3.45873598e-02\n   1.25477643e-02  3.43637028e-02]\n [-5.63757081e-02 -3.82749667e-01  3.344868