{"conf_id": 25, "data_type": "random\n", "num_data_points": 2, "s_rank": 0, "unitary": "[[-0.45070455-0.02711853j,0.78437395-0.06613086j,0.06358678+0.19963393j,-0.07343613+0.35668523j],[-0.01890143-0.03813363j,0.32408202+0.25557629j,0.05872864-0.68979805j,0.55466693-0.20227297j],[-0.11215405+0.64023111j,-0.13344055+0.29565494j,-0.49012687-0.19046288j,-0.04241254+0.44046348j],[0.55771659+0.24656916j,0.31851997-0.05798805j,0.28761525-0.34294258j,-0.56718418+0.03616933j]]", "databatch_0": {"databatch": "[[[-0.07081529+0.08905415j,-0.26158577-0.06300119j,0.14021768-0.23580599j,-0.01968963-0.38264093j],[0.05777813-0.02804895j,0.2305822+0.17523233j,-0.18200426+0.11428009j,-0.15679354+0.30805486j],[0.0190126-0.20095842j,0.18952939+0.03661155j,-0.00560675+0.34620617j,0.20900895+0.3057719j],[-0.07587311-0.1159117j,-0.12812261+0.06446401j,0.14423206+0.0675524j,0.11922492-0.156528j]],[[-0.04879438+0.02707365j,-0.01850442-0.1497691j,0.01410911-0.04488274j,-0.01184736-0.06142321j],[0.08085157+0.24173026j,-0.47607215+0.06084011j,-0.16256959+0.15253179j,-0.25185219+0.09725848j],[-0.12379929+0.15566073j,-0.26355349-0.29383038j,-0.17364631-0.06583059j,-0.17476867-0.13239425j],[-0.05585261-0.18933562j,0.41689448+0.00387472j,0.12224887-0.04902478j,0.200559-0.04263843j]]]", "nelder_mead": {"0": {"maxiter": 100, "fatol": 1e-05, "xatol": 1e-05, "duration": 0.0402529239654541, "fun": "0.15199081599712372", "nit": "100", "nfev": "160", "status": "2", "success": "False", "message": "Maximum number of iterations has been exceeded.", "x": "[1.5360248  2.28365916 5.69561765 1.0505673  4.4827074  5.27396096]", "final_simplex": "(array([[1.5360248 , 2.28365916, 5.69561765, 1.0505673 , 4.4827074 ,\n        5.27396096],\n       [1.56378899, 2.3421539 , 5.73641543, 1.05416804, 4.44970356,\n        5.35026364],\n       [1.55865128, 2.35002254, 5.68405993, 1.05448268, 4.44909426,\n        5.29544502],\n       [1.54825344, 2.29772246, 5.69817604, 1.05325751, 4.44956303,\n        5.29713792],\n       [1.54063844, 2.34161577, 5.71926986, 1.05570799, 4.44887719,\n        5.34638839],\n       [1.53430191, 2.3549002 , 5.72351814, 1.05146051, 4.44640044,\n        5.28344408],\n       [1.52777675, 2.32212758, 5.7253237 , 1.05036541, 4.46551435,\n        5.33130587]]), array([0.15199082, 0.15209451, 0.1521749 , 0.15255222, 0.15277363,\n       0.15283673, 0.15289889]))"}, "1": {"maxiter": 100, "fatol": 1e-05, "xatol": 1e-10, "duration": 0.04033994674682617, "fun": "0.15199081599712372", "nit": "100", "nfev": "160", "status": "2", "success": "False", "message": "Maximum number of iterations has been exceeded.", "x": "[1.5360248  2.28365916 5.69561765 1.0505673  4.4827074  5.27396096]", "final_simplex": "(array([[1.5360248 , 2.28365916, 5.69561765, 1.0505673 , 4.4827074 ,\n        5.27396096],\n       [1.56378899, 2.3421539 , 5.73641543, 1.05416804, 4.44970356,\n        5.35026364],\n       [1.55865128, 2.35002254, 5.68405993, 1.05448268, 4.44909426,\n        5.29544502],\n       [1.54825344, 2.29772246, 5.69817604, 1.05325751, 4.44956303,\n        5.29713792],\n       [1.54063844, 2.34161577, 5.71926986, 1.05570799, 4.44887719,\n        5.34638839],\n       [1.53430191, 2.3549002 , 5.72351814, 1.05146051, 4.44640044,\n        5.28344408],\n       [1.52777675, 2.32212758, 5.7253237 , 1.05036541, 4.46551435,\n        5.33130587]]), array([0.15199082, 0.15209451, 0.1521749 , 0.15255222, 0.15277363,\n       0.15283673, 0.15289889]))"}, "2": {"maxiter": 100, "fatol": 1e-10, "xatol": 1e-05, "duration": 0.04054093360900879, "fun": "0.15199081599712372", "nit": "100", "nfev": "160", "status": "2", "success": "False", "message": "Maximum number of iterations has been exceeded.", "x": "[1.5360248  2.28365916 5.69561765 1.0505673  4.4827074  5.27396096]", "final_simplex": "(array([[1.5360248 , 2.28365916, 5.69561765, 1.0505673 , 4.4827074 ,\n        5.27396096],\n       [1.56378899, 2.3421539 , 5.73641543, 1.05416804, 4.44970356,\n        5.35026364],\n       [1.55865128, 2.35002254, 5.68405993, 1.05448268, 4.44909426,\n        5.29544502],\n       [1.54825344, 2.29772246, 5.69817604, 1.05325751, 4.44956303,\n        5.29713792],\n       [1.54063844, 2.34161577, 5.71926986, 1.05570799, 4.44887719,\n        5.34638839],\n       [1.53430191, 2.3549002 , 5.72351814, 1.05146051, 4.44640044,\n        5.28344408],\n       [1.52777675, 2.32212758, 5.7253237 , 1.05036541, 4.46551435,\n        5.33130587]]), array([0.15199082, 0.15209451, 0.1521749 , 0.15255222, 0.15277363,\n       0.15283673, 0.15289889]))"}, "3": {"maxiter": 100, "fatol": 1e-10, "xatol": 1e-10, "duration": 0.04058694839477539, "fun": "0.15199081599712372", "nit": "100", "nfev": "160", "status": "2", "success": "False", "message": "Maximum number of iterations has been exceeded.", "x": "[1.5360248  2.28365916 5.69561765 1.0505673  4.4827074  5.27396096]", "final_simplex": "(array([[1.5360248 , 2.28365916, 5.69561765, 1.0505673 , 4.4827074 ,\n        5.27396096],\n       [1.56378899, 2.3421539 , 5.73641543, 1.05416804, 4.44970356,\n        5.35026364],\n       [1.55865128, 2.35002254, 5.68405993, 1.05448268, 4.44909426,\n        5.29544502],\n       [1.54825344, 2.29772246, 5.69817604, 1.05325751, 4.44956303,\n        5.29713792],\n       [1.54063844, 2.34161577, 5.71926986, 1.05570799, 4.44887719,\n        5.34638839],\n       [1.53430191, 2.3549002 , 5.72351814, 1.05146051, 4.44640044,\n        5.28344408],\n       [1.52777675, 2.32212758, 5.7253237 , 1.05036541, 4.46551435,\n        5.33130587]]), array([0.15199082, 0.15209451, 0.1521749 , 0.15255222, 0.15277363,\n       0.15283673, 0.15289889]))"}, "4": {"maxiter": 500, "fatol": 1e-05, "xatol": 1e-05, "duration": 0.14334797859191895, "fun": "0.14016804099082947", "nit": "332", "nfev": "555", "status": "0", "success": "True", "message": "Optimization terminated successfully.", "x": "[1.70967087 2.29151222 5.71922482 1.22470965 4.6872522  5.24181578]", "final_simplex": "(array([[1.70967087, 2.29151222, 5.71922482, 1.22470965, 4.6872522 ,\n        5.24181578],\n       [1.70967225, 2.29151227, 5.71922618, 1.22471353, 4.68725327,\n        5.24181564],\n       [1.7096721 , 2.29150986, 5.71922654, 1.22471282, 4.687253  ,\n        5.2418174 ],\n       [1.70967109, 2.29151419, 5.7192283 , 1.22471293, 4.68725153,\n        5.24181773],\n       [1.70967121, 2.29151211, 5.71922668, 1.22471354, 4.68725388,\n        5.2418139 ],\n       [1.70967151, 2.29151236, 5.71922797, 1.22471484, 4.68725115,\n        5.2418154 ],\n       [1.70966919, 2.2915114 , 5.71922718, 1.22471384, 4.68725176,\n        5.24181623]]), array([0.14016804, 0.14016804, 0.14016804, 0.14016804, 0.14016804,\n       0.14016804, 0.14016804]))"}, "5": {"maxiter": 500, "fatol": 1e-05, "xatol": 1e-10, "duration": 0.17314696311950684, "fun": "0.14016804099082947", "nit": "348", "nfev": "683", "status": "0", "success": "True", "message": "Optimization terminated successfully.", "x": "[1.70967087 2.29151222 5.71922482 1.22470965 4.6872522  5.24181578]", "final_simplex": "(array([[1.70967087, 2.29151222, 5.71922482, 1.22470965, 4.6872522 ,\n        5.24181578],\n       [1.70967087, 2.29151222, 5.71922482, 1.22470965, 4.6872522 ,\n        5.24181578],\n       [1.70967087, 2.29151222, 5.71922482, 1.22470965, 4.6872522 ,\n        5.24181578],\n       [1.70967087, 2.29151222, 5.71922482, 1.22470965, 4.6872522 ,\n        5.24181578],\n       [1.70967087, 2.29151222, 5.71922482, 1.22470965, 4.6872522 ,\n        5.24181578],\n       [1.70967087, 2.29151222, 5.71922482, 1.22470965, 4.6872522 ,\n        5.24181578],\n       [1.70967087, 2.29151222, 5.71922482, 1.22470965, 4.6872522 ,\n        5.24181578]]), array([0.14016804, 0.14016804, 0.14016804, 0.14016804, 0.14016804,\n       0.14016804, 0.14016804]))"}, "6": {"maxiter": 500, "fatol": 1e-10, "xatol": 1e-05, "duration": 0.1394498348236084, "fun": "0.14016804099082947", "nit": "332", "nfev": "555", "status": "0", "success": "True", "message": "Optimization terminated successfully.", "x": "[1.70967087 2.29151222 5.71922482 1.22470965 4.6872522  5.24181578]", "final_simplex": "(array([[1.70967087, 2.29151222, 5.71922482, 1.22470965, 4.6872522 ,\n        5.24181578],\n       [1.70967225, 2.29151227, 5.71922618, 1.22471353, 4.68725327,\n        5.24181564],\n       [1.7096721 , 2.29150986, 5.71922654, 1.22471282, 4.687253  ,\n        5.2418174 ],\n       [1.70967109, 2.29151419, 5.7192283 , 1.22471293, 4.68725153,\n        5.24181773],\n       [1.70967121, 2.29151211, 5.71922668, 1.22471354, 4.68725388,\n        5.2418139 ],\n       [1.70967151, 2.29151236, 5.71922797, 1.22471484, 4.68725115,\n        5.2418154 ],\n       [1.70966919, 2.2915114 , 5.71922718, 1.22471384, 4.68725176,\n        5.24181623]]), array([0.14016804, 0.14016804, 0.14016804, 0.14016804, 0.14016804,\n       0.14016804, 0.14016804]))"}, "7": {"maxiter": 500, "fatol": 1e-10, "xatol": 1e-10, "duration": 0.16990900039672852, "fun": "0.14016804099082947", "nit": "348", "nfev": "683", "status": "0", "success": "True", "message": "Optimization terminated successfully.", "x": "[1.70967087 2.29151222 5.71922482 1.22470965 4.6872522  5.24181578]", "final_simplex": "(array([[1.70967087, 2.29151222, 5.71922482, 1.22470965, 4.6872522 ,\n        5.24181578],\n       [1.70967087, 2.29151222, 5.71922482, 1.22470965, 4.6872522 ,\n        5.24181578],\n       [1.70967087, 2.29151222, 5.71922482, 1.22470965, 4.6872522 ,\n        5.24181578],\n       [1.70967087, 2.29151222, 5.71922482, 1.22470965, 4.6872522 ,\n        5.24181578],\n       [1.70967087, 2.29151222, 5.71922482, 1.22470965, 4.6872522 ,\n        5.24181578],\n       [1.70967087, 2.29151222, 5.71922482, 1.22470965, 4.6872522 ,\n        5.24181578],\n       [1.70967087, 2.29151222, 5.71922482, 1.22470965, 4.6872522 ,\n        5.24181578]]), array([0.14016804, 0.14016804, 0.14016804, 0.14016804, 0.14016804,\n       0.14016804, 0.14016804]))"}, "8": {"maxiter": 1000, "fatol": 1e-05, "xatol": 1e-05, "duration": 0.13823795318603516, "fun": "0.14016804099082947", "nit": "332", "nfev": "555", "status": "0", "success": "True", "message": "Optimization terminated successfully.", "x": "[1.70967087 2.29151222 5.71922482 1.22470965 4.6872522  5.24181578]", "final_simplex": "(array([[1.70967087, 2.29151222, 5.71922482, 1.22470965, 4.6872522 ,\n        5.24181578],\n       [1.70967225, 2.29151227, 5.71922618, 1.22471353, 4.68725327,\n        5.24181564],\n       [1.7096721 , 2.29150986, 5.71922654, 1.22471282, 4.687253  ,\n        5.2418174 ],\n       [1.70967109, 2.29151419, 5.7192283 , 1.22471293, 4.68725153,\n        5.24181773],\n       [1.70967121, 2.29151211, 5.71922668, 1.22471354, 4.68725388,\n        5.2418139 ],\n       [1.70967151, 2.29151236, 5.71922797, 1.22471484, 4.68725115,\n        5.2418154 ],\n       [1.70966919, 2.2915114 , 5.71922718, 1.22471384, 4.68725176,\n        5.24181623]]), array([0.14016804, 0.14016804, 0.14016804, 0.14016804, 0.14016804,\n       0.14016804, 0.14016804]))"}, "9": {"maxiter": 1000, "fatol": 1e-05, "xatol": 1e-10, "duration": 0.19484376907348633, "fun": "0.14016804099082947", "nit": "348", "nfev": "683", "status": "0", "success": "True", "message": "Optimization terminated successfully.", "x": "[1.70967087 2.29151222 5.71922482 1.22470965 4.6872522  5.24181578]", "final_simplex": "(array([[1.70967087, 2.29151222, 5.71922482, 1.22470965, 4.6872522 ,\n        5.24181578],\n       [1.70967087, 2.29151222, 5.71922482, 1.22470965, 4.6872522 ,\n        5.24181578],\n       [1.70967087, 2.29151222, 5.71922482, 1.22470965, 4.6872522 ,\n        5.24181578],\n       [1.70967087, 2.29151222, 5.71922482, 1.22470965, 4.6872522 ,\n        5.24181578],\n       [1.70967087, 2.29151222, 5.71922482, 1.22470965, 4.6872522 ,\n        5.24181578],\n       [1.70967087, 2.29151222, 5.71922482, 1.22470965, 4.6872522 ,\n        5.24181578],\n       [1.70967087, 2.29151222, 5.71922482, 1.22470965, 4.6872522 ,\n        5.24181578]]), array([0.14016804, 0.14016804, 0.14016804, 0.14016804, 0.14016804,\n       0.14016804, 0.14016804]))"}, "10": {"maxiter": 1000, "fatol": 1e-10, "xatol": 1e-05, "duration": 0.1450967788696289, "fun": "0.14016804099082947", "nit": "332", "nfev": "555", "status": "0", "success": "True", "message": "Optimization terminated successfully.", "x": "[1.70967087 2.29151222 5.71922482 1.22470965 4.6872522  5.24181578]", "final_simplex": "(array([[1.70967087, 2.29151222, 5.71922482, 1.22470965, 4.6872522 ,\n        5.24181578],\n       [1.70967225, 2.29151227, 5.71922618, 1.22471353, 4.68725327,\n        5.24181564],\n       [1.7096721 , 2.29150986, 5.71922654, 1.22471282, 4.687253  ,\n        5.2418174 ],\n       [1.70967109, 2.29151419, 5.7192283 , 1.22471293, 4.68725153,\n        5.24181773],\n       [1.70967121, 2.29151211, 5.71922668, 1.22471354, 4.68725388,\n        5.2418139 ],\n       [1.70967151, 2.29151236, 5.71922797, 1.22471484, 4.68725115,\n        5.2418154 ],\n       [1.70966919, 2.2915114 , 5.71922718, 1.22471384, 4.68725176,\n        5.24181623]]), array([0.14016804, 0.14016804, 0.14016804, 0.14016804, 0.14016804,\n       0.14016804, 0.14016804]))"}, "11": {"maxiter": 1000, "fatol": 1e-10, "xatol": 1e-10, "duration": 0.16670584678649902, "fun": "0.14016804099082947", "nit": "348", "nfev": "683", "status": "0", "success": "True", "message": "Optimization terminated successfully.", "x": "[1.70967087 2.29151222 5.71922482 1.22470965 4.6872522  5.24181578]", "final_simplex": "(array([[1.70967087, 2.29151222, 5.71922482, 1.22470965, 4.6872522 ,\n        5.24181578],\n       [1.70967087, 2.29151222, 5.71922482, 1.22470965, 4.6872522 ,\n        5.24181578],\n       [1.70967087, 2.29151222, 5.71922482, 1.22470965, 4.6872522 ,\n        5.24181578],\n       [1.70967087, 2.29151222, 5.71922482, 1.22470965, 4.6872522 ,\n        5.24181578],\n       [1.70967087, 2.29151222, 5.71922482, 1.22470965, 4.6872522 ,\n        5.24181578],\n       [1.70967087, 2.29151222, 5.71922482, 1.22470965, 4.6872522 ,\n        5.24181578],\n       [1.70967087, 2.29151222, 5.71922482, 1.22470965, 4.6872522 ,\n        5.24181578]]), array([0.14016804, 0.14016804, 0.14016804, 0.14016804, 0.14016804,\n       0.14016804, 0.14016804]))"}}, "bfgs": {"0": {"maxiter": 100, "gtol": 1e-05, "xrtol": 1e-05, "eps": 1e-05, "duration": 0.06610274314880371, "fun": "0.20031675696372986", "jac": "[0. 0. 0. 0. 0. 0.]", "hess_inv": "[[ 3.59896487 -0.79360604  0.77707231 -2.47476123  0.99803465 -0.91530843]\n [-0.79360604  3.58666621 -2.15941011  1.23657845 -0.38821631 -0.38427527]\n [ 0.77707231 -2.15941011  4.30733344 -2.873103   -0.88774914  1.61324032]\n [-2.47476123  1.23657845 -2.873103    5.8132555   0.85226712 -2.84247799]\n [ 0.99803465 -0.38821631 -0.88774914  0.85226712  4.9119246  -1.69277111]\n [-0.91530843 -0.38427527  1.61324032 -2.84247799 -1.69277111  3.65195877]]", "nfev": "259", "njev": "37", "status": "0", "success": "True", "message": "Optimization terminated successfully.", "x": "[-1.19187701  3.09024744  3.99642872  1.1326357   3.21420448  4.15941074]", "nit": "29"}, "1": {"maxiter": 100, "gtol": 1e-05, "xrtol": 1e-05, "eps": 1e-10, "duration": 0.0017409324645996094, "fun": "0.9733487963676453", "jac": "[0. 0. 0. 0. 0. 0.]", "hess_inv": "[[1 0 0 0 0 0]\n [0 1 0 0 0 0]\n [0 0 1 0 0 0]\n [0 0 0 1 0 0]\n [0 0 0 0 1 0]\n [0 0 0 0 0 1]]", "nfev": "7", "njev": "1", "status": "0", "success": "True", "message": "Optimization terminated successfully.", "x": "[2.16243999 4.37080566 3.53308247 1.14091108 3.07430786 4.20378156]", "nit": "0"}, "2": {"maxiter": 100, "gtol": 1e-05, "xrtol": 1e-10, "eps": 1e-05, "duration": 0.06601500511169434, "fun": "0.20031675696372986", "jac": "[0. 0. 0. 0. 0. 0.]", "hess_inv": "[[ 3.59896487 -0.79360604  0.77707231 -2.47476123  0.99803465 -0.91530843]\n [-0.79360604  3.58666621 -2.15941011  1.23657845 -0.38821631 -0.38427527]\n [ 0.77707231 -2.15941011  4.30733344 -2.873103   -0.88774914  1.61324032]\n [-2.47476123  1.23657845 -2.873103    5.8132555   0.85226712 -2.84247799]\n [ 0.99803465 -0.38821631 -0.88774914  0.85226712  4.9119246  -1.69277111]\n [-0.91530843 -0.38427527  1.61324032 -2.84247799 -1.69277111  3.65195877]]", "nfev": "259", "njev": "37", "status": "0", "success": "True", "message": "Optimization terminated successfully.", "x": "[-1.19187701  3.09024744  3.99642872  1.1326357   3.21420448  4.15941074]", "nit": "29"}, "3": {"maxiter": 100, "gtol": 1e-05, "xrtol": 1e-10, "eps": 1e-10, "duration": 0.0017180442810058594, "fun": "0.9733487963676453", "jac": "[0. 0. 0. 0. 0. 0.]", "hess_inv": "[[1 0 0 0 0 0]\n [0 1 0 0 0 0]\n [0 0 1 0 0 0]\n [0 0 0 1 0 0]\n [0 0 0 0 1 0]\n [0 0 0 0 0 1]]", "nfev": "7", "njev": "1", "status": "0", "success": "True", "message": "Optimization terminated successfully.", "x": "[2.16243999 4.37080566 3.53308247 1.14091108 3.07430786 4.20378156]", "nit": "0"}, "4": {"maxiter": 100, "gtol": 1e-10, "xrtol": 1e-05, "eps": 1e-05, "duration": 0.0650489330291748, "fun": "0.20031675696372986", "jac": "[0. 0. 0. 0. 0. 0.]", "hess_inv": "[[ 3.59896487 -0.79360604  0.77707231 -2.47476123  0.99803465 -0.91530843]\n [-0.79360604  3.58666621 -2.15941011  1.23657845 -0.38821631 -0.38427527]\n [ 0.77707231 -2.15941011  4.30733344 -2.873103   -0.88774914  1.61324032]\n [-2.47476123  1.23657845 -2.873103    5.8132555   0.85226712 -2.84247799]\n [ 0.99803465 -0.38821631 -0.88774914  0.85226712  4.9119246  -1.69277111]\n [-0.91530843 -0.38427527  1.61324032 -2.84247799 -1.69277111  3.65195877]]", "nfev": "259", "njev": "37", "status": "0", "success": "True", "message": "Optimization terminated successfully.", "x": "[-1.19187701  3.09024744  3.99642872  1.1326357   3.21420448  4.15941074]", "nit": "29"}, "5": {"maxiter": 100, "gtol": 1e-10, "xrtol": 1e-05, "eps": 1e-10, "duration": 0.001895904541015625, "fun": "0.9733487963676453", "jac": "[0. 0. 0. 0. 0. 0.]", "hess_inv": "[[1 0 0 0 0 0]\n [0 1 0 0 0 0]\n [0 0 1 0 0 0]\n [0 0 0 1 0 0]\n [0 0 0 0 1 0]\n [0 0 0 0 0 1]]", "nfev": "7", "njev": "1", "status": "0", "success": "True", "message": "Optimization terminated successfully.", "x": "[2.16243999 4.37080566 3.53308247 1.14091108 3.07430786 4.20378156]", "nit": "0"}, "6": {"maxiter": 100, "gtol": 1e-10, "xrtol": 1e-10, "eps": 1e-05, "duration": 0.0654599666595459, "fun": "0.20031675696372986", "jac": "[0. 0. 0. 0. 0. 0.]", "hess_inv": "[[ 3.59896487 -0.79360604  0.77707231 -2.47476123  0.99803465 -0.91530843]\n [-0.79360604  3.58666621 -2.15941011  1.23657845 -0.38821631 -0.38427527]\n [ 0.77707231 -2.15941011  4.30733344 -2.873103   -0.88774914  1.61324032]\n [-2.47476123  1.23657845 -2.873103    5.8132555   0.85226712 -2.84247799]\n [ 0.99803465 -0.38821631 -0.88774914  0.85226712  4.9119246  -1.69277111]\n [-0.91530843 -0.38427527  1.61324032 -2.84247799 -1.69277111  3.65195877]]", "nfev": "259", "njev": "37", "status": "0", "success": "True", "message": "Optimization terminated successfully.", "x": "[-1.19187701  3.09024744  3.99642872  1.1326357   3.21420448  4.15941074]", "nit": "29"}, "7": {"maxiter": 100, "gtol": 1e-10, "xrtol": 1e-10, "eps": 1e-10, "duration": 0.0017168521881103516, "fun": "0.9733487963676453", "jac": "[0. 0. 0. 0. 0. 0.]", "hess_inv": "[[1 0 0 0 0 0]\n [0 1 0 0 0 0]\n [0 0 1 0 0 0]\n [0 0 0 1 0 0]\n [0 0 0 0 1 0]\n [0 0 0 0 0 1]]", "nfev": "7", "njev": "1", "status": "0", "success": "True", "message": "Optimization terminated successfully.", "x": "[2.16243999 4.37080566 3.53308247 1.14091108 3.07430786 4.20378156]", "nit": "0"}, "8": {"maxiter": 500, "gtol": 1e-05, "xrtol": 1e-05, "eps": 1e-05, "duration": 0.06558799743652344, "fun": "0.20031675696372986", "jac": "[0. 0. 0. 0. 0. 0.]", "hess_inv": "[[ 3.59896487 -0.79360604  0.77707231 -2.47476123  0.99803465 -0.91530843]\n [-0.79360604  3.58666621 -2.15941011  1.23657845 -0.38821631 -0.38427527]\n [ 0.77707231 -2.15941011  4.30733344 -2.873103   -0.88774914  1.61324032]\n [-2.47476123  1.23657845 -2.873103    5.8132555   0.85226712 -2.84247799]\n [ 0.99803465 -0.38821631 -0.88774914  0.85226712  4.9119246  -1.69277111]\n [-0.91530843 -0.38427527  1.61324032 -2.84247799 -1.69277111  3.65195877]]", "nfev": "259", "njev": "37", "status": "0", "success": "True", "message": "Optimization terminated successfully.", "x": "[-1.19187701  3.09024744  3.99642872  1.1326357   3.21420448  4.15941074]", "nit": "29"}, "9": {"maxiter": 500, "gtol": 1e-05, "xrtol": 1e-05, "eps": 1e-10, "duration": 0.0019011497497558594, "fun": "0.9733487963676453", "jac": "[0. 0. 0. 0. 0. 0.]", "hess_inv": "[[1 0 0 0 0 0]\n [0 1 0 0 0 0]\n [0 0 1 0 0 0]\n [0 0 0 1 0 0]\n [0 0 0 0 1 0]\n [0 0 0 0 0 1]]", "nfev": "7", "njev": "1", "status": "0", "success": "True", "message": "Optimization terminated successfully.", "x": "[2.16243999 4.37080566 3.53308247 1.14091108 3.07430786 4.20378156]", "nit": "0"}, "10": {"maxiter": 500, "gtol": 1e-05, "xrtol": 1e-10, "eps": 1e-05, "duration": 0.06539797782897949, "fun": "0.20031675696372986", "jac": "[0. 0. 0. 0. 0. 0.]", "hess_inv": "[[ 3.59896487 -0.79360604  0.77707231 -2.47476123  0.99803465 -0.91530843]\n [-0.79360604  3.58666621 -2.15941011  1.23657845 -0.38821631 -0.38427527]\n [ 0.77707231 -2.15941011  4.30733344 -2.873103   -0.88774914  1.61324032]\n [-2.47476123  1.23657845 -2.873103    5.8132555   0.85226712 -2.84247799]\n [ 0.99803465 -0.38821631 -0.88774914  0.85226712  4.9119246  -1.69277111]\n [-0.91530843 -0.38427527  1.61324032 -2.84247799 -1.69277111  3.65195877]]", "nfev": "259", "njev": "37", "status": "0", "success": "True", "message": "Optimization terminated successfully.", "x": "[-1.19187701  3.09024744  3.99642872  1.1326357   3.21420448  4.15941074]", "nit": "29"}, "11": {"maxiter": 500, "gtol": 1e-05, "xrtol": 1e-10, "eps": 1e-10, "duration": 0.0017399787902832031, "fun": "0.9733487963676453", "jac": "[0. 0. 0. 0. 0. 0.]", "hess_inv": "[[1 0 0 0 0 0]\n [0 1 0 0 0 0]\n [0 0 1 0 0 0]\n [0 0 0 1 0 0]\n [0 0 0 0 1 0]\n [0 0 0 0 0 1]]", "nfev": "7", "njev": "1", "status": "0", "success": "True", "message": "Optimization terminated successfully.", "x": "[2.16243999 4.37080566 3.53308247 1.14091108 3.07430786 4.20378156]", "nit": "0"}, "12": {"maxiter": 500, "gtol": 1e-10, "xrtol": 1e-05, "eps": 1e-05, "duration": 0.06603813171386719, "fun": "0.20031675696372986", "jac": "[0. 0. 0. 0. 0. 0.]", "hess_inv": "[[ 3.59896487 -0.79360604  0.77707231 -2.47476123  0.99803465 -0.91530843]\n [-0.79360604  3.58666621 -2.15941011  1.23657845 -0.38821631 -0.38427527]\n [ 0.77707231 -2.15941011  4.30733344 -2.873103   -0.88774914  1.61324032]\n [-2.47476123  1.23657845 -2.873103    5.8132555   0.85226712 -2.84247799]\n [ 0.99803465 -0.38821631 -0.88774914  0.85226712  4.9119246  -1.69277111]\n [-0.91530843 -0.38427527  1.61324032 -2.84247799 -1.69277111  3.65195877]]", "nfev": "259", "njev": "37", "status": "0", "success": "True", "message": "Optimization terminated successfully.", "x": "[-1.19187701  3.09024744  3.99642872  1.1326357   3.21420448  4.15941074]", "nit": "29"}, "13": {"maxiter": 500, "gtol": 1e-10, "xrtol": 1e-05, "eps": 1e-10, "duration": 0.0017757415771484375, "fun": "0.9733487963676453", "jac": "[0. 0. 0. 0. 0. 0.]", "hess_inv": "[[1 0 0 0 0 0]\n [0 1 0 0 0 0]\n [0 0 1 0 0 0]\n [0 0 0 1 0 0]\n [0 0 0 0 1 0]\n [0 0 0 0 0 1]]", "nfev": "7", "njev": "1", "status": "0", "success": "True", "message": "Optimization terminated successfully.", "x": "[2.16243999 4.37080566 3.53308247 1.14091108 3.07430786 4.20378156]", "nit": "0"}, "14": {"maxiter": 500, "gtol": 1e-10, "xrtol": 1e-10, "eps": 1e-05, "duration": 0.06644511222839355, "fun": "0.20031675696372986", "jac": "[0. 0. 0. 0. 0. 0.]", "hess_inv": "[[ 3.59896487 -0.79360604  0.77707231 -2.47476123  0.99803465 -0.91530843]\n [-0.79360604  3.58666621 -2.15941011  1.23657845 -0.38821631 -0.38427527]\n [ 0.77707231 -2.15941011  4.30733344 -2.873103   -0.88774914  1.61324032]\n [-2.47476123  1.23657845 -2.873103    5.8132555   0.85226712 -2.84247799]\n [ 0.99803465 -0.38821631 -0.88774914  0.85226712  4.9119246  -1.69277111]\n [-0.91530843 -0.38427527  1.61324032 -2.84247799 -1.69277111  3.65195877]]", "nfev": "259", "njev": "37", "status": "0", "success": "True", "message": "Optimization terminated successfully.", "x": "[-1.19187701  3.09024744  3.99642872  1.1326357   3.21420448  4.15941074]", "nit": "29"}, "15": {"maxiter": 500, "gtol": 1e-10, "xrtol": 1e-10, "eps": 1e-10, "duration": 0.0017209053039550781, "fun": "0.9733487963676453", "jac": "[0. 0. 0. 0. 0. 0.]", "hess_inv": "[[1 0 0 0 0 0]\n [0 1 0 0 0 0]\n [0 0 1 0 0 0]\n [0 0 0 1 0 0]\n [0 0 0 0 1 0]\n [0 0 0 0 0 1]]", "nfev": "7", "njev": "1", "status": "0", "success": "True", "message": "Optimization terminated successfully.", "x": "[2.16243999 4.37080566 3.53308247 1.14091108 3.07430786 4.20378156]", "nit": "0"}, "16": {"maxiter": 1000, "gtol": 1e-05, "xrtol": 1e-05, "eps": 1e-05, "duration": 0.06501412391662598, "fun": "0.20031675696372986", "jac": "[0. 0. 0. 0. 0. 0.]", "hess_inv": "[[ 3.59896487 -0.79360604  0.77707231 -2.47476123  0.99803465 -0.91530843]\n [-0.79360604  3.58666621 -2.15941011  1.23657845 -0.38821631 -0.38427527]\n [ 0.77707231 -2.15941011  4.30733344 -2.873103   -0.88774914  1.61324032]\n [-2.47476123  1.23657845 -2.873103    5.8132555   0.85226712 -2.84247799]\n [ 0.99803465 -0.38821631 -0.88774914  0.85226712  4.9119246  -1.69277111]\n [-0.91530843 -0.38427527  1.61324032 -2.84247799 -1.69277111  3.65195877]]", "nfev": "259", "njev": "37", "status": "0", "success": "True", "message": "Optimization terminated successfully.", "x": "[-1.19187701  3.09024744  3.99642872  1.1326357   3.21420448  4.15941074]", "nit": "29"}, "17": {"maxiter": 1000, "gtol": 1e-05, "xrtol": 1e-05, "eps": 1e-10, "duration": 0.0017240047454833984, "fun": "0.9733487963676453", "jac": "[0. 0. 0. 0. 0. 0.]", "hess_inv": "[[1 0 0 0 0 0]\n [0 1 0 0 0 0]\n [0 0 1 0 0 0]\n [0 0 0 1 0 0]\n [0 0 0 0 1 0]\n [0 0 0 0 0 1]]", "nfev": "7", "njev": "1", "status": "0", "success": "True", "message": "Optimization terminated successfully.", "x": "[2.16243999 4.37080566 3.53308247 1.14091108 3.07430786 4.20378156]", "nit": "0"}, "18": {"maxiter": 1000, "gtol": 1e-05, "xrtol": 1e-10, "eps": 1e-05, "duration": 0.06652474403381348, "fun": "0.20031675696372986", "jac": "[0. 0. 0. 0. 0. 0.]", "hess_inv": "[[ 3.59896487 -0.79360604  0.77707231 -2.47476123  0.99803465 -0.91530843]\n [-0.79360604  3.58666621 -2.15941011  1.23657845 -0.38821631 -0.38427527]\n [ 0.77707231 -2.15941011  4.30733344 -2.873103   -0.88774914  1.61324032]\n [-2.47476123  1.23657845 -2.873103    5.8132555   0.85226712 -2.84247799]\n [ 0.99803465 -0.38821631 -0.88774914  0.85226712  4.9119246  -1.69277111]\n [-0.91530843 -0.38427527  1.61324032 -2.84247799 -1.69277111  3.65195877]]", "nfev": "259", "njev": "37", "status": "0", "success": "True", "message": "Optimization terminated successfully.", "x": "[-1.19187701  3.09024744  3.99642872  1.1326357   3.21420448  4.15941074]", "nit": "29"}, "19": {"maxiter": 1000, "gtol": 1e-05, "xrtol": 1e-10, "eps": 1e-10, "duration": 0.0017249584197998047, "fun": "0.9733487963676453", "jac": "[0. 0. 0. 0. 0. 0.]", "hess_inv": "[[1 0 0 0 0 0]\n [0 1 0 0 0 0]\n [0 0 1 0 0 0]\n [0 0 0 1 0 0]\n [0 0 0 0 1 0]\n [0 0 0 0 0 1]]", "nfev": "7", "njev": "1", "status": "0", "success": "True", "message": "Optimization terminated successfully.", "x": "[2.16243999 4.37080566 3.53308247 1.14091108 3.07430786 4.20378156]", "nit": "0"}, "20": {"maxiter": 1000, "gtol": 1e-10, "xrtol": 1e-05, "eps": 1e-05, "duration": 0.06569790840148926, "fun": "0.20031675696372986", "jac": "[0. 0. 0. 0. 0. 0.]", "hess_inv": "[[ 3.59896487 -0.79360604  0.77707231 -2.47476123  0.99803465 -0.91530843]\n [-0.79360604  3.58666621 -2.15941011  1.23657845 -0.38821631 -0.38427527]\n [ 0.77707231 -2.15941011  4.30733344 -2.873103   -0.88774914  1.61324032]\n [-2.47476123  1.23657845 -2.873103    5.8132555   0.85226712 -2.84247799]\n [ 0.99803465 -0.38821631 -0.88774914  0.85226712  4.9119246  -1.69277111]\n [-0.91530843 -0.38427527  1.61324032 -2.84247799 -1.69277111  3.65195877]]", "nfev": "259", "njev": "37", "status": "0", "success": "True", "message": "Optimization terminated successfully.", "x": "[-1.19187701  3.09024744  3.99642872  1.1326357   3.21420448  4.15941074]", "nit": "29"}, "21": {"maxiter": 1000, "gtol": 1e-10, "xrtol": 1e-05, "eps": 1e-10, "duration": 0.0017180442810058594, "fun": "0.9733487963676453", "jac": "[0. 0. 0. 0. 0. 0.]", "hess_inv": "[[1 0 0 0 0 0]\n [0 1 0 0 0 0]\n [0 0 1 0 0 0]\n [0 0 0 1 0 0]\n [0 0 0 0 1 0]\n [0 0 0 0 0 1]]", "nfev": "7", "njev": "1", "status": "0", "success": "True", "message": "Optimization terminated successfully.", "x": "[2.16243999 4.37080566 3.53308247 1.14091108 3.07430786 4.20378156]", "nit": "0"}, "22": {"maxiter": 1000, "gtol": 1e-10, "xrtol": 1e-10, "eps": 1e-05, "duration": 0.06510162353515625, "fun": "0.20031675696372986", "jac": "[0. 0. 0. 0. 0. 0.]", "hess_inv": "[[ 3.59896487 -0.79360604  0.77707231 -2.47476123  0.99803465 -0.91530843]\n [-0.79360604  3.58666621 -2.15941011  1.23657845 -0.38821631 -0.38427527]\n [ 0.77707231 -2.15941011  4.30733344 -2.873103   -0.88774914  1.61324032]\n [-2.47476123  1.23657845 -2.873103    5.8132555   0.85226712 -2.84247799]\n [ 0.99803465 -0.38821631 -0.88774914  0.85226712  4.9119246  -1.69277111]\n [-0.91530843 -0.38427527  1.61324032 -2.84247799 -1.69277111  3.65195877]]", "nfev": "259", "njev": "37", "status": "0", "success": "True", "message": "Optimization terminated successfully.", "x": "[-1.19187701  3.09024744  3.99642872  1.1326357   3.21420448  4.15941074]", "nit": "29"}, "23": {"maxiter": 1000, "gtol": 1e-10, "xrtol": 1e-10, "eps": 1e-10, "duration": 0.0017020702362060547, "fun": "0.9733487963676453", "jac": "[0. 0. 0. 0. 0. 0.]", "hess_inv": "[[1 0 0 0 0 0]\n [0 1 0 0 0 0]\n [0 0 1 0 0 0]\n [0 0 0 1 0 0]\n [0 0 0 0 1 0]\n [0 0 0 0 0 1]]", "nfev": "7", "njev": "1", "status": "0", "success": "True", "message": "Optimization terminated successfully.", "x": "[2.16243999 4.37080566 3.53308247 1.14091108 3.07430786 4.20378156]", "nit": "0"}}, "cobyla": {"0": {"maxiter": 100, "tol": 1e-05, "catol": 1e-05, "duration": 0.024445772171020508, "x": "[1.20883359 6.26292373 7.11756183 1.14368959 3.22164053 4.17114856]", "status": "2", "success": "False", "message": "Maximum number of function evaluations has been exceeded.", "nfev": "100", "fun": "0.2005399465560913", "maxcv": "0.0"}, "1": {"maxiter": 100, "tol": 1e-05, "catol": 1e-10, "duration": 0.023122072219848633, "x": "[1.20883359 6.26292373 7.11756183 1.14368959 3.22164053 4.17114856]", "status": "2", "success": "False", "message": "Maximum number of function evaluations has been exceeded.", "nfev": "100", "fun": "0.2005399465560913", "maxcv": "0.0"}, "2": {"maxiter": 100, "tol": 1e-10, "catol": 1e-05, "duration": 0.02421402931213379, "x": "[1.20883359 6.26292373 7.11756183 1.14368959 3.22164053 4.17114856]", "status": "2", "success": "False", "message": "Maximum number of function evaluations has been exceeded.", "nfev": "100", "fun": "0.2005399465560913", "maxcv": "0.0"}, "3": {"maxiter": 100, "tol": 1e-10, "catol": 1e-10, "duration": 0.02380204200744629, "x": "[1.20883359 6.26292373 7.11756183 1.14368959 3.22164053 4.17114856]", "status": "2", "success": "False", "message": "Maximum number of function evaluations has been exceeded.", "nfev": "100", "fun": "0.2005399465560913", "maxcv": "0.0"}, "4": {"maxiter": 500, "tol": 1e-05, "catol": 1e-05, "duration": 0.04342222213745117, "x": "[1.18876261 6.23328304 7.13788738 1.13182559 3.2148475  4.16276638]", "status": "1", "success": "True", "message": "Optimization terminated successfully.", "nfev": "175", "fun": "0.20031514763832092", "maxcv": "0.0"}, "5": {"maxiter": 500, "tol": 1e-05, "catol": 1e-10, "duration": 0.04285907745361328, "x": "[1.18876261 6.23328304 7.13788738 1.13182559 3.2148475  4.16276638]", "status": "1", "success": "True", "message": "Optimization terminated successfully.", "nfev": "175", "fun": "0.20031514763832092", "maxcv": "0.0"}, "6": {"maxiter": 500, "tol": 1e-10, "catol": 1e-05, "duration": 0.05139017105102539, "x": "[1.18876261 6.23328304 7.13788738 1.13182559 3.2148475  4.16276638]", "status": "1", "success": "True", "message": "Optimization terminated successfully.", "nfev": "209", "fun": "0.20031514763832092", "maxcv": "0.0"}, "7": {"maxiter": 500, "tol": 1e-10, "catol": 1e-10, "duration": 0.04946494102478027, "x": "[1.18876261 6.23328304 7.13788738 1.13182559 3.2148475  4.16276638]", "status": "1", "success": "True", "message": "Optimization terminated successfully.", "nfev": "209", "fun": "0.20031514763832092", "maxcv": "0.0"}, "8": {"maxiter": 1000, "tol": 1e-05, "catol": 1e-05, "duration": 0.04266691207885742, "x": "[1.18876261 6.23328304 7.13788738 1.13182559 3.2148475  4.16276638]", "status": "1", "success": "True", "message": "Optimization terminated successfully.", "nfev": "175", "fun": "0.20031514763832092", "maxcv": "0.0"}, "9": {"maxiter": 1000, "tol": 1e-05, "catol": 1e-10, "duration": 0.04130101203918457, "x": "[1.18876261 6.23328304 7.13788738 1.13182559 3.2148475  4.16276638]", "status": "1", "success": "True", "message": "Optimization terminated successfully.", "nfev": "175", "fun": "0.20031514763832092", "maxcv": "0.0"}, "10": {"maxiter": 1000, "tol": 1e-10, "catol": 1e-05, "duration": 0.049805641174316406, "x": "[1.18876261 6.23328304 7.13788738 1.13182559 3.2148475  4.16276638]", "status": "1", "success": "True", "message": "Optimization terminated successfully.", "nfev": "209", "fun": "0.20031514763832092", "maxcv": "0.0"}, "11": {"maxiter": 1000, "tol": 1e-10, "catol": 1e-10, "duration": 0.0503082275390625, "x": "[1.18876261 6.23328304 7.13788738 1.13182559 3.2148475  4.16276638]", "status": "1", "success": "True", "message": "Optimization terminated successfully.", "nfev": "209", "fun": "0.20031514763832092", "maxcv": "0.0"}}, "powell": {"0": {"maxiter": 100, "ftol": 1e-05, "xtol": 1e-05, "duration": 0.18092703819274902, "fun": "0.20031531155109406", "direc": "[[ 0.00000000e+00  0.00000000e+00  0.00000000e+00  0.00000000e+00\n   0.00000000e+00  1.00000000e+00]\n [-8.03043121e-02 -1.35051451e-01  6.39341575e-02 -5.08451423e-02\n  -4.57392577e-02 -8.38524557e-02]\n [ 0.00000000e+00  0.00000000e+00  1.00000000e+00  0.00000000e+00\n   0.00000000e+00  0.00000000e+00]\n [-1.11615655e-01 -8.69530848e-02  3.14862310e-02  9.88874133e-02\n  -7.72807781e-02 -7.53048196e-03]\n [ 0.00000000e+00  0.00000000e+00  0.00000000e+00  0.00000000e+00\n   1.00000000e+00  0.00000000e+00]\n [-1.56503230e-02 -1.48892041e-04 -3.03847217e-03  4.43126172e-03\n  -2.57597490e-03 -8.43864439e-04]]", "nit": "8", "nfev": "751", "status": "0", "success": "True", "message": "Optimization terminated successfully.", "x": "[5.09609501 3.09176468 3.99612226 1.13208153 3.21563565 4.16437152]"}, "1": {"maxiter": 100, "ftol": 1e-05, "xtol": 1e-10, "duration": 0.41304898262023926, "fun": "0.2003152072429657", "direc": "[[ 0.00000000e+00  0.00000000e+00  0.00000000e+00  0.00000000e+00\n   0.00000000e+00  1.00000000e+00]\n [-8.03601364e-02 -1.34082597e-01  6.36838790e-02 -5.03470042e-02\n  -4.49925157e-02 -8.38844079e-02]\n [ 0.00000000e+00  0.00000000e+00  1.00000000e+00  0.00000000e+00\n   0.00000000e+00  0.00000000e+00]\n [-1.11837519e-01 -8.72446135e-02  3.19173071e-02  9.87586886e-02\n  -7.75062258e-02 -7.40217892e-03]\n [ 0.00000000e+00  0.00000000e+00  0.00000000e+00  0.00000000e+00\n   1.00000000e+00  0.00000000e+00]\n [-1.60115592e-02  5.55975317e-05 -3.15646893e-03  4.48197601e-03\n  -2.48166448e-03 -1.21828955e-03]]", "nit": "8", "nfev": "1708", "status": "0", "success": "True", "message": "Optimization terminated successfully.", "x": "[5.09562872 3.0919303  3.99603778 1.1322251  3.21558838 4.16402806]"}, "2": {"maxiter": 100, "ftol": 1e-10, "xtol": 1e-05, "duration": 0.3433990478515625, "fun": "0.20031508803367615", "direc": "[[-1.56503230e-02 -1.48892041e-04 -3.03847217e-03  4.43126172e-03\n  -2.57597490e-03 -8.43864439e-04]\n [-8.03043121e-02 -1.35051451e-01  6.39341575e-02 -5.08451423e-02\n  -4.57392577e-02 -8.38524557e-02]\n [ 0.00000000e+00  0.00000000e+00  1.00000000e+00  0.00000000e+00\n   0.00000000e+00  0.00000000e+00]\n [-5.04219305e-04  1.05066094e-04 -1.65884731e-04  5.67024810e-05\n  -1.71385798e-05 -1.02425268e-03]\n [ 0.00000000e+00  0.00000000e+00  0.00000000e+00  0.00000000e+00\n   1.00000000e+00  0.00000000e+00]\n [ 1.77661523e-04  1.35506428e-04 -4.79704691e-05 -1.37523544e-04\n   3.50651641e-05  3.96766596e-05]]", "nit": "12", "nfev": "1433", "status": "0", "success": "True", "message": "Optimization terminated successfully.", "x": "[5.09534711 3.09195817 3.99612399 1.13186609 3.21529919 4.16345316]"}, "3": {"maxiter": 100, "ftol": 1e-10, "xtol": 1e-10, "duration": 0.6013710498809814, "fun": "0.20031510293483734", "direc": "[[-1.60115592e-02  5.55975317e-05 -3.15646893e-03  4.48197601e-03\n  -2.48166448e-03 -1.21828955e-03]\n [-8.03601364e-02 -1.34082597e-01  6.36838790e-02 -5.03470042e-02\n  -4.49925157e-02 -8.38844079e-02]\n [ 0.00000000e+00  0.00000000e+00  1.00000000e+00  0.00000000e+00\n   0.00000000e+00  0.00000000e+00]\n [-1.11837519e-01 -8.72446135e-02  3.19173071e-02  9.87586886e-02\n  -7.75062258e-02 -7.40217892e-03]\n [ 0.00000000e+00  0.00000000e+00  0.00000000e+00  0.00000000e+00\n   1.00000000e+00  0.00000000e+00]\n [-3.70515780e-04  9.05473699e-05 -1.28009373e-04  3.50092584e-05\n  -1.73561784e-05 -7.41649794e-04]]", "nit": "11", "nfev": "2496", "status": "0", "success": "True", "message": "Optimization terminated successfully.", "x": "[5.0957224  3.09227947 3.99609579 1.13192986 3.2154364  4.16350984]"}, "4": {"maxiter": 500, "ftol": 1e-05, "xtol": 1e-05, "duration": 0.18592286109924316, "fun": "0.20031531155109406", "direc": "[[ 0.00000000e+00  0.00000000e+00  0.00000000e+00  0.00000000e+00\n   0.00000000e+00  1.00000000e+00]\n [-8.03043121e-02 -1.35051451e-01  6.39341575e-02 -5.08451423e-02\n  -4.57392577e-02 -8.38524557e-02]\n [ 0.00000000e+00  0.00000000e+00  1.00000000e+00  0.00000000e+00\n   0.00000000e+00  0.00000000e+00]\n [-1.11615655e-01 -8.69530848e-02  3.14862310e-02  9.88874133e-02\n  -7.72807781e-02 -7.53048196e-03]\n [ 0.00000000e+00  0.00000000e+00  0.00000000e+00  0.00000000e+00\n   1.00000000e+00  0.00000000e+00]\n [-1.56503230e-02 -1.48892041e-04 -3.03847217e-03  4.43126172e-03\n  -2.57597490e-03 -8.43864439e-04]]", "nit": "8", "nfev": "751", "status": "0", "success": "True", "message": "Optimization terminated successfully.", "x": "[5.09609501 3.09176468 3.99612226 1.13208153 3.21563565 4.16437152]"}, "5": {"maxiter": 500, "ftol": 1e-05, "xtol": 1e-10, "duration": 0.410297155380249, "fun": "0.2003152072429657", "direc": "[[ 0.00000000e+00  0.00000000e+00  0.00000000e+00  0.00000000e+00\n   0.00000000e+00  1.00000000e+00]\n [-8.03601364e-02 -1.34082597e-01  6.36838790e-02 -5.03470042e-02\n  -4.49925157e-02 -8.38844079e-02]\n [ 0.00000000e+00  0.00000000e+00  1.00000000e+00  0.00000000e+00\n   0.00000000e+00  0.00000000e+00]\n [-1.11837519e-01 -8.72446135e-02  3.19173071e-02  9.87586886e-02\n  -7.75062258e-02 -7.40217892e-03]\n [ 0.00000000e+00  0.00000000e+00  0.00000000e+00  0.00000000e+00\n   1.00000000e+00  0.00000000e+00]\n [-1.60115592e-02  5.55975317e-05 -3.15646893e-03  4.48197601e-03\n  -2.48166448e-03 -1.21828955e-03]]", "nit": "8", "nfev": "1708", "status": "0", "success": "True", "message": "Optimization terminated successfully.", "x": "[5.09562872 3.0919303  3.99603778 1.1322251  3.21558838 4.16402806]"}, "6": {"maxiter": 500, "ftol": 1e-10, "xtol": 1e-05, "duration": 0.3462069034576416, "fun": "0.20031508803367615", "direc": "[[-1.56503230e-02 -1.48892041e-04 -3.03847217e-03  4.43126172e-03\n  -2.57597490e-03 -8.43864439e-04]\n [-8.03043121e-02 -1.35051451e-01  6.39341575e-02 -5.08451423e-02\n  -4.57392577e-02 -8.38524557e-02]\n [ 0.00000000e+00  0.00000000e+00  1.00000000e+00  0.00000000e+00\n   0.00000000e+00  0.00000000e+00]\n [-5.04219305e-04  1.05066094e-04 -1.65884731e-04  5.67024810e-05\n  -1.71385798e-05 -1.02425268e-03]\n [ 0.00000000e+00  0.00000000e+00  0.00000000e+00  0.000000