{"date": "2024/10/08/, 19:01:12", "conf_id": 22, "data_type": "random\n", "num_data_points": 2, "s_rank": 0, "unitary": "[[0.18663085-0.53122324j,-0.11886349-0.70040876j,0.28555095-0.02789305j,-0.12262021-0.2844587j],[-0.16702216+0.27758472j,0.27526351-0.29738586j,-0.01109314+0.22495461j,-0.77239203+0.28900673j],[0.61935415+0.12301792j,-0.31269928-0.03315917j,-0.61902762-0.19039079j,-0.27120731-0.0968989j],[0.42341754+0.0023929j,-0.05847358+0.47832119j,0.64900495-0.16218422j,-0.37182676-0.05229966j]]", "databatch_0": {"databatch": "[[[-0.01219503+0.19009235j,-0.36594094+0.115394j,-0.10128934-0.1949634j,-0.21900409+0.36866865j],[0.01828515-0.00456424j,0.02187674+0.03102603j,-0.01533321+0.01540798j,0.04133445+0.00956249j],[-0.09929985+0.08630659j,-0.23436314-0.12373223j,0.04659163-0.14441838j,-0.28743527+0.07142184j],[-0.16671345-0.07449823j,0.01864526-0.36735463j,0.20902392-0.02583439j,-0.25802726-0.31999941j]],[[0.05840079-0.17806603j,0.3106467+0.01650018j,-0.37512013+0.10265758j,-0.25175941-0.0574327j],[0.16158398-0.14438195j,0.30133732+0.19644129j,-0.43487885-0.11453187j,-0.2186948-0.20329865j],[0.00515193+0.03424945j,-0.05265662+0.02308412j,0.05340128-0.04811269j,0.04633533-0.01143413j],[0.01868798-0.12947889j,0.21558943-0.02610723j,-0.24555514+0.11581304j,-0.18003361-0.00913756j]]]", "initial param values": "[0.82375896,0.65504058,1.34648775,3.47380893,0.51859078,2.14005085]", "nelder_mead": {"type": "gradient-free", "0": {"maxiter": 100, "fatol": 1e-05, "xatol": 1e-05, "duration": 0.0414271354675293, "fun": "0.2508263119098624", "nit": "100", "nfev": "157", "status": "2", "success": "False", "message": "Maximum number of iterations has been exceeded.", "x": "[-0.05036881  0.88653895  3.22682889  1.99195007  0.87668244  1.16133962]", "final_simplex": "(array([[-0.05036881,  0.88653895,  3.22682889,  1.99195007,  0.87668244,\n         1.16133962],\n       [-0.06085577,  0.88976716,  3.24538917,  1.99386626,  0.86494228,\n         1.14045488],\n       [-0.04213148,  0.88306441,  3.19897952,  2.01296733,  0.8559289 ,\n         1.19180284],\n       [-0.03528633,  0.8879566 ,  3.18946041,  1.95688482,  0.86408236,\n         1.20185468],\n       [-0.06151426,  0.89591956,  3.22533694,  1.93534365,  0.85650607,\n         1.1832339 ],\n       [-0.04708446,  0.88297988,  3.21517595,  1.97225731,  0.85447568,\n         1.17268776],\n       [-0.07254956,  0.89214803,  3.23287228,  1.97503837,  0.83981337,\n         1.17620024]]), array([0.25082631, 0.25095472, 0.25099581, 0.25103382, 0.25110192,\n       0.25128227, 0.25135474]))", "callback": [0.8078128128151318, 0.6788950980904184, 0.5799040001295181, 0.397052600612004, 0.26219138248498064, 0.25613345716554503, 0.25475039990894743, 0.2539045289834375, 0.2526882021309311, 0.25135474280814474]}, "1": {"maxiter": 100, "fatol": 1e-05, "xatol": 1e-10, "duration": 0.04234910011291504, "fun": "0.2508263119098624", "nit": "100", "nfev": "157", "status": "2", "success": "False", "message": "Maximum number of iterations has been exceeded.", "x": "[-0.05036881  0.88653895  3.22682889  1.99195007  0.87668244  1.16133962]", "final_simplex": "(array([[-0.05036881,  0.88653895,  3.22682889,  1.99195007,  0.87668244,\n         1.16133962],\n       [-0.06085577,  0.88976716,  3.24538917,  1.99386626,  0.86494228,\n         1.14045488],\n       [-0.04213148,  0.88306441,  3.19897952,  2.01296733,  0.8559289 ,\n         1.19180284],\n       [-0.03528633,  0.8879566 ,  3.18946041,  1.95688482,  0.86408236,\n         1.20185468],\n       [-0.06151426,  0.89591956,  3.22533694,  1.93534365,  0.85650607,\n         1.1832339 ],\n       [-0.04708446,  0.88297988,  3.21517595,  1.97225731,  0.85447568,\n         1.17268776],\n       [-0.07254956,  0.89214803,  3.23287228,  1.97503837,  0.83981337,\n         1.17620024]]), array([0.25082631, 0.25095472, 0.25099581, 0.25103382, 0.25110192,\n       0.25128227, 0.25135474]))", "callback": [0.8078128128151318, 0.6788950980904184, 0.5799040001295181, 0.397052600612004, 0.26219138248498064, 0.25613345716554503, 0.25475039990894743, 0.2539045289834375, 0.2526882021309311, 0.25135474280814474]}, "2": {"maxiter": 100, "fatol": 1e-10, "xatol": 1e-05, "duration": 0.04644608497619629, "fun": "0.2508263119098624", "nit": "100", "nfev": "157", "status": "2", "success": "False", "message": "Maximum number of iterations has been exceeded.", "x": "[-0.05036881  0.88653895  3.22682889  1.99195007  0.87668244  1.16133962]", "final_simplex": "(array([[-0.05036881,  0.88653895,  3.22682889,  1.99195007,  0.87668244,\n         1.16133962],\n       [-0.06085577,  0.88976716,  3.24538917,  1.99386626,  0.86494228,\n         1.14045488],\n       [-0.04213148,  0.88306441,  3.19897952,  2.01296733,  0.8559289 ,\n         1.19180284],\n       [-0.03528633,  0.8879566 ,  3.18946041,  1.95688482,  0.86408236,\n         1.20185468],\n       [-0.06151426,  0.89591956,  3.22533694,  1.93534365,  0.85650607,\n         1.1832339 ],\n       [-0.04708446,  0.88297988,  3.21517595,  1.97225731,  0.85447568,\n         1.17268776],\n       [-0.07254956,  0.89214803,  3.23287228,  1.97503837,  0.83981337,\n         1.17620024]]), array([0.25082631, 0.25095472, 0.25099581, 0.25103382, 0.25110192,\n       0.25128227, 0.25135474]))", "callback": [0.8078128128151318, 0.6788950980904184, 0.5799040001295181, 0.397052600612004, 0.26219138248498064, 0.25613345716554503, 0.25475039990894743, 0.2539045289834375, 0.2526882021309311, 0.25135474280814474]}, "3": {"maxiter": 100, "fatol": 1e-10, "xatol": 1e-10, "duration": 0.04558205604553223, "fun": "0.2508263119098624", "nit": "100", "nfev": "157", "status": "2", "success": "False", "message": "Maximum number of iterations has been exceeded.", "x": "[-0.05036881  0.88653895  3.22682889  1.99195007  0.87668244  1.16133962]", "final_simplex": "(array([[-0.05036881,  0.88653895,  3.22682889,  1.99195007,  0.87668244,\n         1.16133962],\n       [-0.06085577,  0.88976716,  3.24538917,  1.99386626,  0.86494228,\n         1.14045488],\n       [-0.04213148,  0.88306441,  3.19897952,  2.01296733,  0.8559289 ,\n         1.19180284],\n       [-0.03528633,  0.8879566 ,  3.18946041,  1.95688482,  0.86408236,\n         1.20185468],\n       [-0.06151426,  0.89591956,  3.22533694,  1.93534365,  0.85650607,\n         1.1832339 ],\n       [-0.04708446,  0.88297988,  3.21517595,  1.97225731,  0.85447568,\n         1.17268776],\n       [-0.07254956,  0.89214803,  3.23287228,  1.97503837,  0.83981337,\n         1.17620024]]), array([0.25082631, 0.25095472, 0.25099581, 0.25103382, 0.25110192,\n       0.25128227, 0.25135474]))", "callback": [0.8078128128151318, 0.6788950980904184, 0.5799040001295181, 0.397052600612004, 0.26219138248498064, 0.25613345716554503, 0.25475039990894743, 0.2539045289834375, 0.2526882021309311, 0.25135474280814474]}, "4": {"maxiter": 500, "fatol": 1e-05, "xatol": 1e-05, "duration": 0.21846985816955566, "fun": "0.20370319748462473", "nit": "500", "nfev": "771", "status": "2", "success": "False", "message": "Maximum number of iterations has been exceeded.", "x": "[0.48613552 0.28828572 4.00131715 2.1686054  0.92194403 1.41864806]", "final_simplex": "(array([[0.48613552, 0.28828572, 4.00131715, 2.1686054 , 0.92194403,\n        1.41864806],\n       [0.48525055, 0.27927273, 4.0095476 , 2.1632482 , 0.9220616 ,\n        1.4170531 ],\n       [0.4858755 , 0.27824326, 4.01253504, 2.16631256, 0.92697752,\n        1.42372717],\n       [0.48983456, 0.28547174, 4.00881108, 2.16666596, 0.92839682,\n        1.41989507],\n       [0.48861894, 0.2785333 , 4.01188174, 2.16861047, 0.92127732,\n        1.41091944],\n       [0.48482401, 0.28059694, 4.00711561, 2.16607012, 0.92837038,\n        1.4182635 ],\n       [0.48423738, 0.28531753, 4.00973935, 2.16747442, 0.91973614,\n        1.40964661]]), array([0.2037032 , 0.20370594, 0.20370786, 0.20370934, 0.20370987,\n       0.20371114, 0.20371161]))", "callback": [0.8078128128151318, 0.6788950980904184, 0.5799040001295181, 0.397052600612004, 0.26219138248498064, 0.25613345716554503, 0.25475039990894743, 0.2539045289834375, 0.2526882021309311, 0.25135474280814474, 0.24993341262274882, 0.24939262137357288, 0.24599193013517962, 0.24531953971688303, 0.2443576707968067, 0.24186927471081265, 0.23644751857153, 0.23192730158163266, 0.22796719429182644, 0.22560938183693025, 0.2251264651713698, 0.22505504168389, 0.2250355755580995, 0.22503001893787, 0.2250174474168769, 0.22498088666801075, 0.22489299728548295, 0.22486322359128597, 0.22481636299325647, 0.22467157414262495, 0.22440034091324423, 0.22380113830036863, 0.22088969210178533, 0.21593949421933234, 0.21155698828791158, 0.20817055308114407, 0.20663807589777616, 0.20500150400774808, 0.20463186438183012, 0.2042187033381424, 0.20402949207358312, 0.2040187762125255, 0.20391490250784505, 0.20382210097868214, 0.20381818610568492, 0.20379503112165054, 0.20378741932386424, 0.20375533572134508, 0.20371993939272004, 0.20371114207977392]}, "5": {"maxiter": 500, "fatol": 1e-05, "xatol": 1e-10, "duration": 0.21889615058898926, "fun": "0.20370319748462473", "nit": "500", "nfev": "771", "status": "2", "success": "False", "message": "Maximum number of iterations has been exceeded.", "x": "[0.48613552 0.28828572 4.00131715 2.1686054  0.92194403 1.41864806]", "final_simplex": "(array([[0.48613552, 0.28828572, 4.00131715, 2.1686054 , 0.92194403,\n        1.41864806],\n       [0.48525055, 0.27927273, 4.0095476 , 2.1632482 , 0.9220616 ,\n        1.4170531 ],\n       [0.4858755 , 0.27824326, 4.01253504, 2.16631256, 0.92697752,\n        1.42372717],\n       [0.48983456, 0.28547174, 4.00881108, 2.16666596, 0.92839682,\n        1.41989507],\n       [0.48861894, 0.2785333 , 4.01188174, 2.16861047, 0.92127732,\n        1.41091944],\n       [0.48482401, 0.28059694, 4.00711561, 2.16607012, 0.92837038,\n        1.4182635 ],\n       [0.48423738, 0.28531753, 4.00973935, 2.16747442, 0.91973614,\n        1.40964661]]), array([0.2037032 , 0.20370594, 0.20370786, 0.20370934, 0.20370987,\n       0.20371114, 0.20371161]))", "callback": [0.8078128128151318, 0.6788950980904184, 0.5799040001295181, 0.397052600612004, 0.26219138248498064, 0.25613345716554503, 0.25475039990894743, 0.2539045289834375, 0.2526882021309311, 0.25135474280814474, 0.24993341262274882, 0.24939262137357288, 0.24599193013517962, 0.24531953971688303, 0.2443576707968067, 0.24186927471081265, 0.23644751857153, 0.23192730158163266, 0.22796719429182644, 0.22560938183693025, 0.2251264651713698, 0.22505504168389, 0.2250355755580995, 0.22503001893787, 0.2250174474168769, 0.22498088666801075, 0.22489299728548295, 0.22486322359128597, 0.22481636299325647, 0.22467157414262495, 0.22440034091324423, 0.22380113830036863, 0.22088969210178533, 0.21593949421933234, 0.21155698828791158, 0.20817055308114407, 0.20663807589777616, 0.20500150400774808, 0.20463186438183012, 0.2042187033381424, 0.20402949207358312, 0.2040187762125255, 0.20391490250784505, 0.20382210097868214, 0.20381818610568492, 0.20379503112165054, 0.20378741932386424, 0.20375533572134508, 0.20371993939272004, 0.20371114207977392]}, "6": {"maxiter": 500, "fatol": 1e-10, "xatol": 1e-05, "duration": 0.2319638729095459, "fun": "0.20370319748462473", "nit": "500", "nfev": "771", "status": "2", "success": "False", "message": "Maximum number of iterations has been exceeded.", "x": "[0.48613552 0.28828572 4.00131715 2.1686054  0.92194403 1.41864806]", "final_simplex": "(array([[0.48613552, 0.28828572, 4.00131715, 2.1686054 , 0.92194403,\n        1.41864806],\n       [0.48525055, 0.27927273, 4.0095476 , 2.1632482 , 0.9220616 ,\n        1.4170531 ],\n       [0.4858755 , 0.27824326, 4.01253504, 2.16631256, 0.92697752,\n        1.42372717],\n       [0.48983456, 0.28547174, 4.00881108, 2.16666596, 0.92839682,\n        1.41989507],\n       [0.48861894, 0.2785333 , 4.01188174, 2.16861047, 0.92127732,\n        1.41091944],\n       [0.48482401, 0.28059694, 4.00711561, 2.16607012, 0.92837038,\n        1.4182635 ],\n       [0.48423738, 0.28531753, 4.00973935, 2.16747442, 0.91973614,\n        1.40964661]]), array([0.2037032 , 0.20370594, 0.20370786, 0.20370934, 0.20370987,\n       0.20371114, 0.20371161]))", "callback": [0.8078128128151318, 0.6788950980904184, 0.5799040001295181, 0.397052600612004, 0.26219138248498064, 0.25613345716554503, 0.25475039990894743, 0.2539045289834375, 0.2526882021309311, 0.25135474280814474, 0.24993341262274882, 0.24939262137357288, 0.24599193013517962, 0.24531953971688303, 0.2443576707968067, 0.24186927471081265, 0.23644751857153, 0.23192730158163266, 0.22796719429182644, 0.22560938183693025, 0.2251264651713698, 0.22505504168389, 0.2250355755580995, 0.22503001893787, 0.2250174474168769, 0.22498088666801075, 0.22489299728548295, 0.22486322359128597, 0.22481636299325647, 0.22467157414262495, 0.22440034091324423, 0.22380113830036863, 0.22088969210178533, 0.21593949421933234, 0.21155698828791158, 0.20817055308114407, 0.20663807589777616, 0.20500150400774808, 0.20463186438183012, 0.2042187033381424, 0.20402949207358312, 0.2040187762125255, 0.20391490250784505, 0.20382210097868214, 0.20381818610568492, 0.20379503112165054, 0.20378741932386424, 0.20375533572134508, 0.20371993939272004, 0.20371114207977392]}, "7": {"maxiter": 500, "fatol": 1e-10, "xatol": 1e-10, "duration": 0.2190699577331543, "fun": "0.20370319748462473", "nit": "500", "nfev": "771", "status": "2", "success": "False", "message": "Maximum number of iterations has been exceeded.", "x": "[0.48613552 0.28828572 4.00131715 2.1686054  0.92194403 1.41864806]", "final_simplex": "(array([[0.48613552, 0.28828572, 4.00131715, 2.1686054 , 0.92194403,\n        1.41864806],\n       [0.48525055, 0.27927273, 4.0095476 , 2.1632482 , 0.9220616 ,\n        1.4170531 ],\n       [0.4858755 , 0.27824326, 4.01253504, 2.16631256, 0.92697752,\n        1.42372717],\n       [0.48983456, 0.28547174, 4.00881108, 2.16666596, 0.92839682,\n        1.41989507],\n       [0.48861894, 0.2785333 , 4.01188174, 2.16861047, 0.92127732,\n        1.41091944],\n       [0.48482401, 0.28059694, 4.00711561, 2.16607012, 0.92837038,\n        1.4182635 ],\n       [0.48423738, 0.28531753, 4.00973935, 2.16747442, 0.91973614,\n        1.40964661]]), array([0.2037032 , 0.20370594, 0.20370786, 0.20370934, 0.20370987,\n       0.20371114, 0.20371161]))", "callback": [0.8078128128151318, 0.6788950980904184, 0.5799040001295181, 0.397052600612004, 0.26219138248498064, 0.25613345716554503, 0.25475039990894743, 0.2539045289834375, 0.2526882021309311, 0.25135474280814474, 0.24993341262274882, 0.24939262137357288, 0.24599193013517962, 0.24531953971688303, 0.2443576707968067, 0.24186927471081265, 0.23644751857153, 0.23192730158163266, 0.22796719429182644, 0.22560938183693025, 0.2251264651713698, 0.22505504168389, 0.2250355755580995, 0.22503001893787, 0.2250174474168769, 0.22498088666801075, 0.22489299728548295, 0.22486322359128597, 0.22481636299325647, 0.22467157414262495, 0.22440034091324423, 0.22380113830036863, 0.22088969210178533, 0.21593949421933234, 0.21155698828791158, 0.20817055308114407, 0.20663807589777616, 0.20500150400774808, 0.20463186438183012, 0.2042187033381424, 0.20402949207358312, 0.2040187762125255, 0.20391490250784505, 0.20382210097868214, 0.20381818610568492, 0.20379503112165054, 0.20378741932386424, 0.20375533572134508, 0.20371993939272004, 0.20371114207977392]}, "8": {"maxiter": 1000, "fatol": 1e-05, "xatol": 1e-05, "duration": 0.2645697593688965, "fun": "0.2037014142928787", "nit": "606", "nfev": "949", "status": "0", "success": "True", "message": "Optimization terminated successfully.", "x": "[0.48940204 0.28895376 4.00103536 2.16799741 0.92164904 1.42039772]", "final_simplex": "(array([[0.48940204, 0.28895376, 4.00103536, 2.16799741, 0.92164904,\n        1.42039772],\n       [0.48940486, 0.28896212, 4.00102865, 2.16799978, 0.92164751,\n        1.42039713],\n       [0.48940647, 0.28895619, 4.00103051, 2.16799799, 0.92164803,\n        1.42039376],\n       [0.48940469, 0.2889541 , 4.00103277, 2.16799215, 0.92164913,\n        1.42040069],\n       [0.4894024 , 0.28896069, 4.00102821, 2.16799619, 0.92165158,\n        1.42039897],\n       [0.48940394, 0.28895806, 4.00102688, 2.16799786, 0.92165037,\n        1.42040368],\n       [0.4894035 , 0.28895397, 4.00103574, 2.16800068, 0.92165239,\n        1.42039838]]), array([0.20370141, 0.20370141, 0.20370141, 0.20370141, 0.20370141,\n       0.20370141, 0.20370141]))", "callback": [0.8078128128151318, 0.6788950980904184, 0.5799040001295181, 0.397052600612004, 0.26219138248498064, 0.25613345716554503, 0.25475039990894743, 0.2539045289834375, 0.2526882021309311, 0.25135474280814474, 0.24993341262274882, 0.24939262137357288, 0.24599193013517962, 0.24531953971688303, 0.2443576707968067, 0.24186927471081265, 0.23644751857153, 0.23192730158163266, 0.22796719429182644, 0.22560938183693025, 0.2251264651713698, 0.22505504168389, 0.2250355755580995, 0.22503001893787, 0.2250174474168769, 0.22498088666801075, 0.22489299728548295, 0.22486322359128597, 0.22481636299325647, 0.22467157414262495, 0.22440034091324423, 0.22380113830036863, 0.22088969210178533, 0.21593949421933234, 0.21155698828791158, 0.20817055308114407, 0.20663807589777616, 0.20500150400774808, 0.20463186438183012, 0.2042187033381424, 0.20402949207358312, 0.2040187762125255, 0.20391490250784505, 0.20382210097868214, 0.20381818610568492, 0.20379503112165054, 0.20378741932386424, 0.20375533572134508, 0.20371993939272004, 0.20371114207977392, 0.20370319748462473, 0.20370229692281638, 0.20370164397010693, 0.20370150956961397, 0.20370143302146526, 0.20370141559717492, 0.20370141559717492, 0.20370141451855905, 0.2037014143362028, 0.20370141430385502, 0.2037014142946978]}, "9": {"maxiter": 1000, "fatol": 1e-05, "xatol": 1e-10, "duration": 0.331024169921875, "fun": "0.20370141429137134", "nit": "711", "nfev": "1183", "status": "0", "success": "True", "message": "Optimization terminated successfully.", "x": "[0.48940305 0.28895133 4.00103455 2.16799567 0.92164827 1.42039715]", "final_simplex": "(array([[0.48940305, 0.28895133, 4.00103455, 2.16799567, 0.92164827,\n        1.42039715],\n       [0.48940305, 0.28895133, 4.00103455, 2.16799567, 0.92164827,\n        1.42039715],\n       [0.48940305, 0.28895133, 4.00103455, 2.16799567, 0.92164827,\n        1.42039715],\n       [0.48940305, 0.28895133, 4.00103455, 2.16799567, 0.92164827,\n        1.42039715],\n       [0.48940305, 0.28895133, 4.00103455, 2.16799567, 0.92164827,\n        1.42039715],\n       [0.48940305, 0.28895133, 4.00103455, 2.16799567, 0.92164827,\n        1.42039715],\n       [0.48940305, 0.28895133, 4.00103455, 2.16799567, 0.92164827,\n        1.42039715]]), array([0.20370141, 0.20370141, 0.20370141, 0.20370141, 0.20370141,\n       0.20370141, 0.20370141]))", "callback": [0.8078128128151318, 0.6788950980904184, 0.5799040001295181, 0.397052600612004, 0.26219138248498064, 0.25613345716554503, 0.25475039990894743, 0.2539045289834375, 0.2526882021309311, 0.25135474280814474, 0.24993341262274882, 0.24939262137357288, 0.24599193013517962, 0.24531953971688303, 0.2443576707968067, 0.24186927471081265, 0.23644751857153, 0.23192730158163266, 0.22796719429182644, 0.22560938183693025, 0.2251264651713698, 0.22505504168389, 0.2250355755580995, 0.22503001893787, 0.2250174474168769, 0.22498088666801075, 0.22489299728548295, 0.22486322359128597, 0.22481636299325647, 0.22467157414262495, 0.22440034091324423, 0.22380113830036863, 0.22088969210178533, 0.21593949421933234, 0.21155698828791158, 0.20817055308114407, 0.20663807589777616, 0.20500150400774808, 0.20463186438183012, 0.2042187033381424, 0.20402949207358312, 0.2040187762125255, 0.20391490250784505, 0.20382210097868214, 0.20381818610568492, 0.20379503112165054, 0.20378741932386424, 0.20375533572134508, 0.20371993939272004, 0.20371114207977392, 0.20370319748462473, 0.20370229692281638, 0.20370164397010693, 0.20370150956961397, 0.20370143302146526, 0.20370141559717492, 0.20370141559717492, 0.20370141451855905, 0.2037014143362028, 0.20370141430385502, 0.2037014142946978, 0.2037014142921173, 0.20370141429168476, 0.2037014142914252, 0.2037014142913982, 0.20370141429137845, 0.20370141429137256, 0.20370141429137167, 0.20370141429137145, 0.20370141429137134, 0.20370141429137134, 0.20370141429137134]}, "10": {"maxiter": 1000, "fatol": 1e-10, "xatol": 1e-05, "duration": 0.2626049518585205, "fun": "0.2037014142928787", "nit": "606", "nfev": "949", "status": "0", "success": "True", "message": "Optimization terminated successfully.", "x": "[0.48940204 0.28895376 4.00103536 2.16799741 0.92164904 1.42039772]", "final_simplex": "(array([[0.48940204, 0.28895376, 4.00103536, 2.16799741, 0.92164904,\n        1.42039772],\n       [0.48940486, 0.28896212, 4.00102865, 2.16799978, 0.92164751,\n        1.42039713],\n       [0.48940647, 0.28895619, 4.00103051, 2.16799799, 0.92164803,\n        1.42039376],\n       [0.48940469, 0.2889541 , 4.00103277, 2.16799215, 0.92164913,\n        1.42040069],\n       [0.4894024 , 0.28896069, 4.00102821, 2.16799619, 0.92165158,\n        1.42039897],\n       [0.48940394, 0.28895806, 4.00102688, 2.16799786, 0.92165037,\n        1.42040368],\n       [0.4894035 , 0.28895397, 4.00103574, 2.16800068, 0.92165239,\n        1.42039838]]), array([0.20370141, 0.20370141, 0.20370141, 0.20370141, 0.20370141,\n       0.20370141, 0.20370141]))", "callback": [0.8078128128151318, 0.6788950980904184, 0.5799040001295181, 0.397052600612004, 0.26219138248498064, 0.25613345716554503, 0.25475039990894743, 0.2539045289834375, 0.2526882021309311, 0.25135474280814474, 0.24993341262274882, 0.24939262137357288, 0.24599193013517962, 0.24531953971688303, 0.2443576707968067, 0.24186927471081265, 0.23644751857153, 0.23192730158163266, 0.22796719429182644, 0.22560938183693025, 0.2251264651713698, 0.22505504168389, 0.2250355755580995, 0.22503001893787, 0.2250174474168769, 0.22498088666801075, 0.22489299728548295, 0.22486322359128597, 0.22481636299325647, 0.22467157414262495, 0.22440034091324423, 0.22380113830036863, 0.22088969210178533, 0.21593949421933234, 0.21155698828791158, 0.20817055308114407, 0.20663807589777616, 0.20500150400774808, 0.20463186438183012, 0.2042187033381424, 0.20402949207358312, 0.2040187762125255, 0.20391490250784505, 0.20382210097868214, 0.20381818610568492, 0.20379503112165054, 0.20378741932386424, 0.20375533572134508, 0.20371993939272004, 0.20371114207977392, 0.20370319748462473, 0.20370229692281638, 0.20370164397010693, 0.20370150956961397, 0.20370143302146526, 0.20370141559717492, 0.20370141559717492, 0.20370141451855905, 0.2037014143362028, 0.20370141430385502, 0.2037014142946978]}, "11": {"maxiter": 1000, "fatol": 1e-10, "xatol": 1e-10, "duration": 0.3419802188873291, "fun": "0.20370141429137134", "nit": "711", "nfev": "1183", "status": "0", "success": "True", "message": "Optimization terminated successfully.", "x": "[0.48940305 0.28895133 4.00103455 2.16799567 0.92164827 1.42039715]", "final_simplex": "(array([[0.48940305, 0.28895133, 4.00103455, 2.16799567, 0.92164827,\n        1.42039715],\n       [0.48940305, 0.28895133, 4.00103455, 2.16799567, 0.92164827,\n        1.42039715],\n       [0.48940305, 0.28895133, 4.00103455, 2.16799567, 0.92164827,\n        1.42039715],\n       [0.48940305, 0.28895133, 4.00103455, 2.16799567, 0.92164827,\n        1.42039715],\n       [0.48940305, 0.28895133, 4.00103455, 2.16799567, 0.92164827,\n        1.42039715],\n       [0.48940305, 0.28895133, 4.00103455, 2.16799567, 0.92164827,\n        1.42039715],\n       [0.48940305, 0.28895133, 4.00103455, 2.16799567, 0.92164827,\n        1.42039715]]), array([0.20370141, 0.20370141, 0.20370141, 0.20370141, 0.20370141,\n       0.20370141, 0.20370141]))", "callback": [0.8078128128151318, 0.6788950980904184, 0.5799040001295181, 0.397052600612004, 0.26219138248498064, 0.25613345716554503, 0.25475039990894743, 0.2539045289834375, 0.2526882021309311, 0.25135474280814474, 0.24993341262274882, 0.24939262137357288, 0.24599193013517962, 0.24531953971688303, 0.2443576707968067, 0.24186927471081265, 0.23644751857153, 0.23192730158163266, 0.22796719429182644, 0.22560938183693025, 0.2251264651713698, 0.22505504168389, 0.2250355755580995, 0.22503001893787, 0.2250174474168769, 0.22498088666801075, 0.22489299728548295, 0.22486322359128597, 0.22481636299325647, 0.22467157414262495, 0.22440034091324423, 0.22380113830036863, 0.22088969210178533, 0.21593949421933234, 0.21155698828791158, 0.20817055308114407, 0.20663807589777616, 0.20500150400774808, 0.20463186438183012, 0.2042187033381424, 0.20402949207358312, 0.2040187762125255, 0.20391490250784505, 0.20382210097868214, 0.20381818610568492, 0.20379503112165054, 0.20378741932386424, 0.20375533572134508, 0.20371993939272004, 0.20371114207977392, 0.20370319748462473, 0.20370229692281638, 0.20370164397010693, 0.20370150956961397, 0.20370143302146526, 0.20370141559717492, 0.20370141559717492, 0.20370141451855905, 0.2037014143362028, 0.20370141430385502, 0.2037014142946978, 0.2037014142921173, 0.20370141429168476, 0.2037014142914252, 0.2037014142913982, 0.20370141429137845, 0.20370141429137256, 0.20370141429137167, 0.20370141429137145, 0.20370141429137134, 0.20370141429137134, 0.20370141429137134]}}, "bfgs": {"type": "gradient", "0": {"maxiter": 100, "gtol": 1e-05, "xrtol": 1e-05, "eps": 1e-05, "duration": 0.055468082427978516, "fun": "0.2037014143105529", "jac": "[ 1.73108194e-06  8.08986211e-07  8.01192446e-07 -2.96918046e-07\n  5.85709259e-07 -6.49713616e-07]", "hess_inv": "[[ 3.95668301e+00  1.48688848e-01 -9.59953846e-01  4.16306205e-01\n  -6.57037891e-01  1.24061112e+00]\n [ 1.48688848e-01  2.78816347e+01 -2.06623148e+01  6.28855650e+00\n  -2.27091184e+00 -9.73475916e-01]\n [-9.59953846e-01 -2.06623148e+01  1.98896717e+01 -3.75130139e+00\n   2.88795367e+00 -1.85799116e+00]\n [ 4.16306205e-01  6.28855650e+00 -3.75130139e+00  4.97121365e+00\n  -1.15960244e-02 -1.57044665e+00]\n [-6.57037891e-01 -2.27091184e+00  2.88795367e+00 -1.15960244e-02\n   4.68907042e+00  1.43607639e+00]\n [ 1.24061112e+00 -9.73475916e-01 -1.85799116e+00 -1.57044665e+00\n   1.43607639e+00  8.01680467e+00]]", "nfev": "189", "njev": "27", "status": "0", "success": "True", "message": "Optimization terminated successfully.", "x": "[0.48940227 0.28894954 4.00103305 2.16798879 0.92163919 1.42038733]", "nit": "24", "callback": [0.45754851973689004, 0.39617776754314993, 0.34953718816338775, 0.2846245785443988, 0.249973402560125, 0.22176163216289568, 0.21189225732876715, 0.209823090385855, 0.20889909612114, 0.20747966845901078, 0.20633666349242097, 0.2058597596161792, 0.2052292330815101, 0.20478270633101048, 0.20416194389739983, 0.20387709221858596, 0.2037906937862124, 0.20375758476800332, 0.2037290060130399, 0.2037079770861141, 0.20370206283552572, 0.2037014370445014, 0.20370141539723974, 0.2037014143105529]}, "1": {"maxiter": 100, "gtol": 1e-05, "xrtol": 1e-05, "eps": 1e-10, "duration": 0.05891084671020508, "fun": "0.20370141433186628", "jac": "[ 3.33066880e-06 -2.22044587e-06  0.00000000e+00  1.11022293e-06\n  0.00000000e+00  0.00000000e+00]", "hess_inv": "[[ 3.99580176e+00  3.20833304e-01 -1.07989753e+00  4.32670182e-01\n  -7.04911873e-01  1.24907130e+00]\n [ 3.20833304e-01  2.86831342e+01 -2.12364135e+01  6.27770203e+00\n  -2.45504607e+00 -7.19490165e-01]\n [-1.07989753e+00 -2.12364135e+01  2.03132435e+01 -3.70890158e+00\n   3.01063171e+00 -2.11563229e+00]\n [ 4.32670182e-01  6.27770203e+00 -3.70890158e+00  4.94244466e+00\n   8.46556109e-03 -1.49173992e+00]\n [-7.04911873e-01 -2.45504607e+00  3.01063171e+00  8.46556109e-03\n   4.72487871e+00  1.33211888e+00]\n [ 1.24907130e+00 -7.19490165e-01 -2.11563229e+00 -1.49173992e+00\n   1.33211888e+00  7.78052271e+00]]", "nfev": "189", "njev": "27", "status": "0", "success": "True", "message": "Optimization terminated successfully.", "x": "[0.48940355 0.28890555 4.00107198 2.16798643 0.92164929 1.42039061]", "nit": "24", "callback": [0.45754887331717664, 0.39617876884286163, 0.3495387876362688, 0.2846269413508554, 0.24997558956560106, 0.22176133552978072, 0.21189268823555696, 0.20982314546395853, 0.20889917724375007, 0.20747943475971864, 0.20633615242881387, 0.2058594831693049, 0.2052285931471587, 0.20478249532968973, 0.20416205159448153, 0.2038770339597511, 0.20379075880306674, 0.20375759940857963, 0.2037290073904221, 0.20370796956381332, 0.20370205825731413, 0.2037014363401568, 0.20370141536020303, 0.20370141433186628]}, "2": {"maxiter": 100, "gtol": 1e-05, "xrtol": 1e-10, "eps": 1e-05, "duration": 0.0583651065826416, "fun": "0.2037014143105529", "jac": "[ 1.73108194e-06  8.08986211e-07  8.01192446e-07 -2.96918046e-07\n  5.85709259e-07 -6.49713616e-07]", "hess_inv": "[[ 3.95668301e+00  1.48688848e-01 -9.59953846e-01  4.16306205e-01\n  -6.57037891e-01  1.24061112e+00]\n [ 1.48688848e-01  2.78816347e+01 -2.06623148e+01  6.28855650e+00\n  -2.27091184e+00 -9.73475916e-01]\n [-9.59953846e-01 -2.06623148e+01  1.98896717e+01 -3.75130139e+00\n   2.88795367e+00 -1.85799116e+00]\n [ 4.16306205e-01  6.28855650e+00 -3.75130139e+00  4.97121365e+00\n  -1.15960244e-02 -1.57044665e+00]\n [-6.57037891e-01 -2.27091184e+00  2.88795367e+00 -1.15960244e-02\n   4.68907042e+00  1.43607639e+00]\n [ 1.24061112e+00 -9.73475916e-01 -1.85799116e+00 -1.57044665e+00\n   1.43607639e+00  8.01680467e+00]]", "nfev": "189", "njev": "27", "status": "0", "success": "True", "message": "Optimization terminated successfully.", "x": "[0.48940227 0.28894954 4.00103305 2.16798879 0.92163919 1.42038733]", "nit": "24", "callback": [0.45754851973689004, 0.39617776754314993, 0.34953718816338775, 0.2846245785443988, 0.249973402560125, 0.22176163216289568, 0.21189225732876715, 0.209823090385855, 0.20889909612114, 0.20747966845901078, 0.20633666349242097, 0.2058597596161792, 0.2052292330815101, 0.20478270633101048, 0.20416194389739983, 0.20387709221858596, 0.2037906937862124, 0.20375758476800332, 0.2037290060130399, 0.2037079770861141, 0.20370206283552572, 0.2037014370445014, 0.20370141539723974, 0.2037014143105529]}, "3": {"maxiter": 100, "gtol": 1e-05, "xrtol": 1e-10, "eps": 1e-10, "duration": 0.058381080627441406, "fun": "0.20370141433186628", "jac": "[ 3.33066880e-06 -2.22044587e-06  0.00000000e+00  1.11022293e-06\n  0.00000000e+00  0.00000000e+00]", "hess_inv": "[[ 3.99580176e+00  3.20833304e-01 -1.07989753e+00  4.32670182e-01\n  -7.04911873e-01  1.24907130e+00]\n [ 3.20833304e-01  2.86831342e+01 -2.12364135e+01  6.27770203e+00\n  -2.45504607e+00 -7.19490165e-01]\n [-1.07989753e+00 -2.12364135e+01  2.03132435e+01 -3.70890158e+00\n   3.01063171e+00 -2.11563229e+00]\n [ 4.32670182e-01  6.27770203e+00 -3.70890158e+00  4.94244466e+00\n   8.46556109e-03 -1.49173992e+00]\n [-7.04911873e-01 -2.45504607e+00  3.01063171e+00  8.46556109e-03\n   4.72487871e+00  1.33211888e+00]\n [ 1.24907130e+00 -7.19490165e-01 -2.11563229e+00 -1.49173992e+00\n   1.33211888e+00  7.78052271e+00]]", "nfev": "189", "njev": "27", "status": "0", "success": "True", "message": "Optimization terminated successfully.", "x": "[0.48940355 0.28890555 4.00107198 2.16798643 0.92164929 1.42039061]", "nit": "24", "callback": [0.45754887331717664, 0.39617876884286163, 0.3495387876362688, 0.2846269413508554, 0.24997558956560106, 0.22176133552978072, 0.21189268823555696, 0.20982314546395853, 0.20889917724375007, 0.20747943475971864, 0.20633615242881387, 0.2058594831693049, 0.2052285931471587, 0.20478249532968973, 0.20416205159448153, 0.2038770339597511, 0.20379075880306674, 0.20375759940857963, 0.2037290073904221, 0.20370796956381332, 0.20370205825731413, 0.2037014363401568, 0.20370141536020303, 0.20370141433186628]}, "4": {"maxiter": 100, "gtol": 1e-10, "xrtol": 1e-05, "eps": 1e-05, "duration": 0.12501001358032227, "fun": "0.2037014143105529", "jac": "[ 1.73108194e-06  8.08986211e-07  8.01192446e-07 -2.96918046e-07\n  5.85709259e-07 -6.49713616e-07]", "hess_inv": "[[ 3.90103910e+00  1.01111891e-01 -1.10287483e+00  3.88771275e-01\n  -6.22976214e-01  1.29879800e+00]\n [ 1.01111891e-01  2.78416611e+01 -2.07684946e+01  6.26512698e+00\n  -2.24783981e+00 -9.25300038e-01]\n [-1.10287483e+00 -2.07684946e+01  1.98862123e+01 -3.81944760e+00\n   2.83808902e+00 -1.74429493e+00]\n [ 3.88771275e-01  6.26512698e+00 -3.81944760e+00  4.95760648e+00\n   4.28570459e-03 -1.54190675e+00]\n [-6.22976214e-01 -2.24783981e+00  2.83808902e+00  4.28570459e-03\n   4.72010080e+00  1.41396402e+00]\n [ 1.29879800e+00 -9.25300038e-01 -1.74429493e+00 -1.54190675e+00\n   1.41396402e+00  7.95947456e+00]]", "nfev": "417", "njev": "58", "status": "2", "success": "False", "message": "Desired error not necessarily achieved due to precision loss.", "x": "[0.48940227 0.28894954 4.00103305 2.16798879 0.92163919 1.42038733]", "nit": "24", "callback": [0.45754851973689004, 0.39617776754314993, 0.34953718816338775, 0.2846245785443988, 0.249973402560125, 0.22176163216289568, 0.21189225732876715, 0.209823090385855, 0.20889909612114, 0.20747966845901078, 0.20633666349242097, 0.2058597596161792, 0.2052292330815101, 0.20478270633101048, 0.20416194389739983, 0.20387709221858596, 0.2037906937862124, 0.20375758476800332, 0.2037290060130399, 0.2037079770861141, 0.20370206283552572, 0.2037014370445014, 0.20370141539723974, 0.2037014143105529]}, "5": {"maxiter": 100, "gtol": 1e-10, "xrtol": 1e-05, "eps": 1e-10, "duration": 0.059591054916381836, "fun": "0.20370141431758604", "jac": "[-2.22044587e-06  1.11022293e-06  1.11022293e-06  1.11022293e-06\n -1.11022293e-06  1.11022293e-06]", "hess_inv": "[[  3.78420118  -0.18361916  -0.39881421  -0.50576548  -0.53728638\n    1.11596681]\n [ -0.18361916  36.66822384 -27.65224684  10.98630779  -3.53296302\n   -0.63646345]\n [ -0.39881421 -27.65224684  25.08963094  -6.77371569   3.76983618\n   -2.03345901]\n [ -0.50576548  10.98630779  -6.77371569   6.03065926  -0.36445995\n   -1.77892833]\n [ -0.53728638  -3.53296302   3.76983618  -0.36445995   4.82918349\n    1.37282009]\n [  1.11596681  -0.63646345  -2.03345901  -1.77892833   1.37282009\n    7.7139907 ]]", "nfev": "203", "njev": "29", "status": "0", "success": "True", "message": "Optimization terminated successfully.", "x": "[0.4893913  0.28896271 4.00103398 2.1679972  0.92164527 1.42038679]", "nit": "26", "callback": [0.45754887331717664, 0.39617876884286163, 0.3495387876362688, 0.2846269413508554, 0.24997558956560106, 0.22176133552978072, 0.21189268823555696, 0.20982314546395853, 0.20889917724375007, 0.20747943475971864, 0.20633615242881387, 0.2058594831693049, 0.2052285931471587, 0.20478249532968973, 0.20416205159448153, 0.2038770339597511, 0.20379075880306674, 0.20375759940857963, 0.2037290073904221, 0.20370796956381332, 0.20370205825731413, 0.2037014363401568, 0.20370141536020303, 0.20370141433186628, 0.20370141432126943, 0.20370141431758604]}, "6": {"maxiter": 100, "gtol": 1e-10, "xrtol": 1e-10, "eps": 1e-05, "duration": 0.12197709083557129, "fun": "0.2037014143105529", "jac": "[ 1.73108194e-06  8.08986211e-07  8.01192446e-07 -2.96918046e-07\n  5.85709259e-07 -6.49713616e-07]", "hess_inv": "[[ 3.90103910e+00  1.01111891e-01 -1.10287483e+00  3.88771275e-01\n  -6.22976214e-01  1.29879800e+00]\n [ 1.01111891e-01  2.78416611e+01 -2.07684946e+01  6.26512698e+00\n  -2.24783981e+00 -9.25300038e-01]\n [-1.10287483e+00 -2.07684946e+01  1.98862123e+01 -3.81944760e+00\n   2.83808902e+00 -1.74429493e+00]\n [ 3.88771275e-01  6.26512698e+00 -3.81944760e+00  4.95760648e+00\n   4.28570459e-03 -1.54190675e+00]\n [-6.22976214e-01 -2.24783981e+00  2.83808902e+00  4.28570459e-03\n   4.72010080e+00  1.41396402e+00]\n [ 1.29879800e+00 -9.25300038e-01 -1.74429493e+00 -1.54190675e+00\n   1.41396402e+00  7.95947456e+00]]", "nfev": "417", "njev": "58", "status": "2", "success": "False", "message": "Desired error not necessarily achieved due to precision loss.", "x": "[0.48940227 0.28894954 4.00103305 2.16798879 0.92163919 1.42038733]", "nit": "24", "callback": [0.45754851973689004, 0.39617776754314993, 0.34953718816338775, 0.2846245785443988, 0.249973402560125, 0.22176163216289568, 0.21189225732876715, 0.209823090385855, 0.20889909612114, 0.20747966845901078, 0.20633666349242097, 0.2058597596161792, 0.2052292330815101, 0.20478270633101048, 0.20416194389739983, 0.20387709221858596, 0.2037906937862124, 0.20375758476800332, 0.2037290060130399, 0.2037079770861141, 0.20370206283552572, 0.2037014370445014, 0.20370141539723974, 0.2037014143105529]}, "7": {"maxiter": 100, "gtol": 1e-10, "xrtol": 1e-10, "eps": 1e-10, "duration": 0.0840761661529541, "fun": "0.20370141429509347", "jac": "[1.11022293e-06 1.11022293e-06 1.11022293e-06 2.22044587e-06\n 1.11022293e-06 0.00000000e+00]", "hess_inv": "[[  8.19542031   8.38331171  -9.19269027   2.68892878  -2.67018994\n   -4.66569799]\n [  8.38331171  28.56920875 -22.8483741    5.74937617 -10.96709991\n  -13.56367195]\n [ -9.19269027 -22.8483741   19.88505474  -5.16198978   8.84954225\n   10.66700076]\n [  2.68892878   5.74937617  -5.16198978   1.49745055  -2.48194243\n   -2.76471476]\n [ -2.67018994 -10.96709991   8.84954225  -2.48194243   5.37784374\n    5.19634529]\n [ -4.66569799 -13.56367195  10.66700076  -2.76471476   5.19634529\n    7.23171979]]", "nfev": "308", "njev": "44", "status": "2", "success": "False", "message": "Desired error not necessarily achieved due to precision loss.", "x": "[0.48940074 0.28895196 4.00103155 2.16799186 0.92164932 1.42039835]", "nit": "31", "callback": [0.45754887331717664, 0.39617876884286163, 0.3495387876362688, 0.2846269413508554, 0.24997558956560106, 0.22176133552978072, 0.21189268823555696, 0.20982314546395853, 0.20889917724375007, 0.20747943475971864, 0.20633615242881387, 0.2058594831693049, 0.2052285931471587, 0.20478249532968973, 0.20416205159448153, 0.2038770339597511, 0.20379075880306674, 0.20375759940857963, 0.2037290073904221, 0.20370796956381332, 0.20370205825731413, 0.2037014363401568, 0.20370141536020303, 0.20370141433186628, 0.20370141432126943, 0.20370141431758604, 0.20370141430994804, 0.20370141429762278, 0.2037014142957808, 0.20370141429509347, 0.20370141429509347]}, "8": {"maxiter": 500, "gtol": 1e-05, "xrtol": 1e-05, "eps": 1e-05, "duration": 0.049962759017944336, "fun": "0.2037014143105529", "jac": "[ 1.73108194e-06  8.08986211e-07  8.01192446e-07 -2.96918046e-07\n  5.85709259e-07 -6.49713616e-07]", "hess_inv": "[[ 3.95668301e+00  1.48688848e-01 -9.59953846e-01  4.16306205e-01\n  -6.57037891e-01  1.24061112e+00]\n [ 1.48688848e-01  2.78816347e+01 -2.06623148e+01  6.28855650e+00\n  -2.27091184e+00 -9.73475916e-01]\n [-9.59953846e-01 -2.06623148e+01  1.98896717e+01 -3.75130139e+00\n   2.88795367e+00 -1.85799116e+00]\n [ 4.16306205e-01  6.28855650e+00 -3.75130139e+00  4.97121365e+00\n  -1.15960244e-02 -1.57044665e+00]\n [-6.57037891e-01 -2.27091184e+00  2.88795367e+00 -1.15960244e-02\n   4.68907042e+00  1.43607639e+00]\n [ 1.24061112e+00 -9.73475916e-01 -1.85799116e+00 -1.57044665e+00\n   1.43607639e+00  8.01680467e+00]]", "nfev": "189", "njev": "27", "status": "0", "success": "True", "message": "Optimization terminated successfully.", "x": "[0.48940227 0.28894954 4.00103305 2.16798879 0.92163919 1.42038733]", "nit": "24", "callback": [0.45754851973689004, 0.39617776754314993, 0.34953718816338775, 0.2846245785443988, 0.249973402560125, 0.22176163216289568, 0.21189225732876715, 0.209823090385855, 0.20889909612114, 0.20747966845901078, 0.20633666349242097, 0.2058597596161792, 0.2052292330815101, 0.20478270633101048, 0.20416194389739983, 0.20387709221858596, 0.2037906937862124, 0.20375758476800332, 0.2037290060130399, 0.2037079770861141, 0.20370206283552572, 0.2037014370445014, 0.20370141539723974, 0.2037014143105529]}, "9": {"maxiter": 500, "gtol": 1e-05, "xrtol": 1e-05, "eps": 1e-10, "duration": 0.06299710273742676, "fun": "0.20370141433186628", "jac": "[ 3.33066880e-06 -2.22044587e-06  0.00000000e+00  1.11022293e-06\n  0.00000000e+00  0.00000000e+00]", "hess_inv": "[[ 3.99580176e+00  3.20833304e-01 -1.07989753e+00  4.32670182e-01\n  -7.04911873e-01  1.24907130e+00]\n [ 3.20833304e-01  2.86831342e+01 -2.12364135e+01  6.27770203e+00\n  -2.45504607e+00 -7.19490165e-01]\n [-1.07989753e+00 -2.12364135e+01  2.03132435e+01 -3.70890158e+00\n   3.01063171e+00 -2.1