{"date": "2024/10/08/, 14:40:29", "conf_id": 5, "data_type": "random\n", "num_data_points": 1, "s_rank": 0, "unitary": "[[-0.45070455-0.02711853j,0.78437395-0.06613086j,0.06358678+0.19963393j,-0.07343613+0.35668523j],[-0.01890143-0.03813363j,0.32408202+0.25557629j,0.05872864-0.68979805j,0.55466693-0.20227297j],[-0.11215405+0.64023111j,-0.13344055+0.29565494j,-0.49012687-0.19046288j,-0.04241254+0.44046348j],[0.55771659+0.24656916j,0.31851997-0.05798805j,0.28761525-0.34294258j,-0.56718418+0.03616933j]]", "databatch_0": {"databatch": "[[[-0.0432541-0.28844675j,0.4705842-0.07034148j,0.00252631+0.01368257j,-0.12723209+0.39829035j],[-0.02121673-0.22621814j,0.29424341+0.11710418j,0.02619764+0.02937616j,-0.13752709+0.32457863j],[-0.09412163+0.10463779j,0.09609346+0.00817881j,0.04253871-0.04780907j,0.22119709-0.03226716j],[0.07284152-0.12307488j,0.23950445+0.17586569j,0.00831376+0.00091005j,-0.16877261+0.12373264j]]]", "initial param values": "[4.87030436,3.05799903,4.10261228,1.64467676,6.23481413,3.25312631]", "nelder_mead": {"type": "gradient-free", "0": {"maxiter": 100, "fatol": 1e-05, "xatol": 1e-05, "duration": 0.05390310287475586, "fun": "0.1753387281448997", "nit": "100", "nfev": "156", "status": "2", "success": "False", "message": "Maximum number of iterations has been exceeded.", "x": "[3.1577945  2.8341914  3.81368281 1.12975882 8.04262466 5.58996196]", "final_simplex": "(array([[3.1577945 , 2.8341914 , 3.81368281, 1.12975882, 8.04262466,\n        5.58996196],\n       [3.15745523, 2.86199525, 3.85751306, 1.12633254, 7.93294478,\n        5.63658685],\n       [3.17174488, 2.85554758, 3.89602382, 1.11474637, 7.97865314,\n        5.63336457],\n       [3.2275668 , 2.86218693, 3.81765788, 1.10740128, 7.94211871,\n        5.62730666],\n       [3.1738856 , 2.8482421 , 3.84167443, 1.11400572, 7.96925341,\n        5.59225158],\n       [3.19061369, 2.92273225, 3.86075747, 1.09252016, 7.92729945,\n        5.65995206],\n       [3.21714742, 2.88867216, 3.87966606, 1.09897665, 7.9332058 ,\n        5.61085014]]), array([0.17533873, 0.17578075, 0.17592215, 0.17596263, 0.17608602,\n       0.17621389, 0.17626198]))", "callback": [0.911262028753705, 0.42606639958661363, 0.36981973587478145, 0.27845516540557713, 0.23700014607982522, 0.1971307231313787, 0.17975182793385813, 0.17902366382363377, 0.17755265752775906, 0.17650203576214407]}, "1": {"maxiter": 100, "fatol": 1e-05, "xatol": 1e-10, "duration": 0.05210423469543457, "fun": "0.1753387281448997", "nit": "100", "nfev": "156", "status": "2", "success": "False", "message": "Maximum number of iterations has been exceeded.", "x": "[3.1577945  2.8341914  3.81368281 1.12975882 8.04262466 5.58996196]", "final_simplex": "(array([[3.1577945 , 2.8341914 , 3.81368281, 1.12975882, 8.04262466,\n        5.58996196],\n       [3.15745523, 2.86199525, 3.85751306, 1.12633254, 7.93294478,\n        5.63658685],\n       [3.17174488, 2.85554758, 3.89602382, 1.11474637, 7.97865314,\n        5.63336457],\n       [3.2275668 , 2.86218693, 3.81765788, 1.10740128, 7.94211871,\n        5.62730666],\n       [3.1738856 , 2.8482421 , 3.84167443, 1.11400572, 7.96925341,\n        5.59225158],\n       [3.19061369, 2.92273225, 3.86075747, 1.09252016, 7.92729945,\n        5.65995206],\n       [3.21714742, 2.88867216, 3.87966606, 1.09897665, 7.9332058 ,\n        5.61085014]]), array([0.17533873, 0.17578075, 0.17592215, 0.17596263, 0.17608602,\n       0.17621389, 0.17626198]))", "callback": [0.911262028753705, 0.42606639958661363, 0.36981973587478145, 0.27845516540557713, 0.23700014607982522, 0.1971307231313787, 0.17975182793385813, 0.17902366382363377, 0.17755265752775906, 0.17650203576214407]}, "2": {"maxiter": 100, "fatol": 1e-10, "xatol": 1e-05, "duration": 0.04702901840209961, "fun": "0.1753387281448997", "nit": "100", "nfev": "156", "status": "2", "success": "False", "message": "Maximum number of iterations has been exceeded.", "x": "[3.1577945  2.8341914  3.81368281 1.12975882 8.04262466 5.58996196]", "final_simplex": "(array([[3.1577945 , 2.8341914 , 3.81368281, 1.12975882, 8.04262466,\n        5.58996196],\n       [3.15745523, 2.86199525, 3.85751306, 1.12633254, 7.93294478,\n        5.63658685],\n       [3.17174488, 2.85554758, 3.89602382, 1.11474637, 7.97865314,\n        5.63336457],\n       [3.2275668 , 2.86218693, 3.81765788, 1.10740128, 7.94211871,\n        5.62730666],\n       [3.1738856 , 2.8482421 , 3.84167443, 1.11400572, 7.96925341,\n        5.59225158],\n       [3.19061369, 2.92273225, 3.86075747, 1.09252016, 7.92729945,\n        5.65995206],\n       [3.21714742, 2.88867216, 3.87966606, 1.09897665, 7.9332058 ,\n        5.61085014]]), array([0.17533873, 0.17578075, 0.17592215, 0.17596263, 0.17608602,\n       0.17621389, 0.17626198]))", "callback": [0.911262028753705, 0.42606639958661363, 0.36981973587478145, 0.27845516540557713, 0.23700014607982522, 0.1971307231313787, 0.17975182793385813, 0.17902366382363377, 0.17755265752775906, 0.17650203576214407]}, "3": {"maxiter": 100, "fatol": 1e-10, "xatol": 1e-10, "duration": 0.04230785369873047, "fun": "0.1753387281448997", "nit": "100", "nfev": "156", "status": "2", "success": "False", "message": "Maximum number of iterations has been exceeded.", "x": "[3.1577945  2.8341914  3.81368281 1.12975882 8.04262466 5.58996196]", "final_simplex": "(array([[3.1577945 , 2.8341914 , 3.81368281, 1.12975882, 8.04262466,\n        5.58996196],\n       [3.15745523, 2.86199525, 3.85751306, 1.12633254, 7.93294478,\n        5.63658685],\n       [3.17174488, 2.85554758, 3.89602382, 1.11474637, 7.97865314,\n        5.63336457],\n       [3.2275668 , 2.86218693, 3.81765788, 1.10740128, 7.94211871,\n        5.62730666],\n       [3.1738856 , 2.8482421 , 3.84167443, 1.11400572, 7.96925341,\n        5.59225158],\n       [3.19061369, 2.92273225, 3.86075747, 1.09252016, 7.92729945,\n        5.65995206],\n       [3.21714742, 2.88867216, 3.87966606, 1.09897665, 7.9332058 ,\n        5.61085014]]), array([0.17533873, 0.17578075, 0.17592215, 0.17596263, 0.17608602,\n       0.17621389, 0.17626198]))", "callback": [0.911262028753705, 0.42606639958661363, 0.36981973587478145, 0.27845516540557713, 0.23700014607982522, 0.1971307231313787, 0.17975182793385813, 0.17902366382363377, 0.17755265752775906, 0.17650203576214407]}, "4": {"maxiter": 500, "fatol": 1e-05, "xatol": 1e-05, "duration": 0.20304179191589355, "fun": "0.15557467131750558", "nit": "444", "nfev": "703", "status": "0", "success": "True", "message": "Optimization terminated successfully.", "x": "[2.59666172 1.16082302 1.67524273 1.31586912 7.47903333 5.84511369]", "final_simplex": "(array([[2.59666172, 1.16082302, 1.67524273, 1.31586912, 7.47903333,\n        5.84511369],\n       [2.59666052, 1.16081551, 1.67523633, 1.31586652, 7.47903067,\n        5.84511095],\n       [2.59666249, 1.16082219, 1.67524432, 1.3158674 , 7.47903201,\n        5.84511066],\n       [2.59666198, 1.16081841, 1.67523842, 1.31586658, 7.47903355,\n        5.84511171],\n       [2.59666545, 1.16081389, 1.67524528, 1.31586692, 7.47904264,\n        5.84510505],\n       [2.59666203, 1.16082125, 1.67524641, 1.31586549, 7.47903502,\n        5.84511051],\n       [2.5966604 , 1.16082634, 1.67524813, 1.31587017, 7.47903589,\n        5.84510797]]), array([0.15557467, 0.15557467, 0.15557467, 0.15557467, 0.15557467,\n       0.15557467, 0.15557467]))", "callback": [0.911262028753705, 0.42606639958661363, 0.36981973587478145, 0.27845516540557713, 0.23700014607982522, 0.1971307231313787, 0.17975182793385813, 0.17902366382363377, 0.17755265752775906, 0.17650203576214407, 0.17427332380945293, 0.17344379638550678, 0.17236502279932286, 0.1709668722041815, 0.17062783195634856, 0.17057851710927008, 0.1704555091119272, 0.17001879026034417, 0.1685209137817334, 0.16722588693213525, 0.1664722636781637, 0.16609181859068523, 0.16374332880502462, 0.15850609458914144, 0.15676202627337166, 0.15621651863191843, 0.1562099319786323, 0.15615530770553887, 0.15603961845377123, 0.15586174683836318, 0.15577477725813837, 0.15563712208033853, 0.1556175203931086, 0.1555826690233617, 0.15557736441064784, 0.15557575424660486, 0.15557492754522928, 0.1555747287306406, 0.15557468920145534, 0.15557467361184762, 0.1555746721424579, 0.15557467147223036, 0.15557467134821368, 0.15557467132125202, 0.1555746713188204]}, "5": {"maxiter": 500, "fatol": 1e-05, "xatol": 1e-10, "duration": 0.24794602394104004, "fun": "0.15557467131595815", "nit": "500", "nfev": "791", "status": "2", "success": "False", "message": "Maximum number of iterations has been exceeded.", "x": "[2.59666054 1.16082082 1.67524389 1.31586992 7.47903138 5.84511221]", "final_simplex": "(array([[2.59666054, 1.16082082, 1.67524389, 1.31586992, 7.47903138,\n        5.84511221],\n       [2.5966605 , 1.16082081, 1.67524414, 1.31587009, 7.47903158,\n        5.845112  ],\n       [2.59666059, 1.16082089, 1.67524451, 1.31587   , 7.47903167,\n        5.84511202],\n       [2.5966605 , 1.16082114, 1.6752443 , 1.31587004, 7.47903156,\n        5.8451122 ],\n       [2.59666042, 1.16082069, 1.6752443 , 1.31587004, 7.47903166,\n        5.84511189],\n       [2.59666054, 1.1608209 , 1.67524393, 1.31587001, 7.47903154,\n        5.84511233],\n       [2.59666031, 1.16082102, 1.67524392, 1.31587003, 7.47903101,\n        5.84511252]]), array([0.15557467, 0.15557467, 0.15557467, 0.15557467, 0.15557467,\n       0.15557467, 0.15557467]))", "callback": [0.911262028753705, 0.42606639958661363, 0.36981973587478145, 0.27845516540557713, 0.23700014607982522, 0.1971307231313787, 0.17975182793385813, 0.17902366382363377, 0.17755265752775906, 0.17650203576214407, 0.17427332380945293, 0.17344379638550678, 0.17236502279932286, 0.1709668722041815, 0.17062783195634856, 0.17057851710927008, 0.1704555091119272, 0.17001879026034417, 0.1685209137817334, 0.16722588693213525, 0.1664722636781637, 0.16609181859068523, 0.16374332880502462, 0.15850609458914144, 0.15676202627337166, 0.15621651863191843, 0.1562099319786323, 0.15615530770553887, 0.15603961845377123, 0.15586174683836318, 0.15577477725813837, 0.15563712208033853, 0.1556175203931086, 0.1555826690233617, 0.15557736441064784, 0.15557575424660486, 0.15557492754522928, 0.1555747287306406, 0.15557468920145534, 0.15557467361184762, 0.1555746721424579, 0.15557467147223036, 0.15557467134821368, 0.15557467132125202, 0.1555746713188204, 0.1555746713173214, 0.1555746713163626, 0.155574671315996, 0.155574671315996, 0.1555746713159618]}, "6": {"maxiter": 500, "fatol": 1e-10, "xatol": 1e-05, "duration": 0.21517515182495117, "fun": "0.15557467131750558", "nit": "444", "nfev": "703", "status": "0", "success": "True", "message": "Optimization terminated successfully.", "x": "[2.59666172 1.16082302 1.67524273 1.31586912 7.47903333 5.84511369]", "final_simplex": "(array([[2.59666172, 1.16082302, 1.67524273, 1.31586912, 7.47903333,\n        5.84511369],\n       [2.59666052, 1.16081551, 1.67523633, 1.31586652, 7.47903067,\n        5.84511095],\n       [2.59666249, 1.16082219, 1.67524432, 1.3158674 , 7.47903201,\n        5.84511066],\n       [2.59666198, 1.16081841, 1.67523842, 1.31586658, 7.47903355,\n        5.84511171],\n       [2.59666545, 1.16081389, 1.67524528, 1.31586692, 7.47904264,\n        5.84510505],\n       [2.59666203, 1.16082125, 1.67524641, 1.31586549, 7.47903502,\n        5.84511051],\n       [2.5966604 , 1.16082634, 1.67524813, 1.31587017, 7.47903589,\n        5.84510797]]), array([0.15557467, 0.15557467, 0.15557467, 0.15557467, 0.15557467,\n       0.15557467, 0.15557467]))", "callback": [0.911262028753705, 0.42606639958661363, 0.36981973587478145, 0.27845516540557713, 0.23700014607982522, 0.1971307231313787, 0.17975182793385813, 0.17902366382363377, 0.17755265752775906, 0.17650203576214407, 0.17427332380945293, 0.17344379638550678, 0.17236502279932286, 0.1709668722041815, 0.17062783195634856, 0.17057851710927008, 0.1704555091119272, 0.17001879026034417, 0.1685209137817334, 0.16722588693213525, 0.1664722636781637, 0.16609181859068523, 0.16374332880502462, 0.15850609458914144, 0.15676202627337166, 0.15621651863191843, 0.1562099319786323, 0.15615530770553887, 0.15603961845377123, 0.15586174683836318, 0.15577477725813837, 0.15563712208033853, 0.1556175203931086, 0.1555826690233617, 0.15557736441064784, 0.15557575424660486, 0.15557492754522928, 0.1555747287306406, 0.15557468920145534, 0.15557467361184762, 0.1555746721424579, 0.15557467147223036, 0.15557467134821368, 0.15557467132125202, 0.1555746713188204]}, "7": {"maxiter": 500, "fatol": 1e-10, "xatol": 1e-10, "duration": 0.23710989952087402, "fun": "0.15557467131595815", "nit": "500", "nfev": "791", "status": "2", "success": "False", "message": "Maximum number of iterations has been exceeded.", "x": "[2.59666054 1.16082082 1.67524389 1.31586992 7.47903138 5.84511221]", "final_simplex": "(array([[2.59666054, 1.16082082, 1.67524389, 1.31586992, 7.47903138,\n        5.84511221],\n       [2.5966605 , 1.16082081, 1.67524414, 1.31587009, 7.47903158,\n        5.845112  ],\n       [2.59666059, 1.16082089, 1.67524451, 1.31587   , 7.47903167,\n        5.84511202],\n       [2.5966605 , 1.16082114, 1.6752443 , 1.31587004, 7.47903156,\n        5.8451122 ],\n       [2.59666042, 1.16082069, 1.6752443 , 1.31587004, 7.47903166,\n        5.84511189],\n       [2.59666054, 1.1608209 , 1.67524393, 1.31587001, 7.47903154,\n        5.84511233],\n       [2.59666031, 1.16082102, 1.67524392, 1.31587003, 7.47903101,\n        5.84511252]]), array([0.15557467, 0.15557467, 0.15557467, 0.15557467, 0.15557467,\n       0.15557467, 0.15557467]))", "callback": [0.911262028753705, 0.42606639958661363, 0.36981973587478145, 0.27845516540557713, 0.23700014607982522, 0.1971307231313787, 0.17975182793385813, 0.17902366382363377, 0.17755265752775906, 0.17650203576214407, 0.17427332380945293, 0.17344379638550678, 0.17236502279932286, 0.1709668722041815, 0.17062783195634856, 0.17057851710927008, 0.1704555091119272, 0.17001879026034417, 0.1685209137817334, 0.16722588693213525, 0.1664722636781637, 0.16609181859068523, 0.16374332880502462, 0.15850609458914144, 0.15676202627337166, 0.15621651863191843, 0.1562099319786323, 0.15615530770553887, 0.15603961845377123, 0.15586174683836318, 0.15577477725813837, 0.15563712208033853, 0.1556175203931086, 0.1555826690233617, 0.15557736441064784, 0.15557575424660486, 0.15557492754522928, 0.1555747287306406, 0.15557468920145534, 0.15557467361184762, 0.1555746721424579, 0.15557467147223036, 0.15557467134821368, 0.15557467132125202, 0.1555746713188204, 0.1555746713173214, 0.1555746713163626, 0.155574671315996, 0.155574671315996, 0.1555746713159618]}, "8": {"maxiter": 1000, "fatol": 1e-05, "xatol": 1e-05, "duration": 0.22885799407958984, "fun": "0.15557467131750558", "nit": "444", "nfev": "703", "status": "0", "success": "True", "message": "Optimization terminated successfully.", "x": "[2.59666172 1.16082302 1.67524273 1.31586912 7.47903333 5.84511369]", "final_simplex": "(array([[2.59666172, 1.16082302, 1.67524273, 1.31586912, 7.47903333,\n        5.84511369],\n       [2.59666052, 1.16081551, 1.67523633, 1.31586652, 7.47903067,\n        5.84511095],\n       [2.59666249, 1.16082219, 1.67524432, 1.3158674 , 7.47903201,\n        5.84511066],\n       [2.59666198, 1.16081841, 1.67523842, 1.31586658, 7.47903355,\n        5.84511171],\n       [2.59666545, 1.16081389, 1.67524528, 1.31586692, 7.47904264,\n        5.84510505],\n       [2.59666203, 1.16082125, 1.67524641, 1.31586549, 7.47903502,\n        5.84511051],\n       [2.5966604 , 1.16082634, 1.67524813, 1.31587017, 7.47903589,\n        5.84510797]]), array([0.15557467, 0.15557467, 0.15557467, 0.15557467, 0.15557467,\n       0.15557467, 0.15557467]))", "callback": [0.911262028753705, 0.42606639958661363, 0.36981973587478145, 0.27845516540557713, 0.23700014607982522, 0.1971307231313787, 0.17975182793385813, 0.17902366382363377, 0.17755265752775906, 0.17650203576214407, 0.17427332380945293, 0.17344379638550678, 0.17236502279932286, 0.1709668722041815, 0.17062783195634856, 0.17057851710927008, 0.1704555091119272, 0.17001879026034417, 0.1685209137817334, 0.16722588693213525, 0.1664722636781637, 0.16609181859068523, 0.16374332880502462, 0.15850609458914144, 0.15676202627337166, 0.15621651863191843, 0.1562099319786323, 0.15615530770553887, 0.15603961845377123, 0.15586174683836318, 0.15577477725813837, 0.15563712208033853, 0.1556175203931086, 0.1555826690233617, 0.15557736441064784, 0.15557575424660486, 0.15557492754522928, 0.1555747287306406, 0.15557468920145534, 0.15557467361184762, 0.1555746721424579, 0.15557467147223036, 0.15557467134821368, 0.15557467132125202, 0.1555746713188204]}, "9": {"maxiter": 1000, "fatol": 1e-05, "xatol": 1e-10, "duration": 0.2987208366394043, "fun": "0.15557467131595382", "nit": "548", "nfev": "933", "status": "0", "success": "True", "message": "Optimization terminated successfully.", "x": "[2.59666054 1.16082074 1.67524411 1.31586998 7.47903153 5.84511212]", "final_simplex": "(array([[2.59666054, 1.16082074, 1.67524411, 1.31586998, 7.47903153,\n        5.84511212],\n       [2.59666054, 1.16082074, 1.67524411, 1.31586998, 7.47903153,\n        5.84511212],\n       [2.59666054, 1.16082074, 1.67524411, 1.31586998, 7.47903153,\n        5.84511212],\n       [2.59666054, 1.16082074, 1.67524411, 1.31586998, 7.47903153,\n        5.84511212],\n       [2.59666054, 1.16082074, 1.67524411, 1.31586998, 7.47903153,\n        5.84511212],\n       [2.59666054, 1.16082074, 1.67524411, 1.31586998, 7.47903153,\n        5.84511212],\n       [2.59666054, 1.16082074, 1.67524411, 1.31586998, 7.47903153,\n        5.84511212]]), array([0.15557467, 0.15557467, 0.15557467, 0.15557467, 0.15557467,\n       0.15557467, 0.15557467]))", "callback": [0.911262028753705, 0.42606639958661363, 0.36981973587478145, 0.27845516540557713, 0.23700014607982522, 0.1971307231313787, 0.17975182793385813, 0.17902366382363377, 0.17755265752775906, 0.17650203576214407, 0.17427332380945293, 0.17344379638550678, 0.17236502279932286, 0.1709668722041815, 0.17062783195634856, 0.17057851710927008, 0.1704555091119272, 0.17001879026034417, 0.1685209137817334, 0.16722588693213525, 0.1664722636781637, 0.16609181859068523, 0.16374332880502462, 0.15850609458914144, 0.15676202627337166, 0.15621651863191843, 0.1562099319786323, 0.15615530770553887, 0.15603961845377123, 0.15586174683836318, 0.15577477725813837, 0.15563712208033853, 0.1556175203931086, 0.1555826690233617, 0.15557736441064784, 0.15557575424660486, 0.15557492754522928, 0.1555747287306406, 0.15557468920145534, 0.15557467361184762, 0.1555746721424579, 0.15557467147223036, 0.15557467134821368, 0.15557467132125202, 0.1555746713188204, 0.1555746713173214, 0.1555746713163626, 0.155574671315996, 0.155574671315996, 0.1555746713159618, 0.15557467131595648, 0.15557467131595448, 0.15557467131595415, 0.15557467131595382, 0.15557467131595382]}, "10": {"maxiter": 1000, "fatol": 1e-10, "xatol": 1e-05, "duration": 0.22964024543762207, "fun": "0.15557467131750558", "nit": "444", "nfev": "703", "status": "0", "success": "True", "message": "Optimization terminated successfully.", "x": "[2.59666172 1.16082302 1.67524273 1.31586912 7.47903333 5.84511369]", "final_simplex": "(array([[2.59666172, 1.16082302, 1.67524273, 1.31586912, 7.47903333,\n        5.84511369],\n       [2.59666052, 1.16081551, 1.67523633, 1.31586652, 7.47903067,\n        5.84511095],\n       [2.59666249, 1.16082219, 1.67524432, 1.3158674 , 7.47903201,\n        5.84511066],\n       [2.59666198, 1.16081841, 1.67523842, 1.31586658, 7.47903355,\n        5.84511171],\n       [2.59666545, 1.16081389, 1.67524528, 1.31586692, 7.47904264,\n        5.84510505],\n       [2.59666203, 1.16082125, 1.67524641, 1.31586549, 7.47903502,\n        5.84511051],\n       [2.5966604 , 1.16082634, 1.67524813, 1.31587017, 7.47903589,\n        5.84510797]]), array([0.15557467, 0.15557467, 0.15557467, 0.15557467, 0.15557467,\n       0.15557467, 0.15557467]))", "callback": [0.911262028753705, 0.42606639958661363, 0.36981973587478145, 0.27845516540557713, 0.23700014607982522, 0.1971307231313787, 0.17975182793385813, 0.17902366382363377, 0.17755265752775906, 0.17650203576214407, 0.17427332380945293, 0.17344379638550678, 0.17236502279932286, 0.1709668722041815, 0.17062783195634856, 0.17057851710927008, 0.1704555091119272, 0.17001879026034417, 0.1685209137817334, 0.16722588693213525, 0.1664722636781637, 0.16609181859068523, 0.16374332880502462, 0.15850609458914144, 0.15676202627337166, 0.15621651863191843, 0.1562099319786323, 0.15615530770553887, 0.15603961845377123, 0.15586174683836318, 0.15577477725813837, 0.15563712208033853, 0.1556175203931086, 0.1555826690233617, 0.15557736441064784, 0.15557575424660486, 0.15557492754522928, 0.1555747287306406, 0.15557468920145534, 0.15557467361184762, 0.1555746721424579, 0.15557467147223036, 0.15557467134821368, 0.15557467132125202, 0.1555746713188204]}, "11": {"maxiter": 1000, "fatol": 1e-10, "xatol": 1e-10, "duration": 0.2898709774017334, "fun": "0.15557467131595382", "nit": "548", "nfev": "933", "status": "0", "success": "True", "message": "Optimization terminated successfully.", "x": "[2.59666054 1.16082074 1.67524411 1.31586998 7.47903153 5.84511212]", "final_simplex": "(array([[2.59666054, 1.16082074, 1.67524411, 1.31586998, 7.47903153,\n        5.84511212],\n       [2.59666054, 1.16082074, 1.67524411, 1.31586998, 7.47903153,\n        5.84511212],\n       [2.59666054, 1.16082074, 1.67524411, 1.31586998, 7.47903153,\n        5.84511212],\n       [2.59666054, 1.16082074, 1.67524411, 1.31586998, 7.47903153,\n        5.84511212],\n       [2.59666054, 1.16082074, 1.67524411, 1.31586998, 7.47903153,\n        5.84511212],\n       [2.59666054, 1.16082074, 1.67524411, 1.31586998, 7.47903153,\n        5.84511212],\n       [2.59666054, 1.16082074, 1.67524411, 1.31586998, 7.47903153,\n        5.84511212]]), array([0.15557467, 0.15557467, 0.15557467, 0.15557467, 0.15557467,\n       0.15557467, 0.15557467]))", "callback": [0.911262028753705, 0.42606639958661363, 0.36981973587478145, 0.27845516540557713, 0.23700014607982522, 0.1971307231313787, 0.17975182793385813, 0.17902366382363377, 0.17755265752775906, 0.17650203576214407, 0.17427332380945293, 0.17344379638550678, 0.17236502279932286, 0.1709668722041815, 0.17062783195634856, 0.17057851710927008, 0.1704555091119272, 0.17001879026034417, 0.1685209137817334, 0.16722588693213525, 0.1664722636781637, 0.16609181859068523, 0.16374332880502462, 0.15850609458914144, 0.15676202627337166, 0.15621651863191843, 0.1562099319786323, 0.15615530770553887, 0.15603961845377123, 0.15586174683836318, 0.15577477725813837, 0.15563712208033853, 0.1556175203931086, 0.1555826690233617, 0.15557736441064784, 0.15557575424660486, 0.15557492754522928, 0.1555747287306406, 0.15557468920145534, 0.15557467361184762, 0.1555746721424579, 0.15557467147223036, 0.15557467134821368, 0.15557467132125202, 0.1555746713188204, 0.1555746713173214, 0.1555746713163626, 0.155574671315996, 0.155574671315996, 0.1555746713159618, 0.15557467131595648, 0.15557467131595448, 0.15557467131595415, 0.15557467131595382, 0.15557467131595382]}}, "bfgs": {"type": "gradient", "0": {"maxiter": 100, "gtol": 1e-05, "xrtol": 1e-05, "eps": 1e-05, "duration": 0.08196616172790527, "fun": "0.15557467138135417", "jac": "[-2.05787609e-06  1.44635415e-06 -1.18797194e-06  1.49055213e-06\n -1.31049616e-06 -6.80633328e-07]", "hess_inv": "[[  8.17221394   1.04210687  -7.58996544   1.36096822 -10.3205206\n    3.52792289]\n [  1.04210687  13.22447108   9.13493298   2.65043828  -1.13828517\n    3.09892052]\n [ -7.58996544   9.13493298  27.37992205   3.81281265  17.16110109\n   -8.27925777]\n [  1.36096822   2.65043828   3.81281265   3.68660416   0.42193535\n   -0.7547229 ]\n [-10.3205206   -1.13828517  17.16110109   0.42193535  25.71640459\n  -11.41249465]\n [  3.52792289   3.09892052  -8.27925777  -0.7547229  -11.41249465\n    9.59117794]]", "nfev": "252", "njev": "36", "status": "0", "success": "True", "message": "Optimization terminated successfully.", "x": "[3.68651998 4.30238866 4.81679803 1.31585724 7.47901079 5.84511551]", "nit": "30", "callback": [0.7719650908026017, 0.40309125815804026, 0.3885285673203883, 0.36084399828441316, 0.31132896014120803, 0.23951868117541375, 0.20145294221664667, 0.17331525740867493, 0.1656667537396943, 0.1641911146693873, 0.16264221035046367, 0.16247497531547073, 0.1621900275449185, 0.1616691581457428, 0.16070810685890213, 0.15908501509785822, 0.15831726747324681, 0.15730136523036586, 0.15645166718369863, 0.1558148961662955, 0.15567125973739193, 0.15565114847932104, 0.15564441086490433, 0.1556322029580931, 0.1556110858339701, 0.15558275674518107, 0.15557595836611826, 0.15557481064411105, 0.15557467310766793, 0.15557467138135417]}, "1": {"maxiter": 100, "gtol": 1e-05, "xrtol": 1e-05, "eps": 1e-10, "duration": 0.08307623863220215, "fun": "0.15557467144553694", "jac": "[-7.77156053e-06  1.11022293e-06  0.00000000e+00  0.00000000e+00\n -3.33066880e-06 -3.33066880e-06]", "hess_inv": "[[  8.22081539   1.15289971  -7.37280932   1.4968568  -10.26632041\n    3.54759169]\n [  1.15289971  12.75605445   8.50815154   2.50275952  -1.44695707\n    3.06567336]\n [ -7.37280932   8.50815154  26.33696135   3.56407281  16.57951309\n   -8.2504339 ]\n [  1.4968568    2.50275952   3.56407281   3.67583364   0.21999491\n   -0.7299694 ]\n [-10.26632041  -1.44695707  16.57951309   0.21999491  25.44856183\n  -11.40485196]\n [  3.54759169   3.06567336  -8.2504339   -0.7299694  -11.40485196\n    9.57804754]]", "nfev": "252", "njev": "36", "status": "0", "success": "True", "message": "Optimization terminated successfully.", "x": "[3.68651095 4.30238803 4.81679154 1.31585592 7.47900103 5.84512831]", "nit": "30", "callback": [0.7719633955443138, 0.40309722375233337, 0.38853562629555705, 0.36085335948434827, 0.3113428034814839, 0.23953896565953503, 0.2014671120760153, 0.17332525499919005, 0.165668898761396, 0.1641923045647291, 0.16264243729762984, 0.16247507498841696, 0.16218985036314448, 0.16166835096092802, 0.16070594883033662, 0.15908021479436985, 0.15832038394806858, 0.15730750401612492, 0.1564501685435773, 0.15582100328784532, 0.1556728442473616, 0.15565104735263036, 0.15564423991627452, 0.15563215255203722, 0.15561145020594036, 0.1555837462410351, 0.15557630814054813, 0.1555748286393014, 0.15557467438317207, 0.15557467144553694]}, "2": {"maxiter": 100, "gtol": 1e-05, "xrtol": 1e-10, "eps": 1e-05, "duration": 0.08388018608093262, "fun": "0.15557467138135417", "jac": "[-2.05787609e-06  1.44635415e-06 -1.18797194e-06  1.49055213e-06\n -1.31049616e-06 -6.80633328e-07]", "hess_inv": "[[  8.17221394   1.04210687  -7.58996544   1.36096822 -10.3205206\n    3.52792289]\n [  1.04210687  13.22447108   9.13493298   2.65043828  -1.13828517\n    3.09892052]\n [ -7.58996544   9.13493298  27.37992205   3.81281265  17.16110109\n   -8.27925777]\n [  1.36096822   2.65043828   3.81281265   3.68660416   0.42193535\n   -0.7547229 ]\n [-10.3205206   -1.13828517  17.16110109   0.42193535  25.71640459\n  -11.41249465]\n [  3.52792289   3.09892052  -8.27925777  -0.7547229  -11.41249465\n    9.59117794]]", "nfev": "252", "njev": "36", "status": "0", "success": "True", "message": "Optimization terminated successfully.", "x": "[3.68651998 4.30238866 4.81679803 1.31585724 7.47901079 5.84511551]", "nit": "30", "callback": [0.7719650908026017, 0.40309125815804026, 0.3885285673203883, 0.36084399828441316, 0.31132896014120803, 0.23951868117541375, 0.20145294221664667, 0.17331525740867493, 0.1656667537396943, 0.1641911146693873, 0.16264221035046367, 0.16247497531547073, 0.1621900275449185, 0.1616691581457428, 0.16070810685890213, 0.15908501509785822, 0.15831726747324681, 0.15730136523036586, 0.15645166718369863, 0.1558148961662955, 0.15567125973739193, 0.15565114847932104, 0.15564441086490433, 0.1556322029580931, 0.1556110858339701, 0.15558275674518107, 0.15557595836611826, 0.15557481064411105, 0.15557467310766793, 0.15557467138135417]}, "3": {"maxiter": 100, "gtol": 1e-05, "xrtol": 1e-10, "eps": 1e-10, "duration": 0.0815269947052002, "fun": "0.15557467144553694", "jac": "[-7.77156053e-06  1.11022293e-06  0.00000000e+00  0.00000000e+00\n -3.33066880e-06 -3.33066880e-06]", "hess_inv": "[[  8.22081539   1.15289971  -7.37280932   1.4968568  -10.26632041\n    3.54759169]\n [  1.15289971  12.75605445   8.50815154   2.50275952  -1.44695707\n    3.06567336]\n [ -7.37280932   8.50815154  26.33696135   3.56407281  16.57951309\n   -8.2504339 ]\n [  1.4968568    2.50275952   3.56407281   3.67583364   0.21999491\n   -0.7299694 ]\n [-10.26632041  -1.44695707  16.57951309   0.21999491  25.44856183\n  -11.40485196]\n [  3.54759169   3.06567336  -8.2504339   -0.7299694  -11.40485196\n    9.57804754]]", "nfev": "252", "njev": "36", "status": "0", "success": "True", "message": "Optimization terminated successfully.", "x": "[3.68651095 4.30238803 4.81679154 1.31585592 7.47900103 5.84512831]", "nit": "30", "callback": [0.7719633955443138, 0.40309722375233337, 0.38853562629555705, 0.36085335948434827, 0.3113428034814839, 0.23953896565953503, 0.2014671120760153, 0.17332525499919005, 0.165668898761396, 0.1641923045647291, 0.16264243729762984, 0.16247507498841696, 0.16218985036314448, 0.16166835096092802, 0.16070594883033662, 0.15908021479436985, 0.15832038394806858, 0.15730750401612492, 0.1564501685435773, 0.15582100328784532, 0.1556728442473616, 0.15565104735263036, 0.15564423991627452, 0.15563215255203722, 0.15561145020594036, 0.1555837462410351, 0.15557630814054813, 0.1555748286393014, 0.15557467438317207, 0.15557467144553694]}, "4": {"maxiter": 100, "gtol": 1e-10, "xrtol": 1e-05, "eps": 1e-05, "duration": 0.09100222587585449, "fun": "0.15557467137624947", "jac": "[-1.46020973e-06  1.03852482e-06 -8.69337935e-07  1.05914166e-06\n -9.01823061e-07 -5.28743715e-07]", "hess_inv": "[[  8.32963527   1.27038598  -7.88818933   1.41740752 -10.8966898\n    3.85241246]\n [  1.27038598  13.52235181   8.57378878   2.69792062  -2.04222145\n    3.5847607 ]\n [ -7.88818933   8.57378878  27.44534816   3.57250689  17.98699953\n   -8.83461617]\n [  1.41740752   2.69792062   3.57250689   3.67122279   0.14444135\n   -0.62253426]\n [-10.8966898   -2.04222145  17.98699953   0.14444135  27.68397744\n  -12.56857573]\n [  3.85241246   3.5847607   -8.83461617  -0.62253426 -12.56857573\n   10.2529872 ]]", "nfev": "266", "njev": "38", "status": "0", "success": "True", "message": "Optimization terminated successfully.", "x": "[3.68651747 4.30238513 4.81680323 1.31585645 7.47902022 5.84511027]", "nit": "31", "callback": [0.7719650908026017, 0.40309125815804026, 0.3885285673203883, 0.36084399828441316, 0.31132896014120803, 0.23951868117541375, 0.20145294221664667, 0.17331525740867493, 0.1656667537396943, 0.1641911146693873, 0.16264221035046367, 0.16247497531547073, 0.1621900275449185, 0.1616691581457428, 0.16070810685890213, 0.15908501509785822, 0.15831726747324681, 0.15730136523036586, 0.15645166718369863, 0.1558148961662955, 0.15567125973739193, 0.15565114847932104, 0.15564441086490433, 0.1556322029580931, 0.1556110858339701, 0.15558275674518107, 0.15557595836611826, 0.15557481064411105, 0.15557467310766793, 0.15557467138135417, 0.15557467137624947]}, "5": {"maxiter": 100, "gtol": 1e-10, "xrtol": 1e-05, "eps": 1e-10, "duration": 0.0846710205078125, "fun": "0.15557467143556447", "jac": "[ 1.11022293e-06 -2.22044587e-06 -3.33066880e-06  1.11022293e-06\n  2.22044587e-06  3.33066880e-06]", "hess_inv": "[[  6.71239041   0.96068209  -5.71438524   1.16773461  -8.11667049\n    2.47752224]\n [  0.96068209  12.79423612   8.65311197   2.48141178  -1.50216989\n    3.06206008]\n [ -5.71438524   8.65311197  24.58390716   3.90411691  14.564649\n   -7.21452801]\n [  1.16773461   2.48141178   3.90411691   3.6107882    0.58088648\n   -0.91983388]\n [ -8.11667049  -1.50216989  14.564649     0.58088648  24.11358602\n  -10.57700898]\n [  2.47752224   3.06206008  -7.21452801  -0.91983388 -10.57700898\n    9.10009405]]", "nfev": "259", "njev": "37", "status": "0", "success": "True", "message": "Optimization terminated successfully.", "x": "[3.68654327 4.30238648 4.81676201 1.31586111 7.4789847  5.84513925]", "nit": "31", "callback": [0.7719633955443138, 0.40309722375233337, 0.38853562629555705, 0.36085335948434827, 0.3113428034814839, 0.23953896565953503, 0.2014671120760153, 0.17332525499919005, 0.165668898761396, 0.1641923045647291, 0.16264243729762984, 0.16247507498841696, 0.16218985036314448, 0.16166835096092802, 0.16070594883033662, 0.15908021479436985, 0.15832038394806858, 0.15730750401612492, 0.1564501685435773, 0.15582100328784532, 0.1556728442473616, 0.15565104735263036, 0.15564423991627452, 0.15563215255203722, 0.15561145020594036, 0.1555837462410351, 0.15557630814054813, 0.1555748286393014, 0.15557467438317207, 0.15557467144553694, 0.15557467143556447]}, "6": {"maxiter": 100, "gtol": 1e-10, "xrtol": 1e-10, "eps": 1e-05, "duration": 0.17205500602722168, "fun": "0.15557467137535685", "jac": "[-8.57613980e-07  6.14630569e-07 -5.19628784e-07  6.26565466e-07\n -5.19639887e-07 -3.11672910e-07]", "hess_inv": "[[  8.26137066   1.22344928  -7.89723515   1.42882295 -10.69103742\n    3.71363876]\n [  1.22344928  13.52606629   8.45695661   2.7297661   -1.93739549\n    3.49215882]\n [ -7.89723515   8.45695661  27.78396109   3.50024065  18.12692632\n   -8.86146867]\n [  1.42882295   2.7297661    3.50024065   3.6853128    0.08569265\n   -0.59742937]\n [-10.69103742  -1.93739549  18.12692632   0.08569265  27.10123666\n  -12.15364082]\n [  3.71363876   3.49215882  -8.86146867  -0.59742937 -12.15364082\n    9.97089849]]", "nfev": "508", "njev": "71", "status": "2", "success": "False", "message": "Desired error not necessarily achieved due to precision loss.", "x": "[3.68651527 4.30238192 4.81680809 1.31585569 7.47902862 5.84510571]", "nit": "32", "callback": [0.7719650908026017, 0.40309125815804026, 0.3885285673203883, 0.36084399828441316, 0.31132896014120803, 0.23951868117541375, 0.20145294221664667, 0.17331525740867493, 0.1656667537396943, 0.1641911146693873, 0.16264221035046367, 0.16247497531547073, 0.1621900275449185, 0.1616691581457428, 0.16070810685890213, 0.15908501509785822, 0.15831726747324681, 0.15730136523036586, 0.15645166718369863, 0.1558148961662955, 0.15567125973739193, 0.15565114847932104, 0.15564441086490433, 0.1556322029580931, 0.1556110858339701, 0.15558275674518107, 0.15557595836611826, 0.15557481064411105, 0.15557467310766793, 0.15557467138135417, 0.15557467137624947, 0.15557467137535685]}, "7": {"maxiter": 100, "gtol": 1e-10, "xrtol": 1e-10, "eps": 1e-10, "duration": 0.12363505363464355, "fun": "0.1555746713343359", "jac": "[ 2.22044587e-06 -2.22044587e-06  1.11022293e-06  0.00000000e+00\n  2.22044587e-06  2.22044587e-06]", "hess_inv": "[[ 6.84335307  0.52420242 -5.39719611  2.18350778  2.18822552  4.32009413]\n [ 0.52420242  1.45828476 -1.2087129  -0.90475578  0.51456704  1.24090662]\n [-5.39719611 -1.2087129   4.75217029 -1.13449485 -1.86567215 -3.84943667]\n [ 2.18350778 -0.90475578 -1.13449485  1.57813117  0.6083061   0.784051  ]\n [ 2.18822552  0.51456704 -1.86567215  0.6083061   1.47073473  2.1624648 ]\n [ 4.32009413  1.24090662 -3.84943667  0.784051    2.1624648   3.92356447]]", "nfev": "364", "njev": "52", "status": "0", "success": "True", "message": "Optimization terminated successfully.", "x": "[3.68653536 4.30241407 4.81681167 1.31586544 7.47900373 5.84512718]", "nit": "39", "callback": [0.7719633955443138, 0.40309722375233337, 0.38853562629555705, 0.36085335948434827, 0.3113428034814839, 0.23953896565953503, 0.2014671120760153, 0.17332525499919005, 0.165668898761396, 0.1641923045647291, 0.16264243729762984, 0.16247507498841696, 0.16218985036314448, 0.16166835096092802, 0.16070594883033662, 0.15908021479436985, 0.15832038394806858, 0.15730750401612492, 0.1564501685435773, 0.15582100328784532, 0.1556728442473616, 0.15565104735263036, 0.15564423991627452, 0.15563215255203722, 0.15561145020594036, 0.1555837462410351, 0.15557630814054813, 0.1555748286393014, 0.15557467438317207, 0.15557467144553694, 0.15557467143556447, 0.15557467138083325, 0.155574671339071, 0.15557467133547642, 0.15557467133498804, 0.1555746713343953, 0.15557467133434022, 0.155574671334336, 0.1555746713343359]}, "8": {"maxiter": 500, "gtol": 1e-05, "xrtol": 1e-05, "eps": 1e-05, "duration": 0.08301877975463867, "fun": "0.15557467138135417", "jac": "[-2.05787609e-06  1.44635415e-06 -1.18797194e-06  1.49055213e-06\n -1.31049616e-06 -6.80633328e-07]", "hess_inv": "[[  8.17221394   1.04210687  -7.58996544   1.36096822 -10.3205206\n    3.52792289]\n [  1.04210687  13.22447108   9.13493298   2.65043828  -1.13828517\n    3.09892052]\n [ -7.58996544   9.13493298  27.37992205   3.81281265  17.16110109\n   -8.27925777]\n [  1.36096822   2.65043828   3.81281265   3.68660416   0.42193535\n   -0.7547229 ]\n [-10.3205206   -1.13828517  17.16110109   0.42193535  25.71640459\n  -11.41249465]\n [  3.52792289   3.09892052  -8.27925777  -0.7547229  -11.41249465\n    9.59117794]]", "nfev": "252", "njev": "36", "status": "0", "success": "True", "message": "Optimization terminated successfully.", "x": "[3.68651998 4.30238866 4.81679803 1.31585724 7.47901079 5.84511551]", "nit": "30", "callback": [0.7719650908026017, 0.40309125815804026, 0.3885285673203883, 0.36084399828441316, 0.31132896014120803, 0.23951868117541375, 0.20145294221664667, 0.17331525740867493, 0.1656667537396943, 0.1641911146693873, 0.16264221035046367, 0.16247497531547073, 0.1621900275449185, 0.1616691581457428, 0.16070810685890213, 0.15908501509785822, 0.15831726747324681, 0.15730136523036586, 0.15645166718369863, 0.1558148961662955, 0.15567125973739193, 0.15565114847932104, 0.15564441086490433, 0.1556322029580931, 0.1556110858339701, 0.15558275674518107, 0.15557595836611826, 0.15557481064411105, 0.15557467310766793, 0.15557467138135417]}, "9": {"maxiter": 500, "gtol": 1e-05, "xrtol": 1e-05, "eps": 1e-10, "duration": 0.08296322822570801, "fun": "0.15557467144553694", "jac": "[-7.77156053e-06  1.11022293e-06  0.00000000e+00  0.00000000e+00\n -3.33066880e-06 -3.33066880e-06]", "hess_inv": "[[  8.22081539   1.15289971  -7.37280932   1.4968568  -10.26632041\n    3.54759169]\n [  1.15289971  12.75605445   8.50815154   2.50275952  -1.44695707\n    3.06567336]\n [ -7.37280932   8.50815154  26.33696135   3.56407281  16.57951309\n   -8.2504339 ]\n [  1.4968568    2.50275952   3.56407281   3.67583364   0.21999491\n   -0.7299694 ]\n [-10.26632041  -1.44695707  16.57951309   0.21999491  25.44856183\n  -11.40485196]\n [  3.54759169   3.06567336  -8.2504339   -0.7299694  -11.40485196\n    9.57804754]]", "nfev": "252", "njev": "36", "status": "0", "success": "True", "message": "Optimization terminated successfully.", "x": "[3.68651095 4.30238803 4.81679154 1.31585592 7.47900103 5.84512831]", "nit": "30", "callback": [0.7719633955443138, 0.40309722375233337, 0.38853562629555705, 0.36085335948434827, 0.3113428034814839, 0.23953896565953503, 0.2014671120760153, 0.17332525499919005, 0.165668898761396, 0.1641923045647291, 0.16264243729762984, 0.16247507498841696, 0.16218985036314448, 0.16166835096092802, 0.16070594883033662, 0.15908021479436985, 0.15832038394806858, 0.15730750401612492, 0.1564501685435773, 0.15582100328784532, 0.1556728442473616, 0.15565104735263036, 0.15564423991627452, 0.15563215255203722, 0.15561145020594036, 0.1555837462410351, 0.15557630814054813, 0.1555748286393014, 0.15557467438317207, 0.15557467144553694]}, "10": {"maxiter": 500, "gtol": 1e-05, "xrtol": 1e-10, "eps": 1e-05, "duration": 0.11542820930480957, "fun": "0.15557467138135417", "jac": "[-2.05787609e-06  1.44635415e-06 -1.18797194e-06  1.49055213e-06\n -1.31049616e-06 -6.80633328e-07]", "hess_inv": "[[  8.17221394   1.04210687  -7.58996544   1.36096822 -10.3205206\n    3.52792289]\n [  1.04210687  13.22447108   9.13493298   2.65043828  -1.13828517\n    3.09892052]\n [ -7.58996544   9.13493298  27.37992205   3.81281265  17.16110109\n   -8.27925777]\n [  1.36096822   2.65043828   3.81281265   3.68660416   0.42193535\n   -0.7547229 ]\n [-10.3205206   -1.13828517  17.16110109   0.42193535  25.71640459\n  -11.41249465]\n [  3.5279