{"date": "2024/09/24/, 02:04:33", "conf_id": 199, "data_type": "non_lin_ind\n", "num_data_points": 2, "s_rank": 0, "unitary": "[[-0.24866696+0.58742286j,-0.44704345-0.43151574j,-0.35669027-0.20570733j,-0.10517633+0.1626036j],[0.10596805-0.19687975j,-0.30269685-0.15056416j,0.18246286+0.30440582j,-0.83484447-0.11310748j],[0.26054512-0.52548482j,0.0285017-0.50723956j,-0.43110112+0.17165838j,0.15243271+0.39915801j],[0.42978035+0.11991271j,-0.17224126-0.46030424j,0.6827807-0.15164662j,0.26483638+0.0061855j]]", "databatch_0": {"databatch": "[[[0.30177796+0.20980644j,0.0760971+0.09981711j,0.22354314+0.03981429j,-0.01059588+0.16207241j],[0.09938171-0.25356805j,0.01377311+0.1947193j,0.03692336+0.12248074j,0.26766912+0.0486739j],[-0.03254173+0.12739291j,-0.10831912-0.05529783j,-0.26472435-0.02608706j,-0.07792224-0.22969379j],[-0.01911438-0.20013519j,0.35791803+0.00333893j,0.24714875-0.10818179j,0.34478155+0.21609167j]],[[0.00398562+0.04415643j,0.15970031+0.16592642j,0.38777202-0.08335474j,0.09034171+0.07582905j],[0.06734412+0.02579685j,-0.07928633+0.1413607j,0.05077703-0.19319232j,0.19355371+0.08754055j],[0.15194203-0.01741721j,0.05619352-0.14509463j,0.06672375+0.0188253j,0.26457165-0.06069566j],[0.41077858-0.41941932j,0.15491984-0.06941211j,-0.14926945-0.19070939j,0.09751681+0.29925681j]]]", "initial param values": "[0.34068637,4.77578756,5.36280486,6.03136523,5.40052049,4.67523393]", "nelder_mead": {"type": "gradient-free", "0": {"maxiter": 100, "fatol": 1e-05, "xatol": 1e-05, "duration": 0.03784608840942383, "fun": "0.44841538223225375", "nit": "100", "nfev": "160", "status": "2", "success": "False", "message": "Maximum number of iterations has been exceeded.", "x": "[0.42408716 4.78024751 1.91730326 8.32086744 6.24881744 4.70490013]", "final_simplex": "(array([[0.42408716, 4.78024751, 1.91730326, 8.32086744, 6.24881744,\n        4.70490013],\n       [0.42772084, 4.77600378, 1.841576  , 8.35599264, 6.27031821,\n        4.74627041],\n       [0.42681641, 4.77842484, 1.89441321, 8.40934492, 6.21721457,\n        4.7409719 ],\n       [0.42354409, 4.7994501 , 1.8733319 , 8.35652643, 6.21210513,\n        4.74968991],\n       [0.42441562, 4.78512826, 1.86326829, 8.36802842, 6.24015404,\n        4.71647341],\n       [0.43636651, 4.70254237, 1.85806339, 8.33994382, 6.2452532 ,\n        4.76115058],\n       [0.42331094, 4.76528665, 1.93390051, 8.38474371, 6.19374867,\n        4.68403986]]), array([0.44841538, 0.44846262, 0.44864593, 0.44893376, 0.44920434,\n       0.44932846, 0.44954868]))", "callback": [0.8008385440156146, 0.772986722271308, 0.5665048511241131, 0.52961615057207, 0.47525589608872687, 0.4565978100311575, 0.4527716815169346, 0.4505445064469271, 0.4495486821512309]}, "1": {"maxiter": 100, "fatol": 1e-05, "xatol": 1e-10, "duration": 0.036267757415771484, "fun": "0.44841538223225375", "nit": "100", "nfev": "160", "status": "2", "success": "False", "message": "Maximum number of iterations has been exceeded.", "x": "[0.42408716 4.78024751 1.91730326 8.32086744 6.24881744 4.70490013]", "final_simplex": "(array([[0.42408716, 4.78024751, 1.91730326, 8.32086744, 6.24881744,\n        4.70490013],\n       [0.42772084, 4.77600378, 1.841576  , 8.35599264, 6.27031821,\n        4.74627041],\n       [0.42681641, 4.77842484, 1.89441321, 8.40934492, 6.21721457,\n        4.7409719 ],\n       [0.42354409, 4.7994501 , 1.8733319 , 8.35652643, 6.21210513,\n        4.74968991],\n       [0.42441562, 4.78512826, 1.86326829, 8.36802842, 6.24015404,\n        4.71647341],\n       [0.43636651, 4.70254237, 1.85806339, 8.33994382, 6.2452532 ,\n        4.76115058],\n       [0.42331094, 4.76528665, 1.93390051, 8.38474371, 6.19374867,\n        4.68403986]]), array([0.44841538, 0.44846262, 0.44864593, 0.44893376, 0.44920434,\n       0.44932846, 0.44954868]))", "callback": [0.8008385440156146, 0.772986722271308, 0.5665048511241131, 0.52961615057207, 0.47525589608872687, 0.4565978100311575, 0.4527716815169346, 0.4505445064469271, 0.4495486821512309]}, "2": {"maxiter": 100, "fatol": 1e-10, "xatol": 1e-05, "duration": 0.03527998924255371, "fun": "0.44841538223225375", "nit": "100", "nfev": "160", "status": "2", "success": "False", "message": "Maximum number of iterations has been exceeded.", "x": "[0.42408716 4.78024751 1.91730326 8.32086744 6.24881744 4.70490013]", "final_simplex": "(array([[0.42408716, 4.78024751, 1.91730326, 8.32086744, 6.24881744,\n        4.70490013],\n       [0.42772084, 4.77600378, 1.841576  , 8.35599264, 6.27031821,\n        4.74627041],\n       [0.42681641, 4.77842484, 1.89441321, 8.40934492, 6.21721457,\n        4.7409719 ],\n       [0.42354409, 4.7994501 , 1.8733319 , 8.35652643, 6.21210513,\n        4.74968991],\n       [0.42441562, 4.78512826, 1.86326829, 8.36802842, 6.24015404,\n        4.71647341],\n       [0.43636651, 4.70254237, 1.85806339, 8.33994382, 6.2452532 ,\n        4.76115058],\n       [0.42331094, 4.76528665, 1.93390051, 8.38474371, 6.19374867,\n        4.68403986]]), array([0.44841538, 0.44846262, 0.44864593, 0.44893376, 0.44920434,\n       0.44932846, 0.44954868]))", "callback": [0.8008385440156146, 0.772986722271308, 0.5665048511241131, 0.52961615057207, 0.47525589608872687, 0.4565978100311575, 0.4527716815169346, 0.4505445064469271, 0.4495486821512309]}, "3": {"maxiter": 100, "fatol": 1e-10, "xatol": 1e-10, "duration": 0.03608989715576172, "fun": "0.44841538223225375", "nit": "100", "nfev": "160", "status": "2", "success": "False", "message": "Maximum number of iterations has been exceeded.", "x": "[0.42408716 4.78024751 1.91730326 8.32086744 6.24881744 4.70490013]", "final_simplex": "(array([[0.42408716, 4.78024751, 1.91730326, 8.32086744, 6.24881744,\n        4.70490013],\n       [0.42772084, 4.77600378, 1.841576  , 8.35599264, 6.27031821,\n        4.74627041],\n       [0.42681641, 4.77842484, 1.89441321, 8.40934492, 6.21721457,\n        4.7409719 ],\n       [0.42354409, 4.7994501 , 1.8733319 , 8.35652643, 6.21210513,\n        4.74968991],\n       [0.42441562, 4.78512826, 1.86326829, 8.36802842, 6.24015404,\n        4.71647341],\n       [0.43636651, 4.70254237, 1.85806339, 8.33994382, 6.2452532 ,\n        4.76115058],\n       [0.42331094, 4.76528665, 1.93390051, 8.38474371, 6.19374867,\n        4.68403986]]), array([0.44841538, 0.44846262, 0.44864593, 0.44893376, 0.44920434,\n       0.44932846, 0.44954868]))", "callback": [0.8008385440156146, 0.772986722271308, 0.5665048511241131, 0.52961615057207, 0.47525589608872687, 0.4565978100311575, 0.4527716815169346, 0.4505445064469271, 0.4495486821512309]}, "4": {"maxiter": 500, "fatol": 1e-05, "xatol": 1e-05, "duration": 0.17388391494750977, "fun": "0.4171597910905601", "nit": "500", "nfev": "780", "status": "2", "success": "False", "message": "Maximum number of iterations has been exceeded.", "x": "[1.03372899 4.51294375 1.81417083 8.42272801 6.43013176 5.47763601]", "final_simplex": "(array([[1.03372899, 4.51294375, 1.81417083, 8.42272801, 6.43013176,\n        5.47763601],\n       [1.03373766, 4.51293976, 1.81417843, 8.4227421 , 6.43013024,\n        5.47765181],\n       [1.03371994, 4.5129358 , 1.81417387, 8.4227346 , 6.43013187,\n        5.47762851],\n       [1.03371617, 4.51294292, 1.81418685, 8.42273688, 6.43013937,\n        5.47763846],\n       [1.03373485, 4.51292681, 1.81418224, 8.42273269, 6.43013026,\n        5.47763822],\n       [1.03372916, 4.51294154, 1.81417605, 8.42273444, 6.43014171,\n        5.47763308],\n       [1.03372261, 4.51292827, 1.81416399, 8.42271878, 6.43015595,\n        5.47765685]]), array([0.41715979, 0.41715979, 0.41715979, 0.41715979, 0.41715979,\n       0.41715979, 0.41715979]))", "callback": [0.8008385440156146, 0.772986722271308, 0.5665048511241131, 0.52961615057207, 0.47525589608872687, 0.4565978100311575, 0.4527716815169346, 0.4505445064469271, 0.4495486821512309, 0.4474249782643196, 0.4454938965939348, 0.443621745494714, 0.4411691271561401, 0.4401711953473425, 0.439952150781854, 0.439952150781854, 0.4399313314205161, 0.43991091175116614, 0.4398532992729398, 0.43979140869219646, 0.4395521249561174, 0.4393845323398714, 0.4385336125128416, 0.4351352204107951, 0.42718143381795404, 0.42520830640774754, 0.4236202353386338, 0.4228806242523746, 0.4223884263268036, 0.42167985077660053, 0.42086452113984063, 0.4196191539324353, 0.41811411451885194, 0.41750571072250897, 0.41721828162170227, 0.41719498462293825, 0.4171693019225342, 0.41716694746752503, 0.41716436928478695, 0.41716314756489326, 0.4171615617714197, 0.4171603619223295, 0.41716008327653153, 0.41715987709727176, 0.41715981056125884, 0.41715979375352163, 0.41715979182558516, 0.41715979122855285, 0.41715979113803303]}, "5": {"maxiter": 500, "fatol": 1e-05, "xatol": 1e-10, "duration": 0.17264604568481445, "fun": "0.4171597910905601", "nit": "500", "nfev": "780", "status": "2", "success": "False", "message": "Maximum number of iterations has been exceeded.", "x": "[1.03372899 4.51294375 1.81417083 8.42272801 6.43013176 5.47763601]", "final_simplex": "(array([[1.03372899, 4.51294375, 1.81417083, 8.42272801, 6.43013176,\n        5.47763601],\n       [1.03373766, 4.51293976, 1.81417843, 8.4227421 , 6.43013024,\n        5.47765181],\n       [1.03371994, 4.5129358 , 1.81417387, 8.4227346 , 6.43013187,\n        5.47762851],\n       [1.03371617, 4.51294292, 1.81418685, 8.42273688, 6.43013937,\n        5.47763846],\n       [1.03373485, 4.51292681, 1.81418224, 8.42273269, 6.43013026,\n        5.47763822],\n       [1.03372916, 4.51294154, 1.81417605, 8.42273444, 6.43014171,\n        5.47763308],\n       [1.03372261, 4.51292827, 1.81416399, 8.42271878, 6.43015595,\n        5.47765685]]), array([0.41715979, 0.41715979, 0.41715979, 0.41715979, 0.41715979,\n       0.41715979, 0.41715979]))", "callback": [0.8008385440156146, 0.772986722271308, 0.5665048511241131, 0.52961615057207, 0.47525589608872687, 0.4565978100311575, 0.4527716815169346, 0.4505445064469271, 0.4495486821512309, 0.4474249782643196, 0.4454938965939348, 0.443621745494714, 0.4411691271561401, 0.4401711953473425, 0.439952150781854, 0.439952150781854, 0.4399313314205161, 0.43991091175116614, 0.4398532992729398, 0.43979140869219646, 0.4395521249561174, 0.4393845323398714, 0.4385336125128416, 0.4351352204107951, 0.42718143381795404, 0.42520830640774754, 0.4236202353386338, 0.4228806242523746, 0.4223884263268036, 0.42167985077660053, 0.42086452113984063, 0.4196191539324353, 0.41811411451885194, 0.41750571072250897, 0.41721828162170227, 0.41719498462293825, 0.4171693019225342, 0.41716694746752503, 0.41716436928478695, 0.41716314756489326, 0.4171615617714197, 0.4171603619223295, 0.41716008327653153, 0.41715987709727176, 0.41715981056125884, 0.41715979375352163, 0.41715979182558516, 0.41715979122855285, 0.41715979113803303]}, "6": {"maxiter": 500, "fatol": 1e-10, "xatol": 1e-05, "duration": 0.18304085731506348, "fun": "0.4171597910905601", "nit": "500", "nfev": "780", "status": "2", "success": "False", "message": "Maximum number of iterations has been exceeded.", "x": "[1.03372899 4.51294375 1.81417083 8.42272801 6.43013176 5.47763601]", "final_simplex": "(array([[1.03372899, 4.51294375, 1.81417083, 8.42272801, 6.43013176,\n        5.47763601],\n       [1.03373766, 4.51293976, 1.81417843, 8.4227421 , 6.43013024,\n        5.47765181],\n       [1.03371994, 4.5129358 , 1.81417387, 8.4227346 , 6.43013187,\n        5.47762851],\n       [1.03371617, 4.51294292, 1.81418685, 8.42273688, 6.43013937,\n        5.47763846],\n       [1.03373485, 4.51292681, 1.81418224, 8.42273269, 6.43013026,\n        5.47763822],\n       [1.03372916, 4.51294154, 1.81417605, 8.42273444, 6.43014171,\n        5.47763308],\n       [1.03372261, 4.51292827, 1.81416399, 8.42271878, 6.43015595,\n        5.47765685]]), array([0.41715979, 0.41715979, 0.41715979, 0.41715979, 0.41715979,\n       0.41715979, 0.41715979]))", "callback": [0.8008385440156146, 0.772986722271308, 0.5665048511241131, 0.52961615057207, 0.47525589608872687, 0.4565978100311575, 0.4527716815169346, 0.4505445064469271, 0.4495486821512309, 0.4474249782643196, 0.4454938965939348, 0.443621745494714, 0.4411691271561401, 0.4401711953473425, 0.439952150781854, 0.439952150781854, 0.4399313314205161, 0.43991091175116614, 0.4398532992729398, 0.43979140869219646, 0.4395521249561174, 0.4393845323398714, 0.4385336125128416, 0.4351352204107951, 0.42718143381795404, 0.42520830640774754, 0.4236202353386338, 0.4228806242523746, 0.4223884263268036, 0.42167985077660053, 0.42086452113984063, 0.4196191539324353, 0.41811411451885194, 0.41750571072250897, 0.41721828162170227, 0.41719498462293825, 0.4171693019225342, 0.41716694746752503, 0.41716436928478695, 0.41716314756489326, 0.4171615617714197, 0.4171603619223295, 0.41716008327653153, 0.41715987709727176, 0.41715981056125884, 0.41715979375352163, 0.41715979182558516, 0.41715979122855285, 0.41715979113803303]}, "7": {"maxiter": 500, "fatol": 1e-10, "xatol": 1e-10, "duration": 0.1904919147491455, "fun": "0.4171597910905601", "nit": "500", "nfev": "780", "status": "2", "success": "False", "message": "Maximum number of iterations has been exceeded.", "x": "[1.03372899 4.51294375 1.81417083 8.42272801 6.43013176 5.47763601]", "final_simplex": "(array([[1.03372899, 4.51294375, 1.81417083, 8.42272801, 6.43013176,\n        5.47763601],\n       [1.03373766, 4.51293976, 1.81417843, 8.4227421 , 6.43013024,\n        5.47765181],\n       [1.03371994, 4.5129358 , 1.81417387, 8.4227346 , 6.43013187,\n        5.47762851],\n       [1.03371617, 4.51294292, 1.81418685, 8.42273688, 6.43013937,\n        5.47763846],\n       [1.03373485, 4.51292681, 1.81418224, 8.42273269, 6.43013026,\n        5.47763822],\n       [1.03372916, 4.51294154, 1.81417605, 8.42273444, 6.43014171,\n        5.47763308],\n       [1.03372261, 4.51292827, 1.81416399, 8.42271878, 6.43015595,\n        5.47765685]]), array([0.41715979, 0.41715979, 0.41715979, 0.41715979, 0.41715979,\n       0.41715979, 0.41715979]))", "callback": [0.8008385440156146, 0.772986722271308, 0.5665048511241131, 0.52961615057207, 0.47525589608872687, 0.4565978100311575, 0.4527716815169346, 0.4505445064469271, 0.4495486821512309, 0.4474249782643196, 0.4454938965939348, 0.443621745494714, 0.4411691271561401, 0.4401711953473425, 0.439952150781854, 0.439952150781854, 0.4399313314205161, 0.43991091175116614, 0.4398532992729398, 0.43979140869219646, 0.4395521249561174, 0.4393845323398714, 0.4385336125128416, 0.4351352204107951, 0.42718143381795404, 0.42520830640774754, 0.4236202353386338, 0.4228806242523746, 0.4223884263268036, 0.42167985077660053, 0.42086452113984063, 0.4196191539324353, 0.41811411451885194, 0.41750571072250897, 0.41721828162170227, 0.41719498462293825, 0.4171693019225342, 0.41716694746752503, 0.41716436928478695, 0.41716314756489326, 0.4171615617714197, 0.4171603619223295, 0.41716008327653153, 0.41715987709727176, 0.41715981056125884, 0.41715979375352163, 0.41715979182558516, 0.41715979122855285, 0.41715979113803303]}, "8": {"maxiter": 1000, "fatol": 1e-05, "xatol": 1e-05, "duration": 0.20023298263549805, "fun": "0.41715979107678236", "nit": "510", "nfev": "798", "status": "0", "success": "True", "message": "Optimization terminated successfully.", "x": "[1.03372518 4.51293135 1.81418047 8.42273586 6.43013566 5.47764585]", "final_simplex": "(array([[1.03372518, 4.51293135, 1.81418047, 8.42273586, 6.43013566,\n        5.47764585],\n       [1.03373179, 4.51293805, 1.81417721, 8.42273681, 6.4301323 ,\n        5.47764643],\n       [1.03372572, 4.51293393, 1.81417503, 8.42273087, 6.43013944,\n        5.47764507],\n       [1.03372564, 4.51293354, 1.81417812, 8.42273323, 6.43013191,\n        5.47764512],\n       [1.03372407, 4.51293636, 1.8141752 , 8.42273375, 6.43013289,\n        5.4776361 ],\n       [1.03372201, 4.5129396 , 1.81418109, 8.42273487, 6.43013628,\n        5.4776401 ],\n       [1.03373018, 4.51293242, 1.8141794 , 8.42273309, 6.43013231,\n        5.47763987]]), array([0.41715979, 0.41715979, 0.41715979, 0.41715979, 0.41715979,\n       0.41715979, 0.41715979]))", "callback": [0.8008385440156146, 0.772986722271308, 0.5665048511241131, 0.52961615057207, 0.47525589608872687, 0.4565978100311575, 0.4527716815169346, 0.4505445064469271, 0.4495486821512309, 0.4474249782643196, 0.4454938965939348, 0.443621745494714, 0.4411691271561401, 0.4401711953473425, 0.439952150781854, 0.439952150781854, 0.4399313314205161, 0.43991091175116614, 0.4398532992729398, 0.43979140869219646, 0.4395521249561174, 0.4393845323398714, 0.4385336125128416, 0.4351352204107951, 0.42718143381795404, 0.42520830640774754, 0.4236202353386338, 0.4228806242523746, 0.4223884263268036, 0.42167985077660053, 0.42086452113984063, 0.4196191539324353, 0.41811411451885194, 0.41750571072250897, 0.41721828162170227, 0.41719498462293825, 0.4171693019225342, 0.41716694746752503, 0.41716436928478695, 0.41716314756489326, 0.4171615617714197, 0.4171603619223295, 0.41716008327653153, 0.41715987709727176, 0.41715981056125884, 0.41715979375352163, 0.41715979182558516, 0.41715979122855285, 0.41715979113803303, 0.4171597910874145, 0.41715979107678236]}, "9": {"maxiter": 1000, "fatol": 1e-05, "xatol": 1e-10, "duration": 0.2487039566040039, "fun": "0.41715979107400647", "nit": "599", "nfev": "1002", "status": "0", "success": "True", "message": "Optimization terminated successfully.", "x": "[1.03372729 4.51293546 1.81417699 8.42273538 6.4301353  5.47764499]", "final_simplex": "(array([[1.03372729, 4.51293546, 1.81417699, 8.42273538, 6.4301353 ,\n        5.47764499],\n       [1.03372729, 4.51293546, 1.81417699, 8.42273538, 6.4301353 ,\n        5.47764499],\n       [1.03372729, 4.51293546, 1.81417699, 8.42273538, 6.4301353 ,\n        5.47764499],\n       [1.03372729, 4.51293546, 1.81417699, 8.42273538, 6.4301353 ,\n        5.47764499],\n       [1.03372729, 4.51293546, 1.81417699, 8.42273538, 6.4301353 ,\n        5.47764499],\n       [1.03372729, 4.51293546, 1.81417699, 8.42273538, 6.4301353 ,\n        5.47764499],\n       [1.03372729, 4.51293546, 1.81417699, 8.42273538, 6.4301353 ,\n        5.47764499]]), array([0.41715979, 0.41715979, 0.41715979, 0.41715979, 0.41715979,\n       0.41715979, 0.41715979]))", "callback": [0.8008385440156146, 0.772986722271308, 0.5665048511241131, 0.52961615057207, 0.47525589608872687, 0.4565978100311575, 0.4527716815169346, 0.4505445064469271, 0.4495486821512309, 0.4474249782643196, 0.4454938965939348, 0.443621745494714, 0.4411691271561401, 0.4401711953473425, 0.439952150781854, 0.439952150781854, 0.4399313314205161, 0.43991091175116614, 0.4398532992729398, 0.43979140869219646, 0.4395521249561174, 0.4393845323398714, 0.4385336125128416, 0.4351352204107951, 0.42718143381795404, 0.42520830640774754, 0.4236202353386338, 0.4228806242523746, 0.4223884263268036, 0.42167985077660053, 0.42086452113984063, 0.4196191539324353, 0.41811411451885194, 0.41750571072250897, 0.41721828162170227, 0.41719498462293825, 0.4171693019225342, 0.41716694746752503, 0.41716436928478695, 0.41716314756489326, 0.4171615617714197, 0.4171603619223295, 0.41716008327653153, 0.41715987709727176, 0.41715981056125884, 0.41715979375352163, 0.41715979182558516, 0.41715979122855285, 0.41715979113803303, 0.4171597910874145, 0.4171597910758581, 0.4171597910744077, 0.4171597910740842, 0.4171597910740372, 0.4171597910740106, 0.4171597910740077, 0.4171597910740068, 0.41715979107400647, 0.41715979107400647]}, "10": {"maxiter": 1000, "fatol": 1e-10, "xatol": 1e-05, "duration": 0.18963193893432617, "fun": "0.41715979107678236", "nit": "510", "nfev": "798", "status": "0", "success": "True", "message": "Optimization terminated successfully.", "x": "[1.03372518 4.51293135 1.81418047 8.42273586 6.43013566 5.47764585]", "final_simplex": "(array([[1.03372518, 4.51293135, 1.81418047, 8.42273586, 6.43013566,\n        5.47764585],\n       [1.03373179, 4.51293805, 1.81417721, 8.42273681, 6.4301323 ,\n        5.47764643],\n       [1.03372572, 4.51293393, 1.81417503, 8.42273087, 6.43013944,\n        5.47764507],\n       [1.03372564, 4.51293354, 1.81417812, 8.42273323, 6.43013191,\n        5.47764512],\n       [1.03372407, 4.51293636, 1.8141752 , 8.42273375, 6.43013289,\n        5.4776361 ],\n       [1.03372201, 4.5129396 , 1.81418109, 8.42273487, 6.43013628,\n        5.4776401 ],\n       [1.03373018, 4.51293242, 1.8141794 , 8.42273309, 6.43013231,\n        5.47763987]]), array([0.41715979, 0.41715979, 0.41715979, 0.41715979, 0.41715979,\n       0.41715979, 0.41715979]))", "callback": [0.8008385440156146, 0.772986722271308, 0.5665048511241131, 0.52961615057207, 0.47525589608872687, 0.4565978100311575, 0.4527716815169346, 0.4505445064469271, 0.4495486821512309, 0.4474249782643196, 0.4454938965939348, 0.443621745494714, 0.4411691271561401, 0.4401711953473425, 0.439952150781854, 0.439952150781854, 0.4399313314205161, 0.43991091175116614, 0.4398532992729398, 0.43979140869219646, 0.4395521249561174, 0.4393845323398714, 0.4385336125128416, 0.4351352204107951, 0.42718143381795404, 0.42520830640774754, 0.4236202353386338, 0.4228806242523746, 0.4223884263268036, 0.42167985077660053, 0.42086452113984063, 0.4196191539324353, 0.41811411451885194, 0.41750571072250897, 0.41721828162170227, 0.41719498462293825, 0.4171693019225342, 0.41716694746752503, 0.41716436928478695, 0.41716314756489326, 0.4171615617714197, 0.4171603619223295, 0.41716008327653153, 0.41715987709727176, 0.41715981056125884, 0.41715979375352163, 0.41715979182558516, 0.41715979122855285, 0.41715979113803303, 0.4171597910874145, 0.41715979107678236]}, "11": {"maxiter": 1000, "fatol": 1e-10, "xatol": 1e-10, "duration": 0.2261960506439209, "fun": "0.41715979107400647", "nit": "599", "nfev": "1002", "status": "0", "success": "True", "message": "Optimization terminated successfully.", "x": "[1.03372729 4.51293546 1.81417699 8.42273538 6.4301353  5.47764499]", "final_simplex": "(array([[1.03372729, 4.51293546, 1.81417699, 8.42273538, 6.4301353 ,\n        5.47764499],\n       [1.03372729, 4.51293546, 1.81417699, 8.42273538, 6.4301353 ,\n        5.47764499],\n       [1.03372729, 4.51293546, 1.81417699, 8.42273538, 6.4301353 ,\n        5.47764499],\n       [1.03372729, 4.51293546, 1.81417699, 8.42273538, 6.4301353 ,\n        5.47764499],\n       [1.03372729, 4.51293546, 1.81417699, 8.42273538, 6.4301353 ,\n        5.47764499],\n       [1.03372729, 4.51293546, 1.81417699, 8.42273538, 6.4301353 ,\n        5.47764499],\n       [1.03372729, 4.51293546, 1.81417699, 8.42273538, 6.4301353 ,\n        5.47764499]]), array([0.41715979, 0.41715979, 0.41715979, 0.41715979, 0.41715979,\n       0.41715979, 0.41715979]))", "callback": [0.8008385440156146, 0.772986722271308, 0.5665048511241131, 0.52961615057207, 0.47525589608872687, 0.4565978100311575, 0.4527716815169346, 0.4505445064469271, 0.4495486821512309, 0.4474249782643196, 0.4454938965939348, 0.443621745494714, 0.4411691271561401, 0.4401711953473425, 0.439952150781854, 0.439952150781854, 0.4399313314205161, 0.43991091175116614, 0.4398532992729398, 0.43979140869219646, 0.4395521249561174, 0.4393845323398714, 0.4385336125128416, 0.4351352204107951, 0.42718143381795404, 0.42520830640774754, 0.4236202353386338, 0.4228806242523746, 0.4223884263268036, 0.42167985077660053, 0.42086452113984063, 0.4196191539324353, 0.41811411451885194, 0.41750571072250897, 0.41721828162170227, 0.41719498462293825, 0.4171693019225342, 0.41716694746752503, 0.41716436928478695, 0.41716314756489326, 0.4171615617714197, 0.4171603619223295, 0.41716008327653153, 0.41715987709727176, 0.41715981056125884, 0.41715979375352163, 0.41715979182558516, 0.41715979122855285, 0.41715979113803303, 0.4171597910874145, 0.4171597910758581, 0.4171597910744077, 0.4171597910740842, 0.4171597910740372, 0.4171597910740106, 0.4171597910740077, 0.4171597910740068, 0.41715979107400647, 0.41715979107400647]}}, "bfgs": {"type": "gradient", "0": {"maxiter": 100, "gtol": 1e-05, "xrtol": 1e-05, "eps": 1e-05, "duration": 0.0801248550415039, "fun": "0.41715979120920643", "jac": "[ 2.12366791e-06 -2.83628676e-06 -5.28692645e-06 -1.29523059e-06\n -2.17588170e-06 -2.37591058e-06]", "hess_inv": "[[ 6.14860328 -1.41903368 -1.3004126  -0.70577672  0.45992063  5.33093143]\n [-1.41903368  6.83715014 -1.00868414 -0.10919776 -3.10609568 -4.45145197]\n [-1.3004126  -1.00868414  8.49048509 -3.9405149  -2.15301965 -5.13046088]\n [-0.70577672 -0.10919776 -3.9405149   6.19506665  1.53907299  1.66616998]\n [ 0.45992063 -3.10609568 -2.15301965  1.53907299  7.12971925  5.95009357]\n [ 5.33093143 -4.45145197 -5.13046088  1.66616998  5.95009357 15.10451031]]", "nfev": "336", "njev": "48", "status": "0", "success": "True", "message": "Optimization terminated successfully.", "x": "[1.03373039 4.51293941 8.09734068 4.14363657 3.28851999 2.33603197]", "nit": "37", "callback": [0.5832539154423175, 0.48414079309665814, 0.4190373235950944]}, "1": {"maxiter": 100, "gtol": 1e-05, "xrtol": 1e-05, "eps": 1e-10, "duration": 0.07720685005187988, "fun": "0.41715979112799995", "jac": "[ 2.22044587e-06  0.00000000e+00  2.22044587e-06  0.00000000e+00\n -1.11022293e-06  3.33066880e-06]", "hess_inv": "[[ 6.18651519 -1.42554821 -0.86609511 -1.02058963 -0.45862646  4.53990492]\n [-1.42554821  7.16923987 -1.51440982  0.42063873 -2.81767067 -4.09973571]\n [-0.86609511 -1.51440982  9.96444633 -4.85268146 -2.60900252 -5.16388243]\n [-1.02058963  0.42063873 -4.85268146  6.76669686  1.46750869  1.57718174]\n [-0.45862646 -2.81767067 -2.60900252  1.46750869  7.49153326  5.68883482]\n [ 4.53990492 -4.09973571 -5.16388243  1.57718174  5.68883482 14.4725531 ]]", "nfev": "336", "njev": "48", "status": "0", "success": "True", "message": "Optimization terminated successfully.", "x": "[1.03373113 4.51293857 8.09738069 4.14361779 3.28852155 2.3360397 ]", "nit": "37", "callback": [0.5832182233986879, 0.48592452459251756, 0.41840158210824996]}, "2": {"maxiter": 100, "gtol": 1e-05, "xrtol": 1e-10, "eps": 1e-05, "duration": 0.07779192924499512, "fun": "0.41715979120920643", "jac": "[ 2.12366791e-06 -2.83628676e-06 -5.28692645e-06 -1.29523059e-06\n -2.17588170e-06 -2.37591058e-06]", "hess_inv": "[[ 6.14860328 -1.41903368 -1.3004126  -0.70577672  0.45992063  5.33093143]\n [-1.41903368  6.83715014 -1.00868414 -0.10919776 -3.10609568 -4.45145197]\n [-1.3004126  -1.00868414  8.49048509 -3.9405149  -2.15301965 -5.13046088]\n [-0.70577672 -0.10919776 -3.9405149   6.19506665  1.53907299  1.66616998]\n [ 0.45992063 -3.10609568 -2.15301965  1.53907299  7.12971925  5.95009357]\n [ 5.33093143 -4.45145197 -5.13046088  1.66616998  5.95009357 15.10451031]]", "nfev": "336", "njev": "48", "status": "0", "success": "True", "message": "Optimization terminated successfully.", "x": "[1.03373039 4.51293941 8.09734068 4.14363657 3.28851999 2.33603197]", "nit": "37", "callback": [0.5832539154423175, 0.48414079309665814, 0.4190373235950944]}, "3": {"maxiter": 100, "gtol": 1e-05, "xrtol": 1e-10, "eps": 1e-10, "duration": 0.07772064208984375, "fun": "0.41715979112799995", "jac": "[ 2.22044587e-06  0.00000000e+00  2.22044587e-06  0.00000000e+00\n -1.11022293e-06  3.33066880e-06]", "hess_inv": "[[ 6.18651519 -1.42554821 -0.86609511 -1.02058963 -0.45862646  4.53990492]\n [-1.42554821  7.16923987 -1.51440982  0.42063873 -2.81767067 -4.09973571]\n [-0.86609511 -1.51440982  9.96444633 -4.85268146 -2.60900252 -5.16388243]\n [-1.02058963  0.42063873 -4.85268146  6.76669686  1.46750869  1.57718174]\n [-0.45862646 -2.81767067 -2.60900252  1.46750869  7.49153326  5.68883482]\n [ 4.53990492 -4.09973571 -5.16388243  1.57718174  5.68883482 14.4725531 ]]", "nfev": "336", "njev": "48", "status": "0", "success": "True", "message": "Optimization terminated successfully.", "x": "[1.03373113 4.51293857 8.09738069 4.14361779 3.28852155 2.3360397 ]", "nit": "37", "callback": [0.5832182233986879, 0.48592452459251756, 0.41840158210824996]}, "4": {"maxiter": 100, "gtol": 1e-10, "xrtol": 1e-05, "eps": 1e-05, "duration": 0.07836794853210449, "fun": "0.4171597910961463", "jac": "[ 4.68447503e-07 -1.65534253e-08 -9.97091298e-08  1.48547841e-07\n -3.37840866e-08 -2.46147547e-07]", "hess_inv": "[[ 6.02313701 -1.42229733 -1.46869977 -0.5686354   0.5514178   5.39163185]\n [-1.42229733  6.83707161 -1.01521439 -0.10468831 -3.10384665 -4.44956011]\n [-1.46869977 -1.01521439  8.99288207 -4.07521876 -1.98598174 -5.15488096]\n [-0.5686354  -0.10468831 -4.07521876  6.18461662  1.41966865  1.64613927]\n [ 0.5514178  -3.10384665 -1.98598174  1.41966865  7.06569118  5.89938612]\n [ 5.39163185 -4.44956011 -5.15488096  1.64613927  5.89938612 15.0905277 ]]", "nfev": "343", "njev": "49", "status": "0", "success": "True", "message": "Optimization terminated successfully.", "x": "[1.03371907 4.512939   8.09736661 4.14363095 3.28853075 2.33603147]", "nit": "38", "callback": [0.5832539154423175, 0.48414079309665814, 0.4190373235950944]}, "5": {"maxiter": 100, "gtol": 1e-10, "xrtol": 1e-05, "eps": 1e-10, "duration": 0.07707786560058594, "fun": "0.41715979112799995", "jac": "[ 2.22044587e-06  0.00000000e+00  2.22044587e-06  0.00000000e+00\n -1.11022293e-06  3.33066880e-06]", "hess_inv": "[[ 6.18651519 -1.42554821 -0.86609511 -1.02058963 -0.45862646  4.53990492]\n [-1.42554821  7.16923987 -1.51440982  0.42063873 -2.81767067 -4.09973571]\n [-0.86609511 -1.51440982  9.96444633 -4.85268146 -2.60900252 -5.16388243]\n [-1.02058963  0.42063873 -4.85268146  6.76669686  1.46750869  1.57718174]\n [-0.45862646 -2.81767067 -2.60900252  1.46750869  7.49153326  5.68883482]\n [ 4.53990492 -4.09973571 -5.16388243  1.57718174  5.68883482 14.4725531 ]]", "nfev": "336", "njev": "48", "status": "0", "success": "True", "message": "Optimization terminated successfully.", "x": "[1.03373113 4.51293857 8.09738069 4.14361779 3.28852155 2.3360397 ]", "nit": "37", "callback": [0.5832182233986879, 0.48592452459251756, 0.41840158210824996]}, "6": {"maxiter": 100, "gtol": 1e-10, "xrtol": 1e-10, "eps": 1e-05, "duration": 0.11983609199523926, "fun": "0.41715979109602075", "jac": "[ 2.28905783e-07 -7.58282326e-09 -4.45421477e-08  7.56839036e-08\n -1.98174810e-08 -1.18438592e-07]", "hess_inv": "[[ 6.25246242 -1.36059056 -1.56125299 -0.46910425  0.24708476  5.25882514]\n [-1.36059056  6.84983729 -1.05835486 -0.07615584 -3.19721818 -4.48325685]\n [-1.56125299 -1.05835486  8.89941365 -4.10848693 -1.85765946 -5.06311601]\n [-0.46910425 -0.07615584 -4.10848693  6.22681273  1.29479174  1.58843131]\n [ 0.24708476 -3.19721818 -1.85765946  1.29479174  7.35359174  6.04303763]\n [ 5.25882514 -4.48325685 -5.06311601  1.58843131  6.04303763 15.14798153]]", "nfev": "528", "njev": "74", "status": "2", "success": "False", "message": "Desired error not necessarily achieved due to precision loss.", "x": "[1.03371818 4.51293872 8.09736709 4.1436306  3.28853134 2.3360318 ]", "nit": "40", "callback": [0.5832539154423175, 0.48414079309665814, 0.4190373235950944, 0.41715979109602075]}, "7": {"maxiter": 100, "gtol": 1e-10, "xrtol": 1e-10, "eps": 1e-10, "duration": 0.13046789169311523, "fun": "0.41715979109681744", "jac": "[1.11022293e-06 0.00000000e+00 1.11022293e-06 1.11022293e-06\n 1.11022293e-06 0.00000000e+00]", "hess_inv": "[[ 2.71744953 -0.2391286   0.08370841 -0.09057745 -2.19482971 -0.59577269]\n [-0.2391286   1.25317674  1.22673632 -0.69353774 -0.77002354 -0.22480276]\n [ 0.08370841  1.22673632  2.64953889 -1.02631134 -1.30993422  0.15978623]\n [-0.09057745 -0.69353774 -1.02631134  3.06207075 -0.84848952 -0.49021685]\n [-2.19482971 -0.77002354 -1.30993422 -0.84848952  3.67807117  0.90449891]\n [-0.59577269 -0.22480276  0.15978623 -0.49021685  0.90449891  0.78112238]]", "nfev": "579", "njev": "81", "status": "2", "success": "False", "message": "Desired error not necessarily achieved due to precision loss.", "x": "[1.03371923 4.5129371  8.09737421 4.1436254  3.28853134 2.33603359]", "nit": "42", "callback": [0.5832182233986879, 0.48592452459251756, 0.41840158210824996, 0.41715979111297485]}, "8": {"maxiter": 500, "gtol": 1e-05, "xrtol": 1e-05, "eps": 1e-05, "duration": 0.07578802108764648, "fun": "0.41715979120920643", "jac": "[ 2.12366791e-06 -2.83628676e-06 -5.28692645e-06 -1.29523059e-06\n -2.17588170e-06 -2.37591058e-06]", "hess_inv": "[[ 6.14860328 -1.41903368 -1.3004126  -0.70577672  0.45992063  5.33093143]\n [-1.41903368  6.83715014 -1.00868414 -0.10919776 -3.10609568 -4.45145197]\n [-1.3004126  -1.00868414  8.49048509 -3.9405149  -2.15301965 -5.13046088]\n [-0.70577672 -0.10919776 -3.9405149   6.19506665  1.53907299  1.66616998]\n [ 0.45992063 -3.10609568 -2.15301965  1.53907299  7.12971925  5.95009357]\n [ 5.33093143 -4.45145197 -5.13046088  1.66616998  5.95009357 15.10451031]]", "nfev": "336", "njev": "48", "status": "0", "success": "True", "message": "Optimization terminated successfully.", "x": "[1.03373039 4.51293941 8.09734068 4.14363657 3.28851999 2.33603197]", "nit": "37", "callback": [0.5832539154423175, 0.48414079309665814, 0.4190373235950944]}, "9": {"maxiter": 500, "gtol": 1e-05, "xrtol": 1e-05, "eps": 1e-10, "duration": 0.07660388946533203, "fun": "0.41715979112799995", "jac": "[ 2.22044587e-06  0.00000000e+00  2.22044587e-06  0.00000000e+00\n -1.11022293e-06  3.33066880e-06]", "hess_inv": "[[ 6.18651519 -1.42554821 -0.86609511 -1.02058963 -0.45862646  4.53990492]\n [-1.42554821  7.16923987 -1.51440982  0.42063873 -2.81767067 -4.09973571]\n [-0.86609511 -1.51440982  9.96444633 -4.85268146 -2.60900252 -5.16388243]\n [-1.02058963  0.42063873 -4.85268146  6.76669686  1.46750869  1.57718174]\n [-0.45862646 -2.81767067 -2.60900252  1.46750869  7.49153326  5.68883482]\n [ 4.53990492 -4.09973571 -5.16388243  1.57718174  5.68883482 14.4725531 ]]", "nfev": "336", "njev": "48", "status": "0", "success": "True", "message": "Optimization terminated successfully.", "x": "[1.03373113 4.51293857 8.09738069 4.14361779 3.28852155 2.3360397 ]", "nit": "37", "callback": [0.5832182233986879, 0.48592452459251756, 0.41840158210824996]}, "10": {"maxiter": 500, "gtol": 1e-05, "xrtol": 1e-10, "eps": 1e-05, "duration": 0.07567000389099121, "fun": "0.41715979120920643", "jac": "[ 2.12366791e-06 -2.83628676e-06 -5.28692645e-06 -1.29523059e-06\n -2.17588170e-06 -2.37591058e-06]", "hess_inv": "[[ 6.14860328 -1.41903368 -1.3004126  -0.70577672  0.45992063  5.33093143]\n [-1.41903368  6.83715014 -1.00868414 -0.10919776 -3.10609568 -4.45145197]\n [-1.3004126  -1.00868414  8.49048509 -3.9405149  -2.15301965 -5.13046088]\n [-0.70577672 -0.10919776 -3.9405149   6.19506665  1.53907299  1.66616998]\n [ 0.45992063 -3.10609568 -2.15301965  1.53907299  7.12971925  5.95009357]\n [ 5.33093143 -4.45145197 -5.13046088  1.66616998  5.95009357 15.10451031]]", "nfev": "336", "njev": "48", "status": "0", "success": "True", "message": "Optimization terminated successfully.", "x": "[1.03373039 4.51293941 8.09734068 4.14363657 3.28851999 2.33603197]", "nit": "37", "callback": [0.5832539154423175, 0.48414079309665814, 0.4190373235950944]}, "11": {"maxiter": 500, "gtol": 1e-05, "xrtol": 1e-10, "eps": 1e-10, "duration": 0.0769660472869873, "fun": "0.41715979112799995", "jac": "[ 2.22044587e-06  0.00000000e+00  2.22044587e-06  0.00000000e+00\n -1.11022293e-06  3.33066880e-06]", "hess_inv": "[[ 6.18651519 -1.42554821 -0.86609511 -1.02058963 -0.45862646  4.53990492]\n [-1.42554821  7.16923987 -1.51440982  0.42063873 -2.81767067 -4.09973571]\n [-0.86609511 -1.51440982  9.96444633 -4.85268146 -2.60900252 -5.16388243]\n [-1.02058963  0.42063873 -4.85268146  6.76669686  1.46750869  1.57718174]\n [-0.45862646 -2.81767067 -2.60900252  1.46750869  7.49153326  5.68883482]\n [ 4.53990492 -4.09973571 -5.16388243  1.57718174  5.68883482 14.4725531 ]]", "nfev": "336", "njev": "48", "status": "0", "success": "True", "message": "Optimization terminated successfully.", "x": "[1.03373113 4.51293857 8.09738069 4.14361779 3.28852155 2.3360397 ]", "nit": "37", "callback": [0.5832182233986879, 0.48592452459251756, 0.41840158210824996]}, "12": {"maxiter": 500, "gtol": 1e-10, "xrtol": 1e-05, "eps": 1e-05, "duration": 0.07709598541259766, "fun": "0.4171597910961463", "jac": "[ 4.68447503e-07 -1.65534253e-08 -9.97091298e-08  1.48547841e-07\n -3.37840866e-08 -2.46147547e-07]", "hess_inv": "[[ 6.02313701 -1.42229733 -1.46869977 -0.5686354   0.5514178   5.39163185]\n [-1.42229733  6.83707161 -1.01521439 -0.10468831 -3.10384665 -4.44956011]\n [-1.46869977 -1.01521439  8.99288207 -4.07521876 -1.98598174 -5.15488096]\n [-0.5686354  -0.10468831 -4.07521876  6.18461662  1.41966865  1.64613927]\n [ 0.5514178  -3.10384665 -1.98598174  1.41966865  7.06569118  5.89938612]\n [ 5.39163185 -4.44956011 -5.15488096  1.64613927  5.89938612 15.0905277 ]]", "nfev": "343", "njev": "49", "status": "0", "success": "True", "message": "Optimization terminated successfully.", "x": "[1.03371907 4.512939   8.09736661 4.14363095 3.28853075 2.33603147]", "nit": "38", "callback": [0.5832539154423175, 0.48414079309665814, 0.4190373235950944]}, "13": {"maxiter": 500, "gtol": 1e-10, "xrtol": 1e-05, "eps": 1e-10, "duration": 0.08024978637695312, "fun": "0.41715979112799995", "jac": "[ 2.22044587e-06  0.00000000e+00  2.22044587e-06  0.00000000e+00\n -1.11022293e-06  3.33066880e-06]", "hess_inv": "[[ 6.18651519 -1.42554821 -0.86609511 -1.02058963 -0.45862646  4.53990492]\n [-1.42554821  7.16923987 -1.51440982  0.42063873 -2.81767067 -4.09973571]\n [-0.86609511 -1.51440982  9.96444633 -4.85268146 -2.60900252 -5.16388243]\n [-1.02058963  0.42063873 -4.85268146  6.76669686  1.46750869  1.57718174]\n [-0.45862646 -2.81767067 -2.60900252  1.46750869  7.49153326  5.68883482]\n [ 4.53990492 -4.09973571 -5.16388243  1.57718174  5.68883482 14.4725531 ]]", "nfev": "336", "njev": "48", "status": "0", "success": "True", "message": "Optimization terminated successfully.", "x": "[1.03373113 4.51293857 8.09738069 4.14361779 3.28852155 2.3360397 ]", "nit": "37", "callback": [0.5832182233986879, 0.48592452459251756, 0.41840158210824996]}, "14": {"maxiter": 500, "gtol": 1e-10, "xrtol": 1e-10, "eps": 1e-05, "duration": 0.12789177894592285, "fun": "0.41715979109602075", "jac": "[ 2.28905783e-07 -7.58282326e-09 -4.45421477e-08  7.56839036e-08\n -1.98174810e-08 -1.18438592e-07]", "hess_inv": "[[ 6.25246242 -1.36059056 -1.56125299 -0.46910425  0.24708476  5.25882514]\n [-1.36059056  6.84983729 -1.05835486 -0.07615584 -3.19721818 -4.48325685]\n [-1.56125299 -1.05835486  8.89941365 -4.10848693 -1.85765946 -5.06311601]\n [-0.46910425 -0.07615584 -4.10848693  6.22681273  1.29479174  1.58843131]\n [ 0.24708476 -3.19721818 -1.85765946  1.29479174  7.35359174  6.04303763]\n [ 5.25882514 -4.48325685 -5.06311601  1.58843131  6.04303763 15.14798153]]", "nfev": "528", "njev": "74", "status": "2", "success": "False", "message": "Desired error not necessarily achieved due to precision loss.", "x": "[1.03371818 4.51293872 8.09736709 4.1436306  3.28853134 2.3360318 ]", "nit": "40", "callback": [0.5832539154423175, 0.48414079309665814, 0.4190373235950944, 0.41715979109602075]}, "15": {"maxiter": 500, "gtol": 1e-10, "xrtol": 1e-10, "eps": 1e-10, "duration": 0.13228893280029297, "fun": "0.41715979109681744", "jac": "[1.11022293e-06 0.00000000e+00 1.11022293e-06 1.11022293e-06\n 1.11022293e-06 0.00000000e+00]", "hess_inv": "[[ 2.71744953 -0.2391286   0.08370841 -0.09057745 -2.19482971 -0.59577269]\n [-0.2391286   1.25317674  1.22673632 -0.69353774 -0.77002354 -0.22480276]\n [ 0.08370841  1.22673632  2.64953889 -1.02631134 -1.30993422  0.15978623]\n [-0.09057745 -0.69353774 -1.02631134  3.06207075 -0.84848952 -0.49021685]\n [-2.19482971 -0.77002354 -1.30993422 -0.84848952  3.67807117  0.90449891]\n [-0.59577269 -0.22480276  0.15978623 -0.49021685  0.90449891  0.78112238]]", "nfev": "579", "njev": "81", "status": "2", "success": "False", "message": "Desired error not necessarily achieved due to precision loss.", "x": "[1.03371923 4.5129371  8.09737421 4.1436254  3.28853134 2.33603359]", "nit": "42", "callback": [0.5832182233986879, 0.48592452459251756, 0.41840158210824996, 0.41715979111297485]}, "16": {"maxiter": 1000, "gtol": 1e-05, "xrtol": 1e-05, "eps": 1e-05, "duration": 0.07679891586303711, "fun": "0.41715979120920643", "jac": "[ 2.12366791e-06 -2.83628676e-06 -5.28692645e-06 -1.29523059e-06\n -2.17588170e-06 -2.37591058e-06]", "hess_