{"date": "2024/10/08/, 17:31:55", "conf_id": 16, "data_type": "random\n", "num_data_points": 1, "s_rank": 0, "unitary": "[[-0.56303964-0.00798273j,-0.21670212-0.15784972j,-0.06047197-0.73952673j,-0.01438004+0.24552571j],[-0.06976756+0.23474685j,-0.01275565-0.5435098j,-0.02703657-0.08917885j,-0.08210486-0.79311774j],[-0.38559961+0.10714929j,0.5933431-0.2687392j,-0.24060861+0.29149289j,-0.45147719+0.26241743j],[-0.50180421+0.45931857j,-0.11617175+0.44134496j,0.49642745+0.22684508j,-0.08544628-0.15407063j]]", "databatch_0": {"databatch": "[[[-0.0614879+0.00321898j,0.04280336+0.10074511j,-0.29405908-0.0369363j,-0.17410045-0.18110969j],[0.16784124+0.22723763j,-0.33304912+0.28476402j,0.05144488-0.09289161j,-0.01366117+0.15559987j],[-0.06549786-0.07868375j,-0.03657885-0.23616318j,-0.25114759-0.18958824j,0.14527834+0.32905069j],[0.0899245-0.06833849j,-0.15307423-0.05119806j,-0.20134536-0.21892521j,-0.24932107-0.20089137j]]]", "initial param values": "[1.37230526,2.89097479,5.83462094,3.56579633,5.56487229,5.86902269]", "nelder_mead": {"type": "gradient-free", "0": {"maxiter": 100, "fatol": 1e-05, "xatol": 1e-05, "duration": 0.048793792724609375, "fun": "0.36568648191378916", "nit": "100", "nfev": "164", "status": "2", "success": "False", "message": "Maximum number of iterations has been exceeded.", "x": "[2.46572702 4.00553475 4.79708073 4.69068903 6.13382416 5.35377017]", "final_simplex": "(array([[2.46572702, 4.00553475, 4.79708073, 4.69068903, 6.13382416,\n        5.35377017],\n       [2.42244109, 4.06105001, 4.96055715, 4.63673691, 6.00557694,\n        5.34444211],\n       [2.47568076, 3.98233287, 4.73489569, 4.71770605, 5.9722871 ,\n        5.28216311],\n       [2.52276805, 4.00516888, 4.85483247, 4.61635457, 5.99429805,\n        5.43898404],\n       [2.31314668, 4.147886  , 4.98540826, 4.67056321, 5.96488064,\n        5.35524591],\n       [2.3543501 , 3.91848963, 4.80241973, 4.6610695 , 6.05443309,\n        5.40857693],\n       [2.41851012, 4.02000526, 4.879462  , 4.71328933, 6.00930262,\n        5.36513156]]), array([0.36568648, 0.36588639, 0.3672844 , 0.36967486, 0.37058276,\n       0.3707138 , 0.37072435]))", "callback": [0.8431676430573558, 0.6771628847218947, 0.6249378778252166, 0.5830672521350138, 0.5425405388623955, 0.4573183011290337, 0.4118744826495513, 0.3952170774049121, 0.37712059126069675, 0.3707243507975192]}, "1": {"maxiter": 100, "fatol": 1e-05, "xatol": 1e-10, "duration": 0.033918142318725586, "fun": "0.36568648191378916", "nit": "100", "nfev": "164", "status": "2", "success": "False", "message": "Maximum number of iterations has been exceeded.", "x": "[2.46572702 4.00553475 4.79708073 4.69068903 6.13382416 5.35377017]", "final_simplex": "(array([[2.46572702, 4.00553475, 4.79708073, 4.69068903, 6.13382416,\n        5.35377017],\n       [2.42244109, 4.06105001, 4.96055715, 4.63673691, 6.00557694,\n        5.34444211],\n       [2.47568076, 3.98233287, 4.73489569, 4.71770605, 5.9722871 ,\n        5.28216311],\n       [2.52276805, 4.00516888, 4.85483247, 4.61635457, 5.99429805,\n        5.43898404],\n       [2.31314668, 4.147886  , 4.98540826, 4.67056321, 5.96488064,\n        5.35524591],\n       [2.3543501 , 3.91848963, 4.80241973, 4.6610695 , 6.05443309,\n        5.40857693],\n       [2.41851012, 4.02000526, 4.879462  , 4.71328933, 6.00930262,\n        5.36513156]]), array([0.36568648, 0.36588639, 0.3672844 , 0.36967486, 0.37058276,\n       0.3707138 , 0.37072435]))", "callback": [0.8431676430573558, 0.6771628847218947, 0.6249378778252166, 0.5830672521350138, 0.5425405388623955, 0.4573183011290337, 0.4118744826495513, 0.3952170774049121, 0.37712059126069675, 0.3707243507975192]}, "2": {"maxiter": 100, "fatol": 1e-10, "xatol": 1e-05, "duration": 0.04315805435180664, "fun": "0.36568648191378916", "nit": "100", "nfev": "164", "status": "2", "success": "False", "message": "Maximum number of iterations has been exceeded.", "x": "[2.46572702 4.00553475 4.79708073 4.69068903 6.13382416 5.35377017]", "final_simplex": "(array([[2.46572702, 4.00553475, 4.79708073, 4.69068903, 6.13382416,\n        5.35377017],\n       [2.42244109, 4.06105001, 4.96055715, 4.63673691, 6.00557694,\n        5.34444211],\n       [2.47568076, 3.98233287, 4.73489569, 4.71770605, 5.9722871 ,\n        5.28216311],\n       [2.52276805, 4.00516888, 4.85483247, 4.61635457, 5.99429805,\n        5.43898404],\n       [2.31314668, 4.147886  , 4.98540826, 4.67056321, 5.96488064,\n        5.35524591],\n       [2.3543501 , 3.91848963, 4.80241973, 4.6610695 , 6.05443309,\n        5.40857693],\n       [2.41851012, 4.02000526, 4.879462  , 4.71328933, 6.00930262,\n        5.36513156]]), array([0.36568648, 0.36588639, 0.3672844 , 0.36967486, 0.37058276,\n       0.3707138 , 0.37072435]))", "callback": [0.8431676430573558, 0.6771628847218947, 0.6249378778252166, 0.5830672521350138, 0.5425405388623955, 0.4573183011290337, 0.4118744826495513, 0.3952170774049121, 0.37712059126069675, 0.3707243507975192]}, "3": {"maxiter": 100, "fatol": 1e-10, "xatol": 1e-10, "duration": 0.03912687301635742, "fun": "0.36568648191378916", "nit": "100", "nfev": "164", "status": "2", "success": "False", "message": "Maximum number of iterations has been exceeded.", "x": "[2.46572702 4.00553475 4.79708073 4.69068903 6.13382416 5.35377017]", "final_simplex": "(array([[2.46572702, 4.00553475, 4.79708073, 4.69068903, 6.13382416,\n        5.35377017],\n       [2.42244109, 4.06105001, 4.96055715, 4.63673691, 6.00557694,\n        5.34444211],\n       [2.47568076, 3.98233287, 4.73489569, 4.71770605, 5.9722871 ,\n        5.28216311],\n       [2.52276805, 4.00516888, 4.85483247, 4.61635457, 5.99429805,\n        5.43898404],\n       [2.31314668, 4.147886  , 4.98540826, 4.67056321, 5.96488064,\n        5.35524591],\n       [2.3543501 , 3.91848963, 4.80241973, 4.6610695 , 6.05443309,\n        5.40857693],\n       [2.41851012, 4.02000526, 4.879462  , 4.71328933, 6.00930262,\n        5.36513156]]), array([0.36568648, 0.36588639, 0.3672844 , 0.36967486, 0.37058276,\n       0.3707138 , 0.37072435]))", "callback": [0.8431676430573558, 0.6771628847218947, 0.6249378778252166, 0.5830672521350138, 0.5425405388623955, 0.4573183011290337, 0.4118744826495513, 0.3952170774049121, 0.37712059126069675, 0.3707243507975192]}, "4": {"maxiter": 500, "fatol": 1e-05, "xatol": 1e-05, "duration": 0.09846091270446777, "fun": "0.3380915979768562", "nit": "254", "nfev": "426", "status": "0", "success": "True", "message": "Optimization terminated successfully.", "x": "[2.5515147  4.66211824 5.31897092 4.15972628 6.06610385 5.15367875]", "final_simplex": "(array([[2.5515147 , 4.66211824, 5.31897092, 4.15972628, 6.06610385,\n        5.15367875],\n       [2.55151723, 4.66211938, 5.31897613, 4.1597203 , 6.06610328,\n        5.15368055],\n       [2.55151835, 4.66211871, 5.31896962, 4.15972556, 6.0661027 ,\n        5.15367585],\n       [2.55151709, 4.6621227 , 5.31897552, 4.1597233 , 6.06610494,\n        5.15368138],\n       [2.55151895, 4.66212617, 5.31897875, 4.15971986, 6.06610494,\n        5.15367622],\n       [2.55151665, 4.662121  , 5.31897313, 4.15971971, 6.06610738,\n        5.15367712],\n       [2.55151744, 4.66212268, 5.31897226, 4.15972353, 6.0661034 ,\n        5.15367936]]), array([0.3380916, 0.3380916, 0.3380916, 0.3380916, 0.3380916, 0.3380916,\n       0.3380916]))", "callback": [0.8431676430573558, 0.6771628847218947, 0.6249378778252166, 0.5830672521350138, 0.5425405388623955, 0.4573183011290337, 0.4118744826495513, 0.3952170774049121, 0.37712059126069675, 0.3707243507975192, 0.3586273812515842, 0.3448084249115013, 0.3408822986473029, 0.3384686557399612, 0.33821676191195815, 0.3381230249958813, 0.33809572673833077, 0.3380927844845084, 0.33809178193181844, 0.33809162596296416, 0.33809160319556397, 0.33809159955157186, 0.3380915982037429, 0.33809159805395606, 0.33809159798797195, 0.3380915979772888]}, "5": {"maxiter": 500, "fatol": 1e-05, "xatol": 1e-10, "duration": 0.19753599166870117, "fun": "0.3380915979668895", "nit": "422", "nfev": "744", "status": "0", "success": "True", "message": "Optimization terminated successfully.", "x": "[2.55151934 4.66210902 5.3189672  4.15972865 6.06610859 5.15368094]", "final_simplex": "(array([[2.55151934, 4.66210902, 5.3189672 , 4.15972865, 6.06610859,\n        5.15368094],\n       [2.55151934, 4.66210902, 5.3189672 , 4.15972865, 6.06610859,\n        5.15368094],\n       [2.55151934, 4.66210902, 5.3189672 , 4.15972865, 6.06610859,\n        5.15368094],\n       [2.55151934, 4.66210902, 5.3189672 , 4.15972865, 6.06610859,\n        5.15368094],\n       [2.55151934, 4.66210902, 5.3189672 , 4.15972865, 6.06610859,\n        5.15368094],\n       [2.55151934, 4.66210902, 5.3189672 , 4.15972865, 6.06610859,\n        5.15368094],\n       [2.55151934, 4.66210902, 5.3189672 , 4.15972865, 6.06610859,\n        5.15368094]]), array([0.3380916, 0.3380916, 0.3380916, 0.3380916, 0.3380916, 0.3380916,\n       0.3380916]))", "callback": [0.8431676430573558, 0.6771628847218947, 0.6249378778252166, 0.5830672521350138, 0.5425405388623955, 0.4573183011290337, 0.4118744826495513, 0.3952170774049121, 0.37712059126069675, 0.3707243507975192, 0.3586273812515842, 0.3448084249115013, 0.3408822986473029, 0.3384686557399612, 0.33821676191195815, 0.3381230249958813, 0.33809572673833077, 0.3380927844845084, 0.33809178193181844, 0.33809162596296416, 0.33809160319556397, 0.33809159955157186, 0.3380915982037429, 0.33809159805395606, 0.33809159798797195, 0.3380915979772888, 0.33809159797236277, 0.33809159797005384, 0.33809159796894417, 0.3380915979679068, 0.3380915979674284, 0.3380915979671478, 0.33809159796695876, 0.338091597966924, 0.3380915979669, 0.33809159796689514, 0.33809159796689037, 0.33809159796689026, 0.3380915979668899, 0.3380915979668896, 0.3380915979668895, 0.3380915979668895, 0.3380915979668895]}, "6": {"maxiter": 500, "fatol": 1e-10, "xatol": 1e-05, "duration": 0.11221122741699219, "fun": "0.3380915979768562", "nit": "254", "nfev": "426", "status": "0", "success": "True", "message": "Optimization terminated successfully.", "x": "[2.5515147  4.66211824 5.31897092 4.15972628 6.06610385 5.15367875]", "final_simplex": "(array([[2.5515147 , 4.66211824, 5.31897092, 4.15972628, 6.06610385,\n        5.15367875],\n       [2.55151723, 4.66211938, 5.31897613, 4.1597203 , 6.06610328,\n        5.15368055],\n       [2.55151835, 4.66211871, 5.31896962, 4.15972556, 6.0661027 ,\n        5.15367585],\n       [2.55151709, 4.6621227 , 5.31897552, 4.1597233 , 6.06610494,\n        5.15368138],\n       [2.55151895, 4.66212617, 5.31897875, 4.15971986, 6.06610494,\n        5.15367622],\n       [2.55151665, 4.662121  , 5.31897313, 4.15971971, 6.06610738,\n        5.15367712],\n       [2.55151744, 4.66212268, 5.31897226, 4.15972353, 6.0661034 ,\n        5.15367936]]), array([0.3380916, 0.3380916, 0.3380916, 0.3380916, 0.3380916, 0.3380916,\n       0.3380916]))", "callback": [0.8431676430573558, 0.6771628847218947, 0.6249378778252166, 0.5830672521350138, 0.5425405388623955, 0.4573183011290337, 0.4118744826495513, 0.3952170774049121, 0.37712059126069675, 0.3707243507975192, 0.3586273812515842, 0.3448084249115013, 0.3408822986473029, 0.3384686557399612, 0.33821676191195815, 0.3381230249958813, 0.33809572673833077, 0.3380927844845084, 0.33809178193181844, 0.33809162596296416, 0.33809160319556397, 0.33809159955157186, 0.3380915982037429, 0.33809159805395606, 0.33809159798797195, 0.3380915979772888]}, "7": {"maxiter": 500, "fatol": 1e-10, "xatol": 1e-10, "duration": 0.18253111839294434, "fun": "0.3380915979668895", "nit": "422", "nfev": "744", "status": "0", "success": "True", "message": "Optimization terminated successfully.", "x": "[2.55151934 4.66210902 5.3189672  4.15972865 6.06610859 5.15368094]", "final_simplex": "(array([[2.55151934, 4.66210902, 5.3189672 , 4.15972865, 6.06610859,\n        5.15368094],\n       [2.55151934, 4.66210902, 5.3189672 , 4.15972865, 6.06610859,\n        5.15368094],\n       [2.55151934, 4.66210902, 5.3189672 , 4.15972865, 6.06610859,\n        5.15368094],\n       [2.55151934, 4.66210902, 5.3189672 , 4.15972865, 6.06610859,\n        5.15368094],\n       [2.55151934, 4.66210902, 5.3189672 , 4.15972865, 6.06610859,\n        5.15368094],\n       [2.55151934, 4.66210902, 5.3189672 , 4.15972865, 6.06610859,\n        5.15368094],\n       [2.55151934, 4.66210902, 5.3189672 , 4.15972865, 6.06610859,\n        5.15368094]]), array([0.3380916, 0.3380916, 0.3380916, 0.3380916, 0.3380916, 0.3380916,\n       0.3380916]))", "callback": [0.8431676430573558, 0.6771628847218947, 0.6249378778252166, 0.5830672521350138, 0.5425405388623955, 0.4573183011290337, 0.4118744826495513, 0.3952170774049121, 0.37712059126069675, 0.3707243507975192, 0.3586273812515842, 0.3448084249115013, 0.3408822986473029, 0.3384686557399612, 0.33821676191195815, 0.3381230249958813, 0.33809572673833077, 0.3380927844845084, 0.33809178193181844, 0.33809162596296416, 0.33809160319556397, 0.33809159955157186, 0.3380915982037429, 0.33809159805395606, 0.33809159798797195, 0.3380915979772888, 0.33809159797236277, 0.33809159797005384, 0.33809159796894417, 0.3380915979679068, 0.3380915979674284, 0.3380915979671478, 0.33809159796695876, 0.338091597966924, 0.3380915979669, 0.33809159796689514, 0.33809159796689037, 0.33809159796689026, 0.3380915979668899, 0.3380915979668896, 0.3380915979668895, 0.3380915979668895, 0.3380915979668895]}, "8": {"maxiter": 1000, "fatol": 1e-05, "xatol": 1e-05, "duration": 0.10662078857421875, "fun": "0.3380915979768562", "nit": "254", "nfev": "426", "status": "0", "success": "True", "message": "Optimization terminated successfully.", "x": "[2.5515147  4.66211824 5.31897092 4.15972628 6.06610385 5.15367875]", "final_simplex": "(array([[2.5515147 , 4.66211824, 5.31897092, 4.15972628, 6.06610385,\n        5.15367875],\n       [2.55151723, 4.66211938, 5.31897613, 4.1597203 , 6.06610328,\n        5.15368055],\n       [2.55151835, 4.66211871, 5.31896962, 4.15972556, 6.0661027 ,\n        5.15367585],\n       [2.55151709, 4.6621227 , 5.31897552, 4.1597233 , 6.06610494,\n        5.15368138],\n       [2.55151895, 4.66212617, 5.31897875, 4.15971986, 6.06610494,\n        5.15367622],\n       [2.55151665, 4.662121  , 5.31897313, 4.15971971, 6.06610738,\n        5.15367712],\n       [2.55151744, 4.66212268, 5.31897226, 4.15972353, 6.0661034 ,\n        5.15367936]]), array([0.3380916, 0.3380916, 0.3380916, 0.3380916, 0.3380916, 0.3380916,\n       0.3380916]))", "callback": [0.8431676430573558, 0.6771628847218947, 0.6249378778252166, 0.5830672521350138, 0.5425405388623955, 0.4573183011290337, 0.4118744826495513, 0.3952170774049121, 0.37712059126069675, 0.3707243507975192, 0.3586273812515842, 0.3448084249115013, 0.3408822986473029, 0.3384686557399612, 0.33821676191195815, 0.3381230249958813, 0.33809572673833077, 0.3380927844845084, 0.33809178193181844, 0.33809162596296416, 0.33809160319556397, 0.33809159955157186, 0.3380915982037429, 0.33809159805395606, 0.33809159798797195, 0.3380915979772888]}, "9": {"maxiter": 1000, "fatol": 1e-05, "xatol": 1e-10, "duration": 0.19556403160095215, "fun": "0.3380915979668895", "nit": "422", "nfev": "744", "status": "0", "success": "True", "message": "Optimization terminated successfully.", "x": "[2.55151934 4.66210902 5.3189672  4.15972865 6.06610859 5.15368094]", "final_simplex": "(array([[2.55151934, 4.66210902, 5.3189672 , 4.15972865, 6.06610859,\n        5.15368094],\n       [2.55151934, 4.66210902, 5.3189672 , 4.15972865, 6.06610859,\n        5.15368094],\n       [2.55151934, 4.66210902, 5.3189672 , 4.15972865, 6.06610859,\n        5.15368094],\n       [2.55151934, 4.66210902, 5.3189672 , 4.15972865, 6.06610859,\n        5.15368094],\n       [2.55151934, 4.66210902, 5.3189672 , 4.15972865, 6.06610859,\n        5.15368094],\n       [2.55151934, 4.66210902, 5.3189672 , 4.15972865, 6.06610859,\n        5.15368094],\n       [2.55151934, 4.66210902, 5.3189672 , 4.15972865, 6.06610859,\n        5.15368094]]), array([0.3380916, 0.3380916, 0.3380916, 0.3380916, 0.3380916, 0.3380916,\n       0.3380916]))", "callback": [0.8431676430573558, 0.6771628847218947, 0.6249378778252166, 0.5830672521350138, 0.5425405388623955, 0.4573183011290337, 0.4118744826495513, 0.3952170774049121, 0.37712059126069675, 0.3707243507975192, 0.3586273812515842, 0.3448084249115013, 0.3408822986473029, 0.3384686557399612, 0.33821676191195815, 0.3381230249958813, 0.33809572673833077, 0.3380927844845084, 0.33809178193181844, 0.33809162596296416, 0.33809160319556397, 0.33809159955157186, 0.3380915982037429, 0.33809159805395606, 0.33809159798797195, 0.3380915979772888, 0.33809159797236277, 0.33809159797005384, 0.33809159796894417, 0.3380915979679068, 0.3380915979674284, 0.3380915979671478, 0.33809159796695876, 0.338091597966924, 0.3380915979669, 0.33809159796689514, 0.33809159796689037, 0.33809159796689026, 0.3380915979668899, 0.3380915979668896, 0.3380915979668895, 0.3380915979668895, 0.3380915979668895]}, "10": {"maxiter": 1000, "fatol": 1e-10, "xatol": 1e-05, "duration": 0.10290980339050293, "fun": "0.3380915979768562", "nit": "254", "nfev": "426", "status": "0", "success": "True", "message": "Optimization terminated successfully.", "x": "[2.5515147  4.66211824 5.31897092 4.15972628 6.06610385 5.15367875]", "final_simplex": "(array([[2.5515147 , 4.66211824, 5.31897092, 4.15972628, 6.06610385,\n        5.15367875],\n       [2.55151723, 4.66211938, 5.31897613, 4.1597203 , 6.06610328,\n        5.15368055],\n       [2.55151835, 4.66211871, 5.31896962, 4.15972556, 6.0661027 ,\n        5.15367585],\n       [2.55151709, 4.6621227 , 5.31897552, 4.1597233 , 6.06610494,\n        5.15368138],\n       [2.55151895, 4.66212617, 5.31897875, 4.15971986, 6.06610494,\n        5.15367622],\n       [2.55151665, 4.662121  , 5.31897313, 4.15971971, 6.06610738,\n        5.15367712],\n       [2.55151744, 4.66212268, 5.31897226, 4.15972353, 6.0661034 ,\n        5.15367936]]), array([0.3380916, 0.3380916, 0.3380916, 0.3380916, 0.3380916, 0.3380916,\n       0.3380916]))", "callback": [0.8431676430573558, 0.6771628847218947, 0.6249378778252166, 0.5830672521350138, 0.5425405388623955, 0.4573183011290337, 0.4118744826495513, 0.3952170774049121, 0.37712059126069675, 0.3707243507975192, 0.3586273812515842, 0.3448084249115013, 0.3408822986473029, 0.3384686557399612, 0.33821676191195815, 0.3381230249958813, 0.33809572673833077, 0.3380927844845084, 0.33809178193181844, 0.33809162596296416, 0.33809160319556397, 0.33809159955157186, 0.3380915982037429, 0.33809159805395606, 0.33809159798797195, 0.3380915979772888]}, "11": {"maxiter": 1000, "fatol": 1e-10, "xatol": 1e-10, "duration": 0.18446087837219238, "fun": "0.3380915979668895", "nit": "422", "nfev": "744", "status": "0", "success": "True", "message": "Optimization terminated successfully.", "x": "[2.55151934 4.66210902 5.3189672  4.15972865 6.06610859 5.15368094]", "final_simplex": "(array([[2.55151934, 4.66210902, 5.3189672 , 4.15972865, 6.06610859,\n        5.15368094],\n       [2.55151934, 4.66210902, 5.3189672 , 4.15972865, 6.06610859,\n        5.15368094],\n       [2.55151934, 4.66210902, 5.3189672 , 4.15972865, 6.06610859,\n        5.15368094],\n       [2.55151934, 4.66210902, 5.3189672 , 4.15972865, 6.06610859,\n        5.15368094],\n       [2.55151934, 4.66210902, 5.3189672 , 4.15972865, 6.06610859,\n        5.15368094],\n       [2.55151934, 4.66210902, 5.3189672 , 4.15972865, 6.06610859,\n        5.15368094],\n       [2.55151934, 4.66210902, 5.3189672 , 4.15972865, 6.06610859,\n        5.15368094]]), array([0.3380916, 0.3380916, 0.3380916, 0.3380916, 0.3380916, 0.3380916,\n       0.3380916]))", "callback": [0.8431676430573558, 0.6771628847218947, 0.6249378778252166, 0.5830672521350138, 0.5425405388623955, 0.4573183011290337, 0.4118744826495513, 0.3952170774049121, 0.37712059126069675, 0.3707243507975192, 0.3586273812515842, 0.3448084249115013, 0.3408822986473029, 0.3384686557399612, 0.33821676191195815, 0.3381230249958813, 0.33809572673833077, 0.3380927844845084, 0.33809178193181844, 0.33809162596296416, 0.33809160319556397, 0.33809159955157186, 0.3380915982037429, 0.33809159805395606, 0.33809159798797195, 0.3380915979772888, 0.33809159797236277, 0.33809159797005384, 0.33809159796894417, 0.3380915979679068, 0.3380915979674284, 0.3380915979671478, 0.33809159796695876, 0.338091597966924, 0.3380915979669, 0.33809159796689514, 0.33809159796689037, 0.33809159796689026, 0.3380915979668899, 0.3380915979668896, 0.3380915979668895, 0.3380915979668895, 0.3380915979668895]}}, "bfgs": {"type": "gradient", "0": {"maxiter": 100, "gtol": 1e-05, "xrtol": 1e-05, "eps": 1e-05, "duration": 0.042942047119140625, "fun": "0.33809159814329026", "jac": "[ 7.99870170e-06 -7.02538028e-07  1.46177515e-06 -2.94756441e-06\n  7.24394988e-06 -2.85360624e-07]", "hess_inv": "[[ 2.66654228e+00  3.97642302e-01  3.04843049e-01 -5.48245806e-02\n   2.52798973e-01  1.56799928e-02]\n [ 3.97642302e-01  1.66664854e+01  1.42037212e+01 -6.26796681e+00\n  -6.12542106e-01 -1.53639948e+00]\n [ 3.04843049e-01  1.42037212e+01  1.54942811e+01 -5.94923479e+00\n  -1.51001169e-01 -5.93185265e-01]\n [-5.48245806e-02 -6.26796681e+00 -5.94923479e+00  5.73904423e+00\n   2.24515452e-01  5.30214416e-01]\n [ 2.52798973e-01 -6.12542106e-01 -1.51001169e-01  2.24515452e-01\n   3.57819689e+00  1.93845661e+00]\n [ 1.56799928e-02 -1.53639948e+00 -5.93185265e-01  5.30214416e-01\n   1.93845661e+00  4.03406180e+00]]", "nfev": "182", "njev": "26", "status": "0", "success": "True", "message": "Optimization terminated successfully.", "x": "[2.55154281 4.66209833 5.31896191 4.15971639 6.06613331 5.15368845]", "nit": "21", "callback": [0.5275391872982627, 0.5032541574165381, 0.45841040420043067, 0.38486692857513893, 0.34925919838389907, 0.34389724854218806, 0.34228118081713343, 0.34120671601691643, 0.34091705792850946, 0.34043345744207987, 0.3396890331680176, 0.33895556844234187, 0.33859460871014435, 0.3383982551214726, 0.3382278139694067, 0.3381205140254113, 0.338095290750522, 0.3380920965437779, 0.3380916765852623, 0.3380916053019226, 0.33809159814329026]}, "1": {"maxiter": 100, "gtol": 1e-05, "xrtol": 1e-05, "eps": 1e-10, "duration": 0.04924798011779785, "fun": "0.33809159809462785", "jac": "[-1.11022293e-06  1.11022293e-06  2.22044587e-06  2.22044587e-06\n -1.11022293e-06  1.11022293e-06]", "hess_inv": "[[ 2.92246642  0.28742504  0.13839762 -0.39410304  0.67820779  0.1115091 ]\n [ 0.28742504 16.2573789  13.96863677 -5.44945011 -0.814558   -1.24109084]\n [ 0.13839762 13.96863677 15.38235065 -5.31085683 -0.38748676 -0.41187715]\n [-0.39410304 -5.44945011 -5.31085683  5.11217213 -0.17050687 -0.04651446]\n [ 0.67820779 -0.814558   -0.38748676 -0.17050687  4.17186473  2.11413716]\n [ 0.1115091  -1.24109084 -0.41187715 -0.04651446  2.11413716  3.84743112]]", "nfev": "189", "njev": "27", "status": "0", "success": "True", "message": "Optimization terminated successfully.", "x": "[2.55151508 4.66217192 5.31903246 4.1597133  6.0661054  5.15367508]", "nit": "22", "callback": [0.5275386400084974, 0.5032539858575434, 0.45841144436240744, 0.3848696237901419, 0.3492588552345419, 0.34389743396431594, 0.3422811511775725, 0.3412064499082106, 0.3409167979854798, 0.34043328102760373, 0.33968911071984387, 0.33895553943790946, 0.33859487773435837, 0.33839838591171023, 0.33822791529271823, 0.3381205396248116, 0.33809530155984824, 0.33809208678729163, 0.3380916754813019, 0.3380916052621431, 0.3380915984448444, 0.33809159809462785]}, "2": {"maxiter": 100, "gtol": 1e-05, "xrtol": 1e-10, "eps": 1e-05, "duration": 0.040225982666015625, "fun": "0.33809159814329026", "jac": "[ 7.99870170e-06 -7.02538028e-07  1.46177515e-06 -2.94756441e-06\n  7.24394988e-06 -2.85360624e-07]", "hess_inv": "[[ 2.66654228e+00  3.97642302e-01  3.04843049e-01 -5.48245806e-02\n   2.52798973e-01  1.56799928e-02]\n [ 3.97642302e-01  1.66664854e+01  1.42037212e+01 -6.26796681e+00\n  -6.12542106e-01 -1.53639948e+00]\n [ 3.04843049e-01  1.42037212e+01  1.54942811e+01 -5.94923479e+00\n  -1.51001169e-01 -5.93185265e-01]\n [-5.48245806e-02 -6.26796681e+00 -5.94923479e+00  5.73904423e+00\n   2.24515452e-01  5.30214416e-01]\n [ 2.52798973e-01 -6.12542106e-01 -1.51001169e-01  2.24515452e-01\n   3.57819689e+00  1.93845661e+00]\n [ 1.56799928e-02 -1.53639948e+00 -5.93185265e-01  5.30214416e-01\n   1.93845661e+00  4.03406180e+00]]", "nfev": "182", "njev": "26", "status": "0", "success": "True", "message": "Optimization terminated successfully.", "x": "[2.55154281 4.66209833 5.31896191 4.15971639 6.06613331 5.15368845]", "nit": "21", "callback": [0.5275391872982627, 0.5032541574165381, 0.45841040420043067, 0.38486692857513893, 0.34925919838389907, 0.34389724854218806, 0.34228118081713343, 0.34120671601691643, 0.34091705792850946, 0.34043345744207987, 0.3396890331680176, 0.33895556844234187, 0.33859460871014435, 0.3383982551214726, 0.3382278139694067, 0.3381205140254113, 0.338095290750522, 0.3380920965437779, 0.3380916765852623, 0.3380916053019226, 0.33809159814329026]}, "3": {"maxiter": 100, "gtol": 1e-05, "xrtol": 1e-10, "eps": 1e-10, "duration": 0.04645109176635742, "fun": "0.33809159809462785", "jac": "[-1.11022293e-06  1.11022293e-06  2.22044587e-06  2.22044587e-06\n -1.11022293e-06  1.11022293e-06]", "hess_inv": "[[ 2.92246642  0.28742504  0.13839762 -0.39410304  0.67820779  0.1115091 ]\n [ 0.28742504 16.2573789  13.96863677 -5.44945011 -0.814558   -1.24109084]\n [ 0.13839762 13.96863677 15.38235065 -5.31085683 -0.38748676 -0.41187715]\n [-0.39410304 -5.44945011 -5.31085683  5.11217213 -0.17050687 -0.04651446]\n [ 0.67820779 -0.814558   -0.38748676 -0.17050687  4.17186473  2.11413716]\n [ 0.1115091  -1.24109084 -0.41187715 -0.04651446  2.11413716  3.84743112]]", "nfev": "189", "njev": "27", "status": "0", "success": "True", "message": "Optimization terminated successfully.", "x": "[2.55151508 4.66217192 5.31903246 4.1597133  6.0661054  5.15367508]", "nit": "22", "callback": [0.5275386400084974, 0.5032539858575434, 0.45841144436240744, 0.3848696237901419, 0.3492588552345419, 0.34389743396431594, 0.3422811511775725, 0.3412064499082106, 0.3409167979854798, 0.34043328102760373, 0.33968911071984387, 0.33895553943790946, 0.33859487773435837, 0.33839838591171023, 0.33822791529271823, 0.3381205396248116, 0.33809530155984824, 0.33809208678729163, 0.3380916754813019, 0.3380916052621431, 0.3380915984448444, 0.33809159809462785]}, "4": {"maxiter": 100, "gtol": 1e-10, "xrtol": 1e-05, "eps": 1e-05, "duration": 0.055471181869506836, "fun": "0.3380915980246364", "jac": "[7.21522841e-07 4.85389506e-08 7.78554998e-07 6.38722408e-07\n 4.04365430e-07 4.25370850e-07]", "hess_inv": "[[ 2.86642849  0.60242599  0.48652615 -0.39961988  0.56564658  0.07125508]\n [ 0.60242599 16.87154249 14.3712958  -6.65758815 -0.27446643 -1.48865154]\n [ 0.48652615 14.3712958  15.5868081  -6.40494944  0.20206602 -0.57861983]\n [-0.39961988 -6.65758815 -6.40494944  6.05485256 -0.18046041  0.36388957]\n [ 0.56564658 -0.27446643  0.20206602 -0.18046041  4.00282513  2.05945604]\n [ 0.07125508 -1.48865154 -0.57861983  0.36388957  2.05945604  4.03171589]]", "nfev": "189", "njev": "27", "status": "0", "success": "True", "message": "Optimization terminated successfully.", "x": "[2.55151434 4.6620663  5.31892482 4.15974353 6.06609936 5.15367498]", "nit": "22", "callback": [0.5275391872982627, 0.5032541574165381, 0.45841040420043067, 0.38486692857513893, 0.34925919838389907, 0.34389724854218806, 0.34228118081713343, 0.34120671601691643, 0.34091705792850946, 0.34043345744207987, 0.3396890331680176, 0.33895556844234187, 0.33859460871014435, 0.3383982551214726, 0.3382278139694067, 0.3381205140254113, 0.338095290750522, 0.3380920965437779, 0.3380916765852623, 0.3380916053019226, 0.33809159814329026, 0.3380915980246364]}, "5": {"maxiter": 100, "gtol": 1e-10, "xrtol": 1e-05, "eps": 1e-10, "duration": 0.05299115180969238, "fun": "0.33809159809462785", "jac": "[-1.11022293e-06  1.11022293e-06  2.22044587e-06  2.22044587e-06\n -1.11022293e-06  1.11022293e-06]", "hess_inv": "[[ 2.92246642  0.28742504  0.13839762 -0.39410304  0.67820779  0.1115091 ]\n [ 0.28742504 16.2573789  13.96863677 -5.44945011 -0.814558   -1.24109084]\n [ 0.13839762 13.96863677 15.38235065 -5.31085683 -0.38748676 -0.41187715]\n [-0.39410304 -5.44945011 -5.31085683  5.11217213 -0.17050687 -0.04651446]\n [ 0.67820779 -0.814558   -0.38748676 -0.17050687  4.17186473  2.11413716]\n [ 0.1115091  -1.24109084 -0.41187715 -0.04651446  2.11413716  3.84743112]]", "nfev": "189", "njev": "27", "status": "0", "success": "True", "message": "Optimization terminated successfully.", "x": "[2.55151508 4.66217192 5.31903246 4.1597133  6.0661054  5.15367508]", "nit": "22", "callback": [0.5275386400084974, 0.5032539858575434, 0.45841144436240744, 0.3848696237901419, 0.3492588552345419, 0.34389743396431594, 0.3422811511775725, 0.3412064499082106, 0.3409167979854798, 0.34043328102760373, 0.33968911071984387, 0.33895553943790946, 0.33859487773435837, 0.33839838591171023, 0.33822791529271823, 0.3381205396248116, 0.33809530155984824, 0.33809208678729163, 0.3380916754813019, 0.3380916052621431, 0.3380915984448444, 0.33809159809462785]}, "6": {"maxiter": 100, "gtol": 1e-10, "xrtol": 1e-10, "eps": 1e-05, "duration": 0.0999441146850586, "fun": "0.3380915980246364", "jac": "[7.21522841e-07 4.85389506e-08 7.78554998e-07 6.38722408e-07\n 4.04365430e-07 4.25370850e-07]", "hess_inv": "[[ 3.0091966   1.01387882  0.97947599 -0.49718355  0.73450167  0.19997561]\n [ 1.01387882 17.61669054 15.25266268 -7.00645594  0.21463595 -1.2251961 ]\n [ 0.97947599 15.25266268 16.62882849 -6.82466518  0.78810926 -0.26575647]\n [-0.49718355 -7.00645594 -6.82466518  6.11112577 -0.29547209  0.25940932]\n [ 0.73450167  0.21463595  0.78810926 -0.29547209  4.20252006  2.21229885]\n [ 0.19997561 -1.2251961  -0.26575647  0.25940932  2.21229885  4.12153907]]", "nfev": "396", "njev": "55", "status": "2", "success": "False", "message": "Desired error not necessarily achieved due to precision loss.", "x": "[2.55151434 4.6620663  5.31892482 4.15974353 6.06609936 5.15367498]", "nit": "22", "callback": [0.5275391872982627, 0.5032541574165381, 0.45841040420043067, 0.38486692857513893, 0.34925919838389907, 0.34389724854218806, 0.34228118081713343, 0.34120671601691643, 0.34091705792850946, 0.34043345744207987, 0.3396890331680176, 0.33895556844234187, 0.33859460871014435, 0.3383982551214726, 0.3382278139694067, 0.3381205140254113, 0.338095290750522, 0.3380920965437779, 0.3380916765852623, 0.3380916053019226, 0.33809159814329026, 0.3380915980246364]}, "7": {"maxiter": 100, "gtol": 1e-10, "xrtol": 1e-10, "eps": 1e-10, "duration": 0.10946488380432129, "fun": "0.3380915979923961", "jac": "[3.33066880e-06 0.00000000e+00 0.00000000e+00 1.11022293e-06\n 3.33066880e-06 2.22044587e-06]", "hess_inv": "[[ 1.38617224 -0.34299235 -0.64305086 -0.01776459 -0.36991861 -0.41110072]\n [-0.34299235  0.21104371  0.14414918 -0.05293591  0.11604062  0.03089102]\n [-0.64305086  0.14414918  0.35448769  0.0228729   0.15530992  0.19653826]\n [-0.01776459 -0.05293591  0.0228729   0.03470076 -0.01241764  0.0395206 ]\n [-0.36991861  0.11604062  0.15530992 -0.01241764  0.13012653  0.08678347]\n [-0.41110072  0.03089102  0.19653826  0.0395206   0.08678347  0.20329498]]", "nfev": "434", "njev": "62", "status": "0", "success": "True", "message": "Optimization terminated successfully.", "x": "[2.55152369 4.6621345  5.31899264 4.15971567 6.06611614 5.15368645]", "nit": "37", "callback": [0.5275386400084974, 0.5032539858575434, 0.45841144436240744, 0.3848696237901419, 0.3492588552345419, 0.34389743396431594, 0.3422811511775725, 0.3412064499082106, 0.3409167979854798, 0.34043328102760373, 0.33968911071984387, 0.33895553943790946, 0.33859487773435837, 0.33839838591171023, 0.33822791529271823, 0.3381205396248116, 0.33809530155984824, 0.33809208678729163, 0.3380916754813019, 0.3380916052621431, 0.3380915984448444, 0.33809159809462785, 0.3380915980044973, 0.3380915980019451, 0.3380915979994068, 0.3380915979983232, 0.3380915979979011, 0.3380915979975585, 0.33809159799443345, 0.33809159799419164, 0.3380915979940913, 0.3380915979939818, 0.33809159799382915, 0.3380915979936612, 0.3380915979923975, 0.3380915979923962, 0.3380915979923961]}, "8": {"maxiter": 500, "gtol": 1e-05, "xrtol": 1e-05, "eps": 1e-05, "duration": 0.047430992126464844, "fun": "0.33809159814329026", "jac": "[ 7.99870170e-06 -7.02538028e-07  1.46177515e-06 -2.94756441e-06\n  7.24394988e-06 -2.85360624e-07]", "hess_inv": "[[ 2.66654228e+00  3.97642302e-01  3.04843049e-01 -5.48245806e-02\n   2.52798973e-01  1.56799928e-02]\n [ 3.97642302e-01  1.66664854e+01  1.42037212e+01 -6.26796681e+00\n  -6.12542106e-01 -1.53639948e+00]\n [ 3.04843049e-01  1.42037212e+01  1.54942811e+01 -5.94923479e+00\n  -1.51001169e-01 -5.93185265e-01]\n [-5.48245806e-02 -6.26796681e+00 -5.94923479e+00  5.73904423e+00\n   2.24515452e-01  5.30214416e-01]\n [ 2.52798973e-01 -6.12542106e-01 -1.51001169e-01  2.24515452e-01\n   3.57819689e+00  1.93845661e+00]\n [ 1.56799928e-02 -1.53639948e+00 -5.93185265e-01  5.30214416e-01\n   1.93845661e+00  4.03406180e+00]]", "nfev": "182", "njev": "26", "status": "0", "success": "True", "message": "Optimization terminated successfully.", "x": "[2.55154281 4.66209833 5.31896191 4.15971639 6.06613331 5.15368845]", "nit": "21", "callback": [0.5275391872982627, 0.5032541574165381, 0.45841040420043067, 0.38486692857513893, 0.34925919838389907, 0.34389724854218806, 0.34228118081713343, 0.34120671601691643, 0.34091705792850946, 0.34043345744207987, 0.3396890331680176, 0.33895556844234187, 0.33859460871014435, 0.3383982551214726, 0.3382278139694067, 0.3381205140254113, 0.338095290750522, 0.3380920965437779, 0.3380916765852623, 0.3380916053019226, 0.33809159814329026]}, "9": {"maxiter": 500, "gtol": 1e-05, "xrtol": 1e-05, "eps": 1e-10, "duration": 0.04107785224914551, "fun": "0.33809159809462785", "jac": "[-1.11022293e-06  1.11022293e-06  2.22044587e-06  2.22044587e-06\n -1.11022293e-06  1.11022293e-06]", "hess_inv": "[[ 2.92246642  0.28742504  0.13839762 -0.39410304  0.67820779  0.1115091 ]\n [ 0.28742504 16.2573789  13.96863677 -5.44945011 -0.814558   -1.24109084]\n [ 0.13839762 13.96863677 15.38235065 -5.31085683 -0.38748676 -0.41187715]\n [-0.39410304 -5.44945011 -5.31085683  5.11217213 -0.17050687 -0.04651446]\n [ 0.67820779 -0.814558   -0.38748676 -0.17050687  4.17186473  2.11413716]\n [ 0.1115091  -1.24109084 -0.41187715 -0.04651446  2.11413716  3.84743112]]", "nfev": "189", "njev": "27", "status": "0", "success": "True", "message": "Optimization terminated successfully.", "x": "[2.55151508 4.66217192 5.31903246 4.1597133  6.0661054  5.15367508]", "nit": "22", "callback": [0.5275386400084974, 0.5032539858575434, 0.45841144436240744, 0.3848696237901419, 0.3492588552345419, 0.34389743396431594, 0.3422811511775725, 0.3412064499082106, 0.3409167979854798, 0.34043328102760373, 0.33968911071984387, 0.33895553943790946, 0.33859487773435837, 0.33839838591171023, 0.33822791529271823, 0.3381205396248116, 0.33809530155984824, 0.33809208678729163, 0.3380916754813019, 0.3380916052621431, 0.3380915984448444, 0.33809159809462785]}, "10": {"maxiter": 500, "gtol": 1e-05, "xrtol": 1e-10, "eps": 1e-05, "duration": 0.04290318489074707, "fun": "0.33809159814329026", "jac": "[ 7.99870170e-06 -7.02538028e-07  1.46177515e-06 -2.94756441e-06\n  7.24394988e-06 -2.85360624e-07]", "hess_inv": "[[ 2.66654228e+00  3.97642302e-01  3.04843049e-01 -5.48245806e-02\n   2.52798973e-01  1.56799928e-02]\n [ 3.97642302e-01  1.66664854e+01  1.42037212e+01 -6.26796681e+00\n  -6.12542106e-01 -1.53639948e+00]\n [ 3.04843049e-01  1.42037212e+01  1.54942811e+01 -5.94923479e+00\n  -1.51001169e-01 -5.93185265e-01]\n [-5.48245806e-02 -6.26796681e+00 -5.94923479e+00  5.73904423e+00\n   2.24515452e-01  5.30214416e-01]\n [ 2.52798973e-01 -6.12542106e-01 -1.51001169e-01  2.24515452e-01\n   3.57819689e+00  1.93845661e+00]\n [ 1.56799928e-02 -1.53639948e+00 -5.93185265e-01  5.30214416e-01\n   1.93845661e+00  4.03406180e+00]]", "nfev": "182", "njev": "26", "status": "0", "success": "True", "message": "Optimization terminated successfully.", "x": "[2.55154281 4.66209833 5.31896191 4.15971639 6.06613331 5.15368845]", "nit": "21", "callback": [0.5275391872982627, 0.5032541574165381, 0.45841040420043067, 0.38486692857513893, 0.34925919838389907, 0.34389724854218806, 0.34228118081713343, 0.34120671601691643, 0.34091705792850946, 0.34043345744207987, 0.3396890331680176, 0.33895556844234187, 0.33859460871014435, 0.3383982551214726, 0.3382278139694067, 0.3381205140254113, 0.338095290750522, 0.3380920965437779, 0.3380916765852623, 0.3380916053019226, 0.33809159814329026]}, "11": {"maxiter": 500, "gtol": 1e-05, "xrtol": 1e-10, "eps": 1e-10, "duration": 0.050904035568237305, "fun": "0.33809159809462785", "jac": "[-1.11022293e-06  1.11022293e-06  2.22044587e-06  2.22044587e-06\n -1.11022293e-06  1.11022293e-06]", "hess_inv": "[[ 2.92246642  0.28742504  0.13839762 -0.39410304  0.67820779  0.1115091 ]\n [ 0.28742504 16.2573789  13.96863677 -5.44945011 -0.814558   -1.24109084]\n [ 0.13839762 13.96863677 15.38235065 -5.31085683 -0.38748676 -0.41187715]\n [-0.39410304 -5.44945011 -5.31085683  5.11217213 -0.17050687 -0.04651446]\n [ 0.67820779 -0.814558   -0.38748676 -0.17050687  4.17186473  2.11413716]\n [ 0.1115091  -1.24109084 -0.41187715 -0.04651446  2.11413716  3.84743112]]", "nfev": "189", "njev": "27", "status": "0", "success": "True", "message": "Optimization terminated successfully.", "x": "[2.55151508 4.66217192 5.31903246 4.1597133  6.0661054  5.15367508]", "nit": "22", "callback": [0.5275386400084974, 0.5032539858575434, 0.45841144436240744, 0.3848696237901419, 0.3492588552345419, 0.34389743396431594, 0.3422811511775725, 0.3412064499082106, 0.3409167979854798, 0.34043328102760373, 0.33968911071984387, 0.33895553943790946, 0.33859487773435837, 0.33839838591171023, 0.33822791529271823, 0.3381205396248116, 0.33809530155984824, 0.33809208678729163, 0.3380916754813019, 0.3380916052621431, 0.3380915984448444, 0.33809159809462785]}, "12": {"maxiter": 500, "gtol": 1e-10, "xrtol": 1e-05, "eps": 1e-05, "duration": 0.04985380172729492, "fun": "0.3380915980246364", "jac": "[7.21522841e-07 4.85389506e-08 7.78554998e-07 6.38722408e-07\n 4.04365430e-07 4.25370850e-07]", "hess_inv": "[[ 2.86642849  0.60242599  0.48652615 -0.39961988  0.56564658  0.07125508]\n [ 0.60242599 16.87154249 14.3712958  -6.65758815 -0.27446643 -1.48865154]\n [ 0.48652615 14.3712958  15.5868081  -6.40494944  0.20206602 -0.57861983]\n [-0.39961988 -6.65758815 -6.40494944  6.05485256 -0.18046041  0.36388957]\n [ 0.56564658 -0.27446643  0.20206602 -0.18046041  4.00282513  2.05945604]\n [ 0.07125508 -1.48865154 -0.57861983  0.36388957  2.05945604  4.03171589]]", "nfev": "189", "njev": "27", "status": "0", "success": "True", "message": "Optimization terminated successfully.", "x": "[2.55151434 4.6620663  5.31892482 4.15974353 6.06609936 5.15367498]", "nit": "22", "callback": [0.5275391872982627, 0.5032541574165381, 0.45841040420043067, 0.38486692857513893, 0.34925919838389907, 0.34389724854218806, 0.34228118081713343, 0.34120671601691643, 0.34091705792850946, 0.34043345744207987, 0.3396890331680176, 0.33895556844234187, 0.33859460871014435, 0.3383982551214726, 0.3382278139694067, 0.3381205140254113, 0.338095290750522, 0.3380920965437779, 0.3380916765852623, 0.3380916053019226, 0.33809159814329026, 0.3380915980246364]}, "13": {"maxiter": 500, "gtol": 1e-10, "xrtol": 1e-05, "eps": 1e-10, "duration": 0.05058574676513672, "fun": "0.33809159809462785", "jac": "[-1.11022293e-06  1.11022293e-06  2.22044587e-06  2.22044587e-06\n -1.11022293e-06  1.11022293e-06]", "hess_inv": "[[ 2.92246642  0.28742504  0.13839762 -0.39410304  0.67820779  0.1115091 ]\n [ 0.28742504 16.2573789  13.96863677 -5.44945011 -0.814558   -1.24109084]\n [ 0.13839762 13.96863677 15.38235065 -5.31085683 -0.38748676 -0.41187715]\n [-0.39410304 -5.44945011 -5.31085683  5.11217213 -0.17050687 -0.04651446]\n [ 0.67820779 -0.814558   -0.38748676 -0.17050687  4.17186473  2.11413716]\n [ 0.1115091  -1.24109084 -0.41187715 -0.04651446  2.11