{"date": "2024/09/23/, 14:24:43", "conf_id": 13, "data_type": "random\n", "num_data_points": 1, "s_rank": 0, "unitary": "[[-0.53618537-0.34368723j,-0.12107031-0.46226139j,-0.07699282-0.46603512j,0.36022595-0.11472301j],[0.26026499-0.63450712j,-0.56616638+0.37832564j,-0.14988651+0.08458591j,0.10363514-0.16008501j],[-0.32580188-0.11070003j,-0.36476308-0.23593218j,0.02559343+0.41761608j,-0.25598305+0.6725303j],[0.07406738-0.0126433j,0.28513701+0.19483972j,-0.74939717-0.10299659j,0.29798249+0.46269921j]]", "databatch_0": {"databatch": "[[[0.03386451-0.29063616j,0.03494863+0.20100588j,-0.12103969-0.06421604j,0.05662808+0.1485876j],[-0.02014732+0.2390612j,-0.0330027-0.25721012j,-0.02834007+0.04165106j,0.02908734-0.11375536j],[-0.23095248+0.02254899j,-0.12915466-0.09076911j,-0.06336128+0.17123259j,0.01964623-0.43139411j],[-0.02129171-0.10640433j,-0.03705718+0.04149013j,0.13324082+0.50036246j,0.32341188+0.03745139j]]]", "initial param values": "[0.525935,0.46020366,6.13769913,4.39976132,5.78153067,5.14517515]", "nelder_mead": {"type": "gradient-free", "0": {"maxiter": 100, "fatol": 1e-05, "xatol": 1e-05, "duration": 0.04665184020996094, "fun": "0.6087929311662815", "nit": "100", "nfev": "158", "status": "2", "success": "False", "message": "Maximum number of iterations has been exceeded.", "x": "[0.00938921 0.94914143 5.21307408 5.41752704 8.68166487 3.29678322]", "final_simplex": "(array([[ 9.38920967e-03,  9.49141431e-01,  5.21307408e+00,\n         5.41752704e+00,  8.68166487e+00,  3.29678322e+00],\n       [-4.12462602e-02,  9.72631674e-01,  5.42641064e+00,\n         5.29115573e+00,  8.65503220e+00,  3.35217162e+00],\n       [-1.11264798e-01,  1.04332955e+00,  5.41718967e+00,\n         5.12112920e+00,  8.50773712e+00,  3.30217364e+00],\n       [-1.06981975e-01,  1.00992936e+00,  5.60639854e+00,\n         5.14269505e+00,  8.53877084e+00,  3.64024816e+00],\n       [-5.54857640e-03,  9.62175943e-01,  5.39076087e+00,\n         5.29445251e+00,  8.82800151e+00,  3.18858248e+00],\n       [ 1.39764793e-01,  8.46346200e-01,  5.31350641e+00,\n         5.18965349e+00,  8.61789144e+00,  3.47305478e+00],\n       [ 1.91337754e-01,  7.93482497e-01,  5.30830331e+00,\n         5.39341267e+00,  8.31473225e+00,  3.69733660e+00]]), array([0.60879293, 0.61082417, 0.61211167, 0.61297378, 0.6193514 ,\n       0.61954478, 0.62738485]))", "callback": [0.7496659928117075, 0.7477174776287747, 0.6989890939051828, 0.6875221706428911, 0.6836579579177406, 0.6815917268656817, 0.6786967150821072, 0.6720254978004712, 0.6470369344889033]}, "1": {"maxiter": 100, "fatol": 1e-05, "xatol": 1e-10, "duration": 0.04872417449951172, "fun": "0.6087929311662815", "nit": "100", "nfev": "158", "status": "2", "success": "False", "message": "Maximum number of iterations has been exceeded.", "x": "[0.00938921 0.94914143 5.21307408 5.41752704 8.68166487 3.29678322]", "final_simplex": "(array([[ 9.38920967e-03,  9.49141431e-01,  5.21307408e+00,\n         5.41752704e+00,  8.68166487e+00,  3.29678322e+00],\n       [-4.12462602e-02,  9.72631674e-01,  5.42641064e+00,\n         5.29115573e+00,  8.65503220e+00,  3.35217162e+00],\n       [-1.11264798e-01,  1.04332955e+00,  5.41718967e+00,\n         5.12112920e+00,  8.50773712e+00,  3.30217364e+00],\n       [-1.06981975e-01,  1.00992936e+00,  5.60639854e+00,\n         5.14269505e+00,  8.53877084e+00,  3.64024816e+00],\n       [-5.54857640e-03,  9.62175943e-01,  5.39076087e+00,\n         5.29445251e+00,  8.82800151e+00,  3.18858248e+00],\n       [ 1.39764793e-01,  8.46346200e-01,  5.31350641e+00,\n         5.18965349e+00,  8.61789144e+00,  3.47305478e+00],\n       [ 1.91337754e-01,  7.93482497e-01,  5.30830331e+00,\n         5.39341267e+00,  8.31473225e+00,  3.69733660e+00]]), array([0.60879293, 0.61082417, 0.61211167, 0.61297378, 0.6193514 ,\n       0.61954478, 0.62738485]))", "callback": [0.7496659928117075, 0.7477174776287747, 0.6989890939051828, 0.6875221706428911, 0.6836579579177406, 0.6815917268656817, 0.6786967150821072, 0.6720254978004712, 0.6470369344889033]}, "2": {"maxiter": 100, "fatol": 1e-10, "xatol": 1e-05, "duration": 0.04721999168395996, "fun": "0.6087929311662815", "nit": "100", "nfev": "158", "status": "2", "success": "False", "message": "Maximum number of iterations has been exceeded.", "x": "[0.00938921 0.94914143 5.21307408 5.41752704 8.68166487 3.29678322]", "final_simplex": "(array([[ 9.38920967e-03,  9.49141431e-01,  5.21307408e+00,\n         5.41752704e+00,  8.68166487e+00,  3.29678322e+00],\n       [-4.12462602e-02,  9.72631674e-01,  5.42641064e+00,\n         5.29115573e+00,  8.65503220e+00,  3.35217162e+00],\n       [-1.11264798e-01,  1.04332955e+00,  5.41718967e+00,\n         5.12112920e+00,  8.50773712e+00,  3.30217364e+00],\n       [-1.06981975e-01,  1.00992936e+00,  5.60639854e+00,\n         5.14269505e+00,  8.53877084e+00,  3.64024816e+00],\n       [-5.54857640e-03,  9.62175943e-01,  5.39076087e+00,\n         5.29445251e+00,  8.82800151e+00,  3.18858248e+00],\n       [ 1.39764793e-01,  8.46346200e-01,  5.31350641e+00,\n         5.18965349e+00,  8.61789144e+00,  3.47305478e+00],\n       [ 1.91337754e-01,  7.93482497e-01,  5.30830331e+00,\n         5.39341267e+00,  8.31473225e+00,  3.69733660e+00]]), array([0.60879293, 0.61082417, 0.61211167, 0.61297378, 0.6193514 ,\n       0.61954478, 0.62738485]))", "callback": [0.7496659928117075, 0.7477174776287747, 0.6989890939051828, 0.6875221706428911, 0.6836579579177406, 0.6815917268656817, 0.6786967150821072, 0.6720254978004712, 0.6470369344889033]}, "3": {"maxiter": 100, "fatol": 1e-10, "xatol": 1e-10, "duration": 0.04713129997253418, "fun": "0.6087929311662815", "nit": "100", "nfev": "158", "status": "2", "success": "False", "message": "Maximum number of iterations has been exceeded.", "x": "[0.00938921 0.94914143 5.21307408 5.41752704 8.68166487 3.29678322]", "final_simplex": "(array([[ 9.38920967e-03,  9.49141431e-01,  5.21307408e+00,\n         5.41752704e+00,  8.68166487e+00,  3.29678322e+00],\n       [-4.12462602e-02,  9.72631674e-01,  5.42641064e+00,\n         5.29115573e+00,  8.65503220e+00,  3.35217162e+00],\n       [-1.11264798e-01,  1.04332955e+00,  5.41718967e+00,\n         5.12112920e+00,  8.50773712e+00,  3.30217364e+00],\n       [-1.06981975e-01,  1.00992936e+00,  5.60639854e+00,\n         5.14269505e+00,  8.53877084e+00,  3.64024816e+00],\n       [-5.54857640e-03,  9.62175943e-01,  5.39076087e+00,\n         5.29445251e+00,  8.82800151e+00,  3.18858248e+00],\n       [ 1.39764793e-01,  8.46346200e-01,  5.31350641e+00,\n         5.18965349e+00,  8.61789144e+00,  3.47305478e+00],\n       [ 1.91337754e-01,  7.93482497e-01,  5.30830331e+00,\n         5.39341267e+00,  8.31473225e+00,  3.69733660e+00]]), array([0.60879293, 0.61082417, 0.61211167, 0.61297378, 0.6193514 ,\n       0.61954478, 0.62738485]))", "callback": [0.7496659928117075, 0.7477174776287747, 0.6989890939051828, 0.6875221706428911, 0.6836579579177406, 0.6815917268656817, 0.6786967150821072, 0.6720254978004712, 0.6470369344889033]}, "4": {"maxiter": 500, "fatol": 1e-05, "xatol": 1e-05, "duration": 0.23660778999328613, "fun": "0.26776920414365657", "nit": "500", "nfev": "786", "status": "2", "success": "False", "message": "Maximum number of iterations has been exceeded.", "x": "[-2.02528292 -0.29240048  6.82303808  4.57382104  8.47959891  2.16713667]", "final_simplex": "(array([[-2.02528292, -0.29240048,  6.82303808,  4.57382104,  8.47959891,\n         2.16713667],\n       [-2.02528574, -0.2924047 ,  6.82303869,  4.57383439,  8.47962534,\n         2.16714069],\n       [-2.02526178, -0.29240535,  6.82303781,  4.57380842,  8.47962267,\n         2.16716063],\n       [-2.02527364, -0.29239382,  6.82301556,  4.5738123 ,  8.47963883,\n         2.16716226],\n       [-2.02525908, -0.29239618,  6.8230491 ,  4.57382894,  8.47961903,\n         2.16713533],\n       [-2.02525841, -0.29236593,  6.82303459,  4.57381164,  8.47962351,\n         2.16717041],\n       [-2.02528632, -0.29237654,  6.82305357,  4.5738087 ,  8.47962562,\n         2.16713542]]), array([0.2677692, 0.2677692, 0.2677692, 0.2677692, 0.2677692, 0.2677692,\n       0.2677692]))", "callback": [0.7496659928117075, 0.7477174776287747, 0.6989890939051828, 0.6875221706428911, 0.6836579579177406, 0.6815917268656817, 0.6786967150821072, 0.6720254978004712, 0.6470369344889033, 0.6087929311662815, 0.5953737037524081, 0.5773036111771804, 0.5768400296491105, 0.5750360040545264, 0.5749929236967926, 0.5749235595587778, 0.5747999026181256, 0.5745042246525174, 0.5738628269625569, 0.5729405318290814, 0.5708384895200411, 0.5675047519877272, 0.5436400457732032, 0.5025879925481843, 0.41096593431846085, 0.37821138660810893, 0.35689647275107883, 0.33039130934105865, 0.32243543559305254, 0.2879989130638033, 0.27459827412285376, 0.27076530662522225, 0.2686822641169897, 0.26838451473644076, 0.26818592403043195, 0.2680957941985439, 0.2680369867660297, 0.26795953795916205, 0.26788927003610286, 0.2678202012667411, 0.2677877421375523, 0.2677725233817575, 0.26777064411147233, 0.2677696479341045, 0.2677693035367815, 0.2677692254609737, 0.26776920743012655, 0.26776920541102045, 0.2677692043848702]}, "5": {"maxiter": 500, "fatol": 1e-05, "xatol": 1e-10, "duration": 0.2344188690185547, "fun": "0.26776920414365657", "nit": "500", "nfev": "786", "status": "2", "success": "False", "message": "Maximum number of iterations has been exceeded.", "x": "[-2.02528292 -0.29240048  6.82303808  4.57382104  8.47959891  2.16713667]", "final_simplex": "(array([[-2.02528292, -0.29240048,  6.82303808,  4.57382104,  8.47959891,\n         2.16713667],\n       [-2.02528574, -0.2924047 ,  6.82303869,  4.57383439,  8.47962534,\n         2.16714069],\n       [-2.02526178, -0.29240535,  6.82303781,  4.57380842,  8.47962267,\n         2.16716063],\n       [-2.02527364, -0.29239382,  6.82301556,  4.5738123 ,  8.47963883,\n         2.16716226],\n       [-2.02525908, -0.29239618,  6.8230491 ,  4.57382894,  8.47961903,\n         2.16713533],\n       [-2.02525841, -0.29236593,  6.82303459,  4.57381164,  8.47962351,\n         2.16717041],\n       [-2.02528632, -0.29237654,  6.82305357,  4.5738087 ,  8.47962562,\n         2.16713542]]), array([0.2677692, 0.2677692, 0.2677692, 0.2677692, 0.2677692, 0.2677692,\n       0.2677692]))", "callback": [0.7496659928117075, 0.7477174776287747, 0.6989890939051828, 0.6875221706428911, 0.6836579579177406, 0.6815917268656817, 0.6786967150821072, 0.6720254978004712, 0.6470369344889033, 0.6087929311662815, 0.5953737037524081, 0.5773036111771804, 0.5768400296491105, 0.5750360040545264, 0.5749929236967926, 0.5749235595587778, 0.5747999026181256, 0.5745042246525174, 0.5738628269625569, 0.5729405318290814, 0.5708384895200411, 0.5675047519877272, 0.5436400457732032, 0.5025879925481843, 0.41096593431846085, 0.37821138660810893, 0.35689647275107883, 0.33039130934105865, 0.32243543559305254, 0.2879989130638033, 0.27459827412285376, 0.27076530662522225, 0.2686822641169897, 0.26838451473644076, 0.26818592403043195, 0.2680957941985439, 0.2680369867660297, 0.26795953795916205, 0.26788927003610286, 0.2678202012667411, 0.2677877421375523, 0.2677725233817575, 0.26777064411147233, 0.2677696479341045, 0.2677693035367815, 0.2677692254609737, 0.26776920743012655, 0.26776920541102045, 0.2677692043848702]}, "6": {"maxiter": 500, "fatol": 1e-10, "xatol": 1e-05, "duration": 0.2431168556213379, "fun": "0.26776920414365657", "nit": "500", "nfev": "786", "status": "2", "success": "False", "message": "Maximum number of iterations has been exceeded.", "x": "[-2.02528292 -0.29240048  6.82303808  4.57382104  8.47959891  2.16713667]", "final_simplex": "(array([[-2.02528292, -0.29240048,  6.82303808,  4.57382104,  8.47959891,\n         2.16713667],\n       [-2.02528574, -0.2924047 ,  6.82303869,  4.57383439,  8.47962534,\n         2.16714069],\n       [-2.02526178, -0.29240535,  6.82303781,  4.57380842,  8.47962267,\n         2.16716063],\n       [-2.02527364, -0.29239382,  6.82301556,  4.5738123 ,  8.47963883,\n         2.16716226],\n       [-2.02525908, -0.29239618,  6.8230491 ,  4.57382894,  8.47961903,\n         2.16713533],\n       [-2.02525841, -0.29236593,  6.82303459,  4.57381164,  8.47962351,\n         2.16717041],\n       [-2.02528632, -0.29237654,  6.82305357,  4.5738087 ,  8.47962562,\n         2.16713542]]), array([0.2677692, 0.2677692, 0.2677692, 0.2677692, 0.2677692, 0.2677692,\n       0.2677692]))", "callback": [0.7496659928117075, 0.7477174776287747, 0.6989890939051828, 0.6875221706428911, 0.6836579579177406, 0.6815917268656817, 0.6786967150821072, 0.6720254978004712, 0.6470369344889033, 0.6087929311662815, 0.5953737037524081, 0.5773036111771804, 0.5768400296491105, 0.5750360040545264, 0.5749929236967926, 0.5749235595587778, 0.5747999026181256, 0.5745042246525174, 0.5738628269625569, 0.5729405318290814, 0.5708384895200411, 0.5675047519877272, 0.5436400457732032, 0.5025879925481843, 0.41096593431846085, 0.37821138660810893, 0.35689647275107883, 0.33039130934105865, 0.32243543559305254, 0.2879989130638033, 0.27459827412285376, 0.27076530662522225, 0.2686822641169897, 0.26838451473644076, 0.26818592403043195, 0.2680957941985439, 0.2680369867660297, 0.26795953795916205, 0.26788927003610286, 0.2678202012667411, 0.2677877421375523, 0.2677725233817575, 0.26777064411147233, 0.2677696479341045, 0.2677693035367815, 0.2677692254609737, 0.26776920743012655, 0.26776920541102045, 0.2677692043848702]}, "7": {"maxiter": 500, "fatol": 1e-10, "xatol": 1e-10, "duration": 0.2492198944091797, "fun": "0.26776920414365657", "nit": "500", "nfev": "786", "status": "2", "success": "False", "message": "Maximum number of iterations has been exceeded.", "x": "[-2.02528292 -0.29240048  6.82303808  4.57382104  8.47959891  2.16713667]", "final_simplex": "(array([[-2.02528292, -0.29240048,  6.82303808,  4.57382104,  8.47959891,\n         2.16713667],\n       [-2.02528574, -0.2924047 ,  6.82303869,  4.57383439,  8.47962534,\n         2.16714069],\n       [-2.02526178, -0.29240535,  6.82303781,  4.57380842,  8.47962267,\n         2.16716063],\n       [-2.02527364, -0.29239382,  6.82301556,  4.5738123 ,  8.47963883,\n         2.16716226],\n       [-2.02525908, -0.29239618,  6.8230491 ,  4.57382894,  8.47961903,\n         2.16713533],\n       [-2.02525841, -0.29236593,  6.82303459,  4.57381164,  8.47962351,\n         2.16717041],\n       [-2.02528632, -0.29237654,  6.82305357,  4.5738087 ,  8.47962562,\n         2.16713542]]), array([0.2677692, 0.2677692, 0.2677692, 0.2677692, 0.2677692, 0.2677692,\n       0.2677692]))", "callback": [0.7496659928117075, 0.7477174776287747, 0.6989890939051828, 0.6875221706428911, 0.6836579579177406, 0.6815917268656817, 0.6786967150821072, 0.6720254978004712, 0.6470369344889033, 0.6087929311662815, 0.5953737037524081, 0.5773036111771804, 0.5768400296491105, 0.5750360040545264, 0.5749929236967926, 0.5749235595587778, 0.5747999026181256, 0.5745042246525174, 0.5738628269625569, 0.5729405318290814, 0.5708384895200411, 0.5675047519877272, 0.5436400457732032, 0.5025879925481843, 0.41096593431846085, 0.37821138660810893, 0.35689647275107883, 0.33039130934105865, 0.32243543559305254, 0.2879989130638033, 0.27459827412285376, 0.27076530662522225, 0.2686822641169897, 0.26838451473644076, 0.26818592403043195, 0.2680957941985439, 0.2680369867660297, 0.26795953795916205, 0.26788927003610286, 0.2678202012667411, 0.2677877421375523, 0.2677725233817575, 0.26777064411147233, 0.2677696479341045, 0.2677693035367815, 0.2677692254609737, 0.26776920743012655, 0.26776920541102045, 0.2677692043848702]}, "8": {"maxiter": 1000, "fatol": 1e-05, "xatol": 1e-05, "duration": 0.25046515464782715, "fun": "0.2677692040082128", "nit": "532", "nfev": "838", "status": "0", "success": "True", "message": "Optimization terminated successfully.", "x": "[-2.02526408 -0.29239607  6.82305692  4.57383206  8.47960042  2.16715581]", "final_simplex": "(array([[-2.02526408, -0.29239607,  6.82305692,  4.57383206,  8.47960042,\n         2.16715581],\n       [-2.02526658, -0.29239434,  6.82305588,  4.57383109,  8.47960555,\n         2.1671586 ],\n       [-2.02526279, -0.29239203,  6.82305557,  4.57383822,  8.47959965,\n         2.16716045],\n       [-2.02526171, -0.29239775,  6.82306258,  4.57383155,  8.47959343,\n         2.16715896],\n       [-2.02526704, -0.2923867 ,  6.82305682,  4.57382803,  8.47960139,\n         2.16715552],\n       [-2.02526946, -0.29239708,  6.82305   ,  4.5738316 ,  8.47959714,\n         2.16715756],\n       [-2.02526185, -0.29239536,  6.82304949,  4.57382939,  8.47960523,\n         2.16716092]]), array([0.2677692, 0.2677692, 0.2677692, 0.2677692, 0.2677692, 0.2677692,\n       0.2677692]))", "callback": [0.7496659928117075, 0.7477174776287747, 0.6989890939051828, 0.6875221706428911, 0.6836579579177406, 0.6815917268656817, 0.6786967150821072, 0.6720254978004712, 0.6470369344889033, 0.6087929311662815, 0.5953737037524081, 0.5773036111771804, 0.5768400296491105, 0.5750360040545264, 0.5749929236967926, 0.5749235595587778, 0.5747999026181256, 0.5745042246525174, 0.5738628269625569, 0.5729405318290814, 0.5708384895200411, 0.5675047519877272, 0.5436400457732032, 0.5025879925481843, 0.41096593431846085, 0.37821138660810893, 0.35689647275107883, 0.33039130934105865, 0.32243543559305254, 0.2879989130638033, 0.27459827412285376, 0.27076530662522225, 0.2686822641169897, 0.26838451473644076, 0.26818592403043195, 0.2680957941985439, 0.2680369867660297, 0.26795953795916205, 0.26788927003610286, 0.2678202012667411, 0.2677877421375523, 0.2677725233817575, 0.26777064411147233, 0.2677696479341045, 0.2677693035367815, 0.2677692254609737, 0.26776920743012655, 0.26776920541102045, 0.2677692043848702, 0.26776920414365657, 0.267769204051473, 0.26776920402165627, 0.26776920401012505]}, "9": {"maxiter": 1000, "fatol": 1e-05, "xatol": 1e-10, "duration": 0.304750919342041, "fun": "0.2677692039994525", "nit": "640", "nfev": "1071", "status": "0", "success": "True", "message": "Optimization terminated successfully.", "x": "[-2.02526862 -0.29239389  6.8230635   4.5738351   8.47959452  2.16715584]", "final_simplex": "(array([[-2.02526862, -0.29239389,  6.8230635 ,  4.5738351 ,  8.47959452,\n         2.16715584],\n       [-2.02526862, -0.29239389,  6.8230635 ,  4.5738351 ,  8.47959452,\n         2.16715584],\n       [-2.02526862, -0.29239389,  6.8230635 ,  4.5738351 ,  8.47959452,\n         2.16715584],\n       [-2.02526862, -0.29239389,  6.8230635 ,  4.5738351 ,  8.47959452,\n         2.16715583],\n       [-2.02526862, -0.29239389,  6.8230635 ,  4.5738351 ,  8.47959452,\n         2.16715583],\n       [-2.02526862, -0.29239389,  6.8230635 ,  4.5738351 ,  8.47959452,\n         2.16715583],\n       [-2.02526862, -0.29239389,  6.8230635 ,  4.5738351 ,  8.47959452,\n         2.16715583]]), array([0.2677692, 0.2677692, 0.2677692, 0.2677692, 0.2677692, 0.2677692,\n       0.2677692]))", "callback": [0.7496659928117075, 0.7477174776287747, 0.6989890939051828, 0.6875221706428911, 0.6836579579177406, 0.6815917268656817, 0.6786967150821072, 0.6720254978004712, 0.6470369344889033, 0.6087929311662815, 0.5953737037524081, 0.5773036111771804, 0.5768400296491105, 0.5750360040545264, 0.5749929236967926, 0.5749235595587778, 0.5747999026181256, 0.5745042246525174, 0.5738628269625569, 0.5729405318290814, 0.5708384895200411, 0.5675047519877272, 0.5436400457732032, 0.5025879925481843, 0.41096593431846085, 0.37821138660810893, 0.35689647275107883, 0.33039130934105865, 0.32243543559305254, 0.2879989130638033, 0.27459827412285376, 0.27076530662522225, 0.2686822641169897, 0.26838451473644076, 0.26818592403043195, 0.2680957941985439, 0.2680369867660297, 0.26795953795916205, 0.26788927003610286, 0.2678202012667411, 0.2677877421375523, 0.2677725233817575, 0.26777064411147233, 0.2677696479341045, 0.2677693035367815, 0.2677692254609737, 0.26776920743012655, 0.26776920541102045, 0.2677692043848702, 0.26776920414365657, 0.267769204051473, 0.26776920402165627, 0.26776920401012505, 0.2677692040001155, 0.26776920399984183, 0.2677692039995343, 0.2677692039994862, 0.2677692039994647, 0.2677692039994547, 0.2677692039994535, 0.2677692039994525, 0.2677692039994525, 0.2677692039994525, 0.2677692039994525]}, "10": {"maxiter": 1000, "fatol": 1e-10, "xatol": 1e-05, "duration": 0.24566125869750977, "fun": "0.2677692040082128", "nit": "532", "nfev": "838", "status": "0", "success": "True", "message": "Optimization terminated successfully.", "x": "[-2.02526408 -0.29239607  6.82305692  4.57383206  8.47960042  2.16715581]", "final_simplex": "(array([[-2.02526408, -0.29239607,  6.82305692,  4.57383206,  8.47960042,\n         2.16715581],\n       [-2.02526658, -0.29239434,  6.82305588,  4.57383109,  8.47960555,\n         2.1671586 ],\n       [-2.02526279, -0.29239203,  6.82305557,  4.57383822,  8.47959965,\n         2.16716045],\n       [-2.02526171, -0.29239775,  6.82306258,  4.57383155,  8.47959343,\n         2.16715896],\n       [-2.02526704, -0.2923867 ,  6.82305682,  4.57382803,  8.47960139,\n         2.16715552],\n       [-2.02526946, -0.29239708,  6.82305   ,  4.5738316 ,  8.47959714,\n         2.16715756],\n       [-2.02526185, -0.29239536,  6.82304949,  4.57382939,  8.47960523,\n         2.16716092]]), array([0.2677692, 0.2677692, 0.2677692, 0.2677692, 0.2677692, 0.2677692,\n       0.2677692]))", "callback": [0.7496659928117075, 0.7477174776287747, 0.6989890939051828, 0.6875221706428911, 0.6836579579177406, 0.6815917268656817, 0.6786967150821072, 0.6720254978004712, 0.6470369344889033, 0.6087929311662815, 0.5953737037524081, 0.5773036111771804, 0.5768400296491105, 0.5750360040545264, 0.5749929236967926, 0.5749235595587778, 0.5747999026181256, 0.5745042246525174, 0.5738628269625569, 0.5729405318290814, 0.5708384895200411, 0.5675047519877272, 0.5436400457732032, 0.5025879925481843, 0.41096593431846085, 0.37821138660810893, 0.35689647275107883, 0.33039130934105865, 0.32243543559305254, 0.2879989130638033, 0.27459827412285376, 0.27076530662522225, 0.2686822641169897, 0.26838451473644076, 0.26818592403043195, 0.2680957941985439, 0.2680369867660297, 0.26795953795916205, 0.26788927003610286, 0.2678202012667411, 0.2677877421375523, 0.2677725233817575, 0.26777064411147233, 0.2677696479341045, 0.2677693035367815, 0.2677692254609737, 0.26776920743012655, 0.26776920541102045, 0.2677692043848702, 0.26776920414365657, 0.267769204051473, 0.26776920402165627, 0.26776920401012505]}, "11": {"maxiter": 1000, "fatol": 1e-10, "xatol": 1e-10, "duration": 0.3090970516204834, "fun": "0.2677692039994525", "nit": "640", "nfev": "1071", "status": "0", "success": "True", "message": "Optimization terminated successfully.", "x": "[-2.02526862 -0.29239389  6.8230635   4.5738351   8.47959452  2.16715584]", "final_simplex": "(array([[-2.02526862, -0.29239389,  6.8230635 ,  4.5738351 ,  8.47959452,\n         2.16715584],\n       [-2.02526862, -0.29239389,  6.8230635 ,  4.5738351 ,  8.47959452,\n         2.16715584],\n       [-2.02526862, -0.29239389,  6.8230635 ,  4.5738351 ,  8.47959452,\n         2.16715584],\n       [-2.02526862, -0.29239389,  6.8230635 ,  4.5738351 ,  8.47959452,\n         2.16715583],\n       [-2.02526862, -0.29239389,  6.8230635 ,  4.5738351 ,  8.47959452,\n         2.16715583],\n       [-2.02526862, -0.29239389,  6.8230635 ,  4.5738351 ,  8.47959452,\n         2.16715583],\n       [-2.02526862, -0.29239389,  6.8230635 ,  4.5738351 ,  8.47959452,\n         2.16715583]]), array([0.2677692, 0.2677692, 0.2677692, 0.2677692, 0.2677692, 0.2677692,\n       0.2677692]))", "callback": [0.7496659928117075, 0.7477174776287747, 0.6989890939051828, 0.6875221706428911, 0.6836579579177406, 0.6815917268656817, 0.6786967150821072, 0.6720254978004712, 0.6470369344889033, 0.6087929311662815, 0.5953737037524081, 0.5773036111771804, 0.5768400296491105, 0.5750360040545264, 0.5749929236967926, 0.5749235595587778, 0.5747999026181256, 0.5745042246525174, 0.5738628269625569, 0.5729405318290814, 0.5708384895200411, 0.5675047519877272, 0.5436400457732032, 0.5025879925481843, 0.41096593431846085, 0.37821138660810893, 0.35689647275107883, 0.33039130934105865, 0.32243543559305254, 0.2879989130638033, 0.27459827412285376, 0.27076530662522225, 0.2686822641169897, 0.26838451473644076, 0.26818592403043195, 0.2680957941985439, 0.2680369867660297, 0.26795953795916205, 0.26788927003610286, 0.2678202012667411, 0.2677877421375523, 0.2677725233817575, 0.26777064411147233, 0.2677696479341045, 0.2677693035367815, 0.2677692254609737, 0.26776920743012655, 0.26776920541102045, 0.2677692043848702, 0.26776920414365657, 0.267769204051473, 0.26776920402165627, 0.26776920401012505, 0.2677692040001155, 0.26776920399984183, 0.2677692039995343, 0.2677692039994862, 0.2677692039994647, 0.2677692039994547, 0.2677692039994535, 0.2677692039994525, 0.2677692039994525, 0.2677692039994525, 0.2677692039994525]}}, "bfgs": {"type": "gradient", "0": {"maxiter": 100, "gtol": 1e-05, "xrtol": 1e-05, "eps": 1e-05, "duration": 0.08624386787414551, "fun": "0.2677692041997124", "jac": "[ 4.36661818e-07 -2.24322783e-06 -4.23018287e-06  5.62312419e-06\n -2.07081019e-06  4.70813388e-06]", "hess_inv": "[[ 4.24914771 -0.68807976 -1.15947676 -0.79372252  1.3153667   2.45688218]\n [-0.68807976  3.77868253  2.33044603  1.07639172 -1.00843503 -0.66510112]\n [-1.15947676  2.33044603  8.41884174 -0.53118247 -5.59262653 -2.14197418]\n [-0.79372252  1.07639172 -0.53118247  3.22643982  0.61660465 -0.19659091]\n [ 1.3153667  -1.00843503 -5.59262653  0.61660465  6.4294552   1.90246748]\n [ 2.45688218 -0.66510112 -2.14197418 -0.19659091  1.90246748  4.27873305]]", "nfev": "280", "njev": "40", "status": "0", "success": "True", "message": "Optimization terminated successfully.", "x": "[-2.0252647  -0.29241821  6.82301474  7.99254656  5.33802184  5.30876737]", "nit": "31", "callback": [0.6556309485601723, 0.27729526870276067, 0.2677692325656099]}, "1": {"maxiter": 100, "gtol": 1e-05, "xrtol": 1e-05, "eps": 1e-10, "duration": 0.08876681327819824, "fun": "0.26776920435713136", "jac": "[-1.11022293e-06 -4.44089173e-06 -6.66133760e-06  4.44089173e-06\n -3.33066880e-06  3.33066880e-06]", "hess_inv": "[[ 4.24730987 -0.68451783 -1.15871715 -0.7914323   1.31539173  2.45568933]\n [-0.68451783  3.77175422  2.33915327  1.08360346 -1.00977383 -0.66678281]\n [-1.15871715  2.33915327  8.44817727 -0.52181094 -5.59752538 -2.14621503]\n [-0.7914323   1.08360346 -0.52181094  3.22578908  0.61326947 -0.19722599]\n [ 1.31539173 -1.00977383 -5.59752538  0.61326947  6.42977166  1.9030693 ]\n [ 2.45568933 -0.66678281 -2.14621503 -0.19722599  1.9030693   4.28182413]]", "nfev": "280", "njev": "40", "status": "0", "success": "True", "message": "Optimization terminated successfully.", "x": "[-2.02525276 -0.29242073  6.82299357  7.99255247  5.33804091  5.30878294]", "nit": "31", "callback": [0.6556033803027919, 0.27709521720556485, 0.26776923342191405]}, "2": {"maxiter": 100, "gtol": 1e-05, "xrtol": 1e-10, "eps": 1e-05, "duration": 0.08527112007141113, "fun": "0.2677692041997124", "jac": "[ 4.36661818e-07 -2.24322783e-06 -4.23018287e-06  5.62312419e-06\n -2.07081019e-06  4.70813388e-06]", "hess_inv": "[[ 4.24914771 -0.68807976 -1.15947676 -0.79372252  1.3153667   2.45688218]\n [-0.68807976  3.77868253  2.33044603  1.07639172 -1.00843503 -0.66510112]\n [-1.15947676  2.33044603  8.41884174 -0.53118247 -5.59262653 -2.14197418]\n [-0.79372252  1.07639172 -0.53118247  3.22643982  0.61660465 -0.19659091]\n [ 1.3153667  -1.00843503 -5.59262653  0.61660465  6.4294552   1.90246748]\n [ 2.45688218 -0.66510112 -2.14197418 -0.19659091  1.90246748  4.27873305]]", "nfev": "280", "njev": "40", "status": "0", "success": "True", "message": "Optimization terminated successfully.", "x": "[-2.0252647  -0.29241821  6.82301474  7.99254656  5.33802184  5.30876737]", "nit": "31", "callback": [0.6556309485601723, 0.27729526870276067, 0.2677692325656099]}, "3": {"maxiter": 100, "gtol": 1e-05, "xrtol": 1e-10, "eps": 1e-10, "duration": 0.0854341983795166, "fun": "0.26776920435713136", "jac": "[-1.11022293e-06 -4.44089173e-06 -6.66133760e-06  4.44089173e-06\n -3.33066880e-06  3.33066880e-06]", "hess_inv": "[[ 4.24730987 -0.68451783 -1.15871715 -0.7914323   1.31539173  2.45568933]\n [-0.68451783  3.77175422  2.33915327  1.08360346 -1.00977383 -0.66678281]\n [-1.15871715  2.33915327  8.44817727 -0.52181094 -5.59752538 -2.14621503]\n [-0.7914323   1.08360346 -0.52181094  3.22578908  0.61326947 -0.19722599]\n [ 1.31539173 -1.00977383 -5.59752538  0.61326947  6.42977166  1.9030693 ]\n [ 2.45568933 -0.66678281 -2.14621503 -0.19722599  1.9030693   4.28182413]]", "nfev": "280", "njev": "40", "status": "0", "success": "True", "message": "Optimization terminated successfully.", "x": "[-2.02525276 -0.29242073  6.82299357  7.99255247  5.33804091  5.30878294]", "nit": "31", "callback": [0.6556033803027919, 0.27709521720556485, 0.26776923342191405]}, "4": {"maxiter": 100, "gtol": 1e-10, "xrtol": 1e-05, "eps": 1e-05, "duration": 0.08754682540893555, "fun": "0.2677692040417743", "jac": "[ 1.15352172e-08  1.93667304e-07 -5.01920727e-07 -6.10400619e-08\n -3.18178817e-07  1.47648560e-07]", "hess_inv": "[[ 4.28883884 -0.73457885 -1.26959115 -0.7240556   1.39845979  2.53727134]\n [-0.73457885  3.83195576  2.46689453  1.0014323  -1.10485616 -0.76028728]\n [-1.26959115  2.46689453  8.67817587 -0.76571687 -5.8288793  -2.35874671]\n [-0.7240556   1.0014323  -0.76571687  3.31183868  0.75733046 -0.04990293]\n [ 1.39845979 -1.10485616 -5.8288793   0.75733046  6.60269885  2.07153738]\n [ 2.53727134 -0.76028728 -2.35874671 -0.04990293  2.07153738  4.44070447]]", "nfev": "287", "njev": "41", "status": "0", "success": "True", "message": "Optimization terminated successfully.", "x": "[-2.02527857 -0.2924032   6.82306088  7.99252906  5.33799376  5.30873824]", "nit": "32", "callback": [0.6556309485601723, 0.27729526870276067, 0.2677692325656099]}, "5": {"maxiter": 100, "gtol": 1e-10, "xrtol": 1e-05, "eps": 1e-10, "duration": 0.08924198150634766, "fun": "0.2677692040162688", "jac": "[ 2.22044587e-06  2.22044587e-06 -1.11022293e-06 -2.22044587e-06\n -2.22044587e-06  1.11022293e-06]", "hess_inv": "[[ 4.26452087 -0.74408519 -1.28552696 -0.75844565  1.38321467  2.50859014]\n [-0.74408519  3.88740143  2.54487059  0.94617107 -1.17088111 -0.79798793]\n [-1.28552696  2.54487059  8.78184525 -0.82478763 -5.90757221 -2.40232817]\n [-0.75844565  0.94617107 -0.82478763  3.28303141  0.76218388 -0.08250009]\n [ 1.38321467 -1.17088111 -5.90757221  0.76218388  6.63714826  2.0693294 ]\n [ 2.50859014 -0.79798793 -2.40232817 -0.08250009  2.0693294   4.41468226]]", "nfev": "287", "njev": "41", "status": "0", "success": "True", "message": "Optimization terminated successfully.", "x": "[-2.02526027 -0.29239279  6.82305393  7.99253857  5.33800972  5.30875873]", "nit": "32", "callback": [0.6556033803027919, 0.27709521720556485, 0.26776923342191405]}, "6": {"maxiter": 100, "gtol": 1e-10, "xrtol": 1e-10, "eps": 1e-05, "duration": 0.14473509788513184, "fun": "0.267769204041447", "jac": "[ 9.99200722e-11 -7.77156117e-11  7.77156117e-11  2.22044605e-10\n  1.11022302e-11 -9.99200722e-11]", "hess_inv": "[[ 4.30334053 -0.7385038  -1.33861446 -0.71472415  1.41775941  2.5569303 ]\n [-0.7385038   3.92067908  2.52206528  1.16530938 -1.20950747 -0.92567569]\n [-1.33861446  2.52206528  8.96132403 -0.82837697 -5.94947218 -2.48704501]\n [-0.71472415  1.16530938 -0.82837697  3.47770507  0.60723104 -0.27533986]\n [ 1.41775941 -1.20950747 -5.94947218  0.60723104  6.73625574  2.26756114]\n [ 2.5569303  -0.92567569 -2.48704501 -0.27533986  2.26756114  4.72925585]]", "nfev": "466", "njev": "65", "status": "2", "success": "False", "message": "Desired error not necessarily achieved due to precision loss.", "x": "[-2.02527912 -0.29240286  6.82306339  7.99252891  5.33799282  5.30873712]", "nit": "35", "callback": [0.6556309485601723, 0.27729526870276067, 0.2677692325656099]}, "7": {"maxiter": 100, "gtol": 1e-10, "xrtol": 1e-10, "eps": 1e-10, "duration": 0.30234289169311523, "fun": "0.2677692040007216", "jac": "[ 1.11022293e-06 -1.11022293e-06  0.00000000e+00  0.00000000e+00\n  0.00000000e+00  1.11022293e-06]", "hess_inv": "[[ 0.2154468   0.16191933 -0.31593254  0.24494843  0.33269233 -0.00853288]\n [ 0.16191933  0.12845287 -0.24359118  0.18606189  0.24438584 -0.00626208]\n [-0.31593254 -0.24359118  0.47651759 -0.36977232 -0.51047491  0.01196956]\n [ 0.24494843  0.18606189 -0.36977232  0.30033797  0.43788757 -0.01195921]\n [ 0.33269233  0.24438584 -0.51047491  0.43788757  0.74515294 -0.02100331]\n [-0.00853288 -0.00626208  0.01196956 -0.01195921 -0.02100331  0.00231045]]", "nfev": "957", "njev": "135", "status": "2", "success": "False", "message": "Desired error not necessarily achieved due to precision loss.", "x": "[-2.02526833 -0.29239614  6.82306119  7.99253523  5.33800142  5.30874959]", "nit": "52", "callback": [0.6556033803027919, 0.27709521720556485, 0.26776923342191405, 0.26776920400355153, 0.2677692040020353]}, "8": {"maxiter": 500, "gtol": 1e-05, "xrtol": 1e-05, "eps": 1e-05, "duration": 0.08471179008483887, "fun": "0.2677692041997124", "jac": "[ 4.36661818e-07 -2.24322783e-06 -4.23018287e-06  5.62312419e-06\n -2.07081019e-06  4.70813388e-06]", "hess_inv": "[[ 4.24914771 -0.68807976 -1.15947676 -0.79372252  1.3153667   2.45688218]\n [-0.68807976  3.77868253  2.33044603  1.07639172 -1.00843503 -0.66510112]\n [-1.15947676  2.33044603  8.41884174 -0.53118247 -5.59262653 -2.14197418]\n [-0.79372252  1.07639172 -0.53118247  3.22643982  0.61660465 -0.19659091]\n [ 1.3153667  -1.00843503 -5.59262653  0.61660465  6.4294552   1.90246748]\n [ 2.45688218 -0.66510112 -2.14197418 -0.19659091  1.90246748  4.27873305]]", "nfev": "280", "njev": "40", "status": "0", "success": "True", "message": "Optimization terminated successfully.", "x": "[-2.0252647  -0.29241821  6.82301474  7.99254656  5.33802184  5.30876737]", "nit": "31", "callback": [0.6556309485601723, 0.27729526870276067, 0.2677692325656099]}, "9": {"maxiter": 500, "gtol": 1e-05, "xrtol": 1e-05, "eps": 1e-10, "duration": 0.08375716209411621, "fun": "0.26776920435713136", "jac": "[-1.11022293e-06 -4.44089173e-06 -6.66133760e-06  4.44089173e-06\n -3.33066880e-06  3.33066880e-06]", "hess_inv": "[[ 4.24730987 -0.68451783 -1.15871715 -0.7914323   1.31539173  2.45568933]\n [-0.68451783  3.77175422  2.33915327  1.08360346 -1.00977383 -0.66678281]\n [-1.15871715  2.33915327  8.44817727 -0.52181094 -5.59752538 -2.14621503]\n [-0.7914323   1.08360346 -0.52181094  3.22578908  0.61326947 -0.19722599]\n [ 1.31539173 -1.00977383 -5.59752538  0.61326947  6.42977166  1.9030693 ]\n [ 2.45568933 -0.66678281 -2.14621503 -0.19722599  1.9030693   4.28182413]]", "nfev": "280", "njev": "40", "status": "0", "success": "True", "message": "Optimization terminated successfully.", "x": "[-2.02525276 -0.29242073  6.82299357  7.99255247  5.33804091  5.30878294]", "nit": "31", "callback": [0.6556033803027919, 0.27709521720556485, 0.26776923342191405]}, "10": {"maxiter": 500, "gtol": 1e-05, "xrtol": 1e-10, "eps": 1e-05, "duration": 0.08329582214355469, "fun": "0.2677692041997124", "jac": "[ 4.36661818e-07 -2.24322783e-06 -4.23018287e-06  5.62312419e-06\n -2.07081019e-06  4.70813388e-06]", "hess_inv": "[[ 4.24914771 -0.68807976 -1.15947676 -0.79372252  1.3153667   2.45688218]\n [-0.68807976  3.77868253  2.33044603  1.07639172 -1.00843503 -0.66510112]\n [-1.15947676  2.33044603  8.41884174 -0.53118247 -5.59262653 -2.14197418]\n [-0.79372252  1.07639172 -0.53118247  3.22643982  0.61660465 -0.19659091]\n [ 1.3153667  -1.00843503 -5.59262653  0.61660465  6.4294552   1.90246748]\n [ 2.45688218 -0.66510112 -2.14197418 -0.19659091  1.90246748  4.27873305]]", "nfev": "280", "njev": "40", "status": "0", "success": "True", "message": "Optimization terminated successfully.", "x": "[-2.0252647  -0.29241821  6.82301474  7.99254656  5.33802184  5.30876737]", "nit": "31", "callback": [0.6556309485601723, 0.27729526870276067, 0.2677692325656099]}, "11": {"maxiter": 500, "gtol": 1e-05, "xrtol": 1e-10, "eps": 1e-10, "duration": 0.0822598934173584, "fun": "0.26776920435713136", "jac": "[-1.11022293e-06 -4.44089173e-06 -6.66133760e-06  4.44089173e-06\n -3.33066880e-06  3.33066880e-06]", "hess_inv": "[[ 4.24730987 -0.68451783 -1.15871715 -0.7914323   1.31539173  2.45568933]\n [-0.68451783  3.77175422  2.33915327  1.08360346 -1.00977383 -0.66678281]\n [-1.15871715  2.33915327  8.44817727 -0.52181094 -5.59752538 -2.14621503]\n [-0.7914323   1.08360346 -0.52181094  3.22578908  0.61326947 -0.19722599]\n [ 1.31539173 -1.00977383 -5.59752538  0.61326947  6.42977166  1.9030693 ]\n [ 2.45568933 -0.66678281 -2.14621503 -0.19722599  1.9030693   4.28182413]]", "nfev": "280", "njev": "40", "status": "0", "success": "True", "message": "Optimization terminated successfully.", "x": "[-2.02525276 -0.29242073  6.82299357  7.99255247  5.33804091  5.30878294]", "nit": "31", "callback": [0.6556033803027919, 0.27709521720556485, 0.26776923342191405]}, "12": {"maxiter": 500, "gtol": 1e-10, "xrtol": 1e-05, "eps": 1e-05, "duration": 0.08436298370361328, "fun": "0.2677692040417743", "jac": "[ 1.15352172e-08  1.93667304e-07 -5.01920727e-07 -6.10400619e-08\n -3.18178817e-07  1.47648560e-07]", "hess_inv": "[[ 4.28883884 -0.73457885 -1.26959115 -0.7240556   1.39845979  2.53727134]\n [-0.73457885  3.83195576  2.46689453  1.0014323  -1.10485616 -0.76028728]\n [-1.26959115  2.46689453  8.67817587 -0.76571687 -5.8288793  -2.35874671]\n [-0.7240556   1.0014323  -0.76571687  3.31183868  0.75733046 -0.04990293]\n [ 1.39845979 -1.10485616 -5.8288793   0.75733046  6.60269885  2.07153738]\n [ 2.53727134 -0.76028728 -2.35874671 -0.04990293  2.07153738  4.44070447]]", "nfev": "287", "njev": "41", "status": "0", "success": "True", "message": "Optimization terminated successfully.", "x": "[-2.02527857 -0.2924032   6.82306088  7.99252906  5.33799376  5.30873824]", "nit": "32", "callback": [0.6556309485601723, 0.27729526870276067, 0.2677692325656099]}, "13": {"maxiter": 500, "gtol": 1e-10, "xrtol": 1e-05, "eps": 1e-10, "duration": 0.0838918685913086, "fun": "0.2677692040162688", "jac": "[ 2.22044587e-06  2.22044587e-06 -1.11022293e-06 -2.22044587e-06\n -2.22044587e-06  1.11022293e-06]", "hess_inv": "[[ 4.26452087 -0.74408519 -1.28552696 -0.75844565  1.38321467  2.50859014]\n [-0.74408519  3.88740143  2.54487059  0.94617107 -1.17088111 -0.79798793]\n [-1.28552696  2.54487059  8.78184525 -0.82478763 -5.90757221 -2.40232817]\n [-0.75844565  0.94617107 -0.82478763  3.28303141  0.76218388 -0.08250009]\n [ 1.38321467 -1.17088111 -5.90757221  0.76218388  6.63714826  2.0693294 ]\n [ 2.50859014 -0.79798793 -2.40232817 -0.08250009  2.0693294   4.41468226]]", "nfev": "287", "njev": "41", "status": "0", "success": "True", "message": "Optimization terminated successfully.", "x": "[-2.02526027 -0.29239279  6.82305393  7.99253857  5.33800972  5.30875873]", "nit": "32", "callback": [0.6556033803027919, 0.27709521720556485, 0.26776923342191405]}, "14": {"maxiter": 500, "gtol": 1e-10, "xrtol": 1e-10, "eps": 1e-05, "duration": 0.1348409652709961, "fun": "0.267769204041447", "jac": "[ 9.99200722e-11 -7.77156117e-11  7.77156117e-11  2.22044605e-10\n  1.11022302e-11 -9.99200722e-11]", "hess_inv": "[[ 4.30334053 -0.7385038  -1.33861446 -0.71472415  1.41775941  2.5569303 ]\n [-0.7385038   3.92067908  2.52206528  1.16530938 -1.20950747 -0.92567569]\n [-1.33861446  2.52206528  8.96132403 -0.82837697 -5.94947218 -2.48704501]\n [-0.71472415  1.16530938 -0.82837697  3.47770507  0.60723104 -0.27533986]\n [ 1.41775941 -1.20950747 -5.94947218  0.60723104  6.73625574  2.26756114]\n [ 2.5569303  -0.92567569 -2.48704501 -0.27533986  2.26756114  4.72925585]]", "nfev": "466", "njev": "65", "status": "2", "success": "False", "message": "Desired error not necessarily achieved due to precision loss.", "x": "[-2.02527912 -0.29240286  6.82306339  7.99252891  5.33799282  5.30873712]", "nit": "35", "callback": [0.6556309485601723, 0.27729526870276067, 0.2677692325656099]}, "15": {"maxiter": 500, "gtol": 1e-10, "xrtol": 1e-10, "eps": 1e-10, "duration": 0.27801012992858887, "fun": "0.2677692040007216", "jac": "[ 1.11022293e-06 