{"date": "2024/09/24/, 20:36:45", "conf_id": 44, "data_type": "random\n", "num_data_points": 3, "s_rank": 0, "unitary": "[[-0.24866696+0.58742286j,-0.44704345-0.43151574j,-0.35669027-0.20570733j,-0.10517633+0.1626036j],[0.10596805-0.19687975j,-0.30269685-0.15056416j,0.18246286+0.30440582j,-0.83484447-0.11310748j],[0.26054512-0.52548482j,0.0285017-0.50723956j,-0.43110112+0.17165838j,0.15243271+0.39915801j],[0.42978035+0.11991271j,-0.17224126-0.46030424j,0.6827807-0.15164662j,0.26483638+0.0061855j]]", "databatch_0": {"databatch": "[[[-0.06105999-0.18198211j,0.06629986-0.22936201j,0.03488576-0.11768967j,-0.02973815-0.1733717j],[-0.14800635-0.1660283j,-0.03393025-0.27456086j,-0.01648752-0.14127683j,-0.11071433-0.17113434j],[0.0814505+0.02746599j,0.06388644+0.08572665j,0.03254685+0.04429686j,0.06990185+0.03631041j],[-0.30974557+0.27166683j,-0.50907271+0.05874198j,-0.26193168+0.02842656j,-0.31864565+0.20251497j]],[[-0.04289908-0.12773703j,0.10957713-0.07621852j,0.07410208-0.15196014j,0.00649454-0.06423399j],[-0.26404007-0.06094172j,-0.01526788-0.26799291j,-0.18239608-0.28692741j,-0.10323321-0.07873957j],[-0.12517767-0.21437167j,0.1691469-0.17848742j,0.07681541-0.30184327j,-0.01231779-0.11830039j],[-0.1891496+0.27424431j,-0.31325032-0.10382367j,-0.41052567+0.07865103j,-0.13672341+0.08237281j]],[[-0.46743753+0.05816286j,0.15012753-0.00721114j,-0.08090127+0.29415217j,-0.41231485+0.1733837j],[-0.02871349-0.32986274j,0.00116547+0.10564451j,-0.20452573-0.06447061j,-0.11108242-0.29413497j],[-0.26957151-0.04869009j,0.08459173+0.02200487j,-0.09587082+0.14928162j,-0.25893131+0.02482358j],[0.07688103-0.01594972j,-0.02484622+0.00321704j,0.00948569-0.04996038j,0.06617307-0.03435199j]]]", "initial param values": "[5.42533104,1.81607209,1.51600725,5.66466822,1.35528592,6.08244754]", "nelder_mead": {"type": "gradient-free", "0": {"maxiter": 100, "fatol": 1e-05, "xatol": 1e-05, "duration": 0.037635087966918945, "fun": "0.4391594491449373", "nit": "100", "nfev": "159", "status": "2", "success": "False", "message": "Maximum number of iterations has been exceeded.", "x": "[4.01140422 2.79688042 1.22129575 4.53959842 1.0265922  8.4699476 ]", "final_simplex": "(array([[4.01140422, 2.79688042, 1.22129575, 4.53959842, 1.0265922 ,\n        8.4699476 ],\n       [4.09921725, 2.8035914 , 1.20637143, 4.52798207, 1.03348357,\n        8.44209847],\n       [4.09512725, 2.79440319, 1.20568585, 4.5876218 , 0.9922216 ,\n        8.49473932],\n       [4.15918893, 2.78743016, 1.19265286, 4.58210455, 1.01895392,\n        8.437596  ],\n       [4.11743879, 2.79742048, 1.20518869, 4.57042174, 1.01113767,\n        8.43210629],\n       [4.08162019, 2.81659593, 1.20354453, 4.53240395, 0.99994382,\n        8.47599747],\n       [4.11236748, 2.78953792, 1.22142594, 4.5015675 , 0.97444436,\n        8.48591351]]), array([0.43915945, 0.43953752, 0.43985574, 0.43991655, 0.43995824,\n       0.43997978, 0.44033137]))", "callback": [0.6476223097465434, 0.5701882447918467, 0.5559956366116428, 0.4741988296260713, 0.454689836118799, 0.4469414841557565, 0.4429741690324175, 0.44146608255104214, 0.4408381441926138, 0.4403313685419701]}, "1": {"maxiter": 100, "fatol": 1e-05, "xatol": 1e-10, "duration": 0.03533530235290527, "fun": "0.4391594491449373", "nit": "100", "nfev": "159", "status": "2", "success": "False", "message": "Maximum number of iterations has been exceeded.", "x": "[4.01140422 2.79688042 1.22129575 4.53959842 1.0265922  8.4699476 ]", "final_simplex": "(array([[4.01140422, 2.79688042, 1.22129575, 4.53959842, 1.0265922 ,\n        8.4699476 ],\n       [4.09921725, 2.8035914 , 1.20637143, 4.52798207, 1.03348357,\n        8.44209847],\n       [4.09512725, 2.79440319, 1.20568585, 4.5876218 , 0.9922216 ,\n        8.49473932],\n       [4.15918893, 2.78743016, 1.19265286, 4.58210455, 1.01895392,\n        8.437596  ],\n       [4.11743879, 2.79742048, 1.20518869, 4.57042174, 1.01113767,\n        8.43210629],\n       [4.08162019, 2.81659593, 1.20354453, 4.53240395, 0.99994382,\n        8.47599747],\n       [4.11236748, 2.78953792, 1.22142594, 4.5015675 , 0.97444436,\n        8.48591351]]), array([0.43915945, 0.43953752, 0.43985574, 0.43991655, 0.43995824,\n       0.43997978, 0.44033137]))", "callback": [0.6476223097465434, 0.5701882447918467, 0.5559956366116428, 0.4741988296260713, 0.454689836118799, 0.4469414841557565, 0.4429741690324175, 0.44146608255104214, 0.4408381441926138, 0.4403313685419701]}, "2": {"maxiter": 100, "fatol": 1e-10, "xatol": 1e-05, "duration": 0.03530120849609375, "fun": "0.4391594491449373", "nit": "100", "nfev": "159", "status": "2", "success": "False", "message": "Maximum number of iterations has been exceeded.", "x": "[4.01140422 2.79688042 1.22129575 4.53959842 1.0265922  8.4699476 ]", "final_simplex": "(array([[4.01140422, 2.79688042, 1.22129575, 4.53959842, 1.0265922 ,\n        8.4699476 ],\n       [4.09921725, 2.8035914 , 1.20637143, 4.52798207, 1.03348357,\n        8.44209847],\n       [4.09512725, 2.79440319, 1.20568585, 4.5876218 , 0.9922216 ,\n        8.49473932],\n       [4.15918893, 2.78743016, 1.19265286, 4.58210455, 1.01895392,\n        8.437596  ],\n       [4.11743879, 2.79742048, 1.20518869, 4.57042174, 1.01113767,\n        8.43210629],\n       [4.08162019, 2.81659593, 1.20354453, 4.53240395, 0.99994382,\n        8.47599747],\n       [4.11236748, 2.78953792, 1.22142594, 4.5015675 , 0.97444436,\n        8.48591351]]), array([0.43915945, 0.43953752, 0.43985574, 0.43991655, 0.43995824,\n       0.43997978, 0.44033137]))", "callback": [0.6476223097465434, 0.5701882447918467, 0.5559956366116428, 0.4741988296260713, 0.454689836118799, 0.4469414841557565, 0.4429741690324175, 0.44146608255104214, 0.4408381441926138, 0.4403313685419701]}, "3": {"maxiter": 100, "fatol": 1e-10, "xatol": 1e-10, "duration": 0.03548693656921387, "fun": "0.4391594491449373", "nit": "100", "nfev": "159", "status": "2", "success": "False", "message": "Maximum number of iterations has been exceeded.", "x": "[4.01140422 2.79688042 1.22129575 4.53959842 1.0265922  8.4699476 ]", "final_simplex": "(array([[4.01140422, 2.79688042, 1.22129575, 4.53959842, 1.0265922 ,\n        8.4699476 ],\n       [4.09921725, 2.8035914 , 1.20637143, 4.52798207, 1.03348357,\n        8.44209847],\n       [4.09512725, 2.79440319, 1.20568585, 4.5876218 , 0.9922216 ,\n        8.49473932],\n       [4.15918893, 2.78743016, 1.19265286, 4.58210455, 1.01895392,\n        8.437596  ],\n       [4.11743879, 2.79742048, 1.20518869, 4.57042174, 1.01113767,\n        8.43210629],\n       [4.08162019, 2.81659593, 1.20354453, 4.53240395, 0.99994382,\n        8.47599747],\n       [4.11236748, 2.78953792, 1.22142594, 4.5015675 , 0.97444436,\n        8.48591351]]), array([0.43915945, 0.43953752, 0.43985574, 0.43991655, 0.43995824,\n       0.43997978, 0.44033137]))", "callback": [0.6476223097465434, 0.5701882447918467, 0.5559956366116428, 0.4741988296260713, 0.454689836118799, 0.4469414841557565, 0.4429741690324175, 0.44146608255104214, 0.4408381441926138, 0.4403313685419701]}, "4": {"maxiter": 500, "fatol": 1e-05, "xatol": 1e-05, "duration": 0.16658377647399902, "fun": "0.13583678928934784", "nit": "500", "nfev": "753", "status": "2", "success": "False", "message": "Maximum number of iterations has been exceeded.", "x": "[1.01710718 3.848168   1.7787654  4.65257798 3.45839646 7.26337435]", "final_simplex": "(array([[1.01710718, 3.848168  , 1.7787654 , 4.65257798, 3.45839646,\n        7.26337435],\n       [1.01715187, 3.8479288 , 1.77878587, 4.65254782, 3.45825025,\n        7.26354502],\n       [1.01709408, 3.84810779, 1.77876139, 4.65274487, 3.45819505,\n        7.26348957],\n       [1.01690122, 3.84824173, 1.77864694, 4.65254949, 3.45838249,\n        7.26346652],\n       [1.01695711, 3.84795527, 1.77894222, 4.65250841, 3.45818175,\n        7.26345868],\n       [1.01686152, 3.84795659, 1.77863315, 4.65262394, 3.45833148,\n        7.26357811],\n       [1.01714422, 3.84779762, 1.77877309, 4.65272525, 3.45799115,\n        7.26347181]]), array([0.13583679, 0.13583679, 0.13583679, 0.1358368 , 0.1358368 ,\n       0.1358368 , 0.1358368 ]))", "callback": [0.6476223097465434, 0.5701882447918467, 0.5559956366116428, 0.4741988296260713, 0.454689836118799, 0.4469414841557565, 0.4429741690324175, 0.44146608255104214, 0.4408381441926138, 0.4403313685419701, 0.4391594491449373, 0.4338700160299358, 0.41242489088892176, 0.4063099669081681, 0.4038190364495201, 0.3857038823990704, 0.34574033993802056, 0.25635823115366685, 0.22903303014683474, 0.21665687685858737, 0.21436950700162738, 0.21222624349636998, 0.21149993217714125, 0.20973649668064276, 0.20862154934632837, 0.20052840207269151, 0.1873461101338938, 0.16869702493868333, 0.16535275317883613, 0.157311851242396, 0.15404842337321056, 0.15208079551429243, 0.15134698493727372, 0.15071222196671086, 0.15040937503809293, 0.1492419397267778, 0.14557331245219174, 0.1432082573433644, 0.14051230225636513, 0.1390183266473396, 0.13723870715381248, 0.13625190010512067, 0.13600473972911564, 0.1359573628149735, 0.13587461505602516, 0.13584741400115663, 0.135839662954516, 0.13583738862562145, 0.13583689253645204, 0.1358368031074213]}, "5": {"maxiter": 500, "fatol": 1e-05, "xatol": 1e-10, "duration": 0.17107200622558594, "fun": "0.13583678928934784", "nit": "500", "nfev": "753", "status": "2", "success": "False", "message": "Maximum number of iterations has been exceeded.", "x": "[1.01710718 3.848168   1.7787654  4.65257798 3.45839646 7.26337435]", "final_simplex": "(array([[1.01710718, 3.848168  , 1.7787654 , 4.65257798, 3.45839646,\n        7.26337435],\n       [1.01715187, 3.8479288 , 1.77878587, 4.65254782, 3.45825025,\n        7.26354502],\n       [1.01709408, 3.84810779, 1.77876139, 4.65274487, 3.45819505,\n        7.26348957],\n       [1.01690122, 3.84824173, 1.77864694, 4.65254949, 3.45838249,\n        7.26346652],\n       [1.01695711, 3.84795527, 1.77894222, 4.65250841, 3.45818175,\n        7.26345868],\n       [1.01686152, 3.84795659, 1.77863315, 4.65262394, 3.45833148,\n        7.26357811],\n       [1.01714422, 3.84779762, 1.77877309, 4.65272525, 3.45799115,\n        7.26347181]]), array([0.13583679, 0.13583679, 0.13583679, 0.1358368 , 0.1358368 ,\n       0.1358368 , 0.1358368 ]))", "callback": [0.6476223097465434, 0.5701882447918467, 0.5559956366116428, 0.4741988296260713, 0.454689836118799, 0.4469414841557565, 0.4429741690324175, 0.44146608255104214, 0.4408381441926138, 0.4403313685419701, 0.4391594491449373, 0.4338700160299358, 0.41242489088892176, 0.4063099669081681, 0.4038190364495201, 0.3857038823990704, 0.34574033993802056, 0.25635823115366685, 0.22903303014683474, 0.21665687685858737, 0.21436950700162738, 0.21222624349636998, 0.21149993217714125, 0.20973649668064276, 0.20862154934632837, 0.20052840207269151, 0.1873461101338938, 0.16869702493868333, 0.16535275317883613, 0.157311851242396, 0.15404842337321056, 0.15208079551429243, 0.15134698493727372, 0.15071222196671086, 0.15040937503809293, 0.1492419397267778, 0.14557331245219174, 0.1432082573433644, 0.14051230225636513, 0.1390183266473396, 0.13723870715381248, 0.13625190010512067, 0.13600473972911564, 0.1359573628149735, 0.13587461505602516, 0.13584741400115663, 0.135839662954516, 0.13583738862562145, 0.13583689253645204, 0.1358368031074213]}, "6": {"maxiter": 500, "fatol": 1e-10, "xatol": 1e-05, "duration": 0.1889817714691162, "fun": "0.13583678928934784", "nit": "500", "nfev": "753", "status": "2", "success": "False", "message": "Maximum number of iterations has been exceeded.", "x": "[1.01710718 3.848168   1.7787654  4.65257798 3.45839646 7.26337435]", "final_simplex": "(array([[1.01710718, 3.848168  , 1.7787654 , 4.65257798, 3.45839646,\n        7.26337435],\n       [1.01715187, 3.8479288 , 1.77878587, 4.65254782, 3.45825025,\n        7.26354502],\n       [1.01709408, 3.84810779, 1.77876139, 4.65274487, 3.45819505,\n        7.26348957],\n       [1.01690122, 3.84824173, 1.77864694, 4.65254949, 3.45838249,\n        7.26346652],\n       [1.01695711, 3.84795527, 1.77894222, 4.65250841, 3.45818175,\n        7.26345868],\n       [1.01686152, 3.84795659, 1.77863315, 4.65262394, 3.45833148,\n        7.26357811],\n       [1.01714422, 3.84779762, 1.77877309, 4.65272525, 3.45799115,\n        7.26347181]]), array([0.13583679, 0.13583679, 0.13583679, 0.1358368 , 0.1358368 ,\n       0.1358368 , 0.1358368 ]))", "callback": [0.6476223097465434, 0.5701882447918467, 0.5559956366116428, 0.4741988296260713, 0.454689836118799, 0.4469414841557565, 0.4429741690324175, 0.44146608255104214, 0.4408381441926138, 0.4403313685419701, 0.4391594491449373, 0.4338700160299358, 0.41242489088892176, 0.4063099669081681, 0.4038190364495201, 0.3857038823990704, 0.34574033993802056, 0.25635823115366685, 0.22903303014683474, 0.21665687685858737, 0.21436950700162738, 0.21222624349636998, 0.21149993217714125, 0.20973649668064276, 0.20862154934632837, 0.20052840207269151, 0.1873461101338938, 0.16869702493868333, 0.16535275317883613, 0.157311851242396, 0.15404842337321056, 0.15208079551429243, 0.15134698493727372, 0.15071222196671086, 0.15040937503809293, 0.1492419397267778, 0.14557331245219174, 0.1432082573433644, 0.14051230225636513, 0.1390183266473396, 0.13723870715381248, 0.13625190010512067, 0.13600473972911564, 0.1359573628149735, 0.13587461505602516, 0.13584741400115663, 0.135839662954516, 0.13583738862562145, 0.13583689253645204, 0.1358368031074213]}, "7": {"maxiter": 500, "fatol": 1e-10, "xatol": 1e-10, "duration": 0.17540884017944336, "fun": "0.13583678928934784", "nit": "500", "nfev": "753", "status": "2", "success": "False", "message": "Maximum number of iterations has been exceeded.", "x": "[1.01710718 3.848168   1.7787654  4.65257798 3.45839646 7.26337435]", "final_simplex": "(array([[1.01710718, 3.848168  , 1.7787654 , 4.65257798, 3.45839646,\n        7.26337435],\n       [1.01715187, 3.8479288 , 1.77878587, 4.65254782, 3.45825025,\n        7.26354502],\n       [1.01709408, 3.84810779, 1.77876139, 4.65274487, 3.45819505,\n        7.26348957],\n       [1.01690122, 3.84824173, 1.77864694, 4.65254949, 3.45838249,\n        7.26346652],\n       [1.01695711, 3.84795527, 1.77894222, 4.65250841, 3.45818175,\n        7.26345868],\n       [1.01686152, 3.84795659, 1.77863315, 4.65262394, 3.45833148,\n        7.26357811],\n       [1.01714422, 3.84779762, 1.77877309, 4.65272525, 3.45799115,\n        7.26347181]]), array([0.13583679, 0.13583679, 0.13583679, 0.1358368 , 0.1358368 ,\n       0.1358368 , 0.1358368 ]))", "callback": [0.6476223097465434, 0.5701882447918467, 0.5559956366116428, 0.4741988296260713, 0.454689836118799, 0.4469414841557565, 0.4429741690324175, 0.44146608255104214, 0.4408381441926138, 0.4403313685419701, 0.4391594491449373, 0.4338700160299358, 0.41242489088892176, 0.4063099669081681, 0.4038190364495201, 0.3857038823990704, 0.34574033993802056, 0.25635823115366685, 0.22903303014683474, 0.21665687685858737, 0.21436950700162738, 0.21222624349636998, 0.21149993217714125, 0.20973649668064276, 0.20862154934632837, 0.20052840207269151, 0.1873461101338938, 0.16869702493868333, 0.16535275317883613, 0.157311851242396, 0.15404842337321056, 0.15208079551429243, 0.15134698493727372, 0.15071222196671086, 0.15040937503809293, 0.1492419397267778, 0.14557331245219174, 0.1432082573433644, 0.14051230225636513, 0.1390183266473396, 0.13723870715381248, 0.13625190010512067, 0.13600473972911564, 0.1359573628149735, 0.13587461505602516, 0.13584741400115663, 0.135839662954516, 0.13583738862562145, 0.13583689253645204, 0.1358368031074213]}, "8": {"maxiter": 1000, "fatol": 1e-05, "xatol": 1e-05, "duration": 0.19557809829711914, "fun": "0.13583678538454314", "nit": "552", "nfev": "841", "status": "0", "success": "True", "message": "Optimization terminated successfully.", "x": "[1.01713455 3.84801162 1.77875116 4.6526262  3.45832942 7.26338697]", "final_simplex": "(array([[1.01713455, 3.84801162, 1.77875116, 4.6526262 , 3.45832942,\n        7.26338697],\n       [1.017133  , 3.84801512, 1.77874889, 4.65262978, 3.45832919,\n        7.26337821],\n       [1.01712872, 3.84801606, 1.77874611, 4.65262989, 3.4583322 ,\n        7.26338681],\n       [1.01713199, 3.84801943, 1.77874391, 4.65262871, 3.45833702,\n        7.2633848 ],\n       [1.01712958, 3.84801183, 1.77874276, 4.65262662, 3.45833528,\n        7.26338901],\n       [1.01713324, 3.84800868, 1.77874957, 4.65262986, 3.45833756,\n        7.26338335],\n       [1.01712606, 3.8480172 , 1.77874944, 4.65262178, 3.45833689,\n        7.26338304]]), array([0.13583679, 0.13583679, 0.13583679, 0.13583679, 0.13583679,\n       0.13583679, 0.13583679]))", "callback": [0.6476223097465434, 0.5701882447918467, 0.5559956366116428, 0.4741988296260713, 0.454689836118799, 0.4469414841557565, 0.4429741690324175, 0.44146608255104214, 0.4408381441926138, 0.4403313685419701, 0.4391594491449373, 0.4338700160299358, 0.41242489088892176, 0.4063099669081681, 0.4038190364495201, 0.3857038823990704, 0.34574033993802056, 0.25635823115366685, 0.22903303014683474, 0.21665687685858737, 0.21436950700162738, 0.21222624349636998, 0.21149993217714125, 0.20973649668064276, 0.20862154934632837, 0.20052840207269151, 0.1873461101338938, 0.16869702493868333, 0.16535275317883613, 0.157311851242396, 0.15404842337321056, 0.15208079551429243, 0.15134698493727372, 0.15071222196671086, 0.15040937503809293, 0.1492419397267778, 0.14557331245219174, 0.1432082573433644, 0.14051230225636513, 0.1390183266473396, 0.13723870715381248, 0.13625190010512067, 0.13600473972911564, 0.1359573628149735, 0.13587461505602516, 0.13584741400115663, 0.135839662954516, 0.13583738862562145, 0.13583689253645204, 0.1358368031074213, 0.13583678928934784, 0.13583678685752298, 0.13583678557032808, 0.1358367855243091, 0.13583678540186472, 0.13583678538454314]}, "9": {"maxiter": 1000, "fatol": 1e-05, "xatol": 1e-10, "duration": 0.27213096618652344, "fun": "0.13583678537973964", "nit": "672", "nfev": "1089", "status": "0", "success": "True", "message": "Optimization terminated successfully.", "x": "[1.01713425 3.84801354 1.77874673 4.65262762 3.45833061 7.26338244]", "final_simplex": "(array([[1.01713425, 3.84801354, 1.77874673, 4.65262762, 3.45833061,\n        7.26338244],\n       [1.01713425, 3.84801354, 1.77874673, 4.65262762, 3.45833061,\n        7.26338244],\n       [1.01713425, 3.84801354, 1.77874673, 4.65262762, 3.45833061,\n        7.26338244],\n       [1.01713425, 3.84801354, 1.77874673, 4.65262762, 3.45833061,\n        7.26338244],\n       [1.01713425, 3.84801354, 1.77874673, 4.65262762, 3.45833061,\n        7.26338244],\n       [1.01713425, 3.84801354, 1.77874673, 4.65262762, 3.45833061,\n        7.26338244],\n       [1.01713425, 3.84801354, 1.77874673, 4.65262762, 3.45833061,\n        7.26338244]]), array([0.13583679, 0.13583679, 0.13583679, 0.13583679, 0.13583679,\n       0.13583679, 0.13583679]))", "callback": [0.6476223097465434, 0.5701882447918467, 0.5559956366116428, 0.4741988296260713, 0.454689836118799, 0.4469414841557565, 0.4429741690324175, 0.44146608255104214, 0.4408381441926138, 0.4403313685419701, 0.4391594491449373, 0.4338700160299358, 0.41242489088892176, 0.4063099669081681, 0.4038190364495201, 0.3857038823990704, 0.34574033993802056, 0.25635823115366685, 0.22903303014683474, 0.21665687685858737, 0.21436950700162738, 0.21222624349636998, 0.21149993217714125, 0.20973649668064276, 0.20862154934632837, 0.20052840207269151, 0.1873461101338938, 0.16869702493868333, 0.16535275317883613, 0.157311851242396, 0.15404842337321056, 0.15208079551429243, 0.15134698493727372, 0.15071222196671086, 0.15040937503809293, 0.1492419397267778, 0.14557331245219174, 0.1432082573433644, 0.14051230225636513, 0.1390183266473396, 0.13723870715381248, 0.13625190010512067, 0.13600473972911564, 0.1359573628149735, 0.13587461505602516, 0.13584741400115663, 0.135839662954516, 0.13583738862562145, 0.13583689253645204, 0.1358368031074213, 0.13583678928934784, 0.13583678685752298, 0.13583678557032808, 0.1358367855243091, 0.13583678540186472, 0.13583678538454314, 0.13583678538134514, 0.1358367853802721, 0.1358367853799356, 0.13583678537978638, 0.1358367853797503, 0.13583678537974342, 0.13583678537974064, 0.13583678537973987, 0.13583678537973976, 0.13583678537973964, 0.13583678537973964, 0.13583678537973964]}, "10": {"maxiter": 1000, "fatol": 1e-10, "xatol": 1e-05, "duration": 0.19613218307495117, "fun": "0.13583678538454314", "nit": "552", "nfev": "841", "status": "0", "success": "True", "message": "Optimization terminated successfully.", "x": "[1.01713455 3.84801162 1.77875116 4.6526262  3.45832942 7.26338697]", "final_simplex": "(array([[1.01713455, 3.84801162, 1.77875116, 4.6526262 , 3.45832942,\n        7.26338697],\n       [1.017133  , 3.84801512, 1.77874889, 4.65262978, 3.45832919,\n        7.26337821],\n       [1.01712872, 3.84801606, 1.77874611, 4.65262989, 3.4583322 ,\n        7.26338681],\n       [1.01713199, 3.84801943, 1.77874391, 4.65262871, 3.45833702,\n        7.2633848 ],\n       [1.01712958, 3.84801183, 1.77874276, 4.65262662, 3.45833528,\n        7.26338901],\n       [1.01713324, 3.84800868, 1.77874957, 4.65262986, 3.45833756,\n        7.26338335],\n       [1.01712606, 3.8480172 , 1.77874944, 4.65262178, 3.45833689,\n        7.26338304]]), array([0.13583679, 0.13583679, 0.13583679, 0.13583679, 0.13583679,\n       0.13583679, 0.13583679]))", "callback": [0.6476223097465434, 0.5701882447918467, 0.5559956366116428, 0.4741988296260713, 0.454689836118799, 0.4469414841557565, 0.4429741690324175, 0.44146608255104214, 0.4408381441926138, 0.4403313685419701, 0.4391594491449373, 0.4338700160299358, 0.41242489088892176, 0.4063099669081681, 0.4038190364495201, 0.3857038823990704, 0.34574033993802056, 0.25635823115366685, 0.22903303014683474, 0.21665687685858737, 0.21436950700162738, 0.21222624349636998, 0.21149993217714125, 0.20973649668064276, 0.20862154934632837, 0.20052840207269151, 0.1873461101338938, 0.16869702493868333, 0.16535275317883613, 0.157311851242396, 0.15404842337321056, 0.15208079551429243, 0.15134698493727372, 0.15071222196671086, 0.15040937503809293, 0.1492419397267778, 0.14557331245219174, 0.1432082573433644, 0.14051230225636513, 0.1390183266473396, 0.13723870715381248, 0.13625190010512067, 0.13600473972911564, 0.1359573628149735, 0.13587461505602516, 0.13584741400115663, 0.135839662954516, 0.13583738862562145, 0.13583689253645204, 0.1358368031074213, 0.13583678928934784, 0.13583678685752298, 0.13583678557032808, 0.1358367855243091, 0.13583678540186472, 0.13583678538454314]}, "11": {"maxiter": 1000, "fatol": 1e-10, "xatol": 1e-10, "duration": 0.2465817928314209, "fun": "0.13583678537973964", "nit": "672", "nfev": "1089", "status": "0", "success": "True", "message": "Optimization terminated successfully.", "x": "[1.01713425 3.84801354 1.77874673 4.65262762 3.45833061 7.26338244]", "final_simplex": "(array([[1.01713425, 3.84801354, 1.77874673, 4.65262762, 3.45833061,\n        7.26338244],\n       [1.01713425, 3.84801354, 1.77874673, 4.65262762, 3.45833061,\n        7.26338244],\n       [1.01713425, 3.84801354, 1.77874673, 4.65262762, 3.45833061,\n        7.26338244],\n       [1.01713425, 3.84801354, 1.77874673, 4.65262762, 3.45833061,\n        7.26338244],\n       [1.01713425, 3.84801354, 1.77874673, 4.65262762, 3.45833061,\n        7.26338244],\n       [1.01713425, 3.84801354, 1.77874673, 4.65262762, 3.45833061,\n        7.26338244],\n       [1.01713425, 3.84801354, 1.77874673, 4.65262762, 3.45833061,\n        7.26338244]]), array([0.13583679, 0.13583679, 0.13583679, 0.13583679, 0.13583679,\n       0.13583679, 0.13583679]))", "callback": [0.6476223097465434, 0.5701882447918467, 0.5559956366116428, 0.4741988296260713, 0.454689836118799, 0.4469414841557565, 0.4429741690324175, 0.44146608255104214, 0.4408381441926138, 0.4403313685419701, 0.4391594491449373, 0.4338700160299358, 0.41242489088892176, 0.4063099669081681, 0.4038190364495201, 0.3857038823990704, 0.34574033993802056, 0.25635823115366685, 0.22903303014683474, 0.21665687685858737, 0.21436950700162738, 0.21222624349636998, 0.21149993217714125, 0.20973649668064276, 0.20862154934632837, 0.20052840207269151, 0.1873461101338938, 0.16869702493868333, 0.16535275317883613, 0.157311851242396, 0.15404842337321056, 0.15208079551429243, 0.15134698493727372, 0.15071222196671086, 0.15040937503809293, 0.1492419397267778, 0.14557331245219174, 0.1432082573433644, 0.14051230225636513, 0.1390183266473396, 0.13723870715381248, 0.13625190010512067, 0.13600473972911564, 0.1359573628149735, 0.13587461505602516, 0.13584741400115663, 0.135839662954516, 0.13583738862562145, 0.13583689253645204, 0.1358368031074213, 0.13583678928934784, 0.13583678685752298, 0.13583678557032808, 0.1358367855243091, 0.13583678540186472, 0.13583678538454314, 0.13583678538134514, 0.1358367853802721, 0.1358367853799356, 0.13583678537978638, 0.1358367853797503, 0.13583678537974342, 0.13583678537974064, 0.13583678537973987, 0.13583678537973976, 0.13583678537973964, 0.13583678537973964, 0.13583678537973964]}}, "bfgs": {"type": "gradient", "0": {"maxiter": 100, "gtol": 1e-05, "xrtol": 1e-05, "eps": 1e-05, "duration": 0.09035611152648926, "fun": "0.1358367854037804", "jac": "[2.95097280e-06 3.17853521e-06 7.60103092e-07 2.11404227e-06\n 1.89356308e-06 3.26345617e-06]", "hess_inv": "[[ 4.54495941 -0.41461128  0.63739596 -0.76113781 -1.46489404 -0.20794507]\n [-0.41461128  5.53431235 -2.27826492 -0.87667274  0.84080443 -0.34382466]\n [ 0.63739596 -2.27826492  4.29873222  0.87875139 -1.00914191  0.30850469]\n [-0.76113781 -0.87667274  0.87875139  3.5328122   1.18631689 -0.54648306]\n [-1.46489404  0.84080443 -1.00914191  1.18631689  5.08245971 -0.94057658]\n [-0.20794507 -0.34382466  0.30850469 -0.54648306 -0.94057658  4.56859455]]", "nfev": "392", "njev": "56", "status": "0", "success": "True", "message": "Optimization terminated successfully.", "x": "[ 7.30032312  3.8480256   1.7787393   1.63055418  0.31673904 10.4049811 ]", "nit": "45", "callback": [0.6394854704857333, 0.5777509462737689, 0.5764192330635025, 0.5740016480191945, 0.5698503017872545, 0.5639404575714102, 0.5594371089236252, 0.5526908795565773, 0.5446126790484338, 0.5366413786631188, 0.5276983492515961, 0.514521412190964, 0.496987421019627, 0.4756083732962425, 0.45312474193298724, 0.4456532389910318, 0.44061394964937295, 0.43223936214597003, 0.42325560679054985, 0.4224329770750165, 0.42227505168464374, 0.4221390968913997, 0.42193928567460715, 0.4217886390331935, 0.42163130984724406, 0.4213613052502879, 0.3979186834774542, 0.39750568341527204, 0.38194745040360756, 0.3740999336157924, 0.35941311107200846, 0.3327841853674306, 0.28982808571867924, 0.24170887452662726, 0.1977394909090826, 0.16627273587177527, 0.14673542107751913, 0.1373714744366099, 0.13604829508713723, 0.13593412281939, 0.1358869465956416, 0.13584099211393752, 0.13583701195530107, 0.13583678809944255, 0.1358367854037804]}, "1": {"maxiter": 100, "gtol": 1e-05, "xrtol": 1e-05, "eps": 1e-10, "duration": 0.09790325164794922, "fun": "0.13583678542510225", "jac": "[-1.11022293e-06 -4.44089173e-06 -2.22044587e-06 -4.44089173e-06\n -5.55111466e-06 -2.22044587e-06]", "hess_inv": "[[ 4.57730147 -0.43036511  0.64755456 -0.91889712 -1.65122613 -0.18836765]\n [-0.43036511  5.79154525 -2.14217321 -0.84136498  0.90638486 -0.35232471]\n [ 0.64755456 -2.14217321  4.30536464  0.83785253 -0.85168532  0.23191731]\n [-0.91889712 -0.84136498  0.83785253  3.76293372  1.43523023 -0.5340096 ]\n [-1.65122613  0.90638486 -0.85168532  1.43523023  5.23859877 -0.88516226]\n [-0.18836765 -0.35232471  0.23191731 -0.5340096  -0.88516226  4.45555646]]", "nfev": "413", "njev": "59", "status": "0", "success": "True", "message": "Optimization terminated successfully.", "x": "[ 7.30032318  3.84800607  1.77874332  1.63054786  0.31672284 10.4049752 ]", "nit": "46", "callback": [0.6394856082136271, 0.5777508401088516, 0.5764191517885986, 0.5740016893780482, 0.5698505654864021, 0.5639410748220572, 0.5594373606976122, 0.5526907190800654, 0.5446119524581035, 0.536638423033591, 0.527696628950103, 0.5145181100913088, 0.4969826401182753, 0.4756193128874533, 0.4531723557390199, 0.4456240511747753, 0.4406165444762691, 0.43226408709695974, 0.4232540359135387, 0.42243802446112644, 0.42227521450284555, 0.42212995923577734, 0.42192606663624, 0.42179145644815985, 0.4216112436182312, 0.42130809795191937, 0.4010956717375097, 0.400654172433607, 0.3914224424738051, 0.38736804139893943, 0.3579387159871432, 0.3146325415496526, 0.276876692043856, 0.23589079938802693, 0.18291378394874747, 0.16799953838606674, 0.14805781941781826, 0.13955800665174156, 0.13667478110978182, 0.13618178888465915, 0.1359861089020845, 0.1358855451273827, 0.13583861094088479, 0.13583683122611312, 0.13583678583212633, 0.13583678542510225]}, "2": {"maxiter": 100, "gtol": 1e-05, "xrtol": 1e-10, "eps": 1e-05, "duration": 0.08967709541320801, "fun": "0.1358367854037804", "jac": "[2.95097280e-06 3.17853521e-06 7.60103092e-07 2.11404227e-06\n 1.89356308e-06 3.26345617e-06]", "hess_inv": "[[ 4.54495941 -0.41461128  0.63739596 -0.76113781 -1.46489404 -0.20794507]\n [-0.41461128  5.53431235 -2.27826492 -0.87667274  0.84080443 -0.34382466]\n [ 0.63739596 -2.27826492  4.29873222  0.87875139 -1.00914191  0.30850469]\n [-0.76113781 -0.87667274  0.87875139  3.5328122   1.18631689 -0.54648306]\n [-1.46489404  0.84080443 -1.00914191  1.18631689  5.08245971 -0.94057658]\n [-0.20794507 -0.34382466  0.30850469 -0.54648306 -0.94057658  4.56859455]]", "nfev": "392", "njev": "56", "status": "0", "success": "True", "message": "Optimization terminated successfully.", "x": "[ 7.30032312  3.8480256   1.7787393   1.63055418  0.31673904 10.4049811 ]", "nit": "45", "callback": [0.6394854704857333, 0.5777509462737689, 0.5764192330635025, 0.5740016480191945, 0.5698503017872545, 0.5639404575714102, 0.5594371089236252, 0.5526908795565773, 0.5446126790484338, 0.5366413786631188, 0.5276983492515961, 0.514521412190964, 0.496987421019627, 0.4756083732962425, 0.45312474193298724, 0.4456532389910318, 0.44061394964937295, 0.43223936214597003, 0.42325560679054985, 0.4224329770750165, 0.42227505168464374, 0.4221390968913997, 0.42193928567460715, 0.4217886390331935, 0.42163130984724406, 0.4213613052502879, 0.3979186834774542, 0.39750568341527204, 0.38194745040360756, 0.3740999336157924, 0.35941311107200846, 0.3327841853674306, 0.28982808571867924, 0.24170887452662726, 0.1977394909090826, 0.16627273587177527, 0.14673542107751913, 0.1373714744366099, 0.13604829508713723, 0.13593412281939, 0.1358869465956416, 0.13584099211393752, 0.13583701195530107, 0.13583678809944255, 0.1358367854037804]}, "3": {"maxiter": 100, "gtol": 1e-05, "xrtol": 1e-10, "eps": 1e-10, "duration": 0.09261798858642578, "fun": "0.13583678542510225", "jac": "[-1.11022293e-06 -4.44089173e-06 -2.22044587e-06 -4.44089173e-06\n -5.55111466e-06 -2.22044587e-06]", "hess_inv": "[[ 4.57730147 -0.43036511  0.64755456 -0.91889712 -1.65122613 -0.18836765]\n [-0.43036511  5.79154525 -2.14217321 -0.84136498  0.90638486 -0.35232471]\n [ 0.64755456 -2.14217321  4.30536464  0.83785253 -0.85168532  0.23191731]\n [-0.91889712 -0.84136498  0.83785253  3.76293372  1.43523023 -0.5340096 ]\n [-1.65122613  0.90638486 -0.85168532  1.43523023  5.23859877 -0.88516226]\n [-0.18836765 -0.35232471  0.23191731 -0.5340096  -0.88516226  4.45555646]]", "nfev": "413", "njev": "59", "status": "0", "success": "True", "message": "Optimization terminated successfully.", "x": "[ 7.30032318  3.84800607  1.77874332  1.63054786  0.31672284 10.4049752 ]", "nit": "46", "callback": [0.6394856082136271, 0.5777508401088516, 0.5764191517885986, 0.5740016893780482, 0.5698505654864021, 0.5639410748220572, 0.5594373606976122, 0.5526907190800654, 0.5446119524581035, 0.536638423033591, 0.527696628950103, 0.5145181100913088, 0.4969826401182753, 0.4756193128874533, 0.4531723557390199, 0.4456240511747753, 0.4406165444762691, 0.43226408709695974, 0.4232540359135387, 0.42243802446112644, 0.42227521450284555, 0.42212995923577734, 0.42192606663624, 0.42179145644815985, 0.4216112436182312, 0.42130809795191937, 0.4010956717375097, 0.400654172433607, 0.3914224424738051, 0.38736804139893943, 0.3579387159871432, 0.3146325415496526, 0.276876692043856, 0.23589079938802693, 0.18291378394874747, 0.16799953838606674, 0.14805781941781826, 0.13955800665174156, 0.13667478110978182, 0.13618178888465915, 0.1359861089020845, 0.1358855451273827, 0.13583861094088479, 0.13583683122611312, 0.13583678583212633, 0.13583678542510225]}, "4": {"maxiter": 100, "gtol": 1e-10, "xrtol": 1e-05, "eps": 1e-05, "duration": 0.08960318565368652, "fun": "0.13583678539733945", "jac": "[-1.07580611e-08  2.23820962e-08 -2.17492691e-08  2.31370478e-08\n -6.02851102e-09  2.25153229e-08]", "hess_inv": "[[ 4.45728554 -0.57848791  0.65321531 -0.80308625 -1.54390327 -0.33062184]\n [-0.57848791  5.779752   -2.39859624 -0.93443151  0.78246857 -0.56125698]\n [ 0.65321531 -2.39859624  4.33660286  0.8807102  -1.01915931  0.32741479]\n [-0.80308625 -0.93443151  0.8807102   3.51351438  1.15185793 -0.60473473]\n [-1.54390327  0.78246857 -1.01915931  1.15185793  5.02572647 -1.04920728]\n [-0.33062184 -0.56125698  0.32741479 -0.60473473 -1.04920728  4.3971957 ]]", "nfev": "399", "njev": "57", "status": "0", "success": "True", "message": "Optimization terminated successfully.", "x": "[ 7.30031701  3.84801309  1.7787407   1.63055121  0.31673335 10.40497252]", "nit": "46", "callback": [0.6394854704857333, 0.5777509462737689, 0.5764192330635025, 0.5740016480191945, 0.5698503017872545, 0.5639404575714102, 0.5594371089236252, 0.5526908795565773, 0.5446126790484338, 0.5366413786631188, 0.5276983492515961, 0.514521412190964, 0.496987421019627, 0.4756083732962425, 0.45312474193298724, 0.4456532389910318, 0.44061394964937295, 0.43223936214597003, 0.42325560679054985, 0.4224329770750165, 0.42227505168464374, 0.4221390968913997, 0.42193928567460715, 0.4217886390331935, 0.42163130984724406, 0.4213613052502879, 0.3979186834774542, 0.39750568341527204, 0.38194745040360756, 0.3740999336157924, 0.35941311107200846, 0.3327841853674306, 0.28982808571867924, 0.24170887452662726, 0.1977394909090826, 0.16627273587177527, 0.14673542107751913, 0.1373714744366099, 0.13604829508713723, 0.13593412281939, 0.1358869465956416, 0.13584099211393752, 0.13583701195530107, 0.13583678809944255, 0.1358367854037804, 0.13583678539733945]}, "5": {"maxiter": 100, "gtol": 1e-10, "xrtol": 1e-05, "eps": 1e-10, "duration": 0.09244084358215332, "fun": "0.13583678542510225", "jac": "[-1.11022293e-06 -4.44089173e-06 -2.22044587e-06 -4.44089173e-06\n -5.55111466e-06 -2.22044587e-06]", "hess_inv": "[[ 4.57730147 -0.43036511  0.64755456 -0.91889712 -1.65122613 -0.18836765]\n [-0.43036511  5.79154525 -2.14217321 -0.84136498  0.90638486 -0.35232471]\n [ 0.64755456 -2.14217321  4.30536464  0.83785253 -0.85168532  0.23191731]\n [-0.91889712 -0.84136498  0.83785253  3.76293372  1.43523023 -0.5340096 ]\n [-1.65122613  0.90638486 -0.85168532  1.43523023  5.23859877 -0.88516226]\n [-0.18836765 -0.35232471  0.23191731 -0.5340096  -0.88516226  4.45555646]]", "nfev": "413", "njev": "59", "status": "0", "success": "True", "message": "Optimization terminated successfully.", "x": "[ 7.30032318  3.84800607  1.77874332  1.63054786  0.31672284 10.4049752 ]", "nit": "46", "callback": [0.6394856082136271, 0.5777508401088516, 0.5764191517885986, 0.5740016893780482, 0.5698505654864021, 0.5639410748220572, 0.5594373606976122, 0.5526907190800654, 0.5446119524581035, 0.536638423033591, 0.527696628950103, 0.5145181100913088, 0.4969826401182753, 0.4756193128874533, 0.4531723557390199, 0.4456240511747753, 0.4406165444762691, 0.43226408709695974, 0.4232540359135387, 0.42243802446112644, 0.42227521450284555, 0.42212995923577734, 0.42192606663624, 0.42179145644815985, 0.4216112436182312, 0.42130809795191937, 0.4010956717375097, 0.400654172433607, 0.3914224424738051, 0.38736804139893943, 0.3579387159871432, 0.3146325415496526, 0.276876692043856, 0.23589079938802693, 0.18291378394874747, 0.16799953838606674, 0.14805781941781826, 0.13955800665174156, 0.13667478110978182, 0.13618178888465915, 0.1359861089020845, 0.1358855451273827, 0.13583861094088479, 0.13583683122611312, 0.13583678583212633, 0.13583678542510225]}, "6": {"maxiter": 100, "gtol": 1e-10, "xrtol": 1e-10, "eps": 1e-05, "duration": 0.1501760482788086, "fun": "0.13583678539733945", "jac": "[-1.07580611e-08  2.23820962e-08 -2.17492691e-08  2.31370478e-08\n -6.02851102e-09  2.25153229e-08]", "hess_inv": "[[ 4.44452047 -0.5843096   0.64756179 -0.80482375 -1.54887306 -0.33622194]\n [-0.5843096   5.8094493  -2.41482942 -0.92813072  0.79119239 -0.54421284]\n [ 0.64756179 -2.41482942  4.33986221  0.87694689 -1.02599903  0.31666287]\n [-0.80482375 -0.92813072  0.87694689  3.51483305  1.15359109 -0.60120012]\n [-1.54887306  0.79119239 -1.02599903  1.15359109  5.02752511 -1.0447299 ]\n [-0.33622194 -0.54421284  0.31666287 -0.60120012 -1.0447299   4.40661091]]", "nfev": "677", "njev": "95", "status": "2", "success": "False", "message": "Desired error not necessarily achieved due to precision loss.", "x": "[ 7.30031701  3.84801309  1.7787407   1.63055121  0.31673335 10.40497252]", "nit": "46", "callback": [0.6394854704857333, 0.5777509462737689, 0.5764192330635025, 0.5740016480191945, 0.5698503017872545, 0.5639404575714102, 0.5594371089236252, 0.5526908795565773, 0.5446126790484338, 0.5366413786631188, 0.5276983492515961, 0.514521412190964, 0.496987421019627, 0.4756083732962425, 0.45312474193298724, 0.4456532389910318, 0.44061394964937295, 0.43223936214597003, 0.42325560679054985, 0.4224329770750165, 0.42227505168464374, 0.4221390968913997, 0.42193928567460715, 0.4217886390331935, 0.42163130984724406, 0.4213613052502879, 0.3979186834774542, 0.39750568341527204, 0.38194745040360756, 0.3740999336157924, 0.35941311107200846, 0.3327841853674306, 0.28982808571867924, 0.24170887452662726, 0.1977394909090826, 0.16627273587177527, 0.14673542107751913, 0.1373714744366099, 0.13604829508713723, 0.13593412281939, 0.1358869465956416, 0.13584099211393752, 0.13583701195530107, 0.13583678809944255, 0.1358367854037804, 0.13583678539733945]}, "7": {"maxiter": 100, "gtol": 1e-10, "xrtol": 1e-10, "eps": 1e-10, "duration": 0.12656521797180176, "fun": "0.1358367853872765", "jac": "[ 2.22044587e-06  2.22044587e-06  0.00000000e+00  0.00000000e+00\n -1.11022293e-06  3.33066880e-06]", "hess_inv": "[[ 0.01451458 -0.00669554  0.00096397  0.00314437 -0.0234864  -0.00213477]\n [-0.00669554  0.00349017 -0.00041831 -0.00086177  0.00923693  0.00080787]\n [ 0.00096397 -0.00041831  0.00059237  0.00102933 -0.00352299  0.00017118]\n [ 0.00314437 -0.00086177  0.00102933  0.0032219  -0.01102458  0.00018207]\n [-0.0234864   0.00923693 -0.00352299 -0.01102458  0.05269205  0.00183268]\n [-0.00213477  0.00080787  0.00017118  0.00018207  0.00183268  0.00213985]]", "nfev": "567", "njev": "81", "status": "0", "success": "True", "message": "Optimization terminated successfully.", "x": "[ 7.3003166   3.84802112  1.77874374  1.63055947  0.31674325 10.40497353]", "nit": "56", "callback": [0.6394856082136271, 0.5777508401088516, 0.5764191517885986, 0.5740016893780482, 0.5698505654864021, 0.5639410748220572, 0.5594373606976122, 0.5526907190800654, 0.5446119524581035, 0.536638423033591, 0.527696628950103, 0.5145181100913088, 0.4969826401182753, 0.4756193128874533, 0.4531723557390199, 0.4456240511747753, 0.4406165444762691, 0.43226408709695974, 0.4232540359135387, 0.42243802446112644, 0.42227521450284555, 0.42212995923577734, 0.42192606663624, 0.42179145644815985, 0.4216112436182312, 0.42130809795191937, 0.4010956717375097, 0.400654172433607, 0.3914224424738051, 0.38736804139893943, 0.3579387159871432, 0.3146325415496526, 0.276876692043856, 0.23589079938802693, 0.18291378394874747, 0.16799953838606674, 0.14805781941781826, 0.13955800665174156, 0.13667478110978182, 0.13618178888465915, 0.1359861089020845, 0.1358855451273827, 0.13583861094088479, 0.13583683122611312, 0.13583678583212633, 0.13583678542510225, 0.13583678538740485, 0.13583678538736155, 0.13583678538735322, 0.13583678538733956, 0.135836785387338, 0.1358367853873369, 0.13583