{"date": "2024/10/08/, 15:58:37", "conf_id": 10, "data_type": "random\n", "num_data_points": 1, "s_rank": 0, "unitary": "[[-0.45070455-0.02711853j,0.78437395-0.06613086j,0.06358678+0.19963393j,-0.07343613+0.35668523j],[-0.01890143-0.03813363j,0.32408202+0.25557629j,0.05872864-0.68979805j,0.55466693-0.20227297j],[-0.11215405+0.64023111j,-0.13344055+0.29565494j,-0.49012687-0.19046288j,-0.04241254+0.44046348j],[0.55771659+0.24656916j,0.31851997-0.05798805j,0.28761525-0.34294258j,-0.56718418+0.03616933j]]", "databatch_0": {"databatch": "[[[-0.22050833-0.13826777j,0.0007044-0.09354267j,-0.06469118+0.08001349j,-0.03834947-0.1512912j],[0.12055698-0.04461869j,-0.04450315-0.04520032j,0.04984929-0.12202348j,-0.43594289+0.28089956j],[-0.43069217-0.00074036j,0.13286521+0.06579084j,-0.07559421-0.13850831j,-0.16257475+0.1837869j],[0.00874133-0.10409884j,0.14590901+0.38376716j,0.12654374-0.23992015j,0.18284941-0.05111795j]]]", "initial param values": "[5.83408624,2.84471152,1.95891865,1.55047196,4.52879549,4.8621792]", "nelder_mead": {"type": "gradient-free", "0": {"maxiter": 100, "fatol": 1e-05, "xatol": 1e-05, "duration": 0.046682119369506836, "fun": "0.3496849425246257", "nit": "100", "nfev": "165", "status": "2", "success": "False", "message": "Maximum number of iterations has been exceeded.", "x": "[4.99069545 3.95750441 2.34361488 1.91127621 4.72791341 4.30648288]", "final_simplex": "(array([[4.99069545, 3.95750441, 2.34361488, 1.91127621, 4.72791341,\n        4.30648288],\n       [4.97030995, 3.92809935, 2.33371234, 1.92133148, 4.70162185,\n        4.31102711],\n       [4.98571776, 3.91788196, 2.31117988, 1.91612941, 4.74070203,\n        4.3432127 ],\n       [5.00439486, 3.9229688 , 2.30467082, 1.91405136, 4.74724223,\n        4.29425523],\n       [5.00022185, 3.93745317, 2.32566413, 1.90973511, 4.70380801,\n        4.30951001],\n       [5.02430812, 3.97344784, 2.31986832, 1.94193728, 4.71678779,\n        4.34527457],\n       [4.9962231 , 3.9663488 , 2.31479374, 1.92924178, 4.73296578,\n        4.33067813]]), array([0.34968494, 0.35031151, 0.350413  , 0.35046072, 0.350669  ,\n       0.35069352, 0.35072872]))", "callback": [0.7496947090957279, 0.4690846701741618, 0.452513430664339, 0.41421005842362824, 0.3973878541770349, 0.37047557590964253, 0.3535762690154468, 0.3522539168382691, 0.3511364961446105, 0.3504607165855478]}, "1": {"maxiter": 100, "fatol": 1e-05, "xatol": 1e-10, "duration": 0.04129791259765625, "fun": "0.3496849425246257", "nit": "100", "nfev": "165", "status": "2", "success": "False", "message": "Maximum number of iterations has been exceeded.", "x": "[4.99069545 3.95750441 2.34361488 1.91127621 4.72791341 4.30648288]", "final_simplex": "(array([[4.99069545, 3.95750441, 2.34361488, 1.91127621, 4.72791341,\n        4.30648288],\n       [4.97030995, 3.92809935, 2.33371234, 1.92133148, 4.70162185,\n        4.31102711],\n       [4.98571776, 3.91788196, 2.31117988, 1.91612941, 4.74070203,\n        4.3432127 ],\n       [5.00439486, 3.9229688 , 2.30467082, 1.91405136, 4.74724223,\n        4.29425523],\n       [5.00022185, 3.93745317, 2.32566413, 1.90973511, 4.70380801,\n        4.30951001],\n       [5.02430812, 3.97344784, 2.31986832, 1.94193728, 4.71678779,\n        4.34527457],\n       [4.9962231 , 3.9663488 , 2.31479374, 1.92924178, 4.73296578,\n        4.33067813]]), array([0.34968494, 0.35031151, 0.350413  , 0.35046072, 0.350669  ,\n       0.35069352, 0.35072872]))", "callback": [0.7496947090957279, 0.4690846701741618, 0.452513430664339, 0.41421005842362824, 0.3973878541770349, 0.37047557590964253, 0.3535762690154468, 0.3522539168382691, 0.3511364961446105, 0.3504607165855478]}, "2": {"maxiter": 100, "fatol": 1e-10, "xatol": 1e-05, "duration": 0.04631805419921875, "fun": "0.3496849425246257", "nit": "100", "nfev": "165", "status": "2", "success": "False", "message": "Maximum number of iterations has been exceeded.", "x": "[4.99069545 3.95750441 2.34361488 1.91127621 4.72791341 4.30648288]", "final_simplex": "(array([[4.99069545, 3.95750441, 2.34361488, 1.91127621, 4.72791341,\n        4.30648288],\n       [4.97030995, 3.92809935, 2.33371234, 1.92133148, 4.70162185,\n        4.31102711],\n       [4.98571776, 3.91788196, 2.31117988, 1.91612941, 4.74070203,\n        4.3432127 ],\n       [5.00439486, 3.9229688 , 2.30467082, 1.91405136, 4.74724223,\n        4.29425523],\n       [5.00022185, 3.93745317, 2.32566413, 1.90973511, 4.70380801,\n        4.30951001],\n       [5.02430812, 3.97344784, 2.31986832, 1.94193728, 4.71678779,\n        4.34527457],\n       [4.9962231 , 3.9663488 , 2.31479374, 1.92924178, 4.73296578,\n        4.33067813]]), array([0.34968494, 0.35031151, 0.350413  , 0.35046072, 0.350669  ,\n       0.35069352, 0.35072872]))", "callback": [0.7496947090957279, 0.4690846701741618, 0.452513430664339, 0.41421005842362824, 0.3973878541770349, 0.37047557590964253, 0.3535762690154468, 0.3522539168382691, 0.3511364961446105, 0.3504607165855478]}, "3": {"maxiter": 100, "fatol": 1e-10, "xatol": 1e-10, "duration": 0.04552125930786133, "fun": "0.3496849425246257", "nit": "100", "nfev": "165", "status": "2", "success": "False", "message": "Maximum number of iterations has been exceeded.", "x": "[4.99069545 3.95750441 2.34361488 1.91127621 4.72791341 4.30648288]", "final_simplex": "(array([[4.99069545, 3.95750441, 2.34361488, 1.91127621, 4.72791341,\n        4.30648288],\n       [4.97030995, 3.92809935, 2.33371234, 1.92133148, 4.70162185,\n        4.31102711],\n       [4.98571776, 3.91788196, 2.31117988, 1.91612941, 4.74070203,\n        4.3432127 ],\n       [5.00439486, 3.9229688 , 2.30467082, 1.91405136, 4.74724223,\n        4.29425523],\n       [5.00022185, 3.93745317, 2.32566413, 1.90973511, 4.70380801,\n        4.30951001],\n       [5.02430812, 3.97344784, 2.31986832, 1.94193728, 4.71678779,\n        4.34527457],\n       [4.9962231 , 3.9663488 , 2.31479374, 1.92924178, 4.73296578,\n        4.33067813]]), array([0.34968494, 0.35031151, 0.350413  , 0.35046072, 0.350669  ,\n       0.35069352, 0.35072872]))", "callback": [0.7496947090957279, 0.4690846701741618, 0.452513430664339, 0.41421005842362824, 0.3973878541770349, 0.37047557590964253, 0.3535762690154468, 0.3522539168382691, 0.3511364961446105, 0.3504607165855478]}, "4": {"maxiter": 500, "fatol": 1e-05, "xatol": 1e-05, "duration": 0.15828895568847656, "fun": "0.3401692278500684", "nit": "332", "nfev": "534", "status": "0", "success": "True", "message": "Optimization terminated successfully.", "x": "[4.97534032 3.86961492 2.69041601 1.86658331 4.68072349 4.45558341]", "final_simplex": "(array([[4.97534032, 3.86961492, 2.69041601, 1.86658331, 4.68072349,\n        4.45558341],\n       [4.97534556, 3.8696082 , 2.69041817, 1.86657886, 4.68072373,\n        4.45558041],\n       [4.9753414 , 3.86960761, 2.69040988, 1.86658935, 4.68072629,\n        4.45558027],\n       [4.97533692, 3.86961103, 2.69041653, 1.86658291, 4.68072097,\n        4.45558211],\n       [4.97534547, 3.86960691, 2.69040896, 1.86658917, 4.68072564,\n        4.45557471],\n       [4.9753404 , 3.86961255, 2.69042084, 1.86658307, 4.6807239 ,\n        4.45558348],\n       [4.97534124, 3.8696183 , 2.69041993, 1.86657745, 4.68071832,\n        4.45558937]]), array([0.34016923, 0.34016923, 0.34016923, 0.34016923, 0.34016923,\n       0.34016923, 0.34016923]))", "callback": [0.7496947090957279, 0.4690846701741618, 0.452513430664339, 0.41421005842362824, 0.3973878541770349, 0.37047557590964253, 0.3535762690154468, 0.3522539168382691, 0.3511364961446105, 0.3504607165855478, 0.3496849425246257, 0.3466484207142806, 0.343842029037306, 0.34164921718270536, 0.34091241532827377, 0.3405507122731086, 0.34040742590916273, 0.34037503695878013, 0.3403187296060538, 0.3402714608253916, 0.3401882514535336, 0.34017528517307327, 0.3401704901467175, 0.34016978199420733, 0.34016945574213386, 0.34016929724115774, 0.3401692318551486, 0.3401692318551486, 0.3401692308049825, 0.3401692289891909, 0.3401692281522499, 0.34016922791505144, 0.34016922787094506, 0.3401692278500684]}, "5": {"maxiter": 500, "fatol": 1e-05, "xatol": 1e-10, "duration": 0.21315574645996094, "fun": "0.3401692278323607", "nit": "456", "nfev": "781", "status": "0", "success": "True", "message": "Optimization terminated successfully.", "x": "[4.97534044 3.86960808 2.69040559 1.86658187 4.68073387 4.45557878]", "final_simplex": "(array([[4.97534044, 3.86960808, 2.69040559, 1.86658187, 4.68073387,\n        4.45557878],\n       [4.97534044, 3.86960808, 2.69040559, 1.86658187, 4.68073387,\n        4.45557878],\n       [4.97534044, 3.86960808, 2.69040559, 1.86658187, 4.68073387,\n        4.45557878],\n       [4.97534044, 3.86960808, 2.69040559, 1.86658187, 4.68073387,\n        4.45557878],\n       [4.97534044, 3.86960808, 2.69040559, 1.86658187, 4.68073387,\n        4.45557878],\n       [4.97534044, 3.86960808, 2.69040559, 1.86658187, 4.68073387,\n        4.45557878],\n       [4.97534044, 3.86960808, 2.69040559, 1.86658187, 4.68073387,\n        4.45557878]]), array([0.34016923, 0.34016923, 0.34016923, 0.34016923, 0.34016923,\n       0.34016923, 0.34016923]))", "callback": [0.7496947090957279, 0.4690846701741618, 0.452513430664339, 0.41421005842362824, 0.3973878541770349, 0.37047557590964253, 0.3535762690154468, 0.3522539168382691, 0.3511364961446105, 0.3504607165855478, 0.3496849425246257, 0.3466484207142806, 0.343842029037306, 0.34164921718270536, 0.34091241532827377, 0.3405507122731086, 0.34040742590916273, 0.34037503695878013, 0.3403187296060538, 0.3402714608253916, 0.3401882514535336, 0.34017528517307327, 0.3401704901467175, 0.34016978199420733, 0.34016945574213386, 0.34016929724115774, 0.3401692318551486, 0.3401692318551486, 0.3401692308049825, 0.3401692289891909, 0.3401692281522499, 0.34016922791505144, 0.34016922787094506, 0.3401692278500684, 0.34016922784339443, 0.34016922783838777, 0.3401692278339038, 0.3401692278327967, 0.3401692278324272, 0.34016922783237624, 0.3401692278323647, 0.3401692278323618, 0.34016922783236136, 0.3401692278323609, 0.3401692278323609, 0.3401692278323607]}, "6": {"maxiter": 500, "fatol": 1e-10, "xatol": 1e-05, "duration": 0.15831303596496582, "fun": "0.3401692278500684", "nit": "332", "nfev": "534", "status": "0", "success": "True", "message": "Optimization terminated successfully.", "x": "[4.97534032 3.86961492 2.69041601 1.86658331 4.68072349 4.45558341]", "final_simplex": "(array([[4.97534032, 3.86961492, 2.69041601, 1.86658331, 4.68072349,\n        4.45558341],\n       [4.97534556, 3.8696082 , 2.69041817, 1.86657886, 4.68072373,\n        4.45558041],\n       [4.9753414 , 3.86960761, 2.69040988, 1.86658935, 4.68072629,\n        4.45558027],\n       [4.97533692, 3.86961103, 2.69041653, 1.86658291, 4.68072097,\n        4.45558211],\n       [4.97534547, 3.86960691, 2.69040896, 1.86658917, 4.68072564,\n        4.45557471],\n       [4.9753404 , 3.86961255, 2.69042084, 1.86658307, 4.6807239 ,\n        4.45558348],\n       [4.97534124, 3.8696183 , 2.69041993, 1.86657745, 4.68071832,\n        4.45558937]]), array([0.34016923, 0.34016923, 0.34016923, 0.34016923, 0.34016923,\n       0.34016923, 0.34016923]))", "callback": [0.7496947090957279, 0.4690846701741618, 0.452513430664339, 0.41421005842362824, 0.3973878541770349, 0.37047557590964253, 0.3535762690154468, 0.3522539168382691, 0.3511364961446105, 0.3504607165855478, 0.3496849425246257, 0.3466484207142806, 0.343842029037306, 0.34164921718270536, 0.34091241532827377, 0.3405507122731086, 0.34040742590916273, 0.34037503695878013, 0.3403187296060538, 0.3402714608253916, 0.3401882514535336, 0.34017528517307327, 0.3401704901467175, 0.34016978199420733, 0.34016945574213386, 0.34016929724115774, 0.3401692318551486, 0.3401692318551486, 0.3401692308049825, 0.3401692289891909, 0.3401692281522499, 0.34016922791505144, 0.34016922787094506, 0.3401692278500684]}, "7": {"maxiter": 500, "fatol": 1e-10, "xatol": 1e-10, "duration": 0.23598122596740723, "fun": "0.3401692278323607", "nit": "456", "nfev": "781", "status": "0", "success": "True", "message": "Optimization terminated successfully.", "x": "[4.97534044 3.86960808 2.69040559 1.86658187 4.68073387 4.45557878]", "final_simplex": "(array([[4.97534044, 3.86960808, 2.69040559, 1.86658187, 4.68073387,\n        4.45557878],\n       [4.97534044, 3.86960808, 2.69040559, 1.86658187, 4.68073387,\n        4.45557878],\n       [4.97534044, 3.86960808, 2.69040559, 1.86658187, 4.68073387,\n        4.45557878],\n       [4.97534044, 3.86960808, 2.69040559, 1.86658187, 4.68073387,\n        4.45557878],\n       [4.97534044, 3.86960808, 2.69040559, 1.86658187, 4.68073387,\n        4.45557878],\n       [4.97534044, 3.86960808, 2.69040559, 1.86658187, 4.68073387,\n        4.45557878],\n       [4.97534044, 3.86960808, 2.69040559, 1.86658187, 4.68073387,\n        4.45557878]]), array([0.34016923, 0.34016923, 0.34016923, 0.34016923, 0.34016923,\n       0.34016923, 0.34016923]))", "callback": [0.7496947090957279, 0.4690846701741618, 0.452513430664339, 0.41421005842362824, 0.3973878541770349, 0.37047557590964253, 0.3535762690154468, 0.3522539168382691, 0.3511364961446105, 0.3504607165855478, 0.3496849425246257, 0.3466484207142806, 0.343842029037306, 0.34164921718270536, 0.34091241532827377, 0.3405507122731086, 0.34040742590916273, 0.34037503695878013, 0.3403187296060538, 0.3402714608253916, 0.3401882514535336, 0.34017528517307327, 0.3401704901467175, 0.34016978199420733, 0.34016945574213386, 0.34016929724115774, 0.3401692318551486, 0.3401692318551486, 0.3401692308049825, 0.3401692289891909, 0.3401692281522499, 0.34016922791505144, 0.34016922787094506, 0.3401692278500684, 0.34016922784339443, 0.34016922783838777, 0.3401692278339038, 0.3401692278327967, 0.3401692278324272, 0.34016922783237624, 0.3401692278323647, 0.3401692278323618, 0.34016922783236136, 0.3401692278323609, 0.3401692278323609, 0.3401692278323607]}, "8": {"maxiter": 1000, "fatol": 1e-05, "xatol": 1e-05, "duration": 0.1584630012512207, "fun": "0.3401692278500684", "nit": "332", "nfev": "534", "status": "0", "success": "True", "message": "Optimization terminated successfully.", "x": "[4.97534032 3.86961492 2.69041601 1.86658331 4.68072349 4.45558341]", "final_simplex": "(array([[4.97534032, 3.86961492, 2.69041601, 1.86658331, 4.68072349,\n        4.45558341],\n       [4.97534556, 3.8696082 , 2.69041817, 1.86657886, 4.68072373,\n        4.45558041],\n       [4.9753414 , 3.86960761, 2.69040988, 1.86658935, 4.68072629,\n        4.45558027],\n       [4.97533692, 3.86961103, 2.69041653, 1.86658291, 4.68072097,\n        4.45558211],\n       [4.97534547, 3.86960691, 2.69040896, 1.86658917, 4.68072564,\n        4.45557471],\n       [4.9753404 , 3.86961255, 2.69042084, 1.86658307, 4.6807239 ,\n        4.45558348],\n       [4.97534124, 3.8696183 , 2.69041993, 1.86657745, 4.68071832,\n        4.45558937]]), array([0.34016923, 0.34016923, 0.34016923, 0.34016923, 0.34016923,\n       0.34016923, 0.34016923]))", "callback": [0.7496947090957279, 0.4690846701741618, 0.452513430664339, 0.41421005842362824, 0.3973878541770349, 0.37047557590964253, 0.3535762690154468, 0.3522539168382691, 0.3511364961446105, 0.3504607165855478, 0.3496849425246257, 0.3466484207142806, 0.343842029037306, 0.34164921718270536, 0.34091241532827377, 0.3405507122731086, 0.34040742590916273, 0.34037503695878013, 0.3403187296060538, 0.3402714608253916, 0.3401882514535336, 0.34017528517307327, 0.3401704901467175, 0.34016978199420733, 0.34016945574213386, 0.34016929724115774, 0.3401692318551486, 0.3401692318551486, 0.3401692308049825, 0.3401692289891909, 0.3401692281522499, 0.34016922791505144, 0.34016922787094506, 0.3401692278500684]}, "9": {"maxiter": 1000, "fatol": 1e-05, "xatol": 1e-10, "duration": 0.21035122871398926, "fun": "0.3401692278323607", "nit": "456", "nfev": "781", "status": "0", "success": "True", "message": "Optimization terminated successfully.", "x": "[4.97534044 3.86960808 2.69040559 1.86658187 4.68073387 4.45557878]", "final_simplex": "(array([[4.97534044, 3.86960808, 2.69040559, 1.86658187, 4.68073387,\n        4.45557878],\n       [4.97534044, 3.86960808, 2.69040559, 1.86658187, 4.68073387,\n        4.45557878],\n       [4.97534044, 3.86960808, 2.69040559, 1.86658187, 4.68073387,\n        4.45557878],\n       [4.97534044, 3.86960808, 2.69040559, 1.86658187, 4.68073387,\n        4.45557878],\n       [4.97534044, 3.86960808, 2.69040559, 1.86658187, 4.68073387,\n        4.45557878],\n       [4.97534044, 3.86960808, 2.69040559, 1.86658187, 4.68073387,\n        4.45557878],\n       [4.97534044, 3.86960808, 2.69040559, 1.86658187, 4.68073387,\n        4.45557878]]), array([0.34016923, 0.34016923, 0.34016923, 0.34016923, 0.34016923,\n       0.34016923, 0.34016923]))", "callback": [0.7496947090957279, 0.4690846701741618, 0.452513430664339, 0.41421005842362824, 0.3973878541770349, 0.37047557590964253, 0.3535762690154468, 0.3522539168382691, 0.3511364961446105, 0.3504607165855478, 0.3496849425246257, 0.3466484207142806, 0.343842029037306, 0.34164921718270536, 0.34091241532827377, 0.3405507122731086, 0.34040742590916273, 0.34037503695878013, 0.3403187296060538, 0.3402714608253916, 0.3401882514535336, 0.34017528517307327, 0.3401704901467175, 0.34016978199420733, 0.34016945574213386, 0.34016929724115774, 0.3401692318551486, 0.3401692318551486, 0.3401692308049825, 0.3401692289891909, 0.3401692281522499, 0.34016922791505144, 0.34016922787094506, 0.3401692278500684, 0.34016922784339443, 0.34016922783838777, 0.3401692278339038, 0.3401692278327967, 0.3401692278324272, 0.34016922783237624, 0.3401692278323647, 0.3401692278323618, 0.34016922783236136, 0.3401692278323609, 0.3401692278323609, 0.3401692278323607]}, "10": {"maxiter": 1000, "fatol": 1e-10, "xatol": 1e-05, "duration": 0.14711308479309082, "fun": "0.3401692278500684", "nit": "332", "nfev": "534", "status": "0", "success": "True", "message": "Optimization terminated successfully.", "x": "[4.97534032 3.86961492 2.69041601 1.86658331 4.68072349 4.45558341]", "final_simplex": "(array([[4.97534032, 3.86961492, 2.69041601, 1.86658331, 4.68072349,\n        4.45558341],\n       [4.97534556, 3.8696082 , 2.69041817, 1.86657886, 4.68072373,\n        4.45558041],\n       [4.9753414 , 3.86960761, 2.69040988, 1.86658935, 4.68072629,\n        4.45558027],\n       [4.97533692, 3.86961103, 2.69041653, 1.86658291, 4.68072097,\n        4.45558211],\n       [4.97534547, 3.86960691, 2.69040896, 1.86658917, 4.68072564,\n        4.45557471],\n       [4.9753404 , 3.86961255, 2.69042084, 1.86658307, 4.6807239 ,\n        4.45558348],\n       [4.97534124, 3.8696183 , 2.69041993, 1.86657745, 4.68071832,\n        4.45558937]]), array([0.34016923, 0.34016923, 0.34016923, 0.34016923, 0.34016923,\n       0.34016923, 0.34016923]))", "callback": [0.7496947090957279, 0.4690846701741618, 0.452513430664339, 0.41421005842362824, 0.3973878541770349, 0.37047557590964253, 0.3535762690154468, 0.3522539168382691, 0.3511364961446105, 0.3504607165855478, 0.3496849425246257, 0.3466484207142806, 0.343842029037306, 0.34164921718270536, 0.34091241532827377, 0.3405507122731086, 0.34040742590916273, 0.34037503695878013, 0.3403187296060538, 0.3402714608253916, 0.3401882514535336, 0.34017528517307327, 0.3401704901467175, 0.34016978199420733, 0.34016945574213386, 0.34016929724115774, 0.3401692318551486, 0.3401692318551486, 0.3401692308049825, 0.3401692289891909, 0.3401692281522499, 0.34016922791505144, 0.34016922787094506, 0.3401692278500684]}, "11": {"maxiter": 1000, "fatol": 1e-10, "xatol": 1e-10, "duration": 0.2260909080505371, "fun": "0.3401692278323607", "nit": "456", "nfev": "781", "status": "0", "success": "True", "message": "Optimization terminated successfully.", "x": "[4.97534044 3.86960808 2.69040559 1.86658187 4.68073387 4.45557878]", "final_simplex": "(array([[4.97534044, 3.86960808, 2.69040559, 1.86658187, 4.68073387,\n        4.45557878],\n       [4.97534044, 3.86960808, 2.69040559, 1.86658187, 4.68073387,\n        4.45557878],\n       [4.97534044, 3.86960808, 2.69040559, 1.86658187, 4.68073387,\n        4.45557878],\n       [4.97534044, 3.86960808, 2.69040559, 1.86658187, 4.68073387,\n        4.45557878],\n       [4.97534044, 3.86960808, 2.69040559, 1.86658187, 4.68073387,\n        4.45557878],\n       [4.97534044, 3.86960808, 2.69040559, 1.86658187, 4.68073387,\n        4.45557878],\n       [4.97534044, 3.86960808, 2.69040559, 1.86658187, 4.68073387,\n        4.45557878]]), array([0.34016923, 0.34016923, 0.34016923, 0.34016923, 0.34016923,\n       0.34016923, 0.34016923]))", "callback": [0.7496947090957279, 0.4690846701741618, 0.452513430664339, 0.41421005842362824, 0.3973878541770349, 0.37047557590964253, 0.3535762690154468, 0.3522539168382691, 0.3511364961446105, 0.3504607165855478, 0.3496849425246257, 0.3466484207142806, 0.343842029037306, 0.34164921718270536, 0.34091241532827377, 0.3405507122731086, 0.34040742590916273, 0.34037503695878013, 0.3403187296060538, 0.3402714608253916, 0.3401882514535336, 0.34017528517307327, 0.3401704901467175, 0.34016978199420733, 0.34016945574213386, 0.34016929724115774, 0.3401692318551486, 0.3401692318551486, 0.3401692308049825, 0.3401692289891909, 0.3401692281522499, 0.34016922791505144, 0.34016922787094506, 0.3401692278500684, 0.34016922784339443, 0.34016922783838777, 0.3401692278339038, 0.3401692278327967, 0.3401692278324272, 0.34016922783237624, 0.3401692278323647, 0.3401692278323618, 0.34016922783236136, 0.3401692278323609, 0.3401692278323609, 0.3401692278323607]}}, "bfgs": {"type": "gradient", "0": {"maxiter": 100, "gtol": 1e-05, "xrtol": 1e-05, "eps": 1e-05, "duration": 0.045622825622558594, "fun": "0.34016922801288385", "jac": "[ 1.20148336e-06  1.52369228e-06 -4.18675095e-06 -7.31815719e-06\n  3.17634807e-07 -1.32117650e-06]", "hess_inv": "[[ 3.35626072 -0.74347476 -1.07214284  1.0255659   0.60334057 -0.92077411]\n [-0.74347476  6.27191785  3.30704487 -2.91202838 -3.71627441  3.61927941]\n [-1.07214284  3.30704487  9.58486914 -5.0328202  -5.18445112  4.45641967]\n [ 1.0255659  -2.91202838 -5.0328202   5.12366434  3.08753011 -3.06855584]\n [ 0.60334057 -3.71627441 -5.18445112  3.08753011  6.75819679 -2.28863222]\n [-0.92077411  3.61927941  4.45641967 -3.06855584 -2.28863222  6.16635631]]", "nfev": "154", "njev": "22", "status": "0", "success": "True", "message": "Optimization terminated successfully.", "x": "[4.97533911 3.86961613 2.69038533 1.86655862 4.68073286 4.4555651 ]", "nit": "20", "callback": [0.49319252424348603, 0.4065169515056951, 0.35566131978914006, 0.34748850205005366, 0.34260858244233305, 0.3422912298517544, 0.34175480569048133, 0.3411997590908702, 0.34107172718054535, 0.3408328741609322, 0.3404368254210186, 0.34018246243581385, 0.3401733618807924, 0.3401711781059482, 0.34016977253695424, 0.3401693595912171, 0.34016924463918985, 0.3401692330975389, 0.3401692292583669, 0.34016922801288385]}, "1": {"maxiter": 100, "gtol": 1e-05, "xrtol": 1e-05, "eps": 1e-10, "duration": 0.03598904609680176, "fun": "0.3401692295560831", "jac": "[-1.66533440e-05 -7.77156053e-06 -1.22124523e-05 -2.55351275e-05\n  3.33066880e-06 -7.77156053e-06]", "hess_inv": "[[ 2.84035383 -0.78694425 -1.30550242  0.33100942  0.81903645 -1.07478285]\n [-0.78694425  6.48211942  3.10432155 -3.32661031 -3.75554432  3.5889887 ]\n [-1.30550242  3.10432155  9.55755843 -5.00137221 -5.01790182  4.43544635]\n [ 0.33100942 -3.32661031 -5.00137221  4.79054619  3.50366301 -3.21566626]\n [ 0.81903645 -3.75554432 -5.01790182  3.50366301  6.74504183 -2.18514542]\n [-1.07478285  3.5889887   4.43544635 -3.21566626 -2.18514542  6.16375235]]", "nfev": "147", "njev": "21", "status": "0", "success": "True", "message": "Optimization terminated successfully.", "x": "[4.97528733 3.86959335 2.69037049 1.8665137  4.68075517 4.45554479]", "nit": "19", "callback": [0.493189793068626, 0.40651673485411677, 0.35566116470626574, 0.3474885752660972, 0.3426086120650863, 0.34229126036102386, 0.3417547732275237, 0.3411997051330047, 0.3410716908204353, 0.34083281446216773, 0.34043671889156457, 0.3401825470199089, 0.34017334924472253, 0.34017118016870485, 0.34016976494633333, 0.3401693562549256, 0.3401692440297036, 0.3401692324491453, 0.3401692295560831]}, "2": {"maxiter": 100, "gtol": 1e-05, "xrtol": 1e-10, "eps": 1e-05, "duration": 0.04858207702636719, "fun": "0.34016922801288385", "jac": "[ 1.20148336e-06  1.52369228e-06 -4.18675095e-06 -7.31815719e-06\n  3.17634807e-07 -1.32117650e-06]", "hess_inv": "[[ 3.35626072 -0.74347476 -1.07214284  1.0255659   0.60334057 -0.92077411]\n [-0.74347476  6.27191785  3.30704487 -2.91202838 -3.71627441  3.61927941]\n [-1.07214284  3.30704487  9.58486914 -5.0328202  -5.18445112  4.45641967]\n [ 1.0255659  -2.91202838 -5.0328202   5.12366434  3.08753011 -3.06855584]\n [ 0.60334057 -3.71627441 -5.18445112  3.08753011  6.75819679 -2.28863222]\n [-0.92077411  3.61927941  4.45641967 -3.06855584 -2.28863222  6.16635631]]", "nfev": "154", "njev": "22", "status": "0", "success": "True", "message": "Optimization terminated successfully.", "x": "[4.97533911 3.86961613 2.69038533 1.86655862 4.68073286 4.4555651 ]", "nit": "20", "callback": [0.49319252424348603, 0.4065169515056951, 0.35566131978914006, 0.34748850205005366, 0.34260858244233305, 0.3422912298517544, 0.34175480569048133, 0.3411997590908702, 0.34107172718054535, 0.3408328741609322, 0.3404368254210186, 0.34018246243581385, 0.3401733618807924, 0.3401711781059482, 0.34016977253695424, 0.3401693595912171, 0.34016924463918985, 0.3401692330975389, 0.3401692292583669, 0.34016922801288385]}, "3": {"maxiter": 100, "gtol": 1e-05, "xrtol": 1e-10, "eps": 1e-10, "duration": 0.04684114456176758, "fun": "0.3401692281607984", "jac": "[ 6.66133760e-06  5.55111466e-06  1.11022293e-06  2.22044587e-06\n -4.44089173e-06  5.55111466e-06]", "hess_inv": "[[ 3.01110323 -0.7933629  -0.67390135  0.86325959  0.7104165  -0.70800454]\n [-0.7933629   5.91052821  2.55423764 -2.69111243 -3.43423992  3.04445702]\n [-0.67390135  2.55423764  7.92477461 -3.92888351 -4.87677929  3.28547236]\n [ 0.86325959 -2.69111243 -3.92888351  5.05281854  2.90942917 -2.33251272]\n [ 0.7104165  -3.43423992 -4.87677929  2.90942917  6.62009347 -1.97871351]\n [-0.70800454  3.04445702  3.28547236 -2.33251272 -1.97871351  5.2901514 ]]", "nfev": "161", "njev": "23", "status": "0", "success": "True", "message": "Optimization terminated successfully.", "x": "[4.97536101 3.86965834 2.69044252 1.86655256 4.68068964 4.45561369]", "nit": "21", "callback": [0.493189793068626, 0.40651673485411677, 0.35566116470626574, 0.3474885752660972, 0.3426086120650863, 0.34229126036102386, 0.3417547732275237, 0.3411997051330047, 0.3410716908204353, 0.34083281446216773, 0.34043671889156457, 0.3401825470199089, 0.34017334924472253, 0.34017118016870485, 0.34016976494633333, 0.3401693562549256, 0.3401692440297036, 0.3401692324491453, 0.3401692295560831, 0.3401692289675241, 0.3401692281607984]}, "4": {"maxiter": 100, "gtol": 1e-10, "xrtol": 1e-05, "eps": 1e-05, "duration": 0.03922390937805176, "fun": "0.34016922801288385", "jac": "[ 1.20148336e-06  1.52369228e-06 -4.18675095e-06 -7.31815719e-06\n  3.17634807e-07 -1.32117650e-06]", "hess_inv": "[[ 3.35626072 -0.74347476 -1.07214284  1.0255659   0.60334057 -0.92077411]\n [-0.74347476  6.27191785  3.30704487 -2.91202838 -3.71627441  3.61927941]\n [-1.07214284  3.30704487  9.58486914 -5.0328202  -5.18445112  4.45641967]\n [ 1.0255659  -2.91202838 -5.0328202   5.12366434  3.08753011 -3.06855584]\n [ 0.60334057 -3.71627441 -5.18445112  3.08753011  6.75819679 -2.28863222]\n [-0.92077411  3.61927941  4.45641967 -3.06855584 -2.28863222  6.16635631]]", "nfev": "154", "njev": "22", "status": "0", "success": "True", "message": "Optimization terminated successfully.", "x": "[4.97533911 3.86961613 2.69038533 1.86655862 4.68073286 4.4555651 ]", "nit": "20", "callback": [0.49319252424348603, 0.4065169515056951, 0.35566131978914006, 0.34748850205005366, 0.34260858244233305, 0.3422912298517544, 0.34175480569048133, 0.3411997590908702, 0.34107172718054535, 0.3408328741609322, 0.3404368254210186, 0.34018246243581385, 0.3401733618807924, 0.3401711781059482, 0.34016977253695424, 0.3401693595912171, 0.34016924463918985, 0.3401692330975389, 0.3401692292583669, 0.34016922801288385]}, "5": {"maxiter": 100, "gtol": 1e-10, "xrtol": 1e-05, "eps": 1e-10, "duration": 0.04150390625, "fun": "0.3401692295560831", "jac": "[-1.66533440e-05 -7.77156053e-06 -1.22124523e-05 -2.55351275e-05\n  3.33066880e-06 -7.77156053e-06]", "hess_inv": "[[ 2.84035383 -0.78694425 -1.30550242  0.33100942  0.81903645 -1.07478285]\n [-0.78694425  6.48211942  3.10432155 -3.32661031 -3.75554432  3.5889887 ]\n [-1.30550242  3.10432155  9.55755843 -5.00137221 -5.01790182  4.43544635]\n [ 0.33100942 -3.32661031 -5.00137221  4.79054619  3.50366301 -3.21566626]\n [ 0.81903645 -3.75554432 -5.01790182  3.50366301  6.74504183 -2.18514542]\n [-1.07478285  3.5889887   4.43544635 -3.21566626 -2.18514542  6.16375235]]", "nfev": "147", "njev": "21", "status": "0", "success": "True", "message": "Optimization terminated successfully.", "x": "[4.97528733 3.86959335 2.69037049 1.8665137  4.68075517 4.45554479]", "nit": "19", "callback": [0.493189793068626, 0.40651673485411677, 0.35566116470626574, 0.3474885752660972, 0.3426086120650863, 0.34229126036102386, 0.3417547732275237, 0.3411997051330047, 0.3410716908204353, 0.34083281446216773, 0.34043671889156457, 0.3401825470199089, 0.34017334924472253, 0.34017118016870485, 0.34016976494633333, 0.3401693562549256, 0.3401692440297036, 0.3401692324491453, 0.3401692295560831]}, "6": {"maxiter": 100, "gtol": 1e-10, "xrtol": 1e-10, "eps": 1e-05, "duration": 0.10138416290283203, "fun": "0.34016922785639325", "jac": "[ 1.16306964e-07  6.09512441e-08 -2.65787392e-08  4.20885549e-08\n -2.97872838e-08  2.21156427e-08]", "hess_inv": "[[ 3.29189489 -0.70171011 -1.16612923  0.87517209  0.66534377 -0.93899203]\n [-0.70171011  6.698915    2.93865651 -3.52221068 -3.68796054  3.59170185]\n [-1.16612923  2.93865651  9.86398758 -4.58644844 -5.16643705  4.46656166]\n [ 0.87517209 -3.52221068 -4.58644844  5.87642541  3.127987   -3.04955931]\n [ 0.66534377 -3.68796054 -5.16643705  3.127987    6.71455071 -2.27665284]\n [-0.93899203  3.59170185  4.46656166 -3.04955931 -2.27665284  6.16464009]]", "nfev": "334", "njev": "46", "status": "2", "success": "False", "message": "Desired error not necessarily achieved due to precision loss.", "x": "[4.97533733 3.86959957 2.69039736 1.86658274 4.68073348 4.45556624]", "nit": "22", "callback": [0.49319252424348603, 0.4065169515056951, 0.35566131978914006, 0.34748850205005366, 0.34260858244233305, 0.3422912298517544, 0.34175480569048133, 0.3411997590908702, 0.34107172718054535, 0.3408328741609322, 0.3404368254210186, 0.34018246243581385, 0.3401733618807924, 0.3401711781059482, 0.34016977253695424, 0.3401693595912171, 0.34016924463918985, 0.3401692330975389, 0.3401692292583669, 0.34016922801288385, 0.3401692278584302, 0.34016922785639325]}, "7": {"maxiter": 100, "gtol": 1e-10, "xrtol": 1e-10, "eps": 1e-10, "duration": 0.1423349380493164, "fun": "0.3401692278351941", "jac": "[1.11022293e-06 0.00000000e+00 1.11022293e-06 1.11022293e-06\n 0.00000000e+00 0.00000000e+00]", "hess_inv": "[[ 0.04581559 -0.07074177 -0.02900245 -0.04341326  0.19965238  0.09959222]\n [-0.07074177  0.1481964   0.05046825  0.06026195 -0.36273979 -0.16180631]\n [-0.02900245  0.05046825  0.03797675  0.03521009 -0.17803023 -0.07369549]\n [-0.04341326  0.06026195  0.03521009  0.05192484 -0.20873616 -0.09835215]\n [ 0.19965238 -0.36273979 -0.17803023 -0.20873616  1.0644299   0.47069037]\n [ 0.09959222 -0.16180631 -0.07369549 -0.09835215  0.47069037  0.23435386]]", "nfev": "478", "njev": "67", "status": "2", "success": "False", "message": "Desired error not necessarily achieved due to precision loss.", "x": "[4.97534272 3.86960684 2.69040521 1.86658553 4.68073638 4.45557883]", "nit": "32", "callback": [0.493189793068626, 0.40651673485411677, 0.35566116470626574, 0.3474885752660972, 0.3426086120650863, 0.34229126036102386, 0.3417547732275237, 0.3411997051330047, 0.3410716908204353, 0.34083281446216773, 0.34043671889156457, 0.3401825470199089, 0.34017334924472253, 0.34017118016870485, 0.34016976494633333, 0.3401693562549256, 0.3401692440297036, 0.3401692324491453, 0.3401692295560831, 0.3401692289675241, 0.3401692281607984, 0.34016922788744564, 0.34016922783773595, 0.3401692278377104, 0.3401692278377002, 0.3401692278376717, 0.34016922783765247, 0.340169227837525, 0.34016922783737014, 0.34016922783711, 0.3401692278354562, 0.3401692278351941]}, "8": {"maxiter": 500, "gtol": 1e-05, "xrtol": 1e-05, "eps": 1e-05, "duration": 0.041676998138427734, "fun": "0.34016922801288385", "jac": "[ 1.20148336e-06  1.52369228e-06 -4.18675095e-06 -7.31815719e-06\n  3.17634807e-07 -1.32117650e-06]", "hess_inv": "[[ 3.35626072 -0.74347476 -1.07214284  1.0255659   0.60334057 -0.92077411]\n [-0.74347476  6.27191785  3.30704487 -2.91202838 -3.71627441  3.61927941]\n [-1.07214284  3.30704487  9.58486914 -5.0328202  -5.18445112  4.45641967]\n [ 1.0255659  -2.91202838 -5.0328202   5.12366434  3.08753011 -3.06855584]\n [ 0.60334057 -3.71627441 -5.18445112  3.08753011  6.75819679 -2.28863222]\n [-0.92077411  3.61927941  4.45641967 -3.06855584 -2.28863222  6.16635631]]", "nfev": "154", "njev": "22", "status": "0", "success": "True", "message": "Optimization terminated successfully.", "x": "[4.97533911 3.86961613 2.69038533 1.86655862 4.68073286 4.4555651 ]", "nit": "20", "callback": [0.49319252424348603, 0.4065169515056951, 0.35566131978914006, 0.34748850205005366, 0.34260858244233305, 0.3422912298517544, 0.34175480569048133, 0.3411997590908702, 0.34107172718054535, 0.3408328741609322, 0.3404368254210186, 0.34018246243581385, 0.3401733618807924, 0.3401711781059482, 0.34016977253695424, 0.3401693595912171, 0.34016924463918985, 0.3401692330975389, 0.3401692292583669, 0.34016922801288385]}, "9": {"maxiter": 500, "gtol": 1e-05, "xrtol": 1e-05, "eps": 1e-10, "duration": 0.041749000549316406, "fun": "0.3401692295560831", "jac": "[-1.66533440e-05 -7.77156053e-06 -1.22124523e-05 -2.55351275e-05\n  3.33066880e-06 -7.77156053e-06]", "hess_inv": "[[ 2.84035383 -0.78694425 -1.30550242  0.33100942  0.81903645 -1.07478285]\n [-0.78694425  6.48211942  3.10432155 -3.32661031 -3.75554432  3.5889887 ]\n [-1.30550242  3.10432155  9.55755843 -5.00137221 -5.01790182  4.43544635]\n [ 0.33100942 -3.32661031 -5.00137221  4.79054619  3.50366301 -3.21566626]\n [ 0.81903645 -3.75554432 -5.01790182  3.50366301  6.74504183 -2.18514542]\n [-1.07478285  3.5889887   4.43544635 -3.21566626 -2.18514542  6.16375235]]", "nfev": "147", "njev": "21", "status": "0", "success": "True", "message": "Optimization terminated successfully.", "x": "[4.97528733 3.86959335 2.69037049 1.8665137  4.68075517 4.45554479]", "nit": "19", "callback": [0.493189793068626, 0.40651673485411677, 0.35566116470626574, 0.3474885752660972, 0.3426086120650863, 0.34229126036102386, 0.3417547732275237, 0.3411997051330047, 0.3410716908204353, 0.34083281446216773, 0.34043671889156457, 0.3401825470199089, 0.34017334924472253, 0.34017118016870485, 0.34016976494633333, 0.3401693562549256, 0.3401692440297036, 0.3401692324491453, 0.3401692295560831]}, "10": {"maxiter": 500, "gtol": 1e-05, "xrtol": 1e-10, "eps": 1e-05, "duration": 0.04544472694396973, "fun": "0.34016922801288385", "jac": "[ 1.20148336e-06  1.52369228e-06 -4.18675095e-06 -7.31815719e-06\n  3.17634807e-07 -1.32117650e-06]", "hess_inv": "[[ 3.35626072 -0.74347476 -1.07214284  1.0255659   0.60334057 -0.92077411]\n [-0.74347476  6.27191785  3.30704487 -2.91202838 -3.71627441  3.61927941]\n [-1.07214284  3.30704487  9.58486914 -5.0328202  -5.18445112  4.45641967]\n [ 1.0255659  -2.91202838 -5.0328202   5.12366434  3.08753011 -3.06855584]\n [ 0.60334057 -3.71627441 -5.18445112  3.08753011  6.75819679 -2.28863222]\n [-0.92077411  3.61927941  4.45641967 -3.06855584 -2.28863222  6.16635631]]", "nfev": "154", "njev": "22", "status": "0", "success": "True", "message": "Optimization terminated successfully.", "x": "[4.97533911 3.86961613 2.69038533 1.86655862 4.68073286 4.4555651 ]", "nit": "20", "callback": [0.49319252424348603, 0.4065169515056951, 0.35566131978914006, 0.34748850205005366, 0.34260858244233305, 0.3422912298517544, 0.34175480569048133, 0.3411997590908702, 0.34107172718054535, 0.3408328741609322, 0.3404368254210186, 0.34018246243581385, 0.3401733618807924, 0.3401711781059482, 0.34016977253695424, 0.3401693595912171, 0.34016924463918985, 0.3401692330975389, 0.3401692292583669, 0.34016922801288385]}, "11": {"maxiter": 500, "gtol": 1e-05, "xrtol": 1e-10, "eps": 1e-10, "duration": 0.04959702491760254, "fun": "0.3401692281607984", "jac": "[ 6.66133760e-06  5.55111466e-06  1.11022293e-06  2.22044587e-06\n -4.44089173e-06  5.55111466e-06]", "hess_inv": "[[ 3.01110323 -0.7933629  -0.67390135  0.86325959  0.7104165  -0.70800454]\n [-0.7933629   5.91052821  2.55423764 -2.69111243 -3.43423992  3.04445702]\n [-0.67390135  2.55423764  7.92477461 -3.92888351 -4.87677929  3.28547236]\n [ 0.86325959 -2.69111243 -3.92888351  5.05281854  2.90942917 -2.33251272]\n [ 0.7104165  -3.43423992 -4.87677929  2.90942917  6.62009347 -1.97871351]\n [-0.70800454  3.04445702  3.28547236 -2.33251272 -1.97871351  5.2901514 ]]", "nfev": "161", "njev": "23", "status": "0", "success": "True", "message": "Optimization terminated successfully.", "x": "[4.97536101 3.86965834 2.69044252 1.86655256 4.68068964 4.45561369]", "nit": "21", "callback": [0.493189793068626, 0.40651673485411677, 0.35566116470626574, 0.3474885752660972, 0.3426086120650863, 0.34229126036102386, 0.3417547732275237, 0.3411997051330047, 0.3410716908204353, 0.34083281446216773, 0.34043671889156457, 0.3401825470199089, 0.34017334924472253, 0.34017118016870485, 0.34016976494633333, 0.3401693562549256, 0.3401692440297036, 0.3401692324491453, 0.3401692295560831, 0.3401692289675241, 0.3401692281607984]}, "12": {"maxiter": 500, "gtol": 1e-10, "xrtol": 1e-05, "eps": 1e-05, "duration": 0.04826235771179199, "fun": "0.34016922801288385", "jac": "[ 1.20148336e-06  1.52369228e-06 -4.18675095e-06 -7.31815719e-06\n  3.17634807e-07 -1.32117650e-06]", "hess_inv": "[[ 3.35626072 -0.74347476 -1.07214284  1.0255659   0.60334057 -0.92077411]\n [-0.74347476  6.27191785  3.30704487 -2.91202838 -3.71627441  3.61927941]\n [-1.07214284  3.30704487  9.58486914 -5.0328202  -5.18445112  4.45641967]\n [ 1.0255659  -2.91202838 -5.0328202   5.12366434  3.08753011 -3.06855584]\n [ 0.60334057 -3.71627441 -5.18445112  3.08753011  6.75819679 -2.28863222]\n [-0.92077411  3.61927941  4.45641967 -3.06855584 -2.28863222  6.16635631]]", "nfev": "154", "njev": "22", "status": "0", "success": "True", "message": "Optimization terminated successfully.", "x": "[4.97533911 3.86961613 2.69038533 1.86655862 4.68073286 4.4555651 ]", "nit": "20", "callback": [0.49319252424348603, 0.4065169515056951, 0.35566131978914006, 0.34748850205005366, 0.34260858244233305, 0.3422912298517544, 0.34175480569048133, 0.3411997590908702, 0.34107172718054535, 0.3408328741609322, 0.3404368254210186, 0.34018246243581385, 0.3401733618807924, 0.3401711781059482, 0.34016977253695424, 0.3401693595912171, 0.34016924463918985, 0.3401692330975389, 0.3401692292583669, 0.34016922801288385]}, "13": {"maxiter": 500, "gtol": 1e-10, "xrtol": 1e-05, "eps": 1e-10, "duration": 0.04345393180847168, "fun": "0.3401692295560831", "jac": "[-1.66533440e-05 -7.77156053e-06 -1.22124523e-05 -2.55351275e-05\n  3.33066880e-06 -7.77156053e-06]", "hess_inv": "[[ 2.84035383 -0.78694425 -1.30550242  0.33100942  0.81903645 -1.07478285]\n [-0.78694425  6.48211942  3.10432155 -3.32661031 -3.75554432  3.5889887 ]\n [-1.30550242  3.10432155  9.55755843 -5.00137221 -5.01790182  4.43544635]\n [ 0.33100942 -3.32661031 -5.00137221  4.79054619  3.50366301 -3.21566626]\n [ 0.81903645 -3.75554432 -5.01790182  3.50366301  6.74504183 -2.18514542]\n [-1.07478285  3.5889887   4.43544635 -3.21566626 -2.18514542  6.16375235]]", "nfev": "147", "njev": "21", "status": "0", "success": "True", "message": "Optimization terminated successfully.", "x": "[4.97528733 3.86959335 2.69037049 1.8665137