{"date": "2024/10/08/, 16:29:24", "conf_id": 12, "data_type": "random\n", "num_data_points": 1, "s_rank": 0, "unitary": "[[0.18663085-0.53122324j,-0.11886349-0.70040876j,0.28555095-0.02789305j,-0.12262021-0.2844587j],[-0.16702216+0.27758472j,0.27526351-0.29738586j,-0.01109314+0.22495461j,-0.77239203+0.28900673j],[0.61935415+0.12301792j,-0.31269928-0.03315917j,-0.61902762-0.19039079j,-0.27120731-0.0968989j],[0.42341754+0.0023929j,-0.05847358+0.47832119j,0.64900495-0.16218422j,-0.37182676-0.05229966j]]", "databatch_0": {"databatch": "[[[0.37499282-0.1988711j,-0.09805211+0.51312565j,-0.06018494-0.1195844j,0.01312463+0.17626814j],[-0.18377631-0.13956889j,-0.13231969+0.24612149j,-0.22095146+0.05001798j,-0.16555035+0.06802536j],[0.10817082+0.07249202j,-0.16364044-0.05995084j,0.09724384-0.07431174j,0.13547491+0.13020586j],[0.18773009-0.00895319j,0.26216462-0.05488097j,0.17452986+0.02131652j,0.05918097+0.20967497j]]]", "initial param values": "[1.46993886,6.20471262,6.08403014,5.6628095,1.51167117,2.17668945]", "nelder_mead": {"type": "gradient-free", "0": {"maxiter": 100, "fatol": 1e-05, "xatol": 1e-05, "duration": 0.06316900253295898, "fun": "0.3563601928553609", "nit": "100", "nfev": "157", "status": "2", "success": "False", "message": "Maximum number of iterations has been exceeded.", "x": "[0.53259223 3.55592731 7.40177734 8.29587152 1.85295313 2.22438612]", "final_simplex": "(array([[0.53259223, 3.55592731, 7.40177734, 8.29587152, 1.85295313,\n        2.22438612],\n       [0.51491844, 3.54191395, 7.43787233, 8.20889393, 1.90732428,\n        2.21201856],\n       [0.48452517, 3.58548619, 7.42554875, 8.23354606, 1.96527734,\n        2.2425277 ],\n       [0.5424599 , 3.65252145, 7.36345584, 8.33997033, 1.85000199,\n        2.2334037 ],\n       [0.51353166, 3.60301225, 7.41078531, 8.36893119, 1.90763747,\n        2.24307297],\n       [0.53554185, 3.63395689, 7.46151732, 8.20132057, 1.89738308,\n        2.22015567],\n       [0.5378275 , 3.60302474, 7.37025613, 8.27663361, 1.93724252,\n        2.27372335]]), array([0.35636019, 0.357106  , 0.35724921, 0.35761439, 0.35843045,\n       0.35999833, 0.36023224]))", "callback": [0.8226232788773534, 0.7200484907967268, 0.6175158597758186, 0.4870056608879617, 0.4032040826513753, 0.3842740215941688, 0.36934598321494916, 0.3668145166740935, 0.3645456812704647, 0.35999833002239656]}, "1": {"maxiter": 100, "fatol": 1e-05, "xatol": 1e-10, "duration": 0.045868873596191406, "fun": "0.3563601928553609", "nit": "100", "nfev": "157", "status": "2", "success": "False", "message": "Maximum number of iterations has been exceeded.", "x": "[0.53259223 3.55592731 7.40177734 8.29587152 1.85295313 2.22438612]", "final_simplex": "(array([[0.53259223, 3.55592731, 7.40177734, 8.29587152, 1.85295313,\n        2.22438612],\n       [0.51491844, 3.54191395, 7.43787233, 8.20889393, 1.90732428,\n        2.21201856],\n       [0.48452517, 3.58548619, 7.42554875, 8.23354606, 1.96527734,\n        2.2425277 ],\n       [0.5424599 , 3.65252145, 7.36345584, 8.33997033, 1.85000199,\n        2.2334037 ],\n       [0.51353166, 3.60301225, 7.41078531, 8.36893119, 1.90763747,\n        2.24307297],\n       [0.53554185, 3.63395689, 7.46151732, 8.20132057, 1.89738308,\n        2.22015567],\n       [0.5378275 , 3.60302474, 7.37025613, 8.27663361, 1.93724252,\n        2.27372335]]), array([0.35636019, 0.357106  , 0.35724921, 0.35761439, 0.35843045,\n       0.35999833, 0.36023224]))", "callback": [0.8226232788773534, 0.7200484907967268, 0.6175158597758186, 0.4870056608879617, 0.4032040826513753, 0.3842740215941688, 0.36934598321494916, 0.3668145166740935, 0.3645456812704647, 0.35999833002239656]}, "2": {"maxiter": 100, "fatol": 1e-10, "xatol": 1e-05, "duration": 0.04793691635131836, "fun": "0.3563601928553609", "nit": "100", "nfev": "157", "status": "2", "success": "False", "message": "Maximum number of iterations has been exceeded.", "x": "[0.53259223 3.55592731 7.40177734 8.29587152 1.85295313 2.22438612]", "final_simplex": "(array([[0.53259223, 3.55592731, 7.40177734, 8.29587152, 1.85295313,\n        2.22438612],\n       [0.51491844, 3.54191395, 7.43787233, 8.20889393, 1.90732428,\n        2.21201856],\n       [0.48452517, 3.58548619, 7.42554875, 8.23354606, 1.96527734,\n        2.2425277 ],\n       [0.5424599 , 3.65252145, 7.36345584, 8.33997033, 1.85000199,\n        2.2334037 ],\n       [0.51353166, 3.60301225, 7.41078531, 8.36893119, 1.90763747,\n        2.24307297],\n       [0.53554185, 3.63395689, 7.46151732, 8.20132057, 1.89738308,\n        2.22015567],\n       [0.5378275 , 3.60302474, 7.37025613, 8.27663361, 1.93724252,\n        2.27372335]]), array([0.35636019, 0.357106  , 0.35724921, 0.35761439, 0.35843045,\n       0.35999833, 0.36023224]))", "callback": [0.8226232788773534, 0.7200484907967268, 0.6175158597758186, 0.4870056608879617, 0.4032040826513753, 0.3842740215941688, 0.36934598321494916, 0.3668145166740935, 0.3645456812704647, 0.35999833002239656]}, "3": {"maxiter": 100, "fatol": 1e-10, "xatol": 1e-10, "duration": 0.06234478950500488, "fun": "0.3563601928553609", "nit": "100", "nfev": "157", "status": "2", "success": "False", "message": "Maximum number of iterations has been exceeded.", "x": "[0.53259223 3.55592731 7.40177734 8.29587152 1.85295313 2.22438612]", "final_simplex": "(array([[0.53259223, 3.55592731, 7.40177734, 8.29587152, 1.85295313,\n        2.22438612],\n       [0.51491844, 3.54191395, 7.43787233, 8.20889393, 1.90732428,\n        2.21201856],\n       [0.48452517, 3.58548619, 7.42554875, 8.23354606, 1.96527734,\n        2.2425277 ],\n       [0.5424599 , 3.65252145, 7.36345584, 8.33997033, 1.85000199,\n        2.2334037 ],\n       [0.51353166, 3.60301225, 7.41078531, 8.36893119, 1.90763747,\n        2.24307297],\n       [0.53554185, 3.63395689, 7.46151732, 8.20132057, 1.89738308,\n        2.22015567],\n       [0.5378275 , 3.60302474, 7.37025613, 8.27663361, 1.93724252,\n        2.27372335]]), array([0.35636019, 0.357106  , 0.35724921, 0.35761439, 0.35843045,\n       0.35999833, 0.36023224]))", "callback": [0.8226232788773534, 0.7200484907967268, 0.6175158597758186, 0.4870056608879617, 0.4032040826513753, 0.3842740215941688, 0.36934598321494916, 0.3668145166740935, 0.3645456812704647, 0.35999833002239656]}, "4": {"maxiter": 500, "fatol": 1e-05, "xatol": 1e-05, "duration": 0.22900009155273438, "fun": "0.2878047473283222", "nit": "497", "nfev": "773", "status": "0", "success": "True", "message": "Optimization terminated successfully.", "x": "[-0.47172996  3.70695841  6.8775959   8.65771152  1.26230419  2.50211681]", "final_simplex": "(array([[-0.47172996,  3.70695841,  6.8775959 ,  8.65771152,  1.26230419,\n         2.50211681],\n       [-0.47173362,  3.70696427,  6.87759042,  8.65771367,  1.26229831,\n         2.50211712],\n       [-0.4717328 ,  3.70696346,  6.87759114,  8.65771213,  1.2622959 ,\n         2.50211036],\n       [-0.47173363,  3.70695299,  6.87759783,  8.65771315,  1.26229703,\n         2.50211683],\n       [-0.47173574,  3.70696192,  6.87759106,  8.65771638,  1.26230224,\n         2.50211826],\n       [-0.47173363,  3.70695685,  6.87759147,  8.65771276,  1.26230164,\n         2.50211837],\n       [-0.47173408,  3.70696069,  6.87759366,  8.6577117 ,  1.26230085,\n         2.50211865]]), array([0.28780475, 0.28780475, 0.28780475, 0.28780475, 0.28780475,\n       0.28780475, 0.28780475]))", "callback": [0.8226232788773534, 0.7200484907967268, 0.6175158597758186, 0.4870056608879617, 0.4032040826513753, 0.3842740215941688, 0.36934598321494916, 0.3668145166740935, 0.3645456812704647, 0.35999833002239656, 0.35144131925553124, 0.34266111733404936, 0.33775694078212626, 0.33362087980840505, 0.3298203143339762, 0.3152364533179557, 0.3055019093974445, 0.3011569976893592, 0.30026183818545416, 0.30004148053054946, 0.3000302839603677, 0.30002420932736884, 0.30000182955681676, 0.299921456698649, 0.2992557456596796, 0.2968054507252127, 0.29490447204855863, 0.29100596991659833, 0.2893526131389126, 0.28879639732503626, 0.2882705492471286, 0.2879778956517015, 0.28793629553656974, 0.2879173728902541, 0.28790859638083854, 0.28785591846635095, 0.28782085043251904, 0.2878099130149936, 0.2878059648964739, 0.2878053583250473, 0.2878048786842926, 0.28780475827152163, 0.28780475330811317, 0.28780474863100647, 0.2878047477524206, 0.2878047474899891, 0.28780474736254835, 0.28780474736254835, 0.2878047473300114, 0.2878047473300114]}, "5": {"maxiter": 500, "fatol": 1e-05, "xatol": 1e-10, "duration": 0.24146223068237305, "fun": "0.2878047473258526", "nit": "500", "nfev": "777", "status": "2", "success": "False", "message": "Maximum number of iterations has been exceeded.", "x": "[-0.47173238  3.70695861  6.87759228  8.65771484  1.26229893  2.50211393]", "final_simplex": "(array([[-0.47173238,  3.70695861,  6.87759228,  8.65771484,  1.26229893,\n         2.50211393],\n       [-0.47172996,  3.70695841,  6.8775959 ,  8.65771152,  1.26230419,\n         2.50211681],\n       [-0.47173362,  3.70696427,  6.87759042,  8.65771367,  1.26229831,\n         2.50211712],\n       [-0.4717328 ,  3.70696346,  6.87759114,  8.65771213,  1.2622959 ,\n         2.50211036],\n       [-0.47172919,  3.70695835,  6.87759638,  8.65771021,  1.26229496,\n         2.502111  ],\n       [-0.47173363,  3.70695299,  6.87759783,  8.65771315,  1.26229703,\n         2.50211683],\n       [-0.47173241,  3.70696304,  6.87759474,  8.65771447,  1.26229723,\n         2.50211273]]), array([0.28780475, 0.28780475, 0.28780475, 0.28780475, 0.28780475,\n       0.28780475, 0.28780475]))", "callback": [0.8226232788773534, 0.7200484907967268, 0.6175158597758186, 0.4870056608879617, 0.4032040826513753, 0.3842740215941688, 0.36934598321494916, 0.3668145166740935, 0.3645456812704647, 0.35999833002239656, 0.35144131925553124, 0.34266111733404936, 0.33775694078212626, 0.33362087980840505, 0.3298203143339762, 0.3152364533179557, 0.3055019093974445, 0.3011569976893592, 0.30026183818545416, 0.30004148053054946, 0.3000302839603677, 0.30002420932736884, 0.30000182955681676, 0.299921456698649, 0.2992557456596796, 0.2968054507252127, 0.29490447204855863, 0.29100596991659833, 0.2893526131389126, 0.28879639732503626, 0.2882705492471286, 0.2879778956517015, 0.28793629553656974, 0.2879173728902541, 0.28790859638083854, 0.28785591846635095, 0.28782085043251904, 0.2878099130149936, 0.2878059648964739, 0.2878053583250473, 0.2878048786842926, 0.28780475827152163, 0.28780475330811317, 0.28780474863100647, 0.2878047477524206, 0.2878047474899891, 0.28780474736254835, 0.28780474736254835, 0.2878047473300114, 0.2878047473300114]}, "6": {"maxiter": 500, "fatol": 1e-10, "xatol": 1e-05, "duration": 0.22763919830322266, "fun": "0.2878047473283222", "nit": "497", "nfev": "773", "status": "0", "success": "True", "message": "Optimization terminated successfully.", "x": "[-0.47172996  3.70695841  6.8775959   8.65771152  1.26230419  2.50211681]", "final_simplex": "(array([[-0.47172996,  3.70695841,  6.8775959 ,  8.65771152,  1.26230419,\n         2.50211681],\n       [-0.47173362,  3.70696427,  6.87759042,  8.65771367,  1.26229831,\n         2.50211712],\n       [-0.4717328 ,  3.70696346,  6.87759114,  8.65771213,  1.2622959 ,\n         2.50211036],\n       [-0.47173363,  3.70695299,  6.87759783,  8.65771315,  1.26229703,\n         2.50211683],\n       [-0.47173574,  3.70696192,  6.87759106,  8.65771638,  1.26230224,\n         2.50211826],\n       [-0.47173363,  3.70695685,  6.87759147,  8.65771276,  1.26230164,\n         2.50211837],\n       [-0.47173408,  3.70696069,  6.87759366,  8.6577117 ,  1.26230085,\n         2.50211865]]), array([0.28780475, 0.28780475, 0.28780475, 0.28780475, 0.28780475,\n       0.28780475, 0.28780475]))", "callback": [0.8226232788773534, 0.7200484907967268, 0.6175158597758186, 0.4870056608879617, 0.4032040826513753, 0.3842740215941688, 0.36934598321494916, 0.3668145166740935, 0.3645456812704647, 0.35999833002239656, 0.35144131925553124, 0.34266111733404936, 0.33775694078212626, 0.33362087980840505, 0.3298203143339762, 0.3152364533179557, 0.3055019093974445, 0.3011569976893592, 0.30026183818545416, 0.30004148053054946, 0.3000302839603677, 0.30002420932736884, 0.30000182955681676, 0.299921456698649, 0.2992557456596796, 0.2968054507252127, 0.29490447204855863, 0.29100596991659833, 0.2893526131389126, 0.28879639732503626, 0.2882705492471286, 0.2879778956517015, 0.28793629553656974, 0.2879173728902541, 0.28790859638083854, 0.28785591846635095, 0.28782085043251904, 0.2878099130149936, 0.2878059648964739, 0.2878053583250473, 0.2878048786842926, 0.28780475827152163, 0.28780475330811317, 0.28780474863100647, 0.2878047477524206, 0.2878047474899891, 0.28780474736254835, 0.28780474736254835, 0.2878047473300114, 0.2878047473300114]}, "7": {"maxiter": 500, "fatol": 1e-10, "xatol": 1e-10, "duration": 0.25580906867980957, "fun": "0.2878047473258526", "nit": "500", "nfev": "777", "status": "2", "success": "False", "message": "Maximum number of iterations has been exceeded.", "x": "[-0.47173238  3.70695861  6.87759228  8.65771484  1.26229893  2.50211393]", "final_simplex": "(array([[-0.47173238,  3.70695861,  6.87759228,  8.65771484,  1.26229893,\n         2.50211393],\n       [-0.47172996,  3.70695841,  6.8775959 ,  8.65771152,  1.26230419,\n         2.50211681],\n       [-0.47173362,  3.70696427,  6.87759042,  8.65771367,  1.26229831,\n         2.50211712],\n       [-0.4717328 ,  3.70696346,  6.87759114,  8.65771213,  1.2622959 ,\n         2.50211036],\n       [-0.47172919,  3.70695835,  6.87759638,  8.65771021,  1.26229496,\n         2.502111  ],\n       [-0.47173363,  3.70695299,  6.87759783,  8.65771315,  1.26229703,\n         2.50211683],\n       [-0.47173241,  3.70696304,  6.87759474,  8.65771447,  1.26229723,\n         2.50211273]]), array([0.28780475, 0.28780475, 0.28780475, 0.28780475, 0.28780475,\n       0.28780475, 0.28780475]))", "callback": [0.8226232788773534, 0.7200484907967268, 0.6175158597758186, 0.4870056608879617, 0.4032040826513753, 0.3842740215941688, 0.36934598321494916, 0.3668145166740935, 0.3645456812704647, 0.35999833002239656, 0.35144131925553124, 0.34266111733404936, 0.33775694078212626, 0.33362087980840505, 0.3298203143339762, 0.3152364533179557, 0.3055019093974445, 0.3011569976893592, 0.30026183818545416, 0.30004148053054946, 0.3000302839603677, 0.30002420932736884, 0.30000182955681676, 0.299921456698649, 0.2992557456596796, 0.2968054507252127, 0.29490447204855863, 0.29100596991659833, 0.2893526131389126, 0.28879639732503626, 0.2882705492471286, 0.2879778956517015, 0.28793629553656974, 0.2879173728902541, 0.28790859638083854, 0.28785591846635095, 0.28782085043251904, 0.2878099130149936, 0.2878059648964739, 0.2878053583250473, 0.2878048786842926, 0.28780475827152163, 0.28780475330811317, 0.28780474863100647, 0.2878047477524206, 0.2878047474899891, 0.28780474736254835, 0.28780474736254835, 0.2878047473300114, 0.2878047473300114]}, "8": {"maxiter": 1000, "fatol": 1e-05, "xatol": 1e-05, "duration": 0.24468588829040527, "fun": "0.2878047473283222", "nit": "497", "nfev": "773", "status": "0", "success": "True", "message": "Optimization terminated successfully.", "x": "[-0.47172996  3.70695841  6.8775959   8.65771152  1.26230419  2.50211681]", "final_simplex": "(array([[-0.47172996,  3.70695841,  6.8775959 ,  8.65771152,  1.26230419,\n         2.50211681],\n       [-0.47173362,  3.70696427,  6.87759042,  8.65771367,  1.26229831,\n         2.50211712],\n       [-0.4717328 ,  3.70696346,  6.87759114,  8.65771213,  1.2622959 ,\n         2.50211036],\n       [-0.47173363,  3.70695299,  6.87759783,  8.65771315,  1.26229703,\n         2.50211683],\n       [-0.47173574,  3.70696192,  6.87759106,  8.65771638,  1.26230224,\n         2.50211826],\n       [-0.47173363,  3.70695685,  6.87759147,  8.65771276,  1.26230164,\n         2.50211837],\n       [-0.47173408,  3.70696069,  6.87759366,  8.6577117 ,  1.26230085,\n         2.50211865]]), array([0.28780475, 0.28780475, 0.28780475, 0.28780475, 0.28780475,\n       0.28780475, 0.28780475]))", "callback": [0.8226232788773534, 0.7200484907967268, 0.6175158597758186, 0.4870056608879617, 0.4032040826513753, 0.3842740215941688, 0.36934598321494916, 0.3668145166740935, 0.3645456812704647, 0.35999833002239656, 0.35144131925553124, 0.34266111733404936, 0.33775694078212626, 0.33362087980840505, 0.3298203143339762, 0.3152364533179557, 0.3055019093974445, 0.3011569976893592, 0.30026183818545416, 0.30004148053054946, 0.3000302839603677, 0.30002420932736884, 0.30000182955681676, 0.299921456698649, 0.2992557456596796, 0.2968054507252127, 0.29490447204855863, 0.29100596991659833, 0.2893526131389126, 0.28879639732503626, 0.2882705492471286, 0.2879778956517015, 0.28793629553656974, 0.2879173728902541, 0.28790859638083854, 0.28785591846635095, 0.28782085043251904, 0.2878099130149936, 0.2878059648964739, 0.2878053583250473, 0.2878048786842926, 0.28780475827152163, 0.28780475330811317, 0.28780474863100647, 0.2878047477524206, 0.2878047474899891, 0.28780474736254835, 0.28780474736254835, 0.2878047473300114, 0.2878047473300114]}, "9": {"maxiter": 1000, "fatol": 1e-05, "xatol": 1e-10, "duration": 0.32068586349487305, "fun": "0.2878047473248473", "nit": "637", "nfev": "1051", "status": "0", "success": "True", "message": "Optimization terminated successfully.", "x": "[-0.47173021  3.70695818  6.87759414  8.65771488  1.26229966  2.50211434]", "final_simplex": "(array([[-0.47173021,  3.70695818,  6.87759414,  8.65771488,  1.26229966,\n         2.50211434],\n       [-0.47173021,  3.70695818,  6.87759414,  8.65771488,  1.26229966,\n         2.50211434],\n       [-0.47173021,  3.70695818,  6.87759414,  8.65771488,  1.26229966,\n         2.50211434],\n       [-0.47173021,  3.70695818,  6.87759414,  8.65771488,  1.26229966,\n         2.50211434],\n       [-0.47173021,  3.70695818,  6.87759414,  8.65771488,  1.26229966,\n         2.50211434],\n       [-0.47173021,  3.70695818,  6.87759414,  8.65771488,  1.26229966,\n         2.50211434],\n       [-0.47173021,  3.70695818,  6.87759414,  8.65771488,  1.26229966,\n         2.50211434]]), array([0.28780475, 0.28780475, 0.28780475, 0.28780475, 0.28780475,\n       0.28780475, 0.28780475]))", "callback": [0.8226232788773534, 0.7200484907967268, 0.6175158597758186, 0.4870056608879617, 0.4032040826513753, 0.3842740215941688, 0.36934598321494916, 0.3668145166740935, 0.3645456812704647, 0.35999833002239656, 0.35144131925553124, 0.34266111733404936, 0.33775694078212626, 0.33362087980840505, 0.3298203143339762, 0.3152364533179557, 0.3055019093974445, 0.3011569976893592, 0.30026183818545416, 0.30004148053054946, 0.3000302839603677, 0.30002420932736884, 0.30000182955681676, 0.299921456698649, 0.2992557456596796, 0.2968054507252127, 0.29490447204855863, 0.29100596991659833, 0.2893526131389126, 0.28879639732503626, 0.2882705492471286, 0.2879778956517015, 0.28793629553656974, 0.2879173728902541, 0.28790859638083854, 0.28785591846635095, 0.28782085043251904, 0.2878099130149936, 0.2878059648964739, 0.2878053583250473, 0.2878048786842926, 0.28780475827152163, 0.28780475330811317, 0.28780474863100647, 0.2878047477524206, 0.2878047474899891, 0.28780474736254835, 0.28780474736254835, 0.2878047473300114, 0.2878047473300114, 0.2878047473258526, 0.2878047473251323, 0.28780474732506944, 0.28780474732495787, 0.2878047473249046, 0.28780474732487016, 0.28780474732485617, 0.28780474732485106, 0.2878047473248493, 0.2878047473248482, 0.2878047473248475, 0.2878047473248475, 0.2878047473248473, 0.2878047473248473]}, "10": {"maxiter": 1000, "fatol": 1e-10, "xatol": 1e-05, "duration": 0.24573111534118652, "fun": "0.2878047473283222", "nit": "497", "nfev": "773", "status": "0", "success": "True", "message": "Optimization terminated successfully.", "x": "[-0.47172996  3.70695841  6.8775959   8.65771152  1.26230419  2.50211681]", "final_simplex": "(array([[-0.47172996,  3.70695841,  6.8775959 ,  8.65771152,  1.26230419,\n         2.50211681],\n       [-0.47173362,  3.70696427,  6.87759042,  8.65771367,  1.26229831,\n         2.50211712],\n       [-0.4717328 ,  3.70696346,  6.87759114,  8.65771213,  1.2622959 ,\n         2.50211036],\n       [-0.47173363,  3.70695299,  6.87759783,  8.65771315,  1.26229703,\n         2.50211683],\n       [-0.47173574,  3.70696192,  6.87759106,  8.65771638,  1.26230224,\n         2.50211826],\n       [-0.47173363,  3.70695685,  6.87759147,  8.65771276,  1.26230164,\n         2.50211837],\n       [-0.47173408,  3.70696069,  6.87759366,  8.6577117 ,  1.26230085,\n         2.50211865]]), array([0.28780475, 0.28780475, 0.28780475, 0.28780475, 0.28780475,\n       0.28780475, 0.28780475]))", "callback": [0.8226232788773534, 0.7200484907967268, 0.6175158597758186, 0.4870056608879617, 0.4032040826513753, 0.3842740215941688, 0.36934598321494916, 0.3668145166740935, 0.3645456812704647, 0.35999833002239656, 0.35144131925553124, 0.34266111733404936, 0.33775694078212626, 0.33362087980840505, 0.3298203143339762, 0.3152364533179557, 0.3055019093974445, 0.3011569976893592, 0.30026183818545416, 0.30004148053054946, 0.3000302839603677, 0.30002420932736884, 0.30000182955681676, 0.299921456698649, 0.2992557456596796, 0.2968054507252127, 0.29490447204855863, 0.29100596991659833, 0.2893526131389126, 0.28879639732503626, 0.2882705492471286, 0.2879778956517015, 0.28793629553656974, 0.2879173728902541, 0.28790859638083854, 0.28785591846635095, 0.28782085043251904, 0.2878099130149936, 0.2878059648964739, 0.2878053583250473, 0.2878048786842926, 0.28780475827152163, 0.28780475330811317, 0.28780474863100647, 0.2878047477524206, 0.2878047474899891, 0.28780474736254835, 0.28780474736254835, 0.2878047473300114, 0.2878047473300114]}, "11": {"maxiter": 1000, "fatol": 1e-10, "xatol": 1e-10, "duration": 0.2985959053039551, "fun": "0.2878047473248473", "nit": "637", "nfev": "1051", "status": "0", "success": "True", "message": "Optimization terminated successfully.", "x": "[-0.47173021  3.70695818  6.87759414  8.65771488  1.26229966  2.50211434]", "final_simplex": "(array([[-0.47173021,  3.70695818,  6.87759414,  8.65771488,  1.26229966,\n         2.50211434],\n       [-0.47173021,  3.70695818,  6.87759414,  8.65771488,  1.26229966,\n         2.50211434],\n       [-0.47173021,  3.70695818,  6.87759414,  8.65771488,  1.26229966,\n         2.50211434],\n       [-0.47173021,  3.70695818,  6.87759414,  8.65771488,  1.26229966,\n         2.50211434],\n       [-0.47173021,  3.70695818,  6.87759414,  8.65771488,  1.26229966,\n         2.50211434],\n       [-0.47173021,  3.70695818,  6.87759414,  8.65771488,  1.26229966,\n         2.50211434],\n       [-0.47173021,  3.70695818,  6.87759414,  8.65771488,  1.26229966,\n         2.50211434]]), array([0.28780475, 0.28780475, 0.28780475, 0.28780475, 0.28780475,\n       0.28780475, 0.28780475]))", "callback": [0.8226232788773534, 0.7200484907967268, 0.6175158597758186, 0.4870056608879617, 0.4032040826513753, 0.3842740215941688, 0.36934598321494916, 0.3668145166740935, 0.3645456812704647, 0.35999833002239656, 0.35144131925553124, 0.34266111733404936, 0.33775694078212626, 0.33362087980840505, 0.3298203143339762, 0.3152364533179557, 0.3055019093974445, 0.3011569976893592, 0.30026183818545416, 0.30004148053054946, 0.3000302839603677, 0.30002420932736884, 0.30000182955681676, 0.299921456698649, 0.2992557456596796, 0.2968054507252127, 0.29490447204855863, 0.29100596991659833, 0.2893526131389126, 0.28879639732503626, 0.2882705492471286, 0.2879778956517015, 0.28793629553656974, 0.2879173728902541, 0.28790859638083854, 0.28785591846635095, 0.28782085043251904, 0.2878099130149936, 0.2878059648964739, 0.2878053583250473, 0.2878048786842926, 0.28780475827152163, 0.28780475330811317, 0.28780474863100647, 0.2878047477524206, 0.2878047474899891, 0.28780474736254835, 0.28780474736254835, 0.2878047473300114, 0.2878047473300114, 0.2878047473258526, 0.2878047473251323, 0.28780474732506944, 0.28780474732495787, 0.2878047473249046, 0.28780474732487016, 0.28780474732485617, 0.28780474732485106, 0.2878047473248493, 0.2878047473248482, 0.2878047473248475, 0.2878047473248475, 0.2878047473248473, 0.2878047473248473]}}, "bfgs": {"type": "gradient", "0": {"maxiter": 100, "gtol": 1e-05, "xrtol": 1e-05, "eps": 1e-05, "duration": 0.07163405418395996, "fun": "0.28780474737278516", "jac": "[ 3.55826479e-08 -5.35571587e-08  7.66797736e-07 -5.56943380e-07\n  3.21254134e-07 -2.11086704e-07]", "hess_inv": "[[  8.24445079   0.1874184    3.42143564  -4.52455155   3.34230526\n   -3.06083263]\n [  0.1874184   13.54866203 -11.42571194  -1.20282235  -1.38064423\n   -0.59293912]\n [  3.42143564 -11.42571194  15.60693153  -2.1947175    2.08220073\n   -2.6777982 ]\n [ -4.52455155  -1.20282235  -2.1947175    6.08295423  -0.97956969\n    2.77386381]\n [  3.34230526  -1.38064423   2.08220073  -0.97956969   7.60577298\n    3.31682944]\n [ -3.06083263  -0.59293912  -2.6777982    2.77386381   3.31682944\n    7.76952055]]", "nfev": "238", "njev": "34", "status": "0", "success": "True", "message": "Optimization terminated successfully.", "x": "[-0.47173549  3.70694974  6.87760318  8.65770881  1.26227923  2.50209538]", "nit": "30", "callback": [0.7885937187740026, 0.7360461748801144, 0.7144033719519652, 0.6876918289040522, 0.6680103337555695, 0.637431948188668, 0.5784304805421776, 0.5471154863608505, 0.5130521096607997, 0.450014306394519, 0.35031535236581435, 0.3166641791973046, 0.31013436564687247, 0.3057094760522454, 0.29849784463827733, 0.29509675975839966, 0.2913009727481577, 0.2894363061126699, 0.2885627482545926, 0.2884133030899183, 0.28824411944173256, 0.2880686106367851, 0.28798179593238904, 0.28793982135163665, 0.28788180229186255, 0.28783110894976494, 0.28780866453034437, 0.28780487765665186, 0.28780474879702744, 0.28780474737278516]}, "1": {"maxiter": 100, "gtol": 1e-05, "xrtol": 1e-05, "eps": 1e-10, "duration": 0.07176089286804199, "fun": "0.2878047473357328", "jac": "[ 0.00000000e+00 -1.11022293e-06  0.00000000e+00 -1.11022293e-06\n  1.11022293e-06  2.22044587e-06]", "hess_inv": "[[  8.24165536   0.1715929    3.43539323  -4.52458412   3.32590335\n   -3.04686816]\n [  0.1715929   13.4046173  -11.30805837  -1.1470605   -1.41024245\n   -0.58766971]\n [  3.43539323 -11.30805837  15.49104082  -2.20331951   2.10554638\n   -2.6660667 ]\n [ -4.52458412  -1.1470605   -2.20331951   5.98053031  -0.99163985\n    2.74665693]\n [  3.32590335  -1.41024245   2.10554638  -0.99163985   7.72680711\n    3.39533508]\n [ -3.04686816  -0.58766971  -2.6660667    2.74665693   3.39533508\n    7.81802818]]", "nfev": "238", "njev": "34", "status": "0", "success": "True", "message": "Optimization terminated successfully.", "x": "[-0.47172982  3.70695731  6.87759809  8.6577069   1.26229408  2.50210637]", "nit": "30", "callback": [0.7885947268601965, 0.7360468738677088, 0.7144039719428673, 0.6876927587615899, 0.6680114937238468, 0.6374397498297847, 0.5784482018438003, 0.5471217045343879, 0.5130763346110941, 0.45006755729887793, 0.35038838729758215, 0.31671195722790524, 0.3101577814914761, 0.3057513992968386, 0.298544841969934, 0.29521955454750837, 0.2913916005925822, 0.2894789499470485, 0.28858212724503796, 0.28841478599520065, 0.28826344047300834, 0.28808009620287656, 0.28798513488678357, 0.2879419054884488, 0.2878875447175996, 0.28783510149259006, 0.287809896557391, 0.287804946137745, 0.2878047495044964, 0.2878047473357328]}, "2": {"maxiter": 100, "gtol": 1e-05, "xrtol": 1e-10, "eps": 1e-05, "duration": 0.08440899848937988, "fun": "0.28780474737278516", "jac": "[ 3.55826479e-08 -5.35571587e-08  7.66797736e-07 -5.56943380e-07\n  3.21254134e-07 -2.11086704e-07]", "hess_inv": "[[  8.24445079   0.1874184    3.42143564  -4.52455155   3.34230526\n   -3.06083263]\n [  0.1874184   13.54866203 -11.42571194  -1.20282235  -1.38064423\n   -0.59293912]\n [  3.42143564 -11.42571194  15.60693153  -2.1947175    2.08220073\n   -2.6777982 ]\n [ -4.52455155  -1.20282235  -2.1947175    6.08295423  -0.97956969\n    2.77386381]\n [  3.34230526  -1.38064423   2.08220073  -0.97956969   7.60577298\n    3.31682944]\n [ -3.06083263  -0.59293912  -2.6777982    2.77386381   3.31682944\n    7.76952055]]", "nfev": "238", "njev": "34", "status": "0", "success": "True", "message": "Optimization terminated successfully.", "x": "[-0.47173549  3.70694974  6.87760318  8.65770881  1.26227923  2.50209538]", "nit": "30", "callback": [0.7885937187740026, 0.7360461748801144, 0.7144033719519652, 0.6876918289040522, 0.6680103337555695, 0.637431948188668, 0.5784304805421776, 0.5471154863608505, 0.5130521096607997, 0.450014306394519, 0.35031535236581435, 0.3166641791973046, 0.31013436564687247, 0.3057094760522454, 0.29849784463827733, 0.29509675975839966, 0.2913009727481577, 0.2894363061126699, 0.2885627482545926, 0.2884133030899183, 0.28824411944173256, 0.2880686106367851, 0.28798179593238904, 0.28793982135163665, 0.28788180229186255, 0.28783110894976494, 0.28780866453034437, 0.28780487765665186, 0.28780474879702744, 0.28780474737278516]}, "3": {"maxiter": 100, "gtol": 1e-05, "xrtol": 1e-10, "eps": 1e-10, "duration": 0.0694131851196289, "fun": "0.2878047473357328", "jac": "[ 0.00000000e+00 -1.11022293e-06  0.00000000e+00 -1.11022293e-06\n  1.11022293e-06  2.22044587e-06]", "hess_inv": "[[  8.24165536   0.1715929    3.43539323  -4.52458412   3.32590335\n   -3.04686816]\n [  0.1715929   13.4046173  -11.30805837  -1.1470605   -1.41024245\n   -0.58766971]\n [  3.43539323 -11.30805837  15.49104082  -2.20331951   2.10554638\n   -2.6660667 ]\n [ -4.52458412  -1.1470605   -2.20331951   5.98053031  -0.99163985\n    2.74665693]\n [  3.32590335  -1.41024245   2.10554638  -0.99163985   7.72680711\n    3.39533508]\n [ -3.04686816  -0.58766971  -2.6660667    2.74665693   3.39533508\n    7.81802818]]", "nfev": "238", "njev": "34", "status": "0", "success": "True", "message": "Optimization terminated successfully.", "x": "[-0.47172982  3.70695731  6.87759809  8.6577069   1.26229408  2.50210637]", "nit": "30", "callback": [0.7885947268601965, 0.7360468738677088, 0.7144039719428673, 0.6876927587615899, 0.6680114937238468, 0.6374397498297847, 0.5784482018438003, 0.5471217045343879, 0.5130763346110941, 0.45006755729887793, 0.35038838729758215, 0.31671195722790524, 0.3101577814914761, 0.3057513992968386, 0.298544841969934, 0.29521955454750837, 0.2913916005925822, 0.2894789499470485, 0.28858212724503796, 0.28841478599520065, 0.28826344047300834, 0.28808009620287656, 0.28798513488678357, 0.2879419054884488, 0.2878875447175996, 0.28783510149259006, 0.287809896557391, 0.287804946137745, 0.2878047495044964, 0.2878047473357328]}, "4": {"maxiter": 100, "gtol": 1e-10, "xrtol": 1e-05, "eps": 1e-05, "duration": 0.08289313316345215, "fun": "0.28780474737136785", "jac": "[ 5.40789635e-08 -6.07958128e-08  5.38780132e-07 -3.72490927e-07\n  2.70450329e-07 -2.15671925e-07]", "hess_inv": "[[  8.11261346  -0.19151573   3.81199413  -4.60341494   3.19414464\n   -3.13026771]\n [ -0.19151573  14.21443627 -12.4519459   -0.81774798  -1.57267209\n   -0.31850915]\n [  3.81199413 -12.4519459   17.08099958  -2.71013732   2.23481348\n   -3.05249012]\n [ -4.60341494  -0.81774798  -2.71013732   6.24902755  -0.98668922\n    2.8975611 ]\n [  3.19414464  -1.57267209   2.23481348  -0.98668922   7.47042226\n    3.30195283]\n [ -3.13026771  -0.31850915  -3.05249012   2.8975611    3.30195283\n    7.86097903]]", "nfev": "252", "njev": "36", "status": "0", "success": "True", "message": "Optimization terminated successfully.", "x": "[-0.47173759  3.70695262  6.87759848  8.65771066  1.26227806  2.50209668]", "nit": "31", "callback": [0.7885937187740026, 0.7360461748801144, 0.7144033719519652, 0.6876918289040522, 0.6680103337555695, 0.637431948188668, 0.5784304805421776, 0.5471154863608505, 0.5130521096607997, 0.450014306394519, 0.35031535236581435, 0.3166641791973046, 0.31013436564687247, 0.3057094760522454, 0.29849784463827733, 0.29509675975839966, 0.2913009727481577, 0.2894363061126699, 0.2885627482545926, 0.2884133030899183, 0.28824411944173256, 0.2880686106367851, 0.28798179593238904, 0.28793982135163665, 0.28788180229186255, 0.28783110894976494, 0.28780866453034437, 0.28780487765665186, 0.28780474879702744, 0.28780474737278516, 0.28780474737136785]}, "5": {"maxiter": 100, "gtol": 1e-10, "xrtol": 1e-05, "eps": 1e-10, "duration": 0.09035015106201172, "fun": "0.2878047473357328", "jac": "[-2.22044587e-06 -2.22044587e-06  1.11022293e-06 -2.22044587e-06\n  1.11022293e-06 -1.11022293e-06]", "hess_inv": "[[  8.21582718   0.29857162   3.36179614  -4.52900185   3.12747943\n   -3.24088401]\n [  0.29857162  14.69973123 -12.51654705  -0.96119497  -1.72559442\n   -0.98556321]\n [  3.36179614 -12.51654705  16.5660573   -2.35020221   2.59624016\n   -2.11301204]\n [ -4.52900185  -0.96119497  -2.35020221   5.99381265  -1.13597429\n    2.59787078]\n [  3.12747943  -1.72559442   2.59624016  -1.13597429   7.07058078\n    2.81391127]\n [ -3.24088401  -0.98556321  -2.11301204   2.59787078   2.81391127\n    7.31258497]]", "nfev": "322", "njev": "46", "status": "0", "success": "True", "message": "Optimization terminated successfully.", "x": "[-0.47172982  3.70695731  6.87759809  8.6577069   1.26229408  2.50210637]", "nit": "31", "callback": [0.7885947268601965, 0.7360468738677088, 0.7144039719428673, 0.6876927587615899, 0.6680114937238468, 0.6374397498297847, 0.5784482018438003, 0.5471217045343879, 0.5130763346110941, 0.45006755729887793, 0.35038838729758215, 0.31671195722790524, 0.3101577814914761, 0.3057513992968386, 0.298544841969934, 0.29521955454750837, 0.2913916005925822, 0.2894789499470485, 0.28858212724503796, 0.28841478599520065, 0.28826344047300834, 0.28808009620287656, 0.28798513488678357, 0.2879419054884488, 0.2878875447175996, 0.28783510149259006, 0.287809896557391, 0.287804946137745, 0.2878047495044964, 0.2878047473357328, 0.2878047473357328]}, "6": {"maxiter": 100, "gtol": 1e-10, "xrtol": 1e-10, "eps": 1e-05, "duration": 0.14572906494140625, "fun": "0.2878047473712604", "jac": "[ 4.87276886e-08 -4.41979786e-08  4.13880041e-07 -2.78688184e-07\n  2.06779038e-07 -1.70197190e-07]", "hess_inv": "[[  9.19902417  -1.03417137   5.28402502  -5.16456453   3.63371522\n   -3.99915547]\n [ -1.03417137  14.5382474  -13.10055045  -0.58810096  -1.83247073\n    0.45380252]\n [  5.28402502 -13.10055045  18.33515977  -3.16100129   2.7101568\n   -4.37736735]\n [ -5.16456453  -0.58810096  -3.16100129   6.40929917  -1.16390095\n    3.40801268]\n [  3.63371522  -1.83247073   2.7101568   -1.16390095   7.62789811\n    2.92636458]\n [ -3.99915547   0.45380252  -4.37736735   3.40801268   2.92636458\n    8.52647532]]", "nfev": "494", "njev": "69", "status": "2", "success": "False", "message": "Desired error not necessarily achieved due to precision loss.", "x": "[-0.47173921  3.70695459  6.87759527  8.6577119   1.26227721  2.50209778]", "nit": "32", "callback": [0.7885937187740026, 0.7360461748801144, 0.7144033719519652, 0.6876918289040522, 0.6680103337555695, 0.637431948188668, 0.5784304805421776, 0.5471154863608505, 0.5130521096607997, 0.450014306394519, 0.35031535236581435, 0.3166641791973046, 0.31013436564687247, 0.3057094760522454, 0.29849784463827733, 0.29509675975839966, 0.2913009727481577, 0.2894363061126699, 0.2885627482545926, 0.2884133030899183, 0.28824411944173256, 0.2880686106367851, 0.28798179593238904, 0.28793982135163665, 0.28788180229186255, 0.28783110894976494, 0.28780866453034437, 0.28780487765665186, 0.28780474879702744, 0.28780474737278516, 0.28780474737136785, 0.2878047473712604]}, "7": {"maxiter": 100, "gtol": 1e-10, "xrtol": 1e-10, "eps": 1e-10, "duration": 0.09746932983398438, "fun": "0.2878047473357328", "jac": "[-2.22044587e-06 -2.22044587e-06  1.11022293e-06 -2.22044587e-06\n  1.11022293e-06 -1.11022293e-06]", "hess_inv": "[[  8.21582718   0.29857162   3.36179614  -4.52900185   3.12747943\n   -3.24088401]\n [  0.29857162  14.69973123 -12.51654705  -0.96119497  -1.72559442\n   -0.98556321]\n [  3.36179614 -12.51654705  16.5660573   -2.35020221   2.59624016\n   -2.11301204]\n [ -4.52900185  -0.96119497  -2.35020221   5.99381265  -1.13597429\n    2.59787078]\n [  3.12747943  -1.72559442   2.59624016  -1.13597429   7.07058078\n    2.81391127]\n [ -3.24088401  -0.98556321  -2.11301204   2.59787078   2.81391127\n    7.31258497]]", "nfev": "322", "njev": "46", "status": "0", "success": "True", "message": "Optimization terminated successfully.", "x": "[-0.47172982  3.70695731  6.87759809  8.6577069   1.26229408  2.50210637]", "nit": "31", "callback": [0.7885947268601965, 0.7360468738677088, 0.7144039719428673, 0.6876927587615899, 0.6680114937238468, 0.6374397498297847, 0.5784482018438003, 0.5471217045343879, 0.5130763346110941, 0.45006755729887793, 0.35038838729758215, 0.31671195722790524, 0.3101577814914761, 0.3057513992968386, 0.298544841969934, 0.29521955454750837, 0.2913916005925822, 0.2894789499470485, 0.28858212724503796, 0.28841478599520065, 0.28826344047300834, 0.28808009620287656, 0.28798513488678357, 0.2879419054884488, 0.2878875447175996, 0.28783510149259006, 0.287809896557391, 0.287804946137745, 0.2878047495044964, 0.2878047473357328, 0.2878047473357328]}, "8": {"maxiter": 500, "gtol": 1e-05, "xrtol": 1e-05, "eps": 1e-05, "duration": 0.07582402229309082, "fun": "0.28780474737278516", "jac": "[ 3.55826479e-08 -5.35571587e-08  7.66797736e-07 -5.56943380e-07\n  3.21254134e-07 -2.11086704e-07]", "hess_inv": "[[  8.24445079   0.1874184    3.42143564  -4.52455155   3.34230526\n   -3.06083263]\n [  0.1874184   13.54866203 -11.42571194  -1.20282235  -1.38064423\n   -0.59293912]\n [  3.42143564 -11.42571194  15.60693153  -2.1947175    2.08220073\n   -2.6777982 ]\n [ -4.52455155  -1.20282235  -2.1947175    6.08295423  -0.97956969\n    2.77386381]\n [  3.34230526  -1.38064423   2.08220073  -0.97956969   7.60577298\n    3.31682944]\n [ -3.06083263  -0.59293912  -2.6777982    2.77386381   3.31682944\n    7.76952055]]", "nfev": "238", "njev": "34", "status": "0", "success": "True", "message": "Optimization terminated successfully.", "x": "[-0.47173549  3.70694974  6.87760318  8.65770881  1.26227923  2.50209538]", "nit": "30", "callback": [0.7885937187740026, 0.7360461748801144, 0.7144033719519652, 0.6876918289040522, 0.6680103337555695, 0.637431948188668, 0.5784304805421776, 0.5471154863608505, 0.5130521096607997, 0.450014306394519, 0.35031535236581435, 0.3166641791973046, 0.31013436564687247, 0.3057094760522454, 0.29849784463827733, 0.29509675975839966, 0.2913009727481577, 0.2894363061126699, 0.2885627482545926, 0.2884133030899183, 0.28824411944173256, 0.2880686106367851, 0.28798179593238904, 0.28793982135163665, 0.28788180229186255, 0.28783110894976494, 0.28780866453034437, 0.28780487765665186, 0.28780474879702744, 0.28780474737278516]}, "9": {"maxiter": 500, "gtol": 1e-05, "xrtol": 1e-05, "eps": 1e-10, "duration": 0.0694887638092041, "fun": "0.2878047473357328", "jac": "[ 0.00000000e+00 -1.11022293e-06  0.00000000e+00 -1.11022293e-06\n  1.11022293e-06  2.22044587e-06]", "hess_inv": "[[  8.24165536   0.1715929    3.43539323  -4.52458412   3.32590335\n   -3.04686816]\n [  0.1715929   13.4046173  -11.30805837  -1.1470605   -1.41024245\n   -0.58766971]\n [  3.43539323 -11.30805837  15.49104082  -2.20331951   2.10554638\n   -2.6660667 ]\n [ -4.52458412  -1.1470605   -2.20331951   5.98053031  -0.99163985\n    2.74665693]\n [  3.32590335  -1.41024245   2.10554638  -0.99163985   7.72680711\n    3.39533508]\n [ -3.04686816  -0.58766971  -2.6660667    2.74665693   3.39533508\n    7.81802818]]", "nfev": "238", "njev": "34", "status": "0", "success": "True", "message": "Optimization terminated successfully.", "x": "[-0.47172982  3.70695731  6.87759809  8.6577069   1.26229408  2.50210637]", "nit": "30", "callback": [0.7885947268601965, 0.7360468738677088, 0.7144039719428673, 0.6876927587615899, 0.6680114937238468, 0.6374397498297847, 0.5784482018438003, 0.5471217045343879, 0.5130763346110941, 0.45006755729887793, 0.35038838729758215, 0.31671195722790524, 0.3101577814914761, 0.3057513992968386, 0.298544841969934, 0.29521955454750837, 0.2913916005925822, 0.2894789499470485, 0.28858212724503796, 0.28841478599520065, 0.2882634404730083