{"date": "2024/10/08/, 19:01:12", "conf_id": 22, "data_type": "random\n", "num_data_points": 2, "s_rank": 0, "unitary": "[[0.18663085-0.53122324j,-0.11886349-0.70040876j,0.28555095-0.02789305j,-0.12262021-0.2844587j],[-0.16702216+0.27758472j,0.27526351-0.29738586j,-0.01109314+0.22495461j,-0.77239203+0.28900673j],[0.61935415+0.12301792j,-0.31269928-0.03315917j,-0.61902762-0.19039079j,-0.27120731-0.0968989j],[0.42341754+0.0023929j,-0.05847358+0.47832119j,0.64900495-0.16218422j,-0.37182676-0.05229966j]]", "databatch_0": {"databatch": "[[[-0.01219503+0.19009235j,-0.36594094+0.115394j,-0.10128934-0.1949634j,-0.21900409+0.36866865j],[0.01828515-0.00456424j,0.02187674+0.03102603j,-0.01533321+0.01540798j,0.04133445+0.00956249j],[-0.09929985+0.08630659j,-0.23436314-0.12373223j,0.04659163-0.14441838j,-0.28743527+0.07142184j],[-0.16671345-0.07449823j,0.01864526-0.36735463j,0.20902392-0.02583439j,-0.25802726-0.31999941j]],[[0.05840079-0.17806603j,0.3106467+0.01650018j,-0.37512013+0.10265758j,-0.25175941-0.0574327j],[0.16158398-0.14438195j,0.30133732+0.19644129j,-0.43487885-0.11453187j,-0.2186948-0.20329865j],[0.00515193+0.03424945j,-0.05265662+0.02308412j,0.05340128-0.04811269j,0.04633533-0.01143413j],[0.01868798-0.12947889j,0.21558943-0.02610723j,-0.24555514+0.11581304j,-0.18003361-0.00913756j]]]", "initial param values": "[1.29082508,5.15000474,0.47014598,2.66231114,4.9972665,5.27096592]", "nelder_mead": {"type": "gradient-free", "0": {"maxiter": 100, "fatol": 1e-05, "xatol": 1e-05, "duration": 0.06261682510375977, "fun": "0.20592470596481238", "nit": "100", "nfev": "158", "status": "2", "success": "False", "message": "Maximum number of iterations has been exceeded.", "x": "[-0.55376091  3.73856775  0.61454342  4.00334147 10.31110241 10.79924811]", "final_simplex": "(array([[-0.55376091,  3.73856775,  0.61454342,  4.00334147, 10.31110241,\n        10.79924811],\n       [-0.64201718,  3.69012095,  0.58977142,  4.02917792, 10.20117735,\n        10.66853878],\n       [-0.70941385,  3.67610619,  0.60340114,  4.00646933, 10.38392164,\n        10.96034889],\n       [-0.68458373,  3.75841618,  0.5784141 ,  4.00869732, 10.36280117,\n        10.82061161],\n       [-0.68284594,  3.66049032,  0.58631694,  4.00616199, 10.35573386,\n        10.81864514],\n       [-0.69473019,  3.7917888 ,  0.5713406 ,  3.93176138, 10.21957733,\n        10.71233748],\n       [-0.66954051,  3.59187977,  0.6018291 ,  3.99186362, 10.14659124,\n        10.78343549]]), array([0.20592471, 0.21112196, 0.21114204, 0.21159085, 0.21192022,\n       0.21197016, 0.21224074]))", "callback": [0.7383361887374418, 0.5660149808415895, 0.4369483829802514, 0.3125998161915524, 0.2968525912038884, 0.2661382859704602, 0.2531823296436624, 0.24087689618291352, 0.22162887511617457, 0.2138124888738583]}, "1": {"maxiter": 100, "fatol": 1e-05, "xatol": 1e-10, "duration": 0.052098989486694336, "fun": "0.20592470596481238", "nit": "100", "nfev": "158", "status": "2", "success": "False", "message": "Maximum number of iterations has been exceeded.", "x": "[-0.55376091  3.73856775  0.61454342  4.00334147 10.31110241 10.79924811]", "final_simplex": "(array([[-0.55376091,  3.73856775,  0.61454342,  4.00334147, 10.31110241,\n        10.79924811],\n       [-0.64201718,  3.69012095,  0.58977142,  4.02917792, 10.20117735,\n        10.66853878],\n       [-0.70941385,  3.67610619,  0.60340114,  4.00646933, 10.38392164,\n        10.96034889],\n       [-0.68458373,  3.75841618,  0.5784141 ,  4.00869732, 10.36280117,\n        10.82061161],\n       [-0.68284594,  3.66049032,  0.58631694,  4.00616199, 10.35573386,\n        10.81864514],\n       [-0.69473019,  3.7917888 ,  0.5713406 ,  3.93176138, 10.21957733,\n        10.71233748],\n       [-0.66954051,  3.59187977,  0.6018291 ,  3.99186362, 10.14659124,\n        10.78343549]]), array([0.20592471, 0.21112196, 0.21114204, 0.21159085, 0.21192022,\n       0.21197016, 0.21224074]))", "callback": [0.7383361887374418, 0.5660149808415895, 0.4369483829802514, 0.3125998161915524, 0.2968525912038884, 0.2661382859704602, 0.2531823296436624, 0.24087689618291352, 0.22162887511617457, 0.2138124888738583]}, "2": {"maxiter": 100, "fatol": 1e-10, "xatol": 1e-05, "duration": 0.04634690284729004, "fun": "0.20592470596481238", "nit": "100", "nfev": "158", "status": "2", "success": "False", "message": "Maximum number of iterations has been exceeded.", "x": "[-0.55376091  3.73856775  0.61454342  4.00334147 10.31110241 10.79924811]", "final_simplex": "(array([[-0.55376091,  3.73856775,  0.61454342,  4.00334147, 10.31110241,\n        10.79924811],\n       [-0.64201718,  3.69012095,  0.58977142,  4.02917792, 10.20117735,\n        10.66853878],\n       [-0.70941385,  3.67610619,  0.60340114,  4.00646933, 10.38392164,\n        10.96034889],\n       [-0.68458373,  3.75841618,  0.5784141 ,  4.00869732, 10.36280117,\n        10.82061161],\n       [-0.68284594,  3.66049032,  0.58631694,  4.00616199, 10.35573386,\n        10.81864514],\n       [-0.69473019,  3.7917888 ,  0.5713406 ,  3.93176138, 10.21957733,\n        10.71233748],\n       [-0.66954051,  3.59187977,  0.6018291 ,  3.99186362, 10.14659124,\n        10.78343549]]), array([0.20592471, 0.21112196, 0.21114204, 0.21159085, 0.21192022,\n       0.21197016, 0.21224074]))", "callback": [0.7383361887374418, 0.5660149808415895, 0.4369483829802514, 0.3125998161915524, 0.2968525912038884, 0.2661382859704602, 0.2531823296436624, 0.24087689618291352, 0.22162887511617457, 0.2138124888738583]}, "3": {"maxiter": 100, "fatol": 1e-10, "xatol": 1e-10, "duration": 0.04968118667602539, "fun": "0.20592470596481238", "nit": "100", "nfev": "158", "status": "2", "success": "False", "message": "Maximum number of iterations has been exceeded.", "x": "[-0.55376091  3.73856775  0.61454342  4.00334147 10.31110241 10.79924811]", "final_simplex": "(array([[-0.55376091,  3.73856775,  0.61454342,  4.00334147, 10.31110241,\n        10.79924811],\n       [-0.64201718,  3.69012095,  0.58977142,  4.02917792, 10.20117735,\n        10.66853878],\n       [-0.70941385,  3.67610619,  0.60340114,  4.00646933, 10.38392164,\n        10.96034889],\n       [-0.68458373,  3.75841618,  0.5784141 ,  4.00869732, 10.36280117,\n        10.82061161],\n       [-0.68284594,  3.66049032,  0.58631694,  4.00616199, 10.35573386,\n        10.81864514],\n       [-0.69473019,  3.7917888 ,  0.5713406 ,  3.93176138, 10.21957733,\n        10.71233748],\n       [-0.66954051,  3.59187977,  0.6018291 ,  3.99186362, 10.14659124,\n        10.78343549]]), array([0.20592471, 0.21112196, 0.21114204, 0.21159085, 0.21192022,\n       0.21197016, 0.21224074]))", "callback": [0.7383361887374418, 0.5660149808415895, 0.4369483829802514, 0.3125998161915524, 0.2968525912038884, 0.2661382859704602, 0.2531823296436624, 0.24087689618291352, 0.22162887511617457, 0.2138124888738583]}, "4": {"maxiter": 500, "fatol": 1e-05, "xatol": 1e-05, "duration": 0.18115496635437012, "fun": "0.20370141429508792", "nit": "374", "nfev": "593", "status": "0", "success": "True", "message": "Optimization terminated successfully.", "x": "[-0.48940108  3.43052987  0.85945303  4.11519358 10.34642759 10.84517693]", "final_simplex": "(array([[-0.48940108,  3.43052987,  0.85945303,  4.11519358, 10.34642759,\n        10.84517693],\n       [-0.48940402,  3.43053667,  0.85945051,  4.11519106, 10.34642343,\n        10.84517434],\n       [-0.48940584,  3.43053651,  0.85945113,  4.1151904 , 10.34642531,\n        10.8451723 ],\n       [-0.48940263,  3.43052773,  0.85945645,  4.11519286, 10.34642531,\n        10.84517143],\n       [-0.48940627,  3.4305335 ,  0.85944541,  4.11518966, 10.3464228 ,\n        10.84517803],\n       [-0.48939995,  3.43053533,  0.85945479,  4.11518746, 10.34642675,\n        10.84516724],\n       [-0.48940321,  3.43052438,  0.85945953,  4.1151935 , 10.34643016,\n        10.84517909]]), array([0.20370141, 0.20370141, 0.20370141, 0.20370141, 0.20370141,\n       0.20370141, 0.20370141]))", "callback": [0.7383361887374418, 0.5660149808415895, 0.4369483829802514, 0.3125998161915524, 0.2968525912038884, 0.2661382859704602, 0.2531823296436624, 0.24087689618291352, 0.22162887511617457, 0.2138124888738583, 0.20592470596481238, 0.2049747901764949, 0.20496916040338642, 0.20485025898209486, 0.20483706508360122, 0.20483147127007517, 0.20482277002800553, 0.2047810370630322, 0.20474605002698587, 0.20468468883211755, 0.20456429458362846, 0.20443224130494442, 0.20412106056364554, 0.20377295448074573, 0.20376894093643672, 0.203714288197393, 0.2037061660874575, 0.20370322626681703, 0.20370187993336275, 0.20370149262399417, 0.20370143013401254, 0.20370142137115754, 0.2037014165317702, 0.20370141478226123, 0.2037014143340221, 0.2037014143289968, 0.20370141430290856, 0.20370141429508792]}, "5": {"maxiter": 500, "fatol": 1e-05, "xatol": 1e-10, "duration": 0.29818081855773926, "fun": "0.20370141429137134", "nit": "500", "nfev": "814", "status": "2", "success": "False", "message": "Maximum number of iterations has been exceeded.", "x": "[-0.48940304  3.43054402  0.85944188  4.11518961 10.34642623 10.84517507]", "final_simplex": "(array([[-0.48940304,  3.43054402,  0.85944188,  4.11518961, 10.34642623,\n        10.84517507],\n       [-0.48940304,  3.43054402,  0.85944188,  4.11518961, 10.34642623,\n        10.84517507],\n       [-0.48940304,  3.43054403,  0.85944188,  4.11518961, 10.34642623,\n        10.84517507],\n       [-0.48940304,  3.43054403,  0.85944188,  4.11518961, 10.34642623,\n        10.84517507],\n       [-0.48940304,  3.43054403,  0.85944188,  4.11518961, 10.34642623,\n        10.84517507],\n       [-0.48940304,  3.43054402,  0.85944188,  4.11518961, 10.34642623,\n        10.84517507],\n       [-0.48940304,  3.43054402,  0.85944188,  4.11518961, 10.34642623,\n        10.84517507]]), array([0.20370141, 0.20370141, 0.20370141, 0.20370141, 0.20370141,\n       0.20370141, 0.20370141]))", "callback": [0.7383361887374418, 0.5660149808415895, 0.4369483829802514, 0.3125998161915524, 0.2968525912038884, 0.2661382859704602, 0.2531823296436624, 0.24087689618291352, 0.22162887511617457, 0.2138124888738583, 0.20592470596481238, 0.2049747901764949, 0.20496916040338642, 0.20485025898209486, 0.20483706508360122, 0.20483147127007517, 0.20482277002800553, 0.2047810370630322, 0.20474605002698587, 0.20468468883211755, 0.20456429458362846, 0.20443224130494442, 0.20412106056364554, 0.20377295448074573, 0.20376894093643672, 0.203714288197393, 0.2037061660874575, 0.20370322626681703, 0.20370187993336275, 0.20370149262399417, 0.20370143013401254, 0.20370142137115754, 0.2037014165317702, 0.20370141478226123, 0.2037014143340221, 0.2037014143289968, 0.20370141430290856, 0.20370141429508792, 0.20370141429351385, 0.20370141429221222, 0.20370141429155542, 0.20370141429151545, 0.20370141429142963, 0.20370141429139033, 0.20370141429138955, 0.20370141429137867, 0.20370141429137356, 0.20370141429137256, 0.20370141429137179, 0.20370141429137134]}, "6": {"maxiter": 500, "fatol": 1e-10, "xatol": 1e-05, "duration": 0.20957112312316895, "fun": "0.20370141429508792", "nit": "374", "nfev": "593", "status": "0", "success": "True", "message": "Optimization terminated successfully.", "x": "[-0.48940108  3.43052987  0.85945303  4.11519358 10.34642759 10.84517693]", "final_simplex": "(array([[-0.48940108,  3.43052987,  0.85945303,  4.11519358, 10.34642759,\n        10.84517693],\n       [-0.48940402,  3.43053667,  0.85945051,  4.11519106, 10.34642343,\n        10.84517434],\n       [-0.48940584,  3.43053651,  0.85945113,  4.1151904 , 10.34642531,\n        10.8451723 ],\n       [-0.48940263,  3.43052773,  0.85945645,  4.11519286, 10.34642531,\n        10.84517143],\n       [-0.48940627,  3.4305335 ,  0.85944541,  4.11518966, 10.3464228 ,\n        10.84517803],\n       [-0.48939995,  3.43053533,  0.85945479,  4.11518746, 10.34642675,\n        10.84516724],\n       [-0.48940321,  3.43052438,  0.85945953,  4.1151935 , 10.34643016,\n        10.84517909]]), array([0.20370141, 0.20370141, 0.20370141, 0.20370141, 0.20370141,\n       0.20370141, 0.20370141]))", "callback": [0.7383361887374418, 0.5660149808415895, 0.4369483829802514, 0.3125998161915524, 0.2968525912038884, 0.2661382859704602, 0.2531823296436624, 0.24087689618291352, 0.22162887511617457, 0.2138124888738583, 0.20592470596481238, 0.2049747901764949, 0.20496916040338642, 0.20485025898209486, 0.20483706508360122, 0.20483147127007517, 0.20482277002800553, 0.2047810370630322, 0.20474605002698587, 0.20468468883211755, 0.20456429458362846, 0.20443224130494442, 0.20412106056364554, 0.20377295448074573, 0.20376894093643672, 0.203714288197393, 0.2037061660874575, 0.20370322626681703, 0.20370187993336275, 0.20370149262399417, 0.20370143013401254, 0.20370142137115754, 0.2037014165317702, 0.20370141478226123, 0.2037014143340221, 0.2037014143289968, 0.20370141430290856, 0.20370141429508792]}, "7": {"maxiter": 500, "fatol": 1e-10, "xatol": 1e-10, "duration": 0.3048989772796631, "fun": "0.20370141429137134", "nit": "500", "nfev": "814", "status": "2", "success": "False", "message": "Maximum number of iterations has been exceeded.", "x": "[-0.48940304  3.43054402  0.85944188  4.11518961 10.34642623 10.84517507]", "final_simplex": "(array([[-0.48940304,  3.43054402,  0.85944188,  4.11518961, 10.34642623,\n        10.84517507],\n       [-0.48940304,  3.43054402,  0.85944188,  4.11518961, 10.34642623,\n        10.84517507],\n       [-0.48940304,  3.43054403,  0.85944188,  4.11518961, 10.34642623,\n        10.84517507],\n       [-0.48940304,  3.43054403,  0.85944188,  4.11518961, 10.34642623,\n        10.84517507],\n       [-0.48940304,  3.43054403,  0.85944188,  4.11518961, 10.34642623,\n        10.84517507],\n       [-0.48940304,  3.43054402,  0.85944188,  4.11518961, 10.34642623,\n        10.84517507],\n       [-0.48940304,  3.43054402,  0.85944188,  4.11518961, 10.34642623,\n        10.84517507]]), array([0.20370141, 0.20370141, 0.20370141, 0.20370141, 0.20370141,\n       0.20370141, 0.20370141]))", "callback": [0.7383361887374418, 0.5660149808415895, 0.4369483829802514, 0.3125998161915524, 0.2968525912038884, 0.2661382859704602, 0.2531823296436624, 0.24087689618291352, 0.22162887511617457, 0.2138124888738583, 0.20592470596481238, 0.2049747901764949, 0.20496916040338642, 0.20485025898209486, 0.20483706508360122, 0.20483147127007517, 0.20482277002800553, 0.2047810370630322, 0.20474605002698587, 0.20468468883211755, 0.20456429458362846, 0.20443224130494442, 0.20412106056364554, 0.20377295448074573, 0.20376894093643672, 0.203714288197393, 0.2037061660874575, 0.20370322626681703, 0.20370187993336275, 0.20370149262399417, 0.20370143013401254, 0.20370142137115754, 0.2037014165317702, 0.20370141478226123, 0.2037014143340221, 0.2037014143289968, 0.20370141430290856, 0.20370141429508792, 0.20370141429351385, 0.20370141429221222, 0.20370141429155542, 0.20370141429151545, 0.20370141429142963, 0.20370141429139033, 0.20370141429138955, 0.20370141429137867, 0.20370141429137356, 0.20370141429137256, 0.20370141429137179, 0.20370141429137134]}, "8": {"maxiter": 1000, "fatol": 1e-05, "xatol": 1e-05, "duration": 0.1981487274169922, "fun": "0.20370141429508792", "nit": "374", "nfev": "593", "status": "0", "success": "True", "message": "Optimization terminated successfully.", "x": "[-0.48940108  3.43052987  0.85945303  4.11519358 10.34642759 10.84517693]", "final_simplex": "(array([[-0.48940108,  3.43052987,  0.85945303,  4.11519358, 10.34642759,\n        10.84517693],\n       [-0.48940402,  3.43053667,  0.85945051,  4.11519106, 10.34642343,\n        10.84517434],\n       [-0.48940584,  3.43053651,  0.85945113,  4.1151904 , 10.34642531,\n        10.8451723 ],\n       [-0.48940263,  3.43052773,  0.85945645,  4.11519286, 10.34642531,\n        10.84517143],\n       [-0.48940627,  3.4305335 ,  0.85944541,  4.11518966, 10.3464228 ,\n        10.84517803],\n       [-0.48939995,  3.43053533,  0.85945479,  4.11518746, 10.34642675,\n        10.84516724],\n       [-0.48940321,  3.43052438,  0.85945953,  4.1151935 , 10.34643016,\n        10.84517909]]), array([0.20370141, 0.20370141, 0.20370141, 0.20370141, 0.20370141,\n       0.20370141, 0.20370141]))", "callback": [0.7383361887374418, 0.5660149808415895, 0.4369483829802514, 0.3125998161915524, 0.2968525912038884, 0.2661382859704602, 0.2531823296436624, 0.24087689618291352, 0.22162887511617457, 0.2138124888738583, 0.20592470596481238, 0.2049747901764949, 0.20496916040338642, 0.20485025898209486, 0.20483706508360122, 0.20483147127007517, 0.20482277002800553, 0.2047810370630322, 0.20474605002698587, 0.20468468883211755, 0.20456429458362846, 0.20443224130494442, 0.20412106056364554, 0.20377295448074573, 0.20376894093643672, 0.203714288197393, 0.2037061660874575, 0.20370322626681703, 0.20370187993336275, 0.20370149262399417, 0.20370143013401254, 0.20370142137115754, 0.2037014165317702, 0.20370141478226123, 0.2037014143340221, 0.2037014143289968, 0.20370141430290856, 0.20370141429508792]}, "9": {"maxiter": 1000, "fatol": 1e-05, "xatol": 1e-10, "duration": 0.3262038230895996, "fun": "0.20370141429137134", "nit": "518", "nfev": "885", "status": "0", "success": "True", "message": "Optimization terminated successfully.", "x": "[-0.48940304  3.43054402  0.85944188  4.11518961 10.34642623 10.84517507]", "final_simplex": "(array([[-0.48940304,  3.43054402,  0.85944188,  4.11518961, 10.34642623,\n        10.84517507],\n       [-0.48940304,  3.43054402,  0.85944188,  4.11518961, 10.34642623,\n        10.84517507],\n       [-0.48940304,  3.43054402,  0.85944188,  4.11518961, 10.34642623,\n        10.84517507],\n       [-0.48940304,  3.43054402,  0.85944188,  4.11518961, 10.34642623,\n        10.84517507],\n       [-0.48940304,  3.43054402,  0.85944188,  4.11518961, 10.34642623,\n        10.84517507],\n       [-0.48940304,  3.43054402,  0.85944188,  4.11518961, 10.34642623,\n        10.84517507],\n       [-0.48940304,  3.43054402,  0.85944188,  4.11518961, 10.34642623,\n        10.84517507]]), array([0.20370141, 0.20370141, 0.20370141, 0.20370141, 0.20370141,\n       0.20370141, 0.20370141]))", "callback": [0.7383361887374418, 0.5660149808415895, 0.4369483829802514, 0.3125998161915524, 0.2968525912038884, 0.2661382859704602, 0.2531823296436624, 0.24087689618291352, 0.22162887511617457, 0.2138124888738583, 0.20592470596481238, 0.2049747901764949, 0.20496916040338642, 0.20485025898209486, 0.20483706508360122, 0.20483147127007517, 0.20482277002800553, 0.2047810370630322, 0.20474605002698587, 0.20468468883211755, 0.20456429458362846, 0.20443224130494442, 0.20412106056364554, 0.20377295448074573, 0.20376894093643672, 0.203714288197393, 0.2037061660874575, 0.20370322626681703, 0.20370187993336275, 0.20370149262399417, 0.20370143013401254, 0.20370142137115754, 0.2037014165317702, 0.20370141478226123, 0.2037014143340221, 0.2037014143289968, 0.20370141430290856, 0.20370141429508792, 0.20370141429351385, 0.20370141429221222, 0.20370141429155542, 0.20370141429151545, 0.20370141429142963, 0.20370141429139033, 0.20370141429138955, 0.20370141429137867, 0.20370141429137356, 0.20370141429137256, 0.20370141429137179, 0.20370141429137134, 0.20370141429137134, 0.20370141429137134]}, "10": {"maxiter": 1000, "fatol": 1e-10, "xatol": 1e-05, "duration": 0.21451902389526367, "fun": "0.20370141429508792", "nit": "374", "nfev": "593", "status": "0", "success": "True", "message": "Optimization terminated successfully.", "x": "[-0.48940108  3.43052987  0.85945303  4.11519358 10.34642759 10.84517693]", "final_simplex": "(array([[-0.48940108,  3.43052987,  0.85945303,  4.11519358, 10.34642759,\n        10.84517693],\n       [-0.48940402,  3.43053667,  0.85945051,  4.11519106, 10.34642343,\n        10.84517434],\n       [-0.48940584,  3.43053651,  0.85945113,  4.1151904 , 10.34642531,\n        10.8451723 ],\n       [-0.48940263,  3.43052773,  0.85945645,  4.11519286, 10.34642531,\n        10.84517143],\n       [-0.48940627,  3.4305335 ,  0.85944541,  4.11518966, 10.3464228 ,\n        10.84517803],\n       [-0.48939995,  3.43053533,  0.85945479,  4.11518746, 10.34642675,\n        10.84516724],\n       [-0.48940321,  3.43052438,  0.85945953,  4.1151935 , 10.34643016,\n        10.84517909]]), array([0.20370141, 0.20370141, 0.20370141, 0.20370141, 0.20370141,\n       0.20370141, 0.20370141]))", "callback": [0.7383361887374418, 0.5660149808415895, 0.4369483829802514, 0.3125998161915524, 0.2968525912038884, 0.2661382859704602, 0.2531823296436624, 0.24087689618291352, 0.22162887511617457, 0.2138124888738583, 0.20592470596481238, 0.2049747901764949, 0.20496916040338642, 0.20485025898209486, 0.20483706508360122, 0.20483147127007517, 0.20482277002800553, 0.2047810370630322, 0.20474605002698587, 0.20468468883211755, 0.20456429458362846, 0.20443224130494442, 0.20412106056364554, 0.20377295448074573, 0.20376894093643672, 0.203714288197393, 0.2037061660874575, 0.20370322626681703, 0.20370187993336275, 0.20370149262399417, 0.20370143013401254, 0.20370142137115754, 0.2037014165317702, 0.20370141478226123, 0.2037014143340221, 0.2037014143289968, 0.20370141430290856, 0.20370141429508792]}, "11": {"maxiter": 1000, "fatol": 1e-10, "xatol": 1e-10, "duration": 0.30454277992248535, "fun": "0.20370141429137134", "nit": "518", "nfev": "885", "status": "0", "success": "True", "message": "Optimization terminated successfully.", "x": "[-0.48940304  3.43054402  0.85944188  4.11518961 10.34642623 10.84517507]", "final_simplex": "(array([[-0.48940304,  3.43054402,  0.85944188,  4.11518961, 10.34642623,\n        10.84517507],\n       [-0.48940304,  3.43054402,  0.85944188,  4.11518961, 10.34642623,\n        10.84517507],\n       [-0.48940304,  3.43054402,  0.85944188,  4.11518961, 10.34642623,\n        10.84517507],\n       [-0.48940304,  3.43054402,  0.85944188,  4.11518961, 10.34642623,\n        10.84517507],\n       [-0.48940304,  3.43054402,  0.85944188,  4.11518961, 10.34642623,\n        10.84517507],\n       [-0.48940304,  3.43054402,  0.85944188,  4.11518961, 10.34642623,\n        10.84517507],\n       [-0.48940304,  3.43054402,  0.85944188,  4.11518961, 10.34642623,\n        10.84517507]]), array([0.20370141, 0.20370141, 0.20370141, 0.20370141, 0.20370141,\n       0.20370141, 0.20370141]))", "callback": [0.7383361887374418, 0.5660149808415895, 0.4369483829802514, 0.3125998161915524, 0.2968525912038884, 0.2661382859704602, 0.2531823296436624, 0.24087689618291352, 0.22162887511617457, 0.2138124888738583, 0.20592470596481238, 0.2049747901764949, 0.20496916040338642, 0.20485025898209486, 0.20483706508360122, 0.20483147127007517, 0.20482277002800553, 0.2047810370630322, 0.20474605002698587, 0.20468468883211755, 0.20456429458362846, 0.20443224130494442, 0.20412106056364554, 0.20377295448074573, 0.20376894093643672, 0.203714288197393, 0.2037061660874575, 0.20370322626681703, 0.20370187993336275, 0.20370149262399417, 0.20370143013401254, 0.20370142137115754, 0.2037014165317702, 0.20370141478226123, 0.2037014143340221, 0.2037014143289968, 0.20370141430290856, 0.20370141429508792, 0.20370141429351385, 0.20370141429221222, 0.20370141429155542, 0.20370141429151545, 0.20370141429142963, 0.20370141429139033, 0.20370141429138955, 0.20370141429137867, 0.20370141429137356, 0.20370141429137256, 0.20370141429137179, 0.20370141429137134, 0.20370141429137134, 0.20370141429137134]}}, "bfgs": {"type": "gradient", "0": {"maxiter": 100, "gtol": 1e-05, "xrtol": 1e-05, "eps": 1e-05, "duration": 0.07210898399353027, "fun": "0.20370141437133382", "jac": "[ 2.20838903e-06  1.42679202e-06  1.71949122e-06 -2.74784639e-06\n -1.67833525e-06  1.03118625e-06]", "hess_inv": "[[  4.01080541  -1.43086988   1.8740309    1.15240029   0.43706409\n   -1.34868867]\n [ -1.43086988  28.77503412 -22.58007267  -6.56186115  -2.40778175\n   -1.05922203]\n [  1.8740309  -22.58007267  21.69886837   4.26200842   3.18548054\n   -1.05503285]\n [  1.15240029  -6.56186115   4.26200842   5.29763741  -0.64016589\n    1.09694376]\n [  0.43706409  -2.40778175   3.18548054  -0.64016589   5.42048955\n    2.16419018]\n [ -1.34868867  -1.05922203  -1.05503285   1.09694376   2.16419018\n    8.3398779 ]]", "nfev": "217", "njev": "31", "status": "0", "success": "True", "message": "Optimization terminated successfully.", "x": "[-0.48940512  3.43058951  0.85940901  4.11516441  4.06322609  4.56197642]", "nit": "29", "callback": [0.3755744268270358, 0.3463988107741808, 0.30132516030963585, 0.2744787485494645, 0.27165660580723605, 0.2690346322333289, 0.2666580603022948, 0.26425060736268247, 0.26020876746426724, 0.25696756954093536, 0.25159421316354535, 0.24165909865367352, 0.22517085144469273, 0.21949637771361608, 0.21525329691158723, 0.21339168792971108, 0.2104030377461128, 0.20829605133577378, 0.20795761358831388, 0.20737867437096758, 0.20642866319379838, 0.2050401781816985, 0.20408608755113966, 0.2037861064134885, 0.20371137518564164, 0.20370160458348952, 0.2037014237334065, 0.2037014157362217, 0.20370141437133382]}, "1": {"maxiter": 100, "gtol": 1e-05, "xrtol": 1e-05, "eps": 1e-10, "duration": 0.07413721084594727, "fun": "0.20370141432689992", "jac": "[5.55111466e-06 0.00000000e+00 1.11022293e-06 1.11022293e-06\n 3.33066880e-06 1.11022293e-06]", "hess_inv": "[[  3.80315095  -1.33196492   1.76069988   0.93523365   0.55163598\n   -1.33545866]\n [ -1.33196492  28.35680685 -22.0823052   -6.30948169  -2.48944307\n   -0.74002568]\n [  1.76069988 -22.0823052   21.28694072   3.97287945   2.98725713\n   -1.42113249]\n [  0.93523365  -6.30948169   3.97287945   5.03174166  -0.410496\n    1.13477028]\n [  0.55163598  -2.48944307   2.98725713  -0.410496     5.91918793\n    2.50314937]\n [ -1.33545866  -0.74002568  -1.42113249   1.13477028   2.50314937\n    8.73232335]]", "nfev": "217", "njev": "31", "status": "0", "success": "True", "message": "Optimization terminated successfully.", "x": "[-0.48938857  3.43056055  0.85943192  4.11518658  4.06324525  4.56198731]", "nit": "29", "callback": [0.375573863748656, 0.3463980966527366, 0.30132521850948946, 0.27447890206147363, 0.27165655494602325, 0.2690345466707933, 0.26665870394718416, 0.26424949740384696, 0.26020558191520227, 0.2569757638429161, 0.25162252626029713, 0.24172391303320784, 0.22526807079511124, 0.21960604590133315, 0.21526731081851203, 0.21341189376222514, 0.21043103327966484, 0.20830050838740588, 0.2079601565309006, 0.20737959122510652, 0.2064296390808733, 0.20504471540313296, 0.20409384492342642, 0.20378583298361685, 0.2037112434271242, 0.20370160229156808, 0.20370142289380944, 0.20370141527691366, 0.20370141432689992]}, "2": {"maxiter": 100, "gtol": 1e-05, "xrtol": 1e-10, "eps": 1e-05, "duration": 0.07280707359313965, "fun": "0.20370141437133382", "jac": "[ 2.20838903e-06  1.42679202e-06  1.71949122e-06 -2.74784639e-06\n -1.67833525e-06  1.03118625e-06]", "hess_inv": "[[  4.01080541  -1.43086988   1.8740309    1.15240029   0.43706409\n   -1.34868867]\n [ -1.43086988  28.77503412 -22.58007267  -6.56186115  -2.40778175\n   -1.05922203]\n [  1.8740309  -22.58007267  21.69886837   4.26200842   3.18548054\n   -1.05503285]\n [  1.15240029  -6.56186115   4.26200842   5.29763741  -0.64016589\n    1.09694376]\n [  0.43706409  -2.40778175   3.18548054  -0.64016589   5.42048955\n    2.16419018]\n [ -1.34868867  -1.05922203  -1.05503285   1.09694376   2.16419018\n    8.3398779 ]]", "nfev": "217", "njev": "31", "status": "0", "success": "True", "message": "Optimization terminated successfully.", "x": "[-0.48940512  3.43058951  0.85940901  4.11516441  4.06322609  4.56197642]", "nit": "29", "callback": [0.3755744268270358, 0.3463988107741808, 0.30132516030963585, 0.2744787485494645, 0.27165660580723605, 0.2690346322333289, 0.2666580603022948, 0.26425060736268247, 0.26020876746426724, 0.25696756954093536, 0.25159421316354535, 0.24165909865367352, 0.22517085144469273, 0.21949637771361608, 0.21525329691158723, 0.21339168792971108, 0.2104030377461128, 0.20829605133577378, 0.20795761358831388, 0.20737867437096758, 0.20642866319379838, 0.2050401781816985, 0.20408608755113966, 0.2037861064134885, 0.20371137518564164, 0.20370160458348952, 0.2037014237334065, 0.2037014157362217, 0.20370141437133382]}, "3": {"maxiter": 100, "gtol": 1e-05, "xrtol": 1e-10, "eps": 1e-10, "duration": 0.06845903396606445, "fun": "0.20370141432689992", "jac": "[5.55111466e-06 0.00000000e+00 1.11022293e-06 1.11022293e-06\n 3.33066880e-06 1.11022293e-06]", "hess_inv": "[[  3.80315095  -1.33196492   1.76069988   0.93523365   0.55163598\n   -1.33545866]\n [ -1.33196492  28.35680685 -22.0823052   -6.30948169  -2.48944307\n   -0.74002568]\n [  1.76069988 -22.0823052   21.28694072   3.97287945   2.98725713\n   -1.42113249]\n [  0.93523365  -6.30948169   3.97287945   5.03174166  -0.410496\n    1.13477028]\n [  0.55163598  -2.48944307   2.98725713  -0.410496     5.91918793\n    2.50314937]\n [ -1.33545866  -0.74002568  -1.42113249   1.13477028   2.50314937\n    8.73232335]]", "nfev": "217", "njev": "31", "status": "0", "success": "True", "message": "Optimization terminated successfully.", "x": "[-0.48938857  3.43056055  0.85943192  4.11518658  4.06324525  4.56198731]", "nit": "29", "callback": [0.375573863748656, 0.3463980966527366, 0.30132521850948946, 0.27447890206147363, 0.27165655494602325, 0.2690345466707933, 0.26665870394718416, 0.26424949740384696, 0.26020558191520227, 0.2569757638429161, 0.25162252626029713, 0.24172391303320784, 0.22526807079511124, 0.21960604590133315, 0.21526731081851203, 0.21341189376222514, 0.21043103327966484, 0.20830050838740588, 0.2079601565309006, 0.20737959122510652, 0.2064296390808733, 0.20504471540313296, 0.20409384492342642, 0.20378583298361685, 0.2037112434271242, 0.20370160229156808, 0.20370142289380944, 0.20370141527691366, 0.20370141432689992]}, "4": {"maxiter": 100, "gtol": 1e-10, "xrtol": 1e-05, "eps": 1e-05, "duration": 0.08934903144836426, "fun": "0.2037014143210507", "jac": "[ 3.81472631e-07  1.03672626e-07  9.58122470e-08 -7.80486786e-08\n -8.63531469e-08  9.52238288e-08]", "hess_inv": "[[  3.81375629  -1.38029213   1.81710817   1.04833985   0.23807794\n   -1.4537282 ]\n [ -1.38029213  30.35231424 -23.33444985  -7.60794556  -2.87214234\n   -1.54676453]\n [  1.81710817 -23.33444985  22.05427687   4.7507087    3.37724247\n   -0.83658264]\n [  1.04833985  -7.60794556   4.7507087    5.96639295  -0.39753538\n    1.38855823]\n [  0.23807794  -2.87214234   3.37724247  -0.39753538   5.38661021\n    2.22487892]\n [ -1.4537282   -1.54676453  -0.83658264   1.38855823   2.22487892\n    8.45034457]]", "nfev": "224", "njev": "32", "status": "0", "success": "True", "message": "Optimization terminated successfully.", "x": "[-0.48940991  3.43056524  0.85941995  4.11517907  4.06322951  4.56198211]", "nit": "30", "callback": [0.3755744268270358, 0.3463988107741808, 0.30132516030963585, 0.2744787485494645, 0.27165660580723605, 0.2690346322333289, 0.2666580603022948, 0.26425060736268247, 0.26020876746426724, 0.25696756954093536, 0.25159421316354535, 0.24165909865367352, 0.22517085144469273, 0.21949637771361608, 0.21525329691158723, 0.21339168792971108, 0.2104030377461128, 0.20829605133577378, 0.20795761358831388, 0.20737867437096758, 0.20642866319379838, 0.2050401781816985, 0.20408608755113966, 0.2037861064134885, 0.20371137518564164, 0.20370160458348952, 0.2037014237334065, 0.2037014157362217, 0.20370141437133382, 0.2037014143210507]}, "5": {"maxiter": 100, "gtol": 1e-10, "xrtol": 1e-05, "eps": 1e-10, "duration": 0.07287025451660156, "fun": "0.2037014143170881", "jac": "[ 2.22044587e-06 -1.11022293e-06 -2.22044587e-06  0.00000000e+00\n  0.00000000e+00 -1.11022293e-06]", "hess_inv": "[[  3.29132061  -0.27809428   0.96104763   0.40357564  -0.11468442\n   -1.58646017]\n [ -0.27809428  26.2036651  -20.37839551  -5.28910684  -1.14212894\n   -0.23540172]\n [  0.96104763 -20.37839551  20.23374745   2.88832622   1.86200333\n   -1.85494339]\n [  0.40357564  -5.28910684   2.88832622   4.80822759  -0.99357373\n    0.92798207]\n [ -0.11468442  -1.14212894   1.86200333  -0.99357373   5.08792403\n    2.19427879]\n [ -1.58646017  -0.23540172  -1.85494339   0.92798207   2.19427879\n    8.61808174]]", "nfev": "231", "njev": "33", "status": "0", "success": "True", "message": "Optimization terminated successfully.", "x": "[-0.48939512  3.43057322  0.85941886  4.11518342  4.06323792  4.56198469]", "nit": "30", "callback": [0.375573863748656, 0.3463980966527366, 0.30132521850948946, 0.27447890206147363, 0.27165655494602325, 0.2690345466707933, 0.26665870394718416, 0.26424949740384696, 0.26020558191520227, 0.2569757638429161, 0.25162252626029713, 0.24172391303320784, 0.22526807079511124, 0.21960604590133315, 0.21526731081851203, 0.21341189376222514, 0.21043103327966484, 0.20830050838740588, 0.2079601565309006, 0.20737959122510652, 0.2064296390808733, 0.20504471540313296, 0.20409384492342642, 0.20378583298361685, 0.2037112434271242, 0.20370160229156808, 0.20370142289380944, 0.20370141527691366, 0.20370141432689992, 0.2037014143170881]}, "6": {"maxiter": 100, "gtol": 1e-10, "xrtol": 1e-10, "eps": 1e-05, "duration": 0.1486339569091797, "fun": "0.2037014143210507", "jac": "[ 3.81472631e-07  1.03672626e-07  9.58122470e-08 -7.80486786e-08\n -8.63531469e-08  9.52238288e-08]", "hess_inv": "[[  3.98373956  -0.9219683    1.62053539   0.80357876   0.17707075\n   -1.56413836]\n [ -0.9219683   30.64044869 -23.41319513  -7.61895295  -2.89468986\n   -1.62906179]\n [  1.62053539 -23.41319513  22.06670001   4.72472747   3.38019735\n   -0.81147666]\n [  0.80357876  -7.61895295   4.72472747   5.87443684  -0.40689399\n    1.40003398]\n [  0.17707075  -2.89468986   3.38019735  -0.40689399   5.38724396\n    2.23224074]\n [ -1.56413836  -1.62906179  -0.81147666   1.40003398   2.23224074\n    8.47309891]]", "nfev": "431", "njev": "60", "status": "2", "success": "False", "message": "Desired error not necessarily achieved due to precision loss.", "x": "[-0.48940991  3.43056524  0.85941995  4.11517907  4.06322951  4.56198211]", "nit": "30", "callback": [0.3755744268270358, 0.3463988107741808, 0.30132516030963585, 0.2744787485494645, 0.27165660580723605, 0.2690346322333289, 0.2666580603022948, 0.26425060736268247, 0.26020876746426724, 0.25696756954093536, 0.25159421316354535, 0.24165909865367352, 0.22517085144469273, 0.21949637771361608, 0.21525329691158723, 0.21339168792971108, 0.2104030377461128, 0.20829605133577378, 0.20795761358831388, 0.20737867437096758, 0.20642866319379838, 0.2050401781816985, 0.20408608755113966, 0.2037861064134885, 0.20371137518564164, 0.20370160458348952, 0.2037014237334065, 0.2037014157362217, 0.20370141437133382, 0.2037014143210507]}, "7": {"maxiter": 100, "gtol": 1e-10, "xrtol": 1e-10, "eps": 1e-10, "duration": 0.10960006713867188, "fun": "0.20370141429933142", "jac": "[-2.22044587e-06  1.11022293e-06  0.00000000e+00  2.22044587e-06\n  0.00000000e+00  1.11022293e-06]", "hess_inv": "[[ 1.51197352e+01  3.82551237e+01 -3.52957949e+01 -3.38428821e+00\n  -1.62348787e+00  5.73592021e-01]\n [ 3.82551237e+01  1.10595777e+02 -1.00731104e+02 -1.13364461e+01\n  -9.94572320e-01  3.49874404e-01]\n [-3.52957949e+01 -1.00731104e+02  9.48950812e+01  1.01267658e+01\n   1.06716744e-01 -3.60587892e+00]\n [-3.38428821e+00 -1.13364461e+01  1.01267658e+01  3.80165843e+00\n  -1.79661538e-01  1.41334847e+00]\n [-1.62348787e+00 -9.94572320e-01  1.06716744e-01 -1.79661538e-01\n   2.67264173e+00  8.40968955e-01]\n [ 5.73592021e-01  3.49874404e-01 -3.60587892e+00  1.41334847e+00\n   8.40968955e-01  5.10420634e+00]]", "nfev": "343", "njev": "49", "status": "0", "success": "True", "message": "Optimization terminated successfully.", "x": "[-0.48940492  3.43055863  0.85943541  4.11518237  4.06323984  4.56198829]", "nit": "33", "callback": [0.375573863748656, 0.3463980966527366, 0.30132521850948946, 0.27447890206147363, 0.27165655494602325, 0.2690345466707933, 0.26665870394718416, 0.26424949740384696, 0.26020558191520227, 0.2569757638429161, 0.25162252626029713, 0.24172391303320784, 0.22526807079511124, 0.21960604590133315, 0.21526731081851203, 0.21341189376222514, 0.21043103327966484, 0.20830050838740588, 0.2079601565309006, 0.20737959122510652, 0.2064296390808733, 0.20504471540313296, 0.20409384492342642, 0.20378583298361685, 0.2037112434271242, 0.20370160229156808, 0.20370142289380944, 0.20370141527691366, 0.20370141432689992, 0.2037014143170881, 0.20370141430453614, 0.20370141429933142, 0.20370141429933142]}, "8": {"maxiter": 500, "gtol": 1e-05, "xrtol": 1e-05, "eps": 1e-05, "duration": 0.06337523460388184, "fun": "0.20370141437133382", "jac": "[ 2.20838903e-06  1.42679202e-06  1.71949122e-06 -2.74784639e-06\n -1.67833525e-06  1.03118625e-06]", "hess_inv": "[[  4.01080541  -1.43086988   1.8740309    1.15240029   0.43706409\n   -1.34868867]\n [ -1.43086988  28.77503412 -22.58007267  -6.56186115  -2.40778175\n   -1.05922203]\n [  1.8740309  -22.58007267  21.69886837   4.26200842   3.18548054\n   -1.05503285]\n [  1.15240029  -6.56186115   4.26200842   5.29763741  -0.64016589\n    1.09694376]\n [  0.43706409  -2.40778175   3.18548054  -0.64016589   5.42048955\n    2.16419018]\n [ -1.34868867  -1.05922203  -1.05503285   1.09694376   2.16419018\n    8.3398779 ]]", "nfev": "217", "njev": "31", "status": "0", "success": "True", "message": "Optimization terminated successfully.", "x": "[-0.48940512  3.43058951  0.85940901  4.11516441  4.06322609  4.56197642]", "nit": "29", "callback": [0.3755744268270358, 0.3463988107741808, 0.30132516030963585, 0.2744787485494645, 0.27165660580723605, 0.2690346322333289, 0.2666580603022948, 0.26425060736268247, 0.26020876746426724, 0.25696756954093536, 0.25159421316354535, 0.24165909865367352, 0.22517085144469273, 0.21949637771361608, 0.21525329691158723, 0.21339168792971108, 0.2104030377461128, 0.20829605133577378, 0.20795761358831388, 0.20737867437096758, 0.20642866319379838, 0.2050401781816985, 0.20408608755113966, 0.2037861064134885, 0.20371137518564164, 0.20370160458348952, 0.2037014237334065, 0.2037014157362217, 0.20370141437133382]}, "9": {"maxiter": 500, "gtol": 1e-05, "xrtol": 1e-05, "eps": 1e-10, "duration": 0.07416701316833496, "fun": "0.20370141432689992", "jac": "[5.55111466e-06 0.00000000e+00 1.11022293e-06 1.11022293e-06\n 3.33066880e-06 1.11022293e-06]", "hess_inv": "[[  3.80315095  -1.33196492   1.76069988   0.93523365   0.55163598\n   -1.33545866]\n [ -1.33196492  28.35680685 -22.0823052   -6.30948169  -2.48944307\n   -0.74002568]\n [  1.76069988 -22.0823052   21.28694072   3.97287945   2.98725713\n   -1.42113249]\n [  0.93523365  -6.30948169   3.97287945   5.03174166  -0.410496\n    1.13477028]\n [  0.55163598  -2.48944307   2.98725713  -0.410496     5.91918793\n    2.50314937]\n [ -1.33545866  -0.74002568  -1.42113249   1.13477028   2.50314937\n    8.73232335]]", "nfev": "217", "njev": "31", "status": "0", "success": "True", "message": "Optimization terminated successfully.", "x": "[-0.48938857  3.43056055  0.85943192  4.11518658  4.06324525  4.56198731]", "nit": "29", "callback": [0.375573863748656, 0.3463980966527366, 0.30132521850948946, 0.27447890206147363, 0.27165655494602325, 0.2690345466707933, 0.26665870394718416, 0.26424949740384696, 0.26020558191520227, 0.2569757638429161, 0.25162252626029713, 0.24172391303320784, 0.22526807079511124, 0.21960604590133315, 0.21526731081851203, 0.21341189376222514, 0.21043103327966484, 0.20830050838740588, 0.2079601565309006, 0.20737959122510652, 0.2064296390808733, 0.20504471540313296, 0.20409384492342642, 0.20378583298361685, 0.2037112434271242, 0.20370160229156808, 0.20370142289380944, 0.20370141527691366, 0.20370141432689992]}, "10": {"maxiter": 500, "gtol": 1e-05, "xrtol": 1e-10, "eps": 1e-05, "duration": 0.07201099395751953, "fun": "0.20370141437133382", "jac": "[ 2.20838903e-06  1.42679202e-06  1.71949122e-06 -2.74784639e-06\n -1.67833525e-06  1.03118625e-06]", "hess_inv": "[[  4.01080541  -1.43086988   1.8740309    1.15240029   0.43706409\n   -1.34868867]\n [ -1.43086988  28.77503412 -22.58007267  -6.56186115  -2.40778175\n   -1.05922203]\n [  1.8740309  -22.58007267  21.69886837   4.26200842   3.18548054\n   -1.05503285]\n [  1.15240029  -6.56186115   4.26200842   5.29763741  -0.64016589\n   