{"date": "2024/10/08/, 15:43:46", "conf_id": 9, "data_type": "random\n", "num_data_points": 1, "s_rank": 0, "unitary": "[[-0.24866696+0.58742286j,-0.44704345-0.43151574j,-0.35669027-0.20570733j,-0.10517633+0.1626036j],[0.10596805-0.19687975j,-0.30269685-0.15056416j,0.18246286+0.30440582j,-0.83484447-0.11310748j],[0.26054512-0.52548482j,0.0285017-0.50723956j,-0.43110112+0.17165838j,0.15243271+0.39915801j],[0.42978035+0.11991271j,-0.17224126-0.46030424j,0.6827807-0.15164662j,0.26483638+0.0061855j]]", "databatch_0": {"databatch": "[[[-0.05012474+0.22127544j,0.12734145-0.15668901j,0.02782199+0.05051984j,-0.16151511+0.37167767j],[0.14567095+0.110306j,-0.11281021-0.05375086j,-0.01639116-0.04239441j,0.27927989+0.50898365j],[0.18634099-0.03919098j,-0.20605792-0.02393237j,0.0197494-0.07138802j,0.27750977+0.10162602j],[-0.12051519+0.06068917j,0.06497505-0.01559109j,0.00380134-0.00675199j,-0.37686039+0.1232733j]]]", "initial param values": "[6.00391431,2.0794755,1.90270117,0.6263075,5.90856041,2.72090253]", "nelder_mead": {"type": "gradient-free", "0": {"maxiter": 100, "fatol": 1e-05, "xatol": 1e-05, "duration": 0.04279923439025879, "fun": "0.21638831873766673", "nit": "100", "nfev": "153", "status": "2", "success": "False", "message": "Maximum number of iterations has been exceeded.", "x": "[5.43803286 3.03851041 2.23158028 1.67321958 3.28770782 5.55006502]", "final_simplex": "(array([[5.43803286, 3.03851041, 2.23158028, 1.67321958, 3.28770782,\n        5.55006502],\n       [5.71561135, 2.95882083, 2.11700685, 1.45357483, 3.40227111,\n        5.64459282],\n       [5.39938467, 3.03467802, 2.19820023, 1.38516306, 3.23506434,\n        5.65943035],\n       [5.47018547, 2.93389959, 2.29084491, 1.41589449, 3.28181197,\n        5.75855708],\n       [5.84546775, 2.70664553, 2.1103282 , 1.17255926, 3.46253346,\n        5.44330181],\n       [5.51909301, 2.89624852, 2.07495611, 1.2747639 , 3.28777055,\n        5.72564056],\n       [5.75331183, 2.74443125, 1.94835295, 1.10353257, 3.73457285,\n        5.36790817]]), array([0.21638832, 0.22894958, 0.23013128, 0.23683389, 0.23948057,\n       0.24487334, 0.24532158]))", "callback": [0.4948341228836758, 0.4110747063303237, 0.38041592772902155, 0.35922872973619435, 0.31667371655093635, 0.31273128982913356, 0.307369533443809, 0.297927194078515, 0.2760469545697015, 0.2453652748927848]}, "1": {"maxiter": 100, "fatol": 1e-05, "xatol": 1e-10, "duration": 0.04060792922973633, "fun": "0.21638831873766673", "nit": "100", "nfev": "153", "status": "2", "success": "False", "message": "Maximum number of iterations has been exceeded.", "x": "[5.43803286 3.03851041 2.23158028 1.67321958 3.28770782 5.55006502]", "final_simplex": "(array([[5.43803286, 3.03851041, 2.23158028, 1.67321958, 3.28770782,\n        5.55006502],\n       [5.71561135, 2.95882083, 2.11700685, 1.45357483, 3.40227111,\n        5.64459282],\n       [5.39938467, 3.03467802, 2.19820023, 1.38516306, 3.23506434,\n        5.65943035],\n       [5.47018547, 2.93389959, 2.29084491, 1.41589449, 3.28181197,\n        5.75855708],\n       [5.84546775, 2.70664553, 2.1103282 , 1.17255926, 3.46253346,\n        5.44330181],\n       [5.51909301, 2.89624852, 2.07495611, 1.2747639 , 3.28777055,\n        5.72564056],\n       [5.75331183, 2.74443125, 1.94835295, 1.10353257, 3.73457285,\n        5.36790817]]), array([0.21638832, 0.22894958, 0.23013128, 0.23683389, 0.23948057,\n       0.24487334, 0.24532158]))", "callback": [0.4948341228836758, 0.4110747063303237, 0.38041592772902155, 0.35922872973619435, 0.31667371655093635, 0.31273128982913356, 0.307369533443809, 0.297927194078515, 0.2760469545697015, 0.2453652748927848]}, "2": {"maxiter": 100, "fatol": 1e-10, "xatol": 1e-05, "duration": 0.04327082633972168, "fun": "0.21638831873766673", "nit": "100", "nfev": "153", "status": "2", "success": "False", "message": "Maximum number of iterations has been exceeded.", "x": "[5.43803286 3.03851041 2.23158028 1.67321958 3.28770782 5.55006502]", "final_simplex": "(array([[5.43803286, 3.03851041, 2.23158028, 1.67321958, 3.28770782,\n        5.55006502],\n       [5.71561135, 2.95882083, 2.11700685, 1.45357483, 3.40227111,\n        5.64459282],\n       [5.39938467, 3.03467802, 2.19820023, 1.38516306, 3.23506434,\n        5.65943035],\n       [5.47018547, 2.93389959, 2.29084491, 1.41589449, 3.28181197,\n        5.75855708],\n       [5.84546775, 2.70664553, 2.1103282 , 1.17255926, 3.46253346,\n        5.44330181],\n       [5.51909301, 2.89624852, 2.07495611, 1.2747639 , 3.28777055,\n        5.72564056],\n       [5.75331183, 2.74443125, 1.94835295, 1.10353257, 3.73457285,\n        5.36790817]]), array([0.21638832, 0.22894958, 0.23013128, 0.23683389, 0.23948057,\n       0.24487334, 0.24532158]))", "callback": [0.4948341228836758, 0.4110747063303237, 0.38041592772902155, 0.35922872973619435, 0.31667371655093635, 0.31273128982913356, 0.307369533443809, 0.297927194078515, 0.2760469545697015, 0.2453652748927848]}, "3": {"maxiter": 100, "fatol": 1e-10, "xatol": 1e-10, "duration": 0.04996776580810547, "fun": "0.21638831873766673", "nit": "100", "nfev": "153", "status": "2", "success": "False", "message": "Maximum number of iterations has been exceeded.", "x": "[5.43803286 3.03851041 2.23158028 1.67321958 3.28770782 5.55006502]", "final_simplex": "(array([[5.43803286, 3.03851041, 2.23158028, 1.67321958, 3.28770782,\n        5.55006502],\n       [5.71561135, 2.95882083, 2.11700685, 1.45357483, 3.40227111,\n        5.64459282],\n       [5.39938467, 3.03467802, 2.19820023, 1.38516306, 3.23506434,\n        5.65943035],\n       [5.47018547, 2.93389959, 2.29084491, 1.41589449, 3.28181197,\n        5.75855708],\n       [5.84546775, 2.70664553, 2.1103282 , 1.17255926, 3.46253346,\n        5.44330181],\n       [5.51909301, 2.89624852, 2.07495611, 1.2747639 , 3.28777055,\n        5.72564056],\n       [5.75331183, 2.74443125, 1.94835295, 1.10353257, 3.73457285,\n        5.36790817]]), array([0.21638832, 0.22894958, 0.23013128, 0.23683389, 0.23948057,\n       0.24487334, 0.24532158]))", "callback": [0.4948341228836758, 0.4110747063303237, 0.38041592772902155, 0.35922872973619435, 0.31667371655093635, 0.31273128982913356, 0.307369533443809, 0.297927194078515, 0.2760469545697015, 0.2453652748927848]}, "4": {"maxiter": 500, "fatol": 1e-05, "xatol": 1e-05, "duration": 0.15565896034240723, "fun": "0.18339171946651822", "nit": "379", "nfev": "593", "status": "0", "success": "True", "message": "Optimization terminated successfully.", "x": "[5.52312886 3.86139739 1.88345281 1.77948648 2.95093234 5.06277814]", "final_simplex": "(array([[5.52312886, 3.86139739, 1.88345281, 1.77948648, 2.95093234,\n        5.06277814],\n       [5.52312208, 3.86139261, 1.88346063, 1.77948541, 2.95092521,\n        5.06278176],\n       [5.52313054, 3.86139426, 1.8834487 , 1.77948285, 2.95093722,\n        5.06277941],\n       [5.52312885, 3.86139087, 1.88345632, 1.77948464, 2.95093376,\n        5.06278227],\n       [5.52312933, 3.86139708, 1.88344587, 1.77948249, 2.95093127,\n        5.0627811 ],\n       [5.52313211, 3.86139379, 1.88344617, 1.77947854, 2.95094007,\n        5.06277918],\n       [5.52312951, 3.86139441, 1.8834517 , 1.77948568, 2.95092976,\n        5.06277578]]), array([0.18339172, 0.18339172, 0.18339172, 0.18339172, 0.18339172,\n       0.18339172, 0.18339172]))", "callback": [0.4948341228836758, 0.4110747063303237, 0.38041592772902155, 0.35922872973619435, 0.31667371655093635, 0.31273128982913356, 0.307369533443809, 0.297927194078515, 0.2760469545697015, 0.2453652748927848, 0.20566319993193183, 0.20146226312303472, 0.20078680590440456, 0.19873286532140577, 0.19327460229103277, 0.18997585029244413, 0.18807303142916076, 0.18573347249154115, 0.18525497984522699, 0.18461191480276218, 0.1843190763591298, 0.18399301844856075, 0.1836511062811026, 0.18357351672229882, 0.18347091088651835, 0.18342657450175603, 0.18340367425881743, 0.18339597735566893, 0.18339249141690472, 0.18339187025888581, 0.18339174337219966, 0.18339172255717884, 0.18339172070004672, 0.1833917197868009, 0.18339171958906897, 0.1833917195110899, 0.18339171948286392, 0.18339171946864452]}, "5": {"maxiter": 500, "fatol": 1e-05, "xatol": 1e-10, "duration": 0.2430708408355713, "fun": "0.1833917194625787", "nit": "490", "nfev": "840", "status": "0", "success": "True", "message": "Optimization terminated successfully.", "x": "[5.52312426 3.86140447 1.88345012 1.7794844  2.95092485 5.06277461]", "final_simplex": "(array([[5.52312426, 3.86140447, 1.88345012, 1.7794844 , 2.95092485,\n        5.06277461],\n       [5.52312426, 3.86140447, 1.88345012, 1.7794844 , 2.95092485,\n        5.06277461],\n       [5.52312426, 3.86140447, 1.88345012, 1.7794844 , 2.95092485,\n        5.06277461],\n       [5.52312426, 3.86140447, 1.88345012, 1.7794844 , 2.95092485,\n        5.06277461],\n       [5.52312426, 3.86140447, 1.88345012, 1.7794844 , 2.95092485,\n        5.06277461],\n       [5.52312426, 3.86140447, 1.88345012, 1.7794844 , 2.95092485,\n        5.06277461],\n       [5.52312426, 3.86140447, 1.88345012, 1.7794844 , 2.95092485,\n        5.06277461]]), array([0.18339172, 0.18339172, 0.18339172, 0.18339172, 0.18339172,\n       0.18339172, 0.18339172]))", "callback": [0.4948341228836758, 0.4110747063303237, 0.38041592772902155, 0.35922872973619435, 0.31667371655093635, 0.31273128982913356, 0.307369533443809, 0.297927194078515, 0.2760469545697015, 0.2453652748927848, 0.20566319993193183, 0.20146226312303472, 0.20078680590440456, 0.19873286532140577, 0.19327460229103277, 0.18997585029244413, 0.18807303142916076, 0.18573347249154115, 0.18525497984522699, 0.18461191480276218, 0.1843190763591298, 0.18399301844856075, 0.1836511062811026, 0.18357351672229882, 0.18347091088651835, 0.18342657450175603, 0.18340367425881743, 0.18339597735566893, 0.18339249141690472, 0.18339187025888581, 0.18339174337219966, 0.18339172255717884, 0.18339172070004672, 0.1833917197868009, 0.18339171958906897, 0.1833917195110899, 0.18339171948286392, 0.18339171946864452, 0.18339171946651822, 0.18339171946409638, 0.1833917194629514, 0.18339171946259258, 0.18339171946259258, 0.1833917194625858, 0.18339171946258048, 0.18339171946257937, 0.18339171946257893, 0.1833917194625787, 0.1833917194625787]}, "6": {"maxiter": 500, "fatol": 1e-10, "xatol": 1e-05, "duration": 0.16198277473449707, "fun": "0.18339171946651822", "nit": "379", "nfev": "593", "status": "0", "success": "True", "message": "Optimization terminated successfully.", "x": "[5.52312886 3.86139739 1.88345281 1.77948648 2.95093234 5.06277814]", "final_simplex": "(array([[5.52312886, 3.86139739, 1.88345281, 1.77948648, 2.95093234,\n        5.06277814],\n       [5.52312208, 3.86139261, 1.88346063, 1.77948541, 2.95092521,\n        5.06278176],\n       [5.52313054, 3.86139426, 1.8834487 , 1.77948285, 2.95093722,\n        5.06277941],\n       [5.52312885, 3.86139087, 1.88345632, 1.77948464, 2.95093376,\n        5.06278227],\n       [5.52312933, 3.86139708, 1.88344587, 1.77948249, 2.95093127,\n        5.0627811 ],\n       [5.52313211, 3.86139379, 1.88344617, 1.77947854, 2.95094007,\n        5.06277918],\n       [5.52312951, 3.86139441, 1.8834517 , 1.77948568, 2.95092976,\n        5.06277578]]), array([0.18339172, 0.18339172, 0.18339172, 0.18339172, 0.18339172,\n       0.18339172, 0.18339172]))", "callback": [0.4948341228836758, 0.4110747063303237, 0.38041592772902155, 0.35922872973619435, 0.31667371655093635, 0.31273128982913356, 0.307369533443809, 0.297927194078515, 0.2760469545697015, 0.2453652748927848, 0.20566319993193183, 0.20146226312303472, 0.20078680590440456, 0.19873286532140577, 0.19327460229103277, 0.18997585029244413, 0.18807303142916076, 0.18573347249154115, 0.18525497984522699, 0.18461191480276218, 0.1843190763591298, 0.18399301844856075, 0.1836511062811026, 0.18357351672229882, 0.18347091088651835, 0.18342657450175603, 0.18340367425881743, 0.18339597735566893, 0.18339249141690472, 0.18339187025888581, 0.18339174337219966, 0.18339172255717884, 0.18339172070004672, 0.1833917197868009, 0.18339171958906897, 0.1833917195110899, 0.18339171948286392, 0.18339171946864452]}, "7": {"maxiter": 500, "fatol": 1e-10, "xatol": 1e-10, "duration": 0.22713804244995117, "fun": "0.1833917194625787", "nit": "490", "nfev": "840", "status": "0", "success": "True", "message": "Optimization terminated successfully.", "x": "[5.52312426 3.86140447 1.88345012 1.7794844  2.95092485 5.06277461]", "final_simplex": "(array([[5.52312426, 3.86140447, 1.88345012, 1.7794844 , 2.95092485,\n        5.06277461],\n       [5.52312426, 3.86140447, 1.88345012, 1.7794844 , 2.95092485,\n        5.06277461],\n       [5.52312426, 3.86140447, 1.88345012, 1.7794844 , 2.95092485,\n        5.06277461],\n       [5.52312426, 3.86140447, 1.88345012, 1.7794844 , 2.95092485,\n        5.06277461],\n       [5.52312426, 3.86140447, 1.88345012, 1.7794844 , 2.95092485,\n        5.06277461],\n       [5.52312426, 3.86140447, 1.88345012, 1.7794844 , 2.95092485,\n        5.06277461],\n       [5.52312426, 3.86140447, 1.88345012, 1.7794844 , 2.95092485,\n        5.06277461]]), array([0.18339172, 0.18339172, 0.18339172, 0.18339172, 0.18339172,\n       0.18339172, 0.18339172]))", "callback": [0.4948341228836758, 0.4110747063303237, 0.38041592772902155, 0.35922872973619435, 0.31667371655093635, 0.31273128982913356, 0.307369533443809, 0.297927194078515, 0.2760469545697015, 0.2453652748927848, 0.20566319993193183, 0.20146226312303472, 0.20078680590440456, 0.19873286532140577, 0.19327460229103277, 0.18997585029244413, 0.18807303142916076, 0.18573347249154115, 0.18525497984522699, 0.18461191480276218, 0.1843190763591298, 0.18399301844856075, 0.1836511062811026, 0.18357351672229882, 0.18347091088651835, 0.18342657450175603, 0.18340367425881743, 0.18339597735566893, 0.18339249141690472, 0.18339187025888581, 0.18339174337219966, 0.18339172255717884, 0.18339172070004672, 0.1833917197868009, 0.18339171958906897, 0.1833917195110899, 0.18339171948286392, 0.18339171946864452, 0.18339171946651822, 0.18339171946409638, 0.1833917194629514, 0.18339171946259258, 0.18339171946259258, 0.1833917194625858, 0.18339171946258048, 0.18339171946257937, 0.18339171946257893, 0.1833917194625787, 0.1833917194625787]}, "8": {"maxiter": 1000, "fatol": 1e-05, "xatol": 1e-05, "duration": 0.159210205078125, "fun": "0.18339171946651822", "nit": "379", "nfev": "593", "status": "0", "success": "True", "message": "Optimization terminated successfully.", "x": "[5.52312886 3.86139739 1.88345281 1.77948648 2.95093234 5.06277814]", "final_simplex": "(array([[5.52312886, 3.86139739, 1.88345281, 1.77948648, 2.95093234,\n        5.06277814],\n       [5.52312208, 3.86139261, 1.88346063, 1.77948541, 2.95092521,\n        5.06278176],\n       [5.52313054, 3.86139426, 1.8834487 , 1.77948285, 2.95093722,\n        5.06277941],\n       [5.52312885, 3.86139087, 1.88345632, 1.77948464, 2.95093376,\n        5.06278227],\n       [5.52312933, 3.86139708, 1.88344587, 1.77948249, 2.95093127,\n        5.0627811 ],\n       [5.52313211, 3.86139379, 1.88344617, 1.77947854, 2.95094007,\n        5.06277918],\n       [5.52312951, 3.86139441, 1.8834517 , 1.77948568, 2.95092976,\n        5.06277578]]), array([0.18339172, 0.18339172, 0.18339172, 0.18339172, 0.18339172,\n       0.18339172, 0.18339172]))", "callback": [0.4948341228836758, 0.4110747063303237, 0.38041592772902155, 0.35922872973619435, 0.31667371655093635, 0.31273128982913356, 0.307369533443809, 0.297927194078515, 0.2760469545697015, 0.2453652748927848, 0.20566319993193183, 0.20146226312303472, 0.20078680590440456, 0.19873286532140577, 0.19327460229103277, 0.18997585029244413, 0.18807303142916076, 0.18573347249154115, 0.18525497984522699, 0.18461191480276218, 0.1843190763591298, 0.18399301844856075, 0.1836511062811026, 0.18357351672229882, 0.18347091088651835, 0.18342657450175603, 0.18340367425881743, 0.18339597735566893, 0.18339249141690472, 0.18339187025888581, 0.18339174337219966, 0.18339172255717884, 0.18339172070004672, 0.1833917197868009, 0.18339171958906897, 0.1833917195110899, 0.18339171948286392, 0.18339171946864452]}, "9": {"maxiter": 1000, "fatol": 1e-05, "xatol": 1e-10, "duration": 0.22306036949157715, "fun": "0.1833917194625787", "nit": "490", "nfev": "840", "status": "0", "success": "True", "message": "Optimization terminated successfully.", "x": "[5.52312426 3.86140447 1.88345012 1.7794844  2.95092485 5.06277461]", "final_simplex": "(array([[5.52312426, 3.86140447, 1.88345012, 1.7794844 , 2.95092485,\n        5.06277461],\n       [5.52312426, 3.86140447, 1.88345012, 1.7794844 , 2.95092485,\n        5.06277461],\n       [5.52312426, 3.86140447, 1.88345012, 1.7794844 , 2.95092485,\n        5.06277461],\n       [5.52312426, 3.86140447, 1.88345012, 1.7794844 , 2.95092485,\n        5.06277461],\n       [5.52312426, 3.86140447, 1.88345012, 1.7794844 , 2.95092485,\n        5.06277461],\n       [5.52312426, 3.86140447, 1.88345012, 1.7794844 , 2.95092485,\n        5.06277461],\n       [5.52312426, 3.86140447, 1.88345012, 1.7794844 , 2.95092485,\n        5.06277461]]), array([0.18339172, 0.18339172, 0.18339172, 0.18339172, 0.18339172,\n       0.18339172, 0.18339172]))", "callback": [0.4948341228836758, 0.4110747063303237, 0.38041592772902155, 0.35922872973619435, 0.31667371655093635, 0.31273128982913356, 0.307369533443809, 0.297927194078515, 0.2760469545697015, 0.2453652748927848, 0.20566319993193183, 0.20146226312303472, 0.20078680590440456, 0.19873286532140577, 0.19327460229103277, 0.18997585029244413, 0.18807303142916076, 0.18573347249154115, 0.18525497984522699, 0.18461191480276218, 0.1843190763591298, 0.18399301844856075, 0.1836511062811026, 0.18357351672229882, 0.18347091088651835, 0.18342657450175603, 0.18340367425881743, 0.18339597735566893, 0.18339249141690472, 0.18339187025888581, 0.18339174337219966, 0.18339172255717884, 0.18339172070004672, 0.1833917197868009, 0.18339171958906897, 0.1833917195110899, 0.18339171948286392, 0.18339171946864452, 0.18339171946651822, 0.18339171946409638, 0.1833917194629514, 0.18339171946259258, 0.18339171946259258, 0.1833917194625858, 0.18339171946258048, 0.18339171946257937, 0.18339171946257893, 0.1833917194625787, 0.1833917194625787]}, "10": {"maxiter": 1000, "fatol": 1e-10, "xatol": 1e-05, "duration": 0.15724420547485352, "fun": "0.18339171946651822", "nit": "379", "nfev": "593", "status": "0", "success": "True", "message": "Optimization terminated successfully.", "x": "[5.52312886 3.86139739 1.88345281 1.77948648 2.95093234 5.06277814]", "final_simplex": "(array([[5.52312886, 3.86139739, 1.88345281, 1.77948648, 2.95093234,\n        5.06277814],\n       [5.52312208, 3.86139261, 1.88346063, 1.77948541, 2.95092521,\n        5.06278176],\n       [5.52313054, 3.86139426, 1.8834487 , 1.77948285, 2.95093722,\n        5.06277941],\n       [5.52312885, 3.86139087, 1.88345632, 1.77948464, 2.95093376,\n        5.06278227],\n       [5.52312933, 3.86139708, 1.88344587, 1.77948249, 2.95093127,\n        5.0627811 ],\n       [5.52313211, 3.86139379, 1.88344617, 1.77947854, 2.95094007,\n        5.06277918],\n       [5.52312951, 3.86139441, 1.8834517 , 1.77948568, 2.95092976,\n        5.06277578]]), array([0.18339172, 0.18339172, 0.18339172, 0.18339172, 0.18339172,\n       0.18339172, 0.18339172]))", "callback": [0.4948341228836758, 0.4110747063303237, 0.38041592772902155, 0.35922872973619435, 0.31667371655093635, 0.31273128982913356, 0.307369533443809, 0.297927194078515, 0.2760469545697015, 0.2453652748927848, 0.20566319993193183, 0.20146226312303472, 0.20078680590440456, 0.19873286532140577, 0.19327460229103277, 0.18997585029244413, 0.18807303142916076, 0.18573347249154115, 0.18525497984522699, 0.18461191480276218, 0.1843190763591298, 0.18399301844856075, 0.1836511062811026, 0.18357351672229882, 0.18347091088651835, 0.18342657450175603, 0.18340367425881743, 0.18339597735566893, 0.18339249141690472, 0.18339187025888581, 0.18339174337219966, 0.18339172255717884, 0.18339172070004672, 0.1833917197868009, 0.18339171958906897, 0.1833917195110899, 0.18339171948286392, 0.18339171946864452]}, "11": {"maxiter": 1000, "fatol": 1e-10, "xatol": 1e-10, "duration": 0.22557783126831055, "fun": "0.1833917194625787", "nit": "490", "nfev": "840", "status": "0", "success": "True", "message": "Optimization terminated successfully.", "x": "[5.52312426 3.86140447 1.88345012 1.7794844  2.95092485 5.06277461]", "final_simplex": "(array([[5.52312426, 3.86140447, 1.88345012, 1.7794844 , 2.95092485,\n        5.06277461],\n       [5.52312426, 3.86140447, 1.88345012, 1.7794844 , 2.95092485,\n        5.06277461],\n       [5.52312426, 3.86140447, 1.88345012, 1.7794844 , 2.95092485,\n        5.06277461],\n       [5.52312426, 3.86140447, 1.88345012, 1.7794844 , 2.95092485,\n        5.06277461],\n       [5.52312426, 3.86140447, 1.88345012, 1.7794844 , 2.95092485,\n        5.06277461],\n       [5.52312426, 3.86140447, 1.88345012, 1.7794844 , 2.95092485,\n        5.06277461],\n       [5.52312426, 3.86140447, 1.88345012, 1.7794844 , 2.95092485,\n        5.06277461]]), array([0.18339172, 0.18339172, 0.18339172, 0.18339172, 0.18339172,\n       0.18339172, 0.18339172]))", "callback": [0.4948341228836758, 0.4110747063303237, 0.38041592772902155, 0.35922872973619435, 0.31667371655093635, 0.31273128982913356, 0.307369533443809, 0.297927194078515, 0.2760469545697015, 0.2453652748927848, 0.20566319993193183, 0.20146226312303472, 0.20078680590440456, 0.19873286532140577, 0.19327460229103277, 0.18997585029244413, 0.18807303142916076, 0.18573347249154115, 0.18525497984522699, 0.18461191480276218, 0.1843190763591298, 0.18399301844856075, 0.1836511062811026, 0.18357351672229882, 0.18347091088651835, 0.18342657450175603, 0.18340367425881743, 0.18339597735566893, 0.18339249141690472, 0.18339187025888581, 0.18339174337219966, 0.18339172255717884, 0.18339172070004672, 0.1833917197868009, 0.18339171958906897, 0.1833917195110899, 0.18339171948286392, 0.18339171946864452, 0.18339171946651822, 0.18339171946409638, 0.1833917194629514, 0.18339171946259258, 0.18339171946259258, 0.1833917194625858, 0.18339171946258048, 0.18339171946257937, 0.18339171946257893, 0.1833917194625787, 0.1833917194625787]}}, "bfgs": {"type": "gradient", "0": {"maxiter": 100, "gtol": 1e-05, "xrtol": 1e-05, "eps": 1e-05, "duration": 0.07292890548706055, "fun": "0.1833917195061333", "jac": "[ 3.39378525e-06 -7.27362615e-07 -6.84896584e-08 -1.60238489e-07\n -2.28408403e-06  6.70352662e-08]", "hess_inv": "[[ 10.09769767   0.27674677  -7.11273095  -2.21356718  11.38723164\n   -1.51548595]\n [  0.27674677  11.0940914   -9.22346175  -1.05598758  -2.50693266\n   -6.1861289 ]\n [ -7.11273095  -9.22346175  21.67855265   8.85028365 -10.2814354\n    6.28366936]\n [ -2.21356718  -1.05598758   8.85028365   7.96235345  -6.24168691\n    1.20529469]\n [ 11.38723164  -2.50693266 -10.2814354   -6.24168691  19.98941294\n   -0.27290576]\n [ -1.51548595  -6.1861289    6.28366936   1.20529469  -0.27290576\n    6.25024517]]", "nfev": "259", "njev": "37", "status": "0", "success": "True", "message": "Optimization terminated successfully.", "x": "[5.523123   3.86141107 1.88343443 1.77947411 2.95091152 5.0627652 ]", "nit": "35", "callback": [0.44015972699828776, 0.4035203372250433, 0.397249842942466, 0.39441519986542195, 0.38941051375753966, 0.3803737360739008, 0.3640754484244191, 0.34051812025756323, 0.32238584446152485, 0.3008466480889679, 0.2627514066877812, 0.21669057345673381, 0.2114525572329624, 0.2076764024052673, 0.20527149336994044, 0.20351734610508276, 0.2025356261232676, 0.20206843991869305, 0.2015744117655568, 0.2006883651434883, 0.19917913964448042, 0.19727866725343612, 0.1946646159215255, 0.19011004950520627, 0.18525983909032495, 0.18515521132575774, 0.18502042466149926, 0.18480445967234238, 0.18444507005299882, 0.18387146841732038, 0.18346107075325768, 0.18341071029192224, 0.18339247785148882, 0.18339172452753183, 0.1833917195061333]}, "1": {"maxiter": 100, "gtol": 1e-05, "xrtol": 1e-05, "eps": 1e-10, "duration": 0.07683086395263672, "fun": "0.18339171981439706", "jac": "[ 8.88178346e-06 -8.88178346e-06 -4.44089173e-06  1.11022293e-06\n -6.66133760e-06 -2.22044587e-06]", "hess_inv": "[[10.8934242  -0.54396253 -6.44455903 -1.74254895 11.83006391 -1.33538649]\n [-0.54396253 11.8594     -8.94749154 -0.91824698 -3.34272869 -6.19641853]\n [-6.44455903 -8.94749154 19.89945723  7.9609443  -9.02388203  5.72757598]\n [-1.74254895 -0.91824698  7.9609443   7.5673115  -5.44593555  0.84973539]\n [11.83006391 -3.34272869 -9.02388203 -5.44593555 19.54882625  0.292049  ]\n [-1.33538649 -6.19641853  5.72757598  0.84973539  0.292049    6.09832977]]", "nfev": "266", "njev": "38", "status": "0", "success": "True", "message": "Optimization terminated successfully.", "x": "[5.52315876 3.86133764 1.88346305 1.77948294 2.95094371 5.06280109]", "nit": "36", "callback": [0.44015987050166017, 0.403521012845909, 0.3972499445027946, 0.39441553473678725, 0.38941129741178715, 0.38037525669275296, 0.36407804973621793, 0.34052040798094374, 0.3223901859682986, 0.30085710762398576, 0.26276973961725614, 0.21669477454726438, 0.21144689161377894, 0.20766420595501822, 0.2052872080854865, 0.20351613360995824, 0.20255197008493642, 0.20206478190264754, 0.20158766465752798, 0.2007268055153405, 0.19924499390589367, 0.19734417924925074, 0.1948590337326359, 0.19048642984870012, 0.185344868730288, 0.18512017513801637, 0.18501609746676184, 0.18483706507275688, 0.18452440298704376, 0.18401708368737768, 0.18351503130777502, 0.18342551475027347, 0.1833946761066605, 0.1833920486766093, 0.18339174565736938, 0.18339171981439706]}, "2": {"maxiter": 100, "gtol": 1e-05, "xrtol": 1e-10, "eps": 1e-05, "duration": 0.06992006301879883, "fun": "0.1833917195061333", "jac": "[ 3.39378525e-06 -7.27362615e-07 -6.84896584e-08 -1.60238489e-07\n -2.28408403e-06  6.70352662e-08]", "hess_inv": "[[ 10.09769767   0.27674677  -7.11273095  -2.21356718  11.38723164\n   -1.51548595]\n [  0.27674677  11.0940914   -9.22346175  -1.05598758  -2.50693266\n   -6.1861289 ]\n [ -7.11273095  -9.22346175  21.67855265   8.85028365 -10.2814354\n    6.28366936]\n [ -2.21356718  -1.05598758   8.85028365   7.96235345  -6.24168691\n    1.20529469]\n [ 11.38723164  -2.50693266 -10.2814354   -6.24168691  19.98941294\n   -0.27290576]\n [ -1.51548595  -6.1861289    6.28366936   1.20529469  -0.27290576\n    6.25024517]]", "nfev": "259", "njev": "37", "status": "0", "success": "True", "message": "Optimization terminated successfully.", "x": "[5.523123   3.86141107 1.88343443 1.77947411 2.95091152 5.0627652 ]", "nit": "35", "callback": [0.44015972699828776, 0.4035203372250433, 0.397249842942466, 0.39441519986542195, 0.38941051375753966, 0.3803737360739008, 0.3640754484244191, 0.34051812025756323, 0.32238584446152485, 0.3008466480889679, 0.2627514066877812, 0.21669057345673381, 0.2114525572329624, 0.2076764024052673, 0.20527149336994044, 0.20351734610508276, 0.2025356261232676, 0.20206843991869305, 0.2015744117655568, 0.2006883651434883, 0.19917913964448042, 0.19727866725343612, 0.1946646159215255, 0.19011004950520627, 0.18525983909032495, 0.18515521132575774, 0.18502042466149926, 0.18480445967234238, 0.18444507005299882, 0.18387146841732038, 0.18346107075325768, 0.18341071029192224, 0.18339247785148882, 0.18339172452753183, 0.1833917195061333]}, "3": {"maxiter": 100, "gtol": 1e-05, "xrtol": 1e-10, "eps": 1e-10, "duration": 0.07802700996398926, "fun": "0.18339171981439706", "jac": "[ 8.88178346e-06 -8.88178346e-06 -4.44089173e-06  1.11022293e-06\n -6.66133760e-06 -2.22044587e-06]", "hess_inv": "[[10.8934242  -0.54396253 -6.44455903 -1.74254895 11.83006391 -1.33538649]\n [-0.54396253 11.8594     -8.94749154 -0.91824698 -3.34272869 -6.19641853]\n [-6.44455903 -8.94749154 19.89945723  7.9609443  -9.02388203  5.72757598]\n [-1.74254895 -0.91824698  7.9609443   7.5673115  -5.44593555  0.84973539]\n [11.83006391 -3.34272869 -9.02388203 -5.44593555 19.54882625  0.292049  ]\n [-1.33538649 -6.19641853  5.72757598  0.84973539  0.292049    6.09832977]]", "nfev": "266", "njev": "38", "status": "0", "success": "True", "message": "Optimization terminated successfully.", "x": "[5.52315876 3.86133764 1.88346305 1.77948294 2.95094371 5.06280109]", "nit": "36", "callback": [0.44015987050166017, 0.403521012845909, 0.3972499445027946, 0.39441553473678725, 0.38941129741178715, 0.38037525669275296, 0.36407804973621793, 0.34052040798094374, 0.3223901859682986, 0.30085710762398576, 0.26276973961725614, 0.21669477454726438, 0.21144689161377894, 0.20766420595501822, 0.2052872080854865, 0.20351613360995824, 0.20255197008493642, 0.20206478190264754, 0.20158766465752798, 0.2007268055153405, 0.19924499390589367, 0.19734417924925074, 0.1948590337326359, 0.19048642984870012, 0.185344868730288, 0.18512017513801637, 0.18501609746676184, 0.18483706507275688, 0.18452440298704376, 0.18401708368737768, 0.18351503130777502, 0.18342551475027347, 0.1833946761066605, 0.1833920486766093, 0.18339174565736938, 0.18339171981439706]}, "4": {"maxiter": 100, "gtol": 1e-10, "xrtol": 1e-05, "eps": 1e-05, "duration": 0.0746302604675293, "fun": "0.1833917195036402", "jac": "[ 2.60323985e-06 -7.59836638e-07 -1.58750790e-07 -1.06559206e-07\n -1.80611082e-06 -3.96016553e-08]", "hess_inv": "[[ 10.34504012   0.35186408  -7.17940585  -2.10019471  11.37191273\n   -1.54969162]\n [  0.35186408  10.97030481  -9.00758868  -0.95489859  -2.62906759\n   -6.1571083 ]\n [ -7.17940585  -9.00758868  21.31621342   8.71235892 -10.08808138\n    6.22941585]\n [ -2.10019471  -0.95489859   8.71235892   7.98401008  -6.1952898\n    1.17169713]\n [ 11.37191273  -2.62906759 -10.08808138  -6.1952898   19.89621295\n   -0.23920568]\n [ -1.54969162  -6.1571083    6.22941585   1.17169713  -0.23920568\n    6.24438173]]", "nfev": "273", "njev": "39", "status": "0", "success": "True", "message": "Optimization terminated successfully.", "x": "[5.5231204  3.86141119 1.88343367 1.77947251 2.9509124  5.06276532]", "nit": "36", "callback": [0.44015972699828776, 0.4035203372250433, 0.397249842942466, 0.39441519986542195, 0.38941051375753966, 0.3803737360739008, 0.3640754484244191, 0.34051812025756323, 0.32238584446152485, 0.3008466480889679, 0.2627514066877812, 0.21669057345673381, 0.2114525572329624, 0.2076764024052673, 0.20527149336994044, 0.20351734610508276, 0.2025356261232676, 0.20206843991869305, 0.2015744117655568, 0.2006883651434883, 0.19917913964448042, 0.19727866725343612, 0.1946646159215255, 0.19011004950520627, 0.18525983909032495, 0.18515521132575774, 0.18502042466149926, 0.18480445967234238, 0.18444507005299882, 0.18387146841732038, 0.18346107075325768, 0.18341071029192224, 0.18339247785148882, 0.18339172452753183, 0.1833917195061333, 0.1833917195036402]}, "5": {"maxiter": 100, "gtol": 1e-10, "xrtol": 1e-05, "eps": 1e-10, "duration": 0.08863687515258789, "fun": "0.1833917195437601", "jac": "[ 1.11022293e-06 -4.44089173e-06 -2.22044587e-06 -4.44089173e-06\n -4.44089173e-06  0.00000000e+00]", "hess_inv": "[[11.49781263 -1.06077362 -6.61392254 -1.75814486 12.5660369  -0.95100185]\n [-1.06077362 12.27652053 -8.81527636 -0.90878497 -3.90372375 -6.44563964]\n [-6.61392254 -8.81527636 19.94050876  7.96334554 -9.19538566  5.66025348]\n [-1.75814486 -0.90878497  7.96334554  7.56710886 -5.45425398  0.85222814]\n [12.5660369  -3.90372375 -9.19538566 -5.45425398 20.25677155  0.54119211]\n [-0.95100185 -6.44563964  5.66025348  0.85222814  0.54119211  6.08820293]]", "nfev": "273", "njev": "39", "status": "0", "success": "True", "message": "Optimization terminated successfully.", "x": "[5.5231014  3.86137764 1.88347453 1.77948301 2.95089879 5.0627936 ]", "nit": "37", "callback": [0.44015987050166017, 0.403521012845909, 0.3972499445027946, 0.39441553473678725, 0.38941129741178715, 0.38037525669275296, 0.36407804973621793, 0.34052040798094374, 0.3223901859682986, 0.30085710762398576, 0.26276973961725614, 0.21669477454726438, 0.21144689161377894, 0.20766420595501822, 0.2052872080854865, 0.20351613360995824, 0.20255197008493642, 0.20206478190264754, 0.20158766465752798, 0.2007268055153405, 0.19924499390589367, 0.19734417924925074, 0.1948590337326359, 0.19048642984870012, 0.185344868730288, 0.18512017513801637, 0.18501609746676184, 0.18483706507275688, 0.18452440298704376, 0.18401708368737768, 0.18351503130777502, 0.18342551475027347, 0.1833946761066605, 0.1833920486766093, 0.18339174565736938, 0.18339171981439706, 0.1833917195437601]}, "6": {"maxiter": 100, "gtol": 1e-10, "xrtol": 1e-10, "eps": 1e-05, "duration": 0.14229679107666016, "fun": "0.1833917195015149", "jac": "[ 1.61123337e-06 -5.02675679e-07 -1.14530607e-07 -5.90416604e-08\n -1.12592158e-06 -3.32511796e-08]", "hess_inv": "[[11.27342909 -0.67616782 -7.23300725 -2.11147415 11.74419952 -1.38377244]\n [-0.67616782 11.26628558 -9.25204834 -1.46272273 -2.43721943 -6.17330402]\n [-7.23300725 -9.25204834 21.17961118  8.50145937 -9.87334827  6.27026241]\n [-2.11147415 -1.46272273  8.50145937  7.64381202 -5.81212599  1.26523016]\n [11.74419952 -2.43721943 -9.87334827 -5.81212599 19.60109968 -0.28672676]\n [-1.38377244 -6.17330402  6.27026241  1.26523016 -0.28672676  6.23739554]]", "nfev": "536", "njev": "75", "status": "2", "success": "False", "message": "Desired error not necessarily achieved due to precision loss.", "x": "[5.5231166  3.86141253 1.88343313 1.779471   2.95091277 5.06276531]", "nit": "39", "callback": [0.44015972699828776, 0.4035203372250433, 0.397249842942466, 0.39441519986542195, 0.38941051375753966, 0.3803737360739008, 0.3640754484244191, 0.34051812025756323, 0.32238584446152485, 0.3008466480889679, 0.2627514066877812, 0.21669057345673381, 0.2114525572329624, 0.2076764024052673, 0.20527149336994044, 0.20351734610508276, 0.2025356261232676, 0.20206843991869305, 0.2015744117655568, 0.2006883651434883, 0.19917913964448042, 0.19727866725343612, 0.1946646159215255, 0.19011004950520627, 0.18525983909032495, 0.18515521132575774, 0.18502042466149926, 0.18480445967234238, 0.18444507005299882, 0.18387146841732038, 0.18346107075325768, 0.18341071029192224, 0.18339247785148882, 0.18339172452753183, 0.1833917195061333, 0.1833917195036402, 0.183391719502221, 0.1833917195016811, 0.1833917195015149]}, "7": {"maxiter": 100, "gtol": 1e-10, "xrtol": 1e-10, "eps": 1e-10, "duration": 0.18587708473205566, "fun": "0.18339171948602495", "jac": "[-1.11022293e-06  0.00000000e+00 -1.11022293e-06  2.22044587e-06\n -1.11022293e-06  0.00000000e+00]", "hess_inv": "[[ 0.14790082  0.05655103 -0.2087854   0.06924212  0.13648651 -0.15842257]\n [ 0.05655103  0.10812585  0.39489216 -0.2941635  -0.55378717  0.14258322]\n [-0.2087854   0.39489216  3.43324391 -2.18485776 -4.13672668  1.58166797]\n [ 0.06924212 -0.2941635  -2.18485776  1.4270894   2.6834676  -0.97576062]\n [ 0.13648651 -0.55378717 -4.13672668  2.6834676   5.10707736 -1.85593464]\n [-0.15842257  0.14258322  1.58166797 -0.97576062 -1.85593464  0.763539  ]]", "nfev": "690", "njev": "97", "status": "2", "success": "False", "message": "Desired error not necessarily achieved due to precision loss.", "x": "[5.52310783 3.86140149 1.88347531 1.77949874 2.95090325 5.06278105]", "nit": "54", "callback": [0.44015987050166017, 0.403521012845909, 0.3972499445027946, 0.39441553473678725, 0.38941129741178715, 0.38037525669275296, 0.36407804973621793, 0.34052040798094374, 0.3223901859682986, 0.30085710762398576, 0.26276973961725614, 0.21669477454726438, 0.21144689161377894, 0.20766420595501822, 0.2052872080854865, 0.20351613360995824, 0.20255197008493642, 0.20206478190264754, 0.20158766465752798, 0.2007268055153405, 0.19924499390589367, 0.19734417924925074, 0.1948590337326359, 0.19048642984870012, 0.185344868730288, 0.18512017513801637, 0.18501609746676184, 0.18483706507275688, 0.18452440298704376, 0.18401708368737768, 0.18351503130777502, 0.18342551475027347, 0.1833946761066605, 0.1833920486766093, 0.18339174565736938, 0.18339171981439706, 0.1833917195437601, 0.1833917195067698, 0.1833917195040481, 0.18339171950316535, 0.18339171950308086, 0.18339171950305877, 0.18339171950302657, 0.18339171950289213, 0.1833917195027419, 0.18339171950223632, 0.18339171950156596, 0.1833917195001854, 0.18339171948864097, 0.18339171948744937, 0.1833917194871031, 0.18339171948685928, 0.18339171948653776, 0.18339171948602495]}, "8": {"maxiter": 500, "gtol": 1e-05, "xrtol": 1e-05, "eps": 1e-05, "duration": 0.0761728286743164, "fun": "0.1833917195061333", "jac": "[ 3.39378525e-06 -7.27362615e-07 -6.84896584e-08 -1.60238489e-07\n -2.28408403e-06  6.70352662e-08]", "hess_inv": "[[ 10.09769767   0.27674677  -7.11273095  -2.21356718  11.38723164\n   -1.51548595]\n [  0.27674677  11.0940914   -9.22346175  -1.05598758  -2.50693266\n   -6.1861289 ]\n [ -7.11273095  -9.22346175  21.67855265   8.85028365 -10.2814354\n    6.28366936]\n [ -2.21356718  -1.05598758   8.85028365   7.96235345  -6.24168691\n    1.20529469]\n [ 11.38723164  -2.50693266 -10.2814354   -6.24168691  19.98941294\n   -0.27290576]\n [ -1.51548595  -6.1861289    6.28366936   1.20529469  -0.27290576\n    6.25024517]]", "nfev": "259", "njev": "37", "status": "0", "success": "True", "message": "Optimization terminated successfully.", "x": "[5.523123   3.86141107 1.88343443 1.77947411 2.95091152 5.0627652 ]", "nit": "35", "callback": [0.44015972699828776, 0.4035203372250433, 0.397249842942466, 0.39441519986542195, 0.38941051375753966, 0.3803737360739008, 0.3640754484244191, 0.34051812025756323, 0.32238584446152485, 0.3008466480889679, 0.2627514066877812, 0.21669057345673381, 0.2114525572329624, 0.2076764024052673, 0.20527149336994044, 0.20351734610508276, 0.2025356261232676, 0.20206843991869305, 0.2015744117655568, 0.2006883651434883, 0.19917913964448042, 0.19727866725343612, 0.1946646159215255, 0.19011004950520627, 0.18525983909032495, 0.18515521132575774, 0.18502042466149926, 0.18480445967234238, 0.18444507005299882, 0.18387146841732038, 0.18346107075325768, 0.18341071029192224, 0.18339247785148882, 0.18339172452753183, 0.1833917195061333]}, "9": {"maxiter": 500, "gtol": 1e-05, "xrtol": 1e-05, "eps": 1e-10, "duration": 0.07623600959777832, "fun": "0.18339171981439706", "jac": "[ 8.88178346e-06 -8.88178346e-06 -4.44089173e-06  1.11022293e-06\n -6.66133760e-06 -2.22044587e-06]", "hess_inv": "[[10.8934242  -0.54396253 -6.44455903 -1.74254895 11.83006391 -1.33538649]\n [-0.54396253 11.8594     -8.94749154 -0.91824698 -3.34272869 -6.19641853]\n [-6.44455903 -8.94749154 19.89945723  7.9609443  -9.02388203  5.72757598]\n [-1.74254895 -0.91824698  7.9609443   7.5673115  -5.44593555  0.84973539]\n [11.83006391 -3.34272869 -9.02388203 -5.44593555 19.54882625  0.292049  ]\n [-1.33538649 -6.19641853  5.72757598  0.84973539  0.292049    6.09832977]]", "nfev": "266", "njev": "38", "status": "0", "success": "True", "message": "Optimization terminated successfully.", "x": "[5.52315876 3.86133764 1.88346305 1.77948294 2.95094371 5.06280109]", "nit": "36", "callback": [0.44015987050166017, 0.403521012845909, 0.3972499445027946, 0.39441553473678725, 0.38941129741178715, 0.38037525669275296, 0.36407804973621793, 0.34052040798094374, 0.3223901859682986, 0.30085710762398576, 0.26276973961725614, 0.21669477454726438, 0.21144689161377894, 0.20766420595501822, 0.2052872080854865, 0.20351613360995824, 0.20255197008493642, 0.20206478190264754, 0.20158766465752798, 0.2007268055153405, 0.19924499390589367, 0.19734417924925074, 0.1948590337326359, 0.19048642984870012, 0.185344868730288, 0.18512017513801637, 0.18501609746676184, 0.18483706507275688, 0.18452440298704376, 0.18401708368737768, 0.18351503130777502, 0.18342551475027347, 0.1833946761066605, 0.1833920486766093, 0.18339174565736938, 0.18339171981439706]}, "10": {"maxiter": 500, "gtol": 1e-05, "xrtol": 1e-10, "eps": 1e-05, "duration": 0.07030797004699707, "fun": "0.1833917195061333", "jac": "[ 3.39378525e-06 -7.27362615e-07 -6.84896584e-08 -1.60238489e-07\n -2.28408403e-06  6.70352662e-08]", "hess_inv": "[[ 10.09769767   0.27674677  -7.11273095  -2.21356718  11.38723164\n   -1.51548595]\n [  0.27674677  11.0940914   -9.22346175  -1.05598758  -2.50693266\n   -6.1861289 ]\n [ -7.11273095  -9.22346175  21.67855265   8.85028365 -10.2814354\n    6.283