{"date": "2024/10/08/, 18:15:34", "conf_id": 19, "data_type": "random\n", "num_data_points": 1, "s_rank": 0, "unitary": "[[-0.24866696+0.58742286j,-0.44704345-0.43151574j,-0.35669027-0.20570733j,-0.10517633+0.1626036j],[0.10596805-0.19687975j,-0.30269685-0.15056416j,0.18246286+0.30440582j,-0.83484447-0.11310748j],[0.26054512-0.52548482j,0.0285017-0.50723956j,-0.43110112+0.17165838j,0.15243271+0.39915801j],[0.42978035+0.11991271j,-0.17224126-0.46030424j,0.6827807-0.15164662j,0.26483638+0.0061855j]]", "databatch_0": {"databatch": "[[[-0.21908533-0.13624612j,0.12982317-0.16818675j,0.15854887+0.06305537j,0.23718657+0.14174072j],[-0.20776521-0.04618502j,-0.24118812+0.17600298j,0.0644187+0.25471753j,-0.07564452-0.13817242j],[-0.21115346+0.20523562j,0.25172726-0.20764155j,-0.22845126+0.20843514j,-0.03001425-0.06405185j],[-0.12695665-0.11070172j,-0.0177713-0.25243822j,0.15832437-0.13589838j,-0.27884589+0.21682239j]]]", "initial param values": "[3.09338135,1.14551527,1.24627797,4.04727319,0.15406712,1.01595146]", "nelder_mead": {"type": "gradient-free", "0": {"maxiter": 100, "fatol": 1e-05, "xatol": 1e-05, "duration": 0.07992172241210938, "fun": "0.7071552018266154", "nit": "100", "nfev": "147", "status": "2", "success": "False", "message": "Maximum number of iterations has been exceeded.", "x": "[ 1.8752489   0.77718419 -0.9929304  -1.67154352  0.30417338  3.39334786]", "final_simplex": "(array([[ 1.8752489 ,  0.77718419, -0.9929304 , -1.67154352,  0.30417338,\n         3.39334786],\n       [ 1.69252472,  0.77589425, -0.67074943, -1.90483693,  0.30228616,\n         3.19224546],\n       [ 1.77942023,  0.57947221, -0.60681562, -1.47806544,  0.28551646,\n         3.5347477 ],\n       [ 1.93899403,  0.51101747, -0.50351286, -2.116412  ,  0.30027519,\n         3.38039517],\n       [ 1.99155403,  0.92542527, -0.65449379, -1.57508518,  0.2865906 ,\n         3.08430356],\n       [ 1.72080034,  0.73709551, -0.83233745, -2.22380625,  0.29934734,\n         3.41616065],\n       [ 1.73928225,  0.94620589, -0.73653972, -1.75323077,  0.30003557,\n         3.21671215]]), array([0.7071552 , 0.72185462, 0.72258346, 0.72749149, 0.7288338 ,\n       0.73247167, 0.73388088]))", "callback": [0.9981284810449842, 0.9940913164246085, 0.9758071962389776, 0.9324734490430514, 0.8851773977873777, 0.8851773977873777, 0.8365571419466181, 0.8028403160580048, 0.7641732298441715, 0.7338808798120546]}, "1": {"maxiter": 100, "fatol": 1e-05, "xatol": 1e-10, "duration": 0.04280805587768555, "fun": "0.7071552018266154", "nit": "100", "nfev": "147", "status": "2", "success": "False", "message": "Maximum number of iterations has been exceeded.", "x": "[ 1.8752489   0.77718419 -0.9929304  -1.67154352  0.30417338  3.39334786]", "final_simplex": "(array([[ 1.8752489 ,  0.77718419, -0.9929304 , -1.67154352,  0.30417338,\n         3.39334786],\n       [ 1.69252472,  0.77589425, -0.67074943, -1.90483693,  0.30228616,\n         3.19224546],\n       [ 1.77942023,  0.57947221, -0.60681562, -1.47806544,  0.28551646,\n         3.5347477 ],\n       [ 1.93899403,  0.51101747, -0.50351286, -2.116412  ,  0.30027519,\n         3.38039517],\n       [ 1.99155403,  0.92542527, -0.65449379, -1.57508518,  0.2865906 ,\n         3.08430356],\n       [ 1.72080034,  0.73709551, -0.83233745, -2.22380625,  0.29934734,\n         3.41616065],\n       [ 1.73928225,  0.94620589, -0.73653972, -1.75323077,  0.30003557,\n         3.21671215]]), array([0.7071552 , 0.72185462, 0.72258346, 0.72749149, 0.7288338 ,\n       0.73247167, 0.73388088]))", "callback": [0.9981284810449842, 0.9940913164246085, 0.9758071962389776, 0.9324734490430514, 0.8851773977873777, 0.8851773977873777, 0.8365571419466181, 0.8028403160580048, 0.7641732298441715, 0.7338808798120546]}, "2": {"maxiter": 100, "fatol": 1e-10, "xatol": 1e-05, "duration": 0.04869818687438965, "fun": "0.7071552018266154", "nit": "100", "nfev": "147", "status": "2", "success": "False", "message": "Maximum number of iterations has been exceeded.", "x": "[ 1.8752489   0.77718419 -0.9929304  -1.67154352  0.30417338  3.39334786]", "final_simplex": "(array([[ 1.8752489 ,  0.77718419, -0.9929304 , -1.67154352,  0.30417338,\n         3.39334786],\n       [ 1.69252472,  0.77589425, -0.67074943, -1.90483693,  0.30228616,\n         3.19224546],\n       [ 1.77942023,  0.57947221, -0.60681562, -1.47806544,  0.28551646,\n         3.5347477 ],\n       [ 1.93899403,  0.51101747, -0.50351286, -2.116412  ,  0.30027519,\n         3.38039517],\n       [ 1.99155403,  0.92542527, -0.65449379, -1.57508518,  0.2865906 ,\n         3.08430356],\n       [ 1.72080034,  0.73709551, -0.83233745, -2.22380625,  0.29934734,\n         3.41616065],\n       [ 1.73928225,  0.94620589, -0.73653972, -1.75323077,  0.30003557,\n         3.21671215]]), array([0.7071552 , 0.72185462, 0.72258346, 0.72749149, 0.7288338 ,\n       0.73247167, 0.73388088]))", "callback": [0.9981284810449842, 0.9940913164246085, 0.9758071962389776, 0.9324734490430514, 0.8851773977873777, 0.8851773977873777, 0.8365571419466181, 0.8028403160580048, 0.7641732298441715, 0.7338808798120546]}, "3": {"maxiter": 100, "fatol": 1e-10, "xatol": 1e-10, "duration": 0.04773378372192383, "fun": "0.7071552018266154", "nit": "100", "nfev": "147", "status": "2", "success": "False", "message": "Maximum number of iterations has been exceeded.", "x": "[ 1.8752489   0.77718419 -0.9929304  -1.67154352  0.30417338  3.39334786]", "final_simplex": "(array([[ 1.8752489 ,  0.77718419, -0.9929304 , -1.67154352,  0.30417338,\n         3.39334786],\n       [ 1.69252472,  0.77589425, -0.67074943, -1.90483693,  0.30228616,\n         3.19224546],\n       [ 1.77942023,  0.57947221, -0.60681562, -1.47806544,  0.28551646,\n         3.5347477 ],\n       [ 1.93899403,  0.51101747, -0.50351286, -2.116412  ,  0.30027519,\n         3.38039517],\n       [ 1.99155403,  0.92542527, -0.65449379, -1.57508518,  0.2865906 ,\n         3.08430356],\n       [ 1.72080034,  0.73709551, -0.83233745, -2.22380625,  0.29934734,\n         3.41616065],\n       [ 1.73928225,  0.94620589, -0.73653972, -1.75323077,  0.30003557,\n         3.21671215]]), array([0.7071552 , 0.72185462, 0.72258346, 0.72749149, 0.7288338 ,\n       0.73247167, 0.73388088]))", "callback": [0.9981284810449842, 0.9940913164246085, 0.9758071962389776, 0.9324734490430514, 0.8851773977873777, 0.8851773977873777, 0.8365571419466181, 0.8028403160580048, 0.7641732298441715, 0.7338808798120546]}, "4": {"maxiter": 500, "fatol": 1e-05, "xatol": 1e-05, "duration": 0.22061514854431152, "fun": "0.4903019133238311", "nit": "412", "nfev": "646", "status": "0", "success": "True", "message": "Optimization terminated successfully.", "x": "[ 1.08969329  0.13616785 -1.7617257  -1.64859093 -0.35707389  2.25793542]", "final_simplex": "(array([[ 1.08969329,  0.13616785, -1.7617257 , -1.64859093, -0.35707389,\n         2.25793542],\n       [ 1.08969136,  0.13616512, -1.76172017, -1.6485894 , -0.35707409,\n         2.25792752],\n       [ 1.08970284,  0.1361696 , -1.76173013, -1.64859621, -0.35707277,\n         2.25793489],\n       [ 1.08970047,  0.13617254, -1.76172082, -1.64859552, -0.35707837,\n         2.25793884],\n       [ 1.08969585,  0.13617028, -1.76171898, -1.64858491, -0.35706851,\n         2.25794011],\n       [ 1.08970083,  0.13616081, -1.76171741, -1.64858611, -0.35707644,\n         2.25793688],\n       [ 1.08969555,  0.13617682, -1.76172186, -1.64858751, -0.35707867,\n         2.25793298]]), array([0.49030191, 0.49030191, 0.49030191, 0.49030191, 0.49030191,\n       0.49030191, 0.49030191]))", "callback": [0.9981284810449842, 0.9940913164246085, 0.9758071962389776, 0.9324734490430514, 0.8851773977873777, 0.8851773977873777, 0.8365571419466181, 0.8028403160580048, 0.7641732298441715, 0.7338808798120546, 0.7007970010719113, 0.6841917760600453, 0.6701134086824915, 0.5732572233275361, 0.5589510309900523, 0.5492640879992521, 0.5492640879992521, 0.5484393503730229, 0.5477212019448034, 0.5473048059292137, 0.5464021253397222, 0.5435869585856392, 0.5402255184756796, 0.5266615067549891, 0.5157258950571533, 0.5097224310860384, 0.5046471870738811, 0.5003760628904886, 0.4976052116544334, 0.49205974439162314, 0.490500326576251, 0.4904078417562864, 0.4903084952428983, 0.4903030525996883, 0.49030244166364856, 0.49030201638977133, 0.49030193890622376, 0.49030191841189597, 0.49030191446031723, 0.490301913593681, 0.49030191336077944, 0.4903019133238311]}, "5": {"maxiter": 500, "fatol": 1e-05, "xatol": 1e-10, "duration": 0.2842838764190674, "fun": "0.490301913313376", "nit": "500", "nfev": "791", "status": "2", "success": "False", "message": "Maximum number of iterations has been exceeded.", "x": "[ 1.08969751  0.1361687  -1.76172153 -1.64859371 -0.3570707   2.25793213]", "final_simplex": "(array([[ 1.08969751,  0.1361687 , -1.76172153, -1.64859371, -0.3570707 ,\n         2.25793213],\n       [ 1.08969752,  0.13616874, -1.76172155, -1.64859367, -0.35707074,\n         2.25793214],\n       [ 1.08969756,  0.13616879, -1.76172157, -1.64859369, -0.3570707 ,\n         2.25793212],\n       [ 1.08969755,  0.13616876, -1.76172154, -1.64859365, -0.35707074,\n         2.25793212],\n       [ 1.08969758,  0.13616872, -1.76172151, -1.64859378, -0.35707073,\n         2.25793214],\n       [ 1.08969756,  0.13616869, -1.76172155, -1.64859367, -0.35707075,\n         2.25793216],\n       [ 1.08969754,  0.1361687 , -1.76172159, -1.64859371, -0.35707075,\n         2.25793212]]), array([0.49030191, 0.49030191, 0.49030191, 0.49030191, 0.49030191,\n       0.49030191, 0.49030191]))", "callback": [0.9981284810449842, 0.9940913164246085, 0.9758071962389776, 0.9324734490430514, 0.8851773977873777, 0.8851773977873777, 0.8365571419466181, 0.8028403160580048, 0.7641732298441715, 0.7338808798120546, 0.7007970010719113, 0.6841917760600453, 0.6701134086824915, 0.5732572233275361, 0.5589510309900523, 0.5492640879992521, 0.5492640879992521, 0.5484393503730229, 0.5477212019448034, 0.5473048059292137, 0.5464021253397222, 0.5435869585856392, 0.5402255184756796, 0.5266615067549891, 0.5157258950571533, 0.5097224310860384, 0.5046471870738811, 0.5003760628904886, 0.4976052116544334, 0.49205974439162314, 0.490500326576251, 0.4904078417562864, 0.4903084952428983, 0.4903030525996883, 0.49030244166364856, 0.49030201638977133, 0.49030193890622376, 0.49030191841189597, 0.49030191446031723, 0.490301913593681, 0.49030191336077944, 0.4903019133238311, 0.4903019133149955, 0.49030191331400097, 0.4903019133135377, 0.4903019133134039, 0.4903019133133899, 0.4903019133133866, 0.490301913313381, 0.4903019133133768]}, "6": {"maxiter": 500, "fatol": 1e-10, "xatol": 1e-05, "duration": 0.23026418685913086, "fun": "0.4903019133238311", "nit": "412", "nfev": "646", "status": "0", "success": "True", "message": "Optimization terminated successfully.", "x": "[ 1.08969329  0.13616785 -1.7617257  -1.64859093 -0.35707389  2.25793542]", "final_simplex": "(array([[ 1.08969329,  0.13616785, -1.7617257 , -1.64859093, -0.35707389,\n         2.25793542],\n       [ 1.08969136,  0.13616512, -1.76172017, -1.6485894 , -0.35707409,\n         2.25792752],\n       [ 1.08970284,  0.1361696 , -1.76173013, -1.64859621, -0.35707277,\n         2.25793489],\n       [ 1.08970047,  0.13617254, -1.76172082, -1.64859552, -0.35707837,\n         2.25793884],\n       [ 1.08969585,  0.13617028, -1.76171898, -1.64858491, -0.35706851,\n         2.25794011],\n       [ 1.08970083,  0.13616081, -1.76171741, -1.64858611, -0.35707644,\n         2.25793688],\n       [ 1.08969555,  0.13617682, -1.76172186, -1.64858751, -0.35707867,\n         2.25793298]]), array([0.49030191, 0.49030191, 0.49030191, 0.49030191, 0.49030191,\n       0.49030191, 0.49030191]))", "callback": [0.9981284810449842, 0.9940913164246085, 0.9758071962389776, 0.9324734490430514, 0.8851773977873777, 0.8851773977873777, 0.8365571419466181, 0.8028403160580048, 0.7641732298441715, 0.7338808798120546, 0.7007970010719113, 0.6841917760600453, 0.6701134086824915, 0.5732572233275361, 0.5589510309900523, 0.5492640879992521, 0.5492640879992521, 0.5484393503730229, 0.5477212019448034, 0.5473048059292137, 0.5464021253397222, 0.5435869585856392, 0.5402255184756796, 0.5266615067549891, 0.5157258950571533, 0.5097224310860384, 0.5046471870738811, 0.5003760628904886, 0.4976052116544334, 0.49205974439162314, 0.490500326576251, 0.4904078417562864, 0.4903084952428983, 0.4903030525996883, 0.49030244166364856, 0.49030201638977133, 0.49030193890622376, 0.49030191841189597, 0.49030191446031723, 0.490301913593681, 0.49030191336077944, 0.4903019133238311]}, "7": {"maxiter": 500, "fatol": 1e-10, "xatol": 1e-10, "duration": 0.25181007385253906, "fun": "0.490301913313376", "nit": "500", "nfev": "791", "status": "2", "success": "False", "message": "Maximum number of iterations has been exceeded.", "x": "[ 1.08969751  0.1361687  -1.76172153 -1.64859371 -0.3570707   2.25793213]", "final_simplex": "(array([[ 1.08969751,  0.1361687 , -1.76172153, -1.64859371, -0.3570707 ,\n         2.25793213],\n       [ 1.08969752,  0.13616874, -1.76172155, -1.64859367, -0.35707074,\n         2.25793214],\n       [ 1.08969756,  0.13616879, -1.76172157, -1.64859369, -0.3570707 ,\n         2.25793212],\n       [ 1.08969755,  0.13616876, -1.76172154, -1.64859365, -0.35707074,\n         2.25793212],\n       [ 1.08969758,  0.13616872, -1.76172151, -1.64859378, -0.35707073,\n         2.25793214],\n       [ 1.08969756,  0.13616869, -1.76172155, -1.64859367, -0.35707075,\n         2.25793216],\n       [ 1.08969754,  0.1361687 , -1.76172159, -1.64859371, -0.35707075,\n         2.25793212]]), array([0.49030191, 0.49030191, 0.49030191, 0.49030191, 0.49030191,\n       0.49030191, 0.49030191]))", "callback": [0.9981284810449842, 0.9940913164246085, 0.9758071962389776, 0.9324734490430514, 0.8851773977873777, 0.8851773977873777, 0.8365571419466181, 0.8028403160580048, 0.7641732298441715, 0.7338808798120546, 0.7007970010719113, 0.6841917760600453, 0.6701134086824915, 0.5732572233275361, 0.5589510309900523, 0.5492640879992521, 0.5492640879992521, 0.5484393503730229, 0.5477212019448034, 0.5473048059292137, 0.5464021253397222, 0.5435869585856392, 0.5402255184756796, 0.5266615067549891, 0.5157258950571533, 0.5097224310860384, 0.5046471870738811, 0.5003760628904886, 0.4976052116544334, 0.49205974439162314, 0.490500326576251, 0.4904078417562864, 0.4903084952428983, 0.4903030525996883, 0.49030244166364856, 0.49030201638977133, 0.49030193890622376, 0.49030191841189597, 0.49030191446031723, 0.490301913593681, 0.49030191336077944, 0.4903019133238311, 0.4903019133149955, 0.49030191331400097, 0.4903019133135377, 0.4903019133134039, 0.4903019133133899, 0.4903019133133866, 0.490301913313381, 0.4903019133133768]}, "8": {"maxiter": 1000, "fatol": 1e-05, "xatol": 1e-05, "duration": 0.22520112991333008, "fun": "0.4903019133238311", "nit": "412", "nfev": "646", "status": "0", "success": "True", "message": "Optimization terminated successfully.", "x": "[ 1.08969329  0.13616785 -1.7617257  -1.64859093 -0.35707389  2.25793542]", "final_simplex": "(array([[ 1.08969329,  0.13616785, -1.7617257 , -1.64859093, -0.35707389,\n         2.25793542],\n       [ 1.08969136,  0.13616512, -1.76172017, -1.6485894 , -0.35707409,\n         2.25792752],\n       [ 1.08970284,  0.1361696 , -1.76173013, -1.64859621, -0.35707277,\n         2.25793489],\n       [ 1.08970047,  0.13617254, -1.76172082, -1.64859552, -0.35707837,\n         2.25793884],\n       [ 1.08969585,  0.13617028, -1.76171898, -1.64858491, -0.35706851,\n         2.25794011],\n       [ 1.08970083,  0.13616081, -1.76171741, -1.64858611, -0.35707644,\n         2.25793688],\n       [ 1.08969555,  0.13617682, -1.76172186, -1.64858751, -0.35707867,\n         2.25793298]]), array([0.49030191, 0.49030191, 0.49030191, 0.49030191, 0.49030191,\n       0.49030191, 0.49030191]))", "callback": [0.9981284810449842, 0.9940913164246085, 0.9758071962389776, 0.9324734490430514, 0.8851773977873777, 0.8851773977873777, 0.8365571419466181, 0.8028403160580048, 0.7641732298441715, 0.7338808798120546, 0.7007970010719113, 0.6841917760600453, 0.6701134086824915, 0.5732572233275361, 0.5589510309900523, 0.5492640879992521, 0.5492640879992521, 0.5484393503730229, 0.5477212019448034, 0.5473048059292137, 0.5464021253397222, 0.5435869585856392, 0.5402255184756796, 0.5266615067549891, 0.5157258950571533, 0.5097224310860384, 0.5046471870738811, 0.5003760628904886, 0.4976052116544334, 0.49205974439162314, 0.490500326576251, 0.4904078417562864, 0.4903084952428983, 0.4903030525996883, 0.49030244166364856, 0.49030201638977133, 0.49030193890622376, 0.49030191841189597, 0.49030191446031723, 0.490301913593681, 0.49030191336077944, 0.4903019133238311]}, "9": {"maxiter": 1000, "fatol": 1e-05, "xatol": 1e-10, "duration": 0.28060293197631836, "fun": "0.4903019133133757", "nit": "532", "nfev": "895", "status": "0", "success": "True", "message": "Optimization terminated successfully.", "x": "[ 1.08969754  0.13616874 -1.76172152 -1.64859371 -0.35707072  2.25793216]", "final_simplex": "(array([[ 1.08969754,  0.13616874, -1.76172152, -1.64859371, -0.35707072,\n         2.25793216],\n       [ 1.08969754,  0.13616874, -1.76172152, -1.64859371, -0.35707072,\n         2.25793216],\n       [ 1.08969754,  0.13616874, -1.76172152, -1.64859371, -0.35707072,\n         2.25793216],\n       [ 1.08969754,  0.13616874, -1.76172152, -1.64859371, -0.35707072,\n         2.25793216],\n       [ 1.08969754,  0.13616874, -1.76172152, -1.64859371, -0.35707072,\n         2.25793216],\n       [ 1.08969754,  0.13616874, -1.76172152, -1.64859371, -0.35707072,\n         2.25793216],\n       [ 1.08969754,  0.13616874, -1.76172152, -1.64859371, -0.35707072,\n         2.25793216]]), array([0.49030191, 0.49030191, 0.49030191, 0.49030191, 0.49030191,\n       0.49030191, 0.49030191]))", "callback": [0.9981284810449842, 0.9940913164246085, 0.9758071962389776, 0.9324734490430514, 0.8851773977873777, 0.8851773977873777, 0.8365571419466181, 0.8028403160580048, 0.7641732298441715, 0.7338808798120546, 0.7007970010719113, 0.6841917760600453, 0.6701134086824915, 0.5732572233275361, 0.5589510309900523, 0.5492640879992521, 0.5492640879992521, 0.5484393503730229, 0.5477212019448034, 0.5473048059292137, 0.5464021253397222, 0.5435869585856392, 0.5402255184756796, 0.5266615067549891, 0.5157258950571533, 0.5097224310860384, 0.5046471870738811, 0.5003760628904886, 0.4976052116544334, 0.49205974439162314, 0.490500326576251, 0.4904078417562864, 0.4903084952428983, 0.4903030525996883, 0.49030244166364856, 0.49030201638977133, 0.49030193890622376, 0.49030191841189597, 0.49030191446031723, 0.490301913593681, 0.49030191336077944, 0.4903019133238311, 0.4903019133149955, 0.49030191331400097, 0.4903019133135377, 0.4903019133134039, 0.4903019133133899, 0.4903019133133866, 0.490301913313381, 0.4903019133133768, 0.490301913313376, 0.4903019133133758, 0.4903019133133757, 0.4903019133133757]}, "10": {"maxiter": 1000, "fatol": 1e-10, "xatol": 1e-05, "duration": 0.21158504486083984, "fun": "0.4903019133238311", "nit": "412", "nfev": "646", "status": "0", "success": "True", "message": "Optimization terminated successfully.", "x": "[ 1.08969329  0.13616785 -1.7617257  -1.64859093 -0.35707389  2.25793542]", "final_simplex": "(array([[ 1.08969329,  0.13616785, -1.7617257 , -1.64859093, -0.35707389,\n         2.25793542],\n       [ 1.08969136,  0.13616512, -1.76172017, -1.6485894 , -0.35707409,\n         2.25792752],\n       [ 1.08970284,  0.1361696 , -1.76173013, -1.64859621, -0.35707277,\n         2.25793489],\n       [ 1.08970047,  0.13617254, -1.76172082, -1.64859552, -0.35707837,\n         2.25793884],\n       [ 1.08969585,  0.13617028, -1.76171898, -1.64858491, -0.35706851,\n         2.25794011],\n       [ 1.08970083,  0.13616081, -1.76171741, -1.64858611, -0.35707644,\n         2.25793688],\n       [ 1.08969555,  0.13617682, -1.76172186, -1.64858751, -0.35707867,\n         2.25793298]]), array([0.49030191, 0.49030191, 0.49030191, 0.49030191, 0.49030191,\n       0.49030191, 0.49030191]))", "callback": [0.9981284810449842, 0.9940913164246085, 0.9758071962389776, 0.9324734490430514, 0.8851773977873777, 0.8851773977873777, 0.8365571419466181, 0.8028403160580048, 0.7641732298441715, 0.7338808798120546, 0.7007970010719113, 0.6841917760600453, 0.6701134086824915, 0.5732572233275361, 0.5589510309900523, 0.5492640879992521, 0.5492640879992521, 0.5484393503730229, 0.5477212019448034, 0.5473048059292137, 0.5464021253397222, 0.5435869585856392, 0.5402255184756796, 0.5266615067549891, 0.5157258950571533, 0.5097224310860384, 0.5046471870738811, 0.5003760628904886, 0.4976052116544334, 0.49205974439162314, 0.490500326576251, 0.4904078417562864, 0.4903084952428983, 0.4903030525996883, 0.49030244166364856, 0.49030201638977133, 0.49030193890622376, 0.49030191841189597, 0.49030191446031723, 0.490301913593681, 0.49030191336077944, 0.4903019133238311]}, "11": {"maxiter": 1000, "fatol": 1e-10, "xatol": 1e-10, "duration": 0.27718400955200195, "fun": "0.4903019133133757", "nit": "532", "nfev": "895", "status": "0", "success": "True", "message": "Optimization terminated successfully.", "x": "[ 1.08969754  0.13616874 -1.76172152 -1.64859371 -0.35707072  2.25793216]", "final_simplex": "(array([[ 1.08969754,  0.13616874, -1.76172152, -1.64859371, -0.35707072,\n         2.25793216],\n       [ 1.08969754,  0.13616874, -1.76172152, -1.64859371, -0.35707072,\n         2.25793216],\n       [ 1.08969754,  0.13616874, -1.76172152, -1.64859371, -0.35707072,\n         2.25793216],\n       [ 1.08969754,  0.13616874, -1.76172152, -1.64859371, -0.35707072,\n         2.25793216],\n       [ 1.08969754,  0.13616874, -1.76172152, -1.64859371, -0.35707072,\n         2.25793216],\n       [ 1.08969754,  0.13616874, -1.76172152, -1.64859371, -0.35707072,\n         2.25793216],\n       [ 1.08969754,  0.13616874, -1.76172152, -1.64859371, -0.35707072,\n         2.25793216]]), array([0.49030191, 0.49030191, 0.49030191, 0.49030191, 0.49030191,\n       0.49030191, 0.49030191]))", "callback": [0.9981284810449842, 0.9940913164246085, 0.9758071962389776, 0.9324734490430514, 0.8851773977873777, 0.8851773977873777, 0.8365571419466181, 0.8028403160580048, 0.7641732298441715, 0.7338808798120546, 0.7007970010719113, 0.6841917760600453, 0.6701134086824915, 0.5732572233275361, 0.5589510309900523, 0.5492640879992521, 0.5492640879992521, 0.5484393503730229, 0.5477212019448034, 0.5473048059292137, 0.5464021253397222, 0.5435869585856392, 0.5402255184756796, 0.5266615067549891, 0.5157258950571533, 0.5097224310860384, 0.5046471870738811, 0.5003760628904886, 0.4976052116544334, 0.49205974439162314, 0.490500326576251, 0.4904078417562864, 0.4903084952428983, 0.4903030525996883, 0.49030244166364856, 0.49030201638977133, 0.49030193890622376, 0.49030191841189597, 0.49030191446031723, 0.490301913593681, 0.49030191336077944, 0.4903019133238311, 0.4903019133149955, 0.49030191331400097, 0.4903019133135377, 0.4903019133134039, 0.4903019133133899, 0.4903019133133866, 0.490301913313381, 0.4903019133133768, 0.490301913313376, 0.4903019133133758, 0.4903019133133757, 0.4903019133133757]}}, "bfgs": {"type": "gradient", "0": {"maxiter": 100, "gtol": 1e-05, "xrtol": 1e-05, "eps": 1e-05, "duration": 0.07943224906921387, "fun": "0.6734813744926896", "jac": "[ 2.94242408e-07  2.48967513e-07 -1.60182978e-07 -8.61488658e-07\n  2.84294810e-07  8.96871466e-07]", "hess_inv": "[[ 7.81084729  0.47339999 -0.02948844  1.75248452  3.8220745   3.91254898]\n [ 0.47339999  9.33286568 -2.59128878  2.9352534   0.97869628 -2.14866914]\n [-0.02948844 -2.59128878  7.83785704 -0.89890827 -2.0774527  -1.90092647]\n [ 1.75248452  2.9352534  -0.89890827  7.21472961  0.92300671  0.14354452]\n [ 3.8220745   0.97869628 -2.0774527   0.92300671 13.95987991  9.73004822]\n [ 3.91254898 -2.14866914 -1.90092647  0.14354452  9.73004822 14.1178743 ]]", "nfev": "252", "njev": "36", "status": "0", "success": "True", "message": "Optimization terminated successfully.", "x": "[ 1.18655745 -1.64337572  1.85014205  2.33699405 -0.06375041 -0.76754471]", "nit": "26", "callback": [0.8683570764366456, 0.8671864984158407, 0.8265031775767118, 0.8122938973170097, 0.8043081549805879, 0.7889465203834846, 0.76159617166209, 0.730950812107934, 0.712032003253444, 0.6932559995541512, 0.6899522963642786, 0.6841515834772547, 0.6763008777764228, 0.6745097212769688, 0.6740387555192645, 0.6737096728443508, 0.6735777593042966, 0.6735216735561913, 0.673514412978284, 0.6735091617746082, 0.6735006320651722, 0.6734886693605706, 0.6734828372805596, 0.6734814878419144, 0.673481376483368, 0.6734813744926896]}, "1": {"maxiter": 100, "gtol": 1e-05, "xrtol": 1e-05, "eps": 1e-10, "duration": 0.08182692527770996, "fun": "0.6734813746724887", "jac": "[5.55111466e-06 2.22044587e-06 4.44089173e-06 1.11022293e-06\n 2.22044617e-06 2.22044587e-06]", "hess_inv": "[[ 7.58585786e+00  4.85554609e-01 -8.79129481e-02  1.58498514e+00\n   3.47352007e+00  3.73825121e+00]\n [ 4.85554609e-01  9.34996962e+00 -2.57071739e+00  2.91797504e+00\n   9.68812664e-01 -2.11635664e+00]\n [-8.79129481e-02 -2.57071739e+00  7.83421143e+00 -9.79294151e-01\n  -2.19851828e+00 -1.91807914e+00]\n [ 1.58498514e+00  2.91797504e+00 -9.79294151e-01  7.11452858e+00\n   7.13502509e-01  5.95512585e-03]\n [ 3.47352007e+00  9.68812664e-01 -2.19851828e+00  7.13502509e-01\n   1.34928520e+01  9.43011083e+00]\n [ 3.73825121e+00 -2.11635664e+00 -1.91807914e+00  5.95512585e-03\n   9.43011083e+00  1.39786839e+01]]", "nfev": "252", "njev": "36", "status": "0", "success": "True", "message": "Optimization terminated successfully.", "x": "[ 1.18660469 -1.64336405  1.85015462  2.33701987 -0.06368463 -0.76748809]", "nit": "26", "callback": [0.8683724838211572, 0.8672031811840938, 0.8265540969670174, 0.8123248105246186, 0.8043460974153214, 0.7889987456597669, 0.7616726050960789, 0.7310415283405995, 0.7120929481275577, 0.6932751298637332, 0.6899701999287945, 0.6841672609347468, 0.6763107426212469, 0.6745123085704924, 0.6740403091649605, 0.6737103128963977, 0.6735778737399001, 0.6735217423803783, 0.6735144491855191, 0.6735092059869631, 0.6735006855218717, 0.6734887138643587, 0.6734828422381323, 0.6734814961399674, 0.6734813765332726, 0.6734813746724887]}, "2": {"maxiter": 100, "gtol": 1e-05, "xrtol": 1e-10, "eps": 1e-05, "duration": 0.09098291397094727, "fun": "0.6734813744926896", "jac": "[ 2.94242408e-07  2.48967513e-07 -1.60182978e-07 -8.61488658e-07\n  2.84294810e-07  8.96871466e-07]", "hess_inv": "[[ 7.81084729  0.47339999 -0.02948844  1.75248452  3.8220745   3.91254898]\n [ 0.47339999  9.33286568 -2.59128878  2.9352534   0.97869628 -2.14866914]\n [-0.02948844 -2.59128878  7.83785704 -0.89890827 -2.0774527  -1.90092647]\n [ 1.75248452  2.9352534  -0.89890827  7.21472961  0.92300671  0.14354452]\n [ 3.8220745   0.97869628 -2.0774527   0.92300671 13.95987991  9.73004822]\n [ 3.91254898 -2.14866914 -1.90092647  0.14354452  9.73004822 14.1178743 ]]", "nfev": "252", "njev": "36", "status": "0", "success": "True", "message": "Optimization terminated successfully.", "x": "[ 1.18655745 -1.64337572  1.85014205  2.33699405 -0.06375041 -0.76754471]", "nit": "26", "callback": [0.8683570764366456, 0.8671864984158407, 0.8265031775767118, 0.8122938973170097, 0.8043081549805879, 0.7889465203834846, 0.76159617166209, 0.730950812107934, 0.712032003253444, 0.6932559995541512, 0.6899522963642786, 0.6841515834772547, 0.6763008777764228, 0.6745097212769688, 0.6740387555192645, 0.6737096728443508, 0.6735777593042966, 0.6735216735561913, 0.673514412978284, 0.6735091617746082, 0.6735006320651722, 0.6734886693605706, 0.6734828372805596, 0.6734814878419144, 0.673481376483368, 0.6734813744926896]}, "3": {"maxiter": 100, "gtol": 1e-05, "xrtol": 1e-10, "eps": 1e-10, "duration": 0.07770013809204102, "fun": "0.6734813746724887", "jac": "[5.55111466e-06 2.22044587e-06 4.44089173e-06 1.11022293e-06\n 2.22044617e-06 2.22044587e-06]", "hess_inv": "[[ 7.58585786e+00  4.85554609e-01 -8.79129481e-02  1.58498514e+00\n   3.47352007e+00  3.73825121e+00]\n [ 4.85554609e-01  9.34996962e+00 -2.57071739e+00  2.91797504e+00\n   9.68812664e-01 -2.11635664e+00]\n [-8.79129481e-02 -2.57071739e+00  7.83421143e+00 -9.79294151e-01\n  -2.19851828e+00 -1.91807914e+00]\n [ 1.58498514e+00  2.91797504e+00 -9.79294151e-01  7.11452858e+00\n   7.13502509e-01  5.95512585e-03]\n [ 3.47352007e+00  9.68812664e-01 -2.19851828e+00  7.13502509e-01\n   1.34928520e+01  9.43011083e+00]\n [ 3.73825121e+00 -2.11635664e+00 -1.91807914e+00  5.95512585e-03\n   9.43011083e+00  1.39786839e+01]]", "nfev": "252", "njev": "36", "status": "0", "success": "True", "message": "Optimization terminated successfully.", "x": "[ 1.18660469 -1.64336405  1.85015462  2.33701987 -0.06368463 -0.76748809]", "nit": "26", "callback": [0.8683724838211572, 0.8672031811840938, 0.8265540969670174, 0.8123248105246186, 0.8043460974153214, 0.7889987456597669, 0.7616726050960789, 0.7310415283405995, 0.7120929481275577, 0.6932751298637332, 0.6899701999287945, 0.6841672609347468, 0.6763107426212469, 0.6745123085704924, 0.6740403091649605, 0.6737103128963977, 0.6735778737399001, 0.6735217423803783, 0.6735144491855191, 0.6735092059869631, 0.6735006855218717, 0.6734887138643587, 0.6734828422381323, 0.6734814961399674, 0.6734813765332726, 0.6734813746724887]}, "4": {"maxiter": 100, "gtol": 1e-10, "xrtol": 1e-05, "eps": 1e-05, "duration": 0.0868978500366211, "fun": "0.6734813744925479", "jac": "[ 2.39275266e-07  2.08633111e-07 -1.30295774e-07 -7.07833792e-07\n  2.23654428e-07  7.35878025e-07]", "hess_inv": "[[ 7.95232387e+00  4.37513154e-01 -1.13611574e-01  1.65475481e+00\n   4.17091233e+00  4.31099217e+00]\n [ 4.37513154e-01  9.33946555e+00 -2.56593459e+00  2.97625208e+00\n   8.89613074e-01 -2.26817450e+00]\n [-1.13611574e-01 -2.56593459e+00  7.88143549e+00 -8.66799469e-01\n  -2.28391637e+00 -2.10826790e+00]\n [ 1.65475481e+00  2.97625208e+00 -8.66799469e-01  7.17728406e+00\n   6.85902721e-01 -1.23114258e-02]\n [ 4.17091233e+00  8.89613074e-01 -2.28391637e+00  6.85902721e-01\n   1.48198644e+01  1.07080878e+01]\n [ 4.31099217e+00 -2.26817450e+00 -2.10826790e+00 -1.23114258e-02\n   1.07080878e+01  1.51042259e+01]]", "nfev": "266", "njev": "38", "status": "0", "success": "True", "message": "Optimization terminated successfully.", "x": "[ 1.18655629 -1.64337544  1.85014276  2.33699494 -0.06375328 -0.76754808]", "nit": "27", "callback": [0.8683570764366456, 0.8671864984158407, 0.8265031775767118, 0.8122938973170097, 0.8043081549805879, 0.7889465203834846, 0.76159617166209, 0.730950812107934, 0.712032003253444, 0.6932559995541512, 0.6899522963642786, 0.6841515834772547, 0.6763008777764228, 0.6745097212769688, 0.6740387555192645, 0.6737096728443508, 0.6735777593042966, 0.6735216735561913, 0.673514412978284, 0.6735091617746082, 0.6735006320651722, 0.6734886693605706, 0.6734828372805596, 0.6734814878419144, 0.673481376483368, 0.6734813744926896, 0.6734813744925479]}, "5": {"maxiter": 100, "gtol": 1e-10, "xrtol": 1e-05, "eps": 1e-10, "duration": 0.0920259952545166, "fun": "0.6734813744892022", "jac": "[ 1.11022293e-06 -1.11022293e-06 -1.11022293e-06  1.11022293e-06\n  1.11022309e-06  0.00000000e+00]", "hess_inv": "[[ 9.28332741 -0.54174317 -0.70867802  1.95418688  7.98706454  7.7399075 ]\n [-0.54174317  9.1300305  -3.18442926  2.29617586  0.44441646 -2.79547998]\n [-0.70867802 -3.18442926  6.47029487 -1.82809121 -1.52600678 -1.77027542]\n [ 1.95418688  2.29617586 -1.82809121  6.8994213   2.34319392  1.24314426]\n [ 7.98706454  0.44441646 -1.52600678  2.34319392 21.24111842 16.69030354]\n [ 7.7399075  -2.79547998 -1.77027542  1.24314426 16.69030354 20.61821917]]", "nfev": "280", "njev": "40", "status": "0", "success": "True", "message": "Optimization terminated successfully.", "x": "[ 1.18655859 -1.64337436  1.85014397  2.33701058 -0.0637585  -0.76755361]", "nit": "29", "callback": [0.8683724838211572, 0.8672031811840938, 0.8265540969670174, 0.8123248105246186, 0.8043460974153214, 0.7889987456597669, 0.7616726050960789, 0.7310415283405995, 0.7120929481275577, 0.6932751298637332, 0.6899701999287945, 0.6841672609347468, 0.6763107426212469, 0.6745123085704924, 0.6740403091649605, 0.6737103128963977, 0.6735778737399001, 0.6735217423803783, 0.6735144491855191, 0.6735092059869631, 0.6735006855218717, 0.6734887138643587, 0.6734828422381323, 0.6734814961399674, 0.6734813765332726, 0.6734813746724887, 0.6734813746512316, 0.6734813744999578, 0.6734813744892022]}, "6": {"maxiter": 100, "gtol": 1e-10, "xrtol": 1e-10, "eps": 1e-05, "duration": 0.2040266990661621, "fun": "0.6734813744925479", "jac": "[ 2.39275266e-07  2.08633111e-07 -1.30295774e-07 -7.07833792e-07\n  2.23654428e-07  7.35878025e-07]", "hess_inv": "[[ 7.94512835  0.45371086 -0.12690515  1.59918217  4.14058643  4.34126275]\n [ 0.45371086  9.33202016 -2.57154548  2.97876801  0.93264572 -2.23369249]\n [-0.12690515 -2.57154548  7.90039507 -0.81934713 -2.30904055 -2.17802224]\n [ 1.59918217  2.97876801 -0.81934713  7.26593618  0.55828792 -0.2120597 ]\n [ 4.14058643  0.93264572 -2.30904055  0.55828792 14.71399755 10.74642226]\n [ 4.34126275 -2.23369249 -2.17802224 -0.2120597  10.74642226 15.33982774]]", "nfev": "607", "njev": "85", "status": "2", "success": "False", "message": "Desired error not necessarily achieved due to precision loss.", "x": "[ 1.18655629 -1.64337544  1.85014276  2.33699494 -0.06375328 -0.76754808]", "nit": "27", "callback": [0.8683570764366456, 0.8671864984158407, 0.8265031775767118, 0.8122938973170097, 0.8043081549805879, 0.7889465203834846, 0.76159617166209, 0.730950812107934, 0.712032003253444, 0.6932559995541512, 0.6899522963642786, 0.6841515834772547, 0.6763008777764228, 0.6745097212769688, 0.6740387555192645, 0.6737096728443508, 0.6735777593042966, 0.6735216735561913, 0.673514412978284, 0.6735091617746082, 0.6735006320651722, 0.6734886693605706, 0.6734828372805596, 0.6734814878419144, 0.673481376483368, 0.6734813744926896, 0.6734813744925479]}, "7": {"maxiter": 100, "gtol": 1e-10, "xrtol": 1e-10, "eps": 1e-10, "duration": 0.1275172233581543, "fun": "0.6734813744892022", "jac": "[ 0.00000000e+00 -1.11022293e-06  0.00000000e+00  0.00000000e+00\n  0.00000000e+00  0.00000000e+00]", "hess_inv": "[[  9.98282533  -3.19055533 -11.76596505  -4.18500722  15.383161\n    9.90108369]\n [ -3.19055533  10.96269012   3.5446527    4.38701962  -7.13823017\n   -7.31068528]\n [-11.76596505   3.5446527   30.61124792   4.52247335 -30.88401862\n  -20.20642875]\n [ -4.18500722   4.38701962   4.52247335   6.17927119  -9.85774327\n   -8.25664375]\n [ 15.383161    -7.13823017 -30.88401862  -9.85774327  48.55621773\n   30.40112316]\n [  9.90108369  -7.31068528 -20.20642875  -8.25664375  30.40112316\n   25.65365932]]", "nfev": "364", "njev": "52", "status": "0", "success": "True", "message": "Optimization terminated successfully.", "x": "[ 1.18655859 -1.64337436  1.85014397  2.33701058 -0.0637585  -0.76755361]", "nit": "30", "callback": [0.8683724838211572, 0.8672031811840938, 0.8265540969670174, 0.8123248105246186, 0.8043460974153214, 0.7889987456597669, 0.7616726050960789, 0.7310415283405995, 0.7120929481275577, 0.6932751298637332, 0.6899701999287945, 0.6841672609347468, 0.6763107426212469, 0.6745123085704924, 0.6740403091649605, 0.6737103128963977, 0.6735778737399001, 0.6735217423803783, 0.6735144491855191, 0.6735092059869631, 0.6735006855218717, 0.6734887138643587, 0.6734828422381323, 0.6734814961399674, 0.6734813765332726, 0.6734813746724887, 0.6734813746512316, 0.6734813744999578, 0.6734813744892022, 0.6734813744892022]}, "8": {"maxiter": 500, "gtol": 1e-05, "xrtol": 1e-05, "eps": 1e-05, "duration": 0.08800196647644043, "fun": "0.6734813744926896", "jac": "[ 2.94242408e-07  2.48967513e-07 -1.60182978e-07 -8.61488658e-07\n  2.84294810e-07  8.96871466e-07]", "hess_inv": "[[ 7.81084729  0.47339999 -0.02948844  1.75248452  3.8220745   3.91254898]\n [ 0.47339999  9.33286568 -2.59128878  2.9352534   0.97869628 -2.14866914]\n [-0.02948844 -2.59128878  7.83785704 -0.89890827 -2.0774527  -1.90092647]\n [ 1.75248452  2.9352534  -0.89890827  7.21472961  0.92300671  0.14354452]\n [ 3.8220745   0.97869628 -2.0774527   0.92300671 13.95987991  9.73004822]\n [ 3.91254898 -2.14866914 -1.90092647  0.14354452  9.73004822 14.1178743 ]]", "nfev": "252", "njev": "36", "status": "0", "success": "True", "message": "Optimization terminated successfully.", "x": "[ 1.18655745 -1.64337572  1.85014205  2.33699405 -0.06375041 -0.76754471]", "nit": "26", "callback": [0.8683570764366456, 0.8671864984158407, 0.8265031775767118, 0.8122938973170097, 0.8043081549805879, 0.7889465203834846, 0.76159617166209, 0.730950812107934, 0.712032003253444, 0.6932559995541512, 0.6899522963642786, 0.6841515834772547, 0.6763008777764228, 0.6745097212769688, 0.6740387555192645, 0.6737096728443508, 0.6735777593042966, 0.6735216735561913, 0.673514412978284, 0.6735091617746082, 0.6735006320651722, 0.6734886693605706, 0.6734828372805596, 0.6734814878419144, 0.673481376483368, 0.6734813744926896]}, "9": {"maxiter": 500, "gtol": 1e-05, "xrtol": 1e-05, "eps": 1e-10, "duration": 0.08982110023498535, "fun": "0.6734813746724887", "jac": "[5.55111466e-06 2.22044587e-06 4.44089173e-06 1.11022293e-06\n 2.22044617e-06 2.22044587e-06]", "hess_inv": "[[ 7.58585786e+00  4.85554609e-01 -8.79129481e-02  1.58498514e+00\n   3.47352007e+00  3.73825121e+00]\n [ 4.85554609e-01  9.34996962e+00 -2.57071739e+00  2.91797504e+00\n   9.68812664e-01 -2.11635664e+00]\n [-8.79129481e-02 -2.57071739e+00  7.83421143e+00 -9.79294151e-01\n  -2.19851828e+00 -1.91807914e+00]\n [ 1.58498514e+00  2.91797504e+00 -9.79294151e-01  7.11452858e+00\n   7.13502509e-01  5.95512585e-03]\n [ 3.47352007e+00  9.68812664e-01 -2.19851828e+00  7.13502509e-01\n   1.34928520e+01  9.43011083e+00]\n [ 3.73825121e+00 -2.11635664e+00 -1.91807914e+00  5.95512585e-03\n   9.43011083e+00  1.39786839e+01]]", "nfev": "252", "njev": "36", "status": "0", "success": "True", "message": "Optimization terminated successfully.", "x": "[ 1.18660469 -1.64336405  1.85015462  2.33701987 -0.06368463 -0.76748809]", "nit": "26", "callback": [0.8683724838211572, 0.8672031811840938, 0.8265540969670174, 0.8123248105246186, 0.8043460974153214, 0.7889987456597669, 0.7616726050960789, 0.7310415283405995, 0.7120929481275577, 0.6932751298637332, 0.6899701999287945, 0.6841672609347468, 0.6763107426212469, 0.6745123085704924, 0.6740403091649605, 0.6737103128963977, 0.6735778737399001, 0.6735217423803783, 0.6735144491855191, 0.6735092059869631, 0.6735006855218717, 0.6734887138643587, 0.6734828422381323, 0.6734814961399674, 0.6734813765332726, 0.6734813746724887]}, "10": {"maxiter": 500, "gtol": 1e-05, "xrtol": 1e-10, "eps": 1e-05, "duration": 0.07543396949768066, "fun": "0.6734813744926896", "jac": "[ 2.94242408e-07  2.48967513e-07 -1.60182978e-07 -8.61488658e-07\n  2.84294810e-07  8.96871466e-07]", "hess_inv": "[[ 7.81084729  0.47339999 -0.02948844  1.75248452  3.8220745   3.91254898]\n [ 0.47339999  9.33286568 -2.59128878  2.9352534   0.97869628 -2.14866914]\n [-0.02948844 -2.59128878  7.83785704 -0.89890827 -2.0774527  -1.90092647]\n [ 1.75248452  2.9352534  -0.89890827  7.21472961  0.92300671  0.14354452]\n [ 3.8220745   0.97869628 -2.0774527   0.92300671 13.95987991  9.73004822]\n [ 3.91254898 -2.14866914 -1.90092647  0.14354452  9.73004822 14.1178743 ]]", "nfev": "252", "njev": "36", "status": "0", "success": "True", "message": "Optimization terminated successfully.", "x": "[ 1.18655745 -1.64337572  1.85014205  2.33699405 -0.06375041 -0.76754471]", "nit": "26", "callback": [0.8683570764366456, 0.8671864984158407, 0.8265031775767118, 0.8122938973170097, 0.8043081549805879, 0.7889465203834846, 0.76159617166209, 0.730950812107934, 0.712032003253444, 0.6932559995541512, 0.6899522963642786, 0.6841515834772547, 0.6763008777764228, 0.6745097212769688, 0.6740387555192645, 0.6737096728443508, 0.6735777593042966, 0.6735216735561913, 0.673514412978284, 0.6735091617746082, 0.6735006320651722, 0.6734886693605706, 0.6734828372805596, 0.6734814878419144, 0.673481376483368, 0.6734813744926896]}, "11": {"maxiter": 500, "gtol": 1e-05, "xrtol": 1e-10, "eps": 1e-10, "