{"date": "2024/10/08/, 16:29:24", "conf_id": 12, "data_type": "random\n", "num_data_points": 1, "s_rank": 0, "unitary": "[[0.18663085-0.53122324j,-0.11886349-0.70040876j,0.28555095-0.02789305j,-0.12262021-0.2844587j],[-0.16702216+0.27758472j,0.27526351-0.29738586j,-0.01109314+0.22495461j,-0.77239203+0.28900673j],[0.61935415+0.12301792j,-0.31269928-0.03315917j,-0.61902762-0.19039079j,-0.27120731-0.0968989j],[0.42341754+0.0023929j,-0.05847358+0.47832119j,0.64900495-0.16218422j,-0.37182676-0.05229966j]]", "databatch_0": {"databatch": "[[[0.37499282-0.1988711j,-0.09805211+0.51312565j,-0.06018494-0.1195844j,0.01312463+0.17626814j],[-0.18377631-0.13956889j,-0.13231969+0.24612149j,-0.22095146+0.05001798j,-0.16555035+0.06802536j],[0.10817082+0.07249202j,-0.16364044-0.05995084j,0.09724384-0.07431174j,0.13547491+0.13020586j],[0.18773009-0.00895319j,0.26216462-0.05488097j,0.17452986+0.02131652j,0.05918097+0.20967497j]]]", "initial param values": "[2.10509113,2.6169215,0.46656747,5.39333225,3.71809781,2.12372088]", "nelder_mead": {"type": "gradient-free", "0": {"maxiter": 100, "fatol": 1e-05, "xatol": 1e-05, "duration": 0.05841398239135742, "fun": "0.3694734777348483", "nit": "100", "nfev": "164", "status": "2", "success": "False", "message": "Maximum number of iterations has been exceeded.", "x": "[ 0.60147596  4.60527653 -0.02101413  8.12047927  7.96822855  1.60489587]", "final_simplex": "(array([[ 0.60147596,  4.60527653, -0.02101413,  8.12047927,  7.96822855,\n         1.60489587],\n       [ 0.67360095,  4.76194686, -0.03076836,  8.27014745,  7.95013095,\n         1.51039174],\n       [ 0.66168042,  4.57366413, -0.01962954,  8.23648723,  7.91173813,\n         1.55426192],\n       [ 0.60553757,  4.59555835, -0.02419561,  8.10927179,  8.00055318,\n         1.54465775],\n       [ 0.6302557 ,  4.5983861 , -0.01926818,  8.10272499,  7.94888169,\n         1.52679725],\n       [ 0.63360056,  4.51685845, -0.02365242,  8.21508348,  7.96251623,\n         1.56842303],\n       [ 0.65200259,  4.58375064, -0.01974661,  8.01162102,  7.9393308 ,\n         1.55413294]]), array([0.36947348, 0.3767913 , 0.37773899, 0.37995893, 0.38051654,\n       0.38099479, 0.38242187]))", "callback": [0.9002366289545976, 0.8161709715002614, 0.8086336576927222, 0.7793796276614091, 0.7557022584176476, 0.5988468967286711, 0.5019316086653367, 0.4101480225554194, 0.3888423998335202, 0.3824946272721029]}, "1": {"maxiter": 100, "fatol": 1e-05, "xatol": 1e-10, "duration": 0.06321501731872559, "fun": "0.3694734777348483", "nit": "100", "nfev": "164", "status": "2", "success": "False", "message": "Maximum number of iterations has been exceeded.", "x": "[ 0.60147596  4.60527653 -0.02101413  8.12047927  7.96822855  1.60489587]", "final_simplex": "(array([[ 0.60147596,  4.60527653, -0.02101413,  8.12047927,  7.96822855,\n         1.60489587],\n       [ 0.67360095,  4.76194686, -0.03076836,  8.27014745,  7.95013095,\n         1.51039174],\n       [ 0.66168042,  4.57366413, -0.01962954,  8.23648723,  7.91173813,\n         1.55426192],\n       [ 0.60553757,  4.59555835, -0.02419561,  8.10927179,  8.00055318,\n         1.54465775],\n       [ 0.6302557 ,  4.5983861 , -0.01926818,  8.10272499,  7.94888169,\n         1.52679725],\n       [ 0.63360056,  4.51685845, -0.02365242,  8.21508348,  7.96251623,\n         1.56842303],\n       [ 0.65200259,  4.58375064, -0.01974661,  8.01162102,  7.9393308 ,\n         1.55413294]]), array([0.36947348, 0.3767913 , 0.37773899, 0.37995893, 0.38051654,\n       0.38099479, 0.38242187]))", "callback": [0.9002366289545976, 0.8161709715002614, 0.8086336576927222, 0.7793796276614091, 0.7557022584176476, 0.5988468967286711, 0.5019316086653367, 0.4101480225554194, 0.3888423998335202, 0.3824946272721029]}, "2": {"maxiter": 100, "fatol": 1e-10, "xatol": 1e-05, "duration": 0.06693196296691895, "fun": "0.3694734777348483", "nit": "100", "nfev": "164", "status": "2", "success": "False", "message": "Maximum number of iterations has been exceeded.", "x": "[ 0.60147596  4.60527653 -0.02101413  8.12047927  7.96822855  1.60489587]", "final_simplex": "(array([[ 0.60147596,  4.60527653, -0.02101413,  8.12047927,  7.96822855,\n         1.60489587],\n       [ 0.67360095,  4.76194686, -0.03076836,  8.27014745,  7.95013095,\n         1.51039174],\n       [ 0.66168042,  4.57366413, -0.01962954,  8.23648723,  7.91173813,\n         1.55426192],\n       [ 0.60553757,  4.59555835, -0.02419561,  8.10927179,  8.00055318,\n         1.54465775],\n       [ 0.6302557 ,  4.5983861 , -0.01926818,  8.10272499,  7.94888169,\n         1.52679725],\n       [ 0.63360056,  4.51685845, -0.02365242,  8.21508348,  7.96251623,\n         1.56842303],\n       [ 0.65200259,  4.58375064, -0.01974661,  8.01162102,  7.9393308 ,\n         1.55413294]]), array([0.36947348, 0.3767913 , 0.37773899, 0.37995893, 0.38051654,\n       0.38099479, 0.38242187]))", "callback": [0.9002366289545976, 0.8161709715002614, 0.8086336576927222, 0.7793796276614091, 0.7557022584176476, 0.5988468967286711, 0.5019316086653367, 0.4101480225554194, 0.3888423998335202, 0.3824946272721029]}, "3": {"maxiter": 100, "fatol": 1e-10, "xatol": 1e-10, "duration": 0.06169700622558594, "fun": "0.3694734777348483", "nit": "100", "nfev": "164", "status": "2", "success": "False", "message": "Maximum number of iterations has been exceeded.", "x": "[ 0.60147596  4.60527653 -0.02101413  8.12047927  7.96822855  1.60489587]", "final_simplex": "(array([[ 0.60147596,  4.60527653, -0.02101413,  8.12047927,  7.96822855,\n         1.60489587],\n       [ 0.67360095,  4.76194686, -0.03076836,  8.27014745,  7.95013095,\n         1.51039174],\n       [ 0.66168042,  4.57366413, -0.01962954,  8.23648723,  7.91173813,\n         1.55426192],\n       [ 0.60553757,  4.59555835, -0.02419561,  8.10927179,  8.00055318,\n         1.54465775],\n       [ 0.6302557 ,  4.5983861 , -0.01926818,  8.10272499,  7.94888169,\n         1.52679725],\n       [ 0.63360056,  4.51685845, -0.02365242,  8.21508348,  7.96251623,\n         1.56842303],\n       [ 0.65200259,  4.58375064, -0.01974661,  8.01162102,  7.9393308 ,\n         1.55413294]]), array([0.36947348, 0.3767913 , 0.37773899, 0.37995893, 0.38051654,\n       0.38099479, 0.38242187]))", "callback": [0.9002366289545976, 0.8161709715002614, 0.8086336576927222, 0.7793796276614091, 0.7557022584176476, 0.5988468967286711, 0.5019316086653367, 0.4101480225554194, 0.3888423998335202, 0.3824946272721029]}, "4": {"maxiter": 500, "fatol": 1e-05, "xatol": 1e-05, "duration": 0.28811097145080566, "fun": "0.2878052351138449", "nit": "500", "nfev": "762", "status": "2", "success": "False", "message": "Maximum number of iterations has been exceeded.", "x": "[-0.46951695  3.70578339  0.59691815  8.65557399  7.54553858  2.50013334]", "final_simplex": "(array([[-0.46951695,  3.70578339,  0.59691815,  8.65557399,  7.54553858,\n         2.50013334],\n       [-0.47159456,  3.70300991,  0.59800291,  8.65733232,  7.54419569,\n         2.50069313],\n       [-0.47274405,  3.70665383,  0.59592867,  8.65715612,  7.54359266,\n         2.50197143],\n       [-0.46977993,  3.70624303,  0.59598491,  8.65689858,  7.5429646 ,\n         2.49836224],\n       [-0.47315591,  3.7042928 ,  0.5960453 ,  8.66040341,  7.54368119,\n         2.50109637],\n       [-0.46855746,  3.70539746,  0.59766638,  8.6558055 ,  7.54461784,\n         2.49988485],\n       [-0.47018846,  3.70699237,  0.59769766,  8.65549629,  7.54406055,\n         2.49931665]]), array([0.28780524, 0.28780556, 0.28780559, 0.2878059 , 0.28780592,\n       0.28780592, 0.28780599]))", "callback": [0.9002366289545976, 0.8161709715002614, 0.8086336576927222, 0.7793796276614091, 0.7557022584176476, 0.5988468967286711, 0.5019316086653367, 0.4101480225554194, 0.3888423998335202, 0.3824946272721029, 0.3694734777348483, 0.35042595176533053, 0.3173634502085252, 0.31029784286360573, 0.31029784286360573, 0.3084347665659818, 0.3070072652417746, 0.30370631996377573, 0.29992618506789614, 0.29611109586740936, 0.29460657417817326, 0.2936238213738934, 0.2934682309054436, 0.29330405496701517, 0.29326671497813495, 0.29325320725836324, 0.2932463047216838, 0.2932434996562463, 0.29324209182403216, 0.29324209182403216, 0.29324162113286456, 0.29323827530702506, 0.29322988258024785, 0.2932097094532984, 0.2931789625075568, 0.29298771840003623, 0.2927530755231482, 0.29208412215036117, 0.2899213756931205, 0.2890085949901149, 0.28848190909966986, 0.28848190909966986, 0.2882412074486169, 0.28816666414744374, 0.2880604997144004, 0.2879104991364734, 0.28782098951835966, 0.2878185884594363, 0.28780811281928864, 0.287805985846332]}, "5": {"maxiter": 500, "fatol": 1e-05, "xatol": 1e-10, "duration": 0.2888000011444092, "fun": "0.2878052351138449", "nit": "500", "nfev": "762", "status": "2", "success": "False", "message": "Maximum number of iterations has been exceeded.", "x": "[-0.46951695  3.70578339  0.59691815  8.65557399  7.54553858  2.50013334]", "final_simplex": "(array([[-0.46951695,  3.70578339,  0.59691815,  8.65557399,  7.54553858,\n         2.50013334],\n       [-0.47159456,  3.70300991,  0.59800291,  8.65733232,  7.54419569,\n         2.50069313],\n       [-0.47274405,  3.70665383,  0.59592867,  8.65715612,  7.54359266,\n         2.50197143],\n       [-0.46977993,  3.70624303,  0.59598491,  8.65689858,  7.5429646 ,\n         2.49836224],\n       [-0.47315591,  3.7042928 ,  0.5960453 ,  8.66040341,  7.54368119,\n         2.50109637],\n       [-0.46855746,  3.70539746,  0.59766638,  8.6558055 ,  7.54461784,\n         2.49988485],\n       [-0.47018846,  3.70699237,  0.59769766,  8.65549629,  7.54406055,\n         2.49931665]]), array([0.28780524, 0.28780556, 0.28780559, 0.2878059 , 0.28780592,\n       0.28780592, 0.28780599]))", "callback": [0.9002366289545976, 0.8161709715002614, 0.8086336576927222, 0.7793796276614091, 0.7557022584176476, 0.5988468967286711, 0.5019316086653367, 0.4101480225554194, 0.3888423998335202, 0.3824946272721029, 0.3694734777348483, 0.35042595176533053, 0.3173634502085252, 0.31029784286360573, 0.31029784286360573, 0.3084347665659818, 0.3070072652417746, 0.30370631996377573, 0.29992618506789614, 0.29611109586740936, 0.29460657417817326, 0.2936238213738934, 0.2934682309054436, 0.29330405496701517, 0.29326671497813495, 0.29325320725836324, 0.2932463047216838, 0.2932434996562463, 0.29324209182403216, 0.29324209182403216, 0.29324162113286456, 0.29323827530702506, 0.29322988258024785, 0.2932097094532984, 0.2931789625075568, 0.29298771840003623, 0.2927530755231482, 0.29208412215036117, 0.2899213756931205, 0.2890085949901149, 0.28848190909966986, 0.28848190909966986, 0.2882412074486169, 0.28816666414744374, 0.2880604997144004, 0.2879104991364734, 0.28782098951835966, 0.2878185884594363, 0.28780811281928864, 0.287805985846332]}, "6": {"maxiter": 500, "fatol": 1e-10, "xatol": 1e-05, "duration": 0.28508472442626953, "fun": "0.2878052351138449", "nit": "500", "nfev": "762", "status": "2", "success": "False", "message": "Maximum number of iterations has been exceeded.", "x": "[-0.46951695  3.70578339  0.59691815  8.65557399  7.54553858  2.50013334]", "final_simplex": "(array([[-0.46951695,  3.70578339,  0.59691815,  8.65557399,  7.54553858,\n         2.50013334],\n       [-0.47159456,  3.70300991,  0.59800291,  8.65733232,  7.54419569,\n         2.50069313],\n       [-0.47274405,  3.70665383,  0.59592867,  8.65715612,  7.54359266,\n         2.50197143],\n       [-0.46977993,  3.70624303,  0.59598491,  8.65689858,  7.5429646 ,\n         2.49836224],\n       [-0.47315591,  3.7042928 ,  0.5960453 ,  8.66040341,  7.54368119,\n         2.50109637],\n       [-0.46855746,  3.70539746,  0.59766638,  8.6558055 ,  7.54461784,\n         2.49988485],\n       [-0.47018846,  3.70699237,  0.59769766,  8.65549629,  7.54406055,\n         2.49931665]]), array([0.28780524, 0.28780556, 0.28780559, 0.2878059 , 0.28780592,\n       0.28780592, 0.28780599]))", "callback": [0.9002366289545976, 0.8161709715002614, 0.8086336576927222, 0.7793796276614091, 0.7557022584176476, 0.5988468967286711, 0.5019316086653367, 0.4101480225554194, 0.3888423998335202, 0.3824946272721029, 0.3694734777348483, 0.35042595176533053, 0.3173634502085252, 0.31029784286360573, 0.31029784286360573, 0.3084347665659818, 0.3070072652417746, 0.30370631996377573, 0.29992618506789614, 0.29611109586740936, 0.29460657417817326, 0.2936238213738934, 0.2934682309054436, 0.29330405496701517, 0.29326671497813495, 0.29325320725836324, 0.2932463047216838, 0.2932434996562463, 0.29324209182403216, 0.29324209182403216, 0.29324162113286456, 0.29323827530702506, 0.29322988258024785, 0.2932097094532984, 0.2931789625075568, 0.29298771840003623, 0.2927530755231482, 0.29208412215036117, 0.2899213756931205, 0.2890085949901149, 0.28848190909966986, 0.28848190909966986, 0.2882412074486169, 0.28816666414744374, 0.2880604997144004, 0.2879104991364734, 0.28782098951835966, 0.2878185884594363, 0.28780811281928864, 0.287805985846332]}, "7": {"maxiter": 500, "fatol": 1e-10, "xatol": 1e-10, "duration": 0.30172228813171387, "fun": "0.2878052351138449", "nit": "500", "nfev": "762", "status": "2", "success": "False", "message": "Maximum number of iterations has been exceeded.", "x": "[-0.46951695  3.70578339  0.59691815  8.65557399  7.54553858  2.50013334]", "final_simplex": "(array([[-0.46951695,  3.70578339,  0.59691815,  8.65557399,  7.54553858,\n         2.50013334],\n       [-0.47159456,  3.70300991,  0.59800291,  8.65733232,  7.54419569,\n         2.50069313],\n       [-0.47274405,  3.70665383,  0.59592867,  8.65715612,  7.54359266,\n         2.50197143],\n       [-0.46977993,  3.70624303,  0.59598491,  8.65689858,  7.5429646 ,\n         2.49836224],\n       [-0.47315591,  3.7042928 ,  0.5960453 ,  8.66040341,  7.54368119,\n         2.50109637],\n       [-0.46855746,  3.70539746,  0.59766638,  8.6558055 ,  7.54461784,\n         2.49988485],\n       [-0.47018846,  3.70699237,  0.59769766,  8.65549629,  7.54406055,\n         2.49931665]]), array([0.28780524, 0.28780556, 0.28780559, 0.2878059 , 0.28780592,\n       0.28780592, 0.28780599]))", "callback": [0.9002366289545976, 0.8161709715002614, 0.8086336576927222, 0.7793796276614091, 0.7557022584176476, 0.5988468967286711, 0.5019316086653367, 0.4101480225554194, 0.3888423998335202, 0.3824946272721029, 0.3694734777348483, 0.35042595176533053, 0.3173634502085252, 0.31029784286360573, 0.31029784286360573, 0.3084347665659818, 0.3070072652417746, 0.30370631996377573, 0.29992618506789614, 0.29611109586740936, 0.29460657417817326, 0.2936238213738934, 0.2934682309054436, 0.29330405496701517, 0.29326671497813495, 0.29325320725836324, 0.2932463047216838, 0.2932434996562463, 0.29324209182403216, 0.29324209182403216, 0.29324162113286456, 0.29323827530702506, 0.29322988258024785, 0.2932097094532984, 0.2931789625075568, 0.29298771840003623, 0.2927530755231482, 0.29208412215036117, 0.2899213756931205, 0.2890085949901149, 0.28848190909966986, 0.28848190909966986, 0.2882412074486169, 0.28816666414744374, 0.2880604997144004, 0.2879104991364734, 0.28782098951835966, 0.2878185884594363, 0.28780811281928864, 0.287805985846332]}, "8": {"maxiter": 1000, "fatol": 1e-05, "xatol": 1e-05, "duration": 0.3841845989227295, "fun": "0.28780474733133277", "nit": "616", "nfev": "953", "status": "0", "success": "True", "message": "Optimization terminated successfully.", "x": "[-0.4717341   3.7069613   0.59440765  8.65771291  7.5454776   2.50210814]", "final_simplex": "(array([[-0.4717341 ,  3.7069613 ,  0.59440765,  8.65771291,  7.5454776 ,\n         2.50210814],\n       [-0.47172789,  3.706966  ,  0.59440407,  8.65770834,  7.54548742,\n         2.50211079],\n       [-0.47173485,  3.7069688 ,  0.59439771,  8.65771243,  7.54548004,\n         2.50211119],\n       [-0.47173057,  3.70696111,  0.59440926,  8.65770988,  7.54547968,\n         2.50210477],\n       [-0.47173238,  3.70696187,  0.59440418,  8.65770985,  7.54548288,\n         2.50210997],\n       [-0.47173846,  3.70696037,  0.59440227,  8.65771755,  7.54547766,\n         2.50211001],\n       [-0.47172939,  3.70696495,  0.59441025,  8.65770755,  7.54548261,\n         2.50210713]]), array([0.28780475, 0.28780475, 0.28780475, 0.28780475, 0.28780475,\n       0.28780475, 0.28780475]))", "callback": [0.9002366289545976, 0.8161709715002614, 0.8086336576927222, 0.7793796276614091, 0.7557022584176476, 0.5988468967286711, 0.5019316086653367, 0.4101480225554194, 0.3888423998335202, 0.3824946272721029, 0.3694734777348483, 0.35042595176533053, 0.3173634502085252, 0.31029784286360573, 0.31029784286360573, 0.3084347665659818, 0.3070072652417746, 0.30370631996377573, 0.29992618506789614, 0.29611109586740936, 0.29460657417817326, 0.2936238213738934, 0.2934682309054436, 0.29330405496701517, 0.29326671497813495, 0.29325320725836324, 0.2932463047216838, 0.2932434996562463, 0.29324209182403216, 0.29324209182403216, 0.29324162113286456, 0.29323827530702506, 0.29322988258024785, 0.2932097094532984, 0.2931789625075568, 0.29298771840003623, 0.2927530755231482, 0.29208412215036117, 0.2899213756931205, 0.2890085949901149, 0.28848190909966986, 0.28848190909966986, 0.2882412074486169, 0.28816666414744374, 0.2880604997144004, 0.2879104991364734, 0.28782098951835966, 0.2878185884594363, 0.28780811281928864, 0.287805985846332, 0.2878052351138449, 0.2878049834795754, 0.2878048084236491, 0.28780477057570997, 0.2878047503123753, 0.28780474886909324, 0.28780474753078544, 0.2878047474414498, 0.2878047473997092, 0.2878047473667442, 0.2878047473426054, 0.28780474733463224]}, "9": {"maxiter": 1000, "fatol": 1e-05, "xatol": 1e-10, "duration": 0.46919894218444824, "fun": "0.28780474732484707", "nit": "759", "nfev": "1231", "status": "0", "success": "True", "message": "Optimization terminated successfully.", "x": "[-0.47173023  3.70695833  0.59440876  8.65771488  7.54548495  2.50211431]", "final_simplex": "(array([[-0.47173023,  3.70695833,  0.59440876,  8.65771488,  7.54548495,\n         2.50211431],\n       [-0.47173023,  3.70695833,  0.59440876,  8.65771488,  7.54548495,\n         2.50211431],\n       [-0.47173023,  3.70695833,  0.59440876,  8.65771488,  7.54548495,\n         2.50211431],\n       [-0.47173023,  3.70695833,  0.59440876,  8.65771488,  7.54548495,\n         2.50211431],\n       [-0.47173023,  3.70695833,  0.59440876,  8.65771488,  7.54548495,\n         2.50211431],\n       [-0.47173023,  3.70695833,  0.59440876,  8.65771488,  7.54548495,\n         2.50211431],\n       [-0.47173023,  3.70695833,  0.59440876,  8.65771488,  7.54548495,\n         2.50211431]]), array([0.28780475, 0.28780475, 0.28780475, 0.28780475, 0.28780475,\n       0.28780475, 0.28780475]))", "callback": [0.9002366289545976, 0.8161709715002614, 0.8086336576927222, 0.7793796276614091, 0.7557022584176476, 0.5988468967286711, 0.5019316086653367, 0.4101480225554194, 0.3888423998335202, 0.3824946272721029, 0.3694734777348483, 0.35042595176533053, 0.3173634502085252, 0.31029784286360573, 0.31029784286360573, 0.3084347665659818, 0.3070072652417746, 0.30370631996377573, 0.29992618506789614, 0.29611109586740936, 0.29460657417817326, 0.2936238213738934, 0.2934682309054436, 0.29330405496701517, 0.29326671497813495, 0.29325320725836324, 0.2932463047216838, 0.2932434996562463, 0.29324209182403216, 0.29324209182403216, 0.29324162113286456, 0.29323827530702506, 0.29322988258024785, 0.2932097094532984, 0.2931789625075568, 0.29298771840003623, 0.2927530755231482, 0.29208412215036117, 0.2899213756931205, 0.2890085949901149, 0.28848190909966986, 0.28848190909966986, 0.2882412074486169, 0.28816666414744374, 0.2880604997144004, 0.2879104991364734, 0.28782098951835966, 0.2878185884594363, 0.28780811281928864, 0.287805985846332, 0.2878052351138449, 0.2878049834795754, 0.2878048084236491, 0.28780477057570997, 0.2878047503123753, 0.28780474886909324, 0.28780474753078544, 0.2878047474414498, 0.2878047473997092, 0.2878047473667442, 0.2878047473426054, 0.28780474733463224, 0.28780474732968053, 0.28780474732664985, 0.287804747325496, 0.28780474732535555, 0.28780474732500694, 0.2878047473249761, 0.28780474732489614, 0.2878047473248667, 0.2878047473248526, 0.2878047473248483, 0.2878047473248475, 0.28780474732484707, 0.28780474732484707, 0.28780474732484707]}, "10": {"maxiter": 1000, "fatol": 1e-10, "xatol": 1e-05, "duration": 0.35689496994018555, "fun": "0.28780474733133277", "nit": "616", "nfev": "953", "status": "0", "success": "True", "message": "Optimization terminated successfully.", "x": "[-0.4717341   3.7069613   0.59440765  8.65771291  7.5454776   2.50210814]", "final_simplex": "(array([[-0.4717341 ,  3.7069613 ,  0.59440765,  8.65771291,  7.5454776 ,\n         2.50210814],\n       [-0.47172789,  3.706966  ,  0.59440407,  8.65770834,  7.54548742,\n         2.50211079],\n       [-0.47173485,  3.7069688 ,  0.59439771,  8.65771243,  7.54548004,\n         2.50211119],\n       [-0.47173057,  3.70696111,  0.59440926,  8.65770988,  7.54547968,\n         2.50210477],\n       [-0.47173238,  3.70696187,  0.59440418,  8.65770985,  7.54548288,\n         2.50210997],\n       [-0.47173846,  3.70696037,  0.59440227,  8.65771755,  7.54547766,\n         2.50211001],\n       [-0.47172939,  3.70696495,  0.59441025,  8.65770755,  7.54548261,\n         2.50210713]]), array([0.28780475, 0.28780475, 0.28780475, 0.28780475, 0.28780475,\n       0.28780475, 0.28780475]))", "callback": [0.9002366289545976, 0.8161709715002614, 0.8086336576927222, 0.7793796276614091, 0.7557022584176476, 0.5988468967286711, 0.5019316086653367, 0.4101480225554194, 0.3888423998335202, 0.3824946272721029, 0.3694734777348483, 0.35042595176533053, 0.3173634502085252, 0.31029784286360573, 0.31029784286360573, 0.3084347665659818, 0.3070072652417746, 0.30370631996377573, 0.29992618506789614, 0.29611109586740936, 0.29460657417817326, 0.2936238213738934, 0.2934682309054436, 0.29330405496701517, 0.29326671497813495, 0.29325320725836324, 0.2932463047216838, 0.2932434996562463, 0.29324209182403216, 0.29324209182403216, 0.29324162113286456, 0.29323827530702506, 0.29322988258024785, 0.2932097094532984, 0.2931789625075568, 0.29298771840003623, 0.2927530755231482, 0.29208412215036117, 0.2899213756931205, 0.2890085949901149, 0.28848190909966986, 0.28848190909966986, 0.2882412074486169, 0.28816666414744374, 0.2880604997144004, 0.2879104991364734, 0.28782098951835966, 0.2878185884594363, 0.28780811281928864, 0.287805985846332, 0.2878052351138449, 0.2878049834795754, 0.2878048084236491, 0.28780477057570997, 0.2878047503123753, 0.28780474886909324, 0.28780474753078544, 0.2878047474414498, 0.2878047473997092, 0.2878047473667442, 0.2878047473426054, 0.28780474733463224]}, "11": {"maxiter": 1000, "fatol": 1e-10, "xatol": 1e-10, "duration": 0.43629026412963867, "fun": "0.28780474732484707", "nit": "759", "nfev": "1231", "status": "0", "success": "True", "message": "Optimization terminated successfully.", "x": "[-0.47173023  3.70695833  0.59440876  8.65771488  7.54548495  2.50211431]", "final_simplex": "(array([[-0.47173023,  3.70695833,  0.59440876,  8.65771488,  7.54548495,\n         2.50211431],\n       [-0.47173023,  3.70695833,  0.59440876,  8.65771488,  7.54548495,\n         2.50211431],\n       [-0.47173023,  3.70695833,  0.59440876,  8.65771488,  7.54548495,\n         2.50211431],\n       [-0.47173023,  3.70695833,  0.59440876,  8.65771488,  7.54548495,\n         2.50211431],\n       [-0.47173023,  3.70695833,  0.59440876,  8.65771488,  7.54548495,\n         2.50211431],\n       [-0.47173023,  3.70695833,  0.59440876,  8.65771488,  7.54548495,\n         2.50211431],\n       [-0.47173023,  3.70695833,  0.59440876,  8.65771488,  7.54548495,\n         2.50211431]]), array([0.28780475, 0.28780475, 0.28780475, 0.28780475, 0.28780475,\n       0.28780475, 0.28780475]))", "callback": [0.9002366289545976, 0.8161709715002614, 0.8086336576927222, 0.7793796276614091, 0.7557022584176476, 0.5988468967286711, 0.5019316086653367, 0.4101480225554194, 0.3888423998335202, 0.3824946272721029, 0.3694734777348483, 0.35042595176533053, 0.3173634502085252, 0.31029784286360573, 0.31029784286360573, 0.3084347665659818, 0.3070072652417746, 0.30370631996377573, 0.29992618506789614, 0.29611109586740936, 0.29460657417817326, 0.2936238213738934, 0.2934682309054436, 0.29330405496701517, 0.29326671497813495, 0.29325320725836324, 0.2932463047216838, 0.2932434996562463, 0.29324209182403216, 0.29324209182403216, 0.29324162113286456, 0.29323827530702506, 0.29322988258024785, 0.2932097094532984, 0.2931789625075568, 0.29298771840003623, 0.2927530755231482, 0.29208412215036117, 0.2899213756931205, 0.2890085949901149, 0.28848190909966986, 0.28848190909966986, 0.2882412074486169, 0.28816666414744374, 0.2880604997144004, 0.2879104991364734, 0.28782098951835966, 0.2878185884594363, 0.28780811281928864, 0.287805985846332, 0.2878052351138449, 0.2878049834795754, 0.2878048084236491, 0.28780477057570997, 0.2878047503123753, 0.28780474886909324, 0.28780474753078544, 0.2878047474414498, 0.2878047473997092, 0.2878047473667442, 0.2878047473426054, 0.28780474733463224, 0.28780474732968053, 0.28780474732664985, 0.287804747325496, 0.28780474732535555, 0.28780474732500694, 0.2878047473249761, 0.28780474732489614, 0.2878047473248667, 0.2878047473248526, 0.2878047473248483, 0.2878047473248475, 0.28780474732484707, 0.28780474732484707, 0.28780474732484707]}}, "bfgs": {"type": "gradient", "0": {"maxiter": 100, "gtol": 1e-05, "xrtol": 1e-05, "eps": 1e-05, "duration": 0.12665891647338867, "fun": "0.28780474800270817", "jac": "[-1.35325084e-07  6.88609170e-06 -4.18987067e-07  3.30359073e-06\n -4.33623137e-06  1.01414432e-06]", "hess_inv": "[[  9.25832142  -0.83157828   5.14488434   5.12128405   3.68880013\n   -4.19293733]\n [ -0.83157828  12.74174754 -11.74599053   0.39094988  -0.96074469\n    0.53174057]\n [  5.14488434 -11.74599053  17.06241246   3.26544737   1.80969746\n   -4.77957025]\n [  5.12128405   0.39094988   3.26544737   6.4336216    1.38623597\n   -3.55158631]\n [  3.68880013  -0.96074469   1.80969746   1.38623597   7.82202366\n    3.23420625]\n [ -4.19293733   0.53174057  -4.77957025  -3.55158631   3.23420625\n    9.07026484]]", "nfev": "329", "njev": "47", "status": "0", "success": "True", "message": "Optimization terminated successfully.", "x": "[-0.4717747   3.70707362  0.59428413  3.90864873  4.40382388  5.64369319]", "nit": "39", "callback": [0.844008918051488, 0.8182308043964909, 0.8109109378355872, 0.7979839824043554, 0.7799051075081165, 0.7726762012081224, 0.7656283687590687, 0.7532854309232648, 0.7330846987662194, 0.7124806856157498, 0.7038709253838829, 0.7001170750946947, 0.6946889672156091, 0.6546509783997578, 0.6524392122152772, 0.6339352210264297, 0.5985378571057521, 0.5346857640570288, 0.4860200673521432, 0.462561339988791, 0.446886637847277, 0.43439134780308963, 0.42269947233381244, 0.40235929607920895, 0.3653723157750145, 0.3313722403920737, 0.30096932109774277, 0.29452663035686877, 0.2901884602211723, 0.2889163073116331, 0.28831141855748443, 0.2878843989065354, 0.2878553674172388, 0.2878458604155365, 0.28782984529388245, 0.2878094565633277, 0.28780555799372487, 0.2878048040615051, 0.28780474800270817]}, "1": {"maxiter": 100, "gtol": 1e-05, "xrtol": 1e-05, "eps": 1e-10, "duration": 0.12567400932312012, "fun": "0.28780474796029276", "jac": "[-5.55111466e-06  6.66133760e-06  2.22044587e-06  4.44089173e-06\n -7.77156053e-06  2.22044587e-06]", "hess_inv": "[[  9.51319358  -0.87356161   5.31241857   5.26944528   3.91380404\n   -4.20670807]\n [ -0.87356161  12.74318093 -11.80269459   0.38480601  -0.97630003\n    0.55476272]\n [  5.31241857 -11.80269459  17.21001553   3.34287707   1.9692367\n   -4.77331107]\n [  5.26944528   0.38480601   3.34287707   6.51484159   1.50328581\n   -3.57095306]\n [  3.91380404  -0.97630003   1.9692367    1.50328581   7.97285773\n    3.17631476]\n [ -4.20670807   0.55476272  -4.77331107  -3.57095306   3.17631476\n    9.0297626 ]]", "nfev": "329", "njev": "47", "status": "0", "success": "True", "message": "Optimization terminated successfully.", "x": "[-0.4717772   3.70706474  0.59430657  3.90865296  4.40382383  5.64369302]", "nit": "39", "callback": [0.8440091806386811, 0.8182309956548598, 0.8109110319693216, 0.797984003378321, 0.7799056342785223, 0.7726772285117214, 0.7656286827236, 0.7532842636298458, 0.7330813446636122, 0.7124789637068922, 0.7038706149594238, 0.7001172694309067, 0.6946899293481255, 0.6546604278534094, 0.6524488688003028, 0.6339451129381586, 0.5985497891978112, 0.5347015735420477, 0.48603375087259837, 0.46257251406433475, 0.4468943069397736, 0.43439802612921363, 0.42270649386937453, 0.4023672131357444, 0.36538010084456596, 0.33134899619403935, 0.3009559550004832, 0.2945054503037773, 0.2902088102895487, 0.28891647772826023, 0.2883131094487261, 0.28788542217268065, 0.28785533542491026, 0.28784594991636625, 0.2878300768859795, 0.28780966820703, 0.2878055682302305, 0.2878048166564784, 0.28780474796029276]}, "2": {"maxiter": 100, "gtol": 1e-05, "xrtol": 1e-10, "eps": 1e-05, "duration": 0.13564705848693848, "fun": "0.28780474800270817", "jac": "[-1.35325084e-07  6.88609170e-06 -4.18987067e-07  3.30359073e-06\n -4.33623137e-06  1.01414432e-06]", "hess_inv": "[[  9.25832142  -0.83157828   5.14488434   5.12128405   3.68880013\n   -4.19293733]\n [ -0.83157828  12.74174754 -11.74599053   0.39094988  -0.96074469\n    0.53174057]\n [  5.14488434 -11.74599053  17.06241246   3.26544737   1.80969746\n   -4.77957025]\n [  5.12128405   0.39094988   3.26544737   6.4336216    1.38623597\n   -3.55158631]\n [  3.68880013  -0.96074469   1.80969746   1.38623597   7.82202366\n    3.23420625]\n [ -4.19293733   0.53174057  -4.77957025  -3.55158631   3.23420625\n    9.07026484]]", "nfev": "329", "njev": "47", "status": "0", "success": "True", "message": "Optimization terminated successfully.", "x": "[-0.4717747   3.70707362  0.59428413  3.90864873  4.40382388  5.64369319]", "nit": "39", "callback": [0.844008918051488, 0.8182308043964909, 0.8109109378355872, 0.7979839824043554, 0.7799051075081165, 0.7726762012081224, 0.7656283687590687, 0.7532854309232648, 0.7330846987662194, 0.7124806856157498, 0.7038709253838829, 0.7001170750946947, 0.6946889672156091, 0.6546509783997578, 0.6524392122152772, 0.6339352210264297, 0.5985378571057521, 0.5346857640570288, 0.4860200673521432, 0.462561339988791, 0.446886637847277, 0.43439134780308963, 0.42269947233381244, 0.40235929607920895, 0.3653723157750145, 0.3313722403920737, 0.30096932109774277, 0.29452663035686877, 0.2901884602211723, 0.2889163073116331, 0.28831141855748443, 0.2878843989065354, 0.2878553674172388, 0.2878458604155365, 0.28782984529388245, 0.2878094565633277, 0.28780555799372487, 0.2878048040615051, 0.28780474800270817]}, "3": {"maxiter": 100, "gtol": 1e-05, "xrtol": 1e-10, "eps": 1e-10, "duration": 0.13395905494689941, "fun": "0.28780474796029276", "jac": "[-5.55111466e-06  6.66133760e-06  2.22044587e-06  4.44089173e-06\n -7.77156053e-06  2.22044587e-06]", "hess_inv": "[[  9.51319358  -0.87356161   5.31241857   5.26944528   3.91380404\n   -4.20670807]\n [ -0.87356161  12.74318093 -11.80269459   0.38480601  -0.97630003\n    0.55476272]\n [  5.31241857 -11.80269459  17.21001553   3.34287707   1.9692367\n   -4.77331107]\n [  5.26944528   0.38480601   3.34287707   6.51484159   1.50328581\n   -3.57095306]\n [  3.91380404  -0.97630003   1.9692367    1.50328581   7.97285773\n    3.17631476]\n [ -4.20670807   0.55476272  -4.77331107  -3.57095306   3.17631476\n    9.0297626 ]]", "nfev": "329", "njev": "47", "status": "0", "success": "True", "message": "Optimization terminated successfully.", "x": "[-0.4717772   3.70706474  0.59430657  3.90865296  4.40382383  5.64369302]", "nit": "39", "callback": [0.8440091806386811, 0.8182309956548598, 0.8109110319693216, 0.797984003378321, 0.7799056342785223, 0.7726772285117214, 0.7656286827236, 0.7532842636298458, 0.7330813446636122, 0.7124789637068922, 0.7038706149594238, 0.7001172694309067, 0.6946899293481255, 0.6546604278534094, 0.6524488688003028, 0.6339451129381586, 0.5985497891978112, 0.5347015735420477, 0.48603375087259837, 0.46257251406433475, 0.4468943069397736, 0.43439802612921363, 0.42270649386937453, 0.4023672131357444, 0.36538010084456596, 0.33134899619403935, 0.3009559550004832, 0.2945054503037773, 0.2902088102895487, 0.28891647772826023, 0.2883131094487261, 0.28788542217268065, 0.28785533542491026, 0.28784594991636625, 0.2878300768859795, 0.28780966820703, 0.2878055682302305, 0.2878048166564784, 0.28780474796029276]}, "4": {"maxiter": 100, "gtol": 1e-10, "xrtol": 1e-05, "eps": 1e-05, "duration": 0.14279794692993164, "fun": "0.2878047474110239", "jac": "[-7.81597009e-09 -1.82742710e-08 -1.81854531e-08 -2.87547763e-09\n -7.32747196e-10 -1.29340982e-08]", "hess_inv": "[[  9.07226239  -1.10204184   5.22562834   4.98149528   3.61766895\n   -4.11891738]\n [ -1.10204184  14.47275446 -13.40057274   0.56302754  -1.5712646\n    0.38011258]\n [  5.22562834 -13.40057274  18.50513792   3.01280044   2.26392812\n   -4.5951835 ]\n [  4.98149528   0.56302754   3.01280044   6.3947257    1.24342049\n   -3.54159371]\n [  3.61766895  -1.5712646    2.26392812   1.24342049   7.91561717\n    3.32416346]\n [ -4.11891738   0.38011258  -4.5951835   -3.54159371   3.32416346\n    9.07226776]]", "nfev": "343", "njev": "49", "status": "0", "success": "True", "message": "Optimization terminated successfully.", "x": "[-0.47176028  3.70695913  0.59438939  3.90863464  4.40386299  5.643705  ]", "nit": "41", "callback": [0.844008918051488, 0.8182308043964909, 0.8109109378355872, 0.7979839824043554, 0.7799051075081165, 0.7726762012081224, 0.7656283687590687, 0.7532854309232648, 0.7330846987662194, 0.7124806856157498, 0.7038709253838829, 0.7001170750946947, 0.6946889672156091, 0.6546509783997578, 0.6524392122152772, 0.6339352210264297, 0.5985378571057521, 0.5346857640570288, 0.4860200673521432, 0.462561339988791, 0.446886637847277, 0.43439134780308963, 0.42269947233381244, 0.40235929607920895, 0.3653723157750145, 0.3313722403920737, 0.30096932109774277, 0.29452663035686877, 0.2901884602211723, 0.2889163073116331, 0.28831141855748443, 0.2878843989065354, 0.2878553674172388, 0.2878458604155365, 0.28782984529388245, 0.2878094565633277, 0.28780555799372487, 0.2878048040615051, 0.28780474800270817, 0.28780474743106943, 0.2878047474110239]}, "5": {"maxiter": 100, "gtol": 1e-10, "xrtol": 1e-05, "eps": 1e-10, "duration": 0.12187480926513672, "fun": "0.2878047473529217", "jac": "[ 0.00000000e+00  2.22044587e-06  2.22044587e-06 -2.22044587e-06\n  1.11022293e-06  1.11022293e-06]", "hess_inv": "[[ 9.22084311e+00 -1.63141808e+00  6.17078073e+00  5.34317398e+00\n   4.17763950e+00 -3.86762349e+00]\n [-1.63141808e+00  1.50961038e+01 -1.44618762e+01  7.12665965e-02\n  -2.66129062e+00  1.43922141e-02]\n [ 6.17078073e+00 -1.44618762e+01  2.01316624e+01  3.63559508e+00\n   3.82975269e+00 -4.19086857e+00]\n [ 5.34317398e+00  7.12665965e-02  3.63559508e+00  6.50968802e+00\n   1.68061691e+00 -3.51099261e+00]\n [ 4.17763950e+00 -2.66129062e+00  3.82975269e+00  1.68061691e+00\n   9.01058560e+00  3.63426850e+00]\n [-3.86762349e+00  1.43922141e-02 -4.19086857e+00 -3.51099261e+00\n   3.63426850e+00  9.09392515e+00]]", "nfev": "357", "njev": "51", "status": "0", "success": "True", "message": "Optimization terminated successfully.", "x": "[-0.47171463  3.70697264  0.59440541  3.90866311  4.40390413  5.64370235]", "nit": "41", "callback": [0.8440091806386811, 0.8182309956548598, 0.8109110319693216, 0.797984003378321, 0.7799056342785223, 0.7726772285117214, 0.7656286827236, 0.7532842636298458, 0.7330813446636122, 0.7124789637068922, 0.7038706149594238, 0.7001172694309067, 0.6946899293481255, 0.6546604278534094, 0.6524488688003028, 0.6339451129381586, 0.5985497891978112, 0.5347015735420477, 0.48603375087259837, 0.46257251406433475, 0.4468943069397736, 0.43439802612921363, 0.42270649386937453, 0.4023672131357444, 0.36538010084456596, 0.33134899619403935, 0.3009559550004832, 0.2945054503037773, 0.2902088102895487, 0.28891647772826023, 0.2883131094487261, 0.28788542217268065, 0.28785533542491026, 0.28784594991636625, 0.2878300768859795, 0.28780966820703, 0.2878055682302305, 0.2878048166564784, 0.28780474796029276, 0.2878047473582027, 0.2878047473529217]}, "6": {"maxiter": 100, "gtol": 1e-10, "xrtol": 1e-10, "eps": 1e-05, "duration": 0.11885809898376465, "fun": "0.28780474741034245", "jac": "[2.22044605e-11 6.66133815e-11 3.33066907e-11 6.66133815e-11\n 2.22044605e-11 3.33066907e-11]", "hess_inv": "[[  9.02074143  -1.15620758   5.31398972   4.90440253   3.55548086\n   -4.14937445]\n [ -1.15620758  14.34961168 -13.30532935   0.57088526  -1.55337752\n    0.45710799]\n [  5.31398972 -13.30532935  18.55773681   3.2431792    2.42685258\n   -4.43461986]\n [  4.90440253   0.57088526   3.2431792    6.64778299   1.36707231\n   -3.21349071]\n [  3.55548086  -1.55337752   2.42685258   1.36707231   7.95752327\n    3.50034073]\n [ -4.14937445   0.45710799  -4.43461986  -3.21349071   3.50034073\n    9.42932477]]", "nfev": "364", "njev": "52", "status": "0", "success": "True", "message": "Optimization terminated successfully.", "x": "[-0.47176017  3.70695915  0.59438948  3.90863473  4.40386308  5.64370501]", "nit": "44", "callback": [0.844008918051488, 0.8182308043964909, 0.8109109378355872, 0.7979839824043554, 0.7799051075081165, 0.7726762012081224, 0.7656283687590687, 0.7532854309232648, 0.7330846987662194, 0.7124806856157498, 0.7038709253838829, 0.7001170750946947, 0.6946889672156091, 0.6546509783997578, 0.6524392122152772, 0.6339352210264297, 0.5985378571057521, 0.5346857640570288, 0.4860200673521432, 0.462561339988791, 0.446886637847277, 0.43439134780308963, 0.42269947233381244, 0.40235929607920895, 0.3653723157750145, 0.3313722403920737, 0.30096932109774277, 0.29452663035686877, 0.2901884602211723, 0.2889163073116331, 0.28831141855748443, 0.2878843989065354, 0.2878553674172388, 0.2878458604155365, 0.28782984529388245, 0.2878094565633277, 0.28780555799372487, 0.2878048040615051, 0.28780474800270817, 0.28780474743106943, 0.2878047474110239, 0.28780474741035644, 0.2878047474103451, 0.28780474741034245]}, "7": {"maxiter": 100, "gtol": 1e-10, "xrtol": 1e-10, "eps": 1e-10, "duration": 0.2771141529083252, "fun": "0.2878047473403166", "jac": "[ 0.00000000e+00  1.11022293e-06  0.00000000e+00  0.00000000e+00\n -2.22044587e-06  1.11022293e-06]", "hess_inv": "[[ 4.03978005  0.91090401  1.81179128  1.8306408   0.96246569 -0.86410099]\n [ 0.91090401  2.89438457 -4.37937774 -0.17861628  2.41427947  3.42860971]\n [ 1.81179128 -4.37937774 10.17926761  1.95396359 -3.79390727 -7.37361413]\n [ 1.8306408  -0.17861628  1.95396359  2.46566321  0.48147473 -0.04643091]\n [ 0.96246569  2.41427947 -3.79390727  0.48147473  5.43042178  5.19246939]\n [-0.86410099  3.42860971 -7.37361413 -0.04643091  5.19246939  8.14121339]]", "nfev": "781", "njev": "110", "status": "2", "success": "False", "message": "Desired error not necessarily achieved due to precision loss.", "x": "[-0.47171951  3.70696551  0.59441067  3.90866361  4.40388806  5.64369205]", "nit": "45", "callback": [0.8440091806386811, 0.8182309956548598, 0.8109110319693216, 0.797984003378321, 0.7799056342785223, 0.7726772285117214, 0.7656286827236, 0.7532842636298458, 0.7330813446636122, 0.7124789637068922, 0.7038706149594238, 0.7001172694309067, 0.6946899293481255, 0.6546604278534094, 0.6524488688003028, 0.6339451129381586, 0.5985497891978112, 0.5347015735420477, 0.48603375087259837, 0.46257251406433475, 0.4468943069397736, 0.43439802612921363, 0.42270649386937453, 0.4023672131357444, 0.36538010084456596, 0.33134899619403935, 0.3009559550004832, 0.2945054503037773, 0.2902088102895487, 0.28891647772826023, 0.2883131094487261, 0.28788542217268065, 0.28785533542491026, 0.28784594991636625, 0.2878300768859795, 0.28780966820703, 0.2878055682302305, 0.2878048166564784, 0.28780474796029276, 0.2878047473582027, 0.2878047473529217, 0.2878047473517785, 0.28780474735142336, 0.28780474734388906, 0.2878047473403166]}, "8": {"maxiter": 500, "gtol": 1e-05, "xrtol": 1e-05, "eps": 1e-05, "duration": 0.10617780685424805, "fun": "0.28780474800270817", "jac": "[-1.35325084e-07  6