{"date": "2024/10/08/, 20:55:23", "conf_id": 29, "data_type": "random\n", "num_data_points": 2, "s_rank": 0, "unitary": "[[-0.24866696+0.58742286j,-0.44704345-0.43151574j,-0.35669027-0.20570733j,-0.10517633+0.1626036j],[0.10596805-0.19687975j,-0.30269685-0.15056416j,0.18246286+0.30440582j,-0.83484447-0.11310748j],[0.26054512-0.52548482j,0.0285017-0.50723956j,-0.43110112+0.17165838j,0.15243271+0.39915801j],[0.42978035+0.11991271j,-0.17224126-0.46030424j,0.6827807-0.15164662j,0.26483638+0.0061855j]]", "databatch_0": {"databatch": "[[[0.06621507-0.17891075j,0.01002237-0.02748951j,0.04498151-0.00305015j,-0.01166769-0.0968063j],[-0.2486384+0.67273031j,-0.01033233+0.1390138j,-0.1499171-0.02749768j,0.06387079+0.40707889j],[0.17861093+0.18060205j,-0.00914861+0.07266497j,0.03328978+0.06841132j,0.07501052+0.0783763j],[-0.02078083+0.16423466j,-0.05826693-0.17434476j,-0.18683896+0.14523209j,0.01853125-0.13923474j]],[[-0.07384579-0.03203949j,-0.24369597+0.0961282j,0.30072282+0.2981178j,0.04047496+0.09338703j],[-0.07108637+0.09320717j,-0.05219237+0.27686544j,0.38808347-0.09640143j,-0.04054691-0.0512136j],[0.03481192-0.01037106j,-0.08688432-0.06527719j,-0.0632813+0.22358243j,-0.16161798+0.13110296j],[-0.0533935+0.01801996j,-0.02305813+0.27301546j,0.46598273-0.13455987j,0.21048993+0.09852648j]]]", "initial param values": "[0.26497942,3.58913709,1.67387211,4.428955,0.73468443,4.94462171]", "nelder_mead": {"type": "gradient-free", "0": {"maxiter": 100, "fatol": 1e-05, "xatol": 1e-05, "duration": 0.04515814781188965, "fun": "0.45454432066432293", "nit": "100", "nfev": "163", "status": "2", "success": "False", "message": "Maximum number of iterations has been exceeded.", "x": "[0.15346931 3.67882463 0.99859443 5.80210111 0.74013602 3.69045174]", "final_simplex": "(array([[0.15346931, 3.67882463, 0.99859443, 5.80210111, 0.74013602,\n        3.69045174],\n       [0.15371722, 3.68891282, 0.99581429, 5.81489469, 0.73794592,\n        3.69330125],\n       [0.15267089, 3.67757848, 0.99075798, 5.8100662 , 0.73980207,\n        3.68982625],\n       [0.15446453, 3.67845987, 0.9949098 , 5.79800254, 0.74125883,\n        3.68634896],\n       [0.15381676, 3.67752753, 1.00512122, 5.80186085, 0.7396392 ,\n        3.68789877],\n       [0.15168941, 3.68287812, 0.99620578, 5.82196265, 0.73776394,\n        3.70228113],\n       [0.15386813, 3.68452996, 1.00434544, 5.81394626, 0.73905232,\n        3.68372464]]), array([0.45454432, 0.45456459, 0.45458807, 0.45459441, 0.45460036,\n       0.4546042 , 0.45460492]))", "callback": [0.6681006211430547, 0.5174045305955537, 0.5132595503932476, 0.4873926406079703, 0.4820391194926683, 0.46240294362238776, 0.45521444411577183, 0.45495125273525006, 0.4546855000687886, 0.45458807204346596]}, "1": {"maxiter": 100, "fatol": 1e-05, "xatol": 1e-10, "duration": 0.04521799087524414, "fun": "0.45454432066432293", "nit": "100", "nfev": "163", "status": "2", "success": "False", "message": "Maximum number of iterations has been exceeded.", "x": "[0.15346931 3.67882463 0.99859443 5.80210111 0.74013602 3.69045174]", "final_simplex": "(array([[0.15346931, 3.67882463, 0.99859443, 5.80210111, 0.74013602,\n        3.69045174],\n       [0.15371722, 3.68891282, 0.99581429, 5.81489469, 0.73794592,\n        3.69330125],\n       [0.15267089, 3.67757848, 0.99075798, 5.8100662 , 0.73980207,\n        3.68982625],\n       [0.15446453, 3.67845987, 0.9949098 , 5.79800254, 0.74125883,\n        3.68634896],\n       [0.15381676, 3.67752753, 1.00512122, 5.80186085, 0.7396392 ,\n        3.68789877],\n       [0.15168941, 3.68287812, 0.99620578, 5.82196265, 0.73776394,\n        3.70228113],\n       [0.15386813, 3.68452996, 1.00434544, 5.81394626, 0.73905232,\n        3.68372464]]), array([0.45454432, 0.45456459, 0.45458807, 0.45459441, 0.45460036,\n       0.4546042 , 0.45460492]))", "callback": [0.6681006211430547, 0.5174045305955537, 0.5132595503932476, 0.4873926406079703, 0.4820391194926683, 0.46240294362238776, 0.45521444411577183, 0.45495125273525006, 0.4546855000687886, 0.45458807204346596]}, "2": {"maxiter": 100, "fatol": 1e-10, "xatol": 1e-05, "duration": 0.0390009880065918, "fun": "0.45454432066432293", "nit": "100", "nfev": "163", "status": "2", "success": "False", "message": "Maximum number of iterations has been exceeded.", "x": "[0.15346931 3.67882463 0.99859443 5.80210111 0.74013602 3.69045174]", "final_simplex": "(array([[0.15346931, 3.67882463, 0.99859443, 5.80210111, 0.74013602,\n        3.69045174],\n       [0.15371722, 3.68891282, 0.99581429, 5.81489469, 0.73794592,\n        3.69330125],\n       [0.15267089, 3.67757848, 0.99075798, 5.8100662 , 0.73980207,\n        3.68982625],\n       [0.15446453, 3.67845987, 0.9949098 , 5.79800254, 0.74125883,\n        3.68634896],\n       [0.15381676, 3.67752753, 1.00512122, 5.80186085, 0.7396392 ,\n        3.68789877],\n       [0.15168941, 3.68287812, 0.99620578, 5.82196265, 0.73776394,\n        3.70228113],\n       [0.15386813, 3.68452996, 1.00434544, 5.81394626, 0.73905232,\n        3.68372464]]), array([0.45454432, 0.45456459, 0.45458807, 0.45459441, 0.45460036,\n       0.4546042 , 0.45460492]))", "callback": [0.6681006211430547, 0.5174045305955537, 0.5132595503932476, 0.4873926406079703, 0.4820391194926683, 0.46240294362238776, 0.45521444411577183, 0.45495125273525006, 0.4546855000687886, 0.45458807204346596]}, "3": {"maxiter": 100, "fatol": 1e-10, "xatol": 1e-10, "duration": 0.04093480110168457, "fun": "0.45454432066432293", "nit": "100", "nfev": "163", "status": "2", "success": "False", "message": "Maximum number of iterations has been exceeded.", "x": "[0.15346931 3.67882463 0.99859443 5.80210111 0.74013602 3.69045174]", "final_simplex": "(array([[0.15346931, 3.67882463, 0.99859443, 5.80210111, 0.74013602,\n        3.69045174],\n       [0.15371722, 3.68891282, 0.99581429, 5.81489469, 0.73794592,\n        3.69330125],\n       [0.15267089, 3.67757848, 0.99075798, 5.8100662 , 0.73980207,\n        3.68982625],\n       [0.15446453, 3.67845987, 0.9949098 , 5.79800254, 0.74125883,\n        3.68634896],\n       [0.15381676, 3.67752753, 1.00512122, 5.80186085, 0.7396392 ,\n        3.68789877],\n       [0.15168941, 3.68287812, 0.99620578, 5.82196265, 0.73776394,\n        3.70228113],\n       [0.15386813, 3.68452996, 1.00434544, 5.81394626, 0.73905232,\n        3.68372464]]), array([0.45454432, 0.45456459, 0.45458807, 0.45459441, 0.45460036,\n       0.4546042 , 0.45460492]))", "callback": [0.6681006211430547, 0.5174045305955537, 0.5132595503932476, 0.4873926406079703, 0.4820391194926683, 0.46240294362238776, 0.45521444411577183, 0.45495125273525006, 0.4546855000687886, 0.45458807204346596]}, "4": {"maxiter": 500, "fatol": 1e-05, "xatol": 1e-05, "duration": 0.2182939052581787, "fun": "0.27404475196747335", "nit": "500", "nfev": "761", "status": "2", "success": "False", "message": "Maximum number of iterations has been exceeded.", "x": "[0.64005143 5.35991597 0.89744443 4.37361098 1.67787659 1.77439046]", "final_simplex": "(array([[0.64005143, 5.35991597, 0.89744443, 4.37361098, 1.67787659,\n        1.77439046],\n       [0.63868366, 5.36019607, 0.8916398 , 4.38084869, 1.67962942,\n        1.77830934],\n       [0.63921238, 5.37058234, 0.88646562, 4.37592227, 1.67436828,\n        1.77344468],\n       [0.63777118, 5.36341356, 0.88477149, 4.37311708, 1.67579107,\n        1.77998234],\n       [0.63828496, 5.36192647, 0.89227355, 4.37543135, 1.67468334,\n        1.78135099],\n       [0.64036749, 5.36676268, 0.89252138, 4.3732823 , 1.68184896,\n        1.77738399],\n       [0.6398676 , 5.36680643, 0.8935589 , 4.37535979, 1.6771625 ,\n        1.77356495]]), array([0.27404475, 0.27405988, 0.27406625, 0.27407342, 0.27407469,\n       0.27407507, 0.27407746]))", "callback": [0.6681006211430547, 0.5174045305955537, 0.5132595503932476, 0.4873926406079703, 0.4820391194926683, 0.46240294362238776, 0.45521444411577183, 0.45495125273525006, 0.4546855000687886, 0.45458807204346596, 0.45454432066432293, 0.4542035124569368, 0.452298844530016, 0.44392573582454364, 0.4328436952372001, 0.41953778035407097, 0.4169541979865101, 0.41679783837781414, 0.41609015712808217, 0.4138597988874704, 0.4112544448035046, 0.4032670227244832, 0.3574240427512896, 0.3163702171170788, 0.29561160150379306, 0.2944847960710937, 0.29386184420155237, 0.2937361441683688, 0.2935545825739516, 0.29331864174096367, 0.29289056547246584, 0.2903575457092362, 0.28660676976453514, 0.27736802376699055, 0.2747465952643974, 0.2747465952643974, 0.27424348626725903, 0.2741763226693391, 0.2741566939755159, 0.274154401198893, 0.27415396230322586, 0.2741536510047169, 0.2741530240320884, 0.27415048638058626, 0.27414378012374474, 0.27413576134230244, 0.27413013579926915, 0.2741165587837854, 0.2740970380286649, 0.27407745929144167]}, "5": {"maxiter": 500, "fatol": 1e-05, "xatol": 1e-10, "duration": 0.20869207382202148, "fun": "0.27404475196747335", "nit": "500", "nfev": "761", "status": "2", "success": "False", "message": "Maximum number of iterations has been exceeded.", "x": "[0.64005143 5.35991597 0.89744443 4.37361098 1.67787659 1.77439046]", "final_simplex": "(array([[0.64005143, 5.35991597, 0.89744443, 4.37361098, 1.67787659,\n        1.77439046],\n       [0.63868366, 5.36019607, 0.8916398 , 4.38084869, 1.67962942,\n        1.77830934],\n       [0.63921238, 5.37058234, 0.88646562, 4.37592227, 1.67436828,\n        1.77344468],\n       [0.63777118, 5.36341356, 0.88477149, 4.37311708, 1.67579107,\n        1.77998234],\n       [0.63828496, 5.36192647, 0.89227355, 4.37543135, 1.67468334,\n        1.78135099],\n       [0.64036749, 5.36676268, 0.89252138, 4.3732823 , 1.68184896,\n        1.77738399],\n       [0.6398676 , 5.36680643, 0.8935589 , 4.37535979, 1.6771625 ,\n        1.77356495]]), array([0.27404475, 0.27405988, 0.27406625, 0.27407342, 0.27407469,\n       0.27407507, 0.27407746]))", "callback": [0.6681006211430547, 0.5174045305955537, 0.5132595503932476, 0.4873926406079703, 0.4820391194926683, 0.46240294362238776, 0.45521444411577183, 0.45495125273525006, 0.4546855000687886, 0.45458807204346596, 0.45454432066432293, 0.4542035124569368, 0.452298844530016, 0.44392573582454364, 0.4328436952372001, 0.41953778035407097, 0.4169541979865101, 0.41679783837781414, 0.41609015712808217, 0.4138597988874704, 0.4112544448035046, 0.4032670227244832, 0.3574240427512896, 0.3163702171170788, 0.29561160150379306, 0.2944847960710937, 0.29386184420155237, 0.2937361441683688, 0.2935545825739516, 0.29331864174096367, 0.29289056547246584, 0.2903575457092362, 0.28660676976453514, 0.27736802376699055, 0.2747465952643974, 0.2747465952643974, 0.27424348626725903, 0.2741763226693391, 0.2741566939755159, 0.274154401198893, 0.27415396230322586, 0.2741536510047169, 0.2741530240320884, 0.27415048638058626, 0.27414378012374474, 0.27413576134230244, 0.27413013579926915, 0.2741165587837854, 0.2740970380286649, 0.27407745929144167]}, "6": {"maxiter": 500, "fatol": 1e-10, "xatol": 1e-05, "duration": 0.21608805656433105, "fun": "0.27404475196747335", "nit": "500", "nfev": "761", "status": "2", "success": "False", "message": "Maximum number of iterations has been exceeded.", "x": "[0.64005143 5.35991597 0.89744443 4.37361098 1.67787659 1.77439046]", "final_simplex": "(array([[0.64005143, 5.35991597, 0.89744443, 4.37361098, 1.67787659,\n        1.77439046],\n       [0.63868366, 5.36019607, 0.8916398 , 4.38084869, 1.67962942,\n        1.77830934],\n       [0.63921238, 5.37058234, 0.88646562, 4.37592227, 1.67436828,\n        1.77344468],\n       [0.63777118, 5.36341356, 0.88477149, 4.37311708, 1.67579107,\n        1.77998234],\n       [0.63828496, 5.36192647, 0.89227355, 4.37543135, 1.67468334,\n        1.78135099],\n       [0.64036749, 5.36676268, 0.89252138, 4.3732823 , 1.68184896,\n        1.77738399],\n       [0.6398676 , 5.36680643, 0.8935589 , 4.37535979, 1.6771625 ,\n        1.77356495]]), array([0.27404475, 0.27405988, 0.27406625, 0.27407342, 0.27407469,\n       0.27407507, 0.27407746]))", "callback": [0.6681006211430547, 0.5174045305955537, 0.5132595503932476, 0.4873926406079703, 0.4820391194926683, 0.46240294362238776, 0.45521444411577183, 0.45495125273525006, 0.4546855000687886, 0.45458807204346596, 0.45454432066432293, 0.4542035124569368, 0.452298844530016, 0.44392573582454364, 0.4328436952372001, 0.41953778035407097, 0.4169541979865101, 0.41679783837781414, 0.41609015712808217, 0.4138597988874704, 0.4112544448035046, 0.4032670227244832, 0.3574240427512896, 0.3163702171170788, 0.29561160150379306, 0.2944847960710937, 0.29386184420155237, 0.2937361441683688, 0.2935545825739516, 0.29331864174096367, 0.29289056547246584, 0.2903575457092362, 0.28660676976453514, 0.27736802376699055, 0.2747465952643974, 0.2747465952643974, 0.27424348626725903, 0.2741763226693391, 0.2741566939755159, 0.274154401198893, 0.27415396230322586, 0.2741536510047169, 0.2741530240320884, 0.27415048638058626, 0.27414378012374474, 0.27413576134230244, 0.27413013579926915, 0.2741165587837854, 0.2740970380286649, 0.27407745929144167]}, "7": {"maxiter": 500, "fatol": 1e-10, "xatol": 1e-10, "duration": 0.21590113639831543, "fun": "0.27404475196747335", "nit": "500", "nfev": "761", "status": "2", "success": "False", "message": "Maximum number of iterations has been exceeded.", "x": "[0.64005143 5.35991597 0.89744443 4.37361098 1.67787659 1.77439046]", "final_simplex": "(array([[0.64005143, 5.35991597, 0.89744443, 4.37361098, 1.67787659,\n        1.77439046],\n       [0.63868366, 5.36019607, 0.8916398 , 4.38084869, 1.67962942,\n        1.77830934],\n       [0.63921238, 5.37058234, 0.88646562, 4.37592227, 1.67436828,\n        1.77344468],\n       [0.63777118, 5.36341356, 0.88477149, 4.37311708, 1.67579107,\n        1.77998234],\n       [0.63828496, 5.36192647, 0.89227355, 4.37543135, 1.67468334,\n        1.78135099],\n       [0.64036749, 5.36676268, 0.89252138, 4.3732823 , 1.68184896,\n        1.77738399],\n       [0.6398676 , 5.36680643, 0.8935589 , 4.37535979, 1.6771625 ,\n        1.77356495]]), array([0.27404475, 0.27405988, 0.27406625, 0.27407342, 0.27407469,\n       0.27407507, 0.27407746]))", "callback": [0.6681006211430547, 0.5174045305955537, 0.5132595503932476, 0.4873926406079703, 0.4820391194926683, 0.46240294362238776, 0.45521444411577183, 0.45495125273525006, 0.4546855000687886, 0.45458807204346596, 0.45454432066432293, 0.4542035124569368, 0.452298844530016, 0.44392573582454364, 0.4328436952372001, 0.41953778035407097, 0.4169541979865101, 0.41679783837781414, 0.41609015712808217, 0.4138597988874704, 0.4112544448035046, 0.4032670227244832, 0.3574240427512896, 0.3163702171170788, 0.29561160150379306, 0.2944847960710937, 0.29386184420155237, 0.2937361441683688, 0.2935545825739516, 0.29331864174096367, 0.29289056547246584, 0.2903575457092362, 0.28660676976453514, 0.27736802376699055, 0.2747465952643974, 0.2747465952643974, 0.27424348626725903, 0.2741763226693391, 0.2741566939755159, 0.274154401198893, 0.27415396230322586, 0.2741536510047169, 0.2741530240320884, 0.27415048638058626, 0.27414378012374474, 0.27413576134230244, 0.27413013579926915, 0.2741165587837854, 0.2740970380286649, 0.27407745929144167]}, "8": {"maxiter": 1000, "fatol": 1e-05, "xatol": 1e-05, "duration": 0.3221278190612793, "fun": "0.26634996933552435", "nit": "713", "nfev": "1105", "status": "0", "success": "True", "message": "Optimization terminated successfully.", "x": "[0.88285722 5.26865142 0.96046997 4.36090842 1.6426625  1.81395997]", "final_simplex": "(array([[0.88285722, 5.26865142, 0.96046997, 4.36090842, 1.6426625 ,\n        1.81395997],\n       [0.88286147, 5.26865465, 0.96046817, 4.36091373, 1.6426645 ,\n        1.81396363],\n       [0.8828629 , 5.26864839, 0.96047146, 4.36090617, 1.64266155,\n        1.81396523],\n       [0.88286049, 5.2686613 , 0.96046651, 4.36090941, 1.64266616,\n        1.81395987],\n       [0.88286244, 5.26865327, 0.96046116, 4.36091232, 1.64266537,\n        1.81396747],\n       [0.88286307, 5.26864555, 0.96047433, 4.36090654, 1.64266285,\n        1.81396871],\n       [0.88285994, 5.26865615, 0.96046226, 4.36091168, 1.6426598 ,\n        1.8139671 ]]), array([0.26634997, 0.26634997, 0.26634997, 0.26634997, 0.26634997,\n       0.26634997, 0.26634997]))", "callback": [0.6681006211430547, 0.5174045305955537, 0.5132595503932476, 0.4873926406079703, 0.4820391194926683, 0.46240294362238776, 0.45521444411577183, 0.45495125273525006, 0.4546855000687886, 0.45458807204346596, 0.45454432066432293, 0.4542035124569368, 0.452298844530016, 0.44392573582454364, 0.4328436952372001, 0.41953778035407097, 0.4169541979865101, 0.41679783837781414, 0.41609015712808217, 0.4138597988874704, 0.4112544448035046, 0.4032670227244832, 0.3574240427512896, 0.3163702171170788, 0.29561160150379306, 0.2944847960710937, 0.29386184420155237, 0.2937361441683688, 0.2935545825739516, 0.29331864174096367, 0.29289056547246584, 0.2903575457092362, 0.28660676976453514, 0.27736802376699055, 0.2747465952643974, 0.2747465952643974, 0.27424348626725903, 0.2741763226693391, 0.2741566939755159, 0.274154401198893, 0.27415396230322586, 0.2741536510047169, 0.2741530240320884, 0.27415048638058626, 0.27414378012374474, 0.27413576134230244, 0.27413013579926915, 0.2741165587837854, 0.2740970380286649, 0.27407745929144167, 0.27404475196747335, 0.27397856251726893, 0.27375179867679433, 0.2733991831352591, 0.2713616710796498, 0.2691787315419254, 0.26711175973335444, 0.2668568389504601, 0.2665455889779552, 0.26641404353170706, 0.26636937722915344, 0.26635365495126107, 0.26635046997774703, 0.26635002246309825, 0.2663499999802803, 0.2663499721540159, 0.26634997034637187, 0.26634996972628644, 0.26634996945672174, 0.2663499693610143, 0.2663499693381334, 0.26634996933552435]}, "9": {"maxiter": 1000, "fatol": 1e-05, "xatol": 1e-10, "duration": 0.3799581527709961, "fun": "0.2663499693306691", "nit": "848", "nfev": "1379", "status": "0", "success": "True", "message": "Optimization terminated successfully.", "x": "[0.88285727 5.26865313 0.96046711 4.36090996 1.64266647 1.81396529]", "final_simplex": "(array([[0.88285727, 5.26865313, 0.96046711, 4.36090996, 1.64266647,\n        1.81396529],\n       [0.88285727, 5.26865313, 0.96046711, 4.36090996, 1.64266647,\n        1.81396529],\n       [0.88285727, 5.26865313, 0.96046711, 4.36090996, 1.64266647,\n        1.81396529],\n       [0.88285727, 5.26865313, 0.96046711, 4.36090996, 1.64266647,\n        1.81396529],\n       [0.88285727, 5.26865313, 0.96046711, 4.36090996, 1.64266647,\n        1.81396529],\n       [0.88285727, 5.26865313, 0.96046711, 4.36090996, 1.64266647,\n        1.81396529],\n       [0.88285727, 5.26865313, 0.96046711, 4.36090996, 1.64266647,\n        1.81396529]]), array([0.26634997, 0.26634997, 0.26634997, 0.26634997, 0.26634997,\n       0.26634997, 0.26634997]))", "callback": [0.6681006211430547, 0.5174045305955537, 0.5132595503932476, 0.4873926406079703, 0.4820391194926683, 0.46240294362238776, 0.45521444411577183, 0.45495125273525006, 0.4546855000687886, 0.45458807204346596, 0.45454432066432293, 0.4542035124569368, 0.452298844530016, 0.44392573582454364, 0.4328436952372001, 0.41953778035407097, 0.4169541979865101, 0.41679783837781414, 0.41609015712808217, 0.4138597988874704, 0.4112544448035046, 0.4032670227244832, 0.3574240427512896, 0.3163702171170788, 0.29561160150379306, 0.2944847960710937, 0.29386184420155237, 0.2937361441683688, 0.2935545825739516, 0.29331864174096367, 0.29289056547246584, 0.2903575457092362, 0.28660676976453514, 0.27736802376699055, 0.2747465952643974, 0.2747465952643974, 0.27424348626725903, 0.2741763226693391, 0.2741566939755159, 0.274154401198893, 0.27415396230322586, 0.2741536510047169, 0.2741530240320884, 0.27415048638058626, 0.27414378012374474, 0.27413576134230244, 0.27413013579926915, 0.2741165587837854, 0.2740970380286649, 0.27407745929144167, 0.27404475196747335, 0.27397856251726893, 0.27375179867679433, 0.2733991831352591, 0.2713616710796498, 0.2691787315419254, 0.26711175973335444, 0.2668568389504601, 0.2665455889779552, 0.26641404353170706, 0.26636937722915344, 0.26635365495126107, 0.26635046997774703, 0.26635002246309825, 0.2663499999802803, 0.2663499721540159, 0.26634997034637187, 0.26634996972628644, 0.26634996945672174, 0.2663499693610143, 0.2663499693381334, 0.26634996933552435, 0.2663499693333714, 0.26634996933238386, 0.2663499693314333, 0.26634996933099, 0.2663499693308494, 0.266349969330706, 0.26634996933068167, 0.26634996933067334, 0.2663499693306708, 0.2663499693306698, 0.26634996933066946, 0.2663499693306691, 0.2663499693306691]}, "10": {"maxiter": 1000, "fatol": 1e-10, "xatol": 1e-05, "duration": 0.308413028717041, "fun": "0.26634996933552435", "nit": "713", "nfev": "1105", "status": "0", "success": "True", "message": "Optimization terminated successfully.", "x": "[0.88285722 5.26865142 0.96046997 4.36090842 1.6426625  1.81395997]", "final_simplex": "(array([[0.88285722, 5.26865142, 0.96046997, 4.36090842, 1.6426625 ,\n        1.81395997],\n       [0.88286147, 5.26865465, 0.96046817, 4.36091373, 1.6426645 ,\n        1.81396363],\n       [0.8828629 , 5.26864839, 0.96047146, 4.36090617, 1.64266155,\n        1.81396523],\n       [0.88286049, 5.2686613 , 0.96046651, 4.36090941, 1.64266616,\n        1.81395987],\n       [0.88286244, 5.26865327, 0.96046116, 4.36091232, 1.64266537,\n        1.81396747],\n       [0.88286307, 5.26864555, 0.96047433, 4.36090654, 1.64266285,\n        1.81396871],\n       [0.88285994, 5.26865615, 0.96046226, 4.36091168, 1.6426598 ,\n        1.8139671 ]]), array([0.26634997, 0.26634997, 0.26634997, 0.26634997, 0.26634997,\n       0.26634997, 0.26634997]))", "callback": [0.6681006211430547, 0.5174045305955537, 0.5132595503932476, 0.4873926406079703, 0.4820391194926683, 0.46240294362238776, 0.45521444411577183, 0.45495125273525006, 0.4546855000687886, 0.45458807204346596, 0.45454432066432293, 0.4542035124569368, 0.452298844530016, 0.44392573582454364, 0.4328436952372001, 0.41953778035407097, 0.4169541979865101, 0.41679783837781414, 0.41609015712808217, 0.4138597988874704, 0.4112544448035046, 0.4032670227244832, 0.3574240427512896, 0.3163702171170788, 0.29561160150379306, 0.2944847960710937, 0.29386184420155237, 0.2937361441683688, 0.2935545825739516, 0.29331864174096367, 0.29289056547246584, 0.2903575457092362, 0.28660676976453514, 0.27736802376699055, 0.2747465952643974, 0.2747465952643974, 0.27424348626725903, 0.2741763226693391, 0.2741566939755159, 0.274154401198893, 0.27415396230322586, 0.2741536510047169, 0.2741530240320884, 0.27415048638058626, 0.27414378012374474, 0.27413576134230244, 0.27413013579926915, 0.2741165587837854, 0.2740970380286649, 0.27407745929144167, 0.27404475196747335, 0.27397856251726893, 0.27375179867679433, 0.2733991831352591, 0.2713616710796498, 0.2691787315419254, 0.26711175973335444, 0.2668568389504601, 0.2665455889779552, 0.26641404353170706, 0.26636937722915344, 0.26635365495126107, 0.26635046997774703, 0.26635002246309825, 0.2663499999802803, 0.2663499721540159, 0.26634997034637187, 0.26634996972628644, 0.26634996945672174, 0.2663499693610143, 0.2663499693381334, 0.26634996933552435]}, "11": {"maxiter": 1000, "fatol": 1e-10, "xatol": 1e-10, "duration": 0.3873732089996338, "fun": "0.2663499693306691", "nit": "848", "nfev": "1379", "status": "0", "success": "True", "message": "Optimization terminated successfully.", "x": "[0.88285727 5.26865313 0.96046711 4.36090996 1.64266647 1.81396529]", "final_simplex": "(array([[0.88285727, 5.26865313, 0.96046711, 4.36090996, 1.64266647,\n        1.81396529],\n       [0.88285727, 5.26865313, 0.96046711, 4.36090996, 1.64266647,\n        1.81396529],\n       [0.88285727, 5.26865313, 0.96046711, 4.36090996, 1.64266647,\n        1.81396529],\n       [0.88285727, 5.26865313, 0.96046711, 4.36090996, 1.64266647,\n        1.81396529],\n       [0.88285727, 5.26865313, 0.96046711, 4.36090996, 1.64266647,\n        1.81396529],\n       [0.88285727, 5.26865313, 0.96046711, 4.36090996, 1.64266647,\n        1.81396529],\n       [0.88285727, 5.26865313, 0.96046711, 4.36090996, 1.64266647,\n        1.81396529]]), array([0.26634997, 0.26634997, 0.26634997, 0.26634997, 0.26634997,\n       0.26634997, 0.26634997]))", "callback": [0.6681006211430547, 0.5174045305955537, 0.5132595503932476, 0.4873926406079703, 0.4820391194926683, 0.46240294362238776, 0.45521444411577183, 0.45495125273525006, 0.4546855000687886, 0.45458807204346596, 0.45454432066432293, 0.4542035124569368, 0.452298844530016, 0.44392573582454364, 0.4328436952372001, 0.41953778035407097, 0.4169541979865101, 0.41679783837781414, 0.41609015712808217, 0.4138597988874704, 0.4112544448035046, 0.4032670227244832, 0.3574240427512896, 0.3163702171170788, 0.29561160150379306, 0.2944847960710937, 0.29386184420155237, 0.2937361441683688, 0.2935545825739516, 0.29331864174096367, 0.29289056547246584, 0.2903575457092362, 0.28660676976453514, 0.27736802376699055, 0.2747465952643974, 0.2747465952643974, 0.27424348626725903, 0.2741763226693391, 0.2741566939755159, 0.274154401198893, 0.27415396230322586, 0.2741536510047169, 0.2741530240320884, 0.27415048638058626, 0.27414378012374474, 0.27413576134230244, 0.27413013579926915, 0.2741165587837854, 0.2740970380286649, 0.27407745929144167, 0.27404475196747335, 0.27397856251726893, 0.27375179867679433, 0.2733991831352591, 0.2713616710796498, 0.2691787315419254, 0.26711175973335444, 0.2668568389504601, 0.2665455889779552, 0.26641404353170706, 0.26636937722915344, 0.26635365495126107, 0.26635046997774703, 0.26635002246309825, 0.2663499999802803, 0.2663499721540159, 0.26634997034637187, 0.26634996972628644, 0.26634996945672174, 0.2663499693610143, 0.2663499693381334, 0.26634996933552435, 0.2663499693333714, 0.26634996933238386, 0.2663499693314333, 0.26634996933099, 0.2663499693308494, 0.266349969330706, 0.26634996933068167, 0.26634996933067334, 0.2663499693306708, 0.2663499693306698, 0.26634996933066946, 0.2663499693306691, 0.2663499693306691]}}, "bfgs": {"type": "gradient", "0": {"maxiter": 100, "gtol": 1e-05, "xrtol": 1e-05, "eps": 1e-05, "duration": 0.07655596733093262, "fun": "0.2663499693895379", "jac": "[ 1.05135900e-06 -1.37017064e-06 -6.19049256e-07  1.74866788e-06\n -3.16100479e-06 -1.88937754e-07]", "hess_inv": "[[ 4.19321415  1.1037571  -1.87066846  0.60299824  0.22763473  0.04148002]\n [ 1.1037571   8.35952141 -4.76333029  3.00142027 -0.04927842 -2.78449138]\n [-1.87066846 -4.76333029  8.60798361 -3.13250915 -0.12746798 -1.08224155]\n [ 0.60299824  3.00142027 -3.13250915  5.51575427  0.75455144  0.58169711]\n [ 0.22763473 -0.04927842 -0.12746798  0.75455144  3.70706383  0.86609912]\n [ 0.04148002 -2.78449138 -1.08224155  0.58169711  0.86609912  6.3377458 ]]", "nfev": "252", "njev": "36", "status": "0", "success": "True", "message": "Optimization terminated successfully.", "x": "[-0.88285802  2.12705103  4.10205742  4.36090658  1.64264753  1.81396256]", "nit": "33", "callback": [0.588474616771667, 0.5519447652322662, 0.5000368060533098, 0.4612360544036024, 0.41077473146716703, 0.39805416318011566, 0.3957071796258813, 0.39271850311125467, 0.39170734126671536, 0.38999997097944217, 0.387193682845666, 0.38290051068627506, 0.37706801566412995, 0.36650822472892264, 0.36032608230232643, 0.35295344612429036, 0.3411852007454014, 0.32194248140482706, 0.3012687311583069, 0.29762729770196295, 0.2911986831186252, 0.28155736243066143, 0.2770197540673902, 0.2751863705169345, 0.27204199897686876, 0.2682600618509421, 0.26710541676521926, 0.2664095246027378, 0.2663688541781154, 0.26635259848540027, 0.26635004489331404, 0.26634997267137883, 0.2663499693895379]}, "1": {"maxiter": 100, "gtol": 1e-05, "xrtol": 1e-05, "eps": 1e-10, "duration": 0.07058477401733398, "fun": "0.2663499694271563", "jac": "[ 2.22044587e-06 -3.33066880e-06  0.00000000e+00  3.33066880e-06\n -2.22044587e-06  0.00000000e+00]", "hess_inv": "[[ 3.67217121  1.39823633 -1.78708003  0.50892468  0.32064693 -0.24677966]\n [ 1.39823633  8.62488361 -5.19954784  3.15659729 -0.09656734 -2.94578365]\n [-1.78708003 -5.19954784  9.09857481 -3.30945248 -0.12442302 -0.84560158]\n [ 0.50892468  3.15659729 -3.30945248  5.45770644  0.71802105  0.49861477]\n [ 0.32064693 -0.09656734 -0.12442302  0.71802105  3.85781422  0.88613691]\n [-0.24677966 -2.94578365 -0.84560158  0.49861477  0.88613691  6.30666142]]", "nfev": "252", "njev": "36", "status": "0", "success": "True", "message": "Optimization terminated successfully.", "x": "[-0.88284267  2.12704264  4.10205594  4.3609231   1.64266615  1.81398555]", "nit": "33", "callback": [0.5884747932888641, 0.5519452602944117, 0.500036789606534, 0.46123730186886513, 0.4107772237605346, 0.39805385635508916, 0.3957068643534676, 0.3927180746181901, 0.39170683444496424, 0.3899998483308085, 0.38719424212811193, 0.3829026579927064, 0.37707226773158353, 0.36651633889626944, 0.360324180915943, 0.35296280979671035, 0.3411991778995903, 0.32196911828978103, 0.3012855387754151, 0.29739949044045555, 0.2906194923128258, 0.2808400182767363, 0.2770093392830587, 0.27499478015183, 0.2716910578801872, 0.26834922019179697, 0.2671237038519946, 0.2664223194377514, 0.26637066171612833, 0.26635416218674435, 0.26635011468228, 0.2663499729602773, 0.2663499694271563]}, "2": {"maxiter": 100, "gtol": 1e-05, "xrtol": 1e-10, "eps": 1e-05, "duration": 0.07753610610961914, "fun": "0.2663499693895379", "jac": "[ 1.05135900e-06 -1.37017064e-06 -6.19049256e-07  1.74866788e-06\n -3.16100479e-06 -1.88937754e-07]", "hess_inv": "[[ 4.19321415  1.1037571  -1.87066846  0.60299824  0.22763473  0.04148002]\n [ 1.1037571   8.35952141 -4.76333029  3.00142027 -0.04927842 -2.78449138]\n [-1.87066846 -4.76333029  8.60798361 -3.13250915 -0.12746798 -1.08224155]\n [ 0.60299824  3.00142027 -3.13250915  5.51575427  0.75455144  0.58169711]\n [ 0.22763473 -0.04927842 -0.12746798  0.75455144  3.70706383  0.86609912]\n [ 0.04148002 -2.78449138 -1.08224155  0.58169711  0.86609912  6.3377458 ]]", "nfev": "252", "njev": "36", "status": "0", "success": "True", "message": "Optimization terminated successfully.", "x": "[-0.88285802  2.12705103  4.10205742  4.36090658  1.64264753  1.81396256]", "nit": "33", "callback": [0.588474616771667, 0.5519447652322662, 0.5000368060533098, 0.4612360544036024, 0.41077473146716703, 0.39805416318011566, 0.3957071796258813, 0.39271850311125467, 0.39170734126671536, 0.38999997097944217, 0.387193682845666, 0.38290051068627506, 0.37706801566412995, 0.36650822472892264, 0.36032608230232643, 0.35295344612429036, 0.3411852007454014, 0.32194248140482706, 0.3012687311583069, 0.29762729770196295, 0.2911986831186252, 0.28155736243066143, 0.2770197540673902, 0.2751863705169345, 0.27204199897686876, 0.2682600618509421, 0.26710541676521926, 0.2664095246027378, 0.2663688541781154, 0.26635259848540027, 0.26635004489331404, 0.26634997267137883, 0.2663499693895379]}, "3": {"maxiter": 100, "gtol": 1e-05, "xrtol": 1e-10, "eps": 1e-10, "duration": 0.07029581069946289, "fun": "0.2663499694271563", "jac": "[ 2.22044587e-06 -3.33066880e-06  0.00000000e+00  3.33066880e-06\n -2.22044587e-06  0.00000000e+00]", "hess_inv": "[[ 3.67217121  1.39823633 -1.78708003  0.50892468  0.32064693 -0.24677966]\n [ 1.39823633  8.62488361 -5.19954784  3.15659729 -0.09656734 -2.94578365]\n [-1.78708003 -5.19954784  9.09857481 -3.30945248 -0.12442302 -0.84560158]\n [ 0.50892468  3.15659729 -3.30945248  5.45770644  0.71802105  0.49861477]\n [ 0.32064693 -0.09656734 -0.12442302  0.71802105  3.85781422  0.88613691]\n [-0.24677966 -2.94578365 -0.84560158  0.49861477  0.88613691  6.30666142]]", "nfev": "252", "njev": "36", "status": "0", "success": "True", "message": "Optimization terminated successfully.", "x": "[-0.88284267  2.12704264  4.10205594  4.3609231   1.64266615  1.81398555]", "nit": "33", "callback": [0.5884747932888641, 0.5519452602944117, 0.500036789606534, 0.46123730186886513, 0.4107772237605346, 0.39805385635508916, 0.3957068643534676, 0.3927180746181901, 0.39170683444496424, 0.3899998483308085, 0.38719424212811193, 0.3829026579927064, 0.37707226773158353, 0.36651633889626944, 0.360324180915943, 0.35296280979671035, 0.3411991778995903, 0.32196911828978103, 0.3012855387754151, 0.29739949044045555, 0.2906194923128258, 0.2808400182767363, 0.2770093392830587, 0.27499478015183, 0.2716910578801872, 0.26834922019179697, 0.2671237038519946, 0.2664223194377514, 0.26637066171612833, 0.26635416218674435, 0.26635011468228, 0.2663499729602773, 0.2663499694271563]}, "4": {"maxiter": 100, "gtol": 1e-10, "xrtol": 1e-05, "eps": 1e-05, "duration": 0.07458996772766113, "fun": "0.26634996935343735", "jac": "[-5.98410210e-08 -4.12669898e-08 -4.12447854e-08  2.39253062e-08\n -2.51110244e-07  3.06199510e-08]", "hess_inv": "[[ 4.236358    1.06978035 -1.96267411  0.67664791  0.02562527  0.06996207]\n [ 1.06978035  8.3508929  -4.75525244  2.97589285 -0.06986974 -2.78464701]\n [-1.96267411 -4.75525244  8.68706274 -3.23048979 -0.02356995 -1.1024556 ]\n [ 0.67664791  2.97589285 -3.23048979  5.61167911  0.57459564  0.60987683]\n [ 0.02562527 -0.06986974 -0.02356995  0.57459564  3.74057156  0.84584282]\n [ 0.06996207 -2.78464701 -1.1024556   0.60987683  0.84584282  6.3425273 ]]", "nfev": "259", "njev": "37", "status": "0", "success": "True", "message": "Optimization terminated successfully.", "x": "[-0.88286331  2.12705245  4.10206372  4.36090006  1.64265837  1.8139608 ]", "nit": "34", "callback": [0.588474616771667, 0.5519447652322662, 0.5000368060533098, 0.4612360544036024, 0.41077473146716703, 0.39805416318011566, 0.3957071796258813, 0.39271850311125467, 0.39170734126671536, 0.38999997097944217, 0.387193682845666, 0.38290051068627506, 0.37706801566412995, 0.36650822472892264, 0.36032608230232643, 0.35295344612429036, 0.3411852007454014, 0.32194248140482706, 0.3012687311583069, 0.29762729770196295, 0.2911986831186252, 0.28155736243066143, 0.2770197540673902, 0.2751863705169345, 0.27204199897686876, 0.2682600618509421, 0.26710541676521926, 0.2664095246027378, 0.2663688541781154, 0.26635259848540027, 0.26635004489331404, 0.26634997267137883, 0.2663499693895379, 0.26634996935343735]}, "5": {"maxiter": 100, "gtol": 1e-10, "xrtol": 1e-05, "eps": 1e-10, "duration": 0.07265996932983398, "fun": "0.2663499693517961", "jac": "[ 0.00000000e+00 -2.22044587e-06  0.00000000e+00  2.22044587e-06\n -1.11022293e-06  0.00000000e+00]", "hess_inv": "[[ 3.72288232  1.24240815 -1.75674941  0.5904336   0.26772229 -0.15689438]\n [ 1.24240815  8.67478955 -5.32165197  2.90588699 -0.11098241 -2.83560385]\n [-1.75674941 -5.32165197  9.11476824 -3.26071799 -0.16800723 -0.76580525]\n [ 0.5904336   2.90588699 -3.26071799  5.58871712  0.63285327  0.64330952]\n [ 0.26772229 -0.11098241 -0.16800723  0.63285327  3.83997228  0.95181142]\n [-0.15689438 -2.83560385 -0.76580525  0.64330952  0.95181142  6.11792519]]", "nfev": "259", "njev": "37", "status": "0", "success": "True", "message": "Optimization terminated successfully.", "x": "[-0.88284817  2.12705884  4.1020526   4.36091425  1.64267161  1.81397643]", "nit": "34", "callback": [0.5884747932888641, 0.5519452602944117, 0.500036789606534, 0.46123730186886513, 0.4107772237605346, 0.39805385635508916, 0.3957068643534676, 0.3927180746181901, 0.39170683444496424, 0.3899998483308085, 0.38719424212811193, 0.3829026579927064, 0.37707226773158353, 0.36651633889626944, 0.360324180915943, 0.35296280979671035, 0.3411991778995903, 0.32196911828978103, 0.3012855387754151, 0.29739949044045555, 0.2906194923128258, 0.2808400182767363, 0.2770093392830587, 0.27499478015183, 0.2716910578801872, 0.26834922019179697, 0.2671237038519946, 0.2664223194377514, 0.26637066171612833, 0.26635416218674435, 0.26635011468228, 0.2663499729602773, 0.2663499694271563, 0.2663499693517961]}, "6": {"maxiter": 100, "gtol": 1e-10, "xrtol": 1e-10, "eps": 1e-05, "duration": 0.10231494903564453, "fun": "0.2663499693513842", "jac": "[-6.66133815e-11  9.99200722e-11  2.22044605e-11 -6.66133815e-11\n  0.00000000e+00  6.66133815e-11]", "hess_inv": "[[ 4.22978031  1.06387344 -1.94757414  0.66653115  0.09179976  0.05139802]\n [ 1.06387344  8.35442593 -4.74029283  2.96452137 -0.02034889 -2.79168128]\n [-1.94757414 -4.74029283  8.69171646 -3.22586828  0.01359046 -1.1054914 ]\n [ 0.66653115  2.96452137 -3.22586828  5.60522003  0.59006187  0.60090255]\n [ 0.09179976 -0.02034889  0.01359046  0.59006187  4.01095129  0.78788809]\n [ 0.05139802 -2.79168128 -1.1054914   0.60090255  0.78788809  6.35431691]]", "nfev": "378", "njev": "54", "status": "0", "success": "True", "message": "Optimization terminated successfully.", "x": "[-0.88286309  2.12705268  4.10206388  4.36090009  1.64265936  1.81396062]", "nit": "37", "callback": [0.588474616771667, 0.5519447652322662, 0.5000368060533098, 0.4612360544036024, 0.41077473146716703, 0.39805416318011566, 0.3957071796258813, 0.39271850311125467, 0.39170734126671536, 0.38999997097944217, 0.387193682845666, 0.38290051068627506, 0.37706801566412995, 0.36650822472892264, 0.36032608230232643, 0.35295344612429036, 0.3411852007454014, 0.32194248140482706, 0.3012687311583069, 0.29762729770196295, 0.2911986831186252, 0.28155736243066143, 0.2770197540673902, 0.2751863705169345, 0.27204199897686876, 0.2682600618509421, 0.26710541676521926, 0.2664095246027378, 0.2663688541781154, 0.26635259848540027, 0.26635004489331404, 0.26634997267137883, 0.2663499693895379, 0.26634996935343735, 0.26634996935143684, 0.2663499693513842, 0.2663499693513842]}, "7": {"maxiter": 100, "gtol": 1e-10, "xrtol": 1e-10, "eps": 1e-10, "duration": 0.14194202423095703, "fun": "0.26634996933580424", "jac": "[2.22044587e-06 1.11022293e-06 0.00000000e+00 0.00000000e+00\n 0.00000000e+00 2.22044587e-06]", "hess_inv": "[[ 0.36055124 -0.12007215  0.10558758 -0.75559626 -0.74853663 -0.6634568 ]\n [-0.12007215  0.49449084 -0.27731118  0.12453968  0.35428163  0.73455838]\n [ 0.10558758 -0.27731118  0.22212536 -0.32902611 -0.37351322 -0.71649772]\n [-0.75559626  0.12453968 -0.32902611  2.25638517  1.96369578  1.94860218]\n [-0.74853663  0.35428163 -0.37351322  1.96369578  1.93205103  1.88850151]\n [-0.6634568   0.73455838 -0.71649772  1.94860218  1.88850151  2.79593753]]", "nfev": "490", "njev": "70", "status": "0", "success": "True", "message": "Optimization terminated successfully.", "x": "[-0.88285283  2.12706068  4.10206212  4.36090902  1.64266707  1.81396725]", "nit": "44", "callback": [0.5884747932888641, 0.5519452602944117, 0.500036789606534, 0.46123730186886513, 0.4107772237605346, 0.39805385635508916, 0.3957068643534676, 0.3927180746181901, 0.39170683444496424, 0.3899998483308085, 0.38719424212811193, 0.3829026579927064, 0.37707226773158353, 0.36651633889626944, 0.360324180915943, 0.35296280979671035, 0.3411991778995903, 0.32196911828978103, 0.3012855387754151, 0.29739949044045555, 0.2906194923128258, 0.2808400182767363, 0.2770093392830587, 0.27499478015183, 0.2716910578801872, 0.26834922019179697, 0.2671237038519946, 0.2664223194377514, 0.26637066171612833, 0.26635416218674435, 0.26635011468228, 0.2663499729602773, 0.2663499694271563, 0.2663499693517961, 0.2663499693510756, 0.26634996935094324, 0.26634996935001887, 0.2663499693486766, 0.26634996934495625, 0.2663499693431475, 0.2663499693358059, 0.2663499693358047, 0.26634996933580435, 0.26634996933580424]}, "8": {"maxiter": 500, "gtol": 1e-05, "xrtol": 1e-05, "eps": 1e-05, "duration": 0.07082605361938477, "fun": "0.2663499693895379", "jac": "[ 1.05135900e-06 -1.37017064e-06 -6.19049256e-07  1.74866788e-06\n -3.16100479e-06 -1.88937754e-07]", "hess_inv": "[[ 4.19321415  1.1037571  -1.87066846  0.60299824  0.22763473  0.04148002]\n [ 1.1037571   8.35952141 -4.76333029  3.00142027 -0.04927842 -2.78449138]\n [-1.87066846 -4.76333029  8.60798361 -3.13250915 -0.12746798 -1.08224155]\n [ 0.60299824  3.00142027 -3.13250915  5.51575427  0.75455144  0.58169711]\n [ 0.22763473 -0.04927842 -0.12746798  0.75455144  3.70706383  0.86609912]\n [ 0.04148002 -2.78449138 -1.08224155  0.58169711  0.86609912  6.3377458 ]]", "nfev": "252", "njev": "36", "status": "0", "success": "True", "message": "Optimization terminated successfully.", "x": "[-0.88285802  2.12705103  4.10205742  4.36090658  1.64264753  1.81396256]", "nit": "33", "callback": [0.58847461677