{"date": "2024/09/25/, 21:21:39", "conf_id": 318, "data_type": "var_s_rank\n", "num_data_points": 4, "s_rank": 0, "unitary": "[[-0.53618537-0.34368723j,-0.12107031-0.46226139j,-0.07699282-0.46603512j,0.36022595-0.11472301j],[0.26026499-0.63450712j,-0.56616638+0.37832564j,-0.14988651+0.08458591j,0.10363514-0.16008501j],[-0.32580188-0.11070003j,-0.36476308-0.23593218j,0.02559343+0.41761608j,-0.25598305+0.6725303j],[0.07406738-0.0126433j,0.28513701+0.19483972j,-0.74939717-0.10299659j,0.29798249+0.46269921j]]", "databatch_0": {"databatch": "[[[-0.01615627+0.06657167j,0.00460294+0.04018914j,-0.02868852+0.06404447j,-0.00606103-0.33175747j],[-0.46433994-0.02820866j,0.20347331-0.056272j,0.14584307+0.08655188j,0.19086863-0.05892868j],[0.31343296+0.24410437j,-0.05924071-0.13129147j,-0.0340014-0.2386177j,-0.1703336+0.1830699j],[-0.02294955-0.03359589j,-0.0283548-0.05026515j,-0.07421142-0.07664791j,0.3871435+0.28906969j]],[[-0.04572473-0.363265j,0.12547988-0.01598815j,-0.11084847-0.07085676j,-0.0206636+0.13785385j],[0.0112545+0.09937811j,0.21085581-0.03713727j,-0.0488415-0.2855256j,-0.18338176-0.04750423j],[0.0082624-0.35145581j,-0.15538421+0.23596006j,-0.08674836-0.10495577j,-0.01589264-0.28562491j],[0.04221901+0.02208545j,-0.14327232+0.36968583j,-0.02979976+0.06749958j,-0.02397609+0.4102444j]],[[0.25631999+0.05874307j,0.14743885+0.42629046j,-0.0419477+0.02727007j,-0.13865168-0.10247425j],[-0.11989576+0.01968788j,-0.04890405-0.23539132j,-0.19199835-0.30112184j,0.27298382+0.24264541j],[0.00155258-0.16195249j,-0.11612959+0.23807532j,-0.00570822-0.06045416j,-0.23959997-0.16056547j],[-0.18663189-0.23255644j,-0.2521244-0.12256418j,-0.02533145-0.09932876j,0.01743892-0.00852838j]],[[0.03440092+0.13518237j,0.1800712+0.01289703j,-0.01854957-0.09582068j,0.01772932-0.17425592j],[0.02545665+0.2690527j,-0.10605205-0.06283292j,-0.18673509+0.37669603j,0.09858102-0.09667797j],[0.21223118-0.30928707j,-0.25910163+0.2322966j,-0.19994321-0.05476232j,0.05942188+0.07716587j],[0.24710011+0.18393j,0.24256296+0.26519992j,-0.18835044-0.12840374j,0.00170704-0.18274999j]]]", "initial param values": "[2.17231829,3.67240872,3.35913608,2.99445753,3.76307587,2.49607954]", "nelder_mead": {"type": "gradient-free", "0": {"maxiter": 100, "fatol": 1e-05, "xatol": 1e-05, "duration": 0.06263923645019531, "fun": "0.4340600367959434", "nit": "100", "nfev": "146", "status": "2", "success": "False", "message": "Maximum number of iterations has been exceeded.", "x": "[2.10917744 3.1269755  4.54100025 5.0892005  1.62187534 2.31542638]", "final_simplex": "(array([[2.10917744, 3.1269755 , 4.54100025, 5.0892005 , 1.62187534,\n        2.31542638],\n       [2.24746323, 2.9975871 , 4.47421646, 5.03494015, 1.62893714,\n        2.35083541],\n       [2.18555663, 3.08915449, 4.59397131, 4.99424957, 1.69167577,\n        2.2851881 ],\n       [2.2628246 , 3.04745302, 4.43874838, 4.87781797, 1.57993146,\n        2.36732379],\n       [2.19158957, 3.04240268, 4.40765923, 4.91523371, 1.72081876,\n        2.37783514],\n       [2.1046639 , 3.21186305, 4.57624533, 5.03929962, 1.56650214,\n        2.36938848],\n       [2.17473521, 3.10974581, 4.46846234, 5.07065416, 1.66616575,\n        2.29929464]]), array([0.43406004, 0.43570196, 0.43695766, 0.43745681, 0.43805094,\n       0.4384646 , 0.43909292]))", "callback": [0.8627719645868173, 0.8029887470166315, 0.6211896552337639, 0.5924277277540642, 0.5744303984722281, 0.533823200132712, 0.4732582338576715, 0.45952809086962576, 0.44740101737287263, 0.4390929150404679]}, "1": {"maxiter": 100, "fatol": 1e-05, "xatol": 1e-10, "duration": 0.05654573440551758, "fun": "0.4340600367959434", "nit": "100", "nfev": "146", "status": "2", "success": "False", "message": "Maximum number of iterations has been exceeded.", "x": "[2.10917744 3.1269755  4.54100025 5.0892005  1.62187534 2.31542638]", "final_simplex": "(array([[2.10917744, 3.1269755 , 4.54100025, 5.0892005 , 1.62187534,\n        2.31542638],\n       [2.24746323, 2.9975871 , 4.47421646, 5.03494015, 1.62893714,\n        2.35083541],\n       [2.18555663, 3.08915449, 4.59397131, 4.99424957, 1.69167577,\n        2.2851881 ],\n       [2.2628246 , 3.04745302, 4.43874838, 4.87781797, 1.57993146,\n        2.36732379],\n       [2.19158957, 3.04240268, 4.40765923, 4.91523371, 1.72081876,\n        2.37783514],\n       [2.1046639 , 3.21186305, 4.57624533, 5.03929962, 1.56650214,\n        2.36938848],\n       [2.17473521, 3.10974581, 4.46846234, 5.07065416, 1.66616575,\n        2.29929464]]), array([0.43406004, 0.43570196, 0.43695766, 0.43745681, 0.43805094,\n       0.4384646 , 0.43909292]))", "callback": [0.8627719645868173, 0.8029887470166315, 0.6211896552337639, 0.5924277277540642, 0.5744303984722281, 0.533823200132712, 0.4732582338576715, 0.45952809086962576, 0.44740101737287263, 0.4390929150404679]}, "2": {"maxiter": 100, "fatol": 1e-10, "xatol": 1e-05, "duration": 0.05366992950439453, "fun": "0.4340600367959434", "nit": "100", "nfev": "146", "status": "2", "success": "False", "message": "Maximum number of iterations has been exceeded.", "x": "[2.10917744 3.1269755  4.54100025 5.0892005  1.62187534 2.31542638]", "final_simplex": "(array([[2.10917744, 3.1269755 , 4.54100025, 5.0892005 , 1.62187534,\n        2.31542638],\n       [2.24746323, 2.9975871 , 4.47421646, 5.03494015, 1.62893714,\n        2.35083541],\n       [2.18555663, 3.08915449, 4.59397131, 4.99424957, 1.69167577,\n        2.2851881 ],\n       [2.2628246 , 3.04745302, 4.43874838, 4.87781797, 1.57993146,\n        2.36732379],\n       [2.19158957, 3.04240268, 4.40765923, 4.91523371, 1.72081876,\n        2.37783514],\n       [2.1046639 , 3.21186305, 4.57624533, 5.03929962, 1.56650214,\n        2.36938848],\n       [2.17473521, 3.10974581, 4.46846234, 5.07065416, 1.66616575,\n        2.29929464]]), array([0.43406004, 0.43570196, 0.43695766, 0.43745681, 0.43805094,\n       0.4384646 , 0.43909292]))", "callback": [0.8627719645868173, 0.8029887470166315, 0.6211896552337639, 0.5924277277540642, 0.5744303984722281, 0.533823200132712, 0.4732582338576715, 0.45952809086962576, 0.44740101737287263, 0.4390929150404679]}, "3": {"maxiter": 100, "fatol": 1e-10, "xatol": 1e-10, "duration": 0.05219388008117676, "fun": "0.4340600367959434", "nit": "100", "nfev": "146", "status": "2", "success": "False", "message": "Maximum number of iterations has been exceeded.", "x": "[2.10917744 3.1269755  4.54100025 5.0892005  1.62187534 2.31542638]", "final_simplex": "(array([[2.10917744, 3.1269755 , 4.54100025, 5.0892005 , 1.62187534,\n        2.31542638],\n       [2.24746323, 2.9975871 , 4.47421646, 5.03494015, 1.62893714,\n        2.35083541],\n       [2.18555663, 3.08915449, 4.59397131, 4.99424957, 1.69167577,\n        2.2851881 ],\n       [2.2628246 , 3.04745302, 4.43874838, 4.87781797, 1.57993146,\n        2.36732379],\n       [2.19158957, 3.04240268, 4.40765923, 4.91523371, 1.72081876,\n        2.37783514],\n       [2.1046639 , 3.21186305, 4.57624533, 5.03929962, 1.56650214,\n        2.36938848],\n       [2.17473521, 3.10974581, 4.46846234, 5.07065416, 1.66616575,\n        2.29929464]]), array([0.43406004, 0.43570196, 0.43695766, 0.43745681, 0.43805094,\n       0.4384646 , 0.43909292]))", "callback": [0.8627719645868173, 0.8029887470166315, 0.6211896552337639, 0.5924277277540642, 0.5744303984722281, 0.533823200132712, 0.4732582338576715, 0.45952809086962576, 0.44740101737287263, 0.4390929150404679]}, "4": {"maxiter": 500, "fatol": 1e-05, "xatol": 1e-05, "duration": 0.17855477333068848, "fun": "0.4146674163678128", "nit": "326", "nfev": "507", "status": "0", "success": "True", "message": "Optimization terminated successfully.", "x": "[1.92392188 2.81615934 4.47151268 5.00228828 1.48794702 2.38580671]", "final_simplex": "(array([[1.92392188, 2.81615934, 4.47151268, 5.00228828, 1.48794702,\n        2.38580671],\n       [1.92392276, 2.8161619 , 4.47151543, 5.00229061, 1.48794137,\n        2.38581369],\n       [1.92391678, 2.81616722, 4.47152228, 5.00229684, 1.48794796,\n        2.38580633],\n       [1.92392704, 2.81616386, 4.4715202 , 5.00228694, 1.48794692,\n        2.3858161 ],\n       [1.92392686, 2.81616755, 4.47151639, 5.00229166, 1.48795387,\n        2.38581079],\n       [1.9239229 , 2.81616566, 4.47151377, 5.00228347, 1.48794803,\n        2.38581499],\n       [1.92392037, 2.81615162, 4.47151036, 5.00229239, 1.48794995,\n        2.38580884]]), array([0.41466742, 0.41466742, 0.41466742, 0.41466742, 0.41466742,\n       0.41466742, 0.41466742]))", "callback": [0.8627719645868173, 0.8029887470166315, 0.6211896552337639, 0.5924277277540642, 0.5744303984722281, 0.533823200132712, 0.4732582338576715, 0.45952809086962576, 0.44740101737287263, 0.4390929150404679, 0.4323868005905145, 0.428571555399349, 0.42299181203347436, 0.41833216089473857, 0.41703537279235825, 0.4158806581296308, 0.4155146374182932, 0.41499525078286814, 0.4148268264749797, 0.4147290751317777, 0.41468820669186757, 0.4146743998145569, 0.41467000496823914, 0.4146680250291159, 0.41466751426584225, 0.41466744069081074, 0.41466741960949105, 0.4146674186836361, 0.4146674172010929, 0.4146674166729234, 0.4146674165224553, 0.41466741641303384, 0.4146674163709979]}, "5": {"maxiter": 500, "fatol": 1e-05, "xatol": 1e-10, "duration": 0.3016178607940674, "fun": "0.41466741636144777", "nit": "431", "nfev": "741", "status": "0", "success": "True", "message": "Optimization terminated successfully.", "x": "[1.92391932 2.81616272 4.47151651 5.00229265 1.48794741 2.38581148]", "final_simplex": "(array([[1.92391932, 2.81616272, 4.47151651, 5.00229265, 1.48794741,\n        2.38581148],\n       [1.92391932, 2.81616272, 4.47151651, 5.00229265, 1.48794741,\n        2.38581148],\n       [1.92391932, 2.81616272, 4.47151651, 5.00229265, 1.48794741,\n        2.38581148],\n       [1.92391932, 2.81616272, 4.47151651, 5.00229265, 1.48794741,\n        2.38581148],\n       [1.92391932, 2.81616272, 4.47151651, 5.00229265, 1.48794741,\n        2.38581148],\n       [1.92391932, 2.81616272, 4.47151651, 5.00229265, 1.48794741,\n        2.38581148],\n       [1.92391932, 2.81616272, 4.47151651, 5.00229265, 1.48794741,\n        2.38581148]]), array([0.41466742, 0.41466742, 0.41466742, 0.41466742, 0.41466742,\n       0.41466742, 0.41466742]))", "callback": [0.8627719645868173, 0.8029887470166315, 0.6211896552337639, 0.5924277277540642, 0.5744303984722281, 0.533823200132712, 0.4732582338576715, 0.45952809086962576, 0.44740101737287263, 0.4390929150404679, 0.4323868005905145, 0.428571555399349, 0.42299181203347436, 0.41833216089473857, 0.41703537279235825, 0.4158806581296308, 0.4155146374182932, 0.41499525078286814, 0.4148268264749797, 0.4147290751317777, 0.41468820669186757, 0.4146743998145569, 0.41467000496823914, 0.4146680250291159, 0.41466751426584225, 0.41466744069081074, 0.41466741960949105, 0.4146674186836361, 0.4146674172010929, 0.4146674166729234, 0.4146674165224553, 0.41466741641303384, 0.4146674163709979, 0.41466741636357096, 0.4146674163620854, 0.4146674163615982, 0.4146674163614881, 0.41466741636146887, 0.414667416361455, 0.41466741636145, 0.4146674163614482, 0.414667416361448, 0.4146674163614479, 0.41466741636144777]}, "6": {"maxiter": 500, "fatol": 1e-10, "xatol": 1e-05, "duration": 0.18540215492248535, "fun": "0.4146674163678128", "nit": "326", "nfev": "507", "status": "0", "success": "True", "message": "Optimization terminated successfully.", "x": "[1.92392188 2.81615934 4.47151268 5.00228828 1.48794702 2.38580671]", "final_simplex": "(array([[1.92392188, 2.81615934, 4.47151268, 5.00228828, 1.48794702,\n        2.38580671],\n       [1.92392276, 2.8161619 , 4.47151543, 5.00229061, 1.48794137,\n        2.38581369],\n       [1.92391678, 2.81616722, 4.47152228, 5.00229684, 1.48794796,\n        2.38580633],\n       [1.92392704, 2.81616386, 4.4715202 , 5.00228694, 1.48794692,\n        2.3858161 ],\n       [1.92392686, 2.81616755, 4.47151639, 5.00229166, 1.48795387,\n        2.38581079],\n       [1.9239229 , 2.81616566, 4.47151377, 5.00228347, 1.48794803,\n        2.38581499],\n       [1.92392037, 2.81615162, 4.47151036, 5.00229239, 1.48794995,\n        2.38580884]]), array([0.41466742, 0.41466742, 0.41466742, 0.41466742, 0.41466742,\n       0.41466742, 0.41466742]))", "callback": [0.8627719645868173, 0.8029887470166315, 0.6211896552337639, 0.5924277277540642, 0.5744303984722281, 0.533823200132712, 0.4732582338576715, 0.45952809086962576, 0.44740101737287263, 0.4390929150404679, 0.4323868005905145, 0.428571555399349, 0.42299181203347436, 0.41833216089473857, 0.41703537279235825, 0.4158806581296308, 0.4155146374182932, 0.41499525078286814, 0.4148268264749797, 0.4147290751317777, 0.41468820669186757, 0.4146743998145569, 0.41467000496823914, 0.4146680250291159, 0.41466751426584225, 0.41466744069081074, 0.41466741960949105, 0.4146674186836361, 0.4146674172010929, 0.4146674166729234, 0.4146674165224553, 0.41466741641303384, 0.4146674163709979]}, "7": {"maxiter": 500, "fatol": 1e-10, "xatol": 1e-10, "duration": 0.2990689277648926, "fun": "0.41466741636144777", "nit": "431", "nfev": "741", "status": "0", "success": "True", "message": "Optimization terminated successfully.", "x": "[1.92391932 2.81616272 4.47151651 5.00229265 1.48794741 2.38581148]", "final_simplex": "(array([[1.92391932, 2.81616272, 4.47151651, 5.00229265, 1.48794741,\n        2.38581148],\n       [1.92391932, 2.81616272, 4.47151651, 5.00229265, 1.48794741,\n        2.38581148],\n       [1.92391932, 2.81616272, 4.47151651, 5.00229265, 1.48794741,\n        2.38581148],\n       [1.92391932, 2.81616272, 4.47151651, 5.00229265, 1.48794741,\n        2.38581148],\n       [1.92391932, 2.81616272, 4.47151651, 5.00229265, 1.48794741,\n        2.38581148],\n       [1.92391932, 2.81616272, 4.47151651, 5.00229265, 1.48794741,\n        2.38581148],\n       [1.92391932, 2.81616272, 4.47151651, 5.00229265, 1.48794741,\n        2.38581148]]), array([0.41466742, 0.41466742, 0.41466742, 0.41466742, 0.41466742,\n       0.41466742, 0.41466742]))", "callback": [0.8627719645868173, 0.8029887470166315, 0.6211896552337639, 0.5924277277540642, 0.5744303984722281, 0.533823200132712, 0.4732582338576715, 0.45952809086962576, 0.44740101737287263, 0.4390929150404679, 0.4323868005905145, 0.428571555399349, 0.42299181203347436, 0.41833216089473857, 0.41703537279235825, 0.4158806581296308, 0.4155146374182932, 0.41499525078286814, 0.4148268264749797, 0.4147290751317777, 0.41468820669186757, 0.4146743998145569, 0.41467000496823914, 0.4146680250291159, 0.41466751426584225, 0.41466744069081074, 0.41466741960949105, 0.4146674186836361, 0.4146674172010929, 0.4146674166729234, 0.4146674165224553, 0.41466741641303384, 0.4146674163709979, 0.41466741636357096, 0.4146674163620854, 0.4146674163615982, 0.4146674163614881, 0.41466741636146887, 0.414667416361455, 0.41466741636145, 0.4146674163614482, 0.414667416361448, 0.4146674163614479, 0.41466741636144777]}, "8": {"maxiter": 1000, "fatol": 1e-05, "xatol": 1e-05, "duration": 0.15725326538085938, "fun": "0.4146674163678128", "nit": "326", "nfev": "507", "status": "0", "success": "True", "message": "Optimization terminated successfully.", "x": "[1.92392188 2.81615934 4.47151268 5.00228828 1.48794702 2.38580671]", "final_simplex": "(array([[1.92392188, 2.81615934, 4.47151268, 5.00228828, 1.48794702,\n        2.38580671],\n       [1.92392276, 2.8161619 , 4.47151543, 5.00229061, 1.48794137,\n        2.38581369],\n       [1.92391678, 2.81616722, 4.47152228, 5.00229684, 1.48794796,\n        2.38580633],\n       [1.92392704, 2.81616386, 4.4715202 , 5.00228694, 1.48794692,\n        2.3858161 ],\n       [1.92392686, 2.81616755, 4.47151639, 5.00229166, 1.48795387,\n        2.38581079],\n       [1.9239229 , 2.81616566, 4.47151377, 5.00228347, 1.48794803,\n        2.38581499],\n       [1.92392037, 2.81615162, 4.47151036, 5.00229239, 1.48794995,\n        2.38580884]]), array([0.41466742, 0.41466742, 0.41466742, 0.41466742, 0.41466742,\n       0.41466742, 0.41466742]))", "callback": [0.8627719645868173, 0.8029887470166315, 0.6211896552337639, 0.5924277277540642, 0.5744303984722281, 0.533823200132712, 0.4732582338576715, 0.45952809086962576, 0.44740101737287263, 0.4390929150404679, 0.4323868005905145, 0.428571555399349, 0.42299181203347436, 0.41833216089473857, 0.41703537279235825, 0.4158806581296308, 0.4155146374182932, 0.41499525078286814, 0.4148268264749797, 0.4147290751317777, 0.41468820669186757, 0.4146743998145569, 0.41467000496823914, 0.4146680250291159, 0.41466751426584225, 0.41466744069081074, 0.41466741960949105, 0.4146674186836361, 0.4146674172010929, 0.4146674166729234, 0.4146674165224553, 0.41466741641303384, 0.4146674163709979]}, "9": {"maxiter": 1000, "fatol": 1e-05, "xatol": 1e-10, "duration": 0.2596409320831299, "fun": "0.41466741636144777", "nit": "431", "nfev": "741", "status": "0", "success": "True", "message": "Optimization terminated successfully.", "x": "[1.92391932 2.81616272 4.47151651 5.00229265 1.48794741 2.38581148]", "final_simplex": "(array([[1.92391932, 2.81616272, 4.47151651, 5.00229265, 1.48794741,\n        2.38581148],\n       [1.92391932, 2.81616272, 4.47151651, 5.00229265, 1.48794741,\n        2.38581148],\n       [1.92391932, 2.81616272, 4.47151651, 5.00229265, 1.48794741,\n        2.38581148],\n       [1.92391932, 2.81616272, 4.47151651, 5.00229265, 1.48794741,\n        2.38581148],\n       [1.92391932, 2.81616272, 4.47151651, 5.00229265, 1.48794741,\n        2.38581148],\n       [1.92391932, 2.81616272, 4.47151651, 5.00229265, 1.48794741,\n        2.38581148],\n       [1.92391932, 2.81616272, 4.47151651, 5.00229265, 1.48794741,\n        2.38581148]]), array([0.41466742, 0.41466742, 0.41466742, 0.41466742, 0.41466742,\n       0.41466742, 0.41466742]))", "callback": [0.8627719645868173, 0.8029887470166315, 0.6211896552337639, 0.5924277277540642, 0.5744303984722281, 0.533823200132712, 0.4732582338576715, 0.45952809086962576, 0.44740101737287263, 0.4390929150404679, 0.4323868005905145, 0.428571555399349, 0.42299181203347436, 0.41833216089473857, 0.41703537279235825, 0.4158806581296308, 0.4155146374182932, 0.41499525078286814, 0.4148268264749797, 0.4147290751317777, 0.41468820669186757, 0.4146743998145569, 0.41467000496823914, 0.4146680250291159, 0.41466751426584225, 0.41466744069081074, 0.41466741960949105, 0.4146674186836361, 0.4146674172010929, 0.4146674166729234, 0.4146674165224553, 0.41466741641303384, 0.4146674163709979, 0.41466741636357096, 0.4146674163620854, 0.4146674163615982, 0.4146674163614881, 0.41466741636146887, 0.414667416361455, 0.41466741636145, 0.4146674163614482, 0.414667416361448, 0.4146674163614479, 0.41466741636144777]}, "10": {"maxiter": 1000, "fatol": 1e-10, "xatol": 1e-05, "duration": 0.1676928997039795, "fun": "0.4146674163678128", "nit": "326", "nfev": "507", "status": "0", "success": "True", "message": "Optimization terminated successfully.", "x": "[1.92392188 2.81615934 4.47151268 5.00228828 1.48794702 2.38580671]", "final_simplex": "(array([[1.92392188, 2.81615934, 4.47151268, 5.00228828, 1.48794702,\n        2.38580671],\n       [1.92392276, 2.8161619 , 4.47151543, 5.00229061, 1.48794137,\n        2.38581369],\n       [1.92391678, 2.81616722, 4.47152228, 5.00229684, 1.48794796,\n        2.38580633],\n       [1.92392704, 2.81616386, 4.4715202 , 5.00228694, 1.48794692,\n        2.3858161 ],\n       [1.92392686, 2.81616755, 4.47151639, 5.00229166, 1.48795387,\n        2.38581079],\n       [1.9239229 , 2.81616566, 4.47151377, 5.00228347, 1.48794803,\n        2.38581499],\n       [1.92392037, 2.81615162, 4.47151036, 5.00229239, 1.48794995,\n        2.38580884]]), array([0.41466742, 0.41466742, 0.41466742, 0.41466742, 0.41466742,\n       0.41466742, 0.41466742]))", "callback": [0.8627719645868173, 0.8029887470166315, 0.6211896552337639, 0.5924277277540642, 0.5744303984722281, 0.533823200132712, 0.4732582338576715, 0.45952809086962576, 0.44740101737287263, 0.4390929150404679, 0.4323868005905145, 0.428571555399349, 0.42299181203347436, 0.41833216089473857, 0.41703537279235825, 0.4158806581296308, 0.4155146374182932, 0.41499525078286814, 0.4148268264749797, 0.4147290751317777, 0.41468820669186757, 0.4146743998145569, 0.41467000496823914, 0.4146680250291159, 0.41466751426584225, 0.41466744069081074, 0.41466741960949105, 0.4146674186836361, 0.4146674172010929, 0.4146674166729234, 0.4146674165224553, 0.41466741641303384, 0.4146674163709979]}, "11": {"maxiter": 1000, "fatol": 1e-10, "xatol": 1e-10, "duration": 0.2541341781616211, "fun": "0.41466741636144777", "nit": "431", "nfev": "741", "status": "0", "success": "True", "message": "Optimization terminated successfully.", "x": "[1.92391932 2.81616272 4.47151651 5.00229265 1.48794741 2.38581148]", "final_simplex": "(array([[1.92391932, 2.81616272, 4.47151651, 5.00229265, 1.48794741,\n        2.38581148],\n       [1.92391932, 2.81616272, 4.47151651, 5.00229265, 1.48794741,\n        2.38581148],\n       [1.92391932, 2.81616272, 4.47151651, 5.00229265, 1.48794741,\n        2.38581148],\n       [1.92391932, 2.81616272, 4.47151651, 5.00229265, 1.48794741,\n        2.38581148],\n       [1.92391932, 2.81616272, 4.47151651, 5.00229265, 1.48794741,\n        2.38581148],\n       [1.92391932, 2.81616272, 4.47151651, 5.00229265, 1.48794741,\n        2.38581148],\n       [1.92391932, 2.81616272, 4.47151651, 5.00229265, 1.48794741,\n        2.38581148]]), array([0.41466742, 0.41466742, 0.41466742, 0.41466742, 0.41466742,\n       0.41466742, 0.41466742]))", "callback": [0.8627719645868173, 0.8029887470166315, 0.6211896552337639, 0.5924277277540642, 0.5744303984722281, 0.533823200132712, 0.4732582338576715, 0.45952809086962576, 0.44740101737287263, 0.4390929150404679, 0.4323868005905145, 0.428571555399349, 0.42299181203347436, 0.41833216089473857, 0.41703537279235825, 0.4158806581296308, 0.4155146374182932, 0.41499525078286814, 0.4148268264749797, 0.4147290751317777, 0.41468820669186757, 0.4146743998145569, 0.41467000496823914, 0.4146680250291159, 0.41466751426584225, 0.41466744069081074, 0.41466741960949105, 0.4146674186836361, 0.4146674172010929, 0.4146674166729234, 0.4146674165224553, 0.41466741641303384, 0.4146674163709979, 0.41466741636357096, 0.4146674163620854, 0.4146674163615982, 0.4146674163614881, 0.41466741636146887, 0.414667416361455, 0.41466741636145, 0.4146674163614482, 0.414667416361448, 0.4146674163614479, 0.41466741636144777]}}, "bfgs": {"type": "gradient", "0": {"maxiter": 100, "gtol": 1e-05, "xrtol": 1e-05, "eps": 1e-05, "duration": 0.08539009094238281, "fun": "0.41466741647525396", "jac": "[-1.53164148e-06  1.21623822e-06 -1.38071776e-06 -2.48641108e-06\n  5.10913534e-07  3.43691742e-06]", "hess_inv": "[[ 4.25482301  0.80413608  0.75972978  1.71894852 -0.61287597  0.35602672]\n [ 0.80413608  4.37276873  1.91599088  1.36537311 -0.30468846 -0.16456033]\n [ 0.75972978  1.91599088  5.02742308  1.29010846 -1.10931536  0.94425884]\n [ 1.71894852  1.36537311  1.29010846  4.68482244 -0.39404819  0.6256016 ]\n [-0.61287597 -0.30468846 -1.10931536 -0.39404819  4.34564312 -1.26256669]\n [ 0.35602672 -0.16456033  0.94425884  0.6256016  -1.26256669  3.79473587]]", "nfev": "245", "njev": "35", "status": "0", "success": "True", "message": "Optimization terminated successfully.", "x": "[4.35924462 5.95774296 7.6130913  5.0022656  1.48794787 2.38581651]", "nit": "32", "callback": [0.7880425269930207, 0.7776414888799553, 0.7657896661878603, 0.7646401967016281, 0.7625584717640805, 0.7585854032567512, 0.7514053848450847, 0.7445116127113275, 0.7382425317911856, 0.7262118792902705, 0.7038579511487466, 0.6678078061605295, 0.6349386163322943, 0.6231425369987282, 0.6031641029924399, 0.5805672078372053, 0.5732855071488981, 0.5631080536241193, 0.5476922025860269, 0.53534570689001, 0.524985815213348, 0.5053644525263092, 0.4835197057268156, 0.462979263030743, 0.4324403267488981, 0.41907922097578587, 0.41630640135353914, 0.41527017518226217, 0.4147026716202583, 0.41467023240811696, 0.41466741931096185, 0.41466741647525396]}, "1": {"maxiter": 100, "gtol": 1e-05, "xrtol": 1e-05, "eps": 1e-10, "duration": 0.08486485481262207, "fun": "0.4146674164951625", "jac": "[-3.33066880e-06  2.22044587e-06  2.22044587e-06  3.33066880e-06\n -3.33066880e-06  2.22044587e-06]", "hess_inv": "[[ 4.35318346  0.84694759  0.92970983  2.07333665 -0.8505293   0.4222437 ]\n [ 0.84694759  4.51834662  2.04066835  1.61247707 -0.5756774   0.0165004 ]\n [ 0.92970983  2.04066835  5.20561392  1.67260307 -1.48615863  1.11582307]\n [ 2.07333665  1.61247707  1.67260307  5.47853673 -0.89126672  0.68809549]\n [-0.8505293  -0.5756774  -1.48615863 -0.89126672  4.46843321 -1.31289397]\n [ 0.4222437   0.0165004   1.11582307  0.68809549 -1.31289397  4.18141035]]", "nfev": "238", "njev": "34", "status": "0", "success": "True", "message": "Optimization terminated successfully.", "x": "[4.35925763 5.95777082 7.61312218 5.00230167 1.48792197 2.38582776]", "nit": "31", "callback": [0.788043627333641, 0.7776421259840143, 0.7657900836389989, 0.7646406589928215, 0.7625588321795684, 0.75858559947715, 0.7514051619544584, 0.7445115914767513, 0.7382437386720484, 0.7262156510587596, 0.7038665418350769, 0.6678199931791452, 0.6349275159852257, 0.6231311006194515, 0.6031454405076553, 0.5805250504901449, 0.5732152465119508, 0.5630120755106969, 0.5476248473416436, 0.5353182877847071, 0.5248995772493004, 0.5051247717127441, 0.4832084150953312, 0.4634553890378399, 0.4336339068341115, 0.4194893655338301, 0.41684595063668817, 0.41486458115163116, 0.41466811546077953, 0.41466742754804153, 0.4146674164951625]}, "2": {"maxiter": 100, "gtol": 1e-05, "xrtol": 1e-10, "eps": 1e-05, "duration": 0.08470606803894043, "fun": "0.41466741647525396", "jac": "[-1.53164148e-06  1.21623822e-06 -1.38071776e-06 -2.48641108e-06\n  5.10913534e-07  3.43691742e-06]", "hess_inv": "[[ 4.25482301  0.80413608  0.75972978  1.71894852 -0.61287597  0.35602672]\n [ 0.80413608  4.37276873  1.91599088  1.36537311 -0.30468846 -0.16456033]\n [ 0.75972978  1.91599088  5.02742308  1.29010846 -1.10931536  0.94425884]\n [ 1.71894852  1.36537311  1.29010846  4.68482244 -0.39404819  0.6256016 ]\n [-0.61287597 -0.30468846 -1.10931536 -0.39404819  4.34564312 -1.26256669]\n [ 0.35602672 -0.16456033  0.94425884  0.6256016  -1.26256669  3.79473587]]", "nfev": "245", "njev": "35", "status": "0", "success": "True", "message": "Optimization terminated successfully.", "x": "[4.35924462 5.95774296 7.6130913  5.0022656  1.48794787 2.38581651]", "nit": "32", "callback": [0.7880425269930207, 0.7776414888799553, 0.7657896661878603, 0.7646401967016281, 0.7625584717640805, 0.7585854032567512, 0.7514053848450847, 0.7445116127113275, 0.7382425317911856, 0.7262118792902705, 0.7038579511487466, 0.6678078061605295, 0.6349386163322943, 0.6231425369987282, 0.6031641029924399, 0.5805672078372053, 0.5732855071488981, 0.5631080536241193, 0.5476922025860269, 0.53534570689001, 0.524985815213348, 0.5053644525263092, 0.4835197057268156, 0.462979263030743, 0.4324403267488981, 0.41907922097578587, 0.41630640135353914, 0.41527017518226217, 0.4147026716202583, 0.41467023240811696, 0.41466741931096185, 0.41466741647525396]}, "3": {"maxiter": 100, "gtol": 1e-05, "xrtol": 1e-10, "eps": 1e-10, "duration": 0.0791621208190918, "fun": "0.4146674164951625", "jac": "[-3.33066880e-06  2.22044587e-06  2.22044587e-06  3.33066880e-06\n -3.33066880e-06  2.22044587e-06]", "hess_inv": "[[ 4.35318346  0.84694759  0.92970983  2.07333665 -0.8505293   0.4222437 ]\n [ 0.84694759  4.51834662  2.04066835  1.61247707 -0.5756774   0.0165004 ]\n [ 0.92970983  2.04066835  5.20561392  1.67260307 -1.48615863  1.11582307]\n [ 2.07333665  1.61247707  1.67260307  5.47853673 -0.89126672  0.68809549]\n [-0.8505293  -0.5756774  -1.48615863 -0.89126672  4.46843321 -1.31289397]\n [ 0.4222437   0.0165004   1.11582307  0.68809549 -1.31289397  4.18141035]]", "nfev": "238", "njev": "34", "status": "0", "success": "True", "message": "Optimization terminated successfully.", "x": "[4.35925763 5.95777082 7.61312218 5.00230167 1.48792197 2.38582776]", "nit": "31", "callback": [0.788043627333641, 0.7776421259840143, 0.7657900836389989, 0.7646406589928215, 0.7625588321795684, 0.75858559947715, 0.7514051619544584, 0.7445115914767513, 0.7382437386720484, 0.7262156510587596, 0.7038665418350769, 0.6678199931791452, 0.6349275159852257, 0.6231311006194515, 0.6031454405076553, 0.5805250504901449, 0.5732152465119508, 0.5630120755106969, 0.5476248473416436, 0.5353182877847071, 0.5248995772493004, 0.5051247717127441, 0.4832084150953312, 0.4634553890378399, 0.4336339068341115, 0.4194893655338301, 0.41684595063668817, 0.41486458115163116, 0.41466811546077953, 0.41466742754804153, 0.4146674164951625]}, "4": {"maxiter": 100, "gtol": 1e-10, "xrtol": 1e-05, "eps": 1e-05, "duration": 0.08863711357116699, "fun": "0.41466741640231364", "jac": "[-1.69908532e-07  8.19344592e-08 -2.06046291e-07 -2.42772469e-07\n -1.11410881e-07  2.43272069e-07]", "hess_inv": "[[ 4.1856572   0.60221765  0.57895193  1.69060427 -0.66474723  0.27989618]\n [ 0.60221765  4.22491021  1.7181641   1.14240749 -0.3150867  -0.05621466]\n [ 0.57895193  1.7181641   4.8014119   1.11126823 -1.13952652  0.99226476]\n [ 1.69060427  1.14240749  1.11126823  4.71772906 -0.46008519  0.48943278]\n [-0.66474723 -0.3150867  -1.13952652 -0.46008519  4.35178153 -1.21408261]\n [ 0.27989618 -0.05621466  0.99226476  0.48943278 -1.21408261  3.95842937]]", "nfev": "252", "njev": "36", "status": "0", "success": "True", "message": "Optimization terminated successfully.", "x": "[4.35925468 5.95774431 7.61309666 5.00227862 1.48794647 2.38580661]", "nit": "33", "callback": [0.7880425269930207, 0.7776414888799553, 0.7657896661878603, 0.7646401967016281, 0.7625584717640805, 0.7585854032567512, 0.7514053848450847, 0.7445116127113275, 0.7382425317911856, 0.7262118792902705, 0.7038579511487466, 0.6678078061605295, 0.6349386163322943, 0.6231425369987282, 0.6031641029924399, 0.5805672078372053, 0.5732855071488981, 0.5631080536241193, 0.5476922025860269, 0.53534570689001, 0.524985815213348, 0.5053644525263092, 0.4835197057268156, 0.462979263030743, 0.4324403267488981, 0.41907922097578587, 0.41630640135353914, 0.41527017518226217, 0.4147026716202583, 0.41467023240811696, 0.41466741931096185, 0.41466741647525396, 0.41466741640231364]}, "5": {"maxiter": 100, "gtol": 1e-10, "xrtol": 1e-05, "eps": 1e-10, "duration": 0.08967804908752441, "fun": "0.4146674163885621", "jac": "[ 1.11022293e-06  1.11022293e-06 -3.33066880e-06 -1.11022293e-06\n -1.11022293e-06  1.11022293e-06]", "hess_inv": "[[ 4.39174414  0.67511406  0.71028409  1.89889981 -0.64364889  0.23847449]\n [ 0.67511406  4.45996229  1.89706983  1.39454203 -0.52407443  0.09420546]\n [ 0.71028409  1.89706983  4.9282924   1.31092449 -1.33870343  1.15295172]\n [ 1.89889981  1.39454203  1.31092449  5.06568177 -0.65145275  0.6242728 ]\n [-0.64364889 -0.52407443 -1.33870343 -0.65145275  4.42838269 -1.42325687]\n [ 0.23847449  0.09420546  1.15295172  0.6242728  -1.42325687  4.39055965]]", "nfev": "245", "njev": "35", "status": "0", "success": "True", "message": "Optimization terminated successfully.", "x": "[4.35926018 5.95775236 7.61309801 5.00228156 1.48794405 2.38580922]", "nit": "32", "callback": [0.788043627333641, 0.7776421259840143, 0.7657900836389989, 0.7646406589928215, 0.7625588321795684, 0.75858559947715, 0.7514051619544584, 0.7445115914767513, 0.7382437386720484, 0.7262156510587596, 0.7038665418350769, 0.6678199931791452, 0.6349275159852257, 0.6231311006194515, 0.6031454405076553, 0.5805250504901449, 0.5732152465119508, 0.5630120755106969, 0.5476248473416436, 0.5353182877847071, 0.5248995772493004, 0.5051247717127441, 0.4832084150953312, 0.4634553890378399, 0.4336339068341115, 0.4194893655338301, 0.41684595063668817, 0.41486458115163116, 0.41466811546077953, 0.41466742754804153, 0.4146674164951625, 0.4146674163885621]}, "6": {"maxiter": 100, "gtol": 1e-10, "xrtol": 1e-10, "eps": 1e-05, "duration": 0.1647779941558838, "fun": "0.41466741639687055", "jac": "[-1.12687637e-08 -3.67483821e-09  4.99600361e-10  1.16018306e-08\n  2.75335310e-09  3.25295346e-09]", "hess_inv": "[[ 4.41148     0.67551725  0.72415502  1.90365405 -0.62348939  0.12880419]\n [ 0.67551725  4.24333216  1.75776657  1.2087984  -0.31389848 -0.11240115]\n [ 0.72415502  1.75776657  4.88022666  1.23295458 -1.13291649  0.8866788 ]\n [ 1.90365405  1.2087984   1.23295458  4.88460295 -0.43547812  0.34773414]\n [-0.62348939 -0.31389848 -1.13291649 -0.43547812  4.32961135 -1.25680905]\n [ 0.12880419 -0.11240115  0.8866788   0.34773414 -1.25680905  4.04939291]]", "nfev": "480", "njev": "67", "status": "2", "success": "False", "message": "Desired error not necessarily achieved due to precision loss.", "x": "[4.35925585 5.95774472 7.6130976  5.00228018 1.48794685 2.38580579]", "nit": "34", "callback": [0.7880425269930207, 0.7776414888799553, 0.7657896661878603, 0.7646401967016281, 0.7625584717640805, 0.7585854032567512, 0.7514053848450847, 0.7445116127113275, 0.7382425317911856, 0.7262118792902705, 0.7038579511487466, 0.6678078061605295, 0.6349386163322943, 0.6231425369987282, 0.6031641029924399, 0.5805672078372053, 0.5732855071488981, 0.5631080536241193, 0.5476922025860269, 0.53534570689001, 0.524985815213348, 0.5053644525263092, 0.4835197057268156, 0.462979263030743, 0.4324403267488981, 0.41907922097578587, 0.41630640135353914, 0.41527017518226217, 0.4147026716202583, 0.41467023240811696, 0.41466741931096185, 0.41466741647525396, 0.41466741640231364, 0.41466741639687055]}, "7": {"maxiter": 100, "gtol": 1e-10, "xrtol": 1e-10, "eps": 1e-10, "duration": 0.09571003913879395, "fun": "0.4146674163775006", "jac": "[-2.22044587e-06  1.11022293e-06  0.00000000e+00  0.00000000e+00\n  0.00000000e+00 -1.11022293e-06]", "hess_inv": "[[ 2.32847771 -0.64378964  0.78227563 -0.01175944  0.16171536 -1.57217827]\n [-0.64378964  3.59114212 -0.38428793 -0.8325266  -1.32638028 -0.19180097]\n [ 0.78227563 -0.38428793  2.9980598  -0.86541622 -1.35711263  0.67048844]\n [-0.01175944 -0.8325266  -0.86541622  1.72732543 -0.70685061 -0.75174759]\n [ 0.16171536 -1.32638028 -1.35711263 -0.70685061  4.75221379 -1.44686998]\n [-1.57217827 -0.19180097  0.67048844 -0.75174759 -1.44686998  3.49008048]]", "nfev": "294", "njev": "42", "status": "2", "success": "False", "message": "Desired error not necessarily achieved due to precision loss.", "x": "[4.35925863 5.95775133 7.61310569 5.00228335 1.48794913 2.38580487]", "nit": "34", "callback": [0.788043627333641, 0.7776421259840143, 0.7657900836389989, 0.7646406589928215, 0.7625588321795684, 0.75858559947715, 0.7514051619544584, 0.7445115914767513, 0.7382437386720484, 0.7262156510587596, 0.7038665418350769, 0.6678199931791452, 0.6349275159852257, 0.6231311006194515, 0.6031454405076553, 0.5805250504901449, 0.5732152465119508, 0.5630120755106969, 0.5476248473416436, 0.5353182877847071, 0.5248995772493004, 0.5051247717127441, 0.4832084150953312, 0.4634553890378399, 0.4336339068341115, 0.4194893655338301, 0.41684595063668817, 0.41486458115163116, 0.41466811546077953, 0.41466742754804153, 0.4146674164951625, 0.4146674163885621, 0.4146674163775006, 0.4146674163775006]}, "8": {"maxiter": 500, "gtol": 1e-05, "xrtol": 1e-05, "eps": 1e-05, "duration": 0.08115983009338379, "fun": "0.41466741647525396", "jac": "[-1.53164148e-06  1.21623822e-06 -1.38071776e-06 -2.48641108e-06\n  5.10913534e-07  3.43691742e-06]", "hess_inv": "[[ 4.25482301  0.80413608  0.75972978  1.71894852 -0.61287597  0.35602672]\n [ 0.80413608  4.37276873  1.91599088  1.36537311 -0.30468846 -0.16456033]\n [ 0.75972978  1.91599088  5.02742308  1.29010846 -1.10931536  0.94425884]\n [ 1.71894852  1.36537311  1.29010846  4.68482244 -0.39404819  0.6256016 ]\n [-0.61287597 -0.30468846 -1.10931536 -0.39404819  4.34564312 -1.26256669]\n [ 0.35602672 -0.16456033  0.94425884  0.6256016  -1.26256669  3.79473587]]", "nfev": "245", "njev": "35", "status": "0", "success": "True", "message": "Optimization terminated successfully.", "x": "[4.35924462 5.95774296 7.6130913  5.0022656  1.48794787 2.38581651]", "nit": "32", "callback": [0.7880425269930207, 0.7776414888799553, 0.7657896661878603, 0.7646401967016281, 0.7625584717640805, 0.7585854032567512, 0.7514053848450847, 0.7445116127113275, 0.7382425317911856, 0.7262118792902705, 0.7038579511487466, 0.6678078061605295, 0.6349386163322943, 0.6231425369987282, 0.6031641029924399, 0.5805672078372053, 0.5732855071488981, 0.5631080536241193, 0.5476922025860269, 0.53534570689001, 0.524985815213348, 0.5053644525263092, 0.4835197057268156, 0.462979263030743, 0.4324403267488981, 0.41907922097578587, 0.41630640135353914, 0.41527017518226217, 0.4147026716202583, 0.41467023240811696, 0.41466741931096185, 0.41466741647525396]}, "9": {"maxiter": 500, "gtol": 1e-05, "xrtol": 1e-05, "eps": 1e-10, "duration": 0.08497476577758789, "fun": "0.4146674164951625", "jac": "[-3.33066880e-06  2.22044587e-06  2.22044587e-06  3.33066880e-06\n -3.33066880e-06  2.22044587e-06]", "hess_inv": "[[ 4.35318346  0.84694759  0.92970983  2.07333665 -0.8505293   0.4222437 ]\n [ 0.84694759  4.51834662  2.04066835  1.61247707 -0.5756774   0.0165004 ]\n [ 0.92970983  2.04066835  5.20561392  1.67260307 -1.48615863  1.11582307]\n [ 2.07333665  1.61247707  1.67260307  5.47853673 -0.89126672  0.68809549]\n [-0.8505293  -0.5756774  -1.48615863 -0.89126672  4.46843321 -1.31289397]\n [ 0.4222437   0.0165004   1.11582307  0.68809549 -1.31289397  4.18141035]]", "nfev": "238", "njev": "34", "status": "0", "success": "True", "message": "Optimization terminated successfully.", "x": "[4.35925763 5.95777082 7.61312218 5.00230167 1.48792197 2.38582776]", "nit": "31", "callback": [0.788043627333641, 0.7776421259840143, 0.7657900836389989, 0.7646406589928215, 0.7625588321795684, 0.75858559947715, 0.7514051619544584, 0.7445115914767513, 0.7382437386720484, 0.7262156510587596, 0.7038665418350769, 0.6678199931791452, 0.6349275159852257, 0.6231311006194515, 0.6031454405076553, 0.5805250504901449, 0.5732152465119508, 0.5630120755106969, 0.5476248473416436, 0.5353182877847071, 0.5248995772493004, 0.5051247717127441, 0.4832084150953312, 0.4634553890378399, 0.4336339068341115, 0.4194893655338301, 0.41684595063668817, 0.41486458115163116, 0.41466811546077953, 0.41466742754804153, 0.4146674164951625]}, "10": {"maxiter": 500, "gtol": 1e-05, "xrtol": 1e-10, "eps": 1e-05, "duration": 0.08169794082641602, "fun": "0.41466741647525396", "jac": "[-1.53164148e-06  1.21623822e-06 -1.38071776e-06 -2.48641108e-06\n  5.10913534e-07  3.43691742e-06]", "hess_inv": "[[ 4.25482301  0.80413608  0.75972978  1.71894852 -0.61287597  0.35602672]\n [ 0.80413608  4.37276873  1.91599088  1.36537311 -0.30468846 -0.16456033]\n [ 0.75972978  1.91599088  5.02742308  1.29010846 -1.10931536  0.94425884]\n [ 1.71894852  1.36537311  1.29010846  4.68482244 -0.39404819  0.6256016 ]\n [-0.61287597 -0.30468846 -1.10931536 -0.39404819  4.34564312 -1.26256669]\n [ 0.35602672 -0.16456033  0.94425884  0.6256016  -1.26256669  3.79473587]]", "nfev": "245", "njev": "35", "status": "0", "success": "True", "message": "Optimization terminated successfully.", "x": "[4.35924462 5.95774296 7.6130913  5.0022656  1.48794787 2.38581651]", "nit": "32", "callback": [0.7880425269930207, 0.7776414888799553, 0.7657896661878603, 0.7646401967016281, 0.7625584717640805, 0.7585854032567512, 0.7514053848450847, 0.7445116127113275, 0.7382425317911856, 0.7262118792902705, 0.7038579511487466, 0.6678078061605295, 0.6349386163322943, 0.6231425369987282, 0.6031641029924399, 0.5805672078372053, 0.5732855071488981, 0.5631080536241193, 0.5476922025860269, 0.53534570689001, 0.524985815213348, 0.5053644525263092, 0.4835197057268156, 0.462979263030743, 0.4324403267488981, 0.41907922097578587, 0.41630640135353914, 0.41527017518226217, 0.4147026716202583, 0.41467023240811696, 0.41466741931096185, 0.41466741647525396]}, "11": {"maxiter": 500, "gtol": 1e-05, "xrtol": 1e-10, "eps": 1e-10, "duration": 0.08349013328552246, "fun": "0.4146674164951625", "jac": "[-3.33066880e-06  2.22044587e-06  2.22044587e-06  3.33066880e-06\n -3.33066880e-06  2.22044587e-06]", "hess_inv": "[[ 4.35318346  0.84694759  0.92970983  2.07333665 -0.8505293 