{"date": "2024/10/08/, 19:01:12", "conf_id": 22, "data_type": "random\n", "num_data_points": 2, "s_rank": 0, "unitary": "[[0.18663085-0.53122324j,-0.11886349-0.70040876j,0.28555095-0.02789305j,-0.12262021-0.2844587j],[-0.16702216+0.27758472j,0.27526351-0.29738586j,-0.01109314+0.22495461j,-0.77239203+0.28900673j],[0.61935415+0.12301792j,-0.31269928-0.03315917j,-0.61902762-0.19039079j,-0.27120731-0.0968989j],[0.42341754+0.0023929j,-0.05847358+0.47832119j,0.64900495-0.16218422j,-0.37182676-0.05229966j]]", "databatch_0": {"databatch": "[[[-0.01219503+0.19009235j,-0.36594094+0.115394j,-0.10128934-0.1949634j,-0.21900409+0.36866865j],[0.01828515-0.00456424j,0.02187674+0.03102603j,-0.01533321+0.01540798j,0.04133445+0.00956249j],[-0.09929985+0.08630659j,-0.23436314-0.12373223j,0.04659163-0.14441838j,-0.28743527+0.07142184j],[-0.16671345-0.07449823j,0.01864526-0.36735463j,0.20902392-0.02583439j,-0.25802726-0.31999941j]],[[0.05840079-0.17806603j,0.3106467+0.01650018j,-0.37512013+0.10265758j,-0.25175941-0.0574327j],[0.16158398-0.14438195j,0.30133732+0.19644129j,-0.43487885-0.11453187j,-0.2186948-0.20329865j],[0.00515193+0.03424945j,-0.05265662+0.02308412j,0.05340128-0.04811269j,0.04633533-0.01143413j],[0.01868798-0.12947889j,0.21558943-0.02610723j,-0.24555514+0.11581304j,-0.18003361-0.00913756j]]]", "initial param values": "[4.85198552,0.33177771,4.24969862,3.39932813,1.7159734,3.9595549]", "nelder_mead": {"type": "gradient-free", "0": {"maxiter": 100, "fatol": 1e-05, "xatol": 1e-05, "duration": 0.058316946029663086, "fun": "0.28443033221345104", "nit": "100", "nfev": "156", "status": "2", "success": "False", "message": "Maximum number of iterations has been exceeded.", "x": "[6.52956103 0.41447684 4.53344241 2.7685248  2.06600727 1.8018429 ]", "final_simplex": "(array([[6.52956103, 0.41447684, 4.53344241, 2.7685248 , 2.06600727,\n        1.8018429 ],\n       [6.46745638, 0.43215464, 4.55143242, 2.73827045, 2.02273174,\n        1.73069155],\n       [6.52405856, 0.41602883, 4.51547663, 2.73208402, 2.07846738,\n        1.80028343],\n       [6.53203569, 0.41676139, 4.52588999, 2.77822561, 2.07741561,\n        1.76355977],\n       [6.46244057, 0.41220822, 4.52340762, 2.75368456, 2.07755207,\n        1.80084191],\n       [6.50543667, 0.39364266, 4.52851624, 2.78904039, 2.12762545,\n        1.85563173],\n       [6.50674741, 0.40134386, 4.5689233 , 2.79839734, 2.09685294,\n        1.78035248]]), array([0.28443033, 0.28475763, 0.2848695 , 0.28503147, 0.28603887,\n       0.28717785, 0.28723824]))", "callback": [0.7308840092462067, 0.3569765238632746, 0.3341466733050159, 0.296736248215822, 0.29412557018720364, 0.29156679581598133, 0.2906586625757035, 0.2902587258120093, 0.289604382429959, 0.2871778458576748]}, "1": {"maxiter": 100, "fatol": 1e-05, "xatol": 1e-10, "duration": 0.04644775390625, "fun": "0.28443033221345104", "nit": "100", "nfev": "156", "status": "2", "success": "False", "message": "Maximum number of iterations has been exceeded.", "x": "[6.52956103 0.41447684 4.53344241 2.7685248  2.06600727 1.8018429 ]", "final_simplex": "(array([[6.52956103, 0.41447684, 4.53344241, 2.7685248 , 2.06600727,\n        1.8018429 ],\n       [6.46745638, 0.43215464, 4.55143242, 2.73827045, 2.02273174,\n        1.73069155],\n       [6.52405856, 0.41602883, 4.51547663, 2.73208402, 2.07846738,\n        1.80028343],\n       [6.53203569, 0.41676139, 4.52588999, 2.77822561, 2.07741561,\n        1.76355977],\n       [6.46244057, 0.41220822, 4.52340762, 2.75368456, 2.07755207,\n        1.80084191],\n       [6.50543667, 0.39364266, 4.52851624, 2.78904039, 2.12762545,\n        1.85563173],\n       [6.50674741, 0.40134386, 4.5689233 , 2.79839734, 2.09685294,\n        1.78035248]]), array([0.28443033, 0.28475763, 0.2848695 , 0.28503147, 0.28603887,\n       0.28717785, 0.28723824]))", "callback": [0.7308840092462067, 0.3569765238632746, 0.3341466733050159, 0.296736248215822, 0.29412557018720364, 0.29156679581598133, 0.2906586625757035, 0.2902587258120093, 0.289604382429959, 0.2871778458576748]}, "2": {"maxiter": 100, "fatol": 1e-10, "xatol": 1e-05, "duration": 0.045603036880493164, "fun": "0.28443033221345104", "nit": "100", "nfev": "156", "status": "2", "success": "False", "message": "Maximum number of iterations has been exceeded.", "x": "[6.52956103 0.41447684 4.53344241 2.7685248  2.06600727 1.8018429 ]", "final_simplex": "(array([[6.52956103, 0.41447684, 4.53344241, 2.7685248 , 2.06600727,\n        1.8018429 ],\n       [6.46745638, 0.43215464, 4.55143242, 2.73827045, 2.02273174,\n        1.73069155],\n       [6.52405856, 0.41602883, 4.51547663, 2.73208402, 2.07846738,\n        1.80028343],\n       [6.53203569, 0.41676139, 4.52588999, 2.77822561, 2.07741561,\n        1.76355977],\n       [6.46244057, 0.41220822, 4.52340762, 2.75368456, 2.07755207,\n        1.80084191],\n       [6.50543667, 0.39364266, 4.52851624, 2.78904039, 2.12762545,\n        1.85563173],\n       [6.50674741, 0.40134386, 4.5689233 , 2.79839734, 2.09685294,\n        1.78035248]]), array([0.28443033, 0.28475763, 0.2848695 , 0.28503147, 0.28603887,\n       0.28717785, 0.28723824]))", "callback": [0.7308840092462067, 0.3569765238632746, 0.3341466733050159, 0.296736248215822, 0.29412557018720364, 0.29156679581598133, 0.2906586625757035, 0.2902587258120093, 0.289604382429959, 0.2871778458576748]}, "3": {"maxiter": 100, "fatol": 1e-10, "xatol": 1e-10, "duration": 0.04100990295410156, "fun": "0.28443033221345104", "nit": "100", "nfev": "156", "status": "2", "success": "False", "message": "Maximum number of iterations has been exceeded.", "x": "[6.52956103 0.41447684 4.53344241 2.7685248  2.06600727 1.8018429 ]", "final_simplex": "(array([[6.52956103, 0.41447684, 4.53344241, 2.7685248 , 2.06600727,\n        1.8018429 ],\n       [6.46745638, 0.43215464, 4.55143242, 2.73827045, 2.02273174,\n        1.73069155],\n       [6.52405856, 0.41602883, 4.51547663, 2.73208402, 2.07846738,\n        1.80028343],\n       [6.53203569, 0.41676139, 4.52588999, 2.77822561, 2.07741561,\n        1.76355977],\n       [6.46244057, 0.41220822, 4.52340762, 2.75368456, 2.07755207,\n        1.80084191],\n       [6.50543667, 0.39364266, 4.52851624, 2.78904039, 2.12762545,\n        1.85563173],\n       [6.50674741, 0.40134386, 4.5689233 , 2.79839734, 2.09685294,\n        1.78035248]]), array([0.28443033, 0.28475763, 0.2848695 , 0.28503147, 0.28603887,\n       0.28717785, 0.28723824]))", "callback": [0.7308840092462067, 0.3569765238632746, 0.3341466733050159, 0.296736248215822, 0.29412557018720364, 0.29156679581598133, 0.2906586625757035, 0.2902587258120093, 0.289604382429959, 0.2871778458576748]}, "4": {"maxiter": 500, "fatol": 1e-05, "xatol": 1e-05, "duration": 0.22481107711791992, "fun": "0.20370142375649958", "nit": "500", "nfev": "768", "status": "2", "success": "False", "message": "Maximum number of iterations has been exceeded.", "x": "[6.7727149  0.28939542 4.00049481 2.16805538 0.9214939  1.42039997]", "final_simplex": "(array([[6.7727149 , 0.28939542, 4.00049481, 2.16805538, 0.9214939 ,\n        1.42039997],\n       [6.77255892, 0.2893552 , 4.00077409, 2.16795507, 0.92155827,\n        1.42013857],\n       [6.77265594, 0.28954751, 4.00051665, 2.16798119, 0.92171111,\n        1.42064168],\n       [6.77281622, 0.28969313, 4.00031755, 2.16825178, 0.92160827,\n        1.42039331],\n       [6.77257063, 0.28964238, 4.00078847, 2.16805858, 0.92147009,\n        1.42018901],\n       [6.77231672, 0.29000856, 4.000353  , 2.16834066, 0.92166883,\n        1.42039973],\n       [6.77279777, 0.28903657, 4.001317  , 2.16838144, 0.92173531,\n        1.42038785]]), array([0.20370142, 0.20370143, 0.20370143, 0.20370143, 0.20370144,\n       0.20370145, 0.20370145]))", "callback": [0.7308840092462067, 0.3569765238632746, 0.3341466733050159, 0.296736248215822, 0.29412557018720364, 0.29156679581598133, 0.2906586625757035, 0.2902587258120093, 0.289604382429959, 0.2871778458576748, 0.2786999095123073, 0.25308690048206417, 0.2384360402389506, 0.22298953804703214, 0.21816668918693372, 0.21365230366299592, 0.21285198936383343, 0.21217648878853346, 0.21178956402051408, 0.21166750976155146, 0.21143408956799448, 0.2113709770417035, 0.21120070670543623, 0.21118025113998828, 0.2111723543483519, 0.21116665553819725, 0.21116231380994455, 0.21115460404709352, 0.21113968327768862, 0.21109635219250267, 0.21098876489472018, 0.2108486263503352, 0.2105996874256818, 0.2103663982112196, 0.20992107752435507, 0.2087925510641424, 0.2069131301242827, 0.20630764829373416, 0.20472751148679358, 0.2039861069158282, 0.20378797801836046, 0.20373582618433006, 0.20371122704998423, 0.2037097498650673, 0.20370744201833646, 0.20370476979087782, 0.20370276626132944, 0.2037024795060165, 0.2037015333728467, 0.20370145074182266]}, "5": {"maxiter": 500, "fatol": 1e-05, "xatol": 1e-10, "duration": 0.22658491134643555, "fun": "0.20370142375649958", "nit": "500", "nfev": "768", "status": "2", "success": "False", "message": "Maximum number of iterations has been exceeded.", "x": "[6.7727149  0.28939542 4.00049481 2.16805538 0.9214939  1.42039997]", "final_simplex": "(array([[6.7727149 , 0.28939542, 4.00049481, 2.16805538, 0.9214939 ,\n        1.42039997],\n       [6.77255892, 0.2893552 , 4.00077409, 2.16795507, 0.92155827,\n        1.42013857],\n       [6.77265594, 0.28954751, 4.00051665, 2.16798119, 0.92171111,\n        1.42064168],\n       [6.77281622, 0.28969313, 4.00031755, 2.16825178, 0.92160827,\n        1.42039331],\n       [6.77257063, 0.28964238, 4.00078847, 2.16805858, 0.92147009,\n        1.42018901],\n       [6.77231672, 0.29000856, 4.000353  , 2.16834066, 0.92166883,\n        1.42039973],\n       [6.77279777, 0.28903657, 4.001317  , 2.16838144, 0.92173531,\n        1.42038785]]), array([0.20370142, 0.20370143, 0.20370143, 0.20370143, 0.20370144,\n       0.20370145, 0.20370145]))", "callback": [0.7308840092462067, 0.3569765238632746, 0.3341466733050159, 0.296736248215822, 0.29412557018720364, 0.29156679581598133, 0.2906586625757035, 0.2902587258120093, 0.289604382429959, 0.2871778458576748, 0.2786999095123073, 0.25308690048206417, 0.2384360402389506, 0.22298953804703214, 0.21816668918693372, 0.21365230366299592, 0.21285198936383343, 0.21217648878853346, 0.21178956402051408, 0.21166750976155146, 0.21143408956799448, 0.2113709770417035, 0.21120070670543623, 0.21118025113998828, 0.2111723543483519, 0.21116665553819725, 0.21116231380994455, 0.21115460404709352, 0.21113968327768862, 0.21109635219250267, 0.21098876489472018, 0.2108486263503352, 0.2105996874256818, 0.2103663982112196, 0.20992107752435507, 0.2087925510641424, 0.2069131301242827, 0.20630764829373416, 0.20472751148679358, 0.2039861069158282, 0.20378797801836046, 0.20373582618433006, 0.20371122704998423, 0.2037097498650673, 0.20370744201833646, 0.20370476979087782, 0.20370276626132944, 0.2037024795060165, 0.2037015333728467, 0.20370145074182266]}, "6": {"maxiter": 500, "fatol": 1e-10, "xatol": 1e-05, "duration": 0.22356820106506348, "fun": "0.20370142375649958", "nit": "500", "nfev": "768", "status": "2", "success": "False", "message": "Maximum number of iterations has been exceeded.", "x": "[6.7727149  0.28939542 4.00049481 2.16805538 0.9214939  1.42039997]", "final_simplex": "(array([[6.7727149 , 0.28939542, 4.00049481, 2.16805538, 0.9214939 ,\n        1.42039997],\n       [6.77255892, 0.2893552 , 4.00077409, 2.16795507, 0.92155827,\n        1.42013857],\n       [6.77265594, 0.28954751, 4.00051665, 2.16798119, 0.92171111,\n        1.42064168],\n       [6.77281622, 0.28969313, 4.00031755, 2.16825178, 0.92160827,\n        1.42039331],\n       [6.77257063, 0.28964238, 4.00078847, 2.16805858, 0.92147009,\n        1.42018901],\n       [6.77231672, 0.29000856, 4.000353  , 2.16834066, 0.92166883,\n        1.42039973],\n       [6.77279777, 0.28903657, 4.001317  , 2.16838144, 0.92173531,\n        1.42038785]]), array([0.20370142, 0.20370143, 0.20370143, 0.20370143, 0.20370144,\n       0.20370145, 0.20370145]))", "callback": [0.7308840092462067, 0.3569765238632746, 0.3341466733050159, 0.296736248215822, 0.29412557018720364, 0.29156679581598133, 0.2906586625757035, 0.2902587258120093, 0.289604382429959, 0.2871778458576748, 0.2786999095123073, 0.25308690048206417, 0.2384360402389506, 0.22298953804703214, 0.21816668918693372, 0.21365230366299592, 0.21285198936383343, 0.21217648878853346, 0.21178956402051408, 0.21166750976155146, 0.21143408956799448, 0.2113709770417035, 0.21120070670543623, 0.21118025113998828, 0.2111723543483519, 0.21116665553819725, 0.21116231380994455, 0.21115460404709352, 0.21113968327768862, 0.21109635219250267, 0.21098876489472018, 0.2108486263503352, 0.2105996874256818, 0.2103663982112196, 0.20992107752435507, 0.2087925510641424, 0.2069131301242827, 0.20630764829373416, 0.20472751148679358, 0.2039861069158282, 0.20378797801836046, 0.20373582618433006, 0.20371122704998423, 0.2037097498650673, 0.20370744201833646, 0.20370476979087782, 0.20370276626132944, 0.2037024795060165, 0.2037015333728467, 0.20370145074182266]}, "7": {"maxiter": 500, "fatol": 1e-10, "xatol": 1e-10, "duration": 0.22513890266418457, "fun": "0.20370142375649958", "nit": "500", "nfev": "768", "status": "2", "success": "False", "message": "Maximum number of iterations has been exceeded.", "x": "[6.7727149  0.28939542 4.00049481 2.16805538 0.9214939  1.42039997]", "final_simplex": "(array([[6.7727149 , 0.28939542, 4.00049481, 2.16805538, 0.9214939 ,\n        1.42039997],\n       [6.77255892, 0.2893552 , 4.00077409, 2.16795507, 0.92155827,\n        1.42013857],\n       [6.77265594, 0.28954751, 4.00051665, 2.16798119, 0.92171111,\n        1.42064168],\n       [6.77281622, 0.28969313, 4.00031755, 2.16825178, 0.92160827,\n        1.42039331],\n       [6.77257063, 0.28964238, 4.00078847, 2.16805858, 0.92147009,\n        1.42018901],\n       [6.77231672, 0.29000856, 4.000353  , 2.16834066, 0.92166883,\n        1.42039973],\n       [6.77279777, 0.28903657, 4.001317  , 2.16838144, 0.92173531,\n        1.42038785]]), array([0.20370142, 0.20370143, 0.20370143, 0.20370143, 0.20370144,\n       0.20370145, 0.20370145]))", "callback": [0.7308840092462067, 0.3569765238632746, 0.3341466733050159, 0.296736248215822, 0.29412557018720364, 0.29156679581598133, 0.2906586625757035, 0.2902587258120093, 0.289604382429959, 0.2871778458576748, 0.2786999095123073, 0.25308690048206417, 0.2384360402389506, 0.22298953804703214, 0.21816668918693372, 0.21365230366299592, 0.21285198936383343, 0.21217648878853346, 0.21178956402051408, 0.21166750976155146, 0.21143408956799448, 0.2113709770417035, 0.21120070670543623, 0.21118025113998828, 0.2111723543483519, 0.21116665553819725, 0.21116231380994455, 0.21115460404709352, 0.21113968327768862, 0.21109635219250267, 0.21098876489472018, 0.2108486263503352, 0.2105996874256818, 0.2103663982112196, 0.20992107752435507, 0.2087925510641424, 0.2069131301242827, 0.20630764829373416, 0.20472751148679358, 0.2039861069158282, 0.20378797801836046, 0.20373582618433006, 0.20371122704998423, 0.2037097498650673, 0.20370744201833646, 0.20370476979087782, 0.20370276626132944, 0.2037024795060165, 0.2037015333728467, 0.20370145074182266]}, "8": {"maxiter": 1000, "fatol": 1e-05, "xatol": 1e-05, "duration": 0.2569561004638672, "fun": "0.20370141429309663", "nit": "574", "nfev": "884", "status": "0", "success": "True", "message": "Optimization terminated successfully.", "x": "[6.77259047 0.28894695 4.00103589 2.1679951  0.9216474  1.42039619]", "final_simplex": "(array([[6.77259047, 0.28894695, 4.00103589, 2.1679951 , 0.9216474 ,\n        1.42039619],\n       [6.77258726, 0.28894891, 4.0010352 , 2.16799727, 0.9216516 ,\n        1.42039929],\n       [6.77259055, 0.28895604, 4.00103153, 2.16799726, 0.92164885,\n        1.42040177],\n       [6.77258747, 0.28894026, 4.00104044, 2.1679909 , 0.92164933,\n        1.42039976],\n       [6.77258924, 0.28894494, 4.00104189, 2.16799346, 0.92165419,\n        1.42040226],\n       [6.77258509, 0.28895652, 4.00103164, 2.16799213, 0.92165039,\n        1.42039711],\n       [6.77258441, 0.28894139, 4.00104548, 2.16799685, 0.9216484 ,\n        1.42039238]]), array([0.20370141, 0.20370141, 0.20370141, 0.20370141, 0.20370141,\n       0.20370141, 0.20370141]))", "callback": [0.7308840092462067, 0.3569765238632746, 0.3341466733050159, 0.296736248215822, 0.29412557018720364, 0.29156679581598133, 0.2906586625757035, 0.2902587258120093, 0.289604382429959, 0.2871778458576748, 0.2786999095123073, 0.25308690048206417, 0.2384360402389506, 0.22298953804703214, 0.21816668918693372, 0.21365230366299592, 0.21285198936383343, 0.21217648878853346, 0.21178956402051408, 0.21166750976155146, 0.21143408956799448, 0.2113709770417035, 0.21120070670543623, 0.21118025113998828, 0.2111723543483519, 0.21116665553819725, 0.21116231380994455, 0.21115460404709352, 0.21113968327768862, 0.21109635219250267, 0.21098876489472018, 0.2108486263503352, 0.2105996874256818, 0.2103663982112196, 0.20992107752435507, 0.2087925510641424, 0.2069131301242827, 0.20630764829373416, 0.20472751148679358, 0.2039861069158282, 0.20378797801836046, 0.20373582618433006, 0.20371122704998423, 0.2037097498650673, 0.20370744201833646, 0.20370476979087782, 0.20370276626132944, 0.2037024795060165, 0.2037015333728467, 0.20370145074182266, 0.20370142375649958, 0.20370141757027482, 0.20370141558721744, 0.20370141478894066, 0.20370141439183387, 0.2037014143720426, 0.2037014143008018, 0.20370141429416155]}, "9": {"maxiter": 1000, "fatol": 1e-05, "xatol": 1e-10, "duration": 0.31137728691101074, "fun": "0.20370141429137123", "nit": "655", "nfev": "1083", "status": "0", "success": "True", "message": "Optimization terminated successfully.", "x": "[6.77258834 0.28895133 4.00103457 2.16799566 0.92164825 1.42039711]", "final_simplex": "(array([[6.77258834, 0.28895133, 4.00103457, 2.16799566, 0.92164825,\n        1.42039711],\n       [6.77258834, 0.28895133, 4.00103457, 2.16799566, 0.92164825,\n        1.42039711],\n       [6.77258834, 0.28895133, 4.00103457, 2.16799566, 0.92164825,\n        1.42039711],\n       [6.77258834, 0.28895133, 4.00103457, 2.16799566, 0.92164825,\n        1.42039711],\n       [6.77258834, 0.28895133, 4.00103457, 2.16799566, 0.92164825,\n        1.42039711],\n       [6.77258834, 0.28895133, 4.00103457, 2.16799566, 0.92164825,\n        1.42039711],\n       [6.77258834, 0.28895133, 4.00103457, 2.16799566, 0.92164825,\n        1.42039711]]), array([0.20370141, 0.20370141, 0.20370141, 0.20370141, 0.20370141,\n       0.20370141, 0.20370141]))", "callback": [0.7308840092462067, 0.3569765238632746, 0.3341466733050159, 0.296736248215822, 0.29412557018720364, 0.29156679581598133, 0.2906586625757035, 0.2902587258120093, 0.289604382429959, 0.2871778458576748, 0.2786999095123073, 0.25308690048206417, 0.2384360402389506, 0.22298953804703214, 0.21816668918693372, 0.21365230366299592, 0.21285198936383343, 0.21217648878853346, 0.21178956402051408, 0.21166750976155146, 0.21143408956799448, 0.2113709770417035, 0.21120070670543623, 0.21118025113998828, 0.2111723543483519, 0.21116665553819725, 0.21116231380994455, 0.21115460404709352, 0.21113968327768862, 0.21109635219250267, 0.21098876489472018, 0.2108486263503352, 0.2105996874256818, 0.2103663982112196, 0.20992107752435507, 0.2087925510641424, 0.2069131301242827, 0.20630764829373416, 0.20472751148679358, 0.2039861069158282, 0.20378797801836046, 0.20373582618433006, 0.20371122704998423, 0.2037097498650673, 0.20370744201833646, 0.20370476979087782, 0.20370276626132944, 0.2037024795060165, 0.2037015333728467, 0.20370145074182266, 0.20370142375649958, 0.20370141757027482, 0.20370141558721744, 0.20370141478894066, 0.20370141439183387, 0.2037014143720426, 0.2037014143008018, 0.20370141429416155, 0.20370141429173838, 0.2037014142914031, 0.20370141429137578, 0.20370141429137267, 0.20370141429137167, 0.20370141429137145, 0.20370141429137145, 0.20370141429137123]}, "10": {"maxiter": 1000, "fatol": 1e-10, "xatol": 1e-05, "duration": 0.25277209281921387, "fun": "0.20370141429309663", "nit": "574", "nfev": "884", "status": "0", "success": "True", "message": "Optimization terminated successfully.", "x": "[6.77259047 0.28894695 4.00103589 2.1679951  0.9216474  1.42039619]", "final_simplex": "(array([[6.77259047, 0.28894695, 4.00103589, 2.1679951 , 0.9216474 ,\n        1.42039619],\n       [6.77258726, 0.28894891, 4.0010352 , 2.16799727, 0.9216516 ,\n        1.42039929],\n       [6.77259055, 0.28895604, 4.00103153, 2.16799726, 0.92164885,\n        1.42040177],\n       [6.77258747, 0.28894026, 4.00104044, 2.1679909 , 0.92164933,\n        1.42039976],\n       [6.77258924, 0.28894494, 4.00104189, 2.16799346, 0.92165419,\n        1.42040226],\n       [6.77258509, 0.28895652, 4.00103164, 2.16799213, 0.92165039,\n        1.42039711],\n       [6.77258441, 0.28894139, 4.00104548, 2.16799685, 0.9216484 ,\n        1.42039238]]), array([0.20370141, 0.20370141, 0.20370141, 0.20370141, 0.20370141,\n       0.20370141, 0.20370141]))", "callback": [0.7308840092462067, 0.3569765238632746, 0.3341466733050159, 0.296736248215822, 0.29412557018720364, 0.29156679581598133, 0.2906586625757035, 0.2902587258120093, 0.289604382429959, 0.2871778458576748, 0.2786999095123073, 0.25308690048206417, 0.2384360402389506, 0.22298953804703214, 0.21816668918693372, 0.21365230366299592, 0.21285198936383343, 0.21217648878853346, 0.21178956402051408, 0.21166750976155146, 0.21143408956799448, 0.2113709770417035, 0.21120070670543623, 0.21118025113998828, 0.2111723543483519, 0.21116665553819725, 0.21116231380994455, 0.21115460404709352, 0.21113968327768862, 0.21109635219250267, 0.21098876489472018, 0.2108486263503352, 0.2105996874256818, 0.2103663982112196, 0.20992107752435507, 0.2087925510641424, 0.2069131301242827, 0.20630764829373416, 0.20472751148679358, 0.2039861069158282, 0.20378797801836046, 0.20373582618433006, 0.20371122704998423, 0.2037097498650673, 0.20370744201833646, 0.20370476979087782, 0.20370276626132944, 0.2037024795060165, 0.2037015333728467, 0.20370145074182266, 0.20370142375649958, 0.20370141757027482, 0.20370141558721744, 0.20370141478894066, 0.20370141439183387, 0.2037014143720426, 0.2037014143008018, 0.20370141429416155]}, "11": {"maxiter": 1000, "fatol": 1e-10, "xatol": 1e-10, "duration": 0.313521146774292, "fun": "0.20370141429137123", "nit": "655", "nfev": "1083", "status": "0", "success": "True", "message": "Optimization terminated successfully.", "x": "[6.77258834 0.28895133 4.00103457 2.16799566 0.92164825 1.42039711]", "final_simplex": "(array([[6.77258834, 0.28895133, 4.00103457, 2.16799566, 0.92164825,\n        1.42039711],\n       [6.77258834, 0.28895133, 4.00103457, 2.16799566, 0.92164825,\n        1.42039711],\n       [6.77258834, 0.28895133, 4.00103457, 2.16799566, 0.92164825,\n        1.42039711],\n       [6.77258834, 0.28895133, 4.00103457, 2.16799566, 0.92164825,\n        1.42039711],\n       [6.77258834, 0.28895133, 4.00103457, 2.16799566, 0.92164825,\n        1.42039711],\n       [6.77258834, 0.28895133, 4.00103457, 2.16799566, 0.92164825,\n        1.42039711],\n       [6.77258834, 0.28895133, 4.00103457, 2.16799566, 0.92164825,\n        1.42039711]]), array([0.20370141, 0.20370141, 0.20370141, 0.20370141, 0.20370141,\n       0.20370141, 0.20370141]))", "callback": [0.7308840092462067, 0.3569765238632746, 0.3341466733050159, 0.296736248215822, 0.29412557018720364, 0.29156679581598133, 0.2906586625757035, 0.2902587258120093, 0.289604382429959, 0.2871778458576748, 0.2786999095123073, 0.25308690048206417, 0.2384360402389506, 0.22298953804703214, 0.21816668918693372, 0.21365230366299592, 0.21285198936383343, 0.21217648878853346, 0.21178956402051408, 0.21166750976155146, 0.21143408956799448, 0.2113709770417035, 0.21120070670543623, 0.21118025113998828, 0.2111723543483519, 0.21116665553819725, 0.21116231380994455, 0.21115460404709352, 0.21113968327768862, 0.21109635219250267, 0.21098876489472018, 0.2108486263503352, 0.2105996874256818, 0.2103663982112196, 0.20992107752435507, 0.2087925510641424, 0.2069131301242827, 0.20630764829373416, 0.20472751148679358, 0.2039861069158282, 0.20378797801836046, 0.20373582618433006, 0.20371122704998423, 0.2037097498650673, 0.20370744201833646, 0.20370476979087782, 0.20370276626132944, 0.2037024795060165, 0.2037015333728467, 0.20370145074182266, 0.20370142375649958, 0.20370141757027482, 0.20370141558721744, 0.20370141478894066, 0.20370141439183387, 0.2037014143720426, 0.2037014143008018, 0.20370141429416155, 0.20370141429173838, 0.2037014142914031, 0.20370141429137578, 0.20370141429137267, 0.20370141429137167, 0.20370141429137145, 0.20370141429137145, 0.20370141429137123]}}, "bfgs": {"type": "gradient", "0": {"maxiter": 100, "gtol": 1e-05, "xrtol": 1e-05, "eps": 1e-05, "duration": 0.08240485191345215, "fun": "0.20370141439372103", "jac": "[-1.76328951e-06 -1.87259097e-06 -2.22328822e-06  1.27475808e-06\n -1.44488865e-06 -1.89205318e-06]", "hess_inv": "[[  3.70645319   1.12058293  -1.75406827  -0.79846263  -0.48620516\n    0.91509046]\n [  1.12058293  30.09867959 -22.22228145  -7.3150918   -2.89470129\n   -2.14440336]\n [ -1.75406827 -22.22228145  20.2461254    4.52028714   2.76078631\n   -1.16410756]\n [ -0.79846263  -7.3150918    4.52028714   5.47063874   0.28139822\n    2.233914  ]\n [ -0.48620516  -2.89470129   2.76078631   0.28139822   4.14098416\n    1.36634317]\n [  0.91509046  -2.14440336  -1.16410756   2.233914     1.36634317\n    8.19542204]]", "nfev": "266", "njev": "38", "status": "0", "success": "True", "message": "Optimization terminated successfully.", "x": "[6.77257688 0.28895597 4.00102101 4.11519124 4.06321936 4.56196628]", "nit": "34", "callback": [0.5924567002433541, 0.5093493086991514, 0.4776397130377058, 0.419896451746973, 0.3446978634297, 0.32104235152275673, 0.3094637929744839, 0.2974803861391583, 0.29578552348002307, 0.29514430758763366, 0.29404011691885557, 0.29200915900992364, 0.28831114574678185, 0.28259089979045693, 0.276234388706289, 0.2648791152788247, 0.2477161895702481, 0.24070890897079644, 0.2388826734251599, 0.23624554121432917, 0.23391990783249172, 0.23088410882149446, 0.21924373687806886, 0.21281750992623594, 0.20719555921230182, 0.2048244873137407, 0.2037744406792802, 0.2037283418093483, 0.20371720694007278, 0.20370758632538255, 0.20370240747184565, 0.20370148407362665, 0.20370141617744864, 0.20370141439372103]}, "1": {"maxiter": 100, "gtol": 1e-05, "xrtol": 1e-05, "eps": 1e-10, "duration": 0.07650613784790039, "fun": "0.20370141432157274", "jac": "[-1.11022293e-06 -2.22044587e-06  0.00000000e+00 -2.22044587e-06\n -4.44089173e-06 -3.33066880e-06]", "hess_inv": "[[  3.71879624   1.21511545  -1.82795164  -0.80738191  -0.50468487\n    0.93563492]\n [  1.21511545  31.31313159 -23.15594682  -7.7213492   -3.21775014\n   -2.16977356]\n [ -1.82795164 -23.15594682  20.92338775   4.82762083   2.98699071\n   -1.17848612]\n [ -0.80738191  -7.7213492    4.82762083   5.56083714   0.40773724\n    2.26735152]\n [ -0.50468487  -3.21775014   2.98699071   0.40773724   4.23490256\n    1.44692381]\n [  0.93563492  -2.16977356  -1.17848612   2.26735152   1.44692381\n    8.29415011]]", "nfev": "266", "njev": "38", "status": "0", "success": "True", "message": "Optimization terminated successfully.", "x": "[6.77258504 0.28893618 4.00104823 4.11519359 4.06322911 4.56197538]", "nit": "34", "callback": [0.5924575325774251, 0.5093513450563011, 0.4776420027702377, 0.4198991458777992, 0.3447004719460075, 0.32104476549197714, 0.3094657186270915, 0.29748032912045796, 0.29578545791792077, 0.29514412753981867, 0.2940401167731198, 0.29200933346319413, 0.2883125927518859, 0.28259437697486867, 0.2762423715919763, 0.26489260541452975, 0.2477306847911147, 0.24070979920425872, 0.23888682204071576, 0.23625197465057823, 0.23391583804199279, 0.23083410923626058, 0.21908873650363125, 0.2126620690380263, 0.20720633635790797, 0.20480282511021752, 0.20378685389916074, 0.20373930239174676, 0.2037229060858179, 0.2037090067099384, 0.20370247581967238, 0.20370148327657778, 0.20370141648179385, 0.20370141432157274]}, "2": {"maxiter": 100, "gtol": 1e-05, "xrtol": 1e-10, "eps": 1e-05, "duration": 0.07634615898132324, "fun": "0.20370141439372103", "jac": "[-1.76328951e-06 -1.87259097e-06 -2.22328822e-06  1.27475808e-06\n -1.44488865e-06 -1.89205318e-06]", "hess_inv": "[[  3.70645319   1.12058293  -1.75406827  -0.79846263  -0.48620516\n    0.91509046]\n [  1.12058293  30.09867959 -22.22228145  -7.3150918   -2.89470129\n   -2.14440336]\n [ -1.75406827 -22.22228145  20.2461254    4.52028714   2.76078631\n   -1.16410756]\n [ -0.79846263  -7.3150918    4.52028714   5.47063874   0.28139822\n    2.233914  ]\n [ -0.48620516  -2.89470129   2.76078631   0.28139822   4.14098416\n    1.36634317]\n [  0.91509046  -2.14440336  -1.16410756   2.233914     1.36634317\n    8.19542204]]", "nfev": "266", "njev": "38", "status": "0", "success": "True", "message": "Optimization terminated successfully.", "x": "[6.77257688 0.28895597 4.00102101 4.11519124 4.06321936 4.56196628]", "nit": "34", "callback": [0.5924567002433541, 0.5093493086991514, 0.4776397130377058, 0.419896451746973, 0.3446978634297, 0.32104235152275673, 0.3094637929744839, 0.2974803861391583, 0.29578552348002307, 0.29514430758763366, 0.29404011691885557, 0.29200915900992364, 0.28831114574678185, 0.28259089979045693, 0.276234388706289, 0.2648791152788247, 0.2477161895702481, 0.24070890897079644, 0.2388826734251599, 0.23624554121432917, 0.23391990783249172, 0.23088410882149446, 0.21924373687806886, 0.21281750992623594, 0.20719555921230182, 0.2048244873137407, 0.2037744406792802, 0.2037283418093483, 0.20371720694007278, 0.20370758632538255, 0.20370240747184565, 0.20370148407362665, 0.20370141617744864, 0.20370141439372103]}, "3": {"maxiter": 100, "gtol": 1e-05, "xrtol": 1e-10, "eps": 1e-10, "duration": 0.08313393592834473, "fun": "0.20370141432157274", "jac": "[-1.11022293e-06 -2.22044587e-06  0.00000000e+00 -2.22044587e-06\n -4.44089173e-06 -3.33066880e-06]", "hess_inv": "[[  3.71879624   1.21511545  -1.82795164  -0.80738191  -0.50468487\n    0.93563492]\n [  1.21511545  31.31313159 -23.15594682  -7.7213492   -3.21775014\n   -2.16977356]\n [ -1.82795164 -23.15594682  20.92338775   4.82762083   2.98699071\n   -1.17848612]\n [ -0.80738191  -7.7213492    4.82762083   5.56083714   0.40773724\n    2.26735152]\n [ -0.50468487  -3.21775014   2.98699071   0.40773724   4.23490256\n    1.44692381]\n [  0.93563492  -2.16977356  -1.17848612   2.26735152   1.44692381\n    8.29415011]]", "nfev": "266", "njev": "38", "status": "0", "success": "True", "message": "Optimization terminated successfully.", "x": "[6.77258504 0.28893618 4.00104823 4.11519359 4.06322911 4.56197538]", "nit": "34", "callback": [0.5924575325774251, 0.5093513450563011, 0.4776420027702377, 0.4198991458777992, 0.3447004719460075, 0.32104476549197714, 0.3094657186270915, 0.29748032912045796, 0.29578545791792077, 0.29514412753981867, 0.2940401167731198, 0.29200933346319413, 0.2883125927518859, 0.28259437697486867, 0.2762423715919763, 0.26489260541452975, 0.2477306847911147, 0.24070979920425872, 0.23888682204071576, 0.23625197465057823, 0.23391583804199279, 0.23083410923626058, 0.21908873650363125, 0.2126620690380263, 0.20720633635790797, 0.20480282511021752, 0.20378685389916074, 0.20373930239174676, 0.2037229060858179, 0.2037090067099384, 0.20370247581967238, 0.20370148327657778, 0.20370141648179385, 0.20370141432157274]}, "4": {"maxiter": 100, "gtol": 1e-10, "xrtol": 1e-05, "eps": 1e-05, "duration": 0.08487319946289062, "fun": "0.20370141432519484", "jac": "[-6.05404615e-08 -2.31437092e-07 -4.23272528e-07  1.94966265e-07\n -4.03599376e-07 -2.04170014e-07]", "hess_inv": "[[  3.85410051   1.54889882  -2.00592445  -0.97524107  -0.3939998\n    1.11086144]\n [  1.54889882  30.19120744 -22.01210068  -7.74189771  -2.17036153\n   -1.49887503]\n [ -2.00592445 -22.01210068  19.90607766   4.75146461   2.22975033\n   -1.56154404]\n [ -0.97524107  -7.74189771   4.75146461   5.67586193   0.13682829\n    1.993712  ]\n [ -0.3939998   -2.17036153   2.22975033   0.13682829   4.01706996\n    1.45776998]\n [  1.11086144  -1.49887503  -1.56154404   1.993712     1.45776998\n    8.44976442]]", "nfev": "273", "njev": "39", "status": "0", "success": "True", "message": "Optimization terminated successfully.", "x": "[6.7725849  0.28897019 4.00101472 4.11518232 4.06322795 4.56197751]", "nit": "35", "callback": [0.5924567002433541, 0.5093493086991514, 0.4776397130377058, 0.419896451746973, 0.3446978634297, 0.32104235152275673, 0.3094637929744839, 0.2974803861391583, 0.29578552348002307, 0.29514430758763366, 0.29404011691885557, 0.29200915900992364, 0.28831114574678185, 0.28259089979045693, 0.276234388706289, 0.2648791152788247, 0.2477161895702481, 0.24070890897079644, 0.2388826734251599, 0.23624554121432917, 0.23391990783249172, 0.23088410882149446, 0.21924373687806886, 0.21281750992623594, 0.20719555921230182, 0.2048244873137407, 0.2037744406792802, 0.2037283418093483, 0.20371720694007278, 0.20370758632538255, 0.20370240747184565, 0.20370148407362665, 0.20370141617744864, 0.20370141439372103, 0.20370141432519484]}, "5": {"maxiter": 100, "gtol": 1e-10, "xrtol": 1e-05, "eps": 1e-10, "duration": 0.08174586296081543, "fun": "0.2037014142973842", "jac": "[ 1.11022293e-06  1.11022293e-06  1.11022293e-06  2.22044587e-06\n -1.11022293e-06 -1.11022293e-06]", "hess_inv": "[[  3.82897859   1.8737239   -2.42198103  -0.84228062  -0.33104137\n    1.39525677]\n [  1.8737239   35.14823404 -26.75680596  -7.74846255  -1.93367733\n    0.92667238]\n [ -2.42198103 -26.75680596  24.10132948   5.1051579    2.17204248\n   -3.48453176]\n [ -0.84228062  -7.74846255   5.1051579    5.24797445  -0.08653958\n    1.49874744]\n [ -0.33104137  -1.93367733   2.17204248  -0.08653958   3.91283426\n    1.32635885]\n [  1.39525677   0.92667238  -3.48453176   1.49874744   1.32635885\n    9.01311116]]", "nfev": "280", "njev": "40", "status": "0", "success": "True", "message": "Optimization terminated successfully.", "x": "[6.77258798 0.28895356 4.00103228 4.11519303 4.06323424 4.56198835]", "nit": "35", "callback": [0.5924575325774251, 0.5093513450563011, 0.4776420027702377, 0.4198991458777992, 0.3447004719460075, 0.32104476549197714, 0.3094657186270915, 0.29748032912045796, 0.29578545791792077, 0.29514412753981867, 0.2940401167731198, 0.29200933346319413, 0.2883125927518859, 0.28259437697486867, 0.2762423715919763, 0.26489260541452975, 0.2477306847911147, 0.24070979920425872, 0.23888682204071576, 0.23625197465057823, 0.23391583804199279, 0.23083410923626058, 0.21908873650363125, 0.2126620690380263, 0.20720633635790797, 0.20480282511021752, 0.20378685389916074, 0.20373930239174676, 0.2037229060858179, 0.2037090067099384, 0.20370247581967238, 0.20370148327657778, 0.20370141648179385, 0.20370141432157274, 0.2037014142973842]}, "6": {"maxiter": 100, "gtol": 1e-10, "xrtol": 1e-10, "eps": 1e-05, "duration": 0.12704014778137207, "fun": "0.20370141431597366", "jac": "[ 6.66133815e-11 -4.44089210e-11 -4.44089210e-11 -1.11022302e-10\n  1.11022302e-10  4.44089210e-11]", "hess_inv": "[[ 3.94121608e+00  1.62574095e+00 -2.21539922e+00 -1.01668987e+00\n  -4.42123100e-01  1.14315236e+00]\n [ 1.62574095e+00  3.03258682e+01 -2.26954778e+01 -7.62479908e+00\n  -2.68881731e+00 -1.72435636e+00]\n [-2.21539922e+00 -2.26954778e+01  2.13206170e+01  4.64245587e+00\n   3.15030815e+00 -1.26834983e+00]\n [-1.01668987e+00 -7.62479908e+00  4.64245587e+00  5.73250075e+00\n  -1.27050069e-02  1.90634828e+00]\n [-4.42123100e-01 -2.68881731e+00  3.15030815e+00 -1.27050069e-02\n   4.74070709e+00  1.75387190e+00]\n [ 1.14315236e+00 -1.72435636e+00 -1.26834983e+00  1.90634828e+00\n   1.75387190e+00  8.59701883e+00]]", "nfev": "446", "njev": "62", "status": "2", "success": "False", "message": "Desired error not necessarily achieved due to precision loss.", "x": "[6.77258483 0.28896769 4.00101854 4.1151817  4.06323098 4.56197877]", "nit": "38", "callback": [0.5924567002433541, 0.5093493086991514, 0.4776397130377058, 0.419896451746973, 0.3446978634297, 0.32104235152275673, 0.3094637929744839, 0.2974803861391583, 0.29578552348002307, 0.29514430758763366, 0.29404011691885557, 0.29200915900992364, 0.28831114574678185, 0.28259089979045693, 0.276234388706289, 0.2648791152788247, 0.2477161895702481, 0.24070890897079644, 0.2388826734251599, 0.23624554121432917, 0.23391990783249172, 0.23088410882149446, 0.21924373687806886, 0.21281750992623594, 0.20719555921230182, 0.2048244873137407, 0.2037744406792802, 0.2037283418093483, 0.20371720694007278, 0.20370758632538255, 0.20370240747184565, 0.20370148407362665, 0.20370141617744864, 0.20370141439372103, 0.20370141432519484, 0.20370141431657318, 0.20370141431597533, 0.20370141431597366]}, "7": {"maxiter": 100, "gtol": 1e-10, "xrtol": 1e-10, "eps": 1e-10, "duration": 0.13585424423217773, "fun": "0.20370141429304633", "jac": "[ 0.00000000e+00 -1.11022293e-06  0.00000000e+00  3.33066880e-06\n  1.11022293e-06  1.11022293e-06]", "hess_inv": "[[  0.9339341    1.18789153  -0.28546549  -0.17716105  -4.10816955\n    3.23376589]\n [  1.18789153   1.80416114  -0.45970847  -0.14546004  -5.99219639\n    4.49171662]\n [ -0.28546549  -0.45970847   0.15000313   0.03256983   1.44012501\n   -1.10629354]\n [ -0.17716105  -0.14546004   0.03256983   0.05834776   0.5672851\n   -0.51844235]\n [ -4.10816955  -5.99219639   1.44012501   0.5672851   20.27524948\n  -15.27277489]\n [  3.23376589   4.49171662  -1.10629354  -0.51844235 -15.27277489\n   11.73220698]]", "nfev": "434", "njev": "62", "status": "0", "success": "True", "message": "Optimization terminated successfully.", "x": "[6.77258724 0.28895408 4.0010303  4.11519127 4.0632385  4.5619893 ]", "nit": "44", "callback": [0.5924575325774251, 0.5093513450563011, 0.4776420027702377, 0.4198991458777992, 0.3447004719460075, 0.32104476549197714, 0.3094657186270915, 0.29748032912045796, 0.29578545791792077, 0.29514412753981867, 0.2940401167731198, 0.29200933346319413, 0.2883125927518859, 0.28259437697486867, 0.2762423715919763, 0.26489260541452975, 0.2477306847911147, 0.24070979920425872, 0.23888682204071576, 0.23625197465057823, 0.23391583804199279, 0.23083410923626058, 0.21908873650363125, 0.2126620690380263, 0.20720633635790797, 0.20480282511021752, 0.20378685389916074, 0.20373930239174676, 0.2037229060858179, 0.2037090067099384, 0.20370247581967238, 0.20370148327657778, 0.20370141648179385, 0.20370141432157274, 0.2037014142973842, 0.20370141429511746, 0.2037014142951017, 0.20370141429508704, 0.20370141429501154, 0.20370141429436028, 0.2037014142934308, 0.20370141429304645, 0.20370141429304633, 0.20370141429304633]}, "8": {"maxiter": 500, "gtol": 1e-05, "xrtol": 1e-05, "eps": 1e-05, "duration": 0.07761812210083008, "fun": "0.20370141439372103", "jac": "[-1.76328951e-06 -1.87259097e-06 -2.22328822e-06  1.27475808e-06\n -1.44488865e-06 -1.89205318e-06]", "hess_inv": "[[  3.70645319   1.12058293  -1.75406827  -0.79846263  -0.48620516\n    0.91509046]\n [  1.12058293  30.09867959 -22.22228145  -7.3150918   -2.89470129\n   -2.14440336]\n [ -1.75406827 -22.22228145  20.2461254    4.52028714   2.76078631\n   -1.16410756]\n [ -0.79846263  -7.3150918    4.52028714   5.47063874   0.28139822\n    2.233914  ]\n [ -0.48620516  -2.89470129   2.76078631   0.28139822   4.14098416\n    1.36634317]\n [  0.91509046  -2.14440336  -1.16410756   2.233914     1.36634317\n    8.19542204]]", "nfev": "266", "njev": "38", "status": "0", "success": "True", "message": "Optimization terminated successfully.", "x": "[6.77257688 0.28895597 4.00102101 4.11519124 4.06321936 4.56196628]", "nit": "34", "callback": [0.5924567002433541, 0.5093493086991514, 0.4776397130377058, 0.419896451746973, 0.3446978634297, 0.32104235152275673, 0.3094637929744839, 0.2974803861391583, 0.29578552348002307, 0.29514430758763366, 0.29404011691885557, 0.29200915900992364, 0.28831114574678185, 0.28259089979045693, 0.276234388706289, 0.2648791152788247, 0.2477161895702481, 0.24070890897079644, 0.2388826734251599, 0.23624554121432917, 0.23391990783249172, 0.23088410882149446, 0.21924373687806886, 0.21281750992623594, 0.20719555921230182, 0.20482448731374