{"date": "2024/09/24/, 03:28:54", "conf_id": 234, "data_type": "non_lin_ind\n", "num_data_points": 4, "s_rank": 0, "unitary": "[[-0.24866696+0.58742286j,-0.44704345-0.43151574j,-0.35669027-0.20570733j,-0.10517633+0.1626036j],[0.10596805-0.19687975j,-0.30269685-0.15056416j,0.18246286+0.30440582j,-0.83484447-0.11310748j],[0.26054512-0.52548482j,0.0285017-0.50723956j,-0.43110112+0.17165838j,0.15243271+0.39915801j],[0.42978035+0.11991271j,-0.17224126-0.46030424j,0.6827807-0.15164662j,0.26483638+0.0061855j]]", "databatch_0": {"databatch": "[[[-0.25809277+0.01690917j,0.17822902+0.28514666j,0.0097685+0.16276197j,-0.10493027+0.01762232j],[-0.01518984+0.12101786j,0.17302613+0.16363771j,0.00462136+0.09964033j,0.23740595+0.01643445j],[0.0496173+0.21285697j,0.30436588+0.09089311j,-0.00354765+0.14236948j,0.33957033+0.01339589j],[0.15059956+0.29676745j,0.20990589-0.34766549j,0.01118425-0.1832894j,0.03184996+0.22156474j]],[[0.16524364+0.06595925j,-0.18793467+0.34248321j,0.14056703-0.19825234j,0.28539994-0.26034859j],[-0.05744102+0.00216727j,-0.0633667-0.25818226j,-0.11682815+0.06249491j,0.07510383+0.0678475j],[0.08503634+0.17191729j,-0.26876273-0.2328547j,-0.07492403-0.02423214j,0.27518701-0.11361286j],[-0.16801355+0.31869741j,0.11745141-0.27310474j,0.06898105-0.02095965j,0.12621663+0.09095198j]],[[0.27746664+0.30767429j,-0.21095209+0.2258275j,0.18009087+0.04976662j,-0.08152894-0.29262188j],[-0.08496219-0.05052912j,0.05200839-0.05626173j,-0.0418155+0.01203593j,0.01155467+0.06512991j],[-0.03867882+0.0730533j,-0.04004584+0.17838297j,-0.10207161+0.07340357j,0.04183676-0.23993961j],[-0.11261039-0.14450942j,-0.2763502+0.14229554j,-0.26747116-0.20292093j,0.46298302-0.10544004j]],[[0.16226653-0.19517097j,-0.0553037-0.61643229j,0.00147945+0.2707767j,-0.27062228-0.26326835j],[0.02884029-0.04218312j,0.01827+0.00405317j,-0.07968677-0.02001422j,0.06690715+0.03223453j],[-0.00588306-0.17321203j,-0.17681897-0.27902807j,0.02681313+0.1276106j,-0.08511552-0.04632589j],[-0.09193418-0.15126506j,-0.11845117-0.19734585j,0.11554355+0.18833432j,-0.06861567-0.01676225j]]]", "initial param values": "[5.28026666,2.80276176,3.40155921,4.7500035,4.78095213,4.63136476]", "nelder_mead": {"type": "gradient-free", "0": {"maxiter": 100, "fatol": 1e-05, "xatol": 1e-05, "duration": 0.03517580032348633, "fun": "0.3537132350591585", "nit": "100", "nfev": "149", "status": "2", "success": "False", "message": "Maximum number of iterations has been exceeded.", "x": "[7.84895901 4.50369648 3.65394231 1.48033855 5.01193283 4.22565954]", "final_simplex": "(array([[7.84895901, 4.50369648, 3.65394231, 1.48033855, 5.01193283,\n        4.22565954],\n       [7.7241806 , 4.49754313, 3.57620249, 1.32901089, 5.05283085,\n        4.1399106 ],\n       [7.65757934, 4.51840218, 3.55125615, 1.40928448, 5.13852907,\n        4.16355381],\n       [7.89132698, 4.5075181 , 3.44017306, 1.46374537, 4.89189412,\n        4.2036643 ],\n       [7.79605113, 4.34649048, 3.41669782, 1.5504415 , 4.95511575,\n        4.30723631],\n       [7.71803774, 4.39440764, 3.64417444, 1.50087866, 4.89108904,\n        4.1549125 ],\n       [7.74661915, 4.43118081, 3.51165956, 1.64682595, 5.02054456,\n        4.17314952]]), array([0.35371324, 0.35725123, 0.36064729, 0.36341091, 0.36672809,\n       0.36789043, 0.36800981]))", "callback": [0.7263654926754015, 0.6777218565534919, 0.6306406974823083, 0.593573383480431, 0.48142352690242285, 0.4545249912523063, 0.40746923328013207, 0.3695319800059855, 0.3695319800059855]}, "1": {"maxiter": 100, "fatol": 1e-05, "xatol": 1e-10, "duration": 0.03349804878234863, "fun": "0.3537132350591585", "nit": "100", "nfev": "149", "status": "2", "success": "False", "message": "Maximum number of iterations has been exceeded.", "x": "[7.84895901 4.50369648 3.65394231 1.48033855 5.01193283 4.22565954]", "final_simplex": "(array([[7.84895901, 4.50369648, 3.65394231, 1.48033855, 5.01193283,\n        4.22565954],\n       [7.7241806 , 4.49754313, 3.57620249, 1.32901089, 5.05283085,\n        4.1399106 ],\n       [7.65757934, 4.51840218, 3.55125615, 1.40928448, 5.13852907,\n        4.16355381],\n       [7.89132698, 4.5075181 , 3.44017306, 1.46374537, 4.89189412,\n        4.2036643 ],\n       [7.79605113, 4.34649048, 3.41669782, 1.5504415 , 4.95511575,\n        4.30723631],\n       [7.71803774, 4.39440764, 3.64417444, 1.50087866, 4.89108904,\n        4.1549125 ],\n       [7.74661915, 4.43118081, 3.51165956, 1.64682595, 5.02054456,\n        4.17314952]]), array([0.35371324, 0.35725123, 0.36064729, 0.36341091, 0.36672809,\n       0.36789043, 0.36800981]))", "callback": [0.7263654926754015, 0.6777218565534919, 0.6306406974823083, 0.593573383480431, 0.48142352690242285, 0.4545249912523063, 0.40746923328013207, 0.3695319800059855, 0.3695319800059855]}, "2": {"maxiter": 100, "fatol": 1e-10, "xatol": 1e-05, "duration": 0.03416085243225098, "fun": "0.3537132350591585", "nit": "100", "nfev": "149", "status": "2", "success": "False", "message": "Maximum number of iterations has been exceeded.", "x": "[7.84895901 4.50369648 3.65394231 1.48033855 5.01193283 4.22565954]", "final_simplex": "(array([[7.84895901, 4.50369648, 3.65394231, 1.48033855, 5.01193283,\n        4.22565954],\n       [7.7241806 , 4.49754313, 3.57620249, 1.32901089, 5.05283085,\n        4.1399106 ],\n       [7.65757934, 4.51840218, 3.55125615, 1.40928448, 5.13852907,\n        4.16355381],\n       [7.89132698, 4.5075181 , 3.44017306, 1.46374537, 4.89189412,\n        4.2036643 ],\n       [7.79605113, 4.34649048, 3.41669782, 1.5504415 , 4.95511575,\n        4.30723631],\n       [7.71803774, 4.39440764, 3.64417444, 1.50087866, 4.89108904,\n        4.1549125 ],\n       [7.74661915, 4.43118081, 3.51165956, 1.64682595, 5.02054456,\n        4.17314952]]), array([0.35371324, 0.35725123, 0.36064729, 0.36341091, 0.36672809,\n       0.36789043, 0.36800981]))", "callback": [0.7263654926754015, 0.6777218565534919, 0.6306406974823083, 0.593573383480431, 0.48142352690242285, 0.4545249912523063, 0.40746923328013207, 0.3695319800059855, 0.3695319800059855]}, "3": {"maxiter": 100, "fatol": 1e-10, "xatol": 1e-10, "duration": 0.03388190269470215, "fun": "0.3537132350591585", "nit": "100", "nfev": "149", "status": "2", "success": "False", "message": "Maximum number of iterations has been exceeded.", "x": "[7.84895901 4.50369648 3.65394231 1.48033855 5.01193283 4.22565954]", "final_simplex": "(array([[7.84895901, 4.50369648, 3.65394231, 1.48033855, 5.01193283,\n        4.22565954],\n       [7.7241806 , 4.49754313, 3.57620249, 1.32901089, 5.05283085,\n        4.1399106 ],\n       [7.65757934, 4.51840218, 3.55125615, 1.40928448, 5.13852907,\n        4.16355381],\n       [7.89132698, 4.5075181 , 3.44017306, 1.46374537, 4.89189412,\n        4.2036643 ],\n       [7.79605113, 4.34649048, 3.41669782, 1.5504415 , 4.95511575,\n        4.30723631],\n       [7.71803774, 4.39440764, 3.64417444, 1.50087866, 4.89108904,\n        4.1549125 ],\n       [7.74661915, 4.43118081, 3.51165956, 1.64682595, 5.02054456,\n        4.17314952]]), array([0.35371324, 0.35725123, 0.36064729, 0.36341091, 0.36672809,\n       0.36789043, 0.36800981]))", "callback": [0.7263654926754015, 0.6777218565534919, 0.6306406974823083, 0.593573383480431, 0.48142352690242285, 0.4545249912523063, 0.40746923328013207, 0.3695319800059855, 0.3695319800059855]}, "4": {"maxiter": 500, "fatol": 1e-05, "xatol": 1e-05, "duration": 0.11016106605529785, "fun": "0.34140824128196867", "nit": "318", "nfev": "500", "status": "0", "success": "True", "message": "Optimization terminated successfully.", "x": "[7.85719188 4.63407005 3.82945577 1.09041142 4.9829746  4.34189373]", "final_simplex": "(array([[7.85719188, 4.63407005, 3.82945577, 1.09041142, 4.9829746 ,\n        4.34189373],\n       [7.85719256, 4.63406812, 3.82944585, 1.09041493, 4.98296894,\n        4.34190073],\n       [7.85719523, 4.63406561, 3.82945114, 1.09041269, 4.98296937,\n        4.34189488],\n       [7.8571882 , 4.63406945, 3.82945134, 1.09040629, 4.98297043,\n        4.34189283],\n       [7.85719107, 4.63406798, 3.82944676, 1.09041583, 4.98297546,\n        4.34189585],\n       [7.85718605, 4.63406465, 3.82945756, 1.09040631, 4.98297002,\n        4.34189318],\n       [7.85718954, 4.63406853, 3.82945212, 1.09041314, 4.98297079,\n        4.34188901]]), array([0.34140824, 0.34140824, 0.34140824, 0.34140824, 0.34140824,\n       0.34140824, 0.34140824]))", "callback": [0.7263654926754015, 0.6777218565534919, 0.6306406974823083, 0.593573383480431, 0.48142352690242285, 0.4545249912523063, 0.40746923328013207, 0.3695319800059855, 0.3695319800059855, 0.35329920559415384, 0.3437945502056754, 0.34327032780045996, 0.34231581011229695, 0.34229624447482354, 0.34211078090487146, 0.34203861485705356, 0.3418585784199608, 0.34160574653629205, 0.34149651054425134, 0.34145915125985216, 0.34142517992495436, 0.34141585971318233, 0.34140935189608423, 0.34140849294579056, 0.34140829060200806, 0.3414082484404172, 0.34140824270939585, 0.3414082416987483, 0.34140824136534154, 0.34140824132971237, 0.34140824128564906]}, "5": {"maxiter": 500, "fatol": 1e-05, "xatol": 1e-10, "duration": 0.15790104866027832, "fun": "0.34140824127835223", "nit": "408", "nfev": "711", "status": "0", "success": "True", "message": "Optimization terminated successfully.", "x": "[7.85719227 4.6340702  3.82945464 1.09040774 4.98296961 4.34189809]", "final_simplex": "(array([[7.85719227, 4.6340702 , 3.82945464, 1.09040774, 4.98296961,\n        4.34189809],\n       [7.85719227, 4.6340702 , 3.82945464, 1.09040774, 4.98296961,\n        4.34189809],\n       [7.85719227, 4.6340702 , 3.82945464, 1.09040774, 4.98296961,\n        4.34189809],\n       [7.85719227, 4.6340702 , 3.82945464, 1.09040774, 4.98296961,\n        4.34189809],\n       [7.85719227, 4.6340702 , 3.82945464, 1.09040774, 4.98296961,\n        4.34189809],\n       [7.85719227, 4.6340702 , 3.82945464, 1.09040774, 4.98296961,\n        4.34189809],\n       [7.85719227, 4.6340702 , 3.82945464, 1.09040774, 4.98296961,\n        4.34189809]]), array([0.34140824, 0.34140824, 0.34140824, 0.34140824, 0.34140824,\n       0.34140824, 0.34140824]))", "callback": [0.7263654926754015, 0.6777218565534919, 0.6306406974823083, 0.593573383480431, 0.48142352690242285, 0.4545249912523063, 0.40746923328013207, 0.3695319800059855, 0.3695319800059855, 0.35329920559415384, 0.3437945502056754, 0.34327032780045996, 0.34231581011229695, 0.34229624447482354, 0.34211078090487146, 0.34203861485705356, 0.3418585784199608, 0.34160574653629205, 0.34149651054425134, 0.34145915125985216, 0.34142517992495436, 0.34141585971318233, 0.34140935189608423, 0.34140849294579056, 0.34140829060200806, 0.3414082484404172, 0.34140824270939585, 0.3414082416987483, 0.34140824136534154, 0.34140824132971237, 0.34140824128564906, 0.3414082412816851, 0.3414082412788788, 0.3414082412785111, 0.341408241278374, 0.3414082412783639, 0.341408241278354, 0.34140824127835256, 0.34140824127835223, 0.34140824127835223]}, "6": {"maxiter": 500, "fatol": 1e-10, "xatol": 1e-05, "duration": 0.11094021797180176, "fun": "0.34140824128196867", "nit": "318", "nfev": "500", "status": "0", "success": "True", "message": "Optimization terminated successfully.", "x": "[7.85719188 4.63407005 3.82945577 1.09041142 4.9829746  4.34189373]", "final_simplex": "(array([[7.85719188, 4.63407005, 3.82945577, 1.09041142, 4.9829746 ,\n        4.34189373],\n       [7.85719256, 4.63406812, 3.82944585, 1.09041493, 4.98296894,\n        4.34190073],\n       [7.85719523, 4.63406561, 3.82945114, 1.09041269, 4.98296937,\n        4.34189488],\n       [7.8571882 , 4.63406945, 3.82945134, 1.09040629, 4.98297043,\n        4.34189283],\n       [7.85719107, 4.63406798, 3.82944676, 1.09041583, 4.98297546,\n        4.34189585],\n       [7.85718605, 4.63406465, 3.82945756, 1.09040631, 4.98297002,\n        4.34189318],\n       [7.85718954, 4.63406853, 3.82945212, 1.09041314, 4.98297079,\n        4.34188901]]), array([0.34140824, 0.34140824, 0.34140824, 0.34140824, 0.34140824,\n       0.34140824, 0.34140824]))", "callback": [0.7263654926754015, 0.6777218565534919, 0.6306406974823083, 0.593573383480431, 0.48142352690242285, 0.4545249912523063, 0.40746923328013207, 0.3695319800059855, 0.3695319800059855, 0.35329920559415384, 0.3437945502056754, 0.34327032780045996, 0.34231581011229695, 0.34229624447482354, 0.34211078090487146, 0.34203861485705356, 0.3418585784199608, 0.34160574653629205, 0.34149651054425134, 0.34145915125985216, 0.34142517992495436, 0.34141585971318233, 0.34140935189608423, 0.34140849294579056, 0.34140829060200806, 0.3414082484404172, 0.34140824270939585, 0.3414082416987483, 0.34140824136534154, 0.34140824132971237, 0.34140824128564906]}, "7": {"maxiter": 500, "fatol": 1e-10, "xatol": 1e-10, "duration": 0.1757068634033203, "fun": "0.34140824127835223", "nit": "408", "nfev": "711", "status": "0", "success": "True", "message": "Optimization terminated successfully.", "x": "[7.85719227 4.6340702  3.82945464 1.09040774 4.98296961 4.34189809]", "final_simplex": "(array([[7.85719227, 4.6340702 , 3.82945464, 1.09040774, 4.98296961,\n        4.34189809],\n       [7.85719227, 4.6340702 , 3.82945464, 1.09040774, 4.98296961,\n        4.34189809],\n       [7.85719227, 4.6340702 , 3.82945464, 1.09040774, 4.98296961,\n        4.34189809],\n       [7.85719227, 4.6340702 , 3.82945464, 1.09040774, 4.98296961,\n        4.34189809],\n       [7.85719227, 4.6340702 , 3.82945464, 1.09040774, 4.98296961,\n        4.34189809],\n       [7.85719227, 4.6340702 , 3.82945464, 1.09040774, 4.98296961,\n        4.34189809],\n       [7.85719227, 4.6340702 , 3.82945464, 1.09040774, 4.98296961,\n        4.34189809]]), array([0.34140824, 0.34140824, 0.34140824, 0.34140824, 0.34140824,\n       0.34140824, 0.34140824]))", "callback": [0.7263654926754015, 0.6777218565534919, 0.6306406974823083, 0.593573383480431, 0.48142352690242285, 0.4545249912523063, 0.40746923328013207, 0.3695319800059855, 0.3695319800059855, 0.35329920559415384, 0.3437945502056754, 0.34327032780045996, 0.34231581011229695, 0.34229624447482354, 0.34211078090487146, 0.34203861485705356, 0.3418585784199608, 0.34160574653629205, 0.34149651054425134, 0.34145915125985216, 0.34142517992495436, 0.34141585971318233, 0.34140935189608423, 0.34140849294579056, 0.34140829060200806, 0.3414082484404172, 0.34140824270939585, 0.3414082416987483, 0.34140824136534154, 0.34140824132971237, 0.34140824128564906, 0.3414082412816851, 0.3414082412788788, 0.3414082412785111, 0.341408241278374, 0.3414082412783639, 0.341408241278354, 0.34140824127835256, 0.34140824127835223, 0.34140824127835223]}, "8": {"maxiter": 1000, "fatol": 1e-05, "xatol": 1e-05, "duration": 0.12460207939147949, "fun": "0.34140824128196867", "nit": "318", "nfev": "500", "status": "0", "success": "True", "message": "Optimization terminated successfully.", "x": "[7.85719188 4.63407005 3.82945577 1.09041142 4.9829746  4.34189373]", "final_simplex": "(array([[7.85719188, 4.63407005, 3.82945577, 1.09041142, 4.9829746 ,\n        4.34189373],\n       [7.85719256, 4.63406812, 3.82944585, 1.09041493, 4.98296894,\n        4.34190073],\n       [7.85719523, 4.63406561, 3.82945114, 1.09041269, 4.98296937,\n        4.34189488],\n       [7.8571882 , 4.63406945, 3.82945134, 1.09040629, 4.98297043,\n        4.34189283],\n       [7.85719107, 4.63406798, 3.82944676, 1.09041583, 4.98297546,\n        4.34189585],\n       [7.85718605, 4.63406465, 3.82945756, 1.09040631, 4.98297002,\n        4.34189318],\n       [7.85718954, 4.63406853, 3.82945212, 1.09041314, 4.98297079,\n        4.34188901]]), array([0.34140824, 0.34140824, 0.34140824, 0.34140824, 0.34140824,\n       0.34140824, 0.34140824]))", "callback": [0.7263654926754015, 0.6777218565534919, 0.6306406974823083, 0.593573383480431, 0.48142352690242285, 0.4545249912523063, 0.40746923328013207, 0.3695319800059855, 0.3695319800059855, 0.35329920559415384, 0.3437945502056754, 0.34327032780045996, 0.34231581011229695, 0.34229624447482354, 0.34211078090487146, 0.34203861485705356, 0.3418585784199608, 0.34160574653629205, 0.34149651054425134, 0.34145915125985216, 0.34142517992495436, 0.34141585971318233, 0.34140935189608423, 0.34140849294579056, 0.34140829060200806, 0.3414082484404172, 0.34140824270939585, 0.3414082416987483, 0.34140824136534154, 0.34140824132971237, 0.34140824128564906]}, "9": {"maxiter": 1000, "fatol": 1e-05, "xatol": 1e-10, "duration": 0.15741896629333496, "fun": "0.34140824127835223", "nit": "408", "nfev": "711", "status": "0", "success": "True", "message": "Optimization terminated successfully.", "x": "[7.85719227 4.6340702  3.82945464 1.09040774 4.98296961 4.34189809]", "final_simplex": "(array([[7.85719227, 4.6340702 , 3.82945464, 1.09040774, 4.98296961,\n        4.34189809],\n       [7.85719227, 4.6340702 , 3.82945464, 1.09040774, 4.98296961,\n        4.34189809],\n       [7.85719227, 4.6340702 , 3.82945464, 1.09040774, 4.98296961,\n        4.34189809],\n       [7.85719227, 4.6340702 , 3.82945464, 1.09040774, 4.98296961,\n        4.34189809],\n       [7.85719227, 4.6340702 , 3.82945464, 1.09040774, 4.98296961,\n        4.34189809],\n       [7.85719227, 4.6340702 , 3.82945464, 1.09040774, 4.98296961,\n        4.34189809],\n       [7.85719227, 4.6340702 , 3.82945464, 1.09040774, 4.98296961,\n        4.34189809]]), array([0.34140824, 0.34140824, 0.34140824, 0.34140824, 0.34140824,\n       0.34140824, 0.34140824]))", "callback": [0.7263654926754015, 0.6777218565534919, 0.6306406974823083, 0.593573383480431, 0.48142352690242285, 0.4545249912523063, 0.40746923328013207, 0.3695319800059855, 0.3695319800059855, 0.35329920559415384, 0.3437945502056754, 0.34327032780045996, 0.34231581011229695, 0.34229624447482354, 0.34211078090487146, 0.34203861485705356, 0.3418585784199608, 0.34160574653629205, 0.34149651054425134, 0.34145915125985216, 0.34142517992495436, 0.34141585971318233, 0.34140935189608423, 0.34140849294579056, 0.34140829060200806, 0.3414082484404172, 0.34140824270939585, 0.3414082416987483, 0.34140824136534154, 0.34140824132971237, 0.34140824128564906, 0.3414082412816851, 0.3414082412788788, 0.3414082412785111, 0.341408241278374, 0.3414082412783639, 0.341408241278354, 0.34140824127835256, 0.34140824127835223, 0.34140824127835223]}, "10": {"maxiter": 1000, "fatol": 1e-10, "xatol": 1e-05, "duration": 0.11644291877746582, "fun": "0.34140824128196867", "nit": "318", "nfev": "500", "status": "0", "success": "True", "message": "Optimization terminated successfully.", "x": "[7.85719188 4.63407005 3.82945577 1.09041142 4.9829746  4.34189373]", "final_simplex": "(array([[7.85719188, 4.63407005, 3.82945577, 1.09041142, 4.9829746 ,\n        4.34189373],\n       [7.85719256, 4.63406812, 3.82944585, 1.09041493, 4.98296894,\n        4.34190073],\n       [7.85719523, 4.63406561, 3.82945114, 1.09041269, 4.98296937,\n        4.34189488],\n       [7.8571882 , 4.63406945, 3.82945134, 1.09040629, 4.98297043,\n        4.34189283],\n       [7.85719107, 4.63406798, 3.82944676, 1.09041583, 4.98297546,\n        4.34189585],\n       [7.85718605, 4.63406465, 3.82945756, 1.09040631, 4.98297002,\n        4.34189318],\n       [7.85718954, 4.63406853, 3.82945212, 1.09041314, 4.98297079,\n        4.34188901]]), array([0.34140824, 0.34140824, 0.34140824, 0.34140824, 0.34140824,\n       0.34140824, 0.34140824]))", "callback": [0.7263654926754015, 0.6777218565534919, 0.6306406974823083, 0.593573383480431, 0.48142352690242285, 0.4545249912523063, 0.40746923328013207, 0.3695319800059855, 0.3695319800059855, 0.35329920559415384, 0.3437945502056754, 0.34327032780045996, 0.34231581011229695, 0.34229624447482354, 0.34211078090487146, 0.34203861485705356, 0.3418585784199608, 0.34160574653629205, 0.34149651054425134, 0.34145915125985216, 0.34142517992495436, 0.34141585971318233, 0.34140935189608423, 0.34140849294579056, 0.34140829060200806, 0.3414082484404172, 0.34140824270939585, 0.3414082416987483, 0.34140824136534154, 0.34140824132971237, 0.34140824128564906]}, "11": {"maxiter": 1000, "fatol": 1e-10, "xatol": 1e-10, "duration": 0.18140816688537598, "fun": "0.34140824127835223", "nit": "408", "nfev": "711", "status": "0", "success": "True", "message": "Optimization terminated successfully.", "x": "[7.85719227 4.6340702  3.82945464 1.09040774 4.98296961 4.34189809]", "final_simplex": "(array([[7.85719227, 4.6340702 , 3.82945464, 1.09040774, 4.98296961,\n        4.34189809],\n       [7.85719227, 4.6340702 , 3.82945464, 1.09040774, 4.98296961,\n        4.34189809],\n       [7.85719227, 4.6340702 , 3.82945464, 1.09040774, 4.98296961,\n        4.34189809],\n       [7.85719227, 4.6340702 , 3.82945464, 1.09040774, 4.98296961,\n        4.34189809],\n       [7.85719227, 4.6340702 , 3.82945464, 1.09040774, 4.98296961,\n        4.34189809],\n       [7.85719227, 4.6340702 , 3.82945464, 1.09040774, 4.98296961,\n        4.34189809],\n       [7.85719227, 4.6340702 , 3.82945464, 1.09040774, 4.98296961,\n        4.34189809]]), array([0.34140824, 0.34140824, 0.34140824, 0.34140824, 0.34140824,\n       0.34140824, 0.34140824]))", "callback": [0.7263654926754015, 0.6777218565534919, 0.6306406974823083, 0.593573383480431, 0.48142352690242285, 0.4545249912523063, 0.40746923328013207, 0.3695319800059855, 0.3695319800059855, 0.35329920559415384, 0.3437945502056754, 0.34327032780045996, 0.34231581011229695, 0.34229624447482354, 0.34211078090487146, 0.34203861485705356, 0.3418585784199608, 0.34160574653629205, 0.34149651054425134, 0.34145915125985216, 0.34142517992495436, 0.34141585971318233, 0.34140935189608423, 0.34140849294579056, 0.34140829060200806, 0.3414082484404172, 0.34140824270939585, 0.3414082416987483, 0.34140824136534154, 0.34140824132971237, 0.34140824128564906, 0.3414082412816851, 0.3414082412788788, 0.3414082412785111, 0.341408241278374, 0.3414082412783639, 0.341408241278354, 0.34140824127835256, 0.34140824127835223, 0.34140824127835223]}}, "bfgs": {"type": "gradient", "0": {"maxiter": 100, "gtol": 1e-05, "xrtol": 1e-05, "eps": 1e-05, "duration": 0.09323596954345703, "fun": "0.34140824130253067", "jac": "[ 1.46986867e-06 -9.14257559e-07  3.14726023e-07  1.17752474e-06\n  2.24099628e-06  2.93572944e-06]", "hess_inv": "[[ 3.94408729  0.15554732 -0.36156284  0.55571337 -0.36524349  0.67825813]\n [ 0.15554732  4.069987    0.08760735 -0.10114286 -1.08003278  1.19243774]\n [-0.36156284  0.08760735  6.46623546 -3.98258149  0.78966001 -2.45188987]\n [ 0.55571337 -0.10114286 -3.98258149  7.61949254  0.51262155 -0.2403353 ]\n [-0.36524349 -1.08003278  0.78966001  0.51262155  6.01832838 -4.38244626]\n [ 0.67825813  1.19243774 -2.45188987 -0.2403353  -4.38244626  7.69360173]]", "nfev": "392", "njev": "56", "status": "0", "success": "True", "message": "Optimization terminated successfully.", "x": "[ 7.8571945  -1.64912349  3.82944269  1.09041436 11.26615408 10.62509308]", "nit": "43", "callback": [0.6769373185684204, 0.5984854620186543, 0.3989901663974984, 0.3414162079913343]}, "1": {"maxiter": 100, "gtol": 1e-05, "xrtol": 1e-05, "eps": 1e-10, "duration": 0.08843278884887695, "fun": "0.34140824155068894", "jac": "[ 6.66133760e-06  2.22044587e-06  4.44089173e-06  2.22044587e-06\n -3.33066880e-06 -8.88178346e-06]", "hess_inv": "[[ 3.8053138   0.20910176 -0.61165997  0.54472376 -0.35131618  0.96358248]\n [ 0.20910176  4.13146576  0.25436054 -0.10778147 -1.06646831  1.00229902]\n [-0.61165997  0.25436054  6.6047405  -4.22555667  0.84534398 -2.92064119]\n [ 0.54472376 -0.10778147 -4.22555667  7.1013052   0.39709291  0.65336648]\n [-0.35131618 -1.06646831  0.84534398  0.39709291  5.86257679 -4.46955327]\n [ 0.96358248  1.00229902 -2.92064119  0.65336648 -4.46955327  7.78449313]]", "nfev": "371", "njev": "53", "status": "0", "success": "True", "message": "Optimization terminated successfully.", "x": "[ 7.85720183 -1.64910895  3.82947838  1.09041513 11.26616633 10.62503322]", "nit": "41", "callback": [0.6769355969988469, 0.5986555474810882, 0.40320318069897, 0.34140828048271843]}, "2": {"maxiter": 100, "gtol": 1e-05, "xrtol": 1e-10, "eps": 1e-05, "duration": 0.09156298637390137, "fun": "0.34140824130253067", "jac": "[ 1.46986867e-06 -9.14257559e-07  3.14726023e-07  1.17752474e-06\n  2.24099628e-06  2.93572944e-06]", "hess_inv": "[[ 3.94408729  0.15554732 -0.36156284  0.55571337 -0.36524349  0.67825813]\n [ 0.15554732  4.069987    0.08760735 -0.10114286 -1.08003278  1.19243774]\n [-0.36156284  0.08760735  6.46623546 -3.98258149  0.78966001 -2.45188987]\n [ 0.55571337 -0.10114286 -3.98258149  7.61949254  0.51262155 -0.2403353 ]\n [-0.36524349 -1.08003278  0.78966001  0.51262155  6.01832838 -4.38244626]\n [ 0.67825813  1.19243774 -2.45188987 -0.2403353  -4.38244626  7.69360173]]", "nfev": "392", "njev": "56", "status": "0", "success": "True", "message": "Optimization terminated successfully.", "x": "[ 7.8571945  -1.64912349  3.82944269  1.09041436 11.26615408 10.62509308]", "nit": "43", "callback": [0.6769373185684204, 0.5984854620186543, 0.3989901663974984, 0.3414162079913343]}, "3": {"maxiter": 100, "gtol": 1e-05, "xrtol": 1e-10, "eps": 1e-10, "duration": 0.08794498443603516, "fun": "0.34140824155068894", "jac": "[ 6.66133760e-06  2.22044587e-06  4.44089173e-06  2.22044587e-06\n -3.33066880e-06 -8.88178346e-06]", "hess_inv": "[[ 3.8053138   0.20910176 -0.61165997  0.54472376 -0.35131618  0.96358248]\n [ 0.20910176  4.13146576  0.25436054 -0.10778147 -1.06646831  1.00229902]\n [-0.61165997  0.25436054  6.6047405  -4.22555667  0.84534398 -2.92064119]\n [ 0.54472376 -0.10778147 -4.22555667  7.1013052   0.39709291  0.65336648]\n [-0.35131618 -1.06646831  0.84534398  0.39709291  5.86257679 -4.46955327]\n [ 0.96358248  1.00229902 -2.92064119  0.65336648 -4.46955327  7.78449313]]", "nfev": "371", "njev": "53", "status": "0", "success": "True", "message": "Optimization terminated successfully.", "x": "[ 7.85720183 -1.64910895  3.82947838  1.09041513 11.26616633 10.62503322]", "nit": "41", "callback": [0.6769355969988469, 0.5986555474810882, 0.40320318069897, 0.34140828048271843]}, "4": {"maxiter": 100, "gtol": 1e-10, "xrtol": 1e-05, "eps": 1e-05, "duration": 0.10653376579284668, "fun": "0.3414082412935032", "jac": "[ 1.93844940e-08  4.07451850e-09  3.24296145e-08  3.02868841e-08\n -2.88102875e-08 -1.81299420e-08]", "hess_inv": "[[ 4.03858043e+00  1.12288356e-01 -5.10212009e-01  7.07352131e-01\n  -3.61868609e-01  8.23334945e-01]\n [ 1.12288356e-01  4.08187821e+00  1.29301513e-01 -1.45512423e-01\n  -1.09669045e+00  1.12324949e+00]\n [-5.10212009e-01  1.29301513e-01  6.61228178e+00 -4.13768363e+00\n   7.34010546e-01 -2.68934710e+00]\n [ 7.07352131e-01 -1.45512423e-01 -4.13768363e+00  7.78352926e+00\n   5.65881998e-01  1.25411255e-03]\n [-3.61868609e-01 -1.09669045e+00  7.34010546e-01  5.65881998e-01\n   5.98958509e+00 -4.38255918e+00]\n [ 8.23334945e-01  1.12324949e+00 -2.68934710e+00  1.25411255e-03\n  -4.38255918e+00  7.91536931e+00]]", "nfev": "399", "njev": "57", "status": "0", "success": "True", "message": "Optimization terminated successfully.", "x": "[ 7.85718639 -1.64912063  3.8294526   1.09040405 11.26615216 10.62508032]", "nit": "44", "callback": [0.6769373185684204, 0.5984854620186543, 0.3989901663974984, 0.3414162079913343]}, "5": {"maxiter": 100, "gtol": 1e-10, "xrtol": 1e-05, "eps": 1e-10, "duration": 0.09241414070129395, "fun": "0.3414082413027477", "jac": "[-1.11022293e-06 -1.11022293e-06 -3.33066880e-06  0.00000000e+00\n -3.33066880e-06 -2.22044587e-06]", "hess_inv": "[[ 3.853315    0.25389144 -0.67026653  0.65255875 -0.45625174  1.02415722]\n [ 0.25389144  4.16334869  0.26133085 -0.05296797 -1.1059385   0.97847074]\n [-0.67026653  0.26133085  6.29270334 -4.07222925  0.60984992 -2.49469928]\n [ 0.65255875 -0.05296797 -4.07222925  7.13182756  0.43149929  0.41805046]\n [-0.45625174 -1.1059385   0.60984992  0.43149929  5.74730035 -4.12811158]\n [ 1.02415722  0.97847074 -2.49469928  0.41805046 -4.12811158  7.20946183]]", "nfev": "378", "njev": "54", "status": "0", "success": "True", "message": "Optimization terminated successfully.", "x": "[ 7.8571847  -1.64911592  3.82944323  1.0904183  11.26615064 10.62508466]", "nit": "42", "callback": [0.6769355969988469, 0.5986555474810882, 0.40320318069897, 0.34140828048271843]}, "6": {"maxiter": 100, "gtol": 1e-10, "xrtol": 1e-10, "eps": 1e-05, "duration": 0.12728309631347656, "fun": "0.3414082412935032", "jac": "[ 1.93844940e-08  4.07451850e-09  3.24296145e-08  3.02868841e-08\n -2.88102875e-08 -1.81299420e-08]", "hess_inv": "[[ 4.06067289  0.11165568 -0.51191859  0.73515333 -0.3668401   0.8322606 ]\n [ 0.11165568  4.07958242  0.1211685  -0.14622092 -1.0932427   1.13134682]\n [-0.51191859  0.1211685   6.58348275 -4.13952122  0.74608225 -2.6605009 ]\n [ 0.73515333 -0.14622092 -4.13952122  7.81851102  0.55950064  0.01216971]\n [-0.3668401  -1.0932427   0.74608225  0.55950064  5.98598217 -4.39649974]\n [ 0.8322606   1.13134682 -2.6605009   0.01216971 -4.39649974  7.88882222]]", "nfev": "565", "njev": "79", "status": "2", "success": "False", "message": "Desired error not necessarily achieved due to precision loss.", "x": "[ 7.85718639 -1.64912063  3.8294526   1.09040405 11.26615216 10.62508032]", "nit": "44", "callback": [0.6769373185684204, 0.5984854620186543, 0.3989901663974984, 0.3414162079913343]}, "7": {"maxiter": 100, "gtol": 1e-10, "xrtol": 1e-10, "eps": 1e-10, "duration": 0.10344076156616211, "fun": "0.3414082412797784", "jac": "[3.33066880e-06 1.11022293e-06 1.11022293e-06 0.00000000e+00\n 1.11022293e-06 1.11022293e-06]", "hess_inv": "[[11.60199682  1.40448043  3.64123775 -3.09789956 -3.99289512 -5.97243331]\n [ 1.40448043  1.98548409 -0.71977687  0.02083789 -0.66429256 -0.58847882]\n [ 3.64123775 -0.71977687  6.3884898  -6.05849084 -1.61709907 -3.60837277]\n [-3.09789956  0.02083789 -6.05849084  9.05310131  1.65720693  4.24576828]\n [-3.99289512 -0.66429256 -1.61709907  1.65720693  6.19458941  1.54540276]\n [-5.97243331 -0.58847882 -3.60837277  4.24576828  1.54540276  5.58246329]]", "nfev": "455", "njev": "65", "status": "0", "success": "True", "message": "Optimization terminated successfully.", "x": "[ 7.85719293 -1.64911642  3.82945658  1.09040572 11.26615814 10.62508092]", "nit": "46", "callback": [0.6769355969988469, 0.5986555474810882, 0.40320318069897, 0.34140828048271843]}, "8": {"maxiter": 500, "gtol": 1e-05, "xrtol": 1e-05, "eps": 1e-05, "duration": 0.08879780769348145, "fun": "0.34140824130253067", "jac": "[ 1.46986867e-06 -9.14257559e-07  3.14726023e-07  1.17752474e-06\n  2.24099628e-06  2.93572944e-06]", "hess_inv": "[[ 3.94408729  0.15554732 -0.36156284  0.55571337 -0.36524349  0.67825813]\n [ 0.15554732  4.069987    0.08760735 -0.10114286 -1.08003278  1.19243774]\n [-0.36156284  0.08760735  6.46623546 -3.98258149  0.78966001 -2.45188987]\n [ 0.55571337 -0.10114286 -3.98258149  7.61949254  0.51262155 -0.2403353 ]\n [-0.36524349 -1.08003278  0.78966001  0.51262155  6.01832838 -4.38244626]\n [ 0.67825813  1.19243774 -2.45188987 -0.2403353  -4.38244626  7.69360173]]", "nfev": "392", "njev": "56", "status": "0", "success": "True", "message": "Optimization terminated successfully.", "x": "[ 7.8571945  -1.64912349  3.82944269  1.09041436 11.26615408 10.62509308]", "nit": "43", "callback": [0.6769373185684204, 0.5984854620186543, 0.3989901663974984, 0.3414162079913343]}, "9": {"maxiter": 500, "gtol": 1e-05, "xrtol": 1e-05, "eps": 1e-10, "duration": 0.08432507514953613, "fun": "0.34140824155068894", "jac": "[ 6.66133760e-06  2.22044587e-06  4.44089173e-06  2.22044587e-06\n -3.33066880e-06 -8.88178346e-06]", "hess_inv": "[[ 3.8053138   0.20910176 -0.61165997  0.54472376 -0.35131618  0.96358248]\n [ 0.20910176  4.13146576  0.25436054 -0.10778147 -1.06646831  1.00229902]\n [-0.61165997  0.25436054  6.6047405  -4.22555667  0.84534398 -2.92064119]\n [ 0.54472376 -0.10778147 -4.22555667  7.1013052   0.39709291  0.65336648]\n [-0.35131618 -1.06646831  0.84534398  0.39709291  5.86257679 -4.46955327]\n [ 0.96358248  1.00229902 -2.92064119  0.65336648 -4.46955327  7.78449313]]", "nfev": "371", "njev": "53", "status": "0", "success": "True", "message": "Optimization terminated successfully.", "x": "[ 7.85720183 -1.64910895  3.82947838  1.09041513 11.26616633 10.62503322]", "nit": "41", "callback": [0.6769355969988469, 0.5986555474810882, 0.40320318069897, 0.34140828048271843]}, "10": {"maxiter": 500, "gtol": 1e-05, "xrtol": 1e-10, "eps": 1e-05, "duration": 0.08904385566711426, "fun": "0.34140824130253067", "jac": "[ 1.46986867e-06 -9.14257559e-07  3.14726023e-07  1.17752474e-06\n  2.24099628e-06  2.93572944e-06]", "hess_inv": "[[ 3.94408729  0.15554732 -0.36156284  0.55571337 -0.36524349  0.67825813]\n [ 0.15554732  4.069987    0.08760735 -0.10114286 -1.08003278  1.19243774]\n [-0.36156284  0.08760735  6.46623546 -3.98258149  0.78966001 -2.45188987]\n [ 0.55571337 -0.10114286 -3.98258149  7.61949254  0.51262155 -0.2403353 ]\n [-0.36524349 -1.08003278  0.78966001  0.51262155  6.01832838 -4.38244626]\n [ 0.67825813  1.19243774 -2.45188987 -0.2403353  -4.38244626  7.69360173]]", "nfev": "392", "njev": "56", "status": "0", "success": "True", "message": "Optimization terminated successfully.", "x": "[ 7.8571945  -1.64912349  3.82944269  1.09041436 11.26615408 10.62509308]", "nit": "43", "callback": [0.6769373185684204, 0.5984854620186543, 0.3989901663974984, 0.3414162079913343]}, "11": {"maxiter": 500, "gtol": 1e-05, "xrtol": 1e-10, "eps": 1e-10, "duration": 0.08463907241821289, "fun": "0.34140824155068894", "jac": "[ 6.66133760e-06  2.22044587e-06  4.44089173e-06  2.22044587e-06\n -3.33066880e-06 -8.88178346e-06]", "hess_inv": "[[ 3.8053138   0.20910176 -0.61165997  0.54472376 -0.35131618  0.96358248]\n [ 0.20910176  4.13146576  0.25436054 -0.10778147 -1.06646831  1.00229902]\n [-0.61165997  0.25436054  6.6047405  -4.22555667  0.84534398 -2.92064119]\n [ 0.54472376 -0.10778147 -4.22555667  7.1013052   0.39709291  0.65336648]\n [-0.35131618 -1.06646831  0.84534398  0.39709291  5.86257679 -4.46955327]\n [ 0.96358248  1.00229902 -2.92064119  0.65336648 -4.46955327  7.78449313]]", "nfev": "371", "njev": "53", "status": "0", "success": "True", "message": "Optimization terminated successfully.", "x": "[ 7.85720183 -1.64910895  3.82947838  1.09041513 11.26616633 10.62503322]", "nit": "41", "callback": [0.6769355969988469, 0.5986555474810882, 0.40320318069897, 0.34140828048271843]}, "12": {"maxiter": 500, "gtol": 1e-10, "xrtol": 1e-05, "eps": 1e-05, "duration": 0.08992791175842285, "fun": "0.3414082412935032", "jac": "[ 1.93844940e-08  4.07451850e-09  3.24296145e-08  3.02868841e-08\n -2.88102875e-08 -1.81299420e-08]", "hess_inv": "[[ 4.03858043e+00  1.12288356e-01 -5.10212009e-01  7.07352131e-01\n  -3.61868609e-01  8.23334945e-01]\n [ 1.12288356e-01  4.08187821e+00  1.29301513e-01 -1.45512423e-01\n  -1.09669045e+00  1.12324949e+00]\n [-5.10212009e-01  1.29301513e-01  6.61228178e+00 -4.13768363e+00\n   7.34010546e-01 -2.68934710e+00]\n [ 7.07352131e-01 -1.45512423e-01 -4.13768363e+00  7.78352926e+00\n   5.65881998e-01  1.25411255e-03]\n [-3.61868609e-01 -1.09669045e+00  7.34010546e-01  5.65881998e-01\n   5.98958509e+00 -4.38255918e+00]\n [ 8.23334945e-01  1.12324949e+00 -2.68934710e+00  1.25411255e-03\n  -4.38255918e+00  7.91536931e+00]]", "nfev": "399", "njev": "57", "status": "0", "success": "True", "message": "Optimization terminated successfully.", "x": "[ 7.85718639 -1.64912063  3.8294526   1.09040405 11.26615216 10.62508032]", "nit": "44", "callback": [0.6769373185684204, 0.5984854620186543, 0.3989901663974984, 0.3414162079913343]}, "13": {"maxiter": 500, "gtol": 1e-10, "xrtol": 1e-05, "eps": 1e-10, "duration": 0.08679699897766113, "fun": "0.3414082413027477", "jac": "[-1.11022293e-06 -1.11022293e-06 -3.33066880e-06  0.00000000e+00\n -3.33066880e-06 -2.22044587e-06]", "hess_inv": "[[ 3.853315    0.25389144 -0.67026653  0.65255875 -0.45625174  1.02415722]\n [ 0.25389144  4.16334869  0.26133085 -0.05296797 -1.1059385   0.97847074]\n [-0.67026653  0.26133085  6.29270334 -4.07222925  0.60984992 -2.49469928]\n [ 0.65255875 -0.05296797 -4.07222925  7.13182756  0.43149929  0.41805046]\n [-0.45625174 -1.1059385   0.60984992  0.43149929  5.74730035 -4.12811158]\n [ 1.02415722  0.97847074 -2.49469928  0.41805046 -4.12811158  7.20946183]]", "nfev": "378", "njev": "54", "status": "0", "success": "True", "message": "Optimization terminated successfully.", "x": "[ 7.8571847  -1.64911592  3.82944323  1.0904183  11.26615064 10.62508466]", "nit": "42", "callback": [0.6769355969988469, 0.5986555474810882, 0.40320318069897, 0.34140828048271843]}, "14": {"maxiter": 500, "gtol": 1e-10, "xrtol": 1e-10, "eps": 1e-05, "duration": 0.1275012493133545, "fun": "0.3414082412935032", "jac": "[ 1.93844940e-08  4.07451850e-09  3.24296145e-08  3.02868841e-08\n -2.88102875e-08 -1.81299420e-08]", "hess_inv": "[[ 4.06067289  0.11165568 -0.51191859  0.73515333 -0.3668401   0.8322606 ]\n [ 0.11165568  4.07958242  0.1211685  -0.14622092 -1.0932427   1.13134682]\n [-0.51191859  0.1211685   6.58348275 -4.13952122  0.74608225 -2.6605009 ]\n [ 0.73515333 -0.14622092 -4.13952122  7.81851102  0.55950064  0.01216971]\n [-0.3668401  -1.0932427   0.74608225  0.55950064  5.98598217 -4.39649974]\n [ 0.8322606   1.13134682 -2.6605009   0.01216971 -4.39649974  7.88882222]]", "nfev": "565", "njev": "79", "status": "2", "success": "False", "message": "Desired error not necessarily achieved due to precision loss.", "x": "[ 7.85718639 -1.64912063  3.8294526   1.09040405 11.26615216 10.62508032]", "nit": "44", "callback": [0.6769373185684204, 0.5984854620186543, 0.3989901663974984, 0.3414162079913343]}, "15": {"maxiter": 500, "gtol": 1e-10, "xrtol": 1e-10, "eps": 1e-10, "duration": 0.10360908508300781, "fun": "0.3414082412797784", "jac": "[3.33066880e-06 1.11022293e-06 1.11022293e-06 0.00000000e+00\n 1.11022293e-06 1.11022293e-06]", "hess_inv": "[[11.60199682  1.40448043  3.64123775 -3.09789956 -3.99289512 -5.97243331]\n [ 1.40448043  1.98548409 -0.71977687  0.02083789 -0.66429256 -0.58847882]\n [ 3.64123775 -0.71977687  6.3884898  -6.05849084 -1.61709907 -3.60837277]\n [-3.09789956  0.02083789 -6.05849084  9.05310131  1.65720693  4.24576828]\n [-3.99289512 -0.66429256 -1.61709907  1.65720693  6.19458941  1.54540276]\n [-5.97243331 -0.58847882 -3.60837277  4.24576828  1.54540276  5.58246329]]", "nfev": "455", "njev": "65", "status": "0", "success": "True", "message": "Optimization terminated successfully.", "x": "[ 7.85719293 -1.64911642  3.82945658  1.09040572 11.26615814 10.62508092]", "nit": "46", "callback": [0.6769355969988469, 0.5986555474810882, 0.40320318069897, 0.34140828048271843]}, "16": {"maxiter": 1000, "gtol": 1e-05, "xrtol": 1e-05, "eps": 1e-05, "duration": 0.08940720558166504, "fun": "0.34140824130253067", "jac": "[ 1.46986867e-06 -9.14257559e-07  3.14726023e-07  1.17752474e-06\n  2.24099628e-06  2.93572944e-06]", "hess_inv": "[[ 3.94408729  0.15554732 -0.36156284  0.55571337 -0.36524349  0.67825813]\n [ 0.15554732  4.069987    0.08760735 -0.10114286 -1.08003278  1.19243774]\n [-0.36156284  0.08760735  6.46623546 -3.98258149  0.78966001 -2.45188987]\n [ 0.55571337 -0.10114286 -3.98258149  7.61949254  0.51262155 -0.2403353 ]\n [-0.36524349 -1.08003278  0.78966001  0.51262155  6.01832838 -4.38244626]\n [ 0.67825813  1.19243774 -2.45188987 -0.2403353  -4.38244626  7.69360173]]", "nfev": "392", "njev": "56", "status": "0", "success": "True", "message": "Optimization terminated successfully.", "x": "[ 7.8571945  -1.64912349  3.82944269  1.09041436 11.26615408 10.62509308]", "nit": "43", "callback": [0.6769373185684204, 0.5984854620186543, 0.3989901663974984, 0.3414162079913343]}, "17": {"maxiter": 1000, "gtol": 1e-05, "xrtol": 1e-05, "eps": 1e-10, "duration": 0.08455204963684082, "fun": "0.34140824155068894", "jac": "[ 6.66133760e-06  2.22044587e-06  4.44089173e-06  2.22044587e-06\n -3.33066880e-06 -8.88178346e-06]", "hess_inv": "[[ 3.8053138   0.20910176 -0.61165997  0.54472376 -0.35131618  0.96358248]\n [ 0.20910176  4.13146576  0.25436054 -0.10778147 -1.06646831  1.00229902]\n [-0.61165997  0.25436054  6.6047405  -4.22555667  0.84534398 -2.92064119]\n [ 0.54472376 -0.10778147 -4.22555667  7.1013052   0.39