{"date": "2024/10/08/, 13:56:20", "conf_id": 2, "data_type": "random\n", "num_data_points": 1, "s_rank": 0, "unitary": "[[0.18663085-0.53122324j,-0.11886349-0.70040876j,0.28555095-0.02789305j,-0.12262021-0.2844587j],[-0.16702216+0.27758472j,0.27526351-0.29738586j,-0.01109314+0.22495461j,-0.77239203+0.28900673j],[0.61935415+0.12301792j,-0.31269928-0.03315917j,-0.61902762-0.19039079j,-0.27120731-0.0968989j],[0.42341754+0.0023929j,-0.05847358+0.47832119j,0.64900495-0.16218422j,-0.37182676-0.05229966j]]", "databatch_0": {"databatch": "[[[-0.1875805+0.30741893j,-0.11333682+0.12206049j,-0.07120492-0.20203254j,-0.2769391+0.17236235j],[-0.06182243-0.2550768j,-0.00452656-0.12130828j,0.14082712+0.0673847j,0.05383348-0.23155632j],[0.17541693+0.31435694j,0.05055329+0.15864003j,-0.21085522-0.03730237j,0.01394107+0.32577055j],[-0.30092933+0.00151583j,-0.13653631-0.02703087j,0.11242157-0.13929522j,-0.24410221-0.12129706j]]]", "initial param values": "[3.21704043,2.24246564,5.43246903,1.01409836,4.47836961,3.66027414]", "nelder_mead": {"type": "gradient-free", "0": {"maxiter": 100, "fatol": 1e-05, "xatol": 1e-05, "duration": 0.056082963943481445, "fun": "0.03796238623931658", "nit": "100", "nfev": "155", "status": "2", "success": "False", "message": "Maximum number of iterations has been exceeded.", "x": "[2.24905863 3.12978994 4.42569599 1.10374206 4.15301145 5.59400652]", "final_simplex": "(array([[2.24905863, 3.12978994, 4.42569599, 1.10374206, 4.15301145,\n        5.59400652],\n       [2.26790713, 3.11277129, 4.45211357, 1.10852148, 4.14198107,\n        5.59237902],\n       [2.24574791, 3.09713618, 4.43981271, 1.09761364, 4.17475291,\n        5.5754234 ],\n       [2.26387082, 3.14123194, 4.44747181, 1.11395833, 4.18002417,\n        5.61282116],\n       [2.26372686, 3.09996198, 4.40912537, 1.09783623, 4.16309013,\n        5.56240595],\n       [2.23174913, 3.11844871, 4.42655491, 1.09843231, 4.16723474,\n        5.60352157],\n       [2.25539776, 3.13156885, 4.44296268, 1.09858876, 4.15295609,\n        5.618144  ]]), array([0.03796239, 0.0379791 , 0.03818162, 0.03824537, 0.03843565,\n       0.03846484, 0.03859876]))", "callback": [0.5950536596187777, 0.32384186693783246, 0.21948610793089396, 0.11798417727368526, 0.053061387726169085, 0.04452272665364565, 0.04267169853900665, 0.040828352536068535, 0.0398280087603895, 0.038464843000795224]}, "1": {"maxiter": 100, "fatol": 1e-05, "xatol": 1e-10, "duration": 0.04903006553649902, "fun": "0.03796238623931658", "nit": "100", "nfev": "155", "status": "2", "success": "False", "message": "Maximum number of iterations has been exceeded.", "x": "[2.24905863 3.12978994 4.42569599 1.10374206 4.15301145 5.59400652]", "final_simplex": "(array([[2.24905863, 3.12978994, 4.42569599, 1.10374206, 4.15301145,\n        5.59400652],\n       [2.26790713, 3.11277129, 4.45211357, 1.10852148, 4.14198107,\n        5.59237902],\n       [2.24574791, 3.09713618, 4.43981271, 1.09761364, 4.17475291,\n        5.5754234 ],\n       [2.26387082, 3.14123194, 4.44747181, 1.11395833, 4.18002417,\n        5.61282116],\n       [2.26372686, 3.09996198, 4.40912537, 1.09783623, 4.16309013,\n        5.56240595],\n       [2.23174913, 3.11844871, 4.42655491, 1.09843231, 4.16723474,\n        5.60352157],\n       [2.25539776, 3.13156885, 4.44296268, 1.09858876, 4.15295609,\n        5.618144  ]]), array([0.03796239, 0.0379791 , 0.03818162, 0.03824537, 0.03843565,\n       0.03846484, 0.03859876]))", "callback": [0.5950536596187777, 0.32384186693783246, 0.21948610793089396, 0.11798417727368526, 0.053061387726169085, 0.04452272665364565, 0.04267169853900665, 0.040828352536068535, 0.0398280087603895, 0.038464843000795224]}, "2": {"maxiter": 100, "fatol": 1e-10, "xatol": 1e-05, "duration": 0.058998823165893555, "fun": "0.03796238623931658", "nit": "100", "nfev": "155", "status": "2", "success": "False", "message": "Maximum number of iterations has been exceeded.", "x": "[2.24905863 3.12978994 4.42569599 1.10374206 4.15301145 5.59400652]", "final_simplex": "(array([[2.24905863, 3.12978994, 4.42569599, 1.10374206, 4.15301145,\n        5.59400652],\n       [2.26790713, 3.11277129, 4.45211357, 1.10852148, 4.14198107,\n        5.59237902],\n       [2.24574791, 3.09713618, 4.43981271, 1.09761364, 4.17475291,\n        5.5754234 ],\n       [2.26387082, 3.14123194, 4.44747181, 1.11395833, 4.18002417,\n        5.61282116],\n       [2.26372686, 3.09996198, 4.40912537, 1.09783623, 4.16309013,\n        5.56240595],\n       [2.23174913, 3.11844871, 4.42655491, 1.09843231, 4.16723474,\n        5.60352157],\n       [2.25539776, 3.13156885, 4.44296268, 1.09858876, 4.15295609,\n        5.618144  ]]), array([0.03796239, 0.0379791 , 0.03818162, 0.03824537, 0.03843565,\n       0.03846484, 0.03859876]))", "callback": [0.5950536596187777, 0.32384186693783246, 0.21948610793089396, 0.11798417727368526, 0.053061387726169085, 0.04452272665364565, 0.04267169853900665, 0.040828352536068535, 0.0398280087603895, 0.038464843000795224]}, "3": {"maxiter": 100, "fatol": 1e-10, "xatol": 1e-10, "duration": 0.04660320281982422, "fun": "0.03796238623931658", "nit": "100", "nfev": "155", "status": "2", "success": "False", "message": "Maximum number of iterations has been exceeded.", "x": "[2.24905863 3.12978994 4.42569599 1.10374206 4.15301145 5.59400652]", "final_simplex": "(array([[2.24905863, 3.12978994, 4.42569599, 1.10374206, 4.15301145,\n        5.59400652],\n       [2.26790713, 3.11277129, 4.45211357, 1.10852148, 4.14198107,\n        5.59237902],\n       [2.24574791, 3.09713618, 4.43981271, 1.09761364, 4.17475291,\n        5.5754234 ],\n       [2.26387082, 3.14123194, 4.44747181, 1.11395833, 4.18002417,\n        5.61282116],\n       [2.26372686, 3.09996198, 4.40912537, 1.09783623, 4.16309013,\n        5.56240595],\n       [2.23174913, 3.11844871, 4.42655491, 1.09843231, 4.16723474,\n        5.60352157],\n       [2.25539776, 3.13156885, 4.44296268, 1.09858876, 4.15295609,\n        5.618144  ]]), array([0.03796239, 0.0379791 , 0.03818162, 0.03824537, 0.03843565,\n       0.03846484, 0.03859876]))", "callback": [0.5950536596187777, 0.32384186693783246, 0.21948610793089396, 0.11798417727368526, 0.053061387726169085, 0.04452272665364565, 0.04267169853900665, 0.040828352536068535, 0.0398280087603895, 0.038464843000795224]}, "4": {"maxiter": 500, "fatol": 1e-05, "xatol": 1e-05, "duration": 0.1401059627532959, "fun": "0.02595276038580452", "nit": "271", "nfev": "435", "status": "0", "success": "True", "message": "Optimization terminated successfully.", "x": "[2.12812287 3.51937977 4.68624318 1.56799467 4.14355399 5.63309294]", "final_simplex": "(array([[2.12812287, 3.51937977, 4.68624318, 1.56799467, 4.14355399,\n        5.63309294],\n       [2.12812342, 3.51937242, 4.68624081, 1.56799125, 4.14355309,\n        5.63308955],\n       [2.12812617, 3.51937405, 4.68624133, 1.5679906 , 4.1435544 ,\n        5.63309005],\n       [2.12812008, 3.51937692, 4.68624379, 1.56799626, 4.14355301,\n        5.63308947],\n       [2.12812083, 3.51937717, 4.68624269, 1.56799811, 4.14355561,\n        5.63308884],\n       [2.12812476, 3.51937215, 4.68624454, 1.56799303, 4.14355214,\n        5.63308915],\n       [2.12812254, 3.51938365, 4.68624639, 1.56800152, 4.14354915,\n        5.63309127]]), array([0.02595276, 0.02595276, 0.02595276, 0.02595276, 0.02595276,\n       0.02595276, 0.02595276]))", "callback": [0.5950536596187777, 0.32384186693783246, 0.21948610793089396, 0.11798417727368526, 0.053061387726169085, 0.04452272665364565, 0.04267169853900665, 0.040828352536068535, 0.0398280087603895, 0.038464843000795224, 0.037751665573486415, 0.03707814642223706, 0.03536051218522618, 0.03278403026702381, 0.026695077076050677, 0.026222567051545465, 0.025985410084713223, 0.025958631704207646, 0.025953600356659723, 0.025952862393168408, 0.02595277001658769, 0.02595277001658769, 0.025952762212849034, 0.02595276079034259, 0.025952760459560076, 0.02595276041555583, 0.0259527603872326, 0.02595276038580452]}, "5": {"maxiter": 500, "fatol": 1e-05, "xatol": 1e-10, "duration": 0.2005138397216797, "fun": "0.025952760384526652", "nit": "361", "nfev": "636", "status": "0", "success": "True", "message": "Optimization terminated successfully.", "x": "[2.12812332 3.51937787 4.68624303 1.56799442 4.14355248 5.63309108]", "final_simplex": "(array([[2.12812332, 3.51937787, 4.68624303, 1.56799442, 4.14355248,\n        5.63309108],\n       [2.12812332, 3.51937787, 4.68624303, 1.56799442, 4.14355248,\n        5.63309108],\n       [2.12812332, 3.51937787, 4.68624303, 1.56799442, 4.14355248,\n        5.63309108],\n       [2.12812332, 3.51937787, 4.68624303, 1.56799442, 4.14355248,\n        5.63309108],\n       [2.12812332, 3.51937787, 4.68624303, 1.56799442, 4.14355248,\n        5.63309108],\n       [2.12812332, 3.51937787, 4.68624303, 1.56799442, 4.14355248,\n        5.63309108],\n       [2.12812332, 3.51937787, 4.68624303, 1.56799442, 4.14355248,\n        5.63309108]]), array([0.02595276, 0.02595276, 0.02595276, 0.02595276, 0.02595276,\n       0.02595276, 0.02595276]))", "callback": [0.5950536596187777, 0.32384186693783246, 0.21948610793089396, 0.11798417727368526, 0.053061387726169085, 0.04452272665364565, 0.04267169853900665, 0.040828352536068535, 0.0398280087603895, 0.038464843000795224, 0.037751665573486415, 0.03707814642223706, 0.03536051218522618, 0.03278403026702381, 0.026695077076050677, 0.026222567051545465, 0.025985410084713223, 0.025958631704207646, 0.025953600356659723, 0.025952862393168408, 0.02595277001658769, 0.02595277001658769, 0.025952762212849034, 0.02595276079034259, 0.025952760459560076, 0.02595276041555583, 0.0259527603872326, 0.025952760385483442, 0.025952760384661433, 0.025952760384561402, 0.02595276038453309, 0.025952760384529316, 0.02595276038452743, 0.025952760384526763, 0.025952760384526763, 0.025952760384526652, 0.025952760384526652]}, "6": {"maxiter": 500, "fatol": 1e-10, "xatol": 1e-05, "duration": 0.1271510124206543, "fun": "0.02595276038580452", "nit": "271", "nfev": "435", "status": "0", "success": "True", "message": "Optimization terminated successfully.", "x": "[2.12812287 3.51937977 4.68624318 1.56799467 4.14355399 5.63309294]", "final_simplex": "(array([[2.12812287, 3.51937977, 4.68624318, 1.56799467, 4.14355399,\n        5.63309294],\n       [2.12812342, 3.51937242, 4.68624081, 1.56799125, 4.14355309,\n        5.63308955],\n       [2.12812617, 3.51937405, 4.68624133, 1.5679906 , 4.1435544 ,\n        5.63309005],\n       [2.12812008, 3.51937692, 4.68624379, 1.56799626, 4.14355301,\n        5.63308947],\n       [2.12812083, 3.51937717, 4.68624269, 1.56799811, 4.14355561,\n        5.63308884],\n       [2.12812476, 3.51937215, 4.68624454, 1.56799303, 4.14355214,\n        5.63308915],\n       [2.12812254, 3.51938365, 4.68624639, 1.56800152, 4.14354915,\n        5.63309127]]), array([0.02595276, 0.02595276, 0.02595276, 0.02595276, 0.02595276,\n       0.02595276, 0.02595276]))", "callback": [0.5950536596187777, 0.32384186693783246, 0.21948610793089396, 0.11798417727368526, 0.053061387726169085, 0.04452272665364565, 0.04267169853900665, 0.040828352536068535, 0.0398280087603895, 0.038464843000795224, 0.037751665573486415, 0.03707814642223706, 0.03536051218522618, 0.03278403026702381, 0.026695077076050677, 0.026222567051545465, 0.025985410084713223, 0.025958631704207646, 0.025953600356659723, 0.025952862393168408, 0.02595277001658769, 0.02595277001658769, 0.025952762212849034, 0.02595276079034259, 0.025952760459560076, 0.02595276041555583, 0.0259527603872326, 0.02595276038580452]}, "7": {"maxiter": 500, "fatol": 1e-10, "xatol": 1e-10, "duration": 0.1940460205078125, "fun": "0.025952760384526652", "nit": "361", "nfev": "636", "status": "0", "success": "True", "message": "Optimization terminated successfully.", "x": "[2.12812332 3.51937787 4.68624303 1.56799442 4.14355248 5.63309108]", "final_simplex": "(array([[2.12812332, 3.51937787, 4.68624303, 1.56799442, 4.14355248,\n        5.63309108],\n       [2.12812332, 3.51937787, 4.68624303, 1.56799442, 4.14355248,\n        5.63309108],\n       [2.12812332, 3.51937787, 4.68624303, 1.56799442, 4.14355248,\n        5.63309108],\n       [2.12812332, 3.51937787, 4.68624303, 1.56799442, 4.14355248,\n        5.63309108],\n       [2.12812332, 3.51937787, 4.68624303, 1.56799442, 4.14355248,\n        5.63309108],\n       [2.12812332, 3.51937787, 4.68624303, 1.56799442, 4.14355248,\n        5.63309108],\n       [2.12812332, 3.51937787, 4.68624303, 1.56799442, 4.14355248,\n        5.63309108]]), array([0.02595276, 0.02595276, 0.02595276, 0.02595276, 0.02595276,\n       0.02595276, 0.02595276]))", "callback": [0.5950536596187777, 0.32384186693783246, 0.21948610793089396, 0.11798417727368526, 0.053061387726169085, 0.04452272665364565, 0.04267169853900665, 0.040828352536068535, 0.0398280087603895, 0.038464843000795224, 0.037751665573486415, 0.03707814642223706, 0.03536051218522618, 0.03278403026702381, 0.026695077076050677, 0.026222567051545465, 0.025985410084713223, 0.025958631704207646, 0.025953600356659723, 0.025952862393168408, 0.02595277001658769, 0.02595277001658769, 0.025952762212849034, 0.02595276079034259, 0.025952760459560076, 0.02595276041555583, 0.0259527603872326, 0.025952760385483442, 0.025952760384661433, 0.025952760384561402, 0.02595276038453309, 0.025952760384529316, 0.02595276038452743, 0.025952760384526763, 0.025952760384526763, 0.025952760384526652, 0.025952760384526652]}, "8": {"maxiter": 1000, "fatol": 1e-05, "xatol": 1e-05, "duration": 0.12184000015258789, "fun": "0.02595276038580452", "nit": "271", "nfev": "435", "status": "0", "success": "True", "message": "Optimization terminated successfully.", "x": "[2.12812287 3.51937977 4.68624318 1.56799467 4.14355399 5.63309294]", "final_simplex": "(array([[2.12812287, 3.51937977, 4.68624318, 1.56799467, 4.14355399,\n        5.63309294],\n       [2.12812342, 3.51937242, 4.68624081, 1.56799125, 4.14355309,\n        5.63308955],\n       [2.12812617, 3.51937405, 4.68624133, 1.5679906 , 4.1435544 ,\n        5.63309005],\n       [2.12812008, 3.51937692, 4.68624379, 1.56799626, 4.14355301,\n        5.63308947],\n       [2.12812083, 3.51937717, 4.68624269, 1.56799811, 4.14355561,\n        5.63308884],\n       [2.12812476, 3.51937215, 4.68624454, 1.56799303, 4.14355214,\n        5.63308915],\n       [2.12812254, 3.51938365, 4.68624639, 1.56800152, 4.14354915,\n        5.63309127]]), array([0.02595276, 0.02595276, 0.02595276, 0.02595276, 0.02595276,\n       0.02595276, 0.02595276]))", "callback": [0.5950536596187777, 0.32384186693783246, 0.21948610793089396, 0.11798417727368526, 0.053061387726169085, 0.04452272665364565, 0.04267169853900665, 0.040828352536068535, 0.0398280087603895, 0.038464843000795224, 0.037751665573486415, 0.03707814642223706, 0.03536051218522618, 0.03278403026702381, 0.026695077076050677, 0.026222567051545465, 0.025985410084713223, 0.025958631704207646, 0.025953600356659723, 0.025952862393168408, 0.02595277001658769, 0.02595277001658769, 0.025952762212849034, 0.02595276079034259, 0.025952760459560076, 0.02595276041555583, 0.0259527603872326, 0.02595276038580452]}, "9": {"maxiter": 1000, "fatol": 1e-05, "xatol": 1e-10, "duration": 0.18085408210754395, "fun": "0.025952760384526652", "nit": "361", "nfev": "636", "status": "0", "success": "True", "message": "Optimization terminated successfully.", "x": "[2.12812332 3.51937787 4.68624303 1.56799442 4.14355248 5.63309108]", "final_simplex": "(array([[2.12812332, 3.51937787, 4.68624303, 1.56799442, 4.14355248,\n        5.63309108],\n       [2.12812332, 3.51937787, 4.68624303, 1.56799442, 4.14355248,\n        5.63309108],\n       [2.12812332, 3.51937787, 4.68624303, 1.56799442, 4.14355248,\n        5.63309108],\n       [2.12812332, 3.51937787, 4.68624303, 1.56799442, 4.14355248,\n        5.63309108],\n       [2.12812332, 3.51937787, 4.68624303, 1.56799442, 4.14355248,\n        5.63309108],\n       [2.12812332, 3.51937787, 4.68624303, 1.56799442, 4.14355248,\n        5.63309108],\n       [2.12812332, 3.51937787, 4.68624303, 1.56799442, 4.14355248,\n        5.63309108]]), array([0.02595276, 0.02595276, 0.02595276, 0.02595276, 0.02595276,\n       0.02595276, 0.02595276]))", "callback": [0.5950536596187777, 0.32384186693783246, 0.21948610793089396, 0.11798417727368526, 0.053061387726169085, 0.04452272665364565, 0.04267169853900665, 0.040828352536068535, 0.0398280087603895, 0.038464843000795224, 0.037751665573486415, 0.03707814642223706, 0.03536051218522618, 0.03278403026702381, 0.026695077076050677, 0.026222567051545465, 0.025985410084713223, 0.025958631704207646, 0.025953600356659723, 0.025952862393168408, 0.02595277001658769, 0.02595277001658769, 0.025952762212849034, 0.02595276079034259, 0.025952760459560076, 0.02595276041555583, 0.0259527603872326, 0.025952760385483442, 0.025952760384661433, 0.025952760384561402, 0.02595276038453309, 0.025952760384529316, 0.02595276038452743, 0.025952760384526763, 0.025952760384526763, 0.025952760384526652, 0.025952760384526652]}, "10": {"maxiter": 1000, "fatol": 1e-10, "xatol": 1e-05, "duration": 0.14154815673828125, "fun": "0.02595276038580452", "nit": "271", "nfev": "435", "status": "0", "success": "True", "message": "Optimization terminated successfully.", "x": "[2.12812287 3.51937977 4.68624318 1.56799467 4.14355399 5.63309294]", "final_simplex": "(array([[2.12812287, 3.51937977, 4.68624318, 1.56799467, 4.14355399,\n        5.63309294],\n       [2.12812342, 3.51937242, 4.68624081, 1.56799125, 4.14355309,\n        5.63308955],\n       [2.12812617, 3.51937405, 4.68624133, 1.5679906 , 4.1435544 ,\n        5.63309005],\n       [2.12812008, 3.51937692, 4.68624379, 1.56799626, 4.14355301,\n        5.63308947],\n       [2.12812083, 3.51937717, 4.68624269, 1.56799811, 4.14355561,\n        5.63308884],\n       [2.12812476, 3.51937215, 4.68624454, 1.56799303, 4.14355214,\n        5.63308915],\n       [2.12812254, 3.51938365, 4.68624639, 1.56800152, 4.14354915,\n        5.63309127]]), array([0.02595276, 0.02595276, 0.02595276, 0.02595276, 0.02595276,\n       0.02595276, 0.02595276]))", "callback": [0.5950536596187777, 0.32384186693783246, 0.21948610793089396, 0.11798417727368526, 0.053061387726169085, 0.04452272665364565, 0.04267169853900665, 0.040828352536068535, 0.0398280087603895, 0.038464843000795224, 0.037751665573486415, 0.03707814642223706, 0.03536051218522618, 0.03278403026702381, 0.026695077076050677, 0.026222567051545465, 0.025985410084713223, 0.025958631704207646, 0.025953600356659723, 0.025952862393168408, 0.02595277001658769, 0.02595277001658769, 0.025952762212849034, 0.02595276079034259, 0.025952760459560076, 0.02595276041555583, 0.0259527603872326, 0.02595276038580452]}, "11": {"maxiter": 1000, "fatol": 1e-10, "xatol": 1e-10, "duration": 0.19108319282531738, "fun": "0.025952760384526652", "nit": "361", "nfev": "636", "status": "0", "success": "True", "message": "Optimization terminated successfully.", "x": "[2.12812332 3.51937787 4.68624303 1.56799442 4.14355248 5.63309108]", "final_simplex": "(array([[2.12812332, 3.51937787, 4.68624303, 1.56799442, 4.14355248,\n        5.63309108],\n       [2.12812332, 3.51937787, 4.68624303, 1.56799442, 4.14355248,\n        5.63309108],\n       [2.12812332, 3.51937787, 4.68624303, 1.56799442, 4.14355248,\n        5.63309108],\n       [2.12812332, 3.51937787, 4.68624303, 1.56799442, 4.14355248,\n        5.63309108],\n       [2.12812332, 3.51937787, 4.68624303, 1.56799442, 4.14355248,\n        5.63309108],\n       [2.12812332, 3.51937787, 4.68624303, 1.56799442, 4.14355248,\n        5.63309108],\n       [2.12812332, 3.51937787, 4.68624303, 1.56799442, 4.14355248,\n        5.63309108]]), array([0.02595276, 0.02595276, 0.02595276, 0.02595276, 0.02595276,\n       0.02595276, 0.02595276]))", "callback": [0.5950536596187777, 0.32384186693783246, 0.21948610793089396, 0.11798417727368526, 0.053061387726169085, 0.04452272665364565, 0.04267169853900665, 0.040828352536068535, 0.0398280087603895, 0.038464843000795224, 0.037751665573486415, 0.03707814642223706, 0.03536051218522618, 0.03278403026702381, 0.026695077076050677, 0.026222567051545465, 0.025985410084713223, 0.025958631704207646, 0.025953600356659723, 0.025952862393168408, 0.02595277001658769, 0.02595277001658769, 0.025952762212849034, 0.02595276079034259, 0.025952760459560076, 0.02595276041555583, 0.0259527603872326, 0.025952760385483442, 0.025952760384661433, 0.025952760384561402, 0.02595276038453309, 0.025952760384529316, 0.02595276038452743, 0.025952760384526763, 0.025952760384526763, 0.025952760384526652, 0.025952760384526652]}}, "bfgs": {"type": "gradient", "0": {"maxiter": 100, "gtol": 1e-05, "xrtol": 1e-05, "eps": 1e-05, "duration": 0.044329166412353516, "fun": "0.025952760504595718", "jac": "[ 3.02833314e-06 -4.58155736e-07  3.60513841e-06 -4.47363258e-06\n  4.33386660e-07  2.63604694e-06]", "hess_inv": "[[ 7.83309167 -8.42997013  0.40232737 -0.20803643  3.48127429 -2.94058487]\n [-8.42997013 14.76700269 -0.84886691 -0.46725862 -5.16675058  5.12386714]\n [ 0.40232737 -0.84886691  2.34859145 -0.52445668 -0.31627138 -0.43565116]\n [-0.20803643 -0.46725862 -0.52445668  4.53566032  1.22729115 -0.83342634]\n [ 3.48127429 -5.16675058 -0.31627138  1.22729115  3.62267051 -2.05068115]\n [-2.94058487  5.12386714 -0.43565116 -0.83342634 -2.05068115  3.00025482]]", "nfev": "154", "njev": "22", "status": "0", "success": "True", "message": "Optimization terminated successfully.", "x": "[1.52616551 4.54822827 4.91689119 0.48790946 4.47154675 5.12563949]", "nit": "20", "callback": [0.2205025859757198, 0.14144852333626812, 0.06657783492940439, 0.06128698286662859, 0.05955963941019693, 0.057237624392038944, 0.05307188761706516, 0.046419822642183695, 0.043763580955132664, 0.03951514699894465, 0.033379398146612616, 0.029374019091635728, 0.026657434373727362, 0.026207284020811628, 0.026014547105257524, 0.02595756182090969, 0.02595349966619187, 0.025952866578257128, 0.025952771138850306, 0.025952760504595718]}, "1": {"maxiter": 100, "gtol": 1e-05, "xrtol": 1e-05, "eps": 1e-10, "duration": 0.04900407791137695, "fun": "0.025952760627596216", "jac": "[ 4.44089173e-06 -2.22044587e-06  0.00000000e+00 -2.22044587e-06\n  0.00000000e+00  0.00000000e+00]", "hess_inv": "[[ 7.61223638 -8.28860634  0.47801446 -0.24432184  3.40400558 -2.85404669]\n [-8.28860634 14.95478371 -0.95674471 -0.46554083 -5.20255681  5.16019898]\n [ 0.47801446 -0.95674471  2.33414689 -0.50448007 -0.27003393 -0.4860299 ]\n [-0.24432184 -0.46554083 -0.50448007  4.53011561  1.22089491 -0.82396899]\n [ 3.40400558 -5.20255681 -0.27003393  1.22089491  3.62222117 -2.04723461]\n [-2.85404669  5.16019898 -0.4860299  -0.82396899 -2.04723461  2.995944  ]]", "nfev": "154", "njev": "22", "status": "0", "success": "True", "message": "Optimization terminated successfully.", "x": "[1.5262058  4.54816813 4.91689137 0.48792729 4.47156281 5.12562796]", "nit": "20", "callback": [0.22050334947683492, 0.14145237478138584, 0.06657699698896813, 0.061286596646483504, 0.05955923037929223, 0.05723720082611927, 0.0530723552560064, 0.04642138086338432, 0.04376793308580651, 0.039522248847346786, 0.0333875281292737, 0.029378200209725147, 0.026659801998742294, 0.026207266360554704, 0.0260151877829915, 0.02595753761960029, 0.02595350575771449, 0.025952866782600337, 0.025952771224639015, 0.025952760627596216]}, "2": {"maxiter": 100, "gtol": 1e-05, "xrtol": 1e-10, "eps": 1e-05, "duration": 0.050956010818481445, "fun": "0.025952760504595718", "jac": "[ 3.02833314e-06 -4.58155736e-07  3.60513841e-06 -4.47363258e-06\n  4.33386660e-07  2.63604694e-06]", "hess_inv": "[[ 7.83309167 -8.42997013  0.40232737 -0.20803643  3.48127429 -2.94058487]\n [-8.42997013 14.76700269 -0.84886691 -0.46725862 -5.16675058  5.12386714]\n [ 0.40232737 -0.84886691  2.34859145 -0.52445668 -0.31627138 -0.43565116]\n [-0.20803643 -0.46725862 -0.52445668  4.53566032  1.22729115 -0.83342634]\n [ 3.48127429 -5.16675058 -0.31627138  1.22729115  3.62267051 -2.05068115]\n [-2.94058487  5.12386714 -0.43565116 -0.83342634 -2.05068115  3.00025482]]", "nfev": "154", "njev": "22", "status": "0", "success": "True", "message": "Optimization terminated successfully.", "x": "[1.52616551 4.54822827 4.91689119 0.48790946 4.47154675 5.12563949]", "nit": "20", "callback": [0.2205025859757198, 0.14144852333626812, 0.06657783492940439, 0.06128698286662859, 0.05955963941019693, 0.057237624392038944, 0.05307188761706516, 0.046419822642183695, 0.043763580955132664, 0.03951514699894465, 0.033379398146612616, 0.029374019091635728, 0.026657434373727362, 0.026207284020811628, 0.026014547105257524, 0.02595756182090969, 0.02595349966619187, 0.025952866578257128, 0.025952771138850306, 0.025952760504595718]}, "3": {"maxiter": 100, "gtol": 1e-05, "xrtol": 1e-10, "eps": 1e-10, "duration": 0.05211997032165527, "fun": "0.025952760627596216", "jac": "[ 4.44089173e-06 -2.22044587e-06  0.00000000e+00 -2.22044587e-06\n  0.00000000e+00  0.00000000e+00]", "hess_inv": "[[ 7.61223638 -8.28860634  0.47801446 -0.24432184  3.40400558 -2.85404669]\n [-8.28860634 14.95478371 -0.95674471 -0.46554083 -5.20255681  5.16019898]\n [ 0.47801446 -0.95674471  2.33414689 -0.50448007 -0.27003393 -0.4860299 ]\n [-0.24432184 -0.46554083 -0.50448007  4.53011561  1.22089491 -0.82396899]\n [ 3.40400558 -5.20255681 -0.27003393  1.22089491  3.62222117 -2.04723461]\n [-2.85404669  5.16019898 -0.4860299  -0.82396899 -2.04723461  2.995944  ]]", "nfev": "154", "njev": "22", "status": "0", "success": "True", "message": "Optimization terminated successfully.", "x": "[1.5262058  4.54816813 4.91689137 0.48792729 4.47156281 5.12562796]", "nit": "20", "callback": [0.22050334947683492, 0.14145237478138584, 0.06657699698896813, 0.061286596646483504, 0.05955923037929223, 0.05723720082611927, 0.0530723552560064, 0.04642138086338432, 0.04376793308580651, 0.039522248847346786, 0.0333875281292737, 0.029378200209725147, 0.026659801998742294, 0.026207266360554704, 0.0260151877829915, 0.02595753761960029, 0.02595350575771449, 0.025952866782600337, 0.025952771224639015, 0.025952760627596216]}, "4": {"maxiter": 100, "gtol": 1e-10, "xrtol": 1e-05, "eps": 1e-05, "duration": 0.051187992095947266, "fun": "0.0259527604015648", "jac": "[-1.48481227e-07 -5.21183097e-07  4.65572025e-07 -1.63669078e-07\n -9.81437154e-09  8.74744721e-07]", "hess_inv": "[[ 8.28048959 -8.77988905  0.55729025 -0.60855205  3.52904857 -2.97780562]\n [-8.77988905 14.9387489  -0.88366855 -0.24360015 -5.20677301  5.14998377]\n [ 0.55729025 -0.88366855  2.32903421 -0.58724227 -0.29747181 -0.44600501]\n [-0.60855205 -0.24360015 -0.58724227  4.81545932  1.18218754 -0.80273788]\n [ 3.52904857 -5.20677301 -0.29747181  1.18218754  3.6277027  -2.05473374]\n [-2.97780562  5.14998377 -0.44600501 -0.80273788 -2.05473374  3.00326339]]", "nfev": "161", "njev": "23", "status": "0", "success": "True", "message": "Optimization terminated successfully.", "x": "[1.526138   4.54825248 4.91687938 0.48793646 4.47154388 5.12564185]", "nit": "21", "callback": [0.2205025859757198, 0.14144852333626812, 0.06657783492940439, 0.06128698286662859, 0.05955963941019693, 0.057237624392038944, 0.05307188761706516, 0.046419822642183695, 0.043763580955132664, 0.03951514699894465, 0.033379398146612616, 0.029374019091635728, 0.026657434373727362, 0.026207284020811628, 0.026014547105257524, 0.02595756182090969, 0.02595349966619187, 0.025952866578257128, 0.025952771138850306, 0.025952760504595718, 0.0259527604015648]}, "5": {"maxiter": 100, "gtol": 1e-10, "xrtol": 1e-05, "eps": 1e-10, "duration": 0.051301002502441406, "fun": "0.025952760387988327", "jac": "[2.22044587e-06 2.22044587e-06 2.22044587e-06 0.00000000e+00\n 0.00000000e+00 2.22044587e-06]", "hess_inv": "[[ 7.3476559  -8.96049222  0.87888331 -3.41371696  2.22866651 -2.92814643]\n [-8.96049222 16.64597498 -1.50026792  3.73750139 -4.07105496  5.5066129 ]\n [ 0.87888331 -1.50026792  2.40631393 -0.90410812 -0.2114278  -0.64405721]\n [-3.41371696  3.73750139 -0.90410812  5.91388143  0.07580136  0.49286159]\n [ 2.22866651 -4.07105496 -0.2114278   0.07580136  2.63345931 -1.61936394]\n [-2.92814643  5.5066129  -0.64405721  0.49286159 -1.61936394  3.04346354]]", "nfev": "175", "njev": "25", "status": "0", "success": "True", "message": "Optimization terminated successfully.", "x": "[1.52614532 4.54824614 4.91688445 0.48794922 4.47153966 5.12565255]", "nit": "22", "callback": [0.22050334947683492, 0.14145237478138584, 0.06657699698896813, 0.061286596646483504, 0.05955923037929223, 0.05723720082611927, 0.0530723552560064, 0.04642138086338432, 0.04376793308580651, 0.039522248847346786, 0.0333875281292737, 0.029378200209725147, 0.026659801998742294, 0.026207266360554704, 0.0260151877829915, 0.02595753761960029, 0.02595350575771449, 0.025952866782600337, 0.025952771224639015, 0.025952760627596216, 0.02595276039877914, 0.025952760387988327]}, "6": {"maxiter": 100, "gtol": 1e-10, "xrtol": 1e-10, "eps": 1e-05, "duration": 0.15014004707336426, "fun": "0.0259527604015648", "jac": "[-1.48481227e-07 -5.21183097e-07  4.65572025e-07 -1.63669078e-07\n -9.81437154e-09  8.74744721e-07]", "hess_inv": "[[ 8.33597819e+00 -8.98693358e+00  6.64125221e-01 -7.22577801e-01\n   3.52477976e+00 -2.93361139e+00]\n [-8.98693358e+00  1.52601864e+01 -1.04561576e+00  1.19952748e-02\n  -5.21950690e+00  5.12470892e+00]\n [ 6.64125221e-01 -1.04561576e+00  2.41054510e+00 -7.17655441e-01\n  -2.90652405e-01 -4.34174818e-01]\n [-7.22577801e-01  1.19952748e-02 -7.17655441e-01  4.98580978e+00\n   1.18016671e+00 -8.40976526e-01]\n [ 3.52477976e+00 -5.21950690e+00 -2.90652405e-01  1.18016671e+00\n   3.62621000e+00 -2.04926215e+00]\n [-2.93361139e+00  5.12470892e+00 -4.34174818e-01 -8.40976526e-01\n  -2.04926215e+00  2.99524472e+00]]", "nfev": "401", "njev": "56", "status": "2", "success": "False", "message": "Desired error not necessarily achieved due to precision loss.", "x": "[1.526138   4.54825248 4.91687938 0.48793646 4.47154388 5.12564185]", "nit": "21", "callback": [0.2205025859757198, 0.14144852333626812, 0.06657783492940439, 0.06128698286662859, 0.05955963941019693, 0.057237624392038944, 0.05307188761706516, 0.046419822642183695, 0.043763580955132664, 0.03951514699894465, 0.033379398146612616, 0.029374019091635728, 0.026657434373727362, 0.026207284020811628, 0.026014547105257524, 0.02595756182090969, 0.02595349966619187, 0.025952866578257128, 0.025952771138850306, 0.025952760504595718, 0.0259527604015648]}, "7": {"maxiter": 100, "gtol": 1e-10, "xrtol": 1e-10, "eps": 1e-10, "duration": 0.0802159309387207, "fun": "0.025952760387988327", "jac": "[-1.11022293e-06  1.11022293e-06  3.33066880e-06  0.00000000e+00\n  3.33066880e-06  3.33066880e-06]", "hess_inv": "[[ 7.39331623 -8.6060398   0.73086945 -2.52275371  2.51789176 -2.85375046]\n [-8.6060398  13.7677383  -1.14355757  0.63890866 -4.56547304  4.54834078]\n [ 0.73086945 -1.14355757  2.48340932 -1.11372671 -0.41626416 -0.47446561]\n [-2.52275371  0.63890866 -1.11372671  5.48321947  0.845831   -0.78752519]\n [ 2.51789176 -4.56547304 -0.41626416  0.845831    3.13231352 -1.8954817 ]\n [-2.85375046  4.54834078 -0.47446561 -0.78752519 -1.8954817   2.74571794]]", "nfev": "259", "njev": "37", "status": "0", "success": "True", "message": "Optimization terminated successfully.", "x": "[1.52614532 4.54824614 4.91688445 0.48794922 4.47153966 5.12565255]", "nit": "23", "callback": [0.22050334947683492, 0.14145237478138584, 0.06657699698896813, 0.061286596646483504, 0.05955923037929223, 0.05723720082611927, 0.0530723552560064, 0.04642138086338432, 0.04376793308580651, 0.039522248847346786, 0.0333875281292737, 0.029378200209725147, 0.026659801998742294, 0.026207266360554704, 0.0260151877829915, 0.02595753761960029, 0.02595350575771449, 0.025952866782600337, 0.025952771224639015, 0.025952760627596216, 0.02595276039877914, 0.025952760387988327, 0.025952760387988327]}, "8": {"maxiter": 500, "gtol": 1e-05, "xrtol": 1e-05, "eps": 1e-05, "duration": 0.04611778259277344, "fun": "0.025952760504595718", "jac": "[ 3.02833314e-06 -4.58155736e-07  3.60513841e-06 -4.47363258e-06\n  4.33386660e-07  2.63604694e-06]", "hess_inv": "[[ 7.83309167 -8.42997013  0.40232737 -0.20803643  3.48127429 -2.94058487]\n [-8.42997013 14.76700269 -0.84886691 -0.46725862 -5.16675058  5.12386714]\n [ 0.40232737 -0.84886691  2.34859145 -0.52445668 -0.31627138 -0.43565116]\n [-0.20803643 -0.46725862 -0.52445668  4.53566032  1.22729115 -0.83342634]\n [ 3.48127429 -5.16675058 -0.31627138  1.22729115  3.62267051 -2.05068115]\n [-2.94058487  5.12386714 -0.43565116 -0.83342634 -2.05068115  3.00025482]]", "nfev": "154", "njev": "22", "status": "0", "success": "True", "message": "Optimization terminated successfully.", "x": "[1.52616551 4.54822827 4.91689119 0.48790946 4.47154675 5.12563949]", "nit": "20", "callback": [0.2205025859757198, 0.14144852333626812, 0.06657783492940439, 0.06128698286662859, 0.05955963941019693, 0.057237624392038944, 0.05307188761706516, 0.046419822642183695, 0.043763580955132664, 0.03951514699894465, 0.033379398146612616, 0.029374019091635728, 0.026657434373727362, 0.026207284020811628, 0.026014547105257524, 0.02595756182090969, 0.02595349966619187, 0.025952866578257128, 0.025952771138850306, 0.025952760504595718]}, "9": {"maxiter": 500, "gtol": 1e-05, "xrtol": 1e-05, "eps": 1e-10, "duration": 0.04635977745056152, "fun": "0.025952760627596216", "jac": "[ 4.44089173e-06 -2.22044587e-06  0.00000000e+00 -2.22044587e-06\n  0.00000000e+00  0.00000000e+00]", "hess_inv": "[[ 7.61223638 -8.28860634  0.47801446 -0.24432184  3.40400558 -2.85404669]\n [-8.28860634 14.95478371 -0.95674471 -0.46554083 -5.20255681  5.16019898]\n [ 0.47801446 -0.95674471  2.33414689 -0.50448007 -0.27003393 -0.4860299 ]\n [-0.24432184 -0.46554083 -0.50448007  4.53011561  1.22089491 -0.82396899]\n [ 3.40400558 -5.20255681 -0.27003393  1.22089491  3.62222117 -2.04723461]\n [-2.85404669  5.16019898 -0.4860299  -0.82396899 -2.04723461  2.995944  ]]", "nfev": "154", "njev": "22", "status": "0", "success": "True", "message": "Optimization terminated successfully.", "x": "[1.5262058  4.54816813 4.91689137 0.48792729 4.47156281 5.12562796]", "nit": "20", "callback": [0.22050334947683492, 0.14145237478138584, 0.06657699698896813, 0.061286596646483504, 0.05955923037929223, 0.05723720082611927, 0.0530723552560064, 0.04642138086338432, 0.04376793308580651, 0.039522248847346786, 0.0333875281292737, 0.029378200209725147, 0.026659801998742294, 0.026207266360554704, 0.0260151877829915, 0.02595753761960029, 0.02595350575771449, 0.025952866782600337, 0.025952771224639015, 0.025952760627596216]}, "10": {"maxiter": 500, "gtol": 1e-05, "xrtol": 1e-10, "eps": 1e-05, "duration": 0.059227943420410156, "fun": "0.025952760504595718", "jac": "[ 3.02833314e-06 -4.58155736e-07  3.60513841e-06 -4.47363258e-06\n  4.33386660e-07  2.63604694e-06]", "hess_inv": "[[ 7.83309167 -8.42997013  0.40232737 -0.20803643  3.48127429 -2.94058487]\n [-8.42997013 14.76700269 -0.84886691 -0.46725862 -5.16675058  5.12386714]\n [ 0.40232737 -0.84886691  2.34859145 -0.52445668 -0.31627138 -0.43565116]\n [-0.20803643 -0.46725862 -0.52445668  4.53566032  1.22729115 -0.83342634]\n [ 3.48127429 -5.16675058 -0.31627138  1.22729115  3.62267051 -2.05068115]\n [-2.94058487  5.12386714 -0.43565116 -0.83342634 -2.05068115  3.00025482]]", "nfev": "154", "njev": "22", "status": "0", "success": "True", "message": "Optimization terminated successfully.", "x": "[1.52616551 4.54822827 4.91689119 0.48790946 4.47154675 5.12563949]", "nit": "20", "callback": [0.2205025859757198, 0.14144852333626812, 0.06657783492940439, 0.06128698286662859, 0.05955963941019693, 0.057237624392038944, 0.05307188761706516, 0.046419822642183695, 0.043763580955132664, 0.03951514699894465, 0.033379398146612616, 0.029374019091635728, 0.026657434373727362, 0.026207284020811628, 0.026014547105257524, 0.02595756182090969, 0.02595349966619187, 0.025952866578257128, 0.025952771138850306, 0.025952760504595718]}, "11": {"maxiter": 500, "gtol": 1e-05, "xrtol": 1e-10, "eps": 1e-10, "duration": 0.043367862701416016, "fun": "0.025952760627596216", "jac": "[ 4.44089173e-06 -2.22044587e-06  0.00000000e+00 -2.22044587e-06\n  0.00000000e+00  0.00000000e+00]", "hess_inv": "[[ 7.61223638 -8.28860634  0.47801446 -0.24432184  3.40400558 -2.85404669]\n [-8.28860634 14.95478371 -0.95674471 -0.46554083 -5.20255681  5.16019898]\n [ 0.47801446 -0.95674471  2.33414689 -0.50448007 -0.27003393 -0.4860299 ]\n [-0.24432184 -0.46554083 -0.50448007  4.53011561  1.22089491 -0.82396899]\n [ 3.40400558 -5.20255681 -0.27003393  1.22089491  3.62222117 -2.04723461]\n [-2.85404669  5.16019898 -0.4860299  -0.82396899 -2.04723461  2.995944  ]]", "nfev": "154", "njev": "22", "status": "0", "success": "True", "message": "Optimization terminated successfully.", "x": "[1.5262058  4.54816813 4.91689137 0.48792729 4.47156281 5.12562796]", "nit": "20", "callback": [0.22050334947683492, 0.14145237478138584, 0.06657699698896813, 0.061286596646483504, 0.05955923037929223, 0.05723720082611927, 0.0530723552560064, 0.04642138086338432, 0.04376793308580651, 0.039522248847346786, 0.0333875281292737, 0.029378200209725147, 0.026659801998742294, 0.026207266360554704, 0.0260151877829915, 0.02595753761960029, 0.02595350575771449, 0.025952866782600337, 0.025952771224639015, 0.025952760627596216]}, "12": {"maxiter": 500, "gtol": 1e-10, "xrtol": 1e-05, "eps": 1e-05, "duration": 0.0552210807800293, "fun": "0.0259527604015648", "jac": "[-1.48481227e-07 -5.21183097e-07  4.65572025e-07 -1.63669078e-07\n -9.81437154e-09  8.74744721e-07]", "hess_inv": "[[ 8.28048959 -8.77988905  0.55729025 -0.60855205  3.52904857 -2.97780562]\n [-8.77988905 14.9387489  -0.88366855 -0.24360015 -5.20677301  5.14998377]\n [ 0.55729025 -0.88366855  2.32903421 -0.58724227 -0.29747181 -0.44600501]\n [-0.60855205 -0.24360015 -0.58724227  4.81545932  1.18218754 -0.80273788]\n [ 3.52904857 -5.20677301 -0.29747181  1.18218754  3.6277027  -2.05473374]\n [-2.97780562  5.14998377 -0.44600501 -0.80273788 -2.05473374  3.00326339]]", "nfev": "161", "njev": "23", "status": "0", "success": "True", "message": "Optimization terminated successfully.", "x": "[1.526138   4.54825248 4.91687938 0.48793646 4.47154388 5.12564185]", "nit": "21", "callback": [0.2205025859757198, 0.14144852333626812, 0.06657783492940439, 0.06128698286662859, 0.05955963941019693, 0.057237624392038944, 0.05307188761706516, 0.046419822642183695, 0.043763580955132664, 0.03951514699894465, 0.033379398146612616, 0.029374019091635728, 0.026657434373727362, 0.026207284020811628, 0.026014547105257524, 0.02595756182090969, 0.02595349966619187, 0.025952866578257128, 0.025952771138850306, 0.025952760504595718, 0.0259527604015648]}, "13": {"maxiter": 500, "gtol": 1e-10, "xrtol": 1e-05, "eps": 1e-10, "duration": 0.04799675941467285, "fun": "0.025952760387988327", "jac": "[2.22044587e-06 2.22044587e-06 2.22044587e-06 0.00000000e+00\n 0.00000000e+00 2.22044587e-06]", "hess_inv": "[[ 7.3476559  -8.96049222  0.87888331 -3.41371696  2.22866651 -2.92814643]\n [-8.96049222 16.64597498 -1.50026792  3.73750139 -4.07105496  5.5066129 ]\n [ 0.87888331 -1.50026792  2.40631393 -0.90410812 -0.2114278  -0.64405721]\n [-3.41371696  3.73750139 -0.90410812  5.91388143  0.07580136  0.49286159]\n [ 2.22866651 -4.07105496 -0.2114278   0.07580136  2.63345931 -1.61936394]\n [-2.92814643  5.5066129  -0.64405721  0.49286159 -1.61936394  3.04346354]]", "nfev": "175", "njev": "25", "status": "0", "success": "True", "message": "Optimization terminated successfully.", "x": "[1.52614532 4.54824614 4.91688445 0.48794922 4.47153966 5.12565255]", "nit": "22", "callback": [0.22050334947683492, 0.14145237478138584, 0.06657699698896813, 0.061286596646483504, 0.05955923037929223, 0.05723720082611927, 0.0530723552560064, 0.04642138086338432, 0.04376793308580651, 0.039522248847346786, 0.0333875281292737, 0.029378200209725147, 0.026659801998742294, 0.026207266360554704, 0.0260151877829915, 0.02595753761960029, 0.02595350575771449, 0.025952866782600337, 0.025952771224639015, 0.025952760627596216, 0.02595276039877914, 0.025952760387988327]}, "14": {"maxiter": 500, "gtol": 1e-10, "xrtol":