{"date": "2024/09/24/, 05:06:28", "conf_id": 274, "data_type": "var_s_rank\n", "num_data_points": 2, "s_rank": 0, "unitary": "[[-0.24866696+0.58742286j,-0.44704345-0.43151574j,-0.35669027-0.20570733j,-0.10517633+0.1626036j],[0.10596805-0.19687975j,-0.30269685-0.15056416j,0.18246286+0.30440582j,-0.83484447-0.11310748j],[0.26054512-0.52548482j,0.0285017-0.50723956j,-0.43110112+0.17165838j,0.15243271+0.39915801j],[0.42978035+0.11991271j,-0.17224126-0.46030424j,0.6827807-0.15164662j,0.26483638+0.0061855j]]", "databatch_0": {"databatch": "[[[0.18059341+0.19754867j,0.1023087-0.11126206j,-0.15033219-0.24311326j,0.18313923+0.06846412j],[-0.07469935-0.14791222j,-0.18798746-0.06847798j,0.1751045-0.02903566j,0.12825028+0.0673622j],[0.19289337-0.00179743j,-0.12492812-0.243649j,-0.11513358-0.28121778j,0.35940164+0.08268911j],[0.03955455+0.2963988j,0.26463756+0.17973911j,-0.29975244-0.08296251j,-0.14485446-0.12491525j]],[[-0.07126501-0.15224508j,-0.01664199+0.34741155j,0.3449928+0.15180987j,0.09218212-0.10916087j],[0.09806993+0.05135615j,0.1232662-0.44144362j,0.17373312-0.12888121j,0.08167757-0.20195807j],[0.07815476+0.22184416j,-0.08762565-0.11865046j,0.05018015-0.17753746j,-0.00290203-0.00555743j],[0.27217826+0.24104963j,-0.15453963+0.27025224j,-0.00553301-0.02232765j,0.13266815+0.11543948j]]]", "initial param values": "[2.93851031,4.94611209,0.57046954,3.43756309,2.75318849,5.64771411]", "nelder_mead": {"type": "gradient-free", "0": {"maxiter": 100, "fatol": 1e-05, "xatol": 1e-05, "duration": 0.03747200965881348, "fun": "0.47169196609770914", "nit": "100", "nfev": "151", "status": "2", "success": "False", "message": "Maximum number of iterations has been exceeded.", "x": "[5.69918835 3.93742537 0.86607757 1.75531935 2.88016646 4.92324617]", "final_simplex": "(array([[5.69918835, 3.93742537, 0.86607757, 1.75531935, 2.88016646,\n        4.92324617],\n       [5.62414926, 3.8329852 , 0.85338657, 1.97381957, 2.95478477,\n        5.04999683],\n       [5.34995742, 3.66950221, 0.8320666 , 1.89198981, 2.716414  ,\n        5.26606609],\n       [5.65385138, 3.62003747, 0.86461528, 1.73201795, 2.69441795,\n        5.23624826],\n       [5.41286901, 3.90043307, 0.82820335, 1.7798299 , 2.68491616,\n        5.20048731],\n       [5.4658543 , 3.48929967, 0.83267098, 1.82547188, 2.80398859,\n        5.19185033],\n       [5.58958313, 3.76692999, 0.82618286, 1.8652885 , 2.73418938,\n        4.91986169]]), array([0.47169197, 0.47302193, 0.47310114, 0.47522499, 0.4754061 ,\n       0.4771914 , 0.4789608 ]))", "callback": [0.7233364723106567, 0.599699978025598, 0.5680671070948244, 0.5593786925729951, 0.5436967340118746, 0.5349388794823924, 0.5176412935476963, 0.5081267084765073, 0.48174052826414493]}, "1": {"maxiter": 100, "fatol": 1e-05, "xatol": 1e-10, "duration": 0.03543996810913086, "fun": "0.47169196609770914", "nit": "100", "nfev": "151", "status": "2", "success": "False", "message": "Maximum number of iterations has been exceeded.", "x": "[5.69918835 3.93742537 0.86607757 1.75531935 2.88016646 4.92324617]", "final_simplex": "(array([[5.69918835, 3.93742537, 0.86607757, 1.75531935, 2.88016646,\n        4.92324617],\n       [5.62414926, 3.8329852 , 0.85338657, 1.97381957, 2.95478477,\n        5.04999683],\n       [5.34995742, 3.66950221, 0.8320666 , 1.89198981, 2.716414  ,\n        5.26606609],\n       [5.65385138, 3.62003747, 0.86461528, 1.73201795, 2.69441795,\n        5.23624826],\n       [5.41286901, 3.90043307, 0.82820335, 1.7798299 , 2.68491616,\n        5.20048731],\n       [5.4658543 , 3.48929967, 0.83267098, 1.82547188, 2.80398859,\n        5.19185033],\n       [5.58958313, 3.76692999, 0.82618286, 1.8652885 , 2.73418938,\n        4.91986169]]), array([0.47169197, 0.47302193, 0.47310114, 0.47522499, 0.4754061 ,\n       0.4771914 , 0.4789608 ]))", "callback": [0.7233364723106567, 0.599699978025598, 0.5680671070948244, 0.5593786925729951, 0.5436967340118746, 0.5349388794823924, 0.5176412935476963, 0.5081267084765073, 0.48174052826414493]}, "2": {"maxiter": 100, "fatol": 1e-10, "xatol": 1e-05, "duration": 0.03411698341369629, "fun": "0.47169196609770914", "nit": "100", "nfev": "151", "status": "2", "success": "False", "message": "Maximum number of iterations has been exceeded.", "x": "[5.69918835 3.93742537 0.86607757 1.75531935 2.88016646 4.92324617]", "final_simplex": "(array([[5.69918835, 3.93742537, 0.86607757, 1.75531935, 2.88016646,\n        4.92324617],\n       [5.62414926, 3.8329852 , 0.85338657, 1.97381957, 2.95478477,\n        5.04999683],\n       [5.34995742, 3.66950221, 0.8320666 , 1.89198981, 2.716414  ,\n        5.26606609],\n       [5.65385138, 3.62003747, 0.86461528, 1.73201795, 2.69441795,\n        5.23624826],\n       [5.41286901, 3.90043307, 0.82820335, 1.7798299 , 2.68491616,\n        5.20048731],\n       [5.4658543 , 3.48929967, 0.83267098, 1.82547188, 2.80398859,\n        5.19185033],\n       [5.58958313, 3.76692999, 0.82618286, 1.8652885 , 2.73418938,\n        4.91986169]]), array([0.47169197, 0.47302193, 0.47310114, 0.47522499, 0.4754061 ,\n       0.4771914 , 0.4789608 ]))", "callback": [0.7233364723106567, 0.599699978025598, 0.5680671070948244, 0.5593786925729951, 0.5436967340118746, 0.5349388794823924, 0.5176412935476963, 0.5081267084765073, 0.48174052826414493]}, "3": {"maxiter": 100, "fatol": 1e-10, "xatol": 1e-10, "duration": 0.03441214561462402, "fun": "0.47169196609770914", "nit": "100", "nfev": "151", "status": "2", "success": "False", "message": "Maximum number of iterations has been exceeded.", "x": "[5.69918835 3.93742537 0.86607757 1.75531935 2.88016646 4.92324617]", "final_simplex": "(array([[5.69918835, 3.93742537, 0.86607757, 1.75531935, 2.88016646,\n        4.92324617],\n       [5.62414926, 3.8329852 , 0.85338657, 1.97381957, 2.95478477,\n        5.04999683],\n       [5.34995742, 3.66950221, 0.8320666 , 1.89198981, 2.716414  ,\n        5.26606609],\n       [5.65385138, 3.62003747, 0.86461528, 1.73201795, 2.69441795,\n        5.23624826],\n       [5.41286901, 3.90043307, 0.82820335, 1.7798299 , 2.68491616,\n        5.20048731],\n       [5.4658543 , 3.48929967, 0.83267098, 1.82547188, 2.80398859,\n        5.19185033],\n       [5.58958313, 3.76692999, 0.82618286, 1.8652885 , 2.73418938,\n        4.91986169]]), array([0.47169197, 0.47302193, 0.47310114, 0.47522499, 0.4754061 ,\n       0.4771914 , 0.4789608 ]))", "callback": [0.7233364723106567, 0.599699978025598, 0.5680671070948244, 0.5593786925729951, 0.5436967340118746, 0.5349388794823924, 0.5176412935476963, 0.5081267084765073, 0.48174052826414493]}, "4": {"maxiter": 500, "fatol": 1e-05, "xatol": 1e-05, "duration": 0.13202714920043945, "fun": "0.44647925951237677", "nit": "375", "nfev": "586", "status": "0", "success": "True", "message": "Optimization terminated successfully.", "x": "[5.38192913 3.32098662 1.40774518 1.60409011 2.9120363  5.36306142]", "final_simplex": "(array([[5.38192913, 3.32098662, 1.40774518, 1.60409011, 2.9120363 ,\n        5.36306142],\n       [5.38192816, 3.32098667, 1.40774828, 1.6040938 , 2.91203635,\n        5.36306817],\n       [5.38192613, 3.32099326, 1.40774704, 1.60409397, 2.91203493,\n        5.36306605],\n       [5.38193149, 3.32098772, 1.40775346, 1.60409298, 2.91203992,\n        5.36306362],\n       [5.38193225, 3.32098459, 1.40774904, 1.60409479, 2.91203608,\n        5.36306074],\n       [5.38192647, 3.32099045, 1.40774445, 1.60409686, 2.91204098,\n        5.36306588],\n       [5.3819275 , 3.32098363, 1.4077546 , 1.60409161, 2.91203599,\n        5.36306222]]), array([0.44647926, 0.44647926, 0.44647926, 0.44647926, 0.44647926,\n       0.44647926, 0.44647926]))", "callback": [0.7233364723106567, 0.599699978025598, 0.5680671070948244, 0.5593786925729951, 0.5436967340118746, 0.5349388794823924, 0.5176412935476963, 0.5081267084765073, 0.48174052826414493, 0.46674508486222843, 0.46674508486222843, 0.4650771645991971, 0.4641832050650301, 0.46384028086874296, 0.4635812244326025, 0.4632205659328046, 0.46225165583239347, 0.4578939172308609, 0.45377892793550334, 0.44796535532758575, 0.4466696885580901, 0.44654170408275684, 0.44649834219329954, 0.4464896146912073, 0.44648569339916566, 0.44648409009029355, 0.4464807091471271, 0.44647994916735567, 0.4464794436687449, 0.4464793462044785, 0.4464792761343621, 0.4464792675441889, 0.446479261128638, 0.44647925995988524, 0.4464792596088317, 0.44647925952926737, 0.44647925951237677]}, "5": {"maxiter": 500, "fatol": 1e-05, "xatol": 1e-10, "duration": 0.17857813835144043, "fun": "0.4464792595094398", "nit": "471", "nfev": "799", "status": "0", "success": "True", "message": "Optimization terminated successfully.", "x": "[5.3819305  3.3209896  1.40774679 1.60409099 2.91203782 5.36306276]", "final_simplex": "(array([[5.3819305 , 3.3209896 , 1.40774679, 1.60409099, 2.91203782,\n        5.36306276],\n       [5.3819305 , 3.3209896 , 1.40774679, 1.60409099, 2.91203782,\n        5.36306276],\n       [5.3819305 , 3.3209896 , 1.40774679, 1.60409099, 2.91203782,\n        5.36306276],\n       [5.3819305 , 3.3209896 , 1.40774679, 1.60409099, 2.91203782,\n        5.36306276],\n       [5.3819305 , 3.3209896 , 1.40774679, 1.60409099, 2.91203782,\n        5.36306276],\n       [5.3819305 , 3.3209896 , 1.40774679, 1.60409099, 2.91203782,\n        5.36306276],\n       [5.3819305 , 3.3209896 , 1.40774679, 1.60409099, 2.91203782,\n        5.36306276]]), array([0.44647926, 0.44647926, 0.44647926, 0.44647926, 0.44647926,\n       0.44647926, 0.44647926]))", "callback": [0.7233364723106567, 0.599699978025598, 0.5680671070948244, 0.5593786925729951, 0.5436967340118746, 0.5349388794823924, 0.5176412935476963, 0.5081267084765073, 0.48174052826414493, 0.46674508486222843, 0.46674508486222843, 0.4650771645991971, 0.4641832050650301, 0.46384028086874296, 0.4635812244326025, 0.4632205659328046, 0.46225165583239347, 0.4578939172308609, 0.45377892793550334, 0.44796535532758575, 0.4466696885580901, 0.44654170408275684, 0.44649834219329954, 0.4464896146912073, 0.44648569339916566, 0.44648409009029355, 0.4464807091471271, 0.44647994916735567, 0.4464794436687449, 0.4464793462044785, 0.4464792761343621, 0.4464792675441889, 0.446479261128638, 0.44647925995988524, 0.4464792596088317, 0.44647925952926737, 0.44647925951237677, 0.4464792595110266, 0.44647925950995715, 0.44647925950952716, 0.446479259509451, 0.44647925950944223, 0.44647925950944045, 0.44647925950944, 0.4464792595094399, 0.4464792595094398, 0.4464792595094398]}, "6": {"maxiter": 500, "fatol": 1e-10, "xatol": 1e-05, "duration": 0.13238930702209473, "fun": "0.44647925951237677", "nit": "375", "nfev": "586", "status": "0", "success": "True", "message": "Optimization terminated successfully.", "x": "[5.38192913 3.32098662 1.40774518 1.60409011 2.9120363  5.36306142]", "final_simplex": "(array([[5.38192913, 3.32098662, 1.40774518, 1.60409011, 2.9120363 ,\n        5.36306142],\n       [5.38192816, 3.32098667, 1.40774828, 1.6040938 , 2.91203635,\n        5.36306817],\n       [5.38192613, 3.32099326, 1.40774704, 1.60409397, 2.91203493,\n        5.36306605],\n       [5.38193149, 3.32098772, 1.40775346, 1.60409298, 2.91203992,\n        5.36306362],\n       [5.38193225, 3.32098459, 1.40774904, 1.60409479, 2.91203608,\n        5.36306074],\n       [5.38192647, 3.32099045, 1.40774445, 1.60409686, 2.91204098,\n        5.36306588],\n       [5.3819275 , 3.32098363, 1.4077546 , 1.60409161, 2.91203599,\n        5.36306222]]), array([0.44647926, 0.44647926, 0.44647926, 0.44647926, 0.44647926,\n       0.44647926, 0.44647926]))", "callback": [0.7233364723106567, 0.599699978025598, 0.5680671070948244, 0.5593786925729951, 0.5436967340118746, 0.5349388794823924, 0.5176412935476963, 0.5081267084765073, 0.48174052826414493, 0.46674508486222843, 0.46674508486222843, 0.4650771645991971, 0.4641832050650301, 0.46384028086874296, 0.4635812244326025, 0.4632205659328046, 0.46225165583239347, 0.4578939172308609, 0.45377892793550334, 0.44796535532758575, 0.4466696885580901, 0.44654170408275684, 0.44649834219329954, 0.4464896146912073, 0.44648569339916566, 0.44648409009029355, 0.4464807091471271, 0.44647994916735567, 0.4464794436687449, 0.4464793462044785, 0.4464792761343621, 0.4464792675441889, 0.446479261128638, 0.44647925995988524, 0.4464792596088317, 0.44647925952926737, 0.44647925951237677]}, "7": {"maxiter": 500, "fatol": 1e-10, "xatol": 1e-10, "duration": 0.20117568969726562, "fun": "0.4464792595094398", "nit": "471", "nfev": "799", "status": "0", "success": "True", "message": "Optimization terminated successfully.", "x": "[5.3819305  3.3209896  1.40774679 1.60409099 2.91203782 5.36306276]", "final_simplex": "(array([[5.3819305 , 3.3209896 , 1.40774679, 1.60409099, 2.91203782,\n        5.36306276],\n       [5.3819305 , 3.3209896 , 1.40774679, 1.60409099, 2.91203782,\n        5.36306276],\n       [5.3819305 , 3.3209896 , 1.40774679, 1.60409099, 2.91203782,\n        5.36306276],\n       [5.3819305 , 3.3209896 , 1.40774679, 1.60409099, 2.91203782,\n        5.36306276],\n       [5.3819305 , 3.3209896 , 1.40774679, 1.60409099, 2.91203782,\n        5.36306276],\n       [5.3819305 , 3.3209896 , 1.40774679, 1.60409099, 2.91203782,\n        5.36306276],\n       [5.3819305 , 3.3209896 , 1.40774679, 1.60409099, 2.91203782,\n        5.36306276]]), array([0.44647926, 0.44647926, 0.44647926, 0.44647926, 0.44647926,\n       0.44647926, 0.44647926]))", "callback": [0.7233364723106567, 0.599699978025598, 0.5680671070948244, 0.5593786925729951, 0.5436967340118746, 0.5349388794823924, 0.5176412935476963, 0.5081267084765073, 0.48174052826414493, 0.46674508486222843, 0.46674508486222843, 0.4650771645991971, 0.4641832050650301, 0.46384028086874296, 0.4635812244326025, 0.4632205659328046, 0.46225165583239347, 0.4578939172308609, 0.45377892793550334, 0.44796535532758575, 0.4466696885580901, 0.44654170408275684, 0.44649834219329954, 0.4464896146912073, 0.44648569339916566, 0.44648409009029355, 0.4464807091471271, 0.44647994916735567, 0.4464794436687449, 0.4464793462044785, 0.4464792761343621, 0.4464792675441889, 0.446479261128638, 0.44647925995988524, 0.4464792596088317, 0.44647925952926737, 0.44647925951237677, 0.4464792595110266, 0.44647925950995715, 0.44647925950952716, 0.446479259509451, 0.44647925950944223, 0.44647925950944045, 0.44647925950944, 0.4464792595094399, 0.4464792595094398, 0.4464792595094398]}, "8": {"maxiter": 1000, "fatol": 1e-05, "xatol": 1e-05, "duration": 0.13294577598571777, "fun": "0.44647925951237677", "nit": "375", "nfev": "586", "status": "0", "success": "True", "message": "Optimization terminated successfully.", "x": "[5.38192913 3.32098662 1.40774518 1.60409011 2.9120363  5.36306142]", "final_simplex": "(array([[5.38192913, 3.32098662, 1.40774518, 1.60409011, 2.9120363 ,\n        5.36306142],\n       [5.38192816, 3.32098667, 1.40774828, 1.6040938 , 2.91203635,\n        5.36306817],\n       [5.38192613, 3.32099326, 1.40774704, 1.60409397, 2.91203493,\n        5.36306605],\n       [5.38193149, 3.32098772, 1.40775346, 1.60409298, 2.91203992,\n        5.36306362],\n       [5.38193225, 3.32098459, 1.40774904, 1.60409479, 2.91203608,\n        5.36306074],\n       [5.38192647, 3.32099045, 1.40774445, 1.60409686, 2.91204098,\n        5.36306588],\n       [5.3819275 , 3.32098363, 1.4077546 , 1.60409161, 2.91203599,\n        5.36306222]]), array([0.44647926, 0.44647926, 0.44647926, 0.44647926, 0.44647926,\n       0.44647926, 0.44647926]))", "callback": [0.7233364723106567, 0.599699978025598, 0.5680671070948244, 0.5593786925729951, 0.5436967340118746, 0.5349388794823924, 0.5176412935476963, 0.5081267084765073, 0.48174052826414493, 0.46674508486222843, 0.46674508486222843, 0.4650771645991971, 0.4641832050650301, 0.46384028086874296, 0.4635812244326025, 0.4632205659328046, 0.46225165583239347, 0.4578939172308609, 0.45377892793550334, 0.44796535532758575, 0.4466696885580901, 0.44654170408275684, 0.44649834219329954, 0.4464896146912073, 0.44648569339916566, 0.44648409009029355, 0.4464807091471271, 0.44647994916735567, 0.4464794436687449, 0.4464793462044785, 0.4464792761343621, 0.4464792675441889, 0.446479261128638, 0.44647925995988524, 0.4464792596088317, 0.44647925952926737, 0.44647925951237677]}, "9": {"maxiter": 1000, "fatol": 1e-05, "xatol": 1e-10, "duration": 0.18372130393981934, "fun": "0.4464792595094398", "nit": "471", "nfev": "799", "status": "0", "success": "True", "message": "Optimization terminated successfully.", "x": "[5.3819305  3.3209896  1.40774679 1.60409099 2.91203782 5.36306276]", "final_simplex": "(array([[5.3819305 , 3.3209896 , 1.40774679, 1.60409099, 2.91203782,\n        5.36306276],\n       [5.3819305 , 3.3209896 , 1.40774679, 1.60409099, 2.91203782,\n        5.36306276],\n       [5.3819305 , 3.3209896 , 1.40774679, 1.60409099, 2.91203782,\n        5.36306276],\n       [5.3819305 , 3.3209896 , 1.40774679, 1.60409099, 2.91203782,\n        5.36306276],\n       [5.3819305 , 3.3209896 , 1.40774679, 1.60409099, 2.91203782,\n        5.36306276],\n       [5.3819305 , 3.3209896 , 1.40774679, 1.60409099, 2.91203782,\n        5.36306276],\n       [5.3819305 , 3.3209896 , 1.40774679, 1.60409099, 2.91203782,\n        5.36306276]]), array([0.44647926, 0.44647926, 0.44647926, 0.44647926, 0.44647926,\n       0.44647926, 0.44647926]))", "callback": [0.7233364723106567, 0.599699978025598, 0.5680671070948244, 0.5593786925729951, 0.5436967340118746, 0.5349388794823924, 0.5176412935476963, 0.5081267084765073, 0.48174052826414493, 0.46674508486222843, 0.46674508486222843, 0.4650771645991971, 0.4641832050650301, 0.46384028086874296, 0.4635812244326025, 0.4632205659328046, 0.46225165583239347, 0.4578939172308609, 0.45377892793550334, 0.44796535532758575, 0.4466696885580901, 0.44654170408275684, 0.44649834219329954, 0.4464896146912073, 0.44648569339916566, 0.44648409009029355, 0.4464807091471271, 0.44647994916735567, 0.4464794436687449, 0.4464793462044785, 0.4464792761343621, 0.4464792675441889, 0.446479261128638, 0.44647925995988524, 0.4464792596088317, 0.44647925952926737, 0.44647925951237677, 0.4464792595110266, 0.44647925950995715, 0.44647925950952716, 0.446479259509451, 0.44647925950944223, 0.44647925950944045, 0.44647925950944, 0.4464792595094399, 0.4464792595094398, 0.4464792595094398]}, "10": {"maxiter": 1000, "fatol": 1e-10, "xatol": 1e-05, "duration": 0.203779935836792, "fun": "0.44647925951237677", "nit": "375", "nfev": "586", "status": "0", "success": "True", "message": "Optimization terminated successfully.", "x": "[5.38192913 3.32098662 1.40774518 1.60409011 2.9120363  5.36306142]", "final_simplex": "(array([[5.38192913, 3.32098662, 1.40774518, 1.60409011, 2.9120363 ,\n        5.36306142],\n       [5.38192816, 3.32098667, 1.40774828, 1.6040938 , 2.91203635,\n        5.36306817],\n       [5.38192613, 3.32099326, 1.40774704, 1.60409397, 2.91203493,\n        5.36306605],\n       [5.38193149, 3.32098772, 1.40775346, 1.60409298, 2.91203992,\n        5.36306362],\n       [5.38193225, 3.32098459, 1.40774904, 1.60409479, 2.91203608,\n        5.36306074],\n       [5.38192647, 3.32099045, 1.40774445, 1.60409686, 2.91204098,\n        5.36306588],\n       [5.3819275 , 3.32098363, 1.4077546 , 1.60409161, 2.91203599,\n        5.36306222]]), array([0.44647926, 0.44647926, 0.44647926, 0.44647926, 0.44647926,\n       0.44647926, 0.44647926]))", "callback": [0.7233364723106567, 0.599699978025598, 0.5680671070948244, 0.5593786925729951, 0.5436967340118746, 0.5349388794823924, 0.5176412935476963, 0.5081267084765073, 0.48174052826414493, 0.46674508486222843, 0.46674508486222843, 0.4650771645991971, 0.4641832050650301, 0.46384028086874296, 0.4635812244326025, 0.4632205659328046, 0.46225165583239347, 0.4578939172308609, 0.45377892793550334, 0.44796535532758575, 0.4466696885580901, 0.44654170408275684, 0.44649834219329954, 0.4464896146912073, 0.44648569339916566, 0.44648409009029355, 0.4464807091471271, 0.44647994916735567, 0.4464794436687449, 0.4464793462044785, 0.4464792761343621, 0.4464792675441889, 0.446479261128638, 0.44647925995988524, 0.4464792596088317, 0.44647925952926737, 0.44647925951237677]}, "11": {"maxiter": 1000, "fatol": 1e-10, "xatol": 1e-10, "duration": 0.19248199462890625, "fun": "0.4464792595094398", "nit": "471", "nfev": "799", "status": "0", "success": "True", "message": "Optimization terminated successfully.", "x": "[5.3819305  3.3209896  1.40774679 1.60409099 2.91203782 5.36306276]", "final_simplex": "(array([[5.3819305 , 3.3209896 , 1.40774679, 1.60409099, 2.91203782,\n        5.36306276],\n       [5.3819305 , 3.3209896 , 1.40774679, 1.60409099, 2.91203782,\n        5.36306276],\n       [5.3819305 , 3.3209896 , 1.40774679, 1.60409099, 2.91203782,\n        5.36306276],\n       [5.3819305 , 3.3209896 , 1.40774679, 1.60409099, 2.91203782,\n        5.36306276],\n       [5.3819305 , 3.3209896 , 1.40774679, 1.60409099, 2.91203782,\n        5.36306276],\n       [5.3819305 , 3.3209896 , 1.40774679, 1.60409099, 2.91203782,\n        5.36306276],\n       [5.3819305 , 3.3209896 , 1.40774679, 1.60409099, 2.91203782,\n        5.36306276]]), array([0.44647926, 0.44647926, 0.44647926, 0.44647926, 0.44647926,\n       0.44647926, 0.44647926]))", "callback": [0.7233364723106567, 0.599699978025598, 0.5680671070948244, 0.5593786925729951, 0.5436967340118746, 0.5349388794823924, 0.5176412935476963, 0.5081267084765073, 0.48174052826414493, 0.46674508486222843, 0.46674508486222843, 0.4650771645991971, 0.4641832050650301, 0.46384028086874296, 0.4635812244326025, 0.4632205659328046, 0.46225165583239347, 0.4578939172308609, 0.45377892793550334, 0.44796535532758575, 0.4466696885580901, 0.44654170408275684, 0.44649834219329954, 0.4464896146912073, 0.44648569339916566, 0.44648409009029355, 0.4464807091471271, 0.44647994916735567, 0.4464794436687449, 0.4464793462044785, 0.4464792761343621, 0.4464792675441889, 0.446479261128638, 0.44647925995988524, 0.4464792596088317, 0.44647925952926737, 0.44647925951237677, 0.4464792595110266, 0.44647925950995715, 0.44647925950952716, 0.446479259509451, 0.44647925950944223, 0.44647925950944045, 0.44647925950944, 0.4464792595094399, 0.4464792595094398, 0.4464792595094398]}}, "bfgs": {"type": "gradient", "0": {"maxiter": 100, "gtol": 1e-05, "xrtol": 1e-05, "eps": 1e-05, "duration": 0.04733586311340332, "fun": "0.4464792597061924", "jac": "[-1.92645899e-06 -6.57496280e-06 -6.60949073e-06 -2.39208653e-07\n  2.01265671e-06 -3.68279851e-06]", "hess_inv": "[[ 5.1970428   0.06291239  0.38940417 -0.00730827  1.35475156 -3.15726121]\n [ 0.06291239  7.23860569 -4.66854391  1.65137054  0.17596227 -1.49499403]\n [ 0.38940417 -4.66854391  6.5805863  -1.78316955  1.0496266  -0.13468816]\n [-0.00730827  1.65137054 -1.78316955  4.64279474 -0.1043514   0.56171467]\n [ 1.35475156  0.17596227  1.0496266  -0.1043514   4.37934802 -1.27651201]\n [-3.15726121 -1.49499403 -0.13468816  0.56171467 -1.27651201  6.38036212]]", "nfev": "196", "njev": "28", "status": "0", "success": "True", "message": "Optimization terminated successfully.", "x": "[5.38192562 3.32096832 1.40772908 1.60408115 2.91203388 5.3630492 ]", "nit": "24", "callback": [0.45048626288902505, 0.4464793374012097]}, "1": {"maxiter": 100, "gtol": 1e-05, "xrtol": 1e-05, "eps": 1e-10, "duration": 0.04615020751953125, "fun": "0.4464792596042134", "jac": "[ 0.00000000e+00 -5.55111466e-06 -5.55111466e-06  1.11022293e-06\n -1.11022293e-06 -2.22044587e-06]", "hess_inv": "[[ 5.20136999  0.06914075  0.43689723 -0.06765142  1.41979011 -3.24176766]\n [ 0.06914075  7.21775542 -4.69491003  1.70290758  0.11781867 -1.41348052]\n [ 0.43689723 -4.69491003  6.658936   -1.87019245  1.15940573 -0.26414713]\n [-0.06765142  1.70290758 -1.87019245  4.7356293  -0.2167534   0.68393916]\n [ 1.41979011  0.11781867  1.15940573 -0.2167534   4.51434838 -1.4394582 ]\n [-3.24176766 -1.41348052 -0.26414713  0.68393916 -1.4394582   6.53799427]]", "nfev": "196", "njev": "28", "status": "0", "success": "True", "message": "Optimization terminated successfully.", "x": "[5.38192926 3.32097197 1.4077322  1.60409389 2.91203326 5.36306493]", "nit": "24", "callback": [0.4504861884120077, 0.44647933878957424]}, "2": {"maxiter": 100, "gtol": 1e-05, "xrtol": 1e-10, "eps": 1e-05, "duration": 0.04641413688659668, "fun": "0.4464792597061924", "jac": "[-1.92645899e-06 -6.57496280e-06 -6.60949073e-06 -2.39208653e-07\n  2.01265671e-06 -3.68279851e-06]", "hess_inv": "[[ 5.1970428   0.06291239  0.38940417 -0.00730827  1.35475156 -3.15726121]\n [ 0.06291239  7.23860569 -4.66854391  1.65137054  0.17596227 -1.49499403]\n [ 0.38940417 -4.66854391  6.5805863  -1.78316955  1.0496266  -0.13468816]\n [-0.00730827  1.65137054 -1.78316955  4.64279474 -0.1043514   0.56171467]\n [ 1.35475156  0.17596227  1.0496266  -0.1043514   4.37934802 -1.27651201]\n [-3.15726121 -1.49499403 -0.13468816  0.56171467 -1.27651201  6.38036212]]", "nfev": "196", "njev": "28", "status": "0", "success": "True", "message": "Optimization terminated successfully.", "x": "[5.38192562 3.32096832 1.40772908 1.60408115 2.91203388 5.3630492 ]", "nit": "24", "callback": [0.45048626288902505, 0.4464793374012097]}, "3": {"maxiter": 100, "gtol": 1e-05, "xrtol": 1e-10, "eps": 1e-10, "duration": 0.04565882682800293, "fun": "0.4464792596042134", "jac": "[ 0.00000000e+00 -5.55111466e-06 -5.55111466e-06  1.11022293e-06\n -1.11022293e-06 -2.22044587e-06]", "hess_inv": "[[ 5.20136999  0.06914075  0.43689723 -0.06765142  1.41979011 -3.24176766]\n [ 0.06914075  7.21775542 -4.69491003  1.70290758  0.11781867 -1.41348052]\n [ 0.43689723 -4.69491003  6.658936   -1.87019245  1.15940573 -0.26414713]\n [-0.06765142  1.70290758 -1.87019245  4.7356293  -0.2167534   0.68393916]\n [ 1.41979011  0.11781867  1.15940573 -0.2167534   4.51434838 -1.4394582 ]\n [-3.24176766 -1.41348052 -0.26414713  0.68393916 -1.4394582   6.53799427]]", "nfev": "196", "njev": "28", "status": "0", "success": "True", "message": "Optimization terminated successfully.", "x": "[5.38192926 3.32097197 1.4077322  1.60409389 2.91203326 5.36306493]", "nit": "24", "callback": [0.4504861884120077, 0.44647933878957424]}, "4": {"maxiter": 100, "gtol": 1e-10, "xrtol": 1e-05, "eps": 1e-05, "duration": 0.047087907791137695, "fun": "0.4464792595335225", "jac": "[ 4.23217017e-08 -7.84672327e-07 -8.02247158e-07  2.77444734e-07\n -1.32238664e-07 -5.59330360e-08]", "hess_inv": "[[ 5.20139661  0.0275929   0.35807829 -0.01632655  1.36501806 -3.18815594]\n [ 0.0275929   7.4430967  -4.57373421  1.80137231  0.01580883 -1.19614684]\n [ 0.35807829 -4.57373421  6.49656726 -1.56904509  0.82647119  0.18124863]\n [-0.01632655  1.80137231 -1.56904509  4.58949334 -0.05361141  0.58053972]\n [ 1.36501806  0.01580883  0.82647119 -0.05361141  4.33152729 -1.30417933]\n [-3.18815594 -1.19614684  0.18124863  0.58053972 -1.30417933  6.57124801]]", "nfev": "203", "njev": "29", "status": "0", "success": "True", "message": "Optimization terminated successfully.", "x": "[5.3819237  3.32098308 1.40774126 1.60408593 2.91202854 5.36306335]", "nit": "25", "callback": [0.45048626288902505, 0.4464793374012097]}, "5": {"maxiter": 100, "gtol": 1e-10, "xrtol": 1e-05, "eps": 1e-10, "duration": 0.0485382080078125, "fun": "0.44647925952141554", "jac": "[-1.11022293e-06 -2.22044587e-06 -2.22044587e-06  0.00000000e+00\n  2.22044587e-06  0.00000000e+00]", "hess_inv": "[[ 5.22613273e+00 -1.08120916e-03  3.88657554e-01 -8.69009200e-02\n   1.42116801e+00 -3.31899858e+00]\n [-1.08120916e-03  7.41012551e+00 -4.60016220e+00  1.79294546e+00\n   6.70631216e-02 -1.16579610e+00]\n [ 3.88657554e-01 -4.60016220e+00  6.49152563e+00 -1.61233091e+00\n   8.65509715e-01  6.45425999e-02]\n [-8.69009200e-02  1.79294546e+00 -1.61233091e+00  4.56481545e+00\n   2.76833404e-02  5.93710422e-01]\n [ 1.42116801e+00  6.70631216e-02  8.65509715e-01  2.76833404e-02\n   4.18998276e+00 -1.24517851e+00]\n [-3.31899858e+00 -1.16579610e+00  6.45425999e-02  5.93710422e-01\n  -1.24517851e+00  6.65732427e+00]]", "nfev": "203", "njev": "29", "status": "0", "success": "True", "message": "Optimization terminated successfully.", "x": "[5.38192571 3.32098306 1.4077456  1.60409118 2.91204029 5.36307156]", "nit": "25", "callback": [0.4504861884120077, 0.44647933878957424]}, "6": {"maxiter": 100, "gtol": 1e-10, "xrtol": 1e-10, "eps": 1e-05, "duration": 0.0545351505279541, "fun": "0.4464792595265228", "jac": "[-6.66133815e-11  0.00000000e+00 -2.22044605e-11 -1.11022302e-11\n  2.22044605e-11 -3.33066907e-11]", "hess_inv": "[[ 5.7651986   0.72044838 -0.15027776  0.05720032  1.7077714  -3.75944126]\n [ 0.72044838  8.40598267 -4.9997441   1.74447447  0.57202479 -1.99417399]\n [-0.15027776 -4.9997441   7.18715181 -1.72339883  0.60238681  0.69225366]\n [ 0.05720032  1.74447447 -1.72339883  4.51044726  0.05945415  0.37384856]\n [ 1.7077714   0.57202479  0.60238681  0.05945415  4.48748412 -1.54011917]\n [-3.75944126 -1.99417399  0.69225366  0.37384856 -1.54011917  6.99190798]]", "nfev": "231", "njev": "33", "status": "0", "success": "True", "message": "Optimization terminated successfully.", "x": "[5.38192386 3.32098509 1.4077438  1.60408462 2.91202993 5.36306257]", "nit": "29", "callback": [0.45048626288902505, 0.4464793374012097]}, "7": {"maxiter": 100, "gtol": 1e-10, "xrtol": 1e-10, "eps": 1e-10, "duration": 0.09020519256591797, "fun": "0.44647925951279266", "jac": "[0. 0. 0. 0. 0. 0.]", "hess_inv": "[[ 8.15579726e-01  8.56452188e-03  2.53682809e-01 -5.43728785e-01\n   3.09544475e-02 -6.87547456e-01]\n [ 8.56452188e-03  1.04955529e-02 -6.72686910e-03 -2.76071644e-03\n   7.89809756e-03 -4.34774007e-03]\n [ 2.53682809e-01 -6.72686910e-03  9.08172547e-02 -1.72260183e-01\n   7.57791795e-05 -2.18436190e-01]\n [-5.43728785e-01 -2.76071644e-03 -1.72260183e-01  3.65043264e-01\n  -1.85746408e-02  4.59390510e-01]\n [ 3.09544475e-02  7.89809756e-03  7.57791795e-05 -1.85746408e-02\n   1.52415199e-02 -2.84786372e-02]\n [-6.87547456e-01 -4.34774007e-03 -2.18436190e-01  4.59390510e-01\n  -2.84786372e-02  5.88322952e-01]]", "nfev": "385", "njev": "55", "status": "0", "success": "True", "message": "Optimization terminated successfully.", "x": "[5.38193265 3.32098726 1.40774947 1.60409124 2.91204058 5.36306591]", "nit": "36", "callback": [0.4504861884120077, 0.44647933878957424, 0.44647925951405365]}, "8": {"maxiter": 500, "gtol": 1e-05, "xrtol": 1e-05, "eps": 1e-05, "duration": 0.04615592956542969, "fun": "0.4464792597061924", "jac": "[-1.92645899e-06 -6.57496280e-06 -6.60949073e-06 -2.39208653e-07\n  2.01265671e-06 -3.68279851e-06]", "hess_inv": "[[ 5.1970428   0.06291239  0.38940417 -0.00730827  1.35475156 -3.15726121]\n [ 0.06291239  7.23860569 -4.66854391  1.65137054  0.17596227 -1.49499403]\n [ 0.38940417 -4.66854391  6.5805863  -1.78316955  1.0496266  -0.13468816]\n [-0.00730827  1.65137054 -1.78316955  4.64279474 -0.1043514   0.56171467]\n [ 1.35475156  0.17596227  1.0496266  -0.1043514   4.37934802 -1.27651201]\n [-3.15726121 -1.49499403 -0.13468816  0.56171467 -1.27651201  6.38036212]]", "nfev": "196", "njev": "28", "status": "0", "success": "True", "message": "Optimization terminated successfully.", "x": "[5.38192562 3.32096832 1.40772908 1.60408115 2.91203388 5.3630492 ]", "nit": "24", "callback": [0.45048626288902505, 0.4464793374012097]}, "9": {"maxiter": 500, "gtol": 1e-05, "xrtol": 1e-05, "eps": 1e-10, "duration": 0.04465889930725098, "fun": "0.4464792596042134", "jac": "[ 0.00000000e+00 -5.55111466e-06 -5.55111466e-06  1.11022293e-06\n -1.11022293e-06 -2.22044587e-06]", "hess_inv": "[[ 5.20136999  0.06914075  0.43689723 -0.06765142  1.41979011 -3.24176766]\n [ 0.06914075  7.21775542 -4.69491003  1.70290758  0.11781867 -1.41348052]\n [ 0.43689723 -4.69491003  6.658936   -1.87019245  1.15940573 -0.26414713]\n [-0.06765142  1.70290758 -1.87019245  4.7356293  -0.2167534   0.68393916]\n [ 1.41979011  0.11781867  1.15940573 -0.2167534   4.51434838 -1.4394582 ]\n [-3.24176766 -1.41348052 -0.26414713  0.68393916 -1.4394582   6.53799427]]", "nfev": "196", "njev": "28", "status": "0", "success": "True", "message": "Optimization terminated successfully.", "x": "[5.38192926 3.32097197 1.4077322  1.60409389 2.91203326 5.36306493]", "nit": "24", "callback": [0.4504861884120077, 0.44647933878957424]}, "10": {"maxiter": 500, "gtol": 1e-05, "xrtol": 1e-10, "eps": 1e-05, "duration": 0.04434990882873535, "fun": "0.4464792597061924", "jac": "[-1.92645899e-06 -6.57496280e-06 -6.60949073e-06 -2.39208653e-07\n  2.01265671e-06 -3.68279851e-06]", "hess_inv": "[[ 5.1970428   0.06291239  0.38940417 -0.00730827  1.35475156 -3.15726121]\n [ 0.06291239  7.23860569 -4.66854391  1.65137054  0.17596227 -1.49499403]\n [ 0.38940417 -4.66854391  6.5805863  -1.78316955  1.0496266  -0.13468816]\n [-0.00730827  1.65137054 -1.78316955  4.64279474 -0.1043514   0.56171467]\n [ 1.35475156  0.17596227  1.0496266  -0.1043514   4.37934802 -1.27651201]\n [-3.15726121 -1.49499403 -0.13468816  0.56171467 -1.27651201  6.38036212]]", "nfev": "196", "njev": "28", "status": "0", "success": "True", "message": "Optimization terminated successfully.", "x": "[5.38192562 3.32096832 1.40772908 1.60408115 2.91203388 5.3630492 ]", "nit": "24", "callback": [0.45048626288902505, 0.4464793374012097]}, "11": {"maxiter": 500, "gtol": 1e-05, "xrtol": 1e-10, "eps": 1e-10, "duration": 0.04476189613342285, "fun": "0.4464792596042134", "jac": "[ 0.00000000e+00 -5.55111466e-06 -5.55111466e-06  1.11022293e-06\n -1.11022293e-06 -2.22044587e-06]", "hess_inv": "[[ 5.20136999  0.06914075  0.43689723 -0.06765142  1.41979011 -3.24176766]\n [ 0.06914075  7.21775542 -4.69491003  1.70290758  0.11781867 -1.41348052]\n [ 0.43689723 -4.69491003  6.658936   -1.87019245  1.15940573 -0.26414713]\n [-0.06765142  1.70290758 -1.87019245  4.7356293  -0.2167534   0.68393916]\n [ 1.41979011  0.11781867  1.15940573 -0.2167534   4.51434838 -1.4394582 ]\n [-3.24176766 -1.41348052 -0.26414713  0.68393916 -1.4394582   6.53799427]]", "nfev": "196", "njev": "28", "status": "0", "success": "True", "message": "Optimization terminated successfully.", "x": "[5.38192926 3.32097197 1.4077322  1.60409389 2.91203326 5.36306493]", "nit": "24", "callback": [0.4504861884120077, 0.44647933878957424]}, "12": {"maxiter": 500, "gtol": 1e-10, "xrtol": 1e-05, "eps": 1e-05, "duration": 0.046803951263427734, "fun": "0.4464792595335225", "jac": "[ 4.23217017e-08 -7.84672327e-07 -8.02247158e-07  2.77444734e-07\n -1.32238664e-07 -5.59330360e-08]", "hess_inv": "[[ 5.20139661  0.0275929   0.35807829 -0.01632655  1.36501806 -3.18815594]\n [ 0.0275929   7.4430967  -4.57373421  1.80137231  0.01580883 -1.19614684]\n [ 0.35807829 -4.57373421  6.49656726 -1.56904509  0.82647119  0.18124863]\n [-0.01632655  1.80137231 -1.56904509  4.58949334 -0.05361141  0.58053972]\n [ 1.36501806  0.01580883  0.82647119 -0.05361141  4.33152729 -1.30417933]\n [-3.18815594 -1.19614684  0.18124863  0.58053972 -1.30417933  6.57124801]]", "nfev": "203", "njev": "29", "status": "0", "success": "True", "message": "Optimization terminated successfully.", "x": "[5.3819237  3.32098308 1.40774126 1.60408593 2.91202854 5.36306335]", "nit": "25", "callback": [0.45048626288902505, 0.4464793374012097]}, "13": {"maxiter": 500, "gtol": 1e-10, "xrtol": 1e-05, "eps": 1e-10, "duration": 0.04607725143432617, "fun": "0.44647925952141554", "jac": "[-1.11022293e-06 -2.22044587e-06 -2.22044587e-06  0.00000000e+00\n  2.22044587e-06  0.00000000e+00]", "hess_inv": "[[ 5.22613273e+00 -1.08120916e-03  3.88657554e-01 -8.69009200e-02\n   1.42116801e+00 -3.31899858e+00]\n [-1.08120916e-03  7.41012551e+00 -4.60016220e+00  1.79294546e+00\n   6.70631216e-02 -1.16579610e+00]\n [ 3.88657554e-01 -4.60016220e+00  6.49152563e+00 -1.61233091e+00\n   8.65509715e-01  6.45425999e-02]\n [-8.69009200e-02  1.79294546e+00 -1.61233091e+00  4.56481545e+00\n   2.76833404e-02  5.93710422e-01]\n [ 1.42116801e+00  6.70631216e-02  8.65509715e-01  2.76833404e-02\n   4.18998276e+00 -1.24517851e+00]\n [-3.31899858e+00 -1.16579610e+00  6.45425999e-02  5.93710422e-01\n  -1.24517851e+00  6.65732427e+00]]", "nfev": "203", "njev": "29", "status": "0", "success": "True", "message": "Optimization terminated successfully.", "x": "[5.38192571 3.32098306 1.4077456  1.60409118 2.91204029 5.36307156]", "nit": "25", "callback": [0.4504861884120077, 0.44647933878957424]}, "14": {"maxiter": 500, "gtol": 1e-10, "xrtol": 1e-10, "eps": 1e-05, "duration": 0.0527491569519043, "fun": "0.4464792595265228", "jac": "[-6.66133815e-11  0.00000000e+00 -2.22044605e-11 -1.11022302e-11\n  2.22044605e-11 -3.33066907e-11]", "hess_inv": "[[ 5.7651986   0.72044838 -0.15027776  0.05720032  1.7077714  -3.75944126]\n [ 0.72044838  8.40598267 -4.9997441   1.74447447  0.57202479 -1.99417399]\n [-0.15027776 -4.9997441   7.18715181 -1.72339883  0.60238681  0.69225366]\n [ 0.05720032  1.74447447 -1.72339883  4.51044726  0.05945415  0.37384856]\n [ 1.7077714   0.57202479  0.60238681  0.05945415  4.48748412 -1.54011917]\n [-3.75944126 -1.99417399  0.69225366  0.37384856 -1.54011917  6.99190798]]", "nfev": "231", "njev": "33", "status": "0", "success": "True", "message": "Optimization terminated successfully.", "x": "[5.38192386 3.32098509 1.4077438  1.60408462 2.91202993 5.36306257]", "nit": "29", "callback": [0.45048626288902505, 0.4464793374012097]}, "15": {"maxiter": 500, "gtol": 1e-10, "xrtol": 1e-10, "eps": 1e-10, "duration": 0.08781599998474121, "fun": "0.44647925951279266", "jac": "[0. 0. 0. 0. 0. 0.]", "hess_inv": "[[ 8.15579726e-01  8.56452188e-03  2.53682809e-01 -5.43728785e-01\n   3.09544475e-02 -6.87547456e-01]\n [ 8.56452188e-03  1.04955529e-02 -6.72686910e-03 -2.76071644e-03\n   7.89809756e-03 -4.34774007e-03]\n [ 2.53682809e-01 -6.72686910e-03  9.08172547e-02 -1.72260183e-01\n   7.57791795e-05 -2.18436190e-01]\n [-5.43728785e-01 -2.76071644e-03 -1.72260183e-01  3.65043264e-01\n  -1.85746408e-02  4.59390510e-01]\n [ 3.09544475e-02  7.89809756e-03  7.57791795e-05 -1.85746408e-02\n   1.52415199e-02 -2.84786372e-02]\n [-6.87547456e-01 -4.34774007e-03 -2.18436190e-01  4.59390510e-01\n  -2.84786372e-02  5.88322952e-01]]", "nfev": "385", "njev": "55", "status": "0", "success": "True", "message": "Optimization terminated successfully.", "x": "[5.38193265 3.32098726 1.40774947 1.60409124 2.91204058 5.36306591]", "nit": "36", "callback": [0.4504861884120077, 0.44647933878957424, 0.44647925951405365]}, "16": {"maxiter": 1000, "gtol": 1e-05, "xrtol": 1e-05, "eps": 1e-05, "duration": 0.04492807388305664, "fun": "0.4464792597061924", "jac": "[-1.92645899e-06 -6.57496280e-06 -6.60949073e-06 -2.39208653e-07\n  2.01265671e-06 -3.68279851e-06]", "hess_inv": "[[ 5.1970428   0.06291239  0.38940417 -0.00730827  1.35475156 -3.15726121]\n [ 0.06291239  7.23860569 -4.66854391  1.65137054  0.17596227 -1.49499403]\n [ 0.38940417 -4.66854391  6.5805863  -1.78316955  1.0496266  -0.13468816]\n [-0.00730827  1.65137054 -1.78316955  4.64279474 -0.1043514   0.56171467]\n [ 1.35475156  0.17596227  1.0496266  -0.1043514   4.37934802 -1.27651201]\n [-3.15726121 -1.49499403 -0.13468816  0.56171467 -1.27651201  6.38036212]]", "nfev": "196", "njev": "28", "status": "0", "success": "True", "message": "Optimization terminated successfully.", "x": "[5.38192562 3.32096832 1.40772908 1.60408115 2.91203388 5.3630492 ]", "nit": "24", "callback": [0.45048626288902505, 0.4464793374012097]}, "17": {"maxiter": 1000, "gtol": 1e-05, "xrtol": 1e-05, "eps": 1e-10, "duration": 0.044760942459106445, "fun": "0.4464792596042134", "jac": "[ 0.00000000e+00 -5.55111466e-06 -5.55111466e-06  1.11022293e-06\n -1.11022293e-06 -2.22044587e-06]", "hess_inv": "[[ 5.20136999  0.06914075  0.43689723 -0.06765142  1.41979011 -3.24176766]\n [ 0.06914075  7.21775542 -4.69491003  1.70290758  0.11781867 -1.41348052]\n [ 0.43689723 -4.69491003  6.658936   -1.87019245  1.15940573 -0.26414713]\n [-0.06765142  1.70290758 -1.87019245  4.7356293  -0.2167534   0.68393916]\n [ 1.41979011  0.11781867  1.15940573 -0.2167534   4.51434838 -1.4394582 ]\n [-3.24176766 -1.41348052 -0.26414713  0.68393916 -1.4394582   6.53799427]]", "nfev": "196", "njev": "28", "status": "0", "success": "True", "message": "Optimization terminated successfully.", "x": "[5.38192926 3.32097197 1.4077322  1.60409389 2.91203326 5.36306493]", "nit":