{"date": "2024/10/08/, 13:56:20", "conf_id": 2, "data_type": "random\n", "num_data_points": 1, "s_rank": 0, "unitary": "[[0.18663085-0.53122324j,-0.11886349-0.70040876j,0.28555095-0.02789305j,-0.12262021-0.2844587j],[-0.16702216+0.27758472j,0.27526351-0.29738586j,-0.01109314+0.22495461j,-0.77239203+0.28900673j],[0.61935415+0.12301792j,-0.31269928-0.03315917j,-0.61902762-0.19039079j,-0.27120731-0.0968989j],[0.42341754+0.0023929j,-0.05847358+0.47832119j,0.64900495-0.16218422j,-0.37182676-0.05229966j]]", "databatch_0": {"databatch": "[[[-0.1875805+0.30741893j,-0.11333682+0.12206049j,-0.07120492-0.20203254j,-0.2769391+0.17236235j],[-0.06182243-0.2550768j,-0.00452656-0.12130828j,0.14082712+0.0673847j,0.05383348-0.23155632j],[0.17541693+0.31435694j,0.05055329+0.15864003j,-0.21085522-0.03730237j,0.01394107+0.32577055j],[-0.30092933+0.00151583j,-0.13653631-0.02703087j,0.11242157-0.13929522j,-0.24410221-0.12129706j]]]", "initial param values": "[0.05962078,5.28896693,5.66909565,1.33780482,5.72994065,2.81919828]", "nelder_mead": {"type": "gradient-free", "0": {"maxiter": 100, "fatol": 1e-05, "xatol": 1e-05, "duration": 0.057144880294799805, "fun": "0.19944236645392233", "nit": "100", "nfev": "156", "status": "2", "success": "False", "message": "Maximum number of iterations has been exceeded.", "x": "[0.08983968 5.86067942 4.40807569 0.6560058  6.62367628 2.55252252]", "final_simplex": "(array([[0.08983968, 5.86067942, 4.40807569, 0.6560058 , 6.62367628,\n        2.55252252],\n       [0.08433567, 5.84501971, 4.41384652, 0.82360441, 6.62454548,\n        2.46385147],\n       [0.08662394, 6.07237926, 4.21062926, 0.76551341, 6.66003685,\n        2.45424173],\n       [0.08897882, 5.94326492, 4.33194114, 0.67911908, 6.67922512,\n        2.47875488],\n       [0.08977109, 5.94759624, 4.30833922, 0.66307875, 6.65886042,\n        2.46713201],\n       [0.08599844, 5.78386702, 4.4599983 , 0.75236347, 6.64340309,\n        2.49641791],\n       [0.08595069, 5.94685612, 4.36135566, 0.76825055, 6.67123834,\n        2.43274519]]), array([0.19944237, 0.20015447, 0.20025896, 0.20032988, 0.20036597,\n       0.20040815, 0.20065199]))", "callback": [0.34761678068395807, 0.22784631963638768, 0.21699244672311457, 0.20932674703160015, 0.2063708006985301, 0.20542092368052745, 0.20456367433492761, 0.20300003317573756, 0.20190722720278031, 0.2009538379570267]}, "1": {"maxiter": 100, "fatol": 1e-05, "xatol": 1e-10, "duration": 0.046372175216674805, "fun": "0.19944236645392233", "nit": "100", "nfev": "156", "status": "2", "success": "False", "message": "Maximum number of iterations has been exceeded.", "x": "[0.08983968 5.86067942 4.40807569 0.6560058  6.62367628 2.55252252]", "final_simplex": "(array([[0.08983968, 5.86067942, 4.40807569, 0.6560058 , 6.62367628,\n        2.55252252],\n       [0.08433567, 5.84501971, 4.41384652, 0.82360441, 6.62454548,\n        2.46385147],\n       [0.08662394, 6.07237926, 4.21062926, 0.76551341, 6.66003685,\n        2.45424173],\n       [0.08897882, 5.94326492, 4.33194114, 0.67911908, 6.67922512,\n        2.47875488],\n       [0.08977109, 5.94759624, 4.30833922, 0.66307875, 6.65886042,\n        2.46713201],\n       [0.08599844, 5.78386702, 4.4599983 , 0.75236347, 6.64340309,\n        2.49641791],\n       [0.08595069, 5.94685612, 4.36135566, 0.76825055, 6.67123834,\n        2.43274519]]), array([0.19944237, 0.20015447, 0.20025896, 0.20032988, 0.20036597,\n       0.20040815, 0.20065199]))", "callback": [0.34761678068395807, 0.22784631963638768, 0.21699244672311457, 0.20932674703160015, 0.2063708006985301, 0.20542092368052745, 0.20456367433492761, 0.20300003317573756, 0.20190722720278031, 0.2009538379570267]}, "2": {"maxiter": 100, "fatol": 1e-10, "xatol": 1e-05, "duration": 0.054611921310424805, "fun": "0.19944236645392233", "nit": "100", "nfev": "156", "status": "2", "success": "False", "message": "Maximum number of iterations has been exceeded.", "x": "[0.08983968 5.86067942 4.40807569 0.6560058  6.62367628 2.55252252]", "final_simplex": "(array([[0.08983968, 5.86067942, 4.40807569, 0.6560058 , 6.62367628,\n        2.55252252],\n       [0.08433567, 5.84501971, 4.41384652, 0.82360441, 6.62454548,\n        2.46385147],\n       [0.08662394, 6.07237926, 4.21062926, 0.76551341, 6.66003685,\n        2.45424173],\n       [0.08897882, 5.94326492, 4.33194114, 0.67911908, 6.67922512,\n        2.47875488],\n       [0.08977109, 5.94759624, 4.30833922, 0.66307875, 6.65886042,\n        2.46713201],\n       [0.08599844, 5.78386702, 4.4599983 , 0.75236347, 6.64340309,\n        2.49641791],\n       [0.08595069, 5.94685612, 4.36135566, 0.76825055, 6.67123834,\n        2.43274519]]), array([0.19944237, 0.20015447, 0.20025896, 0.20032988, 0.20036597,\n       0.20040815, 0.20065199]))", "callback": [0.34761678068395807, 0.22784631963638768, 0.21699244672311457, 0.20932674703160015, 0.2063708006985301, 0.20542092368052745, 0.20456367433492761, 0.20300003317573756, 0.20190722720278031, 0.2009538379570267]}, "3": {"maxiter": 100, "fatol": 1e-10, "xatol": 1e-10, "duration": 0.04974818229675293, "fun": "0.19944236645392233", "nit": "100", "nfev": "156", "status": "2", "success": "False", "message": "Maximum number of iterations has been exceeded.", "x": "[0.08983968 5.86067942 4.40807569 0.6560058  6.62367628 2.55252252]", "final_simplex": "(array([[0.08983968, 5.86067942, 4.40807569, 0.6560058 , 6.62367628,\n        2.55252252],\n       [0.08433567, 5.84501971, 4.41384652, 0.82360441, 6.62454548,\n        2.46385147],\n       [0.08662394, 6.07237926, 4.21062926, 0.76551341, 6.66003685,\n        2.45424173],\n       [0.08897882, 5.94326492, 4.33194114, 0.67911908, 6.67922512,\n        2.47875488],\n       [0.08977109, 5.94759624, 4.30833922, 0.66307875, 6.65886042,\n        2.46713201],\n       [0.08599844, 5.78386702, 4.4599983 , 0.75236347, 6.64340309,\n        2.49641791],\n       [0.08595069, 5.94685612, 4.36135566, 0.76825055, 6.67123834,\n        2.43274519]]), array([0.19944237, 0.20015447, 0.20025896, 0.20032988, 0.20036597,\n       0.20040815, 0.20065199]))", "callback": [0.34761678068395807, 0.22784631963638768, 0.21699244672311457, 0.20932674703160015, 0.2063708006985301, 0.20542092368052745, 0.20456367433492761, 0.20300003317573756, 0.20190722720278031, 0.2009538379570267]}, "4": {"maxiter": 500, "fatol": 1e-05, "xatol": 1e-05, "duration": 0.22116422653198242, "fun": "0.025952760384710172", "nit": "499", "nfev": "788", "status": "0", "success": "True", "message": "Optimization terminated successfully.", "x": "[1.46435144 4.63760714 4.90446614 0.40067889 4.609626   4.97460742]", "final_simplex": "(array([[1.46435144, 4.63760714, 4.90446614, 0.40067889, 4.609626  ,\n        4.97460742],\n       [1.46434983, 4.63760938, 4.90446592, 0.4006753 , 4.60963286,\n        4.9745993 ],\n       [1.46434765, 4.63761144, 4.90446489, 0.40067467, 4.60963175,\n        4.97459985],\n       [1.46435045, 4.6376084 , 4.90446498, 0.40067683, 4.60962883,\n        4.97460401],\n       [1.46435132, 4.63760739, 4.90446596, 0.40067748, 4.60962804,\n        4.97460383],\n       [1.46435231, 4.63760409, 4.90446647, 0.40068257, 4.6096213 ,\n        4.97461243],\n       [1.46435035, 4.6376084 , 4.90446519, 0.40067909, 4.6096271 ,\n        4.97460508]]), array([0.02595276, 0.02595276, 0.02595276, 0.02595276, 0.02595276,\n       0.02595276, 0.02595276]))", "callback": [0.34761678068395807, 0.22784631963638768, 0.21699244672311457, 0.20932674703160015, 0.2063708006985301, 0.20542092368052745, 0.20456367433492761, 0.20300003317573756, 0.20190722720278031, 0.2009538379570267, 0.19944236645392233, 0.19848035548846288, 0.19816205708107248, 0.19804354285236814, 0.19795410083428933, 0.19783710226557627, 0.197554421907983, 0.197088585079083, 0.19492654177015212, 0.1890108848750922, 0.17776199609386212, 0.1687292564627223, 0.1507226922290711, 0.1374943160538965, 0.09965052452656309, 0.05851077349228506, 0.041261818587035926, 0.041261818587035926, 0.04002007345730152, 0.03817242154308231, 0.036471306538939596, 0.03401832393950899, 0.03228813451770374, 0.030482382794695617, 0.028604514258442126, 0.026629642082652838, 0.02621606173278579, 0.025979683240410667, 0.025979683240410667, 0.025954840270752455, 0.025953397995467253, 0.02595293226444828, 0.025952780744615822, 0.02595276484624054, 0.025952760965664123, 0.02595276068452157, 0.025952760456774304, 0.02595276040145289, 0.025952760387584872, 0.025952760385119844]}, "5": {"maxiter": 500, "fatol": 1e-05, "xatol": 1e-10, "duration": 0.2416691780090332, "fun": "0.025952760384710172", "nit": "500", "nfev": "789", "status": "2", "success": "False", "message": "Maximum number of iterations has been exceeded.", "x": "[1.46435144 4.63760714 4.90446614 0.40067889 4.609626   4.97460742]", "final_simplex": "(array([[1.46435144, 4.63760714, 4.90446614, 0.40067889, 4.609626  ,\n        4.97460742],\n       [1.46434983, 4.63760938, 4.90446592, 0.4006753 , 4.60963286,\n        4.9745993 ],\n       [1.46435065, 4.63760755, 4.90446627, 0.40067616, 4.60962917,\n        4.97460387],\n       [1.46434765, 4.63761144, 4.90446489, 0.40067467, 4.60963175,\n        4.97459985],\n       [1.46435045, 4.6376084 , 4.90446498, 0.40067683, 4.60962883,\n        4.97460401],\n       [1.46435132, 4.63760739, 4.90446596, 0.40067748, 4.60962804,\n        4.97460383],\n       [1.46435231, 4.63760409, 4.90446647, 0.40068257, 4.6096213 ,\n        4.97461243]]), array([0.02595276, 0.02595276, 0.02595276, 0.02595276, 0.02595276,\n       0.02595276, 0.02595276]))", "callback": [0.34761678068395807, 0.22784631963638768, 0.21699244672311457, 0.20932674703160015, 0.2063708006985301, 0.20542092368052745, 0.20456367433492761, 0.20300003317573756, 0.20190722720278031, 0.2009538379570267, 0.19944236645392233, 0.19848035548846288, 0.19816205708107248, 0.19804354285236814, 0.19795410083428933, 0.19783710226557627, 0.197554421907983, 0.197088585079083, 0.19492654177015212, 0.1890108848750922, 0.17776199609386212, 0.1687292564627223, 0.1507226922290711, 0.1374943160538965, 0.09965052452656309, 0.05851077349228506, 0.041261818587035926, 0.041261818587035926, 0.04002007345730152, 0.03817242154308231, 0.036471306538939596, 0.03401832393950899, 0.03228813451770374, 0.030482382794695617, 0.028604514258442126, 0.026629642082652838, 0.02621606173278579, 0.025979683240410667, 0.025979683240410667, 0.025954840270752455, 0.025953397995467253, 0.02595293226444828, 0.025952780744615822, 0.02595276484624054, 0.025952760965664123, 0.02595276068452157, 0.025952760456774304, 0.02595276040145289, 0.025952760387584872, 0.025952760385119844]}, "6": {"maxiter": 500, "fatol": 1e-10, "xatol": 1e-05, "duration": 0.23415398597717285, "fun": "0.025952760384710172", "nit": "499", "nfev": "788", "status": "0", "success": "True", "message": "Optimization terminated successfully.", "x": "[1.46435144 4.63760714 4.90446614 0.40067889 4.609626   4.97460742]", "final_simplex": "(array([[1.46435144, 4.63760714, 4.90446614, 0.40067889, 4.609626  ,\n        4.97460742],\n       [1.46434983, 4.63760938, 4.90446592, 0.4006753 , 4.60963286,\n        4.9745993 ],\n       [1.46434765, 4.63761144, 4.90446489, 0.40067467, 4.60963175,\n        4.97459985],\n       [1.46435045, 4.6376084 , 4.90446498, 0.40067683, 4.60962883,\n        4.97460401],\n       [1.46435132, 4.63760739, 4.90446596, 0.40067748, 4.60962804,\n        4.97460383],\n       [1.46435231, 4.63760409, 4.90446647, 0.40068257, 4.6096213 ,\n        4.97461243],\n       [1.46435035, 4.6376084 , 4.90446519, 0.40067909, 4.6096271 ,\n        4.97460508]]), array([0.02595276, 0.02595276, 0.02595276, 0.02595276, 0.02595276,\n       0.02595276, 0.02595276]))", "callback": [0.34761678068395807, 0.22784631963638768, 0.21699244672311457, 0.20932674703160015, 0.2063708006985301, 0.20542092368052745, 0.20456367433492761, 0.20300003317573756, 0.20190722720278031, 0.2009538379570267, 0.19944236645392233, 0.19848035548846288, 0.19816205708107248, 0.19804354285236814, 0.19795410083428933, 0.19783710226557627, 0.197554421907983, 0.197088585079083, 0.19492654177015212, 0.1890108848750922, 0.17776199609386212, 0.1687292564627223, 0.1507226922290711, 0.1374943160538965, 0.09965052452656309, 0.05851077349228506, 0.041261818587035926, 0.041261818587035926, 0.04002007345730152, 0.03817242154308231, 0.036471306538939596, 0.03401832393950899, 0.03228813451770374, 0.030482382794695617, 0.028604514258442126, 0.026629642082652838, 0.02621606173278579, 0.025979683240410667, 0.025979683240410667, 0.025954840270752455, 0.025953397995467253, 0.02595293226444828, 0.025952780744615822, 0.02595276484624054, 0.025952760965664123, 0.02595276068452157, 0.025952760456774304, 0.02595276040145289, 0.025952760387584872, 0.025952760385119844]}, "7": {"maxiter": 500, "fatol": 1e-10, "xatol": 1e-10, "duration": 0.2450871467590332, "fun": "0.025952760384710172", "nit": "500", "nfev": "789", "status": "2", "success": "False", "message": "Maximum number of iterations has been exceeded.", "x": "[1.46435144 4.63760714 4.90446614 0.40067889 4.609626   4.97460742]", "final_simplex": "(array([[1.46435144, 4.63760714, 4.90446614, 0.40067889, 4.609626  ,\n        4.97460742],\n       [1.46434983, 4.63760938, 4.90446592, 0.4006753 , 4.60963286,\n        4.9745993 ],\n       [1.46435065, 4.63760755, 4.90446627, 0.40067616, 4.60962917,\n        4.97460387],\n       [1.46434765, 4.63761144, 4.90446489, 0.40067467, 4.60963175,\n        4.97459985],\n       [1.46435045, 4.6376084 , 4.90446498, 0.40067683, 4.60962883,\n        4.97460401],\n       [1.46435132, 4.63760739, 4.90446596, 0.40067748, 4.60962804,\n        4.97460383],\n       [1.46435231, 4.63760409, 4.90446647, 0.40068257, 4.6096213 ,\n        4.97461243]]), array([0.02595276, 0.02595276, 0.02595276, 0.02595276, 0.02595276,\n       0.02595276, 0.02595276]))", "callback": [0.34761678068395807, 0.22784631963638768, 0.21699244672311457, 0.20932674703160015, 0.2063708006985301, 0.20542092368052745, 0.20456367433492761, 0.20300003317573756, 0.20190722720278031, 0.2009538379570267, 0.19944236645392233, 0.19848035548846288, 0.19816205708107248, 0.19804354285236814, 0.19795410083428933, 0.19783710226557627, 0.197554421907983, 0.197088585079083, 0.19492654177015212, 0.1890108848750922, 0.17776199609386212, 0.1687292564627223, 0.1507226922290711, 0.1374943160538965, 0.09965052452656309, 0.05851077349228506, 0.041261818587035926, 0.041261818587035926, 0.04002007345730152, 0.03817242154308231, 0.036471306538939596, 0.03401832393950899, 0.03228813451770374, 0.030482382794695617, 0.028604514258442126, 0.026629642082652838, 0.02621606173278579, 0.025979683240410667, 0.025979683240410667, 0.025954840270752455, 0.025953397995467253, 0.02595293226444828, 0.025952780744615822, 0.02595276484624054, 0.025952760965664123, 0.02595276068452157, 0.025952760456774304, 0.02595276040145289, 0.025952760387584872, 0.025952760385119844]}, "8": {"maxiter": 1000, "fatol": 1e-05, "xatol": 1e-05, "duration": 0.25063490867614746, "fun": "0.025952760384710172", "nit": "499", "nfev": "788", "status": "0", "success": "True", "message": "Optimization terminated successfully.", "x": "[1.46435144 4.63760714 4.90446614 0.40067889 4.609626   4.97460742]", "final_simplex": "(array([[1.46435144, 4.63760714, 4.90446614, 0.40067889, 4.609626  ,\n        4.97460742],\n       [1.46434983, 4.63760938, 4.90446592, 0.4006753 , 4.60963286,\n        4.9745993 ],\n       [1.46434765, 4.63761144, 4.90446489, 0.40067467, 4.60963175,\n        4.97459985],\n       [1.46435045, 4.6376084 , 4.90446498, 0.40067683, 4.60962883,\n        4.97460401],\n       [1.46435132, 4.63760739, 4.90446596, 0.40067748, 4.60962804,\n        4.97460383],\n       [1.46435231, 4.63760409, 4.90446647, 0.40068257, 4.6096213 ,\n        4.97461243],\n       [1.46435035, 4.6376084 , 4.90446519, 0.40067909, 4.6096271 ,\n        4.97460508]]), array([0.02595276, 0.02595276, 0.02595276, 0.02595276, 0.02595276,\n       0.02595276, 0.02595276]))", "callback": [0.34761678068395807, 0.22784631963638768, 0.21699244672311457, 0.20932674703160015, 0.2063708006985301, 0.20542092368052745, 0.20456367433492761, 0.20300003317573756, 0.20190722720278031, 0.2009538379570267, 0.19944236645392233, 0.19848035548846288, 0.19816205708107248, 0.19804354285236814, 0.19795410083428933, 0.19783710226557627, 0.197554421907983, 0.197088585079083, 0.19492654177015212, 0.1890108848750922, 0.17776199609386212, 0.1687292564627223, 0.1507226922290711, 0.1374943160538965, 0.09965052452656309, 0.05851077349228506, 0.041261818587035926, 0.041261818587035926, 0.04002007345730152, 0.03817242154308231, 0.036471306538939596, 0.03401832393950899, 0.03228813451770374, 0.030482382794695617, 0.028604514258442126, 0.026629642082652838, 0.02621606173278579, 0.025979683240410667, 0.025979683240410667, 0.025954840270752455, 0.025953397995467253, 0.02595293226444828, 0.025952780744615822, 0.02595276484624054, 0.025952760965664123, 0.02595276068452157, 0.025952760456774304, 0.02595276040145289, 0.025952760387584872, 0.025952760385119844]}, "9": {"maxiter": 1000, "fatol": 1e-05, "xatol": 1e-10, "duration": 0.3212602138519287, "fun": "0.025952760384526763", "nit": "600", "nfev": "1013", "status": "0", "success": "True", "message": "Optimization terminated successfully.", "x": "[1.46434799 4.63761146 4.9044656  0.40067519 4.60963163 4.97460064]", "final_simplex": "(array([[1.46434799, 4.63761146, 4.9044656 , 0.40067519, 4.60963163,\n        4.97460064],\n       [1.46434799, 4.63761146, 4.9044656 , 0.40067519, 4.60963163,\n        4.97460064],\n       [1.46434799, 4.63761146, 4.9044656 , 0.40067519, 4.60963163,\n        4.97460064],\n       [1.46434799, 4.63761146, 4.9044656 , 0.40067519, 4.60963163,\n        4.97460064],\n       [1.46434799, 4.63761146, 4.9044656 , 0.40067519, 4.60963163,\n        4.97460064],\n       [1.46434799, 4.63761146, 4.9044656 , 0.40067519, 4.60963163,\n        4.97460064],\n       [1.46434799, 4.63761146, 4.9044656 , 0.40067519, 4.60963163,\n        4.97460064]]), array([0.02595276, 0.02595276, 0.02595276, 0.02595276, 0.02595276,\n       0.02595276, 0.02595276]))", "callback": [0.34761678068395807, 0.22784631963638768, 0.21699244672311457, 0.20932674703160015, 0.2063708006985301, 0.20542092368052745, 0.20456367433492761, 0.20300003317573756, 0.20190722720278031, 0.2009538379570267, 0.19944236645392233, 0.19848035548846288, 0.19816205708107248, 0.19804354285236814, 0.19795410083428933, 0.19783710226557627, 0.197554421907983, 0.197088585079083, 0.19492654177015212, 0.1890108848750922, 0.17776199609386212, 0.1687292564627223, 0.1507226922290711, 0.1374943160538965, 0.09965052452656309, 0.05851077349228506, 0.041261818587035926, 0.041261818587035926, 0.04002007345730152, 0.03817242154308231, 0.036471306538939596, 0.03401832393950899, 0.03228813451770374, 0.030482382794695617, 0.028604514258442126, 0.026629642082652838, 0.02621606173278579, 0.025979683240410667, 0.025979683240410667, 0.025954840270752455, 0.025953397995467253, 0.02595293226444828, 0.025952780744615822, 0.02595276484624054, 0.025952760965664123, 0.02595276068452157, 0.025952760456774304, 0.02595276040145289, 0.025952760387584872, 0.025952760385119844, 0.025952760384700513, 0.025952760384574725, 0.02595276038454042, 0.02595276038452965, 0.02595276038452865, 0.025952760384527318, 0.025952760384527318, 0.025952760384526985, 0.025952760384526985, 0.025952760384526763]}, "10": {"maxiter": 1000, "fatol": 1e-10, "xatol": 1e-05, "duration": 0.24837827682495117, "fun": "0.025952760384710172", "nit": "499", "nfev": "788", "status": "0", "success": "True", "message": "Optimization terminated successfully.", "x": "[1.46435144 4.63760714 4.90446614 0.40067889 4.609626   4.97460742]", "final_simplex": "(array([[1.46435144, 4.63760714, 4.90446614, 0.40067889, 4.609626  ,\n        4.97460742],\n       [1.46434983, 4.63760938, 4.90446592, 0.4006753 , 4.60963286,\n        4.9745993 ],\n       [1.46434765, 4.63761144, 4.90446489, 0.40067467, 4.60963175,\n        4.97459985],\n       [1.46435045, 4.6376084 , 4.90446498, 0.40067683, 4.60962883,\n        4.97460401],\n       [1.46435132, 4.63760739, 4.90446596, 0.40067748, 4.60962804,\n        4.97460383],\n       [1.46435231, 4.63760409, 4.90446647, 0.40068257, 4.6096213 ,\n        4.97461243],\n       [1.46435035, 4.6376084 , 4.90446519, 0.40067909, 4.6096271 ,\n        4.97460508]]), array([0.02595276, 0.02595276, 0.02595276, 0.02595276, 0.02595276,\n       0.02595276, 0.02595276]))", "callback": [0.34761678068395807, 0.22784631963638768, 0.21699244672311457, 0.20932674703160015, 0.2063708006985301, 0.20542092368052745, 0.20456367433492761, 0.20300003317573756, 0.20190722720278031, 0.2009538379570267, 0.19944236645392233, 0.19848035548846288, 0.19816205708107248, 0.19804354285236814, 0.19795410083428933, 0.19783710226557627, 0.197554421907983, 0.197088585079083, 0.19492654177015212, 0.1890108848750922, 0.17776199609386212, 0.1687292564627223, 0.1507226922290711, 0.1374943160538965, 0.09965052452656309, 0.05851077349228506, 0.041261818587035926, 0.041261818587035926, 0.04002007345730152, 0.03817242154308231, 0.036471306538939596, 0.03401832393950899, 0.03228813451770374, 0.030482382794695617, 0.028604514258442126, 0.026629642082652838, 0.02621606173278579, 0.025979683240410667, 0.025979683240410667, 0.025954840270752455, 0.025953397995467253, 0.02595293226444828, 0.025952780744615822, 0.02595276484624054, 0.025952760965664123, 0.02595276068452157, 0.025952760456774304, 0.02595276040145289, 0.025952760387584872, 0.025952760385119844]}, "11": {"maxiter": 1000, "fatol": 1e-10, "xatol": 1e-10, "duration": 0.31086277961730957, "fun": "0.025952760384526763", "nit": "600", "nfev": "1013", "status": "0", "success": "True", "message": "Optimization terminated successfully.", "x": "[1.46434799 4.63761146 4.9044656  0.40067519 4.60963163 4.97460064]", "final_simplex": "(array([[1.46434799, 4.63761146, 4.9044656 , 0.40067519, 4.60963163,\n        4.97460064],\n       [1.46434799, 4.63761146, 4.9044656 , 0.40067519, 4.60963163,\n        4.97460064],\n       [1.46434799, 4.63761146, 4.9044656 , 0.40067519, 4.60963163,\n        4.97460064],\n       [1.46434799, 4.63761146, 4.9044656 , 0.40067519, 4.60963163,\n        4.97460064],\n       [1.46434799, 4.63761146, 4.9044656 , 0.40067519, 4.60963163,\n        4.97460064],\n       [1.46434799, 4.63761146, 4.9044656 , 0.40067519, 4.60963163,\n        4.97460064],\n       [1.46434799, 4.63761146, 4.9044656 , 0.40067519, 4.60963163,\n        4.97460064]]), array([0.02595276, 0.02595276, 0.02595276, 0.02595276, 0.02595276,\n       0.02595276, 0.02595276]))", "callback": [0.34761678068395807, 0.22784631963638768, 0.21699244672311457, 0.20932674703160015, 0.2063708006985301, 0.20542092368052745, 0.20456367433492761, 0.20300003317573756, 0.20190722720278031, 0.2009538379570267, 0.19944236645392233, 0.19848035548846288, 0.19816205708107248, 0.19804354285236814, 0.19795410083428933, 0.19783710226557627, 0.197554421907983, 0.197088585079083, 0.19492654177015212, 0.1890108848750922, 0.17776199609386212, 0.1687292564627223, 0.1507226922290711, 0.1374943160538965, 0.09965052452656309, 0.05851077349228506, 0.041261818587035926, 0.041261818587035926, 0.04002007345730152, 0.03817242154308231, 0.036471306538939596, 0.03401832393950899, 0.03228813451770374, 0.030482382794695617, 0.028604514258442126, 0.026629642082652838, 0.02621606173278579, 0.025979683240410667, 0.025979683240410667, 0.025954840270752455, 0.025953397995467253, 0.02595293226444828, 0.025952780744615822, 0.02595276484624054, 0.025952760965664123, 0.02595276068452157, 0.025952760456774304, 0.02595276040145289, 0.025952760387584872, 0.025952760385119844, 0.025952760384700513, 0.025952760384574725, 0.02595276038454042, 0.02595276038452965, 0.02595276038452865, 0.025952760384527318, 0.025952760384527318, 0.025952760384526985, 0.025952760384526985, 0.025952760384526763]}}, "bfgs": {"type": "gradient", "0": {"maxiter": 100, "gtol": 1e-05, "xrtol": 1e-05, "eps": 1e-05, "duration": 0.03957700729370117, "fun": "0.02595276042598793", "jac": "[-1.49857904e-07 -8.78519479e-07 -7.17981230e-07  1.57207580e-06\n  3.36397576e-07  1.58062452e-06]", "hess_inv": "[[ 3.33417448 -3.18517425  1.64289711  1.42007643  3.18055118 -2.77829866]\n [-3.18517425 11.61876095 -5.75261444 -4.86788405 -8.27582232  9.25843772]\n [ 1.64289711 -5.75261444  4.97363707  2.27033793  5.02727905 -5.76058068]\n [ 1.42007643 -4.86788405  2.27033793  6.12482227  2.26558259 -3.16340198]\n [ 3.18055118 -8.27582232  5.02727905  2.26558259  8.70714999 -8.02525903]\n [-2.77829866  9.25843772 -5.76058068 -3.16340198 -8.02525903  9.82780056]]", "nfev": "126", "njev": "18", "status": "0", "success": "True", "message": "Optimization terminated successfully.", "x": "[1.10474744 5.33201422 4.65629999 0.50903466 6.49442467 3.00172375]", "nit": "17", "callback": [0.29143849613532, 0.17778464897584845, 0.11734150931639786, 0.038864629476825785, 0.03510773333603301, 0.033689929674597496, 0.031395624276628786, 0.028400705270029247, 0.026650509490382612, 0.025963997188058974, 0.02595467521081507, 0.02595355703645219, 0.025953188497267687, 0.025952916739920173, 0.025952781395614632, 0.025952761401557445, 0.02595276042598793]}, "1": {"maxiter": 100, "gtol": 1e-05, "xrtol": 1e-05, "eps": 1e-10, "duration": 0.042283058166503906, "fun": "0.025952760654219365", "jac": "[-8.88178346e-06 -1.11022293e-06 -4.44089173e-06 -3.33066880e-06\n -7.77156053e-06 -3.33066880e-06]", "hess_inv": "[[  3.57494387  -4.11429548   1.98125317   1.67247603   3.94719902\n   -3.50176259]\n [ -4.11429548  13.64898325  -6.78588096  -5.68231847 -10.10306802\n   10.93531096]\n [  1.98125317  -6.78588096   5.39874822   2.5605253    5.91793811\n   -6.59095549]\n [  1.67247603  -5.68231847   2.5605253    6.33347591   2.96456863\n   -3.80256644]\n [  3.94719902 -10.10306802   5.91793811   2.96456863  10.31843536\n   -9.51980693]\n [ -3.50176259  10.93531096  -6.59095549  -3.80256644  -9.51980693\n   11.20623843]]", "nfev": "126", "njev": "18", "status": "0", "success": "True", "message": "Optimization terminated successfully.", "x": "[1.10472127 5.33206434 4.65627355 0.50900992 6.49438534 3.00176045]", "nit": "17", "callback": [0.29143850260466175, 0.17778328365476515, 0.11734083876677825, 0.03886474397193884, 0.03510773384970445, 0.03368988249542482, 0.031395690030540546, 0.028400729541072423, 0.026650579352096915, 0.02596397618936419, 0.0259546730041208, 0.025953562648883377, 0.02595318917145062, 0.025952923142799955, 0.025952781406526793, 0.02595276181225703, 0.025952760654219365]}, "2": {"maxiter": 100, "gtol": 1e-05, "xrtol": 1e-10, "eps": 1e-05, "duration": 0.04036593437194824, "fun": "0.02595276042598793", "jac": "[-1.49857904e-07 -8.78519479e-07 -7.17981230e-07  1.57207580e-06\n  3.36397576e-07  1.58062452e-06]", "hess_inv": "[[ 3.33417448 -3.18517425  1.64289711  1.42007643  3.18055118 -2.77829866]\n [-3.18517425 11.61876095 -5.75261444 -4.86788405 -8.27582232  9.25843772]\n [ 1.64289711 -5.75261444  4.97363707  2.27033793  5.02727905 -5.76058068]\n [ 1.42007643 -4.86788405  2.27033793  6.12482227  2.26558259 -3.16340198]\n [ 3.18055118 -8.27582232  5.02727905  2.26558259  8.70714999 -8.02525903]\n [-2.77829866  9.25843772 -5.76058068 -3.16340198 -8.02525903  9.82780056]]", "nfev": "126", "njev": "18", "status": "0", "success": "True", "message": "Optimization terminated successfully.", "x": "[1.10474744 5.33201422 4.65629999 0.50903466 6.49442467 3.00172375]", "nit": "17", "callback": [0.29143849613532, 0.17778464897584845, 0.11734150931639786, 0.038864629476825785, 0.03510773333603301, 0.033689929674597496, 0.031395624276628786, 0.028400705270029247, 0.026650509490382612, 0.025963997188058974, 0.02595467521081507, 0.02595355703645219, 0.025953188497267687, 0.025952916739920173, 0.025952781395614632, 0.025952761401557445, 0.02595276042598793]}, "3": {"maxiter": 100, "gtol": 1e-05, "xrtol": 1e-10, "eps": 1e-10, "duration": 0.04077315330505371, "fun": "0.025952760654219365", "jac": "[-8.88178346e-06 -1.11022293e-06 -4.44089173e-06 -3.33066880e-06\n -7.77156053e-06 -3.33066880e-06]", "hess_inv": "[[  3.57494387  -4.11429548   1.98125317   1.67247603   3.94719902\n   -3.50176259]\n [ -4.11429548  13.64898325  -6.78588096  -5.68231847 -10.10306802\n   10.93531096]\n [  1.98125317  -6.78588096   5.39874822   2.5605253    5.91793811\n   -6.59095549]\n [  1.67247603  -5.68231847   2.5605253    6.33347591   2.96456863\n   -3.80256644]\n [  3.94719902 -10.10306802   5.91793811   2.96456863  10.31843536\n   -9.51980693]\n [ -3.50176259  10.93531096  -6.59095549  -3.80256644  -9.51980693\n   11.20623843]]", "nfev": "126", "njev": "18", "status": "0", "success": "True", "message": "Optimization terminated successfully.", "x": "[1.10472127 5.33206434 4.65627355 0.50900992 6.49438534 3.00176045]", "nit": "17", "callback": [0.29143850260466175, 0.17778328365476515, 0.11734083876677825, 0.03886474397193884, 0.03510773384970445, 0.03368988249542482, 0.031395690030540546, 0.028400729541072423, 0.026650579352096915, 0.02596397618936419, 0.0259546730041208, 0.025953562648883377, 0.02595318917145062, 0.025952923142799955, 0.025952781406526793, 0.02595276181225703, 0.025952760654219365]}, "4": {"maxiter": 100, "gtol": 1e-10, "xrtol": 1e-05, "eps": 1e-05, "duration": 0.03933310508728027, "fun": "0.025952760415205445", "jac": "[ 7.64943664e-08 -1.14086518e-07  1.22224453e-07  4.44089210e-11\n -1.17583721e-07  1.86828331e-07]", "hess_inv": "[[ 3.32213421 -3.12972465  1.60457601  1.44694282  3.11304693 -2.70244232]\n [-3.12972465 11.3765301  -5.54804414 -5.07359138 -7.93192861  8.86266968]\n [ 1.60457601 -5.54804414  4.91174211  2.18052377  4.88303428 -5.6184327 ]\n [ 1.44694282 -5.07359138  2.18052377  6.57656777  2.21014654 -3.04289949]\n [ 3.11304693 -7.93192861  4.88303428  2.21014654  8.4116682  -7.71665879]\n [-2.70244232  8.86266968 -5.6184327  -3.04289949 -7.71665879  9.51398037]]", "nfev": "133", "njev": "19", "status": "0", "success": "True", "message": "Optimization terminated successfully.", "x": "[1.10474729 5.3320164  4.65630269 0.50902571 6.49442757 3.00171944]", "nit": "18", "callback": [0.29143849613532, 0.17778464897584845, 0.11734150931639786, 0.038864629476825785, 0.03510773333603301, 0.033689929674597496, 0.031395624276628786, 0.028400705270029247, 0.026650509490382612, 0.025963997188058974, 0.02595467521081507, 0.02595355703645219, 0.025953188497267687, 0.025952916739920173, 0.025952781395614632, 0.025952761401557445, 0.02595276042598793, 0.025952760415205445]}, "5": {"maxiter": 100, "gtol": 1e-10, "xrtol": 1e-05, "eps": 1e-10, "duration": 0.05485701560974121, "fun": "0.025952760388111784", "jac": "[ 0.00000000e+00 -2.22044587e-06  1.11022293e-06  4.44089173e-06\n  2.22044587e-06  2.22044587e-06]", "hess_inv": "[[ 2.26694578 -0.9000341   0.18612994  0.09151196  1.22518414 -0.75688859]\n [-0.9000341   6.54990652 -2.59238333 -2.44352449 -3.69391251  4.65340862]\n [ 0.18612994 -2.59238333  3.03063012  0.52580984  2.2849696  -2.99655817]\n [ 0.09151196 -2.44352449  0.52580984  4.9913292  -0.12934315 -0.80664553]\n [ 1.22518414 -3.69391251  2.2849696  -0.12934315  4.7711941  -4.00384018]\n [-0.75688859  4.65340862 -2.99655817 -0.80664553 -4.00384018  5.77424484]]", "nfev": "147", "njev": "21", "status": "0", "success": "True", "message": "Optimization terminated successfully.", "x": "[1.10475556 5.3320075  4.65630878 0.50903413 6.4944439  3.00170998]", "nit": "19", "callback": [0.29143850260466175, 0.17778328365476515, 0.11734083876677825, 0.03886474397193884, 0.03510773384970445, 0.03368988249542482, 0.031395690030540546, 0.028400729541072423, 0.026650579352096915, 0.02596397618936419, 0.0259546730041208, 0.025953562648883377, 0.02595318917145062, 0.025952923142799955, 0.025952781406526793, 0.02595276181225703, 0.025952760654219365, 0.02595276038973937, 0.025952760388111784]}, "6": {"maxiter": 100, "gtol": 1e-10, "xrtol": 1e-10, "eps": 1e-05, "duration": 0.11828303337097168, "fun": "0.02595276041435368", "jac": "[-2.87325719e-08 -2.60591548e-07  3.37618822e-08 -4.01234601e-07\n -5.95745675e-08 -1.49513735e-07]", "hess_inv": "[[  8.30143067 -16.82317465   7.76405004 -11.15490244 -17.77949039\n   20.88823429]\n [-16.82317465  48.58926655 -22.09871617  29.72673377  51.58634468\n  -58.33624055]\n [  7.76405004 -22.09871617  12.15376797 -13.45763757 -22.85116216\n   25.70123969]\n [-11.15490244  29.72673377 -13.45763757  38.27224662  54.59821199\n  -62.21586151]\n [-17.77949039  51.58634468 -22.85116216  54.59821199  86.30864797\n  -95.67949826]\n [ 20.88823429 -58.33624055  25.70123969 -62.21586151 -95.67949826\n  108.84128119]]", "nfev": "306", "njev": "42", "status": "2", "success": "False", "message": "Desired error not necessarily achieved due to precision loss.", "x": "[1.10474631 5.33201854 4.65630204 0.50902826 6.49443454 3.00171156]", "nit": "23", "callback": [0.29143849613532, 0.17778464897584845, 0.11734150931639786, 0.038864629476825785, 0.03510773333603301, 0.033689929674597496, 0.031395624276628786, 0.028400705270029247, 0.026650509490382612, 0.025963997188058974, 0.02595467521081507, 0.02595355703645219, 0.025953188497267687, 0.025952916739920173, 0.025952781395614632, 0.025952761401557445, 0.02595276042598793, 0.025952760415205445, 0.025952760414866383, 0.025952760414668985, 0.02595276041446204, 0.025952760414381548, 0.02595276041435368]}, "7": {"maxiter": 100, "gtol": 1e-10, "xrtol": 1e-10, "eps": 1e-10, "duration": 0.08624100685119629, "fun": "0.025952760388111784", "jac": "[ 0.00000000e+00 -2.22044587e-06  1.11022293e-06  3.33066880e-06\n  2.22044587e-06  4.44089173e-06]", "hess_inv": "[[  2.75810603  -4.47212975   1.52593406   3.68278704   2.83090623\n   -2.55673155]\n [ -4.47212975  24.82559314 -10.76232645 -17.34481342 -14.08942506\n   16.44359475]\n [  1.52593406 -10.76232645   6.36372524   8.03002431   6.40303411\n   -7.64065339]\n [  3.68278704 -17.34481342   8.03002431  14.91610847   9.74384233\n  -12.07427423]\n [  2.83090623 -14.08942506   6.40303411   9.74384233   9.80715923\n   -9.67158275]\n [ -2.55673155  16.44359475  -7.64065339 -12.07427423  -9.67158275\n   12.15044903]]", "nfev": "231", "njev": "33", "status": "0", "success": "True", "message": "Optimization terminated successfully.", "x": "[1.10475556 5.3320075  4.65630878 0.50903413 6.4944439  3.00170998]", "nit": "20", "callback": [0.29143850260466175, 0.17778328365476515, 0.11734083876677825, 0.03886474397193884, 0.03510773384970445, 0.03368988249542482, 0.031395690030540546, 0.028400729541072423, 0.026650579352096915, 0.02596397618936419, 0.0259546730041208, 0.025953562648883377, 0.02595318917145062, 0.025952923142799955, 0.025952781406526793, 0.02595276181225703, 0.025952760654219365, 0.02595276038973937, 0.025952760388111784, 0.025952760388111784]}, "8": {"maxiter": 500, "gtol": 1e-05, "xrtol": 1e-05, "eps": 1e-05, "duration": 0.04298686981201172, "fun": "0.02595276042598793", "jac": "[-1.49857904e-07 -8.78519479e-07 -7.17981230e-07  1.57207580e-06\n  3.36397576e-07  1.58062452e-06]", "hess_inv": "[[ 3.33417448 -3.18517425  1.64289711  1.42007643  3.18055118 -2.77829866]\n [-3.18517425 11.61876095 -5.75261444 -4.86788405 -8.27582232  9.25843772]\n [ 1.64289711 -5.75261444  4.97363707  2.27033793  5.02727905 -5.76058068]\n [ 1.42007643 -4.86788405  2.27033793  6.12482227  2.26558259 -3.16340198]\n [ 3.18055118 -8.27582232  5.02727905  2.26558259  8.70714999 -8.02525903]\n [-2.77829866  9.25843772 -5.76058068 -3.16340198 -8.02525903  9.82780056]]", "nfev": "126", "njev": "18", "status": "0", "success": "True", "message": "Optimization terminated successfully.", "x": "[1.10474744 5.33201422 4.65629999 0.50903466 6.49442467 3.00172375]", "nit": "17", "callback": [0.29143849613532, 0.17778464897584845, 0.11734150931639786, 0.038864629476825785, 0.03510773333603301, 0.033689929674597496, 0.031395624276628786, 0.028400705270029247, 0.026650509490382612, 0.025963997188058974, 0.02595467521081507, 0.02595355703645219, 0.025953188497267687, 0.025952916739920173, 0.025952781395614632, 0.025952761401557445, 0.02595276042598793]}, "9": {"maxiter": 500, "gtol": 1e-05, "xrtol": 1e-05, "eps": 1e-10, "duration": 0.05149507522583008, "fun": "0.025952760654219365", "jac": "[-8.88178346e-06 -1.11022293e-06 -4.44089173e-06 -3.33066880e-06\n -7.77156053e-06 -3.33066880e-06]", "hess_inv": "[[  3.57494387  -4.11429548   1.98125317   1.67247603   3.94719902\n   -3.50176259]\n [ -4.11429548  13.64898325  -6.78588096  -5.68231847 -10.10306802\n   10.93531096]\n [  1.98125317  -6.78588096   5.39874822   2.5605253    5.91793811\n   -6.59095549]\n [  1.67247603  -5.68231847   2.5605253    6.33347591   2.96456863\n   -3.80256644]\n [  3.94719902 -10.10306802   5.91793811   2.96456863  10.31843536\n   -9.51980693]\n [ -3.50176259  10.93531096  -6.59095549  -3.80256644  -9.51980693\n   11.20623843]]", "nfev": "126", "njev": "18", "status": "0", "success": "True", "message": "Optimization terminated successfully.", "x": "[1.10472127 5.33206434 4.65627355 0.50900992 6.49438534 3.00176045]", "nit": "17", "callback": [0.29143850260466175, 0.17778328365476515, 0.11734083876677825, 0.03886474397193884, 0.03510773384970445, 0.03368988249542482, 0.031395690030540546, 0.028400729541072423, 0.026650579352096915, 0.02596397618936419, 0.0259546730041208, 0.025953562648883377, 0.02595318917145062, 0.025952923142799955, 0.025952781406526793, 0.02595276181225703, 0.025952760654219365]}, "10": {"maxiter": 500, "gtol": 1e-05, "xrtol": 1e-10, "eps": 1e-05, "duration": 0.037513017654418945, "fun": "0.02595276042598793", "jac": "[-1.49857904e-07 -8.78519479e-07 -7.17981230e-07  1.57207580e-06\n  3.36397576e-07  1.58062452e-06]", "hess_inv": "[[ 3.33417448 -3.18517425  1.64289711  1.42007643  3.18055118 -2.77829866]\n [-3.18517425 11.61876095 -5.75261444 -4.86788405 -8.27582232  9.25843772]\n [ 1.64289711 -5.75261444  4.97363707  2.27033793  5.02727905 -5.76058068]\n [ 1.42007643 -4.86788405  2.27033793  6.12482227  2.26558259 -3.16340198]\n [ 3.18055118 -8.27582232  5.02727905  2.26558259  8.70714999 -8.02525903]\n [-2.77829866  9.25843772 -5.76058068 -3.16340198 -8.02525903  9.82780056]]", "nfev": "126", "njev": "18", "status": "0", "success": "True", "message": "Optimization terminated successfully.", "x": "[1.10474744 5.33201422 4.65629999 0.50903466 6.49442467 3.00172375]", "nit": "17", "callback": [0.29143849613532, 0.17778464897584845, 0.11734150931639786, 0.038864629476825785, 0.03510773333603301, 0.033689929674597496, 0.031395624276628786, 0.028400705270029247, 0.026650509490382612, 0.025963997188058974, 0.02595467521081507, 0.02595355703645219, 0.025953188497267687, 0.025952916739920173, 0.025952781395614632, 0.025952761401557445, 0.02595276042598793]}, "11": {"maxiter": 500, "gtol": 1e-05, "xrtol": 1e-10, "eps": 1e-10, "duration": 0.037580013275146484, "fun": "0.025952760654219365", "jac": "[-8.88178346e-06 -1.11022293e-06 -4.44089173e-06 -3.33066880e-06\n -7.77156053e-06 -3.33066880e-06]", "hess_inv": "[[  3.57494387  -4.11429548   1.98125317   1.67247603   3.94719902\n   -3.50176259]\n [ -4.11429548  13.64898325  -6.78588096  -5.68231847 -10.10306802\n   10.93531096]\n [  1.98125317  -6.78588096   5.39874822   2.5605253    5.91793811\n   -6.59095549]\n [  1.67247603  -5.68231847   2.5605253    6.33347591   2.96456863\n   -3.80256644]\n [  3.94719902 -10.10306802   5.91793811   2.96456863  10.31843536\n   -9.51980693]\n [ -3.50176259  10.93531096  -6.59095549  -3.80256644  -9.51980693\n   11.20623843]]", "nfev": "126", "njev": "18", "status": "0", "success": "True", "message": "Optimization terminated successfully.", "x": "[1.10472127 5.33206434 4.65627355 0.50900992 6.49438534 3.00176045]", "nit": "17", "callback": [0.29143850260466175, 0.17778328365476515, 0.11734083876677825, 0.03886474397193884, 0.03510773384970445, 0.03368988249542482, 0.031395690030540546, 0.028400729541072423, 0.026650579352096915, 0.02596397618936419, 0.0259546730041208, 0.025953562648883377, 0.02595318917145062, 0.025952923142799955, 0.025952781406526793, 0.02595276181225703, 0.0259